Data/DataNotYetUploadedToEDI/Raw_CTD/RawDownloads/052826_ccr50_S8188003.cnv
* Sea-Bird SBE19plus  Data File:
* FileName = C:\R\Reservoirs\Data\DataNotYetUploadedToEDI\Raw_CTD\RawDownloads\062526_ccr50_S8188_0003.hex
* Software version 2.8.0.119
* Temperature SN = 8188
* Conductivity SN = 8188
* System UpLoad Time = Jun 29 2026 18:07:54
* <ApplicationData>
* <Seaterm232>
# nquan = 16
# nvalues = 2889                        
# units = specified
# name 0 = depFM: Depth [fresh water, m]
# name 1 = dz/dtM: Descent Rate [m/s]
# name 2 = sbeox0Mg/L: Oxygen, SBE 43 [mg/l]
# name 3 = sbeox0PS: Oxygen, SBE 43 [% saturation]
# name 4 = specc: Specific Conductance [uS/cm]
# name 5 = c0uS/cm: Conductivity [uS/cm]
# name 6 = wetCDOM: Fluorescence, WET Labs CDOM [mg/m^3]
# name 7 = flECO-AFL: Fluorescence, WET Labs ECO-AFL/FL [mg/m^3]
# name 8 = flECO-AFL1: Fluorescence, WET Labs ECO-AFL/FL, 2 [mg/m^3]
# name 9 = flECO-AFL2: Fluorescence, WET Labs ECO-AFL/FL, 3 [mg/m^3]
# name 10 = par/sat/log: PAR/Logarithmic, Satlantic
# name 11 = turbWETntu0: Turbidity, WET Labs ECO [NTU]
# name 12 = prdM: Pressure, Strain Gauge [db]
# name 13 = prdE: Pressure, Strain Gauge [psi]
# name 14 = tv290C: Temperature [ITS-90, deg C]
# name 15 = flag:  0.000e+00
# span 0 =     -0.481,     17.126       
# span 1 =     -0.472,      0.173       
# span 2 =     0.1352,     9.3849       
# span 3 =      1.209,    101.251       
# span 4 =   -655.316,    165.142       
# span 5 =-477.622404, 140.896813       
# span 6 =    -4.5000,    21.4200       
# span 7 =    -3.1380,   245.1606       
# span 8 =    -5.3250,     3.4080       
# span 9 =    -5.7528,     6.0489       
# span 10 = 1.1587e-01, 4.1369e+03      
# span 11 =    -7.1981,   971.1096      
# span 12 =     -0.472,     16.795      
# span 13 =     -0.684,     24.359      
# span 14 =    10.3373,    23.6132      
# span 15 = 0.0000e+00, 0.0000e+00      
# interval = seconds: 0.25
# start_time = May 28 2026 10:43:45 [Instrument's time stamp, header]
# bad_flag = -9.990e-29
*END*
[from data line 995]
      3.349      0.028     6.0010     69.941    146.887 139.958799     9.6300     0.5394     0.0426     0.1269 1.8323e+02    -0.0678      3.284      4.764    22.6839 0.0000e+00
      3.357      0.028     6.0247     69.747    146.895 139.941432     9.6300     0.5356     0.0426     0.1269 1.8280e+02    -0.0074      3.292      4.774    22.6731 0.0000e+00
      3.364      0.028     6.0394     69.454    146.905 139.931875     9.6300     0.5661     0.0426     0.1269 1.9246e+02    -0.0829      3.299      4.785    22.6604 0.0000e+00
      3.372      0.029     6.0443     69.086    146.906 139.919573     9.8100     0.5356     0.0852     0.1269 1.9054e+02    -0.0376      3.307      4.796    22.6474 0.0000e+00
      3.379      0.029     6.0387     68.666    146.909 139.913256     9.8100     0.5280     0.0852     0.1269 1.7957e+02     0.0228      3.314      4.807    22.6361 0.0000e+00
      3.386      0.028     6.0229     68.217    146.917 139.911240     9.8100     0.5089     0.0852     0.1269 1.8951e+02    -0.0376      3.321      4.817    22.6276 0.0000e+00
      3.393      0.028     5.9983     67.764    146.926 139.908983     9.8100     0.5394     0.0852     0.1269 1.8323e+02    -0.0980      3.328      4.827    22.6213 0.0000e+00
      3.401      0.028     5.9670     67.333    146.937 139.905884     9.8100     0.5432     0.0852     0.1269 1.7933e+02    -0.1736      3.335      4.837    22.6168 0.0000e+00
      3.408      0.027     5.9312     66.935    146.941 139.893105     9.8100     0.5432     0.0852     0.1269 1.9338e+02     0.0379      3.342      4.847    22.6134 0.0000e+00
      3.415      0.027     5.8928     66.568    146.946 139.887260     9.8100     0.5432     0.0852     0.1269 1.8641e+02     0.0530      3.349      4.857    22.6101 0.0000e+00
      3.421      0.027     5.8541     66.220    146.959 139.902806     9.8100     0.5432     0.0852     0.1269 1.9092e+02     0.0228      3.355      4.866    22.6065 0.0000e+00
      3.428      0.027     5.8173     65.864    146.959 139.919862     9.7200     0.5280     0.0426     0.1692 1.8407e+02    -0.1131      3.362      4.876    22.6018 0.0000e+00
      3.435      0.027     5.7835     65.482    146.949 139.938973     9.7200     0.5509     0.0426     0.1692 1.8556e+02    -0.0980      3.368      4.886    22.5964 0.0000e+00
      3.442      0.027     5.7522     65.077    146.937 139.963235     9.7200     0.5509     0.0426     0.1692 1.8383e+02    -0.0376      3.376      4.896    22.5928 0.0000e+00
      3.450      0.027     5.7220     64.671    146.912 139.973091     9.7200     0.5242     0.0426     0.1692 1.7778e+02    -0.0074      3.383      4.907    22.5938 0.0000e+00
      3.457      0.026     5.6907     64.287    146.883 139.969170     9.7200     0.5242     0.0426     0.1692 1.8224e+02    -0.0678      3.390      4.916    22.5996 0.0000e+00
      3.463      0.026     5.6566     63.948    146.842 139.946421     9.7200     0.5394     0.0852     0.1692 1.8889e+02    -0.0074      3.396      4.925    22.6095 0.0000e+00
      3.469      0.026     5.6203     63.676    146.789 139.904786     9.7200     0.5318     0.0852     0.1692 1.8399e+02    -0.0225      3.402      4.934    22.6217 0.0000e+00
      3.475      0.027     5.5841     63.480    146.758 139.875210     9.7200     0.5432     0.0852     0.1692 1.8244e+02    -0.0678      3.408      4.943    22.6329 0.0000e+00
      3.483      0.027     5.5500     63.375    146.757 139.863823     9.7200     0.5356     0.0852     0.1692 1.8624e+02    -0.0225      3.415      4.953    22.6412 0.0000e+00
      3.490      0.028     5.5202     63.373    146.782 139.867586     9.8100     0.5852     0.0852     0.1269 1.8511e+02     0.1890      3.423      4.964    22.6466 0.0000e+00
      3.497      0.028     5.4964     63.452    146.826 139.879495     9.8100     0.6119     0.0852     0.1269 1.8620e+02     0.1588      3.430      4.975    22.6497 0.0000e+00
      3.504      0.028     5.4794     63.563    146.863 139.878697     9.8100     0.5928     0.0852     0.1269 1.8000e+02     0.1890      3.437      4.985    22.6498 0.0000e+00
      3.511      0.028     5.4707     63.655    146.889 139.864975     9.8100     0.5776     0.0852     0.1269 1.8898e+02     0.1286      3.444      4.994    22.6462 0.0000e+00
      3.518      0.028     5.4713     63.698    146.908 139.842678     9.8100     0.5814     0.0426     0.2115 1.8423e+02     0.4609      3.451      5.004    22.6393 0.0000e+00
      3.526      0.027     5.4792     63.692    146.923 139.813867     9.8100     0.6081     0.0426     0.2115 1.9737e+02     0.3854      3.458      5.015    22.6292 0.0000e+00
      3.533      0.027     5.4901     63.652    146.958 139.794887     9.8100     0.5509     0.0426     0.2115 1.8459e+02     0.4760      3.465      5.025    22.6168 0.0000e+00
      3.540      0.026     5.4994     63.606    147.015 139.788682     9.8100     0.5814     0.0426     0.2115 1.8685e+02     0.3854      3.471      5.034    22.6036 0.0000e+00
      3.546      0.026     5.5045     63.579    147.070 139.777576     9.9000     0.6653     0.0426     0.2538 1.9137e+02     0.3249      3.477      5.043    22.5901 0.0000e+00
      3.552      0.026     5.5055     63.595    147.124 139.766614     9.9000     0.6462     0.0426     0.2538 1.8588e+02     0.4911      3.483      5.052    22.5752 0.0000e+00
      3.559      0.026     5.5040     63.675    147.182 139.764883     9.9000     0.6348     0.0426     0.2538 1.9549e+02     0.4458      3.490      5.061    22.5575 0.0000e+00
      3.566      0.026     5.5021     63.834    147.224 139.759903     9.9000     0.6310     0.0426     0.2538 1.8959e+02     0.4760      3.497      5.071    22.5371 0.0000e+00
      3.572      0.026     5.5020     64.065    147.253 139.754351     9.9000     0.6424     0.0426     0.2538 1.9443e+02     0.2494      3.503      5.081    22.5155 0.0000e+00
      3.579      0.026     5.5057     64.341    147.274 139.746744     9.9900     0.6310     0.0426     0.1692 1.8939e+02     0.1890      3.510      5.090    22.4942 0.0000e+00
      3.585      0.026     5.5146     64.632    147.272 139.719035     9.9900     0.6233     0.0426     0.1692 1.9927e+02     0.2041      3.516      5.099    22.4751 0.0000e+00
      3.591      0.026     5.5299     64.918    147.254 139.675848     9.9900     0.6653     0.0426     0.1692 1.8564e+02     0.1437      3.522      5.108    22.4598 0.0000e+00
      3.598      0.027     5.5512     65.199    147.243 139.633698     9.9900     0.6233     0.0426     0.1692 1.9250e+02     0.2192      3.529      5.118    22.4484 0.0000e+00
      3.605      0.028     5.5761     65.518    147.249 139.605371    10.1700     0.6310     0.0852     0.2538 1.8471e+02     0.1890      3.536      5.128    22.4392 0.0000e+00
      3.612      0.029     5.6023     65.910    147.250 139.583308    10.1700     0.6729     0.0852     0.2538 1.9075e+02     0.1890      3.543      5.138    22.4305 0.0000e+00
      3.620      0.031     5.6281     66.376    147.207 139.541601    10.1700     0.6310     0.0852     0.2538 1.9435e+02     0.1739      3.550      5.148    22.4214 0.0000e+00
      3.627      0.034     5.6536     66.926    147.149 139.495159    10.1700     0.6119     0.0852     0.2538 2.0232e+02     0.1588      3.557      5.159    22.4107 0.0000e+00
      3.636      0.036     5.6824     67.585    147.133 139.477652    10.2600     0.6310     0.0852     0.1269 1.9133e+02     0.1890      3.566      5.171    22.3992 0.0000e+00
      3.646      0.039     5.7172     68.363    147.162 139.484412    10.2600     0.6424     0.0852     0.1269 1.8503e+02     0.1588      3.575      5.185    22.3915 0.0000e+00
      3.656      0.042     5.7578     69.249    147.219 139.505227    10.2600     0.6539     0.0852     0.1269 1.9296e+02     0.1890      3.586      5.200    22.3910 0.0000e+00
      3.667      0.044     5.8051     70.220    147.292 139.531630    10.2600     0.6539     0.0852     0.1269 1.8596e+02     0.1588      3.597      5.216    22.3941 0.0000e+00
      3.679      0.045     5.8624     71.232    147.370 139.552640    10.2600     0.6157     0.0852     0.1269 1.8738e+02     0.2796      3.608      5.233    22.3932 0.0000e+00
      3.692      0.046     5.9308     72.222    147.432 139.553836    10.3500     0.6424     0.0426     0.2115 2.0018e+02     0.0983      3.621      5.251    22.3861 0.0000e+00
      3.704      0.045     6.0090     73.123    147.446 139.511504    10.3500     0.6386     0.0426     0.2115 1.8889e+02     0.1286      3.633      5.269    22.3750 0.0000e+00
      3.716      0.044     6.0950     73.865    147.435 139.448393    10.3500     0.6424     0.0426     0.2115 1.8556e+02     0.1890      3.644      5.285    22.3604 0.0000e+00
      3.727      0.043     6.1849     74.397    147.444 139.403733    10.3500     0.7073     0.0426     0.2115 1.9814e+02     0.2192      3.655      5.301    22.3425 0.0000e+00
      3.738      0.041     6.2733     74.696    147.474 139.379629    10.8000     0.6729     0.0426     0.1269 1.8572e+02     0.1739      3.665      5.316    22.3228 0.0000e+00
      3.747      0.040     6.3538     74.753    147.529 139.381662    10.8000     0.7149     0.0426     0.1269 1.9108e+02     0.2343      3.675      5.330    22.3040 0.0000e+00
      3.757      0.038     6.4204     74.569    147.589 139.388349    10.8000     0.6996     0.0426     0.1269 2.0087e+02     0.1890      3.684      5.344    22.2862 0.0000e+00
      3.767      0.037     6.4689     74.177    147.633 139.375444    10.8000     0.7073     0.0426     0.1269 1.9575e+02     0.1890      3.694      5.358    22.2683 0.0000e+00
      3.777      0.036     6.4970     73.636    147.703 139.381548    11.0700     0.7073     0.1278     0.1692 1.8519e+02     0.2494      3.704      5.372    22.2505 0.0000e+00
      3.786      0.036     6.5041     73.010    147.793 139.408286    11.0700     0.6767     0.1278     0.1692 1.9397e+02     0.1739      3.713      5.385    22.2334 0.0000e+00
      3.794      0.035     6.4901     72.337    147.849 139.412729    11.0700     0.7302     0.1278     0.1692 2.0210e+02     0.1890      3.721      5.397    22.2164 0.0000e+00
      3.803      0.034     6.4582     71.640    147.866 139.392056    11.0700     0.7836     0.1278     0.1692 1.8885e+02     0.2947      3.729      5.409    22.1979 0.0000e+00
      3.811      0.034     6.4136     70.952    147.865 139.360775    11.2500     0.7569     0.0426     0.2961 2.1408e+02     0.1890      3.738      5.421    22.1776 0.0000e+00
      3.820      0.033     6.3615     70.307    147.878 139.332571    11.2500     0.7607     0.0426     0.2961 1.8775e+02     0.1588      3.746      5.433    22.1579 0.0000e+00
      3.829      0.033     6.3048     69.728    147.927 139.321946    11.2500     0.7683     0.0426     0.2961 1.9154e+02     0.1588      3.755      5.446    22.1415 0.0000e+00
      3.837      0.032     6.2456     69.204    147.999 139.322059    11.2500     0.7378     0.0426     0.2961 1.9651e+02     0.0681      3.763      5.457    22.1294 0.0000e+00
      3.845      0.032     6.1868     68.712    148.074 139.320923    11.2500     0.7492     0.0426     0.2961 1.8094e+02     0.1134      3.770      5.468    22.1190 0.0000e+00
      3.853      0.031     6.1322     68.248    148.140 139.318231    11.3400     0.7721     0.0852     0.2115 1.8984e+02     0.1286      3.778      5.480    22.1053 0.0000e+00
      3.861      0.030     6.0839     67.820    148.188 139.317264    11.3400     0.7645     0.0852     0.2115 1.9922e+02     0.1134      3.786      5.491    22.0863 0.0000e+00
      3.869      0.029     6.0408     67.425    148.224 139.319765    11.3400     0.7797     0.0852     0.2115 1.8754e+02     0.1286      3.794      5.503    22.0633 0.0000e+00
      3.876      0.029     6.0007     67.063    148.247 139.316391    11.3400     0.7797     0.0852     0.2115 1.8499e+02     0.2192      3.801      5.513    22.0389 0.0000e+00
      3.883      0.028     5.9627     66.739    148.266 139.308245    11.5200     0.7569     0.0852     0.1692 1.9254e+02     0.1890      3.808      5.523    22.0172 0.0000e+00
      3.890      0.027     5.9271     66.459    148.294 139.303163    11.5200     0.7454     0.0852     0.1692 1.9617e+02     0.1890      3.815      5.533    22.0015 0.0000e+00
      3.896      0.026     5.8938     66.236    148.316 139.285776    11.5200     0.7797     0.0852     0.1692 1.8734e+02     0.1890      3.821      5.542    21.9911 0.0000e+00
      3.903      0.026     5.8631     66.084    148.323 139.241433    11.5200     0.7340     0.0852     0.1692 1.8066e+02     0.1890      3.828      5.552    21.9827 0.0000e+00
      3.910      0.026     5.8357     66.008    148.342 139.192347    11.5200     0.7759     0.0852     0.1692 1.9175e+02     0.1739      3.834      5.561    21.9737 0.0000e+00
      3.916      0.026     5.8125     66.003    148.400 139.167470    11.5200     0.7721     0.0852     0.1692 1.8491e+02     0.1890      3.841      5.571    21.9634 0.0000e+00
      3.923      0.026     5.7944     66.044    148.475 139.164167    11.5200     0.8141     0.0852     0.1692 1.7747e+02     0.2494      3.847      5.579    21.9505 0.0000e+00
      3.929      0.025     5.7830     66.096    148.537 139.161532    11.5200     0.8370     0.0852     0.1692 1.8475e+02     0.1286      3.853      5.588    21.9334 0.0000e+00
      3.936      0.025     5.7789     66.141    148.584 139.154856    11.5200     0.8255     0.0852     0.1692 1.8657e+02     0.2645      3.859      5.598    21.9107 0.0000e+00
      3.942      0.024     5.7814     66.187    148.627 139.146361    11.6100     0.8332     0.0852     0.1692 1.8110e+02     0.1437      3.866      5.607    21.8842 0.0000e+00
      3.949      0.024     5.7878     66.232    148.673 139.129777    11.6100     0.8446     0.0852     0.1692 1.8718e+02     0.2192      3.873      5.617    21.8591 0.0000e+00
      3.955      0.023     5.7946     66.259    148.731 139.108690    11.6100     0.8332     0.0852     0.1692 1.8552e+02     0.1890      3.878      5.625    21.8387 0.0000e+00
      3.960      0.022     5.8005     66.242    148.793 139.077473    11.6100     0.8141     0.0852     0.1692 1.8240e+02     0.1739      3.884      5.633    21.8218 0.0000e+00
      3.966      0.022     5.8064     66.159    148.859 139.035807    11.6100     0.8065     0.0852     0.1269 1.8367e+02     0.1739      3.889      5.640    21.8053 0.0000e+00
      3.971      0.021     5.8126     66.009    148.960 139.014622    11.6100     0.7988     0.0852     0.1269 1.8552e+02     0.0983      3.894      5.648    21.7853 0.0000e+00
      3.976      0.021     5.8177     65.814    149.090 139.018272    11.6100     0.8332     0.0852     0.1269 1.7825e+02     0.2192      3.899      5.656    21.7599 0.0000e+00
      3.982      0.020     5.8196     65.591    149.192 139.009683    11.6100     0.8370     0.0852     0.1269 1.7601e+02     0.3552      3.905      5.663    21.7299 0.0000e+00
      3.987      0.020     5.8162     65.353    149.251 138.984557    11.6100     0.8217     0.0852     0.2538 1.8212e+02     0.1588      3.909      5.671    21.6954 0.0000e+00
      3.991      0.020     5.8074     65.134    149.311 138.982241    11.6100     0.8446     0.0852     0.2538 1.7809e+02     0.1437      3.914      5.677    21.6567 0.0000e+00
      3.996      0.020     5.7946     64.991    149.393 139.004119    11.6100     0.8065     0.0852     0.2538 1.8011e+02     0.1437      3.919      5.684    21.6174 0.0000e+00
      4.002      0.020     5.7789     64.960    149.470 139.009976    11.6100     0.8255     0.0852     0.2538 1.8129e+02     0.1588      3.924      5.692    21.5826 0.0000e+00
      4.007      0.020     5.7609     65.040    149.533 138.995364    11.7000     0.7988     0.0852     0.1692 1.7613e+02     0.2192      3.929      5.699    21.5557 0.0000e+00
