Data/DataNotYetUploadedToEDI/Raw_CTD/RawDownloads/052825_ccr50_S8188004.cnv
* Sea-Bird SBE19plus  Data File:
* FileName = C:\R\Reservoirs\Data\DataNotYetUploadedToEDI\Raw_CTD\RawDownloads\051925_bvr50_S8188_0004.hex
* Software version 2.8.0.119
* Temperature SN = 8188
* Conductivity SN = 8188
* System UpLoad Time = May 29 2025 15:49:39
* <ApplicationData>
* <Seaterm232>
# nquan = 16
# nvalues = 3600                        
# units = specified
# name 0 = depFM: Depth [fresh water, m]
# name 1 = dz/dtM: Descent Rate [m/s]
# name 2 = sbeox0Mg/L: Oxygen, SBE 43 [mg/l]
# name 3 = sbeox0PS: Oxygen, SBE 43 [% saturation]
# name 4 = specc: Specific Conductance [uS/cm]
# name 5 = c0uS/cm: Conductivity [uS/cm]
# name 6 = wetCDOM: Fluorescence, WET Labs CDOM [mg/m^3]
# name 7 = flECO-AFL: Fluorescence, WET Labs ECO-AFL/FL [mg/m^3]
# name 8 = flECO-AFL1: Fluorescence, WET Labs ECO-AFL/FL, 2 [mg/m^3]
# name 9 = flECO-AFL2: Fluorescence, WET Labs ECO-AFL/FL, 3 [mg/m^3]
# name 10 = par/sat/log: PAR/Logarithmic, Satlantic
# name 11 = turbWETntu0: Turbidity, WET Labs ECO [NTU]
# name 12 = prdM: Pressure, Strain Gauge [db]
# name 13 = prdE: Pressure, Strain Gauge [psi]
# name 14 = tv290C: Temperature [ITS-90, deg C]
# name 15 = flag:  0.000e+00
# span 0 =     -0.455,     21.954       
# span 1 =     -0.242,      0.163       
# span 2 =    -0.0431,    11.2571       
# span 3 =     -0.374,    122.119       
# span 4 =   -707.803,    152.280       
# span 5 =-491.457842, 103.920274       
# span 6 =    -4.5000,    39.4200       
# span 7 =    -0.2731,     4.2016       
# span 8 =    -2.1300,     0.7668       
# span 9 =    -2.0304,     1.9035       
# span 10 = 1.1590e-01, 7.6422e+02      
# span 11 =    -1.6993,    96.0846      
# span 12 =     -0.446,     21.529      
# span 13 =     -0.647,     31.225      
# span 14 =     9.1141,    19.3530      
# span 15 = 0.0000e+00, 0.0000e+00      
# interval = seconds: 0.25
# start_time = May 28 2025 11:03:38 [Instrument's time stamp, header]
# bad_flag = -9.990e-29
*END*
[from data line 1989]
     13.992      0.001     8.8032     77.981    129.909  90.419526    23.9400     0.5623     0.0852     0.1269 3.2669e-01     0.7630     13.722     19.901     9.8070 0.0000e+00
     13.992      0.001     8.8143     78.025    129.928  90.428224    23.9400     0.5547     0.0852     0.1269 3.3379e-01     0.7479     13.722     19.902     9.8044 0.0000e+00
     13.992      0.001     8.8247     78.065    129.952  90.441171    23.9400     0.5928     0.0852     0.1269 3.3083e-01     0.3854     13.722     19.902     9.8022 0.0000e+00
     13.992      0.001     8.8339     78.113    129.969  90.447839    23.9400     0.5661     0.0852     0.1269 3.2776e-01     0.4005     13.722     19.902     9.8003 0.0000e+00
     13.993      0.002     8.8411     78.177    129.973  90.444012    24.0300     0.5623     0.1278     0.0846 3.1553e-01     0.4609     13.723     19.902     9.7986 0.0000e+00
     13.993      0.002     8.8464     78.263    129.968  90.432664    24.0300     0.6005     0.1278     0.0846 3.1327e-01     0.4760     13.723     19.903     9.7971 0.0000e+00
     13.994      0.003     8.8513     78.359    129.937  90.402778    24.0300     0.6005     0.1278     0.0846 3.6649e-01     0.7177     13.724     19.904     9.7955 0.0000e+00
     13.995      0.004     8.8571     78.451    129.866  90.346386    24.0300     0.5699     0.1278     0.0846 3.2513e-01     0.6573     13.725     19.905     9.7935 0.0000e+00
     13.996      0.005     8.8649     78.538    129.790  90.288398    24.0300     0.5928     0.1278     0.0846 3.1334e-01     0.6875     13.726     19.907     9.7910 0.0000e+00
     13.997      0.006     8.8752     78.615    129.759  90.263290    24.0300     0.5852     0.1278     0.0846 3.0754e-01     0.6724     13.727     19.908     9.7879 0.0000e+00
     13.999      0.007     8.8868     78.682    129.763  90.264365    24.0300     0.5814     0.1278     0.0846 3.3263e-01     0.7932     13.728     19.911     9.7848 0.0000e+00
     14.000      0.009     8.8979     78.743    129.787  90.279925    24.0300     0.5699     0.1278     0.0846 3.1307e-01     0.6875     13.730     19.913     9.7821 0.0000e+00
     14.003      0.012     8.9081     78.802    129.820  90.302134    24.0300     0.6081     0.1278     0.1269 3.2527e-01     0.6875     13.732     19.916     9.7801 0.0000e+00
     14.006      0.015     8.9172     78.864    129.836  90.312945    24.0300     0.5928     0.1278     0.1269 3.4053e-01     0.7026     13.735     19.921     9.7788 0.0000e+00
     14.010      0.020     8.9249     78.932    129.848  90.319236    24.0300     0.6005     0.1278     0.1269 3.2541e-01     0.7328     13.739     19.927     9.7780 0.0000e+00
     14.015      0.025     8.9319     79.001    129.864  90.326678    24.0300     0.6500     0.1278     0.1269 3.2711e-01     0.7781     13.744     19.934     9.7776 0.0000e+00
     14.022      0.031     8.9388     79.054    129.882  90.333263    23.9400     0.6462     0.1278     0.0846 3.1313e-01     0.6724     13.750     19.943     9.7774 0.0000e+00
     14.030      0.038     8.9458     79.089    129.895  90.334752    23.9400     0.6500     0.1278     0.0846 3.4291e-01     0.6875     13.759     19.955     9.7772 0.0000e+00
     14.040      0.044     8.9537     79.108    129.881  90.317561    23.9400     0.6233     0.1278     0.0846 3.0112e-01     0.6875     13.769     19.970     9.7765 0.0000e+00
     14.053      0.050     8.9618     79.117    129.846  90.287092    23.9400     0.6539     0.1278     0.0846 3.0727e-01     0.7177     13.781     19.988     9.7750 0.0000e+00
     14.067      0.056     8.9683     79.129    129.833  90.273172    23.9400     0.6462     0.1278     0.0846 3.0435e-01     0.7328     13.795     20.008     9.7727 0.0000e+00
     14.083      0.061     8.9728     79.165    129.859  90.288069    24.0300     0.6424     0.0852     0.0423 3.2740e-01     0.6422     13.811     20.031     9.7699 0.0000e+00
     14.100      0.065     8.9756     79.246    129.879  90.299801    24.0300     0.6539     0.0852     0.0423 3.1883e-01     0.6724     13.827     20.054     9.7670 0.0000e+00
     14.117      0.067     8.9772     79.386    129.886  90.303505    24.0300     0.7187     0.0852     0.0423 2.9077e-01     0.7479     13.844     20.079     9.7644 0.0000e+00
     14.135      0.069     8.9789     79.580    129.906  90.316150    24.0300     0.6882     0.0852     0.0423 3.0700e-01     0.7026     13.861     20.104     9.7626 0.0000e+00
     14.153      0.070     8.9832     79.803    129.910  90.317138    24.0300     0.6996     0.1278     0.2115 3.2211e-01     0.7177     13.879     20.129     9.7614 0.0000e+00
     14.171      0.072     8.9926     80.022    129.887  90.298741    24.0300     0.7149     0.1278     0.2115 3.1890e-01     0.7328     13.896     20.155     9.7608 0.0000e+00
     14.189      0.073     9.0085     80.210    129.875  90.288014    24.0300     0.7187     0.1278     0.2115 2.8310e-01     0.5213     13.914     20.181     9.7603 0.0000e+00
     14.208      0.073     9.0307     80.352    129.894  90.298077    24.0300     0.7149     0.1278     0.2115 2.7750e-01     0.8083     13.933     20.208     9.7599 0.0000e+00
     14.227      0.073     9.0562     80.447    129.924  90.315633    24.0300     0.7149     0.0852     0.2115 2.4453e-01     0.7177     13.952     20.235     9.7592 0.0000e+00
     14.246      0.073     9.0812     80.505    129.947  90.329382    24.0300     0.6729     0.0852     0.2115 2.7077e-01     0.7630     13.970     20.262     9.7582 0.0000e+00
     14.265      0.073     9.1027     80.542    129.953  90.331007    24.0300     0.7569     0.0852     0.2115 2.6191e-01     0.8083     13.989     20.289     9.7571 0.0000e+00
     14.283      0.072     9.1191     80.562    129.958  90.332925    24.0300     0.7683     0.0852     0.2115 2.8329e-01     0.7328     14.007     20.315     9.7560 0.0000e+00
     14.301      0.072     9.1301     80.568    129.985  90.349630    24.0300     0.7797     0.0852     0.2115 2.5045e-01     0.7479     14.024     20.341     9.7549 0.0000e+00
     14.319      0.072     9.1370     80.562    129.991  90.351620    24.0300     0.7607     0.1278     0.1269 2.8926e-01     0.7479     14.042     20.366     9.7539 0.0000e+00
     14.338      0.072     9.1413     80.553    129.972  90.337426    24.0300     0.7035     0.1278     0.1269 2.4790e-01     0.5213     14.061     20.393     9.7531 0.0000e+00
     14.356      0.072     9.1437     80.536    129.974  90.337223    24.0300     0.6958     0.1278     0.1269 2.4032e-01     0.4760     14.079     20.419     9.7523 0.0000e+00
     14.375      0.072     9.1446     80.495    129.983  90.342965    24.0300     0.7225     0.1278     0.1269 2.5651e-01     0.4307     14.097     20.446     9.7515 0.0000e+00
     14.393      0.072     9.1441     80.444    129.980  90.340204    24.0300     0.6844     0.1278     0.1692 2.5329e-01     0.3703     14.115     20.472     9.7509 0.0000e+00
     14.411      0.073     9.1431     80.417    129.964  90.328204    24.0300     0.7149     0.1278     0.1692 2.4785e-01     0.7026     14.133     20.497     9.7503 0.0000e+00
     14.429      0.074     9.1412     80.427    129.929  90.303764    24.0300     0.7302     0.1278     0.1692 2.6837e-01     0.7479     14.150     20.523     9.7498 0.0000e+00
     14.448      0.075     9.1367     80.470    129.885  90.272352    24.0300     0.7187     0.1278     0.1692 2.3577e-01     0.7177     14.168     20.549     9.7495 0.0000e+00
     14.467      0.076     9.1310     80.529    129.860  90.253558    23.9400     0.7416     0.1278     0.1692 2.2702e-01     0.7932     14.187     20.576     9.7492 0.0000e+00
     14.487      0.078     9.1280     80.589    129.851  90.246362    23.9400     0.8255     0.1278     0.1692 2.7426e-01     0.7177     14.207     20.605     9.7490 0.0000e+00
     14.508      0.079     9.1293     80.648    129.856  90.248847    23.9400     0.8217     0.1278     0.1692 2.1993e-01     0.7781     14.227     20.634     9.7487 0.0000e+00
     14.528      0.079     9.1342     80.707    129.906  90.281651    23.9400     0.8370     0.1278     0.1692 2.3813e-01     0.6422     14.247     20.664     9.7484 0.0000e+00
     14.549      0.078     9.1409     80.759    129.969  90.323558    24.0300     0.8217     0.1278     0.1269 2.0471e-01     0.8083     14.267     20.693     9.7481 0.0000e+00
     14.568      0.077     9.1478     80.795    129.989  90.335805    24.0300     0.7263     0.1278     0.1269 2.0223e-01     0.4307     14.287     20.721     9.7477 0.0000e+00
     14.588      0.077     9.1547     80.809    129.975  90.323657    24.0300     0.7302     0.1278     0.1269 2.1760e-01     0.3854     14.306     20.748     9.7471 0.0000e+00
     14.606      0.076     9.1615     80.802    129.953  90.305847    24.0300     0.7530     0.1278     0.1269 2.4469e-01     0.4156     14.324     20.775     9.7465 0.0000e+00
     14.626      0.076     9.1675     80.772    129.933  90.289609    24.0300     0.7607     0.1278     0.1269 2.3597e-01     0.3854     14.343     20.802     9.7458 0.0000e+00
     14.645      0.076     9.1717     80.701    129.926  90.282598    23.9400     0.7073     0.0852     0.1269 2.1385e-01     0.7479     14.362     20.830     9.7451 0.0000e+00
     14.665      0.075     9.1735     80.563    129.941  90.290935    23.9400     0.7149     0.0852     0.1269 1.9879e-01     0.8688     14.382     20.858     9.7442 0.0000e+00
     14.685      0.075     9.1729     80.350    129.981  90.316843    23.9400     0.7073     0.0852     0.1269 2.1459e-01     0.7177     14.401     20.886     9.7433 0.0000e+00
     14.704      0.074     9.1697     80.067    130.013  90.337268    23.9400     0.7111     0.0852     0.1269 2.0681e-01     0.7026     14.419     20.914     9.7424 0.0000e+00
     14.722      0.073     9.1618     79.728    130.006  90.331689    24.0300     0.7683     0.1278     0.1692 2.0210e-01     0.7932     14.437     20.940     9.7414 0.0000e+00
     14.740      0.072     9.1464     79.355    130.014  90.336570    24.0300     0.7721     0.1278     0.1692 1.8812e-01     0.7026     14.455     20.966     9.7405 0.0000e+00
     14.758      0.072     9.1223     78.969    130.051  90.361204    24.0300     0.7721     0.1278     0.1692 1.9571e-01     0.7479     14.473     20.991     9.7398 0.0000e+00
     14.776      0.071     9.0903     78.591    130.071  90.374206    24.0300     0.7721     0.1278     0.1692 1.9026e-01     0.7328     14.490     21.016     9.7393 0.0000e+00
     14.794      0.071     9.0520     78.247    130.088  90.385036    23.9400     0.7797     0.0852     0.0846 1.9460e-01     0.4005     14.508     21.043     9.7390 0.0000e+00
     14.813      0.069     9.0096     77.965    130.112  90.400577    23.9400     0.7569     0.0852     0.0846 1.7276e-01     0.5969     14.527     21.069     9.7387 0.0000e+00
     14.831      0.068     8.9659     77.761    130.105  90.395011    23.9400     0.7302     0.0852     0.0846 1.6718e-01     0.4760     14.545     21.095     9.7383 0.0000e+00
     14.848      0.066     8.9231     77.632    130.080  90.376840    23.9400     0.7797     0.0852     0.0846 1.9038e-01     0.4458     14.561     21.120     9.7379 0.0000e+00
     14.865      0.064     8.8840     77.571    130.064  90.365191    24.0300     0.7569     0.0852     0.0423 1.7026e-01     0.4458     14.577     21.143     9.7375 0.0000e+00
     14.880      0.062     8.8521     77.562    130.034  90.342973    24.0300     0.7492     0.0852     0.0423 2.0962e-01     0.5062     14.592     21.165     9.7373 0.0000e+00
     14.895      0.060     8.8290     77.584    129.995  90.314249    24.0300     0.7759     0.0852     0.0423 1.7041e-01     0.4911     14.607     21.186     9.7370 0.0000e+00
     14.910      0.060     8.8144     77.620    129.961  90.289337    24.0300     0.7416     0.0852     0.0423 1.6743e-01     0.4156     14.622     21.207     9.7368 0.0000e+00
     14.925      0.060     8.8075     77.655    129.918  90.257598    24.0300     0.7073     0.0852     0.0423 1.6868e-01     0.7630     14.637     21.229     9.7365 0.0000e+00
     14.941      0.060     8.8066     77.668    129.898  90.242530    24.0300     0.6920     0.0852     0.2538 1.9121e-01     0.8083     14.652     21.251     9.7360 0.0000e+00
     14.956      0.060     8.8093     77.650    129.919  90.256093    24.0300     0.6615     0.0852     0.2538 1.8504e-01     0.7932     14.667     21.273     9.7354 0.0000e+00
     14.972      0.061     8.8136     77.600    129.917  90.253964    24.0300     0.6806     0.0852     0.2538 1.7264e-01     0.8083     14.682     21.295     9.7347 0.0000e+00
     14.987      0.061     8.8176     77.519    129.886  90.231580    24.0300     0.6615     0.0852     0.2538 1.6433e-01     0.4156     14.698     21.317     9.7341 0.0000e+00
     15.003      0.061     8.8191     77.409    129.881  90.226919    24.1200     0.7073     0.1278     0.1269 1.6780e-01     0.4156     14.713     21.339     9.7337 0.0000e+00
     15.018      0.061     8.8171     77.282    129.907  90.242731    24.1200     0.7073     0.1278     0.1269 1.7019e-01     0.4760     14.728     21.361     9.7333 0.0000e+00
     15.034      0.061     8.8116     77.156    129.928  90.255269    24.1200     0.6958     0.1278     0.1269 1.4406e-01     0.4911     14.743     21.383     9.7329 0.0000e+00
     15.049      0.062     8.8025     77.052    129.903  90.235915    24.1200     0.6424     0.1278     0.1269 1.6729e-01     0.7177     14.759     21.405     9.7326 0.0000e+00
     15.065      0.062     8.7901     76.991    129.857  90.201481    24.0300     0.6577     0.1278     0.1692 1.7272e-01     0.8235     14.774     21.428     9.7320 0.0000e+00
     15.082      0.063     8.7759     76.983    129.864  90.204705    24.0300     0.6348     0.1278     0.1692 1.6341e-01     0.7328     14.790     21.451     9.7313 0.0000e+00
     15.098      0.063     8.7617     77.032    129.906  90.232466    24.0300     0.6500     0.1278     0.1692 1.6084e-01     0.6724     14.806     21.474     9.7305 0.0000e+00
     15.114      0.063     8.7501     77.134    129.938  90.254215    24.0300     0.7759     0.1278     0.1692 1.5824e-01     0.7479     14.822     21.496     9.7297 0.0000e+00
     15.130      0.063     8.7433     77.276    129.969  90.275749    24.0300     0.7569     0.1278     0.1692 1.5527e-01     0.7781     14.837     21.519     9.7289 0.0000e+00
     15.146      0.063     8.7426     77.443    129.983  90.286833    24.0300     0.7378     0.0852     0.1692 1.1997e-01     0.7932     14.853     21.542     9.7282 0.0000e+00
     15.162      0.063     8.7482     77.616    129.968  90.278437    24.0300     0.7759     0.0852     0.1692 1.4719e-01     0.7479     14.869     21.565     9.7277 0.0000e+00
     15.178      0.064     8.7598     77.776    129.933  90.256312    24.0300     0.7073     0.0852     0.1692 1.6059e-01     0.8235     14.884     21.588     9.7274 0.0000e+00
     15.194      0.064     8.7760     77.902    129.909  90.242523    24.0300     0.7225     0.0852     0.1692 1.4981e-01     0.8386     14.900     21.611     9.7276 0.0000e+00
     15.210      0.064     8.7948     77.978    129.920  90.253368    24.0300     0.7263     0.1278     0.0846 1.2091e-01     0.7177     14.916     21.634     9.7280 0.0000e+00
     15.227      0.065     8.8143     78.002    129.937  90.267769    24.0300     0.7225     0.1278     0.0846 1.4005e-01     0.7479     14.932     21.657     9.7286 0.0000e+00
     15.243      0.066     8.8323     77.989    129.950  90.277581    24.0300     0.7149     0.1278     0.0846 1.4916e-01     0.4458     14.949     21.681     9.7295 0.0000e+00
     15.260      0.068     8.8463     77.955    129.952  90.279429    24.0300     0.6920     0.1278     0.0846 1.5517e-01     0.5213     14.965     21.705     9.7306 0.0000e+00
     15.277      0.069     8.8547     77.911    129.930  90.263817    24.0300     0.6844     0.1278     0.2115 1.2097e-01     0.5213     14.982     21.729     9.7318 0.0000e+00
