Data/DataNotYetUploadedToEDI/Raw_CTD/RawDownloads/052826_ccr10_S8188004.cnv
* Sea-Bird SBE19plus  Data File:
* FileName = C:\R\Reservoirs\Data\DataNotYetUploadedToEDI\Raw_CTD\RawDownloads\062526_ccr50_S8188_0004.hex
* Software version 2.8.0.119
* Temperature SN = 8188
* Conductivity SN = 8188
* System UpLoad Time = Jun 29 2026 18:08:03
* <ApplicationData>
* <Seaterm232>
# nquan = 16
# nvalues = 446                         
# units = specified
# name 0 = depFM: Depth [fresh water, m]
# name 1 = dz/dtM: Descent Rate [m/s]
# name 2 = sbeox0Mg/L: Oxygen, SBE 43 [mg/l]
# name 3 = sbeox0PS: Oxygen, SBE 43 [% saturation]
# name 4 = specc: Specific Conductance [uS/cm]
# name 5 = c0uS/cm: Conductivity [uS/cm]
# name 6 = wetCDOM: Fluorescence, WET Labs CDOM [mg/m^3]
# name 7 = flECO-AFL: Fluorescence, WET Labs ECO-AFL/FL [mg/m^3]
# name 8 = flECO-AFL1: Fluorescence, WET Labs ECO-AFL/FL, 2 [mg/m^3]
# name 9 = flECO-AFL2: Fluorescence, WET Labs ECO-AFL/FL, 3 [mg/m^3]
# name 10 = par/sat/log: PAR/Logarithmic, Satlantic
# name 11 = turbWETntu0: Turbidity, WET Labs ECO [NTU]
# name 12 = prdM: Pressure, Strain Gauge [db]
# name 13 = prdE: Pressure, Strain Gauge [psi]
# name 14 = tv290C: Temperature [ITS-90, deg C]
# name 15 = flag:  0.000e+00
# span 0 =     -0.473,      0.471       
# span 1 =     -0.131,      0.164       
# span 2 =     5.6187,     7.9965       
# span 3 =     67.046,     96.445       
# span 4 =   -400.965,    220.773       
# span 5 =-399.100678, 216.349465       
# span 6 =    -4.5000,    23.4000       
# span 7 =    -0.2998,    30.8057       
# span 8 =    -3.5358,     1.4910       
# span 9 =    -3.6801,     3.8493       
# span 10 = 1.1783e+02, 2.8002e+03      
# span 11 =    -1.3217,   866.7090      
# span 12 =     -0.464,      0.462      
# span 13 =     -0.673,      0.670      
# span 14 =    23.9428,    25.4089      
# span 15 = 0.0000e+00, 0.0000e+00      
# interval = seconds: 0.25
# start_time = May 28 2026 12:14:44 [Instrument's time stamp, header]
# bad_flag = -9.990e-29
*END*
[from data line 272]
      0.457      0.000     7.9863     96.310    178.465 177.652343    22.7700    -0.2769     0.3408     0.8883 1.3218e+02    -1.0800      0.448      0.650    24.7690 0.0000e+00
      0.457      0.000     7.9863     96.319    169.594 168.816856    22.7700    -0.2769     0.3408     0.8883 1.3050e+02    -1.2008      0.448      0.650    24.7690 0.0000e+00
      0.457      0.000     7.9867     96.323    154.790 154.077456    22.6800    -0.2541     0.3408     0.8883 1.2982e+02    -1.0497      0.449      0.650    24.7686 0.0000e+00
      0.458      0.000     7.9875     96.327    130.146 129.545787    22.6800    -0.2617     0.3408     0.8883 1.3198e+02    -1.0951      0.449      0.651    24.7676 0.0000e+00
      0.458      0.000     7.9885     96.332     89.134  88.724228    22.6800    -0.2846     0.3408     0.8883 1.3316e+02    -1.1102      0.449      0.651    24.7662 0.0000e+00
      0.458      0.000     7.9894     96.334     20.845  20.753125    22.6800    -0.2464     0.3408     0.8883 1.2861e+02    -1.1102      0.449      0.651    24.7647 0.0000e+00
      0.458      0.000     7.9900     96.332    -92.918 -92.481108    22.8600    -0.2922     0.2982     0.8883 1.3081e+02    -1.0195      0.449      0.651    24.7636 0.0000e+00
      0.458      0.001     7.9904     96.329   -282.494-281.178280    22.8600    -0.2541     0.2982     0.8883 1.2761e+02    -1.1102      0.449      0.651    24.7631 0.0000e+00
      0.458      0.001     7.9908     96.328   -400.965-399.100678    22.8600    -0.2579     0.2982     0.8883 1.2612e+02    -1.1404      0.449      0.651    24.7632 0.0000e+00
      0.458      0.001     7.9911     96.330   -282.449-281.135309    22.8600    -0.2426     0.2982     0.8883 1.3121e+02    -1.0497      0.449      0.652    24.7635 0.0000e+00
      0.458      0.001     7.9911     96.337    -92.849 -92.417830    22.8600    -0.2655     0.2982     0.8883 1.2939e+02    -1.0497      0.450      0.652    24.7638 0.0000e+00
      0.459      0.001     7.9910     96.348     20.888  20.789354    22.8600    -0.2617     0.3834     0.9306 1.2160e+02    -1.0800      0.450      0.653    24.7640 0.0000e+00
      0.459      0.001     7.9912     96.361     89.106  88.688876    22.8600    -0.2846     0.3834     0.9306 1.2495e+02    -1.0497      0.450      0.653    24.7638 0.0000e+00
      0.460      0.001     7.9913     96.374    130.032 129.423404    22.8600    -0.2541     0.3834     0.9306 1.2486e+02    -1.1404      0.451      0.654    24.7633 0.0000e+00
      0.460      0.000     7.9917     96.382    154.610 153.885585    22.8600    -0.2731     0.3834     0.9306 1.1922e+02    -1.0346      0.451      0.654    24.7626 0.0000e+00
      0.460      0.000     7.9925     96.380    169.385 168.590641    22.9500    -0.2808     0.3408     0.9729 1.2271e+02    -1.0800      0.451      0.654    24.7619 0.0000e+00
      0.460     -0.001     7.9936     96.370    178.274 177.435833    22.9500    -0.2846     0.3408     0.9729 1.1880e+02    -1.0346      0.451      0.654    24.7612 0.0000e+00
      0.459     -0.001     7.9947     96.356    183.632 182.765828    22.9500    -0.2655     0.3408     0.9729 1.1783e+02    -1.0951      0.451      0.654    24.7608 0.0000e+00
      0.459     -0.001     7.9954     96.340    186.876 185.989915    22.9500    -0.2769     0.3408     0.9729 1.2160e+02    -1.0497      0.450      0.653    24.7604 0.0000e+00
      0.459     -0.001     7.9953     96.327    188.848 187.945773    22.8600    -0.2769     0.2982     0.8460 1.2234e+02    -1.0951      0.450      0.652    24.7600 0.0000e+00
      0.458     -0.001     7.9946     96.321    190.038 189.122847    22.8600    -0.2579     0.2982     0.8460 1.2094e+02    -1.2008      0.449      0.652    24.7593 0.0000e+00
      0.458     -0.001     7.9936     96.321    190.743 189.814952    22.8600    -0.2998     0.2982     0.8460 1.2162e+02    -1.1706      0.449      0.651    24.7584 0.0000e+00
      0.458     -0.001     7.9924     96.325    191.133 190.194605    22.8600    -0.2655     0.2982     0.8460 1.2013e+02    -1.0497      0.449      0.651    24.7571 0.0000e+00
      0.458     -0.001     7.9915     96.331    191.306 190.359031    22.8600    -0.2388     0.2982     0.8460 1.2199e+02    -1.0497      0.449      0.651    24.7554 0.0000e+00
      0.457     -0.001     7.9913     96.336    191.332 190.380178    22.8600    -0.2769     0.3408     0.8460 1.2937e+02    -1.1102      0.449      0.651    24.7533 0.0000e+00
      0.457     -0.001     7.9916     96.338    191.275 190.321893    22.8600    -0.2769     0.3408     0.8460 1.2565e+02    -1.1857      0.449      0.651    24.7509 0.0000e+00
      0.457     -0.001     7.9923     96.335    191.193 190.240891    22.8600    -0.2617     0.3408     0.8460 1.2628e+02    -1.0800      0.448      0.650    24.7486 0.0000e+00
      0.456     -0.002     7.9931     96.326    191.132 190.181809    22.8600    -0.2579     0.3408     0.8460 1.2819e+02    -1.1102      0.448      0.649    24.7467 0.0000e+00
      0.456     -0.002     7.9937     96.313    191.097 190.148963    22.7700    -0.2846     0.3408     0.8883 1.2875e+02    -1.1555      0.447      0.648    24.7454 0.0000e+00
      0.455     -0.002     7.9940     96.297    191.051 190.105495    22.7700    -0.2922     0.3408     0.8883 1.3021e+02    -1.0800      0.447      0.648    24.7450 0.0000e+00
      0.455     -0.003     7.9937     96.285    190.975 190.031784    22.7700    -0.2464     0.3408     0.8883 1.3485e+02    -1.0800      0.446      0.647    24.7451 0.0000e+00
      0.454     -0.003     7.9929     96.279    190.883 189.942296    22.7700    -0.2693     0.3408     0.8883 1.3089e+02    -1.0800      0.446      0.646    24.7456 0.0000e+00
      0.453     -0.004     7.9917     96.276    190.798 189.861337    22.8600    -0.2655     0.2982     0.9729 1.3650e+02    -1.0346      0.445      0.645    24.7462 0.0000e+00
      0.452     -0.004     7.9903     96.272    190.746 189.813482    22.8600    -0.2579     0.2982     0.9729 1.4607e+02    -0.9591      0.444      0.644    24.7466 0.0000e+00
      0.451     -0.005     7.9892     96.265    190.730 189.802027    22.8600    -0.2808     0.2982     0.9729 1.4503e+02    -1.3217      0.443      0.642    24.7471 0.0000e+00
      0.450     -0.006     7.9887     96.253    190.731 189.807861    22.8600     0.5776     0.2982     0.9729 1.3835e+02   246.6504      0.441      0.640    24.7477 0.0000e+00
      0.448     -0.008     7.9883     96.238    190.723 189.804439    22.8600     0.5623     0.2982     0.9729 1.3941e+02   246.7713      0.440      0.638    24.7486 0.0000e+00
      0.446     -0.009     7.9878     96.221    190.684 189.770780    23.1300     0.5356     0.2982     0.9306 1.3611e+02   246.5598      0.438      0.635    24.7496 0.0000e+00
      0.444     -0.010     7.9870     96.201    190.612 189.705936    23.1300     0.5623     0.2982     0.9306 1.3668e+02   246.7108      0.435      0.631    24.7507 0.0000e+00
      0.441     -0.012     7.9859     96.176    190.513 189.616701    23.1300     3.5836     0.2982     0.9306 1.3926e+02   688.8912      0.433      0.627    24.7519 0.0000e+00
      0.438     -0.014     7.9845     96.149    190.381 189.499348    23.1300     3.5721     0.2982     0.9306 1.3757e+02   688.8459      0.430      0.623    24.7532 0.0000e+00
      0.434     -0.017     7.9829     96.111    190.216 189.358713    23.2200     3.5874     0.2982     0.7614 1.3700e+02   688.9214      0.426      0.618    24.7545 0.0000e+00
      0.430     -0.021     7.9809     96.052    190.071 189.251622    23.2200     3.5798     0.2982     0.7614 1.3362e+02   688.9818      0.422      0.612    24.7562 0.0000e+00
      0.425     -0.025     7.9786     95.964    190.047 189.283990    23.2200     6.3111     0.2982     0.7614 1.3479e+02   476.2078      0.417      0.604    24.7588 0.0000e+00
      0.418     -0.030     7.9757     95.836    190.150 189.458429    23.2200     6.3493     0.2982     0.7614 1.3345e+02   476.2682      0.410      0.595    24.7627 0.0000e+00
      0.410     -0.034     7.9716     95.670    190.206 189.582622    23.4000     6.3035     0.2982     0.8883 1.3546e+02   476.3437      0.402      0.583    24.7688 0.0000e+00
      0.400     -0.037     7.9654     95.480    190.077 189.503035    23.4000     6.3226     0.2982     0.8883 1.3947e+02   476.3739      0.392      0.569    24.7784 0.0000e+00
      0.389     -0.039     7.9559     95.284    189.856 189.310844    23.4000     3.8277     0.2982     0.8883 1.3591e+02    34.7978      0.381      0.553    24.7931 0.0000e+00
      0.377     -0.039     7.9425     95.091    189.677 189.157512    23.4000     3.8354     0.2982     0.8883 1.2897e+02    34.7676      0.370      0.537    24.8120 0.0000e+00
      0.367     -0.037     7.9261     94.912    189.538 189.058347    22.4100     3.8316     0.2982     0.8460 1.2563e+02    34.7223      0.360      0.522    24.8302 0.0000e+00
      0.357     -0.033     7.9085     94.759    189.461 189.041095    22.4100     3.8430     0.2982     0.8460 1.2700e+02    34.8733      0.350      0.508    24.8430 0.0000e+00
      0.349     -0.028     7.8911     94.643    189.560 189.205524    22.4100     3.7667     0.2982     0.8460 1.2287e+02    45.7953      0.342      0.496    24.8505 0.0000e+00
      0.342     -0.022     7.8743     94.562    189.843 189.513201    22.4100     3.7667     0.2982     0.8460 1.2739e+02    45.9615      0.336      0.487    24.8571 0.0000e+00
      0.337     -0.015     7.8579     94.517    190.192 189.779252    22.4100     3.7591     0.2982     0.8460 1.3464e+02    45.7953      0.331      0.480    24.8675 0.0000e+00
      0.334     -0.006     7.8430     94.521    190.481 189.863875    22.3200     3.7858     0.2982     0.8883 1.4315e+02    45.8104      0.327      0.475    24.8832 0.0000e+00
      0.332      0.003     7.8309     94.598    190.633 189.779578    22.3200     3.5378     0.2982     0.8883 1.4835e+02    68.6060      0.326      0.472    24.9005 0.0000e+00
      0.333      0.013     7.8232     94.756    190.663 189.664421    22.3200     3.5226     0.2982     0.8883 1.5734e+02    68.6513      0.327      0.474    24.9074 0.0000e+00
      0.339      0.022     7.8225     94.986    190.628 189.648245    22.3200     3.5226     0.2982     0.8883 1.7122e+02    68.6966      0.332      0.482    24.8859 0.0000e+00
      0.347      0.028     7.8306     95.258    190.624 189.809029    21.6000     3.5378     0.2982     0.8883 1.7817e+02    68.7269      0.340      0.494    24.8324 0.0000e+00
      0.357      0.032     7.8459     95.545    190.753 190.159565    21.6000     4.9874     0.2982     0.8883 1.7863e+02    81.9601      0.350      0.509    24.7704 0.0000e+00
      0.368      0.032     7.8646     95.820    190.998 190.592643    21.6000     4.9951     0.2982     0.8883 1.7487e+02    82.0205      0.360      0.523    24.7323 0.0000e+00
      0.377      0.029     7.8829     96.057    191.271 190.980901    21.6000     5.0027     0.2982     0.8883 1.7011e+02    81.9601      0.369      0.536    24.7370 0.0000e+00
      0.384      0.024     7.8992     96.234    191.519 191.281354    22.4100     4.9912     0.2982     1.0152 1.6494e+02    81.9601      0.377      0.547    24.7802 0.0000e+00
      0.390      0.018     7.9145     96.345    191.698 191.475765    22.4100     3.7019     0.2982     1.0152 1.6663e+02   432.4595      0.382      0.555    24.8382 0.0000e+00
      0.394      0.010     7.9300     96.393    191.749 191.525644    22.4100     3.7286     0.2982     1.0152 1.6981e+02   432.4746      0.386      0.560    24.8877 0.0000e+00
      0.396      0.002     7.9452     96.390    191.637 191.406154    22.4100     3.7019     0.2982     1.0152 1.7052e+02   432.5048      0.388      0.563    24.9181 0.0000e+00
      0.395     -0.006     7.9578     96.340    191.381 191.143640    22.4100     3.7019     0.2982     1.0152 1.8192e+02   432.4746      0.388      0.562    24.9318 0.0000e+00
      0.393     -0.015     7.9663     96.240    191.075 190.836707    22.8600     1.9165     0.3408     0.8883 2.3449e+02   450.8138      0.385      0.559    24.9360 0.0000e+00
      0.388     -0.024     7.9704     96.090    190.862 190.628313    22.8600     1.9432     0.3408     0.8883 2.4806e+02   450.7081      0.381      0.552    24.9356 0.0000e+00
      0.381     -0.033     7.9705     95.885    190.860 190.635502    22.8600     1.9280     0.3408     0.8883 3.4756e+02   450.7836      0.374      0.542    24.9336 0.0000e+00
      0.372     -0.042     7.9665     95.627    191.055 190.838112    22.8600     1.9356     0.3408     0.8883 5.8983e+02   450.6477      0.364      0.528    24.9320 0.0000e+00
      0.359     -0.049     7.9583     95.324    191.259 191.029243    22.7700     2.3552     0.2982     0.9306 9.2325e+02   248.5689      0.352      0.511    24.9316 0.0000e+00
      0.344     -0.054     7.9457     94.999    191.252 190.974837    22.7700     2.3819     0.2982     0.9306 4.2799e+02   248.6596      0.338      0.490    24.9326 0.0000e+00
      0.328     -0.057     7.9285     94.685    190.991 190.644324    22.7700     2.3705     0.2982     0.9306 2.3881e+02   248.5840      0.322      0.467    24.9350 0.0000e+00
      0.312     -0.058     7.9068     94.408    190.626 190.230571    22.7700     2.3705     0.2982     0.9306 2.5506e+02   248.5538      0.306      0.443    24.9370 0.0000e+00
      0.297     -0.057     7.8822     94.179    190.351 189.966459    22.4100     2.9999     0.2556     0.9729 1.0396e+03   132.5666      0.291      0.422    24.9338 0.0000e+00
      0.283     -0.056     7.8572     93.995    190.285 189.982264    22.4100     2.9694     0.2556     0.9729 7.6521e+02   132.5969      0.277      0.402    24.9213 0.0000e+00
      0.270     -0.055     7.8339     93.847    190.457 190.266156    22.4100     2.9732     0.2556     0.9729 1.8637e+02   132.6271      0.264      0.383    24.9032 0.0000e+00
      0.257     -0.055     7.8128     93.714    190.834 190.715226    22.4100     2.9770     0.2556     0.9729 1.3426e+02   132.7479      0.252      0.365    24.8902 0.0000e+00
      0.243     -0.056     7.7935     93.573    191.381 191.244513    22.4100     3.1449     0.2556     0.9729 1.2293e+02    95.2084      0.238      0.345    24.8931 0.0000e+00
      0.228     -0.056     7.7752     93.411    192.086 191.826558    21.0600     3.1754     0.2556     0.9729 1.3907e+02    95.2386      0.224      0.324    24.9147 0.0000e+00
      0.213     -0.056     7.7587     93.223    193.006 192.544303    21.0600     3.1487     0.2556     0.9729 1.4191e+02    95.1782      0.209      0.302    24.9444 0.0000e+00
      0.198     -0.056     7.7449     93.009    194.428 193.739668    21.0600     3.1792     0.2556     0.9729 1.6541e+02    95.2084      0.193      0.280    24.9640 0.0000e+00
      0.183     -0.054     7.7337     92.763    196.900 196.000358    21.0600     3.7209     0.2556     0.9729 1.6882e+02    45.4327      0.179      0.260    24.9603 0.0000e+00
      0.169     -0.052     7.7247     92.463    201.100 199.947288    19.9800     3.7438     0.2130     0.9729 1.7313e+02    45.3270      0.166      0.241    24.9296 0.0000e+00
      0.157     -0.048     7.7163     92.133    206.481 204.899944    19.9800     3.6904     0.2130     0.9729 2.0333e+02    45.4025      0.154      0.223    24.8788 0.0000e+00
      0.145     -0.044     7.7064     91.882    211.130 208.923553    19.9800     3.7019     0.2130     0.9729 1.7852e+02    45.2817      0.142      0.205    24.8235 0.0000e+00
      0.133     -0.039     7.6929     91.733    214.227 211.355709    19.9800     3.9651     0.2130     0.9729 1.6959e+02    25.2354      0.130      0.188    24.7748 0.0000e+00
      0.122     -0.032     7.6758     91.544    216.215 212.790681    18.9000     3.9460     0.2130     0.9306 1.6667e+02    25.2203      0.120      0.174    24.7197 0.0000e+00
