Data/DataNotYetUploadedToEDI/Raw_CTD/RawDownloads/052821_fcr50_0001.cnv
* Sea-Bird SBE19plus  Data File:
* FileName = C:\DATA\052821_fcr50_0001_0001.hex
* Software version 2.8.0.119
* Temperature SN = 7809
* Conductivity SN = 7809
* System UpLoad Time = May 28 2021 13:49:52
* <ApplicationData>
* <Seaterm232>
# nquan = 16
# nvalues = 1579                        
# units = specified
# name 0 = depFM: Depth [fresh water, m]
# name 1 = dz/dtM: Descent Rate [m/s]
# name 2 = sbeox0ML/L: Oxygen, SBE 43 [ml/l]
# name 3 = sbeox0PS: Oxygen, SBE 43 [% saturation]
# name 4 = specc: Specific Conductance [uS/cm]
# name 5 = c0uS/cm: Conductivity [uS/cm]
# name 6 = flECO-AFL: Fluorescence, WET Labs ECO-AFL/FL [mg/m^3]
# name 7 = ph: pH
# name 8 = orp: Oxidation Reduction Potential [mV]
# name 9 = par/sat/log: PAR/Logarithmic, Satlantic
# name 10 = turbWETntu0: Turbidity, WET Labs ECO [NTU]
# name 11 = prdM: Pressure, Strain Gauge [db]
# name 12 = prdE: Pressure, Strain Gauge [psi]
# name 13 = tv290C: Temperature [ITS-90, deg C]
# name 14 = density00: Density [density, kg/m^3]
# name 15 = flag:  0.000e+00
# span 0 =     -0.694,      9.672       
# span 1 =     -0.229,      0.170       
# span 2 =     0.2526,    11.3949       
# span 3 =      3.104,    179.567       
# span 4 =      1.344,    142.028       
# span 5 =   1.224729,  94.113072       
# span 6 =    -2.4412,    12.1399       
# span 7 =     15.389,     16.004       
# span 8 = -1240.7455,  1068.6503       
# span 9 = 1.2352e-01, 1.6981e+03       
# span 10 =    -8.4874,   938.2844      
# span 11 =     -0.681,      9.485      
# span 12 =     -0.988,     13.757      
# span 13 =     8.1003,    24.0540      
# span 14 =   997.3028,   999.9411      
# span 15 = 0.0000e+00, 0.0000e+00      
# interval = seconds: 0.25
# start_time = May 27 2021 21:48:31 [Instrument's time stamp, header]
# bad_flag = -9.990e-29
*END*
[from data line 1176]
      6.614     -0.113     0.2578      3.238     57.590  38.402773    -0.3795     15.992   -16.9913 4.0850e-01     4.4494      6.483      9.402     8.3438   999.8835 0.0000e+00
      6.591     -0.107     0.2633      3.232     57.594  38.405468    -0.3975     15.992   -17.0717 4.3137e-01     4.3687      6.461      9.371     8.3461   999.8831 0.0000e+00
      6.571     -0.103     0.2687      3.220     57.046  38.042746    -0.3961     15.992   -16.8535 4.6027e-01     4.2445      6.445      9.347     8.3459   999.8823 0.0000e+00
      6.548     -0.103     0.2680      3.215     56.049  37.380860    -0.3816     15.992   -16.5047 4.8708e-01     4.1832      6.424      9.317     8.3421   999.8821 0.0000e+00
      6.519     -0.106     0.2647      3.210     55.954  37.320495    -0.3658     15.992   -16.3817 5.0993e-01     4.2115      6.394      9.274     8.3384   999.8820 0.0000e+00
      6.489     -0.113     0.2668      3.185     56.795  37.884104    -0.3671     15.992   -16.3991 5.3449e-01     4.2779      6.361      9.226     8.3386   999.8820 0.0000e+00
      6.459     -0.121     0.2639      3.161     57.595  38.420001    -0.3873     15.992   -16.1990 5.6754e-01     4.3680      6.333      9.185     8.3418   999.8815 0.0000e+00
      6.430     -0.126     0.2637      3.157     57.759  38.532209    -0.3993     15.992   -15.6822 5.9646e-01     4.4428      6.308      9.148     8.3447   999.8805 0.0000e+00
      6.397     -0.127     0.2652      3.177     57.199  38.161825    -0.3979     15.992   -15.0554 6.1473e-01     4.4273      6.276      9.101     8.3470   999.8802 0.0000e+00
      6.360     -0.126     0.2612      3.206     56.577  37.749798    -0.3808     15.992   -14.4712 6.3392e-01     4.3864      6.237      9.046     8.3500   999.8803 0.0000e+00
      6.324     -0.126     0.2590      3.201     56.368  37.612360    -0.3450     15.992   -13.9524 6.5897e-01     4.3943      6.201      8.993     8.3518   999.8803 0.0000e+00
      6.292     -0.126     0.2587      3.175     56.125  37.452082    -0.3172     15.992   -13.6006 6.9144e-01     4.4197      6.169      8.947     8.3538   999.8802 0.0000e+00
      6.264     -0.123     0.2601      3.175     55.473  37.017731    -0.3113     15.992   -13.4871 7.2081e-01     4.4527      6.143      8.909     8.3570   999.8795 0.0000e+00
      6.236     -0.118     0.2648      3.194     54.677  36.485839    -0.3213     15.991   -13.4413 7.3733e-01     4.4509      6.118      8.872     8.3600   999.8789 0.0000e+00
      6.204     -0.114     0.2644      3.210     54.098  36.098100    -0.3437     15.990   -12.8751 7.6003e-01     4.4321      6.084      8.825     8.3614   999.8787 0.0000e+00
      6.172     -0.111     0.2585      3.215     53.397  35.629641    -0.3723     15.990   -11.7169 7.8551e-01     4.4311      6.049      8.774     8.3628   999.8784 0.0000e+00
      6.144     -0.108     0.2608      3.210     51.989  34.692783    -0.3908     15.991   -10.7950 7.9681e-01     4.4386      6.023      8.736     8.3641   999.8779 0.0000e+00
      6.119     -0.103     0.2623      3.210     50.424  33.654653    -0.3860     15.991   -10.4176 8.0774e-01     4.4547      6.002      8.705     8.3632   999.8774 0.0000e+00
      6.094     -0.099     0.2641      3.214     49.679  33.167148    -0.3814     15.992   -10.3382 8.2057e-01     4.4544      5.976      8.668     8.3612   999.8773 0.0000e+00
      6.069     -0.098     0.2645      3.210     49.775  33.240184    -0.3920     15.992   -10.2652 8.3182e-01     4.4351      5.949      8.630     8.3606   999.8771 0.0000e+00
      6.047     -0.101     0.2633      3.185     50.381  33.649413    -0.3995     15.991    -9.8789 8.5389e-01     4.3929      5.930      8.600     8.3622   999.8764 0.0000e+00
      6.024     -0.106     0.2635      3.155     50.891  33.990640    -0.3961     15.990    -9.3672 8.8109e-01     4.3895      5.910      8.572     8.3687   999.8751 0.0000e+00
      5.997     -0.111     0.2638      3.155     50.531  33.749069    -0.3891     15.990    -8.9824 9.0962e-01     4.4290      5.882      8.533     8.3804   999.8740 0.0000e+00
      5.966     -0.115     0.2645      3.179     49.804  33.266731    -0.3821     15.990    -8.5821 9.4732e-01     4.4247      5.851      8.486     8.3900   999.8733 0.0000e+00
      5.933     -0.116     0.2616      3.187     49.650  33.171550    -0.3879     15.990    -8.3128 9.8460e-01     4.4056      5.818      8.438     8.3944   999.8730 0.0000e+00
      5.900     -0.113     0.2577      3.192     49.921  33.359709    -0.3914     15.990    -8.1353 1.0147e+00     4.4380      5.786      8.391     8.3940   999.8733 0.0000e+00
      5.869     -0.105     0.2577      3.219     49.954  33.384379    -0.3394     15.989    -7.7267 1.0492e+00     4.5075      5.755      8.347     8.3910   999.8731 0.0000e+00
      5.842     -0.095     0.2625      3.252     49.514  33.089095    -0.2637     15.989    -7.1579 1.0850e+00     4.5260      5.728      8.308     8.3932   999.8724 0.0000e+00
      5.820     -0.085     0.2613      3.274     48.849  32.644796    -0.2388     15.989    -6.6785 1.1106e+00     4.4895      5.706      8.276     8.4033   999.8717 0.0000e+00
      5.803     -0.075     0.2608      3.283     48.180  32.200171    -0.2493     15.990    -6.3184 1.1352e+00     4.4778      5.691      8.254     8.4131   999.8712 0.0000e+00
      5.788     -0.067     0.2640      3.280     47.726  31.900839    -0.2379     15.990    -6.0735 1.1649e+00     4.4882      5.677      8.234     8.4146   999.8711 0.0000e+00
      5.772     -0.061     0.2672      3.279     47.405  31.690455    -0.2059     15.989    -5.8681 1.1897e+00     4.4434      5.660      8.210     8.4114   999.8710 0.0000e+00
      5.757     -0.059     0.2690      3.285     46.920  31.369519    -0.1864     15.989    -5.5553 1.2050e+00     4.3822      5.644      8.187     8.4115   999.8706 0.0000e+00
      5.743     -0.059     0.2698      3.270     46.365  31.002422    -0.1829     15.989    -5.2168 1.2165e+00     4.3666      5.631      8.167     8.4145   999.8700 0.0000e+00
      5.730     -0.060     0.2691      3.223     45.966  30.741440    -0.1730     15.989    -4.8734 1.2300e+00     4.3911      5.619      8.149     8.4190   999.8696 0.0000e+00
      5.717     -0.063     0.2680      3.181     45.783  30.624921    -0.1435     15.988    -4.5877 1.2560e+00     4.4731      5.607      8.133     8.4235   999.8692 0.0000e+00
      5.701     -0.066     0.2704      3.157     45.752  30.608712    -0.1315     15.987    -4.3431 1.2953e+00     4.4994      5.592      8.111     8.4263   999.8687 0.0000e+00
      5.681     -0.070     0.2698      3.152     45.747  30.608912    -0.1422     15.988    -4.0675 1.3227e+00     4.4349      5.571      8.080     8.4303   999.8681 0.0000e+00
      5.660     -0.075     0.2634      3.169     45.768  30.627333    -0.1398     15.988    -3.7498 1.3316e+00     4.4131      5.550      8.050     8.4373   999.8674 0.0000e+00
      5.642     -0.080     0.2602      3.186     45.873  30.704553    -0.1221     15.987    -3.1694 1.3466e+00     4.4426      5.532      8.024     8.4447   999.8668 0.0000e+00
      5.623     -0.083     0.2586      3.209     45.883  30.717818    -0.1089     15.986    -2.6429 1.3702e+00     4.4825      5.516      8.000     8.4496   999.8663 0.0000e+00
      5.602     -0.084     0.2568      3.242     45.697  30.597392    -0.1133     15.986    -2.4590 1.3991e+00     4.4831      5.495      7.970     8.4522   999.8661 0.0000e+00
      5.577     -0.083     0.2606      3.266     45.663  30.580814    -0.1268     15.986    -2.0646 1.4346e+00     4.4156      5.469      7.932     8.4562   999.8657 0.0000e+00
      5.552     -0.080     0.2608      3.291     45.938  30.771151    -0.1298     15.986    -1.5747 1.4579e+00     4.4562      5.444      7.896     8.4658   999.8650 0.0000e+00
      5.530     -0.075     0.2619      3.309     46.083  30.868538    -0.1206     15.986    -1.4397 1.4659e+00     4.6309      5.420      7.862     8.4741   999.8644 0.0000e+00
      5.512     -0.067     0.2667      3.297     45.806  30.679772    -0.1207     15.987    -1.6367 1.4724e+00     4.7425      5.403      7.837     8.4753   999.8641 0.0000e+00
      5.499     -0.057     0.2669      3.262     45.467  30.455548    -0.1309     15.987    -1.9771 1.4776e+00     4.7412      5.394      7.823     8.4813   999.8636 0.0000e+00
      5.486     -0.046     0.2696      3.236     45.438  30.441451    -0.1200     15.986    -1.9421 1.4790e+00     4.6837      5.381      7.804     8.4934   999.8629 0.0000e+00
      5.472     -0.035     0.2723      3.239     45.454  30.445898    -0.0746     15.986    -1.3859 1.4912e+00     4.6658      5.363      7.779     8.4924   999.8629 0.0000e+00
      5.462     -0.029     0.2705      3.244     45.386  30.382427    -0.0397     15.987    -0.7576 1.5025e+00     4.6622      5.354      7.765     8.4830   999.8634 0.0000e+00
      5.460     -0.029     0.2673      3.263     45.484  30.435321    -0.0516     15.987    -0.3681 1.4921e+00     4.6053      5.355      7.766     8.4876   999.8630 0.0000e+00
      5.460     -0.035     0.2630      3.320     45.694  30.577875    -0.1235     15.987    -0.0331 1.4884e+00     4.5275      5.356      7.768     8.5021   999.8620 0.0000e+00
      5.458     -0.047     0.2660      3.373     45.877  30.710283    -0.2210     15.987     0.2823 1.4993e+00     4.4767      5.354      7.766     8.4950   999.8625 0.0000e+00
      5.448     -0.061     0.2657      3.404     46.043  30.830835    -0.2588     15.987     0.5189 1.5282e+00     4.5063      5.348      7.756     8.4656   999.8643 0.0000e+00
      5.426     -0.074     0.2649      3.418     46.130  30.893460    -0.2463     15.986     0.8494 1.5891e+00     4.5081      5.326      7.724     8.4484   999.8654 0.0000e+00
      5.394     -0.083     0.2733      3.409     46.132  30.896490    -0.2418     15.986     1.2671 1.6488e+00     4.4291      5.288      7.670     8.4540   999.8650 0.0000e+00
      5.364     -0.086     0.2767      3.409     46.088  30.867470    -0.1853     15.987     1.6976 1.6796e+00     4.4093      5.257      7.624     8.4691   999.8638 0.0000e+00
      5.344     -0.084     0.2790      3.432     45.980  30.796365    -0.0692     15.987     2.0963 1.7025e+00     4.4404      5.241      7.600     8.4802   999.8631 0.0000e+00
      5.327     -0.077     0.2812      3.422     45.885  30.734655    -0.0099     15.986     2.3874 1.7324e+00     4.4614      5.224      7.578     8.4846   999.8628 0.0000e+00
      5.309     -0.069     0.2788      3.384     45.819  30.692342     0.0166     15.985     2.7232 1.7607e+00     4.4922      5.205      7.550     8.4851   999.8626 0.0000e+00
      5.293     -0.064     0.2774      3.385     45.776  30.665422     0.2602     15.985     3.2305 1.7901e+00     4.5038      5.190      7.527     8.4848   999.8626 0.0000e+00
      5.278     -0.064     0.2826      3.385     45.771  30.662955     0.7133     15.985     3.6173 1.8161e+00     4.4992      5.176      7.508     8.4859   999.8624 0.0000e+00
      5.263     -0.065     0.2823      3.351     45.770  30.662505     0.9841     15.985     3.8724 1.8290e+00     4.5047      5.162      7.488     8.4880   999.8622 0.0000e+00
      5.248     -0.069     0.2739      3.332     45.766  30.659988     1.0353     15.985     4.3355 1.8520e+00     4.5022      5.148      7.466     8.4914   999.8618 0.0000e+00
      5.230     -0.074     0.2775      3.343     45.724  30.632528     1.0567     15.985     5.0006 1.9071e+00     4.4684      5.131      7.441     8.4936   999.8616 0.0000e+00
      5.210     -0.080     0.2795      3.366     45.744  30.647710     1.0615     15.985     5.4618 1.9561e+00     4.4396      5.110      7.412     8.4940   999.8615 0.0000e+00
      5.189     -0.086     0.2728      3.388     45.840  30.716658     1.0645     15.985     5.6095 1.9786e+00     4.4622      5.089      7.381     8.4947   999.8613 0.0000e+00
      5.166     -0.091     0.2718      3.384     45.814  30.704848     1.0744     15.984     5.7548 2.0108e+00     4.4670      5.066      7.348     8.4948   999.8612 0.0000e+00
      5.141     -0.091     0.2737      3.369     45.696  30.631811     1.0850     15.984     6.0139 2.0608e+00     4.3608      5.044      7.315     8.4938   999.8611 0.0000e+00
      5.114     -0.089     0.2751      3.376     45.637  30.594914     1.0981     15.984     6.5047 2.1073e+00     4.2073      5.016      7.274     8.4969   999.8607 0.0000e+00
      5.089     -0.086     0.2785      3.382     45.611  30.575951     1.1084     15.985     7.1289 2.1394e+00     4.1563      4.987      7.234     8.5018   999.8604 0.0000e+00
      5.069     -0.081     0.2779      3.367     45.544  30.529414     1.1236     15.985     7.5391 2.1608e+00     4.1903      4.969      7.208     8.5079   999.8599 0.0000e+00
      5.052     -0.075     0.2737      3.347     45.371  30.412901     1.1971     15.986     7.9364 2.1867e+00     4.2070      4.955      7.187     8.5166   999.8591 0.0000e+00
      5.035     -0.070     0.2767      3.338     45.120  30.245730     1.3190     15.986     8.3179 2.2180e+00     4.1870      4.938      7.161     8.5189   999.8589 0.0000e+00
      5.016     -0.069     0.2778      3.362     44.700  29.967353     1.3857     15.985     8.4526 2.2506e+00     4.1880      4.919      7.135     8.5161   999.8590 0.0000e+00
      4.999     -0.072     0.2754      3.405     44.214  29.648178     1.3840     15.985     8.6189 2.2892e+00     4.2197      4.902      7.110     8.5142   999.8590 0.0000e+00
      4.984     -0.078     0.2741      3.436     44.158  29.622131     1.2417     15.984     8.9524 2.3285e+00     4.2262      4.886      7.087     8.5126   999.8590 0.0000e+00
      4.967     -0.085     0.2718      3.449     44.282  29.715895     0.9622     15.984     9.3865 2.3707e+00     4.1991      4.872      7.068     8.5144   999.8588 0.0000e+00
      4.945     -0.093     0.2743      3.443     44.252  29.703395     0.7981     15.983     9.8238 2.4352e+00     4.1663      4.851      7.037     8.5177   999.8583 0.0000e+00
      4.915     -0.103     0.2794      3.441     44.276  29.724764     0.7836     15.983    10.2819 2.5150e+00     4.1732      4.819      6.990     8.5233   999.8574 0.0000e+00
      4.886     -0.110     0.2812      3.456     44.359  29.783946     0.7870     15.984    10.7950 2.5785e+00     4.2132      4.789      6.947     8.5392   999.8563 0.0000e+00
      4.858     -0.112     0.2829      3.460     44.451  29.848003     0.7447     15.984    11.0378 2.6312e+00     4.1693      4.766      6.912     8.5541   999.8553 0.0000e+00
      4.828     -0.108     0.2814      3.441     44.475  29.864867     0.6723     15.984    11.0673 2.6835e+00     4.0201      4.737      6.870     8.5598   999.8547 0.0000e+00
      4.794     -0.100     0.2799      3.439     44.469  29.860959     0.6457     15.984    11.3234 2.7145e+00     3.9197      4.699      6.815     8.5657   999.8541 0.0000e+00
      4.767     -0.088     0.2831      3.460     44.569  29.927632     0.6515     15.984    11.8116 2.7223e+00     3.9169      4.671      6.774     8.5698   999.8537 0.0000e+00
      4.747     -0.074     0.2839      3.461     44.546  29.909709     0.6854     15.983    12.4958 2.7344e+00     3.8831      4.656      6.753     8.5717   999.8536 0.0000e+00
      4.732     -0.059     0.2806      3.453     44.251  29.707692     0.7509     15.983    13.4865 2.7512e+00     3.7851      4.640      6.729     8.5738   999.8534 0.0000e+00
      4.719     -0.046     0.2794      3.477     43.966  29.515172     0.7859     15.983    14.4981 2.7579e+00     3.7290      4.625      6.709     8.5733   999.8533 0.0000e+00
      4.712     -0.037     0.2841      3.512     43.826  29.421750     0.7843     15.983    15.4348 2.7714e+00     3.7197      4.621      6.702     8.5740   999.8533 0.0000e+00
