Data/DataNotYetUploadedToEDI/Raw_CTD/RawDownloads/052826_ccr30_S8188006.cnv
* Sea-Bird SBE19plus  Data File:
* FileName = C:\R\Reservoirs\Data\DataNotYetUploadedToEDI\Raw_CTD\RawDownloads\062526_ccr50_S8188_0006.hex
* Software version 2.8.0.119
* Temperature SN = 8188
* Conductivity SN = 8188
* System UpLoad Time = Jun 29 2026 18:09:10
* <ApplicationData>
* <Seaterm232>
# nquan = 16
# nvalues = 2574                        
# units = specified
# name 0 = depFM: Depth [fresh water, m]
# name 1 = dz/dtM: Descent Rate [m/s]
# name 2 = sbeox0Mg/L: Oxygen, SBE 43 [mg/l]
# name 3 = sbeox0PS: Oxygen, SBE 43 [% saturation]
# name 4 = specc: Specific Conductance [uS/cm]
# name 5 = c0uS/cm: Conductivity [uS/cm]
# name 6 = wetCDOM: Fluorescence, WET Labs CDOM [mg/m^3]
# name 7 = flECO-AFL: Fluorescence, WET Labs ECO-AFL/FL [mg/m^3]
# name 8 = flECO-AFL1: Fluorescence, WET Labs ECO-AFL/FL, 2 [mg/m^3]
# name 9 = flECO-AFL2: Fluorescence, WET Labs ECO-AFL/FL, 3 [mg/m^3]
# name 10 = par/sat/log: PAR/Logarithmic, Satlantic
# name 11 = turbWETntu0: Turbidity, WET Labs ECO [NTU]
# name 12 = prdM: Pressure, Strain Gauge [db]
# name 13 = prdE: Pressure, Strain Gauge [psi]
# name 14 = tv290C: Temperature [ITS-90, deg C]
# name 15 = flag:  0.000e+00
# span 0 =     -0.469,     10.027       
# span 1 =     -0.147,      0.197       
# span 2 =     4.9505,     9.7870       
# span 3 =     58.398,    100.497       
# span 4 =   -483.045,    150.560       
# span 5 =-448.526723, 144.386798       
# span 6 =    -4.5000,    15.9300       
# span 7 =    -0.2922,     5.8534       
# span 8 =    -2.3856,     0.5538       
# span 9 =    -2.0304,     9.7290       
# span 10 = 1.5478e+01, 3.9447e+03      
# span 11 =    -1.0044,   971.0642      
# span 12 =     -0.460,      9.834      
# span 13 =     -0.667,     14.262      
# span 14 =    11.5812,    24.5236      
# span 15 = 0.0000e+00, 0.0000e+00      
# interval = seconds: 0.25
# start_time = May 28 2026 12:44:19 [Instrument's time stamp, header]
# bad_flag = -9.990e-29
*END*
[from data line 1537]
      5.550      0.019     9.7580     92.903    143.880 109.795735    15.4800     3.5226     0.1278     0.3807 4.9414e+01     0.8386      5.443      7.894    13.2642 0.0000e+00
      5.555      0.019     9.7824     92.529    143.862 109.686365    15.5700     3.5226     0.0852     0.5499 4.7261e+01     0.9594      5.447      7.901    13.2342 0.0000e+00
      5.560      0.020     9.7870     92.102    143.853 109.565058    15.5700     3.5569     0.0852     0.5499 4.5745e+01     0.9745      5.452      7.908    13.2069 0.0000e+00
      5.565      0.020     9.7756     91.632    143.860 109.437449    15.5700     3.2021     0.0852     0.5499 4.4587e+01     0.9141      5.457      7.915    13.1805 0.0000e+00
      5.570      0.021     9.7516     91.136    143.905 109.333482    15.5700     3.2288     0.0852     0.5499 4.3819e+01     0.9594      5.462      7.923    13.1522 0.0000e+00
      5.575      0.022     9.7196     90.649    143.983 109.273410    15.6600     3.2097     0.1278     0.5499 4.3045e+01     0.9896      5.467      7.930    13.1190 0.0000e+00
      5.581      0.022     9.6833     90.203    144.044 109.233210    15.6600     3.2021     0.1278     0.5499 4.2229e+01     0.9292      5.473      7.938    13.0792 0.0000e+00
      5.587      0.023     9.6436     89.830    144.042 109.162175    15.6600     2.9313     0.1278     0.5499 4.0795e+01     0.6422      5.479      7.946    13.0332 0.0000e+00
      5.593      0.024     9.6018     89.550    144.002 109.055357    15.6600     2.9084     0.1278     0.5499 3.9936e+01     0.6422      5.484      7.955    12.9851 0.0000e+00
      5.599      0.025     9.5593     89.371    143.997 108.976237    15.6600     2.9008     0.1278     0.5499 3.9035e+01     0.5817      5.491      7.964    12.9437 0.0000e+00
      5.606      0.025     9.5187     89.297    144.039 108.957693    15.7500     2.9465     0.1278     0.4230 3.7660e+01     0.7026      5.497      7.973    12.9137 0.0000e+00
      5.613      0.024     9.4846     89.319    144.088 108.982780    15.7500     2.7520     0.1278     0.4230 3.6547e+01     0.6573      5.504      7.983    12.8893 0.0000e+00
      5.619      0.022     9.4606     89.406    144.120 109.026199    15.7500     2.7329     0.1278     0.4230 3.5809e+01     0.6271      5.511      7.993    12.8629 0.0000e+00
      5.625      0.021     9.4473     89.527    144.102 109.041554    15.7500     2.7291     0.1278     0.4230 3.5708e+01     0.5515      5.516      8.001    12.8367 0.0000e+00
      5.629      0.020     9.4433     89.650    144.025 108.994954    15.8400     2.7443     0.1278     0.5922 3.5801e+01     0.7328      5.520      8.007    12.8192 0.0000e+00
      5.633      0.019     9.4465     89.756    143.960 108.927957    15.8400     2.5803     0.1278     0.5922 3.5560e+01     0.6573      5.524      8.012    12.8150 0.0000e+00
      5.637      0.018     9.4543     89.840    143.968 108.896670    15.8400     2.5841     0.1278     0.5922 3.5268e+01     0.6875      5.529      8.018    12.8217 0.0000e+00
      5.642      0.018     9.4649     89.901    144.026 108.896744    15.8400     2.6070     0.1278     0.5922 3.5016e+01     0.6271      5.533      8.025    12.8318 0.0000e+00
      5.647      0.018     9.4771     89.943    144.075 108.892211    15.8400     2.6070     0.1278     0.4653 3.4879e+01     0.6120      5.538      8.032    12.8359 0.0000e+00
      5.652      0.018     9.4896     89.968    144.088 108.861867    15.8400     2.5956     0.1278     0.4653 3.4910e+01     0.5817      5.543      8.039    12.8298 0.0000e+00
      5.656      0.017     9.5012     89.973    144.083 108.821609    15.8400     2.5994     0.1278     0.4653 3.5062e+01     0.5817      5.547      8.045    12.8166 0.0000e+00
      5.660      0.016     9.5109     89.957    144.086 108.796690    15.8400     2.6261     0.1278     0.4653 3.5276e+01     0.6422      5.551      8.051    12.8016 0.0000e+00
      5.664      0.015     9.5185     89.924    144.079 108.772464    15.8400     2.6070     0.1278     0.4653 3.5375e+01     0.6573      5.555      8.057    12.7871 0.0000e+00
      5.668      0.014     9.5241     89.880    144.046 108.722480    15.8400     2.6337     0.1278     0.6345 3.5475e+01     0.7781      5.559      8.062    12.7731 0.0000e+00
      5.672      0.013     9.5273     89.830    144.025 108.667398    15.8400     2.5994     0.1278     0.6345 3.5568e+01     0.7177      5.562      8.067    12.7603 0.0000e+00
      5.675      0.013     9.5277     89.780    144.064 108.656502    15.8400     2.5803     0.1278     0.6345 3.5847e+01     0.6724      5.565      8.072    12.7510 0.0000e+00
      5.678      0.012     9.5256     89.732    144.153 108.698879    15.8400     2.5879     0.1278     0.6345 3.6043e+01     0.7328      5.568      8.076    12.7445 0.0000e+00
      5.681      0.012     9.5228     89.680    144.209 108.737853    15.7500     2.6795     0.1278     0.6345 3.6294e+01     0.6422      5.571      8.080    12.7357 0.0000e+00
      5.684      0.011     9.5204     89.614    144.194 108.733836    15.7500     2.6642     0.1278     0.6345 3.6835e+01     0.6573      5.574      8.084    12.7222 0.0000e+00
      5.687      0.011     9.5182     89.527    144.172 108.727742    15.7500     2.6642     0.1278     0.6345 3.7148e+01     0.6724      5.577      8.088    12.7081 0.0000e+00
      5.690      0.010     9.5149     89.420    144.186 108.755934    15.7500     2.6871     0.1278     0.6345 3.7586e+01     0.7479      5.580      8.093    12.6997 0.0000e+00
      5.692      0.010     9.5096     89.300    144.183 108.779946    15.7500     2.6871     0.1278     0.4653 3.8047e+01     0.6724      5.583      8.097    12.6986 0.0000e+00
      5.695      0.010     9.5021     89.179    144.111 108.748203    15.7500     2.6719     0.1278     0.4653 3.8672e+01     0.5817      5.585      8.100    12.7011 0.0000e+00
      5.697      0.010     9.4920     89.085    143.999 108.666239    15.7500     2.6757     0.1278     0.4653 3.9341e+01     0.5969      5.587      8.102    12.7045 0.0000e+00
      5.698      0.011     9.4794     89.038    143.926 108.588171    15.7500     2.6871     0.1278     0.4653 3.9496e+01     0.6271      5.588      8.105    12.7107 0.0000e+00
      5.701      0.013     9.4647     89.037    143.921 108.547158    15.6600     2.7329     0.0852     0.5499 3.9273e+01     0.6422      5.591      8.109    12.7198 0.0000e+00
      5.705      0.015     9.4503     89.072    143.942 108.530261    15.6600     2.7291     0.0852     0.5499 3.9162e+01     0.6724      5.595      8.115    12.7276 0.0000e+00
      5.710      0.018     9.4401     89.124    143.939 108.504983    15.6600     2.7215     0.0852     0.5499 3.9427e+01     0.6120      5.600      8.121    12.7287 0.0000e+00
      5.715      0.020     9.4368     89.164    143.907 108.456587    15.6600     2.7558     0.0852     0.5499 4.0101e+01     0.6724      5.605      8.129    12.7206 0.0000e+00
      5.720      0.021     9.4395     89.180    143.888 108.412151    15.6600     2.6871     0.0852     0.5499 4.0920e+01     0.7177      5.610      8.136    12.7076 0.0000e+00
      5.726      0.023     9.4456     89.168    143.907 108.393812    15.7500     2.6719     0.0852     0.5499 4.1882e+01     0.6120      5.615      8.144    12.6965 0.0000e+00
      5.732      0.024     9.4528     89.125    143.945 108.384684    15.7500     2.6719     0.0852     0.5499 4.2413e+01     0.7479      5.621      8.153    12.6885 0.0000e+00
      5.738      0.025     9.4588     89.055    143.980 108.362339    15.7500     2.6604     0.0852     0.5499 4.2867e+01     0.6422      5.627      8.162    12.6800 0.0000e+00
      5.745      0.026     9.4628     88.969    144.007 108.324816    15.7500     2.5574     0.0852     0.5499 4.2989e+01     0.6120      5.634      8.171    12.6694 0.0000e+00
      5.752      0.026     9.4639     88.876    144.038 108.290095    15.5700     2.5307     0.1278     0.5499 4.2728e+01     0.6875      5.641      8.181    12.6580 0.0000e+00
      5.759      0.027     9.4621     88.778    144.077 108.264908    15.5700     2.5307     0.1278     0.5499 4.2248e+01     0.6724      5.648      8.191    12.6449 0.0000e+00
      5.766      0.027     9.4583     88.666    144.114 108.246535    15.5700     2.5422     0.1278     0.5499 4.1682e+01     0.6573      5.655      8.201    12.6280 0.0000e+00
      5.773      0.026     9.4534     88.531    144.165 108.250066    15.5700     2.4659     0.1278     0.5499 4.1403e+01     0.6724      5.661      8.211    12.6081 0.0000e+00
      5.780      0.025     9.4478     88.363    144.223 108.272444    15.6600     2.4735     0.1278     0.5499 4.1565e+01     0.7026      5.668      8.221    12.5878 0.0000e+00
      5.786      0.024     9.4414     88.153    144.264 108.295644    15.6600     2.4773     0.1278     0.5499 4.2330e+01     0.6271      5.675      8.230    12.5689 0.0000e+00
      5.792      0.023     9.4329     87.900    144.287 108.317857    15.6600     2.4773     0.1278     0.5499 4.3771e+01     0.6875      5.681      8.239    12.5528 0.0000e+00
      5.798      0.022     9.4211     87.612    144.290 108.337009    15.6600     2.3934     0.1278     0.5499 4.6054e+01     0.6422      5.686      8.247    12.5408 0.0000e+00
      5.803      0.021     9.4047     87.309    144.268 108.350210    15.6600     2.4201     0.1278     0.5922 4.8499e+01     0.6724      5.691      8.254    12.5335 0.0000e+00
      5.808      0.021     9.3830     87.020    144.233 108.360983    15.6600     2.4125     0.1278     0.5922 5.1095e+01     0.6724      5.696      8.261    12.5310 0.0000e+00
      5.813      0.020     9.3557     86.778    144.193 108.364206    15.6600     2.4163     0.1278     0.5922 5.3936e+01     0.7026      5.701      8.269    12.5326 0.0000e+00
      5.818      0.020     9.3238     86.604    144.157 108.360741    15.6600     2.4163     0.1278     0.5922 5.6209e+01     0.6724      5.706      8.276    12.5385 0.0000e+00
      5.824      0.020     9.2894     86.512    144.121 108.345664    15.6600     2.4125     0.1278     0.5922 5.7407e+01     0.5817      5.711      8.284    12.5488 0.0000e+00
      5.829      0.020     9.2560     86.509    144.077 108.310959    15.6600     2.4354     0.0852     0.4653 5.7782e+01     0.6875      5.717      8.291    12.5616 0.0000e+00
      5.834      0.021     9.2278     86.588    144.049 108.271362    15.6600     2.4125     0.0852     0.4653 5.7532e+01     0.6120      5.722      8.298    12.5732 0.0000e+00
      5.839      0.021     9.2077     86.733    144.046 108.236305    15.6600     2.4239     0.0852     0.4653 5.6947e+01     0.5969      5.727      8.305    12.5813 0.0000e+00
      5.844      0.021     9.1970     86.919    144.067 108.216429    15.6600     2.3438     0.0852     0.4653 5.5759e+01     0.5515      5.732      8.313    12.5855 0.0000e+00
      5.850      0.021     9.1968     87.116    144.111 108.222426    15.5700     2.3438     0.0852     0.5922 5.4977e+01     0.5817      5.737      8.321    12.5849 0.0000e+00
      5.855      0.021     9.2066     87.300    144.170 108.247897    15.5700     2.3438     0.0852     0.5922 5.5001e+01     0.6724      5.742      8.329    12.5783 0.0000e+00
      5.861      0.021     9.2245     87.452    144.201 108.257649    15.5700     2.3552     0.0852     0.5922 5.5929e+01     0.6724      5.748      8.337    12.5668 0.0000e+00
      5.866      0.021     9.2468     87.552    144.179 108.228293    15.5700     2.4277     0.0852     0.5922 5.7795e+01     0.7026      5.753      8.344    12.5547 0.0000e+00
      5.872      0.022     9.2698     87.586    144.149 108.193985    15.5700     2.4354     0.1278     0.4653 5.9231e+01     0.6120      5.758      8.352    12.5451 0.0000e+00
      5.877      0.022     9.2906     87.554    144.128 108.167567    15.5700     2.4430     0.1278     0.4653 5.8617e+01     0.6422      5.764      8.359    12.5386 0.0000e+00
      5.883      0.022     9.3077     87.464    144.099 108.133998    15.5700     2.4048     0.1278     0.4653 5.6063e+01     0.6120      5.769      8.367    12.5340 0.0000e+00
      5.888      0.023     9.3193     87.327    144.072 108.096321    15.5700     2.3552     0.1278     0.4653 5.3504e+01     0.5666      5.775      8.376    12.5296 0.0000e+00
      5.894      0.024     9.3238     87.151    144.054 108.060481    15.5700     2.3438     0.1278     0.4653 5.2286e+01     0.6271      5.780      8.384    12.5255 0.0000e+00
      5.901      0.025     9.3211     86.957    144.032 108.020920    15.5700     2.3858     0.1278     0.5499 5.3399e+01     0.7026      5.786      8.393    12.5218 0.0000e+00
      5.907      0.026     9.3124     86.773    143.991 107.969086    15.5700     2.3552     0.1278     0.5499 5.5313e+01     0.6120      5.793      8.402    12.5176 0.0000e+00
      5.913      0.027     9.2990     86.618    143.955 107.923142    15.5700     2.2866     0.1278     0.5499 5.6602e+01     0.6422      5.799      8.411    12.5116 0.0000e+00
      5.921      0.028     9.2820     86.499    143.944 107.896826    15.5700     2.3095     0.1278     0.5499 5.5121e+01     0.6724      5.806      8.421    12.5040 0.0000e+00
      5.928      0.030     9.2630     86.409    143.958 107.891117    15.6600     2.2980     0.1278     0.4230 5.1608e+01     0.6120      5.814      8.432    12.4959 0.0000e+00
      5.936      0.031     9.2449     86.336    144.015 107.920485    15.6600     2.2904     0.1278     0.4230 4.7353e+01     0.6422      5.821      8.443    12.4885 0.0000e+00
      5.944      0.032     9.2297     86.276    144.094 107.970770    15.6600     2.0997     0.1278     0.4230 4.4019e+01     0.9594      5.829      8.455    12.4820 0.0000e+00
      5.952      0.032     9.2183     86.231    144.133 107.995404    15.6600     2.1492     0.1278     0.4230 4.2257e+01     0.9594      5.837      8.466    12.4759 0.0000e+00
      5.961      0.033     9.2100     86.198    144.119 107.984962    15.6600     2.1187     0.0852     0.3384 4.1196e+01     0.8386      5.845      8.478    12.4700 0.0000e+00
      5.969      0.033     9.2031     86.174    144.095 107.968649    15.6600     2.1264     0.0852     0.3384 4.0381e+01     0.8990      5.854      8.490    12.4653 0.0000e+00
      5.978      0.034     9.1974     86.158    144.089 107.964105    15.6600     2.1836     0.0852     0.3384 3.9222e+01     0.7932      5.862      8.503    12.4622 0.0000e+00
      5.987      0.034     9.1928     86.152    144.105 107.972119    15.6600     2.1798     0.0852     0.3384 3.7423e+01     0.8386      5.871      8.515    12.4609 0.0000e+00
      5.995      0.034     9.1893     86.162    144.126 107.982831    15.5700     2.1874     0.0852     0.4653 3.5855e+01     0.9443      5.879      8.527    12.4609 0.0000e+00
      6.004      0.035     9.1866     86.184    144.136 107.985103    15.5700     2.1950     0.0852     0.4653 3.4442e+01     0.8688      5.888      8.540    12.4614 0.0000e+00
      6.012      0.035     9.1849     86.203    144.142 107.981542    15.5700     1.9738     0.0852     0.4653 3.4167e+01     0.6120      5.896      8.552    12.4613 0.0000e+00
      6.021      0.035     9.1846     86.212    144.142 107.969197    15.5700     2.0043     0.0852     0.4653 3.5130e+01     0.7177      5.905      8.565    12.4599 0.0000e+00
      6.031      0.035     9.1861     86.213    144.137 107.948774    15.5700     2.0157     0.0852     0.4653 3.7890e+01     0.6724      5.914      8.578    12.4582 0.0000e+00
      6.040      0.035     9.1888     86.216    144.148 107.938817    15.5700     1.9890     0.0852     0.5076 4.2156e+01     0.5817      5.923      8.591    12.4564 0.0000e+00
      6.049      0.035     9.1914     86.227    144.162 107.936669    15.5700     1.9776     0.0852     0.5076 4.8037e+01     0.8688      5.932      8.604    12.4538 0.0000e+00
      6.058      0.034     9.1932     86.250    144.169 107.939758    15.5700     1.9928     0.0852     0.5076 5.5711e+01     0.9745      5.941      8.617    12.4494 0.0000e+00
