Data/DataNotYetUploadedToEDI/Raw_CTD/RawDownloads/052826_ccr20_S8188005.cnv
* Sea-Bird SBE19plus  Data File:
* FileName = C:\R\Reservoirs\Data\DataNotYetUploadedToEDI\Raw_CTD\RawDownloads\062526_ccr50_S8188_0005.hex
* Software version 2.8.0.119
* Temperature SN = 8188
* Conductivity SN = 8188
* System UpLoad Time = Jun 29 2026 18:08:33
* <ApplicationData>
* <Seaterm232>
# nquan = 16
# nvalues = 2008                        
# units = specified
# name 0 = depFM: Depth [fresh water, m]
# name 1 = dz/dtM: Descent Rate [m/s]
# name 2 = sbeox0Mg/L: Oxygen, SBE 43 [mg/l]
# name 3 = sbeox0PS: Oxygen, SBE 43 [% saturation]
# name 4 = specc: Specific Conductance [uS/cm]
# name 5 = c0uS/cm: Conductivity [uS/cm]
# name 6 = wetCDOM: Fluorescence, WET Labs CDOM [mg/m^3]
# name 7 = flECO-AFL: Fluorescence, WET Labs ECO-AFL/FL [mg/m^3]
# name 8 = flECO-AFL1: Fluorescence, WET Labs ECO-AFL/FL, 2 [mg/m^3]
# name 9 = flECO-AFL2: Fluorescence, WET Labs ECO-AFL/FL, 3 [mg/m^3]
# name 10 = par/sat/log: PAR/Logarithmic, Satlantic
# name 11 = turbWETntu0: Turbidity, WET Labs ECO [NTU]
# name 12 = prdM: Pressure, Strain Gauge [db]
# name 13 = prdE: Pressure, Strain Gauge [psi]
# name 14 = tv290C: Temperature [ITS-90, deg C]
# name 15 = flag:  0.000e+00
# span 0 =     -0.420,      5.346       
# span 1 =     -0.173,      0.159       
# span 2 =     4.8602,     8.3054       
# span 3 =     46.171,     98.554       
# span 4 =   -442.709,    155.842       
# span 5 =-434.960304, 152.728845       
# span 6 =    -4.5000,    22.3200       
# span 7 =     0.0664,   245.1568       
# span 8 =    -2.1300,     3.7062       
# span 9 =    -2.0304,     2.0304       
# span 10 = 6.6983e+01, 4.0043e+03      
# span 11 =    -0.4606,    62.2462      
# span 12 =     -0.412,      5.242      
# span 13 =     -0.597,      7.604      
# span 14 =    12.7274,    24.1720      
# span 15 = 0.0000e+00, 0.0000e+00      
# interval = seconds: 0.25
# start_time = May 28 2026 12:27:55 [Instrument's time stamp, header]
# bad_flag = -9.990e-29
*END*
[from data line 814]
      1.341      0.011     5.5825     65.724    155.610 149.355604    10.6200     0.3945     0.0426     0.1692 3.4209e+02     0.4307      1.315      1.907    23.0083 0.0000e+00
      1.343      0.011     5.6010     65.771    155.613 149.331469    10.6200     0.3830     0.0426     0.1692 4.6061e+02     0.2947      1.317      1.911    23.0018 0.0000e+00
      1.346      0.012     5.6174     65.824    155.646 149.327833    10.6200     0.4212     0.0426     0.1692 5.1807e+02     0.4458      1.320      1.915    22.9961 0.0000e+00
      1.349      0.012     5.6294     65.904    155.667 149.309668    10.6200     0.3983     0.0426     0.1692 3.1717e+02     0.4760      1.323      1.919    22.9909 0.0000e+00
      1.352      0.013     5.6370     66.013    155.643 149.250095    10.6200     0.3868     0.0852     0.1269 7.5284e+02     0.4458      1.326      1.924    22.9848 0.0000e+00
      1.356      0.014     5.6420     66.161    155.612 149.191317    10.6200     0.4250     0.0852     0.1269 3.7633e+02     0.3249      1.329      1.928    22.9762 0.0000e+00
      1.359      0.016     5.6477     66.374    155.598 149.159723    10.6200     0.4173     0.0852     0.1269 3.5419e+02     0.3854      1.333      1.933    22.9650 0.0000e+00
      1.363      0.018     5.6559     66.648    155.566 149.122851    10.6200     0.3945     0.0852     0.1269 4.7981e+02     0.4458      1.337      1.939    22.9527 0.0000e+00
      1.367      0.020     5.6664     66.957    155.521 149.082886    10.6200     0.3868     0.0852     0.1269 4.7278e+02     0.3703      1.341      1.945    22.9409 0.0000e+00
      1.373      0.023     5.6802     67.300    155.498 149.069235    10.6200     0.4212     0.0426     0.1692 4.1399e+02     0.4005      1.346      1.952    22.9315 0.0000e+00
      1.379      0.026     5.6991     67.708    155.506 149.078260    10.6200     0.4021     0.0426     0.1692 4.3483e+02     0.3552      1.353      1.962    22.9257 0.0000e+00
      1.387      0.029     5.7229     68.216    155.522 149.080318    10.6200     0.4250     0.0426     0.1692 4.0378e+02     0.3552      1.360      1.972    22.9236 0.0000e+00
      1.395      0.031     5.7493     68.848    155.534 149.055928    10.6200     0.4021     0.0426     0.1692 4.4632e+02     0.3854      1.368      1.984    22.9247 0.0000e+00
      1.403      0.031     5.7785     69.610    155.569 149.026628    10.5300     0.4059     0.0000     0.0000 3.7008e+02     0.3400      1.376      1.996    22.9272 0.0000e+00
      1.411      0.031     5.8134     70.482    155.624 148.996622    10.5300     0.4021     0.0000     0.0000 5.8561e+02     0.4156      1.384      2.008    22.9279 0.0000e+00
      1.420      0.030     5.8575     71.394    155.661 148.941875    10.5300     0.4097     0.0000     0.0000 4.3559e+02     0.4458      1.393      2.020    22.9236 0.0000e+00
      1.428      0.027     5.9132     72.240    155.707 148.901868    10.5300     0.4250     0.0000     0.0000 4.5891e+02     0.3854      1.401      2.031    22.9119 0.0000e+00
      1.435      0.025     5.9810     72.917    155.778 148.903987    10.4400     0.4631     0.0426     0.0846 4.5474e+02     0.2645      1.408      2.041    22.8919 0.0000e+00
      1.441      0.021     6.0590     73.343    155.811 148.886696    10.4400     0.4631     0.0426     0.0846 6.8123e+02     0.3552      1.413      2.049    22.8653 0.0000e+00
      1.445      0.019     6.1408     73.470    155.790 148.829359    10.4400     0.4708     0.0426     0.0846 5.0178e+02     0.4156      1.418      2.056    22.8362 0.0000e+00
      1.449      0.016     6.2167     73.303    155.775 148.784791    10.4400     0.4517     0.0426     0.0846 4.5100e+02     0.3552      1.422      2.062    22.8093 0.0000e+00
      1.453      0.015     6.2775     72.892    155.783 148.771153    10.4400     0.4135     0.0426     0.0846 8.7216e+02     0.3552      1.425      2.067    22.7881 0.0000e+00
      1.456      0.014     6.3160     72.308    155.797 148.770787    10.4400     0.4059     0.0426     0.1269 5.4735e+02     0.4609      1.428      2.071    22.7725 0.0000e+00
      1.459      0.013     6.3283     71.640    155.809 148.777584    10.4400     0.4021     0.0426     0.1269 5.7527e+02     0.3098      1.431      2.076    22.7604 0.0000e+00
      1.462      0.013     6.3150     70.978    155.780 148.761305    10.4400     0.4288     0.0426     0.1269 7.6140e+02     0.4307      1.434      2.080    22.7509 0.0000e+00
      1.466      0.013     6.2804     70.391    155.668 148.683555    10.4400     0.4212     0.0426     0.1269 5.0232e+02     0.4458      1.438      2.085    22.7441 0.0000e+00
      1.469      0.012     6.2306     69.928    155.555 148.605734    10.4400     0.4097     0.0426     0.1692 6.1469e+02     0.3854      1.441      2.090    22.7395 0.0000e+00
      1.473      0.010     6.1732     69.640    155.540 148.597232    10.4400     0.4212     0.0426     0.1692 5.1169e+02     0.3552      1.445      2.095    22.7382 0.0000e+00
      1.476      0.009     6.1158     69.533    155.583 148.605709    10.4400     0.3792     0.0426     0.1692 5.7079e+02     0.4458      1.448      2.099    22.7420 0.0000e+00
      1.478      0.007     6.0641     69.534    155.630 148.589355    10.4400     0.4059     0.0426     0.1692 7.5203e+02     0.1286      1.449      2.102    22.7513 0.0000e+00
      1.479      0.004     6.0231     69.547    155.699 148.585868    10.4400     0.4021     0.0426     0.1269 6.0226e+02     0.0983      1.450      2.104    22.7610 0.0000e+00
      1.479      0.002     5.9981     69.508    155.779 148.602325    10.4400     0.4021     0.0426     0.1269 5.5525e+02     0.0983      1.451      2.104    22.7627 0.0000e+00
      1.480      0.000     5.9901     69.389    155.821 148.601046    10.4400     0.3716     0.0426     0.1269 5.7477e+02     0.1739      1.451      2.105    22.7523 0.0000e+00
      1.479     -0.002     5.9923     69.190    155.831 148.591701    10.4400     0.4021     0.0426     0.1269 5.1840e+02     0.3400      1.451      2.104    22.7328 0.0000e+00
      1.479     -0.003     5.9960     68.947    155.842 148.605852    10.4400     0.4021     0.0426     0.2115 7.0121e+02     0.4458      1.450      2.103    22.7104 0.0000e+00
      1.477     -0.004     5.9949     68.714    155.831 148.617227    10.4400     0.3983     0.0426     0.2115 5.7215e+02     0.4156      1.449      2.101    22.6911 0.0000e+00
      1.475     -0.003     5.9861     68.536    155.763 148.590801    10.4400     0.4097     0.0426     0.2115 7.1848e+02     0.4307      1.447      2.098    22.6779 0.0000e+00
      1.474      0.000     5.9696     68.455    155.686 148.567603    10.4400     0.4135     0.0426     0.2115 5.9913e+02     0.4005      1.445      2.096    22.6718 0.0000e+00
      1.474      0.003     5.9485     68.499    155.613 148.559476    10.4400     0.3906     0.0426     0.2115 8.0513e+02     0.4156      1.445      2.096    22.6728 0.0000e+00
      1.475      0.008     5.9276     68.641    155.503 148.520189    10.4400     0.4326     0.0852     0.0846 7.6123e+02     0.4005      1.446      2.097    22.6801 0.0000e+00
      1.477      0.012     5.9109     68.828    155.383 148.467313    10.4400     0.3983     0.0852     0.0846 6.2942e+02     0.4911      1.449      2.101    22.6924 0.0000e+00
      1.482      0.016     5.9021     69.024    155.259 148.400774    10.4400     0.4135     0.0852     0.0846 9.9751e+02     0.4307      1.453      2.107    22.7086 0.0000e+00
      1.487      0.020     5.9036     69.213    155.110 148.294818    10.4400     0.3945     0.0852     0.0846 6.0699e+02     0.4911      1.458      2.115    22.7282 0.0000e+00
      1.493      0.024     5.9135     69.392    154.968 148.175276    10.5300     0.4021     0.0852     0.2115 7.4812e+02     0.3703      1.464      2.123    22.7493 0.0000e+00
      1.499      0.028     5.9274     69.589    154.862 148.064355    10.5300     0.4212     0.0852     0.2115 7.8305e+02     0.4156      1.470      2.132    22.7693 0.0000e+00
      1.506      0.033     5.9424     69.861    154.837 148.002582    10.5300     0.4059     0.0852     0.2115 6.5695e+02     0.3854      1.477      2.142    22.7859 0.0000e+00
      1.514      0.038     5.9573     70.284    154.879 147.987500    10.5300     0.4135     0.0852     0.2115 6.3977e+02     0.4156      1.485      2.154    22.7976 0.0000e+00
      1.524      0.043     5.9721     70.951    154.828 147.902908    10.4400     0.4135     0.0852     0.0846 5.7452e+02     0.3249      1.495      2.168    22.8029 0.0000e+00
      1.536      0.047     5.9895     71.966    154.692 147.762301    10.4400     0.3945     0.0852     0.0846 5.3395e+02     0.4760      1.506      2.185    22.8000 0.0000e+00
      1.550      0.049     6.0143     73.407    154.627 147.686428    10.4400     0.4059     0.0852     0.0846 6.4171e+02     0.4458      1.520      2.205    22.7878 0.0000e+00
      1.565      0.050     6.0527     75.227    154.593 147.633025    10.4400     0.3945     0.0852     0.0846 5.6646e+02     0.5213      1.535      2.226    22.7700 0.0000e+00
      1.579      0.049     6.1116     77.223    154.503 147.541775    10.4400     0.4212     0.0852     0.0846 5.9330e+02     0.4156      1.549      2.246    22.7581 0.0000e+00
      1.591      0.047     6.1995     79.149    154.442 147.490500    10.4400     0.4288     0.0426     0.1269 5.2979e+02     0.3703      1.561      2.264    22.7548 0.0000e+00
      1.602      0.044     6.3242     80.777    154.424 147.479548    10.4400     0.4708     0.0426     0.1269 6.0739e+02     0.0983      1.572      2.279    22.7502 0.0000e+00
      1.612      0.041     6.4817     81.919    154.359 147.419872    10.4400     0.4708     0.0426     0.1269 5.6425e+02     0.0379      1.581      2.293    22.7436 0.0000e+00
      1.622      0.040     6.6539     82.470    154.261 147.325603    10.4400     0.4555     0.0426     0.1269 5.2922e+02     0.1588      1.591      2.307    22.7417 0.0000e+00
      1.632      0.040     6.8195     82.434    154.173 147.237702    10.4400     0.4669     0.0852     0.1269 4.8253e+02     0.1588      1.600      2.320    22.7440 0.0000e+00
      1.642      0.042     6.9595     81.923    154.127 147.182804    10.4400     0.4898     0.0852     0.1269 6.4943e+02    -0.0074      1.610      2.334    22.7462 0.0000e+00
      1.652      0.045     7.0578     81.147    154.103 147.138256    10.4400     0.4631     0.0852     0.1269 4.4284e+02     0.1286      1.620      2.349    22.7468 0.0000e+00
      1.663      0.047     7.1054     80.353    154.002 147.008053    10.4400     0.4822     0.0852     0.1269 5.3118e+02     0.2645      1.631      2.365    22.7466 0.0000e+00
      1.676      0.050     7.1024     79.762    153.889 146.841598    10.3500     0.4631     0.0852     0.0846 5.7853e+02     0.1286      1.644      2.384    22.7455 0.0000e+00
      1.690      0.051     7.0588     79.523    153.894 146.750732    10.3500     0.4021     0.0852     0.0846 4.8918e+02    -0.1585      1.657      2.404    22.7419 0.0000e+00
      1.705      0.053     6.9929     79.641    153.976 146.715225    10.3500     0.4288     0.0852     0.0846 4.3342e+02    -0.0376      1.671      2.424    22.7349 0.0000e+00
      1.718      0.053     6.9259     79.989    154.076 146.711578    10.3500     0.3868     0.0852     0.0846 5.1236e+02    -0.1434      1.685      2.444    22.7240 0.0000e+00
      1.731      0.053     6.8775     80.384    154.157 146.712776    10.3500     0.4059     0.0852     0.1269 4.0281e+02    -0.0980      1.698      2.462    22.7049 0.0000e+00
      1.744      0.052     6.8609     80.659    154.175 146.673068    10.3500     0.4021     0.0852     0.1269 4.7473e+02     0.2192      1.710      2.481    22.6737 0.0000e+00
      1.758      0.051     6.8760     80.686    154.180 146.627931    10.3500     0.3830     0.0852     0.1269 4.8653e+02     0.1739      1.723      2.499    22.6370 0.0000e+00
      1.771      0.050     6.9102     80.374    154.203 146.603383    10.3500     0.4059     0.0852     0.1269 4.7659e+02     0.1134      1.737      2.519    22.6047 0.0000e+00
      1.784      0.047     6.9476     79.679    154.215 146.564838    10.3500     0.4135     0.0852     0.1269 4.4807e+02     0.2192      1.749      2.537    22.5803 0.0000e+00
      1.796      0.044     6.9739     78.609    154.208 146.502013    10.4400     0.4555     0.0852     0.2115 5.0947e+02    -0.1434      1.762      2.555    22.5616 0.0000e+00
      1.808      0.041     6.9782     77.247    154.214 146.448227    10.4400     0.4479     0.0852     0.2115 4.4438e+02    -0.0829      1.773      2.571    22.5457 0.0000e+00
      1.818      0.037     6.9533     75.713    154.263 146.435199    10.4400     0.4860     0.0852     0.2115 4.5702e+02     0.0077      1.782      2.585    22.5304 0.0000e+00
      1.826      0.033     6.8952     74.125    154.336 146.453443    10.4400     0.4631     0.0852     0.2115 4.9571e+02    -0.0678      1.791      2.597    22.5141 0.0000e+00
      1.833      0.029     6.8049     72.581    154.376 146.457748    10.3500     0.4517     0.0426     0.2115 3.9561e+02    -0.0527      1.798      2.607    22.4962 0.0000e+00
      1.840      0.026     6.6894     71.159    154.364 146.435239    10.3500     0.4631     0.0426     0.2115 5.6144e+02    -0.0376      1.804      2.617    22.4769 0.0000e+00
      1.846      0.023     6.5590     69.908    154.350 146.433992    10.3500     0.4784     0.0426     0.2115 4.2080e+02     0.0077      1.810      2.625    22.4575 0.0000e+00
      1.852      0.020     6.4234     68.845    154.355 146.459686    10.3500     0.4784     0.0426     0.2115 4.9884e+02    -0.1131      1.816      2.633    22.4410 0.0000e+00
      1.856      0.018     6.2910     67.956    154.358 146.477115    10.4400     0.4288     0.0852     0.1269 4.7535e+02    -0.3549      1.820      2.640    22.4301 0.0000e+00
      1.860      0.015     6.1682     67.210    154.346 146.470898    10.4400     0.4173     0.0852     0.1269 4.7950e+02    -0.2944      1.824      2.646    22.4265 0.0000e+00
      1.864      0.013     6.0594     66.571    154.298 146.427360    10.4400     0.4288     0.0852     0.1269 4.8327e+02    -0.3397      1.828      2.651    22.4302 0.0000e+00
      1.867      0.011     5.9665     66.011    154.221 146.358924    10.4400     0.4021     0.0852     0.1269 4.5961e+02    -0.3095      1.831      2.655    22.4371 0.0000e+00
      1.870      0.009     5.8890     65.517    154.156 146.305425    10.4400     0.4517     0.0852     0.1269 4.6081e+02    -0.0980      1.833      2.659    22.4418 0.0000e+00
      1.872      0.008     5.8242     65.088    154.129 146.288649    10.4400     0.4708     0.0426     0.1692 4.7556e+02    -0.0678      1.835      2.662    22.4433 0.0000e+00
      1.873      0.007     5.7687     64.743    154.146 146.310133    10.4400     0.4898     0.0426     0.1692 4.8232e+02    -0.1283      1.837      2.664    22.4440 0.0000e+00
      1.874      0.007     5.7200     64.508    154.179 146.341556    10.4400     0.4517     0.0426     0.1692 5.1593e+02    -0.0678      1.838      2.665    22.4457 0.0000e+00
      1.875      0.007     5.6769     64.391    154.187 146.343228    10.4400     0.4517     0.0426     0.1692 4.9110e+02    -0.0829      1.839      2.667    22.4483 0.0000e+00
      1.877      0.007     5.6394     64.385    154.165 146.309587    10.5300     0.4593     0.0426     0.2115 5.5573e+02    -0.1131      1.841      2.670    22.4512 0.0000e+00
      1.880      0.006     5.6093     64.481    154.105 146.235666    10.5300     0.4746     0.0426     0.2115 4.1843e+02    -0.0829      1.843      2.673    22.4530 0.0000e+00
      1.882      0.006     5.5890     64.663    154.042 146.155831    10.5300     0.4517     0.0426     0.2115 5.5212e+02    -0.1736      1.845      2.676    22.4531 0.0000e+00
