Data/DataNotYetUploadedToEDI/Raw_CTD/RawDownloads/052826_ccr50_S8188003.cnv
* Sea-Bird SBE19plus  Data File:
* FileName = C:\R\Reservoirs\Data\DataNotYetUploadedToEDI\Raw_CTD\RawDownloads\062526_ccr50_S8188_0003.hex
* Software version 2.8.0.119
* Temperature SN = 8188
* Conductivity SN = 8188
* System UpLoad Time = Jun 29 2026 18:07:54
* <ApplicationData>
* <Seaterm232>
# nquan = 16
# nvalues = 2889                        
# units = specified
# name 0 = depFM: Depth [fresh water, m]
# name 1 = dz/dtM: Descent Rate [m/s]
# name 2 = sbeox0Mg/L: Oxygen, SBE 43 [mg/l]
# name 3 = sbeox0PS: Oxygen, SBE 43 [% saturation]
# name 4 = specc: Specific Conductance [uS/cm]
# name 5 = c0uS/cm: Conductivity [uS/cm]
# name 6 = wetCDOM: Fluorescence, WET Labs CDOM [mg/m^3]
# name 7 = flECO-AFL: Fluorescence, WET Labs ECO-AFL/FL [mg/m^3]
# name 8 = flECO-AFL1: Fluorescence, WET Labs ECO-AFL/FL, 2 [mg/m^3]
# name 9 = flECO-AFL2: Fluorescence, WET Labs ECO-AFL/FL, 3 [mg/m^3]
# name 10 = par/sat/log: PAR/Logarithmic, Satlantic
# name 11 = turbWETntu0: Turbidity, WET Labs ECO [NTU]
# name 12 = prdM: Pressure, Strain Gauge [db]
# name 13 = prdE: Pressure, Strain Gauge [psi]
# name 14 = tv290C: Temperature [ITS-90, deg C]
# name 15 = flag:  0.000e+00
# span 0 =     -0.481,     17.126       
# span 1 =     -0.472,      0.173       
# span 2 =     0.1352,     9.3849       
# span 3 =      1.209,    101.251       
# span 4 =   -655.316,    165.142       
# span 5 =-477.622404, 140.896813       
# span 6 =    -4.5000,    21.4200       
# span 7 =    -3.1380,   245.1606       
# span 8 =    -5.3250,     3.4080       
# span 9 =    -5.7528,     6.0489       
# span 10 = 1.1587e-01, 4.1369e+03      
# span 11 =    -7.1981,   971.1096      
# span 12 =     -0.472,     16.795      
# span 13 =     -0.684,     24.359      
# span 14 =    10.3373,    23.6132      
# span 15 = 0.0000e+00, 0.0000e+00      
# interval = seconds: 0.25
# start_time = May 28 2026 10:43:45 [Instrument's time stamp, header]
# bad_flag = -9.990e-29
*END*
[from data line 2080]
     12.791      0.027     9.1735     84.114     95.193  69.489603    15.7500     1.0010     0.0852     0.2538 2.2406e+00     0.8083     12.544     18.193    11.4999 0.0000e+00
     12.798      0.027     9.1793     84.016     62.047  45.290626    15.7500     0.9896     0.1278     0.1692 2.2260e+00     0.8839     12.550     18.202    11.4991 0.0000e+00
     12.804      0.026     9.1796     83.921      6.809   4.960916    15.7500     1.0277     0.1278     0.1692 2.2231e+00     1.0047     12.556     18.211    11.4988 0.0000e+00
     12.810      0.026     9.1745     83.844    -85.208 -62.224131    15.7500     0.8789     0.1278     0.1692 2.2275e+00     0.9745     12.563     18.220    11.4990 0.0000e+00
     12.817      0.027     9.1655     83.792   -238.530-174.172532    15.7500     0.8789     0.1278     0.1692 2.2097e+00     0.8688     12.569     18.229    11.4996 0.0000e+00
     12.824      0.028     9.1546     83.769   -494.073-360.759181    15.7500     0.8980     0.1278     0.1692 2.2188e+00     0.9292     12.575     18.239    11.5005 0.0000e+00
     12.831      0.029     9.1442     83.772   -653.757-477.355128    15.7500     0.8980     0.0852     0.2538 2.2343e+00     0.9141     12.582     18.249    11.5014 0.0000e+00
     12.838      0.031     9.1357     83.796   -493.972-360.689222    15.7500     0.8484     0.0852     0.2538 2.1777e+00     0.8990     12.590     18.260    11.5020 0.0000e+00
     12.846      0.034     9.1302     83.830   -238.375-174.065932    15.7500     0.8904     0.0852     0.2538 2.1476e+00     0.8688     12.598     18.271    11.5021 0.0000e+00
     12.855      0.036     9.1280     83.864    -85.031 -62.104439    15.7500     0.8866     0.0852     0.2538 2.1939e+00     1.0349     12.606     18.284    11.5017 0.0000e+00
     12.865      0.038     9.1287     83.894      6.942   5.047657    15.7500     0.8599     0.0852     0.3384 2.1901e+00     0.9594     12.616     18.298    11.5011 0.0000e+00
     12.875      0.040     9.1313     83.919     62.081  45.305577    15.7500     0.8713     0.0852     0.3384 2.1570e+00     0.9443     12.626     18.313    11.5004 0.0000e+00
     12.886      0.041     9.1349     83.940     95.136  69.438750    15.7500     0.9438     0.0852     0.3384 2.0987e+00     1.2162     12.637     18.328    11.4996 0.0000e+00
     12.897      0.042     9.1386     83.962    114.958  83.910674    15.7500     0.9018     0.0852     0.3384 2.1070e+00     1.0954     12.648     18.344    11.4987 0.0000e+00
     12.908      0.042     9.1420     83.980    126.853  92.594523    15.7500     0.9476     0.0852     0.2115 2.0680e+00     1.1407     12.659     18.360    11.4978 0.0000e+00
     12.919      0.041     9.1448     83.990    134.008  97.817983    15.7500     0.9362     0.0852     0.2115 2.0883e+00     1.1709     12.669     18.375    11.4970 0.0000e+00
     12.929      0.039     9.1472     83.985    138.341 100.981972    15.7500     0.8370     0.0852     0.2115 2.0756e+00     1.0500     12.679     18.390    11.4963 0.0000e+00
     12.939      0.037     9.1497     83.960    140.974 102.904235    15.7500     0.8179     0.0852     0.2115 2.0974e+00     0.8386     12.689     18.404    11.4958 0.0000e+00
     12.948      0.035     9.1517     83.912    142.568 104.067389    15.7500     0.8255     0.0852     0.2538 2.0666e+00     0.9745     12.698     18.417    11.4955 0.0000e+00
     12.957      0.032     9.1528     83.839    143.540 104.777611    15.7500     0.8065     0.0852     0.2538 2.0429e+00     0.8990     12.707     18.430    11.4952 0.0000e+00
     12.965      0.029     9.1524     83.736    144.121 105.202305    15.7500     0.7721     0.0852     0.2538 2.0363e+00     1.0803     12.715     18.441    11.4951 0.0000e+00
     12.973      0.026     9.1497     83.603    144.440 105.436730    15.7500     0.7683     0.0852     0.2538 2.0257e+00     1.2162     12.722     18.452    11.4950 0.0000e+00
     12.979      0.023     9.1444     83.465    144.604 105.559393    15.7500     0.7797     0.0852     0.2538 1.9714e+00     1.1709     12.728     18.461    11.4949 0.0000e+00
     12.984      0.020     9.1365     83.351    144.706 105.636987    15.7500     0.7759     0.1278     0.1692 1.9899e+00     1.1860     12.733     18.468    11.4950 0.0000e+00
     12.988      0.017     9.1252     83.272    144.793 105.704196    15.7500     0.8370     0.1278     0.1692 2.0082e+00     0.8839     12.737     18.474    11.4954 0.0000e+00
     12.992      0.015     9.1106     83.231    144.868 105.762951    15.7500     0.8141     0.1278     0.1692 2.0034e+00     0.9292     12.741     18.479    11.4959 0.0000e+00
     12.995      0.014     9.0954     83.226    144.931 105.812928    15.7500     0.7797     0.1278     0.1692 1.9895e+00     0.9141     12.744     18.484    11.4968 0.0000e+00
     12.999      0.013     9.0827     83.245    144.959 105.837469    15.7500     0.7988     0.0852     0.2115 2.0069e+00     0.8839     12.747     18.489    11.4979 0.0000e+00
     13.002      0.013     9.0738     83.262    144.950 105.833125    15.7500     0.8141     0.0852     0.2115 2.0047e+00     0.9745     12.750     18.493    11.4992 0.0000e+00
     13.005      0.013     9.0690     83.267    144.942 105.828721    15.7500     0.7988     0.0852     0.2115 2.0209e+00     0.8235     12.753     18.497    11.5006 0.0000e+00
     13.008      0.014     9.0682     83.260    144.965 105.845074    15.7500     0.8446     0.0852     0.2115 2.0288e+00     1.0047     12.756     18.501    11.5019 0.0000e+00
     13.011      0.015     9.0700     83.248    144.990 105.860555    15.7500     0.8370     0.1278     0.2538 1.9930e+00     0.9745     12.759     18.506    11.5032 0.0000e+00
     13.015      0.016     9.0717     83.246    144.981 105.849309    15.7500     0.9094     0.1278     0.2538 2.0204e+00     1.1105     12.763     18.511    11.5042 0.0000e+00
     13.019      0.016     9.0721     83.260    144.948 105.820329    15.7500     0.8637     0.1278     0.2538 1.9761e+00     1.2011     12.767     18.518    11.5047 0.0000e+00
     13.024      0.017     9.0714     83.291    144.921 105.795874    15.7500     0.8789     0.1278     0.2538 1.9744e+00     1.1860     12.772     18.524    11.5046 0.0000e+00
     13.029      0.016     9.0703     83.334    144.914 105.787412    15.7500     0.8789     0.0852     0.1692 1.9603e+00     1.1709     12.777     18.531    11.5036 0.0000e+00
     13.033      0.015     9.0704     83.383    144.924 105.792686    15.7500     0.8827     0.0852     0.1692 1.9379e+00     0.9896     12.781     18.537    11.5019 0.0000e+00
     13.037      0.014     9.0723     83.430    144.952 105.813103    15.7500     0.8866     0.0852     0.1692 1.9522e+00     0.8688     12.785     18.543    11.5001 0.0000e+00
     13.040      0.012     9.0760     83.462    144.972 105.828121    15.7500     0.8637     0.0852     0.1692 1.9484e+00     0.8990     12.788     18.547    11.4985 0.0000e+00
     13.043      0.010     9.0809     83.476    144.942 105.807761    15.7500     0.8866     0.0852     0.1692 1.9337e+00     0.8990     12.791     18.551    11.4974 0.0000e+00
     13.045      0.007     9.0864     83.485    144.880 105.764585    15.7500     0.8179     0.1278     0.2538 1.9316e+00     0.9443     12.793     18.555    11.4968 0.0000e+00
     13.047      0.005     9.0916     83.509    144.836 105.735055    15.7500     0.8217     0.1278     0.2538 1.9603e+00     0.8990     12.794     18.557    11.4966 0.0000e+00
     13.048      0.004     9.0950     83.559    144.839 105.741283    15.7500     0.8179     0.1278     0.2538 1.9240e+00     0.8990     12.795     18.558    11.4968 0.0000e+00
     13.048      0.004     9.0964     83.637    144.891 105.782930    15.7500     0.8217     0.1278     0.2538 1.9804e+00     0.8235     12.795     18.558    11.4973 0.0000e+00
     13.048      0.004     9.0973     83.729    144.942 105.823125    15.7500     0.7569     0.0852     0.1692 1.9753e+00     0.8688     12.795     18.558    11.4979 0.0000e+00
     13.048      0.005     9.0997     83.817    144.956 105.834608    15.7500     0.7797     0.0852     0.1692 1.9270e+00     1.0652     12.796     18.559    11.4989 0.0000e+00
     13.050      0.006     9.1049     83.890    144.948 105.828435    15.7500     0.7569     0.0852     0.1692 1.9642e+00     0.8688     12.797     18.561    11.5002 0.0000e+00
     13.052      0.008     9.1131     83.933    144.914 105.802962    15.7500     0.7454     0.0852     0.1692 1.9169e+00     0.8083     12.799     18.564    11.5016 0.0000e+00
     13.054      0.010     9.1228     83.934    144.880 105.777381    15.7500     0.8065     0.0852     0.2538 1.9136e+00     0.8839     12.802     18.568    11.5025 0.0000e+00
     13.057      0.012     9.1323     83.892    144.888 105.782853    15.7500     0.8026     0.0852     0.2538 1.9727e+00     0.9745     12.804     18.571    11.5029 0.0000e+00
     13.060      0.014     9.1403     83.817    144.920 105.804843    15.7500     0.7950     0.0852     0.2538 1.9249e+00     1.0047     12.807     18.575    11.5029 0.0000e+00
     13.063      0.016     9.1451     83.728    144.956 105.829227    15.7500     0.8293     0.0852     0.2538 1.9497e+00     0.9443     12.811     18.580    11.5027 0.0000e+00
     13.068      0.019     9.1453     83.644    144.990 105.852513    15.7500     0.8293     0.0852     0.2538 1.9366e+00     1.0954     12.815     18.587    11.5025 0.0000e+00
     13.073      0.021     9.1407     83.572    145.013 105.866915    15.7500     0.7950     0.0852     0.2538 1.9036e+00     1.0954     12.820     18.594    11.5023 0.0000e+00
     13.079      0.024     9.1326     83.511    145.034 105.880273    15.7500     0.8217     0.0852     0.2538 1.9198e+00     1.2011     12.826     18.602    11.5019 0.0000e+00
     13.085      0.027     9.1230     83.462    145.054 105.892150    15.7500     0.8217     0.0852     0.2538 1.8974e+00     1.1105     12.832     18.611    11.5013 0.0000e+00
     13.092      0.031     9.1141     83.432    145.022 105.865734    15.7500     0.9438     0.0852     0.2538 1.9295e+00     0.9745     12.839     18.621    11.5005 0.0000e+00
     13.100      0.034     9.1064     83.418    144.943 105.803975    15.7500     0.9514     0.0852     0.2538 1.8835e+00     0.9141     12.847     18.633    11.4998 0.0000e+00
     13.110      0.036     9.0999     83.402    144.882 105.756372    15.7500     0.9323     0.0852     0.2538 1.8571e+00     1.0047     12.856     18.646    11.4990 0.0000e+00
     13.120      0.038     9.0948     83.360    144.850 105.730219    15.7500     0.9323     0.0852     0.2538 1.8350e+00     0.8990     12.866     18.661    11.4981 0.0000e+00
     13.131      0.039     9.0918     83.272    144.846 105.724540    15.7500     0.8751     0.0852     0.2538 1.7854e+00     0.9292     12.877     18.677    11.4970 0.0000e+00
     13.142      0.039     9.0904     83.131    144.861 105.733822    15.7500     0.8789     0.1278     0.1692 1.8398e+00     0.9443     12.888     18.692    11.4957 0.0000e+00
     13.152      0.039     9.0890     82.943    144.863 105.734553    15.7500     0.8827     0.1278     0.1692 1.8358e+00     0.9443     12.897     18.706    11.4945 0.0000e+00
     13.161      0.038     9.0845     82.729    144.872 105.740921    15.7500     0.8713     0.1278     0.1692 1.8318e+00     0.8990     12.907     18.720    11.4935 0.0000e+00
     13.171      0.036     9.0751     82.529    144.902 105.762620    15.7500     0.9438     0.1278     0.1692 1.7804e+00     1.1407     12.916     18.733    11.4928 0.0000e+00
     13.180      0.034     9.0599     82.390    144.905 105.765456    15.7500     0.9362     0.0852     0.2115 1.7808e+00     1.2011     12.925     18.747    11.4922 0.0000e+00
     13.189      0.033     9.0394     82.351    144.857 105.732195    15.7500     0.9438     0.0852     0.2115 1.7425e+00     1.1407     12.934     18.760    11.4919 0.0000e+00
     13.197      0.031     9.0162     82.418    144.816 105.703943    15.7500     0.9400     0.0852     0.2115 1.7158e+00     1.1709     12.942     18.771    11.4917 0.0000e+00
     13.205      0.030     8.9943     82.574    144.830 105.715144    15.7500     0.8713     0.0852     0.2115 1.8010e+00     0.9745     12.949     18.781    11.4918 0.0000e+00
     13.211      0.028     8.9792     82.789    144.862 105.738800    15.7500     0.8675     0.0852     0.2115 1.7478e+00     0.8990     12.956     18.791    11.4920 0.0000e+00
     13.218      0.027     8.9748     83.033    144.881 105.753235    15.7500     0.8789     0.0852     0.2961 1.7080e+00     0.8537     12.963     18.801    11.4925 0.0000e+00
     13.225      0.026     8.9820     83.267    144.891 105.760297    15.7500     0.8560     0.0852     0.2961 1.6977e+00     0.9745     12.970     18.811    11.4930 0.0000e+00
     13.232      0.025     8.9989     83.456    144.905 105.769867    15.7500     0.9018     0.0852     0.2961 1.7129e+00     1.0954     12.976     18.821    11.4935 0.0000e+00
     13.239      0.024     9.0224     83.585    144.931 105.788494    15.7500     0.8637     0.0852     0.2961 1.6797e+00     1.1709     12.983     18.830    11.4937 0.0000e+00
     13.245      0.022     9.0490     83.660    144.949 105.801156    15.7500     0.8789     0.0852     0.1692 1.6988e+00     1.1407     12.988     18.838    11.4937 0.0000e+00
     13.250      0.021     9.0744     83.692    144.977 105.821224    15.7500     0.8637     0.0852     0.1692 1.7028e+00     1.2011     12.994     18.846    11.4936 0.0000e+00
     13.255      0.019     9.0951     83.687    145.033 105.862045    15.7500     0.8942     0.0852     0.1692 1.6943e+00     1.0652     12.999     18.853    11.4934 0.0000e+00
     13.260      0.018     9.1091     83.655    145.083 105.898523    15.7500     0.8713     0.0852     0.1692 1.6680e+00     1.1105     13.003     18.859    11.4933 0.0000e+00
     13.264      0.016     9.1173     83.611    145.089 105.902404    15.7500     0.8713     0.0852     0.2538 1.6899e+00     1.2162     13.007     18.865    11.4932 0.0000e+00
     13.268      0.016     9.1209     83.567    145.047 105.870725    15.7500     0.8789     0.0852     0.2538 1.6943e+00     1.1709     13.011     18.871    11.4931 0.0000e+00
     13.272      0.015     9.1203     83.520    144.998 105.835018    15.7500     0.8866     0.0852     0.2538 1.6529e+00     1.1105     13.015     18.876    11.4930 0.0000e+00
     13.275      0.015     9.1168     83.461    144.959 105.805751    15.7500     0.8904     0.0852     0.2538 1.6497e+00     1.2011     13.018     18.882    11.4929 0.0000e+00
     13.279      0.014     9.1121     83.391    144.909 105.769123    15.7500     0.8827     0.0852     0.2538 1.6841e+00     1.1407     13.022     18.887    11.4928 0.0000e+00
     13.282      0.014     9.1073     83.318    144.863 105.735357    15.7500     0.8675     0.0852     0.4230 1.6651e+00     1.1407     13.025     18.892    11.4926 0.0000e+00
     13.286      0.013     9.1022     83.252    144.838 105.717438    15.7500     0.8789     0.0852     0.4230 1.6507e+00     1.1256     13.029     18.897    11.4925 0.0000e+00
     13.289      0.013     9.0959     83.195    144.826 105.708588    15.7500     0.8942     0.0852     0.4230 1.6500e+00     1.0954     13.032     18.902    11.4923 0.0000e+00
     13.293      0.012     9.0882     83.153    144.819 105.704448    15.7500     0.8522     0.0852     0.4230 1.6601e+00     1.1709     13.035     18.906    11.4922 0.0000e+00
     13.296      0.011     9.0803     83.132    144.812 105.699917    15.7500     0.8866     0.0852     0.1269 1.6347e+00     1.0954     13.038     18.911    11.4922 0.0000e+00
     13.298      0.010     9.0731     83.143    144.802 105.693785    15.7500     0.8942     0.0852     0.1269 1.6311e+00     0.9745     13.041     18.914    11.4923 0.0000e+00
