Data/DataNotYetUploadedToEDI/Raw_CTD/RawDownloads/052826_ccr88_S8188002.cnv
* Sea-Bird SBE19plus  Data File:
* FileName = C:\R\Reservoirs\Data\DataNotYetUploadedToEDI\Raw_CTD\RawDownloads\062526_ccr50_S8188_0002.hex
* Software version 2.8.0.119
* Temperature SN = 8188
* Conductivity SN = 8188
* System UpLoad Time = Jun 29 2026 18:07:13
* <ApplicationData>
* <Seaterm232>
# nquan = 16
# nvalues = 3913                        
# units = specified
# name 0 = depFM: Depth [fresh water, m]
# name 1 = dz/dtM: Descent Rate [m/s]
# name 2 = sbeox0Mg/L: Oxygen, SBE 43 [mg/l]
# name 3 = sbeox0PS: Oxygen, SBE 43 [% saturation]
# name 4 = specc: Specific Conductance [uS/cm]
# name 5 = c0uS/cm: Conductivity [uS/cm]
# name 6 = wetCDOM: Fluorescence, WET Labs CDOM [mg/m^3]
# name 7 = flECO-AFL: Fluorescence, WET Labs ECO-AFL/FL [mg/m^3]
# name 8 = flECO-AFL1: Fluorescence, WET Labs ECO-AFL/FL, 2 [mg/m^3]
# name 9 = flECO-AFL2: Fluorescence, WET Labs ECO-AFL/FL, 3 [mg/m^3]
# name 10 = par/sat/log: PAR/Logarithmic, Satlantic
# name 11 = turbWETntu0: Turbidity, WET Labs ECO [NTU]
# name 12 = prdM: Pressure, Strain Gauge [db]
# name 13 = prdE: Pressure, Strain Gauge [psi]
# name 14 = tv290C: Temperature [ITS-90, deg C]
# name 15 = flag:  0.000e+00
# span 0 =     -0.454,      8.270       
# span 1 =     -0.179,      0.119       
# span 2 =     4.2548,     9.3794       
# span 3 =     50.535,    101.782       
# span 4 =   -620.152,    146.023       
# span 5 =-473.371002, 141.469118       
# span 6 =   -28.9800,    17.1000       
# span 7 =    -2.8061,   245.1492       
# span 8 =    -2.1300,    10.2666       
# span 9 =   -12.6900,     4.8222       
# span 10 = 1.0042e+01, 2.4697e+03      
# span 11 =    -1.1555,   971.0642      
# span 12 =     -0.445,      8.111      
# span 13 =     -0.646,     11.763      
# span 14 =    11.8988,    25.4172      
# span 15 = 0.0000e+00, 0.0000e+00      
# interval = seconds: 0.25
# start_time = May 28 2026 10:21:00 [Instrument's time stamp, header]
# bad_flag = -9.990e-29
*END*
[from data line 3888]
      0.062     -0.067     8.0784     94.860    144.923 139.665233     8.8200     0.0778     0.0852     0.1692 1.8133e+02    -0.0376      0.061      0.088    23.1665 0.0000e+00
      0.046     -0.082     8.0886     94.794    144.887 139.640835     8.8200     0.1084     0.0852     0.1692 2.1287e+02    -0.1887      0.045      0.065    23.1700 0.0000e+00
      0.025     -0.101     8.0980     94.607    144.841 139.608242     8.8200     0.0778     0.0426     0.0846 1.6505e+02    -0.1131      0.024      0.035    23.1734 0.0000e+00
     -0.002     -0.122     8.1045     94.272    144.768 139.550754     8.8200     0.1122     0.0426     0.0846 1.5719e+03     0.1739     -0.002     -0.003    23.1768 0.0000e+00
     -0.036     -0.143     8.1060     93.773    144.688 139.487077     8.8200     0.0816     0.0426     0.0846 1.8619e+03     0.2192     -0.035     -0.051    23.1804 0.0000e+00
     -0.077     -0.162     8.0998     93.122    144.673 139.480324     8.8200     0.1198     0.0426     0.0846 1.9778e+03     0.1588     -0.075     -0.109    23.1841 0.0000e+00
     -0.124     -0.175     8.0832     92.346    144.730 139.532697     8.9100     0.0893     0.0426     0.1692 2.1015e+03     0.1890     -0.121     -0.176    23.1879 0.0000e+00
     -0.175     -0.179     8.0538     91.476    144.792 139.574072     8.9100    -2.4781     0.0426     0.1692 2.2304e+03     1.4428     -0.171     -0.248    23.1924 0.0000e+00
     -0.227     -0.174     8.0106     90.570    144.832 139.581444     8.9100    -2.4933     0.0426     0.1692 2.2665e+03     1.5032     -0.222     -0.322    23.1970 0.0000e+00
     -0.275     -0.161     7.9545     89.729    144.867 139.576798     8.9100    -2.5009     0.0426     0.1692 2.2873e+03     1.4277     -0.269     -0.391    23.1999 0.0000e+00
     -0.316     -0.143     7.8884     89.037    144.908 139.574911     4.3200    -2.4628     2.0022     2.7918 2.2562e+03     1.3673     -0.309     -0.449    23.1988 0.0000e+00
     -0.348     -0.121     7.8149     88.514    144.958 139.583287     4.3200   245.0996     2.0022     2.7918 2.3138e+03     1.5939     -0.341     -0.495    23.1925 0.0000e+00
     -0.374     -0.099     7.7390     88.138    145.008 139.596148     4.3200   245.1415     2.0022     2.7918 1.7524e+03     1.5486     -0.366     -0.531    23.1818 0.0000e+00
     -0.393     -0.079     7.6691     87.883    145.048 139.604909     4.3200   245.1492     2.0022     2.7918 9.5550e+02     1.6543     -0.386     -0.559    23.1686 0.0000e+00
     -0.409     -0.063     7.6121     87.734    145.071 139.603894     4.3200   245.1187     2.0022     2.7918 2.1371e+02     1.6543     -0.401     -0.581    23.1545 0.0000e+00
     -0.421     -0.051     7.5694     87.664    145.079 139.592834   -28.9800    -2.8061    10.2666    -6.7257 1.7178e+02     7.5307     -0.412     -0.598    23.1407 0.0000e+00
     -0.430     -0.041     7.5390     87.619    145.082 139.580792   -28.9800    -2.7947    10.2666    -6.7257 1.3983e+02     7.5609     -0.421     -0.611    23.1284 0.0000e+00
     -0.437     -0.035     7.5186     87.534    145.085 139.572565   -28.9800    -2.7947    10.2666    -6.7257 1.0905e+02     7.5760     -0.428     -0.621    23.1183 0.0000e+00
     -0.442     -0.030     7.5070     87.385    145.088 139.565958   -28.9800    -2.8061    10.2666    -6.7257 1.0041e+02     7.5005     -0.434     -0.629    23.1102 0.0000e+00
     -0.446     -0.028     7.5019     87.228    145.092 139.563213    -0.2700    -0.0709     1.6188   -12.6900 9.8960e+01    -0.9742     -0.438     -0.635    23.1037 0.0000e+00
     -0.449     -0.027     7.4989     87.159    145.095 139.563599    -0.2700    -0.0938     1.6188   -12.6900 9.6706e+01    -1.0044     -0.441     -0.639    23.0986 0.0000e+00
     -0.452 -9.990e-29     7.4922 -9.990e-29 -9.990e-29 -9.990e-29    -0.2700 -9.990e-29     1.6188   -12.6900 9.7318e+01 -9.990e-29     -0.443     -0.642    23.0946 0.0000e+00
     -0.453 -9.990e-29     7.4799 -9.990e-29 -9.990e-29 -9.990e-29    -0.2700 -9.990e-29     1.6188   -12.6900 9.4957e+01 -9.990e-29     -0.444     -0.644    23.0915 0.0000e+00
     -0.454 -9.990e-29     7.4668 -9.990e-29 -9.990e-29 -9.990e-29     0.0000 -9.990e-29     1.2354    -2.7495 9.4340e+01 -9.990e-29     -0.445     -0.646    23.0891 0.0000e+00
     -0.454 -9.990e-29     7.4610 -9.990e-29 -9.990e-29 -9.990e-29     0.0000 -9.990e-29     1.2354    -2.7495 9.4834e+01 -9.990e-29     -0.445     -0.646    23.0882 0.0000e+00
