Data/DataNotYetUploadedToEDI/Raw_CTD/RawDownloads/052826_ccr50_S8188003.cnv
* Sea-Bird SBE19plus  Data File:
* FileName = C:\R\Reservoirs\Data\DataNotYetUploadedToEDI\Raw_CTD\RawDownloads\062526_ccr50_S8188_0003.hex
* Software version 2.8.0.119
* Temperature SN = 8188
* Conductivity SN = 8188
* System UpLoad Time = Jun 29 2026 18:07:54
* <ApplicationData>
* <Seaterm232>
# nquan = 16
# nvalues = 2889                        
# units = specified
# name 0 = depFM: Depth [fresh water, m]
# name 1 = dz/dtM: Descent Rate [m/s]
# name 2 = sbeox0Mg/L: Oxygen, SBE 43 [mg/l]
# name 3 = sbeox0PS: Oxygen, SBE 43 [% saturation]
# name 4 = specc: Specific Conductance [uS/cm]
# name 5 = c0uS/cm: Conductivity [uS/cm]
# name 6 = wetCDOM: Fluorescence, WET Labs CDOM [mg/m^3]
# name 7 = flECO-AFL: Fluorescence, WET Labs ECO-AFL/FL [mg/m^3]
# name 8 = flECO-AFL1: Fluorescence, WET Labs ECO-AFL/FL, 2 [mg/m^3]
# name 9 = flECO-AFL2: Fluorescence, WET Labs ECO-AFL/FL, 3 [mg/m^3]
# name 10 = par/sat/log: PAR/Logarithmic, Satlantic
# name 11 = turbWETntu0: Turbidity, WET Labs ECO [NTU]
# name 12 = prdM: Pressure, Strain Gauge [db]
# name 13 = prdE: Pressure, Strain Gauge [psi]
# name 14 = tv290C: Temperature [ITS-90, deg C]
# name 15 = flag:  0.000e+00
# span 0 =     -0.481,     17.126       
# span 1 =     -0.472,      0.173       
# span 2 =     0.1352,     9.3849       
# span 3 =      1.209,    101.251       
# span 4 =   -655.316,    165.142       
# span 5 =-477.622404, 140.896813       
# span 6 =    -4.5000,    21.4200       
# span 7 =    -3.1380,   245.1606       
# span 8 =    -5.3250,     3.4080       
# span 9 =    -5.7528,     6.0489       
# span 10 = 1.1587e-01, 4.1369e+03      
# span 11 =    -7.1981,   971.1096      
# span 12 =     -0.472,     16.795      
# span 13 =     -0.684,     24.359      
# span 14 =    10.3373,    23.6132      
# span 15 = 0.0000e+00, 0.0000e+00      
# interval = seconds: 0.25
# start_time = May 28 2026 10:43:45 [Instrument's time stamp, header]
# bad_flag = -9.990e-29
*END*
[from data line 1176]
      4.589      0.021     6.8342     73.544    150.598 135.375816    12.6900     1.9204     0.1278     0.3807 1.7578e+02     0.5817      4.500      6.527    19.9462 0.0000e+00
      4.595      0.022     6.8291     72.715    150.621 135.361286    12.6900     1.9432     0.1278     0.3807 1.7152e+02     0.7328      4.506      6.535    19.9535 0.0000e+00
      4.601      0.023     6.8028     71.834    150.681 135.372135    12.7800     1.9509     0.0852     0.3384 1.7381e+02     0.5969      4.512      6.543    19.9547 0.0000e+00
      4.607      0.024     6.7555     70.945    150.713 135.349199    12.7800     1.9051     0.0852     0.3384 1.7487e+02     0.6724      4.518      6.553    19.9502 0.0000e+00
      4.614      0.025     6.6917     70.083    150.722 135.296368    12.7800     1.9204     0.0852     0.3384 1.6937e+02     0.6120      4.524      6.562    19.9413 0.0000e+00
      4.620      0.025     6.6177     69.270    150.751 135.253600    12.7800     1.9509     0.0852     0.3384 1.7133e+02     0.7177      4.530      6.571    19.9297 0.0000e+00
      4.626      0.026     6.5393     68.518    150.803 135.223502    12.7800     1.9394     0.0852     0.4230 1.7751e+02     0.6875      4.537      6.580    19.9154 0.0000e+00
      4.632      0.027     6.4606     67.831    150.887 135.210055    12.7800     1.9242     0.0852     0.4230 1.7171e+02     0.7479      4.543      6.589    19.8982 0.0000e+00
      4.639      0.028     6.3847     67.216    150.983 135.189652    12.7800     1.9509     0.0852     0.4230 1.7275e+02     0.6271      4.549      6.598    19.8781 0.0000e+00
      4.646      0.029     6.3135     66.690    151.019 135.096794    12.7800     1.9509     0.0852     0.4230 1.7632e+02     0.7479      4.557      6.609    19.8553 0.0000e+00
      4.654      0.030     6.2480     66.298    151.075 135.002799    12.7800     1.9356     0.0852     0.4230 1.7552e+02     0.7177      4.564      6.620    19.8299 0.0000e+00
      4.663      0.030     6.1890     66.102    151.243 135.010708    12.7800     1.9509     0.0852     0.4230 1.7525e+02     0.7177      4.572      6.632    19.8004 0.0000e+00
      4.671      0.030     6.1372     66.151    151.323 135.002509    12.7800     1.9471     0.0852     0.4230 1.6948e+02     0.6422      4.580      6.643    19.7652 0.0000e+00
      4.678      0.029     6.0942     66.468    151.144 134.869908    12.7800     2.0043     0.0852     0.4230 1.7883e+02     0.7479      4.588      6.654    19.7238 0.0000e+00
      4.686      0.027     6.0641     67.053    150.943 134.765722    12.7800     1.9776     0.0852     0.4230 1.7601e+02     0.7026      4.595      6.664    19.6766 0.0000e+00
      4.692      0.025     6.0518     67.886    150.940 134.798308    12.8700     2.0043     0.1278     0.3807 1.7026e+02     0.6875      4.602      6.674    19.6297 0.0000e+00
      4.698      0.024     6.0595     68.912    150.973 134.826222    12.8700     2.0119     0.1278     0.3807 1.7366e+02     0.7630      4.608      6.683    19.6034 0.0000e+00
      4.704      0.023     6.0875     70.047    150.888 134.758815    12.8700     1.9967     0.1278     0.3807 1.7510e+02     0.7177      4.613      6.691    19.6125 0.0000e+00
      4.709      0.023     6.1381     71.189    150.806 134.710229    12.8700     1.9928     0.1278     0.3807 1.7018e+02     0.7781      4.618      6.698    19.6373 0.0000e+00
      4.715      0.023     6.2130     72.235    150.832 134.747584    12.9600     1.9890     0.0852     0.4230 1.6930e+02     0.6724      4.623      6.706    19.6487 0.0000e+00
      4.720      0.023     6.3070     73.092    150.887 134.776753    12.9600     2.0005     0.0852     0.4230 1.6711e+02     0.6724      4.629      6.714    19.6479 0.0000e+00
      4.726      0.023     6.4105     73.691    150.897 134.737452    12.9600     1.9280     0.0852     0.4230 1.6765e+02     0.7177      4.635      6.723    19.6506 0.0000e+00
      4.733      0.023     6.5140     74.009    150.903 134.687259    12.9600     1.9165     0.0852     0.4230 1.6820e+02     0.7479      4.641      6.732    19.6589 0.0000e+00
      4.739      0.023     6.6092     74.064    150.924 134.660825    12.9600     1.9013     0.0852     0.5076 1.6671e+02     0.6724      4.647      6.740    19.6635 0.0000e+00
      4.745      0.023     6.6884     73.893    150.923 134.621073    12.9600     1.9394     0.0852     0.5076 1.7026e+02     0.7479      4.653      6.749    19.6569 0.0000e+00
      4.751      0.022     6.7454     73.541    150.902 134.561408    12.9600     1.9013     0.0852     0.5076 1.6555e+02     0.7479      4.659      6.757    19.6407 0.0000e+00
      4.756      0.021     6.7770     73.058    150.911 134.521966    12.9600     1.8975     0.0852     0.5076 1.6915e+02     0.6875      4.664      6.765    19.6224 0.0000e+00
      4.761      0.020     6.7841     72.501    150.964 134.516248    13.0500     1.9051     0.0852     0.4653 1.7004e+02     0.6724      4.669      6.772    19.6073 0.0000e+00
      4.766      0.019     6.7701     71.914    151.009 134.498690    13.0500     1.9356     0.0852     0.4653 1.6423e+02     0.8083      4.673      6.778    19.5946 0.0000e+00
      4.770      0.019     6.7397     71.311    151.001 134.426574    13.0500     1.9165     0.0852     0.4653 1.6562e+02     0.8990      4.678      6.785    19.5810 0.0000e+00
      4.775      0.019     6.6975     70.696    150.979 134.334713    13.0500     1.9356     0.0852     0.4653 1.6703e+02     0.8990      4.682      6.791    19.5652 0.0000e+00
      4.779      0.019     6.6487     70.079    151.021 134.292690    13.0500     1.9394     0.0852     0.4653 1.6595e+02     0.9594      4.687      6.797    19.5477 0.0000e+00
      4.784      0.020     6.5974     69.473    151.121 134.291297    13.0500     1.9242     0.1278     0.5076 1.6334e+02     1.0500      4.692      6.805    19.5285 0.0000e+00
      4.789      0.021     6.5448     68.888    151.215 134.266107    13.0500     1.9356     0.1278     0.5076 1.6394e+02     0.6271      4.697      6.812    19.5071 0.0000e+00
      4.795      0.022     6.4915     68.333    151.342 134.236421    13.0500     1.9280     0.1278     0.5076 1.6577e+02     0.6573      4.702      6.820    19.4833 0.0000e+00
      4.800      0.023     6.4382     67.827    151.509 134.204327    13.0500     1.9165     0.1278     0.5076 1.6084e+02     0.5969      4.707      6.828    19.4570 0.0000e+00
      4.806      0.023     6.3863     67.395    151.622 134.109210    12.9600     1.9356     0.1278     0.3807 1.5958e+02     0.6875      4.713      6.836    19.4274 0.0000e+00
      4.812      0.023     6.3371     67.071    151.733 134.025779    12.9600     2.0081     0.1278     0.3807 1.6238e+02     0.8839      4.719      6.845    19.3913 0.0000e+00
      4.819      0.023     6.2920     66.894    151.891 134.005843    12.9600     2.0043     0.1278     0.3807 1.6217e+02     1.0047      4.726      6.854    19.3443 0.0000e+00
      4.825      0.023     6.2529     66.887    151.988 133.956004    12.9600     2.0005     0.1278     0.3807 1.5941e+02     0.9141      4.732      6.863    19.2849 0.0000e+00
      4.831      0.023     6.2210     67.065    152.052 133.911005    13.0500     1.9776     0.0852     0.4230 1.6147e+02     0.8990      4.737      6.871    19.2207 0.0000e+00
      4.837      0.023     6.1986     67.454    152.126 133.930900    13.0500     1.9928     0.0852     0.4230 1.6185e+02     0.9443      4.743      6.879    19.1608 0.0000e+00
      4.842      0.023     6.1889     68.080    152.055 133.904890    13.0500     2.0005     0.0852     0.4230 1.6111e+02     1.0500      4.748      6.887    19.1083 0.0000e+00
      4.848      0.022     6.1939     68.927    151.821 133.818034    13.0500     2.0005     0.0852     0.4230 1.5755e+02     0.9443      4.754      6.896    19.0638 0.0000e+00
      4.854      0.022     6.2144     69.946    151.587 133.773289    13.0500     2.0234     0.0852     0.4230 1.6052e+02     0.9594      4.760      6.904    19.0304 0.0000e+00
      4.860      0.021     6.2522     71.080    151.389 133.744726    12.9600     1.9776     0.0852     0.3807 1.6157e+02     1.0349      4.766      6.913    19.0157 0.0000e+00
      4.866      0.020     6.3086     72.267    151.204 133.680700    12.9600     2.0081     0.0852     0.3807 1.5595e+02     0.8839      4.771      6.920    19.0277 0.0000e+00
      4.870      0.018     6.3819     73.444    151.071 133.618189    12.9600     2.0119     0.0852     0.3807 1.6143e+02     0.9292      4.776      6.927    19.0669 0.0000e+00
      4.875      0.017     6.4692     74.521    151.002 133.574551    12.9600     1.9852     0.0852     0.3807 1.5858e+02     0.8386      4.781      6.934    19.1203 0.0000e+00
      4.879      0.015     6.5679     75.387    150.985 133.546156    12.9600     1.9928     0.0852     0.2961 1.5793e+02     0.9443      4.785      6.939    19.1682 0.0000e+00
      4.883      0.014     6.6733     75.949    151.013 133.533438    12.9600     1.9928     0.0852     0.2961 1.5673e+02     1.0047      4.788      6.945    19.2011 0.0000e+00
      4.886      0.013     6.7796     76.162    151.070 133.529000    12.9600     1.9890     0.0852     0.2961 1.5343e+02     0.8688      4.792      6.950    19.2192 0.0000e+00
      4.889      0.012     6.8783     76.028    151.168 133.549669    12.9600     1.9928     0.0852     0.2961 1.5653e+02     1.0349      4.795      6.954    19.2250 0.0000e+00
      4.892      0.011     6.9590     75.592    151.292 133.586942    13.0500     2.0615     0.1278     0.3807 1.5806e+02     1.1709      4.798      6.958    19.2205 0.0000e+00
      4.895      0.011     7.0127     74.920    151.396 133.600715    13.0500     2.0424     0.1278     0.3807 1.5483e+02     1.1709      4.800      6.962    19.2080 0.0000e+00
      4.897      0.012     7.0348     74.095    151.464 133.576643    13.0500     2.0653     0.1278     0.3807 1.5741e+02     1.1860      4.803      6.965    19.1900 0.0000e+00
      4.900      0.012     7.0255     73.201    151.489 133.504299    13.0500     2.0462     0.1278     0.3807 1.5996e+02     1.2464      4.806      6.969    19.1683 0.0000e+00
      4.903      0.013     6.9885     72.306    151.509 133.414431    13.0500     2.0005     0.1278     0.4230 1.5527e+02     0.9443      4.809      6.974    19.1443 0.0000e+00
      4.907      0.014     6.9299     71.457    151.586 133.359133    13.0500     1.9852     0.1278     0.4230 1.5786e+02     1.0047      4.812      6.979    19.1186 0.0000e+00
      4.910      0.016     6.8574     70.681    151.747 133.357683    13.0500     1.9928     0.1278     0.4230 1.5602e+02     0.9292      4.815      6.984    19.0907 0.0000e+00
      4.914      0.017     6.7788     69.980    151.960 133.379663    13.0500     1.9776     0.1278     0.4230 1.5440e+02     0.8839      4.819      6.990    19.0596 0.0000e+00
      4.919      0.019     6.7006     69.350    152.127 133.338853    13.0500     1.9928     0.1278     0.4230 1.5622e+02     0.9443      4.824      6.996    19.0243 0.0000e+00
      4.924      0.020     6.6274     68.794    152.266 133.250385    13.0500     1.9928     0.0852     0.3807 1.5443e+02     0.8990      4.829      7.003    18.9837 0.0000e+00
      4.929      0.022     6.5616     68.325    152.464 133.192742    13.0500     2.0157     0.0852     0.3807 1.5376e+02     0.9745      4.834      7.011    18.9366 0.0000e+00
      4.935      0.023     6.5037     67.953    152.676 133.128526    13.0500     1.9661     0.0852     0.3807 1.5467e+02     0.9896      4.840      7.019    18.8822 0.0000e+00
      4.941      0.024     6.4533     67.662    152.861 133.030596    13.0500     1.9967     0.0852     0.3807 1.5423e+02     0.9292      4.846      7.028    18.8207 0.0000e+00
      4.948      0.025     6.4105     67.433    153.073 132.974903    13.0500     1.9814     0.0852     0.4230 1.5147e+02     0.8990      4.852      7.037    18.7519 0.0000e+00
      4.954      0.025     6.3766     67.251    153.305 132.972607    13.0500     1.9967     0.0852     0.4230 1.5000e+02     0.8990      4.858      7.046    18.6763 0.0000e+00
      4.961      0.025     6.3524     67.097    153.482 132.947028    13.0500     2.0005     0.0852     0.4230 1.4987e+02     0.8688      4.865      7.056    18.5946 0.0000e+00
      4.967      0.025     6.3362     66.952    153.621 132.903349    13.0500     2.0806     0.0852     0.4230 1.4870e+02     0.6422      4.871      7.065    18.5100 0.0000e+00
      4.974      0.025     6.3249     66.816    153.767 132.887961    13.0500     2.0501     0.0852     0.3807 1.4922e+02     0.7328      4.878      7.075    18.4316 0.0000e+00
      4.980      0.024     6.3164     66.705    153.904 132.892753    13.0500     2.0234     0.0852     0.3807 1.5010e+02     0.6422      4.884      7.084    18.3649 0.0000e+00
      4.987      0.023     6.3095     66.636    154.019 132.902986    13.0500     2.0844     0.0852     0.3807 1.4928e+02     0.7630      4.890      7.093    18.3065 0.0000e+00
      4.992      0.021     6.3027     66.640    154.096 132.903371    13.0500     2.1225     0.0852     0.3807 1.5026e+02     0.6875      4.896      7.101    18.2530 0.0000e+00
      4.997      0.019     6.2959     66.753    154.115 132.871992    13.0500     2.1149     0.0852     0.3807 1.4896e+02     0.6875      4.901      7.108    18.2068 0.0000e+00
      5.002      0.018     6.2903     66.994    154.103 132.826500    13.1400     2.0997     0.0852     0.3807 1.4851e+02     0.7781      4.905      7.114    18.1697 0.0000e+00
      5.006      0.017     6.2875     67.358    154.124 132.814811    13.1400     2.1149     0.0852     0.3807 1.4847e+02     0.6724      4.909      7.120    18.1410 0.0000e+00
      5.010      0.016     6.2906     67.807    154.153 132.809788    13.1400     2.1073     0.0852     0.3807 1.4748e+02     0.5666      4.913      7.126    18.1195 0.0000e+00
      5.013      0.016     6.3034     68.282    154.134 132.754049    13.1400     2.1149     0.0852     0.3807 1.4877e+02     0.7177      4.917      7.131    18.1039 0.0000e+00
      5.017      0.017     6.3276     68.732    154.123 132.684771    13.0500     2.1225     0.1278     0.4230 1.4941e+02     0.8083      4.920      7.136    18.0923 0.0000e+00
      5.021      0.018     6.3632     69.135    154.185 132.659537    13.0500     2.1225     0.1278     0.4230 1.4812e+02     0.6573      4.925      7.142    18.0827 0.0000e+00
      5.026      0.019     6.4070     69.456    154.215 132.609563    13.0500     2.1721     0.1278     0.4230 1.4735e+02     0.6120      4.929      7.149    18.0730 0.0000e+00
      5.031      0.020     6.4535     69.653    154.110 132.469473    13.0500     2.1721     0.1278     0.4230 1.4767e+02     0.7026      4.934      7.156    18.0602 0.0000e+00
      5.037      0.021     6.4987     69.721    153.982 132.352023    13.1400     2.1569     0.1278     0.3384 1.4735e+02     0.6422      4.939      7.164    18.0408 0.0000e+00
      5.042      0.022     6.5401     69.688    153.907 132.307961    13.1400     2.1645     0.1278     0.3384 1.4560e+02     0.7177      4.945      7.172    18.0154 0.0000e+00
      5.048      0.023     6.5739     69.576    153.796 132.227467    13.1400     2.1912     0.1278     0.3384 1.4538e+02     0.9292      4.951      7.180    17.9906 0.0000e+00
      5.054      0.024     6.5947     69.394    153.676 132.115099    13.1400     2.1950     0.1278     0.3384 1.4585e+02     0.9443      4.956      7.189    17.9746 0.0000e+00
      5.060      0.024     6.6015     69.162    153.628 132.052975    13.1400     2.1607     0.0852     0.4230 1.4503e+02     0.9443      4.962      7.198    17.9720 0.0000e+00
      5.067      0.024     6.5974     68.912    153.592 132.000511    13.1400     2.1721     0.0852     0.4230 1.4387e+02     0.9896      4.969      7.207    17.9786 0.0000e+00
