Data/DataNotYetUploadedToEDI/Raw_CTD/RawDownloads/052826_ccr20_S8188005.cnv
* Sea-Bird SBE19plus  Data File:
* FileName = C:\R\Reservoirs\Data\DataNotYetUploadedToEDI\Raw_CTD\RawDownloads\062526_ccr50_S8188_0005.hex
* Software version 2.8.0.119
* Temperature SN = 8188
* Conductivity SN = 8188
* System UpLoad Time = Jun 29 2026 18:08:33
* <ApplicationData>
* <Seaterm232>
# nquan = 16
# nvalues = 2008                        
# units = specified
# name 0 = depFM: Depth [fresh water, m]
# name 1 = dz/dtM: Descent Rate [m/s]
# name 2 = sbeox0Mg/L: Oxygen, SBE 43 [mg/l]
# name 3 = sbeox0PS: Oxygen, SBE 43 [% saturation]
# name 4 = specc: Specific Conductance [uS/cm]
# name 5 = c0uS/cm: Conductivity [uS/cm]
# name 6 = wetCDOM: Fluorescence, WET Labs CDOM [mg/m^3]
# name 7 = flECO-AFL: Fluorescence, WET Labs ECO-AFL/FL [mg/m^3]
# name 8 = flECO-AFL1: Fluorescence, WET Labs ECO-AFL/FL, 2 [mg/m^3]
# name 9 = flECO-AFL2: Fluorescence, WET Labs ECO-AFL/FL, 3 [mg/m^3]
# name 10 = par/sat/log: PAR/Logarithmic, Satlantic
# name 11 = turbWETntu0: Turbidity, WET Labs ECO [NTU]
# name 12 = prdM: Pressure, Strain Gauge [db]
# name 13 = prdE: Pressure, Strain Gauge [psi]
# name 14 = tv290C: Temperature [ITS-90, deg C]
# name 15 = flag:  0.000e+00
# span 0 =     -0.420,      5.346       
# span 1 =     -0.173,      0.159       
# span 2 =     4.8602,     8.3054       
# span 3 =     46.171,     98.554       
# span 4 =   -442.709,    155.842       
# span 5 =-434.960304, 152.728845       
# span 6 =    -4.5000,    22.3200       
# span 7 =     0.0664,   245.1568       
# span 8 =    -2.1300,     3.7062       
# span 9 =    -2.0304,     2.0304       
# span 10 = 6.6983e+01, 4.0043e+03      
# span 11 =    -0.4606,    62.2462      
# span 12 =     -0.412,      5.242      
# span 13 =     -0.597,      7.604      
# span 14 =    12.7274,    24.1720      
# span 15 = 0.0000e+00, 0.0000e+00      
# interval = seconds: 0.25
# start_time = May 28 2026 12:27:55 [Instrument's time stamp, header]
# bad_flag = -9.990e-29
*END*
[from data line 181]
      0.748     -0.002     8.2170     97.869    154.991 152.342694    10.0800     0.3449     0.0852     0.0846 1.1259e+02     0.8083      0.733      1.063    24.1385 0.0000e+00
      0.747     -0.001     8.2158     97.873    154.971 152.327371    10.0800     0.2953     0.0852     0.0846 1.1333e+02     0.8688      0.733      1.063    24.1363 0.0000e+00
      0.747     -0.001     8.2148     97.877    154.927 152.286207    10.0800     0.3563     0.0852     0.0846 1.1625e+02     0.9141      0.733      1.063    24.1362 0.0000e+00
      0.747     -0.001     8.2139     97.881    154.875 152.236274    10.0800     0.3296     0.0852     0.0423 1.1459e+02     0.8990      0.733      1.063    24.1377 0.0000e+00
      0.747     -0.001     8.2136     97.887    154.842 152.204325    10.0800     0.4326     0.0852     0.0423 1.1410e+02     0.8990      0.732      1.063    24.1397 0.0000e+00
      0.747     -0.001     8.2137     97.890    154.838 152.201874    10.0800     0.4021     0.0852     0.0423 1.1135e+02     0.8386      0.732      1.062    24.1412 0.0000e+00
      0.746     -0.001     8.2139     97.888    154.854 152.220255    10.0800     0.3868     0.0852     0.0423 1.1562e+02     0.9896      0.732      1.061    24.1419 0.0000e+00
      0.746     -0.001     8.2142     97.880    154.884 152.252347    10.1700     0.4021     0.0426     0.1269 1.0941e+02     0.9443      0.731      1.060    24.1422 0.0000e+00
      0.745     -0.001     8.2146     97.871    154.918 152.290682    10.1700     0.4021     0.0426     0.1269 1.1350e+02     1.1709      0.731      1.060    24.1426 0.0000e+00
      0.745     -0.001     8.2148     97.868    154.935 152.313426    10.1700     0.4021     0.0426     0.1269 1.1340e+02     1.0652      0.731      1.059    24.1430 0.0000e+00
      0.745      0.000     8.2145     97.873    154.923 152.306612    10.1700     0.3906     0.0426     0.1269 1.1155e+02     1.1709      0.731      1.059    24.1437 0.0000e+00
      0.745      0.001     8.2137     97.879    154.889 152.276436    10.1700     0.4021     0.0426     0.0846 1.1063e+02     1.0954      0.731      1.060    24.1447 0.0000e+00
      0.745      0.001     8.2127     97.885    154.846 152.234886    10.1700     0.3830     0.0426     0.0846 1.0828e+02     0.9141      0.731      1.060    24.1462 0.0000e+00
      0.746      0.001     8.2122     97.895    154.805 152.190916    10.1700     0.3868     0.0426     0.0846 1.0687e+02     0.8083      0.731      1.061    24.1482 0.0000e+00
      0.746      0.001     8.2123     97.904    154.771 152.152837    10.1700     0.4173     0.0426     0.0846 1.0483e+02     0.8688      0.731      1.061    24.1500 0.0000e+00
      0.746      0.001     8.2126     97.911    154.758 152.134534    10.0800     0.4250     0.0000     0.1269 1.0074e+02     0.9443      0.732      1.062    24.1510 0.0000e+00
      0.746      0.000     8.2132     97.918    154.769 152.139139    10.0800     0.3372     0.0000     0.1269 1.0180e+02     1.0954      0.732      1.062    24.1509 0.0000e+00
      0.747      0.000     8.2141     97.921    154.796 152.159867    10.0800     0.3220     0.0000     0.1269 9.7763e+01     1.0803      0.732      1.062    24.1499 0.0000e+00
      0.747      0.000     8.2151     97.924    154.832 152.190224    10.0800     0.3716     0.0000     0.1269 9.6622e+01     1.1558      0.732      1.062    24.1484 0.0000e+00
      0.747      0.000     8.2160     97.928    154.864 152.218271    10.0800     0.3143     0.0000     0.1269 9.9672e+01     1.1709      0.732      1.062    24.1465 0.0000e+00
      0.746      0.000     8.2169     97.933    154.883 152.235459    10.0800     0.4021     0.0426     0.1269 9.8317e+01     0.8990      0.732      1.062    24.1446 0.0000e+00
      0.746      0.000     8.2175     97.939    154.888 152.238357    10.0800     0.4135     0.0426     0.1269 9.4095e+01     0.9443      0.732      1.062    24.1427 0.0000e+00
      0.746      0.000     8.2179     97.945    154.871 152.219725    10.0800     0.3983     0.0426     0.1269 9.4299e+01     0.9896      0.732      1.062    24.1411 0.0000e+00
      0.746      0.000     8.2184     97.945    154.832 152.178602    10.0800     0.4173     0.0426     0.1269 8.9839e+01     0.8386      0.732      1.062    24.1401 0.0000e+00
      0.746     -0.001     8.2190     97.938    154.789 152.132069    10.0800     0.4402     0.0426     0.0846 8.6863e+01     0.8537      0.732      1.062    24.1394 0.0000e+00
      0.746     -0.001     8.2195     97.931    154.763 152.099772    10.0800     0.4021     0.0426     0.0846 8.9003e+01     0.8688      0.732      1.061    24.1390 0.0000e+00
      0.746      0.000     8.2201     97.925    154.764 152.093133    10.0800     0.3945     0.0426     0.0846 9.1952e+01     0.7781      0.731      1.061    24.1384 0.0000e+00
      0.745      0.000     8.2203     97.921    154.795 152.114387    10.0800     0.4135     0.0426     0.0846 9.0505e+01     0.9443      0.731      1.060    24.1375 0.0000e+00
      0.745      0.000     8.2200     97.922    154.837 152.149169    10.0800     0.4059     0.0426     0.0846 9.6183e+01     0.8990      0.731      1.060    24.1360 0.0000e+00
      0.745      0.000     8.2197     97.928    154.869 152.174696    10.0800     0.4135     0.0426     0.0846 9.9024e+01     0.8990      0.731      1.060    24.1338 0.0000e+00
      0.746      0.000     8.2196     97.939    154.867 152.169728    10.0800     0.3945     0.0426     0.0846 1.0011e+02     0.9292      0.731      1.061    24.1311 0.0000e+00
      0.746      0.000     8.2197     97.950    154.832 152.132941    10.0800     0.4021     0.0426     0.0846 1.0195e+02     0.8688      0.732      1.061    24.1284 0.0000e+00
      0.746      0.000     8.2201     97.956    154.789 152.090585    10.0800     0.3906     0.0426     0.0846 1.0324e+02     0.8839      0.732      1.061    24.1260 0.0000e+00
      0.746     -0.000     8.2208     97.952    154.765 152.067428    10.0800     0.4364     0.0852     0.1269 1.0153e+02     0.8990      0.732      1.061    24.1243 0.0000e+00
      0.746      0.000     8.2219     97.942    154.765 152.069317    10.0800     0.4212     0.0852     0.1269 1.0442e+02     0.8839      0.731      1.061    24.1232 0.0000e+00
      0.746      0.000     8.2230     97.932    154.780 152.088739    10.0800     0.3906     0.0852     0.1269 1.0544e+02     0.9745      0.731      1.061    24.1225 0.0000e+00
      0.745      0.000     8.2235     97.923    154.794 152.110841    10.0800     0.4135     0.0852     0.1269 1.0936e+02     0.9443      0.731      1.060    24.1223 0.0000e+00
      0.745      0.000     8.2231     97.918    154.800 152.125490    10.1700     0.3945     0.0852    -0.0423 1.1106e+02     0.8990      0.731      1.060    24.1225 0.0000e+00
      0.745      0.000     8.2222     97.918    154.797 152.128579    10.1700     0.3868     0.0852    -0.0423 1.1422e+02     0.8386      0.731      1.060    24.1232 0.0000e+00
      0.745      0.000     8.2211     97.922    154.786 152.120933    10.1700     0.4135     0.0852    -0.0423 1.1432e+02     0.8537      0.731      1.060    24.1248 0.0000e+00
      0.745      0.000     8.2200     97.927    154.775 152.108526    10.1700     0.4326     0.0852    -0.0423 1.1532e+02     0.8990      0.731      1.061    24.1274 0.0000e+00
      0.746      0.000     8.2191     97.930    154.758 152.088049    10.1700     0.3716     0.0426     0.1692 1.1592e+02     0.8386      0.731      1.061    24.1303 0.0000e+00
      0.746      0.000     8.2187     97.932    154.738 152.062055    10.1700     0.3945     0.0426     0.1692 1.1041e+02     0.8990      0.731      1.061    24.1325 0.0000e+00
      0.746      0.000     8.2189     97.933    154.729 152.047655    10.1700     0.4250     0.0426     0.1692 1.1145e+02     0.9745      0.731      1.061    24.1333 0.0000e+00
      0.746      0.000     8.2194     97.935    154.745 152.057033    10.1700     0.4212     0.0426     0.1692 1.0868e+02     1.1709      0.731      1.061    24.1329 0.0000e+00
      0.746      0.000     8.2199     97.941    154.782 152.088685    10.1700     0.3983     0.0852     0.0846 1.0304e+02     1.1558      0.731      1.061    24.1315 0.0000e+00
      0.746      0.001     8.2204     97.951    154.821 152.123002    10.1700     0.4135     0.0852     0.0846 1.0374e+02     1.0652      0.731      1.061    24.1297 0.0000e+00
      0.746      0.001     8.2208     97.961    154.828 152.129067    10.1700     0.4250     0.0852     0.0846 9.6580e+01     1.1558      0.731      1.061    24.1277 0.0000e+00
      0.746      0.001     8.2212     97.969    154.790 152.092468    10.1700     0.3868     0.0852     0.0846 9.3402e+01     0.8386      0.732      1.061    24.1257 0.0000e+00
      0.746      0.001     8.2220     97.974    154.732 152.035502    10.1700     0.4173     0.0852     0.0846 9.0662e+01     1.0047      0.732      1.062    24.1241 0.0000e+00
      0.747      0.001     8.2230     97.976    154.685 151.989058    10.0800     0.4288     0.0852     0.1692 8.8271e+01     0.8386      0.732      1.062    24.1230 0.0000e+00
      0.747      0.001     8.2239     97.973    154.660 151.962787    10.0800     0.4059     0.0852     0.1692 8.5440e+01     0.8688      0.732      1.062    24.1227 0.0000e+00
      0.747      0.001     8.2246     97.970    154.654 151.953691    10.0800     0.4021     0.0852     0.1692 8.4719e+01     0.9745      0.732      1.062    24.1228 0.0000e+00
      0.747      0.001     8.2250     97.972    154.663 151.959344    10.0800     0.4135     0.0852     0.1692 8.4904e+01     0.8688      0.732      1.062    24.1230 0.0000e+00
      0.747      0.002     8.2252     97.982    154.688 151.981254    10.0800     0.4288     0.0852     0.2538 8.4187e+01     0.7781      0.732      1.062    24.1229 0.0000e+00
      0.747      0.002     8.2250     98.003    154.716 152.009234    10.0800     0.4173     0.0852     0.2538 8.6318e+01     0.9443      0.733      1.063    24.1223 0.0000e+00
      0.748      0.002     8.2249     98.029    154.718 152.016687    10.0800     0.3945     0.0852     0.2538 8.5962e+01     0.9594      0.734      1.064    24.1213 0.0000e+00
      0.749      0.002     8.2252     98.049    154.679 151.987571    10.0800     0.4059     0.0852     0.2538 8.9255e+01     0.9141      0.734      1.066    24.1201 0.0000e+00
      0.750      0.001     8.2262     98.055    154.610 151.930151    10.0800     0.4097     0.0426     0.0846 8.9294e+01     0.8688      0.735      1.067    24.1192 0.0000e+00
      0.750     -0.001     8.2279     98.046    154.540 151.863173    10.0800     0.4097     0.0426     0.0846 8.9294e+01     0.8386      0.735      1.067    24.1195 0.0000e+00
      0.749     -0.002     8.2299     98.025    154.494 151.804839    10.0800     0.4860     0.0426     0.0846 9.0840e+01     0.8990      0.735      1.066    24.1212 0.0000e+00
      0.748     -0.002     8.2311     97.999    154.506 151.785674    10.0800     0.4517     0.0426     0.0846 9.0073e+01     0.8990      0.733      1.064    24.1244 0.0000e+00
      0.747     -0.002     8.2310     97.977    154.593 151.828609    10.0800     0.4364     0.0426     0.0846 9.1255e+01     0.8537      0.732      1.062    24.1276 0.0000e+00
      0.746     -0.001     8.2301     97.965    154.705 151.903020    10.0800     0.4479     0.0426     0.0846 9.2856e+01     0.8990      0.731      1.061    24.1283 0.0000e+00
      0.746      0.000     8.2290     97.968    154.764 151.944601    10.0800     0.4212     0.0426     0.0846 9.8082e+01     0.8990      0.731      1.061    24.1241 0.0000e+00
      0.746      0.001     8.2285     97.985    154.733 151.918362    10.0800     0.3868     0.0426     0.0846 9.7827e+01     0.8235      0.732      1.062    24.1139 0.0000e+00
      0.748      0.001     8.2287     98.004    154.639 151.843351    10.0800     0.4097     0.0426     0.0846 9.8274e+01     0.8537      0.733      1.063    24.1002 0.0000e+00
      0.749      0.001     8.2295     98.015    154.549 151.763679    10.0800     0.4097     0.0852     0.1692 1.0039e+02     0.9745      0.734      1.064    24.0887 0.0000e+00
      0.749      0.000     8.2306     98.014    154.510 151.712195    10.0800     0.4212     0.0852     0.1692 9.6685e+01     0.9141      0.734      1.065    24.0833 0.0000e+00
      0.748     -0.000     8.2317     98.003    154.542 151.711230    10.0800     0.4250     0.0852     0.1692 9.6245e+01     0.8688      0.734      1.064    24.0849 0.0000e+00
      0.748     -0.001     8.2325     97.989    154.634 151.768536    10.0800     0.3830     0.0852     0.1692 9.2292e+01     0.8537      0.733      1.063    24.0904 0.0000e+00
      0.747     -0.001     8.2330     97.978    154.749 151.857319    10.1700     0.3906     0.0852     0.2115 9.1613e+01     0.8235      0.732      1.062    24.0932 0.0000e+00
      0.747      0.000     8.2336     97.975    154.845 151.941152    10.1700     0.3906     0.0852     0.2115 9.4258e+01     0.8839      0.732      1.062    24.0887 0.0000e+00
      0.747      0.001     8.2343     97.983    154.895 151.996311    10.1700     0.3868     0.0852     0.2115 9.2795e+01     0.8688      0.732      1.062    24.0785 0.0000e+00
      0.748      0.001     8.2347     98.001    154.877 152.001442    10.1700     0.4021     0.0852     0.2115 9.5995e+01     0.9443      0.733      1.063    24.0676 0.0000e+00
      0.748      0.001     8.2349     98.021    154.787 151.945897    10.1700     0.4135     0.0852     0.2115 9.3219e+01     0.8688      0.733      1.064    24.0600 0.0000e+00
      0.749      0.001     8.2352     98.035    154.656 151.848923    10.1700     0.3868     0.0852     0.2115 9.1892e+01     0.9745      0.734      1.065    24.0567 0.0000e+00
      0.749      0.000     8.2356     98.036    154.530 151.748774    10.1700     0.3830     0.0852     0.2115 9.3524e+01     0.8688      0.734      1.065    24.0587 0.0000e+00
      0.749     -0.000     8.2359     98.026    154.440 151.672837    10.1700     0.4021     0.0852     0.2115 8.9644e+01     0.8839      0.734      1.065    24.0660 0.0000e+00
      0.748     -0.001     8.2360     98.009    154.394 151.632916    10.1700     0.4250     0.0852     0.2115 9.1952e+01     0.8839      0.734      1.064    24.0765 0.0000e+00
      0.748      0.000     8.2356     97.995    154.373 151.614357    10.1700     0.4021     0.1278     0.2538 9.4115e+01     1.0198      0.733      1.063    24.0867 0.0000e+00
      0.747      0.000     8.2345     97.990    154.314 151.558121    10.1700     0.4059     0.1278     0.2538 9.4402e+01     0.9141      0.733      1.063    24.0943 0.0000e+00
      0.747      0.001     8.2331     97.995    154.124 151.377086    10.1700     0.3945     0.1278     0.2538 9.5641e+01     0.8990      0.733      1.063    24.0985 0.0000e+00
      0.748      0.001     8.2314     98.008    153.699 150.968885    10.1700     0.4173     0.1278     0.2538 9.9976e+01     0.8990      0.734      1.064    24.1000 0.0000e+00
      0.749      0.000     8.2301     98.021    152.930 150.224665    10.1700     0.3868     0.0852     0.2115 9.9802e+01     0.9141      0.734      1.065    24.1006 0.0000e+00
      0.749      0.000     8.2296     98.028    151.683 149.008074    10.1700     0.3983     0.0852     0.2115 1.0074e+02     0.8839      0.735      1.066    24.1014 0.0000e+00
      0.749     -0.001     8.2298     98.027    149.697 147.058798    10.1700     0.4135     0.0852     0.2115 1.0171e+02     0.8386      0.734      1.065    24.1030 0.0000e+00
      0.749     -0.001     8.2304     98.019    146.482 143.895097    10.1700     0.3945     0.0852     0.2115 1.0519e+02     0.8235      0.734      1.064    24.1060 0.0000e+00
      0.748     -0.001     8.2309     98.016    141.187 138.685335    10.2600     0.4135     0.0852     0.2115 1.0549e+02     0.9141      0.733      1.063    24.1098 0.0000e+00
      0.747     -0.001     8.2311     98.020    132.361 130.006183    10.2600     0.4021     0.0852     0.2115 1.0865e+02     0.7932      0.732      1.062    24.1126 0.0000e+00
