Data/DataNotYetUploadedToEDI/Raw_CTD/RawDownloads/052923_fcr50_S8188006.cnv
* Sea-Bird SBE19plus  Data File:
* FileName = C:\R\Reservoirs\Data\DataNotYetUploadedToEDI\Raw_CTD\RawDownloads\retry_0006.hex
* Software version 2.8.0.119
* Temperature SN = 8188
* Conductivity SN = 8188
* System UpLoad Time = May 31 2023 16:57:12
* <ApplicationData>
* <Seaterm232>
# nquan = 16
# nvalues = 1802                        
# units = specified
# name 0 = depFM: Depth [fresh water, m]
# name 1 = dz/dtM: Descent Rate [m/s]
# name 2 = sbeox0Mg/L: Oxygen, SBE 43 [mg/l]
# name 3 = sbeox0PS: Oxygen, SBE 43 [% saturation]
# name 4 = specc: Specific Conductance [uS/cm]
# name 5 = c0uS/cm: Conductivity [uS/cm]
# name 6 = wetCDOM: Fluorescence, WET Labs CDOM [mg/m^3]
# name 7 = flECO-AFL: Fluorescence, WET Labs ECO-AFL/FL [mg/m^3]
# name 8 = flECO-AFL1: Fluorescence, WET Labs ECO-AFL/FL, 2 [mg/m^3]
# name 9 = flECO-AFL2: Fluorescence, WET Labs ECO-AFL/FL, 3 [mg/m^3]
# name 10 = par/sat/log: PAR/Logarithmic, Satlantic
# name 11 = turbWETntu0: Turbidity, WET Labs ECO [NTU]
# name 12 = prdM: Pressure, Strain Gauge [db]
# name 13 = prdE: Pressure, Strain Gauge [psi]
# name 14 = tv290C: Temperature [ITS-90, deg C]
# name 15 = flag:  0.000e+00
# span 0 =     -0.693,      9.666       
# span 1 =     -0.182,      0.102       
# span 2 =     0.1729,    12.4636       
# span 3 =      1.533,    126.010       
# span 4 =      0.851,    490.026       
# span 5 =   0.695615, 342.555805       
# span 6 =    -4.5000,    54.7200       
# span 7 =    -0.2070,     6.9952       
# span 8 =    -2.1300,     2.7264       
# span 9 =    -2.0304,     4.4838       
# span 10 = 1.1590e-01, 1.9541e+02      
# span 11 =    -0.5436,   256.0509      
# span 12 =     -0.680,      9.479      
# span 13 =     -0.986,     13.748      
# span 14 =     9.9440,    18.5819      
# span 15 = 0.0000e+00, 0.0000e+00      
# interval = seconds: 0.25
# start_time = May 29 2023 11:47:09 [Instrument's time stamp, header]
# bad_flag = -9.990e-29
*END*
[from data line 1628]
     -0.680 -2.258e-10     9.1483     90.921     18.068  14.555265     0.0000     0.1096     0.0000    -0.1269 4.7839e+01     2.8532     -0.666     -0.967    15.2963 0.0000e+00
     -0.680 -2.894e-10     9.1409     90.818     17.943  14.452440     0.0000     0.1439     0.0000    -0.1269 5.6442e+01     2.7029     -0.666     -0.967    15.2912 0.0000e+00
     -0.680 -3.713e-10     9.1322     90.714     17.905  14.419169     0.0000     0.1363     0.0000     0.3807 6.5033e+01     2.8231     -0.666     -0.967    15.2859 0.0000e+00
     -0.680 -4.767e-10     9.1230     90.618     17.926  14.434708     0.0000    -0.1155     0.0000     0.3807 6.8173e+01    13.6448     -0.666     -0.967    15.2803 0.0000e+00
     -0.680 -6.125e-10     9.1138     90.535     17.984  14.479462     0.0000    -0.1079     0.0000     0.3807 8.7831e+01    13.5847     -0.667     -0.967    15.2746 0.0000e+00
     -0.680 -7.872e-10     9.1045     90.462     18.076  14.551513     0.0000    -0.1155     0.0000     0.3807 9.2634e+01    13.5997     -0.667     -0.967    15.2689 0.0000e+00
     -0.680 -1.012e-09     9.0952     90.397     18.191  14.642378     0.0000    -0.0926     0.0852     0.0846 1.0405e+02    13.7049     -0.667     -0.967    15.2632 0.0000e+00
     -0.680 -1.301e-09     9.0867     90.343     18.330  14.752544     0.0000    -0.1079     0.0852     0.0846 1.0211e+02    11.4955     -0.667     -0.967    15.2576 0.0000e+00
     -0.680 -1.673e-09     9.0795     90.297     18.498  14.885668     0.0000    -0.1346     0.0852     0.0846 1.0699e+02    11.5256     -0.667     -0.967    15.2521 0.0000e+00
     -0.680 -2.151e-09     9.0731     90.257     18.726  15.067359     0.0000    -0.0926     0.0852     0.0846 9.6455e+01    11.4955     -0.667     -0.967    15.2468 0.0000e+00
     -0.680 -2.766e-09     9.0676     90.219     19.106  15.371788     0.0000    -0.1002     0.1278    -0.3384 8.8598e+01    11.5105     -0.667     -0.967    15.2419 0.0000e+00
     -0.680 -3.556e-09     9.0631     90.184     19.772  15.905855     0.0000    -0.1193     0.1278    -0.3384 8.3586e+01    -0.3482     -0.667     -0.967    15.2372 0.0000e+00
     -0.680 -4.572e-09     9.0594     90.154     20.901  16.811979     0.0000    -0.1155     0.1278    -0.3384 6.0559e+01    -0.3182     -0.667     -0.967    15.2328 0.0000e+00
     -0.680 -5.878e-09     9.0561     90.134     22.421  18.033009     0.0000    -0.1002     0.1278    -0.3384 5.1676e+01    -0.3783     -0.667     -0.967    15.2285 0.0000e+00
     -0.680 -7.558e-09     9.0531     90.119     23.871  19.198033     0.0000    -0.1269     0.1278    -0.3384 5.3434e+01    -0.3482     -0.667     -0.967    15.2244 0.0000e+00
     -0.680 -9.717e-09     9.0504     90.106     24.768  19.917178     0.1800    -0.1002     0.1278    -0.2538 4.9629e+01    -0.4234     -0.667     -0.967    15.2203 0.0000e+00
     -0.680 -1.249e-08     9.0482     90.099     24.750  19.901279     0.1800    -0.1422     0.1278    -0.2538 4.4153e+01    -0.4384     -0.667     -0.967    15.2163 0.0000e+00
     -0.680 -1.606e-08     9.0469     90.098     23.847  19.173800     0.1800    -0.1193     0.1278    -0.2538 4.1322e+01    -0.3332     -0.667     -0.968    15.2124 0.0000e+00
     -0.680 -2.065e-08     9.0461     90.099     22.551  18.130527     0.1800    -0.1231     0.1278    -0.2538 4.1430e+01    -0.4084     -0.667     -0.968    15.2086 0.0000e+00
     -0.680 -2.655e-08     9.0455     90.101     21.262  17.092894     0.0000    -0.1308     0.0426    -0.1269 4.4423e+01    -0.3332     -0.667     -0.968    15.2050 0.0000e+00
     -0.680 -3.414e-08     9.0454     90.102     20.094  16.152256     0.0000    -0.0850     0.0426    -0.1269 4.8006e+01    -0.4534     -0.667     -0.968    15.2014 0.0000e+00
     -0.680 -4.390e-08     9.0460     90.108     19.075  15.332810     0.0000    -0.1422     0.0426    -0.1269 5.0719e+01    -0.4084     -0.667     -0.968    15.1980 0.0000e+00
     -0.680 -5.644e-08     9.0469     90.123     18.219  14.643574     0.0000    -0.1155     0.0426    -0.1269 4.8816e+01    -0.4835     -0.667     -0.967    15.1946 0.0000e+00
     -0.680 -7.256e-08     9.0477     90.148     17.518  14.078815     0.0000    -0.1193     0.0852    -0.2538 5.1117e+01    -0.1679     -0.667     -0.967    15.1914 0.0000e+00
     -0.680 -9.329e-08     9.0484     90.178     16.968  13.636315     0.0000    -0.1155     0.0852    -0.2538 4.8837e+01    -0.0927     -0.667     -0.967    15.1883 0.0000e+00
     -0.680 -1.199e-07     9.0496     90.209     16.544  13.295015     0.0000    -0.1498     0.0852    -0.2538 5.3388e+01    -0.1528     -0.667     -0.967    15.1854 0.0000e+00
     -0.680 -1.542e-07     9.0517     90.242     16.195  13.013360     0.0000    -0.1193     0.0852    -0.2538 6.1634e+01    -0.1829     -0.667     -0.967    15.1829 0.0000e+00
     -0.680 -1.983e-07     9.0546     90.280     15.877  12.757788     0.0000    -0.1079     0.1704     0.0000 7.4525e+01     0.1027     -0.667     -0.967    15.1806 0.0000e+00
     -0.680 -2.549e-07     9.0580     90.318     15.562  12.503668     0.0000    -0.1117     0.1704     0.0000 8.0712e+01     0.0726     -0.667     -0.967    15.1785 0.0000e+00
     -0.680 -3.278e-07     9.0615     90.356     15.233  12.238629     0.0000    -0.1002     0.1704     0.0000 8.5051e+01     0.1027     -0.667     -0.967    15.1764 0.0000e+00
     -0.680 -4.214e-07     9.0653     90.395     14.901  11.971125     0.0000    -0.1079     0.1704     0.0000 8.9585e+01    -0.0176     -0.667     -0.967    15.1744 0.0000e+00
     -0.680 -4.213e-07     9.0695     90.442     14.585  11.716864     0.0000    -0.1155     0.1704     0.0000 9.3443e+01     0.3882     -0.667     -0.967    15.1724 0.0000e+00
     -0.680 -3.275e-07     9.0738     90.495     14.290  11.479259     0.0900    -0.1269     0.0000     0.0423 9.3911e+01     0.4484     -0.667     -0.967    15.1704 0.0000e+00
     -0.680 -2.545e-07     9.0779     90.550     14.011  11.254296     0.0900    -0.1155     0.0000     0.0423 9.4895e+01     0.2981     -0.667     -0.967    15.1684 0.0000e+00
     -0.680 -1.977e-07     9.0823     90.601     13.751  11.045285     0.0900    -0.1193     0.0000     0.0423 9.5226e+01     0.3582     -0.667     -0.967    15.1665 0.0000e+00
     -0.680 -1.533e-07     9.0874     90.650     13.511  10.851880     0.0900    -0.0888     0.0000     0.0423 9.4566e+01     0.2830     -0.667     -0.967    15.1645 0.0000e+00
     -0.680 -1.188e-07     9.0931     90.697     13.280  10.666023     0.0000    -0.0888    -0.0426    -0.0846 9.2112e+01     0.3882     -0.667     -0.967    15.1624 0.0000e+00
     -0.680 -9.171e-08     9.0990     90.742     13.059  10.487607     0.0000    -0.1002    -0.0426    -0.0846 8.5088e+01     0.4333     -0.667     -0.967    15.1604 0.0000e+00
     -0.680 -7.050e-08     9.1046     90.785     12.849  10.318506     0.0000    -0.1155    -0.0426    -0.0846 8.5962e+01     0.4033     -0.667     -0.967    15.1583 0.0000e+00
     -0.680 -5.376e-08     9.1099     90.819     12.649  10.157145     0.0000    -0.1269    -0.0426    -0.0846 8.6618e+01     0.0876     -0.667     -0.967    15.1562 0.0000e+00
     -0.680 -4.042e-08     9.1150     90.841     12.461  10.005989     0.0900    -0.0964     0.0000    -0.0423 8.4609e+01     0.1778     -0.667     -0.967    15.1541 0.0000e+00
     -0.680 -2.966e-08     9.1200     90.856     12.283   9.862314     0.0900    -0.1002     0.0000    -0.0423 8.3877e+01     0.0876     -0.667     -0.967    15.1520 0.0000e+00
     -0.680 -2.078e-08     9.1247     90.867     12.100   9.715499     0.0900    -0.1079     0.0000    -0.0423 8.3786e+01     0.0726     -0.667     -0.967    15.1499 0.0000e+00
     -0.680 -1.322e-08     9.1286     90.871     11.912   9.563975     0.0900    -0.1498     0.0000    -0.0423 8.3477e+01     0.2379     -0.667     -0.967    15.1479 0.0000e+00
     -0.680 -6.506e-09     9.1311     90.868     11.724   9.412830     0.0000    -0.1498     0.0000     0.0846 8.3586e+01     0.3582     -0.667     -0.967    15.1458 0.0000e+00
     -0.680 -2.008e-10     9.1330     90.863     11.541   9.265274     0.0000    -0.1193     0.0000     0.0846 8.3187e+01     0.3432     -0.667     -0.967    15.1438 0.0000e+00
     -0.680 6.2676e-09     9.1345     90.857     11.365   9.123498     0.0000    -0.0888     0.0000     0.0846 8.2970e+01     0.4333     -0.667     -0.967    15.1419 0.0000e+00
     -0.680 1.3485e-08     9.1353     90.851     11.196   8.987276     0.0000    -0.1002     0.0000     0.0846 8.2431e+01     0.1327     -0.667     -0.967    15.1399 0.0000e+00
     -0.680 2.1734e-08     9.1354     90.847     11.033   8.855884     0.0000    -0.1346     0.0000     0.0846 8.1807e+01     0.1478     -0.667     -0.967    15.1380 0.0000e+00
     -0.680 3.1362e-08     9.1353     90.845     10.874   8.727911     0.0000    -0.1155     0.0000    -0.0423 8.1541e+01     0.1628     -0.667     -0.967    15.1362 0.0000e+00
     -0.680 4.2982e-08     9.1350     90.846     10.716   8.600876     0.0000    -0.1155     0.0000    -0.0423 8.1417e+01     0.1478     -0.667     -0.967    15.1344 0.0000e+00
     -0.680 5.7331e-08     9.1348     90.853     10.564   8.478485     0.0000    -0.1155     0.0000    -0.0423 8.0905e+01     0.0426     -0.667     -0.967    15.1327 0.0000e+00
     -0.680 7.5320e-08     9.1347     90.863     10.421   8.363702     0.0000    -0.1079     0.0000    -0.0423 8.0362e+01     0.0125     -0.667     -0.967    15.1310 0.0000e+00
     -0.680 9.8092e-08     9.1348     90.868     10.282   8.251630     0.0000    -0.1155     0.0000     0.0423 8.0870e+01     0.0426     -0.667     -0.967    15.1294 0.0000e+00
     -0.680 1.2709e-07     9.1352     90.875     10.148   8.144031     0.0000    -0.1117     0.0000     0.0423 8.0852e+01     0.0426     -0.667     -0.967    15.1278 0.0000e+00
     -0.680 1.6416e-07     9.1362     90.882     10.024   8.043856     0.0000    -0.1117     0.0000     0.0423 8.0327e+01     0.0726     -0.667     -0.967    15.1263 0.0000e+00
     -0.680 2.1165e-07     9.1375     90.885      9.902   7.946149     0.0000    -0.1002     0.0000     0.0423 8.0188e+01     0.0876     -0.667     -0.967    15.1248 0.0000e+00
     -0.680 2.7258e-07     9.1383     90.882      9.781   7.848590     0.0000    -0.1079     0.0000     0.0000 8.0449e+01     0.1478     -0.667     -0.967    15.1233 0.0000e+00
     -0.680 3.5082e-07     9.1393     90.877      9.664   7.754829     0.0000    -0.1269     0.0000     0.0000 8.0554e+01     0.0876     -0.667     -0.967    15.1219 0.0000e+00
     -0.680 4.5121e-07     9.1403     90.875      9.556   7.667554     0.0000    -0.0850     0.0000     0.0000 8.0554e+01     0.4033     -0.667     -0.967    15.1205 0.0000e+00
     -0.679 5.8012e-07     9.1408     90.877      9.456   7.587226     0.0000    -0.1346     0.0000     0.0000 8.0467e+01     0.2680     -0.666     -0.966    15.1191 0.0000e+00
     -0.679 7.4587e-07     9.1408     90.884      9.366   7.514179     0.0900    -0.1079    -0.0426     0.0423 8.0607e+01     0.2981     -0.666     -0.966    15.1178 0.0000e+00
     -0.679 9.5898e-07     9.1407     90.894      9.280   7.444756     0.0900    -0.1346    -0.0426     0.0423 8.1081e+01     0.3582     -0.666     -0.966    15.1164 0.0000e+00
     -0.679      0.000     9.1407     90.906      9.192   7.374291     0.0900    -0.1155    -0.0426     0.0423 8.2038e+01     0.3582     -0.666     -0.966    15.1149 0.0000e+00
     -0.679      0.000     9.1413     90.921      9.100   7.299813     0.0900    -0.1041    -0.0426     0.0423 8.3097e+01     0.3582     -0.666     -0.966    15.1133 0.0000e+00
     -0.679      0.000     9.1423     90.934      9.002   7.221241     0.0900    -0.1155    -0.0426     0.0423 8.3205e+01     0.3582     -0.666     -0.966    15.1116 0.0000e+00
     -0.679      0.000     9.1436     90.942      8.903   7.141355     0.0900    -0.1193     0.0000     0.2115 8.3025e+01     0.3582     -0.666     -0.966    15.1097 0.0000e+00
     -0.679      0.000     9.1452     90.944      8.808   7.064562     0.0900    -0.1384     0.0000     0.2115 8.3350e+01     0.1327     -0.666     -0.966    15.1078 0.0000e+00
     -0.679      0.000     9.1471     90.944      8.721   6.994119     0.0900    -0.1193     0.0000     0.2115 8.3549e+01     0.1027     -0.666     -0.966    15.1057 0.0000e+00
     -0.679      0.000     9.1488     90.944      8.635   6.925085     0.0900    -0.1079     0.0000     0.2115 8.3277e+01     0.0876     -0.666     -0.966    15.1036 0.0000e+00
     -0.679      0.000     9.1500     90.943      8.548   6.854872     0.0000    -0.1269     0.0000     0.0423 8.2521e+01     0.0426     -0.666     -0.966    15.1016 0.0000e+00
     -0.679      0.000     9.1506     90.941      8.465   6.788491     0.0000    -0.1346     0.0000     0.0423 8.1099e+01     0.3131     -0.666     -0.966    15.0997 0.0000e+00
     -0.679      0.000     9.1510     90.942      8.390   6.728016     0.0000    -0.1117     0.0000     0.0423 8.0327e+01     0.3131     -0.666     -0.966    15.0979 0.0000e+00
     -0.679      0.000     9.1513     90.952      8.322   6.673144     0.0000    -0.1117     0.0000     0.0423 7.9373e+01     0.3582     -0.666     -0.966    15.0962 0.0000e+00
     -0.680      0.000     9.1516     90.968      8.264   6.627040     0.0000    -0.1384     0.0000     0.0000 7.8107e+01     0.2981     -0.667     -0.966    15.0947 0.0000e+00
     -0.680      0.000     9.1516     90.985      8.218   6.589277     0.0000    -0.1155     0.0000     0.0000 7.7195e+01     0.0275     -0.667     -0.966    15.0933 0.0000e+00
     -0.679      0.000     9.1520     91.001      8.176   6.555717     0.0000    -0.1193     0.0000     0.0000 7.6627e+01     0.0876     -0.666     -0.966    15.0919 0.0000e+00
     -0.679      0.000     9.1532     91.011      8.143   6.529279     0.0000    -0.1346     0.0000     0.0000 7.6428e+01     0.1177     -0.666     -0.966    15.0906 0.0000e+00
     -0.679      0.000     9.1551     91.015      8.121   6.510823     0.0000    -0.1193     0.0000     0.0000 7.7061e+01     0.1177     -0.666     -0.966    15.0894 0.0000e+00
     -0.679      0.000     9.1571     91.014      8.107   6.499381     0.0000    -0.1346     0.0000     0.0000 7.9736e+01     0.0426     -0.666     -0.966    15.0882 0.0000e+00
     -0.679      0.000     9.1589     91.009      8.102   6.495860     0.0000    -0.1346     0.0000     0.0000 7.5111e+01     0.1327     -0.666     -0.966    15.0870 0.0000e+00
     -0.679      0.000     9.1601     91.008      8.107   6.499319     0.0000    -0.1155     0.0000     0.0000 7.6661e+01     0.1027     -0.666     -0.966    15.0859 0.0000e+00
     -0.679      0.000     9.1608     91.015      8.122   6.510681     0.0000    -0.1231     0.0000     0.0000 7.5078e+01     0.1327     -0.666     -0.966    15.0847 0.0000e+00
     -0.679      0.000     9.1609     91.026      8.140   6.525065     0.0000    -0.1155     0.0000     0.0846 8.6186e+01     0.3582     -0.666     -0.966    15.0836 0.0000e+00
     -0.679      0.000     9.1606     91.041      8.156   6.538397     0.0000    -0.1231     0.0000     0.0846 7.2907e+01     0.4333     -0.666     -0.966    15.0825 0.0000e+00
     -0.679      0.000     9.1607     91.058      8.176   6.554230     0.0000    -0.1002     0.0000     0.0846 6.9655e+01     0.3582     -0.666     -0.966    15.0814 0.0000e+00
     -0.679      0.000     9.1616     91.079      8.195   6.568877     0.0000    -0.1155     0.0000     0.0846 7.9218e+01     0.2981     -0.666     -0.965    15.0803 0.0000e+00
     -0.679      0.001     9.1630     91.098      8.202   6.574377     0.0900    -0.1269     0.0000    -0.0846 8.8348e+01     0.1027     -0.665     -0.965    15.0792 0.0000e+00
     -0.678      0.001     9.1647     91.110      8.192   6.566263     0.0900    -0.1498     0.0000    -0.0846 9.3422e+01     0.1027     -0.665     -0.965    15.0780 0.0000e+00
