Data/DataNotYetUploadedToEDI/Raw_CTD/RawDownloads/052923_fcr50_S8188006.cnv
* Sea-Bird SBE19plus  Data File:
* FileName = C:\R\Reservoirs\Data\DataNotYetUploadedToEDI\Raw_CTD\RawDownloads\retry_0006.hex
* Software version 2.8.0.119
* Temperature SN = 8188
* Conductivity SN = 8188
* System UpLoad Time = May 31 2023 16:57:12
* <ApplicationData>
* <Seaterm232>
# nquan = 16
# nvalues = 1802                        
# units = specified
# name 0 = depFM: Depth [fresh water, m]
# name 1 = dz/dtM: Descent Rate [m/s]
# name 2 = sbeox0Mg/L: Oxygen, SBE 43 [mg/l]
# name 3 = sbeox0PS: Oxygen, SBE 43 [% saturation]
# name 4 = specc: Specific Conductance [uS/cm]
# name 5 = c0uS/cm: Conductivity [uS/cm]
# name 6 = wetCDOM: Fluorescence, WET Labs CDOM [mg/m^3]
# name 7 = flECO-AFL: Fluorescence, WET Labs ECO-AFL/FL [mg/m^3]
# name 8 = flECO-AFL1: Fluorescence, WET Labs ECO-AFL/FL, 2 [mg/m^3]
# name 9 = flECO-AFL2: Fluorescence, WET Labs ECO-AFL/FL, 3 [mg/m^3]
# name 10 = par/sat/log: PAR/Logarithmic, Satlantic
# name 11 = turbWETntu0: Turbidity, WET Labs ECO [NTU]
# name 12 = prdM: Pressure, Strain Gauge [db]
# name 13 = prdE: Pressure, Strain Gauge [psi]
# name 14 = tv290C: Temperature [ITS-90, deg C]
# name 15 = flag:  0.000e+00
# span 0 =     -0.693,      9.666       
# span 1 =     -0.182,      0.102       
# span 2 =     0.1729,    12.4636       
# span 3 =      1.533,    126.010       
# span 4 =      0.851,    490.026       
# span 5 =   0.695615, 342.555805       
# span 6 =    -4.5000,    54.7200       
# span 7 =    -0.2070,     6.9952       
# span 8 =    -2.1300,     2.7264       
# span 9 =    -2.0304,     4.4838       
# span 10 = 1.1590e-01, 1.9541e+02      
# span 11 =    -0.5436,   256.0509      
# span 12 =     -0.680,      9.479      
# span 13 =     -0.986,     13.748      
# span 14 =     9.9440,    18.5819      
# span 15 = 0.0000e+00, 0.0000e+00      
# interval = seconds: 0.25
# start_time = May 29 2023 11:47:09 [Instrument's time stamp, header]
# bad_flag = -9.990e-29
*END*
[from data line 452]
      2.578      0.032     7.2645     67.771     37.273  29.235502     4.1400     1.8949     0.0426     0.6345 3.2631e+00     1.6508      2.528      3.667    14.2747 0.0000e+00
      2.585      0.028     7.1874     67.179     37.285  29.241343     4.1400     1.9140     0.0426     0.6345 3.2412e+00     1.6207      2.536      3.678    14.2536 0.0000e+00
      2.592      0.026     7.1051     66.757     37.287  29.240670     4.1400     1.8949     0.0426     0.6345 3.2405e+00     1.6508      2.542      3.687    14.2359 0.0000e+00
      2.598      0.024     7.0240     66.527     37.287  29.239244     4.1400     1.9025     0.0426     0.5499 3.2341e+00     1.6808      2.548      3.695    14.2225 0.0000e+00
      2.603      0.022     6.9508     66.487     37.287  29.238664     4.1400     1.8834     0.0426     0.5499 3.2553e+00     1.6207      2.553      3.703    14.2141 0.0000e+00
      2.609      0.022     6.8909     66.606     37.290  29.238776     4.1400     1.8796     0.0426     0.5499 3.2313e+00     1.6808      2.558      3.710    14.2093 0.0000e+00
      2.614      0.022     6.8481     66.845     37.293  29.235651     4.1400     1.8873     0.0426     0.5499 3.2152e+00     1.6207      2.563      3.718    14.2063 0.0000e+00
      2.619      0.023     6.8247     67.152     37.293  29.228453     4.1400     1.8758     0.0426     0.5499 3.2271e+00     1.5756      2.569      3.726    14.2049 0.0000e+00
      2.626      0.024     6.8207     67.466     37.293  29.217244     4.0500     1.8873     0.0426     0.4230 3.1094e+00     1.6357      2.575      3.735    14.2041 0.0000e+00
      2.632      0.025     6.8334     67.726     37.287  29.197055     4.0500     1.8758     0.0426     0.4230 3.1182e+00     1.3502      2.581      3.744    14.2010 0.0000e+00
      2.639      0.027     6.8589     67.889     37.287  29.176361     4.0500     1.8644     0.0426     0.4230 3.1128e+00     1.3351      2.588      3.753    14.1941 0.0000e+00
      2.646      0.028     6.8921     67.928     37.305  29.167462     4.0500     1.9025     0.0426     0.4230 3.1379e+00     1.3051      2.594      3.763    14.1837 0.0000e+00
      2.653      0.029     6.9265     67.835     37.335  29.167982     4.1400     1.9025     0.0426     0.4230 3.0651e+00     1.4404      2.601      3.773    14.1696 0.0000e+00
      2.661      0.030     6.9564     67.613     37.374  29.174102     4.1400     1.7614     0.0426     0.4230 2.9804e+00     1.3802      2.609      3.784    14.1489 0.0000e+00
      2.669      0.030     6.9774     67.268     37.416  29.183492     4.1400     1.7804     0.0426     0.4230 3.0221e+00     1.4103      2.617      3.796    14.1208 0.0000e+00
      2.677      0.029     6.9860     66.830     37.444  29.190733     4.1400     1.7995     0.0426     0.4230 2.9386e+00     1.3502      2.625      3.807    14.0903 0.0000e+00
      2.685      0.027     6.9811     66.349     37.453  29.193797     4.1400     1.7881     0.0426     0.6345 2.8075e+00     1.3051      2.633      3.819    14.0598 0.0000e+00
      2.692      0.024     6.9632     65.878     37.452  29.197460     4.1400     1.5058     0.0426     0.6345 2.9431e+00     1.2450      2.640      3.829    14.0268 0.0000e+00
      2.698      0.021     6.9325     65.469     37.452  29.206660     4.1400     1.5477     0.0426     0.6345 2.8630e+00     1.2901      2.646      3.837    13.9955 0.0000e+00
      2.702      0.018     6.8903     65.176     37.454  29.219892     4.1400     1.5058     0.0426     0.6345 2.8823e+00     1.3351      2.650      3.844    13.9755 0.0000e+00
      2.706      0.015     6.8416     65.041     37.453  29.232764     4.0500     1.5020     0.0426     0.4653 2.8880e+00     1.2600      2.654      3.849    13.9702 0.0000e+00
      2.709      0.013     6.7921     65.079     37.451  29.244749     4.0500     1.6584     0.0426     0.4653 2.8698e+00     1.2600      2.657      3.853    13.9760 0.0000e+00
      2.712      0.011     6.7481     65.288     37.450  29.257065     4.0500     1.6584     0.0426     0.4653 2.8949e+00     1.3201      2.659      3.857    13.9887 0.0000e+00
      2.714      0.010     6.7156     65.647     37.443  29.265076     4.0500     1.6851     0.0426     0.4653 2.8842e+00     1.3652      2.662      3.861    14.0050 0.0000e+00
      2.717      0.010     6.6990     66.124     37.427  29.264979     4.0500     1.6660     0.0426     0.4653 2.9113e+00     1.2299      2.664      3.864    14.0228 0.0000e+00
      2.719      0.011     6.7002     66.681     37.409  29.258728     4.0500     1.7728     0.0426     0.3807 2.8524e+00     1.3051      2.666      3.867    14.0411 0.0000e+00
      2.722      0.012     6.7190     67.273     37.397  29.248619     4.0500     1.8110     0.0426     0.3807 2.8711e+00     1.3953      2.669      3.871    14.0591 0.0000e+00
      2.724      0.014     6.7533     67.843     37.394  29.233935     4.0500     1.7614     0.0426     0.3807 2.8873e+00     1.3502      2.672      3.875    14.0767 0.0000e+00
      2.728      0.018     6.7999     68.332     37.398  29.210760     4.0500     1.7728     0.0426     0.3807 2.8968e+00     1.3802      2.675      3.880    14.0929 0.0000e+00
      2.732      0.022     6.8557     68.678     37.408  29.180834     4.0500     1.7652     0.0000     0.4653 2.8786e+00     1.2600      2.680      3.886    14.1037 0.0000e+00
      2.738      0.026     6.9167     68.818     37.430  29.155972     4.0500     1.7919     0.0000     0.4653 2.8829e+00     1.2450      2.685      3.895    14.1028 0.0000e+00
      2.745      0.031     6.9780     68.699     37.452  29.137462     4.0500     1.7614     0.0000     0.4653 2.8673e+00     1.2450      2.692      3.905    14.0857 0.0000e+00
      2.754      0.036     7.0338     68.296     37.459  29.116407     4.0500     1.7652     0.0000     0.4653 2.7935e+00     1.2600      2.701      3.918    14.0507 0.0000e+00
      2.764      0.041     7.0772     67.603     37.461  29.095111     4.1400     1.6431     0.0000     0.5499 2.7520e+00     1.3953      2.711      3.932    14.0003 0.0000e+00
      2.775      0.046     7.1002     66.649     37.469  29.075816     4.1400     1.6660     0.0000     0.5499 2.7561e+00     1.2600      2.722      3.947    13.9444 0.0000e+00
      2.787      0.050     7.0952     65.498     37.486  29.057335     4.1400     1.6507     0.0000     0.5499 2.7281e+00     1.3351      2.733      3.964    13.8969 0.0000e+00
      2.800      0.054     7.0589     64.220     37.509  29.042658     4.1400     1.6584     0.0000     0.5499 2.7116e+00     1.3051      2.746      3.983    13.8616 0.0000e+00
      2.816      0.057     6.9918     62.877     37.533  29.031829     4.1400     1.6011     0.0426     0.4653 2.6223e+00     1.3351      2.761      4.005    13.8309 0.0000e+00
      2.832      0.059     6.8983     61.522     37.558  29.025920     4.1400     1.5897     0.0426     0.4653 2.5677e+00     1.3051      2.777      4.028    13.7961 0.0000e+00
      2.848      0.059     6.7853     60.206     37.589  29.027314     4.1400     1.5859     0.0426     0.4653 2.5560e+00     1.3652      2.793      4.051    13.7543 0.0000e+00
      2.863      0.058     6.6593     58.973     37.619  29.028461     4.1400     1.6050     0.0426     0.4653 2.5554e+00     1.3802      2.808      4.073    13.7105 0.0000e+00
      2.878      0.056     6.5257     57.858     37.639  29.021749     4.1400     1.3913     0.0426     0.4653 2.5103e+00     1.3652      2.822      4.093    13.6714 0.0000e+00
      2.892      0.054     6.3897     56.879     37.655  29.009346     4.0500     1.4142     0.0426     0.4230 2.4595e+00     1.3652      2.836      4.114    13.6382 0.0000e+00
      2.905      0.052     6.2572     56.029     37.673  28.991904     4.0500     1.3799     0.0426     0.4230 2.5185e+00     1.3953      2.849      4.133    13.6086 0.0000e+00
      2.918      0.050     6.1330     55.282     37.700  28.968732     4.0500     1.3723     0.0426     0.4230 2.4446e+00     1.3953      2.862      4.151    13.5795 0.0000e+00
      2.931      0.049     6.0210     54.601     37.745  28.945529     4.0500     1.4333     0.0426     0.4230 2.4035e+00     1.3351      2.874      4.169    13.5498 0.0000e+00
      2.943      0.047     5.9234     53.927     37.804  28.927984     4.0500     1.4066     0.0426     0.3384 2.4014e+00     1.3652      2.886      4.186    13.5176 0.0000e+00
      2.955      0.045     5.8401     53.201     37.857  28.915374     4.0500     1.4180     0.0426     0.3384 2.4072e+00     1.3652      2.898      4.203    13.4761 0.0000e+00
      2.967      0.042     5.7697     52.386     37.896  28.908293     4.0500     1.4104     0.0426     0.3384 2.3295e+00     1.3502      2.909      4.220    13.4174 0.0000e+00
      2.978      0.039     5.7083     51.471     37.923  28.908812     4.0500     1.3150     0.0426     0.3384 2.3320e+00     1.3051      2.920      4.235    13.3406 0.0000e+00
      2.988      0.036     5.6484     50.485     37.936  28.913108     4.0500     1.3303     0.0426     0.3384 2.3590e+00     1.2600      2.930      4.249    13.2578 0.0000e+00
      2.996      0.033     5.5812     49.514     37.936  28.918369     4.0500     1.3723     0.0426     0.3384 2.3204e+00     1.2901      2.938      4.261    13.1872 0.0000e+00
      3.004      0.031     5.5017     48.675     37.931  28.925998     4.0500     1.3379     0.0426     0.3384 2.3264e+00     1.3201      2.946      4.272    13.1385 0.0000e+00
      3.011      0.030     5.4090     48.073     37.923  28.930110     4.0500     1.2921     0.0426     0.3384 2.3229e+00     1.2901      2.952      4.282    13.1120 0.0000e+00
      3.017      0.030     5.3064     47.780     37.907  28.919925     4.0500     1.2807     0.0000     0.2538 2.3290e+00     1.1999      2.959      4.292    13.1049 0.0000e+00
      3.025      0.032     5.2036     47.815     37.899  28.900646     4.0500     1.2654     0.0000     0.2538 2.3179e+00     1.4103      2.966      4.302    13.1123 0.0000e+00
      3.032      0.035     5.1139     48.133     37.919  28.886931     4.0500     1.2921     0.0000     0.2538 2.3179e+00     1.3502      2.973      4.313    13.1269 0.0000e+00
      3.041      0.039     5.0491     48.642     37.957  28.879082     4.0500     1.3189     0.0000     0.2538 2.3340e+00     1.3351      2.982      4.326    13.1405 0.0000e+00
      3.052      0.043     5.0181     49.216     37.995  28.871042     4.0500     1.3494     0.0000     0.2538 2.2616e+00     1.3201      2.993      4.341    13.1432 0.0000e+00
      3.064      0.047     5.0239     49.700     38.030  28.860667     4.0500     1.3570     0.0426     0.2115 2.2149e+00     1.4103      3.005      4.358    13.1258 0.0000e+00
      3.077      0.050     5.0616     49.968     38.062  28.849148     4.0500     1.3379     0.0426     0.2115 2.2309e+00     1.3051      3.018      4.377    13.0875 0.0000e+00
      3.091      0.051     5.1206     49.965     38.091  28.841332     4.0500     1.1548     0.0426     0.2115 2.1720e+00     1.0045      3.031      4.397    13.0392 0.0000e+00
      3.105      0.052     5.1867     49.693     38.116  28.835132     4.0500     1.1701     0.0426     0.2115 2.1134e+00     1.1999      3.045      4.416    12.9900 0.0000e+00
      3.119      0.052     5.2434     49.205     38.140  28.830877     4.0500     1.1357     0.0852     0.2538 2.1226e+00     1.0796      3.058      4.436    12.9413 0.0000e+00
      3.132      0.052     5.2770     48.585     38.175  28.833369     4.0500     1.1663     0.0852     0.2538 2.1235e+00     1.0345      3.071      4.454    12.8950 0.0000e+00
      3.144      0.052     5.2812     47.918     38.217  28.837333     4.0500     1.1510     0.0852     0.2538 2.1374e+00     1.0496      3.083      4.472    12.8555 0.0000e+00
      3.157      0.051     5.2561     47.284     38.258  28.837886     4.0500     1.1663     0.0852     0.2538 2.1028e+00     1.1548      3.096      4.490    12.8230 0.0000e+00
      3.170      0.051     5.2079     46.733     38.298  28.839133     3.9600     1.1586     0.0426     0.2538 2.0734e+00     1.0646      3.109      4.509    12.7934 0.0000e+00
      3.184      0.050     5.1458     46.277     38.335  28.841406     3.9600     1.1586     0.0426     0.2538 2.0514e+00     1.1398      3.122      4.528    12.7618 0.0000e+00
      3.197      0.049     5.0792     45.900     38.360  28.841350     3.9600     1.1777     0.0426     0.2538 2.0314e+00     1.0345      3.135      4.547    12.7257 0.0000e+00
      3.209      0.047     5.0164     45.589     38.378  28.842910     3.9600     1.1586     0.0426     0.2538 2.0073e+00     0.9894      3.147      4.565    12.6864 0.0000e+00
      3.221      0.045     4.9623     45.327     38.397  28.846501     3.9600     1.1663     0.0426     0.2961 1.9886e+00     1.0195      3.159      4.581    12.6480 0.0000e+00
      3.232      0.044     4.9175     45.110     38.417  28.849121     3.9600     1.1663     0.0426     0.2961 1.9770e+00     1.0796      3.169      4.597    12.6150 0.0000e+00
      3.242      0.043     4.8803     44.948     38.444  28.851469     3.9600     1.0366     0.0426     0.2961 1.9899e+00     1.0646      3.179      4.611    12.5907 0.0000e+00
      3.252      0.044     4.8490     44.862     38.480  28.854170     3.9600     1.0518     0.0426     0.2961 1.9412e+00     1.0796      3.189      4.626    12.5746 0.0000e+00
      3.263      0.046     4.8226     44.854     38.524  28.853985     3.9600     1.0213     0.0426     0.2961 1.9654e+00     1.1398      3.200      4.641    12.5614 0.0000e+00
      3.275      0.048     4.8013     44.913     38.571  28.852841     3.9600     1.0442     0.0426     0.2961 1.9693e+00     1.0345      3.211      4.658    12.5447 0.0000e+00
      3.287      0.050     4.7867     45.020     38.622  28.856374     3.9600     0.9641     0.0426     0.2961 1.9629e+00     1.3502      3.224      4.676    12.5216 0.0000e+00
      3.301      0.052     4.7810     45.149     38.666  28.859582     3.9600     0.9412     0.0426     0.2961 1.8782e+00     1.3051      3.237      4.696    12.4893 0.0000e+00
      3.315      0.052     4.7848     45.273     38.696  28.857381     3.9600     0.9832     0.0426     0.2961 1.8962e+00     1.3201      3.251      4.716    12.4468 0.0000e+00
      3.329      0.052     4.7961     45.375     38.710  28.849184     3.9600     0.9946     0.0426     0.2115 1.8478e+00     1.3502      3.265      4.735    12.3999 0.0000e+00
      3.343      0.051     4.8124     45.441     38.721  28.840722     3.9600     0.9069     0.0426     0.2115 1.8294e+00     1.1247      3.278      4.755    12.3553 0.0000e+00
      3.356      0.049     4.8305     45.470     38.743  28.837661     3.9600     0.9145     0.0426     0.2115 1.8128e+00     1.0496      3.291      4.774    12.3162 0.0000e+00
      3.368      0.047     4.8473     45.470     38.769  28.835222     3.9600     0.9297     0.0426     0.2115 1.8120e+00     1.1247      3.303      4.791    12.2845 0.0000e+00
      3.380      0.044     4.8608     45.441     38.794  28.832755     3.9600     0.9450     0.0426     0.2115 1.7889e+00     1.1398      3.314      4.807    12.2603 0.0000e+00
      3.391      0.042     4.8702     45.373     38.828  28.837521     3.9600     0.8496     0.0426     0.2115 1.7638e+00     1.0796      3.325      4.823    12.2387 0.0000e+00
      3.401      0.040     4.8761     45.257     38.873  28.846830     3.9600     0.8535     0.0426     0.2115 1.7516e+00     1.0345      3.335      4.837    12.2141 0.0000e+00
      3.410      0.039     4.8790     45.087     38.920  28.851286     3.9600     0.8535     0.0426     0.2115 1.7758e+00     1.1247      3.345      4.851    12.1865 0.0000e+00
      3.420      0.039     4.8789     44.861     38.962  28.848114     3.9600     0.8458     0.0426     0.2115 1.7638e+00     1.2149      3.354      4.864    12.1594 0.0000e+00
      3.429      0.038     4.8745     44.587     38.991  28.836468     3.9600     0.8573     0.0000     0.2115 1.7304e+00     1.0345      3.364      4.878    12.1327 0.0000e+00
