Data/DataNotYetUploadedToEDI/Raw_CTD/RawDownloads/052923_fcr50_S8188006.cnv
* Sea-Bird SBE19plus  Data File:
* FileName = C:\R\Reservoirs\Data\DataNotYetUploadedToEDI\Raw_CTD\RawDownloads\retry_0006.hex
* Software version 2.8.0.119
* Temperature SN = 8188
* Conductivity SN = 8188
* System UpLoad Time = May 31 2023 16:57:12
* <ApplicationData>
* <Seaterm232>
# nquan = 16
# nvalues = 1802                        
# units = specified
# name 0 = depFM: Depth [fresh water, m]
# name 1 = dz/dtM: Descent Rate [m/s]
# name 2 = sbeox0Mg/L: Oxygen, SBE 43 [mg/l]
# name 3 = sbeox0PS: Oxygen, SBE 43 [% saturation]
# name 4 = specc: Specific Conductance [uS/cm]
# name 5 = c0uS/cm: Conductivity [uS/cm]
# name 6 = wetCDOM: Fluorescence, WET Labs CDOM [mg/m^3]
# name 7 = flECO-AFL: Fluorescence, WET Labs ECO-AFL/FL [mg/m^3]
# name 8 = flECO-AFL1: Fluorescence, WET Labs ECO-AFL/FL, 2 [mg/m^3]
# name 9 = flECO-AFL2: Fluorescence, WET Labs ECO-AFL/FL, 3 [mg/m^3]
# name 10 = par/sat/log: PAR/Logarithmic, Satlantic
# name 11 = turbWETntu0: Turbidity, WET Labs ECO [NTU]
# name 12 = prdM: Pressure, Strain Gauge [db]
# name 13 = prdE: Pressure, Strain Gauge [psi]
# name 14 = tv290C: Temperature [ITS-90, deg C]
# name 15 = flag:  0.000e+00
# span 0 =     -0.693,      9.666       
# span 1 =     -0.182,      0.102       
# span 2 =     0.1729,    12.4636       
# span 3 =      1.533,    126.010       
# span 4 =      0.851,    490.026       
# span 5 =   0.695615, 342.555805       
# span 6 =    -4.5000,    54.7200       
# span 7 =    -0.2070,     6.9952       
# span 8 =    -2.1300,     2.7264       
# span 9 =    -2.0304,     4.4838       
# span 10 = 1.1590e-01, 1.9541e+02      
# span 11 =    -0.5436,   256.0509      
# span 12 =     -0.680,      9.479      
# span 13 =     -0.986,     13.748      
# span 14 =     9.9440,    18.5819      
# span 15 = 0.0000e+00, 0.0000e+00      
# interval = seconds: 0.25
# start_time = May 29 2023 11:47:09 [Instrument's time stamp, header]
# bad_flag = -9.990e-29
*END*
[from data line 1447]
      2.215     -0.067    10.0579     83.821     41.877  29.463058     4.6800     0.9832     0.3408     0.3384 4.1262e+00     8.8803      2.172      3.151    10.1128 0.0000e+00
      2.199     -0.070     9.9385     81.883     41.835  29.449845     4.6800     0.9946     0.3408     0.3384 4.1217e+00     8.8202      2.157      3.128    10.1265 0.0000e+00
      2.183     -0.075     9.7938     79.811     41.817  29.453938     4.6800     0.9832     0.3408     0.3384 4.1307e+00     8.9554      2.141      3.105    10.1416 0.0000e+00
      2.165     -0.082     9.6215     77.688     41.817  29.472469     4.6800     0.8954     0.3408     0.3384 4.1217e+00     9.1358      2.123      3.079    10.1581 0.0000e+00
      2.144     -0.092     9.4222     75.601     41.826  29.498501     4.9500     0.8878     0.4686     0.5499 4.1958e+00     9.1208      2.102      3.049    10.1760 0.0000e+00
      2.119     -0.102     9.2002     73.635     41.837  29.527095     4.9500     0.9030     0.4686     0.5499 4.4785e+00     9.1208      2.078      3.014    10.1952 0.0000e+00
      2.091     -0.113     8.9631     71.878     41.857  29.561917     4.9500     0.9259     0.4686     0.5499 4.6876e+00     9.1057      2.051      2.974    10.2157 0.0000e+00
      2.060     -0.123     8.7203     70.375     41.886  29.604334     4.9500     0.9603     0.4686     0.5499 4.8745e+00     5.1077      2.021      2.930    10.2377 0.0000e+00
      2.027     -0.133     8.4814     69.101     41.913  29.645858     5.1300     1.2807     0.4686     0.5076 5.0966e+00     5.1829      1.988      2.883    10.2610 0.0000e+00
      1.992     -0.141     8.2561     67.983     41.931  29.681723     5.1300     1.2960     0.4686     0.5076 5.3380e+00     5.1227      1.954      2.834    10.2854 0.0000e+00
      1.955     -0.148     8.0543     66.928     41.943  29.713573     5.1300     1.2693     0.4686     0.5076 5.6890e+00     5.1829      1.917      2.780    10.3108 0.0000e+00
      1.915     -0.152     7.8810     65.870     41.956  29.745943     5.1300     1.3036     0.4686     0.5076 6.1252e+00     5.1378      1.878      2.724    10.3369 0.0000e+00
      1.874     -0.155     7.7336     64.797     41.980  29.787466     5.4900     2.3908     0.5538     0.8037 6.5720e+00     3.3642      1.838      2.666    10.3636 0.0000e+00
      1.833     -0.157     7.6035     63.751     42.013  29.835354     5.4900     2.3794     0.5538     0.8037 7.0147e+00     3.4995      1.798      2.607    10.3909 0.0000e+00
      1.792     -0.156     7.4807     62.802     42.044  29.882580     5.4900     2.3870     0.5538     0.8037 7.3342e+00     3.4394      1.758      2.550    10.4185 0.0000e+00
      1.753     -0.155     7.3575     62.046     42.077  29.931836     5.4900     2.3794     0.5538     0.8037 7.4872e+00     3.3792      1.719      2.494    10.4466 0.0000e+00
      1.714     -0.154     7.2329     61.579     42.113  29.984378     5.4900     3.9243     0.5538     0.8037 7.8232e+00     3.1087      1.681      2.438    10.4751 0.0000e+00
      1.675     -0.153     7.1112     61.478     42.148  30.038379     5.3100     3.9358     0.5538     1.0575 8.2833e+00     3.1989      1.643      2.383    10.5042 0.0000e+00
      1.636     -0.153     7.0004     61.782     42.182  30.092399     5.3100     3.9129     0.5538     1.0575 8.8010e+00     3.2289      1.605      2.328    10.5341 0.0000e+00
      1.598     -0.153     6.9109     62.470     42.218  30.148965     5.3100     3.9320     0.5538     1.0575 9.0473e+00     3.1688      1.567      2.273    10.5651 0.0000e+00
      1.559     -0.155     6.8535     63.455     42.270  30.219201     5.3100     4.1074     0.5538     1.0575 9.2782e+00     3.4995      1.529      2.218    10.5973 0.0000e+00
      1.520     -0.156     6.8366     64.618     42.359  30.317878     5.1300     4.1380     0.5538     0.9306 9.8410e+00     3.4394      1.491      2.162    10.6311 0.0000e+00
      1.480     -0.158     6.8646     65.839     42.491  30.449530     5.1300     4.1227     0.5538     0.9306 1.0354e+01     3.5145      1.452      2.105    10.6665 0.0000e+00
      1.439     -0.158     6.9350     67.021     42.649  30.601744     5.1300     4.0846     0.5538     0.9306 1.1071e+01     3.4394      1.411      2.047    10.7036 0.0000e+00
      1.397     -0.158     7.0378     68.097     42.794  30.747788     5.1300     4.8818     0.5538     0.9306 1.1876e+01     4.2360      1.370      1.988    10.7425 0.0000e+00
      1.356     -0.157     7.1598     69.026     42.887  30.859286     5.1300     4.8628     0.5112     1.1421 1.2676e+01     4.1157      1.330      1.929    10.7835 0.0000e+00
      1.316     -0.155     7.2877     69.786     42.920  30.932310     5.1300     4.9085     0.5112     1.1421 1.3085e+01     4.1157      1.290      1.872    10.8268 0.0000e+00
      1.277     -0.152     7.4106     70.400     42.922  30.986335     5.1300     4.8856     0.5112     1.1421 1.3639e+01     4.0857      1.252      1.816    10.8727 0.0000e+00
      1.238     -0.149     7.5211     70.938     42.917  31.039728     5.1300     5.2862     0.5112     1.1421 1.4501e+01     4.3412      1.214      1.762    10.9218 0.0000e+00
      1.201     -0.147     7.6144     71.479     42.909  31.094849     4.7700     5.3243     0.2130     1.4805 1.5079e+01     4.4764      1.178      1.708    10.9746 0.0000e+00
      1.164     -0.145     7.6881     72.070     42.887  31.142638     4.7700     5.3053     0.2130     1.4805 1.5552e+01     4.4614      1.142      1.656    11.0318 0.0000e+00
      1.128     -0.145     7.7446     72.720     42.858  31.187919     4.7700     5.3396     0.2130     1.4805 1.5863e+01     4.3111      1.107      1.605    11.0937 0.0000e+00
      1.092     -0.145     7.7918     73.438     42.840  31.242771     4.7700     5.7669     0.2130     1.4805 1.6582e+01     4.4764      1.071      1.554    11.1602 0.0000e+00
      1.055     -0.146     7.8384     74.249     42.837  31.309940     4.7700     5.7440     0.2130     1.4805 1.7545e+01     4.4314      1.035      1.501    11.2311 0.0000e+00
      1.017     -0.146     7.8896     75.163     42.849  31.389521     4.4100     5.7592     0.1704     2.9610 1.8638e+01     4.3261      0.998      1.447    11.3055 0.0000e+00
      0.979     -0.146     7.9465     76.152     42.869  31.475014     4.4100     5.7707     0.1704     2.9610 2.0089e+01     4.3712      0.960      1.393    11.3828 0.0000e+00
      0.941     -0.144     8.0103     77.171     42.887  31.559519     4.4100     5.6600     0.1704     2.9610 2.1363e+01     4.6568      0.923      1.339    11.4622 0.0000e+00
      0.905     -0.142     8.0836     78.205     42.894  31.635868     4.4100     5.6600     0.1704     2.9610 2.1813e+01     4.5817      0.887      1.287    11.5431 0.0000e+00
      0.869     -0.139     8.1677     79.258     42.867  31.688780     4.4100     5.6906     0.2130     3.1725 2.2654e+01     4.6267      0.852      1.236    11.6250 0.0000e+00
      0.834     -0.136     8.2594     80.337     42.798  31.710587     4.4100     5.6600     0.2130     3.1725 2.3836e+01     4.6267      0.818      1.187    11.7076 0.0000e+00
      0.800     -0.134     8.3541     81.418     42.697  31.709084     4.4100     6.1102     0.2130     3.1725 2.4749e+01     4.8823      0.785      1.139    11.7908 0.0000e+00
      0.767     -0.133     8.4498     82.465     42.589  31.703677     4.4100     6.1369     0.2130     3.1725 2.5602e+01     4.8672      0.752      1.091    11.8747 0.0000e+00
      0.734     -0.133     8.5470     83.472     42.498  31.710747     4.3200     6.1140     0.2130     3.1725 2.5978e+01     4.8522      0.720      1.044    11.9595 0.0000e+00
      0.701     -0.134     8.6466     84.457     42.421  31.728222     4.3200     6.1407     0.2130     3.1725 2.7350e+01     4.9123      0.687      0.997    12.0451 0.0000e+00
      0.667     -0.136     8.7457     85.455     42.355  31.752843     4.3200     5.9805     0.2130     3.1725 2.8596e+01     4.5967      0.654      0.949    12.1316 0.0000e+00
      0.632     -0.138     8.8407     86.494     42.308  31.791179     4.3200     5.9805     0.2130     3.1725 2.9964e+01     4.4915      0.620      0.899    12.2190 0.0000e+00
      0.596     -0.140     8.9308     87.564     42.286  31.847514     4.2300     6.0110     0.2130     3.4686 3.2164e+01     4.5967      0.585      0.848    12.3069 0.0000e+00
      0.560     -0.141     9.0183     88.646     42.294  31.924993     4.2300     5.9957     0.2130     3.4686 3.4211e+01     4.7019      0.549      0.796    12.3948 0.0000e+00
      0.523     -0.141     9.1070     89.751     42.330  32.022497     4.2300     5.8164     0.2130     3.4686 3.5491e+01     4.6418      0.513      0.744    12.4823 0.0000e+00
      0.487     -0.140     9.1997     90.886     42.370  32.122464     4.2300     5.8203     0.2130     3.4686 3.7116e+01     4.6568      0.478      0.692    12.5689 0.0000e+00
      0.451     -0.139     9.2956     91.988     42.379  32.198088     4.2300     5.8164     0.2130     3.4686 4.0982e+01     4.5666      0.442      0.641    12.6544 0.0000e+00
      0.415     -0.136     9.3927     92.961     42.342  32.237854     4.2300     5.8088     0.2130     3.3840 4.2923e+01     4.5817      0.407      0.590    12.7387 0.0000e+00
      0.381     -0.133     9.4921     93.725     42.269  32.250389     4.2300     6.0606     0.2130     3.3840 4.3933e+01     4.9424      0.373      0.541    12.8218 0.0000e+00
      0.348     -0.131     9.5945     94.240     42.178  32.248938     4.2300     6.0453     0.2130     3.3840 4.5143e+01     4.8221      0.341      0.494    12.9039 0.0000e+00
      0.315     -0.129     9.6934     94.507     42.085  32.244999     4.2300     6.0682     0.2130     3.3840 4.7281e+01     4.7470      0.309      0.448    12.9852 0.0000e+00
      0.283     -0.127     9.7785     94.562     41.995  32.243465     4.0500     6.0453     0.0852     3.7647 4.9242e+01     4.8221      0.278      0.403    13.0660 0.0000e+00
      0.251     -0.127     9.8415     94.478     41.909  32.243927     4.0500     5.7096     0.0852     3.7647 5.1173e+01     4.6267      0.246      0.357    13.1466 0.0000e+00
      0.219     -0.126     9.8781     94.364     41.825  32.244532     4.0500     5.7135     0.0852     3.7647 5.4478e+01     4.6568      0.215      0.311    13.2269 0.0000e+00
      0.187     -0.126     9.8887     94.327     41.737  32.241483     4.0500     5.6791     0.0852     3.7647 5.7444e+01     4.5666      0.183      0.265    13.3071 0.0000e+00
      0.154     -0.125     9.8770     94.444     41.650  32.237929     4.2300     5.6906     0.1704     3.6801 6.0323e+01     4.5666      0.151      0.219    13.3870 0.0000e+00
      0.122     -0.125     9.8510     94.773     41.578  32.244807     4.2300     5.9309     0.1704     3.6801 6.3524e+01     4.6117      0.120      0.174    13.4663 0.0000e+00
      0.091     -0.125     9.8220     95.318     41.523  32.263951     4.2300     5.9233     0.1704     3.6801 6.7392e+01     4.6418      0.089      0.129    13.5449 0.0000e+00
      0.060     -0.125     9.8012     96.000     41.473  32.284629     4.2300     5.9729     0.1704     3.6801 6.9203e+01     4.6117      0.059      0.085    13.6226 0.0000e+00
      0.029     -0.127     9.7967     96.692     41.415  32.298493     4.4100     5.9347     0.2982     3.6801 6.9097e+01     4.6267      0.028      0.041    13.6991 0.0000e+00
     -0.003     -0.129     9.8145     97.275     41.355  32.309243     4.4100     5.4502     0.2982     3.6801 7.2104e+01     4.6267     -0.003     -0.004    13.7742 0.0000e+00
     -0.036     -0.132     9.8548     97.661     41.309  32.329649     4.4100     5.4235     0.2982     3.6801 8.1258e+01     4.6568     -0.035     -0.051    13.8478 0.0000e+00
     -0.071     -0.135     9.9095     97.791     41.290  32.371095     4.4100     5.4312     0.2982     3.6801 9.7678e+01     4.6718     -0.069     -0.100    13.9199 0.0000e+00
     -0.106     -0.138     9.9655     97.643     41.294  32.430773     4.4100     5.4312     0.2982     3.6801 1.0235e+02     4.5666     -0.104     -0.150    13.9907 0.0000e+00
     -0.142     -0.140    10.0104     97.233     41.303  32.494896     4.5000     5.6181     0.2982     3.4686 9.5537e+01     4.8973     -0.139     -0.202    14.0603 0.0000e+00
     -0.179     -0.141    10.0353     96.607     41.305  32.556802     4.5000     5.6219     0.2982     3.4686 9.3463e+01     5.0175     -0.175     -0.254    14.1289 0.0000e+00
     -0.215     -0.141    10.0340     95.832     41.288  32.609239     4.5000     5.6295     0.2982     3.4686 9.4136e+01     4.8522     -0.211     -0.306    14.1968 0.0000e+00
     -0.252     -0.141    10.0043     94.933     41.229  32.638467     4.5000     5.6219     0.2982     3.4686 9.0015e+01     4.8522     -0.247     -0.358    14.2650 0.0000e+00
     -0.288     -0.139     9.9476     93.891     41.124  32.648322     4.4100     5.4350     0.2130     3.6801 8.9236e+01     4.7770     -0.282     -0.409    14.3346 0.0000e+00
     -0.323     -0.136     9.8683     92.711     40.988  32.661235     4.4100     5.4617     0.2130     3.6801 8.8656e+01     4.8372     -0.316     -0.459    14.4078 0.0000e+00
     -0.358     -0.133     9.7727     91.412     40.840  32.712337     4.4100     5.4235     0.2130     3.6801 8.5906e+01     4.8372     -0.351     -0.508    14.4877 0.0000e+00
     -0.392     -0.129     9.6626     89.985     40.727  32.856842     4.4100     5.4350     0.2130     3.6801 8.3731e+01     4.9574     -0.384     -0.557    14.5796 0.0000e+00
     -0.425     -0.124     9.5345     88.407     40.756  33.164981     4.3200     5.4235     0.1278     3.8070 8.2844e+01     4.7320     -0.416     -0.604    14.6919 0.0000e+00
     -0.455     -0.118     9.3863     86.696     41.082  33.714978     4.3200     5.4388     0.1278     3.8070 8.1718e+01     4.7921     -0.447     -0.648    14.8389 0.0000e+00
     -0.485     -0.111     9.2157     84.908     41.955  34.677277     4.3200     5.4655     0.1278     3.8070 7.9338e+01     4.8823     -0.475     -0.689    15.0437 0.0000e+00
     -0.513     -0.102     9.0182     83.139     43.633  36.257009     4.3200     5.4388     0.1278     3.8070 7.5536e+01     4.7770     -0.503     -0.730    15.3275 0.0000e+00
     -0.539     -0.093     8.7964     81.491     45.372  37.829578     4.3200     5.0802     0.1278     3.8070 7.5915e+01     4.7921     -0.529     -0.767    15.6694 0.0000e+00
     -0.562     -0.084     8.5642     80.025     45.872  38.306934     4.3200     5.0840     0.2556     3.9339 7.5470e+01     4.9123     -0.551     -0.800    16.0067 0.0000e+00
     -0.581     -0.075     8.3363     78.777     45.360  37.885805     4.3200     5.0535     0.2556     3.9339 7.4915e+01     4.7620     -0.570     -0.827    16.2900 0.0000e+00
     -0.598     -0.065     8.1245     77.782     44.445  37.093784     4.3200     5.0688     0.2556     3.9339 7.5454e+01     4.7770     -0.587     -0.851    16.5030 0.0000e+00
     -0.613     -0.056     7.9384     77.013     41.346  34.463333     4.3200     3.9816     0.2556     3.9339 7.2512e+01    52.9637     -0.601     -0.872    16.6431 0.0000e+00
     -0.627     -0.048     7.7827     76.367     35.159  29.256484     4.8600     3.9930     0.3408     3.6801 6.5118e+01    52.9186     -0.615     -0.892    16.7123 0.0000e+00
     -0.639     -0.041     7.6592     75.749     29.099  24.160355     4.8600     3.9892     0.3408     3.6801 5.8021e+01    52.8434     -0.626     -0.909    16.7182 0.0000e+00
     -0.648     -0.034     7.5684     75.131     25.607  21.208039     4.8600     4.0044     0.3408     3.6801 5.5771e+01    52.9035     -0.635     -0.922    16.6756 0.0000e+00
     -0.655     -0.027     7.5047     74.544     24.240  20.027854     4.8600     0.4758     0.3408     3.6801 5.4088e+01    46.3203     -0.642     -0.932    16.6014 0.0000e+00
