Data/DataNotYetUploadedToEDI/Raw_CTD/RawDownloads/052923_bvr50_S8188005.cnv
* Sea-Bird SBE19plus  Data File:
* FileName = C:\R\Reservoirs\Data\DataNotYetUploadedToEDI\Raw_CTD\RawDownloads\051623_fcr50_S8188_0005.hex
* Software version 2.8.0.119
* Temperature SN = 8188
* Conductivity SN = 8188
* System UpLoad Time = May 31 2023 16:45:04
* <ApplicationData>
* <Seaterm232>
# nquan = 16
# nvalues = 1810                        
# units = specified
# name 0 = depFM: Depth [fresh water, m]
# name 1 = dz/dtM: Descent Rate [m/s]
# name 2 = sbeox0Mg/L: Oxygen, SBE 43 [mg/l]
# name 3 = sbeox0PS: Oxygen, SBE 43 [% saturation]
# name 4 = specc: Specific Conductance [uS/cm]
# name 5 = c0uS/cm: Conductivity [uS/cm]
# name 6 = wetCDOM: Fluorescence, WET Labs CDOM [mg/m^3]
# name 7 = flECO-AFL: Fluorescence, WET Labs ECO-AFL/FL [mg/m^3]
# name 8 = flECO-AFL1: Fluorescence, WET Labs ECO-AFL/FL, 2 [mg/m^3]
# name 9 = flECO-AFL2: Fluorescence, WET Labs ECO-AFL/FL, 3 [mg/m^3]
# name 10 = par/sat/log: PAR/Logarithmic, Satlantic
# name 11 = turbWETntu0: Turbidity, WET Labs ECO [NTU]
# name 12 = prdM: Pressure, Strain Gauge [db]
# name 13 = prdE: Pressure, Strain Gauge [psi]
# name 14 = tv290C: Temperature [ITS-90, deg C]
# name 15 = flag:  0.000e+00
# span 0 =     -0.783,      9.576       
# span 1 =     -0.208,      0.132       
# span 2 =    -0.1190,    10.2441       
# span 3 =     -1.077,    104.805       
# span 4 =      1.346,    101.915       
# span 5 =   1.176450,  67.460472       
# span 6 =    -4.5000,     5.8500       
# span 7 =    -0.1918,    18.6874       
# span 8 =    -2.1300,     0.4686       
# span 9 =    -2.0304,     9.5175       
# span 10 = 1.1592e-01, 1.2797e+02      
# span 11 =    -0.4534,    31.8163      
# span 12 =     -0.768,      9.391      
# span 13 =     -1.114,     13.620      
# span 14 =     8.0934,    19.1602      
# span 15 = 0.0000e+00, 0.0000e+00      
# interval = seconds: 0.25
# start_time = May 29 2023 10:16:38 [Instrument's time stamp, header]
# bad_flag = -9.990e-29
*END*
[from data line 814]
      7.886      0.055     0.1785      1.574     66.384  44.538497     5.0400     0.5063     0.0000     0.5499 2.4084e-01     1.4103      7.733     11.216     8.5786 0.0000e+00
      7.900      0.055     0.1806      1.564     66.362  44.515502     5.0400     0.5063     0.0000     0.5499 2.5198e-01     1.2750      7.748     11.237     8.5682 0.0000e+00
      7.914      0.053     0.1825      1.543     66.348  44.498476     5.0400     0.5063     0.0000     0.5499 2.5362e-01     1.3802      7.761     11.256     8.5586 0.0000e+00
      7.927      0.052     0.1837      1.517     66.337  44.482877     5.0400     0.5063     0.0000     0.5499 2.3751e-01     1.3051      7.774     11.275     8.5505 0.0000e+00
      7.940      0.051     0.1839      1.494     66.326  44.468509     5.0400     0.4758     0.0000     0.5499 2.6203e-01     1.3502      7.786     11.293     8.5437 0.0000e+00
      7.952      0.050     0.1827      1.477     66.329  44.463429     5.0400     0.5406     0.0000     0.5499 2.3221e-01     1.3652      7.799     11.311     8.5376 0.0000e+00
      7.965      0.049     0.1804      1.465     66.354  44.474207     5.0400     0.4796     0.0000     0.5499 2.4121e-01     1.3652      7.811     11.329     8.5318 0.0000e+00
      7.978      0.048     0.1773      1.459     66.412  44.507681     5.0400     0.4796     0.0426     0.4653 2.2633e-01     1.3652      7.824     11.347     8.5260 0.0000e+00
      7.990      0.048     0.1746      1.462     66.505  44.564851     5.0400     0.5101     0.0426     0.4653 2.4985e-01     1.3051      7.835     11.364     8.5203 0.0000e+00
      8.002      0.048     0.1727      1.470     66.620  44.637184     5.0400     0.5139     0.0426     0.4653 2.5667e-01     1.3351      7.847     11.381     8.5151 0.0000e+00
      8.013      0.048     0.1713      1.478     66.735  44.708303     5.0400     0.4872     0.0426     0.4653 2.3160e-01     1.2450      7.858     11.397     8.5106 0.0000e+00
      8.025      0.049     0.1707      1.483     66.839  44.771413     5.0400     0.5025     0.0426     0.4653 2.3607e-01     1.3201      7.870     11.414     8.5068 0.0000e+00
      8.038      0.050     0.1710      1.480     66.938  44.831455     5.1300     0.5178     0.0426     0.5922 1.8419e-01     1.4253      7.882     11.432     8.5031 0.0000e+00
      8.051      0.051     0.1719      1.476     67.035  44.890569     5.1300     0.4949     0.0426     0.5922 2.2845e-01     1.3351      7.895     11.451     8.4992 0.0000e+00
      8.064      0.052     0.1729      1.476     67.130  44.948666     5.1300     0.4949     0.0426     0.5922 1.9845e-01     1.3051      7.908     11.470     8.4948 0.0000e+00
      8.078      0.054     0.1735      1.476     67.223  45.005387     5.1300     0.4949     0.0426     0.5922 2.2930e-01     1.4103      7.922     11.489     8.4901 0.0000e+00
      8.091      0.055     0.1733      1.472     67.308  45.056043     5.0400     0.4796     0.0426     0.4653 2.2007e-01     1.3953      7.935     11.509     8.4855 0.0000e+00
      8.106      0.056     0.1728      1.470     67.385  45.102253     5.0400     0.5216     0.0426     0.4653 1.9355e-01     1.4103      7.949     11.529     8.4811 0.0000e+00
      8.120      0.056     0.1728      1.474     67.479  45.160301     5.0400     0.5025     0.0426     0.4653 2.0259e-01     1.3652      7.963     11.549     8.4767 0.0000e+00
      8.135      0.057     0.1728      1.483     67.601  45.237740     5.0400     0.5445     0.0426     0.4653 1.6171e-01     1.3351      7.977     11.570     8.4725 0.0000e+00
      8.149      0.058     0.1723      1.491     67.738  45.325498     5.0400     0.5139     0.0426     0.5076 1.8804e-01     1.3201      7.992     11.591     8.4682 0.0000e+00
      8.164      0.058     0.1722      1.496     67.873  45.411310     5.0400     0.5101     0.0426     0.5076 1.9351e-01     1.4554      8.006     11.612     8.4641 0.0000e+00
      8.179      0.058     0.1726      1.498     67.997  45.488335     5.0400     0.5368     0.0426     0.5076 1.5615e-01     1.2600      8.021     11.634     8.4604 0.0000e+00
      8.195      0.057     0.1736      1.498     68.110  45.557298     5.0400     0.5063     0.0426     0.5076 1.4968e-01     1.3351      8.036     11.655     8.4572 0.0000e+00
      8.210      0.056     0.1746      1.495     68.204  45.612810     5.0400     0.5025     0.0426     0.5499 1.4415e-01     1.3351      8.051     11.676     8.4543 0.0000e+00
      8.224      0.055     0.1752      1.488     68.270  45.649857     5.0400     0.5139     0.0426     0.5499 1.5190e-01     1.3051      8.065     11.697     8.4510 0.0000e+00
      8.238      0.052     0.1754      1.479     68.323  45.678319     5.0400     0.4872     0.0426     0.5499 1.5615e-01     1.3502      8.078     11.716     8.4468 0.0000e+00
      8.251      0.050     0.1755      1.473     68.373  45.705784     5.0400     0.5063     0.0426     0.5499 1.1760e-01     1.2299      8.091     11.735     8.4419 0.0000e+00
      8.263      0.048     0.1752      1.468     68.419  45.731652     5.0400     0.5063     0.0426     0.5499 1.3999e-01     1.4854      8.104     11.753     8.4366 0.0000e+00
      8.275      0.046     0.1743      1.461     68.466  45.758856     5.0400     0.4911     0.0426     0.5499 1.3772e-01     1.6658      8.115     11.769     8.4314 0.0000e+00
      8.286      0.044     0.1733      1.452     68.525  45.794651     5.0400     0.4872     0.0426     0.5499 1.3464e-01     1.5907      8.126     11.785     8.4264 0.0000e+00
      8.296      0.043     0.1726      1.446     68.596  45.838673     5.0400     0.5330     0.0426     0.5499 1.6080e-01     1.6808      8.136     11.800     8.4222 0.0000e+00
      8.307      0.043     0.1721      1.441     68.674  45.886811     5.0400     0.5063     0.0426     0.5499 1.3662e-01     1.6207      8.146     11.815     8.4186 0.0000e+00
      8.317      0.044     0.1712      1.433     68.769  45.945955     5.0400     0.5063     0.0426     0.6345 1.1615e-01     1.6508      8.156     11.830     8.4156 0.0000e+00
      8.328      0.045     0.1702      1.425     68.881  46.016024     5.0400     0.4796     0.0426     0.6345 1.1612e-01     1.5907      8.167     11.846     8.4129 0.0000e+00
      8.340      0.047     0.1696      1.422     68.992  46.083998     5.0400     0.4911     0.0426     0.6345 1.1612e-01     1.5155      8.179     11.862     8.4103 0.0000e+00
      8.352      0.050     0.1690      1.424     69.098  46.148186     5.0400     0.4796     0.0426     0.6345 1.1693e-01     1.6357      8.191     11.879     8.4073 0.0000e+00
      8.365      0.053     0.1680      1.431     69.213  46.217778     5.0400     0.4453     0.0426     0.6345 1.1612e-01     1.5606      8.203     11.898     8.4041 0.0000e+00
      8.379      0.055     0.1671      1.439     69.352  46.303406     5.0400     0.4186     0.0426     0.6345 1.1607e-01     1.5756      8.217     11.918     8.4006 0.0000e+00
      8.394      0.057     0.1667      1.449     69.517  46.406105     5.0400     0.4376     0.0426     0.6345 1.1620e-01     1.5606      8.231     11.939     8.3964 0.0000e+00
      8.409      0.059     0.1670      1.462     69.689  46.513628     5.0400     0.4453     0.0426     0.6345 1.1628e-01     1.5606      8.246     11.960     8.3914 0.0000e+00
      8.424      0.059     0.1678      1.473     69.850  46.613034     5.0400     0.4453     0.0426     0.6345 1.1628e-01     1.6207      8.261     11.982     8.3861 0.0000e+00
      8.440      0.059     0.1688      1.478     69.985  46.695160     4.9500     0.4453     0.0426     0.5499 1.1623e-01     1.5907      8.276     12.004     8.3809 0.0000e+00
      8.455      0.058     0.1700      1.474     70.101  46.766052     4.9500     0.4376     0.0426     0.5499 1.1620e-01     1.6357      8.292     12.026     8.3757 0.0000e+00
      8.471      0.057     0.1715      1.467     70.223  46.842634     4.9500     0.5063     0.0426     0.5499 1.1617e-01     1.5756      8.306     12.048     8.3703 0.0000e+00
      8.485      0.055     0.1729      1.457     70.359  46.929474     4.9500     0.5139     0.0426     0.5499 1.1607e-01     1.5305      8.321     12.068     8.3646 0.0000e+00
      8.499      0.054     0.1734      1.444     70.505  47.023967     4.9500     0.5139     0.0000     0.4653 1.1617e-01     1.5305      8.334     12.088     8.3591 0.0000e+00
      8.512      0.052     0.1731      1.432     70.682  47.139419     4.9500     0.4949     0.0000     0.4653 1.1592e-01     1.5756      8.347     12.106     8.3543 0.0000e+00
      8.524      0.051     0.1723      1.419     70.925  47.298693     4.9500     0.4567     0.0000     0.4653 1.1623e-01     1.6808      8.359     12.124     8.3506 0.0000e+00
      8.537      0.050     0.1711      1.405     71.226  47.494718     4.9500     0.4186     0.0000     0.4653 1.1620e-01     1.5606      8.372     12.142     8.3479 0.0000e+00
      8.550      0.049     0.1696      1.396     71.524  47.686624     4.9500     0.4148     0.0426     0.5499 1.1617e-01     1.6207      8.384     12.161     8.3459 0.0000e+00
      8.562      0.048     0.1681      1.394     71.766  47.840372     4.9500     0.4224     0.0426     0.5499 1.1612e-01     1.5907      8.397     12.178     8.3443 0.0000e+00
      8.575      0.047     0.1666      1.396     71.938  47.947413     4.9500     0.4415     0.0426     0.5499 1.1615e-01     1.8311      8.409     12.196     8.3423 0.0000e+00
      8.587      0.046     0.1650      1.397     72.052  48.016475     4.9500     0.4262     0.0426     0.5499 1.1612e-01     1.9063      8.421     12.213     8.3390 0.0000e+00
      8.598      0.044     0.1640      1.397     72.153  48.077865     4.9500     0.4224     0.0426     0.5499 1.1623e-01     1.8011      8.432     12.230     8.3343 0.0000e+00
      8.610      0.043     0.1637      1.401     72.296  48.167772     4.9500     0.4567     0.0426     0.5499 1.1605e-01     1.8612      8.443     12.246     8.3288 0.0000e+00
      8.620      0.042     0.1640      1.408     72.494  48.294315     4.9500     0.4453     0.0426     0.5499 1.1617e-01     1.5305      8.453     12.261     8.3233 0.0000e+00
      8.630      0.042     0.1641      1.418     72.720  48.437730     4.9500     0.4109     0.0426     0.5499 1.1623e-01     1.6808      8.463     12.275     8.3186 0.0000e+00
      8.640      0.042     0.1641      1.430     72.917  48.560951     4.9500     0.4262     0.0426     0.5499 1.1607e-01     1.5305      8.473     12.289     8.3145 0.0000e+00
      8.651      0.042     0.1646      1.441     73.066  48.651254     4.9500     0.4300     0.0426     0.5076 1.1628e-01     1.5756      8.483     12.304     8.3108 0.0000e+00
      8.662      0.043     0.1655      1.446     73.206  48.736682     4.9500     0.4148     0.0426     0.5076 1.1633e-01     1.7860      8.494     12.320     8.3071 0.0000e+00
      8.673      0.043     0.1667      1.447     73.371  48.840017     4.9500     0.4071     0.0426     0.5076 1.1628e-01     1.8161      8.505     12.336     8.3025 0.0000e+00
      8.685      0.044     0.1681      1.444     73.575  48.970977     4.9500     0.4415     0.0426     0.5076 1.1607e-01     1.8311      8.516     12.352     8.2967 0.0000e+00
      8.696      0.045     0.1694      1.437     73.814  49.124846     4.9500     0.4605     0.0426     0.5076 1.1612e-01     1.8462      8.527     12.368     8.2906 0.0000e+00
      8.707      0.046     0.1700      1.426     74.050  49.275272     4.9500     0.4529     0.0426     0.5076 1.1612e-01     1.5907      8.538     12.384     8.2852 0.0000e+00
      8.718      0.047     0.1701      1.413     74.254  49.402911     4.9500     0.4491     0.0426     0.5076 1.1620e-01     1.5606      8.549     12.400     8.2809 0.0000e+00
      8.730      0.049     0.1699      1.401     74.417  49.504142     4.9500     0.4376     0.0426     0.5076 1.1617e-01     1.6658      8.561     12.418     8.2775 0.0000e+00
      8.743      0.050     0.1691      1.394     74.546  49.582175     4.8600     0.4491     0.0426     0.6345 1.1615e-01     1.5155      8.574     12.436     8.2740 0.0000e+00
      8.757      0.050     0.1677      1.395     74.657  49.649892     4.8600     0.4529     0.0426     0.6345 1.1617e-01     1.8913      8.587     12.455     8.2696 0.0000e+00
      8.770      0.051     0.1662      1.398     74.768  49.717423     4.8600     0.4491     0.0426     0.6345 1.1617e-01     1.8612      8.600     12.474     8.2645 0.0000e+00
      8.783      0.051     0.1648      1.397     74.872  49.780974     4.8600     0.4682     0.0426     0.6345 1.1605e-01     1.9363      8.613     12.492     8.2593 0.0000e+00
      8.796      0.050     0.1640      1.395     74.966  49.837671     4.9500     0.4415     0.0426     0.6345 1.1605e-01     1.8462      8.625     12.510     8.2545 0.0000e+00
      8.808      0.050     0.1641      1.393     75.067  49.898671     4.9500     0.4376     0.0426     0.6345 1.1615e-01     1.9514      8.638     12.528     8.2501 0.0000e+00
      8.821      0.050     0.1645      1.394     75.195  49.978257     4.9500     0.4567     0.0426     0.6345 1.1605e-01     1.8462      8.651     12.547     8.2461 0.0000e+00
      8.834      0.050     0.1645      1.397     75.350  50.075850     4.9500     0.4376     0.0426     0.6345 1.1612e-01     1.7410      8.663     12.565     8.2422 0.0000e+00
      8.847      0.050     0.1642      1.405     75.526  50.187744     4.9500     0.4567     0.0426     0.6345 1.1597e-01     1.7860      8.676     12.583     8.2382 0.0000e+00
      8.859      0.051     0.1640      1.416     75.739  50.323959     4.8600     0.3995     0.0426     0.6345 1.1620e-01     1.8462      8.688     12.601     8.2342 0.0000e+00
      8.872      0.053     0.1641      1.431     75.992  50.487124     4.8600     0.3804     0.0426     0.6345 1.1617e-01     1.8462      8.700     12.619     8.2305 0.0000e+00
      8.885      0.054     0.1645      1.447     76.275  50.669215     4.8600     0.3919     0.0426     0.6345 1.1628e-01     1.8462      8.714     12.638     8.2271 0.0000e+00
      8.899      0.055     0.1654      1.457     76.558  50.851401     4.8600     0.3995     0.0426     0.6345 1.1595e-01     1.8913      8.727     12.658     8.2237 0.0000e+00
      8.914      0.056     0.1667      1.455     76.812  51.014872     4.8600     0.3919     0.0426     0.6345 1.1625e-01     1.8462      8.742     12.680     8.2203 0.0000e+00
      8.930      0.057     0.1686      1.440     77.053  51.169525     4.8600     0.3804     0.0426     0.6345 1.1620e-01     1.8612      8.757     12.701     8.2167 0.0000e+00
      8.945      0.056     0.1704      1.418     77.299  51.328852     4.8600     0.3842     0.0426     0.6345 1.1610e-01     1.8161      8.772     12.723     8.2129 0.0000e+00
      8.959      0.056     0.1715      1.394     77.567  51.503626     4.8600     0.3766     0.0426     0.6345 1.1625e-01     1.8311      8.786     12.743     8.2091 0.0000e+00
      8.973      0.054     0.1713      1.373     77.855  51.690899     4.8600     0.3575     0.0000     0.5076 1.1612e-01     1.8762      8.800     12.763     8.2056 0.0000e+00
      8.987      0.053     0.1697      1.358     78.121  51.863307     4.8600     0.3613     0.0000     0.5076 1.1615e-01     1.8311      8.813     12.782     8.2024 0.0000e+00
      9.000      0.052     0.1671      1.351     78.348  52.009341     4.8600     0.3995     0.0000     0.5076 1.1600e-01     1.7710      8.826     12.801     8.1998 0.0000e+00
      9.013      0.051     0.1643      1.352     78.542  52.134246     4.8600     0.3728     0.0000     0.5076 1.1602e-01     1.8311      8.839     12.820     8.1974 0.0000e+00
      9.026      0.050     0.1619      1.362     78.706  52.239614     4.8600     0.3995     0.0426     0.5922 1.1617e-01     2.0265      8.852     12.839     8.1948 0.0000e+00
