Data/DataNotYetUploadedToEDI/Raw_CTD/RawDownloads/052923_bvr50_S8188005.cnv
* Sea-Bird SBE19plus  Data File:
* FileName = C:\R\Reservoirs\Data\DataNotYetUploadedToEDI\Raw_CTD\RawDownloads\051623_fcr50_S8188_0005.hex
* Software version 2.8.0.119
* Temperature SN = 8188
* Conductivity SN = 8188
* System UpLoad Time = May 31 2023 16:45:04
* <ApplicationData>
* <Seaterm232>
# nquan = 16
# nvalues = 1810                        
# units = specified
# name 0 = depFM: Depth [fresh water, m]
# name 1 = dz/dtM: Descent Rate [m/s]
# name 2 = sbeox0Mg/L: Oxygen, SBE 43 [mg/l]
# name 3 = sbeox0PS: Oxygen, SBE 43 [% saturation]
# name 4 = specc: Specific Conductance [uS/cm]
# name 5 = c0uS/cm: Conductivity [uS/cm]
# name 6 = wetCDOM: Fluorescence, WET Labs CDOM [mg/m^3]
# name 7 = flECO-AFL: Fluorescence, WET Labs ECO-AFL/FL [mg/m^3]
# name 8 = flECO-AFL1: Fluorescence, WET Labs ECO-AFL/FL, 2 [mg/m^3]
# name 9 = flECO-AFL2: Fluorescence, WET Labs ECO-AFL/FL, 3 [mg/m^3]
# name 10 = par/sat/log: PAR/Logarithmic, Satlantic
# name 11 = turbWETntu0: Turbidity, WET Labs ECO [NTU]
# name 12 = prdM: Pressure, Strain Gauge [db]
# name 13 = prdE: Pressure, Strain Gauge [psi]
# name 14 = tv290C: Temperature [ITS-90, deg C]
# name 15 = flag:  0.000e+00
# span 0 =     -0.783,      9.576       
# span 1 =     -0.208,      0.132       
# span 2 =    -0.1190,    10.2441       
# span 3 =     -1.077,    104.805       
# span 4 =      1.346,    101.915       
# span 5 =   1.176450,  67.460472       
# span 6 =    -4.5000,     5.8500       
# span 7 =    -0.1918,    18.6874       
# span 8 =    -2.1300,     0.4686       
# span 9 =    -2.0304,     9.5175       
# span 10 = 1.1592e-01, 1.2797e+02      
# span 11 =    -0.4534,    31.8163      
# span 12 =     -0.768,      9.391      
# span 13 =     -1.114,     13.620      
# span 14 =     8.0934,    19.1602      
# span 15 = 0.0000e+00, 0.0000e+00      
# interval = seconds: 0.25
# start_time = May 29 2023 10:16:38 [Instrument's time stamp, header]
# bad_flag = -9.990e-29
*END*
[from data line 1537]
      3.778     -0.034     8.9499     87.352     29.973  23.735935     3.4200     2.1276     0.0000     0.2538 6.9812e+00     0.8391      3.705      5.373    14.6241 0.0000e+00
      3.769     -0.034     8.9406     87.001     29.969  23.734787     3.5100     2.1200     0.0426     0.3384 6.9842e+00     0.8091      3.696      5.361    14.6173 0.0000e+00
      3.761     -0.033     8.9301     86.617     29.973  23.739511     3.5100     2.1505     0.0426     0.3384 6.9934e+00     0.8241      3.688      5.349    14.6075 0.0000e+00
      3.751     -0.032     8.9131     86.227     30.009  23.755326     3.5100     2.1543     0.0426     0.3384 7.1315e+00     0.8842      3.679      5.336    14.5972 0.0000e+00
      3.742     -0.029     8.8857     85.823     30.096  23.786451     3.5100     1.7690     0.0426     0.3384 7.2329e+00     0.7790      3.669      5.322    14.5926 0.0000e+00
      3.734     -0.025     8.8491     85.344     30.218  23.821390     3.6000     1.7881     0.0426     0.2961 7.2723e+00     0.7790      3.661      5.311    14.5965 0.0000e+00
      3.727     -0.021     8.8096     84.688     30.349  23.849663     3.6000     1.7804     0.0426     0.2961 7.2345e+00     0.8993      3.655      5.301    14.5986 0.0000e+00
      3.723     -0.016     8.7737     83.730     30.475  23.874846     3.6000     1.7728     0.0426     0.2961 7.1797e+00     0.7790      3.651      5.296    14.5783 0.0000e+00
      3.721     -0.012     8.7440     82.344     30.583  23.893754     3.6000     1.6507     0.0426     0.2961 7.1875e+00     0.7490      3.649      5.292    14.5170 0.0000e+00
      3.719     -0.008     8.7142     80.447     30.666  23.901530     3.6000     1.6278     0.0426     0.2961 7.1594e+00     0.8091      3.647      5.289    14.4148 0.0000e+00
      3.718     -0.006     8.6702     78.052     30.730  23.904203     3.5100     1.6469     0.0426     0.2961 7.1299e+00     0.8091      3.646      5.287    14.2920 0.0000e+00
      3.716     -0.004     8.5944     75.287     30.772  23.904465     3.5100     1.6317     0.0426     0.2961 7.0559e+00     0.8241      3.644      5.286    14.1711 0.0000e+00
      3.716     -0.004     8.4720     72.354     30.791  23.900404     3.5100     1.7041     0.0426     0.2961 7.0590e+00     0.7490      3.644      5.285    14.0628 0.0000e+00
      3.715     -0.004     8.2938     69.491     30.791  23.892916     3.5100     1.7347     0.0426     0.2961 7.0101e+00     0.8391      3.643      5.284    13.9686 0.0000e+00
      3.715     -0.005     8.0605     66.940     30.778  23.883965     3.5100     1.7080     0.0426     0.2961 6.9812e+00     0.8241      3.643      5.283    13.8919 0.0000e+00
      3.714     -0.008     7.7844     64.915     30.753  23.871164     3.5100     1.6851     0.0426     0.2961 6.9585e+00     0.7490      3.642      5.282    13.8383 0.0000e+00
      3.712     -0.011     7.4865     63.568     30.715  23.853077     3.5100     1.6965     0.0426     0.2961 6.9223e+00     1.0345      3.640      5.280    13.8077 0.0000e+00
      3.709     -0.016     7.1925     62.956     30.675  23.838740     3.5100     1.6927     0.0426     0.2961 6.9434e+00     1.0045      3.637      5.276    13.7955 0.0000e+00
      3.705     -0.022     6.9286     63.037     30.637  23.830267     3.5100     1.6965     0.0426     0.2961 6.9645e+00     0.9444      3.633      5.269    13.7969 0.0000e+00
      3.699     -0.027     6.7175     63.710     30.592  23.821440     3.5100     1.6851     0.0426     0.2961 6.9570e+00     1.0947      3.627      5.261    13.8081 0.0000e+00
      3.691     -0.032     6.5754     64.855     30.552  23.817825     3.5100     1.4600     0.0426     0.2961 7.0345e+00     1.0195      3.619      5.249    13.8272 0.0000e+00
      3.681     -0.035     6.5082     66.335     30.533  23.822418     3.5100     1.4600     0.0426     0.2961 7.2251e+00     1.1097      3.610      5.235    13.8538 0.0000e+00
      3.670     -0.037     6.5114     68.013     30.530  23.828529     3.5100     1.4714     0.0426     0.2961 7.4063e+00     1.0796      3.599      5.220    13.8887 0.0000e+00
      3.660     -0.039     6.5746     69.776     30.527  23.829868     3.5100     1.4791     0.0426     0.2961 7.3262e+00     1.0345      3.589      5.205    13.9316 0.0000e+00
      3.651     -0.041     6.6863     71.520     30.506  23.822832     3.5100     1.9025     0.0426     0.2961 7.3326e+00     0.9894      3.580      5.192    13.9757 0.0000e+00
      3.641     -0.044     6.8341     73.154     30.459  23.809504     3.5100     1.9025     0.0426     0.2961 7.2897e+00     1.1398      3.571      5.179    14.0074 0.0000e+00
      3.631     -0.047     7.0049     74.626     30.391  23.794247     3.5100     1.8987     0.0426     0.2961 7.2723e+00     0.9744      3.561      5.165    14.0209 0.0000e+00
      3.619     -0.050     7.1854     75.938     30.315  23.780912     3.5100     1.9178     0.0426     0.2961 7.3422e+00     0.9744      3.549      5.147    14.0271 0.0000e+00
      3.604     -0.053     7.3622     77.154     30.237  23.769906     3.5100     1.4714     0.0426     0.2961 7.5542e+00     1.0947      3.535      5.126    14.0437 0.0000e+00
      3.588     -0.053     7.5239     78.375     30.165  23.762253     3.5100     1.4447     0.0426     0.2961 7.7757e+00     1.0045      3.519      5.103    14.0825 0.0000e+00
      3.572     -0.051     7.6647     79.693     30.109  23.763832     3.5100     1.4638     0.0426     0.2961 7.8675e+00     1.0796      3.503      5.081    14.1445 0.0000e+00
      3.559     -0.047     7.7863     81.157     30.075  23.775067     3.4200     1.4447     0.0426     0.2115 7.8164e+00     1.0496      3.490      5.062    14.2211 0.0000e+00
      3.548     -0.043     7.8968     82.756     30.064  23.791039     3.4200     1.7575     0.0426     0.2115 7.7791e+00     0.9594      3.479      5.047    14.3031 0.0000e+00
      3.539     -0.039     8.0074     84.414     30.071  23.804131     3.4200     1.6927     0.0426     0.2115 7.7723e+00     1.1097      3.471      5.034    14.3848 0.0000e+00
      3.531     -0.038     8.1288     85.995     30.077  23.805957     3.4200     1.7194     0.0426     0.2115 7.7403e+00     1.0646      3.463      5.022    14.4608 0.0000e+00
      3.523     -0.038     8.2671     87.347     30.078  23.800962     3.4200     1.7080     0.0426     0.3384 7.7252e+00     0.9744      3.455      5.011    14.5233 0.0000e+00
      3.514     -0.041     8.4230     88.328     30.084  23.799690     3.4200     1.5821     0.0426     0.3384 7.6750e+00     1.0195      3.446      4.998    14.5634 0.0000e+00
      3.504     -0.044     8.5895     88.848     30.092  23.801802     3.4200     1.5859     0.0426     0.3384 7.6800e+00     1.1398      3.436      4.983    14.5768 0.0000e+00
      3.491     -0.046     8.7515     88.907     30.093  23.803901     3.4200     1.5630     0.0426     0.3384 7.9189e+00     1.0195      3.423      4.965    14.5722 0.0000e+00
      3.477     -0.048     8.8911     88.589     30.093  23.810506     3.4200     1.5744     0.0426     0.2538 8.1317e+00     0.9744      3.410      4.946    14.5625 0.0000e+00
      3.464     -0.049     8.9930     88.006     30.095  23.819419     3.4200     1.5897     0.0426     0.2538 8.0718e+00     1.0646      3.397      4.927    14.5522 0.0000e+00
      3.452     -0.050     9.0474     87.276     30.093  23.821143     3.4200     1.6164     0.0426     0.2538 8.0089e+00     1.0345      3.385      4.910    14.5449 0.0000e+00
      3.441     -0.051     9.0531     86.501     30.088  23.816137     3.4200     1.5706     0.0426     0.2538 7.9310e+00     1.0045      3.374      4.894    14.5469 0.0000e+00
      3.429     -0.052     9.0186     85.761     30.078  23.807025     3.4200     1.5897     0.0426     0.2538 7.9344e+00     1.1698      3.362      4.877    14.5575 0.0000e+00
      3.415     -0.052     8.9569     85.116     30.062  23.799292     3.4200     1.5363     0.0426     0.3807 8.1494e+00     1.0646      3.348      4.857    14.5694 0.0000e+00
      3.399     -0.051     8.8814     84.604     30.046  23.802754     3.4200     1.5325     0.0426     0.3807 8.5058e+00     1.0345      3.333      4.835    14.5755 0.0000e+00
      3.384     -0.047     8.8028     84.255     30.028  23.814376     3.4200     1.5439     0.0426     0.3807 8.5577e+00     1.0947      3.318      4.813    14.5738 0.0000e+00
      3.371     -0.042     8.7280     84.092     30.009  23.825382     3.4200     1.5287     0.0426     0.3807 8.5336e+00     0.9744      3.306      4.795    14.5712 0.0000e+00
      3.361     -0.036     8.6608     84.114     29.996  23.830792     3.4200     1.5859     0.0426     0.2961 8.4818e+00     1.0345      3.296      4.781    14.5795 0.0000e+00
      3.354     -0.029     8.6038     84.287     29.992  23.828091     3.4200     1.5668     0.0426     0.2961 8.5280e+00     1.0947      3.289      4.771    14.6065 0.0000e+00
      3.349     -0.023     8.5603     84.556     30.003  23.824476     3.4200     1.6240     0.0426     0.2961 8.6025e+00     0.9744      3.284      4.763    14.6494 0.0000e+00
      3.344     -0.019     8.5357     84.845     30.027  23.826899     3.4200     1.6011     0.0426     0.2961 8.5875e+00     1.0496      3.280      4.756    14.6928 0.0000e+00
      3.340     -0.017     8.5331     85.068     30.052  23.832046     3.4200     1.8987     0.0426     0.2961 8.5428e+00     1.0496      3.276      4.751    14.7191 0.0000e+00
      3.337     -0.017     8.5505     85.151     30.070  23.837329     3.4200     1.8873     0.0426     0.2961 8.5484e+00     0.9744      3.273      4.746    14.7201 0.0000e+00
      3.333     -0.019     8.5814     85.055     30.076  23.840199     3.4200     1.9063     0.0426     0.2961 8.5076e+00     1.0345      3.269      4.741    14.7007 0.0000e+00
      3.329     -0.024     8.6159     84.791     30.064  23.837461     3.4200     1.9140     0.0426     0.2961 8.5021e+00     1.0796      3.265      4.735    14.6731 0.0000e+00
      3.324     -0.029     8.6432     84.421     30.047  23.836304     3.3300     1.7080     0.0000     0.2961 8.4029e+00     0.9744      3.259      4.727    14.6480 0.0000e+00
      3.316     -0.036     8.6545     84.034     30.029  23.840378     3.3300     1.7003     0.0000     0.2961 8.4652e+00     1.1398      3.252      4.716    14.6325 0.0000e+00
      3.306     -0.042     8.6451     83.723     30.002  23.842853     3.3300     1.7308     0.0000     0.2961 8.5169e+00     0.9894      3.242      4.701    14.6303 0.0000e+00
      3.293     -0.047     8.6164     83.564     29.969  23.844390     3.3300     1.7499     0.0000     0.2961 8.7362e+00     0.9894      3.229      4.683    14.6409 0.0000e+00
      3.278     -0.051     8.5748     83.614     29.931  23.845400     3.3300     1.7041     0.0000     0.2961 8.9514e+00     1.1698      3.215      4.663    14.6620 0.0000e+00
      3.264     -0.055     8.5299     83.904     29.887  23.842194     3.3300     1.7041     0.0426     0.2115 8.8933e+00     1.0796      3.201      4.642    14.6924 0.0000e+00
      3.250     -0.059     8.4910     84.415     29.853  23.841837     3.3300     1.7385     0.0426     0.2115 8.8221e+00     1.0796      3.188      4.623    14.7314 0.0000e+00
      3.237     -0.062     8.4663     85.094     29.831  23.846215     3.3300     1.7080     0.0426     0.2115 8.6927e+00     1.0195      3.174      4.603    14.7779 0.0000e+00
      3.221     -0.064     8.4615     85.885     29.802  23.846597     3.3300     1.4142     0.0426     0.2115 8.9107e+00     0.9744      3.158      4.581    14.8311 0.0000e+00
      3.202     -0.066     8.4809     86.737     29.760  23.845066     3.3300     1.3875     0.0426     0.2115 9.3105e+00     1.1398      3.140      4.554    14.8846 0.0000e+00
      3.183     -0.066     8.5244     87.612     29.716  23.851110     3.3300     1.4257     0.0426     0.2115 9.5503e+00     1.0345      3.121      4.527    14.9287 0.0000e+00
      3.165     -0.066     8.5861     88.493     29.673  23.864365     3.3300     1.3761     0.0426     0.2115 9.5316e+00     0.9744      3.103      4.501    14.9651 0.0000e+00
      3.149     -0.065     8.6584     89.368     29.627  23.874510     3.3300     1.6317     0.0426     0.2115 9.5006e+00     1.0045      3.088      4.478    15.0050 0.0000e+00
      3.134     -0.066     8.7340     90.234     29.588  23.878317     3.3300     1.6431     0.0000     0.2115 9.4368e+00     1.0947      3.074      4.458    15.0586 0.0000e+00
      3.120     -0.068     8.8087     91.059     29.571  23.882741     3.3300     1.6431     0.0000     0.2115 9.4143e+00     1.1247      3.059      4.437    15.1285 0.0000e+00
      3.103     -0.071     8.8819     91.793     29.577  23.892920     3.3300     1.6431     0.0000     0.2115 9.4368e+00     1.0796      3.043      4.414    15.2090 0.0000e+00
      3.084     -0.076     8.9545     92.399     29.585  23.907608     3.3300     1.4180     0.0000     0.2115 9.5919e+00     0.9444      3.025      4.387    15.2887 0.0000e+00
      3.063     -0.080     9.0296     92.863     29.581  23.924783     3.3300     1.4524     0.0000     0.1269 1.0053e+01     0.7941      3.003      4.356    15.3491 0.0000e+00
      3.040     -0.083     9.1067     93.193     29.559  23.941109     3.3300     1.3837     0.0000     0.1269 1.0361e+01     0.8993      2.980      4.323    15.3785 0.0000e+00
      3.017     -0.086     9.1783     93.418     29.529  23.955002     3.3300     1.4180     0.0000     0.1269 1.0354e+01     0.8542      2.958      4.291    15.3884 0.0000e+00
      2.996     -0.088     9.2363     93.561     29.504  23.966211     3.3300     1.2883     0.0000     0.1269 1.0242e+01     0.9143      2.938      4.261    15.4013 0.0000e+00
      2.975     -0.088     9.2759     93.650     29.485  23.973768     3.3300     1.2769     0.0000     0.1269 1.0267e+01     0.8692      2.917      4.231    15.4356 0.0000e+00
      2.952     -0.088     9.2973     93.729     29.477  23.987605     3.3300     1.2998     0.0000     0.2115 1.0644e+01     0.9894      2.895      4.199    15.4941 0.0000e+00
      2.928     -0.087     9.3067     93.824     29.477  24.011414     3.3300     1.2654     0.0000     0.2115 1.1263e+01     0.9143      2.871      4.164    15.5591 0.0000e+00
      2.903     -0.086     9.3105     93.947     29.471  24.035707     3.3300     1.3379     0.0000     0.2115 1.1413e+01     0.8993      2.848      4.130    15.6120 0.0000e+00
      2.882     -0.085     9.3116     94.106     29.458  24.055088     3.3300     1.3570     0.0000     0.2115 1.1378e+01     0.8391      2.826      4.099    15.6513 0.0000e+00
      2.862     -0.084     9.3127     94.286     29.436  24.062851     3.3300     1.3494     0.0000     0.2115 1.1207e+01     0.8542      2.807      4.071    15.6851 0.0000e+00
      2.843     -0.083     9.3143     94.475     29.404  24.061067     3.3300     1.3379     0.0000     0.2115 1.1231e+01     0.7790      2.788      4.044    15.7247 0.0000e+00
      2.822     -0.082     9.3165     94.679     29.382  24.065096     3.3300     1.0213     0.0000     0.2115 1.1538e+01     0.8091      2.768      4.015    15.7750 0.0000e+00
      2.800     -0.082     9.3221     94.878     29.378  24.083930     3.3300     1.0213     0.0000     0.2115 1.2037e+01     0.7790      2.746      3.983    15.8262 0.0000e+00
      2.777     -0.082     9.3311     95.053     29.387  24.118633     3.3300     1.0327     0.0426     0.2115 1.2433e+01     0.8842      2.723      3.950    15.8704 0.0000e+00
      2.756     -0.082     9.3419     95.210     29.396  24.162624     3.3300     1.0518     0.0426     0.2115 1.2285e+01     0.8241      2.702      3.920    15.9105 0.0000e+00
      2.736     -0.082     9.3546     95.364     29.394  24.203884     3.3300     1.1090     0.0426     0.2115 1.2203e+01     0.8842      2.684      3.892    15.9479 0.0000e+00
      2.718     -0.082     9.3668     95.532     29.367  24.225704     3.3300     1.0862     0.0426     0.2115 1.2192e+01     0.8091      2.665      3.866    15.9854 0.0000e+00
