Data/DataNotYetUploadedToEDI/Raw_CTD/RawDownloads/052923_bvr50_S8188005.cnv
* Sea-Bird SBE19plus  Data File:
* FileName = C:\R\Reservoirs\Data\DataNotYetUploadedToEDI\Raw_CTD\RawDownloads\051623_fcr50_S8188_0005.hex
* Software version 2.8.0.119
* Temperature SN = 8188
* Conductivity SN = 8188
* System UpLoad Time = May 31 2023 16:45:04
* <ApplicationData>
* <Seaterm232>
# nquan = 16
# nvalues = 1810                        
# units = specified
# name 0 = depFM: Depth [fresh water, m]
# name 1 = dz/dtM: Descent Rate [m/s]
# name 2 = sbeox0Mg/L: Oxygen, SBE 43 [mg/l]
# name 3 = sbeox0PS: Oxygen, SBE 43 [% saturation]
# name 4 = specc: Specific Conductance [uS/cm]
# name 5 = c0uS/cm: Conductivity [uS/cm]
# name 6 = wetCDOM: Fluorescence, WET Labs CDOM [mg/m^3]
# name 7 = flECO-AFL: Fluorescence, WET Labs ECO-AFL/FL [mg/m^3]
# name 8 = flECO-AFL1: Fluorescence, WET Labs ECO-AFL/FL, 2 [mg/m^3]
# name 9 = flECO-AFL2: Fluorescence, WET Labs ECO-AFL/FL, 3 [mg/m^3]
# name 10 = par/sat/log: PAR/Logarithmic, Satlantic
# name 11 = turbWETntu0: Turbidity, WET Labs ECO [NTU]
# name 12 = prdM: Pressure, Strain Gauge [db]
# name 13 = prdE: Pressure, Strain Gauge [psi]
# name 14 = tv290C: Temperature [ITS-90, deg C]
# name 15 = flag:  0.000e+00
# span 0 =     -0.783,      9.576       
# span 1 =     -0.208,      0.132       
# span 2 =    -0.1190,    10.2441       
# span 3 =     -1.077,    104.805       
# span 4 =      1.346,    101.915       
# span 5 =   1.176450,  67.460472       
# span 6 =    -4.5000,     5.8500       
# span 7 =    -0.1918,    18.6874       
# span 8 =    -2.1300,     0.4686       
# span 9 =    -2.0304,     9.5175       
# span 10 = 1.1592e-01, 1.2797e+02      
# span 11 =    -0.4534,    31.8163      
# span 12 =     -0.768,      9.391      
# span 13 =     -1.114,     13.620      
# span 14 =     8.0934,    19.1602      
# span 15 = 0.0000e+00, 0.0000e+00      
# interval = seconds: 0.25
# start_time = May 29 2023 10:16:38 [Instrument's time stamp, header]
# bad_flag = -9.990e-29
*END*
[from data line 724]
      6.844      0.044     0.2118      1.795     48.424  33.292350     4.5000     1.1014     0.0852     1.3113 7.1305e-01     1.5456      6.712      9.735     9.4382 0.0000e+00
      6.855      0.043     0.2118      1.778     48.541  33.361297     4.5000     1.1396     0.0852     1.3113 6.6414e-01     1.6508      6.722      9.750     9.4162 0.0000e+00
      6.865      0.042     0.2105      1.762     48.691  33.454948     4.5000     1.1510     0.0852     1.3113 6.5184e-01     1.6207      6.733      9.765     9.4001 0.0000e+00
      6.876      0.043     0.2081      1.747     48.892  33.584414     4.5000     1.1510     0.0852     1.3113 6.5768e-01     1.5456      6.743      9.780     9.3868 0.0000e+00
      6.886      0.044     0.2056      1.735     49.189  33.780258     4.5900     1.1548     0.0426     1.0575 6.5596e-01     1.4704      6.753      9.795     9.3740 0.0000e+00
      6.897      0.046     0.2037      1.728     49.651  34.086785     4.5900     1.0938     0.0426     1.0575 6.5539e-01     1.5606      6.764      9.810     9.3623 0.0000e+00
      6.909      0.049     0.2020      1.723     50.268  34.494634     4.5900     1.1090     0.0426     1.0575 6.7315e-01     1.6207      6.775      9.826     9.3525 0.0000e+00
      6.921      0.051     0.2003      1.717     50.891  34.902637     4.5900     1.1281     0.0426     1.0575 6.4831e-01     1.6207      6.787      9.844     9.3441 0.0000e+00
      6.935      0.054     0.1990      1.711     51.391  35.225504     5.0400     1.0938     0.0426     1.2690 6.3562e-01     1.6357      6.801      9.864     9.3356 0.0000e+00
      6.950      0.056     0.1982      1.706     51.777  35.474072     5.0400     0.9717     0.0426     1.2690 6.1818e-01     1.5305      6.816      9.885     9.3248 0.0000e+00
      6.965      0.057     0.1976      1.703     52.120  35.698780     5.0400     0.9755     0.0426     1.2690 6.3479e-01     1.5907      6.831      9.907     9.3097 0.0000e+00
      6.980      0.057     0.1971      1.703     52.484  35.939744     5.0400     0.9641     0.0426     1.2690 5.9966e-01     1.6508      6.846      9.929     9.2906 0.0000e+00
      6.995      0.056     0.1965      1.702     52.961  36.257260     5.2200     0.9755     0.0852     1.1421 5.9602e-01     1.5907      6.860      9.949     9.2711 0.0000e+00
      7.009      0.054     0.1959      1.700     53.652  36.718174     5.2200     0.8611     0.0852     1.1421 6.1510e-01     1.3051      6.874      9.969     9.2555 0.0000e+00
      7.022      0.051     0.1957      1.702     54.436  37.237420     5.2200     0.8458     0.0852     1.1421 6.1190e-01     1.3051      6.887      9.988     9.2450 0.0000e+00
      7.035      0.049     0.1957      1.707     54.956  37.573160     5.2200     0.8496     0.0852     1.1421 5.8156e-01     1.2750      6.899     10.006     9.2370 0.0000e+00
      7.047      0.046     0.1956      1.707     54.998  37.583169     5.2200     0.8611     0.0426     0.8883 5.8600e-01     1.3953      6.911     10.024     9.2286 0.0000e+00
      7.059      0.043     0.1955      1.703     54.715  37.379059     5.2200     0.7276     0.0426     0.8883 5.5816e-01     1.4253      6.923     10.041     9.2175 0.0000e+00
      7.070      0.039     0.1958      1.700     54.395  37.159947     5.2200     0.7123     0.0426     0.8883 5.7030e-01     1.4253      6.934     10.056     9.2018 0.0000e+00
      7.080      0.036     0.1964      1.699     54.050  36.932772     5.2200     0.7161     0.0426     0.8883 5.3164e-01     1.3351      6.943     10.070     9.1830 0.0000e+00
      7.088      0.032     0.1965      1.697     53.601  36.640914     5.2200     0.7390     0.0426     0.8883 5.6598e-01     1.3051      6.951     10.082     9.1659 0.0000e+00
      7.095      0.030     0.1960      1.696     53.267  36.432341     5.2200     0.7276     0.0426     0.7191 5.7917e-01     1.3953      6.959     10.092     9.1559 0.0000e+00
      7.102      0.029     0.1958      1.693     53.425  36.558432     5.2200     0.7199     0.0426     0.7191 5.3095e-01     1.3502      6.965     10.102     9.1555 0.0000e+00
      7.109      0.030     0.1957      1.686     54.177  37.082518     5.2200     0.6932     0.0426     0.7191 5.3979e-01     1.2149      6.971     10.111     9.1636 0.0000e+00
      7.115      0.033     0.1954      1.680     55.251  37.811612     5.2200     0.7199     0.0426     0.7191 5.8448e-01     1.3652      6.978     10.120     9.1779 0.0000e+00
      7.123      0.037     0.1951      1.676     56.241  38.468719     5.1300     0.6932     0.0426     0.8037 6.0005e-01     1.1999      6.985     10.131     9.1962 0.0000e+00
      7.132      0.042     0.1946      1.672     56.867  38.870529     5.1300     0.6932     0.0426     0.8037 5.7616e-01     1.3051      6.995     10.145     9.2136 0.0000e+00
      7.145      0.047     0.1938      1.671     57.191  39.068726     5.1300     0.7009     0.0426     0.8037 4.9885e-01     1.3802      7.007     10.163     9.2223 0.0000e+00
      7.159      0.051     0.1931      1.672     57.448  39.227096     5.1300     0.6856     0.0426     0.8037 5.2911e-01     1.3953      7.021     10.183     9.2168 0.0000e+00
      7.174      0.054     0.1927      1.672     57.706  39.391833     5.0400     0.6627     0.0426     0.8037 5.0595e-01     1.2600      7.035     10.204     9.1988 0.0000e+00
      7.188      0.055     0.1924      1.678     57.871  39.495930     5.0400     0.6780     0.0426     0.8037 5.0146e-01     1.3051      7.049     10.224     9.1754 0.0000e+00
      7.202      0.055     0.1924      1.690     57.915  39.521586     5.0400     0.6665     0.0426     0.8037 4.8972e-01     1.3351      7.063     10.244     9.1548 0.0000e+00
      7.216      0.055     0.1925      1.699     57.945  39.539034     5.0400     0.6818     0.0426     0.8037 4.8034e-01     1.3652      7.077     10.264     9.1400 0.0000e+00
      7.230      0.054     0.1926      1.702     58.029  39.590565     5.1300     0.6856     0.0426     0.8037 4.7815e-01     1.2149      7.090     10.283     9.1297 0.0000e+00
      7.243      0.054     0.1934      1.696     58.186  39.685960     5.1300     0.6780     0.0426     0.8037 4.7073e-01     1.2750      7.104     10.303     9.1225 0.0000e+00
      7.257      0.055     0.1947      1.685     58.458  39.854618     5.1300     0.6894     0.0426     0.8037 4.5722e-01     1.3351      7.117     10.322     9.1185 0.0000e+00
      7.271      0.057     0.1958      1.673     58.863  40.107838     5.1300     0.6780     0.0426     0.8037 4.8285e-01     1.2299      7.130     10.342     9.1161 0.0000e+00
      7.285      0.059     0.1961      1.659     59.343  40.404189     5.1300     0.6856     0.0426     0.8037 4.7463e-01     1.3953      7.144     10.362     9.1110 0.0000e+00
      7.300      0.061     0.1955      1.641     59.816  40.687987     5.0400     0.6742     0.0426     0.6768 4.7433e-01     1.3953      7.159     10.383     9.1011 0.0000e+00
      7.316      0.062     0.1943      1.628     60.203  40.912082     5.0400     0.6513     0.0426     0.6768 4.3683e-01     1.4253      7.174     10.406     9.0869 0.0000e+00
      7.333      0.063     0.1930      1.623     60.467  41.056986     5.0400     0.6742     0.0426     0.6768 4.5199e-01     1.3351      7.191     10.430     9.0677 0.0000e+00
      7.350      0.062     0.1915      1.623     60.692  41.183131     5.0400     0.6208     0.0426     0.6768 4.4391e-01     1.3051      7.208     10.455     9.0418 0.0000e+00
      7.367      0.060     0.1897      1.620     61.004  41.373682     5.1300     0.6131     0.0426     0.6768 4.1825e-01     1.3051      7.225     10.478     9.0103 0.0000e+00
      7.382      0.057     0.1882      1.614     61.384  41.612095     5.1300     0.6398     0.0426     0.6768 4.3042e-01     1.3351      7.239     10.500     8.9777 0.0000e+00
      7.395      0.053     0.1878      1.609     61.707  41.811378     5.1300     0.6284     0.0426     0.6768 4.2071e-01     1.3351      7.252     10.519     8.9489 0.0000e+00
      7.408      0.050     0.1878      1.609     61.876  41.907779     5.1300     0.5940     0.0426     0.6768 4.0448e-01     1.1097      7.265     10.537     8.9265 0.0000e+00
      7.420      0.046     0.1876      1.606     61.865  41.889362     5.1300     0.6017     0.0426     0.5922 4.0125e-01     1.1097      7.276     10.554     8.9093 0.0000e+00
      7.432      0.043     0.1869      1.597     61.720  41.788859     5.1300     0.6131     0.0426     0.5922 4.1671e-01     1.0796      7.288     10.571     8.8934 0.0000e+00
      7.443      0.039     0.1865      1.591     61.492  41.640886     5.1300     0.6360     0.0426     0.5922 4.2734e-01     1.0947      7.299     10.586     8.8771 0.0000e+00
      7.453      0.036     0.1866      1.597     61.225  41.471364     5.1300     0.5216     0.0426     0.5922 3.9160e-01     1.0345      7.308     10.601     8.8624 0.0000e+00
      7.461      0.032     0.1863      1.608     60.936  41.290562     5.0400     0.5597     0.0426     0.6345 4.0580e-01     1.0045      7.317     10.613     8.8532 0.0000e+00
      7.468      0.029     0.1852      1.613     60.601  41.081965     5.0400     0.5406     0.0426     0.6345 3.9433e-01     1.1548      7.324     10.623     8.8517 0.0000e+00
      7.475      0.027     0.1845      1.606     60.201  40.833532     5.0400     0.5712     0.0426     0.6345 3.9382e-01     1.0796      7.330     10.632     8.8568 0.0000e+00
      7.481      0.025     0.1851      1.593     59.770  40.566186     5.0400     0.6322     0.0426     0.6345 4.1015e-01     1.3351      7.336     10.641     8.8661 0.0000e+00
      7.487      0.024     0.1864      1.585     59.383  40.329479     5.0400     0.6246     0.0426     0.6345 3.9117e-01     1.3051      7.342     10.649     8.8786 0.0000e+00
      7.493      0.023     0.1869      1.583     59.113  40.171232     5.0400     0.6246     0.0426     0.5922 3.8745e-01     1.3953      7.348     10.658     8.8943 0.0000e+00
      7.498      0.024     0.1860      1.584     59.072  40.164144     5.0400     0.6436     0.0426     0.5922 3.7009e-01     1.3502      7.353     10.666     8.9130 0.0000e+00
      7.504      0.025     0.1844      1.586     59.378  40.381602     5.0400     0.5788     0.0426     0.5922 3.8577e-01     1.1848      7.359     10.674     8.9340 0.0000e+00
      7.510      0.027     0.1833      1.589     60.012  40.800377     5.0400     0.5559     0.0426     0.5922 3.9734e-01     1.0646      7.365     10.682     8.9562 0.0000e+00
      7.517      0.031     0.1831      1.596     60.755  41.266679     5.1300     0.5826     0.0426     0.5922 3.6977e-01     1.0796      7.371     10.691     8.9778 0.0000e+00
      7.524      0.034     0.1831      1.605     61.340  41.607685     5.1300     0.5673     0.0426     0.5922 3.7584e-01     1.1097      7.379     10.703     8.9955 0.0000e+00
      7.534      0.038     0.1833      1.612     61.722  41.809324     5.1300     0.5483     0.0426     0.5922 3.4598e-01     1.2600      7.388     10.716     9.0034 0.0000e+00
      7.545      0.041     0.1837      1.612     62.013  41.961027     5.1300     0.5635     0.0426     0.5922 3.5822e-01     1.2149      7.399     10.731     8.9933 0.0000e+00
      7.556      0.043     0.1847      1.607     62.272  42.103245     5.0400     0.5521     0.0426     0.5922 3.4915e-01     1.3953      7.410     10.748     8.9619 0.0000e+00
      7.568      0.044     0.1859      1.603     62.500  42.234279     5.0400     0.5483     0.0426     0.5922 3.6213e-01     1.3051      7.422     10.764     8.9157 0.0000e+00
      7.579      0.045     0.1869      1.600     62.736  42.377183     5.0400     0.5712     0.0426     0.5922 3.7299e-01     1.3502      7.433     10.780     8.8688 0.0000e+00
      7.590      0.046     0.1871      1.601     63.037  42.564122     5.0400     0.5597     0.0426     0.5922 3.6688e-01     1.0796      7.444     10.796     8.8315 0.0000e+00
      7.602      0.046     0.1867      1.605     63.431  42.809283     5.0400     0.5559     0.0426     0.5922 3.3372e-01     1.1097      7.455     10.813     8.8049 0.0000e+00
      7.614      0.047     0.1862      1.603     63.950  43.136436     5.0400     0.5521     0.0426     0.5076 3.6111e-01     1.1247      7.467     10.829     8.7863 0.0000e+00
      7.626      0.048     0.1859      1.595     64.573  43.533754     5.0400     0.5292     0.0426     0.5076 3.4938e-01     1.0796      7.479     10.846     8.7729 0.0000e+00
      7.638      0.048     0.1861      1.585     65.182  43.924905     5.0400     0.5139     0.0426     0.5076 3.4892e-01     1.3201      7.491     10.864     8.7600 0.0000e+00
      7.651      0.048     0.1866      1.576     65.667  44.235868     5.0400     0.4949     0.0426     0.5076 3.3766e-01     1.2299      7.503     10.882     8.7439 0.0000e+00
      7.664      0.048     0.1865      1.568     66.009  44.454458     5.0400     0.5063     0.0426     0.7191 3.1036e-01     1.3502      7.516     10.900     8.7256 0.0000e+00
      7.676      0.048     0.1857      1.565     66.267  44.619151     5.0400     0.5139     0.0426     0.7191 3.3423e-01     1.3652      7.528     10.918     8.7081 0.0000e+00
      7.688      0.047     0.1846      1.565     66.464  44.744142     5.0400     0.5101     0.0426     0.7191 3.4590e-01     1.2750      7.540     10.935     8.6929 0.0000e+00
      7.700      0.047     0.1836      1.567     66.580  44.815207     5.0400     0.4911     0.0426     0.7191 3.5266e-01     1.3652      7.551     10.951     8.6808 0.0000e+00
      7.711      0.046     0.1827      1.573     66.616  44.833461     5.0400     0.5063     0.0426     0.5499 3.4202e-01     1.4103      7.562     10.968     8.6717 0.0000e+00
      7.723      0.046     0.1823      1.580     66.602  44.819625     5.0400     0.5216     0.0426     0.5499 3.1876e-01     1.2901      7.574     10.984     8.6647 0.0000e+00
      7.735      0.045     0.1824      1.583     66.574  44.797750     5.0400     0.4949     0.0426     0.5499 3.1511e-01     1.3502      7.585     11.001     8.6588 0.0000e+00
      7.746      0.045     0.1826      1.578     66.553  44.779835     5.0400     0.5445     0.0426     0.5499 3.1009e-01     1.3201      7.597     11.018     8.6533 0.0000e+00
      7.758      0.045     0.1833      1.566     66.547  44.771012     5.0400     0.5178     0.0426     0.5499 2.9008e-01     1.3502      7.608     11.034     8.6487 0.0000e+00
      7.769      0.045     0.1841      1.548     66.553  44.766946     5.0400     0.5063     0.0426     0.5499 3.2162e-01     1.4253      7.618     11.050     8.6454 0.0000e+00
      7.780      0.046     0.1845      1.528     66.561  44.760608     5.0400     0.4605     0.0426     0.5499 3.2990e-01     1.3351      7.629     11.066     8.6430 0.0000e+00
      7.791      0.047     0.1840      1.514     66.566  44.750307     5.0400     0.4224     0.0426     0.5499 3.1022e-01     1.3051      7.641     11.082     8.6405 0.0000e+00
      7.803      0.048     0.1825      1.510     66.565  44.735278     5.0400     0.4186     0.0426     0.5499 3.1690e-01     1.2299      7.652     11.099     8.6366 0.0000e+00
      7.816      0.050     0.1804      1.515     66.558  44.715475     4.9500     0.4186     0.0426     0.5076 2.9491e-01     1.3351      7.665     11.116     8.6304 0.0000e+00
      7.829      0.052     0.1782      1.529     66.535  44.685616     4.9500     0.4872     0.0426     0.5076 3.0614e-01     1.4253      7.677     11.135     8.6218 0.0000e+00
      7.842      0.054     0.1767      1.547     66.493  44.643684     4.9500     0.5216     0.0426     0.5076 2.8329e-01     1.4103      7.690     11.154     8.6115 0.0000e+00
      7.856      0.055     0.1762      1.563     66.447  44.600293     4.9500     0.5025     0.0426     0.5076 2.7732e-01     1.4404      7.704     11.174     8.6005 0.0000e+00
