Data/DataNotYetUploadedToEDI/Raw_CTD/RawDownloads/053023_fcr50_S8188007.cnv
* Sea-Bird SBE19plus  Data File:
* FileName = C:\R\Reservoirs\Data\DataNotYetUploadedToEDI\Raw_CTD\RawDownloads\retry_0007.hex
* Software version 2.8.0.119
* Temperature SN = 8188
* Conductivity SN = 8188
* System UpLoad Time = May 31 2023 16:57:37
* <ApplicationData>
* <Seaterm232>
# nquan = 16
# nvalues = 1634                        
# units = specified
# name 0 = depFM: Depth [fresh water, m]
# name 1 = dz/dtM: Descent Rate [m/s]
# name 2 = sbeox0Mg/L: Oxygen, SBE 43 [mg/l]
# name 3 = sbeox0PS: Oxygen, SBE 43 [% saturation]
# name 4 = specc: Specific Conductance [uS/cm]
# name 5 = c0uS/cm: Conductivity [uS/cm]
# name 6 = wetCDOM: Fluorescence, WET Labs CDOM [mg/m^3]
# name 7 = flECO-AFL: Fluorescence, WET Labs ECO-AFL/FL [mg/m^3]
# name 8 = flECO-AFL1: Fluorescence, WET Labs ECO-AFL/FL, 2 [mg/m^3]
# name 9 = flECO-AFL2: Fluorescence, WET Labs ECO-AFL/FL, 3 [mg/m^3]
# name 10 = par/sat/log: PAR/Logarithmic, Satlantic
# name 11 = turbWETntu0: Turbidity, WET Labs ECO [NTU]
# name 12 = prdM: Pressure, Strain Gauge [db]
# name 13 = prdE: Pressure, Strain Gauge [psi]
# name 14 = tv290C: Temperature [ITS-90, deg C]
# name 15 = flag:  0.000e+00
# span 0 =     -0.641,      7.574       
# span 1 =     -0.201,      0.313       
# span 2 =     4.2161,    13.1693       
# span 3 =     39.241,    141.922       
# span 4 =      0.682,     41.330       
# span 5 =   0.637739,  34.082711       
# span 6 =    -4.5000,    11.0700       
# span 7 =    -0.2185,     7.8535       
# span 8 =    -2.1300,     0.1704       
# span 9 =    -2.0304,     9.0099       
# span 10 = 1.7026e-01, 5.4367e+02      
# span 11 =    -0.5136,    90.2685      
# span 12 =     -0.628,      7.428      
# span 13 =     -0.912,     10.773      
# span 14 =     9.9951,    21.7958      
# span 15 = 0.0000e+00, 0.0000e+00      
# interval = seconds: 0.25
# start_time = May 30 2023 13:42:30 [Instrument's time stamp, header]
# bad_flag = -9.990e-29
*END*
[from data line 1447]
      2.170     -0.055     6.3857     61.264     37.869  28.984672     4.0500     1.4600     0.0426     0.5076 1.3672e+01     1.3051      2.128      3.087    13.2184 0.0000e+00
      2.156     -0.054     6.3886     61.462     37.872  29.000254     4.0500     1.5210     0.0426     0.5499 1.3722e+01     1.5456      2.115      3.067    13.2280 0.0000e+00
      2.143     -0.053     6.3934     61.686     37.870  29.016287     4.0500     1.5134     0.0426     0.5499 1.3872e+01     1.4704      2.102      3.049    13.2378 0.0000e+00
      2.131     -0.052     6.4023     61.917     37.860  29.037045     4.0500     1.4981     0.0426     0.5499 1.4006e+01     1.5606      2.090      3.031    13.2506 0.0000e+00
      2.118     -0.053     6.4162     62.139     37.832  29.064103     4.0500     1.5210     0.0426     0.5499 1.4085e+01     1.5005      2.077      3.013    13.2665 0.0000e+00
      2.105     -0.054     6.4344     62.360     37.786  29.096759     4.0500     1.7080     0.0426     0.5499 1.4288e+01     1.2600      2.065      2.994    13.2845 0.0000e+00
      2.091     -0.057     6.4546     62.606     37.732  29.131845     4.0500     1.7308     0.0426     0.5499 1.4567e+01     1.3802      2.051      2.975    13.3072 0.0000e+00
      2.077     -0.059     6.4732     62.912     37.672  29.162883     4.0500     1.7003     0.0426     0.5499 1.4907e+01     1.2901      2.036      2.954    13.3451 0.0000e+00
      2.061     -0.062     6.4871     63.319     37.613  29.190232     4.0500     1.6965     0.0426     0.5499 1.5438e+01     1.1698      2.021      2.931    13.4095 0.0000e+00
      2.044     -0.064     6.4971     63.877     37.563  29.217227     4.0500     1.7690     0.0426     0.5499 1.6144e+01     1.3201      2.005      2.907    13.4995 0.0000e+00
      2.027     -0.065     6.5080     64.634     37.517  29.237212     4.0500     1.7575     0.0426     0.5499 1.6470e+01     1.4103      1.988      2.883    13.6017 0.0000e+00
      2.010     -0.066     6.5249     65.626     37.478  29.245617     4.0500     1.7728     0.0426     0.5499 1.6719e+01     1.2750      1.971      2.859    13.7045 0.0000e+00
      1.993     -0.065     6.5530     66.855     37.452  29.246667     4.0500     1.7575     0.0426     0.5499 1.7409e+01     1.2600      1.954      2.835    13.8014 0.0000e+00
      1.976     -0.064     6.5979     68.256     37.436  29.242621     4.0500     2.1352     0.0426     0.5499 1.7978e+01     1.5456      1.938      2.811    13.8890 0.0000e+00
      1.960     -0.063     6.6654     69.738     37.421  29.232399     4.0500     2.1428     0.0000     0.5499 1.8381e+01     1.5756      1.922      2.788    13.9627 0.0000e+00
      1.944     -0.062     6.7601     71.198     37.407  29.221195     4.0500     2.1238     0.0000     0.5499 1.8687e+01     1.4554      1.906      2.765    14.0147 0.0000e+00
      1.929     -0.061     6.8824     72.524     37.400  29.221859     4.0500     2.1505     0.0000     0.5499 1.9105e+01     1.6357      1.891      2.743    14.0429 0.0000e+00
      1.914     -0.060     7.0251     73.610     37.401  29.242489     4.0500     2.6311     0.0000     0.5499 1.9453e+01     1.6808      1.876      2.722    14.0540 0.0000e+00
      1.899     -0.059     7.1773     74.400     37.404  29.280666     4.0500     2.6426     0.0426     0.6768 1.9602e+01     1.8462      1.862      2.701    14.0558 0.0000e+00
      1.884     -0.059     7.3277     74.891     37.404  29.328751     4.0500     2.6235     0.0426     0.6768 2.0011e+01     1.7710      1.848      2.679    14.0556 0.0000e+00
      1.869     -0.059     7.4628     75.126     37.394  29.375812     4.0500     2.6273     0.0426     0.6768 2.0977e+01     1.7560      1.833      2.658    14.0634 0.0000e+00
      1.853     -0.058     7.5702     75.190     37.363  29.404701     4.0500     2.8181     0.0426     0.6768 2.1503e+01     1.8311      1.818      2.636    14.0896 0.0000e+00
      1.838     -0.057     7.6436     75.199     37.318  29.407287     4.0500     2.8181     0.0426     0.6768 2.2124e+01     1.8011      1.803      2.614    14.1373 0.0000e+00
      1.823     -0.056     7.6833     75.266     37.290  29.396141     4.0500     2.7913     0.0426     0.6768 2.2857e+01     1.7860      1.788      2.593    14.2016 0.0000e+00
      1.809     -0.054     7.6950     75.463     37.301  29.394031     4.0500     2.8295     0.0426     0.6768 2.3323e+01     1.7410      1.774      2.573    14.2754 0.0000e+00
      1.796     -0.053     7.6896     75.813     37.337  29.410290     4.0500     3.1042     0.0426     0.6768 2.3354e+01     1.9213      1.761      2.554    14.3471 0.0000e+00
      1.783     -0.052     7.6821     76.295     37.376  29.439352     4.0500     3.1042     0.0426     0.6768 2.3486e+01     2.0115      1.749      2.536    14.3975 0.0000e+00
      1.771     -0.053     7.6865     76.838     37.415  29.486986     4.1400     3.1309     0.0426     0.8460 2.3913e+01     2.0115      1.737      2.519    14.4119 0.0000e+00
      1.758     -0.056     7.7089     77.356     37.447  29.554015     4.1400     3.1309     0.0426     0.8460 2.3820e+01     2.0265      1.724      2.501    14.3981 0.0000e+00
      1.745     -0.060     7.7475     77.781     37.460  29.630595     4.1400     3.2567     0.0426     0.8460 2.4023e+01     1.9363      1.711      2.482    14.3813 0.0000e+00
      1.730     -0.065     7.7969     78.096     37.454  29.717350     4.1400     3.2949     0.0426     0.8460 2.4609e+01     2.1017      1.696      2.460    14.3792 0.0000e+00
      1.713     -0.070     7.8485     78.350     37.424  29.803759     4.1400     3.2491     0.0426     1.0575 2.5502e+01     2.0416      1.679      2.436    14.4021 0.0000e+00
      1.694     -0.075     7.8918     78.668     37.361  29.869310     4.1400     3.2339     0.0426     1.0575 2.6641e+01     1.9965      1.661      2.409    14.4576 0.0000e+00
      1.673     -0.080     7.9197     79.218     37.289  29.913671     4.1400     3.5085     0.0426     1.0575 2.8269e+01     2.7931      1.641      2.379    14.5467 0.0000e+00
      1.651     -0.084     7.9307     80.147     37.247  29.960554     4.1400     3.4666     0.0426     1.0575 2.9647e+01     2.6428      1.619      2.349    14.6684 0.0000e+00
      1.629     -0.086     7.9308     81.544     37.236  30.022463     4.1400     3.4933     0.0852     1.0998 2.9912e+01     2.7630      1.598      2.317    14.8168 0.0000e+00
      1.607     -0.086     7.9362     83.415     37.217  30.080269     4.1400     3.4704     0.0852     1.0998 3.1119e+01     2.7179      1.576      2.286    14.9715 0.0000e+00
      1.584     -0.086     7.9679     85.690     37.179  30.121669     4.1400     4.2867     0.0852     1.0998 3.2913e+01     3.3642      1.554      2.253    15.1076 0.0000e+00
      1.562     -0.084     8.0421     88.211     37.144  30.153748     4.1400     4.3249     0.0852     1.0998 3.4728e+01     3.3943      1.532      2.221    15.2160 0.0000e+00
      1.540     -0.081     8.1650     90.770     37.118  30.181101     4.1400     4.2867     0.0852     1.0998 3.5886e+01     3.4394      1.510      2.190    15.3110 0.0000e+00
      1.519     -0.078     8.3344     93.187     37.097  30.201125     4.3200     4.3058     0.0426     1.4805 3.6651e+01     3.4093      1.490      2.161    15.4097 0.0000e+00
      1.500     -0.074     8.5439     95.344     37.082  30.213220     4.3200     4.4737     0.0426     1.4805 3.7505e+01     3.6949      1.471      2.134    15.5065 0.0000e+00
      1.482     -0.069     8.7802     97.170     37.079  30.222594     4.3200     4.4355     0.0426     1.4805 3.8747e+01     3.7249      1.453      2.108    15.5876 0.0000e+00
      1.465     -0.065     9.0230     98.613     37.084  30.231744     4.3200     4.4355     0.0426     1.4805 3.9358e+01     3.6348      1.437      2.084    15.6519 0.0000e+00
      1.449     -0.061     9.2538     99.649     37.094  30.241131     4.5000     4.4584     0.0852     2.2842 3.9832e+01     3.6498      1.421      2.062    15.7020 0.0000e+00
      1.434     -0.057     9.4619    100.283     37.110  30.255239     4.5000     4.8780     0.0852     2.2842 4.1250e+01     3.8752      1.407      2.041    15.7344 0.0000e+00
      1.420     -0.053     9.6403    100.524     37.132  30.277827     4.5000     4.8513     0.0852     2.2842 4.2156e+01     3.8001      1.393      2.021    15.7505 0.0000e+00
      1.407     -0.050     9.7823    100.403     37.146  30.303040     4.5000     4.8856     0.0852     2.2842 4.2423e+01     3.9053      1.380      2.002    15.7574 0.0000e+00
      1.396     -0.048     9.8850     99.980     37.140  30.319780     4.5900     4.8895     0.0852     2.8764 4.2644e+01     3.7851      1.369      1.985    15.7593 0.0000e+00
      1.384     -0.046     9.9477     99.335     37.121  30.328554     4.5900     5.0764     0.0852     2.8764 4.2839e+01     4.1608      1.358      1.969    15.7604 0.0000e+00
      1.373     -0.046     9.9703     98.557     37.104  30.335663     4.5900     5.0268     0.0852     2.8764 4.3242e+01     4.0105      1.347      1.953    15.7673 0.0000e+00
      1.362     -0.047     9.9545     97.737     37.096  30.343004     4.5900     5.0726     0.0852     2.8764 4.3952e+01     4.1458      1.336      1.937    15.7854 0.0000e+00
      1.350     -0.048     9.9065     96.955     37.095  30.352534     4.5900     5.0802     0.0852     2.8764 4.4500e+01     4.1458      1.324      1.920    15.8147 0.0000e+00
      1.338     -0.049     9.8356     96.281     37.098  30.366795     4.5900     4.9505     0.1278     2.8764 4.5596e+01     3.8301      1.312      1.903    15.8480 0.0000e+00
      1.325     -0.050     9.7528     95.776     37.112  30.393550     4.5900     4.9505     0.1278     2.8764 4.7250e+01     3.8752      1.299      1.884    15.8758 0.0000e+00
      1.311     -0.051     9.6678     95.447     37.137  30.432013     4.5900     4.9467     0.1278     2.8764 4.8425e+01     3.7851      1.286      1.865    15.8945 0.0000e+00
      1.298     -0.051     9.5876     95.262     37.154  30.464722     4.5900     4.9581     0.1278     2.8764 4.9403e+01     3.7550      1.273      1.846    15.9086 0.0000e+00
      1.285     -0.051     9.5178     95.178     37.157  30.484561     4.6800     5.1260     0.1278     2.9187 5.0554e+01     3.8452      1.260      1.827    15.9242 0.0000e+00
      1.272     -0.050     9.4636     95.162     37.158  30.500779     4.6800     5.1336     0.1278     2.9187 5.1228e+01     3.7550      1.247      1.809    15.9447 0.0000e+00
      1.259     -0.050     9.4263     95.191     37.167  30.521663     4.6800     5.1298     0.1278     2.9187 5.1923e+01     3.8602      1.235      1.791    15.9688 0.0000e+00
      1.247     -0.050     9.4029     95.254     37.182  30.548823     4.6800     5.1298     0.1278     2.9187 5.2582e+01     3.8301      1.223      1.774    15.9939 0.0000e+00
      1.235     -0.051     9.3900     95.352     37.204  30.585539     4.6800     5.3968     0.0852     2.7495 5.2696e+01     3.9053      1.211      1.756    16.0173 0.0000e+00
      1.222     -0.053     9.3843     95.500     37.235  30.637645     4.6800     5.3434     0.0852     2.7495 5.3795e+01     3.7249      1.199      1.738    16.0377 0.0000e+00
      1.209     -0.055     9.3835     95.720     37.264  30.697254     4.6800     5.3663     0.0852     2.7495 5.5217e+01     3.8452      1.186      1.719    16.0560 0.0000e+00
      1.195     -0.058     9.3858     96.029     37.280  30.754523     4.6800     5.3549     0.0852     2.7495 5.4965e+01     3.8452      1.172      1.699    16.0758 0.0000e+00
      1.179     -0.061     9.3903     96.440     37.297  30.816805     4.6800     5.3587     0.1278     3.0033 5.7394e+01     3.9804      1.157      1.677    16.1013 0.0000e+00
      1.163     -0.064     9.3978     96.959     37.332  30.894772     4.6800     5.4083     0.1278     3.0033 6.0493e+01     3.9804      1.140      1.654    16.1365 0.0000e+00
      1.146     -0.066     9.4098     97.584     37.354  30.965653     4.6800     5.3739     0.1278     3.0033 6.1809e+01     4.1157      1.124      1.630    16.1849 0.0000e+00
      1.129     -0.067     9.4282     98.318     37.326  30.990930     4.6800     5.3816     0.1278     3.0033 6.2064e+01     4.0406      1.107      1.605    16.2444 0.0000e+00
      1.111     -0.069     9.4557     99.158     37.284  30.987248     4.6800     5.9652     0.1278     3.0033 6.3318e+01     4.2360      1.090      1.581    16.3083 0.0000e+00
      1.094     -0.069     9.4931    100.074     37.271  30.991248     4.6800     5.9996     0.0852     3.0456 6.6418e+01     4.3863      1.073      1.556    16.3751 0.0000e+00
      1.075     -0.070     9.5401    101.005     37.279  31.003995     4.6800     5.9767     0.0852     3.0456 6.8663e+01     4.1608      1.055      1.530    16.4459 0.0000e+00
      1.057     -0.070     9.5988    101.887     37.292  31.020969     4.6800     6.0186     0.0852     3.0456 7.0707e+01     4.3412      1.037      1.504    16.5105 0.0000e+00
      1.039     -0.070     9.6724    102.656     37.307  31.042736     4.6800     6.4955     0.0852     3.0456 7.2418e+01     4.9724      1.019      1.478    16.5527 0.0000e+00
      1.021     -0.069     9.7578    103.253     37.321  31.067179     4.5900     6.4726     0.0852     3.5109 7.3832e+01     4.7921      1.002      1.453    16.5719 0.0000e+00
      1.004     -0.068     9.8469    103.636     37.338  31.096857     4.5900     6.5107     0.0852     3.5109 7.6444e+01     4.7470      0.985      1.428    16.5802 0.0000e+00
      0.987     -0.066     9.9312    103.791     37.363  31.135725     4.5900     6.4802     0.0852     3.5109 7.8874e+01     4.7770      0.968      1.403    16.5882 0.0000e+00
      0.970     -0.065    10.0035    103.737     37.390  31.182267     4.5900     6.5298     0.0852     3.5109 8.0607e+01     5.0476      0.951      1.379    16.6011 0.0000e+00
      0.953     -0.063    10.0581    103.530     37.413  31.233054     4.5000     6.5222     0.0852     4.1877 8.2682e+01     5.0626      0.935      1.356    16.6183 0.0000e+00
      0.938     -0.062    10.0913    103.247     37.429  31.283810     4.5000     6.5298     0.0852     4.1877 8.4425e+01     5.0476      0.920      1.334    16.6382 0.0000e+00
      0.923     -0.061    10.1013    102.963     37.447  31.338170     4.5000     6.5489     0.0852     4.1877 8.5107e+01     5.1378      0.905      1.313    16.6624 0.0000e+00
      0.908     -0.061    10.0894    102.740     37.477  31.402712     4.5000     6.6710     0.0852     4.1877 8.5329e+01     4.8071      0.890      1.291    16.6944 0.0000e+00
      0.893     -0.061    10.0604    102.628     37.507  31.468907     4.5000     6.6710     0.0852     4.3992 8.7602e+01     4.7620      0.876      1.270    16.7366 0.0000e+00
      0.877     -0.062    10.0223    102.661     37.541  31.540548     4.5000     6.6710     0.0852     4.3992 9.1394e+01     4.8973      0.860      1.248    16.7866 0.0000e+00
      0.861     -0.063     9.9839    102.850     37.602  31.640699     4.5000     6.6786     0.0852     4.3992 9.2957e+01     4.8823      0.844      1.225    16.8386 0.0000e+00
      0.844     -0.065     9.9512    103.194     37.675  31.762407     4.5000     6.7434     0.0852     4.3992 9.5123e+01     5.0326      0.828      1.201    16.8913 0.0000e+00
      0.828     -0.066     9.9289    103.699     37.724  31.874765     4.5000     6.7511     0.0852     4.3992 9.7381e+01     4.9273      0.812      1.177    16.9460 0.0000e+00
      0.811     -0.067     9.9201    104.366     37.760  31.978035     4.5000     6.7282     0.1278     4.1454 9.9456e+01     5.0476      0.795      1.153    17.0035 0.0000e+00
      0.793     -0.069     9.9247    105.177     37.796  32.077977     4.5000     6.7396     0.1278     4.1454 1.0266e+02     5.0025      0.778      1.129    17.0685 0.0000e+00
