Data/DataNotYetUploadedToEDI/Raw_CTD/RawDownloads/053023_fcr50_S8188007.cnv
* Sea-Bird SBE19plus  Data File:
* FileName = C:\R\Reservoirs\Data\DataNotYetUploadedToEDI\Raw_CTD\RawDownloads\retry_0007.hex
* Software version 2.8.0.119
* Temperature SN = 8188
* Conductivity SN = 8188
* System UpLoad Time = May 31 2023 16:57:37
* <ApplicationData>
* <Seaterm232>
# nquan = 16
# nvalues = 1634                        
# units = specified
# name 0 = depFM: Depth [fresh water, m]
# name 1 = dz/dtM: Descent Rate [m/s]
# name 2 = sbeox0Mg/L: Oxygen, SBE 43 [mg/l]
# name 3 = sbeox0PS: Oxygen, SBE 43 [% saturation]
# name 4 = specc: Specific Conductance [uS/cm]
# name 5 = c0uS/cm: Conductivity [uS/cm]
# name 6 = wetCDOM: Fluorescence, WET Labs CDOM [mg/m^3]
# name 7 = flECO-AFL: Fluorescence, WET Labs ECO-AFL/FL [mg/m^3]
# name 8 = flECO-AFL1: Fluorescence, WET Labs ECO-AFL/FL, 2 [mg/m^3]
# name 9 = flECO-AFL2: Fluorescence, WET Labs ECO-AFL/FL, 3 [mg/m^3]
# name 10 = par/sat/log: PAR/Logarithmic, Satlantic
# name 11 = turbWETntu0: Turbidity, WET Labs ECO [NTU]
# name 12 = prdM: Pressure, Strain Gauge [db]
# name 13 = prdE: Pressure, Strain Gauge [psi]
# name 14 = tv290C: Temperature [ITS-90, deg C]
# name 15 = flag:  0.000e+00
# span 0 =     -0.641,      7.574       
# span 1 =     -0.201,      0.313       
# span 2 =     4.2161,    13.1693       
# span 3 =     39.241,    141.922       
# span 4 =      0.682,     41.330       
# span 5 =   0.637739,  34.082711       
# span 6 =    -4.5000,    11.0700       
# span 7 =    -0.2185,     7.8535       
# span 8 =    -2.1300,     0.1704       
# span 9 =    -2.0304,     9.0099       
# span 10 = 1.7026e-01, 5.4367e+02      
# span 11 =    -0.5136,    90.2685      
# span 12 =     -0.628,      7.428      
# span 13 =     -0.912,     10.773      
# span 14 =     9.9951,    21.7958      
# span 15 = 0.0000e+00, 0.0000e+00      
# interval = seconds: 0.25
# start_time = May 30 2023 13:42:30 [Instrument's time stamp, header]
# bad_flag = -9.990e-29
*END*
[from data line 543]
      1.859      0.050    10.2074    105.714     36.860  30.623349     4.7700     4.9238     0.0852     3.6801 1.4432e+01     3.6798      1.823      2.644    16.7064 0.0000e+00
      1.872      0.048    10.2268    105.880     36.845  30.580281     4.7700     4.9429     0.0852     3.6801 1.4251e+01     3.6798      1.835      2.662    16.6647 0.0000e+00
      1.884      0.047    10.2543    105.967     36.830  30.539330     4.7700     4.9162     0.0852     3.3840 1.4079e+01     3.1388      1.847      2.679    16.6232 0.0000e+00
      1.895      0.045    10.2854    105.949     36.822  30.505415     4.7700     4.9543     0.0852     3.3840 1.3978e+01     3.0937      1.859      2.696    16.5798 0.0000e+00
      1.906      0.045    10.3159    105.805     36.822  30.477411     4.7700     4.9543     0.0852     3.3840 1.3863e+01     3.1237      1.869      2.711    16.5360 0.0000e+00
      1.917      0.045    10.3411    105.534     36.825  30.451810     4.7700     4.9314     0.0852     3.3840 1.3779e+01     3.1388      1.880      2.727    16.4944 0.0000e+00
      1.928      0.045    10.3580    105.144     36.828  30.425743     4.6800     4.5347     0.0426     3.2994 1.3509e+01     3.1087      1.891      2.743    16.4558 0.0000e+00
      1.940      0.047    10.3642    104.652     36.824  30.392259     4.6800     4.5156     0.0426     3.2994 1.3360e+01     3.1688      1.902      2.759    16.4187 0.0000e+00
      1.951      0.050    10.3583    104.071     36.813  30.350348     4.6800     4.5423     0.0426     3.2994 1.3297e+01     3.0786      1.914      2.776    16.3813 0.0000e+00
      1.964      0.054    10.3400    103.418     36.801  30.300713     4.6800     4.5232     0.0426     3.2994 1.3248e+01     3.1989      1.926      2.794    16.3428 0.0000e+00
      1.978      0.057    10.3102    102.702     36.789  30.243978     4.6800     4.0655     0.0426     3.2994 1.3002e+01     2.7630      1.940      2.813    16.3038 0.0000e+00
      1.993      0.060    10.2706    101.920     36.783  30.188769     4.6800     4.0388     0.0852     2.9610 1.2474e+01     2.8231      1.955      2.835    16.2634 0.0000e+00
      2.010      0.063    10.2232    101.051     36.786  30.142144     4.6800     4.0311     0.0852     2.9610 1.1743e+01     2.7029      1.971      2.859    16.2183 0.0000e+00
      2.027      0.064    10.1705    100.075     36.789  30.099587     4.6800     4.0502     0.0852     2.9610 1.1202e+01     2.7029      1.988      2.884    16.1642 0.0000e+00
      2.045      0.065    10.1137     98.979     36.781  30.049748     4.6800     3.3521     0.0852     2.9610 1.0963e+01     2.3722      2.005      2.908    16.1005 0.0000e+00
      2.061      0.064    10.0512     97.754     36.764  29.991215     4.4100     3.3636     0.0426     2.2842 1.0921e+01     2.2370      2.021      2.932    16.0319 0.0000e+00
      2.077      0.063     9.9795     96.398     36.756  29.936098     4.4100     3.3788     0.0426     2.2842 1.0892e+01     2.2370      2.037      2.954    15.9656 0.0000e+00
      2.093      0.062     9.8959     94.919     36.761  29.889497     4.4100     3.3864     0.0426     2.2842 1.0589e+01     2.3271      2.052      2.976    15.9041 0.0000e+00
      2.108      0.061     9.7996     93.329     36.769  29.846904     4.4100     2.3679     0.0426     2.2842 1.0112e+01     2.0716      2.067      2.998    15.8454 0.0000e+00
      2.124      0.059     9.6906     91.641     36.781  29.810817     4.1400     2.3641     0.0852     1.4805 9.8154e+00     1.9363      2.083      3.021    15.7848 0.0000e+00
      2.140      0.057     9.5695     89.860     36.799  29.787453     4.1400     2.3984     0.0852     1.4805 9.5378e+00     1.9664      2.098      3.043    15.7189 0.0000e+00
      2.154      0.055     9.4364     88.008     36.821  29.774539     4.1400     2.3832     0.0852     1.4805 9.3024e+00     2.0115      2.113      3.064    15.6503 0.0000e+00
      2.168      0.052     9.2917     86.138     36.838  29.760710     4.1400     2.0589     0.0852     1.4805 9.2480e+00     1.7560      2.126      3.084    15.5830 0.0000e+00
      2.181      0.050     9.1357     84.318     36.848  29.738318     4.1400     2.0665     0.0426     1.0998 9.1819e+00     1.8161      2.138      3.102    15.5210 0.0000e+00
      2.193      0.048     8.9681     82.620     36.845  29.703373     4.1400     2.0780     0.0426     1.0998 9.1005e+00     1.9063      2.150      3.118    15.4696 0.0000e+00
      2.204      0.048     8.7911     81.110     36.828  29.654473     4.1400     2.0704     0.0426     1.0998 9.0355e+00     1.7560      2.161      3.135    15.4283 0.0000e+00
      2.215      0.048     8.6113     79.838     36.818  29.604318     4.1400     2.0856     0.0426     1.0998 8.9690e+00     1.4554      2.172      3.151    15.3899 0.0000e+00
      2.227      0.049     8.4368     78.805     36.830  29.565271     4.1400     2.0589     0.0426     1.0998 8.9107e+00     1.4253      2.184      3.168    15.3492 0.0000e+00
      2.240      0.050     8.2747     77.953     36.858  29.538797     4.0500     2.0894     0.0426     0.9306 8.6832e+00     1.4554      2.197      3.186    15.3052 0.0000e+00
      2.254      0.051     8.1320     77.186     36.891  29.521792     4.0500     2.0665     0.0426     0.9306 8.1370e+00     1.5456      2.210      3.205    15.2566 0.0000e+00
      2.268      0.051     8.0143     76.398     36.916  29.505762     4.0500     1.8110     0.0426     0.9306 7.7791e+00     1.5756      2.224      3.226    15.1996 0.0000e+00
      2.281      0.050     7.9219     75.496     36.925  29.482471     4.0500     1.8338     0.0426     0.9306 7.6467e+00     1.5456      2.238      3.245    15.1340 0.0000e+00
      2.294      0.048     7.8477     74.431     36.927  29.453627     4.0500     1.8224     0.0000     0.8037 7.6950e+00     1.6057      2.250      3.263    15.0672 0.0000e+00
      2.305      0.045     7.7804     73.218     36.936  29.431336     4.0500     1.8186     0.0000     0.8037 7.6317e+00     1.6207      2.261      3.279    15.0084 0.0000e+00
      2.316      0.042     7.7090     71.937     36.954  29.421533     4.0500     1.8033     0.0000     0.8037 7.5018e+00     1.5155      2.272      3.295    14.9604 0.0000e+00
      2.327      0.038     7.6249     70.698     36.972  29.421602     4.0500     1.8415     0.0000     0.8037 7.1906e+00     1.5155      2.282      3.310    14.9187 0.0000e+00
      2.337      0.034     7.5239     69.599     36.989  29.431561     3.9600     1.8262     0.0426     0.7614 6.9994e+00     1.5606      2.292      3.324    14.8779 0.0000e+00
      2.345      0.030     7.4078     68.714     37.008  29.454065     3.9600     1.7995     0.0426     0.7614 7.0253e+00     1.5005      2.300      3.336    14.8382 0.0000e+00
      2.352      0.026     7.2834     68.092     37.033  29.491156     3.9600     1.7575     0.0426     0.7614 6.9676e+00     1.2750      2.307      3.346    14.8057 0.0000e+00
      2.358      0.022     7.1611     67.769     37.055  29.532926     3.9600     1.7652     0.0426     0.7614 6.9873e+00     1.2600      2.313      3.354    14.7859 0.0000e+00
      2.363      0.019     7.0508     67.758     37.062  29.566756     3.9600     1.7499     0.0426     0.5922 6.9751e+00     1.2450      2.317      3.360    14.7807 0.0000e+00
      2.367      0.016     6.9597     68.057     37.053  29.585828     3.9600     1.7614     0.0426     0.5922 6.9858e+00     1.3652      2.321      3.366    14.7905 0.0000e+00
      2.370      0.014     6.8934     68.650     37.028  29.587311     3.9600     1.7575     0.0426     0.5922 6.9509e+00     1.2600      2.325      3.371    14.8138 0.0000e+00
      2.373      0.013     6.8557     69.521     37.004  29.583480     3.9600     1.7804     0.0426     0.5922 6.9479e+00     1.3652      2.328      3.375    14.8468 0.0000e+00
      2.376      0.012     6.8489     70.641     36.992  29.585194     3.9600     1.7575     0.0426     0.5922 6.9028e+00     1.2901      2.330      3.380    14.8846 0.0000e+00
      2.379      0.011     6.8737     71.959     36.984  29.588951     3.9600     1.7881     0.0426     0.7191 6.8713e+00     1.3502      2.333      3.384    14.9205 0.0000e+00
      2.382      0.011     6.9293     73.397     36.976  29.591791     3.9600     1.7041     0.0426     0.7191 6.7971e+00     1.5456      2.336      3.388    14.9492 0.0000e+00
      2.385      0.011     7.0139     74.861     36.968  29.594473     3.9600     1.6965     0.0426     0.7191 6.7779e+00     1.5005      2.339      3.392    14.9701 0.0000e+00
      2.388      0.010     7.1245     76.258     36.965  29.597714     3.9600     1.7118     0.0426     0.7191 6.7251e+00     1.4554      2.341      3.396    14.9858 0.0000e+00
      2.390      0.010     7.2553     77.514     36.968  29.602376     3.9600     1.7156     0.0426     0.8037 6.7120e+00     1.4854      2.344      3.400    14.9992 0.0000e+00
      2.393      0.010     7.3983     78.578     36.970  29.605744     3.9600     1.7080     0.0426     0.8037 6.6207e+00     1.2450      2.346      3.403    15.0121 0.0000e+00
      2.395      0.010     7.5440     79.417     36.967  29.604755     3.9600     1.6736     0.0426     0.8037 6.6121e+00     1.2450      2.349      3.407    15.0235 0.0000e+00
      2.398      0.010     7.6836     80.021     36.965  29.607066     3.9600     1.7308     0.0426     0.8037 6.5349e+00     1.1999      2.351      3.410    15.0311 0.0000e+00
      2.400      0.010     7.8096     80.411     36.969  29.617252     4.0500     1.7118     0.0426     0.6768 6.5321e+00     1.2901      2.354      3.414    15.0346 0.0000e+00
      2.403      0.011     7.9166     80.630     36.974  29.634070     4.0500     1.6355     0.0426     0.6768 6.5137e+00     1.3351      2.356      3.417    15.0362 0.0000e+00
      2.405      0.012     8.0008     80.727     36.986  29.662005     4.0500     1.6164     0.0426     0.6768 6.4503e+00     1.2299      2.359      3.421    15.0386 0.0000e+00
      2.408      0.013     8.0608     80.748     36.999  29.696628     4.0500     1.6431     0.0426     0.6768 6.4840e+00     1.2450      2.362      3.425    15.0435 0.0000e+00
      2.411      0.013     8.0984     80.752     37.003  29.721432     3.9600     1.6355     0.0426     0.6768 6.4293e+00     1.2299      2.365      3.430    15.0533 0.0000e+00
      2.415      0.014     8.1175     80.810     36.996  29.725215     3.9600     1.6431     0.0426     0.6768 6.3062e+00     1.2600      2.368      3.435    15.0701 0.0000e+00
      2.419      0.014     8.1228     80.971     36.993  29.718885     3.9600     1.6507     0.0426     0.6768 6.1385e+00     1.2600      2.372      3.441    15.0955 0.0000e+00
      2.423      0.013     8.1192     81.249     36.999  29.714615     3.9600     1.6393     0.0426     0.6768 6.0841e+00     1.3051      2.376      3.446    15.1279 0.0000e+00
      2.426      0.012     8.1146     81.631     37.006  29.711263     3.9600     1.6469     0.0426     0.6768 6.0616e+00     1.3652      2.379      3.451    15.1571 0.0000e+00
      2.429      0.011     8.1182     82.074     37.011  29.711895     3.9600     1.6278     0.0426     0.5922 6.0643e+00     1.2450      2.382      3.455    15.1700 0.0000e+00
      2.431      0.009     8.1352     82.511     37.016  29.716680     3.9600     1.6507     0.0426     0.5922 6.0907e+00     1.3051      2.384      3.458    15.1651 0.0000e+00
      2.433      0.008     8.1655     82.873     37.018  29.722934     3.9600     1.6584     0.0426     0.5922 6.0735e+00     1.3051      2.386      3.461    15.1519 0.0000e+00
      2.435      0.008     8.2059     83.104     37.017  29.728364     3.9600     1.6240     0.0426     0.5922 6.0827e+00     1.3652      2.388      3.464    15.1403 0.0000e+00
      2.437      0.007     8.2513     83.176     37.011  29.730459     3.9600     1.6889     0.0426     0.6768 6.0498e+00     1.2901      2.390      3.466    15.1352 0.0000e+00
      2.438      0.007     8.2949     83.089     37.002  29.729778     3.9600     1.7080     0.0426     0.6768 6.1039e+00     1.2299      2.391      3.469    15.1368 0.0000e+00
      2.440      0.008     8.3301     82.875     36.988  29.722182     3.9600     1.7080     0.0426     0.6768 6.0603e+00     1.3051      2.393      3.471    15.1428 0.0000e+00
      2.442      0.009     8.3519     82.581     36.975  29.709603     3.9600     1.6660     0.0426     0.6768 6.0616e+00     1.1999      2.395      3.474    15.1513 0.0000e+00
      2.444      0.010     8.3573     82.259     36.974  29.700568     3.9600     1.5592     0.0426     0.6768 6.0564e+00     1.2600      2.397      3.477    15.1613 0.0000e+00
      2.446      0.011     8.3470     81.958     36.976  29.688707     3.9600     1.5897     0.0426     0.6768 6.0131e+00     1.3953      2.399      3.480    15.1703 0.0000e+00
      2.449      0.014     8.3247     81.707     36.971  29.666896     3.9600     1.5668     0.0426     0.6768 5.9623e+00     1.3051      2.402      3.484    15.1744 0.0000e+00
      2.453      0.017     8.2957     81.517     36.961  29.637239     3.9600     1.5744     0.0426     0.6768 5.9520e+00     1.2149      2.405      3.489    15.1715 0.0000e+00
      2.457      0.021     8.2652     81.368     36.945  29.595787     3.9600     1.6469     0.0426     0.5499 5.9494e+00     1.2450      2.410      3.495    15.1609 0.0000e+00
      2.462      0.026     8.2381     81.215     36.913  29.531484     3.9600     1.6698     0.0426     0.5499 5.8928e+00     1.2600      2.415      3.503    15.1427 0.0000e+00
      2.469      0.032     8.2173     81.003     36.870  29.439064     3.9600     1.6469     0.0426     0.5499 5.9082e+00     1.2149      2.421      3.512    15.1185 0.0000e+00
      2.477      0.040     8.2034     80.665     36.851  29.339419     3.9600     1.6126     0.0426     0.5499 5.8762e+00     1.3502      2.429      3.524    15.0887 0.0000e+00
      2.488      0.048     8.1950     80.108     36.879  29.257452     3.9600     1.6507     0.0426     0.5499 5.8329e+00     1.4253      2.440      3.539    15.0505 0.0000e+00
      2.501      0.056     8.1887     79.230     36.934  29.193079     3.9600     1.6355     0.0426     0.7191 5.6459e+00     1.4554      2.453      3.558    14.9977 0.0000e+00
      2.517      0.063     8.1811     77.948     36.992  29.141007     3.9600     1.6469     0.0426     0.7191 5.2460e+00     1.5155      2.468      3.580    14.9192 0.0000e+00
      2.535      0.070     8.1667     76.206     37.044  29.099226     3.9600     1.6278     0.0426     0.7191 5.0988e+00     1.4404      2.486      3.606    14.8052 0.0000e+00
      2.555      0.075     8.1347     73.979     37.088  29.064512     3.9600     1.5210     0.0426     0.7191 4.9697e+00     1.1999      2.505      3.634    14.6641 0.0000e+00
      2.575      0.078     8.0705     71.298     37.130  29.039485     4.0500     1.5363     0.0426     0.6345 4.7822e+00     1.2600      2.525      3.663    14.5187 0.0000e+00
      2.596      0.080     7.9625     68.285     37.172  29.025389     4.0500     1.5096     0.0426     0.6345 4.6632e+00     1.3351      2.546      3.693    14.3866 0.0000e+00
      2.617      0.080     7.8033     65.138     37.206  29.014503     4.0500     1.5210     0.0426     0.6345 4.4600e+00     1.2450      2.567      3.723    14.2741 0.0000e+00
      2.638      0.080     7.5905     62.073     37.229  28.999964     4.0500     1.4753     0.0426     0.6345 4.3320e+00     1.2600      2.588      3.753    14.1805 0.0000e+00
      2.659      0.079     7.3278     59.272     37.250  28.981855     3.9600     1.4829     0.0000     0.5499 4.2936e+00     1.3051      2.607      3.782    14.1026 0.0000e+00
      2.678      0.079     7.0279     56.873     37.276  28.963265     3.9600     1.4524     0.0000     0.5499 4.2648e+00     1.2299      2.626      3.809    14.0393 0.0000e+00
