Data/DataNotYetUploadedToEDI/Raw_CTD/RawDownloads/053023_fcr50_S8188007.cnv
* Sea-Bird SBE19plus  Data File:
* FileName = C:\R\Reservoirs\Data\DataNotYetUploadedToEDI\Raw_CTD\RawDownloads\retry_0007.hex
* Software version 2.8.0.119
* Temperature SN = 8188
* Conductivity SN = 8188
* System UpLoad Time = May 31 2023 16:57:37
* <ApplicationData>
* <Seaterm232>
# nquan = 16
# nvalues = 1634                        
# units = specified
# name 0 = depFM: Depth [fresh water, m]
# name 1 = dz/dtM: Descent Rate [m/s]
# name 2 = sbeox0Mg/L: Oxygen, SBE 43 [mg/l]
# name 3 = sbeox0PS: Oxygen, SBE 43 [% saturation]
# name 4 = specc: Specific Conductance [uS/cm]
# name 5 = c0uS/cm: Conductivity [uS/cm]
# name 6 = wetCDOM: Fluorescence, WET Labs CDOM [mg/m^3]
# name 7 = flECO-AFL: Fluorescence, WET Labs ECO-AFL/FL [mg/m^3]
# name 8 = flECO-AFL1: Fluorescence, WET Labs ECO-AFL/FL, 2 [mg/m^3]
# name 9 = flECO-AFL2: Fluorescence, WET Labs ECO-AFL/FL, 3 [mg/m^3]
# name 10 = par/sat/log: PAR/Logarithmic, Satlantic
# name 11 = turbWETntu0: Turbidity, WET Labs ECO [NTU]
# name 12 = prdM: Pressure, Strain Gauge [db]
# name 13 = prdE: Pressure, Strain Gauge [psi]
# name 14 = tv290C: Temperature [ITS-90, deg C]
# name 15 = flag:  0.000e+00
# span 0 =     -0.641,      7.574       
# span 1 =     -0.201,      0.313       
# span 2 =     4.2161,    13.1693       
# span 3 =     39.241,    141.922       
# span 4 =      0.682,     41.330       
# span 5 =   0.637739,  34.082711       
# span 6 =    -4.5000,    11.0700       
# span 7 =    -0.2185,     7.8535       
# span 8 =    -2.1300,     0.1704       
# span 9 =    -2.0304,     9.0099       
# span 10 = 1.7026e-01, 5.4367e+02      
# span 11 =    -0.5136,    90.2685      
# span 12 =     -0.628,      7.428      
# span 13 =     -0.912,     10.773      
# span 14 =     9.9951,    21.7958      
# span 15 = 0.0000e+00, 0.0000e+00      
# interval = seconds: 0.25
# start_time = May 30 2023 13:42:30 [Instrument's time stamp, header]
# bad_flag = -9.990e-29
*END*
[from data line 181]
     -0.095     -0.001    11.2353    118.488     38.238  33.619526     3.7800     5.4960     0.0852     4.2723 3.5852e+02     5.1077     -0.094     -0.136    18.9462 0.0000e+00
     -0.096     -0.001    11.1506    118.181     38.235  33.618132     3.7800     5.4998     0.1278     4.0608 3.5884e+02     5.1227     -0.094     -0.136    18.9492 0.0000e+00
     -0.096     -0.001    11.0848    117.936     38.234  33.617138     3.7800     5.4960     0.1278     4.0608 3.5767e+02     5.0776     -0.094     -0.136    18.9524 0.0000e+00
     -0.096     -0.001    11.0358    117.755     38.238  33.620241     3.7800     5.6295     0.1278     4.0608 3.5767e+02     5.1528     -0.094     -0.137    18.9551 0.0000e+00
     -0.096     -0.001    10.9993    117.634     38.243  33.624308     3.7800     5.6295     0.1278     4.0608 3.5650e+02     5.2881     -0.094     -0.137    18.9569 0.0000e+00
     -0.096     -0.002    10.9706    117.548     38.241  33.622502     3.7800     5.6257     0.1278     4.0608 3.5620e+02     5.1528     -0.095     -0.138    18.9578 0.0000e+00
     -0.097     -0.002    10.9479    117.477     38.227  33.610380     3.7800     5.6372     0.1278     4.1031 3.5450e+02     5.2730     -0.095     -0.138    18.9579 0.0000e+00
     -0.098     -0.003    10.9312    117.410     38.206  33.592631     3.7800     5.5647     0.1278     4.1031 3.5496e+02     4.9123     -0.096     -0.139    18.9575 0.0000e+00
     -0.098     -0.003    10.9200    117.345     38.192  33.580365     3.7800     5.5532     0.1278     4.1031 3.5319e+02     4.8372     -0.097     -0.140    18.9573 0.0000e+00
     -0.099     -0.003    10.9120    117.279     38.190  33.578233     3.7800     5.5532     0.1278     4.1031 3.5219e+02     4.8522     -0.098     -0.141    18.9573 0.0000e+00
     -0.100     -0.004    10.9054    117.205     38.194  33.581706     3.7800     5.5723     0.0852     4.1031 3.5189e+02     4.8071     -0.099     -0.143    18.9575 0.0000e+00
     -0.101     -0.004    10.8992    117.112     38.205  33.591708     3.7800     5.8622     0.0852     4.1031 3.5082e+02     4.5666     -0.100     -0.144    18.9576 0.0000e+00
     -0.102     -0.004    10.8932    116.999     38.222  33.606947     3.7800     5.8432     0.0852     4.1031 3.5097e+02     4.5366     -0.100     -0.146    18.9575 0.0000e+00
     -0.103     -0.003    10.8871    116.883     38.229  33.615644     3.7800     5.8508     0.0852     4.1031 3.5021e+02     4.5366     -0.101     -0.147    18.9574 0.0000e+00
     -0.104     -0.003    10.8801    116.796     38.232  33.620118     3.8700     5.8660     0.0852     4.0608 3.5028e+02     4.5366     -0.102     -0.149    18.9574 0.0000e+00
     -0.105     -0.003    10.8714    116.767     38.240  33.629483     3.8700     5.6639     0.0852     4.0608 3.5067e+02     4.8221     -0.103     -0.150    18.9577 0.0000e+00
     -0.106     -0.003    10.8606    116.797     38.249  33.638316     3.8700     5.6753     0.0852     4.0608 3.5051e+02     4.8071     -0.104     -0.150    18.9590 0.0000e+00
     -0.106     -0.002    10.8494    116.876     38.246  33.637091     3.8700     5.6677     0.0852     4.0608 3.5036e+02     4.7620     -0.104     -0.151    18.9612 0.0000e+00
     -0.107     -0.002    10.8408    116.987     38.237  33.629441     3.8700     5.6867     0.0852     4.2300 3.5036e+02     4.7921     -0.105     -0.152    18.9639 0.0000e+00
     -0.107     -0.002    10.8375    117.117     38.233  33.625209     3.8700     5.4312     0.0852     4.2300 3.5021e+02     4.8221     -0.105     -0.153    18.9665 0.0000e+00
     -0.108     -0.002    10.8399    117.250     38.237  33.627226     3.8700     5.4579     0.0852     4.2300 3.5028e+02     4.7320     -0.106     -0.154    18.9685 0.0000e+00
     -0.108     -0.002    10.8469    117.362     38.244  33.632069     3.8700     5.4464     0.0852     4.2300 3.5036e+02     4.8071     -0.106     -0.154    18.9696 0.0000e+00
     -0.109     -0.002    10.8572    117.436     38.246  33.633109     3.8700     5.4388     0.0852     4.2300 3.4975e+02     4.7921     -0.107     -0.155    18.9700 0.0000e+00
     -0.109     -0.001    10.8694    117.466     38.245  33.630623     3.8700     5.6372     0.0852     4.2300 3.4998e+02     4.7470     -0.107     -0.155    18.9695 0.0000e+00
     -0.109     -0.001    10.8820    117.457     38.244  33.627909     3.8700     5.6372     0.0852     4.2300 3.4907e+02     4.8071     -0.107     -0.155    18.9681 0.0000e+00
     -0.110     -0.001    10.8928    117.416     38.242  33.624242     3.8700     5.6028     0.0852     4.2300 3.4808e+02     4.6869     -0.107     -0.156    18.9662 0.0000e+00
     -0.110     -0.001    10.9000    117.350     38.242  33.622606     3.8700     5.6372     0.0852     4.2300 3.4793e+02     4.8672     -0.108     -0.156    18.9643 0.0000e+00
     -0.110     -0.001    10.9033    117.265     38.243  33.622564     3.7800     5.6791     0.0852     4.3146 3.4725e+02     4.7620     -0.108     -0.157    18.9624 0.0000e+00
     -0.110     -0.001    10.9030    117.173     38.242  33.620144     3.7800     5.6791     0.0852     4.3146 3.4680e+02     4.7921     -0.108     -0.157    18.9603 0.0000e+00
     -0.110     -0.001    10.8996    117.090     38.242  33.618662     3.7800     5.6753     0.0852     4.3146 3.4560e+02     4.8672     -0.108     -0.157    18.9582 0.0000e+00
     -0.111     -0.000    10.8939    117.026     38.242  33.617723     3.7800     5.6715     0.0852     4.3146 3.4612e+02     4.8522     -0.108     -0.157    18.9562 0.0000e+00
     -0.111     -0.000    10.8864    116.988     38.238  33.613114     3.8700     5.7630     0.0852     4.3146 3.4597e+02     5.2730     -0.108     -0.157    18.9544 0.0000e+00
     -0.111     -0.000    10.8783    116.982     38.232  33.607569     3.8700     5.7516     0.0852     4.3146 3.4582e+02     5.2730     -0.108     -0.157    18.9527 0.0000e+00
     -0.111      0.000    10.8709    117.002     38.232  33.607529     3.8700     5.7363     0.0852     4.3146 3.4530e+02     5.1829     -0.108     -0.157    18.9508 0.0000e+00
     -0.111      0.000    10.8653    117.040     38.238  33.612985     3.8700     5.7287     0.0852     4.3146 3.4455e+02     5.2430     -0.109     -0.158    18.9494 0.0000e+00
     -0.111      0.000    10.8620    117.088     38.243  33.617468     3.8700     5.6867     0.0852     4.3146 3.4402e+02     5.2279     -0.109     -0.158    18.9485 0.0000e+00
     -0.111      0.000    10.8615    117.134     38.244  33.618215     3.8700     5.6829     0.0852     4.2300 3.4417e+02     5.3181     -0.109     -0.158    18.9481 0.0000e+00
     -0.111      0.000    10.8634    117.167     38.241  33.615424     3.8700     5.6944     0.0852     4.2300 3.4410e+02     5.2580     -0.109     -0.158    18.9480 0.0000e+00
     -0.111      0.000    10.8669    117.185     38.237  33.612311     3.8700     5.6715     0.0852     4.2300 3.4350e+02     5.2580     -0.109     -0.158    18.9480 0.0000e+00
     -0.111      0.000    10.8714    117.187     38.236  33.612008     3.8700     5.6677     0.0852     4.2300 3.4440e+02     5.7690     -0.109     -0.158    18.9479 0.0000e+00
     -0.111      0.000    10.8757    117.170     38.234  33.610474     3.8700     5.6372     0.0426     4.3992 3.4410e+02     5.7089     -0.109     -0.158    18.9477 0.0000e+00
     -0.111      0.000    10.8788    117.140     38.235  33.611258     3.8700     5.6028     0.0426     4.3992 3.4387e+02     5.7239     -0.109     -0.157    18.9477 0.0000e+00
     -0.111      0.000    10.8804    117.105     38.243  33.618532     3.8700     5.6372     0.0426     4.3992 3.4328e+02     5.8292     -0.108     -0.157    18.9479 0.0000e+00
     -0.111      0.000    10.8805    117.074     38.244  33.618392     3.8700     5.5532     0.0426     4.3992 3.4477e+02     5.4534     -0.108     -0.157    18.9484 0.0000e+00
     -0.111      0.000    10.8788    117.053     38.231  33.606840     3.8700     5.5532     0.0852     4.1877 3.4402e+02     5.4985     -0.108     -0.157    18.9488 0.0000e+00
     -0.110      0.000    10.8760    117.041     38.220  33.596639     3.8700     5.5952     0.0852     4.1877 3.4440e+02     5.5436     -0.108     -0.157    18.9491 0.0000e+00
     -0.110      0.000    10.8727    117.039     38.212  33.589029     3.8700     5.5532     0.0852     4.1877 3.4462e+02     5.5586     -0.108     -0.157    18.9490 0.0000e+00
     -0.110      0.000    10.8699    117.047     38.204  33.581981     3.8700     5.6333     0.0852     4.1877 3.4455e+02     5.2430     -0.108     -0.157    18.9486 0.0000e+00
     -0.110      0.000    10.8681    117.060     38.204  33.581535     3.8700     5.6105     0.0852     4.1877 3.4462e+02     5.3332     -0.108     -0.156    18.9481 0.0000e+00
     -0.110      0.000    10.8671    117.075     38.212  33.587574     3.8700     5.5952     0.0852     4.1877 3.4567e+02     5.2279     -0.108     -0.156    18.9475 0.0000e+00
     -0.110      0.000    10.8670    117.096     38.220  33.593787     3.8700     5.6219     0.0852     4.1877 3.4597e+02     5.3482     -0.108     -0.156    18.9469 0.0000e+00
     -0.110      0.000    10.8680    117.122     38.221  33.593908     3.8700     5.6105     0.0852     4.1877 3.4575e+02     5.7690     -0.108     -0.156    18.9462 0.0000e+00
     -0.110      0.000    10.8693    117.155     38.220  33.591931     3.8700     5.6219     0.0852     4.1877 3.4522e+02     5.7239     -0.108     -0.156    18.9453 0.0000e+00
     -0.110      0.000    10.8710    117.192     38.224  33.595250     3.8700     5.6448     0.0852     4.1454 3.4582e+02     5.8742     -0.108     -0.156    18.9443 0.0000e+00
     -0.110      0.000    10.8732    117.221     38.230  33.600790     3.8700     5.6219     0.0852     4.1454 3.4515e+02     5.7991     -0.108     -0.156    18.9431 0.0000e+00
     -0.110      0.000    10.8758    117.238     38.236  33.606066     3.8700     5.6105     0.0852     4.1454 3.4575e+02     5.4985     -0.108     -0.156    18.9420 0.0000e+00
     -0.110      0.000    10.8791    117.243     38.238  33.608525     3.8700     5.6486     0.0852     4.1454 3.4567e+02     5.5586     -0.108     -0.156    18.9412 0.0000e+00
     -0.110      0.000    10.8826    117.233     38.233  33.604862     3.8700     5.6143     0.0852     4.3146 3.4545e+02     5.4985     -0.108     -0.156    18.9408 0.0000e+00
     -0.110     -0.001    10.8853    117.214     38.225  33.598061     3.8700     5.6333     0.0852     4.3146 3.4627e+02     5.4534     -0.108     -0.156    18.9408 0.0000e+00
     -0.110     -0.001    10.8868    117.192     38.222  33.594230     3.8700     5.6028     0.0852     4.3146 3.4642e+02     5.4534     -0.108     -0.156    18.9412 0.0000e+00
     -0.110     -0.001    10.8871    117.174     38.222  33.592348     3.8700     5.6105     0.0852     4.3146 3.4725e+02     5.5736     -0.108     -0.157    18.9420 0.0000e+00
     -0.111     -0.001    10.8861    117.168     38.219  33.587952     3.8700     5.6219     0.1278     4.1877 3.4778e+02     5.5135     -0.109     -0.157    18.9427 0.0000e+00
     -0.111     -0.001    10.8842    117.184     38.220  33.587790     3.8700     5.6295     0.1278     4.1877 3.4695e+02     5.4684     -0.109     -0.158    18.9427 0.0000e+00
     -0.111     -0.001    10.8824    117.219     38.231  33.595780     3.8700     5.6524     0.1278     4.1877 3.4756e+02     5.0175     -0.109     -0.158    18.9418 0.0000e+00
     -0.111     -0.001    10.8811    117.262     38.240  33.602170     3.8700     5.6372     0.1278     4.1877 3.4793e+02     5.0626     -0.109     -0.158    18.9398 0.0000e+00
     -0.112     -0.001    10.8810    117.297     38.239  33.600744     3.8700     5.6295     0.0852     4.2300 3.4756e+02     5.0175     -0.110     -0.159    18.9375 0.0000e+00
     -0.112     -0.000    10.8830    117.318     38.234  33.595081     3.8700     5.6105     0.0852     4.2300 3.4673e+02     5.0776     -0.110     -0.159    18.9352 0.0000e+00
     -0.112     -0.000    10.8867    117.328     38.230  33.591592     3.8700     5.5609     0.0852     4.2300 3.4642e+02     5.1077     -0.110     -0.159    18.9334 0.0000e+00
     -0.112     -0.000    10.8911    117.329     38.228  33.589349     3.8700     5.5570     0.0852     4.2300 3.4650e+02     5.0175     -0.110     -0.159    18.9318 0.0000e+00
     -0.112      0.000    10.8946    117.322     38.226  33.587751     3.8700     5.5685     0.0852     4.2300 3.4620e+02     5.0476     -0.110     -0.159    18.9305 0.0000e+00
     -0.112      0.000    10.8968    117.316     38.229  33.590334     3.8700     5.5761     0.0852     4.2723 3.4567e+02     4.9724     -0.110     -0.159    18.9295 0.0000e+00
     -0.112      0.000    10.8979    117.320     38.233  33.593827     3.8700     5.4884     0.0852     4.2723 3.4358e+02     5.0776     -0.110     -0.159    18.9288 0.0000e+00
     -0.112      0.000    10.8980    117.333     38.238  33.599160     3.8700     5.5075     0.0852     4.2723 3.4290e+02     4.9875     -0.110     -0.159    18.9284 0.0000e+00
     -0.112      0.000    10.8974    117.347     38.247  33.607756     3.8700     5.4884     0.0852     4.2723 3.4246e+02     5.1077     -0.110     -0.159    18.9282 0.0000e+00
     -0.112      0.000    10.8969    117.349     38.254  33.613984     3.7800     5.5075     0.0852     4.1877 3.4246e+02     5.0025     -0.110     -0.159    18.9283 0.0000e+00
     -0.112      0.000    10.8971    117.332     38.248  33.609606     3.7800     5.4350     0.0852     4.1877 3.4231e+02     4.7620     -0.110     -0.159    18.9286 0.0000e+00
     -0.112      0.000    10.8982    117.296     38.231  33.595433     3.7800     5.4502     0.0852     4.1877 3.4223e+02     4.7620     -0.110     -0.159    18.9292 0.0000e+00
     -0.112      0.000    10.8993    117.245     38.218  33.585509     3.7800     5.4235     0.0852     4.1877 3.4290e+02     4.7770     -0.110     -0.159    18.9300 0.0000e+00
     -0.112      0.000    10.8994    117.180     38.213  33.583129     3.8700     5.4312     0.0852     4.2723 3.4305e+02     4.9123     -0.110     -0.159    18.9309 0.0000e+00
     -0.112      0.000    10.8975    117.110     38.213  33.583698     3.8700     5.3739     0.0852     4.2723 3.4447e+02     5.0776     -0.110     -0.159    18.9319 0.0000e+00
     -0.112      0.000    10.8939    117.043     38.212  33.583406     3.8700     5.3663     0.0852     4.2723 3.4597e+02     5.0626     -0.110     -0.159    18.9332 0.0000e+00
     -0.112      0.000    10.8888    116.982     38.206  33.578215     3.8700     5.3587     0.0852     4.2723 3.4695e+02     5.0626     -0.110     -0.159    18.9350 0.0000e+00
     -0.112      0.000    10.8823    116.924     38.198  33.570702     3.8700     5.3739     0.1278     4.2300 3.4778e+02     5.1979     -0.110     -0.159    18.9370 0.0000e+00
     -0.112      0.000    10.8754    116.857     38.189  33.562824     3.8700     5.5303     0.1278     4.2300 3.4808e+02     4.9875     -0.110     -0.159    18.9387 0.0000e+00
     -0.112      0.000    10.8690    116.769     38.182  33.556440     3.8700     5.5075     0.1278     4.2300 3.4922e+02     5.0776     -0.110     -0.159    18.9396 0.0000e+00
     -0.112      0.000    10.8634    116.656     38.184  33.557770     3.8700     5.5113     0.1278     4.2300 3.5051e+02     5.1829     -0.110     -0.160    18.9396 0.0000e+00
     -0.112      0.000    10.8581    116.515     38.199  33.571128     3.8700     5.5265     0.1278     4.2300 3.5204e+02     5.0776     -0.110     -0.160    18.9391 0.0000e+00
     -0.112      0.000    10.8520    116.334     38.223  33.592155     3.8700     5.4388     0.0852     4.2723 3.5350e+02     5.2730     -0.110     -0.160    18.9386 0.0000e+00
     -0.112      0.000    10.8439    116.115     38.240  33.606657     3.8700     5.4540     0.0852     4.2723 3.5396e+02     5.2430     -0.110     -0.160    18.9381 0.0000e+00
     -0.112      0.000    10.8335    115.877     38.245  33.610578     3.8700     5.4235     0.0852     4.2723 3.5658e+02     5.2730     -0.110     -0.160    18.9378 0.0000e+00
