Data/DataNotYetUploadedToEDI/Raw_CTD/RawDownloads/053122_bvr50_0003.cnv
* Sea-Bird SBE19plus  Data File:
* FileName = C:\R\Reservoirs\Data\DataNotYetUploadedToEDI\Raw_CTD\RawDownloads\053122_bvr01_0003.hex
* Software version 2.8.0.119
* Temperature SN = 7809
* Conductivity SN = 7809
* System UpLoad Time = Jun 07 2022 07:56:18
* <ApplicationData>
* <Seaterm232>
# nquan = 15
# nvalues = 1718                        
# units = specified
# name 0 = depFM: Depth [fresh water, m]
# name 1 = dz/dtM: Descent Rate [m/s]
# name 2 = sbeox0Mg/L: Oxygen, SBE 43 [mg/l]
# name 3 = sbeox0PS: Oxygen, SBE 43 [% saturation]
# name 4 = specc: Specific Conductance [uS/cm]
# name 5 = c0uS/cm: Conductivity [uS/cm]
# name 6 = flECO-AFL: Fluorescence, WET Labs ECO-AFL/FL [mg/m^3]
# name 7 = ph: pH
# name 8 = orp: Oxidation Reduction Potential [mV]
# name 9 = par/sat/log: PAR/Logarithmic, Satlantic
# name 10 = turbWETntu0: Turbidity, WET Labs ECO [NTU]
# name 11 = prdM: Pressure, Strain Gauge [db]
# name 12 = prdE: Pressure, Strain Gauge [psi]
# name 13 = tv290C: Temperature [ITS-90, deg C]
# name 14 = flag:  0.000e+00
# span 0 =     -0.705,      9.367       
# span 1 =     -0.270,      0.170       
# span 2 =    -0.7384,     9.1874       
# span 3 =     -6.449,    104.269       
# span 4 =      0.369,    194.259       
# span 5 =   0.385011, 136.220549       
# span 6 =    -1.1073,     5.8701       
# span 7 =      5.957,      8.845       
# span 8 =   -96.9992,   383.6149       
# span 9 = 1.2350e-01, 2.7079e+03       
# span 10 =    -4.2341,    42.2496      
# span 11 =     -0.691,      9.186      
# span 12 =     -1.003,     13.323      
# span 13 =     9.4688,    27.2090      
# span 14 = 0.0000e+00, 0.0000e+00      
# interval = seconds: 0.25
# start_time = May 31 2022 09:10:10 [Instrument's time stamp, header]
# bad_flag = -9.990e-29
*END*
[from data line 675]
      4.041      0.033     0.8812      7.807     29.060  22.641263     0.9497      7.326   254.5222 7.7253e+00     1.8059      3.964      5.749    14.0440 0.0000e+00
      4.048      0.032     0.8727      7.507     29.024  22.601955     0.9557      7.322   254.9697 7.7003e+00     1.8399      3.969      5.758    14.0437 0.0000e+00
      4.055      0.031     0.8476      7.147     29.010  22.575236     0.9898      7.319   255.1915 7.6694e+00     1.8945      3.976      5.767    14.0160 0.0000e+00
      4.063      0.031     0.8294      6.759     29.030  22.571667     1.0210      7.317   255.3106 7.6173e+00     1.8861      3.985      5.779    13.9715 0.0000e+00
      4.071      0.031     0.8092      6.369     29.035  22.558784     1.0250      7.312   255.3776 7.5555e+00     1.8401      3.993      5.791    13.9502 0.0000e+00
      4.080      0.030     0.7764      5.994     29.034  22.546196     0.9882      7.308   255.4000 7.5089e+00     1.8507      4.002      5.804    13.9388 0.0000e+00
      4.089      0.027     0.7391      5.622     29.043  22.546186     0.9343      7.305   255.4087 7.4782e+00     1.9121      4.010      5.815    13.9073 0.0000e+00
      4.096      0.023     0.6985      5.251     29.062  22.558661     0.9139      7.302   255.3962 7.4434e+00     1.9331      4.017      5.826    13.8706 0.0000e+00
      4.101      0.019     0.6578      4.921     29.074  22.570286     0.9168      7.298   255.4221 7.3999e+00     1.9006      4.022      5.835    13.8412 0.0000e+00
      4.105      0.015     0.6199      4.666     29.056  22.560010     0.9272      7.295   255.5501 7.3798e+00     1.8604      4.027      5.841    13.8203 0.0000e+00
      4.108      0.011     0.5826      4.486     29.058  22.561151     0.9478      7.292   255.7394 7.3793e+00     1.8567      4.029      5.843    13.8077 0.0000e+00
      4.109      0.007     0.5416      4.393     29.089  22.584090     0.9664      7.288   255.9041 7.3608e+00     1.8900      4.029      5.843    13.8032 0.0000e+00
      4.111      0.005     0.5059      4.386     29.088  22.583872     0.9687      7.285   255.9929 7.3414e+00     1.8877      4.032      5.848    13.8113 0.0000e+00
      4.111      0.005     0.4806      4.428     29.053  22.558513     0.9681      7.282   256.0389 7.3299e+00     1.8629      4.032      5.848    13.8218 0.0000e+00
      4.111      0.009     0.4606      4.480     29.022  22.530964     0.9753      7.280   256.0286 7.3196e+00     1.8634      4.031      5.846    13.8208 0.0000e+00
      4.112      0.014     0.4512      4.524     29.002  22.504256     0.9800      7.277   255.9544 7.3069e+00     1.8590      4.032      5.847    13.8107 0.0000e+00
      4.114      0.020     0.4519      4.562     29.013  22.489062     0.9839      7.273   255.9165 7.2817e+00     1.8445      4.032      5.848    13.8170 0.0000e+00
      4.121      0.026     0.4580      4.582     29.031  22.473971     0.9810      7.270   255.9151 7.2335e+00     1.8246      4.039      5.859    13.8244 0.0000e+00
      4.132      0.031     0.4642      4.540     29.028  22.448496     0.9783      7.267   255.9367 7.1812e+00     1.8912      4.052      5.877    13.8162 0.0000e+00
      4.142      0.034     0.4683      4.422     29.028  22.434504     0.9846      7.263   256.0052 7.1467e+00     2.0701      4.063      5.892    13.8043 0.0000e+00
      4.152      0.036     0.4724      4.253     29.042  22.431519     0.9822      7.260   256.0562 7.1203e+00     2.1427      4.070      5.905    13.7583 0.0000e+00
      4.161      0.038     0.4781      4.055     29.045  22.412398     0.9572      7.257   256.0370 7.0907e+00     2.0854      4.081      5.920    13.6957 0.0000e+00
      4.169      0.038     0.4748      3.823     29.060  22.393394     0.9414      7.253   256.0304 7.0406e+00     2.0605      4.088      5.929    13.6590 0.0000e+00
      4.177      0.037     0.4608      3.561     29.097  22.391825     0.9576      7.248   256.1488 6.9849e+00     2.0811      4.094      5.938    13.6391 0.0000e+00
      4.188      0.035     0.4428      3.294     29.126  22.393383     0.9775      7.243   256.3507 6.9442e+00     2.0951      4.107      5.957    13.6221 0.0000e+00
      4.201      0.031     0.4227      3.013     29.159  22.412209     0.9828      7.240   256.4920 6.9183e+00     2.0935      4.122      5.979    13.5868 0.0000e+00
      4.210      0.027     0.4002      2.727     29.174  22.429328     0.9794      7.238   256.4813 6.9078e+00     2.0614      4.131      5.992    13.5271 0.0000e+00
      4.215      0.027     0.3702      2.470     29.139  22.410265     0.9789      7.235   256.3928 6.8996e+00     1.9803      4.133      5.995    13.4662 0.0000e+00
      4.217      0.029     0.3449      2.245     29.097  22.371845     0.9769      7.233   256.3687 6.8935e+00     1.8985      4.135      5.999    13.4301 0.0000e+00
      4.218      0.032     0.3153      2.051     29.099  22.345010     0.9714      7.231   256.4482 6.8815e+00     1.8589      4.136      5.998    13.4205 0.0000e+00
      4.225      0.037     0.2827      1.918     29.145  22.339254     0.9538      7.228   256.4930 6.8256e+00     1.8422      4.139      6.003    13.4336 0.0000e+00
      4.241      0.042     0.2566      1.844     29.228  22.365573     0.9225      7.224   256.3943 6.7426e+00     1.8336      4.158      6.031    13.4605 0.0000e+00
      4.260      0.047     0.2334      1.790     29.322  22.409713     0.9088      7.221   256.2013 6.6820e+00     1.8572      4.180      6.064    13.4562 0.0000e+00
      4.274      0.049     0.2116      1.740     29.381  22.429313     0.9044      7.219   256.0525 6.6468e+00     1.8888      4.193      6.082    13.3995 0.0000e+00
      4.282      0.047     0.1977      1.664     29.393  22.412419     0.8775      7.216   256.1445 6.6092e+00     1.8734      4.198      6.089    13.3171 0.0000e+00
      4.292      0.040     0.1933      1.553     29.400  22.395524     0.8506      7.212   256.3666 6.5540e+00     1.8769      4.207      6.101    13.2498 0.0000e+00
      4.306      0.034     0.1868      1.431     29.443  22.415120     0.8537      7.207   256.4146 6.5078e+00     1.9309      4.223      6.125    13.2097 0.0000e+00
      4.317      0.029     0.1840      1.303     29.507  22.459230     0.8646      7.203   256.2943 6.4955e+00     1.9445      4.236      6.143    13.1689 0.0000e+00
      4.322      0.027     0.1768      1.168     29.545  22.485257     0.8577      7.201   256.1166 6.5013e+00     1.9050      4.240      6.149    13.1188 0.0000e+00
      4.323      0.024     0.1631      1.038     29.545  22.476322     0.8377      7.198   255.9871 6.4884e+00     1.8638      4.239      6.148    13.0785 0.0000e+00
      4.325      0.023     0.1509      0.937     29.565  22.477940     0.8303      7.196   256.0186 6.4486e+00     1.8564      4.240      6.149    13.0566 0.0000e+00
      4.332      0.023     0.1374      0.876     29.618  22.504805     0.8428      7.193   256.0678 6.4119e+00     1.8490      4.247      6.159    13.0525 0.0000e+00
      4.342      0.025     0.1230      0.848     29.690  22.547639     0.8478      7.189   255.9795 6.3906e+00     1.8093      4.260      6.177    13.0549 0.0000e+00
      4.349      0.029     0.1081      0.835     29.798  22.615603     0.8489      7.185   255.8970 6.3648e+00     1.8202      4.266      6.188    13.0388 0.0000e+00
      4.354      0.033     0.0974      0.830     29.923  22.692820     0.8563      7.182   255.9311 6.3348e+00     1.8780      4.269      6.192    13.0088 0.0000e+00
      4.361      0.034     0.0907      0.835     29.988  22.720790     0.8533      7.179   255.9619 6.3257e+00     1.8938      4.276      6.202    12.9871 0.0000e+00
      4.371      0.034     0.0891      0.840     29.992  22.700274     0.8544      7.176   255.9258 6.3081e+00     1.8739      4.286      6.215    12.9707 0.0000e+00
      4.382      0.034     0.0881      0.840     30.016  22.698224     0.8703      7.174   255.9238 6.2540e+00     1.8425      4.296      6.231    12.9474 0.0000e+00
      4.394      0.035     0.0870      0.835     30.032  22.695970     0.8874      7.172   255.9378 6.2164e+00     1.8570      4.311      6.252    12.9188 0.0000e+00
      4.402      0.036     0.0886      0.833     30.018  22.673014     0.9020      7.171   255.8378 6.2117e+00     1.9120      4.319      6.263    12.8823 0.0000e+00
      4.407      0.038     0.0888      0.826     30.038  22.674138     0.9146      7.169   255.7467 6.1974e+00     1.8925      4.320      6.267    12.8366 0.0000e+00
      4.414      0.040     0.0897      0.818     30.108  22.709543     0.9985      7.165   255.8695 6.1624e+00     1.8265      4.327      6.276    12.8026 0.0000e+00
      4.425      0.043     0.0878      0.818     30.149  22.720851     1.1589      7.161   256.0314 6.1085e+00     1.7965      4.337      6.291    12.7830 0.0000e+00
      4.440      0.046     0.0887      0.813     30.128  22.684088     1.2554      7.159   256.0699 6.0433e+00     1.8365      4.354      6.315    12.7629 0.0000e+00
      4.455      0.048     0.0878      0.815     30.103  22.645248     1.2829      7.156   256.1622 5.9971e+00     1.9006      4.371      6.339    12.7419 0.0000e+00
      4.467      0.048     0.0856      0.835     30.111  22.631454     1.3752      7.152   256.2871 5.9669e+00     1.8894      4.381      6.354    12.7139 0.0000e+00
      4.478      0.047     0.0879      0.850     30.151  22.644029     1.5400      7.148   256.3753 5.9370e+00     1.8712      4.390      6.368    12.6760 0.0000e+00
      4.490      0.044     0.0858      0.853     30.206  22.670521     1.6437      7.145   256.4548 5.9088e+00     1.9202      4.404      6.388    12.6417 0.0000e+00
      4.501      0.042     0.0854      0.856     30.261  22.698268     1.6630      7.141   256.4741 5.8716e+00     1.9348      4.415      6.403    12.6098 0.0000e+00
      4.510      0.041     0.0896      0.856     30.318  22.726018     1.6907      7.139   256.5225 5.8329e+00     1.8773      4.423      6.414    12.5757 0.0000e+00
      4.520      0.041     0.0911      0.857     30.376  22.752530     2.0286      7.137   256.6099 5.8094e+00     1.9079      4.432      6.428    12.5464 0.0000e+00
      4.531      0.040     0.0904      0.853     30.416  22.765320     2.6514      7.134   256.5839 5.7917e+00     2.0654      4.444      6.446    12.5237 0.0000e+00
      4.542      0.038     0.0917      0.847     30.423  22.753907     2.9869      7.130   256.5530 5.7647e+00     2.1758      4.455      6.461    12.5019 0.0000e+00
      4.552      0.034     0.0910      0.856     30.424  22.741260     3.0059      7.127   256.6661 5.7281e+00     2.1502      4.464      6.474    12.4768 0.0000e+00
      4.562      0.029     0.0915      0.865     30.434  22.739123     2.9310      7.124   256.8323 5.6941e+00     2.0288      4.476      6.490    12.4493 0.0000e+00
      4.571      0.024     0.0918      0.859     30.423  22.728060     2.7978      7.119   257.0144 5.6786e+00     1.9379      4.485      6.504    12.4199 0.0000e+00
      4.575      0.020     0.0891      0.858     30.422  22.734240     2.7343      7.115   257.2324 5.6835e+00     1.9394      4.488      6.510    12.3921 0.0000e+00
      4.576      0.019     0.0915      0.865     30.417  22.750482     2.7289      7.112   257.3173 5.6833e+00     1.9449      4.488      6.509    12.3683 0.0000e+00
      4.577      0.020     0.0936      0.857     30.351  22.734347     2.6416      7.110   257.1812 5.6698e+00     1.9695      4.487      6.508    12.3518 0.0000e+00
      4.581      0.022     0.0916      0.849     30.283  22.729304     2.4701      7.109   257.0489 5.6548e+00     2.0657      4.491      6.514    12.3434 0.0000e+00
      4.589      0.025     0.0907      0.869     30.269  22.752939     2.3782      7.105   257.0089 5.6299e+00     2.1517      4.499      6.526    12.3541 0.0000e+00
      4.599      0.028     0.0938      0.882     30.291  22.766663     2.3788      7.102   256.9553 5.6020e+00     2.1554      4.509      6.541    12.3881 0.0000e+00
      4.608      0.030     0.0919      0.878     30.331  22.768491     2.3025      7.099   256.8314 5.5813e+00     2.0420      4.519      6.555    12.4386 0.0000e+00
      4.615      0.030     0.0880      0.893     30.371  22.775006     2.1548      7.096   256.6292 5.5534e+00     1.8730      4.526      6.564    12.5305 0.0000e+00
      4.621      0.029     0.0930      0.922     30.389  22.782036     2.0833      7.092   256.4890 5.5198e+00     1.8200      4.532      6.573    12.6117 0.0000e+00
      4.628      0.028     0.0953      0.935     30.396  22.790118     2.0788      7.089   256.5127 5.5074e+00     1.8800      4.538      6.582    12.5937 0.0000e+00
      4.634      0.028     0.0919      0.927     30.417  22.809354     2.0503      7.086   256.4854 5.5021e+00     1.9500      4.545      6.592    12.5230 0.0000e+00
      4.641      0.027     0.0945      0.909     30.433  22.824505     1.9965      7.084   256.3317 5.4835e+00     2.0175      4.551      6.601    12.4781 0.0000e+00
      4.649      0.025     0.0993      0.902     30.459  22.846562     1.9694      7.082   256.2026 5.4690e+00     2.0811      4.559      6.613    12.4747 0.0000e+00
      4.658      0.022     0.1003      0.905     30.517  22.885928     1.9642      7.079   256.1289 5.4555e+00     2.1383      4.568      6.626    12.4886 0.0000e+00
      4.663      0.020     0.0995      0.904     30.568  22.920247     1.9495      7.075   256.0431 5.4580e+00     2.1287      4.574      6.635    12.4906 0.0000e+00
      4.666      0.018     0.0960      0.893     30.600  22.944635     1.8840      7.071   255.7669 5.4744e+00     1.9992      4.576      6.637    12.4970 0.0000e+00
      4.667      0.016     0.0956      0.880     30.578  22.927315     1.7705      7.069   255.4566 5.4564e+00     1.8700      4.576      6.637    12.5074 0.0000e+00
      4.671      0.016     0.0968      0.878     30.553  22.900948     1.7187      7.067   255.3893 5.4168e+00     1.8654      4.580      6.642    12.4945 0.0000e+00
      4.676      0.020     0.0967      0.885     30.627  22.942682     1.7325      7.066   255.3836 5.3971e+00     1.9088      4.588      6.653    12.4807 0.0000e+00
      4.680      0.024     0.0956      0.897     30.711  22.988302     1.7618      7.064   255.3878 5.3975e+00     1.9163      4.591      6.658    12.4879 0.0000e+00
      4.685      0.028     0.0927      0.904     30.776  23.008910     1.8144      7.061   255.5258 5.3743e+00     1.9225      4.592      6.659    12.4944 0.0000e+00
      4.695      0.032     0.0936      0.885     30.897  23.065075     1.8524      7.058   255.6758 5.3208e+00     1.9491      4.604      6.676    12.4773 0.0000e+00
      4.707      0.036     0.0943      0.866     31.062  23.160361     1.8640      7.055   255.6538 5.3008e+00     1.9646      4.619      6.699    12.4515 0.0000e+00
      4.716      0.040     0.0953      0.866     31.244  23.273756     1.9541      7.053   255.5170 5.3056e+00     1.9730      4.625      6.708    12.4338 0.0000e+00
      4.724      0.041     0.0985      0.853     31.390  23.358751     2.1269      7.051   255.4844 5.2815e+00     2.0170      4.630      6.717    12.3843 0.0000e+00
      4.736      0.040     0.0948      0.835     31.509  23.427512     2.2299      7.049   255.5175 5.2389e+00     2.0868      4.644      6.736    12.3143 0.0000e+00
      4.748      0.038     0.0905      0.817     31.673  23.534756     2.2506      7.047   255.5726 5.1905e+00     2.1339      4.657      6.754    12.2750 0.0000e+00
      4.759      0.037     0.0948      0.787     31.842  23.641421     2.2521      7.044   255.6347 5.1433e+00     2.1766      4.667      6.769    12.2449 0.0000e+00
      4.768      0.035     0.0913      0.763     31.961  23.703179     2.2399      7.040   255.5807 5.1142e+00     2.2613      4.677      6.783    12.2013 0.0000e+00
      4.776      0.032     0.0891      0.748     32.089  23.774435     2.2365      7.038   255.6067 5.0942e+00     2.3378      4.684      6.793    12.1674 0.0000e+00
