Data/DataNotYetUploadedToEDI/Raw_CTD/RawDownloads/053121_bvr50.cnv
* Sea-Bird SBE19plus  Data File:
* FileName = C:\R\Reservoirs\Data\DataNotYetUploadedToEDI\Raw_CTD\RawDownloads\053121_bvr50_0001.hex
* Software version 2.8.0.119
* Temperature SN = 7809
* Conductivity SN = 7809
* System UpLoad Time = May 31 2021 14:12:16
* <ApplicationData>
* <Seaterm232>
# nquan = 16
# nvalues = 1847                        
# units = specified
# name 0 = depFM: Depth [fresh water, m]
# name 1 = dz/dtM: Descent Rate [m/s]
# name 2 = orp: Oxidation Reduction Potential [mV]
# name 3 = sbeox0Mg/L: Oxygen, SBE 43 [mg/l]
# name 4 = sbeox0PS: Oxygen, SBE 43 [% saturation]
# name 5 = par/sat/log: PAR/Logarithmic, Satlantic
# name 6 = ph: pH
# name 7 = specc: Specific Conductance [uS/cm]
# name 8 = c0uS/cm: Conductivity [uS/cm]
# name 9 = flECO-AFL: Fluorescence, WET Labs ECO-AFL/FL [mg/m^3]
# name 10 = turbWETntu0: Turbidity, WET Labs ECO [NTU]
# name 11 = tv290C: Temperature [ITS-90, deg C]
# name 12 = density00: Density [density, kg/m^3]
# name 13 = prdE: Pressure, Strain Gauge [psi]
# name 14 = prdM: Pressure, Strain Gauge [db]
# name 15 = flag:  0.000e+00
# span 0 =     -0.653,     10.517       
# span 1 =     -0.348,      0.165       
# span 2 =   -24.7087,  1240.2290       
# span 3 =     1.0163,     9.8518       
# span 4 =      8.898,    106.755       
# span 5 = 5.2640e-01, 1.1179e+03       
# span 6 =     10.572,     16.015       
# span 7 =      1.767,     82.781       
# span 8 =   1.458195,  55.519764       
# span 9 =    -1.2994,    10.6506       
# span 10 =    -1.9313,   933.1017      
# span 11 =     8.5179,    20.6634      
# span 12 =   998.0777,   999.8975      
# span 13 =     -0.930,     14.959      
# span 14 =     -0.641,     10.314      
# span 15 = 0.0000e+00, 0.0000e+00      
# interval = seconds: 0.25
# start_time = May 30 2021 20:52:06 [Instrument's time stamp, header]
# bad_flag = -9.990e-29
*END*
[from data line 1176]
      9.284      0.060    44.2727     1.1736     10.143 1.6197e+00     16.012     61.818  41.693117     0.3114     0.9429     8.7212   999.8706     13.201      9.102 0.0000e+00
      9.307      0.060    43.8212     1.1707     10.140 1.5977e+00     16.012     62.027  41.828624     0.3017     0.9205     8.7181   999.8709     13.239      9.128 0.0000e+00
      9.331      0.063    43.3783     1.1906     10.181 1.5843e+00     16.012     62.325  42.022422     0.2955     0.9207     8.7089   999.8717     13.275      9.153 0.0000e+00
      9.352      0.069    42.9874     1.1930     10.211 1.5731e+00     16.011     62.871  42.384005     0.2954     0.9323     8.7033   999.8726     13.306      9.174 0.0000e+00
      9.371      0.074    42.5670     1.1898     10.200 1.5577e+00     16.010     63.624  42.884250     0.2879     0.9212     8.7034   999.8729     13.329      9.190 0.0000e+00
      9.389      0.078    42.0433     1.1803     10.177 1.5360e+00     16.010     64.384  43.385135     0.2655     0.8846     8.6943   999.8739     13.351      9.205 0.0000e+00
      9.409      0.080    41.4998     1.1802     10.181 1.5120e+00     16.011     65.013  43.792181     0.2437     0.8554     8.6769   999.8755     13.383      9.227 0.0000e+00
      9.428      0.080    40.9991     1.1947     10.206 1.4908e+00     16.013     65.469  44.080852     0.2368     0.8625     8.6617   999.8768     13.413      9.248 0.0000e+00
      9.446      0.078    40.4971     1.1942     10.208 1.4718e+00     16.013     65.760  44.261171     0.2414     0.8998     8.6496   999.8778     13.437      9.264 0.0000e+00
      9.462      0.075    39.9435     1.1853     10.177 1.4555e+00     16.013     65.933  44.365748     0.2484     0.9329     8.6403   999.8786     13.459      9.280 0.0000e+00
      9.477      0.072    39.3690     1.1800     10.147 1.4438e+00     16.013     66.034  44.424849     0.2480     0.9384     8.6343   999.8791     13.482      9.296 0.0000e+00
      9.489      0.068    38.8508     1.1786     10.149 1.4352e+00     16.014     66.085  44.454280     0.2295     0.9385     8.6305   999.8794     13.501      9.309 0.0000e+00
      9.497      0.063    38.3176     1.1875     10.182 1.4265e+00     16.014     66.121  44.475691     0.1894     0.9570     8.6292   999.8796     13.510      9.316 0.0000e+00
      9.504      0.057    37.6189     1.1966     10.213 1.4175e+00     16.013     66.157  44.498047     0.1433     0.9729     8.6290   999.8796     13.514      9.318 0.0000e+00
      9.514      0.051    36.7992     1.1915     10.217 1.4096e+00     16.013     66.159  44.498276     0.1147     0.9579     8.6273   999.8798     13.526      9.326 0.0000e+00
      9.526      0.046    35.9899     1.1915     10.196 1.4035e+00     16.013     66.107  44.462907     0.1062     0.9244     8.6256   999.8799     13.552      9.343 0.0000e+00
      9.535      0.042    35.1432     1.1862     10.152 1.3968e+00     16.013     66.031  44.412876     0.1049     0.9144     8.6271   999.8799     13.571      9.357 0.0000e+00
      9.540      0.038    34.1468     1.1753     10.095 1.3861e+00     16.012     65.991  44.388526     0.1071     0.9376     8.6306   999.8796     13.572      9.358 0.0000e+00
      9.542      0.033    33.1009     1.1691     10.051 1.3753e+00     16.012     66.022  44.412008     0.1151     0.9568     8.6334   999.8794     13.569      9.355 0.0000e+00
      9.543      0.029    32.2131     1.1652     10.044 1.3736e+00     16.012     66.077  44.449525     0.1235     0.9485     8.6345   999.8794     13.574      9.358 0.0000e+00
      9.544      0.024    31.4647     1.1745     10.078 1.3798e+00     16.012     66.082  44.453286     0.1201     0.9201     8.6333   999.8795     13.577      9.361 0.0000e+00
      9.547      0.019    30.7091     1.1827     10.127 1.3812e+00     16.013     66.052  44.432174     0.0996     0.8716     8.6317   999.8796     13.572      9.359 0.0000e+00
      9.557      0.017    30.0009     1.1901     10.150 1.3695e+00     16.014     66.073  44.446658     0.0741     0.8072     8.6321   999.8795     13.581      9.363 0.0000e+00
      9.576      0.019    29.4846     1.1824     10.133 1.3485e+00     16.014     66.251  44.567217     0.0605     0.7547     8.6339   999.8796     13.613      9.386 0.0000e+00
      9.600      0.027    29.1490     1.1732     10.099 1.3256e+00     16.014     66.618  44.814482     0.0605     0.7365     8.6357   999.8797     13.657      9.418 0.0000e+00
      9.621      0.039    28.8597     1.1786     10.064 1.3086e+00     16.015     67.036  45.093954     0.0692     0.7600     8.6339   999.8803     13.696      9.442 0.0000e+00
      9.636      0.050    28.4277     1.1681     10.020 1.3029e+00     16.015     67.295  45.263785     0.0843     0.8157     8.6290   999.8808     13.716      9.456 0.0000e+00
      9.642      0.057    27.7393     1.1575      9.988 1.2996e+00     16.014     67.338  45.287391     0.0983     0.8711     8.6242   999.8811     13.716      9.457 0.0000e+00
      9.647      0.059    26.9582     1.1644      9.998 1.2838e+00     16.014     67.289  45.250622     0.1059     0.9034     8.6202   999.8813     13.711      9.454 0.0000e+00
      9.658      0.057    26.3546     1.1712     10.039 1.2554e+00     16.013     67.305  45.260348     0.1081     0.9129     8.6198   999.8813     13.723      9.462 0.0000e+00
      9.679      0.055    25.9625     1.1776     10.082 1.2245e+00     16.013     67.477  45.376055     0.1067     0.9045     8.6225   999.8813     13.762      9.488 0.0000e+00
      9.706      0.054    25.6350     1.1834     10.102 1.1953e+00     16.013     67.811  45.599064     0.1057     0.8955     8.6235   999.8815     13.809      9.520 0.0000e+00
      9.733      0.057    25.2648     1.1747     10.107 1.1680e+00     16.013     68.204  45.857569     0.1091     0.9031     8.6186   999.8822     13.845      9.546 0.0000e+00
      9.758      0.065    24.8556     1.1775     10.121 1.1436e+00     16.013     68.488  46.039273     0.1145     0.9116     8.6088   999.8831     13.880      9.569 0.0000e+00
      9.780      0.075    24.4860     1.1902     10.137 1.1256e+00     16.013     68.600  46.106380     0.1133     0.8945     8.6005   999.8838     13.916      9.595 0.0000e+00
      9.798      0.083    24.1744     1.1827     10.127 1.1160e+00     16.013     68.629  46.120329     0.1017     0.8668     8.5977   999.8841     13.942      9.613 0.0000e+00
      9.812      0.087    23.8547     1.1773     10.089 1.1074e+00     16.013     68.664  46.141883     0.0869     0.8663     8.5979   999.8841     13.956      9.622 0.0000e+00
      9.822      0.084    23.4802     1.1750     10.034 1.0944e+00     16.013     68.727  46.183119     0.0744     0.8916     8.5972   999.8842     13.971      9.632 0.0000e+00
      9.829      0.075    22.9851     1.1589      9.979 1.0853e+00     16.013     68.802  46.233124     0.0614     0.9143     8.5962   999.8844     13.989      9.644 0.0000e+00
      9.832      0.062    22.3123     1.1576      9.950 1.0843e+00     16.013     68.842  46.259154     0.0475     0.9219     8.5963   999.8845     13.990      9.646 0.0000e+00
      9.834      0.048    21.6019     1.1630      9.954 1.0808e+00     16.013     68.815  46.240582     0.0395     0.9186     8.5961   999.8844     13.979      9.637 0.0000e+00
      9.843      0.038    21.0727     1.1612      9.970 1.0668e+00     16.013     68.815  46.240043     0.0432     0.9183     8.5947   999.8844     13.986      9.642 0.0000e+00
      9.862      0.034    20.7419     1.1689      9.984 1.0458e+00     16.013     68.960  46.335489     0.0557     0.9354     8.5937   999.8847     14.023      9.668 0.0000e+00
      9.885      0.036    20.4817     1.1655      9.988 1.0261e+00     16.013     69.200  46.494676     0.0666     0.9578     8.5931   999.8850     14.064      9.697 0.0000e+00
      9.907      0.043    20.1927     1.1631      9.989 1.0118e+00     16.013     69.383  46.614728     0.0673     0.9488     8.5908   999.8854     14.095      9.718 0.0000e+00
      9.924      0.051    19.7549     1.1693      9.995 1.0050e+00     16.013     69.436  46.647610     0.0665     0.9072     8.5877   999.8857     14.125      9.739 0.0000e+00
      9.933      0.058    19.0225     1.1669      9.995 1.0045e+00     16.013     69.411  46.628047     0.0806     0.8802     8.5862   999.8858     14.139      9.749 0.0000e+00
      9.935      0.060    18.1074     1.1668      9.983 1.0032e+00     16.013     69.382  46.607657     0.1056     0.8889     8.5856   999.8858     14.129      9.742 0.0000e+00
      9.938      0.057    17.3744     1.1629      9.964 9.9669e-01     16.013     69.391  46.612747     0.1236     0.9033     8.5849   999.8858     14.125      9.740 0.0000e+00
      9.947      0.050    16.9791     1.1588      9.953 9.8759e-01     16.013     69.437  46.643038     0.1210     0.8924     8.5843   999.8860     14.143      9.751 0.0000e+00
      9.958      0.042    16.7336     1.1621      9.959 9.7971e-01     16.013     69.492  46.679024     0.0958     0.8660     8.5840   999.8861     14.167      9.769 0.0000e+00
      9.968      0.035    16.4059     1.1653      9.973 9.7478e-01     16.013     69.539  46.710035     0.0653     0.8604     8.5835   999.8861     14.181      9.778 0.0000e+00
      9.974      0.030    15.9551     1.1668      9.982 9.7190e-01     16.013     69.587  46.740843     0.0524     0.8875     8.5823   999.8863     14.185      9.780 0.0000e+00
      9.980      0.028    15.4835     1.1644      9.984 9.6717e-01     16.013     69.632  46.768782     0.0597     0.9175     8.5807   999.8864     14.191      9.784 0.0000e+00
      9.987      0.029    15.0387     1.1664      9.980 9.5758e-01     16.012     69.660  46.786639     0.0748     0.9136     8.5796   999.8866     14.205      9.794 0.0000e+00
      9.993      0.030    14.5747     1.1660      9.967 9.4638e-01     16.012     69.674  46.795733     0.0882     0.8797     8.5798   999.8866     14.219      9.805 0.0000e+00
      9.997      0.030    14.0817     1.1589      9.942 9.3898e-01     16.012     69.675  46.797208     0.0970     0.8601     8.5806   999.8866     14.222      9.806 0.0000e+00
     10.000      0.027    13.6361     1.1592      9.912 9.3485e-01     16.012     69.653  46.782802     0.1005     0.8797     8.5811   999.8865     14.220      9.804 0.0000e+00
     10.004      0.023    13.2836     1.1524      9.881 9.3113e-01     16.012     69.605  46.751393     0.0888     0.9102     8.5807   999.8866     14.229      9.811 0.0000e+00
     10.009      0.020    12.9537     1.1479      9.861 9.2823e-01     16.013     69.565  46.724711     0.0588     0.9171     8.5803   999.8865     14.238      9.817 0.0000e+00
     10.016      0.020    12.5529     1.1530      9.853 9.2561e-01     16.013     69.539  46.707698     0.0313     0.9082     8.5812   999.8866     14.241      9.819 0.0000e+00
     10.024      0.020    12.1053     1.1465      9.857 9.2266e-01     16.012     69.487  46.674621     0.0231     0.9052     8.5824   999.8865     14.256      9.829 0.0000e+00
     10.032      0.021    11.6872     1.1509      9.882 9.2184e-01     16.012     69.435  46.641422     0.0316     0.9042     8.5839   999.8864     14.277      9.842 0.0000e+00
     10.037      0.022    11.2740     1.1613      9.920 9.2049e-01     16.012     69.459  46.658875     0.0528     0.8939     8.5853   999.8863     14.281      9.845 0.0000e+00
     10.039      0.023    10.8305     1.1627      9.940 9.1131e-01     16.011     69.559  46.727364     0.0800     0.8863     8.5861   999.8863     14.277      9.843 0.0000e+00
     10.043      0.023    10.3793     1.1651      9.914 8.9441e-01     16.011     69.673  46.804544     0.0995     0.8930     8.5867   999.8863     14.280      9.846 0.0000e+00
     10.051      0.023     9.9185     1.1472      9.850 8.7698e-01     16.012     69.768  46.868929     0.1110     0.9029     8.5871   999.8864     14.292      9.854 0.0000e+00
     10.063      0.024     9.5145     1.1361      9.797 8.6648e-01     16.012     69.866  46.933100     0.1315     0.9135     8.5871   999.8864     14.313      9.868 0.0000e+00
     10.076      0.027     9.2865     1.1406      9.796 8.6567e-01     16.011     69.973  47.002155     0.1635     0.9294     8.5845   999.8868     14.338      9.885 0.0000e+00
     10.086      0.029     9.1700     1.1477      9.832 8.6875e-01     16.011     70.063  47.058051     0.1869     0.9461     8.5800   999.8871     14.352      9.895 0.0000e+00
     10.091      0.031     9.0032     1.1566      9.869 8.6933e-01     16.011     70.109  47.085620     0.1896     0.9580     8.5769   999.8873     14.355      9.898 0.0000e+00
     10.096      0.033     8.7567     1.1544      9.881 8.6713e-01     16.012     70.109  47.083684     0.1826     0.9636     8.5758   999.8875     14.358      9.899 0.0000e+00
     10.101      0.033     8.4764     1.1574      9.855 8.6242e-01     16.012     70.094  47.074151     0.1827     0.9664     8.5770   999.8874     14.365      9.904 0.0000e+00
     10.109      0.032     8.1801     1.1425      9.798 8.5447e-01     16.012     70.105  47.083149     0.1905     0.9624     8.5794   999.8873     14.378      9.914 0.0000e+00
     10.118      0.030     7.8870     1.1306      9.752 8.4562e-01     16.012     70.137  47.105039     0.1886     0.9517     8.5799   999.8873     14.392      9.923 0.0000e+00
     10.126      0.028     7.6187     1.1374      9.749 8.3945e-01     16.013     70.163  47.122228     0.1661     0.9485     8.5786   999.8875     14.402      9.930 0.0000e+00
     10.134      0.027     7.3733     1.1406      9.775 8.3304e-01     16.013     70.191  47.140821     0.1359     0.9635     8.5778   999.8875     14.413      9.936 0.0000e+00
     10.144      0.028     7.1734     1.1479      9.796 8.2354e-01     16.012     70.250  47.179774     0.1189     0.9917     8.5780   999.8876     14.427      9.947 0.0000e+00
     10.153      0.030     7.0308     1.1447      9.796 8.1768e-01     16.012     70.331  47.233516     0.1182     1.0081     8.5781   999.8877     14.443      9.958 0.0000e+00
     10.160      0.031     6.8632     1.1410      9.786 8.1814e-01     16.012     70.387  47.270544     0.1210     0.9905     8.5765   999.8879     14.455      9.966 0.0000e+00
     10.163      0.031     6.6121     1.1391      9.790 8.1972e-01     16.012     70.387  47.269922     0.1179     0.9525     8.5753   999.8880     14.457      9.967 0.0000e+00
     10.163      0.029     6.3116     1.1470      9.813 8.2186e-01     16.012     70.347  47.243891     0.1118     0.9285     8.5764   999.8878     14.455      9.966 0.0000e+00
     10.164      0.024     5.9621     1.1518      9.832 8.2231e-01     16.011     70.315  47.223136     0.1099     0.9300     8.5784   999.8877     14.456      9.967 0.0000e+00
     10.166      0.019     5.5399     1.1445      9.841 8.1434e-01     16.011     70.315  47.224186     0.1118     0.9310     8.5793   999.8876     14.457      9.968 0.0000e+00
     10.170      0.015     5.0915     1.1535      9.846 8.0152e-01     16.011     70.346  47.245000     0.1122     0.9090     8.5786   999.8877     14.463      9.972 0.0000e+00
     10.177      0.014     4.6824     1.1517      9.834 7.9316e-01     16.011     70.410  47.285303     0.1089     0.8861     8.5773   999.8878     14.473      9.979 0.0000e+00
     10.187      0.014     4.3265     1.1423      9.797 7.8605e-01     16.012     70.515  47.353106     0.1072     0.8967     8.5746   999.8881     14.484      9.987 0.0000e+00
     10.201      0.018     4.0219     1.1422      9.742 7.7175e-01     16.012     70.671  47.454302     0.1180     0.9302     8.5714   999.8886     14.504     10.000 0.0000e+00
     10.218      0.025     3.7910     1.1274      9.682 7.5396e-01     16.011     70.863  47.580204     0.1435     0.9522     8.5694   999.8888     14.534     10.021 0.0000e+00
