Data/DataNotYetUploadedToEDI/Raw_CTD/RawDownloads/053122_bvr01_0002.cnv
* Sea-Bird SBE19plus  Data File:
* FileName = C:\R\Reservoirs\Data\DataNotYetUploadedToEDI\Raw_CTD\RawDownloads\053122_bvr01_0002.hex
* Software version 2.8.0.119
* Temperature SN = 7809
* Conductivity SN = 7809
* System UpLoad Time = Jun 07 2022 07:55:34
* <ApplicationData>
* <Seaterm232>
# nquan = 15
# nvalues = 1037                        
# units = specified
# name 0 = depFM: Depth [fresh water, m]
# name 1 = dz/dtM: Descent Rate [m/s]
# name 2 = sbeox0Mg/L: Oxygen, SBE 43 [mg/l]
# name 3 = sbeox0PS: Oxygen, SBE 43 [% saturation]
# name 4 = specc: Specific Conductance [uS/cm]
# name 5 = c0uS/cm: Conductivity [uS/cm]
# name 6 = flECO-AFL: Fluorescence, WET Labs ECO-AFL/FL [mg/m^3]
# name 7 = ph: pH
# name 8 = orp: Oxidation Reduction Potential [mV]
# name 9 = par/sat/log: PAR/Logarithmic, Satlantic
# name 10 = turbWETntu0: Turbidity, WET Labs ECO [NTU]
# name 11 = prdM: Pressure, Strain Gauge [db]
# name 12 = prdE: Pressure, Strain Gauge [psi]
# name 13 = tv290C: Temperature [ITS-90, deg C]
# name 14 = flag:  0.000e+00
# span 0 =     -0.705,      3.634       
# span 1 =     -0.302,      0.109       
# span 2 =     2.6857,     8.5676       
# span 3 =     27.250,     95.292       
# span 4 =      0.294,     28.753       
# span 5 =   0.308970,  27.026068       
# span 6 =    -1.8961,     7.2062       
# span 7 =     -2.266,      9.098       
# span 8 = -1240.7455,   340.4318       
# span 9 = 4.7478e+00, 2.5862e+03       
# span 10 =    -7.7586,    10.6005      
# span 11 =     -0.692,      3.564      
# span 12 =     -1.005,      5.170      
# span 13 =    15.1894,    27.5582      
# span 14 = 0.0000e+00, 0.0000e+00      
# interval = seconds: 0.25
# start_time = May 31 2022 08:14:25 [Instrument's time stamp, header]
# bad_flag = -9.990e-29
*END*
[from data line 772]
      3.479      0.045     3.8166     35.650     28.399  23.070339     0.9722      7.654   240.1500 5.8591e+00     3.9509      3.413      4.949    15.7112 0.0000e+00
      3.489      0.045     3.7503     35.022     28.339  23.021190     1.0031      7.651   240.2719 5.8038e+00     3.9440      3.420      4.961    15.6576 0.0000e+00
      3.499      0.043     3.6861     34.491     28.328  22.994707     1.0440      7.648   240.3426 5.7173e+00     3.9230      3.431      4.976    15.6211 0.0000e+00
      3.510      0.039     3.6164     34.084     28.378  23.003602     1.0674      7.645   240.3162 5.6369e+00     3.9018      3.442      4.992    15.6035 0.0000e+00
      3.522      0.035     3.5452     33.815     28.408  23.001957     1.0854      7.643   240.2981 5.5605e+00     3.9268      3.454      5.009    15.6143 0.0000e+00
      3.533      0.033     3.4805     33.679     28.388  22.974780     1.0960      7.641   240.2955 5.5069e+00     3.9177      3.466      5.027    15.6291 0.0000e+00
      3.539      0.034     3.4292     33.608     28.332  22.928490     1.0879      7.638   241.3175 5.4992e+00     3.7917      3.472      5.037    15.5936 0.0000e+00
      3.542      0.035     3.3936     33.492     28.291  22.885880     1.0865      7.636   242.5871 5.4998e+00     3.7015      3.474      5.039    15.5230 0.0000e+00
      3.547      0.035     3.3703     33.293     28.346  22.903167     1.0868      7.634   241.8809 5.4551e+00     3.7150      3.475      5.040    15.4681 0.0000e+00
      3.559      0.034     3.3596     33.022     28.439  22.947354     1.0092      7.632   240.7807 5.3637e+00     3.7161      3.487      5.057    15.4542 0.0000e+00
      3.576      0.033     3.3579     32.682     28.494  22.976503     0.8642      7.627   240.9861 5.2835e+00     3.6807      3.510      5.090    15.4670 0.0000e+00
      3.588      0.030     3.3472     32.317     28.520  23.002089     0.7979      7.622   241.3524 5.2515e+00     3.6969      3.522      5.108    15.4577 0.0000e+00
      3.592      0.025     3.3300     31.950     28.503  23.003243     0.8153      7.618   240.7360 5.2379e+00     3.7415      3.522      5.109    15.4002 0.0000e+00
      3.593      0.019     3.3094     31.568     28.463  22.990474     0.8327      7.614   239.5552 5.2154e+00     3.6729      3.524      5.111    15.3296 0.0000e+00
      3.596      0.016     3.2745     31.221     28.414  22.974466     0.8417      7.611   238.6050 5.2005e+00     3.5163      3.526      5.115    15.3001 0.0000e+00
      3.599      0.017     3.2356     30.995     28.348  22.936462     0.8417      7.609   238.1093 5.2018e+00     3.4542      3.529      5.120    15.3160 0.0000e+00
      3.601      0.020     3.1993     30.916     28.334  22.911221     0.8490      7.605   237.9508 5.1947e+00     3.4686      3.532      5.122    15.3462 0.0000e+00
      3.606      0.021     3.1563     30.960     28.398  22.922747     0.8551      7.600   237.8068 5.1256e+00     3.4853      3.534      5.125    15.3778 0.0000e+00
      3.616      0.021     3.1144     31.071     28.474  22.949034     0.8320      7.595   237.6586 5.0223e+00     3.4850      3.546      5.142    15.4258 0.0000e+00
      3.626      0.019     3.0879     31.165     28.519  22.975526     0.8031      7.591   237.6216 4.9828e+00     3.4318      3.560      5.162    15.4747 0.0000e+00
      3.631      0.016     3.0829     31.140     28.525  22.989560     0.7894      7.587   237.6175 4.9863e+00     3.4219      3.562      5.167    15.4484 0.0000e+00
      3.632      0.011     3.0960     30.926     28.510  22.991988     0.7903      7.582   237.5226 4.9822e+00     3.4684      3.562      5.166    15.3481 0.0000e+00
      3.632      0.006     3.1144     30.529     28.509  23.004889     0.7968      7.578   237.4208 4.9747e+00     3.4804      3.563      5.167    15.2746 0.0000e+00
      3.632      0.002     3.1293     30.040     28.514  23.018828     0.7936      7.574   237.4191 4.9664e+00     3.4651      3.562      5.167    15.2660 0.0000e+00
      3.633      0.001     3.1269     29.555     28.525  23.033798     0.7848      7.571   237.4164 4.9575e+00     3.4540      3.563      5.167    15.2902 0.0000e+00
      3.633      0.001     3.1048     29.119     28.552  23.059148     0.7908      7.567   237.3011 4.9451e+00     3.4489      3.563      5.168    15.3179 0.0000e+00
      3.633      0.000     3.0584     28.776     28.567  23.071840     0.8075      7.564   237.1438 4.9166e+00     3.4379      3.563      5.168    15.3460 0.0000e+00
      3.633 1.8693e-08     3.0043     28.557     28.549  23.060519     0.8039      7.560   237.0634 4.8800e+00     3.4231      3.563      5.168    15.3639 0.0000e+00
      3.633 2.0562e-07     2.9555     28.496     28.524  23.049007     0.7885      7.556   237.0172 4.8674e+00     3.4410      3.563      5.168    15.3695 0.0000e+00
      3.633 2.0562e-07     2.9082     28.596     28.524  23.059405     0.7964      7.552   236.9301 4.8757e+00     3.4839      3.563      5.168    15.3802 0.0000e+00
      3.633 1.8693e-08     2.8741     28.797     28.513  23.059508     0.8249      7.548   237.0419 4.8763e+00     3.5310      3.563      5.168    15.3771 0.0000e+00
      3.633 1.6994e-09     2.8504     29.037     28.494  23.050271     0.8495      7.544   237.2499 4.8486e+00     3.6009      3.563      5.168    15.3770 0.0000e+00
      3.633 1.5449e-10     2.8423     29.272     28.520  23.074466     0.8520      7.540   237.2093 4.8136e+00     3.6801      3.563      5.168    15.3989 0.0000e+00
      3.634 1.4044e-11     2.8539     29.455     28.545  23.098566     0.8471      7.538   237.0671 4.8014e+00     3.7371      3.563      5.168    15.4191 0.0000e+00
      3.634 1.2764e-12     2.8758     29.597     28.524  23.088176     0.8570      7.535   237.0796 4.7955e+00     3.7438      3.563      5.168    15.4359 0.0000e+00
      3.634 1.1247e-13     2.8989     29.738     28.506  23.075597     0.8636      7.532   237.1878 4.7809e+00     3.6924      3.564      5.169    15.4454 0.0000e+00
      3.634 -2.906e-14     2.9262     29.877     28.512  23.073218     0.8517      7.528   237.2564 4.7656e+00     3.6629      3.563      5.168    15.4475 0.0000e+00
      3.634 -4.348e-13     2.9427     30.007     28.512  23.059404     0.8468      7.525   237.3933 4.7590e+00     3.6940      3.564      5.168    15.4546 0.0000e+00
      3.634 -4.793e-12     2.9534     30.115     28.498  23.035294     0.8544      7.522   237.5514 4.7628e+00     3.6925      3.563      5.169    15.4702 0.0000e+00
      3.634 -5.273e-11     2.9684     30.190     28.512  23.035180     0.8683      7.519   237.7064 4.7668e+00     3.6454      3.564      5.168    15.4794 0.0000e+00
      3.634 -5.800e-10     2.9823     30.210     28.554  23.058016     0.8986      7.516   237.9765 4.7667e+00     3.5683      3.563      5.169    15.4639 0.0000e+00
      3.634 -6.380e-09     2.9987     30.160     28.570  23.057904     0.9123      7.514   238.1500 4.7646e+00     3.4773      3.564      5.168    15.4333 0.0000e+00
      3.634 -7.018e-08     3.0109     30.090     28.564  23.033805     0.9095      7.511   238.1698 4.7570e+00     3.5019      3.564      5.169    15.4091 0.0000e+00
      3.634 -7.720e-07     3.0201     30.044     28.575  23.020105     0.9310      7.508   238.2153 4.7566e+00     3.6268      3.564      5.169    15.3915 0.0000e+00
      3.634     -0.000     3.0252     30.008     28.594  23.018975     0.9561      7.505   238.3564 4.7653e+00     3.7225      3.563      5.168    15.3744 0.0000e+00
      3.634     -0.000     3.0184     29.953     28.604  23.020122     0.9629      7.502   238.5858 4.7615e+00     3.7716      3.564      5.169    15.3537 0.0000e+00
      3.634     -0.001     3.0114     29.815     28.628  23.033969     0.9636      7.498   239.3537 4.7478e+00     3.7766      3.563      5.168    15.3199 0.0000e+00
      3.634     -0.006     3.0119     29.575     28.672  23.059651     0.9564      7.496   241.0154 4.7495e+00     3.7491      3.563      5.168    15.2715 0.0000e+00
      3.634     -0.019     3.0098     29.266     28.702  23.077135     0.9425      7.495   242.7596 4.7626e+00     3.7115      3.564      5.170    15.2387 0.0000e+00
      3.634     -0.038     3.0088     28.902     28.739  23.118613     0.9281      7.493   243.9237 4.7799e+00     3.6641      3.563      5.169    15.2346 0.0000e+00
      3.630     -0.054     2.9955     28.483     28.753  23.180930     0.9238      7.490   244.6798 4.8910e+00     3.6885      3.564      5.168    15.2307 0.0000e+00
      3.613     -0.061     2.9705     28.028     28.666  23.196946     0.9577      7.487   245.1908 5.1735e+00     3.9038      3.552      5.152    15.2091 0.0000e+00
      3.578     -0.059     2.9408     27.598     28.552  23.185622     1.0048      7.483   245.3702 5.4977e+00     4.2176      3.509      5.090    15.1894 0.0000e+00
      3.543     -0.048     2.9043     27.282     28.470  23.170867     1.0190      7.478   245.3003 5.6778e+00     4.4088      3.464      5.025    15.1895 0.0000e+00
      3.530     -0.032     2.8568     27.250     28.412  23.145350     1.0214      7.474   245.3773 5.6941e+00     4.4383      3.453      5.008    15.2750 0.0000e+00
      3.537     -0.012     2.7967     27.680     28.406  23.130615     1.0507      7.471   245.6128 5.6399e+00     4.3700      3.466      5.027    15.4678 0.0000e+00
      3.550      0.003     2.7429     28.582     28.425  23.119436     1.0898      7.468   245.8252 5.5944e+00     4.2656      3.484      5.053    15.6215 0.0000e+00
      3.559      0.002     2.7005     29.793     28.470  23.136886     1.0945      7.467   246.0526 5.5500e+00     4.2016      3.491      5.064    15.7055 0.0000e+00
      3.564     -0.020     2.6857     31.078     28.560  23.214833     1.0833      7.466   246.1250 5.5025e+00     4.2105      3.496      5.070    15.7518 0.0000e+00
      3.564     -0.056     2.7306     32.213     28.629  23.301433     1.0869      7.463   246.0125 5.5406e+00     4.2370      3.500      5.076    15.7220 0.0000e+00
      3.552     -0.093     2.8304     33.078     28.641  23.360144     1.1128      7.460   245.8964 5.7486e+00     4.3168      3.491      5.063    15.6569 0.0000e+00
      3.517     -0.126     2.9618     33.671     28.644  23.417788     1.1629      7.457   245.6671 6.1028e+00     4.4927      3.456      5.012    15.6169 0.0000e+00
      3.465     -0.154     3.0986     34.006     28.667  23.491478     1.2019      7.453   245.2192 6.5003e+00     4.6210      3.398      4.929    15.6185 0.0000e+00
      3.410     -0.175     3.2114     34.134     28.677  23.554085     1.2095      7.450   244.6972 6.8436e+00     4.6727      3.337      4.841    15.6798 0.0000e+00
      3.365     -0.183     3.2894     34.216     28.669  23.604470     1.2145      7.447   244.2606 7.1559e+00     4.6391      3.297      4.783    15.7750 0.0000e+00
      3.324     -0.174     3.3409     34.400     28.660  23.657134     1.2210      7.442   243.8976 7.5612e+00     4.4884      3.265      4.735    15.8731 0.0000e+00
      3.274     -0.154     3.3672     34.742     28.623  23.683929     1.2130      7.437   243.5781 8.0465e+00     4.3540      3.213      4.660    15.9724 0.0000e+00
      3.224     -0.128     3.3655     35.260     28.548  23.675016     1.2174      7.433   243.3229 8.4445e+00     4.3461      3.156      4.577    16.0600 0.0000e+00
      3.189     -0.099     3.3611     35.943     28.490  23.676173     1.3153      7.430   243.2206 8.6306e+00     4.3925      3.119      4.524    16.1593 0.0000e+00
      3.172     -0.067     3.3702     36.735     28.468  23.697986     1.4806      7.427   243.4601 8.6786e+00     4.4026      3.107      4.506    16.2717 0.0000e+00
      3.166     -0.033     3.3959     37.552     28.425  23.685311     1.5597      7.425   243.8092 8.7173e+00     4.3996      3.105      4.504    16.3727 0.0000e+00
      3.165     -0.006     3.4402     38.354     28.382  23.649687     1.5649      7.422   243.8275 8.7130e+00     4.4257      3.103      4.501    16.4634 0.0000e+00
      3.170      0.007     3.5018     39.108     28.399  23.647509     1.7259      7.419   243.6817 8.6170e+00     4.5811      3.106      4.504    16.5536 0.0000e+00
      3.181      0.004     3.5777     39.793     28.431  23.658949     2.0339      7.418   243.6804 8.4891e+00     4.8094      3.118      4.522    16.6292 0.0000e+00
      3.193     -0.012     3.6542     40.443     28.441  23.661245     2.1933      7.417   243.8119 8.4159e+00     4.8970      3.135      4.548    16.6744 0.0000e+00
      3.195     -0.037     3.7331     41.067     28.455  23.675269     2.2214      7.415   244.0680 8.4464e+00     4.8885      3.139      4.552    16.6739 0.0000e+00
      3.182     -0.062     3.8126     41.576     28.475  23.701768     2.4316      7.414   244.3678 8.6155e+00     4.8435      3.125      4.532    16.6277 0.0000e+00
      3.157     -0.082     3.8791     41.930     28.485  23.728155     2.8127      7.411   244.5111 8.9721e+00     4.7291      3.102      4.498    16.5950 0.0000e+00
      3.119     -0.088     3.9417     42.195     28.475  23.740837     3.0163      7.409   244.5096 9.4243e+00     4.6328      3.061      4.440    16.5887 0.0000e+00
      3.079     -0.079     4.0069     42.373     28.435  23.728388     3.0209      7.408   244.6077 9.7291e+00     4.6023      3.013      4.370    16.5929 0.0000e+00
      3.054     -0.059     4.0583     42.457     28.387  23.704408     3.0265      7.405   244.9236 9.8142e+00     4.5986      2.987      4.332    16.6117 0.0000e+00
      3.047     -0.032     4.0834     42.486     28.372  23.704418     3.1924      7.403   245.3178 9.7677e+00     4.5537      2.983      4.327    16.6426 0.0000e+00
      3.052     -0.007     4.1077     42.465     28.387  23.728511     3.4953      7.401   245.6743 9.6179e+00     4.4693      2.991      4.338    16.6860 0.0000e+00
      3.063      0.010     4.1235     42.453     28.387  23.742231     3.6509      7.399   245.9641 9.4339e+00     4.4323      3.003      4.356    16.7230 0.0000e+00
      3.073      0.010     4.1245     42.504     28.372  23.743580     3.6417      7.398   246.1546 9.3394e+00     4.4482      3.014      4.372    16.7507 0.0000e+00
      3.079     -0.006     4.1288     42.595     28.360  23.744846     3.5174      7.398   246.2571 9.3369e+00     4.5247      3.020      4.381    16.7727 0.0000e+00
      3.081     -0.032     4.1216     42.740     28.364  23.757545     3.2962      7.397   246.3434 9.3585e+00     4.6400      3.023      4.385    16.7893 0.0000e+00
      3.076     -0.062     4.1147     42.961     28.368  23.770385     3.1651      7.397   246.5093 9.5000e+00     4.6800      3.024      4.385    16.8155 0.0000e+00
      3.053     -0.089     4.1208     43.196     28.360  23.773355     3.1393      7.397   246.6281 9.8168e+00     4.6666      3.000      4.350    16.8429 0.0000e+00
      3.016     -0.111     4.1271     43.416     28.374  23.793472     3.1091      7.398   246.4899 1.0202e+01     4.6837      2.956      4.287    16.8603 0.0000e+00
      2.976     -0.125     4.1367     43.643     28.396  23.823505     3.0494      7.398   246.2146 1.0633e+01     4.7164      2.917      4.231    16.8755 0.0000e+00
      2.939     -0.129     4.1614     43.863     28.374  23.819628     3.0003      7.397   245.8811 1.1046e+01     4.7202      2.882      4.180    16.8927 0.0000e+00
      2.903     -0.129     4.1839     44.062     28.347  23.809989     2.9804      7.397   245.6410 1.1387e+01     4.6949      2.846      4.128    16.9107 0.0000e+00
      2.873     -0.130     4.2010     44.234     28.352  23.833726     3.0512      7.397   245.7200 1.1664e+01     4.6836      2.813      4.081    16.9213 0.0000e+00
      2.850     -0.135     4.2240     44.389     28.330  23.853157     3.2147      7.398   245.8897 1.1912e+01     4.6869      2.794      4.053    16.9404 0.0000e+00
