Data/DataNotYetUploadedToEDI/Raw_CTD/RawDownloads/053121_fcr50.cnv
* Sea-Bird SBE19plus  Data File:
* FileName = C:\R\Reservoirs\Data\DataNotYetUploadedToEDI\Raw_CTD\RawDownloads\053121_bvr50_0002.hex
* Software version 2.8.0.119
* Temperature SN = 7809
* Conductivity SN = 7809
* System UpLoad Time = May 31 2021 14:12:44
* <ApplicationData>
* <Seaterm232>
# nquan = 16
# nvalues = 1031                        
# units = specified
# name 0 = depFM: Depth [fresh water, m]
# name 1 = dz/dtM: Descent Rate [m/s]
# name 2 = orp: Oxidation Reduction Potential [mV]
# name 3 = sbeox0Mg/L: Oxygen, SBE 43 [mg/l]
# name 4 = sbeox0PS: Oxygen, SBE 43 [% saturation]
# name 5 = par/sat/log: PAR/Logarithmic, Satlantic
# name 6 = ph: pH
# name 7 = specc: Specific Conductance [uS/cm]
# name 8 = c0uS/cm: Conductivity [uS/cm]
# name 9 = flECO-AFL: Fluorescence, WET Labs ECO-AFL/FL [mg/m^3]
# name 10 = turbWETntu0: Turbidity, WET Labs ECO [NTU]
# name 11 = tv290C: Temperature [ITS-90, deg C]
# name 12 = density00: Density [density, kg/m^3]
# name 13 = prdE: Pressure, Strain Gauge [psi]
# name 14 = prdM: Pressure, Strain Gauge [db]
# name 15 = flag:  0.000e+00
# span 0 =     -0.563,      9.808       
# span 1 =     -0.338,      0.165       
# span 2 = -1240.7455,   250.2211       
# span 3 =     0.8968,    14.0669       
# span 4 =      7.725,    147.634       
# span 5 = 1.2360e-01, 1.2115e+03       
# span 6 =      7.820,     16.027       
# span 7 =      0.638,    152.507       
# span 8 =   0.543973, 101.353028       
# span 9 =    -1.7340,    13.4180       
# span 10 =    -6.3869,   853.3051      
# span 11 =     8.1305,    21.1655      
# span 12 =   997.9754,   999.9396      
# span 13 =     -0.801,     13.951      
# span 14 =     -0.552,      9.619      
# span 15 = 0.0000e+00, 0.0000e+00      
# interval = seconds: 0.25
# start_time = May 30 2021 22:50:38 [Instrument's time stamp, header]
# bad_flag = -9.990e-29
*END*
[from data line 633]
      7.978      0.064    11.0033     1.0895      9.291 1.2364e-01     16.022     49.344  32.876612    -0.4780     2.8847     8.3121   999.8878     11.353      7.828 0.0000e+00
      7.993      0.066    11.3549     1.0805      9.275 1.2364e-01     16.022     49.445  32.944930    -0.4820     2.8862     8.3144   999.8878     11.373      7.841 0.0000e+00
      8.005      0.066    12.2634     1.0906      9.321 1.2368e-01     16.022     49.411  32.922860    -0.4805     2.8986     8.3138   999.8879     11.386      7.851 0.0000e+00
      8.017      0.065    13.4584     1.1104      9.392 1.2373e-01     16.022     49.282  32.837047    -0.4766     2.9261     8.3121   999.8879     11.400      7.860 0.0000e+00
      8.032      0.064    14.3865     1.1208      9.397 1.2377e-01     16.022     49.234  32.805637    -0.4727     2.9491     8.3133   999.8879     11.421      7.874 0.0000e+00
      8.050      0.062    14.6999     1.0949      9.297 1.2379e-01     16.022     49.381  32.904793    -0.4684     2.9413     8.3171   999.8878     11.449      7.893 0.0000e+00
      8.069      0.060    14.5270     1.0665      9.169 1.2381e-01     16.022     49.691  33.111700    -0.4674     2.9093     8.3179   999.8879     11.480      7.915 0.0000e+00
      8.086      0.060    14.1908     1.0613      9.117 1.2382e-01     16.022     50.049  33.347421    -0.4630     2.8816     8.3138   999.8885     11.506      7.934 0.0000e+00
      8.099      0.060    13.8310     1.0689      9.179 1.2382e-01     16.022     50.351  33.544771    -0.4403     2.8697     8.3091   999.8889     11.520      7.943 0.0000e+00
      8.112      0.060    13.4283     1.0990      9.306 1.2380e-01     16.022     50.607  33.711759    -0.4089     2.8672     8.3052   999.8893     11.531      7.950 0.0000e+00
      8.127      0.061    13.0427     1.1168      9.401 1.2377e-01     16.022     50.922  33.918964    -0.3937     2.8598     8.3020   999.8896     11.556      7.968 0.0000e+00
      8.144      0.061    12.7727     1.1135      9.396 1.2374e-01     16.022     51.323  34.184347    -0.4011     2.8525     8.3005   999.8900     11.590      7.991 0.0000e+00
      8.156      0.060    12.5893     1.0979      9.295 1.2374e-01     16.022     51.656  34.404340    -0.4222     2.8688     8.2998   999.8904     11.609      8.005 0.0000e+00
      8.163      0.056    12.4047     1.0701      9.157 1.2374e-01     16.021     51.768  34.478155    -0.4472     2.8895     8.2987   999.8905     11.611      8.006 0.0000e+00
      8.170      0.051    12.1456     1.0578      9.058 1.2373e-01     16.021     51.778  34.484250    -0.4655     2.8805     8.2974   999.8904     11.610      8.005 0.0000e+00
      8.185      0.049    11.7886     1.0544      9.039 1.2372e-01     16.021     51.984  34.621420    -0.4711     2.8751     8.2976   999.8906     11.629      8.018 0.0000e+00
      8.209      0.050    11.4359     1.0667      9.089 1.2373e-01     16.021     52.556  35.002521    -0.4667     2.9211     8.2989   999.8908     11.672      8.048 0.0000e+00
      8.237      0.055    11.1863     1.0840      9.149 1.2373e-01     16.022     53.454  35.600223    -0.4584     2.9856     8.2988   999.8912     11.721      8.082 0.0000e+00
      8.262      0.061    10.9948     1.0815      9.162 1.2371e-01     16.022     54.464  36.271462    -0.4529     3.0025     8.2972   999.8920     11.756      8.105 0.0000e+00
      8.284      0.069    10.7385     1.0741      9.127 1.2368e-01     16.022     55.299  36.824698    -0.4560     2.9738     8.2941   999.8927     11.780      8.122 0.0000e+00
      8.307      0.079    10.3151     1.0638      9.087 1.2369e-01     16.022     55.863  37.196924    -0.4657     2.9319     8.2909   999.8930     11.813      8.145 0.0000e+00
      8.331      0.088     9.7981     1.0621      9.081 1.2372e-01     16.022     56.265  37.461340    -0.4725     2.8616     8.2885   999.8935     11.854      8.173 0.0000e+00
      8.353      0.093     9.3914     1.0724      9.109 1.2371e-01     16.022     56.591  37.675537    -0.4725     2.7582     8.2856   999.8938     11.887      8.196 0.0000e+00
      8.372      0.093     9.1297     1.0797      9.130 1.2368e-01     16.023     56.853  37.846501    -0.4709     2.6721     8.2826   999.8941     11.910      8.212 0.0000e+00
      8.388      0.089     8.8984     1.0746      9.112 1.2368e-01     16.024     57.018  37.952713    -0.4705     2.6434     8.2795   999.8946     11.929      8.225 0.0000e+00
      8.404      0.083     8.6248     1.0639      9.068 1.2369e-01     16.024     57.080  37.992100    -0.4684     2.6625     8.2767   999.8948     11.950      8.239 0.0000e+00
      8.421      0.078     8.2816     1.0609      9.028 1.2370e-01     16.023     57.257  38.109490    -0.4657     2.6855     8.2761   999.8948     11.976      8.257 0.0000e+00
      8.440      0.074     7.9016     1.0581      9.001 1.2373e-01     16.022     57.919  38.551803    -0.4673     2.6816     8.2790   999.8949     12.004      8.277 0.0000e+00
      8.458      0.071     7.5906     1.0571      8.977 1.2376e-01     16.021     59.131  39.360284    -0.4721     2.6616     8.2817   999.8955     12.030      8.294 0.0000e+00
      8.475      0.069     7.4247     1.0524      8.956 1.2376e-01     16.021     60.601  40.339645    -0.4745     2.6531     8.2814   999.8961     12.053      8.310 0.0000e+00
      8.493      0.068     7.3516     1.0470      8.952 1.2374e-01     16.022     62.156  41.374084    -0.4706     2.6639     8.2804   999.8967     12.080      8.329 0.0000e+00
      8.512      0.069     7.2423     1.0563      8.977 1.2371e-01     16.022     63.810  42.474533    -0.4629     2.6666     8.2803   999.8974     12.108      8.348 0.0000e+00
      8.530      0.070     7.0645     1.0632      9.005 1.2370e-01     16.022     65.506  43.602437    -0.4604     2.6113     8.2804   999.8981     12.135      8.367 0.0000e+00
      8.546      0.070     6.9145     1.0612      9.010 1.2369e-01     16.022     67.061  44.635479    -0.4666     2.4693     8.2786   999.8990     12.158      8.383 0.0000e+00
      8.558      0.068     6.8479     1.0565      9.003 1.2369e-01     16.022     68.276  45.441664    -0.4741     2.3006     8.2754   999.8996     12.175      8.394 0.0000e+00
      8.568      0.065     6.7923     1.0577      9.003 1.2369e-01     16.022     69.078  45.974676    -0.4737     2.2102     8.2737   999.8999     12.187      8.403 0.0000e+00
      8.579      0.060     6.6293     1.0632      9.001 1.2369e-01     16.022     69.398  46.189326    -0.4657     2.2050     8.2748   999.9002     12.198      8.410 0.0000e+00
      8.594      0.056     6.2870     1.0586      8.970 1.2368e-01     16.021     69.177  46.045855    -0.4597     2.2116     8.2785   999.9001     12.216      8.423 0.0000e+00
      8.615      0.055     5.7905     1.0480      8.910 1.2368e-01     16.021     69.677  46.384041    -0.4612     2.1872     8.2837   999.8986     12.249      8.445 0.0000e+00
      8.639      0.057     5.2650     1.0363      8.851 1.2367e-01     16.021     73.477  48.921946    -0.4668     2.1356     8.2855   999.8994     12.290      8.474 0.0000e+00
      8.661      0.062     4.8296     1.0334      8.825 1.2363e-01     16.021     80.539  53.640565    -0.4692     2.0783     8.2893   999.9042     12.328      8.500 0.0000e+00
      8.677      0.067     4.4445     1.0390      8.826 1.2360e-01     16.021     87.033  57.992731    -0.4630     2.0254     8.3090   999.9061     12.349      8.514 0.0000e+00
      8.690      0.070     3.9624     1.0392      8.824 1.2363e-01     16.020     90.438  60.296953    -0.4540     1.9769     8.3368   999.9042     12.359      8.521 0.0000e+00
      8.702      0.071     3.3334     1.0333      8.809 1.2369e-01     16.019     92.047  61.402875    -0.4543     1.9352     8.3563   999.9031     12.372      8.530 0.0000e+00
      8.717      0.070     2.6274     1.0294      8.794 1.2372e-01     16.019     93.679  62.518537    -0.4627     1.8960     8.3679   999.9032     12.395      8.546 0.0000e+00
      8.735      0.067     1.9124     1.0320      8.793 1.2373e-01     16.018     95.338  63.646218    -0.4695     1.8570     8.3782   999.9036     12.424      8.566 0.0000e+00
      8.754      0.064     1.1997     1.0318      8.802 1.2376e-01     16.018     96.051  64.136830    -0.4701     1.8167     8.3881   999.9037     12.453      8.587 0.0000e+00
      8.771      0.062     0.4750     1.0325      8.813 1.2377e-01     16.018     95.599  63.841854    -0.4646     1.7724     8.3928   999.9026     12.480      8.605 0.0000e+00
      8.786      0.062    -0.3176     1.0382      8.815 1.2376e-01     16.018     95.065  63.483141    -0.4565     1.7282     8.3899   999.9022     12.501      8.618 0.0000e+00
      8.797      0.062    -1.2551     1.0324      8.798 1.2372e-01     16.019     95.241  63.593183    -0.4519     1.6817     8.3831   999.9034     12.513      8.628 0.0000e+00
      8.808      0.061    -2.2836     1.0273      8.768 1.2369e-01     16.019     95.617  63.835286    -0.4569     1.6408     8.3772   999.9040     12.524      8.635 0.0000e+00
      8.823      0.060    -3.3688     1.0295      8.726 1.2370e-01     16.019     95.606  63.818085    -0.4700     1.6398     8.3754   999.9040     12.543      8.648 0.0000e+00
      8.841      0.058    -4.7040     1.0147      8.672 1.2373e-01     16.019     95.236  63.556206    -0.4788     1.6812     8.3715   999.9043     12.572      8.668 0.0000e+00
      8.861      0.058    -6.3814     1.0059      8.637 1.2377e-01     16.019     94.649  63.135523    -0.4753     1.7086     8.3580   999.9050     12.604      8.690 0.0000e+00
      8.880      0.059    -8.2475     1.0174      8.637 1.2379e-01     16.020     94.011  62.664850    -0.4676     1.6819     8.3316   999.9064     12.634      8.711 0.0000e+00
      8.898      0.061   -10.2587     1.0175      8.646 1.2379e-01     16.021     93.605  62.338134    -0.4674     1.6317     8.2951   999.9088     12.655      8.726 0.0000e+00
      8.914      0.065   -12.5275     1.0158      8.644 1.2379e-01     16.023     93.561  62.255286    -0.4721     1.6130     8.2620   999.9111     12.675      8.739 0.0000e+00
      8.931      0.068   -15.0253     1.0192      8.634 1.2379e-01     16.024     93.776  62.356395    -0.4684     1.6224     8.2401   999.9127     12.699      8.756 0.0000e+00
      8.951      0.070   -17.4733     1.0102      8.629 1.2380e-01     16.024     94.106  62.547387    -0.4492     1.5968     8.2266   999.9137     12.730      8.777 0.0000e+00
      8.971      0.072   -19.6265     1.0184      8.638 1.2383e-01     16.024     94.428  62.743228    -0.4237     1.5275     8.2187   999.9145     12.762      8.798 0.0000e+00
      8.991      0.072   -21.5686     1.0255      8.637 1.2384e-01     16.024     94.633  62.868005    -0.4056     1.4714     8.2130   999.9150     12.790      8.818 0.0000e+00
      9.009      0.073   -23.4717     1.0081      8.618 1.2382e-01     16.024     94.705  62.908886    -0.3971     1.4407     8.2093   999.9153     12.817      8.837 0.0000e+00
      9.025      0.073   -25.2526     1.0127      8.618 1.2379e-01     16.024     94.718  62.913501    -0.3941     1.4229     8.2088   999.9154     12.839      8.853 0.0000e+00
      9.039      0.072   -26.7492     1.0179      8.649 1.2378e-01     16.024     94.752  62.932483    -0.3935     1.4257     8.2084   999.9155     12.858      8.865 0.0000e+00
      9.052      0.070   -27.9768     1.0241      8.689 1.2377e-01     16.024     94.833  62.980944    -0.3933     1.4412     8.2050   999.9158     12.875      8.876 0.0000e+00
      9.064      0.066   -29.1047     1.0362      8.694 1.2374e-01     16.024     94.939  63.044341    -0.3941     1.4627     8.2001   999.9163     12.890      8.887 0.0000e+00
      9.079      0.062   -30.4296     1.0194      8.638 1.2372e-01     16.024     95.094  63.141838    -0.3948     1.5003     8.1963   999.9166     12.909      8.901 0.0000e+00
      9.099      0.060   -32.1568     1.0032      8.557 1.2373e-01     16.024     95.407  63.345673    -0.3929     1.5493     8.1950   999.9168     12.937      8.921 0.0000e+00
      9.122      0.060   -34.0370     0.9967      8.516 1.2375e-01     16.024     95.916  63.680483    -0.3903     1.5935     8.1945   999.9172     12.975      8.945 0.0000e+00
      9.144      0.063   -35.7255     1.0007      8.538 1.2374e-01     16.024     96.471  64.045602    -0.3903     1.6355     8.1927   999.9177     13.008      8.968 0.0000e+00
      9.165      0.068   -37.4312     1.0193      8.583 1.2369e-01     16.024     96.895  64.322097    -0.3916     1.6805     8.1895   999.9181     13.033      8.986 0.0000e+00
      9.189      0.074   -39.4761     1.0195      8.589 1.2368e-01     16.024     97.219  64.531693    -0.3910     1.7030     8.1865   999.9184     13.065      9.007 0.0000e+00
      9.215      0.081   -41.5324     1.0038      8.550 1.2371e-01     16.024     97.584  64.767713    -0.3903     1.6787     8.1844   999.9189     13.109      9.038 0.0000e+00
      9.239      0.087   -43.0598     1.0000      8.519 1.2375e-01     16.025     97.982  65.024249    -0.3939     1.6299     8.1808   999.9195     13.148      9.066 0.0000e+00
      9.258      0.089   -44.0304     1.0031      8.522 1.2378e-01     16.025     98.299  65.226189    -0.3951     1.6100     8.1751   999.9200     13.171      9.081 0.0000e+00
      9.273      0.088   -44.7053     1.0080      8.545 1.2382e-01     16.025     98.480  65.338864    -0.3795     1.6428     8.1704   999.9205     13.189      9.093 0.0000e+00
      9.288      0.085   -45.2583     1.0140      8.556 1.2382e-01     16.024     98.550  65.380971    -0.3519     1.6867     8.1680   999.9207     13.212      9.110 0.0000e+00
      9.302      0.080   -45.9460     1.0084      8.540 1.2377e-01     16.024     98.593  65.407780    -0.3340     1.6876     8.1680   999.9207     13.232      9.123 0.0000e+00
      9.317      0.074   -47.1443     0.9983      8.519 1.2370e-01     16.024     98.718  65.491594    -0.3304     1.6451     8.1694   999.9207     13.249      9.135 0.0000e+00
      9.334      0.069   -48.8127     1.0049      8.518 1.2365e-01     16.024     99.011  65.687389    -0.3283     1.6075     8.1701   999.9208     13.273      9.151 0.0000e+00
      9.353      0.064   -50.4601     1.0083      8.527 1.2364e-01     16.025     99.524  66.027670    -0.3219     1.6202     8.1707   999.9212     13.303      9.172 0.0000e+00
      9.373      0.063   -51.9614     1.0018      8.538 1.2364e-01     16.025    100.504  66.676281    -0.3169     1.6768     8.1699   999.9214     13.331      9.191 0.0000e+00
      9.394      0.065   -53.5718     1.0107      8.559 1.2365e-01     16.024    102.600  68.062601    -0.3241     1.7295     8.1668   999.9219     13.360      9.210 0.0000e+00
      9.415      0.069   -55.2018     1.0145      8.577 1.2365e-01     16.024    106.192  70.441886    -0.3483     1.7444     8.1638   999.9239     13.391      9.233 0.0000e+00
      9.437      0.073   -56.6198     1.0122      8.569 1.2366e-01     16.024    110.752  73.467221    -0.3797     1.7195     8.1629   999.9261     13.422      9.255 0.0000e+00
      9.459      0.078   -57.9497     1.0102      8.530 1.2368e-01     16.025    115.347  76.520661    -0.4017     1.6700     8.1662   999.9277     13.453      9.275 0.0000e+00
      9.482      0.082   -59.3244     0.9960      8.472 1.2373e-01     16.025    119.037  78.973754    -0.4083     1.6270     8.1726   999.9293     13.486      9.298 0.0000e+00
      9.504      0.084   -60.5559     0.9903      8.419 1.2376e-01     16.025    121.229  80.426433    -0.4018     1.6250     8.1742   999.9298     13.520      9.322 0.0000e+00
      9.526      0.086   -61.4394     0.9893      8.385 1.2377e-01     16.025    122.301  81.124263    -0.3876     1.6591     8.1665   999.9303     13.548      9.341 0.0000e+00
      9.548      0.087   -62.0325     0.9832      8.372 1.2377e-01     16.025    122.988  81.559603    -0.3792     1.6816     8.1551   999.9315     13.578      9.362 0.0000e+00
