Data/DataNotYetUploadedToEDI/Raw_CTD/RawDownloads/053121_bvr50.cnv
* Sea-Bird SBE19plus  Data File:
* FileName = C:\R\Reservoirs\Data\DataNotYetUploadedToEDI\Raw_CTD\RawDownloads\053121_bvr50_0001.hex
* Software version 2.8.0.119
* Temperature SN = 7809
* Conductivity SN = 7809
* System UpLoad Time = May 31 2021 14:12:16
* <ApplicationData>
* <Seaterm232>
# nquan = 16
# nvalues = 1847                        
# units = specified
# name 0 = depFM: Depth [fresh water, m]
# name 1 = dz/dtM: Descent Rate [m/s]
# name 2 = orp: Oxidation Reduction Potential [mV]
# name 3 = sbeox0Mg/L: Oxygen, SBE 43 [mg/l]
# name 4 = sbeox0PS: Oxygen, SBE 43 [% saturation]
# name 5 = par/sat/log: PAR/Logarithmic, Satlantic
# name 6 = ph: pH
# name 7 = specc: Specific Conductance [uS/cm]
# name 8 = c0uS/cm: Conductivity [uS/cm]
# name 9 = flECO-AFL: Fluorescence, WET Labs ECO-AFL/FL [mg/m^3]
# name 10 = turbWETntu0: Turbidity, WET Labs ECO [NTU]
# name 11 = tv290C: Temperature [ITS-90, deg C]
# name 12 = density00: Density [density, kg/m^3]
# name 13 = prdE: Pressure, Strain Gauge [psi]
# name 14 = prdM: Pressure, Strain Gauge [db]
# name 15 = flag:  0.000e+00
# span 0 =     -0.653,     10.517       
# span 1 =     -0.348,      0.165       
# span 2 =   -24.7087,  1240.2290       
# span 3 =     1.0163,     9.8518       
# span 4 =      8.898,    106.755       
# span 5 = 5.2640e-01, 1.1179e+03       
# span 6 =     10.572,     16.015       
# span 7 =      1.767,     82.781       
# span 8 =   1.458195,  55.519764       
# span 9 =    -1.2994,    10.6506       
# span 10 =    -1.9313,   933.1017      
# span 11 =     8.5179,    20.6634      
# span 12 =   998.0777,   999.8975      
# span 13 =     -0.930,     14.959      
# span 14 =     -0.641,     10.314      
# span 15 = 0.0000e+00, 0.0000e+00      
# interval = seconds: 0.25
# start_time = May 30 2021 20:52:06 [Instrument's time stamp, header]
# bad_flag = -9.990e-29
*END*
[from data line 1718]
      2.322     -0.134   123.3883     9.0073     95.760 1.1319e+02     15.693     25.873  22.503015     1.0523     1.0535    18.4802   998.5311      3.301      2.277 0.0000e+00
      2.305     -0.124   123.8496     8.8742     94.832 1.1333e+02     15.693     25.878  22.518351     1.0542     1.1148    18.5082   998.5256      3.278      2.261 0.0000e+00
      2.289     -0.112   124.2735     8.7725     93.905 1.1375e+02     15.693     25.894  22.544778     1.0545     1.1295    18.5286   998.5218      3.257      2.246 0.0000e+00
      2.272     -0.097   124.5964     8.7097     93.204 1.1453e+02     15.692     25.925  22.583822     1.0470     1.1124    18.5511   998.5174      3.231      2.228 0.0000e+00
      2.257     -0.083   124.8651     8.6574     92.792 1.1545e+02     15.690     25.970  22.637958     1.0410     1.1110    18.5657   998.5145      3.207      2.212 0.0000e+00
      2.245     -0.072   125.2176     8.6532     92.662 1.1634e+02     15.689     26.010  22.699473     1.0461     1.1430    18.5956   998.5088      3.188      2.198 0.0000e+00
      2.235     -0.064   125.7421     8.6505     92.746 1.1722e+02     15.687     26.017  22.748119     1.0540     1.1648    18.6951   998.4897      3.178      2.191 0.0000e+00
      2.224     -0.058   126.3251     8.6409     92.973 1.1826e+02     15.684     25.988  22.775656     1.0529     1.1456    18.8300   998.4636      3.168      2.184 0.0000e+00
      2.209     -0.055   126.8016     8.6705     93.279 1.1968e+02     15.682     25.955  22.794856     1.0467     1.1309    18.9313   998.4438      3.146      2.169 0.0000e+00
      2.191     -0.054   127.1957     8.6830     93.592 1.2163e+02     15.680     25.939  22.813039     1.0444     1.1573    18.9975   998.4308      3.119      2.151 0.0000e+00
      2.168     -0.055   127.5021     8.7013     93.871 1.2412e+02     15.680     25.934  22.819214     1.0450     1.1819    19.0212   998.4260      3.090      2.131 0.0000e+00
      2.142     -0.060   127.6654     8.7468     94.054 1.2685e+02     15.680     25.932  22.810682     1.0351     1.1579    18.9918   998.4317      3.048      2.102 0.0000e+00
      2.116     -0.068   127.8529     8.7516     94.039 1.2974e+02     15.681     25.947  22.810089     1.0008     1.1154    18.9312   998.4433      3.002      2.071 0.0000e+00
      2.093     -0.077   128.1631     8.7194     93.844 1.3309e+02     15.681     25.975  22.829361     0.9528     1.1179    18.9069   998.4480      2.969      2.048 0.0000e+00
      2.077     -0.083   128.4148     8.6842     93.624 1.3609e+02     15.680     25.985  22.847450     0.9203     1.1604    18.9481   998.4399      2.943      2.030 0.0000e+00
      2.069     -0.083   128.5468     8.6586     93.535 1.3761e+02     15.679     25.970  22.852795     0.9188     1.1840    18.9972   998.4302      2.933      2.022 0.0000e+00
      2.067     -0.076   128.7974     8.6649     93.652 1.3839e+02     15.679     25.961  22.867615     0.9478     1.1837    19.0356   998.4227      2.939      2.027 0.0000e+00
      2.066     -0.065   129.3917     8.7034     93.908 1.3997e+02     15.678     25.979  22.909823     0.9950     1.1966    19.0747   998.4151      2.944      2.030 0.0000e+00
      2.059     -0.052   130.1535     8.7198     94.140 1.4299e+02     15.675     25.996  22.958493     1.0363     1.2220    19.1411   998.4020      2.940      2.027 0.0000e+00
      2.042     -0.041   130.5902     8.7055     94.251 1.4720e+02     15.672     25.975  22.976325     1.0523     1.2318    19.2399   998.3825      2.919      2.012 0.0000e+00
      2.015     -0.038   130.5276     8.6915     94.264 1.5135e+02     15.670     25.930  22.965087     1.0397     1.2069    19.3042   998.3695      2.874      1.981 0.0000e+00
      1.981     -0.045   130.3497     8.6847     94.237 1.5464e+02     15.670     25.910  22.964889     1.0157     1.1622    19.3188   998.3664      2.813      1.940 0.0000e+00
      1.950     -0.059   130.4515     8.6804     94.202 1.5768e+02     15.670     25.918  22.982298     1.0003     1.1358    19.3265   998.3648      2.760      1.904 0.0000e+00
      1.926     -0.074   130.8245     8.6720     94.160 1.6071e+02     15.670     25.909  22.981684     0.9915     1.1243    19.3583   998.3584      2.732      1.885 0.0000e+00
      1.910     -0.086   131.2868     8.6670     94.093 1.6322e+02     15.670     25.884  22.960505     0.9826     1.1013    19.3728   998.3554      2.716      1.872 0.0000e+00
      1.896     -0.093   131.7635     8.6612     93.977 1.6530e+02     15.671     25.887  22.953759     0.9802     1.0799    19.3299   998.3638      2.698      1.860 0.0000e+00
      1.881     -0.093   132.2160     8.6559     93.795 1.6722e+02     15.672     25.917  22.970386     0.9885     1.0853    19.2947   998.3707      2.677      1.846 0.0000e+00
      1.867     -0.086   132.6326     8.6289     93.541 1.6876e+02     15.672     25.947  22.992741     1.0026     1.1124    19.2943   998.3709      2.651      1.827 0.0000e+00
      1.855     -0.076   133.1586     8.5904     93.265 1.7010e+02     15.671     25.964  23.011371     1.0176     1.1403    19.3022   998.3692      2.632      1.815 0.0000e+00
      1.846     -0.064   133.7911     8.5695     93.045 1.7154e+02     15.670     25.966  23.023566     1.0312     1.1584    19.3201   998.3655      2.629      1.813 0.0000e+00
      1.834     -0.055   134.0686     8.5460     92.945 1.7264e+02     15.670     25.952  23.029717     1.0425     1.1710    19.3565   998.3584      2.621      1.805 0.0000e+00
      1.818     -0.051   133.8094     8.5470     92.980 1.7412e+02     15.669     25.938  23.041356     1.0497     1.1753    19.4099   998.3475      2.587      1.784 0.0000e+00
      1.802     -0.051   133.6618     8.5588     93.099 1.7677e+02     15.666     25.941  23.070563     1.0455     1.1579    19.4624   998.3368      2.553      1.761 0.0000e+00
      1.789     -0.051   134.0951     8.5568     93.233 1.7919e+02     15.664     25.951  23.108105     1.0246     1.1341    19.5168   998.3260      2.543      1.753 0.0000e+00
      1.777     -0.051   134.8122     8.5611     93.363 1.8063e+02     15.663     25.953  23.135787     0.9997     1.1423    19.5768   998.3138      2.534      1.746 0.0000e+00
      1.762     -0.052   135.3876     8.5610     93.509 1.8178e+02     15.662     25.947  23.151893     0.9890     1.1688    19.6203   998.3050      2.511      1.731 0.0000e+00
      1.740     -0.056   135.5326     8.5765     93.682 1.8320e+02     15.662     25.938  23.157858     0.9898     1.1631    19.6451   998.2999      2.482      1.710 0.0000e+00
      1.714     -0.062   135.2895     8.5965     93.855 1.8505e+02     15.662     25.920  23.150251     0.9888     1.1327    19.6568   998.2973      2.439      1.681 0.0000e+00
      1.688     -0.069   135.1605     8.6071     93.980 1.8631e+02     15.661     25.904  23.141731     0.9867     1.1240    19.6555   998.2974      2.391      1.649 0.0000e+00
      1.669     -0.074   135.4043     8.6118     94.035 1.8631e+02     15.660     25.907  23.155033     0.9862     1.1410    19.6696   998.2946      2.361      1.628 0.0000e+00
      1.661     -0.076   135.7637     8.5948     94.045 1.8562e+02     15.659     25.927  23.187381     0.9823     1.1610    19.7168   998.2849      2.354      1.623 0.0000e+00
      1.661     -0.072   136.0527     8.5923     94.052 1.8392e+02     15.659     25.940  23.213618     0.9787     1.1835    19.7504   998.2781      2.361      1.628 0.0000e+00
      1.662     -0.063   136.3212     8.5942     94.074 1.8142e+02     15.658     25.941  23.226055     0.9818     1.2060    19.7590   998.2765      2.371      1.635 0.0000e+00
      1.657     -0.050   136.5513     8.5917     94.103 1.7950e+02     15.658     25.936  23.232271     0.9873     1.2045    19.7765   998.2729      2.370      1.634 0.0000e+00
      1.645     -0.039   136.6390     8.5949     94.123 1.7770e+02     15.657     25.921  23.229771     0.9897     1.1729    19.8066   998.2666      2.349      1.619 0.0000e+00
      1.625     -0.033   136.5997     8.5853     94.118 1.7464e+02     15.656     25.904  23.223291     0.9876     1.1375    19.8319   998.2613      2.313      1.595 0.0000e+00
      1.602     -0.034   136.6397     8.5823     94.094 1.7152e+02     15.656     25.908  23.229173     0.9825     1.1243    19.8344   998.2607      2.277      1.570 0.0000e+00
      1.578     -0.041   136.9272     8.5828     94.054 1.7081e+02     15.657     25.926  23.243001     0.9797     1.1294    19.8250   998.2626      2.249      1.551 0.0000e+00
      1.550     -0.055   137.3489     8.5815     93.980 1.7283e+02     15.658     25.940  23.249680     0.9832     1.1177    19.8096   998.2655      2.213      1.526 0.0000e+00
      1.519     -0.072   137.6935     8.5708     93.865 1.7612e+02     15.658     25.944  23.247517     0.9886     1.0515    19.7876   998.2699      2.164      1.492 0.0000e+00
      1.486     -0.088   137.8733     8.5541     93.739 1.7914e+02     15.658     25.936  23.242181     0.9890     0.9437    19.7836   998.2705      2.112      1.456 0.0000e+00
      1.455     -0.101   137.9633     8.5462     93.621 1.8092e+02     15.657     25.923  23.240274     0.9868     0.8701    19.8151   998.2640      2.063      1.422 0.0000e+00
      1.429     -0.109   138.1952     8.5253     93.497 1.8173e+02     15.656     25.903  23.233724     0.9872     0.8755    19.8602   998.2547      2.025      1.396 0.0000e+00
      1.407     -0.111   138.6687     8.5054     93.384 1.8224e+02     15.656     25.874  23.210588     0.9854     0.9249    19.8722   998.2521      2.002      1.380 0.0000e+00
      1.387     -0.111   139.2108     8.5054     93.336 1.8241e+02     15.657     25.862  23.190714     0.9784     0.9822    19.8386   998.2588      1.975      1.362 0.0000e+00
      1.366     -0.107   139.7197     8.5192     93.382 1.8254e+02     15.659     25.877  23.192669     0.9730     1.0398    19.7933   998.2679      1.940      1.338 0.0000e+00
      1.345     -0.101   140.2451     8.5381     93.487 1.8239e+02     15.659     25.889  23.196073     0.9755     1.0857    19.7802   998.2706      1.913      1.319 0.0000e+00
      1.321     -0.094   140.7057     8.5487     93.572 1.8092e+02     15.659     25.882  23.186080     0.9837     1.1180    19.7969   998.2672      1.886      1.300 0.0000e+00
      1.296     -0.089   140.9625     8.5524     93.568 1.7885e+02     15.659     25.880  23.178855     0.9903     1.1451    19.7890   998.2687      1.848      1.273 0.0000e+00
      1.266     -0.089   141.0900     8.5396     93.475 1.7760e+02     15.660     25.900  23.188249     0.9932     1.1661    19.7522   998.2760      1.803      1.243 0.0000e+00
      1.233     -0.093   141.2538     8.5261     93.369 1.7675e+02     15.661     25.929  23.209991     0.9981     1.1778    19.7357   998.2792      1.756      1.211 0.0000e+00
      1.198     -0.101   141.4285     8.5263     93.295 1.7506e+02     15.661     25.948  23.232520     1.0044     1.1698    19.7512   998.2760      1.707      1.177 0.0000e+00
      1.159     -0.111   141.4779     8.5134     93.238 1.7232e+02     15.660     25.951  23.247827     1.0044     1.1371    19.7840   998.2691      1.650      1.138 0.0000e+00
      1.119     -0.121   141.4443     8.5007     93.188 1.6973e+02     15.658     25.947  23.261792     0.9970     1.1055    19.8200   998.2615      1.586      1.094 0.0000e+00
      1.084     -0.131   141.5563     8.4908     93.173 1.6866e+02     15.657     25.953  23.288853     0.9883     1.1094    19.8515   998.2548      1.530      1.055 0.0000e+00
      1.057     -0.136   141.9261     8.4833     93.235 1.6887e+02     15.656     25.963  23.325121     0.9769     1.1446    19.9031   998.2442      1.496      1.031 0.0000e+00
      1.034     -0.134   142.3777     8.4935     93.360 1.6947e+02     15.655     25.952  23.347006     0.9527     1.1692    19.9800   998.2284      1.473      1.016 0.0000e+00
      1.010     -0.129   142.7121     8.4991     93.471 1.7065e+02     15.653     25.916  23.343782     0.9224     1.1716    20.0504   998.2137      1.439      0.993 0.0000e+00
      0.986     -0.122   143.0296     8.4855     93.526 1.7302e+02     15.651     25.880  23.331352     0.9085     1.1836    20.0894   998.2054      1.398      0.964 0.0000e+00
      0.965     -0.112   143.5271     8.4854     93.562 1.7604e+02     15.651     25.871  23.330977     0.9060     1.2043    20.0969   998.2038      1.370      0.944 0.0000e+00
      0.944     -0.102   144.1269     8.5040     93.580 1.7815e+02     15.652     25.884  23.341483     0.8829     1.1990    20.0884   998.2055      1.346      0.929 0.0000e+00
      0.921     -0.094   144.5821     8.4951     93.523 1.7848e+02     15.653     25.897  23.348731     0.8347     1.1734    20.0717   998.2089      1.315      0.907 0.0000e+00
      0.896     -0.091   144.7747     8.4804     93.391 1.7676e+02     15.653     25.904  23.353365     0.7935     1.1658    20.0608   998.2109      1.278      0.881 0.0000e+00
      0.867     -0.091   144.8439     8.4646     93.242 1.7310e+02     15.653     25.909  23.360072     0.7782     1.1801    20.0689   998.2091      1.233      0.850 0.0000e+00
      0.838     -0.094   145.0935     8.4423     93.141 1.6881e+02     15.652     25.909  23.368227     0.7783     1.1856    20.0872   998.2052      1.187      0.819 0.0000e+00
      0.810     -0.098   145.6055     8.4448     93.129 1.6561e+02     15.651     25.912  23.382750     0.7795     1.1607    20.1100   998.2006      1.152      0.795 0.0000e+00
      0.782     -0.101   146.0651     8.4470     93.194 1.6531e+02     15.651     25.921  23.405990     0.7787     1.1170    20.1418   998.1937      1.118      0.769 0.0000e+00
      0.756     -0.105   146.2274     8.4503     93.302 1.6929e+02     15.650     25.932  23.433060     0.7797     1.0977    20.1742   998.1867      1.066      0.735 0.0000e+00
      0.734     -0.106   146.3033     8.4612     93.422 1.7640e+02     15.649     25.939  23.460123     0.7799     1.1208    20.2079   998.1797      1.030      0.711 0.0000e+00
      0.719     -0.103   146.5674     8.4642     93.513 1.8241e+02     15.647     25.940  23.483294     0.7647     1.1488    20.2594   998.1689      1.026      0.708 0.0000e+00
      0.700     -0.097   146.8634     8.4524     93.569 1.8148e+02     15.646     25.932  23.497317     0.7334     1.1599    20.3127   998.1577      1.016      0.702 0.0000e+00
      0.671     -0.092   146.9486     8.4471     93.640 1.7268e+02     15.645     25.919  23.502611     0.7106     1.1714    20.3416   998.1515      0.965      0.666 0.0000e+00
      0.636     -0.092   146.9665     8.4685     93.742 1.6266e+02     15.644     25.909  23.506743     0.7106     1.1798    20.3536   998.1487      0.896      0.618 0.0000e+00
      0.605     -0.095   147.1224     8.4718     93.813 1.5636e+02     15.643     25.902  23.512499     0.7204     1.1619    20.3804   998.1430      0.848      0.585 0.0000e+00
      0.584     -0.097   147.3942     8.4613     93.804 1.5287e+02     15.643     25.893  23.515248     0.7210     1.1260    20.4204   998.1346      0.822      0.566 0.0000e+00
      0.572     -0.097   147.7317     8.4526     93.733 1.5151e+02     15.643     25.896  23.519377     0.7117     1.1125    20.4235   998.1339      0.807      0.557 0.0000e+00
      0.564     -0.093   148.1596     8.4409     93.655 1.5704e+02     15.643     25.920  23.534819     0.7073     1.1481    20.3918   998.1404      0.802      0.554 0.0000e+00
      0.556     -0.086   148.7007     8.4510     93.594 1.7757e+02     15.644     25.955  23.560541     0.7114     1.2161    20.3744   998.1442      0.797      0.550 0.0000e+00
      0.539     -0.076   149.2362     8.4436     93.525 2.1257e+02     15.644     25.986  23.586823     0.7147     1.2850    20.3724   998.1445      0.786      0.543 0.0000e+00
