Data/DataNotYetUploadedToEDI/Raw_CTD/RawDownloads/053122_fcr50_0001.cnv
* Sea-Bird SBE19plus  Data File:
* FileName = C:\R\Reservoirs\Data\DataNotYetUploadedToEDI\Raw_CTD\RawDownloads\053122_bvr01_0001.hex
* Software version 2.8.0.119
* Temperature SN = 7809
* Conductivity SN = 7809
* System UpLoad Time = Jun 07 2022 07:55:06
* <ApplicationData>
* <Seaterm232>
# nquan = 15
# nvalues = 2312                        
# units = specified
# name 0 = depFM: Depth [fresh water, m]
# name 1 = dz/dtM: Descent Rate [m/s]
# name 2 = sbeox0Mg/L: Oxygen, SBE 43 [mg/l]
# name 3 = sbeox0PS: Oxygen, SBE 43 [% saturation]
# name 4 = specc: Specific Conductance [uS/cm]
# name 5 = c0uS/cm: Conductivity [uS/cm]
# name 6 = flECO-AFL: Fluorescence, WET Labs ECO-AFL/FL [mg/m^3]
# name 7 = ph: pH
# name 8 = orp: Oxidation Reduction Potential [mV]
# name 9 = par/sat/log: PAR/Logarithmic, Satlantic
# name 10 = turbWETntu0: Turbidity, WET Labs ECO [NTU]
# name 11 = prdM: Pressure, Strain Gauge [db]
# name 12 = prdE: Pressure, Strain Gauge [psi]
# name 13 = tv290C: Temperature [ITS-90, deg C]
# name 14 = flag:  0.000e+00
# span 0 =     -0.615,      9.627       
# span 1 =     -0.494,      0.241       
# span 2 =     0.5558,     9.2397       
# span 3 =      4.970,    107.024       
# span 4 =      1.614,     66.797       
# span 5 =   1.455666,  46.045267       
# span 6 =    -1.1606,   227.7657       
# span 7 =      5.837,      8.886       
# span 8 = -1240.7455,   864.7268       
# span 9 = 1.2357e-01, 1.6573e+03       
# span 10 =    -9.1383,   433.3914      
# span 11 =     -0.603,      9.441      
# span 12 =     -0.875,     13.693      
# span 13 =     9.4365,    24.8667      
# span 14 = 0.0000e+00, 0.0000e+00      
# interval = seconds: 0.25
# start_time = May 31 2022 06:10:16 [Instrument's time stamp, header]
# bad_flag = -9.990e-29
*END*
[from data line 1157]
      4.581      0.020     1.4418     11.999     44.186  30.800563    35.7100      7.153   266.0635 1.1518e+00     5.9807      4.492      6.515     9.8500 0.0000e+00
      4.588      0.019     1.4265     11.769     44.212  30.801613    35.9472      7.150   265.7810 1.1411e+00     6.0714      4.500      6.526     9.8290 0.0000e+00
      4.594      0.019     1.4155     11.532     44.252  30.814284    36.0667      7.148   266.4185 1.1456e+00     6.0858      4.506      6.536     9.8389 0.0000e+00
      4.598      0.018     1.3890     11.310     44.272  30.826953    36.0735      7.145   267.1472 1.1438e+00     6.0855      4.509      6.540     9.8654 0.0000e+00
      4.601      0.017     1.3554     11.154     44.259  30.827991    36.0960      7.142   267.4507 1.1231e+00     6.1366      4.512      6.543     9.8578 0.0000e+00
      4.605      0.015     1.3359     11.059     44.244  30.826847    36.2887      7.140   266.9051 1.1097e+00     6.2247      4.516      6.549     9.8305 0.0000e+00
      4.610      0.014     1.3072     11.020     44.221  30.813128    36.6303      7.136   265.8840 1.1005e+00     6.3314      4.521      6.557     9.8094 0.0000e+00
      4.614      0.014     1.2783     11.045     44.186  30.788914    36.8053      7.133   265.4290 1.0855e+00     6.3669      4.525      6.564     9.8058 0.0000e+00
      4.617      0.014     1.2625     11.130     44.178  30.787665    36.8144      7.131   265.5345 1.0819e+00     6.3817      4.528      6.568     9.8248 0.0000e+00
      4.620      0.015     1.2507     11.275     44.178  30.798037    36.8408      7.130   265.6967 1.0800e+00     6.4424      4.530      6.570     9.8403 0.0000e+00
      4.623      0.017     1.2459     11.445     44.140  30.787537    36.8750      7.127   266.0132 1.0702e+00     6.4859      4.533      6.575     9.8369 0.0000e+00
      4.627      0.018     1.2492     11.612     44.121  30.787524    36.8704      7.124   266.0921 1.0615e+00     6.4977      4.536      6.579     9.8364 0.0000e+00
      4.632      0.019     1.2582     11.793     44.124  30.797897    36.8592      7.122   265.5322 1.0526e+00     6.5162      4.541      6.587     9.8394 0.0000e+00
      4.640      0.019     1.2758     11.971     44.099  30.786160    36.8973      7.121   265.0944 1.0378e+00     6.5388      4.550      6.600     9.8500 0.0000e+00
      4.645      0.019     1.2970     12.111     44.079  30.772412    36.9487      7.118   265.0143 1.0219e+00     6.5665      4.556      6.609     9.8756 0.0000e+00
      4.648      0.019     1.3124     12.217     44.059  30.758475    36.9569      7.115   264.9934 1.0168e+00     6.5776      4.558      6.612     9.8900 0.0000e+00
      4.651      0.018     1.3343     12.312     44.040  30.744443    36.9466      7.112   265.1855 1.0098e+00     6.5709      4.561      6.616     9.8955 0.0000e+00
      4.656      0.018     1.3563     12.420     44.044  30.729556    36.9897      7.111   265.5310 9.8910e-01     6.6214      4.566      6.622     9.9073 0.0000e+00
      4.660      0.018     1.3712     12.564     44.074  30.705248    37.0792      7.109   265.7298 9.7588e-01     6.7101      4.570      6.629     9.9031 0.0000e+00
      4.665      0.019     1.3825     12.755     44.157  30.704083    37.1292      7.107   265.6095 9.6773e-01     6.7556      4.575      6.636     9.9020 0.0000e+00
      4.671      0.019     1.3921     12.972     44.241  30.715405    37.1278      7.104   265.3679 9.5046e-01     6.7611      4.581      6.644     9.9098 0.0000e+00
      4.677      0.018     1.4037     13.185     44.285  30.715294    37.0877      7.102   265.2174 9.3763e-01     6.7765      4.588      6.654     9.8957 0.0000e+00
      4.681      0.017     1.4210     13.401     44.295  30.702712    36.7615      7.101   265.0809 9.3054e-01     6.8052      4.591      6.659     9.8407 0.0000e+00
      4.684      0.017     1.4465     13.624     44.283  30.690051    36.1800      7.100   265.0079 9.1624e-01     6.8014      4.593      6.662     9.7545 0.0000e+00
      4.688      0.016     1.4755     13.839     44.275  30.689003    35.8661      7.098   265.4528 9.0353e-01     6.7983      4.597      6.667     9.7055 0.0000e+00
      4.692      0.016     1.4993     14.039     44.264  30.690040    35.8211      7.095   266.1578 9.0382e-01     6.8028      4.601      6.673     9.6746 0.0000e+00
      4.697      0.017     1.5246     14.205     44.274  30.702596    35.6436      7.093   266.3050 8.9739e-01     6.7191      4.606      6.680     9.6455 0.0000e+00
      4.701      0.017     1.5513     14.337     44.295  30.714027    35.3351      7.091   265.9415 8.7837e-01     6.6060      4.611      6.688     9.6478 0.0000e+00
      4.705      0.017     1.5749     14.452     44.284  30.701462    35.1703      7.088   265.4623 8.6902e-01     6.5620      4.614      6.692     9.6531 0.0000e+00
      4.709      0.018     1.5990     14.557     44.254  30.677456    35.1659      7.085   265.2441 8.7342e-01     6.5289      4.618      6.698     9.6651 0.0000e+00
      4.713      0.019     1.6170     14.652     44.262  30.677362    35.3149      7.083   265.9700 8.7603e-01     6.4789      4.623      6.706     9.6787 0.0000e+00
      4.718      0.021     1.6314     14.737     44.308  30.700321    35.5992      7.081   267.1844 8.6691e-01     6.4707      4.626      6.709     9.6667 0.0000e+00
      4.724      0.023     1.6445     14.818     44.319  30.701456    35.7646      7.078   267.5371 8.4586e-01     6.5324      4.632      6.718     9.6582 0.0000e+00
      4.731      0.023     1.6568     14.893     44.309  30.691072    35.7999      7.076   267.0510 8.2145e-01     6.5757      4.640      6.730     9.6615 0.0000e+00
      4.738      0.023     1.6676     14.949     44.327  30.701559    35.9094      7.074   266.4699 8.0921e-01     6.5490      4.645      6.738     9.6528 0.0000e+00
      4.744      0.022     1.6775     14.967     44.326  30.701455    36.1071      7.070   266.1892 8.0943e-01     6.5519      4.652      6.747     9.6417 0.0000e+00
      4.750      0.021     1.6870     14.956     44.302  30.689824    36.2256      7.068   266.6678 8.1013e-01     6.6109      4.658      6.757     9.6325 0.0000e+00
      4.754      0.019     1.6961     14.931     44.292  30.687726    36.2359      7.067   267.6112 8.0287e-01     6.6478      4.661      6.761     9.6306 0.0000e+00
      4.758      0.018     1.7041     14.888     44.276  30.676096    36.0896      7.065   267.9595 7.8567e-01     6.6215      4.666      6.767     9.6292 0.0000e+00
      4.763      0.018     1.7055     14.836     44.274  30.675991    35.8135      7.063   267.8679 7.6718e-01     6.5663      4.671      6.775     9.6248 0.0000e+00
      4.767      0.019     1.7028     14.799     44.283  30.686468    35.6778      7.061   267.7075 7.6078e-01     6.5605      4.674      6.780     9.6359 0.0000e+00
      4.771      0.021     1.7004     14.791     44.273  30.675981    35.6636      7.060   267.0525 7.5811e-01     6.6195      4.679      6.786     9.6440 0.0000e+00
      4.776      0.024     1.6953     14.816     44.297  30.675983    35.4759      7.059   266.5731 7.4722e-01     6.7681      4.683      6.792     9.6373 0.0000e+00
      4.782      0.026     1.6882     14.858     44.345  30.686471    35.1227      7.056   267.0734 7.3037e-01     6.9570      4.687      6.799     9.6383 0.0000e+00
      4.790      0.026     1.6831     14.896     44.361  30.675975    34.9212      7.054   267.6810 7.0924e-01     7.0242      4.696      6.812     9.6498 0.0000e+00
      4.800      0.026     1.6819     14.938     44.387  30.675844    34.9048      7.052   267.9838 6.8952e-01     7.0342      4.709      6.829     9.6482 0.0000e+00
      4.807      0.025     1.6862     14.998     44.420  30.684876    34.9078      7.050   268.3256 6.7262e-01     7.0773      4.716      6.840     9.6252 0.0000e+00
      4.812      0.025     1.6939     15.064     44.397  30.658376    34.7660      7.047   268.3718 6.6560e-01     7.0680      4.718      6.843     9.5962 0.0000e+00
      4.815      0.025     1.6983     15.142     44.339  30.609003    34.4805      7.045   268.1116 6.7078e-01     7.0243      4.722      6.849     9.5713 0.0000e+00
      4.820      0.026     1.7025     15.262     44.332  30.595087    34.3187      7.042   267.8469 6.7198e-01     7.0273      4.726      6.855     9.5517 0.0000e+00
      4.826      0.028     1.7115     15.422     44.377  30.616894    34.3167      7.039   267.7528 6.6278e-01     7.0356      4.731      6.862     9.5360 0.0000e+00
      4.836      0.029     1.7193     15.595     44.390  30.619076    34.3563      7.038   267.9213 6.4487e-01     7.0899      4.741      6.876     9.5242 0.0000e+00
      4.847      0.029     1.7268     15.770     44.400  30.621466    34.3896      7.036   268.1636 6.1910e-01     7.2063      4.754      6.896     9.5149 0.0000e+00
      4.857      0.027     1.7406     15.930     44.439  30.645785    34.3944      7.033   268.2723 5.9935e-01     7.2473      4.765      6.911     9.5041 0.0000e+00
      4.862      0.023     1.7619     16.060     44.461  30.659523    34.3891      7.031   268.2897 5.8405e-01     7.2448      4.769      6.917     9.4927 0.0000e+00
      4.866      0.018     1.7810     16.157     44.464  30.660772    34.3089      7.028   267.9428 5.7676e-01     7.2774      4.772      6.921     9.4847 0.0000e+00
      4.870      0.015     1.8024     16.219     44.464  30.660886    34.1494      7.026   267.3476 5.8769e-01     7.2998      4.775      6.926     9.4805 0.0000e+00
      4.872      0.014     1.8220     16.262     44.464  30.660896    34.0579      7.024   267.3747 5.9097e-01     7.2764      4.777      6.929     9.4782 0.0000e+00
      4.874      0.015     1.8359     16.276     44.464  30.660892    34.0351      7.022   268.0117 5.8377e-01     7.2676      4.779      6.932     9.4769 0.0000e+00
      4.877      0.017     1.8488     16.257     44.463  30.660839    33.9323      7.020   268.5968 5.7552e-01     7.3656      4.782      6.935     9.4761 0.0000e+00
      4.881      0.019     1.8530     16.227     44.462  30.660258    33.7558      7.018   268.7704 5.6270e-01     7.4701      4.786      6.942     9.4757 0.0000e+00
      4.888      0.020     1.8602     16.207     44.453  30.653866    33.6645      7.015   268.1324 5.5218e-01     7.4717      4.793      6.952     9.4759 0.0000e+00
      4.896      0.020     1.8616     16.208     44.443  30.646959    33.6607      7.012   266.9914 5.4945e-01     7.4876      4.802      6.965     9.4764 0.0000e+00
      4.902      0.019     1.8575     16.206     44.433  30.640137    33.7025      7.010   266.5898 5.4496e-01     7.5592      4.808      6.974     9.4767 0.0000e+00
      4.906      0.017     1.8545     16.201     44.425  30.634787    33.8032      7.008   267.1488 5.3501e-01     7.5871      4.811      6.977     9.4768 0.0000e+00
      4.909      0.015     1.8500     16.220     44.442  30.645671    33.8717      7.006   267.8994 5.3200e-01     7.5169      4.814      6.982     9.4767 0.0000e+00
      4.911      0.014     1.8532     16.246     44.442  30.644934    33.8722      7.004   268.2663 5.2719e-01     7.4276      4.816      6.985     9.4767 0.0000e+00
      4.913      0.014     1.8522     16.246     44.416  30.625877    33.8602      7.002   267.7987 5.1668e-01     7.4306      4.817      6.987     9.4768 0.0000e+00
      4.918      0.015     1.8500     16.229     44.389  30.605442    33.9100      7.001   266.8054 5.1376e-01     7.4846      4.823      6.995     9.4766 0.0000e+00
      4.923      0.016     1.8526     16.216     44.367  30.588048    34.0246      7.000   266.3232 5.0995e-01     7.5337      4.829      7.004     9.4761 0.0000e+00
      4.927      0.016     1.8586     16.193     44.393  30.605759    34.0973      6.998   266.3565 4.9747e-01     7.5462      4.832      7.009     9.4752 0.0000e+00
      4.931      0.015     1.8574     16.174     44.425  30.629392    34.1061      6.995   266.4330 4.9021e-01     7.4983      4.837      7.015     9.4737 0.0000e+00
      4.935      0.013     1.8536     16.183     44.408  30.620202    34.1144      6.992   266.8190 4.9647e-01     7.5351      4.840      7.019     9.4716 0.0000e+00
      4.938      0.013     1.8546     16.211     44.407  30.621444    34.1391      6.991   267.1516 5.0274e-01     7.6839      4.843      7.024     9.4695 0.0000e+00
      4.940      0.013     1.8507     16.238     44.438  30.644413    34.1556      6.989   266.8407 5.0251e-01     7.7613      4.845      7.027     9.4685 0.0000e+00
      4.943      0.014     1.8468     16.277     44.435  30.644319    34.1558      6.987   266.5010 4.9860e-01     7.7528      4.848      7.031     9.4707 0.0000e+00
      4.946      0.015     1.8483     16.333     44.397  30.620313    34.0829      6.985   266.4858 4.8845e-01     7.7172      4.851      7.035     9.4744 0.0000e+00
      4.951      0.016     1.8531     16.384     44.380  30.607747    33.9480      6.983   266.5709 4.7105e-01     7.7074      4.854      7.041     9.4764 0.0000e+00
      4.956      0.017     1.8552     16.413     44.401  30.619178    33.8811      6.983   266.8429 4.5450e-01     7.7708      4.860      7.049     9.4778 0.0000e+00
      4.961      0.019     1.8584     16.423     44.425  30.631736    33.8656      6.982   267.1933 4.4944e-01     7.8013      4.866      7.057     9.4803 0.0000e+00
      4.965      0.021     1.8667     16.427     44.431  30.632784    33.8019      6.981   267.3654 4.3519e-01     7.7007      4.869      7.062     9.4835 0.0000e+00
      4.970      0.022     1.8729     16.431     44.431  30.631849    33.7101      6.980   267.2896 4.1543e-01     7.5450      4.873      7.067     9.4828 0.0000e+00
      4.976      0.023     1.8767     16.432     44.416  30.620427    33.6716      6.978   267.0510 4.0797e-01     7.4892      4.879      7.076     9.4777 0.0000e+00
      4.984      0.023     1.8768     16.430     44.418  30.621475    33.6773      6.976   266.8034 3.9732e-01     7.5387      4.887      7.088     9.4729 0.0000e+00
      4.990      0.024     1.8775     16.425     44.451  30.644519    33.6709      6.974   266.6190 3.8560e-01     7.5626      4.894      7.098     9.4697 0.0000e+00
      4.995      0.024     1.8784     16.432     44.453  30.645454    33.6028      6.971   266.6285 3.7714e-01     7.5726      4.899      7.104     9.4681 0.0000e+00
      5.001      0.024     1.8775     16.445     44.434  30.632784    33.4867      6.969   267.2613 3.7575e-01     7.6260      4.904      7.112     9.4678 0.0000e+00
      5.007      0.024     1.8792     16.449     44.414  30.618122    33.4231      6.968   268.1614 3.8110e-01     7.6961      4.910      7.122     9.4679 0.0000e+00
      5.012      0.026     1.8758     16.449     44.381  30.594975    33.4088      6.968   268.3922 3.7403e-01     7.7710      4.916      7.130     9.4681 0.0000e+00
      5.018      0.028     1.8783     16.449     44.400  30.606498    33.2311      6.967   268.0732 3.5466e-01     7.7810      4.920      7.136     9.4679 0.0000e+00
      5.025      0.030     1.8803     16.462     44.436  30.630651    32.8883      6.966   267.6594 3.4517e-01     7.7475      4.926      7.145     9.4676 0.0000e+00
      5.035      0.030     1.8799     16.481     44.441  30.633423    32.6929      6.964   267.4323 3.4273e-01     7.7415      4.937      7.160     9.4670 0.0000e+00
      5.045      0.031     1.8806     16.491     44.451  30.640004    32.6668      6.961   268.0806 3.2887e-01     7.7430      4.948      7.177     9.4657 0.0000e+00
      5.053      0.032     1.8792     16.499     44.461  30.646824    32.6726      6.959   269.3035 3.1809e-01     7.7657      4.956      7.188     9.4645 0.0000e+00
      5.059      0.031     1.8815     16.518     44.470  30.652485    32.6804      6.958   269.7428 3.1636e-01     7.7772      4.961      7.194     9.4636 0.0000e+00
      5.066      0.029     1.8842     16.541     44.460  30.645055    32.6773      6.957   269.3483 3.0124e-01     7.7447      4.967      7.203     9.4630 0.0000e+00
