Data/DataNotYetUploadedToEDI/Raw_CTD/RawDownloads/053121_bvr50.cnv
* Sea-Bird SBE19plus  Data File:
* FileName = C:\R\Reservoirs\Data\DataNotYetUploadedToEDI\Raw_CTD\RawDownloads\053121_bvr50_0001.hex
* Software version 2.8.0.119
* Temperature SN = 7809
* Conductivity SN = 7809
* System UpLoad Time = May 31 2021 14:12:16
* <ApplicationData>
* <Seaterm232>
# nquan = 16
# nvalues = 1847                        
# units = specified
# name 0 = depFM: Depth [fresh water, m]
# name 1 = dz/dtM: Descent Rate [m/s]
# name 2 = orp: Oxidation Reduction Potential [mV]
# name 3 = sbeox0Mg/L: Oxygen, SBE 43 [mg/l]
# name 4 = sbeox0PS: Oxygen, SBE 43 [% saturation]
# name 5 = par/sat/log: PAR/Logarithmic, Satlantic
# name 6 = ph: pH
# name 7 = specc: Specific Conductance [uS/cm]
# name 8 = c0uS/cm: Conductivity [uS/cm]
# name 9 = flECO-AFL: Fluorescence, WET Labs ECO-AFL/FL [mg/m^3]
# name 10 = turbWETntu0: Turbidity, WET Labs ECO [NTU]
# name 11 = tv290C: Temperature [ITS-90, deg C]
# name 12 = density00: Density [density, kg/m^3]
# name 13 = prdE: Pressure, Strain Gauge [psi]
# name 14 = prdM: Pressure, Strain Gauge [db]
# name 15 = flag:  0.000e+00
# span 0 =     -0.653,     10.517       
# span 1 =     -0.348,      0.165       
# span 2 =   -24.7087,  1240.2290       
# span 3 =     1.0163,     9.8518       
# span 4 =      8.898,    106.755       
# span 5 = 5.2640e-01, 1.1179e+03       
# span 6 =     10.572,     16.015       
# span 7 =      1.767,     82.781       
# span 8 =   1.458195,  55.519764       
# span 9 =    -1.2994,    10.6506       
# span 10 =    -1.9313,   933.1017      
# span 11 =     8.5179,    20.6634      
# span 12 =   998.0777,   999.8975      
# span 13 =     -0.930,     14.959      
# span 14 =     -0.641,     10.314      
# span 15 = 0.0000e+00, 0.0000e+00      
# interval = seconds: 0.25
# start_time = May 30 2021 20:52:06 [Instrument's time stamp, header]
# bad_flag = -9.990e-29
*END*
[from data line 1356]
      9.951     -0.150   -16.5237     1.0867      9.305 9.8793e-01     15.997     61.431  41.613210     0.4904     0.9224     8.8715   999.8627     14.155      9.759 0.0000e+00
      9.941     -0.136   -16.4467     1.0674      9.209 1.0001e+00     15.997     61.696  41.801508     0.4709     0.9054     8.8822   999.8622     14.148      9.754 0.0000e+00
      9.926     -0.117   -16.4725     1.0451      9.130 1.0145e+00     15.997     61.891  41.933296     0.4577     0.9079     8.8779   999.8625     14.122      9.737 0.0000e+00
      9.906     -0.099   -16.5093     1.0526      9.137 1.0309e+00     15.997     61.882  41.922410     0.4614     0.9360     8.8690   999.8630     14.096      9.719 0.0000e+00
      9.881     -0.084   -16.5007     1.0697      9.214 1.0550e+00     15.998     61.742  41.820631     0.4717     0.9600     8.8638   999.8633     14.063      9.694 0.0000e+00
      9.853     -0.076   -16.4600     1.0827      9.298 1.0798e+00     15.998     61.479  41.639028     0.4713     0.9423     8.8595   999.8634     14.010      9.658 0.0000e+00
      9.831     -0.075   -16.4363     1.0887      9.340 1.0921e+00     15.997     61.198  41.448728     0.4597     0.8957     8.8604   999.8628     13.966      9.629 0.0000e+00
      9.819     -0.076   -16.4704     1.0847      9.330 1.0946e+00     15.997     61.094  41.380308     0.4499     0.8634     8.8661   999.8624     13.956      9.622 0.0000e+00
      9.813     -0.076   -16.5671     1.0776      9.280 1.1009e+00     15.997     61.127  41.403077     0.4483     0.8694     8.8673   999.8625     13.961      9.627 0.0000e+00
      9.807     -0.073   -16.6956     1.0673      9.217 1.1134e+00     15.998     61.085  41.372081     0.4515     0.9061     8.8624   999.8628     13.956      9.624 0.0000e+00
      9.796     -0.066   -16.8391     1.0591      9.172 1.1266e+00     15.998     60.943  41.271593     0.4535     0.9326     8.8574   999.8630     13.934      9.607 0.0000e+00
      9.783     -0.057   -17.0216     1.0595      9.167 1.1380e+00     15.998     60.817  41.182639     0.4512     0.9182     8.8555   999.8630     13.910      9.591 0.0000e+00
      9.772     -0.048   -17.2316     1.0639      9.209 1.1469e+00     15.998     60.708  41.106599     0.4497     0.9010     8.8540   999.8630     13.896      9.581 0.0000e+00
      9.760     -0.042   -17.3776     1.0790      9.269 1.1569e+00     15.998     60.530  40.984180     0.4533     0.9231     8.8512   999.8632     13.886      9.574 0.0000e+00
      9.743     -0.042   -17.4265     1.0878      9.290 1.1764e+00     15.998     60.337  40.852485     0.4571     0.9511     8.8497   999.8630     13.872      9.564 0.0000e+00
      9.716     -0.048   -17.4541     1.0738      9.246 1.2108e+00     15.998     60.282  40.817024     0.4516     0.9358     8.8523   999.8627     13.836      9.539 0.0000e+00
      9.677     -0.062   -17.5194     1.0598      9.178 1.2566e+00     15.997     60.357  40.870191     0.4310     0.8929     8.8567   999.8623     13.771      9.494 0.0000e+00
      9.635     -0.079   -17.6289     1.0542      9.144 1.2972e+00     15.996     60.464  40.942604     0.4030     0.8885     8.8588   999.8619     13.694      9.442 0.0000e+00
      9.599     -0.096   -17.7446     1.0605      9.162 1.3187e+00     15.996     60.581  41.018188     0.3831     0.9433     8.8537   999.8621     13.632      9.400 0.0000e+00
      9.575     -0.109   -17.8159     1.0706      9.201 1.3269e+00     15.997     60.651  41.060553     0.3762     0.9899     8.8444   999.8628     13.606      9.381 0.0000e+00
      9.561     -0.115   -17.8525     1.0728      9.228 1.3338e+00     15.997     60.608  41.029579     0.3794     0.9740     8.8423   999.8628     13.602      9.378 0.0000e+00
      9.548     -0.115   -17.8888     1.0703      9.239 1.3415e+00     15.997     60.530  40.978715     0.3923     0.9305     8.8473   999.8623     13.588      9.369 0.0000e+00
      9.531     -0.108   -17.9307     1.0713      9.250 1.3481e+00     15.997     60.527  40.979963     0.4117     0.9154     8.8514   999.8620     13.558      9.348 0.0000e+00
      9.513     -0.096   -17.9866     1.0792      9.253 1.3548e+00     15.998     60.569  41.010339     0.4294     0.9217     8.8532   999.8618     13.527      9.326 0.0000e+00
      9.495     -0.082   -18.0840     1.0717      9.229 1.3665e+00     15.998     60.565  41.007795     0.4427     0.9136     8.8533   999.8617     13.505      9.312 0.0000e+00
      9.477     -0.072   -18.2550     1.0618      9.194 1.3869e+00     15.998     60.530  40.983575     0.4581     0.8963     8.8522   999.8617     13.486      9.300 0.0000e+00
      9.453     -0.068   -18.5005     1.0650      9.173 1.4127e+00     15.997     60.561  41.004106     0.4808     0.8952     8.8519   999.8616     13.451      9.275 0.0000e+00
      9.426     -0.072   -18.7579     1.0617      9.163 1.4371e+00     15.997     60.678  41.082288     0.5056     0.9061     8.8517   999.8616     13.403      9.241 0.0000e+00
      9.399     -0.079   -18.9848     1.0623      9.158 1.4568e+00     15.998     60.793  41.157916     0.5166     0.9074     8.8496   999.8616     13.365      9.215 0.0000e+00
      9.375     -0.085   -19.2070     1.0636      9.155 1.4734e+00     15.998     60.843  41.187780     0.4974     0.8968     8.8456   999.8618     13.335      9.195 0.0000e+00
      9.351     -0.090   -19.4248     1.0564      9.167 1.4912e+00     15.998     60.836  41.178724     0.4582     0.8968     8.8409   999.8621     13.303      9.172 0.0000e+00
      9.325     -0.095   -19.6303     1.0678      9.206 1.5144e+00     15.997     60.800  41.152276     0.4347     0.9186     8.8382   999.8621     13.263      9.143 0.0000e+00
      9.300     -0.098   -19.8606     1.0807      9.239 1.5409e+00     15.997     60.767  41.130491     0.4427     0.9350     8.8391   999.8619     13.223      9.116 0.0000e+00
      9.280     -0.098   -20.1073     1.0713      9.229 1.5619e+00     15.997     60.757  41.125894     0.4680     0.9198     8.8426   999.8615     13.191      9.094 0.0000e+00
      9.265     -0.094   -20.3037     1.0663      9.188 1.5717e+00     15.997     60.787  41.149822     0.4915     0.8837     8.8464   999.8612     13.173      9.081 0.0000e+00
      9.255     -0.087   -20.4299     1.0594      9.150 1.5747e+00     15.997     60.891  41.221375     0.5051     0.8467     8.8487   999.8610     13.167      9.078 0.0000e+00
      9.245     -0.078   -20.5389     1.0522      9.148 1.5803e+00     15.997     61.047  41.324101     0.5126     0.8253     8.8466   999.8611     13.156      9.071 0.0000e+00
      9.230     -0.070   -20.6721     1.0681      9.188 1.5941e+00     15.996     61.162  41.396944     0.5207     0.8408     8.8397   999.8617     13.130      9.053 0.0000e+00
      9.212     -0.064   -20.8253     1.0761      9.228 1.6170e+00     15.996     61.177  41.400195     0.5255     0.8777     8.8329   999.8621     13.105      9.035 0.0000e+00
      9.190     -0.061   -21.0061     1.0734      9.232 1.6462e+00     15.997     61.116  41.354056     0.5187     0.8888     8.8292   999.8622     13.079      9.019 0.0000e+00
      9.165     -0.062   -21.2157     1.0692      9.210 1.6736e+00     15.997     61.029  41.293072     0.5061     0.8692     8.8271   999.8623     13.039      8.990 0.0000e+00
      9.140     -0.067   -21.3989     1.0616      9.194 1.6917e+00     15.997     60.944  41.235122     0.4998     0.8590     8.8268   999.8620     12.994      8.958 0.0000e+00
      9.115     -0.076   -21.4992     1.0700      9.195 1.7023e+00     15.997     60.904  41.208546     0.5044     0.8787     8.8292   999.8617     12.962      8.937 0.0000e+00
      9.094     -0.084   -21.5202     1.0683      9.195 1.7120e+00     15.997     60.919  41.218869     0.5170     0.9004     8.8301   999.8616     12.933      8.917 0.0000e+00
      9.074     -0.089   -21.5124     1.0647      9.183 1.7247e+00     15.997     60.949  41.237286     0.5247     0.8969     8.8273   999.8617     12.902      8.896 0.0000e+00
      9.057     -0.089   -21.5446     1.0671      9.162 1.7397e+00     15.997     60.995  41.266474     0.5125     0.8928     8.8253   999.8618     12.879      8.881 0.0000e+00
      9.043     -0.086   -21.6419     1.0567      9.136 1.7524e+00     15.997     61.063  41.309851     0.4823     0.9219     8.8242   999.8619     12.859      8.866 0.0000e+00
      9.033     -0.079   -21.7274     1.0580      9.118 1.7613e+00     15.998     61.097  41.329736     0.4553     0.9639     8.8204   999.8621     12.843      8.853 0.0000e+00
      9.023     -0.069   -21.7651     1.0579      9.110 1.7758e+00     15.998     61.064  41.305475     0.4462     0.9775     8.8166   999.8623     12.841      8.853 0.0000e+00
      9.004     -0.063   -21.8706     1.0552      9.110 1.8115e+00     15.997     60.958  41.234307     0.4469     0.9765     8.8175   999.8622     12.833      8.847 0.0000e+00
      8.966     -0.064   -22.0769     1.0605      9.110 1.8723e+00     15.997     60.704  41.066438     0.4470     1.0160     8.8234   999.8616     12.776      8.809 0.0000e+00
      8.912     -0.077   -22.2291     1.0571      9.099 1.9446e+00     15.997     60.268  40.776249     0.4478     1.1074     8.8270   999.8608     12.678      8.741 0.0000e+00
      8.856     -0.097   -22.2601     1.0507      9.087 2.0114e+00     15.997     59.847  40.497624     0.4557     1.1926     8.8297   999.8600     12.582      8.676 0.0000e+00
      8.809     -0.122   -22.2776     1.0521      9.097 2.0585e+00     15.996     59.683  40.396217     0.4817     1.1948     8.8384   999.8591     12.512      8.627 0.0000e+00
      8.777     -0.142   -22.3485     1.0609      9.127 2.0818e+00     15.996     59.751  40.452369     0.5342     1.0923     8.8499   999.8582     12.467      8.594 0.0000e+00
      8.759     -0.153   -22.4557     1.0634      9.156 2.0936e+00     15.996     59.881  40.549815     0.5967     0.9720     8.8603   999.8575     12.445      8.581 0.0000e+00
      8.751     -0.151   -22.5912     1.0625      9.173 2.1055e+00     15.996     60.017  40.645444     0.6392     0.9318     8.8651   999.8571     12.445      8.580 0.0000e+00
      8.741     -0.136   -22.7366     1.0669      9.180 2.1245e+00     15.996     60.151  40.731887     0.6639     0.9396     8.8593   999.8576     12.445      8.581 0.0000e+00
      8.720     -0.115   -22.8751     1.0657      9.171 2.1665e+00     15.997     60.170  40.734672     0.6974     0.9137     8.8473   999.8585     12.427      8.568 0.0000e+00
      8.680     -0.098   -23.0002     1.0620      9.141 2.2360e+00     15.997     59.875  40.525723     0.7404     0.8627     8.8353   999.8592     12.366      8.525 0.0000e+00
      8.626     -0.094   -23.0824     1.0569      9.096 2.3138e+00     15.997     59.258  40.105668     0.7710     0.8454     8.8292   999.8590     12.267      8.457 0.0000e+00
      8.573     -0.103   -23.1390     1.0475      9.050 2.3810e+00     15.997     58.672  39.717013     0.7841     0.8731     8.8384   999.8575     12.175      8.395 0.0000e+00
      8.532     -0.120   -23.2199     1.0423      9.029 2.4291e+00     15.996     58.456  39.585921     0.7904     0.9074     8.8585   999.8559     12.120      8.356 0.0000e+00
      8.503     -0.138   -23.3393     1.0455      9.046 2.4591e+00     15.996     58.540  39.657225     0.7904     0.9098     8.8745   999.8548     12.090      8.336 0.0000e+00
      8.480     -0.149   -23.4996     1.0562      9.084 2.4806e+00     15.996     58.678  39.759832     0.7811     0.8863     8.8814   999.8542     12.062      8.317 0.0000e+00
      8.459     -0.150   -23.6457     1.0576      9.115 2.5023e+00     15.995     58.784  39.835084     0.7746     0.8799     8.8827   999.8541     12.027      8.293 0.0000e+00
      8.442     -0.140   -23.6967     1.0572      9.131 2.5221e+00     15.994     58.897  39.911064     0.7880     0.8961     8.8809   999.8541     11.997      8.272 0.0000e+00
      8.430     -0.120   -23.6891     1.0641      9.126 2.5392e+00     15.994     59.065  40.020044     0.8269     0.9046     8.8780   999.8543     11.988      8.266 0.0000e+00
      8.417     -0.097   -23.7401     1.0541      9.098 2.5683e+00     15.995     59.241  40.131838     0.8745     0.8971     8.8725   999.8548     11.986      8.263 0.0000e+00
      8.395     -0.081   -23.8760     1.0451      9.082 2.6213e+00     15.996     59.239  40.119431     0.9049     0.8897     8.8603   999.8557     11.958      8.244 0.0000e+00
      8.364     -0.075   -24.0017     1.0557      9.103 2.6864e+00     15.996     58.923  39.895482     0.9162     0.8985     8.8465   999.8563     11.899      8.203 0.0000e+00
      8.329     -0.078   -24.0472     1.0647      9.135 2.7439e+00     15.996     58.448  39.571197     0.9223     0.9131     8.8430   999.8561     11.838      8.162 0.0000e+00
      8.299     -0.085   -24.0328     1.0626      9.138 2.7874e+00     15.996     58.127  39.357912     0.9238     0.9155     8.8514   999.8552     11.797      8.134 0.0000e+00
      8.274     -0.093   -24.0087     1.0576      9.106 2.8263e+00     15.996     58.087  39.339162     0.9181     0.9041     8.8624   999.8544     11.769      8.114 0.0000e+00
      8.251     -0.100   -24.0140     1.0507      9.052 2.8729e+00     15.996     58.213  39.430422     0.9227     0.9002     8.8680   999.8540     11.738      8.093 0.0000e+00
      8.228     -0.105   -24.0425     1.0398      9.001 2.9259e+00     15.996     58.367  39.535826     0.9600     0.9544     8.8679   999.8539     11.704      8.069 0.0000e+00
      8.206     -0.106   -24.0764     1.0357      8.986 2.9715e+00     15.996     58.522  39.639492     1.0157     1.0625     8.8665   999.8540     11.672      8.047 0.0000e+00
      8.186     -0.102   -24.1373     1.0447      9.017 3.0038e+00     15.995     58.691  39.749425     1.0524     1.1355     8.8628   999.8541     11.639      8.025 0.0000e+00
      8.168     -0.094   -24.2229     1.0520      9.075 3.0346e+00     15.994     58.837  39.842314     1.0585     1.1247     8.8559   999.8547     11.614      8.009 0.0000e+00
      8.150     -0.087   -24.3279     1.0615      9.129 3.0802e+00     15.994     58.893  39.875195     1.0461     1.0586     8.8505   999.8551     11.599      7.998 0.0000e+00
      8.128     -0.083   -24.4917     1.0694      9.144 3.1413e+00     15.994     58.843  39.838662     1.0271     0.9749     8.8479   999.8551     11.570      7.976 0.0000e+00
      8.099     -0.083   -24.6632     1.0549      9.121 3.2094e+00     15.995     58.721  39.753588     1.0064     0.9053     8.8469   999.8550     11.522      7.944 0.0000e+00
      8.065     -0.087   -24.7087     1.0506      9.101 3.2835e+00     15.996     58.507  39.607833     0.9782     0.8716     8.8463   999.8548     11.473      7.910 0.0000e+00
      8.030     -0.094   -24.6295     1.0595      9.099 3.3614e+00     15.996     58.177  39.386389     0.9347     0.8672     8.8465   999.8545     11.421      7.875 0.0000e+00
      7.997     -0.102   -24.5394     1.0569      9.085 3.4309e+00     15.995     57.834  39.159767     0.8892     0.8739     8.8511   999.8538     11.367      7.836 0.0000e+00
      7.971     -0.110   -24.4812     1.0500      9.044 3.4812e+00     15.993     57.659  39.048601     0.8655     0.8866     8.8595   999.8529     11.325      7.808 0.0000e+00
      7.951     -0.114   -24.4312     1.0396      8.999 3.5167e+00     15.993     57.700  39.085187     0.8640     0.8945     8.8690   999.8523     11.306      7.795 0.0000e+00
      7.934     -0.113   -24.3872     1.0372      8.984 3.5591e+00     15.993     57.828  39.178754     0.8857     0.8839     8.8759   999.8519     11.293      7.786 0.0000e+00
      7.911     -0.108   -24.3411     1.0426      9.006 3.6316e+00     15.994     57.857  39.201566     0.9585     0.8736     8.8780   999.8516     11.265      7.768 0.0000e+00
      7.878     -0.103   -24.2500     1.0489      9.050 3.7323e+00     15.994     57.604  39.031171     1.0726     0.8870     8.8765   999.8515     11.214      7.732 0.0000e+00
