Data/DataNotYetUploadedToEDI/Raw_CTD/RawDownloads/053122_bvr01_0002.cnv
* Sea-Bird SBE19plus  Data File:
* FileName = C:\R\Reservoirs\Data\DataNotYetUploadedToEDI\Raw_CTD\RawDownloads\053122_bvr01_0002.hex
* Software version 2.8.0.119
* Temperature SN = 7809
* Conductivity SN = 7809
* System UpLoad Time = Jun 07 2022 07:55:34
* <ApplicationData>
* <Seaterm232>
# nquan = 15
# nvalues = 1037                        
# units = specified
# name 0 = depFM: Depth [fresh water, m]
# name 1 = dz/dtM: Descent Rate [m/s]
# name 2 = sbeox0Mg/L: Oxygen, SBE 43 [mg/l]
# name 3 = sbeox0PS: Oxygen, SBE 43 [% saturation]
# name 4 = specc: Specific Conductance [uS/cm]
# name 5 = c0uS/cm: Conductivity [uS/cm]
# name 6 = flECO-AFL: Fluorescence, WET Labs ECO-AFL/FL [mg/m^3]
# name 7 = ph: pH
# name 8 = orp: Oxidation Reduction Potential [mV]
# name 9 = par/sat/log: PAR/Logarithmic, Satlantic
# name 10 = turbWETntu0: Turbidity, WET Labs ECO [NTU]
# name 11 = prdM: Pressure, Strain Gauge [db]
# name 12 = prdE: Pressure, Strain Gauge [psi]
# name 13 = tv290C: Temperature [ITS-90, deg C]
# name 14 = flag:  0.000e+00
# span 0 =     -0.705,      3.634       
# span 1 =     -0.302,      0.109       
# span 2 =     2.6857,     8.5676       
# span 3 =     27.250,     95.292       
# span 4 =      0.294,     28.753       
# span 5 =   0.308970,  27.026068       
# span 6 =    -1.8961,     7.2062       
# span 7 =     -2.266,      9.098       
# span 8 = -1240.7455,   340.4318       
# span 9 = 4.7478e+00, 2.5862e+03       
# span 10 =    -7.7586,    10.6005      
# span 11 =     -0.692,      3.564      
# span 12 =     -1.005,      5.170      
# span 13 =    15.1894,    27.5582      
# span 14 = 0.0000e+00, 0.0000e+00      
# interval = seconds: 0.25
# start_time = May 31 2022 08:14:25 [Instrument's time stamp, header]
# bad_flag = -9.990e-29
*END*
[from data line 964]
      0.842     -0.046     7.5876     84.826     26.410  23.748113     5.5075      8.268   202.8468 9.2905e+01     5.1757      0.826      1.199    19.8522 0.0000e+00
      0.842     -0.045     7.6069     85.263     26.443  23.798433     5.5057      8.297   202.5293 9.3472e+01     5.1823      0.829      1.203    19.8810 0.0000e+00
      0.832     -0.046     7.6431     85.661     26.533  23.905970     5.4883      8.325   202.6012 9.5037e+01     5.1591      0.821      1.191    19.9047 0.0000e+00
      0.810     -0.045     7.6853     85.990     26.633  24.034387     5.4883      8.354   202.5976 9.7180e+01     5.1688      0.797      1.156    19.9229 0.0000e+00
      0.783     -0.037     7.7181     86.299     26.701  24.147050     5.4985      8.384   202.4856 9.7719e+01     5.1280      0.763      1.107    19.9522 0.0000e+00
      0.765     -0.022     7.7541     86.628     26.758  24.254250     5.5026      8.414   202.3650 9.6863e+01     5.0415      0.744      1.079    19.9908 0.0000e+00
      0.763     -0.003     7.7860     86.968     26.834  24.379977     5.6377      8.443   202.2578 9.4383e+01     5.0805      0.742      1.076    20.0345 0.0000e+00
      0.776      0.012     7.8010     87.269     26.860  24.463161     5.9176      8.468   201.8788 9.0812e+01     5.2566      0.759      1.100    20.1076 0.0000e+00
      0.795      0.017     7.8124     87.540     26.833  24.499593     6.0893      8.490   201.1379 8.8090e+01     5.3950      0.783      1.138    20.2110 0.0000e+00
      0.807      0.005     7.8248     87.813     26.777  24.503681     6.1157      8.510   200.4412 8.6548e+01     5.3876      0.794      1.152    20.3178 0.0000e+00
      0.811     -0.022     7.8432     88.061     26.677  24.449292     6.1032      8.529   199.9075 8.6286e+01     5.3387      0.798      1.157    20.4199 0.0000e+00
      0.806     -0.059     7.8525     88.307     26.553  24.349036     6.0717      8.545   199.5893 8.7779e+01     5.3159      0.797      1.156    20.5305 0.0000e+00
      0.785     -0.099     7.8551     88.651     26.443  24.242148     6.0430      8.559   199.5188 9.0317e+01     5.2833      0.775      1.124    20.6510 0.0000e+00
      0.750     -0.134     7.8664     89.176     26.384  24.170913     6.0311      8.572   199.3999 9.2743e+01     5.2510      0.739      1.070    20.7601 0.0000e+00
      0.705     -0.159     7.8752     89.854     26.359  24.121455     6.0112      8.583   199.1841 9.4721e+01     5.1986      0.695      1.007    20.8377 0.0000e+00
      0.655     -0.168     7.8901     90.610     26.356  24.087745     5.8268      8.593   198.9746 9.6618e+01     5.1275      0.644      0.934    20.8609 0.0000e+00
      0.601     -0.156     7.9204     91.461     26.378  24.080159     5.5087      8.599   198.6726 9.9936e+01     5.1091      0.589      0.854    20.8401 0.0000e+00
      0.549     -0.129     7.9734     92.358     26.411  24.093066     5.3444      8.600   198.3730 1.0447e+02     5.1466      0.533      0.773    20.8048 0.0000e+00
      0.511     -0.095     8.0478     93.179     26.448  24.117036     5.3130      8.600   198.1050 1.0736e+02     5.1713      0.491      0.712    20.7562 0.0000e+00
      0.497     -0.060     8.1215     93.883     26.455  24.116471     5.1965      8.603   197.6688 1.0796e+02     5.1685      0.480      0.697    20.6909 0.0000e+00
      0.502     -0.029     8.2091     94.417     26.429  24.086219     5.0081      8.608   197.4016 1.0699e+02     5.1470      0.492      0.714    20.6321 0.0000e+00
      0.511     -0.003     8.3018     94.745     26.415  24.068126     4.9164      8.616   197.6277 1.0498e+02     5.1165      0.504      0.730    20.6022 0.0000e+00
      0.514      0.016     8.3758     94.940     26.436  24.087830     4.9372      8.624   197.9934 1.0314e+02     5.1408      0.507      0.736    20.5864 0.0000e+00
      0.511      0.024     8.4445     95.131     26.475  24.134320     5.0346      8.633   198.1239 1.0161e+02     5.2024      0.500      0.726    20.5761 0.0000e+00
      0.512      0.025     8.4954     95.292     26.515  24.186630     5.1777      8.643   197.9144 1.0169e+02     5.2814      0.495      0.718    20.5651 0.0000e+00
      0.526      0.025     8.5264     95.283     26.529  24.213327     5.2536      8.653   197.6978 1.0476e+02     5.3779      0.514      0.746    20.5471 0.0000e+00
      0.542      0.023     8.5370     95.098     26.504  24.203636     5.2616      8.661   197.8279 1.0652e+02     5.4128      0.537      0.780    20.5441 0.0000e+00
      0.550      0.015     8.5508     94.873     26.481  24.196227     5.1819      8.668   198.1100 1.0503e+02     5.2592      0.542      0.785    20.5710 0.0000e+00
      0.552     -0.005     8.5676     94.712     26.463  24.187142     5.0226      8.677   198.3552 1.0528e+02     4.9890      0.540      0.783    20.6055 0.0000e+00
      0.552     -0.032     8.5614     94.611     26.435  24.157177     4.9343      8.685   198.2973 1.0731e+02     4.8794      0.544      0.790    20.6307 0.0000e+00
      0.546     -0.057     8.5363     94.574     26.436  24.150788     4.9293      8.692   197.8409 1.0854e+02     4.9238      0.543      0.788    20.6530 0.0000e+00
      0.525     -0.078     8.5049     94.592     26.464  24.173256     4.9204      8.697   197.3108 1.0868e+02     4.9452      0.520      0.752    20.6852 0.0000e+00
      0.492     -0.097     8.4912     94.615     26.464  24.175334     4.7779      8.703   196.7067 1.0696e+02     4.9672      0.481      0.698    20.7048 0.0000e+00
      0.458     -0.115     8.4825     94.573     26.459  24.175920     4.5211      8.710   196.0430 1.0405e+02     5.0532      0.446      0.647    20.6890 0.0000e+00
      0.430     -0.129     8.4833     94.384     26.458  24.180353     4.3785      8.717   195.4800 1.0108e+02     5.1312      0.421      0.609    20.6679 0.0000e+00
      0.402     -0.137     8.4880     94.032     26.436  24.165562     4.3351      8.724   195.0629 1.0030e+02     5.1597      0.398      0.577    20.6616 0.0000e+00
      0.367     -0.141     8.4903     93.564     26.450  24.187209     3.9885      8.729   194.8716 1.0228e+02     5.0557      0.364      0.527    20.6686 0.0000e+00
      0.324     -0.142     8.4883     93.039     26.503  24.251974     3.3424      8.732   194.7161 1.0544e+02     4.7961      0.316      0.458    20.6821 0.0000e+00
      0.281     -0.135     8.4697     92.454     26.543  24.314909     2.9979      8.730   194.6443 1.1008e+02     4.6512      0.273      0.396    20.6913 0.0000e+00
      0.242     -0.120     8.4354     91.768     26.508  24.314429     2.9782      8.725   194.8638 1.1644e+02     4.7038      0.236      0.342    20.6997 0.0000e+00
      0.208     -0.102     8.3876     90.996     26.400  24.246229     2.9542      8.719   195.3922 1.2402e+02     4.7835      0.201      0.290    20.7150 0.0000e+00
      0.185     -0.093     8.3370     90.251     26.376  24.250842     2.9152      8.712   196.4729 1.3084e+02     4.8285      0.176      0.255    20.7419 0.0000e+00
      0.176     -0.097     8.2786     89.669     26.415  24.306869     2.8988      8.706   198.0358 1.3534e+02     4.8392      0.170      0.246    20.7912 0.0000e+00
      0.174     -0.107     8.2061     89.309     26.375  24.289920     2.8971      8.699   200.0924 1.4615e+02     4.8789      0.176      0.256    20.8605 0.0000e+00
      0.155     -0.116     8.1234     89.129     26.352  24.299444     2.8200      8.689   211.0144 2.3136e+02     4.9327      0.167      0.243    20.9179 0.0000e+00
      0.105     -0.119     8.0439     89.039     26.373  24.358689     2.6567      8.682   230.3733 2.9952e+02     4.9082      0.109      0.158    20.9710 0.0000e+00
      0.043     -0.114     7.9832     88.931     26.334  24.372552     2.5552      8.680   233.0849 2.1723e+02     4.8905      0.031      0.046    21.0114 0.0000e+00
      0.001     -0.101     7.9511     88.682     26.295  24.403757     2.5494      8.680   218.2473 1.3989e+02     4.9236     -0.010     -0.014    21.0268 0.0000e+00
     -0.014     -0.080     7.9272     88.212     26.298  24.482570     2.5613      8.678   218.2325 1.2847e+02     4.9324     -0.018     -0.027    21.0960 0.0000e+00
     -0.013     -0.056     7.9104     87.575     26.223  24.501702     2.5573      8.674   234.8854 1.1577e+02     4.8949     -0.012     -0.019    21.1741 0.0000e+00
     -0.011     -0.046     7.8926     86.870     26.046  24.445067     2.5433      8.672   244.5063 1.1331e+02     4.8454     -0.006     -0.009    21.2518 0.0000e+00
     -0.016     -0.059     7.8522     86.100     25.981  24.495090     2.5408      8.671   245.4210 1.2146e+02     4.8809     -0.012     -0.018    21.3964 0.0000e+00
     -0.029     -0.091     7.7870     85.300     26.002  24.599676     2.5527      8.671   245.2573 1.3927e+02     4.9479     -0.026     -0.038    21.5371 0.0000e+00
     -0.050     -0.131     7.7017     84.683     25.837  24.505589     2.5047      8.671   242.3551 1.8958e+02     4.9384     -0.045     -0.065    21.6953 0.0000e+00
     -0.088     -0.178     7.6099     84.553     25.661  24.371589     2.3842      8.667   235.7125 2.4389e+02     4.9365     -0.079     -0.114    21.9140 0.0000e+00
     -0.146     -0.230     7.5067     85.076     25.692  24.373809     2.3109      8.655   225.3408 2.7454e+02     4.9593     -0.140     -0.205    22.1628 0.0000e+00
     -0.213     -0.277     7.4073     86.136     25.735  24.342273     2.2178      8.638   214.5200 5.9746e+02     4.9749     -0.211     -0.307    22.3181 0.0000e+00
     -0.283     -0.302     7.3291     87.476     25.752  24.243685     1.1503      8.628   212.8594 1.1627e+03     5.0908     -0.267     -0.386    22.4147 0.0000e+00
     -0.377     -0.301     7.2926     88.999     25.914  24.195631    -0.8249      8.626   216.9641 1.3266e+03     5.2678     -0.358     -0.520    22.5516 0.0000e+00
     -0.489     -0.279     7.3551     90.674     26.181  24.204596    -1.8961      8.626   216.9141 1.0443e+03     5.3383     -0.487     -0.707    22.4543 0.0000e+00
     -0.581     -0.244     7.4834     92.219     26.414  24.224997    -1.8066      8.627   217.3298 7.8531e+02     5.3289     -0.590     -0.855    22.2890 0.0000e+00
     -0.627     -0.197     7.6189     93.004     25.884  23.618157     0.1832      8.631   225.9487 7.4754e+02     4.9149     -0.628     -0.911    22.1610 0.0000e+00
     -0.646     -0.141     7.8171     92.309     20.692  18.831714     3.8176      8.634   242.1400 8.5779e+02     4.0894     -0.624     -0.906    21.7135 0.0000e+00
     -0.669     -0.089     8.0564     89.893     11.631  10.569640     5.7905      8.638   260.4646 8.1910e+02     3.6486     -0.658     -0.953    21.1732 0.0000e+00
     -0.689     -0.052     8.2739     86.254      6.548   5.943823     5.8756      8.643   255.5563 4.7724e+02     3.4113     -0.685     -0.992    20.8040 0.0000e+00
     -0.696     -0.032     8.4092     82.210      5.677   5.150459     4.8634      8.647   178.8358 2.2670e+02     0.6063     -0.683     -0.989    20.5767 0.0000e+00
     -0.697     -0.019     8.3785     78.325      4.986   4.522783     2.9823      8.655    55.6588 1.9515e+02    -4.6131     -0.684     -0.992    20.4562 0.0000e+00
     -0.697     -0.009     8.1487     75.001      4.328   3.926216     1.9498      8.665   -19.2352 1.8653e+02    -7.5001     -0.683     -0.991    20.3922 0.0000e+00
     -0.696     -0.004     7.7977     73.536      4.077   3.698845     1.8603      8.670   -33.8263 1.8115e+02    -7.7586     -0.684     -0.991    20.3637 0.0000e+00
     -0.696 -9.990e-29     7.4094 -9.990e-29 -9.990e-29 -9.990e-29 -9.990e-29 -9.990e-29 -9.990e-29 1.7082e+02 -9.990e-29     -0.683     -0.990    20.3544 0.0000e+00
     -0.696 -9.990e-29     7.0664 -9.990e-29 -9.990e-29 -9.990e-29 -9.990e-29 -9.990e-29 -9.990e-29 1.5964e+02 -9.990e-29     -0.683     -0.990    20.3548 0.0000e+00
     -0.696 -9.990e-29     6.7201 -9.990e-29 -9.990e-29 -9.990e-29 -9.990e-29 -9.990e-29 -9.990e-29 1.5511e+02 -9.990e-29     -0.683     -0.991    20.3558 0.0000e+00
     -0.696 -9.990e-29     6.5110 -9.990e-29 -9.990e-29 -9.990e-29 -9.990e-29 -9.990e-29 -9.990e-29 1.5473e+02 -9.990e-29     -0.683     -0.990    20.3573 0.0000e+00
