Data/DataNotYetUploadedToEDI/Raw_CTD/RawDownloads/053122_bvr01_0002.cnv
* Sea-Bird SBE19plus  Data File:
* FileName = C:\R\Reservoirs\Data\DataNotYetUploadedToEDI\Raw_CTD\RawDownloads\053122_bvr01_0002.hex
* Software version 2.8.0.119
* Temperature SN = 7809
* Conductivity SN = 7809
* System UpLoad Time = Jun 07 2022 07:55:34
* <ApplicationData>
* <Seaterm232>
# nquan = 15
# nvalues = 1037                        
# units = specified
# name 0 = depFM: Depth [fresh water, m]
# name 1 = dz/dtM: Descent Rate [m/s]
# name 2 = sbeox0Mg/L: Oxygen, SBE 43 [mg/l]
# name 3 = sbeox0PS: Oxygen, SBE 43 [% saturation]
# name 4 = specc: Specific Conductance [uS/cm]
# name 5 = c0uS/cm: Conductivity [uS/cm]
# name 6 = flECO-AFL: Fluorescence, WET Labs ECO-AFL/FL [mg/m^3]
# name 7 = ph: pH
# name 8 = orp: Oxidation Reduction Potential [mV]
# name 9 = par/sat/log: PAR/Logarithmic, Satlantic
# name 10 = turbWETntu0: Turbidity, WET Labs ECO [NTU]
# name 11 = prdM: Pressure, Strain Gauge [db]
# name 12 = prdE: Pressure, Strain Gauge [psi]
# name 13 = tv290C: Temperature [ITS-90, deg C]
# name 14 = flag:  0.000e+00
# span 0 =     -0.705,      3.634       
# span 1 =     -0.302,      0.109       
# span 2 =     2.6857,     8.5676       
# span 3 =     27.250,     95.292       
# span 4 =      0.294,     28.753       
# span 5 =   0.308970,  27.026068       
# span 6 =    -1.8961,     7.2062       
# span 7 =     -2.266,      9.098       
# span 8 = -1240.7455,   340.4318       
# span 9 = 4.7478e+00, 2.5862e+03       
# span 10 =    -7.7586,    10.6005      
# span 11 =     -0.692,      3.564      
# span 12 =     -1.005,      5.170      
# span 13 =    15.1894,    27.5582      
# span 14 = 0.0000e+00, 0.0000e+00      
# interval = seconds: 0.25
# start_time = May 31 2022 08:14:25 [Instrument's time stamp, header]
# bad_flag = -9.990e-29
*END*
[from data line 675]
      2.845      0.006     6.4295     68.190     27.415  24.090983     4.6658      8.082   221.1835 1.6945e+01     4.3902      2.792      4.049    18.9392 0.0000e+00
      2.839      0.000     6.4172     67.634     27.369  24.071299     4.5527      8.077   221.7983 1.7073e+01     4.4576      2.782      4.034    18.8707 0.0000e+00
      2.835     -0.002     6.4021     66.947     27.329  24.053707     4.3505      8.072   222.2832 1.7056e+01     4.5002      2.779      4.031    18.8529 0.0000e+00
      2.835      0.002     6.3809     66.183     27.328  24.068431     4.2262      8.065   222.6584 1.7034e+01     4.4614      2.779      4.031    18.8880 0.0000e+00
      2.836      0.012     6.3396     65.508     27.378  24.122584     4.1898      8.058   222.9795 1.7064e+01     4.4322      2.781      4.033    18.9352 0.0000e+00
      2.838      0.022     6.2797     65.065     27.474  24.201487     4.1517      8.053   223.0680 1.7007e+01     4.4546      2.781      4.034    18.9716 0.0000e+00
      2.844      0.029     6.2141     64.905     27.579  24.261932     4.1071      8.047   223.1258 1.6779e+01     4.4933      2.786      4.041    19.0036 0.0000e+00
      2.856      0.033     6.1309     65.030     27.655  24.283003     4.0912      8.041   223.3344 1.6461e+01     4.4897      2.800      4.061    19.0315 0.0000e+00
      2.870      0.034     6.0605     65.365     27.681  24.266069     4.0933      8.034   223.6108 1.6177e+01     4.4449      2.816      4.084    19.0593 0.0000e+00
      2.881      0.034     6.0185     65.745     27.690  24.247249     4.1498      8.029   223.8867 1.6022e+01     4.4308      2.829      4.101    19.0605 0.0000e+00
      2.888      0.031     6.0107     65.965     27.713  24.245554     4.2660      8.026   224.0882 1.5939e+01     4.4903      2.833      4.109    18.9940 0.0000e+00
      2.893      0.026     6.0380     65.897     27.740  24.245545     4.3161      8.024   224.1550 1.5827e+01     4.5153      2.837      4.114    18.8902 0.0000e+00
      2.898      0.018     6.0833     65.492     27.772  24.247114     4.3064      8.021   224.0924 1.5648e+01     4.4589      2.841      4.121    18.8153 0.0000e+00
      2.906      0.012     6.1320     64.756     27.816  24.264483     4.3069      8.018   224.1055 1.5455e+01     4.4242      2.850      4.133    18.7766 0.0000e+00
      2.911      0.010     6.1602     63.820     27.829  24.265394     4.2894      8.014   224.3132 1.5410e+01     4.4365      2.857      4.144    18.7424 0.0000e+00
      2.909      0.011     6.1598     62.830     27.763  24.194753     4.2443      8.010   224.5383 1.5537e+01     4.4712      2.855      4.142    18.6998 0.0000e+00
      2.904      0.013     6.1308     61.825     27.698  24.107475     4.2110      8.006   224.6766 1.5588e+01     4.4678      2.845      4.127    18.6474 0.0000e+00
      2.904      0.017     6.0619     60.865     27.662  24.033963     4.2035      8.002   224.8676 1.5419e+01     4.4303      2.844      4.125    18.6009 0.0000e+00
      2.913      0.022     5.9682     60.030     27.612  23.939610     4.2365      7.998   225.2125 1.5191e+01     4.4948      2.857      4.143    18.5925 0.0000e+00
      2.923      0.028     5.8783     59.344     27.582  23.853848     4.3020      7.994   225.5771 1.4986e+01     4.6339      2.867      4.158    18.5862 0.0000e+00
      2.933      0.033     5.7895     58.804     27.612  23.820798     4.3296      7.991   225.9210 1.4797e+01     4.6779      2.876      4.171    18.5194 0.0000e+00
      2.942      0.034     5.7043     58.319     27.703  23.856807     4.2952      7.989   226.3584 1.4617e+01     4.6503      2.886      4.186    18.4382 0.0000e+00
      2.951      0.031     5.6376     57.820     27.788  23.908926     4.0932      7.984   226.8217 1.4406e+01     4.6753      2.893      4.196    18.3577 0.0000e+00
      2.959      0.025     5.5835     57.347     27.836  23.943949     3.7520      7.980   227.1351 1.4201e+01     4.7408      2.901      4.208    18.2375 0.0000e+00
      2.967      0.016     5.5513     56.850     27.853  23.963389     3.5657      7.976   227.3083 1.4030e+01     4.7252      2.911      4.221    18.1177 0.0000e+00
      2.973      0.006     5.5193     56.274     27.819  23.953854     3.5473      7.972   227.4536 1.3924e+01     4.6573      2.917      4.230    18.0382 0.0000e+00
      2.974     -0.006     5.4689     55.658     27.793  23.955434     3.5550      7.969   227.5160 1.3947e+01     4.6041      2.918      4.233    18.0061 0.0000e+00
      2.970     -0.021     5.4299     55.079     27.804  23.982524     3.5664      7.965   227.5456 1.4067e+01     4.5252      2.914      4.226    17.9997 0.0000e+00
      2.962     -0.032     5.3850     54.629     27.841  24.027921     3.5693      7.961   227.8117 1.4191e+01     4.4887      2.904      4.212    18.0016 0.0000e+00
      2.952     -0.036     5.3234     54.389     27.857  24.060723     3.5731      7.954   228.1514 1.4385e+01     4.5047      2.896      4.200    18.0433 0.0000e+00
      2.937     -0.031     5.2570     54.399     27.829  24.062275     3.6624      7.948   228.2978 1.4761e+01     4.4793      2.883      4.181    18.1002 0.0000e+00
      2.918     -0.017     5.1955     54.641     27.859  24.110092     3.8420      7.942   228.6353 1.5072e+01     4.4559      2.859      4.147    18.1283 0.0000e+00
      2.909      0.003     5.1494     55.043     27.935  24.195277     3.9553      7.935   229.3066 1.4994e+01     4.4601      2.845      4.126    18.1413 0.0000e+00
      2.915      0.026     5.1210     55.498     27.923  24.205008     3.9658      7.927   229.9620 1.4671e+01     4.4272      2.856      4.143    18.1753 0.0000e+00
      2.931      0.047     5.1173     55.943     27.790  24.101028     3.9115      7.921   230.5371 1.4287e+01     4.4003      2.872      4.166    18.2328 0.0000e+00
      2.952      0.063     5.1379     56.356     27.634  23.952083     3.4905      7.916   231.0120 1.3833e+01     4.5786      2.893      4.195    18.2692 0.0000e+00
      2.977      0.071     5.1780     56.696     27.582  23.861732     2.7539      7.913   231.4870 1.3444e+01     4.9431      2.921      4.238    18.2970 0.0000e+00
      2.997      0.071     5.2175     56.926     27.628  23.832412     2.3709      7.910   232.1513 1.3180e+01     5.1526      2.941      4.265    18.3427 0.0000e+00
      3.013      0.067     5.2555     57.048     27.738  23.850981     2.3309      7.905   232.8486 1.2956e+01     5.1648      2.955      4.285    18.3749 0.0000e+00
      3.028      0.062     5.2986     57.068     27.941  23.959399     2.1863      7.900   233.3789 1.2758e+01     5.2268      2.970      4.307    18.3561 0.0000e+00
      3.042      0.055     5.3414     56.948     28.126  24.065839     1.9468      7.895   233.6592 1.2571e+01     5.3562      2.984      4.327    18.2691 0.0000e+00
      3.056      0.048     5.3784     56.672     28.164  24.060497     1.8229      7.890   233.8279 1.2382e+01     5.3967      2.998      4.347    18.1294 0.0000e+00
      3.070      0.042     5.4041     56.171     28.138  24.021507     1.8124      7.886   234.0425 1.2214e+01     5.3750      3.011      4.368    17.9821 0.0000e+00
      3.082      0.034     5.4232     55.381     28.152  24.038025     1.7775      7.883   234.1886 1.2099e+01     5.3671      3.023      4.386    17.8610 0.0000e+00
      3.088      0.027     5.4208     54.426     28.179  24.070103     1.7099      7.879   234.3048 1.2041e+01     5.3705      3.029      4.393    17.7718 0.0000e+00
      3.092      0.022     5.4040     53.411     28.209  24.092495     1.6774      7.875   234.5010 1.1994e+01     5.4150      3.032      4.397    17.6967 0.0000e+00
      3.095      0.018     5.3678     52.371     28.257  24.118630     1.6843      7.871   234.5816 1.1926e+01     5.4279      3.035      4.402    17.6619 0.0000e+00
      3.097      0.016     5.2800     51.387     28.298  24.132583     1.7517      7.866   234.5053 1.1852e+01     5.3549      3.037      4.404    17.6882 0.0000e+00
      3.101      0.016     5.1835     50.557     28.325  24.134420     1.8841      7.862   234.5251 1.1751e+01     5.3186      3.040      4.409    17.7143 0.0000e+00
      3.107      0.016     5.0885     49.930     28.355  24.140813     1.9707      7.858   234.6477 1.1599e+01     5.3643      3.046      4.418    17.7079 0.0000e+00
      3.112      0.017     4.9882     49.481     28.375  24.146481     1.9835      7.855   234.6981 1.1450e+01     5.3948      3.054      4.429    17.6770 0.0000e+00
      3.117      0.018     4.8959     49.150     28.370  24.139569     1.9464      7.852   234.7906 1.1348e+01     5.3808      3.058      4.435    17.6362 0.0000e+00
      3.119      0.016     4.8175     48.868     28.346  24.120609     1.8795      7.849   235.0766 1.1255e+01     5.3650      3.059      4.436    17.5961 0.0000e+00
      3.122      0.013     4.7641     48.628     28.321  24.107364     1.8493      7.845   235.3166 1.1077e+01     5.3747      3.059      4.437    17.5604 0.0000e+00
      3.129      0.013     4.7236     48.426     28.298  24.106180     1.8564      7.841   235.3698 1.0877e+01     5.3965      3.070      4.452    17.5396 0.0000e+00
      3.134      0.015     4.6967     48.241     28.273  24.106317     1.8493      7.837   235.4613 1.0830e+01     5.3890      3.079      4.465    17.5384 0.0000e+00
      3.133      0.018     4.6683     48.118     28.264  24.109048     1.7789      7.833   235.7350 1.0838e+01     5.3528      3.071      4.454    17.5412 0.0000e+00
      3.133      0.022     4.6443     48.108     28.237  24.075841     1.6709      7.829   235.9258 1.0694e+01     5.3687      3.068      4.449    17.5458 0.0000e+00
      3.141      0.025     4.6243     48.193     28.211  24.021679     1.6260      7.826   235.8757 1.0452e+01     5.4443      3.080      4.467    17.5868 0.0000e+00
      3.151      0.028     4.5982     48.335     28.266  24.024514     1.6266      7.823   235.9035 1.0260e+01     5.4469      3.090      4.482    17.6359 0.0000e+00
      3.162      0.032     4.5830     48.519     28.334  24.046684     1.5376      7.819   236.1765 1.0116e+01     5.3664      3.100      4.496    17.6556 0.0000e+00
      3.173      0.032     4.5838     48.688     28.349  24.036192     1.3737      7.814   236.5092 1.0045e+01     5.3587      3.115      4.518    17.6441 0.0000e+00
      3.178      0.027     4.6011     48.753     28.350  24.024377     1.2917      7.809   236.8282 1.0023e+01     5.4564      3.118      4.521    17.5774 0.0000e+00
      3.183      0.021     4.6216     48.665     28.362  24.030566     1.2878      7.803   237.1092 9.8966e+00     5.5224      3.118      4.522    17.4857 0.0000e+00
      3.193      0.017     4.6486     48.430     28.376  24.047642     1.2767      7.796   237.2387 9.8185e+00     5.4740      3.135      4.547    17.4188 0.0000e+00
      3.195      0.015     4.6714     48.092     28.359  24.040718     1.2575      7.788   237.3608 9.9244e+00     5.3837      3.138      4.552    17.3847 0.0000e+00
      3.191      0.014     4.6816     47.710     28.322  24.010233     1.2550      7.782   237.5538 9.9332e+00     5.3871      3.124      4.531    17.3619 0.0000e+00
      3.193      0.012     4.6744     47.359     28.310  23.995929     1.2713      7.778   237.6789 9.7720e+00     5.4468      3.129      4.539    17.3504 0.0000e+00
      3.201      0.010     4.6473     47.083     28.314  23.994510     1.3053      7.774   237.8405 9.6303e+00     5.4219      3.141      4.556    17.3686 0.0000e+00
      3.208      0.014     4.6125     46.890     28.314  23.993073     1.3576      7.767   238.0460 9.5714e+00     5.3929      3.147      4.563    17.3887 0.0000e+00
      3.209      0.019     4.5720     46.783     28.298  23.978558     1.3965      7.760   238.0990 9.5947e+00     5.4385      3.150      4.568    17.3873 0.0000e+00
      3.207      0.022     4.5384     46.741     28.265  23.945758     1.4005      7.755   238.0500 9.5667e+00     5.4613      3.142      4.558    17.3766 0.0000e+00
      3.211      0.023     4.5129     46.715     28.242  23.913355     1.3317      7.751   237.9695 9.3647e+00     5.3611      3.144      4.561    17.3666 0.0000e+00
      3.224      0.025     4.4942     46.680     28.252  23.903635     1.2052      7.747   237.9865 9.1227e+00     5.1839      3.163      4.589    17.3625 0.0000e+00
      3.236      0.030     4.4846     46.690     28.257  23.891586     1.1442      7.743   238.1702 8.9614e+00     5.1285      3.176      4.607    17.3664 0.0000e+00
      3.241      0.034     4.4819     46.704     28.207  23.831016     1.1518      7.738   238.2972 8.8204e+00     5.1699      3.179      4.610    17.3635 0.0000e+00
      3.246      0.037     4.4855     46.646     28.135  23.741638     1.1475      7.733   238.4902 8.6304e+00     5.1369      3.182      4.615    17.3359 0.0000e+00
      3.254      0.038     4.4803     46.579     28.132  23.698129     1.0920      7.729   238.7819 8.3991e+00     4.9696      3.189      4.626    17.2981 0.0000e+00
      3.265      0.041     4.4851     46.500     28.250  23.748511     1.0051      7.725   238.8130 8.1651e+00     4.7521      3.202      4.644    17.2693 0.0000e+00
      3.278      0.046     4.4968     46.371     28.429  23.843754     0.9707      7.722   238.7798 7.9261e+00     4.6589      3.215      4.662    17.2451 0.0000e+00
      3.291      0.049     4.4867     46.209     28.567  23.899030     0.9841      7.717   238.8967 7.6785e+00     4.6633      3.227      4.681    17.1992 0.0000e+00
      3.304      0.049     4.4909     45.993     28.643  23.909778     0.9757      7.712   238.8507 7.4262e+00     4.5655      3.239      4.700    17.1169 0.0000e+00
      3.318      0.048     4.4937     45.722     28.686  23.910257     0.9361      7.708   238.6535 7.1321e+00     4.3653      3.253      4.718    17.0329 0.0000e+00
      3.332      0.047     4.4864     45.401     28.705  23.904772     0.9131      7.705   238.4919 6.8557e+00     4.2573      3.269      4.741    16.9396 0.0000e+00
      3.343      0.046     4.4855     44.985     28.652  23.843442     0.9218      7.702   238.3593 6.7098e+00     4.2165      3.281      4.758    16.8202 0.0000e+00
      3.351      0.045     4.4722     44.415     28.561  23.739070     0.9666      7.698   238.3405 6.6436e+00     4.2127      3.285      4.766    16.7218 0.0000e+00
      3.361      0.043     4.4513     43.710     28.515  23.656779     1.0390      7.695   238.4369 6.5608e+00     4.2806      3.294      4.778    16.6623 0.0000e+00
      3.375      0.041     4.4241     42.945     28.443  23.545519     1.0730      7.690   238.5775 6.4686e+00     4.3546      3.310      4.800    16.6324 0.0000e+00
      3.387      0.040     4.3892     42.159     28.349  23.407761     1.0783      7.687   238.7510 6.3683e+00     4.4235      3.323      4.820    16.6107 0.0000e+00
      3.397      0.039     4.3367     41.377     28.341  23.321923     1.0618      7.685   238.8999 6.2559e+00     4.4301      3.331      4.831    16.5670 0.0000e+00
      3.405      0.038     4.2711     40.608     28.380  23.268043     1.0063      7.682   239.0005 6.1707e+00     4.3671      3.339      4.843    16.4800 0.0000e+00
      3.414      0.037     4.2053     39.870     28.383  23.199795     0.9726      7.679   239.1071 6.1168e+00     4.3444      3.349      4.856    16.3868 0.0000e+00
      3.422      0.038     4.1338     39.160     28.358  23.130387     0.9713      7.674   239.2425 6.0772e+00     4.3945      3.354      4.865    16.2992 0.0000e+00
      3.431      0.040     4.0707     38.443     28.320  23.062505     0.9741      7.670   239.4330 6.0435e+00     4.3576      3.364      4.879    16.1490 0.0000e+00
      3.441      0.042     4.0090     37.733     28.294  23.012712     0.9736      7.667   239.6043 6.0053e+00     4.1379      3.375      4.895    15.9749 0.0000e+00
      3.452      0.043     3.9455     37.038     28.347  23.035291     0.9643      7.663   239.7639 5.9509e+00     3.9591      3.384      4.909    15.8510 0.0000e+00
