Data/DataNotYetUploadedToEDI/Raw_CTD/RawDownloads/053122_fcr50_0001.cnv
* Sea-Bird SBE19plus  Data File:
* FileName = C:\R\Reservoirs\Data\DataNotYetUploadedToEDI\Raw_CTD\RawDownloads\053122_bvr01_0001.hex
* Software version 2.8.0.119
* Temperature SN = 7809
* Conductivity SN = 7809
* System UpLoad Time = Jun 07 2022 07:55:06
* <ApplicationData>
* <Seaterm232>
# nquan = 15
# nvalues = 2312                        
# units = specified
# name 0 = depFM: Depth [fresh water, m]
# name 1 = dz/dtM: Descent Rate [m/s]
# name 2 = sbeox0Mg/L: Oxygen, SBE 43 [mg/l]
# name 3 = sbeox0PS: Oxygen, SBE 43 [% saturation]
# name 4 = specc: Specific Conductance [uS/cm]
# name 5 = c0uS/cm: Conductivity [uS/cm]
# name 6 = flECO-AFL: Fluorescence, WET Labs ECO-AFL/FL [mg/m^3]
# name 7 = ph: pH
# name 8 = orp: Oxidation Reduction Potential [mV]
# name 9 = par/sat/log: PAR/Logarithmic, Satlantic
# name 10 = turbWETntu0: Turbidity, WET Labs ECO [NTU]
# name 11 = prdM: Pressure, Strain Gauge [db]
# name 12 = prdE: Pressure, Strain Gauge [psi]
# name 13 = tv290C: Temperature [ITS-90, deg C]
# name 14 = flag:  0.000e+00
# span 0 =     -0.615,      9.627       
# span 1 =     -0.494,      0.241       
# span 2 =     0.5558,     9.2397       
# span 3 =      4.970,    107.024       
# span 4 =      1.614,     66.797       
# span 5 =   1.455666,  46.045267       
# span 6 =    -1.1606,   227.7657       
# span 7 =      5.837,      8.886       
# span 8 = -1240.7455,   864.7268       
# span 9 = 1.2357e-01, 1.6573e+03       
# span 10 =    -9.1383,   433.3914      
# span 11 =     -0.603,      9.441      
# span 12 =     -0.875,     13.693      
# span 13 =     9.4365,    24.8667      
# span 14 = 0.0000e+00, 0.0000e+00      
# interval = seconds: 0.25
# start_time = May 31 2022 06:10:16 [Instrument's time stamp, header]
# bad_flag = -9.990e-29
*END*
[from data line 772]
      2.344      0.023     6.6826     65.889     38.896  31.767988     3.3937      8.200   217.4430 1.6020e+01     3.7418      2.298      3.332    15.9708 0.0000e+00
      2.350      0.023     6.6439     65.437     38.880  31.737387     3.4126      8.196   217.3153 1.5881e+01     3.7031      2.305      3.343    15.9382 0.0000e+00
      2.357      0.023     6.6063     65.016     38.886  31.735601     3.4056      8.193   217.4289 1.5753e+01     3.6809      2.311      3.352    15.8968 0.0000e+00
      2.362      0.024     6.5655     64.702     38.893  31.746390     3.4016      8.190   217.4409 1.5641e+01     3.6775      2.317      3.361    15.8608 0.0000e+00
      2.367      0.026     6.5269     64.543     38.888  31.741040     3.3886      8.187   218.1480 1.5548e+01     3.6620      2.322      3.368    15.8321 0.0000e+00
      2.372      0.028     6.4842     64.506     38.902  31.734325     3.3653      8.182   219.4396 1.5420e+01     3.6645      2.324      3.372    15.8058 0.0000e+00
      2.380      0.030     6.4408     64.520     38.930  31.728564     3.3444      8.179   219.8946 1.5210e+01     3.6745      2.332      3.382    15.7936 0.0000e+00
      2.390      0.030     6.4050     64.524     38.973  31.734756     3.3440      8.176   219.7761 1.4963e+01     3.6454      2.343      3.398    15.8118 0.0000e+00
      2.400      0.029     6.3900     64.461     39.013  31.745758     3.3520      8.172   219.5553 1.4771e+01     3.5523      2.355      3.417    15.8178 0.0000e+00
      2.410      0.027     6.3943     64.350     39.008  31.734761     3.3501      8.168   219.2047 1.4669e+01     3.4703      2.366      3.431    15.7864 0.0000e+00
      2.415      0.023     6.4016     64.230     38.990  31.728583     3.3454      8.165   219.4944 1.4580e+01     3.4404      2.369      3.435    15.7463 0.0000e+00
      2.418      0.019     6.4114     64.079     38.984  31.734469     3.3459      8.162   220.4779 1.4479e+01     3.3963      2.370      3.438    15.7081 0.0000e+00
      2.421      0.017     6.4079     63.890     38.997  31.742551     3.3389      8.159   221.2011 1.4401e+01     3.3123      2.375      3.444    15.6769 0.0000e+00
      2.425      0.017     6.3949     63.686     39.044  31.762888     3.3184      8.156   221.3548 1.4329e+01     3.2440      2.378      3.449    15.6662 0.0000e+00
      2.430      0.018     6.3839     63.497     39.105  31.790139     3.2983      8.153   221.2187 1.4245e+01     3.2541      2.382      3.455    15.6809 0.0000e+00
      2.435      0.019     6.3656     63.373     39.164  31.818422     3.2868      8.150   221.1042 1.4159e+01     3.2977      2.388      3.463    15.7067 0.0000e+00
      2.439      0.019     6.3448     63.264     39.224  31.851229     3.2962      8.147   221.1747 1.4053e+01     3.3270      2.392      3.469    15.7048 0.0000e+00
      2.444      0.019     6.3300     63.098     39.267  31.869790     3.3292      8.144   221.2962 1.3936e+01     3.3359      2.397      3.477    15.6726 0.0000e+00
      2.450      0.019     6.3109     62.943     39.264  31.852616     3.3605      8.141   221.5408 1.3830e+01     3.3017      2.403      3.485    15.6403 0.0000e+00
      2.455      0.019     6.3037     62.821     39.256  31.833759     3.3674      8.139   221.8953 1.3744e+01     3.2547      2.408      3.493    15.6175 0.0000e+00
      2.459      0.020     6.3031     62.666     39.268  31.831974     3.3619      8.137   222.2271 1.3679e+01     3.2465      2.412      3.498    15.5973 0.0000e+00
      2.463      0.021     6.2816     62.449     39.282  31.831019     3.3702      8.135   222.4548 1.3599e+01     3.2715      2.415      3.503    15.5762 0.0000e+00
      2.468      0.024     6.2685     62.145     39.289  31.822204     3.3757      8.132   221.9815 1.3512e+01     3.2835      2.420      3.511    15.5571 0.0000e+00
      2.473      0.027     6.2632     61.768     39.269  31.788776     3.3614      8.128   221.0647 1.3407e+01     3.2546      2.425      3.516    15.5415 0.0000e+00
      2.481      0.028     6.2487     61.373     39.235  31.743821     3.3385      8.124   221.0918 1.3225e+01     3.1952      2.432      3.527    15.5278 0.0000e+00
      2.492      0.028     6.2310     60.967     39.220  31.722439     3.3238      8.120   221.8797 1.3020e+01     3.1459      2.445      3.546    15.5132 0.0000e+00
      2.502      0.027     6.2027     60.531     39.211  31.720432     3.3256      8.116   222.4171 1.2891e+01     3.1714      2.456      3.561    15.4958 0.0000e+00
      2.508      0.026     6.1647     60.094     39.199  31.719568     3.3181      8.114   222.7715 1.2831e+01     3.2304      2.460      3.568    15.4739 0.0000e+00
      2.512      0.026     6.1287     59.663     39.189  31.712007     3.3247      8.112   222.4649 1.2774e+01     3.2434      2.463      3.572    15.4461 0.0000e+00
      2.516      0.026     6.0929     59.228     39.179  31.692411     3.3730      8.109   221.5497 1.2689e+01     3.2272      2.467      3.578    15.4300 0.0000e+00
      2.521      0.027     6.0447     58.826     39.184  31.672807     3.4101      8.106   221.5134 1.2580e+01     3.2395      2.472      3.585    15.4423 0.0000e+00
      2.529      0.028     5.9987     58.500     39.217  31.665157     3.4239      8.103   222.2839 1.2435e+01     3.2885      2.478      3.594    15.4608 0.0000e+00
      2.540      0.028     5.9574     58.263     39.257  31.663270     3.4234      8.098   222.9500 1.2260e+01     3.2741      2.489      3.611    15.4627 0.0000e+00
      2.551      0.028     5.9131     58.132     39.276  31.649950     3.3957      8.094   223.4580 1.2158e+01     3.1338      2.503      3.631    15.4481 0.0000e+00
      2.556      0.028     5.8756     58.141     39.281  31.630865     3.3640      8.091   223.4360 1.2130e+01     2.9577      2.508      3.637    15.4165 0.0000e+00
      2.560      0.027     5.8484     58.286     39.298  31.622695     3.3565      8.087   222.7712 1.2066e+01     2.9216      2.508      3.638    15.3687 0.0000e+00
      2.565      0.027     5.8315     58.527     39.318  31.614534     3.3633      8.083   222.3894 1.1952e+01     3.0046      2.514      3.647    15.3201 0.0000e+00
      2.572      0.027     5.8197     58.807     39.323  31.595560     3.3209      8.080   222.5187 1.1830e+01     3.0051      2.522      3.659    15.2857 0.0000e+00
      2.580      0.027     5.8248     59.067     39.336  31.583458     3.2349      8.076   222.9587 1.1696e+01     2.8940      2.529      3.669    15.2592 0.0000e+00
      2.589      0.027     5.8444     59.257     39.376  31.594978     3.1979      8.073   223.5795 1.1553e+01     2.8218      2.540      3.682    15.2304 0.0000e+00
      2.599      0.025     5.8741     59.346     39.411  31.608018     3.1981      8.069   223.9160 1.1461e+01     2.8492      2.551      3.699    15.2002 0.0000e+00
      2.604      0.022     5.9086     59.298     39.429  31.614316     3.1788      8.065   223.8435 1.1416e+01     2.8845      2.555      3.706    15.1714 0.0000e+00
      2.608      0.020     5.9398     59.118     39.422  31.607714     3.1398      8.062   223.5629 1.1372e+01     2.8721      2.557      3.709    15.1413 0.0000e+00
      2.612      0.018     5.9638     58.891     39.399  31.591585     3.1088      8.059   223.3630 1.1335e+01     2.8360      2.562      3.715    15.1136 0.0000e+00
      2.615      0.018     5.9761     58.665     39.424  31.609511     3.1122      8.055   223.3185 1.1300e+01     2.8243      2.564      3.719    15.0941 0.0000e+00
      2.619      0.019     5.9747     58.431     39.473  31.634250     3.1647      8.052   223.5419 1.1241e+01     2.8332      2.567      3.723    15.0825 0.0000e+00
      2.624      0.020     5.9505     58.174     39.504  31.637087     3.2349      8.049   224.0854 1.1145e+01     2.8406      2.573      3.731    15.0822 0.0000e+00
      2.632      0.022     5.9258     57.892     39.540  31.643790     3.2713      8.045   224.8130 1.1059e+01     2.8453      2.582      3.745    15.0913 0.0000e+00
      2.638      0.024     5.9036     57.632     39.575  31.651871     3.2883      8.040   225.3707 1.1012e+01     2.8224      2.588      3.753    15.0928 0.0000e+00
      2.643      0.024     5.8829     57.406     39.625  31.671367     3.3149      8.037   225.4082 1.0947e+01     2.8372      2.590      3.757    15.0710 0.0000e+00
      2.649      0.023     5.8630     57.151     39.671  31.689293     3.3431      8.034   225.2657 1.0844e+01     2.8535      2.596      3.766    15.0384 0.0000e+00
      2.656      0.023     5.8340     56.814     39.677  31.678390     3.3552      8.032   225.2821 1.0763e+01     2.7805      2.606      3.778    15.0111 0.0000e+00
      2.662      0.024     5.8105     56.397     39.680  31.666328     3.3616      8.029   225.5202 1.0714e+01     2.7730      2.611      3.787    14.9858 0.0000e+00
      2.666      0.025     5.7946     55.909     39.703  31.670231     3.3531      8.026   226.3385 1.0669e+01     2.8325      2.614      3.792    14.9593 0.0000e+00
      2.671      0.027     5.7740     55.339     39.712  31.662165     3.3276      8.023   227.2605 1.0609e+01     2.8501      2.619      3.798    14.9353 0.0000e+00
      2.678      0.028     5.7416     54.708     39.694  31.632177     3.3116      8.019   227.2903 1.0500e+01     2.8492      2.626      3.809    14.9155 0.0000e+00
      2.688      0.030     5.7010     54.093     39.703  31.624628     3.3014      8.015   226.9565 1.0379e+01     2.8222      2.635      3.822    14.8983 0.0000e+00
      2.698      0.030     5.6548     53.543     39.733  31.634275     3.2954      8.011   226.7516 1.0304e+01     2.8301      2.646      3.837    14.8810 0.0000e+00
      2.706      0.029     5.5996     53.067     39.733  31.622001     3.3386      8.007   226.6206 1.0239e+01     2.9113      2.654      3.850    14.8616 0.0000e+00
      2.713      0.029     5.5336     52.655     39.723  31.603010     3.4330      8.004   227.3515 1.0154e+01     3.0178      2.660      3.858    14.8406 0.0000e+00
      2.719      0.029     5.4727     52.310     39.728  31.594836     3.4884      8.001   228.6191 1.0091e+01     3.0596      2.667      3.867    14.8213 0.0000e+00
      2.724      0.030     5.4187     52.070     39.735  31.586561     3.4838      7.999   229.1269 1.0045e+01     3.0062      2.672      3.875    14.8048 0.0000e+00
      2.729      0.032     5.3727     51.935     39.731  31.566332     3.4179      7.996   229.1030 9.9653e+00     2.9534      2.675      3.880    14.7896 0.0000e+00
      2.738      0.032     5.3333     51.835     39.723  31.540424     3.3079      7.991   228.8469 9.8459e+00     2.9327      2.684      3.891    14.7751 0.0000e+00
      2.752      0.031     5.2973     51.724     39.729  31.526892     3.2448      7.986   228.4398 9.7283e+00     2.8932      2.699      3.914    14.7613 0.0000e+00
      2.763      0.031     5.2743     51.613     39.749  31.529493     3.2368      7.984   228.9124 9.6589e+00     2.8182      2.711      3.932    14.7460 0.0000e+00
      2.768      0.031     5.2667     51.486     39.737  31.508459     3.2534      7.981   230.0870 9.6251e+00     2.7420      2.715      3.938    14.7237 0.0000e+00
      2.772      0.030     5.2627     51.340     39.697  31.462763     3.2874      7.977   230.8545 9.5816e+00     2.6897      2.719      3.943    14.6956 0.0000e+00
      2.776      0.029     5.2509     51.192     39.667  31.420756     3.3142      7.973   231.2231 9.5016e+00     2.6639      2.721      3.946    14.6721 0.0000e+00
      2.785      0.030     5.2445     51.077     39.642  31.380931     3.3116      7.969   231.1883 9.3976e+00     2.6357      2.730      3.960    14.6560 0.0000e+00
      2.796      0.032     5.2321     51.021     39.644  31.361608     3.2815      7.965   230.7782 9.3257e+00     2.6902      2.744      3.980    14.6434 0.0000e+00
      2.804      0.032     5.2188     51.020     39.691  31.377292     3.2411      7.960   230.7378 9.2596e+00     2.8093      2.749      3.987    14.6270 0.0000e+00
      2.813      0.031     5.2052     51.068     39.722  31.380341     3.2222      7.956   231.2159 9.1689e+00     2.8126      2.758      4.000    14.6018 0.0000e+00
      2.822      0.029     5.1946     51.140     39.688  31.335047     3.2366      7.952   231.6549 9.1006e+00     2.7977      2.769      4.016    14.5765 0.0000e+00
      2.828      0.027     5.1932     51.210     39.631  31.273424     3.2489      7.948   231.8313 9.0614e+00     2.8342      2.774      4.023    14.5518 0.0000e+00
      2.834      0.025     5.1951     51.229     39.566  31.205831     3.2543      7.944   231.9718 9.0268e+00     2.8445      2.778      4.029    14.5228 0.0000e+00
      2.840      0.025     5.2055     51.153     39.516  31.151739     3.2773      7.940   232.0619 8.9934e+00     2.8881      2.786      4.040    14.4953 0.0000e+00
      2.845      0.025     5.2149     50.970     39.497  31.126564     3.3022      7.935   231.8027 8.9472e+00     2.9507      2.791      4.048    14.4734 0.0000e+00
      2.851      0.025     5.2273     50.725     39.466  31.091639     3.3140      7.931   231.4191 8.8687e+00     2.9530      2.795      4.054    14.4520 0.0000e+00
      2.859      0.025     5.2329     50.496     39.431  31.046436     3.3365      7.928   231.5535 8.7951e+00     2.8485      2.803      4.066    14.4306 0.0000e+00
      2.865      0.025     5.2282     50.362     39.431  31.023787     3.3743      7.925   232.2233 8.7425e+00     2.6769      2.811      4.077    14.4113 0.0000e+00
      2.871      0.026     5.2093     50.383     39.437  31.007961     3.4052      7.922   232.8928 8.6862e+00     2.6200      2.816      4.083    14.4001 0.0000e+00
      2.878      0.027     5.1813     50.596     39.422  30.981855     3.4182      7.918   233.1948 8.6303e+00     2.6390      2.823      4.094    14.3919 0.0000e+00
      2.885      0.027     5.1589     51.038     39.413  30.961705     3.3819      7.914   232.7776 8.5874e+00     2.5994      2.829      4.103    14.3674 0.0000e+00
      2.891      0.028     5.1454     51.695     39.428  30.954513     3.2995      7.909   231.8922 8.5413e+00     2.5851      2.834      4.110    14.3347 0.0000e+00
      2.899      0.029     5.1509     52.473     39.460  30.958268     3.2454      7.905   231.7815 8.4696e+00     2.6032      2.843      4.124    14.3068 0.0000e+00
      2.907      0.029     5.1718     53.263     39.466  30.943684     3.2441      7.901   232.5584 8.3897e+00     2.5791      2.850      4.134    14.2908 0.0000e+00
      2.915      0.029     5.2186     53.956     39.440  30.904961     3.2590      7.898   233.1979 8.3205e+00     2.5661      2.858      4.145    14.2797 0.0000e+00
      2.923      0.029     5.2936     54.479     39.419  30.870436     3.2756      7.895   233.6627 8.2589e+00     2.5832      2.867      4.158    14.2527 0.0000e+00
      2.930      0.028     5.3802     54.827     39.405  30.843197     3.2951      7.893   234.2200 8.2046e+00     2.6149      2.874      4.168    14.2218 0.0000e+00
      2.937      0.025     5.4685     55.010     39.404  30.829196     3.3033      7.889   233.9144 8.1588e+00     2.6426      2.880      4.177    14.1996 0.0000e+00
      2.945      0.023     5.5454     54.999     39.415  30.827924     3.2994      7.885   232.8070 8.1245e+00     2.6446      2.888      4.189    14.1757 0.0000e+00
      2.950      0.022     5.6018     54.814     39.426  30.827800     3.2979      7.882   232.4456 8.0965e+00     2.6395      2.895      4.199    14.1521 0.0000e+00
      2.953      0.022     5.6381     54.552     39.438  30.827687     3.2940      7.879   232.7282 8.0600e+00     2.6146      2.896      4.200    14.1323 0.0000e+00
      2.956      0.021     5.6620     54.306     39.450  30.826544     3.2944      7.875   233.2132 8.0169e+00     2.6161      2.898      4.203    14.1146 0.0000e+00
