Data/DataNotYetUploadedToEDI/Raw_CTD/RawDownloads/053122_fcr50_0001.cnv
* Sea-Bird SBE19plus  Data File:
* FileName = C:\R\Reservoirs\Data\DataNotYetUploadedToEDI\Raw_CTD\RawDownloads\053122_bvr01_0001.hex
* Software version 2.8.0.119
* Temperature SN = 7809
* Conductivity SN = 7809
* System UpLoad Time = Jun 07 2022 07:55:06
* <ApplicationData>
* <Seaterm232>
# nquan = 15
# nvalues = 2312                        
# units = specified
# name 0 = depFM: Depth [fresh water, m]
# name 1 = dz/dtM: Descent Rate [m/s]
# name 2 = sbeox0Mg/L: Oxygen, SBE 43 [mg/l]
# name 3 = sbeox0PS: Oxygen, SBE 43 [% saturation]
# name 4 = specc: Specific Conductance [uS/cm]
# name 5 = c0uS/cm: Conductivity [uS/cm]
# name 6 = flECO-AFL: Fluorescence, WET Labs ECO-AFL/FL [mg/m^3]
# name 7 = ph: pH
# name 8 = orp: Oxidation Reduction Potential [mV]
# name 9 = par/sat/log: PAR/Logarithmic, Satlantic
# name 10 = turbWETntu0: Turbidity, WET Labs ECO [NTU]
# name 11 = prdM: Pressure, Strain Gauge [db]
# name 12 = prdE: Pressure, Strain Gauge [psi]
# name 13 = tv290C: Temperature [ITS-90, deg C]
# name 14 = flag:  0.000e+00
# span 0 =     -0.615,      9.627       
# span 1 =     -0.494,      0.241       
# span 2 =     0.5558,     9.2397       
# span 3 =      4.970,    107.024       
# span 4 =      1.614,     66.797       
# span 5 =   1.455666,  46.045267       
# span 6 =    -1.1606,   227.7657       
# span 7 =      5.837,      8.886       
# span 8 = -1240.7455,   864.7268       
# span 9 = 1.2357e-01, 1.6573e+03       
# span 10 =    -9.1383,   433.3914      
# span 11 =     -0.603,      9.441      
# span 12 =     -0.875,     13.693      
# span 13 =     9.4365,    24.8667      
# span 14 = 0.0000e+00, 0.0000e+00      
# interval = seconds: 0.25
# start_time = May 31 2022 06:10:16 [Instrument's time stamp, header]
# bad_flag = -9.990e-29
*END*
[from data line 675]
      1.725      0.020     8.3831     86.655     35.730  30.409163     5.1141      8.581   192.9065 4.5311e+01     8.5178      1.693      2.455    17.6006 0.0000e+00
      1.730      0.021     8.3647     86.424     35.736  30.409163     5.1196      8.576   193.2546 4.4898e+01     8.4963      1.696      2.460    17.5849 0.0000e+00
      1.736      0.022     8.3336     86.264     35.742  30.410298     5.1206      8.571   193.6506 4.4448e+01     8.4786      1.701      2.468    17.5701 0.0000e+00
      1.741      0.023     8.2987     86.087     35.764  30.422872     5.1591      8.566   194.0805 4.4143e+01     8.4746      1.707      2.477    17.5577 0.0000e+00
      1.746      0.024     8.2814     85.818     35.784  30.434398     5.2186      8.559   194.6675 4.3575e+01     8.4468      1.710      2.480    17.5483 0.0000e+00
      1.754      0.024     8.2526     85.568     35.779  30.422873     5.2408      8.554   195.1549 4.2792e+01     8.4165      1.720      2.494    17.5421 0.0000e+00
      1.762      0.023     8.2437     85.343     35.775  30.410300     5.2353      8.549   195.5861 4.2395e+01     8.4491      1.730      2.510    17.5400 0.0000e+00
      1.767      0.021     8.2361     85.098     35.786  30.409160     5.2444      8.545   196.0090 4.2138e+01     8.5005      1.732      2.513    17.5277 0.0000e+00
      1.771      0.018     8.1998     84.853     35.796  30.409072     5.2519      8.540   196.2246 4.1719e+01     8.3881      1.736      2.518    17.5204 0.0000e+00
      1.776      0.015     8.1813     84.649     35.805  30.409219     5.2502      8.535   196.7302 4.1378e+01     8.1493      1.743      2.528    17.5137 0.0000e+00
      1.779      0.013     8.1638     84.523     35.813  30.410933     5.2497      8.530   197.6472 4.1174e+01     8.0040      1.745      2.532    17.4970 0.0000e+00
      1.781      0.013     8.1418     84.470     35.839  30.429796     5.2371      8.526   198.2779 4.1008e+01     7.9644      1.747      2.535    17.4832 0.0000e+00
      1.783      0.014     8.1187     84.441     35.864  30.447096     5.2227      8.524   198.6784 4.0897e+01     7.9431      1.749      2.537    17.4701 0.0000e+00
      1.786      0.017     8.1002     84.393     35.844  30.429912     5.2090      8.521   198.9617 4.0674e+01     7.8821      1.750      2.538    17.4577 0.0000e+00
      1.790      0.021     8.0880     84.298     35.815  30.412208     5.1885      8.517   199.1221 4.0278e+01     7.8091      1.756      2.545    17.4538 0.0000e+00
      1.796      0.025     8.0866     84.141     35.818  30.423238     5.1817      8.513   199.5852 3.9716e+01     7.7776      1.762      2.555    17.4496 0.0000e+00
      1.805      0.026     8.0866     83.906     35.833  30.436495     5.2277      8.509   200.1728 3.8996e+01     7.8424      1.771      2.567    17.4403 0.0000e+00
      1.814      0.026     8.0827     83.617     35.858  30.445704     5.3109      8.504   200.4623 3.8416e+01     7.9783      1.781      2.582    17.4405 0.0000e+00
      1.822      0.025     8.0731     83.349     35.903  30.471170     5.3551      8.501   200.5906 3.7970e+01     8.0199      1.787      2.591    17.4495 0.0000e+00
      1.828      0.024     8.0538     83.085     35.937  30.490813     5.3544      8.498   200.7769 3.7581e+01     7.9695      1.793      2.600    17.4722 0.0000e+00
      1.833      0.023     8.0326     82.775     35.947  30.493011     5.3608      8.493   201.0794 3.7356e+01     7.9160      1.798      2.608    17.4743 0.0000e+00
      1.837      0.021     8.0028     82.430     35.959  30.497732     5.3905      8.489   201.4952 3.7123e+01     7.8507      1.801      2.611    17.4476 0.0000e+00
      1.842      0.019     7.9830     82.041     35.952  30.484494     5.4140      8.484   201.8467 3.6645e+01     7.7950      1.805      2.617    17.4287 0.0000e+00
      1.849      0.017     7.9625     81.629     35.932  30.459729     5.4125      8.480   202.0606 3.6215e+01     7.7553      1.814      2.631    17.4176 0.0000e+00
      1.854      0.016     7.9315     81.280     35.927  30.451876     5.3970      8.475   202.2743 3.6096e+01     7.7113      1.820      2.640    17.4104 0.0000e+00
      1.857      0.015     7.9015     81.103     35.923  30.452938     5.3596      8.470   202.5375 3.5989e+01     7.6730      1.821      2.641    17.4015 0.0000e+00
      1.859      0.015     7.8653     81.146     35.939  30.472577     5.3018      8.465   202.8342 3.5844e+01     7.6343      1.823      2.644    17.3937 0.0000e+00
      1.861      0.015     7.8247     81.357     35.967  30.499144     5.2648      8.461   202.9367 3.5656e+01     7.5848      1.824      2.646    17.3787 0.0000e+00
      1.865      0.017     7.7884     81.656     35.988  30.520583     5.2523      8.458   202.8300 3.5318e+01     7.5190      1.828      2.651    17.3697 0.0000e+00
      1.870      0.020     7.7670     82.025     36.013  30.541603     5.2267      8.455   202.8340 3.4983e+01     7.5219      1.835      2.661    17.3836 0.0000e+00
      1.875      0.022     7.7717     82.430     36.050  30.563108     5.1960      8.451   202.9859 3.4630e+01     7.6534      1.839      2.667    17.3937 0.0000e+00
      1.881      0.023     7.7964     82.745     36.105  30.590409     5.1886      8.447   203.2898 3.4177e+01     7.7771      1.845      2.675    17.3932 0.0000e+00
      1.889      0.022     7.8234     82.880     36.164  30.618086     5.1879      8.444   203.6691 3.3737e+01     7.7881      1.853      2.687    17.3997 0.0000e+00
      1.896      0.021     7.8574     82.868     36.215  30.644139     5.1541      8.440   203.9589 3.3360e+01     7.6841      1.859      2.697    17.4063 0.0000e+00
      1.901      0.020     7.9046     82.785     36.236  30.651809     5.0962      8.436   203.9539 3.3063e+01     7.5438      1.865      2.705    17.3927 0.0000e+00
      1.906      0.018     7.9442     82.652     36.238  30.647420     5.0703      8.432   203.6951 3.2895e+01     7.4919      1.870      2.711    17.3594 0.0000e+00
      1.908      0.017     7.9604     82.450     36.258  30.654453     5.0737      8.429   203.7547 3.2741e+01     7.5353      1.872      2.714    17.3255 0.0000e+00
      1.911      0.016     7.9596     82.194     36.299  30.673442     5.0545      8.427   204.0718 3.2500e+01     7.5568      1.874      2.718    17.3014 0.0000e+00
      1.916      0.015     7.9539     81.919     36.335  30.686799     5.0136      8.425   204.2602 3.2192e+01     7.5461      1.879      2.725    17.2868 0.0000e+00
      1.921      0.014     7.9430     81.607     36.356  30.689148     4.9954      8.421   204.3980 3.1887e+01     7.5771      1.885      2.734    17.2835 0.0000e+00
      1.926      0.013     7.9249     81.218     36.386  30.701823     5.0086      8.418   204.3613 3.1702e+01     7.5904      1.890      2.741    17.2728 0.0000e+00
      1.929      0.013     7.9020     80.775     36.410  30.713246     5.0236      8.415   204.1602 3.1610e+01     7.4333      1.892      2.744    17.2473 0.0000e+00
      1.931      0.014     7.8807     80.360     36.396  30.700455     5.0267      8.411   204.1172 3.1530e+01     7.1467      1.893      2.745    17.2228 0.0000e+00
      1.932      0.015     7.8568     80.058     36.352  30.673955     5.0211      8.408   204.1865 3.1380e+01     7.0277      1.895      2.747    17.2018 0.0000e+00
      1.936      0.018     7.8212     79.857     36.297  30.646435     5.0142      8.405   204.3095 3.1067e+01     7.0546      1.898      2.752    17.1810 0.0000e+00
      1.942      0.021     7.7776     79.645     36.247  30.621315     5.0179      8.401   204.5716 3.0732e+01     7.0281      1.905      2.763    17.1714 0.0000e+00
      1.948      0.026     7.7341     79.345     36.240  30.623840     5.0252      8.397   204.9467 3.0380e+01     7.1171      1.910      2.771    17.1661 0.0000e+00
      1.955      0.029     7.7034     78.985     36.307  30.676983     5.0182      8.393   205.3175 2.9938e+01     7.3446      1.917      2.780    17.1787 0.0000e+00
      1.963      0.031     7.6834     78.654     36.423  30.756690     5.0000      8.389   205.5273 2.9554e+01     7.4900      1.926      2.793    17.2160 0.0000e+00
      1.971      0.033     7.6624     78.452     36.547  30.826791     4.9961      8.385   205.5894 2.9108e+01     7.5774      1.932      2.803    17.2403 0.0000e+00
      1.981      0.034     7.6301     78.416     36.673  30.890560     4.9716      8.381   205.6386 2.8644e+01     7.5467      1.944      2.819    17.2516 0.0000e+00
      1.991      0.033     7.5924     78.505     36.799  30.957098     4.8950      8.377   206.0363 2.8270e+01     7.3576      1.952      2.832    17.2502 0.0000e+00
      1.999      0.031     7.5605     78.667     36.885  30.997278     4.8441      8.373   206.9566 2.7785e+01     7.2383      1.958      2.841    17.2257 0.0000e+00
      2.008      0.029     7.5473     78.858     36.916  30.995943     4.8387      8.368   207.7307 2.7400e+01     7.2658      1.971      2.859    17.1751 0.0000e+00
      2.015      0.027     7.5566     79.010     36.951  31.004323     4.8057      8.363   207.9971 2.7221e+01     7.2800      1.978      2.868    17.1091 0.0000e+00
      2.020      0.026     7.5760     79.044     37.010  31.035184     4.7274      8.360   208.1989 2.6977e+01     7.1715      1.980      2.870    17.0542 0.0000e+00
      2.025      0.026     7.5985     78.929     37.051  31.052074     4.6666      8.357   208.1914 2.6687e+01     7.0466      1.986      2.879    17.0131 0.0000e+00
      2.030      0.027     7.6261     78.679     37.106  31.081721     4.6526      8.354   207.9072 2.6404e+01     6.9993      1.991      2.888    16.9757 0.0000e+00
      2.037      0.028     7.6475     78.236     37.195  31.140029     4.6005      8.350   208.1179 2.6017e+01     7.0102      1.997      2.896    16.9464 0.0000e+00
      2.046      0.028     7.6576     77.631     37.271  31.186482     4.4860      8.346   208.8459 2.5565e+01     7.0422      2.007      2.911    16.9241 0.0000e+00
      2.055      0.029     7.6457     77.042     37.311  31.199574     4.4169      8.343   209.4827 2.5214e+01     7.0446      2.017      2.925    16.9007 0.0000e+00
      2.063      0.031     7.6293     76.482     37.377  31.234900     4.3967      8.339   209.8799 2.4961e+01     7.0050      2.024      2.934    16.8789 0.0000e+00
      2.068      0.032     7.5928     75.942     37.476  31.296592     4.2918      8.335   210.1211 2.4716e+01     6.9043      2.029      2.943    16.8584 0.0000e+00
      2.074      0.031     7.5223     75.490     37.507  31.311487     4.1142      8.331   210.4205 2.4374e+01     6.7156      2.032      2.948    16.8339 0.0000e+00
      2.083      0.031     7.4763     75.140     37.477  31.288174     4.0225      8.327   210.8330 2.3878e+01     6.5675      2.041      2.961    16.8051 0.0000e+00
      2.096      0.031     7.4249     74.866     37.443  31.268312     4.0065      8.322   211.0641 2.3464e+01     6.5139      2.057      2.984    16.7817 0.0000e+00
      2.105      0.031     7.3737     74.657     37.415  31.261546     3.9872      8.318   211.2360 2.3303e+01     6.4784      2.066      2.997    16.7481 0.0000e+00
      2.109      0.030     7.3332     74.509     37.396  31.269776     3.9302      8.313   211.7064 2.3128e+01     6.4452      2.067      2.998    16.7275 0.0000e+00
      2.115      0.030     7.2981     74.388     37.415  31.304454     3.8341      8.309   212.1915 2.2823e+01     6.3856      2.072      3.005    16.7415 0.0000e+00
      2.123      0.030     7.2718     74.263     37.487  31.363875     3.7740      8.306   212.5416 2.2567e+01     6.3386      2.083      3.022    16.7465 0.0000e+00
      2.130      0.031     7.2463     74.074     37.586  31.417640     3.7605      8.302   212.7564 2.2312e+01     6.3211      2.088      3.029    16.7678 0.0000e+00
      2.137      0.031     7.2300     73.791     37.683  31.447308     3.7553      8.298   212.3788 2.1966e+01     6.1741      2.095      3.038    16.8083 0.0000e+00
      2.147      0.030     7.2114     73.446     37.774  31.468924     3.7607      8.294   211.9343 2.1628e+01     5.9275      2.106      3.055    16.8381 0.0000e+00
      2.157      0.030     7.2031     73.145     37.851  31.488729     3.7755      8.291   212.2861 2.1382e+01     5.8332      2.116      3.069    16.8457 0.0000e+00
      2.164      0.032     7.1913     72.986     37.902  31.496530     3.7760      8.289   212.7608 2.1240e+01     5.8541      2.124      3.080    16.8017 0.0000e+00
      2.168      0.036     7.1753     72.951     37.941  31.499799     3.7418      8.284   213.0282 2.1092e+01     5.8376      2.126      3.084    16.7222 0.0000e+00
      2.174      0.039     7.1493     72.945     38.005  31.528215     3.6947      8.279   213.4541 2.0757e+01     5.8051      2.128      3.087    16.6456 0.0000e+00
      2.185      0.043     7.1231     72.865     38.101  31.586478     3.6735      8.274   213.2645 2.0224e+01     5.7682      2.141      3.105    16.5870 0.0000e+00
      2.202      0.046     7.1169     72.650     38.186  31.633639     3.6602      8.270   212.5425 1.9697e+01     5.6992      2.160      3.133    16.5437 0.0000e+00
      2.218      0.047     7.1217     72.350     38.242  31.654622     3.6001      8.266   212.4675 1.9310e+01     5.4489      2.176      3.157    16.5052 0.0000e+00
      2.230      0.045     7.1308     72.073     38.273  31.649944     3.5044      8.262   213.1319 1.9005e+01     5.0651      2.187      3.172    16.4738 0.0000e+00
      2.240      0.041     7.1285     71.827     38.303  31.640448     3.4605      8.258   214.0362 1.8745e+01     4.9191      2.197      3.186    16.4465 0.0000e+00
      2.249      0.037     7.1116     71.593     38.377  31.666563     3.4691      8.255   214.5389 1.8526e+01     4.9476      2.207      3.199    16.4177 0.0000e+00
      2.257      0.035     7.0793     71.391     38.467  31.712053     3.4836      8.251   214.3063 1.8326e+01     4.8286      2.214      3.210    16.3857 0.0000e+00
      2.263      0.034     7.0601     71.147     38.541  31.746628     3.5021      8.247   213.7195 1.8089e+01     4.6413      2.219      3.218    16.3460 0.0000e+00
      2.272      0.033     7.0454     70.820     38.602  31.767579     3.5177      8.243   213.4663 1.7772e+01     4.5965      2.228      3.229    16.2986 0.0000e+00
      2.283      0.031     7.0249     70.471     38.648  31.775144     3.5303      8.239   213.7403 1.7505e+01     4.6622      2.241      3.250    16.2495 0.0000e+00
      2.292      0.029     7.0162     70.138     38.679  31.774649     3.5305      8.235   214.1928 1.7335e+01     4.6842      2.250      3.262    16.2138 0.0000e+00
      2.299      0.027     6.9985     69.780     38.692  31.761569     3.4947      8.232   214.5496 1.7168e+01     4.5210      2.254      3.269    16.1847 0.0000e+00
      2.304      0.024     6.9682     69.366     38.694  31.743764     3.4387      8.228   214.9570 1.7019e+01     4.2603      2.260      3.278    16.1447 0.0000e+00
      2.309      0.021     6.9383     68.921     38.719  31.749539     3.4111      8.225   215.3321 1.6878e+01     4.1624      2.264      3.283    16.1026 0.0000e+00
      2.315      0.019     6.9129     68.487     38.752  31.767983     3.4113      8.221   215.3005 1.6723e+01     4.1906      2.269      3.292    16.0696 0.0000e+00
      2.320      0.019     6.8837     68.077     38.769  31.776562     3.3829      8.218   215.2629 1.6616e+01     4.0896      2.276      3.301    16.0386 0.0000e+00
      2.323      0.019     6.8452     67.662     38.799  31.789866     3.3260      8.214   215.4799 1.6534e+01     3.8636      2.278      3.304    16.0124 0.0000e+00
      2.327      0.020     6.8024     67.229     38.841  31.802019     3.2979      8.210   215.7728 1.6415e+01     3.7465      2.281      3.309    15.9930 0.0000e+00
      2.333      0.021     6.7603     66.785     38.869  31.796675     3.3000      8.207   216.4816 1.6277e+01     3.7334      2.287      3.318    15.9825 0.0000e+00
