Data/DataNotYetUploadedToEDI/Raw_CTD/RawDownloads/053121_fcr50.cnv
* Sea-Bird SBE19plus  Data File:
* FileName = C:\R\Reservoirs\Data\DataNotYetUploadedToEDI\Raw_CTD\RawDownloads\053121_bvr50_0002.hex
* Software version 2.8.0.119
* Temperature SN = 7809
* Conductivity SN = 7809
* System UpLoad Time = May 31 2021 14:12:44
* <ApplicationData>
* <Seaterm232>
# nquan = 16
# nvalues = 1031                        
# units = specified
# name 0 = depFM: Depth [fresh water, m]
# name 1 = dz/dtM: Descent Rate [m/s]
# name 2 = orp: Oxidation Reduction Potential [mV]
# name 3 = sbeox0Mg/L: Oxygen, SBE 43 [mg/l]
# name 4 = sbeox0PS: Oxygen, SBE 43 [% saturation]
# name 5 = par/sat/log: PAR/Logarithmic, Satlantic
# name 6 = ph: pH
# name 7 = specc: Specific Conductance [uS/cm]
# name 8 = c0uS/cm: Conductivity [uS/cm]
# name 9 = flECO-AFL: Fluorescence, WET Labs ECO-AFL/FL [mg/m^3]
# name 10 = turbWETntu0: Turbidity, WET Labs ECO [NTU]
# name 11 = tv290C: Temperature [ITS-90, deg C]
# name 12 = density00: Density [density, kg/m^3]
# name 13 = prdE: Pressure, Strain Gauge [psi]
# name 14 = prdM: Pressure, Strain Gauge [db]
# name 15 = flag:  0.000e+00
# span 0 =     -0.563,      9.808       
# span 1 =     -0.338,      0.165       
# span 2 = -1240.7455,   250.2211       
# span 3 =     0.8968,    14.0669       
# span 4 =      7.725,    147.634       
# span 5 = 1.2360e-01, 1.2115e+03       
# span 6 =      7.820,     16.027       
# span 7 =      0.638,    152.507       
# span 8 =   0.543973, 101.353028       
# span 9 =    -1.7340,    13.4180       
# span 10 =    -6.3869,   853.3051      
# span 11 =     8.1305,    21.1655      
# span 12 =   997.9754,   999.9396      
# span 13 =     -0.801,     13.951      
# span 14 =     -0.552,      9.619      
# span 15 = 0.0000e+00, 0.0000e+00      
# interval = seconds: 0.25
# start_time = May 30 2021 22:50:38 [Instrument's time stamp, header]
# bad_flag = -9.990e-29
*END*
     -0.562 -1.257e-16 -1240.7455     8.9340     93.695 5.0886e+02     15.720      0.655   0.558940    -0.9342     0.0166    17.6526   998.6647     -0.800     -0.551 0.0000e+00
     -0.563 -6.915e-17 -1240.7455     8.9335     93.691 6.5639e+02     15.704      0.644   0.549970    -0.9355    -0.0243    17.6525   998.6647     -0.801     -0.552 0.0000e+00
     -0.563 -2.052e-17 -1240.7455     8.9308     93.687 8.6832e+02     15.677      0.638   0.543973    -0.9422    -0.0620    17.6520   998.6648     -0.801     -0.552 0.0000e+00
     -0.563 -3.160e-18 -1240.7455     8.9352     93.690 1.0198e+03     15.649      0.643   0.548029    -0.9497    -0.0589    17.6519   998.6648     -0.800     -0.552 0.0000e+00
     -0.563 -4.048e-19 -1240.7455     8.9278     93.723 1.0614e+03     15.590      0.689   0.587515    -0.9526    -0.0331    17.6519   998.6649     -0.799     -0.551 0.0000e+00
     -0.563 -4.749e-20 -1240.7455     8.9405     93.801 1.0097e+03     15.376      0.807   0.688335    -0.9547    -0.0231    17.6516   998.6649     -0.800     -0.552 0.0000e+00
     -0.562 -5.289e-21 -1240.7455     8.9670     93.871 8.5695e+02     14.845      0.961   0.819984    -0.9572    -0.0197    17.6514   998.6649     -0.800     -0.551 0.0000e+00
     -0.562 -5.674e-22 -1240.7455     8.9448     93.889 6.5015e+02     13.936      1.095   0.935011    -0.9551    -0.0017    17.6513   998.6650     -0.800     -0.551 0.0000e+00
     -0.562 -4.242e-23 -1240.7455     8.9480     93.898 5.0314e+02     12.756      1.209   1.031805    -0.9497     0.0119    17.6513   998.6650     -0.800     -0.551 0.0000e+00
     -0.562 1.7368e-22 -1240.7455     8.9686     93.893 4.5173e+02     11.516      1.314   1.121171    -0.9447     0.0037    17.6510   998.6650     -0.800     -0.551 0.0000e+00
     -0.562 1.8561e-21 -1240.7455     8.9448     93.814 4.4823e+02     10.431      1.404   1.197869    -0.9392    -0.0107    17.6507   998.6651     -0.799     -0.551 0.0000e+00
     -0.562 1.9086e-20 -1240.7455     8.9313     93.686 4.5971e+02      9.628      1.461   1.246403    -0.9347    -0.0277    17.6502   998.6652     -0.799     -0.551 0.0000e+00
     -0.562 1.9523e-19 -1240.7455     8.9192     93.579 4.7926e+02      9.099      1.458   1.243347    -0.9371    -0.0453    17.6498   998.6653     -0.799     -0.551 0.0000e+00
     -0.562 1.9856e-18 -1240.7455     8.9078     93.544 5.1416e+02      8.755      1.388   1.183533    -0.9439    -0.0317    17.6495   998.6653     -0.799     -0.551 0.0000e+00
     -0.562 2.0061e-17 -1240.7455     8.9255     93.585 5.6524e+02      8.497      1.284   1.094749    -0.9464    -0.0033    17.6490   998.6654     -0.799     -0.551 0.0000e+00
     -0.562 2.0109e-16 -1240.7455     8.9344     93.641 5.8228e+02      8.262      1.190   1.015202    -0.9464    -0.0383    17.6487   998.6654     -0.799     -0.551 0.0000e+00
     -0.562 1.9965e-15 -1240.7455     8.9295     93.674 5.2427e+02      8.065      1.129   0.963180    -0.9506    -0.1523    17.6482   998.6655     -0.799     -0.551 0.0000e+00
     -0.562 1.9592e-14 -1240.7455     8.9335     93.696 4.3307e+02      7.926      1.094   0.932928    -0.9556    -0.2653    17.6476   998.6656     -0.800     -0.551 0.0000e+00
     -0.562 1.8944e-13 -1240.7455     8.9452     93.679 3.5771e+02      7.820      1.071   0.914116    -0.9549    -0.3184    17.6472   998.6657     -0.799     -0.551 0.0000e+00
     -0.562 1.7971e-12 -1240.7455     8.9279     93.591 3.0236e+02      7.857      1.056   0.900608    -0.9522    -0.3344    17.6470   998.6657     -0.799     -0.551 0.0000e+00
     -0.561 1.6613e-11 -1240.7455     8.8976     93.508 2.6647e+02      8.395      1.048   0.893873    -0.9508    -0.3367    17.6468   998.6658     -0.798     -0.550 0.0000e+00
     -0.561 1.4805e-10 -1240.7455     8.9178     93.506 2.5031e+02      9.654      1.048   0.894299    -0.9416    -0.3131    17.6468   998.6658     -0.798     -0.550 0.0000e+00
     -0.561 1.2469e-09 -1240.7455     8.9307     93.521 2.4613e+02     11.298      1.042   0.889012    -0.9105    -0.2634    17.6468   998.6658     -0.798     -0.550 0.0000e+00
     -0.562 9.5168e-09 -1240.7455     8.9087     93.486 2.4853e+02     12.739      1.020   0.870486    -0.8481    -0.1970    17.6470   998.6657     -0.799     -0.551 0.0000e+00
     -0.562 5.8501e-08 -1240.7455     8.9091     93.442 2.5614e+02     13.704      0.994   0.848621    -0.7703    -0.1225    17.6476   998.6657     -0.799     -0.551 0.0000e+00
     -0.561 1.3548e-07 -1240.7455     8.9048     93.444 2.6529e+02     14.259      0.978   0.834134    -0.7165    -0.0604    17.6474   998.6657     -0.798     -0.550 0.0000e+00
     -0.561 1.3548e-07 -1240.7455     8.9090     93.504 2.7008e+02     14.548      0.967   0.824815    -0.7013    -0.0324    17.6475   998.6656     -0.798     -0.550 0.0000e+00
     -0.561 5.8535e-08 -1240.7455     8.9375     93.566 2.6886e+02     14.667      0.951   0.810954    -0.7183    -0.0528    17.6471   998.6657     -0.798     -0.550 0.0000e+00
     -0.561 9.8177e-09 -1240.7455     8.9248     93.550 2.6507e+02     14.670      0.930   0.792971    -0.7760    -0.1103    17.6477   998.6656     -0.798     -0.550 0.0000e+00
     -0.561 3.9685e-09 -1240.7454     8.9085     93.469 2.6298e+02     14.583      0.918   0.782920    -0.8606    -0.1606    17.6475   998.6657     -0.798     -0.550 0.0000e+00
     -0.561 2.3631e-08 -1240.7448     8.9051     93.394 2.6516e+02     14.423      0.917   0.782164    -0.9223    -0.1796    17.6480   998.6655     -0.799     -0.551 0.0000e+00
     -0.561 1.8734e-07 -1240.7391     8.8933     93.381 2.7228e+02     14.209      0.906   0.772959    -0.9411    -0.1820    17.6478   998.6656     -0.798     -0.550 0.0000e+00
     -0.561      0.000 -1240.6862     8.9076     93.447 2.8378e+02     13.956      0.875   0.746295    -0.9421    -0.1582    17.6471   998.6657     -0.798     -0.550 0.0000e+00
     -0.561      0.000 -1240.2140     8.9271     93.541 2.9775e+02     13.657      0.848   0.722987    -0.9470    -0.0928    17.6494   998.6653     -0.799     -0.551 0.0000e+00
     -0.560      0.000 -1236.2257     8.9304     93.584 3.1170e+02     13.272      0.872   0.744215    -0.9548    -0.0186    17.6429   998.6665     -0.798     -0.550 0.0000e+00
     -0.555      0.002 -1205.6268     8.9194     93.566 3.2495e+02     12.735      1.114   0.955061    -0.9726     0.0687    17.6571   998.6640     -0.800     -0.551 0.0000e+00
     -0.540      0.007 -1015.0361     8.9220     93.521 3.3890e+02     12.189      2.539   2.200017    -1.0264     0.2538    17.6275   998.6691     -0.791     -0.545 0.0000e+00
     -0.508      0.019  -524.4967     8.8946     93.471 3.5412e+02     12.147      7.158   6.255655    -1.1112     0.5610    17.7540   998.6468     -0.737     -0.508 0.0000e+00
     -0.463      0.040    20.8431     8.7700     93.430 3.7125e+02     12.872     15.506  13.649546    -1.1763     1.1530    18.3925   998.5314     -0.657     -0.454 0.0000e+00
     -0.414      0.066   226.2007     8.6328     93.423 3.9439e+02     13.887     24.653  21.862418    -1.1593     3.8545    19.1625   998.3874     -0.591     -0.408 0.0000e+00
     -0.364      0.096   162.1920     8.5558     93.454 4.2804e+02     14.644     31.272  27.939977    -1.0170    11.4676    19.6585   998.2899     -0.519     -0.359 0.0000e+00
     -0.317      0.126   104.6640     8.4989     93.540 4.6457e+02     15.079     34.768  31.280288    -0.8044    22.1196    19.9864   998.2240     -0.439     -0.303 0.0000e+00
     -0.276      0.150   100.2223     8.4568     93.776 4.8150e+02     15.323     36.178  32.754733    -0.6489    29.5968    20.2628   998.1672     -0.385     -0.265 0.0000e+00
     -0.245      0.164   105.0883     8.4630     94.252 4.7070e+02     15.462     36.524  33.257905    -0.5626    31.1556    20.5546   998.1057     -0.342     -0.235 0.0000e+00
     -0.220      0.165   109.0024     8.4892     94.943 4.5294e+02     15.542     36.476  33.371138    -0.3147    27.8492    20.8008   998.0534     -0.306     -0.211 0.0000e+00
     -0.200      0.155   109.7057     8.5398     95.780 4.4539e+02     15.592     36.330  33.347335     0.3829    21.2002    20.9346   998.0245     -0.290     -0.200 0.0000e+00
     -0.177      0.140   108.9634     8.6191     96.705 4.4554e+02     15.619     36.155  33.252015     1.3547    14.3622    21.0073   998.0089     -0.258     -0.178 0.0000e+00
     -0.152      0.125   109.2272     8.7006     97.630 4.4764e+02     15.626     35.944  33.092105     2.0454    10.4086    21.0457   998.0007     -0.209     -0.144 0.0000e+00
     -0.129      0.110   110.8321     8.7821     98.435 4.4978e+02     15.626     35.705  32.887714     2.2941     9.1817    21.0548   997.9987     -0.177     -0.121 0.0000e+00
     -0.111      0.097   112.9037     8.8345     99.008 4.5149e+02     15.627     35.491  32.698029     2.3646     8.9867    21.0620   997.9973     -0.155     -0.106 0.0000e+00
     -0.101      0.087   115.0012     8.8543     99.312 4.5281e+02     15.631     35.340  32.563943     2.4190     8.9795    21.0700   997.9954     -0.138     -0.094 0.0000e+00
     -0.096      0.077   117.0219     8.8534     99.402 4.5391e+02     15.635     35.256  32.488954     2.4574     8.9853    21.0748   997.9943     -0.133     -0.092 0.0000e+00
     -0.091      0.067   118.9875     8.8462     99.372 4.5559e+02     15.637     35.249  32.480963     2.4724     8.9422    21.0738   997.9946     -0.133     -0.092 0.0000e+00
     -0.082      0.057   121.2453     8.8452     99.267 4.5848e+02     15.639     35.329  32.548539     2.4805     8.8624    21.0614   997.9973     -0.124     -0.085 0.0000e+00
     -0.068      0.048   123.9869     8.8263     99.107 4.6185e+02     15.642     35.453  32.651995     2.4981     8.8037    21.0497   998.0000     -0.096     -0.066 0.0000e+00
     -0.056      0.041   126.7760     8.8065     98.976 4.6455e+02     15.644     35.563  32.741894     2.5242     8.7859    21.0266   998.0052     -0.072     -0.050 0.0000e+00
     -0.050      0.036   128.8912     8.8034     99.059 4.6647e+02     15.646     35.667  32.827338     2.5555     8.7675    21.0005   998.0109     -0.069     -0.048 0.0000e+00
     -0.049      0.032   129.9252     8.8233     99.613 4.6812e+02     15.647     35.772  32.921856     2.6027     8.7391    21.0046   998.0099     -0.070     -0.048 0.0000e+00
     -0.049      0.029   130.2172     8.9479    100.749 4.7010e+02     15.647     35.860  33.005455     2.6626     8.7426    21.0174   998.0072     -0.069     -0.048 0.0000e+00
     -0.048      0.025   130.5569     9.1364    102.164 4.7281e+02     15.647     35.925  33.069148     2.7068     8.7765    21.0188   998.0069     -0.069     -0.048 0.0000e+00
     -0.048      0.020   131.6091     9.2438    103.390 4.7630e+02     15.647     35.962  33.108448     2.7158     8.7970    21.0245   998.0057     -0.069     -0.048 0.0000e+00
     -0.048      0.014   133.3711     9.2842    104.350 4.8075e+02     15.647     35.958  33.113253     2.6888     8.7907    21.0376   998.0029     -0.069     -0.048 0.0000e+00
     -0.048      0.008   134.5975     9.3478    105.391 4.8684e+02     15.646     35.930  33.096944     2.6446     8.7823    21.0519   997.9997     -0.069     -0.048 0.0000e+00
     -0.049      0.003   134.2679     9.4820    106.788 4.9588e+02     15.645     35.908  33.086711     2.6144     8.7969    21.0666   997.9966     -0.069     -0.048 0.0000e+00
     -0.049      0.000   133.3046     9.6649    108.410 5.1196e+02     15.645     35.905  33.091091     2.6127     8.8369    21.0797   997.9937     -0.069     -0.048 0.0000e+00
     -0.048 1.0995e-09   133.0159     9.8185    109.832 5.4315e+02     15.645     35.900  33.091281     2.6403     8.8904    21.0861   997.9924     -0.068     -0.047 0.0000e+00
     -0.048 1.2094e-08   133.6889     9.8946    110.701 5.9610e+02     15.645     35.862  33.058219     2.6844     8.9356    21.0881   997.9919     -0.068     -0.047 0.0000e+00
     -0.048 1.3303e-07   135.1116     9.9024    110.946 6.6481e+02     15.646     35.782  32.985291     2.7193     8.9567    21.0878   997.9920     -0.068     -0.047 0.0000e+00
     -0.048 1.3822e-07   136.5556     9.8672    110.721 7.1957e+02     15.646     35.695  32.904767     2.7392     8.9703    21.0838   997.9928     -0.068     -0.047 0.0000e+00
     -0.048 1.8852e-08   137.1551     9.8123    110.237 7.1949e+02     15.646     35.653  32.868343     2.7616     8.9900    21.0849   997.9925     -0.068     -0.047 0.0000e+00
     -0.048 1.1117e-08   136.9321     9.7597    109.626 6.5734e+02     15.646     35.683  32.899344     2.8037     9.0001    21.0942   997.9905     -0.069     -0.048 0.0000e+00
     -0.048 5.8644e-08   136.5365     9.7002    108.891 5.7468e+02     15.646     35.749  32.966179     2.8596     8.9954    21.1040   997.9884     -0.068     -0.047 0.0000e+00
     -0.048 1.3548e-07   136.4019     9.6167    107.991 5.1558e+02     15.646     35.800  33.018214     2.9064     8.9926    21.1114   997.9869     -0.068     -0.047 0.0000e+00
     -0.048 1.3547e-07   136.6478     9.5122    106.966 4.8863e+02     15.645     35.810  33.030620     2.9383     9.0161    21.1157   997.9859     -0.068     -0.047 0.0000e+00
     -0.048 5.8498e-08   137.2681     9.4096    105.959 4.7979e+02     15.645     35.788  33.011173     2.9570     9.0809    21.1165   997.9856     -0.068     -0.047 0.0000e+00
     -0.048 9.5164e-09   138.2329     9.3315    105.129 4.7708e+02     15.645     35.756  32.981407     2.9581     9.1489    21.1149   997.9860     -0.068     -0.047 0.0000e+00
     -0.048 1.2468e-09   139.5018     9.2803    104.581 4.7605e+02     15.646     35.731  32.956570     2.9467     9.1684    21.1128   997.9865     -0.068     -0.047 0.0000e+00
     -0.048 1.4805e-10   140.7289     9.2595    104.380 4.7553e+02     15.646     35.716  32.942956     2.9218     9.1442    21.1123   997.9866     -0.068     -0.047 0.0000e+00
     -0.048 1.6613e-11   141.3714     9.2719    104.588 4.7512e+02     15.646     35.714  32.942096     2.8699     9.1018    21.1134   997.9863     -0.069     -0.048 0.0000e+00
     -0.048 1.7970e-12   141.4550     9.3276    105.274 4.7479e+02     15.645     35.721  32.950000     2.8041     9.0590    21.1152   997.9859     -0.069     -0.048 0.0000e+00
     -0.048 1.8944e-13   141.5445     9.4401    106.456 4.7464e+02     15.645     35.726  32.955690     2.7572     9.0220    21.1173   997.9856     -0.068     -0.047 0.0000e+00
     -0.048 1.9592e-14   142.0024     9.5946    108.047 4.7445e+02     15.645     35.722  32.953601     2.7405     8.9795    21.1196   997.9850     -0.068     -0.047 0.0000e+00
     -0.048 1.9965e-15   142.7659     9.7676    109.876 4.7393e+02     15.645     35.717  32.948966     2.7500     8.9395    21.1207   997.9847     -0.068     -0.047 0.0000e+00
     -0.047 2.0109e-16   143.4642     9.9470    111.752 4.7302e+02     15.645     35.703  32.937097     2.7763     8.9242    21.1207   997.9848     -0.068     -0.047 0.0000e+00
     -0.047 2.0061e-17   143.7833    10.1126    113.488 4.7166e+02     15.646     35.677  32.912768     2.7969     8.9341    21.1206   997.9847     -0.068     -0.047 0.0000e+00
     -0.048 1.9857e-18   143.7845    10.2458    114.927 4.7002e+02     15.646     35.653  32.890983     2.7993     8.9639    21.1214   997.9846     -0.068     -0.047 0.0000e+00
     -0.048 1.9563e-19   143.6826    10.3403    115.971 4.6857e+02     15.647     35.644  32.883162     2.8027     9.0233    21.1230   997.9843     -0.068     -0.047 0.0000e+00
     -0.048 2.3245e-20   143.7446    10.3918    116.598 4.6757e+02     15.647     35.646  32.886328     2.8335     9.1104    21.1241   997.9840     -0.069     -0.048 0.0000e+00
     -0.048 4.4658e-20   144.2621    10.4082    116.849 4.6697e+02     15.646     35.659  32.898630     2.8855     9.1898    21.1246   997.9839     -0.068     -0.047 0.0000e+00
     -0.048 4.3862e-19   145.1487    10.3996    116.794 4.6661e+02     15.646     35.674  32.912434     2.9278     9.2282    21.1252   997.9838     -0.068     -0.047 0.0000e+00
