Data/DataNotYetUploadedToEDI/Raw_CTD/RawDownloads/053122_bvr50_0003.cnv
* Sea-Bird SBE19plus  Data File:
* FileName = C:\R\Reservoirs\Data\DataNotYetUploadedToEDI\Raw_CTD\RawDownloads\053122_bvr01_0003.hex
* Software version 2.8.0.119
* Temperature SN = 7809
* Conductivity SN = 7809
* System UpLoad Time = Jun 07 2022 07:56:18
* <ApplicationData>
* <Seaterm232>
# nquan = 15
# nvalues = 1718                        
# units = specified
# name 0 = depFM: Depth [fresh water, m]
# name 1 = dz/dtM: Descent Rate [m/s]
# name 2 = sbeox0Mg/L: Oxygen, SBE 43 [mg/l]
# name 3 = sbeox0PS: Oxygen, SBE 43 [% saturation]
# name 4 = specc: Specific Conductance [uS/cm]
# name 5 = c0uS/cm: Conductivity [uS/cm]
# name 6 = flECO-AFL: Fluorescence, WET Labs ECO-AFL/FL [mg/m^3]
# name 7 = ph: pH
# name 8 = orp: Oxidation Reduction Potential [mV]
# name 9 = par/sat/log: PAR/Logarithmic, Satlantic
# name 10 = turbWETntu0: Turbidity, WET Labs ECO [NTU]
# name 11 = prdM: Pressure, Strain Gauge [db]
# name 12 = prdE: Pressure, Strain Gauge [psi]
# name 13 = tv290C: Temperature [ITS-90, deg C]
# name 14 = flag:  0.000e+00
# span 0 =     -0.705,      9.367       
# span 1 =     -0.270,      0.170       
# span 2 =    -0.7384,     9.1874       
# span 3 =     -6.449,    104.269       
# span 4 =      0.369,    194.259       
# span 5 =   0.385011, 136.220549       
# span 6 =    -1.1073,     5.8701       
# span 7 =      5.957,      8.845       
# span 8 =   -96.9992,   383.6149       
# span 9 = 1.2350e-01, 2.7079e+03       
# span 10 =    -4.2341,    42.2496      
# span 11 =     -0.691,      9.186      
# span 12 =     -1.003,     13.323      
# span 13 =     9.4688,    27.2090      
# span 14 = 0.0000e+00, 0.0000e+00      
# interval = seconds: 0.25
# start_time = May 31 2022 09:10:10 [Instrument's time stamp, header]
# bad_flag = -9.990e-29
*END*
[from data line 772]
      4.790      0.029     0.0837      0.700     32.285  23.898243     2.2807      7.033   255.9332 5.0505e+00     2.4523      4.697      6.813    12.1267 0.0000e+00
      4.797      0.028     0.0814      0.695     32.262  23.872176     2.3049      7.030   256.0179 5.0155e+00     2.5066      4.704      6.823    12.0750 0.0000e+00
      4.805      0.026     0.0810      0.698     32.267  23.870891     2.3127      7.028   255.9419 4.9852e+00     2.5285      4.712      6.835    12.0338 0.0000e+00
      4.812      0.024     0.0789      0.686     32.280  23.882690     2.3167      7.026   255.7889 4.9607e+00     2.5799      4.720      6.846    12.0215 0.0000e+00
      4.818      0.024     0.0740      0.667     32.273  23.888087     2.3202      7.023   255.7169 4.9446e+00     2.6155      4.726      6.855    12.0094 0.0000e+00
      4.822      0.025     0.0747      0.653     32.321  23.936156     2.2892      7.020   255.5872 4.9252e+00     2.6518      4.729      6.859    11.9921 0.0000e+00
      4.827      0.025     0.0762      0.641     32.424  24.020271     2.2236      7.017   255.2533 4.8887e+00     2.7802      4.732      6.864    11.9839 0.0000e+00
      4.834      0.024     0.0742      0.633     32.503  24.081242     2.1850      7.014   254.8625 4.8556e+00     2.9042      4.739      6.874    11.9831 0.0000e+00
      4.843      0.023     0.0714      0.639     32.534  24.102976     2.1889      7.010   254.5628 4.8357e+00     2.9546      4.750      6.889    12.0041 0.0000e+00
      4.852      0.020     0.0704      0.643     32.524  24.092922     2.1464      7.007   254.3825 4.8172e+00     2.8775      4.759      6.903    12.0307 0.0000e+00
      4.857      0.016     0.0694      0.642     32.517  24.086431     2.0370      7.003   254.2311 4.7987e+00     2.6902      4.765      6.910    12.0386 0.0000e+00
      4.859      0.015     0.0668      0.657     32.604  24.151239     1.9731      7.001   254.0226 4.7933e+00     2.6029      4.766      6.912    12.0450 0.0000e+00
      4.858      0.015     0.0692      0.672     32.819  24.306124     1.9735      6.999   253.7548 4.7998e+00     2.6413      4.764      6.909    12.0410 0.0000e+00
      4.857      0.018     0.0702      0.663     33.014  24.438088     1.9913      6.997   253.5735 4.7979e+00     2.7442      4.762      6.907    12.0332 0.0000e+00
      4.862      0.022     0.0676      0.645     33.091  24.479251     2.0129      6.994   253.5516 4.7728e+00     2.8903      4.765      6.911    12.0336 0.0000e+00
      4.872      0.026     0.0706      0.644     33.116  24.486923     2.0183      6.991   253.4905 4.7346e+00     2.9736      4.777      6.928    12.0352 0.0000e+00
      4.883      0.028     0.0740      0.655     33.091  24.467463     2.0233      6.988   253.4374 4.7037e+00     3.0000      4.791      6.949    12.0331 0.0000e+00
      4.892      0.029     0.0717      0.657     33.034  24.434079     2.0576      6.986   253.5113 4.6747e+00     3.1405      4.798      6.960    12.0117 0.0000e+00
      4.898      0.028     0.0687      0.654     33.058  24.463563     2.1086      6.984   253.6102 4.6442e+00     3.4091      4.804      6.968    11.9830 0.0000e+00
      4.903      0.026     0.0687      0.650     33.191  24.570449     2.1405      6.981   253.6003 4.6179e+00     3.6174      4.809      6.975    11.9631 0.0000e+00
      4.908      0.025     0.0713      0.640     33.381  24.712397     2.1429      6.978   253.5635 4.5990e+00     3.7122      4.813      6.980    11.9616 0.0000e+00
      4.915      0.025     0.0711      0.639     33.578  24.848909     2.1376      6.975   253.5956 4.5949e+00     3.7357      4.819      6.989    11.9796 0.0000e+00
      4.923      0.026     0.0698      0.643     33.747  24.953430     2.1354      6.972   253.4724 4.5843e+00     3.6963      4.827      7.002    11.9996 0.0000e+00
      4.930      0.026     0.0710      0.640     33.886  25.025442     2.1251      6.970   252.8487 4.5565e+00     3.6451      4.835      7.013    12.0150 0.0000e+00
      4.936      0.027     0.0681      0.649     34.016  25.085779     2.1209      6.968   251.3878 4.5360e+00     3.6633      4.841      7.020    12.0189 0.0000e+00
      4.943      0.028     0.0683      0.664     34.180  25.175891     2.1344      6.965   249.4030 4.5206e+00     3.7122      4.848      7.031    12.0040 0.0000e+00
      4.950      0.028     0.0706      0.671     34.360  25.291008     2.1141      6.963   247.7793 4.4901e+00     3.6207      4.854      7.040    11.9733 0.0000e+00
      4.956      0.028     0.0679      0.665     34.428  25.336788     2.0495      6.961   246.7271 4.4563e+00     3.3769      4.859      7.047    11.9271 0.0000e+00
      4.964      0.028     0.0700      0.640     34.357  25.285752     2.0110      6.960   245.9726 4.4412e+00     3.1902      4.868      7.060    11.8681 0.0000e+00
      4.973      0.028     0.0725      0.618     34.298  25.244357     2.0141      6.959   245.5409 4.4359e+00     3.1736      4.877      7.074    11.8178 0.0000e+00
      4.980      0.028     0.0726      0.619     34.344  25.279952     2.0044      6.957   245.2928 4.4276e+00     3.2783      4.884      7.084    11.7935 0.0000e+00
      4.987      0.028     0.0734      0.619     34.503  25.399221     1.9691      6.954   244.7801 4.4104e+00     3.3978      4.890      7.092    11.7912 0.0000e+00
      4.993      0.027     0.0693      0.604     34.783  25.608971     1.9528      6.951   243.6441 4.3820e+00     3.4558      4.897      7.102    11.7963 0.0000e+00
      5.000      0.027     0.0653      0.607     35.108  25.851211     1.9574      6.949   241.7956 4.3561e+00     3.4675      4.903      7.111    11.7999 0.0000e+00
      5.007      0.028     0.0670      0.622     35.380  26.046410     1.9504      6.947   239.6381 4.3349e+00     3.3691      4.910      7.121    11.8019 0.0000e+00
      5.014      0.029     0.0688      0.626     35.524  26.131017     1.9257      6.944   237.6044 4.3198e+00     3.1541      4.917      7.132    11.8024 0.0000e+00
      5.020      0.030     0.0637      0.627     35.547  26.113567     1.9002      6.940   235.4474 4.3105e+00     3.0198      4.923      7.141    11.8080 0.0000e+00
      5.028      0.030     0.0649      0.627     35.560  26.088926     1.8915      6.936   231.5393 4.2860e+00     3.0093      4.930      7.151    11.8179 0.0000e+00
      5.038      0.028     0.0688      0.619     35.592  26.086576     1.8874      6.932   222.6169 4.2536e+00     2.9927      4.940      7.165    11.8166 0.0000e+00
      5.047      0.025     0.0670      0.618     35.614  26.085117     1.8669      6.930   208.3587 4.2351e+00     2.9558      4.950      7.180    11.7842 0.0000e+00
      5.054      0.024     0.0684      0.629     35.609  26.071271     1.8434      6.927   194.3120 4.2214e+00     2.9391      4.959      7.192    11.7269 0.0000e+00
      5.058      0.024     0.0683      0.623     35.586  26.045918     1.8367      6.924   185.2791 4.2153e+00     2.9272      4.962      7.197    11.6754 0.0000e+00
      5.059      0.024     0.0674      0.600     35.580  26.032100     1.8526      6.920   180.7086 4.2191e+00     2.9147      4.962      7.196    11.6391 0.0000e+00
      5.062      0.025     0.0657      0.596     35.593  26.030959     1.8859      6.917   177.5956 4.2068e+00     2.8900      4.962      7.198    11.6160 0.0000e+00
      5.072      0.026     0.0694      0.587     35.607  26.032106     1.9053      6.913   174.3995 4.1755e+00     2.8337      4.972      7.212    11.6039 0.0000e+00
      5.084      0.029     0.0699      0.572     35.635  26.045951     1.8961      6.909   171.3179 4.1458e+00     2.7803      4.989      7.235    11.5942 0.0000e+00
      5.094      0.030     0.0622      0.577     35.680  26.071587     1.8916      6.905   168.2124 4.1264e+00     2.7910      4.996      7.246    11.5804 0.0000e+00
      5.099      0.028     0.0663      0.590     35.711  26.088537     1.9087      6.902   164.7288 4.1069e+00     2.8948      5.000      7.251    11.5639 0.0000e+00
      5.104      0.025     0.0647      0.604     35.764  26.124108     1.9201      6.899   161.1183 4.0709e+00     2.9758      5.005      7.259    11.5513 0.0000e+00
      5.111      0.024     0.0599      0.610     35.851  26.184760     1.9130      6.896   157.8554 4.0369e+00     2.9513      5.013      7.271    11.5424 0.0000e+00
      5.116      0.024     0.0638      0.619     35.863  26.188051     1.9065      6.892   154.9600 4.0225e+00     2.9403      5.019      7.279    11.5332 0.0000e+00
      5.121      0.025     0.0631      0.626     35.840  26.163888     1.9248      6.888   152.4385 4.0041e+00     2.9457      5.020      7.281    11.5226 0.0000e+00
      5.127      0.028     0.0670      0.610     35.911  26.209515     1.9509      6.885   150.5129 3.9791e+00     2.8456      5.026      7.290    11.5188 0.0000e+00
      5.136      0.031     0.0660      0.587     36.039  26.296039     1.9552      6.880   148.9716 3.9553e+00     2.7551      5.037      7.307    11.5195 0.0000e+00
      5.144      0.035     0.0668      0.567     36.174  26.386052     1.9521      6.875   147.3969 3.9328e+00     2.7732      5.046      7.318    11.5093 0.0000e+00
      5.152      0.038     0.0703      0.556     36.309  26.473858     1.9467      6.872   145.6695 3.9057e+00     2.7231      5.051      7.324    11.4969 0.0000e+00
      5.163      0.039     0.0661      0.551     36.405  26.533697     1.9318      6.869   144.0033 3.8607e+00     2.5587      5.061      7.340    11.4901 0.0000e+00
      5.176      0.039     0.0642      0.549     36.427  26.539094     1.9137      6.865   142.3939 3.8147e+00     2.4253      5.077      7.364    11.4812 0.0000e+00
      5.188      0.037     0.0612      0.554     36.352  26.475719     1.9017      6.861   140.4068 3.7889e+00     2.3742      5.089      7.382    11.4685 0.0000e+00
      5.197      0.033     0.0609      0.574     36.255  26.401274     1.9038      6.858   137.8736 3.7692e+00     2.4187      5.097      7.392    11.4538 0.0000e+00
      5.206      0.029     0.0596      0.586     36.251  26.399580     1.9059      6.855   135.2546 3.7414e+00     2.5201      5.105      7.404    11.4396 0.0000e+00
      5.211      0.027     0.0601      0.581     36.325  26.455236     1.9016      6.853   133.0030 3.7285e+00     2.5750      5.111      7.414    11.4249 0.0000e+00
      5.213      0.028     0.0592      0.579     36.392  26.503746     1.9026      6.850   131.2128 3.7336e+00     2.5696      5.112      7.415    11.4100 0.0000e+00
      5.216      0.030     0.0632      0.574     36.447  26.542421     1.8923      6.847   129.7849 3.7116e+00     2.4893      5.113      7.415    11.4041 0.0000e+00
      5.226      0.032     0.0655      0.566     36.537  26.605939     1.8684      6.844   128.5591 3.6622e+00     2.3906      5.123      7.430    11.4098 0.0000e+00
      5.239      0.034     0.0623      0.562     36.592  26.637889     1.8551      6.840   127.4045 3.6254e+00     2.3664      5.138      7.453    11.4137 0.0000e+00
      5.250      0.034     0.0640      0.559     36.572  26.611807     1.8486      6.836   126.0632 3.6005e+00     2.3334      5.149      7.468    11.4105 0.0000e+00
      5.259      0.033     0.0626      0.547     36.576  26.607489     1.8561      6.834   124.5597 3.5709e+00     2.2987      5.158      7.481    11.4089 0.0000e+00
      5.266      0.030     0.0617      0.534     36.636  26.649054     1.9539      6.832   123.1640 3.5363e+00     2.2883      5.164      7.492    11.4100 0.0000e+00
      5.272      0.028     0.0610      0.534     36.761  26.734068     2.1156      6.828   121.8362 3.5100e+00     2.2073      5.170      7.498    11.3979 0.0000e+00
      5.277      0.027     0.0620      0.541     36.889  26.811376     2.1876      6.825   120.4646 3.4985e+00     2.1050      5.174      7.504    11.3762 0.0000e+00
      5.282      0.028     0.0598      0.548     36.935  26.823136     2.1760      6.823   119.0558 3.4854e+00     2.0769      5.179      7.512    11.3685 0.0000e+00
      5.291      0.030     0.0574      0.553     36.945  26.812848     2.1087      6.820   117.6214 3.4591e+00     2.1059      5.188      7.525    11.3690 0.0000e+00
      5.300      0.030     0.0584      0.551     36.960  26.813738     1.9892      6.817   116.2854 3.4291e+00     2.1149      5.198      7.539    11.3651 0.0000e+00
      5.309      0.030     0.0591      0.555     36.996  26.833893     1.9219      6.814   115.1207 3.4019e+00     2.1172      5.207      7.551    11.3428 0.0000e+00
      5.318      0.028     0.0598      0.561     37.047  26.866373     1.9029      6.810   113.9497 3.3749e+00     2.1338      5.215      7.565    11.3053 0.0000e+00
      5.325      0.024     0.0613      0.556     37.083  26.889526     1.8252      6.807   112.7090 3.3501e+00     2.0421      5.223      7.575    11.2796 0.0000e+00
      5.331      0.022     0.0598      0.554     37.131  26.923671     1.6990      6.804   111.5637 3.3316e+00     1.8964      5.228      7.582    11.2698 0.0000e+00
      5.334      0.022     0.0601      0.550     37.183  26.962289     1.6340      6.801   110.5984 3.3226e+00     1.8407      5.231      7.588    11.2632 0.0000e+00
      5.336      0.023     0.0628      0.542     37.206  26.976143     1.6215      6.798   109.6411 3.3138e+00     1.8127      5.232      7.589    11.2558 0.0000e+00
      5.339      0.023     0.0603      0.550     37.193  26.964404     1.6143      6.796   108.6792 3.2929e+00     1.7635      5.234      7.591    11.2520 0.0000e+00
      5.348      0.023     0.0610      0.560     37.162  26.947115     1.6213      6.793   107.8305 3.2667e+00     1.7234      5.244      7.604    11.2509 0.0000e+00
      5.360      0.023     0.0611      0.555     37.161  26.957275     1.6236      6.790   106.9515 3.2523e+00     1.7044      5.259      7.627    11.2554 0.0000e+00
      5.367      0.024     0.0580      0.552     37.239  27.023868     1.6175      6.788   105.9663 3.2462e+00     1.6702      5.267      7.639    11.2519 0.0000e+00
      5.369      0.025     0.0603      0.561     37.364  27.118447     1.6137      6.785   105.0385 3.2426e+00     1.6175      5.266      7.637    11.2385 0.0000e+00
      5.370      0.025     0.0626      0.567     37.422  27.150041     1.6109      6.781   104.2513 3.2400e+00     1.6134      5.267      7.638    11.2513 0.0000e+00
      5.375      0.026     0.0605      0.558     37.446  27.152308     1.6168      6.779   103.5038 3.2226e+00     1.6550      5.270      7.643    11.2700 0.0000e+00
      5.385      0.029     0.0598      0.538     37.528  27.209219     1.6186      6.776   102.7982 3.1949e+00     1.6762      5.280      7.657    11.2807 0.0000e+00
      5.397      0.031     0.0616      0.527     37.602  27.267665     1.6072      6.773   102.1727 3.1660e+00     1.6650      5.295      7.678    11.2975 0.0000e+00
      5.407      0.031     0.0628      0.531     37.629  27.288509     1.6379      6.770   101.4468 3.1386e+00     1.7589      5.304      7.692    11.2774 0.0000e+00
      5.415      0.030     0.0618      0.541     37.689  27.334475     1.7228      6.768   100.4748 3.1189e+00     1.9914      5.310      7.701    11.2419 0.0000e+00
      5.421      0.029     0.0586      0.551     37.837  27.443121     1.7853      6.766    99.4540 3.1107e+00     2.1199      5.318      7.712    11.2452 0.0000e+00
      5.426      0.029     0.0568      0.551     38.054  27.587948     1.7943      6.764    98.4830 3.1060e+00     2.0820      5.321      7.718    11.2605 0.0000e+00
      5.431      0.030     0.0584      0.550     38.319  27.754419     1.7897      6.762    97.5111 3.0875e+00     2.0120      5.324      7.721    11.2544 0.0000e+00
      5.440      0.032     0.0588      0.564     38.609  27.934574     1.7958      6.759    96.5651 3.0611e+00     1.9562      5.333      7.736    11.2575 0.0000e+00
