Data/DataNotYetUploadedToEDI/Raw_CTD/RawDownloads/053121_bvr50.cnv
* Sea-Bird SBE19plus  Data File:
* FileName = C:\R\Reservoirs\Data\DataNotYetUploadedToEDI\Raw_CTD\RawDownloads\053121_bvr50_0001.hex
* Software version 2.8.0.119
* Temperature SN = 7809
* Conductivity SN = 7809
* System UpLoad Time = May 31 2021 14:12:16
* <ApplicationData>
* <Seaterm232>
# nquan = 16
# nvalues = 1847                        
# units = specified
# name 0 = depFM: Depth [fresh water, m]
# name 1 = dz/dtM: Descent Rate [m/s]
# name 2 = orp: Oxidation Reduction Potential [mV]
# name 3 = sbeox0Mg/L: Oxygen, SBE 43 [mg/l]
# name 4 = sbeox0PS: Oxygen, SBE 43 [% saturation]
# name 5 = par/sat/log: PAR/Logarithmic, Satlantic
# name 6 = ph: pH
# name 7 = specc: Specific Conductance [uS/cm]
# name 8 = c0uS/cm: Conductivity [uS/cm]
# name 9 = flECO-AFL: Fluorescence, WET Labs ECO-AFL/FL [mg/m^3]
# name 10 = turbWETntu0: Turbidity, WET Labs ECO [NTU]
# name 11 = tv290C: Temperature [ITS-90, deg C]
# name 12 = density00: Density [density, kg/m^3]
# name 13 = prdE: Pressure, Strain Gauge [psi]
# name 14 = prdM: Pressure, Strain Gauge [db]
# name 15 = flag:  0.000e+00
# span 0 =     -0.653,     10.517       
# span 1 =     -0.348,      0.165       
# span 2 =   -24.7087,  1240.2290       
# span 3 =     1.0163,     9.8518       
# span 4 =      8.898,    106.755       
# span 5 = 5.2640e-01, 1.1179e+03       
# span 6 =     10.572,     16.015       
# span 7 =      1.767,     82.781       
# span 8 =   1.458195,  55.519764       
# span 9 =    -1.2994,    10.6506       
# span 10 =    -1.9313,   933.1017      
# span 11 =     8.5179,    20.6634      
# span 12 =   998.0777,   999.8975      
# span 13 =     -0.930,     14.959      
# span 14 =     -0.641,     10.314      
# span 15 = 0.0000e+00, 0.0000e+00      
# interval = seconds: 0.25
# start_time = May 30 2021 20:52:06 [Instrument's time stamp, header]
# bad_flag = -9.990e-29
*END*
[from data line 904]
      6.984      0.062   303.3529     1.3936     12.148 7.6678e+00     15.995     29.425  20.386334     3.5422     2.2872     9.6478   999.7774      9.946      6.857 0.0000e+00
      6.999      0.069   303.3817     1.3780     12.070 7.6339e+00     15.996     29.582  20.478275     3.7842     2.3575     9.6109   999.7806      9.966      6.872 0.0000e+00
      7.005      0.071   303.3628     1.3563     11.969 7.6451e+00     15.996     29.641  20.502839     4.2060     2.3916     9.5750   999.7836      9.967      6.873 0.0000e+00
      7.005      0.069   303.3550     1.3524     11.918 7.6677e+00     15.997     29.638  20.489591     5.2490     2.3931     9.5540   999.7852      9.964      6.870 0.0000e+00
      7.003      0.059   303.3492     1.3600     11.929 7.6941e+00     15.997     29.598  20.456992     6.6983     2.3991     9.5501   999.7856      9.960      6.868 0.0000e+00
      7.000      0.044   303.3519     1.3683     11.959 7.7195e+00     15.998     29.516  20.401917     7.7049     2.4191     9.5527   999.7853      9.954      6.863 0.0000e+00
      6.998      0.027   303.3916     1.3684     11.960 7.7399e+00     15.998     29.422  20.343011     7.8271     2.4092     9.5620   999.7845      9.953      6.862 0.0000e+00
      6.998      0.012   303.4271     1.3597     11.919 7.7574e+00     15.998     29.363  20.311288     7.1815     2.3248     9.5835   999.7827      9.955      6.864 0.0000e+00
      6.998      0.002   303.4192     1.3524     11.845 7.7698e+00     15.997     29.342  20.305777     6.2093     2.2054     9.6052   999.7809      9.954      6.863 0.0000e+00
      6.998     -0.003   303.4142     1.3397     11.750 7.7782e+00     15.997     29.327  20.303301     5.5165     2.1405     9.6173   999.7799      9.953      6.862 0.0000e+00
      6.998     -0.004   303.4603     1.3211     11.663 7.7888e+00     15.997     29.304  20.292470     5.2728     2.1490     9.6221   999.7795      9.953      6.862 0.0000e+00
      6.998     -0.003   303.5427     1.3189     11.619 7.8008e+00     15.997     29.268  20.271141     5.1896     2.1853     9.6276   999.7791      9.954      6.863 0.0000e+00
      6.999     -0.001   303.5981     1.3228     11.617 7.8117e+00     15.996     29.213  20.237909     5.0552     2.2413     9.6344   999.7785      9.956      6.864 0.0000e+00
      6.999     -0.000   303.5713     1.3254     11.626 7.8241e+00     15.996     29.149  20.199898     4.8813     2.3198     9.6425   999.7778      9.955      6.863 0.0000e+00
      7.000      0.001   303.5089     1.3234     11.627 7.8371e+00     15.996     29.089  20.166367     4.7596     2.3850     9.6579   999.7765      9.957      6.864 0.0000e+00
      7.001      0.001   303.4970     1.3187     11.633 7.8449e+00     15.995     29.044  20.143655     4.7095     2.4120     9.6771   999.7749      9.959      6.866 0.0000e+00
      7.001      0.002   303.5387     1.3276     11.643 7.8482e+00     15.994     29.026  20.139189     4.6830     2.4037     9.6917   999.7736      9.958      6.866 0.0000e+00
      7.002      0.002   303.6103     1.3281     11.628 7.8537e+00     15.994     29.041  20.155949     4.6629     2.3902     9.7001   999.7729      9.959      6.866 0.0000e+00
      7.003      0.002   303.6926     1.3128     11.587 7.8637e+00     15.994     29.073  20.183333     4.6584     2.4027     9.7082   999.7723      9.960      6.867 0.0000e+00
      7.004      0.003   303.7637     1.3068     11.567 7.8792e+00     15.994     29.097  20.204456     4.6897     2.4312     9.7183   999.7714      9.962      6.868 0.0000e+00
      7.004      0.003   303.8320     1.3185     11.587 7.9041e+00     15.993     29.116  20.219946     4.7970     2.4725     9.7246   999.7709      9.962      6.868 0.0000e+00
      7.003      0.002   303.8847     1.3226     11.612 7.9338e+00     15.993     29.147  20.243006     4.9612     2.5358     9.7233   999.7711      9.959      6.867 0.0000e+00
      7.002      0.001   303.8855     1.3172     11.631 7.9563e+00     15.993     29.179  20.268216     5.0838     2.5918     9.7243   999.7710      9.958      6.866 0.0000e+00
      7.002      0.000   303.8364     1.3223     11.666 7.9704e+00     15.992     29.197  20.284811     5.0760     2.5840     9.7352   999.7700      9.959      6.866 0.0000e+00
      7.002 8.2329e-08   303.7502     1.3329     11.716 7.9809e+00     15.992     29.219  20.303287     4.9008     2.4643     9.7481   999.7690      9.959      6.867 0.0000e+00
      7.002 9.0562e-07   303.6455     1.3387     11.751 7.9875e+00     15.991     29.254  20.327706     4.6354     2.2759     9.7484   999.7690      9.960      6.867 0.0000e+00
      7.003      0.000   303.5694     1.3340     11.760 7.9952e+00     15.991     29.282  20.343692     4.4314     2.1485     9.7345   999.7702      9.961      6.868 0.0000e+00
      7.004      0.000   303.5304     1.3362     11.760 8.0083e+00     15.992     29.289  20.344813     4.2687     2.1151     9.7242   999.7710      9.961      6.868 0.0000e+00
      7.005      0.001   303.4837     1.3391     11.749 8.0134e+00     15.992     29.278  20.335598     3.9715     2.0883     9.7232   999.7711      9.963      6.869 0.0000e+00
      7.009      0.002   303.3897     1.3290     11.727 7.9809e+00     15.992     29.257  20.321349     3.5593     2.0261     9.7277   999.7708      9.966      6.871 0.0000e+00
      7.017      0.006   303.2225     1.3281     11.714 7.8934e+00     15.992     29.227  20.301388     3.2598     1.9672     9.7307   999.7704      9.972      6.875 0.0000e+00
      7.029      0.011   303.0390     1.3340     11.708 7.7704e+00     15.992     29.198  20.281288     3.1605     1.9468     9.7270   999.7709      9.990      6.888 0.0000e+00
      7.045      0.018   302.9703     1.3305     11.679 7.6575e+00     15.991     29.215  20.294543     3.1850     1.9635     9.7280   999.7708     10.020      6.909 0.0000e+00
      7.060      0.027   302.9848     1.3195     11.617 7.5869e+00     15.991     29.318  20.366908     3.2959     2.0084     9.7389   999.7701     10.050      6.929 0.0000e+00
      7.071      0.035   302.9082     1.3101     11.543 7.5499e+00     15.991     29.463  20.465599     3.4585     2.0740     9.7378   999.7704     10.063      6.938 0.0000e+00
      7.079      0.041   302.7433     1.3002     11.493 7.5136e+00     15.992     29.598  20.552068     3.6070     2.1376     9.7171   999.7720     10.066      6.939 0.0000e+00
      7.087      0.044   302.5990     1.3016     11.491 7.4588e+00     15.993     29.769  20.660059     3.8361     2.1808     9.7016   999.7734     10.077      6.948 0.0000e+00
      7.098      0.045   302.4615     1.3120     11.530 7.3886e+00     15.994     30.059  20.848282     4.3622     2.2181     9.6837   999.7751     10.095      6.961 0.0000e+00
      7.110      0.045   302.3329     1.3189     11.575 7.3068e+00     15.995     30.484  21.125519     5.0836     2.2677     9.6506   999.7781     10.111      6.971 0.0000e+00
      7.124      0.044   302.2885     1.3246     11.600 7.2102e+00     15.996     31.017  21.475597     5.6196     2.3277     9.6150   999.7812     10.130      6.984 0.0000e+00
      7.140      0.044   302.3515     1.3227     11.602 7.1081e+00     15.996     31.589  21.854850     5.9448     2.3835     9.5859   999.7840     10.155      7.002 0.0000e+00
      7.155      0.046   302.4766     1.3206     11.602 7.0219e+00     15.997     32.044  22.155791     6.3791     2.4078     9.5688   999.7857     10.179      7.019 0.0000e+00
      7.169      0.049   302.5784     1.3221     11.619 6.9517e+00     15.997     32.338  22.347005     6.9478     2.4000     9.5512   999.7872     10.197      7.031 0.0000e+00
      7.181      0.053   302.5735     1.3331     11.644 6.8724e+00     15.997     32.637  22.541488     7.3850     2.4034     9.5303   999.7890     10.212      7.041 0.0000e+00
      7.195      0.055   302.4197     1.3368     11.629 6.7664e+00     15.997     33.023  22.796570     7.7498     2.4446     9.5130   999.7906     10.232      7.054 0.0000e+00
      7.210      0.056   302.1477     1.3199     11.557 6.6397e+00     15.998     33.441  23.073118     8.4004     2.5106     9.4968   999.7922     10.255      7.070 0.0000e+00
      7.225      0.057   301.8192     1.3066     11.468 6.5148e+00     15.999     33.862  23.351136     9.2727     2.5727     9.4814   999.7937     10.279      7.087 0.0000e+00
      7.240      0.057   301.4685     1.3000     11.408 6.4143e+00     16.001     34.267  23.616845     9.8964     2.6139     9.4587   999.7957     10.301      7.101 0.0000e+00
      7.252      0.056   301.1115     1.3011     11.383 6.3518e+00     16.002     34.614  23.841517    10.1572     2.6434     9.4336   999.7978     10.319      7.115 0.0000e+00
      7.261      0.054   300.6947     1.3033     11.377 6.3268e+00     16.002     34.842  23.985597    10.3228     2.6656     9.4149   999.7996     10.332      7.123 0.0000e+00
      7.266      0.050   300.0769     1.3009     11.373 6.3158e+00     16.002     34.916  24.026454    10.5046     2.6641     9.3995   999.8008     10.334      7.125 0.0000e+00
      7.271      0.045   299.0326     1.3025     11.367 6.2868e+00     16.002     34.939  24.035901    10.6236     2.6406     9.3902   999.8014     10.336      7.126 0.0000e+00
      7.278      0.040   297.2851     1.3042     11.340 6.2372e+00     16.002     35.077  24.127340    10.6506     2.6190     9.3896   999.8016     10.349      7.136 0.0000e+00
      7.287      0.035   294.8270     1.2936     11.278 6.2019e+00     16.002     35.325  24.295469    10.5777     2.6137     9.3889   999.8020     10.369      7.150 0.0000e+00
      7.292      0.030   292.0766     1.2788     11.203 6.2085e+00     16.002     35.485  24.402623    10.3490     2.6430     9.3823   999.8026     10.378      7.155 0.0000e+00
      7.293      0.025   289.4581     1.2749     11.152 6.2363e+00     16.002     35.423  24.357378    10.0231     2.7180     9.3742   999.8032     10.372      7.151 0.0000e+00
      7.294      0.021   286.9812     1.2723     11.140 6.2465e+00     16.001     35.288  24.263367     9.7807     2.8075     9.3722   999.8031     10.370      7.150 0.0000e+00
      7.296      0.018   283.9671     1.2781     11.152 6.2251e+00     16.001     35.307  24.276977     9.6388     2.8741     9.3775   999.8028     10.376      7.154 0.0000e+00
      7.301      0.016   279.1816     1.2842     11.152 6.1682e+00     16.001     35.499  24.409546     9.4494     2.8989     9.3802   999.8026     10.379      7.156 0.0000e+00
      7.310      0.016   272.4262     1.2729     11.119 6.0789e+00     16.001     35.804  24.617575     9.1960     2.8831     9.3772   999.8030     10.393      7.165 0.0000e+00
      7.324      0.018   265.5356     1.2666     11.073 5.9891e+00     16.002     36.183  24.875660     8.9987     2.8551     9.3736   999.8036     10.418      7.183 0.0000e+00
      7.337      0.022   260.3561     1.2637     11.043 5.9277e+00     16.002     36.527  25.108017     8.8300     2.8324     9.3680   999.8042     10.439      7.198 0.0000e+00
      7.347      0.028   256.9737     1.2615     11.038 5.8882e+00     16.002     36.751  25.256736     8.5197     2.7916     9.3592   999.8050     10.451      7.206 0.0000e+00
      7.353      0.033   254.5171     1.2666     11.061 5.8596e+00     16.003     36.896  25.350923     8.0985     2.7169     9.3504   999.8058     10.461      7.213 0.0000e+00
      7.357      0.036   252.2389     1.2714     11.106 5.8401e+00     16.003     37.005  25.421228     7.8081     2.6431     9.3442   999.8064     10.467      7.217 0.0000e+00
      7.362      0.036   249.8554     1.2820     11.152 5.8181e+00     16.003     37.097  25.480756     7.7954     2.5933     9.3402   999.8066     10.468      7.217 0.0000e+00
      7.367      0.034   247.4424     1.2859     11.168 5.7849e+00     16.002     37.237  25.575013     8.0611     2.5337     9.3378   999.8069     10.477      7.223 0.0000e+00
      7.373      0.029   245.1169     1.2790     11.143 5.7483e+00     16.002     37.460  25.725938     8.4614     2.4487     9.3363   999.8072     10.488      7.231 0.0000e+00
      7.379      0.025   242.9899     1.2712     11.094 5.7201e+00     16.002     37.705  25.892754     8.7406     2.3737     9.3341   999.8074     10.497      7.237 0.0000e+00
      7.384      0.022   240.9968     1.2656     11.048 5.7011e+00     16.003     37.892  26.019746     8.7644     2.3442     9.3315   999.8078     10.506      7.242 0.0000e+00
      7.388      0.020   238.6928     1.2629     11.014 5.6796e+00     16.003     37.989  26.084856     8.5638     2.3592     9.3291   999.8080     10.508      7.245 0.0000e+00
      7.392      0.020   235.8394     1.2583     10.993 5.6422e+00     16.002     38.099  26.159226     8.2704     2.3904     9.3264   999.8081     10.510      7.247 0.0000e+00
      7.399      0.020   232.9204     1.2593     10.984 5.5909e+00     16.002     38.386  26.356053     8.0621     2.4164     9.3269   999.8083     10.521      7.254 0.0000e+00
      7.407      0.021   230.5347     1.2616     10.977 5.5438e+00     16.002     38.791  26.634912     7.9871     2.4229     9.3312   999.8083     10.538      7.265 0.0000e+00
      7.413      0.022   228.6908     1.2559     10.970 5.5157e+00     16.002     39.046  26.810872     7.9681     2.4192     9.3306   999.8085     10.548      7.272 0.0000e+00
      7.417      0.022   227.0210     1.2545     10.979 5.5031e+00     16.002     39.051  26.815608     7.9533     2.4601     9.3282   999.8086     10.550      7.274 0.0000e+00
      7.419      0.021   225.3947     1.2646     11.006 5.4954e+00     16.002     38.983  26.770795     7.9348     2.5461     9.3336   999.8080     10.550      7.274 0.0000e+00
      7.422      0.020   224.0338     1.2671     11.025 5.4905e+00     16.002     39.008  26.790605     7.9171     2.6067     9.3410   999.8075     10.558      7.279 0.0000e+00
      7.424      0.019   223.1078     1.2646     11.015 5.4872e+00     16.002     39.093  26.850408     7.9098     2.6202     9.3407   999.8077     10.563      7.283 0.0000e+00
      7.426      0.016   222.5286     1.2616     10.980 5.4741e+00     16.001     39.111  26.864069     7.9136     2.5901     9.3371   999.8079     10.561      7.281 0.0000e+00
      7.429      0.013   222.1774     1.2476     10.951 5.4416e+00     16.000     39.022  26.806982     7.9186     2.5111     9.3436   999.8074     10.563      7.282 0.0000e+00
      7.436      0.012   222.0523     1.2536     10.960 5.3914e+00     16.000     38.895  26.725495     7.9146     2.4210     9.3538   999.8065     10.573      7.289 0.0000e+00
      7.446      0.014   222.1183     1.2642     10.990 5.3286e+00     16.001     38.810  26.675172     7.8830     2.3543     9.3621   999.8059     10.589      7.301 0.0000e+00
      7.459      0.018   222.2423     1.2597     11.011 5.2531e+00     16.002     38.807  26.680599     7.8009     2.3028     9.3761   999.8048     10.606      7.312 0.0000e+00
      7.474      0.024   222.3224     1.2646     11.016 5.1681e+00     16.002     38.867  26.728059     7.6931     2.2596     9.3856   999.8042     10.626      7.326 0.0000e+00
      7.489      0.032   222.3196     1.2618     11.000 5.0954e+00     16.001     38.953  26.788424     7.6337     2.2260     9.3871   999.8042     10.654      7.346 0.0000e+00
      7.501      0.039   222.1551     1.2565     10.960 5.0612e+00     16.001     39.025  26.834274     7.7218     2.2087     9.3853   999.8045     10.678      7.361 0.0000e+00
      7.507      0.044   221.6904     1.2507     10.905 5.0645e+00     16.001     39.032  26.830605     8.0526     2.2422     9.3705   999.8057     10.684      7.366 0.0000e+00
      7.507      0.044   220.8515     1.2384     10.856 5.0792e+00     16.002     38.969  26.778225     8.5264     2.3301     9.3505   999.8071     10.678      7.362 0.0000e+00
      7.507      0.039   219.7362     1.2404     10.841 5.0833e+00     16.002     38.928  26.743525     8.8464     2.4011     9.3432   999.8077     10.675      7.360 0.0000e+00
