Data/DataNotYetUploadedToEDI/Raw_CTD/RawDownloads/053122_bvr01_0002.cnv
* Sea-Bird SBE19plus  Data File:
* FileName = C:\R\Reservoirs\Data\DataNotYetUploadedToEDI\Raw_CTD\RawDownloads\053122_bvr01_0002.hex
* Software version 2.8.0.119
* Temperature SN = 7809
* Conductivity SN = 7809
* System UpLoad Time = Jun 07 2022 07:55:34
* <ApplicationData>
* <Seaterm232>
# nquan = 15
# nvalues = 1037                        
# units = specified
# name 0 = depFM: Depth [fresh water, m]
# name 1 = dz/dtM: Descent Rate [m/s]
# name 2 = sbeox0Mg/L: Oxygen, SBE 43 [mg/l]
# name 3 = sbeox0PS: Oxygen, SBE 43 [% saturation]
# name 4 = specc: Specific Conductance [uS/cm]
# name 5 = c0uS/cm: Conductivity [uS/cm]
# name 6 = flECO-AFL: Fluorescence, WET Labs ECO-AFL/FL [mg/m^3]
# name 7 = ph: pH
# name 8 = orp: Oxidation Reduction Potential [mV]
# name 9 = par/sat/log: PAR/Logarithmic, Satlantic
# name 10 = turbWETntu0: Turbidity, WET Labs ECO [NTU]
# name 11 = prdM: Pressure, Strain Gauge [db]
# name 12 = prdE: Pressure, Strain Gauge [psi]
# name 13 = tv290C: Temperature [ITS-90, deg C]
# name 14 = flag:  0.000e+00
# span 0 =     -0.705,      3.634       
# span 1 =     -0.302,      0.109       
# span 2 =     2.6857,     8.5676       
# span 3 =     27.250,     95.292       
# span 4 =      0.294,     28.753       
# span 5 =   0.308970,  27.026068       
# span 6 =    -1.8961,     7.2062       
# span 7 =     -2.266,      9.098       
# span 8 = -1240.7455,   340.4318       
# span 9 = 4.7478e+00, 2.5862e+03       
# span 10 =    -7.7586,    10.6005      
# span 11 =     -0.692,      3.564      
# span 12 =     -1.005,      5.170      
# span 13 =    15.1894,    27.5582      
# span 14 = 0.0000e+00, 0.0000e+00      
# interval = seconds: 0.25
# start_time = May 31 2022 08:14:25 [Instrument's time stamp, header]
# bad_flag = -9.990e-29
*END*
[from data line 193]
     -0.293     -0.113     6.9292     80.959     26.190  26.294869     1.8336      8.574   195.2019 2.0992e+03     4.6332     -0.291     -0.422    25.1250 0.0000e+00
     -0.324     -0.072     6.9130     80.412     26.172  26.280485     1.7943      8.573   195.4963 1.9728e+03     4.6617     -0.329     -0.479    25.1525 0.0000e+00
     -0.330     -0.037     6.8456     80.417     26.153  26.265730     1.7995      8.577   196.3423 1.8139e+03     4.7438     -0.331     -0.480    25.1778 0.0000e+00
     -0.316     -0.012     6.7501     80.712     26.129  26.243240     1.8046      8.581   196.9130 1.9702e+03     4.7380     -0.309     -0.448    25.1904 0.0000e+00
     -0.303      0.002     6.6483     80.976     26.147  26.262087     1.7897      8.585   197.2345 2.1515e+03     4.6605     -0.292     -0.425    25.1920 0.0000e+00
     -0.298      0.006     6.6006     80.968     26.188  26.303466     1.7777      8.587   197.4760 2.1503e+03     4.6265     -0.289     -0.420    25.2031 0.0000e+00
     -0.301      0.003     6.6104     80.559     26.184  26.299895     1.7842      8.583   197.3382 2.1309e+03     4.6350     -0.295     -0.427    25.2117 0.0000e+00
     -0.308     -0.000     6.6440     79.745     26.167  26.282285     1.7939      8.578   196.9457 2.1580e+03     4.6600     -0.302     -0.438    25.2130 0.0000e+00
     -0.315     -0.000     6.6729     78.622     26.166  26.280690     1.7945      8.574   196.6015 2.1825e+03     4.7232     -0.311     -0.451    25.2137 0.0000e+00
     -0.316      0.005     6.6754     77.307     26.166  26.280607     1.7917      8.574   196.1011 2.1508e+03     4.8196     -0.314     -0.454    25.2159 0.0000e+00
     -0.311      0.011     6.6420     75.899     26.167  26.281279     1.7934      8.574   195.3700 1.9803e+03     4.9033     -0.305     -0.442    25.2171 0.0000e+00
     -0.302      0.017     6.5714     74.488     26.174  26.288819     1.7981      8.574   194.7310 1.7639e+03     4.9829     -0.295     -0.428    25.2148 0.0000e+00
     -0.295      0.019     6.4758     73.165     26.194  26.308390     1.7822      8.573   194.3985 1.8108e+03     4.9966     -0.288     -0.418    25.2136 0.0000e+00
     -0.291      0.019     6.3649     72.006     26.213  26.327762     1.7517      8.571   194.1881 2.0414e+03     4.9324     -0.284     -0.412    25.2138 0.0000e+00
     -0.287      0.016     6.2466     71.039     26.218  26.332905     1.7364      8.570   193.6493 2.1699e+03     4.9242     -0.281     -0.407    25.2135 0.0000e+00
     -0.283      0.015     6.1279     70.264     26.192  26.307196     1.7392      8.569   192.7018 2.1966e+03     4.9649     -0.277     -0.402    25.2126 0.0000e+00
     -0.280      0.016     6.0161     69.637     26.156  26.270434     1.7598      8.569   191.8523 2.1988e+03     4.9472     -0.275     -0.399    25.2119 0.0000e+00
     -0.278      0.019     5.9210     69.102     26.154  26.268706     1.7862      8.571   191.3804 2.1942e+03     4.8809     -0.272     -0.395    25.2123 0.0000e+00
     -0.274      0.023     5.8404     68.647     26.171  26.286306     1.7999      8.575   191.2127 2.1905e+03     4.8457     -0.269     -0.391    25.2128 0.0000e+00
     -0.268      0.027     5.7781     68.256     26.176  26.293087     1.8010      8.576   191.2870 2.1836e+03     4.8637     -0.264     -0.382    25.2124 0.0000e+00
     -0.258      0.031     5.7296     67.921     26.170  26.287313     1.8155      8.576   191.3320 2.1733e+03     4.8937     -0.253     -0.368    25.2132 0.0000e+00
     -0.247      0.033     5.6838     67.611     26.162  26.279883     1.8507      8.576   191.1549 2.1669e+03     4.9005     -0.242     -0.352    25.2147 0.0000e+00
     -0.237      0.034     5.6482     67.310     26.149  26.266632     1.8691      8.577   191.2099 2.1652e+03     4.8773     -0.232     -0.336    25.2150 0.0000e+00
     -0.229      0.036     5.6152     67.040     26.139  26.253852     1.8718      8.578   191.6534 2.1584e+03     4.8863     -0.223     -0.324    25.2162 0.0000e+00
     -0.223      0.038     5.5882     66.780     26.140  26.252114     1.9079      8.578   192.2153 2.1428e+03     4.9421     -0.218     -0.317    25.2187 0.0000e+00
     -0.216      0.041     5.5646     66.546     26.136  26.245619     1.9639      8.576   192.7554 2.0802e+03     4.9707     -0.213     -0.309    25.2205 0.0000e+00
     -0.205      0.046     5.5367     66.432     26.134  26.238696     1.9752      8.574   193.1934 1.6517e+03     4.9589     -0.202     -0.293    25.2194 0.0000e+00
     -0.190      0.051     5.5177     66.452     26.135  26.231781     1.9608      8.573   193.5533 1.1250e+03     4.9021     -0.186     -0.270    25.2142 0.0000e+00
     -0.175      0.056     5.4966     66.514     26.137  26.225386     1.9638      8.572   193.8371 1.3203e+03     4.8306     -0.170     -0.248    25.2099 0.0000e+00
     -0.160      0.061     5.4730     66.536     26.145  26.224740     1.9877      8.571   193.5276 1.8562e+03     4.8451     -0.157     -0.228    25.2056 0.0000e+00
     -0.145      0.063     5.4645     66.491     26.151  26.223945     2.0163      8.568   185.8536 2.0650e+03     4.9757     -0.143     -0.208    25.1952 0.0000e+00
     -0.128      0.062     5.4717     66.446     26.149  26.215771     2.0268      8.561   178.2286 2.2238e+03     5.0772     -0.126     -0.182    25.1779 0.0000e+00
     -0.109      0.062     5.4811     66.632     26.129  26.189281     2.0323      8.554   184.8784 2.3407e+03     5.0822     -0.106     -0.153    25.1616 0.0000e+00
     -0.092      0.061     5.4842     67.242     26.104  26.157163     2.0571      8.549   192.7777 2.0677e+03     5.1049     -0.088     -0.128    25.1470 0.0000e+00
     -0.079      0.058     5.4822     68.251     26.098  26.144332     2.0857      8.546   193.8943 1.6690e+03     5.1460     -0.079     -0.113    25.1344 0.0000e+00
     -0.066      0.053     5.4710     69.666     26.118  26.160888     2.0865      8.546   194.2488 1.3457e+03     5.1354     -0.068     -0.097    25.1218 0.0000e+00
     -0.049      0.048     5.4788     71.538     26.127  26.167198     2.0836      8.547   193.9673 1.0153e+03     5.1475     -0.046     -0.067    25.1080 0.0000e+00
     -0.035      0.043     5.5363     73.786     26.121  26.157236     2.1082      8.550   189.8888 6.9980e+02     5.1554     -0.031     -0.046    25.0954 0.0000e+00
     -0.027      0.043     5.6200     76.186     26.131  26.167187     2.1436      8.551   178.9203 4.1469e+02     5.0596     -0.026     -0.039    25.0808 0.0000e+00
     -0.021      0.048     5.7329     78.302     26.120  26.160757     2.1533      8.547   166.7470 4.2389e+02     4.9468     -0.021     -0.030    25.0748 0.0000e+00
     -0.013      0.054     5.8926     79.712     26.100  26.142877     2.1421      8.538   160.4043 5.4374e+02     4.8845     -0.014     -0.020    25.0723 0.0000e+00
     -0.001      0.059     6.0828     80.352     26.099  26.141148     2.1656      8.531   158.1564 3.5858e+02     4.8862     -0.005     -0.008    25.0586 0.0000e+00
      0.019      0.061     6.2958     80.391     26.097  26.139857     2.2126      8.526   156.9477 1.5585e+02     4.8988      0.015      0.021    25.0559 0.0000e+00
      0.046      0.058     6.4852     80.052     26.084  26.127263     2.2197      8.524   156.2016 1.1705e+02     4.8668      0.047      0.069    25.0752 0.0000e+00
      0.066      0.051     6.5994     79.508     26.072  26.115634     2.2017      8.523   155.5020 1.1165e+02     4.8401      0.070      0.102    25.0779 0.0000e+00
      0.076      0.041     6.6479     78.864     26.077  26.126013     2.2112      8.523   154.7697 1.1988e+02     4.8152      0.076      0.110    25.0711 0.0000e+00
      0.080      0.029     6.6428     78.300     26.072  26.126002     2.2519      8.525   154.0582 1.3379e+02     4.7711      0.079      0.115    25.0810 0.0000e+00
      0.082      0.020     6.6091     78.006     26.059  26.115517     2.2853      8.528   153.5238 1.5102e+02     4.7168      0.081      0.117    25.0779 0.0000e+00
      0.082      0.016     6.5647     78.027     26.069  26.125992     2.2903      8.530   153.1278 1.6421e+02     4.6367      0.081      0.117    25.0713 0.0000e+00
      0.084      0.020     6.5035     78.371     26.068  26.125896     2.2794      8.530   152.7971 1.6947e+02     4.5885      0.082      0.119    25.0878 0.0000e+00
      0.089      0.026     6.4474     78.992     26.056  26.114363     2.2704      8.530   152.6221 1.7295e+02     4.6807      0.087      0.126    25.1027 0.0000e+00
      0.098      0.033     6.4239     79.693     26.055  26.113306     2.2638      8.530   152.5612 1.7781e+02     4.8288      0.095      0.139    25.1037 0.0000e+00
      0.109      0.039     6.4262     80.372     26.052  26.113115     2.2581      8.529   152.4051 1.8222e+02     4.8759      0.105      0.154    25.1009 0.0000e+00
      0.121      0.041     6.4519     81.085     26.044  26.112057     2.2598      8.527   150.8202 1.8057e+02     4.8404      0.118      0.170    25.1043 0.0000e+00
      0.135      0.038     6.5127     81.808     26.029  26.100523     2.2767      8.524   149.2298 1.7713e+02     4.7758      0.133      0.193    25.1097 0.0000e+00
      0.147      0.033     6.5746     82.404     26.030  26.100418     2.3125      8.522   150.2971 1.7511e+02     4.7438      0.145      0.211    25.1036 0.0000e+00
      0.154      0.027     6.6250     82.734     26.043  26.110790     2.3344      8.522   151.6791 1.7494e+02     4.7260      0.153      0.222    25.1066 0.0000e+00
      0.159      0.021     6.6830     82.740     26.033  26.099161     2.3258      8.521   152.0016 1.7834e+02     4.6640      0.157      0.227    25.1270 0.0000e+00
      0.160      0.014     6.7457     82.415     26.021  26.086581     2.3075      8.520   152.2180 1.8135e+02     4.6428      0.156      0.227    25.1346 0.0000e+00
      0.162      0.005     6.8011     81.774     26.017  26.085437     2.2890      8.520   152.2303 1.8154e+02     4.6746      0.158      0.229    25.1286 0.0000e+00
      0.165     -0.007     6.8295     80.904     26.011  26.085331     2.2686      8.522   152.2366 1.8664e+02     4.7066      0.162      0.235    25.1229 0.0000e+00
      0.168     -0.017     6.8306     79.907     26.005  26.085311     2.2521      8.522   152.6385 1.9890e+02     4.7228      0.166      0.241    25.1197 0.0000e+00
      0.164     -0.020     6.8045     78.864     26.004  26.085205     2.2726      8.519   153.3035 2.0948e+02     4.7680      0.165      0.240    25.1187 0.0000e+00
      0.150     -0.014     6.7480     77.901     26.006  26.084053     2.3254      8.513   153.7385 2.1938e+02     4.8770      0.150      0.218    25.1201 0.0000e+00
      0.131      0.001     6.6712     77.235     25.996  26.071378     2.3486      8.509   153.8542 2.1966e+02     4.9138      0.125      0.180    25.1354 0.0000e+00
      0.123      0.021     6.5852     77.007     25.982  26.058701     2.3369      8.509   153.8415 2.0682e+02     4.8710      0.111      0.161    25.1531 0.0000e+00
      0.135      0.042     6.4963     77.106     25.980  26.057539     2.3500      8.509   153.8432 1.9284e+02     4.9064      0.126      0.182    25.1540 0.0000e+00
      0.164      0.061     6.4111     77.356     25.982  26.057339     2.4077      8.510   153.7888 1.8200e+02     5.0337      0.162      0.234    25.1428 0.0000e+00
      0.194      0.072     6.3503     77.816     25.982  26.056283     2.4604      8.513   153.6133 1.7541e+02     5.1465      0.193      0.280    25.1337 0.0000e+00
      0.217      0.072     6.3360     78.644     25.972  26.044759     2.4707      8.518   153.7002 1.7071e+02     5.1436      0.215      0.311    25.1405 0.0000e+00
      0.234      0.066     6.3517     79.741     25.973  26.044759     2.4482      8.521   154.2369 1.6778e+02     5.0671      0.232      0.336    25.1482 0.0000e+00
      0.245      0.061     6.3705     80.746     25.987  26.056283     2.4062      8.522   154.7681 1.6748e+02     5.0066      0.241      0.350    25.1396 0.0000e+00
      0.252      0.059     6.4003     81.293     25.991  26.057329     2.3621      8.521   155.0468 1.6779e+02     4.9593      0.247      0.359    25.1329 0.0000e+00
      0.261      0.058     6.4716     81.227     25.991  26.057406     2.3468      8.519   155.1118 1.6434e+02     4.9387      0.253      0.366    25.1353 0.0000e+00
      0.280      0.055     6.5755     80.704     25.990  26.057206     2.3464      8.517   154.9525 1.5449e+02     4.9277      0.271      0.392    25.1329 0.0000e+00
      0.305      0.049     6.6696     79.929     25.988  26.054911     2.3743      8.519   154.7554 1.4509e+02     4.8607      0.303      0.439    25.1275 0.0000e+00
      0.325      0.038     6.7229     78.930     25.965  26.029665     2.4506      8.523   154.6209 1.4204e+02     4.7440      0.324      0.471    25.1200 0.0000e+00
      0.333      0.023     6.7099     77.729     25.943  26.005466     2.5114      8.528   154.7025 1.4260e+02     4.6445      0.331      0.480    25.1172 0.0000e+00
      0.332      0.007     6.6574     76.488     25.955  26.015837     2.5271      8.533   155.1396 1.4394e+02     4.6136      0.327      0.473    25.1251 0.0000e+00
      0.326     -0.003     6.5956     75.485     25.971  26.028305     2.5151      8.536   155.5176 1.4631e+02     4.6433      0.319      0.463    25.1248 0.0000e+00
      0.318     -0.006     6.5142     74.943     25.976  26.029448     2.5006      8.537   155.7462 1.4963e+02     4.6619      0.313      0.454    25.1172 0.0000e+00
      0.311     -0.001     6.4111     74.938     25.971  26.029654     2.5006      8.539   156.0107 1.4867e+02     4.6689      0.302      0.439    25.1122 0.0000e+00
      0.311      0.005     6.2996     75.511     25.963  26.030796     2.4987      8.540   156.1346 1.4259e+02     4.6932      0.300      0.435    25.1128 0.0000e+00
      0.320      0.011     6.2095     76.569     25.972  26.043272     2.4525      8.542   156.1257 1.3864e+02     4.6480      0.313      0.454    25.1056 0.0000e+00
      0.331      0.016     6.1673     77.815     25.986  26.053757     2.3748      8.544   156.1622 1.3683e+02     4.6002      0.327      0.474    25.0881 0.0000e+00
      0.336      0.020     6.1630     79.010     25.967  26.030795     2.3413      8.544   156.3162 1.3373e+02     4.6621      0.331      0.481    25.1003 0.0000e+00
      0.336      0.022     6.2071     80.016     25.955  26.019158     2.3475      8.542   156.5247 1.2898e+02     4.7133      0.329      0.477    25.1310 0.0000e+00
      0.336      0.019     6.3064     80.671     25.970  26.039814     2.3582      8.540   156.6189 1.2607e+02     4.6732      0.327      0.474    25.1373 0.0000e+00
      0.342      0.015     6.4173     80.962     25.948  26.027032     2.3794      8.539   156.7679 1.2748e+02     4.6215      0.334      0.483    25.1231 0.0000e+00
      0.353      0.011     6.5185     81.139     25.906  25.991395     2.3957      8.538   157.1207 1.3349e+02     4.6346      0.348      0.504    25.1137 0.0000e+00
      0.361      0.007     6.6080     81.423     25.906  25.989213     2.3976      8.537   157.3571 1.4251e+02     4.6602      0.359      0.521    25.1137 0.0000e+00
      0.359      0.003     6.6638     81.877     25.920  26.000642     2.3936      8.538   157.3039 1.4770e+02     4.6575      0.353      0.512    25.1234 0.0000e+00
      0.353      0.002     6.6731     82.564     25.922  26.002813     2.4066      8.539   157.1656 1.4686e+02     4.6706      0.344      0.498    25.1508 0.0000e+00
      0.348      0.003     6.6784     83.419     25.937  26.015469     2.4377      8.540   157.2328 1.4511e+02     4.6825      0.341      0.494    25.1660 0.0000e+00
      0.347      0.010     6.7047     84.094     25.952  26.026895     2.4533      8.541   157.3419 1.4448e+02     4.6983      0.339      0.492    25.1543 0.0000e+00
      0.350      0.021     6.7392     84.241     25.939  26.014210     2.4541      8.543   157.1941 1.4304e+02     4.7254      0.342      0.495    25.1463 0.0000e+00
