Data/DataNotYetUploadedToEDI/Raw_CTD/RawDownloads/053122_bvr50_0003.cnv
* Sea-Bird SBE19plus  Data File:
* FileName = C:\R\Reservoirs\Data\DataNotYetUploadedToEDI\Raw_CTD\RawDownloads\053122_bvr01_0003.hex
* Software version 2.8.0.119
* Temperature SN = 7809
* Conductivity SN = 7809
* System UpLoad Time = Jun 07 2022 07:56:18
* <ApplicationData>
* <Seaterm232>
# nquan = 15
# nvalues = 1718                        
# units = specified
# name 0 = depFM: Depth [fresh water, m]
# name 1 = dz/dtM: Descent Rate [m/s]
# name 2 = sbeox0Mg/L: Oxygen, SBE 43 [mg/l]
# name 3 = sbeox0PS: Oxygen, SBE 43 [% saturation]
# name 4 = specc: Specific Conductance [uS/cm]
# name 5 = c0uS/cm: Conductivity [uS/cm]
# name 6 = flECO-AFL: Fluorescence, WET Labs ECO-AFL/FL [mg/m^3]
# name 7 = ph: pH
# name 8 = orp: Oxidation Reduction Potential [mV]
# name 9 = par/sat/log: PAR/Logarithmic, Satlantic
# name 10 = turbWETntu0: Turbidity, WET Labs ECO [NTU]
# name 11 = prdM: Pressure, Strain Gauge [db]
# name 12 = prdE: Pressure, Strain Gauge [psi]
# name 13 = tv290C: Temperature [ITS-90, deg C]
# name 14 = flag:  0.000e+00
# span 0 =     -0.705,      9.367       
# span 1 =     -0.270,      0.170       
# span 2 =    -0.7384,     9.1874       
# span 3 =     -6.449,    104.269       
# span 4 =      0.369,    194.259       
# span 5 =   0.385011, 136.220549       
# span 6 =    -1.1073,     5.8701       
# span 7 =      5.957,      8.845       
# span 8 =   -96.9992,   383.6149       
# span 9 = 1.2350e-01, 2.7079e+03       
# span 10 =    -4.2341,    42.2496      
# span 11 =     -0.691,      9.186      
# span 12 =     -1.003,     13.323      
# span 13 =     9.4688,    27.2090      
# span 14 = 0.0000e+00, 0.0000e+00      
# interval = seconds: 0.25
# start_time = May 31 2022 09:10:10 [Instrument's time stamp, header]
# bad_flag = -9.990e-29
*END*
[from data line 579]
      3.492      0.019     4.7060     47.321     27.899  23.075781     1.5772      7.578   241.4638 1.2897e+01     3.5105      3.425      4.968    16.4533 0.0000e+00
      3.497      0.019     4.6930     47.053     27.959  23.113472     1.4991      7.577   241.6912 1.2850e+01     3.5192      3.429      4.974    16.4340 0.0000e+00
      3.502      0.018     4.6779     46.796     27.990  23.126041     1.4539      7.576   241.9508 1.2785e+01     3.4773      3.435      4.981    16.3942 0.0000e+00
      3.506      0.018     4.6590     46.573     27.968  23.100986     1.4382      7.573   242.1937 1.2708e+01     3.4143      3.439      4.987    16.3643 0.0000e+00
      3.511      0.019     4.6374     46.379     27.926  23.064020     1.4181      7.570   242.3046 1.2646e+01     3.3727      3.444      4.995    16.3525 0.0000e+00
      3.515      0.019     4.6104     46.230     27.925  23.059318     1.3934      7.567   242.4307 1.2605e+01     3.2810      3.447      4.999    16.3355 0.0000e+00
      3.520      0.020     4.5878     46.146     27.912  23.044122     1.3726      7.565   242.5998 1.2540e+01     3.1592      3.451      5.005    16.3003 0.0000e+00
      3.526      0.020     4.5677     46.097     27.871  23.007022     1.3670      7.563   242.7156 1.2446e+01     3.0962      3.458      5.015    16.2897 0.0000e+00
      3.531      0.020     4.5476     46.032     27.859  22.990975     1.3588      7.561   242.9705 1.2372e+01     3.0662      3.464      5.024    16.2957 0.0000e+00
      3.536      0.020     4.5324     45.953     27.861  22.976835     1.3399      7.558   243.2720 1.2332e+01     3.0353      3.469      5.029    16.2831 0.0000e+00
      3.541      0.019     4.5266     45.860     27.865  22.962782     1.3300      7.556   243.4360 1.2301e+01     2.9949      3.474      5.037    16.2729 0.0000e+00
      3.546      0.018     4.5250     45.738     27.856  22.947792     1.3225      7.554   243.5767 1.2241e+01     2.9535      3.478      5.044    16.2715 0.0000e+00
      3.550      0.018     4.5173     45.591     27.827  22.922327     1.3074      7.552   243.7684 1.2162e+01     2.9453      3.481      5.049    16.2685 0.0000e+00
      3.554      0.018     4.5132     45.420     27.821  22.908372     1.3059      7.550   243.9468 1.2108e+01     2.9298      3.486      5.056    16.2334 0.0000e+00
      3.559      0.018     4.5094     45.215     27.845  22.905794     1.3123      7.547   244.0138 1.2061e+01     2.8687      3.490      5.062    16.1902 0.0000e+00
      3.565      0.017     4.4974     44.970     27.864  22.891126     1.3098      7.545   244.0619 1.1985e+01     2.8213      3.495      5.069    16.1827 0.0000e+00
      3.570      0.016     4.4825     44.697     27.859  22.857729     1.3087      7.542   244.1835 1.1913e+01     2.8023      3.502      5.079    16.1863 0.0000e+00
      3.575      0.016     4.4670     44.431     27.846  22.818818     1.3154      7.540   244.2800 1.1880e+01     2.8088      3.506      5.085    16.1790 0.0000e+00
      3.577      0.016     4.4511     44.179     27.863  22.800845     1.3240      7.539   244.3680 1.1862e+01     2.7973      3.507      5.087    16.1338 0.0000e+00
      3.579      0.017     4.4339     43.961     27.937  22.830496     1.3212      7.538   244.4728 1.1811e+01     2.7653      3.509      5.089    16.0662 0.0000e+00
      3.584      0.018     4.4082     43.784     27.998  22.860440     1.3149      7.536   244.5152 1.1737e+01     2.7980      3.514      5.096    16.0205 0.0000e+00
      3.590      0.020     4.3875     43.582     27.992  22.846009     1.3065      7.534   244.5360 1.1674e+01     2.8512      3.520      5.106    15.9752 0.0000e+00
      3.596      0.021     4.3678     43.348     27.992  22.846112     1.2865      7.531   244.7248 1.1605e+01     2.8620      3.526      5.114    15.9111 0.0000e+00
      3.602      0.021     4.3491     43.138     28.002  22.861691     1.2641      7.528   244.9909 1.1534e+01     2.8264      3.532      5.123    15.8510 0.0000e+00
      3.607      0.021     4.3410     42.968     27.967  22.844267     1.2520      7.525   245.0863 1.1472e+01     2.7619      3.538      5.131    15.8136 0.0000e+00
      3.612      0.022     4.3213     42.831     27.936  22.825569     1.2573      7.523   245.1899 1.1415e+01     2.7649      3.542      5.138    15.7997 0.0000e+00
      3.616      0.023     4.2951     42.746     27.935  22.825738     1.2616      7.521   245.3831 1.1364e+01     2.8290      3.545      5.143    15.8013 0.0000e+00
      3.621      0.025     4.2724     42.723     27.958  22.846305     1.2536      7.518   245.5300 1.1298e+01     2.8198      3.551      5.148    15.8154 0.0000e+00
      3.628      0.026     4.2545     42.733     28.004  22.884133     1.2433      7.515   245.6758 1.1214e+01     2.7900      3.558      5.160    15.8408 0.0000e+00
      3.636      0.027     4.2388     42.764     28.037  22.902873     1.2297      7.512   245.8555 1.1127e+01     2.7758      3.566      5.173    15.8536 0.0000e+00
      3.645      0.027     4.2290     42.796     28.032  22.882774     1.2135      7.508   246.0675 1.1051e+01     2.7171      3.575      5.186    15.8493 0.0000e+00
      3.652      0.026     4.2296     42.781     27.993  22.831213     1.2059      7.505   246.2601 1.0991e+01     2.6601      3.582      5.194    15.8545 0.0000e+00
      3.657      0.023     4.2289     42.697     27.970  22.786400     1.1949      7.503   246.3773 1.0919e+01     2.5996      3.586      5.201    15.8619 0.0000e+00
      3.663      0.021     4.2337     42.542     28.002  22.784510     1.1809      7.501   246.4521 1.0849e+01     2.5325      3.592      5.210    15.8461 0.0000e+00
      3.668      0.020     4.2434     42.325     28.057  22.808334     1.1694      7.499   246.5619 1.0807e+01     2.5311      3.598      5.218    15.8094 0.0000e+00
      3.672      0.021     4.2442     42.023     28.102  22.820944     1.1479      7.496   246.6731 1.0772e+01     2.5495      3.601      5.223    15.7805 0.0000e+00
      3.675      0.023     4.2410     41.611     28.134  22.810195     1.1293      7.492   246.7641 1.0728e+01     2.5157      3.603      5.226    15.7354 0.0000e+00
      3.681      0.024     4.2298     41.081     28.170  22.805066     1.1277      7.490   246.9739 1.0647e+01     2.4972      3.608      5.233    15.6685 0.0000e+00
      3.690      0.025     4.2117     40.409     28.214  22.822257     1.1529      7.487   247.3162 1.0543e+01     2.5307      3.618      5.248    15.6451 0.0000e+00
      3.698      0.026     4.1863     39.636     28.229  22.827915     1.1930      7.485   247.6340 1.0473e+01     2.5794      3.627      5.261    15.6159 0.0000e+00
      3.705      0.026     4.1509     38.835     28.213  22.810100     1.2040      7.483   247.8045 1.0423e+01     2.6074      3.632      5.268    15.5305 0.0000e+00
      3.711      0.025     4.1077     38.052     28.211  22.796975     1.1952      7.481   247.9148 1.0359e+01     2.5972      3.639      5.277    15.4599 0.0000e+00
      3.717      0.023     4.0400     37.339     28.237  22.795954     1.1946      7.481   248.1068 1.0289e+01     2.5927      3.645      5.286    15.4351 0.0000e+00
      3.722      0.022     3.9600     36.738     28.275  22.797720     1.1887      7.479   248.3196 1.0228e+01     2.5877      3.650      5.294    15.4288 0.0000e+00
      3.727      0.021     3.8801     36.240     28.333  22.818299     1.1820      7.477   248.4224 1.0162e+01     2.5706      3.655      5.300    15.4260 0.0000e+00
      3.732      0.020     3.8003     35.773     28.396  22.854617     1.1888      7.475   248.4903 1.0096e+01     2.5906      3.660      5.309    15.4097 0.0000e+00
      3.737      0.020     3.7311     35.273     28.406  22.856595     1.1963      7.473   248.5379 1.0059e+01     2.5557      3.666      5.317    15.3671 0.0000e+00
      3.742      0.021     3.6756     34.748     28.388  22.842203     1.2053      7.472   248.4810 1.0041e+01     2.4570      3.670      5.323    15.3078 0.0000e+00
      3.746      0.022     3.6327     34.214     28.420  22.870723     1.2150      7.471   248.4910 1.0010e+01     2.3873      3.673      5.329    15.2566 0.0000e+00
      3.751      0.023     3.5914     33.691     28.446  22.884576     1.2054      7.469   248.5730 9.9532e+00     2.3276      3.678      5.335    15.2336 0.0000e+00
      3.757      0.024     3.5396     33.217     28.469  22.882951     1.1807      7.467   248.6990 9.8773e+00     2.3167      3.685      5.344    15.2244 0.0000e+00
      3.765      0.025     3.4872     32.785     28.535  22.914420     1.1577      7.464   248.8958 9.7998e+00     2.3236      3.692      5.356    15.2242 0.0000e+00
      3.773      0.025     3.4321     32.338     28.595  22.948173     1.1428      7.460   248.9730 9.7293e+00     2.3076      3.701      5.367    15.2422 0.0000e+00
      3.780      0.024     3.3775     31.840     28.639  22.974182     1.1338      7.458   249.0309 9.6658e+00     2.3285      3.707      5.376    15.2320 0.0000e+00
      3.785      0.023     3.3341     31.308     28.641  22.975396     1.1326      7.456   249.2511 9.6052e+00     2.3367      3.711      5.383    15.1836 0.0000e+00
      3.790      0.022     3.2963     30.753     28.616  22.962852     1.1705      7.453   249.4850 9.5479e+00     2.3395      3.716      5.390    15.1431 0.0000e+00
      3.795      0.020     3.2548     30.188     28.596  22.949266     1.2344      7.451   249.6210 9.4879e+00     2.3622      3.721      5.396    15.1209 0.0000e+00
      3.800      0.018     3.2043     29.660     28.593  22.937879     1.2556      7.448   249.6914 9.4180e+00     2.3374      3.726      5.404    15.1007 0.0000e+00
      3.805      0.016     3.1509     29.207     28.623  22.951897     1.2511      7.445   249.7338 9.3596e+00     2.3132      3.732      5.413    15.0956 0.0000e+00
      3.810      0.016     3.0935     28.830     28.685  22.992007     1.2642      7.442   249.8756 9.3345e+00     2.3437      3.737      5.422    15.1267 0.0000e+00
      3.812      0.017     3.0336     28.522     28.770  23.042592     1.2806      7.440   250.1151 9.3266e+00     2.3635      3.739      5.423    15.1333 0.0000e+00
      3.814      0.020     2.9808     28.281     28.826  23.056526     1.2826      7.438   250.3924 9.2965e+00     2.3479      3.739      5.423    15.1053 0.0000e+00
      3.818      0.022     2.9368     28.049     28.846  23.033706     1.2635      7.435   250.7336 9.2409e+00     2.3267      3.743      5.429    15.0873 0.0000e+00
      3.826      0.023     2.9001     27.731     28.869  23.020112     1.2243      7.431   250.9706 9.1799e+00     2.2768      3.751      5.441    15.0762 0.0000e+00
      3.835      0.023     2.8696     27.251     28.887  23.018877     1.1749      7.428   251.0216 9.1122e+00     2.2233      3.762      5.456    15.0543 0.0000e+00
      3.844      0.022     2.8508     26.538     28.882  23.018744     1.1412      7.424   250.9197 9.0535e+00     2.1917      3.770      5.468    14.9944 0.0000e+00
      3.850      0.019     2.8372     25.595     28.863  23.018514     1.1248      7.422   250.7708 9.0213e+00     2.1341      3.776      5.477    14.9166 0.0000e+00
      3.852      0.017     2.8099     24.558     28.843  23.016112     1.0924      7.420   250.7707 9.0131e+00     2.1074      3.779      5.480    14.8553 0.0000e+00
      3.852      0.017     2.7670     23.631     28.800  22.989714     1.0498      7.416   250.8312 9.0158e+00     2.1428      3.778      5.479    14.8243 0.0000e+00
      3.854      0.017     2.6948     22.984     28.757  22.952843     1.0336      7.414   250.9868 8.9870e+00     2.1522      3.778      5.479    14.8391 0.0000e+00
      3.860      0.018     2.5913     22.659     28.781  22.950541     1.0302      7.411   251.2751 8.9261e+00     2.1180      3.784      5.489    14.8740 0.0000e+00
      3.867      0.021     2.4780     22.592     28.846  22.961847     1.0412      7.407   251.4772 8.8757e+00     2.1053      3.793      5.502    14.8980 0.0000e+00
      3.874      0.023     2.3758     22.696     28.898  22.962753     1.0752      7.404   251.6236 8.8433e+00     2.1352      3.799      5.509    14.9137 0.0000e+00
      3.880      0.024     2.3094     22.863     28.933  22.961447     1.0836      7.401   251.7556 8.8100e+00     2.1381      3.804      5.517    14.9188 0.0000e+00
      3.885      0.024     2.2816     22.948     28.943  22.946022     1.0676      7.398   251.7826 8.7687e+00     2.1057      3.811      5.527    14.8821 0.0000e+00
      3.890      0.025     2.2822     22.840     28.916  22.902976     1.0652      7.395   251.7778 8.7166e+00     2.0849      3.814      5.532    14.7929 0.0000e+00
      3.896      0.028     2.2996     22.508     28.930  22.884554     1.0628      7.392   251.8695 8.6581e+00     2.0922      3.820      5.541    14.7170 0.0000e+00
      3.903      0.031     2.3246     21.938     29.015  22.913354     1.0472      7.389   251.9451 8.6051e+00     2.1253      3.828      5.552    14.6739 0.0000e+00
      3.911      0.033     2.3406     21.143     29.095  22.934289     1.0264      7.385   251.9174 8.5314e+00     2.1093      3.834      5.561    14.6336 0.0000e+00
      3.921      0.035     2.3298     20.137     29.158  22.947520     1.0113      7.383   251.9655 8.4364e+00     2.0354      3.844      5.574    14.6035 0.0000e+00
      3.932      0.035     2.3007     18.880     29.189  22.946545     1.0309      7.380   252.0955 8.3569e+00     1.9837      3.856      5.593    14.5577 0.0000e+00
      3.942      0.034     2.2448     17.305     29.180  22.922468     1.0717      7.375   252.1993 8.3027e+00     1.9624      3.866      5.608    14.4819 0.0000e+00
      3.951      0.031     2.1665     15.487     29.173  22.909876     1.0889      7.370   252.3598 8.2587e+00     1.9488      3.874      5.619    14.4051 0.0000e+00
      3.958      0.028     2.0680     13.673     29.182  22.921041     1.0809      7.366   252.5733 8.2039e+00     1.9209      3.882      5.630    14.3407 0.0000e+00
      3.964      0.023     1.9452     12.033     29.180  22.930719     1.0571      7.364   252.7160 8.1515e+00     1.8990      3.888      5.639    14.2978 0.0000e+00
      3.969      0.019     1.7847     10.651     29.130  22.900164     1.0350      7.361   252.7947 8.1135e+00     1.9229      3.893      5.645    14.2694 0.0000e+00
      3.974      0.017     1.5844      9.596     29.100  22.868468     1.0300      7.358   252.8357 8.0927e+00     1.9020      3.899      5.654    14.2552 0.0000e+00
      3.977      0.017     1.3943      8.906     29.126  22.864339     1.0209      7.354   252.8673 8.0877e+00     1.8173      3.901      5.658    14.2652 0.0000e+00
      3.979      0.018     1.2232      8.557     29.145  22.850211     1.0084      7.350   253.0055 8.0731e+00     1.8213      3.901      5.658    14.2887 0.0000e+00
      3.983      0.020     1.0779      8.453     29.149  22.824350     1.0122      7.348   253.2156 8.0437e+00     1.9507      3.905      5.664    14.3138 0.0000e+00
      3.989      0.024     0.9691      8.483     29.161  22.805110     1.0254      7.346   253.4293 7.9980e+00     2.0832      3.911      5.672    14.3023 0.0000e+00
      3.996      0.028     0.8996      8.530     29.191  22.807669     1.0265      7.343   253.6099 7.9395e+00     2.1265      3.918      5.682    14.2457 0.0000e+00
      4.004      0.032     0.8699      8.526     29.183  22.791885     1.0170      7.339   253.7645 7.8865e+00     2.0644      3.926      5.695    14.1958 0.0000e+00
      4.014      0.034     0.8629      8.427     29.126  22.741010     1.0109      7.335   253.9217 7.8446e+00     1.9467      3.936      5.709    14.1499 0.0000e+00
      4.023      0.034     0.8729      8.241     29.091  22.699508     0.9937      7.333   253.9622 7.8098e+00     1.8648      3.945      5.722    14.0930 0.0000e+00
