Data/DataNotYetUploadedToEDI/Raw_CTD/RawDownloads/053121_fcr50.cnv
* Sea-Bird SBE19plus  Data File:
* FileName = C:\R\Reservoirs\Data\DataNotYetUploadedToEDI\Raw_CTD\RawDownloads\053121_bvr50_0002.hex
* Software version 2.8.0.119
* Temperature SN = 7809
* Conductivity SN = 7809
* System UpLoad Time = May 31 2021 14:12:44
* <ApplicationData>
* <Seaterm232>
# nquan = 16
# nvalues = 1031                        
# units = specified
# name 0 = depFM: Depth [fresh water, m]
# name 1 = dz/dtM: Descent Rate [m/s]
# name 2 = orp: Oxidation Reduction Potential [mV]
# name 3 = sbeox0Mg/L: Oxygen, SBE 43 [mg/l]
# name 4 = sbeox0PS: Oxygen, SBE 43 [% saturation]
# name 5 = par/sat/log: PAR/Logarithmic, Satlantic
# name 6 = ph: pH
# name 7 = specc: Specific Conductance [uS/cm]
# name 8 = c0uS/cm: Conductivity [uS/cm]
# name 9 = flECO-AFL: Fluorescence, WET Labs ECO-AFL/FL [mg/m^3]
# name 10 = turbWETntu0: Turbidity, WET Labs ECO [NTU]
# name 11 = tv290C: Temperature [ITS-90, deg C]
# name 12 = density00: Density [density, kg/m^3]
# name 13 = prdE: Pressure, Strain Gauge [psi]
# name 14 = prdM: Pressure, Strain Gauge [db]
# name 15 = flag:  0.000e+00
# span 0 =     -0.563,      9.808       
# span 1 =     -0.338,      0.165       
# span 2 = -1240.7455,   250.2211       
# span 3 =     0.8968,    14.0669       
# span 4 =      7.725,    147.634       
# span 5 = 1.2360e-01, 1.2115e+03       
# span 6 =      7.820,     16.027       
# span 7 =      0.638,    152.507       
# span 8 =   0.543973, 101.353028       
# span 9 =    -1.7340,    13.4180       
# span 10 =    -6.3869,   853.3051      
# span 11 =     8.1305,    21.1655      
# span 12 =   997.9754,   999.9396      
# span 13 =     -0.801,     13.951      
# span 14 =     -0.552,      9.619      
# span 15 = 0.0000e+00, 0.0000e+00      
# interval = seconds: 0.25
# start_time = May 30 2021 22:50:38 [Instrument's time stamp, header]
# bad_flag = -9.990e-29
*END*
[from data line 362]
      3.559      0.067   243.9874     6.5621     60.239 1.8710e+00     15.934     34.009  24.974741     0.7976     1.6659    11.7196   999.5621      5.071      3.496 0.0000e+00
      3.575      0.070   243.8780     6.4031     58.789 1.8551e+00     15.936     34.056  24.963639     0.7366     1.6994    11.6475   999.5701      5.087      3.507 0.0000e+00
      3.588      0.071   243.4832     6.2107     57.186 1.8326e+00     15.938     34.082  24.939015     0.7275     1.7158    11.5764   999.5778      5.103      3.518 0.0000e+00
      3.600      0.071   243.2773     6.0484     55.611 1.8106e+00     15.940     34.093  24.907805     0.7231     1.7124    11.5182   999.5843      5.121      3.531 0.0000e+00
      3.614      0.068   243.4753     5.8992     54.136 1.7905e+00     15.942     34.116  24.892181     0.7231     1.7064    11.4736   999.5891      5.136      3.541 0.0000e+00
      3.630      0.064   244.0444     5.7583     52.713 1.7758e+00     15.943     34.144  24.885365     0.7311     1.7006    11.4365   999.5932      5.159      3.558 0.0000e+00
      3.647      0.061   244.7494     5.6087     51.262 1.7676e+00     15.944     34.154  24.866696     0.7444     1.6832    11.4045   999.5967      5.188      3.577 0.0000e+00
      3.665      0.059   245.2714     5.4375     49.768 1.7581e+00     15.944     34.162  24.845376     0.7570     1.6647    11.3644   999.6009      5.215      3.595 0.0000e+00
      3.681      0.059   245.4765     5.2775     48.309 1.7416e+00     15.945     34.194  24.841195     0.7649     1.6616    11.3170   999.6060      5.239      3.612 0.0000e+00
      3.694      0.060   245.4129     5.1267     47.000 1.7222e+00     15.946     34.233  24.844354     0.7665     1.6601    11.2807   999.6100      5.256      3.624 0.0000e+00
      3.708      0.061   245.2620     5.0129     45.930 1.7065e+00     15.948     34.254  24.839034     0.7572     1.6217    11.2512   999.6131      5.269      3.632 0.0000e+00
      3.726      0.062   245.2994     4.9338     45.109 1.6957e+00     15.949     34.269  24.831481     0.7378     1.5372    11.2256   999.6159      5.292      3.649 0.0000e+00
      3.749      0.064   245.5754     4.8768     44.452 1.6865e+00     15.949     34.284  24.826958     0.7209     1.4601    11.2059   999.6181      5.329      3.675 0.0000e+00
      3.773      0.067   245.8844     4.8195     43.851 1.6747e+00     15.949     34.304  24.829025     0.7089     1.4238    11.1814   999.6207      5.370      3.703 0.0000e+00
      3.795      0.071   246.1997     4.7430     43.270 1.6577e+00     15.949     34.339  24.845786     0.6903     1.3973    11.1686   999.6222      5.403      3.725 0.0000e+00
      3.814      0.075   246.6693     4.6883     42.749 1.6364e+00     15.949     34.379  24.866576     0.6660     1.3721    11.1751   999.6217      5.427      3.742 0.0000e+00
      3.830      0.077   247.1240     4.6419     42.307 1.6114e+00     15.950     34.406  24.868549     0.6497     1.3760    11.1582   999.6235      5.446      3.755 0.0000e+00
      3.846      0.077   247.2402     4.6124     41.917 1.5855e+00     15.952     34.416  24.845348     0.6437     1.4091    11.1014   999.6294      5.467      3.769 0.0000e+00
      3.863      0.077   247.0729     4.5787     41.545 1.5672e+00     15.953     34.432  24.816896     0.6438     1.4388    11.0332   999.6363      5.493      3.788 0.0000e+00
      3.882      0.075   246.8558     4.5356     41.187 1.5592e+00     15.954     34.471  24.803053     0.6488     1.4311    10.9705   999.6429      5.521      3.807 0.0000e+00
      3.899      0.071   246.6982     4.5223     40.819 1.5541e+00     15.956     34.516  24.797705     0.6535     1.3946    10.9116   999.6489      5.547      3.825 0.0000e+00
      3.915      0.068   246.7614     4.4824     40.331 1.5455e+00     15.958     34.551  24.792993     0.6518     1.3816    10.8621   999.6538      5.569      3.841 0.0000e+00
      3.931      0.067   247.1848     4.4044     39.628 1.5338e+00     15.960     34.574  24.790488     0.6372     1.4048    10.8365   999.6564      5.590      3.853 0.0000e+00
      3.949      0.067   247.7353     4.2944     38.724 1.5206e+00     15.960     34.584  24.787175     0.6007     1.4196    10.8350   999.6567      5.617      3.872 0.0000e+00
      3.967      0.068   248.0808     4.1708     37.719 1.5084e+00     15.960     34.596  24.783558     0.5523     1.4085    10.8301   999.6573      5.644      3.892 0.0000e+00
      3.987      0.068   248.2809     4.0650     36.702 1.4978e+00     15.961     34.616  24.778423     0.5208     1.3996    10.7967   999.6607      5.666      3.907 0.0000e+00
      4.009      0.070   248.4963     3.9605     35.692 1.4835e+00     15.963     34.625  24.757475     0.5208     1.4151    10.7501   999.6654      5.698      3.929 0.0000e+00
      4.032      0.073   248.6580     3.8528     34.667 1.4642e+00     15.963     34.603  24.713904     0.5444     1.4324    10.6980   999.6706      5.740      3.957 0.0000e+00
      4.052      0.076   248.7755     3.7339     33.633 1.4503e+00     15.963     34.568  24.670397     0.5705     1.4136    10.6575   999.6746      5.773      3.980 0.0000e+00
      4.066      0.077   249.0499     3.6185     32.643 1.4463e+00     15.963     34.558  24.656742     0.5818     1.3753    10.6677   999.6735      5.787      3.989 0.0000e+00
      4.078      0.075   249.4889     3.5179     31.742 1.4436e+00     15.964     34.573  24.666980     0.5820     1.3624    10.6832   999.6721      5.796      3.995 0.0000e+00
      4.091      0.072   249.8506     3.4307     30.944 1.4361e+00     15.964     34.583  24.670559     0.5816     1.3815    10.6674   999.6738      5.815      4.009 0.0000e+00
      4.107      0.068   250.0295     3.3543     30.246 1.4256e+00     15.964     34.573  24.652223     0.5807     1.4098    10.6607   999.6745      5.841      4.028 0.0000e+00
      4.123      0.064   250.1145     3.2869     29.654 1.4139e+00     15.964     34.552  24.615426     0.5782     1.4345    10.6409   999.6765      5.865      4.044 0.0000e+00
      4.139      0.060   250.1252     3.2402     29.177 1.4007e+00     15.965     34.545  24.574955     0.5801     1.4558    10.5732   999.6830      5.887      4.059 0.0000e+00
      4.155      0.059   250.0032     3.2062     28.813 1.3847e+00     15.968     34.570  24.551746     0.5893     1.4675    10.4974   999.6903      5.910      4.075 0.0000e+00
      4.171      0.059   249.8174     3.1833     28.547 1.3681e+00     15.970     34.618  24.550850     0.5958     1.4625    10.4422   999.6956      5.932      4.090 0.0000e+00
      4.189      0.061   249.7516     3.1662     28.357 1.3555e+00     15.971     34.654  24.553660     0.5884     1.4360    10.4127   999.6985      5.955      4.106 0.0000e+00
      4.206      0.063   249.8397     3.1497     28.227 1.3471e+00     15.972     34.658  24.542366     0.5730     1.3932    10.4050   999.6993      5.982      4.126 0.0000e+00
      4.223      0.065   249.9590     3.1471     28.137 1.3404e+00     15.972     34.645  24.520786     0.5614     1.3729    10.3943   999.7003      6.006      4.141 0.0000e+00
      4.239      0.065   250.0880     3.1469     28.019 1.3331e+00     15.973     34.651  24.508148     0.5503     1.3956    10.3666   999.7029      6.025      4.154 0.0000e+00
      4.255      0.065   250.2211     3.1267     27.786 1.3217e+00     15.974     34.681  24.510136     0.5343     1.4193    10.3319   999.7064      6.052      4.173 0.0000e+00
      4.272      0.066   250.1799     3.0819     27.400 1.3033e+00     15.974     34.713  24.513717     0.5180     1.4205    10.3047   999.7089      6.079      4.192 0.0000e+00
      4.288      0.066   249.8253     3.0158     26.906 1.2820e+00     15.974     34.743  24.518451     0.5006     1.4261    10.2837   999.7109      6.099      4.206 0.0000e+00
      4.304      0.065   249.3418     2.9506     26.420 1.2666e+00     15.975     34.770  24.521032     0.4701     1.4358    10.2598   999.7132      6.121      4.220 0.0000e+00
      4.319      0.064   249.0599     2.9111     26.045 1.2589e+00     15.976     34.757  24.496525     0.4268     1.4243    10.2345   999.7155      6.144      4.236 0.0000e+00
      4.334      0.063   249.0784     2.8901     25.807 1.2502e+00     15.976     34.714  24.452577     0.3908     1.3943    10.2153   999.7173      6.162      4.249 0.0000e+00
      4.349      0.062   249.3275     2.8793     25.674 1.2352e+00     15.976     34.704  24.431839     0.3757     1.3751    10.1992   999.7188      6.182      4.263 0.0000e+00
      4.367      0.062   249.7065     2.8767     25.604 1.2200e+00     15.976     34.751  24.451210     0.3760     1.3846    10.1786   999.7208      6.208      4.281 0.0000e+00
      4.388      0.063   249.9580     2.8747     25.555 1.2102e+00     15.977     34.848  24.505045     0.3808     1.3995    10.1566   999.7229      6.240      4.302 0.0000e+00
      4.409      0.066   249.8364     2.8731     25.485 1.2023e+00     15.978     34.991  24.591503     0.3829     1.3876    10.1370   999.7249      6.275      4.327 0.0000e+00
      4.429      0.069   249.4783     2.8615     25.349 1.1898e+00     15.979     35.164  24.698531     0.3787     1.3708    10.1182   999.7267      6.301      4.345 0.0000e+00
      4.447      0.072   249.2219     2.8377     25.117 1.1755e+00     15.979     35.316  24.790948     0.3660     1.3963    10.0972   999.7287      6.325      4.361 0.0000e+00
      4.465      0.074   249.1844     2.7974     24.798 1.1672e+00     15.980     35.406  24.839343     0.3467     1.4433    10.0746   999.7309      6.350      4.378 0.0000e+00
      4.484      0.076   249.2987     2.7473     24.459 1.1613e+00     15.981     35.462  24.864144     0.3258     1.4407    10.0545   999.7327      6.374      4.395 0.0000e+00
      4.504      0.076   249.4412     2.7200     24.169 1.1512e+00     15.981     35.548  24.911149     0.3111     1.3938    10.0364   999.7344      6.406      4.417 0.0000e+00
      4.523      0.076   249.4620     2.7041     23.907 1.1387e+00     15.981     35.676  24.987937     0.3102     1.3865    10.0174   999.7363      6.438      4.439 0.0000e+00
      4.541      0.075   249.3592     2.6744     23.587 1.1217e+00     15.981     35.806  25.065046     0.3206     1.4395    10.0004   999.7379      6.460      4.454 0.0000e+00
      4.556      0.073   249.2869     2.6234     23.150 1.1000e+00     15.982     35.896  25.113448     0.3303     1.4750     9.9828   999.7395      6.477      4.466 0.0000e+00
      4.572      0.071   249.3101     2.5584     22.609 1.0830e+00     15.984     35.933  25.123407     0.3314     1.4478     9.9561   999.7420      6.501      4.482 0.0000e+00
      4.590      0.070   249.3303     2.4874     22.020 1.0753e+00     15.984     35.933  25.107782     0.3299     1.4123     9.9283   999.7444      6.528      4.501 0.0000e+00
      4.608      0.069   249.2837     2.4207     21.435 1.0747e+00     15.985     35.924  25.089492     0.3400     1.4095     9.9144   999.7456      6.554      4.519 0.0000e+00
      4.628      0.069   249.2414     2.3636     20.861 1.0781e+00     15.985     35.923  25.079929     0.3601     1.4070     9.9070   999.7465      6.581      4.537 0.0000e+00
      4.648      0.069   249.2864     2.2939     20.286 1.0763e+00     15.984     35.915  25.067971     0.3737     1.3993     9.8931   999.7478      6.610      4.558 0.0000e+00
      4.667      0.070   249.4317     2.2282     19.716 1.0648e+00     15.984     35.870  25.031608     0.3782     1.4359     9.8878   999.7483      6.638      4.577 0.0000e+00
      4.685      0.072   249.6489     2.1705     19.158 1.0493e+00     15.985     35.762  24.949451     0.3811     1.5278     9.8895   999.7482      6.662      4.593 0.0000e+00
      4.703      0.074   249.8631     2.1034     18.608 1.0347e+00     15.985     35.597  24.822388     0.3806     1.6208     9.8722   999.7497      6.690      4.613 0.0000e+00
      4.721      0.074   249.9979     2.0461     18.083 1.0227e+00     15.986     35.457  24.704623     0.3717     1.6699     9.8387   999.7526      6.717      4.631 0.0000e+00
      4.738      0.074   250.0485     1.9883     17.618 1.0122e+00     15.987     35.425  24.658494     0.3499     1.7284     9.8013   999.7559      6.740      4.647 0.0000e+00
      4.753      0.073   249.9981     1.9456     17.257 1.0010e+00     15.988     35.468  24.665606     0.3053     1.9052     9.7631   999.7593      6.764      4.664 0.0000e+00
      4.768      0.070   249.8293     1.9301     16.998 9.9236e-01     15.988     35.466  24.645270     0.2454     2.1557     9.7357   999.7618      6.782      4.676 0.0000e+00
      4.784      0.067   249.6609     1.9072     16.790 9.8701e-01     15.988     35.367  24.562083     0.1997     2.3081     9.7221   999.7629      6.800      4.688 0.0000e+00
      4.802      0.066   249.6289     1.8854     16.599 9.7945e-01     15.988     35.231  24.454063     0.1777     2.3495     9.7051   999.7642      6.828      4.707 0.0000e+00
      4.823      0.066   249.6584     1.8634     16.443 9.7064e-01     15.989     35.114  24.359251     0.1625     2.3909     9.6828   999.7661      6.860      4.729 0.0000e+00
      4.846      0.068   249.5622     1.8496     16.363 9.6353e-01     15.991     35.016  24.276926     0.1451     2.4341     9.6639   999.7678      6.892      4.752 0.0000e+00
      4.870      0.071   249.2682     1.8647     16.361 9.5336e-01     15.991     34.936  24.206565     0.1281     2.4264     9.6418   999.7697      6.927      4.776 0.0000e+00
      4.892      0.076   248.8061     1.8679     16.394 9.3762e-01     15.991     34.899  24.167291     0.1131     2.4115     9.6204   999.7717      6.958      4.797 0.0000e+00
      4.914      0.080   248.3128     1.8644     16.462 9.2180e-01     15.991     34.912  24.162496     0.1054     2.4768     9.6047   999.7732      6.989      4.819 0.0000e+00
      4.934      0.084   248.0375     1.8855     16.611 9.1210e-01     15.991     34.945  24.172139     0.1074     2.6062     9.5820   999.7751      7.021      4.840 0.0000e+00
      4.952      0.085   248.0874     1.9178     16.839 9.0595e-01     15.992     34.980  24.184753     0.1092     2.6887     9.5616   999.7768      7.045      4.858 0.0000e+00
      4.969      0.083   248.2808     1.9592     17.066 8.9546e-01     15.993     35.016  24.201210     0.1040     2.6770     9.5546   999.7774      7.066      4.873 0.0000e+00
      4.986      0.080   248.3468     1.9750     17.203 8.8214e-01     15.993     35.050  24.217230     0.0957     2.6360     9.5465   999.7782      7.092      4.889 0.0000e+00
      5.001      0.076   248.1480     1.9652     17.252 8.7354e-01     15.993     35.077  24.227014     0.0862     2.6244     9.5334   999.7794      7.117      4.907 0.0000e+00
      5.016      0.071   247.7355     1.9713     17.272 8.6924e-01     15.993     35.105  24.235283     0.0728     2.6272     9.5203   999.7806      7.132      4.917 0.0000e+00
      5.032      0.067   247.3010     1.9788     17.274 8.6375e-01     15.994     35.153  24.255218     0.0568     2.6174     9.5011   999.7822      7.150      4.930 0.0000e+00
      5.053      0.066   247.0255     1.9782     17.209 8.5367e-01     15.995     35.236  24.297316     0.0427     2.6081     9.4741   999.7845      7.183      4.953 0.0000e+00
      5.078      0.067   246.9591     1.9560     17.040 8.3727e-01     15.995     35.339  24.354315     0.0353     2.6194     9.4517   999.7865      7.220      4.978 0.0000e+00
      5.104      0.072   247.0509     1.9197     16.792 8.1687e-01     15.995     35.416  24.393755     0.0391     2.6351     9.4386   999.7877      7.259      5.005 0.0000e+00
      5.131      0.078   247.2059     1.8915     16.510 7.9837e-01     15.996     35.431  24.390622     0.0497     2.6266     9.4215   999.7891      7.303      5.035 0.0000e+00
