Data/DataNotYetUploadedToEDI/Raw_CTD/RawDownloads/060126_bvr50_S8188007.cnv
* Sea-Bird SBE19plus  Data File:
* FileName = C:\R\Reservoirs\Data\DataNotYetUploadedToEDI\Raw_CTD\RawDownloads\062526_ccr50_S8188_0007.hex
* Software version 2.8.0.119
* Temperature SN = 8188
* Conductivity SN = 8188
* System UpLoad Time = Jun 29 2026 18:09:33
* <ApplicationData>
* <Seaterm232>
# nquan = 16
# nvalues = 1520                        
# units = specified
# name 0 = depFM: Depth [fresh water, m]
# name 1 = dz/dtM: Descent Rate [m/s]
# name 2 = sbeox0Mg/L: Oxygen, SBE 43 [mg/l]
# name 3 = sbeox0PS: Oxygen, SBE 43 [% saturation]
# name 4 = specc: Specific Conductance [uS/cm]
# name 5 = c0uS/cm: Conductivity [uS/cm]
# name 6 = wetCDOM: Fluorescence, WET Labs CDOM [mg/m^3]
# name 7 = flECO-AFL: Fluorescence, WET Labs ECO-AFL/FL [mg/m^3]
# name 8 = flECO-AFL1: Fluorescence, WET Labs ECO-AFL/FL, 2 [mg/m^3]
# name 9 = flECO-AFL2: Fluorescence, WET Labs ECO-AFL/FL, 3 [mg/m^3]
# name 10 = par/sat/log: PAR/Logarithmic, Satlantic
# name 11 = turbWETntu0: Turbidity, WET Labs ECO [NTU]
# name 12 = prdM: Pressure, Strain Gauge [db]
# name 13 = prdE: Pressure, Strain Gauge [psi]
# name 14 = tv290C: Temperature [ITS-90, deg C]
# name 15 = flag:  0.000e+00
# span 0 =     -0.747,      5.186       
# span 1 =     -0.236,      0.165       
# span 2 =     0.0370,     8.9636       
# span 3 =      0.362,    103.458       
# span 4 =      1.717,    116.664       
# span 5 =   1.658073,  89.634650       
# span 6 =    -4.5000,    26.2800       
# span 7 =    -2.6230,     7.2191       
# span 8 =    -2.1300,     6.3048       
# span 9 =    -2.0304,     3.8493       
# span 10 = 1.8346e+00, 3.3383e+03      
# span 11 =    -7.2736,    91.8246      
# span 12 =     -0.733,      5.086      
# span 13 =     -1.062,      7.377      
# span 14 =    13.4130,    23.3479      
# span 15 = 0.0000e+00, 0.0000e+00      
# interval = seconds: 0.25
# start_time = Jun 01 2026 10:30:32 [Instrument's time stamp, header]
# bad_flag = -9.990e-29
*END*
[from data line 272]
      0.026     -0.007     4.3611     50.658     38.403  36.658596    17.3700     1.9280     0.1278     0.8883 6.6760e+02     3.3462      0.026      0.037    22.7278 0.0000e+00
      0.024     -0.007     4.3627     50.637     38.419  36.673849    17.3700     1.9356     0.1278     0.8883 7.8817e+02     3.3462      0.024      0.034    22.7268 0.0000e+00
      0.022     -0.006     4.3650     50.581     38.435  36.688585    17.3700     1.9242     0.1278     0.8883 1.3747e+03     3.3160      0.022      0.032    22.7257 0.0000e+00
      0.021     -0.005     4.3670     50.491     38.446  36.698765    17.3700     1.9547     0.1278     0.8883 9.9578e+02     3.3160      0.021      0.029    22.7245 0.0000e+00
      0.020     -0.004     4.3677     50.380     38.448  36.701127    17.3700     2.1302     0.1278     0.7191 6.7946e+02     3.3009      0.019      0.028    22.7235 0.0000e+00
      0.019     -0.003     4.3659     50.257     38.439  36.692317    17.3700     2.1302     0.1278     0.7191 1.2302e+03     3.3311      0.018      0.026    22.7228 0.0000e+00
      0.018     -0.002     4.3611     50.124     38.428  36.681937    17.3700     2.1378     0.1278     0.7191 2.2135e+03     3.1952      0.018      0.025    22.7224 0.0000e+00
      0.017     -0.001     4.3535     49.981     38.423  36.677182    17.3700     2.1187     0.1278     0.7191 1.2364e+03     3.3311      0.017      0.025    22.7222 0.0000e+00
      0.017     -0.001     4.3439     49.833     38.418  36.672799    17.3700     2.0501     0.1278     0.7191 1.3097e+03     3.2254      0.017      0.025    22.7222 0.0000e+00
      0.017     -0.001     4.3333     49.686     38.417  36.671603    17.4600     2.0615     0.0852     0.9306 1.1261e+03     3.2707      0.017      0.025    22.7222 0.0000e+00
      0.017     -0.001     4.3218     49.546     38.425  36.679252    17.4600     2.0386     0.0852     0.9306 7.2098e+02     3.1952      0.017      0.025    22.7224 0.0000e+00
      0.017     -0.001     4.3094     49.415     38.434  36.687825    17.4600     2.0424     0.0852     0.9306 6.7739e+02     3.2103      0.017      0.024    22.7225 0.0000e+00
      0.017     -0.001     4.2966     49.289     38.440  36.693632    17.4600     2.0577     0.0852     0.9306 8.3343e+02     3.2858      0.017      0.024    22.7227 0.0000e+00
      0.017     -0.001     4.2839     49.170     38.440  36.694236    17.4600     2.0577     0.1278     0.8037 6.7007e+02     3.2103      0.016      0.024    22.7229 0.0000e+00
      0.016     -0.001     4.2719     49.065     38.434  36.687807    17.4600     2.0539     0.1278     0.8037 7.3283e+02     3.2405      0.016      0.023    22.7231 0.0000e+00
      0.015     -0.001     4.2606     48.976     38.428  36.682590    17.4600     2.0691     0.1278     0.8037 1.9761e+03     3.3311      0.015      0.022    22.7233 0.0000e+00
      0.015      0.000     4.2497     48.901     38.425  36.679187    17.4600     2.1149     0.1278     0.8037 8.4327e+02     3.3311      0.015      0.021    22.7235 0.0000e+00
      0.015      0.001     4.2394     48.833     38.422  36.676691    17.4600     2.0997     0.1278     0.8037 9.6657e+02     3.1801      0.015      0.021    22.7237 0.0000e+00
      0.015      0.002     4.2304     48.770     38.424  36.678421    17.4600     2.1111     0.1278     0.8037 1.3679e+03     3.2405      0.015      0.022    22.7237 0.0000e+00
      0.016      0.003     4.2227     48.713     38.426  36.680853    17.4600     2.1454     0.1278     0.8037 6.9953e+02     3.3915      0.016      0.024    22.7237 0.0000e+00
      0.017      0.003     4.2162     48.666     38.426  36.680651    17.4600     2.1912     0.1278     0.8037 7.5596e+02     3.2405      0.017      0.025    22.7237 0.0000e+00
      0.018      0.003     4.2104     48.629     38.423  36.677762    17.4600     2.1950     0.0852     0.9306 6.9499e+02     3.3009      0.018      0.027    22.7237 0.0000e+00
      0.019      0.003     4.2049     48.597     38.421  36.675399    17.4600     2.1683     0.0852     0.9306 2.4030e+03     3.2103      0.019      0.028    22.7237 0.0000e+00
      0.020      0.003     4.2000     48.562     38.422  36.676917    17.4600     2.1759     0.0852     0.9306 8.0741e+02     3.3764      0.020      0.029    22.7235 0.0000e+00
      0.021      0.003     4.1960     48.522     38.424  36.678736    17.4600     2.1111     0.0852     0.9306 7.7779e+02     3.3764      0.021      0.030    22.7232 0.0000e+00
      0.022      0.003     4.1929     48.478     38.423  36.677356    17.4600     2.1225     0.0852     0.9306 7.3875e+02     3.2405      0.022      0.031    22.7230 0.0000e+00
      0.022      0.003     4.1901     48.431     38.418  36.672411    17.3700     2.1149     0.1278     0.9306 8.1304e+02     3.2707      0.022      0.032    22.7228 0.0000e+00
      0.023      0.002     4.1871     48.381     38.412  36.666565    17.3700     2.1035     0.1278     0.9306 1.1305e+03     3.3160      0.023      0.032    22.7228 0.0000e+00
      0.023      0.002     4.1836     48.333     38.408  36.662245    17.3700     1.9280     0.1278     0.9306 1.3699e+03     3.2103      0.023      0.033    22.7227 0.0000e+00
      0.024      0.002     4.1798     48.288     38.404  36.658298    17.3700     1.9318     0.1278     0.9306 1.0578e+03     3.2858      0.024      0.034    22.7225 0.0000e+00
      0.024      0.002     4.1758     48.252     38.404  36.657655    17.4600     1.9356     0.1278     0.9306 1.2882e+03     3.2556      0.024      0.035    22.7222 0.0000e+00
      0.025      0.001     4.1716     48.221     38.407  36.660146    17.4600     1.9318     0.1278     0.9306 9.0951e+02     3.2707      0.025      0.036    22.7219 0.0000e+00
      0.025      0.001     4.1674     48.194     38.409  36.662449    17.4600     2.0539     0.1278     0.9306 1.6058e+03     3.2103      0.025      0.036    22.7216 0.0000e+00
      0.025      0.000     4.1636     48.166     38.412  36.665181    17.4600     2.0424     0.1278     0.9306 8.7520e+02     3.1952      0.025      0.036    22.7212 0.0000e+00
      0.025      0.000     4.1604     48.134     38.412  36.665083    17.4600     2.0424     0.1278     0.7614 9.7036e+02     3.3160      0.025      0.036    22.7208 0.0000e+00
      0.025      0.000     4.1578     48.097     38.409  36.662131    17.4600     2.0577     0.1278     0.7614 8.0846e+02     3.2254      0.025      0.036    22.7204 0.0000e+00
      0.025      0.000     4.1555     48.056     38.406  36.659522    17.4600     2.1378     0.1278     0.7614 6.4971e+02     3.3311      0.025      0.036    22.7201 0.0000e+00
      0.025     -0.001     4.1531     48.013     38.403  36.656559    17.4600     2.1340     0.1278     0.7614 8.3925e+02     3.3009      0.025      0.036    22.7201 0.0000e+00
      0.025     -0.001     4.1503     47.973     38.403  36.656438    17.4600     2.1035     0.0852     0.8883 8.1676e+02     3.2103      0.024      0.035    22.7202 0.0000e+00
      0.024     -0.001     4.1471     47.935     38.406  36.659125    17.4600     2.1264     0.0852     0.8883 7.8902e+02     3.1801      0.024      0.035    22.7203 0.0000e+00
      0.024     -0.001     4.1436     47.894     38.408  36.661353    17.4600     2.2408     0.0852     0.8883 8.4053e+02     3.5275      0.024      0.034    22.7204 0.0000e+00
      0.024     -0.001     4.1399     47.846     38.410  36.663715    17.4600     2.2370     0.0852     0.8883 7.3762e+02     3.4671      0.024      0.034    22.7204 0.0000e+00
      0.024     -0.001     4.1364     47.796     38.413  36.666843    17.4600     2.2446     0.0852     0.8883 9.3172e+02     3.5577      0.024      0.034    22.7205 0.0000e+00
      0.024     -0.001     4.1331     47.745     38.416  36.669578    17.3700     2.2484     0.0852     0.8883 6.5581e+02     3.6332      0.023      0.034    22.7207 0.0000e+00
      0.024      0.000     4.1296     47.691     38.413  36.666673    17.3700     2.1454     0.0852     0.8883 1.8175e+03     3.3764      0.023      0.034    22.7210 0.0000e+00
      0.024     -0.000     4.1255     47.637     38.405  36.659344    17.3700     2.1187     0.0852     0.8883 1.3446e+03     3.3311      0.023      0.033    22.7213 0.0000e+00
      0.023     -0.000     4.1211     47.586     38.397  36.651615    17.3700     2.1187     0.0852     0.8883 1.2526e+03     3.2858      0.023      0.033    22.7216 0.0000e+00
      0.023      0.000     4.1167     47.539     38.390  36.645409    17.4600     2.1416     0.0852     0.9306 1.1900e+03     3.3160      0.023      0.033    22.7218 0.0000e+00
      0.023      0.000     4.1120     47.497     38.391  36.647039    17.4600     2.1416     0.0852     0.9306 9.9794e+02     3.3009      0.023      0.033    22.7220 0.0000e+00
      0.023      0.000     4.1073     47.458     38.397  36.652956    17.4600     2.1187     0.0852     0.9306 1.1703e+03     3.2405      0.023      0.033    22.7222 0.0000e+00
      0.023      0.000     4.1030     47.422     38.401  36.656768    17.4600     2.1035     0.0852     0.9306 1.1033e+03     3.2254      0.023      0.033    22.7223 0.0000e+00
      0.024      0.000     4.0989     47.386     38.404  36.659493    17.5500     2.1302     0.1704     0.8460 2.2101e+03     3.2103      0.023      0.033    22.7225 0.0000e+00
      0.024      0.000     4.0952     47.351     38.406  36.661858    17.5500     2.0081     0.1704     0.8460 1.0684e+03     3.3160      0.023      0.033    22.7227 0.0000e+00
      0.023      0.000     4.0918     47.314     38.409  36.664491    17.5500     1.9661     0.1704     0.8460 6.8079e+02     3.2254      0.023      0.033    22.7228 0.0000e+00
      0.023      0.000     4.0887     47.273     38.408  36.664112    17.5500     2.0005     0.1704     0.8460 7.4568e+02     3.3311      0.023      0.033    22.7230 0.0000e+00
      0.024      0.000     4.0856     47.230     38.405  36.660620    17.4600     2.0234     0.1278     1.0152 6.7490e+02     3.2405      0.023      0.034    22.7233 0.0000e+00
      0.024      0.000     4.0826     47.187     38.401  36.657068    17.4600     2.1798     0.1278     1.0152 1.1045e+03     3.2707      0.023      0.034    22.7235 0.0000e+00
      0.024      0.000     4.0794     47.152     38.396  36.652508    17.4600     2.2065     0.1278     1.0152 9.6888e+02     3.2254      0.023      0.034    22.7238 0.0000e+00
      0.023      0.000     4.0758     47.134     38.397  36.653694    17.4600     2.2027     0.1278     1.0152 2.3842e+03     3.2707      0.023      0.034    22.7241 0.0000e+00
      0.023     -0.001     4.0721     47.135     38.409  36.664926    17.4600     2.1721     0.1278     1.0152 5.9394e+02     3.3160      0.023      0.033    22.7243 0.0000e+00
      0.023     -0.001     4.0683     47.150     38.420  36.675253    17.4600     1.8097     0.0852     0.9306 7.9367e+02     3.3462      0.023      0.033    22.7245 0.0000e+00
      0.023     -0.001     4.0653     47.180     38.423  36.677468    17.4600     1.8326     0.0852     0.9306 6.7725e+02     3.2405      0.023      0.033    22.7246 0.0000e+00
      0.023     -0.001     4.0638     47.223     38.420  36.674156    17.4600     1.7868     0.0852     0.9306 8.8842e+02     3.3160      0.022      0.032    22.7245 0.0000e+00
      0.023     -0.001     4.0639     47.276     38.412  36.666424    17.4600     1.7945     0.0852     0.9306 1.1553e+03     3.4067      0.022      0.032    22.7244 0.0000e+00
      0.022      0.000     4.0653     47.325     38.405  36.660179    17.4600     1.7945     0.1278     0.6768 7.4665e+02     3.2103      0.022      0.032    22.7241 0.0000e+00
      0.022      0.000     4.0678     47.352     38.407  36.661725    17.4600     1.8021     0.1278     0.6768 8.1340e+02     3.3160      0.022      0.032    22.7238 0.0000e+00
      0.022      0.000     4.0716     47.353     38.409  36.663505    17.4600     1.8479     0.1278     0.6768 1.2515e+03     3.4067      0.022      0.032    22.7233 0.0000e+00
      0.022      0.000     4.0762     47.341     38.408  36.662010    17.4600     1.7945     0.1278     0.6768 1.8733e+03     3.2254      0.022      0.032    22.7228 0.0000e+00
      0.022      0.000     4.0804     47.331     38.405  36.658833    17.4600     1.8097     0.1278     0.7614 6.2751e+02     3.1498      0.022      0.032    22.7223 0.0000e+00
      0.022      0.000     4.0828     47.313     38.397  36.651134    17.4600     1.7945     0.1278     0.7614 1.2627e+03     3.3160      0.022      0.032    22.7220 0.0000e+00
      0.022      0.000     4.0829     47.277     38.388  36.642838    17.4600     1.8021     0.1278     0.7614 1.2879e+03     3.2103      0.022      0.032    22.7218 0.0000e+00
      0.023     -0.000     4.0819     47.242     38.379  36.633724    17.4600     1.8135     0.1278     0.7614 1.6829e+03     3.2405      0.022      0.032    22.7216 0.0000e+00
      0.023     -0.001     4.0810     47.219     38.362  36.617378    17.4600     1.8021     0.1278     0.7614 1.3885e+03     3.3160      0.022      0.032    22.7214 0.0000e+00
      0.023     -0.001     4.0794     47.217     38.346  36.601392    17.4600     1.8517     0.1278     0.7614 8.3779e+02     3.2707      0.022      0.032    22.7213 0.0000e+00
      0.022     -0.002     4.0764     47.256     38.343  36.597443    17.4600     1.8212     0.1278     0.7614 9.8395e+02     3.3160      0.022      0.032    22.7211 0.0000e+00
      0.022     -0.002     4.0734     47.347     38.351  36.604477    17.4600     1.8135     0.1278     0.7614 6.4004e+02     3.2707      0.021      0.031    22.7210 0.0000e+00
      0.021     -0.003     4.0714     47.486     38.365  36.616401    17.4600     1.8097     0.1278     0.7614 1.0564e+03     3.2405      0.020      0.029    22.7206 0.0000e+00
      0.020     -0.003     4.0713     47.665     38.375  36.624441    17.5500     1.8174     0.1278     0.8460 7.1056e+02     3.3009      0.019      0.028    22.7199 0.0000e+00
      0.019     -0.003     4.0747     47.884     38.375  36.622773    17.5500     1.7945     0.1278     0.8460 8.2874e+02     3.2707      0.018      0.027    22.7188 0.0000e+00
      0.018     -0.004     4.0828     48.154     38.365  36.610952    17.5500     1.7945     0.1278     0.8460 8.0881e+02     3.2103      0.018      0.026    22.7172 0.0000e+00
      0.018     -0.004     4.0949     48.503     38.336  36.579849    17.5500     1.9318     0.1278     0.8460 8.5026e+02     3.3311      0.017      0.025    22.7155 0.0000e+00
      0.017     -0.005     4.1105     48.981     38.276  36.519178    17.4600     1.9356     0.1278     0.7191 1.3593e+03     3.2707      0.016      0.024    22.7135 0.0000e+00
      0.016     -0.005     4.1296     49.688     38.178  36.418736    17.4600     1.9280     0.1278     0.7191 9.7480e+02     3.3009      0.015      0.022    22.7111 0.0000e+00
      0.014     -0.006     4.1532     50.794     38.011  36.249747    17.4600     1.9242     0.1278     0.7191 6.7036e+02     3.2707      0.013      0.020    22.7080 0.0000e+00
      0.012     -0.006     4.1837     52.561     37.751  35.987068    17.4600     2.0005     0.1278     0.7191 7.9332e+02     3.3009      0.012      0.017    22.7041 0.0000e+00
      0.010     -0.006     4.2255     55.440     37.450  35.676195    17.4600     2.0005     0.1278     0.7191 1.0516e+03     3.2254      0.010      0.015    22.6985 0.0000e+00
      0.009     -0.005     4.2874     60.083     37.215  35.423475    17.4600     2.0234     0.1278     0.7191 1.0366e+03     3.3311      0.008      0.012    22.6902 0.0000e+00
      0.007     -0.004     4.3842     66.884     37.083  35.269086    17.4600     2.0081     0.1278     0.7191 9.6720e+02     3.2103      0.007      0.011    22.6771 0.0000e+00
      0.007     -0.003     4.5389     75.356     37.001  35.169864    17.4600     2.0882     0.1278     0.7191 1.6023e+03     3.2556      0.006      0.009    22.6563 0.0000e+00
