Data/DataNotYetUploadedToEDI/Raw_CTD/RawDownloads/060126_fcr10_S7809003.cnv
* Sea-Bird SBE19plus  Data File:
* FileName = C:\R\Reservoirs\Data\DataNotYetUploadedToEDI\Raw_CTD\RawDownloads\062926_fcr50_S7809_0003.hex
* Software version 2.8.0.119
* Temperature SN = 7809
* Conductivity SN = 7809
* System UpLoad Time = Jun 30 2026 08:59:41
* <ApplicationData>
* <Seaterm232>
# nquan = 15
# nvalues = 444                         
# units = specified
# name 0 = depFM: Depth [fresh water, m]
# name 1 = dz/dtM: Descent Rate [m/s]
# name 2 = sbeox0Mg/L: Oxygen, SBE 43 [mg/l]
# name 3 = sbeox0PS: Oxygen, SBE 43 [% saturation]
# name 4 = specc: Specific Conductance [uS/cm]
# name 5 = c0uS/cm: Conductivity [uS/cm]
# name 6 = flECO-AFL: Fluorescence, WET Labs ECO-AFL/FL [mg/m^3]
# name 7 = ph: pH
# name 8 = orp: Oxidation Reduction Potential [mV]
# name 9 = par/sat/log: PAR/Logarithmic, Satlantic
# name 10 = turbWETntu0: Turbidity, WET Labs ECO [NTU]
# name 11 = prdM: Pressure, Strain Gauge [db]
# name 12 = prdE: Pressure, Strain Gauge [psi]
# name 13 = tv290C: Temperature [ITS-90, deg C]
# name 14 = flag:  0.000e+00
# span 0 =     -0.477,      2.264       
# span 1 =     -0.053,      0.206       
# span 2 =    -0.5268,    11.2180       
# span 3 =     -5.118,    126.986       
# span 4 =     35.742,     57.574       
# span 5 =  33.525126,  48.221417       
# span 6 =    -0.0265,    48.8198       
# span 7 =     10.321,     12.268       
# span 8 =  -270.2146,    47.3217       
# span 9 = 2.1081e-01, 3.9588e+02       
# span 10 =     0.5485,   120.4747      
# span 11 =     -0.487,      2.223      
# span 12 =     -0.706,      3.223      
# span 13 =    16.7949,    22.3316      
# span 14 = 0.0000e+00, 0.0000e+00      
# interval = seconds: 0.25
# start_time = Jun 01 2026 13:24:29 [Instrument's time stamp, header]
# bad_flag = -9.990e-29
*END*
[from data line 290]
      1.384      0.019     5.2142     57.359     40.247  35.772979     6.9009     11.731    33.0433 1.7713e+01     8.0024      1.357      1.968    19.4698 0.0000e+00
      1.388      0.021     5.2366     57.510     40.279  35.807346     6.8868     11.724    33.5961 1.7635e+01     7.9562      1.361      1.975    19.4428 0.0000e+00
      1.393      0.023     5.2519     57.719     40.308  35.837541     6.9277     11.716    34.0659 1.7527e+01     8.0583      1.364      1.979    19.4276 0.0000e+00
      1.398      0.026     5.2620     57.970     40.283  35.820810     7.0127     11.708    34.5084 1.7302e+01     8.2470      1.370      1.985    19.4268 0.0000e+00
      1.407      0.028     5.2734     58.169     40.253  35.795420     7.0491     11.702    34.9876 1.6990e+01     8.2565      1.379      2.001    19.4380 0.0000e+00
      1.416      0.028     5.2841     58.249     40.244  35.784353     7.0178     11.696    35.3854 1.6708e+01     8.1731      1.390      2.016    19.4464 0.0000e+00
      1.425      0.027     5.3027     58.190     40.219  35.750435     6.9679     11.689    35.7039 1.6475e+01     8.0927      1.398      2.027    19.4484 0.0000e+00
      1.431      0.026     5.3298     57.942     40.192  35.702559     6.9359     11.683    36.0863 1.6323e+01     8.0693      1.405      2.038    19.4585 0.0000e+00
      1.436      0.024     5.3496     57.483     40.169  35.649605     6.9483     11.677    36.4805 1.6230e+01     8.1293      1.409      2.044    19.4605 0.0000e+00
      1.441      0.024     5.3573     56.917     40.170  35.617732     6.9424     11.671    36.7707 1.6092e+01     8.1013      1.411      2.047    19.4549 0.0000e+00
      1.446      0.025     5.3546     56.356     40.223  35.634389     6.8813     11.665    37.0146 1.5908e+01     8.0727      1.418      2.055    19.4476 0.0000e+00
      1.452      0.027     5.3380     55.841     40.285  35.660619     6.8001     11.659    37.2781 1.5684e+01     8.0905      1.424      2.065    19.4152 0.0000e+00
      1.461      0.030     5.2953     55.410     40.343  35.681033     6.7519     11.653    37.5473 1.5388e+01     8.1118      1.431      2.076    19.3681 0.0000e+00
      1.470      0.035     5.2431     55.075     40.392  35.690826     6.7645     11.647    37.7751 1.5119e+01     8.1933      1.442      2.092    19.3279 0.0000e+00
      1.479      0.041     5.1953     54.732     40.453  35.715536     6.7612     11.641    37.8814 1.4923e+01     8.1538      1.451      2.104    19.2912 0.0000e+00
      1.487      0.047     5.1503     54.238     40.568  35.789407     6.6866     11.634    38.0576 1.4625e+01     7.9421      1.457      2.113    19.2565 0.0000e+00
      1.499      0.051     5.1117     53.469     40.638  35.822557     6.6112     11.627    38.3567 1.4106e+01     7.7850      1.468      2.128    19.2205 0.0000e+00
      1.515      0.055     5.0901     52.243     40.577  35.735608     6.5989     11.620    38.4871 1.3441e+01     7.7574      1.484      2.154    19.1736 0.0000e+00
      1.534      0.059     5.0684     50.483     40.431  35.562925     6.6046     11.613    38.5154 1.2852e+01     7.7458      1.506      2.184    19.1369 0.0000e+00
      1.550      0.061     5.0265     48.325     40.288  35.384288     6.5226     11.606    38.6126 1.2439e+01     7.6785      1.522      2.207    19.1089 0.0000e+00
      1.564      0.061     4.9678     45.965     40.242  35.288779     6.3640     11.600    38.7163 1.2031e+01     7.6612      1.532      2.222    19.0709 0.0000e+00
      1.579      0.060     4.8622     43.629     40.309  35.296356     6.2854     11.593    38.8231 1.1599e+01     7.7414      1.548      2.245    19.0350 0.0000e+00
      1.595      0.057     4.6961     41.651     40.424  35.348934     6.2883     11.586    39.0436 1.1261e+01     7.7604      1.566      2.270    18.9821 0.0000e+00
      1.609      0.055     4.4972     40.412     40.549  35.416845     6.1656     11.580    39.3163 1.0963e+01     7.7203      1.578      2.289    18.9084 0.0000e+00
      1.624      0.053     4.2772     40.065     40.659  35.482915     5.9090     11.572    39.4532 1.0669e+01     7.6993      1.592      2.309    18.8389 0.0000e+00
      1.637      0.051     4.0544     40.361     40.717  35.513244     5.7491     11.564    39.4947 1.0461e+01     7.7463      1.607      2.331    18.7780 0.0000e+00
      1.648      0.049     3.8598     40.890     40.754  35.529731     5.7227     11.556    39.6465 1.0263e+01     7.8791      1.615      2.343    18.7154 0.0000e+00
      1.659      0.047     3.7405     41.326     40.795  35.555343     5.5646     11.549    39.9110 9.9522e+00     7.9041      1.625      2.356    18.6615 0.0000e+00
      1.673      0.044     3.7227     41.461     40.804  35.569105     5.2266     11.543    40.0261 9.6648e+00     7.7753      1.643      2.382    18.6252 0.0000e+00
      1.685      0.040     3.7674     41.219     40.778  35.569235     5.0238     11.535    40.0917 9.5027e+00     7.6882      1.654      2.399    18.6033 0.0000e+00
      1.695      0.037     3.8285     40.702     40.743  35.556944     4.9940     11.528    40.3602 9.3651e+00     7.7733      1.661      2.409    18.5860 0.0000e+00
      1.704      0.032     3.8772     40.079     40.727  35.547415     4.9576     11.522    40.6909 9.2299e+00     7.9506      1.672      2.424    18.5641 0.0000e+00
      1.711      0.028     3.8936     39.503     40.764  35.580925     4.8836     11.517    40.9926 9.1447e+00     7.9533      1.679      2.435    18.5711 0.0000e+00
      1.716      0.025     3.8623     39.111     40.833  35.644861     4.8151     11.512    41.3408 9.0758e+00     7.7711      1.683      2.440    18.6111 0.0000e+00
      1.721      0.025     3.8057     38.983     40.880  35.685973     4.7788     11.506    41.7173 8.9708e+00     7.6604      1.688      2.446    18.6412 0.0000e+00
      1.726      0.026     3.7434     39.087     40.898  35.697310     4.7607     11.498    41.9313 8.8503e+00     7.6746      1.693      2.455    18.6371 0.0000e+00
      1.732      0.027     3.6843     39.257     40.933  35.718484     4.7122     11.491    41.9496 8.7406e+00     7.8052      1.699      2.463    18.6359 0.0000e+00
      1.740      0.027     3.6446     39.318     40.983  35.751622     4.6010     11.485    42.1109 8.6084e+00     7.9760      1.706      2.474    18.6453 0.0000e+00
      1.750      0.028     3.6324     39.147     41.031  35.780706     4.5070     11.480    42.5048 8.4571e+00     7.9971      1.716      2.489    18.6437 0.0000e+00
      1.758      0.028     3.6503     38.690     41.094  35.816321     4.4826     11.475    42.8406 8.3704e+00     7.9581      1.725      2.502    18.6405 0.0000e+00
      1.763      0.030     3.6726     38.014     41.181  35.864963     4.5141     11.470    42.9875 8.3217e+00     8.1191      1.728      2.507    18.6268 0.0000e+00
      1.768      0.033     3.6834     37.242     41.281  35.924644     4.5721     11.466    42.9910 8.2063e+00     8.4416      1.733      2.513    18.6117 0.0000e+00
      1.775      0.038     3.6708     36.411     41.358  35.966829     4.5837     11.461    42.9679 8.0466e+00     8.5774      1.741      2.525    18.5997 0.0000e+00
      1.785      0.043     3.6272     35.526     41.488  36.057736     4.5537     11.454    43.0528 7.8556e+00     8.5315      1.748      2.536    18.5786 0.0000e+00
      1.799      0.049     3.5603     34.628     41.971  36.452709     4.6011     11.447    43.2431 7.6155e+00     8.9110      1.762      2.557    18.5415 0.0000e+00
      1.814      0.055     3.4906     33.677     43.030  37.315945     4.7246     11.441    43.3754 7.3887e+00     9.6824      1.781      2.584    18.5053 0.0000e+00
      1.829      0.060     3.4160     32.571     44.377  38.372811     4.7819     11.436    43.4485 7.1824e+00    10.0700      1.794      2.602    18.4790 0.0000e+00
      1.844      0.064     3.3311     31.225     45.436  39.141444     4.7198     11.432    43.6105 6.9487e+00     9.9761      1.807      2.621    18.4493 0.0000e+00
      1.860      0.064     3.2497     29.398     46.022  39.501829     4.2397     11.427    43.8721 6.6819e+00     9.3334      1.823      2.643    18.4333 0.0000e+00
      1.880      0.063     3.1687     26.570     46.444  39.747346     3.4290     11.421    44.1157 6.4010e+00     8.3799      1.842      2.671    18.3872 0.0000e+00
      1.900      0.064     3.0739     22.300     47.079  40.205942     3.0246     11.412    44.1475 6.1793e+00     7.9765      1.865      2.705    18.2475 0.0000e+00
      1.915      0.064     2.9643     16.871     47.769  40.730998     3.0217     11.403    44.1705 6.0569e+00     7.9748      1.880      2.726    18.0667 0.0000e+00
      1.925      0.062     2.8205     11.152     48.082  40.955016     3.1773     11.395    44.3937 5.9347e+00     7.9494      1.886      2.736    17.9007 0.0000e+00
      1.938      0.057     2.5814      5.823     48.166  41.010509     3.4577     11.388    44.6956 5.7204e+00     7.9428      1.897      2.752    17.7736 0.0000e+00
      1.958      0.050     2.1704      1.292     48.334  41.148061     3.6234     11.380    44.9806 5.4854e+00     8.0314      1.922      2.786    17.6910 0.0000e+00
      1.977      0.043     1.6132     -2.146     48.515  41.285337     3.6664     11.371    45.1723 5.3452e+00     8.1677      1.944      2.818    17.6233 0.0000e+00
      1.987      0.037     1.0507     -4.300     48.527  41.273992     3.6607     11.362    45.3793 5.2980e+00     8.1211      1.951      2.829    17.5701 0.0000e+00
      1.990      0.032     0.5297     -5.118     48.377  41.137806     3.5632     11.353    45.5903 5.2795e+00     7.9463      1.953      2.832    17.5618 0.0000e+00
      1.992      0.027     0.0856     -4.839     48.241  41.034997     3.4284     11.344    45.6580 5.2565e+00     7.8647      1.954      2.834    17.5707 0.0000e+00
      1.996      0.026    -0.2469     -3.910     48.004  40.856026     3.4034     11.335    45.5097 5.2149e+00     7.9551      1.957      2.837    17.5484 0.0000e+00
      2.003      0.030    -0.4591     -2.762     47.630  40.560547     3.7190     11.325    45.3461 5.1263e+00     8.2868      1.964      2.848    17.5166 0.0000e+00
      2.013      0.035    -0.5268     -1.622     47.473  40.445318     7.1110     11.314    45.4012 5.0005e+00     9.9959      1.974      2.864    17.5026 0.0000e+00
      2.024      0.040    -0.4842     -0.547     47.505  40.478295    13.3284     11.303    45.4876 4.8573e+00    12.8381      1.985      2.879    17.5249 0.0000e+00
      2.037      0.041    -0.3785      0.430     47.568  40.515020    16.7703     11.293    45.5301 4.6996e+00    14.3337      1.998      2.898    17.5514 0.0000e+00
      2.049      0.040    -0.2620      1.277     47.701  40.572012    17.8228     11.284    45.5711 4.5630e+00    15.5429      2.011      2.916    17.5748 0.0000e+00
      2.060      0.038    -0.1528      1.990     47.918  40.659582    25.9543     11.276    45.6389 4.4645e+00    27.7652      2.021      2.931    17.6018 0.0000e+00
      2.069      0.034    -0.0489      2.565     48.138  40.748640    40.7628     11.267    45.8339 4.3919e+00    49.9681      2.029      2.943    17.6046 0.0000e+00
      2.076      0.029     0.0453      2.942     48.212  40.760164    48.7605     11.258    46.0358 4.3339e+00    61.9945      2.037      2.953    17.5980 0.0000e+00
      2.083      0.025     0.1271      3.089     48.257  40.798846    48.8198     11.249    46.1877 4.2867e+00    63.6263      2.043      2.963    17.5433 0.0000e+00
      2.088      0.021     0.1937      3.016     48.651  41.152885    41.8456     11.241    46.3794 4.2376e+00    71.5766      2.049      2.971    17.4253 0.0000e+00
      2.093      0.019     0.2540      2.750     49.577  41.930935    28.9897     11.232    46.5468 4.1863e+00    86.1116      2.053      2.977    17.2989 0.0000e+00
      2.097      0.017     0.2908      2.351     50.658  42.780291    21.9481     11.224    46.5763 4.1531e+00    93.8490      2.057      2.983    17.2451 0.0000e+00
      2.100      0.016     0.3042      1.906     51.443  43.361493    20.8357     11.217    46.5643 4.1256e+00    92.5055      2.060      2.987    17.2608 0.0000e+00
      2.105      0.016     0.2965      1.492     52.333  44.070692    15.4977     11.210    46.6594 4.0816e+00    70.7217      2.064      2.993    17.2972 0.0000e+00
      2.109      0.016     0.2686      1.137     53.774  45.261339     5.8389     11.203    46.7804 4.0352e+00    30.9456      2.069      3.001    17.3168 0.0000e+00
      2.112      0.017     0.2276      0.835     55.245  46.458215     0.6009     11.196    46.9087 3.9992e+00     9.3971      2.072      3.005    17.2289 0.0000e+00
      2.116      0.017     0.1821      0.582     56.143  47.178759     0.1386     11.189    47.0066 3.9612e+00     7.4848      2.074      3.008    17.1156 0.0000e+00
      2.121      0.018     0.1419      0.409     56.484  47.434426     0.0746     11.180    47.1030 3.9244e+00     7.1065      2.079      3.016    17.0948 0.0000e+00
      2.126      0.018     0.1074      0.310     56.499  47.390900     0.0200     11.171    47.2998 3.8914e+00     5.6087      2.086      3.026    17.0980 0.0000e+00
      2.131      0.018     0.0802      0.249     56.060  46.969844    -0.0142     11.162    47.3217 3.8459e+00     3.1412      2.090      3.032    17.0365 0.0000e+00
      2.136      0.017     0.0524      0.200     55.102  46.152540    -0.0145     11.152    47.0229 3.7843e+00     1.9361      2.095      3.038    17.0043 0.0000e+00
      2.141      0.016     0.0369      0.153     53.703  45.000078    -0.0086     11.140    46.6988 3.7122e+00     1.8664      2.099      3.045    17.0066 0.0000e+00
      2.145      0.014     0.0289      0.103     51.857  43.509860    -0.0103     11.128    46.5865 3.6293e+00     1.4778      2.104      3.052    16.9314 0.0000e+00
      2.149      0.013     0.0239      0.058     50.202  42.226360    -0.0265     11.115    46.5252 3.5424e+00     0.7896      2.107      3.056    16.8712 0.0000e+00
      2.151      0.011     0.0194      0.034     49.378  41.668507    -0.0212     11.101    45.8719 3.4470e+00     0.5485      2.109      3.059    16.8668 0.0000e+00
      2.153      0.010     0.0149      0.047     49.236  41.652366    -0.0040     11.085    43.9363 3.3442e+00     1.1253      2.112      3.063    16.8819 0.0000e+00
      2.155      0.010     0.0105      0.184     49.416  41.840922     0.0233     11.070    40.9322 3.2402e+00     6.4653      2.114      3.066    16.9296 0.0000e+00
      2.157      0.010     0.0041      0.542     49.741  42.107754     0.0751     11.056    37.7694 3.1015e+00    16.1292      2.116      3.068    17.0378 0.0000e+00
      2.159      0.011     0.0032      1.080     50.124  42.403262     0.0980     11.042    34.5187 2.8900e+00    21.5050      2.117      3.071    17.2038 0.0000e+00
      2.162      0.012     0.0009      1.700     50.433  42.621126     0.1753     11.030    29.8490 2.5915e+00    24.2212      2.120      3.074    17.3272 0.0000e+00
      2.165      0.013     0.0080      2.303     50.664  42.774258     1.0011     11.017    23.9839 2.2610e+00    49.0385      2.123      3.080    17.3449 0.0000e+00
      2.170      0.013     0.0460      2.749     50.951  42.985268     2.4831     11.005    18.8421 1.9810e+00    94.3055      2.128      3.087    17.3272 0.0000e+00
      2.175      0.012     0.1017      2.959     51.165  43.141262     3.2713     10.993    13.7110 1.7774e+00   118.8602      2.133      3.093    17.3011 0.0000e+00
      2.179      0.010     0.1623      2.933     51.115  43.073506     3.3235     10.981     7.8022 1.6710e+00   120.4747      2.136      3.099    17.2502 0.0000e+00
      2.180      0.008     0.2284      2.700     51.042  42.991154     3.4803     10.970     2.7228 1.6415e+00   115.2274      2.138      3.102    17.2047 0.0000e+00
