Data/DataNotYetUploadedToEDI/Raw_CTD/RawDownloads/060126_fcr30_S7809005.cnv
* Sea-Bird SBE19plus  Data File:
* FileName = C:\R\Reservoirs\Data\DataNotYetUploadedToEDI\Raw_CTD\RawDownloads\062926_fcr50_S7809_0005.hex
* Software version 2.8.0.119
* Temperature SN = 7809
* Conductivity SN = 7809
* System UpLoad Time = Jun 30 2026 09:00:27
* <ApplicationData>
* <Seaterm232>
# nquan = 15
# nvalues = 580                         
# units = specified
# name 0 = depFM: Depth [fresh water, m]
# name 1 = dz/dtM: Descent Rate [m/s]
# name 2 = sbeox0Mg/L: Oxygen, SBE 43 [mg/l]
# name 3 = sbeox0PS: Oxygen, SBE 43 [% saturation]
# name 4 = specc: Specific Conductance [uS/cm]
# name 5 = c0uS/cm: Conductivity [uS/cm]
# name 6 = flECO-AFL: Fluorescence, WET Labs ECO-AFL/FL [mg/m^3]
# name 7 = ph: pH
# name 8 = orp: Oxidation Reduction Potential [mV]
# name 9 = par/sat/log: PAR/Logarithmic, Satlantic
# name 10 = turbWETntu0: Turbidity, WET Labs ECO [NTU]
# name 11 = prdM: Pressure, Strain Gauge [db]
# name 12 = prdE: Pressure, Strain Gauge [psi]
# name 13 = tv290C: Temperature [ITS-90, deg C]
# name 14 = flag:  0.000e+00
# span 0 =     -0.655,      4.614       
# span 1 =     -0.038,      0.336       
# span 2 =    -0.1995,    10.3875       
# span 3 =     -1.783,    117.391       
# span 4 =      1.310,     53.984       
# span 5 =   1.152723,  39.059633       
# span 6 =    -0.1074,    10.3519       
# span 7 =     10.114,     12.356       
# span 8 =  -128.1340,    24.9061       
# span 9 = 2.6292e+00, 1.6978e+03       
# span 10 =     1.2715,   247.9764      
# span 11 =     -0.643,      4.525      
# span 12 =     -0.933,      6.563      
# span 13 =     9.4803,    22.8572      
# span 14 = 0.0000e+00, 0.0000e+00      
# interval = seconds: 0.25
# start_time = Jun 01 2026 13:46:11 [Instrument's time stamp, header]
# bad_flag = -9.990e-29
*END*
     -0.654 1.9539e-09     8.2425     88.924      1.311   1.153329    -0.0570     10.292  -128.1340 5.4370e+02     2.3108     -0.641     -0.930    18.9971 0.0000e+00
     -0.655 2.1493e-08     8.2411     88.919      1.321   1.162432    -0.0895     10.158  -115.5478 4.7986e+02     2.1610     -0.642     -0.932    18.9971 0.0000e+00
     -0.655 2.3642e-07     8.2446     88.914      1.321   1.162382    -0.1074     10.114  -106.5346 5.1026e+02     2.1844     -0.642     -0.932    18.9974 0.0000e+00
     -0.655      0.000     8.2498     88.914      1.310   1.152723    -0.0979     10.170  -105.9698 6.3181e+02     2.0471     -0.642     -0.931    18.9978 0.0000e+00
     -0.655      0.000     8.2487     88.901      1.332   1.172332    -0.0667     10.247  -105.5352 7.5876e+02     1.8674     -0.642     -0.931    18.9983 0.0000e+00
     -0.655      0.000     8.2482     88.856      1.589   1.399464    -0.0301     10.288  -102.3978 8.5122e+02     1.8901     -0.642     -0.931    18.9987 0.0000e+00
     -0.655      0.003     8.2472     88.808      4.705   4.152324     0.0208     10.308   -95.3973 9.1961e+02     2.0828     -0.642     -0.931    18.9993 0.0000e+00
     -0.655      0.018     8.2474     88.768     16.555  14.690174     0.2650     10.405   -71.5697 9.9726e+02     2.5578     -0.642     -0.931    18.9997 0.0000e+00
     -0.655      0.054     8.2484     88.714     32.205  28.849195     0.6760     10.654   -43.4230 1.0966e+03     3.2604     -0.642     -0.932    19.0001 0.0000e+00
     -0.654      0.112     8.2412     88.627     39.095  35.546641     0.9034     10.960   -44.1691 1.2224e+03     3.6444     -0.643     -0.931    19.0007 0.0000e+00
     -0.642      0.185     8.2372     88.577     39.008  36.063949     1.0003     11.208   -68.2009 1.2688e+03     3.7838     -0.642     -0.933    19.0012 0.0000e+00
     -0.595      0.256     8.2332     88.708     38.475  35.993084     1.6394     11.391   -80.6909 1.1975e+03     4.2289     -0.605     -0.878    19.0045 0.0000e+00
     -0.499      0.311     8.1534     89.082     38.090  35.895947     2.7539     11.528   -80.2364 1.2881e+03     4.9267     -0.499     -0.722    19.4635 0.0000e+00
     -0.374      0.336     7.9810     89.662     37.868  35.841580     3.3559     11.630   -79.3112 1.5416e+03     5.3897     -0.366     -0.531    20.4849 0.0000e+00
     -0.250      0.324     7.8368     90.352     37.773  35.843555     3.4342     11.705   -77.7636 1.5071e+03     5.5227     -0.234     -0.340    21.3332 0.0000e+00
     -0.152      0.278     7.7720     91.040     37.721  35.856503     3.6671     11.763   -75.6341 1.2489e+03     5.5440     -0.134     -0.195    21.8379 0.0000e+00
     -0.091      0.209     7.7559     91.639     37.616  35.807860     4.0916     11.808   -73.8689 1.1490e+03     5.5100     -0.078     -0.114    22.1668 0.0000e+00
     -0.064      0.137     7.7833     92.109     37.456  35.699634     4.3130     11.843   -72.5961 1.1397e+03     5.3856     -0.056     -0.081    22.3471 0.0000e+00
     -0.058      0.078     7.8305     92.426     37.285  35.563209     4.3220     11.872   -71.3449 1.1194e+03     5.3721     -0.056     -0.082    22.4538 0.0000e+00
     -0.058      0.038     7.8829     92.567     37.132  35.427365     4.2580     11.897   -69.8395 1.0709e+03     5.5859     -0.058     -0.084    22.5231 0.0000e+00
     -0.056      0.018     7.9244     92.564     37.027  35.326139     4.1224     11.922   -68.2466 9.7102e+02     5.7507     -0.056     -0.081    22.5948 0.0000e+00
     -0.052      0.011     7.9558     92.483     36.996  35.291014     4.0379     11.944   -66.7983 9.2688e+02     5.6907     -0.051     -0.074    22.6576 0.0000e+00
     -0.048      0.010     7.9797     92.383     37.032  35.319903     4.0021     11.963   -65.5776 9.5663e+02     5.5427     -0.047     -0.067    22.6940 0.0000e+00
     -0.044      0.010     7.9885     92.270     37.076  35.358186     3.9732     11.982   -64.5871 9.5852e+02     5.4992     -0.042     -0.063    22.7030 0.0000e+00
     -0.042      0.010     7.9874     92.155     37.094  35.373204     3.9044     12.001   -63.7706 9.3927e+02     5.6429     -0.040     -0.060    22.6992 0.0000e+00
     -0.042      0.009     7.9783     92.062     37.094  35.374579     3.7698     12.017   -62.9325 9.3711e+02     5.8795     -0.041     -0.059    22.6907 0.0000e+00
     -0.040      0.008     7.9726     91.999     37.088  35.374807     3.6944     12.031   -62.0243 9.1820e+02     5.9340     -0.040     -0.058    22.6825 0.0000e+00
     -0.037      0.006     7.9623     91.961     37.080  35.375971     3.7086     12.044   -61.0498 8.9894e+02     5.8237     -0.036     -0.052    22.6778 0.0000e+00
     -0.033      0.003     7.9523     91.996     37.083  35.388670     3.9745     12.056   -60.0973 9.1276e+02     5.7419     -0.032     -0.045    22.6743 0.0000e+00
     -0.031      0.001     7.9438     92.326     37.087  35.401473     4.4788     12.067   -59.3711 9.3308e+02     5.6627     -0.029     -0.043    22.6749 0.0000e+00
     -0.033     -0.001     7.9379     93.171     37.082  35.403884     4.7382     12.076   -58.7226 9.4461e+02     5.5148     -0.032     -0.047    22.6828 0.0000e+00
     -0.037     -0.002     7.9319     94.182     37.089  35.417832     4.7377     12.084   -57.9351 9.5512e+02     5.3538     -0.036     -0.052    22.6964 0.0000e+00
     -0.039     -0.002     7.9271     94.725     37.111  35.443230     4.7312     12.091   -57.1618 9.5869e+02     5.2529     -0.038     -0.055    22.7108 0.0000e+00
     -0.039     -0.002     7.9393     94.759     37.121  35.457176     4.7348     12.097   -56.6001 9.5351e+02     5.2178     -0.039     -0.056    22.7228 0.0000e+00
     -0.038     -0.001     8.0212     94.514     37.119  35.459567     4.7477     12.102   -56.1332 9.5297e+02     5.2709     -0.037     -0.054    22.7330 0.0000e+00
     -0.036     -0.001     8.1415     93.991     37.129  35.472151     4.7455     12.107   -55.5614 9.5383e+02     5.2807     -0.035     -0.051    22.7418 0.0000e+00
     -0.036     -0.001     8.1794     93.160     37.137  35.482426     4.6758     12.113   -54.8485 9.3848e+02     5.2332     -0.034     -0.050    22.7490 0.0000e+00
     -0.037     -0.001     8.1695     92.057     37.108  35.456909     4.5535     12.118   -54.2250 9.2068e+02     5.2774     -0.036     -0.052    22.7545 0.0000e+00
     -0.039      0.000     8.1530     90.764     37.064  35.417430     4.4990     12.122   -53.7008 9.1827e+02     5.4053     -0.038     -0.056    22.7597 0.0000e+00
     -0.040      0.002     8.1073     89.493     37.029  35.385789     4.5240     12.127   -53.1568 9.3263e+02     5.5503     -0.040     -0.058    22.7638 0.0000e+00
     -0.039      0.005     8.0333     88.434     36.970  35.328125     4.5069     12.132   -52.8101 9.5254e+02     5.5609     -0.039     -0.057    22.7677 0.0000e+00
     -0.037      0.007     7.9373     87.611     36.869  35.227801     4.4331     12.135   -52.6057 9.5886e+02     5.4308     -0.036     -0.052    22.7713 0.0000e+00
     -0.033      0.007     7.8178     87.019     36.765  35.124486     4.3895     12.137   -52.4062 9.5052e+02     5.3437     -0.032     -0.046    22.7739 0.0000e+00
     -0.029      0.006     7.6993     86.648     36.735  35.094111     4.4038     12.139   -52.2056 9.4287e+02     5.3959     -0.029     -0.042    22.7760 0.0000e+00
     -0.028      0.004     7.6114     86.473     36.757  35.114323     4.4225     12.142   -51.9002 9.4247e+02     5.4472     -0.027     -0.039    22.7753 0.0000e+00
     -0.029      0.004     7.5398     86.467     36.691  35.051637     4.4079     12.147   -51.5534 9.3773e+02     5.3495     -0.028     -0.041    22.7697 0.0000e+00
     -0.031      0.005     7.4904     86.552     36.541  34.907196     4.3943     12.151   -51.1969 9.2723e+02     5.2385     -0.030     -0.044    22.7630 0.0000e+00
     -0.031      0.008     7.4602     86.555     36.463  34.827172     4.4078     12.155   -50.7721 9.2446e+02     5.2674     -0.031     -0.045    22.7596 0.0000e+00
     -0.028      0.011     7.4453     86.315     36.491  34.845433     4.4375     12.158   -50.2888 9.4514e+02     5.4254     -0.029     -0.043    22.7590 0.0000e+00
     -0.023      0.014     7.4464     85.816     36.530  34.874192     4.5031     12.163   -49.8282 9.7866e+02     5.5444     -0.022     -0.032    22.7606 0.0000e+00
     -0.017      0.014     7.4592     85.118     36.584  34.921090     4.5776     12.167   -49.5044 9.7022e+02     5.4759     -0.015     -0.022    22.7612 0.0000e+00
     -0.012      0.013     7.4681     84.351     36.701  35.031790     4.5887     12.172   -49.2992 9.1765e+02     5.3488     -0.012     -0.016    22.7535 0.0000e+00
     -0.008      0.010     7.4471     83.676     36.805  35.134059     4.5961     12.176   -48.9819 8.7451e+02     5.3735     -0.007     -0.010    22.7393 0.0000e+00
     -0.006      0.007     7.4054     83.184     36.810  35.142459     4.6505     12.180   -48.5072 8.4855e+02     5.4331     -0.004     -0.006    22.7262 0.0000e+00
     -0.007      0.004     7.3422     82.872     36.798  35.133363     4.6961     12.183   -48.1196 8.6538e+02     5.4542     -0.006     -0.009    22.7191 0.0000e+00
     -0.008      0.001     7.2696     82.717     36.814  35.150973     4.6982     12.186   -47.7369 8.9500e+02     5.4921     -0.009     -0.015    22.7189 0.0000e+00
     -0.007     -0.004     7.2086     82.708     36.694  35.038157     4.6681     12.189   -47.2360 8.6910e+02     5.4136     -0.008     -0.012    22.7230 0.0000e+00
     -0.005     -0.014     7.1655     82.800     36.563  34.911355     4.5902     12.191   -46.6234 8.4420e+02     5.3238     -0.004     -0.005    22.7297 0.0000e+00
     -0.005     -0.026     7.1401     83.003     36.674  35.013653     4.4636     12.193   -45.9229 8.3440e+02     5.2952     -0.004     -0.007    22.7337 0.0000e+00
     -0.009     -0.035     7.1246     83.418     36.866  35.196433     4.3865     12.194   -45.3904 8.3284e+02     5.2384     -0.005     -0.007    22.7365 0.0000e+00
     -0.023     -0.038     7.1266     84.114     36.952  35.281362     4.3569     12.197   -45.0891 8.7512e+02     5.1842     -0.016     -0.023    22.7410 0.0000e+00
     -0.047     -0.036     7.1350     84.994     36.944  35.279158     4.2294     12.201   -44.7758 9.0721e+02     5.1527     -0.050     -0.071    22.7370 0.0000e+00
     -0.067     -0.028     7.1493     85.813     36.892  35.233241     4.0443     12.203   -44.3555 8.5453e+02     5.1981     -0.074     -0.106    22.7288 0.0000e+00
     -0.072     -0.018     7.1818     86.393     36.825  35.170326     3.9753     12.205   -43.9652 7.5383e+02     5.2210     -0.074     -0.108    22.7282 0.0000e+00
     -0.065     -0.008     7.2436     86.703     36.742  35.089478     3.9690     12.206   -43.6695 6.7788e+02     5.1220     -0.064     -0.092    22.7334 0.0000e+00
     -0.055     -0.001     7.3288     86.834     36.669  35.017082     3.9347     12.209   -43.3612 6.4671e+02     5.0260     -0.052     -0.074    22.7410 0.0000e+00
     -0.051     -0.001     7.4035     86.915     36.647  34.992906     3.9524     12.212   -42.9914 6.5864e+02     5.0846     -0.047     -0.068    22.7478 0.0000e+00
     -0.054     -0.006     7.4541     87.034     36.707  35.050958     4.0504     12.214   -42.5537 6.9785e+02     5.2508     -0.052     -0.075    22.7502 0.0000e+00
     -0.060     -0.012     7.4779     87.242     36.805  35.147959     4.1289     12.216   -42.0268 7.4548e+02     5.3269     -0.058     -0.085    22.7470 0.0000e+00
     -0.068     -0.014     7.4849     87.535     36.801  35.150579     4.1271     12.218   -41.6117 7.8420e+02     5.2530     -0.066     -0.096    22.7415 0.0000e+00
     -0.075     -0.012     7.4908     87.803     36.725  35.082650     4.1036     12.219   -41.4057 7.9930e+02     5.1775     -0.076     -0.110    22.7370 0.0000e+00
     -0.079     -0.008     7.4994     87.896     36.725  35.088015     4.1103     12.222   -41.1714 7.8576e+02     5.2330     -0.080     -0.116    22.7357 0.0000e+00
     -0.076     -0.003     7.5158     87.737     36.785  35.152003     4.1263     12.224   -40.8434 7.5391e+02     5.3099     -0.073     -0.106    22.7421 0.0000e+00
     -0.073      0.001     7.5432     87.371     36.785  35.158412     4.1387     12.225   -40.6234 7.2195e+02     5.2876     -0.068     -0.099    22.7522 0.0000e+00
     -0.073      0.004     7.5715     86.920     36.723  35.102070     4.1177     12.227   -40.4901 6.9626e+02     5.2361     -0.071     -0.105    22.7583 0.0000e+00
     -0.073      0.004     7.5808     86.481     36.658  35.041806     4.0722     12.229   -40.0923 6.8166e+02     5.3372     -0.073     -0.106    22.7648 0.0000e+00
     -0.071      0.003     7.5643     86.156     36.613  35.000795     4.0554     12.230   -39.4265 6.8799e+02     5.5191     -0.069     -0.100    22.7758 0.0000e+00
     -0.069      0.003     7.5261     86.088     36.595  34.986887     4.0641     12.231   -38.8935 7.1140e+02     5.5570     -0.067     -0.097    22.7854 0.0000e+00
     -0.069      0.004     7.4843     86.325     36.606  35.000549     4.0693     12.232   -38.6385 7.3571e+02     5.4537     -0.069     -0.099    22.7893 0.0000e+00
     -0.068      0.004     7.4449     86.777     36.643  35.039094     4.0435     12.233   -38.4948 7.5297e+02     5.3286     -0.067     -0.098    22.7905 0.0000e+00
     -0.067      0.004     7.4096     87.286     36.674  35.072253     4.0268     12.235   -38.2738 7.6148e+02     5.3425     -0.065     -0.095    22.7933 0.0000e+00
     -0.066      0.005     7.4020     87.706     36.618  35.020788     4.0590     12.236   -38.0318 7.5549e+02     5.4851     -0.065     -0.094    22.7971 0.0000e+00
     -0.066      0.005     7.4250     87.922     36.384  34.797523     4.0829     12.237   -37.8054 7.3643e+02     5.5849     -0.065     -0.094    22.8010 0.0000e+00
     -0.065      0.003     7.4689     87.837     36.042  34.466505     4.0489     12.236   -37.5154 7.1601e+02     5.5238     -0.065     -0.094    22.8052 0.0000e+00
     -0.062     -0.002     7.5165     87.415     35.824  34.254191     3.9982     12.236   -37.2789 7.1249e+02     5.3609     -0.061     -0.089    22.8099 0.0000e+00
     -0.059     -0.007     7.5546     86.725     35.833  34.260706     3.9861     12.237   -37.0965 7.4013e+02     5.3229     -0.056     -0.081    22.8157 0.0000e+00
     -0.061     -0.011     7.5768     85.957     35.934  34.354943     3.9933     12.237   -36.9448 7.9118e+02     5.3723     -0.058     -0.084    22.8161 0.0000e+00
     -0.069     -0.013     7.5717     85.323     35.898  34.315033     4.0018     12.238   -36.8217 8.4058e+02     5.2747     -0.068     -0.098    22.8074 0.0000e+00
     -0.078     -0.015     7.5349     84.922     35.675  34.095377     4.0223     12.239   -36.6400 8.7076e+02     5.1000     -0.078     -0.113    22.8021 0.0000e+00
     -0.084     -0.017     7.4687     84.699     35.495  33.919639     4.0334     12.241   -36.4686 8.7511e+02     5.0365     -0.084     -0.122    22.8024 0.0000e+00
     -0.084     -0.018     7.3958     84.547     35.546  33.966626     4.0525     12.243   -36.2987 8.5328e+02     5.1207     -0.083     -0.120    22.7984 0.0000e+00
     -0.083     -0.017     7.3389     84.402     35.747  34.155939     4.0875     12.244   -36.0481 8.1728e+02     5.2640     -0.080     -0.116    22.7892 0.0000e+00
     -0.088     -0.015     7.3087     84.272     35.843  34.241837     4.0821     12.246   -35.8471 7.8189e+02     5.2666     -0.084     -0.123    22.7791 0.0000e+00
     -0.097     -0.014     7.2942     84.184     35.719  34.116996     4.0454     12.247   -35.7611 7.6092e+02     5.1184     -0.095     -0.138    22.7742 0.0000e+00
     -0.104     -0.014     7.2823     84.033     35.514  33.915366     4.0267     12.247   -35.6110 7.6310e+02     5.0089     -0.103     -0.150    22.7754 0.0000e+00
     -0.106     -0.012     7.2714     83.678     35.367  33.770687     4.0554     12.248   -35.3228 7.9169e+02     5.0696     -0.105     -0.153    22.7711 0.0000e+00
