Data/DataNotYetUploadedToEDI/Raw_CTD/RawDownloads/060126_fcr10_S7809003.cnv
* Sea-Bird SBE19plus  Data File:
* FileName = C:\R\Reservoirs\Data\DataNotYetUploadedToEDI\Raw_CTD\RawDownloads\062926_fcr50_S7809_0003.hex
* Software version 2.8.0.119
* Temperature SN = 7809
* Conductivity SN = 7809
* System UpLoad Time = Jun 30 2026 08:59:41
* <ApplicationData>
* <Seaterm232>
# nquan = 15
# nvalues = 444                         
# units = specified
# name 0 = depFM: Depth [fresh water, m]
# name 1 = dz/dtM: Descent Rate [m/s]
# name 2 = sbeox0Mg/L: Oxygen, SBE 43 [mg/l]
# name 3 = sbeox0PS: Oxygen, SBE 43 [% saturation]
# name 4 = specc: Specific Conductance [uS/cm]
# name 5 = c0uS/cm: Conductivity [uS/cm]
# name 6 = flECO-AFL: Fluorescence, WET Labs ECO-AFL/FL [mg/m^3]
# name 7 = ph: pH
# name 8 = orp: Oxidation Reduction Potential [mV]
# name 9 = par/sat/log: PAR/Logarithmic, Satlantic
# name 10 = turbWETntu0: Turbidity, WET Labs ECO [NTU]
# name 11 = prdM: Pressure, Strain Gauge [db]
# name 12 = prdE: Pressure, Strain Gauge [psi]
# name 13 = tv290C: Temperature [ITS-90, deg C]
# name 14 = flag:  0.000e+00
# span 0 =     -0.477,      2.264       
# span 1 =     -0.053,      0.206       
# span 2 =    -0.5268,    11.2180       
# span 3 =     -5.118,    126.986       
# span 4 =     35.742,     57.574       
# span 5 =  33.525126,  48.221417       
# span 6 =    -0.0265,    48.8198       
# span 7 =     10.321,     12.268       
# span 8 =  -270.2146,    47.3217       
# span 9 = 2.1081e-01, 3.9588e+02       
# span 10 =     0.5485,   120.4747      
# span 11 =     -0.487,      2.223      
# span 12 =     -0.706,      3.223      
# span 13 =    16.7949,    22.3316      
# span 14 = 0.0000e+00, 0.0000e+00      
# interval = seconds: 0.25
# start_time = Jun 01 2026 13:24:29 [Instrument's time stamp, header]
# bad_flag = -9.990e-29
*END*
[from data line 193]
      0.746      0.031    11.1701    121.688     38.313  35.499365     8.6754     12.254     6.0866 3.8152e+01     6.8860      0.732      1.061    21.6279 0.0000e+00
      0.757      0.036    11.1010    120.828     38.296  35.473844     8.6431     12.255     6.0348 3.7485e+01     6.7779      0.743      1.077    21.5461 0.0000e+00
      0.766      0.041    11.0042    120.432     38.294  35.459867     8.6107     12.255     6.1464 3.7004e+01     6.7646      0.752      1.091    21.4225 0.0000e+00
      0.773      0.046    10.8798    120.361     38.307  35.457247     8.6998     12.256     6.2315 3.6572e+01     7.1007      0.758      1.099    21.3407 0.0000e+00
      0.783      0.049    10.7679    120.447     38.298  35.442145     8.9127     12.258     6.2038 3.5808e+01     7.6652      0.765      1.110    21.3128 0.0000e+00
      0.798      0.050    10.6872    120.598     38.258  35.404160     9.0376     12.259     6.2404 3.4898e+01     7.8510      0.782      1.135    21.3155 0.0000e+00
      0.816      0.048    10.6634    120.709     38.238  35.378656     9.0199     12.260     6.3302 3.4074e+01     7.7423      0.801      1.162    21.2960 0.0000e+00
      0.833      0.044    10.6689    120.699     38.262  35.387563     8.8149     12.261     6.4300 3.3427e+01     7.9903      0.817      1.186    21.2687 0.0000e+00
      0.845      0.038    10.6779    120.514     38.278  35.384934     8.4820     12.261     6.6720 3.3135e+01     8.6298      0.830      1.204    21.2648 0.0000e+00
      0.851      0.031    10.6954    120.135     38.253  35.346848     8.3241     12.261     6.9330 3.3107e+01     9.0858      0.837      1.213    21.2681 0.0000e+00
      0.854      0.025    10.7089    119.653     38.221  35.307733     8.3295     12.262     7.0908 3.3075e+01     9.1311      0.837      1.214    21.2600 0.0000e+00
      0.857      0.020    10.7136    119.205     38.205  35.292683     8.2893     12.262     7.2899 3.2924e+01     9.0073      0.839      1.217    21.2396 0.0000e+00
      0.863      0.017    10.7046    118.882     38.200  35.291779     8.2040     12.262     7.5333 3.2689e+01     8.9897      0.846      1.227    21.2167 0.0000e+00
      0.868      0.017    10.6711    118.702     38.212  35.296804     8.1636     12.262     7.7965 3.2485e+01     9.1231      0.852      1.235    21.1935 0.0000e+00
      0.872      0.017    10.6270    118.630     38.232  35.289980     8.1666     12.263     8.0637 3.2324e+01     9.2192      0.856      1.241    21.1791 0.0000e+00
      0.876      0.017    10.5832    118.591     38.261  35.272680     8.1489     12.265     8.1824 3.2201e+01     9.2640      0.861      1.248    21.1819 0.0000e+00
      0.880      0.016    10.5523    118.508     38.308  35.277925     8.0909     12.267     8.1132 3.2032e+01     9.3566      0.863      1.252    21.1922 0.0000e+00
      0.884      0.015    10.5383    118.288     38.335  35.289889     8.0655     12.268     8.0009 3.1701e+01     9.4847      0.866      1.256    21.1889 0.0000e+00
      0.889      0.015    10.5399    117.645     38.333  35.290419     8.0830     12.268     7.9434 3.1395e+01     9.6177      0.873      1.265    21.1589 0.0000e+00
      0.894      0.014    10.5553    116.315     38.324  35.284351     8.0856     12.268     7.8485 3.1255e+01     9.7009      0.878      1.272    21.0875 0.0000e+00
      0.897      0.013    10.5603    114.498     38.324  35.279966     8.0722     12.268     7.8855 3.1156e+01     9.6359      0.880      1.275    21.0212 0.0000e+00
      0.899      0.013    10.5522    112.654     38.360  35.300837     8.0453     12.268     8.1332 3.1027e+01     9.4813      0.881      1.278    21.0174 0.0000e+00
      0.902      0.013    10.5074    111.032     38.425  35.346343     8.0358     12.268     8.3482 3.0931e+01     9.4718      0.886      1.284    21.0290 0.0000e+00
      0.905      0.015    10.3785    109.651     38.483  35.386018     8.0488     12.268     8.5052 3.0912e+01     9.5200      0.889      1.289    21.0341 0.0000e+00
      0.907      0.017    10.1974    108.450     38.513  35.399835     8.0611     12.268     8.6547 3.0887e+01     9.4837      0.890      1.291    21.0296 0.0000e+00
      0.912      0.018    10.0323    107.420     38.512  35.386492     8.0672     12.267     8.8661 3.0686e+01     9.4772      0.892      1.295    21.0062 0.0000e+00
      0.920      0.018     9.8908    106.500     38.483  35.351572     8.0480     12.265     9.0824 3.0368e+01     9.4418      0.901      1.307    20.9884 0.0000e+00
      0.928      0.019     9.7746    105.457     38.497  35.358289     8.0369     12.265     9.2915 3.0197e+01     9.4304      0.912      1.321    20.9725 0.0000e+00
      0.932      0.020     9.6711    104.211     38.628  35.467702     7.9831     12.264     9.5866 3.0221e+01     9.4769      0.916      1.328    20.9518 0.0000e+00
      0.933      0.021     9.5800    102.981     38.795  35.595833     7.8303     12.263     9.8118 3.0300e+01     9.3551      0.915      1.327    20.9355 0.0000e+00
      0.935      0.021     9.5132    102.023     38.878  35.638501     7.7124     12.263     9.9489 3.0125e+01     9.1541      0.914      1.325    20.9254 0.0000e+00
      0.943      0.020     9.4239    101.377     38.867  35.602853     7.6724     12.262    10.1263 2.9667e+01     9.0961      0.922      1.338    20.9207 0.0000e+00
      0.953      0.019     9.3041    100.788     38.817  35.545481     7.6220     12.261    10.3215 2.9337e+01     9.1654      0.937      1.359    20.9137 0.0000e+00
      0.960      0.018     9.1913     99.910     38.780  35.515845     7.5525     12.260    10.5018 2.9237e+01     9.2747      0.944      1.368    20.8772 0.0000e+00
      0.962      0.014     9.1132     98.677     38.740  35.498323     7.5063     12.259    10.5861 2.9250e+01     9.2897      0.945      1.370    20.8230 0.0000e+00
      0.962      0.009     9.0706     97.320     38.669  35.460552     7.4794     12.258    10.5663 2.9297e+01     9.1763      0.944      1.369    20.7901 0.0000e+00
      0.963      0.006     9.0352     96.064     38.616  35.439897     7.4514     12.257    10.6059 2.9314e+01     9.0649      0.944      1.369    20.7748 0.0000e+00
      0.964      0.006     8.9588     95.170     38.669  35.502407     7.4431     12.255    10.7218 2.9324e+01     9.0709      0.946      1.372    20.7793 0.0000e+00
      0.966      0.010     8.8309     94.919     38.828  35.645335     7.4620     12.252    10.9348 2.9375e+01     9.1119      0.947      1.374    20.8070 0.0000e+00
      0.967      0.014     8.6983     95.307     38.980  35.772144     7.4550     12.248    11.2882 2.9439e+01     9.0478      0.949      1.376    20.8454 0.0000e+00
      0.971      0.018     8.5722     96.092     39.066  35.830084     7.4338     12.243    11.5533 2.9386e+01     9.1163      0.951      1.379    20.8905 0.0000e+00
      0.977      0.020     8.4738     96.884     39.101  35.838259     7.4473     12.237    11.7308 2.9176e+01     9.3589      0.956      1.387    20.9091 0.0000e+00
      0.986      0.021     8.4570     97.236     39.088  35.807505     7.4761     12.230    11.9719 2.8968e+01     9.4878      0.966      1.402    20.8992 0.0000e+00
      0.993      0.021     8.5012     96.872     39.068  35.775468     7.5072     12.222    12.2313 2.8908e+01     9.5815      0.975      1.415    20.8862 0.0000e+00
      0.997      0.022     8.5877     95.786     39.212  35.895029     7.5158     12.215    12.5445 2.8914e+01     9.6037      0.977      1.418    20.8563 0.0000e+00
      1.000      0.024     8.6825     94.232     39.604  36.237880     7.5464     12.208    12.8335 2.8882e+01     9.5515      0.980      1.422    20.8194 0.0000e+00
      1.004      0.027     8.7253     92.562     39.989  36.557930     7.6531     12.202    13.0570 2.8800e+01     9.6333      0.984      1.426    20.7968 0.0000e+00
      1.010      0.031     8.6972     91.045     40.151  36.655573     7.7403     12.198    13.2683 2.8505e+01     9.7043      0.988      1.432    20.7802 0.0000e+00
      1.020      0.033     8.5921     89.739     40.147  36.593527     7.7510     12.193    13.4103 2.7974e+01     9.6932      0.998      1.448    20.7665 0.0000e+00
      1.033      0.034     8.4429     88.368     40.101  36.505630     7.6584     12.188    13.5696 2.7465e+01     9.6697      1.014      1.470    20.7523 0.0000e+00
      1.045      0.032     8.2911     86.600     40.099  36.481090     7.5020     12.184    13.8178 2.7138e+01     9.6936      1.027      1.489    20.7155 0.0000e+00
      1.052      0.029     8.1620     84.465     40.112  36.487133     7.4418     12.179    14.0877 2.6984e+01     9.8106      1.034      1.500    20.6467 0.0000e+00
      1.057      0.025     8.0681     82.210     40.075  36.451786     7.4549     12.173    14.2515 2.6918e+01     9.8548      1.038      1.505    20.5622 0.0000e+00
      1.061      0.022     7.9724     80.154     39.991  36.370967     7.3774     12.166    14.3365 2.6832e+01     9.6817      1.041      1.508    20.5004 0.0000e+00
      1.065      0.021     7.8108     78.588     39.948  36.334830     7.2040     12.159    14.4269 2.6692e+01     9.4254      1.043      1.512    20.4762 0.0000e+00
      1.070      0.022     7.6105     77.533     40.072  36.459020     7.0902     12.150    14.3976 2.6509e+01     9.3868      1.048      1.520    20.4750 0.0000e+00
      1.077      0.024     7.3988     77.002     40.374  36.730420     7.0829     12.137    14.3261 2.6298e+01     9.5215      1.056      1.531    20.4799 0.0000e+00
      1.084      0.027     7.1997     77.113     40.732  37.014745     6.9914     12.122    14.4238 2.6116e+01     9.4833      1.063      1.543    20.4660 0.0000e+00
      1.091      0.029     7.0642     77.769     40.987  37.168231     6.7907     12.104    14.6320 2.5968e+01     9.2662      1.071      1.553    20.4645 0.0000e+00
      1.098      0.031     6.9660     78.487     41.038  37.126671     6.6869     12.085    14.8645 2.5810e+01     9.1167      1.076      1.561    20.4932 0.0000e+00
      1.105      0.034     6.9089     78.669     40.933  36.956300     6.6521     12.066    15.0833 2.5620e+01     9.1453      1.083      1.572    20.5015 0.0000e+00
      1.113      0.037     6.9271     77.942     40.778  36.757986     6.4868     12.049    15.1270 2.5340e+01     9.4070      1.092      1.583    20.4518 0.0000e+00
      1.123      0.040     7.0193     76.293     40.692  36.632396     6.2024     12.034    15.0481 2.4936e+01     9.6840      1.100      1.596    20.3420 0.0000e+00
      1.135      0.041     7.1232     74.033     40.752  36.643331     6.0355     12.020    15.2486 2.4471e+01     9.6935      1.113      1.615    20.2212 0.0000e+00
      1.149      0.039     7.1646     71.638     40.855  36.699789     6.0081     12.009    16.0029 2.4040e+01     9.5905      1.127      1.635    20.1297 0.0000e+00
      1.161      0.035     7.1089     69.509     40.923  36.743903     6.0547     12.000    17.1980 2.3684e+01     9.5655      1.139      1.652    20.0609 0.0000e+00
      1.171      0.029     6.9553     67.823     40.976  36.795963     6.1825     11.990    18.5137 2.3434e+01     9.5963      1.149      1.666    20.0054 0.0000e+00
      1.176      0.024     6.7408     66.652     40.988  36.821634     6.2473     11.981    19.4358 2.3334e+01     9.5538      1.155      1.674    19.9521 0.0000e+00
      1.179      0.019     6.5141     66.029     40.954  36.800496     6.2214     11.971    19.3982 2.3310e+01     9.4276      1.156      1.677    19.9015 0.0000e+00
      1.180      0.017     6.3202     65.873     40.940  36.794214     6.2019     11.961    18.6613 2.3225e+01     9.3685      1.156      1.677    19.8778 0.0000e+00
      1.182      0.019     6.1636     66.040     41.015  36.872587     6.2040     11.951    18.0979 2.3082e+01     9.4190      1.159      1.680    19.8898 0.0000e+00
      1.187      0.022     6.0502     66.375     41.128  36.986677     6.2132     11.941    18.2648 2.2914e+01     9.4917      1.164      1.689    19.9189 0.0000e+00
      1.194      0.027     5.9964     66.716     41.249  37.094973     6.2129     11.931    19.2168 2.2669e+01     9.4278      1.170      1.697    19.9274 0.0000e+00
      1.203      0.030     5.9877     66.996     41.355  37.166716     6.1926     11.921    20.4024 2.2372e+01     9.2273      1.178      1.709    19.9245 0.0000e+00
      1.213      0.031     6.0041     67.196     41.392  37.156087     6.2170     11.912    21.2429 2.2131e+01     9.0484      1.189      1.726    19.9455 0.0000e+00
      1.222      0.031     6.0393     67.179     41.372  37.093317     6.3168     11.903    21.7210 2.1937e+01     9.0069      1.199      1.739    19.9668 0.0000e+00
      1.231      0.031     6.0717     66.730     41.286  36.978790     6.3922     11.894    22.3969 2.1749e+01     9.1019      1.207      1.750    19.9692 0.0000e+00
      1.237      0.031     6.0984     65.731     41.113  36.786570     6.4044     11.886    23.6508 2.1617e+01     9.1038      1.214      1.761    19.9431 0.0000e+00
      1.242      0.032     6.1297     64.243     40.890  36.545846     6.4565     11.877    25.0087 2.1494e+01     8.9279      1.218      1.768    19.8778 0.0000e+00
      1.249      0.034     6.1441     62.427     40.719  36.352451     6.5895     11.867    26.0812 2.1255e+01     8.8190      1.224      1.775    19.8163 0.0000e+00
      1.259      0.036     6.1121     60.472     40.685  36.288309     6.6889     11.858    26.8960 2.0912e+01     8.8810      1.235      1.790    19.7812 0.0000e+00
      1.270      0.038     6.0231     58.621     40.765  36.341339     6.7266     11.848    27.5475 2.0580e+01     8.9257      1.246      1.807    19.7375 0.0000e+00
      1.282      0.038     5.8876     57.086     40.860  36.422531     6.8456     11.839    28.1934 2.0257e+01     8.7437      1.257      1.823    19.6813 0.0000e+00
      1.293      0.038     5.7225     55.940     40.883  36.445120     7.0441     11.830    28.7682 1.9913e+01     8.4236      1.268      1.840    19.6314 0.0000e+00
      1.302      0.037     5.5397     55.204     40.860  36.424111     7.1720     11.821    29.1637 1.9616e+01     8.2992      1.277      1.853    19.5865 0.0000e+00
      1.311      0.034     5.3641     54.857     40.858  36.422331     7.2261     11.812    29.5333 1.9356e+01     8.3670      1.285      1.864    19.5597 0.0000e+00
      1.319      0.032     5.2232     54.816     40.857  36.423584     7.2741     11.804    29.9676 1.9117e+01     8.3561      1.293      1.875    19.5627 0.0000e+00
      1.327      0.030     5.1158     54.989     40.802  36.375810     7.3107     11.797    30.1991 1.8915e+01     8.2020      1.301      1.886    19.5696 0.0000e+00
      1.334      0.029     5.0493     55.307     40.709  36.288868     7.3026     11.789    30.1814 1.8723e+01     8.0070      1.308      1.899    19.5673 0.0000e+00
      1.341      0.027     5.0207     55.666     40.614  36.197245     7.2926     11.781    30.1829 1.8549e+01     7.9795      1.316      1.909    19.5644 0.0000e+00
      1.348      0.025     5.0202     55.999     40.506  36.092862     7.3148     11.776    30.3894 1.8393e+01     8.1420      1.323      1.918    19.5710 0.0000e+00
      1.355      0.024     5.0361     56.304     40.395  35.978543     7.2543     11.770    30.7858 1.8264e+01     8.2295      1.329      1.928    19.5742 0.0000e+00
      1.360      0.023     5.0705     56.552     40.325  35.893667     7.0858     11.763    31.1047 1.8177e+01     8.1498      1.334      1.936    19.5662 0.0000e+00
      1.365      0.021     5.1078     56.757     40.278  35.828006     6.9663     11.757    31.3193 1.8070e+01     8.0322      1.337      1.939    19.5593 0.0000e+00
      1.370      0.020     5.1357     56.946     40.218  35.755657     6.9588     11.751    31.5732 1.7934e+01     8.0367      1.343      1.948    19.5500 0.0000e+00
      1.376      0.018     5.1700     57.101     40.188  35.716832     6.9787     11.745    31.9378 1.7839e+01     8.1020      1.351      1.959    19.5306 0.0000e+00
