Data/DataNotYetUploadedToEDI/Raw_CTD/RawDownloads/060126_fcr40_S7809006.cnv
* Sea-Bird SBE19plus  Data File:
* FileName = C:\R\Reservoirs\Data\DataNotYetUploadedToEDI\Raw_CTD\RawDownloads\062926_fcr50_S7809_0006.hex
* Software version 2.8.0.119
* Temperature SN = 7809
* Conductivity SN = 7809
* System UpLoad Time = Jun 30 2026 09:01:00
* <ApplicationData>
* <Seaterm232>
# nquan = 15
# nvalues = 1105                        
# units = specified
# name 0 = depFM: Depth [fresh water, m]
# name 1 = dz/dtM: Descent Rate [m/s]
# name 2 = sbeox0Mg/L: Oxygen, SBE 43 [mg/l]
# name 3 = sbeox0PS: Oxygen, SBE 43 [% saturation]
# name 4 = specc: Specific Conductance [uS/cm]
# name 5 = c0uS/cm: Conductivity [uS/cm]
# name 6 = flECO-AFL: Fluorescence, WET Labs ECO-AFL/FL [mg/m^3]
# name 7 = ph: pH
# name 8 = orp: Oxidation Reduction Potential [mV]
# name 9 = par/sat/log: PAR/Logarithmic, Satlantic
# name 10 = turbWETntu0: Turbidity, WET Labs ECO [NTU]
# name 11 = prdM: Pressure, Strain Gauge [db]
# name 12 = prdE: Pressure, Strain Gauge [psi]
# name 13 = tv290C: Temperature [ITS-90, deg C]
# name 14 = flag:  0.000e+00
# span 0 =     -0.647,      5.590       
# span 1 =     -0.031,      0.275       
# span 2 =    -0.1893,    10.5841       
# span 3 =     -1.713,    122.890       
# span 4 =      1.691,     53.557       
# span 5 =   1.500287,  39.170094       
# span 6 =    -0.0476,     8.6478       
# span 7 =     10.127,     12.420       
# span 8 =   -67.6495,  1239.8939       
# span 9 = 9.3149e-01, 2.6646e+03       
# span 10 =     0.0797,   122.6684      
# span 11 =     -0.636,      5.483      
# span 12 =     -0.923,      7.952      
# span 13 =     9.1795,    23.1564      
# span 14 = 0.0000e+00, 0.0000e+00      
# interval = seconds: 0.25
# start_time = Jun 01 2026 13:55:15 [Instrument's time stamp, header]
# bad_flag = -9.990e-29
*END*
[from data line 579]
      1.936      0.010     4.5599     44.761     38.862  32.597870     3.3082     11.423    51.5919 4.9406e+01     2.7291      1.899      2.754    16.9379 0.0000e+00
      1.937      0.008     4.4989     44.325     38.867  32.610453     3.2960     11.419    51.6318 4.9322e+01     2.8862      1.900      2.755    16.9336 0.0000e+00
      1.939      0.007     4.4389     43.976     38.855  32.611605     3.3306     11.414    51.7311 4.9256e+01     3.0115      1.901      2.758    16.9311 0.0000e+00
      1.940      0.008     4.3796     43.733     38.843  32.611812     3.3353     11.410    51.8453 4.9213e+01     2.9117      1.902      2.759    16.9292 0.0000e+00
      1.941      0.010     4.3286     43.618     38.839  32.612974     3.3029     11.407    51.8947 4.9171e+01     2.7052      1.903      2.760    16.9346 0.0000e+00
      1.942      0.013     4.2856     43.632     38.860  32.625653     3.2882     11.403    51.9842 4.9082e+01     2.6315      1.905      2.763    16.9449 0.0000e+00
      1.946      0.015     4.2499     43.789     38.889  32.638229     3.3081     11.400    52.0673 4.8742e+01     2.6357      1.908      2.766    16.9604 0.0000e+00
      1.952      0.016     4.2234     44.106     38.901  32.638136     3.3270     11.396    52.1253 4.8186e+01     2.7215      1.914      2.775    16.9786 0.0000e+00
      1.958      0.016     4.2124     44.550     38.891  32.624515     3.2999     11.393    52.2542 4.7780e+01     2.8148      1.922      2.787    16.9859 0.0000e+00
      1.964      0.015     4.2136     44.993     38.870  32.600407     3.2545     11.391    52.3352 4.7631e+01     2.8083      1.927      2.795    16.9777 0.0000e+00
      1.967      0.012     4.2296     45.294     38.882  32.600399     3.2449     11.388    52.4169 4.7537e+01     2.8131      1.929      2.798    16.9582 0.0000e+00
      1.968      0.009     4.2620     45.379     38.919  32.624413     3.2660     11.385    52.4670 4.7395e+01     2.8728      1.929      2.798    16.9431 0.0000e+00
      1.969      0.007     4.3104     45.234     38.938  32.636987     3.2856     11.382    52.4253 4.7295e+01     2.8472      1.931      2.801    16.9412 0.0000e+00
      1.971      0.006     4.3599     44.913     38.926  32.625549     3.2734     11.377    52.5149 4.7221e+01     2.7081      1.933      2.803    16.9329 0.0000e+00
      1.972      0.006     4.3919     44.476     38.911  32.612994     3.2350     11.372    52.6897 4.7153e+01     2.5918      1.934      2.804    16.9166 0.0000e+00
      1.972      0.007     4.4022     43.925     38.910  32.612059     3.2215     11.368    52.7319 4.7098e+01     2.6705      1.934      2.804    16.9073 0.0000e+00
      1.973      0.010     4.3863     43.339     38.912  32.614253     3.2188     11.365    52.6817 4.6945e+01     2.8407      1.935      2.805    16.9038 0.0000e+00
      1.976      0.013     4.3512     42.839     38.942  32.639515     3.2022     11.362    52.6846 4.6737e+01     2.8728      1.938      2.811    16.9024 0.0000e+00
      1.980      0.016     4.3122     42.455     38.974  32.663737     3.1950     11.359    52.7656 4.6536e+01     2.8538      1.941      2.816    16.9024 0.0000e+00
      1.984      0.020     4.2552     42.186     38.967  32.653356     3.1731     11.356    52.8019 4.6208e+01     2.8163      1.945      2.821    16.9032 0.0000e+00
      1.990      0.023     4.1918     42.007     38.963  32.640879     3.0957     11.354    52.7796 4.5807e+01     2.8293      1.952      2.831    16.9046 0.0000e+00
      1.997      0.026     4.1446     41.896     38.979  32.639747     2.9754     11.350    52.7537 4.5457e+01     2.9078      1.958      2.841    16.9050 0.0000e+00
      2.004      0.027     4.1068     41.862     38.994  32.639646     2.8923     11.345    52.7462 4.5013e+01     2.8773      1.964      2.850    16.9020 0.0000e+00
      2.012      0.027     4.0822     41.867     39.002  32.639637     2.8723     11.341    52.8620 4.4509e+01     2.8364      1.973      2.862    16.8971 0.0000e+00
      2.020      0.025     4.0678     41.817     39.009  32.639637     2.8591     11.339    52.9492 4.4045e+01     2.8581      1.980      2.872    16.8866 0.0000e+00
      2.028      0.021     4.0570     41.642     39.014  32.639638     2.8409     11.337    52.9399 4.3610e+01     2.8656      1.989      2.884    16.8621 0.0000e+00
      2.034      0.017     4.0564     41.321     39.021  32.639639     2.8189     11.334    53.0076 4.3377e+01     2.7906      1.996      2.896    16.8443 0.0000e+00
      2.037      0.013     4.0617     40.879     39.036  32.639639     2.7841     11.330    53.0793 4.3386e+01     2.6347      1.998      2.898    16.8416 0.0000e+00
      2.037      0.011     4.0598     40.386     39.056  32.639632     2.7863     11.326    53.1189 4.3420e+01     2.5862      1.998      2.897    16.8317 0.0000e+00
      2.037      0.011     4.0439     39.881     39.071  32.639529     2.8210     11.323    53.1415 4.3319e+01     2.6817      1.997      2.897    16.8252 0.0000e+00
      2.039      0.012     4.0128     39.380     39.076  32.638386     2.8290     11.319    53.0947 4.3079e+01     2.7307      2.000      2.900    16.8246 0.0000e+00
      2.043      0.013     3.9676     38.915     39.063  32.625804     2.8000     11.316    53.1552 4.2751e+01     2.6662      2.003      2.906    16.8052 0.0000e+00
      2.049      0.014     3.9208     38.486     39.051  32.614270     2.7201     11.313    53.3573 4.2465e+01     2.6880      2.009      2.914    16.7770 0.0000e+00
      2.055      0.013     3.8738     38.068     39.067  32.625813     2.6446     11.311    53.4733 4.2291e+01     2.8915      2.016      2.924    16.7633 0.0000e+00
      2.059      0.012     3.8231     37.660     39.088  32.638492     2.6365     11.310    53.5256 4.2154e+01     3.0438      2.019      2.929    16.7589 0.0000e+00
      2.061      0.010     3.7783     37.281     39.101  32.640677     2.6386     11.308    53.6448 4.2073e+01     3.0608      2.021      2.931    16.7555 0.0000e+00
      2.062      0.009     3.7383     36.956     39.124  32.652212     2.5866     11.305    53.7967 4.2067e+01     2.9938      2.022      2.932    16.7549 0.0000e+00
      2.063      0.009     3.6973     36.704     39.128  32.651079     2.5070     11.301    53.8990 4.2072e+01     2.9168      2.023      2.934    16.7549 0.0000e+00
      2.064      0.011     3.6576     36.496     39.100  32.626970     2.4830     11.297    53.8499 4.1989e+01     2.9497      2.023      2.934    16.7483 0.0000e+00
      2.066      0.013     3.6211     36.317     39.089  32.614483     2.5058     11.293    53.7188 4.1746e+01     2.9815      2.026      2.938    16.7335 0.0000e+00
      2.071      0.014     3.5889     36.160     39.112  32.626973     2.4912     11.290    53.6911 4.1359e+01     2.8919      2.030      2.944    16.7218 0.0000e+00
      2.077      0.013     3.5667     35.993     39.152  32.651092     2.4233     11.287    53.6862 4.0879e+01     2.7882      2.036      2.953    16.7183 0.0000e+00
      2.083      0.011     3.5473     35.836     39.162  32.652332     2.3592     11.284    53.7459 4.0534e+01     2.8210      2.044      2.964    16.7195 0.0000e+00
      2.087      0.008     3.5282     35.710     39.154  32.641950     2.3558     11.282    53.9827 4.0484e+01     2.9460      2.048      2.970    16.7176 0.0000e+00
      2.087      0.005     3.5179     35.574     39.165  32.652445     2.3911     11.280    54.1403 4.0537e+01     2.9679      2.047      2.969    16.7049 0.0000e+00
      2.085      0.002     3.5003     35.411     39.156  32.652349     2.3949     11.276    54.1892 4.0559e+01     2.8126      2.045      2.966    16.6924 0.0000e+00
      2.084      0.001     3.4837     35.219     39.130  32.640804     2.3681     11.273    54.3156 4.0573e+01     2.6398      2.044      2.964    16.6837 0.0000e+00
      2.083      0.003     3.4760     34.991     39.117  32.639744     2.3582     11.269    54.4631 4.0519e+01     2.6543      2.042      2.962    16.6759 0.0000e+00
      2.084      0.006     3.4615     34.773     39.114  32.639545     2.3752     11.266    54.5110 4.0394e+01     2.7840      2.044      2.965    16.6795 0.0000e+00
      2.086      0.008     3.4450     34.624     39.117  32.638402     2.3997     11.263    54.4641 4.0151e+01     2.7730      2.046      2.967    16.6893 0.0000e+00
      2.090      0.010     3.4265     34.549     39.104  32.625922     2.4041     11.260    54.4123 3.9821e+01     2.6231      2.049      2.972    16.7031 0.0000e+00
      2.095      0.011     3.4014     34.582     39.087  32.615522     2.4120     11.257    54.4018 3.9654e+01     2.6111      2.056      2.982    16.7215 0.0000e+00
      2.098      0.011     3.3761     34.758     39.108  32.639545     2.4453     11.255    54.5079 3.9637e+01     2.7649      2.059      2.986    16.7245 0.0000e+00
      2.100      0.010     3.3645     35.005     39.134  32.662623     2.4821     11.252    54.5771 3.9576e+01     2.8434      2.059      2.986    16.7131 0.0000e+00
      2.101      0.010     3.3560     35.249     39.117  32.640793     2.4993     11.249    54.5500 3.9480e+01     2.7743      2.061      2.988    16.7093 0.0000e+00
      2.104      0.010     3.3547     35.437     39.117  32.629365     2.4866     11.246    54.6968 3.9394e+01     2.6469      2.063      2.993    16.7165 0.0000e+00
      2.106      0.010     3.3765     35.518     39.154  32.651311     2.4869     11.244    54.8888 3.9250e+01     2.6347      2.065      2.995    16.7276 0.0000e+00
      2.109      0.010     3.4022     35.488     39.162  32.652362     2.4691     11.242    54.9790 3.9075e+01     2.6954      2.068      2.999    16.7317 0.0000e+00
      2.113      0.010     3.4276     35.324     39.157  32.642067     2.4134     11.239    55.0985 3.8960e+01     2.6633      2.073      3.006    16.7208 0.0000e+00
      2.115      0.010     3.4506     35.009     39.187  32.653717     2.3802     11.235    55.2156 3.8897e+01     2.6224      2.075      3.009    16.7032 0.0000e+00
      2.117      0.010     3.4580     34.616     39.226  32.666313     2.3507     11.233    55.2766 3.8867e+01     2.5769      2.076      3.011    16.6884 0.0000e+00
      2.119      0.010     3.4562     34.211     39.245  32.667461     2.3221     11.231    55.3205 3.8774e+01     2.5234      2.078      3.013    16.6854 0.0000e+00
      2.122      0.011     3.4430     33.786     39.251  32.667576     2.2595     11.228    55.4012 3.8587e+01     2.5220      2.080      3.017    16.6828 0.0000e+00
      2.125      0.013     3.4094     33.347     39.251  32.667699     2.1426     11.226    55.4776 3.8419e+01     2.5251      2.085      3.023    16.6637 0.0000e+00
      2.129      0.015     3.3703     32.909     39.253  32.668949     2.0655     11.223    55.4704 3.8194e+01     2.5269      2.087      3.026    16.6319 0.0000e+00
      2.133      0.016     3.3344     32.470     39.270  32.682685     2.0510     11.220    55.4854 3.7854e+01     2.5443      2.091      3.032    16.6090 0.0000e+00
      2.138      0.016     3.2925     32.061     39.297  32.706909     2.1010     11.217    55.5734 3.7529e+01     2.5983      2.096      3.041    16.6083 0.0000e+00
      2.143      0.015     3.2481     31.699     39.299  32.708072     2.1783     11.214    55.6749 3.7261e+01     2.6336      2.102      3.048    16.6104 0.0000e+00
      2.147      0.014     3.2076     31.376     39.292  32.696747     2.1951     11.211    55.7654 3.7049e+01     2.5951      2.106      3.054    16.6083 0.0000e+00
      2.149      0.014     3.1622     31.099     39.298  32.696851     2.1876     11.208    55.8072 3.6863e+01     2.6106      2.107      3.056    16.6079 0.0000e+00
      2.152      0.015     3.1215     30.856     39.312  32.709328     2.1798     11.206    55.8370 3.6664e+01     2.6849      2.109      3.059    16.6118 0.0000e+00
      2.155      0.018     3.0877     30.637     39.324  32.720719     2.1420     11.204    55.8680 3.6459e+01     2.7424      2.113      3.065    16.6140 0.0000e+00
      2.159      0.021     3.0551     30.455     39.327  32.707708     2.0971     11.203    55.9231 3.6152e+01     2.7254      2.116      3.069    16.6028 0.0000e+00
      2.165      0.026     3.0299     30.293     39.343  32.678877     2.0612     11.202    55.9862 3.5698e+01     2.6149      2.122      3.078    16.5940 0.0000e+00
      2.173      0.033     3.0069     30.129     39.351  32.625835     1.9991     11.201    55.9431 3.5284e+01     2.5684      2.132      3.093    16.5967 0.0000e+00
      2.181      0.040     2.9830     29.977     39.371  32.573834     1.9129     11.199    55.9185 3.4974e+01     2.5389      2.139      3.102    16.6081 0.0000e+00
      2.189      0.045     2.9674     29.822     39.445  32.557579     1.8670     11.197    56.0331 3.4359e+01     2.4636      2.144      3.108    16.5960 0.0000e+00
      2.203      0.048     2.9571     29.619     39.534  32.556081     1.8443     11.196    56.2097 3.3348e+01     2.4094      2.159      3.131    16.5324 0.0000e+00
      2.222      0.048     2.9439     29.257     39.605  32.555621     1.7797     11.195    56.3327 3.2514e+01     2.3956      2.180      3.163    16.4551 0.0000e+00
      2.237      0.048     2.9356     28.554     39.647  32.551954     1.7094     11.193    56.3157 3.2006e+01     2.4680      2.194      3.182    16.3687 0.0000e+00
      2.248      0.050     2.9278     27.358     39.627  32.511690     1.6934     11.191    56.2637 3.1636e+01     2.4648      2.205      3.198    16.2643 0.0000e+00
      2.257      0.053     2.9174     25.627     39.587  32.449407     1.6872     11.189    56.3054 3.1382e+01     2.3564      2.215      3.213    16.1637 0.0000e+00
      2.264      0.055     2.8940     23.389     39.624  32.433264     1.6594     11.186    56.3901 3.0950e+01     2.3186      2.218      3.217    16.0867 0.0000e+00
      2.277      0.057     2.8338     20.825     39.699  32.443337     1.6153     11.183    56.4275 2.9959e+01     2.3842      2.227      3.230    16.0410 0.0000e+00
      2.300      0.060     2.7173     18.309     39.751  32.444248     1.5617     11.181    56.4134 2.8821e+01     2.5004      2.256      3.272    16.0212 0.0000e+00
      2.322      0.061     2.5474     16.111     39.790  32.444232     1.5347     11.178    56.3916 2.8176e+01     2.4942      2.282      3.309    15.9942 0.0000e+00
      2.337      0.061     2.3268     14.282     39.820  32.443100     1.5145     11.174    56.4226 2.7760e+01     2.3432      2.292      3.324    15.9236 0.0000e+00
      2.348      0.056     2.0583     12.837     39.826  32.430528     1.5009     11.171    56.5301 2.7210e+01     2.2456      2.302      3.338    15.8500 0.0000e+00
      2.362      0.051     1.8007     11.762     39.821  32.419088     1.5202     11.167    56.6580 2.6655e+01     2.2706      2.316      3.359    15.8012 0.0000e+00
      2.375      0.047     1.5867     10.989     39.852  32.431653     1.5311     11.164    56.6787 2.6225e+01     2.3035      2.329      3.380    15.7627 0.0000e+00
      2.385      0.047     1.4035     10.455     39.923  32.455554     1.5161     11.162    56.6938 2.5845e+01     2.2340      2.339      3.393    15.7321 0.0000e+00
      2.395      0.048     1.2615     10.064     39.978  32.454273     1.4799     11.160    56.8412 2.5434e+01     2.1132      2.348      3.405    15.7046 0.0000e+00
      2.407      0.051     1.1585      9.716     39.981  32.416109     1.4517     11.157    56.9116 2.4992e+01     2.1069      2.359      3.423    15.7027 0.0000e+00
      2.420      0.055     1.0824      9.378     39.977  32.374714     1.4662     11.154    56.8576 2.4509e+01     2.2259      2.373      3.441    15.7016 0.0000e+00
      2.434      0.060     1.0348      9.042     39.987  32.334360     1.4887     11.151    56.8757 2.3998e+01     2.3227      2.387      3.462    15.6492 0.0000e+00
