Data/DataNotYetUploadedToEDI/Raw_CTD/RawDownloads/060126_fcr30_S7809005.cnv
* Sea-Bird SBE19plus  Data File:
* FileName = C:\R\Reservoirs\Data\DataNotYetUploadedToEDI\Raw_CTD\RawDownloads\062926_fcr50_S7809_0005.hex
* Software version 2.8.0.119
* Temperature SN = 7809
* Conductivity SN = 7809
* System UpLoad Time = Jun 30 2026 09:00:27
* <ApplicationData>
* <Seaterm232>
# nquan = 15
# nvalues = 580                         
# units = specified
# name 0 = depFM: Depth [fresh water, m]
# name 1 = dz/dtM: Descent Rate [m/s]
# name 2 = sbeox0Mg/L: Oxygen, SBE 43 [mg/l]
# name 3 = sbeox0PS: Oxygen, SBE 43 [% saturation]
# name 4 = specc: Specific Conductance [uS/cm]
# name 5 = c0uS/cm: Conductivity [uS/cm]
# name 6 = flECO-AFL: Fluorescence, WET Labs ECO-AFL/FL [mg/m^3]
# name 7 = ph: pH
# name 8 = orp: Oxidation Reduction Potential [mV]
# name 9 = par/sat/log: PAR/Logarithmic, Satlantic
# name 10 = turbWETntu0: Turbidity, WET Labs ECO [NTU]
# name 11 = prdM: Pressure, Strain Gauge [db]
# name 12 = prdE: Pressure, Strain Gauge [psi]
# name 13 = tv290C: Temperature [ITS-90, deg C]
# name 14 = flag:  0.000e+00
# span 0 =     -0.655,      4.614       
# span 1 =     -0.038,      0.336       
# span 2 =    -0.1995,    10.3875       
# span 3 =     -1.783,    117.391       
# span 4 =      1.310,     53.984       
# span 5 =   1.152723,  39.059633       
# span 6 =    -0.1074,    10.3519       
# span 7 =     10.114,     12.356       
# span 8 =  -128.1340,    24.9061       
# span 9 = 2.6292e+00, 1.6978e+03       
# span 10 =     1.2715,   247.9764      
# span 11 =     -0.643,      4.525      
# span 12 =     -0.933,      6.563      
# span 13 =     9.4803,    22.8572      
# span 14 = 0.0000e+00, 0.0000e+00      
# interval = seconds: 0.25
# start_time = Jun 01 2026 13:46:11 [Instrument's time stamp, header]
# bad_flag = -9.990e-29
*END*
[from data line 482]
      3.607      0.031    -0.1801     -1.677     51.667  38.133890     0.7988     10.991   -51.4874 7.6538e+00     6.6813      3.540      5.134    11.8455 0.0000e+00
      3.617      0.032    -0.1820     -1.693     51.856  38.267584     0.7656     10.985   -52.2346 7.6440e+00     7.1857      3.550      5.149    11.8685 0.0000e+00
      3.622      0.035    -0.1826     -1.712     52.095  38.418508     0.7633     10.979   -53.3134 7.6530e+00     7.2899      3.553      5.153    11.8892 0.0000e+00
      3.626      0.040    -0.1820     -1.712     52.439  38.626016     0.7714     10.974   -54.4634 7.6456e+00     7.7368      3.554      5.156    11.8973 0.0000e+00
      3.633      0.048    -0.1793     -1.707     52.819  38.809228     0.7464     10.970   -55.3839 7.6035e+00     8.3526      3.561      5.166    11.9025 0.0000e+00
      3.643      0.057    -0.1827     -1.702     53.129  38.856698     0.7113     10.966   -56.2694 7.5425e+00     8.5874      3.570      5.177    11.9059 0.0000e+00
      3.663      0.063    -0.1863     -1.684     53.449  38.882476     0.6717     10.961   -57.2548 7.4445e+00     8.5609      3.589      5.205    11.8729 0.0000e+00
      3.690      0.063    -0.1852     -1.671     53.806  38.993751     0.6258     10.955   -58.0927 7.3386e+00     9.5694      3.621      5.252    11.8392 0.0000e+00
      3.713      0.059    -0.1842     -1.668     53.984  39.059633     0.5812     10.949   -58.9151 7.2771e+00    11.5569      3.645      5.285    11.7758 0.0000e+00
      3.727      0.055    -0.1867     -1.658     53.516  38.727056     0.5564     10.943   -59.8843 7.2550e+00    12.6426      3.657      5.304    11.5772 0.0000e+00
      3.733      0.051    -0.1836     -1.655     52.240  37.828323     0.5423     10.937   -60.8635 7.2472e+00    12.6540      3.663      5.313    11.3425 0.0000e+00
      3.735      0.049    -0.1824     -1.675     50.991  36.887026     0.5181     10.931   -61.8065 7.2260e+00    12.5151      3.660      5.309    11.2051 0.0000e+00
      3.744      0.049    -0.1845     -1.693     50.494  36.420268     0.5055     10.927   -62.6830 7.1761e+00    12.5684      3.667      5.318    11.1516 0.0000e+00
      3.764      0.050    -0.1818     -1.693     50.494  36.309280     0.4990     10.923   -63.5450 7.1076e+00    12.7865      3.690      5.351    11.1663 0.0000e+00
      3.786      0.051    -0.1798     -1.696     50.866  36.496764     0.4886     10.920   -64.3984 7.0451e+00    12.8971      3.716      5.389    11.2343 0.0000e+00
      3.801      0.054    -0.1842     -1.722     51.060  36.593032     0.4796     10.918   -65.0860 7.0008e+00    12.8467      3.730      5.410    11.2023 0.0000e+00
      3.809      0.055    -0.1877     -1.760     50.188  35.950272     0.4733     10.917   -65.7505 6.9746e+00    12.8260      3.736      5.417    11.0539 0.0000e+00
      3.817      0.055    -0.1868     -1.783     49.104  35.133880     0.4955     10.915   -66.4955 6.9552e+00    13.0224      3.743      5.428    10.9391 0.0000e+00
      3.827      0.054    -0.1862     -1.778     48.901  34.907355     0.5323     10.915   -67.2108 6.9042e+00    13.2742      3.750      5.438    10.8629 0.0000e+00
      3.847      0.053    -0.1900     -1.768     49.119  34.987935     0.5436     10.915   -67.9460 6.8197e+00    13.3772      3.769      5.466    10.8148 0.0000e+00
      3.870      0.052    -0.1958     -1.774     49.323  35.092890     0.5150     10.916   -68.5877 6.7657e+00    13.3119      3.799      5.511    10.8250 0.0000e+00
      3.885      0.050    -0.1988     -1.773     49.528  35.224576     0.4615     10.917   -69.2057 6.7523e+00    13.1684      3.813      5.530    10.7970 0.0000e+00
      3.892      0.049    -0.1981     -1.723     49.282  35.057316     0.4463     10.920   -69.9977 6.7345e+00    13.1440      3.816      5.534    10.6829 0.0000e+00
      3.897      0.048    -0.1953     -1.624     48.530  34.529891     0.4730     10.923   -70.6773 6.7135e+00    13.2560      3.822      5.543    10.5947 0.0000e+00
      3.905      0.048    -0.1978     -1.522     47.983  34.113779     0.4760     10.925   -71.1420 6.6771e+00    13.2923      3.828      5.552    10.5657 0.0000e+00
      3.920      0.049    -0.1995     -1.414     47.847  33.959887     0.4490     10.926   -71.6595 6.6099e+00    13.2080      3.843      5.573    10.5483 0.0000e+00
      3.940      0.049    -0.1951     -1.285     47.894  33.938058     0.4296     10.926   -72.2880 6.5484e+00    13.1248      3.866      5.606    10.5612 0.0000e+00
      3.957      0.044    -0.1796     -1.180     48.099  34.040135     0.4418     10.927   -72.8903 6.5064e+00    13.1401      3.883      5.632    10.5938 0.0000e+00
      3.969      0.039    -0.1693     -1.113     48.509  34.305788     0.4711     10.927   -73.5209 6.4811e+00    13.2224      3.894      5.648    10.5578 0.0000e+00
      3.976      0.035    -0.1604     -1.043     48.742  34.485235     0.4681     10.926   -74.2343 6.4796e+00    13.1969      3.902      5.659    10.4809 0.0000e+00
      3.977      0.033    -0.1415     -0.952     48.432  34.306401     0.4381     10.924   -74.8050 6.4768e+00    13.1743      3.900      5.657    10.4237 0.0000e+00
      3.979      0.035    -0.1298     -0.796     48.054  34.046999     0.4241     10.922   -75.0865 6.4536e+00    13.2215      3.899      5.654    10.3785 0.0000e+00
      3.989      0.039    -0.1256     -0.546     47.896  33.886726     0.4241     10.921   -75.2285 6.4146e+00    13.1537      3.909      5.668    10.3418 0.0000e+00
      4.005      0.045    -0.1168     -0.277     47.734  33.700870     0.4395     10.922   -75.4040 6.3670e+00    12.9689      3.928      5.697    10.3549 0.0000e+00
      4.021      0.054    -0.1083     -0.022     47.574  33.512783     0.4600     10.922   -75.5744 6.3256e+00    12.7634      3.945      5.722    10.4326 0.0000e+00
      4.034      0.063    -0.0951      0.242     47.518  33.388974     0.4553     10.921   -75.7395 6.2865e+00    12.6845      3.956      5.738    10.4526 0.0000e+00
      4.046      0.072    -0.0601      0.520     47.580  33.345820     0.4325     10.921   -75.8507 6.2329e+00    12.6645      3.966      5.752    10.3765 0.0000e+00
      4.062      0.081    -0.0298      0.846     47.629  33.308137     0.4179     10.920   -75.8011 6.1588e+00    12.1798      3.981      5.775    10.2956 0.0000e+00
      4.086      0.091    -0.0038      1.230     47.534  33.187054     0.4201     10.920   -75.6554 6.0735e+00    11.2299      4.005      5.811    10.2265 0.0000e+00
      4.112      0.097     0.0280      1.679     47.462  33.087196     0.4096     10.920   -75.4661 5.9707e+00    10.6082      4.033      5.849    10.1321 0.0000e+00
      4.142      0.096     0.0558      2.267     47.569  33.115805     0.3826     10.918   -75.3194 5.8299e+00    10.5380      4.060      5.888    10.0317 0.0000e+00
      4.174      0.090     0.0928      3.026     47.659  33.152265     0.3851     10.914   -75.0860 5.6840e+00    10.3464      4.094      5.938     9.9558 0.0000e+00
      4.202      0.080     0.1385      3.925     47.662  33.147341     0.4143     10.912   -74.7084 5.6016e+00     9.7949      4.127      5.986     9.9052 0.0000e+00
      4.217      0.069     0.1836      4.931     47.720  33.183143     0.4274     10.911   -74.3672 5.5732e+00     9.3697      4.139      6.002     9.8560 0.0000e+00
      4.225      0.059     0.2497      5.991     47.658  33.141033     0.4103     10.908   -73.9718 5.5229e+00     9.1674      4.141      6.005     9.7958 0.0000e+00
      4.236      0.052     0.3386      7.062     47.378  32.955406     0.3991     10.905   -73.5427 5.4568e+00     9.1259      4.155      6.026     9.7689 0.0000e+00
      4.248      0.051     0.4406      8.119     47.128  32.778613     0.4169     10.903   -73.2229 5.3963e+00     9.2434      4.167      6.043     9.7740 0.0000e+00
      4.258      0.054     0.5579      9.133     46.985  32.652969     0.4179     10.901   -72.9439 5.2982e+00     9.2904      4.173      6.052     9.7642 0.0000e+00
      4.274      0.056     0.6798     10.057     46.939  32.578186     0.4023     10.899   -72.6647 5.1898e+00     9.2159      4.190      6.078     9.7606 0.0000e+00
      4.293      0.056     0.8015     10.846     46.993  32.572234     0.3944     10.896   -72.3424 5.1078e+00     9.1969      4.212      6.109     9.7840 0.0000e+00
      4.310      0.053     0.9223     11.505     47.048  32.580962     0.3975     10.894   -71.8869 5.0090e+00     9.3341      4.228      6.132     9.7847 0.0000e+00
      4.325      0.050     1.0405     12.130     47.031  32.556797     0.4232     10.892   -71.4589 4.9180e+00     9.5081      4.243      6.154     9.7520 0.0000e+00
      4.335      0.046     1.1485     12.830     47.008  32.533811     0.4220     10.890   -71.1245 4.8752e+00     9.5233      4.253      6.168     9.7013 0.0000e+00
      4.341      0.041     1.2407     13.657     47.053  32.556796     0.3840     10.888   -70.6829 4.8054e+00     9.4161      4.255      6.172     9.6464 0.0000e+00
      4.350      0.039     1.3121     14.671     47.091  32.580934     0.3622     10.885   -70.1639 4.6714e+00     9.4752      4.264      6.186     9.6154 0.0000e+00
      4.363      0.039     1.3772     15.853     47.074  32.571894     0.3753     10.882   -69.6674 4.5596e+00     9.7603      4.281      6.209     9.6088 0.0000e+00
      4.373      0.039     1.4577     17.051     47.078  32.574389     0.4086     10.879   -69.1538 4.5018e+00     9.9939      4.290      6.221     9.6037 0.0000e+00
      4.382      0.038     1.5485     18.166     47.134  32.611101     0.4160     10.877   -68.6857 4.4253e+00    10.0113      4.294      6.228     9.5907 0.0000e+00
      4.393      0.036     1.6624     19.147     47.162  32.635116     0.3985     10.875   -68.3101 4.3288e+00    10.0379      4.307      6.247     9.5885 0.0000e+00
      4.405      0.038     1.8076     19.927     47.117  32.610987     0.4038     10.872   -67.8812 4.2613e+00    10.2132      4.322      6.269     9.5971 0.0000e+00
      4.412      0.043     1.9468     20.497     47.068  32.573142     0.4221     10.870   -67.3722 4.2094e+00    10.3204      4.328      6.278     9.5955 0.0000e+00
      4.416      0.048     2.0744     20.873     47.076  32.558180     0.4283     10.868   -66.8878 4.1515e+00    10.3443      4.329      6.279     9.5879 0.0000e+00
      4.425      0.051     2.1916     21.058     47.113  32.556947     0.4366     10.865   -66.4121 4.0528e+00    10.5701      4.334      6.286     9.5934 0.0000e+00
      4.445      0.051     2.2780     21.104     47.143  32.558197     0.4559     10.862   -65.9231 3.9116e+00    11.0341      4.357      6.319     9.6098 0.0000e+00
      4.469      0.052     2.3417     21.067     47.174  32.573277     0.4712     10.858   -65.5353 3.8084e+00    11.3776      4.387      6.364     9.6080 0.0000e+00
      4.485      0.053     2.3882     21.005     47.227  32.612380     0.4634     10.856   -65.4219 3.7609e+00    11.4442      4.401      6.383     9.5803 0.0000e+00
      4.492      0.052     2.4075     21.025     47.276  32.650340     0.4702     10.853   -65.3265 3.7144e+00    11.8387      4.404      6.387     9.5467 0.0000e+00
      4.497      0.048     2.4116     21.165     47.276  32.651599     0.5121     10.849   -64.8127 3.6304e+00    12.7327      4.408      6.393     9.5234 0.0000e+00
      4.508      0.043     2.4076     21.364     47.240  32.627605     0.5533     10.846   -64.1140 3.5243e+00    13.4745      4.418      6.408     9.5189 0.0000e+00
      4.526      0.041     2.3934     21.607     47.217  32.614001     0.6178     10.843   -63.6752 3.4435e+00    15.3076      4.439      6.439     9.5241 0.0000e+00
      4.541      0.042     2.3926     21.871     47.217  32.614002     0.9267     10.840   -63.3792 3.3868e+00    33.1550      4.457      6.464     9.5306 0.0000e+00
      4.548      0.043     2.4150     22.115     47.245  32.627618     1.4499     10.837   -62.9447 3.3270e+00    65.7109      4.461      6.470     9.5305 0.0000e+00
      4.552      0.041     2.4360     22.359     47.301  32.651739     1.7330     10.833   -62.3787 3.2594e+00    83.5008      4.462      6.471     9.5302 0.0000e+00
      4.562      0.037     2.4636     22.567     47.326  32.651855     1.7615     10.829   -61.7852 3.1624e+00    85.5153      4.471      6.484     9.5360 0.0000e+00
      4.576      0.033     2.4989     22.692     47.306  32.629006     1.7700     10.827   -61.1887 3.0440e+00    89.4540      4.489      6.511     9.5359 0.0000e+00
      4.589      0.030     2.5220     22.799     47.306  32.629245     1.7520     10.824   -60.5874 2.9595e+00   130.1661      4.503      6.531     9.5315 0.0000e+00
      4.595      0.026     2.5535     22.935     47.338  32.654737     1.7188     10.821   -60.0207 2.8975e+00   204.7748      4.507      6.537     9.5151 0.0000e+00
      4.599      0.020     2.5837     23.077     47.373  32.683467     1.7174     10.817   -59.4990 2.8316e+00   245.4659      4.510      6.541     9.4899 0.0000e+00
      4.602      0.014     2.5928     23.229     47.414  32.722856     1.7107     10.813   -59.0127 2.7796e+00   247.9764      4.513      6.546     9.4803 0.0000e+00
      4.604      0.010     2.6021     23.395     47.424  32.750337     1.4716     10.810   -58.5286 2.7381e+00   233.8653      4.515      6.549     9.4851 0.0000e+00
      4.605      0.007     2.6212     23.561     47.407  32.761985     1.0321     10.805   -58.0339 2.6974e+00   207.2517      4.516      6.550     9.4882 0.0000e+00
      4.608      0.006     2.6354     23.690     47.434  32.800273     0.7828     10.801   -57.5050 2.6613e+00   192.4659      4.519      6.554     9.4907 0.0000e+00
      4.610      0.005     2.6518     23.708     47.461  32.832643     0.7624     10.797   -56.9524 2.6356e+00   189.4748      4.521      6.557     9.5017 0.0000e+00
      4.610      0.004     2.6709     23.598     47.446  32.836160     0.7528     10.794   -56.4284 2.6292e+00   171.1203      4.521      6.557     9.5246 0.0000e+00
      4.611      0.003     2.6870     23.365     47.428  32.842822     0.6993     10.790   -55.9871 2.6338e+00   137.4811      4.521      6.558     9.5545 0.0000e+00
      4.611      0.002     2.7069     23.008     47.411  32.849765     0.6489     10.787   -55.7471 2.6360e+00   118.9769      4.521      6.558     9.5751 0.0000e+00
      4.612      0.002     2.7071     22.557     47.411  32.856689     0.6174     10.784   -55.4195 2.6313e+00   116.1703      4.523      6.560     9.5863 0.0000e+00
      4.613      0.002     2.6928     22.033     47.427  32.863102     0.5603     10.780   -54.7800 2.6304e+00   104.9811      4.523      6.561     9.5986 0.0000e+00
      4.613      0.001     2.6672     21.468     47.432  32.863850     0.4739     10.776   -54.2095 2.6414e+00    84.9366      4.524      6.561     9.6209 0.0000e+00
      4.613      0.001     2.6213     20.918     47.427  32.865733     0.4137     10.773   -53.8559 2.6485e+00    73.9541      4.524      6.561     9.6481 0.0000e+00
      4.613      0.001     2.5703     20.439     47.441  32.885870     0.3820     10.769   -53.4293 2.6475e+00    72.4858      4.524      6.561     9.6539 0.0000e+00
      4.613      0.001     2.5094     20.043     47.475  32.917019     0.3407     10.766   -52.8371 2.6449e+00    68.1742      4.524      6.562     9.6425 0.0000e+00
      4.614      0.001     2.4435     19.733     47.482  32.925135     0.3054     10.761   -52.3750 2.6468e+00    60.6276      4.524      6.562     9.6374 0.0000e+00
      4.614      0.001     2.3775     19.604     47.474  32.920559     0.2956     10.759   -52.2300 2.6497e+00    56.9042      4.524      6.562     9.6436 0.0000e+00
      4.614 -9.990e-29     2.3214 -9.990e-29 -9.990e-29 -9.990e-29 -9.990e-29 -9.990e-29 -9.990e-29 2.6524e+00 -9.990e-29      4.524      6.562     9.6585 0.0000e+00
      4.614 -9.990e-29     2.2786 -9.990e-29 -9.990e-29 -9.990e-29 -9.990e-29 -9.990e-29 -9.990e-29 2.6629e+00 -9.990e-29      4.524      6.562     9.6682 0.0000e+00
