Data/DataNotYetUploadedToEDI/Raw_CTD/RawDownloads/060126_fcr40_S7809006.cnv
* Sea-Bird SBE19plus  Data File:
* FileName = C:\R\Reservoirs\Data\DataNotYetUploadedToEDI\Raw_CTD\RawDownloads\062926_fcr50_S7809_0006.hex
* Software version 2.8.0.119
* Temperature SN = 7809
* Conductivity SN = 7809
* System UpLoad Time = Jun 30 2026 09:01:00
* <ApplicationData>
* <Seaterm232>
# nquan = 15
# nvalues = 1105                        
# units = specified
# name 0 = depFM: Depth [fresh water, m]
# name 1 = dz/dtM: Descent Rate [m/s]
# name 2 = sbeox0Mg/L: Oxygen, SBE 43 [mg/l]
# name 3 = sbeox0PS: Oxygen, SBE 43 [% saturation]
# name 4 = specc: Specific Conductance [uS/cm]
# name 5 = c0uS/cm: Conductivity [uS/cm]
# name 6 = flECO-AFL: Fluorescence, WET Labs ECO-AFL/FL [mg/m^3]
# name 7 = ph: pH
# name 8 = orp: Oxidation Reduction Potential [mV]
# name 9 = par/sat/log: PAR/Logarithmic, Satlantic
# name 10 = turbWETntu0: Turbidity, WET Labs ECO [NTU]
# name 11 = prdM: Pressure, Strain Gauge [db]
# name 12 = prdE: Pressure, Strain Gauge [psi]
# name 13 = tv290C: Temperature [ITS-90, deg C]
# name 14 = flag:  0.000e+00
# span 0 =     -0.647,      5.590       
# span 1 =     -0.031,      0.275       
# span 2 =    -0.1893,    10.5841       
# span 3 =     -1.713,    122.890       
# span 4 =      1.691,     53.557       
# span 5 =   1.500287,  39.170094       
# span 6 =    -0.0476,     8.6478       
# span 7 =     10.127,     12.420       
# span 8 =   -67.6495,  1239.8939       
# span 9 = 9.3149e-01, 2.6646e+03       
# span 10 =     0.0797,   122.6684      
# span 11 =     -0.636,      5.483      
# span 12 =     -0.923,      7.952      
# span 13 =     9.1795,    23.1564      
# span 14 = 0.0000e+00, 0.0000e+00      
# interval = seconds: 0.25
# start_time = Jun 01 2026 13:55:15 [Instrument's time stamp, header]
# bad_flag = -9.990e-29
*END*
     -0.647 1.0387e-10     8.0061     86.899      1.734   1.538538     0.0156     11.189   730.7274 1.7432e+03     0.1441     -0.634     -0.920    19.3567 0.0000e+00
     -0.647 1.1426e-09     7.9991     86.903      1.720   1.525753    -0.0231     10.799  1116.1237 1.2136e+03     0.0797     -0.634     -0.919    19.3570 0.0000e+00
     -0.647 1.2569e-08     7.9996     86.908      1.705   1.512988    -0.0425     10.746  1228.9452 9.1026e+02     0.0892     -0.634     -0.920    19.3572 0.0000e+00
     -0.647 1.3826e-07     8.0024     86.912      1.703   1.510882    -0.0435     10.922  1239.1818 5.8185e+02     0.1218     -0.634     -0.920    19.3579 0.0000e+00
     -0.646      0.000     8.0028     86.922      1.691   1.500287    -0.0442     11.049  1239.8939 3.2811e+02     0.2703     -0.634     -0.919    19.3576 0.0000e+00
     -0.646      0.000     8.0027     86.938      1.703   1.511568    -0.0252     11.039  1237.5550 2.9660e+02     0.4494     -0.634     -0.919    19.3585 0.0000e+00
     -0.647      0.000     8.0040     86.933      1.856   1.647280     0.0188     10.991  1210.9022 3.5807e+02     0.6472     -0.634     -0.920    19.3573 0.0000e+00
     -0.647      0.002     8.0032     86.908      3.105   2.761115     0.2299     11.084   917.6369 7.7630e+02     1.2953     -0.634     -0.921    19.3608 0.0000e+00
     -0.647      0.012     8.0038     86.903     11.380  10.164623     0.5967     11.401   379.6620 1.4824e+03     2.3763     -0.635     -0.920    19.3588 0.0000e+00
     -0.647      0.040     8.0058     86.899     26.754  24.103403     0.7999     11.693    90.0281 1.9214e+03     2.9908     -0.636     -0.922    19.3670 0.0000e+00
     -0.646      0.084     8.0071     86.823     37.087  33.856578     0.8719     11.822    58.0497 2.1531e+03     3.1237     -0.634     -0.919    19.3583 0.0000e+00
     -0.639      0.136     7.9996     86.710     39.132  36.275763     1.3505     11.882    30.0118 2.4711e+03     3.2661     -0.636     -0.923    19.3761 0.0000e+00
     -0.604      0.189     8.0024     86.672     38.852  36.479202     2.1916     11.927    10.4327 2.6646e+03     3.3805     -0.613     -0.890    19.3491 0.0000e+00
     -0.527      0.237     7.9603     86.822     38.459  36.443901     2.6521     11.964     7.2511 2.2713e+03     3.4820     -0.520     -0.755    19.6500 0.0000e+00
     -0.437      0.269     7.8030     87.218     38.149  36.357015     2.6986     11.999     7.4608 1.7560e+03     3.6394     -0.423     -0.613    20.5897 0.0000e+00
     -0.354      0.275     7.6633     87.795     37.928  36.253822     2.7125     12.032     8.1498 1.8985e+03     4.1558     -0.348     -0.504    21.4204 0.0000e+00
     -0.276      0.252     7.5732     88.425     37.769  36.148112     2.7450     12.062     8.6124 1.6994e+03     4.9443     -0.269     -0.390    21.9902 0.0000e+00
     -0.205      0.206     7.5167     89.016     37.698  36.094147     2.7584     12.088     8.7522 8.1267e+02     5.3161     -0.194     -0.282    22.4447 0.0000e+00
     -0.153      0.154     7.5190     89.515     37.712  36.108957     2.7746     12.109     8.6359 3.1206e+02     5.4059     -0.141     -0.204    22.6896 0.0000e+00
     -0.126      0.106     7.5553     89.867     37.745  36.136836     2.8749     12.126     8.4104 2.4549e+02     5.4835     -0.117     -0.169    22.8159 0.0000e+00
     -0.119      0.066     7.6056     90.067     37.726  36.113965     3.0214     12.139     8.2637 2.3228e+02     5.4009     -0.114     -0.165    22.8613 0.0000e+00
     -0.121      0.037     7.6555     90.155     37.636  36.022775     3.0818     12.151     8.2387 2.2218e+02     5.2607     -0.120     -0.174    22.8719 0.0000e+00
     -0.121      0.021     7.7019     90.165     37.537  35.922554     3.0553     12.162     8.1932 2.0816e+02     5.1547     -0.120     -0.174    22.8682 0.0000e+00
     -0.116      0.016     7.7320     90.116     37.471  35.853954     3.0263     12.170     7.9718 2.0171e+02     5.1098     -0.115     -0.167    22.8669 0.0000e+00
     -0.108      0.016     7.7490     90.056     37.448  35.827823     2.9883     12.177     7.7133 2.0062e+02     5.0940     -0.105     -0.152    22.8576 0.0000e+00
     -0.101      0.019     7.7562     89.997     37.487  35.860396     2.9380     12.185     7.7340 1.9434e+02     5.0656     -0.098     -0.142    22.8516 0.0000e+00
     -0.098      0.021     7.7585     89.910     37.565  35.930536     2.9010     12.195     7.8788 1.8663e+02     4.9718     -0.096     -0.140    22.8457 0.0000e+00
     -0.095      0.022     7.7531     89.840     37.619  35.977927     2.8736     12.205     7.9154 1.7993e+02     4.8474     -0.094     -0.136    22.8364 0.0000e+00
     -0.090      0.019     7.7475     89.819     37.629  35.989246     2.8654     12.214     8.0043 1.7158e+02     4.9621     -0.090     -0.130    22.8307 0.0000e+00
     -0.083      0.013     7.7470     90.024     37.632  36.003946     2.8762     12.221     8.0933 1.6791e+02     5.2314     -0.083     -0.120    22.8265 0.0000e+00
     -0.075      0.005     7.7367     90.858     37.641  36.028771     2.8628     12.227     8.1304 2.0216e+02     5.2689     -0.073     -0.105    22.8197 0.0000e+00
     -0.070     -0.002     7.7314     92.244     37.631  36.035627     2.8202     12.233     8.0231 3.8489e+02     5.1418     -0.064     -0.092    22.8093 0.0000e+00
     -0.075     -0.007     7.7311     93.744     37.605  36.023426     2.7853     12.239     7.8284 6.0651e+02     5.1287     -0.069     -0.101    22.8092 0.0000e+00
     -0.088     -0.011     7.7210     95.248     37.513  35.944715     2.7737     12.243     7.7549 7.8819e+02     5.2472     -0.090     -0.130    22.8289 0.0000e+00
     -0.095     -0.012     7.7923     96.609     37.335  35.781890     2.7876     12.247     7.6505 8.3380e+02     5.3461     -0.097     -0.140    22.8540 0.0000e+00
     -0.095     -0.010     7.9353     97.496     37.179  35.640979     2.7955     12.251     7.4265 5.2785e+02     5.2987     -0.093     -0.135    22.8748 0.0000e+00
     -0.094     -0.006     8.0534     97.741     37.103  35.573427     2.7697     12.254     7.1976 2.6266e+02     5.0843     -0.093     -0.136    22.8932 0.0000e+00
     -0.093     -0.002     8.1857     97.357     37.129  35.599620     2.7412     12.257     7.0344 2.3543e+02     4.9053     -0.089     -0.129    22.9047 0.0000e+00
     -0.093     -0.002     8.3167     96.471     37.239  35.703873     2.7510     12.260     7.0021 2.3010e+02     4.9458     -0.090     -0.132    22.9136 0.0000e+00
     -0.095     -0.003     8.3933     95.279     37.362  35.818753     2.7883     12.262     7.0649 2.3868e+02     5.0272     -0.094     -0.135    22.9274 0.0000e+00
     -0.096     -0.003     8.4126     93.946     37.462  35.909978     2.8183     12.263     7.1044 2.7250e+02     4.9663     -0.093     -0.135    22.9368 0.0000e+00
     -0.098     -0.002     8.3755     92.577     37.475  35.918571     2.8557     12.266     7.0504 4.4755e+02     4.9278     -0.097     -0.142    22.9377 0.0000e+00
     -0.099     -0.001     8.2937     91.325     37.348  35.795742     2.8907     12.268     6.9274 6.3816e+02     5.0399     -0.098     -0.141    22.9335 0.0000e+00
     -0.098     -0.001     8.1857     90.329     37.173  35.630407     2.8997     12.269     6.9079 7.2941e+02     5.0922     -0.096     -0.140    22.9289 0.0000e+00
     -0.097     -0.000     8.0721     89.631     37.106  35.569205     2.8981     12.270     7.0737 7.8800e+02     4.9789     -0.096     -0.139    22.9223 0.0000e+00
     -0.095      0.003     7.9489     89.166     37.096  35.563345     2.8707     12.271     7.2113 6.0222e+02     4.9002     -0.091     -0.132    22.9157 0.0000e+00
     -0.096      0.006     7.8367     88.735     37.021  35.496109     2.8440     12.271     7.1083 3.5709e+02     5.0291     -0.091     -0.132    22.9156 0.0000e+00
     -0.101      0.005     7.7503     88.163     36.973  35.454205     2.8583     12.271     6.8615 3.0270e+02     5.2387     -0.102     -0.147    22.9195 0.0000e+00
     -0.098      0.001     7.6894     87.431     37.023  35.500826     2.8848     12.273     6.6365 2.9582e+02     5.3162     -0.102     -0.148    22.9254 0.0000e+00
     -0.087     -0.006     7.6577     86.624     37.083  35.552209     2.9408     12.276     6.4523 3.5226e+02     5.2482     -0.082     -0.118    22.9287 0.0000e+00
     -0.083     -0.014     7.6256     85.810     37.107  35.567882     3.0355     12.279     6.2692 6.5328e+02     5.1352     -0.075     -0.108    22.9348 0.0000e+00
     -0.092     -0.022     7.5753     85.009     37.108  35.563422     3.1056     12.279     6.1431 1.1371e+03     5.1455     -0.090     -0.131    22.9436 0.0000e+00
     -0.106     -0.029     7.5092     84.263     37.045  35.498277     3.1392     12.280     6.1328 1.4052e+03     5.2701     -0.104     -0.152    22.9415 0.0000e+00
     -0.119     -0.031     7.4384     83.593     36.963  35.414697     3.1511     12.282     6.1445 1.1600e+03     5.3101     -0.117     -0.169    22.9310 0.0000e+00
     -0.130     -0.025     7.3718     83.058     36.995  35.441124     3.1320     12.282     6.1978 6.3452e+02     5.2186     -0.129     -0.187    22.9200 0.0000e+00
     -0.138     -0.014     7.3009     82.763     37.122  35.564009     3.0997     12.282     6.3477 3.4516e+02     5.0865     -0.138     -0.199    22.9115 0.0000e+00
     -0.139     -0.004     7.2375     82.763     37.252  35.694969     3.1031     12.282     6.3219 3.0785e+02     5.0788     -0.139     -0.202    22.9080 0.0000e+00
     -0.134      0.003     7.1806     83.099     37.306  35.755584     3.1398     12.282     6.0583 3.0095e+02     5.1938     -0.133     -0.193    22.9005 0.0000e+00
     -0.126      0.005     7.1297     83.722     37.267  35.725867     3.1430     12.282     5.8273 2.9596e+02     5.2132     -0.121     -0.176    22.8908 0.0000e+00
     -0.123      0.004     7.1050     84.430     37.121  35.589471     3.1086     12.282     5.6801 2.9355e+02     5.1078     -0.118     -0.172    22.8921 0.0000e+00
     -0.123      0.000     7.1008     85.003     36.897  35.375420     3.0904     12.283     5.5688 3.1204e+02     5.0130     -0.120     -0.175    22.9039 0.0000e+00
     -0.126     -0.005     7.1278     85.264     36.746  35.231580     3.1059     12.283     5.5148 3.9067e+02     5.0580     -0.123     -0.179    22.9178 0.0000e+00
     -0.130     -0.007     7.1888     85.219     36.759  35.246171     3.1377     12.284     5.5436 5.5359e+02     5.2074     -0.127     -0.184    22.9284 0.0000e+00
     -0.134     -0.007     7.2540     85.020     36.879  35.361510     3.1413     12.285     5.5728 7.0277e+02     5.2478     -0.132     -0.190    22.9344 0.0000e+00
     -0.138     -0.003     7.3107     84.780     37.008  35.484069     3.1161     12.285     5.5232 7.2523e+02     5.1712     -0.137     -0.198    22.9322 0.0000e+00
     -0.138      0.001     7.3335     84.674     37.113  35.585958     3.1077     12.285     5.3732 7.0294e+02     5.1012     -0.136     -0.197    22.9328 0.0000e+00
     -0.135      0.005     7.3203     84.888     37.170  35.641708     3.1485     12.285     5.1364 7.2964e+02     5.1185     -0.133     -0.193    22.9379 0.0000e+00
     -0.131      0.007     7.3035     85.345     37.180  35.650548     3.2269     12.286     4.9840 8.2125e+02     5.2440     -0.129     -0.187    22.9362 0.0000e+00
     -0.127      0.008     7.2777     85.806     37.160  35.629396     3.2560     12.288     4.9926 9.3769e+02     5.2857     -0.125     -0.179    22.9330 0.0000e+00
     -0.125      0.008     7.2584     86.115     37.107  35.576305     3.2263     12.289     4.9825 9.9199e+02     5.1782     -0.122     -0.177    22.9364 0.0000e+00
     -0.125      0.009     7.2803     86.219     37.048  35.516212     3.2257     12.288     4.9482 1.0137e+03     5.1064     -0.122     -0.178    22.9404 0.0000e+00
     -0.125      0.012     7.3300     86.177     37.008  35.473854     3.2815     12.288     5.0080 1.0548e+03     5.1691     -0.124     -0.179    22.9382 0.0000e+00
     -0.124      0.017     7.3730     86.107     36.981  35.444839     3.3350     12.289     5.1033 1.0556e+03     5.2867     -0.123     -0.177    22.9360 0.0000e+00
     -0.119      0.021     7.4027     86.065     36.959  35.419185     3.3317     12.289     5.1535 9.4294e+02     5.2649     -0.119     -0.172    22.9320 0.0000e+00
     -0.110      0.025     7.4104     86.079     36.960  35.417452     3.3253     12.289     5.0989 6.9227e+02     5.1779     -0.109     -0.159    22.9259 0.0000e+00
     -0.100      0.026     7.4017     86.183     36.967  35.423884     3.3739     12.289     4.9593 4.1374e+02     5.2254     -0.097     -0.141    22.9229 0.0000e+00
     -0.090      0.023     7.3961     86.368     36.911  35.370063     3.4283     12.291     4.8421 2.8524e+02     5.2936     -0.087     -0.126    22.9169 0.0000e+00
     -0.085      0.018     7.3928     86.544     36.748  35.210838     3.4504     12.293     4.7145 2.6761e+02     5.3188     -0.082     -0.118    22.9104 0.0000e+00
     -0.082      0.012     7.3929     86.571     36.553  35.021449     3.4246     12.293     4.6205 2.5351e+02     5.2916     -0.082     -0.118    22.9064 0.0000e+00
     -0.082      0.007     7.4017     86.316     36.443  34.920143     3.3660     12.293     4.7382 2.5681e+02     5.2372     -0.079     -0.114    22.9066 0.0000e+00
     -0.082      0.002     7.4200     85.701     36.390  34.874228     3.3577     12.293     4.8474 2.9052e+02     5.3108     -0.080     -0.115    22.9099 0.0000e+00
     -0.082     -0.001     7.4411     84.784     36.365  34.846970     3.3908     12.293     4.8220 3.7442e+02     5.3623     -0.081     -0.118    22.9035 0.0000e+00
     -0.082     -0.002     7.4482     83.698     36.378  34.844360     3.4007     12.295     4.8614 4.7824e+02     5.2780     -0.080     -0.116    22.8953 0.0000e+00
     -0.083     -0.003     7.4288     82.532     36.393  34.842644     3.3768     12.296     4.8935 4.8494e+02     5.2482     -0.081     -0.118    22.9026 0.0000e+00
     -0.085     -0.003     7.3721     81.412     36.385  34.826193     3.3433     12.296     4.7801 4.0703e+02     5.3444     -0.083     -0.121    22.9177 0.0000e+00
     -0.086     -0.002     7.2870     80.483     36.332  34.772329     3.3449     12.297     4.6946 3.4081e+02     5.4842     -0.084     -0.121    22.9144 0.0000e+00
     -0.086     -0.001     7.1977     79.773     36.258  34.698958     3.3545     12.298     4.7201 2.9288e+02     5.4693     -0.085     -0.123    22.8870 0.0000e+00
     -0.086      0.000     7.0963     79.211     36.199  34.636971     3.3268     12.298     4.7440 2.5851e+02     5.2670     -0.085     -0.124    22.8598 0.0000e+00
     -0.085      0.000     6.9956     78.736     36.159  34.593852     3.2767     12.299     4.7262 2.4931e+02     5.1220     -0.083     -0.121    22.8495 0.0000e+00
     -0.085     -0.000     6.9151     78.303     36.128  34.558272     3.2313     12.300     4.6776 2.5384e+02     5.1512     -0.083     -0.120    22.8501 0.0000e+00
     -0.085     -0.001     6.8580     77.859     36.098  34.524007     3.2277     12.302     4.6720 2.5744e+02     5.2435     -0.083     -0.121    22.8464 0.0000e+00
     -0.086     -0.001     6.8124     77.395     36.078  34.496762     3.2237     12.303     4.6583 2.6215e+02     5.2139     -0.083     -0.121    22.8368 0.0000e+00
     -0.087     -0.001     6.7732     76.911     36.073  34.482636     3.1747     12.303     4.6842 2.6369e+02     5.1003     -0.085     -0.123    22.8292 0.0000e+00
     -0.087     -0.001     6.7396     76.415     36.078  34.480085     3.1432     12.304     4.8132 2.5869e+02     5.0650     -0.086     -0.124    22.8236 0.0000e+00
     -0.087     -0.001     6.7017     75.950     36.071  34.465908     3.1429     12.306     4.8417 2.5342e+02     5.0951     -0.086     -0.124    22.8152 0.0000e+00
     -0.087      0.000     6.6635     75.543     36.048  34.438099     3.1625     12.306     4.7707 2.5165e+02     5.1569     -0.086     -0.124    22.8034 0.0000e+00
