Data/DataNotYetUploadedToEDI/Raw_CTD/RawDownloads/060126_fcr30_S7809005.cnv
* Sea-Bird SBE19plus  Data File:
* FileName = C:\R\Reservoirs\Data\DataNotYetUploadedToEDI\Raw_CTD\RawDownloads\062926_fcr50_S7809_0005.hex
* Software version 2.8.0.119
* Temperature SN = 7809
* Conductivity SN = 7809
* System UpLoad Time = Jun 30 2026 09:00:27
* <ApplicationData>
* <Seaterm232>
# nquan = 15
# nvalues = 580                         
# units = specified
# name 0 = depFM: Depth [fresh water, m]
# name 1 = dz/dtM: Descent Rate [m/s]
# name 2 = sbeox0Mg/L: Oxygen, SBE 43 [mg/l]
# name 3 = sbeox0PS: Oxygen, SBE 43 [% saturation]
# name 4 = specc: Specific Conductance [uS/cm]
# name 5 = c0uS/cm: Conductivity [uS/cm]
# name 6 = flECO-AFL: Fluorescence, WET Labs ECO-AFL/FL [mg/m^3]
# name 7 = ph: pH
# name 8 = orp: Oxidation Reduction Potential [mV]
# name 9 = par/sat/log: PAR/Logarithmic, Satlantic
# name 10 = turbWETntu0: Turbidity, WET Labs ECO [NTU]
# name 11 = prdM: Pressure, Strain Gauge [db]
# name 12 = prdE: Pressure, Strain Gauge [psi]
# name 13 = tv290C: Temperature [ITS-90, deg C]
# name 14 = flag:  0.000e+00
# span 0 =     -0.655,      4.614       
# span 1 =     -0.038,      0.336       
# span 2 =    -0.1995,    10.3875       
# span 3 =     -1.783,    117.391       
# span 4 =      1.310,     53.984       
# span 5 =   1.152723,  39.059633       
# span 6 =    -0.1074,    10.3519       
# span 7 =     10.114,     12.356       
# span 8 =  -128.1340,    24.9061       
# span 9 = 2.6292e+00, 1.6978e+03       
# span 10 =     1.2715,   247.9764      
# span 11 =     -0.643,      4.525      
# span 12 =     -0.933,      6.563      
# span 13 =     9.4803,    22.8572      
# span 14 = 0.0000e+00, 0.0000e+00      
# interval = seconds: 0.25
# start_time = Jun 01 2026 13:46:11 [Instrument's time stamp, header]
# bad_flag = -9.990e-29
*END*
[from data line 290]
      1.123      0.039    10.2796    112.893     37.989  34.096723     8.2305     12.312    -2.5627 9.5330e+01     5.5555      1.100      1.595    19.9424 0.0000e+00
      1.139      0.038    10.2887    112.681     38.004  34.102092     8.2293     12.307    -2.0179 9.4092e+01     5.4985      1.118      1.622    19.9459 0.0000e+00
      1.152      0.036    10.2996    112.589     37.981  34.082564     8.2276     12.302    -1.7259 9.3747e+01     5.3836      1.133      1.643    19.9429 0.0000e+00
      1.158      0.032    10.3059    112.672     37.941  34.050954     8.2434     12.297    -1.7002 9.4152e+01     5.3955      1.137      1.649    19.8971 0.0000e+00
      1.160      0.028    10.2920    112.840     37.931  34.037124     8.2791     12.294    -1.6217 9.4489e+01     5.5059      1.136      1.648    19.8654 0.0000e+00
      1.163      0.026    10.2684    113.021     37.954  34.042234     8.3011     12.292    -1.3785 9.4343e+01     5.5562      1.139      1.651    19.8588 0.0000e+00
      1.171      0.024    10.2563    113.199     37.981  34.049259     8.2859     12.290    -1.0823 9.3874e+01     5.4913      1.148      1.665    19.8595 0.0000e+00
      1.181      0.023    10.2676    113.363     38.004  34.058597     8.2526     12.288    -0.8801 9.3368e+01     5.3709      1.159      1.681    19.8733 0.0000e+00
      1.189      0.020    10.2848    113.510     38.045  34.091684     8.2480     12.286    -0.8261 9.3122e+01     5.3980      1.167      1.692    19.8695 0.0000e+00
      1.195      0.016    10.3071    113.652     38.078  34.132078     8.2725     12.283    -0.7732 9.3148e+01     5.5455      1.173      1.701    19.8425 0.0000e+00
      1.197      0.011    10.3294    113.814     38.084  34.166340     8.2735     12.282    -0.5848 9.3182e+01     5.5492      1.175      1.704    19.8167 0.0000e+00
      1.197      0.006    10.3471    113.973     38.072  34.188760     8.2355     12.279    -0.3554 9.3247e+01     5.3743      1.174      1.702    19.8008 0.0000e+00
      1.197      0.006    10.3624    114.071     38.003  34.149430     8.1951     12.277    -0.2369 9.3394e+01     5.1730      1.173      1.702    19.7944 0.0000e+00
      1.196      0.011    10.3713    114.095     37.909  34.071504     8.1928     12.277    -0.1837 9.3676e+01     5.1654      1.173      1.701    19.8027 0.0000e+00
      1.195      0.020    10.3776    114.052     37.854  34.007907     8.2323     12.276     0.0289 9.4016e+01     5.3165      1.171      1.698    19.8505 0.0000e+00
      1.200      0.031    10.3837    113.926     37.827  33.951457     8.3236     12.275     0.4406 9.3846e+01     5.3600      1.173      1.700    19.9035 0.0000e+00
      1.211      0.042    10.3875    113.732     37.812  33.896483     8.4482     12.274     0.9225 9.3284e+01     5.3152      1.186      1.721    19.9300 0.0000e+00
      1.226      0.050    10.3848    113.526     37.814  33.850722     8.5153     12.273     1.2951 9.2716e+01     5.2876      1.202      1.745    19.9465 0.0000e+00
      1.243      0.055    10.3874    113.342     37.859  33.842204     8.5355     12.273     1.5043 9.1796e+01     5.3338      1.217      1.765    19.9250 0.0000e+00
      1.261      0.056    10.3857    113.153     37.915  33.856878     8.5510     12.273     1.8168 9.0901e+01     5.3953      1.238      1.796    19.8736 0.0000e+00
      1.276      0.055    10.3763    112.819     37.913  33.837761     8.5276     12.272     2.1489 9.0652e+01     5.2801      1.254      1.819    19.8212 0.0000e+00
      1.287      0.054    10.3704    112.234     37.889  33.801376     8.4779     12.270     2.3361 9.0497e+01     5.1370      1.261      1.829    19.7561 0.0000e+00
      1.297      0.051    10.3676    111.429     37.913  33.797589     8.4578     12.269     2.6174 8.9652e+01     5.1679      1.270      1.841    19.6829 0.0000e+00
      1.311      0.049    10.3674    110.472     37.929  33.791934     8.4089     12.268     3.0544 8.8081e+01     5.1060      1.283      1.861    19.6322 0.0000e+00
      1.326      0.050    10.3448    109.481     37.872  33.732981     8.2780     12.264     3.4049 8.6438e+01     4.8335      1.302      1.888    19.6196 0.0000e+00
      1.339      0.055    10.2886    108.551     37.802  33.655768     8.1730     12.258     3.5000 8.5101e+01     4.6055      1.316      1.907    19.6118 0.0000e+00
      1.348      0.058    10.2240    107.658     37.796  33.619671     8.1385     12.253     3.5158 8.3440e+01     4.4675      1.320      1.914    19.5656 0.0000e+00
      1.360      0.058    10.1391    106.837     37.831  33.613706     8.2771     12.248     3.5958 8.0927e+01     4.3944      1.330      1.929    19.5311 0.0000e+00
      1.381      0.057    10.0408    106.151     37.835  33.583601     8.5666     12.243     3.6930 7.8060e+01     4.3362      1.353      1.963    19.5357 0.0000e+00
      1.403      0.057     9.9645    105.586     37.787  33.509399     8.7258     12.237     3.8298 7.5878e+01     4.2768      1.380      2.001    19.5194 0.0000e+00
      1.417      0.057     9.8878    105.057     37.731  33.414369     8.7379     12.232     3.9596 7.4758e+01     4.2573      1.393      2.021    19.4750 0.0000e+00
      1.426      0.058     9.8209    104.507     37.624  33.259295     8.7375     12.227     4.0576 7.3713e+01     4.2026      1.396      2.025    19.4192 0.0000e+00
      1.436      0.059     9.7675    103.982     37.460  33.030064     8.9541     12.222     4.2407 7.2213e+01     4.2302      1.406      2.040    19.3728 0.0000e+00
      1.450      0.062     9.7234    103.445     37.430  32.863109     9.3845     12.219     4.5387 7.0718e+01     4.2842      1.423      2.063    19.3468 0.0000e+00
      1.467      0.067     9.6921    102.716     37.591  32.826509     9.6130     12.217     4.8202 6.8817e+01     4.1721      1.437      2.082    19.2815 0.0000e+00
      1.489      0.072     9.6523    101.599     37.778  32.841069     9.6277     12.212     5.0638 6.6555e+01     4.0700      1.459      2.116    19.1959 0.0000e+00
      1.512      0.074     9.6203     99.962     37.899  32.848632     9.7956     12.203     5.5918 6.4916e+01     4.1425      1.487      2.156    19.1203 0.0000e+00
      1.531      0.072     9.6157     97.726     37.979  32.854387    10.1453     12.194     6.2999 6.3630e+01     4.2979      1.503      2.179    18.9222 0.0000e+00
      1.547      0.067     9.6108     94.894     38.005  32.847129    10.3519     12.186     6.6558 6.2081e+01     4.3087      1.515      2.197    18.6349 0.0000e+00
      1.565      0.060     9.5498     91.719     37.972  32.824278    10.3367     12.176     6.7115 6.0475e+01     4.1702      1.535      2.226    18.4344 0.0000e+00
      1.582      0.053     9.4187     88.582     37.959  32.831867    10.1111     12.166     6.7161 5.9145e+01     4.0580      1.553      2.252    18.3222 0.0000e+00
      1.594      0.046     9.2290     85.800     37.984  32.875471     9.7390     12.155     6.6250 5.8096e+01     4.0116      1.564      2.268    18.2346 0.0000e+00
      1.603      0.041     8.9603     83.659     37.977  32.907431     9.5495     12.144     6.6420 5.7069e+01     4.0534      1.572      2.279    18.1883 0.0000e+00
      1.611      0.037     8.6408     82.326     37.919  32.901137     9.5428     12.133     6.9215 5.6057e+01     4.0507      1.579      2.291    18.2132 0.0000e+00
      1.618      0.036     8.3322     81.798     37.858  32.862871     9.3414     12.122     7.1653 5.5212e+01     3.8765      1.588      2.303    18.2476 0.0000e+00
      1.624      0.038     8.0566     81.951     37.847  32.825431     8.9547     12.112     7.3524 5.4282e+01     3.7574      1.592      2.309    18.2571 0.0000e+00
      1.633      0.042     7.8407     82.611     37.917  32.829063     8.7452     12.102     7.4634 5.3060e+01     3.8070      1.600      2.320    18.3136 0.0000e+00
      1.647      0.047     7.7025     83.569     38.009  32.843261     8.6808     12.091     7.4749 5.1859e+01     3.8607      1.615      2.343    18.3982 0.0000e+00
      1.661      0.052     7.6539     84.511     38.037  32.806693     8.2516     12.081     7.7502 5.0831e+01     3.7581      1.630      2.364    18.4216 0.0000e+00
      1.675      0.058     7.6819     85.090     38.056  32.767490     7.4672     12.070     8.4684 4.9896e+01     3.5228      1.643      2.383    18.3740 0.0000e+00
      1.689      0.064     7.7626     85.108     38.107  32.749843     7.0533     12.058     9.4474 4.9006e+01     3.4410      1.657      2.403    18.2908 0.0000e+00
      1.704      0.069     7.8783     84.521     38.171  32.720119     7.0429     12.048    10.6393 4.8011e+01     3.5544      1.671      2.424    18.1959 0.0000e+00
      1.722      0.069     7.9945     83.329     38.301  32.725205     6.9841     12.039    12.0390 4.6824e+01     3.5623      1.687      2.448    18.1152 0.0000e+00
      1.745      0.064     8.0656     81.526     38.428  32.747759     6.3167     12.030    13.2068 4.5510e+01     3.5023      1.710      2.482    18.0516 0.0000e+00
      1.768      0.055     8.0796     79.012     38.445  32.738931     5.1329     12.020    14.0040 4.4553e+01     3.5811      1.737      2.520    17.9775 0.0000e+00
      1.784      0.044     8.0416     75.664     38.428  32.745320     4.5144     12.009    14.6225 4.4307e+01     3.7293      1.755      2.544    17.8732 0.0000e+00
      1.790      0.034     7.9540     71.665     38.417  32.761601     4.4817     11.999    15.0924 4.4460e+01     3.8595      1.757      2.549    17.7087 0.0000e+00
      1.790      0.024     7.8091     67.685     38.380  32.745495     4.4219     11.991    15.3841 4.4675e+01     3.8564      1.755      2.546    17.5663 0.0000e+00
      1.791      0.018     7.5779     64.413     38.369  32.740923     4.3071     11.985    15.4820 4.4713e+01     3.7260      1.755      2.545    17.5521 0.0000e+00
      1.794      0.016     7.2489     62.225     38.396  32.769773     4.2589     11.977    15.6742 4.4451e+01     3.6497      1.759      2.550    17.6035 0.0000e+00
      1.801      0.018     6.8329     61.201     38.386  32.777115     4.2888     11.970    16.0731 4.4076e+01     3.7197      1.766      2.562    17.6395 0.0000e+00
      1.808      0.023     6.4242     61.098     38.348  32.766279     4.4437     11.963    16.4327 4.3784e+01     3.8537      1.775      2.573    17.6626 0.0000e+00
      1.813      0.027     6.1032     61.609     38.329  32.765669     4.6742     11.957    16.6667 4.3582e+01     3.8361      1.779      2.580    17.6617 0.0000e+00
      1.818      0.028     5.8888     62.577     38.338  32.769754     4.7705     11.949    16.8382 4.3237e+01     3.7121      1.781      2.583    17.6602 0.0000e+00
      1.826      0.028     5.7995     63.807     38.412  32.815662     4.7346     11.942    17.0432 4.2606e+01     3.6525      1.789      2.594    17.6892 0.0000e+00
      1.836      0.029     5.8001     65.057     38.588  32.940072     4.4476     11.936    17.3392 4.2019e+01     3.6957      1.801      2.613    17.7181 0.0000e+00
      1.845      0.034     5.8452     66.130     38.884  33.132006     3.9386     11.928    17.6636 4.1706e+01     3.8251      1.811      2.627    17.7492 0.0000e+00
      1.851      0.043     5.9458     66.817     39.263  33.359881     3.6496     11.920    17.8675 4.1473e+01     3.8161      1.815      2.632    17.7415 0.0000e+00
      1.857      0.054     6.0771     67.016     39.665  33.601567     3.5676     11.912    18.1696 4.1048e+01     3.6891      1.819      2.638    17.7063 0.0000e+00
      1.868      0.064     6.2009     66.638     39.979  33.770125     3.2220     11.902    18.7356 4.0231e+01     3.6906      1.828      2.651    17.6995 0.0000e+00
      1.888      0.068     6.3227     65.238     40.057  33.748244     2.6329     11.892    19.4623 3.8901e+01     3.6980      1.847      2.680    17.6213 0.0000e+00
      1.918      0.062     6.4118     62.242     39.859  33.527223     2.3206     11.881    20.2457 3.7435e+01     3.6406      1.880      2.727    17.4753 0.0000e+00
      1.947      0.046     6.4428     57.398     39.526  33.254780     2.2770     11.870    20.7214 3.6384e+01     3.5438      1.914      2.776    17.3520 0.0000e+00
      1.964      0.025     6.4407     50.829     39.283  33.118782     2.2550     11.857    20.9122 3.5994e+01     3.4154      1.933      2.804    17.2304 0.0000e+00
      1.963      0.008     6.3488     43.249     39.216  33.151826     2.3628     11.843    20.9174 3.6371e+01     3.4892      1.932      2.802    17.1074 0.0000e+00
      1.945      0.000     6.0743     35.982     39.364  33.337224     2.5647     11.830    20.6983 3.7053e+01     3.6838      1.908      2.767    17.0230 0.0000e+00
      1.925      0.007     5.6064     30.488     39.674  33.584095     2.6651     11.819    20.5013 3.7380e+01     3.7198      1.882      2.728    17.0301 0.0000e+00
      1.919      0.029     4.9379     27.785     39.961  33.725870     2.6608     11.806    20.4278 3.7114e+01     3.6848      1.876      2.720    17.1406 0.0000e+00
      1.931      0.059     4.1456     27.976     40.191  33.782400     2.5960     11.794    20.4116 3.6209e+01     3.6707      1.889      2.738    17.2762 0.0000e+00
      1.959      0.088     3.3886     30.120     40.395  33.823311     2.5070     11.784    20.3913 3.4894e+01     3.6507      1.919      2.783    17.3742 0.0000e+00
      1.997      0.105     2.8223     32.525     40.553  33.839691     2.4502     11.775    20.5263 3.3499e+01     3.5807      1.959      2.842    17.3708 0.0000e+00
      2.037      0.108     2.5692     33.564     40.681  33.853424     2.4162     11.766    21.0977 3.2197e+01     3.4724      2.000      2.900    17.2087 0.0000e+00
      2.071      0.102     2.6297     32.344     40.761  33.862347     2.4127     11.757    21.7933 3.1361e+01     3.4358      2.037      2.954    17.0111 0.0000e+00
      2.093      0.092     2.9112     28.814     40.812  33.884061     2.4495     11.748    22.1389 3.1024e+01     3.5136      2.057      2.982    16.8603 0.0000e+00
      2.106      0.081     3.2165     23.614     40.870  33.925603     2.4944     11.739    22.4379 3.0672e+01     3.6277      2.064      2.995    16.7086 0.0000e+00
      2.119      0.072     3.3530     17.641     40.882  33.920513     2.5226     11.730    22.7416 3.0064e+01     3.6196      2.075      3.010    16.5887 0.0000e+00
      2.137      0.068     3.2431     11.867     40.855  33.885943     2.7576     11.721    22.6269 2.9234e+01     3.5517      2.093      3.036    16.5170 0.0000e+00
      2.158      0.068     2.8704      7.174     40.846  33.888272     3.2304     11.712    22.2558 2.8412e+01     3.6606      2.117      3.071    16.4989 0.0000e+00
      2.177      0.068     2.3322      3.962     40.901  33.948690     3.5111     11.702    22.0398 2.7704e+01     3.8428      2.135      3.097    16.5113 0.0000e+00
      2.194      0.065     1.7175      2.187     41.034  34.045467     3.5459     11.692    21.9955 2.6979e+01     3.8763      2.150      3.118    16.4832 0.0000e+00
      2.211      0.059     1.1174      1.622     41.169  34.106707     3.5109     11.683    21.9777 2.6380e+01     3.7930      2.170      3.147    16.4494 0.0000e+00
      2.226      0.053     0.6475      1.969     41.268  34.118065     3.4372     11.676    21.9965 2.5997e+01     3.6899      2.185      3.169    16.4754 0.0000e+00
      2.237      0.048     0.3370      2.826     41.347  34.119263     3.4119     11.668    21.9655 2.5636e+01     3.6884      2.194      3.183    16.5133 0.0000e+00
      2.247      0.043     0.1728      3.714     41.405  34.121103     3.4378     11.659    21.8603 2.5245e+01     3.7744      2.204      3.197    16.4980 0.0000e+00
      2.257      0.042     0.1268      4.250     41.467  34.140268     3.4339     11.651    21.8433 2.4925e+01     3.7736      2.215      3.212    16.4288 0.0000e+00
