Data/DataNotYetUploadedToEDI/Raw_CTD/RawDownloads/060126_fcr20_S7809004.cnv
* Sea-Bird SBE19plus  Data File:
* FileName = C:\R\Reservoirs\Data\DataNotYetUploadedToEDI\Raw_CTD\RawDownloads\062926_fcr50_S7809_0004.hex
* Software version 2.8.0.119
* Temperature SN = 7809
* Conductivity SN = 7809
* System UpLoad Time = Jun 30 2026 09:00:06
* <ApplicationData>
* <Seaterm232>
# nquan = 15
# nvalues = 826                         
# units = specified
# name 0 = depFM: Depth [fresh water, m]
# name 1 = dz/dtM: Descent Rate [m/s]
# name 2 = sbeox0Mg/L: Oxygen, SBE 43 [mg/l]
# name 3 = sbeox0PS: Oxygen, SBE 43 [% saturation]
# name 4 = specc: Specific Conductance [uS/cm]
# name 5 = c0uS/cm: Conductivity [uS/cm]
# name 6 = flECO-AFL: Fluorescence, WET Labs ECO-AFL/FL [mg/m^3]
# name 7 = ph: pH
# name 8 = orp: Oxidation Reduction Potential [mV]
# name 9 = par/sat/log: PAR/Logarithmic, Satlantic
# name 10 = turbWETntu0: Turbidity, WET Labs ECO [NTU]
# name 11 = prdM: Pressure, Strain Gauge [db]
# name 12 = prdE: Pressure, Strain Gauge [psi]
# name 13 = tv290C: Temperature [ITS-90, deg C]
# name 14 = flag:  0.000e+00
# span 0 =     -0.350,      3.267       
# span 1 =     -0.059,      0.127       
# span 2 =    -0.1954,    10.9433       
# span 3 =     -1.869,    123.283       
# span 4 =     34.776,    158.169       
# span 5 =  32.687160, 120.748834       
# span 6 =    -0.0456,    26.2292       
# span 7 =     10.223,     12.364       
# span 8 =  -133.5428,    54.9211       
# span 9 = 2.0528e+00, 1.3632e+03       
# span 10 =     0.1203,    58.6181      
# span 11 =     -0.348,      3.205      
# span 12 =     -0.505,      4.648      
# span 13 =    13.0668,    22.4848      
# span 14 = 0.0000e+00, 0.0000e+00      
# interval = seconds: 0.25
# start_time = Jun 01 2026 13:30:26 [Instrument's time stamp, header]
# bad_flag = -9.990e-29
*END*
[from data line 675]
      2.499      0.020    -0.1429     -1.389     49.322  39.840254     1.3750     10.898    41.9729 7.2453e+00     2.8430      2.452      3.556    15.4769 0.0000e+00
      2.504      0.017    -0.1439     -1.399     49.809  40.233611     1.3862     10.893    40.5114 7.2004e+00     2.9552      2.457      3.564    15.4470 0.0000e+00
      2.507      0.014    -0.1424     -1.395     50.289  40.624908     1.3855     10.888    39.1965 7.1724e+00     2.9455      2.459      3.566    15.4152 0.0000e+00
      2.510      0.012    -0.1363     -1.393     50.699  40.953871     1.3498     10.884    38.1199 7.1356e+00     2.8281      2.462      3.570    15.3924 0.0000e+00
      2.513      0.012    -0.1390     -1.400     51.044  41.228142     1.3211     10.879    37.4746 7.0936e+00     2.6976      2.465      3.575    15.3806 0.0000e+00
      2.515      0.012    -0.1410     -1.422     51.343  41.465858     1.3225     10.875    37.2449 7.0513e+00     2.6317      2.467      3.578    15.3824 0.0000e+00
      2.518      0.012    -0.1391     -1.462     51.598  41.670148     1.3413     10.870    37.2359 7.0041e+00     2.7141      2.469      3.581    15.3901 0.0000e+00
      2.522      0.012    -0.1390     -1.491     51.752  41.794123     1.3309     10.864    37.2791 6.9512e+00     2.7381      2.473      3.587    15.3874 0.0000e+00
      2.526      0.012    -0.1398     -1.500     51.864  41.885848     1.3055     10.859    37.3380 6.9247e+00     2.6816      2.477      3.593    15.3797 0.0000e+00
      2.528      0.013    -0.1408     -1.508     52.030  42.017549     1.3174     10.854    37.3450 6.9238e+00     2.7488      2.479      3.596    15.3777 0.0000e+00
      2.530      0.015    -0.1468     -1.496     52.325  42.244041     1.3411     10.850    37.0205 6.9031e+00     2.8329      2.481      3.598    15.3757 0.0000e+00
      2.533      0.018    -0.1509     -1.479     52.787  42.593250     1.3342     10.846    36.4247 6.8412e+00     2.7766      2.483      3.602    15.3736 0.0000e+00
      2.538      0.021    -0.1487     -1.498     53.253  42.939235     1.3089     10.843    35.9064 6.7596e+00     2.6483      2.489      3.609    15.3789 0.0000e+00
      2.544      0.023    -0.1523     -1.513     53.758  43.317124     1.3096     10.838    35.3998 6.6680e+00     2.6474      2.495      3.618    15.3789 0.0000e+00
      2.552      0.025    -0.1505     -1.508     54.383  43.798096     1.3184     10.834    34.6877 6.5753e+00     2.6984      2.502      3.629    15.3668 0.0000e+00
      2.561      0.025    -0.1449     -1.518     55.121  44.374797     1.2988     10.829    33.5772 6.5109e+00     2.6155      2.512      3.643    15.3452 0.0000e+00
      2.567      0.025    -0.1510     -1.534     55.857  44.957852     1.2975     10.823    32.1252 6.4502e+00     2.6023      2.517      3.652    15.3103 0.0000e+00
      2.572      0.024    -0.1532     -1.542     56.237  45.261613     1.3273     10.818    30.5541 6.3894e+00     2.7091      2.522      3.659    15.2834 0.0000e+00
      2.577      0.023    -0.1496     -1.544     56.457  45.444897     1.3511     10.813    28.6914 6.3369e+00     2.8139      2.526      3.663    15.2653 0.0000e+00
      2.582      0.023    -0.1524     -1.546     56.700  45.650371     1.3606     10.807    26.5532 6.2819e+00     2.9128      2.531      3.672    15.2448 0.0000e+00
      2.589      0.023    -0.1542     -1.559     56.696  45.651097     1.3836     10.801    24.5757 6.2346e+00     2.9481      2.540      3.684    15.2381 0.0000e+00
      2.595      0.023    -0.1548     -1.587     56.611  45.580652     1.4221     10.794    22.7643 6.1727e+00     2.9337      2.545      3.691    15.2350 0.0000e+00
      2.601      0.023    -0.1550     -1.617     56.831  45.750861     1.4261     10.786    20.8271 6.0977e+00     2.8756      2.551      3.700    15.2402 0.0000e+00
      2.607      0.023    -0.1545     -1.640     57.309  46.122001     1.4156     10.779    18.7916 6.0419e+00     2.8610      2.558      3.710    15.2571 0.0000e+00
      2.612      0.023    -0.1557     -1.657     57.739  46.449531     1.4195     10.771    16.8232 5.9938e+00     2.8932      2.562      3.717    15.2576 0.0000e+00
      2.617      0.024    -0.1587     -1.666     58.028  46.663760     1.4156     10.762    15.0105 5.9421e+00     2.8546      2.567      3.723    15.2545 0.0000e+00
      2.623      0.024    -0.1629     -1.675     58.229  46.807662     1.3929     10.753    13.3935 5.8904e+00     2.7361      2.572      3.731    15.2511 0.0000e+00
      2.630      0.024    -0.1644     -1.687     58.390  46.919709     1.3617     10.745    11.8992 5.8295e+00     2.5871      2.579      3.740    15.2364 0.0000e+00
      2.638      0.024    -0.1669     -1.682     58.434  46.939232     1.3624     10.737    10.4515 5.7659e+00     2.5911      2.587      3.751    15.2201 0.0000e+00
      2.645      0.023    -0.1676     -1.674     58.335  46.853228     1.3924     10.728     9.0532 5.7134e+00     2.7160      2.594      3.762    15.2046 0.0000e+00
      2.650      0.021    -0.1672     -1.670     58.219  46.768640     1.4008     10.721     7.6396 5.6790e+00     2.7655      2.600      3.771    15.1894 0.0000e+00
      2.655      0.020    -0.1710     -1.655     58.162  46.741812     1.3806     10.713     6.0940 5.6569e+00     2.7107      2.605      3.778    15.1740 0.0000e+00
      2.659      0.020    -0.1690     -1.643     58.354  46.909788     1.3399     10.706     4.3034 5.6326e+00     2.6006      2.608      3.782    15.1590 0.0000e+00
      2.662      0.021    -0.1672     -1.638     58.731  47.212489     1.2996     10.699     2.4238 5.6052e+00     2.5611      2.610      3.785    15.1484 0.0000e+00
      2.666      0.024    -0.1693     -1.633     58.934  47.354395     1.3006     10.692     0.6616 5.5642e+00     2.6426      2.614      3.791    15.1588 0.0000e+00
      2.672      0.027    -0.1654     -1.631     58.976  47.355806     1.3281     10.684    -1.0004 5.4752e+00     2.7323      2.620      3.800    15.1816 0.0000e+00
      2.682      0.029    -0.1648     -1.630     59.010  47.356487     1.3317     10.677    -2.5282 5.3678e+00     2.6887      2.630      3.814    15.1943 0.0000e+00
      2.693      0.029    -0.1646     -1.623     59.045  47.362598     1.3026     10.669    -3.9586 5.3108e+00     2.6284      2.643      3.833    15.1979 0.0000e+00
      2.702      0.028    -0.1637     -1.614     59.157  47.429666     1.2757     10.660    -5.3890 5.2800e+00     2.6868      2.650      3.843    15.1765 0.0000e+00
      2.707      0.026    -0.1640     -1.621     59.311  47.532495     1.2730     10.654    -6.7445 5.2489e+00     2.8138      2.655      3.850    15.1404 0.0000e+00
      2.712      0.023    -0.1641     -1.637     59.394  47.590068     1.2951     10.649    -7.9588 5.2304e+00     2.9685      2.659      3.857    15.1209 0.0000e+00
      2.717      0.020    -0.1638     -1.648     59.426  47.617858     1.3101     10.644    -9.1443 5.2014e+00     2.9180      2.663      3.863    15.1052 0.0000e+00
      2.722      0.019    -0.1610     -1.653     59.421  47.614558     1.2956     10.639   -10.4089 5.1588e+00     2.6806      2.670      3.872    15.0842 0.0000e+00
      2.727      0.020    -0.1631     -1.656     59.496  47.677142     1.2862     10.634   -11.8060 5.1371e+00     2.5583      2.675      3.880    15.0630 0.0000e+00
      2.731      0.021    -0.1651     -1.664     59.788  47.930129     1.2972     10.629   -13.3024 5.1258e+00     2.6350      2.678      3.883    15.0550 0.0000e+00
      2.735      0.024    -0.1660     -1.667     60.244  48.324330     1.3193     10.624   -14.8223 5.0900e+00     2.7874      2.681      3.888    15.0635 0.0000e+00
      2.741      0.026    -0.1671     -1.663     60.770  48.761028     1.3289     10.619   -16.3304 5.0323e+00     2.7611      2.687      3.897    15.0626 0.0000e+00
      2.749      0.029    -0.1658     -1.644     61.277  49.146798     1.3130     10.615   -17.8564 4.9741e+00     2.5900      2.695      3.909    15.0570 0.0000e+00
      2.758      0.032    -0.1683     -1.611     61.697  49.433044     1.2940     10.611   -19.3347 4.9126e+00     2.4951      2.705      3.923    15.0744 0.0000e+00
      2.767      0.034    -0.1676     -1.586     61.998  49.618714     1.2663     10.608   -20.7824 4.8391e+00     2.5707      2.714      3.934    15.1083 0.0000e+00
      2.775      0.034    -0.1675     -1.569     62.126  49.677312     1.2355     10.605   -22.3694 4.7748e+00     2.7190      2.721      3.947    15.1277 0.0000e+00
      2.785      0.033    -0.1666     -1.553     62.113  49.633534     1.2130     10.601   -23.8959 4.7269e+00     2.7161      2.731      3.961    15.1102 0.0000e+00
      2.794      0.030    -0.1610     -1.543     62.103  49.597318     1.1856     10.597   -25.3001 4.6721e+00     2.6035      2.740      3.973    15.0584 0.0000e+00
      2.803      0.026    -0.1599     -1.557     62.163  49.620359     1.1539     10.594   -26.7855 4.6189e+00     2.4851      2.749      3.987    15.0074 0.0000e+00
      2.809      0.022    -0.1581     -1.589     62.239  49.658114     1.1381     10.592   -28.4345 4.5874e+00     2.4121      2.757      3.998    14.9751 0.0000e+00
      2.813      0.018    -0.1568     -1.628     62.284  49.672816     1.1524     10.589   -30.2662 4.5673e+00     2.4716      2.759      4.002    14.9494 0.0000e+00
      2.816      0.017    -0.1546     -1.675     62.299  49.671105     1.1688     10.586   -32.3272 4.5577e+00     2.5570      2.762      4.006    14.9264 0.0000e+00
      2.818      0.018    -0.1564     -1.702     62.421  49.764395     1.1699     10.583   -34.5118 4.5587e+00     2.5213      2.763      4.008    14.9077 0.0000e+00
      2.820      0.022    -0.1610     -1.712     62.840  50.102326     1.1659     10.580   -36.5466 4.5414e+00     2.3820      2.765      4.011    14.8898 0.0000e+00
      2.825      0.027    -0.1634     -1.730     63.359  50.518715     1.1870     10.575   -38.6036 4.4875e+00     2.3410      2.770      4.017    14.8695 0.0000e+00
      2.835      0.031    -0.1706     -1.748     63.729  50.798649     1.2245     10.570   -40.7978 4.4215e+00     2.4697      2.779      4.029    14.8593 0.0000e+00
      2.846      0.034    -0.1735     -1.748     64.120  51.074060     1.2124     10.566   -42.9438 4.3770e+00     2.5038      2.791      4.048    14.8551 0.0000e+00
      2.857      0.035    -0.1717     -1.731     64.559  51.372179     1.1573     10.563   -45.0198 4.3499e+00     2.4118      2.802      4.065    14.8604 0.0000e+00
      2.867      0.034    -0.1753     -1.713     64.847  51.545647     1.1162     10.559   -46.9691 4.3215e+00     2.4161      2.812      4.078    14.8702 0.0000e+00
      2.875      0.031    -0.1772     -1.700     64.952  51.583882     1.1146     10.555   -48.7888 4.2982e+00     2.5556      2.820      4.090    14.8571 0.0000e+00
      2.881      0.027    -0.1778     -1.687     64.981  51.580408     1.1300     10.552   -50.5879 4.2815e+00     2.7323      2.827      4.100    14.8279 0.0000e+00
      2.886      0.025    -0.1754     -1.684     65.061  51.630615     1.1346     10.547   -52.2891 4.2547e+00     2.7758      2.831      4.106    14.7859 0.0000e+00
      2.892      0.025    -0.1729     -1.690     65.298  51.809917     1.1292     10.542   -53.8708 4.2192e+00     2.6042      2.836      4.113    14.7361 0.0000e+00
      2.898      0.026    -0.1733     -1.690     65.758  52.160777     1.1148     10.538   -55.6014 4.1913e+00     2.3649      2.842      4.122    14.6995 0.0000e+00
      2.905      0.027    -0.1705     -1.680     66.232  52.507206     1.1107     10.534   -57.3819 4.1724e+00     2.2390      2.849      4.132    14.6823 0.0000e+00
      2.913      0.029    -0.1707     -1.687     66.524  52.696374     1.1287     10.531   -58.9658 4.1474e+00     2.2095      2.856      4.142    14.6741 0.0000e+00
      2.921      0.030    -0.1717     -1.722     66.792  52.860339     1.1584     10.528   -60.4688 4.1029e+00     2.2137      2.864      4.154    14.6685 0.0000e+00
      2.930      0.031    -0.1726     -1.754     67.090  53.029032     1.1614     10.523   -61.9610 4.0534e+00     2.1868      2.873      4.167    14.6631 0.0000e+00
      2.937      0.032    -0.1700     -1.771     67.270  53.084827     1.1322     10.519   -63.4134 4.0148e+00     2.0900      2.880      4.177    14.6390 0.0000e+00
      2.943      0.031    -0.1697     -1.776     67.290  53.026807     1.1137     10.516   -64.7796 3.9706e+00     2.0340      2.886      4.186    14.6028 0.0000e+00
      2.952      0.029    -0.1758     -1.767     67.157  52.898972     1.1204     10.511   -66.0905 3.9183e+00     2.0896      2.894      4.198    14.5734 0.0000e+00
      2.962      0.025    -0.1795     -1.762     67.005  52.809259     1.1459     10.507   -67.3904 3.8807e+00     2.2157      2.906      4.214    14.5258 0.0000e+00
      2.970      0.023    -0.1807     -1.766     67.130  52.958209     1.1475     10.504   -68.7087 3.8650e+00     2.2264      2.915      4.228    14.4499 0.0000e+00
      2.974      0.021    -0.1828     -1.779     67.473  53.239352     1.1319     10.502   -70.0698 3.8609e+00     2.1512      2.917      4.231    14.3813 0.0000e+00
      2.975      0.021    -0.1798     -1.791     67.692  53.350804     1.1481     10.500   -71.3728 3.8505e+00     2.2283      2.917      4.231    14.3662 0.0000e+00
      2.978      0.021    -0.1797     -1.777     67.790  53.353103     1.1773     10.497   -72.6749 3.8218e+00     2.4064      2.918      4.233    14.3952 0.0000e+00
      2.984      0.023    -0.1804     -1.766     67.878  53.394072     1.2106     10.493   -74.0266 3.7878e+00     2.5629      2.926      4.244    14.4515 0.0000e+00
      2.993      0.026    -0.1801     -1.775     67.964  53.465081     1.2672     10.489   -75.3256 3.7593e+00     2.6519      2.936      4.258    14.4772 0.0000e+00
      3.001      0.028    -0.1857     -1.781     68.118  53.576612     1.3129     10.486   -76.5941 3.7352e+00     2.6289      2.943      4.268    14.4056 0.0000e+00
      3.009      0.029    -0.1809     -1.768     68.281  53.662950     1.3045     10.484   -77.8342 3.7225e+00     2.5581      2.951      4.280    14.3291 0.0000e+00
      3.016      0.027    -0.1797     -1.748     68.374  53.683341     1.2992     10.483   -78.9636 3.7052e+00     2.5825      2.957      4.290    14.3181 0.0000e+00
      3.023      0.024    -0.1819     -1.742     68.434  53.696089     1.3236     10.480   -80.0103 3.6690e+00     2.6504      2.963      4.298    14.3347 0.0000e+00
      3.030      0.023    -0.1828     -1.738     68.532  53.753537     1.3746     10.477   -81.1111 3.6426e+00     2.7293      2.972      4.312    14.3348 0.0000e+00
      3.035      0.024    -0.1822     -1.730     68.795  53.933358     1.4496     10.474   -82.3792 3.6372e+00     2.8524      2.978      4.319    14.2955 0.0000e+00
      3.037      0.025    -0.1774     -1.711     69.170  54.155540     1.4736     10.473   -83.7277 3.6314e+00     2.8752      2.978      4.319    14.2456 0.0000e+00
      3.042      0.026    -0.1793     -1.692     69.500  54.280555     1.5071     10.471   -84.9395 3.6119e+00     2.9371      2.981      4.324    14.2252 0.0000e+00
      3.050      0.027    -0.1779     -1.702     69.797  54.365099     1.8712     10.468   -86.0180 3.5798e+00     3.4983      2.990      4.336    14.2135 0.0000e+00
      3.060      0.027    -0.1777     -1.730     70.007  54.415462     2.4966     10.467   -87.1315 3.5434e+00     4.3663      3.002      4.355    14.2074 0.0000e+00
      3.069      0.026    -0.1765     -1.757     70.042  54.381275     2.8258     10.467   -88.2501 3.5162e+00     4.7554      3.012      4.368    14.1655 0.0000e+00
      3.075      0.024    -0.1721     -1.776     69.982  54.332735     2.8970     10.465   -89.3037 3.4956e+00     4.7189      3.016      4.374    14.0493 0.0000e+00
      3.080      0.020    -0.1755     -1.787     69.940  54.336645     3.5903     10.461   -90.4071 3.4717e+00     5.3930      3.020      4.381    13.9307 0.0000e+00
