Data/DataNotYetUploadedToEDI/Raw_CTD/RawDownloads/060126_fcr10_S7809003.cnv
* Sea-Bird SBE19plus  Data File:
* FileName = C:\R\Reservoirs\Data\DataNotYetUploadedToEDI\Raw_CTD\RawDownloads\062926_fcr50_S7809_0003.hex
* Software version 2.8.0.119
* Temperature SN = 7809
* Conductivity SN = 7809
* System UpLoad Time = Jun 30 2026 08:59:41
* <ApplicationData>
* <Seaterm232>
# nquan = 15
# nvalues = 444                         
# units = specified
# name 0 = depFM: Depth [fresh water, m]
# name 1 = dz/dtM: Descent Rate [m/s]
# name 2 = sbeox0Mg/L: Oxygen, SBE 43 [mg/l]
# name 3 = sbeox0PS: Oxygen, SBE 43 [% saturation]
# name 4 = specc: Specific Conductance [uS/cm]
# name 5 = c0uS/cm: Conductivity [uS/cm]
# name 6 = flECO-AFL: Fluorescence, WET Labs ECO-AFL/FL [mg/m^3]
# name 7 = ph: pH
# name 8 = orp: Oxidation Reduction Potential [mV]
# name 9 = par/sat/log: PAR/Logarithmic, Satlantic
# name 10 = turbWETntu0: Turbidity, WET Labs ECO [NTU]
# name 11 = prdM: Pressure, Strain Gauge [db]
# name 12 = prdE: Pressure, Strain Gauge [psi]
# name 13 = tv290C: Temperature [ITS-90, deg C]
# name 14 = flag:  0.000e+00
# span 0 =     -0.477,      2.264       
# span 1 =     -0.053,      0.206       
# span 2 =    -0.5268,    11.2180       
# span 3 =     -5.118,    126.986       
# span 4 =     35.742,     57.574       
# span 5 =  33.525126,  48.221417       
# span 6 =    -0.0265,    48.8198       
# span 7 =     10.321,     12.268       
# span 8 =  -270.2146,    47.3217       
# span 9 = 2.1081e-01, 3.9588e+02       
# span 10 =     0.5485,   120.4747      
# span 11 =     -0.487,      2.223      
# span 12 =     -0.706,      3.223      
# span 13 =    16.7949,    22.3316      
# span 14 = 0.0000e+00, 0.0000e+00      
# interval = seconds: 0.25
# start_time = Jun 01 2026 13:24:29 [Instrument's time stamp, header]
# bad_flag = -9.990e-29
*END*
[from data line 386]
      2.181      0.004     0.2930      1.861     51.791  43.610663     3.9492     10.950    -4.7478 1.5787e+00   100.1026      2.139      3.102    17.1576 0.0000e+00
      2.182      0.004     0.2896      1.473     52.013  43.787410     3.9720     10.940   -10.6106 1.5185e+00    99.5438      2.140      3.104    17.1285 0.0000e+00
      2.184      0.005     0.2659      1.174     52.017  43.774721     3.9361     10.930   -17.6659 1.4683e+00    99.1822      2.142      3.106    17.1017 0.0000e+00
      2.185      0.006     0.2259      0.964     51.963  43.711128     3.5740     10.919   -22.9421 1.4458e+00    97.3354      2.142      3.107    17.1022 0.0000e+00
      2.185      0.008     0.1753      0.838     51.910  43.653242     2.9390     10.908   -26.5660 1.4045e+00    94.1229      2.142      3.107    17.1025 0.0000e+00
      2.186      0.010     0.1396      0.767     51.675  43.455657     2.5918     10.896   -29.8190 1.2880e+00    92.3823      2.143      3.108    17.0903 0.0000e+00
      2.189      0.010     0.1102      0.739     51.228  43.099416     2.5480     10.885   -32.7630 1.1234e+00    92.2421      2.145      3.113    17.0746 0.0000e+00
      2.194      0.010     0.0896      0.749     50.941  42.900535     2.2427     10.875   -35.3180 1.0046e+00    92.8034      2.152      3.122    17.0528 0.0000e+00
      2.199      0.009     0.0797      0.783     50.956  42.955280     1.6644     10.864   -37.4808 9.6049e-01    94.0445      2.158      3.131    17.0392 0.0000e+00
      2.201      0.008     0.0725      0.832     51.364  43.317075     1.3479     10.854   -39.4678 9.5136e-01    94.8485      2.159      3.132    17.0378 0.0000e+00
      2.201      0.006     0.0701      0.961     52.078  43.910856     1.3294     10.845   -41.4471 9.4314e-01    95.4532      2.158      3.131    17.0505 0.0000e+00
      2.201      0.004     0.0708      1.224     52.636  44.358381     1.3994     10.836   -43.3435 9.1628e-01   101.0486      2.159      3.131    17.1031 0.0000e+00
      2.202      0.004     0.0763      1.557     52.955  44.602073     1.4944     10.828   -45.1899 8.8307e-01   111.2289      2.160      3.132    17.1572 0.0000e+00
      2.203      0.004     0.0776      1.882     53.246  44.826002     1.5294     10.821   -47.1659 8.5612e-01   116.7815      2.161      3.134    17.1718 0.0000e+00
      2.204      0.005     0.0862      2.162     53.445  44.971063     1.5313     10.814   -49.3392 8.3183e-01   116.9791      2.162      3.135    17.1599 0.0000e+00
      2.206      0.005     0.1159      2.352     53.607  45.086379     1.5508     10.806   -51.5058 8.1588e-01   113.0373      2.165      3.139    17.1326 0.0000e+00
      2.208      0.006     0.1510      2.433     53.984  45.395013     1.5742     10.798   -53.4012 7.9723e-01   105.7072      2.166      3.141    17.1062 0.0000e+00
      2.209      0.007     0.1824      2.388     54.678  45.973056     1.5638     10.788   -55.0477 7.7740e-01   101.6574      2.167      3.141    17.0901 0.0000e+00
      2.210      0.007     0.2122      2.206     55.541  46.679451     1.5342     10.778   -56.5283 7.6160e-01   101.4764      2.168      3.143    17.0691 0.0000e+00
      2.212      0.008     0.2307      1.948     56.055  47.079705     1.5320     10.766   -57.8823 7.2399e-01   103.3820      2.168      3.146    17.0426 0.0000e+00
      2.215      0.008     0.2386      1.675     56.075  47.066873     1.5703     10.753   -59.2007 6.8269e-01   106.7635      2.173      3.152    17.0386 0.0000e+00
      2.217      0.008     0.2365      1.392     56.057  47.032153     1.6144     10.742   -60.5092 6.6463e-01   108.5449      2.175      3.155    17.0434 0.0000e+00
      2.220      0.008     0.2155      1.122     56.235  47.167770     1.6077     10.732   -61.9162 6.5143e-01   108.4210      2.176      3.157    17.0232 0.0000e+00
      2.222      0.008     0.1877      0.888     56.571  47.436869     1.4639     10.721   -63.6507 6.3116e-01   106.3255      2.179      3.160    16.9888 0.0000e+00
      2.223      0.008     0.1631      0.671     57.035  47.809799     1.2407     10.706   -65.6499 6.1047e-01   102.6786      2.180      3.161    16.9599 0.0000e+00
      2.224      0.008     0.1345      0.488     57.431  48.121482     1.1479     10.681   -67.5890 5.9034e-01   100.8083      2.181      3.163    16.9450 0.0000e+00
      2.227      0.008     0.1062      0.368     57.574  48.221417     1.1663     10.644   -69.2870 5.6521e-01   100.7573      2.183      3.166    16.9345 0.0000e+00
      2.230      0.008     0.0863      0.294     57.404  48.065740     1.1465     10.593   -71.3811 5.3888e-01   100.7302      2.186      3.171    16.9221 0.0000e+00
      2.233      0.008     0.0640      0.249     57.044  47.762918     1.0249     10.530   -74.6689 5.1800e-01   100.9592      2.191      3.177    16.9110 0.0000e+00
      2.235      0.008     0.0442      0.232     56.697  47.480501     0.8528     10.469   -78.4959 5.0456e-01   101.6132      2.192      3.179    16.8912 0.0000e+00
      2.236      0.007     0.0345      0.227     56.111  47.000131     0.7800     10.421   -82.1185 4.8667e-01   102.0105      2.192      3.179    16.8704 0.0000e+00
      2.238      0.006     0.0276      0.208     55.228  46.271859     0.7946     10.387   -87.8392 4.6493e-01   101.4249      2.194      3.183    16.8588 0.0000e+00
      2.240      0.005     0.0230      0.193     54.621  45.785324     0.7056     10.363   -99.6538 4.5105e-01    93.5079      2.196      3.186    16.8573 0.0000e+00
      2.241      0.005     0.0218      0.200     54.462  45.688319     0.5028     10.345  -116.7311 4.3393e-01    78.8756      2.198      3.188    16.8676 0.0000e+00
      2.241      0.006     0.0229      0.211     54.232  45.543411     0.3894     10.333  -133.8564 4.1395e-01    70.8114      2.198      3.188    16.8793 0.0000e+00
      2.242      0.007     0.0205      0.250     53.797  45.239446     0.3989     10.326  -148.6594 4.0775e-01    69.3451      2.199      3.189    16.8831 0.0000e+00
      2.244      0.007     0.0167      0.345     53.519  45.060257     0.3608     10.322  -162.1804 4.0280e-01    60.3954      2.201      3.193    16.9018 0.0000e+00
      2.246      0.008     0.0204      0.485     53.539  45.090899     0.2194     10.321  -174.5592 3.8064e-01    43.9008      2.203      3.195    16.9406 0.0000e+00
      2.249      0.008     0.0196      0.669     53.754  45.229075     0.1132     10.322  -185.4473 3.5991e-01    34.9002      2.205      3.198    16.9787 0.0000e+00
      2.253      0.008     0.0212      0.875     53.894  45.270837     0.0909     10.326  -195.8284 3.4678e-01    34.4397      2.209      3.204    17.0433 0.0000e+00
      2.255      0.007     0.0326      1.074     53.972  45.278336     0.1583     10.330  -207.1543 3.3060e-01    38.1620      2.212      3.208    17.1087 0.0000e+00
      2.257      0.006     0.0446      1.247     54.357  45.573598     0.2962     10.335  -234.2837 3.1787e-01    45.0633      2.213      3.210    17.1288 0.0000e+00
      2.257      0.004     0.0638      1.378     54.963  46.047600     0.3676     10.340  -266.5899 2.9752e-01    48.8470      2.213      3.210    17.0811 0.0000e+00
      2.258      0.003     0.0852      1.440     55.264  46.248257     0.3726     10.345  -270.2146 2.7034e-01    49.5810      2.214      3.211    16.9846 0.0000e+00
      2.259      0.002     0.1046      1.392     55.198  46.158664     0.5143     10.350  -260.5574 2.5272e-01    54.7240      2.215      3.213    16.9271 0.0000e+00
      2.259      0.001     0.1221      1.227     55.142  46.107004     0.8164     10.355  -257.5470 2.3551e-01    64.3681      2.215      3.213    16.9218 0.0000e+00
      2.259      0.001     0.1354      0.985     55.163  46.131508     1.0119     10.361  -256.0135 2.2837e-01    69.7895      2.215      3.213    16.8978 0.0000e+00
      2.259      0.001     0.1439      0.695     55.087  46.074049     1.0557     10.366  -255.6963 2.3226e-01    70.3664      2.215      3.213    16.8288 0.0000e+00
      2.259      0.000     0.1394      0.374     54.969  45.983623     1.0465     10.371  -256.2077 2.2612e-01    70.3186      2.215      3.213    16.7949 0.0000e+00
      2.259 8.3811e-07     0.1214      0.066     54.953  45.990433     0.9678     10.376  -256.2607 2.1982e-01    69.8947      2.216      3.214    16.8024 0.0000e+00
      2.259      0.000     0.0970     -0.184     54.745  45.839003     0.8866     10.381  -255.8203 2.2094e-01    69.3401      2.216      3.214    16.8102 0.0000e+00
      2.259      0.000     0.0689     -0.377     54.005  45.231900     0.8799     10.386  -255.7007 2.1744e-01    69.1466      2.215      3.213    16.8162 0.0000e+00
      2.259      0.001     0.0359     -0.504     53.104  44.490225     0.8950     10.391  -257.2234 2.1081e-01    69.1952      2.215      3.213    16.8170 0.0000e+00
      2.259      0.002     0.0036     -0.548     52.712  44.171628     0.8942     10.393  -258.6587 2.1253e-01    69.2105      2.216      3.214    16.8374 0.0000e+00
      2.260 -9.990e-29    -0.0194 -9.990e-29 -9.990e-29 -9.990e-29 -9.990e-29 -9.990e-29 -9.990e-29 2.1193e-01 -9.990e-29      2.216      3.214    16.8711 0.0000e+00
      2.260 -9.990e-29    -0.0386 -9.990e-29 -9.990e-29 -9.990e-29 -9.990e-29 -9.990e-29 -9.990e-29 2.1646e-01 -9.990e-29      2.215      3.214    16.8704 0.0000e+00
      2.262 -9.990e-29    -0.0522 -9.990e-29 -9.990e-29 -9.990e-29 -9.990e-29 -9.990e-29 -9.990e-29 2.8687e-01 -9.990e-29      2.218      3.217    16.8820 0.0000e+00
      2.264 -9.990e-29    -0.0557 -9.990e-29 -9.990e-29 -9.990e-29 -9.990e-29 -9.990e-29 -9.990e-29 3.4829e-01 -9.990e-29      2.223      3.223    16.9096 0.0000e+00
