Data/DataNotYetUploadedToEDI/Raw_CTD/RawDownloads/060126_fcr20_S7809004.cnv
* Sea-Bird SBE19plus  Data File:
* FileName = C:\R\Reservoirs\Data\DataNotYetUploadedToEDI\Raw_CTD\RawDownloads\062926_fcr50_S7809_0004.hex
* Software version 2.8.0.119
* Temperature SN = 7809
* Conductivity SN = 7809
* System UpLoad Time = Jun 30 2026 09:00:06
* <ApplicationData>
* <Seaterm232>
# nquan = 15
# nvalues = 826                         
# units = specified
# name 0 = depFM: Depth [fresh water, m]
# name 1 = dz/dtM: Descent Rate [m/s]
# name 2 = sbeox0Mg/L: Oxygen, SBE 43 [mg/l]
# name 3 = sbeox0PS: Oxygen, SBE 43 [% saturation]
# name 4 = specc: Specific Conductance [uS/cm]
# name 5 = c0uS/cm: Conductivity [uS/cm]
# name 6 = flECO-AFL: Fluorescence, WET Labs ECO-AFL/FL [mg/m^3]
# name 7 = ph: pH
# name 8 = orp: Oxidation Reduction Potential [mV]
# name 9 = par/sat/log: PAR/Logarithmic, Satlantic
# name 10 = turbWETntu0: Turbidity, WET Labs ECO [NTU]
# name 11 = prdM: Pressure, Strain Gauge [db]
# name 12 = prdE: Pressure, Strain Gauge [psi]
# name 13 = tv290C: Temperature [ITS-90, deg C]
# name 14 = flag:  0.000e+00
# span 0 =     -0.350,      3.267       
# span 1 =     -0.059,      0.127       
# span 2 =    -0.1954,    10.9433       
# span 3 =     -1.869,    123.283       
# span 4 =     34.776,    158.169       
# span 5 =  32.687160, 120.748834       
# span 6 =    -0.0456,    26.2292       
# span 7 =     10.223,     12.364       
# span 8 =  -133.5428,    54.9211       
# span 9 = 2.0528e+00, 1.3632e+03       
# span 10 =     0.1203,    58.6181      
# span 11 =     -0.348,      3.205      
# span 12 =     -0.505,      4.648      
# span 13 =    13.0668,    22.4848      
# span 14 = 0.0000e+00, 0.0000e+00      
# interval = seconds: 0.25
# start_time = Jun 01 2026 13:30:26 [Instrument's time stamp, header]
# bad_flag = -9.990e-29
*END*
[from data line 482]
      1.571      0.025     8.0885     81.766     38.058  33.201058     7.3933     11.997    28.8321 3.8277e+01     5.4442      1.539      2.233    18.4428 0.0000e+00
      1.579      0.028     7.9385     81.340     38.069  33.220748     7.3766     11.992    28.8815 3.7788e+01     5.5369      1.549      2.247    18.4452 0.0000e+00
      1.588      0.030     7.8040     81.106     38.129  33.259399     7.3818     11.985    28.9205 3.7301e+01     5.4426      1.558      2.259    18.4810 0.0000e+00
      1.597      0.031     7.7008     81.083     38.197  33.287708     7.3815     11.979    28.9596 3.6787e+01     5.2597      1.566      2.272    18.5687 0.0000e+00
      1.606      0.030     7.6337     81.306     38.281  33.309214     7.4144     11.974    29.0964 3.6250e+01     5.1362      1.574      2.283    18.6350 0.0000e+00
      1.614      0.028     7.5942     81.706     38.371  33.329035     7.4558     11.970    29.2848 3.5742e+01     5.1785      1.582      2.296    18.6350 0.0000e+00
      1.621      0.026     7.5750     82.013     38.430  33.336954     7.4908     11.965    29.4294 3.5431e+01     5.2246      1.590      2.307    18.6161 0.0000e+00
      1.626      0.024     7.5758     81.968     38.457  33.341461     7.4625     11.961    29.5546 3.5184e+01     5.1479      1.593      2.311    18.5824 0.0000e+00
      1.631      0.024     7.6090     81.487     38.507  33.383508     7.3714     11.957    29.5942 3.4861e+01     5.1391      1.598      2.318    18.5042 0.0000e+00
      1.637      0.024     7.6712     80.567     38.601  33.464689     7.3217     11.953    29.5642 3.4508e+01     5.2205      1.605      2.328    18.4177 0.0000e+00
      1.643      0.024     7.7216     79.329     38.659  33.498259     7.3108     11.949    29.6208 3.4148e+01     5.2437      1.610      2.336    18.3541 0.0000e+00
      1.649      0.025     7.7189     77.989     38.675  33.472167     7.2888     11.944    29.7623 3.3722e+01     5.2152      1.616      2.345    18.3364 0.0000e+00
      1.657      0.025     7.6750     76.658     38.713  33.466363     7.1232     11.939    29.8137 3.3288e+01     5.2168      1.625      2.356    18.3441 0.0000e+00
      1.664      0.024     7.5842     75.345     38.767  33.491475     6.8571     11.935    29.8119 3.2946e+01     5.3653      1.632      2.366    18.3480 0.0000e+00
      1.669      0.022     7.4584     73.993     38.825  33.521999     6.7512     11.930    29.9981 3.2576e+01     5.5429      1.637      2.374    18.3376 0.0000e+00
      1.674      0.022     7.3418     72.589     38.931  33.581627     6.7579     11.925    30.3444 3.2197e+01     5.5870      1.643      2.382    18.2678 0.0000e+00
      1.679      0.022     7.2243     71.267     39.053  33.641399     6.6303     11.920    30.6439 3.1943e+01     5.4543      1.648      2.390    18.2044 0.0000e+00
      1.683      0.023     7.1046     70.012     39.144  33.673652     6.3813     11.914    30.8653 3.1684e+01     5.2032      1.650      2.393    18.1947 0.0000e+00
      1.687      0.025     6.9838     68.547     39.227  33.717763     6.2529     11.908    31.1288 3.1257e+01     5.1466      1.654      2.398    18.1741 0.0000e+00
      1.694      0.026     6.8483     66.577     39.246  33.730601     6.2595     11.901    31.4207 3.0696e+01     5.2823      1.661      2.408    18.1306 0.0000e+00
      1.703      0.026     6.7297     63.890     39.214  33.701986     6.0953     11.895    31.6415 3.0120e+01     5.3416      1.670      2.422    18.0715 0.0000e+00
      1.712      0.025     6.6367     60.627     39.211  33.688997     5.7239     11.888    31.7338 2.9675e+01     5.2478      1.681      2.438    17.9977 0.0000e+00
      1.719      0.024     6.5091     57.307     39.234  33.700429     5.4898     11.881    31.7622 2.9380e+01     5.1053      1.687      2.446    17.9582 0.0000e+00
      1.723      0.022     6.3327     54.313     39.255  33.713300     5.4364     11.874    31.8129 2.9159e+01     5.1215      1.690      2.451    17.9701 0.0000e+00
      1.727      0.021     6.0753     51.839     39.269  33.717725     5.3202     11.868    31.9162 2.8981e+01     5.3065      1.694      2.457    17.9761 0.0000e+00
      1.730      0.021     5.7426     50.057     39.318  33.753929     5.1084     11.860    32.2367 2.8773e+01     5.3960      1.697      2.462    17.9509 0.0000e+00
      1.735      0.022     5.4189     49.055     39.417  33.833813     4.9728     11.852    32.5910 2.8449e+01     5.3149      1.700      2.468    17.9409 0.0000e+00
      1.742      0.023     5.1312     48.811     39.539  33.922261     4.9375     11.844    32.7586 2.8022e+01     5.2824      1.707      2.476    17.9405 0.0000e+00
      1.750      0.023     4.8909     49.185     39.665  33.998547     4.7561     11.837    32.8862 2.7620e+01     5.3787      1.716      2.488    17.9239 0.0000e+00
      1.757      0.023     4.7198     49.826     39.783  34.058251     4.4206     11.831    32.9290 2.7329e+01     5.4895      1.723      2.499    17.9173 0.0000e+00
      1.762      0.022     4.6256     50.229     39.848  34.073078     4.2256     11.825    32.8468 2.7114e+01     5.4606      1.729      2.508    17.9199 0.0000e+00
      1.767      0.019     4.6078     49.999     39.856  34.050876     4.1716     11.819    32.8389 2.6928e+01     5.3366      1.733      2.515    17.9016 0.0000e+00
      1.771      0.015     4.6582     48.898     39.852  34.043554     4.1331     11.813    33.0049 2.6755e+01     5.2884      1.737      2.520    17.8558 0.0000e+00
      1.775      0.013     4.7461     46.916     39.841  34.047979     4.0776     11.807    33.2198 2.6641e+01     5.3562      1.742      2.526    17.8019 0.0000e+00
      1.778      0.013     4.8012     44.386     39.816  34.040954     3.9829     11.799    33.3716 2.6613e+01     5.4724      1.744      2.530    17.7456 0.0000e+00
      1.780      0.014     4.7914     41.703     39.783  34.022081     3.9117     11.791    33.5501 2.6582e+01     5.4636      1.745      2.531    17.7001 0.0000e+00
      1.782      0.017     4.6919     39.243     39.774  34.010139     3.8741     11.785    34.0019 2.6428e+01     5.3526      1.747      2.534    17.6988 0.0000e+00
      1.786      0.020     4.4825     37.362     39.818  34.023445     3.7776     11.780    34.7898 2.6156e+01     5.3254      1.750      2.540    17.7269 0.0000e+00
      1.793      0.024     4.2285     36.265     39.900  34.056050     3.6193     11.774    35.5048 2.5794e+01     5.3390      1.757      2.549    17.7447 0.0000e+00
      1.801      0.025     3.9604     35.987     39.974  34.087075     3.5251     11.768    35.8500 2.5404e+01     5.3133      1.767      2.562    17.7610 0.0000e+00
      1.808      0.025     3.7116     36.380     39.982  34.081310     3.4881     11.763    36.1243 2.5056e+01     5.2189      1.774      2.573    17.7628 0.0000e+00
      1.816      0.023     3.5298     37.088     39.946  34.049769     3.3879     11.757    36.4980 2.4709e+01     5.0866      1.780      2.582    17.7254 0.0000e+00
      1.823      0.020     3.4280     37.752     39.911  34.022939     3.2543     11.751    36.7547 2.4449e+01     5.1136      1.789      2.595    17.6695 0.0000e+00
      1.828      0.017     3.4085     38.240     39.888  34.010698     3.2040     11.744    36.9042 2.4349e+01     5.2378      1.794      2.601    17.6221 0.0000e+00
      1.830      0.015     3.4608     38.590     39.893  34.028659     3.2046     11.738    37.0161 2.4283e+01     5.2562      1.794      2.602    17.6103 0.0000e+00
      1.831      0.015     3.5426     38.852     39.893  34.049790     3.1206     11.731    37.0747 2.4158e+01     5.1994      1.796      2.605    17.6169 0.0000e+00
      1.834      0.015     3.6091     39.086     39.900  34.075889     2.9622     11.724    37.1835 2.3993e+01     5.1664      1.798      2.609    17.6174 0.0000e+00
      1.838      0.016     3.6517     39.336     39.978  34.153908     2.8876     11.718    37.2980 2.3772e+01     5.2319      1.802      2.614    17.6239 0.0000e+00
      1.843      0.018     3.6832     39.645     40.072  34.231778     2.9004     11.711    37.3407 2.3494e+01     5.2750      1.807      2.621    17.6429 0.0000e+00
      1.849      0.019     3.7034     40.018     40.117  34.256059     2.8426     11.705    37.4425 2.3230e+01     5.2439      1.813      2.630    17.6718 0.0000e+00
      1.855      0.019     3.7215     40.213     40.146  34.257135     2.6957     11.699    37.7537 2.3010e+01     5.2651      1.819      2.638    17.7021 0.0000e+00
      1.860      0.019     3.7445     39.903     40.155  34.244756     2.5972     11.693    38.1786 2.2854e+01     5.3602      1.824      2.646    17.7177 0.0000e+00
      1.864      0.019     3.7691     38.950     40.151  34.233251     2.5930     11.687    38.6220 2.2730e+01     5.4713      1.828      2.652    17.7141 0.0000e+00
      1.868      0.018     3.8168     37.453     40.166  34.244912     2.6032     11.680    39.0712 2.2569e+01     5.4471      1.831      2.656    17.6955 0.0000e+00
      1.873      0.017     3.8523     35.659     40.182  34.258861     2.5542     11.673    39.3932 2.2343e+01     5.2730      1.836      2.663    17.6602 0.0000e+00
      1.878      0.016     3.8287     33.813     40.202  34.275014     2.4841     11.668    39.7622 2.2152e+01     5.1425      1.842      2.672    17.6291 0.0000e+00
      1.883      0.014     3.7354     32.118     40.260  34.313321     2.4631     11.663    40.3497 2.2040e+01     5.1330      1.847      2.678    17.6238 0.0000e+00
      1.887      0.013     3.5815     30.733     40.328  34.341346     2.4742     11.658    40.9045 2.1933e+01     5.1924      1.850      2.684    17.6261 0.0000e+00
      1.889      0.010     3.4029     29.703     40.408  34.360038     2.4937     11.653    41.3080 2.1854e+01     5.1432      1.853      2.687    17.6254 0.0000e+00
      1.890      0.008     3.2205     28.979     40.524  34.412378     2.5072     11.649    41.7004 2.1801e+01     4.9489      1.854      2.689    17.6273 0.0000e+00
      1.891      0.008     3.0523     28.473     40.633  34.466544     2.5294     11.646    42.0348 2.1749e+01     4.8921      1.854      2.690    17.6196 0.0000e+00
      1.893      0.009     2.9218     28.079     40.734  34.507345     2.5541     11.641    42.2538 2.1709e+01     5.0030      1.856      2.692    17.5854 0.0000e+00
      1.896      0.010     2.8296     27.689     40.890  34.588415     2.5392     11.636    42.6278 2.1628e+01     5.0264      1.858      2.695    17.5105 0.0000e+00
      1.899      0.013     2.7673     27.212     41.051  34.685325     2.4985     11.631    43.1162 2.1522e+01     4.8669      1.862      2.700    17.4461 0.0000e+00
      1.902      0.017     2.7242     26.587     41.119  34.727321     2.4623     11.626    43.3405 2.1442e+01     4.6802      1.865      2.705    17.4138 0.0000e+00
      1.906      0.021     2.6935     25.790     41.092  34.715483     2.4592     11.621    43.2748 2.1320e+01     4.6467      1.868      2.709    17.3581 0.0000e+00
      1.911      0.023     2.6630     24.799     41.004  34.669102     2.4449     11.614    43.2676 2.1068e+01     4.7021      1.873      2.716    17.2859 0.0000e+00
      1.919      0.023     2.6222     23.497     40.899  34.610697     2.3808     11.607    43.5113 2.0737e+01     4.7688      1.882      2.730    17.2309 0.0000e+00
      1.928      0.022     2.5644     21.852     40.832  34.580368     2.3337     11.600    43.8128 2.0484e+01     4.8043      1.892      2.743    17.2118 0.0000e+00
      1.934      0.019     2.4850     20.098     40.781  34.556215     2.3081     11.594    44.1600 2.0382e+01     4.7214      1.898      2.753    17.2294 0.0000e+00
      1.937      0.016     2.3939     18.513     40.711  34.509040     2.3208     11.589    44.5253 2.0345e+01     4.7575      1.900      2.756    17.2695 0.0000e+00
      1.939      0.013     2.2712     17.269     40.646  34.454119     2.3792     11.584    44.8744 2.0301e+01     4.9334      1.903      2.759    17.3114 0.0000e+00
      1.941      0.012     2.1000     16.459     40.608  34.399745     2.3902     11.580    45.2837 2.0266e+01     4.9346      1.905      2.762    17.3435 0.0000e+00
      1.943      0.012     1.9203     16.076     40.623  34.359155     2.3619     11.576    45.5162 2.0227e+01     4.8406      1.905      2.763    17.3660 0.0000e+00
      1.946      0.012     1.7635     16.049     40.690  34.343950     2.3947     11.571    45.6202 2.0130e+01     4.9243      1.908      2.766    17.3847 0.0000e+00
      1.950      0.012     1.6401     16.309     40.761  34.342700     2.4790     11.567    45.8532 1.9979e+01     5.1605      1.913      2.773    17.3894 0.0000e+00
      1.955      0.012     1.5635     16.714     40.811  34.343962     2.5158     11.563    46.1825 1.9849e+01     5.2375      1.918      2.782    17.3653 0.0000e+00
      1.959      0.011     1.5328     17.057     40.859  34.359160     2.4973     11.559    46.4177 1.9807e+01     5.1380      1.923      2.788    17.2982 0.0000e+00
      1.961      0.011     1.5346     17.245     40.913  34.399534     2.4801     11.555    46.5459 1.9834e+01     5.0841      1.924      2.790    17.1883 0.0000e+00
      1.961      0.011     1.5659     17.317     40.959  34.451441     2.5416     11.549    46.7865 1.9832e+01     5.2008      1.923      2.789    17.1113 0.0000e+00
      1.963      0.012     1.6166     17.310     40.969  34.479210     2.6746     11.543    47.0035 1.9764e+01     5.4226      1.924      2.790    17.0710 0.0000e+00
      1.967      0.014     1.6540     17.269     40.945  34.481524     2.7314     11.538    47.0181 1.9657e+01     5.4769      1.928      2.797    17.0295 0.0000e+00
      1.972      0.017     1.6688     17.270     40.923  34.479444     2.7214     11.533    47.0496 1.9539e+01     5.3786      1.934      2.804    17.0274 0.0000e+00
      1.977      0.019     1.6742     17.330     40.899  34.454089     2.9189     11.528    47.2121 1.9405e+01     5.4299      1.939      2.811    17.0537 0.0000e+00
      1.983      0.019     1.6723     17.397     40.903  34.428738     3.3049     11.524    47.4347 1.9285e+01     5.6524      1.944      2.820    17.0736 0.0000e+00
      1.988      0.019     1.6626     17.397     40.943  34.426668     3.5023     11.519    47.5902 1.9211e+01     5.7802      1.950      2.828    17.1041 0.0000e+00
      1.993      0.018     1.6617     17.274     40.984  34.429025     3.5075     11.514    47.6297 1.9144e+01     5.7122      1.954      2.835    17.1350 0.0000e+00
      1.997      0.017     1.6699     17.006     41.047  34.457198     3.6258     11.509    47.7397 1.9080e+01     5.6501      1.959      2.841    17.1295 0.0000e+00
      2.001      0.015     1.6807     16.591     41.132  34.513488     3.8927     11.505    47.9747 1.9001e+01     5.7799      1.962      2.846    17.0843 0.0000e+00
      2.006      0.015     1.6846     16.021     41.246  34.602030     4.0715     11.500    48.1474 1.8930e+01     5.9838      1.967      2.853    17.0343 0.0000e+00
      2.009      0.016     1.6741     15.266     41.379  34.702933     4.0973     11.494    48.1922 1.8907e+01     6.0660      1.971      2.858    16.9978 0.0000e+00
      2.012      0.017     1.6500     14.338     41.421  34.718333     3.9796     11.489    48.2584 1.8849e+01     5.9200      1.972      2.860    16.9641 0.0000e+00
      2.015      0.019     1.6094     13.284     41.383  34.661317     3.7636     11.485    48.4320 1.8729e+01     5.6194      1.976      2.866    16.9452 0.0000e+00
      2.020      0.020     1.5571     12.099     41.398  34.647996     3.6589     11.480    48.6571 1.8579e+01     5.5055      1.980      2.873    16.9433 0.0000e+00
      2.026      0.021     1.4835     10.751     41.472  34.684124     3.6708     11.475    48.8281 1.8393e+01     5.6363      1.987      2.882    16.9353 0.0000e+00
      2.033      0.021     1.3917      9.290     41.540  34.717423     3.6660     11.471    48.9508 1.8186e+01     5.6628      1.995      2.893    16.9083 0.0000e+00
