Data/DataNotYetUploadedToEDI/Raw_CTD/RawDownloads/060126_fcr50_S7809002.cnv
* Sea-Bird SBE19plus  Data File:
* FileName = C:\R\Reservoirs\Data\DataNotYetUploadedToEDI\Raw_CTD\RawDownloads\062926_fcr50_S7809_0002.hex
* Software version 2.8.0.119
* Temperature SN = 7809
* Conductivity SN = 7809
* System UpLoad Time = Jun 30 2026 08:59:25
* <ApplicationData>
* <Seaterm232>
# nquan = 15
# nvalues = 2110                        
# units = specified
# name 0 = depFM: Depth [fresh water, m]
# name 1 = dz/dtM: Descent Rate [m/s]
# name 2 = sbeox0Mg/L: Oxygen, SBE 43 [mg/l]
# name 3 = sbeox0PS: Oxygen, SBE 43 [% saturation]
# name 4 = specc: Specific Conductance [uS/cm]
# name 5 = c0uS/cm: Conductivity [uS/cm]
# name 6 = flECO-AFL: Fluorescence, WET Labs ECO-AFL/FL [mg/m^3]
# name 7 = ph: pH
# name 8 = orp: Oxidation Reduction Potential [mV]
# name 9 = par/sat/log: PAR/Logarithmic, Satlantic
# name 10 = turbWETntu0: Turbidity, WET Labs ECO [NTU]
# name 11 = prdM: Pressure, Strain Gauge [db]
# name 12 = prdE: Pressure, Strain Gauge [psi]
# name 13 = tv290C: Temperature [ITS-90, deg C]
# name 14 = flag:  0.000e+00
# span 0 =     -0.656,      9.085       
# span 1 =     -4.498,      1.170       
# span 2 =    -0.2538,    10.3700       
# span 3 =     -2.423,    120.626       
# span 4 =      0.914,     47.095       
# span 5 =   0.900042,  37.648308       
# span 6 =    -0.1076,    11.3217       
# span 7 =     -0.539,     15.783       
# span 8 = -1240.7455,   889.4905       
# span 9 = 1.2354e-01, 5.0572e+02       
# span 10 =     1.2038,    21.0338      
# span 11 =     -0.644,      8.910      
# span 12 =     -0.934,     12.923      
# span 13 =     9.1568,    24.2587      
# span 14 = 0.0000e+00, 0.0000e+00      
# interval = seconds: 0.25
# start_time = Jun 01 2026 12:17:12 [Instrument's time stamp, header]
# bad_flag = -9.990e-29
*END*
[from data line 868]
      0.332      0.018     9.5468    111.587     38.410  36.968269     4.6465     12.316    18.3502 1.6360e+02     5.0072      0.326      0.472    23.1195 0.0000e+00
      0.332      0.026     9.5500    111.559     38.421  36.978568     4.6390     12.316    18.4462 1.6434e+02     4.9776      0.326      0.472    23.1194 0.0000e+00
      0.336      0.033     9.5427    111.498     38.420  36.976280     4.6356     12.315    18.7395 1.6206e+02     5.0725      0.326      0.473    23.1192 0.0000e+00
      0.351      0.036     9.5457    111.453     38.385  36.940601     4.6304     12.313    19.3153 1.5679e+02     5.0619      0.341      0.493    23.1188 0.0000e+00
      0.371      0.036     9.5525    111.446     38.372  36.927901     4.5847     12.311    19.7296 1.5271e+02     4.9521      0.369      0.535    23.1181 0.0000e+00
      0.385      0.033     9.5477    111.467     38.394  36.949621     4.5483     12.311    19.7049 1.5124e+02     4.9067      0.382      0.556    23.1168 0.0000e+00
      0.389      0.025     9.5417    111.486     38.394  36.949412     4.5237     12.311    19.4461 1.5001e+02     4.9222      0.382      0.554    23.1146 0.0000e+00
      0.390      0.011     9.5373    111.479     38.369  36.925376     4.5036     12.312    19.0100 1.4841e+02     4.9344      0.382      0.554    23.1129 0.0000e+00
      0.391     -0.011     9.5369    111.445     38.356  36.912807     4.4804     12.313    18.5621 1.4702e+02     4.8496      0.383      0.556    23.1128 0.0000e+00
      0.391     -0.045     9.5400    111.385     38.368  36.924353     4.4595     12.314    18.8490 1.4656e+02     4.7164      0.384      0.557    23.1140 0.0000e+00
      0.390     -0.083     9.5420    111.292     38.380  36.938074     4.4510     12.313    19.6394 1.4828e+02     4.6560      0.384      0.556    23.1142 0.0000e+00
      0.377     -0.114     9.5419    111.213     38.391  36.951803     4.4359     12.310    19.8593 1.5750e+02     4.6663      0.381      0.552    23.1131 0.0000e+00
      0.334     -0.133     9.5383    111.191     38.400  36.963453     4.4596     12.307    19.5280 1.7979e+02     4.8064      0.344      0.499    23.1121 0.0000e+00
      0.262     -0.137     9.5349    111.199     38.387  36.952028     4.5123     12.305    19.0753 2.0304e+02     4.9835      0.251      0.365    23.1118 0.0000e+00
      0.200     -0.126     9.5239    111.209     38.376  36.940578     4.5159     12.305    18.8600 2.1399e+02     4.9639      0.178      0.258    23.1151 0.0000e+00
      0.174     -0.102     9.5138    111.235     38.389  36.951917     4.4940     12.306    19.4196 2.1680e+02     4.8766      0.166      0.239    23.1215 0.0000e+00
      0.169     -0.075     9.5134    111.289     38.400  36.962207     4.5144     12.309    20.2491 2.1591e+02     4.9188      0.167      0.240    23.1260 0.0000e+00
      0.169     -0.063     9.5147    111.314     38.376  36.938090     4.5789     12.310    20.4581 2.1605e+02     5.0640      0.166      0.241    23.1269 0.0000e+00
      0.168     -0.074     9.5156    111.261     38.351  36.914132     4.6172     12.310    20.4841 2.1820e+02     5.0950      0.166      0.240    23.1248 0.0000e+00
      0.163     -0.098     9.5162    111.194     38.362  36.926354     4.5943     12.307    20.3908 2.2560e+02     4.9524      0.167      0.241    23.1228 0.0000e+00
      0.136     -0.117     9.5240    111.179     38.394  36.958962     4.5352     12.305    20.5341 2.5312e+02     4.8770      0.152      0.220    23.1222 0.0000e+00
      0.074     -0.125     9.5289    111.200     38.427  36.991132     4.4692     12.304    21.3563 2.9153e+02     4.9686      0.076      0.109    23.1214 0.0000e+00
      0.009     -0.120     9.5211    111.230     38.434  36.998053     4.4540     12.305    21.8141 3.1755e+02     5.1033     -0.009     -0.014    23.1211 0.0000e+00
     -0.025     -0.103     9.5120    111.272     38.415  36.979198     4.4679     12.306    21.6816 3.3085e+02     5.0707     -0.033     -0.048    23.1232 0.0000e+00
     -0.033     -0.078     9.5116    111.312     38.389  36.953507     4.4704     12.307    21.1312 3.3538e+02     4.9161     -0.033     -0.047    23.1258 0.0000e+00
     -0.033     -0.054     9.5151    111.347     38.376  36.941234     4.5087     12.309    20.4076 3.3942e+02     4.9080     -0.034     -0.047    23.1265 0.0000e+00
     -0.034     -0.041     9.5161    111.378     38.394  36.957716     4.5486     12.311    20.4184 3.4692e+02     5.0412     -0.033     -0.048    23.1260 0.0000e+00
     -0.038     -0.040     9.5215    111.390     38.399  36.962426     4.5526     12.312    21.0890 3.5636e+02     5.1259     -0.034     -0.048    23.1249 0.0000e+00
     -0.053     -0.043     9.5248    111.392     38.370  36.934732     4.5239     12.314    21.5471 3.8810e+02     5.0780     -0.046     -0.067    23.1242 0.0000e+00
     -0.078     -0.043     9.5268    111.371     38.375  36.940142     4.4600     12.315    21.5686 4.2096e+02     4.9401     -0.080     -0.117    23.1248 0.0000e+00
     -0.097     -0.039     9.5316    111.301     38.400  36.964379     4.4462     12.317    21.4351 4.1911e+02     4.9281     -0.101     -0.147    23.1248 0.0000e+00
     -0.103     -0.031     9.5309    111.211     38.409  36.973966     4.4736     12.319    20.9658 4.1307e+02     5.0691     -0.102     -0.148    23.1246 0.0000e+00
     -0.103     -0.019     9.5319    111.169     38.429  36.992610     4.4572     12.320    20.3686 4.1965e+02     5.0731     -0.101     -0.147    23.1247 0.0000e+00
     -0.104     -0.007     9.5313    111.212     38.436  36.999436     4.4395     12.321    20.2367 4.2385e+02     4.9430     -0.102     -0.148    23.1251 0.0000e+00
     -0.104     -0.001     9.5244    111.298     38.431  36.993055     4.4599     12.323    20.4034 4.2724e+02     4.8968     -0.102     -0.148    23.1259 0.0000e+00
     -0.104      0.000     9.5138    111.357     38.417  36.978909     4.4957     12.324    20.6630 4.3159e+02     4.9581     -0.101     -0.147    23.1262 0.0000e+00
     -0.104      0.000     9.5088    111.352     38.393  36.955306     4.5317     12.326    20.7089 4.3317e+02     5.0695     -0.102     -0.148    23.1258 0.0000e+00
     -0.104      0.001     9.5147    111.317     38.399  36.961472     4.5541     12.328    19.9259 4.3241e+02     5.1167     -0.101     -0.147    23.1251 0.0000e+00
     -0.104      0.004     9.5243    111.293     38.429  36.990011     4.5491     12.330    18.8533 4.3227e+02     5.0167     -0.102     -0.148    23.1242 0.0000e+00
     -0.103      0.007     9.5314    111.273     38.422  36.983103     4.5302     12.331    18.6669 4.3339e+02     4.8498     -0.101     -0.147    23.1233 0.0000e+00
     -0.102      0.011     9.5292    111.251     38.379  36.941402     4.5417     12.332    19.2216 4.3227e+02     4.8758     -0.100     -0.145    23.1225 0.0000e+00
     -0.099      0.014     9.5240    111.214     38.367  36.929979     4.5885     12.334    19.7951 4.1885e+02     5.1261     -0.098     -0.142    23.1221 0.0000e+00
     -0.093      0.018     9.5240    111.152     38.410  36.971889     4.6303     12.334    19.5786 3.9537e+02     5.2805     -0.091     -0.131    23.1220 0.0000e+00
     -0.087      0.020     9.5214    111.128     38.443  37.003969     4.6307     12.334    18.7546 3.7331e+02     5.2386     -0.085     -0.123    23.1221 0.0000e+00
     -0.082      0.021     9.5199    111.192     38.439  37.000593     4.6013     12.335    18.4361 3.5348e+02     5.1320     -0.080     -0.117    23.1220 0.0000e+00
     -0.076      0.022     9.5187    111.284     38.432  36.994516     4.6001     12.335    18.6536 3.4522e+02     5.0851     -0.074     -0.108    23.1218 0.0000e+00
     -0.071      0.022     9.5100    111.334     38.432  36.993954     4.6243     12.334    19.2321 3.5047e+02     5.1151     -0.068     -0.099    23.1219 0.0000e+00
     -0.066      0.022     9.5052    111.367     38.432  36.993790     4.6185     12.332    19.8387 3.5214e+02     5.0514     -0.064     -0.092    23.1226 0.0000e+00
     -0.061      0.021     9.5135    111.419     38.432  36.992537     4.5882     12.331    19.7937 3.4502e+02     4.8959     -0.060     -0.087    23.1233 0.0000e+00
     -0.054      0.020     9.5248    111.488     38.417  36.978807     4.5833     12.332    19.2897 3.3743e+02     4.8401     -0.053     -0.077    23.1234 0.0000e+00
     -0.047      0.016     9.5270    111.542     38.392  36.954683     4.6170     12.333    18.9073 3.3520e+02     4.8896     -0.045     -0.065    23.1231 0.0000e+00
     -0.042      0.008     9.5285    111.537     38.392  36.954673     4.6633     12.333    18.6973 3.3545e+02     5.0152     -0.040     -0.059    23.1227 0.0000e+00
     -0.040     -0.004     9.5334    111.465     38.417  36.978681     4.6769     12.334    18.5577 3.3415e+02     5.0604     -0.039     -0.057    23.1223 0.0000e+00
     -0.040     -0.021     9.5404    111.355     38.430  36.991152     4.6474     12.336    18.7687 3.3151e+02     4.9240     -0.039     -0.057    23.1218 0.0000e+00
     -0.043     -0.037     9.5468    111.235     38.417  36.978556     4.5902     12.337    19.0977 3.3650e+02     4.8009     -0.039     -0.057    23.1216 0.0000e+00
     -0.055     -0.049     9.5466    111.134     38.389  36.953290     4.5338     12.337    19.0073 3.5970e+02     4.8028     -0.047     -0.069    23.1217 0.0000e+00
     -0.078     -0.056     9.5391    111.094     38.374  36.939471     4.5243     12.337    18.7945 3.9585e+02     4.8788     -0.076     -0.109    23.1220 0.0000e+00
     -0.103     -0.056     9.5284    111.102     38.373  36.938380     4.5247     12.337    18.6750 4.1726e+02     4.8653     -0.106     -0.152    23.1221 0.0000e+00
     -0.120     -0.049     9.5186    111.113     38.375  36.940096     4.5059     12.337    18.6806 4.1692e+02     4.8783     -0.120     -0.174    23.1225 0.0000e+00
     -0.130     -0.038     9.5067    111.158     38.396  36.960223     4.4968     12.337    19.2068 4.1429e+02     5.0009     -0.129     -0.187    23.1234 0.0000e+00
     -0.135     -0.023     9.5039    111.257     38.429  36.991372     4.5054     12.337    19.9618 4.1376e+02     5.0506     -0.134     -0.193    23.1241 0.0000e+00
     -0.136     -0.011     9.5078    111.357     38.437  36.999447     4.5279     12.338    20.2371 4.1664e+02     5.1039     -0.133     -0.193    23.1244 0.0000e+00
     -0.136     -0.004     9.5061    111.429     38.431  36.994413     4.5345     12.340    20.1266 4.1770e+02     5.0980     -0.133     -0.193    23.1241 0.0000e+00
     -0.136     -0.000     9.5090    111.474     38.431  36.993955     4.5186     12.340    19.9164 4.1668e+02     5.0144     -0.133     -0.193    23.1239 0.0000e+00
     -0.135      0.002     9.5202    111.467     38.430  36.993913     4.5109     12.340    20.0189 4.1841e+02     4.9799     -0.132     -0.190    23.1243 0.0000e+00
     -0.133      0.002     9.5298    111.427     38.430  36.993909     4.5324     12.341    20.5045 4.1850e+02     4.9881     -0.130     -0.188    23.1246 0.0000e+00
     -0.132      0.002     9.5342    111.395     38.431  36.993909     4.5787     12.343    20.7980 4.1773e+02     5.0111     -0.130     -0.188    23.1251 0.0000e+00
     -0.132      0.002     9.5407    111.354     38.431  36.993909     4.5964     12.345    20.7288 4.1758e+02     4.9509     -0.130     -0.188    23.1253 0.0000e+00
     -0.132      0.001     9.5390    111.312     38.431  36.993909     4.5729     12.346    20.5278 4.1707e+02     4.9436     -0.130     -0.188    23.1255 0.0000e+00
     -0.131      0.000     9.5326    111.293     38.430  36.993909     4.5859     12.347    20.4331 4.1630e+02     5.0596     -0.129     -0.187    23.1255 0.0000e+00
     -0.131 2.0334e-08     9.5324    111.267     38.430  36.993908     4.6445     12.347    20.3572 4.1605e+02     5.1235     -0.129     -0.187    23.1252 0.0000e+00
     -0.132 2.2367e-07     9.5283    111.189     38.431  36.993899     4.6820     12.347    20.3842 4.1611e+02     5.0670     -0.129     -0.187    23.1253 0.0000e+00
     -0.132 2.2370e-07     9.5228    111.084     38.431  36.993799     4.6738     12.348    20.5887 4.1622e+02     4.9576     -0.130     -0.188    23.1252 0.0000e+00
     -0.132 2.0642e-08     9.5226    110.989     38.430  36.992697     4.6445     12.348    20.6778 4.1635e+02     4.9622     -0.129     -0.187    23.1255 0.0000e+00
     -0.132 5.2409e-09     9.5232    110.917     38.417  36.980580     4.6355     12.348    20.6880 4.1661e+02     4.9861     -0.129     -0.187    23.1256 0.0000e+00
     -0.132 3.7485e-08     9.5144    110.903     38.409  36.974190     4.6565     12.349    20.5395 4.1690e+02     4.9396     -0.130     -0.188    23.1252 0.0000e+00
     -0.132 4.1050e-07     9.5041    110.932     38.414  36.978900     4.6825     12.351    20.2599 4.1747e+02     4.9796     -0.129     -0.187    23.1252 0.0000e+00
     -0.132      0.000     9.4971    110.962     38.409  36.974067     4.6754     12.352    20.1457 4.1916e+02     4.9912     -0.129     -0.187    23.1253 0.0000e+00
     -0.132      0.000     9.4878    111.002     38.415  36.979210     4.6376     12.352    20.1057 4.2301e+02     4.9433     -0.130     -0.189    23.1254 0.0000e+00
     -0.132      0.001     9.4877    111.062     38.414  36.977640     4.6323     12.353    20.2064 4.2759e+02     4.9813     -0.129     -0.188    23.1256 0.0000e+00
     -0.132      0.001     9.4928    111.121     38.391  36.955078     4.6535     12.354    20.4173 4.2713e+02     4.9730     -0.130     -0.187    23.1257 0.0000e+00
     -0.132      0.001     9.4935    111.150     38.396  36.960223     4.6605     12.355    20.2459 4.2120e+02     4.9113     -0.129     -0.188    23.1255 0.0000e+00
     -0.131      0.002     9.4970    111.146     38.413  36.976384     4.6587     12.356    19.7679 4.1636e+02     4.8843     -0.129     -0.186    23.1255 0.0000e+00
     -0.131      0.004     9.5029    111.150     38.395  36.960123     4.6315     12.356    19.5429 4.1479e+02     4.8854     -0.128     -0.186    23.1254 0.0000e+00
     -0.130      0.006     9.5090    111.187     38.389  36.953977     4.5975     12.356    19.6759 4.1449e+02     4.9933     -0.128     -0.186    23.1253 0.0000e+00
     -0.129      0.008     9.5120    111.233     38.401  36.965522     4.5722     12.356    19.8274 4.1449e+02     5.0277     -0.128     -0.185    23.1253 0.0000e+00
     -0.126      0.009     9.5098    111.264     38.409  36.972813     4.5512     12.357    19.7404 4.1472e+02     4.9589     -0.124     -0.180    23.1253 0.0000e+00
     -0.122      0.011     9.5088    111.273     38.414  36.978673     4.5097     12.358    19.5711 4.1499e+02     5.0156     -0.120     -0.174    23.1254 0.0000e+00
     -0.119      0.013     9.5135    111.280     38.408  36.972922     4.4371     12.358    19.5864 4.1467e+02     5.1669     -0.118     -0.171    23.1254 0.0000e+00
     -0.116      0.013     9.5181    111.303     38.403  36.966739     4.4139     12.359    19.7530 4.1402e+02     5.3201     -0.114     -0.166    23.1254 0.0000e+00
     -0.113      0.013     9.5211    111.333     38.403  36.967373     4.4203     12.361    19.8649 4.1387e+02     5.2965     -0.111     -0.160    23.1253 0.0000e+00
     -0.109      0.012     9.5211    111.360     38.416  36.980584     4.3985     12.361    19.8208 4.1383e+02     5.0516     -0.107     -0.155    23.1254 0.0000e+00
     -0.105      0.012     9.5206    111.380     38.436  36.999562     4.3748     12.361    19.8225 4.1521e+02     4.8523     -0.103     -0.149    23.1255 0.0000e+00
     -0.103      0.011     9.5237    111.395     38.443  37.006474     4.3669     12.361    19.9713 4.1854e+02     4.9021     -0.100     -0.146    23.1253 0.0000e+00
     -0.101      0.011     9.5261    111.394     38.437  37.000707     4.3864     12.361    20.0717 4.2452e+02     5.0729     -0.098     -0.143    23.1253 0.0000e+00
