Data/DataNotYetUploadedToEDI/Raw_CTD/RawDownloads/060126_fcr40_S7809006.cnv
* Sea-Bird SBE19plus  Data File:
* FileName = C:\R\Reservoirs\Data\DataNotYetUploadedToEDI\Raw_CTD\RawDownloads\062926_fcr50_S7809_0006.hex
* Software version 2.8.0.119
* Temperature SN = 7809
* Conductivity SN = 7809
* System UpLoad Time = Jun 30 2026 09:01:00
* <ApplicationData>
* <Seaterm232>
# nquan = 15
# nvalues = 1105                        
# units = specified
# name 0 = depFM: Depth [fresh water, m]
# name 1 = dz/dtM: Descent Rate [m/s]
# name 2 = sbeox0Mg/L: Oxygen, SBE 43 [mg/l]
# name 3 = sbeox0PS: Oxygen, SBE 43 [% saturation]
# name 4 = specc: Specific Conductance [uS/cm]
# name 5 = c0uS/cm: Conductivity [uS/cm]
# name 6 = flECO-AFL: Fluorescence, WET Labs ECO-AFL/FL [mg/m^3]
# name 7 = ph: pH
# name 8 = orp: Oxidation Reduction Potential [mV]
# name 9 = par/sat/log: PAR/Logarithmic, Satlantic
# name 10 = turbWETntu0: Turbidity, WET Labs ECO [NTU]
# name 11 = prdM: Pressure, Strain Gauge [db]
# name 12 = prdE: Pressure, Strain Gauge [psi]
# name 13 = tv290C: Temperature [ITS-90, deg C]
# name 14 = flag:  0.000e+00
# span 0 =     -0.647,      5.590       
# span 1 =     -0.031,      0.275       
# span 2 =    -0.1893,    10.5841       
# span 3 =     -1.713,    122.890       
# span 4 =      1.691,     53.557       
# span 5 =   1.500287,  39.170094       
# span 6 =    -0.0476,     8.6478       
# span 7 =     10.127,     12.420       
# span 8 =   -67.6495,  1239.8939       
# span 9 = 9.3149e-01, 2.6646e+03       
# span 10 =     0.0797,   122.6684      
# span 11 =     -0.636,      5.483      
# span 12 =     -0.923,      7.952      
# span 13 =     9.1795,    23.1564      
# span 14 = 0.0000e+00, 0.0000e+00      
# interval = seconds: 0.25
# start_time = Jun 01 2026 13:55:15 [Instrument's time stamp, header]
# bad_flag = -9.990e-29
*END*
[from data line 964]
      4.381      0.021     0.5984     10.304     46.879  32.518516     0.4468     10.352   -16.0061 4.6893e+00     5.6876      4.298      6.232     9.5747 0.0000e+00
      4.384      0.017     0.6678     12.496     46.924  32.539918     0.4643     10.351   -17.8176 4.6730e+00     5.5679      4.300      6.236     9.5658 0.0000e+00
      4.385      0.015     0.7768     14.836     46.935  32.536004     0.4871     10.349   -19.5730 4.6606e+00     5.5763      4.300      6.236     9.6168 0.0000e+00
      4.387      0.016     0.9429     17.045     46.840  32.471178     0.5150     10.348   -21.3131 4.6239e+00     5.7212      4.302      6.239     9.6787 0.0000e+00
      4.392      0.018     1.1584     18.921     46.723  32.390519     0.5267     10.346   -22.9400 4.5831e+00     5.8165      4.308      6.248     9.6936 0.0000e+00
      4.397      0.022     1.4127     20.310     46.647  32.322068     0.4952     10.346   -24.3586 4.5484e+00     5.7719      4.311      6.253     9.6694 0.0000e+00
      4.402      0.026     1.6963     21.125     46.544  32.214496     0.4587     10.345   -25.6450 4.5033e+00     5.6603      4.315      6.258     9.6505 0.0000e+00
      4.410      0.030     1.9524     21.472     46.454  32.104893     0.4602     10.344   -26.9643 4.4518e+00     5.6628      4.325      6.273     9.6586 0.0000e+00
      4.419      0.032     2.1709     21.492     46.474  32.075310     0.4962     10.343   -28.4376 4.3961e+00     5.7000      4.334      6.286     9.6678 0.0000e+00
      4.429      0.032     2.3379     21.331     46.564  32.110529     0.5277     10.341   -30.0358 4.3371e+00     5.5289      4.343      6.297     9.6518 0.0000e+00
      4.438      0.032     2.4237     21.254     46.637  32.150054     0.5171     10.339   -31.4889 4.2802e+00     5.3359      4.353      6.313     9.6083 0.0000e+00
      4.446      0.032     2.4622     21.552     46.672  32.172546     0.4930     10.337   -32.7570 4.2191e+00     5.3145      4.360      6.324     9.5505 0.0000e+00
      4.453      0.032     2.4634     22.365     46.604  32.128722     0.4765     10.336   -34.0125 4.1501e+00     5.3375      4.367      6.334     9.5008 0.0000e+00
      4.460      0.036     2.4356     23.723     46.417  32.000832     0.4511     10.335   -35.2255 4.0753e+00     5.2384      4.374      6.344     9.4696 0.0000e+00
      4.467      0.041     2.4118     25.557     46.287  31.895039     0.4201     10.335   -36.4090 3.9851e+00     5.0729      4.380      6.353     9.4655 0.0000e+00
      4.475      0.046     2.4426     27.633     46.286  31.864624     0.3929     10.335   -37.5678 3.8817e+00     5.0440      4.386      6.361     9.4628 0.0000e+00
      4.489      0.051     2.5347     29.705     46.355  31.886806     0.3963     10.334   -38.7393 3.7695e+00     5.0944      4.402      6.383     9.4649 0.0000e+00
      4.507      0.054     2.6888     31.575     46.405  31.909450     0.4366     10.331   -39.8193 3.6512e+00     5.1023      4.421      6.412     9.4802 0.0000e+00
      4.525      0.055     2.9132     33.121     46.370  31.884642     0.4805     10.330   -40.6455 3.5482e+00     5.0370      4.438      6.437     9.4576 0.0000e+00
      4.540      0.055     3.1630     34.436     46.309  31.840607     0.4858     10.329   -41.4153 3.4643e+00     4.8852      4.454      6.460     9.4152 0.0000e+00
      4.552      0.051     3.4095     35.675     46.292  31.821106     0.4511     10.326   -42.1582 3.3843e+00     4.7700      4.464      6.475     9.3858 0.0000e+00
      4.562      0.045     3.6336     36.905     46.333  31.839172     0.4437     10.324   -42.7448 3.3110e+00     4.8055      4.473      6.487     9.3739 0.0000e+00
      4.574      0.040     3.8033     38.149     46.383  31.868715     0.4801     10.324   -43.1734 3.2539e+00     4.9384      4.486      6.506     9.3795 0.0000e+00
      4.586      0.041     3.9451     39.356     46.371  31.861097     0.4998     10.324   -43.6400 3.2099e+00     4.9421      4.499      6.526     9.3796 0.0000e+00
      4.594      0.049     4.0885     40.453     46.298  31.810502     0.4816     10.325   -44.3427 3.1731e+00     4.8162      4.506      6.536     9.3684 0.0000e+00
      4.599      0.059     4.2272     41.407     46.242  31.764489     0.4763     10.325   -44.9584 3.1235e+00     4.8514      4.508      6.538     9.3539 0.0000e+00
      4.609      0.066     4.3741     42.205     46.235  31.748834     0.5112     10.325   -45.2344 3.0250e+00     5.0264      4.514      6.547     9.3483 0.0000e+00
      4.633      0.067     4.5154     42.792     46.246  31.748081     0.5282     10.324   -45.7005 2.8779e+00     5.0525      4.537      6.582     9.3533 0.0000e+00
      4.666      0.064     4.6422     43.142     46.263  31.755386     0.5074     10.323   -46.7217 2.7339e+00     4.9280      4.577      6.641     9.3551 0.0000e+00
      4.693      0.057     4.7521     43.337     46.291  31.773715     0.4846     10.321   -47.6022 2.6548e+00     4.7849      4.608      6.685     9.3449 0.0000e+00
      4.703      0.048     4.8477     43.469     46.295  31.779366     0.4775     10.320   -47.7426 2.6527e+00     4.6886      4.617      6.697     9.3309 0.0000e+00
      4.701      0.043     4.9201     43.634     46.260  31.760276     0.4883     10.317   -47.5586 2.6701e+00     4.7204      4.610      6.687     9.3216 0.0000e+00
      4.699      0.042     4.9536     43.887     46.218  31.733228     0.4809     10.315   -47.5277 2.6573e+00     4.7255      4.604      6.678     9.3172 0.0000e+00
      4.704      0.047     4.9743     44.200     46.183  31.706085     0.4714     10.315   -47.6271 2.5997e+00     4.6813      4.608      6.685     9.3160 0.0000e+00
      4.723      0.054     4.9845     44.536     46.163  31.685853     0.4903     10.314   -47.7284 2.4951e+00     4.6991      4.628      6.712     9.3189 0.0000e+00
      4.750      0.059     4.9987     44.849     46.162  31.678914     0.5099     10.313   -47.8051 2.3909e+00     4.7358      4.659      6.757     9.3271 0.0000e+00
      4.775      0.060     5.0309     45.098     46.178  31.685617     0.5338     10.310   -47.9523 2.3304e+00     4.7829      4.687      6.799     9.3312 0.0000e+00
      4.789      0.055     5.0676     45.273     46.208  31.703456     0.5297     10.308   -48.1321 2.3024e+00     4.6535      4.699      6.816     9.3258 0.0000e+00
      4.795      0.047     5.1095     45.388     46.209  31.704277     0.4848     10.305   -48.2584 2.2836e+00     4.4010      4.701      6.819     9.3167 0.0000e+00
      4.800      0.040     5.1485     45.457     46.197  31.695550     0.4654     10.303   -48.3614 2.2529e+00     4.3264      4.706      6.826     9.3099 0.0000e+00
      4.809      0.037     5.1777     45.522     46.245  31.724810     0.4782     10.301   -48.5160 2.2159e+00     4.3332      4.715      6.839     9.3050 0.0000e+00
      4.820      0.038     5.1973     45.600     46.271  31.740865     0.4731     10.299   -48.7511 2.1833e+00     4.2435      4.727      6.854     9.3020 0.0000e+00
      4.831      0.043     5.2106     45.690     46.209  31.699343     0.4288     10.298   -48.9676 2.1446e+00     4.1302      4.738      6.871     9.3034 0.0000e+00
      4.841      0.048     5.2157     45.811     46.169  31.666840     0.3923     10.296   -49.1545 2.1069e+00     4.1581      4.747      6.885     9.3047 0.0000e+00
      4.852      0.050     5.2229     45.953     46.188  31.665073     0.4054     10.295   -49.3755 2.0749e+00     4.2731      4.757      6.899     9.2977 0.0000e+00
      4.867      0.049     5.2344     46.092     46.230  31.677961     0.4132     10.294   -49.9203 2.0285e+00     4.2579      4.771      6.920     9.2933 0.0000e+00
      4.884      0.046     5.2409     46.248     46.268  31.695776     0.3861     10.293   -51.0098 1.9735e+00     4.1442      4.791      6.949     9.3003 0.0000e+00
      4.899      0.045     5.2561     46.468     46.261  31.690147     0.3777     10.292   -52.3951 1.9480e+00     4.0940      4.807      6.972     9.2970 0.0000e+00
      4.907      0.046     5.2774     46.779     46.234  31.673340     0.3946     10.291   -53.7642 1.9438e+00     4.1636      4.814      6.982     9.2760 0.0000e+00
      4.911      0.049     5.2943     47.210     46.253  31.682883     0.4159     10.291   -54.9150 1.9191e+00     4.3031      4.815      6.984     9.2554 0.0000e+00
      4.919      0.056     5.3111     47.787     46.353  31.742082     0.4188     10.290   -55.7269 1.8759e+00     4.3457      4.820      6.991     9.2461 0.0000e+00
      4.935      0.066     5.3357     48.520     46.482  31.818143     0.3885     10.288   -56.3532 1.8352e+00     4.3364      4.838      7.016     9.2482 0.0000e+00
      4.955      0.076     5.3693     49.378     46.532  31.841246     0.3657     10.286   -56.9813 1.7968e+00     4.3954      4.858      7.046     9.2526 0.0000e+00
      4.979      0.081     5.4181     50.284     46.528  31.831084     0.3837     10.285   -57.4703 1.7501e+00     4.4790      4.880      7.079     9.2500 0.0000e+00
      5.007      0.080     5.4853     51.186     46.521  31.822153     0.4148     10.283   -57.7923 1.6950e+00     4.4590      4.913      7.125     9.2385 0.0000e+00
      5.032      0.073     5.5723     52.086     46.487  31.796695     0.4091     10.280   -58.1205 1.6490e+00     4.2560      4.940      7.164     9.2238 0.0000e+00
      5.049      0.061     5.6768     52.981     46.460  31.777027     0.3815     10.278   -58.5137 1.6306e+00     4.1768      4.951      7.181     9.2106 0.0000e+00
      5.061      0.047     5.7848     53.867     46.457  31.774671     0.3887     10.277   -58.8470 1.6246e+00     4.3204      4.963      7.199     9.2025 0.0000e+00
      5.070      0.037     5.8875     54.773     46.447  31.768208     0.4212     10.276   -59.0535 1.6143e+00     4.3870      4.975      7.215     9.1993 0.0000e+00
      5.074      0.033     5.9917     55.673     46.437  31.762322     0.4259     10.274   -59.0301 1.6138e+00     4.2993      4.977      7.219     9.1971 0.0000e+00
      5.077      0.034     6.0963     56.483     46.443  31.766946     0.3959     10.272   -58.6511 1.6128e+00     4.1820      4.976      7.218     9.1960 0.0000e+00
      5.083      0.036     6.1950     57.152     46.433  31.760668     0.3663     10.270   -58.1708 1.5942e+00     4.1980      4.981      7.224     9.1958 0.0000e+00
      5.096      0.038     6.3004     57.661     46.417  31.749862     0.3587     10.269   -57.6972 1.5637e+00     4.2544      4.996      7.246     9.1959 0.0000e+00
      5.112      0.039     6.4092     58.011     46.436  31.763165     0.3616     10.266   -57.2258 1.5355e+00     4.2486      5.015      7.273     9.1970 0.0000e+00
      5.125      0.037     6.5030     58.200     46.481  31.794643     0.3611     10.262   -56.7736 1.5230e+00     4.2993      5.028      7.292     9.1979 0.0000e+00
      5.134      0.033     6.5811     58.230     46.507  31.813259     0.3607     10.261   -56.3592 1.5199e+00     4.3550      5.037      7.305     9.1983 0.0000e+00
      5.139      0.030     6.6393     58.136     46.484  31.797934     0.3729     10.260   -56.0874 1.5239e+00     4.4104      5.041      7.311     9.1990 0.0000e+00
      5.141      0.032     6.6791     57.981     46.487  31.799664     0.4008     10.257   -55.8963 1.5210e+00     4.5239      5.042      7.312     9.1994 0.0000e+00
      5.145      0.038     6.7017     57.818     46.541  31.834178     0.4066     10.255   -55.7698 1.5033e+00     4.5668      5.045      7.316     9.1997 0.0000e+00
      5.153      0.047     6.7031     57.653     46.548  31.834594     0.3763     10.254   -55.5903 1.4883e+00     4.4844      5.052      7.328     9.2010 0.0000e+00
      5.168      0.052     6.6897     57.478     46.511  31.804696     0.3593     10.253   -55.2740 1.4584e+00     4.4162      5.065      7.346     9.2016 0.0000e+00
      5.189      0.054     6.6684     57.301     46.494  31.789872     0.3848     10.251   -54.9574 1.4124e+00     4.5273      5.088      7.379     9.2010 0.0000e+00
      5.212      0.051     6.6514     57.144     46.486  31.782234     0.4253     10.248   -54.7736 1.3812e+00     4.7344      5.116      7.419     9.1988 0.0000e+00
      5.227      0.044     6.6331     57.013     46.476  31.775786     0.4247     10.246   -54.7717 1.3765e+00     4.7335      5.131      7.442     9.1933 0.0000e+00
      5.231      0.035     6.6142     56.907     46.473  31.775355     0.3858     10.244   -54.7631 1.3849e+00     4.5857      5.131      7.442     9.1877 0.0000e+00
      5.233      0.027     6.5927     56.836     46.472  31.777018     0.3796     10.243   -54.6699 1.3784e+00     4.5529      5.131      7.442     9.1844 0.0000e+00
      5.238      0.024     6.5745     56.794     46.496  31.795902     0.4160     10.242   -54.5907 1.3683e+00     4.6101      5.138      7.453     9.1822 0.0000e+00
      5.243      0.026     6.5611     56.807     46.517  31.813361     0.4430     10.240   -54.4932 1.3720e+00     4.6277      5.142      7.458     9.1820 0.0000e+00
      5.247      0.031     6.5455     56.871     46.491  31.797790     0.4311     10.238   -54.4382 1.3685e+00     4.5273      5.144      7.460     9.1841 0.0000e+00
      5.256      0.036     6.5402     56.950     46.487  31.797960     0.4142     10.236   -54.5282 1.3409e+00     4.4549      5.153      7.475     9.1867 0.0000e+00
      5.269      0.041     6.5315     57.043     46.510  31.815419     0.4301     10.234   -54.7208 1.3054e+00     4.5384      5.167      7.494     9.1898 0.0000e+00
      5.283      0.043     6.5324     57.124     46.515  31.818566     0.4320     10.231   -55.2179 1.2871e+00     4.5454      5.181      7.513     9.1933 0.0000e+00
      5.295      0.043     6.5438     57.175     46.545  31.836010     0.4203     10.229   -56.1514 1.2687e+00     4.4380      5.193      7.531     9.1955 0.0000e+00
      5.307      0.041     6.5489     57.219     46.548  31.836009     0.4214     10.228   -57.0599 1.2476e+00     4.4014      5.204      7.548     9.1985 0.0000e+00
      5.318      0.040     6.5624     57.289     46.526  31.818553     0.4123     10.226   -57.7704 1.2493e+00     4.5119      5.217      7.567     9.2025 0.0000e+00
      5.325      0.039     6.5721     57.361     46.526  31.815265     0.4183     10.224   -58.4599 1.2574e+00     4.7151      5.223      7.575     9.2017 0.0000e+00
      5.331      0.038     6.5780     57.401     46.501  31.796248     0.4199     10.222   -59.0300 1.2542e+00     4.7754      5.225      7.578     9.1960 0.0000e+00
      5.342      0.038     6.5809     57.430     46.477  31.778934     0.3902     10.220   -59.4155 1.2388e+00     4.6938      5.237      7.596     9.1940 0.0000e+00
      5.356      0.037     6.5905     57.454     46.502  31.796249     0.3755     10.218   -59.6788 1.2170e+00     4.6853      5.253      7.619     9.1929 0.0000e+00
      5.366      0.036     6.6029     57.464     46.527  31.815281     0.3915     10.216   -59.8913 1.2035e+00     4.8087      5.263      7.632     9.1886 0.0000e+00
      5.375      0.034     6.6044     57.447     46.525  31.818736     0.4174     10.214   -60.0917 1.1918e+00     4.9572      5.271      7.645     9.1860 0.0000e+00
      5.382      0.031     6.6089     57.387     46.545  31.838027     0.4142     10.211   -60.3811 1.1854e+00     4.9773      5.279      7.657     9.1849 0.0000e+00
      5.387      0.030     6.6117     57.296     46.571  31.858217     0.3852     10.209   -60.7229 1.1803e+00     4.9488      5.283      7.663     9.1852 0.0000e+00
      5.393      0.031     6.6129     57.211     46.594  31.872532     0.3916     10.208   -60.9547 1.1655e+00     5.0231      5.289      7.671     9.1871 0.0000e+00
      5.401      0.034     6.6111     57.139     46.616  31.884224     0.4247     10.206   -61.2047 1.1566e+00     5.0903      5.297      7.682     9.1929 0.0000e+00
      5.410      0.036     6.6029     57.065     46.602  31.872704     0.4364     10.204   -61.5085 1.1434e+00     5.1117      5.304      7.693     9.2009 0.0000e+00
