Data/DataNotYetUploadedToEDI/Raw_CTD/RawDownloads/060126_fcr50_S7809002.cnv
* Sea-Bird SBE19plus  Data File:
* FileName = C:\R\Reservoirs\Data\DataNotYetUploadedToEDI\Raw_CTD\RawDownloads\062926_fcr50_S7809_0002.hex
* Software version 2.8.0.119
* Temperature SN = 7809
* Conductivity SN = 7809
* System UpLoad Time = Jun 30 2026 08:59:25
* <ApplicationData>
* <Seaterm232>
# nquan = 15
# nvalues = 2110                        
# units = specified
# name 0 = depFM: Depth [fresh water, m]
# name 1 = dz/dtM: Descent Rate [m/s]
# name 2 = sbeox0Mg/L: Oxygen, SBE 43 [mg/l]
# name 3 = sbeox0PS: Oxygen, SBE 43 [% saturation]
# name 4 = specc: Specific Conductance [uS/cm]
# name 5 = c0uS/cm: Conductivity [uS/cm]
# name 6 = flECO-AFL: Fluorescence, WET Labs ECO-AFL/FL [mg/m^3]
# name 7 = ph: pH
# name 8 = orp: Oxidation Reduction Potential [mV]
# name 9 = par/sat/log: PAR/Logarithmic, Satlantic
# name 10 = turbWETntu0: Turbidity, WET Labs ECO [NTU]
# name 11 = prdM: Pressure, Strain Gauge [db]
# name 12 = prdE: Pressure, Strain Gauge [psi]
# name 13 = tv290C: Temperature [ITS-90, deg C]
# name 14 = flag:  0.000e+00
# span 0 =     -0.656,      9.085       
# span 1 =     -4.498,      1.170       
# span 2 =    -0.2538,    10.3700       
# span 3 =     -2.423,    120.626       
# span 4 =      0.914,     47.095       
# span 5 =   0.900042,  37.648308       
# span 6 =    -0.1076,    11.3217       
# span 7 =     -0.539,     15.783       
# span 8 = -1240.7455,   889.4905       
# span 9 = 1.2354e-01, 5.0572e+02       
# span 10 =     1.2038,    21.0338      
# span 11 =     -0.644,      8.910      
# span 12 =     -0.934,     12.923      
# span 13 =     9.1568,    24.2587      
# span 14 = 0.0000e+00, 0.0000e+00      
# interval = seconds: 0.25
# start_time = Jun 01 2026 12:17:12 [Instrument's time stamp, header]
# bad_flag = -9.990e-29
*END*
[from data line 1254]
      1.460      0.027     9.2193     98.148     38.079  33.410772    10.7702     12.285    31.2054 3.1692e+01     4.3746      1.433      2.078    18.9444 0.0000e+00
      1.465      0.029     9.2096     97.739     38.009  33.373732    10.8357     12.279    31.5244 3.1454e+01     4.2421      1.437      2.084    18.9017 0.0000e+00
      1.472      0.031     9.1951     97.405     37.868  33.287500    10.8334     12.271    31.3388 3.1061e+01     4.1410      1.443      2.092    18.8752 0.0000e+00
      1.481      0.033     9.1704     97.178     37.736  33.192955    10.9669     12.264    30.8541 3.0580e+01     4.1425      1.451      2.105    18.8575 0.0000e+00
      1.491      0.035     9.1313     97.094     37.678  33.118824    11.2097     12.257    30.4818 3.0150e+01     4.1582      1.463      2.121    18.8523 0.0000e+00
      1.501      0.037     9.0821     97.140     37.716  33.089014    11.3217     12.251    30.3646 2.9749e+01     4.0912      1.472      2.134    18.8883 0.0000e+00
      1.511      0.038     9.0399     97.184     37.800  33.086201    11.2808     12.246    30.6417 2.9297e+01     3.9815      1.482      2.148    18.9554 0.0000e+00
      1.520      0.038     9.0079     97.084     37.878  33.084706    11.0648     12.241    31.1653 2.8857e+01     3.9592      1.492      2.163    19.0024 0.0000e+00
      1.530      0.038     9.0052     96.701     37.932  33.070850    10.7001     12.235    31.6198 2.8467e+01     3.9926      1.500      2.176    18.9680 0.0000e+00
      1.539      0.038     9.0353     95.927     37.968  33.045480    10.4996     12.230    32.0072 2.8096e+01     4.0091      1.510      2.190    18.8643 0.0000e+00
      1.549      0.038     9.0633     94.794     38.018  33.031645    10.4721     12.225    32.1487 2.7696e+01     3.9542      1.518      2.201    18.7561 0.0000e+00
      1.559      0.036     9.0747     93.408     38.076  33.030394    10.4332     12.221    32.1265 2.7191e+01     3.8067      1.527      2.214    18.6637 0.0000e+00
      1.571      0.033     9.0591     91.851     38.125  33.030286    10.2713     12.217    31.9966 2.6713e+01     3.7290      1.541      2.235    18.5872 0.0000e+00
      1.582      0.028     8.9972     90.136     38.164  33.030280    10.0129     12.214    31.7824 2.6457e+01     3.7660      1.553      2.251    18.5138 0.0000e+00
      1.587      0.024     8.9017     88.301     38.193  33.030283     9.8720     12.211    32.2904 2.6371e+01     3.7758      1.556      2.257    18.4345 0.0000e+00
      1.589      0.019     8.7810     86.518     38.219  33.030285     9.8331     12.206    33.4067 2.6320e+01     3.6770      1.558      2.260    18.3647 0.0000e+00
      1.591      0.015     8.6440     84.941     38.250  33.030279     9.6839     12.202    33.9231 2.6238e+01     3.5277      1.560      2.263    18.3094 0.0000e+00
      1.594      0.013     8.4925     83.620     38.285  33.030174     9.4576     12.199    33.8880 2.6118e+01     3.5426      1.563      2.267    18.2653 0.0000e+00
      1.599      0.013     8.3151     82.530     38.318  33.028972     9.3618     12.197    33.8420 2.5986e+01     3.6865      1.568      2.274    18.2362 0.0000e+00
      1.603      0.014     8.1467     81.603     38.334  33.015716     9.3493     12.194    33.8827 2.5884e+01     3.6610      1.573      2.281    18.2110 0.0000e+00
      1.607      0.016     8.0026     80.729     38.343  32.996739     9.2638     12.192    34.5522 2.5816e+01     3.5086      1.576      2.285    18.1743 0.0000e+00
      1.610      0.016     7.8862     79.858     38.368  32.989812     9.1440     12.190    35.7431 2.5729e+01     3.4494      1.578      2.289    18.1321 0.0000e+00
      1.613      0.016     7.7913     79.043     38.404  32.995374     9.0990     12.188    36.4073 2.5579e+01     3.5253      1.582      2.294    18.0941 0.0000e+00
      1.618      0.016     7.7131     78.243     38.430  33.000509     9.1199     12.185    36.3023 2.5338e+01     3.6408      1.587      2.301    18.0583 0.0000e+00
      1.623      0.017     7.6405     77.383     38.422  32.988435     9.0808     12.182    36.0223 2.5113e+01     3.5823      1.593      2.310    18.0235 0.0000e+00
      1.628      0.019     7.5571     76.484     38.389  32.976263     8.9676     12.177    36.0334 2.5011e+01     3.4320      1.597      2.316    17.9873 0.0000e+00
      1.630      0.023     7.4889     75.581     38.342  32.980246     8.8991     12.169    36.5223 2.4921e+01     3.3620      1.598      2.318    17.9493 0.0000e+00
      1.634      0.028     7.4217     74.701     38.297  32.973206     8.9024     12.160    37.3736 2.4682e+01     3.3159      1.601      2.322    17.9253 0.0000e+00
      1.641      0.033     7.3379     73.932     38.308  32.954641     8.8903     12.154    37.9805 2.4251e+01     3.2845      1.607      2.331    17.9181 0.0000e+00
      1.653      0.037     7.2508     73.329     38.363  32.946054     8.8117     12.150    38.1816 2.3699e+01     3.2217      1.620      2.349    17.9246 0.0000e+00
      1.666      0.038     7.1541     72.847     38.382  32.932745     8.7418     12.146    38.4283 2.3157e+01     3.2394      1.635      2.371    18.0046 0.0000e+00
      1.678      0.038     7.0539     72.417     38.381  32.920568     8.7443     12.142    38.8131 2.2726e+01     3.3958      1.647      2.389    18.0902 0.0000e+00
      1.688      0.034     6.9878     71.933     38.406  32.925703     8.7508     12.138    38.8760 2.2391e+01     3.4391      1.656      2.403    18.0239 0.0000e+00
      1.696      0.029     6.9507     71.349     38.449  32.931371     8.6209     12.135    38.6728 2.2136e+01     3.2847      1.664      2.413    17.9101 0.0000e+00
      1.701      0.025     6.9091     70.776     38.491  32.925614     8.3801     12.134    38.7649 2.1935e+01     3.1343      1.669      2.420    17.8881 0.0000e+00
      1.706      0.022     6.8718     70.291     38.534  32.919482     8.2283     12.133    38.8714 2.1731e+01     3.1582      1.673      2.427    17.8900 0.0000e+00
      1.711      0.020     6.8339     69.830     38.578  32.920622     8.1926     12.132    38.8411 2.1542e+01     3.2997      1.678      2.433    17.8660 0.0000e+00
      1.716      0.019     6.7762     69.323     38.632  32.939345     8.0065     12.130    38.4855 2.1342e+01     3.3772      1.683      2.440    17.8271 0.0000e+00
      1.722      0.018     6.7272     68.796     38.673  32.955501     7.6259     12.127    37.7552 2.1116e+01     3.3094      1.688      2.449    17.7674 0.0000e+00
      1.727      0.017     6.6932     68.326     38.651  32.925617     7.3860     12.125    37.4972 2.0923e+01     3.1974      1.694      2.457    17.7067 0.0000e+00
      1.731      0.015     6.6588     67.889     38.622  32.895213     7.3198     12.123    37.6025 2.0793e+01     3.1840      1.698      2.463    17.6589 0.0000e+00
      1.734      0.014     6.6151     67.436     38.637  32.905084     7.1922     12.118    37.8235 2.0696e+01     3.2844      1.700      2.466    17.6237 0.0000e+00
      1.737      0.013     6.5618     67.004     38.655  32.918084     6.9748     12.115    38.1908 2.0586e+01     3.2834      1.703      2.470    17.6010 0.0000e+00
      1.739      0.013     6.5220     66.636     38.667  32.925506     6.8478     12.112    37.7417 2.0464e+01     3.1376      1.705      2.473    17.5862 0.0000e+00
      1.742      0.013     6.4838     66.332     38.680  32.931377     6.8303     12.108    36.6086 2.0328e+01     3.0587      1.709      2.478    17.5797 0.0000e+00
      1.746      0.013     6.4381     66.082     38.682  32.925619     6.8040     12.104    36.1065 2.0184e+01     3.1162      1.713      2.484    17.5776 0.0000e+00
      1.750      0.013     6.3955     65.872     38.690  32.919325     6.7878     12.100    36.2303 2.0072e+01     3.2513      1.716      2.490    17.5763 0.0000e+00
      1.753      0.013     6.3615     65.675     38.712  32.918704     6.7843     12.097    36.6432 1.9981e+01     3.2573      1.719      2.494    17.5724 0.0000e+00
      1.757      0.012     6.3334     65.465     38.737  32.918083     6.7529     12.093    37.3135 1.9897e+01     3.1208      1.723      2.499    17.5655 0.0000e+00
      1.759      0.012     6.3109     65.185     38.752  32.911789     6.6838     12.088    37.5371 1.9790e+01     3.0019      1.725      2.502    17.5567 0.0000e+00
      1.762      0.012     6.2947     64.805     38.764  32.906024     6.6218     12.084    37.1097 1.9662e+01     2.9472      1.728      2.507    17.5419 0.0000e+00
      1.766      0.013     6.2786     64.321     38.788  32.911794     6.6194     12.080    36.8784 1.9569e+01     3.0054      1.732      2.512    17.5152 0.0000e+00
      1.768      0.014     6.2661     63.730     38.812  32.918094     6.6127     12.075    37.1489 1.9497e+01     3.0224      1.734      2.515    17.4839 0.0000e+00
      1.771      0.016     6.2435     63.069     38.829  32.918741     6.5659     12.069    37.5412 1.9392e+01     2.9133      1.737      2.519    17.4582 0.0000e+00
      1.776      0.017     6.2083     62.364     38.846  32.919596     6.4958     12.063    37.9225 1.9248e+01     2.9166      1.742      2.526    17.4388 0.0000e+00
      1.781      0.019     6.1664     61.604     38.874  32.928411     6.4063     12.057    38.4033 1.9101e+01     3.0613      1.747      2.534    17.4214 0.0000e+00
      1.786      0.021     6.1092     60.806     38.932  32.961863     6.3492     12.050    38.8804 1.8940e+01     3.1261      1.752      2.540    17.4026 0.0000e+00
      1.792      0.023     6.0471     59.994     39.006  33.006842     6.3042     12.045    39.0449 1.8763e+01     3.0516      1.757      2.548    17.3850 0.0000e+00
      1.798      0.025     5.9833     59.149     39.055  33.028133     6.1536     12.038    38.9294 1.8593e+01     2.9112      1.763      2.557    17.3677 0.0000e+00
      1.804      0.027     5.9114     58.251     39.082  33.028946     5.9521     12.030    38.7753 1.8382e+01     2.8981      1.769      2.565    17.3489 0.0000e+00
      1.812      0.029     5.8361     57.280     39.093  33.016637     5.8813     12.023    38.9015 1.8128e+01     3.0296      1.776      2.575    17.3282 0.0000e+00
      1.820      0.030     5.7619     56.180     39.106  33.006160     5.8883     12.016    39.5951 1.7908e+01     3.1011      1.785      2.589    17.3066 0.0000e+00
      1.829      0.030     5.6846     54.930     39.158  33.029129     5.7545     12.008    40.3645 1.7720e+01     3.0441      1.794      2.601    17.2821 0.0000e+00
      1.836      0.029     5.6011     53.571     39.194  33.040564     5.5035     11.999    40.4605 1.7509e+01     2.9224      1.801      2.611    17.2523 0.0000e+00
      1.844      0.028     5.5145     52.149     39.189  33.017505     5.3919     11.992    40.2401 1.7285e+01     2.9269      1.809      2.622    17.2227 0.0000e+00
      1.851      0.025     5.4130     50.748     39.193  33.004074     5.4120     11.987    40.1086 1.7094e+01     3.0305      1.816      2.633    17.1959 0.0000e+00
      1.857      0.023     5.2923     49.439     39.213  33.005028     5.3470     11.981    39.9895 1.6939e+01     2.9452      1.822      2.643    17.1702 0.0000e+00
      1.862      0.022     5.1642     48.215     39.263  33.029026     5.2056     11.974    40.5203 1.6812e+01     2.7159      1.827      2.650    17.1455 0.0000e+00
      1.866      0.021     5.0263     47.126     39.299  33.040439     5.1345     11.968    41.6227 1.6693e+01     2.6139      1.830      2.655    17.1217 0.0000e+00
      1.871      0.021     4.8890     46.269     39.294  33.016112     5.1360     11.962    42.1341 1.6534e+01     2.6691      1.835      2.661    17.0997 0.0000e+00
      1.877      0.020     4.7679     45.607     39.283  32.988636     5.0328     11.956    42.0571 1.6343e+01     2.7008      1.841      2.669    17.0799 0.0000e+00
      1.884      0.019     4.6504     45.032     39.268  32.961968     4.7937     11.950    41.8097 1.6188e+01     2.6203      1.847      2.679    17.0587 0.0000e+00
      1.889      0.019     4.5410     44.489     39.265  32.947424     4.6418     11.945    41.6376 1.6088e+01     2.6522      1.853      2.688    17.0325 0.0000e+00
      1.893      0.018     4.4636     43.930     39.270  32.939657     4.6117     11.938    42.2130 1.5989e+01     2.7452      1.857      2.693    17.0055 0.0000e+00
      1.897      0.017     4.4072     43.364     39.276  32.931477     4.5954     11.931    43.2604 1.5884e+01     2.6521      1.860      2.698    16.9833 0.0000e+00
      1.900      0.016     4.3533     42.888     39.270  32.911957     4.5613     11.926    43.8909 1.5749e+01     2.5508      1.863      2.702    16.9657 0.0000e+00
      1.904      0.015     4.3043     42.483     39.265  32.893937     4.4909     11.920    44.1582 1.5559e+01     2.5803      1.866      2.707    16.9509 0.0000e+00
      1.909      0.015     4.2534     42.072     39.290  32.903902     4.4266     11.915    44.3415 1.5373e+01     2.7013      1.872      2.716    16.9369 0.0000e+00
      1.913      0.014     4.1925     41.690     39.302  32.905557     4.4159     11.910    44.4725 1.5245e+01     2.8175      1.877      2.723    16.9192 0.0000e+00
      1.917      0.013     4.1495     41.318     39.320  32.913933     4.4121     11.905    44.8812 1.5168e+01     2.8581      1.880      2.727    16.8989 0.0000e+00
      1.919      0.012     4.1190     40.918     39.359  32.941730     4.3549     11.900    45.6698 1.5099e+01     2.8163      1.882      2.730    16.8821 0.0000e+00
      1.921      0.012     4.0736     40.533     39.346  32.924439     4.2817     11.894    46.4356 1.5019e+01     2.6875      1.884      2.734    16.8684 0.0000e+00
      1.923      0.013     4.0404     40.165     39.326  32.895179     4.2347     11.888    46.9136 1.4926e+01     2.6335      1.886      2.736    16.8575 0.0000e+00
      1.926      0.015     4.0085     39.800     39.358  32.905147     4.1784     11.883    47.2334 1.4798e+01     2.7105      1.889      2.740    16.8492 0.0000e+00
      1.931      0.017     3.9649     39.457     39.393  32.918055     4.0840     11.879    47.5485 1.4633e+01     2.6960      1.894      2.747    16.8450 0.0000e+00
      1.937      0.018     3.9298     39.128     39.418  32.924346     4.0246     11.874    47.5402 1.4455e+01     2.5608      1.900      2.755    16.8389 0.0000e+00
      1.943      0.018     3.8966     38.773     39.426  32.917749     4.0178     11.869    47.3057 1.4303e+01     2.5104      1.906      2.764    16.8209 0.0000e+00
      1.948      0.018     3.8613     38.366     39.420  32.901716     3.9941     11.863    47.5512 1.4200e+01     2.5654      1.910      2.771    16.7981 0.0000e+00
      1.952      0.017     3.8296     37.861     39.454  32.920797     3.9629     11.857    48.1867 1.4114e+01     2.6442      1.913      2.777    16.7772 0.0000e+00
      1.955      0.017     3.8022     37.259     39.510  32.958124     3.9320     11.851    48.7943 1.4028e+01     2.6095      1.918      2.781    16.7579 0.0000e+00
      1.958      0.018     3.7681     36.633     39.540  32.972373     3.8954     11.846    49.2185 1.3944e+01     2.4183      1.920      2.784    16.7409 0.0000e+00
      1.963      0.019     3.7324     36.008     39.548  32.966181     3.8692     11.840    49.1858 1.3833e+01     2.3139      1.924      2.791    16.7271 0.0000e+00
      1.969      0.020     3.6852     35.370     39.541  32.946688     3.8568     11.835    48.9151 1.3693e+01     2.4059      1.931      2.801    16.7166 0.0000e+00
      1.975      0.020     3.6223     34.714     39.534  32.926988     3.8706     11.829    49.0436 1.3568e+01     2.5402      1.937      2.810    16.7051 0.0000e+00
      1.981      0.020     3.5633     34.049     39.540  32.918302     3.8697     11.823    49.4481 1.3468e+01     2.5376      1.943      2.818    16.6909 0.0000e+00
