Data/DataNotYetUploadedToEDI/Raw_CTD/RawDownloads/060126_fcr50_S7809002.cnv
* Sea-Bird SBE19plus  Data File:
* FileName = C:\R\Reservoirs\Data\DataNotYetUploadedToEDI\Raw_CTD\RawDownloads\062926_fcr50_S7809_0002.hex
* Software version 2.8.0.119
* Temperature SN = 7809
* Conductivity SN = 7809
* System UpLoad Time = Jun 30 2026 08:59:25
* <ApplicationData>
* <Seaterm232>
# nquan = 15
# nvalues = 2110                        
# units = specified
# name 0 = depFM: Depth [fresh water, m]
# name 1 = dz/dtM: Descent Rate [m/s]
# name 2 = sbeox0Mg/L: Oxygen, SBE 43 [mg/l]
# name 3 = sbeox0PS: Oxygen, SBE 43 [% saturation]
# name 4 = specc: Specific Conductance [uS/cm]
# name 5 = c0uS/cm: Conductivity [uS/cm]
# name 6 = flECO-AFL: Fluorescence, WET Labs ECO-AFL/FL [mg/m^3]
# name 7 = ph: pH
# name 8 = orp: Oxidation Reduction Potential [mV]
# name 9 = par/sat/log: PAR/Logarithmic, Satlantic
# name 10 = turbWETntu0: Turbidity, WET Labs ECO [NTU]
# name 11 = prdM: Pressure, Strain Gauge [db]
# name 12 = prdE: Pressure, Strain Gauge [psi]
# name 13 = tv290C: Temperature [ITS-90, deg C]
# name 14 = flag:  0.000e+00
# span 0 =     -0.656,      9.085       
# span 1 =     -4.498,      1.170       
# span 2 =    -0.2538,    10.3700       
# span 3 =     -2.423,    120.626       
# span 4 =      0.914,     47.095       
# span 5 =   0.900042,  37.648308       
# span 6 =    -0.1076,    11.3217       
# span 7 =     -0.539,     15.783       
# span 8 = -1240.7455,   889.4905       
# span 9 = 1.2354e-01, 5.0572e+02       
# span 10 =     1.2038,    21.0338      
# span 11 =     -0.644,      8.910      
# span 12 =     -0.934,     12.923      
# span 13 =     9.1568,    24.2587      
# span 14 = 0.0000e+00, 0.0000e+00      
# interval = seconds: 0.25
# start_time = Jun 01 2026 12:17:12 [Instrument's time stamp, header]
# bad_flag = -9.990e-29
*END*
[from data line 1639]
      4.024      0.046     3.2099     34.486     45.004  31.380117     0.6252     10.438    57.3459 1.4082e+00     3.5294      3.950      5.728     9.9090 0.0000e+00
      4.032      0.048     3.3606     36.228     45.126  31.438212     0.5684     10.436    58.0306 1.4124e+00     3.5561      3.953      5.735     9.8782 0.0000e+00
      4.039      0.051     3.5251     37.884     45.237  31.479163     0.5315     10.434    58.6106 1.4070e+00     3.4924      3.958      5.741     9.8527 0.0000e+00
      4.051      0.054     3.7022     39.375     45.306  31.494589     0.5289     10.431    59.0238 1.3951e+00     3.5111      3.972      5.760     9.8687 0.0000e+00
      4.067      0.058     3.9037     40.651     45.349  31.497810     0.5538     10.426    59.4993 1.3769e+00     3.5431      3.988      5.784     9.8764 0.0000e+00
      4.086      0.061     4.1084     41.772     45.405  31.518081     0.5653     10.421    59.9719 1.3564e+00     3.4681      4.006      5.810     9.8334 0.0000e+00
      4.105      0.061     4.3033     42.825     45.468  31.549351     0.5434     10.417    60.4361 1.3482e+00     3.3903      4.027      5.840     9.7884 0.0000e+00
      4.122      0.057     4.4802     43.808     45.495  31.558695     0.5139     10.413    61.0679 1.3472e+00     3.2861      4.045      5.866     9.7537 0.0000e+00
      4.136      0.051     4.6250     44.715     45.515  31.567603     0.5084     10.410    61.6744 1.3355e+00     3.1990      4.057      5.884     9.7221 0.0000e+00
      4.147      0.046     4.7483     45.543     45.560  31.593614     0.5425     10.407    62.2619 1.3148e+00     3.2594      4.068      5.900     9.7020 0.0000e+00
      4.156      0.041     4.8725     46.270     45.622  31.619436     0.5851     10.405    62.9235 1.3138e+00     3.4009      4.077      5.913     9.6918 0.0000e+00
      4.164      0.040     4.9849     46.904     45.671  31.626042     0.5827     10.401    63.2212 1.3190e+00     3.4412      4.083      5.921     9.6783 0.0000e+00
      4.173      0.041     5.0883     47.437     45.692  31.610012     0.5635     10.396    63.1938 1.3045e+00     3.4054      4.092      5.935     9.6747 0.0000e+00
      4.184      0.042     5.1843     47.830     45.742  31.615908     0.5609     10.392    63.5393 1.2857e+00     3.4801      4.103      5.951     9.6780 0.0000e+00
      4.195      0.044     5.2686     48.139     45.801  31.633857     0.5674     10.389    64.3000 1.2617e+00     3.5936      4.113      5.965     9.6549 0.0000e+00
      4.208      0.047     5.3441     48.477     45.817  31.636695     0.5599     10.386    64.9926 1.2435e+00     3.5477      4.127      5.986     9.6212 0.0000e+00
      4.221      0.050     5.4135     48.880     45.812  31.650215     0.5276     10.383    65.4607 1.2427e+00     3.5057      4.141      6.007     9.5888 0.0000e+00
      4.232      0.054     5.4606     49.375     45.806  31.670465     0.5181     10.380    65.8292 1.2294e+00     3.6666      4.149      6.018     9.5531 0.0000e+00
      4.245      0.056     5.4905     49.955     45.845  31.691239     0.5453     10.376    66.1788 1.2059e+00     3.8538      4.160      6.034     9.5280 0.0000e+00
      4.260      0.056     5.5336     50.525     45.928  31.711072     0.5563     10.371    66.5898 1.1951e+00     3.8556      4.178      6.059     9.5110 0.0000e+00
      4.278      0.056     5.5744     50.998     46.000  31.719899     0.5350     10.368    67.0135 1.1773e+00     3.7566      4.195      6.085     9.5324 0.0000e+00
      4.294      0.055     5.6228     51.351     46.064  31.734484     0.5458     10.366    67.3440 1.1535e+00     3.7840      4.212      6.109     9.5861 0.0000e+00
      4.308      0.052     5.6953     51.626     46.133  31.760511     0.6039     10.362    67.7460 1.1451e+00     3.9144      4.226      6.130     9.5775 0.0000e+00
      4.319      0.046     5.7728     51.925     46.186  31.780808     0.6385     10.358    68.6049 1.1407e+00     3.9662      4.234      6.141     9.5177 0.0000e+00
      4.330      0.041     5.8332     52.296     46.217  31.789567     0.6313     10.355    69.6407 1.1264e+00     3.8987      4.246      6.158     9.4707 0.0000e+00
      4.341      0.038     5.8778     52.746     46.250  31.802962     0.6159     10.353    70.2032 1.1051e+00     3.7815      4.259      6.178     9.4401 0.0000e+00
      4.349      0.037     5.9058     53.346     46.280  31.815871     0.6277     10.350    70.5887 1.0951e+00     3.7781      4.266      6.188     9.4191 0.0000e+00
      4.355      0.037     5.9398     54.115     46.292  31.818769     0.6658     10.347    70.9455 1.0927e+00     3.9261      4.269      6.192     9.4014 0.0000e+00
      4.363      0.037     5.9882     55.013     46.327  31.837997     0.6775     10.343    71.2481 1.0769e+00     3.9656      4.278      6.204     9.3876 0.0000e+00
      4.375      0.037     6.0335     55.949     46.361  31.858026     0.6436     10.340    72.2681 1.0621e+00     3.8120      4.290      6.223     9.3782 0.0000e+00
      4.388      0.038     6.1050     56.807     46.384  31.870610     0.5886     10.336    73.7278 1.0577e+00     3.7077      4.303      6.241     9.3709 0.0000e+00
      4.398      0.039     6.1946     57.517     46.375  31.863270     0.5535     10.332    74.5283 1.0531e+00     3.7637      4.314      6.257     9.3641 0.0000e+00
      4.405      0.039     6.3019     58.062     46.328  31.832723     0.5601     10.328    74.9780 1.0458e+00     3.8399      4.320      6.265     9.3593 0.0000e+00
      4.413      0.039     6.4161     58.473     46.295  31.818464     0.5526     10.325    75.2933 1.0377e+00     3.7745      4.326      6.275     9.3555 0.0000e+00
      4.424      0.041     6.5164     58.759     46.275  31.817749     0.5296     10.322    75.1571 1.0317e+00     3.7253      4.339      6.294     9.3534 0.0000e+00
      4.435      0.045     6.6003     58.954     46.264  31.824088     0.5312     10.319    75.1389 1.0269e+00     3.8262      4.351      6.310     9.3503 0.0000e+00
      4.445      0.048     6.6589     59.126     46.261  31.831687     0.5385     10.314    75.5035 1.0199e+00     3.9013      4.356      6.319     9.3517 0.0000e+00
      4.458      0.050     6.7059     59.280     46.267  31.846197     0.5516     10.309    75.7791 1.0025e+00     3.8816      4.370      6.338     9.3600 0.0000e+00
      4.475      0.051     6.7350     59.391     46.296  31.872664     0.5483     10.306    75.8904 9.7363e-01     3.8269      4.389      6.366     9.3758 0.0000e+00
      4.490      0.051     6.7495     59.462     46.350  31.897942     0.5318     10.303    75.9883 9.5295e-01     3.8891      4.404      6.388     9.3957 0.0000e+00
      4.501      0.050     6.7691     59.488     46.392  31.898061     0.5438     10.301    76.1023 9.4525e-01     4.0534      4.414      6.402     9.4005 0.0000e+00
      4.512      0.047     6.7872     59.483     46.400  31.874070     0.5603     10.298    75.9783 9.3634e-01     4.1387      4.422      6.414     9.4116 0.0000e+00
      4.526      0.043     6.7948     59.493     46.412  31.861594     0.5311     10.295    75.6074 9.2521e-01     4.0327      4.438      6.436     9.4309 0.0000e+00
      4.538      0.039     6.8063     59.515     46.448  31.874075     0.4745     10.291    75.6615 9.2176e-01     3.7958      4.452      6.457     9.4168 0.0000e+00
      4.546      0.037     6.8169     59.577     46.493  31.898080     0.4669     10.288    76.0305 9.1855e-01     3.7339      4.458      6.465     9.3753 0.0000e+00
      4.553      0.037     6.8169     59.714     46.500  31.898080     0.4973     10.285    76.2838 9.1033e-01     3.8652      4.465      6.475     9.3402 0.0000e+00
      4.562      0.038     6.8246     59.909     46.467  31.874067     0.4920     10.282    76.5734 9.0374e-01     3.8805      4.475      6.490     9.3196 0.0000e+00
      4.569      0.040     6.8271     60.172     46.445  31.861492     0.4607     10.280    76.3481 8.8830e-01     3.7481      4.480      6.498     9.3079 0.0000e+00
      4.578      0.043     6.8319     60.483     46.455  31.872932     0.4519     10.277    75.5384 8.6882e-01     3.6659      4.487      6.507     9.3009 0.0000e+00
      4.592      0.048     6.8523     60.774     46.462  31.885506     0.4689     10.272    75.2159 8.5611e-01     3.7062      4.503      6.531     9.2964 0.0000e+00
      4.607      0.052     6.8724     61.022     46.441  31.886646     0.4835     10.268    75.6314 8.5605e-01     3.7562      4.519      6.555     9.2930 0.0000e+00
      4.619      0.053     6.9023     61.234     46.417  31.886739     0.4870     10.266    76.3466 8.5839e-01     3.7591      4.529      6.569     9.2979 0.0000e+00
      4.633      0.053     6.9419     61.392     46.409  31.886643     0.5029     10.264    76.8077 8.4560e-01     3.8778      4.541      6.587     9.3040 0.0000e+00
      4.650      0.053     6.9754     61.480     46.416  31.885492     0.5172     10.261    76.7328 8.2723e-01     3.9955      4.562      6.616     9.3051 0.0000e+00
      4.663      0.053     6.9985     61.483     46.413  31.872815     0.5270     10.258    76.4738 8.1509e-01     3.9868      4.576      6.636     9.3281 0.0000e+00
      4.672      0.053     7.0203     61.372     46.406  31.860233     0.5296     10.255    76.3431 8.0844e-01     3.9081      4.580      6.643     9.3522 0.0000e+00
      4.684      0.051     7.0386     61.175     46.411  31.860233     0.4982     10.251    76.3568 7.9620e-01     3.7280      4.591      6.658     9.3552 0.0000e+00
      4.702      0.049     7.0496     60.962     46.438  31.872817     0.4897     10.248    76.5541 7.8335e-01     3.6881      4.612      6.689     9.3481 0.0000e+00
      4.718      0.049     7.0557     60.768     46.468  31.885497     0.5263     10.245    76.9212 7.7620e-01     3.8352      4.630      6.715     9.3311 0.0000e+00
      4.728      0.048     7.0430     60.640     46.483  31.886660     0.5413     10.242    77.4402 7.7082e-01     3.9008      4.638      6.726     9.3237 0.0000e+00
      4.736      0.045     7.0154     60.615     46.500  31.886871     0.5128     10.239    77.9248 7.6712e-01     3.8324      4.642      6.732     9.3242 0.0000e+00
      4.748      0.043     6.9929     60.665     46.516  31.888035     0.4729     10.238    78.1348 7.5879e-01     3.7257      4.654      6.751     9.3151 0.0000e+00
      4.760      0.041     6.9700     60.782     46.545  31.900725     0.4669     10.234    78.3444 7.4574e-01     3.7385      4.670      6.774     9.3074 0.0000e+00
      4.770      0.040     6.9527     60.965     46.570  31.913414     0.4908     10.230    78.5663 7.4050e-01     3.9189      4.677      6.784     9.2994 0.0000e+00
      4.781      0.040     6.9567     61.189     46.575  31.914567     0.4950     10.228    78.6666 7.3028e-01     4.0278      4.687      6.798     9.2839 0.0000e+00
      4.793      0.041     6.9632     61.452     46.577  31.914662     0.4760     10.225    79.3851 7.0638e-01     3.9624      4.703      6.821     9.2723 0.0000e+00
      4.801      0.043     6.9775     61.731     46.581  31.914569     0.4615     10.223    80.5425 6.9598e-01     3.9136      4.709      6.828     9.2650 0.0000e+00
      4.807      0.045     7.0023     61.981     46.586  31.913436     0.5266     10.220    81.0450 6.9465e-01     3.9837      4.711      6.831     9.2598 0.0000e+00
      4.819      0.046     7.0262     62.206     46.573  31.900958     0.6729     10.216    81.2441 6.9072e-01     4.0582      4.723      6.851     9.2596 0.0000e+00
      4.836      0.047     7.0580     62.429     46.562  31.890568     0.7397     10.214    81.2298 6.8888e-01     3.9952      4.744      6.880     9.2589 0.0000e+00
      4.852      0.050     7.0929     62.618     46.602  31.914696     0.7105     10.211    80.8722 6.8735e-01     3.9390      4.761      6.904     9.2548 0.0000e+00
      4.862      0.051     7.1232     62.779     46.642  31.938918     0.6865     10.207    81.3947 6.8259e-01     4.0970      4.770      6.918     9.2502 0.0000e+00
      4.870      0.051     7.1457     62.904     46.633  31.929672     0.6579     10.205    82.7290 6.6674e-01     4.3342      4.775      6.924     9.2460 0.0000e+00
      4.883      0.051     7.1766     62.956     46.636  31.929786     0.6135     10.203    83.5830 6.5310e-01     4.3469      4.786      6.941     9.2423 0.0000e+00
      4.900      0.052     7.1979     63.039     46.651  31.940292     0.5746     10.200    83.8913 6.4471e-01     4.1824      4.806      6.971     9.2395 0.0000e+00
      4.915      0.052     7.2135     63.188     46.636  31.929817     0.5375     10.197    83.9612 6.3852e-01     4.1563      4.821      6.992     9.2360 0.0000e+00
      4.927      0.051     7.2381     63.318     46.632  31.930025     0.5139     10.194    83.9972 6.3166e-01     4.2697      4.830      7.006     9.2318 0.0000e+00
      4.940      0.048     7.2329     63.425     46.637  31.942806     0.4978     10.190    84.4123 6.1987e-01     4.2893      4.843      7.024     9.2307 0.0000e+00
      4.954      0.045     7.2408     63.541     46.642  31.957478     0.4759     10.188    85.0227 6.2273e-01     4.1888      4.859      7.047     9.2320 0.0000e+00
      4.964      0.045     7.2666     63.672     46.657  31.980547     0.4579     10.185    85.5268 6.3407e-01     4.1478      4.869      7.063     9.2301 0.0000e+00
      4.972      0.046     7.2783     63.784     46.618  31.967980     0.4620     10.182    86.0338 6.3053e-01     4.2376      4.875      7.071     9.2304 0.0000e+00
      4.980      0.046     7.2882     63.857     46.558  31.932433     0.4928     10.178    86.6783 6.1459e-01     4.3521      4.882      7.080     9.2429 0.0000e+00
      4.993      0.047     7.2971     63.877     46.574  31.931396     0.4890     10.174    87.4688 5.9364e-01     4.3363      4.895      7.099     9.2573 0.0000e+00
      5.009      0.048     7.3141     63.833     46.638  31.955421     0.4490     10.172    88.0202 5.7548e-01     4.2176      4.914      7.126     9.2668 0.0000e+00
      5.024      0.050     7.3228     63.743     46.678  31.969141     0.4340     10.170    87.8388 5.7733e-01     4.1123      4.928      7.147     9.2890 0.0000e+00
      5.035      0.050     7.3296     63.645     46.690  31.970389     0.4570     10.168    87.5128 5.8672e-01     4.0883      4.938      7.161     9.3012 0.0000e+00
      5.045      0.049     7.3369     63.557     46.694  31.970502     0.4937     10.166    87.9498 5.7674e-01     4.1673      4.946      7.175     9.2790 0.0000e+00
      5.058      0.048     7.3349     63.464     46.693  31.970512     0.4950     10.164    88.5633 5.5271e-01     4.1452      4.960      7.194     9.2536 0.0000e+00
      5.071      0.049     7.3259     63.389     46.690  31.970502     0.4641     10.160    89.0790 5.3611e-01     4.0596      4.974      7.214     9.2401 0.0000e+00
      5.083      0.050     7.3135     63.374     46.690  31.970388     0.4618     10.156    89.7978 5.3337e-01     4.1229      4.984      7.229     9.2325 0.0000e+00
      5.095      0.050     7.3071     63.414     46.691  31.969140     0.4918     10.153    89.6828 5.3158e-01     4.1927      4.995      7.245     9.2303 0.0000e+00
      5.109      0.048     7.2939     63.479     46.675  31.955403     0.5109     10.151    88.8067 5.2843e-01     4.1866      5.010      7.267     9.2321 0.0000e+00
      5.123      0.045     7.2821     63.556     46.642  31.931172     0.5012     10.149    88.6689 5.2403e-01     4.1179      5.024      7.288     9.2356 0.0000e+00
      5.134      0.042     7.2809     63.632     46.640  31.929923     0.4830     10.146    89.1358 5.1443e-01     4.0454      5.034      7.302     9.2357 0.0000e+00
      5.144      0.041     7.2882     63.691     46.655  31.940304     0.4909     10.143    89.7199 5.1070e-01     4.0945      5.046      7.318     9.2327 0.0000e+00
