Data/DataNotYetUploadedToEDI/Raw_CTD/RawDownloads/060126_fcr30_S7809005.cnv
* Sea-Bird SBE19plus  Data File:
* FileName = C:\R\Reservoirs\Data\DataNotYetUploadedToEDI\Raw_CTD\RawDownloads\062926_fcr50_S7809_0005.hex
* Software version 2.8.0.119
* Temperature SN = 7809
* Conductivity SN = 7809
* System UpLoad Time = Jun 30 2026 09:00:27
* <ApplicationData>
* <Seaterm232>
# nquan = 15
# nvalues = 580                         
# units = specified
# name 0 = depFM: Depth [fresh water, m]
# name 1 = dz/dtM: Descent Rate [m/s]
# name 2 = sbeox0Mg/L: Oxygen, SBE 43 [mg/l]
# name 3 = sbeox0PS: Oxygen, SBE 43 [% saturation]
# name 4 = specc: Specific Conductance [uS/cm]
# name 5 = c0uS/cm: Conductivity [uS/cm]
# name 6 = flECO-AFL: Fluorescence, WET Labs ECO-AFL/FL [mg/m^3]
# name 7 = ph: pH
# name 8 = orp: Oxidation Reduction Potential [mV]
# name 9 = par/sat/log: PAR/Logarithmic, Satlantic
# name 10 = turbWETntu0: Turbidity, WET Labs ECO [NTU]
# name 11 = prdM: Pressure, Strain Gauge [db]
# name 12 = prdE: Pressure, Strain Gauge [psi]
# name 13 = tv290C: Temperature [ITS-90, deg C]
# name 14 = flag:  0.000e+00
# span 0 =     -0.655,      4.614       
# span 1 =     -0.038,      0.336       
# span 2 =    -0.1995,    10.3875       
# span 3 =     -1.783,    117.391       
# span 4 =      1.310,     53.984       
# span 5 =   1.152723,  39.059633       
# span 6 =    -0.1074,    10.3519       
# span 7 =     10.114,     12.356       
# span 8 =  -128.1340,    24.9061       
# span 9 = 2.6292e+00, 1.6978e+03       
# span 10 =     1.2715,   247.9764      
# span 11 =     -0.643,      4.525      
# span 12 =     -0.933,      6.563      
# span 13 =     9.4803,    22.8572      
# span 14 = 0.0000e+00, 0.0000e+00      
# interval = seconds: 0.25
# start_time = Jun 01 2026 13:46:11 [Instrument's time stamp, header]
# bad_flag = -9.990e-29
*END*
[from data line 97]
     -0.105     -0.005     7.2557     82.436     35.293  33.695135     4.1365     12.249   -34.8248 9.3020e+02     5.2651     -0.102     -0.148    22.7525 0.0000e+00
     -0.107     -0.003     7.2513     81.672     35.318  33.711846     4.1021     12.249   -34.5619 1.0120e+03     5.1620     -0.105     -0.152    22.7426 0.0000e+00
     -0.110     -0.002     7.2182     80.897     35.326  33.711726     4.0686     12.250   -34.2600 9.7914e+02     5.0837     -0.109     -0.158    22.7366 0.0000e+00
     -0.110     -0.002     7.1701     80.137     35.315  33.693663     4.0639     12.251   -34.1010 8.5497e+02     5.1043     -0.108     -0.157    22.7379 0.0000e+00
     -0.109     -0.001     7.1085     79.426     35.245  33.620325     4.0873     12.252   -34.0149 7.7652e+02     5.2400     -0.107     -0.155    22.7331 0.0000e+00
     -0.109     -0.001     7.0417     78.794     35.149  33.522860     4.0857     12.252   -33.8219 7.6027e+02     5.2557     -0.107     -0.155    22.7211 0.0000e+00
     -0.109     -0.001     6.9770     78.232     35.096  33.466853     4.0520     12.252   -33.4876 7.6054e+02     5.1573     -0.107     -0.155    22.7086 0.0000e+00
     -0.109     -0.002     6.9112     77.696     35.085  33.450679     4.0545     12.252   -33.2428 7.8773e+02     5.2116     -0.106     -0.153    22.6981 0.0000e+00
     -0.110     -0.002     6.8500     77.151     35.095  33.454181     4.0908     12.252   -33.1847 8.6434e+02     5.3313     -0.107     -0.155    22.6893 0.0000e+00
     -0.111     -0.002     6.7966     76.613     35.093  33.445741     4.0994     12.254   -33.0432 9.5588e+02     5.3408     -0.110     -0.158    22.6807 0.0000e+00
     -0.112     -0.002     6.7513     76.121     35.064  33.412069     4.0749     12.255   -32.7375 1.0072e+03     5.2585     -0.111     -0.160    22.6729 0.0000e+00
     -0.112     -0.002     6.7067     75.668     35.020  33.364256     4.0450     12.255   -32.4991 1.0064e+03     5.2594     -0.110     -0.160    22.6660 0.0000e+00
     -0.112     -0.001     6.6606     75.223     34.970  33.311724     4.0465     12.255   -32.3120 9.7749e+02     5.4193     -0.111     -0.160    22.6577 0.0000e+00
     -0.112     -0.001     6.6130     74.786     34.947  33.284430     4.0845     12.256   -32.1099 9.5290e+02     5.5183     -0.110     -0.160    22.6479 0.0000e+00
     -0.112     -0.000     6.5722     74.351     34.956  33.288009     4.1044     12.257   -31.9482 9.4613e+02     5.4989     -0.110     -0.159    22.6387 0.0000e+00
     -0.113      0.000     6.5363     73.932     34.966  33.291545     4.0785     12.259   -31.7337 9.4608e+02     5.3904     -0.111     -0.160    22.6305 0.0000e+00
     -0.113      0.001     6.4976     73.565     34.942  33.263736     4.0473     12.259   -31.4953 9.4619e+02     5.2652     -0.111     -0.161    22.6229 0.0000e+00
     -0.113      0.001     6.4612     73.237     34.887  33.205527     4.0590     12.260   -31.3032 9.4696e+02     5.3172     -0.112     -0.162    22.6160 0.0000e+00
     -0.112      0.001     6.4249     72.940     34.843  33.158713     4.0868     12.260   -31.2173 9.1945e+02     5.4050     -0.111     -0.160    22.6090 0.0000e+00
     -0.111      0.000     6.3866     72.641     34.829  33.141798     4.0754     12.260   -31.2316 8.7679e+02     5.3703     -0.109     -0.159    22.6006 0.0000e+00
     -0.110     -0.002     6.3583     72.281     34.818  33.127882     4.0462     12.260   -31.2179 8.8299e+02     5.3077     -0.108     -0.156    22.5921 0.0000e+00
     -0.110     -0.005     6.3303     71.903     34.808  33.117329     4.0339     12.261   -31.1369 9.2507e+02     5.2973     -0.108     -0.157    22.5845 0.0000e+00
     -0.111     -0.009     6.3052     71.558     34.835  33.141082     4.0430     12.262   -30.9413 9.7101e+02     5.3811     -0.109     -0.159    22.5776 0.0000e+00
     -0.115     -0.012     6.2854     71.253     34.859  33.161315     4.0565     12.262   -30.7448 1.0645e+03     5.3979     -0.111     -0.160    22.5720 0.0000e+00
     -0.120     -0.013     6.2506     71.025     34.807  33.108204     4.0471     12.262   -30.6546 1.2260e+03     5.2269     -0.117     -0.169    22.5671 0.0000e+00
     -0.126     -0.012     6.2167     70.876     34.703  33.006439     4.0462     12.263   -30.6247 1.3346e+03     5.1582     -0.126     -0.181    22.5654 0.0000e+00
     -0.131     -0.009     6.1881     70.762     34.642  32.945933     4.0616     12.263   -30.5556 1.3269e+03     5.2511     -0.129     -0.187    22.5645 0.0000e+00
     -0.132     -0.004     6.1598     70.631     34.645  32.947593     4.0923     12.264   -30.3354 1.3418e+03     5.3596     -0.130     -0.188    22.5597 0.0000e+00
     -0.131      0.001     6.1408     70.436     34.663  32.963065     4.1431     12.264   -30.0276 1.4216e+03     5.4450     -0.129     -0.187    22.5543 0.0000e+00
     -0.130      0.005     6.1306     70.193     34.646  32.942676     4.1590     12.263   -29.7591 1.4176e+03     5.3951     -0.128     -0.186    22.5485 0.0000e+00
     -0.126      0.006     6.1223     69.950     34.596  32.891391     4.1591     12.263   -29.4980 1.2989e+03     5.3713     -0.124     -0.180    22.5448 0.0000e+00
     -0.122      0.006     6.1131     69.685     34.556  32.850499     4.1702     12.262   -29.1944 1.3023e+03     5.4307     -0.119     -0.174    22.5452 0.0000e+00
     -0.121      0.005     6.0962     69.365     34.532  32.828889     4.1602     12.262   -28.9279 1.5008e+03     5.4637     -0.119     -0.173    22.5426 0.0000e+00
     -0.121      0.004     6.0724     69.006     34.522  32.820430     4.1376     12.263   -28.6840 1.6513e+03     5.4627     -0.119     -0.173    22.5370 0.0000e+00
     -0.121      0.003     6.0541     68.639     34.515  32.811668     4.1127     12.263   -28.4827 1.6891e+03     5.3512     -0.119     -0.173    22.5299 0.0000e+00
     -0.121      0.003     6.0336     68.304     34.493  32.786382     4.1012     12.263   -28.3857 1.6978e+03     5.3107     -0.120     -0.174    22.5252 0.0000e+00
     -0.121      0.003     6.0040     68.022     34.481  32.768447     4.1319     12.263   -28.2867 1.6722e+03     5.3837     -0.119     -0.173    22.5275 0.0000e+00
     -0.120      0.003     5.9720     67.785     34.506  32.785129     4.1676     12.265   -28.2319 1.5884e+03     5.3106     -0.118     -0.170    22.5316 0.0000e+00
     -0.118      0.003     5.9390     67.595     34.525  32.797761     4.1584     12.265   -28.2391 1.4806e+03     5.1446     -0.116     -0.168    22.5298 0.0000e+00
     -0.117      0.004     5.9097     67.459     34.526  32.794296     4.1451     12.266   -28.0305 1.4340e+03     5.0846     -0.115     -0.167    22.5218 0.0000e+00
     -0.117      0.006     5.8879     67.371     34.545  32.806666     4.1563     12.267   -27.6880 1.4695e+03     5.1319     -0.115     -0.166    22.5109 0.0000e+00
     -0.117      0.011     5.8678     67.300     34.632  32.883880     4.1618     12.268   -27.4535 1.5300e+03     5.2038     -0.115     -0.167    22.5008 0.0000e+00
     -0.117      0.020     5.8522     67.219     34.789  33.030029     4.1446     12.267   -27.2598 1.5093e+03     5.2026     -0.115     -0.167    22.4928 0.0000e+00
     -0.113      0.032     5.8411     67.184     34.812  33.051150     4.1071     12.266   -27.0670 1.3050e+03     5.1174     -0.112     -0.163    22.4855 0.0000e+00
     -0.105      0.043     5.8352     67.274     34.637  32.885499     4.0818     12.265   -26.8428 1.0811e+03     5.1298     -0.105     -0.151    22.4778 0.0000e+00
     -0.090      0.051     5.8322     67.485     34.480  32.740050     4.0978     12.265   -26.7003 1.0875e+03     5.3188     -0.091     -0.131    22.4710 0.0000e+00
     -0.070      0.056     5.8231     67.719     34.417  32.688223     4.1335     12.265   -26.8069 1.1309e+03     5.5235     -0.070     -0.101    22.4644 0.0000e+00
     -0.049      0.061     5.8170     67.874     34.426  32.702957     4.1382     12.265   -27.0987 1.0636e+03     5.5558     -0.044     -0.065    22.4635 0.0000e+00
     -0.033      0.067     5.8246     67.956     34.451  32.727891     4.1222     12.266   -27.3037 1.0843e+03     5.4700     -0.031     -0.043    22.4659 0.0000e+00
     -0.023      0.073     5.8461     68.052     34.399  32.672497     4.1474     12.266   -27.2197 1.1397e+03     5.4769     -0.024     -0.034    22.4681 0.0000e+00
     -0.012      0.081     5.8693     68.228     34.334  32.604133     4.1934     12.265   -27.0307 1.0992e+03     5.5362     -0.015     -0.023    22.4832 0.0000e+00
      0.009      0.087     5.8803     68.456     34.336  32.599138     4.2134     12.265   -26.9106 9.8939e+02     5.5382      0.003      0.005    22.4974 0.0000e+00
      0.040      0.092     5.8842     68.646     34.356  32.612086     4.2053     12.266   -26.8000 8.5659e+02     5.4671      0.039      0.057    22.4958 0.0000e+00
      0.074      0.093     5.8907     68.761     34.385  32.633805     4.2202     12.267   -26.6399 7.7287e+02     5.3929      0.076      0.108    22.4865 0.0000e+00
      0.102      0.089     5.9086     68.871     34.497  32.734856     4.3023     12.270   -26.4378 7.5609e+02     5.4612      0.102      0.147    22.4741 0.0000e+00
      0.122      0.080     5.9333     69.115     34.656  32.882280     4.3740     12.272   -26.1630 7.6954e+02     5.5413      0.122      0.176    22.4638 0.0000e+00
      0.136      0.071     5.9522     69.665     34.669  32.893722     4.3965     12.273   -25.8980 7.6496e+02     5.5417      0.135      0.195    22.4570 0.0000e+00
      0.147      0.063     5.9603     70.542     34.514  32.746321     4.4237     12.273   -25.7297 7.2666e+02     5.5692      0.143      0.208    22.4479 0.0000e+00
      0.161      0.056     5.9670     71.487     34.383  32.622630     4.4541     12.273   -25.5905 6.7275e+02     5.6341      0.156      0.226    22.4381 0.0000e+00
      0.179      0.049     5.9826     72.261     34.362  32.603549     4.4801     12.274   -25.4194 6.5239e+02     5.7461      0.176      0.255    22.4339 0.0000e+00
      0.196      0.041     6.0259     72.792     34.405  32.642485     4.5141     12.277   -25.2091 6.6349e+02     5.7625      0.195      0.283    22.4346 0.0000e+00
      0.208      0.033     6.1151     73.110     34.481  32.712762     4.5574     12.278   -25.0274 6.6140e+02     5.5590      0.207      0.300    22.4343 0.0000e+00
      0.212      0.026     6.2044     73.276     34.526  32.755424     4.6128     12.278   -24.8574 6.5998e+02     5.3345      0.210      0.304    22.4349 0.0000e+00
      0.211      0.020     6.2719     73.293     34.481  32.714219     4.6498     12.278   -24.6158 6.6543e+02     5.3029      0.207      0.300    22.4371 0.0000e+00
      0.211      0.017     6.3184     73.171     34.420  32.658642     4.6646     12.279   -24.3443 6.7450e+02     5.4149      0.205      0.297    22.4340 0.0000e+00
      0.215      0.016     6.3424     72.967     34.415  32.654410     4.6589     12.279   -24.1559 6.7308e+02     5.3912      0.210      0.304    22.4279 0.0000e+00
      0.223      0.017     6.3586     72.763     34.428  32.663055     4.6222     12.279   -23.9725 6.3381e+02     5.1876      0.219      0.318    22.4284 0.0000e+00
      0.231      0.018     6.3590     72.643     34.407  32.636285     4.6117     12.280   -23.6746 5.8371e+02     5.1393      0.228      0.331    22.4333 0.0000e+00
      0.236      0.015     6.3462     72.667     34.359  32.584481     4.6242     12.280   -23.3081 5.4660e+02     5.2854      0.233      0.337    22.4360 0.0000e+00
      0.238      0.010     6.3255     72.832     34.321  32.544204     4.6232     12.281   -22.9825 5.1588e+02     5.3829      0.233      0.338    22.4386 0.0000e+00
      0.240      0.004     6.3060     73.113     34.307  32.529924     4.6241     12.282   -22.7488 4.9868e+02     5.3274      0.235      0.342    22.4339 0.0000e+00
      0.242     -0.001     6.2946     73.545     34.314  32.538714     4.6098     12.282   -22.5471 5.0493e+02     5.1607      0.238      0.346    22.4215 0.0000e+00
      0.242     -0.003     6.2983     74.157     34.295  32.523604     4.6005     12.282   -22.4374 5.2188e+02     5.1097      0.238      0.344    22.4111 0.0000e+00
      0.238     -0.002     6.3156     74.909     34.240  32.474108     4.6035     12.283   -22.3683 5.3316e+02     5.1550      0.233      0.338    22.4049 0.0000e+00
      0.233      0.000     6.3376     75.696     34.211  32.447778     4.5797     12.283   -22.1413 5.5526e+02     5.1618      0.228      0.330    22.4036 0.0000e+00
      0.232      0.004     6.3736     76.373     34.224  32.459018     4.5455     12.284   -21.9308 5.8674e+02     5.1922      0.226      0.327    22.4065 0.0000e+00
      0.235      0.008     6.4274     76.818     34.252  32.483133     4.5150     12.285   -21.8874 6.0274e+02     5.1467      0.230      0.334    22.4122 0.0000e+00
      0.241      0.012     6.4950     77.007     34.262  32.485586     4.5017     12.286   -21.7896 5.9462e+02     5.1240      0.237      0.344    22.4184 0.0000e+00
      0.246      0.013     6.5679     77.002     34.274  32.488663     4.4845     12.287   -21.6090 5.5064e+02     5.2600      0.242      0.351    22.4198 0.0000e+00
      0.251      0.013     6.6313     76.855     34.715  32.900956     4.4155     12.287   -21.4238 4.7892e+02     5.2874      0.247      0.358    22.4179 0.0000e+00
      0.254      0.013     6.6712     76.725     35.980  34.108165     4.3486     12.287   -21.0991 4.1344e+02     5.1481      0.249      0.361    22.4142 0.0000e+00
      0.254      0.014     6.6854     77.199     37.374  35.474796     4.3339     12.286   -20.6080 3.6582e+02     5.0780      0.249      0.362    22.4041 0.0000e+00
      0.255      0.021     6.6859     79.272     38.011  36.164710     4.3796     12.283   -20.1322 3.3058e+02     5.2251      0.249      0.361    22.3885 0.0000e+00
      0.258      0.034     6.6741     83.756     38.052  36.295535     4.4525     12.280   -19.7342 3.0383e+02     5.4921      0.252      0.365    22.3782 0.0000e+00
      0.264      0.049     6.6448     90.409     37.981  36.295314     4.4737     12.278   -19.4106 2.8210e+02     5.5406      0.257      0.373    22.3742 0.0000e+00
      0.277      0.061     6.6460     97.911     37.933  36.289039     4.4693     12.277   -19.1448 2.6250e+02     5.3672      0.266      0.385    22.4271 0.0000e+00
      0.302      0.069     6.7742    104.863     37.911  36.283167     4.5913     12.277   -18.8432 2.4540e+02     5.2735      0.295      0.428    22.5656 0.0000e+00
      0.329      0.071     7.1489    110.435     37.917  36.287792     4.8331     12.278   -18.6034 2.3348e+02     5.3298      0.326      0.474    22.7007 0.0000e+00
      0.352      0.068     7.7620    114.357     37.915  36.281504     4.9789     12.279   -18.3960 2.2541e+02     5.4334      0.346      0.502    22.7871 0.0000e+00
      0.369      0.060     8.4442    116.632     37.905  36.270581     4.9810     12.280   -18.1417 2.1962e+02     5.4335      0.366      0.531    22.8400 0.0000e+00
      0.379      0.051     9.0640    117.391     37.919  36.282629     4.9255     12.282   -17.9381 2.1517e+02     5.3993      0.373      0.541    22.8572 0.0000e+00
      0.385      0.045     9.5502    116.980     37.939  36.300263     4.8568     12.283   -17.7419 2.0999e+02     5.4301      0.375      0.544    22.8454 0.0000e+00
      0.394      0.043     9.8872    115.908     37.929  36.293435     4.8330     12.283   -17.4904 2.0437e+02     5.4640      0.386      0.559    22.8385 0.0000e+00
      0.405      0.044    10.0811    114.680     37.894  36.263528     4.8628     12.283   -17.2194 1.9909e+02     5.5358      0.397      0.575    22.8409 0.0000e+00
      0.417      0.047    10.1357    113.625     37.888  36.255924     4.8757     12.283   -16.9607 1.9362e+02     5.5123      0.408      0.592    22.8360 0.0000e+00
