Data/DataNotYetUploadedToEDI/Raw_CTD/RawDownloads/060126_fcr50_S7809002.cnv
* Sea-Bird SBE19plus  Data File:
* FileName = C:\R\Reservoirs\Data\DataNotYetUploadedToEDI\Raw_CTD\RawDownloads\062926_fcr50_S7809_0002.hex
* Software version 2.8.0.119
* Temperature SN = 7809
* Conductivity SN = 7809
* System UpLoad Time = Jun 30 2026 08:59:25
* <ApplicationData>
* <Seaterm232>
# nquan = 15
# nvalues = 2110                        
# units = specified
# name 0 = depFM: Depth [fresh water, m]
# name 1 = dz/dtM: Descent Rate [m/s]
# name 2 = sbeox0Mg/L: Oxygen, SBE 43 [mg/l]
# name 3 = sbeox0PS: Oxygen, SBE 43 [% saturation]
# name 4 = specc: Specific Conductance [uS/cm]
# name 5 = c0uS/cm: Conductivity [uS/cm]
# name 6 = flECO-AFL: Fluorescence, WET Labs ECO-AFL/FL [mg/m^3]
# name 7 = ph: pH
# name 8 = orp: Oxidation Reduction Potential [mV]
# name 9 = par/sat/log: PAR/Logarithmic, Satlantic
# name 10 = turbWETntu0: Turbidity, WET Labs ECO [NTU]
# name 11 = prdM: Pressure, Strain Gauge [db]
# name 12 = prdE: Pressure, Strain Gauge [psi]
# name 13 = tv290C: Temperature [ITS-90, deg C]
# name 14 = flag:  0.000e+00
# span 0 =     -0.656,      9.085       
# span 1 =     -4.498,      1.170       
# span 2 =    -0.2538,    10.3700       
# span 3 =     -2.423,    120.626       
# span 4 =      0.914,     47.095       
# span 5 =   0.900042,  37.648308       
# span 6 =    -0.1076,    11.3217       
# span 7 =     -0.539,     15.783       
# span 8 = -1240.7455,   889.4905       
# span 9 = 1.2354e-01, 5.0572e+02       
# span 10 =     1.2038,    21.0338      
# span 11 =     -0.644,      8.910      
# span 12 =     -0.934,     12.923      
# span 13 =     9.1568,    24.2587      
# span 14 = 0.0000e+00, 0.0000e+00      
# interval = seconds: 0.25
# start_time = Jun 01 2026 12:17:12 [Instrument's time stamp, header]
# bad_flag = -9.990e-29
*END*
     -0.656 5.1401e-55     6.6088     82.058      0.954   0.939334     0.0367     10.326 -1037.7478 3.2737e+02     6.5659     -0.643     -0.933    24.2587 0.0000e+00
     -0.656 5.6541e-54     6.6778     82.738      0.929   0.915244     0.0090     10.443 -1043.7314 3.3801e+02     6.4105     -0.643     -0.933    24.2584 0.0000e+00
     -0.656 6.2195e-53     6.7529     83.311      0.929   0.915243     0.0172     10.791  -829.3230 3.5245e+02     6.4596     -0.643     -0.933    24.2581 0.0000e+00
     -0.656 6.8414e-52     6.8122     83.717      0.953   0.939323     0.0285     10.868  -843.8707 3.6256e+02     6.6481     -0.643     -0.932    24.2583 0.0000e+00
     -0.656 7.5256e-51     6.8758     83.952      0.968   0.953028     0.0039     10.511 -1067.6814 3.5716e+02     6.6738     -0.643     -0.933    24.2584 0.0000e+00
     -0.656 8.2782e-50     6.9336     84.076      0.969   0.954273     0.0027     10.491 -1161.1455 3.5092e+02     6.7023     -0.643     -0.933    24.2580 0.0000e+00
     -0.656 9.1060e-49     6.9845     84.161      0.969   0.954386     0.0305     10.581 -1175.0620 3.5888e+02     6.7876     -0.644     -0.934    24.2563 0.0000e+00
     -0.656 1.0017e-47     7.0193     84.251      0.969   0.954387     0.0237     10.357 -1216.4143 3.7544e+02     6.5091     -0.644     -0.933    24.2538 0.0000e+00
     -0.656 1.1018e-46     7.0365     84.354      0.969   0.954283    -0.0131     10.369 -1238.2495 3.9017e+02     5.9657     -0.643     -0.933    24.2515 0.0000e+00
     -0.656 1.2120e-45     7.0453     84.454      0.968   0.953131    -0.0313     10.738 -1237.3935 3.8995e+02     5.7166     -0.644     -0.934    24.2497 0.0000e+00
     -0.656 1.3332e-44     7.0510     84.549      0.955   0.940464    -0.0131     10.942 -1206.0644 3.7520e+02     5.6493     -0.644     -0.933    24.2480 0.0000e+00
     -0.656 1.4665e-43     7.0587     84.636      0.942   0.927796     0.0073     11.346  -859.4521 3.5932e+02     5.0494     -0.644     -0.933    24.2454 0.0000e+00
     -0.656 1.6132e-42     7.0689     84.721      0.941   0.926644    -0.0016     11.561   -27.1060 3.4587e+02     3.9287     -0.644     -0.933    24.2417 0.0000e+00
     -0.656 1.7745e-41     7.0770     84.799      0.941   0.926540    -0.0039      9.073   676.5457 3.2556e+02     3.3722     -0.644     -0.933    24.2391 0.0000e+00
     -0.656 1.9519e-40     7.0860     84.873      0.941   0.926531     0.0203      3.790   642.8521 3.0582e+02     3.4451     -0.644     -0.934    24.2384 0.0000e+00
     -0.656 2.1471e-39     7.0921     84.947      0.941   0.926539     0.0247     -0.366   379.3528 3.0834e+02     3.0682     -0.644     -0.933    24.2380 0.0000e+00
     -0.656 2.3619e-38     7.1004     85.018      0.941   0.926643    -0.0004     -0.539   110.4082 3.2630e+02     2.2302     -0.644     -0.934    24.2368 0.0000e+00
     -0.656 2.5980e-37     7.1069     85.107      0.942   0.927784    -0.0002      2.663   -25.8637 3.3773e+02     1.8182     -0.644     -0.933    24.2340 0.0000e+00
     -0.656 2.8578e-36     7.1129     85.201      0.955   0.940339     0.0276      5.128   459.3686 3.3632e+02     1.7421     -0.644     -0.933    24.2301 0.0000e+00
     -0.656 3.1436e-35     7.1217     85.299      0.967   0.951761     0.0206      4.698   337.0933 3.2896e+02     1.6183     -0.644     -0.934    24.2259 0.0000e+00
     -0.656 3.4580e-34     7.1251     85.382      0.955   0.939208     0.0056      4.942  -651.6340 3.2268e+02     1.6535     -0.644     -0.933    24.2208 0.0000e+00
     -0.656 3.8038e-33     7.1355     85.417      0.930   0.915233     0.0299      7.754 -1070.7330 3.2042e+02     1.8259     -0.644     -0.934    24.2159 0.0000e+00
     -0.656 4.1842e-32     7.1432     85.465      0.930   0.915242     0.0305     11.289  -925.6270 3.2151e+02     1.8583     -0.644     -0.933    24.2125 0.0000e+00
     -0.656 4.6026e-31     7.1514     85.543      0.954   0.939312    -0.0033     13.924  -832.1062 3.1991e+02     1.7032     -0.644     -0.933    24.2090 0.0000e+00
     -0.656 5.0628e-30     7.1633     85.608      0.969   0.952912    -0.0207     15.264  -826.6153 3.1973e+02     1.5906     -0.644     -0.933    24.2032 0.0000e+00
     -0.656 5.5691e-29     7.1617     85.659      0.969   0.953006    -0.0057     15.712  -668.7468 3.2887e+02     1.6574     -0.644     -0.933    24.1986 0.0000e+00
     -0.656 6.1260e-28     7.1660     85.712      0.956   0.940441     0.0282     15.783  -497.5916 3.4193e+02     1.7940     -0.643     -0.933    24.1974 0.0000e+00
     -0.656 6.7386e-27     7.1753     85.770      0.943   0.927680     0.0312     15.775  -561.6934 3.5095e+02     1.7733     -0.644     -0.933    24.1971 0.0000e+00
     -0.656 7.4125e-26     7.1797     85.825      0.941   0.925388     0.0144     15.616  -676.4126 3.5830e+02     1.7144     -0.644     -0.933    24.1966 0.0000e+00
     -0.656 8.1538e-25     7.1839     85.878      0.928   0.912719     0.0251     15.237  -802.7932 3.6930e+02     1.7990     -0.644     -0.934    24.1967 0.0000e+00
     -0.656 8.9691e-24     7.1879     85.920      0.916   0.901184     0.0274     14.623  -976.4028 3.8493e+02     1.8056     -0.644     -0.933    24.1970 0.0000e+00
     -0.656 9.8660e-23     7.1935     85.953      0.927   0.912594     0.0005     13.739 -1141.0233 4.0031e+02     1.6922     -0.644     -0.933    24.1963 0.0000e+00
     -0.656 1.0853e-21     7.1977     85.998      0.939   0.924007    -0.0008     12.889 -1231.6799 4.0683e+02     1.6918     -0.644     -0.934    24.1952 0.0000e+00
     -0.656 1.1938e-20     7.2029     86.053      0.927   0.912492     0.0197     12.358 -1239.9214 4.0784e+02     1.7319     -0.643     -0.933    24.1944 0.0000e+00
     -0.656 1.3132e-19     7.2067     86.100      0.914   0.900042     0.0154     12.093 -1240.6706 3.9892e+02     1.6647     -0.644     -0.933    24.1950 0.0000e+00
     -0.656 1.4445e-18     7.2077     86.144      0.914   0.900156     0.0056     11.987 -1240.7387 3.7674e+02     1.6997     -0.643     -0.932    24.1960 0.0000e+00
     -0.656 1.5889e-17     7.2121     86.192      0.929   0.913866     0.0176     11.961 -1240.7449 3.5762e+02     1.8475     -0.644     -0.933    24.1962 0.0000e+00
     -0.656 1.7478e-16     7.2172     86.230      0.954   0.939140     0.0196     11.974 -1240.7455 3.3824e+02     1.8122     -0.643     -0.933    24.1970 0.0000e+00
     -0.656 1.9226e-15     7.2208     86.253      0.968   0.952388    -0.0124     12.011 -1240.7455 3.1492e+02     1.6828     -0.643     -0.932    24.1981 0.0000e+00
     -0.656 2.1149e-14     7.2237     86.296      0.963   0.947363    -0.0361     12.072 -1240.7450 2.9834e+02     1.6492     -0.643     -0.933    24.1994 0.0000e+00
     -0.656 2.3264e-13     7.2283     86.360      0.957   0.941719    -0.0091     12.143 -1240.7397 2.8414e+02     1.7127     -0.643     -0.932    24.2005 0.0000e+00
     -0.656 2.5590e-12     7.2323     86.409      0.963   0.947488     0.0404     12.200 -1240.6820 2.6783e+02     1.8024     -0.644     -0.933    24.2017 0.0000e+00
     -0.656 2.8149e-11     7.2317     86.442      0.970   0.953769     0.0450     12.224 -1240.0475 2.5383e+02     1.7430     -0.643     -0.932    24.2035 0.0000e+00
     -0.656 3.0964e-10     7.2348     86.482      0.970   0.954330     0.0130     12.199 -1239.0044 2.4697e+02     1.7126     -0.643     -0.933    24.2058 0.0000e+00
     -0.656 3.4060e-09     7.2423     86.527      0.970   0.954268     0.0032     12.135 -1239.0823 2.4998e+02     1.8436     -0.642     -0.932    24.2081 0.0000e+00
     -0.656 3.7466e-08     7.2457     86.572      0.969   0.953027    -0.0231     12.056 -1240.1289 2.5748e+02     1.8926     -0.643     -0.932    24.2104 0.0000e+00
     -0.655 4.1213e-07     7.2467     86.624      0.955   0.939323    -0.0887     11.963 -1240.6469 2.7419e+02     1.8610     -0.643     -0.932    24.2122 0.0000e+00
     -0.655      0.000     7.2504     86.659      0.930   0.915245    -0.1076     11.893 -1240.2686 3.0368e+02     1.9395     -0.643     -0.933    24.2143 0.0000e+00
     -0.655      0.000     7.2548     86.671      0.930   0.915258    -0.0762     11.902 -1235.5547 3.2022e+02     2.0899     -0.643     -0.932    24.2125 0.0000e+00
     -0.655      0.001     7.2589     86.685      0.955   0.939482    -0.0505     12.065 -1183.6520 3.0986e+02     2.0747     -0.642     -0.931    24.2008 0.0000e+00
     -0.655      0.001     7.2663     86.704      0.970   0.954784    -0.0215     12.651 -1064.6813 3.0204e+02     1.9948     -0.643     -0.932    24.1920 0.0000e+00
     -0.655      0.001     7.2700     86.733      0.990   0.973589     0.0241     13.478 -1010.9319 3.4618e+02     2.1141     -0.642     -0.931    24.1881 0.0000e+00
     -0.655      0.005     7.2691     86.764      1.188   1.166858     0.0859     12.453 -1080.2084 4.0376e+02     2.5610     -0.641     -0.932    24.1877 0.0000e+00
     -0.655      0.016     7.2719     86.788      3.239   3.164898     0.6745     10.009  -924.9771 4.0890e+02     7.2615     -0.642     -0.931    24.1840 0.0000e+00
     -0.655      0.034     7.2722     86.826      9.872   9.610975     1.7978      9.603  -158.9431 4.0923e+02    16.0431     -0.641     -0.929    24.1873 0.0000e+00
     -0.653      0.054     7.2757     86.886     21.689  21.064298     2.4397     10.636   756.4825 4.3136e+02    20.8465     -0.643     -0.934    24.1817 0.0000e+00
     -0.638      0.079     7.2780     86.935     33.309  32.294373     2.5595     11.281   889.4905 4.4944e+02    21.0338     -0.635     -0.920    24.1921 0.0000e+00
     -0.607      0.107     7.2907     86.966     38.439  37.207008     2.8387     11.710   409.2883 4.6186e+02    17.0439     -0.595     -0.863    24.1045 0.0000e+00
     -0.572      0.135     7.3322     87.000     38.966  37.648308     3.3020     12.013   125.9176 4.7033e+02     9.4629     -0.558     -0.809    23.8170 0.0000e+00
     -0.537      0.159     7.3712     87.108     38.874  37.503103     3.5591     12.226    93.8442 4.7651e+02     5.3097     -0.531     -0.771    23.5900 0.0000e+00
     -0.494      0.175     7.3879     87.308     38.751  37.354919     3.6004     12.376    83.0094 4.8294e+02     4.9835     -0.490     -0.711    23.4867 0.0000e+00
     -0.441      0.188     7.4044     87.593     38.656  37.252580     3.6346     12.466    74.6734 4.9068e+02     5.0406     -0.432     -0.627    23.3956 0.0000e+00
     -0.386      0.198     7.4172     88.016     38.620  37.217525     3.8137     12.506    70.9194 4.9684e+02     5.0440     -0.374     -0.542    23.2973 0.0000e+00
     -0.337      0.202     7.4364     88.550     38.581  37.184900     4.1514     12.515    70.0571 5.0032e+02     5.0585     -0.332     -0.481    23.2166 0.0000e+00
     -0.286      0.200     7.4622     89.165     38.499  37.111927     4.3554     12.512    70.4423 5.0322e+02     5.1479     -0.285     -0.414    23.1842 0.0000e+00
     -0.229      0.195     7.4807     89.833     38.413  37.033211     4.3997     12.502    71.7050 5.0572e+02     5.2707     -0.221     -0.321    23.1748 0.0000e+00
     -0.177      0.188     7.5221     90.516     38.371  36.994593     4.4367     12.489    71.8156 5.0490e+02     5.3818     -0.170     -0.246    23.1765 0.0000e+00
     -0.134      0.178     7.5654     91.157     38.337  36.962270     4.4534     12.474    70.7478 4.6653e+02     5.3637     -0.133     -0.191    23.1839 0.0000e+00
     -0.091      0.161     7.6177     91.646     38.271  36.896211     4.4357     12.459    69.7218 3.7945e+02     5.2574     -0.090     -0.131    23.1935 0.0000e+00
     -0.046      0.138     7.6762     91.948     38.205  36.830405     4.4383     12.447    68.7024 3.1273e+02     5.2580     -0.042     -0.061    23.1990 0.0000e+00
     -0.007      0.117     7.7331     92.090     38.177  36.801133     4.4686     12.438    67.5421 2.9182e+02     5.3022     -0.001     -0.002    23.2024 0.0000e+00
      0.020      0.100     7.7947     92.115     38.175  36.796089     4.4851     12.426    66.3621 2.8254e+02     5.2460      0.024      0.036    23.2029 0.0000e+00
      0.034      0.084     7.8365     92.088     38.150  36.769420     4.4715     12.408    63.8124 2.7688e+02     5.1243      0.037      0.054    23.1993 0.0000e+00
      0.043      0.069     7.8612     92.029     38.114  36.732480     4.4366     12.393    59.5146 2.7173e+02     4.9924      0.039      0.057    23.1950 0.0000e+00
      0.058      0.055     7.8747     91.878     38.113  36.730160     4.4306     12.386    55.5246 2.6242e+02     4.9833      0.052      0.077    23.1913 0.0000e+00
      0.081      0.045     7.8718     91.342     38.125  36.741375     4.4569     12.383    53.4269 2.5504e+02     5.0142      0.083      0.120    23.1885 0.0000e+00
      0.098      0.038     7.8736     90.776     38.126  36.741165     4.4710     12.378    52.7357 2.5493e+02     4.9906      0.103      0.149    23.1850 0.0000e+00
      0.103      0.033     7.8639     91.466     38.113  36.727623     4.4525     12.370    51.1260 2.5600e+02     5.0052      0.103      0.150    23.1802 0.0000e+00
      0.101      0.023     7.8674     93.556     38.089  36.704547     4.4239     12.363    48.5048 2.4995e+02     5.0207      0.097      0.141    23.1786 0.0000e+00
      0.103      0.012     7.8271     95.727     38.099  36.715967     4.4330     12.360    47.1128 2.3945e+02     5.0747      0.096      0.140    23.1804 0.0000e+00
      0.112      0.010     7.7051     96.915     38.120  36.738794     4.4631     12.356    47.2878 2.3465e+02     5.0786      0.110      0.160    23.1799 0.0000e+00
      0.118      0.019     7.7627     97.078     38.105  36.726752     4.4626     12.348    47.4369 2.4735e+02     4.9649      0.123      0.179    23.1759 0.0000e+00
      0.112      0.032     8.0018     96.859     38.075  36.697271     4.4349     12.341    46.4204 2.6525e+02     4.8949      0.110      0.160    23.1755 0.0000e+00
      0.108      0.045     8.2185     96.598     38.011  36.636146     4.4194     12.336    45.1498 2.6420e+02     4.9490      0.096      0.139    23.1795 0.0000e+00
      0.124      0.055     8.3211     95.956     37.929  36.558761     4.4337     12.331    44.9802 2.4611e+02     5.0727      0.116      0.168    23.1843 0.0000e+00
      0.154      0.063     8.3043     94.681     37.889  36.523040     4.4662     12.326    44.9717 2.2457e+02     5.0583      0.154      0.224    23.1869 0.0000e+00
      0.181      0.067     8.2713     93.027     37.884  36.521507     4.4710     12.323    44.1869 2.1062e+02     4.9117      0.181      0.262    23.1860 0.0000e+00
      0.201      0.062     8.2691     91.321     37.902  36.540234     4.4506     12.322    42.6321 2.0517e+02     4.8380      0.198      0.287    23.1859 0.0000e+00
      0.215      0.048     8.2259     89.759     37.922  36.559114     4.4616     12.322    41.2300 2.0250e+02     4.9190      0.213      0.310    23.1881 0.0000e+00
      0.223      0.032     8.1008     88.411     37.924  36.559427     4.4954     12.322    40.9145 2.0101e+02     5.0708      0.220      0.319    23.1920 0.0000e+00
      0.226      0.019     7.9496     87.192     37.910  36.544015     4.5264     12.322    40.1078 2.0091e+02     5.0669      0.222      0.322    23.1959 0.0000e+00
      0.226      0.012     7.7987     86.067     37.866  36.499665     4.5287     12.324    38.4460 2.0201e+02     4.9414      0.223      0.323    23.1983 0.0000e+00
      0.226      0.007     7.6609     85.119     37.834  36.467358     4.5144     12.326    37.3405 2.0291e+02     4.9533      0.222      0.322    23.1984 0.0000e+00
      0.227      0.006     7.5520     84.453     37.838  36.470653     4.5200     12.326    36.6361 2.0316e+02     5.0736      0.222      0.323    23.1961 0.0000e+00
      0.228      0.007     7.4496     84.176     37.843  36.476045     4.5309     12.325    36.0381 2.0285e+02     5.1325      0.222      0.323    23.1933 0.0000e+00
      0.232      0.007     7.3494     84.373     37.837  36.469103     4.5207     12.324    35.6169 2.0197e+02     5.0853      0.227      0.329    23.1906 0.0000e+00
