Data/DataNotYetUploadedToEDI/Raw_CTD/RawDownloads/060126_bvr50_S8188007.cnv
* Sea-Bird SBE19plus  Data File:
* FileName = C:\R\Reservoirs\Data\DataNotYetUploadedToEDI\Raw_CTD\RawDownloads\062526_ccr50_S8188_0007.hex
* Software version 2.8.0.119
* Temperature SN = 8188
* Conductivity SN = 8188
* System UpLoad Time = Jun 29 2026 18:09:33
* <ApplicationData>
* <Seaterm232>
# nquan = 16
# nvalues = 1520                        
# units = specified
# name 0 = depFM: Depth [fresh water, m]
# name 1 = dz/dtM: Descent Rate [m/s]
# name 2 = sbeox0Mg/L: Oxygen, SBE 43 [mg/l]
# name 3 = sbeox0PS: Oxygen, SBE 43 [% saturation]
# name 4 = specc: Specific Conductance [uS/cm]
# name 5 = c0uS/cm: Conductivity [uS/cm]
# name 6 = wetCDOM: Fluorescence, WET Labs CDOM [mg/m^3]
# name 7 = flECO-AFL: Fluorescence, WET Labs ECO-AFL/FL [mg/m^3]
# name 8 = flECO-AFL1: Fluorescence, WET Labs ECO-AFL/FL, 2 [mg/m^3]
# name 9 = flECO-AFL2: Fluorescence, WET Labs ECO-AFL/FL, 3 [mg/m^3]
# name 10 = par/sat/log: PAR/Logarithmic, Satlantic
# name 11 = turbWETntu0: Turbidity, WET Labs ECO [NTU]
# name 12 = prdM: Pressure, Strain Gauge [db]
# name 13 = prdE: Pressure, Strain Gauge [psi]
# name 14 = tv290C: Temperature [ITS-90, deg C]
# name 15 = flag:  0.000e+00
# span 0 =     -0.747,      5.186       
# span 1 =     -0.236,      0.165       
# span 2 =     0.0370,     8.9636       
# span 3 =      0.362,    103.458       
# span 4 =      1.717,    116.664       
# span 5 =   1.658073,  89.634650       
# span 6 =    -4.5000,    26.2800       
# span 7 =    -2.6230,     7.2191       
# span 8 =    -2.1300,     6.3048       
# span 9 =    -2.0304,     3.8493       
# span 10 = 1.8346e+00, 3.3383e+03      
# span 11 =    -7.2736,    91.8246      
# span 12 =     -0.733,      5.086      
# span 13 =     -1.062,      7.377      
# span 14 =    13.4130,    23.3479      
# span 15 = 0.0000e+00, 0.0000e+00      
# interval = seconds: 0.25
# start_time = Jun 01 2026 10:30:32 [Instrument's time stamp, header]
# bad_flag = -9.990e-29
*END*
[from data line 1266]
      4.880      0.027     0.0505      0.491     90.698  70.792919    25.8300     0.4746     0.0852     1.0152 2.8792e+00     2.6211      4.785      6.941    14.1162 0.0000e+00
      4.887      0.029     0.0504      0.491     91.233  71.179068    25.8300     0.4517     0.0852     1.0152 2.8506e+00     2.5607      4.792      6.951    14.0922 0.0000e+00
      4.894      0.031     0.0503      0.492     91.789  71.581812    25.8300     0.5280     0.0852     1.0152 2.8673e+00     2.3643      4.800      6.961    14.0672 0.0000e+00
      4.902      0.033     0.0504      0.490     92.454  72.062648    25.8300     0.5432     0.0852     1.0152 2.8623e+00     2.2435      4.807      6.972    14.0445 0.0000e+00
      4.911      0.035     0.0505      0.486     93.239  72.624072    25.8300     0.5280     0.0852     1.1421 2.8253e+00     2.3492      4.815      6.984    14.0247 0.0000e+00
      4.920      0.038     0.0505      0.483     94.094  73.230196    25.8300     0.5127     0.0852     1.1421 2.8173e+00     2.2586      4.824      6.997    14.0075 0.0000e+00
      4.930      0.040     0.0507      0.484     94.949  73.833092    25.8300     0.5356     0.0852     1.1421 2.7579e+00     2.3492      4.834      7.012    13.9909 0.0000e+00
      4.941      0.042     0.0505      0.489     95.721  74.371990    25.8300     0.5165     0.0852     1.1421 2.7193e+00     2.3039      4.845      7.027    13.9707 0.0000e+00
      4.952      0.043     0.0501      0.494     96.342  74.796989    25.8300     0.5356     0.1278     0.9306 2.6678e+00     2.2586      4.856      7.044    13.9437 0.0000e+00
      4.964      0.043     0.0499      0.489     96.805  75.107649    25.8300     0.5470     0.1278     0.9306 2.6144e+00     2.3190      4.868      7.061    13.9119 0.0000e+00
      4.976      0.041     0.0500      0.474     97.197  75.372841    25.8300     0.5661     0.1278     0.9306 2.5805e+00     2.6211      4.880      7.077    13.8788 0.0000e+00
      4.987      0.039     0.0506      0.460     97.596  75.651303    25.8300     0.5699     0.1278     0.9306 2.5660e+00     2.5607      4.890      7.093    13.8466 0.0000e+00
      4.996      0.036     0.0511      0.452     98.019  75.953420    25.8300     0.5814     0.1278     0.9306 2.5488e+00     2.6664      4.900      7.106    13.8167 0.0000e+00
      5.005      0.034     0.0506      0.449     98.493  76.297877    25.5600     0.5852     0.0852     0.8037 2.5615e+00     2.5456      4.908      7.119    13.7912 0.0000e+00
      5.013      0.032     0.0491      0.449     99.037  76.698681    25.5600     0.5585     0.0852     0.8037 2.5327e+00     2.4096      4.916      7.130    13.7707 0.0000e+00
      5.020      0.030     0.0477      0.452     99.709  77.198839    25.5600     0.5852     0.0852     0.8037 2.5212e+00     2.3341      4.923      7.140    13.7546 0.0000e+00
      5.027      0.030     0.0468      0.460    100.643  77.897790    25.5600     0.5661     0.0852     0.8037 2.5157e+00     2.3341      4.930      7.150    13.7415 0.0000e+00
      5.034      0.030     0.0465      0.468    101.896  78.832209    25.4700     0.5852     0.0852     0.9306 2.5278e+00     2.3643      4.937      7.161    13.7301 0.0000e+00
      5.042      0.031     0.0465      0.472    103.384  79.937858    25.4700     0.5928     0.0852     0.9306 2.4756e+00     2.4852      4.945      7.171    13.7198 0.0000e+00
      5.050      0.031     0.0469      0.475    104.943  81.092330    25.4700     0.6005     0.0852     0.9306 2.4772e+00     2.5758      4.952      7.182    13.7101 0.0000e+00
      5.058      0.032     0.0477      0.480    106.417  82.178224    25.4700     0.5890     0.0852     0.9306 2.4345e+00     2.5758      4.961      7.194    13.6983 0.0000e+00
      5.067      0.032     0.0485      0.485    107.782  83.181621    25.3800     0.5661     0.0852     0.8037 2.4114e+00     2.7118      4.969      7.207    13.6814 0.0000e+00
      5.076      0.032     0.0490      0.489    109.083  84.138467    25.3800     0.5661     0.0852     0.8037 2.3662e+00     2.5607      4.978      7.219    13.6597 0.0000e+00
      5.084      0.031     0.0493      0.489    110.276  85.016370    25.3800     0.5699     0.0852     0.8037 2.3432e+00     2.6211      4.986      7.231    13.6353 0.0000e+00
      5.092      0.029     0.0498      0.484    111.254  85.731919    25.3800     0.5661     0.0852     0.8037 2.3529e+00     2.5456      4.993      7.242    13.6103 0.0000e+00
      5.099      0.027     0.0504      0.475    111.903  86.198333    25.3800     0.5623     0.0852     0.8037 2.3371e+00     2.5607      5.000      7.253    13.5865 0.0000e+00
      5.106      0.024     0.0508      0.468    112.116  86.336280    25.3800     0.6539     0.0426     0.6345 2.3391e+00     2.9837      5.007      7.262    13.5649 0.0000e+00
      5.112      0.021     0.0509      0.464    111.852  86.116636    25.3800     0.6539     0.0426     0.6345 2.2948e+00     3.0743      5.013      7.270    13.5453 0.0000e+00
      5.117      0.018     0.0504      0.465    111.311  85.696516    25.3800     0.6653     0.0426     0.6345 2.3028e+00     2.9232      5.018      7.278    13.5277 0.0000e+00
      5.121      0.016     0.0495      0.469    110.985  85.451164    25.3800     0.6233     0.0426     0.6345 2.2377e+00     3.0743      5.022      7.284    13.5125 0.0000e+00
      5.124      0.014     0.0488      0.473    111.197  85.618697    25.3800     0.6462     0.0852     0.8037 2.2769e+00     3.4822      5.025      7.289    13.5006 0.0000e+00
      5.127      0.013     0.0483      0.474    111.747  86.034112    25.3800     0.6386     0.0852     0.8037 2.3033e+00     3.6181      5.028      7.293    13.4931 0.0000e+00
      5.130      0.012     0.0484      0.473    112.248  86.402796    25.3800     0.6539     0.0852     0.8037 2.3123e+00     3.5426      5.031      7.296    13.4913 0.0000e+00
      5.132      0.012     0.0488      0.467    112.593  86.653314    25.3800     0.6500     0.0852     0.8037 2.3259e+00     3.5426      5.033      7.300    13.4940 0.0000e+00
      5.135      0.012     0.0492      0.457    112.961  86.924368    25.3800     0.7035     0.0852     0.7191 2.2844e+00     3.9505      5.036      7.304    13.4959 0.0000e+00
      5.139      0.014     0.0494      0.444    113.541  87.354142    25.3800     0.6882     0.0852     0.7191 2.2460e+00     3.9203      5.040      7.309    13.4921 0.0000e+00
      5.142      0.015     0.0493      0.431    114.345  87.947401    25.3800     0.6806     0.0852     0.7191 2.2557e+00     3.8901      5.043      7.314    13.4846 0.0000e+00
      5.146      0.017     0.0486      0.422    115.247  88.608703    25.3800     0.6996     0.0852     0.7191 2.2695e+00     3.9958      5.047      7.320    13.4779 0.0000e+00
      5.150      0.018     0.0476      0.418    116.050  89.194824    25.3800     1.1116     0.0852     0.8883 2.2888e+00     8.1501      5.051      7.326    13.4726 0.0000e+00
      5.155      0.019     0.0463      0.419    116.543  89.550469    25.3800     1.1269     0.0852     0.8883 2.2430e+00     8.0594      5.056      7.333    13.4655 0.0000e+00
      5.161      0.019     0.0449      0.422    116.664  89.634650    25.3800     1.1231     0.0852     0.8883 2.1886e+00     8.1501      5.061      7.341    13.4544 0.0000e+00
      5.167      0.019     0.0440      0.426    116.522  89.533733    25.3800     1.1307     0.0852     0.8883 2.1309e+00     8.0594      5.067      7.349    13.4404 0.0000e+00
      5.172      0.017     0.0436      0.431    116.202  89.308698    25.3800     2.8016     0.0852     0.8883 2.1161e+00    22.7580      5.072      7.356    13.4268 0.0000e+00
      5.176      0.015     0.0437      0.440    115.663  88.919512    25.3800     2.7939     0.0852     0.9306 2.1093e+00    22.8637      5.076      7.362    13.4167 0.0000e+00
      5.180      0.012     0.0440      0.452    114.813  88.292354    25.3800     2.7787     0.0852     0.9306 2.1393e+00    22.8335      5.080      7.367    13.4130 0.0000e+00
      5.183      0.009     0.0444      0.459    113.558  87.363847    25.3800     2.8054     0.0852     0.9306 2.1138e+00    22.7731      5.082      7.371    13.4167 0.0000e+00
      5.185      0.006     0.0450      0.462    111.954  86.189974    25.3800     4.6746     0.0852     0.9306 2.1106e+00    62.2462      5.084      7.374    13.4258 0.0000e+00
      5.186      0.002     0.0460      0.461    110.429  85.098776    25.2000     4.6708     0.0852     0.9729 2.1244e+00    62.2160      5.085      7.376    13.4369 0.0000e+00
      5.186     -0.003     0.0471      0.456    109.537  84.492219    25.2000     4.6670     0.0852     0.9729 2.0924e+00    62.0800      5.086      7.377    13.4490 0.0000e+00
      5.186     -0.009     0.0479      0.451    109.427  84.460165    25.2000     4.6822     0.0852     0.9729 2.0016e+00    62.2009      5.085      7.376    13.4657 0.0000e+00
      5.184     -0.018     0.0481      0.446    109.777  84.742474    25.2000     0.1007     0.0852     0.9729 1.8761e+00    40.7951      5.084      7.373    13.4932 0.0000e+00
      5.180     -0.029     0.0480      0.439    110.059  84.943158    25.2900     0.0893     0.0852     0.8883 1.8370e+00    40.7044      5.079      7.367    13.5308 0.0000e+00
      5.172     -0.043     0.0475      0.432    109.765  84.696356    25.2900     0.1084     0.0852     0.8883 1.8346e+00    40.7800      5.072      7.356    13.5677 0.0000e+00
      5.160     -0.060     0.0469      0.427    108.531  83.744530    25.2900     0.0931     0.0852     0.8883 1.9990e+00    40.8102      5.060      7.339    13.5916 0.0000e+00
      5.143     -0.080     0.0463      0.424    106.032  81.857821    25.2900     1.4359     0.0852     0.8883 2.0924e+00    91.8246      5.044      7.315    13.5973 0.0000e+00
      5.121     -0.103     0.0456      0.422    102.243  79.030337    25.1100     1.4168     0.0852     0.8883 2.1300e+00    91.6131      5.022      7.284    13.5908 0.0000e+00
      5.094     -0.128     0.0449      0.422     97.881  75.813881    25.1100     1.4244     0.0852     0.8883 2.1138e+00    91.7944      4.995      7.245    13.5838 0.0000e+00
      5.059     -0.151     0.0444      0.420     93.750  72.806070    25.1100     1.4359     0.0852     0.8883 2.2006e+00    91.7340      4.961      7.195    13.5877 0.0000e+00
      5.016     -0.171     0.0441      0.416     89.995  70.089044    25.1100     0.7721     0.0852     0.8883 2.4129e+00     9.9931      4.918      7.134    13.6123 0.0000e+00
      4.965     -0.185     0.0439      0.412     86.638  67.664623    25.1100     0.7569     0.0852     0.8883 2.7730e+00     9.8722      4.869      7.061    13.6656 0.0000e+00
      4.909     -0.191     0.0438      0.407     84.160  65.903834    25.2000     0.7797     0.0852     0.8883 3.1701e+00     9.9024      4.814      6.982    13.7496 0.0000e+00
      4.854     -0.190     0.0435      0.397     82.701  64.903729    25.2000     0.7454     0.0852     0.8883 3.5944e+00     9.9024      4.760      6.904    13.8541 0.0000e+00
      4.804     -0.184     0.0429      0.383     81.710  64.226071    25.2000     0.6424     0.0852     0.8883 3.5494e+00    33.3627      4.711      6.833    13.9643 0.0000e+00
      4.760     -0.177     0.0424      0.370     80.810  63.590426    25.2000     0.6462     0.0852     0.8883 3.5041e+00    33.2872      4.668      6.771    14.0716 0.0000e+00
      4.721     -0.170     0.0418      0.362     79.889  62.925038    25.3800     0.6386     0.0852     1.0998 3.4028e+00    33.4836      4.629      6.714    14.1704 0.0000e+00
      4.682     -0.166     0.0407      0.362     78.942  62.234004    25.3800     0.6233     0.0852     1.0998 3.4370e+00    33.3325      4.591      6.659    14.2506 0.0000e+00
      4.641     -0.162     0.0392      0.373     78.014  61.556466    25.3800     0.6157     0.0852     1.0998 3.5881e+00    19.9482      4.552      6.602    14.3080 0.0000e+00
      4.598     -0.158     0.0379      0.392     77.144  60.921190    25.3800     0.6272     0.0852     1.0998 4.0861e+00    19.9331      4.509      6.540    14.3497 0.0000e+00
      4.553     -0.149     0.0370      0.418     76.411  60.390147    26.2800     0.6157     0.1278     1.0152 4.7049e+00    19.9029      4.465      6.475    14.3848 0.0000e+00
      4.510     -0.135     0.0370      0.444     75.812  59.957359    26.2800     0.6500     0.1278     1.0152 5.1221e+00    19.9331      4.423      6.415    14.4186 0.0000e+00
      4.476     -0.117     0.0380      0.465     75.237  59.537335    26.2800     0.7645     0.1278     1.0152 5.1088e+00     7.1530      4.389      6.366    14.4522 0.0000e+00
      4.449     -0.096     0.0400      0.479     74.569  59.040006    26.2800     0.7645     0.1278     1.0152 4.9860e+00     7.1984      4.364      6.328    14.4849 0.0000e+00
      4.431     -0.076     0.0426      0.486     73.822  58.482337    26.2800     0.7492     0.1278     1.0152 4.8010e+00     7.1077      4.345      6.302    14.5155 0.0000e+00
      4.417     -0.059     0.0453      0.486     73.117  57.958934    25.2900     0.7721     0.1278     1.2690 4.7501e+00     7.0775      4.332      6.283    14.5421 0.0000e+00
      4.406     -0.047     0.0474      0.481     72.521  57.521679    25.2900     0.6882     0.1278     1.2690 4.6804e+00    16.9269      4.321      6.267    14.5648 0.0000e+00
      4.397     -0.040     0.0488      0.473     72.055  57.183600    25.2900     0.6844     0.1278     1.2690 4.6784e+00    16.8816      4.313      6.255    14.5860 0.0000e+00
      4.389     -0.037     0.0494      0.463     71.691  56.920354    25.2900     0.6844     0.1278     1.2690 4.7336e+00    16.8061      4.304      6.243    14.6083 0.0000e+00
      4.380     -0.036     0.0494      0.456     71.392  56.703621    25.6500     0.7035     0.0852     1.2267 4.7470e+00    16.7758      4.296      6.231    14.6322 0.0000e+00
      4.372     -0.037     0.0489      0.453     71.205  56.569332    25.6500     0.6081     0.0852     1.2267 4.8324e+00    28.8610      4.288      6.218    14.6561 0.0000e+00
      4.363     -0.040     0.0480      0.453     71.164  56.545490    25.6500     0.5966     0.0852     1.2267 4.8208e+00    28.8761      4.279      6.206    14.6779 0.0000e+00
      4.353     -0.044     0.0470      0.457     71.249  56.615769    25.6500     0.6195     0.0852     1.2267 4.7812e+00    28.9365      4.269      6.192    14.6958 0.0000e+00
      4.342     -0.050     0.0463      0.460     71.442  56.768996    25.4700     0.6577     0.1278     1.1844 4.8345e+00    28.8157      4.258      6.176    14.7097 0.0000e+00
      4.329     -0.056     0.0459      0.462     71.719  56.984213    25.4700     0.6424     0.1278     1.1844 4.9032e+00    21.8063      4.246      6.158    14.7196 0.0000e+00
      4.315     -0.063     0.0460      0.465     71.987  57.189187    25.4700     0.6233     0.1278     1.1844 4.9925e+00    21.8214      4.231      6.137    14.7254 0.0000e+00
      4.297     -0.069     0.0463      0.468     72.132  57.294991    25.4700     0.6272     0.1278     1.1844 5.1444e+00    21.8516      4.214      6.112    14.7277 0.0000e+00
      4.278     -0.074     0.0466      0.467     72.106  57.268017    25.4700     0.6577     0.1278     1.3959 5.3566e+00    21.8969      4.195      6.085    14.7272 0.0000e+00
      4.257     -0.078     0.0468      0.464     71.879  57.087111    25.4700     0.6844     0.1278     1.3959 5.5861e+00    17.4103      4.175      6.055    14.7240 0.0000e+00
      4.236     -0.080     0.0472      0.462     71.428  56.735939    25.4700     0.7149     0.1278     1.3959 5.7374e+00    17.4103      4.154      6.025    14.7183 0.0000e+00
      4.215     -0.081     0.0475      0.463     70.838  56.282390    25.4700     0.6920     0.1278     1.3959 5.7736e+00    17.4254      4.134      5.996    14.7118 0.0000e+00
