Data/DataNotYetUploadedToEDI/Raw_CTD/RawDownloads/060126_fcr20_S7809004.cnv
* Sea-Bird SBE19plus  Data File:
* FileName = C:\R\Reservoirs\Data\DataNotYetUploadedToEDI\Raw_CTD\RawDownloads\062926_fcr50_S7809_0004.hex
* Software version 2.8.0.119
* Temperature SN = 7809
* Conductivity SN = 7809
* System UpLoad Time = Jun 30 2026 09:00:06
* <ApplicationData>
* <Seaterm232>
# nquan = 15
# nvalues = 826                         
# units = specified
# name 0 = depFM: Depth [fresh water, m]
# name 1 = dz/dtM: Descent Rate [m/s]
# name 2 = sbeox0Mg/L: Oxygen, SBE 43 [mg/l]
# name 3 = sbeox0PS: Oxygen, SBE 43 [% saturation]
# name 4 = specc: Specific Conductance [uS/cm]
# name 5 = c0uS/cm: Conductivity [uS/cm]
# name 6 = flECO-AFL: Fluorescence, WET Labs ECO-AFL/FL [mg/m^3]
# name 7 = ph: pH
# name 8 = orp: Oxidation Reduction Potential [mV]
# name 9 = par/sat/log: PAR/Logarithmic, Satlantic
# name 10 = turbWETntu0: Turbidity, WET Labs ECO [NTU]
# name 11 = prdM: Pressure, Strain Gauge [db]
# name 12 = prdE: Pressure, Strain Gauge [psi]
# name 13 = tv290C: Temperature [ITS-90, deg C]
# name 14 = flag:  0.000e+00
# span 0 =     -0.350,      3.267       
# span 1 =     -0.059,      0.127       
# span 2 =    -0.1954,    10.9433       
# span 3 =     -1.869,    123.283       
# span 4 =     34.776,    158.169       
# span 5 =  32.687160, 120.748834       
# span 6 =    -0.0456,    26.2292       
# span 7 =     10.223,     12.364       
# span 8 =  -133.5428,    54.9211       
# span 9 = 2.0528e+00, 1.3632e+03       
# span 10 =     0.1203,    58.6181      
# span 11 =     -0.348,      3.205      
# span 12 =     -0.505,      4.648      
# span 13 =    13.0668,    22.4848      
# span 14 = 0.0000e+00, 0.0000e+00      
# interval = seconds: 0.25
# start_time = Jun 01 2026 13:30:26 [Instrument's time stamp, header]
# bad_flag = -9.990e-29
*END*
[from data line 290]
      0.827      0.002    10.2917    118.893     38.381  35.803744     7.5676     12.302     9.2946 1.1360e+02     6.9257      0.810      1.176    21.6180 0.0000e+00
      0.830      0.002    10.3484    119.108     38.358  35.786454     7.5440     12.303     9.4150 1.1325e+02     6.8822      0.813      1.181    21.6199 0.0000e+00
      0.830      0.002    10.3993    119.235     38.327  35.767740     7.4660     12.303     9.5398 1.1345e+02     6.7552      0.814      1.182    21.6264 0.0000e+00
      0.829      0.002    10.4412    119.288     38.312  35.767841     7.3733     12.303     9.5989 1.1364e+02     6.6189      0.813      1.179    21.6369 0.0000e+00
      0.828      0.002    10.4716    119.219     38.317  35.787706     7.3474     12.304     9.7004 1.1342e+02     6.5668      0.811      1.177    21.6364 0.0000e+00
      0.829      0.002    10.4881    119.030     38.337  35.817591     7.3527     12.305     9.8204 1.1291e+02     6.5693      0.812      1.179    21.6386 0.0000e+00
      0.831      0.003    10.4953    118.813     38.323  35.811945     7.3297     12.305     9.7583 1.1248e+02     6.4443      0.814      1.181    21.6537 0.0000e+00
      0.832      0.004    10.4983    118.616     38.293  35.782898     7.2937     12.305     9.7233 1.1230e+02     6.2167      0.815      1.183    21.6749 0.0000e+00
      0.833      0.004    10.4892    118.460     38.299  35.783638     7.2994     12.305     9.8282 1.1216e+02     6.1741      0.817      1.185    21.6954 0.0000e+00
      0.833      0.005    10.4639    118.407     38.346  35.820884     7.3406     12.305     9.9084 1.1189e+02     6.1690      0.817      1.185    21.7114 0.0000e+00
      0.834      0.006    10.4417    118.474     38.390  35.852535     7.3837     12.306     9.9181 1.1152e+02     6.0864      0.818      1.186    21.7220 0.0000e+00
      0.835      0.009    10.4262    118.610     38.406  35.849057     7.4136     12.307     9.8601 1.1115e+02     6.1317      0.819      1.188    21.7200 0.0000e+00
      0.836      0.012    10.4099    118.780     38.426  35.842261     7.4019     12.309     9.8955 1.1055e+02     6.3071      0.819      1.189    21.7100 0.0000e+00
      0.840      0.016    10.4071    119.035     38.441  35.833784     7.4005     12.312    10.0874 1.0944e+02     6.4647      0.822      1.192    21.7030 0.0000e+00
      0.846      0.018    10.4163    119.401     38.436  35.809977     7.4299     12.314    10.2876 1.0823e+02     6.4662      0.830      1.204    21.6948 0.0000e+00
      0.852      0.019    10.4356    119.825     38.451  35.808183     7.3909     12.314    10.4235 1.0707e+02     6.3591      0.835      1.211    21.6708 0.0000e+00
      0.858      0.019    10.4555    120.289     38.470  35.812069     7.2872     12.315    10.5258 1.0587e+02     6.2624      0.841      1.220    21.6313 0.0000e+00
      0.863      0.018    10.4821    120.781     38.463  35.793498     7.2340     12.317    10.5782 1.0514e+02     6.2876      0.848      1.231    21.6000 0.0000e+00
      0.867      0.016    10.5233    121.252     38.456  35.773976     7.2473     12.318    10.6272 1.0480e+02     6.4256      0.850      1.233    21.5790 0.0000e+00
      0.869      0.014    10.5641    121.670     38.464  35.766364     7.2806     12.321    10.6872 1.0436e+02     6.4957      0.852      1.236    21.5570 0.0000e+00
      0.872      0.012    10.6088    122.036     38.481  35.764889     7.3120     12.323    10.7015 1.0376e+02     6.4865      0.855      1.241    21.5384 0.0000e+00
      0.876      0.012    10.6574    122.369     38.492  35.756124     7.3271     12.325    10.8000 1.0317e+02     6.4855      0.860      1.247    21.5244 0.0000e+00
      0.880      0.012    10.7029    122.684     38.486  35.723809     7.3381     12.327    11.0182 1.0275e+02     6.5165      0.863      1.252    21.5103 0.0000e+00
      0.882      0.012    10.7440    122.934     38.487  35.691370     7.4293     12.329    11.1878 1.0227e+02     6.6575      0.865      1.254    21.4888 0.0000e+00
      0.885      0.013    10.7811    123.070     38.510  35.681106     7.5803     12.331    11.1303 1.0150e+02     6.7900      0.867      1.257    21.4645 0.0000e+00
      0.888      0.013    10.8129    123.144     38.516  35.663121     7.6416     12.332    11.0120 1.0075e+02     6.7516      0.871      1.263    21.4455 0.0000e+00
      0.892      0.014    10.8495    123.217     38.465  35.600777     7.6454     12.334    11.0480 1.0019e+02     6.7737      0.875      1.269    21.4124 0.0000e+00
      0.895      0.016    10.8866    123.280     38.367  35.498330     7.6848     12.336    11.1346 9.9473e+01     6.9891      0.877      1.272    21.3596 0.0000e+00
      0.900      0.016    10.9039    123.283     38.324  35.439612     7.7264     12.337    11.2856 9.8583e+01     7.2037      0.882      1.280    21.3168 0.0000e+00
      0.904      0.016    10.9142    123.197     38.381  35.461840     7.7239     12.339    11.4961 9.7816e+01     7.2166      0.887      1.287    21.2891 0.0000e+00
      0.908      0.015    10.9256    123.044     38.464  35.513242     7.6878     12.340    11.6156 9.7036e+01     7.0773      0.891      1.291    21.2681 0.0000e+00
      0.913      0.013    10.9345    122.831     38.518  35.553484     7.6309     12.342    11.6116 9.6431e+01     6.9883      0.897      1.299    21.2622 0.0000e+00
      0.916      0.011    10.9407    122.523     38.532  35.567700     7.5601     12.343    11.6209 9.6152e+01     6.9601      0.899      1.304    21.2414 0.0000e+00
      0.918      0.009    10.9433    122.152     38.518  35.558228     7.5230     12.344    11.7279 9.5995e+01     6.9404      0.900      1.306    21.1871 0.0000e+00
      0.919      0.009    10.9369    121.803     38.521  35.565865     7.5080     12.344    11.7857 9.5858e+01     6.8872      0.902      1.308    21.1487 0.0000e+00
      0.920      0.009    10.9218    121.492     38.548  35.596598     7.4774     12.344    11.7177 9.5523e+01     6.7949      0.902      1.308    21.1428 0.0000e+00
      0.922      0.010    10.8929    121.257     38.563  35.612575     7.4859     12.345    11.6803 9.4968e+01     6.8162      0.904      1.311    21.1489 0.0000e+00
      0.927      0.011    10.8529    121.175     38.585  35.632145     7.5447     12.345    11.7633 9.4409e+01     6.9392      0.909      1.318    21.1531 0.0000e+00
      0.931      0.011    10.8236    121.252     38.594  35.642876     7.5799     12.346    11.8616 9.4084e+01     6.9837      0.913      1.325    21.1580 0.0000e+00
      0.933      0.011    10.7915    121.398     38.555  35.615430     7.5787     12.347    11.9226 9.3827e+01     6.9106      0.915      1.327    21.1695 0.0000e+00
      0.935      0.010    10.7664    121.537     38.478  35.554103     7.5976     12.348    12.0704 9.3385e+01     6.8401      0.918      1.330    21.1731 0.0000e+00
      0.937      0.010    10.7604    121.649     38.378  35.472425     7.6661     12.347    12.2721 9.3025e+01     6.9511      0.920      1.334    21.1658 0.0000e+00
      0.939      0.010    10.7702    121.669     38.276  35.389274     7.7331     12.347    12.3831 9.2742e+01     7.1599      0.921      1.336    21.1682 0.0000e+00
      0.942      0.010    10.7844    121.619     38.185  35.310125     7.7415     12.348    12.4655 9.2294e+01     7.1786      0.923      1.339    21.1832 0.0000e+00
      0.945      0.010    10.7910    121.520     38.153  35.276831     7.7181     12.349    12.4935 9.1853e+01     7.0413      0.926      1.344    21.1944 0.0000e+00
      0.947      0.010    10.8040    121.257     38.190  35.303952     7.7165     12.349    12.4636 9.1452e+01     6.9682      0.929      1.348    21.2088 0.0000e+00
      0.950      0.010    10.7997    120.763     38.212  35.320798     7.7387     12.350    12.5344 9.0964e+01     7.0117      0.931      1.350    21.2271 0.0000e+00
      0.953      0.010    10.7892    120.062     38.185  35.290159     7.7706     12.351    12.5750 9.0538e+01     7.1581      0.935      1.356    21.2373 0.0000e+00
      0.956      0.010    10.7906    119.196     38.163  35.250739     7.7611     12.352    12.5239 9.0244e+01     7.2005      0.938      1.361    21.2270 0.0000e+00
      0.958      0.010    10.7718    118.266     38.176  35.224835     7.6902     12.354    12.6044 8.9909e+01     7.1140      0.939      1.362    21.2105 0.0000e+00
      0.960      0.010    10.7255    117.406     38.250  35.230704     7.6369     12.356    12.7748 8.9546e+01     7.1026      0.942      1.365    21.2141 0.0000e+00
      0.963      0.009    10.6636    116.675     38.356  35.258157     7.6497     12.358    12.8625 8.9260e+01     7.1318      0.944      1.370    21.2112 0.0000e+00
      0.965      0.009    10.5887    116.084     38.391  35.239431     7.6957     12.361    12.8914 8.9011e+01     7.1252      0.946      1.373    21.1872 0.0000e+00
      0.968      0.009    10.5087    115.662     38.374  35.194564     7.7100     12.362    12.9525 8.8818e+01     7.0569      0.949      1.377    21.1439 0.0000e+00
      0.970      0.010    10.4498    115.427     38.363  35.159767     7.6900     12.362    13.0848 8.8602e+01     7.0574      0.951      1.379    21.0549 0.0000e+00
      0.972      0.010    10.4077    115.295     38.362  35.135913     7.6780     12.363    13.2001 8.8316e+01     7.0979      0.953      1.382    20.9428 0.0000e+00
      0.974      0.011    10.3671    115.162     38.395  35.159907     7.6809     12.364    13.2277 8.8025e+01     7.0336      0.955      1.385    20.8772 0.0000e+00
      0.977      0.012    10.3329    115.079     38.415  35.196072     7.7244     12.364    13.2469 8.7600e+01     7.0651      0.958      1.390    20.8527 0.0000e+00
      0.981      0.012    10.3204    115.066     38.377  35.192525     7.7883     12.364    13.3458 8.7067e+01     7.2068      0.963      1.395    20.8205 0.0000e+00
      0.985      0.011    10.3240    115.012     38.337  35.180507     7.7960     12.363    13.4771 8.6614e+01     7.2438      0.966      1.400    20.7829 0.0000e+00
      0.988      0.010    10.3098    114.887     38.322  35.177696     7.8013     12.362    13.5446 8.6282e+01     7.2732      0.969      1.406    20.7663 0.0000e+00
      0.991      0.009    10.2942    114.757     38.296  35.158548     7.8696     12.362    13.5586 8.6121e+01     7.3913      0.972      1.410    20.7971 0.0000e+00
      0.993      0.009    10.2890    114.687     38.271  35.139345     7.9391     12.363    13.4747 8.6027e+01     7.4420      0.974      1.412    20.8542 0.0000e+00
      0.993      0.009    10.2773    114.672     38.257  35.135862     7.9502     12.363    13.3914 8.5869e+01     7.3398      0.974      1.412    20.8849 0.0000e+00
      0.994      0.009    10.2621    114.654     38.222  35.116440     7.9296     12.363    13.4974 8.5649e+01     7.2143      0.975      1.414    20.8942 0.0000e+00
      0.997      0.010    10.2470    114.612     38.188  35.094883     7.9723     12.363    13.6374 8.5270e+01     7.2572      0.977      1.418    20.8982 0.0000e+00
      1.001      0.012    10.2402    114.528     38.157  35.065568     8.0671     12.362    13.7083 8.4860e+01     7.3452      0.982      1.424    20.9002 0.0000e+00
      1.005      0.014    10.2404    114.391     38.119  35.015789     8.1110     12.361    13.7518 8.4520e+01     7.3223      0.987      1.430    20.9112 0.0000e+00
      1.008      0.015    10.2334    114.190     38.141  35.000565     8.1110     12.361    13.8191 8.4205e+01     7.3218      0.989      1.434    20.9342 0.0000e+00
      1.011      0.015    10.2267    113.868     38.210  35.008342     8.1012     12.360    14.0058 8.3871e+01     7.4420      0.991      1.439    20.9521 0.0000e+00
      1.015      0.014    10.2213    113.385     38.250  34.982847     8.0926     12.359    14.2018 8.3428e+01     7.6475      0.996      1.444    20.9478 0.0000e+00
      1.019      0.014    10.2102    112.670     38.278  34.946016     8.0901     12.358    14.2966 8.3045e+01     7.6887      1.001      1.451    20.9345 0.0000e+00
      1.023      0.014    10.2052    111.647     38.336  34.943618     8.0875     12.356    14.3784 8.2699e+01     7.5992      1.004      1.456    20.8894 0.0000e+00
      1.027      0.014    10.1925    110.411     38.389  34.953786     8.1280     12.353    14.4168 8.2348e+01     7.5901      1.008      1.461    20.8078 0.0000e+00
      1.030      0.015    10.1676    109.138     38.394  34.942003     8.2210     12.350    14.4160 8.2094e+01     7.6129      1.010      1.465    20.7243 0.0000e+00
      1.033      0.015    10.1263    107.944     38.379  34.928025     8.2887     12.347    14.5401 8.1820e+01     7.6701      1.013      1.469    20.6398 0.0000e+00
      1.036      0.016    10.0447    106.928     38.349  34.911673     8.2895     12.343    14.6276 8.1419e+01     7.6317      1.016      1.473    20.5618 0.0000e+00
      1.041      0.017     9.9369    106.182     38.291  34.871200     8.2635     12.339    14.6131 8.0820e+01     7.4907      1.020      1.479    20.5105 0.0000e+00
      1.047      0.017     9.8228    105.686     38.233  34.819375     8.2905     12.334    14.7087 8.0247e+01     7.4337      1.027      1.489    20.4928 0.0000e+00
      1.052      0.017     9.7135    105.339     38.208  34.792633     8.3741     12.329    14.8368 7.9871e+01     7.5234      1.031      1.496    20.4910 0.0000e+00
      1.056      0.017     9.6130    105.055     38.219  34.801640     8.4427     12.325    14.7863 7.9583e+01     7.6881      1.036      1.502    20.5126 0.0000e+00
      1.060      0.016     9.5422    104.782     38.217  34.801389     8.4710     12.322    14.6993 7.9312e+01     7.6824      1.039      1.507    20.5385 0.0000e+00
      1.064      0.015     9.5036    104.521     38.197  34.789595     8.4750     12.318    14.7318 7.8986e+01     7.4882      1.043      1.513    20.5321 0.0000e+00
      1.068      0.015     9.4754    104.240     38.175  34.785948     8.5066     12.312    14.7498 7.8684e+01     7.3896      1.048      1.520    20.5221 0.0000e+00
      1.071      0.015     9.4534    103.919     38.129  34.757317     8.5536     12.307    14.8304 7.8425e+01     7.4476      1.050      1.523    20.5240 0.0000e+00
      1.074      0.016     9.4262    103.608     38.090  34.697232     8.5699     12.302    14.9322 7.8097e+01     7.4719      1.053      1.528    20.5231 0.0000e+00
      1.078      0.017     9.4038    103.328     38.103  34.630451     8.6033     12.300    14.9477 7.7689e+01     7.3413      1.058      1.533    20.5286 0.0000e+00
      1.083      0.018     9.3759    103.045     38.154  34.584221     8.6662     12.299    15.0180 7.7224e+01     7.1323      1.061      1.539    20.5536 0.0000e+00
      1.088      0.020     9.3366    102.695     38.203  34.582260     8.7225     12.295    15.0945 7.6739e+01     7.0629      1.066      1.547    20.5912 0.0000e+00
      1.094      0.020     9.3110    102.183     38.212  34.606678     8.7763     12.289    15.0973 7.6306e+01     7.1517      1.073      1.556    20.5760 0.0000e+00
      1.099      0.020     9.3107    101.428     38.180  34.625703     8.8918     12.284    15.1373 7.5839e+01     7.1805      1.078      1.563    20.4475 0.0000e+00
      1.105      0.018     9.3164    100.486     38.127  34.622015     9.0538     12.280    15.3209 7.5284e+01     7.0350      1.083      1.571    20.2895 0.0000e+00
      1.110      0.015     9.2996     99.546     38.102  34.625593     9.1207     12.278    15.4245 7.4850e+01     6.8281      1.089      1.580    20.2220 0.0000e+00
      1.114      0.010     9.2504     98.778     38.127  34.669002     9.1264     12.276    15.2714 7.4631e+01     6.7630      1.093      1.585    20.2632 0.0000e+00
      1.116      0.005     9.1649     98.294     38.137  34.702764     9.1555     12.272    15.1040 7.4553e+01     6.8282      1.095      1.588    20.3467 0.0000e+00
