Data/DataNotYetUploadedToEDI/Raw_CTD/RawDownloads/060126_bvr50_S8188007.cnv
* Sea-Bird SBE19plus  Data File:
* FileName = C:\R\Reservoirs\Data\DataNotYetUploadedToEDI\Raw_CTD\RawDownloads\062526_ccr50_S8188_0007.hex
* Software version 2.8.0.119
* Temperature SN = 8188
* Conductivity SN = 8188
* System UpLoad Time = Jun 29 2026 18:09:33
* <ApplicationData>
* <Seaterm232>
# nquan = 16
# nvalues = 1520                        
# units = specified
# name 0 = depFM: Depth [fresh water, m]
# name 1 = dz/dtM: Descent Rate [m/s]
# name 2 = sbeox0Mg/L: Oxygen, SBE 43 [mg/l]
# name 3 = sbeox0PS: Oxygen, SBE 43 [% saturation]
# name 4 = specc: Specific Conductance [uS/cm]
# name 5 = c0uS/cm: Conductivity [uS/cm]
# name 6 = wetCDOM: Fluorescence, WET Labs CDOM [mg/m^3]
# name 7 = flECO-AFL: Fluorescence, WET Labs ECO-AFL/FL [mg/m^3]
# name 8 = flECO-AFL1: Fluorescence, WET Labs ECO-AFL/FL, 2 [mg/m^3]
# name 9 = flECO-AFL2: Fluorescence, WET Labs ECO-AFL/FL, 3 [mg/m^3]
# name 10 = par/sat/log: PAR/Logarithmic, Satlantic
# name 11 = turbWETntu0: Turbidity, WET Labs ECO [NTU]
# name 12 = prdM: Pressure, Strain Gauge [db]
# name 13 = prdE: Pressure, Strain Gauge [psi]
# name 14 = tv290C: Temperature [ITS-90, deg C]
# name 15 = flag:  0.000e+00
# span 0 =     -0.747,      5.186       
# span 1 =     -0.236,      0.165       
# span 2 =     0.0370,     8.9636       
# span 3 =      0.362,    103.458       
# span 4 =      1.717,    116.664       
# span 5 =   1.658073,  89.634650       
# span 6 =    -4.5000,    26.2800       
# span 7 =    -2.6230,     7.2191       
# span 8 =    -2.1300,     6.3048       
# span 9 =    -2.0304,     3.8493       
# span 10 = 1.8346e+00, 3.3383e+03      
# span 11 =    -7.2736,    91.8246      
# span 12 =     -0.733,      5.086      
# span 13 =     -1.062,      7.377      
# span 14 =    13.4130,    23.3479      
# span 15 = 0.0000e+00, 0.0000e+00      
# interval = seconds: 0.25
# start_time = Jun 01 2026 10:30:32 [Instrument's time stamp, header]
# bad_flag = -9.990e-29
*END*
[from data line 362]
      0.006     -0.000     5.1961     92.334     36.928  35.075654    17.4600     2.0653     0.1278     0.8883 6.2033e+02     3.2405      0.006      0.009    22.5858 0.0000e+00
      0.006      0.001     5.7883     98.571     36.934  35.075463    17.4600     2.0653     0.1278     0.8883 7.6755e+02     3.3462      0.006      0.009    22.5483 0.0000e+00
      0.007      0.003     6.5247    102.369     36.941  35.078804    17.4600     2.0119     0.1278     0.8883 1.5116e+03     3.5426      0.007      0.010    22.5191 0.0000e+00
      0.007      0.004     7.2989    103.458     36.939  35.074617    17.4600     2.0081     0.1278     0.8883 1.0749e+03     3.5728      0.007      0.011    22.4989 0.0000e+00
      0.008      0.005     7.9985    101.972     36.935  35.069754    17.5500     2.0043     0.1704     0.7191 8.4750e+02     3.5275      0.008      0.012    22.4861 0.0000e+00
      0.010      0.006     8.5396     98.501     36.945  35.078852    17.5500     2.0081     0.1704     0.7191 1.7255e+03     3.5728      0.010      0.015    22.4783 0.0000e+00
      0.012      0.006     8.8691     93.933     36.963  35.096372    17.5500     2.0577     0.1704     0.7191 2.4923e+03     3.5728      0.012      0.017    22.4737 0.0000e+00
      0.014      0.006     8.9636     89.114     36.973  35.107063    17.5500     2.0539     0.1704     0.7191 1.7505e+03     3.5577      0.014      0.020    22.4711 0.0000e+00
      0.016      0.006     8.8350     84.590     36.980  35.113777    17.4600     2.0844     0.0852     0.8037 1.1564e+03     3.5577      0.016      0.023    22.4699 0.0000e+00
      0.018      0.005     8.5342     80.613     36.984  35.118306    17.4600     2.0615     0.0852     0.8037 1.0019e+03     3.4671      0.017      0.025    22.4696 0.0000e+00
      0.019      0.004     8.1384     77.263     36.987  35.121855    17.4600     2.0653     0.0852     0.8037 1.3540e+03     3.2556      0.018      0.027    22.4699 0.0000e+00
      0.020      0.004     7.7207     74.519     36.986  35.121389    17.4600     2.0615     0.0852     0.8037 1.7562e+03     3.3160      0.019      0.028    22.4705 0.0000e+00
      0.021      0.003     7.3286     72.315     36.977  35.112798    17.5500     2.0653     0.1278     0.9306 1.3054e+03     3.2405      0.020      0.029    22.4712 0.0000e+00
      0.021      0.002     6.9840     70.564     36.973  35.109728    17.5500     2.0615     0.1278     0.9306 1.0705e+03     3.3311      0.021      0.030    22.4719 0.0000e+00
      0.022      0.002     6.6936     69.186     36.983  35.119328    17.5500     2.0005     0.1278     0.9306 7.5350e+02     3.2254      0.021      0.031    22.4727 0.0000e+00
      0.022      0.002     6.4558     68.116     37.000  35.136190    17.5500     2.0119     0.1278     0.9306 1.3679e+03     3.3462      0.021      0.031    22.4734 0.0000e+00
      0.022      0.002     6.2647     67.290     37.022  35.156843    17.5500     2.0081     0.1278     0.9306 1.2857e+03     3.3764      0.022      0.032    22.4740 0.0000e+00
      0.023      0.002     6.1130     66.653     37.034  35.168866    17.5500     1.9738     0.1278     0.8883 1.6093e+03     3.2707      0.022      0.032    22.4746 0.0000e+00
      0.023      0.002     5.9936     66.162     37.025  35.161520    17.5500     2.1187     0.1278     0.8883 1.3510e+03     3.3160      0.023      0.033    22.4751 0.0000e+00
      0.023      0.001     5.9008     65.780     37.009  35.146791    17.5500     2.1225     0.1278     0.8883 2.0403e+03     3.2556      0.023      0.034    22.4755 0.0000e+00
      0.024      0.001     5.8293     65.476     37.000  35.138680    17.5500     2.1454     0.1278     0.8883 7.5596e+02     3.2556      0.023      0.034    22.4760 0.0000e+00
      0.024      0.001     5.7740     65.240     36.996  35.135023    17.4600     2.1149     0.1278     1.0152 7.1739e+02     3.2707      0.024      0.034    22.4765 0.0000e+00
      0.024      0.001     5.7314     65.075     36.991  35.130862    17.4600     2.1569     0.1278     1.0152 1.2364e+03     3.5124      0.024      0.035    22.4771 0.0000e+00
      0.024      0.001     5.6982     64.989     36.989  35.129070    17.4600     2.1645     0.1278     1.0152 1.5611e+03     3.6332      0.024      0.035    22.4778 0.0000e+00
      0.025      0.002     5.6719     64.998     36.992  35.133154    17.4600     2.1683     0.1278     1.0152 1.0407e+03     3.4369      0.025      0.035    22.4785 0.0000e+00
      0.025      0.002     5.6513     65.114     37.007  35.148187    17.4600     2.1950     0.1278     0.8883 7.4974e+02     3.5124      0.025      0.036    22.4792 0.0000e+00
      0.026      0.002     5.6369     65.326     37.033  35.174195    17.4600     2.0729     0.1278     0.8883 6.8064e+02     3.2707      0.025      0.037    22.4799 0.0000e+00
      0.026      0.002     5.6293     65.624     37.058  35.198193    17.4600     2.0653     0.1278     0.8883 6.4732e+02     3.2103      0.026      0.037    22.4808 0.0000e+00
      0.026      0.002     5.6300     66.006     37.073  35.212634    17.4600     2.0653     0.1278     0.8883 7.3458e+02     3.2103      0.026      0.038    22.4820 0.0000e+00
      0.027      0.003     5.6398     66.475     37.078  35.217387    17.4600     2.0615     0.1278     0.9306 5.0113e+02     3.2103      0.026      0.038    22.4834 0.0000e+00
      0.027      0.003     5.6581     67.023     37.078  35.217704    17.4600     2.1264     0.1278     0.9306 7.5826e+02     3.3462      0.027      0.039    22.4846 0.0000e+00
      0.028      0.004     5.6838     67.630     37.080  35.219643    17.4600     2.1187     0.1278     0.9306 1.6884e+03     3.3160      0.028      0.041    22.4855 0.0000e+00
      0.029      0.004     5.7169     68.257     37.089  35.227708    17.4600     2.1073     0.1278     0.9306 1.0315e+03     3.2405      0.029      0.042    22.4859 0.0000e+00
      0.031      0.004     5.7575     68.850     37.102  35.240063    17.4600     2.1492     0.1278     0.9306 1.0341e+03     3.3462      0.030      0.044    22.4862 0.0000e+00
      0.032      0.005     5.8050     69.356     37.099  35.238093    17.5500     2.2446     0.0852     0.8460 5.7203e+02     3.5426      0.032      0.046    22.4862 0.0000e+00
      0.033      0.005     5.8576     69.746     37.082  35.221270    17.5500     2.2675     0.0852     0.8460 8.3235e+02     3.5728      0.033      0.047    22.4862 0.0000e+00
      0.034      0.005     5.9119     70.004     37.062  35.203038    17.5500     2.2484     0.0852     0.8460 1.5999e+03     3.4520      0.034      0.049    22.4862 0.0000e+00
      0.036      0.005     5.9633     70.125     37.041  35.182518    17.5500     2.2637     0.0852     0.8460 9.3700e+02     3.5879      0.035      0.051    22.4863 0.0000e+00
      0.037      0.006     6.0071     70.132     37.030  35.172168    17.5500     2.1798     0.1278     0.8460 9.2990e+02     3.2707      0.036      0.052    22.4863 0.0000e+00
      0.038      0.007     6.0408     70.064     37.039  35.181178    17.5500     2.1988     0.1278     0.8460 7.9626e+02     3.3160      0.038      0.054    22.4863 0.0000e+00
      0.040      0.008     6.0631     69.972     37.053  35.194024    17.5500     2.1798     0.1278     0.8460 1.2774e+03     3.2103      0.040      0.057    22.4863 0.0000e+00
      0.043      0.009     6.0737     69.899     37.063  35.204171    17.5500     2.2027     0.1278     0.8460 9.9599e+02     3.2103      0.042      0.061    22.4864 0.0000e+00
      0.045      0.010     6.0742     69.861     37.072  35.212333    17.5500     2.1378     0.1278     0.9306 8.6180e+02     3.2254      0.044      0.064    22.4865 0.0000e+00
      0.048      0.010     6.0683     69.862     37.081  35.220687    17.5500     2.1378     0.1278     0.9306 7.5137e+02     3.1498      0.047      0.068    22.4865 0.0000e+00
      0.051      0.011     6.0604     69.914     37.091  35.229468    17.5500     2.1225     0.1278     0.9306 8.9695e+02     3.2707      0.050      0.072    22.4865 0.0000e+00
      0.054      0.011     6.0541     70.027     37.097  35.235041    17.5500     2.1149     0.1278     0.9306 9.0459e+02     3.1801      0.053      0.076    22.4865 0.0000e+00
      0.056      0.011     6.0507     70.200     37.101  35.238893    17.5500     2.0653     0.1278     0.8037 8.7121e+02     3.2405      0.056      0.080    22.4863 0.0000e+00
      0.059      0.011     6.0509     70.421     37.100  35.238066    17.5500     2.0424     0.1278     0.8037 5.8307e+02     3.2103      0.058      0.084    22.4861 0.0000e+00
      0.062      0.011     6.0554     70.685     37.100  35.238316    17.5500     2.0768     0.1278     0.8037 5.6992e+02     3.3009      0.061      0.088    22.4857 0.0000e+00
      0.065      0.011     6.0652     70.998     37.105  35.243694    17.5500     2.0844     0.1278     0.8037 5.8714e+02     3.1952      0.063      0.092    22.4854 0.0000e+00
      0.068      0.011     6.0802     71.365     37.104  35.243682    17.5500     2.0768     0.1278     0.8037 5.8702e+02     3.2707      0.066      0.096    22.4852 0.0000e+00
      0.071      0.012     6.0994     71.759     37.096  35.238276    17.5500     2.0806     0.1278     0.9729 7.8817e+02     3.2707      0.069      0.101    22.4852 0.0000e+00
      0.074      0.012     6.1222     72.133     37.089  35.234004    17.5500     2.0501     0.1278     0.9729 1.4064e+03     3.3160      0.072      0.105    22.4856 0.0000e+00
      0.077      0.011     6.1492     72.465     37.082  35.229726    17.5500     2.0615     0.1278     0.9729 9.1706e+02     3.3160      0.075      0.109    22.4863 0.0000e+00
      0.080      0.010     6.1808     72.772     37.076  35.226294    17.5500     1.9890     0.1278     0.9729 8.1499e+02     3.2405      0.078      0.114    22.4878 0.0000e+00
      0.083      0.009     6.2147     73.080     37.075  35.226776    17.5500     1.9890     0.0852     0.9729 7.9315e+02     3.2405      0.081      0.118    22.4901 0.0000e+00
      0.085      0.007     6.2467     73.423     37.067  35.221342    17.5500     1.9928     0.0852     0.9729 1.4110e+03     3.2405      0.084      0.122    22.4931 0.0000e+00
      0.087      0.004     6.2751     73.821     37.052  35.208541    17.5500     1.9814     0.0852     0.9729 9.3944e+02     3.2405      0.085      0.124    22.4963 0.0000e+00
      0.088      0.002     6.3013     74.282     37.047  35.204881    17.5500     2.2141     0.0852     0.9729 1.0454e+03     3.3462      0.086      0.125    22.4994 0.0000e+00
      0.087     -0.001     6.3277     74.805     37.050  35.209386    17.4600     2.1950     0.1704     0.9306 4.7216e+02     3.2707      0.086      0.124    22.5021 0.0000e+00
      0.086     -0.003     6.3570     75.381     37.048  35.209313    17.4600     2.1798     0.1704     0.9306 7.1661e+02     3.2254      0.085      0.123    22.5043 0.0000e+00
      0.085     -0.006     6.3913     75.973     37.048  35.210619    17.4600     2.1988     0.1704     0.9306 1.1115e+03     3.2556      0.084      0.121    22.5064 0.0000e+00
      0.084     -0.008     6.4309     76.523     37.054  35.217636    17.4600     1.8097     0.1704     0.9306 1.2334e+03     3.3160      0.082      0.119    22.5084 0.0000e+00
      0.081     -0.010     6.4760     76.979     37.054  35.218291    17.4600     1.8288     0.1704     0.9306 6.4479e+02     3.3462      0.080      0.116    22.5105 0.0000e+00
      0.079     -0.013     6.5255     77.298     37.045  35.210768    17.5500     1.8212     0.1278     0.8883 4.1516e+02     3.3160      0.078      0.112    22.5127 0.0000e+00
      0.076     -0.016     6.5765     77.454     37.041  35.207003    17.5500     1.8364     0.1278     0.8883 2.0341e+03     3.2707      0.075      0.108    22.5148 0.0000e+00
      0.071     -0.018     6.6240     77.433     37.057  35.221930    17.5500     1.8746     0.1278     0.8883 1.7673e+03     3.4067      0.070      0.102    22.5164 0.0000e+00
      0.066     -0.019     6.6633     77.229     37.083  35.245584    17.5500     1.9051     0.1278     0.8883 5.7903e+02     3.2103      0.065      0.094    22.5174 0.0000e+00
      0.060     -0.019     6.6908     76.849     37.092  35.254392    17.5500     1.8593     0.0852     0.8460 7.9608e+02     3.3009      0.059      0.085    22.5179 0.0000e+00
      0.054     -0.019     6.7043     76.329     37.092  35.254688    17.5500     1.9013     0.0852     0.8460 9.8780e+02     3.3311      0.053      0.077    22.5180 0.0000e+00
      0.049     -0.018     6.7025     75.731     37.095  35.258503    17.5500     1.6228     0.0852     0.8460 6.1522e+02     3.2405      0.049      0.070    22.5179 0.0000e+00
      0.045     -0.016     6.6849     75.123     37.105  35.268846    17.5500     1.6075     0.0852     0.8460 1.1856e+03     3.1649      0.045      0.065    22.5177 0.0000e+00
      0.042     -0.014     6.6520     74.552     37.121  35.284491    17.4600     1.6304     0.1278     0.8460 1.4927e+03     3.1801      0.041      0.059    22.5176 0.0000e+00
      0.038     -0.012     6.6070     74.049     37.134  35.297658    17.4600     1.6343     0.1278     0.8460 1.0747e+03     3.2405      0.037      0.054    22.5179 0.0000e+00
      0.035     -0.009     6.5552     73.626     37.142  35.305881    17.4600     1.7029     0.1278     0.8460 9.0655e+02     3.2405      0.034      0.050    22.5186 0.0000e+00
      0.033     -0.007     6.5024     73.287     37.139  35.303387    17.4600     1.8288     0.1278     0.8460 1.4814e+03     3.2103      0.032      0.047    22.5197 0.0000e+00
      0.032     -0.005     6.4528     73.028     37.131  35.295485    17.5500     1.8212     0.1278     0.7614 7.6438e+02     3.1952      0.032      0.046    22.5208 0.0000e+00
      0.031     -0.003     6.4091     72.833     37.129  35.294013    17.5500     1.8212     0.1278     0.7614 8.6894e+02     3.2556      0.031      0.045    22.5217 0.0000e+00
      0.031     -0.002     6.3725     72.677     37.125  35.290609    17.5500     1.8212     0.1278     0.7614 9.7120e+02     3.2556      0.031      0.044    22.5224 0.0000e+00
      0.031     -0.001     6.3431     72.540     37.123  35.288351    17.5500     1.8937     0.1278     0.7614 1.0373e+03     3.1347      0.030      0.043    22.5229 0.0000e+00
      0.030     -0.001     6.3206     72.414     37.132  35.296597    17.5500     1.8670     0.1278     0.7614 1.4203e+03     3.3311      0.030      0.043    22.5232 0.0000e+00
      0.030     -0.000     6.3037     72.287     37.147  35.311570    17.5500     1.8593     0.0852     0.8460 8.7939e+02     3.2707      0.030      0.043    22.5234 0.0000e+00
      0.030     -0.000     6.2902     72.149     37.166  35.329293    17.5500     1.8822     0.0852     0.8460 8.7102e+02     3.3764      0.030      0.043    22.5236 0.0000e+00
      0.030     -0.000     6.2783     71.985     37.184  35.346527    17.5500     1.8822     0.0852     0.8460 8.4989e+02     3.3462      0.030      0.043    22.5237 0.0000e+00
      0.030     -0.000     6.2674     71.782     37.194  35.355912    17.5500     1.8746     0.0852     0.8460 1.8892e+03     3.2707      0.030      0.043    22.5239 0.0000e+00
      0.030     -0.000     6.2564     71.526     37.190  35.351985    17.5500     1.8593     0.1278     0.8883 9.2025e+02     3.2858      0.030      0.043    22.5239 0.0000e+00
      0.030     -0.001     6.2444     71.214     37.184  35.345650    17.5500     1.8746     0.1278     0.8883 6.7901e+02     3.2405      0.030      0.043    22.5239 0.0000e+00
      0.030     -0.002     6.2302     70.854     37.186  35.347169    17.5500     1.9432     0.1278     0.8883 6.8748e+02     3.2254      0.029      0.043    22.5238 0.0000e+00
      0.030     -0.003     6.2126     70.456     37.179  35.341013    17.5500     1.9432     0.1278     0.8883 8.8687e+02     3.3160      0.029      0.042    22.5236 0.0000e+00
