Data/DataNotYetUploadedToEDI/Raw_CTD/RawDownloads/060126_bvr50_S8188007.cnv
* Sea-Bird SBE19plus  Data File:
* FileName = C:\R\Reservoirs\Data\DataNotYetUploadedToEDI\Raw_CTD\RawDownloads\062526_ccr50_S8188_0007.hex
* Software version 2.8.0.119
* Temperature SN = 8188
* Conductivity SN = 8188
* System UpLoad Time = Jun 29 2026 18:09:33
* <ApplicationData>
* <Seaterm232>
# nquan = 16
# nvalues = 1520                        
# units = specified
# name 0 = depFM: Depth [fresh water, m]
# name 1 = dz/dtM: Descent Rate [m/s]
# name 2 = sbeox0Mg/L: Oxygen, SBE 43 [mg/l]
# name 3 = sbeox0PS: Oxygen, SBE 43 [% saturation]
# name 4 = specc: Specific Conductance [uS/cm]
# name 5 = c0uS/cm: Conductivity [uS/cm]
# name 6 = wetCDOM: Fluorescence, WET Labs CDOM [mg/m^3]
# name 7 = flECO-AFL: Fluorescence, WET Labs ECO-AFL/FL [mg/m^3]
# name 8 = flECO-AFL1: Fluorescence, WET Labs ECO-AFL/FL, 2 [mg/m^3]
# name 9 = flECO-AFL2: Fluorescence, WET Labs ECO-AFL/FL, 3 [mg/m^3]
# name 10 = par/sat/log: PAR/Logarithmic, Satlantic
# name 11 = turbWETntu0: Turbidity, WET Labs ECO [NTU]
# name 12 = prdM: Pressure, Strain Gauge [db]
# name 13 = prdE: Pressure, Strain Gauge [psi]
# name 14 = tv290C: Temperature [ITS-90, deg C]
# name 15 = flag:  0.000e+00
# span 0 =     -0.747,      5.186       
# span 1 =     -0.236,      0.165       
# span 2 =     0.0370,     8.9636       
# span 3 =      0.362,    103.458       
# span 4 =      1.717,    116.664       
# span 5 =   1.658073,  89.634650       
# span 6 =    -4.5000,    26.2800       
# span 7 =    -2.6230,     7.2191       
# span 8 =    -2.1300,     6.3048       
# span 9 =    -2.0304,     3.8493       
# span 10 = 1.8346e+00, 3.3383e+03      
# span 11 =    -7.2736,    91.8246      
# span 12 =     -0.733,      5.086      
# span 13 =     -1.062,      7.377      
# span 14 =    13.4130,    23.3479      
# span 15 = 0.0000e+00, 0.0000e+00      
# interval = seconds: 0.25
# start_time = Jun 01 2026 10:30:32 [Instrument's time stamp, header]
# bad_flag = -9.990e-29
*END*
     -0.747      0.005     7.4209     87.046      1.717   1.658073    -4.5000    -0.2502    -2.1300    -2.0304 1.2639e+02    -1.1404     -0.733     -1.062    23.3479 0.0000e+00
     -0.745      0.006     7.4216     87.053      1.757   1.695556    -4.5000    -0.2350    -2.1300    -2.0304 1.2443e+02    -1.0649     -0.731     -1.060    23.3317 0.0000e+00
     -0.744      0.008     7.4226     87.061      1.812   1.748212    -4.5000    -0.2693    -2.1300    -2.0304 1.1824e+02    -1.0649     -0.730     -1.058    23.3142 0.0000e+00
     -0.742      0.011     7.4239     87.070      1.902   1.834059     0.0000    -0.1434     0.0426     0.2115 6.0109e+02     0.5062     -0.728     -1.055    23.3002 0.0000e+00
     -0.739      0.014     7.4252     87.085      2.064   1.987924     0.0000    -0.1320     0.0426     0.2115 7.5909e+02     0.4156     -0.725     -1.051    23.2917 0.0000e+00
     -0.736      0.017     7.4263     87.101      2.348   2.258790     0.0000    -0.1129     0.0426     0.2115 8.4254e+02     0.4760     -0.722     -1.046    23.2879 0.0000e+00
     -0.731      0.022     7.4271     87.111      2.827   2.714913     0.0000    -0.1129     0.0426     0.2115 8.1961e+02     0.4458     -0.717     -1.040    23.2872 0.0000e+00
     -0.725      0.029     7.4278     87.113      3.624   3.473946     0.0000    -0.9369     0.0426     0.2115 7.7374e+02    -3.6481     -0.712     -1.032    23.2880 0.0000e+00
     -0.718      0.037     7.4291     87.110      4.948   4.734322     0.0000    -0.9369     0.0000    -1.2690 1.0670e+03    -3.7840     -0.705     -1.021    23.2878 0.0000e+00
     -0.709      0.046     7.4310     87.109      7.159   6.840096     0.0000    -0.9522     0.0000    -1.2690 1.1627e+03    -3.7085     -0.695     -1.008    23.2838 0.0000e+00
     -0.697      0.057     7.4335     87.116     10.814  10.320987     0.0000    -0.9293     0.0000    -1.2690 1.1543e+03    -3.6783     -0.684     -0.991    23.2728 0.0000e+00
     -0.681      0.070     7.4368     87.133     16.226  15.472689     0.0000     0.5852     0.0000    -1.2690 1.3054e+03     2.1075     -0.668     -0.969    23.2502 0.0000e+00
     -0.662      0.083     7.4425     87.160     22.790  21.715185     3.5100     0.5623    -0.1704    -1.8612 1.3867e+03     2.0471     -0.650     -0.942    23.2075 0.0000e+00
     -0.640      0.098     7.4528     87.207     28.868  27.486585     3.5100     0.5814    -0.1704    -1.8612 1.5149e+03     2.2132     -0.627     -0.910    23.1340 0.0000e+00
     -0.613      0.113     7.4682     87.297     33.077  31.472590     3.5100     0.5814    -0.1704    -1.8612 1.5929e+03     2.0773     -0.601     -0.872    23.0292 0.0000e+00
     -0.582      0.128     7.4863     87.455     35.550  33.806104     3.5100     1.0697    -0.1704    -1.8612 1.6276e+03     3.4671     -0.571     -0.829    22.9117 0.0000e+00
     -0.548      0.142     7.5040     87.709     37.028  35.195065     2.8800     1.0659     0.3408     0.5922 1.6655e+03     3.4369     -0.537     -0.779    22.8028 0.0000e+00
     -0.509      0.153     7.5209     88.078     37.920  36.029783     2.8800     1.0735     0.3408     0.5922 1.7846e+03     3.5124     -0.499     -0.724    22.7122 0.0000e+00
     -0.466      0.161     7.5388     88.566     38.449  36.520896     2.8800     1.0926     0.3408     0.5922 1.8991e+03     3.5728     -0.457     -0.663    22.6411 0.0000e+00
     -0.422      0.165     7.5602     89.159     38.738  36.787413     2.8800     1.2146     0.3408     0.5922 1.8851e+03     3.4973     -0.414     -0.600    22.5878 0.0000e+00
     -0.376      0.163     7.5877     89.815     38.864  36.900406    15.7500     1.1956     0.0426     0.3384 1.8672e+03     3.5275     -0.369     -0.536    22.5485 0.0000e+00
     -0.332      0.155     7.6238     90.470     38.886  36.915904    15.7500     1.1994     0.0426     0.3384 1.7654e+03     3.4369     -0.326     -0.473    22.5195 0.0000e+00
     -0.292      0.143     7.6692     91.049     38.902  36.927689    15.7500     1.2070     0.0426     0.3384 1.3054e+03     3.5275     -0.286     -0.415    22.4984 0.0000e+00
     -0.255      0.127     7.7227     91.501     39.029  37.044491    15.7500     1.3214     0.0426     0.3384 3.0901e+02     3.5275     -0.251     -0.364    22.4834 0.0000e+00
     -0.225      0.109     7.7811     91.801     39.245  37.247650    15.7500     1.3253     0.0426     0.3384 1.3956e+02     3.5275     -0.221     -0.321    22.4727 0.0000e+00
     -0.201      0.091     7.8390     91.939     39.395  37.390126    16.4700     1.3138     0.1278     0.6768 1.3112e+02     3.5879     -0.197     -0.286    22.4647 0.0000e+00
     -0.181      0.074     7.8901     91.928     39.423  37.416279    16.4700     1.3062     0.1278     0.6768 1.2290e+02     3.4671     -0.178     -0.258    22.4584 0.0000e+00
     -0.166      0.059     7.9300     91.799     39.435  37.428711    16.4700     1.2604     0.1278     0.6768 1.0958e+02     3.3160     -0.162     -0.236    22.4539 0.0000e+00
     -0.154      0.047     7.9563     91.602     39.527  37.516406    16.4700     1.2451     0.1278     0.6768 1.2786e+02     3.2103     -0.151     -0.219    22.4513 0.0000e+00
     -0.145      0.038     7.9684     91.387     39.657  37.640987    16.6500     1.2566     0.1278     0.7191 1.3218e+02     3.2707     -0.142     -0.206    22.4503 0.0000e+00
     -0.138      0.032     7.9674     91.192     39.713  37.696218    16.6500     1.2871     0.1278     0.7191 1.5830e+02     3.2707     -0.135     -0.196    22.4504 0.0000e+00
     -0.131      0.028     7.9561     91.037     39.673  37.658973    16.6500     1.2986     0.1278     0.7191 1.4256e+02     3.4822     -0.129     -0.186    22.4511 0.0000e+00
     -0.125      0.026     7.9389     90.931     39.625  37.614951    16.6500     1.3253     0.1278     0.7191 1.2996e+02     3.5728     -0.122     -0.177    22.4521 0.0000e+00
     -0.119      0.024     7.9201     90.870     39.620  37.612181    16.6500     1.3100     0.0852     0.7191 1.2650e+02     3.4973     -0.116     -0.169    22.4535 0.0000e+00
     -0.113      0.023     7.9029     90.848     39.603  37.598125    16.6500     1.3062     0.0852     0.7191 1.3683e+02     3.6030     -0.111     -0.160    22.4552 0.0000e+00
     -0.107      0.022     7.8893     90.851     39.523  37.523213    16.6500     1.4435     0.0852     0.7191 1.4668e+02     3.1952     -0.105     -0.152    22.4569 0.0000e+00
     -0.101      0.021     7.8797     90.861     39.399  37.405322    16.6500     1.4321     0.0852     0.7191 1.6820e+02     3.1952     -0.099     -0.143    22.4587 0.0000e+00
     -0.095      0.020     7.8742     90.870     39.273  37.286729    16.8300     1.4321     0.0852     0.6768 6.4873e+02     3.2405     -0.093     -0.135    22.4608 0.0000e+00
     -0.090      0.018     7.8720     90.878     39.171  37.189598    16.8300     1.4588     0.0852     0.6768 7.8135e+02     3.3009     -0.089     -0.128    22.4629 0.0000e+00
     -0.086      0.016     7.8720     90.879     39.082  37.105958    16.8300     1.3977     0.0852     0.6768 8.3416e+02     3.2858     -0.084     -0.122    22.4643 0.0000e+00
     -0.082      0.014     7.8728     90.873     38.987  37.017491    16.8300     1.3863     0.0852     0.6768 9.0695e+02     3.2858     -0.080     -0.117    22.4651 0.0000e+00
     -0.078      0.012     7.8735     90.859     38.892  36.928495    16.8300     1.3710     0.0852     0.6768 1.2117e+03     3.3613     -0.077     -0.112    22.4655 0.0000e+00
     -0.076      0.010     7.8741     90.836     38.809  36.851099    16.8300     1.3901     0.1278     0.7191 1.3114e+03     3.2858     -0.074     -0.108    22.4660 0.0000e+00
     -0.073      0.009     7.8740     90.805     38.737  36.784585    16.8300     1.3253     0.1278     0.7191 1.0521e+03     3.1801     -0.072     -0.104    22.4672 0.0000e+00
     -0.071      0.007     7.8733     90.769     38.675  36.727154    16.8300     1.3138     0.1278     0.7191 1.7746e+03     3.2707     -0.070     -0.102    22.4690 0.0000e+00
     -0.070      0.006     7.8718     90.731     38.615  36.671459    16.8300     1.3214     0.1278     0.7191 1.1416e+03     3.3311     -0.069     -0.100    22.4709 0.0000e+00
     -0.069      0.005     7.8695     90.694     38.542  36.602650    16.9200     1.3062     0.1278     0.6768 1.0514e+03     3.2858     -0.068     -0.098    22.4726 0.0000e+00
     -0.068      0.004     7.8666     90.655     38.445  36.512337    16.9200     1.4206     0.1278     0.6768 1.0416e+03     3.2405     -0.067     -0.097    22.4740 0.0000e+00
     -0.067      0.004     7.8632     90.612     38.331  36.404329    16.9200     1.4283     0.1278     0.6768 8.5731e+02     3.2858     -0.066     -0.095    22.4755 0.0000e+00
     -0.066      0.003     7.8597     90.572     38.210  36.289665    16.9200     1.4778     0.1278     0.6768 1.5077e+03     3.2103     -0.065     -0.094    22.4773 0.0000e+00
     -0.065      0.003     7.8562     90.540     38.104  36.189565    16.9200     1.4435     0.0852     0.5499 1.2420e+03     3.3160     -0.064     -0.093    22.4790 0.0000e+00
     -0.065      0.003     7.8526     90.518     38.033  36.123154    16.9200     1.5084     0.0852     0.5499 5.4167e+02     3.3462     -0.064     -0.092    22.4804 0.0000e+00
     -0.064      0.002     7.8488     90.503     37.996  36.088660    16.9200     1.5503     0.0852     0.5499 8.1216e+02     3.3462     -0.063     -0.091    22.4813 0.0000e+00
     -0.064      0.002     7.8452     90.489     37.977  36.072899    16.9200     1.5007     0.0852     0.5499 8.3889e+02     3.2405     -0.063     -0.091    22.4818 0.0000e+00
     -0.063      0.001     7.8424     90.466     37.965  36.063702    16.9200     1.5160     0.0852     0.6768 6.6717e+02     3.2405     -0.062     -0.090    22.4822 0.0000e+00
     -0.063      0.001     7.8403     90.432     37.949  36.050647    16.9200     1.4397     0.0852     0.6768 1.1303e+03     3.2405     -0.062     -0.090    22.4831 0.0000e+00
     -0.063      0.001     7.8388     90.389     37.926  36.030252    16.9200     1.4359     0.0852     0.6768 7.8509e+02     3.1801     -0.062     -0.089    22.4847 0.0000e+00
     -0.063      0.000     7.8372     90.318     37.905  36.013017    16.9200     1.4588     0.0852     0.6768 9.9816e+02     3.2103     -0.062     -0.089    22.4870 0.0000e+00
     -0.063      0.000     7.8348     90.187     37.896  36.006297    16.9200     1.4740     0.0852     0.6768 8.7349e+02     3.1649     -0.062     -0.089    22.4898 0.0000e+00
     -0.063      0.000     7.8315     89.980     37.892  36.004316    17.0100     1.4931     0.1278     0.6768 1.2715e+03     3.3009     -0.062     -0.089    22.4926 0.0000e+00
     -0.063      0.000     7.8274     89.698     37.889  36.002563    17.0100     1.5389     0.1278     0.6768 1.3723e+03     3.2707     -0.062     -0.089    22.4953 0.0000e+00
     -0.063      0.000     7.8209     89.352     37.885  36.000571    17.0100     1.4855     0.1278     0.6768 9.3985e+02     3.2254     -0.062     -0.089    22.4979 0.0000e+00
     -0.063      0.000     7.8091     88.954     37.880  35.997807    17.0100     1.5007     0.1278     0.6768 1.3569e+03     3.2103     -0.062     -0.089    22.5005 0.0000e+00
     -0.062      0.000     7.7908     88.509     37.874  35.993535    17.0100     1.5084     0.0852     0.6345 1.5272e+03     3.2405     -0.061     -0.089    22.5030 0.0000e+00
     -0.062      0.001     7.7660     88.008     37.870  35.990599    17.0100     1.4893     0.0852     0.6345 7.2177e+02     3.3613     -0.061     -0.089    22.5054 0.0000e+00
     -0.062      0.001     7.7357     87.435     37.875  35.996187    17.0100     1.5084     0.0852     0.6345 9.6175e+02     3.2405     -0.061     -0.088    22.5079 0.0000e+00
     -0.062      0.001     7.7009     86.758     37.890  36.011787    17.0100     1.4855     0.0852     0.6345 8.2694e+02     3.2858     -0.061     -0.088    22.5102 0.0000e+00
     -0.062      0.001     7.6621     85.918     37.900  36.021638    17.0100     1.5198     0.1278     0.8037 8.4694e+02     3.2405     -0.061     -0.088    22.5121 0.0000e+00
     -0.061      0.001     7.6185     84.834     37.890  36.012431    17.0100     1.5007     0.1278     0.8037 1.1986e+03     3.2556     -0.060     -0.087    22.5136 0.0000e+00
     -0.061      0.001     7.5687     83.434     37.870  35.993662    17.0100     1.5084     0.1278     0.8037 1.2592e+03     3.2254     -0.060     -0.087    22.5148 0.0000e+00
     -0.061      0.001     7.5100     81.706     37.847  35.972281    17.0100     1.5313     0.1278     0.8037 1.0346e+03     3.2707     -0.060     -0.087    22.5158 0.0000e+00
     -0.061      0.001     7.4372     79.749     37.816  35.942584    17.0100     1.5084     0.1278     0.8037 7.9574e+02     3.3160     -0.060     -0.086    22.5166 0.0000e+00
     -0.060      0.001     7.3432     77.748     37.785  35.912590    17.0100     1.5236     0.0852     0.8460 7.9022e+02     3.3613     -0.059     -0.086    22.5172 0.0000e+00
     -0.060      0.001     7.2220     75.876     37.770  35.898205    17.0100     1.5122     0.0852     0.8460 1.3551e+03     3.2405     -0.059     -0.086    22.5175 0.0000e+00
     -0.060      0.001     7.0724     74.258     37.767  35.895594    17.0100     1.4931     0.0852     0.8460 9.2285e+02     3.2405     -0.059     -0.085    22.5177 0.0000e+00
     -0.060      0.002     6.9031     72.971     37.768  35.896092    17.0100     1.5084     0.0852     0.8460 6.6154e+02     3.5124     -0.059     -0.085    22.5176 0.0000e+00
     -0.059      0.002     6.7299     72.028     37.768  35.895847    17.0100     1.5084     0.0852     0.7614 1.6375e+03     3.4822     -0.058     -0.084    22.5174 0.0000e+00
     -0.059      0.003     6.5678     71.391     37.767  35.894794    17.0100     1.4931     0.0852     0.7614 9.3802e+02     3.5275     -0.058     -0.083    22.5171 0.0000e+00
     -0.058      0.004     6.4279     70.996     37.772  35.900622    17.0100     1.5160     0.0852     0.7614 8.8111e+02     3.4822     -0.057     -0.082    22.5167 0.0000e+00
     -0.057      0.005     6.3165     70.792     37.774  35.902930    17.0100     1.5503     0.0852     0.7614 1.4373e+03     3.3764     -0.056     -0.081    22.5164 0.0000e+00
     -0.055      0.006     6.2349     70.821     37.766  35.896359    17.0100     1.5770     0.1278     0.6345 6.6601e+02     3.1801     -0.054     -0.079    22.5162 0.0000e+00
     -0.053      0.008     6.1797     71.282     37.771  35.901069    17.0100     1.5618     0.1278     0.6345 8.0969e+02     3.2103     -0.053     -0.076    22.5164 0.0000e+00
     -0.051      0.010     6.1454     72.351     37.799  35.928277    17.0100     1.5885     0.1278     0.6345 1.1910e+03     3.2858     -0.051     -0.073    22.5170 0.0000e+00
     -0.049      0.011     6.1277     73.950     37.857  35.983246    17.0100     1.5122     0.1278     0.6345 1.4817e+03     3.5728     -0.048     -0.070    22.5180 0.0000e+00
     -0.046      0.013     6.1301     75.765     37.916  36.038800    17.1000     1.4702     0.1278     0.6345 7.5530e+02     3.6030     -0.045     -0.065    22.5190 0.0000e+00
     -0.042      0.013     6.1699     77.436     37.934  36.055967    17.1000     1.4855     0.1278     0.6345 7.9229e+02     3.4671     -0.041     -0.059    22.5195 0.0000e+00
     -0.037      0.013     6.2625     78.688     37.929  36.049284    17.1000     1.4931     0.1278     0.6345 4.1553e+02     3.5728     -0.037     -0.053    22.5195 0.0000e+00
     -0.034      0.013     6.4009     79.366     37.928  36.046853    17.1000     1.5656     0.1278     0.6345 7.6322e+02     3.3462     -0.033     -0.048    22.5194 0.0000e+00
     -0.031      0.012     6.5580     79.417     37.951  36.067945    17.1000     1.5541     0.1278     0.6345 8.9054e+02     3.1952     -0.030     -0.044    22.5193 0.0000e+00
     -0.028      0.010     6.7027     78.863     38.024  36.138105    17.1000     1.5885     0.0852     0.6768 6.2751e+02     3.2405     -0.028     -0.040    22.5186 0.0000e+00
