Data/DataNotYetUploadedToEDI/Raw_CTD/RawDownloads/060225_fcr10_S7809002.cnv
* Sea-Bird SBE19plus  Data File:
* FileName = C:\R\Reservoirs\Data\DataNotYetUploadedToEDI\Raw_CTD\RawDownloads\060225_fcr50_S7809_0002.hex
* Software version 2.8.0.119
* Temperature SN = 7809
* Conductivity SN = 7809
* System UpLoad Time = Jun 02 2025 17:16:42
* <ApplicationData>
* <Seaterm232>
# nquan = 15
# nvalues = 1469                        
# units = specified
# name 0 = depFM: Depth [fresh water, m]
# name 1 = dz/dtM: Descent Rate [m/s]
# name 2 = sbeox0Mg/L: Oxygen, SBE 43 [mg/l]
# name 3 = sbeox0PS: Oxygen, SBE 43 [% saturation]
# name 4 = specc: Specific Conductance [uS/cm]
# name 5 = c0uS/cm: Conductivity [uS/cm]
# name 6 = flECO-AFL: Fluorescence, WET Labs ECO-AFL/FL [mg/m^3]
# name 7 = ph: pH
# name 8 = orp: Oxidation Reduction Potential [mV]
# name 9 = par/sat/log: PAR/Logarithmic, Satlantic
# name 10 = turbWETntu0: Turbidity, WET Labs ECO [NTU]
# name 11 = prdM: Pressure, Strain Gauge [db]
# name 12 = prdE: Pressure, Strain Gauge [psi]
# name 13 = tv290C: Temperature [ITS-90, deg C]
# name 14 = flag:  0.000e+00
# span 0 =     -0.622,      2.458       
# span 1 =     -0.309,      0.124       
# span 2 =     1.0432,    12.2825       
# span 3 =     11.133,    129.918       
# span 4 =      1.131,    112.515       
# span 5 =   0.955802,  88.970315       
# span 6 =    -0.6451,   233.8444       
# span 7 =      7.353,     10.797       
# span 8 =    12.8587,   175.2820       
# span 9 = 4.9375e+00, 2.2017e+03       
# span 10 =    -7.5646,   932.3523      
# span 11 =     -0.610,      2.412      
# span 12 =     -0.886,      3.498      
# span 13 =    14.3840,    21.1185      
# span 14 = 0.0000e+00, 0.0000e+00      
# interval = seconds: 0.25
# start_time = Jun 02 2025 12:53:51 [Instrument's time stamp, header]
# bad_flag = -9.990e-29
*END*
[from data line 1254]
     -0.439      0.019    10.3794    105.882     31.806  26.828157     4.7169     10.235    85.7533 1.7094e+03    75.8070     -0.433     -0.627    17.1067 0.0000e+00
     -0.434      0.029    10.3404    105.747     31.868  26.890976     4.9081     10.245    98.4912 1.7239e+03    64.6557     -0.426     -0.619    17.1271 0.0000e+00
     -0.425      0.041    10.3058    105.924     32.007  27.024626     5.2700     10.251    86.3509 1.7533e+03    44.3127     -0.417     -0.605    17.1446 0.0000e+00
     -0.413      0.058    10.2576    106.044     32.157  27.175666     5.4632     10.258    63.7232 1.7911e+03    33.2946     -0.406     -0.589    17.1574 0.0000e+00
     -0.398      0.081    10.1745    106.098     32.214  27.258493     5.4952     10.266    61.5947 1.8168e+03    32.5146     -0.391     -0.567    17.1694 0.0000e+00
     -0.381      0.104    10.1657    106.227     32.172  27.265048     5.6911     10.277    79.5445 1.8258e+03    33.5153     -0.375     -0.545    17.1852 0.0000e+00
     -0.356      0.120    10.2019    106.610     32.111  27.254969     6.0416     10.292    82.7766 1.8548e+03    35.3176     -0.357     -0.519    17.2068 0.0000e+00
     -0.314      0.124    10.1968    107.336     32.077  27.263529     6.2291     10.308    78.8199 1.9029e+03    36.2356     -0.312     -0.452    17.2446 0.0000e+00
     -0.262      0.107    10.1870    108.123     32.010  27.241743     6.2268     10.323    89.7805 1.7461e+03    36.1082     -0.252     -0.365    17.3001 0.0000e+00
     -0.218      0.063    10.1805    108.908     31.827  27.118449     6.0469     10.334    98.5445 1.4002e+03    33.7776     -0.206     -0.301    17.3702 0.0000e+00
     -0.194     -0.006    10.1897    109.975     31.631  26.977873     5.7025     10.339    89.6261 1.4148e+03    29.3383     -0.182     -0.265    17.4392 0.0000e+00
     -0.195     -0.083    10.2682    111.196     31.562  26.937397     5.4921     10.342    71.2573 1.7623e+03    26.8408     -0.176     -0.256    17.4937 0.0000e+00
     -0.234     -0.148    10.3385    112.231     31.560  26.946193     5.4508     10.343    58.5088 1.8968e+03    27.1163     -0.213     -0.309    17.5477 0.0000e+00
     -0.310     -0.185    10.3750    112.918     31.565  26.957396     5.3025     10.346    57.9180 1.8030e+03    33.1470     -0.301     -0.436    17.6031 0.0000e+00
     -0.399     -0.189    10.4810    113.237     31.542  26.946015     5.0140     10.350    65.4910 1.6855e+03    44.1459     -0.399     -0.579    17.6469 0.0000e+00
     -0.470     -0.162    10.6052    113.161     31.440  26.872016     4.8345     10.355    77.1980 1.6025e+03    50.0071     -0.474     -0.688    17.6740 0.0000e+00
     -0.506     -0.113    10.7039    112.564     31.284  26.760344     4.8218     10.360    82.3675 1.5685e+03    49.8713     -0.506     -0.733    17.6884 0.0000e+00
     -0.514     -0.061    10.7691    111.402     31.157  26.673999     5.1853     10.365    67.1650 1.5967e+03    43.5295     -0.512     -0.741    17.6963 0.0000e+00
     -0.502     -0.024    10.7934    109.767     31.126  26.652540     5.8837     10.368    43.4377 1.6707e+03    31.9123     -0.496     -0.719    17.7074 0.0000e+00
     -0.483     -0.010    10.7923    107.904     31.117  26.627736     6.2567     10.368    31.8328 1.7305e+03    25.5502     -0.472     -0.684    17.7258 0.0000e+00
     -0.473     -0.011    10.7259    106.130     31.077  26.564331     6.2667     10.369    32.1632 1.7297e+03    24.8827     -0.458     -0.664    17.7632 0.0000e+00
     -0.481     -0.018    10.6030    104.706     31.058  26.520096     6.2213     10.373    35.9888 1.6369e+03    24.7976     -0.462     -0.670    17.8142 0.0000e+00
     -0.506     -0.023    10.4363    103.790     31.031  26.473393     5.8160     10.379    39.3703 1.5059e+03    25.4437     -0.498     -0.722    17.8247 0.0000e+00
     -0.530     -0.023    10.2549    103.251     31.019  26.443561     5.0613     10.385    43.3643 1.4347e+03    26.6822     -0.529     -0.767    17.7859 0.0000e+00
     -0.535     -0.016    10.0905    102.540     31.077  26.476481     4.6292     10.389    47.1978 1.4291e+03    27.2695     -0.530     -0.767    17.7340 0.0000e+00
     -0.526     -0.005     9.9554    100.928     31.036  26.427465     4.5615     10.393    48.3802 1.4452e+03    26.9426     -0.516     -0.749    17.6870 0.0000e+00
     -0.515      0.006     9.8805     98.245     30.073  25.597206     4.5342     10.397    48.3684 1.4585e+03    24.0620     -0.504     -0.730    17.6498 0.0000e+00
     -0.509      0.013     9.8518     94.963     26.844  22.843007     4.5153     10.400    52.7339 1.4555e+03    18.8804     -0.495     -0.719    17.6195 0.0000e+00
     -0.509      0.013     9.8246     91.609     25.086  21.343361     4.5008     10.404    61.4129 1.4401e+03    16.0436     -0.498     -0.724    17.5924 0.0000e+00
     -0.512      0.010     9.6823     88.671     28.004  23.822854     4.4831     10.408    66.7501 1.4293e+03    15.7577     -0.504     -0.731    17.5689 0.0000e+00
     -0.512      0.009     9.4023     86.490     30.493  25.937489     4.3921     10.412    67.7928 1.4333e+03    15.2866     -0.504     -0.731    17.5521 0.0000e+00
     -0.507      0.009     9.0786     85.185     30.553  25.987559     4.2581     10.415    69.5461 1.4484e+03    14.5495     -0.498     -0.723    17.5412 0.0000e+00
     -0.501      0.014     8.7402     84.784     30.436  25.886889     4.2115     10.418    68.3323 1.4597e+03    14.1890     -0.489     -0.711    17.5339 0.0000e+00
     -0.497      0.024     8.4477     85.197     30.482  25.925268     4.2113     10.423    69.0342 1.4650e+03    13.9690     -0.487     -0.706    17.5289 0.0000e+00
     -0.497      0.036     8.2390     86.130     30.498  25.944228     4.2304     10.427    77.7737 1.4725e+03    12.2313     -0.488     -0.708    17.5256 0.0000e+00
     -0.494      0.037     8.1122     87.205     30.075  25.608796     4.2928     10.429    73.6792 1.4979e+03     9.0626     -0.488     -0.708    17.5236 0.0000e+00
     -0.481      0.020     8.0763     88.175     25.793  21.996458     4.3414     10.426    55.3211 1.5713e+03     7.3221     -0.481     -0.698    17.5220 0.0000e+00
     -0.451     -0.009     8.1261     88.920     15.910  13.586313     4.3685     10.422    40.8780 1.6753e+03     7.1735     -0.444     -0.645    17.5210 0.0000e+00
     -0.427     -0.042     8.2318     89.467      7.113   6.075149     4.3628     10.420    32.3225 1.6972e+03     7.1289     -0.397     -0.576    17.5190 0.0000e+00
     -0.448     -0.072     8.3355     89.900      3.801   3.239810     4.2978     10.422    29.8291 1.5842e+03     7.6712     -0.421     -0.610    17.5491 0.0000e+00
     -0.508     -0.097     8.4137     90.231      3.155   2.684321     4.2061     10.425    31.1224 1.4571e+03     8.8454     -0.508     -0.736    17.6617 0.0000e+00
     -0.561     -0.109     8.4696     90.499      2.897   2.462783     4.1450     10.427    32.7303 1.4071e+03     9.4387     -0.561     -0.813    17.7434 0.0000e+00
     -0.592     -0.102     8.5268     90.724      2.747   2.334897     4.1163     10.429    34.4718 1.4130e+03     9.4129     -0.582     -0.845    17.6818 0.0000e+00
     -0.611     -0.077     8.5895     90.894      2.681   2.278279     4.0511     10.430    36.0036 1.4130e+03     9.7636     -0.605     -0.878    17.5787 0.0000e+00
     -0.620     -0.046     8.6285     91.036      2.615   2.221630     3.9386     10.432    37.4851 1.3469e+03    10.4678     -0.610     -0.885    17.5184 0.0000e+00
     -0.621     -0.023     8.6573     91.137      2.539   2.156718     3.8542     10.433    38.8755 1.2494e+03    10.7886     -0.609     -0.884    17.4940 0.0000e+00
     -0.621     -0.009     8.6836     91.171      2.504   2.126875     3.8139     10.433    40.2525 1.1827e+03    10.9095     -0.610     -0.884    17.4863 0.0000e+00
     -0.621     -0.002     8.6963     91.156      2.490   2.114184     3.8006     10.431    41.9174 1.1242e+03    12.0668     -0.609     -0.883    17.4823 0.0000e+00
     -0.621 -1.417e-09     8.7125     91.119      2.434   2.066609     3.8179     10.428    43.8623 1.0442e+03    14.0203     -0.610     -0.884    17.4791 0.0000e+00
     -0.621 -1.559e-08     8.7247     91.100      2.350   1.995060     3.8481     10.424    45.7858 9.9059e+02    14.9561     -0.609     -0.883    17.4738 0.0000e+00
     -0.621 -1.715e-07     8.7271     91.140      2.293   1.945887     3.8666     10.420    47.2788 9.9135e+02    14.8417     -0.609     -0.884    17.4681 0.0000e+00
     -0.621 -1.715e-07     8.7272     91.250      2.257   1.915466     4.0170     10.418    48.4913 1.0027e+03    14.0713     -0.609     -0.883    17.4605 0.0000e+00
     -0.621 -1.559e-08     8.7233     91.417      2.217   1.880613     4.3261     10.419    49.9490 9.9648e+02    12.7470     -0.609     -0.883    17.4503 0.0000e+00
     -0.621 -1.416e-09     8.7221     91.609      2.171   1.841200     4.4919     10.422    51.4824 9.7930e+02    11.9134     -0.609     -0.883    17.4404 0.0000e+00
     -0.621 -1.218e-10     8.7270     91.804      2.145   1.818981     4.4730     10.426    52.4046 9.6336e+02    11.6431     -0.609     -0.883    17.4318 0.0000e+00
     -0.621 6.5753e-11     8.7394     91.994      2.125   1.801998     4.2978     10.429    53.0121 9.5934e+02    11.0841     -0.609     -0.883    17.4236 0.0000e+00
     -0.621 8.5102e-10     8.7586     92.141      2.079   1.762543     3.9874     10.426    54.0086 9.6655e+02    10.1081     -0.609     -0.884    17.4146 0.0000e+00
     -0.621 9.3729e-09     8.7795     92.237      2.032   1.722001     3.8003     10.421    55.0755 9.7355e+02     9.4754     -0.609     -0.883    17.4045 0.0000e+00
     -0.621 1.0310e-07     8.8002     92.357      1.997   1.691858     3.7587     10.421    56.2749 9.7340e+02     9.4123     -0.609     -0.884    17.3944 0.0000e+00
     -0.621      0.000     8.8201     92.419      1.949   1.651462     3.7590     10.421    58.1861 9.6379e+02     9.4816     -0.609     -0.883    17.3855 0.0000e+00
     -0.621      0.000     8.8406     92.383      1.905   1.613641     3.8122     10.418    60.3743 9.5495e+02     9.2196     -0.609     -0.883    17.3772 0.0000e+00
     -0.621      0.000     8.8413     92.329      1.906   1.614617     3.8860     10.412    62.5123 9.5835e+02     8.6696     -0.609     -0.883    17.3696 0.0000e+00
     -0.621      0.002     8.8611     92.228      2.262   1.916633     3.9190     10.402    64.5914 9.6702e+02     8.3997     -0.609     -0.883    17.3615 0.0000e+00
     -0.621      0.007     8.8736     92.160      3.142   2.668160     3.9355     10.395    65.7231 9.8037e+02     8.4501     -0.609     -0.884    17.3565 0.0000e+00
     -0.621      0.013     8.8581     92.096      3.412   2.909778     4.0445     10.397    66.4736 1.0030e+03     8.4937     -0.609     -0.884    17.3483 0.0000e+00
     -0.620      0.014     8.8667     91.970      2.607   2.240783     4.2046     10.401    68.1586 1.0482e+03     8.3455     -0.609     -0.883    17.3467 0.0000e+00
     -0.615      0.011     8.8467     91.928      2.002   1.737494     4.2645     10.402    70.0079 1.1402e+03     8.1616     -0.610     -0.884    17.3345 0.0000e+00
     -0.600      0.005     8.8407     91.988      1.881   1.638877     4.2361     10.400    71.6252 1.2546e+03     8.0131     -0.588     -0.852    17.3492 0.0000e+00
     -0.590      0.000     8.7925     92.041      1.783   1.555171     3.8119     10.394    73.2585 1.3512e+03     6.1392     -0.566     -0.821    17.6319 0.0000e+00
     -0.601     -0.006     8.6747     92.069      1.703   1.485516     3.0215     10.383    74.9571 1.4385e+03     2.5510     -0.590     -0.857    18.1393 0.0000e+00
     -0.616     -0.011     8.6120     92.107      1.640   1.430108     3.0442     10.359    76.9333 1.4956e+03     0.6324     -0.610     -0.886    18.4890 0.0000e+00
     -0.621     -0.014     8.6042     92.145      1.598   1.391975     8.2397     10.334    79.0843 1.4399e+03     0.8063     -0.609     -0.884    18.5955 0.0000e+00
     -0.621     -0.013     8.6059     92.150      1.613   1.404505    65.5821     10.317    81.0901 1.2379e+03     3.6292     -0.610     -0.884    18.6139 0.0000e+00
     -0.621     -0.006     8.6069     92.133      1.672   1.454924   170.6957     10.304    82.7727 9.8797e+02     8.7682     -0.609     -0.883    18.6080 0.0000e+00
     -0.621     -0.001     8.6150     92.135      1.719   1.494850   228.0091     10.301    84.2006 8.2776e+02    11.8053     -0.610     -0.884    18.5896 0.0000e+00
     -0.622 -7.843e-10     8.6236     92.132      1.734   1.507187   232.7829     10.292    85.2756 7.7429e+02    13.9791     -0.609     -0.883    18.5660 0.0000e+00
     -0.622 -8.627e-09     8.6301     92.112      1.702   1.477405   228.0579     10.262    86.1338 7.5226e+02    35.1886     -0.610     -0.884    18.5370 0.0000e+00
     -0.621 -9.490e-08     8.6297     92.104      1.673   1.451470   170.7704     10.241    86.9206 7.2354e+02   269.6137     -0.609     -0.884    18.5067 0.0000e+00
     -0.621 -9.490e-08     8.6383     92.100      1.742   1.510312    65.6956     10.249    87.7332 6.9720e+02   699.4574     -0.609     -0.884    18.4756 0.0000e+00
     -0.621 -8.625e-09     8.6442     92.111      1.868   1.618781     8.4082     10.260    89.0754 6.8960e+02   932.2334     -0.609     -0.884    18.4446 0.0000e+00
     -0.621 -7.845e-10     8.6445     92.132      1.947   1.686139     3.1681     10.255    90.8453 7.0124e+02   932.3523     -0.609     -0.884    18.4134 0.0000e+00
     -0.621 -7.130e-11     8.6525     92.134      1.955   1.691309     2.2055     10.239    92.4418 7.0666e+02   700.4171     -0.609     -0.884    18.3806 0.0000e+00
     -0.621 -6.480e-12     8.6558     92.127      1.945   1.681280     1.3470     10.229    93.8379 6.9645e+02   272.0091     -0.609     -0.884    18.3483 0.0000e+00
     -0.622 -5.890e-13     8.6623     92.139      1.958   1.691574     1.3770     10.225    94.9045 6.8037e+02    38.2171     -0.610     -0.884    18.3179 0.0000e+00
     -0.622 -5.355e-14     8.6716     92.144      1.956   1.689075     6.5882     10.228    95.1857 6.6761e+02    16.4788     -0.610     -0.885    18.2885 0.0000e+00
     -0.622 -4.870e-15     8.6765     92.129      1.914   1.651060    64.3472     10.243    95.0880 6.6496e+02    10.2318     -0.609     -0.884    18.2589 0.0000e+00
     -0.622 -4.427e-16     8.6789     92.121      1.869   1.611996   170.2701     10.264    95.1859 6.6619e+02     2.2075     -0.610     -0.884    18.2289 0.0000e+00
     -0.622 -4.024e-17     8.6871     92.115      1.853   1.596815   228.0363     10.283    95.2504 6.6575e+02    -2.1473     -0.609     -0.884    18.1991 0.0000e+00
     -0.622 -3.659e-18     8.6943     92.112      1.850   1.594194   233.2603     10.296    95.1796 6.6322e+02    -2.2837     -0.610     -0.885    18.1697 0.0000e+00
     -0.622 -3.326e-19     8.6947     92.131      1.835   1.580301   233.7405     10.298    95.2762 6.5769e+02     1.7883     -0.609     -0.884    18.1417 0.0000e+00
     -0.622 -3.024e-20     8.7006     92.152      1.808   1.555524   233.8170     10.297    95.2144 6.5166e+02     9.3744     -0.610     -0.884    18.1150 0.0000e+00
     -0.621 -2.749e-21     8.7045     92.162      1.801   1.547985   233.8444     10.303    94.7767 6.4534e+02    13.4691     -0.609     -0.883    18.0883 0.0000e+00
     -0.621 -2.499e-22     8.7073     92.170      1.806   1.552486   233.8389     10.318    94.5438 6.3681e+02    13.5161     -0.609     -0.884    18.0622 0.0000e+00
     -0.621 -2.272e-23     8.7153     92.176      1.801   1.546603   233.8086     10.332    94.5491 6.2736e+02     9.9779     -0.609     -0.884    18.0365 0.0000e+00
     -0.621 -2.065e-24     8.7223     92.184      1.794   1.540196   233.8036     10.332    95.3562 6.1866e+02     3.5157     -0.610     -0.884    18.0116 0.0000e+00
