Data/DataNotYetUploadedToEDI/Raw_CTD/RawDownloads/060221_fcr50.cnv
* Sea-Bird SBE19plus  Data File:
* FileName = C:\R\Reservoirs\Data\DataNotYetUploadedToEDI\Raw_CTD\RawDownloads\060221_fcr_50_0001.hex
* Software version 2.8.0.119
* Temperature SN = 7809
* Conductivity SN = 7809
* System UpLoad Time = Jun 02 2021 18:24:11
* <ApplicationData>
* <Seaterm232>
# nquan = 16
# nvalues = 1743                        
# units = specified
# name 0 = depFM: Depth [fresh water, m]
# name 1 = dz/dtM: Descent Rate [m/s]
# name 2 = orp: Oxidation Reduction Potential [mV]
# name 3 = sbeox0Mg/L: Oxygen, SBE 43 [mg/l]
# name 4 = sbeox0PS: Oxygen, SBE 43 [% saturation]
# name 5 = par/sat/log: PAR/Logarithmic, Satlantic
# name 6 = ph: pH
# name 7 = specc: Specific Conductance [uS/cm]
# name 8 = c0uS/cm: Conductivity [uS/cm]
# name 9 = flECO-AFL: Fluorescence, WET Labs ECO-AFL/FL [mg/m^3]
# name 10 = turbWETntu0: Turbidity, WET Labs ECO [NTU]
# name 11 = tv290C: Temperature [ITS-90, deg C]
# name 12 = density00: Density [density, kg/m^3]
# name 13 = prdE: Pressure, Strain Gauge [psi]
# name 14 = prdM: Pressure, Strain Gauge [db]
# name 15 = flag:  0.000e+00
# span 0 =     -0.616,      9.769       
# span 1 =     -0.213,      0.510       
# span 2 = -1240.7455,   356.7739       
# span 3 =     0.5767,    14.5778       
# span 4 =      4.986,    163.222       
# span 5 = 1.2345e-01, 9.6368e+02       
# span 6 =      5.770,     16.059       
# span 7 =      1.458,    137.001       
# span 8 =   1.503163,  91.033729       
# span 9 =    -1.0830,    15.0784       
# span 10 =    -0.3744,   275.2977      
# span 11 =     8.1974,    26.5758      
# span 12 =   996.6374,   999.9334      
# span 13 =     -0.877,     13.895      
# span 14 =     -0.605,      9.581      
# span 15 = 0.0000e+00, 0.0000e+00      
# interval = seconds: 0.25
# start_time = Jun 02 2021 01:04:39 [Instrument's time stamp, header]
# bad_flag = -9.990e-29
*END*
[from data line 452]
      1.591      0.045   149.2017    12.9021    141.242 4.4207e+00     15.767     35.558  31.279853     7.5362    13.8641    19.1681   998.3976      2.265      1.561 0.0000e+00
      1.605      0.045   149.1034    12.9175    141.796 4.2786e+00     15.769     35.553  31.221053     7.5383    13.6271    19.1648   998.3984      2.283      1.574 0.0000e+00
      1.617      0.044   148.9647    12.9603    142.315 4.1744e+00     15.771     35.549  31.172013     7.5478    13.1238    19.1400   998.4033      2.299      1.586 0.0000e+00
      1.627      0.043   149.1602    13.0177    142.675 4.0782e+00     15.773     35.544  31.130953     7.5462    12.7915    19.0658   998.4179      2.314      1.596 0.0000e+00
      1.637      0.041   150.0902    13.1130    142.544 3.9632e+00     15.774     35.552  31.105212     7.5376    12.6653    18.9771   998.4353      2.327      1.604 0.0000e+00
      1.648      0.039   151.0891    13.1805    142.215 3.8518e+00     15.775     35.524  31.051062     7.5197    12.1817    18.8979   998.4508      2.346      1.617 0.0000e+00
      1.658      0.039   151.7740    13.2388    141.982 3.7738e+00     15.777     35.479  30.983742     7.4920    11.3732    18.8338   998.4632      2.360      1.626 0.0000e+00
      1.666      0.040   152.4348    13.3226    142.011 3.7032e+00     15.779     35.449  30.925652     7.4705    10.9574    18.7866   998.4724      2.368      1.633 0.0000e+00
      1.676      0.041   153.0562    13.2912    142.698 3.6132e+00     15.780     35.412  30.856198     7.4603    10.8970    18.7407   998.4814      2.382      1.643 0.0000e+00
      1.687      0.042   153.2635    13.2647    144.128 3.5135e+00     15.781     35.369  30.778353     7.4825    10.9170    18.6998   998.4892      2.399      1.654 0.0000e+00
      1.698      0.045   153.3935    13.2596    146.107 3.4125e+00     15.782     35.306  30.682254     7.5381    11.0281    18.6628   998.4964      2.415      1.666 0.0000e+00
      1.710      0.048   154.0252    13.2437    148.192 3.3077e+00     15.784     35.240  30.582399     7.5897    11.1075    18.6177   998.5051      2.432      1.677 0.0000e+00
      1.722      0.051   154.6207    13.3300    149.799 3.1943e+00     15.786     35.215  30.522590     7.6103    11.1216    18.5650   998.5153      2.448      1.688 0.0000e+00
      1.736      0.053   154.8287    13.4817    150.722 3.0967e+00     15.788     35.182  30.466590     7.6442    11.0609    18.5067   998.5264      2.471      1.703 0.0000e+00
      1.750      0.055   154.9911    13.6984    151.135 3.0065e+00     15.788     35.143  30.412811     7.7322    10.9571    18.4461   998.5380      2.489      1.716 0.0000e+00
      1.764      0.056   155.0360    13.9381    151.311 2.8784e+00     15.788     35.121  30.379861     7.7975    10.8963    18.3860   998.5494      2.507      1.728 0.0000e+00
      1.781      0.056   154.8550    14.1110    151.478 2.7495e+00     15.788     35.065  30.321935     7.8038    10.8758    18.3258   998.5607      2.534      1.747 0.0000e+00
      1.796      0.057   154.8678    14.1987    151.642 2.6562e+00     15.789     34.976  30.219950     7.8088    10.8126    18.2906   998.5674      2.556      1.762 0.0000e+00
      1.808      0.058   155.2758    14.2375    151.640 2.5685e+00     15.791     34.895  30.098350     7.9916    10.3724    18.2642   998.5724      2.570      1.772 0.0000e+00
      1.821      0.060   155.7456    14.2503    151.303 2.4630e+00     15.794     34.848  29.993539     8.3439     9.6390    18.2391   998.5772      2.589      1.785 0.0000e+00
      1.837      0.064   156.1599    14.2665    150.566 2.3516e+00     15.798     34.815  29.904205     8.5498     9.2578    18.2421   998.5767      2.612      1.801 0.0000e+00
      1.854      0.070   156.4997    14.2977    149.535 2.2586e+00     15.800     34.734  29.779417     8.6021     9.1273    18.2132   998.5821      2.637      1.818 0.0000e+00
      1.871      0.077   156.6705    14.3271    148.351 2.1738e+00     15.802     34.622  29.626578     8.8813     8.2674    18.1289   998.5979      2.660      1.834 0.0000e+00
      1.891      0.085   156.9335    14.3299    147.119 2.0673e+00     15.805     34.567  29.515266     9.3978     6.7579    18.0284   998.6166      2.687      1.853 0.0000e+00
      1.914      0.091   157.3573    14.2797    145.851 1.9389e+00     15.809     34.572  29.448483     9.6876     5.9479    17.9363   998.6338      2.720      1.876 0.0000e+00
      1.939      0.095   157.7508    14.1992    144.506 1.8112e+00     15.812     34.592  29.389963     9.7255     5.8204    17.8657   998.6469      2.755      1.900 0.0000e+00
      1.966      0.095   158.3362    14.1049    143.135 1.7063e+00     15.815     34.594  29.315124     9.8370     5.3539    17.7875   998.6612      2.795      1.928 0.0000e+00
      1.995      0.090   158.9285    14.0149    141.795 1.6248e+00     15.818     34.593  29.241333    10.0434     4.5997    17.6911   998.6788      2.839      1.958 0.0000e+00
      2.021      0.079   158.9751    13.9279    140.375 1.5619e+00     15.820     34.688  29.258923    10.1619     4.2544    17.5881   998.6975      2.877      1.984 0.0000e+00
      2.041      0.065   158.8126    13.8277    138.732 1.5141e+00     15.822     34.824  29.337408    10.1917     4.2341    17.4785   998.7173      2.906      2.003 0.0000e+00
      2.055      0.050   158.9427    13.7246    136.911 1.4762e+00     15.823     34.865  29.365557    10.3462     4.1151    17.3646   998.7378      2.926      2.018 0.0000e+00
      2.063      0.038   159.2580    13.6312    135.025 1.4546e+00     15.824     34.836  29.345508    10.6087     3.9475    17.2569   998.7569      2.936      2.025 0.0000e+00
      2.066      0.031   159.5282    13.5322    133.201 1.4551e+00     15.824     34.771  29.285313    10.7525     3.8901    17.1572   998.7744      2.939      2.027 0.0000e+00
      2.069      0.026   159.7997    13.3854    131.535 1.4579e+00     15.824     34.709  29.208686    10.7874     3.9358    17.0965   998.7851      2.941      2.028 0.0000e+00
      2.074      0.023   160.0467    13.2035    129.910 1.4369e+00     15.825     34.725  29.180242    10.8403     3.8475    17.1066   998.7833      2.948      2.032 0.0000e+00
      2.083      0.023   160.0189    13.0142    128.263 1.4071e+00     15.826     34.792  29.195087    10.8968     3.6122    17.1230   998.7805      2.963      2.043 0.0000e+00
      2.092      0.024   159.9803    12.8319    126.850 1.3924e+00     15.827     34.812  29.197822    10.9072     3.4947    17.1165   998.7818      2.979      2.054 0.0000e+00
      2.099      0.025   160.1813    12.6877    125.946 1.3788e+00     15.826     34.727  29.149854    10.9097     3.4907    17.0851   998.7872      2.987      2.059 0.0000e+00
      2.102      0.028   160.4715    12.5568    125.559 1.3593e+00     15.825     34.587  29.059201    10.9167     3.4612    17.0127   998.7998      2.990      2.061 0.0000e+00
      2.106      0.031   160.7350    12.4025    125.414 1.3528e+00     15.826     34.523  28.989902    10.8684     3.4117    16.9376   998.8129      2.993      2.063 0.0000e+00
      2.112      0.036   160.9584    12.2626    125.119 1.3513e+00     15.829     34.540  28.946315    10.7924     3.4075    16.9075   998.8181      3.001      2.069 0.0000e+00
      2.124      0.042   161.5378    12.1616    124.440 1.3233e+00     15.832     34.574  28.912742    10.7608     3.4450    16.9607   998.8089      3.019      2.081 0.0000e+00
      2.139      0.048   162.4922    12.1153    123.434 1.2739e+00     15.834     34.619  28.901077    10.7632     3.4534    17.0345   998.7962      3.043      2.098 0.0000e+00
      2.154      0.054   163.1201    12.1243    122.335 1.2408e+00     15.835     34.634  28.868656    10.6783     3.3367    17.0107   998.8004      3.066      2.115 0.0000e+00
      2.166      0.056   163.2784    12.1329    121.309 1.2258e+00     15.836     34.659  28.837863    10.4880     3.0989    16.8956   998.8203      3.079      2.123 0.0000e+00
      2.179      0.054   163.3744    12.0898    120.344 1.2077e+00     15.839     34.738  28.845886    10.3690     2.9467    16.7975   998.8372      3.095      2.134 0.0000e+00
      2.196      0.052   163.9356    11.9955    119.278 1.1866e+00     15.841     34.795  28.838710    10.3558     2.9382    16.7383   998.8475      3.125      2.155 0.0000e+00
      2.212      0.051   165.2466    11.8989    117.964 1.1693e+00     15.843     34.744  28.751034    10.2900     2.9969    16.6754   998.8582      3.151      2.171 0.0000e+00
      2.222      0.049   166.6631    11.8173    116.509 1.1476e+00     15.846     34.628  28.610422    10.1462     3.0394    16.6044   998.8704      3.162      2.180 0.0000e+00
      2.232      0.046   167.7269    11.7520    115.188 1.1227e+00     15.848     34.591  28.534116    10.0568     3.0044    16.5121   998.8860      3.172      2.187 0.0000e+00
      2.244      0.042   168.2999    11.6773    114.185 1.1057e+00     15.850     34.631  28.526163    10.0295     2.9514    16.4296   998.8999      3.191      2.200 0.0000e+00
      2.256      0.039   168.2565    11.5574    113.523 1.0874e+00     15.851     34.651  28.514222     9.9114     2.9144    16.3726   998.9095      3.212      2.215 0.0000e+00
      2.266      0.038   168.2346    11.4179    113.148 1.0687e+00     15.852     34.658  28.516564     9.6966     2.8654    16.3078   998.9202      3.223      2.222 0.0000e+00
      2.274      0.037   168.3797    11.2988    112.964 1.0522e+00     15.850     34.667  28.554479     9.5689     2.8053    16.2372   998.9320      3.233      2.229 0.0000e+00
      2.282      0.035   168.8072    11.2152    112.821 1.0324e+00     15.848     34.657  28.592072     9.5399     2.7708    16.1772   998.9419      3.248      2.239 0.0000e+00
      2.291      0.035   169.7894    11.1633    112.602 1.0155e+00     15.847     34.622  28.590544     9.3943     2.7921    16.1296   998.9497      3.258      2.246 0.0000e+00
      2.300      0.036   170.5327    11.1325    112.257 1.0076e+00     15.847     34.555  28.536034     9.1239     2.8573    16.1143   998.9522      3.270      2.256 0.0000e+00
      2.309      0.037   170.7388    11.1077    111.787 1.0016e+00     15.847     34.457  28.440484     8.9694     2.8722    16.1699   998.9432      3.285      2.266 0.0000e+00
      2.318      0.038   170.7329    11.0769    111.301 9.8890e-01     15.848     34.362  28.323342     8.9481     2.8354    16.2609   998.9282      3.296      2.273 0.0000e+00
      2.328      0.040   170.6331    11.0462    110.920 9.8126e-01     15.852     34.299  28.198036     8.9329     2.8240    16.3026   998.9213      3.310      2.283 0.0000e+00
      2.338      0.042   170.9949    11.0173    110.640 9.7702e-01     15.856     34.236  28.067147     8.7850     2.8367    16.2889   998.9236      3.327      2.294 0.0000e+00
      2.348      0.043   171.9243    10.9687    110.390 9.6264e-01     15.858     34.176  27.945936     8.5144     2.8517    16.2773   998.9256      3.340      2.303 0.0000e+00
      2.360      0.044   172.6642    10.9244    110.100 9.4763e-01     15.861     34.187  27.874215     8.3602     2.8351    16.2371   998.9323      3.355      2.314 0.0000e+00
      2.373      0.044   172.8862    10.9198    109.723 9.4545e-01     15.864     34.239  27.834210     8.3036     2.8076    16.1013   998.9546      3.376      2.328 0.0000e+00
      2.385      0.044   172.5431    10.9246    109.254 9.4712e-01     15.868     34.253  27.779310     7.9822     2.7930    15.9741   998.9754      3.392      2.339 0.0000e+00
      2.395      0.044   171.8712    10.9205    108.722 9.3607e-01     15.871     34.237  27.717801     7.4207     2.7620    15.8963   998.9879      3.406      2.348 0.0000e+00
      2.406      0.044   172.0765    10.9232    108.058 9.2082e-01     15.873     34.214  27.661351     7.1134     2.6720    15.7658   999.0088      3.423      2.359 0.0000e+00
      2.416      0.045   173.3897    10.9191    107.165 8.9996e-01     15.874     34.186  27.604205     7.0322     2.5633    15.6300   999.0305      3.437      2.369 0.0000e+00
      2.427      0.047   174.9287    10.8902    106.121 8.7524e-01     15.877     34.145  27.534270     6.5144     2.4774    15.5374   999.0452      3.452      2.380 0.0000e+00
      2.438      0.052   176.5744    10.8556    105.078 8.6150e-01     15.879     34.090  27.450059     5.5934     2.3896    15.4697   999.0557      3.467      2.391 0.0000e+00
      2.451      0.061   177.8878    10.8086    104.160 8.5532e-01     15.882     34.015  27.347162     5.1092     2.3601    15.4192   999.0637      3.483      2.403 0.0000e+00
      2.466      0.071   179.0205    10.7248    103.482 8.4982e-01     15.884     33.942  27.241580     5.0470     2.3613    15.3703   999.0714      3.507      2.418 0.0000e+00
      2.483      0.079   180.6333    10.6256    103.005 8.3559e-01     15.885     33.946  27.188333     4.7839     2.3010    15.3191   999.0793      3.528      2.432 0.0000e+00
      2.507      0.086   181.7290    10.5334    102.618 8.1975e-01     15.887     33.973  27.147314     4.3411     2.1802    15.2577   999.0889      3.559      2.454 0.0000e+00
      2.537      0.093   181.7720    10.4476    102.327 8.1046e-01     15.890     33.944  27.062704     4.1183     2.1032    15.1947   999.0987      3.613      2.490 0.0000e+00
      2.562      0.097   181.8409    10.3957    102.096 8.0179e-01     15.892     33.936  26.989857     4.1204     2.1247    15.1326   999.1082      3.650      2.516 0.0000e+00
      2.581      0.095   182.3896    10.3752    101.838 7.8790e-01     15.895     33.994  26.964197     4.3006     2.0963    15.0480   999.1211      3.665      2.526 0.0000e+00
      2.607      0.089   183.2450    10.3535    101.478 7.6523e-01     15.898     34.041  26.942649     4.6373     2.0005    14.9475   999.1365      3.702      2.552 0.0000e+00
      2.639      0.083   184.1814    10.3451    100.826 7.4982e-01     15.900     33.981  26.856117     4.8253     1.9623    14.8632   999.1492      3.762      2.594 0.0000e+00
      2.659      0.078   184.7637    10.3490     99.781 7.5239e-01     15.902     33.886  26.742500     4.8469     1.9428    14.7687   999.1633      3.790      2.613 0.0000e+00
      2.670      0.071   184.6925    10.3471     98.405 7.5050e-01     15.905     33.909  26.710622     4.8419     1.9029    14.6472   999.1812      3.792      2.615 0.0000e+00
      2.685      0.061   184.2676    10.3428     96.756 7.3329e-01     15.908     33.990  26.724344     4.7364     1.8919    14.5558   999.1947      3.816      2.631 0.0000e+00
      2.705      0.051   184.1856    10.2908     94.982 7.2094e-01     15.909     34.027  26.718055     4.5531     1.9118    14.5135   999.2009      3.854      2.657 0.0000e+00
      2.718      0.045   184.4754    10.1868     93.219 7.2173e-01     15.909     34.026  26.697985     4.4665     1.9373    14.4669   999.2077      3.870      2.668 0.0000e+00
      2.725      0.040   185.1040    10.0683     91.549 7.1861e-01     15.910     34.006  26.671938     4.4623     1.9259    14.3840   999.2196      3.875      2.672 0.0000e+00
      2.732      0.035   186.0215     9.9089     90.051 7.0520e-01     15.910     33.990  26.656832     4.4641     1.8769    14.2978   999.2320      3.885      2.679 0.0000e+00
      2.741      0.030   186.7936     9.7332     88.731 6.9548e-01     15.910     33.973  26.642198     4.4681     1.8594    14.2483   999.2391      3.900      2.689 0.0000e+00
      2.749      0.028   186.7817     9.5573     87.584 6.9047e-01     15.910     33.958  26.621867     4.4634     1.8865    14.2240   999.2426      3.912      2.697 0.0000e+00
      2.755      0.027   186.2215     9.3827     86.621 6.7901e-01     15.910     33.948  26.601287     4.4746     1.8956    14.2080   999.2448      3.917      2.701 0.0000e+00
      2.762      0.024   186.1295     9.2321     85.832 6.7514e-01     15.911     33.938  26.583644     4.5751     1.8668    14.2083   999.2448      3.928      2.708 0.0000e+00
