Data/DataNotYetUploadedToEDI/Raw_CTD/RawDownloads/060225_bvr50_S8188001.cnv
* Sea-Bird SBE19plus  Data File:
* FileName = C:\R\Reservoirs\Data\DataNotYetUploadedToEDI\Raw_CTD\RawDownloads\060225_bvr50_S8188_0001.hex
* Software version 2.8.0.119
* Temperature SN = 8188
* Conductivity SN = 8188
* System UpLoad Time = Jun 03 2025 12:02:20
* <ApplicationData>
* <Seaterm232>
# nquan = 16
# nvalues = 1602                        
# units = specified
# name 0 = depFM: Depth [fresh water, m]
# name 1 = dz/dtM: Descent Rate [m/s]
# name 2 = sbeox0Mg/L: Oxygen, SBE 43 [mg/l]
# name 3 = sbeox0PS: Oxygen, SBE 43 [% saturation]
# name 4 = specc: Specific Conductance [uS/cm]
# name 5 = c0uS/cm: Conductivity [uS/cm]
# name 6 = wetCDOM: Fluorescence, WET Labs CDOM [mg/m^3]
# name 7 = flECO-AFL: Fluorescence, WET Labs ECO-AFL/FL [mg/m^3]
# name 8 = flECO-AFL1: Fluorescence, WET Labs ECO-AFL/FL, 2 [mg/m^3]
# name 9 = flECO-AFL2: Fluorescence, WET Labs ECO-AFL/FL, 3 [mg/m^3]
# name 10 = par/sat/log: PAR/Logarithmic, Satlantic
# name 11 = turbWETntu0: Turbidity, WET Labs ECO [NTU]
# name 12 = prdM: Pressure, Strain Gauge [db]
# name 13 = prdE: Pressure, Strain Gauge [psi]
# name 14 = tv290C: Temperature [ITS-90, deg C]
# name 15 = flag:  0.000e+00
# span 0 =     -0.719,      6.304       
# span 1 =     -0.254,      0.151       
# span 2 =    -0.5378,    13.6616       
# span 3 =     -5.335,    144.155       
# span 4 =      1.277,    131.389       
# span 5 =   1.115462,  96.168975       
# span 6 =    -4.5000,    57.2400       
# span 7 =    -3.0770,    44.6456       
# span 8 =    -2.2578,     2.3430       
# span 9 =    -2.0304,     8.3754       
# span 10 = 1.1590e-01, 1.7402e+03      
# span 11 =    -1.0800,   169.2451      
# span 12 =     -0.705,      6.182      
# span 13 =     -1.023,      8.966      
# span 14 =    11.5905,    18.6701      
# span 15 = 0.0000e+00, 0.0000e+00      
# interval = seconds: 0.25
# start_time = Jun 02 2025 09:46:44 [Instrument's time stamp, header]
# bad_flag = -9.990e-29
*END*
[from data line 995]
      3.227      0.052     3.0628     26.937     31.386  25.378239    26.1900     7.0169     0.2130     1.6920 3.5736e-01    11.6850      3.165      4.590    15.5665 0.0000e+00
      3.241      0.051     2.9712     26.071     31.627  25.556506    26.1900     7.0436     0.2130     1.6920 3.7340e-01    11.6548      3.178      4.609    15.5276 0.0000e+00
      3.254      0.048     2.8769     25.294     31.883  25.748949    26.4600     7.0131     0.2556     1.4805 3.3329e-01    11.6246      3.191      4.627    15.4908 0.0000e+00
      3.265      0.045     2.7823     24.573     32.126  25.933212    26.4600     7.0207     0.2556     1.4805 3.7511e-01    11.7001      3.202      4.644    15.4574 0.0000e+00
      3.276      0.042     2.6907     23.812     32.325  26.082768    26.4600     6.1509     0.2556     1.4805 3.2001e-01    11.8814      3.213      4.660    15.4272 0.0000e+00
      3.287      0.040     2.6058     22.893     32.478  26.195684    26.4600     6.1662     0.2556     1.4805 3.3083e-01    12.0173      3.223      4.675    15.4003 0.0000e+00
      3.296      0.038     2.5294     21.712     32.607  26.290122    26.4600     6.1586     0.2130     1.4805 3.4150e-01    11.8965      3.232      4.688    15.3777 0.0000e+00
      3.305      0.036     2.4583     20.198     32.731  26.381309    26.4600     6.1586     0.2130     1.4805 3.2726e-01    11.8663      3.241      4.701    15.3584 0.0000e+00
      3.314      0.035     2.3831     18.319     32.842  26.461703    26.4600     5.4872     0.2130     1.4805 3.4179e-01    12.3346      3.250      4.713    15.3413 0.0000e+00
      3.323      0.035     2.2919     16.102     32.947  26.538802    26.4600     5.4643     0.2130     1.4805 3.2464e-01    12.3799      3.258      4.726    15.3255 0.0000e+00
      3.331      0.035     2.1743     13.650     33.064  26.625202    26.4600     5.4605     0.2130     1.4805 3.0921e-01    12.4101      3.267      4.738    15.3107 0.0000e+00
      3.340      0.035     2.0232     11.122     33.188  26.716065    26.3700     5.4643     0.2130     1.3536 3.2506e-01    12.3799      3.275      4.751    15.2968 0.0000e+00
      3.349      0.036     1.8354      8.687     33.342  26.831637    26.3700     5.1248     0.2130     1.3536 3.3488e-01    13.2258      3.284      4.763    15.2838 0.0000e+00
      3.358      0.036     1.6137      6.470     33.555  26.992783    26.3700     5.1171     0.2130     1.3536 2.9280e-01    12.9992      3.293      4.776    15.2716 0.0000e+00
      3.368      0.037     1.3682      4.540     33.823  27.198666    26.3700     5.1476     0.2130     1.3536 3.1911e-01    13.0446      3.302      4.790    15.2596 0.0000e+00
      3.377      0.038     1.1150      2.910     34.128  27.432501    26.3700     5.1095     0.2556     1.4382 2.7444e-01    13.1352      3.312      4.803    15.2472 0.0000e+00
      3.387      0.038     0.8710      1.544     34.426  27.661061    26.3700     5.0637     0.2556     1.4382 2.5012e-01    14.1020      3.321      4.817    15.2340 0.0000e+00
      3.397      0.039     0.6488      0.374     34.695  27.865642    26.3700     5.0370     0.2556     1.4382 2.3618e-01    14.0869      3.331      4.831    15.2197 0.0000e+00
      3.407      0.039     0.4553     -0.688     34.967  28.070929    26.3700     5.0790     0.2556     1.4382 2.8957e-01    14.1020      3.341      4.845    15.2046 0.0000e+00
      3.417      0.039     0.2918     -1.709     35.293  28.319715    26.5500     5.0256     0.2556     1.3113 2.3974e-01    14.0416      3.350      4.860    15.1889 0.0000e+00
      3.427      0.039     0.1547     -2.706     35.703  28.636524    26.5500     4.3732     0.2556     1.3113 2.5001e-01    14.4646      3.360      4.874    15.1723 0.0000e+00
      3.437      0.039     0.0372     -3.636     36.212  29.032157    26.5500     4.4190     0.2556     1.3113 2.2662e-01    14.4343      3.370      4.888    15.1551 0.0000e+00
      3.447      0.039    -0.0695     -4.423     36.795  29.486654    26.5500     4.4114     0.2556     1.3113 2.0794e-01    14.6156      3.380      4.902    15.1373 0.0000e+00
      3.456      0.039    -0.1722     -4.994     37.445  29.993758    26.5500     4.3923     0.2556     1.3959 2.3648e-01    14.4948      3.389      4.916    15.1194 0.0000e+00
      3.466      0.040    -0.2726     -5.302     38.222  30.601071    26.5500     3.9689     0.2556     1.3959 2.2950e-01    14.6609      3.399      4.930    15.1019 0.0000e+00
      3.476      0.041    -0.3662     -5.335     39.093  31.281339    26.5500     3.9651     0.2556     1.3959 2.2920e-01    14.8422      3.409      4.944    15.0849 0.0000e+00
      3.486      0.042    -0.4455     -5.111     39.903  31.911241    26.5500     3.9574     0.2556     1.3959 2.1422e-01    14.7818      3.419      4.959    15.0679 0.0000e+00
      3.497      0.042    -0.5031     -4.677     40.576  32.429701    26.5500     3.9307     0.2556     1.3959 2.3236e-01    14.7063      3.430      4.975    15.0501 0.0000e+00
      3.509      0.043    -0.5343     -4.103     41.134  32.857457    26.4600     3.5798     0.2556     1.3536 2.0219e-01    14.1020      3.441      4.991    15.0306 0.0000e+00
      3.520      0.043    -0.5378     -3.469     41.582  33.199024    26.4600     3.6217     0.2556     1.3536 2.0444e-01    14.0265      3.452      5.007    15.0088 0.0000e+00
      3.531      0.044    -0.5155     -2.835     41.925  33.459833    26.4600     3.6065     0.2556     1.3536 2.1983e-01    14.0718      3.463      5.022    14.9851 0.0000e+00
      3.542      0.044    -0.4718     -2.240     42.276  33.729354    26.4600     3.5912     0.2556     1.3536 1.7052e-01    14.0567      3.473      5.038    14.9610 0.0000e+00
      3.553      0.044    -0.4141     -1.699     42.759  34.103360    26.5500     3.5378     0.2556     1.4382 2.0237e-01    13.7546      3.484      5.053    14.9383 0.0000e+00
      3.564      0.045    -0.3502     -1.216     43.370  34.574022    26.5500     3.5378     0.2556     1.4382 2.0223e-01    13.8452      3.495      5.069    14.9186 0.0000e+00
      3.575      0.045    -0.2863     -0.784     44.029  35.077611    26.5500     3.5226     0.2556     1.4382 1.6725e-01    13.7546      3.506      5.085    14.9028 0.0000e+00
      3.587      0.046    -0.2262     -0.403     44.649  35.547219    26.5500     3.5378     0.2556     1.4382 1.7926e-01    13.9056      3.518      5.102    14.8904 0.0000e+00
      3.599      0.046    -0.1716     -0.075     45.179  35.946714    26.5500     2.8092     0.2556     1.5228 1.7037e-01    13.3467      3.530      5.119    14.8771 0.0000e+00
      3.612      0.046    -0.1228      0.198     45.711  36.348760    26.5500     2.7901     0.2556     1.5228 1.4384e-01    13.3467      3.542      5.137    14.8582 0.0000e+00
      3.624      0.045    -0.0791      0.416     46.403  36.878498    26.5500     2.7978     0.2556     1.5228 1.7052e-01    13.3014      3.553      5.154    14.8337 0.0000e+00
      3.635      0.044    -0.0407      0.587     47.312  37.579573    26.5500     2.7863     0.2556     1.5228 1.6473e-01    13.3769      3.565      5.170    14.8069 0.0000e+00
      3.646      0.042    -0.0075      0.715     48.431  38.445694    26.8200     2.2942     0.2556     1.7343 1.5972e-01    12.1231      3.576      5.186    14.7816 0.0000e+00
      3.657      0.041     0.0201      0.810     49.809  39.514571    26.8200     2.3514     0.2556     1.7343 1.2648e-01    12.1684      3.586      5.201    14.7589 0.0000e+00
      3.666      0.040     0.0423      0.885     51.469  40.800269    26.8200     2.3095     0.2556     1.7343 1.4700e-01    12.1080      3.596      5.215    14.7376 0.0000e+00
      3.676      0.039     0.0596      0.947     53.253  42.177391    26.8200     2.3171     0.2556     1.7343 1.1612e-01    12.1533      3.605      5.229    14.7160 0.0000e+00
      3.686      0.039     0.0726      1.002     54.935  43.467170    26.8200     2.0577     0.2556     1.7343 1.4729e-01    12.1382      3.615      5.242    14.6934 0.0000e+00
      3.695      0.039     0.0823      1.053     56.351  44.543228    27.0000     2.0615     0.2982     2.2419 1.4668e-01    12.1382      3.624      5.256    14.6688 0.0000e+00
      3.705      0.040     0.0899      1.100     57.450  45.371638    27.0000     2.0424     0.2982     2.2419 1.1597e-01    12.1382      3.634      5.271    14.6399 0.0000e+00
      3.716      0.040     0.0963      1.136     58.447  46.121489    27.0000     2.0539     0.2982     2.2419 1.4883e-01    12.1533      3.644      5.285    14.6053 0.0000e+00
      3.726      0.041     0.1020      1.157     59.669  47.046552    27.0000     1.9280     0.2982     2.2419 1.4412e-01    12.5309      3.654      5.300    14.5664 0.0000e+00
      3.737      0.041     0.1073      1.164     61.194  48.200174    27.1800     1.9127     0.2982     2.4534 1.4235e-01    12.6216      3.665      5.315    14.5272 0.0000e+00
      3.747      0.041     0.1121      1.163     62.954  49.523232    27.1800     1.9280     0.2982     2.4534 1.4748e-01    12.6367      3.675      5.330    14.4915 0.0000e+00
      3.758      0.042     0.1159      1.161     64.961  51.025681    27.1800     1.9432     0.2982     2.4534 1.1945e-01    12.6065      3.685      5.345    14.4601 0.0000e+00
      3.768      0.042     0.1182      1.160     67.191  52.687537    27.1800     1.8860     0.2982     2.4534 1.1615e-01    13.8301      3.696      5.360    14.4286 0.0000e+00
      3.779      0.043     0.1190      1.161     69.414  54.331905    27.4500     1.8937     0.2982     3.0033 1.1699e-01    13.8301      3.706      5.376    14.3903 0.0000e+00
      3.790      0.043     0.1190      1.164     71.391  55.775187    27.4500     1.8746     0.2982     3.0033 1.4017e-01    13.8301      3.717      5.391    14.3421 0.0000e+00
      3.801      0.043     0.1189      1.167     73.126  57.027374    27.4500     1.8784     0.2982     3.0033 1.2819e-01    13.7395      3.728      5.407    14.2848 0.0000e+00
      3.813      0.043     0.1189      1.165     74.733  58.181077    27.4500     1.5885     0.2982     3.0033 1.1655e-01    13.7092      3.739      5.423    14.2193 0.0000e+00
      3.824      0.043     0.1192      1.159     76.232  59.254769    27.4500     1.5618     0.2982     3.0033 1.1630e-01    13.8905      3.750      5.439    14.1476 0.0000e+00
      3.835      0.043     0.1198      1.149     77.629  60.251557    27.9000     1.5656     0.2982     4.6107 1.1617e-01    13.8301      3.761      5.455    14.0735 0.0000e+00
      3.846      0.042     0.1202      1.138     78.971  61.205887    27.9000     1.5618     0.2982     4.6107 1.1615e-01    13.8603      3.771      5.470    14.0013 0.0000e+00
      3.856      0.042     0.1202      1.130     80.181  62.055094    27.9000     1.4550     0.2982     4.6107 1.1623e-01    13.9358      3.782      5.485    13.9336 0.0000e+00
      3.867      0.041     0.1198      1.121     81.112  62.682539    27.9000     1.4473     0.2982     4.6107 1.1590e-01    13.8150      3.792      5.500    13.8710 0.0000e+00
      3.877      0.041     0.1189      1.113     81.761  63.093960    29.9700     1.4206     0.2982     5.6682 1.1610e-01    13.8150      3.802      5.515    13.8123 0.0000e+00
      3.888      0.040     0.1179      1.109     82.273  63.407044    29.9700     1.4397     0.2982     5.6682 1.1612e-01    13.8603      3.812      5.530    13.7561 0.0000e+00
      3.898      0.040     0.1172      1.112     82.796  63.737197    29.9700     1.1994     0.2982     5.6682 1.1623e-01    13.5129      3.822      5.544    13.6995 0.0000e+00
      3.908      0.039     0.1165      1.122     83.361  64.102634    29.9700     1.1841     0.2982     5.6682 1.1607e-01    13.4222      3.832      5.558    13.6413 0.0000e+00
      3.917      0.040     0.1157      1.133     83.897  64.443208    33.0300     1.1727     0.2982     7.9947 1.1600e-01    13.4222      3.842      5.572    13.5849 0.0000e+00
      3.927      0.040     0.1155      1.138     84.368  64.730038    33.0300     1.2375     0.2982     7.9947 1.1620e-01    13.5280      3.851      5.586    13.5344 0.0000e+00
      3.937      0.041     0.1159      1.141     84.792  64.979762    33.0300     1.1994     0.2982     7.9947 1.1597e-01    14.1020      3.861      5.600    13.4900 0.0000e+00
      3.948      0.042     0.1170      1.146     85.192  65.215078    33.0300     1.1841     0.2982     7.9947 1.1607e-01    14.0265      3.872      5.615    13.4481 0.0000e+00
      3.959      0.043     0.1182      1.145     85.592  65.456840    32.4900     1.2146     0.2982     8.0793 1.1625e-01    14.0567      3.883      5.631    13.4050 0.0000e+00
      3.970      0.043     0.1188      1.129     86.002  65.711658    32.4900     1.1994     0.2982     8.0793 1.1605e-01    14.0567      3.894      5.647    13.3604 0.0000e+00
      3.981      0.044     0.1193      1.100     86.412  65.971671    32.4900     1.2299     0.2982     8.0793 1.1592e-01    13.9963      3.904      5.663    13.3158 0.0000e+00
      3.992      0.044     0.1200      1.071     86.816  66.230400    32.4900     1.2680     0.2982     8.0793 1.1623e-01    13.9509      3.915      5.679    13.2737 0.0000e+00
      4.004      0.045     0.1200      1.050     87.205  66.479027    32.4900     1.2795     0.2982     8.0793 1.1617e-01    14.0718      3.926      5.694    13.2358 0.0000e+00
      4.015      0.045     0.1184      1.036     87.544  66.690080    33.5700     1.2528     0.2556     8.3754 1.1602e-01    14.1926      3.937      5.710    13.2019 0.0000e+00
      4.026      0.046     0.1154      1.028     87.820  66.853997    33.5700     1.1879     0.2556     8.3754 1.1628e-01    13.5733      3.949      5.727    13.1710 0.0000e+00
      4.038      0.047     0.1125      1.026     88.041  66.976580    33.5700     1.2108     0.2556     8.3754 1.1602e-01    13.6186      3.960      5.744    13.1421 0.0000e+00
      4.051      0.048     0.1103      1.028     88.203  67.056596    33.5700     1.2146     0.2556     8.3754 1.1623e-01    13.5129      3.972      5.761    13.1143 0.0000e+00
      4.064      0.049     0.1090      1.032     88.328  67.113386    36.4500     1.1803     0.2556     6.2181 1.1592e-01    13.5280      3.985      5.779    13.0872 0.0000e+00
      4.076      0.049     0.1082      1.037     88.446  67.170073    36.4500     1.1994     0.2556     6.2181 1.1602e-01    13.5582      3.998      5.798    13.0605 0.0000e+00
      4.089      0.049     0.1080      1.039     88.544  67.217830    36.4500     1.1917     0.2556     6.2181 1.1610e-01    13.5431      4.010      5.816    13.0345 0.0000e+00
      4.102      0.048     0.1082      1.038     88.603  67.243453    36.4500     1.1994     0.2556     6.2181 1.1623e-01    13.6186      4.023      5.834    13.0101 0.0000e+00
      4.114      0.048     0.1087      1.037     88.627  67.249784    38.9700     1.2299     0.2556     5.4567 1.1628e-01    13.5431      4.035      5.851    12.9882 0.0000e+00
      4.126      0.047     0.1093      1.036     88.636  67.248488    38.9700     1.0849     0.2556     5.4567 1.1610e-01    14.3588      4.046      5.868    12.9695 0.0000e+00
      4.138      0.046     0.1096      1.034     88.666  67.263161    38.9700     1.0430     0.2556     5.4567 1.1607e-01    14.2531      4.058      5.885    12.9544 0.0000e+00
      4.149      0.046     0.1095      1.027     88.739  67.311684    38.9700     1.0620     0.2556     5.4567 1.1612e-01    14.2682      4.069      5.902    12.9436 0.0000e+00
      4.160      0.045     0.1094      1.014     88.888  67.418965    38.0700     1.0849     0.2982     5.7105 1.1612e-01    14.3135      4.080      5.918    12.9368 0.0000e+00
      4.172      0.045     0.1093      1.001     89.130  67.591667    38.0700     1.1498     0.2982     5.7105 1.1617e-01    14.9178      4.091      5.934    12.9320 0.0000e+00
