Data/DataNotYetUploadedToEDI/Raw_CTD/RawDownloads/060225_fcr50_S7809001.cnv
* Sea-Bird SBE19plus  Data File:
* FileName = C:\R\Reservoirs\Data\DataNotYetUploadedToEDI\Raw_CTD\RawDownloads\060225_fcr50_S7809_0001.hex
* Software version 2.8.0.119
* Temperature SN = 7809
* Conductivity SN = 7809
* System UpLoad Time = Jun 02 2025 17:16:03
* <ApplicationData>
* <Seaterm232>
# nquan = 15
# nvalues = 5014                        
# units = specified
# name 0 = depFM: Depth [fresh water, m]
# name 1 = dz/dtM: Descent Rate [m/s]
# name 2 = sbeox0Mg/L: Oxygen, SBE 43 [mg/l]
# name 3 = sbeox0PS: Oxygen, SBE 43 [% saturation]
# name 4 = specc: Specific Conductance [uS/cm]
# name 5 = c0uS/cm: Conductivity [uS/cm]
# name 6 = flECO-AFL: Fluorescence, WET Labs ECO-AFL/FL [mg/m^3]
# name 7 = ph: pH
# name 8 = orp: Oxidation Reduction Potential [mV]
# name 9 = par/sat/log: PAR/Logarithmic, Satlantic
# name 10 = turbWETntu0: Turbidity, WET Labs ECO [NTU]
# name 11 = prdM: Pressure, Strain Gauge [db]
# name 12 = prdE: Pressure, Strain Gauge [psi]
# name 13 = tv290C: Temperature [ITS-90, deg C]
# name 14 = flag:  0.000e+00
# span 0 =     -0.626,      9.683       
# span 1 =     -0.555,      0.126       
# span 2 =     0.0026,    11.3347       
# span 3 =      1.132,    121.903       
# span 4 =      0.485,    136.969       
# span 5 =   0.442003,  96.942153       
# span 6 =    -2.0673,    75.7330       
# span 7 =     -2.160,     10.775       
# span 8 = -1240.7455,  1216.5377       
# span 9 = 1.2356e-01, 2.2687e+03       
# span 10 =    -2.3618,   953.0859      
# span 11 =     -0.614,      9.496      
# span 12 =     -0.891,     13.773      
# span 13 =    10.3182,    22.2808      
# span 14 = 0.0000e+00, 0.0000e+00      
# interval = seconds: 0.25
# start_time = Jun 02 2025 11:33:50 [Instrument's time stamp, header]
# bad_flag = -9.990e-29
*END*
[from data line 3952]
      8.396      0.019    10.1435     90.576     39.334  27.796506     1.8309      7.726   334.8928 1.2365e-01     5.8655      8.235     11.943    10.3308 0.0000e+00
      8.398      0.020    10.1443     90.523     39.299  27.772498     1.8794      7.726   334.7812 1.2365e-01     5.7746      8.235     11.945    10.3307 0.0000e+00
      8.401      0.020    10.1481     90.493     39.299  27.772498     1.9473      7.726   334.3492 1.2371e-01     5.7780      8.237     11.946    10.3307 0.0000e+00
      8.406      0.019    10.1492     90.478     39.333  27.796507     1.9948      7.727   334.7453 1.2374e-01     5.8729      8.243     11.955    10.3314 0.0000e+00
      8.414      0.018    10.1450     90.452     39.351  27.809087     2.0042      7.727   336.0424 1.2374e-01     5.8969      8.251     11.967    10.3320 0.0000e+00
      8.420      0.018    10.1352     90.427     39.335  27.797754     2.0019      7.726   336.6959 1.2378e-01     5.8291      8.258     11.977    10.3322 0.0000e+00
      8.424      0.017    10.1338     90.423     39.319  27.786326     1.9838      7.726   336.7104 1.2384e-01     5.8046      8.262     11.983    10.3322 0.0000e+00
      8.426      0.014    10.1338     90.465     39.335  27.797763     1.9768      7.726   336.4762 1.2384e-01     5.9430      8.264     11.985    10.3316 0.0000e+00
      8.429      0.011    10.1294     90.537     39.351  27.809190     2.0007      7.726   335.9282 1.2376e-01     6.1009      8.266     11.989    10.3316 0.0000e+00
      8.433      0.009    10.1264     90.602     39.335  27.797639     1.9980      7.726   335.5918 1.2371e-01     6.0734      8.270     11.994    10.3319 0.0000e+00
      8.435      0.008    10.1241     90.657     39.316  27.784953     1.8860      7.726   336.0232 1.2376e-01     5.9533      8.272     11.997    10.3318 0.0000e+00
      8.436      0.008    10.1297     90.681     39.312  27.782657     1.7119      7.725   337.0140 1.2383e-01     5.9472      8.273     11.999    10.3317 0.0000e+00
      8.437      0.007    10.1401     90.638     39.293  27.769877     1.6412      7.725   337.5048 1.2385e-01     6.0674      8.274     12.000    10.3315 0.0000e+00
      8.438      0.007    10.1469     90.594     39.276  27.757287     1.6641      7.725   337.3969 1.2382e-01     6.1770      8.275     12.001    10.3320 0.0000e+00
      8.441      0.007    10.1525     90.579     39.276  27.757277     1.6891      7.725   337.3446 1.2375e-01     6.1447      8.279     12.007    10.3326 0.0000e+00
      8.444      0.008    10.1598     90.529     39.294  27.769762     1.7260      7.725   337.3021 1.2371e-01     6.0532      8.281     12.011    10.3336 0.0000e+00
      8.445      0.009    10.1497     90.475     39.310  27.781389     1.7526      7.725   336.8840 1.2373e-01     6.0614      8.281     12.010    10.3347 0.0000e+00
      8.447      0.009    10.1406     90.459     39.294  27.771009     1.7611      7.724   336.4188 1.2374e-01     6.1411      8.283     12.013    10.3342 0.0000e+00
      8.450      0.009    10.1484     90.468     39.294  27.771113     1.7872      7.724   336.4097 1.2376e-01     6.1973      8.286     12.018    10.3332 0.0000e+00
      8.454      0.009    10.1375     90.501     39.310  27.782647     1.8012      7.725   336.5161 1.2379e-01     6.1944      8.290     12.024    10.3329 0.0000e+00
      8.456      0.009    10.1289     90.531     39.312  27.783601     1.8058      7.725   336.7577 1.2373e-01     6.2422      8.292     12.027    10.3338 0.0000e+00
      8.457      0.008    10.1305     90.555     39.311  27.782648     1.8262      7.725   337.1797 1.2370e-01     6.3660      8.294     12.030    10.3350 0.0000e+00
      8.459      0.007    10.1279     90.584     39.296  27.771126     1.7810      7.725   337.3175 1.2377e-01     6.4264      8.296     12.032    10.3356 0.0000e+00
      8.460      0.007    10.1354     90.603     39.296  27.771136     1.6672      7.725   336.6160 1.2379e-01     6.4257      8.296     12.032    10.3358 0.0000e+00
      8.462      0.007    10.1381     90.605     39.312  27.782773     1.6081      7.725   335.4952 1.2377e-01     6.4265      8.298     12.035    10.3349 0.0000e+00
      8.464      0.007    10.1400     90.586     39.315  27.784974     1.6240      7.726   335.2101 1.2375e-01     6.4695      8.300     12.038    10.3338 0.0000e+00
      8.466      0.008    10.1451     90.553     39.332  27.797753     1.6423      7.726   335.4056 1.2375e-01     6.5026      8.302     12.041    10.3336 0.0000e+00
      8.467      0.009    10.1465     90.516     39.349  27.810437     1.6308      7.725   335.7938 1.2379e-01     6.3481      8.304     12.043    10.3336 0.0000e+00
      8.470      0.010    10.1475     90.486     39.350  27.811477     1.6180      7.725   336.4633 1.2377e-01     6.1386      8.306     12.047    10.3336 0.0000e+00
      8.473      0.010    10.1449     90.482     39.347  27.810325     1.6210      7.725   336.1872 1.2371e-01     6.0531      8.309     12.051    10.3340 0.0000e+00
      8.476      0.010    10.1402     90.497     39.327  27.796506     1.6416      7.725   335.0361 1.2373e-01     6.0324      8.312     12.056    10.3346 0.0000e+00
      8.479      0.010    10.1363     90.517     39.292  27.771250     1.7087      7.725   334.4180 1.2376e-01     5.9902      8.315     12.060    10.3354 0.0000e+00
      8.482      0.010    10.1308     90.539     39.274  27.758670     1.7823      7.725   334.3072 1.2371e-01     5.8504      8.318     12.064    10.3364 0.0000e+00
      8.485      0.010    10.1308     90.557     39.292  27.771251     1.8073      7.726   334.2128 1.2368e-01     5.8109      8.321     12.068    10.3370 0.0000e+00
      8.487      0.009    10.1336     90.566     39.327  27.796506     1.8204      7.726   334.4806 1.2369e-01     5.9226      8.323     12.071    10.3371 0.0000e+00
      8.488      0.009    10.1354     90.567     39.347  27.810323     1.8327      7.725   334.9639 1.2373e-01     5.9710      8.323     12.072    10.3371 0.0000e+00
      8.490      0.010    10.1386     90.576     39.349  27.811457     1.8387      7.725   335.1523 1.2380e-01     5.9515      8.326     12.075    10.3372 0.0000e+00
      8.493      0.011    10.1405     90.611     39.347  27.810219     1.8527      7.725   335.0377 1.2379e-01     5.9266      8.329     12.080    10.3374 0.0000e+00
      8.496      0.014    10.1414     90.636     39.326  27.795352     1.8682      7.725   334.7828 1.2376e-01     5.9774      8.332     12.085    10.3375 0.0000e+00
      8.498      0.016    10.1413     90.631     39.275  27.758557     1.8264      7.725   334.7370 1.2374e-01     6.0877      8.334     12.087    10.3374 0.0000e+00
      8.502      0.016    10.1402     90.620     39.257  27.745891     1.7054      7.725   334.7424 1.2370e-01     6.0992      8.338     12.091    10.3375 0.0000e+00
      8.509      0.016    10.1464     90.598     39.290  27.769059     1.6191      7.725   334.5041 1.2373e-01     6.0137      8.345     12.103    10.3377 0.0000e+00
      8.515      0.016    10.1516     90.584     39.311  27.784974     1.6242      7.726   334.4376 1.2377e-01     6.0093      8.353     12.115    10.3372 0.0000e+00
      8.519      0.015    10.1472     90.581     39.348  27.811479     1.7004      7.726   335.2285 1.2376e-01     6.1486      8.355     12.118    10.3363 0.0000e+00
      8.521      0.014    10.1495     90.550     39.381  27.835809     1.8004      7.725   336.4948 1.2375e-01     6.2641      8.355     12.118    10.3360 0.0000e+00
      8.523      0.013    10.1442     90.519     39.366  27.825440     1.8336      7.725   336.9287 1.2378e-01     6.2444      8.358     12.122    10.3364 0.0000e+00
      8.527      0.013    10.1415     90.544     39.348  27.812965     1.8112      7.725   336.5172 1.2380e-01     6.1838      8.362     12.129    10.3374 0.0000e+00
      8.531      0.014    10.1453     90.594     39.346  27.811820     1.7962      7.725   335.9069 1.2379e-01     6.1797      8.366     12.134    10.3380 0.0000e+00
      8.533      0.015    10.1394     90.625     39.346  27.811604     1.7843      7.725   335.5733 1.2383e-01     6.4686      8.368     12.137    10.3386 0.0000e+00
      8.537      0.015    10.1318     90.650     39.344  27.810345     1.7841      7.725   336.1832 1.2389e-01     7.0119      8.370     12.140    10.3394 0.0000e+00
      8.542      0.016    10.1368     90.656     39.325  27.796610     1.8022      7.725   337.4302 1.2387e-01     7.3177      8.377     12.149    10.3401 0.0000e+00
      8.547      0.019    10.1458     90.641     39.292  27.772383     1.8034      7.725   338.0884 1.2386e-01     7.3994      8.383     12.158    10.3403 0.0000e+00
      8.551      0.020    10.1462     90.623     39.292  27.771125     1.8071      7.725   337.9477 1.2388e-01     7.2815      8.385     12.161    10.3399 0.0000e+00
      8.555      0.020    10.1510     90.585     39.307  27.781399     1.8221      7.725   337.6215 1.2390e-01     6.8485      8.389     12.167    10.3396 0.0000e+00
      8.562      0.019    10.1521     90.532     39.292  27.769754     1.8098      7.725   337.4135 1.2392e-01     6.5026      8.396     12.178    10.3393 0.0000e+00
      8.569      0.018    10.1484     90.506     39.274  27.757172     1.8006      7.725   337.3258 1.2386e-01     6.4812      8.405     12.190    10.3386 0.0000e+00
      8.574      0.017    10.1487     90.499     39.273  27.756132     1.7847      7.725   337.2488 1.2377e-01     6.4192      8.409     12.196    10.3373 0.0000e+00
      8.576      0.015    10.1449     90.484     39.275  27.757172     1.7254      7.725   337.3438 1.2377e-01     6.1292      8.409     12.197    10.3361 0.0000e+00
      8.578      0.013    10.1357     90.477     39.294  27.769744     1.6664      7.724   337.6136 1.2378e-01     5.9119      8.412     12.201    10.3355 0.0000e+00
      8.582      0.013    10.1340     90.487     39.311  27.781285     1.6303      7.724   337.6717 1.2376e-01     5.8084      8.416     12.206    10.3348 0.0000e+00
      8.585      0.014    10.1356     90.489     39.296  27.769866     1.6462      7.725   337.7016 1.2375e-01     5.7308      8.419     12.211    10.3344 0.0000e+00
      8.588      0.015    10.1321     90.478     39.280  27.758535     1.7092      7.725   337.8900 1.2375e-01     5.6573      8.421     12.214    10.3342 0.0000e+00
      8.592      0.015    10.1306     90.487     39.297  27.771125     1.7417      7.725   337.4538 1.2378e-01     5.6019      8.425     12.219    10.3334 0.0000e+00
      8.597      0.015    10.1340     90.515     39.331  27.795237     1.7238      7.725   336.4717 1.2380e-01     5.6076      8.431     12.229    10.3324 0.0000e+00
      8.602      0.016    10.1348     90.520     39.333  27.796372     1.6763      7.726   336.0827 1.2376e-01     5.6589      8.436     12.236    10.3322 0.0000e+00
      8.605      0.018    10.1316     90.513     39.317  27.784840     1.6252      7.726   336.1910 1.2375e-01     5.8121      8.439     12.241    10.3324 0.0000e+00
      8.608      0.020    10.1315     90.517     39.314  27.782658     1.5883      7.725   336.2334 1.2379e-01     5.8884      8.442     12.244    10.3324 0.0000e+00
      8.613      0.022    10.1387     90.508     39.296  27.769991     1.5627      7.725   336.5088 1.2379e-01     5.7953      8.445     12.249    10.3322 0.0000e+00
      8.619      0.022    10.1384     90.502     39.280  27.758545     1.5569      7.724   337.0254 1.2374e-01     5.7454      8.451     12.257    10.3318 0.0000e+00
      8.627      0.022    10.1347     90.514     39.297  27.771115     1.5851      7.724   336.6292 1.2371e-01     5.7979      8.460     12.271    10.3317 0.0000e+00
      8.635      0.022    10.1387     90.517     39.332  27.795124     1.6379      7.723   335.4183 1.2376e-01     5.8842      8.470     12.284    10.3321 0.0000e+00
      8.640      0.022    10.1358     90.498     39.332  27.795126     1.6618      7.723   334.7740 1.2381e-01     5.8998      8.474     12.291    10.3322 0.0000e+00
      8.642      0.021    10.1334     90.480     39.298  27.771136     1.6411      7.724   334.6037 1.2381e-01     5.8498      8.474     12.291    10.3320 0.0000e+00
      8.646      0.020    10.1377     90.469     39.280  27.758773     1.6207      7.725   334.7362 1.2380e-01     5.9284      8.476     12.294    10.3320 0.0000e+00
      8.651      0.019    10.1381     90.446     39.299  27.772497     1.6152      7.726   335.2566 1.2380e-01     6.0987      8.483     12.304    10.3317 0.0000e+00
      8.659      0.019    10.1346     90.433     39.353  27.810222     1.6153      7.726   335.5615 1.2381e-01     6.1672      8.492     12.317    10.3318 0.0000e+00
      8.665      0.019    10.1315     90.436     39.387  27.834334     1.6056      7.726   335.4110 1.2377e-01     6.1418      8.498     12.326    10.3320 0.0000e+00
      8.669      0.018    10.1333     90.428     39.352  27.810334     1.6071      7.725   335.1580 1.2371e-01     6.2013      8.502     12.331    10.3318 0.0000e+00
      8.673      0.017    10.1283     90.429     39.301  27.773745     1.6571      7.725   334.9984 1.2368e-01     6.3742      8.504     12.334    10.3319 0.0000e+00
      8.676      0.015    10.1256     90.440     39.299  27.772508     1.7113      7.725   334.8576 1.2366e-01     6.4221      8.508     12.340    10.3321 0.0000e+00
      8.681      0.014    10.1300     90.442     39.332  27.795373     1.7213      7.725   334.7459 1.2368e-01     6.3031      8.514     12.348    10.3322 0.0000e+00
      8.685      0.014    10.1254     90.440     39.333  27.796498     1.7532      7.725   334.7665 1.2379e-01     6.1985      8.517     12.353    10.3324 0.0000e+00
      8.688      0.015    10.1263     90.419     39.318  27.786100     1.8391      7.725   335.5369 1.2389e-01     6.1823      8.521     12.358    10.3323 0.0000e+00
      8.690      0.016    10.1297     90.390     39.332  27.796506     1.8944      7.725   336.9189 1.2385e-01     6.1744      8.523     12.361    10.3322 0.0000e+00
      8.693      0.018    10.1274     90.379     39.330  27.795467     1.9051      7.726   337.4521 1.2378e-01     6.1033      8.524     12.363    10.3322 0.0000e+00
      8.698      0.019    10.1300     90.371     39.298  27.773538     1.8524      7.726   336.8214 1.2377e-01     5.9720      8.529     12.370    10.3320 0.0000e+00
      8.705      0.019    10.1264     90.358     39.313  27.785078     1.7571      7.725   336.0049 1.2377e-01     5.8846      8.537     12.382    10.3319 0.0000e+00
      8.712      0.018    10.1209     90.339     39.345  27.808141     1.7258      7.725   335.6670 1.2376e-01     5.9010      8.545     12.393    10.3326 0.0000e+00
      8.717      0.017    10.1217     90.336     39.331  27.798678     1.7152      7.725   335.7477 1.2379e-01     5.8966      8.550     12.401    10.3337 0.0000e+00
      8.720      0.014    10.1197     90.351     39.330  27.797516     1.6796      7.725   336.4641 1.2380e-01     5.8316      8.552     12.403    10.3349 0.0000e+00
      8.722      0.012    10.1188     90.364     39.326  27.794095     1.6946      7.725   337.6177 1.2381e-01     5.8316      8.554     12.406    10.3363 0.0000e+00
      8.724      0.012    10.1152     90.392     39.274  27.757308     1.7718      7.725   338.1672 1.2382e-01     5.9656      8.555     12.408    10.3370 0.0000e+00
      8.727      0.012    10.1136     90.424     39.240  27.733290     1.8298      7.725   338.2032 1.2377e-01     6.1194      8.557     12.411    10.3369 0.0000e+00
      8.730      0.013    10.1187     90.418     39.273  27.757401     1.8301      7.725   337.9669 1.2370e-01     6.1209      8.561     12.417    10.3363 0.0000e+00
      8.733      0.014    10.1180     90.412     39.326  27.795125     1.8179      7.725   337.4612 1.2369e-01     6.1198      8.564     12.421    10.3355 0.0000e+00
      8.738      0.015    10.1206     90.444     39.346  27.808850     1.8327      7.725   337.4236 1.2374e-01     6.2428      8.569     12.428    10.3354 0.0000e+00
