Data/DataNotYetUploadedToEDI/Raw_CTD/RawDownloads/060225_fcr50_S7809001.cnv
* Sea-Bird SBE19plus  Data File:
* FileName = C:\R\Reservoirs\Data\DataNotYetUploadedToEDI\Raw_CTD\RawDownloads\060225_fcr50_S7809_0001.hex
* Software version 2.8.0.119
* Temperature SN = 7809
* Conductivity SN = 7809
* System UpLoad Time = Jun 02 2025 17:16:03
* <ApplicationData>
* <Seaterm232>
# nquan = 15
# nvalues = 5014                        
# units = specified
# name 0 = depFM: Depth [fresh water, m]
# name 1 = dz/dtM: Descent Rate [m/s]
# name 2 = sbeox0Mg/L: Oxygen, SBE 43 [mg/l]
# name 3 = sbeox0PS: Oxygen, SBE 43 [% saturation]
# name 4 = specc: Specific Conductance [uS/cm]
# name 5 = c0uS/cm: Conductivity [uS/cm]
# name 6 = flECO-AFL: Fluorescence, WET Labs ECO-AFL/FL [mg/m^3]
# name 7 = ph: pH
# name 8 = orp: Oxidation Reduction Potential [mV]
# name 9 = par/sat/log: PAR/Logarithmic, Satlantic
# name 10 = turbWETntu0: Turbidity, WET Labs ECO [NTU]
# name 11 = prdM: Pressure, Strain Gauge [db]
# name 12 = prdE: Pressure, Strain Gauge [psi]
# name 13 = tv290C: Temperature [ITS-90, deg C]
# name 14 = flag:  0.000e+00
# span 0 =     -0.626,      9.683       
# span 1 =     -0.555,      0.126       
# span 2 =     0.0026,    11.3347       
# span 3 =      1.132,    121.903       
# span 4 =      0.485,    136.969       
# span 5 =   0.442003,  96.942153       
# span 6 =    -2.0673,    75.7330       
# span 7 =     -2.160,     10.775       
# span 8 = -1240.7455,  1216.5377       
# span 9 = 1.2356e-01, 2.2687e+03       
# span 10 =    -2.3618,   953.0859      
# span 11 =     -0.614,      9.496      
# span 12 =     -0.891,     13.773      
# span 13 =    10.3182,    22.2808      
# span 14 = 0.0000e+00, 0.0000e+00      
# interval = seconds: 0.25
# start_time = Jun 02 2025 11:33:50 [Instrument's time stamp, header]
# bad_flag = -9.990e-29
*END*
[from data line 1543]
      2.777      0.017     2.4682     22.166     35.383  28.357993    10.0099      9.635   204.1771 2.0777e+01     5.0340      2.723      3.950    15.1922 0.0000e+00
      2.780      0.020     2.4114     21.566     35.385  28.342907    10.0472      9.633   204.5790 2.0647e+01     5.0593      2.726      3.954    15.1544 0.0000e+00
      2.785      0.023     2.3540     21.043     35.402  28.340394    10.0729      9.630   204.6448 2.0471e+01     5.1327      2.730      3.959    15.1203 0.0000e+00
      2.792      0.026     2.2975     20.564     35.405  28.327587    10.1956      9.627   204.6292 2.0211e+01     5.1353      2.737      3.970    15.0929 0.0000e+00
      2.801      0.028     2.2299     20.125     35.405  28.314902    10.3985      9.624   204.6479 1.9896e+01     5.0578      2.747      3.984    15.0691 0.0000e+00
      2.810      0.029     2.1682     19.737     35.417  28.313853    10.5117      9.622   204.6999 1.9620e+01     5.0825      2.756      3.997    15.0453 0.0000e+00
      2.817      0.028     2.1202     19.404     35.430  28.314892    10.5248      9.619   204.6553 1.9401e+01     5.1947      2.763      4.007    15.0220 0.0000e+00
      2.824      0.026     2.0720     19.179     35.455  28.327455    10.3068      9.615   204.6245 1.9217e+01     5.2189      2.771      4.019    15.0007 0.0000e+00
      2.830      0.024     2.0276     19.113     35.477  28.338883     9.8568      9.613   204.8440 1.9058e+01     5.1360      2.776      4.026    14.9822 0.0000e+00
      2.834      0.023     1.9908     19.161     35.468  28.326209     9.5875      9.610   205.0719 1.8916e+01     5.0466      2.780      4.032    14.9668 0.0000e+00
      2.839      0.022     1.9544     19.240     35.442  28.301057     9.5469      9.606   205.2285 1.8774e+01     5.0606      2.783      4.037    14.9546 0.0000e+00
      2.845      0.021     1.9293     19.318     35.432  28.288476     9.3246      9.602   205.4471 1.8556e+01     5.0658      2.788      4.045    14.9444 0.0000e+00
      2.853      0.020     1.9255     19.384     35.452  28.300943     8.8718      9.598   205.3921 1.8324e+01     4.9727      2.798      4.060    14.9359 0.0000e+00
      2.859      0.019     1.9346     19.373     35.486  28.324942     8.6002      9.593   204.9936 1.8196e+01     4.8912      2.804      4.067    14.9291 0.0000e+00
      2.862      0.017     1.9437     19.252     35.489  28.324932     8.5456      9.589   204.8449 1.8127e+01     4.8320      2.807      4.071    14.9220 0.0000e+00
      2.865      0.015     1.9507     19.075     35.461  28.300810     8.5117      9.585   205.1424 1.8052e+01     4.8040      2.809      4.074    14.9151 0.0000e+00
      2.868      0.014     1.9612     18.860     35.446  28.286991     8.3811      9.582   205.6659 1.7939e+01     4.7922      2.812      4.079    14.9096 0.0000e+00
      2.871      0.014     1.9631     18.622     35.446  28.284703     8.1401      9.580   206.1843 1.7822e+01     4.7909      2.816      4.084    14.9056 0.0000e+00
      2.875      0.014     1.9457     18.445     35.433  28.273153     7.9952      9.577   206.4198 1.7732e+01     4.8574      2.820      4.090    14.9028 0.0000e+00
      2.879      0.014     1.9285     18.379     35.437  28.274192     7.9692      9.573   206.2763 1.7624e+01     4.9128      2.823      4.095    14.9001 0.0000e+00
      2.884      0.013     1.9084     18.429     35.469  28.297254     7.9176      9.568   205.9983 1.7485e+01     4.9142      2.827      4.101    14.8975 0.0000e+00
      2.888      0.011     1.8785     18.610     35.473  28.298293     7.8376      9.564   205.9829 1.7403e+01     4.8743      2.832      4.109    14.8953 0.0000e+00
      2.890      0.009     1.8600     18.902     35.460  28.286752     7.7931      9.561   206.2629 1.7383e+01     4.7715      2.834      4.111    14.8926 0.0000e+00
      2.892      0.007     1.8537     19.254     35.459  28.284570     7.7785      9.557   206.6308 1.7346e+01     4.7990      2.835      4.112    14.8894 0.0000e+00
      2.893      0.005     1.8578     19.654     35.444  28.271895     7.8438      9.552   206.9888 1.7308e+01     5.0012      2.836      4.114    14.8866 0.0000e+00
      2.894      0.005     1.8765     20.099     35.431  28.260353     7.9838      9.547   207.1502 1.7309e+01     5.1677      2.837      4.116    14.8842 0.0000e+00
      2.894      0.006     1.9095     20.544     35.448  28.271875     8.0555      9.543   207.0336 1.7305e+01     5.1727      2.838      4.116    14.8819 0.0000e+00
      2.895      0.008     1.9447     20.930     35.468  28.284351     8.0451      9.541   207.0413 1.7238e+01     5.0616      2.839      4.117    14.8805 0.0000e+00
      2.897      0.010     1.9848     21.234     35.471  28.284342     7.9996      9.538   207.2429 1.7101e+01     4.9856      2.841      4.121    14.8792 0.0000e+00
      2.901      0.012     2.0316     21.476     35.458  28.271762     7.9389      9.534   207.4074 1.6960e+01     4.9369      2.845      4.127    14.8777 0.0000e+00
      2.905      0.014     2.0795     21.700     35.447  28.259096     7.8939      9.531   207.6528 1.6842e+01     4.8480      2.849      4.131    14.8744 0.0000e+00
      2.909      0.014     2.1197     21.901     35.452  28.258047     7.8545      9.527   207.9730 1.6718e+01     4.7644      2.853      4.136    14.8691 0.0000e+00
      2.913      0.014     2.1496     22.038     35.459  28.259086     7.7533      9.523   208.2682 1.6616e+01     4.7460      2.858      4.144    14.8658 0.0000e+00
      2.917      0.013     2.1720     22.105     35.479  28.271649     7.6112      9.519   208.4678 1.6548e+01     4.7964      2.861      4.149    14.8636 0.0000e+00
      2.920      0.012     2.1943     22.075     35.495  28.283076     7.5513      9.515   208.5804 1.6461e+01     4.8959      2.863      4.152    14.8581 0.0000e+00
      2.923      0.011     2.2193     21.946     35.477  28.270401     7.5365      9.512   208.7699 1.6358e+01     4.9239      2.866      4.157    14.8504 0.0000e+00
      2.925      0.011     2.2307     21.759     35.444  28.245249     7.5073      9.508   208.9512 1.6283e+01     4.8276      2.869      4.161    14.8441 0.0000e+00
      2.927      0.011     2.2408     21.541     35.430  28.232678     7.5403      9.504   209.0512 1.6224e+01     4.8249      2.871      4.163    14.8383 0.0000e+00
      2.930      0.012     2.2378     21.301     35.450  28.245259     7.6267      9.501   209.2907 1.6160e+01     4.9591      2.874      4.166    14.8356 0.0000e+00
      2.933      0.012     2.2218     21.038     35.488  28.270506     7.6700      9.497   209.6108 1.6078e+01     5.0158      2.876      4.172    14.8403 0.0000e+00
      2.936      0.013     2.2026     20.771     35.511  28.284222     7.6631      9.493   209.8237 1.5941e+01     4.9297      2.880      4.177    14.8433 0.0000e+00
      2.941      0.013     2.1795     20.511     35.516  28.284232     7.6939      9.489   209.9720 1.5804e+01     4.8404      2.884      4.183    14.8403 0.0000e+00
      2.945      0.013     2.1570     20.234     35.503  28.270622     7.7926      9.485   210.0277 1.5724e+01     4.8586      2.888      4.188    14.8355 0.0000e+00
      2.947      0.013     2.1291     19.919     35.474  28.246519     7.8666      9.481   210.0666 1.5656e+01     4.8760      2.891      4.192    14.8281 0.0000e+00
      2.949      0.012     2.1016     19.571     35.472  28.246510     7.8640      9.478   210.1837 1.5568e+01     4.8116      2.892      4.195    14.8205 0.0000e+00
      2.952      0.012     2.0772     19.203     35.496  28.270519     7.8027      9.475   210.4115 1.5454e+01     4.7631      2.895      4.199    14.8148 0.0000e+00
      2.956      0.011     2.0504     18.835     35.503  28.283099     7.7251      9.471   210.7558 1.5358e+01     4.8025      2.899      4.205    14.8106 0.0000e+00
      2.960      0.011     2.0178     18.497     35.480  28.271776     7.7000      9.467   210.9909 1.5287e+01     4.8772      2.902      4.209    14.8079 0.0000e+00
      2.962      0.011     1.9822     18.203     35.458  28.260470     7.7238      9.463   211.1030 1.5203e+01     4.9151      2.905      4.213    14.8090 0.0000e+00
      2.964      0.011     1.9439     17.955     35.466  28.273260     7.8045      9.459   211.2517 1.5130e+01     4.8847      2.907      4.216    14.8170 0.0000e+00
      2.966      0.011     1.9053     17.789     35.489  28.299575     7.9430      9.455   211.4118 1.5063e+01     4.8522      2.909      4.219    14.8290 0.0000e+00
      2.969      0.010     1.8693     17.733     35.507  28.324945     8.0253      9.451   211.5762 1.4989e+01     4.8981      2.912      4.222    14.8396 0.0000e+00
      2.973      0.010     1.8406     17.781     35.497  28.326305     8.0504      9.446   211.7765 1.4911e+01     4.9608      2.916      4.228    14.8473 0.0000e+00
      2.976      0.010     1.8132     17.921     35.473  28.316038     8.1971      9.442   211.9409 1.4822e+01     4.9276      2.918      4.232    14.8549 0.0000e+00
      2.978      0.010     1.7942     18.137     35.478  28.327675     8.4425      9.438   212.1016 1.4748e+01     4.8037      2.920      4.236    14.8662 0.0000e+00
      2.980      0.009     1.7893     18.427     35.486  28.340161     8.5784      9.434   212.2567 1.4703e+01     4.7946      2.923      4.239    14.8821 0.0000e+00
      2.982      0.009     1.7930     18.764     35.481  28.340151     8.6093      9.431   212.3530 1.4643e+01     4.9199      2.924      4.241    14.8976 0.0000e+00
      2.984      0.009     1.8083     19.119     35.466  28.327560     8.6161      9.427   212.4910 1.4562e+01     4.9179      2.927      4.245    14.9091 0.0000e+00
      2.987      0.009     1.8289     19.485     35.459  28.314780     8.7186      9.422   212.6349 1.4508e+01     4.8399      2.930      4.249    14.9185 0.0000e+00
      2.989      0.008     1.8590     19.818     35.469  28.312465     8.9420      9.419   212.7173 1.4456e+01     4.8993      2.931      4.252    14.9289 0.0000e+00
      2.991      0.008     1.8947     20.093     35.467  28.299561     9.0857      9.416   212.7991 1.4389e+01     5.0210      2.933      4.255    14.9369 0.0000e+00
      2.993      0.008     1.9290     20.310     35.459  28.285604     9.1333      9.412   212.9351 1.4338e+01     5.1151      2.935      4.257    14.9356 0.0000e+00
      2.995      0.008     1.9693     20.437     35.448  28.270560     9.1923      9.407   213.1567 1.4306e+01     5.1149      2.937      4.260    14.9254 0.0000e+00
      2.997      0.009     2.0048     20.458     35.425  28.244514     9.2744      9.403   213.3276 1.4276e+01     5.0188      2.939      4.262    14.9086 0.0000e+00
      2.998      0.010     2.0316     20.379     35.417  28.224377     9.3277      9.399   213.4523 1.4219e+01     4.9781      2.940      4.264    14.8908 0.0000e+00
      3.001      0.012     2.0572     20.205     35.429  28.217354     9.3541      9.397   213.6331 1.4108e+01     5.0667      2.942      4.267    14.8788 0.0000e+00
      3.005      0.012     2.0700     19.954     35.454  28.223008     9.3520      9.394   213.7069 1.3979e+01     5.1681      2.945      4.273    14.8733 0.0000e+00
      3.009      0.012     2.0720     19.658     35.476  28.229289     9.2859      9.390   213.7415 1.3860e+01     5.1114      2.951      4.281    14.8656 0.0000e+00
      3.013      0.011     2.0656     19.353     35.486  28.229862     9.2285      9.386   213.8802 1.3765e+01     4.9959      2.955      4.285    14.8446 0.0000e+00
      3.016      0.010     2.0478     19.052     35.491  28.229923     9.2244      9.383   214.0072 1.3702e+01     5.0349      2.957      4.289    14.8179 0.0000e+00
      3.018      0.009     2.0227     18.724     35.493  28.230023     9.1692      9.380   214.0721 1.3656e+01     5.1043      2.959      4.292    14.7964 0.0000e+00
      3.019      0.008     1.9913     18.352     35.494  28.231063     9.0436      9.376   214.2348 1.3620e+01     5.0500      2.960      4.294    14.7819 0.0000e+00
      3.020      0.008     1.9603     17.967     35.507  28.242499     8.9716      9.371   214.4258 1.3565e+01     4.9931      2.962      4.296    14.7717 0.0000e+00
      3.022      0.008     1.9318     17.613     35.502  28.241450     8.9474      9.366   214.5748 1.3480e+01     4.9968      2.963      4.297    14.7651 0.0000e+00
      3.025      0.008     1.9000     17.314     35.470  28.218385     8.9262      9.361   214.8316 1.3399e+01     5.0613      2.965      4.302    14.7637 0.0000e+00
      3.027      0.008     1.8603     17.083     35.466  28.217336     8.9150      9.357   215.0358 1.3334e+01     5.0889      2.968      4.305    14.7650 0.0000e+00
      3.029      0.008     1.8194     16.930     35.478  28.228763     8.8952      9.354   215.1506 1.3259e+01     5.0236      2.970      4.309    14.7674 0.0000e+00
      3.031      0.008     1.7826     16.860     35.478  28.229698     8.8696      9.349   215.3594 1.3171e+01     4.9892      2.973      4.312    14.7708 0.0000e+00
      3.033      0.008     1.7522     16.862     35.477  28.228638     8.8467      9.344   215.6671 1.3111e+01     4.9804      2.975      4.314    14.7752 0.0000e+00
      3.034      0.008     1.7277     16.899     35.462  28.215953     8.7356      9.340   215.9460 1.3075e+01     4.9859      2.975      4.316    14.7778 0.0000e+00
      3.036      0.008     1.7125     16.946     35.452  28.203174     8.5171      9.338   216.0635 1.3024e+01     5.0210      2.977      4.317    14.7790 0.0000e+00
      3.039      0.009     1.7049     17.003     35.459  28.200983     8.3761      9.334   216.0564 1.2943e+01     5.0288      2.980      4.322    14.7818 0.0000e+00
      3.041      0.010     1.7072     17.044     35.454  28.189451     8.3706      9.330   216.0318 1.2842e+01     5.0458      2.982      4.325    14.7827 0.0000e+00
      3.044      0.012     1.7126     17.068     35.465  28.190585     8.4761      9.326   216.0242 1.2754e+01     5.0902      2.985      4.330    14.7802 0.0000e+00
      3.047      0.013     1.7154     17.108     35.503  28.214689     8.6443      9.323   216.2224 1.2678e+01     5.1213      2.987      4.333    14.7746 0.0000e+00
      3.050      0.014     1.7241     17.151     35.526  28.227165     8.7311      9.318   216.6220 1.2576e+01     5.1146      2.991      4.339    14.7636 0.0000e+00
      3.055      0.015     1.7292     17.163     35.518  28.214566     8.7432      9.314   216.8970 1.2449e+01     5.0439      2.995      4.345    14.7509 0.0000e+00
      3.059      0.015     1.7294     17.166     35.493  28.189215     8.8748      9.311   216.9673 1.2340e+01     5.0184      3.000      4.351    14.7401 0.0000e+00
      3.063      0.015     1.7344     17.164     35.480  28.174342     9.1321      9.307   217.0414 1.2249e+01     5.0787      3.004      4.356    14.7310 0.0000e+00
      3.067      0.015     1.7422     17.137     35.470  28.161596     9.2562      9.304   217.1907 1.2164e+01     5.0904      3.008      4.362    14.7228 0.0000e+00
      3.070      0.014     1.7408     17.109     35.477  28.161948     9.2186      9.300   217.2239 1.2069e+01     5.0577      3.010      4.366    14.7151 0.0000e+00
      3.073      0.014     1.7414     17.105     35.504  28.178598     9.0446      9.296   217.4426 1.1932e+01     5.0247      3.013      4.370    14.7077 0.0000e+00
      3.077      0.014     1.7439     17.114     35.504  28.172613     8.7670      9.293   218.0285 1.1805e+01     5.0319      3.018      4.377    14.7011 0.0000e+00
      3.081      0.014     1.7390     17.119     35.487  28.153000     8.6249      9.289   218.3706 1.1717e+01     5.1114      3.022      4.383    14.6946 0.0000e+00
      3.085      0.015     1.7355     17.129     35.467  28.131740     8.6002      9.286   218.3951 1.1635e+01     5.1319      3.025      4.387    14.6872 0.0000e+00
