Data/DataNotYetUploadedToEDI/Raw_CTD/RawDownloads/060225_fcr30_S7809004.cnv
* Sea-Bird SBE19plus  Data File:
* FileName = C:\R\Reservoirs\Data\DataNotYetUploadedToEDI\Raw_CTD\RawDownloads\060225_fcr50_S7809_0004.hex
* Software version 2.8.0.119
* Temperature SN = 7809
* Conductivity SN = 7809
* System UpLoad Time = Jun 02 2025 17:18:37
* <ApplicationData>
* <Seaterm232>
# nquan = 15
# nvalues = 2737                        
# units = specified
# name 0 = depFM: Depth [fresh water, m]
# name 1 = dz/dtM: Descent Rate [m/s]
# name 2 = sbeox0Mg/L: Oxygen, SBE 43 [mg/l]
# name 3 = sbeox0PS: Oxygen, SBE 43 [% saturation]
# name 4 = specc: Specific Conductance [uS/cm]
# name 5 = c0uS/cm: Conductivity [uS/cm]
# name 6 = flECO-AFL: Fluorescence, WET Labs ECO-AFL/FL [mg/m^3]
# name 7 = ph: pH
# name 8 = orp: Oxidation Reduction Potential [mV]
# name 9 = par/sat/log: PAR/Logarithmic, Satlantic
# name 10 = turbWETntu0: Turbidity, WET Labs ECO [NTU]
# name 11 = prdM: Pressure, Strain Gauge [db]
# name 12 = prdE: Pressure, Strain Gauge [psi]
# name 13 = tv290C: Temperature [ITS-90, deg C]
# name 14 = flag:  0.000e+00
# span 0 =     -0.621,      5.438       
# span 1 =     -0.353,      0.158       
# span 2 =     0.0608,    12.4122       
# span 3 =      0.590,    134.013       
# span 4 =      1.079,     41.496       
# span 5 =   0.876627,  30.280292       
# span 6 =    -0.1065,    15.8616       
# span 7 =      7.773,     10.936       
# span 8 =    96.7615,  1236.5648       
# span 9 = 1.8329e-01, 1.6556e+03       
# span 10 =   -10.0755,   409.7269      
# span 11 =     -0.609,      5.333      
# span 12 =     -0.884,      7.735      
# span 13 =    10.3578,    19.6220      
# span 14 = 0.0000e+00, 0.0000e+00      
# interval = seconds: 0.25
# start_time = Jun 02 2025 13:19:41 [Instrument's time stamp, header]
# bad_flag = -9.990e-29
*END*
[from data line 1157]
      2.255      0.018     8.2096     82.597     34.629  28.527265    10.6896     10.186   171.1157 3.8060e+01     7.0511      2.211      3.207    16.2174 0.0000e+00
      2.260      0.018     8.1853     82.316     34.690  28.568258    10.6644     10.183   171.3375 3.7795e+01     6.9973      2.216      3.215    16.2137 0.0000e+00
      2.264      0.016     8.1588     81.901     34.713  28.578312    10.6378     10.179   171.8864 3.7540e+01     7.1543      2.221      3.220    16.2076 0.0000e+00
      2.268      0.014     8.1373     81.288     34.730  28.585389    10.5917     10.174   172.6756 3.7356e+01     7.4467      2.224      3.226    16.1997 0.0000e+00
      2.271      0.011     8.1225     80.448     34.742  28.590393    10.5477     10.170   173.3078 3.7212e+01     7.5264      2.227      3.230    16.1866 0.0000e+00
      2.274      0.008     8.0986     79.403     34.726  28.575372    10.5142     10.166   173.7654 3.7087e+01     7.4002      2.230      3.234    16.1720 0.0000e+00
      2.276      0.006     8.0630     78.225     34.671  28.530622    10.5024     10.162   174.1652 3.7040e+01     7.4238      2.232      3.237    16.1594 0.0000e+00
      2.276      0.005     8.0058     77.072     34.621  28.493323    10.5050     10.157   174.3565 3.7043e+01     7.5729      2.232      3.238    16.1477 0.0000e+00
      2.276      0.005     7.9229     76.110     34.628  28.504968    10.5043     10.154   174.3572 3.7010e+01     7.6310      2.232      3.237    16.1417 0.0000e+00
      2.277      0.005     7.8195     75.453     34.673  28.544578    10.4855     10.152   174.3467 3.6937e+01     7.5801      2.232      3.238    16.1383 0.0000e+00
      2.278      0.006     7.6967     75.188     34.736  28.591680    10.4857     10.150   174.3148 3.6822e+01     7.5382      2.234      3.239    16.1380 0.0000e+00
      2.280      0.007     7.5758     75.356     34.791  28.630468    10.5647     10.146   174.2296 3.6668e+01     7.5684      2.236      3.242    16.1451 0.0000e+00
      2.283      0.008     7.4762     75.846     34.802  28.632988    10.6509     10.142   174.2629 3.6562e+01     7.5360      2.239      3.247    16.1576 0.0000e+00
      2.285      0.008     7.4077     76.374     34.794  28.622139    10.6615     10.139   174.4593 3.6514e+01     7.4534      2.241      3.250    16.1622 0.0000e+00
      2.286      0.007     7.3804     76.616     34.799  28.626146    10.6264     10.135   174.6248 3.6427e+01     7.4238      2.242      3.252    16.1537 0.0000e+00
      2.289      0.006     7.4019     76.432     34.784  28.617999    10.5519     10.132   174.8011 3.6303e+01     7.4506      2.245      3.255    16.1419 0.0000e+00
      2.291      0.005     7.4631     75.923     34.739  28.587072    10.4593     10.130   174.9564 3.6236e+01     7.5382      2.247      3.258    16.1312 0.0000e+00
      2.291      0.004     7.5293     75.309     34.713  28.569359    10.4311     10.127   174.9542 3.6204e+01     7.5952      2.247      3.259    16.1230 0.0000e+00
      2.291      0.004     7.5592     74.835     34.743  28.594116    10.4269     10.124   174.9460 3.6136e+01     7.5596      2.247      3.259    16.1225 0.0000e+00
      2.292      0.003     7.5333     74.646     34.794  28.632691    10.4085     10.121   175.0304 3.5999e+01     7.5179      2.248      3.260    16.1326 0.0000e+00
      2.294      0.003     7.4745     74.751     34.830  28.655197    10.4090     10.117   175.2004 3.5848e+01     7.5344      2.249      3.263    16.1433 0.0000e+00
      2.295      0.003     7.4035     75.108     34.865  28.675946    10.4164     10.113   175.3663 3.5775e+01     7.5889      2.251      3.265    16.1487 0.0000e+00
      2.296      0.003     7.3506     75.560     34.894  28.693274    10.4309     10.110   175.4877 3.5770e+01     7.5956      2.251      3.265    16.1497 0.0000e+00
      2.296      0.003     7.3356     75.859     34.874  28.674416    10.4175     10.106   175.6357 3.5754e+01     7.4452      2.251      3.265    16.1442 0.0000e+00
      2.296      0.003     7.3464     75.834     34.828  28.638213    10.3797     10.102   175.7783 3.5686e+01     7.3074      2.251      3.264    16.1330 0.0000e+00
      2.297      0.003     7.3894     75.459     34.821  28.636125    10.3814     10.098   176.0078 3.5591e+01     7.3641      2.252      3.266    16.1200 0.0000e+00
      2.298      0.003     7.4463     74.827     34.832  28.649179    10.3796     10.095   176.3454 3.5471e+01     7.4133      2.254      3.269    16.1103 0.0000e+00
      2.300      0.003     7.4823     74.161     34.855  28.669184    10.3330     10.092   176.5904 3.5379e+01     7.3218      2.255      3.271    16.1055 0.0000e+00
      2.301      0.002     7.4796     73.682     34.878  28.687719    10.2848     10.088   176.6475 3.5350e+01     7.2140      2.256      3.272    16.1079 0.0000e+00
      2.301      0.002     7.4391     73.463     34.873  28.682999    10.2707     10.084   176.6059 3.5335e+01     7.2372      2.257      3.273    16.1168 0.0000e+00
      2.300      0.003     7.3676     73.470     34.865  28.675552    10.2960     10.081   176.6039 3.5311e+01     7.3627      2.256      3.271    16.1220 0.0000e+00
      2.300      0.004     7.2913     73.602     34.851  28.661098    10.3322     10.076   176.6228 3.5278e+01     7.3653      2.255      3.271    16.1225 0.0000e+00
      2.301      0.005     7.2443     73.822     34.824  28.635094    10.3593     10.073   176.6627 3.5211e+01     7.2347      2.256      3.271    16.1218 0.0000e+00
      2.302      0.007     7.2224     74.127     34.801  28.614846    10.3826     10.070   176.8281 3.5055e+01     7.1494      2.257      3.273    16.1217 0.0000e+00
      2.305      0.008     7.2291     74.386     34.787  28.606564    10.4055     10.067   177.1592 3.4830e+01     7.1888      2.261      3.279    16.1220 0.0000e+00
      2.309      0.008     7.2443     74.460     34.770  28.598385    10.4110     10.064   177.5697 3.4670e+01     7.2669      2.265      3.286    16.1168 0.0000e+00
      2.312      0.007     7.2636     74.371     34.740  28.579398    10.3490     10.060   177.9190 3.4576e+01     7.2396      2.267      3.288    16.1089 0.0000e+00
      2.312      0.006     7.3011     74.277     34.720  28.567288    10.2558     10.056   178.1992 3.4456e+01     7.2003      2.267      3.288    16.1057 0.0000e+00
      2.312      0.005     7.3325     74.329     34.731  28.578819    10.2332     10.052   178.3758 3.4334e+01     7.2700      2.267      3.288    16.1101 0.0000e+00
      2.313      0.005     7.3368     74.569     34.745  28.591967    10.2670     10.049   178.4203 3.4222e+01     7.3648      2.269      3.290    16.1210 0.0000e+00
      2.315      0.005     7.3192     74.929     34.753  28.599412    10.3229     10.045   178.4789 3.4069e+01     7.3897      2.270      3.293    16.1312 0.0000e+00
      2.316      0.005     7.3039     75.367     34.762  28.605397    10.3844     10.041   178.6540 3.3874e+01     7.3319      2.271      3.294    16.1369 0.0000e+00
      2.318      0.004     7.3057     75.882     34.761  28.600899    10.4036     10.037   178.8172 3.3710e+01     7.2472      2.273      3.297    16.1400 0.0000e+00
      2.320      0.004     7.3345     76.402     34.776  28.608454    10.4055     10.033   178.9031 3.3626e+01     7.2546      2.275      3.300    16.1418 0.0000e+00
      2.320      0.004     7.3705     76.795     34.812  28.633306    10.4152     10.031   179.0044 3.3582e+01     7.2837      2.275      3.300    16.1437 0.0000e+00
      2.320      0.004     7.4118     76.945     34.834  28.647666    10.4047     10.029   179.0947 3.3532e+01     7.2234      2.275      3.300    16.1421 0.0000e+00
      2.320      0.004     7.4671     76.824     34.847  28.655221    10.3860     10.026   179.2202 3.3451e+01     7.1746      2.275      3.300    16.1353 0.0000e+00
      2.321      0.005     7.5241     76.487     34.857  28.661216    10.3805     10.022   179.3178 3.3322e+01     7.1725      2.277      3.301    16.1287 0.0000e+00
      2.323      0.007     7.5688     75.992     34.854  28.656727    10.3805     10.019   179.3291 3.3180e+01     7.2312      2.279      3.305    16.1225 0.0000e+00
      2.325      0.008     7.5856     75.387     34.868  28.664377    10.3692     10.017   179.4427 3.3026e+01     7.2700      2.280      3.307    16.1152 0.0000e+00
      2.328      0.008     7.5714     74.739     34.906  28.690269    10.3433     10.014   179.5730 3.2827e+01     7.1973      2.282      3.310    16.1105 0.0000e+00
      2.331      0.007     7.5363     74.111     34.944  28.716066    10.3339     10.010   179.6137 3.2661e+01     7.2062      2.285      3.315    16.1089 0.0000e+00
      2.333      0.006     7.4872     73.532     34.958  28.722562    10.3638     10.006   179.6769 3.2569e+01     7.3432      2.288      3.319    16.1070 0.0000e+00
      2.334      0.004     7.4254     73.022     34.942  28.705378    10.4138     10.003   179.8211 3.2500e+01     7.4191      2.289      3.320    16.1011 0.0000e+00
      2.334      0.004     7.3607     72.611     34.936  28.698573    10.4304     10.000   179.9804 3.2415e+01     7.3387      2.289      3.319    16.0934 0.0000e+00
      2.334      0.004     7.2991     72.305     34.943  28.703721    10.4064      9.996   180.0540 3.2332e+01     7.1912      2.289      3.320    16.0858 0.0000e+00
      2.334      0.005     7.2435     72.136     34.945  28.704193    10.3903      9.993   180.1093 3.2242e+01     7.1376      2.289      3.320    16.0768 0.0000e+00
      2.335      0.006     7.1918     72.135     34.945  28.704277    10.4273      9.989   180.1325 3.2083e+01     7.2032      2.290      3.321    16.0698 0.0000e+00
      2.338      0.007     7.1530     72.260     34.946  28.704741    10.4951      9.986   180.1617 3.1881e+01     7.2677      2.293      3.325    16.0682 0.0000e+00
      2.341      0.008     7.1212     72.476     34.951  28.709793    10.5110      9.983   180.3765 3.1669e+01     7.2340      2.296      3.330    16.0682 0.0000e+00
      2.344      0.009     7.1020     72.744     34.938  28.701939    10.4868      9.980   180.5793 3.1476e+01     7.2055      2.299      3.335    16.0667 0.0000e+00
      2.346      0.009     7.1057     73.002     34.897  28.673204    10.3852      9.977   180.6343 3.1331e+01     7.1963      2.301      3.337    16.0660 0.0000e+00
      2.347      0.009     7.1183     73.233     34.900  28.679509    10.1985      9.974   180.6983 3.1161e+01     7.1564      2.301      3.337    16.0663 0.0000e+00
      2.349      0.009     7.1404     73.441     34.943  28.714750    10.0773      9.972   180.7498 3.0953e+01     7.0989      2.303      3.341    16.0672 0.0000e+00
      2.353      0.009     7.1694     73.594     34.953  28.718730    10.0437      9.969   180.8269 3.0775e+01     6.9807      2.307      3.346    16.0709 0.0000e+00
      2.355      0.008     7.1944     73.704     34.970  28.727627    10.0667      9.966   180.9420 3.0622e+01     6.9904      2.310      3.350    16.0789 0.0000e+00
      2.357      0.008     7.2136     73.807     35.013  28.758889    10.1307      9.963   180.9376 3.0463e+01     7.2169      2.312      3.353    16.0868 0.0000e+00
      2.359      0.007     7.2379     73.847     35.041  28.779564    10.1766      9.960   180.9452 3.0334e+01     7.3955      2.314      3.356    16.0858 0.0000e+00
      2.361      0.005     7.2534     73.777     35.052  28.787314    10.1883      9.957   181.0339 3.0275e+01     7.3742      2.315      3.358    16.0772 0.0000e+00
      2.361      0.004     7.2616     73.624     35.057  28.789168    10.2475      9.954   181.1500 3.0238e+01     7.2662      2.315      3.358    16.0702 0.0000e+00
      2.362      0.004     7.2771     73.431     35.075  28.801979    10.3852      9.951   181.3166 3.0156e+01     7.2177      2.317      3.360    16.0647 0.0000e+00
      2.363      0.003     7.2835     73.206     35.097  28.815347    10.4792      9.948   181.4134 3.0051e+01     7.1626      2.317      3.361    16.0608 0.0000e+00
      2.364      0.003     7.2749     72.936     35.115  28.823935    10.4938      9.946   181.5466 2.9975e+01     7.0785      2.318      3.362    16.0597 0.0000e+00
      2.365      0.003     7.2585     72.635     35.143  28.842389    10.4366      9.943   181.7224 2.9890e+01     7.0551      2.319      3.364    16.0574 0.0000e+00
      2.366      0.002     7.2395     72.360     35.154  28.848177    10.3286      9.941   181.6455 2.9783e+01     7.0842      2.320      3.365    16.0550 0.0000e+00
      2.366      0.002     7.2189     72.101     35.139  28.830475    10.2866      9.938   181.4767 2.9712e+01     7.1235      2.321      3.366    16.0495 0.0000e+00
      2.367      0.002     7.1948     71.812     35.131  28.818643    10.3124      9.935   181.4888 2.9664e+01     7.0858      2.321      3.367    16.0376 0.0000e+00
      2.367      0.003     7.1620     71.508     35.152  28.831963    10.3152      9.933   181.6201 2.9597e+01     7.0040      2.321      3.366    16.0304 0.0000e+00
      2.367      0.004     7.1360     71.229     35.192  28.864671    10.2872      9.930   181.7732 2.9518e+01     7.0233      2.321      3.366    16.0282 0.0000e+00
      2.367      0.006     7.1151     70.994     35.231  28.896963    10.2656      9.928   181.7914 2.9413e+01     7.1815      2.321      3.366    16.0204 0.0000e+00
      2.369      0.007     7.0859     70.765     35.242  28.905259    10.2698      9.926   181.7543 2.9267e+01     7.3455      2.323      3.370    16.0110 0.0000e+00
      2.372      0.007     7.0560     70.519     35.243  28.901547    10.2882      9.923   181.8412 2.9109e+01     7.3330      2.326      3.374    16.0058 0.0000e+00
      2.376      0.007     7.0266     70.307     35.269  28.915507    10.2385      9.921   181.8957 2.9000e+01     7.2351      2.330      3.380    16.0044 0.0000e+00
      2.378      0.006     7.0056     70.147     35.315  28.947179    10.1351      9.919   181.8106 2.8950e+01     7.2560      2.332      3.383    16.0072 0.0000e+00
      2.378      0.005     6.9845     69.922     35.344  28.967334    10.0951      9.916   181.7584 2.8890e+01     7.3458      2.332      3.383    16.0093 0.0000e+00
      2.379      0.004     6.9583     69.534     35.346  28.968907    10.1040      9.913   181.9534 2.8818e+01     7.3990      2.333      3.384    16.0012 0.0000e+00
      2.380      0.004     6.9368     69.048     35.339  28.966200    10.1682      9.910   182.2755 2.8741e+01     7.3522      2.334      3.385    15.9879 0.0000e+00
      2.380      0.005     6.9286     68.570     35.300  28.934605    10.2888      9.908   182.4688 2.8659e+01     7.2237      2.334      3.385    15.9788 0.0000e+00
      2.381      0.006     6.9129     68.142     35.267  28.904041    10.3715      9.906   182.5694 2.8589e+01     7.2121      2.335      3.387    15.9728 0.0000e+00
      2.383      0.006     6.8695     67.742     35.284  28.913791    10.4280      9.904   182.7181 2.8462e+01     7.3133      2.337      3.389    15.9730 0.0000e+00
      2.386      0.006     6.8167     67.392     35.302  28.925633    10.6220      9.901   182.8904 2.8301e+01     7.2525      2.340      3.394    15.9809 0.0000e+00
      2.388      0.006     6.7669     67.129     35.301  28.920358    10.9442      9.898   183.0180 2.8216e+01     7.0237      2.342      3.397    15.9832 0.0000e+00
      2.389      0.005     6.7288     66.986     35.296  28.913437    11.1273      9.895   183.1423 2.8152e+01     6.9039      2.343      3.398    15.9746 0.0000e+00
      2.390      0.005     6.6886     66.995     35.285  28.905384    11.1636      9.892   183.2744 2.8073e+01     6.9654      2.344      3.400    15.9688 0.0000e+00
      2.390      0.006     6.6520     67.092     35.256  28.886422    11.1920      9.890   183.4105 2.8008e+01     7.0501      2.344      3.400    15.9666 0.0000e+00
      2.391      0.007     6.6285     67.222     35.232  28.874453    11.1872      9.888   183.5838 2.7916e+01     7.0051      2.345      3.401    15.9581 0.0000e+00
