Data/DataNotYetUploadedToEDI/Raw_CTD/RawDownloads/060221_fcr50.cnv
* Sea-Bird SBE19plus  Data File:
* FileName = C:\R\Reservoirs\Data\DataNotYetUploadedToEDI\Raw_CTD\RawDownloads\060221_fcr_50_0001.hex
* Software version 2.8.0.119
* Temperature SN = 7809
* Conductivity SN = 7809
* System UpLoad Time = Jun 02 2021 18:24:11
* <ApplicationData>
* <Seaterm232>
# nquan = 16
# nvalues = 1743                        
# units = specified
# name 0 = depFM: Depth [fresh water, m]
# name 1 = dz/dtM: Descent Rate [m/s]
# name 2 = orp: Oxidation Reduction Potential [mV]
# name 3 = sbeox0Mg/L: Oxygen, SBE 43 [mg/l]
# name 4 = sbeox0PS: Oxygen, SBE 43 [% saturation]
# name 5 = par/sat/log: PAR/Logarithmic, Satlantic
# name 6 = ph: pH
# name 7 = specc: Specific Conductance [uS/cm]
# name 8 = c0uS/cm: Conductivity [uS/cm]
# name 9 = flECO-AFL: Fluorescence, WET Labs ECO-AFL/FL [mg/m^3]
# name 10 = turbWETntu0: Turbidity, WET Labs ECO [NTU]
# name 11 = tv290C: Temperature [ITS-90, deg C]
# name 12 = density00: Density [density, kg/m^3]
# name 13 = prdE: Pressure, Strain Gauge [psi]
# name 14 = prdM: Pressure, Strain Gauge [db]
# name 15 = flag:  0.000e+00
# span 0 =     -0.616,      9.769       
# span 1 =     -0.213,      0.510       
# span 2 = -1240.7455,   356.7739       
# span 3 =     0.5767,    14.5778       
# span 4 =      4.986,    163.222       
# span 5 = 1.2345e-01, 9.6368e+02       
# span 6 =      5.770,     16.059       
# span 7 =      1.458,    137.001       
# span 8 =   1.503163,  91.033729       
# span 9 =    -1.0830,    15.0784       
# span 10 =    -0.3744,   275.2977      
# span 11 =     8.1974,    26.5758      
# span 12 =   996.6374,   999.9334      
# span 13 =     -0.877,     13.895      
# span 14 =     -0.605,      9.581      
# span 15 = 0.0000e+00, 0.0000e+00      
# interval = seconds: 0.25
# start_time = Jun 02 2021 01:04:39 [Instrument's time stamp, header]
# bad_flag = -9.990e-29
*END*
[from data line 814]
      5.309      0.022   195.2820     1.0009      8.661 1.6079e-01     16.046     37.141  25.422637     1.3741     2.5198     9.2380   999.8051      7.551      5.206 0.0000e+00
      5.314      0.022   194.7571     0.9985      8.727 1.5290e-01     16.046     37.071  25.371612     1.3014     2.3984     9.2335   999.8055      7.559      5.212 0.0000e+00
      5.319      0.022   194.3450     0.9873      8.801 1.5050e-01     16.046     36.976  25.304224     1.2626     2.3813     9.2291   999.8058      7.565      5.216 0.0000e+00
      5.325      0.022   193.5690     0.9919      8.808 1.5543e-01     16.046     36.888  25.242121     1.2859     2.4160     9.2252   999.8061      7.574      5.222 0.0000e+00
      5.332      0.023   192.2576     0.9942      8.743 1.5943e-01     16.046     36.908  25.254990     1.4113     2.4053     9.2219   999.8064      7.585      5.230 0.0000e+00
      5.337      0.026   190.7927     1.0015      8.637 1.6038e-01     16.046     37.118  25.396385     1.6149     2.3556     9.2184   999.8067      7.591      5.234 0.0000e+00
      5.342      0.029   189.6233     1.0169      8.507 1.5925e-01     16.046     37.355  25.556329     1.7171     2.2955     9.2150   999.8069      7.597      5.238 0.0000e+00
      5.348      0.031   188.7875     1.0156      8.422 1.5132e-01     16.045     37.426  25.603173     1.7314     2.3313     9.2124   999.8071      7.605      5.243 0.0000e+00
      5.358      0.031   188.1721     1.0065      8.404 1.4557e-01     16.045     37.398  25.582198     1.7588     2.4107     9.2105   999.8073      7.618      5.253 0.0000e+00
      5.370      0.030   187.8618     0.9953      8.367 1.5165e-01     16.045     37.360  25.556433     1.8483     2.4657     9.2089   999.8077      7.640      5.268 0.0000e+00
      5.380      0.027   187.5308     0.9772      8.339 1.5530e-01     16.044     37.341  25.545364     1.9836     2.5505     9.2059   999.8080      7.656      5.278 0.0000e+00
      5.386      0.026   186.4924     0.9624      8.395 1.5643e-01     16.045     37.382  25.575220     2.0502     2.5769     9.2021   999.8083      7.662      5.283 0.0000e+00
      5.389      0.026   184.8571     0.9709      8.489 1.5828e-01     16.046     37.510  25.663715     2.0721     2.5444     9.1996   999.8085      7.667      5.286 0.0000e+00
      5.391      0.027   183.1601     0.9630      8.545 1.4496e-01     16.046     37.605  25.727353     2.2476     2.5709     9.2002   999.8083      7.668      5.287 0.0000e+00
      5.395      0.028   181.3748     0.9521      8.504 1.3314e-01     16.046     37.586  25.710380     2.5607     2.5877     9.2038   999.8081      7.670      5.288 0.0000e+00
      5.406      0.030   179.4459     0.9664      8.446 1.3358e-01     16.047     37.595  25.712202     2.7389     2.5750     9.2054   999.8081      7.686      5.299 0.0000e+00
      5.420      0.032   177.7344     0.9755      8.433 1.3543e-01     16.047     37.654  25.749375     2.7808     2.5894     9.2076   999.8081      7.715      5.319 0.0000e+00
      5.430      0.032   176.3406     0.9905      8.418 1.3698e-01     16.047     37.701  25.779260     3.0106     2.5906     9.2079   999.8081      7.728      5.327 0.0000e+00
      5.434      0.032   175.2420     0.9779      8.363 1.3685e-01     16.046     37.764  25.819831     3.4282     2.5547     9.1993   999.8088      7.726      5.326 0.0000e+00
      5.440      0.032   174.2586     0.9675      8.278 1.3750e-01     16.046     37.824  25.859345     3.6536     2.5324     9.1919   999.8094      7.737      5.335 0.0000e+00
      5.448      0.032   173.0549     0.9723      8.278 1.3726e-01     16.046     37.848  25.876445     3.6953     2.5963     9.1900   999.8096      7.750      5.343 0.0000e+00
      5.455      0.033   171.7864     0.9682      8.358 1.3475e-01     16.045     37.879  25.899732     3.8852     2.6748     9.1875   999.8098      7.756      5.347 0.0000e+00
      5.467      0.033   170.5377     0.9678      8.393 1.3694e-01     16.045     37.955  25.950614     4.2037     2.6571     9.1841   999.8102      7.773      5.359 0.0000e+00
      5.480      0.032   169.1418     0.9463      8.381 1.4269e-01     16.045     38.007  25.984227     4.3702     2.6229     9.1794   999.8106      7.798      5.377 0.0000e+00
      5.488      0.029   167.7285     0.9472      8.358 1.4519e-01     16.045     38.013  25.988992     4.3818     2.6397     9.1808   999.8105      7.809      5.384 0.0000e+00
      5.492      0.026   167.0436     0.9672      8.351 1.4441e-01     16.046     38.039  26.008234     4.2960     2.7231     9.1880   999.8100      7.810      5.385 0.0000e+00
      5.496      0.023   166.9703     0.9669      8.379 1.4124e-01     16.046     38.067  26.026598     4.1347     2.8413     9.1848   999.8103      7.815      5.389 0.0000e+00
      5.502      0.021   166.4977     0.9649      8.382 1.3649e-01     16.045     38.061  26.020730     4.0434     2.8670     9.1786   999.8109      7.825      5.395 0.0000e+00
      5.507      0.020   165.8033     0.9618      8.313 1.3740e-01     16.044     38.036  26.000717     4.0119     2.8273     9.1818   999.8106      7.833      5.401 0.0000e+00
      5.513      0.019   165.1129     0.9577      8.218 1.4612e-01     16.044     38.001  25.974903     3.9827     2.8078     9.1850   999.8104      7.840      5.406 0.0000e+00
      5.518      0.017   164.1738     0.9654      8.146 1.5565e-01     16.045     37.984  25.962338     3.8152     2.7342     9.1838   999.8105      7.849      5.412 0.0000e+00
      5.523      0.015   163.2247     0.9694      8.129 1.5722e-01     16.046     38.004  25.975648     3.4924     2.5901     9.1804   999.8108      7.856      5.417 0.0000e+00
      5.526      0.015   162.5853     0.9570      8.159 1.4424e-01     16.045     38.054  26.008971     3.3029     2.5080     9.1762   999.8112      7.859      5.419 0.0000e+00
      5.527      0.016   161.9491     0.9452      8.199 1.3299e-01     16.044     38.112  26.048096     3.2890     2.4960     9.1742   999.8113      7.861      5.420 0.0000e+00
      5.528      0.020   160.7803     0.9353      8.238 1.3175e-01     16.045     38.236  26.131558     3.4866     2.5140     9.1740   999.8113      7.863      5.422 0.0000e+00
      5.532      0.026   159.3815     0.9325      8.253 1.2828e-01     16.046     38.524  26.320386     3.8604     2.5532     9.1731   999.8114      7.867      5.425 0.0000e+00
      5.540      0.031   157.9421     0.9400      8.214 1.2891e-01     16.046     38.894  26.555149     4.0606     2.5586     9.1722   999.8115      7.879      5.432 0.0000e+00
      5.552      0.035   156.2816     0.9434      8.157 1.3956e-01     16.046     39.123  26.686542     4.0662     2.5451     9.1714   999.8116      7.897      5.445 0.0000e+00
      5.564      0.037   154.5341     0.9486      8.103 1.4461e-01     16.046     39.177  26.703828     3.9858     2.5954     9.1711   999.8118      7.913      5.456 0.0000e+00
      5.575      0.038   153.0743     0.9538      8.062 1.4219e-01     16.046     39.276  26.764138     3.8515     2.7207     9.1659   999.8123      7.930      5.468 0.0000e+00
      5.585      0.038   151.9675     0.9466      8.081 1.4504e-01     16.047     39.487  26.908288     3.7777     2.8237     9.1396   999.8145      7.946      5.479 0.0000e+00
      5.591      0.038   150.7025     0.9393      8.102 1.4478e-01     16.048     39.612  26.987793     3.7317     2.8455     9.1012   999.8175      7.953      5.483 0.0000e+00
      5.599      0.037   149.3075     0.9370      8.096 1.3868e-01     16.048     39.587  26.964247     3.4578     2.7785     9.0717   999.8198      7.959      5.487 0.0000e+00
      5.610      0.035   148.0073     0.9252      8.119 1.3444e-01     16.047     39.544  26.940738     2.9844     2.6670     9.0651   999.8203      7.978      5.500 0.0000e+00
      5.623      0.034   146.4255     0.9322      8.084 1.2945e-01     16.046     39.541  26.957282     2.7191     2.5954     9.0742   999.8199      8.001      5.517 0.0000e+00
      5.633      0.034   144.5505     0.9404      8.009 1.2525e-01     16.046     39.645  27.037441     2.6811     2.5648     9.0669   999.8205      8.015      5.526 0.0000e+00
      5.638      0.034   143.3190     0.9274      7.997 1.2424e-01     16.046     39.829  27.148752     2.6688     2.5368     9.0467   999.8220      8.019      5.529 0.0000e+00
      5.643      0.033   142.7203     0.9431      7.993 1.2568e-01     16.047     39.980  27.224771     2.6560     2.6005     9.0535   999.8215      8.024      5.533 0.0000e+00
      5.651      0.031   141.8726     0.9363      7.982 1.2723e-01     16.049     40.065  27.258788     2.6405     2.7858     9.0920   999.8187      8.036      5.541 0.0000e+00
      5.662      0.030   140.8131     0.9156      7.975 1.2748e-01     16.050     40.066  27.242861     2.6249     2.8891     9.1105   999.8174      8.052      5.552 0.0000e+00
      5.672      0.029   139.4598     0.9253      7.945 1.3093e-01     16.050     40.049  27.222471     2.6099     2.8537     9.0845   999.8194      8.068      5.563 0.0000e+00
      5.681      0.028   137.8129     0.9228      7.937 1.3289e-01     16.049     40.119  27.265983     2.5167     2.8386     9.0443   999.8226      8.081      5.573 0.0000e+00
      5.686      0.026   136.5599     0.9207      7.970 1.2816e-01     16.049     40.210  27.324924     2.3367     2.8776     9.0126   999.8250      8.088      5.577 0.0000e+00
      5.689      0.025   135.7537     0.9251      8.000 1.2474e-01     16.049     40.179  27.300789     2.2377     2.8793     8.9921   999.8265      8.089      5.578 0.0000e+00
      5.694      0.025   134.9477     0.9173      8.011 1.2679e-01     16.049     40.074  27.227897     2.2248     2.8591     8.9820   999.8273      8.097      5.583 0.0000e+00
      5.701      0.027   134.0419     0.9143      7.930 1.2974e-01     16.048     40.035  27.204779     2.2096     2.8740     8.9790   999.8275      8.108      5.590 0.0000e+00
      5.709      0.030   133.1488     0.9240      7.777 1.2925e-01     16.048     40.033  27.211575     2.2056     2.8878     8.9754   999.8279      8.120      5.599 0.0000e+00
      5.717      0.032   132.2362     0.9238      7.731 1.2892e-01     16.048     39.978  27.183224     2.2155     2.8888     8.9706   999.8283      8.131      5.606 0.0000e+00
      5.727      0.032   131.0949     0.9306      7.791 1.2975e-01     16.049     39.872  27.115722     2.2149     2.8513     8.9675   999.8285      8.144      5.615 0.0000e+00
      5.736      0.032   129.5883     0.9254      7.881 1.2910e-01     16.049     39.746  27.029746     2.1693     2.7781     8.9707   999.8282      8.160      5.626 0.0000e+00
      5.744      0.033   128.0452     0.8890      7.947 1.2840e-01     16.049     39.663  26.968317     2.1027     2.7935     8.9839   999.8274      8.170      5.632 0.0000e+00
      5.750      0.033   126.8060     0.8900      7.889 1.2646e-01     16.050     39.643  26.943879     2.0774     2.8650     8.9984   999.8263      8.178      5.638 0.0000e+00
      5.758      0.033   125.6182     0.9010      7.794 1.2447e-01     16.050     39.632  26.924558     2.0631     2.8532     9.0029   999.8259      8.188      5.646 0.0000e+00
      5.768      0.033   124.3521     0.9078      7.771 1.2672e-01     16.050     39.648  26.924983     1.9397     2.8219     9.0023   999.8260      8.203      5.656 0.0000e+00
      5.778      0.033   123.0266     0.9289      7.779 1.2931e-01     16.050     39.697  26.949006     1.7395     2.8644     8.9978   999.8264      8.221      5.668 0.0000e+00
      5.786      0.033   121.6379     0.9132      7.791 1.2678e-01     16.050     39.727  26.961286     1.6359     2.8870     8.9815   999.8277      8.231      5.675 0.0000e+00
      5.793      0.032   120.0369     0.8954      7.784 1.2413e-01     16.050     39.717  26.946578     1.6210     2.8540     8.9645   999.8289      8.238      5.680 0.0000e+00
      5.801      0.030   118.2955     0.8998      7.748 1.2542e-01     16.050     39.654  26.898033     1.6076     2.8438     8.9525   999.8298      8.251      5.689 0.0000e+00
      5.809      0.029   117.0168     0.8996      7.751 1.2692e-01     16.051     39.542  26.818349     1.5315     2.8673     8.9410   999.8307      8.262      5.697 0.0000e+00
      5.816      0.028   116.1918     0.9021      7.771 1.2714e-01     16.051     39.432  26.744313     1.4065     2.8965     8.9306   999.8315      8.272      5.704 0.0000e+00
      5.823      0.027   115.4611     0.9052      7.736 1.2712e-01     16.050     39.360  26.700615     1.3456     2.8883     8.9212   999.8322      8.283      5.711 0.0000e+00
      5.830      0.024   114.5489     0.8940      7.686 1.2542e-01     16.049     39.302  26.670599     1.3383     2.8374     8.9122   999.8329      8.293      5.718 0.0000e+00
      5.837      0.022   112.9060     0.8955      7.647 1.2374e-01     16.049     39.238  26.635121     1.3475     2.7955     8.9068   999.8333      8.302      5.724 0.0000e+00
      5.842      0.022   110.6547     0.9060      7.638 1.2359e-01     16.050     39.169  26.588824     1.3805     2.8282     8.9067   999.8333      8.309      5.729 0.0000e+00
      5.846      0.022   108.8376     0.8949      7.677 1.2357e-01     16.050     39.133  26.554840     1.4026     2.8899     8.9139   999.8328      8.313      5.733 0.0000e+00
      5.850      0.022   107.5409     0.8894      7.694 1.2355e-01     16.050     39.131  26.541372     1.3957     2.8540     8.9281   999.8318      8.319      5.736 0.0000e+00
      5.856      0.023   105.9894     0.8854      7.679 1.2353e-01     16.050     39.066  26.489398     1.2497     2.7723     8.9420   999.8307      8.329      5.742 0.0000e+00
      5.864      0.026   104.1894     0.8788      7.649 1.2356e-01     16.050     38.899  26.370443     0.9721     2.7608     8.9447   999.8306      8.340      5.750 0.0000e+00
      5.871      0.030   102.4686     0.8919      7.574 1.2357e-01     16.050     38.724  26.244836     0.8150     2.8178     8.9278   999.8318      8.350      5.757 0.0000e+00
      5.877      0.032   100.4996     0.8932      7.501 1.2357e-01     16.050     38.634  26.175858     0.7900     2.8772     8.9071   999.8334      8.358      5.763 0.0000e+00
      5.885      0.034    98.3640     0.8882      7.489 1.2361e-01     16.050     38.635  26.170731     0.6701     2.8612     8.9001   999.8339      8.369      5.770 0.0000e+00
      5.895      0.036    96.8666     0.8906      7.529 1.2363e-01     16.051     38.660  26.182839     0.4528     2.8302     8.8955   999.8342      8.385      5.782 0.0000e+00
      5.906      0.037    95.8166     0.8775      7.567 1.2361e-01     16.051     38.685  26.195388     0.3369     2.8799     8.8847   999.8350      8.402      5.793 0.0000e+00
      5.915      0.037    94.7029     0.8661      7.558 1.2359e-01     16.051     38.693  26.195598     0.3273     2.9131     8.8740   999.8357      8.413      5.801 0.0000e+00
      5.925      0.037    93.6393     0.8660      7.518 1.2359e-01     16.052     38.684  26.185363     0.3172     2.8535     8.8662   999.8364      8.426      5.810 0.0000e+00
      5.934      0.036    92.6788     0.8734      7.490 1.2360e-01     16.052     38.710  26.198495     0.2916     2.8122     8.8606   999.8368      8.441      5.820 0.0000e+00
      5.943      0.035    91.4349     0.8801      7.464 1.2360e-01     16.052     38.759  26.227511     0.2753     2.8257     8.8554   999.8372      8.453      5.828 0.0000e+00
      5.951      0.034    89.8704     0.8790      7.423 1.2360e-01     16.053     38.845  26.282472     0.2725     2.8451     8.8491   999.8378      8.463      5.834 0.0000e+00
      5.960      0.033    88.6473     0.8706      7.394 1.2358e-01     16.053     38.957  26.355588     0.2665     2.8413     8.8432   999.8382      8.478      5.845 0.0000e+00
