Data/DataNotYetUploadedToEDI/Raw_CTD/RawDownloads/060225_fcr20_S7809003.cnv
* Sea-Bird SBE19plus  Data File:
* FileName = C:\R\Reservoirs\Data\DataNotYetUploadedToEDI\Raw_CTD\RawDownloads\060225_fcr50_S7809_0003.hex
* Software version 2.8.0.119
* Temperature SN = 7809
* Conductivity SN = 7809
* System UpLoad Time = Jun 02 2025 17:17:27
* <ApplicationData>
* <Seaterm232>
# nquan = 15
# nvalues = 1715                        
# units = specified
# name 0 = depFM: Depth [fresh water, m]
# name 1 = dz/dtM: Descent Rate [m/s]
# name 2 = sbeox0Mg/L: Oxygen, SBE 43 [mg/l]
# name 3 = sbeox0PS: Oxygen, SBE 43 [% saturation]
# name 4 = specc: Specific Conductance [uS/cm]
# name 5 = c0uS/cm: Conductivity [uS/cm]
# name 6 = flECO-AFL: Fluorescence, WET Labs ECO-AFL/FL [mg/m^3]
# name 7 = ph: pH
# name 8 = orp: Oxidation Reduction Potential [mV]
# name 9 = par/sat/log: PAR/Logarithmic, Satlantic
# name 10 = turbWETntu0: Turbidity, WET Labs ECO [NTU]
# name 11 = prdM: Pressure, Strain Gauge [db]
# name 12 = prdE: Pressure, Strain Gauge [psi]
# name 13 = tv290C: Temperature [ITS-90, deg C]
# name 14 = flag:  0.000e+00
# span 0 =     -0.621,      3.114       
# span 1 =     -0.333,      0.168       
# span 2 =    -0.0351,    12.4664       
# span 3 =     -0.186,    132.069       
# span 4 =      0.917,     45.639       
# span 5 =   0.774431,  35.769526       
# span 6 =    -0.8561,    76.8049       
# span 7 =      9.457,     10.878       
# span 8 =    91.3002,  1240.2295       
# span 9 = 9.9524e+00, 2.1966e+03       
# span 10 =    -0.1406,   237.4609      
# span 11 =     -0.609,      3.054      
# span 12 =     -0.884,      4.429      
# span 13 =    14.1478,    19.6867      
# span 14 = 0.0000e+00, 0.0000e+00      
# interval = seconds: 0.25
# start_time = Jun 02 2025 13:04:20 [Instrument's time stamp, header]
# bad_flag = -9.990e-29
*END*
[from data line 1350]
      2.446      0.015     4.8650     47.364     36.639  29.566953     6.0035     10.316   170.8609 2.4953e+01     7.9713      2.398      3.479    15.3510 0.0000e+00
      2.450      0.014     4.8414     47.027     36.626  29.555430     5.9988     10.313   170.8766 2.4838e+01     7.8976      2.402      3.484    15.3499 0.0000e+00
      2.453      0.013     4.8099     46.719     36.613  29.542962     6.0422     10.309   170.9860 2.4724e+01     7.8158      2.405      3.489    15.3485 0.0000e+00
      2.457      0.013     4.7751     46.419     36.617  29.543066     6.1285     10.306   171.0656 2.4618e+01     7.8014      2.409      3.494    15.3475 0.0000e+00
      2.459      0.013     4.7402     46.101     36.637  29.556687     6.1599     10.304   171.1514 2.4511e+01     7.7235      2.411      3.497    15.3461 0.0000e+00
      2.462      0.013     4.7050     45.807     36.670  29.580792     6.1393     10.301   171.1623 2.4416e+01     7.6942      2.414      3.501    15.3433 0.0000e+00
      2.465      0.014     4.6758     45.596     36.674  29.580782     6.1373     10.299   171.1114 2.4304e+01     7.7555      2.417      3.506    15.3402 0.0000e+00
      2.468      0.015     4.6480     45.443     36.647  29.556564     6.2604     10.297   171.1384 2.4152e+01     7.8838      2.420      3.511    15.3370 0.0000e+00
      2.473      0.015     4.6148     45.333     36.632  29.541695     6.4876     10.292   171.1442 2.4012e+01     8.0843      2.425      3.517    15.3333 0.0000e+00
      2.477      0.015     4.5814     45.316     36.617  29.527865     6.6041     10.289   171.1822 2.3895e+01     8.1296      2.429      3.523    15.3295 0.0000e+00
      2.482      0.014     4.5636     45.426     36.604  29.516208     6.5946     10.288   171.4257 2.3759e+01     8.1243      2.434      3.530    15.3262 0.0000e+00
      2.486      0.013     4.5499     45.653     36.619  29.527617     6.5395     10.285   171.7649 2.3649e+01     8.1909      2.438      3.538    15.3230 0.0000e+00
      2.490      0.012     4.5357     45.965     36.633  29.538939     6.4619     10.282   171.9279 2.3612e+01     8.1828      2.443      3.541    15.3196 0.0000e+00
      2.491      0.011     4.5335     46.295     36.618  29.526243     6.4221     10.278   171.9336 2.3618e+01     8.0941      2.444      3.543    15.3160 0.0000e+00
      2.492      0.011     4.5452     46.583     36.589  29.500976     6.4005     10.275   171.9196 2.3574e+01     7.9723      2.443      3.544    15.3133 0.0000e+00
      2.495      0.011     4.5689     46.823     36.574  29.487157     6.4087     10.272   171.9309 2.3474e+01     7.9742      2.447      3.548    15.3132 0.0000e+00
      2.499      0.012     4.6024     47.004     36.575  29.486013     6.4712     10.269   172.0707 2.3399e+01     8.0837      2.451      3.554    15.3144 0.0000e+00
      2.502      0.012     4.6389     47.107     36.579  29.487148     6.4981     10.266   172.3197 2.3314e+01     8.0661      2.453      3.558    15.3130 0.0000e+00
      2.506      0.012     4.6671     47.162     36.599  29.500873     6.4757     10.263   172.5319 2.3187e+01     7.9328      2.458      3.565    15.3108 0.0000e+00
      2.509      0.012     4.6912     47.188     36.631  29.525100     6.3917     10.260   172.6581 2.3081e+01     7.8046      2.461      3.569    15.3087 0.0000e+00
      2.512      0.011     4.7120     47.180     36.634  29.526349     6.2491     10.257   172.7263 2.3006e+01     7.7459      2.464      3.573    15.3049 0.0000e+00
      2.515      0.010     4.7205     47.183     36.622  29.515971     6.1820     10.254   172.7546 2.2918e+01     7.8033      2.466      3.576    15.3015 0.0000e+00
      2.518      0.008     4.7247     47.228     36.636  29.526484     6.1720     10.252   172.8274 2.2826e+01     7.8156      2.469      3.581    15.2989 0.0000e+00
      2.520      0.007     4.7300     47.309     36.636  29.526598     6.1535     10.251   173.0039 2.2761e+01     7.7229      2.472      3.585    15.2972 0.0000e+00
      2.522      0.006     4.7260     47.419     36.622  29.517344     6.2159     10.248   173.1691 2.2731e+01     7.7419      2.473      3.587    15.2958 0.0000e+00
      2.522      0.005     4.7252     47.517     36.651  29.541457     6.3438     10.245   173.1902 2.2737e+01     7.8403      2.474      3.588    15.2941 0.0000e+00
      2.522      0.005     4.7313     47.574     36.680  29.564428     6.4103     10.241   173.1726 2.2736e+01     7.8543      2.473      3.587    15.2929 0.0000e+00
      2.523      0.006     4.7381     47.614     36.653  29.541354     6.4121     10.238   173.2143 2.2688e+01     7.7742      2.474      3.588    15.2939 0.0000e+00
      2.524      0.007     4.7515     47.647     36.625  29.516200     6.4730     10.236   173.2652 2.2591e+01     7.6917      2.475      3.590    15.2964 0.0000e+00
      2.526      0.010     4.7625     47.657     36.625  29.514018     6.6308     10.235   173.3571 2.2464e+01     7.7447      2.477      3.593    15.2973 0.0000e+00
      2.529      0.012     4.7668     47.672     36.629  29.514964     6.7471     10.232   173.5511 2.2351e+01     7.8337      2.481      3.599    15.2972 0.0000e+00
      2.533      0.014     4.7699     47.721     36.648  29.527631     6.7723     10.228   173.8041 2.2250e+01     7.8460      2.484      3.603    15.2949 0.0000e+00
      2.537      0.015     4.7760     47.780     36.666  29.540306     6.7441     10.224   174.0064 2.2131e+01     7.7907      2.488      3.608    15.2911 0.0000e+00
      2.542      0.015     4.7755     47.858     36.668  29.541355     6.6815     10.221   174.1907 2.2020e+01     7.7119      2.493      3.616    15.2884 0.0000e+00
      2.546      0.014     4.7749     47.988     36.667  29.540315     6.6559     10.219   174.4839 2.1942e+01     7.7478      2.498      3.623    15.2857 0.0000e+00
      2.550      0.014     4.7831     48.155     36.652  29.527734     6.6668     10.217   174.7977 2.1880e+01     7.8147      2.501      3.627    15.2823 0.0000e+00
      2.552      0.014     4.7885     48.359     36.640  29.516089     6.5557     10.215   174.9739 2.1825e+01     7.8036      2.503      3.631    15.2796 0.0000e+00
      2.554      0.015     4.7936     48.595     36.656  29.526384     6.3192     10.212   175.0653 2.1768e+01     7.8186      2.505      3.633    15.2778 0.0000e+00
      2.558      0.015     4.8089     48.794     36.660  29.525334     6.1879     10.208   175.1293 2.1686e+01     7.8936      2.508      3.637    15.2771 0.0000e+00
      2.563      0.016     4.8257     48.939     36.638  29.503404     6.1922     10.205   175.1452 2.1593e+01     7.9590      2.513      3.645    15.2777 0.0000e+00
      2.569      0.016     4.8442     49.111     36.658  29.514946     6.1292     10.203   175.0852 2.1503e+01     7.9601      2.518      3.654    15.2762 0.0000e+00
      2.574      0.015     4.8733     49.328     36.690  29.538012     5.9597     10.200   174.9195 2.1433e+01     7.9067      2.524      3.660    15.2713 0.0000e+00
      2.578      0.014     4.8955     49.555     36.681  29.528568     5.8732     10.197   174.7770 2.1394e+01     7.9286      2.528      3.666    15.2646 0.0000e+00
      2.580      0.013     4.9048     49.809     36.682  29.527624     5.8904     10.195   174.7381 2.1355e+01     8.0541      2.530      3.670    15.2582 0.0000e+00
      2.582      0.012     4.9222     50.083     36.684  29.526594     5.9266     10.192   174.7082 2.1281e+01     8.1601      2.532      3.672    15.2531 0.0000e+00
      2.585      0.012     4.9482     50.346     36.674  29.516111     5.9699     10.189   174.6734 2.1191e+01     8.1847      2.534      3.676    15.2496 0.0000e+00
      2.588      0.013     4.9680     50.590     36.691  29.527741     5.9727     10.185   174.7472 2.1098e+01     8.1467      2.538      3.681    15.2473 0.0000e+00
      2.592      0.014     4.9948     50.785     36.709  29.540341     5.9605     10.181   174.9129 2.0985e+01     8.1792      2.541      3.686    15.2446 0.0000e+00
      2.596      0.014     5.0248     50.914     36.712  29.541589     5.9815     10.179   175.1276 2.0867e+01     8.3042      2.546      3.692    15.2412 0.0000e+00
      2.600      0.014     5.0504     50.990     36.716  29.542827     6.0514     10.177   175.3648 2.0771e+01     8.2577      2.550      3.697    15.2379 0.0000e+00
      2.603      0.014     5.0768     51.019     36.733  29.555315     6.1643     10.173   175.5437 2.0692e+01     7.9927      2.553      3.703    15.2350 0.0000e+00
      2.606      0.014     5.0981     51.004     36.748  29.565705     6.2398     10.169   175.8279 2.0602e+01     7.8325      2.557      3.707    15.2327 0.0000e+00
      2.610      0.013     5.1095     50.972     36.718  29.541591     6.2729     10.167   176.1335 2.0487e+01     7.8923      2.559      3.712    15.2305 0.0000e+00
      2.614      0.013     5.1175     50.935     36.688  29.517486     6.2899     10.165   176.3133 2.0396e+01     8.0673      2.563      3.718    15.2282 0.0000e+00
      2.618      0.013     5.1213     50.901     36.700  29.527981     6.2539     10.161   176.4536 2.0352e+01     8.1720      2.567      3.723    15.2258 0.0000e+00
      2.620      0.014     5.1179     50.887     36.718  29.541613     6.2045     10.157   176.5393 2.0297e+01     8.1338      2.569      3.726    15.2234 0.0000e+00
      2.623      0.014     5.1151     50.877     36.740  29.555443     6.1756     10.154   176.6611 2.0212e+01     8.1166      2.572      3.731    15.2233 0.0000e+00
      2.627      0.014     5.1109     50.850     36.763  29.568338     6.0715     10.151   176.8073 2.0114e+01     8.3052      2.577      3.737    15.2251 0.0000e+00
      2.631      0.014     5.1061     50.799     36.773  29.570655     5.8941     10.147   176.9301 2.0023e+01     8.6391      2.580      3.742    15.2264 0.0000e+00
      2.635      0.015     5.1056     50.695     36.795  29.583458     5.7869     10.144   177.0280 1.9957e+01     8.7376      2.584      3.748    15.2254 0.0000e+00
      2.639      0.015     5.1067     50.498     36.815  29.596268     5.7399     10.143   177.0450 1.9906e+01     8.6080      2.588      3.753    15.2193 0.0000e+00
      2.642      0.015     5.1042     50.177     36.823  29.598671     5.6426     10.140   177.0490 1.9850e+01     8.5399      2.591      3.758    15.2110 0.0000e+00
      2.646      0.015     5.1017     49.737     36.845  29.612512     5.5096     10.136   177.1631 1.9777e+01     8.4956      2.595      3.763    15.2034 0.0000e+00
      2.649      0.015     5.0928     49.187     36.881  29.636752     5.4379     10.132   177.3920 1.9675e+01     8.4485      2.598      3.768    15.1969 0.0000e+00
      2.653      0.016     5.0757     48.552     36.889  29.638022     5.4174     10.131   177.5791 1.9572e+01     8.4484      2.602      3.774    15.1918 0.0000e+00
      2.658      0.017     5.0428     47.885     36.884  29.627862     5.4031     10.129   177.6183 1.9500e+01     8.4598      2.607      3.781    15.1871 0.0000e+00
      2.662      0.017     4.9992     47.204     36.908  29.640758     5.4148     10.126   177.6078 1.9424e+01     8.4842      2.610      3.787    15.1815 0.0000e+00
      2.666      0.018     4.9445     46.536     36.949  29.667077     5.4338     10.122   177.7111 1.9312e+01     8.4702      2.614      3.792    15.1750 0.0000e+00
      2.671      0.018     4.8779     45.921     36.989  29.692338     5.4251     10.119   177.8343 1.9177e+01     8.3942      2.619      3.799    15.1682 0.0000e+00
      2.676      0.017     4.8124     45.361     36.999  29.692453     5.3929     10.116   177.8923 1.9062e+01     8.3503      2.625      3.807    15.1604 0.0000e+00
      2.681      0.015     4.7437     44.845     36.977  29.668463     5.3432     10.113   178.0691 1.8985e+01     8.4171      2.629      3.813    15.1519 0.0000e+00
      2.685      0.013     4.6753     44.362     36.969  29.655998     5.2898     10.109   178.3361 1.8925e+01     8.5187      2.634      3.820    15.1429 0.0000e+00
      2.688      0.012     4.6146     43.877     36.990  29.668600     5.2558     10.106   178.5405 1.8890e+01     8.4860      2.637      3.825    15.1329 0.0000e+00
      2.690      0.011     4.5608     43.388     37.029  29.693964     5.2408     10.103   178.8189 1.8867e+01     8.3640      2.638      3.826    15.1224 0.0000e+00
      2.691      0.011     4.5085     42.940     37.055  29.708939     5.3161     10.099   179.1214 1.8813e+01     8.3755      2.638      3.826    15.1127 0.0000e+00
      2.693      0.011     4.4636     42.542     37.080  29.722779     5.4663     10.097   179.2728 1.8735e+01     8.5210      2.641      3.830    15.1058 0.0000e+00
      2.698      0.012     4.4154     42.181     37.100  29.734436     5.5426     10.095   179.4445 1.8647e+01     8.5866      2.646      3.837    15.1006 0.0000e+00
      2.702      0.014     4.3634     41.854     37.088  29.723019     5.5387     10.092   179.6491 1.8555e+01     8.4858      2.649      3.843    15.0926 0.0000e+00
      2.706      0.014     4.3200     41.570     37.074  29.711593     5.4784     10.088   179.8540 1.8481e+01     8.3263      2.653      3.847    15.0834 0.0000e+00
      2.709      0.013     4.2815     41.352     37.088  29.723150     5.3877     10.084   180.0285 1.8433e+01     8.2985      2.657      3.853    15.0749 0.0000e+00
      2.712      0.011     4.2456     41.216     37.102  29.735890     5.3577     10.081   180.0393 1.8397e+01     8.4228      2.659      3.857    15.0683 0.0000e+00
      2.715      0.010     4.2127     41.145     37.103  29.738769     5.3571     10.078   180.1562 1.8349e+01     8.4974      2.662      3.862    15.0670 0.0000e+00
      2.717      0.009     4.1830     41.105     37.127  29.757966     5.2802     10.074   180.4953 1.8307e+01     8.4489      2.665      3.866    15.0670 0.0000e+00
      2.719      0.009     4.1602     41.094     37.155  29.777696     5.1607     10.070   180.6972 1.8273e+01     8.3833      2.666      3.867    15.0666 0.0000e+00
      2.720      0.009     4.1472     41.118     37.174  29.787030     5.1182     10.067   180.7047 1.8214e+01     8.4204      2.667      3.869    15.0689 0.0000e+00
      2.721      0.010     4.1414     41.149     37.208  29.807376     5.1413     10.065   180.7572 1.8137e+01     8.5569      2.669      3.871    15.0723 0.0000e+00
      2.724      0.012     4.1372     41.141     37.250  29.833393     5.1406     10.063   180.9026 1.8055e+01     8.5643      2.671      3.875    15.0736 0.0000e+00
      2.728      0.014     4.1351     41.051     37.278  29.847859     5.1266     10.060   181.0866 1.7949e+01     8.5097      2.675      3.880    15.0700 0.0000e+00
      2.733      0.014     4.1404     40.879     37.295  29.855423     5.1384     10.057   181.1754 1.7809e+01     8.5806      2.680      3.887    15.0612 0.0000e+00
      2.738      0.014     4.1454     40.629     37.308  29.861412     5.1665     10.054   181.0294 1.7676e+01     8.6700      2.685      3.894    15.0510 0.0000e+00
      2.742      0.013     4.1481     40.275     37.308  29.856828     5.2006     10.051   180.8696 1.7573e+01     8.7707      2.689      3.900    15.0408 0.0000e+00
      2.746      0.011     4.1392     39.846     37.320  29.863420     5.2423     10.048   180.8791 1.7486e+01     8.7735      2.692      3.905    15.0307 0.0000e+00
      2.748      0.010     4.1217     39.406     37.340  29.877684     5.2968     10.045   180.9719 1.7446e+01     8.6692      2.694      3.908    15.0220 0.0000e+00
      2.748      0.010     4.0999     38.972     37.375  29.902416     5.3427     10.041   181.0451 1.7401e+01     8.7047      2.695      3.909    15.0150 0.0000e+00
      2.750      0.011     4.0630     38.561     37.466  29.972155     5.3731     10.039   181.1615 1.7310e+01     8.8269      2.696      3.910    15.0102 0.0000e+00
