Data/DataNotYetUploadedToEDI/Raw_CTD/RawDownloads/060225_fcr50_S7809001.cnv
* Sea-Bird SBE19plus  Data File:
* FileName = C:\R\Reservoirs\Data\DataNotYetUploadedToEDI\Raw_CTD\RawDownloads\060225_fcr50_S7809_0001.hex
* Software version 2.8.0.119
* Temperature SN = 7809
* Conductivity SN = 7809
* System UpLoad Time = Jun 02 2025 17:16:03
* <ApplicationData>
* <Seaterm232>
# nquan = 15
# nvalues = 5014                        
# units = specified
# name 0 = depFM: Depth [fresh water, m]
# name 1 = dz/dtM: Descent Rate [m/s]
# name 2 = sbeox0Mg/L: Oxygen, SBE 43 [mg/l]
# name 3 = sbeox0PS: Oxygen, SBE 43 [% saturation]
# name 4 = specc: Specific Conductance [uS/cm]
# name 5 = c0uS/cm: Conductivity [uS/cm]
# name 6 = flECO-AFL: Fluorescence, WET Labs ECO-AFL/FL [mg/m^3]
# name 7 = ph: pH
# name 8 = orp: Oxidation Reduction Potential [mV]
# name 9 = par/sat/log: PAR/Logarithmic, Satlantic
# name 10 = turbWETntu0: Turbidity, WET Labs ECO [NTU]
# name 11 = prdM: Pressure, Strain Gauge [db]
# name 12 = prdE: Pressure, Strain Gauge [psi]
# name 13 = tv290C: Temperature [ITS-90, deg C]
# name 14 = flag:  0.000e+00
# span 0 =     -0.626,      9.683       
# span 1 =     -0.555,      0.126       
# span 2 =     0.0026,    11.3347       
# span 3 =      1.132,    121.903       
# span 4 =      0.485,    136.969       
# span 5 =   0.442003,  96.942153       
# span 6 =    -2.0673,    75.7330       
# span 7 =     -2.160,     10.775       
# span 8 = -1240.7455,  1216.5377       
# span 9 = 1.2356e-01, 2.2687e+03       
# span 10 =    -2.3618,   953.0859      
# span 11 =     -0.614,      9.496      
# span 12 =     -0.891,     13.773      
# span 13 =    10.3182,    22.2808      
# span 14 = 0.0000e+00, 0.0000e+00      
# interval = seconds: 0.25
# start_time = Jun 02 2025 11:33:50 [Instrument's time stamp, header]
# bad_flag = -9.990e-29
*END*
[from data line 1157]
      1.701      0.007     9.8975    101.468     33.231  27.684269    16.5920     10.444   149.6363 1.1393e+02     5.1461      1.668      2.420    16.6485 0.0000e+00
      1.703      0.009     9.8905    101.462     33.233  27.684279    16.5855     10.443   149.9881 1.1353e+02     5.1581      1.670      2.421    16.6502 0.0000e+00
      1.706      0.011     9.8831    101.446     33.221  27.672758    16.5134     10.442   149.8252 1.1293e+02     5.0914      1.673      2.426    16.6512 0.0000e+00
      1.710      0.012     9.8776    101.442     33.221  27.671815    16.4272     10.441   149.2155 1.1237e+02     5.0568      1.678      2.433    16.6514 0.0000e+00
      1.714      0.014     9.8774    101.460     33.224  27.672873    16.3918     10.441   149.0689 1.1195e+02     5.0815      1.681      2.439    16.6504 0.0000e+00
      1.716      0.015     9.8785    101.434     33.240  27.685550    16.3855     10.440   149.3429 1.1153e+02     5.1162      1.683      2.442    16.6486 0.0000e+00
      1.719      0.016     9.8763    101.348     33.257  27.698245    16.2671     10.438   149.7754 1.1080e+02     5.0670      1.685      2.444    16.6464 0.0000e+00
      1.724      0.017     9.8738    101.199     33.262  27.699512    16.0430     10.436   150.3400 1.0998e+02     5.0336      1.692      2.454    16.6444 0.0000e+00
      1.729      0.017     9.8818    100.972     33.269  27.700877    15.9315     10.435   150.6631 1.0931e+02     5.1218      1.697      2.461    16.6423 0.0000e+00
      1.734      0.017     9.8783    100.707     33.294  27.714738    15.9428     10.435   150.5854 1.0847e+02     5.2110      1.700      2.465    16.6407 0.0000e+00
      1.739      0.016     9.8696    100.441     33.333  27.740247    15.9380     10.434   150.2606 1.0771e+02     5.1904      1.707      2.476    16.6393 0.0000e+00
      1.744      0.014     9.8586    100.180     33.358  27.755584    15.8822     10.432   150.0915 1.0726e+02     5.0770      1.711      2.482    16.6367 0.0000e+00
      1.747      0.012     9.8344     99.920     33.384  27.773321    15.8176     10.431   150.3479 1.0688e+02     5.0357      1.713      2.485    16.6293 0.0000e+00
      1.750      0.012     9.8104     99.644     33.453  27.827843    15.8057     10.430   150.7796 1.0661e+02     5.1008      1.716      2.489    16.6174 0.0000e+00
      1.752      0.012     9.7869     99.319     33.552  27.907407    15.8213     10.427   151.0952 1.0642e+02     5.1130      1.718      2.491    16.6064 0.0000e+00
      1.753      0.014     9.7624     98.893     33.636  27.974204    15.7483     10.425   151.3252 1.0609e+02     5.0127      1.719      2.493    16.5984 0.0000e+00
      1.756      0.016     9.7399     98.394     33.672  28.001218    15.5968     10.424   151.4948 1.0545e+02     4.9469      1.721      2.497    16.5924 0.0000e+00
      1.761      0.018     9.7137     97.886     33.652  27.980319    15.5214     10.422   151.5108 1.0443e+02     5.0352      1.726      2.503    16.5878 0.0000e+00
      1.769      0.019     9.6863     97.300     33.650  27.975214    15.5364     10.420   151.5179 1.0331e+02     5.1236      1.734      2.515    16.5843 0.0000e+00
      1.775      0.019     9.6453     96.570     33.686  28.002924    15.5527     10.419   151.7537 1.0256e+02     5.0586      1.742      2.526    16.5806 0.0000e+00
      1.780      0.019     9.5907     95.703     33.683  27.998224    15.5606     10.418   152.0377 1.0223e+02     4.9670      1.746      2.533    16.5750 0.0000e+00
      1.783      0.018     9.5493     94.726     33.667  27.981802    15.5823     10.416   152.1994 1.0194e+02     5.0066      1.749      2.536    16.5688 0.0000e+00
      1.786      0.016     9.4946     93.708     33.686  27.994643    15.6144     10.414   152.5906 1.0148e+02     5.1276      1.751      2.540    16.5636 0.0000e+00
      1.790      0.016     9.4236     92.774     33.727  28.026630    15.7078     10.411   153.0679 1.0081e+02     5.2006      1.755      2.545    16.5595 0.0000e+00
      1.795      0.015     9.3390     91.991     33.761  28.051426    15.8545     10.409   153.1513 1.0009e+02     5.1375      1.760      2.553    16.5564 0.0000e+00
      1.800      0.014     9.2423     91.323     33.751  28.040736    15.9233     10.408   153.0830 9.9565e+01     5.0130      1.766      2.561    16.5531 0.0000e+00
      1.804      0.013     9.1387     90.758     33.733  28.024232    15.9234     10.407   153.1027 9.9173e+01     5.0280      1.769      2.566    16.5490 0.0000e+00
      1.807      0.013     9.0441     90.283     33.757  28.042155    15.8805     10.405   153.1315 9.8774e+01     5.1138      1.772      2.571    16.5444 0.0000e+00
      1.809      0.013     8.9738     89.892     33.788  28.067152    15.7874     10.404   153.4311 9.8505e+01     5.1275      1.775      2.574    16.5403 0.0000e+00
      1.811      0.014     8.9067     89.574     33.798  28.072762    15.7222     10.402   153.9721 9.8300e+01     5.0915      1.775      2.575    16.5365 0.0000e+00
      1.813      0.016     8.8546     89.328     33.769  28.046567    15.6917     10.400   154.1666 9.7804e+01     5.0197      1.777      2.577    16.5335 0.0000e+00
      1.818      0.018     8.8077     89.175     33.722  28.004123    15.6596     10.398   154.0614 9.6890e+01     4.9774      1.782      2.584    16.5318 0.0000e+00
      1.826      0.018     8.7702     89.082     33.725  28.003558    15.4756     10.397   153.9911 9.5875e+01     4.9560      1.791      2.597    16.5303 0.0000e+00
      1.832      0.018     8.7411     89.023     33.771  28.039725    15.1313     10.395   153.7472 9.5130e+01     4.9312      1.798      2.608    16.5277 0.0000e+00
      1.837      0.017     8.7144     89.018     33.798  28.060865    14.9254     10.392   153.3488 9.4724e+01     4.9854      1.802      2.613    16.5232 0.0000e+00
      1.839      0.015     8.7037     89.059     33.809  28.068870    14.9013     10.389   153.6486 9.4479e+01     5.0646      1.804      2.616    16.5181 0.0000e+00
      1.842      0.012     8.6965     89.122     33.816  28.073090    14.9555     10.387   154.5322 9.4174e+01     5.0354      1.806      2.619    16.5138 0.0000e+00
      1.845      0.010     8.6891     89.197     33.787  28.048470    15.0565     10.387   154.9125 9.3779e+01     4.9050      1.809      2.624    16.5108 0.0000e+00
      1.848      0.008     8.6896     89.232     33.760  28.024883    15.0991     10.387   154.8912 9.3449e+01     4.7865      1.813      2.628    16.5089 0.0000e+00
      1.850      0.007     8.6962     89.204     33.780  28.041605    15.0797     10.385   154.7048 9.3280e+01     4.7984      1.815      2.631    16.5072 0.0000e+00
      1.851      0.006     8.7004     89.124     33.802  28.060381    15.0799     10.382   154.2937 9.3258e+01     4.8778      1.815      2.633    16.5050 0.0000e+00
      1.852      0.006     8.7125     89.016     33.802  28.061624    15.0934     10.382   154.1354 9.3278e+01     4.8581      1.816      2.634    16.5031 0.0000e+00
      1.852      0.007     8.7160     88.905     33.796  28.056633    15.0933     10.381   154.5123 9.3155e+01     4.7646      1.816      2.634    16.5023 0.0000e+00
      1.854      0.008     8.7123     88.784     33.805  28.063461    15.0873     10.377   155.0651 9.2820e+01     4.7045      1.817      2.636    16.5022 0.0000e+00
      1.857      0.009     8.7047     88.683     33.826  28.080746    15.0199     10.374   155.3990 9.2398e+01     4.8143      1.821      2.641    16.5031 0.0000e+00
      1.861      0.009     8.6909     88.611     33.818  28.075354    14.9036     10.372   155.5374 9.2108e+01     5.0675      1.825      2.647    16.5043 0.0000e+00
      1.863      0.008     8.6833     88.548     33.800  28.061692    14.8295     10.371   155.5334 9.1909e+01     5.1351      1.827      2.650    16.5041 0.0000e+00
      1.865      0.007     8.6681     88.498     33.775  28.042416    14.8060     10.370   155.5233 9.1718e+01     5.0170      1.829      2.652    16.5030 0.0000e+00
      1.867      0.006     8.6586     88.485     33.760  28.032566    14.9193     10.367   155.5016 9.1651e+01     4.9040      1.831      2.655    16.5034 0.0000e+00
      1.867      0.006     8.6526     88.506     33.803  28.069460    15.1672     10.366   155.4438 9.1598e+01     4.8618      1.831      2.656    16.5040 0.0000e+00
      1.868      0.007     8.6461     88.518     33.851  28.107935    15.3229     10.365   155.6847 9.1484e+01     4.9505      1.832      2.656    16.5056 0.0000e+00
      1.869      0.009     8.6395     88.524     33.866  28.117200    15.3282     10.362   156.0904 9.1222e+01     4.9515      1.833      2.658    16.5095 0.0000e+00
      1.872      0.010     8.6362     88.534     33.871  28.118058    15.2987     10.360   156.3064 9.0766e+01     4.8059      1.835      2.662    16.5138 0.0000e+00
      1.876      0.013     8.6418     88.522     33.876  28.118300    15.2741     10.359   156.4027 9.0318e+01     4.7957      1.840      2.668    16.5162 0.0000e+00
      1.880      0.015     8.6417     88.454     33.884  28.120127    15.2467     10.357   156.4810 8.9870e+01     4.9310      1.843      2.674    16.5135 0.0000e+00
      1.883      0.016     8.6430     88.305     33.914  28.140143    15.2343     10.356   156.1344 8.9303e+01     5.0412      1.847      2.679    16.5086 0.0000e+00
      1.888      0.018     8.6457     88.045     33.956  28.170023    15.2314     10.355   155.5666 8.8624e+01     5.0345      1.851      2.685    16.5041 0.0000e+00
      1.893      0.019     8.6475     87.698     33.954  28.164268    15.3118     10.352   155.5529 8.8020e+01     4.9184      1.857      2.693    16.4980 0.0000e+00
      1.897      0.019     8.6419     87.327     33.922  28.133973    15.5073     10.350   155.7965 8.7535e+01     4.8670      1.861      2.699    16.4909 0.0000e+00
      1.902      0.019     8.6307     86.906     33.911  28.120863    15.6397     10.349   156.1033 8.6822e+01     4.9252      1.865      2.704    16.4836 0.0000e+00
      1.908      0.018     8.6068     86.425     33.928  28.132612    15.6647     10.347   156.5093 8.6043e+01     4.9051      1.872      2.714    16.4771 0.0000e+00
      1.914      0.016     8.5678     85.940     33.948  28.149172    15.7347     10.345   156.1450 8.5628e+01     4.7944      1.877      2.724    16.4710 0.0000e+00
      1.918      0.014     8.5370     85.492     33.923  28.130805    15.8782     10.343   155.0531 8.5374e+01     4.7481      1.881      2.728    16.4640 0.0000e+00
      1.921      0.012     8.4975     85.104     33.882  28.100810    15.9757     10.341   154.4929 8.5120e+01     4.7903      1.884      2.732    16.4576 0.0000e+00
      1.923      0.010     8.4477     84.823     33.882  28.103650    16.0142     10.339   154.5347 8.4874e+01     4.8604      1.885      2.734    16.4543 0.0000e+00
      1.925      0.009     8.3993     84.675     33.877  28.101719    16.1368     10.338   154.8697 8.4566e+01     4.8784      1.888      2.737    16.4545 0.0000e+00
      1.927      0.010     8.3544     84.651     33.844  28.077468    16.3510     10.336   155.5326 8.4318e+01     4.8706      1.890      2.741    16.4584 0.0000e+00
      1.929      0.012     8.3135     84.759     33.823  28.064143    16.4893     10.334   156.0106 8.4210e+01     4.9380      1.891      2.743    16.4647 0.0000e+00
      1.930      0.014     8.2833     84.958     33.819  28.067468    16.5520     10.332   155.6586 8.3972e+01     5.0099      1.893      2.745    16.4696 0.0000e+00
      1.934      0.015     8.2708     85.200     33.797  28.054250    16.8014     10.330   154.7189 8.3296e+01     4.9543      1.896      2.749    16.4731 0.0000e+00
      1.941      0.016     8.2653     85.494     33.765  28.031175    17.2161     10.328   154.1985 8.2416e+01     4.8118      1.903      2.760    16.4759 0.0000e+00
      1.947      0.016     8.2772     85.862     33.776  28.042187    17.4300     10.326   154.1855 8.1831e+01     4.7903      1.911      2.771    16.4816 0.0000e+00
      1.951      0.015     8.2976     86.285     33.796  28.060537    17.4558     10.324   154.4755 8.1611e+01     4.8989      1.914      2.776    16.4919 0.0000e+00
      1.953      0.014     8.3181     86.714     33.796  28.062772    17.4698     10.323   155.0379 8.1462e+01     4.8949      1.915      2.777    16.5013 0.0000e+00
      1.955      0.011     8.3453     87.116     33.802  28.069213    17.5171     10.321   155.3927 8.1196e+01     4.7763      1.916      2.780    16.5063 0.0000e+00
      1.958      0.009     8.3807     87.475     33.810  28.074993    17.6029     10.319   155.3229 8.0845e+01     4.7284      1.920      2.784    16.5085 0.0000e+00
      1.961      0.009     8.4249     87.786     33.804  28.069229    17.6497     10.317   155.0545 8.0570e+01     4.7941      1.924      2.790    16.5114 0.0000e+00
      1.963      0.009     8.4661     88.038     33.799  28.062949    17.6753     10.316   154.8148 8.0452e+01     4.8872      1.925      2.793    16.5149 0.0000e+00
      1.964      0.010     8.5064     88.200     33.801  28.062486    17.7618     10.314   154.6614 8.0380e+01     4.8645      1.926      2.793    16.5164 0.0000e+00
      1.965      0.011     8.5411     88.269     33.804  28.063631    17.8878     10.312   154.5766 8.0174e+01     4.7586      1.927      2.795    16.5153 0.0000e+00
      1.968      0.013     8.5721     88.294     33.818  28.076788    17.9677     10.309   154.5633 7.9734e+01     4.7679      1.929      2.798    16.5131 0.0000e+00
      1.972      0.013     8.5987     88.287     33.834  28.094714    18.0211     10.307   155.0170 7.9116e+01     4.8739      1.934      2.804    16.5106 0.0000e+00
      1.977      0.013     8.6161     88.239     33.822  28.090102    18.2327     10.306   155.7608 7.8528e+01     4.9130      1.939      2.813    16.5064 0.0000e+00
      1.982      0.012     8.6209     88.213     33.811  28.084450    18.5796     10.305   155.8993 7.8189e+01     4.8658      1.945      2.821    16.5022 0.0000e+00
      1.985      0.010     8.6211     88.203     33.815  28.089810    18.7527     10.302   155.4861 7.8038e+01     4.8157      1.948      2.825    16.5054 0.0000e+00
      1.987      0.008     8.6231     88.136     33.815  28.091483    18.7688     10.301   154.9809 7.7936e+01     4.8188      1.948      2.826    16.5145 0.0000e+00
      1.988      0.006     8.6105     87.995     33.828  28.104679    18.8253     10.300   154.7809 7.7836e+01     4.9034      1.949      2.827    16.5226 0.0000e+00
      1.988      0.006     8.6082     87.753     33.844  28.122514    18.9019     10.298   155.5640 7.7709e+01     5.0529      1.950      2.828    16.5278 0.0000e+00
      1.989      0.006     8.6113     87.412     33.833  28.116853    18.9216     10.296   156.7056 7.7549e+01     5.1238      1.952      2.829    16.5313 0.0000e+00
      1.991      0.007     8.6028     87.055     33.809  28.099660    18.9054     10.295   156.9693 7.7357e+01     5.0438      1.954      2.833    16.5326 0.0000e+00
      1.993      0.008     8.5901     86.720     33.813  28.104921    19.0389     10.293   156.8593 7.7102e+01     4.9390      1.955      2.835    16.5356 0.0000e+00
      1.996      0.008     8.5670     86.424     33.826  28.117039    19.3117     10.291   156.8371 7.6789e+01     4.8808      1.957      2.839    16.5426 0.0000e+00
      1.998      0.009     8.5271     86.236     33.829  28.119327    19.4417     10.289   156.4431 7.6529e+01     4.8185      1.960      2.843    16.5483 0.0000e+00
      2.000      0.010     8.4903     86.149     33.845  28.132581    19.4286     10.288   155.9674 7.6389e+01     4.8008      1.962      2.845    16.5527 0.0000e+00
      2.002      0.011     8.4596     86.099     33.868  28.150432    19.4105     10.286   156.5059 7.6256e+01     4.8381      1.964      2.848    16.5557 0.0000e+00
      2.005      0.013     8.4241     86.047     33.867  28.144885    19.2977     10.283   157.7925 7.5934e+01     4.9277      1.965      2.850    16.5571 0.0000e+00
