Data/DataNotYetUploadedToEDI/Raw_CTD/RawDownloads/060225_fcr40_S7809005.cnv
* Sea-Bird SBE19plus  Data File:
* FileName = C:\R\Reservoirs\Data\DataNotYetUploadedToEDI\Raw_CTD\RawDownloads\060225_fcr50_S7809_0005.hex
* Software version 2.8.0.119
* Temperature SN = 7809
* Conductivity SN = 7809
* System UpLoad Time = Jun 02 2025 17:20:17
* <ApplicationData>
* <Seaterm232>
# nquan = 15
# nvalues = 4022                        
# units = specified
# name 0 = depFM: Depth [fresh water, m]
# name 1 = dz/dtM: Descent Rate [m/s]
# name 2 = sbeox0Mg/L: Oxygen, SBE 43 [mg/l]
# name 3 = sbeox0PS: Oxygen, SBE 43 [% saturation]
# name 4 = specc: Specific Conductance [uS/cm]
# name 5 = c0uS/cm: Conductivity [uS/cm]
# name 6 = flECO-AFL: Fluorescence, WET Labs ECO-AFL/FL [mg/m^3]
# name 7 = ph: pH
# name 8 = orp: Oxidation Reduction Potential [mV]
# name 9 = par/sat/log: PAR/Logarithmic, Satlantic
# name 10 = turbWETntu0: Turbidity, WET Labs ECO [NTU]
# name 11 = prdM: Pressure, Strain Gauge [db]
# name 12 = prdE: Pressure, Strain Gauge [psi]
# name 13 = tv290C: Temperature [ITS-90, deg C]
# name 14 = flag:  0.000e+00
# span 0 =     -0.619,      6.323       
# span 1 =     -0.472,      0.179       
# span 2 =     0.6685,    12.1679       
# span 3 =      6.419,    132.458       
# span 4 =      1.712,     41.553       
# span 5 =   1.365469,  29.328330       
# span 6 =    -0.9549,    24.1975       
# span 7 =      7.761,     11.017       
# span 8 =     4.6732,   319.6093       
# span 9 = 1.2362e-01, 2.1626e+03       
# span 10 =    -0.7781,   136.0501      
# span 11 =     -0.608,      6.201      
# span 12 =     -0.882,      8.994      
# span 13 =    10.2782,    19.8765      
# span 14 = 0.0000e+00, 0.0000e+00      
# interval = seconds: 0.25
# start_time = Jun 02 2025 13:35:37 [Instrument's time stamp, header]
# bad_flag = -9.990e-29
*END*
[from data line 3374]
      5.917      0.011     9.1309     81.704     39.298  27.769849     2.0668      7.779   314.0629 1.2376e-01     8.7061      5.802      8.415    10.3337 0.0000e+00
      5.922      0.011     9.1359     81.726     39.312  27.781278     2.1404      7.778   314.2170 1.2370e-01     8.9283      5.807      8.423    10.3317 0.0000e+00
      5.927      0.012     9.1408     81.715     39.297  27.769746     2.1934      7.778   314.3245 1.2370e-01     8.9818      5.814      8.433    10.3312 0.0000e+00
      5.930      0.013     9.1459     81.670     39.284  27.757271     2.1906      7.778   314.3298 1.2375e-01     8.9093      5.817      8.436    10.3289 0.0000e+00
      5.931      0.014     9.1516     81.614     39.290  27.757281     2.2312      7.779   314.3669 1.2378e-01     8.9742      5.816      8.435    10.3279 0.0000e+00
      5.932      0.015     9.1535     81.569     39.313  27.769872     2.3606      7.779   314.3430 1.2378e-01     9.1510      5.816      8.437    10.3326 0.0000e+00
      5.936      0.015     9.1527     81.534     39.335  27.782643     2.4231      7.779   314.2990 1.2375e-01     9.2026      5.821      8.443    10.3330 0.0000e+00
      5.943      0.016     9.1477     81.488     39.341  27.784834     2.4037      7.778   314.3508 1.2369e-01     9.1197      5.828      8.452    10.3262 0.0000e+00
      5.950      0.016     9.1419     81.446     39.359  27.796367     2.4093      7.778   314.3674 1.2369e-01     9.1054      5.836      8.465    10.3202 0.0000e+00
      5.954      0.016     9.1375     81.434     39.357  27.795233     2.4483      7.778   314.4129 1.2374e-01     9.2348      5.841      8.471    10.3158 0.0000e+00
      5.956      0.014     9.1363     81.441     39.321  27.771131     2.4852      7.777   314.4710 1.2371e-01     9.3862      5.840      8.471    10.3121 0.0000e+00
      5.959      0.011     9.1306     81.447     39.301  27.758655     2.4801      7.777   314.4678 1.2369e-01     9.3982      5.844      8.475    10.3097 0.0000e+00
      5.963      0.009     9.1241     81.440     39.316  27.771244     2.4367      7.777   314.5463 1.2377e-01     9.3123      5.848      8.481    10.3083 0.0000e+00
      5.965      0.008     9.1244     81.421     39.351  27.796491     2.3856      7.777   314.6460 1.2381e-01     9.2350      5.850      8.485    10.3082 0.0000e+00
      5.967      0.008     9.1252     81.426     39.371  27.810215     2.3611      7.778   314.6400 1.2375e-01     9.2151      5.851      8.487    10.3102 0.0000e+00
      5.968      0.007     9.1258     81.468     39.371  27.810319     2.3740      7.778   314.6462 1.2372e-01     9.2427      5.852      8.488    10.3131 0.0000e+00
      5.969      0.006     9.1246     81.498     39.353  27.797749     2.3746      7.777   314.7216 1.2375e-01     9.1934      5.853      8.489    10.3154 0.0000e+00
      5.972      0.006     9.1210     81.510     39.333  27.785084     2.3187      7.776   314.7767 1.2381e-01     9.1998      5.856      8.493    10.3166 0.0000e+00
      5.974      0.007     9.1188     81.523     39.329  27.784046     2.2384      7.776   314.7976 1.2389e-01     9.3885      5.859      8.497    10.3161 0.0000e+00
      5.974      0.008     9.1289     81.520     39.329  27.785199     2.1864      7.776   314.8016 1.2387e-01     9.4588      5.858      8.498    10.3156 0.0000e+00
      5.975      0.009     9.1315     81.520     39.348  27.799028     2.1731      7.776   314.8250 1.2380e-01     9.3664      5.859      8.497    10.3163 0.0000e+00
      5.978      0.010     9.1294     81.521     39.383  27.824397     2.2196      7.777   314.8221 1.2381e-01     9.2623      5.862      8.502    10.3181 0.0000e+00
      5.982      0.010     9.1347     81.509     39.403  27.838227     2.3064      7.777   314.7666 1.2381e-01     9.1910      5.867      8.509    10.3199 0.0000e+00
      5.985      0.010     9.1306     81.496     39.407  27.839390     2.3651      7.777   314.7556 1.2373e-01     9.2214      5.870      8.514    10.3209 0.0000e+00
      5.987      0.009     9.1310     81.490     39.408  27.838455     2.3645      7.777   314.7757 1.2371e-01     9.1850      5.872      8.516    10.3231 0.0000e+00
      5.990      0.008     9.1323     81.475     39.395  27.826925     2.3318      7.777   314.7515 1.2375e-01     9.0594      5.874      8.519    10.3244 0.0000e+00
      5.992      0.006     9.1299     81.440     39.397  27.826832     2.3198      7.777   314.7218 1.2378e-01     9.0345      5.877      8.524    10.3224 0.0000e+00
      5.994      0.006     9.1287     81.392     39.414  27.837325     2.3354      7.777   314.7598 1.2377e-01     9.1233      5.879      8.526    10.3201 0.0000e+00
      5.995      0.007     9.1291     81.328     39.399  27.826936     2.3632      7.778   314.7818 1.2377e-01     9.2452      5.879      8.526    10.3180 0.0000e+00
      5.995      0.009     9.1298     81.259     39.400  27.828071     2.3972      7.778   314.8153 1.2383e-01     9.2436      5.879      8.526    10.3151 0.0000e+00
      5.996      0.011     9.1239     81.191     39.433  27.851060     2.4307      7.778   314.9065 1.2387e-01     9.1380      5.880      8.528    10.3128 0.0000e+00
      6.000      0.013     9.1208     81.128     39.433  27.851184     2.4595      7.778   314.9389 1.2381e-01     9.1296      5.883      8.533    10.3122 0.0000e+00
      6.006      0.015     9.1117     81.095     39.404  27.829568     2.4791      7.777   314.9479 1.2374e-01     9.1429      5.889      8.542    10.3116 0.0000e+00
      6.011      0.015     9.1044     81.086     39.427  27.843406     2.4518      7.777   315.0160 1.2375e-01     9.0603      5.896      8.552    10.3120 0.0000e+00
      6.015      0.014     9.0970     81.089     39.497  27.891642     2.3790      7.777   315.0742 1.2382e-01     9.0185      5.898      8.555    10.3129 0.0000e+00
      6.018      0.013     9.0876     81.108     39.517  27.905367     2.3391      7.776   314.9625 1.2385e-01     9.1155      5.901      8.559    10.3125 0.0000e+00
      6.022      0.011     9.0854     81.128     39.486  27.882503     2.3525      7.776   314.7845 1.2380e-01     9.2423      5.906      8.567    10.3108 0.0000e+00
      6.023      0.010     9.0858     81.127     39.468  27.868903     2.3752      7.777   314.7288 1.2381e-01     9.2197      5.907      8.567    10.3068 0.0000e+00
      6.024      0.010     9.0863     81.111     39.467  27.867789     2.4133      7.778   314.7185 1.2387e-01     9.2183      5.907      8.568    10.3048 0.0000e+00
      6.027      0.011     9.0879     81.071     39.468  27.869029     2.4801      7.778   314.7456 1.2390e-01     9.4303      5.911      8.574    10.3061 0.0000e+00
      6.030      0.012     9.0933     80.998     39.488  27.883897     2.5337      7.777   314.7986 1.2390e-01     9.6312      5.914      8.577    10.3049 0.0000e+00
      6.033      0.013     9.0914     80.908     39.540  27.920704     2.5620      7.777   314.8427 1.2388e-01     9.6997      5.914      8.578    10.3029 0.0000e+00
      6.038      0.013     9.0908     80.817     39.558  27.933494     2.6396      7.777   314.8488 1.2386e-01     9.7124      5.922      8.588    10.3034 0.0000e+00
      6.043      0.013     9.0868     80.747     39.528  27.911688     2.7726      7.776   314.7867 1.2382e-01     9.7503      5.928      8.597    10.3041 0.0000e+00
      6.045      0.012     9.0774     80.698     39.528  27.910753     2.8630      7.776   314.7799 1.2377e-01     9.8853      5.928      8.599    10.3038 0.0000e+00
      6.047      0.011     9.0672     80.629     39.545  27.922191     2.9004      7.776   314.8533 1.2378e-01    10.0117      5.929      8.600    10.3040 0.0000e+00
      6.050      0.009     9.0553     80.537     39.546  27.923127     2.8995      7.776   314.8998 1.2382e-01     9.9802      5.934      8.606    10.3045 0.0000e+00
      6.053      0.008     9.0474     80.464     39.545  27.922077     2.8530      7.776   314.9118 1.2381e-01     9.8465      5.936      8.610    10.3035 0.0000e+00
      6.054      0.009     9.0448     80.415     39.527  27.909496     2.8045      7.776   314.9127 1.2380e-01     9.7274      5.935      8.609    10.3027 0.0000e+00
      6.055      0.009     9.0377     80.357     39.511  27.897861     2.7957      7.776   314.9107 1.2380e-01     9.7362      5.938      8.612    10.3022 0.0000e+00
      6.058      0.009     9.0242     80.291     39.525  27.908249     2.7877      7.776   314.9734 1.2380e-01     9.8838      5.941      8.617    10.3015 0.0000e+00
      6.062      0.009     9.0158     80.224     39.525  27.908249     2.7497      7.774   315.0679 1.2385e-01    10.0092      5.945      8.623    10.3016 0.0000e+00
      6.064      0.008     9.0135     80.202     39.510  27.897861     2.7445      7.774   315.1065 1.2387e-01    10.0902      5.948      8.627    10.3017 0.0000e+00
      6.065      0.008     9.0050     80.225     39.526  27.909497     2.7572      7.774   315.0967 1.2382e-01    10.1802      5.948      8.627    10.3016 0.0000e+00
      6.066      0.008     8.9989     80.195     39.544  27.922087     2.6707      7.774   315.1213 1.2379e-01    10.2100      5.949      8.628    10.3016 0.0000e+00
      6.068      0.009     8.9894     80.160     39.545  27.923231     2.5064      7.774   315.1454 1.2379e-01    10.1422      5.951      8.631    10.3017 0.0000e+00
      6.070      0.010     8.9823     80.186     39.544  27.923335     2.4095      7.775   315.0452 1.2374e-01    10.0440      5.952      8.633    10.3023 0.0000e+00
      6.072      0.012     8.9970     80.235     39.542  27.923345     2.4064      7.775   314.9415 1.2366e-01    10.0476      5.953      8.634    10.3027 0.0000e+00
      6.077      0.014     8.9863     80.264     39.542  27.923346     2.4361      7.775   314.9245 1.2369e-01    10.1517      5.960      8.644    10.3028 0.0000e+00
      6.081      0.015     8.9790     80.274     39.544  27.923346     2.4436      7.775   314.9254 1.2375e-01    10.3798      5.966      8.652    10.3033 0.0000e+00
      6.084      0.015     8.9854     80.248     39.546  27.923345     2.3975      7.775   314.9527 1.2376e-01    10.6879      5.966      8.652    10.3043 0.0000e+00
      6.088      0.014     8.9922     80.178     39.547  27.923336     2.3452      7.776   314.9107 1.2376e-01    10.7687      5.970      8.658    10.3062 0.0000e+00
      6.093      0.013     8.9947     80.147     39.547  27.923233     2.3524      7.776   314.8476 1.2379e-01    10.7759      5.976      8.668    10.3071 0.0000e+00
      6.096      0.012     8.9954     80.124     39.547  27.922099     2.4835      7.775   314.9645 1.2383e-01    11.2198      5.978      8.671    10.3044 0.0000e+00
      6.098      0.012     8.9989     80.075     39.530  27.909622     2.6659      7.774   315.0328 1.2385e-01    11.8658      5.979      8.673    10.3016 0.0000e+00
      6.101      0.012     8.9799     80.038     39.515  27.899223     2.7344      7.774   314.8988 1.2384e-01    12.1306      5.983      8.678    10.3016 0.0000e+00
      6.103      0.013     8.9825     80.005     39.548  27.923223     2.7625      7.774   314.8071 1.2383e-01    12.2347      5.986      8.681    10.3012 0.0000e+00
      6.105      0.016     8.9826     79.971     39.581  27.946088     3.1563      7.774   314.8706 1.2383e-01    13.4318      5.987      8.683    10.3000 0.0000e+00
      6.109      0.017     8.9717     79.947     39.550  27.921974     3.8749      7.774   314.9790 1.2382e-01    15.6055      5.990      8.687    10.2990 0.0000e+00
      6.116      0.017     8.9714     79.940     39.500  27.885384     4.2514      7.773   314.9989 1.2384e-01    16.7569      5.997      8.697    10.2992 0.0000e+00
      6.123      0.016     8.9658     79.937     39.499  27.884240     4.2705      7.772   315.0241 1.2385e-01    16.8673      6.006      8.711    10.3009 0.0000e+00
      6.128      0.013     8.9623     79.935     39.534  27.908136     4.3564      7.773   315.1124 1.2377e-01    17.3502      6.011      8.719    10.3006 0.0000e+00
      6.131      0.010     8.9595     79.951     39.552  27.920602     4.5241      7.773   315.1202 1.2378e-01    18.2568      6.012      8.720    10.2976 0.0000e+00
      6.131      0.006     8.9599     79.982     39.535  27.908114     4.6175      7.773   315.1177 1.2386e-01    18.7422      6.012      8.720    10.2952 0.0000e+00
      6.131      0.004     8.9606     80.021     39.501  27.884001     4.6197      7.773   315.2553 1.2385e-01    18.7442      6.013      8.721    10.2944 0.0000e+00
      6.131      0.002     8.9584     80.073     39.499  27.882765     4.6173      7.773   315.4078 1.2378e-01    19.0662      6.012      8.720    10.2942 0.0000e+00
      6.131      0.002     8.9611     80.138     39.513  27.893164     4.6470      7.773   315.4113 1.2374e-01    19.8010      6.012      8.720    10.2938 0.0000e+00
      6.132      0.003     8.9652     80.204     39.496  27.882879     4.6790      7.773   315.3847 1.2382e-01    20.1819      6.013      8.721    10.2932 0.0000e+00
      6.133      0.004     8.9691     80.275     39.496  27.885270     4.6710      7.773   315.5163 1.2392e-01    20.0853      6.014      8.724    10.2926 0.0000e+00
      6.135      0.005     8.9749     80.353     39.545  27.922077     4.6499      7.774   315.6258 1.2388e-01    20.0675      6.016      8.726    10.2922 0.0000e+00
      6.136      0.005     8.9828     80.401     39.579  27.947344     4.7565      7.774   315.5890 1.2378e-01    20.7864      6.017      8.727    10.2928 0.0000e+00
      6.137      0.004     8.9902     80.422     39.564  27.937061     5.0028      7.774   315.5883 1.2378e-01    22.0824      6.019      8.729    10.2949 0.0000e+00
      6.139      0.004     8.9952     80.422     39.547  27.924603     5.1643      7.775   315.6163 1.2383e-01    22.7224      6.020      8.731    10.2990 0.0000e+00
      6.139      0.003     9.0072     80.387     39.546  27.923575     5.1859      7.775   315.6703 1.2387e-01    22.6834      6.021      8.732    10.3027 0.0000e+00
      6.140      0.003     9.0112     80.365     39.548  27.924626     5.2055      7.774   315.7258 1.2390e-01    23.0458      6.021      8.733    10.3043 0.0000e+00
      6.140      0.003     9.0113     80.355     39.567  27.937311     5.2515      7.773   315.6840 1.2384e-01    23.7902      6.022      8.734    10.3042 0.0000e+00
      6.141      0.003     9.0163     80.309     39.586  27.950090     5.2840      7.773   315.6815 1.2372e-01    24.1692      6.022      8.735    10.3036 0.0000e+00
      6.142      0.003     9.0067     80.239     39.589  27.952282     5.3246      7.774   315.7816 1.2368e-01    24.2456      6.023      8.735    10.3027 0.0000e+00
      6.143      0.004     9.0046     80.164     39.606  27.963816     5.4516      7.774   315.8616 1.2374e-01    24.8514      6.024      8.737    10.3015 0.0000e+00
      6.144      0.004     9.0091     80.102     39.605  27.962681     5.6620      7.774   315.8741 1.2383e-01    26.0624      6.024      8.738    10.3007 0.0000e+00
      6.145      0.004     9.0002     80.069     39.571  27.938569     5.7958      7.774   315.8475 1.2390e-01    26.7950      6.026      8.740    10.3005 0.0000e+00
      6.146      0.004     8.9930     80.019     39.554  27.925980     5.8210      7.774   315.7973 1.2394e-01    26.8779      6.027      8.742    10.3004 0.0000e+00
      6.147      0.004     8.9842     79.924     39.570  27.937321     5.9587      7.773   315.7835 1.2394e-01    27.5092      6.028      8.743    10.3001 0.0000e+00
      6.147      0.004     8.9748     79.827     39.587  27.948844     6.2372      7.773   315.8528 1.2387e-01    28.8588      6.028      8.743    10.2995 0.0000e+00
      6.148      0.004     8.9749     79.771     39.574  27.938444     6.4000      7.773   315.9471 1.2379e-01    29.7031      6.029      8.744    10.2988 0.0000e+00
