Data/DataNotYetUploadedToEDI/Raw_CTD/RawDownloads/060225_fcr30_S7809004.cnv
* Sea-Bird SBE19plus  Data File:
* FileName = C:\R\Reservoirs\Data\DataNotYetUploadedToEDI\Raw_CTD\RawDownloads\060225_fcr50_S7809_0004.hex
* Software version 2.8.0.119
* Temperature SN = 7809
* Conductivity SN = 7809
* System UpLoad Time = Jun 02 2025 17:18:37
* <ApplicationData>
* <Seaterm232>
# nquan = 15
# nvalues = 2737                        
# units = specified
# name 0 = depFM: Depth [fresh water, m]
# name 1 = dz/dtM: Descent Rate [m/s]
# name 2 = sbeox0Mg/L: Oxygen, SBE 43 [mg/l]
# name 3 = sbeox0PS: Oxygen, SBE 43 [% saturation]
# name 4 = specc: Specific Conductance [uS/cm]
# name 5 = c0uS/cm: Conductivity [uS/cm]
# name 6 = flECO-AFL: Fluorescence, WET Labs ECO-AFL/FL [mg/m^3]
# name 7 = ph: pH
# name 8 = orp: Oxidation Reduction Potential [mV]
# name 9 = par/sat/log: PAR/Logarithmic, Satlantic
# name 10 = turbWETntu0: Turbidity, WET Labs ECO [NTU]
# name 11 = prdM: Pressure, Strain Gauge [db]
# name 12 = prdE: Pressure, Strain Gauge [psi]
# name 13 = tv290C: Temperature [ITS-90, deg C]
# name 14 = flag:  0.000e+00
# span 0 =     -0.621,      5.438       
# span 1 =     -0.353,      0.158       
# span 2 =     0.0608,    12.4122       
# span 3 =      0.590,    134.013       
# span 4 =      1.079,     41.496       
# span 5 =   0.876627,  30.280292       
# span 6 =    -0.1065,    15.8616       
# span 7 =      7.773,     10.936       
# span 8 =    96.7615,  1236.5648       
# span 9 = 1.8329e-01, 1.6556e+03       
# span 10 =   -10.0755,   409.7269      
# span 11 =     -0.609,      5.333      
# span 12 =     -0.884,      7.735      
# span 13 =    10.3578,    19.6220      
# span 14 = 0.0000e+00, 0.0000e+00      
# interval = seconds: 0.25
# start_time = Jun 02 2025 13:19:41 [Instrument's time stamp, header]
# bad_flag = -9.990e-29
*END*
[from data line 2603]
      4.262     -0.346     7.4175     63.343     39.920  28.408247     1.2463      7.784   289.2386 1.9621e+00    23.8403      4.171      6.049    10.5381 0.0000e+00
      4.162     -0.346     7.3176     62.452     40.148  28.576488     1.2373      7.786   289.1646 2.1932e+00    22.2790      4.071      5.904    10.5498 0.0000e+00
      4.088     -0.341     7.2246     61.549     40.413  28.783848     1.1953      7.788   289.0398 2.4012e+00    19.3551      4.005      5.808    10.5633 0.0000e+00
      4.026     -0.329     7.1441     60.727     40.499  28.885689     1.1629      7.788   288.9349 2.6473e+00    17.6931      3.951      5.730    10.5735 0.0000e+00
      3.954     -0.310     7.0593     60.007     40.389  28.856439     1.1694      7.790   288.6700 3.0275e+00    17.5556      3.888      5.640    10.5791 0.0000e+00
      3.860     -0.287     6.9529     59.268     40.273  28.810828     1.1824      7.792   288.2467 3.5304e+00    17.5226      3.790      5.497    10.5807 0.0000e+00
      3.759     -0.263     6.8466     58.179     40.290  28.841692     1.2041      7.792   287.9464 3.9819e+00    16.5426      3.675      5.331    10.5972 0.0000e+00
      3.682     -0.240     6.7451     56.507     40.377  28.912478     1.2571      7.794   287.7917 4.2572e+00    14.7247      3.596      5.216    10.6544 0.0000e+00
      3.641     -0.219     6.6551     54.325     40.442  28.968976     1.2815      7.797   287.6674 4.3819e+00    13.6817      3.563      5.169    10.7278 0.0000e+00
      3.619     -0.204     6.5832     51.871     40.479  29.017378     1.2907      7.798   287.4756 4.5371e+00    13.5986      3.553      5.155    10.7772 0.0000e+00
      3.588     -0.200     6.4723     49.421     40.484  29.053723     1.3186      7.798   287.1939 4.9250e+00    13.5484      3.529      5.119    10.7945 0.0000e+00
      3.533     -0.214     6.2795     47.156     40.484  29.091293     1.3199      7.800   287.0148 5.5152e+00    13.2796      3.471      5.034    10.7981 0.0000e+00
      3.462     -0.241     6.0280     45.134     40.407  29.091090     1.2977      7.803   286.9453 6.1252e+00    13.1160      3.392      4.920    10.8078 0.0000e+00
      3.392     -0.264     5.7406     43.410     40.217  29.051325     1.2920      7.806   286.6972 6.7521e+00    13.0393      3.323      4.821    10.8318 0.0000e+00
      3.324     -0.269     5.4553     42.017     40.053  29.054632     1.4006      7.810   286.2522 7.6406e+00    12.0458      3.266      4.737    10.8801 0.0000e+00
      3.247     -0.250     5.2001     40.754     39.937  29.067776     1.6031      7.812   285.9524 8.8242e+00    10.2241      3.187      4.623    10.9234 0.0000e+00
      3.167     -0.213     4.9689     39.195     39.824  29.020063     1.6932      7.814   285.9114 9.9036e+00     9.1857      3.098      4.493    10.9695 0.0000e+00
      3.104     -0.172     4.7601     37.034     39.824  28.985220     1.6832      7.817   286.1013 1.0613e+01     9.1231      3.035      4.401    11.1011 0.0000e+00
      3.067     -0.140     4.5944     34.288     39.889  28.963603     1.7397      7.820   286.3551 1.0914e+01     9.4328      2.999      4.349    11.2805 0.0000e+00
      3.057     -0.128     4.4637     31.343     39.824  28.885473     1.8517      7.822   286.3130 1.0849e+01     9.8562      2.991      4.339    11.4186 0.0000e+00
      3.061     -0.143     4.3011     28.908     39.626  28.801678     1.9053      7.822   285.7639 1.0880e+01     9.9730      3.007      4.361    11.4696 0.0000e+00
      3.050     -0.187     4.0700     27.576     39.318  28.711682     1.9218      7.823   285.0504 1.1689e+01     9.7864      3.006      4.360    11.4072 0.0000e+00
      3.000     -0.251     3.7673     27.361     38.976  28.622067     2.2683      7.826   284.6558 1.3540e+01     8.8975      2.957      4.288    11.2871 0.0000e+00
      2.912     -0.315     3.4194     27.897     38.639  28.542913     2.9317      7.830   284.1764 1.6295e+01     7.3893      2.863      4.152    11.2129 0.0000e+00
      2.800     -0.353     3.1151     28.733     38.253  28.452537     3.2757      7.835   283.5555 1.9982e+01     6.5125      2.750      3.988    11.3023 0.0000e+00
      2.677     -0.351     2.9609     29.418     37.895  28.417554     3.2740      7.839   283.4295 2.4511e+01     6.2897      2.625      3.807    11.5057 0.0000e+00
      2.557     -0.310     2.9391     29.584     37.614  28.437343     3.2848      7.842   283.5994 2.8691e+01     6.1980      2.495      3.619    11.7165 0.0000e+00
      2.469     -0.250     2.9999     28.995     37.373  28.438358     3.5987      7.844   283.5450 3.1060e+01     6.2581      2.401      3.483    11.9204 0.0000e+00
      2.426     -0.195     3.0918     27.612     37.206  28.430035     4.1814      7.847   283.4603 3.1570e+01     6.3676      2.366      3.432    12.1631 0.0000e+00
      2.418     -0.169     3.1542     25.632     37.148  28.463690     4.4873      7.850   283.6081 3.1237e+01     6.3609      2.367      3.433    12.4948 0.0000e+00
      2.421     -0.177     3.1592     23.437     37.152  28.528221     4.5083      7.854   283.7834 3.1377e+01     6.2785      2.380      3.452    12.8244 0.0000e+00
      2.403     -0.210     3.0797     21.382     37.164  28.576063     4.7352      7.859   283.8593 3.3857e+01     6.3967      2.376      3.446    13.0813 0.0000e+00
      2.338     -0.247     2.9192     19.683     37.147  28.598188     5.1750      7.865   283.9236 3.9675e+01     6.6284      2.310      3.350    13.2226 0.0000e+00
      2.228     -0.265     2.6890     18.485     37.047  28.605485     5.4063      7.871   283.9586 4.7657e+01     6.7232      2.189      3.175    13.3048 0.0000e+00
      2.108     -0.254     2.4407     17.908     36.866  28.600965     5.4012      7.878   283.9375 5.5194e+01     6.6893      2.057      2.982    13.4063 0.0000e+00
      2.017     -0.218     2.2164     17.981     36.718  28.607130     5.3288      7.885   283.8401 5.9180e+01     6.7645      1.956      2.837    13.4533 0.0000e+00
      1.980     -0.175     2.0353     18.703     36.636  28.616734     5.2384      7.892   283.6411 5.8855e+01     7.0858      1.926      2.793    13.4577 0.0000e+00
      1.984     -0.151     1.8996     20.093     36.533  28.590318     5.2077      7.899   283.5976 5.7039e+01     7.2612      1.945      2.821    13.5640 0.0000e+00
      1.996     -0.164     1.8294     21.993     36.398  28.541513     5.2567      7.908   283.9157 5.7019e+01     7.2116      1.966      2.851    13.8039 0.0000e+00
      1.981     -0.210     1.8324     24.097     36.242  28.470708     5.7479      7.919   284.1321 6.1124e+01     7.1345      1.960      2.844    13.9851 0.0000e+00
      1.918     -0.269     1.8980     26.143     36.053  28.368558     6.6282      7.929   283.9766 7.0942e+01     7.0458      1.900      2.755    14.0576 0.0000e+00
      1.807     -0.312     2.0459     28.063     35.840  28.257893     7.1191      7.942   284.0152 8.6134e+01     7.0613      1.781      2.583    14.1192 0.0000e+00
      1.673     -0.319     2.2488     29.897     35.599  28.147573     7.2144      7.958   284.5125 1.0280e+02     7.0829      1.635      2.372    14.2092 0.0000e+00
      1.553     -0.285     2.4727     31.688     35.349  28.049619     7.5220      7.979   285.1706 1.1461e+02     7.1019      1.505      2.182    14.2820 0.0000e+00
      1.480     -0.223     2.6796     33.576     35.185  28.025068     8.0747      8.004   285.4327 1.1872e+02     7.2230      1.434      2.080    14.3316 0.0000e+00
      1.454     -0.158     2.8686     35.841     35.093  28.041128     8.3948      8.027   285.1007 1.1750e+02     7.3185      1.418      2.056    14.4071 0.0000e+00
      1.454     -0.117     3.0490     38.723     34.954  27.990202     8.4386      8.046   284.9431 1.1408e+02     7.3336      1.423      2.064    14.5169 0.0000e+00
      1.462     -0.117     3.2158     42.217     34.899  27.980232     8.4461      8.061   285.4194 1.1213e+02     7.2692      1.438      2.086    14.6715 0.0000e+00
      1.457     -0.157     3.3852     46.067     34.974  28.047489     8.5688      8.071   285.7830 1.1548e+02     7.1204      1.442      2.090    14.8292 0.0000e+00
      1.417     -0.218     3.5913     49.829     34.990  28.042290     8.8399      8.080   285.5542 1.2569e+02     7.0370      1.405      2.038    14.9670 0.0000e+00
      1.338     -0.273     3.8779     53.089     34.862  27.917358     9.0106      8.090   284.7182 1.4385e+02     7.0807      1.323      1.918    15.0479 0.0000e+00
      1.230     -0.304     4.2330     55.547     34.567  27.678588     9.0512      8.102   283.0741 1.6731e+02     7.0680      1.207      1.751    15.0948 0.0000e+00
      1.117     -0.301     4.6374     57.007     34.228  27.438654     9.4718      8.117   281.2484 1.8871e+02     6.9180      1.087      1.577    15.1117 0.0000e+00
      1.022     -0.268     5.0361     57.525     33.973  27.299685    10.2847      8.132   279.7660 2.0612e+02     6.7700      0.992      1.438    15.0695 0.0000e+00
      0.957     -0.221     5.3767     57.448     33.745  27.203465    10.7475      8.147   278.3143 2.1840e+02     6.7815      0.927      1.344    15.0265 0.0000e+00
      0.925     -0.183     5.6373     57.372     33.582  27.163310    10.8142      8.161   277.0325 2.2412e+02     6.8862      0.900      1.305    15.0162 0.0000e+00
      0.915     -0.171     5.7755     57.927     33.523  27.194833    10.7340      8.176   276.0554 2.2950e+02     6.7045      0.899      1.304    15.0566 0.0000e+00
      0.901     -0.186     5.8028     59.500     33.473  27.204160    10.5438      8.193   273.8130 2.4192e+02     6.2915      0.892      1.294    15.1650 0.0000e+00
      0.863     -0.212     5.7560     62.250     33.381  27.149310    10.4368      8.218   269.8808 2.6437e+02     6.0947      0.861      1.249    15.3028 0.0000e+00
      0.789     -0.231     5.7043     65.952     33.212  27.039054    10.4554      8.260   266.7131 3.0387e+02     6.1015      0.785      1.139    15.4428 0.0000e+00
      0.689     -0.227     5.7330     69.998     33.012  26.949284    10.6524      8.309   265.1960 3.6498e+02     6.2023      0.676      0.980    15.5785 0.0000e+00
      0.593     -0.197     5.8727     73.848     32.901  26.951922    10.9547      8.354   264.2717 4.0411e+02     6.3573      0.568      0.823    15.6511 0.0000e+00
      0.536     -0.143     6.1487     77.300     32.912  27.007650    11.0887      8.393   263.6250 3.8175e+02     6.4733      0.504      0.731    15.6656 0.0000e+00
      0.526     -0.078     6.5468     80.555     32.972  27.052337    11.0908      8.428   263.4862 3.4411e+02     6.5798      0.508      0.737    15.6662 0.0000e+00
      0.541     -0.022     6.9472     83.791     32.998  27.048260    11.0972      8.458   262.4211 3.2856e+02     6.6202      0.533      0.773    15.7911 0.0000e+00
      0.560      0.002     7.3071     86.637     32.993  27.021749    11.1077      8.485   257.2865 3.1826e+02     6.5173      0.548      0.795    15.9985 0.0000e+00
      0.579     -0.018     7.6282     88.540     32.955  26.985451    11.1182      8.514   249.8437 3.0355e+02     6.4288      0.569      0.826    16.0554 0.0000e+00
      0.591     -0.073     7.9378     89.269     32.866  26.926494    11.0992      8.551   245.5644 2.8251e+02     6.4719      0.587      0.851    16.0248 0.0000e+00
      0.579     -0.138     8.2860     89.045     32.778  26.879734    11.0601      8.607   244.1779 2.7737e+02     6.5274      0.582      0.845    15.9822 0.0000e+00
      0.529     -0.191     8.5977     88.320     32.721  26.864073    10.8868      8.685   242.1129 3.0927e+02     6.4844      0.536      0.778    15.9341 0.0000e+00
      0.439     -0.220     8.7966     87.465     32.681  26.864028    10.5780      8.773   237.8039 4.1343e+02     6.4298      0.433      0.628    15.9285 0.0000e+00
      0.339     -0.217     8.8534     86.740     32.666  26.879218    10.4227      8.860   232.3455 5.5822e+02     6.5158      0.321      0.466    15.9548 0.0000e+00
      0.264     -0.187     8.8050     86.428     32.690  26.920926    10.4234      8.948   226.1046 6.4527e+02     6.6715      0.247      0.359    15.9938 0.0000e+00
      0.224     -0.144     8.7106     86.760     32.663  26.924382    10.4440      9.040   219.1316 7.0083e+02     6.7062      0.208      0.303    16.0469 0.0000e+00
      0.216     -0.105     8.6113     87.708     32.544  26.857611    10.4644      9.131   214.5433 6.9103e+02     6.5937      0.202      0.295    16.0977 0.0000e+00
      0.226     -0.083     8.5204     88.997     32.467  26.811300    10.4536      9.215   212.7880 6.0238e+02     6.4390      0.224      0.325    16.1435 0.0000e+00
      0.230     -0.083     8.4751     90.328     32.456  26.808413    10.4554      9.289   211.4166 5.3450e+02     6.4414      0.239      0.347    16.1688 0.0000e+00
      0.204     -0.104     8.5024     91.556     32.460  26.822713    10.4439      9.359   209.6634 4.6743e+02     6.4513      0.209      0.304    16.2028 0.0000e+00
      0.156     -0.139     8.5946     92.577     32.480  26.857365    10.3728      9.425   208.7969 4.0233e+02     6.2512      0.150      0.217    16.2743 0.0000e+00
      0.110     -0.175     8.7295     93.264     32.515  26.910303    10.3030      9.479   211.1793 4.3884e+02     6.0719      0.104      0.151    16.2932 0.0000e+00
      0.070     -0.203     8.8655     93.751     32.600  27.018853    10.2076      9.522   225.2183 6.2529e+02     5.9911      0.075      0.108    16.2869 0.0000e+00
      0.016     -0.224     8.9810     94.257     32.683  27.155115     9.5776      9.572   255.2478 1.0150e+03     5.8551      0.023      0.034    16.3103 0.0000e+00
     -0.051     -0.243     9.0876     94.981     32.643  27.226035     8.4627      9.636   283.1065 1.4760e+03     5.5889     -0.055     -0.079    16.3376 0.0000e+00
     -0.115     -0.257     9.1412     96.265     32.601  27.305658     7.8381      9.699   293.0962 1.6556e+03     5.3689     -0.116     -0.167    16.3701 0.0000e+00
     -0.178     -0.255     9.1650     98.064     32.837  27.610584     7.7518      9.755   292.0584 1.5446e+03     5.3470     -0.165     -0.239    16.4207 0.0000e+00
     -0.258     -0.233     9.2038    100.236     33.113  27.995449     7.7275      9.800   289.5730 1.2846e+03     5.4605     -0.249     -0.362    16.5143 0.0000e+00
     -0.340     -0.196     9.2094    102.786     32.812  27.963424     7.7106      9.834   288.9432 9.9566e+02     5.6143     -0.347     -0.502    16.6903 0.0000e+00
     -0.395     -0.155     9.3072    105.576     32.253  27.667647     7.7061      9.863   289.9506 8.7090e+02     5.6692     -0.400     -0.579    16.8955 0.0000e+00
     -0.419     -0.116     9.4655    108.377     32.118  27.590752     7.6985      9.888   291.1705 9.1736e+02     5.6118     -0.418     -0.606    17.0170 0.0000e+00
     -0.420     -0.081     9.6287    110.653     32.180  27.604574     7.6932      9.910   291.8189 1.0392e+03     5.5348     -0.414     -0.601    17.1937 0.0000e+00
     -0.417     -0.056     9.7996    112.072     32.194  27.581008     7.9908      9.935   291.3371 1.1481e+03     5.5918     -0.400     -0.582    17.6379 0.0000e+00
     -0.428     -0.046     9.9834    112.872     32.268  27.622898     8.5591      9.963   290.0778 1.1617e+03     5.7555     -0.415     -0.602    18.0088 0.0000e+00
     -0.450     -0.046    10.2824    113.228     32.328  27.667058     8.8548      9.993   289.3267 9.9122e+02     5.7717     -0.445     -0.644    17.9842 0.0000e+00
     -0.469     -0.050    10.5392    113.062     32.329  27.670968     8.8436     10.023   281.6532 7.2910e+02     5.7199     -0.463     -0.670    17.8678 0.0000e+00
     -0.481     -0.055    10.6637    112.517     32.324  27.670168     8.4575     10.056   259.1612 5.9863e+02     5.6758     -0.471     -0.683    17.8297 0.0000e+00
