Data/DataNotYetUploadedToEDI/Raw_CTD/RawDownloads/060225_fcr10_S7809002.cnv
* Sea-Bird SBE19plus  Data File:
* FileName = C:\R\Reservoirs\Data\DataNotYetUploadedToEDI\Raw_CTD\RawDownloads\060225_fcr50_S7809_0002.hex
* Software version 2.8.0.119
* Temperature SN = 7809
* Conductivity SN = 7809
* System UpLoad Time = Jun 02 2025 17:16:42
* <ApplicationData>
* <Seaterm232>
# nquan = 15
# nvalues = 1469                        
# units = specified
# name 0 = depFM: Depth [fresh water, m]
# name 1 = dz/dtM: Descent Rate [m/s]
# name 2 = sbeox0Mg/L: Oxygen, SBE 43 [mg/l]
# name 3 = sbeox0PS: Oxygen, SBE 43 [% saturation]
# name 4 = specc: Specific Conductance [uS/cm]
# name 5 = c0uS/cm: Conductivity [uS/cm]
# name 6 = flECO-AFL: Fluorescence, WET Labs ECO-AFL/FL [mg/m^3]
# name 7 = ph: pH
# name 8 = orp: Oxidation Reduction Potential [mV]
# name 9 = par/sat/log: PAR/Logarithmic, Satlantic
# name 10 = turbWETntu0: Turbidity, WET Labs ECO [NTU]
# name 11 = prdM: Pressure, Strain Gauge [db]
# name 12 = prdE: Pressure, Strain Gauge [psi]
# name 13 = tv290C: Temperature [ITS-90, deg C]
# name 14 = flag:  0.000e+00
# span 0 =     -0.622,      2.458       
# span 1 =     -0.309,      0.124       
# span 2 =     1.0432,    12.2825       
# span 3 =     11.133,    129.918       
# span 4 =      1.131,    112.515       
# span 5 =   0.955802,  88.970315       
# span 6 =    -0.6451,   233.8444       
# span 7 =      7.353,     10.797       
# span 8 =    12.8587,   175.2820       
# span 9 = 4.9375e+00, 2.2017e+03       
# span 10 =    -7.5646,   932.3523      
# span 11 =     -0.610,      2.412      
# span 12 =     -0.886,      3.498      
# span 13 =    14.3840,    21.1185      
# span 14 = 0.0000e+00, 0.0000e+00      
# interval = seconds: 0.25
# start_time = Jun 02 2025 12:53:51 [Instrument's time stamp, header]
# bad_flag = -9.990e-29
*END*
[from data line 1157]
      2.457 3.7227e-08     7.2454     70.127     51.803  41.032218     1.2624      9.720   164.3383 5.8266e+00   111.5216      2.410      3.495    14.6252 0.0000e+00
      2.457 4.0950e-07     7.2229     68.742     55.437  43.907100     1.2763      9.715   163.7244 5.7584e+00   111.2149      2.409      3.494    14.6200 0.0000e+00
      2.457      0.000     7.2133     67.028     49.202  38.965658     1.3042      9.712   162.9719 5.6744e+00   110.6959      2.410      3.495    14.6127 0.0000e+00
      2.457      0.000     7.2127     65.520     42.812  33.903034     1.3325      9.708   162.2962 5.5961e+00   110.4727      2.410      3.495    14.6056 0.0000e+00
      2.457      0.001     7.1690     64.255     41.547  32.900726     1.3357      9.704   161.6624 5.5327e+00   110.4987      2.410      3.495    14.6007 0.0000e+00
      2.458      0.001     7.0027     62.993     41.352  32.747175     1.3267      9.700   160.9012 5.4820e+00   111.3171      2.411      3.496    14.5970 0.0000e+00
      2.458      0.001     6.8042     61.799     41.267  32.680883     1.3394      9.695   159.9767 5.4528e+00   113.0232      2.410      3.496    14.5935 0.0000e+00
      2.458      0.000     6.6536     61.249     41.091  32.543289     1.3565      9.690   159.0881 5.4288e+00   114.0481      2.410      3.495    14.5915 0.0000e+00
      2.458 8.1542e-09     6.5389     61.835     40.847  32.352363     1.3753      9.686   158.3315 5.4005e+00   114.2471      2.411      3.496    14.5915 0.0000e+00
      2.458 8.9696e-08     6.4127     63.433     40.748  32.275633     1.3837      9.682   157.6249 5.3854e+00   114.2678      2.411      3.496    14.5920 0.0000e+00
      2.458 -6.191e-09     6.2625     65.536     40.875  32.376836     1.4077      9.679   156.9113 5.3744e+00   114.2296      2.411      3.496    14.5925 0.0000e+00
      2.458 -9.645e-08     6.1824     67.770     41.107  32.560960     1.4909      9.675   156.1563 5.3473e+00   114.3316      2.410      3.496    14.5954 0.0000e+00
      2.458 -8.770e-09     6.2497     69.994     41.315  32.725515     1.5574      9.671   155.3799 5.2975e+00   114.4762      2.410      3.496    14.5986 0.0000e+00
      2.458 -7.970e-10     6.4363     72.079     41.384  32.780432     1.5704      9.667   154.5786 5.2348e+00   114.6799      2.410      3.496    14.6000 0.0000e+00
      2.458 -7.296e-11     6.6630     73.785     41.305  32.717435     1.5909      9.664   153.8671 5.1810e+00   116.3844      2.410      3.496    14.6008 0.0000e+00
      2.458 -1.219e-11     6.8926     74.893     41.156  32.598233     1.6217      9.660   153.3168 5.1464e+00   119.4739      2.410      3.495    14.6009 0.0000e+00
      2.458 -6.220e-11     7.1216     75.388     41.089  32.544545     1.6506      9.656   152.8289 5.1101e+00   121.2235      2.411      3.496    14.6012 0.0000e+00
      2.458 -6.777e-10     7.3437     75.427     41.049  32.512393     1.6904      9.652   152.3564 5.0619e+00   121.4495      2.411      3.497    14.6021 0.0000e+00
      2.458 -7.454e-09     7.5277     75.207     40.988  32.463242     1.7379      9.649   151.8198 5.0178e+00   120.8068      2.410      3.496    14.6012 0.0000e+00
      2.458 -8.199e-08     7.6402     74.911     40.983  32.457789     1.7670      9.646   151.2455 4.9621e+00   119.4299      2.411      3.497    14.5994 0.0000e+00
      2.458 -9.019e-07     7.6835     74.635     41.291  32.700221     1.7594      9.643   150.8323 4.9375e+00   118.5338      2.411      3.496    14.5988 0.0000e+00
      2.458     -0.000     7.6808     74.407     43.013  34.062194     1.7537      9.639   150.6961 5.0069e+00   117.4868      2.411      3.496    14.5981 0.0000e+00
      2.458     -0.000     7.6513     74.281     49.925  39.535395     1.6149      9.636   150.8030 5.1218e+00   106.7373      2.411      3.497    14.5969 0.0000e+00
      2.458     -0.001     7.6175     74.272     62.268  49.308271     1.3047      9.635   151.0060 5.2901e+00    86.9413      2.412      3.498    14.5955 0.0000e+00
      2.458     -0.003     7.5915     74.312     74.398  58.909469     1.1075      9.635   151.4301 5.5146e+00    75.9519      2.411      3.497    14.5933 0.0000e+00
      2.458     -0.005     7.5648     74.272     86.678  68.624425     1.0451      9.636   152.1453 5.6605e+00    73.4063      2.411      3.497    14.5914 0.0000e+00
      2.457     -0.008     7.5508     73.864     96.038  76.025880     0.7746      9.639   152.7703 5.7795e+00    57.2899      2.410      3.495    14.5909 0.0000e+00
      2.454     -0.010     7.5535     72.515     95.374  75.495124     0.3009      9.641   153.1356 6.5202e+00    28.0091      2.406      3.490    14.5904 0.0000e+00
      2.451     -0.012     7.5605     69.575     88.877  70.351240     0.0531      9.642   153.4647 8.9915e+00    12.0526      2.404      3.487    14.5881 0.0000e+00
      2.447     -0.013     7.5660     64.682     84.604  66.974083     0.0263      9.642   153.9969 1.2594e+01    10.3594      2.401      3.482    14.5830 0.0000e+00
      2.443     -0.014     7.5450     57.689     84.557  66.948250    -0.0065      9.641   154.4934 1.5463e+01     7.7414      2.395      3.473    14.5774 0.0000e+00
      2.439     -0.016     7.4404     49.032     82.668  65.465355    -0.0364      9.639   154.8223 1.7758e+01     3.3190      2.392      3.469    14.5740 0.0000e+00
      2.436     -0.017     7.1467     39.805     76.847  60.863697    -0.0429      9.636   155.2196 2.0368e+01     1.0225      2.390      3.466    14.5729 0.0000e+00
      2.432     -0.019     6.6592     30.927     68.510  54.261628    -0.0268      9.631   155.5974 2.3204e+01     0.9487      2.387      3.461    14.5755 0.0000e+00
      2.427     -0.020     5.9394     23.099     58.216  46.104539    -0.0084      9.626   155.7774 2.5881e+01     0.9234      2.381      3.453    14.5831 0.0000e+00
      2.421     -0.021     4.9985     16.926     51.501  40.781380    -0.0119      9.623   155.7600 2.7737e+01     0.5801      2.374      3.443    14.5933 0.0000e+00
      2.415     -0.022     4.0363     12.831     50.510  39.990010    -0.0274      9.620   155.8176 2.8258e+01     0.0781      2.368      3.435    14.5996 0.0000e+00
      2.408     -0.028     3.1080     11.133     54.497  43.136911    -0.0213      9.616   156.1300 2.7017e+01    -0.0228      2.361      3.425    14.5990 0.0000e+00
      2.403     -0.044     2.2879     11.981     64.164  50.773918     0.0037      9.612   156.4400 2.2225e+01     0.9658      2.355      3.416    14.5940 0.0000e+00
      2.399     -0.072     1.6503     15.330     79.795  63.122930     0.0416      9.608   156.7264 1.4217e+01    10.6988      2.353      3.413    14.5890 0.0000e+00
      2.391     -0.107     1.2177     20.760     99.317  78.547159     0.0956      9.599   157.0109 9.4394e+00    28.4336      2.350      3.409    14.5841 0.0000e+00
      2.366     -0.144     1.0432     27.338    112.515  88.970315     0.1165      9.588   156.2668 1.6446e+01    38.1773      2.331      3.381    14.5755 0.0000e+00
      2.314     -0.180     1.1284     33.860    104.599  82.697510     0.1021      9.579   155.4733 3.1636e+01    40.5819      2.276      3.300    14.5645 0.0000e+00
      2.246     -0.215     1.4814     39.095     80.779  63.852061     0.2122      9.571   156.3652 4.2415e+01    57.9519      2.199      3.189    14.5515 0.0000e+00
      2.181     -0.245     2.0719     41.967     64.515  50.986633     0.4666      9.561   156.8120 4.8285e+01    89.6965      2.136      3.098    14.5399 0.0000e+00
      2.121     -0.262     2.7857     41.820     58.664  46.361966     0.6308      9.552   155.6266 5.4326e+01   107.0971      2.081      3.019    14.5342 0.0000e+00
      2.057     -0.263     3.4945     38.654     52.694  41.649497     0.6574      9.543   153.8202 6.1892e+01   108.7818      2.023      2.934    14.5269 0.0000e+00
      1.981     -0.255     4.0701     33.416     47.737  37.742379     0.7556      9.534   151.7480 7.1172e+01   109.9297      1.946      2.823    14.5162 0.0000e+00
      1.901     -0.247     4.3878     28.044     45.913  36.314473     0.9687      9.527   150.1891 7.9785e+01   111.8894      1.856      2.693    14.5093 0.0000e+00
      1.836     -0.246     4.3757     24.619     45.252  35.807222     1.1199      9.519   149.2541 8.6233e+01   112.9712      1.793      2.600    14.5091 0.0000e+00
      1.789     -0.249     4.0219     24.346     44.815  35.479833     1.2114      9.511   148.1006 9.1857e+01   112.5237      1.754      2.543    14.5158 0.0000e+00
      1.747     -0.252     3.4120     27.576     44.365  35.147898     1.7080      9.505   146.3954 9.9461e+01   105.2484      1.719      2.492    14.5281 0.0000e+00
      1.687     -0.255     2.7745     34.069     43.534  34.522169     2.5884      9.502   144.3818 1.1154e+02    91.7876      1.666      2.415    14.5435 0.0000e+00
      1.604     -0.260     2.3894     43.017     42.185  33.497623     3.0589      9.505   142.3386 1.2661e+02    84.4265      1.574      2.284    14.5593 0.0000e+00
      1.517     -0.267     2.3497     53.073     40.491  32.213536     3.1099      9.512   139.0707 1.3975e+02    83.6430      1.479      2.145    14.5790 0.0000e+00
      1.446     -0.275     2.6845     62.687     39.317  31.367538     3.1976      9.522   134.6397 1.4945e+02    82.4849      1.413      2.049    14.6049 0.0000e+00
      1.391     -0.277     3.3717     70.836     39.285  31.452530     3.9359      9.535   131.4387 1.5920e+02    70.4926      1.363      1.979    14.6417 0.0000e+00
      1.335     -0.272     4.3224     77.258     39.480  31.718848     5.2869      9.552   127.5565 1.7336e+02    48.6045      1.315      1.907    14.6944 0.0000e+00
      1.264     -0.268     5.4011     82.223     39.385  31.733031     6.0485      9.572   117.8142 1.9446e+02    36.7302      1.247      1.808    14.7650 0.0000e+00
      1.179     -0.270     6.3959     86.271     39.316  31.750996     6.1615      9.594   104.8462 2.1664e+02    35.5148      1.153      1.671    14.8741 0.0000e+00
      1.102     -0.274     7.2016     89.729     38.762  31.365212     6.3948      9.613    94.9172 2.3242e+02    33.1581      1.073      1.556    15.0275 0.0000e+00
      1.040     -0.275     7.8136     92.529     37.383  30.303871     6.7875      9.627    86.8993 2.4969e+02    28.9016      1.021      1.481    15.1790 0.0000e+00
      0.980     -0.270     8.2687     94.639     36.018  29.258301     6.9818      9.637    79.5735 2.7718e+02    26.5793      0.965      1.400    15.2896 0.0000e+00
      0.911     -0.259     8.6415     96.175     35.603  28.999472     6.9794      9.649    73.8827 3.0994e+02    26.9067      0.894      1.295    15.3796 0.0000e+00
      0.839     -0.241     8.9832     97.268     35.981  29.394603     6.7677      9.668    68.7697 3.4874e+02    32.6891      0.823      1.193    15.4609 0.0000e+00
      0.768     -0.214     9.2503     98.125     36.442  29.849510     6.3443      9.695    64.2997 3.9038e+02    43.2734      0.753      1.092    15.5262 0.0000e+00
      0.703     -0.180     9.4377     98.924     36.545  29.996204     6.0960      9.724    61.1353 4.1627e+02    49.0896      0.681      0.987    15.6017 0.0000e+00
      0.660     -0.148     9.5670     99.748     36.135  29.709399     6.0215      9.751    58.4722 4.2503e+02    49.9620      0.636      0.923    15.7149 0.0000e+00
      0.641     -0.132     9.6379    100.661     35.585  29.299704     5.7440      9.779    55.9322 4.0566e+02    54.2652      0.624      0.905    15.8498 0.0000e+00
      0.636     -0.134     9.6928    101.560     35.222  29.038837     5.2786      9.805    53.8273 3.6238e+02    62.1434      0.626      0.907    15.9594 0.0000e+00
      0.625     -0.147     9.7551    102.183     35.092  28.965666     5.0060      9.821    51.4348 3.7041e+02    66.3768      0.624      0.906    16.0404 0.0000e+00
      0.586     -0.157     9.8170    102.444     35.231  29.112761     4.9441      9.823    49.0313 4.5425e+02    66.7141      0.590      0.855    16.1090 0.0000e+00
      0.514     -0.155     9.8968    102.405     35.569  29.421944     4.8796      9.819    47.8253 5.7786e+02    66.8368      0.508      0.736    16.1673 0.0000e+00
      0.435     -0.137     9.9893    102.116     35.977  29.786207     4.7921      9.821    47.2634 6.7196e+02    67.0058      0.413      0.599    16.2202 0.0000e+00
      0.386     -0.109    10.0416    101.696     36.092  29.901482     4.7515      9.833    46.4537 6.5453e+02    67.0843      0.362      0.526    16.2679 0.0000e+00
      0.379     -0.079    10.0518    101.226     35.803  29.673992     4.7474      9.851    45.6931 5.6846e+02    66.9998      0.361      0.524    16.3142 0.0000e+00
      0.399     -0.063    10.0413    100.691     35.057  29.065482     4.7750      9.867    45.3797 4.9285e+02    66.5987      0.391      0.567    16.3559 0.0000e+00
      0.417     -0.075     9.9985    100.169     33.981  28.189242     5.3025      9.880    45.4180 3.8570e+02    62.8499      0.422      0.611    16.3942 0.0000e+00
      0.408     -0.120     9.9462     99.759     33.363  27.705692     6.2893      9.891    45.5537 2.3584e+02    56.0036      0.412      0.597    16.4250 0.0000e+00
      0.368     -0.189     9.9032     99.504     33.256  27.658896     6.8183      9.905    45.3852 2.3822e+02    52.2761      0.369      0.535    16.4378 0.0000e+00
      0.302     -0.255     9.8430     99.428     33.163  27.623497     6.8056      9.926    45.8757 5.0333e+02    52.0430      0.304      0.441    16.4479 0.0000e+00
      0.214     -0.297     9.7837     99.584     33.087  27.594866     6.3353      9.955    54.7537 8.3596e+02    53.8006      0.216      0.312    16.4671 0.0000e+00
      0.109     -0.309     9.7362    100.188     33.095  27.629882     5.5094      9.988    63.2483 1.1911e+03    57.2336      0.109      0.157    16.5095 0.0000e+00
      0.003     -0.302     9.6920    101.263     33.034  27.602941     5.0767     10.022    61.8550 1.4598e+03    59.1858     -0.008     -0.011    16.5821 0.0000e+00
     -0.077     -0.286     9.6769    102.579     32.912  27.522852     5.0067     10.054    64.3219 1.4835e+03    60.3254     -0.090     -0.131    16.6491 0.0000e+00
     -0.123     -0.263     9.6657    103.916     32.843  27.486086     4.5207     10.084    75.0069 1.5372e+03    71.5580     -0.124     -0.179    16.6984 0.0000e+00
     -0.163     -0.236     9.7157    105.091     32.733  27.412126     3.6372     10.114    89.6063 1.6489e+03    92.1440     -0.147     -0.214    16.7416 0.0000e+00
     -0.225     -0.210     9.8259    106.076     32.609  27.326293     3.1803     10.139    97.2428 1.6904e+03   103.3851     -0.215     -0.312    16.7767 0.0000e+00
     -0.298     -0.187     9.9502    106.965     32.518  27.272829     3.1917     10.158    84.4828 1.6997e+03   103.9355     -0.302     -0.439    16.8099 0.0000e+00
     -0.355     -0.165    10.0840    107.681     32.335  27.146272     3.4915     10.170    59.6530 1.6643e+03    98.4915     -0.354     -0.513    16.8413 0.0000e+00
     -0.392     -0.135    10.1908    107.971     32.131  27.001178     4.0503     10.180    45.3372 1.6245e+03    88.4595     -0.388     -0.564    16.8681 0.0000e+00
     -0.414     -0.098    10.2772    107.949     32.000  26.913855     4.3716     10.188    43.2897 1.6240e+03    83.0345     -0.411     -0.596    16.8933 0.0000e+00
     -0.426     -0.063    10.3520    107.837     31.903  26.851561     4.4130     10.197    43.1572 1.6452e+03    82.4636     -0.418     -0.604    16.9278 0.0000e+00
     -0.436     -0.036    10.4339    107.610     31.844  26.818813     4.4838     10.205    43.5633 1.6647e+03    81.0098     -0.430     -0.623    16.9751 0.0000e+00
     -0.442     -0.018    10.4412    107.287     31.847  26.835033     4.5957     10.211    43.7256 1.6905e+03    78.3689     -0.438     -0.634    17.0167 0.0000e+00
     -0.441     -0.005    10.4193    106.913     31.861  26.857425     4.6588     10.216    44.5175 1.7082e+03    76.9726     -0.432     -0.627    17.0494 0.0000e+00
