Data/DataNotYetUploadedToEDI/Raw_CTD/RawDownloads/060225_fcr20_S7809003.cnv
* Sea-Bird SBE19plus  Data File:
* FileName = C:\R\Reservoirs\Data\DataNotYetUploadedToEDI\Raw_CTD\RawDownloads\060225_fcr50_S7809_0003.hex
* Software version 2.8.0.119
* Temperature SN = 7809
* Conductivity SN = 7809
* System UpLoad Time = Jun 02 2025 17:17:27
* <ApplicationData>
* <Seaterm232>
# nquan = 15
# nvalues = 1715                        
# units = specified
# name 0 = depFM: Depth [fresh water, m]
# name 1 = dz/dtM: Descent Rate [m/s]
# name 2 = sbeox0Mg/L: Oxygen, SBE 43 [mg/l]
# name 3 = sbeox0PS: Oxygen, SBE 43 [% saturation]
# name 4 = specc: Specific Conductance [uS/cm]
# name 5 = c0uS/cm: Conductivity [uS/cm]
# name 6 = flECO-AFL: Fluorescence, WET Labs ECO-AFL/FL [mg/m^3]
# name 7 = ph: pH
# name 8 = orp: Oxidation Reduction Potential [mV]
# name 9 = par/sat/log: PAR/Logarithmic, Satlantic
# name 10 = turbWETntu0: Turbidity, WET Labs ECO [NTU]
# name 11 = prdM: Pressure, Strain Gauge [db]
# name 12 = prdE: Pressure, Strain Gauge [psi]
# name 13 = tv290C: Temperature [ITS-90, deg C]
# name 14 = flag:  0.000e+00
# span 0 =     -0.621,      3.114       
# span 1 =     -0.333,      0.168       
# span 2 =    -0.0351,    12.4664       
# span 3 =     -0.186,    132.069       
# span 4 =      0.917,     45.639       
# span 5 =   0.774431,  35.769526       
# span 6 =    -0.8561,    76.8049       
# span 7 =      9.457,     10.878       
# span 8 =    91.3002,  1240.2295       
# span 9 = 9.9524e+00, 2.1966e+03       
# span 10 =    -0.1406,   237.4609      
# span 11 =     -0.609,      3.054      
# span 12 =     -0.884,      4.429      
# span 13 =    14.1478,    19.6867      
# span 14 = 0.0000e+00, 0.0000e+00      
# interval = seconds: 0.25
# start_time = Jun 02 2025 13:04:20 [Instrument's time stamp, header]
# bad_flag = -9.990e-29
*END*
[from data line 386]
     -0.088      0.001    11.0465    117.652     32.477  28.229331     3.7826     10.834   106.7843 1.9011e+03     4.6114     -0.086     -0.126    18.4354 0.0000e+00
     -0.088      0.001    11.0470    117.390     32.474  28.229539     3.7638     10.834   106.7848 1.8349e+03     4.6175     -0.088     -0.128    18.4371 0.0000e+00
     -0.086      0.001    11.0525    117.047     32.470  28.229449     3.7826     10.835   106.7987 1.6907e+03     4.6861     -0.085     -0.123    18.4423 0.0000e+00
     -0.084      0.002    11.0507    116.707     32.465  28.228255     3.7770     10.835   106.8660 1.6360e+03     4.6550     -0.081     -0.118    18.4506 0.0000e+00
     -0.084      0.004    11.0387    116.528     32.448  28.215102     3.7543     10.835   106.9958 1.6244e+03     4.4804     -0.082     -0.119    18.4574 0.0000e+00
     -0.084      0.006    11.0099    116.613     32.427  28.197269     3.7415     10.835   107.1646 1.6115e+03     4.3175     -0.083     -0.120    18.4608 0.0000e+00
     -0.084      0.007    10.9756    116.842     32.434  28.202920     3.7546     10.836   107.2721 1.5846e+03     4.3596     -0.082     -0.119    18.4651 0.0000e+00
     -0.082      0.008    10.9371    117.105     32.455  28.220009     3.7800     10.837   107.3488 1.5524e+03     4.5112     -0.081     -0.117    18.4708 0.0000e+00
     -0.078      0.008    10.9111    117.383     32.450  28.213610     3.8072     10.839   107.4034 1.5356e+03     4.5101     -0.076     -0.111    18.4740 0.0000e+00
     -0.073      0.007    10.9287    117.629     32.425  28.188968     3.8343     10.839   107.4166 1.5337e+03     4.3803     -0.071     -0.102    18.4752 0.0000e+00
     -0.071      0.004    10.9533    117.790     32.415  28.175764     3.8574     10.839   107.5081 1.5470e+03     4.3766     -0.069     -0.099    18.4747 0.0000e+00
     -0.071      0.001    10.9774    117.867     32.428  28.180811     3.8878     10.840   107.6494 1.5671e+03     4.4999     -0.069     -0.099    18.4716 0.0000e+00
     -0.073      0.000    11.0062    117.824     32.440  28.186559     3.9107     10.841   107.6628 1.5793e+03     4.6074     -0.071     -0.104    18.4692 0.0000e+00
     -0.075      0.000    11.0330    117.592     32.439  28.181823     3.9006     10.841   107.6703 1.5842e+03     4.6519     -0.074     -0.107    18.4658 0.0000e+00
     -0.076      0.001    11.0483    117.244     32.447  28.186969     3.8654     10.841   107.8255 1.5847e+03     4.6273     -0.076     -0.110    18.4574 0.0000e+00
     -0.076      0.002    11.0585    116.968     32.444  28.185353     3.8517     10.842   107.9907 1.5799e+03     4.6177     -0.075     -0.109    18.4469 0.0000e+00
     -0.073      0.002    11.0618    116.786     32.415  28.162287     3.9005     10.843   108.0328 1.5699e+03     4.5701     -0.072     -0.103    18.4377 0.0000e+00
     -0.070      0.001    11.0384    116.613     32.413  28.161797     3.9561     10.843   107.9042 1.5523e+03     4.4271     -0.069     -0.099    18.4318 0.0000e+00
     -0.069     -0.001    10.9973    116.600     32.432  28.179419     3.9663     10.843   107.8126 1.5394e+03     4.3231     -0.067     -0.097    18.4309 0.0000e+00
     -0.071     -0.003    10.9679    116.838     32.439  28.185081     3.9662     10.844   107.8719 1.5482e+03     4.3035     -0.068     -0.099    18.4327 0.0000e+00
     -0.074     -0.003    10.9623    117.158     32.424  28.166831     3.9632     10.845   108.0184 1.5667e+03     4.3949     -0.072     -0.105    18.4354 0.0000e+00
     -0.078     -0.003    10.9334    117.453     32.413  28.149024     3.9467     10.845   108.2071 1.5818e+03     4.5055     -0.076     -0.111    18.4371 0.0000e+00
     -0.078     -0.002    10.9260    117.671     32.433  28.160047     3.9243     10.845   108.2609 1.5844e+03     4.5143     -0.078     -0.113    18.4402 0.0000e+00
     -0.076     -0.001    10.9604    117.770     32.452  28.173252     3.9168     10.845   108.2383 1.5763e+03     4.5693     -0.075     -0.109    18.4419 0.0000e+00
     -0.073      0.001    10.9933    117.773     32.462  28.181825     3.9233     10.846   108.2784 1.5730e+03     4.6249     -0.071     -0.104    18.4313 0.0000e+00
     -0.073      0.001    11.0259    117.699     32.480  28.200276     3.9440     10.847   108.3155 1.5752e+03     4.6049     -0.071     -0.103    18.4171 0.0000e+00
     -0.075      0.000    11.0514    117.536     32.481  28.206061     3.9758     10.847   108.4292 1.5741e+03     4.6018     -0.074     -0.107    18.4067 0.0000e+00
     -0.076     -0.001    11.0600    117.345     32.456  28.188352     3.9751     10.847   108.6211 1.5634e+03     4.5528     -0.075     -0.109    18.4007 0.0000e+00
     -0.075     -0.003    11.0584    117.230     32.439  28.176452     3.9685     10.847   108.6556 1.5532e+03     4.5589     -0.074     -0.106    18.4022 0.0000e+00
     -0.074     -0.004    11.0533    117.249     32.453  28.189033     3.9628     10.848   108.5884 1.5570e+03     4.6757     -0.072     -0.104    18.4066 0.0000e+00
     -0.075     -0.005    11.0330    117.375     32.483  28.213610     3.9148     10.848   108.5834 1.5680e+03     4.7006     -0.073     -0.105    18.4141 0.0000e+00
     -0.077     -0.006    11.0091    117.554     32.490  28.219900     3.8623     10.848   108.5952 1.5834e+03     4.5876     -0.075     -0.109    18.4232 0.0000e+00
     -0.080     -0.007    10.9949    117.707     32.468  28.201666     3.8438     10.849   108.5591 1.6034e+03     4.5047     -0.079     -0.115    18.4282 0.0000e+00
     -0.084     -0.007    10.9991    117.767     32.447  28.183424     3.8586     10.849   108.5766 1.6160e+03     4.5866     -0.083     -0.121    18.4256 0.0000e+00
     -0.086     -0.006    11.0134    117.751     32.454  28.189615     3.8913     10.849   108.6349 1.6175e+03     4.7235     -0.085     -0.123    18.4221 0.0000e+00
     -0.086     -0.005    11.0316    117.634     32.479  28.213094     3.8898     10.849   108.5757 1.6148e+03     4.7260     -0.084     -0.122    18.4242 0.0000e+00
     -0.087     -0.002    11.0504    117.394     32.476  28.213603     3.8566     10.850   108.5494 1.6112e+03     4.6161     -0.085     -0.122    18.4261 0.0000e+00
     -0.088      0.002    11.0519    117.073     32.453  28.195774     3.8399     10.850   108.6614 1.6099e+03     4.5214     -0.087     -0.125    18.4262 0.0000e+00
     -0.088      0.006    11.0529    116.747     32.444  28.187806     3.8539     10.850   108.8112 1.6110e+03     4.5381     -0.086     -0.126    18.4259 0.0000e+00
     -0.087      0.009    11.0433    116.515     32.440  28.180689     3.8926     10.851   108.9833 1.6065e+03     4.6473     -0.085     -0.124    18.4278 0.0000e+00
     -0.083      0.009    11.0164    116.351     32.437  28.173143     3.9004     10.851   109.1074 1.5876e+03     4.6802     -0.082     -0.120    18.4339 0.0000e+00
     -0.076      0.008    10.9845    116.201     32.426  28.159991     3.8725     10.851   109.1078 1.5418e+03     4.5936     -0.075     -0.109    18.4383 0.0000e+00
     -0.071      0.005    10.9483    116.264     32.413  28.148519     3.8722     10.852   109.0735 1.5084e+03     4.5232     -0.067     -0.097    18.4379 0.0000e+00
     -0.071      0.002    10.9281    116.642     32.425  28.161294     3.8885     10.853   109.1230 1.5282e+03     4.4787     -0.069     -0.100    18.4311 0.0000e+00
     -0.075      0.000    10.9238    117.057     32.452  28.187598     3.8943     10.854   109.2764 1.5571e+03     4.4310     -0.074     -0.107    18.4215 0.0000e+00
     -0.079      0.000    10.8986    117.293     32.480  28.212854     3.8842     10.854   109.3804 1.5715e+03     4.4238     -0.078     -0.113    18.4161 0.0000e+00
     -0.080      0.001    10.8954    117.361     32.481  28.212959     3.8498     10.853   109.3477 1.5783e+03     4.4944     -0.080     -0.116    18.4161 0.0000e+00
     -0.078      0.002    10.9484    117.328     32.456  28.188860     3.8281     10.853   109.3104 1.5730e+03     4.6702     -0.076     -0.111    18.4205 0.0000e+00
     -0.074      0.003    10.9919    117.217     32.443  28.175179     3.8378     10.853   109.2734 1.5633e+03     4.7391     -0.072     -0.104    18.4261 0.0000e+00
     -0.071      0.003    11.0118    117.044     32.444  28.174389     3.8336     10.853   109.2452 1.5583e+03     4.6442     -0.069     -0.100    18.4285 0.0000e+00
     -0.071      0.003    11.0151    116.858     32.450  28.179319     3.8360     10.854   109.3127 1.5543e+03     4.5808     -0.069     -0.100    18.4263 0.0000e+00
     -0.073      0.004    11.0136    116.771     32.442  28.171350     3.8831     10.855   109.4011 1.5530e+03     4.5878     -0.073     -0.104    18.4216 0.0000e+00
     -0.075      0.006    11.0036    116.896     32.410  28.141461     3.9287     10.854   109.4538 1.5625e+03     4.6608     -0.075     -0.109    18.4176 0.0000e+00
     -0.075      0.009    10.9862    117.164     32.410  28.135068     3.9383     10.853   109.5206 1.5634e+03     4.6774     -0.075     -0.108    18.4158 0.0000e+00
     -0.070      0.011    10.9665    117.463     32.446  28.157470     3.9324     10.854   109.6062 1.5634e+03     4.5828     -0.070     -0.101    18.4150 0.0000e+00
     -0.062      0.012    10.9501    117.738     32.456  28.158605     3.9580     10.856   109.7144 1.5650e+03     4.5758     -0.061     -0.089    18.4134 0.0000e+00
     -0.056      0.009    10.9683    117.931     32.446  28.148785     3.9980     10.856   109.7955 1.5399e+03     4.6968     -0.053     -0.077    18.4116 0.0000e+00
     -0.054      0.002    10.9995    117.991     32.462  28.165586     4.0163     10.855   109.7271 1.5217e+03     4.7817     -0.052     -0.075    18.4034 0.0000e+00
     -0.055     -0.006    11.0319    117.904     32.464  28.171465     4.0125     10.855   109.5759 1.5271e+03     4.6795     -0.053     -0.077    18.3849 0.0000e+00
     -0.058     -0.014    11.0634    117.695     32.442  28.156455     3.9858     10.856   109.5163 1.5338e+03     4.4176     -0.056     -0.081    18.3712 0.0000e+00
     -0.064     -0.020    11.0837    117.439     32.458  28.174381     3.9847     10.856   109.6079 1.5540e+03     4.3131     -0.063     -0.092    18.3711 0.0000e+00
     -0.072     -0.022    11.0881    117.267     32.481  28.197936     4.0153     10.856   109.7371 1.6210e+03     4.4408     -0.071     -0.102    18.3776 0.0000e+00
     -0.080     -0.022    11.0770    117.248     32.466  28.187547     4.0157     10.856   109.8732 1.7756e+03     4.4937     -0.079     -0.114    18.3844 0.0000e+00
     -0.087     -0.019    11.0550    117.316     32.450  28.175637     4.0312     10.856   109.9637 1.9607e+03     4.5080     -0.085     -0.125    18.3910 0.0000e+00
     -0.093     -0.014    11.0232    117.374     32.454  28.180782     4.1018     10.856   109.8855 1.9621e+03     4.6139     -0.091     -0.132    18.3978 0.0000e+00
     -0.095     -0.009    11.0027    117.417     32.459  28.186342     4.1534     10.855   109.8736 1.7802e+03     4.6804     -0.095     -0.138    18.4029 0.0000e+00
     -0.095     -0.005    11.0035    117.428     32.450  28.179423     4.1809     10.854   109.9911 1.6665e+03     4.7323     -0.093     -0.136    18.4069 0.0000e+00
     -0.093     -0.003    11.0138    117.348     32.428  28.160555     4.1847     10.854   110.0170 1.6701e+03     4.6607     -0.090     -0.130    18.4105 0.0000e+00
     -0.092     -0.001    11.0177    117.213     32.416  28.148494     4.1573     10.855   110.0141 1.7948e+03     4.4967     -0.090     -0.131    18.4122 0.0000e+00
     -0.093     -0.001    11.0205    117.089     32.434  28.160442     4.1570     10.855   110.0421 2.0090e+03     4.4926     -0.092     -0.133    18.4133 0.0000e+00
     -0.095     -0.001    11.0266    116.966     32.458  28.178165     4.1815     10.854   110.0972 2.1223e+03     4.5084     -0.093     -0.135    18.4159 0.0000e+00
     -0.097      0.000    11.0154    116.803     32.454  28.172494     4.1787     10.854   110.2499 2.1198e+03     4.4822     -0.095     -0.138    18.4172 0.0000e+00
     -0.097      0.002    11.0006    116.614     32.437  28.155301     4.1401     10.854   110.4262 1.9937e+03     4.5172     -0.096     -0.139    18.4131 0.0000e+00
     -0.095      0.004    10.9917    116.449     32.446  28.160553     4.1062     10.855   110.5081 1.7662e+03     4.5905     -0.094     -0.136    18.4061 0.0000e+00
     -0.093      0.004    10.9829    116.325     32.461  28.172567     4.1019     10.856   110.5518 1.6390e+03     4.6862     -0.091     -0.132    18.4021 0.0000e+00
     -0.091      0.004    10.9685    116.293     32.460  28.173710     4.0626     10.856   110.6098 1.6187e+03     4.6492     -0.089     -0.129    18.3995 0.0000e+00
     -0.089      0.003    10.9471    116.338     32.455  28.174381     3.9722     10.856   110.6081 1.6128e+03     4.4502     -0.087     -0.127    18.3946 0.0000e+00
     -0.089      0.002    10.9361    116.393     32.456  28.180678     3.9255     10.855   110.6166 1.6177e+03     4.3297     -0.087     -0.126    18.3896 0.0000e+00
     -0.089      0.002    10.9195    116.447     32.457  28.186436     3.9217     10.855   110.7128 1.6247e+03     4.3533     -0.087     -0.126    18.3889 0.0000e+00
     -0.090      0.002    10.9165    116.484     32.448  28.180576     3.9096     10.855   110.8253 1.6230e+03     4.4967     -0.088     -0.128    18.3925 0.0000e+00
     -0.090      0.001    10.9246    116.513     32.440  28.173256     3.8880     10.855   110.8579 1.6138e+03     4.6290     -0.090     -0.130    18.3999 0.0000e+00
     -0.089      0.000    10.9241    116.541     32.428  28.161352     3.8681     10.855   110.7634 1.6080e+03     4.6206     -0.087     -0.126    18.4109 0.0000e+00
     -0.087     -0.002    10.9303    116.531     32.433  28.163502     3.8767     10.855   110.8009 1.6076e+03     4.6347     -0.084     -0.122    18.4196 0.0000e+00
     -0.086     -0.005    10.9317    116.468     32.474  28.199246     3.9175     10.855   111.0538 1.6083e+03     4.6629     -0.084     -0.122    18.4214 0.0000e+00
     -0.088     -0.007    10.9339    116.412     32.487  28.212970     3.9537     10.854   111.0674 1.6268e+03     4.5849     -0.086     -0.124    18.4198 0.0000e+00
     -0.092     -0.007    10.9403    116.440     32.470  28.202592     3.9485     10.854   110.9645 1.7489e+03     4.4780     -0.089     -0.130    18.4165 0.0000e+00
     -0.097     -0.006    10.9396    116.533     32.464  28.200618     3.9205     10.853   111.1008 1.9544e+03     4.3614     -0.096     -0.139    18.4125 0.0000e+00
     -0.101     -0.004    10.9337    116.759     32.450  28.189105     3.9230     10.852   111.2519 2.0713e+03     4.3358     -0.101     -0.146    18.4117 0.0000e+00
     -0.101      0.000    10.9205    117.188     32.451  28.190250     3.9545     10.852   111.3298 2.0873e+03     4.4073     -0.100     -0.145    18.4164 0.0000e+00
     -0.098      0.002    10.9261    117.609     32.479  28.214455     3.9598     10.852   111.2688 2.0088e+03     4.4067     -0.095     -0.139    18.4253 0.0000e+00
     -0.094      0.003    10.9322    117.910     32.495  28.228075     3.9287     10.852   111.1161 1.8243e+03     4.3632     -0.092     -0.132    18.4309 0.0000e+00
     -0.092      0.003    10.9419    118.141     32.495  28.228075     3.9034     10.852   111.2044 1.6793e+03     4.3595     -0.090     -0.130    18.4311 0.0000e+00
     -0.093      0.001    10.9995    118.294     32.480  28.214455     3.9121     10.851   111.4759 1.6167e+03     4.4300     -0.090     -0.131    18.4312 0.0000e+00
     -0.094     -0.002    11.0404    118.363     32.451  28.190249     3.9418     10.851   111.6456 1.5760e+03     4.4985     -0.092     -0.133    18.4315 0.0000e+00
     -0.095     -0.003    11.0635    118.357     32.448  28.189106     3.9461     10.851   111.7081 1.5897e+03     4.4353     -0.093     -0.135    18.4312 0.0000e+00
