Data/DataNotYetUploadedToEDI/Raw_CTD/RawDownloads/060225_bvr50_S8188001.cnv
* Sea-Bird SBE19plus  Data File:
* FileName = C:\R\Reservoirs\Data\DataNotYetUploadedToEDI\Raw_CTD\RawDownloads\060225_bvr50_S8188_0001.hex
* Software version 2.8.0.119
* Temperature SN = 8188
* Conductivity SN = 8188
* System UpLoad Time = Jun 03 2025 12:02:20
* <ApplicationData>
* <Seaterm232>
# nquan = 16
# nvalues = 1602                        
# units = specified
# name 0 = depFM: Depth [fresh water, m]
# name 1 = dz/dtM: Descent Rate [m/s]
# name 2 = sbeox0Mg/L: Oxygen, SBE 43 [mg/l]
# name 3 = sbeox0PS: Oxygen, SBE 43 [% saturation]
# name 4 = specc: Specific Conductance [uS/cm]
# name 5 = c0uS/cm: Conductivity [uS/cm]
# name 6 = wetCDOM: Fluorescence, WET Labs CDOM [mg/m^3]
# name 7 = flECO-AFL: Fluorescence, WET Labs ECO-AFL/FL [mg/m^3]
# name 8 = flECO-AFL1: Fluorescence, WET Labs ECO-AFL/FL, 2 [mg/m^3]
# name 9 = flECO-AFL2: Fluorescence, WET Labs ECO-AFL/FL, 3 [mg/m^3]
# name 10 = par/sat/log: PAR/Logarithmic, Satlantic
# name 11 = turbWETntu0: Turbidity, WET Labs ECO [NTU]
# name 12 = prdM: Pressure, Strain Gauge [db]
# name 13 = prdE: Pressure, Strain Gauge [psi]
# name 14 = tv290C: Temperature [ITS-90, deg C]
# name 15 = flag:  0.000e+00
# span 0 =     -0.719,      6.304       
# span 1 =     -0.254,      0.151       
# span 2 =    -0.5378,    13.6616       
# span 3 =     -5.335,    144.155       
# span 4 =      1.277,    131.389       
# span 5 =   1.115462,  96.168975       
# span 6 =    -4.5000,    57.2400       
# span 7 =    -3.0770,    44.6456       
# span 8 =    -2.2578,     2.3430       
# span 9 =    -2.0304,     8.3754       
# span 10 = 1.1590e-01, 1.7402e+03      
# span 11 =    -1.0800,   169.2451      
# span 12 =     -0.705,      6.182      
# span 13 =     -1.023,      8.966      
# span 14 =    11.5905,    18.6701      
# span 15 = 0.0000e+00, 0.0000e+00      
# interval = seconds: 0.25
# start_time = Jun 02 2025 09:46:44 [Instrument's time stamp, header]
# bad_flag = -9.990e-29
*END*
[from data line 1176]
      5.195      0.041     0.0758      0.720     97.464  72.688711    43.5600     1.0697     0.2982     2.7918 1.1623e-01    19.7518      5.094      7.388    12.3368 0.0000e+00
      5.205      0.042     0.0760      0.720     97.644  72.797985    44.1000     1.0735     0.2982     3.0033 1.1607e-01    19.7518      5.105      7.404    12.3254 0.0000e+00
      5.216      0.042     0.0761      0.719     97.853  72.928377    44.1000     1.0659     0.2982     3.0033 1.1595e-01    19.7820      5.115      7.419    12.3127 0.0000e+00
      5.226      0.042     0.0766      0.721     98.103  73.088714    44.1000     1.0811     0.2982     3.0033 1.1625e-01    19.7367      5.125      7.434    12.3000 0.0000e+00
      5.237      0.041     0.0771      0.729     98.341  73.241919    44.1000     1.0124     0.2982     3.0033 1.1612e-01    19.5101      5.136      7.449    12.2874 0.0000e+00
      5.247      0.041     0.0772      0.740     98.523  73.355000    44.1000     1.0163     0.2982     2.9610 1.1615e-01    19.4648      5.146      7.464    12.2744 0.0000e+00
      5.258      0.040     0.0771      0.748     98.650  73.430170    44.1000     1.0010     0.2982     2.9610 1.1595e-01    19.4799      5.156      7.479    12.2613 0.0000e+00
      5.268      0.039     0.0773      0.750     98.756  73.491465    44.1000     1.0315     0.2982     2.9610 1.1612e-01    19.5403      5.167      7.493    12.2483 0.0000e+00
      5.278      0.038     0.0781      0.749     98.864  73.557225    44.1000     0.9514     0.2982     2.9610 1.1615e-01    18.5131      5.176      7.508    12.2360 0.0000e+00
      5.288      0.037     0.0793      0.746     98.951  73.609062    44.0100     0.9400     0.2982     3.0033 1.1617e-01    18.4527      5.186      7.521    12.2246 0.0000e+00
      5.297      0.035     0.0802      0.737     98.989  73.626867    44.0100     0.9438     0.2982     3.0033 1.1625e-01    18.4527      5.195      7.534    12.2146 0.0000e+00
      5.306      0.034     0.0805      0.724     99.019  73.641335    44.0100     0.9400     0.2982     3.0033 1.1620e-01    18.4829      5.204      7.547    12.2059 0.0000e+00
      5.314      0.033     0.0804      0.710     99.081  73.682269    44.0100     0.9629     0.2982     3.0033 1.1605e-01    18.9965      5.212      7.559    12.1983 0.0000e+00
      5.322      0.032     0.0800      0.700     99.170  73.744619    44.3700     0.9629     0.2982     3.0033 1.1607e-01    18.9663      5.219      7.570    12.1918 0.0000e+00
      5.330      0.031     0.0791      0.695     99.295  73.833036    44.3700     0.9438     0.2982     3.0033 1.1612e-01    18.9663      5.227      7.581    12.1865 0.0000e+00
      5.337      0.031     0.0777      0.693     99.462  73.949144    44.3700     0.9171     0.2982     3.0033 1.1607e-01    18.9059      5.234      7.592    12.1825 0.0000e+00
      5.345      0.032     0.0762      0.691     99.647  74.076003    44.3700     1.0811     0.2982     3.0033 1.1617e-01    20.1446      5.242      7.602    12.1798 0.0000e+00
      5.353      0.033     0.0751      0.688     99.842  74.207525    44.3700     1.0697     0.2982     3.0033 1.1617e-01    20.2050      5.250      7.614    12.1780 0.0000e+00
      5.361      0.035     0.0746      0.686    100.047  74.344850    44.2800     1.0582     0.2982     3.0033 1.1623e-01    20.2201      5.258      7.626    12.1758 0.0000e+00
      5.371      0.036     0.0744      0.689    100.240  74.472703    44.2800     1.0506     0.2982     3.0033 1.1590e-01    20.2503      5.267      7.639    12.1719 0.0000e+00
      5.380      0.037     0.0742      0.694    100.407  74.581268    44.2800     1.0010     0.2982     3.0033 1.1617e-01    20.7186      5.277      7.653    12.1663 0.0000e+00
      5.390      0.038     0.0739      0.696    100.575  74.691512    44.2800     1.0353     0.2982     3.0033 1.1615e-01    20.6884      5.286      7.667    12.1596 0.0000e+00
      5.400      0.038     0.0737      0.696    100.743  74.802891    45.1800     0.9857     0.2982     3.2148 1.1610e-01    20.6884      5.296      7.681    12.1521 0.0000e+00
      5.410      0.038     0.0740      0.693    100.872  74.885228    45.1800     1.0048     0.2982     3.2148 1.1615e-01    20.6884      5.306      7.695    12.1444 0.0000e+00
      5.420      0.037     0.0745      0.685    100.965  74.942515    45.1800     0.9705     0.2982     3.2148 1.1607e-01    21.3833      5.315      7.708    12.1368 0.0000e+00
      5.429      0.036     0.0748      0.675    101.065  75.005995    45.1800     0.9362     0.2982     3.2148 1.1623e-01    21.5344      5.324      7.722    12.1296 0.0000e+00
      5.438      0.035     0.0748      0.668    101.206  75.100582    45.6300     0.9705     0.2982     3.2994 1.1620e-01    21.3380      5.333      7.735    12.1227 0.0000e+00
      5.447      0.034     0.0745      0.664    101.414  75.243513    45.6300     0.9590     0.2982     3.2994 1.1612e-01    21.4739      5.342      7.748    12.1161 0.0000e+00
      5.456      0.034     0.0736      0.667    101.676  75.423003    45.6300     0.9438     0.2982     3.2994 1.1612e-01    22.1386      5.350      7.760    12.1102 0.0000e+00
      5.464      0.033     0.0726      0.676    101.926  75.591107    45.6300     0.9362     0.2982     3.2994 1.1612e-01    22.0933      5.358      7.772    12.1050 0.0000e+00
      5.472      0.032     0.0718      0.686    102.126  75.720793    45.7200     0.9667     0.2982     3.4263 1.1617e-01    22.1991      5.366      7.783    12.1001 0.0000e+00
      5.481      0.032     0.0714      0.697    102.270  75.810715    45.7200     0.9590     0.2982     3.4263 1.1612e-01    22.0933      5.375      7.795    12.0944 0.0000e+00
      5.489      0.031     0.0717      0.712    102.373  75.874870    45.7200     0.9438     0.2982     3.4263 1.1615e-01    23.9514      5.383      7.807    12.0871 0.0000e+00
      5.497      0.030     0.0727      0.726    102.475  75.942342    45.7200     0.9476     0.2982     3.4263 1.1595e-01    23.8910      5.391      7.819    12.0784 0.0000e+00
      5.504      0.029     0.0738      0.735    102.568  76.007171    45.7200     0.9438     0.2982     3.4263 1.1607e-01    23.8003      5.398      7.830    12.0694 0.0000e+00
      5.511      0.028     0.0750      0.737    102.627  76.050714    45.1800     0.9285     0.3408     3.2148 1.1602e-01    23.8457      5.405      7.839    12.0612 0.0000e+00
      5.518      0.027     0.0766      0.734    102.680  76.092568    45.1800     0.8904     0.3408     3.2148 1.1607e-01    23.8759      5.411      7.849    12.0550 0.0000e+00
      5.524      0.027     0.0782      0.725    102.760  76.155870    45.1800     0.9018     0.3408     3.2148 1.1623e-01    23.8759      5.418      7.858    12.0512 0.0000e+00
      5.531      0.027     0.0791      0.713    102.854  76.227560    45.1800     0.8904     0.3408     3.2148 1.1617e-01    23.8457      5.424      7.867    12.0493 0.0000e+00
      5.538      0.027     0.0794      0.696    102.944  76.290826    45.3600     0.8789     0.2982     3.0033 1.1617e-01    23.9212      5.431      7.877    12.0491 0.0000e+00
      5.545      0.027     0.0790      0.677    103.034  76.348566    45.3600     0.8942     0.2982     3.0033 1.1620e-01    24.5708      5.438      7.887    12.0505 0.0000e+00
      5.552      0.027     0.0781      0.660    103.137  76.412184    45.3600     0.8904     0.2982     3.0033 1.1617e-01    24.5405      5.444      7.897    12.0525 0.0000e+00
      5.559      0.027     0.0767      0.647    103.292  76.512617    45.3600     0.8827     0.2982     3.0033 1.1605e-01    24.5859      5.451      7.907    12.0535 0.0000e+00
      5.566      0.028     0.0749      0.641    103.504  76.654689    45.8100     0.8942     0.2982     3.0879 1.1623e-01    24.5859      5.458      7.916    12.0519 0.0000e+00
      5.573      0.028     0.0729      0.641    103.723  76.802428    45.8100     0.9590     0.2982     3.0879 1.1610e-01    25.0995      5.465      7.926    12.0475 0.0000e+00
      5.580      0.029     0.0710      0.647    103.960  76.961297    45.8100     0.9705     0.2982     3.0879 1.1620e-01    25.1599      5.472      7.936    12.0412 0.0000e+00
      5.587      0.029     0.0697      0.657    104.249  77.155694    45.8100     0.9705     0.2982     3.0879 1.1617e-01    25.0240      5.479      7.947    12.0342 0.0000e+00
      5.595      0.030     0.0690      0.668    104.578  77.377572    45.8100     0.9362     0.2982     3.0879 1.1612e-01    25.0693      5.486      7.957    12.0273 0.0000e+00
      5.603      0.031     0.0690      0.679    104.942  77.626211    45.9900     1.0010     0.2982     3.0456 1.1612e-01    25.3261      5.494      7.968    12.0203 0.0000e+00
      5.611      0.032     0.0697      0.688    105.366  77.920005    45.9900     0.9934     0.2982     3.0456 1.1607e-01    25.3261      5.502      7.980    12.0123 0.0000e+00
      5.619      0.033     0.0708      0.694    105.860  78.265434    45.9900     1.0163     0.2982     3.0456 1.1625e-01    25.3563      5.510      7.992    12.0027 0.0000e+00
      5.627      0.035     0.0720      0.696    106.387  78.632837    45.9900     0.9857     0.2982     3.0456 1.1600e-01    25.3714      5.519      8.004    11.9924 0.0000e+00
      5.636      0.036     0.0732      0.700    106.856  78.956487    46.1700     1.0353     0.3408     3.2994 1.1635e-01    25.3563      5.527      8.017    11.9827 0.0000e+00
      5.646      0.038     0.0742      0.707    107.211  79.196919    46.1700     0.9934     0.3408     3.2994 1.1623e-01    25.2959      5.537      8.030    11.9734 0.0000e+00
      5.656      0.039     0.0748      0.714    107.456  79.358353    46.1700     1.0086     0.3408     3.2994 1.1610e-01    25.2808      5.546      8.044    11.9638 0.0000e+00
      5.666      0.040     0.0751      0.720    107.605  79.451896    46.1700     1.0163     0.3408     3.2994 1.1597e-01    25.2657      5.557      8.059    11.9533 0.0000e+00
      5.677      0.040     0.0755      0.722    107.713  79.518462    46.3500     0.8866     0.3408     3.3417 1.1612e-01    24.9786      5.567      8.075    11.9427 0.0000e+00
      5.688      0.040     0.0763      0.717    107.851  79.607746    46.3500     0.8942     0.3408     3.3417 1.1628e-01    25.0995      5.578      8.090    11.9325 0.0000e+00
      5.698      0.039     0.0771      0.706    108.018  79.719600    46.3500     0.8942     0.3408     3.3417 1.1605e-01    25.0995      5.588      8.105    11.9233 0.0000e+00
      5.708      0.039     0.0777      0.693    108.180  79.827950    46.3500     0.8713     0.3408     3.3417 1.1612e-01    25.0391      5.598      8.119    11.9156 0.0000e+00
      5.718      0.038     0.0779      0.681    108.311  79.913774    46.4400     0.9362     0.3408     3.4263 1.1605e-01    26.3080      5.607      8.132    11.9093 0.0000e+00
      5.727      0.037     0.0774      0.671    108.388  79.960029    46.4400     0.9552     0.3408     3.4263 1.1610e-01    26.3080      5.616      8.145    11.9036 0.0000e+00
      5.736      0.037     0.0762      0.665    108.411  79.967068    46.4400     0.9590     0.3408     3.4263 1.1610e-01    26.1569      5.625      8.159    11.8982 0.0000e+00
      5.746      0.036     0.0748      0.662    108.428  79.972706    46.4400     0.9552     0.3408     3.4263 1.1607e-01    26.2627      5.634      8.172    11.8931 0.0000e+00
      5.755      0.036     0.0736      0.660    108.477  80.006397    46.4400     0.8408     0.3408     3.4263 1.1617e-01    26.5648      5.643      8.185    11.8880 0.0000e+00
      5.764      0.037     0.0726      0.656    108.522  80.041187    46.8900     0.8293     0.3408     3.5955 1.1617e-01    26.5950      5.652      8.198    11.8830 0.0000e+00
      5.773      0.037     0.0718      0.651    108.543  80.062397    46.8900     0.8141     0.3408     3.5955 1.1617e-01    26.5195      5.661      8.211    11.8787 0.0000e+00
      5.783      0.037     0.0715      0.648    108.570  80.085666    46.8900     0.8408     0.3408     3.5955 1.1633e-01    26.6101      5.670      8.224    11.8755 0.0000e+00
      5.792      0.037     0.0713      0.646    108.600  80.107218    46.8900     0.8026     0.3408     3.5955 1.1628e-01    26.8065      5.680      8.238    11.8742 0.0000e+00
      5.802      0.037     0.0709      0.645    108.633  80.126808    47.6100     0.8370     0.3834     3.5109 1.1612e-01    26.7612      5.689      8.251    11.8750 0.0000e+00
      5.812      0.037     0.0704      0.648    108.661  80.141676    47.6100     0.8293     0.3834     3.5109 1.1600e-01    26.7008      5.699      8.265    11.8775 0.0000e+00
      5.821      0.037     0.0701      0.651    108.690  80.157781    47.6100     0.8179     0.3834     3.5109 1.1607e-01    26.7612      5.708      8.279    11.8793 0.0000e+00
      5.831      0.036     0.0698      0.651    108.762  80.205373    47.6100     0.8293     0.3834     3.5109 1.1620e-01    27.3655      5.717      8.292    11.8788 0.0000e+00
      5.840      0.036     0.0697      0.648    108.882  80.287161    48.7800     0.8217     0.3834     3.3840 1.1638e-01    27.3201      5.726      8.305    11.8767 0.0000e+00
      5.849      0.035     0.0700      0.643    109.019  80.379034    48.7800     0.8332     0.3834     3.3840 1.1615e-01    27.2446      5.735      8.318    11.8742 0.0000e+00
      5.857      0.035     0.0704      0.637    109.156  80.469554    48.7800     0.8103     0.3834     3.3840 1.1600e-01    27.1842      5.744      8.331    11.8717 0.0000e+00
      5.866      0.034     0.0704      0.636    109.276  80.548920    48.7800     0.8942     0.3834     3.3840 1.1605e-01    27.5014      5.753      8.343    11.8691 0.0000e+00
      5.875      0.033     0.0701      0.637    109.372  80.612339    48.7800     0.8827     0.3834     3.3840 1.1600e-01    27.5316      5.761      8.356    11.8659 0.0000e+00
      5.883      0.032     0.0695      0.637    109.467  80.676723    48.4200     0.8866     0.3834     3.4686 1.1623e-01    27.5769      5.769      8.368    11.8618 0.0000e+00
      5.891      0.031     0.0689      0.643    109.576  80.753251    48.4200     0.8751     0.3834     3.4686 1.1615e-01    27.4712      5.777      8.379    11.8572 0.0000e+00
      5.899      0.031     0.0688      0.652    109.707  80.848354    48.4200     0.8942     0.3834     3.4686 1.1605e-01    26.6554      5.785      8.390    11.8529 0.0000e+00
      5.907      0.030     0.0689      0.659    109.860  80.959442    48.4200     0.9018     0.3834     3.4686 1.1623e-01    26.7461      5.793      8.401    11.8494 0.0000e+00
      5.914      0.029     0.0689      0.662    110.035  81.084194    47.4300     0.8789     0.3834     3.0879 1.1612e-01    26.7763      5.800      8.412    11.8468 0.0000e+00
      5.921      0.029     0.0696      0.662    110.283  81.259869    47.4300     0.9018     0.3834     3.0879 1.1623e-01    26.7310      5.807      8.422    11.8453 0.0000e+00
      5.928      0.028     0.0706      0.658    110.610  81.489389    47.4300     0.9285     0.3834     3.0879 1.1620e-01    26.1872      5.814      8.432    11.8445 0.0000e+00
      5.935      0.028     0.0713      0.653    110.932  81.710169    47.4300     0.8904     0.3834     3.0879 1.1597e-01    26.3080      5.821      8.442    11.8437 0.0000e+00
      5.942      0.028     0.0717      0.648    111.225  81.905211    47.6100     0.8866     0.3834     2.9187 1.1602e-01    26.2929      5.828      8.452    11.8419 0.0000e+00
      5.950      0.028     0.0716      0.645    111.525  82.102564    47.6100     0.8866     0.3834     2.9187 1.1602e-01    26.2778      5.835      8.463    11.8386 0.0000e+00
      5.957      0.028     0.0712      0.642    111.848  82.314923    47.6100     0.8637     0.3834     2.9187 1.1605e-01    26.0512      5.842      8.473    11.8333 0.0000e+00
