Data/DataNotYetUploadedToEDI/Raw_CTD/RawDownloads/060225_fcr10_S7809002.cnv
* Sea-Bird SBE19plus  Data File:
* FileName = C:\R\Reservoirs\Data\DataNotYetUploadedToEDI\Raw_CTD\RawDownloads\060225_fcr50_S7809_0002.hex
* Software version 2.8.0.119
* Temperature SN = 7809
* Conductivity SN = 7809
* System UpLoad Time = Jun 02 2025 17:16:42
* <ApplicationData>
* <Seaterm232>
# nquan = 15
# nvalues = 1469                        
# units = specified
# name 0 = depFM: Depth [fresh water, m]
# name 1 = dz/dtM: Descent Rate [m/s]
# name 2 = sbeox0Mg/L: Oxygen, SBE 43 [mg/l]
# name 3 = sbeox0PS: Oxygen, SBE 43 [% saturation]
# name 4 = specc: Specific Conductance [uS/cm]
# name 5 = c0uS/cm: Conductivity [uS/cm]
# name 6 = flECO-AFL: Fluorescence, WET Labs ECO-AFL/FL [mg/m^3]
# name 7 = ph: pH
# name 8 = orp: Oxidation Reduction Potential [mV]
# name 9 = par/sat/log: PAR/Logarithmic, Satlantic
# name 10 = turbWETntu0: Turbidity, WET Labs ECO [NTU]
# name 11 = prdM: Pressure, Strain Gauge [db]
# name 12 = prdE: Pressure, Strain Gauge [psi]
# name 13 = tv290C: Temperature [ITS-90, deg C]
# name 14 = flag:  0.000e+00
# span 0 =     -0.622,      2.458       
# span 1 =     -0.309,      0.124       
# span 2 =     1.0432,    12.2825       
# span 3 =     11.133,    129.918       
# span 4 =      1.131,    112.515       
# span 5 =   0.955802,  88.970315       
# span 6 =    -0.6451,   233.8444       
# span 7 =      7.353,     10.797       
# span 8 =    12.8587,   175.2820       
# span 9 = 4.9375e+00, 2.2017e+03       
# span 10 =    -7.5646,   932.3523      
# span 11 =     -0.610,      2.412      
# span 12 =     -0.886,      3.498      
# span 13 =    14.3840,    21.1185      
# span 14 = 0.0000e+00, 0.0000e+00      
# interval = seconds: 0.25
# start_time = Jun 02 2025 12:53:51 [Instrument's time stamp, header]
# bad_flag = -9.990e-29
*END*
[from data line 193]
     -0.067      0.009    11.9456    121.879     32.129  27.811229     5.9590     10.715    85.0174 1.0344e+03     4.8229     -0.064     -0.092    18.2772 0.0000e+00
     -0.065      0.006    11.7827    121.132     32.123  27.798764     6.0963     10.715    84.6568 1.0884e+03     4.8427     -0.062     -0.089    18.2681 0.0000e+00
     -0.068      0.004    11.6518    120.495     32.138  27.802102     6.1276     10.713    84.3911 1.0243e+03     4.9907     -0.066     -0.095    18.2745 0.0000e+00
     -0.072      0.004    11.5452    119.966     32.203  27.851574     6.1036     10.711    84.2143 9.1567e+02     5.1435     -0.072     -0.104    18.2848 0.0000e+00
     -0.073      0.006    11.4675    119.506     32.243  27.889523     6.0316     10.711    84.0685 8.4434e+02     5.1872     -0.073     -0.106    18.2793 0.0000e+00
     -0.070      0.011    11.4010    119.129     32.219  27.880392     5.9723     10.711    84.0049 8.5660e+02     5.1096     -0.068     -0.101    18.2666 0.0000e+00
     -0.063      0.015    11.3424    118.874     32.191  27.868028     5.9770     10.712    83.9608 9.9908e+02     5.0923     -0.061     -0.090    18.2505 0.0000e+00
     -0.056      0.018    11.3012    118.724     32.181  27.866902     6.1143     10.712    83.8794 1.1379e+03     5.1488     -0.054     -0.080    18.2324 0.0000e+00
     -0.050      0.020    11.2544    118.643     32.175  27.866788     6.3248     10.713    83.7958 1.1699e+03     5.1098     -0.048     -0.071    18.2387 0.0000e+00
     -0.046      0.020    11.2109    118.595     32.170  27.866654     6.4250     10.714    83.6381 1.1715e+03     5.0995     -0.044     -0.064    18.2653 0.0000e+00
     -0.042      0.019    11.1840    118.545     32.170  27.865291     6.4364     10.715    83.5210 1.1586e+03     5.1610     -0.042     -0.061    18.2827 0.0000e+00
     -0.038      0.019    11.1690    118.495     32.158  27.850310     6.4705     10.716    83.5842 1.0973e+03     5.2390     -0.038     -0.055    18.2928 0.0000e+00
     -0.033      0.018    11.1601    118.466     32.122  27.812361     6.5129     10.718    83.6279 9.3941e+02     5.3591     -0.032     -0.047    18.3019 0.0000e+00
     -0.027      0.016    11.1557    118.434     32.104  27.786996     6.5071     10.720    83.5337 7.7635e+02     5.3832     -0.026     -0.038    18.3094 0.0000e+00
     -0.022      0.013    11.1515    118.368     32.127  27.797303     6.4761     10.722    83.3912 7.8526e+02     5.3936     -0.021     -0.030    18.3077 0.0000e+00
     -0.018      0.010    11.1465    118.323     32.147  27.810127     6.4711     10.724    83.2821 9.3531e+02     5.4853     -0.017     -0.024    18.2987 0.0000e+00
     -0.016      0.006    11.1474    118.348     32.152  27.815189     6.4624     10.725    83.2462 1.0813e+03     5.4669     -0.015     -0.022    18.2896 0.0000e+00
     -0.017      0.001    11.1512    118.400     32.199  27.858512     6.4382     10.726    83.3017 1.1691e+03     5.3421     -0.018     -0.025    18.2714 0.0000e+00
     -0.018     -0.009    11.1459    118.423     32.299  27.953387     6.4273     10.728    83.5227 1.2137e+03     5.2406     -0.019     -0.027    18.2538 0.0000e+00
     -0.017     -0.020    11.1396    118.422     32.341  28.010940     6.4144     10.729    83.8527 1.2177e+03     5.1955     -0.018     -0.026    18.2479 0.0000e+00
     -0.017     -0.031    11.1450    118.432     32.277  27.983584     6.3236     10.728    84.8832 1.2405e+03     5.2066     -0.014     -0.020    18.2514 0.0000e+00
     -0.027     -0.040    11.1505    118.378     32.205  27.939798     6.1531     10.728    95.0358 1.2005e+03     5.1704     -0.021     -0.031    18.2533 0.0000e+00
     -0.047     -0.047    11.1532    118.269     32.184  27.925523     6.0349     10.731   104.9956 1.1697e+03     5.0650     -0.049     -0.070    18.2582 0.0000e+00
     -0.066     -0.050    11.1391    118.234     32.201  27.937846     5.9844     10.734    97.0683 1.3203e+03     4.9906     -0.068     -0.097    18.2955 0.0000e+00
     -0.081     -0.048    11.1326    118.213     32.231  27.961945     5.7178     10.734    87.5493 1.3049e+03     5.0231     -0.080     -0.116    18.3527 0.0000e+00
     -0.092     -0.041    11.1239    118.170     32.232  27.963192     5.2330     10.733    86.4379 1.2168e+03     5.1506     -0.091     -0.133    18.3833 0.0000e+00
     -0.101     -0.030    11.1000    118.152     32.216  27.952932     4.9506     10.731    86.2129 1.3807e+03     5.1648     -0.100     -0.145    18.3807 0.0000e+00
     -0.108     -0.020    11.1089    118.157     32.223  27.964743     4.9001     10.731    87.0650 1.4546e+03     5.0581     -0.106     -0.155    18.3752 0.0000e+00
     -0.110     -0.012    11.1063    118.157     32.233  27.979151     4.9878     10.731    98.0314 1.2761e+03     5.0570     -0.109     -0.158    18.3715 0.0000e+00
     -0.110     -0.007    11.0995    118.174     32.248  28.000299     5.1798     10.735   117.7966 1.1161e+03     5.1173     -0.109     -0.158    18.3705 0.0000e+00
     -0.110     -0.002    11.0973    118.301     32.270  28.030165     5.2818     10.740   127.7242 1.1657e+03     5.1378     -0.107     -0.156    18.3796 0.0000e+00
     -0.110      0.002    11.0957    118.511     32.248  28.023148     5.2802     10.745   127.7239 1.3487e+03     5.1334     -0.107     -0.155    18.3880 0.0000e+00
     -0.110      0.006    11.0966    118.686     32.187  27.978908     5.2936     10.750   127.3437 1.4743e+03     5.1332     -0.108     -0.157    18.3955 0.0000e+00
     -0.110      0.010    11.0869    118.750     32.139  27.939253     5.3696     10.753   127.1710 1.4348e+03     5.2042     -0.109     -0.158    18.4077 0.0000e+00
     -0.107      0.012    11.0985    118.696     32.131  27.924229     5.4412     10.754   127.0975 1.2568e+03     5.2400     -0.106     -0.153    18.4254 0.0000e+00
     -0.101      0.013    11.1175    118.582     32.145  27.924101     5.4513     10.756   126.9720 1.0649e+03     5.1215     -0.099     -0.144    18.4466 0.0000e+00
     -0.095      0.012    11.1331    118.469     32.170  27.937688     5.5170     10.759   126.8585 9.3464e+02     5.0023     -0.092     -0.134    18.4633 0.0000e+00
     -0.090      0.010    11.1381    118.359     32.200  27.961645     5.6783     10.760   126.2411 8.5160e+02     5.0280     -0.087     -0.128    18.4680 0.0000e+00
     -0.088      0.006    11.1342    118.263     32.197  27.960063     5.7783     10.761   118.8191 8.0429e+02     5.1248     -0.086     -0.125    18.4526 0.0000e+00
     -0.088      0.002    11.1263    118.238     32.148  27.918556     5.8112     10.761   104.8324 7.9157e+02     5.1481     -0.086     -0.125    18.4271 0.0000e+00
     -0.089      0.000    11.1196    118.274     32.062  27.840350     5.8256     10.758    96.4268 7.9812e+02     5.1046     -0.087     -0.127    18.4143 0.0000e+00
     -0.092      0.001    11.1104    118.312     32.005  27.775574     5.8119     10.756    94.6228 8.0098e+02     5.1451     -0.089     -0.130    18.4135 0.0000e+00
     -0.094      0.004    11.0961    118.302     32.030  27.769584     5.8034     10.755    93.6892 7.9030e+02     5.2612     -0.092     -0.134    18.4154 0.0000e+00
     -0.094      0.009    11.0949    118.206     32.060  27.767892     5.7974     10.755    93.0540 7.8185e+02     5.3135     -0.094     -0.136    18.4180 0.0000e+00
     -0.090      0.013    11.1006    118.039     32.066  27.755085     5.7895     10.754    92.6219 7.9746e+02     5.2303     -0.090     -0.130    18.4187 0.0000e+00
     -0.082      0.015    11.1095    117.829     32.063  27.741550     5.8415     10.754    92.3356 8.5377e+02     5.1101     -0.080     -0.116    18.3977 0.0000e+00
     -0.075      0.015    11.1231    117.593     32.063  27.731076     5.9673     10.755    92.0020 9.7291e+02     5.1239     -0.073     -0.105    18.3460 0.0000e+00
     -0.070      0.010    11.1240    117.383     32.102  27.755292     6.0622     10.755    91.5990 1.1415e+03     5.2269     -0.068     -0.098    18.2961 0.0000e+00
     -0.068      0.004    11.1128    117.249     32.135  27.780632     6.0647     10.754    91.3352 1.2370e+03     5.2273     -0.065     -0.095    18.2689 0.0000e+00
     -0.069     -0.002    11.0972    117.219     32.131  27.783747     5.8981     10.754    91.1356 1.1593e+03     5.0951     -0.067     -0.097    18.2560 0.0000e+00
     -0.072     -0.006    11.0745    117.274     32.129  27.792969     5.6206     10.753    90.9066 9.8201e+02     5.0290     -0.070     -0.102    18.2425 0.0000e+00
     -0.077     -0.006    11.0594    117.370     32.084  27.765303     5.4899     10.753    90.7174 8.4499e+02     5.1111     -0.076     -0.110    18.2199 0.0000e+00
     -0.081     -0.002    11.0465    117.494     32.009  27.702948     5.4999     10.753    90.5679 8.0460e+02     5.1992     -0.080     -0.116    18.2122 0.0000e+00
     -0.082      0.003    11.0402    117.593     31.984  27.673290     5.5244     10.754    90.3903 8.0059e+02     5.2057     -0.081     -0.118    18.2303 0.0000e+00
     -0.079      0.008    11.0451    117.654     31.979  27.660408     5.5535     10.755    90.2913 7.8478e+02     5.1903     -0.079     -0.115    18.2472 0.0000e+00
     -0.074      0.012    11.0466    117.681     32.001  27.674029     5.5858     10.754    90.3160 8.2527e+02     5.2528     -0.072     -0.106    18.2681 0.0000e+00
     -0.068      0.012    11.0605    117.651     32.047  27.711128     5.6230     10.754    90.2591 9.4871e+02     5.3808     -0.066     -0.096    18.2796 0.0000e+00
     -0.063      0.010    11.0744    117.606     32.070  27.728413     5.6531     10.754    90.1205 1.0575e+03     5.4045     -0.061     -0.088    18.2570 0.0000e+00
     -0.061      0.006    11.0822    117.575     32.100  27.756164     5.6588     10.754    90.0160 1.0311e+03     5.2669     -0.058     -0.085    18.2395 0.0000e+00
     -0.061      0.004    11.0899    117.541     32.134  27.792959     5.6425     10.754    89.9422 8.9995e+02     5.1510     -0.059     -0.085    18.2358 0.0000e+00
     -0.063      0.004    11.0839    117.534     32.118  27.792759     5.6485     10.754    89.8315 8.1412e+02     5.1646     -0.062     -0.089    18.2298 0.0000e+00
     -0.065      0.008    11.0800    117.579     32.057  27.753771     5.6718     10.756    89.7954 7.6262e+02     5.1924     -0.065     -0.095    18.2265 0.0000e+00
     -0.064      0.012    11.0792    117.635     31.996  27.702130     5.6411     10.759    90.8820 7.2634e+02     5.1450     -0.066     -0.096    18.2252 0.0000e+00
     -0.059      0.015    11.0723    117.655     31.981  27.675774     5.5692     10.762   101.9378 7.5433e+02     5.0698     -0.060     -0.086    18.2347 0.0000e+00
     -0.050      0.016    11.0630    117.605     32.016  27.688787     5.5265     10.765   120.5672 9.3705e+02     5.0694     -0.049     -0.071    18.2621 0.0000e+00
     -0.042      0.011    11.0640    117.531     32.080  27.732590     5.5235     10.768   120.9910 1.2355e+03     5.1744     -0.040     -0.057    18.2912 0.0000e+00
     -0.037      0.000    11.0690    117.524     32.187  27.824820     5.5334     10.768   104.1361 1.3475e+03     5.2123     -0.034     -0.050    18.2960 0.0000e+00
     -0.037     -0.016    11.0790    117.542     32.273  27.915981     5.5301     10.767    94.7046 1.3524e+03     5.1175     -0.036     -0.052    18.2677 0.0000e+00
     -0.042     -0.032    11.0820    117.537     32.274  27.946884     5.5254     10.764    96.8667 1.4228e+03     5.1215     -0.041     -0.059    18.2338 0.0000e+00
     -0.053     -0.044    11.0712    117.547     32.234  27.944803     5.5090     10.763   100.3362 1.3373e+03     5.2262     -0.048     -0.070    18.2142 0.0000e+00
     -0.072     -0.047    11.0772    117.644     32.144  27.890860     5.3404     10.763    98.1093 1.2890e+03     5.2571     -0.068     -0.098    18.2100 0.0000e+00
     -0.094     -0.041    11.0737    117.808     32.035  27.802098     5.0435     10.762    94.7209 1.5210e+03     5.1873     -0.095     -0.137    18.2372 0.0000e+00
     -0.112     -0.027    11.0597    117.898     32.002  27.759549     4.8657     10.761    93.9548 1.6991e+03     5.0645     -0.114     -0.166    18.2907 0.0000e+00
     -0.119     -0.010    11.0459    117.910     32.022  27.756941     4.8551     10.760    94.4392 1.7054e+03     5.0711     -0.121     -0.177    18.3447 0.0000e+00
     -0.113      0.006    11.0418    117.867     32.056  27.770533     4.9746     10.760   103.1589 1.5985e+03     5.1991     -0.113     -0.164    18.3907 0.0000e+00
     -0.099      0.017    11.0665    117.787     32.093  27.797025     5.1450     10.761   113.4314 1.3404e+03     5.2113     -0.096     -0.139    18.4026 0.0000e+00
     -0.086      0.021    11.0778    117.747     32.118  27.823544     5.2088     10.764   115.9970 1.0918e+03     5.0816     -0.082     -0.119    18.3688 0.0000e+00
     -0.078      0.018    11.0866    117.708     32.122  27.837476     5.2132     10.767   122.3067 1.0176e+03     4.9978     -0.075     -0.109    18.3312 0.0000e+00
     -0.078      0.011    11.0916    117.699     32.114  27.838638     5.2806     10.770   123.3852 1.1029e+03     5.0521     -0.075     -0.110    18.3070 0.0000e+00
     -0.082      0.005    11.0771    117.818     32.109  27.837610     5.3832     10.771   111.0551 1.2414e+03     5.1573     -0.080     -0.117    18.2945 0.0000e+00
     -0.084      0.002    11.0786    117.976     32.095  27.825050     5.4137     10.771   101.2498 1.2954e+03     5.1427     -0.084     -0.122    18.3059 0.0000e+00
     -0.083      0.002    11.0675    118.015     32.086  27.813625     5.3909     10.771   103.9480 1.1928e+03     5.0116     -0.083     -0.120    18.3290 0.0000e+00
     -0.080      0.003    11.0567    117.998     32.102  27.826318     5.3989     10.772   109.0906 1.0144e+03     4.9728     -0.079     -0.114    18.3422 0.0000e+00
     -0.077      0.004    11.0711    118.031     32.127  27.851666     5.4776     10.772   103.7173 8.9446e+02     5.0830     -0.075     -0.109    18.3472 0.0000e+00
     -0.075      0.001    11.0958    118.030     32.137  27.866410     5.6021     10.771    97.4009 8.6013e+02     5.2175     -0.073     -0.106    18.3464 0.0000e+00
     -0.075     -0.004    11.0974    117.953     32.140  27.877740     5.6634     10.770    96.9912 8.5582e+02     5.1977     -0.074     -0.108    18.3370 0.0000e+00
     -0.076     -0.006    11.0879    117.825     32.109  27.861821     5.6528     10.771   104.8718 8.6475e+02     5.0822     -0.075     -0.109    18.3312 0.0000e+00
     -0.079     -0.006    11.0993    117.740     32.030  27.800793     5.6734     10.774   112.7539 9.0829e+02     5.0861     -0.075     -0.110    18.3407 0.0000e+00
     -0.086     -0.004    11.0942    117.766     32.011  27.774128     5.7386     10.774   105.8240 9.4740e+02     5.1085     -0.085     -0.123    18.3521 0.0000e+00
     -0.091     -0.001    11.0849    117.765     32.061  27.793097     5.7753     10.774    97.4855 9.2687e+02     5.0793     -0.093     -0.136    18.3635 0.0000e+00
     -0.089      0.002    11.0662    117.683     32.066  27.776413     5.7756     10.774    96.1665 8.8846e+02     5.0753     -0.089     -0.129    18.3826 0.0000e+00
     -0.081      0.007    11.0453    117.625     31.992  27.699225     5.8510     10.774    95.7274 9.1365e+02     5.0940     -0.078     -0.112    18.4041 0.0000e+00
     -0.077      0.011    11.0616    117.610     31.925  27.620908     6.0206     10.774    95.5313 1.0754e+03     5.1680     -0.073     -0.106    18.3923 0.0000e+00
     -0.077      0.013    11.0767    117.551     31.928  27.590563     6.1198     10.775    95.3439 1.3426e+03     5.1849     -0.076     -0.110    18.3327 0.0000e+00
     -0.077      0.013    11.0688    117.402     31.965  27.585980     6.1191     10.777    95.0962 1.5036e+03     5.0927     -0.077     -0.112    18.2997 0.0000e+00
     -0.072      0.012    11.0651    117.182     31.976  27.565447     6.1281     10.778    94.7734 1.4100e+03     5.0779     -0.072     -0.104    18.2942 0.0000e+00
