Data/DataNotYetUploadedToEDI/Raw_CTD/RawDownloads/060225_fcr20_S7809003.cnv
* Sea-Bird SBE19plus  Data File:
* FileName = C:\R\Reservoirs\Data\DataNotYetUploadedToEDI\Raw_CTD\RawDownloads\060225_fcr50_S7809_0003.hex
* Software version 2.8.0.119
* Temperature SN = 7809
* Conductivity SN = 7809
* System UpLoad Time = Jun 02 2025 17:17:27
* <ApplicationData>
* <Seaterm232>
# nquan = 15
# nvalues = 1715                        
# units = specified
# name 0 = depFM: Depth [fresh water, m]
# name 1 = dz/dtM: Descent Rate [m/s]
# name 2 = sbeox0Mg/L: Oxygen, SBE 43 [mg/l]
# name 3 = sbeox0PS: Oxygen, SBE 43 [% saturation]
# name 4 = specc: Specific Conductance [uS/cm]
# name 5 = c0uS/cm: Conductivity [uS/cm]
# name 6 = flECO-AFL: Fluorescence, WET Labs ECO-AFL/FL [mg/m^3]
# name 7 = ph: pH
# name 8 = orp: Oxidation Reduction Potential [mV]
# name 9 = par/sat/log: PAR/Logarithmic, Satlantic
# name 10 = turbWETntu0: Turbidity, WET Labs ECO [NTU]
# name 11 = prdM: Pressure, Strain Gauge [db]
# name 12 = prdE: Pressure, Strain Gauge [psi]
# name 13 = tv290C: Temperature [ITS-90, deg C]
# name 14 = flag:  0.000e+00
# span 0 =     -0.621,      3.114       
# span 1 =     -0.333,      0.168       
# span 2 =    -0.0351,    12.4664       
# span 3 =     -0.186,    132.069       
# span 4 =      0.917,     45.639       
# span 5 =   0.774431,  35.769526       
# span 6 =    -0.8561,    76.8049       
# span 7 =      9.457,     10.878       
# span 8 =    91.3002,  1240.2295       
# span 9 = 9.9524e+00, 2.1966e+03       
# span 10 =    -0.1406,   237.4609      
# span 11 =     -0.609,      3.054      
# span 12 =     -0.884,      4.429      
# span 13 =    14.1478,    19.6867      
# span 14 = 0.0000e+00, 0.0000e+00      
# interval = seconds: 0.25
# start_time = Jun 02 2025 13:04:20 [Instrument's time stamp, header]
# bad_flag = -9.990e-29
*END*
[from data line 1157]
      1.860      0.010    10.3647    106.550     32.223  26.862936    11.2844     10.701   144.0145 4.6203e+01     6.4783      1.824      2.646    16.6568 0.0000e+00
      1.864      0.010    10.3603    106.542     32.236  26.862380    11.3066     10.701   143.9638 4.6011e+01     6.5939      1.828      2.652    16.6847 0.0000e+00
      1.868      0.009    10.3622    106.527     32.247  26.862497    11.4633     10.701   143.8688 4.5870e+01     6.6686      1.833      2.657    16.6994 0.0000e+00
      1.869      0.007    10.3645    106.495     32.256  26.864333    11.7226     10.702   143.8121 4.5839e+01     6.7667      1.834      2.659    16.6955 0.0000e+00
      1.869      0.006    10.3657    106.465     32.285  26.884575    11.8617     10.702   143.8803 4.5809e+01     6.8581      1.833      2.659    16.6790 0.0000e+00
      1.870      0.006    10.3695    106.433     32.329  26.916969    11.8803     10.703   144.1783 4.5763e+01     6.8509      1.834      2.660    16.6606 0.0000e+00
      1.872      0.006    10.3727    106.365     32.361  26.938889    11.8557     10.704   144.4032 4.5712e+01     6.8506      1.835      2.662    16.6452 0.0000e+00
      1.873      0.007    10.3695    106.268     32.389  26.959331    11.7638     10.703   144.3623 4.5588e+01     6.8201      1.836      2.663    16.6370 0.0000e+00
      1.875      0.008    10.3679    106.178     32.404  26.973859    11.6851     10.701   144.2867 4.5463e+01     6.7898      1.838      2.666    16.6319 0.0000e+00
      1.877      0.008    10.3681    106.097     32.412  26.987706    11.6701     10.701   144.3495 4.5388e+01     6.8598      1.841      2.670    16.6265 0.0000e+00
      1.880      0.008    10.3629    105.980     32.418  26.999920    11.6651     10.701   144.4325 4.5362e+01     6.8465      1.844      2.674    16.6186 0.0000e+00
      1.882      0.008    10.3528    105.813     32.410  26.994700    11.5005     10.700   144.4301 4.5363e+01     6.6638      1.847      2.678    16.6103 0.0000e+00
      1.884      0.008    10.3431    105.610     32.409  26.988019    11.1851     10.699   144.4069 4.5333e+01     6.4956      1.848      2.680    16.6141 0.0000e+00
      1.885      0.008    10.3350    105.372     32.413  26.982551    11.0066     10.698   144.4100 4.5291e+01     6.4867      1.848      2.680    16.6281 0.0000e+00
      1.886      0.008    10.3209    105.093     32.430  26.991998    10.9904     10.696   144.4669 4.5256e+01     6.5907      1.850      2.682    16.6421 0.0000e+00
      1.889      0.008    10.3021    104.776     32.486  27.038812    10.8640     10.694   144.5792 4.5188e+01     6.6595      1.851      2.686    16.6475 0.0000e+00
      1.892      0.008    10.2859    104.456     32.562  27.104614    10.5937     10.693   144.6500 4.5106e+01     6.6695      1.856      2.691    16.6339 0.0000e+00
      1.894      0.008    10.2665    104.171     32.620  27.153378    10.4442     10.691   144.6341 4.5062e+01     6.6767      1.858      2.694    16.6161 0.0000e+00
      1.896      0.007    10.2411    103.960     32.660  27.184449    10.4464     10.690   144.6446 4.5044e+01     6.7133      1.859      2.697    16.6092 0.0000e+00
      1.897      0.006    10.2084    103.868     32.715  27.226593    10.4694     10.688   144.6911 4.4994e+01     6.7023      1.861      2.699    16.6108 0.0000e+00
      1.898      0.005    10.1739    103.870     32.785  27.282388    10.4733     10.685   144.6806 4.4903e+01     6.5092      1.861      2.699    16.6180 0.0000e+00
      1.900      0.005    10.1460    103.904     32.870  27.351674    10.4518     10.684   144.6900 4.4827e+01     6.2907      1.863      2.702    16.6194 0.0000e+00
      1.902      0.005    10.1229    103.927     32.966  27.430082    10.4513     10.682   144.8048 4.4769e+01     6.2471      1.865      2.705    16.6132 0.0000e+00
      1.903      0.005    10.1175    103.901     33.019  27.469321    10.4750     10.682   144.8643 4.4684e+01     6.2892      1.866      2.706    16.6063 0.0000e+00
      1.904      0.006    10.1211    103.769     32.999  27.445555    10.4888     10.682   144.8923 4.4567e+01     6.3227      1.867      2.707    16.6022 0.0000e+00
      1.905      0.006    10.1253    103.501     32.946  27.396420    10.4773     10.680   144.9713 4.4462e+01     6.3443      1.868      2.709    16.6025 0.0000e+00
      1.906      0.006    10.1290    103.102     32.930  27.382623    10.4522     10.678   145.0451 4.4395e+01     6.3104      1.869      2.711    16.6009 0.0000e+00
      1.908      0.007    10.1304    102.572     32.958  27.405586    10.4595     10.678   145.0962 4.4314e+01     6.3573      1.871      2.713    16.5940 0.0000e+00
      1.910      0.007    10.1216    101.942     32.983  27.420358    10.4908     10.677   144.9870 4.4218e+01     6.5356      1.874      2.718    16.5812 0.0000e+00
      1.912      0.007    10.0960    101.254     33.018  27.434386    10.4896     10.676   144.8432 4.4170e+01     6.5874      1.876      2.721    16.5713 0.0000e+00
      1.914      0.007    10.0588    100.570     33.056  27.448331    10.4621     10.675   144.9061 4.4154e+01     6.5053      1.877      2.722    16.5722 0.0000e+00
      1.916      0.007    10.0039     99.973     33.081  27.462086    10.4403     10.674   145.0591 4.4130e+01     6.4643      1.879      2.725    16.5764 0.0000e+00
      1.918      0.006     9.9429     99.543     33.091  27.473839    10.4343     10.673   145.0582 4.4099e+01     6.4337      1.881      2.729    16.5705 0.0000e+00
      1.920      0.006     9.8791     99.291     33.076  27.463589    10.4405     10.672   144.9821 4.4089e+01     6.3407      1.882      2.730    16.5421 0.0000e+00
      1.921      0.007     9.8172     99.180     33.084  27.465010    10.4312     10.670   144.9993 4.4086e+01     6.2286      1.883      2.732    16.5068 0.0000e+00
      1.922      0.007     9.7574     99.195     33.127  27.491005    10.4048     10.668   145.0082 4.4044e+01     6.2050      1.884      2.733    16.4973 0.0000e+00
      1.925      0.007     9.7116     99.288     33.183  27.524184    10.4046     10.667   145.0036 4.3970e+01     6.2945      1.886      2.738    16.5109 0.0000e+00
      1.927      0.007     9.6895     99.382     33.233  27.549038    10.4293     10.667   145.0295 4.3889e+01     6.3882      1.889      2.740    16.5188 0.0000e+00
      1.928      0.006     9.6788     99.433     33.239  27.537803    10.4368     10.665   145.0636 4.3804e+01     6.3480      1.891      2.743    16.5063 0.0000e+00
      1.930      0.004     9.6866     99.413     33.226  27.515169    10.4116     10.663   145.1569 4.3760e+01     6.2182      1.893      2.746    16.4896 0.0000e+00
      1.931      0.003     9.7019     99.310     33.255  27.529052    10.3407     10.662   145.2116 4.3769e+01     6.2193      1.894      2.747    16.4739 0.0000e+00
      1.931      0.002     9.7182     99.159     33.330  27.578793    10.2467     10.661   145.2081 4.3763e+01     6.3269      1.894      2.747    16.4446 0.0000e+00
      1.931      0.002     9.7296     98.986     33.380  27.609171    10.1826     10.660   145.2872 4.3735e+01     6.3570      1.893      2.746    16.4164 0.0000e+00
      1.931      0.003     9.7319     98.785     33.352  27.579210    10.1560     10.658   145.3081 4.3686e+01     6.3106      1.893      2.745    16.4016 0.0000e+00
      1.931      0.004     9.7230     98.595     33.298  27.533653    10.1825     10.656   145.2025 4.3599e+01     6.3122      1.893      2.747    16.3878 0.0000e+00
      1.932      0.007     9.7100     98.429     33.255  27.502322    10.2621     10.655   145.1289 4.3512e+01     6.4449      1.895      2.749    16.3675 0.0000e+00
      1.934      0.010     9.7001     98.262     33.190  27.454100    10.3198     10.654   145.1065 4.3436e+01     6.6175      1.896      2.750    16.3490 0.0000e+00
      1.936      0.014     9.6787     98.137     33.116  27.394584    10.3137     10.653   145.1032 4.3322e+01     6.6230      1.898      2.753    16.3391 0.0000e+00
      1.941      0.016     9.6593     98.096     33.082  27.353534    10.2967     10.652   145.0888 4.3117e+01     6.4769      1.903      2.760    16.3394 0.0000e+00
      1.947      0.017     9.6450     98.126     33.096  27.338294    10.3227     10.652   145.1045 4.2875e+01     6.4565      1.909      2.769    16.3455 0.0000e+00
      1.952      0.017     9.6236     98.216     33.130  27.337138    10.3614     10.652   145.2071 4.2680e+01     6.5810      1.915      2.777    16.3559 0.0000e+00
      1.956      0.016     9.6065     98.316     33.161  27.339520    10.3736     10.651   145.2118 4.2536e+01     6.6505      1.919      2.784    16.3676 0.0000e+00
      1.960      0.014     9.6090     98.368     33.214  27.367073    10.3697     10.651   145.1603 4.2464e+01     6.6132      1.922      2.789    16.3469 0.0000e+00
      1.963      0.012     9.6213     98.428     33.278  27.416555    10.3809     10.651   145.2732 4.2430e+01     6.5747      1.925      2.792    16.2967 0.0000e+00
      1.965      0.010     9.6407     98.568     33.283  27.430401    10.4265     10.650   145.3725 4.2380e+01     6.6284      1.927      2.795    16.2504 0.0000e+00
      1.967      0.009     9.6630     98.813     33.234  27.407648    10.4713     10.649   145.4145 4.2303e+01     6.6817      1.930      2.799    16.2144 0.0000e+00
      1.969      0.008     9.6693     99.172     33.202  27.395170    10.4729     10.649   145.5224 4.2207e+01     6.6389      1.931      2.801    16.1874 0.0000e+00
      1.971      0.008     9.6738     99.613     33.212  27.406398    10.4545     10.649   145.5586 4.2128e+01     6.4866      1.933      2.804    16.1787 0.0000e+00
      1.973      0.009     9.6836    100.060     33.232  27.416561    10.4653     10.649   145.5940 4.2059e+01     6.3082      1.936      2.808    16.2006 0.0000e+00
      1.975      0.009     9.6995    100.441     33.220  27.391193    10.5032     10.648   145.6934 4.1959e+01     6.2583      1.937      2.810    16.2342 0.0000e+00
      1.978      0.009     9.7315    100.712     33.198  27.353359    10.5383     10.647   145.7273 4.1829e+01     6.2930      1.939      2.812    16.2564 0.0000e+00
      1.981      0.009     9.7766    100.817     33.198  27.339637    10.5151     10.647   145.8314 4.1685e+01     6.3187      1.942      2.817    16.2609 0.0000e+00
      1.984      0.010     9.8260    100.737     33.215  27.352103    10.4475     10.646   146.0069 4.1535e+01     6.4320      1.945      2.821    16.2509 0.0000e+00
      1.986      0.010     9.8686    100.542     33.239  27.377233    10.4282     10.644   146.1276 4.1385e+01     6.6043      1.947      2.824    16.2257 0.0000e+00
      1.988      0.010     9.9057    100.342     33.245  27.389802    10.4483     10.643   146.3443 4.1220e+01     6.6937      1.950      2.828    16.1905 0.0000e+00
      1.990      0.010     9.9222    100.220     33.221  27.377230    10.4905     10.640   146.6486 4.1051e+01     6.6596      1.952      2.831    16.1666 0.0000e+00
      1.993      0.010     9.9114    100.219     33.182  27.352079    10.5555     10.638   146.8815 4.0903e+01     6.5327      1.954      2.834    16.1651 0.0000e+00
      1.996      0.010     9.8854    100.360     33.160  27.339414    10.6102     10.638   147.0953 4.0800e+01     6.4923      1.957      2.839    16.1796 0.0000e+00
      1.998      0.010     9.8596    100.589     33.175  27.350944    10.6522     10.637   147.2547 4.0718e+01     6.5806      1.959      2.842    16.1910 0.0000e+00
      2.001      0.009     9.8459    100.826     33.200  27.364649    10.6732     10.635   147.1734 4.0588e+01     6.6099      1.963      2.845    16.2005 0.0000e+00
      2.004      0.008     9.8403    101.036     33.224  27.378269    10.6721     10.634   146.9730 4.0435e+01     6.5385      1.966      2.851    16.2121 0.0000e+00
      2.006      0.008     9.8552    101.181     33.239  27.388753    10.6721     10.634   146.8965 4.0342e+01     6.4700      1.968      2.855    16.2226 0.0000e+00
      2.006      0.008     9.8815    101.227     33.208  27.364557    10.6900     10.633   147.0227 4.0322e+01     6.4988      1.968      2.854    16.2237 0.0000e+00
      2.007      0.009     9.9078    101.184     33.175  27.339417    10.7050     10.631   147.3803 4.0273e+01     6.5445      1.968      2.854    16.2057 0.0000e+00
      2.010      0.012     9.9335    101.114     33.173  27.338498    10.6878     10.629   147.9510 4.0144e+01     6.5101      1.970      2.858    16.1939 0.0000e+00
      2.013      0.017     9.9484    101.059     33.198  27.353448    10.6650     10.627   148.5025 3.9987e+01     6.4931      1.973      2.863    16.1940 0.0000e+00
      2.016      0.022     9.9527    101.009     33.266  27.393315    10.6705     10.625   148.7137 3.9784e+01     6.5091      1.976      2.866    16.1976 0.0000e+00
      2.022      0.027     9.9440    100.990     33.354  27.439958    10.6871     10.623   148.7844 3.9459e+01     6.5672      1.981      2.875    16.2030 0.0000e+00
      2.032      0.028     9.9345    100.988     33.428  27.473403    10.5327     10.621   148.9274 3.9036e+01     6.7524      1.992      2.889    16.2037 0.0000e+00
      2.042      0.028     9.9330    100.952     33.464  27.480546    10.2027     10.618   149.0658 3.8661e+01     6.9382      2.005      2.906    16.1994 0.0000e+00
      2.052      0.026     9.9304    100.896     33.463  27.462856    10.0090     10.616   149.2529 3.8429e+01     6.9687      2.015      2.921    16.1746 0.0000e+00
      2.058      0.023     9.9377    100.836     33.458  27.449776     9.9888     10.614   149.4693 3.8289e+01     7.0179      2.019      2.928    16.1309 0.0000e+00
      2.060      0.018     9.9514    100.766     33.463  27.449236     9.9173     10.613   149.7030 3.8169e+01     7.1236      2.020      2.930    16.0876 0.0000e+00
      2.063      0.015     9.9524    100.701     33.473  27.456321     9.7603     10.610   150.0136 3.8043e+01     7.1878      2.023      2.935    16.0523 0.0000e+00
      2.066      0.014     9.9519    100.677     33.493  27.472015     9.6640     10.606   150.3851 3.7892e+01     7.2475      2.026      2.939    16.0281 0.0000e+00
      2.069      0.015     9.9494    100.719     33.621  27.575566     9.6266     10.603   150.7535 3.7730e+01     7.2301      2.029      2.943    16.0138 0.0000e+00
      2.073      0.018     9.9433    100.815     33.925  27.820386     9.5321     10.601   151.1116 3.7547e+01     7.2849      2.032      2.948    16.0090 0.0000e+00
      2.077      0.020     9.9351    100.950     34.180  28.021946     9.3791     10.599   151.6185 3.7259e+01     7.4319      2.036      2.953    16.0086 0.0000e+00
      2.084      0.020     9.9319    101.085     34.220  28.046402     9.2833     10.597   152.3222 3.6934e+01     7.4368      2.043      2.963    16.0070 0.0000e+00
      2.091      0.019     9.9376    101.186     34.159  27.989225     9.2731     10.595   152.9086 3.6732e+01     7.4464      2.053      2.976    16.0068 0.0000e+00
      2.097      0.018     9.9473    101.242     34.135  27.964880     9.2721     10.592   153.2021 3.6621e+01     7.4790      2.057      2.983    16.0021 0.0000e+00
      2.101      0.016     9.9661    101.210     34.265  28.069161     9.2626     10.588   153.3756 3.6533e+01     7.4210      2.059      2.988    15.9881 0.0000e+00
      2.103      0.015     9.9831    100.956     34.547  28.298684     9.2505     10.586   153.5431 3.6399e+01     7.3268      2.062      2.991    15.9739 0.0000e+00
      2.104      0.015     9.9955    100.352     34.817  28.520078     9.2331     10.583   153.6786 3.6188e+01     7.1934      2.064      2.993    15.9645 0.0000e+00
      2.108      0.015    10.0026     99.417     34.980  28.652914     9.2274     10.580   153.8100 3.5971e+01     7.1411      2.066      2.997    15.9585 0.0000e+00
      2.113      0.015    10.0057     98.257     35.039  28.699660     9.2810     10.579   153.9271 3.5777e+01     7.2067      2.071      3.004    15.9550 0.0000e+00
