Data/DataNotYetUploadedToEDI/Raw_CTD/RawDownloads/060225_fcr30_S7809004.cnv
* Sea-Bird SBE19plus  Data File:
* FileName = C:\R\Reservoirs\Data\DataNotYetUploadedToEDI\Raw_CTD\RawDownloads\060225_fcr50_S7809_0004.hex
* Software version 2.8.0.119
* Temperature SN = 7809
* Conductivity SN = 7809
* System UpLoad Time = Jun 02 2025 17:18:37
* <ApplicationData>
* <Seaterm232>
# nquan = 15
# nvalues = 2737                        
# units = specified
# name 0 = depFM: Depth [fresh water, m]
# name 1 = dz/dtM: Descent Rate [m/s]
# name 2 = sbeox0Mg/L: Oxygen, SBE 43 [mg/l]
# name 3 = sbeox0PS: Oxygen, SBE 43 [% saturation]
# name 4 = specc: Specific Conductance [uS/cm]
# name 5 = c0uS/cm: Conductivity [uS/cm]
# name 6 = flECO-AFL: Fluorescence, WET Labs ECO-AFL/FL [mg/m^3]
# name 7 = ph: pH
# name 8 = orp: Oxidation Reduction Potential [mV]
# name 9 = par/sat/log: PAR/Logarithmic, Satlantic
# name 10 = turbWETntu0: Turbidity, WET Labs ECO [NTU]
# name 11 = prdM: Pressure, Strain Gauge [db]
# name 12 = prdE: Pressure, Strain Gauge [psi]
# name 13 = tv290C: Temperature [ITS-90, deg C]
# name 14 = flag:  0.000e+00
# span 0 =     -0.621,      5.438       
# span 1 =     -0.353,      0.158       
# span 2 =     0.0608,    12.4122       
# span 3 =      0.590,    134.013       
# span 4 =      1.079,     41.496       
# span 5 =   0.876627,  30.280292       
# span 6 =    -0.1065,    15.8616       
# span 7 =      7.773,     10.936       
# span 8 =    96.7615,  1236.5648       
# span 9 = 1.8329e-01, 1.6556e+03       
# span 10 =   -10.0755,   409.7269      
# span 11 =     -0.609,      5.333      
# span 12 =     -0.884,      7.735      
# span 13 =    10.3578,    19.6220      
# span 14 = 0.0000e+00, 0.0000e+00      
# interval = seconds: 0.25
# start_time = Jun 02 2025 13:19:41 [Instrument's time stamp, header]
# bad_flag = -9.990e-29
*END*
[from data line 964]
      1.640      0.009    10.5076    108.363     31.508  26.285960     9.6724     10.586   149.3724 8.2409e+01     6.4202      1.609      2.333    16.7130 0.0000e+00
      1.642      0.008    10.5101    108.463     31.518  26.292250     9.6451     10.586   149.3423 8.2178e+01     6.3104      1.611      2.336    16.7127 0.0000e+00
      1.644      0.007    10.5176    108.540     31.549  26.316824     9.6624     10.586   149.2925 8.1885e+01     6.2473      1.613      2.339    16.7136 0.0000e+00
      1.647      0.007    10.5240    108.571     31.564  26.329393     9.7242     10.585   149.2873 8.1565e+01     6.1690      1.615      2.342    16.7126 0.0000e+00
      1.649      0.006    10.5360    108.533     31.546  26.317380     9.7425     10.584   149.2792 8.1295e+01     6.0474      1.617      2.345    16.7099 0.0000e+00
      1.650      0.006    10.5476    108.478     31.520  26.298415     9.7095     10.584   149.3663 8.1066e+01     5.9724      1.618      2.347    16.7058 0.0000e+00
      1.651      0.005    10.5554    108.465     31.508  26.290353     9.6820     10.584   149.4801 8.0884e+01     6.0138      1.619      2.348    16.7026 0.0000e+00
      1.652      0.005    10.5613    108.480     31.498  26.283331     9.6850     10.584   149.5369 8.0652e+01     6.1377      1.619      2.349    16.7032 0.0000e+00
      1.653      0.006    10.5535    108.488     31.489  26.276928     9.7130     10.584   149.6228 8.0322e+01     6.1384      1.621      2.351    16.7075 0.0000e+00
      1.655      0.007    10.5439    108.489     31.488  26.276359     9.7202     10.584   149.6585 7.9960e+01     6.0225      1.623      2.353    16.7135 0.0000e+00
      1.656      0.008    10.5431    108.492     31.490  26.276453     9.7561     10.584   149.5384 7.9554e+01     6.0355      1.624      2.356    16.7174 0.0000e+00
      1.659      0.009    10.5460    108.472     31.496  26.278060     9.8639     10.583   149.4612 7.9139e+01     6.1576      1.627      2.359    16.7184 0.0000e+00
      1.661      0.010    10.5463    108.401     31.519  26.295786     9.9249     10.582   149.5860 7.8815e+01     6.2011      1.629      2.362    16.7200 0.0000e+00
      1.664      0.011    10.5449    108.299     31.522  26.300512     9.9189     10.582   149.7563 7.8523e+01     6.1171      1.632      2.367    16.7212 0.0000e+00
      1.667      0.011    10.5470    108.200     31.481  26.271788     9.9411     10.582   149.8000 7.8118e+01     6.0642      1.635      2.371    16.7187 0.0000e+00
      1.671      0.010    10.5484    108.133     31.467  26.265604    10.0110     10.581   149.7700 7.7663e+01     6.2107      1.638      2.376    16.7126 0.0000e+00
      1.674      0.009    10.5413    108.099     31.492  26.289166    10.0728     10.580   149.8230 7.7290e+01     6.4200      1.641      2.381    16.7067 0.0000e+00
      1.676      0.008    10.5292    108.069     31.508  26.302995    10.0726     10.580   149.9253 7.7054e+01     6.4423      1.643      2.383    16.7102 0.0000e+00
      1.677      0.008    10.5161    108.059     31.511  26.305963     9.9834     10.580   150.0607 7.6861e+01     6.3433      1.644      2.385    16.7236 0.0000e+00
      1.678      0.007    10.5064    108.107     31.536  26.325049     9.8594     10.580   150.1693 7.6617e+01     6.2827      1.646      2.387    16.7326 0.0000e+00
      1.680      0.007    10.5051    108.176     31.561  26.343509     9.8141     10.580   150.1201 7.6415e+01     6.2897      1.647      2.389    16.7360 0.0000e+00
      1.682      0.007    10.5014    108.232     31.559  26.338888     9.8429     10.580   149.9813 7.6236e+01     6.3595      1.649      2.392    16.7361 0.0000e+00
      1.685      0.007    10.4970    108.280     31.554  26.332595     9.8509     10.580   149.9541 7.6036e+01     6.3420      1.652      2.396    16.7358 0.0000e+00
      1.687      0.006    10.5050    108.330     31.549  26.330836     9.8350     10.580   149.9633 7.5826e+01     6.3160      1.654      2.399    16.7360 0.0000e+00
      1.688      0.006    10.5140    108.405     31.529  26.317624     9.8592     10.579   149.9211 7.5607e+01     6.3870      1.655      2.400    16.7310 0.0000e+00
      1.689      0.006    10.5197    108.504     31.505  26.299694     9.9019     10.579   149.9599 7.5443e+01     6.4145      1.656      2.401    16.7236 0.0000e+00
      1.690      0.006    10.5263    108.609     31.511  26.304315     9.9191     10.579   149.9162 7.5297e+01     6.4097      1.658      2.404    16.7206 0.0000e+00
      1.691      0.007    10.5275    108.691     31.519  26.310071     9.9499     10.579   149.8231 7.5135e+01     6.2953      1.658      2.405    16.7249 0.0000e+00
      1.693      0.008    10.5343    108.710     31.514  26.305869    10.0087     10.579   149.8663 7.4939e+01     6.0898      1.661      2.408    16.7326 0.0000e+00
      1.696      0.008    10.5433    108.670     31.529  26.316937    10.0557     10.579   150.0078 7.4698e+01     6.0434      1.663      2.412    16.7376 0.0000e+00
      1.698      0.008    10.5543    108.581     31.531  26.317050    10.0847     10.579   150.1576 7.4468e+01     6.1094      1.666      2.415    16.7346 0.0000e+00
      1.700      0.008    10.5663    108.459     31.521  26.307231    10.0935     10.579   150.1283 7.4260e+01     6.1017      1.668      2.418    16.7300 0.0000e+00
      1.702      0.008    10.5661    108.359     31.544  26.325051    10.0872     10.578   150.0839 7.4092e+01     6.0189      1.669      2.421    16.7329 0.0000e+00
      1.704      0.007    10.5621    108.301     31.565  26.342251    10.0836     10.578   150.2229 7.3936e+01     5.9969      1.671      2.424    16.7322 0.0000e+00
      1.706      0.007    10.5553    108.267     31.545  26.324927    10.0906     10.578   150.2606 7.3758e+01     6.1090      1.672      2.426    16.7261 0.0000e+00
      1.707      0.007    10.5408    108.284     31.523  26.305848    10.0721     10.578   150.1959 7.3579e+01     6.2125      1.674      2.429    16.7251 0.0000e+00
      1.709      0.007    10.5299    108.338     31.519  26.301830    10.0100     10.578   150.3013 7.3404e+01     6.2235      1.676      2.431    16.7240 0.0000e+00
      1.711      0.007    10.5278    108.359     31.491  26.276348     9.9887     10.578   150.4154 7.3199e+01     6.2760      1.678      2.434    16.7214 0.0000e+00
      1.713      0.006    10.5219    108.367     31.465  26.251433    10.0237     10.578   150.3713 7.3023e+01     6.4035      1.681      2.438    16.7205 0.0000e+00
      1.715      0.006    10.5228    108.357     31.474  26.254264    10.0752     10.578   150.2851 7.2896e+01     6.4670      1.682      2.439    16.7210 0.0000e+00
      1.716      0.007    10.5344    108.291     31.471  26.247146    10.1113     10.578   150.2336 7.2731e+01     6.3953      1.683      2.441    16.7211 0.0000e+00
      1.717      0.010    10.5334    108.209     31.456  26.228781    10.1018     10.578   150.2640 7.2571e+01     6.2540      1.684      2.442    16.7173 0.0000e+00
      1.718      0.012    10.5355    108.140     31.453  26.222481    10.1104     10.577   150.3954 7.2369e+01     6.2279      1.685      2.444    16.7111 0.0000e+00
      1.722      0.014    10.5403    108.063     31.472  26.234378    10.1409     10.576   150.5310 7.1959e+01     6.3182      1.689      2.448    16.7039 0.0000e+00
      1.728      0.014    10.5319    107.956     31.489  26.245786    10.1547     10.576   150.6127 7.1383e+01     6.3208      1.694      2.457    16.6957 0.0000e+00
      1.734      0.013    10.5245    107.815     31.476  26.233574    10.1770     10.575   150.6953 7.0910e+01     6.2595      1.701      2.467    16.6877 0.0000e+00
      1.739      0.012    10.5217    107.671     31.455  26.213563    10.1946     10.575   150.8409 7.0635e+01     6.2256      1.706      2.474    16.6805 0.0000e+00
      1.740      0.010    10.5146    107.468     31.435  26.194084    10.2175     10.575   150.9966 7.0431e+01     6.2527      1.707      2.476    16.6741 0.0000e+00
      1.740      0.008    10.5080    107.203     31.432  26.188319    10.2787     10.575   151.1153 7.0289e+01     6.3135      1.707      2.476    16.6702 0.0000e+00
      1.740      0.008    10.4898    106.997     31.458  26.207275    10.3347     10.575   151.2448 7.0131e+01     6.2778      1.707      2.476    16.6682 0.0000e+00
      1.741      0.009    10.4804    106.839     31.490  26.233009    10.3376     10.574   151.3575 6.9792e+01     6.1976      1.708      2.477    16.6650 0.0000e+00
      1.744      0.010    10.4657    106.713     31.503  26.245786    10.3300     10.573   151.4450 6.9335e+01     6.2311      1.710      2.481    16.6604 0.0000e+00
      1.748      0.012    10.4285    106.649     31.487  26.234926    10.3104     10.573   151.5290 6.8988e+01     6.2393      1.715      2.487    16.6557 0.0000e+00
      1.752      0.013    10.4158    106.619     31.477  26.228542    10.2589     10.572   151.6842 6.8742e+01     6.0920      1.718      2.492    16.6503 0.0000e+00
      1.756      0.015    10.4009    106.608     31.482  26.232022    10.2312     10.571   151.9449 6.8472e+01     5.9868      1.722      2.497    16.6472 0.0000e+00
      1.760      0.017    10.3847    106.635     31.462  26.213573    10.2165     10.571   152.1860 6.8284e+01     6.0264      1.726      2.503    16.6508 0.0000e+00
      1.762      0.019    10.3799    106.675     31.445  26.195738    10.2144     10.570   152.3620 6.8092e+01     6.1608      1.728      2.506    16.6573 0.0000e+00
      1.766      0.021    10.3771    106.710     31.461  26.206644    10.2303     10.568   152.4383 6.7693e+01     6.2458      1.732      2.511    16.6607 0.0000e+00
      1.773      0.023    10.3741    106.774     31.478  26.218590    10.2258     10.566   152.4201 6.7201e+01     6.1998      1.739      2.522    16.6598 0.0000e+00
      1.781      0.024    10.3789    106.838     31.473  26.213326    10.2188     10.565   152.4859 6.6771e+01     6.1852      1.747      2.534    16.6558 0.0000e+00
      1.788      0.026    10.3865    106.852     31.467  26.206416    10.2865     10.563   152.6324 6.6396e+01     6.3431      1.754      2.543    16.6506 0.0000e+00
      1.794      0.026    10.3866    106.830     31.460  26.198469    10.4204     10.561   152.7284 6.6004e+01     6.5718      1.760      2.551    16.6454 0.0000e+00
      1.800      0.026    10.3960    106.776     31.442  26.180650    10.4814     10.559   152.7861 6.5556e+01     6.6275      1.765      2.560    16.6420 0.0000e+00
      1.806      0.026    10.4056    106.654     31.446  26.181227    10.4577     10.558   152.8996 6.5041e+01     6.5035      1.771      2.569    16.6401 0.0000e+00
      1.813      0.026    10.4055    106.467     31.481  26.205443    10.4335     10.557   153.0692 6.4402e+01     6.4060      1.778      2.578    16.6378 0.0000e+00
      1.821      0.026    10.4036    106.266     31.504  26.219752    10.3716     10.555   153.2019 6.3695e+01     6.4040      1.786      2.590    16.6340 0.0000e+00
      1.828      0.025    10.4021    106.086     31.519  26.227393    10.2679     10.552   153.2990 6.3126e+01     6.4119      1.794      2.602    16.6294 0.0000e+00
      1.834      0.024    10.3908    105.943     31.529  26.234404    10.2033     10.550   153.4699 6.2721e+01     6.3648      1.798      2.609    16.6253 0.0000e+00
      1.839      0.023    10.3717    105.821     31.536  26.241099    10.1819     10.549   153.7186 6.2336e+01     6.2773      1.803      2.615    16.6179 0.0000e+00
      1.844      0.023    10.3532    105.667     31.540  26.244928    10.2835     10.547   153.8972 6.1951e+01     6.2426      1.808      2.623    16.6081 0.0000e+00
      1.850      0.024    10.3367    105.489     31.506  26.217274    10.4988     10.545   153.9086 6.1503e+01     6.2867      1.814      2.630    16.6013 0.0000e+00
      1.856      0.026    10.3230    105.352     31.439  26.160419    10.5961     10.543   153.8563 6.1016e+01     6.2638      1.820      2.638    16.5989 0.0000e+00
      1.862      0.029    10.3143    105.278     31.404  26.128279    10.5699     10.540   153.9529 6.0721e+01     6.2048      1.826      2.648    16.6002 0.0000e+00
      1.869      0.031    10.2984    105.228     31.430  26.145779    10.6232     10.537   154.2161 6.0336e+01     6.2912      1.831      2.656    16.6035 0.0000e+00
      1.878      0.032    10.2770    105.151     31.401  26.118317    10.7832     10.534   154.5431 5.9604e+01     6.4886      1.841      2.670    16.6045 0.0000e+00
      1.888      0.034    10.2637    105.027     31.247  25.986484    10.8888     10.531   154.8102 5.8893e+01     6.6098      1.854      2.688    16.6019 0.0000e+00
      1.897      0.035    10.2591    104.891     31.129  25.883615    10.8929     10.528   155.0365 5.8450e+01     6.5616      1.863      2.701    16.5967 0.0000e+00
      1.904      0.034    10.2582    104.762     31.144  25.889252    10.9410     10.524   155.2995 5.7957e+01     6.5212      1.866      2.706    16.5893 0.0000e+00
      1.914      0.031    10.2530    104.630     31.196  25.927795    11.0799     10.521   155.5815 5.7236e+01     6.5992      1.875      2.720    16.5835 0.0000e+00
      1.925      0.026    10.2393    104.503     31.248  25.969111    11.1650     10.518   155.9505 5.6708e+01     6.5824      1.890      2.742    16.5805 0.0000e+00
      1.933      0.022    10.2267    104.398     31.294  26.008281    11.1707     10.517   156.3195 5.6458e+01     6.4899      1.897      2.752    16.5726 0.0000e+00
      1.937      0.017    10.2190    104.334     31.309  26.020877    11.1830     10.515   156.6021 5.6373e+01     6.5045      1.899      2.756    16.5586 0.0000e+00
      1.938      0.012    10.2066    104.329     31.277  25.994567    11.2132     10.513   156.8720 5.6367e+01     6.5531      1.901      2.757    16.5500 0.0000e+00
      1.939      0.008    10.1943    104.386     31.216  25.943842    11.2452     10.511   157.0017 5.6166e+01     6.5996      1.900      2.756    16.5501 0.0000e+00
      1.941      0.007    10.1825    104.466     31.183  25.914931    11.2446     10.509   157.0516 5.5993e+01     6.5892      1.903      2.761    16.5513 0.0000e+00
      1.943      0.008    10.1761    104.507     31.167  25.898683    11.2232     10.507   157.2175 5.6052e+01     6.4955      1.906      2.764    16.5507 0.0000e+00
      1.944      0.009    10.1751    104.514     31.141  25.874231    11.2778     10.505   157.3726 5.6073e+01     6.5255      1.906      2.764    16.5511 0.0000e+00
      1.946      0.009    10.1812    104.504     31.142  25.872953    11.4046     10.504   157.4637 5.5941e+01     6.6789      1.908      2.767    16.5523 0.0000e+00
      1.951      0.009    10.1936    104.474     31.157  25.883223    11.4748     10.501   157.6311 5.5781e+01     6.7101      1.913      2.775    16.5503 0.0000e+00
      1.954      0.009    10.1972    104.444     31.143  25.871566    11.4772     10.499   157.8472 5.5716e+01     6.5951      1.917      2.781    16.5446 0.0000e+00
      1.955      0.009    10.1981    104.430     31.128  25.858852    11.5334     10.497   157.9266 5.5723e+01     6.4851      1.917      2.780    16.5397 0.0000e+00
      1.956      0.008    10.1991    104.429     31.125  25.856340    11.6715     10.495   157.9025 5.5733e+01     6.5071      1.918      2.781    16.5366 0.0000e+00
      1.957      0.008    10.1951    104.425     31.106  25.841192    11.7663     10.493   157.9860 5.5702e+01     6.6221      1.919      2.783    16.5336 0.0000e+00
      1.960      0.008    10.1922    104.405     31.059  25.802541    11.7557     10.491   158.1615 5.5645e+01     6.6447      1.921      2.786    16.5311 0.0000e+00
      1.963      0.008    10.1911    104.379     31.020  25.769531    11.6761     10.490   158.3043 5.5592e+01     6.6440      1.924      2.792    16.5315 0.0000e+00
      1.965      0.009    10.1910    104.324     31.012  25.759164    11.5865     10.489   158.4213 5.5504e+01     6.7163      1.927      2.795    16.5324 0.0000e+00
