Data/DataNotYetUploadedToEDI/Raw_CTD/RawDownloads/060221_fcr50.cnv
* Sea-Bird SBE19plus  Data File:
* FileName = C:\R\Reservoirs\Data\DataNotYetUploadedToEDI\Raw_CTD\RawDownloads\060221_fcr_50_0001.hex
* Software version 2.8.0.119
* Temperature SN = 7809
* Conductivity SN = 7809
* System UpLoad Time = Jun 02 2021 18:24:11
* <ApplicationData>
* <Seaterm232>
# nquan = 16
# nvalues = 1743                        
# units = specified
# name 0 = depFM: Depth [fresh water, m]
# name 1 = dz/dtM: Descent Rate [m/s]
# name 2 = orp: Oxidation Reduction Potential [mV]
# name 3 = sbeox0Mg/L: Oxygen, SBE 43 [mg/l]
# name 4 = sbeox0PS: Oxygen, SBE 43 [% saturation]
# name 5 = par/sat/log: PAR/Logarithmic, Satlantic
# name 6 = ph: pH
# name 7 = specc: Specific Conductance [uS/cm]
# name 8 = c0uS/cm: Conductivity [uS/cm]
# name 9 = flECO-AFL: Fluorescence, WET Labs ECO-AFL/FL [mg/m^3]
# name 10 = turbWETntu0: Turbidity, WET Labs ECO [NTU]
# name 11 = tv290C: Temperature [ITS-90, deg C]
# name 12 = density00: Density [density, kg/m^3]
# name 13 = prdE: Pressure, Strain Gauge [psi]
# name 14 = prdM: Pressure, Strain Gauge [db]
# name 15 = flag:  0.000e+00
# span 0 =     -0.616,      9.769       
# span 1 =     -0.213,      0.510       
# span 2 = -1240.7455,   356.7739       
# span 3 =     0.5767,    14.5778       
# span 4 =      4.986,    163.222       
# span 5 = 1.2345e-01, 9.6368e+02       
# span 6 =      5.770,     16.059       
# span 7 =      1.458,    137.001       
# span 8 =   1.503163,  91.033729       
# span 9 =    -1.0830,    15.0784       
# span 10 =    -0.3744,   275.2977      
# span 11 =     8.1974,    26.5758      
# span 12 =   996.6374,   999.9334      
# span 13 =     -0.877,     13.895      
# span 14 =     -0.605,      9.581      
# span 15 = 0.0000e+00, 0.0000e+00      
# interval = seconds: 0.25
# start_time = Jun 02 2021 01:04:39 [Instrument's time stamp, header]
# bad_flag = -9.990e-29
*END*
[from data line 904]
      5.977      0.029    87.1600     0.8682      7.487 1.2351e-01     16.053     39.146  26.479052     0.1498     2.7532     8.8324   999.8391      8.501      5.861 0.0000e+00
      5.985      0.029    86.5383     0.8598      7.599 1.2358e-01     16.053     39.288  26.573476     0.1224     2.8292     8.8279   999.8395      8.512      5.869 0.0000e+00
      5.991      0.028    85.7363     0.8579      7.618 1.2360e-01     16.053     39.428  26.667453     0.1297     2.8752     8.8245   999.8398      8.523      5.877 0.0000e+00
      5.996      0.027    84.3460     0.8558      7.541 1.2361e-01     16.053     39.518  26.727279     0.1151     2.8275     8.8214   999.8401      8.527      5.879 0.0000e+00
      6.003      0.025    82.3763     0.8656      7.436 1.2364e-01     16.053     39.517  26.725941     0.0791     2.8016     8.8189   999.8403      8.535      5.885 0.0000e+00
      6.013      0.024    80.5048     0.8888      7.349 1.2368e-01     16.052     39.501  26.714712     0.0563     2.8373     8.8170   999.8406      8.555      5.898 0.0000e+00
      6.020      0.024    79.0115     0.8892      7.358 1.2365e-01     16.052     39.600  26.781797     0.0491     2.8813     8.8152   999.8408      8.566      5.907 0.0000e+00
      6.022      0.025    77.8297     0.8748      7.424 1.2359e-01     16.052     39.779  26.902751     0.0291     2.8878     8.8137   999.8409      8.565      5.906 0.0000e+00
      6.025      0.027    76.8849     0.8651      7.467 1.2356e-01     16.052     39.975  27.035382    -0.0031     2.8817     8.8128   999.8410      8.567      5.907 0.0000e+00
      6.033      0.028    75.9343     0.8469      7.499 1.2356e-01     16.052     40.191  27.180206    -0.0162     2.9099     8.8129   999.8410      8.578      5.914 0.0000e+00
      6.043      0.031    74.9389     0.8507      7.476 1.2357e-01     16.051     40.496  27.385155    -0.0143     2.9195     8.8131   999.8411      8.594      5.925 0.0000e+00
      6.053      0.033    74.0557     0.8663      7.401 1.2360e-01     16.051     40.924  27.673830     0.0001     2.8957     8.8134   999.8412      8.611      5.937 0.0000e+00
      6.062      0.033    73.1720     0.8643      7.361 1.2361e-01     16.051     41.322  27.942885     0.0340     2.8626     8.8132   999.8413      8.623      5.945 0.0000e+00
      6.071      0.031    72.2558     0.8738      7.366 1.2357e-01     16.051     41.649  28.164318     0.0525     2.8281     8.8117   999.8415      8.635      5.954 0.0000e+00
      6.078      0.029    71.4951     0.8727      7.395 1.2358e-01     16.051     42.068  28.448079     0.0520     2.8557     8.8096   999.8418      8.646      5.961 0.0000e+00
      6.085      0.029    70.7724     0.8548      7.409 1.2357e-01     16.051     42.734  28.899790     0.0473     2.8872     8.8086   999.8421      8.655      5.967 0.0000e+00
      6.090      0.030    69.9700     0.8539      7.389 1.2352e-01     16.052     43.529  29.439006     0.0427     2.8309     8.8090   999.8422      8.663      5.973 0.0000e+00
      6.096      0.032    69.0206     0.8538      7.384 1.2354e-01     16.052     44.009  29.765689     0.0444     2.7935     8.8091   999.8423      8.670      5.978 0.0000e+00
      6.105      0.037    67.8976     0.8589      7.378 1.2358e-01     16.051     44.158  29.868009     0.0494     2.8130     8.8092   999.8425      8.682      5.985 0.0000e+00
      6.115      0.043    66.9749     0.8641      7.358 1.2354e-01     16.050     44.318  29.978296     0.0546     2.8255     8.8111   999.8426      8.697      5.996 0.0000e+00
      6.126      0.048    66.2967     0.8544      7.335 1.2352e-01     16.050     44.475  30.084091     0.0695     2.8420     8.8135   999.8428      8.712      6.006 0.0000e+00
      6.139      0.052    65.5485     0.8584      7.296 1.2358e-01     16.051     44.552  30.132097     0.0955     2.8758     8.8155   999.8429      8.730      6.018 0.0000e+00
      6.156      0.056    64.8110     0.8580      7.278 1.2363e-01     16.051     44.631  30.178085     0.1124     2.9245     8.8174   999.8428      8.757      6.038 0.0000e+00
      6.171      0.059    64.0906     0.8524      7.277 1.2366e-01     16.051     44.671  30.196021     0.1204     2.9845     8.8197   999.8429      8.780      6.054 0.0000e+00
      6.185      0.059    63.3770     0.8546      7.267 1.2364e-01     16.052     44.631  30.158616     0.0970     3.0185     8.8217   999.8428      8.794      6.063 0.0000e+00
      6.201      0.058    62.8081     0.8442      7.262 1.2363e-01     16.052     44.662  30.169915     0.0310     3.0255     8.8167   999.8433      8.818      6.080 0.0000e+00
      6.218      0.056    62.2886     0.8446      7.287 1.2364e-01     16.052     44.915  30.332630    -0.0108     3.0346     8.8060   999.8441      8.847      6.100 0.0000e+00
      6.232      0.055    61.7413     0.8462      7.318 1.2363e-01     16.053     45.512  30.730237    -0.0083     3.0251     8.7959   999.8450      8.865      6.112 0.0000e+00
      6.243      0.054    61.2674     0.8443      7.335 1.2358e-01     16.053     46.264  31.234137    -0.0153     2.9798     8.7847   999.8457      8.878      6.121 0.0000e+00
      6.256      0.054    60.9462     0.8421      7.350 1.2353e-01     16.052     46.816  31.603436    -0.0373     2.9336     8.7728   999.8466      8.898      6.135 0.0000e+00
      6.270      0.054    60.6119     0.8460      7.314 1.2353e-01     16.052     47.256  31.896213    -0.0559     2.9132     8.7637   999.8475      8.919      6.150 0.0000e+00
      6.283      0.053    60.1512     0.8540      7.264 1.2356e-01     16.052     47.578  32.109278    -0.0784     2.9045     8.7574   999.8482      8.937      6.162 0.0000e+00
      6.298      0.053    59.6776     0.8492      7.293 1.2359e-01     16.053     47.645  32.149240    -0.1084     2.9659     8.7546   999.8488      8.956      6.175 0.0000e+00
      6.314      0.054    59.2735     0.8596      7.376 1.2363e-01     16.053     47.620  32.125600    -0.1513     3.1062     8.7519   999.8492      8.983      6.194 0.0000e+00
      6.327      0.055    58.9645     0.8522      7.404 1.2363e-01     16.053     47.555  32.077230    -0.1870     3.1932     8.7455   999.8499      9.004      6.209 0.0000e+00
      6.336      0.054    58.6944     0.8390      7.307 1.2364e-01     16.053     47.456  32.008538    -0.1963     3.1933     8.7412   999.8504      9.007      6.210 0.0000e+00
      6.350      0.051    58.2447     0.8462      7.170 1.2372e-01     16.052     47.439  31.992983    -0.1879     3.1419     8.7365   999.8508      9.026      6.224 0.0000e+00
      6.371      0.049    57.3996     0.8597      7.147 1.2374e-01     16.052     47.480  32.016050    -0.1719     3.0532     8.7279   999.8515      9.067      6.251 0.0000e+00
      6.385      0.051    56.3915     0.8694      7.247 1.2374e-01     16.052     47.605  32.097081    -0.1646     2.9782     8.7233   999.8519      9.089      6.267 0.0000e+00
      6.390      0.054    55.5203     0.8525      7.312 1.2375e-01     16.052     47.775  32.211343    -0.1761     2.9563     8.7229   999.8518      9.088      6.266 0.0000e+00
      6.397      0.055    54.6957     0.8282      7.280 1.2373e-01     16.051     47.838  32.255506    -0.1959     2.9598     8.7190   999.8521      9.091      6.268 0.0000e+00
      6.413      0.056    53.9072     0.8238      7.193 1.2370e-01     16.051     47.921  32.313805    -0.2138     2.9865     8.7125   999.8527      9.118      6.287 0.0000e+00
      6.435      0.059    53.1277     0.8470      7.097 1.2368e-01     16.052     48.156  32.472094    -0.2296     3.0387     8.7086   999.8532      9.156      6.314 0.0000e+00
      6.454      0.062    52.3260     0.8569      7.101 1.2362e-01     16.052     48.422  32.646575    -0.2442     3.0073     8.7078   999.8534      9.182      6.331 0.0000e+00
      6.468      0.062    51.5265     0.8471      7.160 1.2361e-01     16.052     48.717  32.837188    -0.2576     2.9153     8.7101   999.8533      9.198      6.342 0.0000e+00
      6.482      0.057    50.6027     0.8413      7.183 1.2363e-01     16.052     49.252  33.190510    -0.2582     2.8882     8.7150   999.8530      9.219      6.356 0.0000e+00
      6.497      0.051    49.6752     0.8181      7.213 1.2357e-01     16.053     50.174  33.809413    -0.2513     2.8860     8.7160   999.8531      9.241      6.372 0.0000e+00
      6.510      0.046    48.8289     0.8228      7.210 1.2357e-01     16.053     51.074  34.419119    -0.2506     2.8541     8.7093   999.8537      9.259      6.384 0.0000e+00
      6.521      0.041    47.9424     0.8404      7.188 1.2362e-01     16.053     51.425  34.661156    -0.2491     2.8116     8.6994   999.8545      9.275      6.396 0.0000e+00
      6.532      0.037    47.0442     0.8311      7.193 1.2361e-01     16.053     51.298  34.578389    -0.2525     2.8189     8.6907   999.8554      9.293      6.407 0.0000e+00
      6.539      0.034    46.1425     0.8441      7.162 1.2357e-01     16.053     50.609  34.116406    -0.2540     2.8739     8.6872   999.8560      9.303      6.414 0.0000e+00
      6.544      0.034    45.2139     0.8414      7.121 1.2357e-01     16.053     49.708  33.517173    -0.2481     2.8583     8.6925   999.8560      9.306      6.416 0.0000e+00
      6.550      0.034    44.3339     0.8317      7.136 1.2355e-01     16.052     49.459  33.361264    -0.2580     2.8016     8.7006   999.8555      9.312      6.420 0.0000e+00
      6.561      0.035    43.5897     0.8422      7.181 1.2353e-01     16.051     49.559  33.436999    -0.2777     2.8065     8.7016   999.8556      9.330      6.433 0.0000e+00
      6.573      0.037    43.0133     0.8342      7.220 1.2356e-01     16.051     49.623  33.481101    -0.2756     2.8480     8.7010   999.8555      9.351      6.447 0.0000e+00
      6.583      0.039    42.4409     0.8247      7.224 1.2363e-01     16.051     50.051  33.767581    -0.2521     2.8917     8.7096   999.8543      9.364      6.457 0.0000e+00
      6.592      0.041    41.6597     0.8292      7.148 1.2367e-01     16.052     50.749  34.235746    -0.2420     2.8896     8.7268   999.8532      9.373      6.463 0.0000e+00
      6.602      0.041    40.8809     0.8363      7.044 1.2362e-01     16.052     51.442  34.699839    -0.2573     2.8221     8.7367   999.8527      9.389      6.473 0.0000e+00
      6.612      0.042    40.3381     0.8396      7.000 1.2361e-01     16.051     52.178  35.190789    -0.2758     2.7626     8.7332   999.8528      9.405      6.485 0.0000e+00
      6.623      0.044    39.8287     0.8456      7.017 1.2370e-01     16.051     52.708  35.539368    -0.2752     2.7872     8.7304   999.8532      9.419      6.494 0.0000e+00
      6.634      0.044    39.1097     0.8333      7.044 1.2373e-01     16.051     52.834  35.614639    -0.2587     2.8451     8.7284   999.8538      9.435      6.506 0.0000e+00
      6.647      0.044    38.2696     0.8150      7.033 1.2368e-01     16.051     52.627  35.466287    -0.2582     2.8104     8.7252   999.8542      9.454      6.519 0.0000e+00
      6.659      0.043    37.5874     0.8126      7.033 1.2364e-01     16.051     52.158  35.141737    -0.2877     2.6772     8.7221   999.8548      9.472      6.531 0.0000e+00
      6.670      0.040    36.9698     0.8148      7.063 1.2357e-01     16.051     51.664  34.799993    -0.3192     2.5731     8.7122   999.8558      9.488      6.542 0.0000e+00
      6.679      0.038    36.1366     0.8246      7.087 1.2348e-01     16.052     51.338  34.570625    -0.3247     2.5821     8.7009   999.8567      9.500      6.550 0.0000e+00
      6.688      0.037    35.2576     0.8171      7.118 1.2352e-01     16.053     51.003  34.335628    -0.3165     2.6138     8.6942   999.8571      9.512      6.558 0.0000e+00
      6.697      0.038    34.5150     0.8165      7.162 1.2360e-01     16.054     50.689  34.116142    -0.3053     2.5786     8.6859   999.8575      9.528      6.569 0.0000e+00
      6.704      0.040    33.7826     0.8246      7.168 1.2365e-01     16.054     50.541  34.010848    -0.2846     2.5344     8.6770   999.8579      9.537      6.576 0.0000e+00
      6.712      0.041    33.1140     0.8249      7.096 1.2368e-01     16.054     50.364  33.887434    -0.2673     2.5608     8.6679   999.8585      9.543      6.580 0.0000e+00
      6.726      0.041    32.4531     0.8280      6.959 1.2363e-01     16.054     50.288  33.829588    -0.2582     2.6227     8.6573   999.8593      9.564      6.594 0.0000e+00
      6.741      0.040    31.6420     0.8364      6.837 1.2358e-01     16.054     50.568  34.009426    -0.2701     2.6311     8.6492   999.8598      9.593      6.614 0.0000e+00
      6.753      0.040    30.8780     0.8399      6.837 1.2359e-01     16.054     50.798  34.158182    -0.3066     2.5930     8.6444   999.8601      9.609      6.625 0.0000e+00
      6.760      0.039    30.2716     0.8296      6.928 1.2356e-01     16.053     50.535  33.978347    -0.3262     2.6083     8.6405   999.8604      9.613      6.628 0.0000e+00
      6.765      0.038    29.7302     0.8132      7.007 1.2356e-01     16.053     50.182  33.738701    -0.3162     2.6441     8.6338   999.8607      9.621      6.633 0.0000e+00
      6.775      0.037    29.1503     0.7890      7.014 1.2362e-01     16.054     50.088  33.671917    -0.3102     2.5448     8.6243   999.8616      9.635      6.643 0.0000e+00
      6.787      0.038    28.5087     0.7938      6.951 1.2363e-01     16.055     50.104  33.678497    -0.3207     2.3691     8.6183   999.8623      9.652      6.656 0.0000e+00
      6.798      0.040    27.8236     0.8097      6.908 1.2361e-01     16.055     50.131  33.691341    -0.3288     2.3047     8.6167   999.8623      9.671      6.667 0.0000e+00
      6.808      0.040    27.1477     0.8200      6.925 1.2355e-01     16.055     50.058  33.636846    -0.3309     2.3167     8.6145   999.8622      9.683      6.676 0.0000e+00
      6.818      0.039    26.6180     0.8236      6.957 1.2351e-01     16.055     49.905  33.527231    -0.3275     2.3078     8.6115   999.8625      9.696      6.685 0.0000e+00
      6.828      0.037    26.2364     0.8085      6.956 1.2358e-01     16.054     49.792  33.444689    -0.3260     2.2994     8.6062   999.8630      9.714      6.698 0.0000e+00
      6.838      0.037    25.8033     0.8029      6.927 1.2359e-01     16.054     49.731  33.400265    -0.3324     2.3192     8.6017   999.8633      9.727      6.707 0.0000e+00
      6.846      0.037    25.2525     0.8075      6.915 1.2356e-01     16.054     49.686  33.370825    -0.3289     2.3747     8.5964   999.8637      9.737      6.713 0.0000e+00
      6.854      0.038    24.7400     0.8140      6.915 1.2362e-01     16.054     49.640  33.342537    -0.3213     2.4219     8.5888   999.8642      9.749      6.721 0.0000e+00
      6.864      0.039    24.2527     0.8143      6.914 1.2361e-01     16.054     49.593  33.312055    -0.3163     2.4431     8.5820   999.8647      9.763      6.731 0.0000e+00
      6.875      0.042    23.6631     0.8065      6.896 1.2352e-01     16.054     49.516  33.256080    -0.3160     2.4256     8.5776   999.8650      9.778      6.741 0.0000e+00
      6.886      0.044    22.9447     0.8077      6.872 1.2352e-01     16.054     49.405  33.173350    -0.3272     2.3470     8.5792   999.8649      9.795      6.753 0.0000e+00
      6.897      0.045    22.2783     0.8071      6.872 1.2357e-01     16.055     49.269  33.073195    -0.3283     2.3168     8.5829   999.8647      9.810      6.764 0.0000e+00
      6.910      0.045    21.8864     0.8075      6.869 1.2360e-01     16.055     49.165  32.996883    -0.3101     2.3348     8.5856   999.8646      9.827      6.776 0.0000e+00
      6.924      0.043    21.6470     0.8069      6.868 1.2363e-01     16.055     49.197  33.012081    -0.2974     2.3250     8.5816   999.8649      9.850      6.791 0.0000e+00
      6.936      0.039    21.3630     0.7989      6.853 1.2371e-01     16.056     49.285  33.066586    -0.3089     2.3005     8.5703   999.8657      9.867      6.803 0.0000e+00
