Data/DataNotYetUploadedToEDI/Raw_CTD/RawDownloads/060225_bvr50_S8188001.cnv
* Sea-Bird SBE19plus  Data File:
* FileName = C:\R\Reservoirs\Data\DataNotYetUploadedToEDI\Raw_CTD\RawDownloads\060225_bvr50_S8188_0001.hex
* Software version 2.8.0.119
* Temperature SN = 8188
* Conductivity SN = 8188
* System UpLoad Time = Jun 03 2025 12:02:20
* <ApplicationData>
* <Seaterm232>
# nquan = 16
# nvalues = 1602                        
# units = specified
# name 0 = depFM: Depth [fresh water, m]
# name 1 = dz/dtM: Descent Rate [m/s]
# name 2 = sbeox0Mg/L: Oxygen, SBE 43 [mg/l]
# name 3 = sbeox0PS: Oxygen, SBE 43 [% saturation]
# name 4 = specc: Specific Conductance [uS/cm]
# name 5 = c0uS/cm: Conductivity [uS/cm]
# name 6 = wetCDOM: Fluorescence, WET Labs CDOM [mg/m^3]
# name 7 = flECO-AFL: Fluorescence, WET Labs ECO-AFL/FL [mg/m^3]
# name 8 = flECO-AFL1: Fluorescence, WET Labs ECO-AFL/FL, 2 [mg/m^3]
# name 9 = flECO-AFL2: Fluorescence, WET Labs ECO-AFL/FL, 3 [mg/m^3]
# name 10 = par/sat/log: PAR/Logarithmic, Satlantic
# name 11 = turbWETntu0: Turbidity, WET Labs ECO [NTU]
# name 12 = prdM: Pressure, Strain Gauge [db]
# name 13 = prdE: Pressure, Strain Gauge [psi]
# name 14 = tv290C: Temperature [ITS-90, deg C]
# name 15 = flag:  0.000e+00
# span 0 =     -0.719,      6.304       
# span 1 =     -0.254,      0.151       
# span 2 =    -0.5378,    13.6616       
# span 3 =     -5.335,    144.155       
# span 4 =      1.277,    131.389       
# span 5 =   1.115462,  96.168975       
# span 6 =    -4.5000,    57.2400       
# span 7 =    -3.0770,    44.6456       
# span 8 =    -2.2578,     2.3430       
# span 9 =    -2.0304,     8.3754       
# span 10 = 1.1590e-01, 1.7402e+03      
# span 11 =    -1.0800,   169.2451      
# span 12 =     -0.705,      6.182      
# span 13 =     -1.023,      8.966      
# span 14 =    11.5905,    18.6701      
# span 15 = 0.0000e+00, 0.0000e+00      
# interval = seconds: 0.25
# start_time = Jun 02 2025 09:46:44 [Instrument's time stamp, header]
# bad_flag = -9.990e-29
*END*
[from data line 181]
      0.031      0.009     6.4509     67.872     27.082  23.417556    24.3900    12.8534     0.1704     3.0033 7.3602e+02     8.5882      0.030      0.044    18.2296 0.0000e+00
      0.034      0.008     6.4331     67.777     27.067  23.405290    24.3900    12.8115     0.2130     3.0456 6.4465e+02     8.5126      0.033      0.048    18.2299 0.0000e+00
      0.036      0.007     6.4177     67.684     27.060  23.399055    24.3900    12.8382     0.2130     3.0456 6.9197e+02     8.5126      0.035      0.051    18.2300 0.0000e+00
      0.037      0.005     6.4050     67.588     27.057  23.397187    24.3900    13.8262     0.2130     3.0456 5.8206e+02     8.5731      0.037      0.053    18.2301 0.0000e+00
      0.039      0.003     6.3946     67.490     27.055  23.395208    24.3900    13.8529     0.2130     3.0456 5.9343e+02     8.6335      0.038      0.055    18.2303 0.0000e+00
      0.039      0.001     6.3856     67.396     27.051  23.392588    24.3900    13.8148     0.2130     3.0456 6.1189e+02     8.5579      0.038      0.056    18.2307 0.0000e+00
      0.039     -0.001     6.3768     67.322     27.046  23.388630    24.3900    13.8415     0.2130     3.4263 6.9137e+02     8.4824      0.038      0.056    18.2312 0.0000e+00
      0.038     -0.002     6.3676     67.267     27.043  23.386259    24.3900    13.3761     0.2130     3.4263 6.2697e+02     8.3465      0.038      0.055    18.2319 0.0000e+00
      0.037     -0.002     6.3583     67.198     27.040  23.384844    24.3900    13.3227     0.2130     3.4263 6.1885e+02     8.3313      0.036      0.053    18.2326 0.0000e+00
      0.036     -0.002     6.3493     67.103     27.034  23.380025    24.3900    13.3150     0.2130     3.4263 5.6071e+02     8.3918      0.035      0.051    18.2332 0.0000e+00
      0.035     -0.001     6.3423     66.990     27.028  23.376491    24.3000    13.3570     0.2130     3.1725 5.6071e+02     8.4069      0.035      0.050    18.2339 0.0000e+00
      0.035      0.001     6.3370     66.855     27.030  23.379270    24.3000    13.8186     0.2130     3.1725 6.0252e+02     8.6335      0.035      0.051    18.2350 0.0000e+00
      0.036      0.002     6.3303     66.694     27.033  23.383133    24.3000    13.8148     0.2130     3.1725 6.0475e+02     8.6184      0.036      0.052    18.2364 0.0000e+00
      0.037      0.003     6.3212     66.512     27.031  23.383136    24.3000    13.8262     0.2130     3.1725 6.8584e+02     8.5882      0.037      0.053    18.2383 0.0000e+00
      0.038      0.004     6.3102     66.318     27.030  23.383262    24.4800    13.8186     0.2556     3.1302 6.0082e+02     8.5277      0.038      0.055    18.2405 0.0000e+00
      0.039      0.004     6.2971     66.133     27.029  23.383544    24.4800    14.0093     0.2556     3.1302 6.0344e+02     8.5126      0.039      0.056    18.2429 0.0000e+00
      0.040      0.004     6.2817     65.975     27.024  23.380077    24.4800    14.0093     0.2556     3.1302 6.1911e+02     8.4975      0.040      0.058    18.2455 0.0000e+00
      0.042      0.004     6.2642     65.845     27.018  23.375917    24.4800    14.0322     0.2556     3.1302 6.6529e+02     8.4371      0.041      0.059    18.2480 0.0000e+00
      0.043      0.004     6.2456     65.740     27.015  23.373937    24.3900    14.0322     0.2130     3.1725 6.3865e+02     8.6335      0.042      0.061    18.2503 0.0000e+00
      0.044      0.005     6.2280     65.660     27.014  23.373608    24.3900    13.9979     0.2130     3.1725 6.0937e+02     8.8450      0.043      0.062    18.2523 0.0000e+00
      0.045      0.005     6.2128     65.604     27.015  23.374844    24.3900    13.9674     0.2130     3.1725 6.5482e+02     8.7996      0.044      0.064    18.2541 0.0000e+00
      0.047      0.006     6.2004     65.564     27.019  23.377974    24.3900    13.9635     0.2130     3.1725 6.5881e+02     8.7996      0.046      0.066    18.2557 0.0000e+00
      0.048      0.006     6.1903     65.530     27.025  23.383833    24.3900    13.9712     0.2130     3.1725 6.5724e+02     8.8148      0.047      0.068    18.2569 0.0000e+00
      0.050      0.006     6.1827     65.497     27.028  23.386019    24.3900    14.3069     0.2130     3.3840 6.4199e+02     8.5126      0.049      0.071    18.2579 0.0000e+00
      0.052      0.005     6.1773     65.469     27.020  23.379143    24.3900    14.2916     0.2130     3.3840 6.3368e+02     8.5882      0.051      0.074    18.2584 0.0000e+00
      0.054      0.004     6.1736     65.451     27.013  23.373315    24.3900    14.3145     0.2130     3.3840 6.5113e+02     8.5731      0.053      0.077    18.2584 0.0000e+00
      0.055      0.002     6.1704     65.435     27.018  23.376937    24.3900    14.3259     0.2130     3.3840 6.5014e+02     8.6184      0.054      0.078    18.2582 0.0000e+00
      0.055      0.001     6.1672     65.410     27.023  23.381020    24.4800    13.7614     0.1704     3.4686 6.1322e+02     8.5277      0.054      0.078    18.2581 0.0000e+00
      0.055      0.000     6.1646     65.364     27.018  23.376697    24.4800    13.7652     0.1704     3.4686 6.3768e+02     8.5277      0.054      0.078    18.2580 0.0000e+00
      0.054     -0.001     6.1629     65.291     27.012  23.370781    24.4800    13.7766     0.1704     3.4686 6.8718e+02     8.6335      0.053      0.077    18.2578 0.0000e+00
      0.054     -0.001     6.1615     65.191     27.008  23.367666    24.4800    13.7461     0.1704     3.4686 6.3644e+02     8.5731      0.053      0.077    18.2575 0.0000e+00
      0.054     -0.001     6.1592     65.065     27.004  23.364531    24.4800    14.3107     0.2130     3.1725 6.3340e+02     8.4673      0.053      0.077    18.2571 0.0000e+00
      0.054     -0.001     6.1549     64.911     27.002  23.362531    24.4800    14.3107     0.2130     3.1725 6.7739e+02     8.4371      0.053      0.077    18.2567 0.0000e+00
      0.053      0.000     6.1481     64.741     27.004  23.363122    24.4800    14.3145     0.2130     3.1725 6.6442e+02     8.5731      0.053      0.076    18.2564 0.0000e+00
      0.053      0.001     6.1387     64.565     27.006  23.364472    24.4800    14.3107     0.2130     3.1725 6.4241e+02     8.4824      0.052      0.075    18.2562 0.0000e+00
      0.053      0.002     6.1268     64.393     27.007  23.364950    24.4800    14.1886     0.2130     3.1725 6.2235e+02     8.1803      0.052      0.075    18.2560 0.0000e+00
      0.053      0.004     6.1125     64.230     27.008  23.364684    24.4800    14.2191     0.2130     3.0033 6.4929e+02     8.3616      0.052      0.076    18.2555 0.0000e+00
      0.055      0.005     6.0965     64.079     27.010  23.365593    24.4800    14.1962     0.2130     3.0033 6.2601e+02     8.3465      0.054      0.079    18.2547 0.0000e+00
      0.057      0.007     6.0801     63.939     27.016  23.369911    24.4800    14.1962     0.2130     3.0033 6.1750e+02     8.3465      0.056      0.081    18.2535 0.0000e+00
      0.059      0.008     6.0641     63.811     27.020  23.372816    24.4800    14.1505     0.2130     3.0033 6.6601e+02     8.4824      0.058      0.084    18.2522 0.0000e+00
      0.061      0.009     6.0489     63.691     27.017  23.369109    24.4800    14.1428     0.2130     3.2571 6.4633e+02     8.6486      0.060      0.087    18.2508 0.0000e+00
      0.064      0.009     6.0348     63.573     27.010  23.361785    24.4800    14.1161     0.2130     3.2571 5.9731e+02     8.5428      0.062      0.091    18.2495 0.0000e+00
      0.066      0.009     6.0218     63.454     27.000  23.352872    24.4800    14.1352     0.2130     3.2571 5.8561e+02     8.5428      0.065      0.094    18.2480 0.0000e+00
      0.069      0.007     6.0100     63.344     26.988  23.341985    24.4800    14.2077     0.2130     3.2571 5.9640e+02     8.6033      0.068      0.098    18.2462 0.0000e+00
      0.071      0.006     5.9990     63.240     26.979  23.334183    24.5700    14.1962     0.2130     3.3417 6.0344e+02     8.6033      0.070      0.102    18.2443 0.0000e+00
      0.073      0.004     5.9880     63.122     26.978  23.333358    24.5700    14.1924     0.2130     3.3417 5.9978e+02     8.6033      0.071      0.103    18.2426 0.0000e+00
      0.073      0.002     5.9769     62.994     26.981  23.335310    24.5700    14.2191     0.2130     3.3417 5.9111e+02     8.4975      0.072      0.104    18.2415 0.0000e+00
      0.073      0.000     5.9666     62.868     26.982  23.336576    24.5700    13.8605     0.2130     3.3417 6.0594e+02     8.3767      0.071      0.104    18.2408 0.0000e+00
      0.072     -0.001     5.9569     62.743     26.984  23.337494    24.4800    13.9025     0.1278     3.1725 6.1056e+02     8.3011      0.071      0.102    18.2405 0.0000e+00
      0.071     -0.001     5.9458     62.616     26.986  23.338309    24.4800    13.9025     0.1278     3.1725 6.1777e+02     8.3313      0.070      0.101    18.2402 0.0000e+00
      0.070     -0.001     5.9338     62.485     26.985  23.337247    24.4800    13.9101     0.1278     3.1725 5.8536e+02     8.3616      0.069      0.100    18.2399 0.0000e+00
      0.070     -0.001     5.9220     62.353     26.984  23.336016    24.4800    14.2039     0.1278     3.1725 5.9783e+02     8.5126      0.069      0.100    18.2394 0.0000e+00
      0.070      0.000     5.9103     62.230     26.989  23.340261    24.4800    14.1962     0.1278     3.1725 6.0594e+02     8.6033      0.069      0.100    18.2387 0.0000e+00
      0.071      0.000     5.8984     62.120     26.997  23.347132    24.3900    14.2039     0.2130     3.0456 6.4213e+02     8.5882      0.069      0.100    18.2379 0.0000e+00
      0.071      0.000     5.8861     62.019     27.001  23.350497    24.3900    14.2153     0.2130     3.0456 6.0226e+02     8.6486      0.069      0.101    18.2371 0.0000e+00
      0.071      0.000     5.8737     61.923     27.002  23.351254    24.3900    14.1962     0.2130     3.0456 6.1389e+02     8.3616      0.070      0.101    18.2366 0.0000e+00
      0.071      0.000     5.8622     61.839     27.004  23.353586    24.3900    14.2229     0.2130     3.0456 6.1336e+02     8.2407      0.070      0.101    18.2363 0.0000e+00
      0.071      0.000     5.8519     61.770     27.004  23.354133    24.4800    14.1848     0.2130     3.4686 6.2452e+02     8.3162      0.070      0.101    18.2362 0.0000e+00
      0.071      0.000     5.8423     61.714     26.996  23.347069    24.4800    14.1962     0.2130     3.4686 6.5240e+02     8.3162      0.070      0.101    18.2364 0.0000e+00
      0.071      0.001     5.8332     61.664     26.988  23.340464    24.4800    14.3679     0.2130     3.4686 6.3340e+02     8.5731      0.070      0.101    18.2368 0.0000e+00
      0.071      0.001     5.8253     61.614     26.991  23.342513    24.4800    14.3832     0.2130     3.4686 6.3450e+02     8.5126      0.070      0.101    18.2372 0.0000e+00
      0.071      0.002     5.8188     61.562     26.997  23.347787    24.4800    14.4175     0.2130     3.3840 6.1643e+02     8.6335      0.070      0.101    18.2375 0.0000e+00
      0.072      0.002     5.8135     61.503     26.999  23.349731    24.4800    14.4022     0.2130     3.3840 6.2425e+02     8.5579      0.071      0.102    18.2377 0.0000e+00
      0.073      0.002     5.8088     61.431     26.995  23.346871    24.4800    14.4404     0.2130     3.3840 6.3671e+02     8.6335      0.071      0.103    18.2378 0.0000e+00
      0.073      0.002     5.8041     61.348     26.987  23.340436    24.4800    14.4328     0.2130     3.3840 6.1043e+02     8.5126      0.072      0.104    18.2379 0.0000e+00
      0.074      0.002     5.7992     61.260     26.978  23.332692    24.5700    14.4289     0.2130     3.2148 6.3382e+02     8.6486      0.072      0.105    18.2380 0.0000e+00
      0.074      0.001     5.7936     61.172     26.968  23.323564    24.5700    14.4709     0.2130     3.2148 6.2465e+02     8.5428      0.073      0.105    18.2382 0.0000e+00
      0.074      0.001     5.7867     61.091     26.957  23.314600    24.5700    14.4480     0.2130     3.2148 6.1509e+02     8.5731      0.073      0.106    18.2385 0.0000e+00
      0.074      0.001     5.7789     61.013     26.948  23.307393    24.5700    14.4823     0.2130     3.2148 5.9692e+02     8.5579      0.073      0.106    18.2389 0.0000e+00
      0.075      0.001     5.7706     60.936     26.940  23.300018    24.5700    14.4595     0.2130     3.2148 6.1416e+02     8.5579      0.073      0.106    18.2392 0.0000e+00
      0.075      0.000     5.7622     60.865     26.933  23.294493    24.4800    14.4480     0.2130     3.1302 6.3107e+02     8.5277      0.073      0.106    18.2396 0.0000e+00
      0.075      0.000     5.7545     60.803     26.931  23.293324    24.4800    14.6235     0.2130     3.1302 6.0292e+02     8.5731      0.073      0.106    18.2400 0.0000e+00
      0.075      0.000     5.7472     60.745     26.930  23.292220    24.4800    14.6197     0.2130     3.1302 6.3340e+02     8.5428      0.073      0.106    18.2403 0.0000e+00
      0.075      0.000     5.7399     60.688     26.923  23.286903    24.4800    14.6349     0.2130     3.1302 6.1456e+02     8.6033      0.073      0.106    18.2407 0.0000e+00
      0.075      0.000     5.7332     60.626     26.920  23.283920    24.5700    14.6159     0.2130     3.2148 6.2006e+02     8.5428      0.073      0.106    18.2410 0.0000e+00
      0.075      0.000     5.7272     60.565     26.923  23.286456    24.5700    14.3031     0.2130     3.2148 6.1979e+02     8.5882      0.073      0.106    18.2414 0.0000e+00
      0.075      0.000     5.7218     60.513     26.924  23.287225    24.5700    14.3221     0.2130     3.2148 6.0122e+02     8.6033      0.073      0.106    18.2417 0.0000e+00
      0.075      0.000     5.7163     60.469     26.923  23.286431    24.5700    14.3298     0.2130     3.2148 6.2683e+02     8.5277      0.073      0.106    18.2419 0.0000e+00
      0.075      0.000     5.7105     60.425     26.929  23.291826    24.4800    14.3221     0.2130     3.2571 6.2222e+02     8.5277      0.073      0.106    18.2421 0.0000e+00
      0.075      0.000     5.7048     60.371     26.944  23.304850    24.4800    14.5853     0.2130     3.2571 6.4971e+02     8.8299      0.073      0.106    18.2422 0.0000e+00
      0.075      0.000     5.6998     60.309     26.959  23.317029    24.4800    14.5663     0.2130     3.2571 6.5056e+02     8.7392      0.073      0.106    18.2423 0.0000e+00
      0.075      0.000     5.6957     60.243     26.966  23.323647    24.4800    14.5663     0.2130     3.2571 6.3727e+02     8.8148      0.073      0.106    18.2423 0.0000e+00
      0.075      0.000     5.6915     60.176     26.970  23.326470    24.5700    14.5586     0.1704     3.4263 6.4130e+02     8.8148      0.074      0.107    18.2422 0.0000e+00
      0.075      0.000     5.6865     60.111     26.970  23.326250    24.5700    14.5777     0.1704     3.4263 6.1402e+02     8.5277      0.074      0.107    18.2420 0.0000e+00
      0.075     -0.001     5.6806     60.050     26.966  23.322929    24.5700    14.5281     0.1704     3.4263 6.0200e+02     8.6033      0.073      0.106    18.2419 0.0000e+00
      0.074     -0.001     5.6745     59.993     26.962  23.319603    24.5700    14.5663     0.1704     3.4263 5.9369e+02     8.4824      0.073      0.106    18.2417 0.0000e+00
      0.074     -0.001     5.6682     59.936     26.962  23.319366    24.5700    14.5625     0.1704     3.4263 6.4395e+02     8.5428      0.073      0.105    18.2416 0.0000e+00
      0.074     -0.001     5.6620     59.877     26.958  23.316184    24.5700    14.3908     0.2130     3.2571 6.1911e+02     8.5882      0.072      0.105    18.2414 0.0000e+00
      0.073     -0.001     5.6563     59.814     26.948  23.307215    24.5700    14.3946     0.2130     3.2571 5.9085e+02     8.5126      0.072      0.104    18.2413 0.0000e+00
      0.073     -0.001     5.6509     59.741     26.945  23.304006    24.5700    14.3832     0.2130     3.2571 6.4788e+02     8.5731      0.072      0.104    18.2410 0.0000e+00
