Data/DataNotYetUploadedToEDI/Raw_CTD/RawDownloads/060225_fcr40_S7809005.cnv
* Sea-Bird SBE19plus  Data File:
* FileName = C:\R\Reservoirs\Data\DataNotYetUploadedToEDI\Raw_CTD\RawDownloads\060225_fcr50_S7809_0005.hex
* Software version 2.8.0.119
* Temperature SN = 7809
* Conductivity SN = 7809
* System UpLoad Time = Jun 02 2025 17:20:17
* <ApplicationData>
* <Seaterm232>
# nquan = 15
# nvalues = 4022                        
# units = specified
# name 0 = depFM: Depth [fresh water, m]
# name 1 = dz/dtM: Descent Rate [m/s]
# name 2 = sbeox0Mg/L: Oxygen, SBE 43 [mg/l]
# name 3 = sbeox0PS: Oxygen, SBE 43 [% saturation]
# name 4 = specc: Specific Conductance [uS/cm]
# name 5 = c0uS/cm: Conductivity [uS/cm]
# name 6 = flECO-AFL: Fluorescence, WET Labs ECO-AFL/FL [mg/m^3]
# name 7 = ph: pH
# name 8 = orp: Oxidation Reduction Potential [mV]
# name 9 = par/sat/log: PAR/Logarithmic, Satlantic
# name 10 = turbWETntu0: Turbidity, WET Labs ECO [NTU]
# name 11 = prdM: Pressure, Strain Gauge [db]
# name 12 = prdE: Pressure, Strain Gauge [psi]
# name 13 = tv290C: Temperature [ITS-90, deg C]
# name 14 = flag:  0.000e+00
# span 0 =     -0.619,      6.323       
# span 1 =     -0.472,      0.179       
# span 2 =     0.6685,    12.1679       
# span 3 =      6.419,    132.458       
# span 4 =      1.712,     41.553       
# span 5 =   1.365469,  29.328330       
# span 6 =    -0.9549,    24.1975       
# span 7 =      7.761,     11.017       
# span 8 =     4.6732,   319.6093       
# span 9 = 1.2362e-01, 2.1626e+03       
# span 10 =    -0.7781,   136.0501      
# span 11 =     -0.608,      6.201      
# span 12 =     -0.882,      8.994      
# span 13 =    10.2782,    19.8765      
# span 14 = 0.0000e+00, 0.0000e+00      
# interval = seconds: 0.25
# start_time = Jun 02 2025 13:35:37 [Instrument's time stamp, header]
# bad_flag = -9.990e-29
*END*
[from data line 1928]
      2.325      0.003     5.9207     58.497     35.264  28.870618    13.0620      9.536   226.4820 3.6364e+01     8.8333      2.280      3.308    15.9399 0.0000e+00
      2.327      0.005     5.8668     58.339     35.297  28.897588    12.9059      9.534   226.5066 3.6289e+01     8.6848      2.282      3.310    15.9374 0.0000e+00
      2.329      0.007     5.8254     58.166     35.309  28.906184    12.8243      9.531   226.5277 3.6199e+01     8.5791      2.284      3.313    15.9341 0.0000e+00
      2.331      0.007     5.7972     57.982     35.322  28.911121    12.8334      9.528   226.5661 3.6109e+01     8.6148      2.286      3.316    15.9314 0.0000e+00
      2.334      0.007     5.7803     57.772     35.309  28.893844    12.8407      9.525   226.6265 3.6011e+01     8.6723      2.289      3.320    15.9307 0.0000e+00
      2.336      0.007     5.7679     57.475     35.305  28.887569    12.8628      9.521   226.6556 3.5934e+01     8.6254      2.291      3.322    15.9318 0.0000e+00
      2.337      0.006     5.7486     57.032     35.320  28.898676    12.9088      9.519   226.7455 3.5886e+01     8.5939      2.291      3.324    15.9310 0.0000e+00
      2.338      0.006     5.7324     56.432     35.323  28.901283    12.9485      9.516   226.9398 3.5839e+01     8.6671      2.292      3.326    15.9218 0.0000e+00
      2.339      0.006     5.7158     55.785     35.343  28.919093    12.9755      9.513   227.1117 3.5777e+01     8.7595      2.293      3.326    15.9104 0.0000e+00
      2.341      0.006     5.6885     55.256     35.348  28.923724    13.0527      9.510   227.1895 3.5718e+01     8.7882      2.294      3.328    15.9070 0.0000e+00
      2.342      0.006     5.6470     54.949     35.312  28.893845    13.1822      9.508   227.1918 3.5658e+01     8.7411      2.296      3.331    15.9066 0.0000e+00
      2.343      0.006     5.5825     54.866     35.290  28.874975    13.2432      9.505   227.2253 3.5542e+01     8.6678      2.298      3.333    15.9061 0.0000e+00
      2.345      0.005     5.5116     54.979     35.305  28.885854    13.2580      9.501   227.3373 3.5397e+01     8.6545      2.300      3.336    15.9085 0.0000e+00
      2.347      0.005     5.4548     55.251     35.324  28.898522    13.3191      9.497   227.5133 3.5346e+01     8.7167      2.302      3.339    15.9109 0.0000e+00
      2.349      0.005     5.4259     55.620     35.331  28.901281    13.3665      9.495   227.6318 3.5375e+01     8.7359      2.304      3.341    15.9089 0.0000e+00
      2.349      0.006     5.4191     56.014     35.358  28.919208    13.3558      9.493   227.6520 3.5364e+01     8.6475      2.303      3.340    15.9071 0.0000e+00
      2.349      0.007     5.4305     56.312     35.369  28.924985    13.3562      9.491   227.7578 3.5282e+01     8.5703      2.303      3.340    15.9064 0.0000e+00
      2.351      0.008     5.4615     56.407     35.352  28.907698    13.4637      9.487   227.8782 3.5165e+01     8.6226      2.305      3.344    15.9015 0.0000e+00
      2.354      0.009     5.4994     56.273     35.347  28.900469    13.6486      9.483   227.9035 3.5046e+01     8.6992      2.309      3.349    15.8965 0.0000e+00
      2.357      0.011     5.5443     55.959     35.354  28.901007    13.7354      9.480   227.8915 3.4933e+01     8.6762      2.312      3.354    15.8925 0.0000e+00
      2.360      0.013     5.5790     55.525     35.378  28.914195    13.7225      9.477   227.9042 3.4813e+01     8.6181      2.314      3.356    15.8858 0.0000e+00
      2.363      0.013     5.5893     54.976     35.410  28.933063    13.8173      9.474   227.9722 3.4640e+01     8.6111      2.317      3.360    15.8819 0.0000e+00
      2.366      0.012     5.5748     54.309     35.424  28.938839    14.0330      9.471   228.1112 3.4419e+01     8.6604      2.321      3.366    15.8787 0.0000e+00
      2.370      0.011     5.5409     53.558     35.405  28.920597    14.1665      9.469   228.2932 3.4244e+01     8.7014      2.325      3.372    15.8708 0.0000e+00
      2.374      0.010     5.5002     52.781     35.387  28.902778    14.1735      9.466   228.3662 3.4144e+01     8.6636      2.328      3.376    15.8607 0.0000e+00
      2.376      0.008     5.4478     52.046     35.403  28.913677    14.1601      9.463   228.3056 3.4102e+01     8.5787      2.330      3.380    15.8484 0.0000e+00
      2.378      0.007     5.3811     51.396     35.419  28.925520    14.1964      9.460   228.3348 3.4072e+01     8.5976      2.332      3.382    15.8405 0.0000e+00
      2.379      0.007     5.3049     50.820     35.412  28.919112    14.2544      9.456   228.5478 3.4022e+01     8.7210      2.333      3.383    15.8392 0.0000e+00
      2.379      0.008     5.2262     50.351     35.391  28.899620    14.2702      9.452   228.6439 3.3959e+01     8.7726      2.333      3.384    15.8347 0.0000e+00
      2.380      0.010     5.1510     50.037     35.369  28.880128    14.2623      9.450   228.6367 3.3828e+01     8.7089      2.333      3.384    15.8294 0.0000e+00
      2.383      0.012     5.0892     49.847     35.363  28.873724    14.3256      9.447   228.7186 3.3598e+01     8.6687      2.336      3.388    15.8304 0.0000e+00
      2.389      0.012     5.0309     49.735     35.379  28.885624    14.4608      9.444   228.7733 3.3308e+01     8.7301      2.342      3.397    15.8294 0.0000e+00
      2.394      0.011     4.9805     49.647     35.395  28.897146    14.5323      9.440   228.7814 3.3067e+01     8.7343      2.348      3.406    15.8237 0.0000e+00
      2.398      0.009     4.9538     49.539     35.384  28.886180    14.5241      9.435   228.8167 3.2940e+01     8.6507      2.352      3.411    15.8224 0.0000e+00
      2.399      0.006     4.9350     49.396     35.376  28.879889    14.5028      9.430   228.9424 3.2880e+01     8.6068      2.353      3.413    15.8218 0.0000e+00
      2.399      0.003     4.9266     49.212     35.380  28.884512    14.5084      9.427   229.0969 3.2895e+01     8.6485      2.353      3.413    15.8191 0.0000e+00
      2.398      0.002     4.9202     49.015     35.370  28.878642    14.5335      9.424   229.2212 3.2982e+01     8.7452      2.352      3.411    15.8167 0.0000e+00
      2.397      0.002     4.9091     48.852     35.363  28.872357    14.5399      9.422   229.3268 3.3007e+01     8.7509      2.350      3.408    15.8132 0.0000e+00
      2.397      0.003     4.8967     48.777     35.365  28.871940    14.5114      9.419   229.3421 3.2894e+01     8.6489      2.349      3.407    15.8130 0.0000e+00
      2.399      0.005     4.8760     48.815     35.370  28.873604    14.4717      9.415   229.3201 3.2718e+01     8.6056      2.352      3.412    15.8175 0.0000e+00
      2.402      0.006     4.8547     48.916     35.395  28.892470    14.4677      9.411   229.4044 3.2582e+01     8.6713      2.356      3.417    15.8219 0.0000e+00
      2.404      0.007     4.8369     49.005     35.415  28.909760    14.4795      9.407   229.5017 3.2510e+01     8.7599      2.358      3.419    15.8204 0.0000e+00
      2.405      0.007     4.8280     49.048     35.390  28.892355    14.5310      9.404   229.5500 3.2456e+01     8.7549      2.359      3.422    15.8144 0.0000e+00
      2.407      0.006     4.8347     49.051     35.364  28.872330    14.6240      9.401   229.5579 3.2388e+01     8.6445      2.361      3.424    15.8120 0.0000e+00
      2.408      0.006     4.8483     49.055     35.345  28.857933    14.6808      9.398   229.5118 3.2337e+01     8.6202      2.361      3.424    15.8100 0.0000e+00
      2.409      0.006     4.8577     49.104     35.329  28.845143    14.7016      9.395   229.5949 3.2283e+01     8.7003      2.362      3.426    15.8106 0.0000e+00
      2.411      0.006     4.8615     49.193     35.331  28.844538    14.6920      9.391   229.7882 3.2167e+01     8.6914      2.364      3.429    15.8160 0.0000e+00
      2.412      0.007     4.8600     49.312     35.344  28.850618    14.6484      9.387   229.9558 3.2040e+01     8.6147      2.366      3.431    15.8184 0.0000e+00
      2.413      0.008     4.8575     49.445     35.354  28.855223    14.6066      9.384   230.0726 3.1951e+01     8.5923      2.367      3.433    15.8196 0.0000e+00
      2.415      0.009     4.8635     49.526     35.336  28.836770    14.6041      9.381   230.0817 3.1853e+01     8.6594      2.369      3.436    15.8214 0.0000e+00
      2.418      0.009     4.8731     49.496     35.316  28.817799    14.6345      9.377   230.0660 3.1693e+01     8.7771      2.371      3.438    15.8180 0.0000e+00
      2.421      0.010     4.8847     49.304     35.320  28.816127    14.6494      9.374   230.1409 3.1481e+01     8.7857      2.374      3.443    15.8106 0.0000e+00
      2.424      0.010     4.9023     48.901     35.327  28.816543    14.6426      9.370   230.2992 3.1278e+01     8.6960      2.377      3.448    15.8039 0.0000e+00
      2.427      0.010     4.9127     48.327     35.340  28.822819    14.6437      9.365   230.4308 3.1117e+01     8.6484      2.380      3.452    15.7994 0.0000e+00
      2.430      0.010     4.9112     47.695     35.349  28.828584    14.6795      9.362   230.5278 3.0966e+01     8.6542      2.382      3.455    15.7964 0.0000e+00
      2.432      0.009     4.8960     47.091     35.340  28.822818    14.8422      9.359   230.6123 3.0828e+01     8.6644      2.385      3.460    15.7899 0.0000e+00
      2.434      0.009     4.8555     46.556     35.331  28.816528    15.0794      9.356   230.5910 3.0719e+01     8.6346      2.387      3.462    15.7808 0.0000e+00
      2.436      0.009     4.7939     46.129     35.331  28.815971    15.1833      9.352   230.6142 3.0591e+01     8.6354      2.388      3.465    15.7742 0.0000e+00
      2.438      0.009     4.7286     45.856     35.332  28.816086    15.2082      9.348   230.8071 3.0447e+01     8.7087      2.391      3.468    15.7726 0.0000e+00
      2.440      0.009     4.6674     45.750     35.335  28.817910    15.3971      9.345   230.9449 3.0310e+01     8.7356      2.393      3.470    15.7755 0.0000e+00
      2.443      0.009     4.6128     45.763     35.362  28.838030    15.7281      9.341   230.9034 3.0142e+01     8.6534      2.395      3.474    15.7784 0.0000e+00
      2.446      0.009     4.5688     45.847     35.405  28.869055    15.9145      9.337   230.8222 2.9982e+01     8.6030      2.399      3.480    15.7767 0.0000e+00
      2.449      0.009     4.5408     45.971     35.419  28.875881    15.9273      9.334   230.8229 2.9852e+01     8.6727      2.402      3.483    15.7745 0.0000e+00
      2.451      0.008     4.5330     46.096     35.403  28.857129    16.0244      9.331   230.9124 2.9706e+01     8.7781      2.403      3.486    15.7752 0.0000e+00
      2.453      0.006     4.5362     46.166     35.379  28.832610    16.2231      9.328   231.0432 2.9557e+01     8.7846      2.405      3.488    15.7728 0.0000e+00
      2.455      0.004     4.5457     46.140     35.381  28.833130    16.3154      9.325   231.2004 2.9462e+01     8.6817      2.407      3.491    15.7662 0.0000e+00
      2.456      0.002     4.5602     46.008     35.415  28.863415    16.3164      9.321   231.3502 2.9427e+01     8.5936      2.408      3.493    15.7593 0.0000e+00
      2.456      0.002     4.5753     45.803     35.433  28.881647    16.3266      9.316   231.3919 2.9422e+01     8.5736      2.408      3.493    15.7513 0.0000e+00
      2.455      0.002     4.5851     45.589     35.406  28.863290    16.3811      9.312   231.3600 2.9451e+01     8.6446      2.407      3.492    15.7432 0.0000e+00
      2.454      0.004     4.5827     45.400     35.366  28.831746    16.4759      9.309   231.3089 2.9447e+01     8.7011      2.406      3.490    15.7407 0.0000e+00
      2.454      0.007     4.5684     45.250     35.352  28.817398    16.5159      9.307   231.2900 2.9367e+01     8.6415      2.406      3.491    15.7452 0.0000e+00
      2.455      0.011     4.5440     45.168     35.358  28.816671    16.5647      9.304   231.3901 2.9174e+01     8.6418      2.407      3.492    15.7522 0.0000e+00
      2.460      0.014     4.5214     45.138     35.373  28.822947    17.1407      9.299   231.4869 2.8768e+01     8.7378      2.411      3.496    15.7574 0.0000e+00
      2.467      0.016     4.5030     45.083     35.388  28.829847    18.1615      9.295   231.5136 2.8337e+01     8.7779      2.419      3.510    15.7595 0.0000e+00
      2.473      0.016     4.4861     44.956     35.403  28.836662    18.6946      9.292   231.5406 2.8070e+01     8.7515      2.425      3.518    15.7553 0.0000e+00
      2.477      0.015     4.4796     44.768     35.413  28.841905    18.7512      9.288   231.5551 2.7875e+01     8.6918      2.429      3.523    15.7456 0.0000e+00
      2.479      0.012     4.4808     44.544     35.400  28.829806    19.0617      9.285   231.6041 2.7710e+01     8.6704      2.432      3.527    15.7374 0.0000e+00
      2.481      0.010     4.4783     44.327     35.385  28.817226    19.6367      9.281   231.7023 2.7567e+01     8.7324      2.433      3.529    15.7299 0.0000e+00
      2.483      0.009     4.4650     44.177     35.383  28.816659    19.9435      9.277   231.7963 2.7441e+01     8.7241      2.435      3.531    15.7220 0.0000e+00
      2.484      0.010     4.4466     44.139     35.390  28.822958    19.9735      9.274   231.9657 2.7335e+01     8.6041      2.436      3.532    15.7166 0.0000e+00
      2.486      0.010     4.4229     44.194     35.398  28.829963    20.2247      9.271   232.1154 2.7156e+01     8.5451      2.437      3.535    15.7143 0.0000e+00
      2.490      0.009     4.3992     44.273     35.407  28.837931    20.7247      9.267   232.1443 2.6906e+01     8.6252      2.442      3.541    15.7155 0.0000e+00
      2.495      0.007     4.3819     44.341     35.428  28.855863    21.0168      9.263   232.2284 2.6748e+01     8.7522      2.448      3.549    15.7175 0.0000e+00
      2.497      0.005     4.3781     44.366     35.428  28.856487    21.0355      9.258   232.3587 2.6764e+01     8.7497      2.450      3.554    15.7186 0.0000e+00
      2.497      0.004     4.3884     44.333     35.414  28.845474    20.9763      9.254   232.4289 2.6862e+01     8.6969      2.449      3.552    15.7181 0.0000e+00
      2.496      0.003     4.3954     44.308     35.420  28.849567    20.6664      9.251   232.5606 2.6918e+01     8.6953      2.447      3.548    15.7191 0.0000e+00
      2.495      0.003     4.4035     44.331     35.417  28.842543    20.1682      9.248   232.7475 2.6913e+01     8.6955      2.446      3.547    15.7220 0.0000e+00
      2.495      0.003     4.4082     44.388     35.398  28.823979    19.9292      9.245   232.7949 2.6836e+01     8.7677      2.446      3.547    15.7217 0.0000e+00
      2.498      0.004     4.4000     44.464     35.386  28.815390    19.9083      9.240   232.7897 2.6717e+01     8.7825      2.450      3.553    15.7228 0.0000e+00
      2.500      0.005     4.3964     44.521     35.366  28.802126    19.7903      9.235   232.9425 2.6659e+01     8.7045      2.453      3.558    15.7229 0.0000e+00
      2.502      0.006     4.4013     44.528     35.348  28.790470    19.6019      9.231   233.1800 2.6662e+01     8.7463      2.453      3.558    15.7141 0.0000e+00
      2.502      0.007     4.4068     44.479     35.361  28.801321    19.5196      9.228   233.3384 2.6655e+01     8.7760      2.454      3.559    15.7076 0.0000e+00
      2.503      0.007     4.4163     44.366     35.371  28.806468    19.5444      9.225   233.4807 2.6582e+01     8.7210      2.454      3.559    15.7109 0.0000e+00
      2.505      0.008     4.4225     44.177     35.354  28.789265    19.7770      9.222   233.6097 2.6452e+01     8.6970      2.456      3.561    15.7173 0.0000e+00
      2.508      0.009     4.4222     43.901     35.350  28.783603    20.2007      9.219   233.6937 2.6326e+01     8.6904      2.461      3.567    15.7217 0.0000e+00
      2.510      0.011     4.4184     43.550     35.377  28.801431    20.4482      9.215   233.8089 2.6227e+01     8.7439      2.463      3.572    15.7211 0.0000e+00
