Data/DataNotYetUploadedToEDI/Raw_CTD/RawDownloads/060225_fcr50_S7809001.cnv
* Sea-Bird SBE19plus  Data File:
* FileName = C:\R\Reservoirs\Data\DataNotYetUploadedToEDI\Raw_CTD\RawDownloads\060225_fcr50_S7809_0001.hex
* Software version 2.8.0.119
* Temperature SN = 7809
* Conductivity SN = 7809
* System UpLoad Time = Jun 02 2025 17:16:03
* <ApplicationData>
* <Seaterm232>
# nquan = 15
# nvalues = 5014                        
# units = specified
# name 0 = depFM: Depth [fresh water, m]
# name 1 = dz/dtM: Descent Rate [m/s]
# name 2 = sbeox0Mg/L: Oxygen, SBE 43 [mg/l]
# name 3 = sbeox0PS: Oxygen, SBE 43 [% saturation]
# name 4 = specc: Specific Conductance [uS/cm]
# name 5 = c0uS/cm: Conductivity [uS/cm]
# name 6 = flECO-AFL: Fluorescence, WET Labs ECO-AFL/FL [mg/m^3]
# name 7 = ph: pH
# name 8 = orp: Oxidation Reduction Potential [mV]
# name 9 = par/sat/log: PAR/Logarithmic, Satlantic
# name 10 = turbWETntu0: Turbidity, WET Labs ECO [NTU]
# name 11 = prdM: Pressure, Strain Gauge [db]
# name 12 = prdE: Pressure, Strain Gauge [psi]
# name 13 = tv290C: Temperature [ITS-90, deg C]
# name 14 = flag:  0.000e+00
# span 0 =     -0.626,      9.683       
# span 1 =     -0.555,      0.126       
# span 2 =     0.0026,    11.3347       
# span 3 =      1.132,    121.903       
# span 4 =      0.485,    136.969       
# span 5 =   0.442003,  96.942153       
# span 6 =    -2.0673,    75.7330       
# span 7 =     -2.160,     10.775       
# span 8 = -1240.7455,  1216.5377       
# span 9 = 1.2356e-01, 2.2687e+03       
# span 10 =    -2.3618,   953.0859      
# span 11 =     -0.614,      9.496      
# span 12 =     -0.891,     13.773      
# span 13 =    10.3182,    22.2808      
# span 14 = 0.0000e+00, 0.0000e+00      
# interval = seconds: 0.25
# start_time = Jun 02 2025 11:33:50 [Instrument's time stamp, header]
# bad_flag = -9.990e-29
*END*
[from data line 3567]
      7.107      0.013    10.1787     90.870     39.275  27.771121     2.0206      7.729   331.2696 1.2375e-01     5.6752      6.970     10.109    10.3488 0.0000e+00
      7.110      0.016    10.1719     90.878     39.292  27.782653     1.9353      7.728   331.1914 1.2375e-01     5.6963      6.973     10.112    10.3488 0.0000e+00
      7.114      0.018    10.1711     90.866     39.296  27.783712     1.9033      7.728   331.2828 1.2371e-01     5.7835      6.975     10.116    10.3490 0.0000e+00
      7.120      0.019    10.1713     90.866     39.298  27.783912     1.8911      7.729   331.3423 1.2371e-01     5.7728      6.980     10.125    10.3499 0.0000e+00
      7.130      0.021    10.1703     90.885     39.298  27.785074     1.8712      7.729   331.3947 1.2374e-01     5.6689      6.993     10.143    10.3523 0.0000e+00
      7.136      0.022    10.1753     90.889     39.316  27.797769     1.8799      7.728   331.5722 1.2372e-01     5.6214      7.000     10.153    10.3521 0.0000e+00
      7.138      0.021    10.1704     90.883     39.336  27.810559     1.8962      7.728   331.5957 1.2367e-01     5.6082      6.998     10.151    10.3480 0.0000e+00
      7.142      0.019    10.1711     90.893     39.340  27.812856     1.9013      7.729   331.3345 1.2370e-01     5.5773      7.002     10.156    10.3469 0.0000e+00
      7.150      0.015    10.1753     90.907     39.359  27.825531     1.9073      7.729   331.0810 1.2377e-01     5.6234      7.012     10.171    10.3500 0.0000e+00
      7.155      0.012    10.1747     90.903     39.374  27.836959     1.9189      7.729   331.0263 1.2380e-01     5.7558      7.018     10.179    10.3502 0.0000e+00
      7.157      0.009    10.1733     90.893     39.355  27.824179     1.9426      7.729   331.1038 1.2375e-01     5.8462      7.018     10.178    10.3474 0.0000e+00
      7.157      0.006    10.1751     90.883     39.319  27.797866     1.9524      7.729   331.3294 1.2365e-01     5.8277      7.019     10.180    10.3460 0.0000e+00
      7.157      0.004    10.1792     90.876     39.286  27.772515     1.9296      7.728   331.5165 1.2368e-01     5.7714      7.020     10.181    10.3456 0.0000e+00
      7.157      0.002    10.1762     90.871     39.286  27.771372     1.8833      7.728   331.3007 1.2378e-01     5.7459      7.019     10.180    10.3461 0.0000e+00
      7.158      0.002    10.1756     90.852     39.304  27.784038     1.8414      7.729   330.8708 1.2380e-01     5.7593      7.020     10.182    10.3479 0.0000e+00
      7.158      0.002    10.1740     90.821     39.324  27.798809     1.8398      7.729   330.7070 1.2380e-01     5.8300      7.020     10.182    10.3471 0.0000e+00
      7.159      0.003    10.1741     90.807     39.359  27.823122     1.8387      7.728   330.6974 1.2380e-01     5.8490      7.020     10.182    10.3439 0.0000e+00
      7.160      0.005    10.1746     90.802     39.360  27.824282     1.8370      7.728   330.6680 1.2370e-01     5.7849      7.022     10.184    10.3419 0.0000e+00
      7.160      0.009    10.1735     90.791     39.345  27.812845     1.8856      7.728   330.8672 1.2362e-01     5.7380      7.022     10.185    10.3422 0.0000e+00
      7.161      0.015    10.1671     90.806     39.344  27.811693     1.9440      7.728   331.1273 1.2368e-01     5.6580      7.022     10.184    10.3426 0.0000e+00
      7.164      0.022    10.1656     90.842     39.341  27.810351     1.9761      7.728   331.0600 1.2373e-01     5.6031      7.024     10.187    10.3428 0.0000e+00
      7.170      0.027    10.1685     90.867     39.320  27.796618     2.0827      7.727   330.8285 1.2369e-01     5.6544      7.028     10.193    10.3434 0.0000e+00
      7.180      0.031    10.1623     90.870     39.286  27.772504     2.2675      7.727   330.6507 1.2369e-01     5.7327      7.040     10.211    10.3431 0.0000e+00
      7.195      0.033    10.1663     90.858     39.288  27.772504     2.3789      7.727   330.5450 1.2374e-01     5.8321      7.057     10.235    10.3421 0.0000e+00
      7.205      0.033    10.1711     90.841     39.324  27.796608     2.4061      7.728   330.6699 1.2379e-01     5.8658      7.069     10.251    10.3430 0.0000e+00
      7.210      0.032    10.1741     90.819     39.346  27.810228     2.2967      7.728   330.9553 1.2377e-01     5.7638      7.072     10.257    10.3453 0.0000e+00
      7.214      0.029    10.1741     90.812     39.349  27.810332     2.0552      7.728   331.0708 1.2376e-01     5.6922      7.073     10.259    10.3449 0.0000e+00
      7.221      0.027    10.1720     90.807     39.334  27.797864     1.9162      7.729   330.9469 1.2376e-01     5.7518      7.080     10.269    10.3430 0.0000e+00
      7.230      0.026    10.1722     90.772     39.319  27.786333     1.9145      7.729   330.7480 1.2375e-01     5.8695      7.091     10.284    10.3409 0.0000e+00
      7.238      0.026    10.1680     90.752     39.335  27.797762     1.8598      7.728   330.5599 1.2375e-01     5.9196      7.099     10.296    10.3381 0.0000e+00
      7.243      0.026    10.1685     90.782     39.351  27.809199     1.7133      7.727   330.4788 1.2372e-01     5.8452      7.103     10.302    10.3355 0.0000e+00
      7.249      0.024    10.1717     90.802     39.333  27.797762     1.6328      7.726   330.5418 1.2369e-01     5.7897      7.109     10.310    10.3335 0.0000e+00
      7.256      0.021    10.1650     90.793     39.316  27.786334     1.6435      7.727   330.6337 1.2374e-01     5.8287      7.116     10.321    10.3322 0.0000e+00
      7.262      0.018    10.1590     90.784     39.331  27.797875     1.6854      7.728   330.8156 1.2383e-01     5.8051      7.123     10.331    10.3316 0.0000e+00
      7.267      0.015    10.1686     90.774     39.349  27.810446     1.7391      7.728   331.0205 1.2386e-01     5.6747      7.127     10.337    10.3318 0.0000e+00
      7.270      0.011    10.1703     90.771     39.351  27.811484     1.7602      7.729   331.0457 1.2381e-01     5.5510      7.130     10.341    10.3335 0.0000e+00
      7.272      0.008    10.1659     90.779     39.350  27.810426     1.7656      7.729   330.9486 1.2378e-01     5.5728      7.131     10.343    10.3353 0.0000e+00
      7.272      0.007    10.1668     90.780     39.333  27.797646     1.7792      7.728   330.7931 1.2376e-01     5.6995      7.131     10.343    10.3358 0.0000e+00
      7.273      0.008    10.1644     90.778     39.313  27.783817     1.7993      7.728   330.6278 1.2367e-01     5.6823      7.132     10.344    10.3355 0.0000e+00
      7.274      0.013    10.1636     90.781     39.293  27.770075     1.8423      7.727   330.5851 1.2367e-01     5.6034      7.133     10.346    10.3348 0.0000e+00
      7.275      0.021    10.1666     90.766     39.276  27.758342     1.8750      7.727   330.8794 1.2377e-01     5.6340      7.134     10.347    10.3342 0.0000e+00
      7.279      0.028    10.1661     90.733     39.292  27.768817     1.8708      7.727   331.3467 1.2380e-01     5.6766      7.136     10.350    10.3340 0.0000e+00
      7.288      0.033    10.1650     90.727     39.295  27.769865     1.8498      7.727   331.5024 1.2374e-01     5.7092      7.145     10.361    10.3341 0.0000e+00
      7.303      0.037    10.1666     90.745     39.297  27.771018     1.8205      7.727   331.3859 1.2375e-01     5.7197      7.161     10.387    10.3351 0.0000e+00
      7.317      0.038    10.1658     90.744     39.314  27.782759     1.8159      7.727   331.2285 1.2378e-01     5.7355      7.179     10.412    10.3355 0.0000e+00
      7.327      0.036    10.1588     90.730     39.317  27.784969     1.8357      7.727   331.1470 1.2374e-01     5.8310      7.186     10.423    10.3343 0.0000e+00
      7.332      0.032    10.1581     90.720     39.335  27.797741     1.8854      7.727   331.2613 1.2368e-01     5.9186      7.190     10.428    10.3329 0.0000e+00
      7.339      0.028    10.1648     90.714     39.353  27.810332     1.9585      7.727   331.4919 1.2367e-01     5.9066      7.197     10.438    10.3322 0.0000e+00
      7.346      0.027    10.1623     90.725     39.353  27.810343     1.9796      7.728   331.6121 1.2371e-01     5.7883      7.205     10.449    10.3320 0.0000e+00
      7.351      0.026    10.1602     90.736     39.335  27.797877     1.9825      7.728   331.5967 1.2376e-01     5.7187      7.208     10.455    10.3319 0.0000e+00
      7.357      0.025    10.1605     90.724     39.318  27.786458     2.0350      7.728   331.6498 1.2384e-01     5.7477      7.213     10.461    10.3317 0.0000e+00
      7.366      0.022    10.1577     90.718     39.335  27.799135     2.0900      7.728   331.6517 1.2385e-01     5.7293      7.224     10.477    10.3315 0.0000e+00
      7.374      0.019    10.1600     90.729     39.371  27.824296     2.0979      7.727   331.4478 1.2378e-01     5.7351      7.234     10.492    10.3317 0.0000e+00
      7.378      0.016    10.1634     90.739     39.389  27.836972     2.0884      7.727   331.4216 1.2376e-01     5.7844      7.236     10.495    10.3321 0.0000e+00
      7.379      0.012    10.1593     90.749     39.373  27.825543     2.0835      7.728   331.6782 1.2381e-01     5.8127      7.236     10.494    10.3326 0.0000e+00
      7.380      0.011    10.1577     90.759     39.355  27.812973     2.0725      7.728   331.8827 1.2385e-01     5.8040      7.237     10.496    10.3335 0.0000e+00
      7.381      0.011    10.1613     90.760     39.353  27.811840     2.0555      7.728   331.9162 1.2384e-01     5.7473      7.239     10.499    10.3337 0.0000e+00
      7.383      0.015    10.1612     90.763     39.353  27.811840     2.0350      7.727   331.8253 1.2386e-01     5.7757      7.240     10.501    10.3335 0.0000e+00
      7.387      0.018    10.1621     90.778     39.355  27.812973     2.0331      7.726   331.7294 1.2389e-01     5.8737      7.242     10.505    10.3333 0.0000e+00
      7.393      0.020    10.1647     90.792     39.374  27.825543     2.0581      7.725   331.6179 1.2385e-01     5.9085      7.248     10.513    10.3335 0.0000e+00
      7.402      0.022    10.1633     90.788     39.391  27.836961     2.0704      7.726   331.5093 1.2378e-01     5.8540      7.259     10.528    10.3338 0.0000e+00
      7.409      0.024    10.1635     90.771     39.373  27.824181     2.0485      7.726   331.6207 1.2370e-01     5.7621      7.267     10.541    10.3340 0.0000e+00
      7.413      0.024    10.1657     90.767     39.335  27.797867     2.0352      7.726   331.8464 1.2369e-01     5.7541      7.270     10.544    10.3332 0.0000e+00
      7.417      0.023    10.1685     90.773     39.299  27.772507     2.0011      7.726   331.9156 1.2370e-01     5.8247      7.272     10.546    10.3323 0.0000e+00
      7.424      0.020    10.1683     90.766     39.297  27.771259     1.8944      7.726   331.9406 1.2367e-01     5.8305      7.279     10.557    10.3321 0.0000e+00
      7.431      0.019    10.1642     90.756     39.312  27.782781     1.8101      7.726   332.0634 1.2368e-01     5.7560      7.289     10.571    10.3322 0.0000e+00
      7.436      0.019    10.1639     90.751     39.314  27.784972     1.7891      7.727   331.9374 1.2370e-01     5.7098      7.293     10.578    10.3319 0.0000e+00
      7.439      0.019    10.1673     90.757     39.331  27.797751     1.7987      7.727   331.5349 1.2372e-01     5.8180      7.295     10.580    10.3316 0.0000e+00
      7.442      0.019    10.1644     90.786     39.348  27.810436     1.8265      7.727   331.3273 1.2372e-01     6.0052      7.297     10.584    10.3324 0.0000e+00
      7.446      0.019    10.1630     90.799     39.350  27.811496     1.8256      7.727   331.3203 1.2370e-01     6.0258      7.301     10.590    10.3334 0.0000e+00
      7.452      0.019    10.1628     90.782     39.350  27.810561     1.7957      7.727   331.4500 1.2371e-01     5.9649      7.308     10.601    10.3348 0.0000e+00
      7.459      0.019    10.1603     90.775     39.335  27.799134     1.7563      7.727   331.6911 1.2374e-01     6.0206      7.316     10.611    10.3366 0.0000e+00
      7.464      0.018    10.1672     90.804     39.338  27.800182     1.7076      7.727   331.6538 1.2374e-01     6.1185      7.321     10.618    10.3370 0.0000e+00
      7.468      0.016    10.1694     90.839     39.372  27.823236     1.6723      7.727   331.3436 1.2372e-01     6.0900      7.323     10.621    10.3363 0.0000e+00
      7.471      0.014    10.1652     90.854     39.373  27.824171     1.6548      7.726   331.2102 1.2370e-01     5.9482      7.327     10.626    10.3350 0.0000e+00
      7.474      0.013    10.1634     90.855     39.355  27.811478     1.7045      7.726   331.2453 1.2370e-01     5.8736      7.329     10.630    10.3335 0.0000e+00
      7.477      0.013    10.1685     90.852     39.334  27.796619     1.8310      7.726   331.3377 1.2375e-01     5.9052      7.333     10.636    10.3322 0.0000e+00
      7.480      0.014    10.1751     90.866     39.298  27.771371     1.8941      7.726   331.5530 1.2379e-01     5.8860      7.337     10.641    10.3315 0.0000e+00
      7.483      0.014    10.1744     90.877     39.280  27.759915     1.8683      7.726   331.6113 1.2372e-01     5.7790      7.337     10.641    10.3313 0.0000e+00
      7.487      0.014    10.1760     90.864     39.314  27.784962     1.8519      7.726   331.3548 1.2365e-01     5.7045      7.342     10.648    10.3311 0.0000e+00
      7.492      0.014    10.1731     90.842     39.364  27.820503     1.8789      7.726   331.1178 1.2365e-01     5.7365      7.349     10.657    10.3309 0.0000e+00
      7.496      0.014    10.1757     90.808     39.346  27.809075     1.9286      7.726   331.0689 1.2379e-01     5.8238      7.352     10.662    10.3322 0.0000e+00
      7.498      0.015    10.1793     90.785     39.295  27.773640     1.9448      7.726   331.1088 1.2394e-01     5.8038      7.353     10.664    10.3339 0.0000e+00
      7.500      0.015    10.1739     90.798     39.293  27.772620     1.9171      7.725   331.1701 1.2388e-01     5.7002      7.355     10.666    10.3344 0.0000e+00
      7.504      0.015    10.1742     90.806     39.327  27.796742     1.8770      7.725   331.2934 1.2372e-01     5.6984      7.359     10.672    10.3350 0.0000e+00
      7.509      0.016    10.1682     90.791     39.349  27.811602     1.8263      7.725   331.4813 1.2367e-01     5.7470      7.364     10.680    10.3360 0.0000e+00
      7.514      0.016    10.1629     90.770     39.370  27.825429     1.7859      7.725   331.6345 1.2374e-01     5.7421      7.370     10.689    10.3369 0.0000e+00
      7.518      0.015    10.1677     90.747     39.388  27.837075     1.7635      7.725   331.6833 1.2377e-01     5.7416      7.374     10.694    10.3381 0.0000e+00
      7.522      0.014    10.1692     90.730     39.373  27.825553     1.7473      7.725   331.6417 1.2374e-01     5.7747      7.376     10.698    10.3384 0.0000e+00
      7.526      0.013    10.1659     90.724     39.356  27.812963     1.7566      7.726   331.6473 1.2377e-01     5.8693      7.380     10.704    10.3378 0.0000e+00
      7.529      0.013    10.1644     90.715     39.355  27.811706     1.7755      7.726   331.5792 1.2382e-01     5.8948      7.384     10.710    10.3367 0.0000e+00
      7.531      0.013    10.1616     90.687     39.353  27.810354     1.7758      7.726   331.4202 1.2380e-01     5.7754      7.386     10.712    10.3348 0.0000e+00
      7.533      0.013    10.1599     90.673     39.334  27.796619     1.8271      7.725   331.6181 1.2372e-01     5.7582      7.387     10.713    10.3331 0.0000e+00
      7.536      0.012    10.1597     90.699     39.301  27.772496     1.9639      7.724   332.0791 1.2372e-01     5.9262      7.391     10.719    10.3324 0.0000e+00
      7.541      0.011    10.1605     90.723     39.301  27.772392     2.0640      7.724   332.2613 1.2380e-01     6.0983      7.396     10.727    10.3321 0.0000e+00
