Data/DataNotYetUploadedToEDI/Raw_CTD/RawDownloads/060225_fcr20_S7809003.cnv
* Sea-Bird SBE19plus  Data File:
* FileName = C:\R\Reservoirs\Data\DataNotYetUploadedToEDI\Raw_CTD\RawDownloads\060225_fcr50_S7809_0003.hex
* Software version 2.8.0.119
* Temperature SN = 7809
* Conductivity SN = 7809
* System UpLoad Time = Jun 02 2025 17:17:27
* <ApplicationData>
* <Seaterm232>
# nquan = 15
# nvalues = 1715                        
# units = specified
# name 0 = depFM: Depth [fresh water, m]
# name 1 = dz/dtM: Descent Rate [m/s]
# name 2 = sbeox0Mg/L: Oxygen, SBE 43 [mg/l]
# name 3 = sbeox0PS: Oxygen, SBE 43 [% saturation]
# name 4 = specc: Specific Conductance [uS/cm]
# name 5 = c0uS/cm: Conductivity [uS/cm]
# name 6 = flECO-AFL: Fluorescence, WET Labs ECO-AFL/FL [mg/m^3]
# name 7 = ph: pH
# name 8 = orp: Oxidation Reduction Potential [mV]
# name 9 = par/sat/log: PAR/Logarithmic, Satlantic
# name 10 = turbWETntu0: Turbidity, WET Labs ECO [NTU]
# name 11 = prdM: Pressure, Strain Gauge [db]
# name 12 = prdE: Pressure, Strain Gauge [psi]
# name 13 = tv290C: Temperature [ITS-90, deg C]
# name 14 = flag:  0.000e+00
# span 0 =     -0.621,      3.114       
# span 1 =     -0.333,      0.168       
# span 2 =    -0.0351,    12.4664       
# span 3 =     -0.186,    132.069       
# span 4 =      0.917,     45.639       
# span 5 =   0.774431,  35.769526       
# span 6 =    -0.8561,    76.8049       
# span 7 =      9.457,     10.878       
# span 8 =    91.3002,  1240.2295       
# span 9 = 9.9524e+00, 2.1966e+03       
# span 10 =    -0.1406,   237.4609      
# span 11 =     -0.609,      3.054      
# span 12 =     -0.884,      4.429      
# span 13 =    14.1478,    19.6867      
# span 14 = 0.0000e+00, 0.0000e+00      
# interval = seconds: 0.25
# start_time = Jun 02 2025 13:04:20 [Instrument's time stamp, header]
# bad_flag = -9.990e-29
*END*
[from data line 868]
      1.101      0.012    11.1397    116.088     32.186  27.166592    10.8860     10.814   133.5212 8.2062e+01     5.5029      1.080      1.566    17.2041 0.0000e+00
      1.104      0.014    11.1493    116.096     32.171  27.154002    10.8236     10.814   133.4583 8.1809e+01     5.6203      1.083      1.571    17.2019 0.0000e+00
      1.107      0.014    11.1611    116.093     32.143  27.129881    10.7245     10.813   133.4363 8.1571e+01     5.7962      1.086      1.575    17.2004 0.0000e+00
      1.112      0.013    11.1705    116.082     32.142  27.128633    10.6699     10.813   133.5141 8.1312e+01     5.8192      1.090      1.581    17.1998 0.0000e+00
      1.117      0.012    11.1726    116.025     32.155  27.138907    10.6384     10.813   133.7101 8.1009e+01     5.7268      1.095      1.589    17.1991 0.0000e+00
      1.121      0.010    11.1740    115.933     32.142  27.127261    10.6018     10.812   133.8276 8.0711e+01     5.7039      1.100      1.596    17.1989 0.0000e+00
      1.123      0.008    11.1716    115.859     32.128  27.114672    10.5840     10.812   133.7294 8.0544e+01     5.7814      1.102      1.598    17.1987 0.0000e+00
      1.123      0.007    11.1744    115.829     32.127  27.113538    10.5989     10.813   133.7277 8.0496e+01     5.8783      1.101      1.597    17.1976 0.0000e+00
      1.123      0.007    11.1687    115.858     32.128  27.113547    10.6073     10.813   133.8071 8.0482e+01     5.8508      1.101      1.598    17.1959 0.0000e+00
      1.124      0.007    11.1568    115.916     32.130  27.114786    10.5856     10.813   133.8287 8.0466e+01     5.7562      1.102      1.598    17.1940 0.0000e+00
      1.127      0.008    11.1507    115.983     32.147  27.128509    10.5771     10.813   133.9030 8.0332e+01     5.7601      1.104      1.601    17.1935 0.0000e+00
      1.130      0.009    11.1456    116.056     32.177  27.152620    10.5966     10.814   133.9310 8.0129e+01     5.8296      1.107      1.608    17.1932 0.0000e+00
      1.134      0.009    11.1512    116.106     32.178  27.152630    10.6053     10.814   133.9091 7.9995e+01     5.8785      1.113      1.614    17.1917 0.0000e+00
      1.137      0.008    11.1577    116.101     32.151  27.128624    10.5992     10.813   133.8959 7.9899e+01     5.8740      1.116      1.618    17.1902 0.0000e+00
      1.137      0.008    11.1634    116.064     32.136  27.116055    10.5719     10.813   133.8574 7.9824e+01     5.7745      1.115      1.617    17.1896 0.0000e+00
      1.138      0.008    11.1723    116.031     32.151  27.127501    10.5331     10.813   133.7875 7.9800e+01     5.7345      1.116      1.618    17.1887 0.0000e+00
      1.139      0.009    11.1791    116.016     32.166  27.140175    10.5306     10.813   133.8262 7.9697e+01     5.8344      1.117      1.620    17.1866 0.0000e+00
      1.142      0.011    11.1780    116.017     32.171  27.142447    10.5334     10.813   134.0669 7.9401e+01     5.8551      1.119      1.623    17.1855 0.0000e+00
      1.146      0.014    11.1722    116.025     32.188  27.154965    10.5080     10.813   134.2884 7.9038e+01     5.8141      1.124      1.630    17.1847 0.0000e+00
      1.151      0.017    11.1702    116.046     32.201  27.164686    10.4816     10.812   134.2674 7.8746e+01     5.8165      1.130      1.638    17.1833 0.0000e+00
      1.155      0.019    11.1680    116.092     32.165  27.133132    10.4722     10.812   134.1574 7.8482e+01     5.8158      1.133      1.643    17.1823 0.0000e+00
      1.160      0.020    11.1698    116.123     32.116  27.090571    10.4782     10.813   134.1629 7.8203e+01     5.8733      1.137      1.649    17.1807 0.0000e+00
      1.166      0.020    11.1711    116.121     32.121  27.094041    10.4455     10.813   134.2479 7.7890e+01     5.9319      1.143      1.657    17.1778 0.0000e+00
      1.172      0.019    11.1716    116.115     32.144  27.111654    10.3761     10.813   134.3244 7.7617e+01     6.0117      1.150      1.667    17.1752 0.0000e+00
      1.178      0.018    11.1794    116.131     32.148  27.113255    10.3555     10.813   134.3137 7.7512e+01     6.1556      1.157      1.677    17.1739 0.0000e+00
      1.182      0.018    11.1833    116.165     32.150  27.113400    10.3706     10.813   134.2907 7.7503e+01     6.2022      1.160      1.682    17.1729 0.0000e+00
      1.185      0.018    11.1819    116.208     32.152  27.113414    10.3588     10.813   134.3047 7.7507e+01     6.1319      1.162      1.685    17.1709 0.0000e+00
      1.188      0.018    11.1808    116.270     32.155  27.113416    10.3214     10.813   134.3103 7.7402e+01     6.0233      1.164      1.688    17.1683 0.0000e+00
      1.192      0.019    11.1834    116.343     32.158  27.113416    10.2934     10.813   134.3586 7.7075e+01     6.0154      1.168      1.693    17.1658 0.0000e+00
      1.199      0.021    11.1883    116.406     32.160  27.113415    10.3028     10.813   134.3723 7.6673e+01     6.1045      1.175      1.704    17.1630 0.0000e+00
      1.206      0.023    11.1916    116.434     32.161  27.113400    10.2848     10.814   134.3048 7.6363e+01     6.0416      1.185      1.718    17.1597 0.0000e+00
      1.212      0.024    11.1994    116.402     32.161  27.113243    10.2009     10.814   134.3160 7.6133e+01     5.8362      1.189      1.725    17.1560 0.0000e+00
      1.217      0.024    11.2078    116.310     32.160  27.111513    10.1461     10.813   134.4219 7.5915e+01     5.7384      1.193      1.731    17.1524 0.0000e+00
      1.223      0.023    11.2153    116.223     32.139  27.092473    10.1542     10.813   134.4671 7.5630e+01     5.7821      1.199      1.740    17.1500 0.0000e+00
      1.229      0.021    11.2195    116.217     32.119  27.073303    10.1664     10.813   134.4323 7.5273e+01     5.8174      1.205      1.748    17.1482 0.0000e+00
      1.235      0.020    11.2169    116.267     32.117  27.070001    10.1268     10.812   134.5164 7.4945e+01     5.8234      1.211      1.756    17.1474 0.0000e+00
      1.241      0.019    11.2064    116.322     32.097  27.052547    10.0663     10.812   134.7105 7.4736e+01     5.8893      1.217      1.765    17.1470 0.0000e+00
      1.246      0.017    11.1931    116.370     32.097  27.052533    10.0598     10.812   134.8001 7.4634e+01     5.9992      1.223      1.773    17.1448 0.0000e+00
      1.249      0.016    11.1963    116.414     32.118  27.069829    10.0810     10.813   134.7386 7.4603e+01     6.1270      1.225      1.776    17.1417 0.0000e+00
      1.252      0.016    11.2039    116.488     32.121  27.071401    10.0479     10.813   134.6563 7.4612e+01     6.2050      1.227      1.779    17.1391 0.0000e+00
      1.255      0.015    11.2087    116.603     32.123  27.071546     9.9589     10.813   134.7512 7.4553e+01     6.1227      1.230      1.785    17.1377 0.0000e+00
      1.260      0.014    11.2145    116.732     32.127  27.071573     9.8957     10.813   134.9397 7.4444e+01     5.9867      1.235      1.791    17.1375 0.0000e+00
      1.265      0.014    11.2167    116.853     32.132  27.071731     9.8918     10.812   134.9563 7.4360e+01     5.9951      1.241      1.799    17.1373 0.0000e+00
      1.269      0.014    11.2233    116.943     32.138  27.073447     9.8948     10.812   134.8652 7.4306e+01     6.0526      1.244      1.805    17.1362 0.0000e+00
      1.271      0.013    11.2371    116.959     32.163  27.092317     9.8571     10.813   134.8709 7.4302e+01     5.9991      1.247      1.808    17.1335 0.0000e+00
      1.273      0.011    11.2509    116.934     32.186  27.109613     9.8105     10.813   134.9404 7.4238e+01     5.9284      1.248      1.810    17.1286 0.0000e+00
      1.276      0.011    11.2637    116.890     32.168  27.092303     9.7976     10.813   134.9305 7.4093e+01     5.9495      1.251      1.814    17.1226 0.0000e+00
      1.279      0.011    11.2777    116.785     32.147  27.073293     9.8011     10.813   134.8366 7.4001e+01     6.0495      1.255      1.820    17.1169 0.0000e+00
      1.282      0.012    11.2776    116.641     32.144  27.070019     9.7955     10.812   134.8376 7.3967e+01     6.0794      1.257      1.823    17.1126 0.0000e+00
      1.284      0.012    11.2737    116.525     32.124  27.052723     9.7712     10.811   134.9423 7.3900e+01     6.0028      1.259      1.826    17.1096 0.0000e+00
      1.287      0.012    11.2745    116.453     32.126  27.054437     9.7483     10.812   134.9850 7.3745e+01     6.0113      1.263      1.831    17.1062 0.0000e+00
      1.291      0.011    11.2633    116.423     32.171  27.090744     9.7341     10.812   135.0090 7.3572e+01     6.1136      1.267      1.838    17.1034 0.0000e+00
      1.295      0.011    11.2460    116.429     32.196  27.111172     9.7086     10.813   135.0606 7.3447e+01     6.1814      1.270      1.842    17.1030 0.0000e+00
      1.297      0.010    11.2352    116.453     32.198  27.111158     9.6895     10.813   135.0929 7.3326e+01     6.1482      1.272      1.845    17.1032 0.0000e+00
      1.299      0.010    11.2287    116.495     32.175  27.090572     9.6698     10.813   135.1414 7.3230e+01     6.0195      1.274      1.848    17.1020 0.0000e+00
      1.301      0.009    11.2259    116.557     32.131  27.052535     9.6368     10.812   135.2168 7.3225e+01     5.9225      1.276      1.850    17.1002 0.0000e+00
      1.303      0.009    11.2283    116.617     32.109  27.031794     9.6149     10.812   135.3168 7.3233e+01     5.9665      1.278      1.854    17.0986 0.0000e+00
      1.306      0.009    11.2306    116.646     32.109  27.030064     9.5801     10.813   135.4032 7.3178e+01     6.0393      1.281      1.857    17.0963 0.0000e+00
      1.309      0.009    11.2350    116.661     32.114  27.031608     9.5321     10.812   135.4011 7.3138e+01     6.0173      1.284      1.862    17.0945 0.0000e+00
      1.311      0.010    11.2418    116.655     32.139  27.050464     9.5093     10.812   135.3773 7.3104e+01     6.0082      1.286      1.865    17.0923 0.0000e+00
      1.313      0.010    11.2509    116.590     32.161  27.067775     9.4792     10.812   135.4597 7.3026e+01     6.1338      1.288      1.867    17.0896 0.0000e+00
      1.315      0.010    11.2520    116.476     32.142  27.050650     9.4262     10.812   135.5372 7.2916e+01     6.3403      1.289      1.870    17.0866 0.0000e+00
      1.318      0.010    11.2546    116.344     32.124  27.033666     9.3841     10.812   135.4546 7.2778e+01     6.3866      1.293      1.875    17.0823 0.0000e+00
      1.322      0.010    11.2576    116.221     32.149  27.052692     9.3533     10.811   135.4074 7.2608e+01     6.2837      1.296      1.880    17.0794 0.0000e+00
      1.325      0.011    11.2503    116.122     32.194  27.090420     9.3368     10.811   135.5680 7.2442e+01     6.2229      1.299      1.884    17.0780 0.0000e+00
      1.327      0.011    11.2390    116.067     32.217  27.109292     9.3342     10.811   135.7622 7.2348e+01     6.1987      1.301      1.887    17.0762 0.0000e+00
      1.329      0.012    11.2256    116.067     32.195  27.090601     9.3301     10.812   135.8622 7.2258e+01     6.1960      1.302      1.889    17.0732 0.0000e+00
      1.332      0.012    11.2145    116.132     32.153  27.054694     9.3202     10.812   135.8308 7.2129e+01     6.1562      1.306      1.894    17.0696 0.0000e+00
      1.336      0.012    11.2042    116.222     32.157  27.055683     9.2893     10.811   135.7270 7.2074e+01     6.1615      1.310      1.900    17.0684 0.0000e+00
      1.340      0.011    11.1990    116.277     32.216  27.102560     9.2645     10.810   135.8113 7.2064e+01     6.3286      1.313      1.904    17.0689 0.0000e+00
      1.343      0.009    11.1975    116.287     32.233  27.114090     9.2783     10.809   135.9895 7.2030e+01     6.4005      1.318      1.910    17.0692 0.0000e+00
      1.345      0.009    11.2058    116.266     32.182  27.068249     9.2656     10.809   135.9893 7.2027e+01     6.2791      1.320      1.914    17.0682 0.0000e+00
      1.346      0.010    11.2186    116.220     32.171  27.055684     9.1772     10.809   135.9808 7.2029e+01     6.1929      1.320      1.915    17.0640 0.0000e+00
      1.346      0.012    11.2246    116.151     32.214  27.089008     9.0837     10.809   136.0587 7.2017e+01     6.2457      1.320      1.914    17.0593 0.0000e+00
      1.347      0.014    11.2258    116.065     32.221  27.090621     9.0669     10.809   136.0709 7.1986e+01     6.3712      1.320      1.915    17.0553 0.0000e+00
      1.352      0.015    11.2248    115.961     32.209  27.075172     9.0990     10.810   136.1281 7.1826e+01     6.4122      1.325      1.922    17.0503 0.0000e+00
      1.360      0.015    11.2218    115.875     32.236  27.092483     9.1058     10.808   136.2341 7.1604e+01     6.3323      1.334      1.935    17.0454 0.0000e+00
      1.367      0.015    11.2148    115.818     32.262  27.109654     9.0818     10.806   136.3209 7.1469e+01     6.2590      1.343      1.947    17.0418 0.0000e+00
      1.370      0.014    11.2094    115.747     32.246  27.092512     9.0592     10.806   136.4024 7.1419e+01     6.2426      1.345      1.951    17.0363 0.0000e+00
      1.370      0.012    11.1994    115.652     32.228  27.075476     9.0407     10.805   136.3591 7.1459e+01     6.2366      1.343      1.948    17.0262 0.0000e+00
      1.370      0.010    11.1918    115.538     32.250  27.093941     9.0323     10.804   136.3137 7.1399e+01     6.1530      1.342      1.947    17.0169 0.0000e+00
      1.374      0.009    11.1918    115.414     32.288  27.125496     9.0240     10.803   136.3692 7.1108e+01     6.0173      1.346      1.953    17.0096 0.0000e+00
      1.379      0.009    11.1853    115.321     32.305  27.139897     9.0072     10.803   136.4284 7.0820e+01     6.0298      1.352      1.962    17.0036 0.0000e+00
      1.383      0.009    11.1765    115.283     32.308  27.141216     9.0120     10.803   136.4278 7.0617e+01     6.1678      1.356      1.967    17.0014 0.0000e+00
      1.385      0.009    11.1661    115.310     32.310  27.141439     9.0075     10.803   136.4477 7.0467e+01     6.1838      1.358      1.970    17.0020 0.0000e+00
      1.385      0.009    11.1515    115.375     32.313  27.142593     8.9524     10.802   136.4965 7.0394e+01     6.0519      1.359      1.971    17.0020 0.0000e+00
      1.385      0.010    11.1425    115.417     32.329  27.155174     8.8871     10.801   136.5012 7.0360e+01     5.9392      1.357      1.969    17.0009 0.0000e+00
      1.386      0.011    11.1386    115.415     32.344  27.166706     8.8756     10.800   136.5911 7.0297e+01     5.9821      1.359      1.970    16.9997 0.0000e+00
      1.390      0.013    11.1417    115.399     32.332  27.155175     8.9048     10.798   136.7233 7.0156e+01     6.1271      1.362      1.976    16.9978 0.0000e+00
      1.396      0.013    11.1522    115.396     32.318  27.142595     8.8912     10.797   136.8090 6.9999e+01     6.1207      1.368      1.985    16.9955 0.0000e+00
      1.401      0.013    11.1573    115.400     32.318  27.141453     8.8362     10.796   136.8522 6.9893e+01     6.0073      1.374      1.994    16.9940 0.0000e+00
      1.405      0.012    11.1559    115.394     32.318  27.141358     8.8217     10.794   136.8152 6.9798e+01     6.0535      1.378      1.999    16.9922 0.0000e+00
      1.407      0.009    11.1536    115.382     32.319  27.141453     8.8490     10.794   136.7925 6.9680e+01     6.1670      1.381      2.002    16.9895 0.0000e+00
      1.409      0.005    11.1543    115.385     32.321  27.142595     8.8501     10.792   136.8358 6.9564e+01     6.1501      1.382      2.004    16.9878 0.0000e+00
      1.409      0.003    11.1559    115.409     32.336  27.155165     8.8100     10.790   136.9085 6.9431e+01     6.0551      1.382      2.004    16.9866 0.0000e+00
