Data/DataNotYetUploadedToEDI/Raw_CTD/RawDownloads/060225_fcr40_S7809005.cnv
* Sea-Bird SBE19plus  Data File:
* FileName = C:\R\Reservoirs\Data\DataNotYetUploadedToEDI\Raw_CTD\RawDownloads\060225_fcr50_S7809_0005.hex
* Software version 2.8.0.119
* Temperature SN = 7809
* Conductivity SN = 7809
* System UpLoad Time = Jun 02 2025 17:20:17
* <ApplicationData>
* <Seaterm232>
# nquan = 15
# nvalues = 4022                        
# units = specified
# name 0 = depFM: Depth [fresh water, m]
# name 1 = dz/dtM: Descent Rate [m/s]
# name 2 = sbeox0Mg/L: Oxygen, SBE 43 [mg/l]
# name 3 = sbeox0PS: Oxygen, SBE 43 [% saturation]
# name 4 = specc: Specific Conductance [uS/cm]
# name 5 = c0uS/cm: Conductivity [uS/cm]
# name 6 = flECO-AFL: Fluorescence, WET Labs ECO-AFL/FL [mg/m^3]
# name 7 = ph: pH
# name 8 = orp: Oxidation Reduction Potential [mV]
# name 9 = par/sat/log: PAR/Logarithmic, Satlantic
# name 10 = turbWETntu0: Turbidity, WET Labs ECO [NTU]
# name 11 = prdM: Pressure, Strain Gauge [db]
# name 12 = prdE: Pressure, Strain Gauge [psi]
# name 13 = tv290C: Temperature [ITS-90, deg C]
# name 14 = flag:  0.000e+00
# span 0 =     -0.619,      6.323       
# span 1 =     -0.472,      0.179       
# span 2 =     0.6685,    12.1679       
# span 3 =      6.419,    132.458       
# span 4 =      1.712,     41.553       
# span 5 =   1.365469,  29.328330       
# span 6 =    -0.9549,    24.1975       
# span 7 =      7.761,     11.017       
# span 8 =     4.6732,   319.6093       
# span 9 = 1.2362e-01, 2.1626e+03       
# span 10 =    -0.7781,   136.0501      
# span 11 =     -0.608,      6.201      
# span 12 =     -0.882,      8.994      
# span 13 =    10.2782,    19.8765      
# span 14 = 0.0000e+00, 0.0000e+00      
# interval = seconds: 0.25
# start_time = Jun 02 2025 13:35:37 [Instrument's time stamp, header]
# bad_flag = -9.990e-29
*END*
[from data line 2121]
      2.821      0.017     2.4181     23.522     36.007  28.974704     9.9958      8.771   242.7209 1.5887e+01     8.6374      2.766      4.012    15.2518 0.0000e+00
      2.824      0.019     2.4072     23.428     35.957  28.925707     9.8785      8.766   242.7866 1.5808e+01     8.5442      2.769      4.016    15.2434 0.0000e+00
      2.828      0.020     2.3910     23.346     35.973  28.923048     9.6808      8.761   242.7760 1.5630e+01     8.5825      2.772      4.021    15.2376 0.0000e+00
      2.836      0.019     2.3708     23.285     36.015  28.942541     9.5699      8.755   242.8509 1.5380e+01     8.6230      2.780      4.032    15.2344 0.0000e+00
      2.845      0.016     2.3579     23.200     36.060  28.971088     9.5452      8.749   243.0029 1.5229e+01     8.5552      2.791      4.049    15.2323 0.0000e+00
      2.850      0.014     2.3518     23.011     36.118  29.014475     9.4401      8.744   243.1520 1.5223e+01     8.3767      2.797      4.058    15.2244 0.0000e+00
      2.850      0.012     2.3423     22.726     36.130  29.023121     9.2731      8.738   243.2771 1.5256e+01     8.2758      2.795      4.054    15.1957 0.0000e+00
      2.849      0.011     2.3391     22.378     36.118  29.012206     9.1990      8.732   243.3972 1.5247e+01     8.3253      2.792      4.050    15.1717 0.0000e+00
      2.849      0.011     2.3364     21.997     36.115  29.009356     9.1843      8.727   243.4857 1.5191e+01     8.3606      2.793      4.051    15.1652 0.0000e+00
      2.853      0.012     2.3148     21.640     36.093  28.988665     8.9867      8.722   243.4866 1.5095e+01     8.2241      2.797      4.057    15.1621 0.0000e+00
      2.858      0.014     2.2859     21.363     36.055  28.952315     8.6246      8.716   243.5797 1.4974e+01     7.9734      2.803      4.066    15.1601 0.0000e+00
      2.864      0.014     2.2503     21.182     36.063  28.950430     8.4439      8.710   243.7513 1.4867e+01     7.8911      2.808      4.074    15.1594 0.0000e+00
      2.869      0.013     2.2094     21.067     36.092  28.965854     8.4497      8.704   243.8405 1.4799e+01     8.0149      2.814      4.082    15.1602 0.0000e+00
      2.872      0.012     2.1716     20.967     36.078  28.948499     8.3865      8.698   243.8841 1.4765e+01     8.0355      2.817      4.086    15.1566 0.0000e+00
      2.872      0.012     2.1434     20.848     36.060  28.930879     8.2463      8.694   244.0207 1.4741e+01     7.9019      2.817      4.085    15.1476 0.0000e+00
      2.873      0.014     2.1272     20.718     36.000  28.879665     8.1683      8.689   244.2015 1.4718e+01     7.8338      2.818      4.087    15.1358 0.0000e+00
      2.875      0.019     2.1180     20.588     35.879  28.773285     8.1767      8.684   244.2635 1.4649e+01     7.8953      2.820      4.090    15.1223 0.0000e+00
      2.879      0.025     2.1103     20.438     35.846  28.722930     8.1815      8.678   244.3394 1.4452e+01     7.9278      2.822      4.094    15.1149 0.0000e+00
      2.888      0.030     2.0974     20.258     35.870  28.714798     8.0263      8.673   244.4313 1.4160e+01     7.8169      2.831      4.107    15.1098 0.0000e+00
      2.901      0.033     2.0834     20.039     35.841  28.674922     7.7565      8.668   244.4279 1.3871e+01     7.7501      2.845      4.126    15.1087 0.0000e+00
      2.912      0.033     2.0722     19.756     35.788  28.621352     7.6325      8.663   244.3842 1.3650e+01     7.8041      2.857      4.143    15.1057 0.0000e+00
      2.920      0.030     2.0590     19.402     35.746  28.574493     7.6344      8.657   244.3342 1.3472e+01     7.8202      2.865      4.155    15.0622 0.0000e+00
      2.927      0.025     2.0429     18.992     35.736  28.552348     7.4716      8.652   244.3391 1.3277e+01     7.7737      2.871      4.163    15.0136 0.0000e+00
      2.933      0.020     2.0232     18.567     35.743  28.543867     7.1216      8.647   244.4425 1.3136e+01     7.7195      2.878      4.173    14.9987 0.0000e+00
      2.937      0.015     1.9951     18.151     35.748  28.535357     6.9056      8.642   244.5522 1.3083e+01     7.7455      2.881      4.179    14.9853 0.0000e+00
      2.938      0.012     1.9601     17.729     35.733  28.512863     6.8910      8.637   244.6335 1.3036e+01     7.8158      2.881      4.178    14.9673 0.0000e+00
      2.939      0.012     1.9173     17.303     35.681  28.462173     6.9368      8.632   244.8230 1.2965e+01     7.7835      2.883      4.181    14.9461 0.0000e+00
      2.942      0.012     1.8744     16.920     35.651  28.429878     7.0014      8.627   245.0369 1.2895e+01     7.6960      2.885      4.184    14.9240 0.0000e+00
      2.945      0.014     1.8340     16.612     35.673  28.439515     7.0396      8.621   245.1548 1.2812e+01     7.6469      2.887      4.188    14.9070 0.0000e+00
      2.950      0.016     1.7928     16.359     35.698  28.451822     7.0488      8.614   245.3017 1.2689e+01     7.6671      2.893      4.195    14.8931 0.0000e+00
      2.954      0.016     1.7473     16.145     35.705  28.451823     7.1038      8.609   245.4365 1.2558e+01     7.7353      2.897      4.202    14.8803 0.0000e+00
      2.959      0.015     1.7072     15.962     35.694  28.439522     7.1812      8.604   245.4936 1.2468e+01     7.6860      2.902      4.209    14.8690 0.0000e+00
      2.964      0.014     1.6789     15.828     35.685  28.429939     7.2026      8.599   245.5626 1.2424e+01     7.5148      2.907      4.218    14.8575 0.0000e+00
      2.967      0.012     1.6533     15.754     35.725  28.462812     7.2209      8.594   245.7540 1.2405e+01     7.4766      2.909      4.220    14.8457 0.0000e+00
      2.968      0.010     1.6330     15.706     35.792  28.519845     7.3104      8.589   246.0018 1.2387e+01     7.5999      2.910      4.221    14.8384 0.0000e+00
      2.970      0.008     1.6137     15.670     35.820  28.548665     7.4279      8.585   246.0638 1.2340e+01     7.6384      2.912      4.224    14.8338 0.0000e+00
      2.973      0.008     1.5988     15.659     35.819  28.557572     7.4670      8.580   246.0733 1.2299e+01     7.5334      2.916      4.229    14.8309 0.0000e+00
      2.975      0.008     1.5939     15.694     35.814  28.564132     7.4424      8.575   246.2018 1.2300e+01     7.4229      2.918      4.232    14.8311 0.0000e+00
      2.975      0.009     1.5892     15.795     35.806  28.564555     7.4300      8.570   246.3270 1.2307e+01     7.3958      2.918      4.232    14.8360 0.0000e+00
      2.976      0.011     1.5842     15.942     35.800  28.562702     7.4340      8.565   246.4688 1.2282e+01     7.4783      2.918      4.232    14.8445 0.0000e+00
      2.979      0.012     1.5825     16.121     35.775  28.541729     7.4402      8.560   246.6253 1.2234e+01     7.6689      2.922      4.238    14.8603 0.0000e+00
      2.983      0.013     1.5833     16.342     35.730  28.501250     7.4301      8.556   246.6712 1.2166e+01     7.7870      2.926      4.243    14.8763 0.0000e+00
      2.988      0.015     1.5951     16.585     35.679  28.453844     7.3952      8.552   246.6795 1.2074e+01     7.7110      2.930      4.250    14.8856 0.0000e+00
      2.993      0.017     1.6106     16.804     35.637  28.412537     7.3019      8.548   246.7259 1.2023e+01     7.6379      2.936      4.259    14.8923 0.0000e+00
      2.996      0.017     1.6272     16.946     35.610  28.382370     7.1674      8.544   246.8018 1.2006e+01     7.5869      2.938      4.262    14.8887 0.0000e+00
      2.999      0.017     1.6512     16.990     35.574  28.342794     7.0829      8.539   246.9083 1.1956e+01     7.4700      2.941      4.265    14.8802 0.0000e+00
      3.004      0.017     1.6773     16.943     35.558  28.314576     7.0294      8.534   246.9812 1.1876e+01     7.4546      2.946      4.273    14.8726 0.0000e+00
      3.009      0.016     1.7026     16.808     35.558  28.294886     6.8041      8.530   247.0812 1.1781e+01     7.5707      2.952      4.282    14.8602 0.0000e+00
      3.014      0.015     1.7181     16.599     35.505  28.231554     6.4307      8.525   247.2562 1.1703e+01     7.6441      2.958      4.289    14.8486 0.0000e+00
      3.018      0.011     1.7219     16.329     35.468  28.183082     6.2439      8.521   247.3772 1.1644e+01     7.5908      2.960      4.293    14.8360 0.0000e+00
      3.022      0.006     1.7189     16.011     35.528  28.216211     6.2267      8.517   247.4257 1.1597e+01     7.4735      2.964      4.299    14.8135 0.0000e+00
      3.024      0.002     1.7052     15.677     35.579  28.251532     6.2397      8.512   247.4986 1.1598e+01     7.4552      2.967      4.303    14.7829 0.0000e+00
      3.023      0.000     1.6846     15.344     35.547  28.229572     6.3014      8.508   247.5696 1.1663e+01     7.5745      2.966      4.301    14.7538 0.0000e+00
      3.019      0.000     1.6584     14.997     35.512  28.204408     6.3401      8.503   247.5965 1.1754e+01     7.6865      2.961      4.295    14.7258 0.0000e+00
      3.015      0.001     1.6252     14.681     35.511  28.200987     6.3323      8.499   247.6520 1.1785e+01     7.6810      2.956      4.287    14.7005 0.0000e+00
      3.014      0.004     1.5904     14.467     35.503  28.188210     6.2330      8.496   247.8099 1.1710e+01     7.5768      2.954      4.284    14.6946 0.0000e+00
      3.019      0.006     1.5582     14.338     35.498  28.176766     6.0629      8.492   247.9576 1.1580e+01     7.5193      2.959      4.292    14.7041 0.0000e+00
      3.025      0.008     1.5217     14.264     35.520  28.189470     5.9906      8.487   247.9742 1.1488e+01     7.5665      2.968      4.304    14.7106 0.0000e+00
      3.030      0.008     1.4840     14.244     35.553  28.214955     5.9914      8.483   248.0110 1.1470e+01     7.5670      2.973      4.310    14.7069 0.0000e+00
      3.030      0.007     1.4657     14.246     35.568  28.231184     5.9815      8.480   248.1443 1.1490e+01     7.4925      2.973      4.311    14.6956 0.0000e+00
      3.029      0.005     1.4543     14.253     35.594  28.258849     6.0534      8.475   248.2947 1.1529e+01     7.4500      2.971      4.308    14.6833 0.0000e+00
      3.028      0.004     1.4455     14.262     35.633  28.295753     6.2194      8.470   248.4536 1.1544e+01     7.4971      2.969      4.305    14.6748 0.0000e+00
      3.029      0.004     1.4461     14.250     35.628  28.296821     6.3333      8.465   248.6029 1.1501e+01     7.6185      2.969      4.307    14.6737 0.0000e+00
      3.030      0.005     1.4468     14.250     35.593  28.271775     6.3403      8.460   248.6374 1.1451e+01     7.6205      2.971      4.310    14.6810 0.0000e+00
      3.033      0.007     1.4456     14.310     35.563  28.246632     6.3208      8.456   248.6122 1.1397e+01     7.4861      2.974      4.313    14.6919 0.0000e+00
      3.035      0.008     1.4491     14.398     35.568  28.246529     6.3463      8.452   248.7277 1.1346e+01     7.4630      2.976      4.318    14.7023 0.0000e+00
      3.037      0.008     1.4458     14.502     35.603  28.270519     6.3904      8.449   248.9165 1.1332e+01     7.5451      2.978      4.320    14.7100 0.0000e+00
      3.038      0.009     1.4418     14.616     35.620  28.282984     6.4045      8.445   249.0018 1.1306e+01     7.5908      2.979      4.320    14.7123 0.0000e+00
      3.040      0.009     1.4519     14.693     35.600  28.270394     6.3350      8.441   248.9850 1.1256e+01     7.5379      2.981      4.323    14.7107 0.0000e+00
      3.043      0.009     1.4608     14.743     35.565  28.245145     6.1982      8.437   249.0575 1.1194e+01     7.4528      2.984      4.328    14.7045 0.0000e+00
      3.046      0.009     1.4701     14.778     35.546  28.231420     6.1407      8.433   249.2750 1.1131e+01     7.5179      2.989      4.334    14.6970 0.0000e+00
      3.049      0.009     1.4860     14.747     35.545  28.231295     6.1645      8.430   249.4644 1.1095e+01     7.6756      2.991      4.337    14.6957 0.0000e+00
      3.051      0.008     1.4925     14.701     35.557  28.243636     6.1280      8.426   249.5409 1.1058e+01     7.6856      2.992      4.339    14.7016 0.0000e+00
      3.053      0.008     1.4942     14.686     35.567  28.253785     6.0230      8.421   249.5976 1.1026e+01     7.5365      2.994      4.343    14.7077 0.0000e+00
      3.054      0.008     1.5045     14.664     35.534  28.227145     5.9603      8.417   249.7193 1.1010e+01     7.4437      2.995      4.344    14.7065 0.0000e+00
      3.055      0.008     1.4967     14.656     35.478  28.175242     5.9446      8.414   249.8085 1.0970e+01     7.5205      2.996      4.345    14.7064 0.0000e+00
      3.058      0.009     1.4883     14.675     35.442  28.133643     5.7335      8.411   249.8155 1.0906e+01     7.5774      2.999      4.350    14.7121 0.0000e+00
      3.061      0.009     1.4924     14.695     35.423  28.104724     5.3139      8.406   249.8038 1.0850e+01     7.4820      3.002      4.353    14.7185 0.0000e+00
      3.064      0.009     1.4862     14.686     35.408  28.079284     5.0825      8.402   249.8390 1.0810e+01     7.4607      3.005      4.358    14.7187 0.0000e+00
      3.066      0.009     1.4857     14.610     35.427  28.079731     5.0830      8.400   249.8980 1.0772e+01     7.5592      3.007      4.361    14.7067 0.0000e+00
      3.068      0.008     1.4902     14.485     35.481  28.110114     5.0872      8.397   250.0010 1.0739e+01     7.5449      3.009      4.364    14.6875 0.0000e+00
      3.070      0.006     1.4925     14.340     35.515  28.129491     5.0417      8.393   250.2235 1.0721e+01     7.4252      3.011      4.367    14.6675 0.0000e+00
      3.072      0.005     1.4958     14.162     35.512  28.123726     4.9902      8.390   250.3508 1.0710e+01     7.3750      3.012      4.369    14.6482 0.0000e+00
      3.073      0.004     1.4868     13.963     35.491  28.103840     4.9897      8.385   250.3361 1.0711e+01     7.4509      3.014      4.371    14.6257 0.0000e+00
      3.073      0.004     1.4729     13.778     35.463  28.079322     5.0268      8.381   250.3896 1.0723e+01     7.5569      3.014      4.371    14.6053 0.0000e+00
      3.074      0.003     1.4605     13.616     35.466  28.080986     5.0469      8.377   250.4823 1.0723e+01     7.5294      3.014      4.371    14.5965 0.0000e+00
      3.075      0.002     1.4413     13.478     35.519  28.123965     5.0419      8.373   250.5959 1.0703e+01     7.4257      3.015      4.373    14.5943 0.0000e+00
      3.076      0.002     1.4195     13.377     35.556  28.154988     5.0418      8.370   250.7304 1.0684e+01     7.3964      3.017      4.375    14.5899 0.0000e+00
      3.076      0.003     1.4010     13.308     35.534  28.138938     5.0700      8.367   250.8184 1.0697e+01     7.4484      3.017      4.376    14.5844 0.0000e+00
      3.076      0.004     1.3849     13.270     35.510  28.120190     5.2089      8.364   250.8844 1.0717e+01     7.5421      3.016      4.375    14.5833 0.0000e+00
      3.076      0.005     1.3693     13.273     35.510  28.118593     5.4144      8.361   250.9266 1.0702e+01     7.5387      3.016      4.374    14.5858 0.0000e+00
      3.077      0.006     1.3599     13.299     35.514  28.119634     5.4992      8.359   250.9842 1.0647e+01     7.4409      3.017      4.376    14.5885 0.0000e+00
      3.081      0.007     1.3528     13.326     35.530  28.132772     5.5172      8.356   251.0647 1.0586e+01     7.4534      3.022      4.383    14.5935 0.0000e+00
      3.084      0.008     1.3477     13.355     35.548  28.150583     5.6744      8.352   251.1258 1.0544e+01     7.5536      3.025      4.388    14.5943 0.0000e+00
      3.086      0.008     1.3496     13.396     35.532  28.144711     5.9266      8.347   251.2064 1.0510e+01     7.5931      3.026      4.389    14.5879 0.0000e+00
