Data/DataNotYetUploadedToEDI/Raw_CTD/RawDownloads/060324_fcr10_S7809007.cnv
* Sea-Bird SBE19plus  Data File:
* FileName = C:\R\Reservoirs\Data\DataNotYetUploadedToEDI\Raw_CTD\RawDownloads\052724_bvr50_S7809_0007.hex
* Software version 2.8.0.119
* Temperature SN = 7809
* Conductivity SN = 7809
* System UpLoad Time = Jun 04 2024 12:23:30
* <ApplicationData>
* <Seaterm232>
# nquan = 15
# nvalues = 925                         
# units = specified
# name 0 = depFM: Depth [fresh water, m]
# name 1 = dz/dtM: Descent Rate [m/s]
# name 2 = sbeox0Mg/L: Oxygen, SBE 43 [mg/l]
# name 3 = sbeox0PS: Oxygen, SBE 43 [% saturation]
# name 4 = specc: Specific Conductance [uS/cm]
# name 5 = c0uS/cm: Conductivity [uS/cm]
# name 6 = flECO-AFL: Fluorescence, WET Labs ECO-AFL/FL [mg/m^3]
# name 7 = ph: pH
# name 8 = orp: Oxidation Reduction Potential [mV]
# name 9 = par/sat/log: PAR/Logarithmic, Satlantic
# name 10 = turbWETntu0: Turbidity, WET Labs ECO [NTU]
# name 11 = prdM: Pressure, Strain Gauge [db]
# name 12 = prdE: Pressure, Strain Gauge [psi]
# name 13 = tv290C: Temperature [ITS-90, deg C]
# name 14 = flag:  0.000e+00
# span 0 =     -0.668,      2.006       
# span 1 =     -0.424,      0.175       
# span 2 =     3.9636,     9.4444       
# span 3 =     44.974,    109.835       
# span 4 =      0.479,     42.128       
# span 5 =   0.511136,  40.001346       
# span 6 =    -2.0366,   227.5545       
# span 7 =      1.231,     11.916       
# span 8 = -1235.1903,   552.1717       
# span 9 = 1.8028e+02, 2.5448e+03       
# span 10 =    -7.4224,   132.8277      
# span 11 =     -0.655,      1.968      
# span 12 =     -0.950,      2.854      
# span 13 =    20.6539,    28.3512      
# span 14 = 0.0000e+00, 0.0000e+00      
# interval = seconds: 0.25
# start_time = Jun 03 2024 12:08:29 [Instrument's time stamp, header]
# bad_flag = -9.990e-29
*END*
     -0.666     -0.001     7.2182     92.841      0.516   0.550301    -0.0549      3.257 -1223.8583 2.5448e+03    -0.2703     -0.653     -0.947    28.3417 0.0000e+00
     -0.667     -0.001     7.2193     92.864      0.527   0.561702    -0.0518      4.299 -1235.1903 1.9756e+03    -0.3136     -0.654     -0.948    28.3422 0.0000e+00
     -0.667     -0.001     7.2219     92.867      0.516   0.550177    -0.0495      4.573 -1196.0206 1.4887e+03    -0.2716     -0.655     -0.950    28.3426 0.0000e+00
     -0.667     -0.000     7.2218     92.848      0.504   0.537624    -0.0600      2.532 -1155.3336 1.4637e+03    -0.2741     -0.654     -0.949    28.3428 0.0000e+00
     -0.667 -1.863e-08     7.2217     92.834      0.503   0.536596    -0.0621      1.231 -1148.3200 9.4076e+02    -0.2756     -0.654     -0.948    28.3434 0.0000e+00
     -0.667 -2.049e-07     7.2258     92.836      0.504   0.537747    -0.0584      3.027  -706.1471 3.8971e+02    -0.2563     -0.655     -0.949    28.3442 0.0000e+00
     -0.667 -2.049e-07     7.2255     92.847      0.517   0.551546    -0.0482      5.955   133.5880 3.3190e+02    -0.2458     -0.654     -0.948    28.3447 0.0000e+00
     -0.667 -1.863e-08     7.2228     92.850      0.541   0.576766     0.0693      7.416   425.6990 3.3258e+02     0.0912     -0.654     -0.948    28.3448 0.0000e+00
     -0.668 -1.693e-09     7.2218     92.842      0.552   0.589329     0.2892      7.656   316.4072 3.3643e+02     0.7773     -0.655     -0.950    28.3444 0.0000e+00
     -0.668 -1.539e-10     7.2220     92.826      0.541   0.576767     0.4128      7.829   354.0595 3.4844e+02     1.1504     -0.655     -0.949    28.3434 0.0000e+00
     -0.667 -1.400e-11     7.2239     92.808      0.517   0.551547     0.3982      8.104   426.2316 3.5520e+02     1.1860     -0.654     -0.949    28.3432 0.0000e+00
     -0.667 -1.272e-12     7.2239     92.808      0.504   0.537747     0.2045      8.349   552.1717 3.3248e+02     1.6516     -0.654     -0.949    28.3432 0.0000e+00
     -0.667 -1.157e-13     7.2231     92.821      0.503   0.536596    -0.1148      6.927   506.1001 3.1207e+02     2.5785     -0.654     -0.949    28.3428 0.0000e+00
     -0.668 -1.052e-14     7.2221     92.827      0.504   0.537624    -0.2745      4.102    77.5703 3.1059e+02     3.1025     -0.655     -0.950    28.3429 0.0000e+00
     -0.668 -9.559e-16     7.2197     92.830      0.516   0.550177    -0.2867      2.375  -101.1580 3.1788e+02     3.0670     -0.655     -0.950    28.3428 0.0000e+00
     -0.668 -8.604e-17     7.2198     92.837      0.527   0.561701    -0.2459      1.626  -107.8162 3.4109e+02     2.9009     -0.654     -0.949    28.3422 0.0000e+00
     -0.668 1.5744e-18     7.2222     92.840      0.516   0.550289    -0.1393      2.210  -633.4290 4.1114e+02     2.7674     -0.655     -0.950    28.3419 0.0000e+00
     -0.668 1.0350e-16     7.2219     92.843      0.505   0.538868    -0.0632      4.030 -1051.8279 9.6863e+02     2.6838     -0.655     -0.950    28.3422 0.0000e+00
     -0.668 1.1463e-15     7.2217     92.851      0.516   0.550279    -0.0495      4.441  -629.2757 1.9454e+03     2.5732     -0.654     -0.949    28.3422 0.0000e+00
     -0.668 1.2610e-14     7.2231     92.853      0.527   0.561587    -0.0482      3.550   245.6661 1.9785e+03     2.1472     -0.655     -0.950    28.3426 0.0000e+00
     -0.668 1.3871e-13     7.2228     92.850      0.515   0.548920    -0.0480      4.548   428.3670 1.0432e+03     1.4279     -0.655     -0.950    28.3434 0.0000e+00
     -0.668 1.5258e-12     7.2226     92.842      0.491   0.523794    -0.0640      7.143   125.2515 5.2695e+02     0.9805     -0.654     -0.949    28.3439 0.0000e+00
     -0.668 1.6784e-11     7.2241     92.833      0.479   0.511136    -0.0832      8.603    46.1258 5.5400e+02     0.8713     -0.655     -0.950    28.3440 0.0000e+00
     -0.668 1.8462e-10     7.2237     92.835      0.490   0.522547    -0.0799      9.349  -297.1477 6.0805e+02     0.8929     -0.655     -0.950    28.3442 0.0000e+00
     -0.668 2.0309e-09     7.2236     92.845      0.502   0.535101    -0.0829     10.249  -417.5263 6.1878e+02     1.1056     -0.655     -0.950    28.3449 0.0000e+00
     -0.668 2.2340e-08     7.2228     92.857      0.503   0.536244    -0.1114     10.737  -111.8899 8.3475e+02     1.4275     -0.655     -0.950    28.3453 0.0000e+00
     -0.668 2.4574e-07     7.2214     92.866      0.503   0.536366    -0.1324     11.069  -268.9749 1.0843e+03     1.6420     -0.655     -0.950    28.3454 0.0000e+00
     -0.668      0.000     7.2222     92.866      0.503   0.536582    -0.1452     11.500  -724.0694 1.3466e+03     1.7518     -0.654     -0.949    28.3461 0.0000e+00
     -0.668      0.000     7.2225     92.854      0.505   0.538852    -0.2666     11.765  -915.1923 1.9855e+03     1.8674     -0.655     -0.949    28.3463 0.0000e+00
     -0.668      0.000     7.2239     92.849      0.529   0.563814    -0.4934     11.916  -983.2806 2.4125e+03     1.9468     -0.655     -0.950    28.3468 0.0000e+00
     -0.668      0.004     7.2248     92.867      0.790   0.838393    -0.6230     11.494 -1074.0176 2.3684e+03     1.9941     -0.654     -0.949    28.3458 0.0000e+00
     -0.668      0.015     7.2243     92.877      3.783   3.985435    -0.6530     10.403  -573.0215 2.2575e+03     2.3719     -0.655     -0.949    28.3472 0.0000e+00
     -0.667      0.035     7.2246     92.901     11.524  12.004969    -0.8638      9.580   276.8439 2.2071e+03     6.4117     -0.653     -0.948    28.3449 0.0000e+00
     -0.665      0.064     7.2200     92.983     22.644  23.221013    -1.2731      9.305   401.8810 2.2422e+03    13.8100     -0.655     -0.950    28.3487 0.0000e+00
     -0.654      0.096     7.2277     93.077     33.019  33.410739    -1.5071      9.237   196.5311 2.3010e+03    17.8686     -0.651     -0.945    28.3434 0.0000e+00
     -0.621      0.127     7.2223     93.228     37.996  38.045949    -1.4791      9.227   181.3924 2.3500e+03    17.9433     -0.616     -0.893    28.3512 0.0000e+00
     -0.572      0.153     7.2971     94.199     38.973  38.667896    -0.8524      9.233   180.4666 2.3076e+03    14.2346     -0.562     -0.813    27.8050 0.0000e+00
     -0.520      0.171     7.4604     95.986     39.363  38.772570     0.3030      9.238   181.0364 2.0378e+03     7.3571     -0.510     -0.739    26.5714 0.0000e+00
     -0.470      0.175     7.6136     97.127     39.538  38.740015     0.9207      9.233   182.2584 1.6408e+03     3.5520     -0.460     -0.666    25.6224 0.0000e+00
     -0.423      0.165     7.6706     97.292     39.525  38.591258     0.9574      9.218   182.1640 1.3269e+03     3.2059     -0.413     -0.598    25.0433 0.0000e+00
     -0.380      0.147     7.7925     97.098     39.577  38.560222     0.9549      9.199   181.2714 1.1576e+03     3.2408     -0.373     -0.540    24.5670 0.0000e+00
     -0.342      0.132     8.0919     96.938     40.011  38.935767     0.9905      9.185   180.9307 1.1401e+03     3.3598     -0.331     -0.480    24.2147 0.0000e+00
     -0.314      0.121     8.2135     96.985     40.639  39.514693     1.0635      9.173   181.0559 1.1838e+03     3.5852     -0.303     -0.439    23.9509 0.0000e+00
     -0.296      0.113     8.2262     97.061     40.878  39.721612     1.0964      9.159   181.8385 1.3588e+03     3.7111     -0.294     -0.426    23.7912 0.0000e+00
     -0.273      0.107     8.2211     97.022     40.635  39.470300     1.0884      9.143   183.3376 1.6098e+03     3.7556     -0.272     -0.395    23.6939 0.0000e+00
     -0.240      0.100     8.2005     97.018     40.299  39.141441     1.1338      9.127   185.0714 1.5508e+03     3.8488     -0.235     -0.339    23.6449 0.0000e+00
     -0.207      0.092     8.2247     97.228     40.068  38.918428     1.2281      9.110   186.8848 1.2495e+03     3.8482     -0.200     -0.290    23.6101 0.0000e+00
     -0.180      0.081     8.2398     97.530     39.948  38.804576     1.2800      9.093   188.3134 9.8900e+02     3.7486     -0.173     -0.252    23.5740 0.0000e+00
     -0.161      0.066     8.2362     97.755     39.921  38.780217     1.2789      9.078   189.3521 7.6803e+02     3.7034     -0.156     -0.226    23.5530 0.0000e+00
     -0.149      0.050     8.2218     97.844     39.956  38.814290     1.2895      9.065   190.5825 5.5898e+02     3.7453     -0.145     -0.210    23.5576 0.0000e+00
     -0.142      0.036     8.2499     97.811     40.046  38.899248     1.3333      9.053   192.1760 4.2406e+02     3.8111     -0.139     -0.201    23.5613 0.0000e+00
     -0.139      0.026     8.2797     97.737     40.134  38.982464     1.3589      9.041   193.7350 3.6067e+02     3.8500     -0.136     -0.198    23.5618 0.0000e+00
     -0.135      0.020     8.2987     97.655     40.084  38.932026     1.3497      9.028   194.7191 3.3117e+02     3.7716     -0.133     -0.193    23.5674 0.0000e+00
     -0.130      0.016     8.3077     97.544     39.944  38.797066     1.3212      9.015   195.2983 3.6469e+02     3.6491     -0.127     -0.185    23.5662 0.0000e+00
     -0.125      0.013     8.3005     97.414     39.885  38.746771     1.2898      9.002   196.0056 4.1951e+02     3.7003     -0.121     -0.176    23.5615 0.0000e+00
     -0.120      0.011     8.2944     97.249     39.895  38.768137     1.2861      8.988   196.6461 4.0411e+02     3.8450     -0.118     -0.170    23.5600 0.0000e+00
     -0.119      0.008     8.2888     96.703     39.920  38.801590     1.2935      8.975   196.9343 3.2759e+02     3.8955     -0.117     -0.169    23.5575 0.0000e+00
     -0.119      0.005     8.2804     95.433     39.948  38.833966     1.2622      8.963   197.1670 2.6450e+02     3.8327     -0.117     -0.170    23.5553 0.0000e+00
     -0.118      0.003     8.2645     93.928     39.953  38.842310     1.1904      8.951   197.7398 2.4462e+02     3.7342     -0.115     -0.167    23.5645 0.0000e+00
     -0.118      0.002     8.2563     92.742     39.945  38.839015     1.1496      8.939   198.5253 2.6307e+02     3.7299     -0.114     -0.166    23.5837 0.0000e+00
     -0.118      0.003     8.2347     91.592     39.958  38.857595     1.1598      8.927   199.0918 3.3617e+02     3.7811     -0.115     -0.167    23.5962 0.0000e+00
     -0.118      0.003     8.1001     90.059     39.969  38.876591     1.1642      8.915   199.4273 4.1197e+02     3.7376     -0.116     -0.168    23.6013 0.0000e+00
     -0.117      0.004     7.9432     88.230     39.962  38.878334     1.1607      8.903   199.5705 3.9074e+02     3.6482     -0.115     -0.166    23.6041 0.0000e+00
     -0.114      0.007     7.8642     86.579     39.953  38.878677     1.1759      8.893   199.5321 3.0700e+02     3.6232     -0.112     -0.162    23.6087 0.0000e+00
     -0.112      0.012     7.7797     85.376     39.947  38.880753     1.1988      8.884   199.4796 2.8262e+02     3.6737     -0.110     -0.159    23.6170 0.0000e+00
     -0.111      0.018     7.6462     84.465     39.967  38.903453     1.2206      8.874   199.3665 3.7530e+02     3.7459     -0.109     -0.158    23.6275 0.0000e+00
     -0.108      0.023     7.4694     83.603     40.030  38.962759     1.2484      8.863   199.1107 6.4959e+02     3.7450     -0.107     -0.156    23.6374 0.0000e+00
     -0.100      0.026     7.3165     82.594     40.097  39.026680     1.2855      8.852   198.8814 1.0728e+03     3.6975     -0.100     -0.145    23.6504 0.0000e+00
     -0.089      0.027     7.2243     81.483     40.111  39.041721     1.3108      8.839   199.0029 1.3816e+03     3.6833     -0.087     -0.127    23.6640 0.0000e+00
     -0.079      0.027     7.1518     80.625     40.083  39.017703     1.3218      8.827   199.6335 1.4270e+03     3.7098     -0.076     -0.110    23.6659 0.0000e+00
     -0.071      0.025     7.0872     80.219     40.054  38.990119     1.3678      8.816   200.5699 1.2694e+03     3.7454     -0.068     -0.099    23.6605 0.0000e+00
     -0.066      0.021     7.0044     80.140     40.025  38.962048     1.4430      8.804   201.3761 1.0604e+03     3.7383     -0.064     -0.094    23.6569 0.0000e+00
     -0.064      0.016     6.8918     80.180     39.995  38.932136     1.4820      8.793   201.8966 1.0015e+03     3.6923     -0.064     -0.093    23.6609 0.0000e+00
     -0.062      0.012     6.8119     80.131     39.948  38.882293     1.4900      8.781   202.2168 1.0563e+03     3.6668     -0.061     -0.089    23.6677 0.0000e+00
     -0.058      0.010     6.7853     79.959     39.876  38.803607     1.5061      8.771   202.4088 1.0973e+03     3.7038     -0.057     -0.082    23.6658 0.0000e+00
     -0.054      0.008     6.7836     79.834     39.822  38.742242     1.5111      8.761   202.5834 1.2808e+03     3.7293     -0.053     -0.077    23.6644 0.0000e+00
     -0.053      0.007     6.7945     79.835     39.800  38.711447     1.4911      8.754   203.2089 1.5176e+03     3.7022     -0.051     -0.075    23.6681 0.0000e+00
     -0.053      0.005     6.7935     79.846     39.781  38.685092     1.4900      8.746   210.4018 1.3506e+03     3.7168     -0.053     -0.077    23.6636 0.0000e+00
     -0.053      0.002     6.7714     79.733     39.778  38.677410     1.5137      8.737   220.2904 8.0988e+02     3.7700     -0.053     -0.077    23.6492 0.0000e+00
     -0.050     -0.001     6.7594     79.497     39.787  38.682014     1.5279      8.727   222.4492 3.6115e+02     3.7985     -0.049     -0.072    23.6382 0.0000e+00
     -0.049     -0.005     6.7670     79.364     39.784  38.677288     1.5459      8.714   218.7793 1.9803e+02     3.7881     -0.047     -0.068    23.6267 0.0000e+00
     -0.051     -0.007     6.7734     79.615     39.789  38.683728     1.8557      8.698   211.1945 1.8028e+02     3.8486     -0.050     -0.071    23.6151 0.0000e+00
     -0.056     -0.009     6.7657     80.255     39.796  38.696426     5.4562      8.683   205.5105 1.8370e+02     5.2485     -0.055     -0.079    23.6121 0.0000e+00
     -0.060     -0.010     6.7388     81.076     39.796  38.703913    12.0709      8.669   204.4307 1.9190e+02     7.9041     -0.059     -0.086    23.6060 0.0000e+00
     -0.064     -0.010     6.7157     81.882     39.799  38.710801    15.6886      8.656   203.7315 2.1515e+02     9.3469     -0.064     -0.092    23.5994 0.0000e+00
     -0.066     -0.007     6.7376     82.544     39.804  38.716258    16.0215      8.645   203.4230 2.3747e+02     9.4390     -0.065     -0.094    23.6048 0.0000e+00
     -0.067     -0.004     6.7997     83.049     39.791  38.706432    16.1297      8.635   203.9706 2.4288e+02     9.3931     -0.065     -0.094    23.6147 0.0000e+00
     -0.067     -0.002     6.8723     83.309     39.735  38.655458    17.3046      8.625   209.4926 2.4548e+02     9.3052     -0.068     -0.099    23.6227 0.0000e+00
     -0.066      0.002     6.9460     83.145     39.687  38.607611    19.4825      8.613   218.3073 2.5822e+02     9.1618     -0.066     -0.096    23.6297 0.0000e+00
     -0.065      0.008     7.0005     82.672     39.724  38.635577    20.6390      8.600   220.4649 6.0822e+02     9.0249     -0.061     -0.088    23.6270 0.0000e+00
     -0.066      0.017     7.0430     82.159     40.103  38.993572    20.3178      8.586   214.6725 1.2798e+03     8.8116     -0.064     -0.094    23.6287 0.0000e+00
     -0.067      0.024     7.0764     81.667     40.841  39.699626    15.5074      8.573   206.7776 1.7149e+03     7.4370     -0.069     -0.100    23.6397 0.0000e+00
     -0.059      0.028     7.0562     81.091     41.168  40.001346     6.6812      8.562   202.1857 1.7727e+03     5.0777     -0.061     -0.089    23.6374 0.0000e+00
     -0.043      0.028     7.0058     80.454     40.699  39.532040     1.9005      8.552   201.0547 1.6571e+03     3.8904     -0.042     -0.063    23.6248 0.0000e+00
     -0.027      0.025     6.9639     80.035     40.066  38.911779     1.6330      8.542   200.7592 1.3634e+03     3.9093     -0.023     -0.033    23.6105 0.0000e+00
     -0.019      0.020     6.9290     80.111     39.741  38.594034     3.3063      8.534   200.9357 8.0288e+02     4.4522     -0.015     -0.021    23.5998 0.0000e+00
