Data/DataNotYetUploadedToEDI/Raw_CTD/RawDownloads/060324_fcr40_S7809010.cnv
* Sea-Bird SBE19plus  Data File:
* FileName = C:\R\Reservoirs\Data\DataNotYetUploadedToEDI\Raw_CTD\RawDownloads\052724_bvr50_S7809_0010.hex
* Software version 2.8.0.119
* Temperature SN = 7809
* Conductivity SN = 7809
* System UpLoad Time = Jun 04 2024 12:25:02
* <ApplicationData>
* <Seaterm232>
# nquan = 15
# nvalues = 1303                        
# units = specified
# name 0 = depFM: Depth [fresh water, m]
# name 1 = dz/dtM: Descent Rate [m/s]
# name 2 = sbeox0Mg/L: Oxygen, SBE 43 [mg/l]
# name 3 = sbeox0PS: Oxygen, SBE 43 [% saturation]
# name 4 = specc: Specific Conductance [uS/cm]
# name 5 = c0uS/cm: Conductivity [uS/cm]
# name 6 = flECO-AFL: Fluorescence, WET Labs ECO-AFL/FL [mg/m^3]
# name 7 = ph: pH
# name 8 = orp: Oxidation Reduction Potential [mV]
# name 9 = par/sat/log: PAR/Logarithmic, Satlantic
# name 10 = turbWETntu0: Turbidity, WET Labs ECO [NTU]
# name 11 = prdM: Pressure, Strain Gauge [db]
# name 12 = prdE: Pressure, Strain Gauge [psi]
# name 13 = tv290C: Temperature [ITS-90, deg C]
# name 14 = flag:  0.000e+00
# span 0 =     -0.664,      5.899       
# span 1 =     -0.299,      0.155       
# span 2 =     2.4007,     8.9913       
# span 3 =     22.370,    102.802       
# span 4 =      2.041,     46.814       
# span 5 =   1.829467,  36.988186       
# span 6 =    -1.1880,   232.7208       
# span 7 =      8.041,      8.491       
# span 8 =   200.5451,   295.8952       
# span 9 = 3.6070e+00, 2.8624e+03       
# span 10 =    -3.2225,   404.3714      
# span 11 =     -0.655,      5.786      
# span 12 =     -0.949,      8.391      
# span 13 =    11.1581,    22.6726      
# span 14 = 0.0000e+00, 0.0000e+00      
# interval = seconds: 0.25
# start_time = Jun 03 2024 12:42:08 [Instrument's time stamp, header]
# bad_flag = -9.990e-29
*END*
[from data line 772]
      2.224      0.117     7.4730     82.576     39.221  35.380044     3.7377      8.423   254.6491 9.1452e+01     6.8507      2.180      3.160    20.7892 0.0000e+00
      2.262      0.114     7.4595     81.979     39.371  35.321187     3.7295      8.424   254.8286 9.0326e+01     6.8494      2.220      3.219    20.7676 0.0000e+00
      2.295      0.107     7.4609     81.436     39.486  35.280371     3.7221      8.425   254.8762 8.9559e+01     6.7726      2.254      3.270    20.7108 0.0000e+00
      2.318      0.096     7.4964     80.993     39.594  35.267040     3.7481      8.426   255.0529 8.8898e+01     6.6738      2.274      3.298    20.4189 0.0000e+00
      2.338      0.081     7.5034     80.582     39.692  35.286753     3.7781      8.426   255.3297 8.7998e+01     6.6454      2.292      3.325    20.0640 0.0000e+00
      2.358      0.069     7.4736     80.175     39.764  35.328283     3.7843      8.427   255.5559 8.7122e+01     6.6691      2.315      3.358    19.8310 0.0000e+00
      2.373      0.064     7.4500     79.811     39.758  35.325008     3.7649      8.427   255.7236 8.6483e+01     6.5842      2.330      3.380    19.6596 0.0000e+00
      2.383      0.064     7.4349     79.554     39.590  35.183713     3.7261      8.427   255.8948 8.5922e+01     6.4042      2.337      3.389    19.5109 0.0000e+00
      2.395      0.067     7.4112     79.413     39.287  34.888870     3.7149      8.428   256.0767 8.5264e+01     6.3377      2.346      3.401    19.4229 0.0000e+00
      2.413      0.071     7.3740     79.279     39.084  34.615195     3.7374      8.430   256.2883 8.4509e+01     6.3949      2.364      3.429    19.4086 0.0000e+00
      2.435      0.074     7.3372     79.070     39.083  34.475925     3.7736      8.432   256.6458 8.3665e+01     6.4129      2.387      3.463    19.4162 0.0000e+00
      2.460      0.078     7.3081     78.843     39.019  34.283386     3.8120      8.435   257.1302 8.2795e+01     6.3507      2.413      3.500    19.4406 0.0000e+00
      2.482      0.079     7.3006     78.674     38.839  34.000072     3.8266      8.437   257.5001 8.2164e+01     6.3258      2.437      3.536    19.4400 0.0000e+00
      2.499      0.079     7.3132     78.539     38.792  33.841819     3.8346      8.440   257.7626 8.1582e+01     6.3851      2.451      3.555    19.2997 0.0000e+00
      2.515      0.075     7.3203     78.366     38.912  33.829033     3.8578      8.442   257.9803 8.0635e+01     6.4176      2.462      3.571    19.0936 0.0000e+00
      2.536      0.071     7.3215     78.202     39.042  33.845325     3.9827      8.443   258.1534 7.9443e+01     6.3440      2.486      3.604    18.9228 0.0000e+00
      2.559      0.071     7.3305     78.145     39.085  33.848344     4.1959      8.445   258.4784 7.8448e+01     6.2807      2.512      3.642    18.7573 0.0000e+00
      2.576      0.076     7.3436     78.194     38.863  33.675159     4.2966      8.447   258.8984 7.7731e+01     6.3008      2.528      3.666    18.6210 0.0000e+00
      2.589      0.084     7.3491     78.318     38.483  33.337459     4.3021      8.449   259.1879 7.6940e+01     6.3478      2.538      3.681    18.4620 0.0000e+00
      2.604      0.094     7.3502     78.362     38.388  33.127733     4.3777      8.452   259.3982 7.5819e+01     6.4401      2.551      3.700    18.3045 0.0000e+00
      2.629      0.105     7.3556     78.073     38.576  33.042511     4.5041      8.457   259.6339 7.4275e+01     6.5289      2.575      3.734    18.2627 0.0000e+00
      2.662      0.116     7.3473     77.244     38.795  32.941145     4.5648      8.460   259.9733 7.2399e+01     6.5324      2.610      3.784    18.3301 0.0000e+00
      2.701      0.121     7.3578     75.641     38.991  32.853367     4.5538      8.462   260.3188 7.0567e+01     6.5173      2.649      3.842    18.3779 0.0000e+00
      2.738      0.118     7.3982     73.031     39.145  32.805616     4.4295      8.463   260.4551 6.9097e+01     6.5511      2.687      3.897    18.2092 0.0000e+00
      2.770      0.106     7.4312     69.378     39.184  32.744215     4.2023      8.464   260.5028 6.7889e+01     6.5651      2.718      3.942    17.8397 0.0000e+00
      2.798      0.090     7.4235     65.041     39.172  32.681827     4.0710      8.464   260.6370 6.6963e+01     6.5151      2.747      3.984    17.4333 0.0000e+00
      2.818      0.075     7.3304     60.615     39.163  32.622198     4.0655      8.464   260.7873 6.6432e+01     6.5276      2.766      4.013    17.0896 0.0000e+00
      2.828      0.067     7.1185     56.610     39.122  32.530702     4.0769      8.465   260.9436 6.6023e+01     6.6145      2.774      4.023    16.8534 0.0000e+00
      2.837      0.067     6.7635     53.363     39.119  32.463659     4.0755      8.466   261.0642 6.5599e+01     6.6436      2.781      4.034    16.7593 0.0000e+00
      2.847      0.075     6.3238     51.077     39.190  32.445914     4.0654      8.468   261.2128 6.5046e+01     6.6051      2.790      4.048    16.7209 0.0000e+00
      2.864      0.086     5.8852     49.758     39.286  32.442938     4.0463      8.471   261.7071 6.4151e+01     6.5597      2.805      4.069    16.6447 0.0000e+00
      2.893      0.094     5.4938     49.245     39.362  32.427564     4.0030      8.472   262.3947 6.2916e+01     6.6067      2.833      4.109    16.5745 0.0000e+00
      2.929      0.096     5.1770     49.271     39.388  32.386809     3.9416      8.473   262.9025 6.1604e+01     6.7302      2.872      4.166    16.4970 0.0000e+00
      2.963      0.093     4.9646     49.433     39.372  32.330747     3.9113      8.474   263.2868 6.0666e+01     6.7892      2.910      4.220    16.3940 0.0000e+00
      2.987      0.088     4.8544     49.417     39.323  32.257192     3.9108      8.474   263.5990 6.0153e+01     6.8074      2.933      4.253    16.2851 0.0000e+00
      3.001      0.083     4.8207     49.187     39.298  32.195255     3.9030      8.474   263.7519 5.9788e+01     6.8473      2.944      4.271    16.1794 0.0000e+00
      3.010      0.078     4.8488     48.814     39.385  32.216217     3.9004      8.474   263.8450 5.9357e+01     6.9984      2.951      4.279    16.0984 0.0000e+00
      3.025      0.079     4.8834     48.346     39.485  32.256813     3.9119      8.474   263.9510 5.8576e+01     7.2333      2.962      4.296    16.0485 0.0000e+00
      3.050      0.086     4.8831     47.869     39.511  32.241982     3.9091      8.475   264.0005 5.7623e+01     7.2968      2.991      4.337    16.0180 0.0000e+00
      3.078      0.098     4.8613     47.445     39.566  32.227167     3.8836      8.477   264.1850 5.6923e+01     7.2532      3.021      4.381    15.9688 0.0000e+00
      3.103      0.109     4.8335     47.079     39.636  32.204498     3.8026      8.479   264.5474 5.6213e+01     7.3895      3.041      4.411    15.8874 0.0000e+00
      3.130      0.117     4.7879     46.701     39.691  32.158113     3.6795      8.481   264.7689 5.5239e+01     7.6464      3.066      4.447    15.8348 0.0000e+00
      3.162      0.121     4.7405     46.101     39.772  32.110300     3.6267      8.483   264.8843 5.4250e+01     7.7979      3.099      4.495    15.8142 0.0000e+00
      3.197      0.122     4.7076     45.099     39.877  32.070326     3.6221      8.483   265.1680 5.3356e+01     7.8207      3.135      4.548    15.7315 0.0000e+00
      3.233      0.119     4.6820     43.689     39.977  32.055273     3.5492      8.483   265.7044 5.2500e+01     7.8191      3.173      4.601    15.6195 0.0000e+00
      3.264      0.111     4.6641     41.908     40.045  32.055055     3.4276      8.483   266.3795 5.1701e+01     7.8136      3.203      4.644    15.5228 0.0000e+00
      3.291      0.096     4.6277     39.849     40.110  32.067634     3.3746      8.483   266.9636 5.0923e+01     7.7881      3.227      4.679    15.3732 0.0000e+00
      3.317      0.076     4.5421     37.767     40.176  32.080440     3.3921      8.481   267.2597 5.0283e+01     7.8184      3.256      4.722    15.1905 0.0000e+00
      3.337      0.056     4.4117     35.917     40.209  32.082967     3.3896      8.481   267.3789 4.9963e+01     7.8384      3.278      4.754    15.0651 0.0000e+00
      3.347      0.038     4.2366     34.467     40.213  32.098157     3.3606      8.480   267.7169 4.9884e+01     7.7902      3.285      4.764    15.0172 0.0000e+00
      3.349      0.024     4.0197     33.487     40.207  32.137242     3.3571      8.478   268.1629 4.9928e+01     7.7821      3.285      4.765    14.9761 0.0000e+00
      3.348      0.015     3.8062     32.953     40.197  32.174955     3.3811      8.476   268.2979 4.9974e+01     7.8091      3.283      4.761    14.9154 0.0000e+00
      3.347      0.013     3.6168     32.803     40.157  32.173558     3.4184      8.476   268.3158 4.9926e+01     7.8100      3.281      4.759    14.8724 0.0000e+00
      3.348      0.017     3.4660     33.011     40.077  32.120384     3.4659      8.476   268.4656 4.9815e+01     7.7929      3.283      4.760    14.8895 0.0000e+00
      3.353      0.026     3.3629     33.498     40.004  32.039571     3.4818      8.477   268.5598 4.9661e+01     7.8071      3.288      4.768    14.9632 0.0000e+00
      3.362      0.039     3.3082     34.096     39.986  31.957704     3.4773      8.479   268.5086 4.9416e+01     7.8450      3.295      4.779    15.0271 0.0000e+00
      3.373      0.055     3.2900     34.667     40.046  31.891729     3.4943      8.480   268.5355 4.9093e+01     7.8400      3.307      4.796    15.0634 0.0000e+00
      3.387      0.073     3.3108     35.097     40.205  31.876124     3.5211      8.481   268.7988 4.8669e+01     7.7820      3.321      4.817    15.0836 0.0000e+00
      3.404      0.092     3.3707     35.301     40.410  31.895719     3.5354      8.484   269.3682 4.8039e+01     7.7236      3.335      4.838    15.0628 0.0000e+00
      3.429      0.109     3.4395     35.203     40.557  31.874725     3.5339      8.485   270.0858 4.7214e+01     7.7485      3.359      4.873    14.9803 0.0000e+00
      3.464      0.123     3.5140     34.724     40.651  31.812452     3.5613      8.485   270.4213 4.6315e+01     7.8096      3.397      4.926    14.8288 0.0000e+00
      3.503      0.133     3.5749     33.874     40.767  31.777006     3.7749      8.485   270.4981 4.5404e+01     7.6769      3.435      4.983    14.6351 0.0000e+00
      3.543      0.138     3.6116     32.765     40.880  31.763191     4.1359      8.485   270.7564 4.4488e+01     7.4088      3.475      5.040    14.4569 0.0000e+00
      3.580      0.139     3.6188     31.535     40.994  31.772176     4.3296      8.486   271.0492 4.3631e+01     7.2661      3.513      5.095    14.2961 0.0000e+00
      3.614      0.138     3.5829     30.375     41.157  31.822121     4.3527      8.488   271.2847 4.2889e+01     7.2501      3.545      5.142    14.1223 0.0000e+00
      3.644      0.137     3.5030     29.513     41.327  31.859480     4.5073      8.490   271.4533 4.2155e+01     7.3525      3.574      5.183    13.9587 0.0000e+00
      3.677      0.135     3.3931     29.053     41.526  31.906578     4.8007      8.491   271.6256 4.1228e+01     7.4785      3.603      5.227    13.8331 0.0000e+00
      3.715      0.134     3.2668     28.962     41.800  32.010821     4.9537      8.491   271.9051 4.0177e+01     7.4762      3.642      5.283    13.7485 0.0000e+00
      3.753      0.130     3.1402     29.138     42.051  32.104711     4.9503      8.491   272.2516 3.9281e+01     7.4950      3.684      5.343    13.6683 0.0000e+00
      3.787      0.123     3.0561     29.465     42.222  32.153536     4.8088      8.490   272.7174 3.8472e+01     7.8078      3.714      5.387    13.5474 0.0000e+00
      3.817      0.114     3.0192     29.835     42.385  32.220428     4.5416      8.489   273.0628 3.7600e+01     8.2868      3.742      5.429    13.4125 0.0000e+00
      3.846      0.108     3.0218     30.122     42.593  32.342471     4.3917      8.490   273.1583 3.6943e+01     8.5042      3.776      5.477    13.2862 0.0000e+00
      3.868      0.106     3.0536     30.237     42.827  32.487185     4.4283      8.491   273.2688 3.6560e+01     8.5576      3.797      5.505    13.1648 0.0000e+00
      3.887      0.106     3.0976     30.153     43.087  32.637858     5.0927      8.490   273.5393 3.6017e+01     9.2742      3.808      5.521    13.0629 0.0000e+00
      3.912      0.110     3.1474     29.896     43.418  32.831926     6.3148      8.489   273.8473 3.5210e+01    10.5752      3.834      5.560    12.9955 0.0000e+00
      3.946      0.115     3.1829     29.523     43.805  33.057196     6.9782      8.488   273.9821 3.4446e+01    11.2734      3.871      5.616    12.9623 0.0000e+00
      3.980      0.120     3.1977     29.038     44.189  33.267903     7.0292      8.487   274.0508 3.3803e+01    11.3287      3.904      5.663    12.9348 0.0000e+00
      4.010      0.123     3.1931     28.416     44.498  33.412748     7.0151      8.486   274.2471 3.3110e+01    11.3467      3.932      5.703    12.8742 0.0000e+00
      4.042      0.118     3.1664     27.670     44.615  33.412643     7.0073      8.484   274.6356 3.2347e+01    12.1054      3.963      5.748    12.8086 0.0000e+00
      4.076      0.109     3.1322     26.827     44.585  33.329974     7.0017      8.482   275.1340 3.1656e+01    13.5677      3.998      5.799    12.7357 0.0000e+00
      4.107      0.099     3.0904     25.931     44.566  33.301351     6.9727      8.480   275.4560 3.1097e+01    14.3391      4.029      5.845    12.6415 0.0000e+00
      4.131      0.093     3.0283     25.004     44.586  33.320333     6.9220      8.479   275.7750 3.0727e+01    14.3601      4.055      5.880    12.5446 0.0000e+00
      4.146      0.093     2.9570     24.081     44.526  33.242267     6.6220      8.477   276.4096 3.0499e+01    14.0616      4.067      5.899    12.4324 0.0000e+00
      4.159      0.095     2.8692     23.273     44.306  32.991864     6.0836      8.476   276.9342 3.0147e+01    13.5308      4.075      5.912    12.3511 0.0000e+00
      4.180      0.099     2.7731     22.685     44.065  32.703469     5.7977      8.474   277.2132 2.9542e+01    13.2714      4.094      5.937    12.3467 0.0000e+00
      4.212      0.102     2.6728     22.370     43.998  32.546635     5.7377      8.474   277.8046 2.8797e+01    13.2140      4.128      5.988    12.3837 0.0000e+00
      4.251      0.102     2.5691     22.399     44.124  32.554640     5.2991      8.474   278.7496 2.8126e+01    12.7676      4.172      6.051    12.3540 0.0000e+00
      4.282      0.095     2.4861     22.949     44.334  32.673283     4.5148      8.472   279.4339 2.7676e+01    11.9734      4.204      6.098    12.2339 0.0000e+00
      4.304      0.079     2.4281     24.236     44.534  32.839145     4.1039      8.470   279.7114 2.7332e+01    11.5362      4.222      6.122    12.1042 0.0000e+00
      4.322      0.056     2.4007     26.335     44.657  32.974041     4.0845      8.468   279.8674 2.7056e+01    11.5475      4.241      6.151    11.9780 0.0000e+00
      4.334      0.035     2.4023     29.075     44.667  33.035499     4.0797      8.465   279.9436 2.6987e+01    11.6319      4.256      6.172    11.8657 0.0000e+00
      4.337      0.023     2.4539     32.033     44.544  33.011309     4.0626      8.462   280.0307 2.7011e+01    11.7021      4.254      6.170    11.8189 0.0000e+00
      4.334      0.023     2.5874     34.710     44.205  32.808518     4.0616      8.461   280.1463 2.7027e+01    11.7816      4.250      6.165    11.8609 0.0000e+00
      4.331      0.032     2.8165     36.684     43.716  32.423442     4.0670      8.462   280.2228 2.7048e+01    11.8754      4.246      6.159    11.9158 0.0000e+00
      4.334      0.049     3.1266     37.645     43.426  32.098420     3.9201      8.464   280.3527 2.6882e+01    11.9486      4.246      6.158    11.9660 0.0000e+00
