Data/DataNotYetUploadedToEDI/Raw_CTD/RawDownloads/060324_fcr50_S7809011.cnv
* Sea-Bird SBE19plus  Data File:
* FileName = C:\R\Reservoirs\Data\DataNotYetUploadedToEDI\Raw_CTD\RawDownloads\052724_bvr50_S7809_0011.hex
* Software version 2.8.0.119
* Temperature SN = 7809
* Conductivity SN = 7809
* System UpLoad Time = Jun 04 2024 12:25:55
* <ApplicationData>
* <Seaterm232>
# nquan = 15
# nvalues = 2060                        
# units = specified
# name 0 = depFM: Depth [fresh water, m]
# name 1 = dz/dtM: Descent Rate [m/s]
# name 2 = sbeox0Mg/L: Oxygen, SBE 43 [mg/l]
# name 3 = sbeox0PS: Oxygen, SBE 43 [% saturation]
# name 4 = specc: Specific Conductance [uS/cm]
# name 5 = c0uS/cm: Conductivity [uS/cm]
# name 6 = flECO-AFL: Fluorescence, WET Labs ECO-AFL/FL [mg/m^3]
# name 7 = ph: pH
# name 8 = orp: Oxidation Reduction Potential [mV]
# name 9 = par/sat/log: PAR/Logarithmic, Satlantic
# name 10 = turbWETntu0: Turbidity, WET Labs ECO [NTU]
# name 11 = prdM: Pressure, Strain Gauge [db]
# name 12 = prdE: Pressure, Strain Gauge [psi]
# name 13 = tv290C: Temperature [ITS-90, deg C]
# name 14 = flag:  0.000e+00
# span 0 =     -0.674,      9.098       
# span 1 =     -0.535,      0.227       
# span 2 =     2.9181,     8.9013       
# span 3 =     27.604,    102.069       
# span 4 =      0.618,     45.012       
# span 5 =   0.573950,  38.017345       
# span 6 =    -0.2995,     6.5557       
# span 7 =      7.672,      9.329       
# span 8 = -1240.7455,   317.5782       
# span 9 = 1.2361e-01, 2.9860e+03       
# span 10 =    -0.1421,    28.3691      
# span 11 =     -0.661,      8.922      
# span 12 =     -0.959,     12.941      
# span 13 =    11.1556,    23.6945      
# span 14 = 0.0000e+00, 0.0000e+00      
# interval = seconds: 0.25
# start_time = Jun 03 2024 13:08:42 [Instrument's time stamp, header]
# bad_flag = -9.990e-29
*END*
[from data line 2025]
     -0.662 2.3788e-09     7.4926     79.472      5.362   4.883666     4.6765      7.735   273.2779 2.0212e+02    13.1928     -0.649     -0.941    20.7045 0.0000e+00
     -0.662 3.6858e-08     7.4028     78.895      5.496   5.001098     3.4999      7.737   273.3577 2.0137e+02    10.5838     -0.649     -0.941    20.6619 0.0000e+00
     -0.663 4.0641e-07     7.3036     78.639      5.475   4.975620     1.3349      7.738   273.7174 2.0341e+02     5.8444     -0.651     -0.943    20.6241 0.0000e+00
     -0.663      0.000     7.2140     78.691      5.321   4.829025     0.1649      7.740   274.1851 2.1271e+02     3.3711     -0.650     -0.943    20.5854 0.0000e+00
     -0.662      0.000     7.1386     78.924      5.241   4.749086     0.0983      7.740   274.2807 2.3573e+02     3.7707     -0.649     -0.941    20.5409 0.0000e+00
     -0.662      0.001     7.0941     79.202      5.201   4.705952     0.3641      7.741   274.4434 2.6423e+02    10.0948     -0.649     -0.941    20.4919 0.0000e+00
     -0.662      0.001     7.0765     79.487      5.188   4.687605     0.8482      7.742   274.6034 3.0556e+02    21.6963     -0.648     -0.940    20.4367 0.0000e+00
     -0.662      0.000     7.0966     79.761      5.157   4.653945     1.1073      7.744   274.0644 3.6533e+02    28.0050     -0.649     -0.941    20.3706 0.0000e+00
     -0.661 -9.637e-15     7.1330     79.991      5.051   4.552368     1.1334      7.746   273.6911 4.1626e+02    28.3691     -0.649     -0.941    20.2997 0.0000e+00
     -0.661 -1.060e-13     7.1674     80.178      4.829   4.346359     1.1473      7.747   273.8757 4.5631e+02    25.5182     -0.649     -0.941    20.2323 0.0000e+00
     -0.661 -1.166e-12     7.2026     80.345      4.591   4.126983     1.1494      7.749   273.8012 4.9588e+02    20.0425     -0.649     -0.942    20.1704 0.0000e+00
     -0.661 -1.283e-11     7.2372     80.501      4.375   3.927124     1.1513      7.750   273.3931 5.2116e+02    16.9895     -0.649     -0.941    20.1116 0.0000e+00
     -0.662 -1.411e-10     7.2664     80.666      4.132   3.703666     1.1535      7.750   272.9848 5.3120e+02    16.4441     -0.650     -0.942    20.0550 0.0000e+00
     -0.662 -1.552e-09     7.2899     80.824      3.998   3.579033     1.0598      7.753   272.9947 5.3828e+02    13.4138     -0.650     -0.942    19.9964 0.0000e+00
     -0.662 -1.707e-08     7.3155     80.941      3.911   3.497137     0.8833      7.756   273.6848 5.4164e+02     7.8494     -0.650     -0.942    19.9334 0.0000e+00
     -0.662 -1.878e-07     7.3364     81.038      3.819   3.410289     0.8018      7.758   274.4449 5.3415e+02     4.8108     -0.649     -0.942    19.8741 0.0000e+00
     -0.662 -1.878e-07     7.3606     81.142      3.759   3.352476     0.8139      7.759   274.6135 5.0967e+02     4.5487     -0.650     -0.943    19.8162 0.0000e+00
     -0.662 -1.707e-08     7.3866     81.247      3.710   3.304897     0.8131      7.759   274.5194 4.7275e+02     4.5090     -0.650     -0.942    19.7565 0.0000e+00
     -0.662 -1.552e-09     7.4029     81.342      3.756   3.341791     0.8836      7.758   274.6829 4.4467e+02     4.5696     -0.650     -0.942    19.7035 0.0000e+00
     -0.662 -1.411e-10     7.4189     81.434      3.775   3.355127     1.0511      7.758   274.6987 4.3293e+02     4.7350     -0.650     -0.942    19.6507 0.0000e+00
     -0.663 -1.283e-11     7.4380     81.512      3.689   3.276095     1.1404      7.759   274.1934 4.3019e+02     4.8008     -0.650     -0.943    19.5880 0.0000e+00
     -0.663 -1.166e-12     7.4571     81.578      3.618   3.209740     1.1058      7.761   273.7357 4.2930e+02     4.6821     -0.650     -0.943    19.5287 0.0000e+00
     -0.662 -1.060e-13     7.4725     81.657      3.595   3.186308     0.7911      7.762   273.6397 4.2636e+02     3.9496     -0.650     -0.942    19.4796 0.0000e+00
     -0.662 -9.640e-15     7.4885     81.742      3.595   3.182817     0.2485      7.762   273.7202 4.2625e+02     2.7067     -0.650     -0.942    19.4345 0.0000e+00
     -0.662 -8.760e-16     7.5025     81.820      3.580   3.167525    -0.0284      7.763   273.8485 4.3019e+02     2.0210     -0.649     -0.942    19.3903 0.0000e+00
     -0.662 -7.965e-17     7.5133     81.900      3.539   3.128109    -0.0515      7.766   273.9865 4.3692e+02     1.9443     -0.650     -0.942    19.3469 0.0000e+00
     -0.662 -7.240e-18     7.5274     81.985      3.495   3.086321    -0.0639      7.768   274.0982 4.5416e+02     1.9499     -0.650     -0.942    19.3066 0.0000e+00
     -0.662 -6.585e-19     7.5420     82.074      3.448   3.042346    -0.0614      7.768   274.0807 4.8274e+02     1.9857     -0.649     -0.942    19.2672 0.0000e+00
     -0.662 -5.985e-20     7.5543     82.156      3.376   2.976490    -0.0635      7.768   274.0328 5.0052e+02     2.0015     -0.650     -0.942    19.2288 0.0000e+00
     -0.662 -5.485e-21     7.5679     82.238      3.318   2.923520    -0.0802      7.770   274.1215 4.9216e+02     1.9365     -0.650     -0.942    19.1897 0.0000e+00
     -0.663 -9.892e-22     7.5809     82.282      3.303   2.908660    -0.0892      7.771   274.2071 4.7563e+02     1.8831     -0.650     -0.943    19.1526 0.0000e+00
     -0.663 -9.990e-29     7.5962 -9.990e-29 -9.990e-29 -9.990e-29 -9.990e-29 -9.990e-29 -9.990e-29 4.6742e+02 -9.990e-29     -0.650     -0.943    19.1137 0.0000e+00
     -0.663 -9.990e-29     7.6079 -9.990e-29 -9.990e-29 -9.990e-29 -9.990e-29 -9.990e-29 -9.990e-29 4.6935e+02 -9.990e-29     -0.650     -0.942    19.0793 0.0000e+00
     -0.663 -9.990e-29     7.6224 -9.990e-29 -9.990e-29 -9.990e-29 -9.990e-29 -9.990e-29 -9.990e-29 4.7930e+02 -9.990e-29     -0.650     -0.943    19.0388 0.0000e+00
     -0.663 -9.990e-29     7.6359 -9.990e-29 -9.990e-29 -9.990e-29 -9.990e-29 -9.990e-29 -9.990e-29 4.8526e+02 -9.990e-29     -0.649     -0.942    19.0099 0.0000e+00
