Data/DataNotYetUploadedToEDI/Raw_CTD/RawDownloads/060324_bvr50_S8188001.cnv
* Sea-Bird SBE19plus  Data File:
* FileName = C:\R\Reservoirs\Data\DataNotYetUploadedToEDI\Raw_CTD\RawDownloads\060324_bvr50_S78188_0001.hex
* Software version 2.8.0.119
* Temperature SN = 8188
* Conductivity SN = 8188
* System UpLoad Time = Jun 20 2024 16:34:33
* <ApplicationData>
* <Seaterm232>
# nquan = 16
# nvalues = 2118                        
# units = specified
# name 0 = depFM: Depth [fresh water, m]
# name 1 = dz/dtM: Descent Rate [m/s]
# name 2 = sbeox0Mg/L: Oxygen, SBE 43 [mg/l]
# name 3 = sbeox0PS: Oxygen, SBE 43 [% saturation]
# name 4 = specc: Specific Conductance [uS/cm]
# name 5 = c0uS/cm: Conductivity [uS/cm]
# name 6 = wetCDOM: Fluorescence, WET Labs CDOM [mg/m^3]
# name 7 = flECO-AFL: Fluorescence, WET Labs ECO-AFL/FL [mg/m^3]
# name 8 = flECO-AFL1: Fluorescence, WET Labs ECO-AFL/FL, 2 [mg/m^3]
# name 9 = flECO-AFL2: Fluorescence, WET Labs ECO-AFL/FL, 3 [mg/m^3]
# name 10 = par/sat/log: PAR/Logarithmic, Satlantic
# name 11 = turbWETntu0: Turbidity, WET Labs ECO [NTU]
# name 12 = prdM: Pressure, Strain Gauge [db]
# name 13 = prdE: Pressure, Strain Gauge [psi]
# name 14 = tv290C: Temperature [ITS-90, deg C]
# name 15 = flag:  0.000e+00
# span 0 =     -0.709,      7.366       
# span 1 =     -0.192,      0.092       
# span 2 =    -0.6005,    11.3326       
# span 3 =     -6.397,    131.204       
# span 4 =     29.053,    462.583       
# span 5 =  25.449715, 443.713077       
# span 6 =    -4.5000,    32.6700       
# span 7 =     0.1770,    20.0633       
# span 8 =    -2.1300,     3.7914       
# span 9 =    -3.0033,     9.3483       
# span 10 = 1.8467e-01, 2.1453e+03      
# span 11 =    -0.6570,     9.7211      
# span 12 =     -0.695,      7.223      
# span 13 =     -1.008,     10.477      
# span 14 =    10.5708,    23.4146      
# span 15 = 0.0000e+00, 0.0000e+00      
# interval = seconds: 0.25
# start_time = Jun 03 2024 07:49:27 [Instrument's time stamp, header]
# bad_flag = -9.990e-29
*END*
[from data line 633]
      0.447      0.037     9.6294    111.088     30.227  28.702209    27.0900     5.6512     0.1704     5.0760 7.0707e+01     7.9688      0.438      0.636    22.4856 0.0000e+00
      0.457      0.039     9.6261    111.102     30.245  28.719275    27.0900     5.6626     0.1704     5.0760 6.9807e+01     8.1199      0.448      0.650    22.4812 0.0000e+00
      0.468      0.041     9.6242    111.120     30.274  28.745810    27.0900     5.9564     0.1704     5.0760 6.7539e+01     8.5277      0.459      0.665    22.4770 0.0000e+00
      0.479      0.042     9.6235    111.135     30.289  28.759020    27.3600     5.9602     0.1704     5.0337 6.5829e+01     8.5126      0.469      0.681    22.4740 0.0000e+00
      0.490      0.042     9.6241    111.153     30.261  28.730565    27.3600     5.9526     0.1704     5.0337 6.4863e+01     8.4824      0.480      0.696    22.4725 0.0000e+00
      0.500      0.042     9.6255    111.181     30.200  28.668789    27.3600     5.9526     0.1704     5.0337 6.3084e+01     8.4824      0.491      0.711    22.4718 0.0000e+00
      0.511      0.042     9.6272    111.216     30.147  28.612976    27.3600     6.1929     0.1704     5.0337 6.3829e+01     7.9990      0.501      0.726    22.4710 0.0000e+00
      0.521      0.043     9.6289    111.249     30.124  28.582097    27.7200     6.2043     0.1704     5.2875 6.3414e+01     8.0594      0.511      0.741    22.4690 0.0000e+00
      0.531      0.044     9.6312    111.271     30.115  28.559952    27.7200     6.2005     0.1704     5.2875 6.3912e+01     8.0443      0.521      0.755    22.4654 0.0000e+00
      0.542      0.045     9.6346    111.268     30.109  28.536653    27.7200     6.2081     0.1704     5.2875 6.2402e+01     7.9839      0.532      0.771    22.4596 0.0000e+00
      0.554      0.047     9.6393    111.230     30.115  28.525898    27.7200     6.9635     0.1704     5.2875 6.0664e+01     8.5579      0.544      0.788    22.4504 0.0000e+00
      0.567      0.048     9.6450    111.155     30.126  28.524817    27.7200     6.9291     0.1704     5.2875 5.8034e+01     8.4673      0.556      0.806    22.4353 0.0000e+00
      0.580      0.049     9.6511    111.062     30.132  28.525157    27.5400     6.9406     0.2130     4.9914 5.6246e+01     8.5126      0.569      0.825    22.4123 0.0000e+00
      0.593      0.049     9.6562    110.984     30.144  28.534975    27.5400     6.9444     0.2130     4.9914 5.4419e+01     8.4975      0.581      0.843    22.3836 0.0000e+00
      0.605      0.048     9.6580    110.951     30.155  28.544939    27.5400     7.0131     0.2130     4.9914 5.3831e+01     8.2860      0.594      0.861    22.3562 0.0000e+00
      0.617      0.047     9.6551    110.969     30.158  28.545760    27.5400     6.9978     0.2130     4.9914 5.3562e+01     8.2256      0.605      0.878    22.3370 0.0000e+00
      0.629      0.046     9.6486    111.027     30.165  28.549604    27.7200     7.0169     0.1704     5.2029 5.3122e+01     8.2860      0.617      0.895    22.3279 0.0000e+00
      0.641      0.045     9.6422    111.103     30.183  28.561480    27.7200     7.0092     0.1704     5.2029 5.0752e+01     8.2860      0.628      0.911    22.3258 0.0000e+00
      0.652      0.045     9.6394    111.173     30.181  28.554683    27.7200     7.1313     0.1704     5.2029 5.0291e+01     7.4854      0.640      0.928    22.3251 0.0000e+00
      0.663      0.044     9.6416    111.208     30.145  28.513460    27.7200     7.1237     0.1704     5.2029 4.9242e+01     7.6365      0.651      0.944    22.3221 0.0000e+00
      0.674      0.044     9.6477    111.191     30.104  28.464655    28.1700     7.1389     0.1704     5.2452 4.9360e+01     7.4703      0.661      0.959    22.3161 0.0000e+00
      0.685      0.044     9.6558    111.120     30.076  28.425124    28.1700     7.1046     0.1704     5.2452 4.8414e+01     7.6365      0.672      0.974    22.3086 0.0000e+00
      0.696      0.044     9.6634    111.013     30.061  28.396272    28.1700     7.4937     0.1704     5.2452 4.7704e+01     8.7090      0.682      0.990    22.2998 0.0000e+00
      0.707      0.044     9.6687    110.891     30.062  28.382354    28.1700     7.5166     0.1704     5.2452 4.7333e+01     8.7392      0.693      1.006    22.2880 0.0000e+00
      0.718      0.044     9.6702    110.773     30.080  28.387621    27.6300     7.4937     0.1704     5.2452 4.4830e+01     8.6486      0.704      1.022    22.2713 0.0000e+00
      0.730      0.043     9.6681    110.660     30.122  28.417462    27.6300     7.4899     0.1704     5.2452 4.2839e+01     8.7392      0.716      1.039    22.2496 0.0000e+00
      0.742      0.042     9.6633    110.545     30.178  28.463902    27.6300     8.1727     0.1704     5.2452 4.2074e+01     8.7543      0.727      1.055    22.2250 0.0000e+00
      0.753      0.041     9.6572    110.439     30.210  28.489540    27.6300     8.1842     0.1704     5.2452 4.1484e+01     8.7392      0.738      1.070    22.2011 0.0000e+00
      0.763      0.039     9.6506    110.361     30.209  28.485282    27.6300     8.1651     0.1704     5.2452 4.0911e+01     8.7090      0.748      1.085    22.1809 0.0000e+00
      0.772      0.037     9.6436    110.310     30.214  28.485838    27.9000     8.1651     0.1704     5.2875 4.0982e+01     8.6637      0.757      1.098    22.1656 0.0000e+00
      0.781      0.036     9.6357    110.268     30.215  28.483390    27.9000     8.2719     0.1704     5.2875 4.0707e+01     8.6637      0.765      1.110    22.1547 0.0000e+00
      0.789      0.035     9.6278    110.217     30.188  28.455379    27.9000     8.3063     0.1704     5.2875 4.0293e+01     8.7845      0.774      1.123    22.1471 0.0000e+00
      0.798      0.035     9.6221    110.158     30.153  28.422215    27.9000     8.2872     0.1704     5.2875 3.9273e+01     8.6939      0.783      1.135    22.1410 0.0000e+00
      0.808      0.035     9.6189    110.115     30.140  28.410900    27.8100     8.2681     0.1704     5.3298 3.8891e+01     8.7090      0.792      1.148    22.1347 0.0000e+00
      0.817      0.035     9.6163    110.100     30.151  28.422399    27.8100     8.2986     0.1704     5.3298 3.7799e+01     8.0594      0.801      1.161    22.1288 0.0000e+00
      0.825      0.034     9.6124    110.109     30.169  28.439865    27.8100     8.2834     0.1704     5.3298 3.7480e+01     8.0594      0.810      1.174    22.1255 0.0000e+00
      0.834      0.034     9.6074    110.133     30.171  28.440077    27.8100     8.3024     0.1704     5.3298 3.7253e+01     7.9688      0.818      1.186    22.1252 0.0000e+00
      0.842      0.035     9.6034    110.172     30.147  28.415125    27.8100     8.2796     0.1704     5.2029 3.6947e+01     8.0745      0.826      1.198    22.1265 0.0000e+00
      0.851      0.036     9.6018    110.234     30.120  28.386234    27.8100     8.3940     0.1704     5.2029 3.6611e+01     8.7996      0.835      1.210    22.1281 0.0000e+00
      0.860      0.037     9.6025    110.307     30.104  28.365615    27.8100     8.3902     0.1704     5.2029 3.6121e+01     8.7996      0.843      1.223    22.1286 0.0000e+00
      0.869      0.039     9.6049    110.363     30.098  28.353742    27.8100     8.4131     0.1704     5.2029 3.5746e+01     8.7694      0.852      1.236    22.1269 0.0000e+00
      0.879      0.041     9.6091    110.371     30.108  28.357406    27.7200     8.4169     0.2130     5.1606 3.4547e+01     8.7090      0.862      1.251    22.1227 0.0000e+00
      0.890      0.042     9.6158    110.324     30.116  28.359660    27.7200     8.4550     0.2130     5.1606 3.3410e+01     9.4945      0.873      1.266    22.1160 0.0000e+00
      0.902      0.043     9.6237    110.236     30.094  28.335219    27.7200     8.4512     0.2130     5.1606 3.2206e+01     9.4190      0.885      1.283    22.1074 0.0000e+00
      0.914      0.042     9.6303    110.132     30.062  28.303452    27.7200     8.4283     0.2130     5.1606 3.0331e+01     9.4794      0.896      1.300    22.0978 0.0000e+00
      0.926      0.041     9.6328    110.024     30.047  28.289741    27.7200     8.4436     0.2130     5.1606 2.9085e+01     9.4492      0.908      1.316    22.0881 0.0000e+00
      0.936      0.038     9.6302    109.915     30.040  28.284455    28.1700     8.6305     0.1704     5.4144 2.9028e+01     8.5731      0.918      1.331    22.0795 0.0000e+00
      0.945      0.035     9.6237    109.816     30.044  28.290169    28.1700     8.6381     0.1704     5.4144 2.9111e+01     8.4824      0.927      1.344    22.0733 0.0000e+00
      0.953      0.033     9.6152    109.753     30.065  28.310398    28.1700     8.6687     0.1704     5.4144 2.9174e+01     8.5579      0.935      1.355    22.0704 0.0000e+00
      0.960      0.032     9.6057    109.742     30.075  28.320664    28.1700     8.6381     0.1704     5.4144 2.8802e+01     8.4522      0.942      1.366    22.0708 0.0000e+00
      0.968      0.032     9.5958    109.773     30.064  28.309767    28.0800     8.5733     0.2130     5.3298 2.8808e+01     8.5126      0.949      1.377    22.0730 0.0000e+00
      0.976      0.032     9.5868    109.826     30.038  28.282766    28.0800     8.5695     0.2130     5.3298 2.8355e+01     8.5277      0.957      1.388    22.0753 0.0000e+00
      0.984      0.034     9.5810    109.883     30.007  28.250383    28.0800     8.6000     0.2130     5.3298 2.7994e+01     8.5428      0.965      1.399    22.0769 0.0000e+00
      0.992      0.036     9.5798    109.936     29.987  28.227879    28.0800     8.5580     0.2130     5.3298 2.7380e+01     8.6184      0.973      1.412    22.0776 0.0000e+00
      1.002      0.038     9.5827    109.975     29.996  28.231156    27.9000     8.8136     0.2130     5.2029 2.6554e+01     9.1924      0.983      1.425    22.0767 0.0000e+00
      1.012      0.039     9.5879    109.987     30.019  28.247150    27.9000     8.8098     0.2130     5.2029 2.5238e+01     9.2377      0.992      1.439    22.0736 0.0000e+00
      1.022      0.041     9.5939    109.965     30.014  28.236315    27.9000     8.8594     0.2130     5.2029 2.4862e+01     9.3284      1.003      1.454    22.0682 0.0000e+00
      1.032      0.042     9.5998    109.905     29.982  28.197754    27.9000     8.8251     0.2130     5.2029 2.4481e+01     9.1924      1.013      1.469    22.0612 0.0000e+00
      1.043      0.043     9.6046    109.800     29.942  28.151052    27.9000     9.2943     0.2130     5.2029 2.4049e+01     9.6154      1.023      1.484    22.0532 0.0000e+00
      1.054      0.044     9.6075    109.651     29.906  28.107652    27.9000     9.3248     0.1704     5.4144 2.3142e+01     9.7211      1.034      1.499    22.0438 0.0000e+00
      1.066      0.045     9.6077    109.460     29.888  28.081869    27.9000     9.3095     0.1704     5.4144 2.1970e+01     9.6305      1.045      1.516    22.0322 0.0000e+00
      1.078      0.045     9.6049    109.230     29.900  28.086739    27.9000     9.3248     0.1704     5.4144 2.0922e+01     9.6154      1.057      1.533    22.0185 0.0000e+00
      1.090      0.044     9.5985    108.980     29.933  28.115594    27.9000     8.9319     0.1704     5.4144 2.0085e+01     9.2226      1.069      1.550    22.0036 0.0000e+00
      1.101      0.043     9.5883    108.746     29.966  28.148252    28.0800     8.9586     0.1704     5.3721 1.9176e+01     9.2528      1.080      1.566    21.9883 0.0000e+00
      1.112      0.041     9.5743    108.561     29.990  28.175497    28.0800     8.9548     0.1704     5.3721 1.9159e+01     9.3133      1.090      1.581    21.9735 0.0000e+00
      1.122      0.039     9.5563    108.444     30.010  28.198624    28.0800     8.9433     0.1704     5.3721 1.8727e+01     9.1924      1.100      1.595    21.9623 0.0000e+00
      1.131      0.037     9.5351    108.402     30.024  28.215833    28.0800     9.1379     0.1704     5.3721 1.8441e+01     7.8328      1.109      1.609    21.9583 0.0000e+00
      1.140      0.035     9.5142    108.435     30.020  28.213791    28.0800     9.1493     0.2130     5.3721 1.8072e+01     7.8630      1.118      1.621    21.9614 0.0000e+00
      1.148      0.034     9.4967    108.522     30.000  28.191955    28.0800     9.1455     0.2130     5.3721 1.7869e+01     7.6969      1.126      1.633    21.9687 0.0000e+00
      1.157      0.033     9.4849    108.629     29.969  28.154459    28.0800     9.1379     0.2130     5.3721 1.7649e+01     7.8630      1.134      1.645    21.9771 0.0000e+00
      1.165      0.032     9.4800    108.710     29.918  28.095285    28.0800     9.6834     0.2130     5.3721 1.6938e+01     8.2860      1.142      1.657    21.9836 0.0000e+00
      1.173      0.032     9.4825    108.726     29.867  28.034498    28.2600     9.6491     0.2130     5.4567 1.6730e+01     8.3162      1.150      1.668    21.9857 0.0000e+00
      1.181      0.032     9.4910    108.661     29.838  27.995714    28.2600     9.6414     0.2130     5.4567 1.6556e+01     8.1954      1.158      1.680    21.9810 0.0000e+00
      1.189      0.032     9.5027    108.527     29.822  27.970580    28.2600     9.6872     0.2130     5.4567 1.6229e+01     8.2407      1.166      1.691    21.9680 0.0000e+00
      1.197      0.033     9.5134    108.340     29.816  27.954386    28.2600     9.4049     0.2130     5.4567 1.5897e+01     8.5277      1.174      1.703    21.9485 0.0000e+00
      1.205      0.034     9.5187    108.114     29.810  27.938830    28.2600     9.3744     0.2130     5.4567 1.5596e+01     8.5126      1.182      1.715    21.9273 0.0000e+00
      1.214      0.035     9.5165    107.868     29.805  27.925737    28.1700     9.3629     0.2130     5.3721 1.5037e+01     8.5126      1.191      1.727    21.9083 0.0000e+00
      1.223      0.035     9.5079    107.629     29.817  27.929537    28.1700     9.3897     0.2130     5.3721 1.4460e+01     8.5126      1.199      1.740    21.8907 0.0000e+00
      1.232      0.036     9.4948    107.414     29.836  27.941287    28.1700     9.3401     0.2130     5.3721 1.4146e+01     8.5428      1.208      1.753    21.8731 0.0000e+00
      1.242      0.036     9.4780    107.224     29.850  27.950181    28.1700     9.3362     0.2130     5.3721 1.3839e+01     8.4371      1.218      1.766    21.8564 0.0000e+00
      1.251      0.035     9.4590    107.057     29.844  27.942658    28.2600     9.2943     0.1704     5.4567 1.3262e+01     8.4824      1.227      1.780    21.8421 0.0000e+00
      1.260      0.033     9.4404    106.916     29.825  27.926670    28.2600     9.3019     0.1704     5.4567 1.2706e+01     8.5428      1.236      1.793    21.8296 0.0000e+00
      1.269      0.031     9.4235    106.816     29.826  27.931806    28.2600     9.2599     0.1704     5.4567 1.2460e+01     8.0594      1.245      1.805    21.8188 0.0000e+00
      1.277      0.029     9.4081    106.777     29.857  27.965410    28.2600     9.2752     0.1704     5.4567 1.2214e+01     7.9688      1.252      1.817    21.8116 0.0000e+00
      1.284      0.027     9.3939    106.804     29.892  28.002590    28.5300     9.2409     0.1704     5.5413 1.2158e+01     8.0292      1.259      1.827    21.8094 0.0000e+00
      1.290      0.025     9.3811    106.883     29.894  28.005470    28.5300     9.2256     0.1704     5.5413 1.2184e+01     7.9839      1.265      1.835    21.8120 0.0000e+00
      1.296      0.024     9.3711    107.000     29.871  27.982784    28.5300    10.1183     0.1704     5.5413 1.2238e+01     7.7271      1.271      1.843    21.8184 0.0000e+00
      1.301      0.024     9.3662    107.133     29.852  27.960342    28.5300    10.0878     0.1704     5.5413 1.2184e+01     7.6667      1.276      1.851    21.8269 0.0000e+00
      1.307      0.024     9.3673    107.254     29.830  27.932160    27.9000    10.1297     0.1704     5.4144 1.2016e+01     7.7422      1.282      1.859    21.8341 0.0000e+00
      1.313      0.025     9.3737    107.336     29.803  27.898687    27.9000    10.1106     0.1704     5.4144 1.1817e+01     7.8026      1.288      1.868    21.8368 0.0000e+00
