Data/DataNotYetUploadedToEDI/Raw_CTD/RawDownloads/060324_fcr20_S7809008.cnv
* Sea-Bird SBE19plus  Data File:
* FileName = C:\R\Reservoirs\Data\DataNotYetUploadedToEDI\Raw_CTD\RawDownloads\052724_bvr50_S7809_0008.hex
* Software version 2.8.0.119
* Temperature SN = 7809
* Conductivity SN = 7809
* System UpLoad Time = Jun 04 2024 12:23:57
* <ApplicationData>
* <Seaterm232>
# nquan = 15
# nvalues = 963                         
# units = specified
# name 0 = depFM: Depth [fresh water, m]
# name 1 = dz/dtM: Descent Rate [m/s]
# name 2 = sbeox0Mg/L: Oxygen, SBE 43 [mg/l]
# name 3 = sbeox0PS: Oxygen, SBE 43 [% saturation]
# name 4 = specc: Specific Conductance [uS/cm]
# name 5 = c0uS/cm: Conductivity [uS/cm]
# name 6 = flECO-AFL: Fluorescence, WET Labs ECO-AFL/FL [mg/m^3]
# name 7 = ph: pH
# name 8 = orp: Oxidation Reduction Potential [mV]
# name 9 = par/sat/log: PAR/Logarithmic, Satlantic
# name 10 = turbWETntu0: Turbidity, WET Labs ECO [NTU]
# name 11 = prdM: Pressure, Strain Gauge [db]
# name 12 = prdE: Pressure, Strain Gauge [psi]
# name 13 = tv290C: Temperature [ITS-90, deg C]
# name 14 = flag:  0.000e+00
# span 0 =     -0.660,      2.564       
# span 1 =     -0.373,      0.164       
# span 2 =     3.6634,     9.4412       
# span 3 =     38.875,    108.537       
# span 4 =      1.828,     42.796       
# span 5 =   1.751109,  38.600980       
# span 6 =    -0.2828,    86.3957       
# span 7 =      8.257,      8.515       
# span 8 =    32.7639,   836.6439       
# span 9 = 9.4775e+01, 2.6429e+03       
# span 10 =    -1.5094,   134.7456      
# span 11 =     -0.649,      2.514      
# span 12 =     -0.942,      3.647      
# span 13 =    18.0959,    23.3273      
# span 14 = 0.0000e+00, 0.0000e+00      
# interval = seconds: 0.25
# start_time = Jun 03 2024 12:16:14 [Instrument's time stamp, header]
# bad_flag = -9.990e-29
*END*
[from data line 482]
     -0.076     -0.007     8.5842     99.413     39.037  37.219597     1.6666      8.454   221.6948 1.6710e+03     5.1408     -0.073     -0.106    22.5969 0.0000e+00
     -0.078     -0.009     8.5823     99.464     39.042  37.229885     1.6294      8.453   221.6564 1.8480e+03     5.1588     -0.074     -0.108    22.6032 0.0000e+00
     -0.082     -0.009     8.5806     99.505     39.042  37.227493     1.6282      8.453   221.6603 1.9159e+03     5.2417     -0.080     -0.117    22.6268 0.0000e+00
     -0.087     -0.008     8.5788     99.528     39.012  37.190672     1.5771      8.453   221.8279 1.8715e+03     5.2204     -0.087     -0.126    22.6523 0.0000e+00
     -0.092     -0.005     8.5796     99.504     38.996  37.165395     1.4944      8.453   221.9630 1.7612e+03     5.1740     -0.091     -0.133    22.6704 0.0000e+00
     -0.092      0.000     8.5840     99.414     39.018  37.175676     1.4520      8.453   221.9161 1.6812e+03     5.1935     -0.092     -0.133    22.6780 0.0000e+00
     -0.090      0.005     8.5874     99.305     39.041  37.188057     1.4558      8.453   221.7774 1.6927e+03     5.2170     -0.088     -0.127    22.6738 0.0000e+00
     -0.086      0.009     8.5927     99.233     39.046  37.188162     1.4985      8.453   221.7486 1.7382e+03     5.2191     -0.084     -0.122    22.6616 0.0000e+00
     -0.082      0.011     8.5945     99.223     39.037  37.176938     1.5692      8.453   221.8262 1.6960e+03     5.2533     -0.080     -0.116    22.6481 0.0000e+00
     -0.078      0.011     8.5867     99.269     39.040  37.179253     1.6030      8.453   221.9410 1.6335e+03     5.3229     -0.075     -0.110    22.6332 0.0000e+00
     -0.075      0.009     8.5777     99.348     39.077  37.216162     1.6072      8.453   222.0175 1.6973e+03     5.3769     -0.073     -0.107    22.6194 0.0000e+00
     -0.072      0.005     8.5720     99.445     39.099  37.242477     1.6109      8.453   222.0630 1.8158e+03     5.3259     -0.071     -0.102    22.6134 0.0000e+00
     -0.071      0.003     8.5710     99.529     39.093  37.243619     1.6061      8.454   222.0619 1.8471e+03     5.1844     -0.069     -0.100    22.6119 0.0000e+00
     -0.072      0.001     8.5773     99.571     39.074  37.229982     1.6080      8.455   221.9177 1.8559e+03     5.1004     -0.070     -0.102    22.6088 0.0000e+00
     -0.074      0.001     8.5833     99.591     39.045  37.204506     1.6087      8.456   221.8689 1.9526e+03     5.0968     -0.072     -0.105    22.6102 0.0000e+00
     -0.075      0.002     8.5911     99.576     39.033  37.189416     1.5981      8.457   221.9017 2.0407e+03     5.1405     -0.074     -0.107    22.6204 0.0000e+00
     -0.074      0.003     8.5991     99.521     39.025  37.174429     1.5806      8.457   221.7980 2.0605e+03     5.1501     -0.073     -0.106    22.6296 0.0000e+00
     -0.072      0.004     8.5991     99.457     39.009  37.150192     1.5632      8.457   221.7338 2.1433e+03     5.0767     -0.071     -0.103    22.6368 0.0000e+00
     -0.069      0.003     8.6012     99.398     39.015  37.150173     1.5537      8.457   221.8137 2.1883e+03     5.0385     -0.069     -0.098    22.6404 0.0000e+00
     -0.067      0.001     8.6021     99.370     39.041  37.174191     1.5402      8.458   221.9893 2.1053e+03     5.0637     -0.066     -0.096    22.6345 0.0000e+00
     -0.067     -0.001     8.5966     99.410     39.051  37.186766     1.5090      8.458   222.1363 2.0652e+03     5.1417     -0.064     -0.093    22.6231 0.0000e+00
     -0.069     -0.002     8.5935     99.485     39.031  37.175323     1.4600      8.458   222.1278 2.0887e+03     5.1966     -0.066     -0.095    22.6113 0.0000e+00
     -0.072     -0.002     8.5896     99.572     39.010  37.162754     1.4220      8.458   222.0590 2.1613e+03     5.1471     -0.072     -0.104    22.6034 0.0000e+00
     -0.074     -0.001     8.5843     99.660     39.008  37.161717     1.4147      8.458   222.0792 2.2142e+03     5.1242     -0.074     -0.107    22.6012 0.0000e+00
     -0.073      0.001     8.5901     99.692     39.015  37.162778     1.4299      8.458   222.1142 2.2765e+03     5.1930     -0.073     -0.106    22.6047 0.0000e+00
     -0.071      0.002     8.5953     99.663     39.032  37.175575     1.4476      8.459   222.1377 2.3814e+03     5.2619     -0.070     -0.101    22.6165 0.0000e+00
     -0.068      0.002     8.5989     99.613     39.044  37.189523     1.4458      8.460   222.1910 2.3603e+03     5.2389     -0.067     -0.097    22.6315 0.0000e+00
     -0.067      0.001     8.6104     99.568     39.052  37.204518     1.4326      8.460   222.2422 2.2359e+03     5.1545     -0.065     -0.094    22.6321 0.0000e+00
     -0.068     -0.002     8.6145     99.547     39.067  37.229993     1.4050      8.460   222.3264 2.1068e+03     5.0950     -0.066     -0.096    22.6193 0.0000e+00
     -0.069     -0.005     8.6112     99.549     39.070  37.243741     1.3623      8.460   222.3484 2.0388e+03     5.1348     -0.068     -0.099    22.6127 0.0000e+00
     -0.071     -0.007     8.6064     99.575     39.061  37.243856     1.3404      8.460   222.3373 1.9495e+03     5.2259     -0.069     -0.100    22.6162 0.0000e+00
     -0.074     -0.007     8.5992     99.631     39.042  37.231383     1.3319      8.461   222.3642 1.7749e+03     5.2056     -0.072     -0.105    22.6275 0.0000e+00
     -0.077     -0.006     8.5953     99.699     39.024  37.219856     1.3253      8.461   222.4148 1.6345e+03     5.2302     -0.075     -0.109    22.6435 0.0000e+00
     -0.079     -0.004     8.5931     99.750     39.031  37.231393     1.3441      8.461   222.5198 1.5565e+03     5.3871     -0.078     -0.113    22.6590 0.0000e+00
     -0.080     -0.002     8.5926     99.762     39.043  37.243979     1.3766      8.462   222.6008 1.4968e+03     5.4626     -0.079     -0.115    22.6702 0.0000e+00
     -0.079      0.001     8.5977     99.750     39.048  37.245125     1.3936      8.462   222.6201 1.4262e+03     5.4603     -0.078     -0.113    22.6764 0.0000e+00
     -0.078      0.003     8.6030     99.723     39.050  37.245239     1.3748      8.462   222.6676 1.3453e+03     5.4282     -0.076     -0.110    22.6826 0.0000e+00
     -0.076      0.004     8.6076     99.660     39.047  37.245351     1.3329      8.461   222.7449 1.2881e+03     5.3817     -0.074     -0.108    22.6910 0.0000e+00
     -0.075      0.004     8.6071     99.565     39.044  37.246496     1.3192      8.460   222.7801 1.2421e+03     5.4105     -0.073     -0.106    22.6926 0.0000e+00
     -0.073      0.003     8.6065     99.463     39.053  37.259081     1.3337      8.460   222.8343 1.1687e+03     5.4690     -0.071     -0.103    22.6845 0.0000e+00
     -0.072      0.000     8.6068     99.365     39.062  37.270618     1.3341      8.460   222.8844 1.0966e+03     5.4400     -0.070     -0.101    22.6813 0.0000e+00
     -0.073     -0.002     8.5996     99.262     39.047  37.259081     1.3311      8.460   222.8704 1.0376e+03     5.2993     -0.071     -0.103    22.6874 0.0000e+00
     -0.074     -0.003     8.5896     99.168     39.032  37.246506     1.3484      8.461   222.8368 9.8568e+02     5.1684     -0.072     -0.105    22.6935 0.0000e+00
     -0.076     -0.003     8.5795     99.104     39.032  37.245476     1.3688      8.461   222.8219 9.5334e+02     5.1553     -0.074     -0.108    22.6971 0.0000e+00
     -0.078     -0.002     8.5714     99.073     39.036  37.246630     1.3775      8.461   222.8627 9.4542e+02     5.1749     -0.076     -0.110    22.7014 0.0000e+00
     -0.078     -0.001     8.5611     99.063     39.053  37.260456     1.3706      8.460   222.9853 9.6026e+02     5.2002     -0.076     -0.111    22.7061 0.0000e+00
     -0.078      0.000     8.5515     99.055     39.079  37.285732     1.3602      8.460   223.0998 9.7531e+02     5.2901     -0.076     -0.111    22.7077 0.0000e+00
     -0.077 -4.692e-07     8.5467     99.044     39.090  37.298422     1.3686      8.460   223.1285 9.6090e+02     5.3745     -0.075     -0.109    22.7064 0.0000e+00
     -0.076      0.000     8.5444     99.028     39.073  37.286990     1.3885      8.460   223.1609 9.4062e+02     5.4340     -0.074     -0.108    22.7025 0.0000e+00
     -0.076     -0.000     8.5456     99.002     39.056  37.274422     1.4019      8.460   223.1470 9.5745e+02     5.4636     -0.073     -0.107    22.6994 0.0000e+00
     -0.077     -0.001     8.5443     98.950     39.055  37.273374     1.4131      8.460   223.0463 9.9126e+02     5.4247     -0.075     -0.108    22.6988 0.0000e+00
     -0.078     -0.002     8.5437     98.868     39.060  37.274319     1.4246      8.461   223.0617 1.0054e+03     5.3742     -0.076     -0.111    22.7013 0.0000e+00
     -0.078     -0.002     8.5403     98.780     39.076  37.285846     1.4405      8.461   223.2471 1.0144e+03     5.3655     -0.077     -0.111    22.7091 0.0000e+00
     -0.078     -0.003     8.5383     98.717     39.080  37.285836     1.4728      8.461   223.3953 1.0286e+03     5.3878     -0.076     -0.110    22.7149 0.0000e+00
     -0.078     -0.003     8.5343     98.699     39.071  37.274195     1.4903      8.461   223.3911 1.0006e+03     5.3708     -0.077     -0.111    22.7144 0.0000e+00
     -0.079     -0.004     8.5264     98.714     39.070  37.271994     1.4775      8.461   223.3683 9.3743e+02     5.3302     -0.078     -0.112    22.7097 0.0000e+00
     -0.081     -0.004     8.5197     98.763     39.057  37.259217     1.4678      8.463   223.4645 9.1379e+02     5.3409     -0.080     -0.115    22.7039 0.0000e+00
     -0.083     -0.004     8.5129     98.840     39.043  37.246621     1.4803      8.464   223.6077 9.3520e+02     5.3983     -0.081     -0.118    22.6991 0.0000e+00
     -0.084     -0.003     8.5141     98.931     39.043  37.246610     1.5045      8.464   223.6370 9.5851e+02     5.4431     -0.081     -0.118    22.6944 0.0000e+00
     -0.085     -0.002     8.5148     99.028     39.058  37.259081     1.5108      8.464   223.5605 9.5881e+02     5.4045     -0.083     -0.121    22.6928 0.0000e+00
     -0.085     -0.001     8.5192     99.103     39.074  37.270495     1.4984      8.465   223.5424 9.4776e+02     5.3408     -0.084     -0.122    22.6930 0.0000e+00
     -0.085      0.001     8.5270     99.160     39.065  37.257699     1.4884      8.465   223.5907 9.4453e+02     5.3558     -0.083     -0.120    22.6926 0.0000e+00
     -0.084      0.003     8.5336     99.226     39.041  37.231268     1.5063      8.465   223.5414 9.3263e+02     5.4159     -0.083     -0.120    22.6949 0.0000e+00
     -0.083      0.005     8.5438     99.277     39.019  37.204733     1.5483      8.465   223.4633 9.0615e+02     5.4528     -0.082     -0.118    22.6942 0.0000e+00
     -0.082      0.006     8.5519     99.300     39.012  37.190672     1.5632      8.465   223.5063 8.8694e+02     5.4257     -0.081     -0.117    22.6859 0.0000e+00
     -0.080      0.007     8.5551     99.330     39.018  37.188157     1.5529      8.465   223.6308 8.9413e+02     5.3612     -0.079     -0.113    22.6816 0.0000e+00
     -0.077      0.007     8.5628     99.373     39.013  37.174313     1.5562      8.465   223.7653 8.5158e+02     5.3228     -0.076     -0.110    22.6792 0.0000e+00
     -0.075      0.007     8.5705     99.425     38.998  37.150181     1.5701      8.466   223.8416 7.5074e+02     5.2692     -0.074     -0.107    22.6689 0.0000e+00
     -0.073      0.006     8.5706     99.495     39.005  37.150181     1.5718      8.466   223.7792 7.0109e+02     5.1910     -0.072     -0.104    22.6612 0.0000e+00
     -0.072      0.005     8.5757     99.558     39.036  37.174304     1.5599      8.467   223.6995 6.7943e+02     5.1282     -0.071     -0.103    22.6514 0.0000e+00
     -0.071      0.004     8.5823     99.614     39.054  37.188024     1.5586      8.467   223.7378 6.6411e+02     5.1257     -0.070     -0.101    22.6368 0.0000e+00
     -0.070      0.002     8.5868     99.663     39.055  37.189158     1.5733      8.467   223.8115 6.9078e+02     5.1938     -0.068     -0.099    22.6259 0.0000e+00
     -0.070      0.001     8.5971     99.678     39.050  37.188012     1.5796      8.468   223.9023 7.2987e+02     5.2338     -0.068     -0.098    22.6161 0.0000e+00
     -0.070      0.001     8.6027     99.676     39.031  37.174168     1.5761      8.468   223.9753 7.4360e+02     5.2003     -0.068     -0.099    22.6093 0.0000e+00
     -0.070      0.001     8.6075     99.656     39.006  37.148684     1.5815      8.467   224.0057 7.3865e+02     5.1978     -0.069     -0.100    22.6057 0.0000e+00
     -0.070      0.002     8.6147     99.609     38.997  37.133707     1.6027      8.466   224.0114 7.4828e+02     5.3063     -0.069     -0.100    22.6047 0.0000e+00
     -0.070      0.004     8.6127     99.557     38.991  37.119978     1.6244      8.466   224.0439 7.8000e+02     5.4193     -0.069     -0.100    22.6102 0.0000e+00
     -0.069      0.008     8.6116     99.522     38.986  37.109586     1.6276      8.465   224.1413 7.4933e+02     5.4373     -0.068     -0.098    22.6188 0.0000e+00
     -0.068      0.009     8.6108     99.521     39.018  37.134958     1.6167      8.465   224.1560 6.6907e+02     5.3863     -0.068     -0.098    22.6182 0.0000e+00
     -0.063      0.009     8.6076     99.567     39.062  37.172923     1.6095      8.464   224.0502 6.4177e+02     5.3499     -0.063     -0.092    22.6064 0.0000e+00
     -0.058      0.008     8.6045     99.627     39.076  37.187901     1.6148      8.464   223.9810 6.4216e+02     5.3724     -0.056     -0.081    22.5928 0.0000e+00
     -0.054      0.006     8.6024     99.695     39.068  37.189150     1.6232      8.464   224.0079 6.4251e+02     5.4199     -0.052     -0.075    22.5873 0.0000e+00
     -0.054      0.002     8.6015     99.810     39.058  37.188034     1.6193      8.464   224.1163 6.2808e+02     5.4118     -0.052     -0.076    22.5829 0.0000e+00
     -0.057     -0.005     8.6087     99.912     39.038  37.174418     1.6172      8.463   224.2594 6.0172e+02     5.3426     -0.055     -0.081    22.5742 0.0000e+00
     -0.059     -0.013     8.6155     99.929     39.011  37.151440     1.6399      8.462   224.2764 6.0682e+02     5.3015     -0.058     -0.084    22.5754 0.0000e+00
     -0.060     -0.022     8.6142     99.904     39.021  37.164024     1.6685      8.461   224.2351 6.3047e+02     5.3241     -0.059     -0.085    22.5893 0.0000e+00
     -0.064     -0.030     8.6259     99.904     39.056  37.199672     1.6718      8.462   224.2764 6.2037e+02     5.4102     -0.059     -0.085    22.6031 0.0000e+00
     -0.074     -0.036     8.6373     99.922     39.053  37.201741     1.5885      8.463   224.2589 5.8682e+02     5.4557     -0.069     -0.100    22.6084 0.0000e+00
     -0.089     -0.039     8.6355     99.925     39.034  37.189040     1.4436      8.463   224.1959 5.7606e+02     5.4302     -0.087     -0.127    22.6106 0.0000e+00
     -0.105     -0.037     8.6301     99.883     39.015  37.173020     1.3684      8.463   224.2033 5.9301e+02     5.4083     -0.104     -0.150    22.6147 0.0000e+00
     -0.117     -0.028     8.6304     99.806     38.981  37.134950     1.3701      8.463   224.2623 6.2136e+02     5.3966     -0.116     -0.168    22.6176 0.0000e+00
     -0.124     -0.016     8.6322     99.746     38.966  37.109458     1.4139      8.463   224.3071 6.5208e+02     5.3562     -0.123     -0.178    22.6236 0.0000e+00
     -0.126     -0.002     8.6316     99.736     38.986  37.118593     1.4728      8.463   224.2289 6.7962e+02     5.2279     -0.125     -0.181    22.6340 0.0000e+00
     -0.121      0.008     8.6277     99.771     38.995  37.118480     1.4908      8.464   224.0911 6.7937e+02     5.1430     -0.120     -0.174    22.6387 0.0000e+00
     -0.112      0.015     8.6194     99.821     38.993  37.108077     1.4908      8.464   224.1037 6.5286e+02     5.1490     -0.110     -0.159    22.6292 0.0000e+00
     -0.104      0.017     8.6169     99.875     39.013  37.119709     1.5565      8.465   224.2951 6.1308e+02     5.2322     -0.101     -0.146    22.6123 0.0000e+00
