Data/DataNotYetUploadedToEDI/Raw_CTD/RawDownloads/060324_fcr50_S8188002.cnv
* Sea-Bird SBE19plus  Data File:
* FileName = C:\R\Reservoirs\Data\DataNotYetUploadedToEDI\Raw_CTD\RawDownloads\060324_bvr50_S78188_0002.hex
* Software version 2.8.0.119
* Temperature SN = 8188
* Conductivity SN = 8188
* System UpLoad Time = Jun 20 2024 16:35:00
* <ApplicationData>
* <Seaterm232>
# nquan = 16
# nvalues = 1820                        
# units = specified
# name 0 = depFM: Depth [fresh water, m]
# name 1 = dz/dtM: Descent Rate [m/s]
# name 2 = sbeox0Mg/L: Oxygen, SBE 43 [mg/l]
# name 3 = sbeox0PS: Oxygen, SBE 43 [% saturation]
# name 4 = specc: Specific Conductance [uS/cm]
# name 5 = c0uS/cm: Conductivity [uS/cm]
# name 6 = wetCDOM: Fluorescence, WET Labs CDOM [mg/m^3]
# name 7 = flECO-AFL: Fluorescence, WET Labs ECO-AFL/FL [mg/m^3]
# name 8 = flECO-AFL1: Fluorescence, WET Labs ECO-AFL/FL, 2 [mg/m^3]
# name 9 = flECO-AFL2: Fluorescence, WET Labs ECO-AFL/FL, 3 [mg/m^3]
# name 10 = par/sat/log: PAR/Logarithmic, Satlantic
# name 11 = turbWETntu0: Turbidity, WET Labs ECO [NTU]
# name 12 = prdM: Pressure, Strain Gauge [db]
# name 13 = prdE: Pressure, Strain Gauge [psi]
# name 14 = tv290C: Temperature [ITS-90, deg C]
# name 15 = flag:  0.000e+00
# span 0 =     -0.684,      9.510       
# span 1 =     -0.351,      0.132       
# span 2 =     0.3043,    12.1997       
# span 3 =      2.768,    121.389       
# span 4 =     -0.553,    214.524       
# span 5 =  -0.604981, 155.764212       
# span 6 =    -4.5000,   183.9600       
# span 7 =    -0.7195,     4.6822       
# span 8 =    -2.1300,     0.2982       
# span 9 =    -2.0304,     1.4805       
# span 10 = 1.1577e-01, 2.9604e+03      
# span 11 =    -1.2461,   225.9395      
# span 12 =     -0.671,      9.326      
# span 13 =     -0.973,     13.527      
# span 14 =    11.1103,    29.7235      
# span 15 = 0.0000e+00, 0.0000e+00      
# interval = seconds: 0.25
# start_time = Jun 03 2024 10:09:32 [Instrument's time stamp, header]
# bad_flag = -9.990e-29
*END*
[from data line 633]
      0.710      0.020     8.7691     99.932     37.806  35.345105    23.5800     2.0310     0.0852     0.4653 1.3552e+02     0.2947      0.697      1.010    21.7408 0.0000e+00
      0.715      0.019     8.7710     99.950     37.818  35.355576    23.5800     2.0653     0.0852     0.4653 1.3529e+02     0.2192      0.701      1.017    21.7403 0.0000e+00
      0.719      0.018     8.7738     99.937     37.862  35.396443    23.6700     2.0386     0.0426     0.5922 1.3491e+02     0.3854      0.706      1.023    21.7399 0.0000e+00
      0.724      0.018     8.7772     99.893     37.901  35.432790    23.6700     2.0310     0.0426     0.5922 1.3485e+02     0.2343      0.710      1.029    21.7396 0.0000e+00
      0.728      0.018     8.7804     99.823     37.896  35.428490    23.6700     2.0997     0.0426     0.5922 1.3432e+02    -0.0074      0.714      1.036    21.7394 0.0000e+00
      0.732      0.019     8.7820     99.739     37.875  35.408293    23.6700     2.1073     0.0426     0.5922 1.3418e+02     0.0077      0.718      1.042    21.7393 0.0000e+00
      0.737      0.021     8.7809     99.652     37.864  35.396694    23.5800     2.0997     0.0852     0.5922 1.3388e+02     0.0228      0.723      1.049    21.7392 0.0000e+00
      0.743      0.022     8.7771     99.576     37.847  35.380641    23.5800     2.1149     0.0852     0.5922 1.3351e+02    -0.0074      0.728      1.056    21.7390 0.0000e+00
      0.748      0.025     8.7710     99.526     37.843  35.375773    23.5800     1.9051     0.0852     0.5922 1.3310e+02     0.3552      0.734      1.065    21.7386 0.0000e+00
      0.755      0.027     8.7637     99.513     37.868  35.398720    23.5800     1.9127     0.0852     0.5922 1.3281e+02     0.3249      0.740      1.074    21.7381 0.0000e+00
      0.762      0.030     8.7561     99.534     37.889  35.417752    23.6700     1.9089     0.0852     0.4653 1.3258e+02     0.3098      0.747      1.084    21.7375 0.0000e+00
      0.770      0.032     8.7496     99.579     37.884  35.412048    23.6700     1.8975     0.0852     0.4653 1.3209e+02     0.3249      0.755      1.095    21.7367 0.0000e+00
      0.778      0.035     8.7453     99.630     37.876  35.403991    23.6700     2.0234     0.0852     0.4653 1.3155e+02     0.2796      0.763      1.107    21.7359 0.0000e+00
      0.788      0.037     8.7443     99.670     37.885  35.411354    23.6700     2.0424     0.0852     0.4653 1.3081e+02     0.3854      0.772      1.120    21.7349 0.0000e+00
      0.798      0.039     8.7464     99.694     37.892  35.416179    23.6700     2.0119     0.0852     0.5076 1.3061e+02     0.3249      0.782      1.134    21.7338 0.0000e+00
      0.808      0.041     8.7505     99.704     37.875  35.399832    23.6700     2.0577     0.0852     0.5076 1.2928e+02     0.3552      0.793      1.149    21.7325 0.0000e+00
      0.819      0.042     8.7552     99.706     37.848  35.373891    23.6700     1.9967     0.0852     0.5076 1.2889e+02     0.3854      0.803      1.165    21.7312 0.0000e+00
      0.830      0.044     8.7590     99.703     37.825  35.351358    23.6700     1.9852     0.0852     0.5076 1.2822e+02     0.3552      0.814      1.181    21.7299 0.0000e+00
      0.841      0.045     8.7613     99.699     37.818  35.344153    23.6700     1.9776     0.0852     0.5076 1.2758e+02     0.4005      0.825      1.196    21.7286 0.0000e+00
      0.852      0.045     8.7624     99.692     37.828  35.352347    23.7600     1.9814     0.0852     0.5499 1.2648e+02     0.4156      0.836      1.212    21.7275 0.0000e+00
      0.864      0.046     8.7627     99.674     37.833  35.356211    23.7600     2.3095     0.0852     0.5499 1.2595e+02     0.2947      0.847      1.229    21.7264 0.0000e+00
      0.876      0.046     8.7627     99.626     37.844  35.364746    23.7600     2.2942     0.0852     0.5499 1.2522e+02     0.3249      0.859      1.246    21.7253 0.0000e+00
      0.888      0.046     8.7625     99.537     37.868  35.386202    23.7600     2.2484     0.0852     0.5499 1.2360e+02     0.2494      0.871      1.263    21.7241 0.0000e+00
      0.900      0.046     8.7622     99.419     37.884  35.400405    23.6700     2.3095     0.0852     0.5499 1.2413e+02     0.4307      0.883      1.280    21.7227 0.0000e+00
      0.912      0.046     8.7608     99.303     37.894  35.409150    23.6700     2.2294     0.0852     0.5499 1.2293e+02     0.3854      0.894      1.297    21.7212 0.0000e+00
      0.923      0.046     8.7569     99.220     37.906  35.418753    23.6700     2.2294     0.0852     0.5499 1.2287e+02     0.3249      0.906      1.313    21.7197 0.0000e+00
      0.935      0.046     8.7493     99.189     37.912  35.423807    23.6700     2.2446     0.0852     0.5499 1.2234e+02     0.3400      0.917      1.330    21.7183 0.0000e+00
      0.946      0.046     8.7391     99.211     37.915  35.425659    23.7600     2.2179     0.0426     0.5499 1.2173e+02     0.2645      0.928      1.346    21.7168 0.0000e+00
      0.958      0.046     8.7292     99.267     37.916  35.424803    23.7600     2.0997     0.0426     0.5499 1.2139e+02     0.3552      0.940      1.362    21.7154 0.0000e+00
      0.970      0.046     8.7221     99.331     37.913  35.421011    23.7600     2.0729     0.0426     0.5499 1.2062e+02     0.3249      0.951      1.379    21.7140 0.0000e+00
      0.981      0.046     8.7196     99.379     37.914  35.421239    23.7600     2.0806     0.0426     0.5499 1.1963e+02     0.3854      0.963      1.396    21.7126 0.0000e+00
      0.993      0.046     8.7218     99.397     37.928  35.433518    23.7600     2.1264     0.0426     0.5076 1.1935e+02     0.3552      0.974      1.413    21.7112 0.0000e+00
      1.005      0.046     8.7270     99.386     37.941  35.445184    23.7600     2.0997     0.0426     0.5076 1.1914e+02     0.4760      0.986      1.430    21.7099 0.0000e+00
      1.017      0.046     8.7327     99.360     37.957  35.459348    23.7600     2.0882     0.0426     0.5076 1.1834e+02     0.3703      0.997      1.447    21.7087 0.0000e+00
      1.029      0.047     8.7372     99.328     37.983  35.483773    23.7600     2.0729     0.0426     0.5076 1.1829e+02     0.3249      1.009      1.463    21.7077 0.0000e+00
      1.040      0.047     8.7389     99.299     38.011  35.509033    23.7600     2.0958     0.0426     0.5076 1.1824e+02     0.2947      1.020      1.480    21.7068 0.0000e+00
      1.052      0.047     8.7381     99.283     38.032  35.527921    23.8500     2.3438     0.0852     0.5922 1.1683e+02     0.3552      1.032      1.497    21.7061 0.0000e+00
      1.065      0.047     8.7359     99.284     38.012  35.507624    23.8500     2.3400     0.0852     0.5922 1.1605e+02     0.2796      1.044      1.515    21.7053 0.0000e+00
      1.077      0.048     8.7333     99.300     37.956  35.454683    23.8500     2.3591     0.0852     0.5922 1.1569e+02     0.3098      1.056      1.532    21.7045 0.0000e+00
      1.089      0.048     8.7309     99.322     37.930  35.428685    23.8500     2.3514     0.0852     0.5922 1.1514e+02     0.3098      1.068      1.549    21.7035 0.0000e+00
      1.101      0.049     8.7296     99.333     37.929  35.426682    23.8500     2.0768     0.0426     0.5922 1.1529e+02     0.2947      1.079      1.566    21.7024 0.0000e+00
      1.113      0.050     8.7300     99.325     37.920  35.416267    23.8500     2.0958     0.0426     0.5922 1.1484e+02     0.3249      1.091      1.583    21.7011 0.0000e+00
      1.126      0.051     8.7317     99.298     37.922  35.416575    23.8500     2.1073     0.0426     0.5922 1.1400e+02     0.4156      1.104      1.601    21.6995 0.0000e+00
      1.139      0.052     8.7339     99.252     37.945  35.435658    23.8500     2.0882     0.0426     0.5922 1.1311e+02     0.2796      1.117      1.620    21.6979 0.0000e+00
      1.153      0.053     8.7351     99.191     37.956  35.442745    23.8500     2.2065     0.0852     0.5499 1.1257e+02    -0.0074      1.130      1.639    21.6961 0.0000e+00
      1.166      0.053     8.7347     99.117     37.943  35.427775    23.8500     2.2255     0.0852     0.5499 1.1184e+02     0.0530      1.144      1.659    21.6942 0.0000e+00
      1.180      0.052     8.7328     99.026     37.928  35.410660    23.8500     2.2027     0.0852     0.5499 1.1058e+02     0.1437      1.157      1.679    21.6918 0.0000e+00
      1.194      0.051     8.7292     98.908     37.931  35.410741    23.8500     2.2141     0.0852     0.5499 1.0887e+02     0.1286      1.171      1.699    21.6887 0.0000e+00
      1.208      0.048     8.7245     98.756     37.943  35.420071    23.8500     2.2942     0.0852     0.7191 1.0683e+02     0.3098      1.184      1.718    21.6848 0.0000e+00
      1.220      0.045     8.7187     98.580     37.933  35.409264    23.8500     2.2866     0.0852     0.7191 1.0636e+02     0.2796      1.196      1.735    21.6803 0.0000e+00
      1.231      0.041     8.7114     98.400     37.901  35.379424    23.8500     2.2942     0.0852     0.7191 1.0678e+02     0.3249      1.207      1.751    21.6759 0.0000e+00
      1.241      0.038     8.7017     98.230     37.877  35.358450    23.8500     2.2789     0.0852     0.7191 1.0738e+02     0.2947      1.217      1.765    21.6723 0.0000e+00
      1.249      0.035     8.6888     98.081     37.865  35.348716    23.8500     2.1645     0.0852     0.7191 1.0720e+02     0.3098      1.225      1.777    21.6698 0.0000e+00
      1.257      0.034     8.6735     97.962     37.847  35.331692    23.8500     2.1645     0.0426     0.6345 1.0792e+02     0.3854      1.233      1.788    21.6686 0.0000e+00
      1.265      0.034     8.6576     97.888     37.822  35.306822    23.8500     2.1569     0.0426     0.6345 1.0932e+02     0.3552      1.240      1.799    21.6687 0.0000e+00
      1.273      0.035     8.6425     97.863     37.804  35.287393    23.8500     2.1569     0.0426     0.6345 1.1029e+02     0.2947      1.248      1.810    21.6700 0.0000e+00
      1.281      0.037     8.6291     97.868     37.802  35.282170    23.8500     2.2103     0.0426     0.6345 1.1065e+02     0.3552      1.257      1.822    21.6714 0.0000e+00
      1.291      0.040     8.6185     97.876     37.816  35.291751    23.8500     2.2332     0.0852     0.5499 1.1015e+02     0.3552      1.266      1.837    21.6718 0.0000e+00
      1.302      0.042     8.6123     97.873     37.833  35.304747    23.8500     2.2103     0.0852     0.5499 1.0943e+02     0.2947      1.277      1.852    21.6698 0.0000e+00
      1.314      0.044     8.6108     97.848     37.853  35.320638    23.8500     2.2294     0.0852     0.5499 1.1003e+02     0.2494      1.289      1.869    21.6660 0.0000e+00
      1.326      0.045     8.6120     97.804     37.874  35.337687    23.8500     2.1454     0.0852     0.5499 1.1027e+02     0.4005      1.300      1.885    21.6613 0.0000e+00
      1.337      0.045     8.6136     97.748     37.873  35.334542    23.9400     2.1454     0.0852     0.6768 1.1289e+02     0.4005      1.311      1.902    21.6568 0.0000e+00
      1.349      0.045     8.6139     97.675     37.854  35.314349    23.9400     2.1454     0.0852     0.6768 1.1387e+02     0.3703      1.322      1.918    21.6527 0.0000e+00
      1.360      0.046     8.6123     97.580     37.846  35.303597    23.9400     2.1645     0.0852     0.6768 1.1688e+02     0.4005      1.334      1.934    21.6493 0.0000e+00
      1.371      0.046     8.6090     97.470     37.854  35.307385    23.9400     2.0729     0.0852     0.6768 1.1780e+02     0.4307      1.345      1.950    21.6463 0.0000e+00
      1.383      0.047     8.6046     97.362     37.864  35.314772    23.9400     2.0729     0.0852     0.6768 1.1896e+02     0.2494      1.357      1.967    21.6433 0.0000e+00
      1.395      0.047     8.5988     97.267     37.870  35.317768    23.8500     2.0882     0.0852     0.6768 1.1976e+02     0.2494      1.369      1.985    21.6397 0.0000e+00
      1.408      0.048     8.5910     97.194     37.871  35.317170    23.8500     2.1111     0.0852     0.6768 1.2168e+02     0.2947      1.381      2.002    21.6356 0.0000e+00
      1.420      0.048     8.5820     97.156     37.869  35.312819    23.8500     2.0348     0.0852     0.6768 1.2314e+02     0.2947      1.393      2.020    21.6315 0.0000e+00
      1.433      0.048     8.5731     97.161     37.868  35.309531    23.8500     2.0424     0.0852     0.6768 1.2403e+02     0.3552      1.405      2.038    21.6279 0.0000e+00
      1.445      0.048     8.5652     97.207     37.881  35.320374    23.8500     2.0424     0.0852     0.5499 1.2653e+02     0.3703      1.417      2.055    21.6249 0.0000e+00
      1.457      0.047     8.5592     97.278     37.893  35.330311    23.8500     2.0577     0.0852     0.5499 1.2664e+02     0.2645      1.429      2.072    21.6223 0.0000e+00
      1.469      0.047     8.5563     97.345     37.894  35.330038    23.8500     2.0272     0.0852     0.5499 1.2733e+02     0.2494      1.441      2.089    21.6196 0.0000e+00
      1.481      0.046     8.5572     97.384     37.895  35.329444    23.8500     2.0234     0.0852     0.5499 1.2634e+02     0.3249      1.452      2.106    21.6170 0.0000e+00
      1.492      0.047     8.5616     97.387     37.895  35.328369    23.9400     2.0462     0.0426     0.6345 1.2886e+02     0.3249      1.464      2.123    21.6147 0.0000e+00
      1.504      0.048     8.5682     97.354     37.900  35.330513    23.9400     2.0386     0.0426     0.6345 1.2827e+02     0.2947      1.475      2.139    21.6129 0.0000e+00
      1.515      0.050     8.5743     97.293     37.914  35.340429    23.9400     2.0195     0.0426     0.6345 1.2861e+02     0.2796      1.486      2.155    21.6114 0.0000e+00
      1.528      0.053     8.5780     97.212     37.924  35.344827    23.9400     2.1073     0.0426     0.6345 1.2772e+02     0.3703      1.498      2.173    21.6100 0.0000e+00
      1.541      0.057     8.5786     97.120     37.922  35.336909    23.9400     2.0806     0.0426     0.6345 1.3013e+02     0.4458      1.512      2.192    21.6082 0.0000e+00
      1.556      0.062     8.5761     97.032     37.932  35.338470    23.9400     2.0958     0.0426     0.6345 1.2869e+02     0.3400      1.526      2.213    21.6055 0.0000e+00
      1.573      0.066     8.5714     96.964     37.944  35.339964    23.9400     2.1149     0.0426     0.6345 1.2565e+02     0.3854      1.543      2.237    21.6013 0.0000e+00
      1.591      0.070     8.5653     96.927     37.939  35.325854    23.9400     2.1645     0.0426     0.6345 1.2484e+02     0.2947      1.560      2.263    21.5951 0.0000e+00
      1.610      0.073     8.5586     96.913     37.939  35.314289    23.9400     2.1645     0.0426     0.6345 1.2424e+02     0.3249      1.579      2.289    21.5866 0.0000e+00
      1.629      0.075     8.5526     96.908     37.942  35.304177    23.8500     2.1454     0.0426     0.6345 1.2298e+02     0.2645      1.598      2.317    21.5761 0.0000e+00
      1.649      0.076     8.5486     96.904     37.937  35.282860    23.8500     2.1454     0.0426     0.6345 1.2351e+02     0.3098      1.617      2.345    21.5641 0.0000e+00
      1.669      0.077     8.5476     96.898     37.928  35.254614    23.8500     2.5498     0.0426     0.6345 1.2574e+02     0.3552      1.636      2.373    21.5509 0.0000e+00
      1.688      0.077     8.5488     96.875     37.927  35.231826    23.8500     2.5307     0.0426     0.6345 1.2263e+02     0.2494      1.656      2.401    21.5361 0.0000e+00
      1.708      0.077     8.5512     96.816     37.933  35.212403    23.8500     2.5307     0.0426     0.5499 1.1862e+02     0.2645      1.675      2.430    21.5184 0.0000e+00
      1.728      0.076     8.5545     96.709     37.929  35.179212    23.8500     2.5345     0.0426     0.5499 1.1635e+02     0.2796      1.695      2.458    21.4965 0.0000e+00
      1.747      0.075     8.5583     96.561     37.911  35.127384    23.8500     2.6528     0.0426     0.5499 1.1632e+02     0.5515      1.714      2.485    21.4706 0.0000e+00
