Data/DataNotYetUploadedToEDI/Raw_CTD/RawDownloads/060324_fcr40_S7809010.cnv
* Sea-Bird SBE19plus  Data File:
* FileName = C:\R\Reservoirs\Data\DataNotYetUploadedToEDI\Raw_CTD\RawDownloads\052724_bvr50_S7809_0010.hex
* Software version 2.8.0.119
* Temperature SN = 7809
* Conductivity SN = 7809
* System UpLoad Time = Jun 04 2024 12:25:02
* <ApplicationData>
* <Seaterm232>
# nquan = 15
# nvalues = 1303                        
# units = specified
# name 0 = depFM: Depth [fresh water, m]
# name 1 = dz/dtM: Descent Rate [m/s]
# name 2 = sbeox0Mg/L: Oxygen, SBE 43 [mg/l]
# name 3 = sbeox0PS: Oxygen, SBE 43 [% saturation]
# name 4 = specc: Specific Conductance [uS/cm]
# name 5 = c0uS/cm: Conductivity [uS/cm]
# name 6 = flECO-AFL: Fluorescence, WET Labs ECO-AFL/FL [mg/m^3]
# name 7 = ph: pH
# name 8 = orp: Oxidation Reduction Potential [mV]
# name 9 = par/sat/log: PAR/Logarithmic, Satlantic
# name 10 = turbWETntu0: Turbidity, WET Labs ECO [NTU]
# name 11 = prdM: Pressure, Strain Gauge [db]
# name 12 = prdE: Pressure, Strain Gauge [psi]
# name 13 = tv290C: Temperature [ITS-90, deg C]
# name 14 = flag:  0.000e+00
# span 0 =     -0.664,      5.899       
# span 1 =     -0.299,      0.155       
# span 2 =     2.4007,     8.9913       
# span 3 =     22.370,    102.802       
# span 4 =      2.041,     46.814       
# span 5 =   1.829467,  36.988186       
# span 6 =    -1.1880,   232.7208       
# span 7 =      8.041,      8.491       
# span 8 =   200.5451,   295.8952       
# span 9 = 3.6070e+00, 2.8624e+03       
# span 10 =    -3.2225,   404.3714      
# span 11 =     -0.655,      5.786      
# span 12 =     -0.949,      8.391      
# span 13 =    11.1581,    22.6726      
# span 14 = 0.0000e+00, 0.0000e+00      
# interval = seconds: 0.25
# start_time = Jun 03 2024 12:42:08 [Instrument's time stamp, header]
# bad_flag = -9.990e-29
*END*
[from data line 193]
      0.086      0.006     8.6201     94.920     38.991  36.867127     2.4325      8.384   223.0965 2.7982e+02     5.4850      0.084      0.122    22.2865 0.0000e+00
      0.088      0.007     8.4823     94.475     38.982  36.855571     2.4289      8.384   223.1825 2.8279e+02     5.4415      0.086      0.125    22.2858 0.0000e+00
      0.092      0.007     8.3769     94.127     38.984  36.854513     2.4294      8.384   223.4181 2.8215e+02     5.4357      0.090      0.130    22.2815 0.0000e+00
      0.096      0.006     8.3009     93.834     38.985  36.854323     2.3893      8.384   223.6223 2.7985e+02     5.4494      0.095      0.136    22.2763 0.0000e+00
      0.097      0.004     8.2493     93.614     38.985  36.853275     2.3103      8.383   223.6733 2.7501e+02     5.4371      0.097      0.140    22.2715 0.0000e+00
      0.097      0.001     8.2143     93.474     38.973  36.841842     2.2644      8.383   223.6893 2.7049e+02     5.3891      0.097      0.140    22.2670 0.0000e+00
      0.096     -0.001     8.1866     93.384     38.976  36.842995     2.2509      8.383   223.7303 2.7240e+02     5.3470      0.095      0.137    22.2632 0.0000e+00
      0.094     -0.001     8.1597     93.330     39.004  36.867213     2.2715      8.383   223.7389 2.7587e+02     5.3722      0.092      0.134    22.2613 0.0000e+00
      0.093      0.000     8.1400     93.282     39.022  36.880839     2.3307      8.384   223.7934 2.7439e+02     5.4547      0.090      0.131    22.2604 0.0000e+00
      0.094 -4.652e-07     8.1302     93.221     39.023  36.880839     2.3677      8.385   223.9589 2.7572e+02     5.4907      0.091      0.133    22.2601 0.0000e+00
      0.096      0.000     8.1217     93.164     39.008  36.867212     2.3607      8.384   224.1050 2.8231e+02     5.4657      0.094      0.138    22.2591 0.0000e+00
      0.097      0.000     8.1193     93.125     38.981  36.842986     2.3209      8.383   224.1831 2.8247e+02     5.4595      0.096      0.140    22.2551 0.0000e+00
      0.096     -0.001     8.1169     93.103     38.980  36.841728     2.2781      8.383   224.3010 2.8087e+02     5.4496      0.096      0.139    22.2496 0.0000e+00
      0.095     -0.002     8.1103     93.093     38.994  36.852007     2.2675      8.382   224.4977 2.8276e+02     5.4148      0.094      0.135    22.2488 0.0000e+00
      0.093     -0.002     8.1052     93.100     38.984  36.840367     2.2674      8.382   224.5829 2.7911e+02     5.4138      0.091      0.131    22.2508 0.0000e+00
      0.092     -0.002     8.1009     93.130     38.972  36.827884     2.2523      8.383   224.5566 2.7574e+02     5.4040      0.089      0.129    22.2531 0.0000e+00
      0.093     -0.002     8.0999     93.184     38.972  36.827988     2.2424      8.383   224.6101 2.7848e+02     5.4329      0.090      0.131    22.2535 0.0000e+00
      0.094     -0.001     8.0989     93.280     38.986  36.841613     2.2565      8.383   224.7141 2.7852e+02     5.5238      0.092      0.134    22.2484 0.0000e+00
      0.094      0.000     8.1002     93.395     39.012  36.865727     2.2723      8.383   224.7810 2.7693e+02     5.5469      0.092      0.134    22.2435 0.0000e+00
      0.093      0.000     8.1036     93.457     39.014  36.865737     2.2917      8.384   224.8166 2.7830e+02     5.4733      0.091      0.131    22.2428 0.0000e+00
      0.091     -0.000     8.1065     93.458     38.993  36.841729     2.3244      8.384   224.8871 2.8113e+02     5.3853      0.089      0.129    22.2444 0.0000e+00
      0.091     -0.001     8.1150     93.420     38.983  36.829259     2.3519      8.384   225.0316 2.8156e+02     5.4045      0.089      0.128    22.2453 0.0000e+00
      0.092     -0.001     8.1291     93.346     38.998  36.841854     2.3663      8.384   225.1860 2.7801e+02     5.4660      0.091      0.131    22.2445 0.0000e+00
      0.093     -0.001     8.1346     93.275     39.025  36.867111     2.3492      8.384   225.2909 2.7784e+02     5.4805      0.093      0.135    22.2420 0.0000e+00
      0.093     -0.001     8.1333     93.245     39.039  36.880831     2.2951      8.383   225.3538 2.8014e+02     5.4436      0.092      0.132    22.2373 0.0000e+00
      0.091     -0.001     8.1326     93.246     39.039  36.880831     2.2437      8.383   225.3446 2.7613e+02     5.3615      0.089      0.129    22.2329 0.0000e+00
      0.090     -0.001     8.1240     93.250     39.024  36.867111     2.2356      8.383   225.3517 2.7260e+02     5.3412      0.087      0.127    22.2302 0.0000e+00
      0.090      0.000     8.1168     93.233     38.998  36.841855     2.2640      8.383   225.5267 2.7423e+02     5.3692      0.088      0.128    22.2301 0.0000e+00
      0.091      0.000     8.1146     93.198     38.984  36.829270     2.3042      8.383   225.6531 2.7296e+02     5.3584      0.089      0.129    22.2311 0.0000e+00
      0.092      0.001     8.1155     93.187     38.997  36.841845     2.3389      8.383   225.5885 2.7312e+02     5.3473      0.090      0.130    22.2308 0.0000e+00
      0.092      0.001     8.1171     93.239     39.024  36.866998     2.3505      8.384   225.5202 2.7995e+02     5.3720      0.091      0.132    22.2301 0.0000e+00
      0.092      0.001     8.1154     93.316     39.039  36.879583     2.3524      8.384   225.5154 2.8717e+02     5.3843      0.091      0.132    22.2301 0.0000e+00
      0.091      0.001     8.1113     93.353     39.028  36.867102     2.3779      8.385   225.5313 2.8960e+02     5.3591      0.090      0.130    22.2309 0.0000e+00
      0.091      0.001     8.1074     93.358     39.005  36.842989     2.4099      8.385   225.6260 2.8545e+02     5.3406      0.089      0.129    22.2309 0.0000e+00
      0.092      0.002     8.1142     93.344     39.006  36.841844     2.4145      8.385   225.8000 2.8062e+02     5.3654      0.090      0.130    22.2304 0.0000e+00
      0.093      0.002     8.1245     93.306     39.019  36.853259     2.4085      8.386   225.8281 2.7915e+02     5.3849      0.091      0.133    22.2291 0.0000e+00
      0.095      0.002     8.1266     93.251     39.020  36.854090     2.3876      8.386   225.7944 2.7794e+02     5.4062      0.093      0.135    22.2261 0.0000e+00
      0.095      0.002     8.1269     93.191     39.020  36.851896     2.3371      8.386   225.9080 2.7955e+02     5.4183      0.094      0.136    22.2229 0.0000e+00
      0.095      0.001     8.1272     93.153     38.995  36.826733     2.2967      8.386   225.9980 2.8182e+02     5.3607      0.094      0.136    22.2205 0.0000e+00
      0.095      0.000     8.1227     93.128     38.974  36.803650     2.2990      8.386   226.0215 2.7973e+02     5.3581      0.093      0.135    22.2191 0.0000e+00
      0.095     -0.002     8.1187     93.082     38.999  36.826619     2.3318      8.385   226.1057 2.8024e+02     5.4549      0.094      0.136    22.2183 0.0000e+00
      0.095     -0.002     8.1122     93.039     39.024  36.850638     2.3691      8.385   226.2424 2.8396e+02     5.5059      0.094      0.136    22.2169 0.0000e+00
      0.094     -0.002     8.1091     93.027     39.012  36.840246     2.3749      8.386   226.2978 2.8488e+02     5.4285      0.092      0.133    22.2142 0.0000e+00
      0.092     -0.001     8.1105     93.042     39.000  36.827868     2.3524      8.387   226.2588 2.8589e+02     5.3393      0.090      0.131    22.2103 0.0000e+00
      0.092      0.000     8.1045     93.063     39.002  36.827887     2.3209      8.388   226.2875 2.8861e+02     5.3843      0.090      0.131    22.2081 0.0000e+00
      0.092      0.001     8.1000     93.083     39.018  36.840474     2.2770      8.389   226.3867 2.8923e+02     5.4603      0.090      0.131    22.2091 0.0000e+00
      0.093      0.001     8.0987     93.120     39.032  36.853146     2.2546      8.387   226.4261 2.8721e+02     5.4715      0.091      0.133    22.2114 0.0000e+00
      0.095      0.002     8.1010     93.207     39.032  36.854195     2.2506      8.386   226.4191 2.8628e+02     5.4515      0.093      0.135    22.2112 0.0000e+00
      0.095      0.002     8.1037     93.323     39.030  36.853155     2.2359      8.387   226.5605 2.8393e+02     5.4239      0.094      0.136    22.2073 0.0000e+00
      0.095      0.002     8.1056     93.420     39.017  36.840579     2.2522      8.387   226.7585 2.7776e+02     5.4459      0.094      0.136    22.2034 0.0000e+00
      0.095      0.003     8.1070     93.480     39.007  36.829043     2.3061      8.387   226.8349 2.7689e+02     5.4783      0.093      0.135    22.2019 0.0000e+00
      0.095      0.004     8.1151     93.504     39.020  36.840579     2.3382      8.387   226.8815 2.7977e+02     5.4730      0.093      0.136    22.2048 0.0000e+00
      0.096      0.005     8.1275     93.519     39.034  36.853156     2.3321      8.387   226.8920 2.7784e+02     5.4847      0.095      0.137    22.2075 0.0000e+00
      0.098      0.005     8.1353     93.523     39.035  36.854205     2.3240      8.387   226.8752 2.7619e+02     5.5173      0.096      0.139    22.2052 0.0000e+00
      0.101      0.005     8.1425     93.485     39.034  36.853259     2.3398      8.388   226.9368 2.7754e+02     5.5263      0.099      0.144    22.2029 0.0000e+00
      0.103      0.004     8.1424     93.422     39.022  36.841712     2.3655      8.388   227.0346 2.8007e+02     5.4906      0.102      0.148    22.2018 0.0000e+00
      0.104      0.003     8.1439     93.349     39.022  36.841503     2.3765      8.387   227.1115 2.8472e+02     5.4620      0.103      0.149    22.2015 0.0000e+00
      0.103      0.001     8.1465     93.260     39.033  36.850733     2.3561      8.387   227.1779 2.8653e+02     5.4531      0.102      0.147    22.2018 0.0000e+00
      0.102      0.000     8.1417     93.193     39.009  36.826402     2.3196      8.387   227.2352 2.8198e+02     5.4514      0.100      0.145    22.2017 0.0000e+00
      0.103      0.000     8.1351     93.178     38.985  36.801125     2.3086      8.387   227.3746 2.7774e+02     5.4749      0.100      0.145    22.2023 0.0000e+00
      0.104      0.000     8.1306     93.197     38.985  36.798921     2.3236      8.388   227.4861 2.7860e+02     5.4639      0.102      0.147    22.2021 0.0000e+00
      0.104      0.001     8.1208     93.239     38.988  36.799751     2.3681      8.389   227.4651 2.8066e+02     5.4217      0.102      0.147    22.2006 0.0000e+00
      0.103      0.001     8.1139     93.284     39.002  36.811165     2.4389      8.389   227.5516 2.8246e+02     5.4092      0.101      0.146    22.1972 0.0000e+00
      0.103      0.001     8.1153     93.310     39.001  36.810010     2.4721      8.388   227.6712 2.8374e+02     5.4143      0.101      0.146    22.1937 0.0000e+00
      0.104      0.001     8.1164     93.323     38.976  36.785793     2.4700      8.388   227.7070 2.8061e+02     5.4495      0.102      0.147    22.1914 0.0000e+00
      0.105      0.001     8.1217     93.340     38.962  36.772168     2.4291      8.389   227.8124 2.7820e+02     5.4585      0.103      0.149    22.1881 0.0000e+00
      0.105      0.000     8.1269     93.356     38.963  36.772167     2.3358      8.390   227.9125 2.8036e+02     5.3870      0.103      0.150    22.1854 0.0000e+00
      0.105 1.8628e-08     8.1293     93.371     38.978  36.785784     2.2827      8.390   227.9714 2.8124e+02     5.3370      0.103      0.149    22.1848 0.0000e+00
      0.104 2.0490e-07     8.1287     93.383     39.004  36.809906     2.2862      8.390   228.0941 2.8259e+02     5.3660      0.102      0.148    22.1848 0.0000e+00
      0.104 2.0490e-07     8.1315     93.383     39.005  36.810010     2.2951      8.390   228.1909 2.8366e+02     5.3961      0.102      0.147    22.1845 0.0000e+00
      0.104 1.8627e-08     8.1329     93.414     38.980  36.787041     2.2989      8.390   228.1956 2.7817e+02     5.3592      0.102      0.147    22.1833 0.0000e+00
      0.104 1.6934e-09     8.1336     93.500     38.979  36.786001     2.2989      8.391   228.2362 2.7545e+02     5.3299      0.102      0.147    22.1821 0.0000e+00
      0.104 1.5395e-10     8.1368     93.576     38.991  36.797434     2.3036      8.392   228.3383 2.7999e+02     5.3837      0.102      0.148    22.1816 0.0000e+00
      0.105 1.4016e-11     8.1340     93.578     38.993  36.798369     2.3061      8.392   228.3975 2.8100e+02     5.4625      0.103      0.149    22.1813 0.0000e+00
      0.105 1.5036e-12     8.1354     93.534     38.994  36.797311     2.3040      8.392   228.4361 2.7902e+02     5.4969      0.103      0.150    22.1814 0.0000e+00
      0.104 2.6602e-12     8.1459     93.507     38.984  36.784640     2.3034      8.391   228.4615 2.7877e+02     5.4581      0.102      0.148    22.1817 0.0000e+00
      0.104 2.8001e-11     8.1554     93.513     38.974  36.772065     2.2979      8.391   228.4450 2.7741e+02     5.3691      0.102      0.148    22.1820 0.0000e+00
      0.104 3.0790e-10     8.1539     93.547     38.977  36.772160     2.2958      8.391   228.5809 2.7771e+02     5.3433      0.102      0.148    22.1814 0.0000e+00
      0.104 3.3868e-09     8.1477     93.593     38.993  36.785785     2.3109      8.391   228.7281 2.8264e+02     5.4198      0.102      0.149    22.1789 0.0000e+00
      0.105 3.7255e-08     8.1463     93.654     39.019  36.809909     2.3313      8.392   228.6769 2.8735e+02     5.5074      0.103      0.150    22.1742 0.0000e+00
      0.105 4.0981e-07     8.1477     93.737     39.018  36.810023     2.3265      8.392   228.6502 2.8777e+02     5.5152      0.103      0.149    22.1688 0.0000e+00
      0.105      0.000     8.1519     93.833     38.991  36.787158     2.3030      8.393   228.7494 2.8513e+02     5.4453      0.103      0.150    22.1653 0.0000e+00
      0.105      0.000     8.1562     93.932     38.988  36.787272     2.3125      8.393   228.9297 2.8176e+02     5.4146      0.103      0.149    22.1639 0.0000e+00
      0.105      0.001     8.1606     93.977     39.011  36.811403     2.3497      8.393   229.0232 2.8240e+02     5.4166      0.103      0.149    22.1637 0.0000e+00
      0.105      0.001     8.1690     93.942     39.023  36.825123     2.3697      8.394   228.9339 2.8841e+02     5.4012      0.103      0.149    22.1647 0.0000e+00
      0.106      0.001     8.1757     93.856     39.023  36.826258     2.3720      8.394   228.8822 2.8994e+02     5.3993      0.104      0.150    22.1679 0.0000e+00
      0.106      0.001     8.1864     93.746     39.019  36.825123     2.3857      8.394   228.9992 2.8747e+02     5.4274      0.104      0.151    22.1727 0.0000e+00
      0.106      0.001     8.1914     93.642     39.002  36.811402     2.4187      8.394   229.1445 2.8689e+02     5.5017      0.105      0.152    22.1761 0.0000e+00
      0.106      0.001     8.1853     93.558     38.974  36.787270     2.4304      8.395   229.2633 2.8506e+02     5.4785      0.104      0.151    22.1778 0.0000e+00
      0.107      0.001     8.1782     93.508     38.972  36.787156     2.4264      8.396   229.3163 2.8151e+02     5.3850      0.105      0.152    22.1803 0.0000e+00
      0.107      0.001     8.1658     93.504     38.994  36.810030     2.4284      8.396   229.2695 2.8042e+02     5.3967      0.105      0.152    22.1838 0.0000e+00
      0.107      0.001     8.1567     93.525     38.993  36.810020     2.4132      8.396   229.2995 2.8364e+02     5.4497      0.104      0.151    22.1867 0.0000e+00
      0.107      0.001     8.1487     93.529     38.970  36.787041     2.3923      8.396   229.4208 2.8662e+02     5.4786      0.105      0.152    22.1887 0.0000e+00
      0.107      0.001     8.1425     93.474     38.970  36.786001     2.3844      8.396   229.5320 2.8596e+02     5.4382      0.105      0.152    22.1919 0.0000e+00
      0.108      0.002     8.1434     93.398     38.983  36.797444     2.3838      8.397   229.6119 2.8252e+02     5.3379      0.106      0.154    22.1951 0.0000e+00
      0.108      0.002     8.1454     93.364     38.984  36.798494     2.4099      8.397   229.6978 2.8165e+02     5.2908      0.106      0.154    22.1957 0.0000e+00
