Data/DataNotYetUploadedToEDI/Raw_CTD/RawDownloads/060324_fcr40_S7809010.cnv
* Sea-Bird SBE19plus  Data File:
* FileName = C:\R\Reservoirs\Data\DataNotYetUploadedToEDI\Raw_CTD\RawDownloads\052724_bvr50_S7809_0010.hex
* Software version 2.8.0.119
* Temperature SN = 7809
* Conductivity SN = 7809
* System UpLoad Time = Jun 04 2024 12:25:02
* <ApplicationData>
* <Seaterm232>
# nquan = 15
# nvalues = 1303                        
# units = specified
# name 0 = depFM: Depth [fresh water, m]
# name 1 = dz/dtM: Descent Rate [m/s]
# name 2 = sbeox0Mg/L: Oxygen, SBE 43 [mg/l]
# name 3 = sbeox0PS: Oxygen, SBE 43 [% saturation]
# name 4 = specc: Specific Conductance [uS/cm]
# name 5 = c0uS/cm: Conductivity [uS/cm]
# name 6 = flECO-AFL: Fluorescence, WET Labs ECO-AFL/FL [mg/m^3]
# name 7 = ph: pH
# name 8 = orp: Oxidation Reduction Potential [mV]
# name 9 = par/sat/log: PAR/Logarithmic, Satlantic
# name 10 = turbWETntu0: Turbidity, WET Labs ECO [NTU]
# name 11 = prdM: Pressure, Strain Gauge [db]
# name 12 = prdE: Pressure, Strain Gauge [psi]
# name 13 = tv290C: Temperature [ITS-90, deg C]
# name 14 = flag:  0.000e+00
# span 0 =     -0.664,      5.899       
# span 1 =     -0.299,      0.155       
# span 2 =     2.4007,     8.9913       
# span 3 =     22.370,    102.802       
# span 4 =      2.041,     46.814       
# span 5 =   1.829467,  36.988186       
# span 6 =    -1.1880,   232.7208       
# span 7 =      8.041,      8.491       
# span 8 =   200.5451,   295.8952       
# span 9 = 3.6070e+00, 2.8624e+03       
# span 10 =    -3.2225,   404.3714      
# span 11 =     -0.655,      5.786      
# span 12 =     -0.949,      8.391      
# span 13 =    11.1581,    22.6726      
# span 14 = 0.0000e+00, 0.0000e+00      
# interval = seconds: 0.25
# start_time = Jun 03 2024 12:42:08 [Instrument's time stamp, header]
# bad_flag = -9.990e-29
*END*
[from data line 675]
      0.160      0.002     8.2298     94.422     38.965  36.729931     2.4280      8.416   242.3741 2.9130e+02     5.3721      0.157      0.227    22.1036 0.0000e+00
      0.160      0.005     8.2257     94.429     38.988  36.753947     2.4200      8.416   242.3624 2.9794e+02     5.3455      0.157      0.227    22.1056 0.0000e+00
      0.161      0.007     8.2268     94.445     38.986  36.752791     2.4182      8.416   242.3755 3.0351e+02     5.3387      0.158      0.229    22.1121 0.0000e+00
      0.164      0.010     8.2341     94.445     38.946  36.715957     2.4232      8.416   242.2746 3.0188e+02     5.3577      0.161      0.233    22.1209 0.0000e+00
      0.168      0.012     8.2357     94.379     38.920  36.689302     2.4298      8.416   242.1754 2.9818e+02     5.4050      0.165      0.239    22.1278 0.0000e+00
      0.172      0.016     8.2332     94.275     38.919  36.684316     2.4238      8.416   242.2081 2.9320e+02     5.3979      0.169      0.245    22.1308 0.0000e+00
      0.175      0.024     8.2359     94.205     38.895  36.655667     2.4176      8.415   242.4118 2.8421e+02     5.3739      0.172      0.249    22.1318 0.0000e+00
      0.179      0.035     8.2385     94.170     38.849  36.596708     2.4374      8.411   242.9176 2.7656e+02     5.4229      0.174      0.253    22.1323 0.0000e+00
      0.185      0.047     8.2320     94.124     38.826  36.542493     2.4879      8.407   243.4199 2.7223e+02     5.4781      0.179      0.260    22.1304 0.0000e+00
      0.197      0.057     8.2200     94.023     38.835  36.507733     2.5128      8.405   243.5801 2.6727e+02     5.4604      0.190      0.274    22.1245 0.0000e+00
      0.218      0.062     8.2155     93.884     38.857  36.493618     2.4973      8.405   243.5641 2.5981e+02     5.4131      0.210      0.304    22.1198 0.0000e+00
      0.245      0.061     8.2159     93.782     38.884  36.498681     2.5005      8.405   243.5709 2.5381e+02     5.3853      0.242      0.351    22.1068 0.0000e+00
      0.267      0.055     8.2215     93.755     38.899  36.505472     2.5345      8.405   243.7476 2.5219e+02     5.3973      0.267      0.386    22.0591 0.0000e+00
      0.279      0.047     8.2228     93.756     38.906  36.512268     2.5585      8.404   244.1521 2.4781e+02     5.4218      0.277      0.400    21.9923 0.0000e+00
      0.283      0.043     8.2146     93.738     38.906  36.517399     2.5498      8.403   244.5906 2.4053e+02     5.4083      0.278      0.403    21.9458 0.0000e+00
      0.283      0.046     8.2075     93.732     38.888  36.504065     2.5286      8.401   245.0060 2.3865e+02     5.4044      0.279      0.404    21.9236 0.0000e+00
      0.287      0.057     8.2087     93.781     38.862  36.477956     2.5185      8.399   245.3888 2.3921e+02     5.4436      0.278      0.403    21.9152 0.0000e+00
      0.301      0.075     8.2111     93.881     38.847  36.455527     2.5113      8.399   245.6047 2.3477e+02     5.4718      0.288      0.418    21.9176 0.0000e+00
      0.329      0.095     8.2059     93.988     38.831  36.423219     2.5082      8.399   245.7227 2.2912e+02     5.4719      0.322      0.467    21.9272 0.0000e+00
      0.361      0.110     8.2030     94.033     38.835  36.404549     2.5311      8.398   245.9558 2.2531e+02     5.4445      0.353      0.513    21.9321 0.0000e+00
      0.395      0.119     8.2076     93.982     38.873  36.420117     2.5797      8.398   246.2718 2.1875e+02     5.4143      0.386      0.560    21.9305 0.0000e+00
      0.431      0.119     8.2196     93.904     38.889  36.421062     2.6221      8.398   246.4465 2.1174e+02     5.4142      0.426      0.618    21.9216 0.0000e+00
      0.463      0.112     8.2348     93.855     38.894  36.415957     2.6274      8.399   246.6053 2.0624e+02     5.4772      0.456      0.662    21.8959 0.0000e+00
      0.490      0.100     8.2466     93.820     38.908  36.421824     2.6109      8.400   246.8151 2.0064e+02     5.5269      0.481      0.697    21.8635 0.0000e+00
      0.515      0.089     8.2427     93.830     38.919  36.428547     2.6297      8.401   246.9181 1.9603e+02     5.4684      0.506      0.735    21.8380 0.0000e+00
      0.535      0.081     8.2352     93.881     38.927  36.433787     2.6886      8.401   246.9903 1.9346e+02     5.4199      0.527      0.765    21.8198 0.0000e+00
      0.550      0.080     8.2370     93.919     38.916  36.421731     2.7239      8.401   247.1721 1.9197e+02     5.4524      0.539      0.783    21.8073 0.0000e+00
      0.564      0.085     8.2318     93.931     38.906  36.409666     2.7234      8.400   247.3953 1.9015e+02     5.4513      0.551      0.801    21.7990 0.0000e+00
      0.581      0.095     8.2331     93.901     38.914  36.414809     2.6990      8.398   247.5380 1.8807e+02     5.3722      0.566      0.822    21.7948 0.0000e+00
      0.607      0.107     8.2421     93.836     38.924  36.420464     2.6623      8.398   247.6926 1.8566e+02     5.3153      0.592      0.858    21.7929 0.0000e+00
      0.641      0.117     8.2439     93.760     38.922  36.414582     2.6534      8.398   247.8027 1.8349e+02     5.3449      0.629      0.913    21.7895 0.0000e+00
      0.678      0.122     8.2475     93.659     38.917  36.407129     2.6666      8.400   247.7506 1.8075e+02     5.4233      0.665      0.965    21.7863 0.0000e+00
      0.715      0.121     8.2449     93.522     38.907  36.393796     2.6394      8.401   247.7515 1.7721e+02     5.4427      0.702      1.018    21.7833 0.0000e+00
      0.749      0.115     8.2381     93.350     38.897  36.380273     2.5734      8.401   247.8991 1.7473e+02     5.4425      0.739      1.070    21.7784 0.0000e+00
      0.774      0.105     8.2338     93.151     38.893  36.370525     2.5436      8.401   248.0730 1.7270e+02     5.4560      0.761      1.104    21.7736 0.0000e+00
      0.796      0.095     8.2253     92.959     38.867  36.339376     2.5533      8.402   248.2194 1.7044e+02     5.4350      0.780      1.131    21.7697 0.0000e+00
      0.817      0.086     8.2141     92.793     38.854  36.320903     2.5666      8.403   248.2055 1.6794e+02     5.4280      0.802      1.162    21.7659 0.0000e+00
      0.839      0.079     8.1996     92.628     38.879  36.337518     2.5631      8.403   248.0774 1.6541e+02     5.4042      0.824      1.195    21.7607 0.0000e+00
      0.860      0.078     8.1826     92.481     38.897  36.349895     2.5441      8.403   248.1331 1.6363e+02     5.3869      0.844      1.224    21.7528 0.0000e+00
      0.879      0.083     8.1654     92.409     38.896  36.343646     2.5356      8.403   248.3630 1.6266e+02     5.3897      0.864      1.253    21.7431 0.0000e+00
      0.893      0.094     8.1544     92.416     38.882  36.325401     2.5439      8.403   248.5340 1.6213e+02     5.4387      0.877      1.272    21.7341 0.0000e+00
      0.910      0.108     8.1411     92.457     38.883  36.319644     2.5610      8.403   248.5656 1.6103e+02     5.5677      0.887      1.286    21.7264 0.0000e+00
      0.939      0.122     8.1253     92.488     38.910  36.337481     2.5598      8.403   248.5729 1.5917e+02     5.6187      0.916      1.328    21.7204 0.0000e+00
      0.979      0.132     8.1207     92.474     38.933  36.350692     2.5382      8.403   248.7089 1.5724e+02     5.6107      0.959      1.391    21.7146 0.0000e+00
      1.025      0.137     8.1239     92.406     38.943  36.352470     2.5317      8.404   248.9192 1.5515e+02     5.6423      1.005      1.459    21.7077 0.0000e+00
      1.068      0.135     8.1303     92.294     38.958  36.358967     2.5565      8.405   248.9648 1.5315e+02     5.6241      1.051      1.524    21.6987 0.0000e+00
      1.102      0.125     8.1358     92.143     38.971  36.365786     2.5880      8.405   248.9163 1.5174e+02     5.4926      1.086      1.574    21.6883 0.0000e+00
      1.127      0.111     8.1364     91.937     38.981  36.371455     2.5969      8.405   249.0205 1.5022e+02     5.3508      1.108      1.606    21.6793 0.0000e+00
      1.148      0.096     8.1314     91.693     38.974  36.364051     2.5974      8.405   249.1061 1.4791e+02     5.3453      1.124      1.630    21.6697 0.0000e+00
      1.172      0.084     8.1230     91.439     38.948  36.339720     2.6194      8.405   249.1770 1.4555e+02     5.4262      1.150      1.668    21.6585 0.0000e+00
      1.195      0.079     8.1119     91.139     38.939  36.331067     2.6624      8.404   249.3622 1.4378e+02     5.4737      1.175      1.704    21.6499 0.0000e+00
      1.212      0.082     8.0943     90.852     38.932  36.322882     2.6849      8.403   249.3659 1.4251e+02     5.4419      1.189      1.725    21.6464 0.0000e+00
      1.226      0.091     8.0696     90.713     38.916  36.304206     2.6744      8.403   249.2215 1.4144e+02     5.3830      1.202      1.743    21.6461 0.0000e+00
      1.243      0.103     8.0513     90.695     38.911  36.295611     2.6774      8.403   249.2519 1.3994e+02     5.4114      1.214      1.762    21.6462 0.0000e+00
      1.270      0.115     8.0240     90.749     38.902  36.282401     2.7041      8.404   249.4745 1.3821e+02     5.4773      1.241      1.800    21.6456 0.0000e+00
      1.308      0.125     7.9892     90.895     38.895  36.271375     2.7235      8.404   249.6760 1.3680e+02     5.4628      1.282      1.859    21.6445 0.0000e+00
      1.350      0.131     7.9828     91.127     38.919  36.289200     2.7288      8.404   249.7096 1.3556e+02     5.4065      1.324      1.920    21.6408 0.0000e+00
      1.390      0.130     7.9839     91.387     38.944  36.307555     2.7012      8.405   249.7091 1.3443e+02     5.3777      1.366      1.981    21.6345 0.0000e+00
      1.424      0.123     7.9869     91.593     38.944  36.302936     2.6479      8.405   249.7560 1.3338e+02     5.3878      1.400      2.031    21.6274 0.0000e+00
      1.449      0.110     8.0026     91.765     38.942  36.296800     2.6249      8.405   249.7592 1.3204e+02     5.4264      1.421      2.062    21.6213 0.0000e+00
      1.474      0.096     8.0238     91.920     38.945  36.296819     2.6227      8.406   249.6617 1.3027e+02     5.4349      1.445      2.095    21.6153 0.0000e+00
      1.499      0.084     8.0534     92.033     38.955  36.303156     2.6463      8.407   249.6102 1.2862e+02     5.4555      1.473      2.136    21.6098 0.0000e+00
      1.519      0.079     8.0695     92.118     38.965  36.309960     2.7112      8.408   249.7385 1.2717e+02     5.5394      1.492      2.163    21.6041 0.0000e+00
      1.534      0.079     8.0841     92.141     38.974  36.315632     2.7578      8.408   249.8368 1.2578e+02     5.6299      1.504      2.182    21.5981 0.0000e+00
      1.548      0.082     8.1025     92.095     38.970  36.308286     2.7768      8.408   249.8526 1.2453e+02     5.6954      1.517      2.202    21.5939 0.0000e+00
      1.566      0.086     8.1089     92.040     38.948  36.284590     2.7834      8.409   249.9293 1.2297e+02     5.6820      1.532      2.222    21.5904 0.0000e+00
      1.592      0.090     8.1201     91.967     38.951  36.282918     2.7796      8.409   249.9895 1.2105e+02     5.6390      1.558      2.260    21.5884 0.0000e+00
      1.623      0.092     8.1232     91.807     38.964  36.288063     2.7803      8.409   250.0640 1.1947e+02     5.6530      1.594      2.312    21.5844 0.0000e+00
      1.650      0.090     8.1165     91.600     38.968  36.283335     2.7837      8.409   250.1417 1.1855e+02     5.6802      1.621      2.351    21.5795 0.0000e+00
      1.673      0.081     8.1119     91.407     38.980  36.289189     2.7956      8.410   250.1549 1.1761e+02     5.6950      1.641      2.380    21.5754 0.0000e+00
      1.693      0.066     8.1114     91.140     38.988  36.295381     2.8242      8.410   250.2235 1.1644e+02     5.6610      1.661      2.411    21.5703 0.0000e+00
      1.711      0.047     8.0965     90.746     38.985  36.294757     2.8633      8.410   250.2827 1.1561e+02     5.6449      1.680      2.436    21.5621 0.0000e+00
      1.721      0.030     8.0748     90.310     38.968  36.281652     2.8938      8.410   250.2688 1.1501e+02     5.7049      1.691      2.452    21.5485 0.0000e+00
      1.725      0.017     8.0658     89.946     38.943  36.263827     2.9095      8.410   250.3133 1.1448e+02     5.7042      1.693      2.457    21.5404 0.0000e+00
      1.722      0.008     8.0439     89.737     38.944  36.269605     2.8952      8.411   250.3903 1.1433e+02     5.5679      1.689      2.451    21.5413 0.0000e+00
      1.717      0.005     8.0047     89.688     38.961  36.288067     2.8552      8.411   250.3399 1.1451e+02     5.3892      1.682      2.441    21.5434 0.0000e+00
      1.715      0.006     7.9623     89.762     38.968  36.296700     2.8335      8.412   250.3069 1.1467e+02     5.3534      1.679      2.435    21.5471 0.0000e+00
      1.717      0.012     7.9259     89.920     38.980  36.310534     2.8328      8.412   250.4205 1.1474e+02     5.4425      1.681      2.439    21.5544 0.0000e+00
      1.724      0.024     7.9065     90.120     38.997  36.328426     2.8127      8.411   250.5954 1.1486e+02     5.5448      1.690      2.452    21.5616 0.0000e+00
      1.732      0.042     7.9037     90.345     38.991  36.322684     2.7563      8.411   250.7863 1.1491e+02     5.6338      1.700      2.465    21.5653 0.0000e+00
      1.739      0.063     7.9099     90.570     38.986  36.304563     2.7174      8.412   250.8362 1.1465e+02     5.6312      1.704      2.472    21.5672 0.0000e+00
      1.749      0.083     7.9263     90.724     39.017  36.299653     2.7336      8.412   250.7690 1.1368e+02     5.6498      1.709      2.478    21.5695 0.0000e+00
      1.774      0.100     7.9429     90.729     39.108  36.326725     2.8437      8.413   250.8332 1.1178e+02     5.9603      1.732      2.511    21.5732 0.0000e+00
      1.814      0.113     7.9624     90.503     39.257  36.378010     3.0169      8.414   251.0104 1.0982e+02     6.3803      1.780      2.581    21.5771 0.0000e+00
      1.854      0.121     7.9866     89.997     39.409  36.412002     3.1050      8.414   251.1911 1.0832e+02     6.5261      1.823      2.643    21.5678 0.0000e+00
      1.887      0.122     8.0094     89.275     39.522  36.420312     3.1179      8.414   251.3831 1.0679e+02     6.4929      1.850      2.683    21.5218 0.0000e+00
      1.916      0.117     8.0233     88.417     39.584  36.414901     3.1489      8.415   251.5255 1.0518e+02     6.5603      1.879      2.725    21.4518 0.0000e+00
      1.943      0.111     8.0233     87.421     39.609  36.409931     3.1877      8.415   251.7083 1.0371e+02     6.7603      1.907      2.766    21.3433 0.0000e+00
      1.967      0.108     7.9999     86.324     39.634  36.423644     3.1952      8.415   251.9589 1.0231e+02     6.8608      1.929      2.798    21.1862 0.0000e+00
      1.992      0.109     7.9518     85.273     39.672  36.453787     3.1821      8.415   252.1462 1.0098e+02     6.8186      1.952      2.831    21.0528 0.0000e+00
      2.018      0.110     7.8899     84.456     39.685  36.457128     3.1959      8.415   252.5104 9.9615e+01     6.7975      1.976      2.866    20.9767 0.0000e+00
      2.049      0.110     7.8044     83.960     39.642  36.400572     3.3952      8.416   253.0920 9.8049e+01     6.7759      2.008      2.912    20.9466 0.0000e+00
      2.083      0.111     7.7022     83.687     39.616  36.341017     3.7522      8.418   253.4998 9.6695e+01     6.7284      2.047      2.969    20.9435 0.0000e+00
      2.113      0.112     7.6015     83.494     39.629  36.308063     3.9341      8.418   253.6556 9.5663e+01     6.6670      2.074      3.008    20.9427 0.0000e+00
      2.137      0.115     7.5264     83.337     39.478  36.128963     3.9296      8.418   253.7703 9.4718e+01     6.5805      2.095      3.038    20.9300 0.0000e+00
      2.161      0.117     7.4894     83.219     39.173  35.761749     3.8721      8.419   253.9409 9.3777e+01     6.6047      2.118      3.072    20.9148 0.0000e+00
