Data/DataNotYetUploadedToEDI/Raw_CTD/RawDownloads/060324_fcr20_S7809008.cnv
* Sea-Bird SBE19plus  Data File:
* FileName = C:\R\Reservoirs\Data\DataNotYetUploadedToEDI\Raw_CTD\RawDownloads\052724_bvr50_S7809_0008.hex
* Software version 2.8.0.119
* Temperature SN = 7809
* Conductivity SN = 7809
* System UpLoad Time = Jun 04 2024 12:23:57
* <ApplicationData>
* <Seaterm232>
# nquan = 15
# nvalues = 963                         
# units = specified
# name 0 = depFM: Depth [fresh water, m]
# name 1 = dz/dtM: Descent Rate [m/s]
# name 2 = sbeox0Mg/L: Oxygen, SBE 43 [mg/l]
# name 3 = sbeox0PS: Oxygen, SBE 43 [% saturation]
# name 4 = specc: Specific Conductance [uS/cm]
# name 5 = c0uS/cm: Conductivity [uS/cm]
# name 6 = flECO-AFL: Fluorescence, WET Labs ECO-AFL/FL [mg/m^3]
# name 7 = ph: pH
# name 8 = orp: Oxidation Reduction Potential [mV]
# name 9 = par/sat/log: PAR/Logarithmic, Satlantic
# name 10 = turbWETntu0: Turbidity, WET Labs ECO [NTU]
# name 11 = prdM: Pressure, Strain Gauge [db]
# name 12 = prdE: Pressure, Strain Gauge [psi]
# name 13 = tv290C: Temperature [ITS-90, deg C]
# name 14 = flag:  0.000e+00
# span 0 =     -0.660,      2.564       
# span 1 =     -0.373,      0.164       
# span 2 =     3.6634,     9.4412       
# span 3 =     38.875,    108.537       
# span 4 =      1.828,     42.796       
# span 5 =   1.751109,  38.600980       
# span 6 =    -0.2828,    86.3957       
# span 7 =      8.257,      8.515       
# span 8 =    32.7639,   836.6439       
# span 9 = 9.4775e+01, 2.6429e+03       
# span 10 =    -1.5094,   134.7456      
# span 11 =     -0.649,      2.514      
# span 12 =     -0.942,      3.647      
# span 13 =    18.0959,    23.3273      
# span 14 = 0.0000e+00, 0.0000e+00      
# interval = seconds: 0.25
# start_time = Jun 03 2024 12:16:14 [Instrument's time stamp, header]
# bad_flag = -9.990e-29
*END*
[from data line 772]
      0.035      0.090     8.5607     99.477     38.886  36.956592     2.0024      8.465   225.2450 6.0156e+02     5.3768      0.029      0.042    22.6305 0.0000e+00
      0.065      0.101     8.5717     99.489     38.906  36.937069     2.0157      8.466   225.3373 5.5888e+02     5.4505      0.061      0.089    22.6235 0.0000e+00
      0.103      0.110     8.5857     99.474     38.914  36.907715     2.0644      8.466   225.6379 5.9147e+02     5.4737      0.100      0.145    22.6011 0.0000e+00
      0.139      0.117     8.5971     99.457     38.896  36.855425     2.1248      8.467   226.1262 6.6797e+02     5.4525      0.142      0.204    22.5679 0.0000e+00
      0.168      0.118     8.6135     99.431     38.890  36.812406     2.1466      8.469   226.6804 6.7595e+02     5.3985      0.168      0.243    22.5157 0.0000e+00
      0.190      0.116     8.6216     99.387     38.884  36.768239     2.1449      8.471   227.2631 6.0448e+02     5.4013      0.184      0.266    22.4618 0.0000e+00
      0.215      0.114     8.6265     99.324     38.846  36.702074     2.1874      8.472   227.9234 5.7009e+02     5.4521      0.207      0.300    22.4168 0.0000e+00
      0.248      0.114     8.6335     99.241     38.820  36.646891     2.2779      8.473   228.5549 5.5905e+02     5.4665      0.245      0.356    22.3729 0.0000e+00
      0.279      0.117     8.6388     99.117     38.824  36.608605     2.3232      8.475   229.0475 5.1176e+02     5.4390      0.276      0.401    22.3252 0.0000e+00
      0.309      0.123     8.6447     98.921     38.814  36.556352     2.3110      8.476   229.4054 4.5698e+02     5.3582      0.300      0.435    22.2687 0.0000e+00
      0.339      0.128     8.6447     98.623     38.813  36.522666     2.3382      8.477   229.6993 4.2876e+02     5.3780      0.334      0.484    22.2326 0.0000e+00
      0.370      0.130     8.6429     98.229     38.838  36.518523     2.4022      8.478   229.9336 4.2284e+02     5.5419      0.362      0.526    22.2069 0.0000e+00
      0.404      0.131     8.6432     97.796     38.848  36.506223     2.4277      8.479   230.1734 4.1944e+02     5.6321      0.393      0.570    22.1430 0.0000e+00
      0.444      0.132     8.6384     97.381     38.859  36.500822     2.4214      8.480   230.5341 4.0788e+02     5.6151      0.437      0.633    22.0782 0.0000e+00
      0.481      0.133     8.6184     97.004     38.889  36.516651     2.4179      8.481   230.8536 3.8751e+02     5.5754      0.476      0.690    22.0421 0.0000e+00
      0.511      0.133     8.5871     96.666     38.890  36.507228     2.4187      8.482   231.1101 3.7680e+02     5.5269      0.501      0.726    22.0081 0.0000e+00
      0.539      0.132     8.5524     96.377     38.841  36.450324     2.4137      8.482   231.4856 3.6970e+02     5.4724      0.526      0.762    21.9778 0.0000e+00
      0.574      0.132     8.5187     96.178     38.797  36.399678     2.3999      8.482   231.8657 3.5629e+02     5.3958      0.562      0.815    21.9588 0.0000e+00
      0.611      0.134     8.4881     96.084     38.812  36.402467     2.3849      8.482   232.1782 3.4705e+02     5.3177      0.602      0.874    21.9450 0.0000e+00
      0.645      0.136     8.4610     96.042     38.842  36.420579     2.3568      8.482   232.5100 3.4111e+02     5.3818      0.632      0.917    21.9310 0.0000e+00
      0.678      0.136     8.4361     96.020     38.859  36.428302     2.3260      8.482   232.7804 3.3617e+02     5.5908      0.663      0.961    21.9174 0.0000e+00
      0.715      0.135     8.4194     96.045     38.869  36.432386     2.3287      8.482   232.9522 3.3438e+02     5.6919      0.703      1.019    21.9046 0.0000e+00
      0.752      0.135     8.4166     96.123     38.843  36.406494     2.3400      8.482   233.1254 3.3199e+02     5.6143      0.739      1.072    21.8900 0.0000e+00
      0.784      0.138     8.4164     96.198     38.805  36.369050     2.3803      8.482   233.3254 3.1908e+02     5.5747      0.769      1.116    21.8766 0.0000e+00
      0.814      0.142     8.4146     96.248     38.804  36.360352     2.4655      8.482   233.5624 2.9492e+02     5.6570      0.795      1.154    21.8656 0.0000e+00
      0.849      0.145     8.4169     96.308     38.821  36.364771     2.5131      8.483   233.8400 2.7507e+02     5.7207      0.828      1.201    21.8579 0.0000e+00
      0.891      0.150     8.4273     96.405     38.829  36.359012     2.5233      8.483   234.0153 2.6518e+02     5.6963      0.873      1.267    21.8581 0.0000e+00
      0.933      0.156     8.4343     96.555     38.836  36.354144     2.5306      8.483   234.1339 2.5893e+02     5.6348      0.918      1.331    21.8590 0.0000e+00
      0.972      0.162     8.4380     96.730     38.864  36.369351     2.5425      8.483   234.3276 2.5268e+02     5.6268      0.953      1.383    21.8486 0.0000e+00
      1.010      0.164     8.4465     96.899     38.926  36.415963     2.5590      8.483   234.5503 2.4465e+02     5.7025      0.989      1.435    21.8306 0.0000e+00
      1.053      0.163     8.4558     97.018     39.001  36.473548     2.5637      8.484   234.7614 2.3491e+02     5.7640      1.033      1.498    21.8133 0.0000e+00
      1.099      0.161     8.4738     97.050     39.039  36.494525     2.5738      8.485   234.9012 2.2631e+02     5.8232      1.078      1.564    21.7979 0.0000e+00
      1.143      0.157     8.4918     96.997     39.039  36.479210     2.5907      8.486   234.9496 2.2346e+02     5.9402      1.124      1.630    21.7845 0.0000e+00
      1.183      0.148     8.5095     96.794     39.055  36.478713     2.6017      8.487   235.0027 2.2386e+02     6.0525      1.162      1.685    21.7729 0.0000e+00
      1.218      0.135     8.5257     96.344     39.081  36.488495     2.6152      8.487   235.1126 2.1997e+02     6.1219      1.193      1.731    21.7559 0.0000e+00
      1.254      0.120     8.5290     95.642     39.078  36.470560     2.6205      8.487   235.1603 2.1324e+02     6.1298      1.231      1.785    21.7358 0.0000e+00
      1.285      0.105     8.5307     94.778     39.077  36.452200     2.5902      8.487   234.9776 2.0946e+02     6.1129      1.266      1.836    21.7162 0.0000e+00
      1.307      0.095     8.5202     93.868     39.102  36.456832     2.5317      8.484   234.7960 2.0865e+02     6.0895      1.284      1.861    21.6960 0.0000e+00
      1.325      0.091     8.4837     92.992     39.128  36.463088     2.5046      8.483   234.6851 2.0875e+02     6.0858      1.297      1.882    21.6783 0.0000e+00
      1.342      0.095     8.4215     92.172     39.152  36.464358     2.5202      8.491   234.8412 2.0958e+02     6.1363      1.317      1.912    21.6589 0.0000e+00
      1.360      0.104     8.3453     91.386     39.190  36.472158     2.5541      8.500   235.7369 2.0857e+02     6.1538      1.331      1.931    21.6364 0.0000e+00
      1.385      0.116     8.2666     90.686     39.248  36.493909     2.5982      8.501   236.6533 2.0228e+02     6.1253      1.352      1.961    21.6121 0.0000e+00
      1.422      0.130     8.1916     90.188     39.329  36.536946     2.6126      8.499   236.8873 1.9399e+02     6.0993      1.394      2.021    21.5897 0.0000e+00
      1.465      0.143     8.1261     89.903     39.442  36.611760     2.6111      8.498   236.7595 1.8916e+02     6.1136      1.441      2.090    21.5649 0.0000e+00
      1.503      0.151     8.0603     89.711     39.568  36.700457     2.6390      8.495   236.8282 1.8674e+02     6.2989      1.477      2.143    21.5307 0.0000e+00
      1.538      0.151     7.9997     89.521     39.686  36.784455     2.6660      8.493   237.1157 1.8239e+02     6.5973      1.505      2.182    21.4868 0.0000e+00
      1.581      0.141     7.9620     89.353     39.799  36.865899     2.6645      8.492   237.3975 1.7607e+02     6.7484      1.549      2.246    21.4436 0.0000e+00
      1.626      0.126     7.9478     89.252     39.886  36.923727     2.6533      8.491   237.8260 1.7115e+02     6.7940      1.600      2.320    21.4064 0.0000e+00
      1.660      0.112     7.9407     89.233     39.962  36.975992     2.6308      8.490   238.3383 1.6932e+02     7.0135      1.633      2.368    21.3688 0.0000e+00
      1.682      0.100     7.9261     89.263     40.060  37.053630     2.5923      8.491   238.6016 1.6907e+02     7.3520      1.652      2.395    21.3377 0.0000e+00
      1.697      0.092     7.9145     89.288     40.263  37.227886     2.5618      8.492   238.5141 1.6869e+02     7.5046      1.664      2.414    21.3101 0.0000e+00
      1.711      0.091     7.9093     89.276     40.783  37.686904     2.5375      8.492   238.3990 1.6861e+02     7.5274      1.677      2.432    21.2797 0.0000e+00
      1.729      0.097     7.9123     89.180     41.473  38.288562     2.3896      8.492   238.4137 1.6788e+02     7.8324      1.692      2.454    21.2550 0.0000e+00
      1.757      0.110     7.9199     88.964     41.873  38.600980     2.1302      8.492   238.5203 1.6538e+02     8.4251      1.720      2.495    21.2433 0.0000e+00
      1.792      0.125     7.9236     88.585     41.898  38.545210     1.9892      8.492   238.7428 1.6310e+02     8.7500      1.757      2.548    21.2299 0.0000e+00
      1.828      0.137     7.9288     87.928     41.750  38.312187     1.9659      8.492   238.9523 1.6183e+02     8.7201      1.793      2.600    21.2044 0.0000e+00
      1.864      0.145     7.9274     86.881     41.740  38.194786     1.9658      8.492   239.1602 1.6002e+02     8.6791      1.828      2.651    21.1668 0.0000e+00
      1.902      0.147     7.9188     85.415     41.939  38.267806     2.0308      8.492   239.5355 1.5682e+02     8.8340      1.865      2.704    21.0974 0.0000e+00
      1.943      0.147     7.9045     83.528     42.091  38.306510     2.1436      8.491   239.9626 1.5374e+02     9.1244      1.906      2.766    21.0008 0.0000e+00
      1.983      0.146     7.8686     81.366     42.163  38.281884     2.1974      8.491   240.2801 1.5259e+02     9.2519      1.946      2.823    20.8846 0.0000e+00
      2.018      0.144     7.7946     79.227     42.047  38.096845     2.2060      8.491   240.7066 1.5240e+02     9.2150      1.980      2.871    20.7491 0.0000e+00
      2.053      0.142     7.6856     77.200     41.714  37.718992     2.3897      8.492   241.1624 1.5119e+02     9.3607      2.012      2.918    20.6141 0.0000e+00
      2.088      0.142     7.5306     75.048     41.529  37.457124     2.7287      8.492   241.4031 1.4951e+02     9.7158      2.048      2.970    20.4943 0.0000e+00
      2.123      0.143     7.3374     72.598     41.612  37.405286     2.9089      8.493   241.6374 1.4880e+02     9.9218      2.082      3.020    20.3881 0.0000e+00
      2.159      0.146     7.1532     69.863     41.772  37.409335     2.9364      8.494   242.0169 1.4805e+02     9.9388      2.114      3.068    20.2919 0.0000e+00
      2.198      0.147     6.9938     66.814     41.900  37.378982     3.1954      8.494   242.5500 1.4640e+02     9.9563      2.155      3.127    20.2155 0.0000e+00
      2.236      0.145     6.8198     63.444     41.968  37.291922     3.7094      8.494   243.1785 1.4384e+02    10.0650      2.192      3.180    20.1115 0.0000e+00
      2.275      0.140     6.6142     59.854     41.925  37.117957     4.0584      8.495   243.7651 1.4019e+02    10.1938      2.229      3.234    19.9445 0.0000e+00
      2.315      0.134     6.3899     56.050     41.774  36.861759     4.6931      8.496   244.2225 1.3667e+02    10.3863      2.274      3.299    19.7742 0.0000e+00
      2.347      0.129     6.1346     52.143     41.625  36.605344    11.3257      8.497   244.2343 1.3342e+02    12.3233      2.305      3.343    19.6053 0.0000e+00
      2.373      0.124     5.8399     48.563     41.580  36.428720    23.4939      8.499   243.9084 1.2864e+02    15.9198      2.326      3.375    19.4180 0.0000e+00
      2.401      0.118     5.5297     45.623     41.680  36.375795    30.2496      8.501   243.9818 1.2219e+02    18.1404      2.353      3.414    19.2526 0.0000e+00
      2.432      0.111     5.1956     43.369     41.873  36.409424    32.1250      8.502   244.4334 1.1541e+02    20.9998      2.384      3.458    19.1190 0.0000e+00
      2.464      0.102     4.8244     41.720     42.065  36.454439    46.0449      8.502   244.8087 1.0828e+02    50.0487      2.417      3.506    18.9755 0.0000e+00
      2.494      0.090     4.4999     40.549     42.204  36.475734    71.4592      8.501   245.3366 1.0075e+02   103.1981      2.448      3.551    18.8004 0.0000e+00
      2.519      0.075     4.2406     39.777     42.279  36.476423    85.3032      8.500   246.0837 9.5708e+01   132.1381      2.474      3.588    18.6314 0.0000e+00
      2.534      0.057     4.0450     39.304     42.364  36.526148    86.3957      8.499   246.7005 9.4775e+01   134.7456      2.488      3.608    18.4680 0.0000e+00
      2.543      0.040     3.9100     39.034     42.558  36.696207    84.7268      8.497   247.1164 9.5882e+01   134.0769      2.495      3.619    18.3158 0.0000e+00
      2.548      0.026     3.8084     38.898     42.757  36.882814    65.2080      8.494   247.3256 9.7680e+01   123.5406      2.500      3.625    18.1954 0.0000e+00
      2.551      0.016     3.7477     38.875     42.796  36.942264    29.4175      8.491   247.2506 9.9743e+01   104.2617      2.502      3.629    18.1137 0.0000e+00
      2.553      0.011     3.7060     38.990     42.719  36.907420     9.8809      8.489   246.8991 1.0141e+02    93.6019      2.504      3.632    18.0959 0.0000e+00
      2.555      0.008     3.6832     39.244     42.607  36.842283     7.9307      8.489   246.7742 1.0281e+02    90.8464      2.505      3.634    18.1060 0.0000e+00
      2.556      0.006     3.6697     39.619     42.508  36.789274     5.9292      8.488   246.9447 1.0394e+02    70.7754      2.507      3.635    18.1201 0.0000e+00
      2.558      0.005     3.6634     40.112     42.446  36.774161     2.5439      8.486   246.8106 1.0472e+02    34.0534      2.509      3.637    18.1525 0.0000e+00
      2.559      0.005     3.6712     40.722     42.409  36.786513     0.6988      8.486   246.5290 1.0565e+02    13.9897      2.509      3.639    18.1956 0.0000e+00
      2.561      0.004     3.6940     41.443     42.379  36.811763     0.5248      8.485   246.5519 1.0690e+02    12.0319      2.510      3.641    18.2294 0.0000e+00
      2.561      0.003     3.7255     42.231     42.329  36.825713     0.4321      8.484   246.7429 1.0771e+02    10.3136      2.512      3.643    18.2659 0.0000e+00
      2.562      0.002     3.7693     43.017     42.270  36.828351     0.3015      8.482   246.7731 1.0778e+02     7.4591      2.512      3.644    18.3110 0.0000e+00
      2.562      0.001     3.8222     43.810     42.251  36.843731     0.2363      8.481   246.6592 1.0821e+02     5.9056      2.512      3.644    18.3640 0.0000e+00
      2.562      0.001     3.8856     44.625     42.287  36.884813     0.2180      8.481   246.5706 1.0920e+02     5.6716      2.513      3.645    18.4246 0.0000e+00
      2.562      0.000     3.9593     45.421     42.339  36.944358     0.1963      8.481   246.5623 1.0979e+02     5.4155      2.513      3.644    18.4929 0.0000e+00
      2.562 4.2845e-07     4.0239     46.154     42.351  36.992610     0.1823      8.480   246.6451 1.1006e+02     5.0985      2.512      3.644    18.5715 0.0000e+00
      2.562      0.000     4.0939     46.812     42.324  37.024098     0.1902      8.478   246.7105 1.1044e+02     4.9468      2.513      3.644    18.6103 0.0000e+00
      2.562      0.000     4.1731     47.449     42.311  37.071336     0.1920      8.476   246.6648 1.1041e+02     4.9130      2.513      3.644    18.6041 0.0000e+00
      2.562      0.001     4.2483     48.159     42.304  37.119652     0.1703      8.475   246.6091 1.0977e+02     4.7930      2.513      3.644    18.6120 0.0000e+00
