Data/DataNotYetUploadedToEDI/Raw_CTD/RawDownloads/060324_fcr40_S7809010.cnv
* Sea-Bird SBE19plus  Data File:
* FileName = C:\R\Reservoirs\Data\DataNotYetUploadedToEDI\Raw_CTD\RawDownloads\052724_bvr50_S7809_0010.hex
* Software version 2.8.0.119
* Temperature SN = 7809
* Conductivity SN = 7809
* System UpLoad Time = Jun 04 2024 12:25:02
* <ApplicationData>
* <Seaterm232>
# nquan = 15
# nvalues = 1303                        
# units = specified
# name 0 = depFM: Depth [fresh water, m]
# name 1 = dz/dtM: Descent Rate [m/s]
# name 2 = sbeox0Mg/L: Oxygen, SBE 43 [mg/l]
# name 3 = sbeox0PS: Oxygen, SBE 43 [% saturation]
# name 4 = specc: Specific Conductance [uS/cm]
# name 5 = c0uS/cm: Conductivity [uS/cm]
# name 6 = flECO-AFL: Fluorescence, WET Labs ECO-AFL/FL [mg/m^3]
# name 7 = ph: pH
# name 8 = orp: Oxidation Reduction Potential [mV]
# name 9 = par/sat/log: PAR/Logarithmic, Satlantic
# name 10 = turbWETntu0: Turbidity, WET Labs ECO [NTU]
# name 11 = prdM: Pressure, Strain Gauge [db]
# name 12 = prdE: Pressure, Strain Gauge [psi]
# name 13 = tv290C: Temperature [ITS-90, deg C]
# name 14 = flag:  0.000e+00
# span 0 =     -0.664,      5.899       
# span 1 =     -0.299,      0.155       
# span 2 =     2.4007,     8.9913       
# span 3 =     22.370,    102.802       
# span 4 =      2.041,     46.814       
# span 5 =   1.829467,  36.988186       
# span 6 =    -1.1880,   232.7208       
# span 7 =      8.041,      8.491       
# span 8 =   200.5451,   295.8952       
# span 9 = 3.6070e+00, 2.8624e+03       
# span 10 =    -3.2225,   404.3714      
# span 11 =     -0.655,      5.786      
# span 12 =     -0.949,      8.391      
# span 13 =    11.1581,    22.6726      
# span 14 = 0.0000e+00, 0.0000e+00      
# interval = seconds: 0.25
# start_time = Jun 03 2024 12:42:08 [Instrument's time stamp, header]
# bad_flag = -9.990e-29
*END*
     -0.659 3.3081e-13     8.3322     91.350      2.272   2.035343    -0.0165      8.356   200.5451 4.5862e+02    37.2904     -0.646     -0.937    19.7876 0.0000e+00
     -0.659 3.6389e-12     8.3362     91.374      2.449   2.193434    -0.0130      8.354   208.9904 4.5297e+02    37.9641     -0.646     -0.937    19.7877 0.0000e+00
     -0.659 4.0028e-11     8.3399     91.373      2.401   2.150417    -0.0233      8.355   209.1069 4.4226e+02    37.2169     -0.647     -0.938    19.7879 0.0000e+00
     -0.659 4.4031e-10     8.3387     91.344      2.398   2.148634    -0.0408      8.355   210.6441 4.1959e+02    28.0177     -0.646     -0.937    19.7880 0.0000e+00
     -0.659 4.8434e-09     8.3395     91.332      2.565   2.298505    -0.0669      8.358   210.1976 3.9327e+02    11.0762     -0.646     -0.937    19.7883 0.0000e+00
     -0.658 5.3277e-08     8.3438     91.339      2.655   2.378879    -0.0819      8.364   205.2562 3.7729e+02     1.8104     -0.646     -0.936    19.7890 0.0000e+00
     -0.658 5.8605e-07     8.3439     91.342      2.635   2.360307    -0.0796      8.367   205.4474 3.7926e+02     1.0086     -0.646     -0.936    19.7896 0.0000e+00
     -0.658      0.000     8.3383     91.350      2.456   2.200621    -0.0807      8.355   213.1969 3.9600e+02     1.0059     -0.646     -0.936    19.7905 0.0000e+00
     -0.658      0.000     8.3373     91.313      2.338   2.095102    -0.0950      8.333   217.8204 4.1355e+02     0.9922     -0.646     -0.937    19.7908 0.0000e+00
     -0.658      0.001     8.3400     91.184      2.200   1.971353    -0.1115      8.326   217.5551 4.2449e+02     0.9449     -0.646     -0.936    19.7916 0.0000e+00
     -0.658      0.004     8.3379     91.077      2.058   1.844603    -0.0968      8.337   221.0883 4.3057e+02     1.0826     -0.646     -0.937    19.7924 0.0000e+00
     -0.658      0.009     8.3400     91.082      2.041   1.829467     0.2576      8.349   226.6417 4.3644e+02     2.3845     -0.646     -0.936    19.7948 0.0000e+00
     -0.658      0.018     8.3414     91.124      2.060   1.851685     0.9188      8.361   228.9464 4.4197e+02     4.5939     -0.646     -0.936    19.7951 0.0000e+00
     -0.656      0.030     8.3226     91.152      3.366   3.063382     1.2647      8.374   228.2194 4.4613e+02     5.7293     -0.645     -0.936    19.7984 0.0000e+00
     -0.648      0.045     8.3077     91.173      9.360   8.624734     1.3017      8.384   221.6361 4.5284e+02     5.8645     -0.639     -0.926    19.7971 0.0000e+00
     -0.633      0.063     8.3135     91.205     21.733  20.174921     1.3910      8.391   211.5555 4.6405e+02     5.8188     -0.621     -0.902    19.8047 0.0000e+00
     -0.613      0.085     8.3180     91.269     33.849  31.591316     1.5215      8.394   206.1405 4.7621e+02     5.5864     -0.602     -0.874    19.8024 0.0000e+00
     -0.591      0.106     8.2802     91.360     38.729  36.324286     1.5887      8.395   205.1203 4.8783e+02     5.4459     -0.580     -0.841    20.0440 0.0000e+00
     -0.563      0.125     8.1790     91.498     39.126  36.872016     1.5967      8.393   204.4692 5.0121e+02     5.4177     -0.556     -0.806    20.6794 0.0000e+00
     -0.527      0.140     8.0876     91.730     39.044  36.945059     1.6429      8.390   203.8598 5.1563e+02     5.4157     -0.520     -0.755    21.2551 0.0000e+00
     -0.483      0.148     8.0368     92.037     38.933  36.953844     1.7304      8.387   203.4320 5.3090e+02     5.4221     -0.473     -0.686    21.6244 0.0000e+00
     -0.438      0.147     8.0009     92.301     38.882  36.978394     1.7721      8.382   202.9100 5.3897e+02     5.3930     -0.429     -0.623    21.9011 0.0000e+00
     -0.394      0.142     7.9771     92.489     38.848  36.988186     1.7723      8.378   202.4525 5.2845e+02     5.3712     -0.385     -0.558    22.1225 0.0000e+00
     -0.357      0.134     7.9653     92.684     38.777  36.945385     1.7743      8.374   202.5456 5.1008e+02     5.3633     -0.345     -0.500    22.3255 0.0000e+00
     -0.331      0.128     7.9761     92.941     38.652  36.841631     1.8385      8.373   204.2083 4.9949e+02     5.3660     -0.322     -0.467    22.4730 0.0000e+00
     -0.310      0.124     7.9866     93.262     38.544  36.748971     1.9580      8.373   205.8645 4.8449e+02     5.3691     -0.308     -0.447    22.5605 0.0000e+00
     -0.282      0.124     7.9910     93.609     38.504  36.713401     2.0126      8.371   204.9323 4.5114e+02     5.3327     -0.280     -0.407    22.6066 0.0000e+00
     -0.244      0.127     8.0026     93.949     38.454  36.665369     2.0161      8.368   203.7780 4.1234e+02     5.3367     -0.239     -0.346    22.6363 0.0000e+00
     -0.207      0.129     8.0213     94.324     38.403  36.612383     2.0250      8.368   203.9535 3.7865e+02     5.4166     -0.203     -0.294    22.6556 0.0000e+00
     -0.171      0.124     8.0486     94.747     38.441  36.643811     2.0281      8.368   204.3005 3.3394e+02     5.4788     -0.168     -0.244    22.6678 0.0000e+00
     -0.136      0.113     8.0799     95.131     38.534  36.728092     2.0208      8.368   204.5333 2.7349e+02     5.4746     -0.132     -0.191    22.6726 0.0000e+00
     -0.106      0.098     8.1075     95.410     38.625  36.806535     2.0109      8.367   204.5305 2.2669e+02     5.4333     -0.101     -0.146    22.6696 0.0000e+00
     -0.084      0.085     8.1388     95.598     38.674  36.830817     2.0165      8.366   204.2671 2.1466e+02     5.4240     -0.078     -0.114    22.6640 0.0000e+00
     -0.069      0.075     8.1811     95.732     38.645  36.767852     2.0315      8.365   204.1874 2.2386e+02     5.4646     -0.066     -0.097    22.6577 0.0000e+00
     -0.058      0.066     8.2172     95.837     38.590  36.679695     2.0335      8.365   204.5130 2.3052e+02     5.4806     -0.059     -0.086    22.6515 0.0000e+00
     -0.043      0.056     8.2411     95.945     38.587  36.653196     2.0236      8.366   204.8488 2.2837e+02     5.4456     -0.045     -0.064    22.6478 0.0000e+00
     -0.024      0.045     8.2597     96.067     38.653  36.701235     2.0545      8.366   205.1508 2.2327e+02     5.4174     -0.023     -0.033    22.6221 0.0000e+00
     -0.006      0.030     8.2803     96.149     38.725  36.752893     2.1397      8.366   205.5825 2.2417e+02     5.4137     -0.003     -0.005    22.5641 0.0000e+00
      0.004      0.012     8.2964     96.142     38.765  36.770150     2.1965      8.364   205.8534 2.2776e+02     5.4009      0.007      0.011    22.5117 0.0000e+00
      0.003     -0.004     8.3087     96.033     38.800  36.782957     2.2010      8.364   205.7586 2.2952e+02     5.3987      0.006      0.009    22.4851 0.0000e+00
     -0.007     -0.014     8.3248     95.852     38.817  36.780808     2.1433      8.363   205.6407 2.3132e+02     5.3869     -0.003     -0.004    22.4699 0.0000e+00
     -0.023     -0.015     8.3361     95.650     38.794  36.744134     2.0322      8.360   205.8040 2.4052e+02     5.3606     -0.023     -0.033    22.4507 0.0000e+00
     -0.038     -0.008     8.3406     95.485     38.779  36.720224     1.9733      8.358   206.0124 2.5833e+02     5.4230     -0.044     -0.064    22.4221 0.0000e+00
     -0.039      0.003     8.3346     95.382     38.810  36.745510     1.9719      8.358   206.0099 2.6404e+02     5.4581     -0.043     -0.063    22.3937 0.0000e+00
     -0.026      0.016     8.3208     95.329     38.863  36.796053     1.9646      8.358   205.9463 2.6234e+02     5.3747     -0.025     -0.037    22.3712 0.0000e+00
     -0.012      0.026     8.3046     95.320     38.891  36.823721     1.9598      8.358   205.9314 2.6208e+02     5.3367     -0.010     -0.014    22.3507 0.0000e+00
     -0.003      0.031     8.2911     95.426     38.891  36.826226     1.9732      8.358   206.0016 2.5571e+02     5.4093     -0.002     -0.003    22.3372 0.0000e+00
      0.003      0.031     8.2843     95.677     38.886  36.826350     2.0007      8.358   206.1923 2.4691e+02     5.4670      0.003      0.004    22.3337 0.0000e+00
      0.009      0.026     8.2791     95.638     38.882  36.825227     2.0270      8.358   206.4310 2.3861e+02     5.4186      0.009      0.013    22.3352 0.0000e+00
      0.015      0.022     8.2781     94.676     38.870  36.812643     2.0240      8.358   206.6513 2.3716e+02     5.3367      0.014      0.021    22.3366 0.0000e+00
      0.021      0.018     8.2782     92.635     38.860  36.801106     2.0069      8.359   206.8764 2.4301e+02     5.2977      0.020      0.029    22.3397 0.0000e+00
      0.026      0.014     8.3143     89.849     38.875  36.812644     2.0030      8.359   207.0876 2.4891e+02     5.3220      0.027      0.039    22.3464 0.0000e+00
      0.030      0.011     8.3393     86.802     38.891  36.825229     2.0098      8.359   207.2257 2.4936e+02     5.3910      0.031      0.045    22.3510 0.0000e+00
      0.031      0.009     8.2562     83.792     38.896  36.826364     2.0146      8.359   207.4277 2.4176e+02     5.4152      0.031      0.045    22.3503 0.0000e+00
      0.030      0.009     8.0694     81.032     38.900  36.826354     2.0111      8.359   207.6373 2.3971e+02     5.3749      0.030      0.044    22.3461 0.0000e+00
      0.030      0.009     7.8081     78.854     38.901  36.825104     2.0081      8.360   207.6950 2.4669e+02     5.3478      0.028      0.042    22.3423 0.0000e+00
      0.033      0.010     7.5374     77.510     38.887  36.811259     2.0119      8.361   207.6955 2.5105e+02     5.3604      0.030      0.044    22.3389 0.0000e+00
      0.039      0.012     7.2735     77.013     38.861  36.785859     2.0323      8.361   207.7286 2.5405e+02     5.4252      0.038      0.055    22.3345 0.0000e+00
      0.044      0.014     7.0205     77.201     38.847  36.771796     2.0551      8.361   207.8381 2.5774e+02     5.4487      0.044      0.064    22.3290 0.0000e+00
      0.047      0.014     6.8236     77.824     38.845  36.768136     2.0546      8.361   208.0728 2.6377e+02     5.3704      0.046      0.067    22.3258 0.0000e+00
      0.050      0.013     6.7070     78.596     38.821  36.741602     2.0592      8.361   208.3291 2.7320e+02     5.3676      0.048      0.071    22.3255 0.0000e+00
      0.053      0.010     6.6701     79.300     38.785  36.704778     2.0943      8.362   208.4420 2.7448e+02     5.4486      0.053      0.075    22.3248 0.0000e+00
      0.056      0.008     6.6934     79.788     38.784  36.703614     2.1302      8.363   208.5775 2.6945e+02     5.4952      0.055      0.078    22.3243 0.0000e+00
      0.058      0.007     6.7585     79.953     38.809  36.727527     2.1349      8.364   208.8490 2.6810e+02     5.4881      0.057      0.083    22.3218 0.0000e+00
      0.060      0.004     6.8318     79.771     38.823  36.740094     2.1174      8.363   209.1425 2.6731e+02     5.4310      0.059      0.085    22.3159 0.0000e+00
      0.060      0.002     6.8979     79.273     38.813  36.728662     2.1021      8.363   209.3732 2.6745e+02     5.3845      0.059      0.086    22.3116 0.0000e+00
      0.060      0.000     6.9438     78.476     38.803  36.716199     2.0833      8.364   209.5738 2.7024e+02     5.4046      0.060      0.086    22.3119 0.0000e+00
      0.059     -0.001     6.9592     77.459     38.803  36.716314     2.0566      8.365   209.7612 2.7067e+02     5.4683      0.059      0.084    22.3140 0.0000e+00
      0.058     -0.001     6.9407     76.398     38.818  36.730045     2.0374      8.365   209.8326 2.6930e+02     5.4723      0.057      0.083    22.3131 0.0000e+00
      0.057      0.000     6.8988     75.407     38.845  36.755311     2.0171      8.364   209.8344 2.6936e+02     5.4186      0.056      0.081    22.3089 0.0000e+00
      0.057      0.001     6.8289     74.526     38.860  36.768000     2.0029      8.364   209.8692 2.6665e+02     5.3993      0.055      0.080    22.3054 0.0000e+00
      0.058      0.002     6.7318     73.750     38.850  36.756559     2.0072      8.365   209.9955 2.6550e+02     5.3764      0.056      0.081    22.3051 0.0000e+00
      0.060      0.003     6.6374     73.062     38.839  36.743878     2.0109      8.366   210.1569 2.6610e+02     5.3462      0.059      0.085    22.3062 0.0000e+00
      0.062      0.003     6.5502     72.540     38.839  36.741583     2.0141      8.366   210.2713 2.6475e+02     5.3418      0.061      0.088    22.3058 0.0000e+00
      0.062      0.003     6.4738     72.345     38.829  36.728798     2.0616      8.367   210.4322 2.6670e+02     5.3572      0.061      0.089    22.3029 0.0000e+00
      0.061      0.003     6.4086     72.547     38.819  36.716203     2.1532      8.368   210.6396 2.6860e+02     5.4297      0.061      0.088    22.2998 0.0000e+00
      0.061      0.002     6.3472     73.072     38.824  36.716194     2.1983      8.368   210.8000 2.6706e+02     5.4668      0.059      0.086    22.2975 0.0000e+00
      0.062      0.001     6.2949     73.792     38.842  36.728684     2.1912      8.368   210.9085 2.6569e+02     5.3957      0.061      0.088    22.2949 0.0000e+00
      0.064      0.001     6.2762     74.639     38.857  36.740306     2.2166      8.369   211.0051 2.6726e+02     5.3216      0.063      0.091    22.2916 0.0000e+00
      0.064      0.001     6.2973     75.564     38.847  36.729809     2.2810      8.369   211.1076 2.6743e+02     5.3570      0.064      0.092    22.2862 0.0000e+00
      0.063      0.001     6.3488     76.474     38.847  36.728665     2.3195      8.369   211.2022 2.6426e+02     5.4479      0.062      0.090    22.2796 0.0000e+00
      0.063      0.001     6.4139     77.277     38.846  36.726472     2.3078      8.369   211.3751 2.6502e+02     5.4297      0.061      0.089    22.2743 0.0000e+00
      0.063      0.001     6.4878     77.882     38.822  36.703296     2.2314      8.369   211.6491 2.6635e+02     5.3768      0.062      0.089    22.2707 0.0000e+00
      0.063      0.002     6.5733     78.238     38.822  36.702247     2.1201      8.369   211.8477 2.6493e+02     5.3893      0.061      0.089    22.2685 0.0000e+00
      0.064      0.003     6.6540     78.388     38.836  36.713792     2.0775      8.370   211.8833 2.6722e+02     5.4098      0.063      0.091    22.2676 0.0000e+00
      0.066      0.003     6.7272     78.396     38.839  36.715977     2.0907      8.371   211.9934 2.6906e+02     5.4535      0.065      0.094    22.2671 0.0000e+00
      0.067      0.003     6.7828     78.313     38.852  36.728667     2.0886      8.371   212.2328 2.6647e+02     5.4738      0.066      0.096    22.2661 0.0000e+00
      0.068      0.002     6.8113     78.190     38.864  36.740326     2.1271      8.371   212.3689 2.6336e+02     5.4504      0.067      0.097    22.2641 0.0000e+00
      0.068      0.001     6.8225     78.061     38.853  36.730038     2.2310      8.371   212.4348 2.6431e+02     5.4781      0.067      0.096    22.2620 0.0000e+00
      0.067      0.000     6.8222     77.905     38.854  36.731182     2.3041      8.371   212.5978 2.6672e+02     5.5012      0.066      0.095    22.2611 0.0000e+00
      0.067 4.3353e-07     6.8133     77.688     38.879  36.754162     2.3206      8.373   212.8778 2.6431e+02     5.4560      0.066      0.095    22.2616 0.0000e+00
      0.067      0.000     6.8008     77.433     38.879  36.754067     2.2711      8.374   213.0672 2.6480e+02     5.4101      0.066      0.095    22.2626 0.0000e+00
      0.067      0.000     6.7902     77.177     38.854  36.730040     2.1727      8.374   213.0815 2.6823e+02     5.3910      0.066      0.096    22.2637 0.0000e+00
      0.067      0.001     6.7791     76.962     38.841  36.717454     2.1297      8.374   213.1368 2.6768e+02     5.3950      0.067      0.096    22.2639 0.0000e+00
      0.067      0.001     6.7582     76.831     38.854  36.728792     2.1424      8.374   213.2189 2.6514e+02     5.4236      0.066      0.096    22.2626 0.0000e+00
      0.068      0.002     6.7357     76.746     38.866  36.740226     2.1518      8.375   213.2994 2.6650e+02     5.4306      0.067      0.096    22.2613 0.0000e+00
