Data/DataNotYetUploadedToEDI/Raw_CTD/RawDownloads/060324_fcr20_S7809008.cnv
* Sea-Bird SBE19plus  Data File:
* FileName = C:\R\Reservoirs\Data\DataNotYetUploadedToEDI\Raw_CTD\RawDownloads\052724_bvr50_S7809_0008.hex
* Software version 2.8.0.119
* Temperature SN = 7809
* Conductivity SN = 7809
* System UpLoad Time = Jun 04 2024 12:23:57
* <ApplicationData>
* <Seaterm232>
# nquan = 15
# nvalues = 963                         
# units = specified
# name 0 = depFM: Depth [fresh water, m]
# name 1 = dz/dtM: Descent Rate [m/s]
# name 2 = sbeox0Mg/L: Oxygen, SBE 43 [mg/l]
# name 3 = sbeox0PS: Oxygen, SBE 43 [% saturation]
# name 4 = specc: Specific Conductance [uS/cm]
# name 5 = c0uS/cm: Conductivity [uS/cm]
# name 6 = flECO-AFL: Fluorescence, WET Labs ECO-AFL/FL [mg/m^3]
# name 7 = ph: pH
# name 8 = orp: Oxidation Reduction Potential [mV]
# name 9 = par/sat/log: PAR/Logarithmic, Satlantic
# name 10 = turbWETntu0: Turbidity, WET Labs ECO [NTU]
# name 11 = prdM: Pressure, Strain Gauge [db]
# name 12 = prdE: Pressure, Strain Gauge [psi]
# name 13 = tv290C: Temperature [ITS-90, deg C]
# name 14 = flag:  0.000e+00
# span 0 =     -0.660,      2.564       
# span 1 =     -0.373,      0.164       
# span 2 =     3.6634,     9.4412       
# span 3 =     38.875,    108.537       
# span 4 =      1.828,     42.796       
# span 5 =   1.751109,  38.600980       
# span 6 =    -0.2828,    86.3957       
# span 7 =      8.257,      8.515       
# span 8 =    32.7639,   836.6439       
# span 9 = 9.4775e+01, 2.6429e+03       
# span 10 =    -1.5094,   134.7456      
# span 11 =     -0.649,      2.514      
# span 12 =     -0.942,      3.647      
# span 13 =    18.0959,    23.3273      
# span 14 = 0.0000e+00, 0.0000e+00      
# interval = seconds: 0.25
# start_time = Jun 03 2024 12:16:14 [Instrument's time stamp, header]
# bad_flag = -9.990e-29
*END*
[from data line 675]
     -0.060     -0.004     8.5102     98.995     39.057  37.315154     1.7097      8.474   229.5376 5.4644e+02     5.2068     -0.058     -0.084    22.7876 0.0000e+00
     -0.061     -0.006     8.5172     99.077     39.066  37.329092     1.6918      8.473   229.6678 5.5819e+02     5.2213     -0.059     -0.086    22.7786 0.0000e+00
     -0.063     -0.007     8.5183     99.146     39.070  37.343984     1.6935      8.473   229.7956 5.7707e+02     5.2192     -0.062     -0.090    22.7679 0.0000e+00
     -0.065     -0.008     8.5210     99.172     39.084  37.368316     1.6635      8.474   229.7923 5.8282e+02     5.2498     -0.063     -0.092    22.7620 0.0000e+00
     -0.068     -0.008     8.5294     99.134     39.075  37.369487     1.6293      8.474   229.8002 5.8682e+02     5.3859     -0.066     -0.095    22.7618 0.0000e+00
     -0.071     -0.007     8.5353     99.068     39.057  37.358159     1.6295      8.473   229.8052 5.8746e+02     5.4639     -0.069     -0.101    22.7685 0.0000e+00
     -0.073     -0.005     8.5393     98.976     39.053  37.358264     1.6321      8.473   229.6809 5.9019e+02     5.4424     -0.071     -0.104    22.7848 0.0000e+00
     -0.074     -0.003     8.5409     98.821     39.066  37.370765     1.6195      8.473   229.5884 6.0384e+02     5.3648     -0.072     -0.105    22.8019 0.0000e+00
     -0.074     -0.001     8.5329     98.672     39.081  37.382399     1.6107      8.474   229.6326 6.1602e+02     5.2092     -0.072     -0.104    22.8132 0.0000e+00
     -0.073      0.001     8.5258     98.602     39.073  37.372014     1.6174      8.475   229.6992 6.1560e+02     5.1321     -0.071     -0.103    22.8206 0.0000e+00
     -0.072      0.002     8.5203     98.574     39.075  37.372110     1.6335      8.477   229.7053 6.1234e+02     5.1491     -0.070     -0.104    22.8259 0.0000e+00
     -0.071      0.002     8.5042     98.635     39.090  37.383554     1.6394      8.477   229.7068 6.2203e+02     5.1071     -0.069     -0.100    22.8260 0.0000e+00
     -0.071      0.002     8.4863     98.748     39.091  37.383469     1.6221      8.476   229.8033 6.2289e+02     5.0691     -0.070     -0.101    22.8210 0.0000e+00
     -0.070      0.001     8.4877     98.768     39.077  37.371083     1.5990      8.476   229.9250 6.0662e+02     5.0998     -0.069     -0.102    22.8173 0.0000e+00
     -0.069      0.000     8.4810     98.800     39.061  37.360708     1.6007      8.476   229.8885 5.9871e+02     5.1368     -0.068     -0.098    22.8149 0.0000e+00
     -0.069     -0.001     8.4844     98.899     39.079  37.384936     1.6172      8.475   229.7917 6.1025e+02     5.1407     -0.067     -0.097    22.8125 0.0000e+00
     -0.070     -0.001     8.5091     98.966     39.099  37.410211     1.6252      8.475   229.7868 6.1556e+02     5.1122     -0.068     -0.099    22.8097 0.0000e+00
     -0.072     -0.001     8.4987     98.948     39.098  37.412509     1.6224      8.475   229.8288 5.9292e+02     5.0993     -0.070     -0.102    22.8087 0.0000e+00
     -0.072      0.000     8.5002     98.871     39.093  37.412718     1.6081      8.476   229.8694 5.7178e+02     5.1217     -0.071     -0.104    22.8167 0.0000e+00
     -0.072      0.002     8.5123     98.833     39.089  37.412745     1.6184      8.477   229.8481 5.7285e+02     5.2129     -0.071     -0.103    22.8294 0.0000e+00
     -0.071      0.005     8.5168     98.852     39.087  37.412841     1.6549      8.477   229.6572 5.7993e+02     5.3136     -0.070     -0.102    22.8349 0.0000e+00
     -0.069      0.007     8.5165     98.902     39.089  37.413881     1.6667      8.477   229.5399 5.7803e+02     5.3151     -0.068     -0.100    22.8386 0.0000e+00
     -0.066      0.007     8.5014     98.955     39.104  37.425322     1.6618      8.478   229.8069 5.6995e+02     5.2990     -0.065     -0.094    22.8460 0.0000e+00
     -0.063      0.007     8.4993     98.978     39.105  37.424264     1.6623      8.478   230.0459 5.6132e+02     5.2892     -0.062     -0.090    22.8527 0.0000e+00
     -0.061      0.006     8.5007     98.977     39.083  37.401086     1.6983      8.478   230.0201 5.6217e+02     5.2311     -0.058     -0.086    22.8544 0.0000e+00
     -0.059      0.004     8.5061     98.970     39.085  37.398893     1.7636      8.477   230.0118 5.7751e+02     5.1431     -0.057     -0.083    22.8520 0.0000e+00
     -0.059      0.001     8.5129     98.968     39.090  37.397740     1.7863      8.477   230.1177 5.8034e+02     5.0795     -0.058     -0.084    22.8494 0.0000e+00
     -0.060     -0.001     8.5146     98.958     39.088  37.387130     1.7724      8.477   229.9240 5.7201e+02     5.0768     -0.059     -0.086    22.8461 0.0000e+00
     -0.061     -0.002     8.5147     98.928     39.107  37.397503     1.7464      8.478   229.3907 5.6985e+02     5.1785     -0.060     -0.087    22.8427 0.0000e+00
     -0.062     -0.003     8.5139     98.909     39.110  37.396244     1.7129      8.479   229.4340 5.6639e+02     5.3526     -0.060     -0.087    22.8389 0.0000e+00
     -0.063     -0.003     8.5158     98.920     39.083  37.371902     1.6917      8.479   229.9307 5.6417e+02     5.4056     -0.062     -0.089    22.8316 0.0000e+00
     -0.063     -0.002     8.5175     98.888     39.063  37.357006     1.6737      8.479   230.1479 5.7254e+02     5.3420     -0.062     -0.090    22.8192 0.0000e+00
     -0.064     -0.001     8.5165     98.850     39.045  37.343056     1.6699      8.479   230.1671 5.8035e+02     5.3007     -0.063     -0.091    22.8062 0.0000e+00
     -0.064     -0.001     8.5119     98.898     39.033  37.330147     1.6868      8.479   230.0775 5.7629e+02     5.2475     -0.063     -0.092    22.8015 0.0000e+00
     -0.064     -0.001     8.5187     98.945     39.038  37.327832     1.6944      8.478   230.0105 5.6951e+02     5.1774     -0.063     -0.091    22.8039 0.0000e+00
     -0.063     -0.002     8.5139     98.950     39.041  37.315047     1.6870      8.478   230.1314 5.6087e+02     5.1361     -0.062     -0.090    22.8113 0.0000e+00
     -0.063     -0.003     8.5009     98.968     39.043  37.302454     1.6811      8.479   230.2493 5.5404e+02     5.1919     -0.062     -0.090    22.8169 0.0000e+00
     -0.064     -0.003     8.5138     99.008     39.050  37.302454     1.6807      8.479   229.8012 5.5930e+02     5.3734     -0.063     -0.091    22.8176 0.0000e+00
     -0.067     -0.002     8.5191     99.087     39.064  37.315039     1.6823      8.480   228.8435 5.7179e+02     5.4854     -0.066     -0.095    22.8097 0.0000e+00
     -0.069      0.001     8.5198     99.182     39.078  37.327709     1.6844      8.480   228.2198 5.8356e+02     5.4541     -0.069     -0.099    22.7837 0.0000e+00
     -0.070      0.006     8.5275     99.228     39.080  37.328747     1.7054      8.479   228.0243 5.8782e+02     5.4043     -0.069     -0.101    22.7597 0.0000e+00
     -0.067      0.011     8.5297     99.231     39.081  37.327584     1.7539      8.478   227.9433 5.8169e+02     5.3962     -0.066     -0.097    22.7538 0.0000e+00
     -0.062      0.015     8.5369     99.207     39.066  37.313646     1.7960      8.478   227.9285 5.7910e+02     5.4241     -0.061     -0.088    22.7557 0.0000e+00
     -0.056      0.017     8.5491     99.170     39.037  37.287121     1.8060      8.479   227.9314 5.7474e+02     5.4004     -0.055     -0.080    22.7557 0.0000e+00
     -0.050      0.015     8.5515     99.158     39.013  37.260702     1.7924      8.480   227.9788 5.5777e+02     5.3149     -0.048     -0.070    22.7543 0.0000e+00
     -0.045      0.010     8.5516     99.146     39.013  37.248023     1.7646      8.479   227.9843 5.4806e+02     5.2100     -0.044     -0.062    22.7502 0.0000e+00
     -0.042      0.002     8.5509     99.089     39.041  37.260714     1.7364      8.479   227.9128 5.4645e+02     5.1224     -0.041     -0.059    22.7498 0.0000e+00
     -0.042     -0.010     8.5431     99.047     39.074  37.287220     1.7341      8.478   227.9735 5.3605e+02     5.1437     -0.040     -0.058    22.7564 0.0000e+00
     -0.044     -0.025     8.5442     99.073     39.099  37.314680     1.7366      8.477   228.2022 5.2129e+02     5.1605     -0.042     -0.061    22.7530 0.0000e+00
     -0.050     -0.037     8.5498     99.142     39.116  37.338914     1.6924      8.474   228.5273 5.2428e+02     5.1543     -0.047     -0.070    22.7329 0.0000e+00
     -0.062     -0.046     8.5447     99.210     39.096  37.326431     1.6241      8.470   228.6350 5.6420e+02     5.2394     -0.058     -0.084    22.7103 0.0000e+00
     -0.082     -0.050     8.5400     99.231     39.054  37.290667     1.6015      8.468   228.3004 6.0965e+02     5.3359     -0.080     -0.114    22.7033 0.0000e+00
     -0.103     -0.048     8.5432     99.201     39.047  37.287225     1.6192      8.467   228.0950 6.0685e+02     5.4333     -0.105     -0.153    22.7114 0.0000e+00
     -0.116     -0.041     8.5476     99.174     39.042  37.284822     1.6127      8.468   228.3030 5.9540e+02     5.4599     -0.116     -0.168    22.7240 0.0000e+00
     -0.124     -0.027     8.5535     99.150     39.019  37.261617     1.5727      8.468   228.4913 6.5022e+02     5.3851     -0.122     -0.176    22.7345 0.0000e+00
     -0.130     -0.008     8.5562     99.092     39.025  37.260463     1.5435      8.468   228.4784 7.3319e+02     5.3480     -0.129     -0.188    22.7369 0.0000e+00
     -0.131      0.009     8.5494     99.032     39.046  37.270855     1.5517      8.468   228.4912 7.7536e+02     5.3875     -0.131     -0.190    22.7392 0.0000e+00
     -0.126      0.020     8.5463     99.014     39.042  37.260350     1.6133      8.467   228.5602 7.5040e+02     5.4523     -0.126     -0.183    22.7453 0.0000e+00
     -0.114      0.026     8.5476     99.051     39.044  37.260350     1.6883      8.466   228.5390 6.7654e+02     5.4487     -0.113     -0.164    22.7456 0.0000e+00
     -0.099      0.026     8.5412     99.136     39.055  37.270847     1.7189      8.466   228.4926 6.2808e+02     5.4125     -0.095     -0.138    22.7360 0.0000e+00
     -0.089      0.022     8.5379     99.216     39.043  37.260359     1.7257      8.467   228.5155 6.2633e+02     5.3899     -0.086     -0.124    22.7188 0.0000e+00
     -0.086      0.015     8.5374     99.239     39.043  37.260453     1.7202      8.469   228.5580 6.3721e+02     5.3127     -0.083     -0.120    22.7103 0.0000e+00
     -0.087      0.005     8.5402     99.199     39.054  37.271989     1.7017      8.471   228.4910 6.3777e+02     5.1958     -0.085     -0.123    22.7110 0.0000e+00
     -0.089     -0.002     8.5495     99.134     39.054  37.272934     1.6854      8.472   228.3070 6.3741e+02     5.1040     -0.088     -0.128    22.7111 0.0000e+00
     -0.091     -0.005     8.5586     99.071     39.056  37.271876     1.6725      8.472   228.1403 6.4213e+02     5.0904     -0.089     -0.129    22.7110 0.0000e+00
     -0.094     -0.003     8.5608     99.036     39.046  37.259196     1.6701      8.472   228.1101 6.4817e+02     5.1339     -0.091     -0.132    22.7114 0.0000e+00
     -0.097      0.004     8.5550     99.032     39.035  37.246516     1.7061      8.473   228.1999 6.6014e+02     5.2209     -0.096     -0.139    22.7132 0.0000e+00
     -0.099      0.012     8.5485     99.055     39.036  37.245466     1.7747      8.473   228.2789 6.6484e+02     5.3555     -0.099     -0.144    22.7163 0.0000e+00
     -0.095      0.019     8.5429     99.124     39.042  37.246506     1.8087      8.473   228.2913 6.7541e+02     5.3958     -0.096     -0.139    22.7124 0.0000e+00
     -0.086      0.023     8.5407     99.223     39.059  37.259084     1.7930      8.473   228.3493 6.7829e+02     5.3659     -0.085     -0.124    22.7033 0.0000e+00
     -0.073      0.023     8.5418     99.312     39.071  37.270629     1.8099      8.473   228.4646 6.4818e+02     5.4047     -0.070     -0.102    22.7036 0.0000e+00
     -0.063      0.020     8.5417     99.385     39.058  37.259196     1.8805      8.473   228.4796 6.3732e+02     5.4547     -0.058     -0.085    22.7037 0.0000e+00
     -0.059      0.013     8.5500     99.400     39.045  37.247754     1.9303      8.473   228.4458 6.4950e+02     5.4242     -0.056     -0.082    22.6947 0.0000e+00
     -0.060      0.006     8.5620     99.333     39.054  37.259196     1.9293      8.474   228.4867 6.4030e+02     5.3427     -0.058     -0.084    22.6881 0.0000e+00
     -0.062      0.001     8.5679     99.258     39.064  37.270628     1.8851      8.475   228.5436 6.3517e+02     5.2900     -0.060     -0.086    22.6891 0.0000e+00
     -0.065      0.000     8.5756     99.228     39.052  37.259083     1.8374      8.475   228.5309 6.6337e+02     5.2303     -0.065     -0.092    22.6923 0.0000e+00
     -0.066      0.002     8.5791     99.227     39.043  37.246505     1.8094      8.474   228.5056 6.7800e+02     5.1672     -0.066     -0.096    22.6930 0.0000e+00
     -0.065      0.006     8.5690     99.238     39.049  37.245457     1.7888      8.473   228.5817 6.4967e+02     5.1422     -0.065     -0.094    22.6957 0.0000e+00
     -0.061      0.008     8.5590     99.238     39.054  37.246395     1.7957      8.473   228.6775 6.2270e+02     5.0986     -0.061     -0.088    22.7004 0.0000e+00
     -0.056      0.009     8.5591     99.238     39.064  37.257836     1.8268      8.473   228.6305 6.0748e+02     5.0839     -0.054     -0.079    22.7008 0.0000e+00
     -0.053      0.009     8.5588     99.289     39.058  37.256890     1.8565      8.474   228.5304 6.0745e+02     5.1358     -0.051     -0.073    22.6965 0.0000e+00
     -0.052      0.008     8.5630     99.374     39.033  37.234960     1.8635      8.474   228.4995 6.2778e+02     5.1446     -0.050     -0.072    22.6861 0.0000e+00
     -0.052      0.005     8.5649     99.444     39.045  37.246507     1.8444      8.474   228.5151 6.3530e+02     5.1566     -0.051     -0.074    22.6762 0.0000e+00
     -0.051      0.001     8.5604     99.489     39.068  37.269589     1.8339      8.475   228.5465 6.3671e+02     5.2471     -0.050     -0.072    22.6813 0.0000e+00
     -0.049     -0.002     8.5647     99.495     39.057  37.260235     1.8445      8.475   228.6207 6.4703e+02     5.3503     -0.048     -0.069    22.6908 0.0000e+00
     -0.049     -0.007     8.5743     99.453     39.055  37.260319     1.8570      8.474   228.7239 6.5959e+02     5.4136     -0.047     -0.068    22.6923 0.0000e+00
     -0.052     -0.010     8.5796     99.394     39.061  37.270605     1.8598      8.474   228.7626 6.8341e+02     5.3976     -0.051     -0.073    22.6908 0.0000e+00
     -0.055     -0.008     8.5844     99.332     39.040  37.257705     1.8706      8.474   228.4862 7.1786e+02     5.3278     -0.054     -0.078    22.6917 0.0000e+00
     -0.061     -0.001     8.5852     99.232     39.010  37.231255     1.8954      8.472   227.9622 7.4143e+02     5.2533     -0.057     -0.083    22.6947 0.0000e+00
     -0.068      0.012     8.5795     99.115     38.992  37.204624     1.9097      8.470   227.3327 8.0223e+02     5.2140     -0.069     -0.099    22.6961 0.0000e+00
     -0.068      0.026     8.5729     99.061     38.995  37.189524     1.9187      8.470   226.4676 8.7531e+02     5.2285     -0.074     -0.106    22.7009 0.0000e+00
     -0.055      0.038     8.5676     99.066     39.000  37.175556     1.9210      8.469   225.8479 8.3919e+02     5.2579     -0.058     -0.083    22.7124 0.0000e+00
     -0.035      0.047     8.5583     99.085     39.000  37.162621     1.9126      8.469   225.6042 7.8499e+02     5.3306     -0.033     -0.048    22.7206 0.0000e+00
     -0.014      0.054     8.5446     99.135     39.005  37.160008     1.9092      8.469   225.4129 7.9719e+02     5.4239     -0.012     -0.018    22.7076 0.0000e+00
      0.001      0.061     8.5467     99.230     38.997  37.143951     1.9132      8.468   225.2565 8.1969e+02     5.4640      0.005      0.006    22.6777 0.0000e+00
      0.009      0.069     8.5536     99.333     38.964  37.095382     1.9444      8.467   225.1757 7.9668e+02     5.4396      0.010      0.015    22.6529 0.0000e+00
