Data/DataNotYetUploadedToEDI/Raw_CTD/RawDownloads/060324_bvr50_S8188001.cnv
* Sea-Bird SBE19plus  Data File:
* FileName = C:\R\Reservoirs\Data\DataNotYetUploadedToEDI\Raw_CTD\RawDownloads\060324_bvr50_S78188_0001.hex
* Software version 2.8.0.119
* Temperature SN = 8188
* Conductivity SN = 8188
* System UpLoad Time = Jun 20 2024 16:34:33
* <ApplicationData>
* <Seaterm232>
# nquan = 16
# nvalues = 2118                        
# units = specified
# name 0 = depFM: Depth [fresh water, m]
# name 1 = dz/dtM: Descent Rate [m/s]
# name 2 = sbeox0Mg/L: Oxygen, SBE 43 [mg/l]
# name 3 = sbeox0PS: Oxygen, SBE 43 [% saturation]
# name 4 = specc: Specific Conductance [uS/cm]
# name 5 = c0uS/cm: Conductivity [uS/cm]
# name 6 = wetCDOM: Fluorescence, WET Labs CDOM [mg/m^3]
# name 7 = flECO-AFL: Fluorescence, WET Labs ECO-AFL/FL [mg/m^3]
# name 8 = flECO-AFL1: Fluorescence, WET Labs ECO-AFL/FL, 2 [mg/m^3]
# name 9 = flECO-AFL2: Fluorescence, WET Labs ECO-AFL/FL, 3 [mg/m^3]
# name 10 = par/sat/log: PAR/Logarithmic, Satlantic
# name 11 = turbWETntu0: Turbidity, WET Labs ECO [NTU]
# name 12 = prdM: Pressure, Strain Gauge [db]
# name 13 = prdE: Pressure, Strain Gauge [psi]
# name 14 = tv290C: Temperature [ITS-90, deg C]
# name 15 = flag:  0.000e+00
# span 0 =     -0.709,      7.366       
# span 1 =     -0.192,      0.092       
# span 2 =    -0.6005,    11.3326       
# span 3 =     -6.397,    131.204       
# span 4 =     29.053,    462.583       
# span 5 =  25.449715, 443.713077       
# span 6 =    -4.5000,    32.6700       
# span 7 =     0.1770,    20.0633       
# span 8 =    -2.1300,     3.7914       
# span 9 =    -3.0033,     9.3483       
# span 10 = 1.8467e-01, 2.1453e+03      
# span 11 =    -0.6570,     9.7211      
# span 12 =     -0.695,      7.223      
# span 13 =     -1.008,     10.477      
# span 14 =    10.5708,    23.4146      
# span 15 = 0.0000e+00, 0.0000e+00      
# interval = seconds: 0.25
# start_time = Jun 03 2024 07:49:27 [Instrument's time stamp, header]
# bad_flag = -9.990e-29
*END*
[from data line 724]
      1.327      0.029     9.3976    107.263     29.770  27.850851    27.9000     9.8093     0.1704     5.4144 1.1633e+01     7.9688      1.301      1.887    21.8258 0.0000e+00
      1.334      0.032     9.4104    107.082     29.752  27.827713    27.9000     9.8131     0.1704     5.4144 1.1646e+01     8.0896      1.308      1.898    21.8143 0.0000e+00
      1.343      0.035     9.4200    106.830     29.699  27.771430    28.0800     9.8093     0.1704     5.4990 1.1455e+01     7.9839      1.316      1.909    21.8004 0.0000e+00
      1.352      0.038     9.4237    106.543     29.639  27.708811    28.0800     9.2218     0.1704     5.4990 1.1287e+01     8.6335      1.325      1.922    21.7857 0.0000e+00
      1.362      0.040     9.4188    106.255     29.618  27.680907    28.0800     9.2447     0.1704     5.4990 1.0932e+01     8.7090      1.335      1.937    21.7722 0.0000e+00
      1.373      0.043     9.4049    105.986     29.633  27.688239    28.0800     9.2676     0.1704     5.4990 1.0616e+01     8.7392      1.346      1.953    21.7610 0.0000e+00
      1.385      0.044     9.3847    105.740     29.668  27.716834    28.3500     9.2218     0.1704     5.5836 1.0132e+01     8.6939      1.358      1.970    21.7505 0.0000e+00
      1.397      0.045     9.3617    105.524     29.697  27.740463    28.3500     9.2523     0.1704     5.5836 9.7792e+00     7.7724      1.370      1.987    21.7383 0.0000e+00
      1.408      0.044     9.3387    105.344     29.696  27.735559    28.3500     9.2676     0.1704     5.5836 9.6588e+00     7.8026      1.381      2.003    21.7253 0.0000e+00
      1.420      0.044     9.3171    105.192     29.682  27.718734    28.3500     9.2447     0.1704     5.5836 9.5877e+00     7.7422      1.392      2.019    21.7143 0.0000e+00
      1.431      0.043     9.2968    105.058     29.683  27.715372    28.4400     9.2371     0.1704     5.6259 9.3511e+00     7.7422      1.403      2.035    21.7065 0.0000e+00
      1.442      0.043     9.2788    104.943     29.687  27.714620    28.4400     9.4926     0.1704     5.6259 9.1282e+00     7.9688      1.414      2.050    21.7006 0.0000e+00
      1.452      0.042     9.2641    104.848     29.670  27.694373    28.4400     9.5041     0.1704     5.6259 9.0433e+00     8.0896      1.424      2.065    21.6944 0.0000e+00
      1.463      0.041     9.2520    104.776     29.647  27.667154    28.4400     9.4965     0.1704     5.6259 8.9184e+00     7.9839      1.435      2.080    21.6873 0.0000e+00
      1.473      0.041     9.2415    104.732     29.633  27.647607    28.1700     9.4736     0.1704     5.5836 8.6156e+00     7.9990      1.445      2.096    21.6802 0.0000e+00
      1.484      0.041     9.2327    104.716     29.629  27.638485    28.1700     9.8627     0.1704     5.5836 8.4542e+00     8.7241      1.455      2.111    21.6731 0.0000e+00
      1.494      0.041     9.2258    104.717     29.635  27.637356    28.1700     9.8703     0.1704     5.5836 8.3883e+00     8.7694      1.466      2.125    21.6649 0.0000e+00
      1.505      0.041     9.2212    104.711     29.627  27.624005    28.1700     9.8741     0.1704     5.5836 8.3920e+00     8.6637      1.476      2.140    21.6552 0.0000e+00
      1.515      0.042     9.2192    104.672     29.609  27.602836    28.1700     9.8741     0.1704     5.5836 8.2977e+00     8.7090      1.486      2.155    21.6449 0.0000e+00
      1.526      0.042     9.2196    104.587     29.609  27.600065    28.4400    10.0725     0.1704     5.4990 8.1105e+00     8.7996      1.496      2.170    21.6346 0.0000e+00
      1.537      0.042     9.2216    104.464     29.627  27.614953    28.4400    10.0420     0.1704     5.4990 7.7470e+00     8.7392      1.507      2.185    21.6241 0.0000e+00
      1.548      0.042     9.2228    104.317     29.647  27.631557    28.4400    10.0496     0.1704     5.4990 7.6152e+00     8.6637      1.518      2.201    21.6144 0.0000e+00
      1.558      0.042     9.2206    104.170     29.654  27.636384    28.4400    10.0458     0.1704     5.4990 7.5789e+00     8.7090      1.528      2.217    21.6072 0.0000e+00
      1.569      0.042     9.2140    104.051     29.635  27.616781    28.8000    10.2251     0.1704     5.6682 7.5756e+00     8.3162      1.539      2.232    21.6024 0.0000e+00
      1.579      0.042     9.2037    103.978     29.617  27.597390    28.8000    10.2289     0.1704     5.6682 7.4726e+00     8.2105      1.549      2.247    21.5991 0.0000e+00
      1.590      0.042     9.1913    103.954     29.626  27.602909    28.8000    10.2098     0.1704     5.6682 7.1969e+00     8.2407      1.560      2.262    21.5961 0.0000e+00
      1.601      0.043     9.1790    103.972     29.623  27.598966    28.8000    10.2594     0.1704     5.6682 6.9600e+00     8.2256      1.571      2.278    21.5928 0.0000e+00
      1.612      0.043     9.1692    104.020     29.580  27.556633    28.7100     9.6872     0.1704     5.6259 6.8803e+00     8.2709      1.581      2.294    21.5887 0.0000e+00
      1.623      0.043     9.1636    104.086     29.528  27.506437    28.7100     9.6758     0.1704     5.6259 6.9193e+00     8.2105      1.592      2.309    21.5844 0.0000e+00
      1.634      0.044     9.1621    104.148     29.512  27.488757    28.7100     9.6986     0.1704     5.6259 6.8445e+00     8.3162      1.602      2.324    21.5806 0.0000e+00
      1.645      0.044     9.1643    104.193     29.518  27.492905    28.7100     9.6681     0.1704     5.6259 6.5891e+00     8.3011      1.613      2.339    21.5773 0.0000e+00
      1.656      0.046     9.1691    104.217     29.526  27.498083    28.7100     9.3668     0.1704     5.6259 6.4685e+00     8.9809      1.624      2.355    21.5742 0.0000e+00
      1.668      0.047     9.1754    104.225     29.536  27.505671    28.6200     9.3706     0.2130     5.5836 6.4517e+00     8.8752      1.636      2.372    21.5708 0.0000e+00
      1.680      0.049     9.1815    104.221     29.541  27.509729    28.6200     9.3820     0.2130     5.5836 6.2191e+00     8.9356      1.647      2.389    21.5673 0.0000e+00
      1.693      0.050     9.1861    104.209     29.555  27.521294    28.6200     9.3591     0.2130     5.5836 6.1066e+00     8.9960      1.660      2.407    21.5641 0.0000e+00
      1.706      0.051     9.1888    104.184     29.582  27.545441    28.6200     9.9161     0.2130     5.5836 5.9896e+00     8.9356      1.673      2.426    21.5611 0.0000e+00
      1.719      0.053     9.1899    104.144     29.589  27.550775    28.8900     9.9313     0.1704     5.4144 5.7586e+00     8.9356      1.686      2.445    21.5584 0.0000e+00
      1.733      0.055     9.1900    104.100     29.571  27.532745    28.8900     9.9466     0.1704     5.4144 5.6754e+00     9.0565      1.699      2.464    21.5560 0.0000e+00
      1.746      0.056     9.1893    104.060     29.541  27.502473    28.8900     9.9123     0.1704     5.4144 5.6840e+00     8.9507      1.712      2.483    21.5540 0.0000e+00
      1.761      0.058     9.1874    104.020     29.509  27.469808    28.8900     9.6758     0.1704     5.4144 5.4636e+00     9.2528      1.726      2.504    21.5521 0.0000e+00
      1.776      0.059     9.1842    103.986     29.495  27.451926    28.8900     9.6796     0.2130     5.6259 5.2165e+00     9.2226      1.741      2.526    21.5502 0.0000e+00
      1.792      0.060     9.1808    103.961     29.500  27.450032    28.8900     9.6948     0.2130     5.6259 4.8502e+00     9.2982      1.757      2.549    21.5477 0.0000e+00
      1.808      0.058     9.1780    103.931     29.513  27.457647    28.8900     9.6681     0.2130     5.6259 4.5818e+00     9.2377      1.773      2.572    21.5440 0.0000e+00
      1.824      0.056     9.1754    103.883     29.526  27.468835    28.8900    12.4453     0.2130     5.6259 4.3499e+00     8.9507      1.789      2.594    21.5386 0.0000e+00
      1.839      0.053     9.1738    103.805     29.540  27.482597    29.2500    12.4643     0.2130     5.6682 4.2315e+00     8.9356      1.803      2.615    21.5306 0.0000e+00
      1.851      0.049     9.1733    103.695     29.534  27.478710    29.2500    12.4605     0.2130     5.6682 4.2500e+00     9.0565      1.815      2.633    21.5207 0.0000e+00
      1.863      0.045     9.1721    103.558     29.504  27.450161    29.2500    12.4720     0.2130     5.6682 4.2629e+00     8.8601      1.826      2.649    21.5130 0.0000e+00
      1.873      0.042     9.1683    103.401     29.468  27.411244    29.2500    12.9603     0.2130     5.6682 4.2713e+00     7.9537      1.836      2.663    21.5106 0.0000e+00
      1.882      0.041     9.1611    103.209     29.417  27.353570    29.2500    12.9679     0.2130     5.6682 4.2472e+00     7.9839      1.846      2.677    21.5126 0.0000e+00
      1.892      0.040     9.1509    102.952     29.350  27.275698    28.7100    12.9832     0.2130     5.6259 4.1958e+00     7.9839      1.855      2.691    21.5147 0.0000e+00
      1.902      0.041     9.1390    102.576     29.268  27.178768    28.7100    12.9603     0.2130     5.6259 4.1146e+00     7.9839      1.865      2.705    21.5130 0.0000e+00
      1.912      0.042     9.1266    102.008     29.176  27.064807    28.7100    20.0404     0.2130     5.6259 4.0366e+00     8.4673      1.875      2.720    21.5045 0.0000e+00
      1.923      0.043     9.1126    101.154     29.094  26.953207    28.7100    20.0633     0.2130     5.6259 3.9072e+00     8.3767      1.886      2.735    21.4875 0.0000e+00
      1.934      0.044     9.0944     99.896     29.053  26.871951    28.6200    20.0557     0.1704     5.5413 3.8390e+00     8.4220      1.897      2.751    21.4610 0.0000e+00
      1.945      0.045     9.0674     98.085     29.054  26.825256    28.6200    20.0366     0.1704     5.5413 3.7581e+00     8.4824      1.908      2.767    21.4246 0.0000e+00
      1.957      0.045     9.0253     95.568     29.064  26.786728    28.6200    15.6840     0.1704     5.5413 3.6053e+00     7.5307      1.919      2.784    21.3768 0.0000e+00
      1.969      0.045     8.9600     92.256     29.083  26.758038    28.6200    15.6993     0.1704     5.5413 3.5248e+00     7.5911      1.931      2.801    21.3157 0.0000e+00
      1.981      0.044     8.8608     88.207     29.129  26.759410    28.7100    15.7031     0.1704     5.5413 3.3874e+00     7.6062      1.943      2.817    21.2417 0.0000e+00
      1.992      0.042     8.7135     83.624     29.198  26.785236    28.7100    15.7107     0.1704     5.5413 3.2673e+00     7.5609      1.954      2.833    21.1596 0.0000e+00
      2.003      0.041     8.5030     78.768     29.277  26.816514    28.7100     5.9449     0.1704     5.5413 3.1992e+00     5.1439      1.964      2.849    21.0763 0.0000e+00
      2.013      0.039     8.2202     73.891     29.364  26.841675    28.7100     5.9564     0.1704     5.5413 3.1756e+00     5.1288      1.974      2.863    20.9980 0.0000e+00
      2.022      0.038     7.8693     69.191     29.474  26.865436    28.9800     5.9373     0.1704     5.5413 3.2034e+00     5.2345      1.983      2.876    20.9284 0.0000e+00
      2.031      0.038     7.4688     64.724     29.603  26.882182    28.9800     5.9373     0.1704     5.5413 3.1447e+00     5.0986      1.992      2.889    20.8648 0.0000e+00
      2.040      0.038     7.0433     60.343     29.725  26.872480    28.9800     3.5683     0.1704     5.5413 3.1135e+00     3.6937      2.001      2.902    20.7952 0.0000e+00
      2.050      0.039     6.6176     55.706     29.844  26.847676    28.9800     3.5607     0.1704     5.5413 3.1033e+00     3.6937      2.010      2.915    20.7028 0.0000e+00
      2.060      0.040     6.2105     50.379     29.968  26.831016    28.9800     3.5874     0.1704     5.5413 2.9759e+00     3.7390      2.020      2.930    20.5738 0.0000e+00
      2.070      0.041     5.8271     44.020     30.063  26.808093    28.8900     3.5950     0.2130     5.6259 2.8204e+00     3.6937      2.030      2.945    20.4045 0.0000e+00
      2.081      0.041     5.4526     36.545     30.101  26.764825    28.8900     3.4844     0.2130     5.6259 2.7784e+00     3.2405      2.041      2.960    20.2019 0.0000e+00
      2.092      0.041     5.0542     28.187     30.096  26.711575    28.8900     3.5226     0.2130     5.6259 2.7496e+00     3.2405      2.051      2.976    19.9808 0.0000e+00
      2.102      0.041     4.5893     19.521     30.060  26.650070    28.8900     3.5454     0.2130     5.6259 2.6366e+00     3.2556      2.062      2.990    19.7661 0.0000e+00
      2.113      0.040     4.0238     11.384     29.999  26.573868    28.7100     3.5340     0.2130     5.5836 2.6155e+00     3.2707      2.072      3.005    19.5864 0.0000e+00
      2.123      0.040     3.3489      4.618     29.924  26.476587    28.7100     4.1749     0.2130     5.5836 2.6008e+00     3.1801      2.082      3.019    19.4567 0.0000e+00
      2.133      0.040     2.5868     -0.176     29.879  26.382066    28.7100     4.2054     0.2130     5.5836 2.5543e+00     3.2707      2.091      3.033    19.3740 0.0000e+00
      2.142      0.040     1.7925     -2.783     29.899  26.328816    28.7100     4.1940     0.2130     5.5836 2.5316e+00     3.2103      2.101      3.047    19.3241 0.0000e+00
      2.152      0.040     1.0448     -3.459     29.948  26.302630    28.6200     4.2130     0.1704     5.4990 2.4430e+00     3.3613      2.111      3.061    19.2879 0.0000e+00
      2.163      0.041     0.4222     -2.901     29.983  26.278602    28.6200     5.2583     0.1704     5.4990 2.3103e+00     3.1801      2.121      3.076    19.2357 0.0000e+00
      2.173      0.041    -0.0197     -1.978     30.008  26.260277    28.6200     5.2850     0.1704     5.4990 2.2740e+00     3.3160      2.132      3.092    19.1442 0.0000e+00
      2.184      0.040    -0.2605     -1.366     30.024  26.248740    28.6200     5.2926     0.1704     5.4990 2.2314e+00     3.2103      2.142      3.107    19.0256 0.0000e+00
      2.194      0.040    -0.3229     -1.409     30.053  26.256845    28.8000     5.3002     0.1704     5.5413 2.1939e+00     3.2103      2.152      3.121    18.9110 0.0000e+00
      2.204      0.039    -0.2708     -2.153     30.134  26.306666    28.8000     4.6212     0.1704     5.5413 2.1138e+00     2.5758      2.161      3.135    18.8188 0.0000e+00
      2.214      0.038    -0.1847     -3.380     30.274  26.397551    28.8000     4.6174     0.1704     5.5413 2.0928e+00     2.5154      2.171      3.149    18.7529 0.0000e+00
      2.223      0.038    -0.1277     -4.712     30.452  26.517891    28.8000     4.5945     0.1704     5.5413 2.0919e+00     2.4852      2.180      3.163    18.7102 0.0000e+00
      2.233      0.037    -0.1320     -5.781     30.631  26.644021    28.8000     4.5945     0.1704     5.5413 2.0559e+00     2.5003      2.190      3.176    18.6809 0.0000e+00
      2.242      0.037    -0.2018     -6.355     30.766  26.737890    28.8000     2.9656     0.1704     6.2604 2.0099e+00     2.2737      2.199      3.190    18.6464 0.0000e+00
      2.252      0.036    -0.3169     -6.397     30.862  26.800636    28.8000     2.9656     0.1704     6.2604 1.9024e+00     2.3341      2.208      3.203    18.5952 0.0000e+00
      2.261      0.036    -0.4419     -6.030     30.954  26.858946    28.8000     2.9694     0.1704     6.2604 1.8814e+00     2.2888      2.217      3.216    18.5380 0.0000e+00
      2.270      0.036    -0.5423     -5.419     31.057  26.922395    28.8000     2.9656     0.1704     6.2604 1.8652e+00     2.2435      2.226      3.229    18.4893 0.0000e+00
      2.279      0.036    -0.5964     -4.690     31.195  27.011885    28.8900     2.4735     0.1704     5.9220 1.8530e+00     2.0320      2.235      3.241    18.4509 0.0000e+00
      2.288      0.036    -0.6005     -3.933     31.371  27.127384    28.8900     2.4621     0.1704     5.9220 1.7731e+00     2.2283      2.244      3.254    18.4176 0.0000e+00
