Data/DataNotYetUploadedToEDI/Raw_CTD/RawDownloads/060324_fcr50_S8188002.cnv
* Sea-Bird SBE19plus  Data File:
* FileName = C:\R\Reservoirs\Data\DataNotYetUploadedToEDI\Raw_CTD\RawDownloads\060324_bvr50_S78188_0002.hex
* Software version 2.8.0.119
* Temperature SN = 8188
* Conductivity SN = 8188
* System UpLoad Time = Jun 20 2024 16:35:00
* <ApplicationData>
* <Seaterm232>
# nquan = 16
# nvalues = 1820                        
# units = specified
# name 0 = depFM: Depth [fresh water, m]
# name 1 = dz/dtM: Descent Rate [m/s]
# name 2 = sbeox0Mg/L: Oxygen, SBE 43 [mg/l]
# name 3 = sbeox0PS: Oxygen, SBE 43 [% saturation]
# name 4 = specc: Specific Conductance [uS/cm]
# name 5 = c0uS/cm: Conductivity [uS/cm]
# name 6 = wetCDOM: Fluorescence, WET Labs CDOM [mg/m^3]
# name 7 = flECO-AFL: Fluorescence, WET Labs ECO-AFL/FL [mg/m^3]
# name 8 = flECO-AFL1: Fluorescence, WET Labs ECO-AFL/FL, 2 [mg/m^3]
# name 9 = flECO-AFL2: Fluorescence, WET Labs ECO-AFL/FL, 3 [mg/m^3]
# name 10 = par/sat/log: PAR/Logarithmic, Satlantic
# name 11 = turbWETntu0: Turbidity, WET Labs ECO [NTU]
# name 12 = prdM: Pressure, Strain Gauge [db]
# name 13 = prdE: Pressure, Strain Gauge [psi]
# name 14 = tv290C: Temperature [ITS-90, deg C]
# name 15 = flag:  0.000e+00
# span 0 =     -0.684,      9.510       
# span 1 =     -0.351,      0.132       
# span 2 =     0.3043,    12.1997       
# span 3 =      2.768,    121.389       
# span 4 =     -0.553,    214.524       
# span 5 =  -0.604981, 155.764212       
# span 6 =    -4.5000,   183.9600       
# span 7 =    -0.7195,     4.6822       
# span 8 =    -2.1300,     0.2982       
# span 9 =    -2.0304,     1.4805       
# span 10 = 1.1577e-01, 2.9604e+03      
# span 11 =    -1.2461,   225.9395      
# span 12 =     -0.671,      9.326      
# span 13 =     -0.973,     13.527      
# span 14 =    11.1103,    29.7235      
# span 15 = 0.0000e+00, 0.0000e+00      
# interval = seconds: 0.25
# start_time = Jun 03 2024 10:09:32 [Instrument's time stamp, header]
# bad_flag = -9.990e-29
*END*
[from data line 1718]
      1.527     -0.225     0.7378      6.807    198.747 143.846659    33.2100     2.7863     0.0426     0.7614 9.9759e+01     0.7781      1.497      2.172    11.1830 0.0000e+00
      1.468     -0.226     0.7397      6.820    198.777 143.871257    33.2100     2.7749     0.0426     0.7614 1.0844e+02     0.8688      1.440      2.088    11.1836 0.0000e+00
      1.409     -0.228     0.7422      6.826    198.819 143.904923    33.2100     2.7443     0.0426     0.7614 1.1415e+02     0.7781      1.382      2.004    11.1842 0.0000e+00
      1.350     -0.231     0.7448      6.826    198.850 143.930599    33.2100     2.7749     0.0426     0.7614 1.1420e+02     0.8083      1.324      1.921    11.1849 0.0000e+00
      1.292     -0.234     0.7470      6.821    198.881 143.957135    33.2100     2.5574     0.0426     0.7614 1.1643e+02     0.4760      1.268      1.838    11.1857 0.0000e+00
      1.234     -0.236     0.7484      6.810    198.923 143.991608    30.0600     2.4849     0.0426     0.8037 1.2162e+02     0.5364      1.210      1.755    11.1864 0.0000e+00
      1.173     -0.238     0.7490      6.793    198.949 144.015172    30.0600     2.5383     0.0426     0.8037 1.2917e+02     0.5515      1.150      1.668    11.1873 0.0000e+00
      1.111     -0.240     0.7490      6.771    198.989 144.048130    30.0600     2.5155     0.0426     0.8037 1.3784e+02     0.6120      1.089      1.580    11.1881 0.0000e+00
      1.048     -0.242     0.7484      6.742    199.067 144.109287    30.0600     2.5383     0.0426     0.8037 1.4573e+02     0.5817      1.028      1.491    11.1891 0.0000e+00
      0.986     -0.244     0.7473      6.702    199.147 144.172892    28.1700     2.4506     0.0426     0.6768 1.4538e+02     0.5364      0.967      1.403    11.1901 0.0000e+00
      0.925     -0.244     0.7454      6.654    199.213 144.225866    28.1700     2.4430     0.0426     0.6768 1.5085e+02     0.5969      0.907      1.316    11.1912 0.0000e+00
      0.862     -0.243     0.7429      6.598    199.255 144.262310    28.1700     2.4392     0.0426     0.6768 1.6210e+02     0.6120      0.845      1.227    11.1923 0.0000e+00
      0.799     -0.239     0.7397      6.542    199.287 144.291942    28.1700     2.4582     0.0426     0.6768 1.7740e+02     0.5515      0.783      1.136    11.1936 0.0000e+00
      0.736     -0.234     0.7354      6.488    199.337 144.334681    26.5500     2.0958     0.0852     0.6345 1.8276e+02     0.3249      0.722      1.047    11.1949 0.0000e+00
      0.676     -0.224     0.7300      6.436    199.409 144.393912    26.5500     2.1073     0.0852     0.6345 1.8677e+02     0.2947      0.663      0.961    11.1963 0.0000e+00
      0.619     -0.211     0.7239      6.385    199.489 144.459396    26.5500     2.1073     0.0852     0.6345 1.9836e+02     0.3703      0.607      0.880    11.1978 0.0000e+00
      0.564     -0.194     0.7176      6.337    199.554 144.514548    26.5500     2.0882     0.0852     0.6345 2.1227e+02     0.3854      0.554      0.803    11.1994 0.0000e+00
      0.515     -0.174     0.7117      6.294    199.618 144.570070    24.9300     2.1340     0.0852     0.8037 2.2442e+02     0.3249      0.505      0.733    11.2011 0.0000e+00
      0.473     -0.153     0.7060      6.253    199.701 144.638766    24.9300     2.1416     0.0852     0.8037 2.2017e+02     0.3249      0.464      0.673    11.2029 0.0000e+00
      0.437     -0.132     0.7004      6.213    199.779 144.704907    24.9300     2.1721     0.0852     0.8037 2.2141e+02     0.2494      0.429      0.622    11.2048 0.0000e+00
      0.408     -0.111     0.6951      6.171    199.816 144.742069    24.9300     2.1645     0.0852     0.8037 2.2781e+02     0.2947      0.400      0.581    11.2068 0.0000e+00
      0.384     -0.094     0.6903      6.126    199.832 144.764169    24.9300     2.2217     0.0852     0.8037 2.2731e+02     0.3703      0.376      0.546    11.2089 0.0000e+00
      0.364     -0.080     0.6858      6.084    199.879 144.809144    24.8400     2.2217     0.0852     0.5499 2.2466e+02     0.4760      0.357      0.517    11.2112 0.0000e+00
      0.347     -0.071     0.6814      6.047    199.951 144.872967    24.8400     2.2141     0.0852     0.5499 2.2257e+02     0.2947      0.340      0.494    11.2136 0.0000e+00
      0.332     -0.068     0.6767      6.013    199.997 144.918581    24.8400     2.2027     0.0852     0.5499 2.2349e+02     0.3703      0.326      0.473    11.2161 0.0000e+00
      0.318     -0.069     0.6717      5.979    199.993 144.928108    24.8400     2.2713     0.0852     0.5499 2.1959e+02     0.5817      0.312      0.453    11.2187 0.0000e+00
      0.303     -0.075     0.6670      5.943    199.972 144.926120    25.3800     2.2828     0.0426     0.6345 2.1807e+02     0.5817      0.297      0.431    11.2215 0.0000e+00
      0.284     -0.086     0.6630      5.903    199.964 144.934118    25.3800     2.2789     0.0426     0.6345 2.1831e+02     0.5062      0.279      0.405    11.2244 0.0000e+00
      0.262     -0.101     0.6592      5.860    199.983 144.962248    25.3800     2.2942     0.0426     0.6345 2.1850e+02     0.5515      0.257      0.373    11.2274 0.0000e+00
      0.235     -0.118     0.6555      5.814    200.031 145.012001    25.3800     2.2294     0.0426     0.6345 2.2721e+02     0.4005      0.231      0.335    11.2306 0.0000e+00
      0.203     -0.136     0.6515      5.773    200.061 145.048579    25.4700     2.1836     0.0852     0.6768 2.3387e+02     0.2343      0.199      0.289    11.2339 0.0000e+00
      0.165     -0.155     0.6470      5.747    200.057 145.061709    25.4700     2.2332     0.0852     0.6768 2.4162e+02     0.2947      0.162      0.235    11.2373 0.0000e+00
      0.123     -0.173     0.6423      5.746    200.045 145.068911    25.4700     2.2217     0.0852     0.6768 2.3953e+02     0.3249      0.121      0.176    11.2409 0.0000e+00
      0.076     -0.188     0.6372      5.773    200.002 145.054082    25.4700     2.1569     0.0852     0.6768 2.6151e+02     0.4005      0.075      0.109    11.2446 0.0000e+00
      0.025     -0.201     0.6326      5.821    199.909 145.003255    25.4700     2.1721     0.0852     0.6768 2.8144e+02     0.3249      0.024      0.035    11.2485 0.0000e+00
     -0.031     -0.212     0.6297      5.883    199.754 144.906881    24.3000     2.1454     0.0426     0.6345 3.4793e+02     0.3854     -0.030     -0.043    11.2524 0.0000e+00
     -0.087     -0.221     0.6296      5.959    199.480 144.723239    24.3000     2.1187     0.0426     0.6345 3.5380e+02     0.4307     -0.085     -0.124    11.2565 0.0000e+00
     -0.144     -0.227     0.6325      6.046    199.030 144.409367    24.3000     2.1569     0.0426     0.6345 3.5806e+02     0.5817     -0.141     -0.204    11.2606 0.0000e+00
     -0.202     -0.229     0.6376      6.148    198.663 144.151930    24.3000     2.1340     0.0426     0.6345 3.4937e+02     0.4911     -0.198     -0.287    11.2648 0.0000e+00
     -0.263     -0.228     0.6444      6.276    199.150 144.509092    24.3000     2.1302     0.0852     0.6768 3.3328e+02     0.5666     -0.258     -0.374    11.2689 0.0000e+00
     -0.325     -0.221     0.6525      6.453    201.149 145.962589    24.3000     2.1492     0.0852     0.6768 3.1157e+02     0.5817     -0.318     -0.462    11.2727 0.0000e+00
     -0.384     -0.208     0.6620      6.723    204.690 148.541563    24.3000     1.7296     0.0852     0.6768 2.9426e+02     8.2105     -0.377     -0.547    11.2761 0.0000e+00
     -0.439     -0.190     0.6731      7.141    209.093 151.756035    24.3000     1.7144     0.0852     0.6768 2.7973e+02     8.0745     -0.430     -0.624    11.2786 0.0000e+00
     -0.487     -0.167     0.6870      7.778    212.995 154.616106   183.9600     1.7144     0.0426    -0.7614 2.5695e+02     8.1803     -0.477     -0.692    11.2801 0.0000e+00
     -0.526     -0.142     0.7063      8.745    214.524 155.764212   183.9600     1.7067     0.0426    -0.7614 2.3145e+02     8.1501     -0.516     -0.749    11.2819 0.0000e+00
     -0.558     -0.117     0.7355     10.222    211.351 153.509834   183.9600     1.0430     0.0426    -0.7614 2.2603e+02    90.8880     -0.547     -0.793    11.2858 0.0000e+00
     -0.582     -0.094     0.7807     12.422    201.534 146.447805   183.9600     1.0124     0.0426    -0.7614 2.1181e+02    90.9031     -0.571     -0.828    11.2932 0.0000e+00
     -0.601     -0.074     0.8496     15.517    184.053 133.849762   181.9800     1.0201    -0.2556    -0.2115 1.7782e+02    90.9031     -0.589     -0.855    11.3047 0.0000e+00
     -0.616     -0.058     0.9541     19.590    160.608 116.975160   181.9800     1.0506    -0.2556    -0.2115 1.5639e+02    90.8880     -0.604     -0.876    11.3217 0.0000e+00
     -0.627     -0.045     1.1136     24.660    135.898  99.258596   181.9800     0.4326    -0.2556    -0.2115 1.5906e+02    17.8937     -0.615     -0.892    11.3464 0.0000e+00
     -0.636     -0.035     1.3509     30.712    113.508  83.272374   181.9800     0.4440    -0.2556    -0.2115 1.4735e+02    17.7427     -0.624     -0.905    11.3839 0.0000e+00
     -0.644     -0.027     1.6837     37.691     94.545  69.728337   181.9800     0.4364    -0.2556    -0.2115 1.4802e+02    17.8937     -0.631     -0.916    11.4428 0.0000e+00
     -0.649     -0.022     2.1198     45.554     77.208  57.206626    41.4900     0.4479     0.0000    -0.3807 1.4867e+02    17.8484     -0.637     -0.923    11.5390 0.0000e+00
     -0.654     -0.017     2.6590     54.304     59.174  43.979195    41.4900     0.2075     0.0000    -0.3807 1.5187e+02    16.9420     -0.641     -0.929    11.6909 0.0000e+00
     -0.657     -0.014     3.2980     63.867     42.809  31.875337    41.4900     0.1961     0.0000    -0.3807 1.5463e+02    16.9571     -0.644     -0.934    11.8939 0.0000e+00
     -0.660     -0.011     4.0326     73.947     31.610  23.573667    41.4900     0.2075     0.0000    -0.3807 1.5164e+02    16.9873     -0.647     -0.938    12.1057 0.0000e+00
     -0.662     -0.009     4.8613     84.011     24.991  18.666559    54.2700     0.2075     0.0000     0.9306 1.4671e+02    16.9269     -0.649     -0.942    12.2777 0.0000e+00
     -0.664     -0.007     5.7869     93.400     20.734  15.507192    54.2700     0.3906     0.0000     0.9306 1.4384e+02    13.8452     -0.651     -0.944    12.3912 0.0000e+00
     -0.666     -0.006     6.8022    101.491     17.602  13.177454    54.2700     0.4059     0.0000     0.9306 1.3935e+02    13.8603     -0.653     -0.946    12.4556 0.0000e+00
     -0.667     -0.004     7.8745    107.809     15.100  11.310776    54.2700     0.3716     0.0000     0.9306 1.4081e+02    13.9207     -0.654     -0.948    12.4886 0.0000e+00
     -0.668     -0.003     8.9462    112.069     13.131   9.839146    49.7700     0.3830     0.0426     1.2690 1.8475e+02    13.8754     -0.655     -0.950    12.5042 0.0000e+00
     -0.669     -0.002     9.9469    114.216     11.723   8.785946    49.7700     0.3716     0.0426     1.2690 3.4238e+02    12.9841     -0.656     -0.951    12.5102 0.0000e+00
     -0.669     -0.001    10.8100    114.465     10.758   8.063306    49.7700     0.4021     0.0426     1.2690 3.6704e+02    12.8935     -0.656     -0.951    12.5103 0.0000e+00
     -0.668     -0.001    11.4848    113.254     10.017   7.508361    49.7700     0.3639     0.0426     1.2690 4.2855e+02    12.9690     -0.655     -0.951    12.5064 0.0000e+00
     -0.668     -0.001    11.9408    111.100      9.411   7.054690    49.7700     0.3945     0.0426     1.2690 4.3616e+02    12.9690     -0.655     -0.950    12.5003 0.0000e+00
     -0.668     -0.001    12.1715    108.465      8.893   6.666856    12.5100     0.1770     0.0426     0.1269 4.4846e+02    33.0606     -0.655     -0.950    12.4939 0.0000e+00
     -0.669     -0.001    12.1997    105.686      8.338   6.251382    12.5100     0.1846     0.0426     0.1269 3.6816e+02    33.0153     -0.656     -0.951    12.4885 0.0000e+00
     -0.669     -0.001    12.0716    102.984      7.671   5.751186    12.5100     0.2190     0.0426     0.1269 3.2273e+02    32.9548     -0.656     -0.952    12.4849 0.0000e+00
     -0.670     -0.001    11.8424    100.487      6.930   5.196002    12.5100     0.1923     0.0426     0.1269 2.8120e+02    33.0455     -0.657     -0.953    12.4835 0.0000e+00
     -0.670     -0.001    11.5615     98.254      6.186   4.638690     0.0000    -0.2998     0.0000     0.4230 2.7828e+02     4.5698     -0.657     -0.953    12.4838 0.0000e+00
     -0.670     -0.001    11.2650     96.309      5.533   4.149436     0.0000    -0.2960     0.0000     0.4230 3.0177e+02     4.5698     -0.657     -0.953    12.4853 0.0000e+00
     -0.671     -0.001    10.9766     94.656      5.073   3.804633     0.0000    -0.2922     0.0000     0.4230 3.4831e+02     4.4037     -0.658     -0.954    12.4873 0.0000e+00
     -0.671     -0.001    10.7099     93.268      4.823   3.617752     0.0000    -0.2998     0.0000     0.4230 3.7186e+02     4.5698     -0.658     -0.954    12.4895 0.0000e+00
     -0.671     -0.001    10.4714     92.112      4.771   3.578737     0.0000    -0.2922     0.0426     0.0000 4.1256e+02     3.6332     -0.658     -0.954    12.4918 0.0000e+00
     -0.671     -0.000    10.2636     91.158      4.918   3.689118     0.0000    -0.2769     0.0426     0.0000 3.9898e+02     3.6635     -0.658     -0.954    12.4941 0.0000e+00
     -0.671     -0.000    10.0868     90.376      5.154   3.866945     0.0000    -0.2922     0.0426     0.0000 3.9587e+02     3.6332     -0.658     -0.954    12.4966 0.0000e+00
     -0.671 3.2064e-07     9.9384     89.730      5.244   3.934879     0.0000    -0.2769     0.0426     0.0000 4.0133e+02     3.6635     -0.658     -0.954    12.4993 0.0000e+00
     -0.671      0.000     9.8145     89.188      5.108   3.833460     0.0000    -0.2769     0.0852     0.8037 4.1625e+02    13.4373     -0.658     -0.954    12.5025 0.0000e+00
     -0.671      0.001     9.7120     88.730      4.901   3.678858     0.0000    -0.3075     0.0852     0.8037 4.2189e+02    13.4524     -0.658     -0.954    12.5061 0.0000e+00
     -0.671      0.001     9.6277     88.345      4.717   3.541233     0.0000    -0.3075     0.0852     0.8037 3.8947e+02    13.3769     -0.658     -0.954    12.5102 0.0000e+00
     -0.671      0.001     9.5580     88.031      4.578   3.437587     0.0000    -0.2884     0.0852     0.8037 3.4209e+02    13.3165     -0.658     -0.954    12.5147 0.0000e+00
     -0.670      0.001     9.4992     87.774      4.527   3.399951     0.0000    -0.2922     0.0852     0.8037 3.3220e+02     0.3703     -0.658     -0.953    12.5197 0.0000e+00
     -0.670      0.001     9.4492     87.564      4.553   3.420278     0.0000    -0.2960     0.0000     0.2115 3.2001e+02     0.2796     -0.657     -0.953    12.5252 0.0000e+00
     -0.670      0.001     9.4070     87.393      4.645   3.490065     0.0000    -0.2769     0.0000     0.2115 3.5219e+02     0.2947     -0.657     -0.953    12.5315 0.0000e+00
     -0.670      0.000     9.3720     87.257      4.843   3.639857     0.0000    -0.3151     0.0000     0.2115 3.4665e+02     0.3552     -0.657     -0.952    12.5384 0.0000e+00
     -0.670      0.000     9.3431     87.148      5.130   3.855895     0.0000    -0.3265     0.0000     0.2115 3.4854e+02     0.8537     -0.657     -0.952    12.5460 0.0000e+00
     -0.670      0.000     9.3190     87.056      5.348   4.020754     0.0000    -0.2960     0.0426    -0.0423 3.5751e+02     0.8839     -0.657     -0.952    12.5540 0.0000e+00
     -0.670     -0.001     9.2991     86.974      5.348   4.021260     0.0000    -0.2846     0.0426    -0.0423 3.5273e+02     0.8537     -0.657     -0.953    12.5623 0.0000e+00
     -0.670     -0.001     9.2828     86.902      5.137   3.863517     0.0000    -0.3151     0.0426    -0.0423 3.3314e+02     0.8235     -0.658     -0.953    12.5707 0.0000e+00
