Data/DataNotYetUploadedToEDI/Raw_CTD/RawDownloads/060324_fcr50_S8188002.cnv
* Sea-Bird SBE19plus  Data File:
* FileName = C:\R\Reservoirs\Data\DataNotYetUploadedToEDI\Raw_CTD\RawDownloads\060324_bvr50_S78188_0002.hex
* Software version 2.8.0.119
* Temperature SN = 8188
* Conductivity SN = 8188
* System UpLoad Time = Jun 20 2024 16:35:00
* <ApplicationData>
* <Seaterm232>
# nquan = 16
# nvalues = 1820                        
# units = specified
# name 0 = depFM: Depth [fresh water, m]
# name 1 = dz/dtM: Descent Rate [m/s]
# name 2 = sbeox0Mg/L: Oxygen, SBE 43 [mg/l]
# name 3 = sbeox0PS: Oxygen, SBE 43 [% saturation]
# name 4 = specc: Specific Conductance [uS/cm]
# name 5 = c0uS/cm: Conductivity [uS/cm]
# name 6 = wetCDOM: Fluorescence, WET Labs CDOM [mg/m^3]
# name 7 = flECO-AFL: Fluorescence, WET Labs ECO-AFL/FL [mg/m^3]
# name 8 = flECO-AFL1: Fluorescence, WET Labs ECO-AFL/FL, 2 [mg/m^3]
# name 9 = flECO-AFL2: Fluorescence, WET Labs ECO-AFL/FL, 3 [mg/m^3]
# name 10 = par/sat/log: PAR/Logarithmic, Satlantic
# name 11 = turbWETntu0: Turbidity, WET Labs ECO [NTU]
# name 12 = prdM: Pressure, Strain Gauge [db]
# name 13 = prdE: Pressure, Strain Gauge [psi]
# name 14 = tv290C: Temperature [ITS-90, deg C]
# name 15 = flag:  0.000e+00
# span 0 =     -0.684,      9.510       
# span 1 =     -0.351,      0.132       
# span 2 =     0.3043,    12.1997       
# span 3 =      2.768,    121.389       
# span 4 =     -0.553,    214.524       
# span 5 =  -0.604981, 155.764212       
# span 6 =    -4.5000,   183.9600       
# span 7 =    -0.7195,     4.6822       
# span 8 =    -2.1300,     0.2982       
# span 9 =    -2.0304,     1.4805       
# span 10 = 1.1577e-01, 2.9604e+03      
# span 11 =    -1.2461,   225.9395      
# span 12 =     -0.671,      9.326      
# span 13 =     -0.973,     13.527      
# span 14 =    11.1103,    29.7235      
# span 15 = 0.0000e+00, 0.0000e+00      
# interval = seconds: 0.25
# start_time = Jun 03 2024 10:09:32 [Instrument's time stamp, header]
# bad_flag = -9.990e-29
*END*
[from data line 1628]
      8.012     -0.247     1.4596     12.594    188.154 136.032136    32.1300     0.6157     0.2982     0.2961 1.1600e-01    14.1171      7.858     11.396    11.1440 0.0000e+00
      7.950     -0.242     1.4393     12.436    188.350 136.176064    32.1300     0.6195     0.2982     0.2961 1.1602e-01    14.1624      7.797     11.308    11.1446 0.0000e+00
      7.890     -0.235     1.4199     12.282    188.562 136.331383    32.1300     0.5890     0.2982     0.2961 1.1607e-01    13.3920      7.737     11.221    11.1453 0.0000e+00
      7.830     -0.226     1.4013     12.126    188.810 136.513486    32.1300     0.5928     0.2982     0.2961 1.1600e-01    13.4373      7.678     11.136    11.1459 0.0000e+00
      7.772     -0.216     1.3833     11.967    189.064 136.698863    32.1300     0.6386     0.2982     0.2961 1.1602e-01    13.4524      7.621     11.054    11.1465 0.0000e+00
      7.716     -0.206     1.3659     11.805    189.290 136.864875    32.1300     0.6043     0.2982     0.2961 1.1612e-01    13.4826      7.567     10.975    11.1471 0.0000e+00
      7.665     -0.196     1.3490     11.641    189.510 137.025762    32.1300     0.6500     0.2982     0.2961 1.1590e-01    13.4071      7.517     10.902    11.1477 0.0000e+00
      7.618     -0.189     1.3318     11.474    189.759 137.208410    32.1300     0.6195     0.2982     0.2961 1.1607e-01    13.4373      7.471     10.835    11.1483 0.0000e+00
      7.574     -0.187     1.3143     11.305    190.015 137.395457    32.1300     0.6005     0.2982     0.2961 1.1617e-01    13.3618      7.428     10.773    11.1489 0.0000e+00
      7.531     -0.190     1.2966     11.131    190.255 137.570716    32.2200     0.6195     0.2982     0.3807 1.1590e-01    13.4826      7.385     10.712    11.1495 0.0000e+00
      7.486     -0.200     1.2786     10.950    190.479 137.734872    32.2200     0.6424     0.2982     0.3807 1.1597e-01    18.0901      7.341     10.647    11.1500 0.0000e+00
      7.435     -0.214     1.2602     10.768    190.693 137.891660    32.2200     0.5928     0.2982     0.3807 1.1595e-01    18.1203      7.292     10.575    11.1506 0.0000e+00
      7.379     -0.230     1.2416     10.585    190.935 138.068874    32.2200     0.6043     0.2982     0.3807 1.1612e-01    18.0750      7.236     10.495    11.1511 0.0000e+00
      7.316     -0.246     1.2225     10.397    191.185 138.251706    32.1300     0.6005     0.2982     0.2961 1.1592e-01    18.0901      7.175     10.406    11.1516 0.0000e+00
      7.249     -0.260     1.2026     10.200    191.394 138.404820    32.1300     0.5509     0.2982     0.2961 1.1610e-01    15.9601      7.109     10.310    11.1522 0.0000e+00
      7.179     -0.273     1.1826      9.991    191.577 138.539014    32.1300     0.5356     0.2982     0.2961 1.1587e-01    15.9752      7.040     10.211    11.1527 0.0000e+00
      7.108     -0.284     1.1625      9.765    191.739 138.658038    32.1300     0.5509     0.2982     0.2961 1.1597e-01    16.0507      6.971     10.110    11.1532 0.0000e+00
      7.035     -0.292     1.1418      9.522    191.874 138.757592    32.2200     0.5585     0.2556     0.3384 1.1605e-01    15.9752      6.899     10.006    11.1538 0.0000e+00
      6.959     -0.300     1.1201      9.265    192.008 138.856217    32.2200     0.5432     0.2556     0.3384 1.2875e-01    13.7092      6.825      9.899    11.1543 0.0000e+00
      6.881     -0.307     1.0972      9.009    192.146 138.958188    32.2200     0.5585     0.2556     0.3384 1.8197e-01    13.6337      6.748      9.787    11.1547 0.0000e+00
      6.801     -0.315     1.0724      8.769    192.297 139.068672    32.2200     0.5470     0.2556     0.3384 1.7317e-01    13.6790      6.669      9.673    11.1552 0.0000e+00
      6.720     -0.323     1.0456      8.555    192.466 139.193105    32.2200     0.5661     0.2556     0.3384 2.0762e-01    13.6035      6.590      9.558    11.1557 0.0000e+00
      6.638     -0.330     1.0175      8.375    192.615 139.302600    33.6600     0.5509     0.2556     0.3384 2.2930e-01    13.1805      6.510      9.442    11.1562 0.0000e+00
      6.554     -0.337     0.9894      8.236    192.737 139.392318    33.6600     0.5776     0.2556     0.3384 2.6918e-01    13.1050      6.427      9.322    11.1567 0.0000e+00
      6.466     -0.343     0.9630      8.132    192.861 139.484181    33.6600     0.5356     0.2556     0.3384 3.6331e-01    13.2258      6.341      9.197    11.1572 0.0000e+00
      6.376     -0.348     0.9394      8.058    192.995 139.582663    33.6600     0.5432     0.2556     0.3384 5.0113e-01    13.1805      6.253      9.069    11.1577 0.0000e+00
      6.285     -0.351     0.9197      8.004    193.132 139.683994    32.8500     0.5509     0.2982     0.3384 6.0450e-01    12.9237      6.164      8.940    11.1582 0.0000e+00
      6.195     -0.351     0.9044      7.956    193.267 139.783156    32.8500     0.5432     0.2982     0.3384 6.3451e-01    12.9237      6.075      8.811    11.1586 0.0000e+00
      6.105     -0.349     0.8930      7.902    193.402 139.882568    32.8500     0.5432     0.2982     0.3384 8.4917e-01    12.9086      5.987      8.683    11.1591 0.0000e+00
      6.015     -0.346     0.8849      7.844    193.541 139.984709    32.8500     0.5509     0.2982     0.3384 1.0530e+00    12.8784      5.899      8.556    11.1596 0.0000e+00
      5.927     -0.343     0.8789      7.786    193.674 140.082780    32.6700     0.5699     0.2556     0.3384 1.2815e+00    13.4524      5.812      8.430    11.1600 0.0000e+00
      5.841     -0.341     0.8736      7.734    193.804 140.178903    32.6700     0.5585     0.2556     0.3384 1.2871e+00    13.3920      5.728      8.308    11.1605 0.0000e+00
      5.756     -0.339     0.8677      7.692    193.937 140.276687    32.6700     0.5623     0.2556     0.3384 1.4383e+00    13.3316      5.645      8.187    11.1610 0.0000e+00
      5.671     -0.338     0.8612      7.658    194.070 140.374174    32.6700     0.5394     0.2556     0.3384 1.7263e+00    13.4071      5.561      8.066    11.1614 0.0000e+00
      5.585     -0.338     0.8549      7.635    194.185 140.459316    32.6700     0.6005     0.2556     0.3384 2.1346e+00    13.1503      5.477      7.943    11.1619 0.0000e+00
      5.497     -0.338     0.8492      7.627    194.279 140.528787    32.6700     0.6157     0.2982     0.3384 2.6172e+00    13.2107      5.391      7.819    11.1623 0.0000e+00
      5.410     -0.337     0.8445      7.635    194.385 140.607120    32.6700     0.5852     0.2982     0.3384 2.9707e+00    13.1956      5.306      7.695    11.1628 0.0000e+00
      5.324     -0.336     0.8408      7.651    194.518 140.705193    32.6700     0.6272     0.2982     0.3384 3.3493e+00    13.1201      5.221      7.573    11.1633 0.0000e+00
      5.239     -0.334     0.8382      7.666    194.668 140.815116    32.6700     0.5966     0.2982     0.3384 3.9524e+00    12.9237      5.137      7.452    11.1637 0.0000e+00
      5.154     -0.332     0.8374      7.682    194.808 140.918146    32.6700     0.6081     0.2982     0.2961 4.6927e+00    12.9841      5.054      7.331    11.1641 0.0000e+00
      5.070     -0.331     0.8383      7.706    194.913 140.995702    32.6700     0.6119     0.2982     0.2961 5.4946e+00    12.9690      4.972      7.211    11.1645 0.0000e+00
      4.987     -0.331     0.8400      7.734    194.978 141.044437    32.6700     0.5928     0.2982     0.2961 5.7374e+00    12.9237      4.890      7.093    11.1649 0.0000e+00
      4.904     -0.332     0.8416      7.763    195.044 141.093366    32.6700     0.6348     0.2982     0.2961 6.1827e+00    12.9690      4.809      6.975    11.1654 0.0000e+00
      4.820     -0.333     0.8434      7.789    195.144 141.167552    32.6700     0.6005     0.2982     0.4230 7.1175e+00    12.8935      4.727      6.855    11.1658 0.0000e+00
      4.733     -0.332     0.8460      7.805    195.251 141.246730    32.6700     0.6005     0.2982     0.4230 8.3103e+00    12.9690      4.642      6.732    11.1662 0.0000e+00
      4.646     -0.329     0.8491      7.809    195.356 141.323978    32.6700     0.6005     0.2982     0.4230 9.6274e+00    12.9237      4.556      6.607    11.1666 0.0000e+00
      4.560     -0.324     0.8523      7.801    195.478 141.413891    32.6700     0.6119     0.2982     0.4230 1.0777e+01    12.6367      4.471      6.485    11.1670 0.0000e+00
      4.477     -0.318     0.8551      7.783    195.607 141.508405    32.7600     0.5928     0.2982     0.3807 1.1057e+01    12.6518      4.391      6.368    11.1674 0.0000e+00
      4.399     -0.311     0.8569      7.754    195.713 141.586667    32.7600     0.5928     0.2982     0.3807 1.1468e+01    12.7273      4.314      6.256    11.1678 0.0000e+00
      4.322     -0.304     0.8573      7.717    195.803 141.653528    32.7600     0.5928     0.2982     0.3807 1.2153e+01    12.6367      4.239      6.147    11.1682 0.0000e+00
      4.246     -0.299     0.8565      7.676    195.903 141.726817    32.7600     0.6348     0.2982     0.3807 1.3028e+01    12.4856      4.164      6.039    11.1686 0.0000e+00
      4.171     -0.296     0.8545      7.632    196.010 141.806054    32.7600     0.6043     0.2982     0.3807 1.3902e+01    12.4403      4.090      5.932    11.1690 0.0000e+00
      4.096     -0.295     0.8513      7.582    196.117 141.884333    32.5800     0.6157     0.2556     0.3384 1.4836e+01    12.4101      4.017      5.825    11.1694 0.0000e+00
      4.021     -0.296     0.8472      7.533    196.220 141.960501    32.5800     0.6310     0.2556     0.3384 1.5495e+01    12.3648      3.944      5.720    11.1697 0.0000e+00
      3.947     -0.297     0.8427      7.486    196.310 142.026835    32.5800     0.7416     0.2556     0.3384 1.5787e+01    11.7303      3.871      5.614    11.1701 0.0000e+00
      3.872     -0.299     0.8378      7.437    196.380 142.078996    32.5800     0.7454     0.2556     0.3384 1.6854e+01    11.6548      3.797      5.507    11.1705 0.0000e+00
      3.795     -0.299     0.8324      7.388    196.428 142.114874    32.5800     0.7378     0.2130     0.3384 1.8581e+01    11.7907      3.721      5.397    11.1708 0.0000e+00
      3.716     -0.298     0.8270      7.343    196.455 142.136026    32.5800     0.7378     0.2130     0.3384 2.0463e+01    11.7907      3.644      5.285    11.1712 0.0000e+00
      3.638     -0.295     0.8218      7.304    196.503 142.172123    32.5800     1.7640     0.2130     0.3384 2.2322e+01     6.8811      3.567      5.174    11.1715 0.0000e+00
      3.563     -0.292     0.8164      7.273    196.585 142.232792    32.5800     1.7868     0.2130     0.3384 2.2708e+01     6.9264      3.494      5.067    11.1719 0.0000e+00
      3.490     -0.289     0.8110      7.251    196.673 142.298165    32.6700     1.7945     0.2130     0.3807 2.2921e+01     6.9416      3.423      4.965    11.1722 0.0000e+00
      3.419     -0.285     0.8061      7.235    196.754 142.357639    32.6700     1.7449     0.2130     0.3807 2.4254e+01     6.9869      3.353      4.864    11.1726 0.0000e+00
      3.348     -0.283     0.8018      7.218    196.820 142.407050    32.6700     2.0501     0.2130     0.3807 2.6199e+01     5.0533      3.283      4.761    11.1729 0.0000e+00
      3.275     -0.282     0.7984      7.190    196.908 142.471588    32.6700     2.0310     0.2130     0.3807 2.8510e+01     5.1288      3.211      4.658    11.1733 0.0000e+00
      3.202     -0.281     0.7960      7.150    197.037 142.566461    32.6700     2.0386     0.2130     0.3807 3.0702e+01     5.0079      3.140      4.554    11.1736 0.0000e+00
      3.131     -0.282     0.7942      7.103    197.166 142.660897    32.8500     2.0424     0.1278     0.5076 3.0776e+01     5.0079      3.070      4.453    11.1739 0.0000e+00
      3.061     -0.282     0.7923      7.054    197.265 142.734020    32.8500     2.3972     0.1278     0.5076 3.2073e+01     3.6332      3.002      4.353    11.1743 0.0000e+00
      2.990     -0.281     0.7892      7.005    197.329 142.781299    32.8500     2.4010     0.1278     0.5076 3.4705e+01     3.5577      2.932      4.252    11.1746 0.0000e+00
      2.917     -0.279     0.7848      6.959    197.374 142.815340    32.8500     2.3896     0.1278     0.5076 3.7882e+01     3.6635      2.860      4.148    11.1749 0.0000e+00
      2.844     -0.276     0.7797      6.923    197.419 142.849228    33.9300     2.3934     0.1278     0.5922 4.2074e+01     3.7088      2.789      4.044    11.1752 0.0000e+00
      2.772     -0.272     0.7742      6.900    197.482 142.896003    33.9300     3.5607     0.1278     0.5922 4.3914e+01     1.8205      2.719      3.943    11.1755 0.0000e+00
      2.704     -0.267     0.7689      6.886    197.586 142.972145    33.9300     3.5721     0.1278     0.5922 4.4703e+01     1.8658      2.652      3.845    11.1758 0.0000e+00
      2.638     -0.262     0.7639      6.876    197.697 143.053901    33.9300     3.5798     0.1278     0.5922 4.6195e+01     1.8205      2.587      3.752    11.1762 0.0000e+00
      2.573     -0.257     0.7599      6.866    197.788 143.121019    35.0100     3.5645     0.0852     0.5499 4.8446e+01     1.7601      2.523      3.660    11.1765 0.0000e+00
      2.508     -0.254     0.7573      6.852    197.869 143.181382    35.0100     3.5035     0.0852     0.5499 5.1463e+01     1.6090      2.460      3.568    11.1768 0.0000e+00
      2.444     -0.252     0.7558      6.829    197.947 143.239072    35.0100     3.5149     0.0852     0.5499 5.5313e+01     1.5032      2.397      3.476    11.1771 0.0000e+00
      2.380     -0.252     0.7547      6.797    198.024 143.295455    35.0100     3.5073     0.0852     0.5499 5.7407e+01     1.6241      2.334      3.385    11.1775 0.0000e+00
      2.317     -0.252     0.7536      6.761    198.094 143.347543    35.5500     3.5073     0.0852     0.6768 5.7369e+01     1.5939      2.272      3.295    11.1778 0.0000e+00
      2.254     -0.252     0.7521      6.729    198.149 143.389199    35.5500     3.4577     0.0852     0.6768 5.9983e+01     1.5486      2.211      3.206    11.1781 0.0000e+00
      2.190     -0.251     0.7496      6.704    198.189 143.419516    35.5500     3.4615     0.0852     0.6768 6.4666e+01     1.4881      2.147      3.114    11.1784 0.0000e+00
      2.124     -0.250     0.7460      6.684    198.224 143.446579    35.5500     3.4386     0.0852     0.6768 7.0035e+01     1.5183      2.082      3.020    11.1788 0.0000e+00
      2.058     -0.249     0.7421      6.668    198.271 143.481610    35.5500     3.4348     0.0852     0.6768 7.4186e+01     1.6845      2.018      2.927    11.1791 0.0000e+00
      1.995     -0.247     0.7386      6.661    198.324 143.521934    36.0000     3.4501     0.0852     0.6768 7.4736e+01     1.3220      1.956      2.837    11.1795 0.0000e+00
      1.933     -0.243     0.7358      6.667    198.377 143.562283    36.0000     3.4234     0.0852     0.6768 7.6146e+01     1.2615      1.896      2.750    11.1798 0.0000e+00
      1.873     -0.238     0.7336      6.684    198.429 143.601403    36.0000     3.4577     0.0852     0.6768 8.0572e+01     1.3673      1.836      2.663    11.1802 0.0000e+00
      1.811     -0.233     0.7318      6.704    198.476 143.637708    36.0000     3.4386     0.0852     0.6768 8.6543e+01     1.2766      1.776      2.576    11.1806 0.0000e+00
      1.751     -0.229     0.7311      6.722    198.521 143.672870    34.7400     3.3166     0.0852     0.8037 9.1176e+01     1.3673      1.717      2.491    11.1811 0.0000e+00
      1.693     -0.226     0.7318      6.740    198.573 143.712260    34.7400     3.3356     0.0852     0.8037 9.3098e+01     1.3673      1.660      2.408    11.1815 0.0000e+00
      1.638     -0.225     0.7336      6.763    198.639 143.762376    34.7400     3.3166     0.0852     0.8037 9.2433e+01     1.3975      1.606      2.330    11.1820 0.0000e+00
