Data/DataNotYetUploadedToEDI/Raw_CTD/RawDownloads/060324_fcr30_S7809009.cnv
* Sea-Bird SBE19plus  Data File:
* FileName = C:\R\Reservoirs\Data\DataNotYetUploadedToEDI\Raw_CTD\RawDownloads\052724_bvr50_S7809_0009.hex
* Software version 2.8.0.119
* Temperature SN = 7809
* Conductivity SN = 7809
* System UpLoad Time = Jun 04 2024 12:24:27
* <ApplicationData>
* <Seaterm232>
# nquan = 15
# nvalues = 1101                        
# units = specified
# name 0 = depFM: Depth [fresh water, m]
# name 1 = dz/dtM: Descent Rate [m/s]
# name 2 = sbeox0Mg/L: Oxygen, SBE 43 [mg/l]
# name 3 = sbeox0PS: Oxygen, SBE 43 [% saturation]
# name 4 = specc: Specific Conductance [uS/cm]
# name 5 = c0uS/cm: Conductivity [uS/cm]
# name 6 = flECO-AFL: Fluorescence, WET Labs ECO-AFL/FL [mg/m^3]
# name 7 = ph: pH
# name 8 = orp: Oxidation Reduction Potential [mV]
# name 9 = par/sat/log: PAR/Logarithmic, Satlantic
# name 10 = turbWETntu0: Turbidity, WET Labs ECO [NTU]
# name 11 = prdM: Pressure, Strain Gauge [db]
# name 12 = prdE: Pressure, Strain Gauge [psi]
# name 13 = tv290C: Temperature [ITS-90, deg C]
# name 14 = flag:  0.000e+00
# span 0 =     -0.667,      5.416       
# span 1 =     -0.279,      0.134       
# span 2 =     0.6362,     9.2731       
# span 3 =      6.287,    105.820       
# span 4 =      1.085,     46.031       
# span 5 =   1.024090,  37.510672       
# span 6 =    -0.1316,     9.9702       
# span 7 =      8.218,      8.826       
# span 8 =    -6.4494,   282.2630       
# span 9 = 8.0367e-01, 5.4946e+02       
# span 10 =    -0.0222,   140.6437      
# span 11 =     -0.654,      5.312      
# span 12 =     -0.948,      7.704      
# span 13 =    11.1486,    22.7868      
# span 14 = 0.0000e+00, 0.0000e+00      
# interval = seconds: 0.25
# start_time = Jun 03 2024 12:33:58 [Instrument's time stamp, header]
# bad_flag = -9.990e-29
*END*
[from data line 290]
      0.051      0.002     8.2838     94.876     38.936  36.661659     2.4382      8.560   205.1235 2.1179e+02     5.0253      0.049      0.071    22.0811 0.0000e+00
      0.052      0.001     8.2876     94.883     38.950  36.674349     2.4391      8.560   205.2070 2.1448e+02     5.0174      0.051      0.073    22.0785 0.0000e+00
      0.053      0.001     8.2853     94.923     38.977  36.699615     2.4291      8.561   205.3291 2.1558e+02     4.9495      0.052      0.075    22.0765 0.0000e+00
      0.053      0.001     8.2831     94.977     38.991  36.713345     2.4246      8.561   205.4818 2.1813e+02     4.8870      0.052      0.075    22.0752 0.0000e+00
      0.053      0.001     8.2824     95.027     38.988  36.713448     2.4357      8.561   205.6760 2.1978e+02     4.8773      0.052      0.076    22.0743 0.0000e+00
      0.053      0.001     8.2813     95.072     38.973  36.700873     2.4548      8.561   205.7844 2.1827e+02     4.9353      0.052      0.075    22.0732 0.0000e+00
      0.053      0.001     8.2870     95.098     38.958  36.688203     2.4890      8.561   205.7599 2.1702e+02     4.9725      0.051      0.074    22.0717 0.0000e+00
      0.053      0.001     8.2919     95.102     38.958  36.687155     2.5332      8.561   205.8103 2.1391e+02     4.9171      0.052      0.075    22.0733 0.0000e+00
      0.053      0.001     8.2947     95.067     38.961  36.688204     2.5475      8.561   205.9629 2.0973e+02     4.8471      0.052      0.075    22.0773 0.0000e+00
      0.054      0.001     8.3000     94.980     38.978  36.700884     2.5540      8.561   206.0573 2.0862e+02     4.8771      0.053      0.077    22.0794 0.0000e+00
      0.054      0.001     8.3007     94.864     38.994  36.713564     2.5865      8.562   206.1764 2.1047e+02     5.0067      0.053      0.077    22.0817 0.0000e+00
      0.054      0.001     8.3023     94.786     38.996  36.714614     2.6082      8.562   206.3706 2.1213e+02     5.1160      0.053      0.076    22.0819 0.0000e+00
      0.054      0.001     8.3001     94.766     38.995  36.713574     2.6002      8.562   206.5127 2.1253e+02     5.1399      0.053      0.076    22.0781 0.0000e+00
      0.054      0.001     8.2936     94.762     38.981  36.700987     2.5974      8.562   206.6039 2.1310e+02     5.1248      0.053      0.077    22.0730 0.0000e+00
      0.055      0.001     8.2804     94.769     38.970  36.689336     2.5991      8.561   206.6989 2.1470e+02     5.1040      0.054      0.078    22.0694 0.0000e+00
      0.055      0.001     8.2727     94.792     38.985  36.699606     2.5706      8.561   206.8015 2.1935e+02     5.0250      0.054      0.078    22.0692 0.0000e+00
      0.056      0.001     8.2740     94.826     38.986  36.698244     2.5195      8.561   206.9835 2.2312e+02     4.8867      0.055      0.080    22.0703 0.0000e+00
      0.056      0.001     8.2725     94.871     38.960  36.672862     2.4889      8.559   207.1794 2.2285e+02     4.7988      0.055      0.079    22.0707 0.0000e+00
      0.056      0.001     8.2735     94.898     38.932  36.646527     2.4915      8.558   207.2772 2.2180e+02     4.8167      0.054      0.079    22.0687 0.0000e+00
      0.056      0.000     8.2768     94.887     38.921  36.633637     2.5590      8.558   207.3915 2.1951e+02     4.8976      0.055      0.080    22.0636 0.0000e+00
      0.056 1.8320e-08     8.2797     94.857     38.938  36.643917     2.6733      8.558   207.5287 2.1711e+02     4.9225      0.055      0.080    22.0594 0.0000e+00
      0.056 2.0152e-07     8.2850     94.816     38.947  36.643898     2.7245      8.559   207.5595 2.1599e+02     4.8792      0.055      0.080    22.0588 0.0000e+00
      0.056 1.6765e-07     8.2886     94.761     38.944  36.633400     2.7120      8.559   207.5913 2.1341e+02     4.9204      0.055      0.080    22.0596 0.0000e+00
      0.056 -3.912e-07     8.2861     94.711     38.963  36.643888     2.6555      8.558   207.7414 2.0853e+02     5.0107      0.055      0.080    22.0584 0.0000e+00
      0.056      0.000     8.2849     94.687     38.968  36.643794     2.5653      8.558   207.9118 2.0609e+02     5.0140      0.055      0.080    22.0506 0.0000e+00
      0.056      0.000     8.2838     94.674     38.957  36.632259     2.5128      8.558   208.0168 2.0873e+02     4.9607      0.055      0.080    22.0363 0.0000e+00
      0.056     -0.001     8.2801     94.662     38.956  36.631313     2.4950      8.558   208.0647 2.1208e+02     4.9129      0.056      0.081    22.0272 0.0000e+00
      0.056     -0.001     8.2752     94.662     38.958  36.632361     2.5085      8.557   208.1465 2.1293e+02     4.9134      0.055      0.080    22.0196 0.0000e+00
      0.055     -0.001     8.2762     94.666     38.973  36.644930     2.5510      8.557   208.2315 2.1096e+02     4.9684      0.054      0.079    22.0104 0.0000e+00
      0.055     -0.001     8.2753     94.656     38.985  36.656371     2.5675      8.557   208.3177 2.0668e+02     4.9973      0.054      0.079    22.0100 0.0000e+00
      0.055     -0.001     8.2728     94.640     38.970  36.643784     2.5575      8.556   208.5007 2.0552e+02     4.9547      0.054      0.078    22.0120 0.0000e+00
      0.056     -0.001     8.2738     94.614     38.941  36.619652     2.5386      8.556   208.7236 2.1161e+02     4.8975      0.055      0.079    22.0110 0.0000e+00
      0.056     -0.001     8.2754     94.569     38.939  36.618402     2.5228      8.556   208.9480 2.1944e+02     4.9204      0.055      0.079    22.0081 0.0000e+00
      0.055     -0.001     8.2743     94.531     38.954  36.628682     2.5248      8.556   209.0632 2.2022e+02     4.9919      0.054      0.078    22.0054 0.0000e+00
      0.054     -0.001     8.2723     94.499     38.948  36.617032     2.5288      8.556   208.9975 2.1392e+02     4.9761      0.053      0.077    22.0088 0.0000e+00
      0.054     -0.001     8.2705     94.458     38.940  36.604437     2.5208      8.555   209.0144 2.0885e+02     4.9011      0.053      0.076    22.0153 0.0000e+00
      0.054     -0.001     8.2641     94.422     38.945  36.603293     2.5286      8.554   209.1805 2.0938e+02     4.8711      0.053      0.076    22.0162 0.0000e+00
      0.054     -0.001     8.2623     94.399     38.947  36.603199     2.5727      8.554   209.2852 2.1361e+02     4.9200      0.053      0.076    22.0101 0.0000e+00
      0.054     -0.001     8.2617     94.399     38.947  36.603293     2.6137      8.553   209.4194 2.1873e+02     4.9810      0.053      0.076    22.0029 0.0000e+00
      0.053     -0.001     8.2582     94.449     38.948  36.604437     2.6166      8.553   209.5985 2.2138e+02     4.9589      0.052      0.076    21.9951 0.0000e+00
      0.053     -0.001     8.2562     94.515     38.963  36.617022     2.5739      8.554   209.6442 2.1889e+02     4.8917      0.052      0.075    21.9871 0.0000e+00
      0.053     -0.001     8.2551     94.554     38.978  36.628559     2.5136      8.555   209.6279 2.1359e+02     4.8516      0.052      0.075    21.9847 0.0000e+00
      0.052     -0.001     8.2525     94.599     38.969  36.617022     2.4956      8.555   209.6594 2.1089e+02     4.8839      0.051      0.074    21.9868 0.0000e+00
      0.052     -0.001     8.2580     94.652     38.959  36.604423     2.5132      8.554   209.7664 2.1725e+02     4.9406      0.051      0.074    21.9873 0.0000e+00
      0.052     -0.001     8.2678     94.678     38.960  36.603123     2.5108      8.554   209.8038 2.2734e+02     4.9230      0.051      0.074    21.9850 0.0000e+00
      0.052     -0.000     8.2681     94.684     38.961  36.601302     2.4915      8.554   209.7676 2.2882e+02     4.8759      0.051      0.074    21.9813 0.0000e+00
      0.052 1.8627e-08     8.2732     94.672     38.945  36.582399     2.4882      8.554   209.8460 2.2406e+02     4.8829      0.051      0.074    21.9768 0.0000e+00
      0.052 2.0489e-07     8.2808     94.620     38.929  36.564923     2.5045      8.555   209.9772 2.1732e+02     4.9396      0.051      0.074    21.9730 0.0000e+00
      0.051      0.000     8.2820     94.545     38.947  36.580356     2.5293      8.555   210.1489 2.0980e+02     4.9468      0.050      0.073    21.9704 0.0000e+00
      0.051      0.000     8.2830     94.500     38.947  36.578640     2.5465      8.554   210.2012 2.0894e+02     4.9018      0.050      0.073    21.9668 0.0000e+00
      0.051      0.001     8.2842     94.472     38.912  36.544172     2.5550      8.554   210.0936 2.1799e+02     4.9414      0.050      0.073    21.9614 0.0000e+00
      0.052      0.001     8.2803     94.413     38.912  36.544314     2.5574      8.554   210.2246 2.2146e+02     5.0160      0.051      0.073    21.9571 0.0000e+00
      0.052      0.001     8.2703     94.338     38.950  36.580356     2.5584      8.554   210.4945 2.0934e+02     5.0184      0.051      0.073    21.9557 0.0000e+00
      0.053      0.001     8.2681     94.326     38.970  36.599244     2.5590      8.554   210.6029 2.0038e+02     4.9696      0.052      0.075    21.9541 0.0000e+00
      0.053      0.000     8.2679     94.415     38.952  36.582328     2.5476      8.554   210.6747 2.1167e+02     4.9045      0.052      0.076    21.9524 0.0000e+00
      0.053 5.6188e-08     8.2627     94.544     38.934  36.566181     2.5464      8.554   210.7606 2.2560e+02     4.8809      0.052      0.076    21.9522 0.0000e+00
      0.052 6.1807e-07     8.2525     94.659     38.963  36.594371     2.5357      8.553   210.8666 2.2010e+02     4.9909      0.051      0.074    21.9531 0.0000e+00
      0.052      0.000     8.2492     94.735     38.973  36.605909     2.4846      8.552   211.0108 2.1173e+02     5.1756      0.051      0.074    21.9533 0.0000e+00
      0.052      0.000     8.2614     94.764     38.943  36.578783     2.4449      8.551   211.0410 2.1318e+02     5.2359      0.051      0.074    21.9521 0.0000e+00
      0.053      0.001     8.2729     94.745     38.945  36.583658     2.4383      8.552   211.0599 2.1452e+02     5.1729      0.052      0.075    21.9530 0.0000e+00
      0.053      0.001     8.2837     94.681     38.959  36.601405     2.4463      8.553   211.1539 2.1601e+02     5.1657      0.052      0.075    21.9560 0.0000e+00
      0.053      0.002     8.2902     94.599     38.955  36.603018     2.4667      8.553   211.1449 2.1730e+02     5.2171      0.052      0.075    21.9579 0.0000e+00
      0.054      0.002     8.2924     94.519     38.951  36.603165     2.4938      8.552   211.1239 2.1489e+02     5.2484      0.053      0.076    21.9591 0.0000e+00
      0.054      0.002     8.2910     94.454     38.951  36.603188     2.5074      8.551   211.3294 2.1172e+02     5.2369      0.053      0.077    21.9614 0.0000e+00
      0.055      0.003     8.2827     94.433     38.952  36.603293     2.4983      8.551   211.5647 2.1281e+02     5.1452      0.054      0.078    21.9676 0.0000e+00
      0.055      0.003     8.2736     94.473     38.955  36.604438     2.4922      8.551   211.5597 2.1747e+02     5.0620      0.054      0.079    21.9768 0.0000e+00
      0.056      0.003     8.2660     94.545     38.969  36.617023     2.5078      8.551   211.6123 2.1902e+02     5.0173      0.055      0.080    21.9823 0.0000e+00
      0.057      0.004     8.2587     94.594     38.981  36.628560     2.5211      8.551   211.7708 2.1481e+02     4.9807      0.056      0.081    21.9821 0.0000e+00
      0.059      0.004     8.2566     94.609     38.970  36.617024     2.5114      8.551   211.7563 2.0692e+02     4.9602      0.058      0.083    21.9793 0.0000e+00
      0.060      0.003     8.2614     94.595     38.959  36.604440     2.5064      8.551   211.7807 2.0353e+02     4.9411      0.058      0.084    21.9773 0.0000e+00
      0.061      0.002     8.2704     94.543     38.959  36.603305     2.5277      8.551   211.9793 2.0861e+02     4.9546      0.060      0.086    21.9771 0.0000e+00
      0.061      0.000     8.2745     94.476     38.959  36.603305     2.5605      8.552   212.0932 2.1155e+02     4.9517      0.061      0.088    21.9769 0.0000e+00
      0.061     -0.001     8.2748     94.410     38.960  36.604440     2.5703      8.553   212.1248 2.0457e+02     4.9072      0.060      0.088    21.9757 0.0000e+00
      0.060     -0.001     8.2762     94.372     38.974  36.617035     2.5633      8.552   212.1889 1.9887e+02     4.8606      0.059      0.086    21.9730 0.0000e+00
      0.058     -0.002     8.2697     94.393     38.987  36.628675     2.5833      8.552   212.1795 2.0428e+02     4.8661      0.057      0.083    21.9711 0.0000e+00
      0.058     -0.002     8.2641     94.459     38.977  36.618283     2.6125      8.553   212.1835 2.1008e+02     4.9397      0.057      0.082    21.9714 0.0000e+00
      0.058     -0.002     8.2574     94.550     38.978  36.618283     2.6254      8.553   212.3240 2.0784e+02     4.9304      0.057      0.083    21.9719 0.0000e+00
      0.058     -0.002     8.2522     94.658     38.988  36.628675     2.6227      8.553   212.5010 2.0329e+02     4.8566      0.058      0.084    21.9713 0.0000e+00
      0.058     -0.002     8.2556     94.739     38.975  36.617035     2.5968      8.553   212.6034 2.0448e+02     4.8666      0.057      0.083    21.9708 0.0000e+00
      0.057     -0.001     8.2623     94.764     38.960  36.604440     2.5699      8.553   212.6156 2.1110e+02     4.9154      0.056      0.081    21.9695 0.0000e+00
      0.055     -0.001     8.2701     94.744     38.959  36.603305     2.5721      8.553   212.6485 2.1329e+02     4.9677      0.054      0.078    21.9671 0.0000e+00
      0.055     -0.000     8.2812     94.700     38.959  36.603304     2.5825      8.553   212.7428 2.1138e+02     4.9865      0.053      0.077    21.9680 0.0000e+00
      0.056      0.001     8.2897     94.655     38.960  36.604424     2.5701      8.553   212.8959 2.1263e+02     4.9372      0.055      0.079    21.9711 0.0000e+00
      0.057      0.001     8.2897     94.612     38.972  36.616853     2.5560      8.553   213.0364 2.1134e+02     4.9189      0.056      0.081    21.9718 0.0000e+00
      0.058      0.000     8.2887     94.571     38.981  36.626673     2.5615      8.552   213.0654 2.0722e+02     4.9702      0.057      0.083    21.9715 0.0000e+00
      0.058     -0.000     8.2829     94.550     38.948  36.596258     2.5692      8.552   213.0746 2.1190e+02     5.0108      0.057      0.083    21.9712 0.0000e+00
      0.057     -0.001     8.2798     94.568     38.917  36.566367     2.5836      8.552   213.1476 2.1911e+02     5.0348      0.056      0.081    21.9709 0.0000e+00
      0.056     -0.001     8.2758     94.626     38.936  36.582528     2.6026      8.552   213.2592 2.1529e+02     5.0883      0.055      0.079    21.9720 0.0000e+00
      0.056     -0.001     8.2710     94.686     38.957  36.601303     2.6071      8.553   213.3058 2.1051e+02     5.1454      0.054      0.078    21.9748 0.0000e+00
      0.056     -0.001     8.2688     94.730     38.960  36.603009     2.6127      8.553   213.2804 2.1345e+02     5.1794      0.055      0.079    21.9759 0.0000e+00
      0.057     -0.001     8.2692     94.727     38.960  36.603164     2.5960      8.552   213.2966 2.1490e+02     5.1234      0.056      0.081    21.9745 0.0000e+00
      0.057     -0.001     8.2777     94.662     38.961  36.603179     2.5378      8.551   213.4165 2.1206e+02     4.9807      0.056      0.082    21.9728 0.0000e+00
      0.056     -0.001     8.2821     94.576     38.962  36.603181     2.4915      8.551   213.5248 2.0866e+02     4.8892      0.055      0.080    21.9716 0.0000e+00
      0.055     -0.001     8.2879     94.500     38.963  36.603181     2.4863      8.551   213.5739 2.0804e+02     4.9049      0.054      0.078    21.9705 0.0000e+00
      0.054     -0.001     8.2890     94.452     38.966  36.603181     2.5073      8.552   213.6657 2.1314e+02     4.9308      0.052      0.076    21.9699 0.0000e+00
