Data/DataNotYetUploadedToEDI/Raw_CTD/RawDownloads/060324_fcr30_S7809009.cnv
* Sea-Bird SBE19plus  Data File:
* FileName = C:\R\Reservoirs\Data\DataNotYetUploadedToEDI\Raw_CTD\RawDownloads\052724_bvr50_S7809_0009.hex
* Software version 2.8.0.119
* Temperature SN = 7809
* Conductivity SN = 7809
* System UpLoad Time = Jun 04 2024 12:24:27
* <ApplicationData>
* <Seaterm232>
# nquan = 15
# nvalues = 1101                        
# units = specified
# name 0 = depFM: Depth [fresh water, m]
# name 1 = dz/dtM: Descent Rate [m/s]
# name 2 = sbeox0Mg/L: Oxygen, SBE 43 [mg/l]
# name 3 = sbeox0PS: Oxygen, SBE 43 [% saturation]
# name 4 = specc: Specific Conductance [uS/cm]
# name 5 = c0uS/cm: Conductivity [uS/cm]
# name 6 = flECO-AFL: Fluorescence, WET Labs ECO-AFL/FL [mg/m^3]
# name 7 = ph: pH
# name 8 = orp: Oxidation Reduction Potential [mV]
# name 9 = par/sat/log: PAR/Logarithmic, Satlantic
# name 10 = turbWETntu0: Turbidity, WET Labs ECO [NTU]
# name 11 = prdM: Pressure, Strain Gauge [db]
# name 12 = prdE: Pressure, Strain Gauge [psi]
# name 13 = tv290C: Temperature [ITS-90, deg C]
# name 14 = flag:  0.000e+00
# span 0 =     -0.667,      5.416       
# span 1 =     -0.279,      0.134       
# span 2 =     0.6362,     9.2731       
# span 3 =      6.287,    105.820       
# span 4 =      1.085,     46.031       
# span 5 =   1.024090,  37.510672       
# span 6 =    -0.1316,     9.9702       
# span 7 =      8.218,      8.826       
# span 8 =    -6.4494,   282.2630       
# span 9 = 8.0367e-01, 5.4946e+02       
# span 10 =    -0.0222,   140.6437      
# span 11 =     -0.654,      5.312      
# span 12 =     -0.948,      7.704      
# span 13 =    11.1486,    22.7868      
# span 14 = 0.0000e+00, 0.0000e+00      
# interval = seconds: 0.25
# start_time = Jun 03 2024 12:33:58 [Instrument's time stamp, header]
# bad_flag = -9.990e-29
*END*
[from data line 97]
     -0.033      0.005     6.5971     78.583     38.959  36.997940     2.4896      8.598   185.5269 2.4007e+02     4.9301     -0.031     -0.046    22.4803 0.0000e+00
     -0.028      0.002     6.6921     78.571     38.979  37.016815     2.4936      8.598   188.0850 2.3862e+02     5.0005     -0.027     -0.038    22.4802 0.0000e+00
     -0.026     -0.003     6.7631     78.510     39.018  37.052860     2.4819      8.597   188.1773 2.3352e+02     5.0280     -0.025     -0.036    22.4795 0.0000e+00
     -0.029     -0.008     6.8024     78.506     39.020  37.053027     2.4487      8.597   188.1059 2.3120e+02     4.9899     -0.026     -0.039    22.4788 0.0000e+00
     -0.036     -0.010     6.8123     78.608     38.987  37.018832     2.4248      8.596   187.9093 2.3446e+02     4.9157     -0.034     -0.050    22.4783 0.0000e+00
     -0.045     -0.008     6.8074     78.730     38.992  37.020134     2.4342      8.595   187.7793 2.4249e+02     4.9157     -0.045     -0.065    22.4780 0.0000e+00
     -0.050     -0.004     6.7992     78.690     39.047  37.068763     2.4379      8.594   187.7388 2.4946e+02     4.9906     -0.051     -0.075    22.4772 0.0000e+00
     -0.047      0.001     6.7964     78.385     39.081  37.099165     2.4195      8.594   187.6774 2.4838e+02     5.0012     -0.048     -0.069    22.4760 0.0000e+00
     -0.040      0.005     6.8087     77.894     39.051  37.070451     2.3953      8.593   187.5536 2.4408e+02     4.9417     -0.039     -0.056    22.4718 0.0000e+00
     -0.035      0.007     6.8273     77.405     39.017  37.038857     2.3691      8.593   187.4460 2.4733e+02     4.8853     -0.034     -0.048    22.4649 0.0000e+00
     -0.034      0.007     6.8285     77.090     39.012  37.034423     2.3611      8.593   187.4954 2.5053e+02     4.8658     -0.032     -0.047    22.4612 0.0000e+00
     -0.035      0.004     6.7987     77.018     38.992  37.016845     2.3988      8.593   187.5481 2.4246e+02     4.8769     -0.034     -0.050    22.4598 0.0000e+00
     -0.035      0.000     6.7498     77.120     38.992  37.016680     2.4669      8.593   187.3082 2.3357e+02     4.9172     -0.035     -0.051    22.4584 0.0000e+00
     -0.035     -0.001     6.7015     77.227     39.010  37.032436     2.4936      8.593   185.2833 2.3541e+02     4.9436     -0.034     -0.050    22.4590 0.0000e+00
     -0.035      0.000     6.6720     77.190     38.997  37.016985     2.4798      8.591   181.2206 2.3962e+02     4.9231     -0.034     -0.049    22.4604 0.0000e+00
     -0.036      0.006     6.6675     77.027     39.005  37.020221     2.4841      8.588   178.1942 2.4020e+02     4.9418     -0.034     -0.051    22.4614 0.0000e+00
     -0.038      0.014     6.6826     76.929     39.064  37.071555     2.4953      8.586   177.2563 2.4263e+02     4.9652     -0.037     -0.056    22.4616 0.0000e+00
     -0.037      0.020     6.6975     77.008     39.130  37.130017     2.4987      8.583   177.0215 2.4657e+02     4.9322     -0.039     -0.057    22.4609 0.0000e+00
     -0.030      0.025     6.6949     77.168     39.160  37.156000     2.4999      8.581   176.9037 2.4907e+02     4.9192     -0.032     -0.047    22.4575 0.0000e+00
     -0.015      0.027     6.6731     77.266     39.133  37.131892     2.4765      8.578   176.9502 2.4711e+02     4.9100     -0.013     -0.019    22.4504 0.0000e+00
     -0.001      0.024     6.6606     77.257     39.088  37.092348     2.4489      8.576   177.1546 2.4084e+02     4.9232      0.003      0.004    22.4434 0.0000e+00
      0.006      0.019     6.6738     77.232     39.051  37.058608     2.4499      8.576   177.2231 2.3434e+02     4.9425      0.007      0.010    22.4377 0.0000e+00
      0.006      0.012     6.6927     77.281     39.033  37.041209     2.4464      8.575   177.1772 2.2754e+02     4.9048      0.008      0.011    22.4339 0.0000e+00
      0.004      0.006     6.7028     77.338     39.067  37.072339     2.4399      8.574   177.2013 2.1992e+02     4.8771      0.004      0.005    22.4375 0.0000e+00
      0.001      0.001     6.6976     77.268     39.115  37.117731     2.4546      8.572   177.2564 2.1646e+02     4.9151     -0.000     -0.000    22.4440 0.0000e+00
      0.001     -0.001     6.6901     76.992     39.145  37.145867     2.4817      8.572   177.4137 2.1886e+02     4.9877      0.000      0.000    22.4450 0.0000e+00
      0.004     -0.001     6.6983     76.453     39.155  37.158714     2.5095      8.572   177.6403 2.2203e+02     5.0040      0.004      0.006    22.4429 0.0000e+00
      0.005     -0.001     6.7090     75.676     39.137  37.146161     2.5083      8.572   177.7593 2.2312e+02     4.9406      0.006      0.009    22.4414 0.0000e+00
      0.004      0.000     6.7034     74.770     39.108  37.121000     2.4833      8.570   177.8199 2.2437e+02     4.8700      0.005      0.007    22.4414 0.0000e+00
      0.002      0.002     6.6831     73.845     39.094  37.108309     2.4741      8.569   177.9434 2.2710e+02     4.8685      0.001      0.002    22.4412 0.0000e+00
      0.001      0.004     6.6350     72.980     39.107  37.119629     2.4802      8.569   178.2197 2.2831e+02     4.9223     -0.001     -0.002    22.4441 0.0000e+00
      0.001      0.006     6.5619     72.215     39.119  37.130957     2.4824      8.570   178.5788 2.2923e+02     4.9399      0.000      0.000    22.4525 0.0000e+00
      0.005      0.008     6.4805     71.573     39.105  37.118371     2.4675      8.570   178.8440 2.2892e+02     4.9105      0.005      0.008    22.4563 0.0000e+00
      0.010      0.008     6.3969     71.015     39.080  37.094353     2.4502      8.570   179.0177 2.2168e+02     4.9086      0.011      0.015    22.4549 0.0000e+00
      0.014      0.007     6.3225     70.506     39.080  37.094372     2.4487      8.569   179.1301 2.1485e+02     4.9510      0.015      0.020    22.4540 0.0000e+00
      0.015      0.006     6.2537     70.061     39.107  37.118600     2.4480      8.568   179.2559 2.1580e+02     4.9786      0.015      0.022    22.4537 0.0000e+00
      0.014      0.004     6.2005     69.688     39.123  37.133484     2.4334      8.567   179.5069 2.1913e+02     4.9695      0.014      0.021    22.4542 0.0000e+00
      0.014      0.002     6.1537     69.353     39.138  37.147422     2.4143      8.567   179.8421 2.2182e+02     4.9436      0.013      0.019    22.4548 0.0000e+00
      0.015      0.001     6.1079     68.992     39.151  37.160217     2.4248      8.567   180.2112 2.2339e+02     4.9391      0.013      0.019    22.4544 0.0000e+00
      0.016      0.001     6.0697     68.560     39.152  37.161276     2.4527      8.567   180.5279 2.2341e+02     4.9834      0.015      0.022    22.4531 0.0000e+00
      0.017      0.001     6.0382     68.095     39.151  37.160229     2.4848      8.567   180.7451 2.2262e+02     5.0007      0.017      0.024    22.4519 0.0000e+00
      0.017      0.001     6.0117     67.642     39.139  37.147557     2.5301      8.566   180.9452 2.1918e+02     4.9435      0.017      0.025    22.4514 0.0000e+00
      0.016      0.000     5.9824     67.202     39.126  37.134972     2.5502      8.566   181.2268 2.1583e+02     4.9057      0.016      0.024    22.4516 0.0000e+00
      0.015 1.8630e-08     5.9433     66.800     39.126  37.134962     2.5537      8.566   181.4826 2.1732e+02     4.9195      0.015      0.022    22.4519 0.0000e+00
      0.015 2.0493e-07     5.8999     66.439     39.140  37.147443     2.5466      8.566   181.6289 2.1899e+02     4.9059      0.015      0.021    22.4517 0.0000e+00
      0.016 2.0507e-07     5.8633     66.079     39.153  37.158971     2.5235      8.566   181.7910 2.1778e+02     4.8769      0.015      0.022    22.4507 0.0000e+00
      0.017 2.0322e-08     5.8227     65.706     39.141  37.147433     2.5161      8.566   181.9798 2.1801e+02     4.8774      0.017      0.024    22.4499 0.0000e+00
      0.017 3.7255e-08     5.7878     65.316     39.128  37.134848     2.5076      8.566   182.1911 2.1937e+02     4.8772      0.017      0.025    22.4492 0.0000e+00
      0.017 4.0981e-07     5.7592     64.905     39.127  37.133704     2.4948      8.567   182.4530 2.2009e+02     4.9096      0.016      0.024    22.4486 0.0000e+00
      0.016      0.000     5.7277     64.488     39.127  37.133600     2.4941      8.567   182.7371 2.2185e+02     4.9267      0.016      0.023    22.4482 0.0000e+00
      0.016      0.000     5.6951     64.040     39.127  37.133590     2.4998      8.567   183.0459 2.2264e+02     4.9127      0.016      0.023    22.4480 0.0000e+00
      0.016      0.001     5.6627     63.568     39.128  37.133589     2.5049      8.567   183.3473 2.1969e+02     4.9459      0.016      0.023    22.4479 0.0000e+00
      0.017      0.001     5.6249     63.140     39.128  37.133589     2.5312      8.567   183.5411 2.1728e+02     4.9867      0.016      0.023    22.4476 0.0000e+00
      0.018      0.001     5.5906     62.745     39.128  37.133589     2.5931      8.567   183.6684 2.1778e+02     5.0305      0.018      0.025    22.4474 0.0000e+00
      0.018      0.001     5.5531     62.361     39.129  37.133590     2.6206      8.567   183.8544 2.1823e+02     4.9972      0.018      0.026    22.4468 0.0000e+00
      0.018      0.001     5.5066     62.001     39.129  37.133600     2.6057      8.567   184.0686 2.1878e+02     4.8915      0.018      0.026    22.4464 0.0000e+00
      0.018      0.000     5.4722     61.647     39.129  37.133714     2.5965      8.567   184.3661 2.2024e+02     4.8452      0.018      0.026    22.4460 0.0000e+00
      0.018      0.000     5.4390     61.305     39.131  37.134962     2.5592      8.567   184.7836 2.2110e+02     4.8820      0.017      0.025    22.4455 0.0000e+00
      0.018      0.000     5.4039     60.984     39.146  37.148693     2.4960      8.567   185.0728 2.2099e+02     4.9596      0.017      0.025    22.4452 0.0000e+00
      0.018      0.001     5.3745     60.664     39.172  37.172825     2.4559      8.567   185.1957 2.2088e+02     4.9638      0.018      0.026    22.4447 0.0000e+00
      0.018      0.001     5.3434     60.346     39.172  37.172929     2.4399      8.567   185.4094 2.2002e+02     4.8988      0.017      0.025    22.4443 0.0000e+00
      0.018      0.001     5.3125     60.030     39.147  37.149952     2.5027      8.568   185.6777 2.1870e+02     4.8571      0.018      0.026    22.4440 0.0000e+00
      0.018      0.001     5.2869     59.714     39.147  37.148818     2.6411      8.568   185.8584 2.1886e+02     4.9036      0.018      0.027    22.4436 0.0000e+00
      0.019      0.000     5.2579     59.415     39.158  37.159221     2.7232      8.568   186.0453 2.1845e+02     5.0173      0.019      0.027    22.4434 0.0000e+00
      0.019 4.3170e-07     5.2307     59.126     39.147  37.148829     2.7301      8.568   186.2170 2.1762e+02     5.0361      0.019      0.028    22.4432 0.0000e+00
      0.019      0.000     5.2042     58.849     39.149  37.150078     2.7157      8.568   186.3854 2.1994e+02     4.9598      0.018      0.027    22.4431 0.0000e+00
      0.019      0.000     5.1747     58.590     39.175  37.174314     2.7155      8.567   186.7051 2.2128e+02     4.9493      0.018      0.027    22.4430 0.0000e+00
      0.019      0.001     5.1507     58.329     39.190  37.188044     2.7361      8.567   187.0711 2.2141e+02     5.0117      0.018      0.027    22.4425 0.0000e+00
      0.019      0.001     5.1249     58.066     39.191  37.189189     2.7397      8.568   187.1964 2.2270e+02     5.0649      0.019      0.027    22.4423 0.0000e+00
      0.019      0.002     5.1002     57.837     39.190  37.188158     2.6602      8.568   187.1884 2.2333e+02     5.0462      0.019      0.027    22.4420 0.0000e+00
      0.020      0.002     5.0792     57.628     39.176  37.175573     2.5156      8.568   187.3183 2.2556e+02     4.9560      0.019      0.028    22.4417 0.0000e+00
      0.021      0.003     5.0570     57.397     39.164  37.163933     2.4401      8.568   187.5618 2.2581e+02     4.9308      0.021      0.030    22.4413 0.0000e+00
      0.022      0.003     5.0321     57.165     39.176  37.174325     2.4465      8.567   187.8104 2.2323e+02     4.9807      0.022      0.031    22.4411 0.0000e+00
      0.022      0.004     5.0123     56.937     39.176  37.174315     2.5013      8.567   188.0008 2.2391e+02     4.9782      0.022      0.032    22.4409 0.0000e+00
      0.023      0.004     4.9977     56.691     39.165  37.163806     2.5777      8.567   188.1428 2.2420e+02     4.9354      0.022      0.031    22.4408 0.0000e+00
      0.024      0.004     4.9751     56.475     39.176  37.174175     2.6052      8.567   188.3236 2.2060e+02     4.9419      0.023      0.034    22.4407 0.0000e+00
      0.027      0.003     4.9545     56.319     39.174  37.172775     2.6083      8.566   188.6377 2.1739e+02     4.9875      0.026      0.038    22.4404 0.0000e+00
      0.028      0.001     4.9379     56.183     39.147  37.146876     2.6239      8.566   188.9296 2.1634e+02     5.0093      0.028      0.041    22.4403 0.0000e+00
      0.028      0.000     4.9128     56.030     39.114  37.114856     2.6185      8.567   189.0989 2.1692e+02     4.9659      0.028      0.041    22.4401 0.0000e+00
      0.027     -0.002     4.8934     55.885     39.035  37.039439     2.5760      8.567   189.3081 2.1942e+02     4.8724      0.026      0.038    22.4398 0.0000e+00
      0.025     -0.002     4.8815     56.009     38.930  36.932996     2.5348      8.567   189.4806 2.2342e+02     4.8701      0.024      0.035    22.4396 0.0000e+00
      0.023     -0.001     4.8718     57.456     38.860  36.843106     2.5360      8.566   189.8075 2.2723e+02     4.9721      0.022      0.032    22.4396 0.0000e+00
      0.023      0.001     4.8565     61.876     38.832  36.777447     2.5747      8.566   193.5187 2.2850e+02     5.0127      0.022      0.032    22.4393 0.0000e+00
      0.024      0.005     4.8433     69.739     38.869  36.773591     2.6114      8.567   197.4415 2.2857e+02     4.9503      0.024      0.035    22.4389 0.0000e+00
      0.025      0.008     4.8250     79.296     38.922  36.796422     2.6220      8.567   194.9929 2.2623e+02     4.9007      0.024      0.035    22.4383 0.0000e+00
      0.028      0.010     4.8847     88.247     38.945  36.799643     2.6114      8.566   191.7034 2.2391e+02     4.9594      0.026      0.038    22.4114 0.0000e+00
      0.032      0.012     5.2470     95.567     38.971  36.812522     2.5669      8.563   191.3964 2.2715e+02     5.0455      0.032      0.046    22.3482 0.0000e+00
      0.036      0.012     6.0066    101.017     38.993  36.825220     2.4913      8.561   191.4521 2.3240e+02     5.0205      0.036      0.053    22.2927 0.0000e+00
      0.040      0.011     6.9338    104.442     38.998  36.826252     2.4374      8.561   191.5170 2.3942e+02     4.9295      0.040      0.059    22.2605 0.0000e+00
      0.043      0.008     7.7316    105.820     38.998  36.824994     2.4230      8.561   191.5780 2.4439e+02     4.8672      0.043      0.062    22.2379 0.0000e+00
      0.045      0.006     8.3740    105.375     38.985  36.810006     2.4336      8.561   191.5875 2.4309e+02     4.8822      0.044      0.063    22.2230 0.0000e+00
      0.045      0.004     8.8584    103.737     38.950  36.771937     2.4500      8.560   191.6327 2.4112e+02     4.9743      0.044      0.063    22.2124 0.0000e+00
      0.044      0.004     9.1560    101.771     38.934  36.745414     2.4457      8.560   191.8659 2.4089e+02     4.9905      0.043      0.062    22.2083 0.0000e+00
      0.044      0.005     9.2731    100.051     38.946  36.743109     2.4320      8.561   192.2561 2.3917e+02     4.9066      0.043      0.062    22.2090 0.0000e+00
      0.046      0.005     9.2139     98.696     38.957  36.744044     2.4514      8.561   192.4793 2.3386e+02     4.9173      0.044      0.064    22.2074 0.0000e+00
