Data/DataNotYetUploadedToEDI/Raw_CTD/RawDownloads/060324_fcr50_S7809011.cnv
* Sea-Bird SBE19plus  Data File:
* FileName = C:\R\Reservoirs\Data\DataNotYetUploadedToEDI\Raw_CTD\RawDownloads\052724_bvr50_S7809_0011.hex
* Software version 2.8.0.119
* Temperature SN = 7809
* Conductivity SN = 7809
* System UpLoad Time = Jun 04 2024 12:25:55
* <ApplicationData>
* <Seaterm232>
# nquan = 15
# nvalues = 2060                        
# units = specified
# name 0 = depFM: Depth [fresh water, m]
# name 1 = dz/dtM: Descent Rate [m/s]
# name 2 = sbeox0Mg/L: Oxygen, SBE 43 [mg/l]
# name 3 = sbeox0PS: Oxygen, SBE 43 [% saturation]
# name 4 = specc: Specific Conductance [uS/cm]
# name 5 = c0uS/cm: Conductivity [uS/cm]
# name 6 = flECO-AFL: Fluorescence, WET Labs ECO-AFL/FL [mg/m^3]
# name 7 = ph: pH
# name 8 = orp: Oxidation Reduction Potential [mV]
# name 9 = par/sat/log: PAR/Logarithmic, Satlantic
# name 10 = turbWETntu0: Turbidity, WET Labs ECO [NTU]
# name 11 = prdM: Pressure, Strain Gauge [db]
# name 12 = prdE: Pressure, Strain Gauge [psi]
# name 13 = tv290C: Temperature [ITS-90, deg C]
# name 14 = flag:  0.000e+00
# span 0 =     -0.674,      9.098       
# span 1 =     -0.535,      0.227       
# span 2 =     2.9181,     8.9013       
# span 3 =     27.604,    102.069       
# span 4 =      0.618,     45.012       
# span 5 =   0.573950,  38.017345       
# span 6 =    -0.2995,     6.5557       
# span 7 =      7.672,      9.329       
# span 8 = -1240.7455,   317.5782       
# span 9 = 1.2361e-01, 2.9860e+03       
# span 10 =    -0.1421,    28.3691      
# span 11 =     -0.661,      8.922      
# span 12 =     -0.959,     12.941      
# span 13 =    11.1556,    23.6945      
# span 14 = 0.0000e+00, 0.0000e+00      
# interval = seconds: 0.25
# start_time = Jun 03 2024 13:08:42 [Instrument's time stamp, header]
# bad_flag = -9.990e-29
*END*
[from data line 772]
      0.245      0.051     8.2125     93.457     38.893  36.514414     2.2062      8.458   239.9138 1.9659e+02     3.7545      0.243      0.351    21.9280 0.0000e+00
      0.255      0.049     8.2009     93.447     38.875  36.494895     2.2137      8.458   239.8280 1.9569e+02     3.8329      0.252      0.365    21.9262 0.0000e+00
      0.263      0.048     8.1927     93.458     38.894  36.506152     2.2337      8.458   239.8711 1.9492e+02     3.8099      0.257      0.372    21.9307 0.0000e+00
      0.273      0.048     8.1850     93.461     38.922  36.523602     2.2472      8.458   239.7475 1.9336e+02     3.7150      0.267      0.387    21.9363 0.0000e+00
      0.287      0.052     8.1778     93.452     38.921  36.515511     2.2447      8.458   239.8822 1.9141e+02     3.6758      0.282      0.410    21.9381 0.0000e+00
      0.301      0.058     8.1792     93.416     38.879  36.471767     2.2447      8.458   240.9835 1.8932e+02     3.7128      0.295      0.428    21.9356 0.0000e+00
      0.315      0.066     8.1825     93.345     38.853  36.438849     2.2562      8.459   241.9648 1.8669e+02     3.7516      0.308      0.446    21.9265 0.0000e+00
      0.332      0.072     8.1847     93.264     38.864  36.434757     2.2749      8.459   242.1961 1.8343e+02     3.7355      0.325      0.471    21.9126 0.0000e+00
      0.352      0.077     8.1859     93.169     38.867  36.422265     2.2958      8.459   242.1454 1.8014e+02     3.7574      0.345      0.500    21.9023 0.0000e+00
      0.374      0.082     8.1845     93.070     38.873  36.414700     2.3009      8.458   241.5235 1.7676e+02     3.8112      0.367      0.532    21.9003 0.0000e+00
      0.398      0.087     8.1767     93.016     38.878  36.406720     2.3039      8.457   240.7001 1.7371e+02     3.7712      0.391      0.569    21.8922 0.0000e+00
      0.419      0.091     8.1746     92.982     38.873  36.389203     2.3065      8.456   240.9651 1.7156e+02     3.7168      0.413      0.598    21.8695 0.0000e+00
      0.439      0.092     8.1702     92.936     38.888  36.393243     2.2825      8.456   242.1468 1.6861e+02     3.7002      0.427      0.620    21.8490 0.0000e+00
      0.465      0.091     8.1597     92.893     38.895  36.392098     2.2550      8.457   243.1146 1.6422e+02     3.7077      0.454      0.659    21.8325 0.0000e+00
      0.495      0.088     8.1606     92.858     38.882  36.375352     2.2489      8.457   241.9118 1.6077e+02     3.7390      0.491      0.712    21.8148 0.0000e+00
      0.518      0.083     8.1613     92.800     38.891  36.381115     2.3165      8.457   239.3053 1.5903e+02     3.7712      0.512      0.742    21.7990 0.0000e+00
      0.535      0.076     8.1581     92.711     38.912  36.398324     2.4408      8.458   238.6153 1.5705e+02     3.7893      0.522      0.757    21.7852 0.0000e+00
      0.554      0.067     8.1554     92.642     38.907  36.393067     2.4940      8.459   239.2476 1.5463e+02     3.7534      0.543      0.787    21.7762 0.0000e+00
      0.572      0.058     8.1547     92.632     38.895  36.381011     2.4944      8.459   240.3262 1.5312e+02     3.7468      0.565      0.819    21.7715 0.0000e+00
      0.585      0.052     8.1512     92.677     38.894  36.379451     2.4950      8.460   241.7618 1.5221e+02     3.8118      0.573      0.831    21.7674 0.0000e+00
      0.595      0.045     8.1410     92.755     38.889  36.374204     2.4755      8.461   240.6871 1.5121e+02     3.8565      0.582      0.843    21.7647 0.0000e+00
      0.606      0.037     8.1339     92.847     38.897  36.381022     2.4592      8.461   237.5708 1.4995e+02     3.8092      0.595      0.862    21.7633 0.0000e+00
      0.617      0.030     8.1334     92.921     38.914  36.398434     2.4481      8.461   236.3487 1.4890e+02     3.7183      0.606      0.879    21.7624 0.0000e+00
      0.624      0.028     8.1386     92.969     38.908  36.394376     2.4241      8.461   237.4394 1.4869e+02     3.7474      0.613      0.891    21.7630 0.0000e+00
      0.627      0.032     8.1455     92.990     38.908  36.395416     2.4106      8.460   239.1437 1.4877e+02     3.8538      0.615      0.892    21.7614 0.0000e+00
      0.629      0.044     8.1557     92.950     38.926  36.411000     2.4104      8.458   239.2308 1.4838e+02     3.8777      0.615      0.891    21.7597 0.0000e+00
      0.635      0.065     8.1619     92.870     38.908  36.392442     2.3963      8.455   237.4599 1.4718e+02     3.8308      0.619      0.899    21.7626 0.0000e+00
      0.650      0.090     8.1640     92.806     38.880  36.361392     2.3733      8.454   236.3161 1.4504e+02     3.7649      0.636      0.922    21.7667 0.0000e+00
      0.675      0.108     8.1690     92.755     38.878  36.352817     2.3984      8.454   236.3290 1.4128e+02     3.7304      0.656      0.952    21.7663 0.0000e+00
      0.716      0.115     8.1650     92.701     38.883  36.352203     2.4747      8.454   236.6690 1.3555e+02     3.7564      0.694      1.007    21.7640 0.0000e+00
      0.768      0.110     8.1543     92.659     38.888  36.353962     2.5133      8.455   237.4161 1.3040e+02     3.7705      0.759      1.101    21.7637 0.0000e+00
      0.807      0.096     8.1514     92.624     38.909  36.374092     2.4993      8.457   238.0484 1.2833e+02     3.7297      0.803      1.166    21.7570 0.0000e+00
      0.822      0.077     8.1493     92.588     38.939  36.405229     2.4463      8.457   237.5171 1.2802e+02     3.7081      0.808      1.173    21.7457 0.0000e+00
      0.825      0.059     8.1444     92.568     38.944  36.413191     2.3721      8.457   236.7562 1.2767e+02     3.7483      0.808      1.172    21.7385 0.0000e+00
      0.829      0.047     8.1417     92.580     38.937  36.406914     2.3438      8.458   236.6777 1.2714e+02     3.7711      0.813      1.179    21.7357 0.0000e+00
      0.834      0.043     8.1390     92.594     38.923  36.392779     2.3539      8.458   236.9123 1.2618e+02     3.7456      0.816      1.183    21.7367 0.0000e+00
      0.846      0.046     8.1346     92.608     38.900  36.369186     2.4442      8.459   237.2701 1.2427e+02     3.7470      0.825      1.196    21.7410 0.0000e+00
      0.868      0.051     8.1304     92.646     38.909  36.375466     2.6031      8.460   237.9929 1.2209e+02     3.7876      0.852      1.235    21.7460 0.0000e+00
      0.888      0.056     8.1335     92.697     38.942  36.405243     2.6852      8.461   238.7684 1.2092e+02     3.8264      0.876      1.271    21.7476 0.0000e+00
      0.898      0.058     8.1353     92.747     38.949  36.411960     2.6967      8.463   238.7309 1.2045e+02     3.8066      0.883      1.280    21.7445 0.0000e+00
      0.905      0.057     8.1350     92.784     38.930  36.393238     2.6748      8.463   238.1417 1.1949e+02     3.7191      0.885      1.283    21.7411 0.0000e+00
      0.919      0.052     8.1401     92.782     38.905  36.369230     2.6369      8.463   237.6672 1.1748e+02     3.6906      0.897      1.302    21.7389 0.0000e+00
      0.940      0.047     8.1452     92.736     38.913  36.375481     2.6300      8.464   238.6715 1.1527e+02     3.7348      0.923      1.338    21.7373 0.0000e+00
      0.958      0.045     8.1494     92.690     38.948  36.405357     2.6330      8.465   240.7355 1.1413e+02     3.7763      0.943      1.368    21.7381 0.0000e+00
      0.966      0.043     8.1539     92.658     38.958  36.413205     2.6385      8.465   241.2855 1.1376e+02     3.7815      0.949      1.377    21.7379 0.0000e+00
      0.971      0.039     8.1548     92.615     38.953  36.406907     2.6555      8.465   240.4163 1.1323e+02     3.7301      0.950      1.379    21.7360 0.0000e+00
      0.977      0.034     8.1486     92.546     38.938  36.392657     2.6726      8.466   239.4319 1.1235e+02     3.7354      0.956      1.386    21.7342 0.0000e+00
      0.987      0.031     8.1444     92.474     38.911  36.367816     2.6867      8.467   239.0200 1.1137e+02     3.8111      0.967      1.403    21.7318 0.0000e+00
      0.997      0.030     8.1435     92.430     38.900  36.360365     2.6764      8.467   240.2540 1.1053e+02     3.8259      0.979      1.421    21.7289 0.0000e+00
      1.007      0.029     8.1405     92.430     38.903  36.366030     2.6392      8.468   242.5649 1.0990e+02     3.7770      0.989      1.435    21.7263 0.0000e+00
      1.012      0.028     8.1340     92.474     38.909  36.372851     2.6115      8.469   243.5588 1.0952e+02     3.7329      0.994      1.442    21.7251 0.0000e+00
      1.017      0.026     8.1261     92.554     38.914  36.379395     2.6165      8.469   242.8923 1.0918e+02     3.7708      0.996      1.444    21.7261 0.0000e+00
      1.022      0.025     8.1212     92.629     38.915  36.381701     2.6417      8.469   241.9059 1.0871e+02     3.8598      1.001      1.451    21.7301 0.0000e+00
      1.028      0.026     8.1207     92.672     38.935  36.400736     2.7160      8.470   242.0424 1.0817e+02     3.8871      1.008      1.462    21.7346 0.0000e+00
      1.036      0.027     8.1241     92.715     38.954  36.419200     2.8329      8.471   243.2530 1.0764e+02     3.8275      1.016      1.472    21.7369 0.0000e+00
      1.044      0.027     8.1323     92.768     38.949  36.414586     2.8895      8.471   243.8095 1.0714e+02     3.7199      1.023      1.483    21.7388 0.0000e+00
      1.052      0.026     8.1407     92.800     38.942  36.408403     2.8931      8.471   243.6083 1.0667e+02     3.6786      1.031      1.496    21.7404 0.0000e+00
      1.060      0.024     8.1417     92.809     38.940  36.407893     2.8521      8.470   243.2293 1.0633e+02     3.7382      1.040      1.508    21.7408 0.0000e+00
      1.065      0.021     8.1451     92.793     38.940  36.408413     2.7504      8.470   242.7543 1.0618e+02     3.7575      1.045      1.516    21.7410 0.0000e+00
      1.069      0.018     8.1520     92.747     38.944  36.414701     2.6784      8.471   242.7700 1.0608e+02     3.7066      1.048      1.521    21.7415 0.0000e+00
      1.072      0.015     8.1538     92.692     38.948  36.420469     2.6651      8.472   243.3330 1.0587e+02     3.6699      1.051      1.525    21.7423 0.0000e+00
      1.075      0.015     8.1546     92.652     38.940  36.414705     2.6807      8.472   243.7104 1.0547e+02     3.6899      1.055      1.530    21.7430 0.0000e+00
      1.078      0.018     8.1540     92.660     38.931  36.408464     2.7014      8.473   243.7194 1.0509e+02     3.7432      1.058      1.534    21.7435 0.0000e+00
      1.081      0.022     8.1481     92.727     38.925  36.408464     2.6899      8.473   243.5281 1.0487e+02     3.7668      1.059      1.537    21.7463 0.0000e+00
      1.086      0.025     8.1421     92.810     38.926  36.414704     2.6665      8.474   243.1185 1.0454e+02     3.7704      1.063      1.542    21.7514 0.0000e+00
      1.095      0.027     8.1374     92.885     38.931  36.420476     2.7185      8.475   242.8109 1.0398e+02     3.7526      1.074      1.556    21.7522 0.0000e+00
      1.107      0.029     8.1367     92.955     38.927  36.414802     2.8443      8.475   242.9054 1.0350e+02     3.7568      1.086      1.576    21.7526 0.0000e+00
      1.116      0.030     8.1434     92.984     38.923  36.409545     2.9215      8.475   243.0564 1.0326e+02     3.7883      1.096      1.589    21.7629 0.0000e+00
      1.121      0.030     8.1502     92.947     38.934  36.420362     2.9118      8.475   243.0885 1.0305e+02     3.7565      1.099      1.593    21.7730 0.0000e+00
      1.126      0.030     8.1555     92.867     38.933  36.418688     2.8269      8.476   243.1224 1.0266e+02     3.7479      1.103      1.600    21.7723 0.0000e+00
      1.133      0.029     8.1641     92.763     38.903  36.389308     2.7027      8.477   242.9496 1.0216e+02     3.8210      1.111      1.610    21.7680 0.0000e+00
      1.143      0.028     8.1684     92.671     38.898  36.382388     2.6416      8.476   242.6336 1.0167e+02     3.8554      1.121      1.624    21.7665 0.0000e+00
      1.152      0.028     8.1633     92.644     38.919  36.398454     2.6453      8.476   242.5709 1.0121e+02     3.7876      1.131      1.640    21.7666 0.0000e+00
      1.160      0.029     8.1561     92.688     38.917  36.393206     2.6477      8.477   242.7078 1.0094e+02     3.7185      1.139      1.652    21.7670 0.0000e+00
      1.165      0.030     8.1465     92.741     38.908  36.382389     2.6881      8.478   242.9119 1.0085e+02     3.7716      1.143      1.657    21.7657 0.0000e+00
      1.169      0.031     8.1364     92.725     38.923  36.394558     2.7920      8.478   243.1465 1.0057e+02     3.8486      1.144      1.660    21.7611 0.0000e+00
      1.177      0.032     8.1345     92.533     38.944  36.413441     2.8632      8.478   243.1355 9.9916e+01     3.8299      1.152      1.671    21.7562 0.0000e+00
      1.189      0.032     8.1418     92.128     38.951  36.420346     2.8755      8.478   242.8647 9.9131e+01     3.7505      1.166      1.692    21.7527 0.0000e+00
      1.200      0.033     8.1486     91.623     38.946  36.414582     2.8825      8.478   242.7980 9.8627e+01     3.6740      1.178      1.708    21.7498 0.0000e+00
      1.208      0.033     8.1513     91.138     38.938  36.407197     2.8968      8.478   243.0164 9.8312e+01     3.6915      1.185      1.718    21.7475 0.0000e+00
      1.215      0.033     8.1379     90.712     38.924  36.394508     2.9163      8.478   243.1829 9.8052e+01     3.7907      1.192      1.730    21.7463 0.0000e+00
      1.220      0.033     8.0962     90.367     38.915  36.388076     2.9343      8.478   243.3479 9.7753e+01     3.8479      1.197      1.736    21.7458 0.0000e+00
      1.226      0.033     8.0479     90.162     38.916  36.392884     2.9479      8.477   243.5499 9.7115e+01     3.8028      1.201      1.741    21.7448 0.0000e+00
      1.236      0.032     8.0053     90.168     38.909  36.389194     2.9564      8.476   243.5599 9.6284e+01     3.7238      1.211      1.756    21.7446 0.0000e+00
      1.249      0.032     7.9671     90.372     38.928  36.406913     2.9622      8.476   243.5542 9.5611e+01     3.7130      1.226      1.778    21.7452 0.0000e+00
      1.260      0.035     7.9353     90.690     38.938  36.416764     2.9765      8.476   243.7401 9.5283e+01     3.7749      1.237      1.794    21.7468 0.0000e+00
      1.265      0.040     7.9120     91.015     38.900  36.381408     2.9629      8.476   244.0001 9.5293e+01     3.7891      1.242      1.800    21.7531 0.0000e+00
      1.268      0.045     7.9134     91.275     38.882  36.360124     2.9145      8.474   244.3746 9.5166e+01     3.7136      1.243      1.802    21.7579 0.0000e+00
      1.276      0.050     7.9341     91.456     38.884  36.349771     2.8907      8.472   244.8261 9.4392e+01     3.6819      1.248      1.810    21.7575 0.0000e+00
      1.293      0.052     7.9650     91.486     38.871  36.319661     2.8997      8.470   245.0719 9.2970e+01     3.7467      1.265      1.835    21.7567 0.0000e+00
      1.318      0.051     7.9979     91.345     38.879  36.313298     2.8897      8.469   245.1091 9.1553e+01     3.8147      1.293      1.876    21.7586 0.0000e+00
      1.338      0.047     8.0174     91.148     38.911  36.336275     2.8370      8.469   245.1041 9.0891e+01     3.7864      1.318      1.912    21.7570 0.0000e+00
      1.348      0.040     8.0410     90.973     38.921  36.343660     2.7944      8.470   245.1827 9.0934e+01     3.7117      1.325      1.921    21.7385 0.0000e+00
      1.350      0.034     8.0500     90.797     38.915  36.339134     2.7905      8.470   245.4578 9.1225e+01     3.6971      1.324      1.920    21.7110 0.0000e+00
      1.351      0.032     8.0338     90.592     38.921  36.345004     2.7995      8.468   245.7630 9.1487e+01     3.7127      1.325      1.921    21.6921 0.0000e+00
