Data/DataNotYetUploadedToEDI/Raw_CTD/RawDownloads/060324_fcr10_S7809007.cnv
* Sea-Bird SBE19plus  Data File:
* FileName = C:\R\Reservoirs\Data\DataNotYetUploadedToEDI\Raw_CTD\RawDownloads\052724_bvr50_S7809_0007.hex
* Software version 2.8.0.119
* Temperature SN = 7809
* Conductivity SN = 7809
* System UpLoad Time = Jun 04 2024 12:23:30
* <ApplicationData>
* <Seaterm232>
# nquan = 15
# nvalues = 925                         
# units = specified
# name 0 = depFM: Depth [fresh water, m]
# name 1 = dz/dtM: Descent Rate [m/s]
# name 2 = sbeox0Mg/L: Oxygen, SBE 43 [mg/l]
# name 3 = sbeox0PS: Oxygen, SBE 43 [% saturation]
# name 4 = specc: Specific Conductance [uS/cm]
# name 5 = c0uS/cm: Conductivity [uS/cm]
# name 6 = flECO-AFL: Fluorescence, WET Labs ECO-AFL/FL [mg/m^3]
# name 7 = ph: pH
# name 8 = orp: Oxidation Reduction Potential [mV]
# name 9 = par/sat/log: PAR/Logarithmic, Satlantic
# name 10 = turbWETntu0: Turbidity, WET Labs ECO [NTU]
# name 11 = prdM: Pressure, Strain Gauge [db]
# name 12 = prdE: Pressure, Strain Gauge [psi]
# name 13 = tv290C: Temperature [ITS-90, deg C]
# name 14 = flag:  0.000e+00
# span 0 =     -0.668,      2.006       
# span 1 =     -0.424,      0.175       
# span 2 =     3.9636,     9.4444       
# span 3 =     44.974,    109.835       
# span 4 =      0.479,     42.128       
# span 5 =   0.511136,  40.001346       
# span 6 =    -2.0366,   227.5545       
# span 7 =      1.231,     11.916       
# span 8 = -1235.1903,   552.1717       
# span 9 = 1.8028e+02, 2.5448e+03       
# span 10 =    -7.4224,   132.8277      
# span 11 =     -0.655,      1.968      
# span 12 =     -0.950,      2.854      
# span 13 =    20.6539,    28.3512      
# span 14 = 0.0000e+00, 0.0000e+00      
# interval = seconds: 0.25
# start_time = Jun 03 2024 12:08:29 [Instrument's time stamp, header]
# bad_flag = -9.990e-29
*END*
[from data line 868]
      1.288     -0.204     8.1184     97.310     39.377  36.936849     2.6688      8.385   230.8534 3.3694e+02    13.2404      1.261      1.828    21.8730 0.0000e+00
      1.226     -0.211     8.2661     97.566     39.333  36.898984     2.6406      8.386   230.2059 3.5349e+02     9.7662      1.199      1.738    21.8810 0.0000e+00
      1.171     -0.211     8.3934     97.621     39.316  36.885139     2.6353      8.388   229.7155 3.7665e+02     9.4024      1.148      1.666    21.8853 0.0000e+00
      1.121     -0.206     8.4860     97.595     39.329  36.896351     2.5635      8.391   229.3993 4.1270e+02     8.2959      1.099      1.593    21.8907 0.0000e+00
      1.074     -0.201     8.5353     97.538     39.344  36.907649     2.4462      8.393   229.2223 4.7581e+02     6.2937      1.052      1.526    21.8967 0.0000e+00
      1.026     -0.200     8.5515     97.439     39.335  36.894834     2.3902      8.395   229.2090 5.7805e+02     5.2106      1.009      1.464    21.9013 0.0000e+00
      0.974     -0.204     8.5516     97.276     39.311  36.868309     2.3944      8.396   229.2381 6.7568e+02     5.1407      0.957      1.388    21.9052 0.0000e+00
      0.921     -0.211     8.5483     97.079     39.286  36.840744     2.3799      8.398   229.2306 6.9391e+02     4.9701      0.901      1.306    21.9038 0.0000e+00
      0.869     -0.219     8.5446     96.881     39.263  36.815355     2.3399      8.399   229.2910 6.5644e+02     4.6167      0.854      1.238    21.8989 0.0000e+00
      0.814     -0.227     8.5385     96.671     39.265  36.815136     2.3193      8.400   229.1939 6.7502e+02     4.4211      0.802      1.163    21.8941 0.0000e+00
      0.751     -0.232     8.5238     96.410     39.288  36.838094     2.3309      8.402   228.7442 7.1190e+02     4.4150      0.735      1.068    21.8876 0.0000e+00
      0.688     -0.235     8.5053     96.086     39.286  36.839131     2.3634      8.404   228.1566 7.7216e+02     4.4755      0.674      0.977    21.8823 0.0000e+00
      0.627     -0.234     8.4904     95.800     39.271  36.827677     2.3869      8.405   227.5092 9.1453e+02     4.4687      0.617      0.895    21.8776 0.0000e+00
      0.565     -0.229     8.4727     95.642     39.268  36.826523     2.3823      8.407   226.7679 9.1175e+02     4.3668      0.553      0.803    21.8740 0.0000e+00
      0.504     -0.219     8.4523     95.646     39.264  36.825180     2.3744      8.408   225.7317 8.0044e+02     4.3370      0.492      0.714    21.8759 0.0000e+00
      0.449     -0.211     8.4177     95.828     39.247  36.811441     2.3574      8.408   224.2724 8.4800e+02     4.3476      0.439      0.636    21.8813 0.0000e+00
      0.399     -0.204     8.3888     96.110     39.217  36.787319     2.3188      8.409   222.9760 9.0870e+02     4.2905      0.389      0.565    21.8846 0.0000e+00
      0.354     -0.196     8.3757     96.405     39.209  36.787337     2.2827      8.409   222.2759 8.8475e+02     4.1920      0.348      0.504    21.8862 0.0000e+00
      0.308     -0.182     8.3724     96.705     39.226  36.811677     2.2616      8.408   222.0881 9.0176e+02     4.1130      0.306      0.444    21.8888 0.0000e+00
      0.254     -0.162     8.3922     97.044     39.231  36.827812     2.2553      8.406   222.1677 9.4420e+02     4.0876      0.249      0.361    21.8912 0.0000e+00
      0.202     -0.136     8.4196     97.451     39.245  36.855525     2.2237      8.404   222.2066 9.3353e+02     4.1243      0.193      0.280    21.8955 0.0000e+00
      0.164     -0.115     8.4429     97.915     39.262  36.892963     2.1531      8.404   222.0420 9.8860e+02     4.2143      0.154      0.223    21.9063 0.0000e+00
      0.145     -0.112     8.4669     98.410     39.248  36.899783     2.1014      8.404   221.8111 1.2737e+03     4.2542      0.134      0.195    21.9172 0.0000e+00
      0.143     -0.133     8.4927     98.912     39.279  36.938018     2.0734      8.400   221.8247 1.5154e+03     4.1963      0.140      0.202    21.9292 0.0000e+00
      0.141     -0.181     8.5263     99.363     39.357  37.038006     2.0134      8.392   221.6898 1.6364e+03     4.0947      0.150      0.216    21.9464 0.0000e+00
      0.109     -0.250     8.5638     99.819     39.329  37.093521     1.9260      8.386   220.7825 1.8062e+03     4.0163      0.128      0.186    21.9767 0.0000e+00
      0.025     -0.326     8.5992    100.350     39.271  37.165185     1.8817      8.385   219.9750 1.6385e+03     4.0004      0.037      0.054    22.0140 0.0000e+00
     -0.094     -0.391     8.6489    100.834     39.174  37.206679     1.8857      8.386   219.6700 1.4632e+03     4.0387     -0.091     -0.133    22.0099 0.0000e+00
     -0.228     -0.424     8.6849    101.105     38.782  36.960871     2.0163      8.387   219.5034 1.8649e+03     4.6850     -0.218     -0.316    22.0138 0.0000e+00
     -0.365     -0.412     8.6989    101.039     38.553  36.858351     2.3028      8.390   222.5205 2.2158e+03     5.9048     -0.365     -0.530    22.1315 0.0000e+00
     -0.488     -0.359     8.7218    100.522     38.801  37.172876     2.9033      8.393   225.5199 2.1139e+03     6.5247     -0.490     -0.710    22.3169 0.0000e+00
     -0.582     -0.283     8.7399     99.562     38.964  37.337406     8.1293      8.395   220.4070 1.8945e+03     6.2704     -0.581     -0.843    22.4860 0.0000e+00
     -0.639     -0.200     8.7391     98.398     38.958  37.261386    65.5143      8.395   208.3666 1.8049e+03     3.3079     -0.644     -0.933    22.6521 0.0000e+00
     -0.660     -0.124     8.7106     97.316     39.028  37.205429   170.6628      8.397   207.2781 1.7897e+03    -2.0703     -0.653     -0.946    22.8125 0.0000e+00
     -0.663     -0.065     8.6495     96.438     39.124  37.168284   227.5545      8.405   261.0216 1.7112e+03    -4.9901     -0.650     -0.942    22.9265 0.0000e+00
     -0.663     -0.026     8.5533     95.628     38.859  36.812084   227.4490      8.415   338.3256 1.6031e+03    -5.3157     -0.650     -0.943    22.9483 0.0000e+00
     -0.663     -0.007     8.4610     94.555     34.256  32.390873   169.4128      8.410   347.2093 1.5873e+03    -5.9050     -0.649     -0.942    22.8432 0.0000e+00
     -0.663     -0.001     8.3925     92.907     22.577  21.324178    62.2003      8.395   291.1704 1.7405e+03    -6.8885     -0.651     -0.944    22.6602 0.0000e+00
     -0.663     -0.000     8.3488     90.638     11.519  10.872155     3.7091      8.381   220.0184 2.0737e+03    -7.4039     -0.650     -0.943    22.4842 0.0000e+00
     -0.663     -0.000     8.3133     88.100      7.362   6.945871    -1.5914      8.375   174.0263 1.9416e+03    -7.4224     -0.650     -0.942    22.3465 0.0000e+00
     -0.663     -0.001     8.2452     85.663      6.747   6.365153    -2.0366      8.379   169.3240 1.1416e+03    -7.3173     -0.651     -0.944    22.2479 0.0000e+00
     -0.663     -0.001     8.1168     83.511      6.634   6.258314    -1.6822      8.384   183.9844 1.1171e+03    -5.7234     -0.650     -0.942    22.1917 0.0000e+00
     -0.664     -0.001     7.9057     81.819      6.598   6.224320    -0.9265      8.388   202.4366 2.0231e+03    -2.7368     -0.650     -0.943    22.1694 0.0000e+00
     -0.664     -0.001     7.6728     80.740      6.378   6.017505    -0.4987      8.390   220.6076 2.4718e+03    -1.1648     -0.652     -0.946    22.1629 0.0000e+00
     -0.664     -0.001     7.4586     80.281      5.998   5.658380    -0.4549      8.391   243.8270 1.9651e+03    -0.9598     -0.652     -0.945    22.1617 0.0000e+00
     -0.664     -0.001     7.2647     80.356      5.756   5.430061    -0.3481      8.393   266.5343 1.0296e+03     0.2198     -0.651     -0.944    22.1625 0.0000e+00
     -0.664      0.000     7.1105     80.790      5.668   5.347640    -0.1305      8.392   270.2520 5.6708e+02     2.3038     -0.651     -0.944    22.1640 0.0000e+00
     -0.664 -1.863e-08     7.0176     81.318      5.410   5.105308    -0.0121      8.390   272.4298 8.5773e+02     3.3651     -0.651     -0.945    22.1660 0.0000e+00
     -0.664 -2.049e-07     6.9800     81.802      4.999   4.717389    -0.0074      8.389   278.6701 1.2016e+03     3.3846     -0.651     -0.945    22.1678 0.0000e+00
     -0.664 -2.049e-07     6.9898     82.229      4.725   4.458474     0.0260      8.385   260.0938 1.2410e+03     3.3263     -0.651     -0.945    22.1694 0.0000e+00
     -0.664 -1.863e-08     7.0392     82.542      4.711   4.445499     0.0920      8.382   243.0483 1.4032e+03     3.2748     -0.652     -0.945    22.1711 0.0000e+00
     -0.664 -1.707e-09     7.0889     82.691      4.699   4.433806     0.1332      8.387   269.3458 1.3640e+03     3.2745     -0.651     -0.944    22.1726 0.0000e+00
     -0.664 -3.079e-10     7.1285     82.726      4.642   4.380444     0.1414      8.392   294.5553 1.0170e+03     3.2886     -0.651     -0.944    22.1737 0.0000e+00
     -0.664 -9.990e-29     7.1685 -9.990e-29 -9.990e-29 -9.990e-29 -9.990e-29 -9.990e-29 -9.990e-29 8.8047e+02 -9.990e-29     -0.651     -0.945    22.1748 0.0000e+00
     -0.664 -9.990e-29     7.1987 -9.990e-29 -9.990e-29 -9.990e-29 -9.990e-29 -9.990e-29 -9.990e-29 9.8301e+02 -9.990e-29     -0.651     -0.944    22.1759 0.0000e+00
     -0.664 -9.990e-29     7.2080 -9.990e-29 -9.990e-29 -9.990e-29 -9.990e-29 -9.990e-29 -9.990e-29 1.1937e+03 -9.990e-29     -0.651     -0.944    22.1772 0.0000e+00
     -0.664 -9.990e-29     7.2094 -9.990e-29 -9.990e-29 -9.990e-29 -9.990e-29 -9.990e-29 -9.990e-29 1.3068e+03 -9.990e-29     -0.652     -0.945    22.1779 0.0000e+00
