Data/DataNotYetUploadedToEDI/Raw_CTD/RawDownloads/060324_bvr50_S8188001.cnv
* Sea-Bird SBE19plus  Data File:
* FileName = C:\R\Reservoirs\Data\DataNotYetUploadedToEDI\Raw_CTD\RawDownloads\060324_bvr50_S78188_0001.hex
* Software version 2.8.0.119
* Temperature SN = 8188
* Conductivity SN = 8188
* System UpLoad Time = Jun 20 2024 16:34:33
* <ApplicationData>
* <Seaterm232>
# nquan = 16
# nvalues = 2118                        
# units = specified
# name 0 = depFM: Depth [fresh water, m]
# name 1 = dz/dtM: Descent Rate [m/s]
# name 2 = sbeox0Mg/L: Oxygen, SBE 43 [mg/l]
# name 3 = sbeox0PS: Oxygen, SBE 43 [% saturation]
# name 4 = specc: Specific Conductance [uS/cm]
# name 5 = c0uS/cm: Conductivity [uS/cm]
# name 6 = wetCDOM: Fluorescence, WET Labs CDOM [mg/m^3]
# name 7 = flECO-AFL: Fluorescence, WET Labs ECO-AFL/FL [mg/m^3]
# name 8 = flECO-AFL1: Fluorescence, WET Labs ECO-AFL/FL, 2 [mg/m^3]
# name 9 = flECO-AFL2: Fluorescence, WET Labs ECO-AFL/FL, 3 [mg/m^3]
# name 10 = par/sat/log: PAR/Logarithmic, Satlantic
# name 11 = turbWETntu0: Turbidity, WET Labs ECO [NTU]
# name 12 = prdM: Pressure, Strain Gauge [db]
# name 13 = prdE: Pressure, Strain Gauge [psi]
# name 14 = tv290C: Temperature [ITS-90, deg C]
# name 15 = flag:  0.000e+00
# span 0 =     -0.709,      7.366       
# span 1 =     -0.192,      0.092       
# span 2 =    -0.6005,    11.3326       
# span 3 =     -6.397,    131.204       
# span 4 =     29.053,    462.583       
# span 5 =  25.449715, 443.713077       
# span 6 =    -4.5000,    32.6700       
# span 7 =     0.1770,    20.0633       
# span 8 =    -2.1300,     3.7914       
# span 9 =    -3.0033,     9.3483       
# span 10 = 1.8467e-01, 2.1453e+03      
# span 11 =    -0.6570,     9.7211      
# span 12 =     -0.695,      7.223      
# span 13 =     -1.008,     10.477      
# span 14 =    10.5708,    23.4146      
# span 15 = 0.0000e+00, 0.0000e+00      
# interval = seconds: 0.25
# start_time = Jun 03 2024 07:49:27 [Instrument's time stamp, header]
# bad_flag = -9.990e-29
*END*
[from data line 814]
      2.307      0.038    -0.5091     -2.510     31.743  27.359694    28.8900     2.4735     0.1704     5.9220 1.7497e+00     2.0169      2.262      3.281    18.3411 0.0000e+00
      2.317      0.038    -0.4409     -1.869     31.956  27.502605    27.8100     2.1721     0.1278     4.5684 1.6790e+00     2.1528      2.272      3.295    18.2937 0.0000e+00
      2.327      0.038    -0.3700     -1.293     32.203  27.678918    27.8100     2.1683     0.1278     4.5684 1.6375e+00     2.1075      2.282      3.310    18.2350 0.0000e+00
      2.337      0.038    -0.3014     -0.801     32.489  27.891838    27.8100     2.1798     0.1278     4.5684 1.5992e+00     2.1830      2.292      3.324    18.1654 0.0000e+00
      2.347      0.038    -0.2366     -0.412     32.797  28.122473    27.8100     2.1569     0.1278     4.5684 1.5631e+00     2.0924      2.302      3.338    18.0950 0.0000e+00
      2.356      0.037    -0.1763     -0.125     33.142  28.378559    27.8100     2.0348     0.1278     4.5684 1.5692e+00     1.7903      2.311      3.352    18.0309 0.0000e+00
      2.365      0.037    -0.1220      0.082     33.528  28.662668    27.3600     2.0691     0.1278     1.2267 1.5692e+00     1.9111      2.320      3.365    17.9744 0.0000e+00
      2.374      0.037    -0.0756      0.238     33.923  28.948999    27.3600     2.0577     0.1278     1.2267 1.5479e+00     1.9262      2.329      3.377    17.9242 0.0000e+00
      2.384      0.037    -0.0388      0.364     34.296  29.214332    27.3600     2.0272     0.1278     1.2267 1.5308e+00     1.8809      2.338      3.390    17.8736 0.0000e+00
      2.393      0.037    -0.0116      0.474     34.608  29.429845    27.3600     1.6228     0.1278     1.2267 1.4594e+00     1.5939      2.347      3.404    17.8147 0.0000e+00
      2.403      0.038     0.0080      0.580     34.841  29.585297    27.3600     1.6152     0.1278     0.9729 1.4206e+00     1.6241      2.357      3.417    17.7458 0.0000e+00
      2.413      0.039     0.0229      0.685     35.024  29.706205    27.3600     1.6075     0.1278     0.9729 1.3922e+00     1.5637      2.366      3.432    17.6702 0.0000e+00
      2.423      0.039     0.0349      0.781     35.165  29.798921    27.3600     1.6075     0.1278     0.9729 1.3958e+00     1.6996      2.376      3.446    17.5925 0.0000e+00
      2.433      0.040     0.0454      0.861     35.266  29.864271    27.3600     1.2451     0.1278     0.9729 1.3685e+00     1.0652      2.386      3.460    17.5196 0.0000e+00
      2.443      0.040     0.0556      0.927     35.354  29.921673    27.6300     1.2337     0.1278     1.2267 1.3350e+00     1.2011      2.396      3.475    17.4571 0.0000e+00
      2.453      0.039     0.0657      0.982     35.449  29.984440    27.6300     1.2375     0.1278     1.2267 1.3208e+00     1.2011      2.406      3.489    17.4068 0.0000e+00
      2.463      0.038     0.0749      1.030     35.573  30.067321    27.6300     1.2299     0.1278     1.2267 1.2257e+00     1.1256      2.416      3.504    17.3679 0.0000e+00
      2.473      0.037     0.0827      1.077     35.705  30.150592    27.6300     0.9857     0.1278     1.2267 1.1726e+00     0.5817      2.426      3.518    17.3381 0.0000e+00
      2.483      0.036     0.0891      1.121     35.828  30.222601    27.8100     1.0124     0.1278     2.5803 1.2041e+00     0.7328      2.435      3.532    17.3135 0.0000e+00
      2.492      0.035     0.0944      1.162     35.970  30.306533    27.8100     1.0163     0.1278     2.5803 1.1795e+00     0.6422      2.444      3.545    17.2891 0.0000e+00
      2.500      0.033     0.0991      1.204     36.087  30.367012    27.8100     0.9972     0.1278     2.5803 1.1414e+00     0.7026      2.452      3.557    17.2586 0.0000e+00
      2.508      0.031     0.1036      1.244     36.116  30.362406    27.8100     0.9934     0.1278     2.5803 1.1347e+00     0.5817      2.460      3.568    17.2192 0.0000e+00
      2.516      0.029     0.1080      1.279     36.063  30.307417    27.8100     0.9934     0.1278     2.5803 1.1499e+00     0.7328      2.468      3.579    17.1743 0.0000e+00
      2.524      0.027     0.1120      1.310     35.982  30.245138    27.9000     0.9934     0.0852     5.6259 1.0936e+00     0.7328      2.475      3.589    17.1250 0.0000e+00
      2.530      0.025     0.1162      1.339     35.926  30.208753    27.9000     0.9781     0.0852     5.6259 1.0601e+00     0.7177      2.481      3.599    17.0725 0.0000e+00
      2.536      0.023     0.1202      1.360     35.899  30.192543    27.9000     0.9476     0.0852     5.6259 1.0869e+00     0.4307      2.487      3.607    17.0314 0.0000e+00
      2.541      0.023     0.1236      1.376     35.903  30.194180    27.9000     0.9285     0.0852     5.6259 1.1127e+00     0.3854      2.492      3.615    17.0171 0.0000e+00
      2.547      0.022     0.1265      1.389     35.972  30.239990    27.9900     0.9438     0.0852     5.7105 1.1281e+00     0.4458      2.497      3.622    17.0254 0.0000e+00
      2.552      0.023     0.1292      1.403     36.131  30.348163    27.9900     0.9285     0.0852     5.7105 1.0827e+00     0.4156      2.503      3.629    17.0401 0.0000e+00
      2.558      0.024     0.1313      1.414     36.370  30.507714    27.9900     0.9400     0.0852     5.7105 1.0813e+00     0.4156      2.508      3.638    17.0494 0.0000e+00
      2.564      0.025     0.1328      1.418     36.652  30.689490    27.9900     0.9590     0.0852     5.7105 1.0396e+00     0.3854      2.514      3.646    17.0473 0.0000e+00
      2.570      0.027     0.1342      1.414     36.907  30.846363    27.9900     0.9476     0.0852     5.4144 1.0272e+00     0.4156      2.521      3.656    17.0305 0.0000e+00
      2.577      0.028     0.1356      1.410     37.090  30.950456    27.9900     0.9362     0.0852     5.4144 1.0464e+00     0.4458      2.527      3.665    16.9959 0.0000e+00
      2.584      0.029     0.1368      1.406     37.216  31.017574    27.9900     0.9247     0.0852     5.4144 9.9969e-01     0.4156      2.535      3.676    16.9394 0.0000e+00
      2.592      0.030     0.1374      1.395     37.301  31.061631    27.9900     0.9323     0.0852     5.4144 1.0252e+00     0.3552      2.542      3.687    16.8653 0.0000e+00
      2.600      0.031     0.1373      1.377     37.348  31.086408    28.0800     0.9285     0.0852     4.6953 9.5323e-01     0.3854      2.550      3.698    16.7884 0.0000e+00
      2.608      0.032     0.1371      1.357     37.385  31.110460    28.0800     0.9362     0.0852     4.6953 9.6848e-01     0.4760      2.557      3.709    16.7220 0.0000e+00
      2.616      0.033     0.1368      1.336     37.431  31.144188    28.0800     0.8789     0.0852     4.6953 9.2628e-01     0.3552      2.565      3.720    16.6704 0.0000e+00
      2.624      0.035     0.1358      1.312     37.493  31.184635    28.0800     0.8713     0.0852     4.6953 9.2467e-01     0.4609      2.573      3.732    16.6342 0.0000e+00
      2.633      0.037     0.1341      1.282     37.575  31.234621    28.0800     0.8522     0.0852     4.6953 9.0322e-01     0.3703      2.582      3.745    16.6137 0.0000e+00
      2.642      0.039     0.1322      1.250     37.661  31.281581    27.9900     0.8827     0.0852     3.8916 9.1408e-01     0.3854      2.591      3.759    16.6051 0.0000e+00
      2.653      0.041     0.1302      1.220     37.727  31.306171    27.9900     0.9094     0.0852     3.8916 8.1217e-01     0.4005      2.601      3.773    16.5982 0.0000e+00
      2.663      0.043     0.1279      1.192     37.780  31.312956    27.9900     0.9514     0.0852     3.8916 8.5491e-01     0.4911      2.612      3.789    16.5842 0.0000e+00
      2.675      0.044     0.1250      1.168     37.837  31.315693    27.9900     0.9514     0.0852     3.8916 8.5714e-01     0.4458      2.623      3.805    16.5599 0.0000e+00
      2.686      0.045     0.1220      1.151     37.889  31.307143    27.9000     0.9362     0.0426     3.0456 8.1429e-01     0.4458      2.635      3.821    16.5267 0.0000e+00
      2.698      0.045     0.1191      1.142     37.928  31.291000    27.9000     0.9247     0.0426     3.0456 7.5318e-01     0.4307      2.647      3.838    16.4866 0.0000e+00
      2.710      0.044     0.1166      1.139     37.979  31.292831    27.9000     0.9285     0.0426     3.0456 6.9364e-01     0.2947      2.658      3.855    16.4381 0.0000e+00
      2.722      0.042     0.1144      1.141     38.029  31.303165    27.9000     0.9285     0.0426     3.0456 7.0045e-01     0.4458      2.669      3.871    16.3785 0.0000e+00
      2.732      0.040     0.1129      1.145     38.059  31.302847    27.8100     0.9362     0.0852     2.4957 7.2492e-01     0.4458      2.680      3.886    16.3110 0.0000e+00
      2.742      0.039     0.1121      1.147     38.084  31.299760    27.8100     0.9285     0.0852     2.4957 6.9033e-01     0.3552      2.689      3.900    16.2464 0.0000e+00
      2.751      0.039     0.1119      1.145     38.120  31.301047    27.8100     0.9323     0.0852     2.4957 6.6790e-01     0.4005      2.698      3.913    16.1935 0.0000e+00
      2.760      0.039     0.1122      1.135     38.153  31.295100    27.8100     0.9247     0.0852     2.4957 6.6906e-01     0.4458      2.707      3.926    16.1530 0.0000e+00
      2.770      0.040     0.1127      1.119     38.169  31.272364    27.8100     0.9285     0.1278     2.3265 6.4719e-01     0.3552      2.716      3.940    16.1204 0.0000e+00
      2.780      0.042     0.1130      1.102     38.172  31.238727    27.8100     0.9209     0.1278     2.3265 6.6718e-01     0.2947      2.726      3.954    16.0890 0.0000e+00
      2.791      0.043     0.1128      1.086     38.166  31.199157    27.8100     0.8370     0.1278     2.3265 6.3493e-01     0.1588      2.737      3.970    16.0525 0.0000e+00
      2.803      0.045     0.1120      1.076     38.162  31.163020    27.8100     0.8293     0.1278     2.3265 6.1980e-01     0.1134      2.749      3.987    16.0091 0.0000e+00
      2.815      0.046     0.1106      1.070     38.159  31.130635    27.8100     0.8179     0.1278     2.3265 6.0214e-01     0.2192      2.761      4.004    15.9618 0.0000e+00
      2.827      0.046     0.1089      1.065     38.133  31.079423    27.9000     0.7988     0.0852     1.9035 6.2263e-01     0.1134      2.772      4.021    15.9143 0.0000e+00
      2.839      0.046     0.1075      1.059     38.074  31.001702    27.9000     0.7569     0.0852     1.9035 5.8346e-01     0.1286      2.784      4.038    15.8688 0.0000e+00
      2.850      0.046     0.1067      1.052     38.009  30.918572    27.9000     0.7569     0.0852     1.9035 5.6475e-01     0.1286      2.795      4.054    15.8264 0.0000e+00
      2.862      0.045     0.1061      1.046     37.961  30.849687    27.9000     0.7492     0.0852     1.9035 5.8156e-01     0.1286      2.807      4.071    15.7865 0.0000e+00
      2.874      0.045     0.1056      1.040     37.929  30.796595    27.9900     0.7454     0.0426     1.5651 5.5635e-01     0.1890      2.818      4.088    15.7474 0.0000e+00
      2.886      0.044     0.1051      1.035     37.913  30.759076    27.9900     0.8789     0.0426     1.5651 5.6157e-01     0.4609      2.829      4.104    15.7078 0.0000e+00
      2.897      0.043     0.1046      1.031     37.921  30.741068    27.9900     0.8675     0.0426     1.5651 5.3944e-01     0.4005      2.840      4.120    15.6681 0.0000e+00
      2.907      0.042     0.1040      1.027     37.940  30.731791    27.9900     0.8827     0.0426     1.5651 5.4854e-01     0.4156      2.851      4.135    15.6296 0.0000e+00
      2.917      0.041     0.1035      1.023     37.952  30.718814    27.9900     0.8522     0.0852     1.3959 5.2991e-01     0.4156      2.861      4.150    15.5939 0.0000e+00
      2.928      0.041     0.1031      1.021     37.957  30.700667    27.9900     0.8179     0.0852     1.3959 5.0452e-01     0.2343      2.871      4.164    15.5610 0.0000e+00
      2.938      0.040     0.1028      1.019     37.953  30.674501    27.9900     0.8217     0.0852     1.3959 5.1025e-01     0.0379      2.881      4.179    15.5290 0.0000e+00
      2.948      0.040     0.1025      1.016     37.939  30.641305    27.9900     0.8255     0.0852     1.3959 4.8275e-01     0.1739      2.891      4.193    15.4973 0.0000e+00
      2.958      0.038     0.1021      1.011     37.934  30.618116    28.0800     0.8141     0.0852     1.3113 4.9239e-01     0.1890      2.901      4.208    15.4668 0.0000e+00
      2.969      0.037     0.1019      1.003     37.945  30.612691    28.0800     0.7950     0.0852     1.3113 4.6534e-01     0.4156      2.911      4.222    15.4373 0.0000e+00
      2.978      0.034     0.1018      0.995     37.958  30.615615    28.0800     0.8026     0.0852     1.3113 4.7732e-01     0.4156      2.921      4.236    15.4077 0.0000e+00
      2.987      0.032     0.1016      0.989     37.987  30.635636    28.0800     0.8217     0.0852     1.3113 4.8024e-01     0.3854      2.929      4.249    15.3789 0.0000e+00
      2.995      0.029     0.1011      0.986     38.033  30.672118    28.0800     0.7950     0.0852     1.3113 4.5327e-01     0.3552      2.937      4.259    15.3536 0.0000e+00
      3.001      0.027     0.1004      0.982     38.076  30.704914    27.9900     0.6958     0.0852     1.1421 4.5951e-01     0.1588      2.943      4.268    15.3348 0.0000e+00
      3.007      0.025     0.0996      0.976     38.114  30.730821    27.9900     0.6958     0.0852     1.1421 4.8243e-01     0.1588      2.948      4.276    15.3242 0.0000e+00
      3.012      0.025     0.0990      0.967     38.128  30.734839    27.9900     0.7035     0.0852     1.1421 5.0386e-01     0.1437      2.954      4.284    15.3205 0.0000e+00
      3.018      0.025     0.0987      0.957     38.105  30.710073    27.9900     0.7149     0.0852     1.1421 4.7722e-01     0.1437      2.960      4.293    15.3195 0.0000e+00
      3.025      0.026     0.0984      0.946     38.094  30.697716    27.9900     0.6806     0.0852     1.0575 4.7805e-01     0.1286      2.966      4.302    15.3166 0.0000e+00
      3.032      0.027     0.0978      0.935     38.121  30.718373    27.9900     0.6882     0.0852     1.0575 4.7391e-01     0.1286      2.973      4.312    15.3098 0.0000e+00
      3.039      0.029     0.0969      0.921     38.150  30.741705    27.9900     0.7149     0.0852     1.0575 4.7453e-01     0.1286      2.980      4.322    15.3011 0.0000e+00
      3.046      0.030     0.0959      0.911     38.163  30.750032    27.9900     0.6806     0.0852     1.0575 4.8264e-01     0.1134      2.987      4.333    15.2932 0.0000e+00
      3.054      0.031     0.0948      0.908     38.162  30.743584    27.9900     0.6996     0.0852     1.0998 4.8264e-01     0.0681      2.995      4.344    15.2882 0.0000e+00
      3.062      0.032     0.0937      0.910     38.134  30.706700    27.9900     0.6882     0.0852     1.0998 4.7649e-01     0.2494      3.003      4.355    15.2868 0.0000e+00
      3.071      0.033     0.0924      0.911     38.090  30.649461    27.9900     0.7187     0.0852     1.0998 4.9239e-01     0.1890      3.011      4.367    15.2866 0.0000e+00
      3.079      0.034     0.0913      0.913     38.075  30.612367    27.9900     0.6882     0.0852     1.0998 4.8306e-01     0.1588      3.020      4.380    15.2842 0.0000e+00
      3.088      0.035     0.0910      0.918     38.083  30.595484    27.9900     0.6958     0.0852     1.0998 4.5901e-01     0.1134      3.029      4.392    15.2760 0.0000e+00
      3.098      0.036     0.0912      0.925     38.068  30.562442    27.9900     0.7111     0.0852     1.3536 4.7412e-01     0.1437      3.038      4.405    15.2576 0.0000e+00
      3.107      0.037     0.0914      0.929     38.014  30.500446    27.9900     0.6806     0.0852     1.3536 4.7073e-01     0.1437      3.047      4.419    15.2291 0.0000e+00
