Data/DataNotYetUploadedToEDI/Raw_CTD/RawDownloads/060324_fcr10_S7809007.cnv
* Sea-Bird SBE19plus  Data File:
* FileName = C:\R\Reservoirs\Data\DataNotYetUploadedToEDI\Raw_CTD\RawDownloads\052724_bvr50_S7809_0007.hex
* Software version 2.8.0.119
* Temperature SN = 7809
* Conductivity SN = 7809
* System UpLoad Time = Jun 04 2024 12:23:30
* <ApplicationData>
* <Seaterm232>
# nquan = 15
# nvalues = 925                         
# units = specified
# name 0 = depFM: Depth [fresh water, m]
# name 1 = dz/dtM: Descent Rate [m/s]
# name 2 = sbeox0Mg/L: Oxygen, SBE 43 [mg/l]
# name 3 = sbeox0PS: Oxygen, SBE 43 [% saturation]
# name 4 = specc: Specific Conductance [uS/cm]
# name 5 = c0uS/cm: Conductivity [uS/cm]
# name 6 = flECO-AFL: Fluorescence, WET Labs ECO-AFL/FL [mg/m^3]
# name 7 = ph: pH
# name 8 = orp: Oxidation Reduction Potential [mV]
# name 9 = par/sat/log: PAR/Logarithmic, Satlantic
# name 10 = turbWETntu0: Turbidity, WET Labs ECO [NTU]
# name 11 = prdM: Pressure, Strain Gauge [db]
# name 12 = prdE: Pressure, Strain Gauge [psi]
# name 13 = tv290C: Temperature [ITS-90, deg C]
# name 14 = flag:  0.000e+00
# span 0 =     -0.668,      2.006       
# span 1 =     -0.424,      0.175       
# span 2 =     3.9636,     9.4444       
# span 3 =     44.974,    109.835       
# span 4 =      0.479,     42.128       
# span 5 =   0.511136,  40.001346       
# span 6 =    -2.0366,   227.5545       
# span 7 =      1.231,     11.916       
# span 8 = -1235.1903,   552.1717       
# span 9 = 1.8028e+02, 2.5448e+03       
# span 10 =    -7.4224,   132.8277      
# span 11 =     -0.655,      1.968      
# span 12 =     -0.950,      2.854      
# span 13 =    20.6539,    28.3512      
# span 14 = 0.0000e+00, 0.0000e+00      
# interval = seconds: 0.25
# start_time = Jun 03 2024 12:08:29 [Instrument's time stamp, header]
# bad_flag = -9.990e-29
*END*
[from data line 290]
     -0.036      0.001     8.6033    100.814     39.124  37.672295    17.6380      8.355   218.0753 1.8555e+03     5.0045     -0.035     -0.051    23.1540 0.0000e+00
     -0.037      0.001     8.6038    100.830     39.120  37.664796    17.5050      8.355   217.8561 1.8603e+03     4.8805     -0.037     -0.054    23.1543 0.0000e+00
     -0.037      0.001     8.6095    100.841     39.118  37.664682    16.3935      8.355   217.8916 1.8708e+03     4.3750     -0.037     -0.054    23.1535 0.0000e+00
     -0.036      0.001     8.6209    100.815     39.121  37.670912    14.3775      8.355   218.0739 1.8779e+03     3.5715     -0.035     -0.051    23.1494 0.0000e+00
     -0.034      0.002     8.6246    100.745     39.127  37.676674    13.3051      8.354   218.2532 1.8578e+03     3.1592     -0.034     -0.049    23.1384 0.0000e+00
     -0.034      0.002     8.6258    100.690     39.124  37.670897    13.4986      8.353   218.4238 1.8233e+03     3.1131     -0.033     -0.048    23.1314 0.0000e+00
     -0.034      0.001     8.6280    100.679     39.122  37.664514    16.5661      8.353   218.5028 1.8181e+03     2.9453     -0.033     -0.048    23.1366 0.0000e+00
     -0.034      0.000     8.6253    100.703     39.125  37.662945    22.1705      8.353   218.5194 1.8305e+03     2.7363     -0.033     -0.048    23.1437 0.0000e+00
     -0.035      0.000     8.6162    100.778     39.118  37.651920    25.1968      8.353   218.6250 1.8282e+03     2.7044     -0.035     -0.050    23.1426 0.0000e+00
     -0.035     -0.001     8.6117    100.879     39.128  37.658123    25.2325      8.353   218.7472 1.8307e+03     2.9348     -0.034     -0.049    23.1372 0.0000e+00
     -0.034     -0.001     8.6133    100.969     39.149  37.674485    22.5864      8.353   218.7925 1.8329e+03     5.3508     -0.033     -0.048    23.1319 0.0000e+00
     -0.034     -0.001     8.6140    101.047     39.136  37.659378    17.6649      8.352   218.7425 1.8316e+03     9.7814     -0.033     -0.048    23.1257 0.0000e+00
     -0.035      0.000     8.6230    101.117     39.144  37.665818    14.9747      8.352   218.6591 1.8423e+03    12.1999     -0.034     -0.049    23.1201 0.0000e+00
     -0.037      0.001     8.6341    101.176     39.167  37.688901    14.7453      8.353   218.5582 1.8467e+03    12.4584     -0.036     -0.052    23.1159 0.0000e+00
     -0.037      0.002     8.6418    101.211     39.162  37.684654    14.7325      8.353   218.5553 1.8444e+03    12.3942     -0.037     -0.053    23.1116 0.0000e+00
     -0.036      0.002     8.6491    101.196     39.157  37.677928    14.7124      8.353   218.7961 1.8445e+03    11.0815     -0.036     -0.052    23.1071 0.0000e+00
     -0.034      0.002     8.6555    101.118     39.153  37.671023    14.6852      8.352   219.0599 1.8393e+03     8.7139     -0.032     -0.048    23.1058 0.0000e+00
     -0.032      0.002     8.6603    101.036     39.149  37.664622    14.6447      8.351   219.1639 1.8443e+03     7.4740     -0.030     -0.044    23.1082 0.0000e+00
     -0.031      0.001     8.6642    101.019     39.149  37.663989    14.3901      8.350   219.1939 1.8492e+03     7.3280     -0.030     -0.043    23.1091 0.0000e+00
     -0.032      0.000     8.6646    101.059     39.148  37.663363    11.5813      8.350   219.1645 1.8350e+03     6.1295     -0.031     -0.045    23.1062 0.0000e+00
     -0.034     -0.001     8.6560    101.114     39.142  37.657056     6.4192      8.350   219.0655 1.8355e+03     3.8791     -0.033     -0.048    23.1020 0.0000e+00
     -0.034     -0.001     8.6467    101.169     39.137  37.651182     3.6115      8.351   219.0293 1.8530e+03     2.6643     -0.034     -0.049    23.0982 0.0000e+00
     -0.034      0.000     8.6461    101.224     39.143  37.655801     3.3767      8.351   219.0715 1.8563e+03     2.6462     -0.033     -0.048    23.0975 0.0000e+00
     -0.033      0.000     8.6513    101.281     39.138  37.649445     3.6133      8.351   219.0594 1.8530e+03     2.9422     -0.032     -0.047    23.0994 0.0000e+00
     -0.032      0.001     8.6562    101.299     39.128  37.637784     4.0930      8.351   218.9695 1.8332e+03     3.3055     -0.032     -0.046    23.0989 0.0000e+00
     -0.032      0.001     8.6613    101.217     39.132  37.641718     4.3661      8.352   218.5864 1.8040e+03     3.4170     -0.031     -0.045    23.0970 0.0000e+00
     -0.032      0.002     8.6657    101.056     39.124  37.633553     4.5515      8.352   217.6968 1.8046e+03     3.4372     -0.032     -0.046    23.0953 0.0000e+00
     -0.033      0.005     8.6723    100.918     39.095  37.602508     6.2353      8.351   216.7311 1.8173e+03     4.0622     -0.033     -0.047    23.0918 0.0000e+00
     -0.033      0.009     8.6773    100.853     39.082  37.583632     9.3181      8.350   216.1170 1.8122e+03     5.2356     -0.033     -0.047    23.0890 0.0000e+00
     -0.031      0.014     8.6697    100.842     39.101  37.595687    11.0218      8.349   215.9501 1.7770e+03     5.8739     -0.031     -0.045    23.0900 0.0000e+00
     -0.027      0.018     8.6508    100.852     39.131  37.621335    11.3858      8.347   216.0036 1.9919e+03     5.9042     -0.027     -0.039    23.0907 0.0000e+00
     -0.020      0.021     8.6388    100.893     39.147  37.639919    13.9274      8.345   215.8172 2.3570e+03     6.1139     -0.020     -0.029    23.0863 0.0000e+00
     -0.011      0.022     8.6355    101.020     39.132  37.630029    18.6143      8.344   215.5900 2.2386e+03     6.5988     -0.010     -0.014    23.0781 0.0000e+00
     -0.004      0.022     8.6374    101.221     39.067  37.565214    21.1871      8.343   215.6645 1.8297e+03     6.9167     -0.003     -0.004    23.0672 0.0000e+00
     -0.000      0.019     8.6398    101.425     39.005  37.490788    21.3896      8.342   215.8580 1.6586e+03     6.9174     -0.001     -0.001    23.0622 0.0000e+00
      0.005      0.013     8.6385    101.592     39.030  37.491588    21.0454      8.341   215.9514 1.6618e+03     6.7439      0.004      0.006    23.0666 0.0000e+00
      0.010      0.007     8.6490    101.748     39.075  37.511404    17.1589      8.341   215.9334 1.7064e+03     6.0829      0.011      0.016    23.0772 0.0000e+00
      0.012      0.002     8.6686    101.954     39.055  37.476532    10.0462      8.340   215.9848 1.8142e+03     5.0402      0.014      0.020    23.0803 0.0000e+00
      0.010     -0.002     8.6913    102.219     39.038  37.450659     6.2168      8.337   216.0555 1.8662e+03     4.5547      0.011      0.016    23.0556 0.0000e+00
      0.006     -0.005     8.7104    102.487     39.049  37.452375     6.3563      8.336   215.9285 1.8166e+03     4.6533      0.005      0.008    23.0228 0.0000e+00
      0.002     -0.007     8.7259    102.719     39.039  37.433825    11.6748      8.336   215.7398 1.7694e+03     5.8228      0.001      0.001    22.9917 0.0000e+00
     -0.000     -0.007     8.7473    102.944     39.032  37.416718    21.4909      8.336   215.6673 1.7503e+03     8.0371     -0.002     -0.002    22.9694 0.0000e+00
     -0.000     -0.008     8.7732    103.174     39.067  37.435885    26.8374      8.336   215.8256 1.7328e+03     9.2911     -0.000     -0.001    22.9627 0.0000e+00
      0.000     -0.011     8.8005    103.395     39.119  37.475185    27.1132      8.336   216.1914 1.7191e+03     9.3708      0.002      0.002    22.9495 0.0000e+00
     -0.000     -0.015     8.8205    103.640     39.145  37.511147    24.7007      8.334   216.5624 1.7267e+03     8.3853      0.001      0.003    22.9372 0.0000e+00
     -0.005     -0.019     8.8400    103.906     39.160  37.553441    20.1816      8.332   216.8690 1.6783e+03     6.4967     -0.004     -0.005    22.9309 0.0000e+00
     -0.014     -0.023     8.8662    104.096     39.184  37.605866    17.7009      8.332   217.0603 1.5936e+03     5.4932     -0.014     -0.020    22.9066 0.0000e+00
     -0.023     -0.025     8.8867    104.090     39.188  37.637424    17.2534      8.332   217.0678 1.6202e+03     5.4421     -0.024     -0.034    22.8798 0.0000e+00
     -0.031     -0.022     8.9046    103.883     39.146  37.617767    14.6635      8.332   217.0463 1.7463e+03     5.1947     -0.030     -0.044    22.8997 0.0000e+00
     -0.036     -0.016     8.9230    103.560     39.081  37.558589     9.9412      8.332   217.1446 1.8612e+03     4.6544     -0.035     -0.051    22.9447 0.0000e+00
     -0.041     -0.008     8.9382    103.152     39.032  37.493008     7.3566      8.332   217.2244 1.9229e+03     4.3067     -0.040     -0.058    22.9807 0.0000e+00
     -0.043     -0.002     8.9315    102.705     39.032  37.459357     7.1087      8.332   217.3222 1.9236e+03     4.2698     -0.044     -0.063    23.0198 0.0000e+00
     -0.041      0.002     8.9035    102.356     39.077  37.468939     6.9695      8.332   217.4663 1.8530e+03     4.4479     -0.042     -0.061    23.0494 0.0000e+00
     -0.036      0.004     8.8753    102.261     39.107  37.481908     6.7474      8.332   217.5900 1.8148e+03     4.7859     -0.034     -0.049    23.0572 0.0000e+00
     -0.031      0.004     8.8438    102.487     39.107  37.489223     6.6202      8.332   217.6997 1.8473e+03     4.9753     -0.029     -0.042    23.0331 0.0000e+00
     -0.031      0.003     8.8095    102.934     39.100  37.493946     6.5885      8.331   217.7607 1.8380e+03     4.9272     -0.029     -0.043    22.9785 0.0000e+00
     -0.034      0.001     8.7828    103.395     39.079  37.475585     6.5886      8.331   217.8113 1.8101e+03     4.8536     -0.033     -0.048    22.9280 0.0000e+00
     -0.036     -0.001     8.7757    103.721     39.062  37.457579     6.7707      8.330   217.7956 1.8213e+03     4.8376     -0.036     -0.052    22.9046 0.0000e+00
     -0.036     -0.001     8.7951    103.920     39.070  37.466595     7.1010      8.330   217.7429 1.8564e+03     4.8021     -0.036     -0.052    22.9238 0.0000e+00
     -0.035     -0.001     8.8371    104.055     39.058  37.457691     7.2779      8.332   217.7764 1.8654e+03     4.7315     -0.034     -0.049    22.9499 0.0000e+00
     -0.034     -0.001     8.8826    104.101     39.014  37.413383     7.3453      8.334   217.9423 1.8382e+03     4.8026     -0.033     -0.047    22.9445 0.0000e+00
     -0.034     -0.001     8.9111    104.004     38.985  37.375048     8.1074      8.335   218.1993 1.8228e+03     6.2768     -0.033     -0.047    22.9368 0.0000e+00
     -0.035     -0.001     8.9234    103.798     39.005  37.374894     9.5423      8.335   218.3886 1.8188e+03     9.0293     -0.034     -0.049    22.9420 0.0000e+00
     -0.036     -0.001     8.9355    103.582     39.068  37.411502    10.3372      8.335   218.4244 1.8164e+03    10.5161     -0.036     -0.052    22.9495 0.0000e+00
     -0.036     -0.002     8.9432    103.471     39.114  37.436906    10.4187      8.335   218.3747 1.8348e+03    10.4870     -0.037     -0.053    22.9463 0.0000e+00
     -0.036     -0.002     8.9350    103.530     39.110  37.428210    10.6038      8.335   218.3902 1.8555e+03     9.2929     -0.036     -0.053    22.9322 0.0000e+00
     -0.036     -0.002     8.9187    103.758     39.108  37.433253    10.9687      8.335   218.4386 1.8475e+03     7.2828     -0.035     -0.050    22.9086 0.0000e+00
     -0.036     -0.003     8.9018    104.076     39.096  37.434434    11.2016      8.335   218.4432 1.8436e+03     6.3362     -0.035     -0.051    22.8719 0.0000e+00
     -0.037     -0.003     8.8956    104.362     39.027  37.379055    11.3975      8.335   218.4466 1.8598e+03     6.6266     -0.037     -0.053    22.8424 0.0000e+00
     -0.040     -0.002     8.9013    104.535     38.981  37.334785    13.2870      8.336   218.4797 1.8728e+03    10.5546     -0.038     -0.056    22.8377 0.0000e+00
     -0.041     -0.001     8.9213    104.593     39.005  37.343350    16.7688      8.337   218.5859 1.8649e+03    17.8600     -0.041     -0.061    22.8505 0.0000e+00
     -0.041      0.001     8.9496    104.601     39.041  37.355678    18.7123      8.337   218.7841 1.8489e+03    21.8541     -0.042     -0.060    22.8711 0.0000e+00
     -0.040      0.003     8.9738    104.612     39.065  37.356905    19.2168      8.337   219.0688 1.8359e+03    21.9546     -0.039     -0.057    22.8888 0.0000e+00
     -0.037      0.003     8.9887    104.649     39.076  37.358153    22.6850      8.337   219.3608 1.8056e+03    18.4941     -0.037     -0.053    22.8903 0.0000e+00
     -0.035      0.003     8.9940    104.719     39.076  37.370746    29.0101      8.338   219.4753 1.7797e+03    12.0211     -0.035     -0.050    22.8684 0.0000e+00
     -0.035      0.002     8.9996    104.838     39.066  37.382280    32.4630      8.339   219.5074 1.7914e+03     8.5253     -0.034     -0.050    22.8351 0.0000e+00
     -0.035      0.001     9.0043    104.985     39.043  37.370742    32.7806      8.339   219.6628 1.8121e+03     8.3025     -0.034     -0.049    22.8036 0.0000e+00
     -0.036      0.000     9.0123    105.113     39.035  37.358167    32.7917      8.339   219.8052 1.8073e+03     8.4051     -0.035     -0.050    22.7839 0.0000e+00
     -0.037 -1.385e-10     9.0125    105.196     39.045  37.357129    32.4392      8.339   219.9388 1.8102e+03     9.4579     -0.036     -0.052    22.8064 0.0000e+00
     -0.037 -1.524e-09     9.0164    105.204     39.051  37.358170    31.7723      8.339   220.0735 1.8295e+03    11.4670     -0.036     -0.053    22.8480 0.0000e+00
     -0.036 -1.676e-08     9.0295    105.152     39.065  37.370757    31.4040      8.340   220.0574 1.8319e+03    12.6111     -0.035     -0.052    22.8615 0.0000e+00
     -0.036 -1.844e-07     9.0417    105.062     39.077  37.382409    31.3644      8.342   220.0014 1.8224e+03    12.8042     -0.035     -0.051    22.8490 0.0000e+00
     -0.036 -1.844e-07     9.0550    104.958     39.063  37.372140    31.3358      8.342   220.0849 1.8202e+03    13.1535     -0.035     -0.051    22.8294 0.0000e+00
     -0.036 -1.646e-08     9.0547    104.861     39.060  37.373501    31.2665      8.342   220.2934 1.8327e+03    13.6576     -0.035     -0.051    22.8248 0.0000e+00
     -0.036 1.8628e-09     9.0494    104.762     39.083  37.398872    31.2080      8.342   220.4566 1.8416e+03    13.8774     -0.036     -0.052    22.8274 0.0000e+00
     -0.036 3.7117e-08     9.0418    104.675     39.110  37.425085    31.1613      8.343   220.5106 1.8360e+03    13.8983     -0.036     -0.052    22.8244 0.0000e+00
     -0.036 4.0980e-07     9.0303    104.611     39.120  37.436622    30.7524      8.343   220.6011 1.8333e+03    14.3198     -0.035     -0.051    22.8288 0.0000e+00
     -0.036      0.000     9.0223    104.554     39.087  37.411457    30.0010      8.343   220.7766 1.8291e+03    15.1138     -0.036     -0.052    22.8370 0.0000e+00
     -0.036      0.000     9.0118    104.471     39.038  37.374652    29.5833      8.343   220.9985 1.8220e+03    15.5396     -0.036     -0.052    22.8404 0.0000e+00
     -0.036      0.001     9.0044    104.353     39.028  37.372353    29.5568      8.343   221.1330 1.8379e+03    15.5740     -0.036     -0.052    22.8397 0.0000e+00
     -0.036      0.001     8.9993    104.258     39.038  37.383682    29.8471      8.343   221.0259 1.8545e+03    16.0425     -0.036     -0.052    22.8398 0.0000e+00
     -0.036      0.001     8.9935    104.220     39.046  37.384723    30.3878      8.344   220.9086 1.8519e+03    16.9340     -0.035     -0.051    22.8496 0.0000e+00
     -0.035      0.001     8.9856    104.220     39.057  37.384924    30.6838      8.344   221.0051 1.8512e+03    17.4031     -0.035     -0.050    22.8649 0.0000e+00
     -0.034      0.001     8.9695    104.253     39.068  37.386097    30.8128      8.345   221.1601 1.8446e+03    17.3422     -0.034     -0.049    22.8773 0.0000e+00
     -0.034      0.001     8.9606    104.333     39.088  37.398894    32.0312      8.346   221.2337 1.8432e+03    16.3682     -0.034     -0.049    22.8785 0.0000e+00
