Data/DataNotYetUploadedToEDI/Raw_CTD/RawDownloads/060324_fcr50_S7809011.cnv
* Sea-Bird SBE19plus  Data File:
* FileName = C:\R\Reservoirs\Data\DataNotYetUploadedToEDI\Raw_CTD\RawDownloads\052724_bvr50_S7809_0011.hex
* Software version 2.8.0.119
* Temperature SN = 7809
* Conductivity SN = 7809
* System UpLoad Time = Jun 04 2024 12:25:55
* <ApplicationData>
* <Seaterm232>
# nquan = 15
# nvalues = 2060                        
# units = specified
# name 0 = depFM: Depth [fresh water, m]
# name 1 = dz/dtM: Descent Rate [m/s]
# name 2 = sbeox0Mg/L: Oxygen, SBE 43 [mg/l]
# name 3 = sbeox0PS: Oxygen, SBE 43 [% saturation]
# name 4 = specc: Specific Conductance [uS/cm]
# name 5 = c0uS/cm: Conductivity [uS/cm]
# name 6 = flECO-AFL: Fluorescence, WET Labs ECO-AFL/FL [mg/m^3]
# name 7 = ph: pH
# name 8 = orp: Oxidation Reduction Potential [mV]
# name 9 = par/sat/log: PAR/Logarithmic, Satlantic
# name 10 = turbWETntu0: Turbidity, WET Labs ECO [NTU]
# name 11 = prdM: Pressure, Strain Gauge [db]
# name 12 = prdE: Pressure, Strain Gauge [psi]
# name 13 = tv290C: Temperature [ITS-90, deg C]
# name 14 = flag:  0.000e+00
# span 0 =     -0.674,      9.098       
# span 1 =     -0.535,      0.227       
# span 2 =     2.9181,     8.9013       
# span 3 =     27.604,    102.069       
# span 4 =      0.618,     45.012       
# span 5 =   0.573950,  38.017345       
# span 6 =    -0.2995,     6.5557       
# span 7 =      7.672,      9.329       
# span 8 = -1240.7455,   317.5782       
# span 9 = 1.2361e-01, 2.9860e+03       
# span 10 =    -0.1421,    28.3691      
# span 11 =     -0.661,      8.922      
# span 12 =     -0.959,     12.941      
# span 13 =    11.1556,    23.6945      
# span 14 = 0.0000e+00, 0.0000e+00      
# interval = seconds: 0.25
# start_time = Jun 03 2024 13:08:42 [Instrument's time stamp, header]
# bad_flag = -9.990e-29
*END*
[from data line 1832]
      9.098     -0.002     7.2600     66.133     44.960  32.595737     1.3389      7.807   302.7839 1.2374e-01    20.7464      8.922     12.940    11.2432 0.0000e+00
      9.098     -0.002     7.2582     66.132     44.930  32.571608     1.3597      7.807   302.8445 1.2372e-01    21.1853      8.922     12.940    11.2439 0.0000e+00
      9.097     -0.003     7.2518     66.122     44.915  32.557870     1.3700      7.806   303.2345 1.2370e-01    21.5228      8.922     12.940    11.2451 0.0000e+00
      9.096     -0.004     7.2512     66.107     44.917  32.556509     1.3800      7.806   304.7460 1.2371e-01    21.6500      8.920     12.937    11.2469 0.0000e+00
      9.094     -0.004     7.2492     66.109     44.918  32.555148     1.3891      7.805   307.0104 1.2371e-01    21.6308      8.918     12.934    11.2481 0.0000e+00
      9.092     -0.003     7.2513     66.116     44.899  32.541409     1.3962      7.805   307.2104 1.2369e-01    21.3929      8.917     12.932    11.2455 0.0000e+00
      9.092     -0.001     7.2504     66.111     44.861  32.517289     1.4079      7.805   305.3576 1.2376e-01    21.0281      8.916     12.931    11.2404 0.0000e+00
      9.092      0.001     7.2478     66.096     44.856  32.517280     1.4313      7.805   304.2253 1.2384e-01    20.8410      8.915     12.930    11.2380 0.0000e+00
      9.093      0.001     7.2492     66.088     44.889  32.541295     1.4540      7.805   303.8442 1.2385e-01    20.8727      8.917     12.933    11.2354 0.0000e+00
      9.095     -0.001     7.2515     66.098     44.912  32.553890     1.4489      7.805   305.9973 1.2384e-01    20.8661      8.919     12.936    11.2342 0.0000e+00
      9.095     -0.005     7.2496     66.118     44.907  32.542679     1.4119      7.805   310.5561 1.2384e-01    20.7606      8.920     12.937    11.2399 0.0000e+00
      9.094     -0.013     7.2458     66.108     44.902  32.532611     1.3727      7.805   312.3309 1.2385e-01    20.6559      8.919     12.936    11.2458 0.0000e+00
      9.092     -0.025     7.2451     66.057     44.942  32.559038     1.3579      7.806   312.1414 1.2378e-01    20.5219      8.918     12.934    11.2456 0.0000e+00
      9.087     -0.043     7.2465     66.004     45.001  32.608448     1.2667      7.807   312.3949 1.2368e-01    19.5511      8.914     12.928    11.2404 0.0000e+00
      9.077     -0.067     7.2527     65.993     45.000  32.622488     1.0771      7.808   311.6958 1.2368e-01    17.8000      8.902     12.912    11.2308 0.0000e+00
      9.062     -0.090     7.2542     66.017     44.954  32.601935     0.9623      7.808   312.1205 1.2372e-01    16.8725      8.888     12.893    11.2211 0.0000e+00
      9.036     -0.107     7.2467     66.028     44.959  32.613716     0.9446      7.807   315.2931 1.2376e-01    16.7396      8.868     12.862    11.2168 0.0000e+00
      8.995     -0.116     7.2381     66.031     44.985  32.638063     0.9544      7.806   317.2750 1.2382e-01    16.3988      8.824     12.798    11.2245 0.0000e+00
      8.949     -0.118     7.2327     66.046     44.983  32.642544     0.9719      7.805   316.9822 1.2378e-01    15.8608      8.770     12.721    11.2457 0.0000e+00
      8.914     -0.117     7.2367     66.066     45.003  32.667909     0.9650      7.805   315.7969 1.2371e-01    15.5625      8.735     12.669    11.2618 0.0000e+00
      8.894     -0.116     7.2359     66.116     45.010  32.690994     0.9464      7.804   313.9568 1.2375e-01    15.5586      8.721     12.648    11.2681 0.0000e+00
      8.877     -0.115     7.2327     66.187     44.954  32.667915     0.9461      7.804   312.6290 1.2375e-01    15.5403      8.709     12.631    11.2728 0.0000e+00
      8.853     -0.119     7.2367     66.252     44.915  32.642651     0.9619      7.804   312.2195 1.2375e-01    15.4784      8.685     12.597    11.2795 0.0000e+00
      8.820     -0.127     7.2338     66.312     44.928  32.639306     0.9798      7.804   312.3609 1.2379e-01    15.4255      8.651     12.548    11.2888 0.0000e+00
      8.780     -0.134     7.2366     66.351     44.932  32.627451     0.9795      7.804   312.4457 1.2379e-01    15.3446      8.612     12.491    11.3105 0.0000e+00
      8.737     -0.134     7.2419     66.354     44.943  32.626183     0.9669      7.804   312.6418 1.2379e-01    15.2857      8.568     12.426    11.3408 0.0000e+00
      8.697     -0.128     7.2462     66.342     44.946  32.623969     0.9854      7.803   313.1834 1.2381e-01    15.3619      8.524     12.363    11.3432 0.0000e+00
      8.665     -0.115     7.2585     66.332     44.918  32.600681     1.0284      7.801   311.5944 1.2378e-01    15.5151      8.494     12.320    11.3212 0.0000e+00
      8.641     -0.103     7.2667     66.305     44.918  32.598376     1.0457      7.800   308.2282 1.2376e-01    15.5665      8.474     12.289    11.3022 0.0000e+00
      8.620     -0.096     7.2677     66.272     44.919  32.596088     1.0364      7.800   307.0707 1.2377e-01    15.5398      8.452     12.258    11.2927 0.0000e+00
      8.603     -0.096     7.2649     66.258     44.894  32.573019     1.0149      7.800   308.1827 1.2377e-01    15.4997      8.436     12.235    11.2892 0.0000e+00
      8.585     -0.101     7.2667     66.258     44.908  32.573209     0.9938      7.800   309.6272 1.2381e-01    15.4567      8.422     12.216    11.2875 0.0000e+00
      8.559     -0.108     7.2633     66.251     44.954  32.598376     0.9811      7.799   310.0812 1.2381e-01    15.3956      8.398     12.181    11.2849 0.0000e+00
      8.523     -0.113     7.2582     66.223     44.987  32.623543     0.9698      7.798   308.3380 1.2379e-01    15.3080      8.359     12.123    11.2810 0.0000e+00
      8.486     -0.117     7.2587     66.181     44.977  32.623731     0.9654      7.796   305.5008 1.2377e-01    15.3887      8.318     12.064    11.2770 0.0000e+00
      8.455     -0.119     7.2611     66.159     44.938  32.600661     0.9699      7.796   304.2558 1.2378e-01    15.6533      8.289     12.022    11.2640 0.0000e+00
      8.429     -0.115     7.2637     66.168     44.932  32.598373     0.9822      7.796   304.4698 1.2382e-01    15.8423      8.266     11.989    11.2495 0.0000e+00
      8.402     -0.108     7.2597     66.181     44.927  32.596075     0.9807      7.796   304.5602 1.2379e-01    15.8641      8.241     11.953    11.2541 0.0000e+00
      8.373     -0.103     7.2516     66.196     44.897  32.572883     0.9437      7.796   304.9187 1.2376e-01    15.6785      8.212     11.909    11.2665 0.0000e+00
      8.345     -0.102     7.2467     66.227     44.907  32.571720     0.9008      7.795   305.2771 1.2376e-01    15.4079      8.181     11.865    11.2713 0.0000e+00
      8.320     -0.106     7.2505     66.276     44.939  32.582006     0.8953      7.795   304.5054 1.2374e-01    15.3253      8.157     11.830    11.2727 0.0000e+00
      8.300     -0.114     7.2508     66.332     44.934  32.570349     0.9180      7.795   303.5038 1.2369e-01    15.3627      8.141     11.807    11.2748 0.0000e+00
      8.277     -0.124     7.2509     66.347     44.919  32.557650     0.9264      7.795   303.2339 1.2363e-01    15.3139      8.121     11.779    11.2766 0.0000e+00
      8.243     -0.134     7.2574     66.326     44.914  32.555351     0.9135      7.794   303.3067 1.2361e-01    15.1790      8.087     11.730    11.2652 0.0000e+00
      8.201     -0.141     7.2646     66.328     44.896  32.542560     0.9114      7.793   303.4372 1.2370e-01    15.1324      8.044     11.666    11.2458 0.0000e+00
      8.156     -0.143     7.2764     66.331     44.884  32.529871     0.9255      7.792   304.5542 1.2380e-01    15.1946      7.997     11.599    11.2367 0.0000e+00
      8.113     -0.141     7.2780     66.288     44.889  32.528821     0.9269      7.791   306.4012 1.2384e-01    15.1786      7.952     11.534    11.2366 0.0000e+00
      8.079     -0.139     7.2697     66.217     44.898  32.529861     0.9361      7.790   306.9258 1.2384e-01    15.0765      7.918     11.485    11.2400 0.0000e+00
      8.053     -0.138     7.2727     66.150     44.921  32.542436     0.9786      7.790   306.5959 1.2382e-01    15.0528      7.898     11.455    11.2408 0.0000e+00
      8.028     -0.140     7.2765     66.085     44.941  32.553980     1.0160      7.791   305.9396 1.2375e-01    15.1310      7.876     11.423    11.2357 0.0000e+00
      7.993     -0.144     7.2714     66.012     44.930  32.542550     1.0302      7.792   304.9273 1.2372e-01    15.2026      7.841     11.372    11.2293 0.0000e+00
      7.949     -0.146     7.2628     65.950     44.918  32.531110     1.0252      7.792   306.4878 1.2379e-01    15.2693      7.795     11.307    11.2233 0.0000e+00
      7.903     -0.145     7.2565     65.912     44.936  32.542541     0.9980      7.792   310.1799 1.2380e-01    15.3568      7.749     11.239    11.2190 0.0000e+00
      7.859     -0.145     7.2509     65.857     44.953  32.553876     0.9673      7.789   311.7113 1.2373e-01    15.3726      7.704     11.173    11.2161 0.0000e+00
      7.824     -0.147     7.2429     65.807     44.936  32.541283     0.9626      7.787   311.4098 1.2368e-01    15.3584      7.667     11.120    11.2119 0.0000e+00
      7.800     -0.154     7.2341     65.806     44.902  32.517164     0.9654      7.785   310.4927 1.2374e-01    15.3213      7.649     11.094    11.2080 0.0000e+00
      7.775     -0.164     7.2347     65.801     44.901  32.516030     0.9346      7.785   308.9678 1.2382e-01    15.1969      7.633     11.069    11.2066 0.0000e+00
      7.733     -0.171     7.2279     65.817     44.918  32.527565     0.8982      7.785   309.1483 1.2383e-01    15.1189      7.591     11.009    11.2059 0.0000e+00
      7.672     -0.173     7.2159     65.891     44.921  32.529748     0.8917      7.784   311.0409 1.2378e-01    15.0946      7.525     10.915    11.2059 0.0000e+00
      7.608     -0.173     7.2240     65.984     44.941  32.542426     0.9307      7.784   312.2337 1.2373e-01    15.0743      7.455     10.812    11.2067 0.0000e+00
      7.558     -0.170     7.2198     66.098     44.960  32.553970     1.0040      7.785   312.5574 1.2374e-01    15.0788      7.404     10.738    11.2054 0.0000e+00
      7.528     -0.165     7.2185     66.227     44.945  32.542436     1.0371      7.786   312.6312 1.2378e-01    15.0800      7.380     10.703    11.2048 0.0000e+00
      7.505     -0.157     7.2318     66.316     44.927  32.529862     1.0234      7.786   312.4376 1.2379e-01    15.1227      7.365     10.682    11.2055 0.0000e+00
      7.471     -0.147     7.2398     66.337     44.924  32.528823     1.0374      7.785   311.4216 1.2376e-01    15.3900      7.333     10.635    11.2032 0.0000e+00
      7.422     -0.138     7.2530     66.334     44.925  32.529871     1.0818      7.785   310.4126 1.2374e-01    15.8180      7.280     10.559    11.2000 0.0000e+00
      7.371     -0.131     7.2701     66.317     44.945  32.542541     1.1019      7.784   310.9933 1.2372e-01    16.0285      7.224     10.477    11.1993 0.0000e+00
      7.333     -0.123     7.2823     66.277     44.968  32.555123     1.0895      7.782   311.8174 1.2375e-01    16.0229      7.185     10.419    11.1998 0.0000e+00
      7.313     -0.114     7.2799     66.236     44.972  32.555123     1.0737      7.781   312.2037 1.2380e-01    16.0232      7.169     10.397    11.2016 0.0000e+00
      7.301     -0.105     7.2800     66.197     44.956  32.542531     1.0937      7.781   312.7381 1.2380e-01    16.2705      7.163     10.390    11.2031 0.0000e+00
      7.282     -0.105     7.2801     66.175     44.938  32.529757     1.1395      7.781   311.5671 1.2380e-01    16.7246      7.146     10.364    11.2001 0.0000e+00
      7.252     -0.117     7.2738     66.181     44.936  32.527566     1.1614      7.781   309.0592 1.2380e-01    16.9369      7.112     10.315    11.1946 0.0000e+00
      7.219     -0.137     7.2717     66.205     44.921  32.516031     1.1499      7.780   308.2268 1.2379e-01    16.9240      7.077     10.266    11.1914 0.0000e+00
      7.185     -0.154     7.2655     66.232     44.923  32.517174     1.1093      7.780   308.4720 1.2377e-01    17.0475      7.050     10.224    11.1910 0.0000e+00
      7.143     -0.162     7.2630     66.270     44.955  32.541386     1.0621      7.780   309.1845 1.2379e-01    17.3369      7.012     10.169    11.1913 0.0000e+00
      7.089     -0.162     7.2640     66.305     44.971  32.555018     1.0284      7.780   310.5619 1.2384e-01    17.4852      6.952     10.083    11.1908 0.0000e+00
      7.036     -0.160     7.2683     66.335     44.970  32.555113     1.0099      7.779   309.8100 1.2382e-01    17.4394      6.893      9.998    11.1896 0.0000e+00
      6.996     -0.159     7.2698     66.348     44.953  32.542538     1.0130      7.779   307.0633 1.2377e-01    17.2961      6.856      9.944    11.1891 0.0000e+00
      6.968     -0.161     7.2747     66.289     44.935  32.529860     1.0242      7.779   305.8308 1.2376e-01    17.0842      6.833      9.912    11.1907 0.0000e+00
      6.939     -0.166     7.2793     66.187     44.931  32.528707     1.0371      7.778   306.0926 1.2380e-01    16.9962      6.809      9.876    11.1930 0.0000e+00
      6.901     -0.176     7.2799     66.104     44.928  32.528601     1.0361      7.778   306.7869 1.2385e-01    16.9828      6.773      9.822    11.1940 0.0000e+00
      6.850     -0.189     7.2879     66.038     44.927  32.528582     1.0116      7.778   307.8584 1.2380e-01    16.7864      6.722      9.749    11.1928 0.0000e+00
      6.790     -0.195     7.2781     66.011     44.926  32.528476     0.9990      7.777   308.1219 1.2372e-01    16.4655      6.659      9.659    11.1933 0.0000e+00
      6.729     -0.190     7.2620     66.027     44.925  32.527323     1.0174      7.775   307.3048 1.2372e-01    16.3143      6.599      9.570    11.1970 0.0000e+00
      6.673     -0.176     7.2557     66.052     44.911  32.514645     1.0423      7.774   306.4109 1.2380e-01    16.3244      6.542      9.488    11.1981 0.0000e+00
      6.628     -0.160     7.2464     66.094     44.898  32.502061     1.0511      7.774   305.8326 1.2495e-01    16.1439      6.491      9.415    11.1982 0.0000e+00
      6.601     -0.145     7.2416     66.154     44.900  32.502061     1.0566      7.774   305.3884 1.2624e-01    15.7704      6.469      9.382    11.2003 0.0000e+00
      6.581     -0.134     7.2476     66.199     44.919  32.514644     1.0758      7.774   305.1702 1.2741e-01    15.5669      6.460      9.369    11.2008 0.0000e+00
      6.552     -0.130     7.2487     66.239     44.937  32.527313     1.1003      7.774   306.4641 1.3279e-01    15.5628      6.429      9.326    11.1966 0.0000e+00
      6.512     -0.136     7.2535     66.275     44.939  32.528362     1.1032      7.773   309.1593 1.5226e-01    15.5495      6.383      9.259    11.1922 0.0000e+00
      6.473     -0.149     7.2638     66.290     44.937  32.527324     1.0852      7.773   309.9667 1.7273e-01    15.4398      6.345      9.203    11.1906 0.0000e+00
      6.439     -0.163     7.2665     66.299     44.918  32.514758     1.0751      7.773   308.6549 1.8124e-01    15.3302      6.317      9.161    11.1899 0.0000e+00
      6.399     -0.173     7.2714     66.310     44.901  32.503318     1.0884      7.773   307.5805 1.9774e-01    15.3510      6.279      9.108    11.1893 0.0000e+00
      6.349     -0.177     7.2769     66.310     44.917  32.515893     1.1119      7.772   306.8705 2.2680e-01    15.4182      6.227      9.032    11.1890 0.0000e+00
      6.297     -0.176     7.2774     66.302     44.950  32.539916     1.1022      7.772   308.0723 2.5993e-01    15.3569      6.175      8.955    11.1897 0.0000e+00
      6.246     -0.173     7.2770     66.301     44.952  32.540011     1.0539      7.772   311.0983 2.9304e-01    15.1907      6.125      8.884    11.1906 0.0000e+00
