Data/DataNotYetUploadedToEDI/Raw_CTD/RawDownloads/060324_fcr10_S7809007.cnv
* Sea-Bird SBE19plus  Data File:
* FileName = C:\R\Reservoirs\Data\DataNotYetUploadedToEDI\Raw_CTD\RawDownloads\052724_bvr50_S7809_0007.hex
* Software version 2.8.0.119
* Temperature SN = 7809
* Conductivity SN = 7809
* System UpLoad Time = Jun 04 2024 12:23:30
* <ApplicationData>
* <Seaterm232>
# nquan = 15
# nvalues = 925                         
# units = specified
# name 0 = depFM: Depth [fresh water, m]
# name 1 = dz/dtM: Descent Rate [m/s]
# name 2 = sbeox0Mg/L: Oxygen, SBE 43 [mg/l]
# name 3 = sbeox0PS: Oxygen, SBE 43 [% saturation]
# name 4 = specc: Specific Conductance [uS/cm]
# name 5 = c0uS/cm: Conductivity [uS/cm]
# name 6 = flECO-AFL: Fluorescence, WET Labs ECO-AFL/FL [mg/m^3]
# name 7 = ph: pH
# name 8 = orp: Oxidation Reduction Potential [mV]
# name 9 = par/sat/log: PAR/Logarithmic, Satlantic
# name 10 = turbWETntu0: Turbidity, WET Labs ECO [NTU]
# name 11 = prdM: Pressure, Strain Gauge [db]
# name 12 = prdE: Pressure, Strain Gauge [psi]
# name 13 = tv290C: Temperature [ITS-90, deg C]
# name 14 = flag:  0.000e+00
# span 0 =     -0.668,      2.006       
# span 1 =     -0.424,      0.175       
# span 2 =     3.9636,     9.4444       
# span 3 =     44.974,    109.835       
# span 4 =      0.479,     42.128       
# span 5 =   0.511136,  40.001346       
# span 6 =    -2.0366,   227.5545       
# span 7 =      1.231,     11.916       
# span 8 = -1235.1903,   552.1717       
# span 9 = 1.8028e+02, 2.5448e+03       
# span 10 =    -7.4224,   132.8277      
# span 11 =     -0.655,      1.968      
# span 12 =     -0.950,      2.854      
# span 13 =    20.6539,    28.3512      
# span 14 = 0.0000e+00, 0.0000e+00      
# interval = seconds: 0.25
# start_time = Jun 03 2024 12:08:29 [Instrument's time stamp, header]
# bad_flag = -9.990e-29
*END*
[from data line 675]
     -0.024     -0.001     8.5356    100.026     39.151  37.704709     2.1331      8.358   225.8708 1.7699e+03     3.9451     -0.025     -0.036    23.1555 0.0000e+00
     -0.024      0.001     8.5380    100.031     39.134  37.685117     2.0107      8.358   225.9735 1.8209e+03     4.0406     -0.025     -0.036    23.1586 0.0000e+00
     -0.023      0.001     8.5475    100.003     39.121  37.667282     1.9947      8.357   226.0455 1.9016e+03     4.0440     -0.023     -0.033    23.1573 0.0000e+00
     -0.022      0.001     8.5542     99.908     39.136  37.679433     2.0053      8.357   226.0521 1.9201e+03     3.9863     -0.021     -0.031    23.1514 0.0000e+00
     -0.022      0.001     8.5552     99.807     39.162  37.705125     2.0650      8.356   226.0540 1.9299e+03     3.9915     -0.021     -0.030    23.1477 0.0000e+00
     -0.022      0.000     8.5564     99.776     39.181  37.724105     2.1090      8.356   226.0686 1.8547e+03     4.0389     -0.021     -0.031    23.1440 0.0000e+00
     -0.022     -0.000     8.5585     99.815     39.175  37.718544     2.1209      8.357   226.1425 1.8414e+03     4.0465     -0.022     -0.031    23.1360 0.0000e+00
     -0.023     -0.000     8.5479     99.919     39.159  37.701347     2.1254      8.357   226.2586 1.9423e+03     3.9814     -0.023     -0.032    23.1316 0.0000e+00
     -0.023     -0.001     8.5350    100.054     39.165  37.706541     2.1381      8.357   226.2677 1.9268e+03     3.9348     -0.022     -0.033    23.1340 0.0000e+00
     -0.023     -0.001     8.5343    100.174     39.179  37.717881     2.1577      8.358   226.2537 1.8132e+03     3.9948     -0.023     -0.032    23.1356 0.0000e+00
     -0.022      0.000     8.5367    100.278     39.174  37.711544     2.1629      8.358   226.3468 1.7662e+03     4.0576     -0.022     -0.032    23.1347 0.0000e+00
     -0.022      0.000     8.5470    100.359     39.157  37.693383     2.1419      8.358   226.3613 1.8412e+03     4.0451     -0.022     -0.031    23.1331 0.0000e+00
     -0.023      0.000     8.5613    100.384     39.152  37.688654     2.1040      8.358   226.2568 1.8814e+03     4.0155     -0.023     -0.033    23.1321 0.0000e+00
     -0.023      0.001     8.5705    100.350     39.180  37.717828     2.0878      8.358   226.2014 1.8542e+03     4.0064     -0.023     -0.034    23.1308 0.0000e+00
     -0.023      0.001     8.5803    100.308     39.190  37.728845     2.1048      8.358   226.2081 1.8397e+03     4.0382     -0.023     -0.033    23.1273 0.0000e+00
     -0.022      0.002     8.5892    100.286     39.153  37.694952     2.1512      8.358   226.1658 1.8242e+03     4.0581     -0.022     -0.032    23.1240 0.0000e+00
     -0.021      0.002     8.5918    100.233     39.144  37.688766     2.2155      8.357   226.1196 1.8761e+03     3.9735     -0.021     -0.030    23.1250 0.0000e+00
     -0.021      0.002     8.5858    100.123     39.172  37.717514     2.2501      8.357   226.1654 1.9268e+03     3.9034     -0.021     -0.030    23.1289 0.0000e+00
     -0.020      0.002     8.5801    100.007     39.178  37.725262     2.2613      8.357   226.2036 1.9184e+03     3.9628     -0.019     -0.029    23.1302 0.0000e+00
     -0.020      0.001     8.5811     99.977     39.169  37.719001     2.2679      8.357   226.2368 1.8722e+03     4.0080     -0.020     -0.028    23.1329 0.0000e+00
     -0.020      0.000     8.5768    100.055     39.154  37.705269     2.2469      8.357   226.3095 1.7882e+03     3.9718     -0.021     -0.030    23.1360 0.0000e+00
     -0.020      0.000     8.5657    100.160     39.137  37.686138     2.2071      8.358   226.2226 1.7705e+03     3.9352     -0.020     -0.029    23.1378 0.0000e+00
     -0.020      0.000     8.5515    100.203     39.134  37.678047     2.1857      8.358   225.8751 1.8183e+03     3.9071     -0.018     -0.027    23.1405 0.0000e+00
     -0.020      0.001     8.5468    100.159     39.131  37.670897     2.1964      8.357   225.1188 1.8509e+03     3.9392     -0.019     -0.027    23.1436 0.0000e+00
     -0.021      0.004     8.5578    100.093     39.128  37.663130     2.2198      8.356   224.0468 1.8318e+03     3.9822     -0.021     -0.031    23.1457 0.0000e+00
     -0.022      0.008     8.5691    100.067     39.120  37.647589     2.2271      8.356   223.3246 1.8176e+03     3.9489     -0.022     -0.032    23.1422 0.0000e+00
     -0.020      0.011     8.5760    100.062     39.093  37.609887     2.2183      8.355   223.0971 1.9339e+03     3.9462     -0.020     -0.029    23.1345 0.0000e+00
     -0.015      0.014     8.5705    100.087     39.086  37.587990     2.2137      8.354   222.9306 1.9917e+03     3.9834     -0.015     -0.022    23.1274 0.0000e+00
     -0.008      0.019     8.5623    100.201     39.087  37.573182     2.2552      8.351   222.6883 1.8689e+03     4.0573     -0.007     -0.010    23.1233 0.0000e+00
     -0.003      0.030     8.5638    100.397     39.025  37.494273     2.3368      8.344   222.4909 1.7714e+03     4.1559     -0.001     -0.003    23.1151 0.0000e+00
     -0.001      0.045     8.5659    100.605     38.955  37.395342     2.3847      8.338   222.3506 1.7925e+03     4.1504      0.000      0.001    23.0986 0.0000e+00
      0.003      0.060     8.5679    100.771     38.931  37.328791     2.4753      8.335   222.1963 1.8603e+03     4.1961     -0.002     -0.003    23.0781 0.0000e+00
      0.019      0.074     8.5818    100.977     38.906  37.260632     3.4488      8.333   222.0888 1.7569e+03     4.9821      0.010      0.015    23.0588 0.0000e+00
      0.052      0.086     8.6037    101.366     38.900  37.205713     5.2332      8.333   222.0825 1.5926e+03     6.3433      0.052      0.077    23.0407 0.0000e+00
      0.086      0.093     8.6310    101.930     38.918  37.172331     6.2062      8.332   222.0348 1.5849e+03     7.0244      0.088      0.128    23.0004 0.0000e+00
      0.112      0.095     8.6543    102.621     38.893  37.110754     6.2166      8.332   221.9413 1.5381e+03     6.9673      0.109      0.158    22.9335 0.0000e+00
      0.133      0.090     8.6717    103.428     38.854  37.032225     5.4084      8.333   221.8989 1.5361e+03     6.5404      0.132      0.192    22.8826 0.0000e+00
      0.152      0.081     8.7183    104.223     38.863  36.984225     3.9332      8.333   221.8672 1.6155e+03     5.8603      0.150      0.217    22.8222 0.0000e+00
      0.169      0.073     8.7836    104.843     38.906  36.974478     3.1284      8.334   221.9014 1.5331e+03     5.5073      0.164      0.238    22.7366 0.0000e+00
      0.189      0.067     8.8453    105.300     38.941  36.977761     3.0522      8.335   222.0548 1.4883e+03     5.4147      0.187      0.270    22.7071 0.0000e+00
      0.208      0.059     8.9271    105.696     38.938  36.960429     3.0287      8.336   222.2591 1.4318e+03     5.2875      0.206      0.299    22.6664 0.0000e+00
      0.224      0.049     9.0203    106.076     38.938  36.955259     2.9355      8.337   222.3921 1.2535e+03     5.2334      0.219      0.317    22.5696 0.0000e+00
      0.236      0.039     9.0826    106.381     38.967  36.978696     2.7911      8.338   222.4588 1.1982e+03     5.2379      0.234      0.339    22.5038 0.0000e+00
      0.244      0.032     9.1251    106.582     38.977  36.989980     2.7315      8.338   222.8076 1.4955e+03     5.2399      0.241      0.350    22.4657 0.0000e+00
      0.246      0.036     9.1597    106.751     38.946  36.964794     2.8465      8.337   223.4260 1.8033e+03     5.2578      0.241      0.350    22.4528 0.0000e+00
      0.247      0.050     9.1959    106.875     38.917  36.927992     4.1571      8.334   223.8274 1.5724e+03     5.5222      0.242      0.351    22.4493 0.0000e+00
      0.251      0.067     9.2274    106.872     38.943  36.925708     6.5753      8.333   223.9606 1.3017e+03     6.0466      0.243      0.352    22.4400 0.0000e+00
      0.267      0.081     9.2378    106.722     38.988  36.937144     7.8981      8.333   223.9190 1.2707e+03     6.3711      0.251      0.364    22.4427 0.0000e+00
      0.305      0.088     9.2518    106.485     39.017  36.939312     7.9162      8.333   223.8401 1.4144e+03     6.3715      0.296      0.429    22.4578 0.0000e+00
      0.350      0.087     9.2673    106.249     39.047  36.951878     6.8277      8.334   223.8670 1.6252e+03     6.1193      0.353      0.512    22.4507 0.0000e+00
      0.378      0.078     9.2757    106.029     39.070  36.962157     4.8406      8.337   223.7270 1.4321e+03     5.7473      0.377      0.547    22.4048 0.0000e+00
      0.388      0.065     9.2686    105.777     39.056  36.936674     3.7747      8.341   223.4382 1.0833e+03     5.5976      0.382      0.554    22.3617 0.0000e+00
      0.391      0.052     9.2498    105.483     39.034  36.897556     3.7200      8.343   223.2146 1.0041e+03     5.6759      0.384      0.556    22.3273 0.0000e+00
      0.394      0.047     9.2327    105.178     39.039  36.869872     3.9380      8.344   222.9162 1.0282e+03     5.9422      0.384      0.557    22.3085 0.0000e+00
      0.404      0.052     9.2175    104.838     39.072  36.855722     4.3291      8.346   222.7565 1.3458e+03     6.3233      0.393      0.569    22.2992 0.0000e+00
      0.420      0.063     9.1996    104.440     39.114  36.853307     4.5461      8.348   222.6596 1.7891e+03     6.4922      0.411      0.595    22.2822 0.0000e+00
      0.441      0.073     9.1735    104.038     39.132  36.840619     4.6048      8.349   222.1753 1.6401e+03     6.5495      0.434      0.628    22.2663 0.0000e+00
      0.462      0.080     9.1566    103.673     39.138  36.829169     4.9641      8.351   221.6333 1.2559e+03     7.0166      0.452      0.656    22.2238 0.0000e+00
      0.486      0.083     9.1410    103.378     39.159  36.841744     5.5859      8.353   221.4408 1.0918e+03     7.8017      0.475      0.690    22.1558 0.0000e+00
      0.511      0.084     9.1122    103.169     39.188  36.865752     5.9059      8.355   221.5675 1.0215e+03     8.1842      0.505      0.733    22.0996 0.0000e+00
      0.530      0.083     9.0836    103.028     39.188  36.865628     5.9368      8.358   221.7035 1.0244e+03     8.1576      0.521      0.756    22.0609 0.0000e+00
      0.548      0.083     9.0544    102.970     39.156  36.840245     6.0088      8.360   221.7942 1.0763e+03     8.1297      0.533      0.774    22.0410 0.0000e+00
      0.569      0.082     9.0279    102.984     39.123  36.812672     6.1283      8.361   221.9758 1.0767e+03     8.1206      0.557      0.809    22.0346 0.0000e+00
      0.591      0.080     9.0130    103.003     39.107  36.786054     6.1826      8.362   222.0926 1.0107e+03     8.0813      0.580      0.842    22.0313 0.0000e+00
      0.612      0.078     8.9993    102.994     39.118  36.772204     6.1656      8.364   222.0006 1.0457e+03     7.9959      0.600      0.870    22.0273 0.0000e+00
      0.634      0.078     8.9921    102.915     39.144  36.772083     6.1397      8.366   221.7242 1.1223e+03     7.9075      0.623      0.902    22.0364 0.0000e+00
      0.654      0.078     8.9957    102.758     39.179  36.784555     6.0777      8.366   221.4183 1.0790e+03     7.6280      0.643      0.932    22.0519 0.0000e+00
      0.670      0.079     8.9985    102.569     39.208  36.796074     5.9815      8.366   221.3124 1.0942e+03     7.1440      0.656      0.951    22.0343 0.0000e+00
      0.686      0.082     9.0074    102.366     39.206  36.784433     5.9170      8.367   221.4768 1.1519e+03     6.8722      0.669      0.971    21.9956 0.0000e+00
      0.707      0.085     9.0070    102.186     39.197  36.770695     5.9144      8.368   221.6859 1.1407e+03     6.8009      0.692      1.003    21.9630 0.0000e+00
      0.734      0.088     8.9940    102.063     39.187  36.756861     6.2242      8.370   221.7759 1.0995e+03     6.7268      0.720      1.045    21.9366 0.0000e+00
      0.759      0.091     8.9826    102.013     39.179  36.744067     6.8171      8.371   221.7905 1.0571e+03     6.6592      0.746      1.082    21.9170 0.0000e+00
      0.783      0.091     8.9648    102.035     39.187  36.742907     7.1396      8.373   221.8626 1.0281e+03     6.6320      0.768      1.113    21.9042 0.0000e+00
      0.805      0.087     8.9488    102.086     39.197  36.742812     7.1440      8.374   222.0447 9.4816e+02     6.6031      0.790      1.146    21.8984 0.0000e+00
      0.827      0.082     8.9388    102.097     39.206  36.742907     7.0033      8.375   222.1858 8.6893e+02     6.5143      0.811      1.176    21.8956 0.0000e+00
      0.848      0.078     8.9347    102.007     39.214  36.744052     6.7786      8.377   222.1924 8.3354e+02     6.4462      0.831      1.207    21.8887 0.0000e+00
      0.867      0.075     8.9402    101.773     39.232  36.756639     6.6658      8.377   222.1242 7.9802e+02     6.4288      0.851      1.235    21.8768 0.0000e+00
      0.886      0.073     8.9495    101.425     39.249  36.768185     6.6378      8.377   222.1347 7.9417e+02     6.4065      0.869      1.261    21.8642 0.0000e+00
      0.902      0.071     8.9539    101.042     39.243  36.756744     6.4406      8.377   222.2346 8.0393e+02     6.4157      0.885      1.284    21.8529 0.0000e+00
      0.919      0.069     8.9495    100.648     39.238  36.745209     6.0884      8.377   222.2127 8.2703e+02     6.5070      0.900      1.305    21.8443 0.0000e+00
      0.938      0.069     8.9292    100.223     39.254  36.755603     5.9079      8.378   222.1282 9.7965e+02     6.6218      0.920      1.335    21.8401 0.0000e+00
      0.958      0.071     8.8950     99.748     39.258  36.755500     5.9224      8.378   222.1592 1.0357e+03     6.6415      0.941      1.365    21.8357 0.0000e+00
      0.974      0.075     8.8630     99.209     39.249  36.743963     6.1137      8.379   222.2440 8.3535e+02     6.5749      0.955      1.385    21.8264 0.0000e+00
      0.990      0.079     8.8312     98.641     39.252  36.743020     6.4478      8.380   222.2922 7.1830e+02     6.5337      0.970      1.407    21.8178 0.0000e+00
      1.009      0.083     8.7949     98.135     39.257  36.744089     6.6165      8.382   222.3979 7.4103e+02     6.5528      0.988      1.434    21.8118 0.0000e+00
      1.032      0.086     8.7549     97.695     39.275  36.756875     6.6475      8.382   222.5759 7.3874e+02     6.6358      1.009      1.464    21.8071 0.0000e+00
      1.059      0.088     8.7078     97.225     39.294  36.770710     6.8395      8.382   222.7238 7.1085e+02     6.7849      1.039      1.506    21.8045 0.0000e+00
      1.086      0.089     8.6539     96.693     39.313  36.784451     8.6718      8.383   222.8958 6.7614e+02     8.0836      1.068      1.547    21.7999 0.0000e+00
      1.107      0.089     8.6099     96.143     39.329  36.796102    11.9968      8.384   223.1065 6.8075e+02    10.5193      1.086      1.576    21.7938 0.0000e+00
      1.126      0.088     8.5777     95.627     39.321  36.784680    13.8077      8.384   223.2923 7.4037e+02    11.8438      1.103      1.601    21.7883 0.0000e+00
      1.147      0.086     8.5378     95.163     39.313  36.773250    14.0543      8.383   223.5078 7.5060e+02    12.0059      1.123      1.629    21.7835 0.0000e+00
      1.171      0.086     8.4895     94.715     39.329  36.784799    15.0444      8.383   223.8184 6.8173e+02    12.3772      1.147      1.665    21.7789 0.0000e+00
      1.194      0.086     8.4406     94.187     39.347  36.797397    16.8232      8.383   224.0372 6.3940e+02    12.9844      1.173      1.700    21.7745 0.0000e+00
      1.214      0.085     8.3949     93.507     39.352  36.798666    17.7667      8.384   224.0878 6.0789e+02    13.3019      1.191      1.727    21.7699 0.0000e+00
      1.236      0.083     8.3564     92.761     39.359  36.800136    17.7217      8.384   224.1722 5.8444e+02    13.2791      1.211      1.756    21.7653 0.0000e+00
      1.260      0.081     8.3206     92.117     39.381  36.815155    16.3951      8.384   224.2835 5.9448e+02    12.5725      1.237      1.794    21.7605 0.0000e+00
