Data/DataNotYetUploadedToEDI/Raw_CTD/RawDownloads/060324_fcr30_S7809009.cnv
* Sea-Bird SBE19plus  Data File:
* FileName = C:\R\Reservoirs\Data\DataNotYetUploadedToEDI\Raw_CTD\RawDownloads\052724_bvr50_S7809_0009.hex
* Software version 2.8.0.119
* Temperature SN = 7809
* Conductivity SN = 7809
* System UpLoad Time = Jun 04 2024 12:24:27
* <ApplicationData>
* <Seaterm232>
# nquan = 15
# nvalues = 1101                        
# units = specified
# name 0 = depFM: Depth [fresh water, m]
# name 1 = dz/dtM: Descent Rate [m/s]
# name 2 = sbeox0Mg/L: Oxygen, SBE 43 [mg/l]
# name 3 = sbeox0PS: Oxygen, SBE 43 [% saturation]
# name 4 = specc: Specific Conductance [uS/cm]
# name 5 = c0uS/cm: Conductivity [uS/cm]
# name 6 = flECO-AFL: Fluorescence, WET Labs ECO-AFL/FL [mg/m^3]
# name 7 = ph: pH
# name 8 = orp: Oxidation Reduction Potential [mV]
# name 9 = par/sat/log: PAR/Logarithmic, Satlantic
# name 10 = turbWETntu0: Turbidity, WET Labs ECO [NTU]
# name 11 = prdM: Pressure, Strain Gauge [db]
# name 12 = prdE: Pressure, Strain Gauge [psi]
# name 13 = tv290C: Temperature [ITS-90, deg C]
# name 14 = flag:  0.000e+00
# span 0 =     -0.667,      5.416       
# span 1 =     -0.279,      0.134       
# span 2 =     0.6362,     9.2731       
# span 3 =      6.287,    105.820       
# span 4 =      1.085,     46.031       
# span 5 =   1.024090,  37.510672       
# span 6 =    -0.1316,     9.9702       
# span 7 =      8.218,      8.826       
# span 8 =    -6.4494,   282.2630       
# span 9 = 8.0367e-01, 5.4946e+02       
# span 10 =    -0.0222,   140.6437      
# span 11 =     -0.654,      5.312      
# span 12 =     -0.948,      7.704      
# span 13 =    11.1486,    22.7868      
# span 14 = 0.0000e+00, 0.0000e+00      
# interval = seconds: 0.25
# start_time = Jun 03 2024 12:33:58 [Instrument's time stamp, header]
# bad_flag = -9.990e-29
*END*
[from data line 868]
      4.183     -0.114     5.0229     47.279     44.373  32.627127     3.6370      8.449   280.5058 7.3316e+00    14.8038      4.100      5.947    11.7525 0.0000e+00
      4.162     -0.114     5.0188     47.431     44.421  32.690670     3.4886      8.447   280.5462 7.5052e+00    15.0469      4.081      5.920    11.7456 0.0000e+00
      4.138     -0.114     5.0573     47.470     44.401  32.705692     3.4980      8.447   280.3969 7.7446e+00    15.1335      4.062      5.893    11.7400 0.0000e+00
      4.107     -0.114     5.0979     47.385     44.345  32.681919     3.6342      8.446   280.3356 8.0864e+00    15.0305      4.030      5.844    11.7410 0.0000e+00
      4.070     -0.111     5.1285     47.071     44.305  32.657016     3.8704      8.444   280.4935 8.4205e+00    14.7590      3.989      5.785    11.7543 0.0000e+00
      4.037     -0.102     5.1397     46.390     44.312  32.658366     3.9904      8.443   280.5847 8.6840e+00    14.6176      3.958      5.741    11.7923 0.0000e+00
      4.008     -0.088     5.1373     45.319     44.372  32.698240     3.9937      8.443   280.5780 8.9032e+00    14.7902      3.929      5.699    11.8341 0.0000e+00
      3.986     -0.071     5.1321     44.072     44.445  32.758470     3.9358      8.442   280.6702 9.0189e+00    16.4697      3.903      5.660    11.8516 0.0000e+00
      3.975     -0.052     5.1026     42.911     44.490  32.815626     3.8064      8.439   280.9258 9.0423e+00    19.4840      3.896      5.650    11.8564 0.0000e+00
      3.970     -0.036     5.0347     41.950     44.526  32.881798     3.7193      8.436   281.0876 9.0706e+00    21.1075      3.895      5.649    11.8468 0.0000e+00
      3.964     -0.021     4.9083     41.218     44.610  32.987611     3.7143      8.434   281.0772 9.1194e+00    21.2736      3.887      5.638    11.8384 0.0000e+00
      3.958     -0.014     4.7604     40.687     44.670  33.079962     3.8134      8.433   281.2303 9.1485e+00    21.5953      3.880      5.627    11.8419 0.0000e+00
      3.956     -0.018     4.6304     40.242     44.655  33.110268     3.9847      8.430   281.6484 9.1296e+00    22.0937      3.878      5.625    11.8693 0.0000e+00
      3.958     -0.030     4.5191     39.696     44.609  33.100314     4.0635      8.427   282.0020 9.0796e+00    22.2773      3.881      5.628    11.9230 0.0000e+00
      3.960     -0.047     4.4369     38.856     44.570  33.086521     4.0589      8.426   282.1509 9.1010e+00    22.1758      3.887      5.638    11.9661 0.0000e+00
      3.951     -0.065     4.3775     37.562     44.534  33.070403     4.0701      8.424   282.2436 9.2981e+00    21.2080      3.882      5.631    12.0255 0.0000e+00
      3.924     -0.083     4.3324     35.794     44.487  33.032330     4.2235      8.423   282.2630 9.5919e+00    19.1509      3.851      5.585    12.0820 0.0000e+00
      3.889     -0.099     4.2789     33.790     44.473  33.006843     4.5155      8.422   282.2124 9.8470e+00    17.6618      3.811      5.528    12.0995 0.0000e+00
      3.857     -0.110     4.1937     31.863     44.505  33.015984     4.6797      8.420   282.1479 1.0060e+01    17.2424      3.780      5.483    12.1132 0.0000e+00
      3.829     -0.116     4.0570     30.282     44.515  33.015962     4.6854      8.419   282.0855 1.0256e+01    17.0864      3.755      5.446    12.1327 0.0000e+00
      3.802     -0.118     3.8542     29.295     44.503  33.006570     4.6590      8.417   282.0601 1.0466e+01    16.4587      3.729      5.409    12.1303 0.0000e+00
      3.775     -0.121     3.6289     29.031     44.522  33.029305     4.6181      8.415   282.0139 1.0716e+01    15.3578      3.703      5.370    12.1034 0.0000e+00
      3.746     -0.124     3.4146     29.404     44.503  33.037093     4.5906      8.414   281.8711 1.0984e+01    14.7752      3.674      5.329    12.0852 0.0000e+00
      3.712     -0.124     3.2341     30.197     44.403  32.973868     4.5760      8.413   281.6241 1.1305e+01    14.7093      3.642      5.283    12.0802 0.0000e+00
      3.674     -0.122     3.1214     31.166     44.338  32.899308     4.5501      8.411   281.4358 1.1665e+01    14.8335      3.603      5.226    12.0788 0.0000e+00
      3.636     -0.119     3.0977     32.087     44.394  32.896881     4.5273      8.409   281.4018 1.1928e+01    15.1840      3.560      5.164    12.0821 0.0000e+00
      3.608     -0.116     3.1448     32.844     44.480  32.944466     4.5263      8.407   281.3844 1.2094e+01    15.3948      3.534      5.126    12.1159 0.0000e+00
      3.589     -0.113     3.2358     33.463     44.491  32.967095     4.5448      8.406   281.2260 1.2294e+01    15.4349      3.521      5.108    12.1502 0.0000e+00
      3.564     -0.111     3.3533     34.055     44.485  32.980177     4.6428      8.405   280.8626 1.2573e+01    15.8056      3.499      5.074    12.1097 0.0000e+00
      3.533     -0.114     3.4625     34.648     44.524  33.039219     4.8041      8.404   280.0882 1.2881e+01    16.5295      3.464      5.025    12.0295 0.0000e+00
      3.502     -0.119     3.5449     35.175     44.526  33.110004     4.8980      8.402   279.0901 1.3177e+01    16.9794      3.432      4.978    12.0131 0.0000e+00
      3.472     -0.122     3.6012     35.611     44.441  33.138251     4.9446      8.399   278.7754 1.3497e+01    16.9755      3.407      4.941    12.0520 0.0000e+00
      3.438     -0.120     3.6627     35.951     44.330  33.127082     5.2344      8.397   279.2089 1.3876e+01    16.2772      3.374      4.894    12.0653 0.0000e+00
      3.401     -0.112     3.7304     36.040     44.235  33.101932     5.7479      8.396   279.4260 1.4236e+01    15.0617      3.333      4.834    12.0775 0.0000e+00
      3.370     -0.101     3.7801     35.593     44.164  33.087977     6.0172      8.394   279.1645 1.4497e+01    14.4392      3.301      4.787    12.1646 0.0000e+00
      3.347     -0.088     3.8140     34.533     44.111  33.085284     6.0442      8.392   278.9719 1.4707e+01    14.4208      3.281      4.759    12.2955 0.0000e+00
      3.328     -0.076     3.8473     33.026     44.055  33.069419     6.0653      8.389   278.9035 1.4891e+01    14.3609      3.264      4.733    12.3739 0.0000e+00
      3.313     -0.071     3.8711     31.316     43.972  33.023061     6.1811      8.387   278.7678 1.5015e+01    13.8864      3.247      4.710    12.4125 0.0000e+00
      3.302     -0.074     3.8206     29.656     43.757  32.905443     6.4044      8.387   278.6219 1.5126e+01    13.1235      3.239      4.699    12.4574 0.0000e+00
      3.290     -0.085     3.6955     28.257     43.346  32.725873     6.5334      8.386   278.6887 1.5328e+01    12.7213      3.230      4.685    12.5027 0.0000e+00
      3.270     -0.098     3.5237     27.290     42.951  32.628423     6.5178      8.382   279.0594 1.5665e+01    12.6446      3.211      4.657    12.5371 0.0000e+00
      3.240     -0.108     3.3306     26.820     42.786  32.679055     6.0664      8.379   279.2319 1.6111e+01    11.8204      3.181      4.614    12.5408 0.0000e+00
      3.201     -0.113     3.1465     26.793     42.801  32.767295     5.2035      8.378   278.7949 1.6589e+01    10.1674      3.140      4.554    12.5553 0.0000e+00
      3.162     -0.112     2.9793     27.082     42.866  32.807216     4.7238      8.378   277.9914 1.7008e+01     9.2599      3.096      4.491    12.7067 0.0000e+00
      3.131     -0.107     2.8566     27.574     42.979  32.844511     4.6858      8.377   277.4339 1.7315e+01     9.2174      3.068      4.450    12.9966 0.0000e+00
      3.111     -0.101     2.7935     28.159     43.137  32.900959     4.7105      8.375   277.2158 1.7537e+01     8.9354      3.050      4.424    13.2352 0.0000e+00
      3.094     -0.096     2.7925     28.711     43.256  32.918675     4.7475      8.375   277.0756 1.7760e+01     8.3787      3.034      4.401    13.3154 0.0000e+00
      3.075     -0.096     2.8287     29.176     43.265  32.868301     4.7510      8.374   276.9440 1.8058e+01     8.0543      3.017      4.376    13.2748 0.0000e+00
      3.051     -0.098     2.8873     29.565     43.205  32.799370     4.7370      8.373   276.7428 1.8479e+01     8.0534      2.996      4.345    13.2083 0.0000e+00
      3.020     -0.100     2.9599     29.900     43.170  32.783077     4.7359      8.372   276.5354 1.8961e+01     8.5041      2.963      4.297    13.1421 0.0000e+00
      2.987     -0.103     3.0257     30.180     43.063  32.734747     4.7297      8.370   276.3291 1.9391e+01     9.2681      2.926      4.245    13.0404 0.0000e+00
      2.959     -0.104     3.0796     30.422     42.817  32.595712     4.7117      8.369   276.0557 1.9731e+01     9.6383      2.899      4.206    12.9644 0.0000e+00
      2.938     -0.103     3.1200     30.657     42.601  32.497773     4.7009      8.369   275.8112 2.0036e+01     9.6334      2.882      4.178    12.9415 0.0000e+00
      2.917     -0.097     3.1559     30.925     42.505  32.502278     4.7906      8.367   275.6954 2.0446e+01     9.6530      2.866      4.155    12.9560 0.0000e+00
      2.890     -0.089     3.1808     31.281     42.461  32.523393     4.9728      8.365   275.5155 2.0935e+01     9.7387      2.836      4.113    13.0021 0.0000e+00
      2.859     -0.082     3.2012     31.735     42.395  32.499374     5.0726      8.365   275.0124 2.1338e+01     9.7474      2.800      4.061    13.0523 0.0000e+00
      2.836     -0.080     3.2206     32.275     42.298  32.465654     5.0818      8.365   274.5173 2.1593e+01     9.6550      2.777      4.028    13.1268 0.0000e+00
      2.823     -0.080     3.2359     32.908     42.094  32.369490     5.0677      8.363   274.2615 2.1743e+01     9.6470      2.768      4.014    13.2451 0.0000e+00
      2.813     -0.083     3.2686     33.583     41.730  32.161460     4.9264      8.362   273.8117 2.1960e+01     9.8560      2.762      4.006    13.3170 0.0000e+00
      2.798     -0.090     3.3180     34.251     41.354  31.980552     4.6804      8.361   273.2092 2.2386e+01    10.2003      2.749      3.986    13.3101 0.0000e+00
      2.772     -0.100     3.3685     34.944     41.054  31.895156     4.5408      8.359   272.8271 2.2988e+01    10.3595      2.722      3.947    13.3629 0.0000e+00
      2.737     -0.109     3.4303     35.686     40.860  31.890385     4.5030      8.358   272.6340 2.3664e+01    10.2785      2.684      3.893    13.4522 0.0000e+00
      2.701     -0.112     3.5008     36.538     40.761  31.923028     4.3810      8.355   272.5087 2.4337e+01     9.7328      2.647      3.839    13.5084 0.0000e+00
      2.668     -0.110     3.5549     37.593     40.656  31.909342     4.1818      8.352   272.3452 2.4934e+01     8.7831      2.615      3.791    13.6446 0.0000e+00
      2.641     -0.107     3.6118     38.845     40.518  31.851867     4.0837      8.351   272.1195 2.5405e+01     8.2924      2.587      3.752    13.8455 0.0000e+00
      2.620     -0.103     3.6719     40.240     40.390  31.799097     4.0768      8.351   272.0167 2.5794e+01     8.2402      2.568      3.724    14.0365 0.0000e+00
      2.601     -0.101     3.7407     41.684     40.302  31.778875     4.1070      8.349   272.0482 2.6254e+01     7.8787      2.553      3.703    14.1805 0.0000e+00
      2.577     -0.101     3.8466     43.063     40.242  31.797742     4.1904      8.345   272.0708 2.6922e+01     7.2689      2.531      3.671    14.2430 0.0000e+00
      2.545     -0.101     3.9711     44.358     40.197  31.836976     4.2440      8.341   272.1183 2.7669e+01     6.9815      2.495      3.620    14.3018 0.0000e+00
      2.513     -0.100     4.1108     45.590     40.180  31.872710     4.2480      8.339   272.1922 2.8314e+01     6.9310      2.462      3.571    14.3658 0.0000e+00
      2.487     -0.098     4.2610     46.738     40.206  31.912670     4.2558      8.338   272.1900 2.8854e+01     6.7270      2.437      3.535    14.4114 0.0000e+00
      2.465     -0.093     4.3928     47.795     40.215  31.939515     4.2721      8.338   272.0051 2.9258e+01     6.4626      2.415      3.503    14.4957 0.0000e+00
      2.446     -0.087     4.5118     48.790     40.190  31.943550     4.2860      8.339   271.8488 2.9638e+01     6.3980      2.400      3.480    14.6120 0.0000e+00
      2.426     -0.082     4.6315     49.681     40.180  31.961500     4.2994      8.339   271.8494 3.0135e+01     6.4249      2.382      3.454    14.6813 0.0000e+00
      2.402     -0.078     4.7503     50.428     40.230  32.029686     4.2422      8.338   271.7539 3.0636e+01     6.4462      2.355      3.416    14.6754 0.0000e+00
      2.380     -0.076     4.8505     51.055     40.327  32.133627     4.1027      8.335   271.5555 3.1018e+01     6.5191      2.332      3.383    14.7034 0.0000e+00
      2.363     -0.076     4.9499     51.511     40.362  32.203241     4.0185      8.334   271.4289 3.1357e+01     6.5540      2.317      3.360    14.7437 0.0000e+00
      2.347     -0.075     5.0433     51.787     40.344  32.237031     4.0158      8.333   271.5136 3.1778e+01     6.5955      2.302      3.338    14.7570 0.0000e+00
      2.329     -0.074     5.1055     51.907     40.378  32.288486     4.0203      8.333   271.7193 3.2245e+01     6.6451      2.284      3.314    14.8177 0.0000e+00
      2.310     -0.077     5.1750     51.886     40.467  32.381331     4.0054      8.332   271.7644 3.2719e+01     6.7092      2.264      3.286    14.8254 0.0000e+00
      2.290     -0.085     5.2142     51.863     40.501  32.471470     3.9864      8.329   271.5436 3.3196e+01     6.8931      2.245      3.258    14.8777 0.0000e+00
      2.269     -0.095     5.2277     51.971     40.387  32.553688     3.9894      8.324   271.2004 3.3704e+01     7.0232      2.226      3.228    14.9776 0.0000e+00
      2.246     -0.103     5.2452     52.272     40.097  32.614341     4.0164      8.317   270.8848 3.4314e+01     7.0530      2.204      3.196    14.9707 0.0000e+00
      2.219     -0.103     5.2307     52.873     39.700  32.570778     4.1391      8.310   270.7390 3.5051e+01     7.0826      2.180      3.161    14.9987 0.0000e+00
      2.184     -0.096     5.2197     53.910     39.475  32.534860     4.3404      8.305   270.8135 3.5855e+01     7.0736      2.146      3.111    15.0339 0.0000e+00
      2.147     -0.082     5.2100     55.480     39.614  32.687765     4.4449      8.303   270.8395 3.6459e+01     7.0816      2.101      3.046    15.2170 0.0000e+00
      2.123     -0.063     5.1837     57.579     39.887  32.960422     4.4530      8.300   270.7087 3.6674e+01     7.1439      2.074      3.008    15.6827 0.0000e+00
      2.116     -0.044     5.1923     59.982     39.969  33.167038     4.4229      8.296   270.5227 3.6645e+01     7.4857      2.073      3.007    16.0939 0.0000e+00
      2.118     -0.029     5.2724     62.324     39.894  33.282868     4.3556      8.292   270.3121 3.6580e+01     8.0374      2.078      3.015    16.2651 0.0000e+00
      2.121     -0.025     5.4262     64.376     39.794  33.346056     4.3044      8.291   270.0550 3.6571e+01     8.2468      2.081      3.018    16.2519 0.0000e+00
      2.121     -0.033     5.6411     66.100     39.693  33.360244     4.2867      8.291   269.7368 3.6651e+01     8.2070      2.081      3.019    16.2434 0.0000e+00
      2.116     -0.048     5.8644     67.503     39.598  33.327650     4.2912      8.289   269.4758 3.6898e+01     8.0686      2.079      3.015    16.4760 0.0000e+00
      2.100     -0.061     6.0678     68.598     39.515  33.269241     4.3082      8.286   269.3952 3.7445e+01     7.7693      2.065      2.995    16.7366 0.0000e+00
      2.071     -0.069     6.2443     69.384     39.554  33.288457     4.3179      8.283   269.3646 3.8204e+01     7.5935      2.032      2.948    16.9062 0.0000e+00
      2.041     -0.076     6.3911     69.829     39.731  33.433090     4.3089      8.281   269.1911 3.8755e+01     7.5481      1.996      2.896    17.0537 0.0000e+00
