Data/DataNotYetUploadedToEDI/Raw_CTD/RawDownloads/060324_fcr50_S8188002.cnv
* Sea-Bird SBE19plus  Data File:
* FileName = C:\R\Reservoirs\Data\DataNotYetUploadedToEDI\Raw_CTD\RawDownloads\060324_bvr50_S78188_0002.hex
* Software version 2.8.0.119
* Temperature SN = 8188
* Conductivity SN = 8188
* System UpLoad Time = Jun 20 2024 16:35:00
* <ApplicationData>
* <Seaterm232>
# nquan = 16
# nvalues = 1820                        
# units = specified
# name 0 = depFM: Depth [fresh water, m]
# name 1 = dz/dtM: Descent Rate [m/s]
# name 2 = sbeox0Mg/L: Oxygen, SBE 43 [mg/l]
# name 3 = sbeox0PS: Oxygen, SBE 43 [% saturation]
# name 4 = specc: Specific Conductance [uS/cm]
# name 5 = c0uS/cm: Conductivity [uS/cm]
# name 6 = wetCDOM: Fluorescence, WET Labs CDOM [mg/m^3]
# name 7 = flECO-AFL: Fluorescence, WET Labs ECO-AFL/FL [mg/m^3]
# name 8 = flECO-AFL1: Fluorescence, WET Labs ECO-AFL/FL, 2 [mg/m^3]
# name 9 = flECO-AFL2: Fluorescence, WET Labs ECO-AFL/FL, 3 [mg/m^3]
# name 10 = par/sat/log: PAR/Logarithmic, Satlantic
# name 11 = turbWETntu0: Turbidity, WET Labs ECO [NTU]
# name 12 = prdM: Pressure, Strain Gauge [db]
# name 13 = prdE: Pressure, Strain Gauge [psi]
# name 14 = tv290C: Temperature [ITS-90, deg C]
# name 15 = flag:  0.000e+00
# span 0 =     -0.684,      9.510       
# span 1 =     -0.351,      0.132       
# span 2 =     0.3043,    12.1997       
# span 3 =      2.768,    121.389       
# span 4 =     -0.553,    214.524       
# span 5 =  -0.604981, 155.764212       
# span 6 =    -4.5000,   183.9600       
# span 7 =    -0.7195,     4.6822       
# span 8 =    -2.1300,     0.2982       
# span 9 =    -2.0304,     1.4805       
# span 10 = 1.1577e-01, 2.9604e+03      
# span 11 =    -1.2461,   225.9395      
# span 12 =     -0.671,      9.326      
# span 13 =     -0.973,     13.527      
# span 14 =    11.1103,    29.7235      
# span 15 = 0.0000e+00, 0.0000e+00      
# interval = seconds: 0.25
# start_time = Jun 03 2024 10:09:32 [Instrument's time stamp, header]
# bad_flag = -9.990e-29
*END*
     -0.684      0.000     6.9917     92.055     -0.505  -0.552995    -4.5000    -0.2731    -2.1300    -2.0304 2.8069e+03     0.0983     -0.670     -0.972    29.7235 0.0000e+00
     -0.684      0.000     6.9916     92.061     -0.492  -0.538902    -4.5000    -0.2655    -2.1300    -2.0304 2.8148e+03     0.0530     -0.671     -0.973    29.7226 0.0000e+00
     -0.684      0.000     6.9916     92.065     -0.480  -0.524812    -4.5000    -0.3036    -2.1300    -2.0304 2.8069e+03     0.0681     -0.671     -0.973    29.7216 0.0000e+00
     -0.684      0.000     6.9917     92.068     -0.467  -0.510947     0.0000    -0.2769     0.0426     0.2538 2.8044e+03     0.1588     -0.671     -0.973    29.7203 0.0000e+00
     -0.684      0.000     6.9922     92.074     -0.485  -0.531389     0.0000    -0.2579     0.0426     0.2538 2.7965e+03     0.0379     -0.671     -0.973    29.7189 0.0000e+00
     -0.684      0.000     6.9929     92.080     -0.517  -0.565744     0.0000    -0.2846     0.0426     0.2538 2.0332e+03     0.2041     -0.671     -0.973    29.7174 0.0000e+00
     -0.684      0.000     6.9933     92.084     -0.500  -0.547610     0.0000    -0.2731     0.0426     0.2538 2.7977e+03     0.0983     -0.671     -0.973    29.7159 0.0000e+00
     -0.684      0.000     6.9937     92.088     -0.477  -0.521862     0.0000    -0.1549     0.0426     0.2538 2.7935e+03    -0.3851     -0.671     -0.973    29.7144 0.0000e+00
     -0.684      0.000     6.9942     92.091     -0.473  -0.517425     0.0000    -0.1472     0.0852     0.1692 2.8002e+03    -0.3700     -0.671     -0.973    29.7129 0.0000e+00
     -0.684      0.000     6.9949     92.091     -0.436  -0.477439     0.0000    -0.1511     0.0852     0.1692 1.9165e+03    -0.2793     -0.671     -0.973    29.7113 0.0000e+00
     -0.684      0.000     6.9955     92.089     -0.398  -0.434991     0.0000    -0.1434     0.0852     0.1692 2.8400e+03    -0.4002     -0.671     -0.973    29.7098 0.0000e+00
     -0.684      0.000     6.9960     92.086     -0.424  -0.464269     0.0000    -0.4562     0.0852     0.1692 5.3850e+02    -0.4304     -0.671     -0.973    29.7081 0.0000e+00
     -0.684      0.000     6.9964     92.083     -0.442  -0.483595     0.0000    -0.4562     0.0852     0.1269 1.0959e+03    -0.2793     -0.671     -0.973    29.7064 0.0000e+00
     -0.684      0.001     6.9966     92.084     -0.437  -0.478236     0.0000    -0.4715     0.0852     0.1269 1.6016e+03    -0.3095     -0.671     -0.973    29.7044 0.0000e+00
     -0.684      0.001     6.9967     92.085     -0.466  -0.510393     0.0000    -0.4906     0.0852     0.1269 5.1661e+02    -0.2944     -0.671     -0.973    29.7022 0.0000e+00
     -0.684      0.000     6.9968     92.082     -0.467  -0.511092     0.0000    -0.2197     0.0852     0.1269 5.3768e+02    -0.7174     -0.670     -0.972    29.6999 0.0000e+00
     -0.684      0.000     6.9968     92.079     -0.397  -0.434781     0.0000    -0.2045     0.1278     0.1692 2.9005e+03    -0.5814     -0.670     -0.972    29.6979 0.0000e+00
     -0.684      0.000     6.9970     92.082     -0.286  -0.312813     0.0000    -0.2083     0.1278     0.1692 5.2784e+02    -0.5814     -0.670     -0.972    29.6962 0.0000e+00
     -0.684      0.000     6.9973     92.088     -0.152  -0.166351     0.0000    -0.2121     0.1278     0.1692 4.8442e+02    -0.6872     -0.670     -0.972    29.6946 0.0000e+00
     -0.684      0.000     6.9973     92.094     -0.071  -0.077642     0.0000    -0.2922     0.1278     0.1692 4.9378e+02    -0.9742     -0.670     -0.972    29.6929 0.0000e+00
     -0.683      0.000     6.9974     92.097     -0.079  -0.086666     0.0000    -0.2731     0.0852     0.1269 4.7216e+02    -0.8836     -0.670     -0.972    29.6909 0.0000e+00
     -0.683      0.000     6.9978     92.097     -0.171  -0.187878     0.0000    -0.2808     0.0852     0.1269 4.4983e+02    -0.8836     -0.670     -0.972    29.6887 0.0000e+00
     -0.683      0.000     6.9985     92.098     -0.335  -0.366516     0.0000    -0.2769     0.0852     0.1269 7.5975e+02    -0.9138     -0.670     -0.971    29.6867 0.0000e+00
     -0.683      0.000     6.9991     92.099     -0.447  -0.489259     0.0000    -0.3380     0.0852     0.1269 7.6438e+02     0.8083     -0.670     -0.971    29.6850 0.0000e+00
     -0.683      0.000     6.9994     92.095     -0.484  -0.529176     0.0000    -0.3494     0.0852     0.1269 5.2715e+02     0.7781     -0.670     -0.971    29.6838 0.0000e+00
     -0.683      0.000     6.9996     92.090     -0.503  -0.550597     0.0000    -0.3342     0.0426     1.4805 1.4299e+03     0.8083     -0.670     -0.971    29.6828 0.0000e+00
     -0.683      0.000     6.9999     92.090     -0.531  -0.581107     0.0000    -0.3342     0.0426     1.4805 2.9604e+03     0.7479     -0.670     -0.971    29.6819 0.0000e+00
     -0.683      0.000     7.0001     92.095     -0.553  -0.604981     0.0000    -0.7195     0.0426     1.4805 2.9552e+03    -1.1706     -0.670     -0.971    29.6810 0.0000e+00
     -0.682      0.001     7.0000     92.105     -0.551  -0.602734     0.0000    -0.7004     0.0426     1.4805 2.9482e+03    -1.0800     -0.669     -0.971    29.6800 0.0000e+00
     -0.682      0.001     6.9997     92.116     -0.543  -0.593650     0.0000    -0.7004     0.1278     0.3807 2.9482e+03    -1.0800     -0.669     -0.971    29.6790 0.0000e+00
     -0.682      0.001     6.9998     92.123     -0.529  -0.579286     0.0000    -0.7156     0.1278     0.3807 2.9087e+03    -1.2310     -0.669     -0.971    29.6778 0.0000e+00
     -0.682      0.001     7.0004     92.127     -0.515  -0.563763     0.0000    -0.3418     0.1278     0.3807 4.6251e+02    -1.0497     -0.669     -0.970    29.6766 0.0000e+00
     -0.682      0.002     7.0014     92.129     -0.503  -0.550897     0.0000    -0.3303     0.1278     0.3807 4.0386e+02    -1.1706     -0.669     -0.970    29.6752 0.0000e+00
     -0.681      0.002     7.0023     92.131     -0.489  -0.537257     0.0000    -0.3265     0.0852     0.0846 3.8434e+02    -1.0346     -0.668     -0.969    29.6737 0.0000e+00
     -0.681      0.003     7.0031     92.130     -0.471  -0.519206     0.0000    -0.3456     0.0852     0.0846 2.6922e+03    -1.1404     -0.668     -0.969    29.6721 0.0000e+00
     -0.680      0.003     7.0036     92.125     -0.436  -0.483975     0.0000    -0.2808     0.0852     0.0846 2.6770e+03    -1.1102     -0.667     -0.968    29.6703 0.0000e+00
     -0.679      0.004     7.0041     92.119     -0.370  -0.416205     0.0000    -0.2769     0.0852     0.0846 2.6799e+03    -1.1404     -0.666     -0.967    29.6682 0.0000e+00
     -0.678      0.005     7.0045     92.115     -0.259  -0.303788     0.0000    -0.3036     0.0426     0.0846 1.6999e+03    -1.0951     -0.665     -0.965    29.6656 0.0000e+00
     -0.677      0.007     7.0049     92.111     -0.083  -0.124701     0.0000    -0.2922     0.0426     0.0846 2.2973e+03    -1.1555     -0.664     -0.963    29.6622 0.0000e+00
     -0.675      0.009     7.0051     92.107      0.203   0.164836     0.0000    -0.5707     0.0426     0.0846 2.6598e+02    -1.1857     -0.662     -0.960    29.6575 0.0000e+00
     -0.673      0.012     7.0055     92.105      0.677   0.646009     0.0000    -0.5783     0.0426     0.0846 2.7774e+02    -1.1253     -0.660     -0.957    29.6508 0.0000e+00
     -0.670      0.015     7.0064     92.108      1.478   1.459063     0.0000    -0.5859     0.0426     0.0846 1.3807e+03    -1.1857     -0.657     -0.953    29.6405 0.0000e+00
     -0.666      0.019     7.0082     92.115      2.823   2.824788     0.0000    -0.6088     0.0426     0.2538 1.1508e+03    -1.1102     -0.653     -0.947    29.6244 0.0000e+00
     -0.661      0.025     7.0112     92.126      5.067   5.103400     0.0000    -0.2769     0.0426     0.2538 1.2776e+03    -0.2038     -0.648     -0.940    29.5985 0.0000e+00
     -0.654      0.032     7.0165     92.137      8.812   8.906508     0.0000    -0.2922     0.0426     0.2538 2.5316e+03    -0.0527     -0.642     -0.931    29.5562 0.0000e+00
     -0.646      0.041     7.0255     92.153     15.077  15.270146     0.0000    -0.2655     0.0426     0.2538 6.1965e+02    -0.1585     -0.634     -0.920    29.4866 0.0000e+00
     -0.636      0.051     7.0407     92.177     25.579  25.939007     0.9000    -0.2769     0.0426     0.0846 3.1340e+02    -0.0829     -0.624     -0.905    29.3717 0.0000e+00
     -0.622      0.064     7.0659     92.206     39.134  39.639615     0.9000     0.7912     0.0426     0.0846 3.3083e+02    31.7916     -0.610     -0.885    29.1813 0.0000e+00
     -0.605      0.077     7.1072     92.238     49.873  50.321935     0.9000     0.7874     0.0426     0.0846 3.3047e+02    31.6406     -0.593     -0.861    28.8648 0.0000e+00
     -0.583      0.090     7.1732     92.274     54.484  54.682862     0.9000     0.8293     0.0426     0.0846 1.1283e+03    31.6708     -0.572     -0.830    28.3583 0.0000e+00
     -0.557      0.102     7.2637     92.322     54.809  54.703634     3.6900     0.8065    -0.0852    -0.0423 4.9917e+02    31.7312     -0.547     -0.793    27.6699 0.0000e+00
     -0.528      0.113     7.3637     92.401     53.364  52.975460     3.6900     0.9323    -0.0852    -0.0423 4.3911e+02     0.0983     -0.518     -0.752    26.9203 0.0000e+00
     -0.497      0.121     7.4578     92.537     51.744  51.119505     3.6900     0.9438    -0.0852    -0.0423 4.6241e+02     0.0530     -0.488     -0.707    26.2283 0.0000e+00
     -0.464      0.127     7.5397     92.760     50.812  49.996571     3.6900     0.9171    -0.0852    -0.0423 4.8169e+02     0.1134     -0.456     -0.660    25.6407 0.0000e+00
     -0.430      0.130     7.6095     93.084     50.862  49.891249    18.3600     0.9209    -0.1278     0.3384 4.5991e+02     0.0379     -0.422     -0.612    25.1585 0.0000e+00
     -0.396      0.132     7.6700     93.504     51.972  50.869126    18.3600     0.9934    -0.1278     0.3384 6.8584e+02     0.0832     -0.389     -0.563    24.7681 0.0000e+00
     -0.362      0.131     7.7244     93.986     53.438  52.234011    18.3600     1.0048    -0.1278     0.3384 5.7005e+02     0.0681     -0.355     -0.515    24.4612 0.0000e+00
     -0.328      0.128     7.7756     94.459     54.100  52.844668    18.3600     0.9934    -0.1278     0.3384 3.8905e+02     0.1739     -0.321     -0.466    24.2306 0.0000e+00
     -0.294      0.123     7.8264     94.861     53.759  52.495192    18.3600     1.0086    -0.1278     0.3384 3.8947e+02     0.1134     -0.289     -0.419    24.0651 0.0000e+00
     -0.263      0.116     7.8779     95.133     52.566  51.317734    21.0600     1.3062     0.0426     0.3807 3.9100e+02     0.1437     -0.258     -0.373    23.9522 0.0000e+00
     -0.233      0.109     7.9286     95.222     50.612  49.391072    21.0600     1.2871     0.0426     0.3807 3.9777e+02     0.1588     -0.229     -0.332    23.8812 0.0000e+00
     -0.207      0.100     7.9742     95.074     48.472  47.271993    21.0600     1.3214     0.0426     0.3807 4.0159e+02     0.1286     -0.203     -0.295    23.8417 0.0000e+00
     -0.183      0.092     8.0109     94.619     46.639  45.445933    21.0600     1.2871     0.0426     0.3807 4.0176e+02     0.1588     -0.180     -0.261    23.8211 0.0000e+00
     -0.161      0.084     8.0361     93.735     45.198  43.997952    21.1500     1.3558     0.0426     0.3807 4.0483e+02     0.1588     -0.158     -0.229    23.8053 0.0000e+00
     -0.141      0.076     8.0469     92.215     44.136  42.918563    21.1500     1.3558     0.0426     0.3807 2.5522e+02     0.0379     -0.138     -0.200    23.7830 0.0000e+00
     -0.122      0.068     8.0394     90.139     43.433  42.194924    21.1500     1.3558     0.0426     0.3807 2.9510e+02     0.0832     -0.120     -0.174    23.7496 0.0000e+00
     -0.106      0.061     8.0072     88.257     43.008  41.753621    21.1500     1.3596     0.0426     0.3807 2.7283e+02     0.0681     -0.103     -0.150    23.7068 0.0000e+00
     -0.091      0.054     7.9395     87.142     42.755  41.490921    21.2400     1.4244     0.0852     0.4653 2.8218e+02     0.0983     -0.089     -0.130    23.6582 0.0000e+00
     -0.079      0.047     7.8180     86.483     42.518  41.247102    21.2400     1.4473     0.0852     0.4653 2.8402e+02     0.1588     -0.077     -0.112    23.6081 0.0000e+00
     -0.067      0.039     7.6483     85.833     42.191  40.913306    21.2400     1.3939     0.0852     0.4653 2.4363e+02     0.2343     -0.066     -0.095    23.5640 0.0000e+00
     -0.058      0.032     7.4932     85.270     41.882  40.595794    21.2400     1.4092     0.0852     0.4653 2.5208e+02     0.0681     -0.056     -0.082    23.5325 0.0000e+00
     -0.050      0.025     7.4013     85.175     41.713  40.421108    21.1500     1.4092     0.0426     0.4653 2.7135e+02     0.0228     -0.049     -0.071    23.5130 0.0000e+00
     -0.046      0.020     7.3476     85.737     41.690  40.400447    21.1500     1.4321     0.0426     0.4653 2.6766e+02     0.1588     -0.045     -0.064    23.4976 0.0000e+00
     -0.042      0.015     7.2951     86.733     41.761  40.478490    21.1500     1.3939     0.0426     0.4653 2.8501e+02     0.0983     -0.041     -0.060    23.4782 0.0000e+00
     -0.040      0.011     7.2501     87.720     41.848  40.576423    21.1500     1.4435     0.0426     0.4653 2.6679e+02     0.0983     -0.039     -0.056    23.4570 0.0000e+00
     -0.038      0.009     7.2438     88.398     41.877  40.618742    21.1500     1.3672     0.0426     0.4653 2.6517e+02     0.0983     -0.037     -0.053    23.4449 0.0000e+00
     -0.036      0.007     7.2914     88.704     41.747  40.505147    21.3300     1.3710     0.0426     0.4653 2.6529e+02     0.1890     -0.035     -0.051    23.4466 0.0000e+00
     -0.034      0.006     7.3745     88.567     41.465  40.243205    21.3300     1.3596     0.0426     0.4653 2.6448e+02     0.0228     -0.033     -0.048    23.4584 0.0000e+00
     -0.033      0.005     7.4561     87.840     41.179  39.976268    21.3300     1.3596     0.0426     0.4653 2.6185e+02     0.0832     -0.032     -0.046    23.4752 0.0000e+00
     -0.032      0.004     7.5114     86.446     40.970  39.786580    21.3300     1.3138     0.0426     0.4653 2.6145e+02     0.1286     -0.031     -0.045    23.4923 0.0000e+00
     -0.031      0.003     7.5353     84.490     40.838  39.673368    21.3300     1.2947     0.1278     0.4230 2.6294e+02     0.0832     -0.030     -0.044    23.5074 0.0000e+00
     -0.030      0.002     7.5219     82.211     40.768  39.622384    21.3300     1.2871     0.1278     0.4230 2.5351e+02     0.0681     -0.030     -0.043    23.5210 0.0000e+00
     -0.030      0.002     7.4583     79.891     40.731  39.604093    21.3300     1.3138     0.1278     0.4230 2.6564e+02     0.0530     -0.029     -0.042    23.5349 0.0000e+00
     -0.029      0.001     7.3379     77.773     40.707  39.597677    21.3300     1.2795     0.1278     0.4230 2.6180e+02     0.0681     -0.029     -0.042    23.5508 0.0000e+00
     -0.029      0.001     7.1694     76.009     40.689  39.597442    21.3300     1.3291     0.0426     0.3807 2.6202e+02     0.1286     -0.028     -0.041    23.5695 0.0000e+00
     -0.029      0.001     6.9733     74.723     40.667  39.591372    21.3300     1.2947     0.0426     0.3807 2.6552e+02     0.0832     -0.028     -0.041    23.5901 0.0000e+00
     -0.029      0.001     6.7738     74.096     40.640  39.577848    21.3300     1.2947     0.0426     0.3807 2.6357e+02     0.0983     -0.028     -0.041    23.6112 0.0000e+00
     -0.029      0.000     6.5917     74.322     40.618  39.565221    21.3300     1.2451     0.0426     0.3807 2.7342e+02     0.0681     -0.028     -0.041    23.6321 0.0000e+00
     -0.028      0.000     6.4397     75.460     40.602  39.554107    21.3300     1.2451     0.0426     0.3807 2.6825e+02     0.1588     -0.028     -0.040    23.6526 0.0000e+00
     -0.028      0.000     6.3284     77.383     40.592  39.545529    21.3300     1.2375     0.0426     0.2961 2.6679e+02     0.0681     -0.028     -0.040    23.6716 0.0000e+00
