Data/DataNotYetUploadedToEDI/Raw_CTD/RawDownloads/060426_ccr10_S8188011.cnv
* Sea-Bird SBE19plus  Data File:
* FileName = C:\R\Reservoirs\Data\DataNotYetUploadedToEDI\Raw_CTD\RawDownloads\062526_ccr50_S8188_0011.hex
* Software version 2.8.0.119
* Temperature SN = 8188
* Conductivity SN = 8188
* System UpLoad Time = Jun 29 2026 18:12:11
* <ApplicationData>
* <Seaterm232>
# nquan = 16
# nvalues = 526                         
# units = specified
# name 0 = depFM: Depth [fresh water, m]
# name 1 = dz/dtM: Descent Rate [m/s]
# name 2 = sbeox0Mg/L: Oxygen, SBE 43 [mg/l]
# name 3 = sbeox0PS: Oxygen, SBE 43 [% saturation]
# name 4 = specc: Specific Conductance [uS/cm]
# name 5 = c0uS/cm: Conductivity [uS/cm]
# name 6 = wetCDOM: Fluorescence, WET Labs CDOM [mg/m^3]
# name 7 = flECO-AFL: Fluorescence, WET Labs ECO-AFL/FL [mg/m^3]
# name 8 = flECO-AFL1: Fluorescence, WET Labs ECO-AFL/FL, 2 [mg/m^3]
# name 9 = flECO-AFL2: Fluorescence, WET Labs ECO-AFL/FL, 3 [mg/m^3]
# name 10 = par/sat/log: PAR/Logarithmic, Satlantic
# name 11 = turbWETntu0: Turbidity, WET Labs ECO [NTU]
# name 12 = prdM: Pressure, Strain Gauge [db]
# name 13 = prdE: Pressure, Strain Gauge [psi]
# name 14 = tv290C: Temperature [ITS-90, deg C]
# name 15 = flag:  0.000e+00
# span 0 =     -0.401,      0.483       
# span 1 =     -0.198,      0.143       
# span 2 =     4.9852,     8.0926       
# span 3 =     58.637,     95.265       
# span 4 =   -442.514,    164.244       
# span 5 =-428.995164, 158.861091       
# span 6 =     0.0000,    17.2800       
# span 7 =    -3.1304,    25.8007       
# span 8 =    -1.2780,     2.7690       
# span 9 =    -8.9253,     2.7918       
# span 10 = 5.6124e+01, 2.1905e+03      
# span 11 =    -8.5123,   971.1096      
# span 12 =     -0.394,      0.474      
# span 13 =     -0.571,      0.688      
# span 14 =    23.3509,    24.1499      
# span 15 = 0.0000e+00, 0.0000e+00      
# interval = seconds: 0.25
# start_time = Jun 04 2026 11:46:33 [Instrument's time stamp, header]
# bad_flag = -9.990e-29
*END*
     -0.401      0.003     7.4468     88.695      5.592   5.493805     0.0000    -0.1625     0.0852    -0.2961 6.2778e+02    -0.2642     -0.394     -0.571    24.1499 0.0000e+00
     -0.401      0.004     7.4472     88.692      5.841   5.736654     0.0000    -0.1701     0.0852    -3.3840 6.7255e+02    -0.3246     -0.393     -0.570    24.1459 0.0000e+00
     -0.400      0.005     7.4476     88.696      6.247   6.133537     0.0000    -0.2273     0.0852    -3.3840 6.8390e+02    -0.3246     -0.392     -0.569    24.1408 0.0000e+00
     -0.398      0.007     7.4477     88.704      6.882   6.754487     0.0000    -0.3914     0.0852    -3.3840 7.4390e+02    -1.1102     -0.391     -0.567    24.1351 0.0000e+00
     -0.396      0.009     7.4478     88.712      7.869   7.719340     0.0000    -0.3799     0.0852    -3.3840 7.5876e+02    -1.0800     -0.389     -0.564    24.1290 0.0000e+00
     -0.394      0.012     7.4485     88.718      9.442   9.257542     0.0000    -0.3914     0.7668    -1.4382 8.6781e+02    -1.0800     -0.387     -0.561    24.1226 0.0000e+00
     -0.391      0.016     7.4497     88.723     11.995  11.753424     0.0000    -0.3723     0.7668    -1.4382 9.0008e+02    -1.1404     -0.384     -0.557    24.1160 0.0000e+00
     -0.387      0.020     7.4513     88.734     16.174  15.840726     0.0000    -0.4448     0.7668    -1.4382 8.3380e+02    -0.8534     -0.380     -0.551    24.1091 0.0000e+00
     -0.382      0.026     7.4530     88.749     23.072  22.585525     0.0000    -0.4448     0.7668    -1.4382 8.7216e+02    -0.9138     -0.375     -0.544    24.1018 0.0000e+00
     -0.375      0.033     7.4546     88.766     34.266  33.531802     0.0000    -0.4448     0.7668    -1.4382 1.0808e+03    -0.7778     -0.368     -0.534    24.0938 0.0000e+00
     -0.366      0.043     7.4563     88.784     50.940  49.829323     0.0000    -0.4410     0.8520     0.8037 1.3162e+03    -0.8080     -0.360     -0.522    24.0846 0.0000e+00
     -0.355      0.054     7.4587     88.803     71.911  70.302679     0.0000    -1.1124     0.8520     0.8037 1.5368e+03     4.4943     -0.349     -0.506    24.0736 0.0000e+00
     -0.341      0.068     7.4618     88.829     94.776  92.581708     0.0000    -1.0857     0.8520     0.8037 1.7154e+03     4.5547     -0.335     -0.486    24.0595 0.0000e+00
     -0.323      0.083     7.4658     88.861    116.548 113.748955     0.0000    -1.1124     0.8520     0.8037 1.9714e+03     4.3433     -0.317     -0.460    24.0400 0.0000e+00
     -0.300      0.097     7.4709     88.904    133.185 129.874581     0.0000    -1.1124     0.0000     1.8189 2.1905e+03     4.4339     -0.294     -0.427    24.0117 0.0000e+00
     -0.272      0.111     7.4780     88.969    143.722 140.040889     0.0000     0.9018     0.0000     1.8189 2.1467e+03    28.8610     -0.267     -0.387    23.9702 0.0000e+00
     -0.240      0.124     7.4874     89.071    150.172 146.227691     0.0000     0.8637     0.0000     1.8189 1.9552e+03    28.7704     -0.236     -0.342    23.9153 0.0000e+00
     -0.206      0.133     7.4983     89.234    154.117 149.982605     0.0000     0.8751     0.0000     1.8189 1.1122e+03    28.8308     -0.202     -0.293    23.8542 0.0000e+00
     -0.169      0.140     7.5099     89.477    156.516 152.242818     6.3900     0.9018     0.0852    -0.7614 4.8128e+02    28.9667     -0.166     -0.241    23.7952 0.0000e+00
     -0.132      0.143     7.5224     89.804    157.970 153.593015     6.3900     1.1154     0.0852    -0.7614 2.4458e+02    12.8029     -0.129     -0.188    23.7436 0.0000e+00
     -0.094      0.143     7.5370     90.205    158.852 154.397253     6.3900     1.1498     0.0852    -0.7614 1.8347e+02    12.7726     -0.092     -0.133    23.7009 0.0000e+00
     -0.056      0.141     7.5556     90.656    159.385 154.871998     6.3900     1.1421     0.0852    -0.7614 9.7149e+01    12.7575     -0.055     -0.080    23.6659 0.0000e+00
     -0.019      0.137     7.5803     91.129    159.709 155.151861    15.1200     1.1498     0.2130     0.3384 8.2736e+01    12.7424     -0.019     -0.028    23.6374 0.0000e+00
      0.015      0.130     7.6113     91.597    159.910 155.321491    15.1200     1.1994     0.2130     0.3384 6.6736e+01    11.8663      0.015      0.021    23.6143 0.0000e+00
      0.048      0.123     7.6479     92.031    160.044 155.434136    15.1200     1.1650     0.2130     0.3384 5.7607e+01    11.8058      0.047      0.068    23.5955 0.0000e+00
      0.078      0.114     7.6883     92.412    160.135 155.513821    15.1200     1.1994     0.2130     0.3384 5.6124e+01    11.7756      0.077      0.111    23.5805 0.0000e+00
      0.106      0.106     7.7301     92.720    160.190 155.563764    15.1200     1.1956     0.2130     0.3384 5.9580e+01    11.9569      0.104      0.151    23.5688 0.0000e+00
      0.132      0.099     7.7710     92.949    160.223 155.595277    14.9400     1.2375     0.1704     0.4230 6.1247e+01    11.6850      0.129      0.188    23.5604 0.0000e+00
      0.155      0.093     7.8087     93.112    160.253 155.622777    14.9400     1.2299     0.1704     0.4230 6.3442e+01    11.4282      0.152      0.221    23.5547 0.0000e+00
      0.177      0.089     7.8414     93.235    160.277 155.643577    14.9400     1.2490     0.1704     0.4230 6.2770e+01    11.5641      0.173      0.252    23.5516 0.0000e+00
      0.198      0.087     7.8677     93.350    160.278 155.647194    14.9400     1.2719     0.1704     0.4230 6.0836e+01    11.5188      0.194      0.282    23.5506 0.0000e+00
      0.219      0.085     7.8871     93.485    160.265 155.646613    14.6700     1.3176     0.2130     0.3807 6.9625e+01    12.9992      0.215      0.312    23.5503 0.0000e+00
      0.242      0.084     7.9010     93.655    160.260 155.663721    14.6700     1.3291     0.2130     0.3807 8.4315e+01    12.9237      0.237      0.344    23.5497 0.0000e+00
      0.264      0.082     7.9116     93.856    160.258 155.689055    14.6700     1.3253     0.2130     0.3807 8.9081e+01    12.9992      0.259      0.376    23.5490 0.0000e+00
      0.286      0.079     7.9213     94.076    160.254 155.707333    14.6700     1.3062     0.2130     0.3807 9.4916e+01    12.9992      0.280      0.407    23.5496 0.0000e+00
      0.306      0.075     7.9322     94.296    160.253 155.723430    15.2100     1.5465     0.2130     0.4653 9.8402e+01    26.6857      0.300      0.435    23.5534 0.0000e+00
      0.324      0.069     7.9455     94.483    160.257 155.741637    15.2100     1.5808     0.2130     0.4653 9.4978e+01    26.7159      0.318      0.461    23.5605 0.0000e+00
      0.341      0.063     7.9613     94.604    160.259 155.754789    15.2100     1.5732     0.2130     0.4653 1.0478e+02    26.7159      0.334      0.485    23.5687 0.0000e+00
      0.357      0.056     7.9789     94.642    160.255 155.758378    15.2100     1.5541     0.2130     0.4653 9.7763e+01    26.6252      0.350      0.508    23.5758 0.0000e+00
      0.370      0.048     7.9967     94.587    160.252 155.757369    15.2100     1.9547     0.2130     0.4653 1.0224e+02    52.5630      0.363      0.527    23.5812 0.0000e+00
      0.381      0.041     8.0120     94.441    160.253 155.755501    15.4800     1.9127     0.1704     0.3807 1.0259e+02    52.5479      0.374      0.543    23.5855 0.0000e+00
      0.390      0.035     8.0217     94.224    160.255 155.752274    15.4800     1.9394     0.1704     0.3807 1.0199e+02    52.4421      0.383      0.556    23.5891 0.0000e+00
      0.398      0.029     8.0246     93.960    160.264 155.750836    15.4800     1.9280     0.1704     0.3807 1.0354e+02    52.5932      0.390      0.566    23.5914 0.0000e+00
      0.404      0.024     8.0198     93.673    160.282 155.754812    15.4800     2.2522     0.1704     0.3807 1.0338e+02    67.7298      0.396      0.575    23.5920 0.0000e+00
      0.409      0.020     8.0076     93.390    160.309 155.761252    15.4800     2.2522     0.1278     0.3807 1.0365e+02    67.7752      0.401      0.582    23.5912 0.0000e+00
      0.414      0.017     7.9894     93.143    160.340 155.767866    15.4800     2.2561     0.1278     0.3807 1.0259e+02    67.6543      0.406      0.588    23.5894 0.0000e+00
      0.417      0.015     7.9675     92.963    160.370 155.772408    15.4800     2.2408     0.1278     0.3807 1.0540e+02    67.6996      0.409      0.594    23.5864 0.0000e+00
      0.421      0.012     7.9438     92.867    160.395 155.772080    15.4800     2.4354     0.1278     0.3807 1.0417e+02    78.0173      0.413      0.599    23.5820 0.0000e+00
      0.424      0.011     7.9207     92.862    160.417 155.770803    15.4800     2.4354     0.2130     0.3807 1.0574e+02    78.0173      0.415      0.603    23.5760 0.0000e+00
      0.426      0.009     7.9009     92.931    160.435 155.768233    15.4800     2.4315     0.2130     0.3807 1.0646e+02    78.0173      0.418      0.606    23.5687 0.0000e+00
      0.428      0.007     7.8868     93.053    160.446 155.763685    15.4800     2.4277     0.2130     0.3807 1.0708e+02    77.9418      0.420      0.609    23.5609 0.0000e+00
      0.430      0.006     7.8797     93.220    160.457 155.763961    15.4800     2.5002     0.2130     0.3807 1.0785e+02    63.5000      0.421      0.611    23.5533 0.0000e+00
      0.431      0.005     7.8803     93.406    160.470 155.769132    15.4800     2.4735     0.2130     0.3807 1.0889e+02    63.5000      0.423      0.613    23.5461 0.0000e+00
      0.432      0.004     7.8871     93.583    160.479 155.772565    15.3900     2.5155     0.2130     0.2961 1.0936e+02    63.6360      0.424      0.614    23.5399 0.0000e+00
      0.433      0.003     7.8982     93.738    160.481 155.771165    15.3900     2.4926     0.2130     0.2961 1.1058e+02    63.5302      0.425      0.616    23.5352 0.0000e+00
      0.433      0.003     7.9129     93.865    160.480 155.768567    15.3900     2.4888     0.2130     0.2961 1.1184e+02    51.5660      0.425      0.617    23.5319 0.0000e+00
      0.434      0.002     7.9289     93.955    160.482 155.768086    15.3900     2.2942     0.2130     0.2961 1.1279e+02    50.3574      0.426      0.618    23.5296 0.0000e+00
      0.434      0.002     7.9442     94.013    160.484 155.769594    15.3000     2.3171     0.1704     0.3384 1.1225e+02    50.4179      0.426      0.618    23.5281 0.0000e+00
      0.435      0.001     7.9576     94.047    160.489 155.773493    15.3000     2.2942     0.1704     0.3384 1.1472e+02    50.2819      0.427      0.619    23.5271 0.0000e+00
      0.435      0.001     7.9685     94.062    160.497 155.780822    15.3000     2.3056     0.1704     0.3384 1.1333e+02    50.2215      0.427      0.619    23.5263 0.0000e+00
      0.436      0.001     7.9762     94.065    160.506 155.789528    15.3000     2.1836     0.1704     0.3384 1.1557e+02    38.7104      0.427      0.620    23.5257 0.0000e+00
      0.436      0.001     7.9812     94.057    160.511 155.793917    15.3000     2.1683     0.2130     0.4230 1.1487e+02    38.6802      0.428      0.620    23.5253 0.0000e+00
      0.436      0.001     7.9842     94.043    160.507 155.791153    15.3000     2.1531     0.2130     0.4230 1.1635e+02    38.6046      0.428      0.620    23.5251 0.0000e+00
      0.436      0.001     7.9854     94.031    160.500 155.784507    15.3000     2.1607     0.2130     0.4230 1.1670e+02    38.7708      0.428      0.621    23.5249 0.0000e+00
      0.437      0.001     7.9856     94.024    160.494 155.780220    15.3000     2.4926     0.2130     0.4230 1.1731e+02    42.4266      0.428      0.621    23.5249 0.0000e+00
      0.437      0.001     7.9850     94.022    160.489 155.777149    15.3000     2.4926     0.2130     0.4230 1.1716e+02    42.5323      0.429      0.622    23.5249 0.0000e+00
      0.437      0.001     7.9838     94.027    160.485 155.774477    15.3000     2.4773     0.2130     0.4230 1.1937e+02    42.5474      0.429      0.622    23.5251 0.0000e+00
      0.438      0.001     7.9827     94.037    160.484 155.775498    15.3000     2.4926     0.2130     0.4230 1.1622e+02    42.4870      0.430      0.623    23.5254 0.0000e+00
      0.438      0.001     7.9820     94.052    160.479 155.772469    15.3000     3.0839     0.2130     0.4230 1.1813e+02    44.8587      0.430      0.623    23.5258 0.0000e+00
      0.438      0.001     7.9818     94.069    160.465 155.760576    15.3000     3.1106     0.2130     0.4230 1.1567e+02    44.9947      0.430      0.624    23.5263 0.0000e+00
      0.439      0.001     7.9821     94.085    160.452 155.748669    15.8400     3.0953     0.2556     0.5076 1.1410e+02    44.9040      0.430      0.624    23.5269 0.0000e+00
      0.439      0.001     7.9829     94.097    160.448 155.745596    15.8400     3.0877     0.2556     0.5076 1.1247e+02    44.9191      0.430      0.625    23.5274 0.0000e+00
      0.439      0.001     7.9841     94.105    160.448 155.746529    15.8400     3.6065     0.2556     0.5076 1.1338e+02    47.8196      0.431      0.625    23.5280 0.0000e+00
      0.439      0.001     7.9854     94.109    160.440 155.739696    15.8400     3.5874     0.2556     0.5076 1.0922e+02    47.7440      0.431      0.625    23.5284 0.0000e+00
      0.439      0.001     7.9867     94.114    160.430 155.731289    16.2900     3.5950     0.2556     0.3384 1.0989e+02    47.7289      0.431      0.625    23.5288 0.0000e+00
      0.440      0.001     7.9878     94.118    160.433 155.735097    16.2900     3.5721     0.2556     0.3384 1.0734e+02    47.8045      0.431      0.625    23.5291 0.0000e+00
      0.440      0.001     7.9884     94.125    160.442 155.744119    16.2900     4.9073     0.2556     0.3384 1.0811e+02    64.6330      0.431      0.626    23.5294 0.0000e+00
      0.440      0.001     7.9887     94.136    160.442 155.744733    16.2900     4.9493     0.2556     0.3384 1.0692e+02    64.5575      0.432      0.626    23.5297 0.0000e+00
      0.441      0.001     7.9890     94.150    160.437 155.741108    15.3900     4.9073     0.2130     0.3807 1.0627e+02    64.6783      0.432      0.627    23.5300 0.0000e+00
      0.441      0.001     7.9894     94.168    160.436 155.740294    15.3900     4.9378     0.2130     0.3807 1.0535e+02    64.4971      0.432      0.627    23.5303 0.0000e+00
      0.441      0.001     7.9899     94.189    160.433 155.738065    15.3900     7.0169     0.2130     0.3807 1.0528e+02    90.0722      0.433      0.627    23.5304 0.0000e+00
      0.441      0.001     7.9908     94.207    160.428 155.733828    15.3900     7.0169     0.2130     0.3807 1.0499e+02    89.9665      0.433      0.628    23.5306 0.0000e+00
      0.442      0.001     7.9920     94.221    160.428 155.734467    15.3900     7.0169     0.2130     0.3807 1.0302e+02    90.0118      0.433      0.628    23.5308 0.0000e+00
      0.442      0.001     7.9935     94.233    160.434 155.740153    15.1200     7.0436     0.2130     0.4653 1.0501e+02    90.0420      0.433      0.629    23.5309 0.0000e+00
      0.442      0.001     7.9952     94.243    160.438 155.744388    15.1200    10.0458     0.2130     0.4653 1.0297e+02   136.5547      0.434      0.629    23.5311 0.0000e+00
      0.443      0.001     7.9968     94.252    160.441 155.748301    15.1200     9.9657     0.2130     0.4653 1.0293e+02   136.4188      0.434      0.630    23.5312 0.0000e+00
      0.443      0.001     7.9980     94.262    160.450 155.756942    15.1200     9.9962     0.2130     0.4653 1.0233e+02   136.6454      0.435      0.630    23.5314 0.0000e+00
      0.443      0.001     7.9990     94.272    160.453 155.760593    15.3000    10.0153     0.2130     0.3384 1.0217e+02   136.5245      0.435      0.630    23.5315 0.0000e+00
      0.444      0.001     7.9997     94.279    160.444 155.752213    15.3000    11.7662     0.2130     0.3384 1.0206e+02   193.1888      0.435      0.631    23.5316 0.0000e+00
      0.444      0.001     8.0005     94.285    160.437 155.745598    15.3000    11.7624     0.2130     0.3384 1.0135e+02   193.2341      0.435      0.631    23.5317 0.0000e+00
