Data/DataNotYetUploadedToEDI/Raw_CTD/RawDownloads/060426_ccr88_S8188008.cnv
* Sea-Bird SBE19plus  Data File:
* FileName = C:\R\Reservoirs\Data\DataNotYetUploadedToEDI\Raw_CTD\RawDownloads\062526_ccr50_S8188_0008.hex
* Software version 2.8.0.119
* Temperature SN = 8188
* Conductivity SN = 8188
* System UpLoad Time = Jun 29 2026 18:10:25
* <ApplicationData>
* <Seaterm232>
# nquan = 16
# nvalues = 3769                        
# units = specified
# name 0 = depFM: Depth [fresh water, m]
# name 1 = dz/dtM: Descent Rate [m/s]
# name 2 = sbeox0Mg/L: Oxygen, SBE 43 [mg/l]
# name 3 = sbeox0PS: Oxygen, SBE 43 [% saturation]
# name 4 = specc: Specific Conductance [uS/cm]
# name 5 = c0uS/cm: Conductivity [uS/cm]
# name 6 = wetCDOM: Fluorescence, WET Labs CDOM [mg/m^3]
# name 7 = flECO-AFL: Fluorescence, WET Labs ECO-AFL/FL [mg/m^3]
# name 8 = flECO-AFL1: Fluorescence, WET Labs ECO-AFL/FL, 2 [mg/m^3]
# name 9 = flECO-AFL2: Fluorescence, WET Labs ECO-AFL/FL, 3 [mg/m^3]
# name 10 = par/sat/log: PAR/Logarithmic, Satlantic
# name 11 = turbWETntu0: Turbidity, WET Labs ECO [NTU]
# name 12 = prdM: Pressure, Strain Gauge [db]
# name 13 = prdE: Pressure, Strain Gauge [psi]
# name 14 = tv290C: Temperature [ITS-90, deg C]
# name 15 = flag:  0.000e+00
# span 0 =     -0.383,      8.460       
# span 1 =     -0.228,      0.181       
# span 2 =     3.8977,    10.6607       
# span 3 =     42.479,    104.184       
# span 4 =   -637.998,    160.589       
# span 5 =-475.310844, 145.072803       
# span 6 =   -13.9500,    30.8700       
# span 7 =    -2.4933,   245.1415       
# span 8 =    -7.5402,     5.5380       
# span 9 =    -8.5869,     5.0760       
# span 10 = 4.7687e+00, 2.9758e+03      
# span 11 =    -7.2434,   971.1549      
# span 12 =     -0.376,      8.296      
# span 13 =     -0.545,     12.033      
# span 14 =    12.1062,    24.6471      
# span 15 = 0.0000e+00, 0.0000e+00      
# interval = seconds: 0.25
# start_time = Jun 04 2026 10:18:20 [Instrument's time stamp, header]
# bad_flag = -9.990e-29
*END*
[from data line 1628]
      3.629      0.008     8.6853     99.759    147.634 139.436852     8.8200     1.0697     0.0426     0.1269 1.2070e+02     1.8809      3.559      5.162    22.2024 0.0000e+00
      3.631      0.009     8.6811     99.746    147.632 139.460253     8.8200     1.0735     0.0426     0.1269 1.2089e+02     1.8809      3.561      5.164    22.2027 0.0000e+00
      3.633      0.010     8.6807     99.676    147.629 139.481234     8.8200     1.0697     0.0426     0.1269 1.2086e+02     1.8960      3.563      5.168    22.2055 0.0000e+00
      3.636      0.011     8.6819     99.541    147.578 139.445326     8.8200     1.0659     0.0426     0.1269 1.2104e+02     1.8658      3.566      5.172    22.2111 0.0000e+00
      3.639      0.012     8.6823     99.366    147.494 139.354970     8.8200     1.0849     0.0852     0.2115 1.2036e+02     1.9262      3.568      5.176    22.2185 0.0000e+00
      3.642      0.013     8.6797     99.199    147.422 139.250142     8.8200     1.0735     0.0852     0.2115 1.2065e+02     2.1075      3.571      5.180    22.2269 0.0000e+00
      3.646      0.014     8.6723     99.064    147.371 139.148936     8.8200     1.0582     0.0852     0.2115 1.2115e+02     2.2132      3.575      5.185    22.2351 0.0000e+00
      3.649      0.015     8.6598     98.945    147.340 139.060398     8.8200     1.0544     0.0852     0.2115 1.2107e+02     2.2283      3.578      5.190    22.2394 0.0000e+00
      3.653      0.016     8.6451     98.821    147.332 138.992951     8.8200     1.0926     0.0852     0.2538 1.2070e+02     2.2888      3.582      5.196    22.2357 0.0000e+00
      3.657      0.017     8.6327     98.695    147.332 138.936614     8.8200     1.0735     0.0852     0.2538 1.2047e+02     2.2888      3.586      5.202    22.2232 0.0000e+00
      3.662      0.017     8.6239     98.593    147.332 138.886373     8.8200     1.0620     0.0852     0.2538 1.2104e+02     2.4096      3.591      5.208    22.2053 0.0000e+00
      3.666      0.018     8.6169     98.539    147.341 138.850850     8.8200     1.0735     0.0852     0.2538 1.2136e+02     2.2888      3.595      5.215    22.1851 0.0000e+00
      3.671      0.018     8.6095     98.543    147.346 138.814566     8.8200     1.0620     0.0852     0.2538 1.2110e+02     2.3492      3.600      5.222    22.1646 0.0000e+00
      3.676      0.018     8.6017     98.599    147.337 138.763840     8.9100     1.1193     0.0852     0.1269 1.2099e+02     2.3039      3.604      5.228    22.1454 0.0000e+00
      3.680      0.018     8.5955     98.704    147.327 138.713172     8.9100     1.1536     0.0852     0.1269 1.2107e+02     2.3945      3.609      5.235    22.1285 0.0000e+00
      3.685      0.017     8.5933     98.852    147.315 138.663064     8.9100     1.1421     0.0852     0.1269 1.2110e+02     2.2888      3.613      5.241    22.1135 0.0000e+00
      3.689      0.017     8.5960     99.024    147.287 138.604156     8.9100     1.1269     0.0852     0.1269 1.2110e+02     2.2435      3.618      5.247    22.0995 0.0000e+00
      3.693      0.016     8.6032     99.179    147.260 138.552772     9.2700     1.1269     0.0852     0.1269 1.2091e+02     2.5607      3.622      5.253    22.0854 0.0000e+00
      3.698      0.016     8.6147     99.273    147.254 138.527242     9.2700     1.1078     0.0852     0.1269 1.2099e+02     2.5305      3.626      5.259    22.0712 0.0000e+00
      3.702      0.015     8.6298     99.302    147.261 138.520759     9.2700     1.1193     0.0852     0.1269 1.2139e+02     2.5909      3.630      5.265    22.0580 0.0000e+00
      3.706      0.015     8.6467     99.313    147.263 138.511573     9.2700     1.1116     0.0852     0.1269 1.2102e+02     2.5758      3.634      5.270    22.0471 0.0000e+00
      3.709      0.014     8.6618     99.339    147.249 138.485220     9.5400     1.1574     0.0426     0.2115 1.2107e+02     2.2737      3.637      5.275    22.0382 0.0000e+00
      3.713      0.013     8.6710     99.371    147.221 138.442681     9.5400     1.1116     0.0426     0.2115 1.2157e+02     2.3643      3.641      5.280    22.0316 0.0000e+00
      3.716      0.013     8.6743     99.397    147.176 138.384625     9.5400     1.1231     0.0426     0.2115 1.2123e+02     2.2737      3.644      5.285    22.0271 0.0000e+00
      3.719      0.013     8.6759     99.432    147.130 138.329605     9.5400     1.1536     0.0426     0.2115 1.2083e+02     2.3341      3.647      5.290    22.0234 0.0000e+00
      3.722      0.013     8.6789     99.499    147.118 138.308997     9.5400     1.1154     0.0426     0.2115 1.2102e+02     2.2737      3.650      5.294    22.0189 0.0000e+00
      3.726      0.013     8.6826     99.605    147.131 138.307296    10.8900     1.1154     0.0852     0.1692 1.2154e+02     2.2586      3.653      5.299    22.0133 0.0000e+00
      3.729      0.013     8.6858     99.721    147.133 138.290011    10.8900     1.1193     0.0852     0.1692 1.2115e+02     2.2435      3.657      5.303    22.0081 0.0000e+00
      3.732      0.013     8.6895     99.808    147.124 138.256537    10.8900     1.1421     0.0852     0.1692 1.2110e+02     2.3341      3.660      5.308    22.0041 0.0000e+00
      3.735      0.012     8.6960     99.860    147.120 138.223974    10.8900     1.1002     0.0852     0.1692 1.2149e+02     2.3039      3.663      5.312    22.0007 0.0000e+00
      3.738      0.012     8.7060     99.884    147.124 138.197650    11.4300     1.0735     0.1278     0.1692 1.2141e+02     2.0169      3.666      5.317    21.9961 0.0000e+00
      3.741      0.012     8.7172     99.895    147.126 138.168544    11.4300     1.0735     0.1278     0.1692 1.2162e+02     2.1981      3.669      5.321    21.9895 0.0000e+00
      3.744      0.012     8.7263     99.913    147.119 138.128893    11.4300     1.0620     0.1278     0.1692 1.2173e+02     2.1528      3.672      5.326    21.9811 0.0000e+00
      3.747      0.012     8.7324     99.961    147.106 138.080133    11.4300     1.0353     0.1278     0.1692 1.2234e+02     2.1226      3.675      5.330    21.9713 0.0000e+00
      3.751      0.013     8.7362    100.039    147.082 138.019272    11.4300     1.0697     0.1278     0.1692 1.2237e+02     2.1528      3.678      5.334    21.9612 0.0000e+00
      3.754      0.013     8.7389    100.130    147.051 137.950099    11.4300     1.0735     0.1278     0.1692 1.2223e+02     2.1075      3.681      5.339    21.9507 0.0000e+00
      3.757      0.013     8.7425    100.206    147.038 137.894208    11.4300     1.0773     0.1278     0.1692 1.2215e+02     2.0471      3.685      5.344    21.9393 0.0000e+00
      3.761      0.013     8.7488    100.239    147.051 137.856713    11.4300     1.0582     0.1278     0.1692 1.2229e+02     2.1377      3.688      5.349    21.9269 0.0000e+00
      3.764      0.014     8.7578    100.214    147.089 137.839626    11.4300     1.0811     0.1278     0.2538 1.2258e+02     1.8507      3.691      5.354    21.9140 0.0000e+00
      3.768      0.014     8.7681    100.132    147.138 137.834385    11.4300     1.0735     0.1278     0.2538 1.2245e+02     1.8356      3.695      5.359    21.9004 0.0000e+00
      3.771      0.014     8.7771    100.011    147.160 137.807555    11.4300     1.0811     0.1278     0.2538 1.2255e+02     1.8809      3.698      5.364    21.8855 0.0000e+00
      3.775      0.013     8.7829     99.884    147.159 137.763992    11.4300     1.0506     0.1278     0.2538 1.2269e+02     1.8809      3.702      5.369    21.8686 0.0000e+00
      3.778      0.013     8.7838     99.790    147.155 137.724110    11.4300     1.1154     0.1278     0.2538 1.2263e+02     1.6543      3.705      5.374    21.8506 0.0000e+00
      3.782      0.012     8.7795     99.771    147.146 137.687283    11.5200     1.1193     0.0852     0.2538 1.2245e+02     1.6845      3.708      5.378    21.8333 0.0000e+00
      3.785      0.011     8.7717     99.851    147.155 137.671717    11.5200     1.1231     0.0852     0.2538 1.2266e+02     1.5637      3.711      5.383    21.8172 0.0000e+00
      3.787      0.011     8.7630    100.025    147.187 137.681270    11.5200     1.1040     0.0852     0.2538 1.2306e+02     1.7147      3.714      5.387    21.8025 0.0000e+00
      3.790      0.010     8.7569    100.261    147.222 137.698468    11.5200     1.2070     0.0852     0.2538 1.2258e+02     1.9413      3.717      5.390    21.7902 0.0000e+00
      3.792      0.009     8.7568    100.511    147.254 137.713882    11.4300     1.1879     0.0852     0.3384 1.2271e+02     1.9866      3.719      5.394    21.7805 0.0000e+00
      3.795      0.008     8.7652    100.738    147.273 137.719610    11.4300     1.1879     0.0852     0.3384 1.2293e+02     1.8205      3.721      5.397    21.7724 0.0000e+00
      3.797      0.008     8.7817    100.941    147.280 137.721183    11.4300     1.2223     0.0852     0.3384 1.2303e+02     1.9866      3.723      5.400    21.7657 0.0000e+00
      3.798      0.007     8.8033    101.138    147.288 137.735034    11.4300     1.1498     0.0852     0.3384 1.2250e+02     1.7147      3.725      5.403    21.7604 0.0000e+00
      3.800      0.006     8.8260    101.332    147.296 137.764858    11.3400     1.1460     0.0852     0.2961 1.2298e+02     1.6845      3.726      5.405    21.7556 0.0000e+00
      3.801      0.006     8.8467    101.508    147.288 137.798587    11.3400     1.1574     0.0852     0.2961 1.2298e+02     1.7147      3.727      5.407    21.7515 0.0000e+00
      3.803      0.006     8.8648    101.645    147.259 137.825197    11.3400     1.1383     0.0852     0.2961 1.2274e+02     1.6543      3.729      5.409    21.7497 0.0000e+00
      3.804      0.006     8.8817    101.740    147.210 137.839776    11.3400     1.0659     0.0852     0.2961 1.2263e+02     1.6996      3.730      5.410    21.7518 0.0000e+00
      3.805      0.006     8.8974    101.796    147.155 137.846214    11.3400     1.0659     0.0852     0.2115 1.2327e+02     1.6241      3.731      5.412    21.7595 0.0000e+00
      3.806      0.006     8.9105    101.812    147.101 137.834222    11.3400     1.0735     0.0852     0.2115 1.2322e+02     1.6996      3.732      5.414    21.7733 0.0000e+00
      3.808      0.007     8.9193    101.789    147.047 137.788593    11.3400     1.0773     0.0852     0.2115 1.2293e+02     1.5486      3.734      5.416    21.7918 0.0000e+00
      3.810      0.009     8.9241    101.738    147.013 137.721185    11.3400     1.1269     0.0852     0.2115 1.2279e+02     1.4126      3.736      5.419    21.8124 0.0000e+00
      3.812      0.011     8.9257    101.676    147.002 137.638046    11.3400     1.1116     0.0852     0.2115 1.2274e+02     1.4579      3.738      5.422    21.8318 0.0000e+00
      3.815      0.013     8.9248    101.605    147.015 137.543028    11.4300     1.1154     0.0426     0.2538 1.2360e+02     1.3371      3.741      5.426    21.8451 0.0000e+00
      3.818      0.015     8.9225    101.520    147.045 137.444821    11.4300     1.1231     0.0426     0.2538 1.2319e+02     1.4126      3.744      5.431    21.8467 0.0000e+00
      3.822      0.017     8.9201    101.419    147.067 137.341253    11.4300     1.1994     0.0426     0.2538 1.2325e+02     1.6241      3.748      5.437    21.8348 0.0000e+00
      3.827      0.019     8.9190    101.312    147.103 137.264758    11.4300     1.2146     0.0426     0.2538 1.2298e+02     1.6845      3.753      5.444    21.8099 0.0000e+00
      3.833      0.020     8.9191    101.225    147.166 137.230970    11.4300     1.1689     0.0426     0.2115 1.2258e+02     1.7449      3.758      5.451    21.7733 0.0000e+00
      3.838      0.021     8.9190    101.159    147.217 137.204848    11.4300     1.1956     0.0426     0.2115 1.2197e+02     1.6694      3.764      5.459    21.7304 0.0000e+00
      3.844      0.021     8.9174    101.099    147.246 137.169414    11.4300     1.1116     0.0426     0.2115 1.2263e+02     1.6694      3.769      5.467    21.6884 0.0000e+00
      3.849      0.020     8.9144    101.035    147.259 137.129231    11.4300     1.1231     0.0426     0.2115 1.2207e+02     1.6543      3.775      5.475    21.6508 0.0000e+00
      3.854      0.019     8.9122    100.955    147.274 137.107615    11.4300     1.1307     0.0426     0.0846 1.2157e+02     1.6392      3.779      5.482    21.6194 0.0000e+00
      3.859      0.018     8.9107    100.880    147.290 137.108809    11.4300     1.1231     0.0426     0.0846 1.2184e+02     1.6392      3.784      5.488    21.5943 0.0000e+00
      3.863      0.017     8.9091    100.866    147.293 137.119117    11.4300     1.0544     0.0426     0.0846 1.2194e+02     1.9111      3.788      5.495    21.5731 0.0000e+00
      3.868      0.017     8.9065    100.953    147.297 137.137286    11.4300     1.0697     0.0426     0.0846 1.2104e+02     1.9262      3.793      5.501    21.5553 0.0000e+00
      3.872      0.016     8.9015    101.137    147.316 137.164160    11.4300     1.0735     0.0426     0.0846 1.2094e+02     1.8809      3.797      5.507    21.5432 0.0000e+00
      3.876      0.016     8.8957    101.388    147.353 137.194894    11.4300     1.0659     0.0852     0.1692 1.2075e+02     1.8507      3.801      5.513    21.5388 0.0000e+00
      3.880      0.016     8.8941    101.655    147.394 137.213662    11.4300     1.1383     0.0852     0.1692 1.2052e+02     1.3824      3.805      5.518    21.5411 0.0000e+00
      3.884      0.016     8.9008    101.897    147.437 137.221461    11.4300     1.1231     0.0852     0.1692 1.2036e+02     1.3975      3.809      5.524    21.5461 0.0000e+00
      3.888      0.016     8.9166    102.093    147.468 137.216366    11.4300     1.1154     0.0852     0.1692 1.2026e+02     1.4126      3.813      5.530    21.5492 0.0000e+00
      3.892      0.016     8.9389    102.225    147.475 137.197014    11.4300     1.1269     0.0426     0.2538 1.1966e+02     1.3673      3.817      5.536    21.5480 0.0000e+00
      3.896      0.016     8.9636    102.281    147.493 137.196282    11.4300     1.1383     0.0426     0.2538 1.1992e+02     1.4277      3.821      5.542    21.5414 0.0000e+00
      3.900      0.016     8.9869    102.271    147.543 137.227989    11.4300     1.1421     0.0426     0.2538 1.1948e+02     1.4881      3.825      5.548    21.5305 0.0000e+00
      3.905      0.016     9.0061    102.217    147.617 137.278568    11.4300     1.1421     0.0426     0.2538 1.1932e+02     1.4428      3.829      5.554    21.5190 0.0000e+00
      3.909      0.016     9.0193    102.142    147.704 137.335480    11.5200     1.1421     0.0852     0.2538 1.1955e+02     1.4277      3.833      5.559    21.5102 0.0000e+00
      3.913      0.017     9.0253    102.061    147.787 137.381869    11.5200     1.1269     0.0852     0.2538 1.1906e+02     1.6241      3.837      5.565    21.5041 0.0000e+00
      3.917      0.017     9.0253    101.974    147.857 137.408083    11.5200     1.1078     0.0852     0.2538 1.1860e+02     1.5637      3.841      5.571    21.4991 0.0000e+00
      3.921      0.017     9.0216    101.874    147.908 137.407095    11.5200     1.1231     0.0852     0.2538 1.1901e+02     1.7147      3.846      5.578    21.4931 0.0000e+00
      3.926      0.017     9.0164    101.760    147.946 137.392654    11.6100     1.1345     0.1278     0.2115 1.1852e+02     1.6241      3.850      5.584    21.4850 0.0000e+00
      3.931      0.017     9.0111    101.649    147.965 137.376920    11.6100     1.1154     0.1278     0.2115 1.1775e+02     1.3824      3.855      5.591    21.4743 0.0000e+00
      3.936      0.016     9.0057    101.568    147.950 137.353693    11.6100     1.1612     0.1278     0.2115 1.1760e+02     1.4126      3.860      5.598    21.4612 0.0000e+00
      3.940      0.016     8.9997    101.541    147.919 137.326791    11.6100     1.1002     0.1278     0.2115 1.1765e+02     1.3975      3.864      5.604    21.4451 0.0000e+00
