Data/DataNotYetUploadedToEDI/Raw_CTD/RawDownloads/060421_fcr50.cnv
* Sea-Bird SBE19plus  Data File:
* FileName = C:\R\Reservoirs\Data\DataNotYetUploadedToEDI\Raw_CTD\RawDownloads\060421_fcr_50_0001.hex
* Software version 2.8.0.119
* Temperature SN = 7809
* Conductivity SN = 7809
* System UpLoad Time = Jun 04 2021 17:31:44
* <ApplicationData>
* <Seaterm232>
# nquan = 16
# nvalues = 1866                        
# units = specified
# name 0 = depFM: Depth [fresh water, m]
# name 1 = dz/dtM: Descent Rate [m/s]
# name 2 = orp: Oxidation Reduction Potential [mV]
# name 3 = sbeox0Mg/L: Oxygen, SBE 43 [mg/l]
# name 4 = sbeox0PS: Oxygen, SBE 43 [% saturation]
# name 5 = par/sat/log: PAR/Logarithmic, Satlantic
# name 6 = ph: pH
# name 7 = specc: Specific Conductance [uS/cm]
# name 8 = c0uS/cm: Conductivity [uS/cm]
# name 9 = flECO-AFL: Fluorescence, WET Labs ECO-AFL/FL [mg/m^3]
# name 10 = turbWETntu0: Turbidity, WET Labs ECO [NTU]
# name 11 = tv290C: Temperature [ITS-90, deg C]
# name 12 = density00: Density [density, kg/m^3]
# name 13 = prdE: Pressure, Strain Gauge [psi]
# name 14 = prdM: Pressure, Strain Gauge [db]
# name 15 = flag:  0.000e+00
# span 0 =     -0.648,      9.740       
# span 1 =     -0.194,      0.176       
# span 2 = -1240.7455,   349.5580       
# span 3 =     0.6636,    15.8888       
# span 4 =      5.694,    178.778       
# span 5 = 1.2339e-01, 1.6257e+03       
# span 6 =      7.152,     16.043       
# span 7 =      1.830,    126.001       
# span 8 =   1.672557,  83.755046       
# span 9 =    -1.8166,     7.6083       
# span 10 =   -10.0078,   274.5668      
# span 11 =     8.2030,    26.4851      
# span 12 =   996.6618,   999.9292      
# span 13 =     -0.922,     13.854      
# span 14 =     -0.636,      9.552      
# span 15 = 0.0000e+00, 0.0000e+00      
# interval = seconds: 0.25
# start_time = Jun 03 2021 23:11:05 [Instrument's time stamp, header]
# bad_flag = -9.990e-29
*END*
[from data line 181]
      0.093     -0.001   114.7549    12.9649    155.916 9.5645e+02     15.591     42.651  42.505560     3.0982    12.7752    24.8309   997.1103      0.132      0.091 0.0000e+00
      0.093     -0.004   115.1205    12.9594    155.786 9.5457e+02     15.591     42.718  42.569868     3.0814    12.7123    24.8289   997.1108      0.132      0.091 0.0000e+00
      0.092     -0.010   114.7895    12.9536    155.786 9.3907e+02     15.591     42.784  42.634154     3.1052    12.4445    24.8268   997.1114      0.131      0.090 0.0000e+00
      0.091     -0.021   114.2805    12.9385    155.941 9.3981e+02     15.591     42.608  42.457623     3.1762    11.9402    24.8260   997.1116      0.130      0.090 0.0000e+00
      0.089     -0.039   114.3002    12.9227    156.177 9.2983e+02     15.591     42.170  42.022367     3.2243    11.6616    24.8236   997.1123      0.129      0.089 0.0000e+00
      0.082     -0.056   114.6844    12.9096    156.412 9.1946e+02     15.591     41.897  41.751437     3.2293    11.6507    24.8214   997.1128      0.120      0.083 0.0000e+00
      0.066     -0.066   114.9675    12.9082    156.629 9.2691e+02     15.591     41.933  41.784372     3.2085    11.6714    24.8190   997.1133      0.102      0.070 0.0000e+00
      0.036     -0.069   114.9694    12.9255    156.788 8.7671e+02     15.591     42.064  41.912778     3.1338    11.9109    24.8158   997.1140      0.059      0.041 0.0000e+00
      0.000     -0.066   114.7077    12.9471    156.781 9.1624e+02     15.590     42.185  42.034460     3.0218    12.4180    24.8199   997.1125     -0.011     -0.007 0.0000e+00
     -0.021     -0.062   114.4697    12.9656    156.576 1.0401e+03     15.590     42.195  42.049571     2.9704    12.7570    24.8231   997.1115     -0.043     -0.029 0.0000e+00
     -0.022     -0.060   114.3292    12.9844    156.210 1.0032e+03     15.590     42.045  41.905056     2.9712    12.7472    24.8174   997.1131     -0.032     -0.022 0.0000e+00
     -0.021     -0.063   114.2146    13.0051    155.803 9.9774e+02     15.590     41.885  41.747110     2.9259    12.5057    24.8126   997.1143     -0.026     -0.018 0.0000e+00
     -0.028     -0.068   114.1159    13.0036    155.532 1.0241e+03     15.591     41.866  41.726769     2.8424    12.2066    24.8139   997.1140     -0.032     -0.023 0.0000e+00
     -0.050     -0.075   113.9095    12.9839    155.421 9.8429e+02     15.591     41.925  41.786064     2.8015    12.0829    24.8208   997.1122     -0.064     -0.044 0.0000e+00
     -0.085     -0.078   113.6988    12.9496    155.416 1.0661e+03     15.591     41.966  41.829280     2.8038    12.1094    24.8302   997.1096     -0.119     -0.082 0.0000e+00
     -0.122     -0.071   113.8055    12.9059    155.502 1.1833e+03     15.591     42.004  41.868444     2.7745    12.2181    24.8315   997.1090     -0.180     -0.124 0.0000e+00
     -0.146     -0.052   114.2531    12.8865    155.671 1.3224e+03     15.592     42.016  41.878741     2.7048    12.3662    24.8261   997.1102     -0.221     -0.152 0.0000e+00
     -0.151     -0.023   114.3785    12.8795    155.890 1.4819e+03     15.593     41.975  41.826820     2.6660    12.4247    24.8282   997.1098     -0.217     -0.150 0.0000e+00
     -0.147      0.008   113.9454    12.8767    156.043 1.4915e+03     15.593     41.918  41.748463     2.6684    12.4782    24.8329   997.1085     -0.208     -0.143 0.0000e+00
     -0.139      0.038   113.7486    12.8855    156.079 1.2681e+03     15.593     41.888  41.693007     2.6858    12.9106    24.8339   997.1083     -0.205     -0.141 0.0000e+00
     -0.123      0.062   114.0640    12.8977    156.065 1.0529e+03     15.594     41.880  41.664064     2.6949    13.5673    24.8345   997.1083     -0.176     -0.122 0.0000e+00
     -0.103      0.078   114.3170    12.9243    156.062 1.2256e+03     15.595     41.884  41.652390     2.6835    13.8605    24.8241   997.1110     -0.144     -0.099 0.0000e+00
     -0.083      0.086   114.3994    12.9463    156.117 1.3700e+03     15.595     41.921  41.678791     2.6810    13.9155    24.7930   997.1189     -0.123     -0.085 0.0000e+00
     -0.055      0.085   114.5430    12.9535    156.256 1.1322e+03     15.596     41.979  41.729361     2.7792    14.3008    24.7583   997.1279     -0.081     -0.055 0.0000e+00
     -0.023      0.076   114.5907    12.9575    156.486 9.5747e+02     15.596     42.009  41.756010     2.9739    14.9826    24.7341   997.1342     -0.026     -0.017 0.0000e+00
      0.001      0.062   114.5454    12.9593    156.781 9.9042e+02     15.596     42.001  41.747090     3.0802    15.3263    24.7166   997.1388      0.010      0.006 0.0000e+00
      0.012      0.045   114.5981    12.9668    157.108 1.0940e+03     15.596     41.999  41.748463     3.0732    15.2986    24.7042   997.1420      0.022      0.014 0.0000e+00
      0.015      0.028   114.9699    12.9794    157.478 1.1938e+03     15.595     42.018  41.772615     3.0605    15.2315    24.6960   997.1441      0.021      0.014 0.0000e+00
      0.015      0.013   115.4273    13.0009    157.866 1.2965e+03     15.595     42.026  41.785217     3.0507    14.6517    24.6907   997.1454      0.021      0.014 0.0000e+00
      0.015      0.005   115.4821    13.0272    158.135 1.2253e+03     15.595     42.011  41.773897     3.0320    13.5415    24.6904   997.1455      0.021      0.014 0.0000e+00
      0.016      0.002   115.4602    13.0522    158.198 9.1939e+02     15.595     41.997  41.762687     3.0150    12.8637    24.6956   997.1442      0.022      0.015 0.0000e+00
      0.016      0.001   115.4208    13.0802    158.073 8.2722e+02     15.594     42.010  41.776642     3.0074    12.7052    24.7023   997.1424      0.022      0.015 0.0000e+00
      0.016      0.002   115.5214    13.1174    157.805 9.5966e+02     15.594     42.047  41.815673     3.0253    12.5172    24.7088   997.1408      0.022      0.015 0.0000e+00
      0.016      0.005   116.1610    13.1417    157.475 9.3904e+02     15.594     42.083  41.853749     3.0598    12.2389    24.7135   997.1396      0.022      0.015 0.0000e+00
      0.016      0.012   116.6150    13.1436    157.157 7.8019e+02     15.593     42.084  41.856170     3.0820    12.0871    24.7155   997.1390      0.023      0.016 0.0000e+00
      0.017      0.021   116.5369    13.1335    156.959 6.8805e+02     15.593     42.073  41.844951     3.1029    12.0894    24.7171   997.1387      0.024      0.017 0.0000e+00
      0.021      0.029   116.5071    13.1065    156.919 7.2880e+02     15.594     42.077  41.845056     3.1884    12.3018    24.7192   997.1382      0.026      0.018 0.0000e+00
      0.032      0.038   116.8564    13.0780    156.892 8.0920e+02     15.595     42.094  41.857428     3.3247    12.6974    24.7215   997.1378      0.041      0.027 0.0000e+00
      0.048      0.045   117.2331    13.0475    156.751 8.3615e+02     15.595     42.106  41.867577     3.3967    12.9241    24.7241   997.1371      0.071      0.050 0.0000e+00
      0.062      0.048   117.2757    13.0263    156.455 8.6991e+02     15.595     42.081  41.840813     3.4101    12.9824    24.7242   997.1371      0.090      0.062 0.0000e+00
      0.075      0.049   117.2005    13.0331    156.097 9.2895e+02     15.595     42.030  41.787725     3.4571    13.0595    24.7192   997.1385      0.104      0.071 0.0000e+00
      0.088      0.048   117.3557    13.0348    155.922 9.1578e+02     15.595     41.978  41.733502     3.5269    13.1696    24.7126   997.1402      0.127      0.088 0.0000e+00
      0.099      0.047   117.7753    13.0251    156.041 8.0106e+02     15.595     41.942  41.693005     3.5486    13.2500    24.7098   997.1410      0.143      0.099 0.0000e+00
      0.107      0.046   117.9714    13.0006    156.379 6.6154e+02     15.595     41.933  41.678929     3.5385    13.2407    24.7087   997.1413      0.150      0.103 0.0000e+00
      0.118      0.043   117.9201    12.9592    156.833 5.5993e+02     15.595     41.948  41.690252     3.5755    13.0569    24.7062   997.1419      0.165      0.113 0.0000e+00
      0.134      0.041   117.9306    12.9430    157.288 5.3205e+02     15.595     41.962  41.702947     3.6526    12.7452    24.7039   997.1426      0.192      0.132 0.0000e+00
      0.147      0.040   118.0118    12.9583    157.642 5.5033e+02     15.595     41.965  41.705485     3.6893    12.5612    24.6982   997.1441      0.212      0.147 0.0000e+00
      0.153      0.038   118.0412    12.9905    157.796 5.3607e+02     15.595     41.982  41.720931     3.6854    12.5497    24.6897   997.1462      0.218      0.150 0.0000e+00
      0.160      0.034   117.7698    13.0332    157.701 4.9826e+02     15.595     42.024  41.762749     3.6909    12.6061    24.6863   997.1471      0.222      0.153 0.0000e+00
      0.170      0.029   117.5698    13.0734    157.454 4.8111e+02     15.595     42.091  41.830250     3.7663    12.6932    24.6862   997.1472      0.243      0.168 0.0000e+00
      0.180      0.026   117.8603    13.1063    157.268 4.7903e+02     15.596     42.161  41.902317     3.9003    12.7448    24.6849   997.1476      0.262      0.181 0.0000e+00
      0.185      0.025   118.3566    13.1221    157.224 4.6940e+02     15.596     42.191  41.935870     3.9660    12.7145    24.6822   997.1483      0.264      0.182 0.0000e+00
      0.188      0.024   118.5796    13.1120    157.272 4.4078e+02     15.595     42.171  41.918560     3.9500    12.6706    24.6822   997.1483      0.266      0.183 0.0000e+00
      0.193      0.021   118.1485    13.0817    157.417 4.0882e+02     15.594     42.136  41.883462     3.9173    12.6254    24.6843   997.1479      0.274      0.189 0.0000e+00
      0.198      0.020   117.6183    13.0629    157.614 3.9078e+02     15.594     42.082  41.828885     3.8949    12.5804    24.6864   997.1473      0.282      0.194 0.0000e+00
      0.204      0.020   117.7609    13.0635    157.783 3.7378e+02     15.595     42.020  41.766483     3.8985    12.6072    24.6924   997.1458      0.290      0.200 0.0000e+00
      0.211      0.020   118.2380    13.0624    157.882 3.5598e+02     15.595     42.018  41.763721     3.9039    12.6064    24.6966   997.1448      0.302      0.208 0.0000e+00
      0.216      0.019   118.6549    13.0776    157.840 3.4281e+02     15.594     42.050  41.795489     3.9221    12.6049    24.6939   997.1456      0.308      0.213 0.0000e+00
      0.220      0.018   118.4993    13.0986    157.641 3.2856e+02     15.594     42.025  41.769734     3.9746    12.6920    24.6920   997.1460      0.311      0.215 0.0000e+00
      0.224      0.016   117.9055    13.1103    157.344 3.1641e+02     15.594     41.962  41.706217     4.0151    12.7326    24.6937   997.1455      0.319      0.220 0.0000e+00
      0.228      0.015   117.8422    13.1237    157.043 3.0834e+02     15.594     41.922  41.662262     4.0207    12.7189    24.6922   997.1460      0.325      0.224 0.0000e+00
      0.232      0.014   118.2506    13.1207    156.896 3.0353e+02     15.595     41.887  41.619127     3.9851    12.4234    24.6901   997.1466      0.329      0.227 0.0000e+00
      0.235      0.013   118.7993    13.1012    156.962 2.9931e+02     15.596     41.841  41.565517     3.9178    11.8369    24.6901   997.1465      0.334      0.231 0.0000e+00
      0.239      0.012   118.9703    13.0759    157.152 2.9481e+02     15.596     41.805  41.521851     3.8840    11.5326    24.6908   997.1463      0.340      0.234 0.0000e+00
      0.241      0.011   118.5111    13.0443    157.344 2.9004e+02     15.596     41.765  41.472007     3.8914    11.5599    24.6880   997.1470      0.343      0.237 0.0000e+00
      0.243      0.010   118.2371    13.0333    157.391 2.9045e+02     15.597     41.714  41.407154     3.9020    11.6176    24.6739   997.1506      0.346      0.238 0.0000e+00
      0.246      0.009   118.4101    13.0463    157.221 2.9253e+02     15.598     41.694  41.372449     3.9085    11.6120    24.6625   997.1536      0.351      0.241 0.0000e+00
      0.250      0.008   118.7104    13.0651    156.914 2.7782e+02     15.598     41.704  41.369751     3.9025    11.5607    24.6589   997.1544      0.355      0.245 0.0000e+00
      0.252      0.006   118.8571    13.0899    156.630 2.6385e+02     15.598     41.722  41.374510     3.8865    11.5467    24.6450   997.1580      0.358      0.247 0.0000e+00
      0.252      0.006   118.7206    13.1021    156.520 2.6965e+02     15.598     41.728  41.366498     3.9250    11.7180    24.6247   997.1631      0.359      0.248 0.0000e+00
      0.252      0.007   118.6094    13.0876    156.615 2.7468e+02     15.599     41.715  41.336332     4.0250    12.0519    24.6095   997.1669      0.359      0.247 0.0000e+00
      0.253      0.008   118.6299    13.0618    156.835 2.7339e+02     15.600     41.727  41.327121     4.0746    12.2544    24.5929   997.1711      0.360      0.248 0.0000e+00
      0.254      0.011   118.7966    13.0357    157.069 2.7318e+02     15.600     41.738  41.318568     4.0674    12.2782    24.5774   997.1750      0.361      0.249 0.0000e+00
      0.258      0.015   119.3346    13.0297    157.206 2.7076e+02     15.602     41.691  41.232893     4.0618    12.3057    24.5630   997.1787      0.365      0.252 0.0000e+00
      0.263      0.019   119.8006    13.0457    157.180 2.6605e+02     15.605     41.594  41.052872     4.0163    12.5864    24.5441   997.1835      0.374      0.258 0.0000e+00
      0.269      0.022   119.7847    13.0746    156.978 2.6085e+02     15.609     41.521  40.855617     3.9364    13.0625    24.5108   997.1919      0.383      0.265 0.0000e+00
      0.275      0.024   119.8310    13.1018    156.664 2.5589e+02     15.614     41.556  40.751901     3.8882    13.2898    24.4967   997.1954      0.391      0.270 0.0000e+00
      0.281      0.026   120.0162    13.1209    156.395 2.5114e+02     15.618     41.659  40.750740     3.8713    13.2743    24.4715   997.2018      0.399      0.276 0.0000e+00
      0.288      0.028   120.5614    13.1466    156.357 2.4582e+02     15.619     41.657  40.714489     3.9136    13.2878    24.3597   997.2298      0.411      0.283 0.0000e+00
      0.295      0.031   121.5186    13.1668    156.716 2.3952e+02     15.619     41.525  40.567430     4.0091    13.3839    24.2019   997.2691      0.420      0.289 0.0000e+00
      0.303      0.034   121.9533    13.1812    157.432 2.3448e+02     15.620     41.437  40.432505     4.0714    13.5089    24.0139   997.3157      0.430      0.296 0.0000e+00
      0.312      0.037   122.0320    13.1910    158.166 2.3084e+02     15.622     41.415  40.352490     4.0951    13.5641    23.8606   997.3535      0.442      0.306 0.0000e+00
      0.323      0.041   122.1256    13.1826    158.580 2.2605e+02     15.625     41.415  40.298084     4.1246    13.4677    23.8584   997.3542      0.459      0.316 0.0000e+00
      0.334      0.045   122.0525    13.2088    158.560 2.2127e+02     15.627     41.446  40.282374     4.1797    13.3390    23.8669   997.3520      0.477      0.328 0.0000e+00
      0.345      0.047   122.4380    13.3060    158.252 2.1733e+02     15.627     41.486  40.289417     4.2173    13.3121    23.7795   997.3735      0.489      0.338 0.0000e+00
      0.358      0.046   123.4311    13.3964    157.992 2.1190e+02     15.627     41.538  40.319721     4.2267    13.3141    23.7089   997.3907      0.508      0.350 0.0000e+00
      0.373      0.044   124.0806    13.4508    158.032 2.0636e+02     15.628     41.566  40.331384     4.3028    13.2949    23.6448   997.4063      0.532      0.367 0.0000e+00
      0.386      0.041   124.0092    13.4610    158.326 2.0231e+02     15.630     41.489  40.240007     4.4321    13.2517    23.5824   997.4217      0.551      0.380 0.0000e+00
      0.395      0.038   123.6872    13.4306    158.651 1.9906e+02     15.631     41.374  40.103456     4.5020    13.2380    23.5488   997.4298      0.563      0.388 0.0000e+00
      0.402      0.033   123.9717    13.4049    158.849 1.9694e+02     15.631     41.373  40.076676     4.5188    13.2657    23.5263   997.4353      0.571      0.393 0.0000e+00
