Data/DataNotYetUploadedToEDI/Raw_CTD/RawDownloads/060421_fcr50.cnv
* Sea-Bird SBE19plus  Data File:
* FileName = C:\R\Reservoirs\Data\DataNotYetUploadedToEDI\Raw_CTD\RawDownloads\060421_fcr_50_0001.hex
* Software version 2.8.0.119
* Temperature SN = 7809
* Conductivity SN = 7809
* System UpLoad Time = Jun 04 2021 17:31:44
* <ApplicationData>
* <Seaterm232>
# nquan = 16
# nvalues = 1866                        
# units = specified
# name 0 = depFM: Depth [fresh water, m]
# name 1 = dz/dtM: Descent Rate [m/s]
# name 2 = orp: Oxidation Reduction Potential [mV]
# name 3 = sbeox0Mg/L: Oxygen, SBE 43 [mg/l]
# name 4 = sbeox0PS: Oxygen, SBE 43 [% saturation]
# name 5 = par/sat/log: PAR/Logarithmic, Satlantic
# name 6 = ph: pH
# name 7 = specc: Specific Conductance [uS/cm]
# name 8 = c0uS/cm: Conductivity [uS/cm]
# name 9 = flECO-AFL: Fluorescence, WET Labs ECO-AFL/FL [mg/m^3]
# name 10 = turbWETntu0: Turbidity, WET Labs ECO [NTU]
# name 11 = tv290C: Temperature [ITS-90, deg C]
# name 12 = density00: Density [density, kg/m^3]
# name 13 = prdE: Pressure, Strain Gauge [psi]
# name 14 = prdM: Pressure, Strain Gauge [db]
# name 15 = flag:  0.000e+00
# span 0 =     -0.648,      9.740       
# span 1 =     -0.194,      0.176       
# span 2 = -1240.7455,   349.5580       
# span 3 =     0.6636,    15.8888       
# span 4 =      5.694,    178.778       
# span 5 = 1.2339e-01, 1.6257e+03       
# span 6 =      7.152,     16.043       
# span 7 =      1.830,    126.001       
# span 8 =   1.672557,  83.755046       
# span 9 =    -1.8166,     7.6083       
# span 10 =   -10.0078,   274.5668      
# span 11 =     8.2030,    26.4851      
# span 12 =   996.6618,   999.9292      
# span 13 =     -0.922,     13.854      
# span 14 =     -0.636,      9.552      
# span 15 = 0.0000e+00, 0.0000e+00      
# interval = seconds: 0.25
# start_time = Jun 03 2021 23:11:05 [Instrument's time stamp, header]
# bad_flag = -9.990e-29
*END*
     -0.648 1.7039e-72 -1240.7455     8.1092    100.898 3.4127e+02      8.140      2.037   2.097131    -0.8987    -0.2466    26.4851   996.6618     -0.921     -0.635 0.0000e+00
     -0.647 1.8743e-71 -1240.7455     8.1168    100.851 3.2828e+02      8.500      2.027   2.087457    -0.9120    -0.2727    26.4847   996.6620     -0.920     -0.635 0.0000e+00
     -0.647 2.0617e-70 -1240.7455     8.1137    100.846 3.0694e+02      7.915      2.051   2.112042    -0.9196    -0.2725    26.4842   996.6621     -0.921     -0.635 0.0000e+00
     -0.648 2.2679e-69 -1240.7455     8.1151    100.869 2.8364e+02      7.152      2.079   2.140986    -0.9242    -0.3129    26.4840   996.6621     -0.921     -0.635 0.0000e+00
     -0.648 2.4947e-68 -1240.7455     8.1179    100.894 2.6350e+02      7.336      2.121   2.184015    -0.9300    -0.3498    26.4835   996.6623     -0.921     -0.635 0.0000e+00
     -0.648 2.7442e-67 -1240.7455     8.1068    100.924 2.4502e+02      7.921      2.126   2.188848    -0.9227    -0.2722    26.4831   996.6623     -0.922     -0.636 0.0000e+00
     -0.648 3.0186e-66 -1240.7455     8.1104    100.928 2.4440e+02      8.204      2.075   2.136075    -0.9115    -0.1642    26.4827   996.6624     -0.921     -0.635 0.0000e+00
     -0.648 3.3204e-65 -1240.7455     8.1126    100.900 2.7510e+02      8.533      2.055   2.116102    -0.9183    -0.1767    26.4823   996.6626     -0.922     -0.636 0.0000e+00
     -0.648 3.6525e-64 -1240.7455     8.1129    100.858 3.1300e+02      9.532      2.076   2.137407    -0.9284    -0.2526    26.4822   996.6626     -0.922     -0.636 0.0000e+00
     -0.648 4.0177e-63 -1240.7455     8.1182    100.833 3.4094e+02     11.238      2.079   2.140271    -0.9296    -0.2914    26.4822   996.6626     -0.922     -0.636 0.0000e+00
     -0.648 4.4195e-62 -1240.7455     8.1176    100.844 3.6209e+02     12.953      2.089   2.150729    -0.9229    -0.2681    26.4821   996.6626     -0.922     -0.636 0.0000e+00
     -0.648 4.8615e-61 -1240.7455     8.1156    100.880 3.7737e+02     14.128      2.137   2.200495    -0.9140    -0.1427    26.4811   996.6629     -0.922     -0.636 0.0000e+00
     -0.648 5.3476e-60 -1240.7455     8.1110    100.924 3.8347e+02     14.812      2.232   2.298541    -0.9172     0.0233    26.4800   996.6632     -0.921     -0.635 0.0000e+00
     -0.648 5.8824e-59 -1240.7455     8.1084    100.960 3.7797e+02     15.171      2.378   2.449281    -0.9147     0.1252    26.4793   996.6634     -0.922     -0.636 0.0000e+00
     -0.648 6.4706e-58 -1240.7455     8.1102    100.981 3.6325e+02     15.339      2.492   2.566013    -0.9022     0.1625    26.4790   996.6635     -0.921     -0.635 0.0000e+00
     -0.648 7.1177e-57 -1240.7455     8.1130    100.937 3.4576e+02     15.521      2.557   2.632970    -0.9005     0.1652    26.4791   996.6635     -0.921     -0.635 0.0000e+00
     -0.648 7.8294e-56 -1240.7455     8.1178    100.774 3.3435e+02     15.687      2.673   2.752036    -0.9122     0.1915    26.4792   996.6634     -0.922     -0.636 0.0000e+00
     -0.648 8.6124e-55 -1240.7455     8.1196    100.500 3.2791e+02     15.655      2.844   2.928642    -0.9193     0.2403    26.4788   996.6636     -0.921     -0.635 0.0000e+00
     -0.648 9.4736e-54 -1240.7455     8.1235    100.153 3.1991e+02     15.538      3.031   3.121129    -0.9112     0.2058    26.4787   996.6636     -0.921     -0.635 0.0000e+00
     -0.648 1.0421e-52 -1240.7455     8.1222     99.794 3.1319e+02     15.483      3.210   3.305494    -0.9093     0.1180    26.4784   996.6637     -0.921     -0.635 0.0000e+00
     -0.648 1.1463e-51 -1240.7455     8.1085     99.551 3.0919e+02     15.461      3.348   3.447241    -0.9161     0.0371    26.4780   996.6638     -0.921     -0.635 0.0000e+00
     -0.648 1.2609e-50 -1240.7455     8.0850     99.506 3.0673e+02     15.456      3.465   3.567911    -0.9170    -0.0165    26.4779   996.6639     -0.922     -0.636 0.0000e+00
     -0.648 1.3870e-49 -1240.7455     8.0563     99.566 3.5143e+02     15.473      3.581   3.687479    -0.9200     0.0190    26.4777   996.6640     -0.921     -0.635 0.0000e+00
     -0.648 1.5257e-48 -1240.7455     8.0236     99.636 8.8100e+02     15.498      3.645   3.752534    -0.9334     0.0205    26.4772   996.6641     -0.921     -0.635 0.0000e+00
     -0.648 1.6783e-47 -1240.7455     7.9986     99.666 1.6257e+03     15.518      3.675   3.784286    -0.9452    -0.1015    26.4764   996.6644     -0.921     -0.635 0.0000e+00
     -0.647 1.8461e-46 -1240.7455     8.0018     99.676 1.5518e+03     15.529      3.708   3.817975    -0.9382    -0.2209    26.4756   996.6646     -0.921     -0.635 0.0000e+00
     -0.647 2.0308e-45 -1240.7455     8.0084     99.742 1.2349e+03     15.534      3.671   3.779731    -0.9257    -0.2904    26.4744   996.6649     -0.921     -0.635 0.0000e+00
     -0.647 2.2338e-44 -1240.7455     8.0157     99.859 1.2227e+03     15.541      3.596   3.702012    -0.9268    -0.3575    26.4731   996.6653     -0.921     -0.635 0.0000e+00
     -0.648 2.4572e-43 -1240.7455     8.0189     99.969 9.0313e+02     15.563      3.534   3.638552    -0.9237    -0.3801    26.4715   996.6658     -0.922     -0.636 0.0000e+00
     -0.648 2.7029e-42 -1240.7455     8.0150    100.054 5.4432e+02     15.589      3.480   3.582622    -0.9063    -0.3229    26.4699   996.6661     -0.922     -0.636 0.0000e+00
     -0.648 2.9732e-41 -1240.7455     8.0218    100.108 4.5797e+02     15.568      3.431   3.532604    -0.8981    -0.2843    26.4693   996.6663     -0.921     -0.635 0.0000e+00
     -0.648 3.2706e-40 -1240.7455     8.0337    100.128 3.8836e+02     15.517      3.377   3.477270    -0.9106    -0.2908    26.4694   996.6663     -0.921     -0.635 0.0000e+00
     -0.648 3.5976e-39 -1240.7455     8.0422    100.123 3.3639e+02     15.502      3.322   3.420423    -0.9236    -0.2983    26.4699   996.6662     -0.920     -0.635 0.0000e+00
     -0.648 3.9574e-38 -1240.7455     8.0492    100.113 3.1188e+02     15.514      3.256   3.352108    -0.9217    -0.3413    26.4701   996.6661     -0.921     -0.635 0.0000e+00
     -0.647 4.3531e-37 -1240.7455     8.0541    100.125 2.4222e+02     15.521      3.191   3.284824    -0.9261    -0.3984    26.4707   996.6659     -0.921     -0.635 0.0000e+00
     -0.647 4.7884e-36 -1240.7455     8.0546    100.158 1.8496e+02     15.523      3.148   3.240440    -0.9384    -0.4052    26.4718   996.6656     -0.921     -0.635 0.0000e+00
     -0.647 5.2673e-35 -1240.7455     8.0543    100.221 1.6582e+02     15.526      3.104   3.195589    -0.9367    -0.3546    26.4728   996.6653     -0.921     -0.635 0.0000e+00
     -0.647 5.7940e-34 -1240.7455     8.0512    100.285 1.5425e+02     15.530      3.033   3.122646    -0.9248    -0.3011    26.4737   996.6651     -0.921     -0.635 0.0000e+00
     -0.647 6.3734e-33 -1240.7455     8.0537    100.290 1.4844e+02     15.533      2.968   3.055377    -0.9193    -0.3078    26.4744   996.6649     -0.920     -0.634 0.0000e+00
     -0.647 7.0107e-32 -1240.7455     8.0548    100.249 1.4834e+02     15.534      2.929   3.015782    -0.9275    -0.3323    26.4749   996.6647     -0.920     -0.634 0.0000e+00
     -0.647 7.7118e-31 -1240.7455     8.0603    100.232 1.5216e+02     15.534      2.876   2.960670    -0.9375    -0.3583    26.4751   996.6647     -0.920     -0.634 0.0000e+00
     -0.647 8.4830e-30 -1240.7455     8.0691    100.282 1.5627e+02     15.534      2.813   2.895848    -0.9346    -0.3811    26.4755   996.6646     -0.920     -0.634 0.0000e+00
     -0.647 9.3313e-29 -1240.7455     8.0678    100.352 1.5784e+02     15.534      2.784   2.865550    -0.9217    -0.3674    26.4762   996.6644     -0.920     -0.634 0.0000e+00
     -0.647 1.0264e-27 -1240.7455     8.0627    100.374 1.5792e+02     15.534      2.766   2.847747    -0.9148    -0.3304    26.4765   996.6643     -0.920     -0.634 0.0000e+00
     -0.647 1.1291e-26 -1240.7455     8.0587    100.348 1.5869e+02     15.534      2.726   2.807306    -0.9186    -0.2773    26.4767   996.6642     -0.920     -0.634 0.0000e+00
     -0.647 1.2420e-25 -1240.7455     8.0654    100.332 1.5953e+02     15.534      2.677   2.756686    -0.9292    -0.2748    26.4770   996.6642     -0.920     -0.634 0.0000e+00
     -0.647 1.3662e-24 -1240.7455     8.0731    100.345 1.5913e+02     15.535      2.663   2.742532    -0.9382    -0.3341    26.4776   996.6640     -0.920     -0.634 0.0000e+00
     -0.647 1.5028e-23 -1240.7455     8.0750    100.350 1.5953e+02     15.536      2.683   2.762878    -0.9321    -0.3421    26.4779   996.6639     -0.921     -0.635 0.0000e+00
     -0.647 1.6531e-22 -1240.7455     8.0704    100.358 1.6283e+02     15.536      2.670   2.749277    -0.9211    -0.3025    26.4780   996.6638     -0.920     -0.634 0.0000e+00
     -0.647 1.8184e-21 -1240.7455     8.0679    100.389 1.7184e+02     15.537      2.627   2.704791    -0.9204    -0.3018    26.4781   996.6638     -0.920     -0.634 0.0000e+00
     -0.648 2.0002e-20 -1240.7455     8.0719    100.430 1.8555e+02     15.537      2.591   2.668462    -0.9330    -0.3335    26.4784   996.6637     -0.921     -0.635 0.0000e+00
     -0.648 2.2003e-19 -1240.7455     8.0707    100.465 1.9512e+02     15.537      2.551   2.626787    -0.9395    -0.3420    26.4791   996.6635     -0.922     -0.635 0.0000e+00
     -0.647 2.4203e-18 -1240.7455     8.0703    100.472 1.9797e+02     15.537      2.507   2.581010    -0.9226    -0.3361    26.4796   996.6634     -0.920     -0.634 0.0000e+00
     -0.647 2.6623e-17 -1240.7455     8.0740    100.456 1.9831e+02     15.537      2.485   2.558437    -0.9102    -0.3318    26.4803   996.6632     -0.920     -0.634 0.0000e+00
     -0.647 2.9286e-16 -1240.7455     8.0769    100.455 1.9792e+02     15.537      2.470   2.543912    -0.9139    -0.3236    26.4808   996.6631     -0.920     -0.634 0.0000e+00
     -0.647 3.2214e-15 -1240.7455     8.0810    100.471 1.9755e+02     15.537      2.459   2.532092    -0.9204    -0.3053    26.4807   996.6631     -0.920     -0.634 0.0000e+00
     -0.647 3.5435e-14 -1240.7455     8.0818    100.485 1.9698e+02     15.537      2.469   2.542233    -0.9214    -0.2823    26.4806   996.6631     -0.920     -0.634 0.0000e+00
     -0.647 3.8979e-13 -1240.7455     8.0781    100.501 1.9584e+02     15.538      2.467   2.539821    -0.9169    -0.3213    26.4804   996.6631     -0.920     -0.634 0.0000e+00
     -0.647 4.2877e-12 -1240.7455     8.0785    100.516 1.9599e+02     15.538      2.431   2.502934    -0.9130    -0.3294    26.4801   996.6632     -0.920     -0.634 0.0000e+00
     -0.647 4.7165e-11 -1240.7455     8.0812    100.533 1.9809e+02     15.537      2.405   2.476337    -0.9127    -0.2433    26.4802   996.6632     -0.920     -0.634 0.0000e+00
     -0.647 5.1881e-10 -1240.7455     8.0811    100.567 2.0077e+02     15.537      2.401   2.471649    -0.9219    -0.2423    26.4805   996.6631     -0.921     -0.635 0.0000e+00
     -0.647 5.7069e-09 -1240.7455     8.0827    100.586 2.0380e+02     15.537      2.376   2.446247    -0.9290    -0.3168    26.4811   996.6630     -0.920     -0.634 0.0000e+00
     -0.647 6.2776e-08 -1240.7451     8.0847    100.582 2.0642e+02     15.538      2.352   2.422606    -0.9232    -0.2512    26.4812   996.6629     -0.919     -0.634 0.0000e+00
     -0.647 6.9054e-07 -1240.7409     8.0836    100.553 2.0759e+02     15.538      2.368   2.439207    -0.9088    -0.0670    26.4812   996.6630     -0.920     -0.634 0.0000e+00
     -0.647      0.000 -1240.6949     8.0893    100.491 2.0877e+02     15.535      2.386   2.456918    -0.8983     0.0219    26.4807   996.6630     -0.921     -0.635 0.0000e+00
     -0.647      0.000 -1240.1884     8.0906    100.470 2.1071e+02     15.535      2.376   2.446696    -0.9195    -0.0342    26.4813   996.6629     -0.920     -0.634 0.0000e+00
     -0.647      0.001 -1234.6176     8.0891    100.510 2.1341e+02     15.541      2.434   2.505670    -1.0888    -0.0252    26.4804   996.6631     -0.921     -0.635 0.0000e+00
     -0.647      0.005 -1173.3390     8.0896    100.565 2.2032e+02     15.639      3.024   3.106613    -1.3716     0.1303    26.4817   996.6628     -0.920     -0.634 0.0000e+00
     -0.647      0.016  -576.8814     8.0801    100.620 2.3114e+02     15.849      8.883   9.079134    -1.5063     0.2330    26.4787   996.6636     -0.920     -0.634 0.0000e+00
     -0.647      0.038   260.9097     8.0778    100.655 2.4030e+02     16.001     23.703  24.136706    -1.3927     0.8050    26.4809   996.6629     -0.920     -0.634 0.0000e+00
     -0.644      0.072   349.5580     8.0852    100.662 2.4701e+02     15.991     38.320  38.885507    -0.0171     7.8019    26.4737   996.6650     -0.920     -0.634 0.0000e+00
     -0.631      0.108   123.4391     8.0872    100.663 2.5285e+02     15.872     43.758  44.243730     2.5004    20.6976    26.4822   996.6625     -0.906     -0.625 0.0000e+00
     -0.600      0.135   104.4032     8.1053    100.665 2.6035e+02     15.745     43.660  43.997760     3.8683    28.1826    26.3980   996.6857     -0.866     -0.597 0.0000e+00
     -0.546      0.148   100.1238     8.1553    100.669 2.7349e+02     15.670     42.999  43.211864     3.9714    34.3410    26.0789   996.7767     -0.788     -0.543 0.0000e+00
     -0.477      0.146    97.0795     8.2023    100.672 2.8725e+02     15.632     42.624  42.740100     3.6034    95.6740    25.7534   996.8692     -0.668     -0.461 0.0000e+00
     -0.423      0.131    96.2452     8.2349    100.659 2.9412e+02     15.612     42.439  42.483226     2.8907   208.1037    25.5390   996.9262     -0.579     -0.400 0.0000e+00
     -0.400      0.106    95.6288     8.2611    100.665 2.9664e+02     15.602     42.268  42.264190     2.5069   269.4227    25.3675   996.9705     -0.562     -0.388 0.0000e+00
     -0.395      0.085    94.7037     8.2812    100.747 2.9879e+02     15.603     42.089  42.059475     2.4829   274.5668    25.2313   997.0056     -0.565     -0.389 0.0000e+00
     -0.391      0.077    92.8884     8.3006    100.904 3.0089e+02     15.606     42.019  41.975781     2.4759   270.1973    25.1191   997.0344     -0.558     -0.384 0.0000e+00
     -0.384      0.088    91.8353     8.3105    101.099 3.0390e+02     15.596     42.194  42.140915     2.3546   216.6261    25.0363   997.0558     -0.550     -0.379 0.0000e+00
     -0.366      0.111    91.9513     8.3173    101.354 3.1136e+02     15.581     42.405  42.342187     2.1422   118.3850    24.9807   997.0699     -0.532     -0.367 0.0000e+00
     -0.327      0.135    90.1608     8.3280    101.649 3.4908e+02     15.573     42.325  42.251102     2.0254    64.7377    24.9516   997.0774     -0.475     -0.328 0.0000e+00
     -0.272      0.156    87.3086     8.3461    102.003 6.7376e+02     15.572     42.139  42.055250     2.0204    58.8029    24.9418   997.0802     -0.386     -0.266 0.0000e+00
     -0.221      0.171    86.6329     8.3606    102.561 1.2534e+03     15.574     42.032  41.941934     2.0332    46.8340    24.9316   997.0831     -0.306     -0.211 0.0000e+00
     -0.180      0.176    88.7877     8.3843    103.251 1.5382e+03     15.577     42.052  41.960087     2.0176    25.6660    24.9202   997.0864     -0.256     -0.176 0.0000e+00
     -0.141      0.169    90.9920     8.4149    103.855 1.4780e+03     15.579     42.173  42.084306     1.9948    14.1460    24.9061   997.0901     -0.204     -0.141 0.0000e+00
     -0.096      0.152    90.3986     8.4341    104.254 1.3867e+03     15.581     42.133  42.047378     1.9961    13.1197    24.8930   997.0936     -0.138     -0.096 0.0000e+00
     -0.049      0.130    89.3563     8.4871    104.420 1.2042e+03     15.582     41.848  41.767506     2.0416    12.7412    24.8863   997.0954     -0.068     -0.047 0.0000e+00
     -0.009      0.107    90.3489     8.5531    104.285 9.1851e+02     15.584     41.503  41.429866     2.1254    12.1797    24.8811   997.0969     -0.002     -0.002 0.0000e+00
      0.014      0.082    92.1621     8.6040    103.818 7.9731e+02     15.584     41.273  41.202243     2.1609    11.8934    24.8901   997.0949      0.029      0.020 0.0000e+00
