Data/DataNotYetUploadedToEDI/Raw_CTD/RawDownloads/060426_ccr50_S8188009.cnv
* Sea-Bird SBE19plus  Data File:
* FileName = C:\R\Reservoirs\Data\DataNotYetUploadedToEDI\Raw_CTD\RawDownloads\062526_ccr50_S8188_0009.hex
* Software version 2.8.0.119
* Temperature SN = 8188
* Conductivity SN = 8188
* System UpLoad Time = Jun 29 2026 18:11:47
* <ApplicationData>
* <Seaterm232>
# nquan = 16
# nvalues = 5844                        
# units = specified
# name 0 = depFM: Depth [fresh water, m]
# name 1 = dz/dtM: Descent Rate [m/s]
# name 2 = sbeox0Mg/L: Oxygen, SBE 43 [mg/l]
# name 3 = sbeox0PS: Oxygen, SBE 43 [% saturation]
# name 4 = specc: Specific Conductance [uS/cm]
# name 5 = c0uS/cm: Conductivity [uS/cm]
# name 6 = wetCDOM: Fluorescence, WET Labs CDOM [mg/m^3]
# name 7 = flECO-AFL: Fluorescence, WET Labs ECO-AFL/FL [mg/m^3]
# name 8 = flECO-AFL1: Fluorescence, WET Labs ECO-AFL/FL, 2 [mg/m^3]
# name 9 = flECO-AFL2: Fluorescence, WET Labs ECO-AFL/FL, 3 [mg/m^3]
# name 10 = par/sat/log: PAR/Logarithmic, Satlantic
# name 11 = turbWETntu0: Turbidity, WET Labs ECO [NTU]
# name 12 = prdM: Pressure, Strain Gauge [db]
# name 13 = prdE: Pressure, Strain Gauge [psi]
# name 14 = tv290C: Temperature [ITS-90, deg C]
# name 15 = flag:  0.000e+00
# span 0 =     -0.398,     17.047       
# span 1 =     -0.235,      0.176       
# span 2 =    -0.1613,    11.0176       
# span 3 =     -1.453,    106.519       
# span 4 =   -652.210,    213.675       
# span 5 =-480.619084, 152.902077       
# span 6 =   -23.7600,    30.3300       
# span 7 =    -1.5129,   245.1415       
# span 8 =    -2.1300,     5.5380       
# span 9 =    -3.8916,     6.8949       
# span 10 = 1.1587e-01, 2.5004e+03      
# span 11 =    -8.6936,   971.0945      
# span 12 =     -0.390,     16.717      
# span 13 =     -0.566,     24.246      
# span 14 =    10.7439,    23.7338      
# span 15 = 0.0000e+00, 0.0000e+00      
# interval = seconds: 0.25
# start_time = Jun 04 2026 10:39:05 [Instrument's time stamp, header]
# bad_flag = -9.990e-29
*END*
[from data line 5243]
     10.793     -0.074     9.1256     84.482    145.667 107.474276    17.8200     1.3710     0.2556     0.4653 5.5606e+00    21.6250     10.584     15.351    11.8886 0.0000e+00
     10.776     -0.066     9.1257     84.431    145.667 107.474348    17.8200     1.3787     0.2556     0.4653 5.4910e+00    21.6401     10.567     15.327    11.8880 0.0000e+00
     10.761     -0.058     9.1263     84.361    145.690 107.490254    17.9100     1.4855     0.2556     0.4230 5.4695e+00    36.3387     10.553     15.306    11.8876 0.0000e+00
     10.748     -0.051     9.1265     84.284    145.728 107.516240    17.9100     1.4893     0.2556     0.4230 5.4803e+00    36.3085     10.541     15.288    11.8875 0.0000e+00
     10.737     -0.047     9.1242     84.214    145.759 107.537245    17.9100     1.4855     0.2556     0.4230 5.5005e+00    36.2480     10.530     15.272    11.8875 0.0000e+00
     10.727     -0.045     9.1187     84.161    145.780 107.550874    17.9100     1.5084     0.2556     0.4230 5.5510e+00    36.2480     10.519     15.257    11.8875 0.0000e+00
     10.717     -0.046     9.1112     84.127    145.783 107.552762    17.9100     1.4817     0.2556     0.4230 5.4541e+00    30.8701     10.509     15.243    11.8871 0.0000e+00
     10.706     -0.050     9.1031     84.113    145.770 107.543415    16.9200     1.4969     0.2130     0.3807 5.5005e+00    30.9155     10.499     15.227    11.8865 0.0000e+00
     10.694     -0.057     9.0956     84.113    145.732 107.516341    16.9200     1.4969     0.2130     0.3807 5.4660e+00    30.7795     10.487     15.210    11.8858 0.0000e+00
     10.680     -0.065     9.0900     84.114    145.679 107.478316    16.9200     1.4855     0.2130     0.3807 5.4529e+00    30.7946     10.473     15.190    11.8853 0.0000e+00
     10.662     -0.075     9.0864     84.111    145.643 107.453184    16.9200     1.5046     0.2130     0.3807 5.5570e+00    57.1553     10.456     15.165    11.8851 0.0000e+00
     10.641     -0.083     9.0849     84.102    145.618 107.436244    16.7400     1.4893     0.2556     0.3384 5.7125e+00    57.1553     10.435     15.135    11.8851 0.0000e+00
     10.617     -0.091     9.0848     84.091    145.593 107.418981    16.7400     1.5084     0.2556     0.3384 5.8000e+00    57.2762     10.412     15.101    11.8854 0.0000e+00
     10.591     -0.097     9.0849     84.085    145.583 107.412783    16.7400     1.5084     0.2556     0.3384 6.0249e+00    57.1402     10.386     15.064    11.8859 0.0000e+00
     10.565     -0.101     9.0844     84.096    145.591 107.419996    16.7400     1.7334     0.2556     0.3384 6.1106e+00    56.8985     10.361     15.027    11.8865 0.0000e+00
     10.539     -0.104     9.0833     84.124    145.597 107.426551    16.9200     1.7525     0.1704     0.3807 6.1185e+00    56.8079     10.335     14.990    11.8870 0.0000e+00
     10.513     -0.106     9.0820     84.160    145.603 107.434196    16.9200     1.7449     0.1704     0.3807 6.1787e+00    56.9741     10.309     14.952    11.8874 0.0000e+00
     10.486     -0.108     9.0813     84.195    145.615 107.446970    16.9200     1.7258     0.1704     0.3807 6.3075e+00    56.9136     10.283     14.914    11.8877 0.0000e+00
     10.457     -0.109     9.0823     84.224    145.613 107.450286    16.9200     1.4359     0.1704     0.3807 6.3806e+00    35.3114     10.255     14.874    11.8882 0.0000e+00
     10.428     -0.109     9.0853     84.242    145.597 107.443030    16.9200     1.4321     0.1704     0.3807 6.5634e+00    35.3114     10.226     14.832    11.8889 0.0000e+00
     10.399     -0.106     9.0889     84.260    145.583 107.437261    16.3800     1.4283     0.1704     0.2961 6.7500e+00    35.2359     10.197     14.791    11.8900 0.0000e+00
     10.370     -0.102     9.0925     84.288    145.586 107.443436    16.3800     1.4550     0.1704     0.2961 6.9283e+00    35.3416     10.170     14.750    11.8914 0.0000e+00
     10.344     -0.094     9.0952     84.328    145.608 107.463202    16.3800     1.4359     0.1704     0.2961 6.9979e+00    25.0844     10.144     14.712    11.8930 0.0000e+00
     10.320     -0.086     9.0968     84.384    145.645 107.491833    16.3800     1.4283     0.1704     0.2961 7.1361e+00    25.0995     10.121     14.679    11.8947 0.0000e+00
     10.300     -0.077     9.0984     84.458    145.684 107.520973    16.6500     1.4359     0.1704     0.3384 7.1361e+00    24.9786     10.101     14.650    11.8962 0.0000e+00
     10.282     -0.070     9.1012     84.544    145.692 107.528403    16.6500     1.4511     0.1704     0.3384 7.1299e+00    25.0391     10.084     14.625    11.8976 0.0000e+00
     10.267     -0.065     9.1053     84.631    145.665 107.510107    16.6500     1.6266     0.1704     0.3384 7.1392e+00    17.1535     10.069     14.603    11.8986 0.0000e+00
     10.253     -0.062     9.1112     84.709    145.633 107.489194    16.6500     1.6228     0.1704     0.3384 7.1284e+00    17.0780     10.054     14.583    11.8991 0.0000e+00
     10.238     -0.064     9.1191     84.766    145.611 107.476082    16.3800     1.6419     0.1278     0.2538 7.1501e+00    17.1837     10.040     14.562    11.8994 0.0000e+00
     10.223     -0.069     9.1283     84.802    145.583 107.459278    16.3800     1.6495     0.1278     0.2538 7.1969e+00    17.1988     10.026     14.541    11.8997 0.0000e+00
     10.207     -0.077     9.1377     84.819    145.557 107.444297    16.3800     1.6075     0.1278     0.2538 7.1299e+00    35.5078     10.010     14.518    11.9003 0.0000e+00
     10.188     -0.087     9.1458     84.820    145.551 107.445135    16.3800     1.6228     0.1278     0.2538 7.1160e+00    35.6287      9.991     14.490    11.9012 0.0000e+00
     10.164     -0.099     9.1517     84.814    145.554 107.454021    16.2000     1.6343     0.1278     0.2961 7.2802e+00    35.5834      9.968     14.457    11.9024 0.0000e+00
     10.137     -0.108     9.1554     84.817    145.558 107.465328    16.2000     1.6075     0.1278     0.2961 7.5263e+00    35.5380      9.941     14.418    11.9037 0.0000e+00
     10.105     -0.114     9.1569     84.840    145.557 107.476073    16.2000     1.3024     0.1278     0.2961 7.8932e+00    20.8093      9.910     14.373    11.9052 0.0000e+00
     10.072     -0.116     9.1566     84.882    145.560 107.491123    16.2000     1.3138     0.1278     0.2961 8.3719e+00    20.8999      9.877     14.325    11.9069 0.0000e+00
     10.039     -0.112     9.1556     84.937    145.577 107.518488    16.2000     1.3138     0.1278     0.2961 8.6287e+00    20.9150      9.844     14.278    11.9092 0.0000e+00
     10.009     -0.106     9.1553     84.997    145.610 107.557470    16.2900     1.3176     0.1278     0.3384 8.7324e+00    20.9150      9.815     14.236    11.9121 0.0000e+00
      9.983     -0.097     9.1569     85.066    145.642 107.594475    16.2900     1.6304     0.1278     0.3384 8.6870e+00    15.2048      9.790     14.200    11.9159 0.0000e+00
      9.961     -0.089     9.1606     85.142    145.644 107.607384    16.2900     1.6190     0.1278     0.3384 8.6681e+00    15.2652      9.769     14.168    11.9204 0.0000e+00
      9.942     -0.084     9.1654     85.216    145.626 107.603640    16.2900     1.6075     0.1278     0.3384 8.5856e+00    15.2954      9.749     14.140    11.9255 0.0000e+00
      9.923     -0.081     9.1709     85.279    145.621 107.606233    16.4700     1.5885     0.0852     0.2538 8.6380e+00    15.1595      9.731     14.113    11.9306 0.0000e+00
      9.904     -0.080     9.1773     85.326    145.612 107.603860    16.4700     1.3863     0.0852     0.2538 8.6870e+00    15.6882      9.712     14.086    11.9352 0.0000e+00
      9.883     -0.080     9.1847     85.361    145.587 107.589892    16.4700     1.3367     0.0852     0.2538 8.9204e+00    15.6580      9.692     14.057    11.9391 0.0000e+00
      9.862     -0.079     9.1920     85.387    145.577 107.586593    16.4700     1.3901     0.0852     0.2538 9.1680e+00    15.6429      9.671     14.026    11.9422 0.0000e+00
      9.840     -0.076     9.1984     85.405    145.581 107.595081    16.2000     1.3939     0.1704     0.2961 9.4286e+00    15.6731      9.650     13.995    11.9445 0.0000e+00
      9.819     -0.071     9.2032     85.417    145.584 107.603628    16.2000     1.5084     0.1704     0.2961 9.6462e+00    19.7669      9.629     13.965    11.9461 0.0000e+00
      9.800     -0.063     9.2067     85.421    145.589 107.614512    16.2000     1.5046     0.1704     0.2961 9.7919e+00    19.6914      9.611     13.939    11.9475 0.0000e+00
      9.785     -0.054     9.2091     85.418    145.598 107.630636    16.2000     1.4931     0.1704     0.2961 9.7749e+00    19.8424      9.595     13.917    11.9490 0.0000e+00
      9.772     -0.043     9.2107     85.418    145.618 107.658299    16.2000     1.5084     0.1704     0.2961 9.8239e+00    19.7216      9.584     13.900    11.9508 0.0000e+00
      9.764     -0.033     9.2115     85.429    145.650 107.698879    16.4700     1.4778     0.1704     0.2538 9.7855e+00    23.0299      9.575     13.887    11.9528 0.0000e+00
      9.757     -0.025     9.2114     85.455    145.659 107.729214    16.4700     1.4893     0.1704     0.2538 9.6756e+00    23.0903      9.569     13.878    11.9553 0.0000e+00
      9.753     -0.018     9.2104     85.496    145.642 107.747395    16.4700     1.4855     0.1704     0.2538 9.7051e+00    23.0903      9.564     13.872    11.9586 0.0000e+00
      9.750     -0.012     9.2094     85.554    145.634 107.774268    16.4700     1.5007     0.1704     0.2538 9.6630e+00    23.0903      9.562     13.868    11.9631 0.0000e+00
      9.748     -0.008     9.2094     85.625    145.636 107.807004    16.3800     1.6381     0.1278     0.2115 9.6693e+00    29.4652      9.560     13.865    11.9690 0.0000e+00
      9.746     -0.006     9.2104     85.695    145.629 107.828345    16.3800     1.6457     0.1278     0.2115 9.6798e+00    29.4199      9.558     13.863    11.9771 0.0000e+00
      9.746     -0.003     9.2127     85.753    145.618 107.841982    16.3800     1.6533     0.1278     0.2115 9.6504e+00    29.3595      9.557     13.861    11.9875 0.0000e+00
      9.745     -0.002     9.2166     85.802    145.613 107.857550    16.3800     1.5999     0.1278     0.2115 9.6065e+00    29.4048      9.557     13.861    11.9989 0.0000e+00
      9.745     -0.001     9.2220     85.858    145.598 107.865208    16.2000     1.5580     0.1704     0.4230 9.6546e+00    20.9452      9.557     13.861    12.0097 0.0000e+00
      9.745      0.000     9.2276     85.934    145.574 107.864998    16.2000     1.5808     0.1704     0.4230 9.6127e+00    20.9301      9.557     13.861    12.0187 0.0000e+00
      9.745      0.001     9.2323     86.034    145.563 107.870861    16.2000     1.5618     0.1704     0.4230 9.6525e+00    20.9754      9.557     13.861    12.0260 0.0000e+00
      9.746      0.002     9.2362     86.154    145.558 107.878361    16.2000     1.5694     0.1704     0.4230 9.6211e+00    20.8546      9.557     13.862    12.0327 0.0000e+00
      9.746      0.003     9.2409     86.299    145.562 107.889499    16.4700     1.5122     0.1704     0.2961 9.6065e+00    19.0871      9.558     13.862    12.0392 0.0000e+00
      9.747      0.003     9.2479     86.477    145.573 107.905246    16.4700     1.4817     0.1704     0.2961 9.5981e+00    19.1324      9.559     13.863    12.0452 0.0000e+00
      9.748      0.003     9.2576     86.649    145.569 107.907811    16.4700     1.4969     0.1704     0.2961 9.5648e+00    19.1929      9.560     13.865    12.0502 0.0000e+00
      9.749      0.003     9.2696     86.768    145.574 107.915870    16.4700     1.4893     0.1704     0.2961 9.5254e+00    19.1778      9.561     13.866    12.0539 0.0000e+00
      9.750      0.002     9.2847     86.829    145.603 107.939569    16.4700     1.3329     0.1704     0.2961 9.5027e+00    11.0505      9.562     13.868    12.0568 0.0000e+00
      9.751      0.000     9.3033     86.847    145.625 107.955241    16.2000     1.3672     0.0852     0.3384 9.4676e+00    11.2016      9.562     13.869    12.0593 0.0000e+00
      9.751     -0.002     9.3214     86.831    145.634 107.959067    16.2000     1.3787     0.0852     0.3384 9.4573e+00    11.1563      9.563     13.869    12.0613 0.0000e+00
      9.750     -0.005     9.3339     86.792    145.629 107.950070    16.2000     1.3558     0.0852     0.3384 9.3592e+00    11.1411      9.562     13.868    12.0627 0.0000e+00
      9.749     -0.008     9.3403     86.743    145.607 107.929846    16.2000     1.4435     0.0852     0.3384 9.3450e+00    13.3316      9.561     13.867    12.0635 0.0000e+00
      9.747     -0.012     9.3422     86.698    145.588 107.912996    16.1100     1.4359     0.1278     0.2961 9.3004e+00    13.3769      9.558     13.863    12.0634 0.0000e+00
      9.743     -0.018     9.3408     86.669    145.571 107.899024    16.1100     1.4359     0.1278     0.2961 9.3004e+00    13.2107      9.555     13.858    12.0622 0.0000e+00
      9.739     -0.024     9.3369     86.654    145.551 107.882205    16.1100     1.4359     0.1278     0.2961 9.2420e+00    13.3165      9.551     13.852    12.0605 0.0000e+00
      9.733     -0.033     9.3319     86.639    145.543 107.872050    16.1100     1.5999     0.1278     0.2961 9.2239e+00    16.8816      9.545     13.843    12.0591 0.0000e+00
      9.724     -0.043     9.3273     86.614    145.563 107.879843    16.1100     1.5694     0.1278     0.3807 9.1381e+00    16.8816      9.537     13.831    12.0583 0.0000e+00
      9.713     -0.055     9.3243     86.576    145.593 107.893669    16.1100     1.5580     0.1278     0.3807 9.1501e+00    16.8665      9.525     13.815    12.0578 0.0000e+00
      9.698     -0.066     9.3228     86.525    145.599 107.887226    16.1100     1.5999     0.1278     0.3807 9.2400e+00    16.8514      9.511     13.793    12.0570 0.0000e+00
      9.679     -0.077     9.3215     86.462    145.572 107.856797    16.1100     1.4359     0.1278     0.3807 9.6504e+00    15.1897      9.492     13.766    12.0555 0.0000e+00
      9.656     -0.085     9.3193     86.395    145.541 107.824255    16.1100     1.4283     0.1278     0.3807 1.0031e+01    15.1141      9.469     13.733    12.0532 0.0000e+00
      9.630     -0.090     9.3158     86.337    145.535 107.812908    16.1100     1.4321     0.1278     0.3807 1.0506e+01    15.2350      9.444     13.697    12.0501 0.0000e+00
      9.605     -0.093     9.3111     86.286    145.533 107.807736    16.1100     1.4435     0.1278     0.3807 1.0686e+01    15.3256      9.419     13.661    12.0466 0.0000e+00
      9.580     -0.093     9.3051     86.238    145.522 107.799361    16.1100     1.5656     0.1278     0.3807 1.0695e+01    12.5611      9.395     13.627    12.0429 0.0000e+00
      9.558     -0.093     9.2986     86.194    145.537 107.813540    16.1100     1.5580     0.1278     0.3807 1.0630e+01    12.6367      9.373     13.594    12.0396 0.0000e+00
      9.536     -0.094     9.2929     86.147    145.574 107.846058    16.2900     1.5656     0.1704     0.4230 1.0642e+01    12.6367      9.351     13.563    12.0372 0.0000e+00
      9.513     -0.096     9.2876     86.099    145.591 107.863602    16.2900     1.5732     0.1704     0.4230 1.0756e+01    12.6065      9.329     13.530    12.0361 0.0000e+00
      9.488     -0.099     9.2825     86.049    145.555 107.840865    16.2900     1.4931     0.1704     0.4230 1.0970e+01     9.8269      9.305     13.496    12.0360 0.0000e+00
      9.462     -0.103     9.2775     85.997    145.485 107.789776    16.2900     1.5007     0.1704     0.4230 1.1233e+01     9.6758      9.280     13.459    12.0370 0.0000e+00
      9.435     -0.105     9.2721     85.956    145.428 107.746690    16.2000     1.5160     0.0852     0.2115 1.1393e+01     9.7362      9.253     13.420    12.0387 0.0000e+00
      9.407     -0.107     9.2665     85.939    145.411 107.732107    16.2000     1.4702     0.0852     0.2115 1.1671e+01     9.6456      9.225     13.380    12.0405 0.0000e+00
