Data/DataNotYetUploadedToEDI/Raw_CTD/RawDownloads/060421_fcr50.cnv
* Sea-Bird SBE19plus  Data File:
* FileName = C:\R\Reservoirs\Data\DataNotYetUploadedToEDI\Raw_CTD\RawDownloads\060421_fcr_50_0001.hex
* Software version 2.8.0.119
* Temperature SN = 7809
* Conductivity SN = 7809
* System UpLoad Time = Jun 04 2021 17:31:44
* <ApplicationData>
* <Seaterm232>
# nquan = 16
# nvalues = 1866                        
# units = specified
# name 0 = depFM: Depth [fresh water, m]
# name 1 = dz/dtM: Descent Rate [m/s]
# name 2 = orp: Oxidation Reduction Potential [mV]
# name 3 = sbeox0Mg/L: Oxygen, SBE 43 [mg/l]
# name 4 = sbeox0PS: Oxygen, SBE 43 [% saturation]
# name 5 = par/sat/log: PAR/Logarithmic, Satlantic
# name 6 = ph: pH
# name 7 = specc: Specific Conductance [uS/cm]
# name 8 = c0uS/cm: Conductivity [uS/cm]
# name 9 = flECO-AFL: Fluorescence, WET Labs ECO-AFL/FL [mg/m^3]
# name 10 = turbWETntu0: Turbidity, WET Labs ECO [NTU]
# name 11 = tv290C: Temperature [ITS-90, deg C]
# name 12 = density00: Density [density, kg/m^3]
# name 13 = prdE: Pressure, Strain Gauge [psi]
# name 14 = prdM: Pressure, Strain Gauge [db]
# name 15 = flag:  0.000e+00
# span 0 =     -0.648,      9.740       
# span 1 =     -0.194,      0.176       
# span 2 = -1240.7455,   349.5580       
# span 3 =     0.6636,    15.8888       
# span 4 =      5.694,    178.778       
# span 5 = 1.2339e-01, 1.6257e+03       
# span 6 =      7.152,     16.043       
# span 7 =      1.830,    126.001       
# span 8 =   1.672557,  83.755046       
# span 9 =    -1.8166,     7.6083       
# span 10 =   -10.0078,   274.5668      
# span 11 =     8.2030,    26.4851      
# span 12 =   996.6618,   999.9292      
# span 13 =     -0.922,     13.854      
# span 14 =     -0.636,      9.552      
# span 15 = 0.0000e+00, 0.0000e+00      
# interval = seconds: 0.25
# start_time = Jun 03 2021 23:11:05 [Instrument's time stamp, header]
# bad_flag = -9.990e-29
*END*
[from data line 1085]
      7.087      0.053    -9.3867     0.8135      6.628 1.2362e-01     16.039     52.720  35.302130    -0.3868     2.1373     8.4906   999.8729     10.083      6.951 0.0000e+00
      7.099      0.050    -9.5646     0.7945      6.690 1.2367e-01     16.038     52.681  35.275179    -0.3714     2.0987     8.4898   999.8730     10.096      6.960 0.0000e+00
      7.112      0.045    -9.5122     0.7862      6.763 1.2366e-01     16.038     52.813  35.365131    -0.3669     1.9467     8.4872   999.8732     10.115      6.973 0.0000e+00
      7.127      0.040    -9.7007     0.7731      6.806 1.2362e-01     16.039     53.207  35.628233    -0.3797     1.8438     8.4833   999.8737     10.141      6.992 0.0000e+00
      7.135      0.037   -10.1230     0.7717      6.805 1.2360e-01     16.040     53.553  35.854492    -0.3829     1.8500     8.4775   999.8742     10.152      7.000 0.0000e+00
      7.139      0.034   -10.5745     0.7838      6.803 1.2361e-01     16.040     53.602  35.879711    -0.3676     1.8840     8.4758   999.8741     10.151      6.999 0.0000e+00
      7.145      0.029   -11.1150     0.7921      6.803 1.2362e-01     16.039     53.502  35.806221    -0.3671     1.8775     8.4801   999.8739     10.159      7.005 0.0000e+00
      7.156      0.025   -11.5820     0.7998      6.760 1.2364e-01     16.038     53.578  35.854370    -0.3860     1.8398     8.4808   999.8741     10.180      7.019 0.0000e+00
      7.165      0.024   -11.9195     0.7961      6.722 1.2359e-01     16.038     53.824  36.017646    -0.3958     1.8062     8.4748   999.8747     10.195      7.029 0.0000e+00
      7.169      0.023   -12.1843     0.7942      6.706 1.2353e-01     16.039     54.091  36.193862    -0.3901     1.8487     8.4655   999.8754     10.198      7.032 0.0000e+00
      7.172      0.023   -12.3753     0.8019      6.726 1.2355e-01     16.039     54.401  36.398452    -0.3840     1.9081     8.4587   999.8757     10.199      7.032 0.0000e+00
      7.176      0.024   -12.5078     0.7890      6.771 1.2356e-01     16.039     54.972  36.777862    -0.3888     1.8716     8.4575   999.8759     10.205      7.036 0.0000e+00
      7.182      0.029   -12.6669     0.7870      6.774 1.2353e-01     16.039     55.744  37.290778    -0.3997     1.8533     8.4571   999.8761     10.215      7.043 0.0000e+00
      7.189      0.036   -13.0947     0.7844      6.764 1.2356e-01     16.039     56.289  37.649878    -0.4015     1.8926     8.4547   999.8764     10.225      7.050 0.0000e+00
      7.198      0.042   -13.7223     0.7840      6.771 1.2363e-01     16.039     56.551  37.819530    -0.3912     1.8660     8.4521   999.8766     10.236      7.057 0.0000e+00
      7.212      0.047   -14.1465     0.7984      6.779 1.2364e-01     16.039     56.652  37.882300    -0.3806     1.8068     8.4497   999.8770     10.255      7.070 0.0000e+00
      7.228      0.048   -14.2657     0.7924      6.776 1.2361e-01     16.039     56.683  37.901080    -0.3778     1.7947     8.4468   999.8777     10.282      7.089 0.0000e+00
      7.244      0.048   -14.3030     0.7916      6.772 1.2362e-01     16.039     56.808  37.983136    -0.3860     1.8222     8.4419   999.8783     10.305      7.105 0.0000e+00
      7.256      0.047   -14.7698     0.7933      6.755 1.2367e-01     16.039     57.003  38.112824    -0.3943     1.8655     8.4361   999.8788     10.323      7.117 0.0000e+00
      7.266      0.047   -15.6934     0.7953      6.732 1.2367e-01     16.039     57.136  38.199769    -0.3918     1.9066     8.4318   999.8791     10.336      7.125 0.0000e+00
      7.274      0.046   -16.3512     0.7938      6.739 1.2363e-01     16.039     57.155  38.209309    -0.3853     1.9071     8.4296   999.8793     10.345      7.132 0.0000e+00
      7.284      0.044   -16.5287     0.7937      6.744 1.2363e-01     16.040     57.092  38.164700    -0.3826     1.8706     8.4288   999.8794     10.357      7.141 0.0000e+00
      7.298      0.043   -16.5481     0.7938      6.733 1.2361e-01     16.040     57.003  38.104680    -0.3778     1.8093     8.4287   999.8796     10.378      7.156 0.0000e+00
      7.313      0.042   -16.9293     0.7850      6.733 1.2355e-01     16.040     56.928  38.054811    -0.3751     1.7154     8.4274   999.8799     10.405      7.174 0.0000e+00
      7.326      0.041   -17.7832     0.7911      6.734 1.2352e-01     16.039     56.854  38.006014    -0.3789     1.6618     8.4240   999.8801     10.423      7.186 0.0000e+00
      7.333      0.038   -18.5263     0.7920      6.714 1.2349e-01     16.038     56.783  37.958950    -0.3753     1.6415     8.4217   999.8802     10.430      7.191 0.0000e+00
      7.339      0.034   -18.9449     0.7873      6.685 1.2352e-01     16.038     56.740  37.930044    -0.3698     1.6074     8.4209   999.8803     10.437      7.196 0.0000e+00
      7.346      0.033   -19.2310     0.7897      6.692 1.2359e-01     16.039     56.806  37.973841    -0.3693     1.5931     8.4212   999.8803     10.448      7.203 0.0000e+00
      7.355      0.035   -19.4904     0.7898      6.726 1.2361e-01     16.040     57.009  38.107690    -0.3702     1.6056     8.4222   999.8803     10.463      7.214 0.0000e+00
      7.363      0.038   -19.7582     0.7884      6.757 1.2361e-01     16.040     57.172  38.215589    -0.3706     1.6213     8.4230   999.8802     10.473      7.221 0.0000e+00
      7.373      0.040   -20.1457     0.7810      6.783 1.2357e-01     16.040     57.144  38.199484    -0.3745     1.6116     8.4229   999.8802     10.483      7.228 0.0000e+00
      7.386      0.043   -20.6484     0.7824      6.738 1.2353e-01     16.039     57.171  38.230301    -0.3875     1.5910     8.4222   999.8803     10.505      7.243 0.0000e+00
      7.399      0.046   -21.1896     0.7908      6.666 1.2353e-01     16.038     57.498  38.461262    -0.3950     1.6124     8.4203   999.8807     10.527      7.257 0.0000e+00
      7.409      0.050   -21.7850     0.7889      6.682 1.2356e-01     16.039     57.776  38.643697    -0.3887     1.6299     8.4190   999.8809     10.537      7.264 0.0000e+00
      7.420      0.055   -21.8245     0.8005      6.721 1.2361e-01     16.039     57.821  38.658990    -0.3873     1.5973     8.4177   999.8809     10.549      7.273 0.0000e+00
      7.435      0.060   -21.3237     0.7928      6.708 1.2359e-01     16.039     57.822  38.646154    -0.3875     1.5617     8.4313   999.8801     10.575      7.292 0.0000e+00
      7.450      0.067   -21.0641     0.7723      6.669 1.2349e-01     16.039     57.790  38.615428    -0.3824     1.5427     8.4519   999.8790     10.595      7.306 0.0000e+00
      7.468      0.076   -20.8364     0.7830      6.664 1.2343e-01     16.041     57.786  38.604817    -0.3828     1.5735     8.4448   999.8797     10.617      7.319 0.0000e+00
      7.488      0.084   -20.8080     0.7911      6.723 1.2348e-01     16.041     57.859  38.644778    -0.3833     1.6253     8.4267   999.8809     10.652      7.344 0.0000e+00
      7.510      0.087   -21.2361     0.7871      6.788 1.2353e-01     16.040     57.882  38.654311    -0.3877     1.5505     8.4150   999.8818     10.681      7.364 0.0000e+00
      7.535      0.084   -21.1087     0.7810      6.805 1.2355e-01     16.039     57.889  38.656600    -0.3982     1.3905     8.4082   999.8823     10.711      7.384 0.0000e+00
      7.565      0.078   -20.5579     0.7769      6.778 1.2354e-01     16.039     58.101  38.799397    -0.3960     1.3389     8.4016   999.8829     10.765      7.421 0.0000e+00
      7.590      0.071   -20.6859     0.7884      6.713 1.2354e-01     16.039     58.471  39.047990    -0.3804     1.3726     8.3926   999.8838     10.806      7.450 0.0000e+00
      7.600      0.064   -21.4516     0.7996      6.632 1.2361e-01     16.039     58.678  39.186980    -0.3716     1.3166     8.3871   999.8841     10.812      7.454 0.0000e+00
      7.606      0.058   -22.3303     0.7993      6.577 1.2361e-01     16.039     58.807  39.273982    -0.3842     1.1775     8.3853   999.8842     10.812      7.455 0.0000e+00
      7.618      0.053   -22.6201     0.7970      6.590 1.2356e-01     16.040     59.094  39.465203    -0.3999     1.0982     8.3878   999.8841     10.833      7.469 0.0000e+00
      7.635      0.050   -22.3746     0.7885      6.675 1.2356e-01     16.040     59.297  39.594870    -0.3987     1.0786     8.3897   999.8843     10.862      7.489 0.0000e+00
      7.650      0.049   -22.3737     0.7764      6.748 1.2361e-01     16.039     59.277  39.572338    -0.3889     1.0786     8.3887   999.8845     10.881      7.502 0.0000e+00
      7.665      0.047   -22.7817     0.7688      6.743 1.2358e-01     16.039     59.478  39.700536    -0.3767     1.0632     8.3902   999.8845     10.904      7.518 0.0000e+00
      7.679      0.043   -23.4348     0.7683      6.705 1.2351e-01     16.039     59.934  40.002381    -0.3757     1.0300     8.3925   999.8845     10.926      7.533 0.0000e+00
      7.685      0.039   -24.1623     0.7834      6.645 1.2353e-01     16.039     60.194  40.175211    -0.3954     1.0550     8.3857   999.8852     10.933      7.538 0.0000e+00
      7.688      0.036   -24.7801     0.7979      6.611 1.2353e-01     16.039     60.238  40.203377    -0.4047     1.0904     8.3757   999.8857     10.932      7.538 0.0000e+00
      7.696      0.035   -25.1396     0.7905      6.670 1.2352e-01     16.039     60.164  40.152510    -0.3924     1.1145     8.3719   999.8860     10.943      7.546 0.0000e+00
      7.709      0.038   -25.2394     0.7882      6.714 1.2357e-01     16.039     60.040  40.067972    -0.3806     1.1400     8.3704   999.8864     10.966      7.561 0.0000e+00
      7.721      0.043   -25.2993     0.7810      6.692 1.2360e-01     16.039     59.951  40.006395    -0.3767     1.1250     8.3692   999.8866     10.987      7.575 0.0000e+00
      7.730      0.046   -25.5190     0.7669      6.649 1.2358e-01     16.038     59.913  39.979244    -0.3839     1.1387     8.3684   999.8867     10.994      7.580 0.0000e+00
      7.741      0.046   -26.4332     0.7855      6.577 1.2354e-01     16.038     59.936  39.993589    -0.3914     1.2023     8.3674   999.8868     11.004      7.587 0.0000e+00
      7.757      0.047   -27.9222     0.7934      6.553 1.2354e-01     16.038     60.026  40.052896    -0.3907     1.2426     8.3662   999.8869     11.035      7.608 0.0000e+00
      7.771      0.049   -28.5505     0.7820      6.595 1.2357e-01     16.038     60.136  40.125050    -0.3947     1.2138     8.3642   999.8871     11.059      7.626 0.0000e+00
      7.778      0.049   -28.3515     0.7860      6.630 1.2356e-01     16.038     60.107  40.104311    -0.4012     1.1284     8.3622   999.8872     11.061      7.626 0.0000e+00
      7.788      0.044   -28.4411     0.7679      6.659 1.2351e-01     16.039     60.033  40.056033    -0.3933     1.1026     8.3613   999.8874     11.070      7.632 0.0000e+00
      7.806      0.039   -29.3759     0.7643      6.668 1.2348e-01     16.039     60.113  40.112589    -0.3852     1.1422     8.3608   999.8875     11.106      7.658 0.0000e+00
      7.821      0.034   -30.7069     0.7774      6.612 1.2354e-01     16.039     60.167  40.153399    -0.3890     1.1607     8.3601   999.8877     11.132      7.675 0.0000e+00
      7.825      0.029   -31.3690     0.7768      6.533 1.2361e-01     16.039     60.087  40.105142    -0.3917     1.1550     8.3584   999.8878     11.129      7.673 0.0000e+00
      7.827      0.023   -31.4451     0.7826      6.518 1.2361e-01     16.039     60.076  40.100394    -0.3988     1.1424     8.3585   999.8877     11.128      7.673 0.0000e+00
      7.832      0.018   -31.3687     0.7856      6.542 1.2357e-01     16.039     60.165  40.159464    -0.3986     1.1458     8.3617   999.8876     11.140      7.681 0.0000e+00
      7.837      0.014   -31.9079     0.7793      6.580 1.2359e-01     16.038     60.204  40.184605    -0.3884     1.1610     8.3662   999.8874     11.148      7.687 0.0000e+00
      7.840      0.014   -33.1469     0.7602      6.617 1.2366e-01     16.038     60.153  40.150478    -0.3904     1.1543     8.3713   999.8870     11.151      7.688 0.0000e+00
      7.843      0.013   -33.8730     0.7646      6.628 1.2360e-01     16.037     60.118  40.127681    -0.3945     1.1338     8.3737   999.8868     11.154      7.691 0.0000e+00
      7.846      0.011   -33.8907     0.7675      6.643 1.2348e-01     16.037     60.166  40.162869    -0.3991     1.1192     8.3725   999.8870     11.160      7.695 0.0000e+00
      7.849      0.011   -33.7910     0.7699      6.613 1.2350e-01     16.038     60.207  40.195087    -0.3986     1.1153     8.3711   999.8871     11.163      7.697 0.0000e+00
      7.850      0.012   -33.8724     0.7816      6.552 1.2356e-01     16.038     60.204  40.199869    -0.3883     1.1548     8.3711   999.8871     11.166      7.699 0.0000e+00
      7.853      0.012   -34.1858     0.7731      6.511 1.2356e-01     16.038     60.126  40.157215    -0.3889     1.1856     8.3718   999.8870     11.170      7.701 0.0000e+00
      7.857      0.012   -34.5685     0.7840      6.477 1.2354e-01     16.037     59.965  40.060210    -0.3963     1.1442     8.3740   999.8870     11.175      7.705 0.0000e+00
      7.861      0.012   -34.9730     0.7780      6.487 1.2354e-01     16.037     59.829  39.979120    -0.4016     1.0998     8.3784   999.8867     11.181      7.709 0.0000e+00
      7.864      0.012   -35.5482     0.7644      6.511 1.2350e-01     16.037     59.760  39.938449    -0.3964     1.0955     8.3838   999.8864     11.185      7.712 0.0000e+00
      7.867      0.012   -35.9312     0.7673      6.523 1.2354e-01     16.037     59.776  39.949308    -0.3804     1.0924     8.3913   999.8859     11.190      7.715 0.0000e+00
      7.870      0.011   -35.4741     0.7543      6.520 1.2359e-01     16.037     59.832  39.983458    -0.3704     1.0964     8.4018   999.8851     11.194      7.718 0.0000e+00
      7.872      0.010   -34.6670     0.7611      6.486 1.2359e-01     16.037     59.817  39.970521    -0.3717     1.1092     8.4105   999.8845     11.197      7.720 0.0000e+00
      7.874      0.009   -34.7772     0.7645      6.499 1.2361e-01     16.037     59.741  39.919835    -0.3860     1.0761     8.4153   999.8841     11.200      7.722 0.0000e+00
      7.877      0.008   -35.6021     0.7629      6.579 1.2360e-01     16.037     59.674  39.878401    -0.3905     1.0732     8.4153   999.8842     11.204      7.725 0.0000e+00
      7.879      0.008   -36.0363     0.7696      6.652 1.2353e-01     16.036     59.628  39.850383    -0.3878     1.1779     8.4112   999.8846     11.207      7.727 0.0000e+00
      7.881      0.008   -35.4665     0.7560      6.618 1.2348e-01     16.036     59.603  39.834968    -0.4010     1.2779     8.4075   999.8848     11.209      7.728 0.0000e+00
      7.882      0.009   -34.5639     0.7588      6.478 1.2351e-01     16.036     59.578  39.818968    -0.4079     1.3204     8.4076   999.8847     11.210      7.729 0.0000e+00
      7.884      0.009   -34.6733     0.7712      6.386 1.2354e-01     16.036     59.522  39.783874    -0.4044     1.3143     8.4116   999.8844     11.214      7.732 0.0000e+00
      7.887      0.010   -35.2409     0.7842      6.395 1.2354e-01     16.036     59.527  39.791499    -0.3957     1.2382     8.4142   999.8842     11.217      7.734 0.0000e+00
      7.890      0.012   -35.4038     0.7842      6.439 1.2354e-01     16.037     59.703  39.911164    -0.3889     1.1559     8.4146   999.8842     11.222      7.737 0.0000e+00
      7.893      0.013   -35.2656     0.7541      6.442 1.2357e-01     16.038     59.878  40.024734    -0.3899     1.1093     8.4144   999.8843     11.227      7.741 0.0000e+00
      7.897      0.013   -34.9464     0.7440      6.402 1.2358e-01     16.037     59.785  39.958670    -0.3884     1.0860     8.4164   999.8840     11.230      7.744 0.0000e+00
      7.900      0.014   -34.8141     0.7480      6.407 1.2358e-01     16.036     59.742  39.937537    -0.3890     1.1143     8.4220   999.8837     11.236      7.747 0.0000e+00
