Data/DataNotYetUploadedToEDI/Raw_CTD/RawDownloads/060421_fcr50.cnv
* Sea-Bird SBE19plus  Data File:
* FileName = C:\R\Reservoirs\Data\DataNotYetUploadedToEDI\Raw_CTD\RawDownloads\060421_fcr_50_0001.hex
* Software version 2.8.0.119
* Temperature SN = 7809
* Conductivity SN = 7809
* System UpLoad Time = Jun 04 2021 17:31:44
* <ApplicationData>
* <Seaterm232>
# nquan = 16
# nvalues = 1866                        
# units = specified
# name 0 = depFM: Depth [fresh water, m]
# name 1 = dz/dtM: Descent Rate [m/s]
# name 2 = orp: Oxidation Reduction Potential [mV]
# name 3 = sbeox0Mg/L: Oxygen, SBE 43 [mg/l]
# name 4 = sbeox0PS: Oxygen, SBE 43 [% saturation]
# name 5 = par/sat/log: PAR/Logarithmic, Satlantic
# name 6 = ph: pH
# name 7 = specc: Specific Conductance [uS/cm]
# name 8 = c0uS/cm: Conductivity [uS/cm]
# name 9 = flECO-AFL: Fluorescence, WET Labs ECO-AFL/FL [mg/m^3]
# name 10 = turbWETntu0: Turbidity, WET Labs ECO [NTU]
# name 11 = tv290C: Temperature [ITS-90, deg C]
# name 12 = density00: Density [density, kg/m^3]
# name 13 = prdE: Pressure, Strain Gauge [psi]
# name 14 = prdM: Pressure, Strain Gauge [db]
# name 15 = flag:  0.000e+00
# span 0 =     -0.648,      9.740       
# span 1 =     -0.194,      0.176       
# span 2 = -1240.7455,   349.5580       
# span 3 =     0.6636,    15.8888       
# span 4 =      5.694,    178.778       
# span 5 = 1.2339e-01, 1.6257e+03       
# span 6 =      7.152,     16.043       
# span 7 =      1.830,    126.001       
# span 8 =   1.672557,  83.755046       
# span 9 =    -1.8166,     7.6083       
# span 10 =   -10.0078,   274.5668      
# span 11 =     8.2030,    26.4851      
# span 12 =   996.6618,   999.9292      
# span 13 =     -0.922,     13.854      
# span 14 =     -0.636,      9.552      
# span 15 = 0.0000e+00, 0.0000e+00      
# interval = seconds: 0.25
# start_time = Jun 03 2021 23:11:05 [Instrument's time stamp, header]
# bad_flag = -9.990e-29
*END*
[from data line 1808]
     -0.322     -0.125    11.2558    12.6532    147.699 2.2555e+02     15.566     39.892  38.329039     2.1252     8.5542    22.8724   997.5879     -0.449     -0.310 0.0000e+00
     -0.362     -0.145     6.9005    12.6637    145.997 2.2252e+02     15.566     39.810  38.235804     1.9987     8.2586    23.1192   997.5292     -0.513     -0.354 0.0000e+00
     -0.406     -0.165    -5.6821    12.7326    143.677 2.1983e+02     15.566     39.840  38.219093     1.2350     6.0653    23.1255   997.5274     -0.582     -0.403 0.0000e+00
     -0.445     -0.173   -13.5423    12.7580    141.027 2.1437e+02     15.567     39.814  38.126917    -0.1560     2.1202    23.0427   997.5469     -0.631     -0.435 0.0000e+00
     -0.490     -0.165   -14.0563    12.6872    138.234 2.0365e+02     15.570     39.694  37.946255    -0.9146     0.0418    23.0281   997.5502     -0.679     -0.468 0.0000e+00
     -0.554     -0.145   -13.8753    12.5325    135.788 1.9237e+02     15.575     39.493  37.684706    -0.9659     0.9177    23.0403   997.5469     -0.792     -0.546 0.0000e+00
     -0.607     -0.117   -13.7632    12.3358    134.598 1.8247e+02     15.580     39.193  37.312591    -0.7481    12.9505    22.9715   997.5630     -0.891     -0.614 0.0000e+00
     -0.626     -0.086   -13.3036    12.1328    135.232 1.7394e+02     15.584     38.907  36.937365    -0.3312    35.0468    22.8687   997.5872     -0.896     -0.618 0.0000e+00
     -0.627     -0.053   -12.5344    11.8982    137.216 1.6812e+02     15.589     38.510  36.447743    -0.0925    47.1158    22.7955   997.6043     -0.891     -0.614 0.0000e+00
     -0.627     -0.024   -12.2922    11.6681    138.693 1.6296e+02     15.594     35.277  33.296268     0.0011    48.0498    22.7133   997.6235     -0.894     -0.617 0.0000e+00
     -0.627     -0.006   -12.8702    11.5706    136.939 1.6223e+02     15.597     24.959  23.512641     0.7906    46.7509    22.6022   997.6494     -0.891     -0.615 0.0000e+00
     -0.627     -0.000   -12.8977    11.6647    130.173 1.7113e+02     15.598     12.437  11.699172     2.2245    44.3883    22.4696   997.6801     -0.893     -0.615 0.0000e+00
     -0.627     -0.000   -11.1620    11.9298    119.198 1.8455e+02     15.600      6.573   6.174625     2.9859    43.1739    22.3143   997.7158     -0.892     -0.615 0.0000e+00
     -0.627     -0.000    -9.0924    12.1908    106.814 1.9410e+02     15.601      5.619   5.274840     3.0339    43.0548    22.1589   997.7515     -0.892     -0.615 0.0000e+00
     -0.628     -0.001    -8.5231    12.1370     95.999 2.0879e+02     15.602      5.331   5.001817     2.9670    42.2956    22.0487   997.7729     -0.893     -0.616 0.0000e+00
     -0.628     -0.001    -8.4950    11.5265     88.493 2.3979e+02     15.603      5.429   5.091154     2.1767    33.9592    21.9893   997.7811     -0.893     -0.616 0.0000e+00
     -0.628     -0.000   -11.2484    10.4730     84.297 2.7296e+02     15.604      5.563   5.214506     0.7272    18.7540    21.9508   997.7890     -0.894     -0.616 0.0000e+00
     -0.628 -1.847e-08   -17.1202     9.2955     82.491 3.0078e+02     15.604      5.511   5.162676    -0.0635    10.4773    21.9273   997.7946     -0.894     -0.616 0.0000e+00
     -0.628 -2.032e-07   -17.8856     8.2908     82.135 3.2748e+02     15.607      5.446   5.098089    -0.1636     9.4870    21.9084   997.7986     -0.894     -0.616 0.0000e+00
     -0.628 -2.032e-07   -13.0185     7.6478     82.533 3.4265e+02     15.614      5.419   5.067198    -0.3884     7.0210    21.8873   997.8035     -0.894     -0.616 0.0000e+00
     -0.628 -1.847e-08    -9.3798     7.3191     83.287 3.4315e+02     15.624      5.534   5.169332    -0.7682     2.7361    21.8635   997.8089     -0.894     -0.616 0.0000e+00
     -0.628 -1.680e-09    -7.3589     7.1921     84.167 3.3910e+02     15.624      5.768   5.382568    -0.9788     0.4241    21.8355   997.8151     -0.894     -0.616 0.0000e+00
     -0.628 -1.527e-10    -5.3628     7.1891     85.000 3.3379e+02     15.609      5.890   5.491135    -1.0184     0.1814    21.8003   997.8230     -0.894     -0.616 0.0000e+00
     -0.628 -1.388e-11    -3.4844     7.2405     85.627 3.2258e+02     15.592      5.667   5.278121    -1.0274     0.4194    21.7498   997.8344     -0.894     -0.616 0.0000e+00
     -0.628 -1.262e-12    -2.4575     7.3212     85.991 3.0947e+02     15.575      4.991   4.644487    -0.9919     1.0011    21.6968   997.8463     -0.893     -0.616 0.0000e+00
     -0.628 -1.147e-13    -1.6368     7.4097     86.218 3.0350e+02     15.560      4.209   3.912437    -0.9520     1.3431    21.6511   997.8566     -0.893     -0.616 0.0000e+00
     -0.628 -1.043e-14     8.4175     7.4946     86.440 2.9919e+02     15.564      3.725   3.459732    -0.9463     1.3278    21.6064   997.8665     -0.893     -0.616 0.0000e+00
     -0.628 -9.480e-16    19.2162     7.5611     86.759 2.9326e+02     15.608      3.545   3.289051    -0.9609     0.8852    21.5610   997.8766     -0.895     -0.617 0.0000e+00
     -0.628 -8.620e-17    46.7624     7.5913     87.201 2.9448e+02     15.709      3.429   3.179203    -0.9568     0.1452    21.5176   997.8861     -0.894     -0.616 0.0000e+00
     -0.628 -7.835e-18    44.5547     7.6157     87.711 3.1124e+02     15.717      3.190   2.955170    -0.9437    -0.2721    21.4735   997.8956     -0.894     -0.616 0.0000e+00
     -0.628 -7.120e-19   -51.1850     7.6385     88.273 3.4866e+02     15.558      2.885   2.670964    -0.9465    -0.3489    21.4260   997.9060     -0.894     -0.616 0.0000e+00
     -0.628 -6.475e-20  -120.7642     7.6712     88.890 3.8152e+02     15.482      2.668   2.467085    -0.9332    -0.3026    21.3830   997.9155     -0.893     -0.616 0.0000e+00
     -0.629 -5.885e-21  -121.1412     7.7200     89.543 3.8056e+02     15.535      2.519   2.327318    -0.8209     0.4239    21.3468   997.9235     -0.894     -0.617 0.0000e+00
     -0.629 -5.350e-22  -133.8665     7.7693     90.198 3.6231e+02     15.574      2.435   2.248096    -0.6380     1.7414    21.3138   997.9307     -0.895     -0.617 0.0000e+00
     -0.628 -4.865e-23  -252.1690     7.8240     90.803 3.4649e+02     15.603      2.460   2.269432    -0.5523     2.4432    21.2814   997.9377     -0.893     -0.616 0.0000e+00
     -0.628 -4.423e-24  -440.5878     7.8848     91.343 3.3451e+02     15.638      2.530   2.331877    -0.5569     2.4889    21.2464   997.9454     -0.894     -0.616 0.0000e+00
     -0.629 -4.020e-25  -530.8589     7.9491     91.818 3.1951e+02     15.652      2.573   2.369595    -0.6462     1.9502    21.2089   997.9536     -0.895     -0.617 0.0000e+00
     -0.629 -3.655e-26  -549.5731     8.0163     92.266 2.9762e+02     15.649      2.549   2.345362    -0.8313     0.8393    21.1707   997.9619     -0.894     -0.617 0.0000e+00
     -0.628 -3.323e-27  -560.2573     8.0757     92.718 2.7587e+02     15.645      2.425   2.228930    -0.9449     0.1469    21.1298   997.9708     -0.894     -0.616 0.0000e+00
     -0.628 -3.021e-28  -551.8897     8.1313     93.084 2.6148e+02     15.640      2.289   2.102151    -0.9798    -0.1731    21.0849   997.9806     -0.894     -0.616 0.0000e+00
     -0.629 -2.746e-29  -540.6343     8.1810     93.344 2.6379e+02     15.635      2.197   2.016170    -1.1958    -2.7202    21.0382   997.9907     -0.894     -0.617 0.0000e+00
     -0.629 -2.496e-30  -531.8909     8.2228     93.556 3.1509e+02     15.633      2.126   1.949553    -1.5922    -7.4408    20.9934   998.0004     -0.894     -0.616 0.0000e+00
     -0.629 -2.269e-31  -526.1048     8.2777     93.769 3.7815e+02     15.635      2.106   1.930194    -1.8147   -10.0078    20.9510   998.0096     -0.894     -0.617 0.0000e+00
     -0.629 -2.063e-32  -524.0194     8.3162     94.026 3.7456e+02     15.643      2.084   1.908800    -1.8166    -9.9646    20.9120   998.0180     -0.894     -0.616 0.0000e+00
     -0.629 -1.875e-33  -529.1322     8.3415     94.284 3.5995e+02     15.657      1.986   1.817584    -1.6249    -7.3656    20.8770   998.0254     -0.894     -0.616 0.0000e+00
     -0.629 -1.705e-34  -519.0062     8.3668     94.519 4.7135e+02     15.681      1.874   1.714213    -1.2993    -2.6501    20.8440   998.0326     -0.895     -0.617 0.0000e+00
     -0.629 -1.550e-35  -407.0932     8.3861     94.748 6.8133e+02     15.707      1.830   1.672557    -1.1218    -0.0899    20.8120   998.0395     -0.894     -0.617 0.0000e+00
     -0.629 -1.409e-36  -214.1518     8.4189     94.936 7.8552e+02     15.714      1.854   1.694022    -1.0718     0.1401    20.7813   998.0461     -0.893     -0.616 0.0000e+00
     -0.629 -1.281e-37   -85.0539     8.4469     95.036 7.5236e+02     15.699      1.884   1.720344    -1.0382     0.0634    20.7518   998.0523     -0.894     -0.616 0.0000e+00
     -0.629 -1.164e-38   -54.6033     8.4714     95.131 6.7276e+02     15.680      1.904   1.737413    -0.9060    -0.7089    20.7231   998.0584     -0.894     -0.616 0.0000e+00
     -0.629 -1.059e-39   -62.6229     8.4974     95.313 5.1766e+02     15.669      1.946   1.773694    -0.6371    -2.0566    20.6948   998.0646     -0.895     -0.617 0.0000e+00
     -0.629 -9.626e-41   -57.9500     8.5226     95.519 3.1517e+02     15.663      1.952   1.778917    -0.4761    -2.8069    20.6671   998.0705     -0.894     -0.617 0.0000e+00
     -0.628 -8.822e-42   -50.4146     8.5332     95.691 1.9979e+02     15.658      1.907   1.737204    -0.4571    -2.9140    20.6391   998.0764     -0.893     -0.615 0.0000e+00
     -0.628 -1.591e-42   -52.9936     8.5390     95.769 1.7562e+02     15.655      1.881   1.712796    -0.4556    -2.9399    20.6121   998.0821     -0.894     -0.616 0.0000e+00
     -0.629 -9.990e-29 -9.990e-29     8.5674 -9.990e-29 1.6639e+02 -9.990e-29 -9.990e-29 -9.990e-29 -9.990e-29 -9.990e-29    20.5827   998.0884     -0.894     -0.617 0.0000e+00
     -0.629 -9.990e-29 -9.990e-29     8.5901 -9.990e-29 1.5909e+02 -9.990e-29 -9.990e-29 -9.990e-29 -9.990e-29 -9.990e-29    20.5564   998.0940     -0.895     -0.617 0.0000e+00
     -0.629 -9.990e-29 -9.990e-29     8.6120 -9.990e-29 1.5531e+02 -9.990e-29 -9.990e-29 -9.990e-29 -9.990e-29 -9.990e-29    20.5248   998.1006     -0.894     -0.617 0.0000e+00
     -0.629 -9.990e-29 -9.990e-29     8.6285 -9.990e-29 1.5402e+02 -9.990e-29 -9.990e-29 -9.990e-29 -9.990e-29 -9.990e-29    20.5025   998.1053     -0.894     -0.617 0.0000e+00
