Data/DataNotYetUploadedToEDI/Raw_CTD/RawDownloads/060426_ccr50_S8188009.cnv
* Sea-Bird SBE19plus  Data File:
* FileName = C:\R\Reservoirs\Data\DataNotYetUploadedToEDI\Raw_CTD\RawDownloads\062526_ccr50_S8188_0009.hex
* Software version 2.8.0.119
* Temperature SN = 8188
* Conductivity SN = 8188
* System UpLoad Time = Jun 29 2026 18:11:47
* <ApplicationData>
* <Seaterm232>
# nquan = 16
# nvalues = 5844                        
# units = specified
# name 0 = depFM: Depth [fresh water, m]
# name 1 = dz/dtM: Descent Rate [m/s]
# name 2 = sbeox0Mg/L: Oxygen, SBE 43 [mg/l]
# name 3 = sbeox0PS: Oxygen, SBE 43 [% saturation]
# name 4 = specc: Specific Conductance [uS/cm]
# name 5 = c0uS/cm: Conductivity [uS/cm]
# name 6 = wetCDOM: Fluorescence, WET Labs CDOM [mg/m^3]
# name 7 = flECO-AFL: Fluorescence, WET Labs ECO-AFL/FL [mg/m^3]
# name 8 = flECO-AFL1: Fluorescence, WET Labs ECO-AFL/FL, 2 [mg/m^3]
# name 9 = flECO-AFL2: Fluorescence, WET Labs ECO-AFL/FL, 3 [mg/m^3]
# name 10 = par/sat/log: PAR/Logarithmic, Satlantic
# name 11 = turbWETntu0: Turbidity, WET Labs ECO [NTU]
# name 12 = prdM: Pressure, Strain Gauge [db]
# name 13 = prdE: Pressure, Strain Gauge [psi]
# name 14 = tv290C: Temperature [ITS-90, deg C]
# name 15 = flag:  0.000e+00
# span 0 =     -0.398,     17.047       
# span 1 =     -0.235,      0.176       
# span 2 =    -0.1613,    11.0176       
# span 3 =     -1.453,    106.519       
# span 4 =   -652.210,    213.675       
# span 5 =-480.619084, 152.902077       
# span 6 =   -23.7600,    30.3300       
# span 7 =    -1.5129,   245.1415       
# span 8 =    -2.1300,     5.5380       
# span 9 =    -3.8916,     6.8949       
# span 10 = 1.1587e-01, 2.5004e+03      
# span 11 =    -8.6936,   971.0945      
# span 12 =     -0.390,     16.717      
# span 13 =     -0.566,     24.246      
# span 14 =    10.7439,    23.7338      
# span 15 = 0.0000e+00, 0.0000e+00      
# interval = seconds: 0.25
# start_time = Jun 04 2026 10:39:05 [Instrument's time stamp, header]
# bad_flag = -9.990e-29
*END*
[from data line 2080]
      5.170      0.015     9.4159     95.516    100.602  83.172542    13.9500     2.1798     0.0852     0.2961 1.0882e+02     1.6090      5.071      7.354    16.2623 0.0000e+00
      5.174      0.016     9.3979     95.585     70.997  58.827830    13.9500     2.1721     0.0852     0.2961 1.0743e+02     1.8356      5.074      7.359    16.2545 0.0000e+00
      5.178      0.016     9.3828     95.690     21.712  18.335415    14.0400     2.1721     0.0852     0.2538 1.0752e+02     1.9564      5.078      7.365    16.2531 0.0000e+00
      5.182      0.016     9.3757     95.796    -60.408 -49.086681    14.0400     2.1836     0.0852     0.2538 1.0816e+02     1.8356      5.082      7.371    16.2448 0.0000e+00
      5.186      0.016     9.3791     95.889   -197.253-161.383682    14.0400     2.1836     0.0852     0.2538 1.0579e+02     1.8507      5.086      7.377    16.2260 0.0000e+00
      5.191      0.016     9.3911     95.969   -425.291-348.449453    14.0400     2.2179     0.0852     0.2538 1.0609e+02     1.6241      5.090      7.383    16.1998 0.0000e+00
      5.195      0.015     9.4078     96.034   -567.806-465.418418    14.0400     2.2027     0.0852     0.2538 1.0771e+02     1.6543      5.094      7.388    16.1678 0.0000e+00
      5.199      0.015     9.4257     96.061   -425.273-348.720523    14.0400     2.2561     0.1278     0.3384 1.0599e+02     1.5486      5.098      7.394    16.1310 0.0000e+00
      5.202      0.014     9.4434     96.021   -197.218-161.900111    14.0400     2.2637     0.1278     0.3384 1.0588e+02     1.6694      5.102      7.399    16.0892 0.0000e+00
      5.206      0.013     9.4611     95.910    -60.384 -49.836189    14.0400     2.2522     0.1278     0.3384 1.0671e+02     1.6996      5.105      7.404    16.0415 0.0000e+00
      5.209      0.012     9.4778     95.745     21.713  17.378955    14.0400     2.2103     0.1278     0.3384 1.0618e+02     1.7298      5.108      7.409    15.9910 0.0000e+00
      5.212      0.011     9.4899     95.547     70.973  57.701359    14.1300     2.2446     0.0852     0.2961 1.0460e+02     1.6241      5.111      7.413    15.9429 0.0000e+00
      5.214      0.009     9.4941     95.330    100.524  81.891661    14.1300     2.2294     0.0852     0.2961 1.0565e+02     1.7449      5.114      7.416    15.9010 0.0000e+00
      5.217      0.008     9.4901     95.101    118.259  96.416610    14.1300     2.2446     0.0852     0.2961 1.0586e+02     1.4579      5.116      7.420    15.8657 0.0000e+00
      5.219      0.007     9.4794     94.865    128.915 105.157528    14.1300     2.2294     0.0852     0.2961 1.0503e+02     1.3522      5.118      7.422    15.8375 0.0000e+00
      5.220      0.006     9.4637     94.642    135.331 110.437324    14.1300     2.2332     0.1278     0.2961 1.0592e+02     1.3975      5.119      7.425    15.8177 0.0000e+00
      5.222      0.006     9.4445     94.454    139.217 113.655944    14.1300     2.2713     0.1278     0.2961 1.0549e+02     1.4881      5.121      7.427    15.8062 0.0000e+00
      5.223      0.005     9.4227     94.318    141.582 115.639687    14.1300     2.2332     0.1278     0.2961 1.0565e+02     1.4428      5.122      7.429    15.8020 0.0000e+00
      5.224      0.004     9.3989     94.250    143.015 116.871547    14.1300     2.2217     0.1278     0.2961 1.0510e+02     1.2918      5.123      7.430    15.8039 0.0000e+00
      5.225      0.004     9.3753     94.253    143.841 117.616013    14.1300     2.2408     0.1278     0.2961 1.0485e+02     1.4579      5.124      7.431    15.8110 0.0000e+00
      5.226      0.004     9.3544     94.318    144.239 118.013608    14.1300     2.2408     0.0852     0.2538 1.0639e+02     1.3975      5.125      7.433    15.8225 0.0000e+00
      5.227      0.005     9.3379     94.426    144.371 118.174363    14.1300     2.2484     0.0852     0.2538 1.0489e+02     1.4579      5.126      7.434    15.8381 0.0000e+00
      5.228      0.007     9.3272     94.568    144.372 118.169155    14.1300     2.2141     0.0852     0.2538 1.0551e+02     1.4277      5.127      7.435    15.8579 0.0000e+00
      5.229      0.008     9.3230     94.732    144.350 118.042608    14.1300     2.2484     0.0852     0.2538 1.0724e+02     1.3673      5.128      7.437    15.8812 0.0000e+00
      5.232      0.009     9.3246     94.900    144.411 117.894982    14.1300     2.2217     0.0852     0.2961 1.0451e+02     1.4579      5.131      7.441    15.9057 0.0000e+00
      5.235      0.010     9.3317     95.052    144.569 117.812903    14.1300     2.3095     0.0852     0.2961 1.0383e+02     1.4277      5.134      7.445    15.9240 0.0000e+00
      5.238      0.010     9.3462     95.159    144.738 117.796470    14.1300     2.3018     0.0852     0.2961 1.0478e+02     1.3673      5.137      7.450    15.9216 0.0000e+00
      5.241      0.009     9.3699     95.197    144.866 117.823291    14.1300     2.3209     0.0852     0.2961 1.0387e+02     1.4730      5.140      7.454    15.8840 0.0000e+00
      5.243      0.008     9.4003     95.176    144.920 117.852515    14.2200     2.3247     0.1278     0.2538 1.0390e+02     1.4579      5.142      7.458    15.8157 0.0000e+00
      5.245      0.007     9.4299     95.130    144.894 117.845933    14.2200     2.1607     0.1278     0.2538 1.0433e+02     1.4126      5.143      7.460    15.7429 0.0000e+00
      5.246      0.006     9.4512     95.092    144.831 117.807798    14.2200     2.1874     0.1278     0.2538 1.0565e+02     1.3975      5.144      7.461    15.6895 0.0000e+00
      5.247      0.006     9.4604     95.084    144.772 117.755943    14.2200     2.1607     0.1278     0.2538 1.0446e+02     1.3673      5.145      7.462    15.6627 0.0000e+00
      5.248      0.006     9.4592     95.115    144.739 117.718542    14.0400     2.1759     0.0852     0.2961 1.0396e+02     1.3975      5.146      7.464    15.6576 0.0000e+00
      5.249      0.007     9.4535     95.188    144.730 117.707622    14.0400     2.2942     0.0852     0.2961 1.0526e+02     1.4126      5.148      7.467    15.6628 0.0000e+00
      5.251      0.007     9.4489     95.294    144.701 117.684266    14.0400     2.3056     0.0852     0.2961 1.0383e+02     1.4730      5.150      7.470    15.6671 0.0000e+00
      5.253      0.008     9.4483     95.414    144.633 117.618249    14.0400     2.3018     0.0852     0.2961 1.0302e+02     1.3975      5.152      7.473    15.6659 0.0000e+00
      5.256      0.009     9.4522     95.522    144.567 117.531968    14.0400     2.2828     0.0852     0.2961 1.0544e+02     1.5637      5.154      7.476    15.6621 0.0000e+00
      5.258      0.009     9.4597     95.596    144.560 117.470420    14.2200     2.2408     0.0852     0.3807 1.0408e+02     1.3522      5.156      7.479    15.6608 0.0000e+00
      5.260      0.009     9.4701     95.642    144.626 117.455190    14.2200     2.2255     0.0852     0.3807 1.0277e+02     1.4277      5.159      7.482    15.6611 0.0000e+00
      5.263      0.008     9.4828     95.683    144.713 117.468210    14.2200     2.2370     0.0852     0.3807 1.0399e+02     1.4126      5.161      7.485    15.6572 0.0000e+00
      5.265      0.008     9.4958     95.747    144.751 117.462946    14.2200     2.2332     0.0852     0.3807 1.0383e+02     1.4277      5.163      7.489    15.6460 0.0000e+00
      5.267      0.007     9.5072     95.841    144.716 117.397993    14.1300     2.2522     0.0852     0.2538 1.0324e+02     1.4277      5.165      7.492    15.6267 0.0000e+00
      5.268      0.006     9.5165     95.956    144.646 117.272035    14.1300     2.2294     0.0852     0.2538 1.0318e+02     1.5335      5.166      7.494    15.6030 0.0000e+00
      5.270      0.006     9.5247     96.083    144.611 117.133486    14.1300     2.2294     0.0852     0.2538 1.0426e+02     1.3371      5.168      7.495    15.5831 0.0000e+00
      5.271      0.005     9.5336     96.203    144.672 117.059396    14.1300     2.2446     0.0852     0.2538 1.0387e+02     1.4881      5.169      7.497    15.5705 0.0000e+00
      5.272      0.004     9.5456     96.277    144.827 117.086002    14.1300     2.2484     0.0852     0.2961 1.0255e+02     1.3673      5.170      7.499    15.5578 0.0000e+00
      5.273      0.003     9.5620     96.276    144.999 117.178390    14.1300     2.3018     0.0852     0.2961 1.0304e+02     1.4277      5.171      7.501    15.5338 0.0000e+00
      5.274      0.002     9.5824     96.196    145.106 117.277192    14.1300     2.2866     0.0852     0.2961 1.0324e+02     1.5788      5.172      7.502    15.4960 0.0000e+00
      5.274      0.001     9.6031     96.060    145.116 117.336753    14.1300     2.3095     0.0852     0.2961 1.0306e+02     1.3673      5.172      7.502    15.4533 0.0000e+00
      5.273      0.000     9.6176     95.916    145.028 117.314960    14.1300     2.2942     0.0852     0.2961 1.0345e+02     1.4126      5.171      7.501    15.4191 0.0000e+00
      5.273      0.000     9.6208     95.819    144.875 117.198008    14.2200     2.3247     0.0852     0.2961 1.0492e+02     1.3673      5.171      7.500    15.4031 0.0000e+00
      5.272      0.001     9.6119     95.808    144.745 117.036718    14.2200     2.2942     0.0852     0.2961 1.0390e+02     1.4428      5.171      7.499    15.4074 0.0000e+00
      5.273      0.002     9.5948     95.897    144.706 116.898080    14.2200     2.2713     0.0852     0.2961 1.0345e+02     1.3824      5.171      7.500    15.4249 0.0000e+00
      5.274      0.003     9.5769     96.071    144.767 116.827119    14.2200     2.2789     0.0852     0.2961 1.0390e+02     1.3824      5.172      7.501    15.4419 0.0000e+00
      5.275      0.003     9.5667     96.281    144.894 116.828903    14.2200     2.2370     0.0426     0.3807 1.0331e+02     1.7449      5.173      7.503    15.4443 0.0000e+00
      5.276      0.003     9.5695     96.471    145.017 116.863901    14.2200     2.2217     0.0426     0.3807 1.0327e+02     1.6392      5.174      7.505    15.4250 0.0000e+00
      5.277      0.003     9.5860     96.599    145.098 116.903443    14.2200     2.2370     0.0426     0.3807 1.0311e+02     1.7147      5.175      7.506    15.3882 0.0000e+00
      5.278      0.002     9.6120     96.646    145.134 116.942072    14.2200     2.2217     0.0426     0.3807 1.0351e+02     1.6845      5.176      7.507    15.3465 0.0000e+00
      5.278      0.001     9.6402     96.617    145.126 116.974091    14.2200     2.2408     0.0852     0.2115 1.0268e+02     1.2011      5.177      7.508    15.3117 0.0000e+00
      5.278      0.000     9.6638     96.540    145.068 116.980039    14.2200     2.2294     0.0852     0.2115 1.0331e+02     1.1558      5.177      7.508    15.2895 0.0000e+00
      5.278      0.000     9.6784     96.471    144.971 116.945507    14.2200     2.2599     0.0852     0.2115 1.0487e+02     1.2464      5.176      7.507    15.2807 0.0000e+00
      5.278      0.000     9.6824     96.462    144.891 116.893292    14.2200     2.2522     0.0852     0.2115 1.0302e+02     1.1558      5.176      7.507    15.2841 0.0000e+00
      5.278      0.001     9.6767     96.541    144.855 116.855470    14.2200     2.2408     0.1278     0.2538 1.0320e+02     1.3975      5.176      7.507    15.2972 0.0000e+00
      5.279      0.001     9.6653     96.690    144.841 116.843953    14.2200     2.2484     0.1278     0.2538 1.0492e+02     1.4881      5.177      7.508    15.3154 0.0000e+00
      5.279      0.002     9.6552     96.870    144.829 116.859668    14.2200     2.2408     0.1278     0.2538 1.0268e+02     1.4277      5.177      7.509    15.3305 0.0000e+00
      5.280      0.003     9.6535     97.049    144.809 116.890805    14.2200     2.2446     0.1278     0.2538 1.0257e+02     1.4277      5.178      7.510    15.3349 0.0000e+00
      5.281      0.004     9.6620     97.214    144.780 116.923671    14.2200     2.2713     0.1278     0.2538 1.0437e+02     1.3824      5.179      7.511    15.3317 0.0000e+00
      5.282      0.004     9.6769     97.364    144.764 116.957034    14.3100     2.2294     0.0852     0.2538 1.0394e+02     1.4881      5.180      7.512    15.3316 0.0000e+00
      5.283      0.005     9.6931     97.486    144.776 116.991793    14.3100     2.2217     0.0852     0.2538 1.0264e+02     1.4277      5.181      7.513    15.3403 0.0000e+00
      5.284      0.005     9.7075     97.567    144.812 117.033216    14.3100     2.2217     0.0852     0.2538 1.0345e+02     1.5486      5.182      7.515    15.3567 0.0000e+00
      5.285      0.005     9.7200     97.603    144.834 117.064349    14.3100     2.3209     0.0852     0.2538 1.0354e+02     1.4126      5.183      7.517    15.3762 0.0000e+00
      5.287      0.004     9.7317     97.605    144.808 117.051493    14.3100     2.2828     0.0426     0.2538 1.0259e+02     1.4277      5.185      7.519    15.3920 0.0000e+00
      5.288      0.004     9.7420     97.583    144.749 116.985221    14.3100     2.3362     0.0426     0.2538 1.0286e+02     1.3975      5.186      7.520    15.4007 0.0000e+00
      5.288      0.004     9.7493     97.529    144.682 116.873864    14.3100     2.3018     0.0426     0.2538 1.0383e+02     1.4277      5.186      7.521    15.4051 0.0000e+00
      5.289      0.004     9.7519     97.425    144.636 116.755726    14.3100     2.2904     0.0426     0.2538 1.0333e+02     1.3975      5.187      7.522    15.4096 0.0000e+00
      5.290      0.004     9.7515     97.255    144.659 116.695297    14.3100     2.3171     0.0852     0.3807 1.0177e+02     1.4730      5.188      7.524    15.4125 0.0000e+00
      5.292      0.004     9.7507     97.016    144.749 116.722458    14.3100     2.3095     0.0852     0.3807 1.0331e+02     1.4277      5.190      7.526    15.4059 0.0000e+00
      5.293      0.004     9.7494     96.723    144.853 116.806448    14.3100     2.3018     0.0852     0.3807 1.0259e+02     1.3673      5.191      7.528    15.3863 0.0000e+00
      5.294      0.003     9.7449     96.408    144.922 116.897663    14.3100     2.3858     0.0852     0.3807 1.0195e+02     1.4881      5.192      7.530    15.3582 0.0000e+00
      5.295      0.002     9.7336     96.129    144.936 116.966431    14.3100     2.3781     0.0852     0.3807 1.0231e+02     1.4730      5.192      7.531    15.3310 0.0000e+00
      5.295      0.001     9.7130     95.958    144.897 117.003091    14.4000     2.3743     0.0852     0.2115 1.0365e+02     1.5486      5.193      7.531    15.3152 0.0000e+00
      5.295      0.000     9.6837     95.945    144.852 117.033424    14.4000     2.3667     0.0852     0.2115 1.0215e+02     1.4126      5.192      7.531    15.3152 0.0000e+00
      5.295      0.000     9.6496     96.088    144.843 117.085523    14.4000     2.2637     0.0852     0.2115 1.0235e+02     1.3522      5.192      7.531    15.3276 0.0000e+00
      5.294     -0.001     9.6176     96.340    144.842 117.141280    14.4000     2.2446     0.0852     0.2115 1.0410e+02     1.5335      5.192      7.531    15.3474 0.0000e+00
      5.294     -0.001     9.5956     96.637    144.806 117.169565    14.5800     2.2370     0.0852     0.3807 1.0211e+02     1.5183      5.192      7.530    15.3709 0.0000e+00
      5.294      0.000     9.5894     96.923    144.715 117.141920    14.5800     2.2332     0.0852     0.3807 1.0282e+02     1.4277      5.192      7.530    15.3941 0.0000e+00
      5.293      0.000     9.5995     97.161    144.570 117.028979    14.5800     2.3285     0.0852     0.3807 1.0399e+02     1.4730      5.191      7.529    15.4144 0.0000e+00
      5.293      0.001     9.6207     97.325    144.419 116.850629    14.5800     2.3095     0.0852     0.3807 1.0259e+02     1.3824      5.191      7.529    15.4337 0.0000e+00
      5.294      0.001     9.6463     97.397    144.343 116.677312    14.3100     2.3018     0.0852     0.4230 1.0347e+02     1.4579      5.192      7.529    15.4537 0.0000e+00
