Data/DataNotYetUploadedToEDI/Raw_CTD/RawDownloads/060426_ccr20_S8188012.cnv
* Sea-Bird SBE19plus  Data File:
* FileName = C:\R\Reservoirs\Data\DataNotYetUploadedToEDI\Raw_CTD\RawDownloads\062526_ccr50_S8188_0012.hex
* Software version 2.8.0.119
* Temperature SN = 8188
* Conductivity SN = 8188
* System UpLoad Time = Jun 29 2026 18:12:44
* <ApplicationData>
* <Seaterm232>
# nquan = 16
# nvalues = 2326                        
# units = specified
# name 0 = depFM: Depth [fresh water, m]
# name 1 = dz/dtM: Descent Rate [m/s]
# name 2 = sbeox0Mg/L: Oxygen, SBE 43 [mg/l]
# name 3 = sbeox0PS: Oxygen, SBE 43 [% saturation]
# name 4 = specc: Specific Conductance [uS/cm]
# name 5 = c0uS/cm: Conductivity [uS/cm]
# name 6 = wetCDOM: Fluorescence, WET Labs CDOM [mg/m^3]
# name 7 = flECO-AFL: Fluorescence, WET Labs ECO-AFL/FL [mg/m^3]
# name 8 = flECO-AFL1: Fluorescence, WET Labs ECO-AFL/FL, 2 [mg/m^3]
# name 9 = flECO-AFL2: Fluorescence, WET Labs ECO-AFL/FL, 3 [mg/m^3]
# name 10 = par/sat/log: PAR/Logarithmic, Satlantic
# name 11 = turbWETntu0: Turbidity, WET Labs ECO [NTU]
# name 12 = prdM: Pressure, Strain Gauge [db]
# name 13 = prdE: Pressure, Strain Gauge [psi]
# name 14 = tv290C: Temperature [ITS-90, deg C]
# name 15 = flag:  0.000e+00
# span 0 =     -0.399,      5.458       
# span 1 =     -0.219,      0.137       
# span 2 =     4.8555,     8.2851       
# span 3 =     54.243,     96.233       
# span 4 =   -490.418,    159.088       
# span 5 =-447.885089, 145.416897       
# span 6 =    -4.5000,    24.6600       
# span 7 =    -2.8786,     9.4469       
# span 8 =    -2.1300,     2.0874       
# span 9 =    -3.8493,     5.8797       
# span 10 = 3.0397e+01, 2.8136e+03      
# span 11 =    -4.5091,    54.2700      
# span 12 =     -0.391,      5.352      
# span 13 =     -0.567,      7.763      
# span 14 =    13.2181,    23.4448      
# span 15 = 0.0000e+00, 0.0000e+00      
# interval = seconds: 0.25
# start_time = Jun 04 2026 11:56:33 [Instrument's time stamp, header]
# bad_flag = -9.990e-29
*END*
[from data line 2080]
      1.793     -0.049     6.3891     72.819    149.547 142.921044     9.7200     0.5470     0.0852     0.1692 1.0750e+02     1.1558      1.759      2.550    22.7956 0.0000e+00
      1.781     -0.043     6.3511     72.772    148.807 142.192923     9.7200     0.5356     0.0852     0.1692 1.0965e+02     1.1105      1.747      2.533    22.7930 0.0000e+00
      1.772     -0.037     6.3166     72.937    147.600 141.021749     9.8100     0.5051     0.0426     0.1269 1.1133e+02     1.1558      1.737      2.519    22.7898 0.0000e+00
      1.764     -0.032     6.2884     73.282    145.626 139.121241     9.8100     0.5509     0.0426     0.1269 1.1252e+02     1.2011      1.730      2.509    22.7851 0.0000e+00
      1.758     -0.028     6.2701     73.728    142.331 135.962566     9.8100     0.5203     0.0426     0.1269 1.1373e+02     1.0954      1.724      2.500    22.7787 0.0000e+00
      1.752     -0.026     6.2669     74.168    136.827 130.697405     9.8100     0.5699     0.0426     0.1269 1.1397e+02     0.9896      1.718      2.492    22.7717 0.0000e+00
      1.746     -0.026     6.2818     74.487    127.657 121.933729     9.8100     0.5661     0.0852     0.1269 1.1474e+02     1.0349      1.713      2.484    22.7652 0.0000e+00
      1.741     -0.027     6.3122     74.606    112.384 107.344571     9.8100     0.5814     0.0852     0.1269 1.1499e+02     1.0954      1.707      2.475    22.7598 0.0000e+00
      1.734     -0.030     6.3512     74.491     86.931  83.037485     9.8100     0.5585     0.0852     0.1269 1.1592e+02     1.1709      1.700      2.466    22.7553 0.0000e+00
      1.726     -0.034     6.3895     74.144     44.491  42.516565     9.8100     0.5852     0.0852     0.1269 1.1711e+02     1.1709      1.693      2.455    22.7511 0.0000e+00
      1.717     -0.037     6.4175     73.614    -26.256 -25.021769     9.8100     0.5814     0.0852     0.1269 1.1803e+02     1.2313      1.684      2.442    22.7470 0.0000e+00
      1.707     -0.039     6.4283     72.999   -144.168-137.573719     9.8100     0.5623     0.0852     0.1692 1.2002e+02     1.2011      1.673      2.427    22.7427 0.0000e+00
      1.695     -0.039     6.4190     72.402   -340.694-325.155142     9.8100     0.5661     0.0852     0.1692 1.2110e+02     1.1105      1.662      2.411    22.7379 0.0000e+00
      1.684     -0.037     6.3898     71.889   -463.534-442.412980     9.8100     0.5814     0.0852     0.1692 1.2335e+02     1.1558      1.651      2.394    22.7322 0.0000e+00
      1.673     -0.034     6.3449     71.509   -340.712-325.215182     9.8100     0.5814     0.0852     0.1692 1.2538e+02     1.1407      1.641      2.380    22.7261 0.0000e+00
      1.665     -0.030     6.2928     71.306   -144.180-137.665754     9.7200     0.5928     0.1278     0.2115 1.2883e+02     1.1709      1.633      2.368    22.7198 0.0000e+00
      1.659     -0.026     6.2422     71.312    -26.250 -25.130294     9.7200     0.5776     0.1278     0.2115 1.3061e+02     1.1860      1.626      2.359    22.7133 0.0000e+00
      1.654     -0.022     6.1990     71.535     44.513  42.392643     9.7200     0.5699     0.1278     0.2115 1.3273e+02     1.3975      1.621      2.352    22.7062 0.0000e+00
      1.649     -0.019     6.1669     71.948     86.973  82.905168     9.7200     0.5394     0.1278     0.2115 1.3345e+02     1.4277      1.617      2.345    22.6991 0.0000e+00
      1.645     -0.018     6.1500     72.472    112.454 107.214626     9.7200     0.5585     0.0852     0.1692 1.3470e+02     1.4579      1.613      2.339    22.6930 0.0000e+00
      1.640     -0.018     6.1510     73.008    127.749 121.803538     9.7200     0.5852     0.0852     0.1692 1.3403e+02     1.4277      1.608      2.333    22.6880 0.0000e+00
      1.636     -0.020     6.1707     73.461    136.936 130.562282     9.7200     0.5585     0.0852     0.1692 1.3304e+02     1.1105      1.604      2.327    22.6839 0.0000e+00
      1.631     -0.022     6.2067     73.754    142.460 135.824519     9.7200     0.5776     0.0852     0.1692 1.3307e+02     1.1105      1.600      2.320    22.6803 0.0000e+00
      1.626     -0.026     6.2523     73.847    145.771 138.973486     9.8100     0.5699     0.0426     0.2115 1.3235e+02     1.0652      1.594      2.312    22.6773 0.0000e+00
      1.619     -0.030     6.2989     73.737    147.756 140.852912     9.8100     0.5852     0.0426     0.2115 1.3016e+02     1.1558      1.588      2.303    22.6745 0.0000e+00
      1.611     -0.034     6.3383     73.454    148.964 141.988009     9.8100     0.6081     0.0426     0.2115 1.2883e+02     1.1407      1.580      2.292    22.6716 0.0000e+00
      1.602     -0.037     6.3639     73.069    149.708 142.679466     9.8100     0.6386     0.0426     0.2115 1.2650e+02     1.1407      1.571      2.278    22.6684 0.0000e+00
      1.591     -0.039     6.3724     72.679    150.166 143.097652     9.8100     0.6386     0.0426     0.2115 1.2500e+02     1.1105      1.560      2.262    22.6645 0.0000e+00
      1.579     -0.039     6.3635     72.371    150.445 143.342067     9.7200     0.6348     0.0852     0.2115 1.2403e+02     1.1709      1.549      2.246    22.6596 0.0000e+00
      1.568     -0.037     6.3398     72.198    150.619 143.481893     9.7200     0.5814     0.0852     0.2115 1.2118e+02     1.3824      1.538      2.230    22.6537 0.0000e+00
      1.558     -0.034     6.3072     72.215    150.738 143.570436     9.7200     0.5661     0.0852     0.2115 1.2099e+02     1.4277      1.528      2.216    22.6476 0.0000e+00
      1.550     -0.030     6.2744     72.469    150.808 143.619290     9.7200     0.5852     0.0852     0.2115 1.1968e+02     1.3975      1.520      2.205    22.6414 0.0000e+00
      1.544     -0.027     6.2486     72.943    150.833 143.631470     9.7200     0.5814     0.0852     0.2961 1.1785e+02     1.4579      1.514      2.196    22.6341 0.0000e+00
      1.538     -0.024     6.2347     73.559    150.838 143.628245     9.7200     0.5966     0.0852     0.2961 1.1731e+02     1.1860      1.508      2.188    22.6254 0.0000e+00
      1.533     -0.023     6.2371     74.223    150.826 143.610759     9.7200     0.5509     0.0852     0.2961 1.1514e+02     1.1407      1.503      2.180    22.6173 0.0000e+00
      1.528     -0.024     6.2598     74.835    150.800 143.582360     9.7200     0.5776     0.0852     0.2961 1.1417e+02     1.2162      1.498      2.173    22.6112 0.0000e+00
      1.523     -0.026     6.3013     75.287    150.781 143.559505     9.8100     0.5585     0.0852     0.1269 1.1267e+02     1.0803      1.493      2.165    22.6072 0.0000e+00
      1.516     -0.029     6.3548     75.484    150.780 143.552122     9.8100     0.5356     0.0852     0.1269 1.1068e+02     1.2162      1.487      2.157    22.6045 0.0000e+00
      1.509     -0.034     6.4124     75.361    150.810 143.574263     9.8100     0.5242     0.0852     0.1269 1.0884e+02     1.2313      1.480      2.146    22.6027 0.0000e+00
      1.500     -0.039     6.4654     74.921    150.851 143.605796     9.8100     0.5356     0.0852     0.1269 1.0715e+02     1.1407      1.471      2.133    22.6013 0.0000e+00
      1.489     -0.043     6.5047     74.220    150.876 143.621086     9.8100     0.5242     0.0852     0.1269 1.0515e+02     1.1256      1.460      2.118    22.5997 0.0000e+00
      1.476     -0.046     6.5219     73.334    150.901 143.634224     9.7200     0.5585     0.0852     0.1269 1.0271e+02     1.0500      1.448      2.100    22.5978 0.0000e+00
      1.463     -0.047     6.5116     72.336    150.932 143.650716     9.7200     0.5203     0.0852     0.1269 1.0085e+02     1.2918      1.434      2.080    22.5955 0.0000e+00
      1.449     -0.047     6.4738     71.293    150.955 143.656934     9.7200     0.5127     0.0852     0.1269 9.9283e+01     1.1256      1.421      2.061    22.5931 0.0000e+00
      1.437     -0.045     6.4136     70.268    150.963 143.648528     9.7200     0.5432     0.0852     0.1269 9.8659e+01     1.2313      1.409      2.044    22.5902 0.0000e+00
      1.426     -0.043     6.3374     69.313    150.967 143.637274     9.6300     0.5585     0.0852     0.2538 9.7848e+01     0.8839      1.399      2.029    22.5867 0.0000e+00
      1.417     -0.042     6.2517     68.466    150.965 143.622173     9.6300     0.5280     0.0852     0.2538 9.6896e+01     0.8386      1.389      2.015    22.5824 0.0000e+00
      1.407     -0.042     6.1622     67.749    150.955 143.603203     9.6300     0.5280     0.0852     0.2538 9.5995e+01     0.8839      1.380      2.001    22.5772 0.0000e+00
      1.397     -0.044     6.0742     67.183    150.947 143.587321     9.6300     0.5318     0.0852     0.2538 9.4463e+01     0.9443      1.370      1.987    22.5718 0.0000e+00
      1.386     -0.046     5.9923     66.782    150.929 143.562281     9.6300     0.5127     0.0426     0.0846 9.3605e+01     0.8386      1.359      1.971    22.5669 0.0000e+00
      1.373     -0.048     5.9195     66.545    150.898 143.525410     9.6300     0.5051     0.0426     0.0846 9.2132e+01     0.8839      1.347      1.953    22.5627 0.0000e+00
      1.360     -0.050     5.8580     66.459    150.869 143.490907     9.6300     0.5203     0.0426     0.0846 9.0879e+01     0.9443      1.334      1.934    22.5594 0.0000e+00
      1.346     -0.050     5.8093     66.519    150.851 143.465593     9.6300     0.5165     0.0426     0.0846 8.9488e+01     0.9443      1.320      1.914    22.5567 0.0000e+00
      1.332     -0.049     5.7749     66.708    150.852 143.458737     9.6300     0.4440     0.0852     0.1692 8.7927e+01     1.1105      1.306      1.894    22.5542 0.0000e+00
      1.319     -0.046     5.7547     67.014    150.881 143.476522     9.6300     0.4593     0.0852     0.1692 8.7545e+01     1.1558      1.293      1.876    22.5517 0.0000e+00
      1.307     -0.043     5.7476     67.447    150.910 143.495652     9.6300     0.4517     0.0852     0.1692 8.6825e+01     1.2011      1.282      1.859    22.5492 0.0000e+00
      1.298     -0.040     5.7530     68.020    150.916 143.493194     9.6300     0.4784     0.0852     0.1692 8.7014e+01     1.2011      1.272      1.845    22.5467 0.0000e+00
      1.289     -0.038     5.7697     68.729    150.908 143.480505     9.6300     0.4708     0.0852     0.1692 8.7621e+01     1.1860      1.264      1.833    22.5440 0.0000e+00
      1.281     -0.037     5.7964     69.553    150.911 143.478233     9.5400     0.5013     0.0852     0.0423 8.8099e+01     1.2313      1.256      1.821    22.5409 0.0000e+00
      1.272     -0.038     5.8342     70.461    150.920 143.481768     9.5400     0.4784     0.0852     0.0423 8.8887e+01     1.1407      1.247      1.809    22.5379 0.0000e+00
      1.263     -0.040     5.8841     71.397    150.916 143.472026     9.5400     0.4708     0.0852     0.0423 8.9081e+01     1.2011      1.238      1.796    22.5354 0.0000e+00
      1.252     -0.042     5.9456     72.294    150.901 143.450415     9.5400     0.4631     0.0852     0.0423 8.9313e+01     0.8990      1.228      1.781    22.5335 0.0000e+00
      1.240     -0.044     6.0170     73.102    150.883 143.427191     9.5400     0.4822     0.0852     0.2961 8.9313e+01     0.9594      1.216      1.764    22.5320 0.0000e+00
      1.228     -0.044     6.0958     73.786    150.861 143.400168     9.5400     0.5013     0.0852     0.2961 8.8752e+01     0.9443      1.204      1.746    22.5303 0.0000e+00
      1.215     -0.043     6.1770     74.325    150.849 143.382164     9.5400     0.4746     0.0852     0.2961 8.9917e+01     0.8990      1.192      1.729    22.5283 0.0000e+00
      1.204     -0.042     6.2549     74.744    150.870 143.396415     9.5400     0.4631     0.0852     0.2961 9.0721e+01     1.0803      1.181      1.713    22.5260 0.0000e+00
      1.194     -0.041     6.3251     75.071    150.898 143.418683     9.5400     0.4746     0.0852     0.0846 9.2835e+01     1.1407      1.171      1.699    22.5239 0.0000e+00
      1.185     -0.040     6.3845     75.301    150.904 143.422866     9.5400     0.4860     0.0852     0.0846 9.4751e+01     1.1860      1.162      1.686    22.5219 0.0000e+00
      1.176     -0.040     6.4314     75.404    150.913 143.430104     9.5400     0.4593     0.0852     0.0846 9.5745e+01     1.0500      1.154      1.673    22.5197 0.0000e+00
      1.167     -0.042     6.4679     75.348    150.908 143.424305     9.5400     0.4708     0.0852     0.0846 9.7912e+01     0.9594      1.144      1.660    22.5176 0.0000e+00
      1.156     -0.044     6.4964     75.096    150.878 143.391906     9.5400     0.4784     0.0852     0.0846 9.8574e+01     0.9896      1.134      1.644    22.5163 0.0000e+00
      1.144     -0.046     6.5163     74.620    150.873 143.380341     9.5400     0.4708     0.0426     0.1692 9.9997e+01     0.8537      1.122      1.627    22.5157 0.0000e+00
      1.132     -0.047     6.5252     73.922    150.897 143.394536     9.5400     0.4746     0.0426     0.1692 1.0168e+02     0.9292      1.110      1.610    22.5154 0.0000e+00
      1.119     -0.046     6.5204     73.038    150.926 143.412243     9.5400     0.4326     0.0426     0.1692 1.0257e+02     1.1860      1.097      1.591    22.5149 0.0000e+00
      1.106     -0.044     6.4988     72.034    150.960 143.434178     9.5400     0.3945     0.0426     0.1692 1.0433e+02     1.1709      1.084      1.573    22.5136 0.0000e+00
      1.094     -0.040     6.4579     70.987    150.992 143.454173     9.5400     0.3945     0.1278     0.0846 1.0586e+02     1.1407      1.073      1.556    22.5115 0.0000e+00
      1.084     -0.035     6.3978     69.975    151.018 143.469551     9.5400     0.4250     0.1278     0.0846 1.0868e+02     1.0954      1.063      1.542    22.5088 0.0000e+00
      1.076     -0.030     6.3217     69.060    151.037 143.480404     9.5400     0.4250     0.1278     0.0846 1.1326e+02     1.1407      1.055      1.531    22.5056 0.0000e+00
      1.070     -0.026     6.2353     68.277    151.047 143.485623     9.5400     0.4135     0.1278     0.0846 1.1595e+02     1.1709      1.049      1.522    22.5021 0.0000e+00
      1.065     -0.023     6.1451     67.637    151.052 143.486600     9.4500     0.4364     0.0852     0.1692 1.1976e+02     1.1105      1.044      1.514    22.4986 0.0000e+00
      1.060     -0.022     6.0578     67.127    151.046 143.479588     9.4500     0.4173     0.0852     0.1692 1.2298e+02     1.1407      1.039      1.508    22.4956 0.0000e+00
      1.055     -0.022     5.9788     66.718    151.030 143.462719     9.4500     0.4059     0.0852     0.1692 1.2408e+02     1.0652      1.035      1.501    22.4932 0.0000e+00
      1.050     -0.025     5.9113     66.371    151.015 143.447516     9.4500     0.3830     0.0852     0.1692 1.2716e+02     1.1407      1.030      1.494    22.4916 0.0000e+00
      1.044     -0.028     5.8559     66.056    151.004 143.433928     9.5400     0.4212     0.0852     0.1692 1.2739e+02     1.2464      1.024      1.485    22.4905 0.0000e+00
      1.037     -0.032     5.8119     65.757    150.984 143.410323     9.5400     0.3792     0.0852     0.1692 1.3163e+02     1.1407      1.017      1.475    22.4898 0.0000e+00
      1.028     -0.036     5.7765     65.461    150.972 143.394436     9.5400     0.3945     0.0852     0.1692 1.3488e+02     1.1709      1.008      1.463    22.4895 0.0000e+00
      1.018     -0.039     5.7465     65.172    150.980 143.398052     9.5400     0.4173     0.0852     0.1692 1.4256e+02     0.9292      0.998      1.448    22.4890 0.0000e+00
      1.007     -0.040     5.7194     64.910    150.980 143.394098     9.5400     0.4021     0.0852     0.1692 1.4932e+02     0.8386      0.987      1.431    22.4881 0.0000e+00
      0.994     -0.040     5.6936     64.695    150.965 143.377514     9.5400     0.4021     0.0852     0.1269 1.6097e+02     0.9443      0.975      1.414    22.4866 0.0000e+00
