Data/DataNotYetUploadedToEDI/Raw_CTD/RawDownloads/060426_ccr50_S8188009.cnv
* Sea-Bird SBE19plus  Data File:
* FileName = C:\R\Reservoirs\Data\DataNotYetUploadedToEDI\Raw_CTD\RawDownloads\062526_ccr50_S8188_0009.hex
* Software version 2.8.0.119
* Temperature SN = 8188
* Conductivity SN = 8188
* System UpLoad Time = Jun 29 2026 18:11:47
* <ApplicationData>
* <Seaterm232>
# nquan = 16
# nvalues = 5844                        
# units = specified
# name 0 = depFM: Depth [fresh water, m]
# name 1 = dz/dtM: Descent Rate [m/s]
# name 2 = sbeox0Mg/L: Oxygen, SBE 43 [mg/l]
# name 3 = sbeox0PS: Oxygen, SBE 43 [% saturation]
# name 4 = specc: Specific Conductance [uS/cm]
# name 5 = c0uS/cm: Conductivity [uS/cm]
# name 6 = wetCDOM: Fluorescence, WET Labs CDOM [mg/m^3]
# name 7 = flECO-AFL: Fluorescence, WET Labs ECO-AFL/FL [mg/m^3]
# name 8 = flECO-AFL1: Fluorescence, WET Labs ECO-AFL/FL, 2 [mg/m^3]
# name 9 = flECO-AFL2: Fluorescence, WET Labs ECO-AFL/FL, 3 [mg/m^3]
# name 10 = par/sat/log: PAR/Logarithmic, Satlantic
# name 11 = turbWETntu0: Turbidity, WET Labs ECO [NTU]
# name 12 = prdM: Pressure, Strain Gauge [db]
# name 13 = prdE: Pressure, Strain Gauge [psi]
# name 14 = tv290C: Temperature [ITS-90, deg C]
# name 15 = flag:  0.000e+00
# span 0 =     -0.398,     17.047       
# span 1 =     -0.235,      0.176       
# span 2 =    -0.1613,    11.0176       
# span 3 =     -1.453,    106.519       
# span 4 =   -652.210,    213.675       
# span 5 =-480.619084, 152.902077       
# span 6 =   -23.7600,    30.3300       
# span 7 =    -1.5129,   245.1415       
# span 8 =    -2.1300,     5.5380       
# span 9 =    -3.8916,     6.8949       
# span 10 = 1.1587e-01, 2.5004e+03      
# span 11 =    -8.6936,   971.0945      
# span 12 =     -0.390,     16.717      
# span 13 =     -0.566,     24.246      
# span 14 =    10.7439,    23.7338      
# span 15 = 0.0000e+00, 0.0000e+00      
# interval = seconds: 0.25
# start_time = Jun 04 2026 10:39:05 [Instrument's time stamp, header]
# bad_flag = -9.990e-29
*END*
[from data line 2351]
      5.515      0.005     9.5106     93.244    144.310 113.618954    15.3000     2.1988     0.1278     0.3384 9.3809e+01     1.1407      5.409      7.845    14.3928 0.0000e+00
      5.517      0.004     9.5111     93.400    144.297 113.616234    15.3900     2.2065     0.0852     0.3384 9.4320e+01     1.1407      5.410      7.847    14.3818 0.0000e+00
      5.518      0.004     9.5137     93.618    144.257 113.591887    15.3900     2.1836     0.0852     0.3384 9.5226e+01     1.0652      5.411      7.848    14.3712 0.0000e+00
      5.519      0.003     9.5196     93.884    144.219 113.563419    15.3900     2.1683     0.0852     0.3384 9.3748e+01     1.1407      5.412      7.849    14.3644 0.0000e+00
      5.519      0.002     9.5297     94.172    144.193 113.535237    15.3900     2.1950     0.0852     0.3384 9.4340e+01     1.2313      5.412      7.850    14.3630 0.0000e+00
      5.520      0.001     9.5451     94.455    144.177 113.507825    15.4800     2.1836     0.0852     0.4230 9.5267e+01     1.1105      5.413      7.851    14.3654 0.0000e+00
      5.520      0.001     9.5668     94.705    144.198 113.505868    15.4800     2.1950     0.0852     0.4230 9.4033e+01     1.2313      5.413      7.851    14.3680 0.0000e+00
      5.520      0.001     9.5939     94.893    144.268 113.544840    15.4800     2.1645     0.0852     0.4230 9.3992e+01     1.2011      5.413      7.851    14.3685 0.0000e+00
      5.520      0.001     9.6239     94.990    144.355 113.603137    15.4800     2.1912     0.0852     0.4230 9.5870e+01     1.1407      5.413      7.851    14.3659 0.0000e+00
      5.520      0.001     9.6540     94.977    144.409 113.640313    15.4800     2.2103     0.0852     0.4230 9.4095e+01     1.1256      5.413      7.851    14.3605 0.0000e+00
      5.520      0.001     9.6809     94.853    144.430 113.654281    15.3000     2.1759     0.0852     0.2961 9.3707e+01     1.2464      5.413      7.852    14.3541 0.0000e+00
      5.520      0.001     9.7012     94.648    144.432 113.658765    15.3000     2.1798     0.0852     0.2961 9.4916e+01     1.1558      5.413      7.852    14.3487 0.0000e+00
      5.521      0.002     9.7120     94.404    144.396 113.640963    15.3000     2.1874     0.0852     0.2961 9.4484e+01     1.0954      5.414      7.853    14.3452 0.0000e+00
      5.521      0.002     9.7110     94.159    144.341 113.614125    15.3000     2.1798     0.0852     0.2961 9.3564e+01     1.2464      5.414      7.853    14.3432 0.0000e+00
      5.522      0.003     9.6985     93.940    144.307 113.605091    15.4800     2.1988     0.0852     0.2538 9.3992e+01     1.1558      5.415      7.854    14.3423 0.0000e+00
      5.523      0.003     9.6774     93.772    144.295 113.611454    15.4800     2.1645     0.0852     0.2538 9.4999e+01     1.2313      5.416      7.855    14.3434 0.0000e+00
      5.524      0.003     9.6517     93.675    144.276 113.610914    15.4800     2.2599     0.0852     0.2538 9.2775e+01     1.2011      5.417      7.856    14.3472 0.0000e+00
      5.525      0.003     9.6254     93.655    144.235 113.591329    15.4800     2.2217     0.0852     0.2538 9.2896e+01     1.1860      5.418      7.858    14.3529 0.0000e+00
      5.526      0.004     9.6018     93.689    144.199 113.571474    15.4800     2.2370     0.0852     0.4230 9.4751e+01     1.1105      5.419      7.859    14.3588 0.0000e+00
      5.526      0.004     9.5834     93.754    144.180 113.558054    15.4800     2.2370     0.0852     0.4230 9.3199e+01     1.2313      5.419      7.860    14.3643 0.0000e+00
      5.527      0.004     9.5725     93.828    144.160 113.531492    15.4800     2.1798     0.0852     0.4230 9.2997e+01     1.2615      5.420      7.861    14.3692 0.0000e+00
      5.528      0.004     9.5695     93.887    144.145 113.496704    15.4800     2.1798     0.0852     0.4230 9.3809e+01     1.1256      5.421      7.863    14.3736 0.0000e+00
      5.529      0.005     9.5723     93.909    144.156 113.468408    15.4800     2.1759     0.0852     0.4230 9.3301e+01     1.0954      5.422      7.864    14.3767 0.0000e+00
      5.530      0.006     9.5789     93.881    144.174 113.431060    15.4800     2.1950     0.0852     0.3384 9.3159e+01     1.2162      5.423      7.866    14.3771 0.0000e+00
      5.532      0.007     9.5872     93.800    144.185 113.374698    15.4800     2.1187     0.0852     0.3384 9.3605e+01     1.2162      5.425      7.868    14.3734 0.0000e+00
      5.534      0.008     9.5949     93.681    144.196 113.316284    15.4800     2.0882     0.0852     0.3384 9.3118e+01     1.2011      5.427      7.870    14.3654 0.0000e+00
      5.536      0.009     9.5998     93.556    144.216 113.274232    15.4800     2.1187     0.0852     0.3384 9.3118e+01     1.0954      5.429      7.873    14.3527 0.0000e+00
      5.538      0.010     9.6007     93.463    144.242 113.247326    15.4800     2.1149     0.0852     0.3807 9.2332e+01     1.1709      5.431      7.877    14.3348 0.0000e+00
      5.541      0.011     9.5971     93.440    144.249 113.206392    15.4800     2.1187     0.0852     0.3807 9.3037e+01     1.3975      5.434      7.881    14.3123 0.0000e+00
      5.544      0.012     9.5899     93.511    144.232 113.140516    15.4800     2.1035     0.0852     0.3807 9.1593e+01     1.4428      5.437      7.885    14.2889 0.0000e+00
      5.547      0.013     9.5813     93.680    144.233 113.084119    15.4800     2.1187     0.0852     0.3807 9.2473e+01     1.4881      5.440      7.889    14.2689 0.0000e+00
      5.551      0.013     9.5752     93.918    144.254 113.052154    15.4800     2.1073     0.0852     0.4653 9.1872e+01     1.3975      5.443      7.894    14.2525 0.0000e+00
      5.554      0.013     9.5762     94.183    144.265 113.028097    15.4800     2.2561     0.0852     0.4653 9.0466e+01     1.1709      5.447      7.900    14.2365 0.0000e+00
      5.558      0.013     9.5874     94.455    144.269 113.013530    15.4800     2.2294     0.0852     0.4653 9.1077e+01     1.3220      5.451      7.905    14.2181 0.0000e+00
      5.561      0.012     9.6088     94.747    144.291 113.024565    15.4800     2.2370     0.0852     0.4653 9.0958e+01     1.0954      5.454      7.910    14.1985 0.0000e+00
      5.564      0.010     9.6368     95.094    144.341 113.064145    15.4800     2.2484     0.0852     0.3384 9.0466e+01     1.2313      5.457      7.914    14.1818 0.0000e+00
      5.567      0.009     9.6664     95.533    144.393 113.110831    15.4800     2.3018     0.0852     0.3384 9.0584e+01     1.5032      5.459      7.917    14.1703 0.0000e+00
      5.569      0.007     9.6956     96.082    144.408 113.135077    15.4800     2.2828     0.0852     0.3384 9.0112e+01     1.4277      5.461      7.920    14.1643 0.0000e+00
      5.570      0.006     9.7260     96.733    144.387 113.133352    15.4800     2.2866     0.0852     0.3384 9.0250e+01     1.5183      5.463      7.923    14.1623 0.0000e+00
      5.571      0.005     9.7615     97.442    144.381 113.139192    15.4800     2.3056     0.0852     0.3384 9.0348e+01     1.3069      5.464      7.924    14.1624 0.0000e+00
      5.572      0.004     9.8060     98.131    144.409 113.172151    15.4800     2.2789     0.0852     0.3807 9.0289e+01     1.1407      5.464      7.925    14.1645 0.0000e+00
      5.573      0.004     9.8615     98.703    144.432 113.207024    15.4800     2.2332     0.0852     0.3807 9.0348e+01     1.1407      5.465      7.926    14.1688 0.0000e+00
      5.574      0.004     9.9273     99.079    144.423 113.221115    15.4800     2.2141     0.0852     0.3807 9.0741e+01     1.1105      5.466      7.928    14.1738 0.0000e+00
      5.575      0.004     9.9992     99.221    144.398 113.222182    15.4800     2.2255     0.0852     0.3807 8.9333e+01     1.2011      5.467      7.929    14.1775 0.0000e+00
      5.576      0.005    10.0690     99.151    144.375 113.224509    15.4800     2.2217     0.1278     0.3807 8.9488e+01     1.1558      5.468      7.931    14.1813 0.0000e+00
      5.577      0.006    10.1265     98.931    144.356 113.226718    15.4800     2.2065     0.1278     0.3807 9.0820e+01     1.0954      5.469      7.932    14.1871 0.0000e+00
      5.579      0.007    10.1634     98.636    144.344 113.229399    15.4800     2.1874     0.1278     0.3807 8.9333e+01     1.2615      5.471      7.935    14.1943 0.0000e+00
      5.580      0.008    10.1764     98.329    144.345 113.239266    15.4800     2.1950     0.1278     0.3807 8.9255e+01     1.1105      5.473      7.937    14.2015 0.0000e+00
      5.583      0.010    10.1677     98.049    144.346 113.244952    15.4800     2.1950     0.0852     0.2115 8.9100e+01     1.2313      5.475      7.941    14.2086 0.0000e+00
      5.586      0.011    10.1439     97.801    144.332 113.233977    15.4800     2.2942     0.0852     0.2115 8.8907e+01     1.2011      5.478      7.945    14.2144 0.0000e+00
      5.589      0.013    10.1127     97.565    144.304 113.203413    15.4800     2.2904     0.0852     0.2115 8.8579e+01     1.2918      5.481      7.949    14.2186 0.0000e+00
      5.592      0.015    10.0805     97.309    144.266 113.151110    15.4800     2.2942     0.0852     0.2115 8.8752e+01     1.1256      5.484      7.954    14.2216 0.0000e+00
      5.596      0.018    10.0513     96.993    144.237 113.087117    15.4800     2.2751     0.0852     0.2115 8.9197e+01     1.2011      5.488      7.959    14.2235 0.0000e+00
      5.601      0.021    10.0259     96.588    144.228 113.016364    15.4800     2.3018     0.0852     0.4230 8.8118e+01     1.1709      5.492      7.966    14.2234 0.0000e+00
      5.606      0.024    10.0023     96.114    144.232 112.927981    15.4800     2.3018     0.0852     0.4230 8.7812e+01     1.0954      5.498      7.974    14.2204 0.0000e+00
      5.613      0.027     9.9778     95.629    144.256 112.818396    15.4800     2.3018     0.0852     0.4230 8.7641e+01     1.1860      5.504      7.983    14.2128 0.0000e+00
      5.620      0.031     9.9484     95.200    144.300 112.694374    15.4800     2.2789     0.0852     0.4230 8.7204e+01     1.0652      5.511      7.993    14.1984 0.0000e+00
      5.628      0.034     9.9116     94.889    144.346 112.560829    15.4800     2.3514     0.1278     0.4230 8.6261e+01     1.2615      5.519      8.005    14.1764 0.0000e+00
      5.638      0.037     9.8698     94.751    144.385 112.430132    15.4800     2.3514     0.1278     0.4230 8.6055e+01     1.2011      5.529      8.018    14.1446 0.0000e+00
      5.648      0.038     9.8296     94.842    144.430 112.325414    15.4800     2.3591     0.1278     0.4230 8.4830e+01     1.2313      5.539      8.033    14.1001 0.0000e+00
      5.659      0.039     9.7973     95.221    144.472 112.246738    15.4800     2.3514     0.1278     0.4230 8.3169e+01     1.2162      5.549      8.048    14.0453 0.0000e+00
      5.669      0.038     9.7779     95.926    144.496 112.183118    15.6600     2.5498     0.0852     0.4653 8.3277e+01     1.3522      5.560      8.064    13.9867 0.0000e+00
      5.679      0.036     9.7758     96.947    144.512 112.135583    15.6600     2.5536     0.0852     0.4653 8.2503e+01     1.3673      5.569      8.078    13.9308 0.0000e+00
      5.688      0.034     9.7957     98.224    144.532 112.107453    15.6600     2.5612     0.0852     0.4653 8.2378e+01     1.4277      5.578      8.091    13.8824 0.0000e+00
      5.697      0.030     9.8432     99.663    144.572 112.113222    15.6600     2.5536     0.0852     0.4653 8.2163e+01     1.3975      5.586      8.102    13.8439 0.0000e+00
      5.704      0.027     9.9224    101.151    144.620 112.150426    15.7500     2.4125     0.0852     0.2538 8.1505e+01     1.1709      5.594      8.113    13.8153 0.0000e+00
      5.711      0.024    10.0326    102.571    144.642 112.192994    15.7500     2.4315     0.0852     0.2538 8.1169e+01     1.2464      5.600      8.123    13.7946 0.0000e+00
      5.717      0.021    10.1681    103.810    144.623 112.218286    15.7500     2.4201     0.0852     0.2538 8.0694e+01     1.0652      5.606      8.131    13.7797 0.0000e+00
      5.721      0.019    10.3189    104.800    144.572 112.217052    15.7500     2.4163     0.0852     0.2538 8.1523e+01     1.1407      5.611      8.137    13.7710 0.0000e+00
      5.725      0.018    10.4729    105.537    144.529 112.208962    15.7500     2.4392     0.0852     0.2538 8.1434e+01     0.9141      5.615      8.143    13.7708 0.0000e+00
      5.729      0.017    10.6177    106.055    144.516 112.207858    15.8400     2.4239     0.0852     0.2961 8.1505e+01     0.9443      5.618      8.148    13.7797 0.0000e+00
      5.733      0.018    10.7427    106.380    144.515 112.205446    15.8400     2.4354     0.0852     0.2961 8.1011e+01     1.0047      5.623      8.154    13.7936 0.0000e+00
      5.738      0.018    10.8420    106.519    144.515 112.201082    15.8400     2.4163     0.0852     0.2961 8.0222e+01     0.9745      5.627      8.161    13.8068 0.0000e+00
      5.743      0.019    10.9162    106.496    144.518 112.201600    15.8400     2.3858     0.0852     0.2961 8.0240e+01     1.1558      5.632      8.168    13.8156 0.0000e+00
      5.748      0.019    10.9691    106.359    144.529 112.211136    15.7500     2.3247     0.0852     0.5076 7.9666e+01     1.1407      5.637      8.176    13.8187 0.0000e+00
      5.753      0.019    11.0028    106.155    144.538 112.220237    15.7500     2.3591     0.0852     0.5076 7.9218e+01     1.1256      5.642      8.183    13.8181 0.0000e+00
      5.758      0.018    11.0176    105.903    144.537 112.223331    15.7500     2.3781     0.0852     0.5076 7.8771e+01     1.1256      5.647      8.190    13.8166 0.0000e+00
      5.763      0.017    11.0153    105.613    144.547 112.237240    15.7500     2.3171     0.0852     0.5076 7.8379e+01     0.8990      5.652      8.197    13.8160 0.0000e+00
      5.767      0.016    11.0012    105.302    144.572 112.265672    15.8400     2.3056     0.0852     0.3384 7.8652e+01     0.9141      5.656      8.203    13.8163 0.0000e+00
      5.771      0.015    10.9798    104.988    144.594 112.292217    15.8400     2.2866     0.0852     0.3384 7.8549e+01     0.7630      5.659      8.208    13.8172 0.0000e+00
      5.774      0.015    10.9535    104.681    144.610 112.311954    15.8400     2.3018     0.0852     0.3384 7.8311e+01     0.8688      5.663      8.213    13.8185 0.0000e+00
      5.778      0.015    10.9230    104.371    144.618 112.322148    15.8400     2.3095     0.0852     0.3384 7.8073e+01     0.8386      5.666      8.218    13.8205 0.0000e+00
      5.781      0.015    10.8901    104.049    144.621 112.325519    15.8400     2.3018     0.0852     0.3384 7.7836e+01     0.8839      5.670      8.223    13.8235 0.0000e+00
      5.785      0.016    10.8569    103.713    144.639 112.334964    15.9300     2.2789     0.1278     0.3384 7.7920e+01     0.9443      5.674      8.229    13.8268 0.0000e+00
      5.790      0.016    10.8246    103.370    144.660 112.341002    15.9300     2.2904     0.1278     0.3384 7.7667e+01     0.9292      5.678      8.235    13.8292 0.0000e+00
      5.794      0.017    10.7922    103.029    144.668 112.333246    15.9300     2.4048     0.1278     0.3384 7.7011e+01     0.8990      5.682      8.241    13.8306 0.0000e+00
      5.799      0.017    10.7587    102.698    144.660 112.313626    15.9300     2.4315     0.1278     0.3384 7.7145e+01     0.8990      5.687      8.248    13.8310 0.0000e+00
      5.803      0.016    10.7243    102.384    144.631 112.280908    15.9300     2.4468     0.1278     0.3384 7.6661e+01     0.8537      5.691      8.254    13.8297 0.0000e+00
      5.807      0.016    10.6896    102.089    144.613 112.258362    15.9300     2.4239     0.1278     0.3384 7.6794e+01     0.8386      5.695      8.260    13.8261 0.0000e+00
