Data/DataNotYetUploadedToEDI/Raw_CTD/RawDownloads/060426_ccr88_S8188008.cnv
* Sea-Bird SBE19plus  Data File:
* FileName = C:\R\Reservoirs\Data\DataNotYetUploadedToEDI\Raw_CTD\RawDownloads\062526_ccr50_S8188_0008.hex
* Software version 2.8.0.119
* Temperature SN = 8188
* Conductivity SN = 8188
* System UpLoad Time = Jun 29 2026 18:10:25
* <ApplicationData>
* <Seaterm232>
# nquan = 16
# nvalues = 3769                        
# units = specified
# name 0 = depFM: Depth [fresh water, m]
# name 1 = dz/dtM: Descent Rate [m/s]
# name 2 = sbeox0Mg/L: Oxygen, SBE 43 [mg/l]
# name 3 = sbeox0PS: Oxygen, SBE 43 [% saturation]
# name 4 = specc: Specific Conductance [uS/cm]
# name 5 = c0uS/cm: Conductivity [uS/cm]
# name 6 = wetCDOM: Fluorescence, WET Labs CDOM [mg/m^3]
# name 7 = flECO-AFL: Fluorescence, WET Labs ECO-AFL/FL [mg/m^3]
# name 8 = flECO-AFL1: Fluorescence, WET Labs ECO-AFL/FL, 2 [mg/m^3]
# name 9 = flECO-AFL2: Fluorescence, WET Labs ECO-AFL/FL, 3 [mg/m^3]
# name 10 = par/sat/log: PAR/Logarithmic, Satlantic
# name 11 = turbWETntu0: Turbidity, WET Labs ECO [NTU]
# name 12 = prdM: Pressure, Strain Gauge [db]
# name 13 = prdE: Pressure, Strain Gauge [psi]
# name 14 = tv290C: Temperature [ITS-90, deg C]
# name 15 = flag:  0.000e+00
# span 0 =     -0.383,      8.460       
# span 1 =     -0.228,      0.181       
# span 2 =     3.8977,    10.6607       
# span 3 =     42.479,    104.184       
# span 4 =   -637.998,    160.589       
# span 5 =-475.310844, 145.072803       
# span 6 =   -13.9500,    30.8700       
# span 7 =    -2.4933,   245.1415       
# span 8 =    -7.5402,     5.5380       
# span 9 =    -8.5869,     5.0760       
# span 10 = 4.7687e+00, 2.9758e+03      
# span 11 =    -7.2434,   971.1549      
# span 12 =     -0.376,      8.296      
# span 13 =     -0.545,     12.033      
# span 14 =    12.1062,    24.6471      
# span 15 = 0.0000e+00, 0.0000e+00      
# interval = seconds: 0.25
# start_time = Jun 04 2026 10:18:20 [Instrument's time stamp, header]
# bad_flag = -9.990e-29
*END*
[from data line 633]
      0.621      0.011     7.0666     83.730    148.476 144.937966     8.3700     0.3601     0.0852     0.1269 7.5438e+01     0.4005      0.609      0.883    23.8039 0.0000e+00
      0.624      0.011     7.0548     84.042    148.499 144.958856     8.3700     0.3639     0.0852     0.1269 8.1364e+01     0.4911      0.612      0.887    23.8038 0.0000e+00
      0.627      0.012     7.0499     84.441    148.500 144.957981     8.3700     0.3372     0.0852     0.1269 7.7633e+01     0.4609      0.615      0.892    23.8036 0.0000e+00
      0.630      0.012     7.0553     84.844    148.500 144.955135     8.3700     0.3525     0.0852     0.1269 7.3592e+01     0.4458      0.618      0.896    23.8032 0.0000e+00
      0.633      0.013     7.0715     85.141    148.523 144.975595     8.3700     0.3639     0.0852     0.1269 7.6894e+01     0.7479      0.621      0.901    23.8027 0.0000e+00
      0.637      0.013     7.0979     85.254    148.556 145.004789     8.3700     0.3220     0.0426     0.1692 7.3800e+01     0.6573      0.625      0.905    23.8021 0.0000e+00
      0.640      0.012     7.1317     85.190    148.586 145.030475     8.3700     0.3449     0.0426     0.1692 7.1979e+01     0.7328      0.628      0.910    23.8015 0.0000e+00
      0.643      0.012     7.1659     85.022    148.609 145.049489     8.3700     0.3449     0.0426     0.1692 7.0784e+01     0.6120      0.631      0.914    23.8008 0.0000e+00
      0.646      0.011     7.1910     84.830    148.611 145.048875     8.3700     0.3639     0.0426     0.1692 7.1418e+01     0.6271      0.634      0.919    23.8000 0.0000e+00
      0.649      0.011     7.2007     84.684    148.584 145.020459     8.3700     0.3678     0.0852     0.1269 6.9534e+01     0.6422      0.636      0.923    23.7989 0.0000e+00
      0.652      0.010     7.1955     84.628    148.546 144.982698     8.3700     0.3563     0.0852     0.1269 6.8499e+01     0.6120      0.639      0.927    23.7977 0.0000e+00
      0.654      0.010     7.1814     84.692    148.521 144.957568     8.3700     0.3411     0.0852     0.1269 6.7042e+01     0.6724      0.641      0.930    23.7966 0.0000e+00
      0.657      0.009     7.1654     84.887    148.495 144.932359     8.3700     0.3372     0.0852     0.1269 6.8395e+01     0.5969      0.644      0.934    23.7957 0.0000e+00
      0.659      0.009     7.1531     85.193    148.471 144.908360     8.3700     0.3525     0.0426     0.0846 6.6433e+01     0.6422      0.646      0.937    23.7951 0.0000e+00
      0.661      0.008     7.1484     85.558    148.466 144.903203     8.3700     0.3525     0.0426     0.0846 6.4976e+01     0.6271      0.648      0.940    23.7948 0.0000e+00
      0.663      0.008     7.1538     85.914    148.475 144.911509     8.3700     0.3449     0.0426     0.0846 6.7803e+01     0.6271      0.650      0.943    23.7947 0.0000e+00
      0.665      0.007     7.1704     86.207    148.487 144.923474     8.3700     0.3678     0.0426     0.0846 6.3718e+01     0.7479      0.652      0.946    23.7947 0.0000e+00
      0.667      0.007     7.1962     86.425    148.494 144.930274     8.3700     0.3449     0.0426     0.0846 6.4037e+01     0.6422      0.654      0.948    23.7945 0.0000e+00
      0.668      0.007     7.2270     86.605    148.494 144.929716     8.3700     0.3372     0.0852     0.1269 6.4135e+01     0.5969      0.655      0.950    23.7944 0.0000e+00
      0.670      0.007     7.2571     86.765    148.507 144.941680     8.3700     0.3754     0.0852     0.1269 6.0889e+01     0.6875      0.657      0.953    23.7943 0.0000e+00
      0.672      0.007     7.2818     86.898    148.534 144.967352     8.3700     0.3945     0.0852     0.1269 6.3290e+01     0.7479      0.659      0.955    23.7943 0.0000e+00
      0.674      0.007     7.3003     86.994    148.541 144.973524     8.3700     0.4059     0.0852     0.1269 6.1581e+01     0.6271      0.661      0.958    23.7942 0.0000e+00
      0.676      0.007     7.3155     87.055    148.521 144.953830     8.3700     0.4135     0.0852     0.1269 6.0717e+01     0.6875      0.663      0.961    23.7941 0.0000e+00
      0.677      0.007     7.3291     87.098    148.498 144.931056     8.3700     0.4135     0.0852     0.1269 6.2308e+01     0.6573      0.664      0.963    23.7938 0.0000e+00
      0.679      0.007     7.3403     87.126    148.487 144.921161     8.3700     0.3639     0.0852     0.1269 6.2213e+01     0.6724      0.666      0.966    23.7936 0.0000e+00
      0.681      0.007     7.3484     87.125    148.496 144.929517     8.3700     0.3754     0.0852     0.1269 6.0375e+01     0.6271      0.668      0.968    23.7934 0.0000e+00
      0.683      0.007     7.3536     87.096    148.522 144.954345     8.3700     0.3639     0.0426     0.2538 6.1607e+01     0.7479      0.669      0.971    23.7933 0.0000e+00
      0.684      0.007     7.3573     87.072    148.541 144.972226     8.3700     0.3487     0.0426     0.2538 6.1916e+01     0.6271      0.671      0.973    23.7933 0.0000e+00
      0.686      0.007     7.3596     87.108    148.530 144.961893     8.3700     0.4059     0.0426     0.2538 5.9515e+01     0.7479      0.673      0.976    23.7933 0.0000e+00
      0.688      0.007     7.3595     87.248    148.519 144.950632     8.3700     0.4097     0.0426     0.2538 6.1061e+01     0.6573      0.675      0.979    23.7933 0.0000e+00
      0.690      0.007     7.3570     87.496    148.539 144.969484     8.4600     0.4250     0.0000     0.1269 5.9736e+01     0.5817      0.677      0.981    23.7932 0.0000e+00
      0.691      0.007     7.3551     87.795    148.572 145.001449     8.4600     0.3945     0.0000     0.1269 6.1154e+01     0.7630      0.678      0.984    23.7931 0.0000e+00
      0.693      0.007     7.3581     88.060    148.586 145.014995     8.4600     0.3563     0.0000     0.1269 5.9039e+01     0.6875      0.680      0.987    23.7930 0.0000e+00
      0.695      0.008     7.3699     88.224    148.585 145.013734     8.4600     0.3411     0.0000     0.1269 5.9528e+01     0.6271      0.682      0.989    23.7929 0.0000e+00
      0.697      0.008     7.3909     88.257    148.587 145.015354     8.4600     0.3563     0.0000     0.1269 6.0902e+01     0.6422      0.684      0.992    23.7928 0.0000e+00
      0.699      0.008     7.4162     88.171    148.582 145.010275     8.4600     0.3487     0.0852     0.1269 5.8757e+01     0.7026      0.686      0.995    23.7927 0.0000e+00
      0.702      0.008     7.4386     88.010    148.555 144.983122     8.4600     0.3449     0.0852     0.1269 6.0664e+01     0.6120      0.688      0.998    23.7926 0.0000e+00
      0.704      0.009     7.4525     87.839    148.523 144.952689     8.4600     0.3563     0.0852     0.1269 6.1061e+01     0.7177      0.690      1.001    23.7924 0.0000e+00
      0.706      0.009     7.4553     87.721    148.517 144.946912     8.4600     0.3639     0.0852     0.1269 5.8299e+01     0.6573      0.693      1.004    23.7923 0.0000e+00
      0.708      0.009     7.4480     87.696    148.527 144.956238     8.3700     0.3563     0.0426     0.0846 6.1021e+01     0.7177      0.695      1.008    23.7923 0.0000e+00
      0.711      0.010     7.4344     87.768    148.528 144.957119     8.3700     0.4250     0.0426     0.0846 6.0796e+01     0.5817      0.697      1.011    23.7922 0.0000e+00
      0.714      0.010     7.4200     87.924    148.514 144.943781     8.3700     0.4135     0.0426     0.0846 6.0035e+01     0.6120      0.700      1.015    23.7922 0.0000e+00
      0.716      0.010     7.4100     88.139    148.489 144.918677     8.3700     0.3983     0.0426     0.0846 5.8821e+01     0.6875      0.703      1.019    23.7922 0.0000e+00
      0.719      0.010     7.4079     88.379    148.464 144.895139     8.3700     0.4021     0.0852     0.1269 6.1181e+01     0.6422      0.705      1.023    23.7923 0.0000e+00
      0.721      0.010     7.4140     88.603    148.464 144.894928     8.3700     0.4288     0.0852     0.1269 6.0152e+01     0.7026      0.708      1.026    23.7923 0.0000e+00
      0.724      0.010     7.4271     88.764    148.478 144.907974     8.3700     0.3868     0.0852     0.1269 5.8337e+01     0.6271      0.710      1.030    23.7922 0.0000e+00
      0.727      0.010     7.4454     88.820    148.478 144.907716     8.3700     0.3983     0.0852     0.1269 6.1154e+01     0.6422      0.713      1.033    23.7922 0.0000e+00
      0.729      0.010     7.4656     88.760    148.479 144.908103     8.3700     0.4364     0.0852     0.1269 6.0717e+01     0.7479      0.715      1.037    23.7922 0.0000e+00
      0.732      0.010     7.4845     88.621    148.495 144.923258     8.4600     0.3563     0.1278     0.1269 5.9567e+01     0.6875      0.718      1.040    23.7922 0.0000e+00
      0.734      0.010     7.4982     88.466    148.513 144.941200     8.4600     0.3411     0.1278     0.1269 5.9996e+01     0.7177      0.720      1.044    23.7920 0.0000e+00
      0.736      0.009     7.5029     88.350    148.536 144.962709     8.4600     0.3449     0.1278     0.1269 6.1181e+01     0.6724      0.722      1.047    23.7919 0.0000e+00
      0.739      0.009     7.4979     88.302    148.557 144.983506     8.4600     0.3525     0.1278     0.1269 5.9077e+01     0.6875      0.725      1.051    23.7918 0.0000e+00
      0.741      0.009     7.4861     88.330    148.559 144.985104     8.3700     0.4288     0.0852     0.1692 6.0836e+01     0.6875      0.727      1.054    23.7917 0.0000e+00
      0.744      0.009     7.4731     88.430    148.550 144.975940     8.3700     0.4173     0.0852     0.1692 6.1008e+01     0.6573      0.729      1.058    23.7916 0.0000e+00
      0.746      0.009     7.4632     88.582    148.551 144.977604     8.3700     0.4250     0.0852     0.1692 5.8795e+01     0.6573      0.732      1.061    23.7916 0.0000e+00
      0.748      0.009     7.4592     88.736    148.570 144.996547     8.3700     0.4212     0.0852     0.1692 6.1755e+01     0.6422      0.734      1.064    23.7915 0.0000e+00
      0.751      0.010     7.4616     88.818    148.590 145.015791     8.3700     0.4212     0.0852     0.1269 5.9787e+01     0.3854      0.736      1.068    23.7915 0.0000e+00
      0.753      0.010     7.4700     88.779    148.588 145.014431     8.3700     0.3906     0.0852     0.1269 5.9567e+01     0.5213      0.739      1.071    23.7914 0.0000e+00
      0.756      0.010     7.4829     88.624    148.574 145.000116     8.3700     0.4135     0.0852     0.1269 6.1380e+01     0.4156      0.741      1.075    23.7914 0.0000e+00
      0.758      0.010     7.4958     88.405    148.545 144.971032     8.3700     0.4173     0.0852     0.1269 6.0677e+01     0.4307      0.744      1.078    23.7916 0.0000e+00
      0.761      0.010     7.5027     88.181    148.514 144.939450     8.3700     0.3716     0.0852     0.2115 5.9931e+01     0.7479      0.746      1.082    23.7917 0.0000e+00
      0.764      0.010     7.4995     87.996    148.505 144.928991     8.3700     0.3372     0.0852     0.2115 5.9957e+01     0.7328      0.749      1.086    23.7917 0.0000e+00
      0.766      0.010     7.4864     87.874    148.505 144.926855     8.3700     0.3563     0.0852     0.2115 6.1688e+01     0.6875      0.751      1.090    23.7916 0.0000e+00
      0.769      0.010     7.4679     87.820    148.508 144.928464     8.3700     0.3678     0.0852     0.2115 6.0546e+01     0.5969      0.754      1.093    23.7913 0.0000e+00
      0.771      0.010     7.4491     87.833    148.532 144.950270     8.3700     0.3487     0.0852     0.2115 6.0270e+01     0.6875      0.757      1.097    23.7908 0.0000e+00
      0.774      0.011     7.4336     87.903    148.568 144.984069     8.3700     0.3449     0.0852     0.0846 6.1154e+01     0.6875      0.759      1.101    23.7901 0.0000e+00
      0.777      0.011     7.4233     88.000    148.590 145.004827     8.3700     0.3449     0.0852     0.0846 6.0809e+01     0.6875      0.762      1.105    23.7895 0.0000e+00
      0.780      0.011     7.4188     88.086    148.596 145.010069     8.3700     0.3449     0.0852     0.0846 6.1354e+01     0.6875      0.765      1.109    23.7889 0.0000e+00
      0.782      0.011     7.4199     88.149    148.596 145.009202     8.3700     0.3906     0.0852     0.0846 6.0048e+01     0.6422      0.768      1.113    23.7885 0.0000e+00
      0.785      0.012     7.4259     88.205    148.602 145.014013     8.4600     0.4250     0.0852     0.2115 6.1621e+01     0.6271      0.770      1.117    23.7881 0.0000e+00
      0.789      0.012     7.4342     88.262    148.613 145.023782     8.4600     0.4059     0.0852     0.2115 6.1983e+01     0.7328      0.773      1.122    23.7879 0.0000e+00
      0.792      0.013     7.4414     88.303    148.613 145.023089     8.4600     0.4021     0.0852     0.2115 5.9554e+01     0.7177      0.777      1.126    23.7876 0.0000e+00
      0.795      0.013     7.4468     88.316    148.605 145.013753     8.4600     0.4212     0.0852     0.2115 6.1728e+01     0.6422      0.780      1.131    23.7873 0.0000e+00
      0.798      0.014     7.4517     88.313    148.597 145.003296     8.3700     0.4212     0.0852     0.1692 6.0309e+01     0.7026      0.783      1.136    23.7870 0.0000e+00
      0.802      0.016     7.4565     88.319    148.589 144.992936     8.3700     0.4173     0.0852     0.1692 5.9476e+01     0.6724      0.787      1.141    23.7867 0.0000e+00
      0.806      0.017     7.4600     88.348    148.586 144.987921     8.3700     0.4135     0.0852     0.1692 6.2497e+01     0.6120      0.791      1.147    23.7863 0.0000e+00
      0.811      0.019     7.4612     88.377    148.585 144.982908     8.3700     0.3449     0.0852     0.1692 6.0165e+01     0.7177      0.795      1.153    23.7858 0.0000e+00
      0.816      0.021     7.4610     88.368    148.579 144.972554     8.3700     0.3601     0.0852     0.1692 6.1983e+01     0.7026      0.800      1.160    23.7851 0.0000e+00
      0.821      0.024     7.4617     88.308    148.578 144.966116     8.2800     0.3601     0.0852     0.0846 6.2511e+01     0.6422      0.805      1.168    23.7843 0.0000e+00
      0.828      0.026     7.4642     88.212    148.578 144.961875     8.2800     0.3563     0.0852     0.0846 5.9944e+01     0.6724      0.812      1.178    23.7834 0.0000e+00
      0.835      0.028     7.4668     88.112    148.559 144.938673     8.2800     0.4135     0.0852     0.0846 6.3249e+01     0.7026      0.819      1.188    23.7822 0.0000e+00
      0.843      0.029     7.4662     88.041    148.535 144.912352     8.2800     0.4212     0.0852     0.0846 6.3180e+01     0.6271      0.826      1.199    23.7806 0.0000e+00
      0.851      0.029     7.4614     88.029    148.532 144.907937     8.3700     0.4173     0.0426     0.1269 6.3718e+01     0.7479      0.834      1.210    23.7789 0.0000e+00
      0.859      0.028     7.4535     88.090    148.536 144.910232     8.3700     0.4021     0.0426     0.1269 6.3442e+01     0.6271      0.842      1.221    23.7773 0.0000e+00
      0.866      0.027     7.4453     88.221    148.545 144.917846     8.3700     0.4059     0.0426     0.1269 6.3801e+01     0.7026      0.849      1.232    23.7759 0.0000e+00
      0.873      0.026     7.4395     88.412    148.561 144.930807     8.3700     0.4021     0.0426     0.1269 6.4400e+01     0.5817      0.856      1.241    23.7748 0.0000e+00
      0.879      0.025     7.4386     88.653    148.566 144.932545     8.4600     0.4440     0.0426     0.0846 6.3718e+01     0.6422      0.862      1.250    23.7742 0.0000e+00
      0.885      0.024     7.4438     88.925    148.550 144.913507     8.4600     0.3906     0.0426     0.0846 6.4526e+01     0.6422      0.868      1.259    23.7739 0.0000e+00
      0.891      0.024     7.4549     89.186    148.531 144.890648     8.4600     0.3716     0.0426     0.0846 6.5586e+01     0.5817      0.874      1.267    23.7734 0.0000e+00
      0.897      0.023     7.4711     89.380    148.531 144.887912     8.4600     0.3449     0.0426     0.0846 6.5316e+01     0.6875      0.880      1.276    23.7726 0.0000e+00
