Data/DataNotYetUploadedToEDI/Raw_CTD/RawDownloads/060426_ccr10_S8188011.cnv
* Sea-Bird SBE19plus  Data File:
* FileName = C:\R\Reservoirs\Data\DataNotYetUploadedToEDI\Raw_CTD\RawDownloads\062526_ccr50_S8188_0011.hex
* Software version 2.8.0.119
* Temperature SN = 8188
* Conductivity SN = 8188
* System UpLoad Time = Jun 29 2026 18:12:11
* <ApplicationData>
* <Seaterm232>
# nquan = 16
# nvalues = 526                         
# units = specified
# name 0 = depFM: Depth [fresh water, m]
# name 1 = dz/dtM: Descent Rate [m/s]
# name 2 = sbeox0Mg/L: Oxygen, SBE 43 [mg/l]
# name 3 = sbeox0PS: Oxygen, SBE 43 [% saturation]
# name 4 = specc: Specific Conductance [uS/cm]
# name 5 = c0uS/cm: Conductivity [uS/cm]
# name 6 = wetCDOM: Fluorescence, WET Labs CDOM [mg/m^3]
# name 7 = flECO-AFL: Fluorescence, WET Labs ECO-AFL/FL [mg/m^3]
# name 8 = flECO-AFL1: Fluorescence, WET Labs ECO-AFL/FL, 2 [mg/m^3]
# name 9 = flECO-AFL2: Fluorescence, WET Labs ECO-AFL/FL, 3 [mg/m^3]
# name 10 = par/sat/log: PAR/Logarithmic, Satlantic
# name 11 = turbWETntu0: Turbidity, WET Labs ECO [NTU]
# name 12 = prdM: Pressure, Strain Gauge [db]
# name 13 = prdE: Pressure, Strain Gauge [psi]
# name 14 = tv290C: Temperature [ITS-90, deg C]
# name 15 = flag:  0.000e+00
# span 0 =     -0.401,      0.483       
# span 1 =     -0.198,      0.143       
# span 2 =     4.9852,     8.0926       
# span 3 =     58.637,     95.265       
# span 4 =   -442.514,    164.244       
# span 5 =-428.995164, 158.861091       
# span 6 =     0.0000,    17.2800       
# span 7 =    -3.1304,    25.8007       
# span 8 =    -1.2780,     2.7690       
# span 9 =    -8.9253,     2.7918       
# span 10 = 5.6124e+01, 2.1905e+03      
# span 11 =    -8.5123,   971.1096      
# span 12 =     -0.394,      0.474      
# span 13 =     -0.571,      0.688      
# span 14 =    23.3509,    24.1499      
# span 15 = 0.0000e+00, 0.0000e+00      
# interval = seconds: 0.25
# start_time = Jun 04 2026 11:46:33 [Instrument's time stamp, header]
# bad_flag = -9.990e-29
*END*
[from data line 272]
      0.468 1.1044e-08     8.0761     95.053    160.306 155.447234    15.5700     1.2986     0.2130     0.4653 9.2916e+01   583.6296      0.459      0.666    23.4795 0.0000e+00
      0.468 1.4200e-08     8.0756     95.057    160.303 155.443632    15.5700     1.3291     0.2130     0.4653 9.2714e+01   583.5843      0.459      0.666    23.4793 0.0000e+00
      0.468 1.8257e-08     8.0757     95.062    160.296 155.435643    15.5700     1.3291     0.2130     0.4653 9.2112e+01   545.2441      0.459      0.666    23.4791 0.0000e+00
      0.469 2.3473e-08     8.0761     95.065    160.290 155.429151    15.5700     1.3024     0.2130     0.4653 9.1533e+01   545.3499      0.460      0.667    23.4789 0.0000e+00
      0.469 3.0179e-08     8.0765     95.067    160.292 155.430440    15.5700     1.2986     0.1704     0.4230 9.1255e+01   545.3046      0.460      0.667    23.4788 0.0000e+00
      0.469 3.8802e-08     8.0769     95.066    160.298 155.435847    15.5700     1.3291     0.1704     0.4230 9.0230e+01   545.2744      0.460      0.667    23.4786 0.0000e+00
      0.469 4.9888e-08     8.0773     95.064    160.301 155.438797    15.5700     1.1994     0.1704     0.4230 9.0387e+01   449.1975      0.460      0.667    23.4784 0.0000e+00
      0.469 6.4142e-08     8.0776     95.065    160.299 155.436071    15.5700     1.1727     0.1704     0.4230 8.9333e+01   449.1219      0.460      0.667    23.4782 0.0000e+00
      0.469 8.2469e-08     8.0778     95.070    160.299 155.434956    15.6600     1.2032     0.2130     0.4230 8.9158e+01   449.1219      0.460      0.667    23.4780 0.0000e+00
      0.468 1.0603e-07     8.0778     95.076    160.304 155.439162    15.6600     1.2070     0.2130     0.4230 8.8829e+01   449.1823      0.459      0.666    23.4778 0.0000e+00
      0.468 1.3633e-07     8.0777     95.082    160.307 155.441795    15.6600     1.0315     0.2130     0.4230 8.8080e+01   279.4163      0.459      0.666    23.4777 0.0000e+00
      0.468 1.7528e-07     8.0778     95.091    160.305 155.439551    15.6600     1.0124     0.2130     0.4230 8.8386e+01   279.4163      0.459      0.666    23.4775 0.0000e+00
      0.469 2.2535e-07     8.0782     95.095    160.302 155.435839    15.6600     1.0239     0.2556     0.3807 8.7717e+01   279.4314      0.460      0.667    23.4772 0.0000e+00
      0.469 2.8974e-07     8.0787     95.096    160.304 155.437683    15.6600     1.0163     0.2556     0.3807 8.7545e+01   279.3861      0.460      0.667    23.4770 0.0000e+00
      0.469 3.7253e-07     8.0793     95.099    160.309 155.441567    15.6600     0.3029     0.2556     0.3807 8.6750e+01   111.3874      0.460      0.667    23.4768 0.0000e+00
      0.469 4.7896e-07     8.0801     95.105    160.304 155.436506    15.6600     0.2915     0.2556     0.3807 8.6693e+01   111.1910      0.460      0.667    23.4767 0.0000e+00
      0.469 6.1581e-07     8.0805     95.112    160.293 155.425157    15.5700     0.2838     0.1704     0.3384 8.6243e+01   111.1759      0.460      0.667    23.4765 0.0000e+00
      0.469 7.9175e-07     8.0805     95.118    160.289 155.420524    15.5700     0.3029     0.1704     0.3384 8.6374e+01   111.2515      0.460      0.667    23.4764 0.0000e+00
      0.469      0.000     8.0808     95.124    160.290 155.421370    15.5700    -0.2655     0.1704     0.3384 8.5850e+01     3.0290      0.460      0.667    23.4762 0.0000e+00
      0.469      0.000     8.0814     95.128    160.285 155.415900    15.5700    -0.2769     0.1704     0.3384 8.6186e+01     3.0139      0.460      0.667    23.4760 0.0000e+00
      0.469      0.000     8.0820     95.133    160.276 155.406662    15.5700    -0.2769     0.1704     0.3384 8.5236e+01     2.9837      0.460      0.667    23.4759 0.0000e+00
      0.469      0.000     8.0825     95.137    160.273 155.403214    15.4800    -0.2769     0.2556     0.2961 8.5422e+01     3.0592      0.460      0.667    23.4757 0.0000e+00
      0.469      0.000     8.0830     95.137    160.271 155.400631    15.4800    -0.2579     0.2556     0.2961 8.4959e+01    -1.1706      0.460      0.667    23.4756 0.0000e+00
      0.469      0.000     8.0835     95.132    160.261 155.390207    15.4800    -0.2731     0.2556     0.2961 8.5125e+01    -1.1253      0.460      0.667    23.4754 0.0000e+00
      0.469      0.000     8.0839     95.127    160.252 155.381187    15.4800    -0.2846     0.2556     0.2961 8.4462e+01    -1.0951      0.460      0.667    23.4752 0.0000e+00
      0.469      0.000     8.0842     95.124    160.254 155.383186    15.5700    -0.2693     0.2556     0.4653 8.4114e+01    -1.0649      0.460      0.667    23.4751 0.0000e+00
      0.469      0.000     8.0843     95.119    160.260 155.388724    15.5700    -0.2998     0.2556     0.4653 8.4187e+01    -0.7778      0.460      0.667    23.4749 0.0000e+00
      0.469      0.000     8.0839     95.114    160.263 155.391262    15.5700    -0.2731     0.2556     0.4653 8.3549e+01    -0.8685      0.460      0.667    23.4748 0.0000e+00
      0.469      0.000     8.0835     95.113    160.264 155.391476    15.5700    -0.2808     0.2556     0.4653 8.3477e+01    -0.8836      0.460      0.667    23.4747 0.0000e+00
      0.469      0.000     8.0832     95.114    160.262 155.389425    15.6600    -0.2960     0.2130     0.5076 8.2503e+01    -0.8080      0.460      0.666    23.4745 0.0000e+00
      0.468      0.000     8.0828     95.117    160.261 155.388567    15.6600    -0.2579     0.2130     0.5076 8.2808e+01    -1.0346      0.459      0.666    23.4744 0.0000e+00
      0.468      0.000     8.0824     95.121    160.265 155.392683    15.6600    -0.2922     0.2130     0.5076 8.1753e+01    -1.0346      0.459      0.666    23.4744 0.0000e+00
      0.468      0.000     8.0823     95.128    160.271 155.398861    15.6600    -0.2579     0.2130     0.5076 8.2038e+01    -1.0800      0.459      0.666    23.4743 0.0000e+00
      0.468      0.000     8.0824     95.137    160.273 155.400736    15.6600    -0.2655     0.2130     0.5076 8.1258e+01    -0.9742      0.459      0.666    23.4743 0.0000e+00
      0.468      0.000     8.0826     95.147    160.271 155.398806    15.6600    -0.2579     0.2130     0.4230 8.2145e+01    -1.1102      0.459      0.666    23.4743 0.0000e+00
      0.468      0.000     8.0830     95.157    160.273 155.400571    15.6600    -0.2655     0.2130     0.4230 8.2234e+01    -0.9742      0.459      0.666    23.4743 0.0000e+00
      0.468      0.000     8.0836     95.167    160.278 155.406504    15.6600    -0.2426     0.2130     0.4230 8.1753e+01    -0.9591      0.459      0.666    23.4743 0.0000e+00
      0.468      0.000     8.0844     95.175    160.282 155.410170    15.6600    -0.2769     0.2130     0.4230 8.1275e+01    -1.0497      0.459      0.666    23.4743 0.0000e+00
      0.468      0.000     8.0853     95.181    160.279 155.408540    15.6600    -0.2922     0.2556     0.3384 8.0712e+01    -0.9893      0.459      0.666    23.4743 0.0000e+00
      0.469      0.000     8.0861     95.188    160.274 155.405187    15.6600    -0.2731     0.2556     0.3384 7.9701e+01    -1.0044      0.460      0.666    23.4744 0.0000e+00
      0.469      0.000     8.0869     95.196    160.275 155.407231    15.6600    -0.2655     0.2556     0.3384 7.9390e+01    -1.1102      0.460      0.667    23.4745 0.0000e+00
      0.469      0.000     8.0875     95.204    160.282 155.415218    15.6600    -0.2922     0.2556     0.3384 7.8874e+01    -1.0346      0.460      0.667    23.4747 0.0000e+00
      0.469      0.000     8.0880     95.212    160.280 155.415248    15.7500    -0.2502     0.2130     0.4653 7.8703e+01    -1.1404      0.460      0.667    23.4749 0.0000e+00
      0.469      0.000     8.0885     95.221    160.262 155.399314    15.7500    -0.2464     0.2130     0.4653 8.0414e+01    -1.0497      0.460      0.666    23.4753 0.0000e+00
      0.469     -0.001     8.0891     95.230    160.243 155.383204    15.7500    -0.2731     0.2130     0.4653 8.1736e+01    -1.1555      0.460      0.666    23.4757 0.0000e+00
      0.469     -0.001     8.0897     95.236    160.240 155.382659    15.7500    -0.2693     0.2130     0.4653 8.1541e+01    -1.0800      0.460      0.666    23.4762 0.0000e+00
      0.468     -0.001     8.0904     95.241    160.249 155.393528    15.7500    -0.2464     0.2130     0.2961 8.1258e+01    -1.1555      0.459      0.666    23.4767 0.0000e+00
      0.468     -0.001     8.0911     95.244    160.252 155.398671    15.7500    -0.2922     0.2130     0.2961 8.2163e+01    -1.0195      0.459      0.665    23.4772 0.0000e+00
      0.468     -0.001     8.0917     95.245    160.241 155.391444    15.7500    -0.2960     0.2130     0.2961 8.2431e+01    -1.0195      0.459      0.665    23.4778 0.0000e+00
      0.468     -0.001     8.0922     95.246    160.228 155.381943    15.7500    -0.2655     0.2130     0.2961 8.3043e+01    -1.1102      0.459      0.665    23.4785 0.0000e+00
      0.467     -0.001     8.0925     95.245    160.223 155.379657    15.7500    -0.2769     0.2130     0.2961 8.2360e+01    -1.0497      0.458      0.665    23.4793 0.0000e+00
      0.467     -0.001     8.0926     95.243    160.220 155.379970    15.6600    -0.2731     0.2130     0.3384 8.3950e+01    -1.1706      0.458      0.665    23.4801 0.0000e+00
      0.467     -0.001     8.0926     95.244    160.212 155.374949    15.6600    -0.2998     0.2130     0.3384 8.3677e+01    -0.9591      0.458      0.664    23.4810 0.0000e+00
      0.467     -0.001     8.0925     95.248    160.209 155.375279    15.6600    -0.2808     0.2130     0.3384 8.4260e+01    -1.0800      0.458      0.664    23.4819 0.0000e+00
      0.467     -0.001     8.0923     95.252    160.216 155.385055    15.6600    -0.2808     0.2130     0.3384 8.3477e+01    -1.0800      0.458      0.664    23.4829 0.0000e+00
      0.467     -0.001     8.0920     95.254    160.219 155.390854    15.5700    -0.2541     0.2130     0.3384 8.4187e+01    -1.0346      0.458      0.663    23.4838 0.0000e+00
      0.466     -0.001     8.0919     95.254    160.211 155.386207    15.5700    -0.2541     0.2130     0.3384 8.3804e+01    -1.0649      0.457      0.663    23.4848 0.0000e+00
      0.466     -0.001     8.0921     95.250    160.200 155.377891    15.5700    -0.2579     0.2130     0.3384 8.3749e+01    -1.0346      0.457      0.663    23.4858 0.0000e+00
      0.466     -0.001     8.0922     95.246    160.191 155.371703    15.5700    -0.2655     0.2130     0.3384 8.3622e+01    -1.0951      0.457      0.663    23.4868 0.0000e+00
      0.466     -0.001     8.0923     95.241    160.178 155.361986    15.4800    -0.2464     0.2130     0.4653 8.3604e+01    -1.0800      0.457      0.663    23.4877 0.0000e+00
      0.466     -0.001     8.0921     95.236    160.164 155.350156    15.4800    -0.2846     0.2130     0.4653 8.4059e+01    -1.1706      0.457      0.662    23.4886 0.0000e+00
      0.466     -0.001     8.0916     95.236    160.157 155.345081    15.4800    -0.2655     0.2130     0.4653 8.3786e+01    -1.0649      0.457      0.662    23.4895 0.0000e+00
      0.465     -0.001     8.0912     95.241    160.156 155.345409    15.4800    -0.2884     0.2130     0.4653 8.4114e+01    -1.0195      0.456      0.662    23.4903 0.0000e+00
      0.465     -0.000     8.0906     95.250    160.153 155.343210    15.4800    -0.2922     0.2130     0.4653 8.3859e+01    -1.0649      0.456      0.662    23.4910 0.0000e+00
      0.465     -0.000     8.0901     95.259    160.142 155.333892    15.4800    -0.2769     0.2130     0.2961 8.3350e+01    -1.0195      0.456      0.662    23.4916 0.0000e+00
      0.465     -0.000     8.0900     95.264    160.130 155.322984    15.4800    -0.2998     0.2130     0.2961 8.3151e+01    -1.0195      0.456      0.662    23.4921 0.0000e+00
      0.465      0.000     8.0904     95.265    160.126 155.319600    15.4800    -0.2464     0.2130     0.2961 8.3061e+01    -1.1102      0.456      0.662    23.4925 0.0000e+00
      0.465      0.000     8.0911     95.264    160.133 155.326846    15.4800    -0.2655     0.2130     0.2961 8.2916e+01    -1.0497      0.456      0.661    23.4929 0.0000e+00
      0.465      0.000     8.0919     95.260    160.146 155.338638    15.6600    -0.2655     0.1704     0.3384 8.2808e+01    -1.1102      0.456      0.661    23.4932 0.0000e+00
      0.465      0.000     8.0923     95.257    160.149 155.342092    15.6600    -0.2731     0.1704     0.3384 8.2934e+01    -1.1404      0.456      0.661    23.4934 0.0000e+00
      0.465      0.000     8.0923     95.253    160.146 155.338129    15.6600    -0.2464     0.1704     0.3384 8.2718e+01    -1.0497      0.456      0.662    23.4935 0.0000e+00
      0.465      0.000     8.0922     95.248    160.150 155.341721    15.6600    -0.2769     0.1704     0.3384 8.2467e+01    -1.0800      0.456      0.662    23.4935 0.0000e+00
      0.465      0.000     8.0919     95.244    160.163 155.353826    15.5700    -0.2808     0.1704     0.2961 8.2664e+01    -1.0044      0.456      0.662    23.4935 0.0000e+00
      0.465      0.000     8.0916     95.240    160.172 155.361642    15.5700    -0.2655     0.1704     0.2961 8.2395e+01    -1.0195      0.456      0.662    23.4934 0.0000e+00
      0.465      0.000     8.0913     95.235    160.174 155.363246    15.5700    -0.2769     0.1704     0.2961 8.2790e+01    -1.1404      0.456      0.662    23.4933 0.0000e+00
      0.465      0.000     8.0909     95.229    160.175 155.363074    15.5700    -0.2998     0.1704     0.2961 8.2431e+01    -1.1102      0.456      0.662    23.4932 0.0000e+00
      0.465      0.000     8.0906     95.219    160.178 155.365086    15.5700    -0.2464     0.1704     0.2961 8.3043e+01    -1.1102      0.456      0.662    23.4930 0.0000e+00
      0.465      0.000     8.0902     95.202    160.189 155.373827    15.5700    -0.2769     0.2130     0.4653 8.2629e+01    -1.1404      0.456      0.662    23.4928 0.0000e+00
      0.465      0.000     8.0898     95.173    160.214 155.395635    15.5700    -0.2846     0.2130     0.4653 8.3314e+01    -0.9289      0.456      0.662    23.4926 0.0000e+00
      0.465      0.000     8.0894     95.126    160.268 155.444341    15.5700    -0.2655     0.2130     0.4653 8.3259e+01    -1.0800      0.456      0.662    23.4923 0.0000e+00
      0.465      0.000     8.0886     95.049    160.357 155.524918    15.5700    -0.2922     0.2130     0.4653 8.4334e+01    -1.0951      0.456      0.662    23.4919 0.0000e+00
      0.465      0.000     8.0872     94.917    160.488 155.642824    15.3900    -0.2808     0.2130     0.3384 8.4224e+01    -1.0951      0.456      0.663    23.4914 0.0000e+00
      0.466      0.001     8.0849     94.688    160.699 155.833507    15.3900    -0.2731     0.2130     0.3384 8.5478e+01    -1.1404      0.457      0.663    23.4906 0.0000e+00
      0.466      0.001     8.0811     94.295    161.059 156.159839    15.3900    -0.2655     0.2130     0.3384 8.5757e+01    -0.9591      0.457      0.663    23.4895 0.0000e+00
      0.466      0.001     8.0747     93.632    161.656 156.700825    15.3900    -0.2502     0.2130     0.3384 8.6355e+01    -1.0800      0.457      0.663    23.4878 0.0000e+00
      0.466      0.000     8.0639     92.588    162.416 157.378296    15.4800    -0.2960     0.2130     0.3384 8.6449e+01    -1.0800      0.457      0.663    23.4851 0.0000e+00
      0.466      0.000     8.0451     91.123    163.067 157.934049    15.4800    -0.2769     0.2130     0.3384 8.6977e+01    -0.9893      0.457      0.664    23.4808 0.0000e+00
      0.466      0.000     8.0128     89.235    163.483 158.263780    15.4800    -0.2922     0.2130     0.3384 8.7831e+01    -1.1404      0.457      0.664    23.4737 0.0000e+00
      0.466      0.000     7.9580     86.936    163.731 158.445392    15.4800    -0.2464     0.2130     0.3384 8.7185e+01    -1.1706      0.457      0.663    23.4621 0.0000e+00
