Data/DataNotYetUploadedToEDI/Raw_CTD/RawDownloads/060426_ccr88_S8188008.cnv
* Sea-Bird SBE19plus  Data File:
* FileName = C:\R\Reservoirs\Data\DataNotYetUploadedToEDI\Raw_CTD\RawDownloads\062526_ccr50_S8188_0008.hex
* Software version 2.8.0.119
* Temperature SN = 8188
* Conductivity SN = 8188
* System UpLoad Time = Jun 29 2026 18:10:25
* <ApplicationData>
* <Seaterm232>
# nquan = 16
# nvalues = 3769                        
# units = specified
# name 0 = depFM: Depth [fresh water, m]
# name 1 = dz/dtM: Descent Rate [m/s]
# name 2 = sbeox0Mg/L: Oxygen, SBE 43 [mg/l]
# name 3 = sbeox0PS: Oxygen, SBE 43 [% saturation]
# name 4 = specc: Specific Conductance [uS/cm]
# name 5 = c0uS/cm: Conductivity [uS/cm]
# name 6 = wetCDOM: Fluorescence, WET Labs CDOM [mg/m^3]
# name 7 = flECO-AFL: Fluorescence, WET Labs ECO-AFL/FL [mg/m^3]
# name 8 = flECO-AFL1: Fluorescence, WET Labs ECO-AFL/FL, 2 [mg/m^3]
# name 9 = flECO-AFL2: Fluorescence, WET Labs ECO-AFL/FL, 3 [mg/m^3]
# name 10 = par/sat/log: PAR/Logarithmic, Satlantic
# name 11 = turbWETntu0: Turbidity, WET Labs ECO [NTU]
# name 12 = prdM: Pressure, Strain Gauge [db]
# name 13 = prdE: Pressure, Strain Gauge [psi]
# name 14 = tv290C: Temperature [ITS-90, deg C]
# name 15 = flag:  0.000e+00
# span 0 =     -0.383,      8.460       
# span 1 =     -0.228,      0.181       
# span 2 =     3.8977,    10.6607       
# span 3 =     42.479,    104.184       
# span 4 =   -637.998,    160.589       
# span 5 =-475.310844, 145.072803       
# span 6 =   -13.9500,    30.8700       
# span 7 =    -2.4933,   245.1415       
# span 8 =    -7.5402,     5.5380       
# span 9 =    -8.5869,     5.0760       
# span 10 = 4.7687e+00, 2.9758e+03      
# span 11 =    -7.2434,   971.1549      
# span 12 =     -0.376,      8.296      
# span 13 =     -0.545,     12.033      
# span 14 =    12.1062,    24.6471      
# span 15 = 0.0000e+00, 0.0000e+00      
# interval = seconds: 0.25
# start_time = Jun 04 2026 10:18:20 [Instrument's time stamp, header]
# bad_flag = -9.990e-29
*END*
[from data line 2351]
      6.553      0.025    10.1894     95.870    144.353 108.868202    16.2000     4.6746     0.1278     0.4653 3.1261e+01     2.2435      6.426      9.321    12.7303 0.0000e+00
      6.559      0.025    10.1857     95.626    144.405 108.891010    16.2000     4.6746     0.1278     0.4653 3.1119e+01     2.2132      6.433      9.330    12.7235 0.0000e+00
      6.566      0.025    10.1827     95.239    144.421 108.887675    16.2000     4.6899     0.1278     0.4653 3.0977e+01     2.2132      6.439      9.339    12.7171 0.0000e+00
      6.572      0.025    10.1769     94.716    144.415 108.869305    16.2000     4.6861     0.1278     0.4653 3.0991e+01     2.3341      6.445      9.348    12.7115 0.0000e+00
      6.579      0.026    10.1642     94.105    144.407 108.846994    16.2000     4.4686     0.1278     0.4653 3.0729e+01     2.7269      6.452      9.357    12.7059 0.0000e+00
      6.585      0.026    10.1396     93.481    144.426 108.838785    16.2900     4.4839     0.1278     0.4230 3.0689e+01     2.7873      6.458      9.367    12.7002 0.0000e+00
      6.592      0.026    10.0998     92.900    144.463 108.838488    16.2900     4.4724     0.1278     0.4230 3.0642e+01     2.8628      6.465      9.376    12.6949 0.0000e+00
      6.599      0.026    10.0454     92.375    144.492 108.834029    16.2900     4.4953     0.1278     0.4230 3.0490e+01     2.8477      6.471      9.385    12.6901 0.0000e+00
      6.605      0.026     9.9819     91.871    144.505 108.824214    16.2900     4.3923     0.1278     0.4230 3.0404e+01     2.8024      6.477      9.395    12.6846 0.0000e+00
      6.612      0.025     9.9174     91.314    144.486 108.802429    16.2000     4.3656     0.1278     0.5076 3.0318e+01     2.7722      6.484      9.404    12.6767 0.0000e+00
      6.618      0.025     9.8579     90.614    144.476 108.796851    16.2000     4.3961     0.1278     0.5076 3.0134e+01     2.7873      6.490      9.413    12.6670 0.0000e+00
      6.625      0.024     9.8043     89.705    144.507 108.827985    16.2000     4.4000     0.1278     0.5076 2.9964e+01     2.8175      6.496      9.422    12.6577 0.0000e+00
      6.631      0.023     9.7523     88.572    144.536 108.858151    16.2000     4.3504     0.1278     0.5076 2.9919e+01     2.8477      6.502      9.431    12.6511 0.0000e+00
      6.636      0.023     9.6937     87.258    144.524 108.857408    16.1100     4.3198     0.0852     0.4230 2.9821e+01     2.7269      6.508      9.439    12.6484 0.0000e+00
      6.642      0.022     9.6192     85.867    144.487 108.837552    16.1100     4.3389     0.0852     0.4230 2.9795e+01     2.8175      6.513      9.447    12.6492 0.0000e+00
      6.647      0.021     9.5222     84.531    144.460 108.825279    16.1100     4.3313     0.0852     0.4230 2.9795e+01     2.8628      6.519      9.455    12.6518 0.0000e+00
      6.652      0.020     9.4013     83.373    144.454 108.829310    16.1100     4.3237     0.0852     0.4230 2.9602e+01     2.8175      6.524      9.462    12.6547 0.0000e+00
      6.657      0.020     9.2613     82.482    144.424 108.818733    16.1100     4.3084     0.0852     0.4230 2.9550e+01     2.6966      6.529      9.469    12.6576 0.0000e+00
      6.662      0.020     9.1131     81.893    144.349 108.778731    16.1100     4.3084     0.1278     0.4230 2.9531e+01     2.8175      6.534      9.476    12.6604 0.0000e+00
      6.667      0.019     8.9708     81.593    144.280 108.746620    16.1100     4.3275     0.1278     0.4230 2.9512e+01     2.7873      6.538      9.483    12.6632 0.0000e+00
      6.672      0.019     8.8473     81.544    144.247 108.733833    16.1100     4.3580     0.1278     0.4230 2.9409e+01     2.9535      6.543      9.490    12.6662 0.0000e+00
      6.677      0.019     8.7519     81.705    144.222 108.712970    16.1100     4.3542     0.1278     0.4230 2.9193e+01     3.0290      6.548      9.497    12.6702 0.0000e+00
      6.682      0.018     8.6883     82.031    144.204 108.688463    16.0200     4.3160     0.0852     0.3384 2.9148e+01     3.0743      6.552      9.504    12.6761 0.0000e+00
      6.687      0.017     8.6551     82.480    144.207 108.679765    16.0200     4.3427     0.0852     0.3384 2.8959e+01     2.9535      6.557      9.511    12.6829 0.0000e+00
      6.691      0.016     8.6490     83.008    144.217 108.682558    16.0200     4.3275     0.0852     0.3384 2.8865e+01     2.8024      6.562      9.517    12.6871 0.0000e+00
      6.695      0.015     8.6662     83.571    144.218 108.687588    16.0200     4.3313     0.0852     0.3384 2.8846e+01     2.8326      6.566      9.523    12.6865 0.0000e+00
      6.699      0.014     8.7016     84.129    144.192 108.676205    15.8400     4.3008     0.0426     0.4653 2.8777e+01     2.6362      6.570      9.529    12.6826 0.0000e+00
      6.703      0.014     8.7499     84.651    144.136 108.637377    15.8400     4.3198     0.0426     0.4653 2.8846e+01     2.7873      6.573      9.533    12.6787 0.0000e+00
      6.706      0.013     8.8063     85.114    144.096 108.598739    15.8400     4.3160     0.0426     0.4653 2.8890e+01     2.7118      6.576      9.537    12.6773 0.0000e+00
      6.709      0.013     8.8657     85.516    144.105 108.589971    15.8400     4.2817     0.0426     0.4653 2.8903e+01     2.7269      6.579      9.541    12.6788 0.0000e+00
      6.712      0.014     8.9243     85.872    144.140 108.604734    15.7500     4.2855     0.0852     0.4230 2.8733e+01     2.8175      6.582      9.546    12.6816 0.0000e+00
      6.716      0.014     8.9794     86.200    144.153 108.614976    15.7500     4.3084     0.0852     0.4230 2.8659e+01     2.9081      6.586      9.551    12.6828 0.0000e+00
      6.720      0.015     9.0292     86.514    144.125 108.601437    15.7500     4.3160     0.0852     0.4230 2.8497e+01     2.7722      6.590      9.557    12.6799 0.0000e+00
      6.724      0.016     9.0730     86.807    144.097 108.582500    15.7500     4.3084     0.0852     0.4230 2.8398e+01     2.7420      6.594      9.563    12.6743 0.0000e+00
      6.728      0.017     9.1115     87.055    144.110 108.579106    15.7500     4.3351     0.0852     0.4230 2.8411e+01     2.7269      6.598      9.569    12.6703 0.0000e+00
      6.732      0.017     9.1463     87.228    144.138 108.572357    15.7500     4.3275     0.0852     0.5076 2.8417e+01     2.8175      6.602      9.575    12.6705 0.0000e+00
      6.737      0.018     9.1791     87.307    144.152 108.548456    15.7500     4.2207     0.0852     0.5076 2.8343e+01     2.7571      6.607      9.582    12.6731 0.0000e+00
      6.742      0.018     9.2100     87.295    144.158 108.521019    15.7500     4.1978     0.0852     0.5076 2.8140e+01     2.6664      6.611      9.589    12.6738 0.0000e+00
      6.747      0.018     9.2373     87.204    144.171 108.504720    15.7500     4.2550     0.0852     0.5076 2.8104e+01     2.7269      6.616      9.596    12.6692 0.0000e+00
      6.751      0.019     9.2577     87.037    144.202 108.503209    15.7500     4.1940     0.0852     0.4230 2.7963e+01     2.6966      6.621      9.603    12.6595 0.0000e+00
      6.756      0.019     9.2685     86.796    144.241 108.508087    15.7500     4.0643     0.0852     0.4230 2.7866e+01     2.5909      6.626      9.609    12.6476 0.0000e+00
      6.761      0.019     9.2696     86.498    144.254 108.494662    15.7500     4.0871     0.0852     0.4230 2.7854e+01     2.5003      6.630      9.616    12.6366 0.0000e+00
      6.766      0.018     9.2618     86.171    144.230 108.453356    15.7500     4.0833     0.0852     0.4230 2.7872e+01     2.5305      6.635      9.623    12.6274 0.0000e+00
      6.770      0.018     9.2458     85.837    144.225 108.427132    15.7500     4.0871     0.0426     0.5499 2.7764e+01     2.6211      6.639      9.630    12.6188 0.0000e+00
      6.775      0.018     9.2219     85.513    144.267 108.438987    15.7500     4.0604     0.0426     0.5499 2.7535e+01     2.5456      6.644      9.636    12.6104 0.0000e+00
      6.780      0.018     9.1919     85.212    144.303 108.450096    15.7500     4.0948     0.0426     0.5499 2.7428e+01     2.4398      6.649      9.643    12.6024 0.0000e+00
      6.785      0.017     9.1588     84.954    144.326 108.453424    15.7500     4.0604     0.0426     0.5499 2.7440e+01     2.5607      6.654      9.650    12.5944 0.0000e+00
      6.789      0.017     9.1250     84.748    144.368 108.471852    15.7500     4.0948     0.0426     0.5499 2.7452e+01     2.5909      6.658      9.656    12.5865 0.0000e+00
      6.793      0.017     9.0920     84.612    144.407 108.492298    15.8400     4.3732     0.0852     0.6345 2.7398e+01     2.8175      6.662      9.662    12.5796 0.0000e+00
      6.797      0.017     9.0611     84.556    144.423 108.500223    15.8400     4.3732     0.0852     0.6345 2.7404e+01     2.7873      6.666      9.668    12.5741 0.0000e+00
      6.802      0.018     9.0346     84.573    144.420 108.497739    15.8400     4.3961     0.0852     0.6345 2.7190e+01     2.7269      6.670      9.674    12.5693 0.0000e+00
      6.806      0.018     9.0136     84.648    144.400 108.482186    15.8400     4.3732     0.0852     0.6345 2.7155e+01     2.7118      6.674      9.680    12.5649 0.0000e+00
      6.811      0.019     8.9998     84.779    144.379 108.459413    15.9300     4.1367     0.0852     0.5499 2.7049e+01     2.5003      6.679      9.687    12.5617 0.0000e+00
      6.816      0.020     8.9941     84.966    144.379 108.445339    15.9300     4.1444     0.0852     0.5499 2.6973e+01     2.5154      6.684      9.694    12.5603 0.0000e+00
      6.821      0.020     8.9959     85.209    144.387 108.434210    15.9300     4.1558     0.0852     0.5499 2.6926e+01     2.6664      6.689      9.702    12.5603 0.0000e+00
      6.826      0.021     9.0040     85.489    144.378 108.411061    15.9300     4.1444     0.0852     0.5499 2.6722e+01     2.4852      6.694      9.709    12.5601 0.0000e+00
      6.832      0.021     9.0184     85.783    144.358 108.381716    16.2000     4.0414     0.1278     0.6345 2.6739e+01     2.5607      6.700      9.717    12.5577 0.0000e+00
      6.837      0.021     9.0393     86.069    144.345 108.354344    16.2000     4.0261     0.1278     0.6345 2.6687e+01     2.5305      6.705      9.725    12.5528 0.0000e+00
      6.843      0.021     9.0663     86.330    144.342 108.329640    16.2000     4.0223     0.1278     0.6345 2.6537e+01     2.5003      6.710      9.732    12.5467 0.0000e+00
      6.848      0.021     9.0972     86.564    144.349 108.309014    16.2000     4.0261     0.1278     0.6345 2.6387e+01     2.4549      6.715      9.740    12.5412 0.0000e+00
      6.853      0.021     9.1295     86.777    144.364 108.294961    16.4700     4.0948     0.0852     0.5499 2.6319e+01     2.1377      6.720      9.747    12.5361 0.0000e+00
      6.859      0.021     9.1612     86.979    144.395 108.295728    16.4700     4.0719     0.0852     0.5499 2.6244e+01     2.1075      6.726      9.755    12.5301 0.0000e+00
      6.864      0.021     9.1906     87.197    144.445 108.315517    16.4700     4.0871     0.0852     0.5499 2.6119e+01     2.0471      6.731      9.762    12.5223 0.0000e+00
      6.869      0.021     9.2175     87.449    144.494 108.339612    16.4700     4.0833     0.0852     0.5499 2.6028e+01     2.1679      6.736      9.770    12.5135 0.0000e+00
      6.874      0.021     9.2420     87.736    144.502 108.336452    16.4700     4.0299     0.0852     0.5499 2.5966e+01     2.1377      6.741      9.777    12.5046 0.0000e+00
      6.880      0.021     9.2652     88.050    144.470 108.303195    16.3800     4.0223     0.0852     0.5922 2.5899e+01     2.0622      6.747      9.785    12.4968 0.0000e+00
      6.885      0.022     9.2896     88.385    144.436 108.268959    16.3800     4.0261     0.0852     0.5922 2.5702e+01     2.1528      6.752      9.793    12.4907 0.0000e+00
      6.891      0.022     9.3174     88.722    144.406 108.238607    16.3800     4.0032     0.0852     0.5922 2.5658e+01     2.1377      6.758      9.801    12.4864 0.0000e+00
      6.896      0.022     9.3487     89.046    144.370 108.204046    16.3800     4.0185     0.0852     0.5922 2.5403e+01     2.1075      6.763      9.809    12.4831 0.0000e+00
      6.902      0.022     9.3828     89.351    144.335 108.168056    16.2900     3.9651     0.0852     0.5499 2.5408e+01     2.1528      6.769      9.817    12.4800 0.0000e+00
      6.907      0.022     9.4191     89.635    144.317 108.145028    16.2900     3.9536     0.0852     0.5499 2.5309e+01     2.1528      6.774      9.825    12.4770 0.0000e+00
      6.913      0.021     9.4556     89.887    144.317 108.136819    16.2900     3.9231     0.0852     0.5499 2.5276e+01     2.1377      6.780      9.833    12.4742 0.0000e+00
      6.918      0.021     9.4907     90.096    144.305 108.125245    16.2900     3.9346     0.0852     0.5499 2.5155e+01     2.1679      6.785      9.840    12.4715 0.0000e+00
      6.924      0.021     9.5239     90.252    144.277 108.111217    16.4700     3.9727     0.0852     0.4653 2.5041e+01     2.1981      6.790      9.848    12.4683 0.0000e+00
      6.929      0.021     9.5549     90.357    144.251 108.110987    16.4700     3.9689     0.0852     0.4653 2.4970e+01     2.0622      6.795      9.856    12.4649 0.0000e+00
      6.935      0.021     9.5825     90.417    144.235 108.124495    16.4700     3.9536     0.0852     0.4653 2.4873e+01     2.0924      6.801      9.864    12.4620 0.0000e+00
      6.940      0.021     9.6049     90.449    144.244 108.153346    16.4700     3.9498     0.0852     0.4653 2.4765e+01     2.1075      6.806      9.871    12.4610 0.0000e+00
      6.946      0.021     9.6210     90.462    144.277 108.187242    16.4700     3.8163     0.0852     0.4653 2.4695e+01     2.1226      6.811      9.879    12.4636 0.0000e+00
      6.951      0.021     9.6307     90.454    144.308 108.201236    16.4700     3.8239     0.0852     0.4653 2.4535e+01     2.1075      6.817      9.887    12.4703 0.0000e+00
      6.956      0.020     9.6352     90.424    144.331 108.193061    16.4700     3.8430     0.0852     0.4653 2.4418e+01     2.2283      6.822      9.894    12.4792 0.0000e+00
      6.961      0.020     9.6370     90.362    144.342 108.168532    16.4700     3.8316     0.0852     0.4653 2.4370e+01     2.1075      6.827      9.901    12.4868 0.0000e+00
      6.966      0.019     9.6376     90.242    144.354 108.145098    16.4700     3.7820     0.0852     0.4653 2.4291e+01     2.0924      6.832      9.908    12.4899 0.0000e+00
      6.971      0.019     9.6374     90.042    144.392 108.146495    16.4700     3.7820     0.1278     0.5076 2.4306e+01     2.1679      6.836      9.915    12.4868 0.0000e+00
      6.976      0.019     9.6361     89.773    144.441 108.163099    16.4700     3.7743     0.1278     0.5076 2.4248e+01     2.0471      6.841      9.921    12.4780 0.0000e+00
      6.980      0.018     9.6320     89.472    144.468 108.169349    16.4700     3.7667     0.1278     0.5076 2.4180e+01     2.1830      6.845      9.928    12.4666 0.0000e+00
      6.985      0.018     9.6216     89.188    144.497 108.180906    16.4700     3.7171     0.1278     0.5076 2.4122e+01     1.8960      6.850      9.934    12.4554 0.0000e+00
      6.989      0.019     9.6024     88.975    144.536 108.200851    16.3800     3.7171     0.1278     0.6345 2.4086e+01     1.9413      6.854      9.941    12.4461 0.0000e+00
      6.994      0.019     9.5752     88.873    144.540 108.194519    16.3800     3.7019     0.1278     0.6345 2.3986e+01     1.8507      6.859      9.948    12.4390 0.0000e+00
      6.999      0.019     9.5441     88.898    144.503 108.160221    16.3800     3.7171     0.1278     0.6345 2.3966e+01     1.7903      6.863      9.954    12.4342 0.0000e+00
