Data/DataNotYetUploadedToEDI/Raw_CTD/RawDownloads/060426_ccr30_S8188013.cnv
* Sea-Bird SBE19plus  Data File:
* FileName = C:\R\Reservoirs\Data\DataNotYetUploadedToEDI\Raw_CTD\RawDownloads\062526_ccr50_S8188_0013.hex
* Software version 2.8.0.119
* Temperature SN = 8188
* Conductivity SN = 8188
* System UpLoad Time = Jun 29 2026 18:13:05
* <ApplicationData>
* <Seaterm232>
# nquan = 16
# nvalues = 1338                        
# units = specified
# name 0 = depFM: Depth [fresh water, m]
# name 1 = dz/dtM: Descent Rate [m/s]
# name 2 = sbeox0Mg/L: Oxygen, SBE 43 [mg/l]
# name 3 = sbeox0PS: Oxygen, SBE 43 [% saturation]
# name 4 = specc: Specific Conductance [uS/cm]
# name 5 = c0uS/cm: Conductivity [uS/cm]
# name 6 = wetCDOM: Fluorescence, WET Labs CDOM [mg/m^3]
# name 7 = flECO-AFL: Fluorescence, WET Labs ECO-AFL/FL [mg/m^3]
# name 8 = flECO-AFL1: Fluorescence, WET Labs ECO-AFL/FL, 2 [mg/m^3]
# name 9 = flECO-AFL2: Fluorescence, WET Labs ECO-AFL/FL, 3 [mg/m^3]
# name 10 = par/sat/log: PAR/Logarithmic, Satlantic
# name 11 = turbWETntu0: Turbidity, WET Labs ECO [NTU]
# name 12 = prdM: Pressure, Strain Gauge [db]
# name 13 = prdE: Pressure, Strain Gauge [psi]
# name 14 = tv290C: Temperature [ITS-90, deg C]
# name 15 = flag:  0.000e+00
# span 0 =     -0.403,     10.526       
# span 1 =     -0.183,      0.133       
# span 2 =     5.6061,    10.8353       
# span 3 =     65.664,    105.713       
# span 4 =   -642.626,    160.711       
# span 5 =-475.558773, 145.279450       
# span 6 =    -4.5000,    16.3800       
# span 7 =    -2.4514,   245.1530       
# span 8 =    -3.4080,     0.1704       
# span 9 =    -3.5532,    13.2822       
# span 10 = 7.5182e+00, 2.7459e+03      
# span 11 =    -7.2132,    22.1537      
# span 12 =     -0.395,     10.322      
# span 13 =     -0.573,     14.971      
# span 14 =    11.9852,    23.9520      
# span 15 = 0.0000e+00, 0.0000e+00      
# interval = seconds: 0.25
# start_time = Jun 04 2026 12:12:09 [Instrument's time stamp, header]
# bad_flag = -9.990e-29
*END*
[from data line 633]
      7.166      0.082    10.3151     95.160    145.470 109.339409    16.0200     3.7743     0.1278     0.5499 4.3345e+01     0.9443      7.027     10.192    12.6401 0.0000e+00
      7.186      0.080    10.2643     94.673    145.449 109.303056    16.0200     3.7743     0.1278     0.5499 4.3336e+01     0.9443      7.047     10.220    12.6213 0.0000e+00
      7.205      0.078    10.2076     94.133    145.446 109.286446    16.0200     3.7667     0.1278     0.5499 4.3232e+01     0.8990      7.065     10.247    12.6035 0.0000e+00
      7.224      0.078    10.1604     93.632    145.438 109.263158    16.0200     3.9002     0.1278     0.5499 4.3073e+01     0.6573      7.084     10.274    12.5890 0.0000e+00
      7.243      0.079    10.1178     93.227    145.434 109.232980    15.9300     3.9155     0.0852     0.5076 4.2746e+01     0.8083      7.102     10.301    12.5784 0.0000e+00
      7.263      0.082    10.0676     92.910    145.443 109.203860    15.9300     3.9040     0.0852     0.5076 4.2303e+01     0.7328      7.122     10.330    12.5714 0.0000e+00
      7.284      0.084    10.0114     92.632    145.442 109.164031    15.9300     3.8926     0.0852     0.5076 4.1846e+01     0.6724      7.143     10.360    12.5663 0.0000e+00
      7.306      0.085     9.9594     92.352    145.423 109.114865    15.9300     4.0604     0.0852     0.5076 4.1009e+01     0.9141      7.165     10.392    12.5604 0.0000e+00
      7.329      0.085     9.9184     92.064    145.385 109.061244    15.9300     4.0910     0.0852     0.5076 4.0354e+01     0.8083      7.187     10.424    12.5512 0.0000e+00
      7.352      0.084     9.8875     91.769    145.347 109.016858    15.9300     4.1062     0.0852     0.4653 3.9849e+01     0.8839      7.210     10.457    12.5388 0.0000e+00
      7.373      0.081     9.8609     91.476    145.318 108.987865    15.9300     4.0643     0.0852     0.4653 3.9487e+01     0.9594      7.231     10.487    12.5253 0.0000e+00
      7.394      0.079     9.8337     91.234    145.299 108.974530    15.9300     4.2092     0.0852     0.4653 3.9213e+01     1.0652      7.251     10.516    12.5134 0.0000e+00
      7.412      0.077     9.8050     91.099    145.300 108.981295    15.9300     4.2016     0.0852     0.4653 3.9256e+01     0.8386      7.269     10.543    12.5046 0.0000e+00
      7.431      0.076     9.7748     91.105    145.309 108.993971    15.8400     4.2016     0.0852     0.5922 3.9077e+01     0.9896      7.287     10.569    12.4993 0.0000e+00
      7.449      0.077     9.7441     91.269    145.287 108.977950    15.8400     4.1940     0.0852     0.5922 3.8857e+01     0.9745      7.305     10.595    12.4969 0.0000e+00
      7.467      0.080     9.7183     91.588    145.232 108.926963    15.8400     4.3427     0.0852     0.5922 3.8874e+01     0.9745      7.323     10.621    12.4972 0.0000e+00
      7.488      0.084     9.7035     92.031    145.212 108.885392    15.8400     4.3237     0.0852     0.5922 3.8512e+01     0.9594      7.343     10.650    12.4992 0.0000e+00
      7.510      0.087     9.7037     92.530    145.227 108.854147    15.8400     4.3427     0.1278     0.5499 3.7767e+01     0.9141      7.365     10.681    12.5012 0.0000e+00
      7.534      0.090     9.7210     93.007    145.214 108.794904    15.8400     4.3198     0.1278     0.5499 3.6810e+01     0.9141      7.388     10.715    12.5014 0.0000e+00
      7.558      0.092     9.7558     93.391    145.179 108.721852    15.8400     4.0910     0.1278     0.5499 3.6129e+01     0.6422      7.412     10.750    12.4979 0.0000e+00
      7.583      0.093     9.8050     93.644    145.155 108.667488    15.8400     4.0681     0.1278     0.5499 3.5599e+01     0.7479      7.436     10.786    12.4888 0.0000e+00
      7.607      0.093     9.8615     93.766    145.129 108.623314    15.8400     4.0681     0.1278     0.5499 3.5184e+01     0.7177      7.460     10.820    12.4743 0.0000e+00
      7.630      0.094     9.9161     93.771    145.097 108.577549    15.9300     4.1100     0.1278     0.5076 3.5107e+01     0.7781      7.483     10.852    12.4572 0.0000e+00
      7.652      0.095     9.9607     93.663    145.080 108.537981    15.9300     4.2092     0.1278     0.5076 3.5375e+01     0.9896      7.505     10.884    12.4410 0.0000e+00
      7.675      0.097     9.9905     93.445    145.057 108.484062    15.9300     4.2054     0.1278     0.5076 3.5008e+01     0.9292      7.527     10.917    12.4286 0.0000e+00
      7.700      0.100    10.0054     93.122    145.018 108.409411    15.9300     4.2016     0.1278     0.5076 3.4167e+01     0.8083      7.551     10.952    12.4199 0.0000e+00
      7.727      0.102    10.0075     92.703    145.005 108.350097    15.8400     4.2016     0.0852     0.6345 3.3673e+01     0.9745      7.577     10.990    12.4126 0.0000e+00
      7.754      0.103     9.9981     92.224    145.022 108.316290    15.8400     4.0337     0.0852     0.6345 3.2799e+01     0.3854      7.604     11.029    12.4034 0.0000e+00
      7.782      0.103     9.9776     91.735    145.047 108.294976    15.8400     4.0223     0.0852     0.6345 3.2129e+01     0.4458      7.632     11.069    12.3907 0.0000e+00
      7.810      0.101     9.9467     91.257    145.084 108.292463    15.8400     4.0452     0.0852     0.6345 3.1623e+01     0.4307      7.658     11.108    12.3750 0.0000e+00
      7.835      0.097     9.9057     90.799    145.134 108.308082    15.9300     4.0299     0.1278     0.6345 3.1017e+01     0.4458      7.684     11.144    12.3579 0.0000e+00
      7.859      0.093     9.8582     90.374    145.185 108.330002    15.9300     4.0070     0.1278     0.6345 3.1031e+01     0.4307      7.707     11.178    12.3417 0.0000e+00
      7.882      0.090     9.8089     89.982    145.226 108.348075    15.9300     3.8926     0.1278     0.6345 3.0903e+01     0.4156      7.729     11.210    12.3281 0.0000e+00
      7.903      0.088     9.7601     89.612    145.223 108.335133    15.9300     3.9040     0.1278     0.6345 3.0809e+01     0.5666      7.750     11.241    12.3177 0.0000e+00
      7.924      0.088     9.7128     89.238    145.171 108.287722    15.8400     3.8811     0.0852     0.6768 3.0556e+01     0.4307      7.771     11.271    12.3101 0.0000e+00
      7.946      0.089     9.6685     88.833    145.117 108.237185    15.8400     3.9002     0.0852     0.6768 3.0239e+01     0.3854      7.792     11.302    12.3045 0.0000e+00
      7.968      0.091     9.6276     88.383    145.083 108.198035    15.8400     3.7667     0.0852     0.6768 2.9867e+01     0.4458      7.814     11.334    12.3002 0.0000e+00
      7.992      0.093     9.5888     87.897    145.057 108.159829    15.8400     3.7858     0.0852     0.6768 2.9576e+01     0.3854      7.837     11.367    12.2967 0.0000e+00
      8.016      0.094     9.5495     87.402    145.040 108.126375    15.8400     3.7591     0.0852     0.6768 2.9022e+01     0.4005      7.861     11.402    12.2936 0.0000e+00
      8.042      0.094     9.5069     86.932    145.040 108.110740    15.8400     3.7972     0.0852     0.5922 2.8079e+01     0.4156      7.886     11.438    12.2902 0.0000e+00
      8.067      0.093     9.4597     86.519    145.037 108.098759    15.8400     3.2288     0.0852     0.5922 2.7673e+01     0.4458      7.911     11.474    12.2854 0.0000e+00
      8.091      0.092     9.4091     86.167    145.018 108.081238    15.8400     3.2288     0.0852     0.5922 2.7667e+01     0.3854      7.934     11.508    12.2789 0.0000e+00
      8.113      0.091     9.3575     85.861    145.005 108.071498    15.8400     3.2288     0.0852     0.5922 2.7482e+01     0.3552      7.957     11.540    12.2719 0.0000e+00
      8.135      0.091     9.3084     85.589    145.000 108.064945    15.9300     3.2097     0.0852     0.5499 2.7410e+01     0.3703      7.978     11.571    12.2664 0.0000e+00
      8.157      0.091     9.2649     85.345    144.990 108.047834    15.9300     3.3509     0.0852     0.5499 2.7238e+01     0.3703      8.000     11.603    12.2631 0.0000e+00
      8.181      0.090     9.2274     85.131    144.997 108.037594    15.9300     3.3356     0.0852     0.5499 2.6704e+01     0.4458      8.023     11.636    12.2620 0.0000e+00
      8.205      0.089     9.1947     84.957    145.028 108.043488    15.9300     3.3623     0.0852     0.5499 2.6028e+01     0.3854      8.047     11.671    12.2619 0.0000e+00
      8.230      0.087     9.1658     84.825    145.064 108.057092    15.8400     3.3318     0.0852     0.6345 2.5370e+01     0.3703      8.071     11.705    12.2609 0.0000e+00
      8.253      0.083     9.1403     84.740    145.099 108.078033    15.8400     3.4157     0.0852     0.6345 2.4889e+01     0.6875      8.093     11.738    12.2576 0.0000e+00
      8.274      0.079     9.1185     84.720    145.102 108.081907    15.8400     3.4043     0.0852     0.6345 2.4981e+01     0.6120      8.114     11.768    12.2522 0.0000e+00
      8.292      0.076     9.1010     84.783    145.064 108.057752    15.8400     3.4043     0.0852     0.6345 2.5008e+01     0.5969      8.132     11.794    12.2463 0.0000e+00
      8.310      0.073     9.0878     84.927    145.028 108.033115    15.8400     3.4081     0.0852     0.6345 2.4959e+01     0.6724      8.149     11.819    12.2418 0.0000e+00
      8.327      0.072     9.0792     85.125    145.009 108.015420    15.8400     3.2441     0.0852     0.6345 2.4981e+01     0.4458      8.165     11.843    12.2398 0.0000e+00
      8.344      0.071     9.0769     85.339    144.992 107.995951    15.8400     3.2517     0.0852     0.6345 2.4851e+01     0.3249      8.183     11.868    12.2405 0.0000e+00
      8.363      0.072     9.0834     85.530    145.003 107.997504    15.8400     3.1945     0.0852     0.6345 2.4044e+01     0.3249      8.201     11.895    12.2420 0.0000e+00
      8.383      0.072     9.0986     85.670    145.061 108.040483    15.8400     3.2364     0.0852     0.6345 2.3568e+01     0.4911      8.221     11.923    12.2426 0.0000e+00
      8.402      0.073     9.1201     85.752    145.127 108.096367    15.8400     2.9656     0.0852     0.6345 2.3609e+01     0.4911      8.239     11.950    12.2415 0.0000e+00
      8.420      0.074     9.1435     85.777    145.166 108.138073    15.8400     2.9923     0.0852     0.6345 2.3609e+01     0.3552      8.257     11.976    12.2390 0.0000e+00
      8.437      0.077     9.1644     85.746    145.181 108.160731    15.8400     2.9656     0.0852     0.6345 2.3665e+01     0.4156      8.274     12.000    12.2369 0.0000e+00
      8.455      0.083     9.1794     85.668    145.167 108.150392    15.8400     2.9732     0.0852     0.6345 2.3748e+01     0.4911      8.292     12.026    12.2367 0.0000e+00
      8.475      0.090     9.1878     85.547    145.124 108.100301    15.8400     2.8855     0.0852     0.5922 2.3665e+01     0.6875      8.312     12.055    12.2391 0.0000e+00
      8.499      0.099     9.1895     85.384    145.094 108.043082    15.8400     2.9122     0.0852     0.5922 2.3268e+01     0.6271      8.335     12.088    12.2434 0.0000e+00
      8.526      0.108     9.1854     85.179    145.107 108.009456    15.8400     2.9160     0.0852     0.5922 2.2521e+01     0.6573      8.361     12.127    12.2473 0.0000e+00
      8.557      0.116     9.1770     84.931    145.133 107.984457    15.8400     2.9122     0.0852     0.5922 2.1999e+01     0.5515      8.391     12.171    12.2475 0.0000e+00
      8.589      0.122     9.1654     84.646    145.155 107.957417    15.8400     2.6757     0.0852     0.6345 2.1451e+01     1.4126      8.423     12.217    12.2411 0.0000e+00
      8.622      0.125     9.1504     84.328    145.172 107.927123    15.8400     2.6757     0.0852     0.6345 2.0986e+01     1.4126      8.455     12.264    12.2290 0.0000e+00
      8.655      0.126     9.1314     83.981    145.173 107.885495    15.8400     2.6757     0.0852     0.6345 2.0945e+01     1.3220      8.487     12.310    12.2142 0.0000e+00
      8.687      0.125     9.1080     83.626    145.173 107.843421    15.8400     2.6566     0.0852     0.6345 2.0539e+01     1.3220      8.519     12.356    12.1990 0.0000e+00
      8.719      0.124     9.0804     83.292    145.188 107.815671    15.8400     2.8435     0.0852     0.6345 2.0115e+01     1.2766      8.550     12.401    12.1841 0.0000e+00
      8.750      0.122     9.0494     82.984    145.207 107.794842    15.8400     2.8740     0.0852     0.4230 1.9898e+01     1.1709      8.581     12.446    12.1693 0.0000e+00
      8.781      0.119     9.0152     82.685    145.208 107.767383    15.8400     2.8435     0.0852     0.4230 1.9687e+01     1.1105      8.611     12.490    12.1546 0.0000e+00
      8.812      0.115     8.9800     82.355    145.199 107.737963    15.8400     2.8512     0.0852     0.4230 1.9168e+01     1.2464      8.642     12.534    12.1401 0.0000e+00
      8.843      0.109     8.9468     81.966    145.200 107.722728    15.8400     3.0457     0.0852     0.4230 1.8589e+01     1.1105      8.671     12.577    12.1267 0.0000e+00
      8.871      0.103     8.9162     81.505    145.211 107.721613    15.8400     3.0572     0.1278     0.5499 1.8377e+01     1.1407      8.699     12.618    12.1149 0.0000e+00
      8.896      0.097     8.8860     80.967    145.204 107.710331    15.8400     3.0419     0.1278     0.5499 1.8393e+01     1.1407      8.724     12.654    12.1049 0.0000e+00
      8.919      0.092     8.8522     80.352    145.169 107.681874    15.8400     3.0305     0.1278     0.5499 1.8429e+01     1.2464      8.746     12.685    12.0972 0.0000e+00
      8.939      0.089     8.8114     79.684    145.140 107.656643    15.8400     2.9275     0.1278     0.5499 1.8469e+01     1.1407      8.767     12.715    12.0918 0.0000e+00
      8.960      0.088     8.7625     79.013    145.141 107.651899    16.0200     2.9046     0.0426     0.5922 1.8385e+01     1.1860      8.787     12.744    12.0884 0.0000e+00
      8.981      0.090     8.7051     78.391    145.155 107.654383    16.0200     2.9084     0.0426     0.5922 1.8221e+01     1.1407      8.808     12.775    12.0865 0.0000e+00
      9.005      0.091     8.6392     77.852    145.144 107.636766    16.0200     2.8740     0.0426     0.5922 1.7915e+01     1.2162      8.831     12.808    12.0854 0.0000e+00
      9.030      0.093     8.5676     77.415    145.121 107.610345    16.0200     3.0305     0.0426     0.5922 1.7488e+01     1.1407      8.855     12.843    12.0844 0.0000e+00
      9.055      0.093     8.4958     77.085    145.111 107.596063    16.0200     3.0572     0.0426     0.5922 1.7072e+01     1.1709      8.880     12.879    12.0825 0.0000e+00
      9.080      0.092     8.4294     76.864    145.105 107.586112    16.0200     3.0686     0.0852     0.4653 1.6891e+01     1.2011      8.904     12.914    12.0797 0.0000e+00
      9.103      0.091     8.3721     76.745    145.089 107.569841    16.0200     3.0343     0.0852     0.4653 1.6839e+01     1.2615      8.927     12.948    12.0764 0.0000e+00
      9.125      0.089     8.3257     76.708    145.064 107.546910    16.0200     2.7863     0.0852     0.4653 1.6745e+01     1.0047      8.949     12.980    12.0733 0.0000e+00
      9.147      0.088     8.2907     76.724    145.038 107.523199    16.0200     2.8130     0.0852     0.4653 1.6639e+01     0.9443      8.970     13.010    12.0708 0.0000e+00
      9.169      0.087     8.2673     76.762    145.024 107.508378    16.0200     2.8016     0.1278     0.4653 1.6474e+01     0.8688      8.991     13.041    12.0689 0.0000e+00
      9.191      0.086     8.2548     76.798    145.028 107.506491    16.0200     2.7863     0.1278     0.4653 1.6260e+01     0.8990      9.013     13.073    12.0674 0.0000e+00
      9.214      0.085     8.2511     76.822    145.047 107.517034    16.0200     2.9084     0.1278     0.4653 1.6095e+01     1.2615      9.035     13.105    12.0660 0.0000e+00
      9.236      0.084     8.2531     76.819    145.081 107.538821    16.0200     2.9008     0.1278     0.4653 1.5525e+01     1.1558      9.057     13.137    12.0645 0.0000e+00
