Data/DataNotYetUploadedToEDI/Raw_CTD/RawDownloads/060426_ccr30_S8188013.cnv
* Sea-Bird SBE19plus  Data File:
* FileName = C:\R\Reservoirs\Data\DataNotYetUploadedToEDI\Raw_CTD\RawDownloads\062526_ccr50_S8188_0013.hex
* Software version 2.8.0.119
* Temperature SN = 8188
* Conductivity SN = 8188
* System UpLoad Time = Jun 29 2026 18:13:05
* <ApplicationData>
* <Seaterm232>
# nquan = 16
# nvalues = 1338                        
# units = specified
# name 0 = depFM: Depth [fresh water, m]
# name 1 = dz/dtM: Descent Rate [m/s]
# name 2 = sbeox0Mg/L: Oxygen, SBE 43 [mg/l]
# name 3 = sbeox0PS: Oxygen, SBE 43 [% saturation]
# name 4 = specc: Specific Conductance [uS/cm]
# name 5 = c0uS/cm: Conductivity [uS/cm]
# name 6 = wetCDOM: Fluorescence, WET Labs CDOM [mg/m^3]
# name 7 = flECO-AFL: Fluorescence, WET Labs ECO-AFL/FL [mg/m^3]
# name 8 = flECO-AFL1: Fluorescence, WET Labs ECO-AFL/FL, 2 [mg/m^3]
# name 9 = flECO-AFL2: Fluorescence, WET Labs ECO-AFL/FL, 3 [mg/m^3]
# name 10 = par/sat/log: PAR/Logarithmic, Satlantic
# name 11 = turbWETntu0: Turbidity, WET Labs ECO [NTU]
# name 12 = prdM: Pressure, Strain Gauge [db]
# name 13 = prdE: Pressure, Strain Gauge [psi]
# name 14 = tv290C: Temperature [ITS-90, deg C]
# name 15 = flag:  0.000e+00
# span 0 =     -0.403,     10.526       
# span 1 =     -0.183,      0.133       
# span 2 =     5.6061,    10.8353       
# span 3 =     65.664,    105.713       
# span 4 =   -642.626,    160.711       
# span 5 =-475.558773, 145.279450       
# span 6 =    -4.5000,    16.3800       
# span 7 =    -2.4514,   245.1530       
# span 8 =    -3.4080,     0.1704       
# span 9 =    -3.5532,    13.2822       
# span 10 = 7.5182e+00, 2.7459e+03      
# span 11 =    -7.2132,    22.1537      
# span 12 =     -0.395,     10.322      
# span 13 =     -0.573,     14.971      
# span 14 =    11.9852,    23.9520      
# span 15 = 0.0000e+00, 0.0000e+00      
# interval = seconds: 0.25
# start_time = Jun 04 2026 12:12:09 [Instrument's time stamp, header]
# bad_flag = -9.990e-29
*END*
[from data line 814]
      9.790     -0.159     7.8845     74.105    145.361 107.654805    16.2900     2.7291     0.0852     0.3807 1.1669e+01     1.4126      9.601     13.925    12.0242 0.0000e+00
      9.750     -0.154     7.9117     74.253    145.385 107.678014    16.2900     2.7291     0.0852     0.3807 1.2150e+01     1.3975      9.562     13.868    12.0240 0.0000e+00
      9.709     -0.149     7.9367     74.378    145.386 107.683420    16.2900     2.7176     0.0852     0.3807 1.3034e+01     1.3824      9.521     13.809    12.0242 0.0000e+00
      9.669     -0.144     7.9590     74.488    145.362 107.668467    16.2900     2.7367     0.1278     0.5076 1.3422e+01     1.4126      9.482     13.753    12.0253 0.0000e+00
      9.633     -0.139     7.9781     74.587    145.343 107.657157    16.2900     2.9275     0.1278     0.5076 1.3375e+01     1.2313      9.446     13.701    12.0271 0.0000e+00
      9.600     -0.136     7.9937     74.668    145.345 107.662465    16.2900     2.9236     0.1278     0.5076 1.3230e+01     1.0652      9.415     13.655    12.0290 0.0000e+00
      9.569     -0.135     8.0068     74.724    145.343 107.665817    16.2900     2.9160     0.1278     0.5076 1.3122e+01     1.1407      9.385     13.611    12.0306 0.0000e+00
      9.538     -0.137     8.0185     74.757    145.300 107.640119    16.2900     2.9275     0.1278     0.5076 1.3028e+01     1.2011      9.354     13.567    12.0317 0.0000e+00
      9.504     -0.140     8.0289     74.782    145.240 107.602507    16.2900     2.6681     0.1278     0.4653 1.3337e+01     0.8537      9.320     13.518    12.0328 0.0000e+00
      9.465     -0.140     8.0375     74.822    145.207 107.582937    16.2900     2.6642     0.1278     0.4653 1.4407e+01     0.8688      9.282     13.463    12.0339 0.0000e+00
      9.424     -0.136     8.0432     74.900    145.200 107.580188    16.2900     2.7100     0.1278     0.4653 1.5559e+01     0.9745      9.242     13.405    12.0356 0.0000e+00
      9.385     -0.128     8.0463     75.020    145.201 107.581533    16.2900     2.6604     0.1278     0.4653 1.6155e+01     0.9443      9.203     13.349    12.0378 0.0000e+00
      9.352     -0.115     8.0486     75.167    145.215 107.591329    16.2000     2.7901     0.1278     0.3807 1.5991e+01     0.9745      9.171     13.301    12.0401 0.0000e+00
      9.325     -0.100     8.0526     75.330    145.240 107.608189    16.2000     2.8092     0.1278     0.3807 1.5890e+01     0.9896      9.145     13.264    12.0419 0.0000e+00
      9.305     -0.084     8.0608     75.516    145.263 107.624613    16.2000     2.7939     0.1278     0.3807 1.5746e+01     0.8688      9.125     13.235    12.0427 0.0000e+00
      9.288     -0.071     8.0737     75.736    145.291 107.644983    16.2000     2.7863     0.1278     0.3807 1.5729e+01     0.8537      9.108     13.210    12.0428 0.0000e+00
      9.273     -0.062     8.0896     75.983    145.314 107.662733    16.2000     2.9160     0.1278     0.4230 1.5756e+01     0.9292      9.094     13.189    12.0426 0.0000e+00
      9.259     -0.057     8.1072     76.244    145.344 107.686597    16.2000     2.9313     0.1278     0.4230 1.5835e+01     0.9443      9.081     13.170    12.0421 0.0000e+00
      9.246     -0.056     8.1273     76.499    145.383 107.716939    16.2000     2.9160     0.1278     0.4230 1.5925e+01     0.8235      9.068     13.152    12.0418 0.0000e+00
      9.234     -0.059     8.1509     76.724    145.378 107.715871    16.2000     2.8893     0.1278     0.4230 1.5801e+01     0.9141      9.055     13.133    12.0417 0.0000e+00
      9.220     -0.065     8.1776     76.896    145.326 107.681108    16.2900     2.8588     0.1278     0.5499 1.5718e+01     1.1407      9.042     13.114    12.0419 0.0000e+00
      9.205     -0.076     8.2056     76.994    145.267 107.641364    16.2900     2.8321     0.1278     0.5499 1.5756e+01     1.1709      9.027     13.092    12.0424 0.0000e+00
      9.186     -0.091     8.2329     77.014    145.221 107.614032    16.2900     2.8588     0.1278     0.5499 1.5794e+01     1.0954      9.008     13.066    12.0431 0.0000e+00
      9.163     -0.107     8.2570     76.974    145.201 107.607815    16.2900     2.8740     0.1278     0.5499 1.5897e+01     1.1709      8.985     13.032    12.0440 0.0000e+00
      9.134     -0.123     8.2752     76.900    145.199 107.617058    16.2900     2.7253     0.1278     0.5499 1.6022e+01     0.8386      8.957     12.991    12.0451 0.0000e+00
      9.098     -0.135     8.2854     76.817    145.197 107.624235    16.2900     2.7367     0.0852     0.5076 1.6927e+01     0.8990      8.922     12.940    12.0466 0.0000e+00
      9.056     -0.141     8.2872     76.753    145.193 107.627263    16.2900     2.7291     0.0852     0.5076 1.8349e+01     0.9594      8.881     12.881    12.0488 0.0000e+00
      9.014     -0.141     8.2823     76.736    145.204 107.638944    16.2900     2.7253     0.0852     0.5076 1.9272e+01     0.9443      8.839     12.820    12.0519 0.0000e+00
      8.975     -0.134     8.2737     76.778    145.207 107.642400    16.2900     2.7863     0.0852     0.5076 1.9339e+01     1.2313      8.801     12.765    12.0554 0.0000e+00
      8.941     -0.125     8.2642     76.872    145.173 107.618562    16.2900     2.8016     0.1278     0.4653 1.9331e+01     1.2313      8.768     12.717    12.0586 0.0000e+00
      8.913     -0.114     8.2569     76.996    145.138 107.593060    16.2900     2.7787     0.1278     0.4653 1.9139e+01     1.1709      8.741     12.678    12.0607 0.0000e+00
      8.889     -0.106     8.2548     77.114    145.134 107.591079    16.2900     2.7901     0.1278     0.4653 1.9147e+01     1.1407      8.717     12.643    12.0618 0.0000e+00
      8.866     -0.103     8.2593     77.195    145.144 107.600097    16.2900     2.8512     0.1278     0.4653 1.9081e+01     1.2011      8.694     12.610    12.0623 0.0000e+00
      8.842     -0.106     8.2694     77.225    145.146 107.606526    16.2000     2.8512     0.1278     0.4653 1.9052e+01     1.2766      8.671     12.577    12.0626 0.0000e+00
      8.817     -0.112     8.2826     77.212    145.153 107.620075    16.2000     2.8359     0.1278     0.4653 1.9130e+01     1.2011      8.646     12.540    12.0629 0.0000e+00
      8.788     -0.119     8.2953     77.178    145.175 107.648358    16.2000     2.8435     0.1278     0.4653 1.9247e+01     1.2313      8.618     12.499    12.0632 0.0000e+00
      8.754     -0.124     8.3039     77.155    145.197 107.678926    16.2000     2.6146     0.1278     0.4653 2.0063e+01     1.2464      8.585     12.452    12.0638 0.0000e+00
      8.717     -0.124     8.3068     77.175    145.194 107.687944    16.2000     2.6337     0.1278     0.3807 2.1643e+01     1.0349      8.549     12.399    12.0654 0.0000e+00
      8.680     -0.119     8.3048     77.252    145.147 107.661824    16.2000     2.6223     0.1278     0.3807 2.2521e+01     1.1860      8.513     12.347    12.0683 0.0000e+00
      8.648     -0.109     8.3004     77.383    145.077 107.617591    16.2000     2.6299     0.1278     0.3807 2.2526e+01     1.2313      8.481     12.300    12.0726 0.0000e+00
      8.621     -0.095     8.2971     77.543    145.031 107.593428    16.2000     2.6757     0.1278     0.3807 2.2575e+01     0.8990      8.455     12.262    12.0773 0.0000e+00
      8.601     -0.079     8.2984     77.698    145.033 107.608881    16.2000     2.6452     0.1278     0.3807 2.2404e+01     0.8235      8.435     12.233    12.0813 0.0000e+00
      8.585     -0.065     8.3062     77.830    145.053 107.642083    16.1100     2.6719     0.0852     0.5076 2.2327e+01     0.9443      8.419     12.210    12.0843 0.0000e+00
      8.572     -0.054     8.3198     77.932    145.053 107.663903    16.1100     2.6871     0.0852     0.5076 2.2322e+01     1.0047      8.406     12.192    12.0869 0.0000e+00
      8.560     -0.046     8.3363     78.006    145.019 107.664167    16.1100     2.7787     0.0852     0.5076 2.2370e+01     1.1709      8.395     12.176    12.0903 0.0000e+00
      8.550     -0.041     8.3521     78.063    144.962 107.650944    16.1100     2.8092     0.0852     0.5076 2.2453e+01     1.2011      8.385     12.161    12.0952 0.0000e+00
      8.541     -0.040     8.3650     78.120    144.932 107.656694    16.0200     2.7939     0.0852     0.4653 2.2468e+01     1.2313      8.376     12.148    12.1014 0.0000e+00
      8.532     -0.041     8.3745     78.203    144.935 107.682951    16.0200     2.7863     0.0852     0.4653 2.2453e+01     1.1558      8.367     12.136    12.1089 0.0000e+00
      8.523     -0.045     8.3808     78.340    144.906 107.680741    16.0200     2.6795     0.0852     0.4653 2.2259e+01     0.9896      8.358     12.123    12.1178 0.0000e+00
      8.513     -0.053     8.3850     78.551    144.848 107.651474    16.0200     2.6795     0.0852     0.4653 2.2162e+01     0.8688      8.348     12.108    12.1278 0.0000e+00
      8.500     -0.064     8.3893     78.841    144.847 107.659316    16.1100     2.6719     0.0852     0.5499 2.2104e+01     0.8537      8.336     12.090    12.1375 0.0000e+00
      8.484     -0.077     8.3966     79.226    144.900 107.702362    16.1100     2.6871     0.0852     0.5499 2.2186e+01     0.8386      8.320     12.067    12.1459 0.0000e+00
      8.463     -0.091     8.4101     79.727    144.933 107.728117    16.1100     2.7367     0.0852     0.5499 2.2249e+01     0.6422      8.299     12.037    12.1525 0.0000e+00
      8.437     -0.102     8.4318     80.346    144.950 107.741449    16.1100     2.7253     0.0852     0.5499 2.2976e+01     0.7479      8.273     12.000    12.1572 0.0000e+00
      8.405     -0.107     8.4623     81.059    144.973 107.757909    16.1100     2.7253     0.0852     0.5499 2.4583e+01     0.6724      8.242     11.955    12.1601 0.0000e+00
      8.372     -0.107     8.5034     81.818    144.986 107.765893    16.1100     2.7443     0.0852     0.5499 2.6187e+01     0.6422      8.210     11.907    12.1614 0.0000e+00
      8.341     -0.101     8.5571     82.549    144.971 107.755533    16.1100     3.1869     0.0852     0.5499 2.6239e+01     0.6120      8.179     11.863    12.1618 0.0000e+00
      8.315     -0.091     8.6235     83.182    144.913 107.716071    16.1100     3.1449     0.0852     0.5499 2.6267e+01     0.7479      8.154     11.826    12.1620 0.0000e+00
      8.294     -0.079     8.7001     83.659    144.835 107.664972    16.1100     3.1563     0.0852     0.5499 2.6199e+01     0.7026      8.133     11.797    12.1619 0.0000e+00
      8.278     -0.067     8.7816     83.934    144.778 107.632593    16.0200     3.1792     0.0852     0.5499 2.6096e+01     0.6724      8.117     11.773    12.1615 0.0000e+00
      8.264     -0.058     8.8601     83.999    144.738 107.614298    16.0200     3.0190     0.0852     0.5499 2.6057e+01     0.7781      8.104     11.754    12.1615 0.0000e+00
      8.253     -0.053     8.9278     83.880    144.717 107.609206    16.0200     3.0533     0.0852     0.5499 2.5882e+01     0.7781      8.093     11.738    12.1628 0.0000e+00
      8.241     -0.052     8.9784     83.620    144.724 107.623958    16.0200     3.0572     0.0852     0.5499 2.5820e+01     0.6875      8.082     11.722    12.1653 0.0000e+00
      8.230     -0.055     9.0073     83.274    144.737 107.642496    16.0200     3.0152     0.0852     0.4653 2.5927e+01     0.6422      8.071     11.705    12.1687 0.0000e+00
      8.217     -0.063     9.0135     82.910    144.731 107.645772    16.0200     3.2097     0.0852     0.4653 2.5826e+01     0.9745      8.058     11.687    12.1725 0.0000e+00
      8.202     -0.075     9.0000     82.582    144.724 107.648657    16.0200     3.2326     0.0852     0.4653 2.5742e+01     0.9292      8.043     11.666    12.1762 0.0000e+00
      8.183     -0.091     8.9714     82.325    144.753 107.677907    16.0200     3.2364     0.0852     0.4653 2.5652e+01     0.9141      8.025     11.640    12.1795 0.0000e+00
      8.160     -0.108     8.9337     82.158    144.790 107.715335    15.9300     3.2288     0.0852     0.5076 2.5669e+01     0.9141      8.002     11.607    12.1825 0.0000e+00
      8.131     -0.124     8.8941     82.080    144.794 107.728938    15.9300     3.3662     0.0852     0.5076 2.6091e+01     0.7328      7.973     11.564    12.1852 0.0000e+00
      8.094     -0.135     8.8584     82.082    144.769 107.722345    15.9300     3.3204     0.0852     0.5076 2.7812e+01     0.6271      7.937     11.512    12.1880 0.0000e+00
      8.051     -0.139     8.8302     82.141    144.754 107.721788    15.9300     3.3356     0.0852     0.5076 3.0324e+01     0.6422      7.896     11.452    12.1908 0.0000e+00
      8.009     -0.135     8.8116     82.225    144.762 107.735115    15.9300     3.3509     0.0852     0.5076 3.2108e+01     0.6120      7.854     11.391    12.1940 0.0000e+00
      7.971     -0.124     8.8026     82.306    144.781 107.753884    15.9300     3.6790     0.0852     0.6345 3.2290e+01     0.5969      7.817     11.338    12.1979 0.0000e+00
      7.941     -0.107     8.8020     82.374    144.822 107.787101    15.9300     3.6561     0.0852     0.6345 3.2213e+01     0.6875      7.787     11.295    12.2019 0.0000e+00
      7.918     -0.088     8.8075     82.450    144.883 107.835625    15.9300     3.6637     0.0852     0.6345 3.1851e+01     0.7177      7.765     11.262    12.2055 0.0000e+00
      7.901     -0.071     8.8160     82.574    144.927 107.876409    15.9300     3.6751     0.0852     0.6345 3.1548e+01     0.6422      7.748     11.238    12.2082 0.0000e+00
      7.887     -0.057     8.8244     82.782    144.948 107.904337    15.9300     3.7209     0.0852     0.5499 3.1548e+01     0.4156      7.735     11.218    12.2097 0.0000e+00
      7.876     -0.046     8.8314     83.090    144.959 107.928856    15.9300     3.6942     0.0852     0.5499 3.1630e+01     0.4156      7.723     11.202    12.2106 0.0000e+00
      7.866     -0.039     8.8393     83.495    144.954 107.944510    15.9300     3.7324     0.0852     0.5499 3.1872e+01     0.3854      7.714     11.188    12.2118 0.0000e+00
      7.857     -0.035     8.8522     83.966    144.928 107.945477    15.9300     3.6790     0.0852     0.5499 3.1795e+01     0.3854      7.705     11.176    12.2145 0.0000e+00
      7.850     -0.033     8.8735     84.460    144.899 107.946010    16.0200     3.7781     0.0852     0.6768 3.1555e+01     0.3552      7.698     11.165    12.2188 0.0000e+00
      7.843     -0.034     8.9054     84.951    144.904 107.970244    16.0200     3.7858     0.0852     0.6768 3.1596e+01     0.4156      7.691     11.155    12.2245 0.0000e+00
      7.835     -0.037     8.9475     85.421    144.927 108.004648    16.0200     3.7553     0.0852     0.6768 3.1589e+01     0.5062      7.684     11.144    12.2311 0.0000e+00
      7.827     -0.043     8.9965     85.865    144.927 108.018414    16.0200     3.7667     0.0852     0.6768 3.1500e+01     0.3098      7.675     11.132    12.2383 0.0000e+00
      7.816     -0.052     9.0479     86.297    144.915 108.021212    16.0200     4.2092     0.0852     0.6768 3.1561e+01     0.6724      7.665     11.117    12.2458 0.0000e+00
      7.803     -0.064     9.0990     86.749    144.907 108.025782    16.0200     4.2245     0.0852     0.6345 3.1575e+01     0.6422      7.652     11.098    12.2528 0.0000e+00
      7.787     -0.078     9.1481     87.236    144.897 108.029345    16.0200     4.1787     0.0852     0.6345 3.1486e+01     0.7781      7.636     11.075    12.2587 0.0000e+00
      7.767     -0.094     9.1946     87.746    144.903 108.046847    16.0200     4.2092     0.0852     0.6345 3.1466e+01     0.7177      7.616     11.046    12.2636 0.0000e+00
      7.741     -0.108     9.2401     88.243    144.922 108.076958    16.0200     4.2092     0.0852     0.6345 3.1872e+01     0.4911      7.591     11.010    12.2676 0.0000e+00
