Data/DataNotYetUploadedToEDI/Raw_CTD/RawDownloads/060426_ccr10_S8188011.cnv
* Sea-Bird SBE19plus  Data File:
* FileName = C:\R\Reservoirs\Data\DataNotYetUploadedToEDI\Raw_CTD\RawDownloads\062526_ccr50_S8188_0011.hex
* Software version 2.8.0.119
* Temperature SN = 8188
* Conductivity SN = 8188
* System UpLoad Time = Jun 29 2026 18:12:11
* <ApplicationData>
* <Seaterm232>
# nquan = 16
# nvalues = 526                         
# units = specified
# name 0 = depFM: Depth [fresh water, m]
# name 1 = dz/dtM: Descent Rate [m/s]
# name 2 = sbeox0Mg/L: Oxygen, SBE 43 [mg/l]
# name 3 = sbeox0PS: Oxygen, SBE 43 [% saturation]
# name 4 = specc: Specific Conductance [uS/cm]
# name 5 = c0uS/cm: Conductivity [uS/cm]
# name 6 = wetCDOM: Fluorescence, WET Labs CDOM [mg/m^3]
# name 7 = flECO-AFL: Fluorescence, WET Labs ECO-AFL/FL [mg/m^3]
# name 8 = flECO-AFL1: Fluorescence, WET Labs ECO-AFL/FL, 2 [mg/m^3]
# name 9 = flECO-AFL2: Fluorescence, WET Labs ECO-AFL/FL, 3 [mg/m^3]
# name 10 = par/sat/log: PAR/Logarithmic, Satlantic
# name 11 = turbWETntu0: Turbidity, WET Labs ECO [NTU]
# name 12 = prdM: Pressure, Strain Gauge [db]
# name 13 = prdE: Pressure, Strain Gauge [psi]
# name 14 = tv290C: Temperature [ITS-90, deg C]
# name 15 = flag:  0.000e+00
# span 0 =     -0.401,      0.483       
# span 1 =     -0.198,      0.143       
# span 2 =     4.9852,     8.0926       
# span 3 =     58.637,     95.265       
# span 4 =   -442.514,    164.244       
# span 5 =-428.995164, 158.861091       
# span 6 =     0.0000,    17.2800       
# span 7 =    -3.1304,    25.8007       
# span 8 =    -1.2780,     2.7690       
# span 9 =    -8.9253,     2.7918       
# span 10 = 5.6124e+01, 2.1905e+03      
# span 11 =    -8.5123,   971.1096      
# span 12 =     -0.394,      0.474      
# span 13 =     -0.571,      0.688      
# span 14 =    23.3509,    24.1499      
# span 15 = 0.0000e+00, 0.0000e+00      
# interval = seconds: 0.25
# start_time = Jun 04 2026 11:46:33 [Instrument's time stamp, header]
# bad_flag = -9.990e-29
*END*
[from data line 91]
      0.444      0.001     8.0022     94.317    160.436 155.744764    15.0300    11.7891     0.2556     0.2961 1.0306e+02   193.2492      0.436      0.632    23.5319 0.0000e+00
      0.445      0.001     8.0027     94.337    160.421 155.730285    15.0300    12.1477     0.2556     0.2961 1.0191e+02   246.9374      0.436      0.632    23.5319 0.0000e+00
      0.445      0.001     8.0033     94.352    160.402 155.711722    15.0300    12.1325     0.2556     0.2961 1.0300e+02   246.9676      0.436      0.632    23.5320 0.0000e+00
      0.445      0.001     8.0043     94.360    160.390 155.700157    15.0300    12.1401     0.2556     0.2961 1.0286e+02   246.8770      0.436      0.633    23.5321 0.0000e+00
      0.445      0.001     8.0059     94.365    160.386 155.696513    15.4800    12.1248     0.2130     0.3384 1.0365e+02   246.9223      0.437      0.633    23.5322 0.0000e+00
      0.445      0.001     8.0076     94.367    160.384 155.695811    15.4800    11.3504     0.2130     0.3384 1.0437e+02   287.5133      0.437      0.633    23.5323 0.0000e+00
      0.446      0.001     8.0089     94.366    160.382 155.693855    15.4800    11.3657     0.2130     0.3384 1.0286e+02   287.5737      0.437      0.634    23.5324 0.0000e+00
      0.446      0.001     8.0096     94.365    160.382 155.694132    15.4800    11.3466     0.2130     0.3384 1.0528e+02   287.6040      0.437      0.634    23.5325 0.0000e+00
      0.446      0.001     8.0099     94.364    160.388 155.700723    15.4800    11.3428     0.2130     0.3384 1.0399e+02   287.5737      0.437      0.634    23.5325 0.0000e+00
      0.446      0.001     8.0101     94.367    160.395 155.707370    15.4800    10.9194     0.2130     0.4230 1.0549e+02   313.9647      0.438      0.635    23.5326 0.0000e+00
      0.446      0.001     8.0100     94.376    160.391 155.703823    15.4800    10.9232     0.2130     0.4230 1.0560e+02   314.0704      0.438      0.635    23.5327 0.0000e+00
      0.447      0.001     8.0099     94.392    160.380 155.693144    15.4800    10.9384     0.2130     0.4230 1.0662e+02   314.0251      0.438      0.636    23.5329 0.0000e+00
      0.447      0.002     8.0098     94.408    160.371 155.684509    15.4800    10.9308     0.2130     0.4230 1.0799e+02   314.0553      0.438      0.636    23.5330 0.0000e+00
      0.448      0.002     8.0101     94.420    160.365 155.679621    15.6600    12.0485     0.2130     0.4230 1.0627e+02   382.8500      0.439      0.637    23.5331 0.0000e+00
      0.448      0.002     8.0108     94.430    160.362 155.677178    15.6600    12.0943     0.2130     0.4230 1.0927e+02   383.0464      0.439      0.637    23.5331 0.0000e+00
      0.449      0.002     8.0121     94.440    160.357 155.672521    15.6600    12.0714     0.2130     0.4230 1.0799e+02   382.8953      0.440      0.638    23.5332 0.0000e+00
      0.449      0.002     8.0135     94.452    160.351 155.666410    15.6600    12.0829     0.2130     0.4230 1.0927e+02   382.8651      0.440      0.639    23.5333 0.0000e+00
      0.450      0.002     8.0145     94.464    160.352 155.667237    15.7500    13.8949     0.2130     0.3807 1.0894e+02   436.1002      0.441      0.640    23.5334 0.0000e+00
      0.450      0.002     8.0153     94.477    160.358 155.673217    15.7500    13.8872     0.2130     0.3807 1.0993e+02   435.9944      0.441      0.640    23.5335 0.0000e+00
      0.450      0.002     8.0162     94.489    160.364 155.679934    15.7500    13.9101     0.2130     0.3807 1.1169e+02   436.0095      0.442      0.641    23.5336 0.0000e+00
      0.451      0.002     8.0172     94.502    160.365 155.681163    15.7500    13.9025     0.2130     0.3807 1.1070e+02   436.1455      0.442      0.641    23.5337 0.0000e+00
      0.451      0.002     8.0182     94.517    160.353 155.669219    15.7500    15.9739     0.2130     0.3807 1.1152e+02   469.4854      0.443      0.642    23.5338 0.0000e+00
      0.452      0.002     8.0193     94.529    160.338 155.654941    15.8400    15.9587     0.2130     0.2961 1.1306e+02   469.4703      0.443      0.642    23.5339 0.0000e+00
      0.452      0.002     8.0203     94.539    160.331 155.648548    15.8400    15.9472     0.2130     0.2961 1.1250e+02   469.5911      0.443      0.643    23.5340 0.0000e+00
      0.452      0.002     8.0214     94.551    160.327 155.644330    15.8400    15.9510     0.2130     0.2961 1.1323e+02   469.3343      0.444      0.644    23.5340 0.0000e+00
      0.453      0.001     8.0227     94.565    160.323 155.641160    15.8400    18.6862     0.2130     0.2961 1.1311e+02   507.6896      0.444      0.644    23.5341 0.0000e+00
      0.453      0.001     8.0237     94.579    160.324 155.642202    15.7500    18.6824     0.2130     0.4230 1.1417e+02   507.8557      0.445      0.645    23.5341 0.0000e+00
      0.454      0.001     8.0245     94.590    160.326 155.643724    15.7500    18.6748     0.2130     0.4230 1.1211e+02   507.7500      0.445      0.645    23.5341 0.0000e+00
      0.454      0.001     8.0255     94.596    160.322 155.640122    15.7500    18.6977     0.2130     0.4230 1.1559e+02   507.8104      0.445      0.646    23.5341 0.0000e+00
      0.454      0.001     8.0268     94.600    160.315 155.632440    15.7500    20.8759     0.2130     0.4230 1.1264e+02   530.7873      0.446      0.646    23.5342 0.0000e+00
      0.455      0.001     8.0279     94.604    160.307 155.624639    15.9300    20.8988     0.2556     0.3807 1.1557e+02   530.6815      0.446      0.647    23.5342 0.0000e+00
      0.455      0.001     8.0288     94.608    160.301 155.618647    15.9300    20.8835     0.2556     0.3807 1.1549e+02   530.6815      0.446      0.647    23.5342 0.0000e+00
      0.455      0.001     8.0294     94.610    160.295 155.612866    15.9300    20.8644     0.2556     0.3807 1.1719e+02   530.6362      0.447      0.647    23.5341 0.0000e+00
      0.456      0.001     8.0297     94.610    160.291 155.607759    15.9300    21.8486     0.2556     0.3807 1.1808e+02   527.4034      0.447      0.648    23.5340 0.0000e+00
      0.456      0.001     8.0301     94.611    160.291 155.607975    16.0200    21.8639     0.2556     0.3384 1.1757e+02   527.3732      0.447      0.648    23.5340 0.0000e+00
      0.456      0.001     8.0304     94.614    160.294 155.609564    16.0200    21.8448     0.2556     0.3384 1.1875e+02   527.5092      0.447      0.649    23.5339 0.0000e+00
      0.456      0.001     8.0306     94.615    160.296 155.610947    16.0200    21.8563     0.2556     0.3384 1.1826e+02   527.5847      0.448      0.649    23.5337 0.0000e+00
      0.457      0.001     8.0306     94.613    160.304 155.618502    16.0200    22.6421     0.2556     0.3384 1.2002e+02   514.9709      0.448      0.649    23.5336 0.0000e+00
      0.457      0.001     8.0308     94.611    160.317 155.630238    16.0200    22.6383     0.2556     0.3384 1.1979e+02   515.0313      0.448      0.649    23.5334 0.0000e+00
      0.457      0.001     8.0310     94.611    160.326 155.637260    16.2900    22.6345     0.2130     0.4653 1.1948e+02   514.9557      0.448      0.650    23.5332 0.0000e+00
      0.457      0.001     8.0312     94.615    160.327 155.637434    16.2900    22.6574     0.2130     0.4653 1.2013e+02   515.0313      0.448      0.650    23.5329 0.0000e+00
      0.457      0.001     8.0310     94.621    160.330 155.638822    16.2900    23.7331     0.2130     0.4653 1.2039e+02   516.3304      0.448      0.650    23.5327 0.0000e+00
      0.458      0.001     8.0308     94.627    160.334 155.641793    16.2900    23.7255     0.2130     0.4653 1.1862e+02   516.5872      0.449      0.650    23.5324 0.0000e+00
      0.458      0.001     8.0310     94.634    160.334 155.641128    16.4700    23.7293     0.2556     0.3807 1.2075e+02   516.5570      0.449      0.651    23.5321 0.0000e+00
      0.458      0.001     8.0313     94.641    160.335 155.640657    16.4700    23.7141     0.2556     0.3807 1.1617e+02   516.3909      0.449      0.651    23.5318 0.0000e+00
      0.458      0.001     8.0318     94.647    160.338 155.642259    16.4700    25.6100     0.2556     0.3807 1.1813e+02   574.7319      0.449      0.652    23.5314 0.0000e+00
      0.458      0.001     8.0324     94.657    160.341 155.644357    16.4700    25.6062     0.2556     0.3807 1.1454e+02   574.7621      0.449      0.652    23.5311 0.0000e+00
      0.459      0.001     8.0330     94.672    160.341 155.643502    16.8300    25.5909     0.2556     0.3384 1.1847e+02   574.6715      0.450      0.652    23.5308 0.0000e+00
      0.459      0.001     8.0337     94.686    160.336 155.637463    16.8300    25.6291     0.2556     0.3384 1.1420e+02   574.7017      0.450      0.653    23.5304 0.0000e+00
      0.459      0.001     8.0343     94.696    160.330 155.630642    16.8300    25.7778     0.2556     0.3384 1.1595e+02   598.7662      0.450      0.653    23.5301 0.0000e+00
      0.459      0.001     8.0352     94.704    160.326 155.625225    16.8300    25.7511     0.2556     0.3384 1.1492e+02   598.7360      0.450      0.654    23.5298 0.0000e+00
      0.460      0.001     8.0365     94.709    160.323 155.621774    16.8300    25.7855     0.2556     0.3384 1.1703e+02   598.8418      0.451      0.654    23.5294 0.0000e+00
      0.460      0.001     8.0377     94.712    160.322 155.619367    16.9200    25.8007     0.2556     0.4230 1.1363e+02   598.7662      0.451      0.654    23.5290 0.0000e+00
      0.460      0.001     8.0386     94.714    160.319 155.615359    16.9200    25.7702     0.2556     0.4230 1.1627e+02   598.8720      0.451      0.654    23.5287 0.0000e+00
      0.460      0.001     8.0393     94.717    160.314 155.608680    16.9200    25.5184     0.2556     0.4230 1.1360e+02   612.7397      0.451      0.655    23.5283 0.0000e+00
      0.460      0.001     8.0398     94.722    160.308 155.601558    16.9200    25.5490     0.2556     0.4230 1.1464e+02   612.6490      0.451      0.655    23.5280 0.0000e+00
      0.461      0.001     8.0401     94.729    160.306 155.598104    16.9200    25.4917     0.2130     0.4230 1.1358e+02   612.7699      0.452      0.655    23.5276 0.0000e+00
      0.461      0.001     8.0404     94.737    160.304 155.595393    16.9200    25.5261     0.2130     0.4230 1.1430e+02   612.7397      0.452      0.655    23.5273 0.0000e+00
      0.461      0.001     8.0407     94.744    160.298 155.588695    16.9200    24.9882     0.2130     0.4230 1.1390e+02   623.6918      0.452      0.656    23.5269 0.0000e+00
      0.461      0.000     8.0411     94.749    160.291 155.580232    16.9200    24.9653     0.2130     0.4230 1.1402e+02   623.6918      0.452      0.656    23.5265 0.0000e+00
      0.461      0.000     8.0418     94.750    160.287 155.575762    16.9200    24.9882     0.2556     0.2961 1.1326e+02   623.6465      0.452      0.656    23.5262 0.0000e+00
      0.461      0.000     8.0426     94.750    160.291 155.578100    16.9200    24.9767     0.2556     0.2961 1.1360e+02   623.5861      0.452      0.656    23.5258 0.0000e+00
      0.461      0.000     8.0432     94.749    160.298 155.583862    16.9200    24.6716     0.2556     0.2961 1.1252e+02   634.7044      0.452      0.656    23.5255 0.0000e+00
      0.461      0.000     8.0437     94.749    160.302 155.586570    16.9200    24.6792     0.2556     0.2961 1.1412e+02   634.8102      0.452      0.656    23.5251 0.0000e+00
      0.462      0.000     8.0439     94.749    160.299 155.582937    16.5600    24.6983     0.2130     0.2961 1.1255e+02   634.6742      0.453      0.657    23.5247 0.0000e+00
      0.462      0.000     8.0439     94.748    160.293 155.576002    16.5600    24.6677     0.2130     0.2961 1.1467e+02   634.6289      0.453      0.657    23.5243 0.0000e+00
      0.462      0.000     8.0439     94.747    160.290 155.571932    16.5600    24.4427     0.2130     0.2961 1.1184e+02   640.9887      0.453      0.657    23.5240 0.0000e+00
      0.462      0.000     8.0439     94.748    160.289 155.569640    16.5600    24.4350     0.2130     0.2961 1.1380e+02   640.7621      0.453      0.657    23.5236 0.0000e+00
      0.462      0.000     8.0440     94.751    160.284 155.564509    16.5600    24.4617     0.2130     0.2961 1.1242e+02   640.8376      0.453      0.657    23.5233 0.0000e+00
      0.462      0.000     8.0439     94.753    160.284 155.563185    16.5600    24.4427     0.2556     0.4230 1.1343e+02   640.8981      0.453      0.657    23.5230 0.0000e+00
      0.462      0.000     8.0439     94.755    160.292 155.569323    16.5600    23.6378     0.2556     0.4230 1.1167e+02   646.6385      0.453      0.657    23.5226 0.0000e+00
      0.462      0.000     8.0440     94.755    160.300 155.576543    16.5600    23.6568     0.2556     0.4230 1.1392e+02   646.6838      0.453      0.657    23.5223 0.0000e+00
      0.462      0.000     8.0443     94.756    160.308 155.582763    16.5600    23.6568     0.2556     0.4230 1.1080e+02   646.7140      0.453      0.657    23.5219 0.0000e+00
      0.462      0.000     8.0446     94.763    160.312 155.585636    16.4700    23.6568     0.2556     0.3807 1.1390e+02   646.7292      0.453      0.657    23.5216 0.0000e+00
      0.462 9.1651e-08     8.0447     94.772    160.309 155.581920    16.4700    23.1418     0.2556     0.3807 1.1111e+02   652.4092      0.453      0.657    23.5213 0.0000e+00
      0.462 1.1784e-07     8.0448     94.778    160.303 155.574630    16.4700    23.1876     0.2556     0.3807 1.1247e+02   652.4092      0.453      0.658    23.5210 0.0000e+00
      0.462 1.5150e-07     8.0449     94.783    160.295 155.565831    16.4700    23.1838     0.2556     0.3807 1.1174e+02   652.3790      0.453      0.658    23.5207 0.0000e+00
      0.462 1.9479e-07     8.0455     94.790    160.287 155.557184    16.4700    23.2067     0.2556     0.4230 1.1194e+02   652.4243      0.453      0.658    23.5204 0.0000e+00
      0.462 2.5045e-07     8.0464     94.800    160.285 155.554398    16.4700    22.4628     0.2556     0.4230 1.1058e+02   661.2011      0.453      0.658    23.5200 0.0000e+00
      0.462 3.2200e-07     8.0470     94.810    160.289 155.556730    16.4700    22.4285     0.2556     0.4230 1.1240e+02   661.2011      0.453      0.658    23.5197 0.0000e+00
      0.462 4.1400e-07     8.0474     94.819    160.294 155.560794    16.4700    22.4437     0.2556     0.4230 1.0932e+02   661.1709      0.453      0.658    23.5193 0.0000e+00
      0.462 5.3229e-07     8.0481     94.826    160.302 155.567673    16.4700    22.4437     0.2556     0.4230 1.1044e+02   661.1709      0.453      0.658    23.5190 0.0000e+00
      0.462 6.8437e-07     8.0490     94.828    160.309 155.573191    16.3800    21.7342     0.2130     0.2538 1.0936e+02   679.0267      0.453      0.658    23.5187 0.0000e+00
      0.462 8.7991e-07     8.0499     94.827    160.310 155.572808    16.3800    21.7266     0.2130     0.2538 1.0861e+02   679.2080      0.453      0.658    23.5183 0.0000e+00
      0.462      0.000     8.0507     94.824    160.311 155.572432    16.3800    21.7189     0.2130     0.2538 1.0936e+02   679.1476      0.453      0.658    23.5180 0.0000e+00
      0.462      0.000     8.0514     94.821    160.318 155.577975    16.3800    21.7189     0.2130     0.2538 1.0774e+02   679.1324      0.453      0.658    23.5176 0.0000e+00
      0.462      0.000     8.0516     94.821    160.326 155.584904    16.3800    21.3108     0.2130     0.3384 1.0927e+02   698.7859      0.453      0.658    23.5172 0.0000e+00
      0.462      0.000     8.0516     94.823    160.328 155.585048    16.3800    21.2917     0.2130     0.3384 1.0678e+02   698.8766      0.453      0.658    23.5168 0.0000e+00
      0.462      0.000     8.0514     94.825    160.320 155.576440    16.3800    21.2841     0.2130     0.3384 1.0625e+02   698.8614      0.453      0.658    23.5165 0.0000e+00
