Data/DataNotYetUploadedToEDI/Raw_CTD/RawDownloads/060426_ccr20_S8188012.cnv
* Sea-Bird SBE19plus  Data File:
* FileName = C:\R\Reservoirs\Data\DataNotYetUploadedToEDI\Raw_CTD\RawDownloads\062526_ccr50_S8188_0012.hex
* Software version 2.8.0.119
* Temperature SN = 8188
* Conductivity SN = 8188
* System UpLoad Time = Jun 29 2026 18:12:44
* <ApplicationData>
* <Seaterm232>
# nquan = 16
# nvalues = 2326                        
# units = specified
# name 0 = depFM: Depth [fresh water, m]
# name 1 = dz/dtM: Descent Rate [m/s]
# name 2 = sbeox0Mg/L: Oxygen, SBE 43 [mg/l]
# name 3 = sbeox0PS: Oxygen, SBE 43 [% saturation]
# name 4 = specc: Specific Conductance [uS/cm]
# name 5 = c0uS/cm: Conductivity [uS/cm]
# name 6 = wetCDOM: Fluorescence, WET Labs CDOM [mg/m^3]
# name 7 = flECO-AFL: Fluorescence, WET Labs ECO-AFL/FL [mg/m^3]
# name 8 = flECO-AFL1: Fluorescence, WET Labs ECO-AFL/FL, 2 [mg/m^3]
# name 9 = flECO-AFL2: Fluorescence, WET Labs ECO-AFL/FL, 3 [mg/m^3]
# name 10 = par/sat/log: PAR/Logarithmic, Satlantic
# name 11 = turbWETntu0: Turbidity, WET Labs ECO [NTU]
# name 12 = prdM: Pressure, Strain Gauge [db]
# name 13 = prdE: Pressure, Strain Gauge [psi]
# name 14 = tv290C: Temperature [ITS-90, deg C]
# name 15 = flag:  0.000e+00
# span 0 =     -0.399,      5.458       
# span 1 =     -0.219,      0.137       
# span 2 =     4.8555,     8.2851       
# span 3 =     54.243,     96.233       
# span 4 =   -490.418,    159.088       
# span 5 =-447.885089, 145.416897       
# span 6 =    -4.5000,    24.6600       
# span 7 =    -2.8786,     9.4469       
# span 8 =    -2.1300,     2.0874       
# span 9 =    -3.8493,     5.8797       
# span 10 = 3.0397e+01, 2.8136e+03      
# span 11 =    -4.5091,    54.2700      
# span 12 =     -0.391,      5.352      
# span 13 =     -0.567,      7.763      
# span 14 =    13.2181,    23.4448      
# span 15 = 0.0000e+00, 0.0000e+00      
# interval = seconds: 0.25
# start_time = Jun 04 2026 11:56:33 [Instrument's time stamp, header]
# bad_flag = -9.990e-29
*END*
[from data line 1537]
      5.061      0.025     7.6922     84.576    153.640 130.048590    16.2000     2.2866     0.1704     0.3807 6.3386e+01     4.1620      4.963      7.198    17.7190 0.0000e+00
      5.067      0.024     7.8507     84.353    153.473 129.649038    16.1100     2.3056     0.1704     0.3384 6.3043e+01     4.2224      4.969      7.206    17.6182 0.0000e+00
      5.073      0.024     7.9832     83.676    153.267 129.256456    16.1100     2.2904     0.1704     0.3384 6.2852e+01     4.2073      4.974      7.215    17.5130 0.0000e+00
      5.078      0.024     8.0748     82.646    153.022 128.862207    16.1100     2.3476     0.1704     0.3384 6.2824e+01     4.1922      4.980      7.223    17.4120 0.0000e+00
      5.084      0.024     8.1174     81.405    152.771 128.481227    16.1100     2.3858     0.1704     0.3384 6.2606e+01     4.2526      4.986      7.232    17.3176 0.0000e+00
      5.090      0.024     8.1097     80.115    152.514 128.105975    16.1100     2.3514     0.1278     0.3807 6.2213e+01     4.1620      4.992      7.240    17.2336 0.0000e+00
      5.096      0.024     8.0561     78.922    152.265 127.736435    16.1100     2.3552     0.1278     0.3807 6.1983e+01     4.2375      4.998      7.249    17.1623 0.0000e+00
      5.102      0.024     7.9669     77.915    152.031 127.370114    16.1100     2.4811     0.1278     0.3807 6.1634e+01     4.4943      5.004      7.257    17.1009 0.0000e+00
      5.109      0.024     7.8561     77.116    151.823 127.021380    16.1100     2.4811     0.1278     0.3807 6.1742e+01     4.3433      5.010      7.266    17.0456 0.0000e+00
      5.115      0.025     7.7400     76.520    151.647 126.703286    16.1100     2.4888     0.1704     0.3807 6.1141e+01     4.4792      5.016      7.275    16.9935 0.0000e+00
      5.121      0.025     7.6332     76.134    151.460 126.381026    16.1100     2.4811     0.1704     0.3807 6.1207e+01     4.3886      5.022      7.284    16.9406 0.0000e+00
      5.127      0.026     7.5447     75.970    151.326 126.098722    16.1100     2.6604     0.1704     0.3807 6.1141e+01     4.9324      5.028      7.293    16.8849 0.0000e+00
      5.134      0.027     7.4765     76.021    151.236 125.849117    16.1100     2.6909     0.1704     0.3807 6.0796e+01     4.9626      5.034      7.302    16.8275 0.0000e+00
      5.141      0.027     7.4275     76.259    151.038 125.507617    16.1100     2.6681     0.1704     0.3807 6.0585e+01     4.9022      5.041      7.312    16.7712 0.0000e+00
      5.148      0.028     7.3987     76.646    150.790 125.115210    16.2000     2.6452     0.1704     0.3807 6.0375e+01     4.9928      5.049      7.323    16.7164 0.0000e+00
      5.156      0.027     7.3917     77.145    150.578 124.735326    16.2000     2.9122     0.1704     0.3807 5.9129e+01     4.9928      5.056      7.333    16.6601 0.0000e+00
      5.163      0.026     7.4057     77.704    150.356 124.332682    16.2000     2.9084     0.1704     0.3807 5.8859e+01     4.9928      5.063      7.344    16.6022 0.0000e+00
      5.170      0.024     7.4382     78.263    150.151 123.947956    16.2000     2.8969     0.1704     0.3807 5.8566e+01     4.8418      5.070      7.353    16.5438 0.0000e+00
      5.176      0.022     7.4858     78.800    149.961 123.602592    16.1100     2.9084     0.1704     0.3384 5.8834e+01     4.8871      5.076      7.362    16.4818 0.0000e+00
      5.181      0.020     7.5455     79.313    149.770 123.288515    16.1100     3.2288     0.1704     0.3384 5.8744e+01     4.8720      5.081      7.369    16.4141 0.0000e+00
      5.185      0.019     7.6118     79.784    149.603 123.026000    16.1100     3.2479     0.1704     0.3384 5.8744e+01     4.9626      5.085      7.375    16.3415 0.0000e+00
      5.190      0.018     7.6781     80.165    149.452 122.805060    16.1100     3.1945     0.1704     0.3384 5.8566e+01     4.8418      5.089      7.381    16.2699 0.0000e+00
      5.194      0.017     7.7410     80.406    149.340 122.626795    15.9300     3.2593     0.1278     0.2961 5.8363e+01     4.9626      5.094      7.388    16.2071 0.0000e+00
      5.199      0.017     7.8000     80.447    149.282 122.479680    15.9300     3.3356     0.1278     0.2961 5.8059e+01     5.4158      5.098      7.394    16.1549 0.0000e+00
      5.203      0.016     7.8531     80.244    149.249 122.334484    15.9300     3.3356     0.1278     0.2961 5.7582e+01     5.4007      5.102      7.400    16.1131 0.0000e+00
      5.207      0.016     7.8959     79.812    149.211 122.178489    15.9300     3.3738     0.1278     0.2961 5.7644e+01     5.4460      5.106      7.406    16.0809 0.0000e+00
      5.211      0.016     7.9244     79.210    149.137 121.998100    15.9300     3.3394     0.1278     0.2961 5.7644e+01     5.3856      5.110      7.412    16.0521 0.0000e+00
      5.214      0.015     7.9339     78.502    149.037 121.805226    16.1100     3.4882     0.1704     0.4230 5.7494e+01     5.7784      5.114      7.417    16.0188 0.0000e+00
      5.218      0.015     7.9204     77.727    148.933 121.606446    16.1100     3.4653     0.1704     0.4230 5.7432e+01     5.9143      5.117      7.422    15.9793 0.0000e+00
      5.222      0.015     7.8847     76.874    148.816 121.380759    16.1100     3.4615     0.1704     0.4230 5.7245e+01     5.8086      5.121      7.427    15.9376 0.0000e+00
      5.226      0.016     7.8318     75.957    148.662 121.105988    16.1100     3.4806     0.1704     0.4230 5.7232e+01     5.8388      5.125      7.433    15.8974 0.0000e+00
      5.230      0.016     7.7679     75.044    148.481 120.790875    16.2900     3.5950     0.1278     0.4653 5.7158e+01     6.1409      5.129      7.438    15.8599 0.0000e+00
      5.234      0.017     7.6974     74.177    148.328 120.485414    16.2900     3.5989     0.1278     0.4653 5.6959e+01     6.2316      5.133      7.444    15.8218 0.0000e+00
      5.238      0.018     7.6199     73.326    148.219 120.214164    16.2900     3.5874     0.1278     0.4653 5.6552e+01     6.0352      5.137      7.451    15.7781 0.0000e+00
      5.243      0.019     7.5369     72.435    148.147 119.970798    16.2900     3.6065     0.1278     0.4653 5.6503e+01     6.0956      5.141      7.457    15.7277 0.0000e+00
      5.248      0.020     7.4552     71.497    148.112 119.750423    16.2900     3.7476     0.1704     0.3384 5.6577e+01     7.0775      5.146      7.464    15.6714 0.0000e+00
      5.253      0.021     7.3787     70.571    148.092 119.538274    16.2900     3.7934     0.1704     0.3384 5.6063e+01     7.1077      5.151      7.471    15.6106 0.0000e+00
      5.258      0.022     7.3036     69.732    148.071 119.333777    16.2900     3.7934     0.1704     0.3384 5.5881e+01     7.0473      5.156      7.478    15.5488 0.0000e+00
      5.264      0.023     7.2244     69.029    148.058 119.140405    16.2900     3.7934     0.1704     0.3384 5.5771e+01     7.1228      5.162      7.486    15.4866 0.0000e+00
      5.270      0.024     7.1408     68.477    148.052 118.948590    16.2000     3.7629     0.1278     0.5076 5.5469e+01     7.0473      5.168      7.495    15.4217 0.0000e+00
      5.276      0.024     7.0584     68.086    148.035 118.737182    16.2000     4.1253     0.1278     0.5076 5.5013e+01     8.5882      5.174      7.504    15.3558 0.0000e+00
      5.282      0.025     6.9840     67.866    147.998 118.503804    16.2000     4.1558     0.1278     0.5076 5.4608e+01     8.5126      5.180      7.513    15.2923 0.0000e+00
      5.289      0.024     6.9229     67.780    147.958 118.270223    16.2000     4.1444     0.1278     0.5076 5.4348e+01     8.4673      5.187      7.522    15.2306 0.0000e+00
      5.295      0.024     6.8771     67.702    147.904 118.036150    16.2000     4.1520     0.1278     0.5076 5.3854e+01     8.5126      5.193      7.532    15.1673 0.0000e+00
      5.301      0.023     6.8477     67.487    147.843 117.807165    16.2900     4.4000     0.1704     0.4653 5.3725e+01     9.2982      5.199      7.540    15.1006 0.0000e+00
      5.307      0.022     6.8358     67.059    147.782 117.588206    16.2900     4.3847     0.1704     0.4653 5.3539e+01     9.3586      5.205      7.548    15.0318 0.0000e+00
      5.313      0.020     6.8372     66.380    147.708 117.378880    16.2900     4.3732     0.1704     0.4653 5.3179e+01     9.1622      5.210      7.556    14.9638 0.0000e+00
      5.318      0.019     6.8389     65.446    147.631 117.197365    16.2900     4.3885     0.1704     0.4653 5.3191e+01     9.1622      5.215      7.563    14.8992 0.0000e+00
      5.322      0.018     6.8261     64.375    147.574 117.063256    16.2900     4.6174     0.1278     0.3807 5.2995e+01    10.4462      5.219      7.570    14.8382 0.0000e+00
      5.327      0.017     6.7912     63.355    147.530 116.962789    16.2900     4.5907     0.1278     0.3807 5.2914e+01    10.3556      5.224      7.576    14.7808 0.0000e+00
      5.331      0.016     6.7298     62.510    147.482 116.871173    16.2900     4.6174     0.1278     0.3807 5.2754e+01    10.4614      5.228      7.582    14.7298 0.0000e+00
      5.334      0.015     6.6410     61.905    147.472 116.811976    16.2900     4.6212     0.1278     0.3807 5.2696e+01    10.3254      5.231      7.587    14.6891 0.0000e+00
      5.338      0.014     6.5365     61.586    147.498 116.777413    16.4700     4.6784     0.1278     0.3807 5.2445e+01    11.2620      5.235      7.592    14.6591 0.0000e+00
      5.341      0.013     6.4362     61.515    147.500 116.716264    16.4700     4.6822     0.1278     0.3807 5.2513e+01    11.3224      5.238      7.597    14.6369 0.0000e+00
      5.345      0.013     6.3528     61.585    147.479 116.630221    16.4700     4.6746     0.1278     0.3807 5.2206e+01    11.3526      5.241      7.602    14.6187 0.0000e+00
      5.348      0.013     6.2939     61.646    147.466 116.546338    16.4700     4.6670     0.1278     0.3807 5.2093e+01    11.4584      5.244      7.606    14.6013 0.0000e+00
      5.351      0.013     6.2640     61.570    147.468 116.470244    16.4700     4.7814     0.1278     0.3807 5.2138e+01    12.0173      5.248      7.611    14.5825 0.0000e+00
      5.354      0.013     6.2598     61.319    147.460 116.377645    16.4700     4.7967     0.1704     0.3807 5.1980e+01    12.1684      5.251      7.615    14.5612 0.0000e+00
      5.357      0.013     6.2701     60.934    147.427 116.251845    16.4700     4.7814     0.1704     0.3807 5.1822e+01    12.0022      5.254      7.620    14.5378 0.0000e+00
      5.361      0.013     6.2797     60.466    147.376 116.099296    16.4700     4.8005     0.1704     0.3807 5.1608e+01    12.0173      5.257      7.625    14.5129 0.0000e+00
      5.364      0.012     6.2755     59.958    147.298 115.925313    16.4700     5.0485     0.1704     0.3807 5.1240e+01    16.1112      5.261      7.629    14.4864 0.0000e+00
      5.367      0.012     6.2538     59.480    147.220 115.759493    16.6500     5.0408     0.1704     0.4653 5.1273e+01    16.1716      5.264      7.634    14.4572 0.0000e+00
      5.370      0.011     6.2192     59.103    147.173 115.623615    16.6500     5.0294     0.1704     0.4653 5.1195e+01    16.1263      5.266      7.638    14.4234 0.0000e+00
      5.373      0.011     6.1765     58.863    147.120 115.481442    16.6500     5.0485     0.1704     0.4653 5.1407e+01    16.2622      5.269      7.642    14.3853 0.0000e+00
      5.375      0.011     6.1298     58.765    147.043 115.309057    16.6500     5.2812     0.1704     0.4653 5.1318e+01    18.9663      5.271      7.645    14.3471 0.0000e+00
      5.378      0.011     6.0856     58.775    146.975 115.124487    16.8300     5.2697     0.1278     0.5499 5.1195e+01    18.9512      5.274      7.649    14.3116 0.0000e+00
      5.381      0.011     6.0515     58.849    146.932 114.938507    16.8300     5.3155     0.1278     0.5499 5.0874e+01    18.8152      5.277      7.653    14.2780 0.0000e+00
      5.384      0.011     6.0315     58.951    146.909 114.753513    16.8300     5.2926     0.1278     0.5499 5.0697e+01    18.9663      5.280      7.657    14.2439 0.0000e+00
      5.387      0.012     6.0265     59.068    146.913 114.584161    16.8300     5.7084     0.1278     0.5499 5.0719e+01    20.0086      5.283      7.661    14.2059 0.0000e+00
      5.390      0.012     6.0335     59.193    146.960 114.457279    16.9200     5.7160     0.1278     0.4230 5.0477e+01    20.1899      5.286      7.665    14.1611 0.0000e+00
      5.392      0.012     6.0480     59.299    147.012 114.355022    16.9200     5.7237     0.1278     0.4230 5.0543e+01    20.1748      5.288      7.670    14.1094 0.0000e+00
      5.395      0.012     6.0660     59.359    147.004 114.226120    16.9200     5.7237     0.1278     0.4230 5.0543e+01    20.0539      5.291      7.674    14.0526 0.0000e+00
      5.398      0.012     6.0859     59.368    146.955 114.076193    16.9200     6.3531     0.1278     0.4230 5.0313e+01    22.3350      5.294      7.678    13.9940 0.0000e+00
      5.401      0.012     6.1063     59.332    146.914 113.933249    16.9200     6.3455     0.1278     0.4230 5.0149e+01    22.5163      5.297      7.682    13.9384 0.0000e+00
      5.404      0.012     6.1237     59.258    146.865 113.777168    16.9200     6.3417     0.1704     0.5076 4.9823e+01    22.2746      5.300      7.687    13.8898 0.0000e+00
      5.408      0.011     6.1356     59.142    146.819 113.612317    16.9200     6.3455     0.1704     0.5076 4.9737e+01    22.3199      5.303      7.691    13.8479 0.0000e+00
      5.411      0.011     6.1416     58.973    146.821 113.474725    16.9200     7.0359     0.1704     0.5076 4.9650e+01    25.3412      5.306      7.695    13.8098 0.0000e+00
      5.413      0.010     6.1429     58.737    146.839 113.345690    16.9200     6.9940     0.1704     0.5076 4.9521e+01    25.0995      5.309      7.699    13.7722 0.0000e+00
      5.416      0.009     6.1406     58.448    146.855 113.220795    17.0100     7.0092     0.1278     0.4653 4.9392e+01    25.2203      5.311      7.703    13.7320 0.0000e+00
      5.418      0.009     6.1346     58.133    146.904 113.134718    17.0100     7.0169     0.1278     0.4653 4.9381e+01    25.2808      5.314      7.706    13.6879 0.0000e+00
      5.420      0.008     6.1233     57.809    146.967 113.078499    17.0100     7.5013     0.1278     0.4653 4.9338e+01    27.4712      5.316      7.709    13.6406 0.0000e+00
      5.422      0.007     6.1054     57.489    147.018 113.033143    17.0100     7.5319     0.1278     0.4653 4.9242e+01    27.4108      5.317      7.712    13.5921 0.0000e+00
      5.423      0.006     6.0816     57.186    147.055 112.990553    17.0100     7.5090     0.1278     0.3807 4.9156e+01    27.3503      5.319      7.714    13.5453 0.0000e+00
      5.425      0.006     6.0545     56.905    147.073 112.939370    17.0100     7.5357     0.1278     0.3807 4.9263e+01    27.3201      5.320      7.716    13.5032 0.0000e+00
      5.426      0.005     6.0255     56.641    147.082 112.881941    17.0100     7.8256     0.1278     0.3807 4.9253e+01    29.3897      5.322      7.718    13.4676 0.0000e+00
      5.428      0.005     5.9960     56.379    147.098 112.830945    17.0100     7.8256     0.1278     0.3807 4.9135e+01    29.3897      5.323      7.720    13.4387 0.0000e+00
      5.429      0.004     5.9676     56.100    147.117 112.788778    17.0100     7.8256     0.1704     0.4653 4.9253e+01    29.3595      5.324      7.721    13.4146 0.0000e+00
      5.430      0.004     5.9412     55.805    147.118 112.740194    17.0100     7.8027     0.1704     0.4653 4.9146e+01    29.4048      5.325      7.723    13.3925 0.0000e+00
      5.431      0.004     5.9165     55.518    147.087 112.672237    17.0100     8.2986     0.1704     0.4653 4.9135e+01    29.5559      5.326      7.724    13.3707 0.0000e+00
      5.432      0.003     5.8920     55.252    147.031 112.588778    17.0100     8.2834     0.1704     0.4653 4.9178e+01    29.6012      5.327      7.726    13.3492 0.0000e+00
