Data/DataNotYetUploadedToEDI/Raw_CTD/RawDownloads/060426_ccr20_S8188012.cnv
* Sea-Bird SBE19plus  Data File:
* FileName = C:\R\Reservoirs\Data\DataNotYetUploadedToEDI\Raw_CTD\RawDownloads\062526_ccr50_S8188_0012.hex
* Software version 2.8.0.119
* Temperature SN = 8188
* Conductivity SN = 8188
* System UpLoad Time = Jun 29 2026 18:12:44
* <ApplicationData>
* <Seaterm232>
# nquan = 16
# nvalues = 2326                        
# units = specified
# name 0 = depFM: Depth [fresh water, m]
# name 1 = dz/dtM: Descent Rate [m/s]
# name 2 = sbeox0Mg/L: Oxygen, SBE 43 [mg/l]
# name 3 = sbeox0PS: Oxygen, SBE 43 [% saturation]
# name 4 = specc: Specific Conductance [uS/cm]
# name 5 = c0uS/cm: Conductivity [uS/cm]
# name 6 = wetCDOM: Fluorescence, WET Labs CDOM [mg/m^3]
# name 7 = flECO-AFL: Fluorescence, WET Labs ECO-AFL/FL [mg/m^3]
# name 8 = flECO-AFL1: Fluorescence, WET Labs ECO-AFL/FL, 2 [mg/m^3]
# name 9 = flECO-AFL2: Fluorescence, WET Labs ECO-AFL/FL, 3 [mg/m^3]
# name 10 = par/sat/log: PAR/Logarithmic, Satlantic
# name 11 = turbWETntu0: Turbidity, WET Labs ECO [NTU]
# name 12 = prdM: Pressure, Strain Gauge [db]
# name 13 = prdE: Pressure, Strain Gauge [psi]
# name 14 = tv290C: Temperature [ITS-90, deg C]
# name 15 = flag:  0.000e+00
# span 0 =     -0.399,      5.458       
# span 1 =     -0.219,      0.137       
# span 2 =     4.8555,     8.2851       
# span 3 =     54.243,     96.233       
# span 4 =   -490.418,    159.088       
# span 5 =-447.885089, 145.416897       
# span 6 =    -4.5000,    24.6600       
# span 7 =    -2.8786,     9.4469       
# span 8 =    -2.1300,     2.0874       
# span 9 =    -3.8493,     5.8797       
# span 10 = 3.0397e+01, 2.8136e+03      
# span 11 =    -4.5091,    54.2700      
# span 12 =     -0.391,      5.352      
# span 13 =     -0.567,      7.763      
# span 14 =    13.2181,    23.4448      
# span 15 = 0.0000e+00, 0.0000e+00      
# interval = seconds: 0.25
# start_time = Jun 04 2026 11:56:33 [Instrument's time stamp, header]
# bad_flag = -9.990e-29
*END*
[from data line 543]
      1.272      0.014     5.6043     68.411    150.302 144.888206     9.3600     0.4250     0.0426     0.1269 7.3432e+01     1.1407      1.247      1.809    23.1982 0.0000e+00
      1.276      0.014     5.6364     69.630    150.310 144.890500     9.3600     0.4212     0.0426     0.1269 7.2971e+01     1.2011      1.251      1.814    23.1976 0.0000e+00
      1.279      0.013     5.6863     70.901    150.321 144.898784     9.3600     0.4097     0.0426     0.1269 7.3688e+01     1.2313      1.254      1.819    23.1968 0.0000e+00
      1.282      0.012     5.7553     72.113    150.322 144.899246     9.3600     0.4212     0.0426     0.1269 7.3848e+01     1.2615      1.258      1.824    23.1954 0.0000e+00
      1.285      0.011     5.8444     73.210    150.309 144.888003     9.4500     0.4021     0.0852     0.0846 7.4202e+01     1.0652      1.261      1.828    23.1935 0.0000e+00
      1.288      0.010     5.9487     74.145    150.302 144.882086     9.4500     0.4173     0.0852     0.0846 7.4720e+01     1.1860      1.263      1.832    23.1916 0.0000e+00
      1.291      0.009     6.0573     74.856    150.309 144.889929     9.4500     0.4097     0.0852     0.0846 7.4331e+01     1.1860      1.266      1.836    23.1907 0.0000e+00
      1.293      0.009     6.1609     75.287    150.314 144.895600     9.4500     0.3945     0.0852     0.0846 7.4234e+01     1.3220      1.268      1.839    23.1908 0.0000e+00
      1.295      0.008     6.2546     75.410    150.318 144.902613     9.4500     0.4097     0.0852     0.0846 7.4477e+01     1.1407      1.270      1.841    23.1911 0.0000e+00
      1.297      0.008     6.3344     75.241    150.317 144.904828     9.4500     0.4173     0.0852     0.1269 7.4509e+01     1.2011      1.272      1.844    23.1914 0.0000e+00
      1.299      0.007     6.3951     74.830    150.289 144.878803     9.4500     0.3945     0.0852     0.1269 7.5062e+01     1.2162      1.274      1.847    23.1917 0.0000e+00
      1.301      0.007     6.4319     74.233    150.251 144.841632     9.4500     0.4173     0.0852     0.1269 7.5323e+01     1.1558      1.276      1.850    23.1922 0.0000e+00
      1.303      0.007     6.4423     73.492    150.243 144.831467     9.4500     0.4021     0.0852     0.1269 7.5520e+01     1.1709      1.277      1.852    23.1931 0.0000e+00
      1.304      0.007     6.4277     72.663    150.260 144.843595     9.3600     0.4708     0.0426     0.1692 7.5569e+01     1.2011      1.279      1.855    23.1941 0.0000e+00
      1.306      0.007     6.3926     71.812    150.280 144.857217     9.3600     0.4746     0.0426     0.1692 7.5274e+01     1.1709      1.281      1.857    23.1947 0.0000e+00
      1.307      0.007     6.3416     71.000    150.296 144.867955     9.3600     0.4669     0.0426     0.1692 7.5258e+01     1.1558      1.282      1.859    23.1944 0.0000e+00
      1.309      0.008     6.2784     70.270    150.312 144.878671     9.3600     0.4784     0.0426     0.1692 7.5209e+01     1.2313      1.284      1.861    23.1934 0.0000e+00
      1.311      0.009     6.2077     69.656    150.338 144.900233     9.4500     0.4173     0.0426     0.0846 7.4866e+01     1.0954      1.286      1.864    23.1919 0.0000e+00
      1.313      0.010     6.1352     69.189    150.357 144.916362     9.4500     0.4021     0.0426     0.0846 7.5094e+01     1.1407      1.288      1.867    23.1903 0.0000e+00
      1.316      0.011     6.0660     68.914    150.342 144.901316     9.4500     0.4250     0.0426     0.0846 7.5454e+01     1.1709      1.291      1.871    23.1885 0.0000e+00
      1.319      0.012     6.0039     68.859    150.316 144.877119     9.4500     0.4097     0.0426     0.0846 7.5882e+01     1.1105      1.294      1.876    23.1870 0.0000e+00
      1.322      0.012     5.9515     69.004    150.308 144.871367     9.4500     0.3792     0.0426     0.0846 7.6594e+01     1.0954      1.297      1.881    23.1858 0.0000e+00
      1.326      0.012     5.9117     69.289    150.316 144.882524     9.4500     0.3945     0.0426     0.1269 7.6994e+01     1.2313      1.300      1.886    23.1852 0.0000e+00
      1.329      0.012     5.8882     69.649    150.337 144.905555     9.4500     0.4440     0.0426     0.1269 7.7481e+01     1.2011      1.304      1.891    23.1851 0.0000e+00
      1.332      0.011     5.8834     70.016    150.351 144.920567     9.4500     0.4021     0.0426     0.1269 7.7464e+01     1.1407      1.307      1.895    23.1854 0.0000e+00
      1.335      0.011     5.8957     70.303    150.347 144.917544     9.4500     0.3945     0.0426     0.1269 7.7633e+01     1.1709      1.309      1.899    23.1861 0.0000e+00
      1.338      0.010     5.9200     70.419    150.338 144.907696     9.4500     0.4135     0.0852     0.0846 7.7599e+01     1.0954      1.312      1.903    23.1871 0.0000e+00
      1.340      0.009     5.9507     70.326    150.320 144.888396     9.4500     0.4288     0.0852     0.0846 7.7852e+01     1.2011      1.314      1.906    23.1881 0.0000e+00
      1.342      0.008     5.9820     70.038    150.306 144.872522     9.4500     0.4135     0.0852     0.0846 7.7515e+01     1.2615      1.316      1.909    23.1887 0.0000e+00
      1.344      0.008     6.0064     69.607    150.318 144.881878     9.4500     0.4021     0.0852     0.0846 7.7363e+01     1.2011      1.318      1.912    23.1887 0.0000e+00
      1.346      0.008     6.0165     69.099    150.347 144.906940     9.5400     0.4059     0.0852     0.1269 7.7145e+01     1.0954      1.320      1.914    23.1882 0.0000e+00
      1.347      0.007     6.0086     68.577    150.367 144.924352     9.5400     0.4097     0.0852     0.1269 7.7532e+01     1.1709      1.322      1.917    23.1874 0.0000e+00
      1.349      0.007     5.9841     68.108    150.370 144.924738     9.5400     0.4135     0.0852     0.1269 7.7852e+01     1.1407      1.323      1.919    23.1866 0.0000e+00
      1.351      0.007     5.9473     67.744    150.358 144.910201     9.5400     0.4822     0.0852     0.1269 7.8141e+01     1.2615      1.325      1.922    23.1858 0.0000e+00
      1.353      0.007     5.9040     67.493    150.332 144.882876     9.4500     0.4860     0.0426     0.0846 7.8464e+01     1.1256      1.327      1.925    23.1851 0.0000e+00
      1.355      0.006     5.8595     67.325    150.304 144.855501     9.4500     0.4708     0.0426     0.0846 7.8806e+01     1.1105      1.328      1.927    23.1843 0.0000e+00
      1.356      0.006     5.8195     67.214    150.297 144.848815     9.4500     0.4784     0.0426     0.0846 7.9183e+01     1.1256      1.330      1.929    23.1836 0.0000e+00
      1.358      0.006     5.7886     67.139    150.308 144.861035     9.4500     0.4212     0.0426     0.0846 7.9183e+01     1.2162      1.331      1.931    23.1828 0.0000e+00
      1.359      0.006     5.7672     67.069    150.312 144.867381     9.4500     0.4212     0.0426     0.0846 7.9321e+01     1.1860      1.333      1.933    23.1822 0.0000e+00
      1.360      0.006     5.7528     66.975    150.300 144.857531     9.5400     0.4288     0.0852     0.1269 7.9287e+01     1.2313      1.334      1.935    23.1819 0.0000e+00
      1.361      0.006     5.7433     66.845    150.273 144.832862     9.5400     0.3868     0.0852     0.1269 7.9304e+01     1.1709      1.335      1.937    23.1821 0.0000e+00
      1.363      0.006     5.7368     66.687    150.254 144.814836     9.5400     0.4326     0.0852     0.1269 7.9528e+01     1.1558      1.337      1.939    23.1826 0.0000e+00
      1.364      0.006     5.7308     66.531    150.266 144.826681     9.5400     0.3983     0.0852     0.1269 7.9407e+01     1.1256      1.338      1.941    23.1832 0.0000e+00
      1.366      0.007     5.7227     66.416    150.290 144.847526     9.5400     0.3945     0.0852     0.1692 7.9321e+01     1.2011      1.339      1.943    23.1838 0.0000e+00
      1.368      0.007     5.7115     66.361    150.313 144.866906     9.5400     0.4288     0.0852     0.1692 7.9097e+01     1.1558      1.341      1.946    23.1843 0.0000e+00
      1.370      0.007     5.6980     66.363    150.342 144.889990     9.5400     0.4364     0.0852     0.1692 7.9029e+01     1.1709      1.343      1.948    23.1844 0.0000e+00
      1.371      0.007     5.6847     66.418    150.365 144.906911     9.5400     0.4021     0.0852     0.1692 7.9114e+01     1.1256      1.345      1.951    23.1843 0.0000e+00
      1.373      0.008     5.6749     66.519    150.377 144.910164     9.4500     0.4059     0.0426     0.2115 7.9355e+01     1.0954      1.347      1.954    23.1837 0.0000e+00
      1.375      0.008     5.6703     66.633    150.376 144.900618     9.4500     0.4135     0.0426     0.2115 7.9563e+01     1.1709      1.349      1.956    23.1827 0.0000e+00
      1.377      0.008     5.6706     66.724    150.369 144.883736     9.4500     0.4593     0.0426     0.2115 7.9511e+01     1.1709      1.351      1.959    23.1813 0.0000e+00
      1.379      0.008     5.6756     66.769    150.366 144.871038     9.4500     0.5013     0.0426     0.2115 7.9649e+01     1.2011      1.352      1.962    23.1793 0.0000e+00
      1.381      0.008     5.6845     66.747    150.376 144.871154     9.4500     0.4593     0.0426     0.2115 7.9770e+01     1.2162      1.354      1.964    23.1768 0.0000e+00
      1.383      0.008     5.6946     66.647    150.386 144.872099     9.5400     0.4708     0.0426     0.0423 7.9996e+01     1.0954      1.356      1.967    23.1737 0.0000e+00
      1.385      0.007     5.7028     66.494    150.380 144.858101     9.5400     0.4708     0.0426     0.0423 7.9979e+01     1.2011      1.358      1.969    23.1703 0.0000e+00
      1.386      0.007     5.7070     66.324    150.360 144.833439     9.5400     0.4708     0.0426     0.0423 8.0153e+01     1.1709      1.360      1.972    23.1671 0.0000e+00
      1.388      0.007     5.7054     66.175    150.343 144.811563     9.5400     0.4860     0.0426     0.0423 8.0292e+01     1.1860      1.361      1.975    23.1640 0.0000e+00
      1.390      0.007     5.6972     66.080    150.332 144.798655     9.5400     0.4784     0.0852     0.1269 8.0449e+01     1.1407      1.363      1.977    23.1611 0.0000e+00
      1.392      0.007     5.6843     66.051    150.350 144.815306     9.5400     0.4021     0.0852     0.1269 8.0170e+01     1.2464      1.365      1.980    23.1586 0.0000e+00
      1.393      0.006     5.6701     66.075    150.397 144.861950     9.5400     0.4021     0.0852     0.1269 8.0066e+01     1.1256      1.367      1.982    23.1565 0.0000e+00
      1.395      0.006     5.6575     66.132    150.431 144.896954     9.5400     0.4135     0.0852     0.1269 7.9927e+01     1.1105      1.368      1.984    23.1550 0.0000e+00
      1.396      0.007     5.6495     66.196    150.430 144.899609     9.5400     0.4097     0.0426     0.0846 7.9857e+01     1.2162      1.369      1.986    23.1541 0.0000e+00
      1.398      0.007     5.6470     66.237    150.405 144.880638     9.5400     0.3945     0.0426     0.0846 7.9718e+01     1.2011      1.371      1.988    23.1539 0.0000e+00
      1.400      0.008     5.6489     66.241    150.372 144.853007     9.5400     0.4135     0.0426     0.0846 7.9805e+01     1.2011      1.373      1.991    23.1543 0.0000e+00
      1.402      0.008     5.6537     66.206    150.340 144.825369     9.5400     0.4250     0.0426     0.0846 7.9875e+01     1.1407      1.375      1.994    23.1551 0.0000e+00
      1.404      0.008     5.6590     66.137    150.327 144.814389     9.5400     0.4021     0.0426     0.0846 8.0222e+01     1.2162      1.377      1.997    23.1564 0.0000e+00
      1.407      0.008     5.6624     66.056    150.333 144.821142     9.5400     0.4135     0.0852     0.0846 8.0449e+01     1.1407      1.379      2.001    23.1579 0.0000e+00
      1.409      0.008     5.6626     65.997    150.343 144.831409     9.5400     0.3868     0.0852     0.0846 8.0222e+01     1.1860      1.382      2.004    23.1594 0.0000e+00
      1.411      0.009     5.6595     65.982    150.359 144.847927     9.5400     0.4440     0.0852     0.0846 8.0066e+01     1.1709      1.384      2.007    23.1605 0.0000e+00
      1.413      0.009     5.6536     66.039    150.373 144.863085     9.5400     0.4135     0.0852     0.0846 8.0066e+01     1.1407      1.385      2.009    23.1610 0.0000e+00
      1.415      0.009     5.6467     66.224    150.369 144.860897     9.4500     0.4135     0.0852     0.0846 8.0327e+01     1.1407      1.387      2.012    23.1612 0.0000e+00
      1.417      0.009     5.6416     66.578    150.347 144.840779     9.4500     0.4135     0.0852     0.0846 8.0624e+01     1.1407      1.390      2.016    23.1614 0.0000e+00
      1.419      0.009     5.6402     67.101    150.320 144.817395     9.4500     0.4326     0.0852     0.0846 8.0835e+01     1.1105      1.392      2.019    23.1618 0.0000e+00
      1.422      0.009     5.6450     67.770    150.299 144.800530     9.4500     0.4097     0.0852     0.0846 8.0940e+01     1.1407      1.395      2.023    23.1623 0.0000e+00
      1.425      0.009     5.6608     68.570    150.285 144.789694     9.4500     0.4784     0.0426     0.2115 8.0888e+01     1.1407      1.397      2.027    23.1629 0.0000e+00
      1.427      0.008     5.6910     69.455    150.288 144.794013     9.4500     0.4746     0.0426     0.2115 8.0800e+01     1.1407      1.399      2.030    23.1635 0.0000e+00
      1.429      0.008     5.7355     70.335    150.296 144.802622     9.4500     0.4708     0.0426     0.2115 8.0414e+01     1.1105      1.401      2.033    23.1642 0.0000e+00
      1.431      0.007     5.7927     71.109    150.291 144.797790     9.4500     0.4593     0.0426     0.2115 8.0467e+01     1.0954      1.403      2.035    23.1652 0.0000e+00
      1.432      0.007     5.8609     71.718    150.283 144.790245     9.4500     0.4059     0.0426     0.1269 8.0414e+01     1.1256      1.405      2.037    23.1660 0.0000e+00
      1.434      0.006     5.9365     72.142    150.267 144.773968     9.4500     0.4250     0.0426     0.1269 8.0870e+01     1.2011      1.406      2.040    23.1666 0.0000e+00
      1.436      0.006     6.0117     72.396    150.224 144.732604     9.4500     0.4326     0.0426     0.1269 8.0747e+01     1.2464      1.408      2.042    23.1668 0.0000e+00
      1.437      0.006     6.0779     72.506    150.157 144.667137     9.4500     0.4021     0.0426     0.1269 8.1558e+01     1.2011      1.409      2.044    23.1668 0.0000e+00
      1.439      0.005     6.1299     72.492    150.050 144.564116     9.4500     0.4212     0.0426     0.1269 8.1081e+01     1.1256      1.411      2.046    23.1667 0.0000e+00
      1.440      0.005     6.1662     72.366    149.897 144.416095     9.2700     0.4173     0.0852     0.1692 8.1116e+01     1.1860      1.412      2.048    23.1666 0.0000e+00
      1.441      0.005     6.1879     72.147    149.673 144.199625     9.2700     0.4021     0.0852     0.1692 8.0923e+01     1.1407      1.413      2.050    23.1665 0.0000e+00
      1.442      0.005     6.1974     71.855    149.281 143.820931     9.2700     0.4021     0.0852     0.1692 8.1346e+01     1.0954      1.414      2.051    23.1664 0.0000e+00
      1.443      0.005     6.1961     71.500    148.595 143.159000     9.2700     0.4860     0.0852     0.1692 8.1647e+01     1.2313      1.415      2.053    23.1663 0.0000e+00
      1.445      0.005     6.1854     71.095    147.437 142.041322     9.4500     0.4708     0.0426     0.0846 8.1771e+01     1.2313      1.417      2.055    23.1661 0.0000e+00
      1.446      0.005     6.1667     70.653    145.483 140.157835     9.4500     0.4860     0.0426     0.0846 8.1753e+01     1.1709      1.418      2.057    23.1658 0.0000e+00
      1.448      0.005     6.1417     70.192    142.206 136.998262     9.4500     0.5089     0.0426     0.0846 8.1665e+01     1.2162      1.419      2.059    23.1655 0.0000e+00
