Data/DataNotYetUploadedToEDI/Raw_CTD/RawDownloads/060426_ccr30_S8188013.cnv
* Sea-Bird SBE19plus  Data File:
* FileName = C:\R\Reservoirs\Data\DataNotYetUploadedToEDI\Raw_CTD\RawDownloads\062526_ccr50_S8188_0013.hex
* Software version 2.8.0.119
* Temperature SN = 8188
* Conductivity SN = 8188
* System UpLoad Time = Jun 29 2026 18:13:05
* <ApplicationData>
* <Seaterm232>
# nquan = 16
# nvalues = 1338                        
# units = specified
# name 0 = depFM: Depth [fresh water, m]
# name 1 = dz/dtM: Descent Rate [m/s]
# name 2 = sbeox0Mg/L: Oxygen, SBE 43 [mg/l]
# name 3 = sbeox0PS: Oxygen, SBE 43 [% saturation]
# name 4 = specc: Specific Conductance [uS/cm]
# name 5 = c0uS/cm: Conductivity [uS/cm]
# name 6 = wetCDOM: Fluorescence, WET Labs CDOM [mg/m^3]
# name 7 = flECO-AFL: Fluorescence, WET Labs ECO-AFL/FL [mg/m^3]
# name 8 = flECO-AFL1: Fluorescence, WET Labs ECO-AFL/FL, 2 [mg/m^3]
# name 9 = flECO-AFL2: Fluorescence, WET Labs ECO-AFL/FL, 3 [mg/m^3]
# name 10 = par/sat/log: PAR/Logarithmic, Satlantic
# name 11 = turbWETntu0: Turbidity, WET Labs ECO [NTU]
# name 12 = prdM: Pressure, Strain Gauge [db]
# name 13 = prdE: Pressure, Strain Gauge [psi]
# name 14 = tv290C: Temperature [ITS-90, deg C]
# name 15 = flag:  0.000e+00
# span 0 =     -0.403,     10.526       
# span 1 =     -0.183,      0.133       
# span 2 =     5.6061,    10.8353       
# span 3 =     65.664,    105.713       
# span 4 =   -642.626,    160.711       
# span 5 =-475.558773, 145.279450       
# span 6 =    -4.5000,    16.3800       
# span 7 =    -2.4514,   245.1530       
# span 8 =    -3.4080,     0.1704       
# span 9 =    -3.5532,    13.2822       
# span 10 = 7.5182e+00, 2.7459e+03      
# span 11 =    -7.2132,    22.1537      
# span 12 =     -0.395,     10.322      
# span 13 =     -0.573,     14.971      
# span 14 =    11.9852,    23.9520      
# span 15 = 0.0000e+00, 0.0000e+00      
# interval = seconds: 0.25
# start_time = Jun 04 2026 12:12:09 [Instrument's time stamp, header]
# bad_flag = -9.990e-29
*END*
[from data line 181]
      0.206      0.005     7.8899     93.065    148.060 143.870424     8.5500     0.1846     0.0426     0.0846 6.9852e+01     0.9594      0.202      0.293    23.5923 0.0000e+00
      0.207      0.005     7.8899     93.085    148.049 143.852120     8.5500     0.1503     0.0426     0.0846 7.0615e+01     0.9443      0.203      0.295    23.5882 0.0000e+00
      0.208      0.005     7.8900     93.104    148.039 143.835324     8.5500     0.1427     0.0852     0.1269 6.7114e+01     0.9443      0.204      0.296    23.5848 0.0000e+00
      0.210      0.006     7.8910     93.118    148.043 143.831576     8.5500     0.1427     0.0852     0.1269 7.0493e+01     0.9292      0.205      0.298    23.5821 0.0000e+00
      0.211      0.006     7.8929     93.138    148.059 143.839879     8.5500     0.1770     0.0852     0.1269 7.1309e+01     0.8537      0.207      0.301    23.5796 0.0000e+00
      0.213      0.007     7.8949     93.175    148.076 143.850428     8.5500     0.1846     0.0852     0.1269 6.8306e+01     1.0047      0.209      0.303    23.5771 0.0000e+00
      0.215      0.007     7.8969     93.212    148.092 143.858027     8.4600     0.1465     0.0852     0.1692 7.3864e+01     0.8688      0.210      0.306    23.5745 0.0000e+00
      0.217      0.007     7.8986     93.234    148.115 143.868707     8.4600     0.1579     0.0852     0.1692 7.2120e+01     0.9443      0.212      0.308    23.5720 0.0000e+00
      0.218      0.008     7.9006     93.248    148.148 143.885318     8.4600     0.1694     0.0852     0.1692 7.2702e+01     1.0047      0.214      0.311    23.5697 0.0000e+00
      0.220      0.008     7.9040     93.262    148.186 143.900270     8.4600     0.1846     0.0852     0.1692 6.9580e+01     0.8839      0.216      0.313    23.5674 0.0000e+00
      0.222      0.009     7.9076     93.282    148.226 143.913546     8.4600     0.1503     0.0852     0.1692 7.3896e+01     0.9292      0.218      0.317    23.5648 0.0000e+00
      0.225      0.010     7.9100     93.313    148.265 143.928683     8.6400     0.1503     0.0852     0.1269 7.9046e+01     1.0198      0.220      0.320    23.5611 0.0000e+00
      0.227      0.011     7.9120     93.350    148.292 143.941705     8.6400     0.1618     0.0852     0.1269 7.3448e+01     0.9443      0.223      0.324    23.5558 0.0000e+00
      0.230      0.012     7.9143     93.389    148.308 143.956085     8.6400     0.1503     0.0852     0.1269 6.8336e+01     0.9745      0.226      0.327    23.5484 0.0000e+00
      0.233      0.014     7.9173     93.429    148.313 143.975655     8.6400     0.1427     0.0852     0.1269 6.1782e+01     0.8990      0.229      0.332    23.5397 0.0000e+00
      0.237      0.015     7.9210     93.464    148.300 143.993619     8.5500     0.1694     0.0852     0.0846 6.3926e+01     0.9141      0.233      0.338    23.5320 0.0000e+00
      0.241      0.015     7.9249     93.494    148.260 144.002753     8.5500     0.1656     0.0852     0.0846 6.7260e+01     0.8235      0.237      0.344    23.5274 0.0000e+00
      0.245      0.016     7.9281     93.530    148.200 144.001491     8.5500     0.1427     0.0852     0.0846 6.7921e+01     1.0047      0.241      0.350    23.5273 0.0000e+00
      0.250      0.016     7.9308     93.574    148.141 143.993505     8.5500     0.1579     0.0852     0.0846 7.0080e+01     0.9141      0.245      0.356    23.5322 0.0000e+00
      0.254      0.016     7.9323     93.622    148.111 143.992693     8.4600     0.1427     0.0426     0.1269 7.2339e+01     0.9594      0.249      0.362    23.5426 0.0000e+00
      0.258      0.015     7.9324     93.672    148.117 144.002845     8.4600     0.1808     0.0426     0.1269 6.8918e+01     0.9594      0.253      0.368    23.5587 0.0000e+00
      0.263      0.014     7.9325     93.725    148.141 144.010645     8.4600     0.1618     0.0426     0.1269 6.7759e+01     0.8839      0.257      0.374    23.5779 0.0000e+00
      0.266      0.013     7.9338     93.778    148.171 144.014167     8.4600     0.1732     0.0426     0.1269 7.8158e+01     0.8990      0.261      0.379    23.5945 0.0000e+00
      0.270      0.012     7.9365     93.827    148.201 144.018352     8.4600     0.1732     0.0426     0.1269 7.4834e+01     0.9896      0.264      0.383    23.6042 0.0000e+00
      0.272      0.010     7.9405     93.867    148.226 144.020310     8.5500     0.1732     0.0852     0.0423 7.5487e+01     0.9443      0.267      0.387    23.6057 0.0000e+00
      0.275      0.009     7.9458     93.893    148.241 144.016557     8.5500     0.1541     0.0852     0.0423 7.4477e+01     0.9141      0.269      0.391    23.6002 0.0000e+00
      0.277      0.007     7.9516     93.904    148.245 144.010094     8.5500     0.1579     0.0852     0.0423 7.1031e+01     0.9292      0.271      0.394    23.5917 0.0000e+00
      0.279      0.006     7.9570     93.902    148.242 144.003204     8.5500     0.1656     0.0852     0.0423 6.4821e+01     0.8688      0.273      0.396    23.5832 0.0000e+00
      0.280      0.004     7.9616     93.891    148.231 143.994049     8.5500     0.1732     0.0426     0.0846 7.0585e+01     0.6573      0.274      0.398    23.5756 0.0000e+00
      0.281      0.003     7.9646     93.871    148.221 143.988200     8.5500     0.1656     0.0426     0.0846 6.5729e+01     0.6724      0.275      0.399    23.5695 0.0000e+00
      0.281      0.002     7.9661     93.847    148.220 143.992108     8.5500     0.1618     0.0426     0.0846 6.5344e+01     0.6422      0.276      0.400    23.5658 0.0000e+00
      0.282      0.001     7.9662     93.821    148.223 143.998805     8.5500     0.1618     0.0426     0.0846 6.4037e+01     0.7479      0.276      0.400    23.5645 0.0000e+00
      0.282      0.000     7.9651     93.797    148.220 143.998060     8.5500     0.1579     0.0426     0.0846 6.4260e+01     0.9141      0.276      0.400    23.5651 0.0000e+00
      0.282     -0.001     7.9631     93.779    148.206 143.985670     8.5500     0.1961     0.0426     0.0846 6.4976e+01     0.8990      0.276      0.400    23.5667 0.0000e+00
      0.281     -0.002     7.9608     93.766    148.189 143.966342     8.5500     0.1923     0.0426     0.0846 6.2620e+01     0.8990      0.276      0.400    23.5681 0.0000e+00
      0.281     -0.002     7.9585     93.755    148.179 143.950943     8.5500     0.1503     0.0426     0.0846 6.6144e+01     0.8688      0.275      0.399    23.5692 0.0000e+00
      0.280     -0.003     7.9563     93.741    148.180 143.943377     8.6400     0.1694     0.0852     0.1692 6.4107e+01     0.9292      0.275      0.398    23.5702 0.0000e+00
      0.279     -0.003     7.9548     93.721    148.186 143.937620     8.6400     0.1656     0.0852     0.1692 6.3318e+01     1.0047      0.274      0.397    23.5705 0.0000e+00
      0.278     -0.002     7.9538     93.693    148.192 143.932136     8.6400     0.1656     0.0852     0.1692 6.4512e+01     0.9896      0.273      0.395    23.5697 0.0000e+00
      0.277     -0.001     7.9531     93.664    148.204 143.933474     8.6400     0.1885     0.0852     0.1692 6.1127e+01     0.8990      0.272      0.394    23.5679 0.0000e+00
      0.277      0.001     7.9524     93.642    148.221 143.941989     8.6400     0.2190     0.0852     0.1692 6.2511e+01     0.8990      0.272      0.394    23.5649 0.0000e+00
      0.278      0.003     7.9512     93.633    148.232 143.947935     8.6400     0.2266     0.0426     0.0846 6.0178e+01     0.8839      0.272      0.395    23.5611 0.0000e+00
      0.279      0.006     7.9494     93.641    148.226 143.940883     8.6400     0.2609     0.0426     0.0846 5.9052e+01     0.9594      0.274      0.397    23.5573 0.0000e+00
      0.281      0.008     7.9475     93.669    148.205 143.922956     8.6400     0.2571     0.0426     0.0846 5.9813e+01     0.9594      0.276      0.399    23.5539 0.0000e+00
      0.283      0.009     7.9461     93.718    148.184 143.909400     8.6400     0.1541     0.0426     0.0846 5.8110e+01     0.8839      0.278      0.403    23.5511 0.0000e+00
      0.286      0.011     7.9456     93.784    148.172 143.908616     8.6400     0.1808     0.0852     0.0846 6.1607e+01     1.0047      0.281      0.407    23.5494 0.0000e+00
      0.289      0.012     7.9463     93.855    148.167 143.916392     8.6400     0.1579     0.0852     0.0846 6.1688e+01     0.9745      0.284      0.412    23.5490 0.0000e+00
      0.292      0.012     7.9485     93.924    148.165 143.926792     8.6400     0.1541     0.0852     0.0846 5.9813e+01     0.9745      0.287      0.416    23.5498 0.0000e+00
      0.296      0.012     7.9524     93.989    148.163 143.934577     8.6400     0.1808     0.0852     0.0846 6.2633e+01     0.8688      0.290      0.421    23.5521 0.0000e+00
      0.299      0.012     7.9574     94.048    148.163 143.941825     8.6400     0.1808     0.0426     0.0846 5.8084e+01     0.8537      0.293      0.426    23.5558 0.0000e+00
      0.302      0.011     7.9627     94.097    148.169 143.950470     8.6400     0.1541     0.0426     0.0846 6.3221e+01     0.8386      0.297      0.430    23.5601 0.0000e+00
      0.305      0.010     7.9680     94.137    148.174 143.954806     8.6400     0.1618     0.0426     0.0846 6.2267e+01     0.9141      0.299      0.434    23.5640 0.0000e+00
      0.307      0.009     7.9731     94.169    148.174 143.951984     8.6400     0.2228     0.0426     0.0846 6.0178e+01     0.9443      0.301      0.437    23.5673 0.0000e+00
      0.309      0.008     7.9777     94.190    148.169 143.945255     8.6400     0.2113     0.0426     0.0846 6.3732e+01     0.9745      0.303      0.440    23.5698 0.0000e+00
      0.311      0.006     7.9817     94.201    148.169 143.944842     8.6400     0.2190     0.0426     0.1269 6.0100e+01     0.8083      0.305      0.442    23.5709 0.0000e+00
      0.313      0.005     7.9852     94.206    148.178 143.954640     8.6400     0.2190     0.0426     0.1269 6.3718e+01     1.0198      0.306      0.445    23.5706 0.0000e+00
      0.314      0.005     7.9880     94.207    148.189 143.965246     8.6400     0.2228     0.0426     0.1269 6.1114e+01     0.9443      0.308      0.446    23.5695 0.0000e+00
      0.315      0.004     7.9899     94.203    148.198 143.971478     8.6400     0.2190     0.0426     0.1269 6.2253e+01     0.9745      0.309      0.448    23.5689 0.0000e+00
      0.316      0.003     7.9908     94.193    148.206 143.974996     8.5500     0.2228     0.0852     0.0846 6.1114e+01     0.9594      0.309      0.449    23.5689 0.0000e+00
      0.316      0.002     7.9912     94.175    148.208 143.972735     8.5500     0.2304     0.0852     0.0846 6.2865e+01     0.8990      0.310      0.450    23.5692 0.0000e+00
      0.317      0.002     7.9913     94.154    148.205 143.964091     8.5500     0.1732     0.0852     0.0846 5.9684e+01     0.9292      0.310      0.450    23.5690 0.0000e+00
      0.317      0.002     7.9911     94.137    148.200 143.954768     8.5500     0.1656     0.0852     0.0846 6.4316e+01     0.9594      0.311      0.451    23.5683 0.0000e+00
      0.317      0.002     7.9904     94.128    148.201 143.950292     8.5500     0.1808     0.0852     0.0846 6.1114e+01     0.8688      0.311      0.451    23.5670 0.0000e+00
      0.318      0.002     7.9892     94.123    148.208 143.953473     8.5500     0.1579     0.0852     0.0846 6.1835e+01     0.9141      0.312      0.452    23.5654 0.0000e+00
      0.318      0.002     7.9877     94.121    148.219 143.961154     8.5500     0.2304     0.0852     0.0846 6.3276e+01     0.9594      0.312      0.453    23.5637 0.0000e+00
      0.319      0.002     7.9865     94.125    148.227 143.967373     8.5500     0.2648     0.0852     0.0846 6.1943e+01     0.8990      0.313      0.453    23.5620 0.0000e+00
      0.319      0.002     7.9859     94.133    148.225 143.965778     8.5500     0.2304     0.0852     0.2115 6.4920e+01     0.8235      0.313      0.454    23.5604 0.0000e+00
      0.320      0.002     7.9857     94.141    148.213 143.955943     8.5500     0.2190     0.0852     0.2115 6.2037e+01     0.9594      0.314      0.455    23.5590 0.0000e+00
      0.320      0.002     7.9857     94.149    148.195 143.943256     8.5500     0.2381     0.0852     0.2115 6.2362e+01     0.9443      0.314      0.456    23.5580 0.0000e+00
      0.321      0.001     7.9861     94.162    148.179 143.932345     8.5500     0.2190     0.0852     0.2115 6.3566e+01     0.8839      0.315      0.456    23.5574 0.0000e+00
      0.321      0.001     7.9868     94.180    148.167 143.924306     8.5500     0.2419     0.0852     0.2115 6.1715e+01     0.8990      0.315      0.457    23.5575 0.0000e+00
      0.322      0.000     7.9873     94.195    148.160 143.921000     8.4600     0.2266     0.0852     0.1692 6.0968e+01     0.9443      0.315      0.457    23.5583 0.0000e+00
      0.322     -0.002     7.9878     94.197    148.163 143.929557     8.4600     0.2419     0.0852     0.1692 6.3057e+01     0.9896      0.316      0.458    23.5597 0.0000e+00
      0.321     -0.003     7.9886     94.182    148.175 143.948254     8.4600     0.2266     0.0852     0.1692 6.1035e+01     0.9896      0.315      0.457    23.5612 0.0000e+00
      0.320     -0.004     7.9900     94.153    148.187 143.966056     8.4600     0.2304     0.0852     0.1692 6.4023e+01     1.0047      0.314      0.455    23.5625 0.0000e+00
      0.318     -0.004     7.9911     94.115    148.192 143.975694     8.6400     0.2495     0.1278     0.0846 6.1835e+01     0.8839      0.312      0.453    23.5638 0.0000e+00
      0.316     -0.004     7.9910     94.075    148.188 143.975734     8.6400     0.1923     0.1278     0.0846 6.3940e+01     0.8990      0.310      0.450    23.5657 0.0000e+00
      0.315     -0.002     7.9894     94.041    148.178 143.970191     8.6400     0.2304     0.1278     0.0846 6.4190e+01     1.0047      0.309      0.448    23.5679 0.0000e+00
      0.315      0.000     7.9866     94.020    148.165 143.961593     8.6400     0.2304     0.1278     0.0846 6.5344e+01     0.9594      0.309      0.448    23.5700 0.0000e+00
      0.315      0.001     7.9831     94.018    148.155 143.955658     8.6400     0.2113     0.0426     0.0846 6.4246e+01     0.9594      0.309      0.448    23.5717 0.0000e+00
      0.316      0.003     7.9795     94.032    148.159 143.962820     8.6400     0.2190     0.0426     0.0846 6.2457e+01     0.9594      0.310      0.450    23.5730 0.0000e+00
      0.318      0.004     7.9764     94.054    148.173 143.976977     8.6400     0.2304     0.0426     0.0846 6.2443e+01     0.9594      0.311      0.452    23.5743 0.0000e+00
      0.319      0.005     7.9745     94.083    148.179 143.981878     8.6400     0.2495     0.0426     0.0846 6.2321e+01     0.8990      0.313      0.454    23.5758 0.0000e+00
      0.321      0.006     7.9741     94.115    148.175 143.974825     8.6400     0.2304     0.0426     0.0846 6.3469e+01     0.9745      0.314      0.456    23.5771 0.0000e+00
      0.322      0.007     7.9751     94.144    148.172 143.965953     8.6400     0.1656     0.0426     0.0846 6.3621e+01     0.9443      0.316      0.458    23.5781 0.0000e+00
      0.324      0.007     7.9770     94.169    148.174 143.960906     8.6400     0.1732     0.0426     0.0846 6.1541e+01     0.8990      0.318      0.461    23.5785 0.0000e+00
      0.326      0.008     7.9795     94.193    148.180 143.958339     8.6400     0.1846     0.0426     0.0846 6.1809e+01     0.8990      0.320      0.463    23.5782 0.0000e+00
      0.328      0.008     7.9824     94.220    148.193 143.961571     8.6400     0.1694     0.0426     0.0846 6.2051e+01     1.0500      0.322      0.466    23.5770 0.0000e+00
      0.330      0.009     7.9851     94.248    148.210 143.971464     8.5500     0.1618     0.0426     0.0423 6.2051e+01     0.9141      0.324      0.470    23.5751 0.0000e+00
      0.332      0.010     7.9875     94.272    148.227 143.982644     8.5500     0.1732     0.0426     0.0423 6.1314e+01     0.9594      0.326      0.473    23.5726 0.0000e+00
