Data/DataNotYetUploadedToEDI/Raw_CTD/RawDownloads/060523_fcr50_S8188001.cnv
* Sea-Bird SBE19plus  Data File:
* FileName = C:\R\Reservoirs\Data\DataNotYetUploadedToEDI\Raw_CTD\RawDownloads\060523_fcr50_S8188_0001.hex
* Software version 2.8.0.119
* Temperature SN = 8188
* Conductivity SN = 8188
* System UpLoad Time = Jun 12 2023 14:46:59
* <ApplicationData>
* <Seaterm232>
# nquan = 16
# nvalues = 2265                        
# units = specified
# name 0 = depFM: Depth [fresh water, m]
# name 1 = dz/dtM: Descent Rate [m/s]
# name 2 = sbeox0Mg/L: Oxygen, SBE 43 [mg/l]
# name 3 = sbeox0PS: Oxygen, SBE 43 [% saturation]
# name 4 = specc: Specific Conductance [uS/cm]
# name 5 = c0uS/cm: Conductivity [uS/cm]
# name 6 = wetCDOM: Fluorescence, WET Labs CDOM [mg/m^3]
# name 7 = flECO-AFL: Fluorescence, WET Labs ECO-AFL/FL [mg/m^3]
# name 8 = flECO-AFL1: Fluorescence, WET Labs ECO-AFL/FL, 2 [mg/m^3]
# name 9 = flECO-AFL2: Fluorescence, WET Labs ECO-AFL/FL, 3 [mg/m^3]
# name 10 = par/sat/log: PAR/Logarithmic, Satlantic
# name 11 = turbWETntu0: Turbidity, WET Labs ECO [NTU]
# name 12 = prdM: Pressure, Strain Gauge [db]
# name 13 = prdE: Pressure, Strain Gauge [psi]
# name 14 = tv290C: Temperature [ITS-90, deg C]
# name 15 = flag:  0.000e+00
# span 0 =     -0.674,      9.601       
# span 1 =     -0.194,      0.172       
# span 2 =    -2.8744,    14.8654       
# span 3 =    -25.517,    153.260       
# span 4 =      0.416,    398.815       
# span 5 =   0.387978, 279.893782       
# span 6 =    -4.5000,     5.4900       
# span 7 =    -1.9771,     8.4753       
# span 8 =    -2.1300,     1.0650       
# span 9 =    -2.0304,     6.9795       
# span 10 = 1.1592e-01, 1.9286e+03      
# span 11 =    -3.6398,   966.5104      
# span 12 =     -0.661,      9.415      
# span 13 =     -0.959,     13.656      
# span 14 =    10.0507,    21.6403      
# span 15 = 0.0000e+00, 0.0000e+00      
# interval = seconds: 0.25
# start_time = Jun 05 2023 09:51:47 [Instrument's time stamp, header]
# bad_flag = -9.990e-29
*END*
[from data line 814]
      5.019      0.026    10.8231     96.352     41.962  29.526226     3.6900     0.3232     0.0426     0.0846 2.0112e+00     2.2370      4.921      7.138    10.1809 0.0000e+00
      5.025      0.026    10.8253     96.352     41.978  29.538661     3.6900     0.2927     0.0426     0.0846 1.9791e+00     2.2219      4.928      7.147    10.1812 0.0000e+00
      5.031      0.026    10.8272     96.352     41.995  29.552484     3.6900     0.3308     0.0426     0.0846 1.9616e+00     2.3422      4.934      7.156    10.1801 0.0000e+00
      5.038      0.026    10.8286     96.353     42.003  29.559501     3.6900     0.2736     0.0426     0.0846 1.9731e+00     2.1768      4.940      7.165    10.1792 0.0000e+00
      5.044      0.026    10.8290     96.351     41.998  29.557624     3.6900     0.3041     0.0426     0.0846 1.9817e+00     2.2069      4.947      7.175    10.1793 0.0000e+00
      5.051      0.026    10.8287     96.343     41.986  29.550312     3.6900     0.3156     0.0426     0.0846 1.9224e+00     2.2370      4.954      7.184    10.1808 0.0000e+00
      5.058      0.027    10.8281     96.327     41.969  29.539575     3.6900     0.3423     0.0426     0.0846 1.9379e+00     2.3271      4.960      7.194    10.1831 0.0000e+00
      5.065      0.027    10.8276     96.303     41.950  29.526510     3.6900     0.3308     0.0426     0.0846 1.9429e+00     2.2069      4.967      7.204    10.1856 0.0000e+00
      5.072      0.027    10.8269     96.278     41.947  29.523473     3.6900     0.3003     0.0426     0.0846 1.9203e+00     2.1919      4.974      7.214    10.1874 0.0000e+00
      5.079      0.028    10.8256     96.261     41.963  29.533614     3.6900     0.2812     0.0426     0.0846 1.9086e+00     2.3271      4.981      7.224    10.1888 0.0000e+00
      5.086      0.028    10.8235     96.252     41.978  29.543796     3.6900     0.3156     0.0426     0.0846 1.9400e+00     2.3271      4.988      7.233    10.1899 0.0000e+00
      5.093      0.029    10.8208     96.247     41.985  29.548816     3.6900     0.3156     0.0426     0.0846 1.8700e+00     2.3572      4.995      7.244    10.1902 0.0000e+00
      5.101      0.030    10.8181     96.239     41.986  29.550012     3.6900     0.3346     0.0852     0.0846 1.8631e+00     2.1167      5.002      7.255    10.1894 0.0000e+00
      5.109      0.031    10.8165     96.229     41.986  29.551662     3.6900     0.3079     0.0852     0.0846 1.8672e+00     2.2370      5.010      7.267    10.1882 0.0000e+00
      5.117      0.031    10.8158     96.217     41.992  29.558168     3.6900     0.3079     0.0852     0.0846 1.8563e+00     2.2520      5.019      7.278    10.1874 0.0000e+00
      5.125      0.031    10.8152     96.204     42.001  29.567304     3.6900     0.3194     0.0852     0.0846 1.8567e+00     2.2069      5.027      7.290    10.1874 0.0000e+00
      5.133      0.031    10.8141     96.195     42.002  29.569626     3.6900     0.2927     0.0426     0.1269 1.8406e+00     2.2370      5.034      7.301    10.1881 0.0000e+00
      5.141      0.031    10.8126     96.194     41.991  29.561794     3.6900     0.3079     0.0426     0.1269 1.8306e+00     2.3422      5.042      7.312    10.1899 0.0000e+00
      5.149      0.031    10.8105     96.204     41.984  29.553599     3.6900     0.3461     0.0426     0.1269 1.8450e+00     2.2520      5.050      7.324    10.1927 0.0000e+00
      5.157      0.030    10.8082     96.227     41.985  29.550776     3.6900     0.2965     0.0426     0.1269 1.8450e+00     2.2971      5.058      7.335    10.1959 0.0000e+00
      5.165      0.028    10.8067     96.263     41.991  29.552572     3.6900     0.3308     0.0426     0.1269 1.7796e+00     2.2219      5.065      7.346    10.1978 0.0000e+00
      5.173      0.026    10.8067     96.298     42.001  29.559466     3.6900     0.2927     0.0426     0.1269 1.7619e+00     2.2069      5.073      7.357    10.1973 0.0000e+00
      5.179      0.024    10.8086     96.330     42.017  29.573295     3.6900     0.3232     0.0426     0.1269 1.7361e+00     2.2520      5.080      7.367    10.1942 0.0000e+00
      5.185      0.021    10.8122     96.362     42.029  29.585868     3.6900     0.3346     0.0426     0.1269 1.7531e+00     2.1618      5.085      7.376    10.1901 0.0000e+00
      5.190      0.019    10.8169     96.397     42.021  29.584698     3.6900     0.2851     0.0426     0.1269 1.7638e+00     2.3572      5.090      7.382    10.1873 0.0000e+00
      5.194      0.017    10.8210     96.440     42.005  29.577393     3.6900     0.3041     0.0426     0.0846 1.7669e+00     2.2370      5.094      7.388    10.1869 0.0000e+00
      5.198      0.015    10.8240     96.490     41.996  29.573884     3.6900     0.3079     0.0426     0.0846 1.7384e+00     2.1919      5.097      7.393    10.1895 0.0000e+00
      5.201      0.014    10.8262     96.541     41.992  29.573237     3.6900     0.3232     0.0426     0.0846 1.7570e+00     2.2670      5.100      7.397    10.1945 0.0000e+00
      5.204      0.014    10.8288     96.593     41.992  29.575279     3.6900     0.2927     0.0426     0.0846 1.7252e+00     2.2971      5.104      7.402    10.1999 0.0000e+00
      5.207      0.014    10.8326     96.640     41.997  29.580554     3.6900     0.2927     0.0852     0.1269 1.7616e+00     2.2370      5.107      7.407    10.2043 0.0000e+00
      5.211      0.015    10.8372     96.668     42.005  29.586509     3.6900     0.3079     0.0852     0.1269 1.7410e+00     2.2219      5.110      7.412    10.2077 0.0000e+00
      5.215      0.016    10.8423     96.671     42.007  29.586812     3.6900     0.3079     0.0852     0.1269 1.7452e+00     2.2971      5.114      7.417    10.2106 0.0000e+00
      5.219      0.017    10.8476     96.653     42.001  29.581545     3.6900     0.2507     0.0852     0.1269 1.7425e+00     2.0115      5.118      7.423    10.2130 0.0000e+00
      5.223      0.018    10.8525     96.618     41.990  29.573262     3.6900     0.2316     0.0426     0.1269 1.7002e+00     2.0115      5.122      7.429    10.2146 0.0000e+00
      5.228      0.019    10.8554     96.567     41.977  29.563715     3.6900     0.2736     0.0426     0.1269 1.7214e+00     2.1017      5.127      7.436    10.2153 0.0000e+00
      5.233      0.021    10.8559     96.498     41.972  29.558278     3.6900     0.2507     0.0426     0.1269 1.7062e+00     1.9814      5.132      7.443    10.2146 0.0000e+00
      5.239      0.024    10.8542     96.412     41.979  29.559461     3.6900     0.3003     0.0426     0.1269 1.6910e+00     2.2069      5.137      7.451    10.2134 0.0000e+00
      5.245      0.026    10.8505     96.319     41.994  29.563619     3.6900     0.3270     0.0426     0.1269 1.7132e+00     2.1919      5.143      7.460    10.2126 0.0000e+00
      5.252      0.029    10.8449     96.235     42.003  29.563940     3.6900     0.3079     0.0426     0.1269 1.6896e+00     2.3572      5.150      7.470    10.2120 0.0000e+00
      5.260      0.032    10.8377     96.167     42.000  29.556551     3.6900     0.3003     0.0426     0.1269 1.6991e+00     2.2370      5.158      7.481    10.2099 0.0000e+00
      5.268      0.034    10.8292     96.118     41.993  29.547401     3.6900     0.3118     0.0426     0.1269 1.6641e+00     2.2370      5.166      7.493    10.2049 0.0000e+00
      5.277      0.037    10.8205     96.092     41.992  29.541968     3.6900     0.3156     0.0426     0.1269 1.6764e+00     2.2971      5.175      7.506    10.1979 0.0000e+00
      5.287      0.038    10.8129     96.087     41.986  29.534845     3.6900     0.3308     0.0426     0.0423 1.6347e+00     2.2069      5.184      7.520    10.1907 0.0000e+00
      5.297      0.040    10.8069     96.102     41.974  29.524132     3.6900     0.3118     0.0426     0.0423 1.6114e+00     2.3121      5.195      7.534    10.1842 0.0000e+00
      5.308      0.040    10.8030     96.133     41.969  29.518852     3.6900     0.3385     0.0426     0.0423 1.6269e+00     2.1618      5.205      7.550    10.1784 0.0000e+00
      5.319      0.040    10.8013     96.174     41.974  29.521557     3.6900     0.2927     0.0426     0.0423 1.5961e+00     2.2219      5.216      7.565    10.1735 0.0000e+00
      5.330      0.039    10.8017     96.222     41.973  29.521089     3.6900     0.3118     0.0426     0.0423 1.5809e+00     2.2971      5.226      7.580    10.1696 0.0000e+00
      5.340      0.037    10.8041     96.278     41.967  29.517321     3.6900     0.2736     0.0426     0.0423 1.5546e+00     2.2971      5.236      7.595    10.1667 0.0000e+00
      5.349      0.035    10.8080     96.344     41.965  29.517170     3.6900     0.3079     0.0426     0.0423 1.5706e+00     2.2370      5.245      7.608    10.1649 0.0000e+00
      5.357      0.033    10.8128     96.419     41.963  29.516636     3.6900     0.3270     0.0426     0.0423 1.5652e+00     2.2069      5.253      7.620    10.1641 0.0000e+00
      5.365      0.032    10.8183     96.493     41.960  29.515576     3.6900     0.3003     0.0426     0.1269 1.5499e+00     2.2069      5.261      7.631    10.1640 0.0000e+00
      5.373      0.030    10.8245     96.550     41.960  29.517667     3.6900     0.2927     0.0426     0.1269 1.5472e+00     2.1919      5.269      7.642    10.1647 0.0000e+00
      5.381      0.029    10.8315     96.582     41.964  29.523466     3.6900     0.2622     0.0426     0.1269 1.5378e+00     2.2820      5.277      7.653    10.1659 0.0000e+00
      5.388      0.029    10.8396     96.591     41.977  29.534521     3.6900     0.2469     0.0426     0.1269 1.5325e+00     2.3271      5.284      7.663    10.1673 0.0000e+00
      5.395      0.029    10.8476     96.585     41.992  29.545860     3.6900     0.2660     0.0426     0.1269 1.5631e+00     2.1768      5.291      7.673    10.1690 0.0000e+00
      5.402      0.029    10.8534     96.574     42.001  29.552587     3.6900     0.2431     0.0852     0.0423 1.5472e+00     2.2069      5.298      7.683    10.1715 0.0000e+00
      5.409      0.030    10.8562     96.561     42.007  29.556495     3.6900     0.3232     0.0852     0.0423 1.5540e+00     2.0115      5.305      7.694    10.1745 0.0000e+00
      5.417      0.031    10.8566     96.550     42.005  29.554667     3.6900     0.2927     0.0852     0.0423 1.5275e+00     2.0115      5.312      7.705    10.1770 0.0000e+00
      5.425      0.032    10.8555     96.548     41.994  29.546614     3.6900     0.3003     0.0852     0.0423 1.4898e+00     2.0265      5.320      7.716    10.1783 0.0000e+00
      5.434      0.034    10.8541     96.553     41.984  29.538110     3.6900     0.3118     0.0426     0.0423 1.4827e+00     2.0566      5.329      7.728    10.1786 0.0000e+00
      5.442      0.036    10.8527     96.557     41.975  29.530846     3.6900     0.3270     0.0426     0.0423 1.4766e+00     2.2971      5.337      7.741    10.1786 0.0000e+00
      5.452      0.038    10.8516     96.560     41.966  29.522885     3.6900     0.3194     0.0426     0.0423 1.4518e+00     2.2069      5.346      7.754    10.1780 0.0000e+00
      5.461      0.040    10.8516     96.561     41.965  29.520025     3.6900     0.3003     0.0426     0.0423 1.4645e+00     2.2670      5.356      7.768    10.1769 0.0000e+00
      5.472      0.042    10.8525     96.563     41.976  29.525463     3.6900     0.3270     0.0426     0.0846 1.4734e+00     2.2820      5.366      7.783    10.1756 0.0000e+00
      5.483      0.044    10.8534     96.570     41.983  29.528768     3.6900     0.2965     0.0426     0.0846 1.4317e+00     2.2971      5.377      7.799    10.1745 0.0000e+00
      5.495      0.045    10.8541     96.585     41.983  29.526863     3.6900     0.3232     0.0426     0.0846 1.4314e+00     2.2670      5.389      7.816    10.1728 0.0000e+00
      5.507      0.045    10.8548     96.610     41.978  29.523199     3.6900     0.3232     0.0426     0.0846 1.4150e+00     2.3271      5.401      7.833    10.1703 0.0000e+00
      5.519      0.044    10.8558     96.641     41.969  29.516798     3.7800     0.3270     0.0426     0.1269 1.3807e+00     2.2370      5.412      7.850    10.1674 0.0000e+00
      5.530      0.043    10.8572     96.670     41.959  29.509913     3.7800     0.2393     0.0426     0.1269 1.4240e+00     2.2370      5.423      7.866    10.1649 0.0000e+00
      5.540      0.042    10.8594     96.691     41.950  29.504670     3.7800     0.2393     0.0426     0.1269 1.3628e+00     2.2520      5.433      7.880    10.1633 0.0000e+00
      5.551      0.041    10.8624     96.704     41.942  29.499669     3.7800     0.2431     0.0426     0.1269 1.3622e+00     2.2520      5.443      7.895    10.1625 0.0000e+00
      5.561      0.041    10.8659     96.708     41.938  29.497537     3.7800     0.2622     0.0426     0.1269 1.3376e+00     2.3271      5.453      7.909    10.1624 0.0000e+00
      5.571      0.042    10.8690     96.698     41.944  29.501667     3.7800     0.3270     0.0426     0.0846 1.3431e+00     2.2219      5.463      7.923    10.1629 0.0000e+00
      5.581      0.044    10.8711     96.675     41.950  29.505238     3.7800     0.3041     0.0426     0.0846 1.3679e+00     2.2670      5.473      7.938    10.1639 0.0000e+00
      5.592      0.046    10.8723     96.643     41.945  29.501284     3.7800     0.3194     0.0426     0.0846 1.3729e+00     2.2069      5.484      7.954    10.1649 0.0000e+00
      5.604      0.048    10.8725     96.602     41.934  29.492710     3.7800     0.3232     0.0426     0.0846 1.3208e+00     2.2670      5.496      7.971    10.1655 0.0000e+00
      5.617      0.049    10.8714     96.559     41.923  29.485148     3.6900     0.3041     0.0426     0.0846 1.2995e+00     2.2670      5.509      7.990    10.1655 0.0000e+00
      5.631      0.049    10.8691     96.515     41.928  29.488464     3.6900     0.3079     0.0426     0.0846 1.2757e+00     2.1317      5.522      8.009    10.1649 0.0000e+00
      5.644      0.048    10.8656     96.475     41.943  29.499580     3.6900     0.3232     0.0426     0.0846 1.2641e+00     2.2670      5.535      8.028    10.1641 0.0000e+00
      5.657      0.045    10.8612     96.443     41.950  29.505621     3.6900     0.2927     0.0426     0.0846 1.2824e+00     2.2971      5.547      8.046    10.1634 0.0000e+00
      5.668      0.042    10.8564     96.419     41.951  29.508199     3.6900     0.3232     0.0852     0.0846 1.2388e+00     2.1768      5.559      8.062    10.1631 0.0000e+00
      5.678      0.039    10.8513     96.404     41.955  29.511961     3.6900     0.3079     0.0852     0.0846 1.2732e+00     2.2670      5.568      8.076    10.1633 0.0000e+00
      5.688      0.035    10.8467     96.393     41.963  29.517910     3.6900     0.3079     0.0852     0.0846 1.2244e+00     2.2219      5.577      8.089    10.1641 0.0000e+00
      5.696      0.032    10.8427     96.381     41.975  29.527633     3.6900     0.3003     0.0852     0.0846 1.2265e+00     2.1768      5.586      8.101    10.1656 0.0000e+00
      5.703      0.030    10.8397     96.364     41.991  29.539762     3.6900     0.2393     0.0426     0.0846 1.2104e+00     2.3121      5.593      8.112    10.1673 0.0000e+00
      5.710      0.029    10.8377     96.338     41.997  29.545652     3.6900     0.2584     0.0426     0.0846 1.2413e+00     2.2971      5.600      8.122    10.1685 0.0000e+00
      5.717      0.028    10.8362     96.302     41.990  29.542913     3.6900     0.2698     0.0426     0.0846 1.1991e+00     2.2971      5.606      8.131    10.1693 0.0000e+00
      5.723      0.028    10.8346     96.261     41.987  29.542695     3.6900     0.2469     0.0426     0.0846 1.2429e+00     2.1768      5.613      8.141    10.1702 0.0000e+00
      5.730      0.029    10.8323     96.224     41.993  29.548900     3.6900     0.2431     0.0426     0.0846 1.2025e+00     2.2069      5.619      8.150    10.1716 0.0000e+00
