Data/DataNotYetUploadedToEDI/Raw_CTD/RawDownloads/060523_bvr50_S8188002.cnv
* Sea-Bird SBE19plus  Data File:
* FileName = C:\R\Reservoirs\Data\DataNotYetUploadedToEDI\Raw_CTD\RawDownloads\060523_fcr50_S8188_0002.hex
* Software version 2.8.0.119
* Temperature SN = 8188
* Conductivity SN = 8188
* System UpLoad Time = Jun 12 2023 14:47:31
* <ApplicationData>
* <Seaterm232>
# nquan = 16
# nvalues = 2175                        
# units = specified
# name 0 = depFM: Depth [fresh water, m]
# name 1 = dz/dtM: Descent Rate [m/s]
# name 2 = sbeox0Mg/L: Oxygen, SBE 43 [mg/l]
# name 3 = sbeox0PS: Oxygen, SBE 43 [% saturation]
# name 4 = specc: Specific Conductance [uS/cm]
# name 5 = c0uS/cm: Conductivity [uS/cm]
# name 6 = wetCDOM: Fluorescence, WET Labs CDOM [mg/m^3]
# name 7 = flECO-AFL: Fluorescence, WET Labs ECO-AFL/FL [mg/m^3]
# name 8 = flECO-AFL1: Fluorescence, WET Labs ECO-AFL/FL, 2 [mg/m^3]
# name 9 = flECO-AFL2: Fluorescence, WET Labs ECO-AFL/FL, 3 [mg/m^3]
# name 10 = par/sat/log: PAR/Logarithmic, Satlantic
# name 11 = turbWETntu0: Turbidity, WET Labs ECO [NTU]
# name 12 = prdM: Pressure, Strain Gauge [db]
# name 13 = prdE: Pressure, Strain Gauge [psi]
# name 14 = tv290C: Temperature [ITS-90, deg C]
# name 15 = flag:  0.000e+00
# span 0 =     -0.686,     10.115       
# span 1 =     -0.235,      0.086       
# span 2 =     0.0982,     9.8455       
# span 3 =      0.858,    112.526       
# span 4 =   -760.978,    250.270       
# span 5 =-505.926109, 165.792084       
# span 6 =    -4.5000,     8.1000       
# span 7 =    -0.1460,    10.6459       
# span 8 =    -2.1300,     0.8946       
# span 9 =    -2.6649,     7.4025       
# span 10 = 1.1585e-01, 2.2660e+03      
# span 11 =    -0.3482,    36.8814      
# span 12 =     -0.672,      9.920      
# span 13 =     -0.975,     14.387      
# span 14 =     8.1214,    23.1676      
# span 15 = 0.0000e+00, 0.0000e+00      
# interval = seconds: 0.25
# start_time = Jun 05 2023 12:21:18 [Instrument's time stamp, header]
# bad_flag = -9.990e-29
*END*
[from data line 1628]
      8.595      0.035     0.1185      1.043     76.201  51.196137     5.0400     0.3652     0.0426     0.7191 1.1617e-01     1.6508      8.429     12.225     8.6124 0.0000e+00
      8.604      0.038     0.1194      1.041     76.295  51.250867     5.0400     0.3423     0.0426     0.7191 1.1617e-01     1.7410      8.438     12.238     8.6062 0.0000e+00
      8.614      0.040     0.1206      1.035     76.404  51.314142     5.0400     0.3575     0.0426     0.7191 1.1623e-01     1.8311      8.447     12.251     8.6008 0.0000e+00
      8.624      0.043     0.1214      1.029     76.494  51.365172     5.0400     0.3652     0.0426     0.6768 1.1600e-01     1.7860      8.457     12.266     8.5959 0.0000e+00
      8.635      0.045     0.1217      1.027     76.580  51.413601     5.0400     0.3461     0.0426     0.6768 1.1605e-01     1.6508      8.468     12.282     8.5909 0.0000e+00
      8.647      0.048     0.1215      1.028     76.686  51.476308     5.0400     0.3652     0.0426     0.6768 1.1617e-01     1.7860      8.480     12.299     8.5853 0.0000e+00
      8.660      0.050     0.1208      1.028     76.811  51.550193     5.0400     0.3652     0.0426     0.6768 1.1623e-01     1.7259      8.493     12.317     8.5790 0.0000e+00
      8.674      0.051     0.1202      1.026     76.927  51.617297     5.0400     0.3919     0.0426     0.6345 1.1612e-01     1.7410      8.506     12.337     8.5726 0.0000e+00
      8.687      0.051     0.1199      1.022     77.041  51.681639     5.0400     0.3766     0.0426     0.6345 1.1630e-01     1.9664      8.520     12.356     8.5666 0.0000e+00
      8.701      0.050     0.1201      1.015     77.158  51.748485     5.0400     0.3613     0.0426     0.6345 1.1617e-01     2.0716      8.533     12.376     8.5609 0.0000e+00
      8.714      0.048     0.1201      1.004     77.269  51.811873     5.0400     0.3728     0.0426     0.6345 1.1620e-01     1.9514      8.546     12.394     8.5547 0.0000e+00
      8.726      0.046     0.1199      0.990     77.368  51.866901     5.0400     0.3652     0.0426     0.6345 1.1607e-01     1.9814      8.557     12.411     8.5475 0.0000e+00
      8.737      0.043     0.1194      0.981     77.442  51.906441     5.1300     0.3804     0.0426     0.7191 1.1623e-01     2.0416      8.568     12.427     8.5398 0.0000e+00
      8.748      0.040     0.1186      0.981     77.501  51.937070     5.1300     0.3728     0.0426     0.7191 1.1610e-01     1.7259      8.579     12.442     8.5322 0.0000e+00
      8.758      0.037     0.1173      0.991     77.548  51.961009     5.1300     0.3766     0.0426     0.7191 1.1605e-01     1.6959      8.588     12.456     8.5249 0.0000e+00
      8.767      0.035     0.1158      1.008     77.572  51.970768     5.1300     0.3804     0.0426     0.7191 1.1605e-01     1.7710      8.597     12.469     8.5177 0.0000e+00
      8.775      0.032     0.1147      1.024     77.582  51.972913     5.1300     0.3804     0.0426     0.6768 1.1600e-01     1.7560      8.606     12.482     8.5110 0.0000e+00
      8.783      0.030     0.1147      1.038     77.603  51.983873     5.1300     0.3613     0.0426     0.6768 1.1607e-01     1.7560      8.613     12.493     8.5052 0.0000e+00
      8.790      0.028     0.1159      1.048     77.635  52.002605     5.1300     0.3804     0.0426     0.6768 1.1597e-01     1.7410      8.620     12.503     8.5003 0.0000e+00
      8.797      0.027     0.1179      1.051     77.667  52.022213     5.1300     0.3728     0.0426     0.6768 1.1612e-01     1.8011      8.627     12.512     8.4964 0.0000e+00
      8.803      0.027     0.1198      1.045     77.713  52.051890     5.1300     0.3690     0.0426     0.6768 1.1612e-01     1.6959      8.633     12.521     8.4936 0.0000e+00
      8.810      0.027     0.1214      1.034     77.767  52.087655     5.1300     0.3804     0.0426     0.6768 1.1620e-01     1.7710      8.639     12.531     8.4915 0.0000e+00
      8.817      0.028     0.1226      1.020     77.826  52.127154     5.1300     0.3995     0.0426     0.6768 1.1595e-01     1.8462      8.646     12.541     8.4898 0.0000e+00
      8.824      0.029     0.1229      1.005     77.913  52.184883     5.1300     0.3690     0.0426     0.6768 1.1612e-01     1.7560      8.654     12.551     8.4886 0.0000e+00
      8.832      0.030     0.1223      0.992     78.010  52.248487     5.1300     0.3690     0.0426     0.6768 1.1605e-01     1.6959      8.661     12.562     8.4878 0.0000e+00
      8.840      0.031     0.1210      0.982     78.084  52.295281     5.1300     0.3728     0.0426     0.6768 1.1590e-01     1.6959      8.669     12.573     8.4876 0.0000e+00
      8.848      0.032     0.1193      0.978     78.144  52.333779     5.1300     0.3804     0.0426     0.6768 1.1605e-01     1.6959      8.677     12.585     8.4876 0.0000e+00
      8.857      0.033     0.1176      0.981     78.210  52.376231     5.1300     0.3499     0.0426     0.6768 1.1607e-01     1.7560      8.685     12.597     8.4873 0.0000e+00
      8.866      0.033     0.1160      0.989     78.278  52.420079     5.1300     0.3766     0.0426     0.6768 1.1620e-01     1.7410      8.694     12.610     8.4862 0.0000e+00
      8.874      0.033     0.1149      0.999     78.363  52.475036     5.0400     0.3461     0.0426     0.6768 1.1620e-01     1.8762      8.702     12.622     8.4847 0.0000e+00
      8.883      0.033     0.1145      1.008     78.493  52.559721     5.0400     0.3499     0.0426     0.6768 1.1625e-01     1.8161      8.711     12.634     8.4833 0.0000e+00
      8.891      0.033     0.1148      1.015     78.655  52.665001     5.0400     0.3652     0.0426     0.6768 1.1590e-01     1.8311      8.719     12.646     8.4822 0.0000e+00
      8.899      0.033     0.1158      1.020     78.790  52.751553     5.0400     0.3728     0.0426     0.6768 1.1615e-01     1.7259      8.727     12.657     8.4813 0.0000e+00
      8.908      0.034     0.1170      1.021     78.860  52.794882     5.0400     0.3728     0.0426     0.5499 1.1610e-01     1.6959      8.735     12.669     8.4802 0.0000e+00
      8.916      0.034     0.1181      1.018     78.901  52.818438     5.0400     0.3575     0.0426     0.5499 1.1612e-01     1.7259      8.744     12.682     8.4786 0.0000e+00
      8.925      0.034     0.1189      1.011     78.957  52.852287     5.0400     0.3919     0.0426     0.5499 1.1617e-01     1.8161      8.752     12.695     8.4766 0.0000e+00
      8.934      0.035     0.1194      1.005     79.024  52.891582     5.0400     0.3804     0.0426     0.5499 1.1602e-01     1.6959      8.761     12.707     8.4742 0.0000e+00
      8.943      0.035     0.1196      1.002     79.092  52.930943     5.0400     0.3804     0.0426     0.5076 1.1625e-01     1.7560      8.770     12.719     8.4717 0.0000e+00
      8.951      0.035     0.1192      1.004     79.167  52.974918     5.0400     0.3499     0.0426     0.5076 1.1625e-01     1.7710      8.778     12.732     8.4693 0.0000e+00
      8.961      0.036     0.1184      1.010     79.256  53.029288     5.0400     0.3652     0.0426     0.5076 1.1612e-01     1.6808      8.787     12.745     8.4668 0.0000e+00
      8.970      0.036     0.1177      1.016     79.358  53.092692     5.0400     0.3728     0.0426     0.5076 1.1612e-01     1.6959      8.796     12.758     8.4636 0.0000e+00
      8.979      0.035     0.1174      1.018     79.453  53.152303     5.1300     0.3575     0.0426     0.5076 1.1617e-01     1.9213      8.806     12.772     8.4597 0.0000e+00
      8.989      0.035     0.1176      1.016     79.557  53.218070     5.1300     0.3842     0.0426     0.5076 1.1620e-01     2.0265      8.815     12.785     8.4559 0.0000e+00
      8.998      0.034     0.1183      1.006     79.687  53.299603     5.1300     0.3804     0.0426     0.5076 1.1602e-01     2.0115      8.823     12.797     8.4526 0.0000e+00
      9.006      0.034     0.1190      0.993     79.829  53.386925     5.1300     0.3842     0.0426     0.5076 1.1605e-01     1.9664      8.832     12.810     8.4497 0.0000e+00
      9.015      0.033     0.1193      0.985     79.998  53.491430     5.1300     0.3423     0.0426     0.5076 1.1602e-01     1.8913      8.840     12.822     8.4471 0.0000e+00
      9.023      0.033     0.1190      0.980     80.206  53.623142     5.1300     0.3537     0.0000     0.6345 1.1605e-01     1.9363      8.848     12.834     8.4445 0.0000e+00
      9.031      0.033     0.1179      0.982     80.417  53.757716     5.1300     0.3881     0.0000     0.6345 1.1628e-01     1.9664      8.857     12.846     8.4410 0.0000e+00
      9.040      0.032     0.1164      0.994     80.583  53.863635     5.1300     0.3461     0.0000     0.6345 1.1605e-01     1.9514      8.865     12.858     8.4362 0.0000e+00
      9.048      0.032     0.1154      1.011     80.664  53.913639     5.1300     0.3613     0.0000     0.6345 1.1615e-01     2.0115      8.873     12.869     8.4310 0.0000e+00
      9.056      0.031     0.1149      1.024     80.661  53.909166     5.0400     0.3652     0.0426     0.6768 1.1628e-01     2.0416      8.881     12.881     8.4263 0.0000e+00
      9.065      0.030     0.1151      1.029     80.624  53.884708     5.0400     0.3728     0.0426     0.6768 1.1605e-01     1.9965      8.889     12.893     8.4223 0.0000e+00
      9.073      0.028     0.1165      1.025     80.588  53.863478     5.0400     0.3766     0.0426     0.6768 1.1620e-01     2.0265      8.897     12.905     8.4192 0.0000e+00
      9.080      0.025     0.1185      1.016     80.566  53.851709     5.0400     0.3575     0.0426     0.6768 1.1617e-01     2.0416      8.904     12.915     8.4168 0.0000e+00
      9.086      0.022     0.1200      1.010     80.543  53.836351     5.1300     0.3804     0.0426     0.7191 1.1612e-01     1.9814      8.910     12.924     8.4153 0.0000e+00
      9.091      0.020     0.1206      1.003     80.496  53.803398     5.1300     0.3995     0.0426     0.7191 1.1605e-01     1.9514      8.915     12.931     8.4154 0.0000e+00
      9.096      0.017     0.1201      0.995     80.454  53.773795     5.1300     0.3766     0.0426     0.7191 1.1617e-01     1.9965      8.920     12.937     8.4170 0.0000e+00
      9.099      0.015     0.1191      0.990     80.447  53.769386     5.1300     0.3728     0.0426     0.7191 1.1620e-01     1.8913      8.923     12.942     8.4188 0.0000e+00
      9.103      0.014     0.1184      0.989     80.477  53.788995     5.0400     0.3652     0.0426     0.5499 1.1615e-01     1.8612      8.927     12.947     8.4189 0.0000e+00
      9.106      0.014     0.1176      0.989     80.547  53.833886     5.0400     0.3804     0.0426     0.5499 1.1605e-01     2.0115      8.930     12.951     8.4178 0.0000e+00
      9.109      0.014     0.1166      0.992     80.650  53.898188     5.0400     0.3575     0.0426     0.5499 1.1602e-01     1.9814      8.933     12.955     8.4170 0.0000e+00
      9.112      0.015     0.1161      0.994     80.764  53.969313     5.0400     0.3804     0.0426     0.5499 1.1605e-01     1.9213      8.936     12.960     8.4169 0.0000e+00
      9.116      0.016     0.1159      0.993     80.899  54.054333     5.0400     0.3652     0.0426     0.5499 1.1600e-01     2.0115      8.940     12.965     8.4167 0.0000e+00
      9.120      0.018     0.1160      0.990     81.057  54.154113     5.1300     0.3728     0.0426     0.5499 1.1605e-01     2.0265      8.944     12.971     8.4155 0.0000e+00
      9.125      0.020     0.1163      0.987     81.208  54.249667     5.1300     0.3728     0.0426     0.5499 1.1592e-01     2.0115      8.948     12.978     8.4130 0.0000e+00
      9.130      0.021     0.1166      0.985     81.342  54.334756     5.1300     0.3881     0.0426     0.5499 1.1615e-01     1.6808      8.954     12.986     8.4097 0.0000e+00
      9.136      0.023     0.1164      0.987     81.449  54.402333     5.1300     0.3652     0.0426     0.5499 1.1600e-01     1.7259      8.959     12.994     8.4064 0.0000e+00
      9.142      0.024     0.1161      0.991     81.502  54.434737     5.1300     0.3613     0.0426     0.5076 1.1628e-01     1.7560      8.965     13.002     8.4031 0.0000e+00
      9.148      0.025     0.1157      0.996     81.506  54.436642     5.1300     0.3919     0.0426     0.5076 1.1615e-01     1.7259      8.971     13.012     8.4000 0.0000e+00
      9.155      0.026     0.1155      1.004     81.486  54.424416     5.1300     0.3728     0.0426     0.5076 1.1585e-01     1.6207      8.978     13.021     8.3971 0.0000e+00
      9.162      0.027     0.1157      1.015     81.456  54.408676     5.1300     0.3804     0.0426     0.5076 1.1633e-01     1.6959      8.984     13.031     8.3946 0.0000e+00
      9.168      0.027     0.1162      1.025     81.453  54.412979     5.1300     0.3804     0.0426     0.5076 1.1617e-01     1.6959      8.991     13.040     8.3928 0.0000e+00
      9.175      0.027     0.1168      1.034     81.517  54.462261     5.1300     0.3575     0.0426     0.5076 1.1617e-01     1.7860      8.998     13.050     8.3921 0.0000e+00
      9.182      0.028     0.1177      1.039     81.632  54.543893     5.1300     0.3804     0.0426     0.5076 1.1612e-01     1.7259      9.005     13.060     8.3929 0.0000e+00
      9.190      0.028     0.1190      1.037     81.740  54.620171     5.1300     0.3728     0.0426     0.5076 1.1602e-01     1.7410      9.012     13.071     8.3954 0.0000e+00
      9.197      0.027     0.1202      1.026     81.816  54.673769     5.1300     0.3613     0.0426     0.5076 1.1600e-01     1.7560      9.019     13.081     8.3992 0.0000e+00
      9.204      0.027     0.1212      1.012     81.867  54.711050     5.1300     0.3499     0.0426     0.5922 1.1612e-01     1.8011      9.026     13.091     8.4031 0.0000e+00
      9.211      0.027     0.1218      1.001     81.897  54.734026     5.1300     0.3690     0.0426     0.5922 1.1617e-01     1.9514      9.033     13.101     8.4064 0.0000e+00
      9.218      0.026     0.1215      0.995     81.917  54.748823     5.1300     0.3690     0.0426     0.5922 1.1612e-01     1.9814      9.040     13.111     8.4086 0.0000e+00
      9.225      0.025     0.1203      0.989     81.955  54.775248     5.1300     0.3652     0.0426     0.5922 1.1612e-01     2.0115      9.046     13.120     8.4104 0.0000e+00
      9.231      0.024     0.1186      0.984     82.024  54.820347     5.2200     0.3842     0.0426     0.5076 1.1615e-01     1.9965      9.052     13.128     8.4123 0.0000e+00
      9.236      0.024     0.1173      0.981     82.146  54.900112     5.2200     0.3652     0.0426     0.5076 1.1610e-01     2.0566      9.057     13.137     8.4142 0.0000e+00
      9.242      0.024     0.1165      0.981     82.369  55.043742     5.2200     0.3423     0.0426     0.5076 1.1617e-01     2.0416      9.063     13.145     8.4153 0.0000e+00
      9.248      0.024     0.1159      0.981     82.647  55.222135     5.2200     0.3652     0.0426     0.5076 1.1607e-01     1.9814      9.069     13.153     8.4156 0.0000e+00
      9.254      0.025     0.1153      0.978     82.885  55.371842     5.2200     0.3804     0.0852     0.5922 1.1612e-01     2.0416      9.075     13.162     8.4153 0.0000e+00
      9.260      0.026     0.1150      0.972     83.055  55.477272     5.2200     0.3919     0.0852     0.5922 1.1612e-01     2.2670      9.081     13.171     8.4139 0.0000e+00
      9.267      0.027     0.1150      0.968     83.179  55.554647     5.2200     0.3919     0.0852     0.5922 1.1605e-01     2.2670      9.088     13.181     8.4109 0.0000e+00
      9.274      0.028     0.1149      0.969     83.306  55.638475     5.2200     0.3728     0.0852     0.5922 1.1607e-01     2.1768      9.095     13.191     8.4064 0.0000e+00
      9.282      0.029     0.1146      0.977     83.529  55.786797     5.2200     0.3728     0.0426     0.6345 1.1597e-01     2.2370      9.102     13.201     8.4010 0.0000e+00
