Data/DataNotYetUploadedToEDI/Raw_CTD/RawDownloads/060523_fcr50_S8188001.cnv
* Sea-Bird SBE19plus  Data File:
* FileName = C:\R\Reservoirs\Data\DataNotYetUploadedToEDI\Raw_CTD\RawDownloads\060523_fcr50_S8188_0001.hex
* Software version 2.8.0.119
* Temperature SN = 8188
* Conductivity SN = 8188
* System UpLoad Time = Jun 12 2023 14:46:59
* <ApplicationData>
* <Seaterm232>
# nquan = 16
# nvalues = 2265                        
# units = specified
# name 0 = depFM: Depth [fresh water, m]
# name 1 = dz/dtM: Descent Rate [m/s]
# name 2 = sbeox0Mg/L: Oxygen, SBE 43 [mg/l]
# name 3 = sbeox0PS: Oxygen, SBE 43 [% saturation]
# name 4 = specc: Specific Conductance [uS/cm]
# name 5 = c0uS/cm: Conductivity [uS/cm]
# name 6 = wetCDOM: Fluorescence, WET Labs CDOM [mg/m^3]
# name 7 = flECO-AFL: Fluorescence, WET Labs ECO-AFL/FL [mg/m^3]
# name 8 = flECO-AFL1: Fluorescence, WET Labs ECO-AFL/FL, 2 [mg/m^3]
# name 9 = flECO-AFL2: Fluorescence, WET Labs ECO-AFL/FL, 3 [mg/m^3]
# name 10 = par/sat/log: PAR/Logarithmic, Satlantic
# name 11 = turbWETntu0: Turbidity, WET Labs ECO [NTU]
# name 12 = prdM: Pressure, Strain Gauge [db]
# name 13 = prdE: Pressure, Strain Gauge [psi]
# name 14 = tv290C: Temperature [ITS-90, deg C]
# name 15 = flag:  0.000e+00
# span 0 =     -0.674,      9.601       
# span 1 =     -0.194,      0.172       
# span 2 =    -2.8744,    14.8654       
# span 3 =    -25.517,    153.260       
# span 4 =      0.416,    398.815       
# span 5 =   0.387978, 279.893782       
# span 6 =    -4.5000,     5.4900       
# span 7 =    -1.9771,     8.4753       
# span 8 =    -2.1300,     1.0650       
# span 9 =    -2.0304,     6.9795       
# span 10 = 1.1592e-01, 1.9286e+03      
# span 11 =    -3.6398,   966.5104      
# span 12 =     -0.661,      9.415      
# span 13 =     -0.959,     13.656      
# span 14 =    10.0507,    21.6403      
# span 15 = 0.0000e+00, 0.0000e+00      
# interval = seconds: 0.25
# start_time = Jun 05 2023 09:51:47 [Instrument's time stamp, header]
# bad_flag = -9.990e-29
*END*
[from data line 91]
     -0.050      0.000     8.2114     91.738     39.008  35.957119     3.6900     1.8873     0.1278     4.9914 8.6198e+02     6.4304     -0.049     -0.071    21.0909 0.0000e+00
     -0.050      0.000     8.1869     91.798     39.005  35.953742     3.6900     1.8873     0.1278     4.9914 7.9868e+02     6.4905     -0.049     -0.071    21.0889 0.0000e+00
     -0.050      0.000     8.1717     91.894     39.003  35.951802     3.6900     1.8720     0.0852     4.8645 7.4067e+02     6.4905     -0.049     -0.071    21.0871 0.0000e+00
     -0.049      0.000     8.1641     91.980     38.998  35.946818     3.6900     1.8911     0.0852     4.8645 7.6339e+02     6.5055     -0.048     -0.070    21.0857 0.0000e+00
     -0.049     -0.000     8.1636     92.011     38.988  35.937464     3.6900     1.9368     0.0852     4.8645 7.0136e+02     6.7159     -0.048     -0.070    21.0846 0.0000e+00
     -0.049     -0.000     8.1691     91.950     38.978  35.929165     3.6900     1.9521     0.0852     4.8645 7.6024e+02     6.6408     -0.048     -0.070    21.0838 0.0000e+00
     -0.049     -0.001     8.1777     91.766     38.972  35.923671     3.6900     1.9712     0.0852     4.8645 7.9608e+02     6.7310     -0.048     -0.071    21.0833 0.0000e+00
     -0.050     -0.001     8.1854     91.447     38.967  35.919516     3.6900     1.9864     0.0852     4.8645 8.3199e+02     6.7009     -0.049     -0.071    21.0831 0.0000e+00
     -0.050     -0.002     8.1882     91.007     38.962  35.915592     3.6900     1.8911     0.0852     4.8645 7.1645e+02     6.9264     -0.049     -0.072    21.0831 0.0000e+00
     -0.051     -0.002     8.1827     90.479     38.956  35.910853     3.6900     1.9292     0.0852     4.8645 7.4212e+02     6.9865     -0.050     -0.073    21.0834 0.0000e+00
     -0.052     -0.003     8.1662     89.895     38.948  35.904035     3.6900     1.8949     0.1278     4.9068 7.4747e+02     7.0165     -0.051     -0.074    21.0840 0.0000e+00
     -0.052     -0.003     8.1377     89.271     38.940  35.897281     3.6900     1.9140     0.1278     4.9068 8.0077e+02     6.9714     -0.051     -0.075    21.0849 0.0000e+00
     -0.053     -0.003     8.0984     88.615     38.934  35.892751     3.6900     1.8987     0.1278     4.9068 8.6142e+02     6.4754     -0.052     -0.076    21.0858 0.0000e+00
     -0.054     -0.003     8.0513     87.937     38.925  35.885277     3.6900     1.9025     0.1278     4.9068 1.0205e+03     6.5356     -0.053     -0.077    21.0867 0.0000e+00
     -0.055     -0.003     7.9992     87.249     38.911  35.872865     3.6900     1.8796     0.1278     4.9068 1.1002e+03     6.4754     -0.054     -0.078    21.0876 0.0000e+00
     -0.056     -0.003     7.9435     86.554     38.896  35.860127     3.6900     1.9025     0.1278     4.9068 1.1021e+03     6.4754     -0.055     -0.080    21.0886 0.0000e+00
     -0.057     -0.004     7.8850     85.854     38.881  35.847627     3.6900     1.9025     0.1278     4.9068 1.0464e+03     6.7761     -0.056     -0.081    21.0895 0.0000e+00
     -0.058     -0.005     7.8245     85.149     38.864  35.832033     3.6900     1.8987     0.1278     4.9068 8.6970e+02     6.7009     -0.056     -0.082    21.0904 0.0000e+00
     -0.058     -0.007     7.7631     84.444     38.842  35.813148     3.6900     1.8873     0.1278     4.9068 8.6875e+02     6.7460     -0.057     -0.083    21.0914 0.0000e+00
     -0.060     -0.009     7.7012     83.754     38.821  35.793857     3.6900     1.8720     0.0852     4.7799 9.3111e+02     6.7310     -0.059     -0.085    21.0923 0.0000e+00
     -0.062     -0.012     7.6388     83.095     38.802  35.776938     3.6900     1.8453     0.0852     4.7799 1.0673e+03     6.5055     -0.061     -0.089    21.0933 0.0000e+00
     -0.066     -0.014     7.5759     82.484     38.789  35.765801     3.6900     1.8224     0.0852     4.7799 1.1905e+03     6.5356     -0.065     -0.094    21.0942 0.0000e+00
     -0.071     -0.016     7.5130     81.935     38.782  35.761438     3.6900     1.8567     0.0852     4.7799 1.2103e+03     6.4304     -0.069     -0.101    21.0951 0.0000e+00
     -0.076     -0.018     7.4515     81.447     38.782  35.762685     3.6900     1.8415     0.1278     4.7376 1.1458e+03     6.5055     -0.074     -0.108    21.0961 0.0000e+00
     -0.081     -0.018     7.3927     81.008     38.783  35.765914     3.6900     1.7728     0.1278     4.7376 1.2754e+03     6.3402     -0.079     -0.115    21.0972 0.0000e+00
     -0.086     -0.016     7.3382     80.608     38.779  35.764065     3.6900     1.7995     0.1278     4.7376 1.2244e+03     6.0847     -0.084     -0.122    21.0986 0.0000e+00
     -0.090     -0.014     7.2891     80.233     38.768  35.756643     3.6900     1.7766     0.1278     4.7376 1.1609e+03     6.2500     -0.088     -0.128    21.1003 0.0000e+00
     -0.094     -0.012     7.2454     79.858     38.758  35.749593     3.6900     1.7575     0.1704     4.7799 1.2308e+03     6.2801     -0.092     -0.134    21.1023 0.0000e+00
     -0.096     -0.010     7.2060     79.458     38.751  35.744994     3.6900     1.7041     0.1704     4.7799 1.2383e+03     6.1598     -0.095     -0.137    21.1048 0.0000e+00
     -0.098     -0.007     7.1701     79.021     38.745  35.741622     3.6900     1.7308     0.1704     4.7799 1.2644e+03     6.2951     -0.096     -0.140    21.1076 0.0000e+00
     -0.099     -0.005     7.1363     78.551     38.740  35.738576     3.6900     1.7003     0.1704     4.7799 1.1364e+03     6.3101     -0.097     -0.141    21.1105 0.0000e+00
     -0.100     -0.003     7.1025     78.062     38.734  35.735045     3.6900     1.7080     0.1704     4.7799 1.2046e+03     6.2500     -0.098     -0.142    21.1134 0.0000e+00
     -0.100     -0.001     7.0666     77.567     38.727  35.730087     3.6900     1.8262     0.1278     4.6107 1.3801e+03     6.2049     -0.098     -0.143    21.1162 0.0000e+00
     -0.100     -0.001     7.0273     77.073     38.719  35.724361     3.6900     1.8605     0.1278     4.6107 1.1856e+03     6.2350     -0.098     -0.143    21.1188 0.0000e+00
     -0.100     -0.000     6.9852     76.590     38.713  35.720301     3.6900     1.8377     0.1278     4.6107 1.1851e+03     6.2951     -0.098     -0.143    21.1212 0.0000e+00
     -0.100      0.000     6.9414     76.123     38.710  35.718804     3.6900     1.8300     0.1278     4.6107 1.1288e+03     6.2350     -0.098     -0.142    21.1234 0.0000e+00
     -0.099      0.001     6.8971     75.672     38.707  35.717491     3.6900     1.7194     0.0852     4.8222 1.1404e+03     6.4754     -0.097     -0.142    21.1255 0.0000e+00
     -0.099      0.001     6.8530     75.245     38.702  35.714031     3.6900     1.7118     0.0852     4.8222 1.1261e+03     6.4003     -0.097     -0.142    21.1274 0.0000e+00
     -0.099      0.002     6.8098     74.849     38.696  35.709483     3.6900     1.7118     0.0852     4.8222 1.1271e+03     6.5055     -0.097     -0.141    21.1291 0.0000e+00
     -0.099      0.003     6.7680     74.482     38.690  35.704614     3.6900     1.7156     0.0852     4.8222 1.1414e+03     6.5055     -0.097     -0.141    21.1308 0.0000e+00
     -0.098      0.003     6.7277     74.138     38.682  35.698126     3.6900     1.8262     0.1704     4.6530 1.1498e+03     6.8512     -0.096     -0.140    21.1325 0.0000e+00
     -0.097      0.004     6.6896     73.819     38.675  35.692249     3.6900     1.8377     0.1704     4.6530 1.1556e+03     6.7310     -0.095     -0.138    21.1340 0.0000e+00
     -0.096      0.003     6.6542     73.523     38.671  35.689378     3.6900     1.8186     0.1704     4.6530 1.1077e+03     6.7761     -0.094     -0.136    21.1354 0.0000e+00
     -0.094      0.003     6.6213     73.252     38.665  35.684786     3.6900     1.8682     0.1704     4.6530 1.1074e+03     6.7009     -0.092     -0.134    21.1368 0.0000e+00
     -0.093      0.001     6.5906     73.004     38.656  35.677248     3.6900     1.8644     0.1704     4.6530 1.2117e+03     6.7610     -0.091     -0.133    21.1380 0.0000e+00
     -0.093     -0.001     6.5621     72.769     38.646  35.668715     3.6900     1.8720     0.1278     4.6530 1.1453e+03     6.6708     -0.091     -0.132    21.1391 0.0000e+00
     -0.093     -0.003     6.5356     72.549     38.633  35.656912     3.6900     1.8682     0.1278     4.6530 1.1171e+03     6.5957     -0.091     -0.133    21.1400 0.0000e+00
     -0.095     -0.006     6.5115     72.352     38.616  35.642652     3.6900     1.8491     0.1278     4.6530 1.1473e+03     6.7911     -0.093     -0.134    21.1409 0.0000e+00
     -0.096     -0.008     6.4893     72.185     38.598  35.626094     3.6900     1.7537     0.1278     4.6530 1.1062e+03     5.9795     -0.094     -0.137    21.1418 0.0000e+00
     -0.099     -0.010     6.4683     72.055     38.576  35.606784     3.6900     1.7804     0.0852     4.6530 1.1021e+03     5.9795     -0.097     -0.140    21.1428 0.0000e+00
     -0.102     -0.011     6.4486     71.971     38.555  35.587494     3.6900     1.7652     0.0852     4.6530 1.2046e+03     6.0847     -0.100     -0.145    21.1437 0.0000e+00
     -0.106     -0.012     6.4310     71.926     38.536  35.571002     3.6900     1.7499     0.0852     4.6530 1.2359e+03     5.9644     -0.103     -0.150    21.1446 0.0000e+00
     -0.109     -0.012     6.4160     71.902     38.524  35.560833     3.6900     1.7499     0.0852     4.6530 1.2324e+03     6.3101     -0.107     -0.155    21.1454 0.0000e+00
     -0.112     -0.011     6.4043     71.875     38.516  35.554274     3.6000     1.6736     0.0852     4.7376 1.2027e+03     6.2500     -0.110     -0.159    21.1461 0.0000e+00
     -0.114     -0.010     6.3968     71.822     38.505  35.545616     3.6000     1.7232     0.0852     4.7376 1.2238e+03     6.2199     -0.112     -0.163    21.1468 0.0000e+00
     -0.116     -0.009     6.3927     71.729     38.494  35.536511     3.6000     1.7156     0.0852     4.7376 1.2069e+03     6.2801     -0.114     -0.166    21.1478 0.0000e+00
     -0.119     -0.008     6.3904     71.589     38.484  35.528492     3.6000     1.6660     0.0852     4.7376 1.2069e+03     6.9564     -0.116     -0.169    21.1491 0.0000e+00
     -0.121     -0.008     6.3878     71.407     38.473  35.519421     3.6900     1.6584     0.0852     4.6530 1.1978e+03     6.9113     -0.118     -0.172    21.1504 0.0000e+00
     -0.123     -0.008     6.3830     71.203     38.462  35.510839     3.6900     1.6584     0.0852     4.6530 1.1820e+03     6.9414     -0.120     -0.175    21.1518 0.0000e+00
     -0.124     -0.007     6.3745     71.013     38.453  35.504420     3.6900     1.6584     0.0852     4.6530 1.1846e+03     7.0015     -0.122     -0.177    21.1533 0.0000e+00
     -0.126     -0.007     6.3619     70.882     38.446  35.498451     3.6900     1.6584     0.0852     4.6530 1.1743e+03     6.4304     -0.124     -0.180    21.1551 0.0000e+00
     -0.128     -0.007     6.3455     70.865     38.446  35.499264     3.6900     1.6355     0.0852     4.6530 1.1861e+03     6.4754     -0.125     -0.182    21.1570 0.0000e+00
     -0.130     -0.006     6.3271     71.044     38.462  35.514997     3.6900     1.6774     0.1278     4.6953 1.1874e+03     6.4905     -0.127     -0.185    21.1588 0.0000e+00
     -0.132     -0.006     6.3100     71.539     38.497  35.545884     3.6900     1.6507     0.1278     4.6953 1.2096e+03     6.4905     -0.129     -0.187    21.1605 0.0000e+00
     -0.133     -0.005     6.2982     72.536     38.554  35.596201     3.6900     1.6469     0.1278     4.6953 1.2180e+03     6.4754     -0.130     -0.189    21.1621 0.0000e+00
     -0.134     -0.005     6.2966     74.338     38.653  35.683327     3.6900     1.6126     0.1278     4.6953 1.1890e+03     6.7159     -0.132     -0.191    21.1632 0.0000e+00
     -0.135     -0.004     6.3125     77.444     38.793  35.804750     3.6900     1.6584     0.1704     4.6530 1.1543e+03     6.7610     -0.133     -0.193    21.1634 0.0000e+00
     -0.136     -0.004     6.3567     82.557     38.923  35.913625     3.6900     1.6278     0.1704     4.6530 1.1828e+03     6.8211     -0.133     -0.194    21.1625 0.0000e+00
     -0.137     -0.003     6.4458     90.232     39.008  35.981552     3.6900     1.6355     0.1704     4.6530 1.1823e+03     6.7310     -0.134     -0.195    21.1596 0.0000e+00
     -0.137     -0.003     6.6069    100.350     39.062  36.022680     3.6900     1.6278     0.1704     4.6530 1.1960e+03     6.4304     -0.135     -0.196    21.1536 0.0000e+00
     -0.138     -0.004     6.8845    112.032     39.096  36.047979     3.6900     1.6431     0.1704     4.7376 1.1890e+03     6.4454     -0.136     -0.197    21.1433 0.0000e+00
     -0.139     -0.004     7.3411    124.015     39.114  36.060233     3.6900     1.6431     0.1704     4.7376 1.1851e+03     6.4153     -0.137     -0.198    21.1296 0.0000e+00
     -0.140     -0.003     8.0258    135.011     39.123  36.066670     3.6900     1.6584     0.1704     4.7376 1.1787e+03     6.5506     -0.138     -0.200    21.1158 0.0000e+00
     -0.141     -0.003     8.9275    143.934     39.131  36.072969     3.6900     1.6355     0.1704     4.7376 1.1794e+03     6.3101     -0.139     -0.201    21.1047 0.0000e+00
     -0.142     -0.002     9.9680    150.044     39.135  36.076848     3.6900     1.6355     0.1278     4.7376 1.1846e+03     6.3101     -0.139     -0.202    21.0971 0.0000e+00
     -0.143     -0.000    11.0349    153.066     39.133  36.075380     3.6900     1.6469     0.1278     4.7376 1.1823e+03     6.2951     -0.140     -0.203    21.0922 0.0000e+00
     -0.143      0.001    12.0138    153.260     39.130  36.072135     3.6900     1.6278     0.1278     4.7376 1.1718e+03     6.2350     -0.140     -0.203    21.0895 0.0000e+00
     -0.142      0.002    12.8079    151.335     39.132  36.074170     3.6900     1.6622     0.1278     4.7376 1.1652e+03     6.8211     -0.139     -0.202    21.0882 0.0000e+00
     -0.141      0.002    13.3516    148.164     39.140  36.082028     3.6900     1.6507     0.1278     4.7376 1.1800e+03     6.6859     -0.138     -0.201    21.0878 0.0000e+00
     -0.140      0.003    13.6204    144.503     39.148  36.089882     3.7800     1.6584     0.1278     4.6107 1.1838e+03     6.8211     -0.137     -0.199    21.0880 0.0000e+00
     -0.139      0.002    13.6375    140.876     39.154  36.095865     3.7800     1.6584     0.1278     4.6107 1.1895e+03     6.6708     -0.137     -0.198    21.0883 0.0000e+00
     -0.139      0.002    13.4662    137.573     39.155  36.097612     3.7800     1.7461     0.1278     4.6107 1.1861e+03     6.9865     -0.136     -0.198    21.0885 0.0000e+00
     -0.138      0.001    13.1839    134.715     39.152  36.095587     3.7800     1.7041     0.1278     4.6107 1.1885e+03     6.9865     -0.136     -0.197    21.0886 0.0000e+00
     -0.138      0.001    12.8582    132.323     39.152  36.097174     3.6900     1.7194     0.1704     4.5684 1.1794e+03     6.8963     -0.135     -0.196    21.0888 0.0000e+00
     -0.138      0.000    12.5352    130.370     39.153  36.098835     3.6900     1.6927     0.1704     4.5684 1.1751e+03     6.8512     -0.135     -0.196    21.0894 0.0000e+00
     -0.138      0.000    12.2411    128.813     39.145  36.093091     3.6900     1.7080     0.1704     4.5684 1.1720e+03     6.4754     -0.135     -0.196    21.0905 0.0000e+00
     -0.138      0.000    11.9865    127.600     39.132  36.082370     3.6900     1.7232     0.1704     4.5684 1.1508e+03     6.4604     -0.135     -0.196    21.0919 0.0000e+00
     -0.138      0.000    11.7733    126.679     39.118  36.071737     3.7800     1.7194     0.1278     4.6530 1.1372e+03     6.5055     -0.135     -0.196    21.0933 0.0000e+00
     -0.138      0.001    11.5992    126.000     39.110  36.066278     3.7800     1.7156     0.1278     4.6530 1.1451e+03     6.4003     -0.135     -0.196    21.0948 0.0000e+00
