Data/DataNotYetUploadedToEDI/Raw_CTD/RawDownloads/060523_fcr50_S8188001.cnv
* Sea-Bird SBE19plus  Data File:
* FileName = C:\R\Reservoirs\Data\DataNotYetUploadedToEDI\Raw_CTD\RawDownloads\060523_fcr50_S8188_0001.hex
* Software version 2.8.0.119
* Temperature SN = 8188
* Conductivity SN = 8188
* System UpLoad Time = Jun 12 2023 14:46:59
* <ApplicationData>
* <Seaterm232>
# nquan = 16
# nvalues = 2265                        
# units = specified
# name 0 = depFM: Depth [fresh water, m]
# name 1 = dz/dtM: Descent Rate [m/s]
# name 2 = sbeox0Mg/L: Oxygen, SBE 43 [mg/l]
# name 3 = sbeox0PS: Oxygen, SBE 43 [% saturation]
# name 4 = specc: Specific Conductance [uS/cm]
# name 5 = c0uS/cm: Conductivity [uS/cm]
# name 6 = wetCDOM: Fluorescence, WET Labs CDOM [mg/m^3]
# name 7 = flECO-AFL: Fluorescence, WET Labs ECO-AFL/FL [mg/m^3]
# name 8 = flECO-AFL1: Fluorescence, WET Labs ECO-AFL/FL, 2 [mg/m^3]
# name 9 = flECO-AFL2: Fluorescence, WET Labs ECO-AFL/FL, 3 [mg/m^3]
# name 10 = par/sat/log: PAR/Logarithmic, Satlantic
# name 11 = turbWETntu0: Turbidity, WET Labs ECO [NTU]
# name 12 = prdM: Pressure, Strain Gauge [db]
# name 13 = prdE: Pressure, Strain Gauge [psi]
# name 14 = tv290C: Temperature [ITS-90, deg C]
# name 15 = flag:  0.000e+00
# span 0 =     -0.674,      9.601       
# span 1 =     -0.194,      0.172       
# span 2 =    -2.8744,    14.8654       
# span 3 =    -25.517,    153.260       
# span 4 =      0.416,    398.815       
# span 5 =   0.387978, 279.893782       
# span 6 =    -4.5000,     5.4900       
# span 7 =    -1.9771,     8.4753       
# span 8 =    -2.1300,     1.0650       
# span 9 =    -2.0304,     6.9795       
# span 10 = 1.1592e-01, 1.9286e+03      
# span 11 =    -3.6398,   966.5104      
# span 12 =     -0.661,      9.415      
# span 13 =     -0.959,     13.656      
# span 14 =    10.0507,    21.6403      
# span 15 = 0.0000e+00, 0.0000e+00      
# interval = seconds: 0.25
# start_time = Jun 05 2023 09:51:47 [Instrument's time stamp, header]
# bad_flag = -9.990e-29
*END*
[from data line 633]
      3.639      0.026     3.6882     33.768     39.930  29.298101     3.8700     0.6589     0.0426     0.2115 5.0066e+00     1.7860      3.569      5.176    11.7754 0.0000e+00
      3.646      0.026     3.6831     33.678     39.958  29.304944     3.8700     0.6360     0.0426     0.0846 4.9278e+00     1.7410      3.576      5.186    11.7510 0.0000e+00
      3.653      0.025     3.6782     33.586     39.990  29.316227     3.8700     0.6131     0.0426     0.0846 4.9075e+00     1.7410      3.582      5.196    11.7261 0.0000e+00
      3.659      0.024     3.6724     33.500     40.024  29.332981     3.8700     0.6360     0.0426     0.0846 4.8587e+00     1.8011      3.589      5.205    11.7036 0.0000e+00
      3.665      0.022     3.6651     33.431     40.051  29.349771     3.8700     0.6169     0.0426     0.0846 4.8534e+00     1.8161      3.594      5.213    11.6842 0.0000e+00
      3.671      0.021     3.6568     33.384     40.066  29.365135     3.8700     0.6169     0.0426     0.0846 4.8650e+00     1.7710      3.600      5.221    11.6672 0.0000e+00
      3.676      0.019     3.6480     33.352     40.073  29.379211     3.8700     0.6360     0.0852     0.1269 4.8492e+00     1.8161      3.605      5.229    11.6521 0.0000e+00
      3.681      0.018     3.6395     33.322     40.068  29.387833     3.8700     0.6436     0.0852     0.1269 4.8072e+00     1.8311      3.609      5.235    11.6413 0.0000e+00
      3.685      0.017     3.6323     33.287     40.056  29.389342     3.8700     0.6246     0.0852     0.1269 4.8261e+00     1.7860      3.613      5.241    11.6379 0.0000e+00
      3.688      0.016     3.6268     33.248     40.048  29.388100     3.8700     0.6208     0.0852     0.1269 4.8566e+00     1.7860      3.617      5.246    11.6429 0.0000e+00
      3.692      0.016     3.6224     33.210     40.054  29.387736     3.8700     0.6208     0.0426     0.2115 4.8502e+00     1.6808      3.621      5.252    11.6547 0.0000e+00
      3.696      0.017     3.6179     33.174     40.073  29.388153     3.8700     0.6093     0.0426     0.2115 4.8387e+00     1.7259      3.624      5.257    11.6693 0.0000e+00
      3.700      0.017     3.6130     33.139     40.099  29.389462     3.8700     0.6093     0.0426     0.2115 4.8114e+00     2.0416      3.629      5.263    11.6821 0.0000e+00
      3.705      0.018     3.6083     33.107     40.119  29.388050     3.8700     0.6284     0.0426     0.2115 4.7781e+00     1.9514      3.633      5.270    11.6882 0.0000e+00
      3.710      0.018     3.6046     33.083     40.120  29.379580     3.8700     0.6055     0.0426     0.1269 4.7677e+00     2.0416      3.638      5.277    11.6826 0.0000e+00
      3.715      0.017     3.6021     33.070     40.105  29.369712     3.8700     0.6093     0.0426     0.1269 4.7233e+00     2.0716      3.643      5.283    11.6655 0.0000e+00
      3.719      0.017     3.6002     33.068     40.087  29.367695     3.8700     0.5635     0.0426     0.1269 4.7121e+00     2.0716      3.647      5.290    11.6433 0.0000e+00
      3.724      0.016     3.5984     33.073     40.073  29.372992     3.8700     0.5368     0.0426     0.1269 4.6591e+00     2.0566      3.652      5.296    11.6234 0.0000e+00
      3.728      0.015     3.5966     33.092     40.065  29.379097     3.9600     0.5559     0.0426     0.0846 4.7295e+00     1.9814      3.655      5.302    11.6120 0.0000e+00
      3.731      0.014     3.5952     33.126     40.060  29.379718     3.9600     0.5635     0.0426     0.0846 4.6652e+00     2.0115      3.659      5.307    11.6136 0.0000e+00
      3.734      0.012     3.5937     33.177     40.062  29.378982     3.9600     0.5445     0.0426     0.0846 4.6815e+00     2.0416      3.662      5.311    11.6274 0.0000e+00
      3.737      0.011     3.5928     33.242     40.074  29.384611     3.9600     0.5635     0.0426     0.0846 4.6713e+00     1.9213      3.665      5.315    11.6465 0.0000e+00
      3.740      0.010     3.5936     33.313     40.079  29.386226     3.9600     0.5788     0.0426     0.0846 4.6581e+00     2.0416      3.667      5.319    11.6613 0.0000e+00
      3.742      0.010     3.5968     33.384     40.069  29.380298     3.9600     0.5559     0.0852     0.0846 4.6450e+00     2.0716      3.670      5.322    11.6666 0.0000e+00
      3.744      0.010     3.6025     33.453     40.060  29.377126     3.9600     0.5521     0.0852     0.0846 4.6379e+00     1.9514      3.672      5.326    11.6643 0.0000e+00
      3.747      0.010     3.6099     33.517     40.047  29.371904     3.9600     0.5521     0.0852     0.0846 4.6581e+00     1.9814      3.674      5.329    11.6599 0.0000e+00
      3.749      0.011     3.6179     33.572     40.021  29.359280     3.9600     0.5750     0.0852     0.0846 4.6571e+00     2.0416      3.677      5.333    11.6577 0.0000e+00
      3.752      0.013     3.6255     33.618     39.996  29.347768     3.9600     0.5406     0.0852     0.2115 4.6460e+00     2.0716      3.679      5.337    11.6590 0.0000e+00
      3.755      0.015     3.6327     33.654     39.983  29.346178     3.9600     0.5635     0.0852     0.2115 4.6571e+00     1.7560      3.683      5.341    11.6634 0.0000e+00
      3.759      0.017     3.6391     33.679     39.989  29.358045     3.9600     0.5635     0.0852     0.2115 4.6703e+00     1.7560      3.686      5.347    11.6696 0.0000e+00
      3.764      0.020     3.6445     33.700     40.014  29.378616     3.9600     0.5788     0.0852     0.2115 4.6419e+00     1.7560      3.691      5.353    11.6768 0.0000e+00
      3.769      0.022     3.6487     33.721     40.050  29.397538     3.9600     0.5368     0.0426     0.1692 4.6248e+00     1.7560      3.696      5.361    11.6855 0.0000e+00
      3.775      0.025     3.6518     33.738     40.101  29.411935     3.9600     0.6055     0.0426     0.1692 4.6068e+00     1.9664      3.702      5.369    11.6955 0.0000e+00
      3.782      0.027     3.6537     33.746     40.167  29.421688     3.9600     0.6284     0.0426     0.1692 4.5471e+00     1.9664      3.709      5.379    11.7046 0.0000e+00
      3.789      0.030     3.6558     33.744     40.239  29.425434     3.9600     0.6284     0.0426     0.1692 4.5303e+00     2.0265      3.716      5.390    11.7079 0.0000e+00
      3.797      0.032     3.6589     33.734     40.309  29.424170     3.9600     0.6436     0.0426     0.1269 4.4999e+00     1.9664      3.724      5.401    11.6980 0.0000e+00
      3.805      0.033     3.6631     33.728     40.366  29.417557     3.9600     0.5139     0.0426     0.1269 4.5019e+00     2.0716      3.732      5.413    11.6693 0.0000e+00
      3.814      0.034     3.6680     33.745     40.417  29.411750     3.9600     0.5635     0.0426     0.1269 4.4523e+00     2.0716      3.740      5.425    11.6214 0.0000e+00
      3.823      0.035     3.6729     33.820     40.462  29.409159     3.9600     0.5559     0.0426     0.1269 4.4368e+00     2.0416      3.749      5.438    11.5605 0.0000e+00
      3.832      0.036     3.6773     34.001     40.505  29.409092     3.9600     0.5712     0.0426     0.1269 4.4147e+00     1.9814      3.758      5.451    11.4961 0.0000e+00
      3.841      0.036     3.6817     34.322     40.563  29.419449     3.8700     0.4872     0.0426     0.1692 4.3499e+00     2.3271      3.767      5.464    11.4357 0.0000e+00
      3.851      0.036     3.6880     34.795     40.639  29.439034     3.8700     0.5216     0.0426     0.1692 4.3095e+00     2.2670      3.777      5.477    11.3833 0.0000e+00
      3.860      0.036     3.7001     35.413     40.730  29.465146     3.8700     0.4949     0.0426     0.1692 4.3011e+00     2.1768      3.786      5.491    11.3397 0.0000e+00
      3.870      0.035     3.7232     36.153     40.825  29.496829     3.8700     0.4949     0.0426     0.1692 4.2251e+00     2.2520      3.795      5.504    11.3014 0.0000e+00
      3.879      0.034     3.7618     36.991     40.901  29.522727     3.8700     0.4720     0.0852     0.0846 4.2159e+00     2.2670      3.804      5.517    11.2623 0.0000e+00
      3.887      0.033     3.8177     37.898     40.939  29.533907     3.8700     0.5216     0.0852     0.0846 4.1831e+00     2.2971      3.812      5.529    11.2180 0.0000e+00
      3.895      0.031     3.8898     38.842     40.942  29.533350     3.8700     0.5139     0.0852     0.0846 4.1822e+00     2.1768      3.820      5.541    11.1695 0.0000e+00
      3.903      0.030     3.9752     39.800     40.926  29.528826     3.8700     0.5101     0.0852     0.0846 4.2104e+00     2.2370      3.828      5.551    11.1238 0.0000e+00
      3.910      0.030     4.0706     40.757     40.901  29.523092     3.8700     0.4300     0.0426     0.1692 4.1704e+00     2.4023      3.835      5.562    11.0887 0.0000e+00
      3.918      0.030     4.1722     41.694     40.881  29.518578     3.8700     0.4491     0.0426     0.1692 4.1658e+00     2.6277      3.842      5.572    11.0689 0.0000e+00
      3.925      0.030     4.2763     42.588     40.889  29.525961     3.8700     0.4643     0.0426     0.1692 4.1523e+00     2.4023      3.849      5.583    11.0653 0.0000e+00
      3.933      0.031     4.3808     43.408     40.948  29.555131     3.8700     0.4682     0.0426     0.1692 4.1164e+00     2.4624      3.857      5.593    11.0742 0.0000e+00
      3.941      0.033     4.4847     44.123     41.045  29.594068     3.9600     0.4491     0.0852     0.1269 4.1298e+00     2.2069      3.864      5.605    11.0886 0.0000e+00
      3.949      0.035     4.5866     44.716     41.142  29.621473     3.9600     0.4453     0.0852     0.1269 4.1271e+00     2.2219      3.872      5.616    11.1008 0.0000e+00
      3.958      0.038     4.6848     45.222     41.228  29.636730     3.9600     0.4491     0.0852     0.1269 4.0940e+00     2.2370      3.881      5.629    11.1031 0.0000e+00
      3.967      0.041     4.7769     45.761     41.309  29.647868     3.9600     0.4262     0.0852     0.1269 4.0807e+00     2.2971      3.891      5.643    11.0871 0.0000e+00
      3.978      0.044     4.8600     46.515     41.384  29.653895     3.9600     0.3919     0.0852     0.1269 4.0104e+00     2.1768      3.901      5.659    11.0495 0.0000e+00
      3.990      0.047     4.9313     47.674     41.451  29.652456     3.8700     0.3690     0.0426     0.1692 3.9809e+00     2.1919      3.913      5.675    10.9974 0.0000e+00
      4.002      0.049     4.9938     49.404     41.514  29.651085     3.8700     0.3728     0.0426     0.1692 3.9259e+00     2.2370      3.925      5.693    10.9409 0.0000e+00
      4.016      0.051     5.0602     51.828     41.582  29.657336     3.8700     0.3881     0.0426     0.1692 3.9004e+00     2.2971      3.938      5.712    10.8839 0.0000e+00
      4.029      0.053     5.1508     55.007     41.641  29.664954     3.8700     0.2965     0.0426     0.1692 3.8432e+00     2.5376      3.952      5.731    10.8255 0.0000e+00
      4.043      0.053     5.2866     58.916     41.679  29.668049     3.8700     0.2965     0.0852     0.1692 3.8124e+00     2.5225      3.965      5.752    10.7665 0.0000e+00
      4.057      0.052     5.4858     63.430     41.705  29.671406     3.8700     0.3194     0.0852     0.1692 3.7557e+00     2.5826      3.979      5.771    10.7101 0.0000e+00
      4.071      0.051     5.7617     68.332     41.721  29.671960     3.8700     0.3079     0.0852     0.1692 3.6982e+00     2.5526      3.992      5.790    10.6593 0.0000e+00
      4.084      0.049     6.1209     73.339     41.719  29.661939     3.8700     0.3003     0.0852     0.1692 3.6958e+00     2.2670      4.005      5.809    10.6179 0.0000e+00
      4.096      0.047     6.5600     78.145     41.706  29.646589     3.7800     0.2927     0.0426     0.2115 3.6797e+00     2.2971      4.017      5.826    10.5890 0.0000e+00
      4.107      0.045     7.0653     82.466     41.696  29.633698     3.7800     0.3079     0.0426     0.2115 3.6352e+00     2.2069      4.028      5.842    10.5706 0.0000e+00
      4.119      0.043     7.6133     86.074     41.690  29.623788     3.7800     0.3232     0.0426     0.2115 3.5905e+00     2.2670      4.039      5.858    10.5576 0.0000e+00
      4.129      0.042     8.1728     88.819     41.691  29.614216     3.7800     0.2889     0.0426     0.2115 3.5952e+00     2.2971      4.050      5.873    10.5474 0.0000e+00
      4.140      0.040     8.7097     90.647     41.704  29.606390     3.7800     0.3232     0.0426     0.1269 3.5710e+00     2.2219      4.060      5.888    10.5396 0.0000e+00
      4.150      0.039     9.1925     91.606     41.731  29.606142     3.7800     0.3041     0.0426     0.1269 3.5687e+00     2.2971      4.070      5.902    10.5333 0.0000e+00
      4.160      0.038     9.5961     91.855     41.772  29.617365     3.7800     0.2736     0.0426     0.1269 3.5494e+00     2.2971      4.079      5.916    10.5262 0.0000e+00
      4.169      0.037     9.9049     91.630     41.814  29.631170     3.7800     0.3118     0.0426     0.1269 3.5209e+00     2.3271      4.089      5.930    10.5139 0.0000e+00
      4.179      0.037    10.1134     91.197     41.838  29.635400     3.7800     0.3232     0.0426     0.1269 3.5209e+00     2.3121      4.098      5.944    10.4941 0.0000e+00
      4.188      0.036    10.2259     90.783     41.848  29.631182     3.7800     0.3346     0.0426     0.0423 3.5133e+00     2.2219      4.107      5.957    10.4705 0.0000e+00
      4.197      0.035    10.2588     90.527     41.855  29.625309     3.7800     0.2965     0.0426     0.0423 3.5080e+00     2.3121      4.116      5.970    10.4485 0.0000e+00
      4.206      0.034    10.2380     90.477     41.862  29.620177     3.7800     0.3194     0.0426     0.0423 3.4468e+00     2.2971      4.125      5.982    10.4300 0.0000e+00
      4.215      0.033    10.1932     90.621     41.861  29.610455     3.7800     0.3041     0.0426     0.0423 3.4236e+00     2.1768      4.133      5.995    10.4146 0.0000e+00
      4.223      0.032    10.1502     90.910     41.849  29.593552     3.6900     0.2774     0.0426     0.0846 3.4036e+00     2.2520      4.142      6.007    10.4010 0.0000e+00
      4.231      0.031    10.1246     91.285     41.837  29.576839     3.6900     0.3232     0.0426     0.0846 3.3573e+00     2.2370      4.149      6.018    10.3881 0.0000e+00
      4.239      0.030    10.1220     91.693     41.832  29.563780     3.6900     0.3613     0.0426     0.0846 3.3925e+00     2.3271      4.157      6.029    10.3759 0.0000e+00
      4.246      0.029    10.1407     92.096     41.829  29.550892     3.6900     0.3919     0.0426     0.0846 3.3493e+00     2.2520      4.164      6.039    10.3649 0.0000e+00
      4.253      0.028    10.1754     92.476     41.827  29.538697     3.7800     0.3652     0.0426     0.0846 3.3478e+00     2.2219      4.171      6.049    10.3551 0.0000e+00
      4.260      0.027    10.2198     92.828     41.832  29.531864     3.7800     0.3690     0.0426     0.0846 3.3712e+00     2.1317      4.178      6.059    10.3452 0.0000e+00
      4.267      0.027    10.2682     93.165     41.850  29.536489     3.7800     0.3652     0.0426     0.0846 3.3167e+00     2.0115      4.184      6.069    10.3341 0.0000e+00
      4.274      0.028    10.3165     93.492     41.879  29.549847     3.7800     0.3652     0.0426     0.0846 3.3045e+00     2.0716      4.191      6.078    10.3212 0.0000e+00
      4.281      0.028    10.3622     93.808     41.906  29.563618     3.6900     0.3804     0.0426     0.1269 3.2766e+00     1.9063      4.198      6.088    10.3077 0.0000e+00
      4.288      0.029    10.4047     94.113     41.928  29.573555     3.6900     0.3728     0.0426     0.1269 3.2645e+00     2.1468      4.205      6.098    10.2955 0.0000e+00
      4.295      0.029    10.4448     94.410     41.937  29.574389     3.6900     0.3346     0.0426     0.1269 3.2688e+00     2.2670      4.212      6.109    10.2857 0.0000e+00
      4.302      0.030    10.4834     94.697     41.939  29.570299     3.6900     0.3156     0.0426     0.1269 3.2631e+00     2.1468      4.219      6.119    10.2780 0.0000e+00
