Data/DataNotYetUploadedToEDI/Raw_CTD/RawDownloads/060523_bvr50_S8188002.cnv
* Sea-Bird SBE19plus  Data File:
* FileName = C:\R\Reservoirs\Data\DataNotYetUploadedToEDI\Raw_CTD\RawDownloads\060523_fcr50_S8188_0002.hex
* Software version 2.8.0.119
* Temperature SN = 8188
* Conductivity SN = 8188
* System UpLoad Time = Jun 12 2023 14:47:31
* <ApplicationData>
* <Seaterm232>
# nquan = 16
# nvalues = 2175                        
# units = specified
# name 0 = depFM: Depth [fresh water, m]
# name 1 = dz/dtM: Descent Rate [m/s]
# name 2 = sbeox0Mg/L: Oxygen, SBE 43 [mg/l]
# name 3 = sbeox0PS: Oxygen, SBE 43 [% saturation]
# name 4 = specc: Specific Conductance [uS/cm]
# name 5 = c0uS/cm: Conductivity [uS/cm]
# name 6 = wetCDOM: Fluorescence, WET Labs CDOM [mg/m^3]
# name 7 = flECO-AFL: Fluorescence, WET Labs ECO-AFL/FL [mg/m^3]
# name 8 = flECO-AFL1: Fluorescence, WET Labs ECO-AFL/FL, 2 [mg/m^3]
# name 9 = flECO-AFL2: Fluorescence, WET Labs ECO-AFL/FL, 3 [mg/m^3]
# name 10 = par/sat/log: PAR/Logarithmic, Satlantic
# name 11 = turbWETntu0: Turbidity, WET Labs ECO [NTU]
# name 12 = prdM: Pressure, Strain Gauge [db]
# name 13 = prdE: Pressure, Strain Gauge [psi]
# name 14 = tv290C: Temperature [ITS-90, deg C]
# name 15 = flag:  0.000e+00
# span 0 =     -0.686,     10.115       
# span 1 =     -0.235,      0.086       
# span 2 =     0.0982,     9.8455       
# span 3 =      0.858,    112.526       
# span 4 =   -760.978,    250.270       
# span 5 =-505.926109, 165.792084       
# span 6 =    -4.5000,     8.1000       
# span 7 =    -0.1460,    10.6459       
# span 8 =    -2.1300,     0.8946       
# span 9 =    -2.6649,     7.4025       
# span 10 = 1.1585e-01, 2.2660e+03      
# span 11 =    -0.3482,    36.8814      
# span 12 =     -0.672,      9.920      
# span 13 =     -0.975,     14.387      
# span 14 =     8.1214,    23.1676      
# span 15 = 0.0000e+00, 0.0000e+00      
# interval = seconds: 0.25
# start_time = Jun 05 2023 12:21:18 [Instrument's time stamp, header]
# bad_flag = -9.990e-29
*END*
[from data line 1176]
      5.740      0.018     0.3767      3.520     32.998  24.185121     3.9600     1.8338     0.1278     0.3384 1.0227e+01     3.3191      5.629      8.164    11.6576 0.0000e+00
      5.744      0.019     0.3752      3.557     32.997  24.180754     3.9600     1.8224     0.1278     0.3384 1.0116e+01     3.3492      5.633      8.170    11.6543 0.0000e+00
      5.749      0.019     0.3762      3.594     33.000  24.178395     3.9600     1.8224     0.1278     0.3384 1.0033e+01     3.3041      5.638      8.177    11.6512 0.0000e+00
      5.754      0.020     0.3790      3.624     33.005  24.177416     3.9600     3.4551     0.0852     0.3807 9.9897e+00     3.4093      5.643      8.184    11.6477 0.0000e+00
      5.759      0.020     0.3825      3.644     33.017  24.181513     3.9600     3.4284     0.0852     0.3807 9.9140e+00     3.3792      5.648      8.192    11.6432 0.0000e+00
      5.765      0.021     0.3865      3.649     33.031  24.187820     3.9600     3.4284     0.0852     0.3807 9.8645e+00     3.3492      5.653      8.199    11.6377 0.0000e+00
      5.770      0.021     0.3906      3.637     33.049  24.198019     3.9600     3.4208     0.0852     0.3807 9.7431e+00     3.3642      5.658      8.207    11.6312 0.0000e+00
      5.776      0.022     0.3939      3.610     33.069  24.210870     3.9600     3.6649     0.0852     0.5076 9.7410e+00     3.3342      5.664      8.215    11.6239 0.0000e+00
      5.781      0.022     0.3961      3.577     33.079  24.217924     3.9600     3.6687     0.0852     0.5076 9.6253e+00     3.3642      5.669      8.223    11.6166 0.0000e+00
      5.787      0.022     0.3968      3.538     33.086  24.225020     3.9600     3.6954     0.0852     0.5076 9.5337e+00     3.4394      5.675      8.231    11.6103 0.0000e+00
      5.792      0.023     0.3954      3.494     33.105  24.241970     3.9600     3.6649     0.0852     0.5076 9.4450e+00     3.3041      5.681      8.239    11.6057 0.0000e+00
      5.798      0.023     0.3926      3.454     33.133  24.265374     3.9600     4.3668     0.1278     0.4653 9.3146e+00     3.3642      5.686      8.247    11.6033 0.0000e+00
      5.804      0.023     0.3890      3.425     33.156  24.285639     3.9600     4.3630     0.1278     0.4653 9.2883e+00     3.3943      5.692      8.255    11.6033 0.0000e+00
      5.810      0.022     0.3847      3.409     33.171  24.300251     3.9600     4.3440     0.1278     0.4653 9.1401e+00     3.3943      5.698      8.264    11.6059 0.0000e+00
      5.816      0.022     0.3799      3.409     33.183  24.313106     3.9600     4.3363     0.1278     0.4653 9.0139e+00     3.3492      5.703      8.272    11.6105 0.0000e+00
      5.821      0.021     0.3755      3.423     33.191  24.323674     3.9600     5.3282     0.1278     0.4653 9.0257e+00     3.3342      5.709      8.280    11.6154 0.0000e+00
      5.827      0.021     0.3723      3.456     33.191  24.326855     3.9600     5.3205     0.0852     0.6768 8.9631e+00     3.3943      5.714      8.287    11.6200 0.0000e+00
      5.832      0.020     0.3706      3.509     33.187  24.323498     3.9600     5.3167     0.0852     0.6768 8.9204e+00     3.3642      5.719      8.294    11.6255 0.0000e+00
      5.837      0.020     0.3704      3.575     33.196  24.324585     3.9600     5.2938     0.0852     0.6768 8.8894e+00     3.4243      5.724      8.301    11.6324 0.0000e+00
      5.842      0.020     0.3719      3.642     33.225  24.334364     3.9600     6.6519     0.0852     0.6768 8.7857e+00     3.3792      5.729      8.309    11.6396 0.0000e+00
      5.847      0.019     0.3754      3.703     33.266  24.347525     3.9600     6.6824     0.0852     0.6768 8.6832e+00     3.4093      5.734      8.316    11.6445 0.0000e+00
      5.852      0.019     0.3812      3.755     33.309  24.357679     3.9600     6.6443     0.0852     0.6768 8.7059e+00     3.3792      5.739      8.323    11.6439 0.0000e+00
      5.857      0.018     0.3885      3.792     33.342  24.361595     3.9600     6.6519     0.0852     0.6768 8.6343e+00     3.4243      5.743      8.330    11.6353 0.0000e+00
      5.861      0.017     0.3959      3.808     33.370  24.366254     3.9600     6.4116     0.0852     0.6768 8.6193e+00     3.3943      5.748      8.336    11.6181 0.0000e+00
      5.865      0.016     0.4028      3.801     33.399  24.374877     3.9600     6.4192     0.0852     0.6345 8.5021e+00     3.4243      5.752      8.342    11.5926 0.0000e+00
      5.869      0.016     0.4088      3.777     33.425  24.381846     3.9600     6.3963     0.0852     0.6345 8.5003e+00     3.3342      5.756      8.348    11.5615 0.0000e+00
      5.873      0.015     0.4131      3.739     33.447  24.383082     3.9600     6.4192     0.0852     0.6345 8.4230e+00     3.3342      5.760      8.353    11.5310 0.0000e+00
      5.877      0.015     0.4150      3.693     33.458  24.374954     3.9600     6.1216     0.0852     0.6345 8.4121e+00     3.3943      5.763      8.359    11.5068 0.0000e+00
      5.880      0.015     0.4145      3.642     33.462  24.363211     3.9600     6.0987     0.0852     0.5922 8.3338e+00     3.3943      5.767      8.364    11.4882 0.0000e+00
      5.884      0.014     0.4120      3.594     33.469  24.356599     3.9600     6.1026     0.0852     0.5922 8.2312e+00     3.3943      5.770      8.369    11.4699 0.0000e+00
      5.888      0.014     0.4081      3.554     33.475  24.351373     3.9600     6.1140     0.0852     0.5922 8.0964e+00     3.4243      5.774      8.375    11.4480 0.0000e+00
      5.892      0.014     0.4032      3.522     33.475  24.342183     3.9600     7.1592     0.0852     0.5922 8.0333e+00     3.1388      5.778      8.380    11.4237 0.0000e+00
      5.895      0.014     0.3979      3.491     33.476  24.334494     3.9600     7.1516     0.0852     0.5922 7.9275e+00     3.1688      5.781      8.385    11.4019 0.0000e+00
      5.898      0.014     0.3928      3.466     33.483  24.332195     3.8700     7.1364     0.0852     0.6345 7.8555e+00     3.0937      5.784      8.390    11.3847 0.0000e+00
      5.902      0.014     0.3886      3.447     33.480  24.324775     3.8700     7.1669     0.0852     0.6345 7.7605e+00     3.0636      5.788      8.394    11.3703 0.0000e+00
      5.905      0.015     0.3851      3.432     33.470  24.312234     3.8700     6.3124     0.0852     0.6345 7.7185e+00     3.3792      5.791      8.399    11.3565 0.0000e+00
      5.909      0.016     0.3819      3.420     33.462  24.301125     3.8700     6.3009     0.0852     0.6345 7.6036e+00     3.3943      5.795      8.405    11.3433 0.0000e+00
      5.913      0.017     0.3792      3.411     33.455  24.288486     3.8700     6.3086     0.1278     0.5499 7.4791e+00     3.4394      5.799      8.410    11.3327 0.0000e+00
      5.918      0.018     0.3772      3.405     33.448  24.274906     3.8700     6.2857     0.1278     0.5499 7.3726e+00     3.3642      5.804      8.417    11.3244 0.0000e+00
      5.922      0.019     0.3756      3.406     33.445  24.264681     3.8700     6.1102     0.1278     0.5499 7.2455e+00     3.2740      5.808      8.424    11.3171 0.0000e+00
      5.927      0.019     0.3744      3.415     33.452  24.263001     3.8700     6.1445     0.1278     0.5499 7.1423e+00     3.3191      5.813      8.431    11.3087 0.0000e+00
      5.933      0.020     0.3736      3.427     33.466  24.269417     3.8700     6.0949     0.0852     0.5922 7.0422e+00     3.4394      5.818      8.438    11.2977 0.0000e+00
      5.938      0.020     0.3730      3.437     33.490  24.285642     3.8700     6.0949     0.0852     0.5922 6.9223e+00     3.3943      5.823      8.446    11.2849 0.0000e+00
      5.943      0.021     0.3732      3.442     33.537  24.319959     3.8700     7.2088     0.0852     0.5922 6.8505e+00     3.3792      5.828      8.453    11.2725 0.0000e+00
      5.948      0.021     0.3742      3.442     33.592  24.359747     3.8700     7.2432     0.0852     0.5922 6.7779e+00     3.3642      5.833      8.461    11.2625 0.0000e+00
      5.954      0.022     0.3756      3.438     33.626  24.383944     3.8700     7.2088     0.0852     0.5922 6.7735e+00     3.3041      5.839      8.468    11.2570 0.0000e+00
      5.959      0.023     0.3767      3.427     33.639  24.395044     3.7800     7.2088     0.0852     0.8037 6.6049e+00     3.3943      5.844      8.476    11.2560 0.0000e+00
      5.965      0.023     0.3772      3.404     33.650  24.407883     3.7800     9.6159     0.0852     0.8037 6.5137e+00     3.3041      5.850      8.485    11.2563 0.0000e+00
      5.972      0.023     0.3773      3.366     33.671  24.431823     3.7800     9.5625     0.0852     0.8037 6.4000e+00     3.3642      5.856      8.494    11.2555 0.0000e+00
      5.978      0.023     0.3769      3.321     33.699  24.463351     3.7800     9.5969     0.0852     0.8037 6.3075e+00     3.4394      5.863      8.503    11.2547 0.0000e+00
      5.984      0.023     0.3756      3.274     33.718  24.491080     3.7800     9.6198     0.0852     1.1844 6.2829e+00     3.3191      5.868      8.511    11.2571 0.0000e+00
      5.990      0.022     0.3730      3.227     33.729  24.512509     3.7800    10.6307     0.0852     1.1844 6.2367e+00     3.3342      5.874      8.519    11.2648 0.0000e+00
      5.995      0.021     0.3688      3.181     33.744  24.533351     3.7800    10.6307     0.0852     1.1844 6.1854e+00     3.3943      5.879      8.527    11.2776 0.0000e+00
      6.000      0.021     0.3637      3.140     33.770  24.555208     3.7800    10.6230     0.0852     1.1844 6.1039e+00     3.3492      5.884      8.534    11.2947 0.0000e+00
      6.005      0.020     0.3584      3.105     33.811  24.579949     3.8700    10.6459     0.1278     1.7766 6.0472e+00     3.3642      5.889      8.541    11.3146 0.0000e+00
      6.010      0.020     0.3531      3.080     33.872  24.614170     3.8700    10.0585     0.1278     1.7766 5.9442e+00     3.1688      5.894      8.549    11.3346 0.0000e+00
      6.015      0.019     0.3479      3.063     33.946  24.655120     3.8700    10.0813     0.1278     1.7766 5.8749e+00     3.1538      5.899      8.556    11.3495 0.0000e+00
      6.020      0.019     0.3434      3.051     34.015  24.689964     3.8700    10.0737     0.1278     1.7766 5.8431e+00     3.2139      5.904      8.563    11.3538 0.0000e+00
      6.025      0.018     0.3397      3.039     34.072  24.716115     3.7800    10.0661     0.0852     1.9458 5.7699e+00     3.1388      5.908      8.569    11.3465 0.0000e+00
      6.029      0.018     0.3370      3.021     34.116  24.736589     3.7800     7.7124     0.0852     1.9458 5.7812e+00     3.1538      5.913      8.576    11.3315 0.0000e+00
      6.034      0.018     0.3353      2.992     34.157  24.756844     3.7800     7.7124     0.0852     1.9458 5.6877e+00     3.1388      5.917      8.583    11.3124 0.0000e+00
      6.039      0.017     0.3341      2.950     34.222  24.794158     3.7800     7.7048     0.0852     1.9458 5.6459e+00     3.0636      5.922      8.589    11.2902 0.0000e+00
      6.043      0.017     0.3330      2.899     34.345  24.870360     3.7800     7.7200     0.0852     1.9458 5.5873e+00     3.1087      5.926      8.595    11.2681 0.0000e+00
      6.047      0.017     0.3312      2.845     34.548  25.001810     3.8700     7.0295     0.1278     1.9035 5.5594e+00     3.1087      5.930      8.601    11.2510 0.0000e+00
      6.052      0.018     0.3281      2.788     34.827  25.185950     3.8700     7.0524     0.1278     1.9035 5.5257e+00     3.1087      5.934      8.607    11.2379 0.0000e+00
      6.056      0.019     0.3235      2.734     35.167  25.408538     3.8700     7.0219     0.1278     1.9035 5.4755e+00     3.1538      5.939      8.614    11.2231 0.0000e+00
      6.061      0.019     0.3181      2.684     35.533  25.645789     3.8700     7.0295     0.1278     1.9035 5.3462e+00     3.1989      5.944      8.621    11.2048 0.0000e+00
      6.066      0.020     0.3123      2.632     35.855  25.848131     3.8700     7.1020     0.1278     1.6074 5.2712e+00     3.1087      5.949      8.628    11.1834 0.0000e+00
      6.072      0.021     0.3063      2.572     36.063  25.966580     3.8700     7.0906     0.1278     1.6074 5.1894e+00     3.1989      5.954      8.636    11.1574 0.0000e+00
      6.077      0.021     0.3005      2.499     36.144  25.997088     3.8700     7.0982     0.1278     1.6074 5.0646e+00     3.1688      5.960      8.644    11.1251 0.0000e+00
      6.083      0.021     0.2952      2.404     36.148  25.977483     3.8700     7.0791     0.1278     1.6074 4.9568e+00     3.1688      5.965      8.652    11.0868 0.0000e+00
      6.089      0.021     0.2898      2.286     36.133  25.948069     3.8700     6.4726     0.1278     1.6920 4.8703e+00     2.8832      5.971      8.660    11.0442 0.0000e+00
      6.094      0.022     0.2836      2.145     36.132  25.930696     3.8700     6.4764     0.1278     1.6920 4.7687e+00     2.8532      5.976      8.668    11.0006 0.0000e+00
      6.100      0.022     0.2757      1.985     36.154  25.930631     3.8700     6.5031     0.1278     1.6920 4.7347e+00     2.9434      5.981      8.676    10.9615 0.0000e+00
      6.105      0.022     0.2655      1.816     36.193  25.945875     3.8700     6.4688     0.1278     1.6920 4.6601e+00     2.8382      5.987      8.683    10.9300 0.0000e+00
      6.111      0.022     0.2526      1.653     36.236  25.966634     3.8700     5.8584     0.1278     1.8612 4.6108e+00     2.8532      5.992      8.691    10.9044 0.0000e+00
      6.117      0.022     0.2372      1.503     36.268  25.982607     3.8700     5.8546     0.1278     1.8612 4.4970e+00     2.8081      5.998      8.700    10.8810 0.0000e+00
      6.122      0.022     0.2195      1.372     36.302  26.002014     3.8700     5.8660     0.1278     1.8612 4.4358e+00     2.9734      6.004      8.708    10.8592 0.0000e+00
      6.128      0.022     0.2010      1.265     36.344  26.026071     3.8700     5.8660     0.1278     1.8612 4.3889e+00     2.8682      6.010      8.716    10.8408 0.0000e+00
      6.134      0.021     0.1830      1.192     36.374  26.041394     3.8700     4.9314     0.1278     1.8612 4.3603e+00     2.7329      6.015      8.724    10.8274 0.0000e+00
      6.139      0.020     0.1664      1.153     36.390  26.048112     3.8700     4.9391     0.0852     1.9881 4.3889e+00     2.6879      6.020      8.732    10.8182 0.0000e+00
      6.145      0.018     0.1519      1.140     36.401  26.051975     3.8700     4.9505     0.0852     1.9881 4.3736e+00     2.7480      6.025      8.739    10.8107 0.0000e+00
      6.149      0.017     0.1402      1.144     36.413  26.057973     3.8700     4.9467     0.0852     1.9881 4.4581e+00     2.6879      6.030      8.746    10.8027 0.0000e+00
      6.153      0.015     0.1321      1.161     36.448  26.079581     3.8700     4.2982     0.0852     1.9881 4.5600e+00     2.4925      6.034      8.752    10.7946 0.0000e+00
      6.157      0.014     0.1278      1.188     36.514  26.122563     3.7800     4.2867     0.0852     1.9458 4.6520e+00     2.5075      6.037      8.757    10.7878 0.0000e+00
      6.160      0.013     0.1264      1.220     36.598  26.178584     3.7800     4.2905     0.0852     1.9458 4.7594e+00     2.4925      6.041      8.761    10.7829 0.0000e+00
      6.163      0.013     0.1269      1.250     36.689  26.238826     3.7800     4.2944     0.0852     1.9458 4.9482e+00     2.5977      6.044      8.766    10.7786 0.0000e+00
      6.166      0.012     0.1287      1.274     36.769  26.289660     3.7800     5.1069     0.0852     1.9458 5.1166e+00     2.7630      6.047      8.770    10.7739 0.0000e+00
      6.169      0.012     0.1317      1.295     36.835  26.330782     3.8700     5.1031     0.0852     1.6497 5.2804e+00     2.7179      6.050      8.775    10.7685 0.0000e+00
