Data/DataNotYetUploadedToEDI/Raw_CTD/RawDownloads/060523_bvr50_S8188002.cnv
* Sea-Bird SBE19plus  Data File:
* FileName = C:\R\Reservoirs\Data\DataNotYetUploadedToEDI\Raw_CTD\RawDownloads\060523_fcr50_S8188_0002.hex
* Software version 2.8.0.119
* Temperature SN = 8188
* Conductivity SN = 8188
* System UpLoad Time = Jun 12 2023 14:47:31
* <ApplicationData>
* <Seaterm232>
# nquan = 16
# nvalues = 2175                        
# units = specified
# name 0 = depFM: Depth [fresh water, m]
# name 1 = dz/dtM: Descent Rate [m/s]
# name 2 = sbeox0Mg/L: Oxygen, SBE 43 [mg/l]
# name 3 = sbeox0PS: Oxygen, SBE 43 [% saturation]
# name 4 = specc: Specific Conductance [uS/cm]
# name 5 = c0uS/cm: Conductivity [uS/cm]
# name 6 = wetCDOM: Fluorescence, WET Labs CDOM [mg/m^3]
# name 7 = flECO-AFL: Fluorescence, WET Labs ECO-AFL/FL [mg/m^3]
# name 8 = flECO-AFL1: Fluorescence, WET Labs ECO-AFL/FL, 2 [mg/m^3]
# name 9 = flECO-AFL2: Fluorescence, WET Labs ECO-AFL/FL, 3 [mg/m^3]
# name 10 = par/sat/log: PAR/Logarithmic, Satlantic
# name 11 = turbWETntu0: Turbidity, WET Labs ECO [NTU]
# name 12 = prdM: Pressure, Strain Gauge [db]
# name 13 = prdE: Pressure, Strain Gauge [psi]
# name 14 = tv290C: Temperature [ITS-90, deg C]
# name 15 = flag:  0.000e+00
# span 0 =     -0.686,     10.115       
# span 1 =     -0.235,      0.086       
# span 2 =     0.0982,     9.8455       
# span 3 =      0.858,    112.526       
# span 4 =   -760.978,    250.270       
# span 5 =-505.926109, 165.792084       
# span 6 =    -4.5000,     8.1000       
# span 7 =    -0.1460,    10.6459       
# span 8 =    -2.1300,     0.8946       
# span 9 =    -2.6649,     7.4025       
# span 10 = 1.1585e-01, 2.2660e+03      
# span 11 =    -0.3482,    36.8814      
# span 12 =     -0.672,      9.920      
# span 13 =     -0.975,     14.387      
# span 14 =     8.1214,    23.1676      
# span 15 = 0.0000e+00, 0.0000e+00      
# interval = seconds: 0.25
# start_time = Jun 05 2023 12:21:18 [Instrument's time stamp, header]
# bad_flag = -9.990e-29
*END*
[from data line 995]
      4.898      0.022     3.4093     30.613     32.173  24.880018     4.1400     0.5940     0.1278     0.0846 7.5198e+00     3.3342      4.803      6.967    13.6694 0.0000e+00
      4.904      0.021     3.3424     30.295     32.169  24.882386     4.1400     0.6131     0.1278     0.0846 7.4337e+00     3.4694      4.809      6.975    13.6610 0.0000e+00
      4.909      0.021     3.2798     30.114     32.168  24.887836     4.1400     0.6017     0.1278     0.0846 7.3550e+00     3.3342      4.814      6.983    13.6573 0.0000e+00
      4.915      0.021     3.2240     30.069     32.173  24.897822     4.1400     0.6208     0.1278     0.0846 7.3422e+00     3.4243      4.820      6.990    13.6582 0.0000e+00
      4.920      0.021     3.1781     30.155     32.183  24.911047     4.1400     0.6055     0.1278     0.0846 7.2125e+00     3.3642      4.825      6.998    13.6632 0.0000e+00
      4.925      0.021     3.1446     30.366     32.193  24.923122     4.1400     0.6246     0.1278     0.1269 7.2172e+00     3.2740      4.830      7.005    13.6712 0.0000e+00
      4.930      0.020     3.1251     30.689     32.205  24.933307     4.1400     0.6131     0.1278     0.1269 7.0928e+00     3.3943      4.835      7.013    13.6806 0.0000e+00
      4.936      0.020     3.1198     31.085     32.220  24.940358     4.1400     0.6436     0.1278     0.1269 7.0452e+00     3.5746      4.840      7.020    13.6902 0.0000e+00
      4.941      0.020     3.1280     31.497     32.229  24.938240     4.1400     0.6093     0.1278     0.1269 7.0192e+00     3.6047      4.845      7.027    13.6992 0.0000e+00
      4.946      0.021     3.1495     31.862     32.236  24.930344     4.2300     0.6208     0.1278     0.0423 6.9964e+00     3.6949      4.851      7.035    13.7060 0.0000e+00
      4.951      0.021     3.1829     32.117     32.246  24.922483     4.2300     0.6055     0.1278     0.0423 6.9918e+00     3.5746      4.856      7.042    13.7074 0.0000e+00
      4.957      0.021     3.2245     32.199     32.257  24.912560     4.2300     0.6398     0.1278     0.0423 6.9994e+00     3.5897      4.861      7.050    13.7006 0.0000e+00
      4.962      0.021     3.2683     32.060     32.270  24.901888     4.2300     0.6436     0.1278     0.0423 7.0177e+00     3.6798      4.866      7.058    13.6862 0.0000e+00
      4.967      0.021     3.3076     31.674     32.289  24.893557     4.2300     0.6246     0.1278     0.0423 6.9964e+00     3.6348      4.871      7.065    13.6663 0.0000e+00
      4.973      0.021     3.3358     31.045     32.311  24.887327     4.3200     0.6360     0.0852     0.1692 7.0147e+00     3.7249      4.877      7.073    13.6420 0.0000e+00
      4.978      0.021     3.3464     30.207     32.330  24.879553     4.3200     0.7047     0.0852     0.1692 7.0330e+00     3.9504      4.882      7.080    13.6132 0.0000e+00
      4.983      0.021     3.3342     29.219     32.349  24.872123     4.3200     0.6780     0.0852     0.1692 7.0406e+00     3.8452      4.887      7.088    13.5805 0.0000e+00
      4.989      0.021     3.2966     28.154     32.375  24.868991     4.3200     0.6856     0.0852     0.1692 7.0071e+00     3.8903      4.892      7.096    13.5453 0.0000e+00
      4.994      0.021     3.2336     27.074     32.406  24.869324     4.3200     0.6894     0.1278     0.1269 6.9676e+00     3.8752      4.898      7.104    13.5093 0.0000e+00
      5.000      0.021     3.1486     26.028     32.435  24.869248     4.3200     0.7314     0.1278     0.1269 6.9118e+00     3.8452      4.903      7.112    13.4742 0.0000e+00
      5.005      0.020     3.0479     25.045     32.453  24.864785     4.3200     0.7276     0.1278     0.1269 6.8878e+00     3.8001      4.909      7.120    13.4399 0.0000e+00
      5.011      0.020     2.9390     24.132     32.465  24.860681     4.3200     0.7352     0.1278     0.1269 6.8045e+00     3.9354      4.914      7.127    13.4045 0.0000e+00
      5.016      0.019     2.8285     23.287     32.475  24.859800     4.3200     0.7352     0.1278     0.0846 6.7617e+00     3.8301      4.919      7.134    13.3683 0.0000e+00
      5.020      0.018     2.7213     22.516     32.479  24.857950     4.3200     1.0671     0.1278     0.0846 6.6930e+00     3.7550      4.923      7.141    13.3346 0.0000e+00
      5.025      0.017     2.6203     21.833     32.477  24.854635     4.3200     1.1090     0.1278     0.0846 6.6698e+00     3.7249      4.928      7.147    13.3065 0.0000e+00
      5.029      0.016     2.5260     21.255     32.469  24.850951     4.3200     1.1014     0.1278     0.0846 6.6582e+00     3.8452      4.931      7.153    13.2859 0.0000e+00
      5.033      0.015     2.4384     20.801     32.455  24.843938     4.3200     1.0862     0.1278     0.1269 6.6510e+00     3.7550      4.935      7.158    13.2725 0.0000e+00
      5.037      0.015     2.3582     20.477     32.442  24.835684     4.3200     0.8954     0.1278     0.1269 6.6727e+00     3.7851      4.939      7.164    13.2640 0.0000e+00
      5.040      0.015     2.2869     20.282     32.437  24.829927     4.3200     0.9259     0.1278     0.1269 6.6843e+00     3.8151      4.943      7.169    13.2612 0.0000e+00
      5.044      0.015     2.2262     20.205     32.432  24.821173     4.3200     0.9297     0.1278     0.1269 6.8089e+00     3.8001      4.946      7.174    13.2654 0.0000e+00
      5.047      0.015     2.1783     20.229     32.428  24.809066     4.3200     0.9183     0.1278     0.1269 6.8923e+00     3.8602      4.950      7.179    13.2716 0.0000e+00
      5.051      0.015     2.1443     20.324     32.430  24.796317     4.2300     0.9145     0.1278     0.2115 6.9842e+00     3.8151      4.953      7.185    13.2738 0.0000e+00
      5.055      0.015     2.1241     20.448     32.437  24.783485     4.2300     0.9069     0.1278     0.2115 7.0529e+00     3.8001      4.957      7.190    13.2713 0.0000e+00
      5.059      0.015     2.1163     20.557     32.451  24.775064     4.2300     0.9145     0.1278     0.2115 7.1922e+00     3.8151      4.961      7.196    13.2638 0.0000e+00
      5.063      0.016     2.1194     20.606     32.468  24.768807     4.2300     0.9183     0.1278     0.2115 7.2881e+00     3.8752      4.965      7.201    13.2493 0.0000e+00
      5.067      0.016     2.1305     20.561     32.482  24.759088     4.2300     0.9488     0.1278     0.1692 7.4159e+00     3.8752      4.969      7.207    13.2271 0.0000e+00
      5.071      0.017     2.1448     20.406     32.495  24.743315     4.2300     0.9832     0.1278     0.1692 7.5887e+00     3.8452      4.973      7.213    13.1997 0.0000e+00
      5.075      0.017     2.1576     20.141     32.510  24.725198     4.2300     0.9870     0.1278     0.1692 7.6900e+00     3.8452      4.977      7.219    13.1703 0.0000e+00
      5.080      0.017     2.1641     19.771     32.532  24.715740     4.2300     0.9641     0.1278     0.1692 7.7909e+00     3.9053      4.982      7.225    13.1412 0.0000e+00
      5.085      0.018     2.1609     19.309     32.560  24.716376     4.2300     0.8420     0.1278     0.1692 7.9189e+00     3.8301      4.986      7.232    13.1094 0.0000e+00
      5.089      0.018     2.1465     18.773     32.582  24.719358     4.2300     0.8496     0.1278     0.1692 8.0316e+00     3.8301      4.991      7.239    13.0697 0.0000e+00
      5.094      0.017     2.1206     18.178     32.598  24.721522     4.2300     0.8420     0.1278     0.1692 8.1352e+00     3.8151      4.995      7.245    13.0246 0.0000e+00
      5.098      0.017     2.0836     17.550     32.606  24.719486     4.2300     0.8420     0.1278     0.1692 8.1760e+00     3.8301      5.000      7.251    12.9836 0.0000e+00
      5.103      0.017     2.0364     16.920     32.615  24.716666     4.2300     0.8802     0.1278     0.2538 8.2527e+00     3.5897      5.004      7.258    12.9527 0.0000e+00
      5.107      0.017     1.9807     16.319     32.638  24.724187     4.2300     0.9259     0.1278     0.2538 8.3103e+00     3.5897      5.008      7.264    12.9314 0.0000e+00
      5.111      0.017     1.9186     15.779     32.668  24.736135     4.2300     0.9297     0.1278     0.2538 8.3920e+00     3.5596      5.013      7.270    12.9163 0.0000e+00
      5.115      0.016     1.8529     15.329     32.690  24.743820     4.2300     0.9183     0.1278     0.2538 8.3901e+00     3.5897      5.017      7.276    12.9032 0.0000e+00
      5.120      0.016     1.7869     14.994     32.706  24.749290     4.2300     0.8535     0.1278     0.2538 8.4432e+00     3.8903      5.021      7.282    12.8892 0.0000e+00
      5.124      0.015     1.7241     14.788     32.711  24.750044     4.1400     0.8573     0.0852     0.3384 8.4855e+00     3.9504      5.025      7.288    12.8735 0.0000e+00
      5.128      0.015     1.6677     14.708     32.707  24.746283     4.1400     0.8649     0.0852     0.3384 8.5614e+00     3.8903      5.029      7.293    12.8574 0.0000e+00
      5.131      0.014     1.6205     14.733     32.706  24.744924     4.1400     0.8496     0.0852     0.3384 8.6606e+00     3.8301      5.032      7.298    12.8432 0.0000e+00
      5.135      0.014     1.5855     14.833     32.709  24.745604     4.1400     0.8802     0.0852     0.3384 8.7059e+00     3.6648      5.036      7.304    12.8331 0.0000e+00
      5.138      0.014     1.5640     14.978     32.715  24.744544     4.1400     0.8649     0.1278     0.2961 8.7362e+00     3.6949      5.039      7.309    12.8279 0.0000e+00
      5.142      0.014     1.5556     15.148     32.724  24.745422     4.1400     0.8344     0.1278     0.2961 8.7762e+00     3.6348      5.042      7.314    12.8265 0.0000e+00
      5.145      0.014     1.5583     15.324     32.733  24.748470     4.1400     0.8649     0.1278     0.2961 8.8643e+00     3.5897      5.046      7.318    12.8264 0.0000e+00
      5.149      0.014     1.5690     15.490     32.731  24.746583     4.1400     0.7962     0.1278     0.2961 8.9417e+00     3.6648      5.049      7.323    12.8234 0.0000e+00
      5.153      0.015     1.5846     15.633     32.719  24.739258     4.1400     0.7657     0.1278     0.2538 9.0119e+00     3.5746      5.053      7.329    12.8154 0.0000e+00
      5.156      0.015     1.6030     15.752     32.712  24.732460     4.1400     0.7962     0.1278     0.2538 9.0610e+00     3.6047      5.057      7.334    12.8055 0.0000e+00
      5.160      0.016     1.6218     15.854     32.713  24.728336     4.1400     0.7886     0.1278     0.2538 9.1540e+00     3.5596      5.061      7.340    12.7999 0.0000e+00
      5.164      0.016     1.6393     15.952     32.715  24.721827     4.1400     1.0442     0.1278     0.2538 9.2843e+00     3.6648      5.065      7.346    12.8002 0.0000e+00
      5.169      0.017     1.6544     16.048     32.713  24.711196     4.1400     1.0518     0.1278     0.2538 9.2903e+00     3.5746      5.069      7.352    12.8018 0.0000e+00
      5.173      0.017     1.6671     16.144     32.713  24.701526     4.1400     1.0518     0.1278     0.2538 9.3287e+00     3.6197      5.073      7.358    12.7997 0.0000e+00
      5.178      0.018     1.6782     16.243     32.710  24.690238     4.1400     1.0327     0.1278     0.2538 9.3918e+00     3.5897      5.078      7.364    12.7924 0.0000e+00
      5.182      0.018     1.6889     16.340     32.700  24.674321     4.1400     1.1968     0.1278     0.2538 9.4409e+00     3.5897      5.082      7.371    12.7809 0.0000e+00
      5.187      0.018     1.6997     16.420     32.687  24.657450     4.1400     1.2159     0.1278     0.2538 9.5109e+00     3.6047      5.087      7.378    12.7669 0.0000e+00
      5.192      0.018     1.7104     16.473     32.673  24.639082     4.0500     1.2082     0.0852     0.1692 9.5544e+00     3.6047      5.091      7.384    12.7523 0.0000e+00
      5.196      0.018     1.7215     16.488     32.656  24.618280     4.0500     1.2426     0.0852     0.1692 9.5960e+00     3.6197      5.096      7.391    12.7385 0.0000e+00
      5.201      0.017     1.7322     16.457     32.641  24.597415     4.0500     1.3646     0.0852     0.1692 9.6462e+00     3.6197      5.100      7.397    12.7256 0.0000e+00
      5.205      0.017     1.7412     16.374     32.635  24.582797     4.0500     1.3227     0.0852     0.1692 9.7241e+00     3.5295      5.105      7.403    12.7138 0.0000e+00
      5.210      0.017     1.7472     16.236     32.642  24.578448     4.1400     1.3303     0.0852     0.2961 9.7813e+00     3.7249      5.109      7.410    12.7023 0.0000e+00
      5.214      0.017     1.7493     16.033     32.647  24.575289     4.1400     1.3494     0.0852     0.2961 9.8817e+00     3.6798      5.113      7.416    12.6898 0.0000e+00
      5.218      0.017     1.7465     15.763     32.640  24.564559     4.1400     1.2731     0.0852     0.2961 9.9571e+00     3.6197      5.118      7.422    12.6754 0.0000e+00
      5.223      0.017     1.7384     15.436     32.627  24.551315     4.1400     1.2578     0.0852     0.2961 1.0014e+01     3.5897      5.122      7.429    12.6599 0.0000e+00
      5.227      0.017     1.7242     15.063     32.626  24.547860     4.1400     1.2921     0.0852     0.2538 1.0134e+01     3.5897      5.126      7.435    12.6457 0.0000e+00
      5.232      0.017     1.7031     14.664     32.630  24.549315     4.1400     1.2807     0.0852     0.2538 1.0271e+01     3.6047      5.130      7.441    12.6347 0.0000e+00
      5.236      0.017     1.6748     14.266     32.623  24.544190     4.1400     1.1586     0.0852     0.2538 1.0390e+01     3.6498      5.135      7.447    12.6266 0.0000e+00
      5.240      0.016     1.6401     13.899     32.616  24.539037     4.1400     1.1739     0.0852     0.2538 1.0508e+01     3.5596      5.139      7.453    12.6208 0.0000e+00
      5.244      0.016     1.6006     13.591     32.613  24.536441     4.1400     1.1510     0.1278     0.1269 1.0656e+01     3.6648      5.143      7.459    12.6169 0.0000e+00
      5.248      0.015     1.5583     13.360     32.601  24.527791     4.1400     1.1586     0.1278     0.1269 1.0760e+01     3.6348      5.146      7.464    12.6149 0.0000e+00
      5.252      0.015     1.5161     13.217     32.580  24.510781     4.1400     1.0709     0.1278     0.1269 1.0909e+01     3.5746      5.150      7.470    12.6143 0.0000e+00
      5.256      0.016     1.4771     13.158     32.560  24.492751     4.1400     1.0862     0.1278     0.1269 1.1088e+01     3.5295      5.154      7.475    12.6144 0.0000e+00
      5.260      0.016     1.4443     13.166     32.539  24.472854     4.1400     1.1090     0.1278     0.1269 1.1253e+01     3.5596      5.158      7.481    12.6145 0.0000e+00
      5.264      0.016     1.4199     13.209     32.510  24.445782     4.1400     1.1090     0.1278     0.1269 1.1381e+01     3.5295      5.162      7.487    12.6143 0.0000e+00
      5.268      0.016     1.4047     13.251     32.478  24.416193     4.1400     0.7581     0.1278     0.1269 1.1555e+01     3.5746      5.166      7.493    12.6126 0.0000e+00
      5.273      0.017     1.3986     13.249     32.451  24.390052     4.1400     0.7772     0.1278     0.1269 1.1732e+01     3.6197      5.170      7.499    12.6087 0.0000e+00
      5.277      0.017     1.3995     13.169     32.435  24.372267     4.1400     0.7772     0.1278     0.1269 1.1876e+01     3.5446      5.175      7.506    12.6026 0.0000e+00
      5.281      0.017     1.4044     12.992     32.433  24.364031     4.1400     0.7810     0.1278     0.0846 1.2050e+01     3.6648      5.179      7.512    12.5949 0.0000e+00
      5.285      0.016     1.4091     12.715     32.439  24.363149     4.1400     0.7657     0.1278     0.0846 1.2224e+01     3.6949      5.183      7.518    12.5862 0.0000e+00
      5.290      0.016     1.4092     12.355     32.447  24.363448     4.1400     0.7924     0.1278     0.0846 1.2441e+01     3.6047      5.188      7.524    12.5769 0.0000e+00
