Data/DataNotYetUploadedToEDI/Raw_CTD/RawDownloads/060722_fcr50_0007.cnv
* Sea-Bird SBE19plus  Data File:
* FileName = C:\R\Reservoirs\Data\DataNotYetUploadedToEDI\Raw_CTD\RawDownloads\060722_bvr01_0007.hex
* Software version 2.8.0.119
* Temperature SN = 7809
* Conductivity SN = 7809
* System UpLoad Time = Jun 08 2022 10:07:48
* <ApplicationData>
* <Seaterm232>
# nquan = 15
# nvalues = 1546                        
# units = specified
# name 0 = depFM: Depth [fresh water, m]
# name 1 = dz/dtM: Descent Rate [m/s]
# name 2 = sbeox0Mg/L: Oxygen, SBE 43 [mg/l]
# name 3 = sbeox0PS: Oxygen, SBE 43 [% saturation]
# name 4 = specc: Specific Conductance [uS/cm]
# name 5 = c0uS/cm: Conductivity [uS/cm]
# name 6 = flECO-AFL: Fluorescence, WET Labs ECO-AFL/FL [mg/m^3]
# name 7 = ph: pH
# name 8 = orp: Oxidation Reduction Potential [mV]
# name 9 = par/sat/log: PAR/Logarithmic, Satlantic
# name 10 = turbWETntu0: Turbidity, WET Labs ECO [NTU]
# name 11 = prdM: Pressure, Strain Gauge [db]
# name 12 = prdE: Pressure, Strain Gauge [psi]
# name 13 = tv290C: Temperature [ITS-90, deg C]
# name 14 = flag:  0.000e+00
# span 0 =     -0.675,      9.624       
# span 1 =     -0.262,      0.199       
# span 2 =     0.2305,    15.3060       
# span 3 =      2.239,    166.898       
# span 4 =      1.233,    455.847       
# span 5 =   1.019916, 320.495345       
# span 6 =    -0.2598,    21.4527       
# span 7 =      5.887,      9.865       
# span 8 = -1240.7455,   170.0728       
# span 9 = 1.2360e-01, 2.3650e+03       
# span 10 =    -1.7089,    90.7255      
# span 11 =     -0.663,      9.439      
# span 12 =     -0.961,     13.690      
# span 13 =     9.7458,    21.7330      
# span 14 = 0.0000e+00, 0.0000e+00      
# interval = seconds: 0.25
# start_time = Jun 07 2022 10:04:16 [Instrument's time stamp, header]
# bad_flag = -9.990e-29
*END*
[from data line 386]
      1.408      0.046    14.9816    153.328     37.421  33.115861     6.3829      9.853    75.7244 2.3627e+01    13.7854      1.379      1.999    19.2155 0.0000e+00
      1.428      0.050    14.7092    152.475     37.299  33.001451     6.3757      9.859    75.5087 2.2497e+01    13.6883      1.406      2.038    19.2447 0.0000e+00
      1.442      0.052    14.4510    152.063     36.943  32.681428     6.3802      9.864    75.2515 2.2037e+01    13.6544      1.416      2.054    19.2585 0.0000e+00
      1.450      0.054    14.2551    151.956     36.449  32.226397     6.4285      9.865    75.6258 2.1474e+01    13.6838      1.419      2.058    19.2593 0.0000e+00
      1.461      0.054    14.1347    151.990     36.048  31.810945     6.5192      9.861    76.5065 2.0649e+01    13.8045      1.432      2.078    19.2420 0.0000e+00
      1.475      0.055    14.0620    151.924     35.983  31.652337     6.5617      9.851    77.4681 1.9873e+01    13.9176      1.447      2.100    19.2301 0.0000e+00
      1.490      0.059    14.0281    151.428     36.080  31.639944     6.5502      9.832    78.9075 1.8955e+01    13.9240      1.459      2.116    19.2337 0.0000e+00
      1.508      0.068    14.0252    150.188     36.031  31.534170     6.5473      9.796    80.1440 1.7906e+01    13.8824      1.478      2.144    19.2250 0.0000e+00
      1.526      0.078    14.0570    147.972     35.922  31.387724     6.6093      9.748    80.3728 1.7247e+01    13.9606      1.502      2.177    19.1480 0.0000e+00
      1.540      0.083    14.1130    144.740     35.922  31.327371     6.7249      9.705    80.7274 1.6619e+01    14.1526      1.508      2.187    18.9741 0.0000e+00
      1.561      0.084    14.1224    140.821     35.966  31.311552     6.7807      9.674    81.4195 1.5071e+01    14.1887      1.521      2.206    18.8140 0.0000e+00
      1.596      0.082    14.0321    136.698     35.947  31.259777     6.7771      9.653    81.6862 1.3427e+01    14.0551      1.570      2.276    18.7517 0.0000e+00
      1.625      0.078    13.8469    132.597     35.929  31.208510     6.7719      9.638    82.3175 1.2815e+01    13.6306      1.602      2.324    18.6955 0.0000e+00
      1.638      0.070    13.5580    128.465     35.971  31.198822     6.7591      9.626    83.2875 1.2419e+01    12.9499      1.603      2.326    18.5964 0.0000e+00
      1.651      0.057    13.1965    124.480     36.017  31.205971     6.7473      9.618    83.4336 1.1758e+01    12.5885      1.616      2.345    18.5097 0.0000e+00
      1.666      0.042    12.8082    120.985     36.053  31.231511     6.7465      9.611    83.3096 1.1296e+01    12.5055      1.636      2.372    18.4773 0.0000e+00
      1.676      0.032    12.4437    117.997     36.139  31.317425     6.8080      9.604    83.6815 1.1108e+01    12.3903      1.645      2.385    18.4399 0.0000e+00
      1.681      0.031    12.0719    115.450     36.155  31.357197     6.9333      9.595    84.1449 1.1008e+01    12.2883      1.648      2.390    18.3523 0.0000e+00
      1.683      0.035    11.6884    113.371     36.025  31.268637     7.0044      9.585    84.5239 1.0928e+01    12.2293      1.650      2.395    18.2979 0.0000e+00
      1.686      0.042    11.3661    111.817     35.960  31.197654     7.0175      9.571    85.5963 1.0834e+01    12.2241      1.652      2.397    18.3051 0.0000e+00
      1.692      0.050    11.0840    110.825     36.035  31.196313     7.1009      9.556    86.8731 1.0442e+01    12.3278      1.654      2.399    18.3157 0.0000e+00
      1.711      0.056    10.8343    110.386     36.125  31.188924     7.2550      9.542    87.0560 9.6460e+00    12.5260      1.673      2.426    18.3539 0.0000e+00
      1.739      0.061    10.6226    110.316     36.194  31.171602     7.3501      9.527    86.8604 8.8990e+00    12.6742      1.709      2.478    18.4198 0.0000e+00
      1.761      0.065    10.4779    110.071     36.264  31.176975     7.4014      9.507    87.3479 8.5355e+00    12.6842      1.733      2.514    18.4059 0.0000e+00
      1.771      0.070    10.4106    109.167     36.321  31.190416     7.7252      9.483    88.3037 8.3913e+00    12.3740      1.738      2.521    18.2893 0.0000e+00
      1.778      0.074    10.3984    107.581     36.374  31.207277     8.3013      9.458    89.6414 8.1392e+00    11.8277      1.741      2.525    18.1563 0.0000e+00
      1.793      0.078    10.4378    105.455     36.470  31.254013     8.6157      9.435    91.6487 7.6439e+00    11.5445      1.756      2.546    18.0478 0.0000e+00
      1.818      0.080    10.4536    102.996     36.608  31.311663     8.6550      9.415    93.2144 7.0226e+00    11.5453      1.780      2.582    17.9719 0.0000e+00
      1.848      0.081    10.3708    100.535     36.731  31.333664     8.6689      9.401    93.6015 6.3631e+00    11.4960      1.810      2.625    17.9278 0.0000e+00
      1.879      0.079    10.2224     98.237     36.814  31.329720     8.6919      9.389    93.4899 5.8893e+00    10.8467      1.848      2.681    17.8967 0.0000e+00
      1.899      0.070    10.0254     96.004     36.859  31.327280     8.7424      9.379    93.4138 5.7448e+00     9.7406      1.869      2.709    17.8580 0.0000e+00
      1.908      0.058     9.7919     93.603     36.851  31.304110     8.7800      9.369    93.7137 5.6433e+00     9.2237      1.868      2.710    17.7761 0.0000e+00
      1.918      0.047     9.5779     90.745     36.863  31.303145     8.7881      9.360    94.4483 5.4964e+00     9.2422      1.882      2.729    17.6468 0.0000e+00
      1.927      0.038     9.3886     87.460     36.978  31.379003     8.7330      9.352    95.4127 5.4178e+00     9.1794      1.893      2.745    17.5224 0.0000e+00
      1.934      0.035     9.1888     84.224     37.126  31.460501     8.6129      9.342    96.2545 5.3169e+00     9.0104      1.896      2.749    17.4827 0.0000e+00
      1.944      0.039     8.9753     81.364     37.184  31.464299     8.5433      9.331    96.6241 5.1959e+00     8.9068      1.907      2.766    17.4676 0.0000e+00
      1.954      0.047     8.7083     78.938     37.226  31.488257     8.5570      9.316    96.3547 5.1603e+00     8.9518      1.919      2.783    17.4561 0.0000e+00
      1.961      0.060     8.3687     76.928     37.455  31.686758     8.6776      9.298    95.8366 5.1063e+00     9.1107      1.921      2.787    17.4436 0.0000e+00
      1.972      0.073     8.0616     75.128     37.854  31.962404     8.8871      9.278    96.0389 4.8698e+00     9.2905      1.929      2.797    17.3680 0.0000e+00
      1.995      0.082     7.8038     73.418     38.184  32.094819     9.0001      9.259    97.3383 4.5090e+00     9.3491      1.954      2.834    17.2855 0.0000e+00
      2.026      0.085     7.5686     71.968     38.343  32.082981     8.9960      9.242    98.7274 4.1743e+00     9.3070      1.986      2.880    17.2656 0.0000e+00
      2.059      0.082     7.3757     70.538     38.432  32.072690     8.9124      9.228    99.4122 3.9072e+00     8.8840      2.020      2.930    17.3346 0.0000e+00
      2.085      0.074     7.2219     68.371     38.517  32.097099     8.7632      9.213    99.9383 3.7605e+00     8.0265      2.052      2.975    17.2766 0.0000e+00
      2.098      0.069     7.0797     65.149     38.596  32.124445     8.6735      9.194   100.7873 3.7387e+00     7.5127      2.061      2.990    17.0121 0.0000e+00
      2.103      0.071     6.9748     61.171     38.680  32.149689     8.5931      9.169   101.9340 3.7268e+00     7.4203      2.061      2.990    16.7928 0.0000e+00
      2.108      0.078     6.8916     56.998     38.745  32.148657     7.8827      9.143   103.3918 3.6598e+00     7.0460      2.066      2.997    16.7074 0.0000e+00
      2.123      0.085     6.6950     53.213     38.775  32.111892     6.5935      9.124   104.5610 3.4775e+00     6.4028      2.073      3.008    16.6616 0.0000e+00
      2.156      0.089     6.3726     50.080     38.805  32.085501     5.8891      9.109   104.8002 3.1823e+00     6.0311      2.107      3.056    16.6151 0.0000e+00
      2.202      0.086     5.9750     47.684     38.835  32.083105     5.8169      9.094   104.6488 2.9530e+00     5.9339      2.168      3.143    16.5620 0.0000e+00
      2.236      0.076     5.5490     46.156     38.837  32.082888     5.7870      9.082   104.6231 2.8773e+00     5.8766      2.203      3.195    16.4877 0.0000e+00
      2.246      0.057     5.1844     45.484     38.817  32.082876     5.6187      9.072   104.5752 2.8649e+00     5.6794      2.203      3.196    16.3996 0.0000e+00
      2.248      0.035     4.8857     45.476     38.787  32.082984     5.3136      9.063   104.4135 2.8695e+00     5.3603      2.204      3.196    16.3251 0.0000e+00
      2.248      0.017     4.6456     45.908     38.762  32.084219     5.1443      9.056   104.3025 2.8816e+00     5.1957      2.205      3.197    16.2929 0.0000e+00
      2.248      0.011     4.4961     46.548     38.760  32.097842     5.1198      9.049   104.2668 2.8768e+00     5.1580      2.204      3.196    16.2909 0.0000e+00
      2.248      0.014     4.4372     47.221     38.781  32.120914     5.1257      9.041   104.2393 2.8625e+00     5.0405      2.204      3.197    16.3186 0.0000e+00
      2.251      0.018     4.4388     47.874     38.773  32.109589     5.1647      9.033   104.3143 2.8520e+00     4.8345      2.205      3.199    16.3568 0.0000e+00
      2.257      0.022     4.4874     48.506     38.759  32.087699     5.1923      9.026   104.5718 2.8265e+00     4.7167      2.211      3.207    16.3858 0.0000e+00
      2.267      0.027     4.5553     49.129     38.796  32.109831     5.2100      9.018   104.9432 2.7884e+00     4.7091      2.223      3.224    16.4061 0.0000e+00
      2.277      0.033     4.6198     49.719     38.824  32.123571     5.4040      9.009   105.1057 2.7772e+00     4.7088      2.235      3.241    16.4151 0.0000e+00
      2.283      0.040     4.6859     50.218     38.855  32.127023     5.7655      9.001   104.9873 2.7757e+00     4.7810      2.238      3.246    16.4059 0.0000e+00
      2.288      0.047     4.7478     50.594     38.953  32.151541     5.9682      8.991   104.7168 2.7346e+00     4.8985      2.242      3.252    16.3860 0.0000e+00
      2.299      0.052     4.8108     50.834     39.091  32.166339     5.9986      8.982   104.7601 2.6599e+00     4.9341      2.251      3.266    16.3795 0.0000e+00
      2.317      0.059     4.8718     50.875     39.244  32.179026     6.1669      8.973   105.8553 2.5773e+00     5.1772      2.270      3.293    16.3716 0.0000e+00
      2.339      0.068     4.9238     50.618     39.353  32.177999     6.4965      8.960   107.3756 2.4959e+00     5.7202      2.296      3.330    16.3537 0.0000e+00
      2.357      0.077     4.9663     49.976     39.387  32.153808     6.6873      8.946   108.4299 2.4306e+00     6.0682      2.314      3.356    16.2912 0.0000e+00
      2.370      0.081     5.0078     48.922     39.390  32.140082     6.6764      8.932   109.1374 2.3766e+00     6.1050      2.323      3.367    16.1463 0.0000e+00
      2.390      0.078     5.0334     47.570     39.385  32.138814     6.2395      8.920   109.3049 2.3085e+00     5.8236      2.337      3.390    15.9820 0.0000e+00
      2.420      0.075     5.0237     46.128     39.381  32.138481     5.4248      8.910   109.0792 2.2405e+00     5.2961      2.374      3.444    15.8611 0.0000e+00
      2.447      0.074     4.9694     44.758     39.372  32.136058     4.9741      8.900   109.1608 2.2147e+00     4.9885      2.408      3.492    15.7957 0.0000e+00
      2.459      0.071     4.8617     43.593     39.329  32.109525     4.9359      8.890   109.5178 2.2185e+00     4.9050      2.413      3.500    15.7853 0.0000e+00
      2.468      0.066     4.7169     42.749     39.288  32.071286     4.9462      8.880   109.8678 2.1911e+00     4.8328      2.416      3.503    15.8009 0.0000e+00
      2.484      0.062     4.5689     42.221     39.287  32.054109     4.9571      8.870   110.2948 2.1245e+00     4.5937      2.435      3.532    15.8005 0.0000e+00
      2.504      0.062     4.4297     41.933     39.286  32.028627     4.9754      8.859   110.7228 2.0648e+00     4.1658      2.458      3.566    15.8008 0.0000e+00
      2.519      0.063     4.3052     41.816     39.338  32.016754     5.0004      8.849   111.0859 2.0087e+00     3.9298      2.471      3.584    15.8269 0.0000e+00
      2.532      0.061     4.2240     41.771     39.446  32.037292     5.0101      8.841   111.5014 1.9244e+00     3.9603      2.480      3.596    15.8195 0.0000e+00
      2.552      0.056     4.1782     41.704     39.466  32.023253     4.9850      8.833   111.9609 1.8364e+00     4.0230      2.503      3.630    15.7853 0.0000e+00
      2.571      0.051     4.1514     41.567     39.415  31.973773     4.9375      8.825   112.3401 1.7842e+00     4.0040      2.528      3.666    15.7796 0.0000e+00
      2.581      0.045     4.1503     41.334     39.407  31.946242     4.9108      8.816   112.5588 1.7592e+00     3.9692      2.532      3.672    15.7056 0.0000e+00
      2.587      0.037     4.1614     41.009     39.435  31.943949     4.8952      8.808   112.7122 1.7295e+00     3.9782      2.533      3.675    15.5751 0.0000e+00
      2.597      0.028     4.1579     40.644     39.456  31.946019     4.6903      8.801   112.8178 1.6955e+00     3.8738      2.547      3.695    15.5537 0.0000e+00
      2.606      0.021     4.1427     40.262     39.506  31.971256     4.2974      8.795   112.6307 1.6723e+00     3.6288      2.558      3.710    15.5749 0.0000e+00
      2.610      0.021     4.1250     39.881     39.549  31.995463     4.0738      8.788   112.3430 1.6588e+00     3.4757      2.559      3.712    15.5283 0.0000e+00
      2.611      0.025     4.0922     39.538     39.544  31.985089     4.0431      8.782   112.4366 1.6503e+00     3.4574      2.560      3.713    15.4890 0.0000e+00
      2.612      0.030     4.0558     39.219     39.554  31.972621     3.9757      8.774   112.6440 1.6345e+00     3.3738      2.560      3.714    15.4842 0.0000e+00
      2.617      0.035     4.0211     38.914     39.594  31.971481     3.8497      8.765   112.8724 1.6132e+00     3.1480      2.563      3.715    15.4557 0.0000e+00
      2.631      0.038     3.9805     38.659     39.629  31.971266     3.7681      8.757   113.2184 1.5989e+00     2.9816      2.577      3.737    15.4384 0.0000e+00
      2.652      0.040     3.9477     38.462     39.654  31.969986     3.7381      8.750   112.8704 1.5909e+00     2.9676      2.605      3.777    15.4497 0.0000e+00
      2.666      0.043     3.9192     38.306     39.661  31.955983     3.6113      8.744   111.9335 1.5962e+00     2.9441      2.620      3.799    15.4207 0.0000e+00
      2.671      0.048     3.8904     38.192     39.661  31.928742     3.3842      8.736   111.6130 1.6126e+00     2.9025      2.619      3.799    15.3648 0.0000e+00
      2.674      0.054     3.8678     38.095     39.676  31.894178     3.2567      8.727   112.0930 1.6258e+00     2.9090      2.619      3.800    15.3308 0.0000e+00
      2.683      0.060     3.8518     37.983     39.708  31.855023     3.2427      8.719   112.9177 1.6265e+00     2.9204      2.626      3.810    15.3068 0.0000e+00
      2.702      0.067     3.8367     37.854     39.773  31.835642     3.2234      8.709   113.5828 1.6124e+00     2.9033      2.647      3.839    15.2849 0.0000e+00
      2.729      0.072     3.8282     37.674     39.865  31.849956     3.0731      8.700   113.6823 1.5879e+00     2.8734      2.676      3.880    15.2613 0.0000e+00
      2.757      0.077     3.8266     37.409     39.895  31.837825     2.8157      8.689   113.7768 1.5675e+00     2.8668      2.705      3.923    15.1978 0.0000e+00
      2.778      0.086     3.8197     37.065     39.835  31.752324     2.6746      8.673   114.5542 1.5648e+00     2.8570      2.729      3.959    15.1128 0.0000e+00
