Data/DataNotYetUploadedToEDI/Raw_CTD/RawDownloads/060722_bvr50_0006.cnv
* Sea-Bird SBE19plus  Data File:
* FileName = C:\R\Reservoirs\Data\DataNotYetUploadedToEDI\Raw_CTD\RawDownloads\060722_bvr01_0006.hex
* Software version 2.8.0.119
* Temperature SN = 7809
* Conductivity SN = 7809
* System UpLoad Time = Jun 08 2022 10:07:08
* <ApplicationData>
* <Seaterm232>
# nquan = 15
# nvalues = 1813                        
# units = specified
# name 0 = depFM: Depth [fresh water, m]
# name 1 = dz/dtM: Descent Rate [m/s]
# name 2 = sbeox0Mg/L: Oxygen, SBE 43 [mg/l]
# name 3 = sbeox0PS: Oxygen, SBE 43 [% saturation]
# name 4 = specc: Specific Conductance [uS/cm]
# name 5 = c0uS/cm: Conductivity [uS/cm]
# name 6 = flECO-AFL: Fluorescence, WET Labs ECO-AFL/FL [mg/m^3]
# name 7 = ph: pH
# name 8 = orp: Oxidation Reduction Potential [mV]
# name 9 = par/sat/log: PAR/Logarithmic, Satlantic
# name 10 = turbWETntu0: Turbidity, WET Labs ECO [NTU]
# name 11 = prdM: Pressure, Strain Gauge [db]
# name 12 = prdE: Pressure, Strain Gauge [psi]
# name 13 = tv290C: Temperature [ITS-90, deg C]
# name 14 = flag:  0.000e+00
# span 0 =     -0.750,      8.916       
# span 1 =     -0.291,      0.155       
# span 2 =     0.0273,    10.1373       
# span 3 =      0.261,    116.850       
# span 4 =      0.932,    235.093       
# span 5 =   0.836911, 172.512820       
# span 6 =    -0.1451,     5.6277       
# span 7 =      6.080,      9.549       
# span 8 =  -192.4726,   200.7344       
# span 9 = 1.2360e-01, 2.3681e+02       
# span 10 =    -0.3526,    11.6885      
# span 11 =     -0.735,      8.748      
# span 12 =     -1.066,     12.687      
# span 13 =     9.3536,    23.8956      
# span 14 = 0.0000e+00, 0.0000e+00      
# interval = seconds: 0.25
# start_time = Jun 07 2022 08:30:51 [Instrument's time stamp, header]
# bad_flag = -9.990e-29
*END*
[from data line 482]
      3.304      0.058     0.5168      3.255     29.558  23.748032     1.0021      8.475   149.5880 3.6630e-01     1.9336      3.242      4.702    15.3927 0.0000e+00
      3.323      0.055     0.4360      3.038     29.597  23.756568     0.9981      8.470   149.8259 3.6384e-01     1.9225      3.262      4.732    15.3699 0.0000e+00
      3.334      0.052     0.3781      2.770     29.617  23.755136     1.0079      8.465   149.9669 3.7041e-01     1.8636      3.271      4.743    15.2947 0.0000e+00
      3.343      0.047     0.3448      2.475     29.609  23.730688     1.0130      8.459   150.0034 3.6949e-01     1.8365      3.278      4.754    15.2154 0.0000e+00
      3.351      0.042     0.3270      2.179     29.615  23.714451     1.0011      8.453   150.0949 3.6004e-01     1.8675      3.285      4.765    15.1635 0.0000e+00
      3.361      0.039     0.3087      1.889     29.610  23.685546     0.9887      8.448   150.2118 3.5689e-01     1.8968      3.295      4.779    15.1279 0.0000e+00
      3.374      0.039     0.2789      1.620     29.581  23.634663     0.9971      8.442   150.3853 3.5404e-01     1.9176      3.309      4.799    15.1004 0.0000e+00
      3.385      0.039     0.2492      1.389     29.580  23.606193     1.0029      8.436   150.6432 3.5321e-01     1.9149      3.320      4.816    15.0716 0.0000e+00
      3.394      0.039     0.2195      1.215     29.599  23.594777     0.9833      8.431   150.8349 3.5885e-01     1.8641      3.330      4.829    15.0378 0.0000e+00
      3.402      0.039     0.1895      1.111     29.584  23.559974     0.9598      8.426   150.8973 3.5349e-01     1.8154      3.337      4.839    14.9951 0.0000e+00
      3.410      0.038     0.1626      1.071     29.533  23.502239     0.9598      8.419   150.8803 3.3629e-01     1.8382      3.343      4.848    14.9460 0.0000e+00
      3.420      0.035     0.1382      1.081     29.508  23.467053     0.9672      8.413   150.8027 3.2769e-01     1.8662      3.353      4.863    14.8974 0.0000e+00
      3.433      0.032     0.1203      1.112     29.505  23.451395     0.9576      8.408   150.8182 3.3634e-01     1.8476      3.367      4.882    14.8509 0.0000e+00
      3.444      0.028     0.1101      1.135     29.505  23.439644     0.9440      8.404   151.0682 3.4959e-01     1.8515      3.378      4.900    14.8119 0.0000e+00
      3.451      0.023     0.1069      1.163     29.536  23.451705     0.9439      8.399   151.3292 3.5009e-01     1.8796      3.386      4.911    14.7861 0.0000e+00
      3.453      0.019     0.1082      1.206     29.577  23.470465     0.9474      8.394   151.4797 3.3877e-01     1.8793      3.388      4.912    14.7604 0.0000e+00
      3.453      0.016     0.1142      1.242     29.603  23.476333     0.9459      8.389   151.5979 3.2962e-01     1.8822      3.385      4.910    14.7350 0.0000e+00
      3.454      0.016     0.1145      1.250     29.603  23.459261     0.9334      8.383   151.7259 3.3301e-01     1.9153      3.387      4.913    14.7197 0.0000e+00
      3.458      0.016     0.1173      1.237     29.618  23.454151     0.9133      8.377   151.8217 3.3899e-01     1.9378      3.391      4.919    14.6989 0.0000e+00
      3.466      0.016     0.1229      1.230     29.655  23.477897     0.9104      8.372   151.8965 3.3741e-01     1.9483      3.398      4.929    14.6723 0.0000e+00
      3.474      0.016     0.1272      1.223     29.657  23.492873     0.9061      8.368   152.0282 3.3547e-01     1.9399      3.409      4.944    14.6497 0.0000e+00
      3.479      0.017     0.1286      1.211     29.650  23.508502     0.9120      8.363   152.1242 3.3488e-01     1.9049      3.414      4.952    14.6233 0.0000e+00
      3.479      0.019     0.1246      1.187     29.689  23.540137     0.9561      8.358   152.1959 3.3256e-01     1.9010      3.413      4.950    14.5847 0.0000e+00
      3.479      0.020     0.1257      1.164     29.750  23.558502     0.9907      8.353   152.3790 3.3150e-01     1.9271      3.410      4.945    14.5679 0.0000e+00
      3.484      0.020     0.1241      1.168     29.771  23.540396     1.0058      8.348   152.6175 3.3190e-01     1.9466      3.414      4.951    14.5952 0.0000e+00
      3.495      0.020     0.1236      1.179     29.740  23.511286     1.0389      8.344   152.8418 3.3057e-01     1.9324      3.428      4.972    14.6522 0.0000e+00
      3.506      0.021     0.1210      1.184     29.719  23.523405     1.0832      8.340   153.1121 3.1343e-01     1.8925      3.440      4.989    14.6679 0.0000e+00
      3.511      0.023     0.1165      1.182     29.733  23.560214     1.1078      8.334   153.3050 2.9943e-01     1.9082      3.446      4.997    14.5940 0.0000e+00
      3.510      0.025     0.1193      1.169     29.764  23.576133     1.1123      8.328   153.3678 3.2112e-01     1.9509      3.443      4.994    14.5087 0.0000e+00
      3.510      0.028     0.1205      1.153     29.825  23.589121     1.0448      8.321   153.5273 3.4042e-01     1.9311      3.437      4.985    14.4977 0.0000e+00
      3.519      0.033     0.1206      1.146     29.877  23.590456     0.9080      8.315   153.7701 3.3438e-01     1.8727      3.448      5.001    14.5761 0.0000e+00
      3.534      0.040     0.1204      1.134     29.907  23.592232     0.8244      8.310   153.8946 3.2105e-01     1.8597      3.468      5.029    14.6458 0.0000e+00
      3.546      0.049     0.1193      1.111     29.932  23.610561     0.8075      8.305   153.9146 3.1091e-01     1.8772      3.477      5.043    14.6188 0.0000e+00
      3.558      0.055     0.1166      1.096     29.893  23.558572     0.8119      8.300   154.0107 3.2302e-01     1.8439      3.487      5.058    14.5458 0.0000e+00
      3.572      0.060     0.1171      1.066     29.853  23.470609     0.8025      8.295   154.2826 3.3223e-01     1.7997      3.503      5.080    14.4654 0.0000e+00
      3.588      0.065     0.1171      1.037     29.883  23.434171     0.7775      8.288   154.5349 3.1364e-01     1.8212      3.518      5.103    14.4161 0.0000e+00
      3.604      0.070     0.1117      1.040     29.858  23.371431     0.7842      8.280   154.6527 2.9972e-01     1.8988      3.534      5.126    14.4525 0.0000e+00
      3.624      0.070     0.1132      1.036     29.803  23.282344     0.8083      8.272   154.7592 2.9452e-01     1.9533      3.551      5.150    14.4365 0.0000e+00
      3.647      0.066     0.1098      1.001     29.821  23.244199     0.9276      8.266   154.8758 2.8255e-01     1.8651      3.576      5.187    14.3016 0.0000e+00
      3.667      0.060     0.1038      0.961     29.857  23.227034     1.1533      8.260   155.0310 2.7190e-01     1.6858      3.600      5.221    14.1893 0.0000e+00
      3.682      0.054     0.1076      0.934     29.867  23.201499     1.2900      8.255   155.1726 2.7263e-01     1.6293      3.612      5.239    14.1388 0.0000e+00
      3.692      0.046     0.1084      0.901     29.886  23.188905     1.3397      8.250   155.2113 2.7705e-01     1.6940      3.621      5.251    14.0648 0.0000e+00
      3.699      0.038     0.1031      0.874     29.936  23.201476     1.6299      8.245   155.3273 2.7830e-01     1.7849      3.628      5.260    13.9615 0.0000e+00
      3.706      0.033     0.0979      0.864     29.999  23.226713     2.1603      8.241   155.4563 2.9013e-01     1.8752      3.634      5.271    13.8851 0.0000e+00
      3.715      0.032     0.0976      0.844     30.042  23.240533     2.4498      8.236   155.4817 2.9514e-01     1.8974      3.643      5.285    13.8345 0.0000e+00
      3.723      0.035     0.0932      0.821     30.063  23.241801     2.4758      8.230   155.5481 2.7949e-01     1.8826      3.652      5.296    13.7916 0.0000e+00
      3.730      0.039     0.0887      0.817     30.082  23.242022     2.4996      8.223   155.5705 2.7513e-01     1.8680      3.659      5.305    13.7475 0.0000e+00
      3.737      0.043     0.0910      0.811     30.106  23.243189     2.5210      8.217   155.5802 2.8192e-01     1.8234      3.662      5.312    13.7083 0.0000e+00
      3.749      0.046     0.0879      0.783     30.137  23.255884     2.5269      8.212   155.6659 2.7502e-01     1.8208      3.672      5.328    13.6728 0.0000e+00
      3.767      0.049     0.0836      0.749     30.156  23.268759     2.5372      8.207   155.7463 2.6427e-01     1.8705      3.696      5.361    13.6514 0.0000e+00
      3.782      0.050     0.0853      0.733     30.161  23.272121     2.5452      8.202   155.7768 2.6149e-01     1.8781      3.712      5.384    13.6329 0.0000e+00
      3.793      0.047     0.0855      0.729     30.205  23.296532     2.6244      8.197   155.9485 2.5494e-01     1.8437      3.718      5.392    13.5942 0.0000e+00
      3.804      0.041     0.0818      0.719     30.246  23.310399     2.7872      8.193   156.2744 2.4296e-01     1.8308      3.730      5.409    13.5723 0.0000e+00
      3.816      0.034     0.0770      0.714     30.266  23.313019     2.8830      8.191   156.3617 2.3645e-01     1.8581      3.743      5.428    13.5753 0.0000e+00
      3.826      0.032     0.0752      0.715     30.376  23.391572     2.8999      8.187   156.3153 2.3514e-01     1.9009      3.753      5.443    13.5838 0.0000e+00
      3.831      0.034     0.0769      0.719     30.545  23.499686     2.9661      8.181   156.2298 2.3715e-01     2.0074      3.760      5.454    13.5702 0.0000e+00
      3.831      0.038     0.0742      0.725     30.663  23.542837     3.0848      8.174   156.0171 2.4390e-01     2.1885      3.755      5.446    13.5256 0.0000e+00
      3.836      0.040     0.0743      0.735     30.722  23.533011     3.1527      8.168   155.8945 2.5187e-01     2.3483      3.756      5.447    13.5008 0.0000e+00
      3.855      0.042     0.0744      0.749     30.743  23.507565     3.1789      8.162   155.8659 2.5347e-01     2.4369      3.779      5.480    13.5118 0.0000e+00
      3.876      0.042     0.0747      0.751     30.748  23.488624     3.2778      8.157   155.8429 2.4399e-01     2.5763      3.804      5.517    13.4861 0.0000e+00
      3.890      0.041     0.0758      0.748     30.752  23.494085     3.4410      8.152   155.7882 2.3104e-01     2.8385      3.817      5.536    13.3880 0.0000e+00
      3.896      0.038     0.0761      0.739     30.746  23.510224     3.5207      8.149   155.6353 2.2919e-01     3.0117      3.821      5.542    13.2865 0.0000e+00
      3.898      0.033     0.0800      0.719     30.701  23.493661     3.5170      8.145   155.4567 2.4392e-01     3.0298      3.823      5.544    13.2213 0.0000e+00
      3.901      0.029     0.0786      0.707     30.672  23.483974     3.5043      8.141   155.3494 2.5853e-01     2.9209      3.824      5.546    13.1759 0.0000e+00
      3.910      0.029     0.0787      0.715     30.713  23.519859     3.4756      8.138   155.2844 2.5507e-01     2.7197      3.833      5.560    13.1798 0.0000e+00
      3.922      0.033     0.0783      0.719     30.779  23.547303     3.4611      8.135   155.2737 2.4920e-01     2.6470      3.849      5.583    13.2372 0.0000e+00
      3.930      0.038     0.0751      0.712     30.864  23.562271     3.4621      8.131   155.3061 2.4855e-01     2.6906      3.856      5.592    13.2627 0.0000e+00
      3.937      0.042     0.0726      0.725     30.949  23.574028     3.3887      8.126   155.2457 2.3422e-01     2.7346      3.858      5.595    13.2780 0.0000e+00
      3.948      0.045     0.0752      0.749     30.983  23.562643     3.2479      8.121   155.0592 2.1533e-01     2.8032      3.871      5.615    13.3066 0.0000e+00
      3.962      0.046     0.0767      0.756     31.001  23.551325     3.1659      8.117   154.8575 2.1683e-01     2.8370      3.887      5.638    13.2712 0.0000e+00
      3.975      0.049     0.0730      0.750     31.047  23.563903     3.1630      8.114   154.7004 2.3188e-01     2.8353      3.899      5.654    13.1674 0.0000e+00
      3.988      0.050     0.0760      0.744     31.110  23.587947     3.1630      8.111   154.5365 2.3475e-01     2.8508      3.912      5.673    13.0673 0.0000e+00
      4.001      0.050     0.0799      0.732     31.150  23.588512     2.9740      8.107   154.3386 2.2575e-01     2.9904      3.925      5.692    13.0159 0.0000e+00
      4.013      0.049     0.0801      0.711     31.173  23.570708     2.6174      8.102   154.1997 2.1933e-01     3.2599      3.935      5.707    12.9810 0.0000e+00
      4.026      0.045     0.0789      0.690     31.202  23.562759     2.4220      8.098   154.1486 2.1935e-01     3.4099      3.947      5.725    12.9455 0.0000e+00
      4.041      0.040     0.0786      0.676     31.219  23.555754     2.3930      8.094   154.0641 2.2089e-01     3.4383      3.964      5.749    12.9133 0.0000e+00
      4.052      0.035     0.0780      0.669     31.225  23.549355     2.2830      8.090   153.8664 2.2400e-01     3.3991      3.975      5.766    12.8640 0.0000e+00
      4.059      0.030     0.0751      0.668     31.232  23.548756     2.0746      8.086   153.6511 2.2722e-01     3.2776      3.980      5.773    12.7993 0.0000e+00
      4.063      0.029     0.0728      0.672     31.240  23.548503     1.9534      8.082   153.5264 2.2869e-01     3.2326      3.986      5.781    12.7491 0.0000e+00
      4.065      0.030     0.0716      0.674     31.253  23.546283     1.9416      8.077   153.4771 2.3355e-01     3.2643      3.988      5.783    12.7195 0.0000e+00
      4.069      0.035     0.0706      0.671     31.412  23.648661     1.9066      8.071   153.5707 2.3677e-01     3.1832      3.987      5.783    12.7025 0.0000e+00
      4.079      0.045     0.0706      0.657     31.770  23.899074     1.8306      8.064   153.8836 2.3292e-01     2.9695      3.998      5.799    12.6967 0.0000e+00
      4.095      0.058     0.0714      0.632     32.065  24.102344     1.7795      8.055   154.3356 2.1727e-01     2.8322      4.017      5.827    12.6906 0.0000e+00
      4.110      0.074     0.0716      0.619     32.732  24.585359     1.7631      8.041   154.6476 1.9285e-01     2.8551      4.028      5.842    12.6693 0.0000e+00
      4.129      0.087     0.0718      0.632     33.630  25.239219     1.7076      8.026   154.7304 1.8158e-01     2.8364      4.045      5.866    12.6387 0.0000e+00
      4.154      0.093     0.0708      0.648     33.900  25.416703     1.5994      8.016   154.4768 1.9412e-01     2.6750      4.072      5.906    12.6097 0.0000e+00
      4.184      0.094     0.0666      0.652     34.246  25.653924     1.5374      8.009   153.6466 2.0058e-01     2.5773      4.099      5.946    12.5796 0.0000e+00
      4.217      0.092     0.0642      0.646     34.835  26.079237     1.5312      8.003   152.7792 1.8150e-01     2.5775      4.139      6.003    12.5545 0.0000e+00
      4.243      0.089     0.0677      0.652     34.908  26.122421     1.5161      7.997   152.2494 1.7195e-01     2.4728      4.168      6.044    12.5254 0.0000e+00
      4.258      0.087     0.0695      0.671     34.655  25.922526     1.4961      7.988   151.5426 1.7867e-01     2.2677      4.173      6.054    12.4829 0.0000e+00
      4.271      0.082     0.0703      0.658     34.449  25.753928     1.4821      7.979   149.8270 1.8262e-01     2.1127      4.187      6.073    12.4477 0.0000e+00
      4.288      0.075     0.0684      0.623     34.363  25.668445     1.4708      7.970   146.7348 1.8205e-01     2.0680      4.202      6.095    12.4283 0.0000e+00
      4.314      0.069     0.0680      0.611     34.366  25.649507     1.4596      7.963   143.3223 1.6617e-01     2.0684      4.226      6.130    12.4118 0.0000e+00
      4.343      0.065     0.0739      0.635     34.474  25.715068     1.3964      7.957   140.5727 1.4983e-01     2.0153      4.267      6.188    12.3991 0.0000e+00
      4.360      0.060     0.0716      0.655     34.718  25.890691     1.2975      7.950   138.3551 1.4835e-01     1.9382      4.282      6.210    12.3825 0.0000e+00
      4.364      0.054     0.0653      0.648     35.033  26.125018     1.2547      7.944   136.5570 1.4786e-01     1.8882      4.277      6.203    12.3465 0.0000e+00
