Data/DataNotYetUploadedToEDI/Raw_CTD/RawDownloads/060722_bvr40_0005.cnv
* Sea-Bird SBE19plus  Data File:
* FileName = C:\R\Reservoirs\Data\DataNotYetUploadedToEDI\Raw_CTD\RawDownloads\060722_bvr01_0005.hex
* Software version 2.8.0.119
* Temperature SN = 7809
* Conductivity SN = 7809
* System UpLoad Time = Jun 08 2022 10:06:21
* <ApplicationData>
* <Seaterm232>
# nquan = 15
# nvalues = 1285                        
# units = specified
# name 0 = depFM: Depth [fresh water, m]
# name 1 = dz/dtM: Descent Rate [m/s]
# name 2 = sbeox0Mg/L: Oxygen, SBE 43 [mg/l]
# name 3 = sbeox0PS: Oxygen, SBE 43 [% saturation]
# name 4 = specc: Specific Conductance [uS/cm]
# name 5 = c0uS/cm: Conductivity [uS/cm]
# name 6 = flECO-AFL: Fluorescence, WET Labs ECO-AFL/FL [mg/m^3]
# name 7 = ph: pH
# name 8 = orp: Oxidation Reduction Potential [mV]
# name 9 = par/sat/log: PAR/Logarithmic, Satlantic
# name 10 = turbWETntu0: Turbidity, WET Labs ECO [NTU]
# name 11 = prdM: Pressure, Strain Gauge [db]
# name 12 = prdE: Pressure, Strain Gauge [psi]
# name 13 = tv290C: Temperature [ITS-90, deg C]
# name 14 = flag:  0.000e+00
# span 0 =     -0.750,      3.519       
# span 1 =     -0.301,      0.195       
# span 2 =     0.0253,     9.0336       
# span 3 =      0.273,    107.165       
# span 4 =      0.805,    133.601       
# span 5 =   0.776342, 111.524834       
# span 6 =    -0.1591,     5.1370       
# span 7 =      7.368,      9.516       
# span 8 =  -205.0058,   382.2147       
# span 9 = 1.2367e-01, 2.3058e+02       
# span 10 =    -0.3678,   114.6726      
# span 11 =     -0.738,      3.451      
# span 12 =     -1.069,      5.005      
# span 13 =    15.4717,    24.1803      
# span 14 = 0.0000e+00, 0.0000e+00      
# interval = seconds: 0.25
# start_time = Jun 07 2022 07:44:50 [Instrument's time stamp, header]
# bad_flag = -9.990e-29
*END*
[from data line 579]
      3.469      0.002     0.1849      2.242     34.852  28.525027     1.7458      7.668   108.2092 1.2376e-01     3.9900      3.402      4.934    15.9162 0.0000e+00
      3.470      0.002     0.1782      2.418     35.888  29.374620     1.8041      7.659   104.6502 1.2374e-01     4.1181      3.402      4.935    15.9159 0.0000e+00
      3.471      0.002     0.1842      2.587     36.894  30.201069     1.8384      7.650    93.2281 1.2376e-01     4.2091      3.404      4.937    15.9164 0.0000e+00
      3.472      0.003     0.2033      2.747     38.223  31.290767     1.8356      7.639    73.6974 1.2376e-01     4.2359      3.404      4.937    15.9171 0.0000e+00
      3.473      0.004     0.2220      2.882     39.661  32.469730     1.8454      7.630    53.4034 1.2376e-01     4.2379      3.405      4.938    15.9178 0.0000e+00
      3.473      0.004     0.2395      2.974     40.512  33.170670     1.8734      7.623    34.2170 1.2380e-01     4.1985      3.405      4.939    15.9217 0.0000e+00
      3.474      0.004     0.2558      3.023     41.207  33.742665     1.8906      7.616    16.9779 1.2380e-01     4.1695      3.407      4.941    15.9261 0.0000e+00
      3.476      0.005     0.2721      3.041     41.827  34.249879     1.8958      7.608     4.7423 1.2373e-01     4.1945      3.409      4.944    15.9280 0.0000e+00
      3.476      0.005     0.2869      3.051     42.887  35.118611     1.8438      7.600    -4.8830 1.2368e-01     4.2280      3.409      4.944    15.9298 0.0000e+00
      3.477      0.004     0.2950      3.039     51.085  41.836937     1.7289      7.592   -16.5451 1.2371e-01     4.2325      3.410      4.946    15.9358 0.0000e+00
      3.478      0.004     0.3006      2.995     69.970  57.299395     1.6553      7.585   -29.9196 1.2375e-01     4.2151      3.411      4.948    15.9401 0.0000e+00
      3.480      0.004     0.2998      2.930     85.384  69.885533     1.6613      7.580   -41.2328 1.2378e-01     4.2227      3.413      4.951    15.9371 0.0000e+00
      3.481      0.003     0.3026      2.859     81.283  66.476810     1.8179      7.575   -51.3753 1.2377e-01     4.4948      3.414      4.952    15.9358 0.0000e+00
      3.481      0.003     0.3018      2.801     64.887  53.028867     2.0919      7.569   -62.3835 1.2379e-01     4.9776      3.413      4.950    15.9448 0.0000e+00
      3.482      0.003     0.2961      2.736     53.126  43.408493     2.2360      7.563   -72.1174 1.2384e-01     5.2102      3.414      4.951    15.9528 0.0000e+00
      3.483      0.004     0.2905      2.626     47.189  38.574532     2.2453      7.558   -80.4462 1.2382e-01     5.1883      3.415      4.954    15.9293 0.0000e+00
      3.483      0.005     0.2815      2.460     44.473  36.380673     2.2629      7.553   -89.1784 1.2383e-01     5.2255      3.416      4.955    15.8790 0.0000e+00
      3.484      0.005     0.2777      2.246     45.804  37.495851     2.2992      7.548   -97.4237 1.2387e-01     5.3521      3.417      4.956    15.8430 0.0000e+00
      3.486      0.006     0.2730      2.023     48.539  39.754721     2.3177      7.542  -103.9934 1.2382e-01     5.4218      3.419      4.959    15.8422 0.0000e+00
      3.488      0.006     0.2617      1.865     49.567  40.607314     2.3111      7.536  -109.5030 1.2374e-01     5.4193      3.421      4.962    15.8672 0.0000e+00
      3.490      0.006     0.2452      1.811     51.457  42.160038     2.3025      7.531  -115.1695 1.2372e-01     5.4929      3.423      4.964    15.8992 0.0000e+00
      3.492      0.005     0.2231      1.850     55.482  45.457996     2.3144      7.527  -121.0559 1.2375e-01     6.6182      3.424      4.967    15.9289 0.0000e+00
      3.493      0.004     0.1971      1.945     55.265  45.274654     2.3466      7.523  -127.0721 1.2375e-01     8.7091      3.426      4.969    15.9505 0.0000e+00
      3.493      0.004     0.1800      2.051     50.780  41.595222     2.3678      7.518  -134.9106 1.2376e-01     9.8345      3.426      4.969    15.9602 0.0000e+00
      3.494      0.004     0.1757      2.136     47.342  38.778596     2.3703      7.513  -144.0742 1.2379e-01    10.0121      3.426      4.969    15.9638 0.0000e+00
      3.495      0.004     0.1805      2.187     48.304  39.571649     2.4187      7.508  -152.0870 1.2381e-01    11.1983      3.428      4.971    15.9647 0.0000e+00
      3.496      0.005     0.1919      2.199     57.203  46.870093     2.5192      7.503  -158.2300 1.2379e-01    13.3813      3.428      4.972    15.9574 0.0000e+00
      3.497      0.005     0.2035      2.150     70.616  57.863749     2.5792      7.499  -162.7665 1.2378e-01    14.5786      3.430      4.974    15.9493 0.0000e+00
      3.499      0.005     0.2125      2.066     81.951  67.146908     2.5947      7.495  -166.4129 1.2378e-01    14.7443      3.432      4.977    15.9502 0.0000e+00
      3.500      0.005     0.2167      2.006     90.370  74.034410     2.5904      7.491  -169.5380 1.2375e-01    15.5563      3.432      4.978    15.9564 0.0000e+00
      3.502      0.004     0.2199      1.983     89.025  72.916102     2.5609      7.487  -172.0722 1.2374e-01    17.0512      3.434      4.981    15.9653 0.0000e+00
      3.503      0.004     0.2141      1.975     73.393  60.096427     2.5369      7.484  -174.9414 1.2379e-01    17.8917      3.435      4.983    15.9690 0.0000e+00
      3.504      0.003     0.2022      1.984     56.222  46.029894     2.5332      7.480  -178.3318 1.2384e-01    18.2035      3.436      4.984    15.9646 0.0000e+00
      3.504      0.002     0.1966      1.977     47.624  38.998822     2.5414      7.478  -180.8003 1.2380e-01    20.2059      3.436      4.983    15.9598 0.0000e+00
      3.505      0.002     0.1961      1.911     44.014  36.057076     2.5446      7.475  -182.8487 1.2377e-01    23.7252      3.437      4.984    15.9494 0.0000e+00
      3.505      0.002     0.1942      1.809     41.704  34.179572     2.5382      7.473  -185.3735 1.2382e-01    25.6052      3.437      4.985    15.9314 0.0000e+00
      3.505      0.002     0.1960      1.698     41.378  33.926353     2.5387      7.471  -187.4091 1.2382e-01    25.7537      3.437      4.985    15.9260 0.0000e+00
      3.506      0.002     0.1987      1.582     42.779  35.088083     2.5761      7.469  -187.7580 1.2379e-01    25.5555      3.438      4.987    15.9386 0.0000e+00
      3.507      0.003     0.1897      1.481     45.099  37.002630     2.6406      7.466  -185.9784 1.2378e-01    25.1561      3.439      4.988    15.9571 0.0000e+00
      3.507      0.003     0.1784      1.433     49.303  40.460616     2.6613      7.463  -183.9608 1.2374e-01    24.9210      3.440      4.989    15.9755 0.0000e+00
      3.508      0.003     0.1683      1.455     55.825  45.819826     2.6430      7.461  -183.3234 1.2375e-01    24.8988      3.440      4.989    15.9925 0.0000e+00
      3.509      0.002     0.1559      1.544     59.175  48.575211     2.6362      7.459  -182.8321 1.2378e-01    24.9893      3.441      4.991    16.0086 0.0000e+00
      3.510      0.002     0.1439      1.701     57.021  46.811233     2.6034      7.456  -181.3760 1.2377e-01    25.8105      3.442      4.992    16.0212 0.0000e+00
      3.511      0.002     0.1386      1.891     55.642  45.684857     2.5377      7.453  -179.4839 1.2375e-01    27.3134      3.443      4.993    16.0287 0.0000e+00
      3.511      0.001     0.1416      2.047     55.630  45.681584     2.4994      7.451  -177.6799 1.2380e-01    28.1643      3.443      4.993    16.0353 0.0000e+00
      3.511      0.001     0.1493      2.149     55.095  45.249047     2.4817      7.448  -176.2557 1.2384e-01    28.4473      3.443      4.993    16.0402 0.0000e+00
      3.511      0.001     0.1662      2.209     55.199  45.340130     2.4327      7.446  -175.3419 1.2384e-01    31.0082      3.443      4.994    16.0436 0.0000e+00
      3.511      0.001     0.1881      2.210     58.185  47.797961     2.3723      7.445  -174.5467 1.2382e-01    35.7628      3.443      4.994    16.0484 0.0000e+00
      3.511      0.001     0.2043      2.148     68.622  56.373233     2.3588      7.442  -173.7819 1.2375e-01    38.3850      3.443      4.994    16.0545 0.0000e+00
      3.511      0.001     0.2126      2.051     78.018  64.089343     2.3702      7.439  -173.3214 1.2372e-01    38.8013      3.444      4.994    16.0609 0.0000e+00
      3.512      0.001     0.2198      1.934     72.767  59.770502     2.3686      7.435  -173.3675 1.2372e-01    40.7284      3.445      4.996    16.0668 0.0000e+00
      3.512      0.001     0.2208      1.817     61.873  50.818448     2.3553      7.433  -174.0807 1.2372e-01    44.2637      3.445      4.996    16.0711 0.0000e+00
      3.513      0.001     0.2121      1.722     57.085  46.884006     2.3509      7.430  -175.4066 1.2374e-01    46.2255      3.445      4.996    16.0725 0.0000e+00
      3.513      0.001     0.2032      1.651     53.880  44.251435     2.3573      7.427  -176.8371 1.2378e-01    46.3784      3.446      4.997    16.0707 0.0000e+00
      3.513      0.001     0.1902      1.579     49.771  40.874763     2.3073      7.423  -177.8687 1.2383e-01    45.9749      3.445      4.997    16.0651 0.0000e+00
      3.513      0.001     0.1784      1.504     47.389  38.916290     2.2047      7.418  -178.4146 1.2384e-01    45.2072      3.446      4.997    16.0607 0.0000e+00
      3.513      0.001     0.1683      1.450     46.524  38.204834     2.1412      7.414  -178.5340 1.2383e-01    44.7818      3.446      4.997    16.0617 0.0000e+00
      3.514      0.001     0.1632      1.422     46.635  38.297636     2.1302      7.410  -178.5379 1.2381e-01    44.6923      3.446      4.998    16.0622 0.0000e+00
      3.514      0.001     0.1562      1.414     49.445  40.609026     2.1467      7.408  -178.8914 1.2378e-01    43.8863      3.446      4.998    16.0591 0.0000e+00
      3.514      0.001     0.1469      1.422     52.430  43.062771     2.1735      7.406  -179.5385 1.2375e-01    42.3805      3.446      4.998    16.0556 0.0000e+00
      3.514      0.001     0.1425      1.458     54.250  44.559574     2.1882      7.403  -180.3391 1.2377e-01    41.5503      3.446      4.998    16.0550 0.0000e+00
      3.515      0.001     0.1391      1.514     57.723  47.413056     2.1912      7.399  -183.2368 1.2383e-01    41.3970      3.447      5.000    16.0575 0.0000e+00
      3.515      0.001     0.1395      1.566     59.674  49.014306     2.2429      7.394  -188.2469 1.2382e-01    40.8689      3.447      5.000    16.0609 0.0000e+00
      3.515      0.001     0.1389      1.611     58.904  48.378559     2.3564      7.390  -191.4434 1.2376e-01    39.9478      3.447      5.000    16.0632 0.0000e+00
      3.515      0.001     0.1426      1.650     56.256  46.198628     2.4224      7.386  -190.9973 1.2374e-01    39.4485      3.447      5.000    16.0649 0.0000e+00
      3.515      0.000     0.1500      1.675     52.003  42.704983     2.4251      7.383  -189.9941 1.2373e-01    39.3746      3.448      5.000    16.0667 0.0000e+00
      3.515 1.8628e-08     0.1544      1.690     50.188  41.219167     2.4144      7.382  -191.5320 1.2372e-01    39.2594      3.447      5.000    16.0661 0.0000e+00
      3.516 2.0491e-07     0.1586      1.686     50.202  41.238562     2.3844      7.382  -192.0395 1.2377e-01    39.1151      3.448      5.000    16.0624 0.0000e+00
      3.516 2.0491e-07     0.1638      1.652     48.172  39.577334     2.3449      7.382  -189.0752 1.2377e-01    38.9969      3.448      5.001    16.0559 0.0000e+00
      3.516 1.8630e-08     0.1649      1.582     45.406  37.307024     2.3208      7.384  -185.9764 1.2367e-01    38.9227      3.448      5.000    16.0530 0.0000e+00
      3.516 1.7214e-09     0.1675      1.499     44.262  36.367076     2.3086      7.386  -185.8049 1.2370e-01    38.9010      3.447      5.000    16.0596 0.0000e+00
      3.516 4.6184e-10     0.1669      1.442     43.757  35.949411     2.2560      7.386  -186.5700 1.2385e-01    39.4175      3.448      5.000    16.0697 0.0000e+00
      3.515 3.4008e-09     0.1642      1.402     42.353  34.793467     2.1672      7.386  -184.9034 1.2390e-01    40.4883      3.447      4.999    16.0761 0.0000e+00
      3.515 3.7257e-08     0.1571      1.369     40.689  33.423998     2.1261      7.387  -183.0334 1.2387e-01    41.1216      3.447      5.000    16.0788 0.0000e+00
      3.516 4.0981e-07     0.1455      1.359     39.355  32.326592     2.1251      7.388  -182.4594 1.2387e-01    41.1311      3.448      5.000    16.0783 0.0000e+00
      3.516      0.000     0.1419      1.386     38.016  31.225425     2.1301      7.388  -182.2656 1.2387e-01    40.7403      3.448      5.001    16.0753 0.0000e+00
      3.516      0.000     0.1383      1.443     37.144  30.507408     2.1524      7.386  -183.8726 1.2382e-01    40.1194      3.448      5.001    16.0718 0.0000e+00
      3.516      0.001     0.1340      1.506     36.664  30.111712     2.1794      7.382  -188.1240 1.2379e-01    39.8060      3.448      5.001    16.0688 0.0000e+00
      3.516      0.001     0.1324      1.561     36.285  29.801008     2.1979      7.378  -192.5422 1.2380e-01    39.7862      3.447      4.999    16.0672 0.0000e+00
      3.516      0.001     0.1353      1.607     36.660  30.110590     2.2182      7.374  -195.0476 1.2378e-01    39.5389      3.448      5.000    16.0644 0.0000e+00
      3.517      0.001     0.1422      1.659     38.050  31.255629     2.2493      7.372  -195.9595 1.2375e-01    39.0705      3.449      5.002    16.0612 0.0000e+00
      3.517      0.001     0.1485      1.722     41.319  33.945949     2.2753      7.369  -195.9963 1.2379e-01    38.8362      3.449      5.002    16.0597 0.0000e+00
      3.517      0.001     0.1546      1.790     50.539  41.525055     2.2990      7.368  -193.9443 1.2381e-01    38.9272      3.449      5.002    16.0603 0.0000e+00
      3.518      0.001     0.1579      1.880     65.963  54.197698     2.3953      7.372  -189.9915 1.2377e-01    39.9309      3.450      5.003    16.0634 0.0000e+00
      3.518      0.001     0.1630      2.015     80.772  66.354220     2.5485      7.377  -188.9860 1.2376e-01    41.6469      3.450      5.004    16.0675 0.0000e+00
      3.518      0.000     0.1699      2.155     91.340  75.001821     2.6280      7.382  -192.1113 1.2377e-01    42.4933      3.450      5.004    16.0724 0.0000e+00
      3.519     -0.001     0.1758      2.239     98.584  80.881671     2.6488      7.383  -197.1495 1.2379e-01    42.5128      3.451      5.005    16.0784 0.0000e+00
      3.519     -0.002     0.1830      2.283    103.359  84.707008     2.6840      7.380  -202.1512 1.2379e-01    42.2928      3.451      5.005    16.0805 0.0000e+00
      3.518     -0.003     0.1977      2.311    106.735  87.377089     2.9277      7.378  -205.0058 1.2373e-01    39.8671      3.449      5.004    16.0763 0.0000e+00
      3.516     -0.004     0.2161      2.316    109.690  89.707992     3.3813      7.379  -204.7347 1.2372e-01    35.4559      3.447      5.001    16.0609 0.0000e+00
      3.515     -0.004     0.2217      2.285    112.704  92.099519     3.6336      7.383  -201.1954 1.2377e-01    33.1250      3.447      4.999    16.0238 0.0000e+00
      3.514     -0.005     0.2256      2.209    115.850  94.609852     3.6392      7.388  -197.9188 1.2380e-01    33.5127      3.446      4.998    15.9744 0.0000e+00
      3.513     -0.005     0.2292      2.124    118.498  96.721221     3.4326      7.392  -196.6948 1.2378e-01    40.2116      3.445      4.996    15.9264 0.0000e+00
      3.512     -0.005     0.2300      2.061    120.163  98.039167     3.0504      7.394  -195.9464 1.2373e-01    52.6001      3.444      4.995    15.8855 0.0000e+00
      3.510     -0.006     0.2285      2.017    121.033  98.714420     2.8382      7.396  -195.3228 1.2372e-01    59.4390      3.442      4.993    15.8536 0.0000e+00
