Data/DataNotYetUploadedToEDI/Raw_CTD/RawDownloads/060721_fcr50_0001.cnv
* Sea-Bird SBE19plus  Data File:
* FileName = C:\R\Reservoirs\Data\DataNotYetUploadedToEDI\Raw_CTD\RawDownloads\060721_fcr50_0001.hex
* Software version 2.8.0.119
* Temperature SN = 7809
* Conductivity SN = 7809
* System UpLoad Time = Jun 07 2021 12:33:23
* <ApplicationData>
* <Seaterm232>
# nquan = 16
# nvalues = 2134                        
# units = specified
# name 0 = depFM: Depth [fresh water, m]
# name 1 = dz/dtM: Descent Rate [m/s]
# name 2 = orp: Oxidation Reduction Potential [mV]
# name 3 = sbeox0Mg/L: Oxygen, SBE 43 [mg/l]
# name 4 = sbeox0PS: Oxygen, SBE 43 [% saturation]
# name 5 = par/sat/log: PAR/Logarithmic, Satlantic
# name 6 = ph: pH
# name 7 = specc: Specific Conductance [uS/cm]
# name 8 = c0uS/cm: Conductivity [uS/cm]
# name 9 = flECO-AFL: Fluorescence, WET Labs ECO-AFL/FL [mg/m^3]
# name 10 = turbWETntu0: Turbidity, WET Labs ECO [NTU]
# name 11 = tv290C: Temperature [ITS-90, deg C]
# name 12 = density00: Density [density, kg/m^3]
# name 13 = prdE: Pressure, Strain Gauge [psi]
# name 14 = prdM: Pressure, Strain Gauge [db]
# name 15 = flag:  0.000e+00
# span 0 =     -0.604,      9.758       
# span 1 =     -0.237,      0.204       
# span 2 =   -83.3723,  1240.2295       
# span 3 =     0.7238,    15.5215       
# span 4 =      6.208,    177.666       
# span 5 = 1.2349e-01, 4.2152e+02       
# span 6 =     15.533,     16.019       
# span 7 =      1.158,    133.983       
# span 8 =   1.128046,  89.236677       
# span 9 =    -1.0267,     7.5852       
# span 10 =    -0.3930,   108.6729      
# span 11 =     8.2407,    25.6400      
# span 12 =   996.9007,   999.9274      
# span 13 =     -0.860,     13.879      
# span 14 =     -0.593,      9.569      
# span 15 = 0.0000e+00, 0.0000e+00      
# interval = seconds: 0.25
# start_time = Jun 06 2021 21:02:57 [Instrument's time stamp, header]
# bad_flag = -9.990e-29
*END*
[from data line 2080]
     -0.480     -0.184    37.5343    13.2648    146.099 2.7249e+02     15.569     38.428  36.413968     4.3766   108.6729    22.4882   997.6768     -0.685     -0.472 0.0000e+00
     -0.532     -0.148    52.6555    13.0454    144.836 2.5714e+02     15.577     38.515  36.325007     4.2563   108.6146    22.6710   997.6339     -0.766     -0.528 0.0000e+00
     -0.567     -0.109    53.4809    12.8916    144.437 2.4534e+02     15.581     38.525  36.202357     3.1468    84.0013    22.7312   997.6194     -0.819     -0.565 0.0000e+00
     -0.582     -0.072    44.8478    12.7691    144.905 2.3580e+02     15.583     38.415  36.009628     1.1087    38.4621    22.6265   997.6437     -0.835     -0.576 0.0000e+00
     -0.585     -0.041    38.0114    12.6685    145.837 2.2560e+02     15.584     38.237  35.771459    -0.0153    13.5652    22.3768   997.7015     -0.833     -0.574 0.0000e+00
     -0.585     -0.018    37.8471    12.6003    146.550 2.0891e+02     15.587     37.591  35.099397    -0.1437    11.1168    22.1259   997.7592     -0.833     -0.574 0.0000e+00
     -0.586     -0.006    39.3346    12.6079    145.930 1.8401e+02     15.591     31.202  29.089376    -0.2720     8.7906    21.9591   997.7969     -0.833     -0.574 0.0000e+00
     -0.586     -0.001    41.8854    12.6882    142.525 1.5816e+02     15.593     18.201  16.948481    -0.4707     4.8375    21.8572   997.8202     -0.833     -0.574 0.0000e+00
     -0.586 -5.103e-10    49.5023    12.8089    135.360 1.4251e+02     15.596      8.909   8.285638    -0.5815     2.6651    21.7703   997.8393     -0.833     -0.574 0.0000e+00
     -0.586 -5.614e-09    58.2960    12.9286    124.942 1.4421e+02     15.598      6.402   5.948098    -0.6104     2.3691    21.6772   997.8608     -0.834     -0.575 0.0000e+00
     -0.586 -6.175e-08    60.4494    12.9484    113.226 1.5611e+02     15.598      5.900   5.478913    -0.6964     1.8423    21.5825   997.8809     -0.833     -0.574 0.0000e+00
     -0.586 -6.175e-08    51.2754    12.7061    102.528 1.6975e+02     15.596      5.613   5.210632    -0.8384     0.9651    21.5140   997.8896     -0.834     -0.575 0.0000e+00
     -0.586 -5.615e-09    32.9833    12.0683     94.413 1.8537e+02     15.594      5.373   4.985329    -0.9252     0.4488    21.4715   997.8965     -0.834     -0.575 0.0000e+00
     -0.586 -5.105e-10    22.7171    11.0824     89.170 2.0595e+02     15.595      5.225   4.845699    -0.9455     0.3714    21.4460   997.9024     -0.833     -0.574 0.0000e+00
     -0.586 -4.641e-11    21.5325     9.9723     86.257 2.5922e+02     15.597      5.236   4.852929    -0.9405     0.4064    21.4298   997.9058     -0.833     -0.575 0.0000e+00
     -0.586 -4.219e-12    19.4352     8.9761     85.000 3.5048e+02     15.599      5.406   5.009382    -0.9408     0.4953    21.4104   997.9102     -0.834     -0.574 0.0000e+00
     -0.587 -3.837e-13    18.2658     8.2580     84.750 4.1444e+02     15.599      5.496   5.089997    -0.9592     0.5531    21.3882   997.9149     -0.835     -0.575 0.0000e+00
     -0.587 -3.678e-14    19.0957     7.8231     85.026 4.2152e+02     15.600      5.131   4.750512    -0.9622     0.5912    21.3660   997.9198     -0.834     -0.576 0.0000e+00
     -0.587 -2.420e-14    20.7788     7.5855     85.528 3.9942e+02     15.602      4.332   4.009255    -0.9488     0.6462    21.3446   997.9245     -0.835     -0.575 0.0000e+00
     -0.587 -2.316e-13    22.0964     7.5008     86.119 3.7151e+02     15.603      3.689   3.413705    -0.9500     0.5315    21.3245   997.9290     -0.834     -0.576 0.0000e+00
     -0.587 -2.545e-12    22.6377     7.4955     86.880 3.4688e+02     15.603      3.379   3.125203    -0.9862     0.2004    21.3056   997.9331     -0.834     -0.575 0.0000e+00
     -0.587 -2.799e-11    21.9023     7.5295     87.804 3.1815e+02     15.603      3.235   2.991853    -1.0242    -0.0269    21.2881   997.9369     -0.834     -0.575 0.0000e+00
     -0.587 -3.079e-10    20.8627     7.5855     88.740 2.8314e+02     15.603      3.114   2.878405    -1.0267    -0.0536    21.2713   997.9403     -0.834     -0.575 0.0000e+00
     -0.587 -3.387e-09    24.2642     7.6308     89.579 2.4930e+02     15.604      2.858   2.640453    -1.0175    -0.1234    21.2545   997.9439     -0.835     -0.576 0.0000e+00
     -0.587 -3.726e-08    39.5409     7.7028     90.340 2.2264e+02     15.608      2.662   2.458855    -1.0176    -0.2866    21.2383   997.9474     -0.834     -0.575 0.0000e+00
     -0.587 -4.098e-07    60.8549     7.7935     91.095 2.0311e+02     15.612      2.660   2.456601    -1.0179    -0.3441    21.2235   997.9507     -0.834     -0.575 0.0000e+00
     -0.587     -0.000    72.5495     7.8817     91.794 1.8481e+02     15.612      2.625   2.423144    -1.0115    -0.3038    21.2091   997.9539     -0.834     -0.575 0.0000e+00
     -0.587     -0.000    75.3699     7.9595     92.387 1.6725e+02     15.610      2.501   2.307729    -1.0072    -0.3142    21.1940   997.9570     -0.834     -0.575 0.0000e+00
     -0.587     -0.001    76.1131     8.0221     92.853 1.6046e+02     15.609      2.387   2.201478    -1.0142    -0.3327    21.1784   997.9604     -0.833     -0.575 0.0000e+00
     -0.587     -0.001    78.8679     8.0982     93.214 1.7236e+02     15.609      2.265   2.088738    -1.0191    -0.2868    21.1626   997.9639     -0.834     -0.576 0.0000e+00
     -0.587     -0.001    85.1030     8.1624     93.535 1.9748e+02     15.609      2.124   1.958223    -1.0187    -0.2744    21.1468   997.9673     -0.835     -0.576 0.0000e+00
     -0.587     -0.001    89.5529     8.2184     93.806 2.2903e+02     15.610      1.983   1.827103    -1.0197    -0.3542    21.1307   997.9708     -0.835     -0.576 0.0000e+00
     -0.588     -0.001    90.7708     8.2637     93.976 2.5963e+02     15.612      1.922   1.770382    -1.0126    -0.3930    21.1137   997.9745     -0.836     -0.576 0.0000e+00
     -0.588     -0.000    90.9668     8.2929     94.031 2.7471e+02     15.612      2.002   1.842561    -0.9986    -0.3318    21.0955   997.9784     -0.836     -0.576 0.0000e+00
     -0.588 -1.863e-08    90.9758     8.3281     94.094 2.7948e+02     15.612      2.177   2.002958    -0.9927    -0.2669    21.0754   997.9828     -0.835     -0.576 0.0000e+00
     -0.588 -2.049e-07    91.9113     8.3553     94.200 2.8300e+02     15.613      2.381   2.189314    -0.9995    -0.2264    21.0541   997.9874     -0.836     -0.577 0.0000e+00
     -0.587 -2.049e-07    93.6738     8.3787     94.314 2.7654e+02     15.614      2.595   2.385297    -0.9665     0.0550    21.0320   997.9921     -0.835     -0.576 0.0000e+00
     -0.587 -1.863e-08    95.3369     8.3787     94.499 2.6153e+02     15.614      2.829   2.598718    -0.8707     0.5609    21.0101   997.9969     -0.835     -0.576 0.0000e+00
     -0.587 -1.693e-09    95.9300     8.3860     94.668 2.4717e+02     15.614      2.987   2.742490    -0.7942     0.8430    20.9893   998.0015     -0.836     -0.576 0.0000e+00
     -0.587 -1.539e-10    95.1667     8.4066     94.763 2.3345e+02     15.614      3.044   2.793223    -0.7759     0.8903    20.9697   998.0057     -0.835     -0.576 0.0000e+00
     -0.587 -1.400e-11    98.4981     8.4090     94.838 2.2224e+02     15.617      3.089   2.832003    -0.7641     0.8585    20.9483   998.0104     -0.835     -0.576 0.0000e+00
     -0.587 -1.272e-12   106.9561     8.4388     94.898 2.1118e+02     15.620      3.091   2.831251    -0.7274     0.7680    20.9233   998.0158     -0.835     -0.576 0.0000e+00
     -0.587 -1.157e-13   112.7687     8.4606     94.982 1.9441e+02     15.620      3.044   2.784126    -0.7140     0.6881    20.8951   998.0219     -0.835     -0.576 0.0000e+00
     -0.587 -1.052e-14   113.8850     8.4677     95.116 1.8208e+02     15.622      3.031   2.769040    -0.7449     0.6141    20.8663   998.0281     -0.836     -0.576 0.0000e+00
     -0.587 -9.560e-16   112.4512     8.4840     95.238 1.7942e+02     15.624      3.042   2.775552    -0.8049     0.3879    20.8345   998.0349     -0.835     -0.576 0.0000e+00
     -0.587 -8.690e-17   109.9735     8.4926     95.320 1.7860e+02     15.626      3.002   2.736148    -0.8865     0.0137    20.7924   998.0440     -0.836     -0.576 0.0000e+00
     -0.587 -7.900e-18   108.1038     8.5079     95.399 1.7696e+02     15.627      2.937   2.672724    -0.9309    -0.2030    20.7393   998.0554     -0.835     -0.576 0.0000e+00
     -0.587 -7.181e-19   108.4299     8.5324     95.479 1.7551e+02     15.628      2.907   2.642222    -0.9317    -0.2407    20.6829   998.0674     -0.835     -0.575 0.0000e+00
     -0.587 -6.584e-20   110.7325     8.5557     95.567 1.7393e+02     15.631      2.887   2.620758    -0.9348    -0.2706    20.6218   998.0804     -0.835     -0.575 0.0000e+00
     -0.587 -1.187e-20   112.0259     8.5694     95.619 1.7245e+02     15.633      2.869   2.603264    -0.9390    -0.2901    20.5610   998.0933     -0.835     -0.576 0.0000e+00
     -0.587 -9.990e-29 -9.990e-29     8.5889 -9.990e-29 1.7170e+02 -9.990e-29 -9.990e-29 -9.990e-29 -9.990e-29 -9.990e-29    20.4988   998.1065     -0.836     -0.576 0.0000e+00
     -0.587 -9.990e-29 -9.990e-29     8.6044 -9.990e-29 1.7141e+02 -9.990e-29 -9.990e-29 -9.990e-29 -9.990e-29 -9.990e-29    20.4426   998.1184     -0.836     -0.576 0.0000e+00
     -0.587 -9.990e-29 -9.990e-29     8.6231 -9.990e-29 1.7092e+02 -9.990e-29 -9.990e-29 -9.990e-29 -9.990e-29 -9.990e-29    20.3802   998.1314     -0.836     -0.576 0.0000e+00
     -0.587 -9.990e-29 -9.990e-29     8.6417 -9.990e-29 1.7055e+02 -9.990e-29 -9.990e-29 -9.990e-29 -9.990e-29 -9.990e-29    20.3392   998.1400     -0.836     -0.576 0.0000e+00
