Data/DataNotYetUploadedToEDI/Raw_CTD/RawDownloads/060721_fcr50_0001.cnv
* Sea-Bird SBE19plus  Data File:
* FileName = C:\R\Reservoirs\Data\DataNotYetUploadedToEDI\Raw_CTD\RawDownloads\060721_fcr50_0001.hex
* Software version 2.8.0.119
* Temperature SN = 7809
* Conductivity SN = 7809
* System UpLoad Time = Jun 07 2021 12:33:23
* <ApplicationData>
* <Seaterm232>
# nquan = 16
# nvalues = 2134                        
# units = specified
# name 0 = depFM: Depth [fresh water, m]
# name 1 = dz/dtM: Descent Rate [m/s]
# name 2 = orp: Oxidation Reduction Potential [mV]
# name 3 = sbeox0Mg/L: Oxygen, SBE 43 [mg/l]
# name 4 = sbeox0PS: Oxygen, SBE 43 [% saturation]
# name 5 = par/sat/log: PAR/Logarithmic, Satlantic
# name 6 = ph: pH
# name 7 = specc: Specific Conductance [uS/cm]
# name 8 = c0uS/cm: Conductivity [uS/cm]
# name 9 = flECO-AFL: Fluorescence, WET Labs ECO-AFL/FL [mg/m^3]
# name 10 = turbWETntu0: Turbidity, WET Labs ECO [NTU]
# name 11 = tv290C: Temperature [ITS-90, deg C]
# name 12 = density00: Density [density, kg/m^3]
# name 13 = prdE: Pressure, Strain Gauge [psi]
# name 14 = prdM: Pressure, Strain Gauge [db]
# name 15 = flag:  0.000e+00
# span 0 =     -0.604,      9.758       
# span 1 =     -0.237,      0.204       
# span 2 =   -83.3723,  1240.2295       
# span 3 =     0.7238,    15.5215       
# span 4 =      6.208,    177.666       
# span 5 = 1.2349e-01, 4.2152e+02       
# span 6 =     15.533,     16.019       
# span 7 =      1.158,    133.983       
# span 8 =   1.128046,  89.236677       
# span 9 =    -1.0267,     7.5852       
# span 10 =    -0.3930,   108.6729      
# span 11 =     8.2407,    25.6400      
# span 12 =   996.9007,   999.9274      
# span 13 =     -0.860,     13.879      
# span 14 =     -0.593,      9.569      
# span 15 = 0.0000e+00, 0.0000e+00      
# interval = seconds: 0.25
# start_time = Jun 06 2021 21:02:57 [Instrument's time stamp, header]
# bad_flag = -9.990e-29
*END*
[from data line 1989]
      1.438     -0.079    67.0941     7.7166     84.061 6.3760e+00     15.756     35.452  29.018943     1.1135     1.8879    15.7771   999.0030      2.047      1.410 0.0000e+00
      1.413     -0.080    67.2756     7.9288     85.184 6.5989e+00     15.753     35.477  29.105200     1.0742     1.8486    15.7659   999.0047      2.009      1.386 0.0000e+00
      1.391     -0.077    67.5955     8.1016     86.145 6.7886e+00     15.750     35.502  29.186085     0.9768     1.8247    15.7649   999.0048      1.974      1.361 0.0000e+00
      1.373     -0.072    68.2080     8.2217     86.806 6.9458e+00     15.747     35.417  29.172309     0.9184     1.8388    15.8149   998.9968      1.953      1.346 0.0000e+00
      1.357     -0.068    68.5733     8.3057     87.256 7.1285e+00     15.746     35.326  29.129014     0.9214     1.8817    15.9261   998.9788      1.934      1.334 0.0000e+00
      1.341     -0.068    68.5709     8.4087     87.627 7.2986e+00     15.747     35.298  29.106709     1.0039     1.9666    16.0233   998.9630      1.905      1.314 0.0000e+00
      1.327     -0.072    68.7814     8.4989     87.987 7.4341e+00     15.747     35.372  29.156374     1.1521     2.0407    16.0944   998.9514      1.885      1.300 0.0000e+00
      1.312     -0.077    69.3114     8.5374     88.346 7.6587e+00     15.746     35.523  29.285425     1.2446     2.0577    16.1977   998.9343      1.872      1.290 0.0000e+00
      1.291     -0.081    69.7299     8.5700     88.749 8.0203e+00     15.743     35.614  29.398303     1.2833     2.1029    16.2445   998.9265      1.841      1.268 0.0000e+00
      1.264     -0.085    69.7981     8.6051     89.223 8.4248e+00     15.741     35.669  29.506205     1.4961     2.2093    16.2306   998.9287      1.796      1.238 0.0000e+00
      1.237     -0.088    69.5341     8.6473     89.668 8.7792e+00     15.738     35.734  29.638555     1.8815     2.2808    16.2030   998.9331      1.756      1.211 0.0000e+00
      1.216     -0.088    69.2902     8.6825     90.032 9.0928e+00     15.733     35.727  29.729857     2.0900     2.2803    16.1946   998.9345      1.730      1.192 0.0000e+00
      1.196     -0.085    69.3444     8.7057     90.402 9.4697e+00     15.729     35.676  29.785551     2.1297     2.3052    16.2593   998.9237      1.705      1.176 0.0000e+00
      1.174     -0.084    69.3294     8.7428     90.945 9.8648e+00     15.727     35.676  29.867994     2.3894     2.4106    16.3525   998.9081      1.669      1.150 0.0000e+00
      1.153     -0.085    68.5919     8.7690     91.741 1.0210e+01     15.725     35.704  29.965495     2.8557     2.5590    16.4513   998.8916      1.638      1.129 0.0000e+00
      1.135     -0.087    67.7417     8.7748     92.762 1.0663e+01     15.722     35.683  30.012924     3.1136     2.6230    16.6023   998.8661      1.618      1.115 0.0000e+00
      1.113     -0.089    67.6535     8.7733     93.831 1.1319e+01     15.719     35.614  29.997454     3.1426     2.6012    16.7546   998.8401      1.587      1.094 0.0000e+00
      1.086     -0.089    67.9564     8.8065     94.729 1.2049e+01     15.718     35.559  29.968825     3.2633     2.7415    16.8573   998.8224      1.543      1.064 0.0000e+00
      1.060     -0.089    68.3921     8.8638     95.388 1.2696e+01     15.718     35.572  29.983988     3.5141     2.9470    16.9609   998.8044      1.504      1.037 0.0000e+00
      1.039     -0.087    68.6195     8.9491     95.827 1.3370e+01     15.718     35.641  30.053909     3.6581     2.9565    17.0646   998.7863      1.479      1.020 0.0000e+00
      1.017     -0.084    68.2100     9.0537     96.209 1.4210e+01     15.717     35.746  30.179846     3.6592     2.9253    17.1234   998.7759      1.449      1.000 0.0000e+00
      0.994     -0.081    67.6575     9.1330     96.654 1.4972e+01     15.714     35.805  30.301359     3.6510     2.9813    17.1450   998.7720      1.411      0.973 0.0000e+00
      0.976     -0.079    67.7041     9.2022     97.109 1.5571e+01     15.710     35.792  30.381270     3.7025     3.0849    17.1372   998.7732      1.385      0.956 0.0000e+00
      0.960     -0.079    67.9993     9.2345     97.551 1.6374e+01     15.706     35.917  30.575191     3.7951     3.1820    17.1430   998.7722      1.369      0.943 0.0000e+00
      0.940     -0.080    67.8708     9.2542     97.991 1.7565e+01     15.702     36.057  30.806345     3.8358     3.1942    17.1927   998.7634      1.341      0.923 0.0000e+00
      0.917     -0.083    66.6664     9.2863     98.526 1.8787e+01     15.695     35.972  30.892359     3.8416     3.2324    17.2935   998.7455      1.302      0.898 0.0000e+00
      0.896     -0.090    63.0737     9.2950     99.237 1.9926e+01     15.689     35.822  30.917516     3.9510     3.5402    17.4539   998.7169      1.273      0.878 0.0000e+00
      0.877     -0.095    58.5029     9.3223    100.026 2.1513e+01     15.684     35.776  30.983836     4.1475     3.9981    17.5483   998.7000      1.251      0.863 0.0000e+00
      0.852     -0.094    55.9696     9.3352    100.764 2.3751e+01     15.682     35.786  31.059936     4.2534     4.2019    17.6746   998.6772      1.215      0.837 0.0000e+00
      0.822     -0.084    54.7277     9.3284    101.404 2.6451e+01     15.680     35.749  31.076394     4.2784     4.2199    17.9410   998.6283      1.171      0.806 0.0000e+00
      0.791     -0.069    52.8661     9.3568    102.045 2.8981e+01     15.678     35.684  31.056000     4.5255     4.4897    18.1848   998.5829      1.122      0.774 0.0000e+00
      0.767     -0.052    50.0664     9.4086    102.770 2.9956e+01     15.678     35.657  31.067171     4.9994     4.9580    18.3148   998.5584      1.079      0.744 0.0000e+00
      0.761     -0.035    46.6889     9.4668    103.547 2.9332e+01     15.677     35.710  31.148062     5.2599     5.1786    18.3971   998.5429      1.075      0.741 0.0000e+00
      0.767     -0.022    43.6056     9.5056    104.329 2.8705e+01     15.675     35.809  31.272773     5.2807     5.1661    18.4732   998.5285      1.095      0.756 0.0000e+00
      0.771     -0.020    41.3513     9.5556    105.065 2.8665e+01     15.672     35.924  31.433108     5.2703     5.2517    18.5058   998.5223      1.100      0.759 0.0000e+00
      0.771     -0.028    39.9968     9.6163    105.703 2.8870e+01     15.668     35.975  31.564069     5.2485     5.4584    18.5595   998.5120      1.096      0.756 0.0000e+00
      0.766     -0.044    39.1869     9.6800    106.294 3.0102e+01     15.664     35.899  31.587440     5.2375     5.6060    18.6102   998.5024      1.097      0.757 0.0000e+00
      0.750     -0.061    38.0118     9.7472    106.979 3.3197e+01     15.661     35.829  31.588928     5.2229     5.6632    18.6473   998.4952      1.074      0.741 0.0000e+00
      0.723     -0.076    33.1022     9.8024    107.869 3.6741e+01     15.661     35.785  31.582145     5.2051     5.6687    18.7291   998.4795      1.025      0.707 0.0000e+00
      0.696     -0.088    27.2322     9.8356    109.129 3.9757e+01     15.661     35.759  31.568908     5.2220     5.6386    18.8588   998.4543      0.987      0.681 0.0000e+00
      0.674     -0.094    26.4052     9.8513    110.801 4.2819e+01     15.660     35.814  31.619233     5.2646     5.6428    19.0104   998.4246      0.960      0.662 0.0000e+00
      0.652     -0.095    25.1682     9.8994    112.658 4.6595e+01     15.660     35.874  31.683058     5.2911     5.7190    19.0941   998.4080      0.930      0.641 0.0000e+00
      0.627     -0.095    21.1386     9.9658    114.436 5.1526e+01     15.660     35.883  31.706180     5.2854     5.8051    19.1315   998.4005      0.895      0.617 0.0000e+00
      0.600     -0.096    18.9819    10.0753    115.910 5.6191e+01     15.660     35.878  31.708486     5.2246     6.4437    19.1435   998.3980      0.850      0.586 0.0000e+00
      0.577     -0.097    18.9665    10.2456    116.971 6.0351e+01     15.659     35.871  31.710947     5.1381     7.7063    19.1303   998.4006      0.819      0.565 0.0000e+00
      0.554     -0.096    19.5756    10.4197    117.774 6.6059e+01     15.657     35.876  31.735946     5.1064     8.4361    19.1489   998.3968      0.793      0.547 0.0000e+00
      0.527     -0.095    19.8933    10.5856    118.603 7.2745e+01     15.656     35.944  31.820435     5.1181     8.5048    19.1841   998.3897      0.750      0.517 0.0000e+00
      0.501     -0.093    19.7964    10.7259    119.402 7.8354e+01     15.656     36.016  31.907747     5.1746     8.3655    19.1838   998.3896      0.709      0.489 0.0000e+00
      0.479     -0.092    19.5228    10.8204    119.944 8.3734e+01     15.655     36.054  31.966871     5.2755     8.0900    19.1844   998.3894      0.681      0.470 0.0000e+00
      0.458     -0.091    18.5641    10.8682    120.278 9.0191e+01     15.654     36.161  32.091209     5.3369     7.9549    19.2260   998.3812      0.653      0.450 0.0000e+00
      0.436     -0.090    17.0676    10.9408    120.520 9.7368e+01     15.652     36.388  32.332563     5.3630     7.9684    19.2609   998.3742      0.619      0.427 0.0000e+00
      0.413     -0.087    16.6566    11.0244    120.873 1.0526e+02     15.649     36.547  32.537577     5.4768     7.7037    19.2913   998.3680      0.587      0.405 0.0000e+00
      0.390     -0.084    17.1232    11.0563    121.569 1.1394e+02     15.645     36.528  32.603232     5.6642     7.1581    19.3245   998.3613      0.554      0.382 0.0000e+00
      0.365     -0.080    15.8259    11.0785    122.622 1.2289e+02     15.642     36.545  32.682382     5.7500     6.8646    19.3669   998.3528      0.518      0.358 0.0000e+00
      0.343     -0.078    13.0170    11.0842    123.959 1.3024e+02     15.641     36.702  32.860178     5.7311     7.0048    19.4103   998.3441      0.484      0.334 0.0000e+00
      0.327     -0.078    11.5535    11.0862    125.562 1.3532e+02     15.640     36.862  33.039885     5.5028     8.7497    19.4913   998.3279      0.462      0.318 0.0000e+00
      0.314     -0.077    11.8979    11.1205    127.379 1.4232e+02     15.639     36.855  33.078686     5.0591    11.9287    19.6394   998.2979      0.449      0.310 0.0000e+00
      0.296     -0.077    12.9644    11.2003    129.317 1.5459e+02     15.638     36.943  33.202485     4.8007    13.6842    19.7285   998.2797      0.426      0.294 0.0000e+00
      0.271     -0.078    14.0384    11.3150    131.216 1.6790e+02     15.636     37.454  33.711928     4.7722    13.8733    19.7557   998.2741      0.384      0.265 0.0000e+00
      0.247     -0.079    14.4719    11.4527    132.918 1.7858e+02     15.632     37.988  34.289207     4.8003    14.1121    19.8036   998.2644      0.347      0.240 0.0000e+00
      0.228     -0.077    14.3341    11.6055    134.592 1.8884e+02     15.625     38.087  34.535235     4.8646    14.4772    19.8749   998.2497      0.325      0.223 0.0000e+00
      0.210     -0.071    14.6964    11.7696    136.413 2.0264e+02     15.619     37.971  34.592918     4.9015    14.6144    19.9380   998.2366      0.302      0.208 0.0000e+00
      0.189     -0.063    15.2384    11.9469    138.330 2.1817e+02     15.615     37.992  34.733058     4.9026    14.6029    19.9740   998.2294      0.267      0.185 0.0000e+00
      0.171     -0.060    14.6918    12.0644    140.464 2.2691e+02     15.612     38.083  34.897269     4.9159    14.5106    20.0851   998.2066      0.236      0.163 0.0000e+00
      0.161     -0.062    13.5086    12.1459    142.943 2.2883e+02     15.609     38.197  35.055585     5.0622    13.3606    20.3306   998.1554      0.227      0.157 0.0000e+00
      0.156     -0.067    13.2360    12.2624    145.625 2.3492e+02     15.607     38.435  35.314760     5.3275    11.2038    20.5776   998.1032      0.226      0.155 0.0000e+00
      0.143     -0.074    14.2345    12.3910    148.240 2.5287e+02     15.607     38.657  35.556207     5.4626     9.9594    20.7208   998.0726      0.208      0.144 0.0000e+00
      0.119     -0.083    15.3427    12.5487    150.455 2.7752e+02     15.606     38.623  35.563617     5.4560     9.8853    20.8247   998.0503      0.172      0.118 0.0000e+00
      0.090     -0.091    15.7942    12.7633    152.069 3.1092e+02     15.603     38.410  35.404406     5.3807    10.4797    20.8905   998.0361      0.129      0.089 0.0000e+00
      0.061     -0.096    15.3923    12.9978    153.144 3.5345e+02     15.602     38.392  35.408029     5.2483    11.5162    20.9331   998.0268      0.084      0.059 0.0000e+00
      0.034     -0.093    14.6998    13.2298    153.740 3.7625e+02     15.602     38.585  35.607457     5.1806    12.0483    20.9870   998.0152      0.045      0.031 0.0000e+00
      0.010     -0.082    14.9922    13.4262    153.981 3.7835e+02     15.601     38.729  35.785080     5.1536    12.1066    21.0294   998.0059      0.015      0.010 0.0000e+00
     -0.011     -0.067    16.1744    13.5431    154.115 3.7879e+02     15.600     38.663  35.778918     4.9601    12.9079    21.0987   997.9905     -0.016     -0.010 0.0000e+00
     -0.028     -0.051    17.2925    13.6368    154.251 3.7259e+02     15.598     38.426  35.596479     4.6434    14.4579    21.1090   997.9882     -0.042     -0.029 0.0000e+00
     -0.039     -0.035    17.8421    13.6868    154.398 3.7034e+02     15.598     38.378  35.546457     4.4816    15.3286    21.1169   997.9865     -0.060     -0.041 0.0000e+00
     -0.043     -0.020    18.0013    13.6736    154.468 3.7605e+02     15.600     38.618  35.745210     4.4817    15.4026    21.1907   997.9705     -0.066     -0.045 0.0000e+00
     -0.043     -0.008    18.2705    13.6663    154.425 3.7830e+02     15.600     38.777  35.905458     4.6547    15.1803    21.2693   997.9533     -0.061     -0.042 0.0000e+00
     -0.041      0.001    18.6881    13.6562    154.418 3.7936e+02     15.597     38.703  35.897587     4.9704    14.8040    21.3404   997.9375     -0.057     -0.039 0.0000e+00
     -0.038      0.006    19.1785    13.6788    154.514 3.8131e+02     15.594     38.650  35.903965     5.1524    14.6290    21.3209   997.9417     -0.056     -0.038 0.0000e+00
     -0.035      0.006    19.6400    13.7085    154.721 3.8318e+02     15.593     38.781  36.046123     5.1763    14.5755    21.2524   997.9570     -0.050     -0.034 0.0000e+00
     -0.033     -0.003    19.9662    13.6907    155.045 3.8460e+02     15.593     39.157  36.410716     5.0678    14.1575    21.2607   997.9553     -0.047     -0.032 0.0000e+00
     -0.030     -0.023    20.0253    13.6611    155.561 3.8559e+02     15.591     39.591  36.885428     4.8520    13.4202    21.3770   997.9296     -0.043     -0.029 0.0000e+00
     -0.030     -0.053    19.7518    13.6441    156.407 3.8567e+02     15.586     39.649  37.089868     4.7223    13.0073    21.4682   997.9095     -0.039     -0.027 0.0000e+00
     -0.037     -0.090    19.4992    13.6610    157.368 3.8307e+02     15.578     39.360  36.978999     4.7017    12.9771    21.4725   997.9086     -0.047     -0.032 0.0000e+00
     -0.061     -0.130    19.1220    13.6923    157.814 3.7594e+02     15.574     39.296  37.004759     4.7082    13.0551    21.4652   997.9101     -0.072     -0.049 0.0000e+00
     -0.109     -0.170    16.8263    13.7110    157.189 3.6471e+02     15.571     39.666  37.401435     4.7152    13.5040    21.5241   997.8971     -0.146     -0.101 0.0000e+00
     -0.171     -0.203    15.0581    13.7288    155.479 3.5132e+02     15.567     39.956  37.777120     4.7094    14.2841    21.7622   997.8436     -0.248     -0.171 0.0000e+00
     -0.232     -0.227    17.7897    13.7675    153.293 3.3609e+02     15.563     39.817  37.802997     4.6953    14.8651    22.0250   997.7839     -0.328     -0.227 0.0000e+00
     -0.293     -0.237    16.9010    13.8049    151.275 3.1880e+02     15.558     39.388  37.524160     4.6887    17.0616    22.1055   997.7653     -0.414     -0.286 0.0000e+00
     -0.358     -0.232     9.9050    13.7545    149.520 3.0170e+02     15.555     38.873  37.071355     4.6297    41.0479    22.0996   997.7665     -0.513     -0.354 0.0000e+00
