Data/DataNotYetUploadedToEDI/Raw_CTD/RawDownloads/060722_bvr50_0006.cnv
* Sea-Bird SBE19plus  Data File:
* FileName = C:\R\Reservoirs\Data\DataNotYetUploadedToEDI\Raw_CTD\RawDownloads\060722_bvr01_0006.hex
* Software version 2.8.0.119
* Temperature SN = 7809
* Conductivity SN = 7809
* System UpLoad Time = Jun 08 2022 10:07:08
* <ApplicationData>
* <Seaterm232>
# nquan = 15
# nvalues = 1813                        
# units = specified
# name 0 = depFM: Depth [fresh water, m]
# name 1 = dz/dtM: Descent Rate [m/s]
# name 2 = sbeox0Mg/L: Oxygen, SBE 43 [mg/l]
# name 3 = sbeox0PS: Oxygen, SBE 43 [% saturation]
# name 4 = specc: Specific Conductance [uS/cm]
# name 5 = c0uS/cm: Conductivity [uS/cm]
# name 6 = flECO-AFL: Fluorescence, WET Labs ECO-AFL/FL [mg/m^3]
# name 7 = ph: pH
# name 8 = orp: Oxidation Reduction Potential [mV]
# name 9 = par/sat/log: PAR/Logarithmic, Satlantic
# name 10 = turbWETntu0: Turbidity, WET Labs ECO [NTU]
# name 11 = prdM: Pressure, Strain Gauge [db]
# name 12 = prdE: Pressure, Strain Gauge [psi]
# name 13 = tv290C: Temperature [ITS-90, deg C]
# name 14 = flag:  0.000e+00
# span 0 =     -0.750,      8.916       
# span 1 =     -0.291,      0.155       
# span 2 =     0.0273,    10.1373       
# span 3 =      0.261,    116.850       
# span 4 =      0.932,    235.093       
# span 5 =   0.836911, 172.512820       
# span 6 =    -0.1451,     5.6277       
# span 7 =      6.080,      9.549       
# span 8 =  -192.4726,   200.7344       
# span 9 = 1.2360e-01, 2.3681e+02       
# span 10 =    -0.3526,    11.6885      
# span 11 =     -0.735,      8.748      
# span 12 =     -1.066,     12.687      
# span 13 =     9.3536,    23.8956      
# span 14 = 0.0000e+00, 0.0000e+00      
# interval = seconds: 0.25
# start_time = Jun 07 2022 08:30:51 [Instrument's time stamp, header]
# bad_flag = -9.990e-29
*END*
[from data line 1639]
      1.993     -0.072     0.0439      0.408    232.310 164.186009     3.2963      7.403   -41.6450 1.9964e+00     4.0515      1.963      2.846    10.3141 0.0000e+00
      1.959     -0.085     0.0433      0.391    232.334 164.228083     3.1891      7.402   -46.7547 2.1483e+00     4.2519      1.927      2.795    10.3193 0.0000e+00
      1.912     -0.091     0.0443      0.374    232.340 164.257557     3.1219      7.403   -51.5064 2.2680e+00     4.3332      1.871      2.713    10.3245 0.0000e+00
      1.876     -0.097     0.0464      0.364    232.346 164.287129     3.1165      7.404   -55.3035 2.3117e+00     4.3514      1.828      2.651    10.3299 0.0000e+00
      1.864     -0.104     0.0463      0.338    232.370 164.330404     3.1410      7.404   -57.6471 2.3104e+00     4.4387      1.824      2.646    10.3351 0.0000e+00
      1.863     -0.109     0.0444      0.328    232.429 164.397933     3.1845      7.406   -58.8491 2.3432e+00     4.5339      1.834      2.660    10.3406 0.0000e+00
      1.848     -0.108     0.0396      0.330    232.487 164.465466     3.2099      7.411   -59.2542 2.4747e+00     4.5808      1.824      2.646    10.3460 0.0000e+00
      1.803     -0.104     0.0438      0.329    232.510 164.508795     3.2231      7.419   -59.3623 2.7103e+00     4.5956      1.776      2.576    10.3514 0.0000e+00
      1.745     -0.096     0.0358      0.346    232.514 164.538939     3.3109      7.429   -59.0378 2.9266e+00     4.7122      1.702      2.468    10.3572 0.0000e+00
      1.707     -0.080     0.0359      0.359    232.525 164.574684     3.4643      7.438   -58.2553 2.9968e+00     4.9320      1.660      2.408    10.3628 0.0000e+00
      1.699     -0.053     0.0388      0.366    232.554 164.621933     3.5462      7.447   -57.6447 2.9758e+00     5.0329      1.663      2.411    10.3684 0.0000e+00
      1.705     -0.021     0.0339      0.378    232.574 164.663519     3.5525      7.454   -57.1615 2.9433e+00     5.0438      1.673      2.425    10.3741 0.0000e+00
      1.714      0.007     0.0402      0.378    232.578 164.694612     3.5564      7.462   -56.6294 2.9202e+00     5.0636      1.681      2.438    10.3799 0.0000e+00
      1.720      0.022     0.0401      0.375    232.605 164.742631     3.5774      7.469   -56.2874 2.9220e+00     4.9998      1.688      2.449    10.3860 0.0000e+00
      1.725      0.025     0.0399      0.385    232.641 164.797408     3.6059      7.473   -55.9508 2.9195e+00     4.8874      1.690      2.451    10.3920 0.0000e+00
      1.731      0.023     0.0432      0.385    232.669 164.846397     3.6260      7.476   -55.0553 2.8901e+00     4.8315      1.696      2.459    10.3977 0.0000e+00
      1.739      0.018     0.0427      0.357    232.688 164.888251     3.6378      7.478   -53.8058 2.8477e+00     4.8023      1.706      2.475    10.4038 0.0000e+00
      1.745      0.013     0.0403      0.338    232.693 164.920566     3.6490      7.479   -52.6308 2.8178e+00     4.7391      1.712      2.485    10.4100 0.0000e+00
      1.747      0.007     0.0436      0.338    232.738 164.981878     3.6695      7.480   -51.5174 2.8238e+00     4.6480      1.715      2.488    10.4162 0.0000e+00
      1.747     -0.002     0.0451      0.345    232.798 165.055220     3.6862      7.480   -51.4431 2.8516e+00     4.5894      1.715      2.487    10.4225 0.0000e+00
      1.744     -0.019     0.0389      0.358    232.825 165.105358     3.6843      7.481   -52.4196 2.8580e+00     4.5766      1.710      2.481    10.4288 0.0000e+00
      1.742     -0.044     0.0366      0.358    232.833 165.141394     3.6223      7.481   -52.6551 2.8542e+00     4.5959      1.708      2.477    10.4349 0.0000e+00
      1.739     -0.076     0.0382      0.358    232.833 165.171869     3.5105      7.481   -52.0542 2.9080e+00     4.6176      1.708      2.478    10.4413 0.0000e+00
      1.724     -0.106     0.0374      0.378    232.855 165.218591     3.4471      7.481   -51.3483 3.0507e+00     4.6000      1.699      2.464    10.4479 0.0000e+00
      1.688     -0.123     0.0412      0.396    232.868 165.259607     3.4392      7.482   -50.4877 3.2960e+00     4.6225      1.665      2.414    10.4544 0.0000e+00
      1.633     -0.126     0.0401      0.382    232.860 165.284900     3.4566      7.483   -49.5647 3.6310e+00     4.8900      1.602      2.324    10.4610 0.0000e+00
      1.574     -0.116     0.0383      0.348    232.883 165.332968     3.4908      7.485   -48.6200 3.8936e+00     5.3409      1.534      2.224    10.4675 0.0000e+00
      1.539     -0.094     0.0424      0.351    232.924 165.394078     3.5110      7.485   -47.6692 3.9539e+00     5.5980      1.498      2.172    10.4741 0.0000e+00
      1.531     -0.064     0.0455      0.376    232.956 165.449431     3.5181      7.485   -47.1030 3.9074e+00     5.6077      1.498      2.173    10.4810 0.0000e+00
      1.536     -0.034     0.0448      0.386    232.969 165.491707     3.6430      7.486   -46.9361 3.8748e+00     5.6295      1.508      2.187    10.4877 0.0000e+00
      1.539     -0.011     0.0357      0.395    232.966 165.522351     3.8899      7.487   -46.5120 3.8755e+00     5.7592      1.511      2.193    10.4944 0.0000e+00
      1.536     -0.001     0.0379      0.400    232.979 165.564696     4.0306      7.489   -45.7602 3.8777e+00     5.8433      1.506      2.186    10.5014 0.0000e+00
      1.533      0.001     0.0442      0.389    233.011 165.620792     4.0457      7.491   -45.2459 3.8613e+00     5.8610      1.503      2.179    10.5084 0.0000e+00
      1.532      0.001     0.0420      0.385    233.061 165.690069     4.0400      7.493   -44.7680 3.8337e+00     6.0416      1.501      2.178    10.5154 0.0000e+00
      1.534      0.001     0.0441      0.373    233.116 165.764136     4.0361      7.495   -44.1123 3.8068e+00     6.3876      1.504      2.182    10.5224 0.0000e+00
      1.536     -0.005     0.0464      0.331    233.139 165.814335     4.0398      7.496   -43.7699 3.7794e+00     6.5942      1.507      2.186    10.5296 0.0000e+00
      1.539     -0.024     0.0419      0.300    233.140 165.850302     4.0351      7.496   -43.5534 3.7341e+00     6.5930      1.508      2.187    10.5366 0.0000e+00
      1.542     -0.056     0.0429      0.305    233.132 165.879939     3.9791      7.497   -43.3883 3.7123e+00     6.4751      1.514      2.196    10.5439 0.0000e+00
      1.537     -0.099     0.0442      0.324    233.136 165.917435     3.8788      7.499   -45.3867 3.7993e+00     6.2612      1.515      2.198    10.5515 0.0000e+00
      1.509     -0.142     0.0360      0.347    233.181 165.984600     3.8210      7.500   -49.5618 4.0341e+00     6.0901      1.488      2.159    10.5588 0.0000e+00
      1.457     -0.174     0.0312      0.366    233.228 166.053835     3.8134      7.501   -51.8820 4.4345e+00     6.0465      1.432      2.078    10.5663 0.0000e+00
      1.389     -0.184     0.0340      0.368    233.265 166.116371     3.7866      7.504   -51.3275 4.9768e+00     6.1438      1.366      1.980    10.5739 0.0000e+00
      1.316     -0.172     0.0361      0.378    233.284 166.166348     3.7383      7.511   -49.9994 5.4783e+00     6.3106      1.286      1.865    10.5812 0.0000e+00
      1.257     -0.140     0.0380      0.392    233.296 166.211374     3.7133      7.519   -49.0737 5.7332e+00     6.3888      1.219      1.768    10.5889 0.0000e+00
      1.230     -0.096     0.0427      0.386    233.337 166.277874     3.7168      7.528   -48.4810 5.7377e+00     6.4062      1.197      1.736    10.5965 0.0000e+00
      1.229     -0.051     0.0399      0.367    233.362 166.332202     3.8722      7.535   -47.6507 5.6255e+00     6.5209      1.202      1.745    10.6042 0.0000e+00
      1.235     -0.014     0.0415      0.353    233.345 166.357703     4.1685      7.541   -46.6067 5.5122e+00     6.7172      1.212      1.759    10.6121 0.0000e+00
      1.241      0.007     0.0456      0.366    233.344 166.394770     4.3283      7.546   -45.5802 5.4058e+00     6.8320      1.217      1.765    10.6198 0.0000e+00
      1.247      0.008     0.0425      0.386    233.384 166.461297     4.3395      7.549   -44.8764 5.2983e+00     6.8158      1.223      1.774    10.6279 0.0000e+00
      1.252     -0.009     0.0415      0.384    233.419 166.523872     4.2960      7.550   -44.3771 5.2222e+00     6.6924      1.229      1.783    10.6357 0.0000e+00
      1.254     -0.041     0.0372      0.383    233.439 166.577002     4.2100      7.554   -43.6733 5.1704e+00     6.5354      1.230      1.785    10.6436 0.0000e+00
      1.250     -0.086     0.0399      0.386    233.497 166.656958     4.1658      7.557   -42.9913 5.1839e+00     6.4898      1.229      1.783    10.6519 0.0000e+00
      1.232     -0.137     0.0450      0.357    233.537 166.724775     4.1605      7.558   -42.8428 5.3859e+00     6.5498      1.219      1.768    10.6600 0.0000e+00
      1.191     -0.182     0.0424      0.329    233.530 166.758778     4.0289      7.558   -42.8238 5.8206e+00     6.5779      1.177      1.708    10.6681 0.0000e+00
      1.124     -0.207     0.0413      0.332    233.550 166.812834     3.7734      7.560   -42.0741 6.4663e+00     6.5564      1.108      1.608    10.6763 0.0000e+00
      1.040     -0.206     0.0457      0.335    233.571 166.867802     3.6426      7.566   -41.0055 7.2630e+00     6.5628      1.022      1.483    10.6846 0.0000e+00
      0.959     -0.180     0.0397      0.332    233.577 166.912830     3.6543      7.574   -40.1417 7.8755e+00     6.5876      0.927      1.344    10.6931 0.0000e+00
      0.907     -0.138     0.0335      0.322    233.607 166.974357     3.7572      7.584   -39.2881 8.0107e+00     6.6176      0.874      1.267    10.7015 0.0000e+00
      0.893     -0.088     0.0387      0.322    233.638 167.037332     3.9377      7.593   -38.4275 7.8353e+00     6.6852      0.870      1.261    10.7099 0.0000e+00
      0.900     -0.043     0.0365      0.336    233.668 167.099857     4.0392      7.599   -37.8241 7.6172e+00     6.7558      0.882      1.279    10.7184 0.0000e+00
      0.910     -0.010     0.0378      0.345    233.688 167.155967     4.0526      7.604   -37.2406 7.4988e+00     6.7887      0.895      1.299    10.7270 0.0000e+00
      0.913      0.005     0.0351      0.339    233.698 167.205185     4.1071      7.607   -36.1909 7.5065e+00     6.8440      0.897      1.301    10.7359 0.0000e+00
      0.909      0.005     0.0347      0.327    233.699 167.248204     4.2081      7.609   -35.1125 7.5368e+00     6.9464      0.891      1.293    10.7445 0.0000e+00
      0.906     -0.002     0.0380      0.326    233.703 167.293199     4.2656      7.611   -34.4409 7.4993e+00     7.0018      0.886      1.286    10.7532 0.0000e+00
      0.907     -0.017     0.0384      0.325    233.746 167.366299     4.2781      7.613   -33.9213 7.4140e+00     7.0017      0.888      1.289    10.7623 0.0000e+00
      0.911     -0.038     0.0385      0.321    233.775 167.430000     4.2767      7.614   -33.3036 7.3759e+00     6.8765      0.895      1.298    10.7712 0.0000e+00
      0.909     -0.063     0.0345      0.325    233.798 167.489005     4.2731      7.615   -32.7378 7.4922e+00     6.6150      0.895      1.300    10.7801 0.0000e+00
      0.893     -0.090     0.0370      0.338    233.849 167.569167     4.2758      7.616   -32.2418 7.8364e+00     6.4702      0.883      1.281    10.7892 0.0000e+00
      0.858     -0.110     0.0357      0.345    233.877 167.633353     4.2766      7.617   -31.4368 8.3805e+00     6.4926      0.846      1.226    10.7982 0.0000e+00
      0.812     -0.116     0.0353      0.338    233.896 167.690670     4.3075      7.618   -30.4034 9.0070e+00     6.6804      0.797      1.155    10.8075 0.0000e+00
      0.767     -0.107     0.0356      0.331    233.919 167.751609     4.3590      7.622   -29.5560 9.5524e+00     6.9994      0.750      1.088    10.8166 0.0000e+00
      0.731     -0.085     0.0376      0.328    233.919 167.795755     4.3829      7.626   -28.8490 9.8726e+00     7.1729      0.708      1.028    10.8259 0.0000e+00
      0.714     -0.054     0.0394      0.323    233.920 167.841519     4.3886      7.631   -27.9631 9.9373e+00     7.1717      0.693      1.005    10.8353 0.0000e+00
      0.715     -0.024     0.0369      0.316    233.970 167.922006     4.4022      7.636   -26.8470 9.8707e+00     7.1561      0.700      1.016    10.8445 0.0000e+00
      0.723      0.001     0.0363      0.309    234.019 168.003021     4.5231      7.640   -25.8500 9.8194e+00     7.2237      0.710      1.030    10.8542 0.0000e+00
      0.732      0.015     0.0366      0.304    234.028 168.055161     4.7436      7.642   -25.2877 9.7754e+00     7.3740      0.718      1.042    10.8636 0.0000e+00
      0.738      0.020     0.0358      0.310    234.034 168.105681     4.8696      7.645   -24.8659 9.7240e+00     7.4701      0.725      1.051    10.8731 0.0000e+00
      0.742      0.019     0.0347      0.317    234.055 168.167097     4.8734      7.646   -24.2777 9.6937e+00     7.4975      0.728      1.056    10.8828 0.0000e+00
      0.746      0.015     0.0346      0.319    234.068 168.223317     4.7566      7.646   -23.7686 9.6864e+00     7.6033      0.732      1.061    10.8923 0.0000e+00
      0.750      0.006     0.0323      0.328    234.073 168.274850     4.5477      7.646   -23.4430 9.7270e+00     7.7931      0.736      1.066    10.9024 0.0000e+00
      0.753     -0.010     0.0344      0.339    234.103 168.343420     4.4366      7.645   -23.0933 9.7915e+00     7.9134      0.738      1.071    10.9122 0.0000e+00
      0.756     -0.037     0.0356      0.347    234.136 168.414148     4.4283      7.643   -22.8107 9.9045e+00     7.8961      0.744      1.078    10.9220 0.0000e+00
      0.753     -0.070     0.0346      0.347    234.178 168.491779     4.4144      7.640   -22.6062 1.0246e+01     7.6179      0.744      1.078    10.9322 0.0000e+00
      0.737     -0.098     0.0361      0.338    234.234 168.579975     4.3937      7.637   -22.5141 1.1043e+01     7.1803      0.731      1.060    10.9422 0.0000e+00
      0.698     -0.113     0.0375      0.333    234.265 168.650770     4.3857      7.637   -22.6441 1.2318e+01     6.9767      0.693      1.006    10.9523 0.0000e+00
      0.642     -0.118     0.0384      0.347    234.279 168.709506     4.3849      7.641   -22.5422 1.3592e+01     6.9677      0.627      0.909    10.9623 0.0000e+00
      0.593     -0.118     0.0391      0.360    234.308 168.779556     4.3928      7.644   -21.8852 1.4362e+01     6.9689      0.570      0.827    10.9724 0.0000e+00
      0.569     -0.118     0.0371      0.353    234.351 168.859481     4.4138      7.646   -20.8955 1.4596e+01     6.9910      0.551      0.799    10.9828 0.0000e+00
      0.564     -0.123     0.0355      0.339    234.351 168.909960     4.4300      7.646   -20.1260 1.4658e+01     6.9952      0.554      0.803    10.9931 0.0000e+00
      0.555     -0.136     0.0381      0.339    234.327 168.943134     4.4309      7.647   -19.8075 1.5197e+01     6.9860      0.554      0.804    11.0036 0.0000e+00
      0.525     -0.153     0.0409      0.344    234.344 169.005318     4.4248      7.653   -19.4541 1.6640e+01     6.9823      0.524      0.761    11.0139 0.0000e+00
      0.468     -0.166     0.0394      0.346    234.387 169.087398     4.4230      7.663   -18.7784 1.9161e+01     6.9504      0.464      0.674    11.0243 0.0000e+00
      0.395     -0.165     0.0363      0.336    234.431 169.169615     4.4254      7.672   -18.0912 2.2517e+01     6.9073      0.388      0.563    11.0352 0.0000e+00
      0.328     -0.146     0.0372      0.315    234.449 169.233473     4.4371      7.679   -17.4254 2.5001e+01     6.9051      0.308      0.448    11.0458 0.0000e+00
      0.292     -0.111     0.0381      0.318    234.449 169.285062     4.5650      7.687   -16.6646 2.5592e+01     7.0955      0.275      0.397    11.0564 0.0000e+00
