Data/DataNotYetUploadedToEDI/Raw_CTD/RawDownloads/060722_fcr50_0007.cnv
* Sea-Bird SBE19plus  Data File:
* FileName = C:\R\Reservoirs\Data\DataNotYetUploadedToEDI\Raw_CTD\RawDownloads\060722_bvr01_0007.hex
* Software version 2.8.0.119
* Temperature SN = 7809
* Conductivity SN = 7809
* System UpLoad Time = Jun 08 2022 10:07:48
* <ApplicationData>
* <Seaterm232>
# nquan = 15
# nvalues = 1546                        
# units = specified
# name 0 = depFM: Depth [fresh water, m]
# name 1 = dz/dtM: Descent Rate [m/s]
# name 2 = sbeox0Mg/L: Oxygen, SBE 43 [mg/l]
# name 3 = sbeox0PS: Oxygen, SBE 43 [% saturation]
# name 4 = specc: Specific Conductance [uS/cm]
# name 5 = c0uS/cm: Conductivity [uS/cm]
# name 6 = flECO-AFL: Fluorescence, WET Labs ECO-AFL/FL [mg/m^3]
# name 7 = ph: pH
# name 8 = orp: Oxidation Reduction Potential [mV]
# name 9 = par/sat/log: PAR/Logarithmic, Satlantic
# name 10 = turbWETntu0: Turbidity, WET Labs ECO [NTU]
# name 11 = prdM: Pressure, Strain Gauge [db]
# name 12 = prdE: Pressure, Strain Gauge [psi]
# name 13 = tv290C: Temperature [ITS-90, deg C]
# name 14 = flag:  0.000e+00
# span 0 =     -0.675,      9.624       
# span 1 =     -0.262,      0.199       
# span 2 =     0.2305,    15.3060       
# span 3 =      2.239,    166.898       
# span 4 =      1.233,    455.847       
# span 5 =   1.019916, 320.495345       
# span 6 =    -0.2598,    21.4527       
# span 7 =      5.887,      9.865       
# span 8 = -1240.7455,   170.0728       
# span 9 = 1.2360e-01, 2.3650e+03       
# span 10 =    -1.7089,    90.7255      
# span 11 =     -0.663,      9.439      
# span 12 =     -0.961,     13.690      
# span 13 =     9.7458,    21.7330      
# span 14 = 0.0000e+00, 0.0000e+00      
# interval = seconds: 0.25
# start_time = Jun 07 2022 10:04:16 [Instrument's time stamp, header]
# bad_flag = -9.990e-29
*END*
[from data line 1157]
      5.564     -0.130     1.8773     16.588     45.686  31.776755    17.2826      6.762   166.0950 1.2366e-01     8.4049      5.467      7.929     9.7746 0.0000e+00
      5.518     -0.179     1.8816     16.589     45.683  31.777320    16.9019      6.762   166.4445 1.2366e-01     8.4102      5.419      7.859     9.7745 0.0000e+00
      5.450     -0.209     1.8842     16.608     45.687  31.783596    16.1940      6.762   166.4328 1.2378e-01     8.4209      5.348      7.756     9.7744 0.0000e+00
      5.374     -0.210     1.8847     16.643     45.690  31.789246    15.8062      6.761   165.9530 1.2383e-01     8.4323      5.271      7.646     9.7744 0.0000e+00
      5.298     -0.182     1.8807     16.671     45.676  31.782236    15.7669      6.758   165.9780 1.2371e-01     8.4118      5.192      7.529     9.7751 0.0000e+00
      5.240     -0.131     1.8824     16.693     45.648  31.762234    15.7944      6.755   166.5635 1.2364e-01     8.3778      5.124      7.430     9.7777 0.0000e+00
      5.215     -0.067     1.8825     16.723     45.615  31.737601    16.2543      6.751   167.0092 1.2367e-01     8.3626      5.103      7.401     9.7821 0.0000e+00
      5.221     -0.005     1.8887     16.730     45.620  31.738008    17.0993      6.748   167.0654 1.2371e-01     8.3654      5.118      7.422     9.7865 0.0000e+00
      5.241      0.042     1.8921     16.731     45.665  31.767147    17.5554      6.748   166.4685 1.2375e-01     8.3767      5.136      7.450     9.7889 0.0000e+00
      5.271      0.068     1.8914     16.735     45.677  31.772911    17.6160      6.749   165.4696 1.2376e-01     8.3963      5.166      7.494     9.7884 0.0000e+00
      5.304      0.077     1.8996     16.706     45.639  31.744291    17.7904      6.750   165.0544 1.2372e-01     8.4324      5.207      7.551     9.7860 0.0000e+00
      5.327      0.075     1.8980     16.682     45.632  31.738111    18.0899      6.751   165.3204 1.2367e-01     8.4724      5.231      7.588     9.7830 0.0000e+00
      5.334      0.065     1.8966     16.706     45.667  31.761601    18.2496      6.752   165.8467 1.2372e-01     8.4699      5.231      7.587     9.7799 0.0000e+00
      5.342      0.046     1.9021     16.750     45.686  31.774697    18.2491      6.752   166.2552 1.2382e-01     8.4350      5.232      7.588     9.7770 0.0000e+00
      5.359      0.019     1.8947     16.767     45.678  31.769653    18.1666      6.753   166.0436 1.2381e-01     8.4606      5.255      7.621     9.7751 0.0000e+00
      5.377     -0.016     1.8904     16.768     45.670  31.764011    18.0342      6.755   165.3539 1.2373e-01     8.5071      5.280      7.657     9.7739 0.0000e+00
      5.379     -0.057     1.8943     16.770     45.678  31.769890    17.9708      6.756   164.8853 1.2368e-01     8.4839      5.284      7.662     9.7729 0.0000e+00
      5.359     -0.101     1.9026     16.759     45.688  31.777336    17.9248      6.757   164.9375 1.2368e-01     8.4197      5.263      7.634     9.7728 0.0000e+00
      5.319     -0.137     1.9039     16.759     45.704  31.790639    17.4367      6.757   165.3828 1.2369e-01     8.3453      5.221      7.573     9.7731 0.0000e+00
      5.263     -0.153     1.9006     16.744     45.719  31.803933    16.5646      6.757   165.7953 1.2374e-01     8.2686      5.164      7.488     9.7730 0.0000e+00
      5.200     -0.144     1.9063     16.722     45.726  31.811272    16.1103      6.756   165.9681 1.2379e-01     8.2090      5.097      7.393     9.7731 0.0000e+00
      5.146     -0.116     1.8985     16.736     45.732  31.815978    16.1308      6.755   166.0086 1.2380e-01     8.1714      5.034      7.301     9.7739 0.0000e+00
      5.122     -0.077     1.9031     16.743     45.707  31.797440    16.7543      6.753   165.8550 1.2376e-01     8.1553      5.011      7.266     9.7761 0.0000e+00
      5.125     -0.036     1.9015     16.747     45.681  31.777334    17.9055      6.752   165.5730 1.2375e-01     8.1843      5.026      7.289     9.7796 0.0000e+00
      5.135     -0.001     1.8923     16.767     45.662  31.763078    18.5389      6.754   165.3530 1.2380e-01     8.2502      5.038      7.309     9.7828 0.0000e+00
      5.141      0.020     1.9014     16.779     45.648  31.751862    18.6030      6.755   165.3455 1.2383e-01     8.2684      5.039      7.308     9.7832 0.0000e+00
      5.151      0.026     1.8992     16.776     45.673  31.768519    18.6151      6.755   165.7409 1.2380e-01     8.2335      5.050      7.323     9.7814 0.0000e+00
      5.162      0.025     1.8987     16.772     45.683  31.774282    18.7512      6.757   166.1756 1.2376e-01     8.2719      5.067      7.349     9.7798 0.0000e+00
      5.166      0.025     1.9032     16.783     45.662  31.758134    19.0082      6.758   166.0414 1.2372e-01     8.3913      5.068      7.350     9.7782 0.0000e+00
      5.166      0.027     1.9043     16.800     45.670  31.763483    19.1515      6.758   165.7529 1.2367e-01     8.4477      5.064      7.344     9.7767 0.0000e+00
      5.170      0.027     1.9040     16.828     45.688  31.775548    19.1595      6.757   165.5263 1.2367e-01     8.4069      5.069      7.351     9.7755 0.0000e+00
      5.179      0.027     1.9016     16.863     45.691  31.777212    19.0550      6.757   165.2811 1.2369e-01     8.3764      5.076      7.363     9.7740 0.0000e+00
      5.192      0.024     1.9049     16.870     45.700  31.783598    18.8536      6.756   165.7127 1.2371e-01     8.3869      5.092      7.386     9.7728 0.0000e+00
      5.202      0.011     1.9059     16.859     45.708  31.789362    18.7308      6.756   166.6162 1.2374e-01     8.3967      5.106      7.405     9.7722 0.0000e+00
      5.207     -0.019     1.9080     16.839     45.700  31.783505    18.6686      6.758   166.9982 1.2374e-01     8.4268      5.108      7.408     9.7718 0.0000e+00
      5.208     -0.064     1.9161     16.817     45.690  31.776183    18.1094      6.759   167.0626 1.2373e-01     8.4438      5.108      7.409     9.7717 0.0000e+00
      5.200     -0.109     1.9143     16.814     45.670  31.764231    17.0724      6.758   167.0499 1.2376e-01     8.3970      5.108      7.407     9.7718 0.0000e+00
      5.167     -0.139     1.9133     16.826     45.668  31.765798    16.5084      6.753   166.8448 1.2380e-01     8.3730      5.081      7.369     9.7718 0.0000e+00
      5.101     -0.149     1.9116     16.833     45.706  31.795136    16.5003      6.750   167.2499 1.2382e-01     8.4273      5.009      7.264     9.7715 0.0000e+00
      5.024     -0.142     1.9070     16.837     45.714  31.801946    16.8251      6.747   168.2486 1.2383e-01     8.4726      4.915      7.128     9.7714 0.0000e+00
      4.974     -0.118     1.9072     16.850     45.689  31.784751    17.3981      6.745   168.6811 1.2382e-01     8.4423      4.860      7.048     9.7727 0.0000e+00
      4.964     -0.080     1.9096     16.872     45.680  31.777429    17.7104      6.745   168.3493 1.2377e-01     8.4024      4.866      7.057     9.7761 0.0000e+00
      4.968     -0.039     1.9101     16.898     45.680  31.776815    17.7870      6.745   167.8510 1.2374e-01     8.4340      4.877      7.073     9.7805 0.0000e+00
      4.970     -0.008     1.9090     16.903     45.683  31.777326    18.3003      6.745   167.6461 1.2378e-01     8.4153      4.870      7.064     9.7823 0.0000e+00
      4.976      0.002     1.9119     16.881     45.693  31.783608    19.2384      6.746   167.9368 1.2377e-01     8.2781      4.880      7.078     9.7817 0.0000e+00
      4.982     -0.014     1.9133     16.851     45.703  31.789372    19.7491      6.747   168.5266 1.2371e-01     8.1757      4.890      7.093     9.7809 0.0000e+00
      4.982     -0.049     1.9183     16.817     45.695  31.783608    19.7809      6.749   168.8406 1.2369e-01     8.1344      4.884      7.085     9.7798 0.0000e+00
      4.979     -0.098     1.9196     16.791     45.685  31.777324    19.6904      6.751   168.7230 1.2371e-01     8.1203      4.885      7.086     9.7783 0.0000e+00
      4.962     -0.149     1.9147     16.775     45.682  31.776794    18.6289      6.754   168.5664 1.2376e-01     8.1413      4.881      7.080     9.7771 0.0000e+00
      4.912     -0.193     1.9131     16.765     45.679  31.777209    16.6684      6.755   168.5820 1.2380e-01     8.1498      4.831      7.007     9.7761 0.0000e+00
      4.830     -0.216     1.9074     16.772     45.683  31.782348    15.5955      6.755   168.5671 1.2386e-01     8.1205      4.736      6.870     9.7756 0.0000e+00
      4.745     -0.214     1.9045     16.774     45.671  31.775527    15.5361      6.753   168.4731 1.2418e-01     8.0943      4.648      6.740     9.7759 0.0000e+00
      4.675     -0.187     1.9038     16.764     45.646  31.758132    16.0002      6.750   168.5628 1.2736e-01     8.1409      4.578      6.639     9.7774 0.0000e+00
      4.626     -0.141     1.9003     16.769     45.654  31.762233    16.8707      6.750   168.7055 1.3035e-01     8.2056      4.523      6.561     9.7803 0.0000e+00
      4.607     -0.089     1.9031     16.780     45.656  31.761714    17.3461      6.750   168.7367 1.2912e-01     8.1928      4.509      6.539     9.7835 0.0000e+00
      4.611     -0.045     1.9045     16.790     45.645  31.751849    17.4294      6.750   168.7680 1.2760e-01     8.1916      4.523      6.559     9.7857 0.0000e+00
      4.617     -0.019     1.8995     16.801     45.673  31.769763    17.9446      6.749   168.3959 1.2589e-01     8.2247      4.529      6.569     9.7859 0.0000e+00
      4.618     -0.018     1.9027     16.807     45.700  31.788112    18.8804      6.749   167.6787 1.2518e-01     8.2175      4.527      6.567     9.7841 0.0000e+00
      4.619     -0.042     1.9040     16.821     45.694  31.783493    19.3885      6.751   167.5817 1.2601e-01     8.2069      4.528      6.569     9.7818 0.0000e+00
      4.616     -0.083     1.9041     16.831     45.685  31.777313    19.3685      6.754   167.9108 1.2536e-01     8.1989      4.531      6.572     9.7794 0.0000e+00
      4.599     -0.128     1.9077     16.827     45.683  31.776803    18.5723      6.755   168.1307 1.2816e-01     8.1891      4.521      6.557     9.7775 0.0000e+00
      4.557     -0.166     1.9054     16.831     45.681  31.777323    17.1114      6.755   168.5187 1.4603e-01     8.2254      4.478      6.495     9.7769 0.0000e+00
      4.493     -0.185     1.9090     16.839     45.687  31.783606    16.3206      6.753   168.6456 1.7788e-01     8.2617      4.408      6.394     9.7763 0.0000e+00
      4.420     -0.180     1.9108     16.842     45.692  31.789368    16.2848      6.750   168.2018 2.0843e-01     8.2512      4.335      6.287     9.7761 0.0000e+00
      4.351     -0.154     1.9080     16.853     45.683  31.783595    16.7206      6.749   167.8854 2.3406e-01     8.2362      4.259      6.177     9.7769 0.0000e+00
      4.307     -0.114     1.9094     16.875     45.674  31.777207    17.5359      6.748   167.9166 2.4871e-01     8.2511      4.206      6.100     9.7791 0.0000e+00
      4.301     -0.070     1.9112     16.891     45.673  31.775536    17.9783      6.746   168.1492 2.4601e-01     8.2949      4.212      6.109     9.7822 0.0000e+00
      4.313     -0.035     1.9096     16.895     45.658  31.763386    18.0073      6.745   168.4611 2.3830e-01     8.2879      4.235      6.142     9.7846 0.0000e+00
      4.319     -0.024     1.9110     16.896     45.652  31.757102    17.9947      6.745   168.3315 2.2901e-01     8.2009      4.236      6.144     9.7855 0.0000e+00
      4.319     -0.045     1.9146     16.897     45.662  31.762960    17.8594      6.748   167.7009 2.1995e-01     8.1310      4.235      6.143     9.7845 0.0000e+00
      4.316     -0.091     1.9169     16.883     45.673  31.770820    17.5959      6.749   167.2037 2.2406e-01     8.1257      4.237      6.145     9.7828 0.0000e+00
      4.300     -0.143     1.9169     16.859     45.698  31.788725    17.4546      6.750   167.2242 2.5126e-01     8.1710      4.229      6.134     9.7810 0.0000e+00
      4.254     -0.178     1.9163     16.829     45.697  31.789253    17.4236      6.751   167.6910 3.0098e-01     8.2002      4.186      6.072     9.7790 0.0000e+00
      4.176     -0.188     1.9186     16.801     45.677  31.777206    17.1297      6.749   168.2012 3.5562e-01     8.2060      4.100      5.945     9.7778 0.0000e+00
      4.089     -0.177     1.9154     16.806     45.664  31.769865    16.5984      6.746   168.3164 3.9508e-01     8.2749      4.002      5.803     9.7778 0.0000e+00
      4.026     -0.146     1.9129     16.826     45.656  31.763893    16.3184      6.743   168.0517 4.1005e-01     8.3495      3.930      5.700     9.7787 0.0000e+00
      4.005     -0.102     1.9101     16.838     45.664  31.768400    16.3409      6.743   167.8403 4.1865e-01     8.3903      3.917      5.681     9.7805 0.0000e+00
      4.012     -0.060     1.9036     16.838     45.654  31.760964    16.8118      6.743   167.8253 4.3492e-01     8.3591      3.938      5.711     9.7831 0.0000e+00
      4.020     -0.040     1.9060     16.814     45.621  31.737380    17.6678      6.745   167.8698 4.3702e-01     8.2111      3.945      5.721     9.7845 0.0000e+00
      4.021     -0.053     1.9094     16.769     45.621  31.736860    18.1260      6.747   167.9481 4.2887e-01     8.1390      3.942      5.717     9.7843 0.0000e+00
      4.017     -0.096     1.9102     16.731     45.646  31.754680    18.1065      6.749   168.0842 4.3877e-01     8.2037      3.944      5.720     9.7833 0.0000e+00
      3.997     -0.156     1.9115     16.703     45.656  31.762636    17.3912      6.752   168.3104 4.6055e-01     8.2072      3.931      5.702     9.7823 0.0000e+00
      3.948     -0.213     1.9089     16.701     45.665  31.769656    16.0607      6.753   168.3599 4.9550e-01     8.1127      3.882      5.630     9.7816 0.0000e+00
      3.873     -0.249     1.9013     16.721     45.671  31.776161    15.3287      6.753   168.1674 5.5151e-01     8.0185      3.802      5.515     9.7809 0.0000e+00
      3.782     -0.251     1.8982     16.715     45.670  31.777890    15.2322      6.750   168.0476 6.0817e-01     7.9561      3.712      5.384     9.7810 0.0000e+00
      3.686     -0.219     1.8941     16.720     45.686  31.790570    14.9272      6.745   168.0300 6.6222e-01     7.7349      3.611      5.237     9.7816 0.0000e+00
      3.606     -0.164     1.8919     16.765     45.701  31.802674    14.3787      6.742   168.0410 7.0163e-01     7.2905      3.516      5.100     9.7830 0.0000e+00
      3.575     -0.101     1.9004     16.800     45.691  31.797437    14.0772      6.740   168.1792 6.9905e-01     7.0233      3.485      5.055     9.7857 0.0000e+00
      3.591     -0.041     1.8951     16.798     45.678  31.790649    14.0535      6.740   168.3251 6.6163e-01     6.9985      3.519      5.104     9.7890 0.0000e+00
      3.621      0.007     1.8933     16.772     45.667  31.784003    14.0754      6.742   168.2563 6.3048e-01     6.9907      3.560      5.164     9.7905 0.0000e+00
      3.635      0.038     1.9028     16.743     45.662  31.780484    14.3751      6.742   168.2075 6.2538e-01     7.1336      3.569      5.176     9.7908 0.0000e+00
      3.636      0.055     1.9072     16.733     45.705  31.811507    14.9305      6.741   168.2512 6.2327e-01     7.4624      3.563      5.169     9.7937 0.0000e+00
      3.637      0.065     1.9059     16.717     45.741  31.842092    15.2136      6.740   168.1832 6.1542e-01     7.6870      3.566      5.172     9.7965 0.0000e+00
      3.645      0.070     1.9023     16.648     45.713  31.833284    15.1683      6.740   168.2449 6.0253e-01     7.6973      3.568      5.174     9.7976 0.0000e+00
      3.671      0.066     1.8976     16.554     45.698  31.831824    14.4583      6.740   168.5674 5.7502e-01     7.4508      3.589      5.206     9.7977 0.0000e+00
      3.716      0.047     1.8971     16.484     45.678  31.824450    13.1457      6.740   168.7266 5.4963e-01     7.0290      3.648      5.291     9.7964 0.0000e+00
