Data/DataNotYetUploadedToEDI/Raw_CTD/RawDownloads/060721_fcr50_0001.cnv
* Sea-Bird SBE19plus  Data File:
* FileName = C:\R\Reservoirs\Data\DataNotYetUploadedToEDI\Raw_CTD\RawDownloads\060721_fcr50_0001.hex
* Software version 2.8.0.119
* Temperature SN = 7809
* Conductivity SN = 7809
* System UpLoad Time = Jun 07 2021 12:33:23
* <ApplicationData>
* <Seaterm232>
# nquan = 16
# nvalues = 2134                        
# units = specified
# name 0 = depFM: Depth [fresh water, m]
# name 1 = dz/dtM: Descent Rate [m/s]
# name 2 = orp: Oxidation Reduction Potential [mV]
# name 3 = sbeox0Mg/L: Oxygen, SBE 43 [mg/l]
# name 4 = sbeox0PS: Oxygen, SBE 43 [% saturation]
# name 5 = par/sat/log: PAR/Logarithmic, Satlantic
# name 6 = ph: pH
# name 7 = specc: Specific Conductance [uS/cm]
# name 8 = c0uS/cm: Conductivity [uS/cm]
# name 9 = flECO-AFL: Fluorescence, WET Labs ECO-AFL/FL [mg/m^3]
# name 10 = turbWETntu0: Turbidity, WET Labs ECO [NTU]
# name 11 = tv290C: Temperature [ITS-90, deg C]
# name 12 = density00: Density [density, kg/m^3]
# name 13 = prdE: Pressure, Strain Gauge [psi]
# name 14 = prdM: Pressure, Strain Gauge [db]
# name 15 = flag:  0.000e+00
# span 0 =     -0.604,      9.758       
# span 1 =     -0.237,      0.204       
# span 2 =   -83.3723,  1240.2295       
# span 3 =     0.7238,    15.5215       
# span 4 =      6.208,    177.666       
# span 5 = 1.2349e-01, 4.2152e+02       
# span 6 =     15.533,     16.019       
# span 7 =      1.158,    133.983       
# span 8 =   1.128046,  89.236677       
# span 9 =    -1.0267,     7.5852       
# span 10 =    -0.3930,   108.6729      
# span 11 =     8.2407,    25.6400      
# span 12 =   996.9007,   999.9274      
# span 13 =     -0.860,     13.879      
# span 14 =     -0.593,      9.569      
# span 15 = 0.0000e+00, 0.0000e+00      
# interval = seconds: 0.25
# start_time = Jun 06 2021 21:02:57 [Instrument's time stamp, header]
# bad_flag = -9.990e-29
*END*
[from data line 1085]
      5.987      0.044    33.6608     0.9613      8.282 1.4470e-01     16.012     47.186  32.043919    -0.1643     1.6571     8.9557   999.8330      8.512      5.868 0.0000e+00
      6.001      0.044    33.3014     0.9623      8.325 1.3680e-01     16.012     47.186  32.030806    -0.1838     1.6190     8.9563   999.8330      8.530      5.880 0.0000e+00
      6.021      0.043    32.7600     0.9536      8.331 1.4375e-01     16.011     47.168  32.019688    -0.1770     1.6720     8.9657   999.8324      8.567      5.906 0.0000e+00
      6.038      0.039    32.5356     0.9466      8.284 1.5721e-01     16.011     47.181  32.036384    -0.1582     1.7140     8.9741   999.8320      8.596      5.926 0.0000e+00
      6.045      0.034    32.7395     0.9606      8.200 1.6245e-01     16.012     47.190  32.042346    -0.1573     1.6811     8.9523   999.8335      8.600      5.931 0.0000e+00
      6.048      0.028    32.7299     0.9651      8.185 1.5630e-01     16.012     47.189  32.028316    -0.1657     1.6178     8.9310   999.8351      8.601      5.930 0.0000e+00
      6.052      0.024    32.3333     0.9653      8.222 1.4938e-01     16.012     47.254  32.057086    -0.1740     1.6003     8.9370   999.8347      8.608      5.935 0.0000e+00
      6.056      0.024    31.7302     0.9635      8.243 1.4645e-01     16.012     47.379  32.136393    -0.1817     1.6411     8.9525   999.8336      8.614      5.939 0.0000e+00
      6.060      0.029    31.2029     0.9425      8.247 1.4633e-01     16.011     47.510  32.225824    -0.1818     1.6651     8.9545   999.8335      8.617      5.941 0.0000e+00
      6.067      0.033    30.9482     0.9447      8.203 1.4471e-01     16.011     47.637  32.313560    -0.1757     1.6497     8.9347   999.8350      8.627      5.948 0.0000e+00
      6.080      0.035    30.8019     0.9559      8.153 1.4384e-01     16.011     47.812  32.435806    -0.1750     1.6270     8.9126   999.8367      8.648      5.963 0.0000e+00
      6.094      0.037    30.5515     0.9524      8.139 1.4289e-01     16.011     48.086  32.625256    -0.1827     1.6307     8.9094   999.8370      8.669      5.977 0.0000e+00
      6.104      0.038    30.2438     0.9599      8.131 1.3745e-01     16.011     48.383  32.827588    -0.1826     1.6604     8.9137   999.8368      8.683      5.987 0.0000e+00
      6.111      0.035    30.0928     0.9502      8.170 1.3639e-01     16.011     48.513  32.915224    -0.1834     1.6763     8.9123   999.8369      8.690      5.992 0.0000e+00
      6.118      0.030    30.0165     0.9403      8.235 1.3945e-01     16.011     48.533  32.923453    -0.1923     1.6511     8.9173   999.8367      8.700      5.998 0.0000e+00
      6.128      0.027    29.6660     0.9449      8.208 1.3760e-01     16.012     48.741  33.053978    -0.1950     1.6314     8.9242   999.8363      8.715      6.009 0.0000e+00
      6.135      0.026    29.0374     0.9389      8.122 1.3220e-01     16.013     49.102  33.287801    -0.1870     1.6438     8.9230   999.8365      8.729      6.019 0.0000e+00
      6.139      0.026    28.5251     0.9417      8.071 1.2978e-01     16.013     49.371  33.466315    -0.1722     1.6640     8.9231   999.8366      8.732      6.021 0.0000e+00
      6.142      0.027    28.1183     0.9613      8.065 1.3156e-01     16.012     49.502  33.562603    -0.1688     1.6353     8.9188   999.8369      8.733      6.021 0.0000e+00
      6.148      0.030    27.8191     0.9537      8.106 1.3481e-01     16.012     49.483  33.563678    -0.1752     1.6048     8.9065   999.8380      8.743      6.028 0.0000e+00
      6.158      0.034    27.7461     0.9372      8.133 1.3695e-01     16.011     49.338  33.479330    -0.1728     1.6733     8.8915   999.8393      8.759      6.039 0.0000e+00
      6.168      0.039    27.4086     0.9354      8.081 1.3830e-01     16.011     49.435  33.558019    -0.1678     1.7436     8.8847   999.8399      8.775      6.050 0.0000e+00
      6.178      0.045    26.6629     0.9308      8.002 1.4089e-01     16.011     50.188  34.070931    -0.1627     1.7332     8.8968   999.8391      8.788      6.059 0.0000e+00
      6.189      0.050    25.9573     0.9393      7.986 1.3740e-01     16.011     51.185  34.731448    -0.1586     1.6843     8.9124   999.8380      8.803      6.069 0.0000e+00
      6.202      0.053    25.5025     0.9465      7.996 1.2882e-01     16.012     51.732  35.071802    -0.1659     1.6680     8.9261   999.8369      8.822      6.082 0.0000e+00
      6.217      0.053    25.4655     0.9374      7.992 1.2877e-01     16.013     51.879  35.140189    -0.1754     1.7078     8.9431   999.8357      8.842      6.096 0.0000e+00
      6.234      0.052    25.5970     0.9209      8.008 1.3694e-01     16.015     51.966  35.177529    -0.1967     1.6504     8.9487   999.8357      8.866      6.113 0.0000e+00
      6.251      0.052    25.1981     0.9236      8.012 1.4311e-01     16.015     52.121  35.269424    -0.2322     1.4893     8.9314   999.8375      8.895      6.132 0.0000e+00
      6.263      0.052    24.4287     0.9296      8.005 1.4206e-01     16.015     52.273  35.362847    -0.2437     1.4076     8.8958   999.8404      8.912      6.144 0.0000e+00
      6.269      0.053    23.9523     0.9235      8.039 1.3844e-01     16.014     52.369  35.418667    -0.2398     1.4177     8.8609   999.8429      8.915      6.146 0.0000e+00
      6.279      0.053    23.7395     0.9301      8.059 1.3605e-01     16.014     52.502  35.500112    -0.2518     1.4399     8.8410   999.8444      8.926      6.154 0.0000e+00
      6.296      0.054    23.4909     0.9326      8.041 1.3588e-01     16.015     52.639  35.586079    -0.2830     1.4698     8.8318   999.8452      8.953      6.173 0.0000e+00
      6.315      0.054    23.2691     0.9237      8.028 1.3647e-01     16.016     52.716  35.633108    -0.3217     1.5390     8.8235   999.8460      8.985      6.195 0.0000e+00
      6.332      0.054    23.0376     0.9356      8.011 1.3033e-01     16.016     52.804  35.687978    -0.3383     1.5903     8.8138   999.8468      9.007      6.210 0.0000e+00
      6.345      0.052    22.8416     0.9387      7.996 1.2440e-01     16.016     52.890  35.741826    -0.3308     1.6084     8.8058   999.8475      9.026      6.223 0.0000e+00
      6.355      0.047    22.7924     0.9313      7.965 1.2579e-01     16.015     52.947  35.776499    -0.3172     1.5868     8.7997   999.8480      9.041      6.232 0.0000e+00
      6.364      0.042    22.5291     0.9345      7.940 1.2982e-01     16.015     53.066  35.853355    -0.3071     1.5009     8.7947   999.8484      9.049      6.239 0.0000e+00
      6.376      0.041    22.0673     0.9291      7.973 1.3050e-01     16.015     53.248  35.973020    -0.3041     1.4287     8.7906   999.8489      9.069      6.253 0.0000e+00
      6.386      0.042    21.7685     0.9300      8.016 1.2650e-01     16.015     53.413  36.081073    -0.3010     1.3994     8.7871   999.8492      9.085      6.264 0.0000e+00
      6.394      0.043    21.4971     0.9272      8.032 1.2406e-01     16.015     53.513  36.144433    -0.2971     1.4211     8.7828   999.8495      9.091      6.268 0.0000e+00
      6.404      0.043    21.1092     0.9167      7.987 1.2555e-01     16.015     53.555  36.167942    -0.2951     1.4860     8.7794   999.8499      9.107      6.279 0.0000e+00
      6.419      0.042    20.6925     0.9277      7.893 1.2705e-01     16.015     53.571  36.174934    -0.3062     1.4974     8.7771   999.8501      9.131      6.296 0.0000e+00
      6.432      0.039    20.3304     0.9327      7.900 1.2567e-01     16.016     53.561  36.165502    -0.3260     1.4210     8.7741   999.8505      9.149      6.308 0.0000e+00
      6.442      0.036    20.2583     0.9339      7.986 1.2417e-01     16.016     53.585  36.180817    -0.3239     1.3866     8.7696   999.8509      9.164      6.318 0.0000e+00
      6.451      0.034    20.4236     0.9363      8.052 1.2385e-01     16.016     53.663  36.233189    -0.3009     1.4251     8.7649   999.8513      9.177      6.328 0.0000e+00
      6.456      0.035    20.3500     0.9076      8.054 1.2367e-01     16.016     53.652  36.227564    -0.2867     1.4398     8.7609   999.8516      9.184      6.332 0.0000e+00
      6.459      0.040    19.9701     0.9154      7.950 1.2367e-01     16.015     53.568  36.176269    -0.2956     1.4270     8.7588   999.8517      9.186      6.333 0.0000e+00
      6.466      0.045    19.7029     0.9316      7.841 1.2365e-01     16.015     53.570  36.184151    -0.2834     1.3396     8.7579   999.8518      9.192      6.337 0.0000e+00
      6.481      0.050    19.5282     0.9356      7.809 1.2360e-01     16.015     53.677  36.259411    -0.2340     1.2061     8.7575   999.8520      9.214      6.353 0.0000e+00
      6.502      0.054    19.2345     0.9452      7.790 1.2357e-01     16.015     53.873  36.388156    -0.2136     1.1526     8.7583   999.8520      9.249      6.377 0.0000e+00
      6.521      0.057    18.9049     0.9230      7.760 1.2356e-01     16.016     54.103  36.535014    -0.2281     1.1384     8.7631   999.8516      9.280      6.399 0.0000e+00
      6.534      0.057    18.5545     0.9058      7.763 1.2359e-01     16.016     54.272  36.638887    -0.2472     1.1037     8.7727   999.8511      9.295      6.409 0.0000e+00
      6.544      0.055    18.1806     0.9076      7.786 1.2366e-01     16.016     54.365  36.692132    -0.2544     1.1102     8.7761   999.8509      9.304      6.415 0.0000e+00
      6.555      0.054    17.7401     0.9078      7.822 1.2366e-01     16.016     54.440  36.734533    -0.2374     1.1825     8.7716   999.8514      9.322      6.427 0.0000e+00
      6.569      0.054    17.1856     0.8981      7.855 1.2361e-01     16.017     54.504  36.770774    -0.2324     1.2235     8.7626   999.8522      9.343      6.442 0.0000e+00
      6.585      0.055    16.6393     0.9030      7.843 1.2364e-01     16.017     54.479  36.749528    -0.2423     1.2276     8.7521   999.8531      9.365      6.457 0.0000e+00
      6.601      0.057    16.2108     0.9049      7.813 1.2373e-01     16.016     54.359  36.668032    -0.2429     1.1978     8.7436   999.8538      9.389      6.473 0.0000e+00
      6.616      0.058    15.8760     0.9082      7.774 1.2374e-01     16.015     54.274  36.610434    -0.2397     1.1031     8.7361   999.8544      9.413      6.490 0.0000e+00
      6.629      0.056    15.6895     0.9185      7.759 1.2373e-01     16.015     54.297  36.624277    -0.2321     1.0448     8.7298   999.8549      9.427      6.500 0.0000e+00
      6.643      0.051    15.5909     0.9112      7.791 1.2370e-01     16.015     54.330  36.645020    -0.2363     1.0082     8.7248   999.8553      9.444      6.511 0.0000e+00
      6.660      0.047    15.1989     0.9105      7.811 1.2366e-01     16.015     54.272  36.607376    -0.2525     0.9355     8.7246   999.8554      9.475      6.533 0.0000e+00
      6.674      0.047    14.5643     0.9038      7.784 1.2370e-01     16.015     54.092  36.486441    -0.2562     0.8859     8.7265   999.8553      9.496      6.548 0.0000e+00
      6.680      0.047    14.0270     0.8989      7.751 1.2369e-01     16.015     53.861  36.325136    -0.2525     0.8893     8.7239   999.8555      9.501      6.551 0.0000e+00
      6.685      0.047    13.6070     0.9077      7.732 1.2362e-01     16.016     53.755  36.243596    -0.2464     0.9415     8.7208   999.8558      9.504      6.553 0.0000e+00
      6.697      0.046    13.3575     0.9125      7.733 1.2357e-01     16.016     53.793  36.262078    -0.2685     0.9690     8.7237   999.8556      9.522      6.565 0.0000e+00
      6.716      0.045    13.1613     0.9047      7.750 1.2355e-01     16.016     53.838  36.294745    -0.3198     0.9124     8.7270   999.8554      9.555      6.588 0.0000e+00
      6.734      0.044    12.6967     0.9014      7.751 1.2358e-01     16.015     53.771  36.257803    -0.3416     0.8750     8.7212   999.8558      9.582      6.605 0.0000e+00
      6.744      0.042    12.0427     0.8999      7.761 1.2364e-01     16.015     53.579  36.132732    -0.3315     0.9280     8.7091   999.8566      9.593      6.614 0.0000e+00
      6.749      0.039    11.4479     0.8974      7.755 1.2371e-01     16.016     53.372  35.988292    -0.3020     0.9706     8.6994   999.8574      9.599      6.618 0.0000e+00
      6.755      0.035    10.9260     0.9058      7.694 1.2372e-01     16.016     53.269  35.907531    -0.2615     0.9441     8.7027   999.8572      9.606      6.623 0.0000e+00
      6.764      0.032    10.4650     0.8992      7.641 1.2367e-01     16.016     53.305  35.917781    -0.2434     0.9499     8.7153   999.8563      9.619      6.632 0.0000e+00
      6.774      0.030    10.0036     0.9035      7.643 1.2357e-01     16.016     53.325  35.921824    -0.2455     1.0062     8.7199   999.8560      9.636      6.644 0.0000e+00
      6.784      0.030     9.3912     0.9073      7.675 1.2355e-01     16.016     53.192  35.829483    -0.2584     1.0073     8.7150   999.8564      9.652      6.655 0.0000e+00
      6.791      0.030     8.6531     0.8940      7.708 1.2362e-01     16.016     52.987  35.689738    -0.2840     0.9632     8.7028   999.8571      9.661      6.661 0.0000e+00
      6.795      0.031     7.9629     0.8873      7.736 1.2365e-01     16.016     52.809  35.564837    -0.3070     0.9189     8.6868   999.8582      9.664      6.663 0.0000e+00
      6.800      0.033     7.4124     0.8885      7.710 1.2364e-01     16.016     52.667  35.461573    -0.3176     0.9180     8.6762   999.8591      9.670      6.667 0.0000e+00
      6.808      0.036     6.9879     0.8955      7.643 1.2363e-01     16.017     52.575  35.393063    -0.3070     0.9868     8.6761   999.8590      9.682      6.675 0.0000e+00
      6.820      0.038     6.5292     0.8962      7.600 1.2364e-01     16.017     52.548  35.371075    -0.2836     1.0297     8.6782   999.8589      9.700      6.688 0.0000e+00
      6.834      0.039     5.9966     0.9047      7.585 1.2368e-01     16.017     52.573  35.386093    -0.2731     0.9903     8.6718   999.8594      9.720      6.702 0.0000e+00
      6.846      0.038     5.5391     0.9015      7.592 1.2371e-01     16.017     52.571  35.384275    -0.2858     0.9224     8.6626   999.8600      9.739      6.714 0.0000e+00
      6.856      0.035     5.2125     0.8873      7.595 1.2370e-01     16.018     52.426  35.285628    -0.3030     0.9303     8.6566   999.8605      9.752      6.724 0.0000e+00
      6.863      0.033     4.9737     0.8863      7.589 1.2368e-01     16.018     52.219  35.145237    -0.2805     1.0169     8.6528   999.8607      9.761      6.730 0.0000e+00
      6.868      0.034     4.6298     0.8817      7.602 1.2370e-01     16.017     52.037  35.019450    -0.2433     1.0084     8.6517   999.8608      9.770      6.736 0.0000e+00
      6.873      0.039     4.1522     0.8853      7.603 1.2369e-01     16.017     51.787  34.843521    -0.2436     0.8956     8.6518   999.8609      9.776      6.740 0.0000e+00
      6.881      0.045     3.7593     0.8871      7.597 1.2364e-01     16.017     51.542  34.667981    -0.2563     0.8546     8.6507   999.8609      9.783      6.745 0.0000e+00
      6.894      0.052     3.4936     0.8816      7.598 1.2364e-01     16.017     51.472  34.610335    -0.2729     0.8904     8.6502   999.8609      9.801      6.758 0.0000e+00
      6.912      0.057     3.1765     0.8879      7.564 1.2367e-01     16.017     51.548  34.654171    -0.3014     0.9518     8.6480   999.8611      9.830      6.778 0.0000e+00
      6.932      0.059     2.6776     0.8871      7.504 1.2368e-01     16.018     51.603  34.690338    -0.3234     0.9781     8.6399   999.8617      9.861      6.799 0.0000e+00
      6.949      0.058     2.1942     0.8835      7.463 1.2371e-01     16.018     51.563  34.666891    -0.3291     0.9338     8.6281   999.8625      9.885      6.816 0.0000e+00
      6.962      0.054     1.9774     0.8897      7.468 1.2374e-01     16.018     51.494  34.624500    -0.3230     0.8967     8.6173   999.8633      9.902      6.827 0.0000e+00
