Data/DataNotYetUploadedToEDI/Raw_CTD/RawDownloads/060722_bvr50_0006.cnv
* Sea-Bird SBE19plus  Data File:
* FileName = C:\R\Reservoirs\Data\DataNotYetUploadedToEDI\Raw_CTD\RawDownloads\060722_bvr01_0006.hex
* Software version 2.8.0.119
* Temperature SN = 7809
* Conductivity SN = 7809
* System UpLoad Time = Jun 08 2022 10:07:08
* <ApplicationData>
* <Seaterm232>
# nquan = 15
# nvalues = 1813                        
# units = specified
# name 0 = depFM: Depth [fresh water, m]
# name 1 = dz/dtM: Descent Rate [m/s]
# name 2 = sbeox0Mg/L: Oxygen, SBE 43 [mg/l]
# name 3 = sbeox0PS: Oxygen, SBE 43 [% saturation]
# name 4 = specc: Specific Conductance [uS/cm]
# name 5 = c0uS/cm: Conductivity [uS/cm]
# name 6 = flECO-AFL: Fluorescence, WET Labs ECO-AFL/FL [mg/m^3]
# name 7 = ph: pH
# name 8 = orp: Oxidation Reduction Potential [mV]
# name 9 = par/sat/log: PAR/Logarithmic, Satlantic
# name 10 = turbWETntu0: Turbidity, WET Labs ECO [NTU]
# name 11 = prdM: Pressure, Strain Gauge [db]
# name 12 = prdE: Pressure, Strain Gauge [psi]
# name 13 = tv290C: Temperature [ITS-90, deg C]
# name 14 = flag:  0.000e+00
# span 0 =     -0.750,      8.916       
# span 1 =     -0.291,      0.155       
# span 2 =     0.0273,    10.1373       
# span 3 =      0.261,    116.850       
# span 4 =      0.932,    235.093       
# span 5 =   0.836911, 172.512820       
# span 6 =    -0.1451,     5.6277       
# span 7 =      6.080,      9.549       
# span 8 =  -192.4726,   200.7344       
# span 9 = 1.2360e-01, 2.3681e+02       
# span 10 =    -0.3526,    11.6885      
# span 11 =     -0.735,      8.748      
# span 12 =     -1.066,     12.687      
# span 13 =     9.3536,    23.8956      
# span 14 = 0.0000e+00, 0.0000e+00      
# interval = seconds: 0.25
# start_time = Jun 07 2022 08:30:51 [Instrument's time stamp, header]
# bad_flag = -9.990e-29
*END*
[from data line 675]
      5.649      0.055     0.0608      0.552     53.770  38.294365     1.1220      7.274    -1.5145 1.2386e-01     1.3600      5.540      8.035    10.6265 0.0000e+00
      5.666      0.057     0.0604      0.535     54.005  38.473011     1.0872      7.266    -2.6652 1.2389e-01     1.3952      5.557      8.059    10.6123 0.0000e+00
      5.681      0.055     0.0605      0.540     54.156  38.589831     1.0775      7.259    -3.6729 1.2389e-01     1.4049      5.571      8.080    10.5980 0.0000e+00
      5.696      0.052     0.0636      0.550     54.556  38.882357     1.0882      7.253    -4.6648 1.2387e-01     1.4090      5.586      8.102    10.5947 0.0000e+00
      5.710      0.050     0.0624      0.546     55.926  39.853526     1.0837      7.247    -5.7097 1.2388e-01     1.4110      5.602      8.123    10.6056 0.0000e+00
      5.720      0.049     0.0576      0.546     58.569  41.706203     1.0726      7.241    -6.8430 1.2389e-01     1.4291      5.611      8.137    10.6200 0.0000e+00
      5.729      0.050     0.0597      0.550     61.720  43.902979     1.0708      7.234    -8.0426 1.2384e-01     1.4572      5.617      8.147    10.6238 0.0000e+00
      5.740      0.051     0.0627      0.546     64.089  45.544284     1.0701      7.228    -9.2004 1.2377e-01     1.4429      5.628      8.162    10.6353 0.0000e+00
      5.754      0.054     0.0597      0.538     65.234  46.325403     1.0725      7.222   -10.2594 1.2377e-01     1.4278      5.642      8.183    10.6394 0.0000e+00
      5.770      0.058     0.0608      0.533     66.493  47.193330     1.0746      7.216   -11.2104 1.2377e-01     1.4113      5.659      8.207    10.6076 0.0000e+00
      5.787      0.061     0.0617      0.539     68.613  48.678002     1.0708      7.209   -12.0091 1.2378e-01     1.3798      5.676      8.232    10.5627 0.0000e+00
      5.803      0.063     0.0609      0.542     70.136  49.745902     1.0683      7.202   -12.4303 1.2381e-01     1.3885      5.690      8.254    10.5265 0.0000e+00
      5.819      0.063     0.0600      0.532     70.439  49.952652     1.0685      7.196   -12.6047 1.2380e-01     1.4481      5.706      8.276    10.5024 0.0000e+00
      5.835      0.063     0.0586      0.529     69.943  49.591367     1.0737      7.189   -13.1704 1.2375e-01     1.4521      5.723      8.300    10.4839 0.0000e+00
      5.851      0.063     0.0604      0.531     68.857  48.804282     1.0812      7.180   -14.1083 1.2374e-01     1.3676      5.739      8.324    10.4686 0.0000e+00
      5.866      0.062     0.0619      0.532     67.649  47.923792     1.0758      7.170   -14.9959 1.2379e-01     1.3481      5.752      8.343    10.4602 0.0000e+00
      5.882      0.061     0.0585      0.546     66.842  47.321232     1.0593      7.161   -15.8148 1.2384e-01     1.3879      5.768      8.365    10.4561 0.0000e+00
      5.899      0.060     0.0585      0.549     66.668  47.165908     1.0553      7.153   -16.6102 1.2386e-01     1.4051      5.786      8.392    10.4508 0.0000e+00
      5.915      0.062     0.0604      0.538     66.830  47.251308     1.0696      7.146   -17.4726 1.2384e-01     1.4189      5.801      8.413    10.4389 0.0000e+00
      5.929      0.066     0.0575      0.533     66.992  47.338575     1.0741      7.136   -18.3256 1.2377e-01     1.3839      5.815      8.433    10.4193 0.0000e+00
      5.942      0.068     0.0623      0.532     67.111  47.396176     1.0605      7.127   -18.9227 1.2372e-01     1.3578      5.826      8.449    10.3957 0.0000e+00
      5.960      0.068     0.0624      0.532     67.110  47.376671     1.0537      7.120   -19.5295 1.2372e-01     1.4450      5.841      8.471    10.3703 0.0000e+00
      5.984      0.065     0.0591      0.523     66.996  47.293074     1.0582      7.115   -20.3275 1.2375e-01     1.5844      5.869      8.512    10.3486 0.0000e+00
      6.006      0.060     0.0604      0.516     66.958  47.273708     1.0658      7.110   -21.0859 1.2380e-01     1.6423      5.895      8.550    10.3295 0.0000e+00
      6.021      0.053     0.0589      0.528     66.947  47.269434     1.0698      7.105   -21.8159 1.2380e-01     1.5993      5.906      8.566    10.3077 0.0000e+00
      6.031      0.043     0.0604      0.552     66.825  47.177953     1.0492      7.101   -22.7011 1.2377e-01     1.5080      5.915      8.580    10.2901 0.0000e+00
      6.037      0.034     0.0587      0.574     66.666  47.055905     1.0165      7.098   -23.7010 1.2374e-01     1.3919      5.922      8.589    10.2888 0.0000e+00
      6.041      0.028     0.0564      0.578     66.327  46.808937     1.0074      7.095   -24.6991 1.2375e-01     1.3579      5.924      8.591    10.3000 0.0000e+00
      6.046      0.028     0.0592      0.559     65.767  46.412554     1.0131      7.091   -25.4781 1.2380e-01     1.4036      5.929      8.599    10.3045 0.0000e+00
      6.054      0.032     0.0616      0.544     66.180  46.704582     1.0110      7.089   -25.8061 1.2382e-01     1.3979      5.938      8.612    10.2977 0.0000e+00
      6.062      0.039     0.0651      0.544     68.654  48.436218     0.9987      7.087   -26.0834 1.2380e-01     1.3576      5.944      8.621    10.2893 0.0000e+00
      6.071      0.046     0.0662      0.532     71.583  50.471213     0.9901      7.084   -26.8526 1.2380e-01     1.3606      5.953      8.634    10.2819 0.0000e+00
      6.084      0.051     0.0623      0.507     72.922  51.384519     0.9984      7.080   -27.9646 1.2381e-01     1.3660      5.966      8.652    10.2812 0.0000e+00
      6.101      0.054     0.0595      0.504     73.001  51.419684     1.0153      7.076   -29.0318 1.2379e-01     1.3544      5.982      8.676    10.2887 0.0000e+00
      6.119      0.057     0.0618      0.509     72.902  51.340611     1.0199      7.073   -29.9474 1.2379e-01     1.3565      6.001      8.703    10.2797 0.0000e+00
      6.134      0.058     0.0610      0.511     72.968  51.380395     1.0034      7.070   -30.6903 1.2384e-01     1.3580      6.017      8.727    10.2501 0.0000e+00
      6.146      0.056     0.0547      0.521     73.008  51.392995     0.9828      7.067   -31.3881 1.2383e-01     1.3723      6.027      8.742    10.2268 0.0000e+00
      6.159      0.052     0.0566      0.535     72.908  51.302561     0.9870      7.063   -32.1894 1.2376e-01     1.3924      6.037      8.756    10.2136 0.0000e+00
      6.174      0.049     0.0578      0.542     72.659  51.111959     0.9955      7.060   -32.9802 1.2373e-01     1.3969      6.055      8.782    10.2085 0.0000e+00
      6.189      0.047     0.0566      0.539     72.316  50.865355     0.9785      7.058   -33.6361 1.2374e-01     1.3912      6.073      8.807    10.2084 0.0000e+00
      6.198      0.046     0.0586      0.538     72.027  50.668961     0.9636      7.055   -34.2681 1.2375e-01     1.3927      6.080      8.818    10.1956 0.0000e+00
      6.207      0.045     0.0602      0.541     71.876  50.577742     0.9575      7.052   -34.9431 1.2376e-01     1.4144      6.084      8.825    10.1793 0.0000e+00
      6.218      0.045     0.0617      0.550     71.957  50.650896     0.9550      7.049   -35.6034 1.2380e-01     1.4829      6.097      8.842    10.1677 0.0000e+00
      6.230      0.048     0.0601      0.560     72.253  50.855416     0.9584      7.044   -36.3145 1.2380e-01     1.6067      6.111      8.863    10.1632 0.0000e+00
      6.242      0.054     0.0606      0.549     72.533  51.019821     0.9566      7.039   -37.0028 1.2374e-01     1.6468      6.120      8.877    10.1696 0.0000e+00
      6.255      0.059     0.0605      0.535     72.551  50.988682     0.9501      7.035   -37.5588 1.2379e-01     1.5913      6.132      8.893    10.1796 0.0000e+00
      6.271      0.063     0.0611      0.532     72.238  50.732714     0.9301      7.031   -38.0462 1.2390e-01     1.6540      6.148      8.917    10.1983 0.0000e+00
      6.290      0.065     0.0646      0.519     71.622  50.272943     0.8969      7.027   -38.5935 1.2388e-01     1.8237      6.169      8.947    10.2006 0.0000e+00
      6.309      0.066     0.0616      0.512     70.901  49.744855     0.8811      7.024   -39.1864 1.2382e-01     1.9012      6.188      8.975    10.1697 0.0000e+00
      6.327      0.063     0.0588      0.517     70.473  49.424294     0.8892      7.021   -39.6219 1.2379e-01     1.9079      6.205      8.999    10.1345 0.0000e+00
      6.342      0.058     0.0615      0.517     70.435  49.379541     0.8873      7.018   -39.9016 1.2376e-01     1.9047      6.220      9.020    10.1100 0.0000e+00
      6.357      0.050     0.0579      0.517     70.477  49.394110     0.8660      7.016   -40.2454 1.2373e-01     1.8286      6.234      9.042    10.0924 0.0000e+00
      6.371      0.042     0.0564      0.531     70.425  49.346606     0.8402      7.013   -40.6807 1.2375e-01     1.7391      6.249      9.062    10.0776 0.0000e+00
      6.381      0.036     0.0596      0.549     70.208  49.185903     0.8322      7.010   -41.1212 1.2379e-01     1.7111      6.258      9.077    10.0634 0.0000e+00
      6.386      0.031     0.0578      0.554     69.823  48.910536     0.8450      7.009   -41.5275 1.2374e-01     1.6941      6.263      9.084    10.0497 0.0000e+00
      6.391      0.027     0.0579      0.552     69.590  48.745729     0.8447      7.008   -41.8943 1.2369e-01     1.6024      6.268      9.089    10.0390 0.0000e+00
      6.396      0.023     0.0593      0.562     69.728  48.843065     0.8297      7.005   -42.3728 1.2370e-01     1.4559      6.271      9.096    10.0317 0.0000e+00
      6.403      0.020     0.0630      0.576     70.238  49.199050     0.8214      7.003   -42.9244 1.2375e-01     1.3922      6.278      9.107    10.0265 0.0000e+00
      6.411      0.016     0.0632      0.568     70.839  49.623310     0.8272      7.001   -43.4019 1.2380e-01     1.4129      6.288      9.118    10.0212 0.0000e+00
      6.416      0.011     0.0610      0.539     70.954  49.721175     0.8412      7.000   -43.8441 1.2380e-01     1.3987      6.293      9.127    10.0199 0.0000e+00
      6.418      0.007     0.0633      0.522     70.595  49.493964     0.8410      6.998   -44.3136 1.2382e-01     1.3569      6.296      9.131    10.0227 0.0000e+00
      6.417      0.005     0.0658      0.515     70.285  49.287512     0.8254      6.997   -45.0337 1.2382e-01     1.3520      6.295      9.129    10.0202 0.0000e+00
      6.412      0.009     0.0659      0.505     69.980  49.065245     0.8179      6.996   -45.9253 1.2382e-01     1.3738      6.287      9.118    10.0186 0.0000e+00
      6.411      0.017     0.0593      0.509     69.494  48.710190     0.8510      6.993   -46.5767 1.2387e-01     1.4496      6.285      9.115    10.0317 0.0000e+00
      6.414      0.028     0.0583      0.523     69.104  48.421113     0.9174      6.990   -47.0587 1.2387e-01     1.5503      6.289      9.122    10.0575 0.0000e+00
      6.424      0.039     0.0589      0.533     68.871  48.235101     0.9470      6.988   -47.5377 1.2379e-01     1.6017      6.296      9.132    10.0669 0.0000e+00
      6.441      0.048     0.0556      0.540     68.820  48.174331     0.9426      6.987   -47.8939 1.2374e-01     1.6270      6.315      9.160    10.0538 0.0000e+00
      6.459      0.052     0.0570      0.547     69.143  48.384305     0.9469      6.986   -48.0962 1.2376e-01     1.5825      6.337      9.191    10.0439 0.0000e+00
      6.475      0.050     0.0596      0.555     69.477  48.616450     0.9577      6.984   -48.3483 1.2373e-01     1.4734      6.349      9.209    10.0358 0.0000e+00
      6.490      0.046     0.0600      0.559     69.394  48.569949     0.9651      6.982   -48.7913 1.2369e-01     1.4007      6.364      9.230    10.0164 0.0000e+00
      6.500      0.041     0.0610      0.543     69.129  48.393164     0.9621      6.980   -49.3235 1.2369e-01     1.3873      6.378      9.251     9.9946 0.0000e+00
      6.505      0.037     0.0619      0.526     68.947  48.255673     0.9372      6.980   -49.7929 1.2377e-01     1.4485      6.379      9.253     9.9832 0.0000e+00
      6.509      0.037     0.0620      0.528     68.682  48.049706     0.9056      6.979   -50.1643 1.2381e-01     1.5591      6.380      9.253     9.9808 0.0000e+00
      6.520      0.041     0.0650      0.533     68.361  47.806366     0.9042      6.976   -50.5448 1.2377e-01     1.6318      6.392      9.272     9.9932 0.0000e+00
      6.533      0.046     0.0610      0.534     68.271  47.724621     0.9046      6.974   -51.0377 1.2380e-01     1.6437      6.408      9.295    10.0076 0.0000e+00
      6.543      0.051     0.0580      0.526     68.345  47.759289     0.8846      6.972   -51.4777 1.2385e-01     1.6352      6.414      9.303     9.9954 0.0000e+00
      6.558      0.051     0.0601      0.510     68.387  47.781359     0.8707      6.971   -51.6483 1.2384e-01     1.6314      6.427      9.321     9.9746 0.0000e+00
      6.578      0.046     0.0602      0.505     68.412  47.801103     0.8781      6.970   -51.8100 1.2383e-01     1.6318      6.453      9.359     9.9643 0.0000e+00
      6.593      0.041     0.0607      0.521     68.509  47.871112     0.8986      6.967   -52.1422 1.2380e-01     1.6399      6.470      9.383     9.9503 0.0000e+00
      6.599      0.036     0.0602      0.546     68.594  47.929863     0.9026      6.965   -52.4813 1.2377e-01     1.6619      6.472      9.387     9.9336 0.0000e+00
      6.602      0.034     0.0568      0.557     68.611  47.940396     0.8932      6.965   -52.8988 1.2376e-01     1.6920      6.475      9.391     9.9289 0.0000e+00
      6.606      0.038     0.0563      0.550     68.710  47.998463     0.8929      6.965   -53.4055 1.2378e-01     1.6969      6.478      9.396     9.9350 0.0000e+00
      6.611      0.047     0.0582      0.549     68.919  48.124315     0.8992      6.965   -53.8754 1.2381e-01     1.6874      6.480      9.398     9.9359 0.0000e+00
      6.624      0.059     0.0623      0.550     69.137  48.256448     0.9023      6.964   -54.2789 1.2380e-01     1.7134      6.491      9.414     9.9345 0.0000e+00
      6.646      0.069     0.0646      0.540     69.260  48.327000     0.8974      6.963   -54.5842 1.2377e-01     1.7384      6.517      9.451     9.9373 0.0000e+00
      6.671      0.072     0.0610      0.530     69.297  48.342819     0.8903      6.963   -54.8989 1.2373e-01     1.7153      6.542      9.490     9.9286 0.0000e+00
      6.696      0.070     0.0623      0.525     69.367  48.384248     0.8826      6.961   -55.2449 1.2366e-01     1.6732      6.566      9.525     9.9103 0.0000e+00
      6.716      0.064     0.0628      0.517     69.558  48.510635     0.8793      6.959   -55.4983 1.2364e-01     1.6739      6.590      9.558     9.8950 0.0000e+00
      6.728      0.057     0.0612      0.507     69.883  48.728785     0.8926      6.957   -55.7251 1.2368e-01     1.6894      6.600      9.573     9.8844 0.0000e+00
      6.734      0.052     0.0595      0.507     70.181  48.927879     0.9019      6.955   -56.0089 1.2373e-01     1.6556      6.603      9.576     9.8779 0.0000e+00
      6.743      0.052     0.0598      0.516     70.315  49.014223     0.8909      6.954   -56.3483 1.2378e-01     1.6067      6.612      9.590     9.8734 0.0000e+00
      6.756      0.055     0.0587      0.531     70.406  49.074752     0.8766      6.953   -56.7309 1.2375e-01     1.5765      6.624      9.609     9.8683 0.0000e+00
      6.771      0.059     0.0566      0.533     70.508  49.152078     0.8614      6.953   -57.1069 1.2372e-01     1.5980      6.639      9.629     9.8621 0.0000e+00
      6.790      0.062     0.0575      0.531     70.538  49.187699     0.8498      6.952   -57.4537 1.2376e-01     1.6612      6.659      9.658     9.8557 0.0000e+00
      6.810      0.063     0.0576      0.539     70.520  49.188191     0.8526      6.950   -57.8259 1.2375e-01     1.6920      6.679      9.687     9.8502 0.0000e+00
      6.827      0.063     0.0612      0.539     70.469  49.158031     0.8458      6.950   -58.1654 1.2372e-01     1.6630      6.697      9.714     9.8461 0.0000e+00
