Data/DataNotYetUploadedToEDI/Raw_CTD/RawDownloads/060722_bvr40_0005.cnv
* Sea-Bird SBE19plus  Data File:
* FileName = C:\R\Reservoirs\Data\DataNotYetUploadedToEDI\Raw_CTD\RawDownloads\060722_bvr01_0005.hex
* Software version 2.8.0.119
* Temperature SN = 7809
* Conductivity SN = 7809
* System UpLoad Time = Jun 08 2022 10:06:21
* <ApplicationData>
* <Seaterm232>
# nquan = 15
# nvalues = 1285                        
# units = specified
# name 0 = depFM: Depth [fresh water, m]
# name 1 = dz/dtM: Descent Rate [m/s]
# name 2 = sbeox0Mg/L: Oxygen, SBE 43 [mg/l]
# name 3 = sbeox0PS: Oxygen, SBE 43 [% saturation]
# name 4 = specc: Specific Conductance [uS/cm]
# name 5 = c0uS/cm: Conductivity [uS/cm]
# name 6 = flECO-AFL: Fluorescence, WET Labs ECO-AFL/FL [mg/m^3]
# name 7 = ph: pH
# name 8 = orp: Oxidation Reduction Potential [mV]
# name 9 = par/sat/log: PAR/Logarithmic, Satlantic
# name 10 = turbWETntu0: Turbidity, WET Labs ECO [NTU]
# name 11 = prdM: Pressure, Strain Gauge [db]
# name 12 = prdE: Pressure, Strain Gauge [psi]
# name 13 = tv290C: Temperature [ITS-90, deg C]
# name 14 = flag:  0.000e+00
# span 0 =     -0.750,      3.519       
# span 1 =     -0.301,      0.195       
# span 2 =     0.0253,     9.0336       
# span 3 =      0.273,    107.165       
# span 4 =      0.805,    133.601       
# span 5 =   0.776342, 111.524834       
# span 6 =    -0.1591,     5.1370       
# span 7 =      7.368,      9.516       
# span 8 =  -205.0058,   382.2147       
# span 9 = 1.2367e-01, 2.3058e+02       
# span 10 =    -0.3678,   114.6726      
# span 11 =     -0.738,      3.451      
# span 12 =     -1.069,      5.005      
# span 13 =    15.4717,    24.1803      
# span 14 = 0.0000e+00, 0.0000e+00      
# interval = seconds: 0.25
# start_time = Jun 07 2022 07:44:50 [Instrument's time stamp, header]
# bad_flag = -9.990e-29
*END*
[from data line 97]
     -0.126      0.024     6.5534     79.080     27.614  27.096986     3.5829      9.381   153.8919 1.0484e+02     7.9613     -0.124     -0.179    24.0565 0.0000e+00
     -0.124      0.029     6.5945     79.150     27.470  26.958861     3.5891      9.372   158.7749 1.0360e+02     7.9759     -0.124     -0.180    24.0554 0.0000e+00
     -0.117      0.030     6.6216     79.008     27.411  26.901897     3.6018      9.366   152.1654 9.8503e+01     7.9769     -0.118     -0.173    24.0549 0.0000e+00
     -0.100      0.025     6.6364     78.628     27.432  26.915309     3.6203      9.364   153.3063 9.0383e+01     7.8706     -0.101     -0.146    24.0555 0.0000e+00
     -0.082      0.012     6.6507     78.291     27.462  26.930866     3.6540      9.366   171.4500 8.7904e+01     7.7493     -0.075     -0.108    24.0565 0.0000e+00
     -0.075     -0.008     6.6608     78.415     27.443  26.899825     3.6770      9.370   184.4043 9.0992e+01     7.7058     -0.067     -0.097    24.0626 0.0000e+00
     -0.082     -0.038     6.6509     79.033     27.405  26.856894     3.6812      9.371   186.6404 9.5165e+01     7.7217     -0.078     -0.113    24.0710 0.0000e+00
     -0.098     -0.073     6.6121     79.783     27.405  26.855461     3.6045      9.369   186.0115 1.0016e+02     7.7017     -0.097     -0.140    24.0580 0.0000e+00
     -0.120     -0.104     6.5695     80.372     27.435  26.882493     3.4407      9.367   184.7165 1.1148e+02     7.6004     -0.114     -0.165    24.0228 0.0000e+00
     -0.153     -0.124     6.5816     80.689     27.484  26.930210     3.3400      9.369   183.4575 1.3185e+02     7.5217     -0.145     -0.209    23.9987 0.0000e+00
     -0.197     -0.132     6.6517     80.754     27.543  26.988723     3.3191      9.372   183.1795 1.4801e+02     7.5362     -0.196     -0.283    23.9930 0.0000e+00
     -0.242     -0.126     6.7224     80.652     27.571  27.019522     3.2465      9.375   183.5055 1.5486e+02     7.6383     -0.240     -0.348    23.9909 0.0000e+00
     -0.281     -0.105     6.7747     80.376     27.533  26.985693     3.1038      9.376   183.8725 1.5867e+02     7.7321     -0.278     -0.403    23.9880 0.0000e+00
     -0.311     -0.071     6.8024     79.942     27.438  26.896620     3.0091      9.377   184.1750 1.6122e+02     7.7486     -0.310     -0.449    23.9850 0.0000e+00
     -0.327     -0.030     6.8019     79.576     27.365  26.829905     2.9920      9.377   184.1509 1.6180e+02     7.7693     -0.327     -0.474    23.9864 0.0000e+00
     -0.327      0.009     6.7942     79.504     27.344  26.812882     3.0792      9.377   183.9244 1.5904e+02     7.8104     -0.328     -0.476    23.9937 0.0000e+00
     -0.310      0.041     6.7727     79.733     27.349  26.817570     3.2485      9.379   183.8465 1.5505e+02     7.8021     -0.308     -0.447    24.0011 0.0000e+00
     -0.285      0.061     6.7259     80.092     27.358  26.823196     3.3404      9.383   183.8117 1.5289e+02     7.7716     -0.280     -0.406    24.0056 0.0000e+00
     -0.260      0.066     6.6849     80.357     27.357  26.817525     3.3581      9.387   183.6756 1.4645e+02     7.7491     -0.254     -0.370    24.0165 0.0000e+00
     -0.238      0.059     6.6788     80.416     27.356  26.812372     3.4203      9.390   183.4913 1.3505e+02     7.7351     -0.232     -0.336    24.0275 0.0000e+00
     -0.222      0.043     6.7036     80.330     27.371  26.824274     3.5268      9.394   183.3045 1.2960e+02     7.7390     -0.214     -0.311    24.0242 0.0000e+00
     -0.215      0.026     6.7432     80.165     27.384  26.834655     3.5806      9.396   183.1371 1.3421e+02     7.7274     -0.207     -0.301    24.0155 0.0000e+00
     -0.215      0.011     6.7707     79.875     27.361  26.811125     3.5792      9.400   183.1022 1.4174e+02     7.6975     -0.211     -0.306    24.0075 0.0000e+00
     -0.219      0.001     6.7724     79.371     27.344  26.793304     3.5774      9.404   183.2272 1.4204e+02     7.6845     -0.216     -0.314    24.0003 0.0000e+00
     -0.222     -0.004     6.7631     78.636     27.360  26.809321     3.5836      9.405   183.4434 1.3443e+02     7.6726     -0.219     -0.317    23.9951 0.0000e+00
     -0.224     -0.002     6.7518     77.756     27.366  26.814640     3.5871      9.406   183.8235 1.2805e+02     7.6225     -0.220     -0.318    23.9915 0.0000e+00
     -0.226      0.006     6.7312     76.822     27.346  26.794230     3.5783      9.406   184.3814 1.3280e+02     7.5570     -0.222     -0.322    23.9890 0.0000e+00
     -0.226      0.015     6.6902     75.867     27.305  26.752699     3.5856      9.406   185.0269 1.4347e+02     7.5300     -0.224     -0.325    23.9881 0.0000e+00
     -0.222      0.019     6.6245     74.898     27.245  26.692773     3.6341      9.406   185.6053 1.4776e+02     7.6032     -0.220     -0.319    23.9880 0.0000e+00
     -0.213      0.014     6.5473     74.054     27.198  26.640113     3.6896      9.405   185.6959 1.3652e+02     7.7248     -0.211     -0.305    23.9860 0.0000e+00
     -0.199     -0.001     6.4686     73.829     27.194  26.623040     3.7079      9.402   185.3486 1.1777e+02     7.7707     -0.196     -0.284    23.9842 0.0000e+00
     -0.188     -0.022     6.3885     74.784     27.198  26.613093     3.6887      9.398   184.9337 1.1795e+02     7.7484     -0.177     -0.256    23.9819 0.0000e+00
     -0.194     -0.045     6.3057     76.828     27.175  26.583200     3.5243      9.396   184.7232 1.3451e+02     7.7287     -0.179     -0.261    23.9846 0.0000e+00
     -0.221     -0.062     6.2201     79.188     27.172  26.578502     3.2351      9.396   184.8686 1.4735e+02     7.7713     -0.217     -0.314    23.9766 0.0000e+00
     -0.255     -0.068     6.1802     81.156     27.212  26.619676     3.0882      9.396   185.1429 1.5356e+02     7.7852     -0.253     -0.366    23.9419 0.0000e+00
     -0.283     -0.060     6.2662     82.496     27.227  26.637356     3.0799      9.399   185.4582 1.5637e+02     7.7261     -0.280     -0.406    23.9146 0.0000e+00
     -0.303     -0.040     6.4708     83.256     27.186  26.602131     3.1346      9.403   185.4977 1.5732e+02     7.7060     -0.304     -0.441    23.9032 0.0000e+00
     -0.308     -0.015     6.6940     83.507     27.152  26.574061     3.2584      9.407   185.1038 1.5714e+02     7.7123     -0.308     -0.448    23.8992 0.0000e+00
     -0.298      0.005     6.8629     83.227     27.127  26.551511     3.3366      9.410   184.7390 1.5627e+02     7.7335     -0.294     -0.427    23.9039 0.0000e+00
     -0.283      0.017     6.9727     82.435     27.097  26.519623     3.3560      9.414   184.5284 1.5532e+02     7.7571     -0.275     -0.399    23.9104 0.0000e+00
     -0.272      0.019     7.0318     81.310     27.084  26.505411     3.4020      9.415   184.3642 1.5440e+02     7.7241     -0.264     -0.384    23.9175 0.0000e+00
     -0.269      0.014     7.0535     80.030     27.084  26.506437     3.4842      9.415   184.3028 1.5353e+02     7.7108     -0.262     -0.381    23.9305 0.0000e+00
     -0.269      0.004     7.0309     78.711     27.106  26.532031     3.5351      9.416   184.3027 1.5309e+02     7.7678     -0.263     -0.381    23.9366 0.0000e+00
     -0.272     -0.003     6.9566     77.396     27.132  26.561344     3.5418      9.419   184.1903 1.5342e+02     7.7981     -0.265     -0.386    23.9282 0.0000e+00
     -0.276     -0.005     6.8584     76.140     27.110  26.543953     3.5316      9.423   183.9771 1.5407e+02     7.7358     -0.270     -0.392    23.9228 0.0000e+00
     -0.280     -0.006     6.7454     75.018     27.075  26.511904     3.5038      9.425   183.7898 1.5393e+02     7.6631     -0.275     -0.399    23.9270 0.0000e+00
     -0.282     -0.007     6.6332     74.027     27.054  26.490761     3.4806      9.426   183.7323 1.5314e+02     7.6713     -0.278     -0.404    23.9348 0.0000e+00
     -0.279     -0.010     6.5206     73.143     27.046  26.478452     3.4840      9.427   183.7119 1.5284e+02     7.7327     -0.274     -0.398    23.9427 0.0000e+00
     -0.276     -0.014     6.4090     72.341     27.062  26.489834     3.4874      9.428   183.5434 1.5333e+02     7.7555     -0.267     -0.386    23.9505 0.0000e+00
     -0.280     -0.017     6.3164     71.640     27.075  26.501609     3.4468      9.431   183.4157 1.5409e+02     7.7077     -0.271     -0.395    23.9553 0.0000e+00
     -0.291     -0.018     6.2324     71.103     27.065  26.494064     3.3839      9.434   183.5437 1.5465e+02     7.6331     -0.285     -0.414    23.9564 0.0000e+00
     -0.302     -0.018     6.1607     70.723     27.027  26.461995     3.3589      9.436   183.6287 1.5497e+02     7.5709     -0.297     -0.431    23.9477 0.0000e+00
     -0.309     -0.014     6.0944     70.399     26.992  26.430776     3.3530      9.437   183.4976 1.5527e+02     7.5700     -0.306     -0.443    23.9330 0.0000e+00
     -0.310     -0.009     6.0322     70.041     26.995  26.433511     3.2880      9.438   183.4213 1.5546e+02     7.6228     -0.305     -0.443    23.9301 0.0000e+00
     -0.306     -0.005     5.9862     69.649     26.996  26.431679     3.1803      9.438   183.3078 1.5541e+02     7.6973     -0.299     -0.435    23.9395 0.0000e+00
     -0.303     -0.003     5.9567     69.262     26.979  26.408623     3.1246      9.438   183.0728 1.5530e+02     7.7874     -0.296     -0.430    23.9495 0.0000e+00
     -0.303     -0.006     5.9324     68.849     26.983  26.408258     3.1309      9.438   183.0751 1.5578e+02     7.8246     -0.296     -0.429    23.9559 0.0000e+00
     -0.306     -0.011     5.9013     68.339     27.004  26.427262     3.1559      9.438   183.2487 1.5657e+02     7.7710     -0.300     -0.433    23.9596 0.0000e+00
     -0.311     -0.017     5.8667     67.752     27.027  26.448255     3.1777      9.438   183.1925 1.5710e+02     7.7197     -0.306     -0.444    23.9514 0.0000e+00
     -0.316     -0.019     5.8371     67.192     27.181  26.598696     3.1865      9.440   182.9984 1.5994e+02     7.7167     -0.310     -0.450    23.9346 0.0000e+00
     -0.323     -0.015     5.8070     66.992     27.561  26.978584     3.1873      9.442   182.9667 1.6495e+02     7.7351     -0.315     -0.457    23.9272 0.0000e+00
     -0.332     -0.005     5.7631     68.279     27.931  27.365276     3.1949      9.443   183.2391 1.6805e+02     7.8394     -0.327     -0.475    23.9269 0.0000e+00
     -0.337      0.006     5.7090     72.434     28.068  27.534582     3.2114      9.442   183.5389 1.6885e+02     8.0216     -0.335     -0.485    23.9246 0.0000e+00
     -0.332      0.017     5.6612     79.332     28.072  27.567883     3.2213      9.441   183.4949 1.6869e+02     8.1274     -0.329     -0.476    23.9215 0.0000e+00
     -0.321      0.024     5.6098     87.150     28.063  27.577799     3.2228      9.440   183.3091 1.6800e+02     8.1621     -0.315     -0.457    23.9265 0.0000e+00
     -0.306      0.025     5.6515     94.118     28.067  27.591115     3.2297      9.441   183.1856 1.6711e+02     8.1686     -0.300     -0.435    23.9719 0.0000e+00
     -0.295      0.021     5.9951     99.623     28.073  27.602135     3.2802      9.442   183.2053 1.6652e+02     8.0345     -0.287     -0.416    24.0495 0.0000e+00
     -0.290      0.012     6.6399    103.646     28.052  27.584283     3.3587      9.442   183.2896 1.6656e+02     7.8381     -0.281     -0.408    24.1050 0.0000e+00
     -0.292      0.003     7.3544    106.160     28.031  27.565425     3.3964      9.444   183.2581 1.6686e+02     7.7757     -0.284     -0.413    24.1342 0.0000e+00
     -0.297     -0.003     7.9453    107.165     28.030  27.564277     3.4024      9.446   183.2554 1.6720e+02     7.7929     -0.293     -0.425    24.1497 0.0000e+00
     -0.302     -0.007     8.4020    106.900     28.036  27.570407     3.3564      9.446   183.4286 1.6751e+02     7.7728     -0.297     -0.431    24.1566 0.0000e+00
     -0.304     -0.007     8.7424    105.963     28.042  27.576156     3.2486      9.446   183.5458 1.6786e+02     7.7375     -0.299     -0.434    24.1611 0.0000e+00
     -0.304     -0.005     8.9527    104.978     28.037  27.570392     3.1807      9.449   183.4671 1.6821e+02     7.7081     -0.299     -0.433    24.1632 0.0000e+00
     -0.303      0.000     9.0336    104.213     28.030  27.564106     3.1760      9.452   183.4241 1.6852e+02     7.6905     -0.295     -0.429    24.1641 0.0000e+00
     -0.303      0.004     8.9898    103.631     28.029  27.563540     3.2008      9.454   183.4555 1.6895e+02     7.7970     -0.297     -0.431    24.1634 0.0000e+00
     -0.304      0.006     8.8899    103.139     28.029  27.563555     3.2305      9.454   183.5888 1.6910e+02     7.9720     -0.301     -0.436    24.1627 0.0000e+00
     -0.303      0.007     8.8005    102.701     28.030  27.564278     3.2352      9.453   183.7458 1.6877e+02     8.0292     -0.299     -0.434    24.1629 0.0000e+00
     -0.298      0.007     8.7396    102.310     28.038  27.572279     3.2325      9.453   183.8040 1.6857e+02     8.0453     -0.292     -0.423    24.1634 0.0000e+00
     -0.293      0.007     8.6942    101.947     28.063  27.596914     3.2404      9.454   183.9494 1.6887e+02     8.1319     -0.286     -0.414    24.1636 0.0000e+00
     -0.292      0.006     8.6533    101.650     28.074  27.608594     3.2472      9.455   184.0413 1.6927e+02     8.2232     -0.284     -0.413    24.1632 0.0000e+00
     -0.294      0.004     8.6164    101.513     28.051  27.586742     3.2394      9.456   183.8820 1.6939e+02     8.2269     -0.288     -0.418    24.1629 0.0000e+00
     -0.294      0.000     8.5844    101.483     28.051  27.586236     3.2218      9.458   183.8293 1.6931e+02     8.2099     -0.290     -0.420    24.1634 0.0000e+00
     -0.292     -0.002     8.5543    101.425     28.068  27.602474     3.1919      9.458   184.0925 1.6924e+02     8.3257     -0.286     -0.415    24.1642 0.0000e+00
     -0.292     -0.001     8.5228    101.342     28.058  27.592924     3.1444      9.458   184.3113 1.6966e+02     8.4995     -0.284     -0.412    24.1649 0.0000e+00
     -0.294      0.001     8.5142    101.336     28.064  27.597542     3.1138      9.460   184.2378 1.7041e+02     8.5345     -0.289     -0.419    24.1648 0.0000e+00
     -0.296      0.003     8.5184    101.429     28.062  27.594926     3.1047      9.463   183.9788 1.7090e+02     8.4764     -0.292     -0.424    24.1644 0.0000e+00
     -0.296      0.004     8.5120    101.520     28.028  27.561284     3.1008      9.464   183.7606 1.7090e+02     8.4459     -0.291     -0.423    24.1651 0.0000e+00
     -0.293      0.003     8.5009    101.531     28.038  27.571084     3.1498      9.464   183.7503 1.7045e+02     8.4051     -0.287     -0.418    24.1654 0.0000e+00
     -0.288      0.001     8.4990    101.476     28.054  27.586655     3.2476      9.464   183.9413 1.7021e+02     8.2902     -0.281     -0.408    24.1635 0.0000e+00
     -0.285     -0.001     8.5123    101.440     28.026  27.559399     3.3016      9.464   184.0907 1.7073e+02     8.1839     -0.277     -0.402    24.1619 0.0000e+00
     -0.287     -0.002     8.5221    101.513     28.025  27.558455     3.2956      9.464   183.9214 1.7170e+02     8.1445     -0.280     -0.405    24.1616 0.0000e+00
     -0.294     -0.001     8.5225    101.645     28.042  27.575239     3.2743      9.466   183.7012 1.7254e+02     8.0531     -0.288     -0.418    24.1608 0.0000e+00
     -0.299      0.001     8.5160    101.712     28.038  27.572180     3.2523      9.467   183.8373 1.7285e+02     7.8982     -0.296     -0.429    24.1606 0.0000e+00
     -0.298      0.006     8.5074    101.662     28.050  27.584856     3.2373      9.466   184.2767 1.7267e+02     7.7743     -0.295     -0.428    24.1612 0.0000e+00
     -0.292      0.010     8.5162    101.517     28.067  27.601735     3.2346      9.465   184.5398 1.7239e+02     7.7169     -0.288     -0.417    24.1614 0.0000e+00
