Data/DataNotYetUploadedToEDI/Raw_CTD/RawDownloads/060722_fcr50_0007.cnv
* Sea-Bird SBE19plus  Data File:
* FileName = C:\R\Reservoirs\Data\DataNotYetUploadedToEDI\Raw_CTD\RawDownloads\060722_bvr01_0007.hex
* Software version 2.8.0.119
* Temperature SN = 7809
* Conductivity SN = 7809
* System UpLoad Time = Jun 08 2022 10:07:48
* <ApplicationData>
* <Seaterm232>
# nquan = 15
# nvalues = 1546                        
# units = specified
# name 0 = depFM: Depth [fresh water, m]
# name 1 = dz/dtM: Descent Rate [m/s]
# name 2 = sbeox0Mg/L: Oxygen, SBE 43 [mg/l]
# name 3 = sbeox0PS: Oxygen, SBE 43 [% saturation]
# name 4 = specc: Specific Conductance [uS/cm]
# name 5 = c0uS/cm: Conductivity [uS/cm]
# name 6 = flECO-AFL: Fluorescence, WET Labs ECO-AFL/FL [mg/m^3]
# name 7 = ph: pH
# name 8 = orp: Oxidation Reduction Potential [mV]
# name 9 = par/sat/log: PAR/Logarithmic, Satlantic
# name 10 = turbWETntu0: Turbidity, WET Labs ECO [NTU]
# name 11 = prdM: Pressure, Strain Gauge [db]
# name 12 = prdE: Pressure, Strain Gauge [psi]
# name 13 = tv290C: Temperature [ITS-90, deg C]
# name 14 = flag:  0.000e+00
# span 0 =     -0.675,      9.624       
# span 1 =     -0.262,      0.199       
# span 2 =     0.2305,    15.3060       
# span 3 =      2.239,    166.898       
# span 4 =      1.233,    455.847       
# span 5 =   1.019916, 320.495345       
# span 6 =    -0.2598,    21.4527       
# span 7 =      5.887,      9.865       
# span 8 = -1240.7455,   170.0728       
# span 9 = 1.2360e-01, 2.3650e+03       
# span 10 =    -1.7089,    90.7255      
# span 11 =     -0.663,      9.439      
# span 12 =     -0.961,     13.690      
# span 13 =     9.7458,    21.7330      
# span 14 = 0.0000e+00, 0.0000e+00      
# interval = seconds: 0.25
# start_time = Jun 07 2022 10:04:16 [Instrument's time stamp, header]
# bad_flag = -9.990e-29
*END*
[from data line 868]
      9.346      0.042     1.8526     16.227     45.711  31.769819    20.3214      6.963   169.5932 1.2363e-01     8.3749      9.168     13.298     9.7485 0.0000e+00
      9.346      0.037     1.8547     16.229     45.739  31.789703    20.1286      6.962   170.0283 1.2368e-01     8.3911      9.163     13.291     9.7473 0.0000e+00
      9.351      0.037     1.8541     16.249     45.756  31.800931    20.0189      6.961   170.0728 1.2371e-01     8.4104      9.166     13.295     9.7472 0.0000e+00
      9.361      0.045     1.8427     16.271     46.000  31.968969    20.0264      6.959   169.9600 1.2374e-01     8.4382      9.179     13.313     9.7474 0.0000e+00
      9.375      0.060     1.8420     16.287     48.300  33.567829    20.1699      6.957   169.4384 1.2376e-01     8.4195      9.194     13.335     9.7482 0.0000e+00
      9.392      0.083     1.8415     16.310     72.473  50.371791    20.4143      6.956   168.7566 1.2383e-01     8.3890      9.209     13.357     9.7494 0.0000e+00
      9.411      0.108     1.8446     16.350    154.929 107.721691    20.5265      6.955   169.0291 1.2390e-01     8.4112      9.229     13.385     9.7483 0.0000e+00
      9.435      0.124     1.8482     16.376    270.127 187.952358    20.4689      6.953   169.4646 1.2382e-01     8.4478      9.248     13.414     9.7464 0.0000e+00
      9.472      0.128     1.8488     16.337    347.433 242.001205    19.8516      6.951   168.9456 1.2378e-01     8.4904      9.279     13.459     9.7458 0.0000e+00
      9.527      0.122     1.8510     16.248    381.822 266.272025    18.7144      6.946   168.0021 1.2380e-01     8.5168      9.344     13.553     9.7461 0.0000e+00
      9.577      0.106     1.8554     16.124    400.181 279.346322    18.0884      6.942   167.2630 1.2374e-01     8.4939      9.405     13.642     9.7475 0.0000e+00
      9.600      0.082     1.8612     15.952    410.282 286.604642    17.9996      6.938   166.8925 1.2373e-01     8.4528      9.420     13.663     9.7703 0.0000e+00
      9.604      0.055     1.8515     15.747    416.169 290.875212    17.6325      6.934   167.0496 1.2373e-01     8.3613      9.418     13.659     9.8205 0.0000e+00
      9.604      0.029     1.8382     15.520    418.165 292.394654    16.9715      6.930   167.7856 1.2370e-01     8.2413      9.418     13.660     9.8685 0.0000e+00
      9.605      0.014     1.8249     15.270    403.602 282.308314    16.6245      6.926   168.7363 1.2372e-01     8.2319      9.418     13.660     9.9025 0.0000e+00
      9.606      0.011     1.8025     15.032    372.902 260.913533    16.6163      6.920   168.9945 1.2379e-01     8.2819      9.421     13.664     9.9272 0.0000e+00
      9.609      0.012     1.7781     14.837    354.403 248.038244    16.7897      6.914   168.0683 1.2382e-01     8.2988      9.423     13.667     9.9457 0.0000e+00
      9.614      0.012     1.7528     14.674    366.794 256.770239    17.1219      6.908   166.5715 1.2382e-01     8.2659      9.427     13.673     9.9601 0.0000e+00
      9.619      0.011     1.7220     14.514    392.959 275.141186    17.3121      6.903   165.3522 1.2387e-01     8.1915      9.434     13.682     9.9721 0.0000e+00
      9.623      0.009     1.6935     14.367    391.038 273.843905    17.3830      6.898   164.7686 1.2384e-01     8.1849      9.438     13.689     9.9829 0.0000e+00
      9.624      0.006     1.6716     14.246    364.280 255.150938    17.9044      6.894   164.9359 1.2375e-01     8.2540      9.439     13.690     9.9920 0.0000e+00
      9.623      0.003     1.6557     14.143    352.275 246.787273    18.8473      6.891   165.6539 1.2375e-01     8.3102      9.437     13.688     9.9995 0.0000e+00
      9.623      0.001     1.6352     14.058    371.440 260.255885    19.3623      6.888   166.2220 1.2380e-01     8.3177      9.437     13.688    10.0064 0.0000e+00
      9.623     -0.001     1.6177     13.980    408.294 286.118518    19.3774      6.885   166.0407 1.2385e-01     8.2761      9.437     13.687    10.0130 0.0000e+00
      9.623     -0.001     1.6056     13.919    431.484 302.407407    19.0716      6.882   165.0965 1.2385e-01     8.2173      9.437     13.687    10.0192 0.0000e+00
      9.622     -0.001     1.5926     13.886    436.459 305.933136    18.5205      6.878   163.9264 1.2375e-01     8.1871      9.436     13.686    10.0254 0.0000e+00
      9.622      0.000     1.5845     13.850    437.422 306.646291    18.2325      6.875   163.1648 1.2375e-01     8.2183      9.436     13.686    10.0309 0.0000e+00
      9.622 -1.861e-08     1.5742     13.794    438.033 307.110215    18.2522      6.872   162.9425 1.2379e-01     8.2871      9.436     13.686    10.0357 0.0000e+00
      9.622 -2.047e-07     1.5656     13.751    438.628 307.558144    18.6261      6.870   162.9598 1.2375e-01     8.3697      9.437     13.687    10.0403 0.0000e+00
      9.622 -2.047e-07     1.5640     13.734    439.052 307.885026    19.3076      6.867   163.3738 1.2378e-01     8.4312      9.436     13.686    10.0448 0.0000e+00
      9.622 -1.861e-08     1.5616     13.726    439.326 308.106359    19.6840      6.864   164.2480 1.2383e-01     8.4172      9.436     13.686    10.0493 0.0000e+00
      9.623 -1.692e-09     1.5515     13.700    439.571 308.306297    19.7392      6.861   164.9259 1.2377e-01     8.4057      9.437     13.687    10.0533 0.0000e+00
      9.623 -1.538e-10     1.5472     13.655    439.809 308.503020    19.9091      6.858   164.8594 1.2367e-01     8.3941      9.437     13.687    10.0568 0.0000e+00
      9.623 -1.398e-11     1.5454     13.617    440.024 308.685465    20.2060      6.856   164.3038 1.2371e-01     8.3444      9.437     13.687    10.0601 0.0000e+00
      9.623 -1.271e-12     1.5460     13.597    440.201 308.841289    20.3663      6.853   164.2315 1.2383e-01     8.3179      9.437     13.687    10.0634 0.0000e+00
      9.623 -1.157e-13     1.5434     13.594    440.437 309.037467    20.3739      6.851   164.6735 1.2387e-01     8.2781      9.436     13.686    10.0665 0.0000e+00
      9.623 -1.245e-14     1.5358     13.587    440.798 309.322192    20.3563      6.848   164.6572 1.2382e-01     8.2387      9.437     13.687    10.0699 0.0000e+00
      9.623 -2.240e-14     1.5321     13.560    441.217 309.648852    20.3194      6.844   163.8625 1.2377e-01     8.2168      9.437     13.688    10.0735 0.0000e+00
      9.623 -2.360e-13     1.5287     13.504    441.626 309.966380    20.2935      6.841   162.8944 1.2376e-01     8.1843      9.437     13.688    10.0773 0.0000e+00
      9.623 -2.595e-12     1.5298     13.376    441.926 310.204935    20.2939      6.839   162.7604 1.2376e-01     8.1543      9.437     13.687    10.0806 0.0000e+00
      9.623 -2.855e-11     1.5299     13.117    440.991 309.576672    20.2815      6.838   163.1034 1.2367e-01     8.1268      9.437     13.687    10.0841 0.0000e+00
      9.623 -3.140e-10     1.5259     12.737    427.389 300.056292    20.2606      6.836   162.6535 1.2362e-01     8.1258      9.437     13.687    10.0879 0.0000e+00
      9.623 -3.454e-09     1.5214     12.287    392.458 275.560398    20.2578      6.833   161.9671 1.2367e-01     8.2102      9.436     13.686    10.0913 0.0000e+00
      9.623 -3.799e-08     1.5107     11.801    356.543 250.370334    20.2653      6.830   162.1167 1.2371e-01     8.3271      9.437     13.687    10.0946 0.0000e+00
      9.623 -4.179e-07     1.4806     11.310    339.554 238.464571    20.3172      6.829   162.9138 1.2382e-01     8.3434      9.437     13.687    10.0976 0.0000e+00
      9.623     -0.000     1.4346     10.863    338.960 238.067715    20.4111      6.829   163.7746 1.2392e-01     8.2714      9.437     13.687    10.1009 0.0000e+00
      9.622     -0.000     1.3835     10.515    359.736 252.680482    20.4594      6.829   164.2646 1.2384e-01     8.1737      9.436     13.686    10.1048 0.0000e+00
      9.622     -0.001     1.3276     10.275    398.958 280.253414    20.4688      6.829   163.9351 1.2370e-01     8.1524      9.436     13.686    10.1089 0.0000e+00
      9.622     -0.001     1.2705     10.119    416.605 292.672637    20.4749      6.829   162.8019 1.2369e-01     8.2876      9.436     13.686    10.1123 0.0000e+00
      9.622     -0.002     1.2173     10.025    393.283 276.310152    20.4668      6.828   162.0064 1.2384e-01     8.4419      9.436     13.686    10.1149 0.0000e+00
      9.621     -0.005     1.1775      9.979    362.905 254.987972    20.4371      6.828   162.2322 1.2389e-01     8.4808      9.435     13.685    10.1176 0.0000e+00
      9.621     -0.010     1.1524      9.973    349.002 245.238119    20.3240      6.827   162.5205 1.2387e-01     8.4843      9.435     13.684    10.1205 0.0000e+00
      9.620     -0.015     1.1347     10.001    342.941 240.995612    19.3159      6.825   162.3081 1.2384e-01     8.4844      9.434     13.682    10.1236 0.0000e+00
      9.616     -0.026     1.1251     10.041    341.521 240.014545    17.4704      6.823   162.4180 1.2375e-01     8.3798      9.431     13.679    10.1264 0.0000e+00
      9.609     -0.048     1.1204     10.074    365.684 257.012661    16.4544      6.823   163.1614 1.2371e-01     8.2438      9.424     13.668    10.1292 0.0000e+00
      9.600     -0.080     1.1194     10.104    413.678 290.758511    16.3446      6.825   163.8974 1.2373e-01     8.1722      9.414     13.654    10.1319 0.0000e+00
      9.589     -0.109     1.1238     10.124    444.996 312.782154    16.2173      6.826   163.9166 1.2375e-01     8.1634      9.409     13.645    10.1343 0.0000e+00
      9.562     -0.123     1.1297     10.130    451.981 317.701830    16.0137      6.826   163.1361 1.2376e-01     8.2062      9.392     13.622    10.1365 0.0000e+00
      9.504     -0.122     1.1319     10.145    453.357 318.680441    15.9055      6.824   162.2887 1.2374e-01     8.2457      9.327     13.527    10.1388 0.0000e+00
      9.436     -0.111     1.1358     10.160    454.185 319.277691    15.9076      6.821   161.9307 1.2374e-01     8.2989      9.235     13.395    10.1408 0.0000e+00
      9.401     -0.093     1.1386     10.164    454.873 319.779110    16.1561      6.818   162.5079 1.2376e-01     8.8502      9.202     13.346    10.1420 0.0000e+00
      9.405     -0.077     1.1370     10.169    455.416 320.177642    16.6377      6.815   163.5894 1.2375e-01     9.8898      9.225     13.379    10.1430 0.0000e+00
      9.415     -0.076     1.1398     10.179    455.847 320.495345    16.9035      6.814   163.7355 1.2371e-01    10.4501      9.240     13.401    10.1441 0.0000e+00
      9.412     -0.103     1.1423     10.199    455.336 320.148018    16.9064      6.813   163.1559 1.2366e-01    10.4671      9.231     13.390    10.1459 0.0000e+00
      9.395     -0.161     1.1416     10.231    444.821 312.762903    16.6477      6.812   163.0345 1.2365e-01     9.9243      9.221     13.375    10.1481 0.0000e+00
      9.354     -0.226     1.1422     10.254    418.201 294.050266    16.1723      6.812   163.2143 1.2371e-01     8.8397      9.189     13.328    10.1499 0.0000e+00
      9.275     -0.262     1.1433     10.270    394.828 277.616908    15.9190      6.813   162.6625 1.2374e-01     8.2843      9.108     13.211    10.1515 0.0000e+00
      9.165     -0.249     1.1442     10.297    402.141 282.757553    15.8500      6.815   161.2666 1.2373e-01     8.5723      8.991     13.040    10.1528 0.0000e+00
      9.050     -0.189     1.1500     10.340    431.221 303.206837    15.3535      6.815   159.7588 1.2379e-01    11.9795      8.864     12.856    10.1538 0.0000e+00
      8.970     -0.104     1.1524     10.370    435.817 306.446295    14.4614      6.815   158.3699 1.2379e-01    18.2255      8.768     12.717    10.1544 0.0000e+00
      8.965     -0.017     1.1530     10.272    406.749 286.018445    13.9779      6.815   157.2937 1.2372e-01    21.6820      8.760     12.706    10.1544 0.0000e+00
      9.033      0.053     1.1563      9.910    380.056 267.254331    13.9012      6.814   156.4695 1.2369e-01    22.3451      8.852     12.839    10.1540 0.0000e+00
      9.118      0.092     1.1605      9.234    374.623 263.429678    13.4262      6.813   155.4595 1.2370e-01    25.6623      8.963     12.999    10.1539 0.0000e+00
      9.163      0.083     1.1693      8.320    387.144 272.225842    12.5538      6.811   154.3743 1.2381e-01    31.5941      9.005     13.061    10.1551 0.0000e+00
      9.163      0.028     1.1652      7.307    397.681 279.628512    12.0680      6.808   153.6728 1.2388e-01    34.7305      8.987     13.035    10.1570 0.0000e+00
      9.151     -0.052     1.1270      6.283    390.635 274.669457    12.0473      6.805   153.6887 1.2386e-01    34.6167      8.972     13.013    10.1579 0.0000e+00
      9.135     -0.127     1.0472      5.300    352.454 247.819421    12.5023      6.804   154.2225 1.2386e-01    31.2097      8.969     13.008    10.1569 0.0000e+00
      9.094     -0.173     0.9379      4.455    262.433 184.515441    13.3583      6.804   154.3630 1.2382e-01    24.9969      8.930     12.951    10.1557 0.0000e+00
      9.025     -0.185     0.8201      3.813    150.183 105.570637    13.8404      6.806   153.7528 1.2380e-01    21.5664      8.853     12.839    10.1547 0.0000e+00
      8.946     -0.171     0.7061      3.357     76.296  53.581756    13.9879      6.806   152.9528 1.2387e-01    21.0212      8.771     12.721    10.1544 0.0000e+00
      8.880     -0.136     0.5895      3.056     51.796  36.304262    14.9989      6.806   152.3484 1.2385e-01    18.5069      8.695     12.612    10.1534 0.0000e+00
      8.845     -0.089     0.4910      2.834     48.049  33.619200    16.8183      6.806   151.9511 1.2375e-01    13.8825      8.657     12.557    10.1539 0.0000e+00
      8.850     -0.040     0.4227      2.664     47.370  33.101480    17.7996      6.807   151.5905 1.2372e-01    11.2917      8.672     12.579    10.1449 0.0000e+00
      8.873     -0.001     0.3702      2.679     47.212  32.961214    17.9328      6.807   151.2578 1.2377e-01    10.9904      8.705     12.626    10.1003 0.0000e+00
      8.892      0.019     0.3423      3.040     47.208  32.937701    18.4047      6.806   150.8541 1.2379e-01    10.7179      8.726     12.657    10.0344 0.0000e+00
      8.897      0.011     0.3202      3.825     47.331  33.007371    19.2180      6.804   150.5808 1.2379e-01    10.2511      8.728     12.658     9.9754 0.0000e+00
      8.895     -0.024     0.2941      5.037     47.307  32.979311    19.6435      6.802   150.7067 1.2377e-01     9.9584      8.722     12.648     9.9313 0.0000e+00
      8.894     -0.081     0.2879      6.589     47.135  32.852039    19.6617      6.801   150.7412 1.2373e-01     9.8438      8.723     12.651     9.9024 0.0000e+00
      8.887     -0.147     0.3275      8.329     46.975  32.736611    19.5632      6.800   150.6545 1.2372e-01     9.8216      8.726     12.656     9.8814 0.0000e+00
      8.852     -0.201     0.4154     10.118     46.779  32.598149    18.4777      6.799   150.6904 1.2371e-01    10.1676      8.696     12.612     9.8642 0.0000e+00
      8.779     -0.219     0.5561     11.793     46.652  32.509392    16.4752      6.799   150.2284 1.2371e-01    10.7482      8.620     12.503     9.8524 0.0000e+00
      8.675     -0.183     0.7400     13.185     46.623  32.487707    15.3764      6.800   149.3704 1.2380e-01    11.0356      8.511     12.344     9.8455 0.0000e+00
      8.568     -0.100     0.9411     14.225     46.591  32.462755    15.2626      6.802   149.0934 1.2383e-01    11.0797      8.385     12.163     9.8411 0.0000e+00
      8.511      0.002     1.1505     14.936     46.594  32.461304    15.1911      6.803   149.2887 1.2378e-01    11.5552      8.307     12.049     9.8405 0.0000e+00
      8.550      0.088     1.3483     15.364     46.612  32.470159    15.0947      6.801   149.7520 1.2379e-01    12.4470      8.350     12.110     9.8406 0.0000e+00
