Data/DataNotYetUploadedToEDI/Raw_CTD/RawDownloads/060722_bvr50_0006.cnv
* Sea-Bird SBE19plus  Data File:
* FileName = C:\R\Reservoirs\Data\DataNotYetUploadedToEDI\Raw_CTD\RawDownloads\060722_bvr01_0006.hex
* Software version 2.8.0.119
* Temperature SN = 7809
* Conductivity SN = 7809
* System UpLoad Time = Jun 08 2022 10:07:08
* <ApplicationData>
* <Seaterm232>
# nquan = 15
# nvalues = 1813                        
# units = specified
# name 0 = depFM: Depth [fresh water, m]
# name 1 = dz/dtM: Descent Rate [m/s]
# name 2 = sbeox0Mg/L: Oxygen, SBE 43 [mg/l]
# name 3 = sbeox0PS: Oxygen, SBE 43 [% saturation]
# name 4 = specc: Specific Conductance [uS/cm]
# name 5 = c0uS/cm: Conductivity [uS/cm]
# name 6 = flECO-AFL: Fluorescence, WET Labs ECO-AFL/FL [mg/m^3]
# name 7 = ph: pH
# name 8 = orp: Oxidation Reduction Potential [mV]
# name 9 = par/sat/log: PAR/Logarithmic, Satlantic
# name 10 = turbWETntu0: Turbidity, WET Labs ECO [NTU]
# name 11 = prdM: Pressure, Strain Gauge [db]
# name 12 = prdE: Pressure, Strain Gauge [psi]
# name 13 = tv290C: Temperature [ITS-90, deg C]
# name 14 = flag:  0.000e+00
# span 0 =     -0.750,      8.916       
# span 1 =     -0.291,      0.155       
# span 2 =     0.0273,    10.1373       
# span 3 =      0.261,    116.850       
# span 4 =      0.932,    235.093       
# span 5 =   0.836911, 172.512820       
# span 6 =    -0.1451,     5.6277       
# span 7 =      6.080,      9.549       
# span 8 =  -192.4726,   200.7344       
# span 9 = 1.2360e-01, 2.3681e+02       
# span 10 =    -0.3526,    11.6885      
# span 11 =     -0.735,      8.748      
# span 12 =     -1.066,     12.687      
# span 13 =     9.3536,    23.8956      
# span 14 = 0.0000e+00, 0.0000e+00      
# interval = seconds: 0.25
# start_time = Jun 07 2022 08:30:51 [Instrument's time stamp, header]
# bad_flag = -9.990e-29
*END*
[from data line 97]
     -0.190      0.012     6.9289     83.159     27.669  26.925486     4.1525      9.544   121.2529 2.2993e+02     7.7839     -0.186     -0.270    23.6714 0.0000e+00
     -0.185      0.012     6.9912     82.927     27.678  26.929373     4.1799      9.546   121.4989 2.2929e+02     7.8188     -0.183     -0.264    23.6760 0.0000e+00
     -0.181      0.011     7.0379     82.661     27.687  26.936174     4.2070      9.542   122.3344 2.2819e+02     7.7781     -0.177     -0.257    23.6720 0.0000e+00
     -0.177      0.008     7.0559     82.454     27.693  26.944324     4.2400      9.536   123.0943 2.2797e+02     7.7356     -0.173     -0.251    23.6639 0.0000e+00
     -0.175      0.004     7.0518     82.312     27.710  26.964536     4.2615      9.533   123.2015 2.2814e+02     7.7501     -0.171     -0.248    23.6516 0.0000e+00
     -0.175      0.000     7.0279     82.244     27.732  26.990415     4.2676      9.532   123.2006 2.2774e+02     7.7817     -0.171     -0.248    23.6382 0.0000e+00
     -0.177     -0.003     7.0023     82.249     27.742  27.003705     4.2635      9.533   123.4281 2.2744e+02     7.7761     -0.173     -0.251    23.6363 0.0000e+00
     -0.180     -0.004     6.9855     82.244     27.736  26.998451     4.2543      9.535   123.5421 2.2757e+02     7.7507     -0.176     -0.256    23.6427 0.0000e+00
     -0.182     -0.003     6.9716     82.124     27.729  26.990280     4.2561      9.538   123.5462 2.2778e+02     7.7479     -0.179     -0.259    23.6503 0.0000e+00
     -0.183     -0.002     6.9638     81.845     27.711  26.968289     4.2762      9.541   123.6503 2.2803e+02     7.7759     -0.180     -0.261    23.6578 0.0000e+00
     -0.182     -0.001     6.9667     81.424     27.668  26.922695     4.2979      9.543   124.0266 2.2830e+02     7.8500     -0.179     -0.259    23.6643 0.0000e+00
     -0.181      0.001     6.9698     80.949     27.629  26.882682     4.3192      9.540   124.5681 2.2853e+02     8.0293     -0.177     -0.257    23.6684 0.0000e+00
     -0.180      0.001     6.9609     80.537     27.611  26.864796     4.3583      9.536   124.7767 2.2873e+02     8.2704     -0.176     -0.256    23.6643 0.0000e+00
     -0.180      0.001     6.9386     80.233     27.581  26.833205     4.3963      9.535   124.7426 2.2857e+02     8.4088     -0.177     -0.257    23.6533 0.0000e+00
     -0.181      0.002     6.9011     80.014     27.507  26.754244     4.4133      9.537   125.0159 2.2816e+02     8.4380     -0.178     -0.258    23.6454 0.0000e+00
     -0.181      0.003     6.8565     79.844     27.432  26.670661     4.4132      9.538   125.4137 2.2814e+02     8.2822     -0.177     -0.257    23.6438 0.0000e+00
     -0.181      0.003     6.8201     79.665     27.420  26.646557     4.4033      9.538   125.5945 2.2839e+02     7.9596     -0.178     -0.258    23.6444 0.0000e+00
     -0.179      0.004     6.7965     79.445     27.436  26.652941     4.3933      9.537   125.9115 2.2839e+02     7.7821     -0.176     -0.255    23.6414 0.0000e+00
     -0.176      0.004     6.7799     79.201     27.408  26.621066     4.3926      9.536   126.3211 2.2832e+02     7.7763     -0.172     -0.249    23.6297 0.0000e+00
     -0.175      0.003     6.7705     78.917     27.367  26.578055     4.3950      9.535   126.5038 2.2867e+02     7.6510     -0.171     -0.248    23.6064 0.0000e+00
     -0.175      0.002     6.7605     78.568     27.369  26.576562     4.3885      9.538   126.3136 2.2915e+02     7.3942     -0.171     -0.249    23.5813 0.0000e+00
     -0.175      0.001     6.7414     78.135     27.402  26.603016     4.3805      9.541   126.0001 2.2937e+02     7.2670     -0.171     -0.248    23.5648 0.0000e+00
     -0.175      0.001     6.7233     77.626     27.383  26.580992     4.3733      9.541   126.0688 2.2941e+02     7.2406     -0.172     -0.249    23.5577 0.0000e+00
     -0.175      0.002     6.7003     77.146     27.303  26.500417     4.3357      9.541   126.1112 2.2929e+02     7.2802     -0.171     -0.249    23.5544 0.0000e+00
     -0.175      0.003     6.6711     76.735     27.255  26.452738     4.2667      9.543   125.9112 2.2881e+02     7.4043     -0.172     -0.250    23.5475 0.0000e+00
     -0.175      0.004     6.6384     76.315     27.254  26.448182     4.2207      9.545   125.8877 2.2806e+02     7.4429     -0.173     -0.251    23.5360 0.0000e+00
     -0.173      0.005     6.5902     75.866     27.255  26.445327     4.2127      9.546   126.2577 2.2741e+02     7.4393     -0.170     -0.246    23.5265 0.0000e+00
     -0.171      0.006     6.5479     75.434     27.231  26.418216     4.2112      9.543   127.0290 2.2710e+02     7.4976     -0.167     -0.242    23.5247 0.0000e+00
     -0.169      0.006     6.5183     75.049     27.190  26.373898     4.2029      9.538   127.8135 2.2722e+02     7.6001     -0.165     -0.240    23.5231 0.0000e+00
     -0.167      0.005     6.4832     74.699     27.174  26.353146     4.2034      9.531   128.2576 2.2742e+02     7.7228     -0.164     -0.238    23.5177 0.0000e+00
     -0.165      0.004     6.4440     74.369     27.185  26.357441     4.2091      9.526   128.3548 2.2747e+02     7.7514     -0.162     -0.235    23.5098 0.0000e+00
     -0.165      0.002     6.4070     74.048     27.196  26.362438     4.2137      9.523   128.3013 2.2752e+02     7.7409     -0.161     -0.234    23.5012 0.0000e+00
     -0.165      0.002     6.3767     73.754     27.188  26.350172     4.2512      9.520   128.2132 2.2772e+02     7.7328     -0.162     -0.235    23.4937 0.0000e+00
     -0.165      0.002     6.3474     73.505     27.178  26.335892     4.3047      9.520   127.8917 2.2807e+02     7.5851     -0.162     -0.235    23.4843 0.0000e+00
     -0.165      0.003     6.3220     73.267     27.163  26.316541     4.3277      9.520   127.6829 2.2841e+02     7.4581     -0.162     -0.235    23.4736 0.0000e+00
     -0.165      0.003     6.2954     73.026     27.091  26.242955     4.3380      9.519   127.7539 2.2878e+02     7.4961     -0.161     -0.234    23.4625 0.0000e+00
     -0.164      0.003     6.2694     72.772     26.989  26.143343     4.3371      9.521   127.5452 2.2994e+02     7.5995     -0.161     -0.233    23.4520 0.0000e+00
     -0.162      0.001     6.2524     72.466     26.967  26.126227     4.3171      9.526   127.3967 2.2624e+02     7.7173     -0.160     -0.232    23.4433 0.0000e+00
     -0.159     -0.003     6.2324     72.126     27.000  26.162781     4.2956      9.526   127.8513 2.1859e+02     7.7594     -0.156     -0.227    23.4362 0.0000e+00
     -0.158     -0.007     6.2129     71.865     26.977  26.141656     4.2689      9.522   128.5675 2.1629e+02     7.7328     -0.153     -0.221    23.4274 0.0000e+00
     -0.162     -0.010     6.1942     71.740     26.895  26.060950     4.1614      9.523   129.0006 2.1609e+02     7.7370     -0.157     -0.228    23.4239 0.0000e+00
     -0.169     -0.012     6.1664     71.638     26.841  26.010915     3.9854      9.530   129.1300 2.1493e+02     7.7760     -0.167     -0.243    23.4343 0.0000e+00
     -0.174     -0.013     6.1320     71.453     26.871  26.043730     3.8974      9.539   129.3580 2.1344e+02     7.7942     -0.172     -0.249    23.4462 0.0000e+00
     -0.177     -0.010     6.1056     71.235     26.906  26.077432     3.8974      9.547   129.7782 2.1196e+02     7.7522     -0.173     -0.252    23.4485 0.0000e+00
     -0.180     -0.003     6.1019     71.088     26.868  26.038129     3.9766      9.548   130.2525 2.1226e+02     7.6791     -0.176     -0.256    23.4397 0.0000e+00
     -0.181      0.003     6.0971     71.038     26.776  25.948793     4.1303      9.542   130.7053 2.1347e+02     7.6271     -0.179     -0.261    23.4456 0.0000e+00
     -0.179      0.007     6.0765     70.985     26.708  25.884590     4.2163      9.535   130.7785 2.1417e+02     7.6017     -0.178     -0.259    23.4606 0.0000e+00
     -0.173      0.008     6.0549     70.817     26.719  25.895657     4.2258      9.532   130.2780 2.1585e+02     7.5088     -0.170     -0.247    23.4549 0.0000e+00
     -0.166      0.007     6.0414     70.542     26.787  25.955849     4.2199      9.534   129.7296 2.2231e+02     7.3920     -0.161     -0.234    23.4478 0.0000e+00
     -0.164      0.003     6.0415     70.272     26.823  25.978564     4.2028      9.538   129.7411 2.3076e+02     7.3506     -0.159     -0.230    23.4497 0.0000e+00
     -0.166     -0.002     6.0407     70.106     26.776  25.916762     4.1857      9.538   130.0727 2.3487e+02     7.3160     -0.163     -0.235    23.4536 0.0000e+00
     -0.170     -0.008     6.0259     70.002     26.720  25.842373     4.1716      9.535   130.1252 2.3506e+02     7.2801     -0.168     -0.243    23.4577 0.0000e+00
     -0.173     -0.014     5.9992     69.850     26.736  25.839658     4.1493      9.533   130.2042 2.3428e+02     7.2590     -0.171     -0.248    23.4469 0.0000e+00
     -0.175     -0.016     5.9751     69.639     26.796  25.883915     4.0738      9.533   130.7697 2.3351e+02     7.2997     -0.172     -0.249    23.4207 0.0000e+00
     -0.178     -0.014     5.9659     69.465     26.792  25.870424     3.9573      9.534   131.7133 2.3304e+02     7.4306     -0.173     -0.252    23.3913 0.0000e+00
     -0.186     -0.011     5.9669     69.378     26.732  25.803287     3.8986      9.533   132.7522 2.3285e+02     7.5097     -0.183     -0.265    23.3520 0.0000e+00
     -0.193     -0.008     5.9586     69.301     26.707  25.769333     3.8959      9.531   133.4363 2.3307e+02     7.5052     -0.191     -0.279    23.3133 0.0000e+00
     -0.194     -0.005     5.9384     69.147     26.726  25.776765     3.9583      9.531   133.4452 2.3372e+02     7.5464     -0.192     -0.279    23.2904 0.0000e+00
     -0.191     -0.002     5.9235     68.925     26.789  25.829757     4.0876      9.536   133.1174 2.3493e+02     7.6661     -0.187     -0.271    23.2747 0.0000e+00
     -0.188      0.002     5.9208     68.730     27.064  26.093145     4.1606      9.540   133.0006 2.3628e+02     7.7569     -0.183     -0.266    23.2588 0.0000e+00
     -0.188      0.004     5.9214     68.870     27.658  26.679665     4.1663      9.542   133.2386 2.3681e+02     7.7901     -0.184     -0.267    23.2383 0.0000e+00
     -0.188      0.003     5.9076     70.232     28.228  27.280381     4.1895      9.541   133.7572 2.3634e+02     7.8629     -0.185     -0.269    23.2155 0.0000e+00
     -0.187      0.003     5.8912     74.289     28.454  27.588609     4.2338      9.539   134.1096 2.3556e+02     7.9542     -0.184     -0.267    23.1999 0.0000e+00
     -0.186      0.003     5.8649     81.300     28.458  27.681049     4.2599      9.539   134.0571 2.3504e+02     7.9717     -0.182     -0.265    23.1958 0.0000e+00
     -0.186      0.006     5.8598     89.460     28.418  27.700969     4.2730      9.539   134.0688 2.3501e+02     7.9714     -0.182     -0.265    23.1975 0.0000e+00
     -0.186      0.010     5.9037     96.985     28.388  27.702775     4.2761      9.539   134.2510 2.3531e+02     7.9856     -0.183     -0.266    23.2800 0.0000e+00
     -0.185      0.013     6.2006    103.077     28.371  27.702928     4.2725      9.541   134.4526 2.3536e+02     8.0061     -0.183     -0.265    23.4783 0.0000e+00
     -0.180      0.016     6.8621    107.482     28.361  27.702838     4.2782      9.543   134.7000 2.3506e+02     8.0487     -0.177     -0.257    23.6555 0.0000e+00
     -0.173      0.020     7.5920    110.219     28.355  27.701696     4.2873      9.546   134.6615 2.3459e+02     8.0561     -0.168     -0.245    23.7493 0.0000e+00
     -0.167      0.024     8.2381    111.370     28.340  27.689123     4.2826      9.549   134.2445 2.3345e+02     8.0281     -0.162     -0.236    23.7970 0.0000e+00
     -0.162      0.029     8.7573    111.136     28.326  27.677598     4.2545      9.547   133.9601 2.2534e+02     8.0516     -0.160     -0.233    23.8218 0.0000e+00
     -0.157      0.032     9.1224    110.013     28.337  27.689124     4.2310      9.539   134.1490 2.0584e+02     8.1683     -0.155     -0.224    23.8361 0.0000e+00
     -0.148      0.034     9.3513    108.623     28.349  27.701705     4.2314      9.530   134.3762 1.8939e+02     8.2778     -0.145     -0.211    23.8423 0.0000e+00
     -0.136      0.035     9.4445    107.396     28.350  27.702953     4.2419      9.525   134.0407 1.8473e+02     8.2832     -0.135     -0.195    23.8468 0.0000e+00
     -0.123      0.038     9.4080    106.477     28.351  27.704209     4.2591      9.520   133.4473 1.8347e+02     8.1649     -0.119     -0.172    23.8496 0.0000e+00
     -0.113      0.046     9.2910    105.819     28.363  27.716894     4.2725      9.515   131.8482 1.8191e+02     8.0089     -0.109     -0.159    23.8515 0.0000e+00
     -0.108      0.056     9.1615    105.371     28.373  27.729562     4.2714      9.510   120.4711 1.7597e+02     7.9686     -0.107     -0.155    23.8531 0.0000e+00
     -0.100      0.069     9.0531    105.082     28.371  27.730611     4.2787      9.504   100.2535 1.6316e+02     7.9852     -0.103     -0.149    23.8538 0.0000e+00
     -0.082      0.086     8.9800    104.900     28.366  27.729573     4.3360      9.497    88.2146 1.4851e+02     8.0723     -0.084     -0.122    23.8546 0.0000e+00
     -0.053      0.106     8.9243    104.800     28.349  27.717008     4.4238      9.488    85.6424 1.3609e+02     8.2711     -0.053     -0.076    23.8553 0.0000e+00
     -0.020      0.124     8.8878    104.751     28.334  27.705474     4.4741      9.479    84.4679 1.2472e+02     8.4078     -0.022     -0.032    23.8593 0.0000e+00
      0.015      0.134     8.8645    104.753     28.342  27.716894     4.5026      9.473    83.5629 1.1298e+02     8.4612      0.014      0.020    23.8664 0.0000e+00
      0.054      0.135     8.8478    104.826     28.351  27.728314     4.6266      9.470    82.7886 1.0108e+02     8.3353      0.051      0.075    23.8717 0.0000e+00
      0.095      0.128     8.8400    104.916     28.339  27.716780     4.8250      9.471    82.2478 8.9654e+01     8.0131      0.094      0.136    23.8786 0.0000e+00
      0.133      0.115     8.8348    104.933     28.327  27.704208     4.9294      9.473    81.8424 8.1343e+01     7.7766      0.136      0.197    23.8863 0.0000e+00
      0.159      0.096     8.8318    104.882     28.326  27.703075     4.9569      9.478    81.5001 7.6012e+01     7.6968      0.159      0.231    23.8921 0.0000e+00
      0.178      0.074     8.8392    104.803     28.326  27.703084     5.0239      9.487    81.2071 7.1425e+01     7.6293      0.175      0.253    23.8954 0.0000e+00
      0.194      0.051     8.8515    104.693     28.327  27.704321     5.1146      9.496    80.9667 6.7293e+01     7.5058      0.191      0.277    23.8956 0.0000e+00
      0.204      0.032     8.8520    104.565     28.342  27.718036     5.1628      9.504    80.8304 6.4388e+01     7.4337      0.203      0.295    23.8955 0.0000e+00
      0.208      0.021     8.8447    104.404     28.367  27.742132     5.1743      9.512    80.9354 6.2808e+01     7.4408      0.206      0.299    23.8953 0.0000e+00
      0.206      0.017     8.8406    104.212     28.367  27.742132     5.1705      9.516    81.2042 6.1693e+01     7.4547      0.203      0.293    23.8947 0.0000e+00
      0.203      0.019     8.8291    104.055     28.342  27.718036     5.1501      9.516    81.4129 6.0073e+01     7.5672      0.197      0.286    23.8942 0.0000e+00
      0.204      0.022     8.8195    103.924     28.327  27.704331     5.1275      9.513    81.4804 5.7543e+01     7.7766      0.196      0.285    23.8942 0.0000e+00
      0.214      0.022     8.8077    103.774     28.326  27.703188     5.1145      9.509    81.4175 5.4366e+01     7.9030      0.206      0.298    23.8941 0.0000e+00
      0.231      0.019     8.7863    103.615     28.327  27.704218     5.1007      9.508    81.4270 5.1379e+01     7.9335      0.228      0.331    23.8932 0.0000e+00
