Data/DataNotYetUploadedToEDI/Raw_CTD/RawDownloads/060722_fcr50_0007.cnv
* Sea-Bird SBE19plus  Data File:
* FileName = C:\R\Reservoirs\Data\DataNotYetUploadedToEDI\Raw_CTD\RawDownloads\060722_bvr01_0007.hex
* Software version 2.8.0.119
* Temperature SN = 7809
* Conductivity SN = 7809
* System UpLoad Time = Jun 08 2022 10:07:48
* <ApplicationData>
* <Seaterm232>
# nquan = 15
# nvalues = 1546                        
# units = specified
# name 0 = depFM: Depth [fresh water, m]
# name 1 = dz/dtM: Descent Rate [m/s]
# name 2 = sbeox0Mg/L: Oxygen, SBE 43 [mg/l]
# name 3 = sbeox0PS: Oxygen, SBE 43 [% saturation]
# name 4 = specc: Specific Conductance [uS/cm]
# name 5 = c0uS/cm: Conductivity [uS/cm]
# name 6 = flECO-AFL: Fluorescence, WET Labs ECO-AFL/FL [mg/m^3]
# name 7 = ph: pH
# name 8 = orp: Oxidation Reduction Potential [mV]
# name 9 = par/sat/log: PAR/Logarithmic, Satlantic
# name 10 = turbWETntu0: Turbidity, WET Labs ECO [NTU]
# name 11 = prdM: Pressure, Strain Gauge [db]
# name 12 = prdE: Pressure, Strain Gauge [psi]
# name 13 = tv290C: Temperature [ITS-90, deg C]
# name 14 = flag:  0.000e+00
# span 0 =     -0.675,      9.624       
# span 1 =     -0.262,      0.199       
# span 2 =     0.2305,    15.3060       
# span 3 =      2.239,    166.898       
# span 4 =      1.233,    455.847       
# span 5 =   1.019916, 320.495345       
# span 6 =    -0.2598,    21.4527       
# span 7 =      5.887,      9.865       
# span 8 = -1240.7455,   170.0728       
# span 9 = 1.2360e-01, 2.3650e+03       
# span 10 =    -1.7089,    90.7255      
# span 11 =     -0.663,      9.439      
# span 12 =     -0.961,     13.690      
# span 13 =     9.7458,    21.7330      
# span 14 = 0.0000e+00, 0.0000e+00      
# interval = seconds: 0.25
# start_time = Jun 07 2022 10:04:16 [Instrument's time stamp, header]
# bad_flag = -9.990e-29
*END*
[from data line 482]
      2.798      0.108     3.8085     36.239     39.793  31.561346     2.4654      8.642   116.3832 1.5592e+00     2.7733      2.736      3.969    14.9237 0.0000e+00
      2.826      0.111     3.7822     35.798     39.910  31.558097     2.1529      8.632   116.7688 1.5448e+00     2.6896      2.761      4.004    14.9028 0.0000e+00
      2.876      0.108     3.7501     35.339     40.047  31.600931     1.9822      8.622   116.8162 1.4900e+00     2.6320      2.818      4.087    14.8683 0.0000e+00
      2.927      0.100     3.7154     34.869     40.114  31.635378     1.9657      8.613   116.7842 1.4505e+00     2.6227      2.884      4.183    14.7761 0.0000e+00
      2.953      0.084     3.6815     34.441     40.135  31.657571     2.0289      8.606   116.7249 1.4602e+00     2.6793      2.906      4.215    14.6604 0.0000e+00
      2.958      0.059     3.6475     34.082     40.151  31.679080     2.1714      8.599   116.5304 1.4768e+00     2.8041      2.899      4.205    14.5177 0.0000e+00
      2.961      0.032     3.6095     33.792     40.165  31.705243     2.2583      8.594   116.3248 1.4935e+00     2.8686      2.904      4.212    14.4248 0.0000e+00
      2.964      0.013     3.5580     33.595     40.146  31.720331     2.2551      8.589   116.3895 1.5088e+00     2.8437      2.906      4.215    14.4199 0.0000e+00
      2.964      0.004     3.5122     33.502     40.116  31.734737     2.2247      8.584   116.7109 1.5003e+00     2.7764      2.906      4.215    14.4380 0.0000e+00
      2.964      0.002     3.4766     33.492     40.095  31.752673     2.1987      8.579   117.1134 1.4877e+00     2.7041      2.907      4.217    14.4452 0.0000e+00
      2.964      0.001     3.4436     33.540     40.053  31.747030     2.1901      8.573   117.3842 1.4862e+00     2.6868      2.907      4.216    14.4562 0.0000e+00
      2.965      0.001     3.4208     33.646     40.009  31.729944     2.1949      8.567   117.4047 1.4944e+00     2.6693      2.908      4.217    14.4980 0.0000e+00
      2.965      0.001     3.4073     33.801     40.004  31.736314     2.2237      8.562   117.3602 1.5278e+00     2.5944      2.907      4.217    14.5527 0.0000e+00
      2.965      0.001     3.4054     33.981     40.019  31.760656     2.2802      8.558   117.4493 1.5714e+00     2.5682      2.908      4.217    14.5960 0.0000e+00
      2.965      0.005     3.4061     34.186     40.008  31.770673     2.3205      8.553   117.9648 1.6037e+00     2.6262      2.908      4.218    14.6326 0.0000e+00
      2.966      0.020     3.4156     34.401     39.932  31.730656     2.3199      8.542   119.2056 1.6258e+00     2.6801      2.908      4.218    14.6554 0.0000e+00
      2.966      0.050     3.4332     34.598     39.772  31.593846     2.2983      8.526   120.7501 1.6343e+00     2.6730      2.908      4.218    14.6622 0.0000e+00
      2.968      0.093     3.4491     34.765     39.606  31.384486     2.2251      8.507   122.0986 1.6157e+00     2.6081      2.908      4.218    14.6753 0.0000e+00
      2.983      0.141     3.4692     34.888     39.504  31.164575     2.1176      8.491   123.0347 1.5602e+00     2.5798      2.915      4.227    14.6979 0.0000e+00
      3.026      0.180     3.4894     34.939     39.561  31.026902     2.0726      8.480   123.3788 1.4837e+00     2.6380      2.955      4.286    14.7363 0.0000e+00
      3.100      0.199     3.5079     34.865     39.839  31.051022     2.0557      8.473   123.5055 1.3962e+00     2.6619      3.037      4.403    14.7541 0.0000e+00
      3.186      0.197     3.5339     34.590     40.123  31.138989     1.8708      8.467   123.7060 1.3012e+00     2.5958      3.129      4.538    14.6426 0.0000e+00
      3.258      0.174     3.5617     34.120     40.259  31.202784     1.5513      8.460   123.8244 1.2454e+00     2.5562      3.209      4.654    14.4588 0.0000e+00
      3.296      0.135     3.5860     33.534     40.304  31.251736     1.3891      8.453   123.8181 1.2459e+00     2.5933      3.245      4.705    14.2285 0.0000e+00
      3.305      0.091     3.6061     32.879     40.301  31.287091     1.3912      8.447   123.7156 1.2490e+00     2.6349      3.240      4.700    13.9337 0.0000e+00
      3.306      0.055     3.5922     32.203     40.271  31.313317     1.5024      8.442   123.6176 1.2320e+00     2.6146      3.240      4.701    13.7524 0.0000e+00
      3.309      0.033     3.5402     31.568     40.207  31.315301     1.7098      8.437   123.6663 1.2226e+00     2.5876      3.245      4.707    13.7280 0.0000e+00
      3.314      0.026     3.4769     31.028     40.152  31.311131     1.8265      8.433   123.7888 1.2136e+00     2.6154      3.247      4.709    13.7585 0.0000e+00
      3.324      0.031     3.4037     30.667     40.147  31.326342     1.8308      8.428   123.8938 1.2004e+00     2.6437      3.260      4.728    13.8084 0.0000e+00
      3.335      0.038     3.3253     30.537     40.112  31.309037     1.8194      8.422   124.0748 1.2028e+00     2.6214      3.274      4.748    13.8720 0.0000e+00
      3.342      0.044     3.2547     30.606     40.089  31.292110     1.8145      8.417   124.3434 1.1980e+00     2.5851      3.277      4.752    13.9454 0.0000e+00
      3.351      0.046     3.1907     30.806     40.119  31.311871     1.8212      8.413   124.5603 1.1683e+00     2.6153      3.281      4.759    13.9988 0.0000e+00
      3.367      0.048     3.1497     31.062     40.083  31.294367     1.8337      8.408   124.6327 1.1398e+00     2.6786      3.301      4.789    14.0116 0.0000e+00
      3.385      0.054     3.1382     31.330     39.953  31.207281     1.7746      8.403   124.7880 1.1253e+00     2.6673      3.324      4.822    14.0262 0.0000e+00
      3.396      0.062     3.1462     31.583     39.836  31.083122     1.6314      8.397   125.0608 1.1043e+00     2.6158      3.333      4.833    14.0340 0.0000e+00
      3.405      0.068     3.1724     31.778     39.836  30.997705     1.5415      8.392   125.1779 1.0781e+00     2.6021      3.335      4.837    14.0091 0.0000e+00
      3.420      0.071     3.1992     31.874     39.951  30.998565     1.5371      8.387   125.1718 1.0570e+00     2.6391      3.349      4.858    14.0235 0.0000e+00
      3.447      0.074     3.2229     31.877     40.061  31.030018     1.5443      8.382   125.0735 1.0366e+00     2.6869      3.380      4.902    14.0790 0.0000e+00
      3.475      0.077     3.2536     31.800     40.051  30.997553     1.5542      8.376   124.9353 1.0260e+00     2.6672      3.412      4.950    14.0434 0.0000e+00
      3.494      0.077     3.2858     31.641     39.985  30.922993     1.5819      8.371   125.3081 1.0114e+00     2.6405      3.429      4.974    13.9005 0.0000e+00
      3.508      0.073     3.3045     31.414     39.996  30.889272     1.5961      8.366   126.1393 9.8129e-01     2.6373      3.437      4.987    13.7740 0.0000e+00
      3.525      0.065     3.3082     31.150     40.084  30.906775     1.5916      8.361   126.4678 9.5842e-01     2.6283      3.456      5.012    13.7087 0.0000e+00
      3.544      0.056     3.3025     30.867     40.183  30.944360     1.5699      8.356   126.3548 9.4706e-01     2.6345      3.478      5.044    13.6952 0.0000e+00
      3.560      0.049     3.2863     30.587     40.229  30.963289     1.5172      8.351   126.2350 9.3649e-01     2.6100      3.491      5.064    13.6781 0.0000e+00
      3.572      0.043     3.2658     30.347     40.205  30.945424     1.4792      8.346   126.0517 9.1464e-01     2.6052      3.504      5.082    13.6153 0.0000e+00
      3.581      0.038     3.2430     30.177     40.159  30.918551     1.4675      8.341   126.4612 8.8955e-01     2.6444      3.514      5.097    13.5440 0.0000e+00
      3.585      0.036     3.2169     30.061     40.114  30.891973     1.4507      8.337   127.4874 8.8486e-01     2.7080      3.516      5.099    13.4900 0.0000e+00
      3.588      0.036     3.1875     29.978     40.013  30.814274     1.4346      8.332   128.0481 8.8293e-01     2.7940      3.517      5.101    13.4717 0.0000e+00
      3.598      0.038     3.1599     29.940     39.935  30.739859     1.4227      8.327   128.1647 8.6534e-01     2.8305      3.527      5.115    13.4793 0.0000e+00
      3.612      0.043     3.1430     29.927     39.985  30.752976     1.4143      8.322   128.1231 8.5050e-01     2.8756      3.543      5.138    13.4903 0.0000e+00
      3.627      0.052     3.1312     29.890     39.969  30.719252     1.4586      8.317   127.8022 8.4694e-01     2.9293      3.559      5.162    13.5054 0.0000e+00
      3.637      0.059     3.1207     29.807     39.839  30.585673     1.5413      8.312   127.6402 8.4538e-01     2.8992      3.567      5.173    13.5093 0.0000e+00
      3.648      0.063     3.1184     29.654     39.862  30.532567     1.5740      8.307   128.0574 8.3247e-01     2.8534      3.571      5.181    13.4912 0.0000e+00
      3.668      0.065     3.1237     29.393     39.935  30.520844     1.5709      8.303   128.8886 8.0944e-01     2.8539      3.595      5.214    13.4466 0.0000e+00
      3.693      0.067     3.1209     29.022     39.934  30.443854     1.6128      8.299   129.5168 7.8449e-01     2.8705      3.626      5.258    13.4235 0.0000e+00
      3.712      0.068     3.1130     28.497     40.129  30.425764     1.6883      8.294   129.7157 7.6411e-01     2.8837      3.643      5.284    13.4178 0.0000e+00
      3.724      0.066     3.1094     27.724     40.502  30.492120     1.7187      8.290   129.7455 7.5883e-01     2.8766      3.650      5.295    13.2857 0.0000e+00
      3.738      0.063     3.0869     26.699     40.851  30.611945     1.7057      8.286   129.7913 7.5863e-01     2.8528      3.665      5.315    13.1911 0.0000e+00
      3.756      0.063     3.0496     25.440     41.192  30.796655     1.6987      8.281   129.8392 7.5490e-01     2.8691      3.685      5.344    13.1824 0.0000e+00
      3.771      0.064     3.0170     23.893     41.534  30.950246     1.6660      8.275   130.0665 7.4080e-01     2.9034      3.699      5.365    12.9427 0.0000e+00
      3.785      0.062     2.9580     22.085     41.798  31.010754     1.6011      8.270   130.5603 7.2127e-01     2.8914      3.710      5.380    12.5865 0.0000e+00
      3.805      0.056     2.8563     20.116     41.936  31.020911     1.5635      8.265   131.0775 7.0652e-01     2.8614      3.729      5.408    12.4169 0.0000e+00
      3.826      0.048     2.7283     18.011     42.003  31.009550     1.5445      8.261   131.5015 6.8999e-01     2.8473      3.757      5.448    12.4110 0.0000e+00
      3.840      0.040     2.5688     15.782     42.081  31.000121     1.5627      8.257   131.6437 6.7688e-01     2.8578      3.771      5.469    12.2886 0.0000e+00
      3.843      0.034     2.3811     13.521     42.192  31.033635     1.6262      8.252   131.2476 6.7116e-01     2.8848      3.767      5.465    12.0503 0.0000e+00
      3.844      0.032     2.1748     11.390     42.488  31.224506     1.6631      8.246   130.6698 6.7080e-01     2.9016      3.769      5.466    11.9698 0.0000e+00
      3.847      0.035     1.9492      9.553     43.155  31.659530     1.6755      8.241   130.5945 6.6171e-01     2.8899      3.772      5.471    11.9284 0.0000e+00
      3.854      0.044     1.7098      8.074     44.115  32.235837     1.7597      8.238   130.8533 6.4818e-01     2.8799      3.776      5.477    11.8143 0.0000e+00
      3.869      0.055     1.4606      6.965     45.233  32.866761     1.9233      8.236   131.2177 6.4301e-01     2.8841      3.792      5.500    11.7611 0.0000e+00
      3.889      0.065     1.2216      6.200     46.131  33.327880     2.0148      8.232   131.9892 6.2921e-01     2.8374      3.814      5.532    11.7539 0.0000e+00
      3.909      0.069     1.0223      5.650     46.421  33.372666     2.0080      8.226   132.6103 6.1016e-01     2.7939      3.834      5.561    11.7153 0.0000e+00
      3.931      0.072     0.8653      5.184     46.289  33.154489     1.9995      8.218   132.5319 5.9652e-01     2.8019      3.854      5.589    11.5643 0.0000e+00
      3.952      0.079     0.7470      4.716     45.978  32.845569     2.0036      8.206   132.5901 5.8478e-01     2.8323      3.878      5.625    11.3267 0.0000e+00
      3.966      0.089     0.6742      4.169     45.685  32.554046     2.0073      8.191   133.5721 5.7828e-01     2.8874      3.893      5.647    11.1133 0.0000e+00
      3.976      0.096     0.6219      3.565     45.620  32.419392     2.0360      8.176   135.1131 5.6315e-01     2.8879      3.894      5.646    10.9255 0.0000e+00
      4.001      0.095     0.5732      2.975     45.725  32.422048     2.3583      8.163   136.1666 5.2823e-01     2.9062      3.913      5.675    10.7905 0.0000e+00
      4.046      0.089     0.5284      2.474     45.824  32.459275     2.9581      8.152   136.4144 4.9900e-01     3.0059      3.969      5.757    10.7186 0.0000e+00
      4.087      0.079     0.4662      2.239     45.869  32.489046     3.3042      8.142   136.3885 4.8738e-01     3.0688      4.020      5.831    10.6338 0.0000e+00
      4.103      0.063     0.3961      2.429     45.904  32.528406     3.3553      8.133   136.3691 4.8408e-01     3.0864      4.030      5.844    10.5219 0.0000e+00
      4.105      0.043     0.3310      3.005     45.901  32.554771     3.3431      8.126   136.3526 4.8048e-01     3.0484      4.023      5.834    10.4321 0.0000e+00
      4.105      0.024     0.2664      3.835     45.841  32.554231     3.1971      8.119   136.4469 4.7380e-01     2.9847      4.026      5.840    10.4026 0.0000e+00
      4.106      0.018     0.2305      4.784     45.731  32.521919     2.9645      8.112   136.8209 4.7542e-01     2.9994      4.026      5.840    10.4095 0.0000e+00
      4.106      0.028     0.2561      5.723     45.548  32.417755     2.8524      8.103   137.3483 4.8345e-01     3.0559      4.025      5.838    10.4224 0.0000e+00
      4.110      0.049     0.3263      6.542     45.347  32.245873     2.9069      8.094   137.7473 4.7308e-01     3.0861      4.031      5.846    10.4525 0.0000e+00
      4.119      0.070     0.4227      7.140     45.264  32.092138     3.6163      8.086   137.8587 4.4010e-01     3.1935      4.034      5.852    10.5030 0.0000e+00
      4.139      0.089     0.5340      7.481     45.341  32.017100     4.9123      8.081   137.6617 4.1047e-01     3.3641      4.051      5.875    10.5606 0.0000e+00
      4.176      0.105     0.6410      7.638     45.447  31.972468     5.6342      8.074   137.2593 3.9878e-01     3.4755      4.094      5.937    10.6076 0.0000e+00
      4.217      0.119     0.7374      7.749     45.513  31.932788     5.8862      8.066   136.7783 4.0339e-01     3.5839      4.142      6.007    10.5833 0.0000e+00
      4.248      0.127     0.8087      7.983     45.567  31.917645     7.7838      8.058   136.4060 3.9932e-01     3.9906      4.168      6.045    10.4600 0.0000e+00
      4.273      0.123     0.8456      8.446     45.607  31.916116    11.2163      8.051   136.3713 3.7142e-01     4.7044      4.186      6.071    10.2988 0.0000e+00
      4.305      0.109     0.8615      9.145     45.622  31.914277    13.0800      8.044   136.6168 3.4367e-01     5.1090      4.218      6.118    10.1574 0.0000e+00
      4.342      0.092     0.8678     10.073     45.603  31.895401    13.2554      8.037   136.9656 3.3128e-01     5.1251      4.261      6.181    10.0647 0.0000e+00
      4.371      0.075     0.8899     11.152     45.588  31.878084    13.3042      8.032   137.3189 3.2492e-01     5.1037      4.292      6.226    10.0127 0.0000e+00
      4.385      0.058     0.9456     12.250     45.623  31.895100    13.3536      8.027   137.6190 3.1542e-01     5.0897      4.303      6.242     9.9809 0.0000e+00
      4.389      0.043     1.0226     13.294     45.648  31.910924    13.3783      8.022   137.5835 3.1040e-01     5.0925      4.304      6.243     9.9712 0.0000e+00
      4.390      0.036     1.1307     14.203     45.598  31.879200    13.3779      8.017   137.2335 3.1105e-01     5.1034      4.304      6.242     9.9715 0.0000e+00
