Data/DataNotYetUploadedToEDI/Raw_CTD/RawDownloads/060722_bvr40_0005.cnv
* Sea-Bird SBE19plus  Data File:
* FileName = C:\R\Reservoirs\Data\DataNotYetUploadedToEDI\Raw_CTD\RawDownloads\060722_bvr01_0005.hex
* Software version 2.8.0.119
* Temperature SN = 7809
* Conductivity SN = 7809
* System UpLoad Time = Jun 08 2022 10:06:21
* <ApplicationData>
* <Seaterm232>
# nquan = 15
# nvalues = 1285                        
# units = specified
# name 0 = depFM: Depth [fresh water, m]
# name 1 = dz/dtM: Descent Rate [m/s]
# name 2 = sbeox0Mg/L: Oxygen, SBE 43 [mg/l]
# name 3 = sbeox0PS: Oxygen, SBE 43 [% saturation]
# name 4 = specc: Specific Conductance [uS/cm]
# name 5 = c0uS/cm: Conductivity [uS/cm]
# name 6 = flECO-AFL: Fluorescence, WET Labs ECO-AFL/FL [mg/m^3]
# name 7 = ph: pH
# name 8 = orp: Oxidation Reduction Potential [mV]
# name 9 = par/sat/log: PAR/Logarithmic, Satlantic
# name 10 = turbWETntu0: Turbidity, WET Labs ECO [NTU]
# name 11 = prdM: Pressure, Strain Gauge [db]
# name 12 = prdE: Pressure, Strain Gauge [psi]
# name 13 = tv290C: Temperature [ITS-90, deg C]
# name 14 = flag:  0.000e+00
# span 0 =     -0.750,      3.519       
# span 1 =     -0.301,      0.195       
# span 2 =     0.0253,     9.0336       
# span 3 =      0.273,    107.165       
# span 4 =      0.805,    133.601       
# span 5 =   0.776342, 111.524834       
# span 6 =    -0.1591,     5.1370       
# span 7 =      7.368,      9.516       
# span 8 =  -205.0058,   382.2147       
# span 9 = 1.2367e-01, 2.3058e+02       
# span 10 =    -0.3678,   114.6726      
# span 11 =     -0.738,      3.451      
# span 12 =     -1.069,      5.005      
# span 13 =    15.4717,    24.1803      
# span 14 = 0.0000e+00, 0.0000e+00      
# interval = seconds: 0.25
# start_time = Jun 07 2022 07:44:50 [Instrument's time stamp, header]
# bad_flag = -9.990e-29
*END*
[from data line 290]
     -0.219      0.007     8.4633    101.194     28.042  27.584479     3.5460      9.512   187.6030 1.6746e+02     7.9187     -0.217     -0.314    24.1787 0.0000e+00
     -0.219      0.010     8.4578    101.241     28.062  27.603560     3.5213      9.514   187.6334 1.6707e+02     7.9922     -0.215     -0.313    24.1787 0.0000e+00
     -0.218      0.016     8.4634    101.196     28.065  27.606735     3.5268      9.515   187.6317 1.6652e+02     8.0639     -0.213     -0.310    24.1790 0.0000e+00
     -0.215      0.024     8.4797    101.141     28.081  27.622869     3.5793      9.515   186.8080 1.6490e+02     8.1706     -0.212     -0.308    24.1783 0.0000e+00
     -0.208      0.034     8.4915    101.170     28.066  27.608478     3.6568      9.516   178.7057 1.5435e+02     8.2574     -0.207     -0.301    24.1771 0.0000e+00
     -0.196      0.046     8.4972    101.241     28.016  27.559500     3.6984      9.516   171.0612 1.3715e+02     8.2591     -0.193     -0.281    24.1768 0.0000e+00
     -0.181      0.059     8.4903    101.250     27.994  27.537766     3.7077      9.514   177.8376 1.2773e+02     8.2600     -0.176     -0.255    24.1775 0.0000e+00
     -0.167      0.071     8.4805    101.209     27.992  27.535841     3.7274      9.511   185.2681 1.2208e+02     8.3360     -0.165     -0.238    24.1790 0.0000e+00
     -0.150      0.081     8.4852    101.230     27.993  27.536224     3.7620      9.509   185.7900 1.1271e+02     8.4265     -0.150     -0.218    24.1802 0.0000e+00
     -0.126      0.086     8.4958    101.334     27.999  27.542399     3.7769      9.508   186.2981 1.0153e+02     8.4321     -0.126     -0.183    24.1803 0.0000e+00
     -0.096      0.088     8.4964    101.403     28.004  27.547121     3.7651      9.508   186.1633 9.1700e+01     8.4375     -0.092     -0.134    24.1802 0.0000e+00
     -0.069      0.085     8.4872    101.372     27.986  27.529929     3.7692      9.508   180.9769 8.5615e+01     8.4915     -0.065     -0.095    24.1799 0.0000e+00
     -0.048      0.079     8.4882    101.303     27.981  27.524681     3.8026      9.508   168.3306 8.1780e+01     8.5054     -0.048     -0.071    24.1793 0.0000e+00
     -0.029      0.072     8.5026    101.235     28.004  27.547059     3.8192      9.504   155.7777 7.7696e+01     8.4680     -0.028     -0.040    24.1788 0.0000e+00
     -0.014      0.063     8.5112    101.162     28.004  27.546964     3.8111      9.499   149.9993 7.3878e+01     8.4158     -0.012     -0.018    24.1786 0.0000e+00
     -0.003      0.053     8.5045    101.111     27.980  27.523529     3.8131      9.495   148.1955 7.1993e+01     8.3525     -0.005     -0.008    24.1788 0.0000e+00
      0.012      0.043     8.4976    101.085     27.974  27.517241     3.8105      9.494   147.0465 7.0634e+01     8.1814      0.009      0.013    24.1789 0.0000e+00
      0.028      0.036     8.4937    101.069     27.992  27.534330     3.7878      9.494   146.0874 6.9799e+01     7.9519      0.032      0.045    24.1788 0.0000e+00
      0.036      0.033     8.4852    101.053     27.998  27.539988     3.7631      9.493   145.4614 6.9801e+01     7.8324      0.041      0.058    24.1784 0.0000e+00
      0.036      0.034     8.4813    101.005     27.981  27.522272     3.7534      9.492   145.1569 6.9464e+01     7.7954      0.035      0.051    24.1777 0.0000e+00
      0.035      0.038     8.4805    100.921     27.969  27.510275     3.7873      9.490   144.7279 6.6969e+01     7.8465      0.031      0.044    24.1770 0.0000e+00
      0.043      0.043     8.4784    100.862     27.981  27.521704     3.8486      9.488   144.1463 6.2574e+01     7.9371      0.038      0.055    24.1760 0.0000e+00
      0.061      0.052     8.4790    100.847     27.992  27.533681     3.8699      9.487   143.8889 5.8191e+01     7.9346      0.059      0.086    24.1754 0.0000e+00
      0.082      0.065     8.4759    100.820     27.987  27.528329     3.8703      9.487   143.9381 5.4301e+01     7.9532      0.083      0.120    24.1745 0.0000e+00
      0.099      0.076     8.4657    100.745     27.979  27.520375     3.9440      9.485   144.0529 5.1541e+01     8.1280      0.099      0.143    24.1738 0.0000e+00
      0.115      0.081     8.4598    100.595     27.959  27.500889     4.0868      9.481   143.9868 4.9513e+01     8.3744      0.110      0.160    24.1737 0.0000e+00
      0.136      0.077     8.4620    100.415     27.941  27.482875     4.1742      9.479   143.6553 4.7193e+01     8.4724      0.129      0.188    24.1740 0.0000e+00
      0.163      0.067     8.4596    100.333     27.952  27.492728     4.1680      9.481   143.4009 4.4887e+01     8.3905      0.160      0.232    24.1744 0.0000e+00
      0.190      0.057     8.4544    100.341     27.953  27.493246     4.1118      9.486   143.4058 4.3500e+01     8.1365      0.191      0.278    24.1759 0.0000e+00
      0.205      0.046     8.4420    100.325     27.949  27.489146     4.0366      9.488   143.5421 4.3737e+01     7.7581      0.208      0.301    24.1770 0.0000e+00
      0.206      0.033     8.4194    100.260     27.966  27.506536     3.9987      9.488   143.4998 4.4767e+01     7.5731      0.203      0.294    24.1748 0.0000e+00
      0.202      0.018     8.4142    100.209     27.973  27.513355     3.9948      9.488   143.3253 4.4490e+01     7.5725      0.194      0.280    24.1721 0.0000e+00
      0.207      0.005     8.4208    100.235     27.968  27.508213     3.9309      9.490   143.4115 4.3499e+01     7.5460      0.200      0.290    24.1713 0.0000e+00
      0.215      0.001     8.4191    100.365     27.968  27.507744     3.8179      9.491   143.6808 4.3544e+01     7.5259      0.215      0.312    24.1718 0.0000e+00
      0.215      0.008     8.4114    100.537     27.968  27.507693     3.7687      9.490   144.0863 4.4611e+01     7.5347      0.217      0.314    24.1718 0.0000e+00
      0.205      0.022     8.4051    100.660     27.968  27.507586     3.7685      9.486   144.6153 4.5634e+01     7.5157      0.199      0.289    24.1710 0.0000e+00
      0.200      0.038     8.4064    100.734     27.967  27.506452     3.7659      9.481   144.8278 4.5090e+01     7.5015      0.190      0.275    24.1710 0.0000e+00
      0.210      0.053     8.4186    100.806     27.955  27.493984     3.8292      9.480   144.7627 4.3137e+01     7.7730      0.200      0.290    24.1712 0.0000e+00
      0.236      0.065     8.4382    100.868     27.945  27.483604     3.9671      9.481   144.6889 4.0636e+01     8.3382      0.226      0.326    24.1711 0.0000e+00
      0.272      0.071     8.4472    100.872     27.970  27.507704     4.0514      9.484   144.6234 3.8442e+01     8.6987      0.271      0.392    24.1709 0.0000e+00
      0.300      0.071     8.4513    100.808     27.995  27.531843     4.0584      9.486   144.6596 3.7534e+01     8.7166      0.302      0.439    24.1700 0.0000e+00
      0.313      0.062     8.4581    100.722     27.985  27.521930     4.0929      9.488   144.7828 3.7170e+01     8.5197      0.308      0.446    24.1684 0.0000e+00
      0.318      0.052     8.4653    100.629     27.977  27.514606     4.1687      9.490   144.9078 3.6778e+01     8.1977      0.310      0.450    24.1677 0.0000e+00
      0.323      0.043     8.4669    100.540     27.969  27.506671     4.2187      9.492   145.0526 3.6254e+01     7.9998      0.315      0.457    24.1680 0.0000e+00
      0.332      0.038     8.4581    100.491     27.951  27.489385     4.2389      9.494   145.1567 3.5365e+01     7.9721      0.324      0.470    24.1684 0.0000e+00
      0.345      0.038     8.4517    100.520     27.957  27.495757     4.2545      9.495   145.2212 3.4387e+01     7.9994      0.337      0.490    24.1685 0.0000e+00
      0.360      0.037     8.4434    100.608     27.982  27.520328     4.2659      9.495   145.3156 3.3583e+01     8.0902      0.354      0.514    24.1686 0.0000e+00
      0.371      0.036     8.4347    100.654     27.995  27.532934     4.2769      9.495   145.3515 3.3023e+01     8.2161      0.366      0.531    24.1686 0.0000e+00
      0.377      0.035     8.4290    100.589     27.983  27.521405     4.2968      9.495   145.3968 3.2591e+01     8.2580      0.370      0.537    24.1693 0.0000e+00
      0.382      0.035     8.4313    100.473     27.969  27.507699     4.3229      9.495   145.5196 3.2127e+01     8.2547      0.374      0.542    24.1699 0.0000e+00
      0.387      0.038     8.4427    100.418     27.955  27.493984     4.3343      9.496   145.6317 3.1584e+01     8.3469      0.379      0.549    24.1698 0.0000e+00
      0.397      0.044     8.4498    100.421     27.944  27.482346     4.3271      9.496   145.8061 3.0832e+01     8.4502      0.386      0.561    24.1695 0.0000e+00
      0.410      0.050     8.4422    100.424     27.956  27.493757     4.3272      9.494   145.9926 2.9906e+01     8.4796      0.401      0.581    24.1695 0.0000e+00
      0.426      0.055     8.4265    100.423     27.967  27.505185     4.3102      9.492   146.0805 2.9016e+01     8.4287      0.419      0.607    24.1698 0.0000e+00
      0.442      0.055     8.4236    100.442     27.956  27.493746     4.2550      9.493   146.1805 2.8086e+01     8.3128      0.434      0.628    24.1694 0.0000e+00
      0.460      0.050     8.4268    100.487     27.944  27.482221     4.2250      9.495   146.2553 2.7176e+01     8.2742      0.452      0.655    24.1687 0.0000e+00
      0.475      0.045     8.4263    100.544     27.954  27.492601     4.2312      9.495   146.2968 2.6567e+01     8.3032      0.468      0.681    24.1685 0.0000e+00
      0.484      0.040     8.4254    100.592     27.954  27.492489     4.2380      9.494   146.3375 2.6220e+01     8.2881      0.475      0.689    24.1681 0.0000e+00
      0.488      0.036     8.4267    100.594     27.943  27.480861     4.2742      9.494   146.3171 2.5937e+01     8.1599      0.479      0.694    24.1671 0.0000e+00
      0.493      0.034     8.4315    100.539     27.941  27.478778     4.3439      9.495   146.4801 2.5647e+01     7.9825      0.483      0.700    24.1670 0.0000e+00
      0.502      0.033     8.4364    100.486     27.929  27.467305     4.3903      9.495   146.7606 2.5165e+01     7.9537      0.490      0.711    24.1679 0.0000e+00
      0.514      0.034     8.4415    100.474     27.930  27.468906     4.4102      9.494   146.7831 2.4651e+01     8.0511      0.505      0.733    24.1684 0.0000e+00
      0.525      0.037     8.4432    100.480     27.960  27.498146     4.3927      9.493   146.8379 2.4438e+01     8.0321      0.518      0.750    24.1683 0.0000e+00
      0.532      0.038     8.4356    100.502     27.966  27.503918     4.3295      9.493   147.0788 2.4364e+01     7.8614      0.523      0.758    24.1677 0.0000e+00
      0.539      0.037     8.4295    100.536     27.937  27.475307     4.2863      9.493   147.2009 2.4139e+01     7.7300      0.528      0.765    24.1677 0.0000e+00
      0.549      0.035     8.4306    100.566     27.930  27.469135     4.2868      9.492   147.2816 2.3753e+01     7.7069      0.538      0.780    24.1681 0.0000e+00
      0.562      0.032     8.4304    100.599     27.954  27.492675     4.3108      9.491   147.2805 2.3403e+01     7.7525      0.552      0.801    24.1678 0.0000e+00
      0.572      0.028     8.4320    100.619     27.969  27.506391     4.3341      9.492   147.2740 2.3145e+01     7.8031      0.563      0.816    24.1680 0.0000e+00
      0.579      0.023     8.4365    100.623     27.971  27.508203     4.3357      9.493   147.5464 2.2954e+01     7.8062      0.568      0.825    24.1687 0.0000e+00
      0.584      0.018     8.4372    100.633     27.977  27.514592     4.3218      9.494   147.7346 2.2860e+01     7.7559      0.574      0.832    24.1686 0.0000e+00
      0.585      0.013     8.4414    100.628     27.983  27.520251     4.2502      9.494   147.7436 2.2853e+01     7.6730      0.576      0.834    24.1682 0.0000e+00
      0.585      0.011     8.4439    100.608     27.975  27.513233     4.1275      9.493   147.9127 2.2792e+01     7.5901      0.571      0.829    24.1682 0.0000e+00
      0.586      0.011     8.4416    100.594     27.955  27.493127     4.0607      9.493   148.0577 2.2626e+01     7.5394      0.574      0.832    24.1678 0.0000e+00
      0.590      0.013     8.4453    100.617     27.929  27.467306     4.0511      9.493   148.1202 2.2422e+01     7.5369      0.579      0.839    24.1676 0.0000e+00
      0.595      0.017     8.4436    100.689     27.916  27.454567     4.0949      9.492   148.3245 2.2250e+01     7.6627      0.583      0.845    24.1680 0.0000e+00
      0.600      0.023     8.4416    100.775     27.927  27.465878     4.1899      9.492   148.5499 2.2226e+01     7.8997      0.590      0.854    24.1682 0.0000e+00
      0.604      0.031     8.4395    100.832     27.940  27.477298     4.2426      9.491   148.7803 2.2186e+01     8.0107      0.591      0.858    24.1683 0.0000e+00
      0.609      0.042     8.4402    100.863     27.929  27.465868     4.2416      9.489   148.9594 2.1901e+01     7.9800      0.594      0.862    24.1684 0.0000e+00
      0.620      0.053     8.4481    100.867     27.918  27.454439     4.2358      9.485   148.9939 2.1491e+01     7.9729      0.607      0.880    24.1679 0.0000e+00
      0.635      0.064     8.4572    100.823     27.930  27.465883     4.2720      9.483   149.1117 2.0942e+01     8.1646      0.620      0.899    24.1673 0.0000e+00
      0.656      0.076     8.4616    100.756     27.942  27.477468     4.3470      9.480   149.3508 2.0127e+01     8.4869      0.642      0.931    24.1666 0.0000e+00
      0.681      0.088     8.4633    100.651     27.931  27.467753     4.3932      9.476   149.6478 1.9380e+01     8.6245      0.671      0.973    24.1654 0.0000e+00
      0.702      0.098     8.4668    100.473     27.938  27.475182     4.4066      9.472   149.9495 1.8750e+01     8.6332      0.688      0.998    24.1636 0.0000e+00
      0.725      0.104     8.4602    100.263     27.968  27.503897     4.4581      9.470   150.1605 1.7874e+01     8.7277      0.707      1.025    24.1627 0.0000e+00
      0.756      0.107     8.4557    100.099     27.963  27.498030     4.5587      9.469   150.2186 1.6855e+01     8.8799      0.741      1.074    24.1633 0.0000e+00
      0.789      0.109     8.4489    100.014     27.934  27.467619     4.6158      9.469   150.2226 1.6009e+01     8.9364      0.776      1.125    24.1651 0.0000e+00
      0.818      0.111     8.4317    100.004     27.920  27.453122     4.6155      9.469   150.4665 1.5342e+01     8.8980      0.803      1.165    24.1658 0.0000e+00
      0.845      0.111     8.4115    100.036     27.917  27.449518     4.6557      9.465   150.8446 1.4727e+01     8.7920      0.828      1.202    24.1641 0.0000e+00
      0.870      0.107     8.3973    100.079     27.891  27.424037     4.7436      9.459   150.9235 1.4107e+01     8.6104      0.854      1.238    24.1619 0.0000e+00
      0.897      0.098     8.3908    100.119     27.866  27.398567     4.7871      9.455   150.7311 1.3441e+01     8.4794      0.878      1.274    24.1598 0.0000e+00
      0.926      0.089     8.3911    100.111     27.864  27.395099     4.7745      9.455   150.8414 1.2774e+01     8.4378      0.909      1.318    24.1571 0.0000e+00
      0.954      0.084     8.3964    100.061     27.852  27.382109     4.6911      9.455   151.3972 1.2324e+01     8.4819      0.939      1.363    24.1562 0.0000e+00
      0.971      0.081     8.3977    100.032     27.840  27.368270     4.5605      9.455   151.8579 1.2170e+01     8.6033      0.957      1.389    24.1576 0.0000e+00
      0.980      0.081     8.4049    100.009     27.829  27.354545     4.5030      9.455   151.9385 1.1998e+01     8.7095      0.959      1.391    24.1552 0.0000e+00
      0.993      0.082     8.4048     99.986     27.820  27.342916     4.5035      9.456   151.8560 1.1542e+01     8.7070      0.968      1.404    24.1518 0.0000e+00
