Data/DataNotYetUploadedToEDI/Raw_CTD/RawDownloads/060826_ccr50_S8188017.cnv
* Sea-Bird SBE19plus  Data File:
* FileName = C:\R\Reservoirs\Data\DataNotYetUploadedToEDI\Raw_CTD\RawDownloads\062526_ccr50_S8188_0017.hex
* Software version 2.8.0.119
* Temperature SN = 8188
* Conductivity SN = 8188
* System UpLoad Time = Jun 29 2026 18:15:21
* <ApplicationData>
* <Seaterm232>
# nquan = 16
# nvalues = 4205                        
# units = specified
# name 0 = depFM: Depth [fresh water, m]
# name 1 = dz/dtM: Descent Rate [m/s]
# name 2 = sbeox0Mg/L: Oxygen, SBE 43 [mg/l]
# name 3 = sbeox0PS: Oxygen, SBE 43 [% saturation]
# name 4 = specc: Specific Conductance [uS/cm]
# name 5 = c0uS/cm: Conductivity [uS/cm]
# name 6 = wetCDOM: Fluorescence, WET Labs CDOM [mg/m^3]
# name 7 = flECO-AFL: Fluorescence, WET Labs ECO-AFL/FL [mg/m^3]
# name 8 = flECO-AFL1: Fluorescence, WET Labs ECO-AFL/FL, 2 [mg/m^3]
# name 9 = flECO-AFL2: Fluorescence, WET Labs ECO-AFL/FL, 3 [mg/m^3]
# name 10 = par/sat/log: PAR/Logarithmic, Satlantic
# name 11 = turbWETntu0: Turbidity, WET Labs ECO [NTU]
# name 12 = prdM: Pressure, Strain Gauge [db]
# name 13 = prdE: Pressure, Strain Gauge [psi]
# name 14 = tv290C: Temperature [ITS-90, deg C]
# name 15 = flag:  0.000e+00
# span 0 =     -0.483,     17.215       
# span 1 =     -0.259,      0.155       
# span 2 =    -0.1283,    10.6688       
# span 3 =     -1.164,    109.972       
# span 4 =   -637.918,    166.341       
# span 5 =-475.001862, 152.973487       
# span 6 =    -4.5000,    22.6800       
# span 7 =    -0.9102,    20.4601       
# span 8 =    -2.1300,     2.6412       
# span 9 =    -4.2723,    10.4058       
# span 10 = 1.1587e-01, 3.3217e+03      
# span 11 =    -5.7630,   971.0340      
# span 12 =     -0.474,     16.882      
# span 13 =     -0.687,     24.486      
# span 14 =    11.0077,    26.1653      
# span 15 = 0.0000e+00, 0.0000e+00      
# interval = seconds: 0.25
# start_time = Jun 11 2026 11:08:06 [Instrument's time stamp, header]
# bad_flag = -9.990e-29
*END*
[from data line 814]
      0.294     -0.002     6.8052     76.594    148.578 151.469973     7.6500     0.1694     0.0852     0.1269 3.1814e+02    -0.0829      0.288      0.418    25.9629 0.0000e+00
      0.294     -0.002     6.6903     74.566    148.575 151.473474     7.6500     0.1732     0.0852     0.1269 1.7033e+02    -0.0829      0.288      0.418    25.9632 0.0000e+00
      0.293     -0.002     6.5492     72.725    148.572 151.476101     7.6500     0.1732     0.0852     0.1269 1.8487e+02    -0.0678      0.287      0.417    25.9641 0.0000e+00
      0.293     -0.003     6.3866     71.132    148.577 151.486568     7.6500     0.1694     0.0852     0.1269 1.8161e+02    -0.0678      0.287      0.416    25.9654 0.0000e+00
      0.292     -0.003     6.2156     69.859    148.588 151.503660     7.7400     0.0855     0.0426     0.0846 1.9246e+02    -0.0527      0.286      0.415    25.9671 0.0000e+00
      0.291     -0.004     6.0508     68.951    148.595 151.515907     7.7400     0.0931     0.0426     0.0846 1.7287e+02    -0.1131      0.285      0.414    25.9691 0.0000e+00
      0.290     -0.004     5.9012     68.354    148.597 151.522570     7.7400     0.1236     0.0426     0.0846 1.7309e+02    -0.1131      0.284      0.412    25.9712 0.0000e+00
      0.289     -0.005     5.7717     67.973    148.607 151.537446     7.7400     0.1007     0.0426     0.0846 1.7902e+02    -0.0980      0.283      0.410    25.9732 0.0000e+00
      0.287     -0.004     5.6683     67.770    148.621 151.556487     7.6500     0.1541     0.0852     0.1692 1.8051e+02     0.0983      0.281      0.408    25.9749 0.0000e+00
      0.286     -0.004     5.5944     67.780    148.620 151.560731     7.6500     0.1656     0.0852     0.1692 1.7624e+02     0.0983      0.280      0.406    25.9766 0.0000e+00
      0.285     -0.003     5.5458     68.033    148.611 151.555318     7.6500     0.1618     0.0852     0.1692 1.7059e+02     0.2192      0.279      0.405    25.9783 0.0000e+00
      0.284     -0.002     5.5147     68.489    148.603 151.550823     7.6500     0.1694     0.0852     0.1692 1.8248e+02     0.1890      0.278      0.404    25.9799 0.0000e+00
      0.284     -0.002     5.4981     69.077    148.593 151.542043     7.6500     0.1160     0.0852     0.1692 1.6380e+02    -0.0376      0.278      0.403    25.9815 0.0000e+00
      0.284     -0.001     5.4987     69.845    148.576 151.522629     7.7400     0.0931     0.0000     0.0846 1.8463e+02    -0.0980      0.278      0.403    25.9829 0.0000e+00
      0.283     -0.001     5.5191     71.011    148.554 151.495418     7.7400     0.1007     0.0000     0.0846 1.7022e+02    -0.0678      0.278      0.402    25.9843 0.0000e+00
      0.283     -0.001     5.5560     72.780    148.545 151.477194     7.7400     0.1007     0.0000     0.0846 1.8051e+02    -0.0678      0.277      0.402    25.9854 0.0000e+00
      0.283     -0.001     5.6037     75.006    148.557 151.475116     7.7400     0.1846     0.0000     0.0846 1.7817e+02    -0.1283      0.277      0.401    25.9859 0.0000e+00
      0.282     -0.001     5.6660     77.193    148.566 151.468597     7.6500     0.1503     0.0426     0.0846 1.6985e+02    -0.0980      0.277      0.401    25.9855 0.0000e+00
      0.282     -0.001     5.7608     78.924    148.571 151.455897     7.6500     0.1656     0.0426     0.0846 1.8094e+02    -0.2038      0.276      0.401    25.9838 0.0000e+00
      0.282     -0.001     5.9046     80.113    148.593 151.461675     7.6500     0.1618     0.0426     0.0846 1.8074e+02    -0.0829      0.276      0.400    25.9806 0.0000e+00
      0.282     -0.001     6.0858     80.790    148.620 151.475450     7.6500     0.1389     0.0426     0.0846 1.5558e+02     0.0681      0.276      0.400    25.9761 0.0000e+00
      0.281     -0.001     6.2639     80.865    148.633 151.476855     7.6500     0.1465     0.0852     0.0846 1.7193e+02    -0.0980      0.276      0.400    25.9706 0.0000e+00
      0.281     -0.001     6.4050     80.257    148.639 151.474278     7.6500     0.1579     0.0852     0.0846 1.6711e+02    -0.0376      0.275      0.399    25.9647 0.0000e+00
      0.281     -0.001     6.5021     79.151    148.649 151.479051     7.6500     0.1846     0.0852     0.0846 1.6820e+02    -0.0980      0.275      0.399    25.9592 0.0000e+00
      0.280     -0.001     6.5576     77.927    148.673 151.500461     7.6500     0.1579     0.0852     0.0846 1.6624e+02    -0.0980      0.275      0.399    25.9544 0.0000e+00
      0.280     -0.001     6.5641     76.802    148.706 151.532196     7.6500     0.1656     0.0852     0.0846 1.7223e+02    -0.1283      0.275      0.398    25.9505 0.0000e+00
      0.280     -0.001     6.5151     75.680    148.724 151.550666     7.7400     0.1503     0.0426     0.0423 1.6740e+02    -0.1131      0.274      0.398    25.9477 0.0000e+00
      0.280     -0.001     6.4255     74.394    148.717 151.544767     7.7400     0.1732     0.0426     0.0423 1.7366e+02    -0.0678      0.274      0.398    25.9458 0.0000e+00
      0.280     -0.001     6.3263     72.936    148.700 151.528956     7.7400     0.1541     0.0426     0.0423 1.6718e+02    -0.0678      0.274      0.397    25.9447 0.0000e+00
      0.279     -0.001     6.2350     71.415    148.689 151.519048     7.7400     0.1770     0.0426     0.0423 1.5724e+02    -0.1283      0.274      0.397    25.9442 0.0000e+00
      0.279     -0.001     6.1439     69.930    148.672 151.504389     7.7400     0.1579     0.0852     0.0846 1.7174e+02    -0.0678      0.274      0.397    25.9441 0.0000e+00
      0.279     -0.000     6.0395     68.535    148.646 151.481069     7.7400     0.1770     0.0852     0.0846 1.5578e+02    -0.0074      0.274      0.397    25.9444 0.0000e+00
      0.279     -0.000     5.9210     67.327    148.628 151.466912     7.7400     0.0969     0.0852     0.0846 1.6530e+02    -0.0376      0.273      0.397    25.9449 0.0000e+00
      0.279     -0.000     5.7975     66.453    148.622 151.466154     7.7400     0.0778     0.0852     0.0846 1.5353e+02    -0.0527      0.273      0.397    25.9456 0.0000e+00
      0.279      0.000     5.6768     65.983    148.621 151.470581     7.7400     0.1198     0.0426     0.0846 1.7130e+02    -0.1131      0.273      0.397    25.9464 0.0000e+00
      0.279      0.000     5.5635     65.804    148.613 151.469352     7.7400     0.0778     0.0426     0.0846 1.5615e+02    -0.0225      0.273      0.397    25.9475 0.0000e+00
      0.279      0.000     5.4653     65.728    148.599 151.462141     7.7400     0.0931     0.0426     0.0846 1.5755e+02    -0.0829      0.273      0.397    25.9488 0.0000e+00
      0.279      0.000     5.3942     65.632    148.595 151.467059     7.7400     0.1732     0.0426     0.0846 1.6185e+02    -0.1585      0.273      0.397    25.9505 0.0000e+00
      0.279      0.001     5.3559     65.464    148.592 151.473396     7.6500     0.1618     0.0426     0.1269 1.5848e+02    -0.0829      0.273      0.397    25.9524 0.0000e+00
      0.279      0.001     5.3411     65.220    148.568 151.458804     7.6500     0.1656     0.0426     0.1269 1.5346e+02    -0.1131      0.274      0.397    25.9547 0.0000e+00
      0.280      0.001     5.3347     64.931    148.534 151.435419     7.6500     0.1427     0.0426     0.1269 1.5615e+02    -0.1887      0.274      0.397    25.9573 0.0000e+00
      0.280      0.001     5.3267     64.668    148.499 151.409024     7.6500     0.1503     0.0426     0.1269 1.4598e+02    -0.1434      0.274      0.398    25.9601 0.0000e+00
      0.280      0.002     5.3128     64.518    148.449 151.364570     7.6500     0.1465     0.0426     0.1269 1.5632e+02    -0.0376      0.274      0.398    25.9633 0.0000e+00
      0.280      0.002     5.2926     64.520    148.358 151.274174     7.7400     0.1656     0.0426     0.1269 1.6164e+02    -0.1283      0.275      0.399    25.9668 0.0000e+00
      0.281      0.003     5.2688     64.639    148.192 151.105719     7.7400     0.1389     0.0426     0.1269 1.4906e+02    -0.0678      0.275      0.399    25.9703 0.0000e+00
      0.281      0.003     5.2471     64.828    147.934 150.842328     7.7400     0.1732     0.0426     0.1269 1.4722e+02    -0.0074      0.276      0.400    25.9733 0.0000e+00
      0.282      0.004     5.2348     65.072    147.538 150.437806     7.7400     0.1808     0.0426     0.1269 1.4210e+02    -0.0527      0.277      0.401    25.9755 0.0000e+00
      0.283      0.004     5.2349     65.345    146.894 149.780273     7.5600     0.1961     0.0426     0.1692 1.5349e+02    -0.0376      0.278      0.403    25.9765 0.0000e+00
      0.284      0.004     5.2445     65.579    145.818 148.682367     7.5600     0.1770     0.0426     0.1692 1.4588e+02    -0.1585      0.279      0.405    25.9768 0.0000e+00
      0.286      0.005     5.2598     65.717    143.995 146.823264     7.5600     0.1732     0.0426     0.1692 1.5717e+02    -0.0376      0.280      0.407    25.9767 0.0000e+00
      0.287      0.005     5.2796     65.760    140.918 143.687172     7.5600     0.1503     0.0426     0.1692 1.4655e+02    -0.0678      0.281      0.408    25.9766 0.0000e+00
      0.288      0.005     5.3018     65.747    135.767 138.437797     7.6500     0.1656     0.0426     0.1269 1.5289e+02    -0.0376      0.282      0.410    25.9763 0.0000e+00
      0.289      0.005     5.3208     65.717    127.176 129.679315     7.6500     0.1618     0.0426     0.1269 1.3971e+02    -0.0980      0.284      0.411    25.9762 0.0000e+00
      0.290      0.006     5.3320     65.697    112.863 115.084145     7.6500     0.1579     0.0426     0.1269 1.4349e+02    -0.0678      0.285      0.413    25.9765 0.0000e+00
      0.292      0.006     5.3354     65.703     89.012  90.760240     7.6500     0.1274     0.0426     0.1269 1.4674e+02    -0.0980      0.286      0.415    25.9773 0.0000e+00
      0.294      0.005     5.3342     65.744     49.257  50.213213     7.6500     0.1541     0.0426     0.1269 1.4484e+02    -0.1585      0.288      0.418    25.9787 0.0000e+00
      0.295      0.005     5.3316     65.830    -17.008 -17.373484     7.6500     0.1656     0.0000     0.0846 1.4222e+02    -0.0980      0.290      0.420    25.9804 0.0000e+00
      0.296      0.004     5.3299     65.953   -127.454-130.026975     7.6500     0.1732     0.0000     0.0846 1.4655e+02    -0.1283      0.291      0.422    25.9819 0.0000e+00
      0.297      0.004     5.3302     66.078   -311.530-317.784185     7.6500     0.1274     0.0000     0.0846 1.3348e+02     0.0681      0.292      0.423    25.9834 0.0000e+00
      0.298      0.003     5.3334     66.163   -426.576-435.129556     7.6500     0.1656     0.0000     0.0846 1.4093e+02    -0.0678      0.292      0.424    25.9848 0.0000e+00
      0.299      0.002     5.3403     66.171   -311.540-317.787063     7.7400     0.1923     0.0852     0.0000 1.5091e+02    -0.0527      0.293      0.425    25.9862 0.0000e+00
      0.299      0.001     5.3502     66.075   -127.478-130.037505     7.7400     0.1579     0.0852     0.0000 1.3694e+02    -0.1283      0.293      0.425    25.9874 0.0000e+00
      0.299      0.000     5.3604     65.875    -17.030 -17.374439     7.7400     0.1541     0.0852     0.0000 1.4478e+02    -0.0678      0.293      0.425    25.9885 0.0000e+00
      0.299      0.000     5.3673     65.578     49.247  50.233597     7.7400     0.1732     0.0852     0.0000 1.3573e+02    -0.0074      0.293      0.425    25.9897 0.0000e+00
      0.299     -0.001     5.3677     65.197     89.012  90.799388     7.7400     0.1579     0.0426     0.0846 1.4655e+02    -0.0678      0.293      0.425    25.9910 0.0000e+00
      0.299     -0.001     5.3597     64.755    112.865 115.136471     7.7400     0.1503     0.0426     0.0846 1.4007e+02    -0.0678      0.293      0.425    25.9922 0.0000e+00
      0.298     -0.001     5.3432     64.280    127.171 129.734735     7.7400     0.1503     0.0426     0.0846 1.4700e+02    -0.0527      0.292      0.424    25.9935 0.0000e+00
      0.298     -0.002     5.3189     63.800    135.748 138.491057     7.7400     0.1541     0.0426     0.0846 1.3989e+02    -0.0829      0.292      0.424    25.9950 0.0000e+00
      0.297     -0.002     5.2879     63.343    140.891 143.744464     7.7400     0.1808     0.0426     0.0846 1.3718e+02    -0.1434      0.291      0.423    25.9966 0.0000e+00
      0.297     -0.002     5.2519     62.934    143.978 146.899872     7.6500     0.1732     0.0426     0.1692 1.4222e+02    -0.0225      0.291      0.422    25.9985 0.0000e+00
      0.296     -0.002     5.2131     62.584    145.816 148.778689     7.6500     0.1618     0.0426     0.1692 1.5830e+02    -0.0980      0.291      0.422    26.0007 0.0000e+00
      0.296     -0.001     5.1739     62.296    146.902 149.885941     7.6500     0.1656     0.0426     0.1692 1.3261e+02    -0.1283      0.290      0.421    26.0032 0.0000e+00
      0.296     -0.001     5.1367     62.087    147.568 150.556962     7.6500     0.1732     0.0426     0.1692 1.5632e+02    -0.1283      0.290      0.421    26.0057 0.0000e+00
      0.296     -0.001     5.1033     61.973    147.988 150.970692     7.7400     0.1999     0.0426     0.1269 1.3564e+02    -0.0829      0.290      0.421    26.0080 0.0000e+00
      0.296     -0.001     5.0748     61.947    148.243 151.213417     7.7400     0.1961     0.0426     0.1269 1.5426e+02    -0.0376      0.290      0.420    26.0095 0.0000e+00
      0.295     -0.001     5.0515     61.964    148.393 151.349861     7.7400     0.2228     0.0426     0.1269 1.3491e+02    -0.0678      0.290      0.420    26.0092 0.0000e+00
      0.295     -0.001     5.0347     61.973    148.479 151.424422     7.7400     0.2304     0.0426     0.1269 1.6380e+02    -0.0980      0.289      0.420    26.0065 0.0000e+00
      0.295     -0.001     5.0259     61.946    148.535 151.473009     7.6500     0.2113     0.0426     0.0846 1.4961e+02    -0.1585      0.289      0.420    26.0015 0.0000e+00
      0.295     -0.001     5.0243     61.877    148.589 151.520599     7.6500     0.2190     0.0426     0.0846 1.5426e+02    -0.1283      0.289      0.419    25.9955 0.0000e+00
      0.295     -0.001     5.0262     61.764    148.628 151.555842     7.6500     0.2075     0.0426     0.0846 1.5013e+02    -0.1585      0.289      0.419    25.9900 0.0000e+00
      0.294     -0.002     5.0274     61.610    148.651 151.576116     7.6500     0.2419     0.0426     0.0846 1.5349e+02    -0.0678      0.288      0.418    25.9857 0.0000e+00
      0.294     -0.002     5.0254     61.432    148.676 151.598847     7.6500     0.2495     0.0426     0.0000 1.4709e+02    -0.0678      0.288      0.417    25.9826 0.0000e+00
      0.293     -0.001     5.0200     61.259    148.697 151.618077     7.6500     0.2304     0.0426     0.0000 1.4108e+02    -0.1283      0.287      0.417    25.9804 0.0000e+00
      0.293     -0.001     5.0110     61.122    148.682 151.602872     7.6500     0.2304     0.0426     0.0000 1.5273e+02    -0.0678      0.287      0.416    25.9787 0.0000e+00
      0.292     -0.001     4.9986     61.039    148.641 151.561198     7.6500     0.2152     0.0426     0.0000 1.5920e+02    -0.0980      0.287      0.416    25.9775 0.0000e+00
      0.292     -0.001     4.9843     61.020    148.629 151.550057     7.6500     0.2419     0.0426     0.0000 1.4102e+02    -0.1585      0.287      0.416    25.9767 0.0000e+00
      0.292     -0.001     4.9703     61.064    148.652 151.574491     7.7400     0.2304     0.0426     0.1692 1.4216e+02    -0.2038      0.287      0.415    25.9762 0.0000e+00
      0.292     -0.000     4.9591     61.154    148.669 151.592936     7.7400     0.2075     0.0426     0.1692 1.5487e+02    -0.1283      0.287      0.415    25.9760 0.0000e+00
      0.292     -0.000     4.9524     61.256    148.674 151.598290     7.7400     0.2266     0.0426     0.1692 1.4148e+02    -0.0225      0.287      0.415    25.9760 0.0000e+00
