Data/DataNotYetUploadedToEDI/Raw_CTD/RawDownloads/060826_ccr30_S8188020.cnv
* Sea-Bird SBE19plus  Data File:
* FileName = C:\R\Reservoirs\Data\DataNotYetUploadedToEDI\Raw_CTD\RawDownloads\062526_ccr50_S8188_0020.hex
* Software version 2.8.0.119
* Temperature SN = 8188
* Conductivity SN = 8188
* System UpLoad Time = Jun 29 2026 18:17:02
* <ApplicationData>
* <Seaterm232>
# nquan = 16
# nvalues = 2386                        
# units = specified
# name 0 = depFM: Depth [fresh water, m]
# name 1 = dz/dtM: Descent Rate [m/s]
# name 2 = sbeox0Mg/L: Oxygen, SBE 43 [mg/l]
# name 3 = sbeox0PS: Oxygen, SBE 43 [% saturation]
# name 4 = specc: Specific Conductance [uS/cm]
# name 5 = c0uS/cm: Conductivity [uS/cm]
# name 6 = wetCDOM: Fluorescence, WET Labs CDOM [mg/m^3]
# name 7 = flECO-AFL: Fluorescence, WET Labs ECO-AFL/FL [mg/m^3]
# name 8 = flECO-AFL1: Fluorescence, WET Labs ECO-AFL/FL, 2 [mg/m^3]
# name 9 = flECO-AFL2: Fluorescence, WET Labs ECO-AFL/FL, 3 [mg/m^3]
# name 10 = par/sat/log: PAR/Logarithmic, Satlantic
# name 11 = turbWETntu0: Turbidity, WET Labs ECO [NTU]
# name 12 = prdM: Pressure, Strain Gauge [db]
# name 13 = prdE: Pressure, Strain Gauge [psi]
# name 14 = tv290C: Temperature [ITS-90, deg C]
# name 15 = flag:  0.000e+00
# span 0 =     -0.478,      6.632       
# span 1 =     -0.177,      0.221       
# span 2 =     4.5869,     8.4933       
# span 3 =     46.004,     98.332       
# span 4 =   -430.927,    159.711       
# span 5 =-429.970887, 162.258892       
# span 6 =    -4.5000,    22.5900       
# span 7 =    -1.5701,    33.6401       
# span 8 =    -2.9820,     0.9372       
# span 9 =    -5.2029,     3.8070       
# span 10 = 9.6777e+00, 2.9030e+03      
# span 11 =   -10.2042,   971.0038      
# span 12 =     -0.469,      6.504      
# span 13 =     -0.681,      9.433      
# span 14 =    12.9510,    27.5357      
# span 15 = 0.0000e+00, 0.0000e+00      
# interval = seconds: 0.25
# start_time = Jun 11 2026 12:53:53 [Instrument's time stamp, header]
# bad_flag = -9.990e-29
*END*
[from data line 1628]
      4.987      0.023     6.1888     62.286    148.127 124.321600    16.2000     2.9580     0.1704     0.4653 6.8738e+01     5.8690      4.891      7.093    17.1134 0.0000e+00
      4.993      0.024     6.1400     62.038    148.061 124.142391    16.2000     2.9732     0.1704     0.4653 6.8410e+01     5.7481      4.897      7.102    17.0764 0.0000e+00
      4.999      0.025     6.0937     61.926    147.979 123.944426    16.2000     2.9542     0.1278     0.5499 6.7951e+01     5.6575      4.903      7.111    17.0388 0.0000e+00
      5.006      0.026     6.0532     61.947    147.884 123.728931    16.2000     2.9732     0.1278     0.5499 6.8025e+01     5.5518      4.909      7.120    17.0003 0.0000e+00
      5.013      0.027     6.0223     62.079    147.843 123.550476    16.2000     2.9999     0.1278     0.5499 6.7759e+01     5.6726      4.916      7.129    16.9603 0.0000e+00
      5.020      0.027     6.0036     62.288    147.862 123.419486    16.2000     2.9656     0.1278     0.5499 6.7290e+01     5.5216      4.923      7.140    16.9185 0.0000e+00
      5.027      0.027     5.9983     62.535    147.879 123.293023    16.3800     3.0305     0.1278     0.4653 6.6490e+01     5.4158      4.930      7.150    16.8749 0.0000e+00
      5.034      0.027     6.0062     62.782    147.875 123.161365    16.3800     3.0343     0.1278     0.4653 6.6202e+01     5.4158      4.937      7.160    16.8289 0.0000e+00
      5.041      0.027     6.0252     62.994    147.869 123.039417    16.3800     3.0228     0.1278     0.4653 6.6274e+01     5.2950      4.944      7.170    16.7803 0.0000e+00
      5.048      0.026     6.0517     63.155    147.863 122.926665    16.3800     3.0419     0.1278     0.4653 6.6030e+01     5.3403      4.950      7.179    16.7308 0.0000e+00
      5.054      0.025     6.0818     63.265    147.852 122.815045    16.6500     2.9999     0.1704     0.4653 6.5800e+01     5.4158      4.956      7.188    16.6833 0.0000e+00
      5.060      0.025     6.1113     63.341    147.857 122.720804    16.6500     3.0648     0.1704     0.4653 6.5302e+01     5.3705      4.962      7.197    16.6399 0.0000e+00
      5.066      0.024     6.1370     63.401    147.893 122.656818    16.6500     3.0305     0.1704     0.4653 6.5302e+01     5.3554      4.969      7.206    16.6004 0.0000e+00
      5.073      0.024     6.1574     63.449    147.912 122.584014    16.6500     3.0381     0.1704     0.4653 6.4863e+01     5.3554      4.975      7.215    16.5639 0.0000e+00
      5.079      0.024     6.1726     63.477    147.871 122.466971    16.6500     3.0533     0.1704     0.5922 6.4554e+01     5.4158      4.980      7.223    16.5292 0.0000e+00
      5.085      0.023     6.1844     63.486    147.792 122.322487    16.6500     3.0266     0.1704     0.5922 6.4414e+01     5.3856      4.986      7.232    16.4959 0.0000e+00
      5.090      0.023     6.1943     63.481    147.717 122.184053    16.6500     3.0305     0.1704     0.5922 6.4135e+01     5.3705      4.992      7.240    16.4642 0.0000e+00
      5.096      0.023     6.2029     63.452    147.681 122.078770    16.6500     3.0076     0.1704     0.5922 6.3954e+01     5.2798      4.998      7.248    16.4342 0.0000e+00
      5.102      0.023     6.2093     63.380    147.694 122.012568    16.6500     3.0305     0.1704     0.5922 6.3511e+01     5.3554      5.003      7.257    16.4060 0.0000e+00
      5.108      0.023     6.2137     63.248    147.717 121.953788    16.6500     2.9351     0.1704     0.5499 6.3318e+01     5.3856      5.009      7.265    16.3793 0.0000e+00
      5.113      0.023     6.2165     63.059    147.718 121.872749    16.6500     2.9046     0.1704     0.5499 6.3112e+01     5.3856      5.015      7.273    16.3534 0.0000e+00
      5.119      0.023     6.2171     62.831    147.703 121.773844    16.6500     2.9084     0.1704     0.5499 6.2934e+01     5.4309      5.020      7.281    16.3279 0.0000e+00
      5.125      0.023     6.2134     62.582    147.695 121.676708    16.6500     2.8931     0.1704     0.5499 6.2701e+01     5.3252      5.026      7.289    16.3021 0.0000e+00
      5.131      0.023     6.2039     62.314    147.701 121.591443    16.9200     2.8473     0.1704     0.4230 6.2443e+01     5.4007      5.032      7.297    16.2756 0.0000e+00
      5.137      0.023     6.1890     62.038    147.707 121.515313    16.9200     2.8397     0.1704     0.4230 6.2132e+01     5.3252      5.037      7.306    16.2478 0.0000e+00
      5.142      0.024     6.1705     61.770    147.705 121.452019    16.9200     2.8512     0.1704     0.4230 6.1862e+01     5.3252      5.043      7.314    16.2185 0.0000e+00
      5.148      0.024     6.1500     61.528    147.694 121.410685    16.9200     2.8359     0.1704     0.4230 6.1674e+01     5.3101      5.049      7.323    16.1880 0.0000e+00
      5.155      0.024     6.1276     61.317    147.679 121.400292    17.1900     2.9122     0.1704     0.5499 6.1314e+01     5.0079      5.055      7.332    16.1576 0.0000e+00
      5.161      0.025     6.1040     61.136    147.661 121.424069    17.1900     2.9046     0.1704     0.5499 6.0968e+01     5.0986      5.061      7.340    16.1299 0.0000e+00
      5.167      0.025     6.0804     60.963    147.628 121.466355    17.1900     2.9198     0.1704     0.5499 6.0612e+01     5.0684      5.067      7.350    16.1091 0.0000e+00
      5.174      0.025     6.0579     60.781    147.562 121.490418    17.1900     2.8740     0.1704     0.5499 6.0441e+01     5.0835      5.074      7.359    16.0983 0.0000e+00
      5.180      0.026     6.0371     60.582    147.455 121.460671    17.1900     3.0266     0.1704     0.5499 5.9826e+01     5.0684      5.080      7.368    16.0991 0.0000e+00
      5.187      0.026     6.0176     60.376    147.335 121.383189    17.1000     3.0343     0.2130     0.4653 5.9541e+01     5.1590      5.087      7.378    16.1122 0.0000e+00
      5.194      0.025     5.9976     60.174    147.258 121.305328    17.1000     3.0381     0.2130     0.4653 5.9064e+01     5.0684      5.093      7.387    16.1356 0.0000e+00
      5.200      0.025     5.9763     59.988    147.243 121.264337    17.1000     3.0152     0.2130     0.4653 5.8885e+01     5.1590      5.100      7.396    16.1621 0.0000e+00
      5.206      0.025     5.9542     59.835    147.246 121.249280    17.1000     3.0305     0.2130     0.4653 5.8693e+01     5.3554      5.106      7.405    16.1819 0.0000e+00
      5.213      0.025     5.9330     59.738    147.217 121.232134    17.1000     3.0037     0.1704     0.5076 5.8515e+01     5.4158      5.112      7.414    16.1891 0.0000e+00
      5.219      0.025     5.9138     59.715    147.160 121.204326    17.1000     3.0228     0.1704     0.5076 5.8464e+01     5.4611      5.118      7.423    16.1841 0.0000e+00
      5.225      0.026     5.8968     59.782    147.093 121.148444    17.1000     3.0381     0.1704     0.5076 5.8274e+01     5.4611      5.124      7.431    16.1743 0.0000e+00
      5.231      0.027     5.8825     59.937    147.020 121.025586    17.1000     3.2059     0.1704     0.5076 5.8046e+01     5.8086      5.130      7.440    16.1686 0.0000e+00
      5.238      0.029     5.8727     60.167    146.982 120.865003    16.9200     3.2097     0.1704     0.5076 5.7933e+01     5.9143      5.137      7.450    16.1707 0.0000e+00
      5.246      0.031     5.8697     60.441    147.022 120.739887    16.9200     3.2250     0.1704     0.5076 5.7482e+01     5.8690      5.144      7.461    16.1773 0.0000e+00
      5.254      0.032     5.8763     60.724    147.122 120.660878    16.9200     3.2097     0.1704     0.5076 5.6136e+01     5.8690      5.152      7.473    16.1771 0.0000e+00
      5.263      0.033     5.8943     60.971    147.266 120.634903    16.9200     3.4005     0.1704     0.5076 5.5905e+01     6.3071      5.161      7.486    16.1556 0.0000e+00
      5.272      0.033     5.9225     61.145    147.425 120.667028    17.0100     3.3890     0.1704     0.6345 5.4989e+01     6.3524      5.170      7.499    16.1118 0.0000e+00
      5.280      0.034     5.9562     61.229    147.519 120.703804    17.0100     3.4005     0.1704     0.6345 5.4941e+01     6.3826      5.178      7.511    16.0581 0.0000e+00
      5.288      0.036     5.9910     61.228    147.479 120.653015    17.0100     3.3929     0.1704     0.6345 5.5193e+01     6.3373      5.186      7.522    16.0034 0.0000e+00
      5.297      0.038     6.0216     61.158    147.325 120.471120    17.0100     3.1563     0.1704     0.6345 5.5493e+01     5.4913      5.194      7.534    15.9545 0.0000e+00
      5.306      0.041     6.0430     61.037    147.182 120.229641    17.0100     3.1449     0.1704     0.6345 5.5735e+01     5.6273      5.203      7.546    15.9213 0.0000e+00
      5.317      0.044     6.0530     60.886    147.113 120.012206    16.9200     3.1373     0.1278     0.5076 5.4124e+01     5.5216      5.214      7.562    15.9075 0.0000e+00
      5.329      0.047     6.0536     60.714    147.080 119.822833    16.9200     3.1640     0.1278     0.5076 5.2937e+01     5.5820      5.226      7.580    15.9013 0.0000e+00
      5.343      0.049     6.0491     60.524    147.048 119.633022    16.9200     3.6179     0.1278     0.5076 5.1608e+01     6.3675      5.239      7.599    15.8822 0.0000e+00
      5.357      0.049     6.0426     60.307    147.022 119.428159    16.9200     3.6446     0.1278     0.5076 5.0763e+01     6.2618      5.253      7.619    15.8400 0.0000e+00
      5.370      0.048     6.0346     60.045    146.992 119.179614    17.3700     3.6790     0.1704     0.5922 5.0631e+01     6.2769      5.266      7.637    15.7851 0.0000e+00
      5.382      0.047     6.0246     59.732    146.928 118.857107    17.3700     3.6408     0.1704     0.5922 5.0499e+01     6.2618      5.277      7.654    15.7299 0.0000e+00
      5.393      0.045     6.0128     59.384    146.823 118.464639    17.3700     3.6942     0.1704     0.5922 5.0236e+01     6.5488      5.288      7.670    15.6743 0.0000e+00
      5.404      0.043     5.9992     59.017    146.718 118.069555    17.3700     3.7019     0.1704     0.5922 4.9607e+01     6.6394      5.299      7.686    15.6117 0.0000e+00
      5.415      0.041     5.9828     58.636    146.682 117.778502    17.1900     3.7247     0.1704     0.6345 4.8699e+01     6.5337      5.310      7.701    15.5354 0.0000e+00
      5.425      0.039     5.9634     58.255    146.692 117.595860    17.1900     3.6980     0.1704     0.6345 4.8089e+01     6.5035      5.320      7.716    15.4432 0.0000e+00
      5.435      0.037     5.9419     57.896    146.692 117.442921    17.1900     3.6446     0.1704     0.6345 4.8069e+01     6.2920      5.330      7.730    15.3387 0.0000e+00
      5.444      0.035     5.9187     57.575    146.709 117.302903    17.1900     3.6484     0.1704     0.6345 4.7954e+01     6.3222      5.339      7.743    15.2328 0.0000e+00
      5.452      0.033     5.8918     57.317    146.765 117.194465    17.4600     3.6523     0.1704     0.4230 4.7642e+01     6.3373      5.347      7.755    15.1436 0.0000e+00
      5.460      0.031     5.8617     57.151    146.835 117.122682    17.4600     3.6713     0.1704     0.4230 4.7240e+01     6.3222      5.355      7.766    15.0789 0.0000e+00
      5.468      0.029     5.8321     57.090    146.902 117.100406    17.4600     3.9002     0.1704     0.4230 4.6831e+01     7.0624      5.362      7.777    15.0269 0.0000e+00
      5.475      0.028     5.8064     57.133    146.956 117.129695    17.4600     3.8888     0.1704     0.4230 4.6578e+01     7.0171      5.369      7.787    14.9746 0.0000e+00
      5.482      0.026     5.7870     57.279    146.985 117.198356    17.4600     3.8583     0.1704     0.4230 4.6365e+01     7.0775      5.376      7.797    14.9223 0.0000e+00
      5.488      0.025     5.7756     57.528    147.011 117.308704    17.2800     3.8926     0.1704     0.5499 4.6124e+01     7.1077      5.382      7.806    14.8789 0.0000e+00
      5.494      0.024     5.7726     57.861    147.089 117.474168    17.2800     3.6294     0.1704     0.5499 4.5934e+01     6.5941      5.388      7.815    14.8532 0.0000e+00
      5.500      0.024     5.7776     58.241    147.206 117.670876    17.2800     3.6370     0.1704     0.5499 4.5656e+01     6.5337      5.394      7.823    14.8485 0.0000e+00
      5.506      0.024     5.7904     58.629    147.270 117.813277    17.2800     3.6523     0.1704     0.5499 4.5487e+01     6.5790      5.400      7.832    14.8639 0.0000e+00
      5.512      0.024     5.8118     58.989    147.207 117.799342    17.3700     3.6446     0.1278     0.4230 4.5192e+01     6.5639      5.405      7.840    14.8941 0.0000e+00
      5.518      0.025     5.8410     59.297    147.035 117.577360    17.3700     3.6370     0.1278     0.4230 4.5182e+01     7.0473      5.411      7.848    14.9294 0.0000e+00
      5.524      0.026     5.8750     59.533    146.881 117.216146    17.3700     3.6484     0.1278     0.4230 4.5192e+01     7.1077      5.417      7.857    14.9643 0.0000e+00
      5.530      0.027     5.9102     59.681    146.826 116.825378    17.3700     3.6446     0.1278     0.4230 4.5064e+01     6.9264      5.423      7.866    14.9952 0.0000e+00
      5.537      0.029     5.9451     59.722    146.851 116.464839    17.6400     3.6446     0.1704     0.4230 4.4665e+01     7.0926      5.430      7.876    15.0076 0.0000e+00
      5.545      0.030     5.9799     59.656    146.936 116.182363    17.6400     3.7057     0.1704     0.4230 4.3981e+01     7.3343      5.438      7.887    14.9789 0.0000e+00
      5.553      0.031     6.0143     59.505    146.989 115.954608    17.6400     3.6980     0.1704     0.4230 4.2886e+01     7.3796      5.446      7.899    14.8982 0.0000e+00
      5.562      0.031     6.0446     59.300    146.915 115.712829    17.6400     3.6790     0.1704     0.4230 4.2700e+01     7.2588      5.454      7.911    14.7801 0.0000e+00
      5.570      0.031     6.0657     59.055    146.776 115.450550    17.6400     3.7019     0.1704     0.4230 4.2672e+01     7.2890      5.462      7.922    14.6509 0.0000e+00
      5.578      0.030     6.0746     58.764    146.716 115.231828    17.7300     3.7019     0.1704     0.4653 4.2607e+01     6.8660      5.470      7.933    14.5319 0.0000e+00
      5.585      0.028     6.0713     58.428    146.791 115.112322    17.7300     3.7095     0.1704     0.4653 4.2010e+01     6.6847      5.477      7.944    14.4402 0.0000e+00
      5.593      0.026     6.0586     58.060    146.896 115.052155    17.7300     3.7133     0.1704     0.4653 4.1098e+01     6.7905      5.484      7.954    14.3775 0.0000e+00
      5.599      0.024     6.0403     57.699    146.914 114.983277    17.7300     3.6942     0.1704     0.4653 4.1214e+01     6.8509      5.491      7.964    14.3254 0.0000e+00
      5.605      0.021     6.0182     57.401    146.838 114.895317    17.7300     3.7095     0.1704     0.4230 4.0982e+01     6.2920      5.497      7.972    14.2672 0.0000e+00
      5.610      0.019     5.9917     57.221    146.736 114.820820    17.7300     3.7057     0.1704     0.4230 4.0991e+01     6.3373      5.501      7.979    14.2063 0.0000e+00
      5.614      0.017     5.9604     57.197    146.658 114.773918    17.7300     3.7286     0.1704     0.4230 4.0964e+01     6.3675      5.505      7.985    14.1578 0.0000e+00
      5.618      0.015     5.9270     57.369    146.607 114.746107    17.7300     3.7019     0.1704     0.4230 4.1017e+01     6.3373      5.509      7.990    14.1297 0.0000e+00
      5.621      0.015     5.8977     57.762    146.573 114.729971    17.8200     3.6217     0.1704     0.4653 4.1107e+01     6.3222      5.512      7.995    14.1199 0.0000e+00
      5.624      0.015     5.8790     58.367    146.529 114.705209    17.8200     3.6484     0.1704     0.4653 4.1241e+01     6.3675      5.515      7.999    14.1215 0.0000e+00
