Data/DataNotYetUploadedToEDI/Raw_CTD/RawDownloads/060826_bvr50_S8188015.cnv
* Sea-Bird SBE19plus  Data File:
* FileName = C:\R\Reservoirs\Data\DataNotYetUploadedToEDI\Raw_CTD\RawDownloads\062526_ccr50_S8188_0015.hex
* Software version 2.8.0.119
* Temperature SN = 8188
* Conductivity SN = 8188
* System UpLoad Time = Jun 29 2026 18:13:42
* <ApplicationData>
* <Seaterm232>
# nquan = 16
# nvalues = 1058                        
# units = specified
# name 0 = depFM: Depth [fresh water, m]
# name 1 = dz/dtM: Descent Rate [m/s]
# name 2 = sbeox0Mg/L: Oxygen, SBE 43 [mg/l]
# name 3 = sbeox0PS: Oxygen, SBE 43 [% saturation]
# name 4 = specc: Specific Conductance [uS/cm]
# name 5 = c0uS/cm: Conductivity [uS/cm]
# name 6 = wetCDOM: Fluorescence, WET Labs CDOM [mg/m^3]
# name 7 = flECO-AFL: Fluorescence, WET Labs ECO-AFL/FL [mg/m^3]
# name 8 = flECO-AFL1: Fluorescence, WET Labs ECO-AFL/FL, 2 [mg/m^3]
# name 9 = flECO-AFL2: Fluorescence, WET Labs ECO-AFL/FL, 3 [mg/m^3]
# name 10 = par/sat/log: PAR/Logarithmic, Satlantic
# name 11 = turbWETntu0: Turbidity, WET Labs ECO [NTU]
# name 12 = prdM: Pressure, Strain Gauge [db]
# name 13 = prdE: Pressure, Strain Gauge [psi]
# name 14 = tv290C: Temperature [ITS-90, deg C]
# name 15 = flag:  0.000e+00
# span 0 =     -0.664,      5.070       
# span 1 =     -0.226,      0.240       
# span 2 =    -0.4892,    10.1584       
# span 3 =     -4.769,    106.718       
# span 4 =   -631.464,     97.102       
# span 5 =-507.911468,  75.917557       
# span 6 =    -4.5000,    29.5200       
# span 7 =    -2.1424,    15.8404       
# span 8 =    -2.1300,     0.8946       
# span 9 =    -3.6801,     5.8797       
# span 10 = 1.1590e-01, 1.6233e+03      
# span 11 =    -3.1495,   971.1096      
# span 12 =     -0.651,      4.972      
# span 13 =     -0.944,      7.211      
# span 14 =    14.0887,    24.1408      
# span 15 = 0.0000e+00, 0.0000e+00      
# interval = seconds: 0.25
# start_time = Jun 08 2026 10:49:36 [Instrument's time stamp, header]
# bad_flag = -9.990e-29
*END*
[from data line 91]
      0.341     -0.007     8.0192     94.075     37.054  35.858629    19.3500     2.1492     0.1704     1.5228 1.3089e+02     4.6454      0.334      0.485    23.4061 0.0000e+00
      0.338     -0.007     8.0189     94.023     37.066  35.865933    19.3500     2.1569     0.1704     1.5228 1.3605e+02     4.5698      0.332      0.481    23.3991 0.0000e+00
      0.336     -0.006     8.0171     93.975     37.075  35.868463    19.4400     2.1798     0.1278     1.6497 1.4340e+02     4.5245      0.330      0.478    23.3931 0.0000e+00
      0.335     -0.005     8.0141     93.935     37.073  35.858926    19.4400     2.1645     0.1278     1.6497 1.5046e+02     4.5245      0.329      0.476    23.3877 0.0000e+00
      0.334     -0.003     8.0105     93.909     37.077  35.854697    19.4400     2.1645     0.1278     1.6497 1.5483e+02     4.5396      0.328      0.475    23.3822 0.0000e+00
      0.334     -0.002     8.0071     93.902     37.090  35.858634    19.4400     2.1416     0.1278     1.6497 1.5612e+02     4.6454      0.328      0.475    23.3758 0.0000e+00
      0.334     -0.001     8.0042     93.912     37.100  35.859832    19.4400     2.1607     0.1278     1.6074 1.5333e+02     4.6152      0.327      0.474    23.3676 0.0000e+00
      0.334      0.000     8.0023     93.935     37.102  35.854628    19.4400     2.1569     0.1278     1.6074 1.4877e+02     4.5396      0.327      0.474    23.3576 0.0000e+00
      0.334      0.001     8.0018     93.967     37.094  35.841633    19.4400     2.2789     0.1278     1.6074 1.4374e+02     4.8720      0.327      0.475    23.3464 0.0000e+00
      0.334      0.002     8.0029     94.002     37.083  35.825349    19.4400     2.2904     0.1278     1.6074 1.4007e+02     4.9928      0.328      0.475    23.3348 0.0000e+00
      0.335      0.003     8.0055     94.039     37.081  35.817372    19.5300     2.2866     0.1278     1.6920 1.3730e+02     4.8418      0.329      0.476    23.3235 0.0000e+00
      0.336      0.003     8.0090     94.076     37.087  35.815574    19.5300     2.2904     0.1278     1.6920 1.3751e+02     4.8720      0.329      0.478    23.3137 0.0000e+00
      0.337      0.003     8.0129     94.113     37.087  35.807522    19.5300     2.3972     0.1278     1.6920 1.3841e+02     5.0684      0.330      0.479    23.3058 0.0000e+00
      0.338      0.003     8.0170     94.145     37.083  35.795054    19.5300     2.4354     0.1278     1.6920 1.4188e+02     5.1288      0.331      0.481    23.2985 0.0000e+00
      0.339      0.003     8.0213     94.169     37.082  35.786796    19.5300     2.3972     0.1278     1.6920 1.4462e+02     5.1590      0.333      0.482    23.2902 0.0000e+00
      0.340      0.003     8.0261     94.184     37.087  35.784529    19.6200     2.4125     0.1278     1.6920 1.4909e+02     5.0835      0.333      0.484    23.2802 0.0000e+00
      0.341      0.003     8.0309     94.191     37.091  35.783664    19.6200     2.3781     0.1278     1.6920 1.5029e+02     5.0230      0.334      0.484    23.2692 0.0000e+00
      0.341      0.002     8.0353     94.195     37.087  35.776004    19.6200     2.4430     0.1278     1.6920 1.5023e+02     5.0986      0.334      0.485    23.2582 0.0000e+00
      0.342      0.002     8.0390     94.193     37.076  35.761497    19.6200     2.4086     0.1278     1.6920 1.4886e+02     5.1137      0.335      0.486    23.2478 0.0000e+00
      0.342      0.002     8.0416     94.184     37.070  35.752211    19.5300     2.4239     0.1704     1.6497 1.4687e+02     5.1439      0.335      0.487    23.2388 0.0000e+00
      0.343      0.002     8.0432     94.174     37.072  35.749653    19.5300     2.4430     0.1704     1.6497 1.4450e+02     4.8720      0.336      0.487    23.2319 0.0000e+00
      0.343      0.002     8.0444     94.169     37.068  35.741190    19.5300     2.3972     0.1704     1.6497 1.4188e+02     4.8569      0.336      0.488    23.2267 0.0000e+00
      0.343      0.002     8.0449     94.170     37.060  35.728549    19.5300     2.4010     0.1704     1.6497 1.4011e+02     4.8267      0.337      0.488    23.2224 0.0000e+00
      0.344      0.002     8.0448     94.173     37.055  35.720309    19.7100     2.3934     0.1278     1.6497 1.3944e+02     4.9022      0.337      0.489    23.2177 0.0000e+00
      0.344      0.002     8.0448     94.178     37.054  35.716266    19.7100     2.3934     0.1278     1.6497 1.4017e+02     5.1288      0.338      0.490    23.2117 0.0000e+00
      0.345      0.003     8.0454     94.191     37.056  35.715342    19.7100     2.4010     0.1278     1.6497 1.4102e+02     5.0533      0.338      0.491    23.2049 0.0000e+00
      0.346      0.003     8.0464     94.211     37.054  35.711314    19.7100     2.4430     0.1278     1.6497 1.4266e+02     5.0986      0.339      0.492    23.1984 0.0000e+00
      0.346      0.003     8.0475     94.232     37.046  35.701116    19.6200     2.4010     0.1278     1.6497 1.4312e+02     5.1288      0.339      0.493    23.1931 0.0000e+00
      0.347      0.004     8.0486     94.250     37.039  35.691989    19.6200     2.5879     0.1278     1.6497 1.4365e+02     5.1288      0.340      0.494    23.1890 0.0000e+00
      0.348      0.004     8.0502     94.265     37.037  35.687475    19.6200     2.5879     0.1278     1.6497 1.4262e+02     5.0533      0.342      0.496    23.1856 0.0000e+00
      0.350      0.003     8.0524     94.278     37.037  35.686369    19.6200     2.6070     0.1278     1.6497 1.4117e+02     5.0684      0.343      0.497    23.1824 0.0000e+00
      0.351      0.003     8.0547     94.289     37.041  35.688378    19.6200     2.5918     0.1278     1.6497 1.3829e+02     5.1892      0.344      0.499    23.1791 0.0000e+00
      0.351      0.003     8.0567     94.299     37.042  35.688061    19.5300     2.5574     0.1278     1.6074 1.3552e+02     5.1137      0.344      0.500    23.1760 0.0000e+00
      0.352      0.003     8.0585     94.309     37.035  35.679356    19.5300     2.5231     0.1278     1.6074 1.3354e+02     5.0684      0.345      0.501    23.1733 0.0000e+00
      0.353      0.003     8.0599     94.315     37.027  35.669902    19.5300     2.5383     0.1278     1.6074 1.3229e+02     5.0986      0.346      0.501    23.1709 0.0000e+00
      0.353      0.002     8.0611     94.317     37.025  35.667140    19.5300     2.5422     0.1278     1.6074 1.3189e+02     5.1288      0.346      0.502    23.1688 0.0000e+00
      0.354      0.002     8.0624     94.317     37.022  35.662363    19.6200     2.5231     0.1278     1.6074 1.3296e+02     4.8115      0.347      0.503    23.1666 0.0000e+00
      0.354      0.002     8.0635     94.316     37.011  35.650314    19.6200     2.5269     0.1278     1.6074 1.3345e+02     4.8720      0.347      0.504    23.1644 0.0000e+00
      0.355      0.002     8.0644     94.314     37.001  35.639733    19.6200     2.5307     0.1278     1.6074 1.3464e+02     4.8720      0.348      0.504    23.1622 0.0000e+00
      0.355      0.002     8.0649     94.309     36.999  35.635765    19.6200     2.5498     0.1278     1.6074 1.3520e+02     4.8720      0.348      0.505    23.1602 0.0000e+00
      0.356      0.001     8.0652     94.304     36.998  35.633369    19.5300     2.4430     0.1278     1.6497 1.3532e+02     4.9928      0.349      0.505    23.1584 0.0000e+00
      0.356      0.001     8.0654     94.304     36.994  35.627921    19.5300     2.4430     0.1278     1.6497 1.3435e+02     5.1137      0.349      0.506    23.1566 0.0000e+00
      0.356      0.001     8.0654     94.308     36.989  35.621953    19.5300     2.4773     0.1278     1.6497 1.3301e+02     5.1137      0.349      0.506    23.1547 0.0000e+00
      0.356      0.001     8.0653     94.314     36.986  35.617857    19.5300     2.4659     0.1278     1.6497 1.3146e+02     5.0684      0.349      0.507    23.1526 0.0000e+00
      0.357      0.001     8.0653     94.320     36.984  35.614542    19.3500     2.5155     0.1278     1.5651 1.3004e+02     5.0684      0.350      0.507    23.1506 0.0000e+00
      0.357      0.001     8.0656     94.326     36.982  35.611122    19.3500     2.5345     0.1278     1.5651 1.2853e+02     5.0381      0.350      0.507    23.1485 0.0000e+00
      0.357      0.001     8.0662     94.333     36.978  35.606686    19.3500     2.5498     0.1278     1.5651 1.2766e+02     5.2043      0.350      0.507    23.1466 0.0000e+00
      0.357      0.001     8.0670     94.337     36.976  35.604034    19.3500     2.5269     0.1278     1.5651 1.2791e+02     5.1288      0.350      0.508    23.1447 0.0000e+00
      0.357      0.001     8.0678     94.334     36.980  35.606445    19.3500     2.5422     0.1278     1.5651 1.2844e+02     5.3403      0.350      0.508    23.1431 0.0000e+00
      0.358      0.001     8.0685     94.327     36.981  35.606592    19.7100     2.5383     0.1278     1.7343 1.2894e+02     5.3101      0.351      0.508    23.1416 0.0000e+00
      0.358      0.001     8.0694     94.322     36.976  35.600530    19.7100     2.5422     0.1278     1.7343 1.2965e+02     5.4611      0.351      0.509    23.1402 0.0000e+00
      0.358      0.001     8.0699     94.322     36.971  35.594612    19.7100     2.5307     0.1278     1.7343 1.2976e+02     5.2194      0.351      0.509    23.1389 0.0000e+00
      0.358      0.001     8.0698     94.327     36.964  35.587260    19.7100     2.5383     0.1278     1.7343 1.2970e+02     4.9928      0.351      0.509    23.1375 0.0000e+00
      0.359      0.001     8.0694     94.332     36.954  35.576512    19.8000     2.5498     0.1278     1.6074 1.2900e+02     5.0835      0.352      0.509    23.1361 0.0000e+00
      0.359      0.002     8.0692     94.334     36.946  35.567470    19.8000     2.5536     0.1278     1.6074 1.2802e+02     5.1288      0.352      0.510    23.1347 0.0000e+00
      0.359      0.002     8.0694     94.335     36.940  35.561707    19.8000     2.5193     0.1278     1.6074 1.2689e+02     5.0684      0.352      0.510    23.1333 0.0000e+00
      0.359      0.002     8.0701     94.335     36.936  35.557687    19.8000     2.5345     0.1278     1.6074 1.2590e+02     5.1741      0.352      0.511    23.1319 0.0000e+00
      0.360      0.002     8.0707     94.335     36.937  35.558322    19.8000     2.5651     0.0852     1.7343 1.2484e+02     5.1288      0.353      0.512    23.1306 0.0000e+00
      0.360      0.002     8.0710     94.338     36.942  35.563782    19.8000     2.5383     0.0852     1.7343 1.2430e+02     5.0079      0.353      0.512    23.1296 0.0000e+00
      0.361      0.003     8.0712     94.347     36.940  35.563569    19.8000     2.5460     0.0852     1.7343 1.2473e+02     5.0986      0.354      0.513    23.1288 0.0000e+00
      0.362      0.003     8.0713     94.360     36.929  35.553643    19.8000     2.5460     0.0852     1.7343 1.2462e+02     5.3554      0.355      0.514    23.1284 0.0000e+00
      0.363      0.003     8.0712     94.376     36.912  35.539325    19.8000     2.5193     0.0852     1.7343 1.2514e+02     5.3252      0.355      0.516    23.1287 0.0000e+00
      0.364      0.003     8.0713     94.396     36.898  35.528749    19.9800     2.5193     0.1278     1.8612 1.2527e+02     5.3403      0.356      0.517    23.1297 0.0000e+00
      0.364      0.003     8.0719     94.420     36.894  35.527064    19.9800     2.5574     0.1278     1.8612 1.2522e+02     5.4309      0.357      0.518    23.1311 0.0000e+00
      0.365      0.003     8.0728     94.445     36.895  35.529837    19.9800     2.5498     0.1278     1.8612 1.2492e+02     5.1892      0.358      0.519    23.1328 0.0000e+00
      0.366      0.002     8.0738     94.461     36.898  35.533823    19.9800     2.5498     0.1278     1.8612 1.2413e+02     5.0381      0.358      0.520    23.1352 0.0000e+00
      0.366      0.002     8.0750     94.465     36.900  35.536100    20.0700     2.5231     0.0852     1.8189 1.2378e+02     5.0835      0.359      0.520    23.1384 0.0000e+00
      0.367      0.002     8.0765     94.462     36.896  35.533291    20.0700     2.5193     0.0852     1.8189 1.2287e+02     5.1288      0.359      0.521    23.1417 0.0000e+00
      0.367      0.002     8.0783     94.459     36.891  35.528632    20.0700     2.5307     0.0852     1.8189 1.2271e+02     5.3856      0.359      0.522    23.1441 0.0000e+00
      0.367      0.001     8.0795     94.457     36.890  35.528848    20.0700     2.5498     0.0852     1.8189 1.2223e+02     5.3856      0.360      0.522    23.1453 0.0000e+00
      0.368      0.001     8.0797     94.453     36.895  35.533998    20.0700     2.5383     0.1704     1.8189 1.2266e+02     5.2950      0.360      0.523    23.1461 0.0000e+00
      0.368      0.001     8.0793     94.447     36.899  35.537487    20.0700     2.5574     0.1704     1.8189 1.2274e+02     5.4158      0.361      0.523    23.1470 0.0000e+00
      0.368      0.001     8.0788     94.443     36.898  35.536261    20.0700     2.5803     0.1704     1.8189 1.2309e+02     5.3554      0.361      0.524    23.1482 0.0000e+00
      0.368      0.001     8.0785     94.443     36.895  35.533976    20.0700     2.6070     0.1704     1.8189 1.2343e+02     5.2194      0.361      0.524    23.1492 0.0000e+00
      0.369      0.001     8.0782     94.447     36.894  35.534008    20.0700     2.6032     0.1278     1.7766 1.2327e+02     5.2950      0.361      0.524    23.1496 0.0000e+00
      0.369      0.001     8.0777     94.450     36.892  35.532382    20.0700     2.5727     0.1278     1.7766 1.2333e+02     5.4913      0.361      0.525    23.1495 0.0000e+00
      0.369      0.001     8.0772     94.450     36.888  35.528663    20.0700     2.6070     0.1278     1.7766 1.2287e+02     5.3554      0.362      0.525    23.1496 0.0000e+00
      0.369      0.000     8.0772     94.450     36.888  35.529828    20.0700     2.5879     0.1278     1.7766 1.2231e+02     5.0986      0.362      0.525    23.1501 0.0000e+00
      0.369      0.000     8.0774     94.452     36.892  35.536187    20.0700     2.5765     0.1278     1.7766 1.2125e+02     5.1288      0.362      0.525    23.1509 0.0000e+00
      0.369      0.000     8.0776     94.450     36.892  35.537485    19.9800     2.5879     0.1278     1.7766 1.2086e+02     5.0986      0.362      0.525    23.1514 0.0000e+00
      0.369      0.000     8.0775     94.445     36.883  35.530083    19.9800     2.6223     0.1278     1.7766 1.2002e+02     5.1741      0.362      0.525    23.1521 0.0000e+00
      0.369      0.000     8.0772     94.440     36.875  35.523960    19.9800     2.5879     0.1278     1.7766 1.2005e+02     5.1590      0.362      0.525    23.1539 0.0000e+00
      0.369      0.000     8.0769     94.434     36.876  35.525451    19.9800     2.5994     0.1278     1.7766 1.1976e+02     5.0835      0.362      0.525    23.1566 0.0000e+00
      0.369      0.000     8.0764     94.428     36.876  35.526987    19.9800     2.5879     0.1278     1.7766 1.2000e+02     5.0381      0.362      0.525    23.1592 0.0000e+00
      0.369      0.000     8.0757     94.426     36.869  35.521007    19.9800     2.5879     0.1278     1.7766 1.2015e+02     4.9324      0.362      0.525    23.1608 0.0000e+00
      0.369      0.000     8.0751     94.426     36.861  35.513887    19.9800     2.5498     0.1278     1.7766 1.1989e+02     5.0986      0.362      0.525    23.1619 0.0000e+00
      0.369      0.000     8.0744     94.428     36.856  35.507710    19.9800     2.5345     0.1278     1.7766 1.1961e+02     5.0986      0.362      0.525    23.1634 0.0000e+00
      0.369      0.000     8.0737     94.429     36.849  35.500831    19.9800     2.5383     0.1278     1.8612 1.1919e+02     5.1439      0.362      0.526    23.1652 0.0000e+00
      0.369      0.001     8.0732     94.432     36.848  35.499383    19.9800     2.5498     0.1278     1.8612 1.1862e+02     5.0533      0.362      0.526    23.1667 0.0000e+00
