Data/DataNotYetUploadedToEDI/Raw_CTD/RawDownloads/060826_ccr20_S8188019.cnv
* Sea-Bird SBE19plus  Data File:
* FileName = C:\R\Reservoirs\Data\DataNotYetUploadedToEDI\Raw_CTD\RawDownloads\062526_ccr50_S8188_0019.hex
* Software version 2.8.0.119
* Temperature SN = 8188
* Conductivity SN = 8188
* System UpLoad Time = Jun 29 2026 18:16:27
* <ApplicationData>
* <Seaterm232>
# nquan = 16
# nvalues = 828                         
# units = specified
# name 0 = depFM: Depth [fresh water, m]
# name 1 = dz/dtM: Descent Rate [m/s]
# name 2 = sbeox0Mg/L: Oxygen, SBE 43 [mg/l]
# name 3 = sbeox0PS: Oxygen, SBE 43 [% saturation]
# name 4 = specc: Specific Conductance [uS/cm]
# name 5 = c0uS/cm: Conductivity [uS/cm]
# name 6 = wetCDOM: Fluorescence, WET Labs CDOM [mg/m^3]
# name 7 = flECO-AFL: Fluorescence, WET Labs ECO-AFL/FL [mg/m^3]
# name 8 = flECO-AFL1: Fluorescence, WET Labs ECO-AFL/FL, 2 [mg/m^3]
# name 9 = flECO-AFL2: Fluorescence, WET Labs ECO-AFL/FL, 3 [mg/m^3]
# name 10 = par/sat/log: PAR/Logarithmic, Satlantic
# name 11 = turbWETntu0: Turbidity, WET Labs ECO [NTU]
# name 12 = prdM: Pressure, Strain Gauge [db]
# name 13 = prdE: Pressure, Strain Gauge [psi]
# name 14 = tv290C: Temperature [ITS-90, deg C]
# name 15 = flag:  0.000e+00
# span 0 =     -0.505,      0.358       
# span 1 =     -0.202,      0.172       
# span 2 =     4.1216,     7.2461       
# span 3 =     52.077,     92.230       
# span 4 =   -405.976,    166.108       
# span 5 =-422.937822, 175.168117       
# span 6 =    -4.5000,    23.2200       
# span 7 =    -0.2998,    18.6404       
# span 8 =    -2.1300,     4.9842       
# span 9 =    -2.0304,     4.5261       
# span 10 = 9.4792e+01, 1.9599e+03      
# span 11 =    -1.2159,   816.3442      
# span 12 =     -0.495,      0.351      
# span 13 =     -0.718,      0.510      
# span 14 =    27.0178,    28.4194      
# span 15 = 0.0000e+00, 0.0000e+00      
# interval = seconds: 0.25
# start_time = Jun 11 2026 12:42:01 [Instrument's time stamp, header]
# bad_flag = -9.990e-29
*END*
     -0.505      0.001     6.8336     86.260      3.130   3.275402    -4.5000    -0.2655    -2.1300    -2.0304 1.8873e+02    -1.1102     -0.495     -0.718    27.2875 0.0000e+00
     -0.505      0.001     6.8341     86.264      3.071   3.214808    -4.5000    -0.2579    -2.1300    -2.0304 1.8169e+02    -0.9742     -0.495     -0.718    27.2928 0.0000e+00
     -0.505      0.001     6.8344     86.266      3.040   3.182734    -4.5000    -0.2579    -2.1300    -2.0304 1.8816e+02    -1.1102     -0.495     -0.718    27.3002 0.0000e+00
     -0.504      0.002     6.8344     86.267      3.028   3.170629     0.0000    -0.2655     0.0852     0.2115 1.8714e+02    -1.0497     -0.495     -0.717    27.3092 0.0000e+00
     -0.504      0.002     6.8339     86.264      3.030   3.173274     0.0000    -0.2541     0.0852     0.2115 2.1399e+02    -1.1102     -0.494     -0.717    27.3184 0.0000e+00
     -0.503      0.003     6.8333     86.267      3.047   3.191375     0.0000    -0.2731     0.0852     0.2115 2.1684e+02    -1.0044     -0.494     -0.716    27.3262 0.0000e+00
     -0.503      0.003     6.8327     86.280      3.087   3.233738     0.0000    -0.2693     0.0852     0.2115 2.1722e+02    -1.0497     -0.493     -0.715    27.3324 0.0000e+00
     -0.502      0.004     6.8321     86.299      3.169   3.321603     0.0000    -0.2617     0.0852     0.2115 2.1529e+02    -0.9742     -0.492     -0.714    27.3375 0.0000e+00
     -0.501      0.006     6.8314     86.320      3.323   3.484367     0.0000    -0.2579     0.1278     0.1269 2.1422e+02    -1.0195     -0.491     -0.713    27.3420 0.0000e+00
     -0.500      0.007     6.8312     86.339      3.584   3.761457     0.0000    -0.2426     0.1278     0.1269 2.1399e+02    -1.0649     -0.490     -0.711    27.3458 0.0000e+00
     -0.498      0.009     6.8318     86.354      4.010   4.212842     0.0000    -0.2502     0.1278     0.1269 2.2427e+02    -1.0044     -0.488     -0.708    27.3488 0.0000e+00
     -0.495      0.012     6.8331     86.362      4.688   4.931045     0.0000    -0.2655     0.1278     0.1269 2.1931e+02    -1.0951     -0.486     -0.704    27.3511 0.0000e+00
     -0.492      0.015     6.8345     86.361      5.751   6.059855     0.0000    -0.2541     0.0852     0.3384 2.2910e+02    -1.1404     -0.483     -0.700    27.3527 0.0000e+00
     -0.489      0.019     6.8359     86.349      7.440   7.852554     0.0000    -0.2502     0.0852     0.3384 3.0467e+02    -1.0800     -0.479     -0.695    27.3540 0.0000e+00
     -0.484      0.025     6.8369     86.328     10.187  10.771284     0.0000    -0.2579     0.0852     0.3384 3.7502e+02    -1.0800     -0.474     -0.688    27.3555 0.0000e+00
     -0.477      0.032     6.8372     86.305     14.738  15.606306     0.0000    -0.2579     0.0852     0.3384 3.8176e+02    -1.0497     -0.468     -0.679    27.3581 0.0000e+00
     -0.469      0.041     6.8365     86.282     22.332  23.672817     0.0000    -0.2502     0.1278     0.1269 5.0517e+02    -1.0649     -0.460     -0.667    27.3629 0.0000e+00
     -0.458      0.053     6.8345     86.268     35.015  37.145751     0.0000    -0.2426     0.1278     0.1269 5.3245e+02    -1.0044     -0.450     -0.652    27.3714 0.0000e+00
     -0.445      0.068     6.8311     86.269     56.109  59.554245     0.0000    -0.2922     0.1278     0.1269 5.4167e+02    -1.0800     -0.436     -0.632    27.3859 0.0000e+00
     -0.427      0.086     6.8262     86.294     85.327  90.638684     0.0000     0.7988     0.1278     0.1269 6.3024e+02     6.6243     -0.419     -0.607    27.4101 0.0000e+00
     -0.405      0.106     6.8195     86.355    113.915 121.159955     0.0000     0.8370     0.0426     0.2538 7.4067e+02     6.6847     -0.397     -0.575    27.4503 0.0000e+00
     -0.376      0.126     6.8101     86.474    133.904 142.605668     0.0000     0.8179     0.0426     0.2538 8.6030e+02     6.6394     -0.369     -0.534    27.5169 0.0000e+00
     -0.340      0.145     6.7967     86.673    145.768 155.369880     0.0000     0.8141     0.0426     0.2538 9.7734e+02     6.5790     -0.334     -0.484    27.6259 0.0000e+00
     -0.298      0.161     6.7797     86.962    152.712 162.786200     0.0000     1.2719     0.0426     0.2538 9.3517e+02    11.8511     -0.293     -0.424    27.7802 0.0000e+00
     -0.251      0.170     6.7636     87.331    156.646 166.862405     0.0000     1.2719     0.0426     0.2538 8.3362e+02    11.8209     -0.246     -0.357    27.9502 0.0000e+00
     -0.202      0.172     6.7551     87.762    158.798 168.932157     2.3400     1.2604     0.9798     1.6074 9.1586e+02    11.8209     -0.198     -0.288    28.0958 0.0000e+00
     -0.155      0.169     6.7588     88.229    159.974 169.926410     2.3400     1.2566     0.9798     1.6074 5.9887e+02    11.9116     -0.152     -0.220    28.1936 0.0000e+00
     -0.111      0.160     6.7763     88.697    160.685 170.459211     2.3400     1.7334     0.9798     1.6074 3.1218e+02    15.4616     -0.109     -0.158    28.2351 0.0000e+00
     -0.071      0.148     6.8067     89.143    161.224 170.889195     2.3400     1.7029     0.9798     1.6074 2.5712e+02    15.4465     -0.070     -0.102    28.2211 0.0000e+00
     -0.037      0.136     6.8470     89.557    161.677 171.314974    15.2100     1.6953     0.2130     0.5076 2.5628e+02    15.4616     -0.036     -0.052    28.1655 0.0000e+00
     -0.006      0.125     6.8921     89.931    162.015 171.687663    15.2100     1.6762     0.2130     0.5076 2.5595e+02    15.4163     -0.006     -0.008    28.0934 0.0000e+00
      0.024      0.115     6.9365     90.249    162.240 171.980317    15.2100     2.0348     0.2130     0.5076 2.5779e+02    18.8756      0.023      0.034    28.0289 0.0000e+00
      0.052      0.107     6.9765     90.495    162.379 172.194780    15.2100     2.0653     0.2130     0.5076 1.9183e+02    18.9361      0.051      0.074    27.9873 0.0000e+00
      0.079      0.098     7.0107     90.666    162.461 172.344131    15.3900     2.0653     0.2130     0.3384 1.7559e+02    18.8907      0.078      0.113    27.9720 0.0000e+00
      0.104      0.091     7.0392     90.771    162.544 172.476222    15.3900     2.0653     0.2130     0.3384 1.5612e+02    19.0116      0.102      0.148    27.9772 0.0000e+00
      0.126      0.083     7.0620     90.829    162.696 172.658366    15.3900     2.9236     0.2130     0.3384 1.4472e+02    28.9365      0.123      0.178    27.9942 0.0000e+00
      0.145      0.075     7.0786     90.859    162.906 172.889000    15.3900     2.9580     0.2130     0.3384 1.5170e+02    28.8459      0.142      0.206    28.0154 0.0000e+00
      0.162      0.067     7.0895     90.870    163.059 173.073198    15.3900     2.9236     0.2130     0.3384 1.5724e+02    28.9365      0.159      0.230    28.0346 0.0000e+00
      0.178      0.060     7.0960     90.863    163.085 173.151784    16.5600     2.9046     0.2130     0.5499 1.4646e+02    28.9667      0.175      0.253    28.0482 0.0000e+00
      0.193      0.053     7.0998     90.843    163.033 173.157751    16.5600     4.8959     0.2130     0.5499 1.4011e+02    96.5680      0.189      0.275    28.0548 0.0000e+00
      0.207      0.046     7.1018     90.813    162.985 173.150859    16.5600     4.9226     0.2130     0.5499 1.3084e+02    96.7795      0.202      0.293    28.0572 0.0000e+00
      0.217      0.040     7.1018     90.776    162.985 173.165372    16.5600     4.9455     0.2130     0.5499 1.3247e+02    96.7040      0.213      0.309    28.0641 0.0000e+00
      0.226      0.033     7.0993     90.728    163.018 173.189115    17.8200     4.9378     0.2556     0.5499 1.3143e+02    96.6435      0.222      0.321    28.0798 0.0000e+00
      0.233      0.027     7.0953     90.670    163.055 173.200341    17.8200     4.9455     0.2556     0.5499 1.3013e+02   126.9773      0.229      0.331    28.0987 0.0000e+00
      0.239      0.022     7.0913     90.606    163.087 173.196027    17.8200     4.9378     0.2556     0.5499 1.2869e+02   127.1585      0.234      0.340    28.1121 0.0000e+00
      0.244      0.019     7.0879     90.541    163.121 173.181036    17.8200     4.9226     0.2556     0.5499 1.3092e+02   126.9319      0.239      0.346    28.1164 0.0000e+00
      0.248      0.016     7.0846     90.485    163.165 173.165407    23.2200     4.9264     0.2556     0.6768 1.2755e+02   127.0075      0.243      0.352    28.1127 0.0000e+00
      0.251      0.015     7.0812     90.446    163.223 173.152990    23.2200     5.5024     0.2556     0.6768 1.2934e+02   144.9690      0.246      0.357    28.1043 0.0000e+00
      0.254      0.014     7.0776     90.423    163.296 173.146488    23.2200     5.4948     0.2556     0.6768 1.2465e+02   145.0294      0.249      0.361    28.0924 0.0000e+00
      0.257      0.014     7.0745     90.417    163.394 173.158200    23.2200     5.4872     0.2556     0.6768 1.2522e+02   145.0899      0.252      0.366    28.0769 0.0000e+00
      0.261      0.014     7.0725     90.427    163.520 173.193251    21.6900     5.4795     0.2982     0.5499 1.2242e+02   144.9237      0.255      0.371    28.0577 0.0000e+00
      0.264      0.015     7.0723     90.452    163.659 173.240927    21.6900     5.9526     0.2982     0.5499 1.1801e+02   236.1817      0.259      0.376    28.0351 0.0000e+00
      0.268      0.015     7.0737     90.489    163.790 173.287866    21.6900     5.9831     0.2982     0.5499 1.1847e+02   236.2874      0.263      0.381    28.0096 0.0000e+00
      0.272      0.015     7.0767     90.535    163.903 173.326524    21.6900     5.9831     0.2982     0.5499 1.1051e+02   236.2572      0.267      0.387    27.9815 0.0000e+00
      0.276      0.015     7.0813     90.588    163.997 173.355173    21.6900     5.9869     0.2982     0.5499 1.0428e+02   236.2572      0.271      0.393    27.9513 0.0000e+00
      0.280      0.014     7.0871     90.642    164.071 173.369419    18.7200     4.4000     0.2556     0.6345 9.9607e+01   106.0246      0.275      0.399    27.9210 0.0000e+00
      0.284      0.013     7.0935     90.693    164.124 173.365035    18.7200     4.3885     0.2556     0.6345 9.7890e+01   106.0246      0.279      0.404    27.8930 0.0000e+00
      0.287      0.012     7.1002     90.737    164.159 173.340850    18.7200     4.3694     0.2556     0.6345 9.5641e+01   105.9944      0.282      0.409    27.8683 0.0000e+00
      0.290      0.010     7.1071     90.773    164.173 173.290414    18.7200     4.3809     0.2556     0.6345 9.4792e+01   106.0549      0.285      0.413    27.8466 0.0000e+00
      0.293      0.008     7.1138     90.797    164.168 173.212306    18.6300     4.6174     0.2982     0.5922 9.9802e+01    93.9093      0.287      0.416    27.8271 0.0000e+00
      0.294      0.006     7.1201     90.803    164.152 173.113772    18.6300     4.6632     0.2982     0.5922 1.0442e+02    93.8186      0.289      0.419    27.8087 0.0000e+00
      0.296      0.005     7.1259     90.792    164.135 173.002626    18.6300     4.6861     0.2982     0.5922 1.1225e+02    94.1057      0.290      0.421    27.7900 0.0000e+00
      0.297      0.003     7.1313     90.769    164.135 172.901364    18.6300     4.6632     0.2982     0.5922 1.3733e+02    93.9395      0.291      0.422    27.7701 0.0000e+00
      0.298      0.002     7.1359     90.737    164.192 172.863196    18.6300     4.6670     0.3408     0.7191 1.6649e+02    93.9546      0.292      0.423    27.7480 0.0000e+00
      0.298      0.001     7.1395     90.696    164.345 172.938099    18.6300     9.6491     0.3408     0.7191 1.9246e+02   375.2515      0.292      0.424    27.7230 0.0000e+00
      0.298      0.000     7.1423     90.654    164.576 173.117966    18.6300     9.6491     0.3408     0.7191 2.1080e+02   375.2515      0.292      0.423    27.6946 0.0000e+00
      0.297     -0.001     7.1444     90.622    164.820 173.336448    18.6300     9.6262     0.3408     0.7191 2.1427e+02   375.4327      0.291      0.423    27.6639 0.0000e+00
      0.297     -0.001     7.1456     90.606    165.026 173.529473    18.6300     9.6185     0.3408     0.7191 2.2310e+02   375.2968      0.291      0.422    27.6338 0.0000e+00
      0.297     -0.001     7.1457     90.603    165.185 173.682334    18.2700    10.2251     0.2556     0.5499 2.2920e+02   571.0761      0.291      0.422    27.6078 0.0000e+00
      0.297     -0.001     7.1447     90.612    165.318 173.809722    18.2700    10.2251     0.2556     0.5499 2.3449e+02   571.0912      0.291      0.422    27.5888 0.0000e+00
      0.296     -0.001     7.1438     90.630    165.433 173.921542    18.2700    10.2747     0.2556     0.5499 2.2974e+02   571.1668      0.290      0.421    27.5770 0.0000e+00
      0.296     -0.001     7.1434     90.654    165.531 174.017527    18.2700    10.2403     0.2556     0.5499 2.2860e+02   571.0308      0.290      0.421    27.5701 0.0000e+00
      0.296     -0.001     7.1438     90.678    165.605 174.091186    18.0000    10.8660     0.2982     0.6345 2.2761e+02   578.8408      0.290      0.421    27.5654 0.0000e+00
      0.296     -0.002     7.1449     90.695    165.649 174.134082    18.0000    10.8469     0.2982     0.6345 2.3829e+02   578.8257      0.290      0.420    27.5618 0.0000e+00
      0.295     -0.002     7.1467     90.705    165.661 174.145620    18.0000    10.8660     0.2982     0.6345 2.3551e+02   578.7049      0.289      0.420    27.5590 0.0000e+00
      0.294     -0.003     7.1488     90.713    165.664 174.148934    18.0000    10.8621     0.2982     0.6345 2.2112e+02   578.8560      0.288      0.419    27.5569 0.0000e+00
      0.293     -0.004     7.1509     90.715    165.687 174.176996    17.8200     9.5728     0.2556     0.5499 2.2007e+02   473.8058      0.287      0.417    27.5554 0.0000e+00
      0.292     -0.005     7.1524     90.705    165.711 174.207204    17.8200     9.5575     0.2556     0.5499 2.2036e+02   473.7454      0.286      0.416    27.5544 0.0000e+00
      0.291     -0.005     7.1533     90.687    165.704 174.209510    17.8200     9.5842     0.2556     0.5499 2.2122e+02   473.7152      0.285      0.414    27.5540 0.0000e+00
      0.290     -0.006     7.1539     90.662    165.713 174.234667    17.8200     9.5613     0.2556     0.5499 2.2427e+02   473.6548      0.284      0.412    27.5543 0.0000e+00
      0.288     -0.006     7.1539     90.634    165.775 174.323479    17.6400     5.2964     0.2556     0.5922 2.2974e+02   141.6003      0.282      0.410    27.5553 0.0000e+00
      0.286     -0.005     7.1529     90.613    165.866 174.449491    17.6400     5.2888     0.2556     0.5922 2.2751e+02   141.7060      0.281      0.407    27.5571 0.0000e+00
      0.285     -0.004     7.1511     90.601    165.948 174.570096    17.6400     5.2812     0.2556     0.5922 2.3004e+02   141.5852      0.279      0.405    27.5600 0.0000e+00
      0.283     -0.003     7.1485     90.603    166.001 174.659296    17.6400     5.3193     0.2556     0.5922 2.2890e+02   141.6003      0.278      0.403    27.5648 0.0000e+00
      0.283     -0.002     7.1454     90.621    166.026 174.716812    17.6400     5.1667     0.2556     0.5922 2.3004e+02   133.0047      0.278      0.402    27.5719 0.0000e+00
      0.283     -0.001     7.1426     90.652    166.031 174.749960    17.6400     5.1667     0.2130     0.4653 2.1821e+02   133.1558      0.277      0.402    27.5810 0.0000e+00
      0.283     -0.000     7.1403     90.688    166.029 174.771593    17.6400     5.1667     0.2130     0.4653 2.1840e+02   133.0349      0.278      0.402    27.5912 0.0000e+00
      0.283      0.001     7.1392     90.718    166.041 174.807537    17.6400     5.1743     0.2130     0.4653 2.2199e+02   133.0500      0.278      0.403    27.6013 0.0000e+00
      0.283      0.001     7.1394     90.745    166.073 174.867376    17.6400     5.8381     0.2130     0.4653 2.2603e+02   170.8917      0.278      0.403    27.6107 0.0000e+00
      0.283      0.001     7.1409     90.767    166.102 174.930967    17.4600     5.8534     0.2130     0.5922 2.3530e+02   170.8161      0.278      0.403    27.6190 0.0000e+00
