Data/DataNotYetUploadedToEDI/Raw_CTD/RawDownloads/060826_fcr50_S7809007.cnv
* Sea-Bird SBE19plus  Data File:
* FileName = C:\R\Reservoirs\Data\DataNotYetUploadedToEDI\Raw_CTD\RawDownloads\062926_fcr50_S7809_0007.hex
* Software version 2.8.0.119
* Temperature SN = 7809
* Conductivity SN = 7809
* System UpLoad Time = Jun 30 2026 09:02:02
* <ApplicationData>
* <Seaterm232>
# nquan = 15
# nvalues = 2221                        
# units = specified
# name 0 = depFM: Depth [fresh water, m]
# name 1 = dz/dtM: Descent Rate [m/s]
# name 2 = sbeox0Mg/L: Oxygen, SBE 43 [mg/l]
# name 3 = sbeox0PS: Oxygen, SBE 43 [% saturation]
# name 4 = specc: Specific Conductance [uS/cm]
# name 5 = c0uS/cm: Conductivity [uS/cm]
# name 6 = flECO-AFL: Fluorescence, WET Labs ECO-AFL/FL [mg/m^3]
# name 7 = ph: pH
# name 8 = orp: Oxidation Reduction Potential [mV]
# name 9 = par/sat/log: PAR/Logarithmic, Satlantic
# name 10 = turbWETntu0: Turbidity, WET Labs ECO [NTU]
# name 11 = prdM: Pressure, Strain Gauge [db]
# name 12 = prdE: Pressure, Strain Gauge [psi]
# name 13 = tv290C: Temperature [ITS-90, deg C]
# name 14 = flag:  0.000e+00
# span 0 =     -0.588,      9.552       
# span 1 =     -0.202,      0.163       
# span 2 =    -0.2281,     9.2079       
# span 3 =     -2.237,    105.413       
# span 4 =      1.009,    275.033       
# span 5 =   1.040669, 188.715610       
# span 6 =    -0.0486,     6.0993       
# span 7 =      8.489,     11.888       
# span 8 = -1240.7455,   150.1590       
# span 9 = 1.2350e-01, 2.2270e+03       
# span 10 =     0.1575,   235.7045      
# span 11 =     -0.577,      9.371      
# span 12 =     -0.836,     13.592      
# span 13 =     9.3037,    26.5586      
# span 14 = 0.0000e+00, 0.0000e+00      
# interval = seconds: 0.25
# start_time = Jun 08 2026 12:16:51 [Instrument's time stamp, header]
# bad_flag = -9.990e-29
*END*
[from data line 482]
      0.896      0.029     8.0983     98.453     37.870  37.735081     1.8784     11.675    72.3299 2.6600e+02     7.3838      0.879      1.275    24.8392 0.0000e+00
      0.903      0.029     8.1119     98.470     37.904  37.760754     1.8815     11.676    72.2739 2.5363e+02     7.3843      0.884      1.281    24.8274 0.0000e+00
      0.913      0.028     8.1237     98.330     37.926  37.779618     1.8484     11.677    72.2806 2.2737e+02     7.2880      0.895      1.298    24.8246 0.0000e+00
      0.923      0.027     8.1478     98.100     37.918  37.772788     1.8697     11.677    72.4114 2.1754e+02     7.3118      0.908      1.317    24.8258 0.0000e+00
      0.928      0.026     8.1673     97.863     37.886  37.741641     1.9720     11.678    72.5647 2.2667e+02     7.4671      0.911      1.322    24.8183 0.0000e+00
      0.932      0.024     8.1697     97.650     37.868  37.720298     2.0607     11.680    72.5845 2.3935e+02     7.6291      0.912      1.323    24.8024 0.0000e+00
      0.937      0.023     8.1579     97.520     37.858  37.705083     2.0683     11.680    72.5647 2.4423e+02     7.6308      0.918      1.331    24.7975 0.0000e+00
      0.944      0.023     8.1332     97.561     37.850  37.684580     2.0640     11.680    72.8424 2.3907e+02     7.5566      0.925      1.342    24.8034 0.0000e+00
      0.950      0.026     8.1147     97.759     37.864  37.662754     2.1095     11.681    73.1026 2.2595e+02     7.6195      0.932      1.352    24.8053 0.0000e+00
      0.955      0.028     8.0954     97.960     37.889  37.631498     2.1606     11.683    72.9583 2.1194e+02     7.7419      0.936      1.358    24.8017 0.0000e+00
      0.963      0.027     8.0825     98.026     37.927  37.623849     2.1904     11.686    72.8181 2.0854e+02     7.8068      0.940      1.365    24.7913 0.0000e+00
      0.973      0.026     8.0862     98.020     37.965  37.633656     2.2288     11.688    72.7834 2.0968e+02     7.8243      0.954      1.385    24.7896 0.0000e+00
      0.982      0.024     8.1148     98.111     37.971  37.623125     2.2917     11.690    72.7105 2.0478e+02     7.9186      0.966      1.401    24.7442 0.0000e+00
      0.986      0.023     8.1532     98.348     37.974  37.623406     2.3347     11.691    72.9700 1.9782e+02     8.0590      0.968      1.404    24.6419 0.0000e+00
      0.988      0.022     8.1648     98.709     37.916  37.573591     2.3497     11.692    73.4265 1.9537e+02     8.1219      0.969      1.405    24.5841 0.0000e+00
      0.992      0.022     8.1605     99.114     37.755  37.401553     2.3811     11.694    73.4970 1.9810e+02     7.9957      0.972      1.410    24.5551 0.0000e+00
      0.997      0.024     8.1728     99.424     37.696  37.256571     2.4144     11.698    73.3926 2.0128e+02     7.6601      0.977      1.417    24.5282 0.0000e+00
      1.004      0.027     8.1935     99.589     37.809  37.216483     2.4449     11.703    73.3690 2.0087e+02     7.5143      0.984      1.428    24.5269 0.0000e+00
      1.014      0.030     8.2213     99.568     37.882  37.170434     2.4757     11.707    73.5558 1.9786e+02     7.6338      0.995      1.443    24.5430 0.0000e+00
      1.023      0.031     8.2594     99.306     37.823  37.080348     2.5532     11.709    74.0163 1.9502e+02     7.7384      1.004      1.456    24.5684 0.0000e+00
      1.031      0.031     8.3001     98.898     37.688  36.952105     2.6832     11.712    74.2908 1.9088e+02     7.7874      1.011      1.468    24.4623 0.0000e+00
      1.039      0.032     8.3585     98.650     37.558  36.762035     2.7320     11.718    74.2069 1.8246e+02     7.7832      1.021      1.480    24.1831 0.0000e+00
      1.045      0.033     8.3884     98.942     37.543  36.558810     2.7358     11.727    73.9481 1.7447e+02     7.8240      1.025      1.486    24.0026 0.0000e+00
      1.051      0.035     8.3656     99.878     37.641  36.398212     2.7705     11.738    73.8291 1.7105e+02     7.8715      1.029      1.492    23.9927 0.0000e+00
      1.061      0.037     8.3128    101.023     37.756  36.279257     2.8354     11.749    74.0584 1.6865e+02     7.8450      1.039      1.509    24.0482 0.0000e+00
      1.074      0.038     8.2834    101.915     37.851  36.198875     2.9302     11.758    74.3115 1.6483e+02     7.8103      1.053      1.528    24.0175 0.0000e+00
      1.085      0.039     8.3472    102.693     37.901  36.124030     2.9673     11.767    74.3084 1.6135e+02     7.7249      1.065      1.545    23.7170 0.0000e+00
      1.095      0.041     8.5076    103.702     37.884  36.008650     2.9755     11.775    74.1930 1.5984e+02     7.7359      1.075      1.559    23.3211 0.0000e+00
      1.103      0.043     8.6778    104.778     37.853  35.882341     3.0466     11.784    73.9487 1.5980e+02     7.7721      1.081      1.569    23.0098 0.0000e+00
      1.111      0.043     8.7822    105.413     37.874  35.802260     3.1448     11.792    73.9353 1.5919e+02     7.6160      1.087      1.577    22.7863 0.0000e+00
      1.124      0.042     8.8550    105.351     37.911  35.738201     3.1801     11.798    74.3755 1.5661e+02     7.4191      1.100      1.595    22.6424 0.0000e+00
      1.139      0.041     8.9704    104.690     37.936  35.678713     3.1574     11.804    74.7107 1.5273e+02     7.2363      1.118      1.622    22.5187 0.0000e+00
      1.152      0.040     9.1083    103.660     37.974  35.653920     3.1869     11.810    74.8057 1.5022e+02     7.1139      1.132      1.642    22.3939 0.0000e+00
      1.161      0.036     9.1928    102.425     37.994  35.628696     3.2704     11.816    74.6636 1.5017e+02     7.0669      1.140      1.653    22.2616 0.0000e+00
      1.166      0.031     9.2079    101.023     37.964  35.564025     3.3013     11.822    74.3689 1.4955e+02     6.9405      1.143      1.658    22.1207 0.0000e+00
      1.173      0.028     9.1610     99.388     37.944  35.506415     3.2770     11.830    74.4255 1.4763e+02     6.7472      1.149      1.667    22.0077 0.0000e+00
      1.180      0.029     9.0797     97.546     37.986  35.503130     3.2853     11.835    74.9186 1.4637e+02     6.6087      1.158      1.679    21.9323 0.0000e+00
      1.185      0.034     8.9790     95.758     38.037  35.524243     3.3517     11.835    74.9959 1.4532e+02     6.5975      1.162      1.686    21.8789 0.0000e+00
      1.191      0.039     8.8673     94.278     38.012  35.507858     3.4135     11.831    74.1560 1.4399e+02     6.7146      1.167      1.692    21.8345 0.0000e+00
      1.201      0.040     8.7345     93.242     37.919  35.431923     3.4254     11.828    73.1094 1.4240e+02     6.7266      1.174      1.704    21.7863 0.0000e+00
      1.218      0.039     8.5703     92.717     37.871  35.367533     3.5119     11.828    72.4079 1.3978e+02     6.6742      1.195      1.732    21.7241 0.0000e+00
      1.235      0.036     8.4150     92.651     37.905  35.363774     3.7106     11.829    71.8686 1.3769e+02     6.7648      1.216      1.764    21.6664 0.0000e+00
      1.244      0.030     8.2770     92.878     37.959  35.386421     3.8464     11.831    71.3210 1.3755e+02     6.8648      1.222      1.773    21.6969 0.0000e+00
      1.247      0.021     8.1753     93.216     37.979  35.387532     3.8970     11.832    70.8633 1.3686e+02     6.9275      1.223      1.774    21.7429 0.0000e+00
      1.248      0.012     8.1384     93.497     37.992  35.377183     3.8977     11.834    70.5500 1.3481e+02     6.9078      1.224      1.775    21.6947 0.0000e+00
      1.250      0.005     8.1486     93.695     38.041  35.388152     3.8465     11.837    70.2860 1.3402e+02     6.8318      1.226      1.777    21.6355 0.0000e+00
      1.251      0.002     8.1791     93.914     38.086  35.393211     3.8020     11.839    70.0805 1.3489e+02     6.7599      1.227      1.779    21.5984 0.0000e+00
      1.251      0.002     8.2174     94.058     38.100  35.374854     3.8007     11.842    69.9581 1.3544e+02     6.6873      1.227      1.779    21.5855 0.0000e+00
      1.251      0.001     8.2481     93.878     38.104  35.356505     3.8226     11.844    69.8395 1.3439e+02     6.7055      1.227      1.779    21.5649 0.0000e+00
      1.250      0.001     8.2664     93.326     38.109  35.361662     3.7759     11.846    69.7641 1.3215e+02     6.6380      1.226      1.778    21.5044 0.0000e+00
      1.250      0.001     8.2972     92.575     38.102  35.373759     3.6607     11.847    69.8213 1.3071e+02     6.4527      1.226      1.778    21.4570 0.0000e+00
      1.251      0.001     8.3283     91.825     38.094  35.375909     3.6192     11.848    69.9292 1.3078e+02     6.4461      1.227      1.779    21.4184 0.0000e+00
      1.251      0.001     8.3201     91.167     38.119  35.387671     3.6496     11.850    69.8637 1.3146e+02     6.5240      1.227      1.780    21.3762 0.0000e+00
      1.251      0.002     8.2639     90.552     38.144  35.389058     3.6450     11.851    69.7173 1.3240e+02     6.4035      1.227      1.780    21.3760 0.0000e+00
      1.252      0.002     8.1835     89.938     38.156  35.392647     3.5970     11.853    69.7946 1.3284e+02     6.1515      1.228      1.781    21.4219 0.0000e+00
      1.253      0.001     8.1104     89.378     38.166  35.431047     3.5516     11.855    69.9381 1.3162e+02     6.0722      1.229      1.782    21.4403 0.0000e+00
      1.253      0.001     8.0590     88.936     38.154  35.472696     3.5549     11.855    69.9036 1.2967e+02     6.1962      1.229      1.782    21.4198 0.0000e+00
      1.253      0.001     8.0137     88.650     38.156  35.515615     3.6031     11.856    69.8072 1.3039e+02     6.2166      1.230      1.783    21.3776 0.0000e+00
      1.253      0.002     7.9597     88.543     38.191  35.569344     3.6602     11.857    69.6331 1.3220e+02     6.0801      1.229      1.783    21.3506 0.0000e+00
      1.253      0.005     7.9017     88.593     38.227  35.614764     3.6871     11.859    69.3477 1.3087e+02     6.0142      1.229      1.783    21.3980 0.0000e+00
      1.254      0.008     7.8469     88.701     38.221  35.620656     3.6786     11.860    69.2808 1.2945e+02     6.1368      1.230      1.783    21.4916 0.0000e+00
      1.255      0.013     7.8124     88.766     38.164  35.577151     3.7660     11.861    69.5130 1.3054e+02     6.4016      1.231      1.785    21.5478 0.0000e+00
      1.259      0.017     7.8009     88.806     38.114  35.532894     3.9442     11.862    69.7462 1.3074e+02     6.5856      1.233      1.789    21.5637 0.0000e+00
      1.266      0.019     7.8059     88.856     38.116  35.529704     4.0352     11.862    69.6916 1.2815e+02     6.5855      1.241      1.800    21.5801 0.0000e+00
      1.274      0.019     7.8192     88.920     38.121  35.538567     4.0422     11.862    69.4545 1.2531e+02     6.5375      1.250      1.811    21.5917 0.0000e+00
      1.280      0.017     7.8191     89.016     38.078  35.513171     4.0297     11.863    69.4600 1.2446e+02     6.5515      1.256      1.821    21.6117 0.0000e+00
      1.285      0.014     7.8208     89.131     38.028  35.476451     4.0170     11.864    69.6720 1.2446e+02     6.6177      1.261      1.830    21.6152 0.0000e+00
      1.287      0.010     7.8292     89.207     38.033  35.475306     3.9970     11.865    69.8670 1.2398e+02     6.5522      1.262      1.831    21.5957 0.0000e+00
      1.287      0.006     7.8325     89.189     38.075  35.499315     3.9628     11.866    70.0974 1.2395e+02     6.3739      1.262      1.830    21.5992 0.0000e+00
      1.288      0.003     7.8370     89.104     38.104  35.512922     3.9441     11.868    70.2205 1.2410e+02     6.3074      1.263      1.831    21.6301 0.0000e+00
      1.288      0.001     7.8461     89.007     38.105  35.512911     3.9135     11.869    70.1512 1.2323e+02     6.3282      1.263      1.832    21.6474 0.0000e+00
      1.289      0.001     7.8576     88.907     38.084  35.499181     3.8581     11.870    70.1204 1.2282e+02     6.3187      1.264      1.833    21.6374 0.0000e+00
      1.289      0.001     7.8581     88.827     38.056  35.473822     3.8161     11.871    70.2779 1.2297e+02     6.2259      1.264      1.833    21.6118 0.0000e+00
      1.289      0.001     7.8516     88.808     38.046  35.460095     3.7883     11.873    70.5930 1.2198e+02     6.0934      1.264      1.833    21.5858 0.0000e+00
      1.289      0.001     7.8441     88.890     38.051  35.460095     3.7628     11.875    70.9184 1.2074e+02     6.1178      1.264      1.834    21.5899 0.0000e+00
      1.289      0.001     7.8313     89.102     38.069  35.473814     3.7406     11.876    71.0285 1.2054e+02     6.2827      1.265      1.834    21.6051 0.0000e+00
      1.289      0.000     7.8229     89.399     38.095  35.499068     3.7289     11.877    70.8068 1.2106e+02     6.3443      1.264      1.834    21.6061 0.0000e+00
      1.290 1.9373e-08     7.8215     89.644     38.100  35.511651     3.7209     11.877    70.7326 1.2173e+02     6.2479      1.265      1.834    21.5974 0.0000e+00
      1.290 2.1310e-07     7.8287     89.774     38.073  35.499064     3.6935     11.878    70.9919 1.2193e+02     6.1078      1.265      1.835    21.5880 0.0000e+00
      1.290 2.9505e-07     7.8485     89.889     38.031  35.473796     3.6735     11.879    71.1884 1.2148e+02     6.1197      1.264      1.834    21.5850 0.0000e+00
      1.290      0.000     7.8801     90.080     38.006  35.459952     3.6955     11.880    71.3012 1.2128e+02     6.2549      1.265      1.834    21.5861 0.0000e+00
      1.290      0.000     7.9045     90.309     38.002  35.458589     3.7251     11.881    71.3238 1.2203e+02     6.2742      1.265      1.835    21.5938 0.0000e+00
      1.290      0.000     7.9071     90.490     38.007  35.457321     3.7406     11.883    71.2902 1.2313e+02     6.1813      1.265      1.835    21.6136 0.0000e+00
      1.290      0.001     7.9101     90.527     38.007  35.444606     3.7574     11.885    71.1528 1.2299e+02     6.0885      1.265      1.835    21.6355 0.0000e+00
      1.290      0.005     7.9274     90.364     38.008  35.431740     3.7879     11.887    70.8669 1.2177e+02     6.1089      1.265      1.835    21.6496 0.0000e+00
      1.290      0.010     7.9496     90.149     38.016  35.428634     3.8264     11.888    70.8454 1.2152e+02     6.2223      1.265      1.835    21.6532 0.0000e+00
      1.290      0.017     7.9695     90.140     38.012  35.407042     3.8813     11.887    71.0643 1.2210e+02     6.2638      1.265      1.835    21.6425 0.0000e+00
      1.293      0.023     7.9802     90.401     38.017  35.360991     3.9435     11.885    71.2772 1.2155e+02     6.2018      1.266      1.837    21.6250 0.0000e+00
      1.302      0.027     7.9636     90.706     38.056  35.315898     3.9626     11.884    71.4407 1.2002e+02     6.0870      1.275      1.850    21.6032 0.0000e+00
      1.315      0.029     7.9355     90.835     38.125  35.305855     3.9711     11.882    71.5777 1.1898e+02     6.0711      1.291      1.872    21.5914 0.0000e+00
      1.327      0.027     7.9319     90.740     38.169  35.302901     4.0043     11.879    71.8148 1.1865e+02     6.1805      1.304      1.891    21.5866 0.0000e+00
      1.334      0.023     7.9756     90.461     38.171  35.280121     4.0232     11.877    72.0706 1.1856e+02     6.1802      1.310      1.899    21.5219 0.0000e+00
      1.337      0.017     8.0318     90.051     38.195  35.284196     4.0159     11.876    72.2620 1.1828e+02     6.0681      1.312      1.902    21.3876 0.0000e+00
      1.338      0.012     8.0599     89.550     38.216  35.288695     4.0077     11.873    72.3216 1.1782e+02     6.0204      1.313      1.904    21.2770 0.0000e+00
      1.339      0.009     8.0575     88.995     38.211  35.271054     4.0233     11.871    72.2759 1.1773e+02     6.0808      1.312      1.903    21.2332 0.0000e+00
      1.340      0.011     8.0343     88.452     38.216  35.261214     4.0554     11.868    72.3974 1.1798e+02     6.1154      1.314      1.906    21.2069 0.0000e+00
