Data/DataNotYetUploadedToEDI/Raw_CTD/RawDownloads/060826_ccr20_S8188019.cnv
* Sea-Bird SBE19plus  Data File:
* FileName = C:\R\Reservoirs\Data\DataNotYetUploadedToEDI\Raw_CTD\RawDownloads\062526_ccr50_S8188_0019.hex
* Software version 2.8.0.119
* Temperature SN = 8188
* Conductivity SN = 8188
* System UpLoad Time = Jun 29 2026 18:16:27
* <ApplicationData>
* <Seaterm232>
# nquan = 16
# nvalues = 828                         
# units = specified
# name 0 = depFM: Depth [fresh water, m]
# name 1 = dz/dtM: Descent Rate [m/s]
# name 2 = sbeox0Mg/L: Oxygen, SBE 43 [mg/l]
# name 3 = sbeox0PS: Oxygen, SBE 43 [% saturation]
# name 4 = specc: Specific Conductance [uS/cm]
# name 5 = c0uS/cm: Conductivity [uS/cm]
# name 6 = wetCDOM: Fluorescence, WET Labs CDOM [mg/m^3]
# name 7 = flECO-AFL: Fluorescence, WET Labs ECO-AFL/FL [mg/m^3]
# name 8 = flECO-AFL1: Fluorescence, WET Labs ECO-AFL/FL, 2 [mg/m^3]
# name 9 = flECO-AFL2: Fluorescence, WET Labs ECO-AFL/FL, 3 [mg/m^3]
# name 10 = par/sat/log: PAR/Logarithmic, Satlantic
# name 11 = turbWETntu0: Turbidity, WET Labs ECO [NTU]
# name 12 = prdM: Pressure, Strain Gauge [db]
# name 13 = prdE: Pressure, Strain Gauge [psi]
# name 14 = tv290C: Temperature [ITS-90, deg C]
# name 15 = flag:  0.000e+00
# span 0 =     -0.505,      0.358       
# span 1 =     -0.202,      0.172       
# span 2 =     4.1216,     7.2461       
# span 3 =     52.077,     92.230       
# span 4 =   -405.976,    166.108       
# span 5 =-422.937822, 175.168117       
# span 6 =    -4.5000,    23.2200       
# span 7 =    -0.2998,    18.6404       
# span 8 =    -2.1300,     4.9842       
# span 9 =    -2.0304,     4.5261       
# span 10 = 9.4792e+01, 1.9599e+03      
# span 11 =    -1.2159,   816.3442      
# span 12 =     -0.495,      0.351      
# span 13 =     -0.718,      0.510      
# span 14 =    27.0178,    28.4194      
# span 15 = 0.0000e+00, 0.0000e+00      
# interval = seconds: 0.25
# start_time = Jun 11 2026 12:42:01 [Instrument's time stamp, header]
# bad_flag = -9.990e-29
*END*
[from data line 633]
      0.083      0.046     5.3518     75.807     -4.124  -4.406485    15.3000     2.0005     0.2130     0.2115 7.3602e+02    16.4586      0.082      0.119    27.3665 0.0000e+00
      0.095      0.050     5.4638     78.301   -111.760-117.281936    15.3000     2.2866     0.1704     0.2115 7.9091e+02    21.0208      0.094      0.136    27.3752 0.0000e+00
      0.109      0.053     5.6117     80.457   -291.110-305.381282    15.3000     2.3095     0.1704     0.2115 6.3492e+02    21.0812      0.107      0.155    27.3874 0.0000e+00
      0.124      0.056     5.7934     82.043   -403.196-422.937822    15.3000     2.2789     0.1704     0.2115 5.3815e+02    21.0359      0.122      0.177    27.4003 0.0000e+00
      0.140      0.056     5.9938     82.952   -291.109-305.377451    15.3000     2.2980     0.1704     0.2115 4.9625e+02    21.0812      0.137      0.199    27.4101 0.0000e+00
      0.155      0.055     6.1905     83.194   -111.758-117.269245    15.3000     3.3509     0.1704     0.2115 4.9668e+02    46.3844      0.152      0.221    27.4163 0.0000e+00
      0.170      0.052     6.3607     82.838     -4.128  -4.385560    15.8400     3.3509     0.2130     0.3807 5.2876e+02    46.2938      0.167      0.242    27.4200 0.0000e+00
      0.183      0.048     6.4860     81.995     60.456  63.351865    15.8400     3.3662     0.2130     0.3807 7.1056e+02    46.2636      0.180      0.261    27.4216 0.0000e+00
      0.195      0.042     6.5579     80.783     99.205 103.994314    15.8400     3.3471     0.2130     0.3807 9.2105e+02    46.2334      0.191      0.277    27.4211 0.0000e+00
      0.205      0.037     6.5770     79.299    122.461 128.387793    15.8400     4.0833     0.2130     0.3807 1.1581e+03    99.7857      0.201      0.292    27.4195 0.0000e+00
      0.213      0.032     6.5489     77.637    136.431 143.041240    16.2000     4.0910     0.2556     0.4230 1.0585e+03    99.8159      0.209      0.304    27.4182 0.0000e+00
      0.220      0.028     6.4823     75.882    144.825 151.846201    16.2000     4.0948     0.2556     0.4230 1.5258e+03    99.8612      0.216      0.314    27.4177 0.0000e+00
      0.226      0.024     6.3864     74.095    149.862 157.130622    16.2000     4.0910     0.2556     0.4230 1.5556e+03    99.8159      0.222      0.322    27.4178 0.0000e+00
      0.232      0.022     6.2691     72.320    152.876 160.291652    16.2000     3.0953     0.2556     0.4230 1.3358e+03    61.7477      0.227      0.330    27.4182 0.0000e+00
      0.236      0.020     6.1376     70.603    154.678 162.180251    16.0200     3.1335     0.2130     0.3384 1.5035e+03    61.7326      0.232      0.336    27.4187 0.0000e+00
      0.241      0.019     5.9988     69.000    155.764 163.316084    16.0200     3.0991     0.2130     0.3384 1.3182e+03    61.7628      0.236      0.343    27.4191 0.0000e+00
      0.245      0.018     5.8575     67.567    156.417 163.998030    16.0200     3.1029     0.2130     0.3384 1.2175e+03    61.7477      0.241      0.349    27.4193 0.0000e+00
      0.250      0.018     5.7172     66.340    156.814 164.407941    16.0200     2.5841     0.2130     0.3384 1.1508e+03    47.7138      0.245      0.356    27.4192 0.0000e+00
      0.255      0.018     5.5815     65.331    157.069 164.667155    16.0200     2.6185     0.2130     0.3384 1.0445e+03    47.8347      0.250      0.363    27.4188 0.0000e+00
      0.259      0.018     5.4549     64.534    157.254 164.848804    17.2800     2.5879     0.2556     0.5076 1.0272e+03    47.8045      0.254      0.369    27.4181 0.0000e+00
      0.264      0.018     5.3417     63.937    157.387 164.971257    17.2800     2.6261     0.2556     0.5076 8.7008e+02    47.8498      0.259      0.375    27.4168 0.0000e+00
      0.268      0.018     5.2449     63.526    157.458 165.025069    17.2800     2.3896     0.2556     0.5076 8.8322e+02    45.7198      0.263      0.381    27.4149 0.0000e+00
      0.272      0.018     5.1653     63.312    157.491 165.034613    17.2800     2.3285     0.2556     0.5076 8.4401e+02    46.0219      0.267      0.388    27.4121 0.0000e+00
      0.277      0.018     5.1027     63.334    157.518 165.036512    17.2800     2.3476     0.2130     0.5076 8.3816e+02    45.8859      0.272      0.394    27.4082 0.0000e+00
      0.282      0.018     5.0559     63.674    157.555 165.051317    17.2800     2.3667     0.2130     0.5076 8.0391e+02    45.8406      0.276      0.401    27.4029 0.0000e+00
      0.287      0.017     5.0241     64.416    157.588 165.070946    17.2800     2.3362     0.2130     0.5076 8.0426e+02    45.8708      0.281      0.408    27.3962 0.0000e+00
      0.292      0.016     5.0078     65.557    157.594 165.072566    17.2800     2.8092     0.2130     0.5076 7.0273e+02    83.0175      0.286      0.415    27.3882 0.0000e+00
      0.296      0.014     5.0103     66.967    157.596 165.076656    17.5500     2.8016     0.2130     0.5076 8.1075e+02    83.0931      0.290      0.420    27.3799 0.0000e+00
      0.299      0.012     5.0379     68.454    157.619 165.104357    17.5500     2.7825     0.2130     0.5076 5.0825e+02    82.9269      0.293      0.425    27.3724 0.0000e+00
      0.301      0.010     5.0970     69.850    157.634 165.122960    17.5500     2.7978     0.2130     0.5076 3.3890e+02    83.0629      0.295      0.428    27.3676 0.0000e+00
      0.303      0.008     5.1875     71.009    157.624 165.113370    17.5500     2.7978     0.2130     0.5076 4.8243e+02    84.7548      0.297      0.431    27.3662 0.0000e+00
      0.305      0.006     5.2989     71.801    157.608 165.097088    17.2800     2.7749     0.2130     0.5076 5.1661e+02    84.5886      0.299      0.434    27.3669 0.0000e+00
      0.306      0.005     5.4165     72.138    157.602 165.089817    17.2800     2.7978     0.2130     0.5076 4.0422e+02    84.6188      0.300      0.436    27.3679 0.0000e+00
      0.307      0.004     5.5269     72.021    157.606 165.093628    17.2800     2.7863     0.2130     0.5076 3.4440e+02    84.6944      0.302      0.437    27.3687 0.0000e+00
      0.308      0.003     5.6185     71.527    157.611 165.097510    17.2800     2.8168     0.2130     0.5076 3.0793e+02    81.8241      0.302      0.438    27.3691 0.0000e+00
      0.309      0.002     5.6812     70.761    157.609 165.094479    17.2800     2.8092     0.2130     0.5076 2.8353e+02    81.8392      0.303      0.439    27.3692 0.0000e+00
      0.309      0.002     5.7079     69.825    157.602 165.087735    18.3600     2.7939     0.2982     0.5499 2.0884e+02    81.6429      0.303      0.439    27.3690 0.0000e+00
      0.309      0.001     5.6987     68.803    157.597 165.083498    18.3600     2.7825     0.2982     0.5499 1.8710e+02    81.8544      0.303      0.439    27.3686 0.0000e+00
      0.309      0.001     5.6596     67.751    157.609 165.096678    18.3600     2.6642     0.2982     0.5499 1.7396e+02    77.2167      0.303      0.440    27.3683 0.0000e+00
      0.310      0.001     5.5990     66.706    157.625 165.114750    18.3600     2.6604     0.2982     0.5499 1.6541e+02    77.0505      0.304      0.440    27.3681 0.0000e+00
      0.310      0.001     5.5249     65.700    157.621 165.110459    16.8300     2.6490     0.2556     0.3384 1.5830e+02    77.0807      0.304      0.440    27.3682 0.0000e+00
      0.310      0.002     5.4440     64.757    157.599 165.086672    16.8300     2.6719     0.2556     0.3384 1.5993e+02    77.0203      0.304      0.441    27.3685 0.0000e+00
      0.311      0.002     5.3608     63.893    157.580 165.065109    16.8300     2.8779     0.2556     0.3384 1.6213e+02    94.9214      0.305      0.442    27.3688 0.0000e+00
      0.311      0.001     5.2781     63.111    157.577 165.060067    16.8300     2.8550     0.2556     0.3384 1.6573e+02    94.9516      0.305      0.442    27.3691 0.0000e+00
      0.311      0.001     5.1985     62.403    157.585 165.066193    16.6500     2.8664     0.2130     0.5499 1.7351e+02    95.1027      0.305      0.443    27.3691 0.0000e+00
      0.312      0.001     5.1239     61.751    157.590 165.069082    16.6500     2.8435     0.2130     0.5499 1.8568e+02    94.9969      0.306      0.443    27.3690 0.0000e+00
      0.312      0.001     5.0555     61.148    157.588 165.065495    16.6500     2.9770     0.2130     0.5499 2.0848e+02   116.7049      0.306      0.443    27.3686 0.0000e+00
      0.312      0.000     4.9937     60.587    157.587 165.062495    16.6500     2.9961     0.2130     0.5499 2.4876e+02   116.6898      0.306      0.444    27.3680 0.0000e+00
      0.312      0.000     4.9378     60.059    157.586 165.059281    16.6500     2.9694     0.2130     0.5499 2.8663e+02   116.7955      0.306      0.444    27.3673 0.0000e+00
      0.312     -0.001     4.8862     59.558    157.580 165.050987    16.5600     2.9885     0.2130     0.5499 3.1566e+02   116.5538      0.306      0.444    27.3665 0.0000e+00
      0.312     -0.001     4.8385     59.084    157.574 165.043420    16.5600     3.3585     0.2130     0.5499 3.1683e+02   128.9260      0.306      0.443    27.3658 0.0000e+00
      0.311     -0.001     4.7942     58.648    157.579 165.046589    16.5600     3.3509     0.2130     0.5499 3.3011e+02   128.8656      0.305      0.443    27.3652 0.0000e+00
      0.311     -0.002     4.7525     58.259    157.594 165.061340    16.5600     3.3433     0.2130     0.5499 3.5419e+02   128.9109      0.305      0.442    27.3646 0.0000e+00
      0.310     -0.002     4.7129     57.909    157.606 165.071560    16.5600     3.3623     0.2130     0.5076 3.2407e+02   128.9260      0.304      0.441    27.3640 0.0000e+00
      0.310     -0.003     4.6754     57.582    157.601 165.063936    16.5600     3.4348     0.2130     0.5076 2.9890e+02   122.5360      0.304      0.440    27.3635 0.0000e+00
      0.309     -0.003     4.6410     57.266    157.595 165.056482    16.5600     3.4730     0.2130     0.5076 3.2527e+02   122.6115      0.303      0.439    27.3629 0.0000e+00
      0.308     -0.003     4.6103     56.952    157.602 165.063248    16.5600     3.4653     0.2130     0.5076 3.5496e+02   122.7626      0.302      0.438    27.3624 0.0000e+00
      0.307     -0.003     4.5826     56.638    157.617 165.078019    17.0100     3.4997     0.2130     0.4653 3.0620e+02   122.6266      0.301      0.437    27.3618 0.0000e+00
      0.306     -0.003     4.5568     56.318    157.639 165.100724    17.0100     4.2512     0.2130     0.4653 3.3234e+02   157.7642      0.300      0.435    27.3612 0.0000e+00
      0.305     -0.003     4.5318     55.988    157.662 165.125391    17.0100     4.2588     0.2130     0.4653 3.6920e+02   157.6584      0.299      0.434    27.3607 0.0000e+00
      0.305     -0.003     4.5070     55.657    157.671 165.134541    17.0100     4.2664     0.2130     0.4653 4.0766e+02   157.6433      0.299      0.433    27.3604 0.0000e+00
      0.304     -0.003     4.4822     55.336    157.667 165.130613    17.0100     4.2512     0.2130     0.4653 3.9959e+02   157.6131      0.298      0.432    27.3602 0.0000e+00
      0.303     -0.003     4.4569     55.031    157.665 165.128599    16.9200     5.3994     0.2556     0.4653 4.4593e+02   285.8516      0.297      0.430    27.3602 0.0000e+00
      0.302     -0.003     4.4308     54.741    157.656 165.119942    16.9200     5.4032     0.2556     0.4653 5.7891e+02   285.8365      0.296      0.429    27.3602 0.0000e+00
      0.301     -0.002     4.4046     54.465    157.632 165.094315    16.9200     5.3956     0.2556     0.4653 7.8152e+02   285.8818      0.296      0.428    27.3603 0.0000e+00
      0.301     -0.002     4.3791     54.208    157.604 165.064930    16.9200     5.3918     0.2556     0.4653 8.8399e+02   285.9271      0.295      0.428    27.3604 0.0000e+00
      0.300     -0.001     4.3550     53.979    157.603 165.064046    16.1100     6.1967     0.2556     0.5076 9.0380e+02   421.9908      0.295      0.427    27.3605 0.0000e+00
      0.300     -0.001     4.3320     53.779    157.641 165.103455    16.1100     6.2158     0.2556     0.5076 8.6875e+02   421.9908      0.294      0.427    27.3606 0.0000e+00
      0.300     -0.001     4.3102     53.598    157.680 165.143549    16.1100     6.2158     0.2556     0.5076 8.7178e+02   421.9908      0.294      0.427    27.3606 0.0000e+00
      0.300     -0.001     4.2898     53.425    157.697 165.160940    16.1100     6.2005     0.2556     0.5076 8.3616e+02   421.9606      0.294      0.427    27.3606 0.0000e+00
      0.300     -0.001     4.2717     53.258    157.706 165.170289    17.0100    -0.1358     0.1704     0.5499 7.6223e+02    16.0809      0.294      0.426    27.3605 0.0000e+00
      0.300     -0.001     4.2559     53.098    157.713 165.176094    17.0100    -0.1205     0.1704     0.5499 6.6876e+02    16.2320      0.294      0.426    27.3605 0.0000e+00
      0.299     -0.001     4.2416     52.943    157.718 165.179903    17.0100    -0.1434     0.1704     0.5499 5.8804e+02    16.1112      0.294      0.426    27.3603 0.0000e+00
      0.299     -0.001     4.2279     52.797    157.722 165.182732    17.0100    -0.1511     0.1704     0.5499 5.2475e+02    16.1112      0.294      0.426    27.3601 0.0000e+00
      0.299     -0.001     4.2147     52.662    157.714 165.173306    18.2700    -0.2655     0.2556     0.3807 4.8023e+02    -1.1102      0.293      0.425    27.3599 0.0000e+00
      0.299     -0.001     4.2020     52.536    157.689 165.145102    18.2700    -0.2998     0.2556     0.3807 4.9217e+02    -1.1102      0.293      0.425    27.3596 0.0000e+00
      0.299     -0.000     4.1898     52.412    157.669 165.122675    18.2700    -0.2693     0.2556     0.3807 5.3838e+02    -1.1102      0.293      0.425    27.3592 0.0000e+00
      0.298     -0.000     4.1783     52.290    157.672 165.124099    18.2700    -0.2464     0.2556     0.3807 5.6548e+02    -1.0044      0.293      0.424    27.3588 0.0000e+00
      0.298      0.000     4.1676     52.179    157.675 165.125699    18.2700    -0.2769     0.2556     0.3807 6.2235e+02    -1.1253      0.293      0.424    27.3584 0.0000e+00
      0.299      0.001     4.1577     52.103    157.664 165.111863    17.8200    -0.2769     0.2556     0.5922 6.4971e+02    -0.9893      0.293      0.425    27.3579 0.0000e+00
      0.299      0.001     4.1479     52.077    157.657 165.102958    17.8200    -0.2502     0.2556     0.5922 5.7615e+02    -1.1706      0.293      0.425    27.3573 0.0000e+00
      0.300      0.001     4.1382     52.107    157.677 165.120665    17.8200    -0.2693     0.2556     0.5922 5.4639e+02    -1.1404      0.294      0.426    27.3568 0.0000e+00
      0.300      0.001     4.1295     52.206    157.703 165.145650    17.8200    -0.2769     0.2556     0.5922 5.2635e+02    -1.1404      0.294      0.427    27.3562 0.0000e+00
      0.300      0.001     4.1236     52.389    157.708 165.148492    18.5400    -0.2502     0.2556     0.5076 4.8484e+02    -1.0800      0.295      0.427    27.3556 0.0000e+00
      0.301      0.001     4.1216     52.638    157.704 165.141975    18.5400    -0.2731     0.2556     0.5076 4.7856e+02    -1.0497      0.295      0.428    27.3549 0.0000e+00
      0.301      0.001     4.1240     52.914    157.707 165.144410    18.5400    -0.2655     0.2556     0.5076 4.8897e+02    -1.0649      0.295      0.428    27.3540 0.0000e+00
      0.301      0.001     4.1320     53.187    157.715 165.152435    18.5400    -0.2808     0.2556     0.5076 4.6960e+02    -1.0044      0.295      0.428    27.3531 0.0000e+00
      0.301      0.001     4.1465     53.446    157.718 165.156163    18.6300    -0.2426     0.3408     0.5922 3.9855e+02    -1.0497      0.295      0.428    27.3523 0.0000e+00
      0.301      0.001     4.1663     53.674    157.714 165.152578    18.6300    -0.2846     0.3408     0.5922 3.7690e+02    -1.1102      0.295      0.429    27.3517 0.0000e+00
      0.302      0.001     4.1881     53.862    157.717 165.156762    18.6300    -0.2502     0.3408     0.5922 3.6362e+02    -0.9591      0.296      0.429    27.3512 0.0000e+00
