Data/DataNotYetUploadedToEDI/Raw_CTD/RawDownloads/060826_ccr10_S8188018.cnv
* Sea-Bird SBE19plus  Data File:
* FileName = C:\R\Reservoirs\Data\DataNotYetUploadedToEDI\Raw_CTD\RawDownloads\062526_ccr50_S8188_0018.hex
* Software version 2.8.0.119
* Temperature SN = 8188
* Conductivity SN = 8188
* System UpLoad Time = Jun 29 2026 18:16:13
* <ApplicationData>
* <Seaterm232>
# nquan = 16
# nvalues = 3691                        
# units = specified
# name 0 = depFM: Depth [fresh water, m]
# name 1 = dz/dtM: Descent Rate [m/s]
# name 2 = sbeox0Mg/L: Oxygen, SBE 43 [mg/l]
# name 3 = sbeox0PS: Oxygen, SBE 43 [% saturation]
# name 4 = specc: Specific Conductance [uS/cm]
# name 5 = c0uS/cm: Conductivity [uS/cm]
# name 6 = wetCDOM: Fluorescence, WET Labs CDOM [mg/m^3]
# name 7 = flECO-AFL: Fluorescence, WET Labs ECO-AFL/FL [mg/m^3]
# name 8 = flECO-AFL1: Fluorescence, WET Labs ECO-AFL/FL, 2 [mg/m^3]
# name 9 = flECO-AFL2: Fluorescence, WET Labs ECO-AFL/FL, 3 [mg/m^3]
# name 10 = par/sat/log: PAR/Logarithmic, Satlantic
# name 11 = turbWETntu0: Turbidity, WET Labs ECO [NTU]
# name 12 = prdM: Pressure, Strain Gauge [db]
# name 13 = prdE: Pressure, Strain Gauge [psi]
# name 14 = tv290C: Temperature [ITS-90, deg C]
# name 15 = flag:  0.000e+00
# span 0 =     -0.482,      9.491       
# span 1 =     -0.209,      0.182       
# span 2 =     4.6519,    11.4448       
# span 3 =     57.586,    111.977       
# span 4 =   -633.725,    153.019       
# span 5 =-474.552703, 159.765736       
# span 6 =    -5.4000,    33.2100       
# span 7 =    -0.2846,   245.1682       
# span 8 =    -2.1300,     2.0874       
# span 9 =    -7.9524,     6.9372       
# span 10 = 1.1425e+01, 3.2937e+03      
# span 11 =    -5.0378,   971.0038      
# span 12 =     -0.472,      9.308      
# span 13 =     -0.685,     13.500      
# span 14 =    12.4176,    28.6733      
# span 15 = 0.0000e+00, 0.0000e+00      
# interval = seconds: 0.25
# start_time = Jun 11 2026 12:10:55 [Instrument's time stamp, header]
# bad_flag = -9.990e-29
*END*
[from data line 1356]
      3.380      0.051     6.0240     75.280    151.162 151.357281     9.0900     1.0659     0.0426     0.1692 3.1408e+02     0.1286      3.315      4.808    25.1101 0.0000e+00
      3.394      0.052     6.1143     75.364    151.148 151.331734     9.0900     1.0849     0.0426     0.1692 3.0767e+02     0.0983      3.328      4.828    25.0957 0.0000e+00
      3.408      0.051     6.1729     75.612    151.150 151.325480     9.0900     1.0506     0.0426     0.1692 3.0428e+02    -0.0074      3.342      4.847    25.0793 0.0000e+00
      3.421      0.050     6.2019     76.050    151.123 151.302791     9.1800     1.0735     0.0000     0.1692 3.0494e+02    -0.0376      3.355      4.866    25.0656 0.0000e+00
      3.434      0.048     6.2112     76.587    151.087 151.283663     9.1800     1.1307     0.0000     0.1692 3.0395e+02     0.0681      3.367      4.884    25.0586 0.0000e+00
      3.446      0.045     6.2186     77.116    151.086 151.293048     9.1800     1.1002     0.0000     0.1692 2.9845e+02     0.0832      3.379      4.901    25.0549 0.0000e+00
      3.457      0.042     6.2394     77.507    151.095 151.299394     9.1800     1.1154     0.0000     0.1692 2.9916e+02     0.0681      3.390      4.918    25.0521 0.0000e+00
      3.468      0.039     6.2753     77.649    151.079 151.276343     9.3600     1.1269     0.0426     0.1269 2.9936e+02     0.0983      3.401      4.932    25.0536 0.0000e+00
      3.477      0.035     6.3190     77.510    151.068 151.257814     9.3600     1.1612     0.0426     0.1269 2.9877e+02     0.0681      3.410      4.946    25.0591 0.0000e+00
      3.486      0.032     6.3622     77.150    151.081 151.258902     9.3600     1.1994     0.0426     0.1269 2.9754e+02     0.0832      3.418      4.958    25.0624 0.0000e+00
      3.493      0.029     6.3946     76.690    151.096 151.255855     9.3600     1.2223     0.0426     0.1269 2.9916e+02     0.1286      3.425      4.968    25.0615 0.0000e+00
      3.500      0.026     6.4066     76.259    151.108 151.245857     9.3600     1.1879     0.0426     0.1269 3.0132e+02     0.0228      3.432      4.978    25.0592 0.0000e+00
      3.506      0.024     6.3954     75.926    151.120 151.236256     9.3600     1.1994     0.0426     0.1692 3.0112e+02     0.0530      3.438      4.986    25.0567 0.0000e+00
      3.511      0.022     6.3662     75.665    151.134 151.230501     9.3600     1.1803     0.0426     0.1692 2.9942e+02     0.0983      3.443      4.994    25.0529 0.0000e+00
      3.517      0.021     6.3289     75.408    151.152 151.229061     9.3600     1.1689     0.0426     0.1692 2.9903e+02     0.0228      3.449      5.002    25.0468 0.0000e+00
      3.522      0.020     6.2942     75.099    151.177 151.235556     9.3600     1.1650     0.0426     0.1692 3.0073e+02     0.0983      3.454      5.010    25.0395 0.0000e+00
      3.527      0.019     6.2676     74.683    151.208 151.249716     9.3600     1.0887     0.0426     0.1692 3.0040e+02     0.0228      3.459      5.016    25.0324 0.0000e+00
      3.531      0.018     6.2467     74.106    151.230 151.257283     9.3600     1.1154     0.0426     0.1692 3.0040e+02     0.0832      3.463      5.023    25.0260 0.0000e+00
      3.536      0.017     6.2262     73.346    151.244 151.258274     9.3600     1.1116     0.0426     0.1692 3.0105e+02     0.1286      3.467      5.029    25.0196 0.0000e+00
      3.540      0.016     6.2014     72.434    151.265 151.264972     9.3600     1.1383     0.0426     0.1692 3.0112e+02     0.0983      3.471      5.035    25.0133 0.0000e+00
      3.544      0.015     6.1677     71.439    151.286 151.271149     9.3600     1.1803     0.0426     0.0846 3.0428e+02     0.2192      3.475      5.040    25.0077 0.0000e+00
      3.547      0.015     6.1206     70.417    151.298 151.266431     9.3600     1.1650     0.0426     0.0846 3.0540e+02     0.0983      3.479      5.046    25.0031 0.0000e+00
      3.551      0.014     6.0582     69.404    151.311 151.261581     9.3600     1.1689     0.0426     0.0846 3.0494e+02     0.1134      3.483      5.051    24.9987 0.0000e+00
      3.555      0.014     5.9835     68.419    151.331 151.263316     9.3600     1.1612     0.0426     0.0846 3.0667e+02     0.0681      3.486      5.056    24.9940 0.0000e+00
      3.558      0.013     5.9018     67.464    151.345 151.260079     9.3600     1.1193     0.0426     0.0846 3.0607e+02     0.1437      3.489      5.061    24.9891 0.0000e+00
      3.561      0.013     5.8179     66.542    151.344 151.242991     9.4500     1.1650     0.0426     0.1692 3.0567e+02     0.1134      3.492      5.065    24.9838 0.0000e+00
      3.564      0.013     5.7348     65.655    151.327 151.211502     9.4500     1.1307     0.0426     0.1692 3.0607e+02     0.1134      3.495      5.070    24.9780 0.0000e+00
      3.568      0.012     5.6540     64.800    151.306 151.179252     9.4500     1.0849     0.0426     0.1692 3.0507e+02     0.0379      3.499      5.074    24.9719 0.0000e+00
      3.571      0.012     5.5757     63.985    151.304 151.169692     9.4500     1.1154     0.0426     0.1692 3.0693e+02     0.0530      3.502      5.079    24.9660 0.0000e+00
      3.574      0.012     5.5001     63.225    151.319 151.180273     9.4500     1.1078     0.0852     0.1269 3.0640e+02     0.1437      3.505      5.083    24.9606 0.0000e+00
      3.577      0.012     5.4273     62.535    151.323 151.181764     9.4500     1.0964     0.0852     0.1269 3.0587e+02     0.0681      3.508      5.088    24.9557 0.0000e+00
      3.580      0.012     5.3570     61.929    151.306 151.162541     9.4500     1.1116     0.0852     0.1269 3.0700e+02     0.1286      3.511      5.092    24.9520 0.0000e+00
      3.583      0.012     5.2899     61.416    151.288 151.141520     9.4500     1.1765     0.0852     0.1269 3.0720e+02     0.1588      3.514      5.096    24.9496 0.0000e+00
      3.586      0.012     5.2272     61.000    151.280 151.127119     9.4500     1.1460     0.0852     0.2115 3.0727e+02    -0.0376      3.516      5.100    24.9482 0.0000e+00
      3.589      0.013     5.1703     60.669    151.274 151.111489     9.4500     1.1879     0.0852     0.2115 3.0687e+02     0.1437      3.519      5.104    24.9473 0.0000e+00
      3.592      0.013     5.1202     60.408    151.279 151.102484     9.4500     1.1879     0.0852     0.2115 3.0713e+02     0.2041      3.523      5.109    24.9465 0.0000e+00
      3.595      0.014     5.0779     60.195    151.294 151.101706     9.4500     1.1727     0.0852     0.2115 3.0767e+02     0.0379      3.526      5.114    24.9454 0.0000e+00
      3.599      0.014     5.0436     60.007    151.294 151.088915     9.5400     1.1689     0.0426     0.2115 3.0968e+02     0.0832      3.529      5.119    24.9436 0.0000e+00
      3.603      0.015     5.0166     59.826    151.286 151.068711     9.5400     1.1765     0.0426     0.2115 3.1056e+02     0.1286      3.533      5.124    24.9403 0.0000e+00
      3.607      0.015     4.9954     59.637    151.298 151.067760     9.5400     1.1803     0.0426     0.2115 3.0995e+02     0.1286      3.537      5.130    24.9355 0.0000e+00
      3.611      0.016     4.9782     59.442    151.324 151.077795     9.5400     1.2947     0.0426     0.2115 3.1042e+02     0.0983      3.541      5.136    24.9305 0.0000e+00
      3.615      0.016     4.9632     59.236    151.351 151.081458     9.5400     1.2947     0.0426     0.2115 3.1552e+02     0.0379      3.545      5.141    24.9261 0.0000e+00
      3.619      0.016     4.9485     59.015    151.373 151.073716     9.5400     1.2833     0.0426     0.3384 3.1525e+02     0.1286      3.549      5.147    24.9222 0.0000e+00
      3.623      0.016     4.9333     58.781    151.399 151.062518     9.5400     1.2871     0.0426     0.3384 3.1408e+02     0.1890      3.553      5.152    24.9180 0.0000e+00
      3.627      0.016     4.9176     58.542    151.450 151.064912     9.5400     1.4397     0.0426     0.3384 3.1490e+02     0.0832      3.557      5.158    24.9125 0.0000e+00
      3.631      0.016     4.9012     58.311    151.500 151.057494     9.5400     1.4130     0.0426     0.3384 3.1676e+02     0.1286      3.561      5.164    24.9050 0.0000e+00
      3.635      0.016     4.8839     58.095    151.540 151.032272     9.6300     1.4435     0.0852     0.1269 3.1511e+02    -0.0980      3.564      5.170    24.8952 0.0000e+00
      3.639      0.016     4.8656     57.900    151.591 151.008561     9.6300     1.4359     0.0852     0.1269 3.1422e+02     0.0983      3.568      5.175    24.8827 0.0000e+00
      3.643      0.016     4.8472     57.743    151.654 150.984043     9.6300     1.4855     0.0852     0.1269 3.1525e+02     0.3249      3.572      5.181    24.8669 0.0000e+00
      3.646      0.015     4.8298     57.638    151.724 150.956182     9.6300     1.5007     0.0852     0.1269 3.1862e+02     0.3249      3.576      5.186    24.8481 0.0000e+00
      3.650      0.015     4.8138     57.586    151.788 150.913538     9.6300     1.4893     0.0426     0.2538 3.1807e+02     0.3249      3.580      5.192    24.8266 0.0000e+00
      3.654      0.015     4.7998     57.593    151.851 150.864765     9.6300     1.4893     0.0426     0.2538 3.1628e+02     0.3249      3.584      5.197    24.8019 0.0000e+00
      3.658      0.015     4.7894     57.660    151.924 150.824900     9.6300     1.7144     0.0426     0.2538 3.1696e+02     0.3552      3.587      5.203    24.7733 0.0000e+00
      3.662      0.015     4.7835     57.778    151.998 150.787314     9.6300     1.7296     0.0426     0.2538 3.1710e+02     0.3854      3.591      5.209    24.7410 0.0000e+00
      3.666      0.015     4.7824     57.928    152.079 150.758004     9.6300     1.7525     0.0426     0.2538 3.1738e+02     0.3552      3.595      5.214    24.7060 0.0000e+00
      3.670      0.014     4.7862     58.096    152.147 150.721136     9.4500     1.7220     0.0426     0.2115 3.1463e+02     0.2192      3.599      5.220    24.6695 0.0000e+00
      3.674      0.014     4.7951     58.274    152.190 150.664870     9.4500     1.8708     0.0426     0.2115 3.1600e+02     0.2343      3.602      5.225    24.6325 0.0000e+00
      3.677      0.014     4.8081     58.448    152.235 150.614266     9.4500     1.8441     0.0426     0.2115 3.1388e+02     0.3552      3.606      5.229    24.5958 0.0000e+00
      3.680      0.014     4.8238     58.609    152.281 150.567844     9.4500     1.8631     0.0426     0.2115 3.1463e+02     0.2494      3.609      5.234    24.5600 0.0000e+00
      3.684      0.014     4.8409     58.750    152.315 150.511217     9.7200     1.8593     0.0000     0.2538 3.0948e+02     0.3552      3.612      5.239    24.5258 0.0000e+00
      3.687      0.014     4.8586     58.883    152.347 150.451319     9.7200     1.8593     0.0000     0.2538 3.1157e+02     0.3098      3.616      5.244    24.4933 0.0000e+00
      3.691      0.014     4.8760     59.035    152.365 150.376179     9.7200     1.8441     0.0000     0.2538 3.1415e+02     0.2343      3.619      5.250    24.4620 0.0000e+00
      3.695      0.014     4.8922     59.237    152.358 150.271765     9.7200     1.8708     0.0000     0.2538 3.1170e+02     0.2645      3.623      5.255    24.4318 0.0000e+00
      3.698      0.014     4.9067     59.520    152.357 150.160314     9.8100     1.8708     0.0426     0.2961 3.1002e+02     0.3249      3.626      5.260    24.4020 0.0000e+00
      3.702      0.014     4.9205     59.918    152.365 150.046155     9.8100     1.7411     0.0426     0.2961 3.0934e+02     0.2796      3.630      5.265    24.3719 0.0000e+00
      3.705      0.014     4.9360     60.445    152.347 149.898839     9.8100     1.7296     0.0426     0.2961 3.0780e+02     0.3552      3.633      5.270    24.3416 0.0000e+00
      3.709      0.014     4.9559     61.090    152.326 149.743180     9.8100     1.7449     0.0426     0.2961 3.0494e+02     0.3854      3.637      5.275    24.3095 0.0000e+00
      3.712      0.014     4.9830     61.857    152.347 149.627807     9.8100     1.7449     0.0426     0.2115 3.0713e+02     0.4156      3.640      5.280    24.2734 0.0000e+00
      3.716      0.014     5.0201     62.756    152.373 149.517942     9.8100     1.6457     0.0426     0.2115 3.0428e+02     0.6271      3.644      5.285    24.2334 0.0000e+00
      3.720      0.014     5.0683     63.778    152.387 149.388289     9.8100     1.6800     0.0426     0.2115 3.0640e+02     0.6271      3.647      5.291    24.1909 0.0000e+00
      3.723      0.014     5.1267     64.911    152.428 149.272376     9.8100     1.6800     0.0426     0.2115 3.0767e+02     0.7328      3.651      5.296    24.1464 0.0000e+00
      3.727      0.015     5.1955     66.147    152.467 149.143293     9.8100     1.6495     0.0426     0.2115 3.0928e+02     0.6724      3.654      5.301    24.1018 0.0000e+00
      3.730      0.015     5.2755     67.472    152.472 148.970618     9.9000     1.7067     0.0426     0.2961 3.0767e+02     0.6724      3.658      5.306    24.0575 0.0000e+00
      3.734      0.015     5.3661     68.870    152.493 148.806448     9.9000     1.6838     0.0426     0.2961 3.0954e+02     0.6724      3.662      5.312    24.0105 0.0000e+00
      3.739      0.015     5.4668     70.305    152.515 148.649061     9.9000     1.6762     0.0426     0.2961 3.0787e+02     0.6120      3.666      5.317    23.9592 0.0000e+00
      3.743      0.015     5.5767     71.699    152.490 148.458483     9.9000     1.6724     0.0426     0.2961 3.1069e+02     0.6271      3.670      5.323    23.9044 0.0000e+00
      3.746      0.015     5.6946     72.979    152.465 148.280034     9.7200     1.6648     0.0426     0.1692 3.0814e+02     0.3552      3.674      5.328    23.8461 0.0000e+00
      3.750      0.014     5.8193     74.096    152.450 148.126213     9.7200     1.6610     0.0426     0.1692 3.0720e+02     0.3400      3.677      5.334    23.7855 0.0000e+00
      3.753      0.014     5.9469     75.016    152.394 147.943978     9.7200     1.6648     0.0426     0.1692 3.0693e+02     0.2645      3.681      5.339    23.7270 0.0000e+00
      3.757      0.014     6.0710     75.731    152.337 147.764848     9.7200     1.6724     0.0426     0.1692 3.0854e+02     0.4458      3.684      5.344    23.6724 0.0000e+00
      3.760      0.013     6.1852     76.278    152.290 147.603145     9.8100     1.7907     0.0000     0.1692 3.0894e+02     0.3098      3.688      5.349    23.6218 0.0000e+00
      3.764      0.013     6.2851     76.699    152.181 147.389703     9.8100     1.8059     0.0000     0.1692 3.0740e+02     0.2645      3.691      5.353    23.5761 0.0000e+00
      3.767      0.013     6.3680     77.037    152.060 147.169753     9.8100     1.7868     0.0000     0.1692 3.0607e+02     0.3249      3.694      5.358    23.5341 0.0000e+00
      3.771      0.012     6.4335     77.343    151.971 146.984786     9.8100     1.7754     0.0000     0.1692 3.0408e+02     0.3552      3.698      5.363    23.4936 0.0000e+00
      3.774      0.012     6.4846     77.629    151.857 146.775460     9.8100     1.7563     0.0000     0.1692 3.0184e+02     0.2494      3.701      5.367    23.4554 0.0000e+00
      3.777      0.011     6.5246     77.878    151.750 146.574079     9.8100     1.7983     0.0426     0.2538 3.0197e+02     0.3854      3.704      5.372    23.4200 0.0000e+00
      3.779      0.010     6.5575     78.074    151.688 146.419072     9.8100     1.7945     0.0426     0.2538 3.0191e+02     0.3249      3.706      5.376    23.3863 0.0000e+00
      3.782      0.009     6.5875     78.201    151.634 146.275109     9.8100     1.8021     0.0426     0.2538 2.9748e+02     0.3552      3.709      5.379    23.3535 0.0000e+00
      3.784      0.009     6.6160     78.247    151.600 146.147859     9.8100     1.8631     0.0426     0.2538 2.9606e+02     0.2796      3.711      5.382    23.3211 0.0000e+00
      3.786      0.009     6.6412     78.224    151.580 146.027420     9.7200     1.8479     0.0426     0.2115 2.9988e+02     0.3703      3.713      5.385    23.2887 0.0000e+00
