Data/DataNotYetUploadedToEDI/Raw_CTD/RawDownloads/060826_ccr10_S8188018.cnv
* Sea-Bird SBE19plus  Data File:
* FileName = C:\R\Reservoirs\Data\DataNotYetUploadedToEDI\Raw_CTD\RawDownloads\062526_ccr50_S8188_0018.hex
* Software version 2.8.0.119
* Temperature SN = 8188
* Conductivity SN = 8188
* System UpLoad Time = Jun 29 2026 18:16:13
* <ApplicationData>
* <Seaterm232>
# nquan = 16
# nvalues = 3691                        
# units = specified
# name 0 = depFM: Depth [fresh water, m]
# name 1 = dz/dtM: Descent Rate [m/s]
# name 2 = sbeox0Mg/L: Oxygen, SBE 43 [mg/l]
# name 3 = sbeox0PS: Oxygen, SBE 43 [% saturation]
# name 4 = specc: Specific Conductance [uS/cm]
# name 5 = c0uS/cm: Conductivity [uS/cm]
# name 6 = wetCDOM: Fluorescence, WET Labs CDOM [mg/m^3]
# name 7 = flECO-AFL: Fluorescence, WET Labs ECO-AFL/FL [mg/m^3]
# name 8 = flECO-AFL1: Fluorescence, WET Labs ECO-AFL/FL, 2 [mg/m^3]
# name 9 = flECO-AFL2: Fluorescence, WET Labs ECO-AFL/FL, 3 [mg/m^3]
# name 10 = par/sat/log: PAR/Logarithmic, Satlantic
# name 11 = turbWETntu0: Turbidity, WET Labs ECO [NTU]
# name 12 = prdM: Pressure, Strain Gauge [db]
# name 13 = prdE: Pressure, Strain Gauge [psi]
# name 14 = tv290C: Temperature [ITS-90, deg C]
# name 15 = flag:  0.000e+00
# span 0 =     -0.482,      9.491       
# span 1 =     -0.209,      0.182       
# span 2 =     4.6519,    11.4448       
# span 3 =     57.586,    111.977       
# span 4 =   -633.725,    153.019       
# span 5 =-474.552703, 159.765736       
# span 6 =    -5.4000,    33.2100       
# span 7 =    -0.2846,   245.1682       
# span 8 =    -2.1300,     2.0874       
# span 9 =    -7.9524,     6.9372       
# span 10 = 1.1425e+01, 3.2937e+03      
# span 11 =    -5.0378,   971.0038      
# span 12 =     -0.472,      9.308      
# span 13 =     -0.685,     13.500      
# span 14 =    12.4176,    28.6733      
# span 15 = 0.0000e+00, 0.0000e+00      
# interval = seconds: 0.25
# start_time = Jun 11 2026 12:10:55 [Instrument's time stamp, header]
# bad_flag = -9.990e-29
*END*
[from data line 2803]
      9.340      0.021     8.8728     82.768    -79.035 -59.190090    16.2900     2.0615     0.0852     0.3807 1.2767e+01     2.9535      9.160     13.285    12.4363 0.0000e+00
      9.346      0.021     8.8589     82.734   -228.632-171.211267    16.2900     2.0424     0.0852     0.3807 1.2684e+01     2.9837      9.165     13.293    12.4361 0.0000e+00
      9.351      0.021     8.8465     82.737   -477.928-357.888583    16.2900     2.0501     0.0852     0.3807 1.2637e+01     3.0441      9.170     13.301    12.4358 0.0000e+00
      9.357      0.021     8.8364     82.765   -633.725-474.552703    16.2000     2.0424     0.0852     0.2538 1.2534e+01     2.9384      9.176     13.309    12.4354 0.0000e+00
      9.362      0.020     8.8291     82.787   -477.908-357.876106    16.2000     2.1073     0.0852     0.2538 1.2525e+01     3.6635      9.181     13.316    12.4350 0.0000e+00
      9.368      0.020     8.8256     82.778   -228.604-171.194983    16.2000     2.0997     0.0852     0.2538 1.2479e+01     3.7239      9.186     13.324    12.4347 0.0000e+00
      9.373      0.019     8.8263     82.728    -79.010 -59.177651    16.2000     2.0844     0.0852     0.2538 1.2523e+01     3.6937      9.191     13.331    12.4343 0.0000e+00
      9.377      0.018     8.8294     82.646     10.756   8.039181    16.2000     2.0997     0.0852     0.2538 1.2433e+01     3.7390      9.196     13.337    12.4339 0.0000e+00
      9.382      0.018     8.8318     82.541     64.615  48.368007    16.2900     2.1874     0.0852     0.3384 1.2431e+01     4.1771      9.200     13.344    12.4335 0.0000e+00
      9.386      0.017     8.8306     82.426     96.917  72.555182    16.2900     2.1798     0.0852     0.3384 1.2444e+01     4.1922      9.205     13.350    12.4332 0.0000e+00
      9.391      0.017     8.8252     82.309    116.302  87.070613    16.2900     2.1950     0.0852     0.3384 1.2404e+01     4.1620      9.209     13.356    12.4329 0.0000e+00
      9.395      0.016     8.8164     82.205    127.957  95.797077    16.2900     2.1645     0.0852     0.3384 1.2334e+01     4.1771      9.213     13.362    12.4324 0.0000e+00
      9.399      0.016     8.8053     82.125    134.956 101.037639    16.2900     2.0348     0.0852     0.2538 1.2291e+01     4.5547      9.217     13.368    12.4320 0.0000e+00
      9.403      0.016     8.7930     82.073    139.134 104.165791    16.2900     2.0386     0.0852     0.2538 1.2299e+01     4.6152      9.221     13.373    12.4317 0.0000e+00
      9.407      0.015     8.7806     82.040    141.622 106.027704    16.2900     2.0157     0.0852     0.2538 1.2272e+01     4.6605      9.224     13.379    12.4314 0.0000e+00
      9.410      0.015     8.7695     82.017    143.121 107.147877    16.2900     2.0119     0.0852     0.2538 1.2267e+01     4.6454      9.228     13.384    12.4313 0.0000e+00
      9.414      0.016     8.7610     81.996    144.033 107.829021    16.2900     2.3095     0.0852     0.2961 1.2200e+01     6.3373      9.232     13.390    12.4312 0.0000e+00
      9.418      0.016     8.7555     81.978    144.596 108.248776    16.2900     2.2675     0.0852     0.2961 1.2158e+01     6.3977      9.236     13.396    12.4309 0.0000e+00
      9.423      0.016     8.7521     81.961    144.933 108.499084    16.2900     2.2904     0.0852     0.2961 1.2090e+01     6.3977      9.240     13.402    12.4305 0.0000e+00
      9.427      0.015     8.7497     81.940    145.123 108.638697    16.2900     2.2751     0.0852     0.2961 1.2061e+01     6.2920      9.244     13.407    12.4299 0.0000e+00
      9.430      0.015     8.7476     81.914    145.247 108.728835    16.2900     2.6757     0.0852     0.2961 1.2103e+01     7.2286      9.248     13.413    12.4292 0.0000e+00
      9.434      0.014     8.7458     81.881    145.332 108.789537    16.2900     2.6452     0.0426     0.2538 1.2061e+01     7.3041      9.251     13.418    12.4286 0.0000e+00
      9.438      0.013     8.7442     81.841    145.378 108.820997    16.2900     2.6413     0.0426     0.2538 1.1990e+01     7.2135      9.255     13.423    12.4279 0.0000e+00
      9.441      0.013     8.7421     81.792    145.406 108.839599    16.2900     2.6528     0.0426     0.2538 1.1967e+01     7.2437      9.258     13.428    12.4271 0.0000e+00
      9.444      0.012     8.7395     81.733    145.450 108.870299    16.2900     2.7863     0.0426     0.2538 1.1954e+01     7.9839      9.261     13.432    12.4261 0.0000e+00
      9.447      0.012     8.7362     81.659    145.516 108.917282    16.2900     2.7558     0.1278     0.2538 1.1972e+01     7.9688      9.264     13.436    12.4251 0.0000e+00
      9.450      0.011     8.7320     81.568    145.576 108.961091    16.2900     2.7672     0.1278     0.2538 1.1948e+01     8.0745      9.267     13.440    12.4241 0.0000e+00
      9.453      0.011     8.7270     81.453    145.627 108.997411    16.2900     2.7939     0.1278     0.2538 1.1925e+01     7.9990      9.270     13.444    12.4232 0.0000e+00
      9.455      0.010     8.7209     81.303    145.670 109.027932    16.2900     2.7710     0.1278     0.2538 1.1910e+01     9.8269      9.272     13.448    12.4223 0.0000e+00
      9.458      0.010     8.7131     81.113    145.697 109.046796    16.2900     2.7482     0.0852     0.3384 1.1866e+01     9.8420      9.275     13.452    12.4216 0.0000e+00
      9.460      0.009     8.7035     80.884    145.701 109.049038    16.2900     2.7558     0.0852     0.3384 1.1822e+01     9.9326      9.277     13.455    12.4210 0.0000e+00
      9.462      0.009     8.6913     80.621    145.692 109.041253    16.2900     2.7939     0.0852     0.3384 1.1832e+01     9.7967      9.280     13.459    12.4205 0.0000e+00
      9.465      0.008     8.6754     80.340    145.696 109.043358    16.2900     2.9160     0.0852     0.3384 1.1845e+01    11.0052      9.282     13.462    12.4199 0.0000e+00
      9.467      0.008     8.6553     80.059    145.711 109.053915    16.2900     2.9427     0.1278     0.2961 1.1807e+01    11.0958      9.284     13.465    12.4195 0.0000e+00
      9.468      0.007     8.6309     79.797    145.704 109.047749    16.2900     2.8779     0.1278     0.2961 1.1822e+01    10.9297      9.285     13.468    12.4191 0.0000e+00
      9.470      0.007     8.6029     79.571    145.683 109.031212    16.2900     2.8931     0.1278     0.2961 1.1786e+01    11.0807      9.287     13.470    12.4188 0.0000e+00
      9.472      0.007     8.5730     79.391    145.684 109.031884    16.2900     3.0953     0.1278     0.2961 1.1771e+01    12.0324      9.289     13.473    12.4185 0.0000e+00
      9.474      0.007     8.5431     79.256    145.711 109.051944    16.2900     3.0915     0.1278     0.2961 1.1766e+01    12.0173      9.291     13.475    12.4182 0.0000e+00
      9.476      0.007     8.5152     79.154    145.749 109.080745    16.2900     3.0610     0.0852     0.2538 1.1753e+01    12.0173      9.292     13.478    12.4179 0.0000e+00
      9.477      0.006     8.4911     79.069    145.775 109.099978    16.2900     3.1029     0.0852     0.2538 1.1740e+01    11.9569      9.294     13.480    12.4177 0.0000e+00
      9.479      0.006     8.4719     78.988    145.776 109.100776    16.2900     3.1830     0.0852     0.2538 1.1722e+01    13.9660      9.296     13.482    12.4176 0.0000e+00
      9.481      0.006     8.4574     78.903    145.777 109.101346    16.2900     3.1144     0.0852     0.2538 1.1725e+01    13.8754      9.297     13.485    12.4177 0.0000e+00
      9.482      0.006     8.4466     78.818    145.788 109.109836    16.3800     3.1449     0.0852     0.3384 1.1684e+01    13.9056      9.299     13.487    12.4177 0.0000e+00
      9.484      0.006     8.4375     78.738    145.792 109.112516    16.3800     3.1411     0.0852     0.3384 1.1646e+01    13.9812      9.300     13.489    12.4177 0.0000e+00
      9.485      0.005     8.4289     78.667    145.783 109.106103    16.3800     3.3166     0.0852     0.3384 1.1641e+01    16.0205      9.302     13.491    12.4176 0.0000e+00
      9.486      0.005     8.4198     78.610    145.793 109.112877    16.3800     3.3394     0.0852     0.3384 1.1631e+01    15.9752      9.303     13.493    12.4176 0.0000e+00
      9.487      0.004     8.4108     78.573    145.822 109.134645    16.2900     3.3242     0.0852     0.2961 1.1623e+01    16.0961      9.304     13.494    12.4176 0.0000e+00
      9.489      0.004     8.4023     78.557    145.835 109.145223    16.2900     3.3318     0.0852     0.2961 1.1649e+01    16.0205      9.305     13.496    12.4176 0.0000e+00
      9.490      0.003     8.3947     78.549    145.833 109.145433    16.2900     3.3890     0.0852     0.2961 1.1585e+01    16.0507      9.306     13.497    12.4176 0.0000e+00
      9.490      0.002     8.3886     78.535    145.834 109.149325    16.2900     3.4157     0.0852     0.2961 1.1596e+01    16.0205      9.307     13.498    12.4176 0.0000e+00
      9.491      0.001     8.3847     78.501    145.833 109.151941    16.2900     3.3929     0.0852     0.2538 1.1575e+01    15.9903      9.307     13.499    12.4177 0.0000e+00
      9.491      0.000     8.3828     78.456    145.826 109.149978    16.2900     3.3814     0.0852     0.2538 1.1555e+01    16.0809      9.308     13.500    12.4180 0.0000e+00
      9.491     -0.003     8.3818     78.424    145.817 109.146912    16.2900     3.3394     0.0852     0.2538 1.1528e+01    14.3890      9.308     13.499    12.4186 0.0000e+00
      9.490     -0.005     8.3802     78.406    145.801 109.137927    16.2900     3.3318     0.0852     0.2538 1.1513e+01    14.4495      9.307     13.499    12.4195 0.0000e+00
      9.489     -0.009     8.3764     78.408    145.784 109.126625    16.2900     3.3242     0.0852     0.2538 1.1450e+01    14.4192      9.306     13.497    12.4206 0.0000e+00
      9.486     -0.013     8.3714     78.444    145.775 109.119989    16.2900     3.3242     0.0852     0.3384 1.1425e+01    14.3890      9.303     13.493    12.4219 0.0000e+00
      9.483     -0.018     8.3677     78.527    145.766 109.114250    16.2900     3.2670     0.0852     0.3384 1.1488e+01    15.7335      9.300     13.488    12.4230 0.0000e+00
      9.478     -0.024     8.3656     78.661    145.748 109.103879    16.2900     3.3013     0.0852     0.3384 1.1518e+01    15.7637      9.295     13.482    12.4240 0.0000e+00
      9.472     -0.031     8.3657     78.828    145.718 109.086111    16.2900     3.2822     0.0852     0.3384 1.1533e+01    15.7788      9.289     13.473    12.4245 0.0000e+00
      9.464     -0.040     8.3695     79.003    145.666 109.054207    16.2900     3.2517     0.0852     0.2961 1.1548e+01    15.8544      9.281     13.461    12.4246 0.0000e+00
      9.453     -0.050     8.3783     79.170    145.603 109.019653    16.2900     3.1640     0.0852     0.2961 1.1500e+01    14.5552      9.271     13.447    12.4250 0.0000e+00
      9.440     -0.063     8.3924     79.327    145.561 109.007224    16.2900     3.1373     0.0852     0.2961 1.1530e+01    14.6458      9.258     13.428    12.4260 0.0000e+00
      9.424     -0.075     8.4099     79.477    145.532 109.011606    16.2900     3.1411     0.0852     0.2961 1.1543e+01    14.7214      9.242     13.404    12.4276 0.0000e+00
      9.403     -0.087     8.4281     79.630    145.501 109.015976    16.2900     3.1296     0.1278     0.2538 1.1656e+01    14.6609      9.222     13.375    12.4301 0.0000e+00
      9.377     -0.096     8.4451     79.809    145.464 109.007506    16.2900     1.7983     0.1278     0.2538 1.2512e+01     2.9232      9.196     13.338    12.4342 0.0000e+00
      9.348     -0.102     8.4607     80.062    145.414 108.977942    16.2900     1.8097     0.1278     0.2538 1.3503e+01     2.8930      9.167     13.296    12.4408 0.0000e+00
      9.318     -0.104     8.4749     80.438    145.361 108.937392    16.2900     1.7868     0.1278     0.2538 1.3722e+01     2.9535      9.138     13.254    12.4500 0.0000e+00
      9.290     -0.103     8.4894     80.945    145.328 108.907032    16.2900     1.8097     0.1278     0.2538 1.3722e+01     2.9081      9.111     13.214    12.4593 0.0000e+00
      9.265     -0.099     8.5073     81.555    145.328 108.898758    16.2000     2.4773     0.1278     0.2961 1.3881e+01   120.1189      9.086     13.178    12.4659 0.0000e+00
      9.241     -0.095     8.5337     82.223    145.349 108.906366    16.2000     2.4506     0.1278     0.2961 1.4054e+01   120.1189      9.063     13.144    12.4686 0.0000e+00
      9.218     -0.091     8.5738     82.892    145.366 108.911889    16.2000     2.4735     0.1278     0.2961 1.4276e+01   120.1643      9.040     13.112    12.4685 0.0000e+00
      9.196     -0.087     8.6283     83.506    145.375 108.912804    16.2000     2.4888     0.1278     0.2961 1.4609e+01   120.1038      9.018     13.080    12.4665 0.0000e+00
      9.174     -0.085     8.6939     84.023    145.387 108.917349    16.2900     1.8631     0.1278     0.4230 1.4759e+01    13.7395      8.997     13.049    12.4637 0.0000e+00
      9.153     -0.083     8.7657     84.411    145.393 108.918741    16.2900     1.8517     0.1278     0.4230 1.5106e+01    13.6337      8.976     13.019    12.4608 0.0000e+00
      9.132     -0.080     8.8374     84.665    145.372 108.901357    16.2900     1.8250     0.1278     0.4230 1.5337e+01    13.7395      8.956     12.989    12.4583 0.0000e+00
      9.111     -0.076     8.9033     84.810    145.347 108.880553    16.2900     1.8555     0.1278     0.4230 1.5647e+01    13.7243      8.935     12.960    12.4563 0.0000e+00
      9.092     -0.072     8.9587     84.875    145.353 108.882771    16.3800     1.8631     0.0852     0.3807 1.6092e+01     5.2647      8.916     12.931    12.4548 0.0000e+00
      9.073     -0.067     9.0002     84.893    145.365 108.888608    16.3800     1.8746     0.0852     0.3807 1.6481e+01     5.3856      8.898     12.905    12.4537 0.0000e+00
      9.056     -0.062     9.0275     84.895    145.356 108.879629    16.3800     1.8517     0.0852     0.3807 1.6546e+01     5.3705      8.881     12.881    12.4530 0.0000e+00
      9.042     -0.057     9.0430     84.906    145.337 108.865434    16.3800     1.8517     0.0852     0.3807 1.6492e+01     5.4611      8.867     12.861    12.4524 0.0000e+00
      9.030     -0.054     9.0501     84.941    145.319 108.854235    16.3800     1.6037     0.0852     0.3384 1.6395e+01     1.3673      8.855     12.843    12.4516 0.0000e+00
      9.018     -0.053     9.0523     85.006    145.319 108.859038    16.3800     1.6228     0.0852     0.3384 1.6417e+01     1.3975      8.843     12.826    12.4505 0.0000e+00
      9.006     -0.054     9.0527     85.093    145.352 108.889123    16.3800     1.5999     0.0852     0.3384 1.6531e+01     1.3069      8.831     12.809    12.4498 0.0000e+00
      8.992     -0.056     9.0539     85.195    145.397 108.928521    16.3800     1.6075     0.0852     0.3384 1.6777e+01     1.3220      8.818     12.790    12.4497 0.0000e+00
      8.977     -0.059     9.0575     85.298    145.419 108.949751    16.3800     1.6724     0.0852     0.3384 1.7105e+01     2.3190      8.803     12.768    12.4505 0.0000e+00
      8.961     -0.061     9.0641     85.375    145.410 108.948479    16.3800     1.6610     0.0852     0.3807 1.7333e+01     2.3039      8.788     12.746    12.4521 0.0000e+00
      8.945     -0.062     9.0730     85.399    145.389 108.938359    16.3800     1.6648     0.0852     0.3807 1.7515e+01     2.1528      8.772     12.722    12.4540 0.0000e+00
      8.928     -0.062     9.0834     85.358    145.362 108.922693    16.3800     1.6495     0.0852     0.3807 1.7876e+01     2.3039      8.755     12.699    12.4559 0.0000e+00
      8.912     -0.061     9.0940     85.249    145.350 108.917296    16.3800     1.8021     0.0852     0.3807 1.8353e+01     2.3039      8.739     12.675    12.4578 0.0000e+00
