Data/DataNotYetUploadedToEDI/Raw_CTD/RawDownloads/060826_bvr50_S8188015.cnv
* Sea-Bird SBE19plus  Data File:
* FileName = C:\R\Reservoirs\Data\DataNotYetUploadedToEDI\Raw_CTD\RawDownloads\062526_ccr50_S8188_0015.hex
* Software version 2.8.0.119
* Temperature SN = 8188
* Conductivity SN = 8188
* System UpLoad Time = Jun 29 2026 18:13:42
* <ApplicationData>
* <Seaterm232>
# nquan = 16
# nvalues = 1058                        
# units = specified
# name 0 = depFM: Depth [fresh water, m]
# name 1 = dz/dtM: Descent Rate [m/s]
# name 2 = sbeox0Mg/L: Oxygen, SBE 43 [mg/l]
# name 3 = sbeox0PS: Oxygen, SBE 43 [% saturation]
# name 4 = specc: Specific Conductance [uS/cm]
# name 5 = c0uS/cm: Conductivity [uS/cm]
# name 6 = wetCDOM: Fluorescence, WET Labs CDOM [mg/m^3]
# name 7 = flECO-AFL: Fluorescence, WET Labs ECO-AFL/FL [mg/m^3]
# name 8 = flECO-AFL1: Fluorescence, WET Labs ECO-AFL/FL, 2 [mg/m^3]
# name 9 = flECO-AFL2: Fluorescence, WET Labs ECO-AFL/FL, 3 [mg/m^3]
# name 10 = par/sat/log: PAR/Logarithmic, Satlantic
# name 11 = turbWETntu0: Turbidity, WET Labs ECO [NTU]
# name 12 = prdM: Pressure, Strain Gauge [db]
# name 13 = prdE: Pressure, Strain Gauge [psi]
# name 14 = tv290C: Temperature [ITS-90, deg C]
# name 15 = flag:  0.000e+00
# span 0 =     -0.664,      5.070       
# span 1 =     -0.226,      0.240       
# span 2 =    -0.4892,    10.1584       
# span 3 =     -4.769,    106.718       
# span 4 =   -631.464,     97.102       
# span 5 =-507.911468,  75.917557       
# span 6 =    -4.5000,    29.5200       
# span 7 =    -2.1424,    15.8404       
# span 8 =    -2.1300,     0.8946       
# span 9 =    -3.6801,     5.8797       
# span 10 = 1.1590e-01, 1.6233e+03      
# span 11 =    -3.1495,   971.1096      
# span 12 =     -0.651,      4.972      
# span 13 =     -0.944,      7.211      
# span 14 =    14.0887,    24.1408      
# span 15 = 0.0000e+00, 0.0000e+00      
# interval = seconds: 0.25
# start_time = Jun 08 2026 10:49:36 [Instrument's time stamp, header]
# bad_flag = -9.990e-29
*END*
[from data line 904]
      3.544     -0.165     0.7052      6.867     88.419  70.448978    28.4400     1.7411     0.1278     3.8916 1.3330e+00     3.0592      3.475      5.041    14.7782 0.0000e+00
      3.502     -0.167     0.7030      6.904     88.421  70.482162    28.4400     1.7487     0.1278     3.8916 1.4163e+00     2.9535      3.435      4.982    14.7910 0.0000e+00
      3.461     -0.169     0.6995      6.993     88.441  70.525756    28.4400     1.7411     0.1278     3.8916 1.4763e+00     2.9384      3.394      4.922    14.8037 0.0000e+00
      3.417     -0.171     0.6960      7.126     88.454  70.559455    28.4400     2.0424     0.1278     3.8916 1.6131e+00     3.4369      3.351      4.861    14.8180 0.0000e+00
      3.372     -0.171     0.6947      7.284     88.459  70.584266    27.2700     2.0310     0.1278     4.2723 1.8243e+00     3.4822      3.307      4.797    14.8347 0.0000e+00
      3.327     -0.171     0.6982      7.442     88.487  70.626760    27.2700     2.0310     0.1278     4.2723 1.9770e+00     3.5728      3.262      4.732    14.8523 0.0000e+00
      3.282     -0.169     0.7070      7.575     88.527  70.678315    27.2700     2.0653     0.1278     4.2723 2.1636e+00     3.4671      3.218      4.668    14.8680 0.0000e+00
      3.239     -0.166     0.7202      7.669     88.546  70.712769    27.2700     2.5422     0.1278     4.2723 2.2918e+00     4.3584      3.176      4.607    14.8812 0.0000e+00
      3.197     -0.162     0.7359      7.723     88.528  70.719353    23.9400     2.5536     0.1704     4.9914 2.4203e+00     4.4490      3.135      4.548    14.8932 0.0000e+00
      3.158     -0.160     0.7517      7.741     88.492  70.711798    23.9400     2.5078     0.1704     4.9914 2.5515e+00     4.3735      3.097      4.492    14.9045 0.0000e+00
      3.119     -0.158     0.7650      7.737     88.494  70.731992    23.9400     2.5345     0.1704     4.9914 2.6121e+00     4.4037      3.059      4.436    14.9155 0.0000e+00
      3.080     -0.158     0.7744      7.733     88.534  70.779335    23.9400     2.8435     0.1704     4.9914 2.7139e+00     4.9173      3.020      4.381    14.9266 0.0000e+00
      3.039     -0.159     0.7797      7.750     88.569  70.820554    23.9400     2.8588     0.1704     4.9914 3.0452e+00     4.8115      2.981      4.323    14.9384 0.0000e+00
      2.998     -0.159     0.7812      7.808     88.592  70.850678    22.2300     2.8512     0.1704     5.0760 3.3999e+00     4.8418      2.940      4.264    14.9504 0.0000e+00
      2.956     -0.157     0.7806      7.930     88.613  70.877738    22.2300     2.8473     0.1704     5.0760 3.7926e+00     4.8569      2.898      4.204    14.9609 0.0000e+00
      2.914     -0.154     0.7801      8.124     88.636  70.904961    22.2300     3.1373     0.1704     5.0760 4.1199e+00     5.0533      2.858      4.145    14.9694 0.0000e+00
      2.875     -0.149     0.7816      8.380     88.658  70.931624    22.2300     3.1373     0.1704     5.0760 4.4882e+00     5.0986      2.819      4.089    14.9767 0.0000e+00
      2.838     -0.144     0.7874      8.679     88.682  70.960845    22.5000     3.1563     0.1704     4.4838 4.7978e+00     5.0835      2.783      4.036    14.9834 0.0000e+00
      2.802     -0.139     0.7996      8.988     88.704  70.990441    22.5000     3.1640     0.1704     4.4838 5.0679e+00     5.1288      2.748      3.986    14.9893 0.0000e+00
      2.768     -0.136     0.8191      9.279     88.719  71.018325    22.5000     3.3242     0.1704     4.4838 5.3218e+00     5.3252      2.715      3.938    14.9944 0.0000e+00
      2.736     -0.134     0.8449      9.526     88.753  71.061912    22.5000     3.3509     0.1704     4.4838 5.4612e+00     5.3403      2.683      3.891    14.9993 0.0000e+00
      2.703     -0.134     0.8748      9.714     88.824  71.134821    22.7700     3.3280     0.1704     4.5261 5.6043e+00     5.3856      2.651      3.845    15.0049 0.0000e+00
      2.669     -0.135     0.9059      9.833     88.906  71.214590    22.7700     3.3356     0.1704     4.5261 6.2285e+00     5.3554      2.618      3.797    15.0119 0.0000e+00
      2.634     -0.134     0.9350      9.892     88.949  71.262620    22.7700     5.8953     0.1704     4.5261 7.3886e+00     5.8237      2.583      3.746    15.0206 0.0000e+00
      2.597     -0.132     0.9597      9.906     88.941  71.269769    22.7700     5.8801     0.1704     4.5261 8.6137e+00     5.9143      2.547      3.695    15.0302 0.0000e+00
      2.562     -0.128     0.9784      9.893     88.917  71.263887    22.6800     5.8801     0.1704     4.0608 9.5006e+00     5.8388      2.513      3.645    15.0391 0.0000e+00
      2.530     -0.123     0.9903      9.871     88.911  71.269350    22.6800     5.8801     0.1704     4.0608 1.0103e+01     5.8690      2.481      3.598    15.0469 0.0000e+00
      2.499     -0.117     0.9961      9.858     88.917  71.283623    22.6800     9.0044     0.1704     4.0608 1.0742e+01     6.2618      2.451      3.555    15.0546 0.0000e+00
      2.472     -0.113     0.9973      9.866     88.913  71.288560    22.6800     8.9967     0.1704     4.0608 1.1059e+01     6.3373      2.424      3.515    15.0624 0.0000e+00
      2.446     -0.111     0.9959      9.891     88.905  71.291465    22.6800     9.0234     0.1704     4.0608 1.0842e+01     6.2920      2.399      3.478    15.0695 0.0000e+00
      2.420     -0.112     0.9935      9.926     88.952  71.339012    22.7700     8.9815     0.1704     3.7224 1.0518e+01     6.2920      2.374      3.442    15.0755 0.0000e+00
      2.393     -0.115     0.9921      9.972     89.050  71.427915    22.7700     8.5084     0.1704     3.7224 1.1134e+01     6.3675      2.347      3.404    15.0805 0.0000e+00
      2.363     -0.120     0.9928     10.023     89.112  71.490085    22.7700     8.5237     0.1704     3.7224 1.2767e+01     6.4279      2.318      3.361    15.0853 0.0000e+00
      2.331     -0.125     0.9952     10.071     89.120  71.510169    22.7700     8.5084     0.1704     3.7224 1.4781e+01     6.2769      2.286      3.315    15.0904 0.0000e+00
      2.297     -0.129     0.9986     10.112     89.124  71.527451    22.5000     8.5084     0.1704     2.7495 1.6257e+01     6.3977      2.253      3.267    15.0959 0.0000e+00
      2.263     -0.132     1.0030     10.146     89.136  71.548535    22.5000     8.5771     0.1704     2.7495 1.7303e+01     6.5488      2.219      3.218    15.1019 0.0000e+00
      2.229     -0.134     1.0080     10.181     89.139  71.561085    22.5000     8.5504     0.1704     2.7495 1.8393e+01     6.6394      2.186      3.170    15.1089 0.0000e+00
      2.195     -0.136     1.0128     10.223     89.128  71.560463    22.5000     8.5695     0.1704     2.7495 1.9760e+01     6.5488      2.153      3.122    15.1167 0.0000e+00
      2.161     -0.138     1.0167     10.278     89.081  71.530539    22.2300     8.5886     0.1704     2.6649 2.1141e+01     6.4884      2.119      3.073    15.1244 0.0000e+00
      2.126     -0.142     1.0200     10.356     88.964  71.443378    22.2300     8.3368     0.1704     2.6649 2.2753e+01     6.3675      2.084      3.023    15.1308 0.0000e+00
      2.090     -0.146     1.0234     10.456     88.732  71.263762    22.2300     8.3787     0.1704     2.6649 2.4280e+01     6.2316      2.049      2.972    15.1364 0.0000e+00
      2.052     -0.150     1.0274     10.568     88.299  70.921843    22.2300     8.3406     0.1704     2.6649 2.6439e+01     6.2618      2.012      2.919    15.1414 0.0000e+00
      2.013     -0.154     1.0329     10.678     87.518  70.300498    22.2300     8.3368     0.1704     2.6649 2.9705e+01     6.4279      1.974      2.863    15.1460 0.0000e+00
      1.973     -0.158     1.0406     10.772     86.194  69.244013    22.1400     9.5804     0.1704     2.7918 3.3338e+01     6.0503      1.935      2.806    15.1498 0.0000e+00
      1.931     -0.161     1.0506     10.839     83.968  67.462676    22.1400     9.5956     0.1704     2.7918 3.7100e+01     6.0956      1.894      2.746    15.1533 0.0000e+00
      1.889     -0.161     1.0617     10.872     80.194  64.437561    22.1400     9.6071     0.1704     2.7918 4.0680e+01     6.1711      1.852      2.686    15.1569 0.0000e+00
      1.847     -0.161     1.0727     10.868     73.837  59.336026    22.1400     9.6071     0.1704     2.7918 4.3857e+01     6.1107      1.811      2.626    15.1609 0.0000e+00
      1.805     -0.159     1.0821     10.828     63.130  50.735794    22.1400    11.8311     0.1704     3.0456 4.7005e+01     6.0050      1.770      2.567    15.1656 0.0000e+00
      1.765     -0.157     1.0887     10.765     45.180  36.309544    22.1400    11.8387     0.1704     3.0456 4.9349e+01     6.1107      1.731      2.510    15.1709 0.0000e+00
      1.725     -0.154     1.0919     10.694     15.278  12.268153    22.1400    11.8311     0.1704     3.0456 5.0193e+01     6.0050      1.692      2.454    15.1767 0.0000e+00
      1.686     -0.151     1.0913     10.627    -34.550 -27.803408    22.1400    11.8311     0.1704     3.0456 5.3679e+01     6.0654      1.654      2.398    15.1830 0.0000e+00
      1.648     -0.147     1.0872     10.569   -117.669 -94.654753    21.8700    11.8311     0.2130     3.0456 5.7745e+01     6.2467      1.616      2.343    15.1896 0.0000e+00
      1.610     -0.142     1.0807     10.526   -256.243-206.112904    21.8700    11.8082     0.2130     3.0456 6.0691e+01     6.2467      1.579      2.290    15.1960 0.0000e+00
      1.574     -0.137     1.0735     10.508   -487.178-391.860123    21.8700    11.8235     0.2130     3.0456 6.2172e+01     6.2769      1.543      2.238    15.2015 0.0000e+00
      1.540     -0.133     1.0667     10.523   -631.464-507.911468    21.8700    11.8387     0.2130     3.0456 6.2647e+01     6.2618      1.510      2.190    15.2054 0.0000e+00
      1.507     -0.128     1.0608     10.571   -487.062-391.760298    21.6000    10.7286     0.2130     3.3840 6.3552e+01     6.0654      1.478      2.144    15.2076 0.0000e+00
      1.476     -0.125     1.0564     10.642   -256.100-205.984426    21.6000    10.7210     0.2130     3.3840 6.5217e+01     5.9899      1.447      2.100    15.2086 0.0000e+00
      1.446     -0.123     1.0546     10.731   -117.516 -94.511257    21.6000    10.7096     0.2130     3.3840 6.6882e+01     6.1409      1.417      2.056    15.2094 0.0000e+00
      1.415     -0.121     1.0561     10.834    -34.316 -27.584676    21.6000    10.7210     0.2130     3.3840 6.9429e+01     6.0654      1.387      2.012    15.2107 0.0000e+00
      1.383     -0.117     1.0609     10.944     15.644  12.604487    21.6000     9.0158     0.2130     3.3840 7.3145e+01     7.2890      1.357      1.968    15.2129 0.0000e+00
      1.352     -0.112     1.0679     11.050     45.649  36.743405    21.5100     8.9967     0.1704     3.4686 7.6594e+01     7.2135      1.326      1.923    15.2158 0.0000e+00
      1.322     -0.105     1.0767     11.145     63.711  51.277106    21.5100     9.0311     0.1704     3.4686 7.8090e+01     7.3796      1.296      1.880    15.2191 0.0000e+00
      1.295     -0.096     1.0870     11.229     74.608  60.047317    21.5100     8.9624     0.1704     3.4686 7.7229e+01     7.2588      1.270      1.842    15.2222 0.0000e+00
      1.272     -0.088     1.0979     11.300     81.135  65.304945    21.5100     7.1809     0.1704     3.4686 7.6594e+01     7.7573      1.247      1.809    15.2251 0.0000e+00
      1.253     -0.082     1.1085     11.361     85.017  68.436058    21.4200     7.2000     0.1704     3.5109 7.5635e+01     7.7271      1.228      1.782    15.2278 0.0000e+00
      1.236     -0.079     1.1180     11.412     87.372  70.339486    21.4200     7.1885     0.1704     3.5109 7.2214e+01     7.7875      1.212      1.758    15.2307 0.0000e+00
      1.219     -0.081     1.1263     11.464     88.837  71.526802    21.4200     7.1962     0.1704     3.5109 7.0646e+01     7.7271      1.195      1.734    15.2340 0.0000e+00
      1.200     -0.087     1.1334     11.524     89.733  72.254750    21.4200     7.2572     0.1704     3.5109 6.8992e+01     7.7271      1.177      1.707    15.2380 0.0000e+00
      1.177     -0.096     1.1393     11.598     90.290  72.709466    21.2400     7.2381     0.1704     3.4686 6.8962e+01     7.7271      1.155      1.674    15.2428 0.0000e+00
      1.151     -0.105     1.1444     11.683     90.684  73.034162    21.2400     7.2915     0.1704     3.4686 6.8336e+01     7.7573      1.129      1.637    15.2479 0.0000e+00
      1.121     -0.115     1.1494     11.778     90.957  73.263532    21.2400     7.2458     0.1704     3.4686 6.6332e+01     7.6667      1.100      1.595    15.2524 0.0000e+00
      1.090     -0.122     1.1554     11.874     91.107  73.394876    21.2400     7.1389     0.1704     3.4686 6.5515e+01     7.9537      1.069      1.551    15.2564 0.0000e+00
      1.057     -0.128     1.1627     11.957     91.184  73.469208    21.0600     7.1313     0.1704     3.3840 6.4962e+01     7.9537      1.037      1.504    15.2603 0.0000e+00
      1.023     -0.133     1.1711     12.018     91.217  73.510341    21.0600     7.1084     0.1704     3.3840 6.5273e+01     7.8933      1.004      1.456    15.2646 0.0000e+00
      0.988     -0.136     1.1805     12.054     91.215  73.523257    21.0600     7.1237     0.1704     3.3840 6.6548e+01     7.9839      0.970      1.406    15.2696 0.0000e+00
      0.953     -0.139     1.1900     12.066     91.206  73.533354    21.0600     6.3264     0.1704     3.3840 6.9504e+01     7.1077      0.935      1.356    15.2756 0.0000e+00
      0.917     -0.142     1.1981     12.064     91.199  73.549315    21.0600     6.3188     0.1704     3.3840 7.3161e+01     7.0322      0.900      1.305    15.2826 0.0000e+00
      0.881     -0.146     1.2040     12.064     91.206  73.579386    20.8800     6.3150     0.1704     2.8341 7.7431e+01     7.0171      0.864      1.254    15.2903 0.0000e+00
      0.844     -0.149     1.2074     12.090     91.244  73.633585    20.8800     6.3264     0.1704     2.8341 7.9304e+01     7.0926      0.828      1.201    15.2985 0.0000e+00
      0.806     -0.152     1.2084     12.156     91.290  73.690441    20.8800     6.8605     0.1704     2.8341 7.9770e+01     6.8056      0.791      1.147    15.3081 0.0000e+00
      0.766     -0.153     1.2078     12.269     91.315  73.727195    20.8800     6.8643     0.1704     2.8341 8.0257e+01     6.6696      0.751      1.090    15.3200 0.0000e+00
      0.725     -0.153     1.2075     12.423     91.302  73.733689    20.8800     6.8757     0.1704     2.3688 8.1152e+01     6.7905      0.711      1.031    15.3334 0.0000e+00
      0.684     -0.153     1.2098     12.603     91.246  73.707666    20.8800     6.8643     0.1704     2.3688 8.1629e+01     6.7150      0.671      0.974    15.3461 0.0000e+00
      0.646     -0.152     1.2161     12.783     91.165  73.662143    20.8800     4.7852     0.1704     2.3688 8.4297e+01     6.1107      0.633      0.918    15.3567 0.0000e+00
      0.608     -0.151     1.2271     12.940     91.072  73.608933    20.8800     4.7776     0.1704     2.3688 8.7984e+01     6.0503      0.597      0.865    15.3661 0.0000e+00
      0.572     -0.151     1.2423     13.061     90.961  73.541830    20.9700     4.7929     0.0852     2.2842 9.1374e+01     6.0503      0.561      0.814    15.3755 0.0000e+00
      0.535     -0.151     1.2600     13.144     90.839  73.464897    20.9700     4.7891     0.0852     2.2842 9.0919e+01     6.1107      0.524      0.761    15.3857 0.0000e+00
      0.496     -0.151     1.2777     13.193     90.735  73.401526    20.9700     3.7629     0.0852     2.2842 9.2393e+01     5.4913      0.486      0.705    15.3969 0.0000e+00
      0.455     -0.150     1.2931     13.216     90.653  73.356774    20.9700     3.7858     0.0852     2.2842 9.8274e+01     5.6122      0.446      0.648    15.4089 0.0000e+00
      0.415     -0.146     1.3049     13.230     90.569  73.310723    20.9700     3.7629     0.0852     2.2842 1.0340e+02     5.6424      0.407      0.590    15.4212 0.0000e+00
