Data/DataNotYetUploadedToEDI/Raw_CTD/RawDownloads/060826_ccr10_S8188018.cnv
* Sea-Bird SBE19plus  Data File:
* FileName = C:\R\Reservoirs\Data\DataNotYetUploadedToEDI\Raw_CTD\RawDownloads\062526_ccr50_S8188_0018.hex
* Software version 2.8.0.119
* Temperature SN = 8188
* Conductivity SN = 8188
* System UpLoad Time = Jun 29 2026 18:16:13
* <ApplicationData>
* <Seaterm232>
# nquan = 16
# nvalues = 3691                        
# units = specified
# name 0 = depFM: Depth [fresh water, m]
# name 1 = dz/dtM: Descent Rate [m/s]
# name 2 = sbeox0Mg/L: Oxygen, SBE 43 [mg/l]
# name 3 = sbeox0PS: Oxygen, SBE 43 [% saturation]
# name 4 = specc: Specific Conductance [uS/cm]
# name 5 = c0uS/cm: Conductivity [uS/cm]
# name 6 = wetCDOM: Fluorescence, WET Labs CDOM [mg/m^3]
# name 7 = flECO-AFL: Fluorescence, WET Labs ECO-AFL/FL [mg/m^3]
# name 8 = flECO-AFL1: Fluorescence, WET Labs ECO-AFL/FL, 2 [mg/m^3]
# name 9 = flECO-AFL2: Fluorescence, WET Labs ECO-AFL/FL, 3 [mg/m^3]
# name 10 = par/sat/log: PAR/Logarithmic, Satlantic
# name 11 = turbWETntu0: Turbidity, WET Labs ECO [NTU]
# name 12 = prdM: Pressure, Strain Gauge [db]
# name 13 = prdE: Pressure, Strain Gauge [psi]
# name 14 = tv290C: Temperature [ITS-90, deg C]
# name 15 = flag:  0.000e+00
# span 0 =     -0.482,      9.491       
# span 1 =     -0.209,      0.182       
# span 2 =     4.6519,    11.4448       
# span 3 =     57.586,    111.977       
# span 4 =   -633.725,    153.019       
# span 5 =-474.552703, 159.765736       
# span 6 =    -5.4000,    33.2100       
# span 7 =    -0.2846,   245.1682       
# span 8 =    -2.1300,     2.0874       
# span 9 =    -7.9524,     6.9372       
# span 10 = 1.1425e+01, 3.2937e+03      
# span 11 =    -5.0378,   971.0038      
# span 12 =     -0.472,      9.308      
# span 13 =     -0.685,     13.500      
# span 14 =    12.4176,    28.6733      
# span 15 = 0.0000e+00, 0.0000e+00      
# interval = seconds: 0.25
# start_time = Jun 11 2026 12:10:55 [Instrument's time stamp, header]
# bad_flag = -9.990e-29
*END*
[from data line 2260]
      6.842      0.013     9.5154     90.295    134.759 101.879963    15.7500     3.1144     0.0852     0.4230 6.8010e+01     1.8205      6.710      9.731    12.7992 0.0000e+00
      6.845      0.012     9.5169     90.420    138.919 105.025510    15.7500     3.0762     0.0852     0.4230 6.7862e+01     1.8205      6.713      9.736    12.7985 0.0000e+00
      6.848      0.012     9.5258     90.506    141.412 106.908191    15.7500     3.0800     0.0852     0.4230 6.7848e+01     1.7601      6.716      9.740    12.7981 0.0000e+00
      6.851      0.012     9.5389     90.532    142.898 108.028055    15.7500     3.1640     0.0426     0.4653 6.7745e+01     1.8205      6.719      9.744    12.7981 0.0000e+00
      6.854      0.012     9.5533     90.498    143.782 108.689730    15.7500     3.1449     0.0426     0.4653 6.7833e+01     1.8205      6.721      9.749    12.7982 0.0000e+00
      6.857      0.012     9.5666     90.416    144.310 109.081659    15.7500     3.1487     0.0426     0.4653 6.7700e+01     1.8205      6.724      9.753    12.7981 0.0000e+00
      6.860      0.013     9.5758     90.306    144.615 109.304358    15.7500     3.1525     0.0426     0.4653 6.7363e+01     1.8054      6.728      9.758    12.7974 0.0000e+00
      6.863      0.013     9.5789     90.193    144.780 109.423209    15.7500     3.0800     0.0852     0.4653 6.7363e+01     1.8356      6.731      9.762    12.7960 0.0000e+00
      6.867      0.013     9.5758     90.094    144.888 109.499898    15.7500     3.0953     0.0852     0.4653 6.7260e+01     1.8054      6.734      9.767    12.7938 0.0000e+00
      6.870      0.014     9.5676     90.022    144.968 109.556874    15.7500     3.0877     0.0852     0.4653 6.7187e+01     1.8205      6.737      9.771    12.7911 0.0000e+00
      6.873      0.014     9.5566     89.979    145.007 109.583339    15.7500     3.0724     0.0852     0.4653 6.7012e+01     1.8356      6.741      9.776    12.7885 0.0000e+00
      6.877      0.014     9.5451     89.949    145.006 109.580351    15.7500     3.0762     0.0852     0.3807 6.6678e+01     1.8054      6.744      9.781    12.7863 0.0000e+00
      6.881      0.015     9.5350     89.914    145.005 109.577105    15.7500     3.0610     0.0852     0.3807 6.6519e+01     1.7903      6.748      9.787    12.7847 0.0000e+00
      6.885      0.015     9.5277     89.858    145.022 109.586731    15.7500     3.0839     0.0852     0.3807 6.6433e+01     1.8507      6.752      9.792    12.7835 0.0000e+00
      6.888      0.015     9.5233     89.773    145.048 109.603797    15.7500     3.0991     0.0852     0.3807 6.6346e+01     1.8507      6.755      9.797    12.7824 0.0000e+00
      6.892      0.015     9.5203     89.664    145.080 109.624858    15.7500     3.0648     0.0852     0.3807 6.6288e+01     1.8205      6.759      9.803    12.7815 0.0000e+00
      6.896      0.015     9.5167     89.552    145.109 109.643534    15.8400     3.0839     0.0852     0.4230 6.6159e+01     1.8809      6.763      9.808    12.7807 0.0000e+00
      6.900      0.016     9.5110     89.464    145.129 109.654806    15.8400     3.0953     0.0852     0.4230 6.5886e+01     1.8809      6.767      9.814    12.7798 0.0000e+00
      6.904      0.016     9.5023     89.417    145.125 109.647686    15.8400     3.0953     0.0852     0.4230 6.5715e+01     1.7449      6.771      9.820    12.7788 0.0000e+00
      6.909      0.017     9.4910     89.405    145.101 109.626273    15.8400     3.0266     0.0852     0.4230 6.5700e+01     1.7298      6.775      9.826    12.7778 0.0000e+00
      6.913      0.018     9.4793     89.413    145.084 109.610847    15.8400     3.0305     0.0852     0.5076 6.5387e+01     1.7903      6.779      9.832    12.7766 0.0000e+00
      6.917      0.019     9.4703     89.426    145.079 109.605294    15.8400     3.0228     0.0852     0.5076 6.5273e+01     1.8507      6.784      9.839    12.7754 0.0000e+00
      6.922      0.019     9.4656     89.429    145.070 109.596137    15.8400     3.0457     0.0852     0.5076 6.5203e+01     1.8507      6.788      9.846    12.7741 0.0000e+00
      6.927      0.020     9.4645     89.415    145.042 109.572934    15.8400     2.9999     0.0852     0.5076 6.4948e+01     1.8809      6.793      9.853    12.7729 0.0000e+00
      6.933      0.021     9.4656     89.374    144.999 109.537498    15.9300     3.0305     0.0852     0.4653 6.4260e+01     1.7449      6.799      9.861    12.7720 0.0000e+00
      6.938      0.021     9.4671     89.309    144.954 109.500371    15.9300     3.0152     0.0852     0.4653 6.4442e+01     1.8507      6.804      9.869    12.7712 0.0000e+00
      6.944      0.021     9.4676     89.227    144.927 109.475645    15.9300     3.0228     0.0852     0.4653 6.3968e+01     1.7298      6.810      9.877    12.7706 0.0000e+00
      6.950      0.021     9.4662     89.144    144.922 109.468723    15.9300     3.0305     0.0852     0.4653 6.3359e+01     2.0471      6.816      9.885    12.7698 0.0000e+00
      6.955      0.020     9.4622     89.078    144.931 109.473759    16.2000     3.0114     0.0852     0.5499 6.3386e+01     2.0773      6.821      9.893    12.7688 0.0000e+00
      6.960      0.019     9.4555     89.042    144.958 109.492098    16.2000     3.0228     0.0852     0.5499 6.3084e+01     2.0471      6.826      9.900    12.7675 0.0000e+00
      6.965      0.018     9.4471     89.036    144.997 109.520630    16.2000     3.0381     0.0852     0.5499 6.3125e+01     2.0169      6.831      9.907    12.7662 0.0000e+00
      6.970      0.017     9.4386     89.053    145.033 109.546973    16.2000     2.9580     0.0852     0.5499 6.2920e+01     2.0018      6.835      9.913    12.7651 0.0000e+00
      6.974      0.017     9.4318     89.081    145.071 109.574151    16.2000     2.9656     0.0852     0.5499 6.2729e+01     2.0622      6.839      9.919    12.7643 0.0000e+00
      6.978      0.016     9.4280     89.109    145.113 109.605413    16.4700     2.9427     0.0852     0.5076 6.2647e+01     2.0622      6.843      9.925    12.7638 0.0000e+00
      6.982      0.016     9.4275     89.126    145.136 109.623104    16.4700     2.9656     0.0852     0.5076 6.2593e+01     2.0773      6.847      9.931    12.7634 0.0000e+00
      6.986      0.016     9.4294     89.122    145.132 109.621944    16.4700     2.9999     0.0852     0.5076 6.2308e+01     2.0773      6.851      9.936    12.7630 0.0000e+00
      6.990      0.015     9.4324     89.100    145.125 109.619619    16.4700     3.0495     0.0852     0.5076 6.2430e+01     2.0169      6.855      9.942    12.7626 0.0000e+00
      6.994      0.015     9.4355     89.073    145.112 109.613509    16.4700     3.0152     0.0852     0.5076 6.2240e+01     2.0773      6.859      9.948    12.7623 0.0000e+00
      6.998      0.015     9.4372     89.055    145.085 109.597987    16.4700     3.0381     0.0852     0.5076 6.1916e+01     2.1075      6.862      9.953    12.7625 0.0000e+00
      7.002      0.015     9.4367     89.054    145.062 109.584909    16.4700     3.0610     0.0852     0.5076 6.1795e+01     2.1981      6.866      9.959    12.7631 0.0000e+00
      7.005      0.015     9.4341     89.075    145.054 109.582783    16.4700     3.0533     0.0852     0.5076 6.1742e+01     1.9262      6.870      9.964    12.7642 0.0000e+00
      7.009      0.015     9.4309     89.123    145.056 109.587043    16.4700     3.0228     0.1278     0.5076 6.1607e+01     2.1075      6.874      9.970    12.7656 0.0000e+00
      7.013      0.015     9.4287     89.199    145.038 109.574834    16.4700     3.0724     0.1278     0.5076 6.1407e+01     2.0622      6.878      9.975    12.7672 0.0000e+00
      7.017      0.014     9.4283     89.292    144.999 109.546898    16.4700     3.0724     0.1278     0.5076 6.1300e+01     2.0622      6.881      9.980    12.7688 0.0000e+00
      7.020      0.014     9.4303     89.389    144.982 109.535774    16.4700     3.0724     0.1278     0.5076 6.1274e+01     2.0018      6.885      9.986    12.7700 0.0000e+00
      7.024      0.014     9.4352     89.478    145.001 109.550490    16.4700     3.0724     0.1278     0.5076 6.1194e+01     2.0471      6.888      9.991    12.7708 0.0000e+00
      7.027      0.014     9.4430     89.548    145.026 109.566982    16.3800     3.0724     0.0852     0.3384 6.1061e+01     2.1075      6.892      9.996    12.7714 0.0000e+00
      7.031      0.013     9.4528     89.591    145.034 109.569651    16.3800     3.0991     0.0852     0.3384 6.1088e+01     2.0471      6.895     10.000    12.7721 0.0000e+00
      7.034      0.013     9.4629     89.604    145.040 109.571207    16.3800     3.1029     0.0852     0.3384 6.0849e+01     2.0622      6.898     10.005    12.7726 0.0000e+00
      7.038      0.013     9.4723     89.587    145.066 109.588059    16.3800     3.0724     0.0852     0.3384 6.0664e+01     2.0773      6.902     10.010    12.7727 0.0000e+00
      7.041      0.013     9.4799     89.551    145.099 109.610705    16.3800     3.0877     0.0852     0.4653 6.0770e+01     2.1075      6.905     10.015    12.7719 0.0000e+00
      7.044      0.013     9.4847     89.514    145.112 109.619192    16.3800     3.0877     0.0852     0.4653 6.0546e+01     2.2586      6.908     10.020    12.7708 0.0000e+00
      7.048      0.013     9.4863     89.483    145.117 109.621781    16.3800     3.1106     0.0852     0.4653 6.0467e+01     2.3945      6.912     10.024    12.7697 0.0000e+00
      7.051      0.013     9.4847     89.454    145.136 109.633159    16.3800     3.0648     0.0852     0.4653 6.0205e+01     2.2132      6.915     10.029    12.7687 0.0000e+00
      7.055      0.013     9.4811     89.418    145.161 109.648362    16.3800     3.0877     0.1704     0.4653 5.9983e+01     2.2435      6.918     10.035    12.7679 0.0000e+00
      7.058      0.013     9.4772     89.368    145.187 109.663446    16.3800     3.0114     0.1704     0.4653 6.0035e+01     2.0622      6.922     10.040    12.7675 0.0000e+00
      7.062      0.013     9.4740     89.305    145.206 109.672438    16.3800     3.0152     0.1704     0.4653 6.0035e+01     2.0924      6.925     10.044    12.7669 0.0000e+00
      7.065      0.013     9.4711     89.241    145.199 109.659739    16.3800     3.0305     0.1704     0.4653 5.9787e+01     2.1377      6.928     10.049    12.7659 0.0000e+00
      7.068      0.013     9.4676     89.183    145.167 109.627962    16.2900     3.0305     0.0852     0.5076 5.9632e+01     2.0471      6.931     10.054    12.7645 0.0000e+00
      7.071      0.012     9.4627     89.134    145.137 109.598623    16.2900     3.0877     0.0852     0.5076 5.9839e+01     2.0924      6.934     10.058    12.7631 0.0000e+00
      7.074      0.012     9.4565     89.095    145.118 109.579892    16.2900     3.0648     0.0852     0.5076 5.9632e+01     2.0471      6.938     10.063    12.7612 0.0000e+00
      7.078      0.012     9.4502     89.069    145.097 109.562777    16.2900     3.0953     0.0852     0.5076 5.9399e+01     1.9866      6.941     10.067    12.7588 0.0000e+00
      7.081      0.012     9.4446     89.048    145.079 109.550709    16.2900     3.0800     0.0852     0.5076 5.9244e+01     2.0773      6.944     10.072    12.7561 0.0000e+00
      7.084      0.012     9.4399     89.018    145.086 109.560466    16.3800     2.9427     0.1278     0.5499 5.9244e+01     2.0622      6.947     10.076    12.7538 0.0000e+00
      7.087      0.012     9.4361     88.963    145.115 109.586651    16.3800     2.9542     0.1278     0.5499 5.9244e+01     2.1377      6.950     10.080    12.7523 0.0000e+00
      7.090      0.012     9.4334     88.874    145.136 109.604257    16.3800     2.9809     0.1278     0.5499 5.9257e+01     2.1377      6.953     10.084    12.7519 0.0000e+00
      7.093      0.012     9.4311     88.754    145.138 109.605984    16.3800     2.9580     0.1278     0.5499 5.9039e+01     2.0471      6.956     10.089    12.7524 0.0000e+00
      7.096      0.013     9.4276     88.623    145.126 109.596291    16.3800     3.0953     0.1278     0.5499 5.8872e+01     2.0773      6.959     10.093    12.7539 0.0000e+00
      7.100      0.013     9.4215     88.511    145.101 109.576592    16.3800     3.1067     0.1278     0.5499 5.8795e+01     2.0773      6.962     10.098    12.7554 0.0000e+00
      7.103      0.013     9.4119     88.435    145.084 109.561626    16.3800     3.0953     0.1278     0.5499 5.8642e+01     2.0773      6.966     10.103    12.7562 0.0000e+00
      7.106      0.013     9.3992     88.396    145.085 109.559400    16.3800     3.0648     0.1278     0.5499 5.8591e+01     2.0924      6.969     10.107    12.7562 0.0000e+00
      7.110      0.013     9.3854     88.391    145.092 109.561323    16.3800     3.1067     0.0852     0.5076 5.8528e+01     2.2586      6.972     10.112    12.7560 0.0000e+00
      7.113      0.014     9.3736     88.418    145.101 109.563908    16.3800     3.0724     0.0852     0.5076 5.8337e+01     2.2435      6.975     10.117    12.7556 0.0000e+00
      7.117      0.014     9.3657     88.470    145.100 109.559847    16.3800     3.0724     0.0852     0.5076 5.8211e+01     2.1679      6.979     10.122    12.7549 0.0000e+00
      7.120      0.014     9.3618     88.537    145.099 109.556055    16.3800     3.0915     0.0852     0.5076 5.8084e+01     2.2435      6.982     10.127    12.7538 0.0000e+00
      7.124      0.014     9.3615     88.588    145.105 109.559516    16.3800     3.0686     0.0852     0.5076 5.8046e+01     2.2586      6.986     10.132    12.7526 0.0000e+00
      7.127      0.014     9.3646     88.594    145.087 109.547161    16.3800     3.0800     0.0852     0.5922 5.7946e+01     2.2435      6.989     10.137    12.7513 0.0000e+00
      7.131      0.013     9.3704     88.553    145.043 109.515697    16.3800     3.0762     0.0852     0.5922 5.7719e+01     2.2888      6.993     10.142    12.7501 0.0000e+00
      7.134      0.013     9.3776     88.478    145.005 109.488723    16.3800     3.0953     0.0852     0.5922 5.7607e+01     2.3341      6.996     10.147    12.7491 0.0000e+00
      7.137      0.013     9.3831     88.386    144.992 109.479040    16.3800     3.1144     0.0852     0.5922 5.7719e+01     2.2888      6.999     10.152    12.7488 0.0000e+00
      7.141      0.013     9.3837     88.292    144.995 109.480065    16.3800     3.1525     0.0852     0.5922 5.7632e+01     2.1679      7.003     10.156    12.7491 0.0000e+00
      7.144      0.013     9.3792     88.215    145.003 109.484077    16.3800     3.1411     0.0852     0.5922 5.7394e+01     2.3039      7.006     10.161    12.7499 0.0000e+00
      7.147      0.013     9.3712     88.175    145.012 109.488144    16.3800     3.1449     0.0852     0.5922 5.7257e+01     2.3492      7.009     10.165    12.7505 0.0000e+00
      7.150      0.013     9.3614     88.191    145.026 109.497350    16.3800     3.1220     0.0852     0.5922 5.7170e+01     2.2132      7.012     10.170    12.7504 0.0000e+00
      7.153      0.012     9.3515     88.269    145.049 109.518150    16.2900     3.1144     0.1278     0.4653 5.7021e+01     2.1981      7.015     10.174    12.7499 0.0000e+00
      7.156      0.012     9.3436     88.396    145.067 109.540093    16.2900     3.1335     0.1278     0.4653 5.7108e+01     2.3341      7.018     10.179    12.7491 0.0000e+00
      7.160      0.012     9.3395     88.544    145.079 109.561036    16.2900     3.1258     0.1278     0.4653 5.7009e+01     2.2586      7.021     10.183    12.7483 0.0000e+00
      7.163      0.012     9.3413     88.691    145.083 109.574566    16.2900     3.0419     0.1278     0.4653 5.6725e+01     2.1528      7.024     10.188    12.7479 0.0000e+00
      7.166      0.012     9.3494     88.820    145.079 109.576297    16.3800     3.0228     0.1278     0.5922 5.6725e+01     2.0622      7.027     10.192    12.7490 0.0000e+00
      7.169      0.012     9.3622     88.919    145.085 109.578685    16.3800     3.0305     0.1278     0.5922 5.6688e+01     1.9866      7.030     10.196    12.7519 0.0000e+00
