Data/DataNotYetUploadedToEDI/Raw_CTD/RawDownloads/060826_fcr50_S7809007.cnv
* Sea-Bird SBE19plus  Data File:
* FileName = C:\R\Reservoirs\Data\DataNotYetUploadedToEDI\Raw_CTD\RawDownloads\062926_fcr50_S7809_0007.hex
* Software version 2.8.0.119
* Temperature SN = 7809
* Conductivity SN = 7809
* System UpLoad Time = Jun 30 2026 09:02:02
* <ApplicationData>
* <Seaterm232>
# nquan = 15
# nvalues = 2221                        
# units = specified
# name 0 = depFM: Depth [fresh water, m]
# name 1 = dz/dtM: Descent Rate [m/s]
# name 2 = sbeox0Mg/L: Oxygen, SBE 43 [mg/l]
# name 3 = sbeox0PS: Oxygen, SBE 43 [% saturation]
# name 4 = specc: Specific Conductance [uS/cm]
# name 5 = c0uS/cm: Conductivity [uS/cm]
# name 6 = flECO-AFL: Fluorescence, WET Labs ECO-AFL/FL [mg/m^3]
# name 7 = ph: pH
# name 8 = orp: Oxidation Reduction Potential [mV]
# name 9 = par/sat/log: PAR/Logarithmic, Satlantic
# name 10 = turbWETntu0: Turbidity, WET Labs ECO [NTU]
# name 11 = prdM: Pressure, Strain Gauge [db]
# name 12 = prdE: Pressure, Strain Gauge [psi]
# name 13 = tv290C: Temperature [ITS-90, deg C]
# name 14 = flag:  0.000e+00
# span 0 =     -0.588,      9.552       
# span 1 =     -0.202,      0.163       
# span 2 =    -0.2281,     9.2079       
# span 3 =     -2.237,    105.413       
# span 4 =      1.009,    275.033       
# span 5 =   1.040669, 188.715610       
# span 6 =    -0.0486,     6.0993       
# span 7 =      8.489,     11.888       
# span 8 = -1240.7455,   150.1590       
# span 9 = 1.2350e-01, 2.2270e+03       
# span 10 =     0.1575,   235.7045      
# span 11 =     -0.577,      9.371      
# span 12 =     -0.836,     13.592      
# span 13 =     9.3037,    26.5586      
# span 14 = 0.0000e+00, 0.0000e+00      
# interval = seconds: 0.25
# start_time = Jun 08 2026 12:16:51 [Instrument's time stamp, header]
# bad_flag = -9.990e-29
*END*
[from data line 2025]
      8.169      0.035     6.9442     60.608     47.741  32.834466     0.4527      9.527   141.5790 1.2365e-01     5.5688      8.012     11.620     9.3871 0.0000e+00
      8.177      0.034     6.9411     60.620     47.714  32.816114     0.4922      9.527   141.6493 1.2368e-01     5.4919      8.018     11.630     9.3864 0.0000e+00
      8.184      0.035     6.9432     60.652     47.704  32.808684     0.4914      9.527   141.4556 1.2371e-01     5.3303      8.026     11.641     9.3859 0.0000e+00
      8.192      0.038     6.9398     60.713     47.703  32.808070     0.4589      9.527   141.2166 1.2369e-01     5.3236      8.033     11.651     9.3857 0.0000e+00
      8.202      0.040     6.9404     60.765     47.704  32.808694     0.4580      9.526   140.9960 1.2362e-01     5.4783      8.041     11.663     9.3856 0.0000e+00
      8.214      0.040     6.9424     60.774     47.715  32.816229     0.4890      9.526   141.1125 1.2357e-01     5.5950      8.055     11.683     9.3855 0.0000e+00
      8.228      0.040     6.9431     60.734     47.743  32.835734     0.5093      9.527   141.5068 1.2361e-01     5.5391      8.069     11.705     9.3856 0.0000e+00
      8.238      0.040     6.9541     60.672     47.770  32.854189     0.4946      9.527   141.7190 1.2361e-01     5.3831      8.080     11.720     9.3857 0.0000e+00
      8.246      0.038     6.9602     60.619     47.763  32.849047     0.4779      9.527   141.6997 1.2358e-01     5.3494      8.086     11.729     9.3856 0.0000e+00
      8.254      0.036     6.9626     60.583     47.745  32.837001     0.4907      9.526   141.6168 1.2363e-01     5.4733      8.093     11.740     9.3856 0.0000e+00
      8.264      0.034     6.9558     60.556     47.743  32.835434     0.4823      9.525   141.4917 1.2367e-01     5.5151      8.104     11.755     9.3856 0.0000e+00
      8.273      0.032     6.9476     60.553     47.735  32.830091     0.4437      9.525   141.5627 1.2368e-01     5.4104      8.114     11.769     9.3855 0.0000e+00
      8.281      0.029     6.9413     60.594     47.743  32.835850     0.4232      9.525   141.7878 1.2371e-01     5.3349      8.121     11.778     9.3854 0.0000e+00
      8.289      0.025     6.9379     60.656     47.752  32.841617     0.4424      9.525   141.8043 1.2366e-01     5.3877      8.128     11.789     9.3855 0.0000e+00
      8.297      0.020     6.9343     60.704     47.744  32.836378     0.4851      9.526   141.6755 1.2362e-01     5.5027      8.138     11.804     9.3858 0.0000e+00
      8.301      0.016     6.9315     60.719     47.744  32.835944     0.4893      9.526   141.6078 1.2359e-01     5.4951      8.142     11.809     9.3858 0.0000e+00
      8.301      0.013     6.9385     60.697     47.745  32.836378     0.4523      9.525   141.5881 1.2353e-01     5.4327      8.140     11.806     9.3857 0.0000e+00
      8.303      0.010     6.9472     60.660     47.752  32.841616     0.4206      9.525   141.6084 1.2356e-01     5.4995      8.142     11.808     9.3858 0.0000e+00
      8.306      0.009     6.9529     60.631     47.744  32.835839     0.4141      9.525   141.7679 1.2364e-01     5.5846      8.146     11.815     9.3858 0.0000e+00
      8.309      0.009     6.9553     60.605     47.735  32.829966     0.4307      9.524   141.9672 1.2366e-01     5.5741      8.149     11.820     9.3857 0.0000e+00
      8.311      0.010     6.9519     60.601     47.741  32.834061     0.4222      9.523   142.0395 1.2367e-01     5.4748      8.151     11.821     9.3857 0.0000e+00
      8.313      0.013     6.9453     60.619     47.723  32.821901     0.4034      9.524   142.0396 1.2373e-01     5.4771      8.153     11.824     9.3855 0.0000e+00
      8.315      0.015     6.9444     60.637     47.706  32.809828     0.4191      9.525   141.9684 1.2376e-01     5.6703      8.154     11.827     9.3856 0.0000e+00
      8.319      0.017     6.9391     60.654     47.713  32.814970     0.4375      9.525   141.7817 1.2371e-01     5.7950      8.157     11.830     9.3857 0.0000e+00
      8.324      0.018     6.9385     60.664     47.721  32.820633     0.4430      9.524   141.6751 1.2367e-01     5.7891      8.162     11.839     9.3856 0.0000e+00
      8.332      0.018     6.9431     60.664     47.712  32.814858     0.4269      9.524   141.7978 1.2368e-01     5.6680      8.172     11.853     9.3857 0.0000e+00
      8.338      0.017     6.9435     60.656     47.703  32.808579     0.4092      9.525   141.8890 1.2369e-01     5.4923      8.179     11.862     9.3855 0.0000e+00
      8.341      0.015     6.9467     60.634     47.702  32.808163     0.4291      9.525   141.8309 1.2371e-01     5.5093      8.180     11.864     9.3854 0.0000e+00
      8.344      0.012     6.9478     60.619     47.705  32.809837     0.4342      9.526   141.7842 1.2367e-01     5.5311      8.182     11.867     9.3858 0.0000e+00
      8.347      0.008     6.9471     60.634     47.732  32.828813     0.4124      9.526   141.6682 1.2361e-01     5.3804      8.185     11.872     9.3860 0.0000e+00
      8.349      0.006     6.9472     60.661     47.759  32.847269     0.4156      9.525   141.4603 1.2363e-01     5.2927      8.188     11.875     9.3863 0.0000e+00
      8.350      0.005     6.9436     60.686     47.753  32.842655     0.4474      9.524   141.4219 1.2370e-01     5.3929      8.189     11.877     9.3865 0.0000e+00
      8.351      0.004     6.9395     60.711     47.744  32.836473     0.4893      9.524   141.5479 1.2377e-01     5.5679      8.189     11.878     9.3864 0.0000e+00
      8.351      0.002     6.9438     60.725     47.743  32.835973     0.4893      9.523   141.6931 1.2374e-01     5.5640      8.190     11.878     9.3863 0.0000e+00
      8.351      0.002     6.9469     60.720     47.744  32.836598     0.4557      9.523   141.8011 1.2369e-01     5.4485      8.190     11.878     9.3862 0.0000e+00
      8.352      0.001     6.9492     60.709     47.755  32.844029     0.4496      9.523   141.6490 1.2363e-01     5.4006      8.191     11.879     9.3859 0.0000e+00
      8.352      0.001     6.9534     60.699     47.781  32.862380     0.4652      9.522   141.3166 1.2356e-01     5.3955      8.191     11.880     9.3857 0.0000e+00
      8.352      0.001     6.9553     60.693     47.788  32.868148     0.4775      9.522   141.2243 1.2359e-01     5.4210      8.191     11.879     9.3859 0.0000e+00
      8.353      0.001     6.9537     60.706     47.760  32.850326     0.4653      9.522   141.4785 1.2365e-01     5.3671      8.191     11.880     9.3861 0.0000e+00
      8.353      0.002     6.9519     60.735     47.739  32.837231     0.4349      9.522   141.8090 1.2365e-01     5.3583      8.192     11.881     9.3862 0.0000e+00
      8.353      0.003     6.9516     60.760     47.737  32.836702     0.4347      9.522   141.8652 1.2363e-01     5.5197      8.192     11.881     9.3866 0.0000e+00
      8.354      0.005     6.9490     60.795     47.745  32.843934     0.4619      9.523   141.5562 1.2366e-01     5.6790      8.192     11.882     9.3872 0.0000e+00
      8.355      0.008     6.9503     60.830     47.767  32.861226     0.4562      9.524   141.0841 1.2368e-01     5.7124      8.193     11.882     9.3884 0.0000e+00
      8.357      0.012     6.9556     60.826     47.758  32.855449     0.4081      9.524   140.8026 1.2371e-01     5.6167      8.195     11.885     9.3903 0.0000e+00
      8.361      0.017     6.9562     60.794     47.733  32.837531     0.3705      9.523   140.9066 1.2377e-01     5.6146      8.199     11.892     9.3914 0.0000e+00
      8.366      0.023     6.9603     60.764     47.732  32.834913     0.3842      9.523   141.1361 1.2379e-01     5.7561      8.203     11.898     9.3931 0.0000e+00
      8.371      0.028     6.9669     60.734     47.717  32.823793     0.4076      9.523   141.2548 1.2376e-01     5.7559      8.208     11.905     9.3961 0.0000e+00
      8.379      0.032     6.9654     60.714     47.726  32.829967     0.3873      9.523   141.2236 1.2372e-01     5.6114      8.216     11.917     9.3963 0.0000e+00
      8.390      0.034     6.9595     60.726     47.748  32.846115     0.3634      9.524   140.9307 1.2372e-01     5.5471      8.228     11.933     9.3947 0.0000e+00
      8.400      0.034     6.9580     60.746     47.721  32.828708     0.3853      9.524   140.6393 1.2371e-01     5.5922      8.239     11.949     9.3931 0.0000e+00
      8.409      0.033     6.9544     60.759     47.690  32.809828     0.4443      9.524   140.6257 1.2371e-01     5.6444      8.247     11.961     9.3920 0.0000e+00
      8.418      0.033     6.9489     60.753     47.685  32.808172     0.4768      9.524   140.6797 1.2372e-01     5.5635      8.254     11.972     9.3920 0.0000e+00
      8.426      0.033     6.9538     60.721     47.684  32.808692     0.4539      9.524   140.7761 1.2369e-01     5.3996      8.264     11.986     9.3926 0.0000e+00
      8.432      0.034     6.9550     60.670     47.696  32.816115     0.4344      9.524   140.8445 1.2365e-01     5.3366      8.269     11.993     9.3939 0.0000e+00
      8.439      0.037     6.9572     60.612     47.725  32.834475     0.4561      9.524   140.6456 1.2368e-01     5.4177      8.273     11.999     9.3964 0.0000e+00
      8.449      0.039     6.9566     60.582     47.734  32.840351     0.4916      9.524   140.4371 1.2372e-01     5.5603      8.284     12.015     9.3994 0.0000e+00
      8.462      0.040     6.9512     60.586     47.710  32.823721     0.4898      9.525   140.3881 1.2369e-01     5.5572      8.299     12.037     9.4009 0.0000e+00
      8.475      0.043     6.9471     60.606     47.710  32.823722     0.4583      9.525   140.3975 1.2362e-01     5.4143      8.311     12.055     9.3990 0.0000e+00
      8.485      0.045     6.9373     60.630     47.735  32.840363     0.4440      9.525   140.5506 1.2360e-01     5.3703      8.321     12.069     9.3966 0.0000e+00
      8.495      0.045     6.9348     60.650     47.729  32.834600     0.4592      9.524   140.6043 1.2360e-01     5.4684      8.330     12.081     9.3966 0.0000e+00
      8.505      0.046     6.9359     60.685     47.707  32.817488     0.4835      9.523   140.4449 1.2359e-01     5.5419      8.338     12.094     9.3967 0.0000e+00
      8.517      0.049     6.9385     60.734     47.720  32.823784     0.4798      9.523   140.4302 1.2361e-01     5.4731      8.352     12.113     9.3965 0.0000e+00
      8.531      0.051     6.9425     60.763     47.757  32.847280     0.4640      9.523   140.4271 1.2367e-01     5.4216      8.366     12.134     9.3965 0.0000e+00
      8.544      0.052     6.9427     60.760     47.760  32.847800     0.4758      9.523   140.3211 1.2372e-01     5.5348      8.378     12.151     9.3953 0.0000e+00
      8.559      0.052     6.9479     60.757     47.735  32.830072     0.4975      9.524   140.4388 1.2370e-01     5.6459      8.393     12.173     9.3926 0.0000e+00
      8.574      0.053     6.9550     60.754     47.726  32.823265     0.5102      9.525   140.6454 1.2371e-01     5.6034      8.410     12.198     9.3898 0.0000e+00
      8.586      0.054     6.9608     60.741     47.735  32.828938     0.4963      9.525   140.7541 1.2373e-01     5.4650      8.421     12.213     9.3877 0.0000e+00
      8.596      0.054     6.9571     60.743     47.744  32.835217     0.4544      9.525   140.8929 1.2370e-01     5.4078      8.428     12.224     9.3863 0.0000e+00
      8.611      0.053     6.9575     60.748     47.745  32.835745     0.4366      9.525   140.7749 1.2370e-01     5.4927      8.442     12.245     9.3855 0.0000e+00
      8.629      0.053     6.9595     60.735     47.744  32.835320     0.4306      9.525   140.3590 1.2372e-01     5.5005      8.463     12.275     9.3847 0.0000e+00
      8.645      0.053     6.9542     60.709     47.737  32.830072     0.4146      9.524   140.4245 1.2372e-01     5.3654      8.479     12.299     9.3844 0.0000e+00
      8.655      0.052     6.9570     60.690     47.745  32.835736     0.4176      9.524   140.9658 1.2372e-01     5.2598      8.488     12.311     9.3842 0.0000e+00
      8.665      0.048     6.9575     60.695     47.752  32.840360     0.4429      9.524   141.1394 1.2368e-01     5.3166      8.495     12.322     9.3843 0.0000e+00
      8.678      0.043     6.9565     60.712     47.726  32.822537     0.4789      9.524   140.9742 1.2361e-01     5.5053      8.509     12.342     9.3844 0.0000e+00
      8.692      0.040     6.9524     60.703     47.709  32.810568     0.4790      9.523   140.7754 1.2357e-01     5.5603      8.526     12.365     9.3843 0.0000e+00
      8.702      0.038     6.9491     60.671     47.726  32.822527     0.4274      9.523   140.5419 1.2365e-01     5.5036      8.535     12.379     9.3843 0.0000e+00
      8.709      0.037     6.9500     60.663     47.753  32.840246     0.3789      9.523   140.6466 1.2374e-01     5.4690      8.539     12.386     9.3844 0.0000e+00
      8.716      0.036     6.9543     60.683     47.745  32.834478     0.3840      9.523   141.0955 1.2374e-01     5.4490      8.546     12.395     9.3842 0.0000e+00
      8.724      0.037     6.9542     60.709     47.718  32.816230     0.4223      9.523   141.3233 1.2373e-01     5.5355      8.555     12.408     9.3841 0.0000e+00
      8.733      0.038     6.9459     60.736     47.709  32.809943     0.4254      9.523   141.1634 1.2378e-01     5.5926      8.563     12.420     9.3840 0.0000e+00
      8.744      0.038     6.9465     60.756     47.726  32.821903     0.3881      9.523   140.8826 1.2380e-01     5.6265      8.574     12.437     9.3837 0.0000e+00
      8.757      0.036     6.9500     60.776     47.744  32.833949     0.3801      9.523   140.7674 1.2374e-01     5.7406      8.588     12.456     9.3832 0.0000e+00
      8.768      0.034     6.9524     60.809     47.737  32.828700     0.4195      9.523   140.9757 1.2366e-01     5.8105      8.599     12.472     9.3830 0.0000e+00
      8.776      0.032     6.9565     60.845     47.728  32.821894     0.4487      9.522   141.2495 1.2366e-01     5.7549      8.607     12.484     9.3832 0.0000e+00
      8.781      0.030     6.9580     60.867     47.718  32.815098     0.4413      9.522   141.2395 1.2368e-01     5.6146      8.612     12.490     9.3833 0.0000e+00
      8.785      0.030     6.9598     60.886     47.711  32.809964     0.4304      9.522   141.1982 1.2368e-01     5.6172      8.614     12.493     9.3831 0.0000e+00
      8.792      0.031     6.9640     60.898     47.729  32.823267     0.4415      9.522   141.1805 1.2370e-01     5.7524      8.619     12.500     9.3828 0.0000e+00
      8.802      0.034     6.9695     60.863     47.766  32.849060     0.4501      9.522   140.9396 1.2369e-01     5.7463      8.632     12.519     9.3825 0.0000e+00
      8.812      0.038     6.9713     60.811     47.794  32.868044     0.4346      9.522   140.7798 1.2364e-01     5.6117      8.643     12.536     9.3823 0.0000e+00
      8.821      0.041     6.9721     60.790     47.787  32.862475     0.4038      9.521   140.9701 1.2367e-01     5.5600      8.650     12.545     9.3821 0.0000e+00
      8.832      0.042     6.9778     60.778     47.762  32.845174     0.3943      9.521   141.2614 1.2374e-01     5.6672      8.659     12.559     9.3825 0.0000e+00
      8.845      0.041     6.9714     60.754     47.768  32.849184     0.4114      9.521   141.3772 1.2376e-01     5.8144      8.674     12.581     9.3832 0.0000e+00
      8.857      0.039     6.9615     60.726     47.766  32.847521     0.4109      9.521   141.3374 1.2372e-01     5.7352      8.688     12.601     9.3831 0.0000e+00
      8.867      0.037     6.9624     60.711     47.733  32.825066     0.3874      9.521   141.2107 1.2369e-01     5.4610      8.696     12.612     9.3827 0.0000e+00
      8.874      0.034     6.9616     60.716     47.742  32.831448     0.3695      9.522   141.0496 1.2372e-01     5.2995      8.703     12.622     9.3821 0.0000e+00
