Data/DataNotYetUploadedToEDI/Raw_CTD/RawDownloads/060826_ccr10_S8188018.cnv
* Sea-Bird SBE19plus  Data File:
* FileName = C:\R\Reservoirs\Data\DataNotYetUploadedToEDI\Raw_CTD\RawDownloads\062526_ccr50_S8188_0018.hex
* Software version 2.8.0.119
* Temperature SN = 8188
* Conductivity SN = 8188
* System UpLoad Time = Jun 29 2026 18:16:13
* <ApplicationData>
* <Seaterm232>
# nquan = 16
# nvalues = 3691                        
# units = specified
# name 0 = depFM: Depth [fresh water, m]
# name 1 = dz/dtM: Descent Rate [m/s]
# name 2 = sbeox0Mg/L: Oxygen, SBE 43 [mg/l]
# name 3 = sbeox0PS: Oxygen, SBE 43 [% saturation]
# name 4 = specc: Specific Conductance [uS/cm]
# name 5 = c0uS/cm: Conductivity [uS/cm]
# name 6 = wetCDOM: Fluorescence, WET Labs CDOM [mg/m^3]
# name 7 = flECO-AFL: Fluorescence, WET Labs ECO-AFL/FL [mg/m^3]
# name 8 = flECO-AFL1: Fluorescence, WET Labs ECO-AFL/FL, 2 [mg/m^3]
# name 9 = flECO-AFL2: Fluorescence, WET Labs ECO-AFL/FL, 3 [mg/m^3]
# name 10 = par/sat/log: PAR/Logarithmic, Satlantic
# name 11 = turbWETntu0: Turbidity, WET Labs ECO [NTU]
# name 12 = prdM: Pressure, Strain Gauge [db]
# name 13 = prdE: Pressure, Strain Gauge [psi]
# name 14 = tv290C: Temperature [ITS-90, deg C]
# name 15 = flag:  0.000e+00
# span 0 =     -0.482,      9.491       
# span 1 =     -0.209,      0.182       
# span 2 =     4.6519,    11.4448       
# span 3 =     57.586,    111.977       
# span 4 =   -633.725,    153.019       
# span 5 =-474.552703, 159.765736       
# span 6 =    -5.4000,    33.2100       
# span 7 =    -0.2846,   245.1682       
# span 8 =    -2.1300,     2.0874       
# span 9 =    -7.9524,     6.9372       
# span 10 = 1.1425e+01, 3.2937e+03      
# span 11 =    -5.0378,   971.0038      
# span 12 =     -0.472,      9.308      
# span 13 =     -0.685,     13.500      
# span 14 =    12.4176,    28.6733      
# span 15 = 0.0000e+00, 0.0000e+00      
# interval = seconds: 0.25
# start_time = Jun 11 2026 12:10:55 [Instrument's time stamp, header]
# bad_flag = -9.990e-29
*END*
[from data line 2441]
      7.439      0.012     9.3834     88.574    145.055 109.389814    16.4700     2.8512     0.1278     0.5076 4.7302e+01     1.5939      7.295     10.581    12.7056 0.0000e+00
      7.442      0.012     9.3915     88.511    145.063 109.389126    16.4700     2.8550     0.1278     0.5076 4.7333e+01     1.5486      7.298     10.585    12.7061 0.0000e+00
      7.445      0.012     9.3956     88.447    145.084 109.399157    16.5600     2.8588     0.0852     0.4230 4.7138e+01     1.6392      7.301     10.590    12.7059 0.0000e+00
      7.448      0.012     9.3954     88.398    145.104 109.410585    16.5600     2.9580     0.0852     0.4230 4.7015e+01     1.6090      7.304     10.594    12.7049 0.0000e+00
      7.451      0.012     9.3912     88.373    145.126 109.426458    16.5600     2.9656     0.0852     0.4230 4.7056e+01     1.4881      7.307     10.598    12.7032 0.0000e+00
      7.454      0.011     9.3850     88.372    145.133 109.435014    16.5600     2.9427     0.0852     0.4230 4.6974e+01     1.5939      7.310     10.602    12.7011 0.0000e+00
      7.457      0.011     9.3787     88.390    145.114 109.426538    16.5600     3.0037     0.0852     0.4653 4.6730e+01     1.5183      7.313     10.606    12.6990 0.0000e+00
      7.460      0.011     9.3739     88.415    145.106 109.426761    16.5600     2.8473     0.0852     0.4653 4.6618e+01     1.3673      7.316     10.611    12.6976 0.0000e+00
      7.463      0.011     9.3711     88.436    145.133 109.451739    16.5600     2.8397     0.0852     0.4653 4.6578e+01     1.2918      7.319     10.615    12.6976 0.0000e+00
      7.466      0.011     9.3708     88.437    145.168 109.480141    16.5600     2.8435     0.0852     0.4653 4.6406e+01     1.3673      7.321     10.619    12.6988 0.0000e+00
      7.468      0.010     9.3723     88.399    145.172 109.483553    16.5600     2.8321     0.0852     0.5076 4.6426e+01     1.3371      7.324     10.622    12.7006 0.0000e+00
      7.471      0.010     9.3745     88.327    145.131 109.450888    16.5600     2.9046     0.0852     0.5076 4.6476e+01     1.4126      7.326     10.626    12.7026 0.0000e+00
      7.473      0.009     9.3764     88.246    145.067 109.401426    16.5600     2.9008     0.0852     0.5076 4.6174e+01     1.3220      7.329     10.629    12.7043 0.0000e+00
      7.476      0.009     9.3763     88.183    145.036 109.377959    16.5600     2.8817     0.0852     0.5076 4.6275e+01     1.3975      7.331     10.633    12.7051 0.0000e+00
      7.478      0.009     9.3723     88.159    145.041 109.382227    16.4700     2.9084     0.0852     0.3807 4.6195e+01     1.3522      7.333     10.636    12.7052 0.0000e+00
      7.480      0.009     9.3648     88.189    145.032 109.375381    16.4700     2.9084     0.0852     0.3807 4.6235e+01     1.3220      7.335     10.639    12.7047 0.0000e+00
      7.482      0.009     9.3563     88.273    145.003 109.351597    16.4700     2.8893     0.0852     0.3807 4.6084e+01     1.3220      7.337     10.642    12.7043 0.0000e+00
      7.485      0.009     9.3496     88.399    144.988 109.336522    16.4700     2.8893     0.0852     0.3807 4.6034e+01     1.3824      7.339     10.645    12.7042 0.0000e+00
      7.487      0.009     9.3470     88.549    144.987 109.330135    16.4700     2.9008     0.0852     0.3807 4.6064e+01     1.3975      7.342     10.648    12.7043 0.0000e+00
      7.489      0.009     9.3502     88.697    144.992 109.326734    16.3800     2.8473     0.0852     0.5499 4.5984e+01     1.4881      7.344     10.651    12.7043 0.0000e+00
      7.491      0.009     9.3592     88.814    145.013 109.333408    16.3800     2.8359     0.0852     0.5499 4.5954e+01     1.2464      7.346     10.655    12.7037 0.0000e+00
      7.493      0.010     9.3729     88.884    145.027 109.335942    16.3800     2.8359     0.0852     0.5499 4.5805e+01     1.3069      7.348     10.658    12.7024 0.0000e+00
      7.496      0.010     9.3892     88.900    145.021 109.327015    16.3800     2.8359     0.0852     0.5499 4.5685e+01     1.4277      7.351     10.662    12.7005 0.0000e+00
      7.498      0.010     9.4054     88.867    145.003 109.316240    16.3800     2.8321     0.0852     0.4230 4.5576e+01     1.0349      7.353     10.665    12.6979 0.0000e+00
      7.501      0.010     9.4185     88.791    144.988 109.312742    16.3800     2.8321     0.0852     0.4230 4.5369e+01     1.0652      7.356     10.669    12.6948 0.0000e+00
      7.503      0.010     9.4265     88.677    145.000 109.331581    16.3800     2.8397     0.0852     0.4230 4.5398e+01     1.1558      7.358     10.672    12.6920 0.0000e+00
      7.506      0.010     9.4285     88.532    145.035 109.369786    16.3800     2.8512     0.0852     0.4230 4.5438e+01     1.0652      7.360     10.675    12.6906 0.0000e+00
      7.508      0.010     9.4248     88.369    145.068 109.405555    16.4700     2.6986     0.0852     0.4653 4.5261e+01     1.3824      7.362     10.679    12.6915 0.0000e+00
      7.511      0.010     9.4162     88.201    145.094 109.432433    16.4700     2.7062     0.0852     0.4653 4.5211e+01     1.3522      7.365     10.682    12.6941 0.0000e+00
      7.513      0.010     9.4033     88.053    145.113 109.445592    16.4700     2.7138     0.0852     0.4653 4.5211e+01     1.2464      7.367     10.686    12.6977 0.0000e+00
      7.516      0.010     9.3872     87.948    145.118 109.436545    16.4700     2.6948     0.0852     0.4653 4.4937e+01     1.3522      7.370     10.690    12.7016 0.0000e+00
      7.519      0.011     9.3691     87.891    145.126 109.422872    16.4700     2.8931     0.0852     0.4653 4.4976e+01     1.3673      7.373     10.694    12.7055 0.0000e+00
      7.521      0.011     9.3508     87.865    145.154 109.424917    16.4700     2.9160     0.0852     0.5499 4.4810e+01     1.2615      7.376     10.698    12.7080 0.0000e+00
      7.524      0.011     9.3352     87.848    145.181 109.431230    16.4700     2.9084     0.0852     0.5499 4.4752e+01     1.3673      7.378     10.702    12.7074 0.0000e+00
      7.527      0.012     9.3250     87.821    145.174 109.419499    16.4700     2.9046     0.0852     0.5499 4.4830e+01     1.2918      7.381     10.706    12.7031 0.0000e+00
      7.530      0.012     9.3203     87.777    145.135 109.386597    16.4700     2.9122     0.0852     0.5499 4.4703e+01     1.5335      7.384     10.710    12.6963 0.0000e+00
      7.533      0.012     9.3190     87.723    145.103 109.357740    16.4700     2.9084     0.1278     0.4653 4.4452e+01     1.6241      7.387     10.715    12.6895 0.0000e+00
      7.537      0.012     9.3182     87.672    145.108 109.355222    16.4700     2.8969     0.1278     0.4653 4.4019e+01     1.5486      7.391     10.720    12.6848 0.0000e+00
      7.540      0.012     9.3157     87.641    145.129 109.364377    16.4700     2.9122     0.1278     0.4653 4.3943e+01     1.7147      7.394     10.724    12.6825 0.0000e+00
      7.543      0.011     9.3113     87.646    145.134 109.361653    16.4700     2.9198     0.1278     0.4653 4.3943e+01     1.3522      7.397     10.729    12.6814 0.0000e+00
      7.546      0.011     9.3059     87.702    145.130 109.354322    16.4700     2.9084     0.0852     0.4230 4.4048e+01     1.3673      7.400     10.732    12.6799 0.0000e+00
      7.548      0.010     9.3010     87.806    145.137 109.360420    16.4700     2.9008     0.0852     0.4230 4.3962e+01     1.3371      7.402     10.736    12.6777 0.0000e+00
      7.551      0.010     9.2982     87.935    145.146 109.373578    16.4700     2.8855     0.0852     0.4230 4.3819e+01     1.3522      7.405     10.740    12.6753 0.0000e+00
      7.553      0.010     9.2992     88.055    145.157 109.393306    16.4700     2.8855     0.0852     0.4230 4.3752e+01     1.3522      7.407     10.743    12.6731 0.0000e+00
      7.556      0.010     9.3053     88.144    145.183 109.424864    16.4700     2.8969     0.1278     0.5499 4.3610e+01     1.3975      7.410     10.747    12.6717 0.0000e+00
      7.558      0.010     9.3163     88.207    145.212 109.456676    16.4700     2.9008     0.1278     0.5499 4.3771e+01     1.3975      7.412     10.750    12.6719 0.0000e+00
      7.560      0.010     9.3296     88.268    145.248 109.489229    16.4700     2.9084     0.1278     0.5499 4.3676e+01     1.2766      7.414     10.753    12.6741 0.0000e+00
      7.563      0.010     9.3416     88.357    145.284 109.519207    16.4700     2.7939     0.1278     0.5499 4.3610e+01     1.3673      7.417     10.757    12.6779 0.0000e+00
      7.565      0.010     9.3501     88.491    145.282 109.518614    16.4700     2.7482     0.1278     0.5499 4.3543e+01     1.3673      7.419     10.760    12.6822 0.0000e+00
      7.568      0.011     9.3560     88.666    145.243 109.491292    16.4700     2.7787     0.1278     0.4653 4.3515e+01     1.2615      7.422     10.764    12.6856 0.0000e+00
      7.571      0.012     9.3621     88.872    145.217 109.473941    16.4700     2.7978     0.1278     0.4653 4.3487e+01     1.2766      7.425     10.768    12.6875 0.0000e+00
      7.574      0.013     9.3714     89.088    145.209 109.469932    16.4700     2.7176     0.1278     0.4653 4.3270e+01     1.4277      7.428     10.773    12.6882 0.0000e+00
      7.577      0.014     9.3855     89.290    145.194 109.462200    16.4700     2.7176     0.1278     0.4653 4.3185e+01     1.3220      7.431     10.778    12.6887 0.0000e+00
      7.581      0.015     9.4040     89.440    145.152 109.432690    16.3800     2.7138     0.0852     0.5076 4.3035e+01     1.3673      7.435     10.783    12.6894 0.0000e+00
      7.585      0.016     9.4256     89.509    145.076 109.373532    16.3800     2.7138     0.0852     0.5076 4.2961e+01     1.4277      7.438     10.788    12.6901 0.0000e+00
      7.589      0.016     9.4484     89.498    145.019 109.320934    16.3800     2.6833     0.0852     0.5076 4.2672e+01     1.2918      7.442     10.794    12.6910 0.0000e+00
      7.593      0.017     9.4696     89.439    145.010 109.296859    16.3800     2.6566     0.0852     0.5076 4.2441e+01     1.2918      7.447     10.800    12.6921 0.0000e+00
      7.598      0.017     9.4854     89.365    145.015 109.278889    16.4700     2.6719     0.0852     0.4230 4.2386e+01     1.3824      7.451     10.807    12.6928 0.0000e+00
      7.602      0.017     9.4929     89.292    145.014 109.258234    16.4700     2.6642     0.0852     0.4230 4.2101e+01     1.3824      7.456     10.813    12.6921 0.0000e+00
      7.607      0.017     9.4924     89.222    145.013 109.241380    16.4700     2.6642     0.0852     0.4230 4.1891e+01     1.2918      7.460     10.820    12.6888 0.0000e+00
      7.611      0.017     9.4873     89.145    145.018 109.231830    16.4700     2.6604     0.0852     0.4230 4.1719e+01     1.3220      7.464     10.826    12.6829 0.0000e+00
      7.616      0.016     9.4810     89.051    145.021 109.223038    16.4700     2.6719     0.0852     0.4230 4.1728e+01     1.3522      7.469     10.832    12.6755 0.0000e+00
      7.620      0.016     9.4748     88.927    145.007 109.204663    16.4700     2.6528     0.0852     0.4230 4.1583e+01     1.2162      7.473     10.838    12.6686 0.0000e+00
      7.624      0.015     9.4685     88.769    144.991 109.187797    16.4700     2.6566     0.0852     0.4230 4.1367e+01     1.2615      7.477     10.844    12.6629 0.0000e+00
      7.627      0.014     9.4613     88.601    144.989 109.185938    16.4700     2.5803     0.0852     0.4230 4.1331e+01     1.3673      7.480     10.849    12.6583 0.0000e+00
      7.631      0.014     9.4522     88.453    145.009 109.202588    16.4700     2.5841     0.0852     0.4230 4.1295e+01     1.3220      7.484     10.854    12.6545 0.0000e+00
      7.635      0.013     9.4396     88.342    145.046 109.234191    16.4700     2.5994     0.1278     0.5499 4.1107e+01     1.3371      7.487     10.859    12.6518 0.0000e+00
      7.638      0.013     9.4232     88.281    145.083 109.265181    16.4700     2.5803     0.1278     0.5499 4.1000e+01     1.3220      7.490     10.864    12.6502 0.0000e+00
      7.641      0.012     9.4054     88.269    145.111 109.289828    16.4700     2.6566     0.1278     0.5499 4.0946e+01     1.4126      7.493     10.868    12.6500 0.0000e+00
      7.644      0.012     9.3895     88.286    145.143 109.314705    16.4700     2.6795     0.1278     0.5499 4.1035e+01     1.2615      7.496     10.872    12.6507 0.0000e+00
      7.647      0.011     9.3775     88.315    145.170 109.334450    16.4700     2.6604     0.1278     0.6345 4.0884e+01     1.3220      7.499     10.877    12.6518 0.0000e+00
      7.650      0.011     9.3708     88.346    145.184 109.342332    16.4700     2.6528     0.1278     0.6345 4.0724e+01     1.4277      7.502     10.881    12.6531 0.0000e+00
      7.653      0.011     9.3693     88.376    145.197 109.348450    16.4700     2.5918     0.1278     0.6345 4.0618e+01     1.3220      7.505     10.885    12.6542 0.0000e+00
      7.655      0.011     9.3710     88.407    145.213 109.358433    16.4700     2.5879     0.1278     0.6345 4.0663e+01     1.4126      7.507     10.889    12.6546 0.0000e+00
      7.658      0.010     9.3741     88.434    145.235 109.374944    16.4700     2.6185     0.0852     0.4653 4.0548e+01     1.4277      7.510     10.893    12.6542 0.0000e+00
      7.661      0.010     9.3776     88.455    145.260 109.394387    16.4700     2.5727     0.0852     0.4653 4.0442e+01     1.3220      7.512     10.896    12.6533 0.0000e+00
      7.663      0.010     9.3810     88.474    145.272 109.405954    16.4700     2.6528     0.0852     0.4653 4.0416e+01     1.6392      7.515     10.900    12.6522 0.0000e+00
      7.666      0.010     9.3844     88.500    145.269 109.408730    16.4700     2.6604     0.0852     0.4653 4.0354e+01     1.5788      7.518     10.903    12.6515 0.0000e+00
      7.668      0.009     9.3874     88.536    145.239 109.391459    16.4700     2.6375     0.0852     0.4653 4.0346e+01     1.6090      7.520     10.907    12.6513 0.0000e+00
      7.670      0.009     9.3895     88.578    145.173 109.349536    16.3800     2.6413     0.1278     0.5076 4.0284e+01     1.5183      7.522     10.910    12.6516 0.0000e+00
      7.673      0.009     9.3913     88.627    145.108 109.309770    16.3800     2.7253     0.1278     0.5076 4.0162e+01     1.5486      7.524     10.913    12.6526 0.0000e+00
      7.675      0.009     9.3938     88.693    145.073 109.291545    16.3800     2.7100     0.1278     0.5076 3.9875e+01     1.5335      7.527     10.916    12.6541 0.0000e+00
      7.677      0.008     9.3972     88.780    145.051 109.280008    16.3800     2.7100     0.1278     0.5076 3.9901e+01     1.5788      7.529     10.920    12.6562 0.0000e+00
      7.679      0.008     9.4011     88.876    145.036 109.270081    16.3800     2.7443     0.0852     0.5076 3.9866e+01     1.6996      7.531     10.923    12.6588 0.0000e+00
      7.681      0.008     9.4057     88.960    145.039 109.271113    16.3800     2.6070     0.0852     0.5076 3.9814e+01     1.3975      7.533     10.926    12.6619 0.0000e+00
      7.683      0.007     9.4120     89.010    145.049 109.275384    16.3800     2.5956     0.0852     0.5076 3.9849e+01     1.3220      7.535     10.928    12.6647 0.0000e+00
      7.685      0.007     9.4209     89.014    145.059 109.280031    16.3800     2.5956     0.0852     0.5076 3.9719e+01     1.4126      7.537     10.931    12.6665 0.0000e+00
      7.687      0.008     9.4309     88.966    145.070 109.286295    16.3800     2.5803     0.1278     0.3384 3.9745e+01     1.2766      7.538     10.933    12.6670 0.0000e+00
      7.689      0.008     9.4399     88.871    145.071 109.283849    16.3800     2.5803     0.1278     0.3384 3.9866e+01     1.5637      7.540     10.936    12.6665 0.0000e+00
      7.691      0.008     9.4455     88.741    145.053 109.264044    16.3800     2.5841     0.1278     0.3384 3.9884e+01     1.6543      7.542     10.939    12.6655 0.0000e+00
