Data/DataNotYetUploadedToEDI/Raw_CTD/RawDownloads/060826_ccr20_S8188019.cnv
* Sea-Bird SBE19plus  Data File:
* FileName = C:\R\Reservoirs\Data\DataNotYetUploadedToEDI\Raw_CTD\RawDownloads\062526_ccr50_S8188_0019.hex
* Software version 2.8.0.119
* Temperature SN = 8188
* Conductivity SN = 8188
* System UpLoad Time = Jun 29 2026 18:16:27
* <ApplicationData>
* <Seaterm232>
# nquan = 16
# nvalues = 828                         
# units = specified
# name 0 = depFM: Depth [fresh water, m]
# name 1 = dz/dtM: Descent Rate [m/s]
# name 2 = sbeox0Mg/L: Oxygen, SBE 43 [mg/l]
# name 3 = sbeox0PS: Oxygen, SBE 43 [% saturation]
# name 4 = specc: Specific Conductance [uS/cm]
# name 5 = c0uS/cm: Conductivity [uS/cm]
# name 6 = wetCDOM: Fluorescence, WET Labs CDOM [mg/m^3]
# name 7 = flECO-AFL: Fluorescence, WET Labs ECO-AFL/FL [mg/m^3]
# name 8 = flECO-AFL1: Fluorescence, WET Labs ECO-AFL/FL, 2 [mg/m^3]
# name 9 = flECO-AFL2: Fluorescence, WET Labs ECO-AFL/FL, 3 [mg/m^3]
# name 10 = par/sat/log: PAR/Logarithmic, Satlantic
# name 11 = turbWETntu0: Turbidity, WET Labs ECO [NTU]
# name 12 = prdM: Pressure, Strain Gauge [db]
# name 13 = prdE: Pressure, Strain Gauge [psi]
# name 14 = tv290C: Temperature [ITS-90, deg C]
# name 15 = flag:  0.000e+00
# span 0 =     -0.505,      0.358       
# span 1 =     -0.202,      0.172       
# span 2 =     4.1216,     7.2461       
# span 3 =     52.077,     92.230       
# span 4 =   -405.976,    166.108       
# span 5 =-422.937822, 175.168117       
# span 6 =    -4.5000,    23.2200       
# span 7 =    -0.2998,    18.6404       
# span 8 =    -2.1300,     4.9842       
# span 9 =    -2.0304,     4.5261       
# span 10 = 9.4792e+01, 1.9599e+03      
# span 11 =    -1.2159,   816.3442      
# span 12 =     -0.495,      0.351      
# span 13 =     -0.718,      0.510      
# span 14 =    27.0178,    28.4194      
# span 15 = 0.0000e+00, 0.0000e+00      
# interval = seconds: 0.25
# start_time = Jun 11 2026 12:42:01 [Instrument's time stamp, header]
# bad_flag = -9.990e-29
*END*
[from data line 724]
      0.302      0.001     4.2302     54.143    157.717 165.158115    18.6300    -0.2731     0.3408     0.5922 4.3201e+02    -1.0044      0.296      0.429    27.3513 0.0000e+00
      0.302      0.001     4.2482     54.264    157.702 165.143618    18.8100    -0.2846     0.2982     0.6768 4.0422e+02    -1.0649      0.296      0.430    27.3517 0.0000e+00
      0.303      0.001     4.2630     54.412    157.687 165.128486    18.8100    -0.2502     0.2982     0.6768 3.7186e+02    -1.0044      0.297      0.430    27.3520 0.0000e+00
      0.303      0.001     4.2752     54.602    157.656 165.098661    18.8100    -0.2769     0.2982     0.6768 3.7065e+02    -0.9742      0.297      0.430    27.3522 0.0000e+00
      0.303      0.001     4.2853     54.825    157.633 165.076260    18.8100    -0.2617     0.2982     0.6768 3.6221e+02    -0.9440      0.297      0.431    27.3524 0.0000e+00
      0.304      0.001     4.2949     55.066    157.636 165.081371    17.8200    -0.2731     0.2130     0.5922 3.4839e+02    -1.1404      0.298      0.431    27.3527 0.0000e+00
      0.304      0.001     4.3065     55.315    157.640 165.087291    17.8200    -0.2579     0.2130     0.5922 3.1869e+02    -0.9893      0.298      0.432    27.3531 0.0000e+00
      0.304      0.001     4.3216     55.557    157.636 165.083571    17.8200    -0.2579     0.2130     0.5922 3.2343e+02    -1.0346      0.298      0.432    27.3537 0.0000e+00
      0.304      0.001     4.3391     55.774    157.646 165.093275    17.8200    -0.2884     0.2130     0.5922 3.6410e+02    -1.0497      0.298      0.433    27.3545 0.0000e+00
      0.305      0.001     4.3582     55.942    157.663 165.110971    17.7300    -0.2846     0.2556     0.4653 3.8956e+02    -1.0497      0.299      0.433    27.3551 0.0000e+00
      0.305      0.001     4.3778     56.038    157.674 165.121333    17.7300    -0.2579     0.2556     0.4653 3.9535e+02    -0.9893      0.299      0.433    27.3556 0.0000e+00
      0.305      0.001     4.3970     56.037    157.685 165.131133    17.7300    -0.2579     0.2556     0.4653 4.0988e+02    -1.0346      0.299      0.434    27.3558 0.0000e+00
      0.305      0.001     4.4141     55.926    157.710 165.155011    17.7300    -0.2655     0.2556     0.4653 4.0881e+02    -1.1404      0.299      0.434    27.3557 0.0000e+00
      0.306      0.001     4.4275     55.714    157.745 165.189312    17.7300    -0.2617     0.2556     0.5922 4.0369e+02    -1.0649      0.300      0.435    27.3555 0.0000e+00
      0.306      0.001     4.4351     55.436    157.762 165.205094    17.7300    -0.2922     0.2556     0.5922 3.7723e+02    -1.0497      0.300      0.435    27.3550 0.0000e+00
      0.306      0.001     4.4351     55.138    157.760 165.200551    17.7300    -0.2960     0.2556     0.5922 3.5219e+02    -1.0800      0.300      0.436    27.3545 0.0000e+00
      0.307      0.001     4.4263     54.852    157.758 165.196523    17.7300    -0.2579     0.2556     0.5922 3.5907e+02    -1.0800      0.301      0.436    27.3539 0.0000e+00
      0.307      0.001     4.4096     54.595    157.768 165.203963    17.7300    -0.2808     0.2556     0.5922 3.7323e+02    -1.0800      0.301      0.437    27.3532 0.0000e+00
      0.307      0.001     4.3877     54.372    157.786 165.220847    17.7300    -0.2693     0.2556     0.5076 3.6386e+02    -1.0951      0.301      0.437    27.3525 0.0000e+00
      0.308      0.002     4.3642     54.182    157.793 165.225616    17.7300    -0.2502     0.2556     0.5076 3.6181e+02    -1.0951      0.302      0.438    27.3517 0.0000e+00
      0.308      0.002     4.3415     54.023    157.771 165.199495    17.7300    -0.2769     0.2556     0.5076 3.3104e+02    -0.9893      0.302      0.438    27.3509 0.0000e+00
      0.308      0.002     4.3212     53.888    157.727 165.151554    17.7300    -0.2388     0.2556     0.5076 3.0283e+02    -1.0497      0.302      0.439    27.3500 0.0000e+00
      0.309      0.002     4.3037     53.766    157.692 165.113112    17.8200    -0.2655     0.2556     0.5922 2.8551e+02    -0.8836      0.303      0.439    27.3492 0.0000e+00
      0.309      0.002     4.2887     53.655    157.680 165.099981    17.8200    -0.2502     0.2556     0.5922 2.7301e+02    -0.9742      0.303      0.440    27.3485 0.0000e+00
      0.310      0.001     4.2762     53.581    157.678 165.096629    17.8200    -0.2808     0.2556     0.5922 2.5362e+02    -1.2159      0.304      0.440    27.3479 0.0000e+00
      0.310      0.001     4.2656     53.590    157.677 165.094144    17.8200    -0.2769     0.2556     0.5922 2.4570e+02    -1.0800      0.304      0.441    27.3472 0.0000e+00
      0.310      0.001     4.2560     53.706    157.691 165.107902    17.5500    -0.2731     0.2556     0.5922 2.3875e+02    -1.0497      0.304      0.441    27.3467 0.0000e+00
      0.310      0.001     4.2472     53.935    157.713 165.131547    17.5500    -0.2769     0.2556     0.5922 2.3251e+02    -1.0497      0.304      0.442    27.3462 0.0000e+00
      0.311      0.001     4.2414     54.292    157.723 165.141314    17.5500    -0.2426     0.2556     0.5922 2.3054e+02    -1.0497      0.305      0.442    27.3458 0.0000e+00
      0.311      0.001     4.2421     54.767    157.723 165.141812    17.5500    -0.2655     0.2556     0.5922 2.1232e+02    -1.0195      0.305      0.442    27.3455 0.0000e+00
      0.311      0.001     4.2513     55.305    157.721 165.139189    17.5500    -0.2998     0.2556     0.5922 2.0848e+02    -1.0800      0.305      0.443    27.3452 0.0000e+00
      0.311      0.001     4.2694     55.852    157.714 165.132745    17.5500    -0.2579     0.2556     0.5499 2.1310e+02    -1.0497      0.305      0.443    27.3451 0.0000e+00
      0.312      0.001     4.2976     56.388    157.709 165.128780    17.5500    -0.2273     0.2556     0.5499 2.0866e+02    -1.1404      0.306      0.443    27.3451 0.0000e+00
      0.312      0.001     4.3353     56.899    157.713 165.134256    17.5500    -0.2769     0.2556     0.5499 2.0489e+02    -1.1102      0.306      0.443    27.3451 0.0000e+00
      0.312      0.001     4.3778     57.392    157.731 165.154643    17.5500    -0.2731     0.2556     0.5499 2.0730e+02    -1.0800      0.306      0.444    27.3451 0.0000e+00
      0.312      0.001     4.4211     57.902    157.754 165.179340    17.3700    -0.2846     0.2556     0.4230 2.0880e+02    -1.0044      0.306      0.444    27.3453 0.0000e+00
      0.312      0.001     4.4635     58.446    157.768 165.194886    17.3700    -0.1587     0.2556     0.4230 2.1012e+02    71.6273      0.306      0.444    27.3457 0.0000e+00
      0.313      0.001     4.5039     59.023    157.782 165.209434    17.3700    -0.1282     0.2556     0.4230 2.1209e+02    71.5971      0.307      0.445    27.3461 0.0000e+00
      0.313      0.001     4.5429     59.623    157.788 165.216843    17.3700    -0.1434     0.2556     0.4230 2.0866e+02    71.6273      0.307      0.445    27.3465 0.0000e+00
      0.313      0.001     4.5832     60.241    157.774 165.201045    18.4500    -0.1282     0.2556     0.5499 2.0852e+02    71.5669      0.307      0.446    27.3468 0.0000e+00
      0.314      0.001     4.6263     60.884    157.751 165.175869    18.4500     0.1618     0.2556     0.5499 2.0980e+02   185.8621      0.308      0.446    27.3470 0.0000e+00
      0.314      0.001     4.6719     61.554    157.739 165.160664    18.4500     0.1579     0.2556     0.5499 2.0911e+02   185.9679      0.308      0.446    27.3472 0.0000e+00
      0.314      0.001     4.7195     62.206    157.737 165.155383    18.4500     0.1846     0.2556     0.5499 2.0998e+02   185.9226      0.308      0.447    27.3474 0.0000e+00
      0.314      0.001     4.7684     62.776    157.734 165.146591    18.9000     0.1579     0.2556     0.6768 2.0852e+02   185.9226      0.308      0.447    27.3473 0.0000e+00
      0.314      0.001     4.8193     63.245    157.718 165.123922    18.9000     0.1351     0.2556     0.6768 2.0515e+02   151.5705      0.308      0.447    27.3468 0.0000e+00
      0.314      0.001     4.8725     63.600    157.681 165.081333    18.9000     0.1084     0.2556     0.6768 2.0884e+02   151.6159      0.308      0.447    27.3460 0.0000e+00
      0.314      0.001     4.9241     63.798    157.597 164.989424    18.9000     0.1122     0.2556     0.6768 2.0875e+02   151.6159      0.308      0.447    27.3447 0.0000e+00
      0.315      0.000     4.9695     63.803    157.433 164.813661    18.9000     0.1045     0.2556     0.6768 2.0934e+02   151.5252      0.309      0.448    27.3430 0.0000e+00
      0.315      0.000     5.0067     63.616    157.176 164.541255    18.8100     0.0397     0.2982     0.6345 2.0984e+02    96.9608      0.309      0.448    27.3413 0.0000e+00
      0.315      0.001     5.0350     63.267    156.777 164.121614    18.8100     0.0282     0.2982     0.6345 2.1250e+02    96.8550      0.309      0.448    27.3398 0.0000e+00
      0.315      0.001     5.0507     62.811    156.121 163.434817    18.8100     0.0359     0.2982     0.6345 2.1246e+02    96.8853      0.309      0.448    27.3386 0.0000e+00
      0.315      0.000     5.0512     62.329    155.027 162.289697    18.8100     0.0473     0.2982     0.6345 2.1062e+02    96.8248      0.309      0.448    27.3375 0.0000e+00
      0.315      0.000     5.0365     61.885    153.204 160.380891    18.9000    -0.0709     0.3408     0.5499 2.1195e+02    61.9441      0.309      0.448    27.3366 0.0000e+00
      0.315      0.001     5.0089     61.521    150.178 157.211412    18.9000    -0.0671     0.3408     0.5499 2.1213e+02    61.9441      0.309      0.448    27.3360 0.0000e+00
      0.315      0.001     4.9728     61.273    145.154 151.948093    18.9000    -0.0633     0.3408     0.5499 2.1297e+02    61.9441      0.309      0.449    27.3359 0.0000e+00
      0.315      0.001     4.9346     61.149    136.786 143.183373    18.9000    -0.0786     0.3408     0.5499 2.1389e+02    61.9139      0.309      0.449    27.3359 0.0000e+00
      0.316      0.001     4.8995     61.139    122.828 128.567964    18.6300    -0.1243     0.2982     0.6345 2.1310e+02    49.1187      0.310      0.449    27.3358 0.0000e+00
      0.316      0.001     4.8708     61.250     99.554 104.200415    18.6300    -0.1778     0.2982     0.6345 2.1025e+02    49.0734      0.310      0.449    27.3351 0.0000e+00
      0.316      0.001     4.8512     61.500     60.747  63.574693    18.6300    -0.1511     0.2982     0.6345 2.0993e+02    49.1036      0.310      0.449    27.3341 0.0000e+00
      0.316      0.001     4.8416     61.882     -3.952  -4.154756    18.6300    -0.1511     0.2982     0.6345 2.0957e+02    49.1791      0.310      0.449    27.3327 0.0000e+00
      0.316      0.001     4.8409     62.368   -111.790-117.045108    18.6300    -0.1053     0.2982     0.6345 2.1039e+02    65.8113      0.310      0.449    27.3315 0.0000e+00
      0.316      0.000     4.8498     62.920   -291.490-305.164372    18.3600    -0.0633     0.2982     0.5076 2.1071e+02    65.7358      0.310      0.450    27.3308 0.0000e+00
      0.316      0.000     4.8696     63.484   -403.776-422.711064    18.3600    -0.0557     0.2982     0.5076 2.1348e+02    65.6905      0.310      0.450    27.3307 0.0000e+00
      0.316      0.000     4.8999     63.989   -291.442-305.112459    18.3600    -0.0862     0.2982     0.5076 2.1916e+02    65.6754      0.310      0.449    27.3309 0.0000e+00
      0.316      0.000     4.9384     64.363   -111.735-116.983569    18.3600    -0.1434     0.2982     0.5076 2.2726e+02    58.6358      0.310      0.449    27.3312 0.0000e+00
      0.316     -0.001     4.9822     64.555     -3.916  -4.111283    18.5400    -0.1434     0.2982     0.5922 2.3849e+02    58.6207      0.310      0.449    27.3316 0.0000e+00
      0.316     -0.001     5.0269     64.565     60.772  63.607683    18.5400    -0.1434     0.2982     0.5922 2.4650e+02    58.5753      0.310      0.449    27.3320 0.0000e+00
      0.315     -0.001     5.0668     64.437     99.581 104.235730    18.5400    -0.1358     0.2982     0.5922 2.5170e+02    58.6207      0.309      0.448    27.3323 0.0000e+00
      0.315     -0.002     5.0962     64.214    122.865 128.611013    18.5400    -0.0786     0.2982     0.5922 2.4806e+02    94.7250      0.309      0.448    27.3326 0.0000e+00
      0.314     -0.003     5.1113     63.931    136.825 143.225588    18.2700    -0.0862     0.2982     0.6345 2.4310e+02    94.7855      0.308      0.447    27.3327 0.0000e+00
      0.313     -0.004     5.1121     63.611    145.188 151.980686    18.2700    -0.0824     0.2982     0.6345 2.4210e+02    94.7552      0.307      0.446    27.3328 0.0000e+00
      0.312     -0.006     5.1019     63.277    150.207 157.235054    18.2700    -0.0938     0.2982     0.6345 2.5039e+02    94.8006      0.306      0.444    27.3328 0.0000e+00
      0.311     -0.007     5.0843     62.951    153.216 160.385849    18.2700    -0.0214     0.2982     0.6345 2.6598e+02   142.6728      0.305      0.442    27.3328 0.0000e+00
      0.309     -0.009     5.0618     62.640    155.011 162.265265    18.2700     0.0015     0.2982     0.6345 2.9318e+02   142.8692      0.303      0.440    27.3328 0.0000e+00
      0.307     -0.012     5.0364     62.348    156.089 163.394524    18.1800    -0.0099     0.2556     0.5499 3.3408e+02   142.7031      0.301      0.436    27.3330 0.0000e+00
      0.304     -0.015     5.0100     62.096    156.749 164.086792    18.1800    -0.0137     0.2556     0.5499 3.8201e+02   142.6426      0.298      0.432    27.3331 0.0000e+00
      0.300     -0.020     4.9841     61.897    157.149 164.506625    18.1800     0.0435     0.2556     0.5499 4.5434e+02   124.8019      0.294      0.427    27.3333 0.0000e+00
      0.295     -0.026     4.9595     61.750    157.373 164.741925    18.1800     0.0282     0.2556     0.5499 5.2601e+02   124.8624      0.289      0.420    27.3335 0.0000e+00
      0.288     -0.033     4.9364     61.662    157.483 164.859446    18.1800     0.0511     0.2556     0.4653 6.2141e+02   124.9228      0.283      0.411    27.3338 0.0000e+00
      0.280     -0.041     4.9164     61.667    157.559 164.942649    18.1800     0.0435     0.2556     0.4653 7.4925e+02   124.8473      0.275      0.399    27.3340 0.0000e+00
      0.269     -0.052     4.9005     61.836    157.640 165.033769    18.1800     1.4969     0.2556     0.4653 8.0934e+02   277.4222      0.264      0.383    27.3343 0.0000e+00
      0.256     -0.064     4.8889     62.229    157.692 165.100971    18.1800     1.4817     0.2556     0.4653 9.4991e+02   277.4675      0.251      0.364    27.3347 0.0000e+00
      0.239     -0.077     4.8819     62.888    157.707 165.134114    17.9100     1.5160     0.2130     0.6345 1.0108e+03   277.3618      0.235      0.340    27.3353 0.0000e+00
      0.219     -0.093     4.8822     63.887    157.704 165.150054    17.9100     1.5046     0.2130     0.6345 1.0940e+03   277.3316      0.215      0.312    27.3365 0.0000e+00
      0.194     -0.108     4.8954     65.302    157.685 165.149035    17.9100     1.7411     0.2130     0.6345 1.1031e+03   287.9665      0.191      0.277    27.3388 0.0000e+00
      0.165     -0.123     4.9261     67.109    157.640 165.120762    17.9100     1.7868     0.2130     0.6345 1.3637e+03   287.9967      0.162      0.235    27.3427 0.0000e+00
      0.131     -0.136     4.9777     69.142    157.545 165.047674    17.1000     1.7296     0.2130     0.5499 1.0124e+03   288.0269      0.129      0.187    27.3484 0.0000e+00
      0.094     -0.147     5.0562     71.178    157.374 164.908276    17.1000     1.7487     0.2130     0.5499 1.2359e+03   288.1629      0.092      0.134    27.3547 0.0000e+00
      0.054     -0.155     5.1676     73.071    157.102 164.679427    17.1000     1.6228     0.2130     0.5499 3.7469e+02    44.4810      0.053      0.077    27.3608 0.0000e+00
