Data/DataNotYetUploadedToEDI/Raw_CTD/RawDownloads/060826_bvr50_S8188015.cnv
* Sea-Bird SBE19plus  Data File:
* FileName = C:\R\Reservoirs\Data\DataNotYetUploadedToEDI\Raw_CTD\RawDownloads\062526_ccr50_S8188_0015.hex
* Software version 2.8.0.119
* Temperature SN = 8188
* Conductivity SN = 8188
* System UpLoad Time = Jun 29 2026 18:13:42
* <ApplicationData>
* <Seaterm232>
# nquan = 16
# nvalues = 1058                        
# units = specified
# name 0 = depFM: Depth [fresh water, m]
# name 1 = dz/dtM: Descent Rate [m/s]
# name 2 = sbeox0Mg/L: Oxygen, SBE 43 [mg/l]
# name 3 = sbeox0PS: Oxygen, SBE 43 [% saturation]
# name 4 = specc: Specific Conductance [uS/cm]
# name 5 = c0uS/cm: Conductivity [uS/cm]
# name 6 = wetCDOM: Fluorescence, WET Labs CDOM [mg/m^3]
# name 7 = flECO-AFL: Fluorescence, WET Labs ECO-AFL/FL [mg/m^3]
# name 8 = flECO-AFL1: Fluorescence, WET Labs ECO-AFL/FL, 2 [mg/m^3]
# name 9 = flECO-AFL2: Fluorescence, WET Labs ECO-AFL/FL, 3 [mg/m^3]
# name 10 = par/sat/log: PAR/Logarithmic, Satlantic
# name 11 = turbWETntu0: Turbidity, WET Labs ECO [NTU]
# name 12 = prdM: Pressure, Strain Gauge [db]
# name 13 = prdE: Pressure, Strain Gauge [psi]
# name 14 = tv290C: Temperature [ITS-90, deg C]
# name 15 = flag:  0.000e+00
# span 0 =     -0.664,      5.070       
# span 1 =     -0.226,      0.240       
# span 2 =    -0.4892,    10.1584       
# span 3 =     -4.769,    106.718       
# span 4 =   -631.464,     97.102       
# span 5 =-507.911468,  75.917557       
# span 6 =    -4.5000,    29.5200       
# span 7 =    -2.1424,    15.8404       
# span 8 =    -2.1300,     0.8946       
# span 9 =    -3.6801,     5.8797       
# span 10 = 1.1590e-01, 1.6233e+03      
# span 11 =    -3.1495,   971.1096      
# span 12 =     -0.651,      4.972      
# span 13 =     -0.944,      7.211      
# span 14 =    14.0887,    24.1408      
# span 15 = 0.0000e+00, 0.0000e+00      
# interval = seconds: 0.25
# start_time = Jun 08 2026 10:49:36 [Instrument's time stamp, header]
# bad_flag = -9.990e-29
*END*
[from data line 362]
      0.801      0.050     8.2993     96.445     37.357  36.206003    20.2500     2.4392     0.1278     1.7766 1.2231e+02     5.2950      0.785      1.139    23.5431 0.0000e+00
      0.813      0.047     8.3064     95.130     37.370  36.212505    20.2500     2.4773     0.1278     1.7766 1.2419e+02     5.3101      0.797      1.156    23.5120 0.0000e+00
      0.824      0.045     8.3028     93.398     37.379  36.217009    20.2500     2.4659     0.1278     1.7766 1.2484e+02     5.1741      0.808      1.172    23.4867 0.0000e+00
      0.836      0.044     8.2713     91.337     37.391  36.226690    20.2500     2.4735     0.1278     1.7766 1.2626e+02     5.0986      0.819      1.189    23.4678 0.0000e+00
      0.847      0.042     8.2010     89.081     37.396  36.230186    20.2500     2.4849     0.1278     1.8612 1.2546e+02     5.0986      0.830      1.204    23.4545 0.0000e+00
      0.857      0.041     8.0906     86.798     37.383  36.216477    20.2500     2.4811     0.1278     1.8612 1.2500e+02     5.1288      0.841      1.219    23.4458 0.0000e+00
      0.868      0.040     7.9441     84.671     37.360  36.193859    20.2500     2.5422     0.1278     1.8612 1.2223e+02     5.0986      0.851      1.234    23.4403 0.0000e+00
      0.878      0.038     7.7693     82.839     37.346  36.180207    20.2500     2.5307     0.1278     1.8612 1.2078e+02     5.1590      0.860      1.248    23.4370 0.0000e+00
      0.887      0.037     7.5777     81.341     37.334  36.167896    20.3400     2.5231     0.1704     1.7766 1.1924e+02     5.1741      0.870      1.261    23.4351 0.0000e+00
      0.896      0.036     7.3837     80.143     37.309  36.143682    20.3400     2.5536     0.1704     1.7766 1.1739e+02     5.1137      0.879      1.275    23.4341 0.0000e+00
      0.905      0.035     7.2028     79.194     37.288  36.123022    20.3400     2.6452     0.1704     1.7766 1.1678e+02     5.1288      0.888      1.287    23.4335 0.0000e+00
      0.914      0.035     7.0470     78.452     37.279  36.114352    20.3400     2.6719     0.1704     1.7766 1.1688e+02     5.0079      0.896      1.300    23.4332 0.0000e+00
      0.922      0.035     6.9196     77.877     37.272  36.107390    20.4300     2.6528     0.1278     1.7766 1.1785e+02     5.1590      0.905      1.312    23.4329 0.0000e+00
      0.931      0.036     6.8177     77.442     37.270  36.104265    20.4300     2.6719     0.1278     1.7766 1.2049e+02     5.1288      0.913      1.325    23.4326 0.0000e+00
      0.940      0.038     6.7371     77.137     37.274  36.108126    20.4300     3.0152     0.1278     1.7766 1.2266e+02     5.3856      0.922      1.337    23.4323 0.0000e+00
      0.950      0.040     6.6739     76.979     37.283  36.116021    20.4300     3.0343     0.1278     1.7766 1.2505e+02     5.3554      0.931      1.351    23.4321 0.0000e+00
      0.960      0.042     6.6251     76.990     37.307  36.138022    20.4300     3.0457     0.1278     1.7766 1.2659e+02     5.4158      0.942      1.366    23.4318 0.0000e+00
      0.972      0.045     6.5881     77.205     37.342  36.170035    20.7900     3.0381     0.1278     1.9035 1.2739e+02     5.4007      0.953      1.382    23.4313 0.0000e+00
      0.983      0.047     6.5623     77.681     37.362  36.188724    20.7900     3.2708     0.1278     1.9035 1.2681e+02     5.5518      0.965      1.398    23.4304 0.0000e+00
      0.996      0.050     6.5490     78.463     37.366  36.191103    20.7900     3.2899     0.1278     1.9035 1.2833e+02     5.5820      0.977      1.416    23.4292 0.0000e+00
      1.009      0.051     6.5501     79.558     37.361  36.185776    20.7900     3.2593     0.1278     1.9035 1.2650e+02     5.6575      0.989      1.435    23.4276 0.0000e+00
      1.023      0.052     6.5687     80.917     37.348  36.173313    20.8800     3.2593     0.1278     2.0304 1.2147e+02     5.6424      1.003      1.454    23.4258 0.0000e+00
      1.037      0.051     6.6093     82.402     37.332  36.158359    20.8800     4.2931     0.1278     2.0304 1.1974e+02     6.2164      1.017      1.475    23.4237 0.0000e+00
      1.051      0.050     6.6760     83.819     37.318  36.144897    20.8800     4.3122     0.1278     2.0304 1.1726e+02     6.2164      1.031      1.494    23.4221 0.0000e+00
      1.064      0.048     6.7693     84.994     37.306  36.133320    20.8800     4.3084     0.1278     2.0304 1.1834e+02     6.3675      1.043      1.513    23.4214 0.0000e+00
      1.075      0.046     6.8850     85.813     37.301  36.128509    20.7900     4.3046     0.1704     1.9458 1.1595e+02     6.2316      1.054      1.529    23.4214 0.0000e+00
      1.086      0.043     7.0113     86.217     37.307  36.133165    20.7900     4.8615     0.1704     1.9458 1.1289e+02     6.7301      1.065      1.545    23.4217 0.0000e+00
      1.097      0.040     7.1318     86.203     37.315  36.140563    20.7900     4.8386     0.1704     1.9458 1.0982e+02     6.7905      1.076      1.560    23.4220 0.0000e+00
      1.107      0.038     7.2318     85.821     37.321  36.144706    20.7900     4.8310     0.1704     1.9458 1.0865e+02     6.8509      1.086      1.575    23.4221 0.0000e+00
      1.117      0.035     7.3015     85.170     37.323  36.144706    20.7900     4.8386     0.1278     1.9035 1.0778e+02     6.8509      1.095      1.588    23.4219 0.0000e+00
      1.125      0.032     7.3360     84.370     37.324  36.142556    20.7900     5.2163     0.1278     1.9035 1.0785e+02     6.8811      1.103      1.600    23.4214 0.0000e+00
      1.133      0.029     7.3349     83.540     37.328  36.143659    20.7900     5.2316     0.1278     1.9035 1.0750e+02     6.8509      1.111      1.611    23.4203 0.0000e+00
      1.140      0.026     7.3027     82.786     37.330  36.142333    20.7900     5.2239     0.1278     1.9035 1.0699e+02     6.7452      1.118      1.621    23.4184 0.0000e+00
      1.146      0.024     7.2476     82.210     37.324  36.134238    20.7900     5.2354     0.1278     1.9035 1.0861e+02     6.7905      1.124      1.630    23.4156 0.0000e+00
      1.151      0.022     7.1801     81.868     37.311  36.121201    20.8800     4.9722     0.1278     1.9458 1.1233e+02     6.7754      1.129      1.638    23.4119 0.0000e+00
      1.156      0.022     7.1099     81.734     37.301  36.111698    20.8800     4.9760     0.1278     1.9458 1.1279e+02     6.6847      1.134      1.644    23.4080 0.0000e+00
      1.161      0.021     7.0463     81.719     37.296  36.107178    20.8800     4.9645     0.1278     1.9458 1.1459e+02     6.6999      1.138      1.652    23.4041 0.0000e+00
      1.167      0.021     6.9977     81.719     37.286  36.098469    20.8800     4.9874     0.1278     1.9458 1.1562e+02     6.7905      1.144      1.659    23.4009 0.0000e+00
      1.172      0.022     6.9688     81.643     37.282  36.095201    20.7000     4.7433     0.1278     1.9881 1.1499e+02     6.2013      1.149      1.667    23.3995 0.0000e+00
      1.178      0.022     6.9573     81.435     37.295  36.108454    20.7000     4.7242     0.1278     1.9881 1.1617e+02     6.2316      1.155      1.675    23.3999 0.0000e+00
      1.183      0.022     6.9559     81.100     37.311  36.123834    20.7000     4.7471     0.1278     1.9881 1.1417e+02     6.3524      1.160      1.683    23.4010 0.0000e+00
      1.189      0.022     6.9559     80.675     37.315  36.127514    20.7000     4.7204     0.1278     1.9881 1.1191e+02     6.3373      1.166      1.691    23.4020 0.0000e+00
      1.194      0.022     6.9493     80.213     37.318  36.130434    20.7900     5.0828     0.1278     1.8612 1.1025e+02     6.9416      1.171      1.699    23.4027 0.0000e+00
      1.200      0.023     6.9315     79.781     37.323  36.135366    20.7900     5.1095     0.1278     1.8612 1.0655e+02     6.7452      1.177      1.707    23.4032 0.0000e+00
      1.206      0.023     6.9030     79.432     37.328  36.139641    20.7900     5.1057     0.1278     1.8612 1.0419e+02     6.8509      1.183      1.716    23.4035 0.0000e+00
      1.212      0.023     6.8668     79.191     37.337  36.148383    20.7900     5.1095     0.1278     1.8612 1.0177e+02     6.8207      1.189      1.724    23.4035 0.0000e+00
      1.218      0.023     6.8275     79.056     37.345  36.155954    20.8800     5.3346     0.1278     1.9458 1.0026e+02     6.9567      1.195      1.733    23.4033 0.0000e+00
      1.224      0.023     6.7907     79.003     37.346  36.156406    20.8800     5.3536     0.1278     1.9458 9.9434e+01     7.0171      1.201      1.741    23.4031 0.0000e+00
      1.230      0.023     6.7611     78.982     37.340  36.149859    20.8800     5.3575     0.1278     1.9458 9.8531e+01     6.9416      1.206      1.750    23.4028 0.0000e+00
      1.236      0.024     6.7406     78.947     37.333  36.142535    20.8800     5.3460     0.1278     1.9458 9.8381e+01     7.0020      1.212      1.758    23.4023 0.0000e+00
      1.242      0.024     6.7292     78.863     37.336  36.144433    20.8800     5.4795     0.1278     1.9458 9.8167e+01     7.2437      1.218      1.767    23.4019 0.0000e+00
      1.248      0.025     6.7247     78.701     37.350  36.156061    20.7900     5.4719     0.1278     1.8189 9.9240e+01     7.3343      1.224      1.775    23.4014 0.0000e+00
      1.254      0.026     6.7230     78.436     37.369  36.172551    20.7900     5.4795     0.1278     1.8189 9.9629e+01     7.3343      1.230      1.784    23.4008 0.0000e+00
      1.261      0.028     6.7201     78.059     37.380  36.180369    20.7900     5.4910     0.1278     1.8189 9.9802e+01     7.2739      1.237      1.794    23.3999 0.0000e+00
      1.268      0.029     6.7131     77.585     37.379  36.175626    20.7900     5.9220     0.1278     1.8189 9.9780e+01     7.2437      1.244      1.804    23.3986 0.0000e+00
      1.276      0.031     6.6996     77.035     37.375  36.167015    20.7900     5.8915     0.1278     1.8189 9.9046e+01     7.3041      1.252      1.815    23.3965 0.0000e+00
      1.284      0.033     6.6774     76.417     37.375  36.162202    20.7900     5.8953     0.1278     1.8189 9.8895e+01     7.2890      1.260      1.827    23.3936 0.0000e+00
      1.293      0.034     6.6458     75.739     37.383  36.165880    20.7900     5.9220     0.1278     1.8189 9.7466e+01     7.1682      1.268      1.839    23.3895 0.0000e+00
      1.302      0.035     6.6061     75.012     37.397  36.177035    20.7900     5.4643     0.1278     1.8189 9.4628e+01     7.4099      1.277      1.852    23.3842 0.0000e+00
      1.312      0.035     6.5600     74.250     37.409  36.186691    20.7900     5.4528     0.1278     1.9035 9.2594e+01     7.5005      1.286      1.866    23.3780 0.0000e+00
      1.321      0.035     6.5081     73.471     37.398  36.173516    20.7900     5.4719     0.1278     1.9035 9.1573e+01     7.4703      1.296      1.879    23.3718 0.0000e+00
      1.330      0.034     6.4510     72.697     37.383  36.155910    20.7900     5.4757     0.1278     1.9035 8.9917e+01     7.4250      1.304      1.892    23.3669 0.0000e+00
      1.339      0.033     6.3895     71.955     37.395  36.163046    20.7900     5.0790     0.1278     1.9035 8.8386e+01     6.5941      1.312      1.904    23.3632 0.0000e+00
      1.347      0.031     6.3250     71.287     37.417  36.176904    20.7900     5.0370     0.1278     1.9035 8.6675e+01     6.4884      1.320      1.915    23.3603 0.0000e+00
      1.354      0.030     6.2590     70.733     37.422  36.171298    20.7900     5.0523     0.1278     2.0727 8.5014e+01     6.6394      1.328      1.926    23.3573 0.0000e+00
      1.362      0.029     6.1935     70.319     37.408  36.146724    20.7900     5.0523     0.1278     2.0727 8.4683e+01     6.5337      1.335      1.937    23.3532 0.0000e+00
      1.369      0.027     6.1310     70.063     37.403  36.130496    20.7900     5.2735     0.1278     2.0727 8.3986e+01     6.7905      1.342      1.947    23.3466 0.0000e+00
      1.376      0.026     6.0752     69.993     37.420  36.136213    20.7900     5.2812     0.1278     2.0727 8.2754e+01     6.8509      1.349      1.957    23.3365 0.0000e+00
      1.382      0.025     6.0296     70.141     37.438  36.145478    20.7900     5.2735     0.1278     2.1150 8.1985e+01     6.7754      1.355      1.966    23.3232 0.0000e+00
      1.389      0.024     5.9960     70.516     37.442  36.144825    20.7900     5.2583     0.1278     2.1150 8.2306e+01     6.8207      1.362      1.975    23.3085 0.0000e+00
      1.394      0.024     5.9758     71.111     37.439  36.142047    20.7900     5.6512     0.1278     2.1150 8.3006e+01     7.4854      1.367      1.983    23.2936 0.0000e+00
      1.400      0.023     5.9715     71.947     37.435  36.140390    20.7900     5.6474     0.1278     2.1150 8.2449e+01     7.4250      1.373      1.992    23.2793 0.0000e+00
      1.406      0.023     5.9854     73.045     37.427  36.135425    20.7000     5.6474     0.1704     2.1150 8.1487e+01     7.4552      1.379      2.000    23.2682 0.0000e+00
      1.412      0.022     6.0180     74.378     37.420  36.129815    20.7000     5.6512     0.1704     2.1150 8.0712e+01     7.5609      1.385      2.008    23.2627 0.0000e+00
      1.418      0.022     6.0687     75.863     37.411  36.122064    20.7000     5.6474     0.1704     2.1150 7.9753e+01     7.5005      1.390      2.017    23.2629 0.0000e+00
      1.423      0.021     6.1398     77.372     37.406  36.118072    20.7000     6.5629     0.1704     2.1150 7.9407e+01     9.6154      1.396      2.025    23.2657 0.0000e+00
      1.429      0.021     6.2332     78.742     37.412  36.122752    20.7000     6.5667     0.1278     2.6226 7.8926e+01     9.6758      1.401      2.032    23.2684 0.0000e+00
      1.434      0.021     6.3466     79.832     37.406  36.115439    20.7000     6.5667     0.1278     2.6226 7.7920e+01     9.6154      1.406      2.039    23.2706 0.0000e+00
      1.439      0.021     6.4732     80.561     37.387  36.096173    20.7000     6.5705     0.1278     2.6226 7.6544e+01     9.6758      1.411      2.047    23.2720 0.0000e+00
      1.444      0.022     6.6019     80.914     37.373  36.081731    20.7000     7.3297     0.1278     2.6226 7.4785e+01    12.7273      1.416      2.054    23.2723 0.0000e+00
      1.450      0.023     6.7190     80.936     37.367  36.076231    20.7000     7.3221     0.1278     2.6226 7.3480e+01    12.7122      1.422      2.062    23.2713 0.0000e+00
      1.456      0.024     6.8123     80.697     37.372  36.082189    20.7000     7.2992     0.1278     2.6226 7.2987e+01    12.7575      1.428      2.070    23.2692 0.0000e+00
      1.462      0.025     6.8747     80.278     37.388  36.097210    20.7000     7.2953     0.1278     2.6226 7.1994e+01    12.7273      1.434      2.079    23.2674 0.0000e+00
      1.468      0.027     6.9049     79.767     37.405  36.113347    20.7000     8.2338     0.1278     2.6226 7.0615e+01    12.6669      1.440      2.088    23.2669 0.0000e+00
      1.475      0.028     6.9067     79.245     37.416  36.122952    20.7000     8.2376     0.1278     2.6226 6.8918e+01    12.7575      1.447      2.098    23.2675 0.0000e+00
      1.483      0.029     6.8861     78.763     37.420  36.124600    20.7000     8.2071     0.1704     3.0033 6.7921e+01    12.6971      1.454      2.109    23.2684 0.0000e+00
      1.490      0.030     6.8503     78.325     37.418  36.118731    20.7000     8.2262     0.1704     3.0033 6.7056e+01    12.7273      1.462      2.120    23.2690 0.0000e+00
      1.498      0.032     6.8067     77.899     37.416  36.111748    20.7000     8.8251     0.1704     3.0033 6.7260e+01    12.2892      1.469      2.131    23.2686 0.0000e+00
      1.506      0.033     6.7624     77.452     37.426  36.113742    20.7000     8.8365     0.1704     3.0033 6.6360e+01    12.2439      1.477      2.142    23.2668 0.0000e+00
