Data/DataNotYetUploadedToEDI/Raw_CTD/RawDownloads/060826_ccr30_S8188020.cnv
* Sea-Bird SBE19plus  Data File:
* FileName = C:\R\Reservoirs\Data\DataNotYetUploadedToEDI\Raw_CTD\RawDownloads\062526_ccr50_S8188_0020.hex
* Software version 2.8.0.119
* Temperature SN = 8188
* Conductivity SN = 8188
* System UpLoad Time = Jun 29 2026 18:17:02
* <ApplicationData>
* <Seaterm232>
# nquan = 16
# nvalues = 2386                        
# units = specified
# name 0 = depFM: Depth [fresh water, m]
# name 1 = dz/dtM: Descent Rate [m/s]
# name 2 = sbeox0Mg/L: Oxygen, SBE 43 [mg/l]
# name 3 = sbeox0PS: Oxygen, SBE 43 [% saturation]
# name 4 = specc: Specific Conductance [uS/cm]
# name 5 = c0uS/cm: Conductivity [uS/cm]
# name 6 = wetCDOM: Fluorescence, WET Labs CDOM [mg/m^3]
# name 7 = flECO-AFL: Fluorescence, WET Labs ECO-AFL/FL [mg/m^3]
# name 8 = flECO-AFL1: Fluorescence, WET Labs ECO-AFL/FL, 2 [mg/m^3]
# name 9 = flECO-AFL2: Fluorescence, WET Labs ECO-AFL/FL, 3 [mg/m^3]
# name 10 = par/sat/log: PAR/Logarithmic, Satlantic
# name 11 = turbWETntu0: Turbidity, WET Labs ECO [NTU]
# name 12 = prdM: Pressure, Strain Gauge [db]
# name 13 = prdE: Pressure, Strain Gauge [psi]
# name 14 = tv290C: Temperature [ITS-90, deg C]
# name 15 = flag:  0.000e+00
# span 0 =     -0.478,      6.632       
# span 1 =     -0.177,      0.221       
# span 2 =     4.5869,     8.4933       
# span 3 =     46.004,     98.332       
# span 4 =   -430.927,    159.711       
# span 5 =-429.970887, 162.258892       
# span 6 =    -4.5000,    22.5900       
# span 7 =    -1.5701,    33.6401       
# span 8 =    -2.9820,     0.9372       
# span 9 =    -5.2029,     3.8070       
# span 10 = 9.6777e+00, 2.9030e+03      
# span 11 =   -10.2042,   971.0038      
# span 12 =     -0.469,      6.504      
# span 13 =     -0.681,      9.433      
# span 14 =    12.9510,    27.5357      
# span 15 = 0.0000e+00, 0.0000e+00      
# interval = seconds: 0.25
# start_time = Jun 11 2026 12:53:53 [Instrument's time stamp, header]
# bad_flag = -9.990e-29
*END*
[from data line 724]
      0.154      0.029     5.7717     73.626    151.024 157.628540     7.6500     0.4021     0.0426    -0.1269 1.3377e+02     0.7026      0.152      0.219    27.1615 0.0000e+00
      0.161      0.031     5.8290     73.041    151.003 157.620084     7.6500     0.4097     0.0426    -0.1269 1.3172e+02     0.6724      0.159      0.230    27.1650 0.0000e+00
      0.169      0.033     5.8633     72.299    150.984 157.613024     7.6500     0.3945     0.0426    -0.1269 1.3458e+02     0.5817      0.166      0.241    27.1697 0.0000e+00
      0.178      0.036     5.8691     71.568    150.965 157.607481     7.6500     0.4097     0.0426    -0.1269 1.3201e+02     0.6573      0.175      0.253    27.1750 0.0000e+00
      0.187      0.039     5.8454     71.065    150.940 157.599973     7.6500     0.4135     0.0426    -0.1269 1.3847e+02     0.6271      0.184      0.267    27.1801 0.0000e+00
      0.198      0.043     5.7986     71.044    150.904 157.586494     7.8300     0.4212     0.0426     0.0846 1.1979e+02     0.5817      0.194      0.281    27.1847 0.0000e+00
      0.209      0.046     5.7392     71.735    150.868 157.573472     7.8300     0.3945     0.0426     0.0846 1.4465e+02     0.7479      0.205      0.297    27.1888 0.0000e+00
      0.221      0.049     5.6807     73.215    150.859 157.581484     7.8300     0.4288     0.0426     0.0846 1.2694e+02     0.8235      0.217      0.315    27.1934 0.0000e+00
      0.235      0.051     5.6401     75.301    150.874 157.608659     7.8300     0.4021     0.0426     0.0846 1.4687e+02     0.5969      0.230      0.334    27.1996 0.0000e+00
      0.249      0.053     5.6376     77.600    150.889 157.634188     7.8300     0.4021     0.0426     0.0846 1.3650e+02     0.6875      0.244      0.354    27.2077 0.0000e+00
      0.263      0.053     5.6916     79.708    150.901 157.654860     7.8300     0.4212     0.0426     0.0846 1.3886e+02     0.6724      0.258      0.375    27.2157 0.0000e+00
      0.277      0.052     5.8085     81.375    150.906 157.668171     7.8300     0.3868     0.0426     0.0846 1.3514e+02     0.6724      0.272      0.394    27.2214 0.0000e+00
      0.290      0.050     5.9735     82.503    150.900 157.669655     7.8300     0.4059     0.0426     0.0846 1.4873e+02     0.7328      0.284      0.413    27.2254 0.0000e+00
      0.302      0.049     6.1555     83.031    150.892 157.669729     7.8300     0.3945     0.0852     0.0846 1.2606e+02     0.7177      0.296      0.430    27.2286 0.0000e+00
      0.314      0.047     6.3225     82.930    150.903 157.686448     7.8300     0.3945     0.0852     0.0846 1.3772e+02     0.8386      0.308      0.447    27.2312 0.0000e+00
      0.326      0.046     6.4544     82.296    150.934 157.722267     7.8300     0.4135     0.0852     0.0846 1.2675e+02     0.8990      0.320      0.464    27.2338 0.0000e+00
      0.338      0.045     6.5436     81.333    150.973 157.764694     7.8300     0.3945     0.0852     0.0846 1.2813e+02     0.8839      0.331      0.481    27.2367 0.0000e+00
      0.350      0.043     6.5851     80.254    151.008 157.800995     7.8300     0.3754     0.0426     0.0423 1.4121e+02     0.7932      0.343      0.497    27.2392 0.0000e+00
      0.360      0.042     6.5770     79.182    151.023 157.816803     7.8300     0.3906     0.0426     0.0423 1.3158e+02     0.9443      0.353      0.512    27.2409 0.0000e+00
      0.371      0.040     6.5265     78.133    151.018 157.812326     7.8300     0.4059     0.0426     0.0423 1.4210e+02     0.8386      0.363      0.527    27.2419 0.0000e+00
      0.380      0.038     6.4501     77.074    151.004 157.798392     7.8300     0.4021     0.0426     0.0423 1.3535e+02     0.8688      0.373      0.541    27.2425 0.0000e+00
      0.390      0.037     6.3646     75.974    150.973 157.767279     7.8300     0.3868     0.0426     0.0423 1.3910e+02     0.9443      0.382      0.554    27.2427 0.0000e+00
      0.399      0.035     6.2795     74.819    150.926 157.718705     7.9200     0.4479     0.0426     0.0846 1.4371e+02     0.9896      0.391      0.567    27.2427 0.0000e+00
      0.408      0.033     6.1963     73.618    150.891 157.681800     7.9200     0.4517     0.0426     0.0846 1.3769e+02     0.8688      0.400      0.580    27.2429 0.0000e+00
      0.416      0.032     6.1123     72.405    150.877 157.668768     7.9200     0.4517     0.0426     0.0846 1.3829e+02     0.9896      0.408      0.591    27.2432 0.0000e+00
      0.424      0.031     6.0251     71.235    150.874 157.666112     7.9200     0.4708     0.0426     0.0846 1.3470e+02     0.8990      0.415      0.603    27.2434 0.0000e+00
      0.431      0.029     5.9334     70.175    150.880 157.675130     7.9200     0.4555     0.0852     0.0846 1.4173e+02     0.8386      0.423      0.613    27.2436 0.0000e+00
      0.438      0.028     5.8382     69.284    150.895 157.694216     7.9200     0.4479     0.0852     0.0846 1.3497e+02     0.8386      0.430      0.624    27.2438 0.0000e+00
      0.445      0.027     5.7420     68.593    150.904 157.708422     7.9200     0.4860     0.0852     0.0846 1.3772e+02     0.8990      0.437      0.634    27.2441 0.0000e+00
      0.452      0.026     5.6491     68.106    150.907 157.717528     7.9200     0.4288     0.0852     0.0846 1.3745e+02     0.8083      0.443      0.643    27.2445 0.0000e+00
      0.458      0.025     5.5650     67.806    150.907 157.723963     7.9200     0.4593     0.0426     0.0846 1.4544e+02     0.8235      0.449      0.652    27.2452 0.0000e+00
      0.465      0.025     5.4942     67.657    150.902 157.725435     7.9200     0.4860     0.0426     0.0846 1.4011e+02     0.9141      0.455      0.661    27.2464 0.0000e+00
      0.471      0.025     5.4393     67.606    150.905 157.736365     7.9200     0.4784     0.0426     0.0846 1.4446e+02     0.8839      0.461      0.670    27.2480 0.0000e+00
      0.477      0.024     5.4004     67.603    150.918 157.757664     7.9200     0.4708     0.0426     0.0846 1.4142e+02     0.7932      0.467      0.678    27.2500 0.0000e+00
      0.483      0.024     5.3764     67.616    150.914 157.760945     7.9200     0.4708     0.0426     0.0846 1.4293e+02     0.8537      0.473      0.687    27.2522 0.0000e+00
      0.489      0.024     5.3644     67.610    150.898 157.753093     8.0100     0.4669     0.0852     0.1692 1.4838e+02     0.8839      0.480      0.696    27.2544 0.0000e+00
      0.495      0.024     5.3601     67.553    150.897 157.760072     8.0100     0.4631     0.0852     0.1692 1.4431e+02     0.8990      0.486      0.705    27.2568 0.0000e+00
      0.501      0.023     5.3597     67.429    150.901 157.771719     8.0100     0.4860     0.0852     0.1692 1.4729e+02     0.8688      0.491      0.713    27.2594 0.0000e+00
      0.507      0.023     5.3604     67.236    150.904 157.779117     8.0100     0.4593     0.0852     0.1692 1.4102e+02     1.1558      0.497      0.721    27.2621 0.0000e+00
      0.513      0.022     5.3597     66.980    150.906 157.784239     7.9200     0.4555     0.0426     0.1269 1.5223e+02     1.0954      0.503      0.730    27.2649 0.0000e+00
      0.519      0.022     5.3549     66.682    150.893 157.772420     7.9200     0.4746     0.0426     0.1269 1.4222e+02     1.2011      0.509      0.738    27.2677 0.0000e+00
      0.524      0.021     5.3449     66.361    150.866 157.744514     7.9200     0.4708     0.0426     0.1269 1.5197e+02     1.1256      0.514      0.746    27.2700 0.0000e+00
      0.530      0.021     5.3294     66.008    150.840 157.717129     7.9200     0.4822     0.0426     0.1269 1.4912e+02     1.0349      0.519      0.753    27.2716 0.0000e+00
      0.535      0.020     5.3090     65.614    150.819 157.696989     7.9200     0.4708     0.0000     0.0846 1.4592e+02     1.1709      0.524      0.761    27.2725 0.0000e+00
      0.540      0.020     5.2854     65.186    150.820 157.698762     7.9200     0.4822     0.0000     0.0846 1.5450e+02     1.1709      0.529      0.768    27.2728 0.0000e+00
      0.545      0.020     5.2599     64.746    150.845 157.726930     7.9200     0.4631     0.0000     0.0846 1.5154e+02     0.9896      0.534      0.775    27.2729 0.0000e+00
      0.550      0.020     5.2320     64.326    150.871 157.756942     7.9200     0.4708     0.0000     0.0846 1.5534e+02     1.1407      0.539      0.782    27.2731 0.0000e+00
      0.555      0.020     5.2006     63.969    150.871 157.758723     7.8300     0.4746     0.0852     0.0846 1.5059e+02     1.1256      0.544      0.789    27.2734 0.0000e+00
      0.560      0.020     5.1667     63.713    150.848 157.736759     7.8300     0.4784     0.0852     0.0846 1.5710e+02     1.1709      0.549      0.797    27.2739 0.0000e+00
      0.565      0.020     5.1318     63.583    150.833 157.721262     7.8300     0.4784     0.0852     0.0846 1.5440e+02     1.0954      0.554      0.804    27.2746 0.0000e+00
      0.570      0.020     5.0984     63.589    150.835 157.724134     7.8300     0.5318     0.0852     0.0846 1.5313e+02     1.0954      0.559      0.811    27.2753 0.0000e+00
      0.575      0.020     5.0701     63.730    150.848 157.738123     7.8300     0.5356     0.0852     0.0846 1.5524e+02     1.0954      0.564      0.819    27.2761 0.0000e+00
      0.580      0.020     5.0497     63.995    150.857 157.746920     8.0100     0.5203     0.0852     0.0846 1.5663e+02     1.2011      0.569      0.826    27.2768 0.0000e+00
      0.585      0.020     5.0393     64.375    150.851 157.740847     8.0100     0.5280     0.0852     0.0846 1.5765e+02     1.0954      0.574      0.833    27.2771 0.0000e+00
      0.590      0.020     5.0398     64.881    150.841 157.730309     8.0100     0.5127     0.0852     0.0846 1.6010e+02     1.0954      0.579      0.840    27.2772 0.0000e+00
      0.595      0.020     5.0510     65.508    150.835 157.724520     8.0100     0.5280     0.0852     0.0846 1.6014e+02     1.1860      0.584      0.847    27.2772 0.0000e+00
      0.600      0.021     5.0720     66.205    150.829 157.717926     7.9200     0.5394     0.0852     0.1692 1.6663e+02     1.0652      0.589      0.854    27.2771 0.0000e+00
      0.606      0.021     5.1021     66.917    150.828 157.716787     7.9200     0.5356     0.0852     0.1692 1.5903e+02     1.1709      0.594      0.862    27.2771 0.0000e+00
      0.611      0.022     5.1422     67.610    150.836 157.724806     7.9200     0.5165     0.0852     0.1692 1.7029e+02     1.0349      0.600      0.870    27.2771 0.0000e+00
      0.617      0.024     5.1919     68.259    150.848 157.736106     7.9200     0.5089     0.0852     0.1692 1.6369e+02     1.0803      0.605      0.878    27.2772 0.0000e+00
      0.623      0.025     5.2471     68.877    150.859 157.745684     7.9200     0.5432     0.0426     0.0846 1.6937e+02     1.1860      0.611      0.886    27.2772 0.0000e+00
      0.629      0.027     5.3035     69.513    150.868 157.752087     7.9200     0.5470     0.0426     0.0846 1.6685e+02     1.0954      0.617      0.895    27.2773 0.0000e+00
      0.636      0.029     5.3585     70.198    150.892 157.773053     7.9200     0.5165     0.0426     0.0846 1.7298e+02     1.0500      0.624      0.905    27.2771 0.0000e+00
      0.644      0.030     5.4100     70.938    150.924 157.802148     7.9200     0.5051     0.0426     0.0846 1.7107e+02     1.0803      0.632      0.916    27.2767 0.0000e+00
      0.653      0.032     5.4590     71.740    150.944 157.819077     7.9200     0.5356     0.0426     0.0846 1.7495e+02     1.1105      0.640      0.928    27.2760 0.0000e+00
      0.661      0.033     5.5095     72.576    150.960 157.832361     8.0100     0.5280     0.0426     0.0846 1.7457e+02     1.1558      0.649      0.941    27.2750 0.0000e+00
      0.670      0.033     5.5639     73.383    150.972 157.841534     8.0100     0.5127     0.0426     0.0846 1.8125e+02     1.1709      0.657      0.953    27.2738 0.0000e+00
      0.679      0.033     5.6227     74.109    150.978 157.845034     8.0100     0.5203     0.0426     0.0846 1.7305e+02     1.1407      0.666      0.965    27.2724 0.0000e+00
      0.687      0.031     5.6865     74.700    150.987 157.851810     8.0100     0.5432     0.0426     0.0846 1.8086e+02     1.1709      0.674      0.977    27.2709 0.0000e+00
      0.696      0.029     5.7528     75.106    151.001 157.863669     8.1000     0.5280     0.0426     0.0846 1.8280e+02     1.0500      0.683      0.989    27.2696 0.0000e+00
      0.703      0.027     5.8169     75.327    151.030 157.891790     8.1000     0.5470     0.0426     0.0846 1.8451e+02     1.0803      0.690      1.000    27.2686 0.0000e+00
      0.710      0.024     5.8746     75.378    151.061 157.919622     8.1000     0.5623     0.0426     0.0846 1.8315e+02     1.1256      0.697      1.010    27.2677 0.0000e+00
      0.716      0.021     5.9215     75.275    151.068 157.922525     8.1000     0.5738     0.0426     0.0846 1.8976e+02     1.1105      0.702      1.018    27.2669 0.0000e+00
      0.720      0.018     5.9538     75.046    151.067 157.917304     8.0100     0.5356     0.0852     0.1692 1.9363e+02     1.1105      0.707      1.025    27.2660 0.0000e+00
      0.725      0.016     5.9714     74.727    151.061 157.906575     8.0100     0.5432     0.0852     0.1692 1.9342e+02     1.0652      0.711      1.030    27.2650 0.0000e+00
      0.728      0.015     5.9756     74.354    151.046 157.887476     8.0100     0.5203     0.0852     0.1692 2.0044e+02     1.1709      0.714      1.035    27.2638 0.0000e+00
      0.731      0.014     5.9675     73.981    151.026 157.862931     8.0100     0.4975     0.0852     0.1692 1.9857e+02     1.1709      0.717      1.040    27.2623 0.0000e+00
      0.735      0.014     5.9495     73.663    150.992 157.822384     8.0100     0.5432     0.0852     0.1692 2.0035e+02     1.0803      0.721      1.045    27.2608 0.0000e+00
      0.738      0.016     5.9244     73.410    150.956 157.779073     8.0100     0.5203     0.0852     0.0846 1.9715e+02     1.0803      0.724      1.049    27.2594 0.0000e+00
      0.741      0.018     5.8950     73.193    150.943 157.757518     8.0100     0.5165     0.0852     0.0846 1.9883e+02     0.7932      0.727      1.054    27.2581 0.0000e+00
      0.746      0.020     5.8656     72.979    150.957 157.763995     8.0100     0.5356     0.0852     0.0846 2.0386e+02     0.8688      0.731      1.061    27.2568 0.0000e+00
      0.751      0.023     5.8406     72.732    150.993 157.792214     8.0100     0.5509     0.0852     0.0846 2.0267e+02     0.8235      0.737      1.068    27.2553 0.0000e+00
      0.758      0.025     5.8207     72.448    151.033 157.821645     8.0100     0.5165     0.0000     0.1692 2.1689e+02     0.8839      0.743      1.078    27.2533 0.0000e+00
      0.765      0.027     5.8037     72.168    151.050 157.824065     8.0100     0.5661     0.0000     0.1692 2.2204e+02     1.0652      0.751      1.088    27.2509 0.0000e+00
      0.773      0.028     5.7870     71.935    151.051 157.804125     8.0100     0.5776     0.0000     0.1692 2.2432e+02     1.1256      0.758      1.099    27.2481 0.0000e+00
      0.780      0.029     5.7678     71.744    151.061 157.792578     8.0100     0.5509     0.0000     0.1692 2.3382e+02     1.1256      0.765      1.110    27.2449 0.0000e+00
      0.787      0.030     5.7456     71.564    151.077 157.790353     8.1000     0.6043     0.0852     0.1692 2.2036e+02     1.1105      0.772      1.119    27.2409 0.0000e+00
      0.795      0.032     5.7240     71.377    151.089 157.788837     8.1000     0.5203     0.0852     0.1692 2.3813e+02     1.1407      0.779      1.130    27.2356 0.0000e+00
      0.803      0.033     5.7062     71.171    151.104 157.795643     8.1000     0.5394     0.0852     0.1692 2.2633e+02     1.1407      0.787      1.141    27.2289 0.0000e+00
