Data/DataNotYetUploadedToEDI/Raw_CTD/RawDownloads/060826_ccr50_S8188017.cnv
* Sea-Bird SBE19plus  Data File:
* FileName = C:\R\Reservoirs\Data\DataNotYetUploadedToEDI\Raw_CTD\RawDownloads\062526_ccr50_S8188_0017.hex
* Software version 2.8.0.119
* Temperature SN = 8188
* Conductivity SN = 8188
* System UpLoad Time = Jun 29 2026 18:15:21
* <ApplicationData>
* <Seaterm232>
# nquan = 16
# nvalues = 4205                        
# units = specified
# name 0 = depFM: Depth [fresh water, m]
# name 1 = dz/dtM: Descent Rate [m/s]
# name 2 = sbeox0Mg/L: Oxygen, SBE 43 [mg/l]
# name 3 = sbeox0PS: Oxygen, SBE 43 [% saturation]
# name 4 = specc: Specific Conductance [uS/cm]
# name 5 = c0uS/cm: Conductivity [uS/cm]
# name 6 = wetCDOM: Fluorescence, WET Labs CDOM [mg/m^3]
# name 7 = flECO-AFL: Fluorescence, WET Labs ECO-AFL/FL [mg/m^3]
# name 8 = flECO-AFL1: Fluorescence, WET Labs ECO-AFL/FL, 2 [mg/m^3]
# name 9 = flECO-AFL2: Fluorescence, WET Labs ECO-AFL/FL, 3 [mg/m^3]
# name 10 = par/sat/log: PAR/Logarithmic, Satlantic
# name 11 = turbWETntu0: Turbidity, WET Labs ECO [NTU]
# name 12 = prdM: Pressure, Strain Gauge [db]
# name 13 = prdE: Pressure, Strain Gauge [psi]
# name 14 = tv290C: Temperature [ITS-90, deg C]
# name 15 = flag:  0.000e+00
# span 0 =     -0.483,     17.215       
# span 1 =     -0.259,      0.155       
# span 2 =    -0.1283,    10.6688       
# span 3 =     -1.164,    109.972       
# span 4 =   -637.918,    166.341       
# span 5 =-475.001862, 152.973487       
# span 6 =    -4.5000,    22.6800       
# span 7 =    -0.9102,    20.4601       
# span 8 =    -2.1300,     2.6412       
# span 9 =    -4.2723,    10.4058       
# span 10 = 1.1587e-01, 3.3217e+03      
# span 11 =    -5.7630,   971.0340      
# span 12 =     -0.474,     16.882      
# span 13 =     -0.687,     24.486      
# span 14 =    11.0077,    26.1653      
# span 15 = 0.0000e+00, 0.0000e+00      
# interval = seconds: 0.25
# start_time = Jun 11 2026 11:08:06 [Instrument's time stamp, header]
# bad_flag = -9.990e-29
*END*
[from data line 1628]
      0.310      0.001     5.3891     67.719    148.687 151.837632     7.7400     0.2419     0.0426     0.0846 1.0514e+03    -0.1131      0.304      0.442    26.0524 0.0000e+00
      0.311      0.000     5.4201     67.850    148.702 151.853399     7.7400     0.2152     0.0852     0.1269 6.6862e+02    -0.0527      0.305      0.442    26.0526 0.0000e+00
      0.311      0.000     5.4468     67.875    148.708 151.859431     7.7400     0.2266     0.0852     0.1269 7.9574e+02    -0.1283      0.305      0.442    26.0528 0.0000e+00
      0.311     -0.001     5.4693     67.784    148.701 151.853328     7.7400     0.2304     0.0852     0.1269 7.0365e+02    -0.0225      0.305      0.442    26.0530 0.0000e+00
      0.310     -0.002     5.4867     67.583    148.689 151.841477     7.7400     0.2304     0.0852     0.1269 9.4703e+02    -0.0980      0.304      0.441    26.0531 0.0000e+00
      0.310     -0.002     5.4973     67.284    148.672 151.824724     7.7400     0.2152     0.0852     0.0423 1.4286e+03    -0.0527      0.304      0.441    26.0532 0.0000e+00
      0.309     -0.003     5.4993     66.903    148.644 151.796599     7.7400     0.2304     0.0852     0.0423 4.5306e+02    -0.0376      0.303      0.440    26.0534 0.0000e+00
      0.308     -0.004     5.4920     66.458    148.615 151.767631     7.7400     0.2342     0.0852     0.0423 1.4811e+03    -0.0980      0.302      0.438    26.0536 0.0000e+00
      0.307     -0.005     5.4756     65.966    148.604 151.756141     7.7400     0.2228     0.0852     0.0423 6.5183e+02    -0.0980      0.301      0.437    26.0538 0.0000e+00
      0.306     -0.006     5.4514     65.451    148.611 151.763071     7.7400     0.2304     0.0852     0.0423 1.6006e+03    -0.0376      0.300      0.435    26.0540 0.0000e+00
      0.304     -0.007     5.4206     64.942    148.630 151.782256     7.6500     0.2152     0.0426     0.0423 1.1436e+03    -0.0527      0.298      0.432    26.0542 0.0000e+00
      0.302     -0.009     5.3845     64.473    148.644 151.796773     7.6500     0.2266     0.0426     0.0423 9.8438e+02    -0.0678      0.296      0.429    26.0542 0.0000e+00
      0.300     -0.011     5.3446     64.063    148.640 151.792465     7.6500     0.2228     0.0426     0.0423 1.2616e+03    -0.0376      0.294      0.426    26.0542 0.0000e+00
      0.297     -0.013     5.3029     63.712    148.627 151.778198     7.6500     0.2228     0.0426     0.0423 5.4806e+02    -0.0829      0.291      0.422    26.0542 0.0000e+00
      0.293     -0.016     5.2617     63.414    148.609 151.760187     7.7400     0.2075     0.0426     0.1692 1.5539e+03    -0.1887      0.288      0.417    26.0542 0.0000e+00
      0.289     -0.021     5.2237     63.158    148.595 151.745647     7.7400     0.2228     0.0426     0.1692 8.7368e+02    -0.0376      0.284      0.411    26.0542 0.0000e+00
      0.284     -0.026     5.1905     62.933    148.588 151.738715     7.7400     0.2304     0.0426     0.1692 5.3303e+02    -0.0829      0.279      0.404    26.0541 0.0000e+00
      0.277     -0.034     5.1620     62.741    148.575 151.725523     7.7400     0.2075     0.0426     0.1692 7.3826e+02    -0.0980      0.272      0.394    26.0541 0.0000e+00
      0.268     -0.042     5.1378     62.596    148.564 151.714573     7.6500     0.2266     0.0426     0.0846 1.1548e+03    -0.1131      0.263      0.382    26.0540 0.0000e+00
      0.257     -0.053     5.1171     62.525    148.568 151.718971     7.6500     0.2075     0.0426     0.0846 7.3188e+02    -0.0829      0.252      0.366    26.0540 0.0000e+00
      0.243     -0.065     5.0989     62.575    148.576 151.727872     7.6500     0.2152     0.0426     0.0846 8.3962e+02    -0.1585      0.239      0.346    26.0540 0.0000e+00
      0.226     -0.077     5.0833     62.823    148.591 151.743648     7.6500     0.2495     0.0426     0.0846 9.9643e+02    -0.1283      0.222      0.321    26.0540 0.0000e+00
      0.204     -0.087     5.0716     63.375    148.610 151.766499     7.6500     0.2304     0.0000     0.1269 7.4568e+02    -0.0527      0.200      0.290    26.0541 0.0000e+00
      0.178     -0.093     5.0658     64.350    148.617 151.778480     7.6500     0.1999     0.0000     0.1269 2.0349e+03    -0.0376      0.175      0.253    26.0542 0.0000e+00
      0.149     -0.094     5.0699     65.794    148.611 151.774772     7.6500     0.2152     0.0000     0.1269 1.8530e+03    -0.1434      0.146      0.212    26.0544 0.0000e+00
      0.121     -0.090     5.0899     67.597    148.594 151.758393     7.6500     0.2152     0.0000     0.1269 1.9560e+03     0.0379      0.119      0.172    26.0548 0.0000e+00
      0.098     -0.082     5.1346     69.503    148.577 151.741003     7.6500     0.2495     0.0000     0.1269 2.0125e+03     7.5760      0.096      0.139    26.0559 0.0000e+00
      0.078     -0.072     5.2134     71.232    148.575 151.737998     7.9200     0.2190     0.0000     0.0846 2.0068e+03     7.4099      0.077      0.111    26.0573 0.0000e+00
      0.063     -0.061     5.3303     72.578    148.575 151.736557     7.9200     0.2152     0.0000     0.0846 2.0675e+03     7.5609      0.062      0.089    26.0584 0.0000e+00
      0.050     -0.053     5.4763     73.449    148.567 151.728280     7.9200     0.2075     0.0000     0.0846 2.0563e+03     7.6365      0.049      0.071    26.0586 0.0000e+00
      0.039     -0.048     5.6307     73.868    148.559 151.718975     7.9200     0.2152     0.0000     0.0846 2.0200e+03     5.1288      0.039      0.056    26.0584 0.0000e+00
      0.030     -0.046     5.7708     73.957    148.543 151.702154     7.6500     0.2228     0.0426     0.2115 2.0235e+03     5.1590      0.029      0.042    26.0581 0.0000e+00
      0.019     -0.045     5.8799     73.906    148.518 151.677337     7.6500     0.2037     0.0426     0.2115 1.9770e+03     5.1892      0.019      0.027    26.0578 0.0000e+00
      0.007     -0.045     5.9504     73.883    148.496 151.653935     7.6500     0.1999     0.0426     0.2115 2.2044e+03     5.0986      0.007      0.010    26.0576 0.0000e+00
     -0.006     -0.045     5.9844     73.958    148.480 151.637726     7.6500     0.2342     0.0426     0.2115 2.2309e+03     6.7754     -0.006     -0.009    26.0574 0.0000e+00
     -0.019     -0.043     5.9917     74.103    148.480 151.636410     7.4700     0.2152     0.0426     0.0846 2.2983e+03     6.8962     -0.018     -0.027    26.0573 0.0000e+00
     -0.030     -0.039     5.9876     74.240    148.490 151.645629     7.4700     0.2228     0.0426     0.0846 2.3315e+03     6.7150     -0.030     -0.043    26.0573 0.0000e+00
     -0.040     -0.035     5.9857     74.276    148.497 151.651813     7.4700     0.2457     0.0426     0.0846 1.9877e+03     6.7301     -0.039     -0.057    26.0572 0.0000e+00
     -0.048     -0.029     5.9918     74.130    148.502 151.656611     7.4700     0.2037     0.0426     0.0846 1.7535e+03     3.3009     -0.047     -0.068    26.0571 0.0000e+00
     -0.054     -0.023     6.0036     73.778    148.503 151.657297     7.4700     0.2304     0.0426     0.0846 2.2933e+03     3.2405     -0.053     -0.077    26.0568 0.0000e+00
     -0.059     -0.017     6.0147     73.283    148.503 151.658059     7.6500     0.2228     0.0852     0.0846 2.2567e+03     3.2858     -0.058     -0.084    26.0565 0.0000e+00
     -0.063     -0.011     6.0177     72.753    148.504 151.659101     7.6500     0.2304     0.0852     0.0846 2.1631e+03     3.2556     -0.062     -0.090    26.0562 0.0000e+00
     -0.065     -0.006     6.0058     72.264    148.489 151.644674     7.6500     0.2190     0.0852     0.0846 2.1962e+03     1.0954     -0.064     -0.093    26.0560 0.0000e+00
     -0.066      0.000     5.9774     71.808    148.467 151.622951     7.6500     0.2304     0.0852     0.0846 2.2015e+03     1.1709     -0.065     -0.094    26.0559 0.0000e+00
     -0.065      0.006     5.9372     71.329    148.444 151.600160     7.6500     0.2190     0.0852     0.1269 2.1900e+03     1.1105     -0.064     -0.093    26.0560 0.0000e+00
     -0.063      0.011     5.8943     70.771    148.405 151.562210     7.6500     0.2190     0.0852     0.1269 2.1668e+03     1.2011     -0.062     -0.090    26.0562 0.0000e+00
     -0.059      0.015     5.8546     70.096    148.346 151.502986     7.6500     0.2571     0.0852     0.1269 2.1682e+03     0.8839     -0.058     -0.084    26.0564 0.0000e+00
     -0.054      0.017     5.8177     69.283    148.265 151.422724     7.6500     0.2266     0.0852     0.1269 2.1593e+03     1.0047     -0.053     -0.076    26.0567 0.0000e+00
     -0.048      0.018     5.7788     68.340    148.139 151.296014     7.7400     0.2152     0.0852     0.1692 2.1824e+03     0.8839     -0.048     -0.069    26.0570 0.0000e+00
     -0.043      0.018     5.7335     67.309    147.911 151.065024     7.7400     0.2113     0.0852     0.1692 2.2015e+03     0.9443     -0.042     -0.061    26.0574 0.0000e+00
     -0.038      0.017     5.6788     66.258    147.506 150.652132     7.7400     0.1846     0.0852     0.1692 2.2077e+03     2.1528     -0.037     -0.054    26.0579 0.0000e+00
     -0.033      0.016     5.6129     65.261    146.826 149.959253     7.7400     0.1694     0.0852     0.1692 2.2193e+03     2.1377     -0.033     -0.048    26.0586 0.0000e+00
     -0.030      0.014     5.5365     64.368    145.710 148.821653     7.8300     0.1503     0.0426     0.1692 2.2299e+03     2.1377     -0.029     -0.042    26.0592 0.0000e+00
     -0.026      0.012     5.4529     63.606    143.862 146.935971     7.8300     0.1579     0.0426     0.1692 2.2188e+03     2.2435     -0.026     -0.038    26.0599 0.0000e+00
     -0.024      0.009     5.3677     62.981    140.786 143.795354     7.8300     0.2152     0.0426     0.1692 2.2005e+03     1.4730     -0.024     -0.034    26.0604 0.0000e+00
     -0.022      0.007     5.2869     62.489    135.657 138.558297     7.8300     0.2342     0.0426     0.1692 2.1858e+03     1.3220     -0.022     -0.031    26.0610 0.0000e+00
     -0.020      0.005     5.2145     62.127    127.098 129.816230     7.8300     0.2381     0.0426     0.1692 2.1881e+03     1.3975     -0.020     -0.028    26.0617 0.0000e+00
     -0.019      0.003     5.1527     61.896    112.806 115.217902     7.8300     0.2571     0.0426     0.0846 2.1886e+03     1.4126     -0.019     -0.027    26.0624 0.0000e+00
     -0.019      0.002     5.1020     61.795     88.972  90.870425     7.8300     0.2495     0.0426     0.0846 2.1972e+03     1.1256     -0.019     -0.026    26.0632 0.0000e+00
     -0.019      0.001     5.0620     61.810     49.263  50.305181     7.8300     0.2266     0.0426     0.0846 2.2207e+03     1.1407     -0.019     -0.027    26.0640 0.0000e+00
     -0.019      0.000     5.0326     61.917    -16.905 -17.291222     7.8300     0.2495     0.0426     0.0846 2.2125e+03     1.1407     -0.019     -0.027    26.0649 0.0000e+00
     -0.019      0.000     5.0138     62.092   -127.195-129.964526     7.9200     0.2571     0.1278     0.0846 2.2231e+03     1.1407     -0.019     -0.027    26.0657 0.0000e+00
     -0.019      0.000     5.0056     62.301   -311.003-317.744919     7.9200     0.2075     0.1278     0.0846 2.2255e+03     0.6724     -0.019     -0.027    26.0664 0.0000e+00
     -0.019      0.000     5.0068     62.503   -425.867-435.090972     7.9200     0.2228     0.1278     0.0846 2.2183e+03     0.7781     -0.019     -0.027    26.0669 0.0000e+00
     -0.019      0.000     5.0155     62.659   -310.990-317.730853     7.9200     0.2075     0.1278     0.0846 2.2115e+03     0.6724     -0.018     -0.026    26.0674 0.0000e+00
     -0.018      0.000     5.0297     62.750   -127.209-129.976719     7.8300     0.2304     0.0426     0.0846 2.1991e+03     0.6573     -0.018     -0.026    26.0677 0.0000e+00
     -0.018      0.000     5.0467     62.772    -16.952 -17.336930     7.8300     0.2571     0.0426     0.0846 2.1943e+03     1.2313     -0.018     -0.026    26.0680 0.0000e+00
     -0.018      0.000     5.0632     62.726     49.201  50.245823     7.8300     0.2304     0.0426     0.0846 2.1782e+03     1.2011     -0.018     -0.026    26.0681 0.0000e+00
     -0.018     -0.001     5.0757     62.620     88.895  90.797615     7.8300     0.2342     0.0426     0.0846 2.1858e+03     1.1407     -0.018     -0.026    26.0681 0.0000e+00
     -0.018     -0.001     5.0829     62.473    112.711 115.128250     7.8300     0.2152     0.0426     0.0846 2.1953e+03     1.2162     -0.018     -0.026    26.0681 0.0000e+00
     -0.019     -0.002     5.0846     62.300    127.003 129.729905     7.7400     0.2075     0.0852     0.1692 2.2024e+03     0.8537     -0.018     -0.026    26.0681 0.0000e+00
     -0.019     -0.002     5.0809     62.099    135.584 138.496354     7.7400     0.2457     0.0852     0.1692 2.1953e+03     0.8386     -0.019     -0.027    26.0681 0.0000e+00
     -0.020     -0.002     5.0723     61.863    140.741 143.765317     7.7400     0.2381     0.0852     0.1692 2.1962e+03     0.9745     -0.020     -0.028    26.0681 0.0000e+00
     -0.021     -0.002     5.0604     61.580    143.842 146.933837     7.7400     0.2342     0.0852     0.1692 2.2058e+03     0.9292     -0.021     -0.030    26.0682 0.0000e+00
     -0.022     -0.002     5.0463     61.248    145.703 148.834832     7.7400     0.2419     0.0426     0.0846 2.1934e+03     0.4156     -0.021     -0.031    26.0682 0.0000e+00
     -0.022     -0.001     5.0300     60.883    146.811 149.967221     7.7400     0.1999     0.0426     0.0846 2.1905e+03     0.4609     -0.022     -0.031    26.0682 0.0000e+00
     -0.022     -0.001     5.0109     60.499    147.475 150.644995     7.7400     0.2266     0.0426     0.0846 2.1820e+03     0.4156     -0.022     -0.031    26.0683 0.0000e+00
     -0.022     -0.000     4.9879     60.107    147.882 151.060913     7.7400     0.2075     0.0426     0.0846 2.1758e+03     0.3854     -0.022     -0.031    26.0684 0.0000e+00
     -0.022      0.000     4.9611     59.722    148.125 151.309861     7.6500     0.2304     0.0426     0.0000 2.1801e+03     0.7026     -0.022     -0.032    26.0685 0.0000e+00
     -0.022      0.000     4.9315     59.360    148.274 151.462230     7.6500     0.2571     0.0426     0.0000 2.1843e+03     0.6422     -0.022     -0.032    26.0686 0.0000e+00
     -0.022      0.001     4.9004     59.021    148.372 151.562660     7.6500     0.2457     0.0426     0.0000 2.1858e+03     0.6422     -0.022     -0.031    26.0686 0.0000e+00
     -0.022      0.001     4.8686     58.702    148.414 151.605878     7.6500     0.2495     0.0426     0.0000 2.1848e+03     0.6120     -0.021     -0.031    26.0687 0.0000e+00
     -0.022      0.002     4.8374     58.403    148.415 151.607416     7.5600     0.2419     0.0852     0.0846 2.1934e+03     0.6422     -0.021     -0.030    26.0688 0.0000e+00
     -0.021      0.002     4.8081     58.121    148.403 151.595730     7.5600     0.2190     0.0852     0.0846 2.1910e+03     0.5213     -0.020     -0.029    26.0689 0.0000e+00
     -0.020      0.003     4.7806     57.860    148.371 151.563698     7.5600     0.2495     0.0852     0.0846 2.1872e+03     0.6271     -0.020     -0.028    26.0691 0.0000e+00
     -0.019      0.003     4.7548     57.627    148.303 151.494765     7.5600     0.2419     0.0852     0.0846 2.1848e+03     0.7328     -0.019     -0.027    26.0692 0.0000e+00
     -0.018      0.003     4.7306     57.414    148.169 151.358528     7.5600     0.2266     0.0852     0.0846 2.1805e+03     0.1286     -0.018     -0.026    26.0694 0.0000e+00
     -0.017      0.003     4.7077     57.207    147.922 151.106637     7.6500     0.2457     0.0426     0.1692 2.1805e+03     0.0983     -0.017     -0.025    26.0696 0.0000e+00
     -0.016      0.004     4.6865     57.006    147.508 150.683941     7.6500     0.2152     0.0426     0.1692 2.1824e+03     0.1890     -0.016     -0.023    26.0698 0.0000e+00
