Data/DataNotYetUploadedToEDI/Raw_CTD/RawDownloads/060826_fcr50_S7809007.cnv
* Sea-Bird SBE19plus  Data File:
* FileName = C:\R\Reservoirs\Data\DataNotYetUploadedToEDI\Raw_CTD\RawDownloads\062926_fcr50_S7809_0007.hex
* Software version 2.8.0.119
* Temperature SN = 7809
* Conductivity SN = 7809
* System UpLoad Time = Jun 30 2026 09:02:02
* <ApplicationData>
* <Seaterm232>
# nquan = 15
# nvalues = 2221                        
# units = specified
# name 0 = depFM: Depth [fresh water, m]
# name 1 = dz/dtM: Descent Rate [m/s]
# name 2 = sbeox0Mg/L: Oxygen, SBE 43 [mg/l]
# name 3 = sbeox0PS: Oxygen, SBE 43 [% saturation]
# name 4 = specc: Specific Conductance [uS/cm]
# name 5 = c0uS/cm: Conductivity [uS/cm]
# name 6 = flECO-AFL: Fluorescence, WET Labs ECO-AFL/FL [mg/m^3]
# name 7 = ph: pH
# name 8 = orp: Oxidation Reduction Potential [mV]
# name 9 = par/sat/log: PAR/Logarithmic, Satlantic
# name 10 = turbWETntu0: Turbidity, WET Labs ECO [NTU]
# name 11 = prdM: Pressure, Strain Gauge [db]
# name 12 = prdE: Pressure, Strain Gauge [psi]
# name 13 = tv290C: Temperature [ITS-90, deg C]
# name 14 = flag:  0.000e+00
# span 0 =     -0.588,      9.552       
# span 1 =     -0.202,      0.163       
# span 2 =    -0.2281,     9.2079       
# span 3 =     -2.237,    105.413       
# span 4 =      1.009,    275.033       
# span 5 =   1.040669, 188.715610       
# span 6 =    -0.0486,     6.0993       
# span 7 =      8.489,     11.888       
# span 8 = -1240.7455,   150.1590       
# span 9 = 1.2350e-01, 2.2270e+03       
# span 10 =     0.1575,   235.7045      
# span 11 =     -0.577,      9.371      
# span 12 =     -0.836,     13.592      
# span 13 =     9.3037,    26.5586      
# span 14 = 0.0000e+00, 0.0000e+00      
# interval = seconds: 0.25
# start_time = Jun 08 2026 12:16:51 [Instrument's time stamp, header]
# bad_flag = -9.990e-29
*END*
[from data line 97]
      0.092      0.001     6.6377     79.947     38.102  38.759254     1.0002     10.484    90.9819 2.4484e+02     5.1046      0.090      0.130    25.8534 0.0000e+00
      0.092      0.001     6.5914     79.756     38.094  38.751905     0.9861     10.492    90.9309 2.4692e+02     4.9627      0.090      0.130    25.8545 0.0000e+00
      0.092      0.001     6.5462     79.522     38.081  38.738588     0.9853     10.501    90.9679 2.4883e+02     4.9468      0.090      0.131    25.8555 0.0000e+00
      0.093      0.001     6.5143     79.266     38.067  38.725159     1.0157     10.510    90.9994 2.4688e+02     5.0486      0.091      0.132    25.8564 0.0000e+00
      0.094      0.001     6.5026     78.964     38.057  38.716449     1.0372     10.519    91.2259 2.4648e+02     5.1006      0.092      0.133    25.8568 0.0000e+00
      0.094      0.001     6.4893     78.568     38.036  38.696739     1.0115     10.528    91.4703 2.5008e+02     5.0627      0.092      0.134    25.8571 0.0000e+00
      0.094      0.001     6.4674     78.064     38.015  38.677224     0.9636     10.536    91.2006 2.5091e+02     5.0352      0.092      0.134    25.8582 0.0000e+00
      0.094      0.000     6.4480     77.458     38.008  38.670867     0.9660     10.543    90.3742 2.4776e+02     5.1784      0.092      0.134    25.8593 0.0000e+00
      0.094 4.6585e-07     6.4251     76.763     38.019  38.683338     1.0069     10.551    89.3934 2.4607e+02     5.3252      0.091      0.133    25.8608 0.0000e+00
      0.094      0.000     6.3924     75.988     38.035  38.701097     1.0249     10.561    88.8067 2.4590e+02     5.3065      0.092      0.134    25.8627 0.0000e+00
      0.094      0.000     6.3516     75.143     38.028  38.695218     1.0100     10.571    88.7867 2.4415e+02     5.2251      0.092      0.134    25.8644 0.0000e+00
      0.094      0.001     6.3012     74.282     38.008  38.675713     0.9763     10.581    88.9793 2.4303e+02     5.1959      0.092      0.134    25.8660 0.0000e+00
      0.094      0.002     6.2444     73.449     37.987  38.655636     0.9743     10.589    89.0712 2.4451e+02     5.2954      0.092      0.134    25.8677 0.0000e+00
      0.094      0.002     6.1818     72.624     37.973  38.642849     1.0115     10.597    89.0363 2.4647e+02     5.4031      0.092      0.134    25.8694 0.0000e+00
      0.095      0.003     6.1104     71.784     37.977  38.648022     1.0097     10.605    89.2460 2.4921e+02     5.3024      0.093      0.135    25.8710 0.0000e+00
      0.096      0.003     6.0386     70.966     37.982  38.654729     0.9687     10.612    89.7134 2.4970e+02     5.0682      0.094      0.137    25.8727 0.0000e+00
      0.098      0.003     5.9716     70.210     37.987  38.660488     0.9488     10.617    89.9559 2.4517e+02     4.9632      0.096      0.139    25.8739 0.0000e+00
      0.098      0.003     5.9063     69.503     37.980  38.654190     0.9617     10.623    89.8549 2.4217e+02     5.0235      0.096      0.140    25.8752 0.0000e+00
      0.099      0.003     5.8356     68.820     37.967  38.642036     0.9909     10.628    89.5251 2.4446e+02     5.0795      0.097      0.140    25.8766 0.0000e+00
      0.100      0.002     5.7673     68.145     37.965  38.640458     0.9934     10.632    88.9801 2.4675e+02     4.9572      0.098      0.142    25.8778 0.0000e+00
      0.101      0.002     5.7068     67.461     37.959  38.635113     0.9679     10.637    88.3404 2.4655e+02     4.7397      0.099      0.143    25.8788 0.0000e+00
      0.101      0.001     5.6502     66.783     37.964  38.640872     0.9574     10.643    87.9862 2.4543e+02     4.6712      0.099      0.144    25.8801 0.0000e+00
      0.101      0.001     5.5945     66.153     37.969  38.646630     0.9737     10.650    88.1395 2.4315e+02     4.7767      0.099      0.144    25.8815 0.0000e+00
      0.101      0.001     5.5403     65.558     37.963  38.641280     0.9897     10.656    88.3860 2.4238e+02     4.9228      0.099      0.144    25.8826 0.0000e+00
      0.101      0.000     5.4848     64.978     37.961  38.639650     0.9769     10.662    88.2991 2.4349e+02     5.0038      0.099      0.144    25.8836 0.0000e+00
      0.101      0.000     5.4264     64.411     37.948  38.626915     0.9605     10.667    88.0354 2.4394e+02     5.0384      0.099      0.144    25.8848 0.0000e+00
      0.101      0.001     5.3770     63.836     37.934  38.614220     0.9585     10.672    87.9511 2.4414e+02     5.1018      0.100      0.145    25.8858 0.0000e+00
      0.101      0.001     5.3291     63.278     37.932  38.613065     0.9771     10.677    88.0547 2.4307e+02     5.2231      0.099      0.144    25.8869 0.0000e+00
      0.102      0.002     5.2808     62.764     37.932  38.612959     0.9946     10.680    88.0836 2.4285e+02     5.2761      0.100      0.145    25.8882 0.0000e+00
      0.103      0.002     5.2370     62.259     37.931  38.612939     0.9701     10.683    88.0421 2.4760e+02     5.1958      0.100      0.145    25.8891 0.0000e+00
      0.104      0.002     5.1884     61.753     37.930  38.612834     0.9473     10.687    87.9830 2.5515e+02     5.1398      0.101      0.147    25.8899 0.0000e+00
      0.104      0.002     5.1412     61.271     37.928  38.611689     0.9683     10.692    88.0577 2.6320e+02     5.2146      0.102      0.148    25.8909 0.0000e+00
      0.104      0.001     5.1020     60.813     37.915  38.599093     0.9990     10.697    88.4288 2.6663e+02     5.3483      0.103      0.149    25.8918 0.0000e+00
      0.104      0.001     5.0610     60.378     37.902  38.587450     0.9936     10.702    88.8566 2.6591e+02     5.3220      0.102      0.148    25.8928 0.0000e+00
      0.104      0.001     5.0179     59.985     37.911  38.597834     0.9694     10.709    89.1856 2.6575e+02     5.1698      0.102      0.148    25.8939 0.0000e+00
      0.104      0.000     4.9794     59.610     37.911  38.597719     0.9644     10.716    89.2241 2.6230e+02     5.1140      0.102      0.149    25.8952 0.0000e+00
      0.105      0.000     4.9424     59.231     37.898  38.586066     0.9836     10.721    88.7198 2.5788e+02     5.1930      0.103      0.149    25.8965 0.0000e+00
      0.105      0.000     4.9053     58.874     37.896  38.583852     1.0184     10.725    87.9919 2.5306e+02     5.3392      0.103      0.149    25.8977 0.0000e+00
      0.105     -0.001     4.8743     58.548     37.883  38.570961     1.0189     10.729    86.7909 2.4588e+02     5.3453      0.103      0.150    25.8990 0.0000e+00
      0.105     -0.006     4.8458     58.288     37.869  38.557107     0.9813     10.737    84.6093 2.4237e+02     5.1979      0.103      0.149    25.8997 0.0000e+00
      0.105     -0.014     4.8123     58.201     37.855  38.543263     0.9802     10.751    82.8655 2.4318e+02     5.1288      0.103      0.150    25.9006 0.0000e+00
      0.104     -0.023     4.7840     58.318     37.842  38.530485     1.0139     10.766    82.1404 2.4530e+02     5.1578      0.103      0.149    25.9017 0.0000e+00
      0.098     -0.029     4.7573     58.542     37.839  38.529531     1.0308     10.778    81.6069 2.4855e+02     5.1736      0.101      0.146    25.9026 0.0000e+00
      0.084     -0.034     4.7310     58.754     37.838  38.531733     1.0093     10.787    81.5767 2.5208e+02     5.0803      0.083      0.122    25.9031 0.0000e+00
      0.068     -0.034     4.7228     58.873     37.862  38.557115     0.9536     10.795    81.9480 2.5338e+02     4.9186      0.063      0.091    25.9017 0.0000e+00
      0.058     -0.031     4.7364     58.842     37.887  38.582592     0.9235     10.801    82.2242 2.5230e+02     4.8586      0.056      0.081    25.9010 0.0000e+00
      0.052     -0.023     4.7581     58.643     37.891  38.585950     0.9448     10.808    82.2494 2.5551e+02     4.9009      0.050      0.072    25.9057 0.0000e+00
      0.048     -0.013     4.7768     58.314     37.905  38.597706     0.9613     10.815    81.9943 2.6420e+02     4.9169      0.046      0.066    25.9115 0.0000e+00
      0.047     -0.005     4.7879     57.916     37.906  38.597821     0.9409     10.823    81.6347 2.6981e+02     4.8816      0.046      0.067    25.9135 0.0000e+00
      0.048      0.000     4.7862     57.486     37.897  38.587335     0.9149     10.830    81.1709 2.7333e+02     4.9521      0.048      0.068    25.9124 0.0000e+00
      0.050      0.004     4.7692     57.073     37.907  38.597835     0.9208     10.837    80.6887 2.7553e+02     5.1203      0.050      0.071    25.9099 0.0000e+00
      0.052      0.006     4.7397     56.683     37.907  38.597855     0.9460     10.842    80.1923 2.6880e+02     5.1058      0.050      0.073    25.9074 0.0000e+00
      0.053      0.007     4.7078     56.286     37.897  38.587585     0.9533     10.848    79.6434 2.6074e+02     4.9470      0.052      0.075    25.9058 0.0000e+00
      0.054      0.008     4.6707     55.923     37.910  38.600580     0.9340     10.853    79.1276 2.5788e+02     4.8736      0.053      0.076    25.9052 0.0000e+00
      0.056      0.010     4.6360     55.623     37.938  38.628057     0.9204     10.861    78.5161 2.5498e+02     4.9358      0.055      0.080    25.9051 0.0000e+00
      0.058      0.016     4.6082     55.368     37.976  38.665975     0.9300     10.868    78.0155 2.5314e+02     5.0507      0.057      0.083    25.9049 0.0000e+00
      0.061      0.027     4.5722     55.234     37.991  38.678295     0.9259     10.867    77.8068 2.5428e+02     5.0331      0.058      0.086    25.9047 0.0000e+00
      0.066      0.039     4.5422     55.500     37.970  38.650092     0.9043     10.853    77.5417 2.5608e+02     4.9615      0.064      0.093    25.9047 0.0000e+00
      0.074      0.047     4.5194     56.364     37.972  38.642247     0.9016     10.841    77.3052 2.5409e+02     5.0045      0.068      0.098    25.9033 0.0000e+00
      0.091      0.051     4.4986     57.660     37.987  38.646884     0.9097     10.838    77.3561 2.4605e+02     5.1094      0.083      0.121    25.9025 0.0000e+00
      0.117      0.049     4.4774     59.065     37.992  38.642686     0.9275     10.843    77.6407 2.3779e+02     5.2390      0.119      0.173    25.9000 0.0000e+00
      0.137      0.043     4.4900     60.270     38.009  38.654944     0.9498     10.851    78.0792 2.3514e+02     5.2735      0.141      0.205    25.8914 0.0000e+00
      0.144      0.033     4.5706     61.115     38.025  38.668164     0.9543     10.861    78.5281 2.3581e+02     5.1859      0.142      0.206    25.8767 0.0000e+00
      0.144      0.020     4.6861     61.615     38.035  38.675618     0.9579     10.872    78.8522 2.3538e+02     5.1353      0.142      0.205    25.8596 0.0000e+00
      0.144      0.008     4.8119     61.882     38.042  38.681606     0.9764     10.883    78.9863 2.3368e+02     5.1746      0.141      0.205    25.8478 0.0000e+00
      0.144      0.001     4.9150     62.061     38.038  38.677100     1.0031     10.893    79.0310 2.3282e+02     5.1827      0.141      0.205    25.8418 0.0000e+00
      0.144     -0.001     4.9825     62.296     38.044  38.684590     0.9977     10.904    79.1344 2.3066e+02     5.0277      0.142      0.205    25.8384 0.0000e+00
      0.143      0.000     5.0202     62.685     38.066  38.708714     0.9614     10.914    79.2898 2.2771e+02     4.8731      0.141      0.204    25.8361 0.0000e+00
      0.143 -1.747e-08     5.0375     63.253     38.070  38.714955     0.9465     10.923    79.4476 2.2804e+02     4.8499      0.141      0.204    25.8342 0.0000e+00
      0.144 -1.922e-07     5.0482     63.957     38.050  38.696594     0.9684     10.933    79.4934 2.3103e+02     4.9521      0.141      0.204    25.8339 0.0000e+00
      0.144 -1.922e-07     5.0637     64.679     38.029  38.677088     1.0086     10.942    79.4129 2.3527e+02     5.1176      0.141      0.204    25.8352 0.0000e+00
      0.144 -1.747e-08     5.0951     65.299     38.019  38.669484     1.0090     10.950    79.3359 2.3816e+02     5.1437      0.141      0.204    25.8375 0.0000e+00
      0.144 -1.584e-09     5.1412     65.742     38.015  38.668121     0.9649     10.956    79.3369 2.3689e+02     5.0968      0.141      0.204    25.8402 0.0000e+00
      0.144 -9.523e-11     5.2028     65.979     38.006  38.660610     0.9410     10.962    79.5962 2.3290e+02     5.1309      0.141      0.204    25.8434 0.0000e+00
      0.143 5.2782e-10     5.2647     66.012     37.986  38.642133     0.9615     10.967    79.8903 2.2845e+02     5.2490      0.141      0.204    25.8467 0.0000e+00
      0.143 5.9492e-09     5.3172     65.883     37.977  38.635096     0.9962     10.972    79.7951 2.2565e+02     5.3639      0.141      0.204    25.8495 0.0000e+00
      0.144 6.5455e-08     5.3533     65.633     37.979  38.638981     0.9951     10.978    79.5638 2.2619e+02     5.2894      0.141      0.204    25.8522 0.0000e+00
      0.144 7.2000e-07     5.3728     65.286     37.964  38.625656     0.9807     10.984    79.4165 2.2824e+02     5.0999      0.141      0.204    25.8548 0.0000e+00
      0.144      0.000     5.3735     64.871     37.939  38.600899     0.9972     10.989    79.3052 2.3024e+02     4.9855      0.141      0.204    25.8577 0.0000e+00
      0.144      0.000     5.3611     64.421     37.930  38.593473     1.0202     10.994    79.4221 2.3068e+02     4.9309      0.141      0.205    25.8601 0.0000e+00
      0.143      0.001     5.3411     64.142     37.939  38.599325     1.0247     10.999    79.1957 2.2929e+02     4.8841      0.141      0.203    25.8626 0.0000e+00
      0.143      0.006     5.3103     64.805     37.966  38.608203     1.0021     11.005    78.1161 2.3102e+02     4.7957      0.140      0.204    25.8643 0.0000e+00
      0.143      0.016     5.2777     67.860     38.033  38.637337     0.9799     11.008    76.9512 2.3595e+02     4.8191      0.141      0.205    25.8669 0.0000e+00
      0.143      0.031     5.2359     74.041     38.076  38.634231     0.9981     11.004    76.0384 2.3641e+02     5.0298      0.141      0.204    25.8684 0.0000e+00
      0.147      0.046     5.1986     82.136     38.054  38.570570     1.0230     10.999    75.6835 2.3021e+02     5.1573      0.141      0.204    25.8707 0.0000e+00
      0.161      0.059     5.1997     90.014     38.019  38.502140     1.0225     10.996    75.4987 2.2576e+02     5.1304      0.152      0.220    25.8541 0.0000e+00
      0.188      0.068     5.4177     96.312     37.987  38.441373     1.0173     10.994    74.5786 2.3474e+02     5.1493      0.185      0.268    25.7922 0.0000e+00
      0.217      0.073     5.9774    100.834     37.978  38.406903     1.0351     10.991    73.5934 2.4660e+02     5.3513      0.216      0.315    25.7229 0.0000e+00
      0.238      0.071     6.7164    103.669     37.996  38.402613     1.0705     10.989    72.8788 2.3637e+02     5.5573      0.234      0.341    25.6694 0.0000e+00
      0.253      0.061     7.4087    104.832     38.003  38.389474     1.0870     10.989    72.4783 2.1357e+02     5.5912      0.250      0.361    25.6259 0.0000e+00
      0.265      0.048     7.9208    104.573     38.005  38.374914     1.0694     10.993    72.5361 2.0119e+02     5.3843      0.260      0.377    25.5908 0.0000e+00
      0.275      0.036     8.2917    103.417     37.997  38.353466     1.0322     11.000    72.7167 1.9916e+02     5.0370      0.271      0.393    25.5576 0.0000e+00
      0.283      0.027     8.5333    101.997     37.974  38.320494     1.0284     11.012    72.8556 2.0517e+02     4.9445      0.280      0.406    25.5277 0.0000e+00
      0.288      0.020     8.6235    100.802     37.953  38.293519     1.0653     11.026    72.6661 2.4429e+02     5.0861      0.283      0.411    25.5005 0.0000e+00
      0.291      0.016     8.5910    100.041     37.943  38.281138     1.0693     11.040    72.4049 3.2440e+02     5.1432      0.286      0.414    25.4806 0.0000e+00
