Data/DataNotYetUploadedToEDI/Raw_CTD/RawDownloads/060826_ccr30_S8188020.cnv
* Sea-Bird SBE19plus  Data File:
* FileName = C:\R\Reservoirs\Data\DataNotYetUploadedToEDI\Raw_CTD\RawDownloads\062526_ccr50_S8188_0020.hex
* Software version 2.8.0.119
* Temperature SN = 8188
* Conductivity SN = 8188
* System UpLoad Time = Jun 29 2026 18:17:02
* <ApplicationData>
* <Seaterm232>
# nquan = 16
# nvalues = 2386                        
# units = specified
# name 0 = depFM: Depth [fresh water, m]
# name 1 = dz/dtM: Descent Rate [m/s]
# name 2 = sbeox0Mg/L: Oxygen, SBE 43 [mg/l]
# name 3 = sbeox0PS: Oxygen, SBE 43 [% saturation]
# name 4 = specc: Specific Conductance [uS/cm]
# name 5 = c0uS/cm: Conductivity [uS/cm]
# name 6 = wetCDOM: Fluorescence, WET Labs CDOM [mg/m^3]
# name 7 = flECO-AFL: Fluorescence, WET Labs ECO-AFL/FL [mg/m^3]
# name 8 = flECO-AFL1: Fluorescence, WET Labs ECO-AFL/FL, 2 [mg/m^3]
# name 9 = flECO-AFL2: Fluorescence, WET Labs ECO-AFL/FL, 3 [mg/m^3]
# name 10 = par/sat/log: PAR/Logarithmic, Satlantic
# name 11 = turbWETntu0: Turbidity, WET Labs ECO [NTU]
# name 12 = prdM: Pressure, Strain Gauge [db]
# name 13 = prdE: Pressure, Strain Gauge [psi]
# name 14 = tv290C: Temperature [ITS-90, deg C]
# name 15 = flag:  0.000e+00
# span 0 =     -0.478,      6.632       
# span 1 =     -0.177,      0.221       
# span 2 =     4.5869,     8.4933       
# span 3 =     46.004,     98.332       
# span 4 =   -430.927,    159.711       
# span 5 =-429.970887, 162.258892       
# span 6 =    -4.5000,    22.5900       
# span 7 =    -1.5701,    33.6401       
# span 8 =    -2.9820,     0.9372       
# span 9 =    -5.2029,     3.8070       
# span 10 = 9.6777e+00, 2.9030e+03      
# span 11 =   -10.2042,   971.0038      
# span 12 =     -0.469,      6.504      
# span 13 =     -0.681,      9.433      
# span 14 =    12.9510,    27.5357      
# span 15 = 0.0000e+00, 0.0000e+00      
# interval = seconds: 0.25
# start_time = Jun 11 2026 12:53:53 [Instrument's time stamp, header]
# bad_flag = -9.990e-29
*END*
[from data line 362]
      0.678      0.001     7.5045     88.208    151.715 157.806694     7.9200     0.4021     0.0426     0.1692 8.3108e+02     1.1709      0.665      0.963    27.1303 0.0000e+00
      0.678      0.001     7.4263     85.829    151.775 157.835987     7.9200     0.4097     0.0426     0.1692 1.1548e+03     1.1407      0.665      0.964    27.0818 0.0000e+00
      0.678      0.000     7.3241     83.271    151.816 157.858088     7.8300     0.3792     0.0852     0.0423 9.8203e+02     1.0803      0.665      0.964    27.0443 0.0000e+00
      0.678      0.000     7.1900     80.637    151.856 157.886906     7.8300     0.4135     0.0852     0.0423 7.7055e+02     1.1105      0.665      0.964    27.0183 0.0000e+00
      0.678      0.000     7.0253     78.027    151.893 157.918101     7.8300     0.4555     0.0852     0.0423 8.0478e+02     1.1105      0.665      0.964    27.0013 0.0000e+00
      0.678      0.000     6.8372     75.551    151.912 157.935946     7.8300     0.4555     0.0852     0.0423 1.0019e+03     1.1256      0.665      0.964    26.9903 0.0000e+00
      0.678      0.000     6.6343     73.325    151.913 157.937182     7.9200     0.4402     0.0852     0.0846 9.4108e+02     1.0652      0.665      0.964    26.9834 0.0000e+00
      0.678      0.000     6.4250     71.417    151.908 157.934163     7.9200     0.4631     0.0852     0.0846 9.4538e+02     1.0954      0.665      0.964    26.9792 0.0000e+00
      0.678      0.000     6.2173     69.825    151.913 157.942117     7.9200     0.4593     0.0852     0.0846 1.1217e+03     1.0500      0.665      0.964    26.9770 0.0000e+00
      0.678      0.000     6.0202     68.519    151.937 157.971181     7.9200     0.4326     0.0852     0.0846 5.8422e+02     1.0954      0.665      0.964    26.9761 0.0000e+00
      0.678      0.001     5.8428     67.472    151.982 158.021089     7.9200     0.4059     0.0852     0.0846 2.4035e+03     1.1407      0.665      0.964    26.9762 0.0000e+00
      0.678      0.001     5.6907     66.648    152.023 158.067075     7.9200     0.3945     0.0852     0.0846 1.7757e+03     1.1860      0.665      0.965    26.9769 0.0000e+00
      0.678      0.001     5.5637     65.991    152.036 158.083325     7.9200     0.4135     0.0852     0.0846 7.8050e+02     1.1407      0.665      0.965    26.9780 0.0000e+00
      0.679      0.001     5.4596     65.444    152.030 158.080185     7.9200     0.4517     0.0852     0.0846 8.7140e+02     1.1860      0.666      0.965    26.9791 0.0000e+00
      0.679      0.001     5.3761     64.961    152.026 158.078863     7.9200     0.4555     0.0852     0.0846 5.8511e+02     1.0954      0.666      0.965    26.9802 0.0000e+00
      0.679      0.001     5.3103     64.517    152.038 158.095037     7.9200     0.4708     0.0852     0.0846 6.4591e+02     1.2313      0.666      0.966    26.9813 0.0000e+00
      0.679      0.001     5.2579     64.112    152.066 158.127008     7.9200     0.4517     0.0852     0.0846 7.6107e+02     1.1256      0.666      0.966    26.9823 0.0000e+00
      0.679      0.001     5.2142     63.760    152.087 158.153243     7.9200     0.4059     0.0852     0.0846 1.7524e+03     0.8537      0.666      0.966    26.9832 0.0000e+00
      0.679      0.000     5.1756     63.477    152.094 158.164705     7.9200     0.4288     0.0852     0.0846 1.2434e+03     1.0349      0.666      0.967    26.9842 0.0000e+00
      0.679      0.000     5.1401     63.284    152.084 158.158439     7.8300     0.3868     0.0426     0.0846 1.6921e+03     0.9443      0.666      0.967    26.9853 0.0000e+00
      0.679      0.000     5.1078     63.201    152.049 158.126763     7.8300     0.3983     0.0426     0.0846 6.7754e+02     0.8990      0.666      0.967    26.9865 0.0000e+00
      0.679      0.000     5.0796     63.232    152.002 158.083274     7.8300     0.4822     0.0426     0.0846 1.0082e+03     0.8386      0.666      0.967    26.9878 0.0000e+00
      0.679      0.000     5.0569     63.362    151.965 158.052446     7.8300     0.4784     0.0426     0.0846 1.2075e+03     0.9896      0.666      0.967    26.9892 0.0000e+00
      0.679      0.000     5.0414     63.566    151.940 158.036080     7.9200     0.4746     0.0426     0.1269 1.3012e+03     0.9292      0.666      0.967    26.9907 0.0000e+00
      0.679      0.000     5.0346     63.812    151.925 158.033818     7.9200     0.4593     0.0426     0.1269 8.1410e+02     0.8386      0.666      0.966    26.9923 0.0000e+00
      0.679      0.000     5.0370     64.060    151.934 158.057084     7.9200     0.3906     0.0426     0.1269 9.3152e+02     0.8839      0.666      0.967    26.9941 0.0000e+00
      0.680      0.000     5.0471     64.284    151.954 158.090038     7.9200     0.3945     0.0426     0.1269 2.6355e+03     1.0047      0.667      0.967    26.9964 0.0000e+00
      0.680      0.000     5.0631     64.486    151.963 158.107401     7.9200     0.4135     0.0426     0.1269 1.1654e+03     0.7932      0.667      0.967    26.9996 0.0000e+00
      0.680      0.000     5.0822     64.705    151.966 158.115807     8.0100     0.4059     0.0852     0.0846 1.1251e+03     0.9292      0.667      0.967    27.0039 0.0000e+00
      0.680      0.000     5.1016     65.001    151.978 158.131525     8.0100     0.4784     0.0852     0.0846 8.0391e+02     0.8990      0.667      0.967    27.0085 0.0000e+00
      0.680      0.000     5.1191     65.393    151.996 158.152736     8.0100     0.4669     0.0852     0.0846 9.9254e+02     0.8083      0.666      0.966    27.0124 0.0000e+00
      0.679      0.000     5.1349     65.850    151.994 158.153031     8.0100     0.4555     0.0852     0.0846 8.5881e+02     0.8386      0.666      0.966    27.0151 0.0000e+00
      0.679      0.001     5.1522     66.323    151.968 158.128481     7.9200     0.4860     0.0426     0.0423 9.1805e+02     0.8990      0.666      0.966    27.0167 0.0000e+00
      0.680      0.001     5.1756     66.769    151.936 158.098592     7.9200     0.4212     0.0426     0.0423 1.1639e+03     1.2313      0.667      0.967    27.0177 0.0000e+00
      0.680      0.002     5.2068     67.139    151.902 158.067417     7.9200     0.4860     0.0426     0.0423 1.0339e+03     1.1860      0.667      0.968    27.0185 0.0000e+00
      0.681      0.002     5.2431     67.401    151.893 158.060711     7.9200     0.4746     0.0426     0.0423 1.1210e+03     1.1407      0.668      0.968    27.0194 0.0000e+00
      0.681      0.002     5.2806     67.542    151.921 158.094723     7.9200     0.4631     0.0426     0.0846 1.0436e+03     1.0652      0.668      0.969    27.0205 0.0000e+00
      0.682      0.001     5.3160     67.548    151.956 158.136438     7.9200     0.4212     0.0426     0.0846 1.0461e+03     0.8688      0.669      0.970    27.0216 0.0000e+00
      0.682      0.001     5.3454     67.418    151.969 158.156901     7.9200     0.3868     0.0426     0.0846 1.0543e+03     0.9141      0.669      0.970    27.0228 0.0000e+00
      0.683      0.000     5.3662     67.181    151.955 158.151548     7.9200     0.3868     0.0426     0.0846 9.9167e+02     0.8235      0.669      0.971    27.0240 0.0000e+00
      0.683      0.000     5.3773     66.881    151.932 158.136988     7.9200     0.4212     0.0852     0.0846 1.3114e+03     0.8386      0.669      0.971    27.0253 0.0000e+00
      0.682     -0.001     5.3776     66.566    151.925 158.137396     7.9200     0.4021     0.0852     0.0846 1.3243e+03     0.9443      0.669      0.970    27.0271 0.0000e+00
      0.682     -0.001     5.3670     66.279    151.933 158.150878     7.9200     0.4021     0.0852     0.0846 8.4842e+02     0.8386      0.669      0.970    27.0295 0.0000e+00
      0.681     -0.001     5.3479     66.050    151.934 158.154976     7.9200     0.3945     0.0852     0.0846 1.1086e+03     0.9141      0.668      0.969    27.0324 0.0000e+00
      0.681     -0.001     5.3237     65.882    151.925 158.144771     7.9200     0.4135     0.0852     0.0846 8.0234e+02     0.9443      0.668      0.968    27.0354 0.0000e+00
      0.680     -0.001     5.2984     65.780    151.919 158.135578     7.9200     0.3601     0.0852     0.0846 7.9022e+02     0.8386      0.667      0.968    27.0379 0.0000e+00
      0.680      0.000     5.2754     65.763    151.913 158.126950     7.9200     0.3411     0.0852     0.0846 9.1129e+02     0.8537      0.667      0.968    27.0397 0.0000e+00
      0.681      0.000     5.2571     65.831    151.906 158.116584     7.9200     0.3372     0.0852     0.0846 6.5738e+02     0.9745      0.667      0.968    27.0405 0.0000e+00
      0.681      0.000     5.2437     65.982    151.901 158.107729     7.9200     0.3449     0.0852     0.0846 5.3187e+02     0.8386      0.668      0.968    27.0403 0.0000e+00
      0.681      0.001     5.2357     66.203    151.892 158.096020     7.9200     0.3601     0.0426     0.0846 6.4774e+02     0.8537      0.668      0.968    27.0395 0.0000e+00
      0.681      0.001     5.2344     66.451    151.892 158.092362     7.9200     0.3372     0.0426     0.0846 5.8422e+02     0.9292      0.668      0.968    27.0386 0.0000e+00
      0.681      0.001     5.2399     66.672    151.898 158.095778     7.9200     0.3182     0.0426     0.0846 6.2411e+02     0.8839      0.668      0.968    27.0377 0.0000e+00
      0.681      0.001     5.2520     66.829    151.899 158.093152     7.9200     0.3143     0.0426     0.0846 9.0360e+02     0.8688      0.668      0.968    27.0366 0.0000e+00
      0.682      0.001     5.2697     66.884    151.902 158.093804     7.9200     0.3411     0.0852     0.0423 9.5260e+02     0.9141      0.668      0.969    27.0355 0.0000e+00
      0.682      0.002     5.2895     66.829    151.915 158.103920     7.9200     0.3792     0.0852     0.0423 8.6574e+02     0.8688      0.669      0.970    27.0346 0.0000e+00
      0.683      0.002     5.3073     66.681    151.933 158.122189     7.9200     0.3449     0.0852     0.0423 4.5425e+02     0.8990      0.669      0.970    27.0336 0.0000e+00
      0.683      0.002     5.3198     66.452    151.956 158.145465     7.9200     0.3182     0.0852     0.0423 1.4511e+03     0.8990      0.670      0.971    27.0325 0.0000e+00
      0.683      0.002     5.3243     66.154    151.967 158.157913     7.9200     0.3563     0.0852     0.0423 1.0831e+03     0.8990      0.670      0.972    27.0314 0.0000e+00
      0.684      0.002     5.3200     65.821    151.962 158.152832     8.0100     0.3449     0.0426     0.0846 4.5139e+02     0.8990      0.671      0.972    27.0306 0.0000e+00
      0.684      0.002     5.3082     65.499    151.953 158.142894     8.0100     0.3296     0.0426     0.0846 7.7644e+02     0.9443      0.671      0.973    27.0302 0.0000e+00
      0.685      0.002     5.2900     65.216    151.946 158.135471     8.0100     0.3601     0.0426     0.0846 5.4568e+02     0.8083      0.672      0.974    27.0301 0.0000e+00
      0.686      0.002     5.2662     64.956    151.940 158.128581     8.0100     0.3372     0.0426     0.0846 5.7091e+02     0.8386      0.672      0.975    27.0303 0.0000e+00
      0.686      0.002     5.2397     64.687    151.940 158.128405     7.9200     0.3449     0.0852     0.0846 6.4605e+02     0.8839      0.673      0.976    27.0303 0.0000e+00
      0.687      0.002     5.2141     64.382    151.950 158.136899     7.9200     0.3296     0.0852     0.0846 5.7029e+02     0.9292      0.673      0.977    27.0303 0.0000e+00
      0.687      0.002     5.1915     64.028    151.961 158.146308     7.9200     0.3372     0.0852     0.0846 6.6935e+02     0.8688      0.674      0.977    27.0302 0.0000e+00
      0.688      0.001     5.1709     63.625    151.977 158.161144     7.9200     0.3334     0.0852     0.0846 7.6655e+02     1.1407      0.674      0.978    27.0300 0.0000e+00
      0.688      0.001     5.1496     63.171    151.999 158.183361     7.9200     0.3449     0.0000     0.0423 6.4465e+02     1.2615      0.675      0.979    27.0297 0.0000e+00
      0.688      0.000     5.1253     62.662    152.017 158.200846     7.9200     0.3639     0.0000     0.0423 6.3382e+02     1.2011      0.675      0.979    27.0293 0.0000e+00
      0.688      0.000     5.0972     62.106    152.023 158.206238     7.9200     0.3678     0.0000     0.0423 1.1062e+03     1.0954      0.675      0.979    27.0288 0.0000e+00
      0.688     -0.001     5.0651     61.530    152.021 158.202979     7.9200     0.3449     0.0000     0.0423 7.2807e+02     1.1407      0.674      0.978    27.0283 0.0000e+00
      0.688     -0.001     5.0290     60.959    152.014 158.196212     8.0100     0.3678     0.0852     0.1269 1.0216e+03     1.0954      0.674      0.978    27.0278 0.0000e+00
      0.687     -0.001     4.9885     60.407    152.000 158.182127     8.0100     0.3563     0.0852     0.1269 7.9298e+02     1.2162      0.674      0.978    27.0274 0.0000e+00
      0.687     -0.002     4.9443     59.884    151.983 158.164986     8.0100     0.3601     0.0852     0.1269 1.0232e+03     1.1407      0.673      0.977    27.0271 0.0000e+00
      0.686     -0.002     4.8985     59.395    151.974 158.156250     8.0100     0.4021     0.0852     0.1269 1.1756e+03     0.8990      0.673      0.976    27.0269 0.0000e+00
      0.686     -0.002     4.8530     58.949    151.971 158.153588     8.0100     0.4212     0.0852     0.1269 7.5137e+02     0.8688      0.672      0.975    27.0269 0.0000e+00
      0.685     -0.001     4.8090     58.563    151.979 158.162303     8.0100     0.4440     0.0426     0.1692 1.2429e+03     0.8688      0.672      0.974    27.0270 0.0000e+00
      0.685     -0.001     4.7674     58.244    151.999 158.184719     8.0100     0.3983     0.0426     0.1692 7.9747e+02     0.9443      0.671      0.974    27.0272 0.0000e+00
      0.684     -0.001     4.7285     57.987    152.010 158.198758     8.0100     0.4173     0.0426     0.1692 9.9103e+02     1.1558      0.671      0.973    27.0274 0.0000e+00
      0.684     -0.001     4.6929     57.787    152.000 158.190128     8.0100     0.3868     0.0426     0.1692 9.2285e+02     1.1407      0.671      0.973    27.0276 0.0000e+00
      0.684     -0.001     4.6622     57.659    151.974 158.164543     8.0100     0.3868     0.0000     0.0423 1.1241e+03     1.0349      0.671      0.973    27.0279 0.0000e+00
      0.684     -0.000     4.6368     57.620    151.934 158.125200     8.0100     0.4059     0.0000     0.0423 1.6450e+03     1.1860      0.671      0.973    27.0284 0.0000e+00
      0.684     -0.000     4.6162     57.668    151.891 158.081649     8.0100     0.4212     0.0000     0.0423 6.7931e+02     1.2313      0.671      0.973    27.0289 0.0000e+00
      0.684     -0.000     4.6003     57.789    151.858 158.048328     8.0100     0.4135     0.0000     0.0423 1.1936e+03     1.1558      0.671      0.973    27.0295 0.0000e+00
      0.684     -0.000     4.5900     57.998    151.831 158.020360     8.0100     0.4021     0.0426     0.0423 9.2627e+02     1.0652      0.671      0.973    27.0301 0.0000e+00
      0.684     -0.000     4.5869     58.312    151.804 157.994293     8.0100     0.3830     0.0426     0.0423 8.6611e+02     1.1558      0.671      0.973    27.0308 0.0000e+00
      0.684     -0.000     4.5906     58.731    151.791 157.983218     8.0100     0.3945     0.0426     0.0423 1.5754e+03     1.1709      0.671      0.972    27.0313 0.0000e+00
      0.684     -0.000     4.6003     59.273    151.805 158.000212     8.0100     0.3945     0.0426     0.0423 7.9126e+02     1.1558      0.670      0.972    27.0316 0.0000e+00
      0.684     -0.000     4.6169     59.998    151.827 158.027764     8.0100     0.4135     0.0426     0.0423 8.1375e+02     1.1256      0.670      0.972    27.0318 0.0000e+00
      0.684     -0.001     4.6418     60.971    151.829 158.035144     8.0100     0.3945     0.0852     0.0423 6.9741e+02     1.2615      0.670      0.972    27.0323 0.0000e+00
