Data/DataNotYetUploadedToEDI/Raw_CTD/RawDownloads/060826_ccr50_S8188017.cnv
* Sea-Bird SBE19plus  Data File:
* FileName = C:\R\Reservoirs\Data\DataNotYetUploadedToEDI\Raw_CTD\RawDownloads\062526_ccr50_S8188_0017.hex
* Software version 2.8.0.119
* Temperature SN = 8188
* Conductivity SN = 8188
* System UpLoad Time = Jun 29 2026 18:15:21
* <ApplicationData>
* <Seaterm232>
# nquan = 16
# nvalues = 4205                        
# units = specified
# name 0 = depFM: Depth [fresh water, m]
# name 1 = dz/dtM: Descent Rate [m/s]
# name 2 = sbeox0Mg/L: Oxygen, SBE 43 [mg/l]
# name 3 = sbeox0PS: Oxygen, SBE 43 [% saturation]
# name 4 = specc: Specific Conductance [uS/cm]
# name 5 = c0uS/cm: Conductivity [uS/cm]
# name 6 = wetCDOM: Fluorescence, WET Labs CDOM [mg/m^3]
# name 7 = flECO-AFL: Fluorescence, WET Labs ECO-AFL/FL [mg/m^3]
# name 8 = flECO-AFL1: Fluorescence, WET Labs ECO-AFL/FL, 2 [mg/m^3]
# name 9 = flECO-AFL2: Fluorescence, WET Labs ECO-AFL/FL, 3 [mg/m^3]
# name 10 = par/sat/log: PAR/Logarithmic, Satlantic
# name 11 = turbWETntu0: Turbidity, WET Labs ECO [NTU]
# name 12 = prdM: Pressure, Strain Gauge [db]
# name 13 = prdE: Pressure, Strain Gauge [psi]
# name 14 = tv290C: Temperature [ITS-90, deg C]
# name 15 = flag:  0.000e+00
# span 0 =     -0.483,     17.215       
# span 1 =     -0.259,      0.155       
# span 2 =    -0.1283,    10.6688       
# span 3 =     -1.164,    109.972       
# span 4 =   -637.918,    166.341       
# span 5 =-475.001862, 152.973487       
# span 6 =    -4.5000,    22.6800       
# span 7 =    -0.9102,    20.4601       
# span 8 =    -2.1300,     2.6412       
# span 9 =    -4.2723,    10.4058       
# span 10 = 1.1587e-01, 3.3217e+03      
# span 11 =    -5.7630,   971.0340      
# span 12 =     -0.474,     16.882      
# span 13 =     -0.687,     24.486      
# span 14 =    11.0077,    26.1653      
# span 15 = 0.0000e+00, 0.0000e+00      
# interval = seconds: 0.25
# start_time = Jun 11 2026 11:08:06 [Instrument's time stamp, header]
# bad_flag = -9.990e-29
*END*
[from data line 3978]
      7.492     -0.113     9.4027     88.181    145.782 109.316712    16.2000     1.5084     0.1278     0.4653 3.5576e+01     0.8537      7.347     10.656    12.4882 0.0000e+00
      7.463     -0.115     9.4012     88.188    145.790 109.327332    16.2000     1.4817     0.1278     0.4653 3.7245e+01     0.8688      7.318     10.614    12.4872 0.0000e+00
      7.432     -0.115     9.3986     88.224    145.801 109.340170    16.2000     1.6037     0.1278     0.3384 3.9162e+01     1.3673      7.288     10.570    12.4871 0.0000e+00
      7.399     -0.114     9.3960     88.291    145.787 109.334658    16.2000     1.5999     0.1278     0.3384 4.0813e+01     1.3975      7.256     10.524    12.4883 0.0000e+00
      7.369     -0.112     9.3945     88.381    145.757 109.317324    16.2000     1.6037     0.1278     0.3384 4.1448e+01     1.4126      7.226     10.481    12.4902 0.0000e+00
      7.341     -0.109     9.3949     88.479    145.743 109.311536    16.2000     1.6381     0.1278     0.3384 4.1250e+01     1.3673      7.199     10.441    12.4919 0.0000e+00
      7.315     -0.107     9.3984     88.562    145.750 109.319751    16.2000     1.6724     0.1278     0.3384 4.1107e+01     0.8688      7.174     10.405    12.4934 0.0000e+00
      7.290     -0.105     9.4053     88.609    145.779 109.344159    16.2900     1.6724     0.0852     0.3807 4.1439e+01     0.8839      7.149     10.369    12.4949 0.0000e+00
      7.264     -0.105     9.4144     88.608    145.823 109.379272    16.2900     1.6838     0.0852     0.3807 4.2691e+01     0.8537      7.124     10.332    12.4967 0.0000e+00
      7.237     -0.107     9.4244     88.556    145.855 109.406463    16.2900     1.6800     0.0852     0.3807 4.3742e+01     0.8990      7.097     10.294    12.4984 0.0000e+00
      7.209     -0.109     9.4331     88.464    145.881 109.428984    16.2900     1.6381     0.0852     0.3807 4.4519e+01     1.4579      7.070     10.254    12.4995 0.0000e+00
      7.181     -0.112     9.4380     88.357    145.889 109.436848    16.2000     1.6152     0.0852     0.2961 4.5517e+01     1.3371      7.042     10.213    12.5003 0.0000e+00
      7.152     -0.114     9.4376     88.254    145.858 109.416155    16.2000     1.6190     0.0852     0.2961 4.6325e+01     1.4579      7.014     10.172    12.5012 0.0000e+00
      7.123     -0.117     9.4319     88.164    145.798 109.373385    16.2000     1.5999     0.0852     0.2961 4.6954e+01     1.3975      6.985     10.131    12.5022 0.0000e+00
      7.093     -0.120     9.4219     88.089    145.754 109.343117    16.2000     1.6610     0.0852     0.2961 4.7870e+01     1.6241      6.956     10.089    12.5032 0.0000e+00
      7.062     -0.123     9.4103     88.031    145.753 109.347270    16.2000     1.6686     0.0852     0.3384 4.9575e+01     1.6845      6.925     10.045    12.5040 0.0000e+00
      7.030     -0.126     9.3992     87.987    145.767 109.364957    16.2000     1.6953     0.0852     0.3384 5.0785e+01     1.6694      6.894      9.999    12.5047 0.0000e+00
      6.998     -0.130     9.3895     87.950    145.787 109.390901    16.2000     1.6838     0.0852     0.3384 5.1151e+01     1.6543      6.863      9.953    12.5055 0.0000e+00
      6.965     -0.134     9.3813     87.914    145.812 109.424022    16.2000     1.6877     0.0852     0.3384 5.1721e+01     1.1256      6.830      9.906    12.5066 0.0000e+00
      6.930     -0.137     9.3747     87.888    145.837 109.461156    16.2000     1.6686     0.0852     0.3384 5.3901e+01     1.2162      6.796      9.857    12.5083 0.0000e+00
      6.894     -0.138     9.3696     87.889    145.846 109.488215    16.2000     1.6877     0.1278     0.3384 5.6381e+01     1.1256      6.760      9.805    12.5107 0.0000e+00
      6.857     -0.139     9.3648     87.931    145.824 109.492423    16.2000     1.6610     0.1278     0.3384 5.8693e+01     1.0652      6.724      9.752    12.5143 0.0000e+00
      6.820     -0.140     9.3598     88.020    145.797 109.494894    16.2000     1.6800     0.1278     0.3384 5.9787e+01     0.7630      6.688      9.701    12.5193 0.0000e+00
      6.785     -0.140     9.3558     88.148    145.779 109.508286    16.2000     1.6762     0.1278     0.3384 5.9931e+01     0.8990      6.654      9.651    12.5256 0.0000e+00
      6.751     -0.141     9.3544     88.307    145.778 109.540168    16.2000     1.6648     0.0852     0.4653 6.0296e+01     0.9443      6.620      9.602    12.5325 0.0000e+00
      6.716     -0.142     9.3574     88.492    145.794 109.589047    16.2000     1.6724     0.0852     0.4653 6.1822e+01     0.9292      6.586      9.552    12.5396 0.0000e+00
      6.680     -0.143     9.3652     88.685    145.798 109.629971    16.2000     1.7334     0.0852     0.4653 6.4065e+01     0.9443      6.550      9.501    12.5474 0.0000e+00
      6.642     -0.144     9.3769     88.869    145.793 109.659859    16.2000     1.7067     0.0852     0.4653 6.6476e+01     0.8537      6.513      9.447    12.5566 0.0000e+00
      6.603     -0.145     9.3915     89.041    145.794 109.688684    16.2000     1.7449     0.1278     0.3807 6.9943e+01     0.8839      6.476      9.392    12.5677 0.0000e+00
      6.566     -0.145     9.4085     89.207    145.808 109.724131    16.2000     1.7640     0.1278     0.3807 7.1979e+01     0.9292      6.439      9.338    12.5805 0.0000e+00
      6.529     -0.145     9.4262     89.377    145.833 109.769656    16.2000     1.8135     0.1278     0.3807 7.2041e+01     0.8990      6.403      9.287    12.5936 0.0000e+00
      6.494     -0.146     9.4432     89.562    145.845 109.809407    16.2000     1.8021     0.1278     0.3807 7.1433e+01     0.8537      6.368      9.236    12.6051 0.0000e+00
      6.458     -0.147     9.4596     89.760    145.841 109.841991    16.2000     1.7868     0.1278     0.3807 7.3560e+01     0.9141      6.333      9.185    12.6146 0.0000e+00
      6.420     -0.147     9.4754     89.969    145.850 109.890093    16.2000     1.7945     0.1278     0.3807 7.7683e+01     0.8688      6.296      9.131    12.6233 0.0000e+00
      6.381     -0.146     9.4915     90.183    145.857 109.940549    16.2000     1.9280     0.1278     0.3807 8.2342e+01     1.1709      6.257      9.075    12.6324 0.0000e+00
      6.341     -0.144     9.5089     90.381    145.817 109.956831    16.2000     1.9356     0.1278     0.3807 8.7014e+01     1.0500      6.218      9.018    12.6428 0.0000e+00
      6.303     -0.139     9.5273     90.548    145.753 109.951282    16.2000     1.9204     0.1278     0.3807 8.9839e+01     1.1709      6.181      8.965    12.6551 0.0000e+00
      6.268     -0.133     9.5464     90.683    145.715 109.958412    16.1100     1.9356     0.0852     0.3807 8.8907e+01     1.0652      6.147      8.916    12.6692 0.0000e+00
      6.236     -0.126     9.5657     90.802    145.706 109.980124    16.1100     1.9852     0.0852     0.3807 9.0643e+01     1.6392      6.116      8.870    12.6848 0.0000e+00
      6.206     -0.119     9.5833     90.935    145.705 110.002214    16.1100     1.9738     0.0852     0.3807 9.2614e+01     1.6694      6.086      8.827    12.7007 0.0000e+00
      6.177     -0.113     9.5980     91.104    145.728 110.038572    16.1100     1.9547     0.0852     0.3807 9.5558e+01     1.6241      6.058      8.786    12.7152 0.0000e+00
      6.149     -0.108     9.6096     91.324    145.769 110.090896    16.2000     1.9700     0.0852     0.2961 9.7742e+01     1.7449      6.030      8.746    12.7275 0.0000e+00
      6.122     -0.103     9.6201     91.601    145.767 110.115155    16.2000     2.0539     0.0852     0.2961 1.0004e+02     1.6543      6.004      8.708    12.7374 0.0000e+00
      6.097     -0.100     9.6325     91.915    145.703 110.091828    16.2000     2.0653     0.0852     0.2961 1.0195e+02     1.6392      5.979      8.672    12.7451 0.0000e+00
      6.073     -0.099     9.6489     92.224    145.639 110.056685    16.2000     2.0348     0.0852     0.2961 1.0224e+02     1.6845      5.955      8.638    12.7517 0.0000e+00
      6.049     -0.098     9.6706     92.482    145.615 110.038343    16.2000     2.0653     0.0852     0.3384 1.0282e+02     1.6543      5.932      8.604    12.7591 0.0000e+00
      6.024     -0.099     9.6980     92.650    145.624 110.035911    16.2000     1.9661     0.0852     0.3384 1.0544e+02     1.1558      5.908      8.569    12.7680 0.0000e+00
      5.999     -0.101     9.7294     92.714    145.655 110.048737    16.2000     2.0005     0.0852     0.3384 1.0872e+02     1.2313      5.883      8.533    12.7764 0.0000e+00
      5.973     -0.105     9.7611     92.686    145.688 110.068245    16.2000     2.0157     0.0852     0.3384 1.1133e+02     1.1558      5.858      8.496    12.7810 0.0000e+00
      5.946     -0.108     9.7885     92.585    145.718 110.091639    16.1100     1.9814     0.0852     0.3807 1.1245e+02     1.1256      5.831      8.457    12.7809 0.0000e+00
      5.918     -0.112     9.8070     92.437    145.735 110.113162    16.1100     1.9585     0.0852     0.3807 1.1240e+02     1.0954      5.804      8.418    12.7776 0.0000e+00
      5.890     -0.114     9.8146     92.283    145.724 110.122556    16.1100     1.9280     0.0852     0.3807 1.1747e+02     1.1709      5.776      8.377    12.7741 0.0000e+00
      5.859     -0.116     9.8121     92.163    145.716 110.142323    16.1100     1.9432     0.0852     0.3807 1.2258e+02     1.1105      5.746      8.333    12.7722 0.0000e+00
      5.828     -0.116     9.8013     92.099    145.725 110.179735    16.1100     1.9204     0.0852     0.3807 1.2667e+02     1.1256      5.715      8.289    12.7726 0.0000e+00
      5.797     -0.115     9.7850     92.095    145.729 110.214776    16.2000     1.9165     0.1278     0.3384 1.3078e+02     1.1407      5.685      8.245    12.7755 0.0000e+00
      5.768     -0.113     9.7674     92.133    145.725 110.244798    16.2000     1.9165     0.1278     0.3384 1.3175e+02     1.1709      5.656      8.204    12.7815 0.0000e+00
      5.740     -0.111     9.7527     92.197    145.698 110.259811    16.2000     1.9165     0.1278     0.3384 1.3072e+02     1.0954      5.629      8.164    12.7903 0.0000e+00
      5.713     -0.109     9.7437     92.280    145.657 110.267820    16.2000     1.9165     0.1278     0.3384 1.3258e+02     1.1558      5.603      8.126    12.8008 0.0000e+00
      5.686     -0.107     9.7408     92.381    145.645 110.302951    16.2000     1.9204     0.1278     0.2961 1.3629e+02     0.9292      5.576      8.087    12.8119 0.0000e+00
      5.658     -0.104     9.7423     92.505    145.667 110.364579    16.2000     1.9356     0.1278     0.2961 1.3965e+02     0.9141      5.549      8.048    12.8232 0.0000e+00
      5.631     -0.101     9.7464     92.657    145.682 110.419153    16.2000     1.9204     0.1278     0.2961 1.4256e+02     0.8839      5.522      8.009    12.8354 0.0000e+00
      5.604     -0.095     9.7522     92.836    145.660 110.441238    16.2000     1.9356     0.1278     0.2961 1.4725e+02     0.8839      5.496      7.971    12.8489 0.0000e+00
      5.579     -0.087     9.7596     93.046    145.647 110.460721    16.2000     1.9814     0.0852     0.5076 1.4984e+02     1.2011      5.472      7.936    12.8639 0.0000e+00
      5.557     -0.077     9.7694     93.285    145.668 110.496793    16.2000     1.9738     0.0852     0.5076 1.5356e+02     1.0652      5.450      7.905    12.8793 0.0000e+00
      5.539     -0.066     9.7821     93.548    145.666 110.513085    16.2000     1.9738     0.0852     0.5076 1.5333e+02     1.1558      5.432      7.878    12.8942 0.0000e+00
      5.524     -0.055     9.7981     93.826    145.649 110.521940    16.2000     1.9738     0.0852     0.5076 1.5283e+02     1.1558      5.417      7.857    12.9075 0.0000e+00
      5.513     -0.046     9.8180     94.110    145.663 110.559712    16.2000     2.0577     0.0852     0.5076 1.5184e+02     1.1709      5.406      7.841    12.9175 0.0000e+00
      5.504     -0.038     9.8417     94.381    145.712 110.630474    16.2000     2.0310     0.0852     0.4230 1.5131e+02     1.1558      5.397      7.828    12.9245 0.0000e+00
      5.496     -0.033     9.8681     94.616    145.784 110.721106    16.2000     2.0501     0.0852     0.4230 1.5039e+02     1.1709      5.390      7.817    12.9307 0.0000e+00
      5.489     -0.031     9.8959     94.809    145.829 110.793794    16.2000     2.0539     0.0852     0.4230 1.4980e+02     1.1558      5.383      7.808    12.9381 0.0000e+00
      5.483     -0.031     9.9237     94.968    145.831 110.835933    16.2000     2.0501     0.0852     0.4230 1.4932e+02     1.1709      5.377      7.799    12.9475 0.0000e+00
      5.476     -0.034     9.9497     95.099    145.811 110.860759    16.2000     2.0348     0.0852     0.4653 1.4806e+02     1.1709      5.370      7.789    12.9588 0.0000e+00
      5.468     -0.040     9.9717     95.206    145.784 110.878894    16.2000     2.0729     0.0852     0.4653 1.4841e+02     1.1709      5.362      7.777    12.9713 0.0000e+00
      5.458     -0.048     9.9891     95.299    145.758 110.897175    16.2000     2.0768     0.0852     0.4653 1.4857e+02     1.1709      5.353      7.763    12.9845 0.0000e+00
      5.446     -0.060    10.0027     95.388    145.735 110.912479    16.2000     1.9852     0.0852     0.4653 1.4780e+02     2.0924      5.341      7.746    12.9983 0.0000e+00
      5.431     -0.075    10.0135     95.486    145.721 110.924891    16.2000     2.0005     0.1278     0.3807 1.4633e+02     2.1679      5.326      7.724    13.0121 0.0000e+00
      5.411     -0.090    10.0218     95.603    145.724 110.945720    16.2000     1.9852     0.1278     0.3807 1.4652e+02     2.0622      5.306      7.696    13.0253 0.0000e+00
      5.386     -0.103    10.0287     95.735    145.751 110.994516    16.2000     2.0081     0.1278     0.3807 1.5316e+02     2.0773      5.282      7.660    13.0384 0.0000e+00
      5.355     -0.114    10.0355     95.872    145.803 111.080291    16.2000     1.9165     0.1278     0.3807 1.6024e+02     1.4126      5.251      7.617    13.0497 0.0000e+00
      5.321     -0.121    10.0441     95.998    145.866 111.197926    16.2000     1.9242     0.0426     0.5076 1.6732e+02     1.4579      5.217      7.568    13.0575 0.0000e+00
      5.285     -0.124    10.0549     96.083    145.908 111.314811    16.2000     1.9356     0.0426     0.5076 1.7309e+02     1.3824      5.183      7.518    13.0640 0.0000e+00
      5.252     -0.122    10.0667     96.105    145.900 111.394134    16.2000     1.9356     0.0426     0.5076 1.7373e+02     1.4277      5.150      7.470    13.0734 0.0000e+00
      5.222     -0.116    10.0776     96.072    145.871 111.449055    16.2000     2.0577     0.0426     0.5076 1.7249e+02     1.4277      5.121      7.427    13.0893 0.0000e+00
      5.194     -0.109    10.0854     96.011    145.848 111.504220    16.2000     2.0653     0.0426     0.5076 1.7430e+02     1.3824      5.093      7.387    13.1131 0.0000e+00
      5.167     -0.101    10.0877     95.964    145.822 111.556343    16.2000     2.0272     0.1278     0.5499 1.7674e+02     1.4277      5.067      7.349    13.1424 0.0000e+00
      5.142     -0.092    10.0835     95.980    145.792 111.609331    16.2000     2.0234     0.1278     0.5499 1.8015e+02     1.3975      5.042      7.314    13.1716 0.0000e+00
      5.119     -0.083    10.0741     96.101    145.768 111.673315    16.2000     2.0424     0.1278     0.5499 1.8204e+02     1.3975      5.020      7.281    13.1981 0.0000e+00
      5.098     -0.074    10.0621     96.351    145.727 111.721371    16.2000     2.1683     0.1278     0.5499 1.8339e+02     1.6845      5.000      7.252    13.2230 0.0000e+00
      5.081     -0.065    10.0516     96.745    145.681 111.746323    16.2000     2.1950     0.0852     0.5076 1.8240e+02     1.6090      4.982      7.227    13.2477 0.0000e+00
