Data/DataNotYetUploadedToEDI/Raw_CTD/RawDownloads/060826_bvr50_S8188015.cnv
* Sea-Bird SBE19plus  Data File:
* FileName = C:\R\Reservoirs\Data\DataNotYetUploadedToEDI\Raw_CTD\RawDownloads\062526_ccr50_S8188_0015.hex
* Software version 2.8.0.119
* Temperature SN = 8188
* Conductivity SN = 8188
* System UpLoad Time = Jun 29 2026 18:13:42
* <ApplicationData>
* <Seaterm232>
# nquan = 16
# nvalues = 1058                        
# units = specified
# name 0 = depFM: Depth [fresh water, m]
# name 1 = dz/dtM: Descent Rate [m/s]
# name 2 = sbeox0Mg/L: Oxygen, SBE 43 [mg/l]
# name 3 = sbeox0PS: Oxygen, SBE 43 [% saturation]
# name 4 = specc: Specific Conductance [uS/cm]
# name 5 = c0uS/cm: Conductivity [uS/cm]
# name 6 = wetCDOM: Fluorescence, WET Labs CDOM [mg/m^3]
# name 7 = flECO-AFL: Fluorescence, WET Labs ECO-AFL/FL [mg/m^3]
# name 8 = flECO-AFL1: Fluorescence, WET Labs ECO-AFL/FL, 2 [mg/m^3]
# name 9 = flECO-AFL2: Fluorescence, WET Labs ECO-AFL/FL, 3 [mg/m^3]
# name 10 = par/sat/log: PAR/Logarithmic, Satlantic
# name 11 = turbWETntu0: Turbidity, WET Labs ECO [NTU]
# name 12 = prdM: Pressure, Strain Gauge [db]
# name 13 = prdE: Pressure, Strain Gauge [psi]
# name 14 = tv290C: Temperature [ITS-90, deg C]
# name 15 = flag:  0.000e+00
# span 0 =     -0.664,      5.070       
# span 1 =     -0.226,      0.240       
# span 2 =    -0.4892,    10.1584       
# span 3 =     -4.769,    106.718       
# span 4 =   -631.464,     97.102       
# span 5 =-507.911468,  75.917557       
# span 6 =    -4.5000,    29.5200       
# span 7 =    -2.1424,    15.8404       
# span 8 =    -2.1300,     0.8946       
# span 9 =    -3.6801,     5.8797       
# span 10 = 1.1590e-01, 1.6233e+03      
# span 11 =    -3.1495,   971.1096      
# span 12 =     -0.651,      4.972      
# span 13 =     -0.944,      7.211      
# span 14 =    14.0887,    24.1408      
# span 15 = 0.0000e+00, 0.0000e+00      
# interval = seconds: 0.25
# start_time = Jun 08 2026 10:49:36 [Instrument's time stamp, header]
# bad_flag = -9.990e-29
*END*
[from data line 543]
      2.351      0.040     6.3606     73.099     38.479  36.063035    21.6900     9.3172     0.2130     3.2571 1.2079e+01     6.3071      2.305      3.344    21.8617 0.0000e+00
      2.362      0.040     6.3752     73.373     38.490  36.067215    21.6900     9.2867     0.2130     3.2571 1.1743e+01     6.3373      2.316      3.358    21.8594 0.0000e+00
      2.372      0.040     6.3850     73.809     38.508  36.072436    21.6900     9.2561     0.1704     3.3417 1.1443e+01     6.2316      2.326      3.373    21.8585 0.0000e+00
      2.382      0.040     6.3941     74.418     38.530  36.076106    21.6900     9.2447     0.1704     3.3417 1.1207e+01     6.3826      2.336      3.388    21.8586 0.0000e+00
      2.392      0.039     6.4084     75.178     38.554  36.075219    21.6900     9.2447     0.1704     3.3417 1.1047e+01     6.2920      2.346      3.402    21.8557 0.0000e+00
      2.402      0.039     6.4336     76.042     38.588  36.075513    21.6900     9.2371     0.1704     3.3417 1.0892e+01     6.2467      2.355      3.416    21.8470 0.0000e+00
      2.411      0.039     6.4737     76.940     38.621  36.067106    21.7800     8.4894     0.1704     3.2994 1.0721e+01     6.5941      2.365      3.430    21.8323 0.0000e+00
      2.421      0.039     6.5299     77.806     38.643  36.045761    21.7800     8.5161     0.1704     3.2994 1.0431e+01     6.5790      2.375      3.444    21.8107 0.0000e+00
      2.432      0.039     6.6006     78.565     38.647  36.015743    21.7800     8.5008     0.1704     3.2994 1.0114e+01     6.5488      2.385      3.459    21.7804 0.0000e+00
      2.442      0.039     6.6817     79.158     38.640  35.984984    21.7800     8.5084     0.1704     3.2994 9.5399e+00     6.5186      2.395      3.474    21.7396 0.0000e+00
      2.453      0.038     6.7674     79.568     38.635  35.961217    21.7800    10.2670     0.1704     3.2994 9.2782e+00     6.7603      2.405      3.488    21.6884 0.0000e+00
      2.462      0.038     6.8506     79.803     38.638  35.946073    21.7800    10.2823     0.2130     2.9610 9.2500e+00     6.7301      2.415      3.502    21.6346 0.0000e+00
      2.471      0.037     6.9233     79.870     38.660  35.947465    21.7800    10.2709     0.2130     2.9610 9.2883e+00     6.7754      2.424      3.515    21.5904 0.0000e+00
      2.480      0.037     6.9796     79.785     38.707  35.973733    21.7800    10.3090     0.2130     2.9610 9.1819e+00     6.7905      2.432      3.528    21.5595 0.0000e+00
      2.490      0.037     7.0190     79.575     38.766  36.011958    21.7800    12.8763     0.2130     2.9610 8.9885e+00     7.0171      2.441      3.541    21.5352 0.0000e+00
      2.499      0.037     7.0429     79.271     38.809  36.036477    21.7800    12.8840     0.2130     2.7495 8.6230e+00     7.0322      2.451      3.554    21.5116 0.0000e+00
      2.509      0.037     7.0521     78.916     38.831  36.037889    21.7800    12.8954     0.2130     2.7495 8.2707e+00     6.9567      2.460      3.568    21.4874 0.0000e+00
      2.519      0.036     7.0477     78.538     38.837  36.020556    21.7800    12.8802     0.2130     2.7495 8.1884e+00     6.9869      2.470      3.582    21.4643 0.0000e+00
      2.528      0.036     7.0319     78.146     38.842  35.995791    21.7800    13.5668     0.2130     2.7495 8.1035e+00     7.4854      2.479      3.595    21.4435 0.0000e+00
      2.537      0.036     7.0079     77.756     38.861  35.976911    21.6900    13.5592     0.2130     3.1302 8.0368e+00     7.5005      2.488      3.608    21.4226 0.0000e+00
      2.545      0.035     6.9797     77.392     38.902  35.974815    21.6900    13.5706     0.2130     3.1302 7.9224e+00     7.5458      2.496      3.620    21.3986 0.0000e+00
      2.554      0.036     6.9503     77.075     38.970  35.992928    21.6900    13.5897     0.2130     3.1302 7.8130e+00     7.4703      2.505      3.633    21.3686 0.0000e+00
      2.563      0.036     6.9207     76.803     39.044  36.008189    21.6900    14.6693     0.2130     3.1302 7.7017e+00     7.7120      2.514      3.646    21.3305 0.0000e+00
      2.572      0.037     6.8922     76.576     39.113  36.008729    21.6900    14.6616     0.2130     3.0033 7.6135e+00     7.6818      2.523      3.659    21.2848 0.0000e+00
      2.582      0.038     6.8669     76.398     39.187  36.006641    21.6900    14.6578     0.2130     3.0033 7.4353e+00     7.6365      2.532      3.673    21.2334 0.0000e+00
      2.592      0.039     6.8464     76.269     39.257  36.001365    21.6900    14.6769     0.2130     3.0033 7.2707e+00     7.7875      2.542      3.687    21.1759 0.0000e+00
      2.602      0.039     6.8313     76.168     39.318  35.991490    21.6900    11.9265     0.2130     3.0033 6.9676e+00     7.6365      2.552      3.701    21.1085 0.0000e+00
      2.613      0.039     6.8219     76.072     39.386  35.990318    21.6900    11.9226     0.2130     3.0033 6.8060e+00     7.4854      2.562      3.716    21.0281 0.0000e+00
      2.623      0.039     6.8180     75.970     39.481  36.017456    21.6900    11.9379     0.1704     2.9610 6.6293e+00     7.4703      2.572      3.731    20.9386 0.0000e+00
      2.633      0.038     6.8183     75.847     39.600  36.068183    21.6900    11.9455     0.1704     2.9610 6.6236e+00     7.4552      2.582      3.745    20.8495 0.0000e+00
      2.642      0.038     6.8205     75.702     39.699  36.110206    21.6900     9.4965     0.1704     2.9610 6.4321e+00     6.8962      2.591      3.758    20.7657 0.0000e+00
      2.652      0.037     6.8226     75.553     39.755  36.124846    21.6900     9.4774     0.1704     2.9610 6.2611e+00     7.0020      2.601      3.772    20.6863 0.0000e+00
      2.661      0.036     6.8236     75.422     39.773  36.114014    21.7800     9.5079     0.2130     2.6649 6.1345e+00     7.0171      2.610      3.785    20.6099 0.0000e+00
      2.670      0.035     6.8223     75.336     39.777  36.096735    21.7800     9.4812     0.2130     2.6649 6.0761e+00     6.9567      2.619      3.798    20.5377 0.0000e+00
      2.679      0.035     6.8175     75.346     39.778  36.082345    21.7800     9.2752     0.2130     2.6649 6.0066e+00     6.8358      2.628      3.811    20.4758 0.0000e+00
      2.688      0.034     6.8103     75.482     39.767  36.065012    21.7800     9.2638     0.2130     2.6649 6.0092e+00     6.7905      2.636      3.823    20.4297 0.0000e+00
      2.696      0.034     6.8030     75.733     39.758  36.058045    21.9600     9.2599     0.1704     2.1573 5.9727e+00     6.7754      2.644      3.835    20.3958 0.0000e+00
      2.705      0.034     6.7989     76.084     39.757  36.065561    21.9600     9.2561     0.1704     2.1573 5.7925e+00     6.8056      2.653      3.847    20.3692 0.0000e+00
      2.714      0.034     6.8023     76.532     39.758  36.081598    21.9600     8.9662     0.1704     2.1573 5.6459e+00     6.5035      2.661      3.860    20.3503 0.0000e+00
      2.723      0.034     6.8159     77.062     39.760  36.102464    21.9600     9.0082     0.1704     2.1573 5.4743e+00     6.5337      2.670      3.873    20.3408 0.0000e+00
      2.732      0.033     6.8385     77.616     39.764  36.121773    22.0500     9.0120     0.1704     1.9035 5.2884e+00     6.5186      2.679      3.886    20.3414 0.0000e+00
      2.740      0.033     6.8686     78.109     39.772  36.136705    22.0500     9.0311     0.1704     1.9035 5.3311e+00     6.5639      2.687      3.898    20.3525 0.0000e+00
      2.748      0.033     6.9063     78.458     39.788  36.151244    22.0500     8.7564     0.1704     1.9035 5.3555e+00     6.2920      2.695      3.909    20.3721 0.0000e+00
      2.756      0.033     6.9509     78.608     39.812  36.163290    22.0500     8.7678     0.1704     1.9035 5.3566e+00     6.3222      2.702      3.920    20.3955 0.0000e+00
      2.764      0.033     6.9983     78.536     39.834  36.162111    22.0500     8.7755     0.1704     1.9035 5.1389e+00     6.2920      2.710      3.931    20.4148 0.0000e+00
      2.773      0.033     7.0413     78.245     39.863  36.153367    21.9600     8.7259     0.1704     1.9035 4.9032e+00     6.1711      2.719      3.944    20.4248 0.0000e+00
      2.782      0.034     7.0727     77.767     39.918  36.152656    21.9600     7.9706     0.1704     1.9035 4.7687e+00     6.0201      2.728      3.956    20.4247 0.0000e+00
      2.790      0.034     7.0879     77.169     40.013  36.171739    21.9600     7.9744     0.1704     1.9035 4.7542e+00     6.0654      2.736      3.969    20.4131 0.0000e+00
      2.799      0.034     7.0850     76.532     40.135  36.207732    21.9600     8.0049     0.1704     1.9035 4.7182e+00     6.1258      2.745      3.981    20.3869 0.0000e+00
      2.807      0.034     7.0647     75.919     40.257  36.246323    22.0500     7.9896     0.1704     2.1150 4.7182e+00     6.0503      2.753      3.992    20.3437 0.0000e+00
      2.815      0.035     7.0303     75.369     40.360  36.271901    22.0500     7.9629     0.1704     2.1150 4.6128e+00     5.8388      2.761      4.005    20.2797 0.0000e+00
      2.824      0.035     6.9877     74.920     40.433  36.275348    22.0500     7.9667     0.1704     2.1150 4.5205e+00     5.8388      2.770      4.017    20.1963 0.0000e+00
      2.834      0.036     6.9426     74.587     40.493  36.273519    22.0500     7.9782     0.1704     2.1150 4.3367e+00     5.8690      2.779      4.030    20.1045 0.0000e+00
      2.843      0.036     6.8993     74.344     40.565  36.283852    22.1400     7.9935     0.1704     2.0304 4.2620e+00     5.8539      2.788      4.044    20.0152 0.0000e+00
      2.853      0.037     6.8607     74.149     40.641  36.299141    22.1400     7.5509     0.1704     2.0304 4.2703e+00     5.5518      2.798      4.057    19.9318 0.0000e+00
      2.862      0.036     6.8302     73.987     40.699  36.305529    22.1400     7.5471     0.1704     2.0304 4.1244e+00     5.5518      2.807      4.071    19.8557 0.0000e+00
      2.872      0.036     6.8094     73.877     40.736  36.302727    22.1400     7.5700     0.1704     2.0304 4.0200e+00     5.6424      2.816      4.084    19.7860 0.0000e+00
      2.881      0.035     6.7964     73.847     40.777  36.309908    22.1400     7.5509     0.1704     2.0304 3.9895e+00     5.5669      2.825      4.097    19.7189 0.0000e+00
      2.889      0.035     6.7874     73.917     40.826  36.328986    22.2300     7.4899     0.1704     2.5803 3.9524e+00     5.5820      2.834      4.109    19.6545 0.0000e+00
      2.898      0.035     6.7802     74.104     40.869  36.347118    22.2300     7.5090     0.1704     2.5803 3.8860e+00     5.5971      2.842      4.122    19.5983 0.0000e+00
      2.907      0.035     6.7762     74.414     40.919  36.373122    22.2300     7.4937     0.1704     2.5803 3.8641e+00     5.5820      2.850      4.134    19.5538 0.0000e+00
      2.915      0.036     6.7782     74.852     40.976  36.403973    22.2300     7.5052     0.1704     2.5803 3.8107e+00     5.5669      2.859      4.146    19.5183 0.0000e+00
      2.924      0.036     6.7888     75.428     41.037  36.435944    22.5000     6.8032     0.2130     2.4534 3.6893e+00     5.5367      2.868      4.159    19.4884 0.0000e+00
      2.934      0.037     6.8093     76.133     41.119  36.487519    22.5000     6.8147     0.2130     2.4534 3.6487e+00     5.7179      2.877      4.173    19.4637 0.0000e+00
      2.943      0.038     6.8409     76.930     41.205  36.550537    22.5000     6.8147     0.2130     2.4534 3.5294e+00     5.6122      2.886      4.186    19.4415 0.0000e+00
      2.953      0.040     6.8846     77.800     41.268  36.603948    22.5000     6.8147     0.2130     2.4534 3.4890e+00     5.6122      2.896      4.200    19.4170 0.0000e+00
      2.963      0.041     6.9414     78.752     41.303  36.640084    22.5000     6.2310     0.2130     2.5803 3.4580e+00     5.6122      2.906      4.215    19.3897 0.0000e+00
      2.974      0.043     7.0098     79.782     41.317  36.658620    22.5000     6.2616     0.2130     2.5803 3.4221e+00     5.6877      2.916      4.230    19.3642 0.0000e+00
      2.985      0.045     7.0854     80.838     41.333  36.674462    22.5000     6.2883     0.2130     2.5803 3.3246e+00     5.6424      2.927      4.246    19.3481 0.0000e+00
      2.997      0.046     7.1659     81.818     41.368  36.697810    22.5000     6.2577     0.2130     2.5803 3.2433e+00     5.5216      2.939      4.262    19.3452 0.0000e+00
      3.009      0.047     7.2527     82.601     41.424  36.724931    22.5000     6.0060     0.2130     2.7072 3.0838e+00     5.8237      2.951      4.280    19.3514 0.0000e+00
      3.022      0.047     7.3465     83.088     41.487  36.739150    22.5000     6.0098     0.2130     2.7072 3.0346e+00     5.8086      2.963      4.298    19.3587 0.0000e+00
      3.034      0.048     7.4434     83.229     41.551  36.736289    22.5000     6.0212     0.2130     2.7072 2.9527e+00     5.7633      2.976      4.316    19.3604 0.0000e+00
      3.046      0.048     7.5352     83.010     41.635  36.741479    22.5000     6.0365     0.2130     2.7072 2.9636e+00     5.7935      2.987      4.333    19.3508 0.0000e+00
      3.058      0.049     7.6114     82.440     41.745  36.768053    22.5000     5.0218     0.2130     2.7072 2.9495e+00     5.8690      2.999      4.350    19.3242 0.0000e+00
      3.071      0.049     7.6638     81.584     41.876  36.815127    22.5000     5.0408     0.2130     2.4957 2.8345e+00     5.7784      3.011      4.367    19.2743 0.0000e+00
      3.084      0.049     7.6878     80.569     41.997  36.857398    22.5000     5.0256     0.2130     2.4957 2.7045e+00     5.8388      3.024      4.386    19.2027 0.0000e+00
      3.097      0.048     7.6801     79.538     42.073  36.864300    22.5000     5.0370     0.2130     2.4957 2.6167e+00     5.7935      3.037      4.404    19.1202 0.0000e+00
      3.109      0.047     7.6401     78.577     42.128  36.859585    22.5000     4.7509     0.2130     2.4957 2.5532e+00     5.4007      3.049      4.422    19.0361 0.0000e+00
      3.121      0.045     7.5730     77.713     42.211  36.885822    22.5000     4.7242     0.1704     2.8341 2.5637e+00     5.4158      3.060      4.439    18.9548 0.0000e+00
      3.132      0.044     7.4904     76.948     42.308  36.930083    22.5000     4.7204     0.1704     2.8341 2.5185e+00     5.3856      3.071      4.454    18.8781 0.0000e+00
      3.143      0.042     7.4053     76.297     42.378  36.960342    22.5000     4.7089     0.1704     2.8341 2.4261e+00     5.2496      3.082      4.470    18.8069 0.0000e+00
      3.153      0.040     7.3253     75.776     42.446  36.998611    22.5000     4.4991     0.1704     2.8341 2.3219e+00     5.5971      3.092      4.485    18.7435 0.0000e+00
      3.164      0.038     7.2529     75.388     42.522  37.049118    22.3200     4.4495     0.2130     3.0033 2.2908e+00     5.5216      3.102      4.500    18.6881 0.0000e+00
      3.173      0.037     7.1885     75.138     42.580  37.087478    22.3200     4.4495     0.2130     3.0033 2.2231e+00     5.6122      3.112      4.513    18.6407 0.0000e+00
      3.182      0.035     7.1331     75.047     42.634  37.125914    22.3200     4.4648     0.2130     3.0033 2.2265e+00     5.5971      3.120      4.526    18.6040 0.0000e+00
      3.190      0.034     7.0882     75.141     42.686  37.166706    22.3200     3.9498     0.2130     3.0033 2.1963e+00     5.5820      3.129      4.538    18.5784 0.0000e+00
      3.198      0.032     7.0546     75.439     42.714  37.192840    22.3200     3.9269     0.2130     3.0456 2.1706e+00     5.5820      3.137      4.549    18.5602 0.0000e+00
      3.206      0.031     7.0333     75.930     42.717  37.201323    22.3200     3.9574     0.2130     3.0456 2.1194e+00     5.6122      3.145      4.561    18.5461 0.0000e+00
