Data/DataNotYetUploadedToEDI/Raw_CTD/RawDownloads/060925_fcr20_S7809003.cnv
* Sea-Bird SBE19plus  Data File:
* FileName = C:\R\Reservoirs\Data\DataNotYetUploadedToEDI\Raw_CTD\RawDownloads\060925_fcr50_S7809_0003.hex
* Software version 2.8.0.119
* Temperature SN = 7809
* Conductivity SN = 7809
* System UpLoad Time = Jun 10 2025 13:09:13
* <ApplicationData>
* <Seaterm232>
# nquan = 15
# nvalues = 1504                        
# units = specified
# name 0 = depFM: Depth [fresh water, m]
# name 1 = dz/dtM: Descent Rate [m/s]
# name 2 = sbeox0Mg/L: Oxygen, SBE 43 [mg/l]
# name 3 = sbeox0PS: Oxygen, SBE 43 [% saturation]
# name 4 = specc: Specific Conductance [uS/cm]
# name 5 = c0uS/cm: Conductivity [uS/cm]
# name 6 = flECO-AFL: Fluorescence, WET Labs ECO-AFL/FL [mg/m^3]
# name 7 = ph: pH
# name 8 = orp: Oxidation Reduction Potential [mV]
# name 9 = par/sat/log: PAR/Logarithmic, Satlantic
# name 10 = turbWETntu0: Turbidity, WET Labs ECO [NTU]
# name 11 = prdM: Pressure, Strain Gauge [db]
# name 12 = prdE: Pressure, Strain Gauge [psi]
# name 13 = tv290C: Temperature [ITS-90, deg C]
# name 14 = flag:  0.000e+00
# span 0 =     -0.688,      2.943       
# span 1 =     -0.287,      0.207       
# span 2 =     0.0387,    16.8370       
# span 3 =      0.418,    183.122       
# span 4 =      1.668,     57.902       
# span 5 =   1.527753,  45.963419       
# span 6 =    -0.1203,    75.7398       
# span 7 =      8.193,     11.459       
# span 8 =    40.4550,   243.3303       
# span 9 = 1.2112e+00, 2.7180e+03       
# span 10 =    -0.2230,   231.0531      
# span 11 =     -0.675,      2.887      
# span 12 =     -0.981,      4.187      
# span 13 =    14.5939,    25.6376      
# span 14 = 0.0000e+00, 0.0000e+00      
# interval = seconds: 0.25
# start_time = Jun 09 2025 12:54:28 [Instrument's time stamp, header]
# bad_flag = -9.990e-29
*END*
[from data line 579]
      1.221      0.007    16.0915    169.977     36.857  31.975366    15.5828     11.458   102.3198 1.3463e+02     7.4468      1.199      1.739    18.4448 0.0000e+00
      1.221      0.009    16.0800    169.453     36.609  31.756763    15.7959     11.457   102.3188 1.3479e+02     7.4612      1.199      1.739    18.4139 0.0000e+00
      1.220      0.014    16.0590    168.938     36.405  31.570276    15.8387     11.456   102.1702 1.3559e+02     7.6001      1.197      1.735    18.3883 0.0000e+00
      1.220      0.019    16.0168    168.459     36.418  31.560246    15.7845     11.456   101.8986 1.3532e+02     7.6569      1.194      1.731    18.3748 0.0000e+00
      1.226      0.024    15.9670    168.010     36.535  31.635461    15.6489     11.457   101.7879 1.3357e+02     7.6362      1.200      1.741    18.3731 0.0000e+00
      1.239      0.028    15.9189    167.590     36.505  31.591538    15.5718     11.457   101.6063 1.3172e+02     7.6225      1.215      1.763    18.3727 0.0000e+00
      1.251      0.030    15.8713    167.170     36.308  31.409769    15.5606     11.457   101.3381 1.3085e+02     7.6274      1.229      1.782    18.3616 0.0000e+00
      1.260      0.029    15.8385    166.687     36.174  31.277365    15.3885     11.457   101.2124 1.3069e+02     7.6608      1.237      1.794    18.3291 0.0000e+00
      1.265      0.024    15.8098    166.134     36.179  31.259359    15.0382     11.457   101.1185 1.3009e+02     7.5829      1.240      1.800    18.2847 0.0000e+00
      1.270      0.019    15.7793    165.594     36.196  31.255472    14.8297     11.457   100.9780 1.2906e+02     7.4029      1.245      1.806    18.2591 0.0000e+00
      1.274      0.016    15.7441    165.095     36.180  31.230344    14.8322     11.457   100.8890 1.2900e+02     7.3972      1.252      1.815    18.2554 0.0000e+00
      1.276      0.016    15.7065    164.591     36.165  31.209266    15.0015     11.458   100.9892 1.2947e+02     7.5485      1.251      1.815    18.2339 0.0000e+00
      1.277      0.016    15.6635    164.142     36.153  31.190915    15.2696     11.458   101.1569 1.2868e+02     7.6265      1.249      1.813    18.1919 0.0000e+00
      1.282      0.015    15.6178    163.836     36.171  31.198761    15.3936     11.458   101.1107 1.2672e+02     7.5548      1.256      1.823    18.1674 0.0000e+00
      1.290      0.014    15.5800    163.657     36.223  31.240690    15.3777     11.458   100.9466 1.2497e+02     7.4332      1.265      1.835    18.1563 0.0000e+00
      1.295      0.014    15.5323    163.559     36.236  31.253813    15.3775     11.458   100.8074 1.2417e+02     7.4205      1.271      1.845    18.1441 0.0000e+00
      1.297      0.013    15.4887    163.483     36.201  31.230566    15.4655     11.457   100.7189 1.2435e+02     7.4005      1.273      1.847    18.1333 0.0000e+00
      1.297      0.011    15.4665    163.384     36.176  31.213364    15.6020     11.456   100.6504 1.2472e+02     7.2930      1.272      1.845    18.1206 0.0000e+00
      1.298      0.010    15.4521    163.284     36.204  31.236137    15.6616     11.454   100.5805 1.2455e+02     7.2487      1.272      1.845    18.1148 0.0000e+00
      1.301      0.008    15.4433    163.211     36.300  31.315597    15.6541     11.452   100.9075 1.2419e+02     7.2070      1.276      1.850    18.1207 0.0000e+00
      1.306      0.005    15.4354    163.152     36.409  31.412877    15.7022     11.451   101.5925 1.2424e+02     7.1987      1.282      1.857    18.1299 0.0000e+00
      1.310      0.000    15.4218    163.142     36.444  31.460802    15.8103     11.449   101.9792 1.2483e+02     7.2848      1.285      1.865    18.1393 0.0000e+00
      1.311     -0.005    15.4106    163.225     36.403  31.451022    15.8468     11.447   101.9695 1.2627e+02     7.2920      1.287      1.867    18.1369 0.0000e+00
      1.307     -0.009    15.4103    163.469     36.343  31.421531    15.8019     11.445   101.8189 1.2863e+02     7.2173      1.283      1.861    18.1261 0.0000e+00
      1.299     -0.011    15.4013    163.890     36.257  31.358003    15.7247     11.444   101.7070 1.3075e+02     7.2688      1.273      1.848    18.1282 0.0000e+00
      1.292     -0.011    15.3909    164.325     36.140  31.253850    15.6375     11.443   101.6493 1.3169e+02     7.4717      1.266      1.835    18.1537 0.0000e+00
      1.290     -0.007    15.3847    164.675     36.061  31.177199    15.6127     11.443   101.5518 1.3175e+02     7.5181      1.264      1.833    18.1959 0.0000e+00
      1.291     -0.001    15.3906    164.948     36.018  31.129006    15.6255     11.442   101.4738 1.3139e+02     7.3858      1.265      1.835    18.2314 0.0000e+00
      1.292      0.005    15.4374    165.095     35.948  31.051761    15.7585     11.442   101.3948 1.3084e+02     7.3402      1.267      1.837    18.2469 0.0000e+00
      1.294      0.009    15.4823    164.987     35.918  31.004438    16.0226     11.442   101.2852 1.3014e+02     7.3431      1.268      1.841    18.2393 0.0000e+00
      1.298      0.010    15.5182    164.574     35.933  31.000840    16.1631     11.442   101.2667 1.2904e+02     7.3185      1.273      1.847    18.2232 0.0000e+00
      1.302      0.010    15.5492    164.005     35.884  30.944809    16.1849     11.442   101.3438 1.2774e+02     7.2817      1.277      1.853    18.2132 0.0000e+00
      1.305      0.010    15.5748    163.416     35.776  30.834439    16.1770     11.442   101.3576 1.2676e+02     7.2062      1.280      1.856    18.1903 0.0000e+00
      1.307      0.010    15.5831    162.827     35.693  30.744739    16.0096     11.442   101.2606 1.2583e+02     7.2588      1.281      1.858    18.1500 0.0000e+00
      1.308      0.009    15.5406    162.223     35.643  30.684883    15.7256     11.442   101.1175 1.2441e+02     7.4740      1.282      1.859    18.1295 0.0000e+00
      1.310      0.009    15.4868    161.628     35.587  30.618178    15.5653     11.441   100.9178 1.2261e+02     7.5190      1.284      1.862    18.1178 0.0000e+00
      1.313      0.010    15.4402    161.083     35.556  30.572522    15.5448     11.440   100.7394 1.2080e+02     7.3935      1.288      1.868    18.0884 0.0000e+00
      1.316      0.010    15.3935    160.574     35.584  30.576877    15.5683     11.440   100.7670 1.1906e+02     7.2884      1.291      1.872    18.0648 0.0000e+00
      1.319      0.010    15.3427    160.050     35.639  30.607370    15.6167     11.441   100.9080 1.1760e+02     7.2385      1.294      1.876    18.0417 0.0000e+00
      1.321      0.010    15.2926    159.445     35.673  30.624015    15.6636     11.441   100.8949 1.1651e+02     7.3028      1.296      1.880    18.0134 0.0000e+00
      1.323      0.009    15.2505    158.792     35.637  30.587825    15.6777     11.440   100.7803 1.1549e+02     7.3151      1.297      1.882    17.9882 0.0000e+00
      1.325      0.009    15.2116    158.221     35.594  30.550396    15.7209     11.439   100.7268 1.1437e+02     7.1823      1.299      1.885    17.9607 0.0000e+00
      1.327      0.009    15.1747    157.810     35.594  30.552069    15.8359     11.438   100.6786 1.1323e+02     7.0975      1.302      1.888    17.9335 0.0000e+00
      1.330      0.010    15.1219    157.535     35.588  30.544618    15.9203     11.437   100.6278 1.1216e+02     7.1433      1.304      1.892    17.9155 0.0000e+00
      1.332      0.010    15.0555    157.351     35.570  30.523734    15.9583     11.435   100.7154 1.1113e+02     7.2582      1.307      1.895    17.9087 0.0000e+00
      1.335      0.010    14.9986    157.252     35.535  30.489859    16.0130     11.435   100.8764 1.1010e+02     7.2566      1.309      1.899    17.9095 0.0000e+00
      1.338      0.011    14.9595    157.219     35.496  30.452200    16.0663     11.435   100.8540 1.0905e+02     7.1246      1.311      1.904    17.9156 0.0000e+00
      1.340      0.011    14.9363    157.198     35.499  30.448999    16.0951     11.435   100.7024 1.0790e+02     7.1314      1.314      1.906    17.9133 0.0000e+00
      1.342      0.011    14.9223    157.163     35.501  30.451156    16.1112     11.434   100.5060 1.0662e+02     7.2704      1.316      1.908    17.8999 0.0000e+00
      1.345      0.011    14.9143    157.129     35.451  30.414841    16.0525     11.433   100.2872 1.0532e+02     7.3699      1.319      1.914    17.8956 0.0000e+00
      1.349      0.011    14.9149    157.089     35.420  30.390531    15.9176     11.431   100.2078 1.0416e+02     7.3777      1.324      1.920    17.8935 0.0000e+00
      1.353      0.011    14.9182    157.043     35.446  30.410966    15.8202     11.429   100.2341 1.0308e+02     7.2626      1.327      1.925    17.8793 0.0000e+00
      1.355      0.011    14.9127    156.992     35.447  30.408174    15.8081     11.428   100.2611 1.0207e+02     7.2079      1.329      1.928    17.8796 0.0000e+00
      1.357      0.010    14.9064    156.920     35.392  30.356764    15.8371     11.428   100.1897 1.0113e+02     7.2619      1.331      1.931    17.8949 0.0000e+00
      1.359      0.010    14.9007    156.800     35.325  30.296834    15.9038     11.427   100.0594 1.0024e+02     7.2668      1.334      1.934    17.8992 0.0000e+00
      1.361      0.010    14.8980    156.579     35.279  30.254466    16.0077     11.425   100.0614 9.9472e+01     7.2332      1.335      1.936    17.8932 0.0000e+00
      1.364      0.010    14.8958    156.262     35.252  30.225093    16.0524     11.423   100.1279 9.8805e+01     7.1631      1.338      1.941    17.8880 0.0000e+00
      1.367      0.010    14.8903    155.932     35.228  30.195417    16.0695     11.422   100.0896 9.8241e+01     7.1709      1.341      1.945    17.8828 0.0000e+00
      1.370      0.010    14.8842    155.663     35.191  30.149366    16.1982     11.421   100.1150 9.7852e+01     7.2589      1.343      1.949    17.8773 0.0000e+00
      1.373      0.010    14.8627    155.428     35.096  30.048876    16.3770     11.420   100.2626 9.7539e+01     7.2364      1.346      1.953    17.8769 0.0000e+00
      1.375      0.010    14.8325    155.152     34.991  29.931852    16.4421     11.419   100.3253 9.7250e+01     7.1734      1.348      1.956    17.8682 0.0000e+00
      1.378      0.010    14.8011    154.761     34.963  29.876190    16.4366     11.418   100.2709 9.7010e+01     7.1803      1.351      1.960    17.8536 0.0000e+00
      1.380      0.011    14.7832    154.288     35.003  29.883293    16.4266     11.418   100.2073 9.6690e+01     7.2510      1.353      1.963    17.8370 0.0000e+00
      1.383      0.012    14.7717    153.787     35.028  29.890833    16.3961     11.417   100.2443 9.6195e+01     7.2774      1.356      1.967    17.8080 0.0000e+00
      1.385      0.014    14.7609    153.156     34.969  29.840469    16.3667     11.414   100.2879 9.5437e+01     7.1918      1.358      1.970    17.7701 0.0000e+00
      1.388      0.015    14.7383    152.360     34.899  29.781797    16.3374     11.412   100.3040 9.4415e+01     7.1717      1.360      1.974    17.7204 0.0000e+00
      1.393      0.017    14.7003    151.512     34.870  29.752330    16.2673     11.410   100.4391 9.3286e+01     7.3414      1.366      1.981    17.6735 0.0000e+00
      1.399      0.017    14.6671    150.758     34.865  29.737903    16.1679     11.407   100.7166 9.2102e+01     7.5701      1.372      1.989    17.6560 0.0000e+00
      1.404      0.017    14.6056    150.170     34.873  29.734211    16.1172     11.403   100.9922 9.0965e+01     7.6150      1.377      1.997    17.6623 0.0000e+00
      1.409      0.016    14.5225    149.715     34.849  29.707672    16.0874     11.399   101.1044 9.0055e+01     7.4739      1.382      2.004    17.6687 0.0000e+00
      1.413      0.014    14.4388    149.357     34.810  29.670746    16.0169     11.397   101.1279 8.9284e+01     7.3670      1.385      2.009    17.6614 0.0000e+00
      1.415      0.012    14.3689    149.069     34.814  29.668324    15.9459     11.395   101.1040 8.8447e+01     7.3473      1.388      2.012    17.6424 0.0000e+00
      1.417      0.011    14.3211    148.777     34.835  29.678380    15.9033     11.393   101.0731 8.7552e+01     7.3041      1.390      2.015    17.6254 0.0000e+00
      1.420      0.010    14.2804    148.411     34.826  29.665465    15.8852     11.391   101.1845 8.6698e+01     7.2202      1.393      2.020    17.6188 0.0000e+00
      1.423      0.010    14.2470    147.983     34.794  29.639025    15.8850     11.389   101.3320 8.5951e+01     7.1869      1.395      2.024    17.6160 0.0000e+00
      1.425      0.010    14.2255    147.558     34.764  29.612413    15.9255     11.387   101.3936 8.5336e+01     7.3115      1.398      2.027    17.6077 0.0000e+00
      1.428      0.009    14.2053    147.197     34.754  29.597432    16.0179     11.384   101.4142 8.4833e+01     7.5312      1.401      2.031    17.5920 0.0000e+00
      1.430      0.009    14.1726    146.916     34.749  29.584737    16.0618     11.382   101.4091 8.4435e+01     7.5891      1.403      2.034    17.5811 0.0000e+00
      1.433      0.008    14.1271    146.709     34.753  29.585773    16.0388     11.380   101.4174 8.4204e+01     7.4644      1.405      2.038    17.5875 0.0000e+00
      1.435      0.008    14.0828    146.557     34.777  29.609951    16.0143     11.379   101.5148 8.4197e+01     7.4249      1.407      2.041    17.5924 0.0000e+00
      1.436      0.008    14.0525    146.438     34.787  29.623348    15.9904     11.375   101.7259 8.4315e+01     7.5548      1.408      2.042    17.5780 0.0000e+00
      1.438      0.009    14.0308    146.347     34.778  29.620911    15.9667     11.372   101.9907 8.4379e+01     7.6348      1.410      2.045    17.5606 0.0000e+00
      1.440      0.009    14.0121    146.259     34.728  29.580487    15.9360     11.371   102.2209 8.4351e+01     7.5718      1.412      2.048    17.5593 0.0000e+00
      1.443      0.010    13.9969    146.156     34.653  29.515174    15.8430     11.368   102.3589 8.4264e+01     7.4766      1.416      2.053    17.5651 0.0000e+00
      1.446      0.011    13.9824    146.069     34.601  29.465521    15.7172     11.365   102.3685 8.4124e+01     7.4741      1.418      2.056    17.5744 0.0000e+00
      1.449      0.011    13.9713    146.004     34.563  29.424156    15.6713     11.364   102.4235 8.3938e+01     7.5758      1.421      2.061    17.5855 0.0000e+00
      1.452      0.012    13.9646    145.910     34.546  29.395602    15.6883     11.364   102.5931 8.3722e+01     7.6470      1.424      2.065    17.5870 0.0000e+00
      1.454      0.013    13.9526    145.724     34.544  29.373976    15.6981     11.362   102.6989 8.3489e+01     7.5833      1.427      2.069    17.5844 0.0000e+00
      1.456      0.015    13.9462    145.411     34.547  29.352942    15.6893     11.359   102.7560 8.3186e+01     7.4558      1.428      2.072    17.5770 0.0000e+00
      1.460      0.015    13.9460    144.985     34.549  29.331545    15.6912     11.357   102.8535 8.2683e+01     7.4713      1.431      2.076    17.5647 0.0000e+00
      1.466      0.016    13.9448    144.485     34.543  29.305530    15.7206     11.355   102.8456 8.2094e+01     7.5654      1.437      2.084    17.5453 0.0000e+00
      1.471      0.016    13.9377    143.939     34.544  29.292087    15.6866     11.353   102.7456 8.1681e+01     7.5013      1.443      2.093    17.5139 0.0000e+00
      1.476      0.015    13.9169    143.349     34.557  29.295846    15.5711     11.351   102.7641 8.1526e+01     7.3787      1.447      2.100    17.4784 0.0000e+00
      1.479      0.015    13.8850    142.729     34.553  29.287545    15.5066     11.347   102.8966 8.1601e+01     7.3467      1.450      2.103    17.4437 0.0000e+00
      1.481      0.016    13.8444    142.102     34.523  29.255139    15.5217     11.344   103.0571 8.1741e+01     7.4217      1.452      2.106    17.4123 0.0000e+00
