Data/DataNotYetUploadedToEDI/Raw_CTD/RawDownloads/060922_ccr50_0002.cnv
* Sea-Bird SBE19plus  Data File:
* FileName = C:\R\Reservoirs\Data\DataNotYetUploadedToEDI\Raw_CTD\RawDownloads\060922_ccr50_0002.hex
* Software version 2.8.0.119
* Temperature SN = 7809
* Conductivity SN = 7809
* System UpLoad Time = Jun 10 2022 16:05:18
* <ApplicationData>
* <Seaterm232>
# nquan = 15
# nvalues = 3420                        
# units = specified
# name 0 = depFM: Depth [fresh water, m]
# name 1 = dz/dtM: Descent Rate [m/s]
# name 2 = sbeox0Mg/L: Oxygen, SBE 43 [mg/l]
# name 3 = sbeox0PS: Oxygen, SBE 43 [% saturation]
# name 4 = specc: Specific Conductance [uS/cm]
# name 5 = c0uS/cm: Conductivity [uS/cm]
# name 6 = flECO-AFL: Fluorescence, WET Labs ECO-AFL/FL [mg/m^3]
# name 7 = ph: pH
# name 8 = orp: Oxidation Reduction Potential [mV]
# name 9 = par/sat/log: PAR/Logarithmic, Satlantic
# name 10 = turbWETntu0: Turbidity, WET Labs ECO [NTU]
# name 11 = prdM: Pressure, Strain Gauge [db]
# name 12 = prdE: Pressure, Strain Gauge [psi]
# name 13 = tv290C: Temperature [ITS-90, deg C]
# name 14 = flag:  0.000e+00
# span 0 =     -0.543,     21.316       
# span 1 =     -0.208,      0.270       
# span 2 =     2.1094,     9.2562       
# span 3 =     18.809,    101.557       
# span 4 =      0.670,    110.047       
# span 5 =   0.641814,  85.738094       
# span 6 =    -0.3344,   232.6586       
# span 7 =     -2.429,      8.270       
# span 8 = -1240.7455,   311.6673       
# span 9 = 1.2358e-01, 3.7192e+03       
# span 10 =    -8.7703,    13.9325      
# span 11 =     -0.533,     20.905      
# span 12 =     -0.774,     30.319      
# span 13 =    10.1456,    24.8156      
# span 14 = 0.0000e+00, 0.0000e+00      
# interval = seconds: 0.25
# start_time = Jun 09 2022 08:03:14 [Instrument's time stamp, header]
# bad_flag = -9.990e-29
*END*
[from data line 2699]
      9.479     -0.001     7.6420     69.026     98.174  70.617880     0.9996      7.254   311.2914 9.6304e+00     2.1607      9.296     13.483    10.9629 0.0000e+00
      9.476     -0.002     7.6387     68.939     98.164  70.619033     1.0024      7.255   311.1356 9.6495e+00     2.1914      9.292     13.478    10.9613 0.0000e+00
      9.474     -0.006     7.6325     68.874     98.179  70.631726     0.9837      7.255   310.9694 9.6758e+00     2.1246      9.289     13.473    10.9579 0.0000e+00
      9.473     -0.014     7.6269     68.837     98.198  70.644306     0.9562      7.256   311.0023 9.6630e+00     2.0705      9.288     13.472    10.9572 0.0000e+00
      9.474     -0.026     7.6170     68.837     98.198  70.644098     0.9365      7.256   310.9308 9.6522e+00     2.1183      9.291     13.477    10.9625 0.0000e+00
      9.473     -0.040     7.6038     68.876     98.180  70.629208     0.9124      7.255   310.7077 9.7218e+00     2.1215      9.293     13.479    10.9694 0.0000e+00
      9.462     -0.055     7.5978     68.929     98.134  70.591313     0.8894      7.255   310.6278 9.8756e+00     2.0069      9.284     13.465    10.9688 0.0000e+00
      9.440     -0.067     7.5931     68.981     98.107  70.567051     0.8911      7.256   310.6526 1.0054e+01     1.8941      9.259     13.429    10.9672 0.0000e+00
      9.414     -0.075     7.5924     69.031     98.144  70.589950     0.8992      7.256   310.5779 1.0228e+01     1.8501      9.230     13.388    10.9681 0.0000e+00
      9.389     -0.080     7.5987     69.065     98.183  70.614090     0.8887      7.256   310.4984 1.0386e+01     1.8512      9.206     13.353    10.9669 0.0000e+00
      9.367     -0.081     7.6051     69.065     98.176  70.604831     0.8721      7.256   310.4652 1.0503e+01     1.8401      9.184     13.321    10.9643 0.0000e+00
      9.351     -0.081     7.6116     69.056     98.181  70.605039     0.8644      7.257   310.5204 1.0586e+01     1.8174      9.169     13.297    10.9616 0.0000e+00
      9.337     -0.081     7.6171     69.063     98.202  70.616608     0.8701      7.257   310.7362 1.0694e+01     1.8159      9.159     13.284    10.9595 0.0000e+00
      9.317     -0.078     7.6238     69.095     98.207  70.617660     0.8833      7.257   310.9230 1.0843e+01     1.8564      9.140     13.257    10.9579 0.0000e+00
      9.291     -0.073     7.6215     69.141     98.207  70.617755     0.8989      7.255   310.9721 1.1000e+01     1.8974      9.110     13.213    10.9560 0.0000e+00
      9.265     -0.066     7.6203     69.169     98.202  70.617765     0.9175      7.255   310.9856 1.1136e+01     1.9013      9.083     13.173    10.9542 0.0000e+00
      9.246     -0.056     7.6211     69.178     98.187  70.617775     0.9253      7.255   311.0867 1.1203e+01     1.8696      9.062     13.144    10.9520 0.0000e+00
      9.236     -0.044     7.6245     69.194     98.161  70.617885     0.9349      7.255   311.2484 1.1223e+01     1.8553      9.054     13.132    10.9501 0.0000e+00
      9.233     -0.035     7.6325     69.239     98.124  70.619122     0.9509      7.256   311.3069 1.1252e+01     1.9002      9.054     13.132    10.9504 0.0000e+00
      9.230     -0.032     7.6346     69.270     98.098  70.632759     0.9519      7.256   311.1909 1.1277e+01     1.9341      9.051     13.128    10.9519 0.0000e+00
      9.226     -0.037     7.6342     69.254     98.085  70.655759     0.9386      7.256   310.9647 1.1303e+01     1.9236      9.048     13.123    10.9563 0.0000e+00
      9.218     -0.047     7.6318     69.223     98.028  70.643157     0.9231      7.257   310.8093 1.1370e+01     1.8751      9.043     13.116    10.9661 0.0000e+00
      9.204     -0.058     7.6370     69.205     97.941  70.607464     0.9064      7.259   310.8600 1.1493e+01     1.8603      9.029     13.096    10.9810 0.0000e+00
      9.183     -0.068     7.6399     69.207     97.904  70.605370     0.8862      7.259   310.9756 1.1630e+01     1.9495      9.005     13.061    10.9988 0.0000e+00
      9.160     -0.075     7.6319     69.208     97.899  70.617862     0.8785      7.258   310.9162 1.1735e+01     2.0651      8.982     13.028    11.0157 0.0000e+00
      9.140     -0.077     7.6256     69.179     97.904  70.631483     0.8797      7.258   310.7445 1.1841e+01     2.1314      8.965     13.002    11.0296 0.0000e+00
      9.120     -0.074     7.6208     69.114     97.903  70.643021     0.8839      7.257   310.7062 1.1966e+01     2.0679      8.945     12.973    11.0430 0.0000e+00
      9.099     -0.069     7.6191     69.020     97.862  70.630331     0.8884      7.256   310.7114 1.2077e+01     1.9120      8.921     12.939    11.0575 0.0000e+00
      9.081     -0.066     7.6197     68.889     97.797  70.605121     0.8839      7.256   310.6351 1.2162e+01     1.8860      8.903     12.913    11.0653 0.0000e+00
      9.068     -0.065     7.6157     68.696     97.749  70.592319     0.8787      7.257   310.5581 1.2237e+01     1.9250      8.892     12.898    11.0679 0.0000e+00
      9.056     -0.065     7.6073     68.493     97.737  70.602616     0.8755      7.258   310.5546 1.2324e+01     1.8703      8.882     12.882    11.0744 0.0000e+00
      9.041     -0.067     7.5950     68.349     97.713  70.602593     0.8782      7.259   310.5931 1.2434e+01     1.8403      8.867     12.860    11.0833 0.0000e+00
      9.023     -0.071     7.5812     68.214     97.676  70.592072     0.8868      7.260   310.5067 1.2559e+01     1.8688      8.849     12.835    11.0951 0.0000e+00
      9.001     -0.078     7.5559     68.065     97.668  70.602465     0.8880      7.261   310.3711 1.2684e+01     1.8743      8.827     12.803    11.1069 0.0000e+00
      8.980     -0.084     7.5253     67.965     97.638  70.601222     0.8853      7.261   310.3291 1.2813e+01     1.8377      8.806     12.772    11.1163 0.0000e+00
      8.960     -0.088     7.5136     67.893     97.575  70.577071     0.8950      7.261   310.3446 1.2963e+01     1.8366      8.788     12.746    11.1253 0.0000e+00
      8.937     -0.092     7.4996     67.787     97.543  70.564573     0.9227      7.262   310.3861 1.3122e+01     1.8941      8.765     12.713    11.1331 0.0000e+00
      8.911     -0.094     7.4751     67.649     97.568  70.577173     0.9447      7.262   310.4001 1.3296e+01     1.9183      8.738     12.674    11.1408 0.0000e+00
      8.886     -0.094     7.4650     67.460     97.621  70.602356     0.9449      7.262   310.3421 1.3477e+01     1.8900      8.713     12.637    11.1510 0.0000e+00
      8.861     -0.093     7.4591     67.207     97.644  70.614956     0.9665      7.262   310.2866 1.3639e+01     1.7917      8.690     12.604    11.1651 0.0000e+00
      8.837     -0.090     7.4435     66.964     97.609  70.602467     1.0150      7.263   310.3316 1.3789e+01     1.6523      8.666     12.569    11.1723 0.0000e+00
      8.814     -0.085     7.4306     66.780     97.555  70.578420     1.0399      7.264   310.4561 1.3927e+01     1.6048      8.643     12.535    11.1671 0.0000e+00
      8.794     -0.081     7.4144     66.645     97.551  70.578316     1.0436      7.265   310.5872 1.4058e+01     1.6278      8.624     12.508    11.1570 0.0000e+00
      8.774     -0.077     7.3815     66.555     97.596  70.601218     1.0337      7.265   310.7119 1.4188e+01     1.6227      8.604     12.479    11.1526 0.0000e+00
      8.755     -0.074     7.3514     66.504     97.618  70.601219     1.0125      7.265   310.7596 1.4308e+01     1.6106      8.585     12.451    11.1628 0.0000e+00
      8.737     -0.072     7.3313     66.488     97.608  70.578311     1.0038      7.266   310.6478 1.4416e+01     1.5838      8.568     12.427    11.1737 0.0000e+00
      8.721     -0.069     7.3152     66.515     97.624  70.578310     1.0025      7.267   310.5653 1.4541e+01     1.5386      8.553     12.405    11.1751 0.0000e+00
      8.702     -0.064     7.3072     66.566     97.665  70.601201     1.0389      7.268   310.6218 1.4688e+01     1.5080      8.534     12.378    11.1688 0.0000e+00
      8.683     -0.058     7.3037     66.635     97.663  70.600982     1.1267      7.268   310.6425 1.4806e+01     1.4876      8.513     12.348    11.1588 0.0000e+00
      8.667     -0.051     7.3022     66.739     97.609  70.575666     1.1817      7.268   310.6435 1.4883e+01     1.4627      8.499     12.326    11.1507 0.0000e+00
      8.656     -0.041     7.3071     66.845     97.531  70.549212     1.1884      7.268   310.6336 1.4945e+01     1.4121      8.488     12.310    11.1446 0.0000e+00
      8.646     -0.028     7.3153     66.947     97.441  70.535261     1.1998      7.268   310.5231 1.4987e+01     1.2855      8.478     12.297    11.1405 0.0000e+00
      8.640     -0.014     7.3192     67.068     97.337  70.534079     1.2199      7.268   310.4263 1.5003e+01     1.1274      8.472     12.288    11.1407 0.0000e+00
      8.638     -0.001     7.3331     67.168     97.226  70.535004     1.2225      7.268   310.4097 1.4988e+01     1.0718      8.469     12.283    11.1469 0.0000e+00
      8.640      0.009     7.3431     67.204     97.144  70.546534     1.2152      7.267   310.4079 1.4935e+01     1.1248      8.471     12.286    11.1605 0.0000e+00
      8.647      0.014     7.3457     67.136     97.072  70.546518     1.2395      7.267   310.3192 1.4859e+01     1.2564      8.479     12.297    11.1867 0.0000e+00
      8.656      0.016     7.3568     66.899     97.000  70.534858     1.2833      7.266   310.2837 1.4783e+01     1.3993      8.489     12.312    11.2274 0.0000e+00
      8.663      0.015     7.3605     66.505     96.947  70.532650     1.2957      7.266   310.4079 1.4738e+01     1.4174      8.497     12.324    11.2739 0.0000e+00
      8.666      0.010     7.3585     66.027     96.893  70.519856     1.2813      7.266   310.4446 1.4737e+01     1.3385      8.500     12.329    11.3113 0.0000e+00
      8.665      0.002     7.3517     65.508     96.863  70.507246     1.2663      7.268   310.2976 1.4761e+01     1.2658      8.498     12.325    11.3368 0.0000e+00
      8.664     -0.008     7.3215     64.983     96.865  70.507236     1.2476      7.268   310.0929 1.4773e+01     1.2215      8.496     12.323    11.3554 0.0000e+00
      8.663     -0.020     7.2706     64.505     96.884  70.519731     1.2383      7.268   310.0352 1.4769e+01     1.1780      8.497     12.323    11.3751 0.0000e+00
      8.660     -0.033     7.2150     64.117     96.903  70.531283     1.2468      7.268   310.1153 1.4798e+01     1.1158      8.495     12.320    11.3930 0.0000e+00
      8.652     -0.047     7.1569     63.820     96.901  70.519858     1.2423      7.268   310.0294 1.4884e+01     1.0840      8.487     12.309    11.3942 0.0000e+00
      8.638     -0.060     7.0976     63.593     96.906  70.508624     1.2080      7.267   309.7707 1.5020e+01     1.0679      8.475     12.290    11.3907 0.0000e+00
      8.617     -0.072     7.0435     63.435     96.929  70.522484     1.1726      7.267   309.5679 1.5183e+01     1.0569      8.452     12.258    11.3909 0.0000e+00
      8.593     -0.083     7.0012     63.351     96.954  70.560396     1.1648      7.267   309.4705 1.5320e+01     1.0874      8.426     12.220    11.3915 0.0000e+00
      8.570     -0.093     6.9707     63.337     96.934  70.585904     1.1721      7.266   309.4538 1.5431e+01     1.1303      8.404     12.189    11.3872 0.0000e+00
      8.548     -0.098     6.9477     63.396     96.854  70.576858     1.1768      7.266   309.4521 1.5593e+01     1.1305      8.385     12.161    11.3744 0.0000e+00
      8.523     -0.099     6.9304     63.501     96.789  70.578123     1.1720      7.267   309.4505 1.5822e+01     1.0900      8.361     12.126    11.3709 0.0000e+00
      8.494     -0.097     6.9201     63.564     96.759  70.601247     1.1642      7.267   309.5200 1.6039e+01     1.0851      8.329     12.081    11.3821 0.0000e+00
      8.464     -0.092     6.9149     63.556     96.706  70.602398     1.1655      7.266   309.6039 1.6211e+01     1.1053      8.299     12.036    11.4049 0.0000e+00
      8.439     -0.088     6.9163     63.517     96.638  70.592093     1.1879      7.265   309.6039 1.6357e+01     1.1973      8.275     12.001    11.4330 0.0000e+00
      8.420     -0.085     6.9296     63.425     96.586  70.603741     1.2274      7.265   309.6063 1.6486e+01     1.3441      8.257     11.975    11.4573 0.0000e+00
      8.405     -0.084     6.9342     63.245     96.523  70.616240     1.2520      7.266   309.6336 1.6617e+01     1.3770      8.243     11.956    11.4817 0.0000e+00
      8.389     -0.085     6.9256     63.030     96.444  70.616235     1.2605      7.267   309.5893 1.6792e+01     1.3556      8.229     11.936    11.5016 0.0000e+00
      8.367     -0.089     6.9210     62.817     96.369  70.603745     1.2459      7.267   309.5013 1.7050e+01     1.3596      8.208     11.904    11.5186 0.0000e+00
      8.339     -0.094     6.9098     62.594     96.321  70.592315     1.2089      7.267   309.4296 1.7352e+01     1.3561      8.177     11.860    11.5446 0.0000e+00
      8.310     -0.097     6.8813     62.371     96.320  70.605114     1.1878      7.267   309.4111 1.7607e+01     1.3821      8.148     11.817    11.5775 0.0000e+00
      8.285     -0.097     6.8503     62.152     96.336  70.631468     1.1905      7.267   309.3639 1.7808e+01     1.4346      8.124     11.783    11.6104 0.0000e+00
      8.261     -0.092     6.8265     61.952     96.346  70.656875     1.2257      7.269   309.2886 1.8028e+01     1.4455      8.102     11.752    11.6334 0.0000e+00
      8.237     -0.083     6.7983     61.792     96.324  70.658236     1.2723      7.271   309.1893 1.8260e+01     1.4112      8.078     11.716    11.6428 0.0000e+00
      8.215     -0.075     6.7744     61.657     96.287  70.647954     1.2874      7.271   309.0236 1.8444e+01     1.3616      8.054     11.683    11.6482 0.0000e+00
      8.197     -0.069     6.7490     61.546     96.283  70.659618     1.2831      7.272   308.8339 1.8585e+01     1.3575      8.037     11.657    11.6556 0.0000e+00
      8.183     -0.067     6.7230     61.429     96.282  70.672237     1.2701      7.273   308.6159 1.8692e+01     1.3958      8.024     11.637    11.6654 0.0000e+00
      8.171     -0.070     6.7075     61.300     96.252  70.673494     1.2551      7.274   308.5393 1.8778e+01     1.4144      8.014     11.622    11.6750 0.0000e+00
      8.158     -0.075     6.6890     61.206     96.199  70.674842     1.2514      7.275   308.5959 1.8933e+01     1.4458      8.003     11.607    11.6832 0.0000e+00
      8.138     -0.084     6.6784     61.155     96.164  70.688591     1.2507      7.275   308.6122 1.9193e+01     1.4687      7.984     11.581    11.6921 0.0000e+00
      8.113     -0.092     6.6657     61.095     96.155  70.712728     1.2460      7.275   308.6497 1.9493e+01     1.4174      7.957     11.541    11.6966 0.0000e+00
      8.084     -0.094     6.6473     61.010     96.109  70.712620     1.2616      7.276   308.6192 1.9790e+01     1.3382      7.927     11.498    11.7045 0.0000e+00
      8.055     -0.089     6.6323     60.925     96.045  70.687323     1.3063      7.277   308.5878 2.0067e+01     1.3302      7.899     11.457    11.7324 0.0000e+00
      8.027     -0.075     6.6266     60.779     96.036  70.660981     1.3381      7.279   308.7002 2.0291e+01     1.3895      7.870     11.414    11.7551 0.0000e+00
      8.006     -0.057     6.6203     60.507     96.104  70.648190     1.3451      7.279   308.7742 2.0427e+01     1.4396      7.846     11.380    11.7637 0.0000e+00
      7.996     -0.038     6.6034     60.145     96.219  70.659643     1.3407      7.279   308.7941 2.0456e+01     1.4244      7.838     11.368    11.7859 0.0000e+00
      7.995     -0.022     6.5956     59.775     96.294  70.672332     1.3275      7.279   308.7678 2.0429e+01     1.3760      7.838     11.369    11.8061 0.0000e+00
      7.997     -0.009     6.5857     59.503     96.301  70.674518     1.3268      7.278   308.7151 2.0409e+01     1.3669      7.842     11.374    11.7950 0.0000e+00
