Data/DataNotYetUploadedToEDI/Raw_CTD/RawDownloads/060925_fcr10_S7809002.cnv
* Sea-Bird SBE19plus  Data File:
* FileName = C:\R\Reservoirs\Data\DataNotYetUploadedToEDI\Raw_CTD\RawDownloads\060925_fcr50_S7809_0002.hex
* Software version 2.8.0.119
* Temperature SN = 7809
* Conductivity SN = 7809
* System UpLoad Time = Jun 10 2025 13:08:33
* <ApplicationData>
* <Seaterm232>
# nquan = 15
# nvalues = 1662                        
# units = specified
# name 0 = depFM: Depth [fresh water, m]
# name 1 = dz/dtM: Descent Rate [m/s]
# name 2 = sbeox0Mg/L: Oxygen, SBE 43 [mg/l]
# name 3 = sbeox0PS: Oxygen, SBE 43 [% saturation]
# name 4 = specc: Specific Conductance [uS/cm]
# name 5 = c0uS/cm: Conductivity [uS/cm]
# name 6 = flECO-AFL: Fluorescence, WET Labs ECO-AFL/FL [mg/m^3]
# name 7 = ph: pH
# name 8 = orp: Oxidation Reduction Potential [mV]
# name 9 = par/sat/log: PAR/Logarithmic, Satlantic
# name 10 = turbWETntu0: Turbidity, WET Labs ECO [NTU]
# name 11 = prdM: Pressure, Strain Gauge [db]
# name 12 = prdE: Pressure, Strain Gauge [psi]
# name 13 = tv290C: Temperature [ITS-90, deg C]
# name 14 = flag:  0.000e+00
# span 0 =     -0.701,      2.081       
# span 1 =     -0.325,      0.143       
# span 2 =     0.6054,    15.7894       
# span 3 =      6.384,    171.572       
# span 4 =      0.782,     68.936       
# span 5 =   0.860765,  56.843723       
# span 6 =    -0.0506,    41.0971       
# span 7 =     -1.906,     11.291       
# span 8 = -1238.3097,   860.5631       
# span 9 = 6.3086e-01, 7.1663e+02       
# span 10 =    -0.2190,    99.9813      
# span 11 =     -0.688,      2.043      
# span 12 =     -0.998,      2.963      
# span 13 =    16.1056,    30.0697      
# span 14 = 0.0000e+00, 0.0000e+00      
# interval = seconds: 0.25
# start_time = Jun 09 2025 12:43:56 [Instrument's time stamp, header]
# bad_flag = -9.990e-29
*END*
[from data line 97]
     -0.150     -0.001     8.0813     98.297     33.866  34.926085     6.8400     10.737    38.5903 3.6512e+02     8.3350     -0.147     -0.213    26.5487 0.0000e+00
     -0.151     -0.003     7.9763     98.613     33.853  34.910994     6.8413     10.740    39.1391 3.6569e+02     8.2549     -0.148     -0.216    26.5539 0.0000e+00
     -0.153     -0.003     7.9020     99.025     33.817  34.871878     6.8755     10.743    39.4908 3.6698e+02     8.2723     -0.150     -0.218    26.5584 0.0000e+00
     -0.154     -0.003     7.8750     99.503     33.780  34.833810     6.9532     10.745    39.8315 3.6816e+02     8.3744     -0.151     -0.219    26.5615 0.0000e+00
     -0.155     -0.002     7.8875    100.051     33.776  34.831397     6.9906     10.748    40.2464 3.6930e+02     8.3969     -0.152     -0.221    26.5596 0.0000e+00
     -0.155     -0.002     7.9182    100.594     33.785  34.842703     6.9614     10.750    40.6349 3.7150e+02     8.3052     -0.153     -0.222    26.5550 0.0000e+00
     -0.155     -0.001     7.9518    101.011     33.785  34.843617     6.9244     10.753    40.9156 3.7460e+02     8.2556     -0.152     -0.220    26.5528 0.0000e+00
     -0.155      0.000     7.9886    101.217     33.784  34.842453     6.9103     10.756    41.0601 3.7637e+02     8.3098     -0.151     -0.219    26.5537 0.0000e+00
     -0.155      0.002     8.0351    101.174     33.769  34.828628     6.9235     10.758    41.3490 3.7613e+02     8.4143     -0.152     -0.220    26.5559 0.0000e+00
     -0.155      0.002     8.0824    100.849     33.741  34.803354     6.9258     10.761    41.8279 3.7543e+02     8.4260     -0.153     -0.222    26.5583 0.0000e+00
     -0.155      0.002     8.1179    100.193     33.723  34.790652     6.9047     10.763    42.2039 3.7498e+02     8.3488     -0.153     -0.222    26.5599 0.0000e+00
     -0.153      0.001     8.1351     99.178     33.726  34.801956     6.9186     10.764    42.4536 3.7374e+02     8.3697     -0.150     -0.218    26.5607 0.0000e+00
     -0.151      0.001     8.1321     97.869     33.728  34.813141     6.9686     10.766    42.7818 3.7131e+02     8.4736     -0.147     -0.214    26.5627 0.0000e+00
     -0.151      0.001     8.1069     96.459     33.708  34.799011     6.9940     10.770    43.2463 3.6879e+02     8.5109     -0.147     -0.213    26.5668 0.0000e+00
     -0.153      0.000     8.0545     95.124     33.663  34.758020     6.9842     10.773    43.5962 3.6698e+02     8.4449     -0.151     -0.217    26.5739 0.0000e+00
     -0.154     -0.001     7.9703     93.911     33.600  34.698207     6.9331     10.775    43.7427 3.6758e+02     8.3242     -0.153     -0.221    26.5877 0.0000e+00
     -0.154     -0.001     7.8552     92.793     33.542  34.646822     6.8671     10.778    43.8131 3.7100e+02     8.3152     -0.152     -0.220    26.6050 0.0000e+00
     -0.153      0.000     7.7354     91.729     33.530  34.644303     6.8520     10.783    43.8459 3.7430e+02     8.4397     -0.150     -0.218    26.6145 0.0000e+00
     -0.153      0.001     7.6272     90.687     33.544  34.667772     6.8667     10.787    43.9667 3.7618e+02     8.4968     -0.150     -0.217    26.6183 0.0000e+00
     -0.153      0.001     7.5301     89.696     33.545  34.676816     6.8862     10.790    44.2421 3.7671e+02     8.4251     -0.149     -0.217    26.6261 0.0000e+00
     -0.153      0.001     7.4394     88.791     33.552  34.690219     6.9214     10.792    44.4219 3.7550e+02     8.3249     -0.150     -0.217    26.6392 0.0000e+00
     -0.153      0.001     7.3536     87.909     33.560  34.702948     6.9597     10.794    44.5055 3.7287e+02     8.3441     -0.150     -0.218    26.6546 0.0000e+00
     -0.152      0.002     7.2678     87.024     33.556  34.703833     7.0003     10.797    44.7368 3.6958e+02     8.4859     -0.149     -0.216    26.6691 0.0000e+00
     -0.152      0.003     7.1829     86.143     33.550  34.700931     7.0954     10.800    45.0683 3.6688e+02     8.6052     -0.149     -0.217    26.6810 0.0000e+00
     -0.151      0.003     7.1145     85.260     33.515  34.667869     7.2274     10.800    45.4153 3.6549e+02     8.6249     -0.149     -0.216    26.6903 0.0000e+00
     -0.150      0.003     7.0424     84.430     33.465  34.621309     7.2813     10.800    45.8353 3.6492e+02     8.5524     -0.147     -0.212    26.6971 0.0000e+00
     -0.148      0.002     6.9697     83.671     33.483  34.645540     7.2895     10.801    46.1023 3.6466e+02     8.5495     -0.146     -0.211    26.7031 0.0000e+00
     -0.148      0.002     6.9006     82.935     33.538  34.707070     7.3181     10.804    46.0625 3.6504e+02     8.5893     -0.145     -0.210    26.7089 0.0000e+00
     -0.148      0.003     6.8258     82.242     33.557  34.730826     7.3192     10.807    46.0420 3.6612e+02     8.4863     -0.146     -0.211    26.7142 0.0000e+00
     -0.148      0.003     6.7575     81.630     33.564  34.742449     7.2864     10.809    46.2845 3.6722e+02     8.3973     -0.146     -0.211    26.7207 0.0000e+00
     -0.147      0.004     6.6994     81.085     33.540  34.720722     7.2627     10.810    46.7575 3.6711e+02     8.4358     -0.145     -0.211    26.7286 0.0000e+00
     -0.146      0.005     6.6379     80.618     33.476  34.658462     7.2652     10.811    47.2012 3.5209e+02     8.4748     -0.143     -0.209    26.7365 0.0000e+00
     -0.144      0.005     6.5794     80.241     33.440  34.624123     7.3420     10.811    47.4345 3.1724e+02     8.4238     -0.141     -0.205    26.7433 0.0000e+00
     -0.142      0.005     6.5321     79.940     33.435  34.622755     7.4670     10.812    47.5994 2.8988e+02     8.3314     -0.139     -0.202    26.7489 0.0000e+00
     -0.141      0.004     6.4864     79.698     33.449  34.641930     7.5120     10.813    47.8176 2.8088e+02     8.3487     -0.138     -0.200    26.7540 0.0000e+00
     -0.140      0.003     6.4484     79.527     33.468  34.665645     7.5027     10.814    48.0938 2.7668e+02     8.3938     -0.137     -0.199    26.7583 0.0000e+00
     -0.140      0.001     6.4180     79.427     33.454  34.655718     7.5543     10.815    48.4443 2.7392e+02     8.3979     -0.138     -0.200    26.7631 0.0000e+00
     -0.140      0.000     6.3944     79.392     33.443  34.648796     7.6461     10.815    48.7853 2.7298e+02     8.3991     -0.137     -0.199    26.7693 0.0000e+00
     -0.140 -4.251e-07     6.3730     79.411     33.436  34.645407     7.6718     10.815    49.0336 2.7300e+02     8.3397     -0.137     -0.199    26.7761 0.0000e+00
     -0.140      0.000     6.3588     79.445     33.402  34.614746     7.6397     10.815    49.2956 2.7401e+02     8.3291     -0.137     -0.199    26.7830 0.0000e+00
     -0.141      0.000     6.3507     79.487     33.380  34.595306     7.5915     10.815    49.6299 2.7546e+02     8.4074     -0.138     -0.201    26.7896 0.0000e+00
     -0.141     -0.001     6.3465     79.583     33.381  34.600705     7.5379     10.815    49.8917 2.7692e+02     8.4666     -0.138     -0.201    26.7960 0.0000e+00
     -0.140     -0.002     6.3493     79.744     33.392  34.616583     7.5163     10.815    50.0527 2.7887e+02     8.4302     -0.137     -0.199    26.8027 0.0000e+00
     -0.140     -0.002     6.3519     79.919     33.368  34.596957     7.4966     10.817    50.2861 2.8846e+02     8.3425     -0.137     -0.199    26.8087 0.0000e+00
     -0.141     -0.002     6.3521     80.058     33.323  34.553749     7.4916     10.819    50.5617 3.1547e+02     8.3631     -0.139     -0.201    26.8138 0.0000e+00
     -0.144     -0.002     6.3586     80.153     33.305  34.538275     7.5383     10.820    50.8039 3.4644e+02     8.4739     -0.141     -0.205    26.8199 0.0000e+00
     -0.145     -0.001     6.3730     80.228     33.300  34.536764     7.5701     10.821    51.0634 3.4595e+02     8.5211     -0.143     -0.208    26.8277 0.0000e+00
     -0.144      0.000     6.3873     80.300     33.295  34.535482     7.5680     10.821    51.2902 3.1531e+02     8.4550     -0.142     -0.207    26.8358 0.0000e+00
     -0.143      0.001     6.3982     80.377     33.279  34.522781     7.5793     10.822    51.4816 2.9255e+02     8.3582     -0.140     -0.203    26.8416 0.0000e+00
     -0.143      0.001     6.4040     80.466     33.264  34.510089     7.6159     10.824    51.7427 2.8794e+02     8.3754     -0.139     -0.202    26.8458 0.0000e+00
     -0.143      0.000     6.4093     80.550     33.259  34.508924     7.6520     10.826    52.0378 2.9013e+02     8.4929     -0.140     -0.203    26.8504 0.0000e+00
     -0.143     -0.001     6.4145     80.622     33.255  34.508695     7.6505     10.828    52.2966 2.9632e+02     8.4794     -0.140     -0.202    26.8561 0.0000e+00
     -0.143     -0.001     6.4189     80.702     33.250  34.507321     7.6309     10.828    52.5491 3.0233e+02     8.3491     -0.140     -0.203    26.8621 0.0000e+00
     -0.144     -0.001     6.4264     80.760     33.233  34.492323     7.6813     10.828    52.7681 3.1436e+02     8.2836     -0.140     -0.203    26.8677 0.0000e+00
     -0.145     -0.001     6.4333     80.766     33.194  34.454247     7.8023     10.828    52.9653 3.2958e+02     8.3366     -0.142     -0.205    26.8730 0.0000e+00
     -0.145     -0.001     6.4363     80.723     33.166  34.427619     7.8868     10.828    53.2128 3.2479e+02     8.4778     -0.142     -0.206    26.8785 0.0000e+00
     -0.144     -0.001     6.4439     80.633     33.161  34.424145     7.9036     10.829    53.5230 3.1687e+02     8.4887     -0.142     -0.205    26.8842 0.0000e+00
     -0.144     -0.002     6.4493     80.535     33.147  34.412246     7.9146     10.829    53.7050 3.3225e+02     8.3999     -0.141     -0.204    26.8889 0.0000e+00
     -0.145     -0.002     6.4480     80.485     33.142  34.410644     7.9436     10.830    53.6921 3.5460e+02     8.4289     -0.142     -0.205    26.8920 0.0000e+00
     -0.145     -0.002     6.4455     80.465     33.133  34.404788     7.9718     10.831    53.7970 3.6430e+02     8.5315     -0.143     -0.207    26.8949 0.0000e+00
     -0.146     -0.001     6.4364     80.395     33.070  34.341438     8.0063     10.832    54.1136 3.6695e+02     8.6503     -0.143     -0.207    26.8981 0.0000e+00
     -0.148     -0.000     6.4258     80.256     33.009  34.279128     8.0191     10.832    54.4231 3.6877e+02     8.6354     -0.145     -0.211    26.9022 0.0000e+00
     -0.149      0.001     6.4216     80.109     33.014  34.285845     7.9931     10.832    54.6989 3.6399e+02     8.4529     -0.147     -0.213    26.9074 0.0000e+00
     -0.147      0.002     6.4228     79.984     33.022  34.295774     7.9919     10.833    55.0392 3.4218e+02     8.3915     -0.144     -0.210    26.9134 0.0000e+00
     -0.145      0.002     6.4176     79.854     32.997  34.272284     8.0216     10.833    55.2685 3.1726e+02     8.4739     -0.141     -0.206    26.9168 0.0000e+00
     -0.144      0.002     6.4036     79.744     32.978  34.255611     8.0191     10.833    55.3197 3.1869e+02     8.5614     -0.141     -0.204    26.9167 0.0000e+00
     -0.144      0.001     6.3905     79.699     32.941  34.221080     7.9704     10.833    55.4868 3.2499e+02     8.5957     -0.141     -0.204    26.9187 0.0000e+00
     -0.144     -0.002     6.3824     79.697     32.891  34.171994     7.9234     10.833    55.7399 3.2624e+02     8.5127     -0.140     -0.203    26.9229 0.0000e+00
     -0.144     -0.004     6.3705     79.732     32.885  34.169668     7.9248     10.834    55.8854 3.4597e+02     8.5134     -0.141     -0.205    26.9264 0.0000e+00
     -0.146     -0.006     6.3582     79.785     32.903  34.192965     7.9790     10.836    55.9549 3.6439e+02     8.6727     -0.144     -0.208    26.9305 0.0000e+00
     -0.148     -0.006     6.3566     79.777     32.907  34.199904     8.0469     10.839    55.8913 3.6769e+02     8.7657     -0.145     -0.210    26.9358 0.0000e+00
     -0.151     -0.005     6.3556     79.674     32.897  34.190134     8.0713     10.842    55.8908 3.6658e+02     8.7142     -0.148     -0.215    26.9412 0.0000e+00
     -0.153     -0.003     6.3565     79.462     32.847  34.138276     8.0495     10.844    56.1220 3.6359e+02     8.5968     -0.151     -0.218    26.9473 0.0000e+00
     -0.154      0.001     6.3651     79.148     32.794  34.080440     8.0241     10.845    56.3635 3.6003e+02     8.5085     -0.150     -0.217    26.9538 0.0000e+00
     -0.154      0.003     6.3629     78.838     32.779  34.061824     7.9642     10.847    56.5738 3.5523e+02     8.4664     -0.152     -0.220    26.9577 0.0000e+00
     -0.152      0.003     6.3556     78.719     32.759  34.040073     7.8581     10.850    56.7717 3.4112e+02     8.5318     -0.151     -0.218    26.9605 0.0000e+00
     -0.148      0.003     6.3388     78.882     32.727  34.007782     7.7809     10.854    56.9497 3.1889e+02     8.6154     -0.144     -0.209    26.9616 0.0000e+00
     -0.146      0.002     6.3118     79.149     32.707  33.988614     7.7393     10.857    57.1771 3.1046e+02     8.5552     -0.141     -0.204    26.9559 0.0000e+00
     -0.146     -0.002     6.2813     79.346     32.717  33.998652     7.6377     10.859    57.3693 3.1779e+02     8.4875     -0.143     -0.207    26.9496 0.0000e+00
     -0.148     -0.007     6.2669     79.471     32.903  34.192596     7.4765     10.862    57.3804 3.2392e+02     8.4114     -0.146     -0.211    26.9482 0.0000e+00
     -0.149     -0.012     6.2868     79.852     33.384  34.684026     7.3792     10.865    57.3976 3.2677e+02     8.2847     -0.147     -0.213    26.9510 0.0000e+00
     -0.152     -0.015     6.3178     82.515     33.908  35.182131     7.3439     10.866    57.5779 3.2889e+02     8.2532     -0.148     -0.214    26.9529 0.0000e+00
     -0.157     -0.017     6.3242     89.915     34.202  35.393226     7.2748     10.863    57.7535 3.3022e+02     8.3378     -0.153     -0.221    26.9535 0.0000e+00
     -0.165     -0.018     6.3450    101.076     34.312  35.396271     7.1847     10.858    57.9728 3.2988e+02     8.4540     -0.162     -0.235    26.9540 0.0000e+00
     -0.171     -0.018     6.3214    112.824     34.357  35.345659     7.1524     10.856    58.2500 3.2596e+02     8.4625     -0.170     -0.247    26.9592 0.0000e+00
     -0.174     -0.013     6.4117    123.086     34.375  35.288713     7.1592     10.857    58.5241 3.2131e+02     8.3715     -0.169     -0.246    26.9064 0.0000e+00
     -0.177     -0.005     7.0770    131.046     34.367  35.215204     7.2506     10.857    58.7921 3.2147e+02     8.3787     -0.172     -0.250    26.7432 0.0000e+00
     -0.181      0.003     8.1185    136.454     34.375  35.154689     7.4259     10.858    58.9956 3.2710e+02     8.4816     -0.182     -0.264    26.5632 0.0000e+00
     -0.181      0.008     9.1302    139.288     34.480  35.191395     7.5221     10.860    59.1766 3.3268e+02     8.5231     -0.182     -0.263    26.4209 0.0000e+00
     -0.173      0.010     9.9967    139.716     34.610  35.278219     7.5491     10.863    59.2597 3.3483e+02     8.4694     -0.170     -0.246    26.3148 0.0000e+00
     -0.163      0.011    10.6580    138.379     34.655  35.316148     7.5514     10.866    59.3128 3.3520e+02     8.3797     -0.157     -0.228    26.2336 0.0000e+00
     -0.159      0.011    11.1159    136.392     34.657  35.332745     7.5412     10.870    59.4738 3.3399e+02     8.3607     -0.153     -0.222    26.1319 0.0000e+00
     -0.161      0.009    11.3675    134.628     34.659  35.352017     7.5425     10.873    59.7434 3.2973e+02     8.4112     -0.158     -0.229    26.0123 0.0000e+00
     -0.164      0.006    11.4028    133.297     34.654  35.358850     7.5428     10.876    60.0781 3.2428e+02     8.4436     -0.163     -0.235    25.9357 0.0000e+00
     -0.164      0.004    11.2544    132.302     34.639  35.351940     7.5445     10.878    60.2506 3.2084e+02     8.4102     -0.162     -0.234    25.9360 0.0000e+00
