Data/DataNotYetUploadedToEDI/Raw_CTD/RawDownloads/060925_fcr50_S7809001.cnv
* Sea-Bird SBE19plus  Data File:
* FileName = C:\R\Reservoirs\Data\DataNotYetUploadedToEDI\Raw_CTD\RawDownloads\060925_fcr50_S7809_0001.hex
* Software version 2.8.0.119
* Temperature SN = 7809
* Conductivity SN = 7809
* System UpLoad Time = Jun 10 2025 13:07:49
* <ApplicationData>
* <Seaterm232>
# nquan = 15
# nvalues = 1971                        
# units = specified
# name 0 = depFM: Depth [fresh water, m]
# name 1 = dz/dtM: Descent Rate [m/s]
# name 2 = sbeox0Mg/L: Oxygen, SBE 43 [mg/l]
# name 3 = sbeox0PS: Oxygen, SBE 43 [% saturation]
# name 4 = specc: Specific Conductance [uS/cm]
# name 5 = c0uS/cm: Conductivity [uS/cm]
# name 6 = flECO-AFL: Fluorescence, WET Labs ECO-AFL/FL [mg/m^3]
# name 7 = ph: pH
# name 8 = orp: Oxidation Reduction Potential [mV]
# name 9 = par/sat/log: PAR/Logarithmic, Satlantic
# name 10 = turbWETntu0: Turbidity, WET Labs ECO [NTU]
# name 11 = prdM: Pressure, Strain Gauge [db]
# name 12 = prdE: Pressure, Strain Gauge [psi]
# name 13 = tv290C: Temperature [ITS-90, deg C]
# name 14 = flag:  0.000e+00
# span 0 =     -0.693,      9.480       
# span 1 =     -0.325,      2.856       
# span 2 =    -0.1569,    17.7857       
# span 3 =     -1.423,    199.240       
# span 4 =      1.167,    281.569       
# span 5 =   1.153524, 200.684819       
# span 6 =    -0.4384,    42.9062       
# span 7 =      5.733,     11.331       
# span 8 = -1240.7455,   278.1278       
# span 9 = 1.2353e-01, 2.1208e+03       
# span 10 =    -2.1078,   118.9719      
# span 11 =     -0.681,      9.298      
# span 12 =     -0.987,     13.487      
# span 13 =    10.4595,    24.6422      
# span 14 = 0.0000e+00, 0.0000e+00      
# interval = seconds: 0.25
# start_time = Jun 09 2025 09:50:40 [Instrument's time stamp, header]
# bad_flag = -9.990e-29
*END*
[from data line 1832]
      1.626     -0.089     5.0748     61.834     35.964  28.984082    24.9300      8.108   239.1451 7.4795e+01    16.9013      1.590      2.306    15.0917 0.0000e+00
      1.608     -0.071     5.4258     63.970     35.876  28.931171    24.0980      8.160   236.5610 7.5608e+01    18.1292      1.572      2.280    15.1766 0.0000e+00
      1.602     -0.055     5.7328     66.109     35.820  28.910957    22.5548      8.208   228.6693 7.5707e+01    20.1668      1.570      2.278    15.2331 0.0000e+00
      1.602     -0.050     5.9898     67.983     35.732  28.866567    21.6858      8.250   221.0769 7.5729e+01    21.1794      1.571      2.278    15.2722 0.0000e+00
      1.600     -0.054     6.1977     69.327     35.670  28.838500    21.5572      8.288   218.7552 7.6538e+01    21.3198      1.573      2.281    15.2942 0.0000e+00
      1.589     -0.061     6.4006     70.101     35.713  28.888774    21.3739      8.323   218.4940 7.9557e+01    21.6939      1.567      2.273    15.3114 0.0000e+00
      1.561     -0.065     6.6266     70.453     35.718  28.903572    21.0840      8.356   218.0045 8.4121e+01    22.1161      1.533      2.224    15.3518 0.0000e+00
      1.526     -0.065     6.8168     70.580     35.615  28.827143    20.9064      8.386   217.4832 8.7647e+01    22.2226      1.490      2.162    15.3948 0.0000e+00
      1.503     -0.059     6.9485     70.573     35.552  28.789271    20.8325      8.414   216.7517 8.9057e+01    22.1962      1.468      2.130    15.4220 0.0000e+00
      1.496     -0.053     7.0159     70.487     35.563  28.826258    20.4246      8.441   214.3227 8.9215e+01    22.8212      1.465      2.125    15.4460 0.0000e+00
      1.495     -0.052     7.0394     70.414     35.527  28.830377    19.6946      8.469   210.0538 8.9173e+01    24.0411      1.466      2.126    15.4610 0.0000e+00
      1.494     -0.060     7.0506     70.417     35.427  28.775693    19.3064      8.502   207.3824 8.9658e+01    24.6481      1.466      2.126    15.4635 0.0000e+00
      1.487     -0.077     7.0465     70.552     35.350  28.735967    19.2679      8.539   206.8883 9.2599e+01    24.5925      1.466      2.126    15.4751 0.0000e+00
      1.462     -0.098     7.0279     71.059     35.307  28.730653    19.2702      8.577   206.7468 9.8980e+01    24.4619      1.442      2.091    15.5207 0.0000e+00
      1.420     -0.115     7.0071     72.091     35.245  28.711477    19.7338      8.615   206.7895 1.0614e+02    23.3426      1.391      2.018    15.5805 0.0000e+00
      1.378     -0.121     7.0072     73.450     35.192  28.694440    20.6449      8.656   207.2327 1.1235e+02    21.2387      1.348      1.957    15.6103 0.0000e+00
      1.343     -0.114     7.0039     74.893     35.195  28.714966    21.1554      8.698   207.9759 1.1834e+02    20.0313      1.317      1.910    15.6336 0.0000e+00
      1.311     -0.095     7.0375     76.406     35.246  28.769398    21.1957      8.738   208.5484 1.2366e+02    19.9141      1.284      1.861    15.6834 0.0000e+00
      1.287     -0.070     7.1443     78.043     35.253  28.781733    21.2327      8.775   208.7335 1.2660e+02    20.5738      1.257      1.822    15.7324 0.0000e+00
      1.275     -0.049     7.2853     79.760     35.197  28.737256    21.3280      8.808   208.1498 1.2724e+02    21.8583      1.248      1.811    15.7671 0.0000e+00
      1.273     -0.036     7.4219     81.483     35.199  28.739061    21.3829      8.841   205.8790 1.2727e+02    22.5670      1.249      1.812    15.7936 0.0000e+00
      1.273     -0.036     7.5647     83.047     35.194  28.740127    21.3959      8.878   202.7011 1.2731e+02    22.4820      1.248      1.811    15.8110 0.0000e+00
      1.272     -0.048     7.7297     84.211     35.115  28.686731    21.4608      8.915   200.1839 1.2773e+02    21.0010      1.249      1.812    15.8225 0.0000e+00
      1.266     -0.069     7.9004     84.862     35.069  28.664317    21.5762      8.951   198.4159 1.3083e+02    18.4273      1.248      1.810    15.8211 0.0000e+00
      1.246     -0.093     8.0774     85.086     35.041  28.659430    21.6507      8.986   197.2421 1.3829e+02    17.1189      1.230      1.785    15.8167 0.0000e+00
      1.210     -0.109     8.2419     85.039     34.981  28.627660    21.6379      9.020   196.6596 1.4819e+02    17.0345      1.187      1.722    15.8254 0.0000e+00
      1.168     -0.111     8.3589     84.867     35.001  28.660789    21.4550      9.059   196.4494 1.5865e+02    17.2365      1.146      1.661    15.8408 0.0000e+00
      1.128     -0.100     8.4148     84.742     35.162  28.806291    21.1538      9.101   195.6473 1.6866e+02    17.6825      1.104      1.603    15.8627 0.0000e+00
      1.095     -0.077     8.4253     84.816     35.305  28.928075    21.0006      9.145   193.5005 1.7441e+02    17.9864      1.065      1.546    15.8910 0.0000e+00
      1.080     -0.050     8.4128     85.147     35.315  28.928122    21.0171      9.192   191.5727 1.7397e+02    18.1435      1.051      1.524    15.9163 0.0000e+00
      1.083     -0.028     8.3852     85.722     35.260  28.870273    21.1710      9.243   190.1478 1.7121e+02    18.3182      1.061      1.539    15.9392 0.0000e+00
      1.091     -0.019     8.3615     86.430     35.185  28.799476    21.4209      9.295   188.1462 1.6962e+02    18.4940      1.074      1.557    15.9640 0.0000e+00
      1.096     -0.027     8.3667     87.038     35.073  28.706398    21.5672      9.343   186.4716 1.6943e+02    18.6631      1.076      1.561    15.9734 0.0000e+00
      1.095     -0.047     8.4024     87.295     34.966  28.632882    21.5831      9.386   185.3878 1.7170e+02    18.8255      1.077      1.561    15.9545 0.0000e+00
      1.083     -0.073     8.4664     87.087     34.892  28.608325    21.5134      9.421   184.5928 1.7913e+02    18.8175      1.070      1.551    15.9318 0.0000e+00
      1.053     -0.097     8.5482     86.537     34.821  28.599806    20.9657      9.449   184.1714 1.9124e+02    18.6352      1.037      1.505    15.9196 0.0000e+00
      1.013     -0.112     8.6188     85.925     34.756  28.593377    19.9971      9.472   183.9065 2.0387e+02    18.5686      0.992      1.438    15.9124 0.0000e+00
      0.975     -0.114     8.6474     85.623     34.712  28.594082    19.4895      9.494   183.7993 2.1494e+02    18.6947      0.953      1.382    15.9268 0.0000e+00
      0.941     -0.104     8.6108     86.041     34.696  28.608371    19.4723      9.514   183.8225 2.2495e+02    18.8624      0.922      1.337    15.9835 0.0000e+00
      0.914     -0.083     8.5312     87.443     34.707  28.639316    19.4649      9.533   183.9290 2.3290e+02    19.2295      0.893      1.294    16.0653 0.0000e+00
      0.895     -0.057     8.4461     89.807     34.779  28.714559    19.4412      9.553   183.7098 2.3698e+02    19.7856      0.873      1.266    16.1375 0.0000e+00
      0.886     -0.031     8.3906     92.763     34.900  28.820426    19.4438      9.574   182.4627 2.3778e+02    20.0185      0.867      1.257    16.1881 0.0000e+00
      0.885     -0.010     8.4155     95.743     34.933  28.841069    19.4794      9.596   180.6373 2.3725e+02    19.9272      0.867      1.259    16.2261 0.0000e+00
      0.888      0.002     8.5473     98.351     34.865  28.773853    19.6471      9.621   178.4170 2.3511e+02    18.3748      0.868      1.260    16.2585 0.0000e+00
      0.895     -0.002     8.7874    100.416     34.787  28.705430    19.8985      9.648   175.5784 2.3122e+02    15.2875      0.876      1.271    16.2833 0.0000e+00
      0.905     -0.022     9.1006    101.766     34.708  28.648054    19.9973      9.677   173.5047 2.2851e+02    13.5141      0.890      1.292    16.2919 0.0000e+00
      0.909     -0.050     9.4087    102.246     34.612  28.587559    19.9428      9.706   172.4456 2.3069e+02    13.3639      0.896      1.299    16.2791 0.0000e+00
      0.897     -0.076     9.6714    101.921     34.527  28.544875    19.3390      9.734   171.6340 2.4234e+02    14.0519      0.889      1.291    16.2569 0.0000e+00
      0.862     -0.095     9.8822    101.145     34.530  28.575993    18.2152      9.763   171.1771 2.6287e+02    15.3757      0.852      1.236    16.2493 0.0000e+00
      0.812     -0.101    10.0200    100.359     34.580  28.646694    17.5913      9.794   170.9652 2.8331e+02    16.0482      0.792      1.150    16.2599 0.0000e+00
      0.770     -0.094    10.0605     99.913     34.601  28.702045    17.5143      9.826   170.5351 2.9531e+02    16.2057      0.747      1.083    16.2872 0.0000e+00
      0.747     -0.079    10.0036    100.008     34.596  28.737858    17.4668      9.854   169.1600 2.9855e+02    18.3729      0.726      1.053    16.3349 0.0000e+00
      0.741     -0.063     9.9024    100.672     34.513  28.699180    17.4085      9.881   166.8145 2.9836e+02    22.4047      0.726      1.053    16.3762 0.0000e+00
      0.742     -0.058     9.8071    101.835     34.386  28.615002    17.3747      9.908   164.8042 2.9785e+02    24.5777      0.728      1.055    16.4094 0.0000e+00
      0.741     -0.065     9.7433    103.408     34.277  28.544664    17.3496      9.933   163.6965 3.0117e+02    24.6967      0.731      1.060    16.4687 0.0000e+00
      0.729     -0.083     9.7387    105.253     34.179  28.483038    17.3213      9.955   162.8845 3.1486e+02    24.5614      0.723      1.049    16.5391 0.0000e+00
      0.698     -0.104     9.7979    107.062     34.110  28.440759    17.3496      9.975   162.2143 3.3734e+02    23.9323      0.688      0.998    16.5792 0.0000e+00
      0.656     -0.120     9.9099    108.521     34.070  28.414054    17.4084      9.997   161.6165 3.6135e+02    22.8628      0.642      0.932    16.6030 0.0000e+00
      0.614     -0.125    10.0585    109.561     34.068  28.413878    17.4155     10.019   160.9910 3.8416e+02    22.2198      0.601      0.872    16.6342 0.0000e+00
      0.577     -0.117    10.2432    110.320     34.096  28.438623    17.3855     10.042   160.5020 4.0477e+02    22.1014      0.564      0.818    16.6662 0.0000e+00
      0.547     -0.098    10.4291    111.000     34.114  28.459544    17.2540     10.067   160.3499 4.2140e+02    22.6613      0.534      0.774    16.6901 0.0000e+00
      0.524     -0.073    10.5681    111.670     34.196  28.539989    17.0411     10.094   160.4422 4.3164e+02    23.8649      0.511      0.740    16.6991 0.0000e+00
      0.510     -0.050    10.6661    112.266     34.381  28.713584    16.9505     10.124   160.0688 4.3494e+02    24.6305      0.497      0.721    16.6980 0.0000e+00
      0.505     -0.033    10.7293    112.805     34.429  28.782496    16.9324     10.154   158.5030 4.3662e+02    24.6760      0.494      0.716    16.6979 0.0000e+00
      0.504     -0.027    10.7919    113.440     34.253  28.675526    16.7884     10.183   156.4818 4.3814e+02    24.2099      0.494      0.717    16.7056 0.0000e+00
      0.504     -0.034    10.8576    114.307     34.221  28.688833    16.5830     10.213   155.3334 4.3606e+02    23.5726      0.494      0.717    16.7250 0.0000e+00
      0.503     -0.049    10.9095    115.380     34.409  28.880001    16.5133     10.243   154.6842 4.3571e+02    23.3577      0.495      0.718    16.7487 0.0000e+00
      0.494     -0.065    10.9474    116.601     34.459  28.957251    16.5538     10.277   154.0526 4.5098e+02    23.2859      0.492      0.713    16.7865 0.0000e+00
      0.469     -0.075    10.9854    117.996     34.295  28.861769    16.8471     10.310   153.6333 4.8368e+02    21.9533      0.466      0.677    16.8550 0.0000e+00
      0.432     -0.077    11.0578    119.500     34.105  28.740453    17.3885     10.341   153.2289 5.1591e+02    19.5763      0.421      0.610    16.9205 0.0000e+00
      0.398     -0.071    11.1566    120.937     34.017  28.695623    17.7057     10.371   152.8628 5.3326e+02    18.3890      0.384      0.555    16.9583 0.0000e+00
      0.382     -0.057    11.2595    122.250     34.000  28.700338    17.7698     10.397   152.6475 5.3774e+02    18.3236      0.370      0.536    17.0072 0.0000e+00
      0.377     -0.037    11.3788    123.494     33.950  28.670624    17.7555     10.421   152.1755 5.4116e+02    17.7620      0.370      0.536    17.0776 0.0000e+00
      0.377     -0.017    11.5199    124.643     33.921  28.653513    17.6740     10.442   151.4574 5.4511e+02    16.6880      0.370      0.537    17.1362 0.0000e+00
      0.377     -0.003    11.6492    125.578     33.955  28.683745    17.6093     10.461   151.1069 5.4206e+02    16.0297      0.370      0.537    17.1789 0.0000e+00
      0.378      0.003    11.7643    126.212     33.997  28.719017    17.6050     10.476   151.0342 5.3637e+02    15.9508      0.371      0.538    17.2067 0.0000e+00
      0.379      0.005    11.8808    126.542     34.044  28.762844    17.6223     10.488   151.0084 5.3332e+02    16.1102      0.371      0.539    17.2240 0.0000e+00
      0.382      0.005    11.9944    126.636     34.112  28.833084    17.4771     10.498   151.0534 5.2804e+02    16.8983      0.375      0.543    17.2345 0.0000e+00
      0.384      0.005    12.0870    126.561     34.207  28.934014    17.1646     10.507   150.8034 5.2256e+02    18.2717      0.378      0.547    17.2351 0.0000e+00
      0.386      0.005    12.1493    126.381     34.287  29.031765    16.9902     10.516   150.1364 5.2286e+02    19.0527      0.379      0.549    17.2313 0.0000e+00
      0.386      0.004    12.1770    126.214     34.278  29.063586    16.9748     10.525   149.5274 5.2679e+02    19.0995      0.379      0.550    17.2342 0.0000e+00
      0.386      0.004    12.1786    126.174     34.228  29.065097    16.8028     10.534   149.2912 5.3006e+02    18.5983      0.379      0.549    17.2541 0.0000e+00
      0.387      0.005    12.1629    126.319     34.234  29.113520    16.4513     10.542   149.1734 5.2897e+02    17.5354      0.380      0.550    17.2852 0.0000e+00
      0.388      0.006    12.1296    126.657     34.291  29.205115    16.2458     10.550   148.7921 5.2652e+02    16.8715      0.381      0.552    17.3268 0.0000e+00
      0.390      0.009    12.0948    127.203     34.326  29.284605    16.2407     10.559   148.1225 5.2482e+02    16.8562      0.382      0.553    17.3870 0.0000e+00
      0.393      0.013    12.0711    127.968     34.295  29.313523    16.3231     10.567   147.7890 5.2400e+02    17.0442      0.386      0.560    17.4571 0.0000e+00
      0.396      0.011    12.0707    128.854     34.143  29.237692    16.4428     10.576   147.5985 5.2210e+02    17.2311      0.389      0.564    17.5169 0.0000e+00
      0.400     -0.008    12.0878    129.700     33.967  29.128952    16.4812     10.589   146.5932 5.1570e+02    17.2715      0.390      0.566    17.5753 0.0000e+00
      0.407     -0.050    12.1206    130.493     34.093  29.267406    16.3705     10.605   145.2704 5.0513e+02    17.4646      0.398      0.578    17.6472 0.0000e+00
      0.414     -0.111    12.1745    131.357     34.715  29.833463    15.3709     10.623   144.1670 5.0916e+02    20.8980      0.413      0.598    17.7334 0.0000e+00
      0.398     -0.178    12.2453    132.310     35.657  30.708326    13.5591     10.642   143.0603 5.6503e+02    27.2898      0.410      0.594    17.8207 0.0000e+00
      0.336     -0.235    12.3104    133.387     36.299  31.408763    12.5663     10.660   142.4727 6.6918e+02    30.7659      0.345      0.501    17.8844 0.0000e+00
      0.236     -0.269    12.3681    134.748     36.145  31.515056    12.4481     10.670   142.5682 7.8336e+02    31.1938      0.235      0.341    17.9192 0.0000e+00
      0.123     -0.277    12.4428    136.351     35.503  31.232594    12.3133     10.672   142.5798 9.3264e+02    32.4285      0.117      0.169    17.9540 0.0000e+00
      0.027     -0.271    12.5200    137.903     35.057  31.102286    11.3448     10.672   141.9258 1.0674e+03    35.4466      0.009      0.013    18.0128 0.0000e+00
