Data/DataNotYetUploadedToEDI/Raw_CTD/RawDownloads/060925_fcr50_S7809001.cnv
* Sea-Bird SBE19plus  Data File:
* FileName = C:\R\Reservoirs\Data\DataNotYetUploadedToEDI\Raw_CTD\RawDownloads\060925_fcr50_S7809_0001.hex
* Software version 2.8.0.119
* Temperature SN = 7809
* Conductivity SN = 7809
* System UpLoad Time = Jun 10 2025 13:07:49
* <ApplicationData>
* <Seaterm232>
# nquan = 15
# nvalues = 1971                        
# units = specified
# name 0 = depFM: Depth [fresh water, m]
# name 1 = dz/dtM: Descent Rate [m/s]
# name 2 = sbeox0Mg/L: Oxygen, SBE 43 [mg/l]
# name 3 = sbeox0PS: Oxygen, SBE 43 [% saturation]
# name 4 = specc: Specific Conductance [uS/cm]
# name 5 = c0uS/cm: Conductivity [uS/cm]
# name 6 = flECO-AFL: Fluorescence, WET Labs ECO-AFL/FL [mg/m^3]
# name 7 = ph: pH
# name 8 = orp: Oxidation Reduction Potential [mV]
# name 9 = par/sat/log: PAR/Logarithmic, Satlantic
# name 10 = turbWETntu0: Turbidity, WET Labs ECO [NTU]
# name 11 = prdM: Pressure, Strain Gauge [db]
# name 12 = prdE: Pressure, Strain Gauge [psi]
# name 13 = tv290C: Temperature [ITS-90, deg C]
# name 14 = flag:  0.000e+00
# span 0 =     -0.693,      9.480       
# span 1 =     -0.325,      2.856       
# span 2 =    -0.1569,    17.7857       
# span 3 =     -1.423,    199.240       
# span 4 =      1.167,    281.569       
# span 5 =   1.153524, 200.684819       
# span 6 =    -0.4384,    42.9062       
# span 7 =      5.733,     11.331       
# span 8 = -1240.7455,   278.1278       
# span 9 = 1.2353e-01, 2.1208e+03       
# span 10 =    -2.1078,   118.9719      
# span 11 =     -0.681,      9.298      
# span 12 =     -0.987,     13.487      
# span 13 =    10.4595,    24.6422      
# span 14 = 0.0000e+00, 0.0000e+00      
# interval = seconds: 0.25
# start_time = Jun 09 2025 09:50:40 [Instrument's time stamp, header]
# bad_flag = -9.990e-29
*END*
[from data line 290]
      0.088 -6.770e-19    10.6313    127.511     34.665  34.412625     9.1521     10.773    55.3909 7.3315e+02     7.4943      0.087      0.126    24.6348 0.0000e+00
      0.088 -6.155e-20    10.6324    127.572     34.653  34.398794     9.2079     10.773    55.5706 7.5235e+02     7.6301      0.087      0.126    24.6341 0.0000e+00
      0.089 -5.595e-21    10.6268    127.687     34.653  34.397537     9.2211     10.773    55.6518 7.8982e+02     7.6485      0.087      0.126    24.6330 0.0000e+00
      0.089 -5.085e-22    10.6083    127.774     34.655  34.397422     9.2363     10.774    55.5977 8.0242e+02     7.6142      0.087      0.127    24.6323 0.0000e+00
      0.088 -4.623e-23    10.6027    127.772     34.656  34.397412     9.2757     10.774    55.6054 8.0474e+02     7.6596      0.087      0.126    24.6310 0.0000e+00
      0.088 -4.203e-24    10.6114    127.686     34.656  34.397411     9.3141     10.773    55.8307 8.1703e+02     7.7536      0.086      0.125    24.6283 0.0000e+00
      0.088 -3.821e-25    10.6239    127.596     34.655  34.397411     9.3429     10.773    56.2573 8.7259e+02     7.8624      0.087      0.126    24.6251 0.0000e+00
      0.089 -3.473e-26    10.6337    127.537     34.654  34.397412     9.3249     10.773    56.6332 9.4847e+02     7.8484      0.087      0.127    24.6218 0.0000e+00
      0.089 -3.158e-27    10.6347    127.492     34.654  34.397420     9.2700     10.774    56.7622 9.2210e+02     7.7208      0.087      0.126    24.6203 0.0000e+00
      0.089 -2.870e-28    10.6229    127.468     34.654  34.397515     9.2619     10.774    56.7845 8.2885e+02     7.7194      0.087      0.126    24.6214 0.0000e+00
      0.089 -2.610e-29    10.6139    127.431     34.655  34.398554     9.2852     10.774    56.7311 7.9566e+02     7.8324      0.087      0.127    24.6230 0.0000e+00
      0.089 -2.372e-30    10.6119    127.376     34.668  34.409986     9.2441     10.775    56.7183 8.0596e+02     7.8239      0.087      0.126    24.6239 0.0000e+00
      0.089 -2.157e-31    10.6049    127.361     34.668  34.408843     9.1400     10.775    56.8878 8.0550e+02     7.6500      0.087      0.126    24.6245 0.0000e+00
      0.089 -1.961e-32    10.6060    127.396     34.644  34.384733     9.0751     10.775    57.1454 7.8813e+02     7.4716      0.087      0.126    24.6244 0.0000e+00
      0.089 -1.783e-33    10.6033    127.421     34.632  34.372243     9.0832     10.775    57.4239 7.8569e+02     7.4776      0.087      0.126    24.6236 0.0000e+00
      0.089 -1.620e-34    10.5959    127.410     34.645  34.384722     9.1212     10.775    57.4164 8.3159e+02     7.6206      0.087      0.126    24.6220 0.0000e+00
      0.089 -1.473e-35    10.5947    127.420     34.669  34.408729     9.1519     10.775    57.1408 8.6174e+02     7.6635      0.087      0.126    24.6206 0.0000e+00
      0.088 -1.339e-36    10.5999    127.452     34.669  34.408729     9.1466     10.775    57.1034 8.1229e+02     7.5858      0.087      0.126    24.6197 0.0000e+00
      0.088 -1.217e-37    10.6048    127.486     34.645  34.384722     9.1240     10.776    57.3946 7.9709e+02     7.4664      0.087      0.126    24.6188 0.0000e+00
      0.089 -1.107e-38    10.5993    127.532     34.634  34.372241     9.1280     10.776    57.8222 8.6236e+02     7.3813      0.087      0.126    24.6188 0.0000e+00
      0.089 -1.006e-39    10.6010    127.556     34.647  34.384713     9.1544     10.776    58.1436 8.7008e+02     7.4449      0.087      0.127    24.6192 0.0000e+00
      0.089 -9.145e-41    10.6057    127.567     34.672  34.408625     9.1924     10.776    58.0109 8.2198e+02     7.6212      0.086      0.126    24.6193 0.0000e+00
      0.089 -8.315e-42    10.6060    127.628     34.672  34.407575     9.2136     10.776    57.6796 8.2765e+02     7.7023      0.087      0.125    24.6184 0.0000e+00
      0.089 -7.518e-43    10.6130    127.710     34.636  34.372024     9.1940     10.775    57.7515 8.3640e+02     7.6737      0.087      0.126    24.6168 0.0000e+00
      0.089 -2.250e-44    10.6156    127.765     34.623  34.359449     9.1884     10.775    58.0205 8.1537e+02     7.7195      0.087      0.127    24.6149 0.0000e+00
      0.089 5.0194e-43    10.6122    127.803     34.646  34.382424     9.2207     10.776    58.3505 8.7555e+02     7.7772      0.087      0.126    24.6133 0.0000e+00
      0.089 5.5895e-42    10.6200    127.833     34.659  34.396038     9.2264     10.776    58.8162 9.1642e+02     7.7232      0.087      0.126    24.6122 0.0000e+00
      0.089 6.1490e-41    10.6291    127.843     34.659  34.397163     9.1914     10.776    58.8335 9.3290e+02     7.6817      0.086      0.125    24.6118 0.0000e+00
      0.089 6.7639e-40    10.6322    127.827     34.657  34.396028     9.1559     10.776    58.4738 9.9046e+02     7.7525      0.087      0.126    24.6123 0.0000e+00
      0.089 7.4403e-39    10.6348    127.773     34.643  34.382309     9.1209     10.776    58.4244 9.2146e+02     7.8281      0.087      0.126    24.6134 0.0000e+00
      0.089 8.1844e-38    10.6378    127.671     34.619  34.358181     9.0930     10.776    58.4944 9.3654e+02     7.7762      0.087      0.126    24.6152 0.0000e+00
      0.089 9.0028e-37    10.6385    127.571     34.619  34.358076     9.0767     10.775    58.6320 1.0149e+03     7.7053      0.087      0.127    24.6168 0.0000e+00
      0.089 9.9031e-36    10.6366    127.523     34.644  34.381042     9.0654     10.774    59.0551 8.6953e+02     7.7565      0.087      0.126    24.6176 0.0000e+00
      0.089 1.0893e-34    10.6341    127.498     34.646  34.382081     9.0477     10.774    59.2222 7.5650e+02     7.8487      0.087      0.126    24.6178 0.0000e+00
      0.089 1.1983e-33    10.6230    127.438     34.636  34.370641     9.0294     10.775    59.0185 7.6994e+02     7.8978      0.087      0.126    24.6174 0.0000e+00
      0.088 1.3181e-32    10.6125    127.334     34.636  34.369602     9.0272     10.775    59.0006 8.0979e+02     7.8382      0.087      0.126    24.6167 0.0000e+00
      0.088 1.4499e-31    10.6108    127.275     34.636  34.369516     9.0212     10.775    59.2648 8.4773e+02     7.6410      0.086      0.125    24.6154 0.0000e+00
      0.088 1.5949e-30    10.6105    127.317     34.636  34.369603     9.0222     10.775    59.5458 8.0194e+02     7.4945      0.087      0.126    24.6133 0.0000e+00
      0.088 1.7544e-29    10.6075    127.362     34.638  34.370651     9.0484     10.775    59.7303 7.5124e+02     7.5358      0.086      0.125    24.6111 0.0000e+00
      0.089 1.9298e-28    10.5956    127.363     34.652  34.382186     9.0635     10.774    59.8612 7.7857e+02     7.6272      0.087      0.126    24.6096 0.0000e+00
      0.089 2.1228e-27    10.5860    127.361     34.654  34.382186     9.0455     10.774    59.9232 8.3456e+02     7.6096      0.087      0.126    24.6094 0.0000e+00
      0.089 2.3351e-26    10.5966    127.364     34.646  34.370651     9.0314     10.774    59.9634 8.4216e+02     7.5620      0.087      0.126    24.6092 0.0000e+00
      0.089 2.5686e-25    10.6017    127.381     34.649  34.369594     9.0589     10.775    60.0894 7.9288e+02     7.6665      0.087      0.126    24.6080 0.0000e+00
      0.089 2.8255e-24    10.5983    127.381     34.652  34.369394     9.1049     10.776    60.2420 7.4126e+02     7.8141      0.087      0.126    24.6060 0.0000e+00
      0.089 3.1080e-23    10.6016    127.362     34.653  34.368232     9.1211     10.775    60.5190 7.3725e+02     7.8431      0.087      0.127    24.6022 0.0000e+00
      0.088 3.4188e-22    10.6000    127.327     34.643  34.355542     9.0878     10.775    60.9428 7.4538e+02     7.7784      0.086      0.125    24.5962 0.0000e+00
      0.088 3.7607e-21    10.6057    127.230     34.637  34.342845     9.0356     10.775    61.1505 7.4781e+02     7.6814      0.086      0.125    24.5892 0.0000e+00
      0.088 4.1368e-20    10.6069    127.210     34.643  34.341598     9.0226     10.775    61.0512 7.5571e+02     7.6947      0.087      0.126    24.5847 0.0000e+00
      0.088 4.5504e-19    10.6019    127.334     34.647  34.340454     9.0466     10.776    60.8610 7.4905e+02     7.8023      0.086      0.125    24.5833 0.0000e+00
      0.088 5.0055e-18    10.6073    127.419     34.633  34.329006     9.0672     10.776    60.8288 8.6116e+02     7.7871      0.086      0.125    24.5804 0.0000e+00
      0.088 5.5060e-17    10.5929    127.464     34.628  34.330062     9.0814     10.776    61.3505 9.5851e+02     7.6819      0.087      0.126    24.5712 0.0000e+00
      0.088 6.0566e-16    10.5875    127.518     34.644  34.353235     9.0849     10.776    62.0069 8.1991e+02     7.6565      0.086      0.125    24.5564 0.0000e+00
      0.088 6.6623e-15    10.6145    127.491     34.642  34.355416     9.0837     10.776    62.0537 7.3337e+02     7.7197      0.087      0.126    24.5482 0.0000e+00
      0.088 7.3285e-14    10.6158    127.405     34.640  34.356446     9.1011     10.777    61.9163 7.8806e+02     7.7969      0.086      0.125    24.5527 0.0000e+00
      0.088 8.0614e-13    10.6138    127.388     34.648  34.365693     9.1035     10.777    61.8946 7.9284e+02     7.7703      0.087      0.126    24.5633 0.0000e+00
      0.088 8.8675e-12    10.6233    127.427     34.623  34.340334     9.0795     10.777    61.8769 8.0252e+02     7.6716      0.086      0.125    24.5747 0.0000e+00
      0.088 9.7543e-11    10.6181    127.435     34.587  34.303612     9.0688     10.777    62.3054 8.3003e+02     7.6282      0.086      0.125    24.5820 0.0000e+00
      0.089 1.0730e-09    10.6037    127.422     34.587  34.302354     9.0572     10.777    63.0309 8.0217e+02     7.6892      0.087      0.126    24.5854 0.0000e+00
      0.089 1.1803e-08    10.6026    127.358     34.612  34.325121     9.0311     10.777    63.3354 8.4536e+02     7.7948      0.087      0.126    24.5866 0.0000e+00
      0.088 1.2983e-07    10.6129    127.305     34.613  34.325102     9.0026     10.777    63.3206 9.1932e+02     7.7772      0.086      0.125    24.5860 0.0000e+00
      0.088 2.3802e-07    10.6083    127.391     34.592  34.302125     8.9627     10.777    63.1956 8.4945e+02     7.6814      0.086      0.125    24.5843 0.0000e+00
      0.088 1.2983e-07    10.6120    127.526     34.593  34.301084     8.9322     10.777    63.0292 7.8643e+02     7.6623      0.086      0.125    24.5818 0.0000e+00
      0.088 1.1802e-08    10.6064    127.606     34.608  34.312516     8.9411     10.777    63.2874 7.9178e+02     7.7168      0.086      0.125    24.5799 0.0000e+00
      0.088 1.0729e-09    10.5920    127.626     34.613  34.313452     8.9706     10.777    63.9074 7.7663e+02     7.7590      0.086      0.125    24.5781 0.0000e+00
      0.088 9.7540e-11    10.6081    127.582     34.615  34.312394     8.9730     10.777    64.2451 8.0032e+02     7.7280      0.087      0.126    24.5756 0.0000e+00
      0.088 8.8675e-12    10.6221    127.489     34.605  34.299714     8.9526     10.777    64.1877 8.2574e+02     7.6844      0.086      0.125    24.5721 0.0000e+00
      0.088 8.0615e-13    10.6292    127.411     34.593  34.287026     8.9570     10.778    64.0735 7.7999e+02     7.7092      0.086      0.125    24.5677 0.0000e+00
      0.088 7.3285e-14    10.6321    127.323     34.591  34.285872     8.9685     10.779    64.0695 7.7311e+02     7.7549      0.086      0.125    24.5615 0.0000e+00
      0.089 6.6620e-15    10.6301    127.149     34.590  34.285758     8.9669     10.779    64.2248 8.2995e+02     7.7595      0.087      0.126    24.5556 0.0000e+00
      0.089 6.0565e-16    10.6200    127.010     34.589  34.285653     8.9614     10.779    64.4882 8.4997e+02     7.7306      0.087      0.126    24.5524 0.0000e+00
      0.089 5.5060e-17    10.6119    126.914     34.587  34.284612     8.9354     10.780    64.7592 8.2256e+02     7.6784      0.087      0.126    24.5514 0.0000e+00
      0.089 5.0055e-18    10.6147    126.806     34.575  34.273172     8.9034     10.781    65.0062 8.0799e+02     7.6412      0.087      0.126    24.5523 0.0000e+00
      0.089 4.5504e-19    10.5879    126.789     34.575  34.274221     8.8814     10.781    65.1515 8.2234e+02     7.5879      0.087      0.126    24.5541 0.0000e+00
      0.089 4.1367e-20    10.5777    126.822     34.598  34.297291     8.8612     10.781    65.0533 8.2980e+02     7.5455      0.087      0.126    24.5558 0.0000e+00
      0.089 3.7607e-21    10.5766    126.818     34.598  34.298340     8.8173     10.781    64.8515 8.2735e+02     7.5385      0.087      0.126    24.5571 0.0000e+00
      0.089 3.4188e-22    10.5563    126.810     34.586  34.286900     8.7587     10.782    64.9487 8.2365e+02     7.5379      0.087      0.126    24.5581 0.0000e+00
      0.089 3.1080e-23    10.5598    126.797     34.585  34.285860     8.7519     10.782    65.2821 8.0490e+02     7.6067      0.087      0.126    24.5589 0.0000e+00
      0.089 2.8255e-24    10.5672    126.805     34.585  34.285766     8.7683     10.782    65.5273 7.6337e+02     7.6193      0.086      0.125    24.5601 0.0000e+00
      0.089 2.5686e-25    10.5613    126.873     34.584  34.285757     8.7410     10.782    65.6768 7.6656e+02     7.4852      0.087      0.126    24.5612 0.0000e+00
      0.089 2.3351e-26    10.5636    127.006     34.583  34.285756     8.6876     10.782    65.5410 8.3034e+02     7.3853      0.087      0.126    24.5617 0.0000e+00
      0.089 2.1228e-27    10.5611    127.234     34.583  34.285755     8.6557     10.782    65.3476 8.3748e+02     7.4707      0.087      0.126    24.5619 0.0000e+00
      0.088 1.9298e-28    10.5588    127.471     34.583  34.285746     8.6623     10.782    65.5749 7.8404e+02     7.6295      0.086      0.125    24.5621 0.0000e+00
      0.088 1.7544e-29    10.5670    127.561     34.583  34.285642     8.6686     10.783    65.7947 8.0513e+02     7.5965      0.086      0.124    24.5632 0.0000e+00
      0.089 1.5949e-30    10.5738    127.505     34.583  34.284498     8.6566     10.784    65.9392 8.5521e+02     7.4484      0.087      0.126    24.5646 0.0000e+00
      0.089 1.4499e-31    10.5954    127.409     34.571  34.271915     8.6672     10.784    66.2037 8.0776e+02     7.4774      0.087      0.126    24.5649 0.0000e+00
      0.088 1.3181e-32    10.6240    127.403     34.562  34.260390     8.6890     10.785    66.1544 7.5934e+02     7.6064      0.086      0.125    24.5642 0.0000e+00
      0.088 1.1983e-33    10.6286    127.421     34.579  34.272040     8.6948     10.785    65.9453 7.8054e+02     7.6423      0.086      0.125    24.5632 0.0000e+00
      0.088 1.0893e-34    10.6224    127.297     34.601  34.285874     8.6870     10.786    65.9987 7.8564e+02     7.5697      0.086      0.125    24.5627 0.0000e+00
      0.089 9.9030e-36    10.6080    127.150     34.625  34.300756     8.6697     10.787    66.1975 8.0339e+02     7.4462      0.087      0.126    24.5625 0.0000e+00
      0.089 9.0025e-37    10.6085    127.102     34.657  34.325085     8.6778     10.787    66.5417 8.3862e+02     7.4470      0.087      0.126    24.5598 0.0000e+00
      0.088 8.1845e-38    10.6251    127.110     34.662  34.326239     8.7097     10.787    66.8057 8.2059e+02     7.5786      0.086      0.125    24.5515 0.0000e+00
      0.088 7.4405e-39    10.6067    127.198     34.653  34.314705     8.7393     10.787    66.5497 8.0501e+02     7.6379      0.086      0.125    24.5390 0.0000e+00
      0.089 6.7640e-40    10.5925    127.352     34.653  34.312513     8.7438     10.788    66.1144 8.0295e+02     7.5490      0.087      0.126    24.5262 0.0000e+00
      0.089 6.1490e-41    10.5961    127.438     34.638  34.299740     8.7225     10.788    66.1016 8.0276e+02     7.4254      0.087      0.126    24.5156 0.0000e+00
      0.089 5.5900e-42    10.5953    127.459     34.623  34.287156     8.7318     10.789    66.4809 8.0532e+02     7.4763      0.087      0.126    24.5085 0.0000e+00
