Data/DataNotYetUploadedToEDI/Raw_CTD/RawDownloads/060925_fcr30_S7809005.cnv
* Sea-Bird SBE19plus  Data File:
* FileName = C:\R\Reservoirs\Data\DataNotYetUploadedToEDI\Raw_CTD\RawDownloads\060925_fcr50_S7809_0005.hex
* Software version 2.8.0.119
* Temperature SN = 7809
* Conductivity SN = 7809
* System UpLoad Time = Jun 10 2025 13:10:08
* <ApplicationData>
* <Seaterm232>
# nquan = 15
# nvalues = 2000                        
# units = specified
# name 0 = depFM: Depth [fresh water, m]
# name 1 = dz/dtM: Descent Rate [m/s]
# name 2 = sbeox0Mg/L: Oxygen, SBE 43 [mg/l]
# name 3 = sbeox0PS: Oxygen, SBE 43 [% saturation]
# name 4 = specc: Specific Conductance [uS/cm]
# name 5 = c0uS/cm: Conductivity [uS/cm]
# name 6 = flECO-AFL: Fluorescence, WET Labs ECO-AFL/FL [mg/m^3]
# name 7 = ph: pH
# name 8 = orp: Oxidation Reduction Potential [mV]
# name 9 = par/sat/log: PAR/Logarithmic, Satlantic
# name 10 = turbWETntu0: Turbidity, WET Labs ECO [NTU]
# name 11 = prdM: Pressure, Strain Gauge [db]
# name 12 = prdE: Pressure, Strain Gauge [psi]
# name 13 = tv290C: Temperature [ITS-90, deg C]
# name 14 = flag:  0.000e+00
# span 0 =     -0.688,      5.424       
# span 1 =     -0.312,      0.219       
# span 2 =     0.0389,    17.9596       
# span 3 =      0.379,    202.623       
# span 4 =      1.272,     46.636       
# span 5 =   1.135818,  39.822827       
# span 6 =    -1.5051,    42.7545       
# span 7 =      7.799,     11.713       
# span 8 =    53.2556,   397.4662       
# span 9 = 2.3277e-01, 2.8516e+03       
# span 10 =     2.2671,   931.8984      
# span 11 =     -0.675,      5.319      
# span 12 =     -0.979,      7.715      
# span 13 =    10.4937,    25.9477      
# span 14 = 0.0000e+00, 0.0000e+00      
# interval = seconds: 0.25
# start_time = Jun 09 2025 13:06:43 [Instrument's time stamp, header]
# bad_flag = -9.990e-29
*END*
[from data line 1254]
      3.678      0.012     0.1833      2.304     40.576  30.195428     1.9997      8.320   103.0025 4.4610e+00    12.2649      3.607      5.232    12.1452 0.0000e+00
      3.682      0.012     0.1971      2.414     40.484  30.125629     1.7605      8.317   102.3904 4.4615e+00    12.3974      3.611      5.237    12.1755 0.0000e+00
      3.686      0.012     0.2123      2.499     40.367  30.034260     1.6075      8.314   101.6785 4.4568e+00    12.3690      3.615      5.243    12.1981 0.0000e+00
      3.688      0.013     0.2331      2.540     40.303  29.978759     1.5823      8.312   101.0200 4.4659e+00    12.4347      3.617      5.247    12.2062 0.0000e+00
      3.690      0.015     0.2490      2.536     40.298  29.962027     1.5642      8.311   100.5375 4.4745e+00    12.9521      3.617      5.247    12.2062 0.0000e+00
      3.693      0.019     0.2587      2.517     40.320  29.958807     1.5125      8.310   100.0603 4.4657e+00    13.7057      3.621      5.252    12.2054 0.0000e+00
      3.699      0.024     0.2702      2.517     40.337  29.939803     1.4650      8.307    99.4659 4.4518e+00    14.0997      3.627      5.261    12.1997 0.0000e+00
      3.704      0.028     0.2746      2.562     40.371  29.922517     1.4226      8.305    98.8569 4.4319e+00    14.1302      3.632      5.269    12.1900 0.0000e+00
      3.712      0.030     0.2721      2.667     40.446  29.940050     1.3754      8.302    98.2900 4.3895e+00    14.7223      3.638      5.277    12.1747 0.0000e+00
      3.724      0.030     0.2703      2.877     40.503  29.961453     1.3269      8.299    97.6881 4.3403e+00    15.9300      3.653      5.298    12.1535 0.0000e+00
      3.736      0.028     0.2677      3.255     40.556  29.990974     1.2771      8.295    97.0861 4.3175e+00    16.5039      3.667      5.318    12.1177 0.0000e+00
      3.743      0.023     0.2745      3.802     40.635  30.043239     1.2391      8.291    96.5177 4.3154e+00    16.4014      3.671      5.324    12.0528 0.0000e+00
      3.747      0.018     0.2836      4.440     40.697  30.085919     1.2256      8.286    95.8921 4.3105e+00    16.3639      3.675      5.329    11.9984 0.0000e+00
      3.748      0.014     0.3028      5.062     40.752  30.126399     1.2225      8.282    95.2863 4.3065e+00    16.5634      3.676      5.332    11.9810 0.0000e+00
      3.749      0.012     0.3443      5.624     40.785  30.152084     1.2180      8.278    94.7853 4.3056e+00    16.8651      3.676      5.331    11.9707 0.0000e+00
      3.751      0.012     0.4057      6.064     40.780  30.142747     1.2047      8.274    94.3086 4.2887e+00    16.9372      3.679      5.335    11.9626 0.0000e+00
      3.755      0.015     0.4813      6.311     40.788  30.140371     1.1780      8.271    93.7387 4.2572e+00    16.8895      3.682      5.340    11.9585 0.0000e+00
      3.759      0.018     0.5474      6.368     40.768  30.123342     1.1783      8.268    93.0566 4.2410e+00    16.9713      3.686      5.346    11.9583 0.0000e+00
      3.764      0.022     0.6105      6.275     40.682  30.063715     1.2086      8.264    92.3426 4.2351e+00    17.0719      3.691      5.353    11.9653 0.0000e+00
      3.770      0.026     0.6629      6.090     40.671  30.053768     1.2275      8.260    91.6443 4.2062e+00    17.0481      3.696      5.360    11.9573 0.0000e+00
      3.777      0.030     0.6879      5.870     40.797  30.129935     1.2159      8.257    91.0666 4.1577e+00    16.9226      3.703      5.371    11.9397 0.0000e+00
      3.785      0.034     0.6932      5.678     40.959  30.223424     1.1593      8.253    90.6064 4.1203e+00    16.8178      3.712      5.384    11.9366 0.0000e+00
      3.794      0.037     0.6801      5.575     41.092  30.296026     1.0927      8.248    90.1242 4.0974e+00    16.7712      3.720      5.395    11.9494 0.0000e+00
      3.805      0.038     0.6583      5.589     41.228  30.373396     1.0504      8.244    89.6240 4.0576e+00    16.7012      3.730      5.410    11.9533 0.0000e+00
      3.816      0.038     0.6329      5.724     41.381  30.461093     1.0313      8.241    89.2053 4.0040e+00    16.6206      3.742      5.428    11.9278 0.0000e+00
      3.826      0.037     0.6092      5.963     41.514  30.531684     1.0706      8.237    88.8471 3.9631e+00    16.5135      3.753      5.444    11.8895 0.0000e+00
      3.836      0.034     0.5983      6.250     41.629  30.592525     1.1511      8.233    88.4757 3.9391e+00    16.3632      3.763      5.458    11.8593 0.0000e+00
      3.845      0.031     0.6000      6.550     41.703  30.625769     1.2059      8.230    88.0713 3.9243e+00    16.3398      3.771      5.470    11.8352 0.0000e+00
      3.852      0.026     0.6146      6.818     41.714  30.616436     1.2079      8.225    87.6572 3.9053e+00    16.3328      3.777      5.478    11.8041 0.0000e+00
      3.857      0.022     0.6452      7.035     41.720  30.606541     1.1748      8.221    87.2549 3.8896e+00    16.2108      3.783      5.486    11.7683 0.0000e+00
      3.862      0.020     0.6765      7.253     41.771  30.632981     1.0974      8.218    86.8208 3.8836e+00    16.0945      3.788      5.494    11.7395 0.0000e+00
      3.866      0.018     0.7115      7.485     41.844  30.682371     0.9959      8.213    86.4513 3.8785e+00    16.0543      3.792      5.500    11.7163 0.0000e+00
      3.870      0.018     0.7434      7.703     41.858  30.696212     0.9637      8.209    86.2300 3.8739e+00    16.1006      3.795      5.504    11.6937 0.0000e+00
      3.874      0.018     0.7624      7.909     41.828  30.673467     0.9656      8.204    86.1238 3.8606e+00    16.0728      3.798      5.510    11.6780 0.0000e+00
      3.879      0.019     0.7867      8.121     41.824  30.661104     0.9273      8.200    86.1136 3.8426e+00    15.9577      3.804      5.517    11.6611 0.0000e+00
      3.885      0.019     0.8141      8.349     41.864  30.673595     0.8999      8.196    86.1065 3.8261e+00    15.9730      3.810      5.525    11.6549 0.0000e+00
      3.890      0.019     0.8370      8.611     41.921  30.697610     0.9176      8.192    86.1235 3.8123e+00    16.0873      3.815      5.533    11.6669 0.0000e+00
      3.895      0.018     0.8581      8.932     41.941  30.697696     0.9335      8.187    86.2340 3.8075e+00    16.1437      3.820      5.540    11.6673 0.0000e+00
      3.899      0.017     0.8820      9.329     41.921  30.674620     0.9010      8.183    86.4097 3.7999e+00    16.0741      3.825      5.548    11.6545 0.0000e+00
      3.903      0.017     0.9058      9.798     41.926  30.672332     0.8409      8.179    86.5265 3.7863e+00    15.9286      3.828      5.552    11.6334 0.0000e+00
      3.906      0.017     0.9340     10.298     41.933  30.670027     0.8312      8.176    86.5275 3.7685e+00    15.9215      3.831      5.556    11.6079 0.0000e+00
      3.911      0.018     0.9686     10.769     41.911  30.646742     0.8672      8.173    86.5942 3.7589e+00    16.0573      3.835      5.563    11.5904 0.0000e+00
      3.916      0.018     1.0117     11.149     41.917  30.644531     0.9097      8.169    86.7305 3.7668e+00    16.1358      3.839      5.569    11.5834 0.0000e+00
      3.922      0.018     1.0648     11.430     41.927  30.643282     0.9443      8.165    86.7990 3.7636e+00    16.0845      3.845      5.577    11.5781 0.0000e+00
      3.927      0.017     1.1212     11.636     41.925  30.631635     0.9366      8.161    86.8198 3.7404e+00    15.9493      3.852      5.586    11.5672 0.0000e+00
      3.932      0.016     1.1769     11.830     41.937  30.630568     0.9334      8.156    86.8967 3.7184e+00    15.9361      3.857      5.594    11.5585 0.0000e+00
      3.936      0.014     1.2173     12.135     41.947  30.630367     0.9555      8.152    87.1263 3.7161e+00    15.9601      3.860      5.598    11.5523 0.0000e+00
      3.938      0.014     1.2472     12.622     41.952  30.629206     0.9379      8.149    87.3587 3.7238e+00    15.7941      3.862      5.601    11.5424 0.0000e+00
      3.941      0.014     1.2696     13.302     41.937  30.616517     0.8951      8.147    87.4696 3.7079e+00    15.7061      3.865      5.606    11.5285 0.0000e+00
      3.943      0.017     1.2834     14.133     41.931  30.603821     0.8790      8.144    87.6062 3.6778e+00    15.7156      3.867      5.609    11.5160 0.0000e+00
      3.946      0.021     1.3150     14.955     41.953  30.602555     0.8679      8.141    87.8063 3.6530e+00    15.6356      3.868      5.610    11.5065 0.0000e+00
      3.951      0.024     1.3686     15.596     41.978  30.601185     0.8276      8.137    87.9967 3.6247e+00    15.5592      3.874      5.617    11.5008 0.0000e+00
      3.961      0.026     1.4424     16.053     41.976  30.587237     0.7828      8.134    88.1873 3.5907e+00    15.4745      3.883      5.631    11.5025 0.0000e+00
      3.971      0.027     1.5403     16.433     41.947  30.560771     0.7589      8.132    88.4753 3.5648e+00    15.4653      3.895      5.649    11.4957 0.0000e+00
      3.978      0.027     1.6404     16.821     41.927  30.534923     0.7641      8.130    88.8119 3.5469e+00    15.5843      3.902      5.660    11.4697 0.0000e+00
      3.983      0.025     1.7103     17.291     41.948  30.528434     0.7958      8.127    89.0739 3.5174e+00    15.6158      3.904      5.664    11.4415 0.0000e+00
      3.988      0.022     1.7543     17.859     42.003  30.545728     0.8095      8.125    89.4063 3.4867e+00    15.4707      3.910      5.671    11.4275 0.0000e+00
      3.994      0.020     1.7945     18.532     42.034  30.553688     0.7881      8.122    89.9916 3.4723e+00    15.2983      3.917      5.681    11.4275 0.0000e+00
      4.000      0.018     1.8329     19.386     42.054  30.561232     0.7617      8.120    90.8163 3.4723e+00    15.2736      3.923      5.690    11.4186 0.0000e+00
      4.004      0.018     1.8852     20.431     42.078  30.573503     0.7646      8.118    91.7200 3.4774e+00    15.3083      3.927      5.695    11.3869 0.0000e+00
      4.007      0.017     1.9510     21.549     42.088  30.575187     0.7813      8.115    92.4860 3.4778e+00    15.2067      3.929      5.699    11.3541 0.0000e+00
      4.011      0.016     2.0194     22.608     42.109  30.581580     0.7729      8.112    93.0234 3.4694e+00    15.0362      3.934      5.706    11.3382 0.0000e+00
      4.015      0.016     2.1122     23.518     42.132  30.587357     0.7544      8.109    93.4852 3.4595e+00    14.9547      3.937      5.712    11.3327 0.0000e+00
      4.020      0.016     2.2331     24.223     42.133  30.581583     0.7741      8.105    94.1126 3.4524e+00    15.0745      3.943      5.718    11.3283 0.0000e+00
      4.024      0.015     2.3614     24.725     42.119  30.575196     0.8363      8.102    94.7573 3.4362e+00    15.3230      3.947      5.724    11.3221 0.0000e+00
      4.028      0.014     2.4804     25.058     42.100  30.573572     0.8569      8.100    95.1713 3.4110e+00    15.3979      3.951      5.730    11.3110 0.0000e+00
      4.032      0.014     2.5837     25.203     42.067  30.561965     0.8319      8.098    95.5908 3.3894e+00    15.2628      3.955      5.736    11.2948 0.0000e+00
      4.034      0.014     2.6621     25.178     42.058  30.561741     0.8409      8.095    96.1301 3.3749e+00    15.1573      3.956      5.738    11.2838 0.0000e+00
      4.037      0.015     2.7128     25.062     42.070  30.570873     0.8836      8.092    96.5301 3.3591e+00    15.2158      3.958      5.741    11.2897 0.0000e+00
      4.041      0.017     2.7510     24.902     42.040  30.545510     0.9152      8.089    96.8992 3.3383e+00    15.3556      3.963      5.748    11.3091 0.0000e+00
      4.045      0.019     2.7657     24.740     42.002  30.508815     0.9058      8.086    97.4096 3.3154e+00    15.3439      3.967      5.755    11.3253 0.0000e+00
      4.050      0.019     2.7572     24.638     42.022  30.507786     0.8793      8.084    97.9690 3.2910e+00    15.2115      3.972      5.759    11.3330 0.0000e+00
      4.057      0.019     2.7439     24.643     42.079  30.533056     0.9110      8.082    98.5865 3.2617e+00    15.2237      3.978      5.769    11.3320 0.0000e+00
      4.064      0.017     2.7254     24.770     42.127  30.560605     0.9980      8.079    99.2830 3.2341e+00    15.3200      3.986      5.781    11.3274 0.0000e+00
      4.069      0.014     2.7055     25.086     42.160  30.587121     1.0487      8.077   100.1094 3.2089e+00    15.3506      3.991      5.789    11.3200 0.0000e+00
      4.072      0.011     2.6929     25.609     42.170  30.599919     1.0250      8.075   101.0073 3.1879e+00    15.3209      3.993      5.792    11.2969 0.0000e+00
      4.072      0.008     2.6970     26.206     42.150  30.588480     0.9279      8.072   101.9661 3.1838e+00    15.2003      3.993      5.791    11.2726 0.0000e+00
      4.072      0.006     2.7069     26.735     42.136  30.575695     0.8228      8.069   103.0111 3.1865e+00    15.0533      3.994      5.792    11.2654 0.0000e+00
      4.073      0.006     2.7382     27.119     42.140  30.572203     0.8024      8.067   104.0929 3.1788e+00    14.9447      3.994      5.793    11.2702 0.0000e+00
      4.075      0.007     2.8034     27.319     42.113  30.546248     0.8066      8.065   105.2370 3.1665e+00    14.8438      3.997      5.796    11.2801 0.0000e+00
      4.078      0.010     2.8736     27.328     42.076  30.515613     0.7651      8.063   106.2624 3.1668e+00    14.7212      4.000      5.801    11.2862 0.0000e+00
      4.080      0.012     2.9343     27.158     42.083  30.518958     0.7246      8.060   107.1114 3.1620e+00    14.6246      4.002      5.804    11.2817 0.0000e+00
      4.083      0.014     2.9788     26.853     42.094  30.523258     0.7333      8.058   108.0179 3.1470e+00    14.6317      4.003      5.806    11.2720 0.0000e+00
      4.087      0.015     3.0011     26.509     42.079  30.504172     0.7708      8.056   108.9619 3.1396e+00    14.6704      4.007      5.812    11.2634 0.0000e+00
      4.092      0.016     3.0025     26.264     42.058  30.478478     0.7785      8.055   109.8358 3.1388e+00    14.4783      4.014      5.822    11.2582 0.0000e+00
      4.097      0.018     2.9819     26.238     42.062  30.466331     0.7766      8.053   110.6680 3.1411e+00    14.1188      4.019      5.829    11.2599 0.0000e+00
      4.100      0.018     2.9452     26.477     42.117  30.484163     0.7891      8.051   111.4534 3.1286e+00    13.9790      4.020      5.831    11.2566 0.0000e+00
      4.105      0.017     2.9031     26.968     42.174  30.503753     0.7883      8.049   112.2759 3.1047e+00    13.9830      4.025      5.837    11.2422 0.0000e+00
      4.111      0.016     2.8707     27.672     42.207  30.512857     0.7832      8.046   113.2140 3.0962e+00    13.6891      4.032      5.848    11.2322 0.0000e+00
      4.116      0.016     2.8685     28.565     42.241  30.530792     0.7700      8.044   114.1063 3.0951e+00    13.1243      4.038      5.856    11.2174 0.0000e+00
      4.120      0.017     2.8963     29.577     42.241  30.530291     0.7696      8.043   114.8048 3.0922e+00    12.8924      4.041      5.861    11.1861 0.0000e+00
      4.122      0.017     2.9556     30.586     42.206  30.506797     0.7953      8.041   115.4638 3.0838e+00    13.0379      4.042      5.863    11.1565 0.0000e+00
      4.126      0.017     3.0334     31.490     42.203  30.500476     0.7986      8.040   116.2243 3.0653e+00    13.0379      4.044      5.866    11.1416 0.0000e+00
      4.131      0.017     3.1343     32.188     42.242  30.517292     0.7672      8.040   116.9448 3.0511e+00    12.7565      4.050      5.874    11.1333 0.0000e+00
      4.136      0.018     3.2525     32.658     42.264  30.519804     0.7316      8.038   117.5504 3.0310e+00    12.4703      4.057      5.885    11.1343 0.0000e+00
