Data/DataNotYetUploadedToEDI/Raw_CTD/RawDownloads/060925_fcr30_S7809005.cnv
* Sea-Bird SBE19plus  Data File:
* FileName = C:\R\Reservoirs\Data\DataNotYetUploadedToEDI\Raw_CTD\RawDownloads\060925_fcr50_S7809_0005.hex
* Software version 2.8.0.119
* Temperature SN = 7809
* Conductivity SN = 7809
* System UpLoad Time = Jun 10 2025 13:10:08
* <ApplicationData>
* <Seaterm232>
# nquan = 15
# nvalues = 2000                        
# units = specified
# name 0 = depFM: Depth [fresh water, m]
# name 1 = dz/dtM: Descent Rate [m/s]
# name 2 = sbeox0Mg/L: Oxygen, SBE 43 [mg/l]
# name 3 = sbeox0PS: Oxygen, SBE 43 [% saturation]
# name 4 = specc: Specific Conductance [uS/cm]
# name 5 = c0uS/cm: Conductivity [uS/cm]
# name 6 = flECO-AFL: Fluorescence, WET Labs ECO-AFL/FL [mg/m^3]
# name 7 = ph: pH
# name 8 = orp: Oxidation Reduction Potential [mV]
# name 9 = par/sat/log: PAR/Logarithmic, Satlantic
# name 10 = turbWETntu0: Turbidity, WET Labs ECO [NTU]
# name 11 = prdM: Pressure, Strain Gauge [db]
# name 12 = prdE: Pressure, Strain Gauge [psi]
# name 13 = tv290C: Temperature [ITS-90, deg C]
# name 14 = flag:  0.000e+00
# span 0 =     -0.688,      5.424       
# span 1 =     -0.312,      0.219       
# span 2 =     0.0389,    17.9596       
# span 3 =      0.379,    202.623       
# span 4 =      1.272,     46.636       
# span 5 =   1.135818,  39.822827       
# span 6 =    -1.5051,    42.7545       
# span 7 =      7.799,     11.713       
# span 8 =    53.2556,   397.4662       
# span 9 = 2.3277e-01, 2.8516e+03       
# span 10 =     2.2671,   931.8984      
# span 11 =     -0.675,      5.319      
# span 12 =     -0.979,      7.715      
# span 13 =    10.4937,    25.9477      
# span 14 = 0.0000e+00, 0.0000e+00      
# interval = seconds: 0.25
# start_time = Jun 09 2025 13:06:43 [Instrument's time stamp, header]
# bad_flag = -9.990e-29
*END*
[from data line 1928]
      0.572     -0.260    11.8930    133.969     35.588  29.887978    14.1337      9.876   168.1811 1.8121e+02     9.4484      0.549      0.795    16.7708 0.0000e+00
      0.490     -0.270    12.5398    132.652     35.770  30.148826    14.1050      9.963   160.1502 1.9081e+02     9.5002      0.463      0.670    16.9012 0.0000e+00
      0.449     -0.263    12.9479    131.177     35.460  30.032535    14.0410     10.059   152.5275 1.9727e+02     9.5609      0.435      0.630    16.8657 0.0000e+00
      0.418     -0.236    13.0685    130.357     34.925  29.687323    13.9090     10.154   145.9653 2.0759e+02     9.6369      0.426      0.619    16.8546 0.0000e+00
      0.354     -0.198    12.9897    130.348     34.832  29.590672    13.8489     10.237   145.1639 2.2829e+02     9.7348      0.362      0.526    16.9811 0.0000e+00
      0.265     -0.162    12.7989    130.991     35.041  29.688526    13.8726     10.293   147.5706 2.4737e+02     9.7881      0.245      0.354    17.1040 0.0000e+00
      0.205     -0.128    12.5526    131.924     35.139  29.728587    13.8867     10.331   147.8759 2.5509e+02     9.7015      0.181      0.262    17.3518 0.0000e+00
      0.191     -0.088    12.4133    132.281     34.963  29.567542    14.0952     10.378   146.1022 2.6064e+02     9.5748      0.182      0.265    17.5995 0.0000e+00
      0.198     -0.041    12.4464    131.506     34.653  29.263685    14.5206     10.447   144.3653 2.6051e+02     9.5547      0.194      0.283    17.5033 0.0000e+00
      0.207      0.001    12.5544    129.721     34.600  29.099290    14.7691     10.523   143.6535 2.5011e+02     9.6289      0.204      0.296    17.3192 0.0000e+00
      0.214      0.022    12.6992    127.048     34.872  29.165459    14.7934     10.592   143.8620 2.3049e+02     9.7210      0.209      0.305    17.2800 0.0000e+00
      0.219      0.022    12.7531    123.519     35.158  29.302354    14.4656     10.644   144.8225 2.0329e+02     9.7804      0.215      0.312    17.2917 0.0000e+00
      0.226      0.004    12.6668    119.181     35.382  29.485745    13.8265     10.672   145.3718 1.7883e+02     9.8681      0.219      0.318    17.2694 0.0000e+00
      0.236     -0.026    12.5436    114.124     35.738  29.860500    13.4755     10.687   144.3941 1.6430e+02     9.9618      0.232      0.335    17.0839 0.0000e+00
      0.240     -0.069    12.3664    109.105     36.471  30.661975    13.4092     10.704   143.0686 1.6304e+02     9.9568      0.244      0.354    16.7719 0.0000e+00
      0.225     -0.115    12.0600    105.664     37.101  31.564435    12.9744     10.726   141.4766 1.9164e+02     9.8758      0.229      0.333    16.6063 0.0000e+00
      0.185     -0.152    11.6353    105.042     36.779  31.828139    12.1559     10.746   139.1692 3.2979e+02     9.7673      0.188      0.274    16.6379 0.0000e+00
      0.122     -0.172    11.1011    107.417     35.938  31.630893    11.7103     10.763   137.6267 5.2155e+02     9.8073      0.127      0.184    16.7302 0.0000e+00
      0.047     -0.171    10.5010    112.167     35.473  31.590893    11.7143     10.779   136.9367 5.5397e+02     9.9842      0.042      0.059    16.9288 0.0000e+00
     -0.014     -0.148    10.0207    118.792     35.291  31.662171    11.9638     10.796   135.7313 4.6832e+02    10.0609     -0.030     -0.043    17.4185 0.0000e+00
     -0.045     -0.110     9.7781    126.572     35.251  31.795192    12.3713     10.816   133.9794 4.1870e+02     9.9835     -0.052     -0.075    18.2834 0.0000e+00
     -0.054     -0.066     9.8654    133.950     35.511  32.184443    12.5631     10.833   132.8759 4.0385e+02     9.8334     -0.055     -0.080    19.1321 0.0000e+00
     -0.054     -0.026    10.2256    139.859     35.828  32.689353    12.5771     10.843   132.2833 3.9877e+02     9.8184     -0.056     -0.081    19.5819 0.0000e+00
     -0.050     -0.000    10.7722    144.178     35.990  33.142373    12.5661     10.846   131.0305 3.9075e+02     9.9049     -0.048     -0.070    19.8780 0.0000e+00
     -0.045      0.008    11.5023    146.973     35.973  33.475209    12.4874     10.847   128.9990 3.7796e+02     9.8196     -0.044     -0.064    20.1182 0.0000e+00
     -0.040      0.002    12.1705    148.408     35.745  33.605480    12.4242     10.850   127.1652 3.8330e+02     9.6409     -0.040     -0.058    20.2636 0.0000e+00
     -0.035     -0.014    12.6194    148.719     35.272  33.449107    12.4094     10.856   126.2390 4.7401e+02     9.5549     -0.033     -0.048    20.5645 0.0000e+00
     -0.034     -0.034    12.8971    148.185     34.728  33.107529    12.3340     10.868   125.5438 7.5652e+02     9.5309     -0.029     -0.042    21.0189 0.0000e+00
     -0.044     -0.059    13.0076    146.892     34.548  32.965034    11.6538     10.884   124.4382 9.0391e+02     9.5900     -0.037     -0.054    21.5257 0.0000e+00
     -0.067     -0.086    13.0031    144.860     34.770  33.121958    10.4190     10.903   123.1962 6.3411e+02     9.6549     -0.064     -0.092    22.0271 0.0000e+00
     -0.096     -0.111    12.9092    142.676     35.120  33.418763     9.7220     10.922   121.9707 3.9646e+02     9.5981     -0.095     -0.138    22.4690 0.0000e+00
     -0.128     -0.128    12.7863    141.048     35.385  33.698754     9.6356     10.939   120.6328 3.9501e+02     9.5518     -0.123     -0.179    22.7574 0.0000e+00
     -0.167     -0.135    12.6911    140.283     35.460  33.842770     9.6074     10.957   119.3241 5.1652e+02     9.6074     -0.160     -0.233    22.7481 0.0000e+00
     -0.210     -0.134    12.5217    140.289     35.581  34.018190     9.5890     10.976   118.2785 6.8341e+02     9.7241     -0.208     -0.302    22.6058 0.0000e+00
     -0.249     -0.126    12.3248    140.755     35.818  34.297166     9.5718     10.992   117.3689 9.7735e+02     9.7335     -0.249     -0.360    22.5334 0.0000e+00
     -0.279     -0.118    12.1681    141.808     35.909  34.487818     9.5159     11.002   116.4994 1.7145e+03     9.5844     -0.275     -0.399    22.5810 0.0000e+00
     -0.304     -0.118    12.0646    143.706     35.874  34.610494     9.2378     11.005   115.4237 2.5269e+03     9.5604     -0.299     -0.434    22.7322 0.0000e+00
     -0.324     -0.132    12.0676    146.025     35.801  34.702086     8.7643     11.002   114.1711 2.8516e+03     9.7169     -0.321     -0.465    22.8149 0.0000e+00
     -0.343     -0.158    12.0978    148.005     35.676  34.707255     8.4933     10.993   111.3347 2.6902e+03     9.8027     -0.332     -0.481    22.8300 0.0000e+00
     -0.376     -0.188    12.1294    148.817     35.516  34.609738     8.3830     10.987   108.5754 2.5137e+03     9.7102     -0.357     -0.518    22.9870 0.0000e+00
     -0.435     -0.207    12.2598    147.930     35.233  34.347881     7.6301     10.986   108.1693 2.6887e+03     9.4176     -0.419     -0.608    23.2331 0.0000e+00
     -0.516     -0.209    12.4215    145.648     34.033  33.190751     6.3066     10.987   106.5962 2.7922e+03     9.1347     -0.504     -0.731    23.4737 0.0000e+00
     -0.600     -0.192    12.5656    142.563     26.660  26.011597     5.6148     10.990   105.2138 2.6595e+03     9.0558     -0.599     -0.868    23.6815 0.0000e+00
     -0.658     -0.158    12.6474    139.163     14.010  13.676092     5.5160     10.992   106.6838 2.5484e+03     8.9085     -0.661     -0.959    23.7424 0.0000e+00
     -0.682     -0.112    12.5547    136.142      6.876   6.720314     5.0708     10.994   108.7972 2.4317e+03     8.1395     -0.674     -0.976    23.7293 0.0000e+00
     -0.686     -0.065    12.3366    134.401      5.683   5.558157     4.3027     10.994   110.0307 2.2787e+03     6.9990     -0.673     -0.977    23.7565 0.0000e+00
     -0.686     -0.028    12.0586    134.162      5.058   4.946347     3.9027     10.989   110.4991 2.1305e+03     6.6655     -0.674     -0.976    23.7840 0.0000e+00
     -0.686     -0.008    11.7459    134.719      4.816   4.707950     3.8796     10.981   110.9329 1.9340e+03     8.5816     -0.673     -0.975    23.8256 0.0000e+00
     -0.686     -0.001    11.4405    135.328      4.880   4.766407     3.7574     10.975   111.5768 1.7021e+03    29.8931     -0.673     -0.976    23.8887 0.0000e+00
     -0.686 -6.438e-10    11.2767    135.538      5.275   5.146337     2.4086     10.965   112.4334 1.5700e+03   265.7076     -0.673     -0.975    23.9111 0.0000e+00
     -0.686 -7.082e-09    11.2953    135.234      5.774   5.627110    -0.0441     10.945   113.4607 1.5288e+03   698.0155     -0.673     -0.975    23.8997 0.0000e+00
     -0.686 -7.790e-08    11.3658    134.512      7.225   7.031551    -1.3956     10.920   114.4471 1.5025e+03   931.8984     -0.673     -0.976    23.8745 0.0000e+00
     -0.686 -7.790e-08    11.4403    133.349     10.575  10.277996    -1.5051     10.914   115.0679 1.4553e+03   931.7869     -0.672     -0.975    23.8353 0.0000e+00
     -0.686 -7.085e-09    11.4729    131.754     12.288  11.929672    -1.1016     10.936   115.1162 1.3514e+03   697.4874     -0.673     -0.976    23.7866 0.0000e+00
     -0.686 -6.440e-10    11.4495    129.869     14.260  13.822123    -0.3462     10.966   114.9448 1.2249e+03   264.5399     -0.672     -0.975    23.7296 0.0000e+00
     -0.686 -5.855e-11    11.4067    127.809     22.009  21.301797     0.0547     10.987   114.9743 1.1389e+03    28.2307     -0.673     -0.975    23.6707 0.0000e+00
     -0.685 -5.320e-12    11.3221    125.669     30.009  29.013914     0.1005     11.000   115.2152 1.1054e+03     6.7178     -0.672     -0.975    23.6059 0.0000e+00
     -0.685 -4.838e-13    11.1940    123.516     32.805  31.678528     0.1906     11.007   115.5334 1.1164e+03     5.0103     -0.672     -0.975    23.5375 0.0000e+00
     -0.685 -4.398e-14    11.0454    121.382     33.135  31.955898     0.3619     11.012   115.7253 1.1445e+03     5.2619     -0.672     -0.975    23.4736 0.0000e+00
     -0.685 -3.998e-15    10.8795    119.315     33.211  31.986892     0.4487     11.015   115.7287 1.1540e+03     5.3880     -0.672     -0.975    23.4105 0.0000e+00
     -0.685 -3.634e-16    10.7084    117.348     33.193  31.926337     0.4240     11.016   115.4887 1.1438e+03     5.2027     -0.673     -0.975    23.3439 0.0000e+00
     -0.685 -3.304e-17    10.5381    115.479     33.165  31.858044     0.3716     11.017   115.0599 1.1312e+03     4.3881     -0.672     -0.975    23.2788 0.0000e+00
     -0.685 -3.004e-18    10.3659    113.737     33.142  31.795477     0.3059     11.019   114.7603 1.1262e+03     3.0879     -0.672     -0.975    23.2165 0.0000e+00
     -0.685 -2.731e-19    10.2011    112.223     33.123  31.740725     0.2793     11.019   114.7922 1.1276e+03     2.4959     -0.672     -0.975    23.1516 0.0000e+00
     -0.685 -2.483e-20    10.0451    110.976     33.121  31.703479     0.2660     11.019   114.9293 1.1351e+03     2.4567     -0.672     -0.975    23.0859 0.0000e+00
     -0.685 -2.257e-21     9.8983    109.953     33.111  31.662266     0.2284     11.019   114.8693 1.1451e+03     2.4776     -0.672     -0.975    23.0235 0.0000e+00
     -0.686 -2.068e-22     9.7536    109.123     33.101  31.622997     0.1657     11.019   114.5833 1.1405e+03     2.8171     -0.673     -0.975    22.9613 0.0000e+00
     -0.686 -3.730e-23     9.6348    108.753     33.101  31.609258     0.1233     11.019   114.3960 1.1266e+03     3.0768     -0.673     -0.975    22.9061 0.0000e+00
     -0.686 -9.990e-29     9.5367 -9.990e-29 -9.990e-29 -9.990e-29 -9.990e-29 -9.990e-29 -9.990e-29 1.1270e+03 -9.990e-29     -0.672     -0.974    22.8534 0.0000e+00
     -0.686 -9.990e-29     9.4622 -9.990e-29 -9.990e-29 -9.990e-29 -9.990e-29 -9.990e-29 -9.990e-29 1.1429e+03 -9.990e-29     -0.673     -0.975    22.8077 0.0000e+00
     -0.685 -9.990e-29     9.3927 -9.990e-29 -9.990e-29 -9.990e-29 -9.990e-29 -9.990e-29 -9.990e-29 1.1590e+03 -9.990e-29     -0.672     -0.974    22.7562 0.0000e+00
     -0.685 -9.990e-29     9.3447 -9.990e-29 -9.990e-29 -9.990e-29 -9.990e-29 -9.990e-29 -9.990e-29 1.1650e+03 -9.990e-29     -0.672     -0.975    22.7208 0.0000e+00
