Data/DataNotYetUploadedToEDI/Raw_CTD/RawDownloads/060925_fcr30_S7809005.cnv
* Sea-Bird SBE19plus  Data File:
* FileName = C:\R\Reservoirs\Data\DataNotYetUploadedToEDI\Raw_CTD\RawDownloads\060925_fcr50_S7809_0005.hex
* Software version 2.8.0.119
* Temperature SN = 7809
* Conductivity SN = 7809
* System UpLoad Time = Jun 10 2025 13:10:08
* <ApplicationData>
* <Seaterm232>
# nquan = 15
# nvalues = 2000                        
# units = specified
# name 0 = depFM: Depth [fresh water, m]
# name 1 = dz/dtM: Descent Rate [m/s]
# name 2 = sbeox0Mg/L: Oxygen, SBE 43 [mg/l]
# name 3 = sbeox0PS: Oxygen, SBE 43 [% saturation]
# name 4 = specc: Specific Conductance [uS/cm]
# name 5 = c0uS/cm: Conductivity [uS/cm]
# name 6 = flECO-AFL: Fluorescence, WET Labs ECO-AFL/FL [mg/m^3]
# name 7 = ph: pH
# name 8 = orp: Oxidation Reduction Potential [mV]
# name 9 = par/sat/log: PAR/Logarithmic, Satlantic
# name 10 = turbWETntu0: Turbidity, WET Labs ECO [NTU]
# name 11 = prdM: Pressure, Strain Gauge [db]
# name 12 = prdE: Pressure, Strain Gauge [psi]
# name 13 = tv290C: Temperature [ITS-90, deg C]
# name 14 = flag:  0.000e+00
# span 0 =     -0.688,      5.424       
# span 1 =     -0.312,      0.219       
# span 2 =     0.0389,    17.9596       
# span 3 =      0.379,    202.623       
# span 4 =      1.272,     46.636       
# span 5 =   1.135818,  39.822827       
# span 6 =    -1.5051,    42.7545       
# span 7 =      7.799,     11.713       
# span 8 =    53.2556,   397.4662       
# span 9 = 2.3277e-01, 2.8516e+03       
# span 10 =     2.2671,   931.8984      
# span 11 =     -0.675,      5.319      
# span 12 =     -0.979,      7.715      
# span 13 =    10.4937,    25.9477      
# span 14 = 0.0000e+00, 0.0000e+00      
# interval = seconds: 0.25
# start_time = Jun 09 2025 13:06:43 [Instrument's time stamp, header]
# bad_flag = -9.990e-29
*END*
[from data line 1832]
      5.207     -0.142     8.5068     77.866     40.378  28.722023     1.2221      7.802   251.5122 5.0705e-01    62.7481      5.102      7.399    10.5546 0.0000e+00
      5.205     -0.139     8.5439     78.228     40.383  28.728410     1.2194      7.801   251.5562 5.2397e-01    61.2136      5.118      7.423    10.5654 0.0000e+00
      5.176     -0.125     8.5877     78.568     40.427  28.759535     1.1124      7.800   251.6608 5.8306e-01    50.9980      5.090      7.383    10.5671 0.0000e+00
      5.114     -0.109     8.6336     78.839     40.463  28.781208     0.9264      7.800   251.7449 6.4306e-01    32.3846      5.015      7.274    10.5626 0.0000e+00
      5.052     -0.098     8.6727     79.021     40.501  28.800165     0.8359      7.800   251.8853 6.6836e-01    22.3972      4.939      7.163    10.5629 0.0000e+00
      5.027     -0.094     8.7128     79.129     40.509  28.798443     0.8580      7.800   252.0670 6.4700e-01    22.5062      4.915      7.129    10.5683 0.0000e+00
      5.036     -0.105     8.7532     79.199     40.462  28.760387     0.8699      7.800   252.1348 6.1399e-01    32.3357      4.938      7.163    10.5699 0.0000e+00
      5.051     -0.138     8.7851     79.282     40.405  28.720600     0.8384      7.799   252.2751 6.0135e-01    50.3817      4.960      7.193    10.5642 0.0000e+00
      5.043     -0.183     8.8069     79.388     40.366  28.697963     0.8093      7.799   252.4732 6.3206e-01    60.1320      4.964      7.199    10.5528 0.0000e+00
      4.985     -0.228     8.8199     79.502     40.328  28.676985     0.8177      7.799   252.4642 7.4866e-01    60.0110      4.914      7.127    10.5418 0.0000e+00
      4.870     -0.264     8.8266     79.618     40.292  28.657255     0.8156      7.800   252.5973 9.3885e-01    48.4070      4.781      6.934    10.5345 0.0000e+00
      4.745     -0.289     8.8347     79.724     40.275  28.649698     0.7502      7.801   252.9642 1.1044e+00    26.8155      4.633      6.719    10.5362 0.0000e+00
      4.665     -0.295     8.8471     79.803     40.270  28.649050     0.6837      7.802   253.1138 1.1729e+00    14.9735      4.554      6.605    10.5443 0.0000e+00
      4.629     -0.274     8.8567     79.820     40.266  28.649435     0.6781      7.803   253.1166 1.2229e+00    13.8882      4.544      6.591    10.5527 0.0000e+00
      4.589     -0.230     8.8697     79.761     40.268  28.654359     0.7080      7.804   253.1696 1.3824e+00    13.0096      4.520      6.557    10.5602 0.0000e+00
      4.514     -0.183     8.8801     79.638     40.253  28.645153     0.7286      7.806   253.2376 1.6189e+00    11.3189      4.429      6.424    10.5651 0.0000e+00
      4.436     -0.146     8.8901     79.409     40.188  28.601560     0.7106      7.807   253.4229 1.7660e+00    10.2871      4.331      6.281    10.5687 0.0000e+00
      4.398     -0.126     8.8931     79.072     40.140  28.571281     0.6726      7.807   253.6899 1.7652e+00    10.1668      4.300      6.235    10.5729 0.0000e+00
      4.395     -0.125     8.8816     78.664     40.168  28.596211     0.6531      7.806   253.7978 1.7160e+00    10.1716      4.308      6.248    10.5770 0.0000e+00
      4.404     -0.149     8.8727     78.204     40.236  28.649276     0.6331      7.806   253.8670 1.6871e+00    10.1057      4.320      6.264    10.5794 0.0000e+00
      4.401     -0.194     8.8455     77.684     40.309  28.705461     0.6049      7.806   254.0975 1.7573e+00    10.0539      4.331      6.282    10.5815 0.0000e+00
      4.355     -0.242     8.8047     77.074     40.387  28.768104     0.5950      7.807   254.3473 2.0584e+00    10.0571      4.297      6.234    10.5868 0.0000e+00
      4.246     -0.272     8.7577     76.392     40.467  28.835834     0.5974      7.808   254.5638 2.5600e+00    10.1793      4.177      6.059    10.5941 0.0000e+00
      4.107     -0.271     8.7049     75.710     40.614  28.953513     0.6422      7.808   254.7365 3.0073e+00    11.2243      4.014      5.822    10.5990 0.0000e+00
      3.999     -0.237     8.6491     75.074     40.904  29.176085     0.7118      7.808   254.7143 3.1801e+00    12.9564      3.893      5.647    10.6032 0.0000e+00
      3.954     -0.180     8.5786     74.426     41.144  29.370296     0.7225      7.809   254.8121 3.1249e+00    13.7689      3.862      5.602    10.6106 0.0000e+00
      3.955     -0.126     8.4966     73.641     41.142  29.398795     0.7220      7.809   255.2298 3.0166e+00    13.8739      3.878      5.624    10.6253 0.0000e+00
      3.967     -0.111     8.4143     72.577     41.006  29.330410     0.7564      7.809   255.3771 2.9448e+00    14.3287      3.891      5.644    10.6420 0.0000e+00
      3.973     -0.147     8.3434     71.081     40.941  29.304667     0.7724      7.809   255.2163 2.9514e+00    14.9300      3.901      5.659    10.6584 0.0000e+00
      3.956     -0.216     8.2719     69.017     41.057  29.404715     0.7567      7.809   255.1785 3.1328e+00    15.1330      3.898      5.654    10.6856 0.0000e+00
      3.887     -0.280     8.1814     66.382     41.184  29.525199     0.7413      7.809   255.1783 3.5919e+00    15.0405      3.837      5.565    10.7266 0.0000e+00
      3.761     -0.312     8.0627     63.392     41.168  29.556255     0.7859      7.810   255.0421 4.2982e+00    14.8703      3.696      5.361    10.7665 0.0000e+00
      3.615     -0.307     7.8982     60.334     41.164  29.589955     0.8804      7.811   254.9082 4.9763e+00    14.6127      3.529      5.118    10.7900 0.0000e+00
      3.505     -0.265     7.6702     57.376     41.251  29.678975     0.9189      7.812   254.8501 5.3228e+00    14.4187      3.411      4.947    10.8002 0.0000e+00
      3.457     -0.200     7.3613     54.489     41.288  29.744565     0.8930      7.814   254.9420 5.3930e+00    14.3010      3.376      4.898    10.8327 0.0000e+00
      3.451     -0.143     7.0076     51.694     41.218  29.748705     0.8997      7.815   255.1593 5.3847e+00    14.0432      3.382      4.905    10.9002 0.0000e+00
      3.458     -0.128     6.6535     49.147     41.134  29.729104     0.9751      7.815   255.1539 5.3628e+00    13.6934      3.391      4.918    10.9486 0.0000e+00
      3.461     -0.160     6.3291     46.729     41.158  29.761352     1.0472      7.815   254.9626 5.4448e+00    13.4874      3.400      4.932    10.9626 0.0000e+00
      3.440     -0.219     6.0087     44.183     41.314  29.884898     1.0476      7.815   254.7386 5.9478e+00    13.3635      3.395      4.924    11.0055 0.0000e+00
      3.365     -0.269     5.6718     41.486     41.460  30.017671     1.0131      7.817   254.5109 7.1303e+00    13.2886      3.324      4.821    11.0936 0.0000e+00
      3.237     -0.291     5.3939     38.843     41.513  30.098063     1.0541      7.819   254.2747 8.8232e+00    13.0591      3.176      4.608    11.1499 0.0000e+00
      3.105     -0.279     5.1428     36.588     41.538  30.159187     1.1775      7.821   254.0338 1.0359e+01    12.6039      3.025      4.388    11.1547 0.0000e+00
      3.016     -0.235     4.8612     34.942     41.605  30.249292     1.2569      7.822   253.8349 1.1106e+01    12.3288      2.936      4.257    11.1554 0.0000e+00
      2.982     -0.171     4.5539     33.781     41.698  30.362911     1.2478      7.823   253.5905 1.1199e+01    12.2607      2.915      4.227    11.1903 0.0000e+00
      2.980     -0.117     4.2425     32.824     41.662  30.391167     1.1927      7.825   253.4880 1.1141e+01    12.6337      2.922      4.238    11.2520 0.0000e+00
      2.985     -0.105     3.9784     31.849     41.518  30.337264     1.1321      7.827   253.6282 1.1149e+01    13.4917      2.929      4.248    11.3020 0.0000e+00
      2.987     -0.141     3.8019     30.624     41.488  30.345575     1.1054      7.829   253.8234 1.1383e+01    14.0266      2.933      4.255    11.3475 0.0000e+00
      2.969     -0.204     3.6852     29.000     41.582  30.428260     1.1530      7.832   254.0406 1.2358e+01    14.0114      2.928      4.247    11.3990 0.0000e+00
      2.905     -0.261     3.5792     27.027     41.666  30.512371     1.5744      7.836   254.1041 1.4583e+01    13.2059      2.870      4.163    11.4693 0.0000e+00
      2.791     -0.291     3.4785     24.919     41.728  30.601361     2.3216      7.839   253.9886 1.7773e+01    11.8702      2.744      3.981    11.5462 0.0000e+00
      2.661     -0.287     3.3494     22.998     41.751  30.679607     2.7470      7.843   253.9336 2.0816e+01    11.2516      2.599      3.768    11.5773 0.0000e+00
      2.558     -0.251     3.1693     21.563     41.682  30.697292     2.7975      7.848   253.7842 2.2521e+01    11.1922      2.487      3.607    11.5796 0.0000e+00
      2.508     -0.191     2.9453     20.698     41.583  30.688389     2.8819      7.852   253.5587 2.2779e+01    11.1182      2.446      3.547    11.6037 0.0000e+00
      2.496     -0.136     2.6993     20.266     41.520  30.698898     3.0681      7.856   253.6172 2.2478e+01    11.1759      2.445      3.547    11.6564 0.0000e+00
      2.499     -0.115     2.4729     20.067     41.458  30.697552     3.2021      7.860   253.9752 2.2215e+01    11.3089      2.450      3.553    11.7354 0.0000e+00
      2.502     -0.139     2.3085     19.880     41.379  30.672165     3.2784      7.864   254.5312 2.2232e+01    11.3942      2.456      3.562    11.8240 0.0000e+00
      2.489     -0.192     2.2200     19.498     41.309  30.645721     3.5319      7.869   255.2629 2.3429e+01    11.2508      2.459      3.566    11.8997 0.0000e+00
      2.431     -0.244     2.1762     18.843     41.262  30.631592     3.9541      7.875   255.9399 2.6564e+01    10.9068      2.407      3.490    11.9707 0.0000e+00
      2.323     -0.273     2.1605     17.995     41.218  30.628235     4.2041      7.881   256.2625 3.0658e+01    10.7888      2.283      3.311    12.0261 0.0000e+00
      2.199     -0.271     2.1479     17.113     41.097  30.605159     4.2666      7.888   256.2385 3.4200e+01    10.9164      2.147      3.114    12.0620 0.0000e+00
      2.102     -0.237     2.1084     16.415     40.870  30.542961     4.4177      7.895   255.9944 3.6309e+01    10.9134      2.042      2.962    12.0936 0.0000e+00
      2.052     -0.182     2.0326     16.077     40.576  30.447246     6.1063      7.901   255.0310 3.6801e+01    10.7175      1.997      2.897    12.1169 0.0000e+00
      2.041     -0.131     1.9351     16.057     40.244  30.336096     9.2447      7.909   253.4535 3.6551e+01    10.5633      1.998      2.898    12.1303 0.0000e+00
      2.046     -0.110     1.8294     16.237     39.974  30.277595    10.9777      7.918   252.9235 3.6362e+01    10.5860      2.007      2.910    12.2097 0.0000e+00
      2.048     -0.130     1.7370     16.538     39.859  30.310995    11.1208      7.926   254.0431 3.6577e+01    10.6851      2.014      2.920    12.3638 0.0000e+00
      2.032     -0.175     1.7013     16.913     39.838  30.359462    10.6172      7.936   255.7201 3.8297e+01    10.7366      2.008      2.912    12.5089 0.0000e+00
      1.976     -0.221     1.6971     17.418     39.822  30.356217     9.6247      7.952   256.8519 4.2233e+01    10.6964      1.955      2.836    12.6803 0.0000e+00
      1.879     -0.250     1.7103     18.136     39.716  30.271763     9.0749      7.980   256.9733 4.7284e+01    10.5750      1.847      2.678    12.8794 0.0000e+00
      1.770     -0.261     1.7399     19.039     39.449  30.099542     9.1127      8.017   255.8972 5.1767e+01    10.5328      1.725      2.502    13.0486 0.0000e+00
      1.686     -0.258     1.7720     20.041     39.020  29.859772    10.0818      8.061   254.1655 5.4445e+01    10.4258      1.637      2.374    13.1310 0.0000e+00
      1.641     -0.243     1.8213     21.130     38.563  29.656407    11.8279      8.106   252.8129 5.5506e+01    10.0324      1.602      2.323    13.1153 0.0000e+00
      1.616     -0.216     1.8993     22.414     38.257  29.607259    12.7634      8.150   251.5882 5.7031e+01     9.7385      1.593      2.310    13.0894 0.0000e+00
      1.576     -0.184     1.9983     24.101     37.922  29.519480    12.9027      8.189   250.1129 6.0814e+01     9.7078      1.561      2.263    13.1197 0.0000e+00
      1.508     -0.156     2.0978     26.503     37.445  29.293014    13.5868      8.226   248.8276 6.5601e+01     9.6267      1.480      2.145    13.2354 0.0000e+00
      1.441     -0.131     2.1999     30.013     37.059  29.152749    14.8096      8.287   247.2328 6.8480e+01     9.3729      1.396      2.025    13.4219 0.0000e+00
      1.407     -0.111     2.3093     34.724     36.821  29.155792    15.4522      8.387   244.5968 6.9029e+01     9.1321      1.368      1.984    13.7052 0.0000e+00
      1.404     -0.099     2.4650     40.500     36.639  29.203172    15.4974      8.506   241.8205 6.8786e+01     9.1069      1.374      1.994    13.9455 0.0000e+00
      1.409     -0.104     2.6814     47.455     36.483  29.218412    15.5217      8.608   240.0790 6.8607e+01     9.1709      1.384      2.007    14.0915 0.0000e+00
      1.407     -0.131     3.0250     55.768     36.403  29.213365    15.5462      8.687   239.1147 6.9839e+01     9.1200      1.388      2.013    14.3171 0.0000e+00
      1.379     -0.167     3.5009     64.964     36.393  29.205651    15.5534      8.764   237.8179 7.4192e+01     9.0043      1.369      1.985    14.5812 0.0000e+00
      1.312     -0.196     4.0540     73.739     36.387  29.188570    15.5419      8.855   236.0154 8.1218e+01     8.8988      1.299      1.883    14.8764 0.0000e+00
      1.217     -0.209     4.7233     80.869     36.398  29.197107    15.4904      8.965   233.6676 8.8557e+01     8.8349      1.189      1.725    15.0894 0.0000e+00
      1.134     -0.211     5.5616     85.725     36.453  29.245449    15.1722      9.084   230.6830 9.3518e+01     8.9824      1.097      1.590    15.1481 0.0000e+00
      1.089     -0.208     6.5515     88.214     36.582  29.392484    14.5987      9.196   227.8055 9.5404e+01     9.2482      1.058      1.533    15.1272 0.0000e+00
      1.072     -0.200     7.4828     88.724     36.525  29.516030    14.2662      9.296   224.4296 9.6793e+01     9.3159      1.052      1.526    15.0919 0.0000e+00
      1.051     -0.187     8.2177     87.990     36.121  29.470819    14.2565      9.391   220.5815 1.0113e+02     9.2891      1.044      1.514    15.1072 0.0000e+00
      0.999     -0.171     8.7109     87.054     35.978  29.607378    14.6062      9.472   218.4476 1.0971e+02     9.2995      0.993      1.441    15.1061 0.0000e+00
      0.919     -0.154     8.9474     87.464     36.120  29.898813    15.2571      9.524   218.1600 1.1955e+02     9.3048      0.897      1.300    15.0953 0.0000e+00
      0.848     -0.133     8.9295     90.717     35.843  29.823167    15.6016      9.552   218.0505 1.2596e+02     9.2849      0.812      1.177    15.3188 0.0000e+00
      0.821     -0.104     8.7258     96.892     35.349  29.517567    15.6078      9.569   216.4350 1.2806e+02     9.1964      0.791      1.149    15.8358 0.0000e+00
      0.826     -0.079     8.5151    104.915     35.246  29.438962    15.6655      9.588   211.3607 1.2856e+02     9.0875      0.812      1.177    16.2017 0.0000e+00
      0.836     -0.076     8.4505    113.641     35.352  29.507072    15.8250      9.618   204.5360 1.2976e+02     9.0963      0.824      1.195    16.3651 0.0000e+00
      0.836     -0.107     8.7265    121.909     35.168  29.389591    15.9370      9.655   198.6198 1.3227e+02     9.2347      0.822      1.194    16.6223 0.0000e+00
      0.821     -0.161     9.3409    128.535     34.907  29.223739    15.9046      9.696   191.7954 1.3791e+02     9.2573      0.815      1.183    16.8240 0.0000e+00
      0.773     -0.210    10.1604    132.647     35.034  29.341322    15.4171      9.746   184.4008 1.4976e+02     9.1985      0.777      1.127    16.7746 0.0000e+00
