Data/DataNotYetUploadedToEDI/Raw_CTD/RawDownloads/060925_fcr40_S7809006.cnv
* Sea-Bird SBE19plus  Data File:
* FileName = C:\R\Reservoirs\Data\DataNotYetUploadedToEDI\Raw_CTD\RawDownloads\060925_fcr50_S7809_0006.hex
* Software version 2.8.0.119
* Temperature SN = 7809
* Conductivity SN = 7809
* System UpLoad Time = Jun 10 2025 13:11:13
* <ApplicationData>
* <Seaterm232>
# nquan = 15
# nvalues = 2551                        
# units = specified
# name 0 = depFM: Depth [fresh water, m]
# name 1 = dz/dtM: Descent Rate [m/s]
# name 2 = sbeox0Mg/L: Oxygen, SBE 43 [mg/l]
# name 3 = sbeox0PS: Oxygen, SBE 43 [% saturation]
# name 4 = specc: Specific Conductance [uS/cm]
# name 5 = c0uS/cm: Conductivity [uS/cm]
# name 6 = flECO-AFL: Fluorescence, WET Labs ECO-AFL/FL [mg/m^3]
# name 7 = ph: pH
# name 8 = orp: Oxidation Reduction Potential [mV]
# name 9 = par/sat/log: PAR/Logarithmic, Satlantic
# name 10 = turbWETntu0: Turbidity, WET Labs ECO [NTU]
# name 11 = prdM: Pressure, Strain Gauge [db]
# name 12 = prdE: Pressure, Strain Gauge [psi]
# name 13 = tv290C: Temperature [ITS-90, deg C]
# name 14 = flag:  0.000e+00
# span 0 =     -0.687,      5.536       
# span 1 =     -0.517,      0.178       
# span 2 =     0.0276,    17.9191       
# span 3 =      0.285,    204.436       
# span 4 =      1.717,     43.523       
# span 5 =   1.497385,  40.452185       
# span 6 =    -0.7116,    46.1727       
# span 7 =      7.810,     11.700       
# span 8 =    68.2453,   261.2634       
# span 9 = 1.2360e-01, 2.9282e+03       
# span 10 =    -0.1614,   503.1115      
# span 11 =     -0.676,      5.430      
# span 12 =     -0.979,      7.875      
# span 13 =    10.5038,    26.2485      
# span 14 = 0.0000e+00, 0.0000e+00      
# interval = seconds: 0.25
# start_time = Jun 09 2025 13:18:37 [Instrument's time stamp, header]
# bad_flag = -9.990e-29
*END*
[from data line 2217]
      5.321      0.021     9.2754     83.136     40.401  28.704991     0.7619      7.833   247.2236 1.2376e-01     9.3535      5.217      7.567    10.5216 0.0000e+00
      5.327      0.020     9.2593     83.141     40.401  28.705406     0.7663      7.833   247.3041 1.2375e-01     9.4597      5.225      7.578    10.5215 0.0000e+00
      5.333      0.020     9.2647     83.156     40.409  28.711683     0.7917      7.832   247.4225 1.2382e-01     9.5485      5.229      7.584    10.5212 0.0000e+00
      5.339      0.020     9.2704     83.183     40.417  28.717458     0.8032      7.831   247.6222 1.2386e-01     9.5043      5.235      7.593    10.5215 0.0000e+00
      5.344      0.019     9.2678     83.210     40.410  28.711805     0.7881      7.831   247.7387 1.2385e-01     9.3699      5.241      7.602    10.5222 0.0000e+00
      5.348      0.018     9.2700     83.236     40.402  28.706762     0.7593      7.831   247.7995 1.2382e-01     9.3583      5.244      7.606    10.5229 0.0000e+00
      5.351      0.018     9.2689     83.239     40.420  28.719910     0.7623      7.831   247.8415 1.2378e-01     9.4668      5.247      7.611    10.5236 0.0000e+00
      5.356      0.017     9.2756     83.232     40.453  28.743919     0.7837      7.831   247.9025 1.2381e-01     9.4866      5.251      7.618    10.5237 0.0000e+00
      5.361      0.017     9.2749     83.209     40.451  28.743333     0.8010      7.831   248.0205 1.2386e-01     9.4260      5.257      7.625    10.5232 0.0000e+00
      5.365      0.016     9.2827     83.145     40.409  28.712824     0.8303      7.831   248.1494 1.2388e-01     9.4505      5.261      7.631    10.5234 0.0000e+00
      5.369      0.016     9.2795     83.071     40.380  28.692188     0.8554      7.831   248.2563 1.2388e-01     9.5782      5.265      7.636    10.5248 0.0000e+00
      5.373      0.018     9.2787     83.005     40.370  28.684117     0.8791      7.831   248.2812 1.2383e-01     9.7405      5.270      7.643    10.5257 0.0000e+00
      5.377      0.021     9.2797     82.938     40.364  28.678663     0.8845      7.831   248.2780 1.2377e-01     9.8758      5.273      7.648    10.5262 0.0000e+00
      5.381      0.025     9.2681     82.881     40.383  28.689666     0.8617      7.831   248.3892 1.2376e-01     9.9508      5.276      7.652    10.5261 0.0000e+00
      5.386      0.027     9.2613     82.846     40.389  28.690289     0.8706      7.831   248.5940 1.2379e-01    10.0314      5.281      7.659    10.5249 0.0000e+00
      5.396      0.029     9.2536     82.808     40.387  28.686197     0.9087      7.831   248.6889 1.2382e-01    10.1675      5.291      7.673    10.5242 0.0000e+00
      5.408      0.029     9.2472     82.750     40.412  28.703611     0.9720      7.832   248.6761 1.2381e-01    10.4007      5.305      7.693    10.5236 0.0000e+00
      5.417      0.028     9.2385     82.641     40.422  28.710549     1.0448      7.832   248.6977 1.2374e-01    10.6657      5.315      7.708    10.5197 0.0000e+00
      5.422      0.026     9.2398     82.453     40.415  28.706661     1.0570      7.831   248.6915 1.2372e-01    10.7750      5.319      7.713    10.5138 0.0000e+00
      5.426      0.023     9.2352     82.233     40.431  28.720028     1.0612      7.831   248.6874 1.2377e-01    10.8684      5.320      7.715    10.5106 0.0000e+00
      5.430      0.021     9.2299     82.012     40.465  28.745304     1.1209      7.830   248.7339 1.2381e-01    11.3507      5.324      7.721    10.5102 0.0000e+00
      5.436      0.021     9.2211     81.798     40.483  28.758566     1.1878      7.829   248.7384 1.2381e-01    12.0976      5.330      7.730    10.5108 0.0000e+00
      5.442      0.021     9.1951     81.633     40.477  28.753524     1.2128      7.829   248.6554 1.2383e-01    12.5203      5.337      7.740    10.5124 0.0000e+00
      5.449      0.022     9.1696     81.543     40.469  28.747769     1.2318      7.828   248.5906 1.2385e-01    12.7042      5.344      7.751    10.5144 0.0000e+00
      5.455      0.022     9.1457     81.512     40.476  28.752403     1.4587      7.828   248.6429 1.2378e-01    13.9452      5.350      7.760    10.5163 0.0000e+00
      5.459      0.021     9.1183     81.487     40.466  28.746118     1.8503      7.829   248.7717 1.2372e-01    16.1506      5.354      7.765    10.5170 0.0000e+00
      5.463      0.019     9.0998     81.449     40.451  28.735210     2.0389      7.829   248.9427 1.2371e-01    17.3022      5.356      7.769    10.5161 0.0000e+00
      5.468      0.018     9.0897     81.413     40.470  28.747376     2.0820      7.828   249.0765 1.2371e-01    17.7238      5.362      7.777    10.5155 0.0000e+00
      5.474      0.017     9.0893     81.352     40.500  28.766357     2.5049      7.828   249.1848 1.2372e-01    21.4533      5.367      7.786    10.5158 0.0000e+00
      5.479      0.017     9.0880     81.270     40.514  28.774422     3.6976      7.828   249.3063 1.2372e-01    28.1328      5.373      7.793    10.5165 0.0000e+00
      5.483      0.016     9.0800     81.192     40.526  28.781455     5.0082      7.828   249.3400 1.2375e-01    31.7028      5.377      7.797    10.5165 0.0000e+00
      5.486      0.014     9.0807     81.112     40.536  28.787966     5.5506      7.828   249.4207 1.2377e-01    32.0298      5.379      7.802    10.5140 0.0000e+00
      5.489      0.012     9.0734     81.037     40.539  28.789706     5.7371      7.826   249.5935 1.2380e-01    33.2153      5.382      7.807    10.5108 0.0000e+00
      5.492      0.011     9.0626     80.967     40.558  28.802498     7.5454      7.826   249.7945 1.2385e-01    46.6175      5.387      7.811    10.5090 0.0000e+00
      5.495      0.010     9.0559     80.866     40.578  28.815771    10.8522      7.827   250.0453 1.2384e-01    71.1340      5.389      7.816    10.5079 0.0000e+00
      5.497      0.009     9.0464     80.731     40.589  28.823329    12.6602      7.828   250.1306 1.2383e-01    84.7187      5.390      7.818    10.5069 0.0000e+00
      5.499      0.008     9.0372     80.575     40.599  28.830448    13.0497      7.828   250.1368 1.2384e-01    88.8181      5.392      7.821    10.5060 0.0000e+00
      5.500      0.008     9.0329     80.387     40.610  28.838417    15.5617      7.827   250.2921 1.2382e-01   120.9725      5.394      7.823    10.5050 0.0000e+00
      5.502      0.008     9.0211     80.178     40.635  28.856256    20.1446      7.827   250.4598 1.2383e-01   179.8265      5.396      7.826    10.5044 0.0000e+00
      5.505      0.008     9.0045     79.971     40.632  28.855840    22.6504      7.826   250.5299 1.2383e-01   212.3282      5.398      7.829    10.5044 0.0000e+00
      5.507      0.008     8.9893     79.757     40.598  28.833390    22.9373      7.826   250.6239 1.2374e-01   220.2116      5.401      7.833    10.5045 0.0000e+00
      5.509      0.008     8.9669     79.552     40.604  28.838542    23.7885      7.826   250.8212 1.2369e-01   276.1335      5.403      7.836    10.5041 0.0000e+00
      5.511      0.007     8.9425     79.417     40.628  28.854707    25.3352      7.826   251.0229 1.2374e-01   378.3722      5.404      7.838    10.5038 0.0000e+00
      5.513      0.006     8.9195     79.351     40.606  28.838543    26.1568      7.826   251.1696 1.2376e-01   434.3553      5.406      7.842    10.5063 0.0000e+00
      5.515      0.006     8.8962     79.308     40.600  28.833396    25.9070      7.825   251.3037 1.2369e-01   440.8686      5.408      7.844    10.5092 0.0000e+00
      5.516      0.005     8.8677     79.296     40.632  28.855902    22.1897      7.825   251.4399 1.2369e-01   456.9873      5.409      7.845    10.5095 0.0000e+00
      5.517      0.004     8.8539     79.334     40.634  28.856943    15.3707      7.825   251.5261 1.2380e-01   485.8787      5.410      7.847    10.5084 0.0000e+00
      5.518      0.003     8.8507     79.420     40.619  28.845979    11.6749      7.825   251.5720 1.2387e-01   501.6809      5.411      7.848    10.5071 0.0000e+00
      5.518      0.003     8.8438     79.503     40.626  28.850201    11.3372      7.825   251.6507 1.2387e-01   503.1115      5.412      7.849    10.5067 0.0000e+00
      5.519      0.002     8.8423     79.536     40.618  28.844559    11.1706      7.825   251.7888 1.2388e-01   502.3900      5.412      7.850    10.5067 0.0000e+00
      5.519      0.002     8.8456     79.528     40.611  28.841185     9.8524      7.825   251.9514 1.2383e-01   493.4363      5.413      7.850    10.5063 0.0000e+00
      5.519      0.002     8.8581     79.496     40.651  28.872842     7.4755      7.825   252.0684 1.2374e-01   477.2109      5.413      7.851    10.5056 0.0000e+00
      5.520      0.002     8.8704     79.425     40.700  28.910170     6.1941      7.825   252.0849 1.2377e-01   467.8875      5.414      7.852    10.5049 0.0000e+00
      5.520      0.002     8.8726     79.306     40.700  28.911938     6.0112      7.824   252.1506 1.2380e-01   460.2991      5.413      7.851    10.5046 0.0000e+00
      5.521      0.002     8.8705     79.190     40.675  28.894223     4.8814      7.824   252.3466 1.2372e-01   385.4606      5.414      7.852    10.5063 0.0000e+00
      5.521      0.002     8.8669     79.120     40.666  28.886275     2.7801      7.824   252.4765 1.2371e-01   248.4983      5.415      7.853    10.5104 0.0000e+00
      5.522      0.002     8.8596     79.078     40.658  28.879262     1.6206      7.824   252.5155 1.2379e-01   173.6138      5.415      7.854    10.5146 0.0000e+00
      5.523      0.002     8.8428     79.046     40.650  28.872852     1.4910      7.824   252.6463 1.2383e-01   164.1829      5.416      7.856    10.5169 0.0000e+00
      5.523      0.002     8.8274     79.025     40.648  28.872209     1.1375      7.823   252.7671 1.2387e-01   133.6848      5.417      7.856    10.5162 0.0000e+00
      5.524      0.002     8.8223     79.009     40.644  28.871479     0.4672      7.823   252.7723 1.2388e-01    78.7208      5.417      7.856    10.5138 0.0000e+00
      5.525      0.002     8.8185     78.987     40.631  28.864029     0.0957      7.823   252.8809 1.2383e-01    48.7299      5.418      7.858    10.5117 0.0000e+00
      5.525      0.002     8.8147     78.946     40.601  28.845566     0.0656      7.823   253.0478 1.2379e-01    45.7428      5.418      7.858    10.5114 0.0000e+00
      5.526      0.002     8.8126     78.907     40.587  28.838541     0.0454      7.823   253.1563 1.2379e-01    41.7167      5.419      7.859    10.5122 0.0000e+00
      5.526      0.002     8.8105     78.886     40.589  28.842525     0.0008      7.823   253.2453 1.2381e-01    34.5169      5.419      7.860    10.5142 0.0000e+00
      5.526      0.001     8.8088     78.861     40.570  28.830302    -0.0406      7.822   253.2633 1.2381e-01    30.4600      5.419      7.860    10.5172 0.0000e+00
      5.527      0.001     8.8025     78.862     40.551  28.817617    -0.0469      7.822   253.3739 1.2380e-01    29.8648      5.420      7.861    10.5205 0.0000e+00
      5.527      0.001     8.7947     78.917     40.548  28.816008    -0.0262      7.823   253.6366 1.2380e-01    27.5260      5.420      7.861    10.5245 0.0000e+00
      5.527      0.001     8.7957     79.002     40.540  28.810860    -0.0143      7.823   253.8582 1.2380e-01    23.2236      5.421      7.862    10.5279 0.0000e+00
      5.527      0.001     8.7897     79.111     40.549  28.818810    -0.0274      7.822   253.9882 1.2377e-01    20.8860      5.421      7.862    10.5297 0.0000e+00
      5.528      0.001     8.7872     79.235     40.589  28.848690    -0.0524      7.822   254.0040 1.2376e-01    20.6119      5.421      7.862    10.5303 0.0000e+00
      5.528      0.001     8.7969     79.359     40.596  28.854995    -0.0584      7.823   254.0496 1.2377e-01    20.3878      5.422      7.863    10.5307 0.0000e+00
      5.528      0.001     8.8045     79.480     40.561  28.831609    -0.0424      7.824   254.1946 1.2381e-01    19.2355      5.422      7.863    10.5315 0.0000e+00
      5.529      0.001     8.8175     79.599     40.542  28.819652    -0.0326      7.824   254.2955 1.2385e-01    17.2003      5.422      7.864    10.5329 0.0000e+00
      5.529      0.001     8.8316     79.725     40.566  28.837280    -0.0486      7.823   254.3226 1.2386e-01    16.0365      5.422      7.864    10.5348 0.0000e+00
      5.529      0.001     8.8449     79.860     40.591  28.854466    -0.0607      7.821   254.3503 1.2381e-01    15.8215      5.422      7.864    10.5369 0.0000e+00
      5.529      0.001     8.8581     79.976     40.568  28.837156    -0.0376      7.821   254.4582 1.2375e-01    15.1477      5.422      7.864    10.5392 0.0000e+00
      5.529      0.001     8.8704     80.079     40.543  28.818274    -0.0028      7.821   254.5949 1.2373e-01    13.9012      5.422      7.865    10.5413 0.0000e+00
      5.530      0.001     8.8835     80.172     40.542  28.816459    -0.0058      7.821   254.7122 1.2370e-01    13.1501      5.423      7.866    10.5416 0.0000e+00
      5.530      0.001     8.9015     80.244     40.541  28.815212    -0.0402      7.821   254.8444 1.2369e-01    13.0352      5.423      7.865    10.5402 0.0000e+00
      5.530      0.001     8.9136     80.309     40.524  28.803188    -0.0437      7.821   254.9883 1.2370e-01    12.7169      5.423      7.865    10.5388 0.0000e+00
      5.530      0.001     8.9248     80.370     40.517  28.797945    -0.0155      7.821   255.0763 1.2371e-01    12.0689      5.423      7.865    10.5373 0.0000e+00
      5.531      0.001     8.9375     80.420     40.541  28.815244     0.0011      7.821   255.1338 1.2372e-01    11.6557      5.424      7.867    10.5357 0.0000e+00
      5.531      0.001     8.9435     80.448     40.551  28.822059    -0.0096      7.820   255.2523 1.2380e-01    11.4790      5.424      7.867    10.5351 0.0000e+00
      5.531      0.001     8.9513     80.449     40.543  28.816917    -0.0200      7.820   255.3914 1.2384e-01    10.8882      5.424      7.867    10.5352 0.0000e+00
      5.532      0.001     8.9584     80.448     40.543  28.816501    -0.0080      7.820   255.5249 1.2380e-01     9.9092      5.425      7.868    10.5356 0.0000e+00
      5.532      0.001     8.9637     80.444     40.543  28.817031    -0.0145      7.819   255.6616 1.2381e-01     9.3107      5.425      7.868    10.5360 0.0000e+00
      5.532      0.001     8.9687     80.436     40.552  28.823317    -0.0403      7.819   255.7543 1.2383e-01     9.1165      5.425      7.868    10.5358 0.0000e+00
      5.533      0.001     8.9655     80.444     40.560  28.829083    -0.0458      7.820   255.7858 1.2383e-01     8.6204      5.426      7.869    10.5355 0.0000e+00
      5.534      0.001     8.9668     80.476     40.553  28.823317    -0.0309      7.820   255.7842 1.2383e-01     7.8886      5.427      7.871    10.5355 0.0000e+00
      5.534      0.001     8.9669     80.502     40.545  28.817037    -0.0103      7.820   255.9062 1.2377e-01     7.6136      5.427      7.871    10.5360 0.0000e+00
      5.534      0.001     8.9630     80.449     40.545  28.816573    -0.0121      7.821   256.1431 1.2374e-01     7.5832      5.427      7.871    10.5364 0.0000e+00
      5.534      0.001     8.9667     80.424     40.547  28.817717    -0.0360      7.821   256.2392 1.2373e-01     7.4537      5.427      7.871    10.5362 0.0000e+00
      5.534      0.001     8.9657     80.472     40.566  28.830866    -0.0334      7.820   256.2932 1.2373e-01     7.4133      5.427      7.871    10.5357 0.0000e+00
      5.534      0.001     8.9811     80.470     40.591  28.848689    -0.0049      7.820   256.3664 1.2383e-01     7.4028      5.427      7.871    10.5350 0.0000e+00
      5.534      0.001     8.9648     80.462     40.582  28.842923     0.0082      7.820   256.3497 1.2386e-01     7.3604      5.427      7.872    10.5342 0.0000e+00
      5.535      0.001     8.9559     80.471     40.556  28.824575    -0.0083      7.820   256.4351 1.2380e-01     7.3791      5.428      7.872    10.5338 0.0000e+00
