Data/DataNotYetUploadedToEDI/Raw_CTD/RawDownloads/060925_bvr50_S8188001.cnv
* Sea-Bird SBE19plus  Data File:
* FileName = C:\R\Reservoirs\Data\DataNotYetUploadedToEDI\Raw_CTD\RawDownloads\060925_bvr50_S8188_0001.hex
* Software version 2.8.0.119
* Temperature SN = 8188
* Conductivity SN = 8188
* System UpLoad Time = Jun 25 2025 16:12:21
* <ApplicationData>
* <Seaterm232>
# nquan = 16
# nvalues = 1878                        
# units = specified
# name 0 = depFM: Depth [fresh water, m]
# name 1 = dz/dtM: Descent Rate [m/s]
# name 2 = sbeox0Mg/L: Oxygen, SBE 43 [mg/l]
# name 3 = sbeox0PS: Oxygen, SBE 43 [% saturation]
# name 4 = specc: Specific Conductance [uS/cm]
# name 5 = c0uS/cm: Conductivity [uS/cm]
# name 6 = wetCDOM: Fluorescence, WET Labs CDOM [mg/m^3]
# name 7 = flECO-AFL: Fluorescence, WET Labs ECO-AFL/FL [mg/m^3]
# name 8 = flECO-AFL1: Fluorescence, WET Labs ECO-AFL/FL, 2 [mg/m^3]
# name 9 = flECO-AFL2: Fluorescence, WET Labs ECO-AFL/FL, 3 [mg/m^3]
# name 10 = par/sat/log: PAR/Logarithmic, Satlantic
# name 11 = turbWETntu0: Turbidity, WET Labs ECO [NTU]
# name 12 = prdM: Pressure, Strain Gauge [db]
# name 13 = prdE: Pressure, Strain Gauge [psi]
# name 14 = tv290C: Temperature [ITS-90, deg C]
# name 15 = flag:  0.000e+00
# span 0 =     -0.770,      6.625       
# span 1 =     -0.249,      0.131       
# span 2 =    -0.3090,    15.3235       
# span 3 =     -3.124,    177.381       
# span 4 =   -667.698,    472.040       
# span 5 =-503.225589, 349.482632       
# span 6 =    -4.5000,    46.8900       
# span 7 =    -1.5053,    43.1502       
# span 8 =    -2.1300,     7.9662       
# span 9 =    -4.6530,     8.4177       
# span 10 = 1.1582e-01, 1.9942e+03      
# span 11 =    -4.0106,   132.1437      
# span 12 =     -0.755,      6.497      
# span 13 =     -1.095,      9.423      
# span 14 =    11.4546,    25.3870      
# span 15 = 0.0000e+00, 0.0000e+00      
# interval = seconds: 0.25
# start_time = Jun 09 2025 09:28:46 [Instrument's time stamp, header]
# bad_flag = -9.990e-29
*END*
[from data line 1537]
      5.488      0.046     0.0685      0.647    113.110  84.105017    40.5900     0.6882     0.1704     1.0152 1.1600e-01    12.8633      5.382      7.806    12.2433 0.0000e+00
      5.499      0.045     0.0689      0.651    113.630  84.461438    40.5900     0.5242     0.1704     1.0152 1.1605e-01    12.9841      5.393      7.822    12.2205 0.0000e+00
      5.510      0.045     0.0689      0.654    114.216  84.856894    40.5900     0.5280     0.1704     1.0152 1.1587e-01    13.0748      5.404      7.837    12.2018 0.0000e+00
      5.521      0.045     0.0690      0.657    114.823  85.263044    40.2300     0.5356     0.2130     0.9729 1.1595e-01    13.0143      5.415      7.853    12.1876 0.0000e+00
      5.533      0.046     0.0694      0.660    115.413  85.658390    40.2300     0.5470     0.2130     0.9729 1.1600e-01    12.9690      5.426      7.869    12.1760 0.0000e+00
      5.544      0.047     0.0699      0.656    115.989  86.046508    40.2300     0.5623     0.2130     0.9729 1.1590e-01    14.0416      5.437      7.885    12.1627 0.0000e+00
      5.556      0.049     0.0703      0.648    116.502  86.393094    40.2300     0.5699     0.2130     0.9729 1.1592e-01    14.0114      5.449      7.903    12.1454 0.0000e+00
      5.569      0.050     0.0706      0.641    116.907  86.666752    41.4000     0.5585     0.1704     1.3113 1.1612e-01    13.9358      5.461      7.920    12.1259 0.0000e+00
      5.582      0.052     0.0709      0.638    117.277  86.920484    41.4000     0.5814     0.1704     1.3113 1.1617e-01    13.9963      5.474      7.939    12.1071 0.0000e+00
      5.595      0.053     0.0705      0.640    117.666  87.189997    41.4000     0.5699     0.1704     1.3113 1.1607e-01    14.1926      5.487      7.958    12.0901 0.0000e+00
      5.609      0.054     0.0697      0.640    118.008  87.421339    41.4000     0.6005     0.1704     1.3113 1.1605e-01    14.2833      5.501      7.978    12.0754 0.0000e+00
      5.623      0.054     0.0690      0.635    118.264  87.586327    41.4000     0.5585     0.1704     1.1844 1.1602e-01    14.2531      5.515      7.998    12.0638 0.0000e+00
      5.637      0.054     0.0687      0.631    118.476  87.718969    41.4000     0.5890     0.1704     1.1844 1.1607e-01    14.1322      5.528      8.018    12.0550 0.0000e+00
      5.651      0.053     0.0689      0.627    118.686  87.854637    41.4000     0.5470     0.1704     1.1844 1.1595e-01    14.4495      5.542      8.038    12.0469 0.0000e+00
      5.665      0.051     0.0689      0.619    118.889  87.991558    41.4000     0.5280     0.1704     1.1844 1.1595e-01    14.4041      5.555      8.057    12.0376 0.0000e+00
      5.678      0.050     0.0684      0.607    119.058  88.108324    40.9500     0.5013     0.2130     1.1421 1.1620e-01    14.5099      5.568      8.075    12.0271 0.0000e+00
      5.690      0.048     0.0680      0.592    119.214  88.216102    40.9500     0.5585     0.2130     1.1421 1.1612e-01    14.5401      5.580      8.093    12.0170 0.0000e+00
      5.702      0.047     0.0676      0.579    119.378  88.325655    40.9500     0.5699     0.2130     1.1421 1.1623e-01    14.6912      5.592      8.110    12.0087 0.0000e+00
      5.713      0.045     0.0667      0.573    119.537  88.426253    40.9500     0.5661     0.2130     1.1421 1.1605e-01    14.5854      5.603      8.126    12.0030 0.0000e+00
      5.724      0.045     0.0654      0.571    119.717  88.544719    40.9500     0.5814     0.2130     1.1421 1.1602e-01    14.6760      5.614      8.142    11.9995 0.0000e+00
      5.735      0.045     0.0638      0.566    120.026  88.760579    41.2200     0.5928     0.2130     1.2690 1.1610e-01    14.7516      5.625      8.158    11.9964 0.0000e+00
      5.747      0.045     0.0625      0.562    120.567  89.143380    41.2200     0.5699     0.2130     1.2690 1.1605e-01    14.6458      5.636      8.174    11.9912 0.0000e+00
      5.758      0.046     0.0618      0.561    121.364  89.705323    41.2200     0.5852     0.2130     1.2690 1.1605e-01    14.7214      5.647      8.190    11.9843 0.0000e+00
      5.770      0.047     0.0616      0.566    122.333  90.380542    41.2200     0.5432     0.2130     1.2690 1.1602e-01    14.7818      5.658      8.206    11.9781 0.0000e+00
      5.782      0.049     0.0611      0.574    123.290  91.033495    41.4900     0.5738     0.1704     1.3113 1.1602e-01    14.7214      5.670      8.224    11.9730 0.0000e+00
      5.794      0.050     0.0606      0.583    124.139  91.600597    41.4900     0.5470     0.1704     1.3113 1.1600e-01    14.6609      5.682      8.241    11.9661 0.0000e+00
      5.808      0.051     0.0605      0.595    124.950  92.141182    41.4900     0.5509     0.1704     1.3113 1.1617e-01    14.6760      5.695      8.260    11.9550 0.0000e+00
      5.821      0.052     0.0611      0.609    125.799  92.713505    41.4900     0.5623     0.1704     1.3113 1.1628e-01    14.7516      5.708      8.279    11.9384 0.0000e+00
      5.835      0.053     0.0620      0.623    126.661  93.300377    41.2200     0.5699     0.2130     1.1421 1.1612e-01    14.6760      5.722      8.299    11.9166 0.0000e+00
      5.848      0.053     0.0630      0.630    127.421  93.816567    41.2200     0.5814     0.2130     1.1421 1.1600e-01    14.9329      5.735      8.318    11.8926 0.0000e+00
      5.862      0.053     0.0643      0.631    127.994  94.199941    41.2200     0.5776     0.2130     1.1421 1.1628e-01    14.9631      5.749      8.338    11.8693 0.0000e+00
      5.876      0.052     0.0659      0.628    128.386  94.456831    41.2200     0.5661     0.2130     1.1421 1.1617e-01    14.8724      5.762      8.357    11.8479 0.0000e+00
      5.889      0.051     0.0674      0.616    128.637  94.615783    41.2200     0.5509     0.2130     1.1421 1.1607e-01    14.8875      5.775      8.376    11.8286 0.0000e+00
      5.902      0.050     0.0682      0.593    128.810  94.723179    41.6700     0.6081     0.2556     1.2267 1.1612e-01    14.4343      5.788      8.394    11.8114 0.0000e+00
      5.914      0.049     0.0683      0.567    128.960  94.815648    41.6700     0.5547     0.2556     1.2267 1.1607e-01    14.4495      5.800      8.411    11.7963 0.0000e+00
      5.926      0.048     0.0680      0.549    129.110  94.909857    41.6700     0.5928     0.2556     1.2267 1.1617e-01    14.5099      5.811      8.429    11.7838 0.0000e+00
      5.938      0.047     0.0667      0.541    129.293  95.030929    41.6700     0.5585     0.2556     1.2267 1.1600e-01    14.4948      5.823      8.445    11.7739 0.0000e+00
      5.950      0.047     0.0643      0.543    129.519  95.185175    41.2200     0.5814     0.2130     1.3113 1.1605e-01    13.6941      5.834      8.462    11.7659 0.0000e+00
      5.961      0.047     0.0614      0.554    129.771  95.357784    41.2200     0.5394     0.2130     1.3113 1.1610e-01    13.6790      5.846      8.479    11.7589 0.0000e+00
      5.973      0.048     0.0595      0.572    130.040  95.540840    41.2200     0.5051     0.2130     1.3113 1.1605e-01    13.7092      5.857      8.496    11.7527 0.0000e+00
      5.985      0.049     0.0587      0.592    130.323  95.733208    41.2200     0.5127     0.2130     1.3113 1.1628e-01    13.7999      5.869      8.513    11.7474 0.0000e+00
      5.998      0.050     0.0589      0.608    130.607  95.926244    41.3100     0.5203     0.2130     1.4382 1.1607e-01    13.6790      5.882      8.531    11.7428 0.0000e+00
      6.011      0.051     0.0601      0.618    130.885  96.115479    41.3100     0.5776     0.2130     1.4382 1.1595e-01    14.4646      5.895      8.549    11.7380 0.0000e+00
      6.024      0.052     0.0619      0.620    131.154  96.299427    41.3100     0.5585     0.2130     1.4382 1.1587e-01    14.5099      5.908      8.569    11.7325 0.0000e+00
      6.038      0.053     0.0641      0.615    131.424  96.485179    41.3100     0.5661     0.2130     1.4382 1.1600e-01    14.4797      5.921      8.588    11.7266 0.0000e+00
      6.052      0.052     0.0659      0.606    131.714  96.688302    41.9400     0.5623     0.2130     1.6497 1.1612e-01    14.4192      5.934      8.607    11.7206 0.0000e+00
      6.065      0.052     0.0670      0.593    132.029  96.911011    41.9400     0.5852     0.2130     1.6497 1.1612e-01    14.6760      5.947      8.626    11.7148 0.0000e+00
      6.078      0.051     0.0672      0.576    132.363  97.150753    41.9400     0.5814     0.2130     1.6497 1.1605e-01    14.6609      5.960      8.645    11.7096 0.0000e+00
      6.091      0.051     0.0667      0.559    132.635  97.347572    41.9400     0.5699     0.2130     1.6497 1.1612e-01    14.7516      5.973      8.664    11.7049 0.0000e+00
      6.104      0.050     0.0657      0.545    132.774  97.448049    41.9400     0.5585     0.2130     1.6497 1.1607e-01    14.7214      5.985      8.682    11.7010 0.0000e+00
      6.116      0.049     0.0643      0.537    132.886  97.528934    43.2900     0.6157     0.2556     1.6497 1.1617e-01    15.1595      5.998      8.699    11.6980 0.0000e+00
      6.129      0.048     0.0625      0.536    133.079  97.667745    43.2900     0.6272     0.2556     1.6497 1.1633e-01    15.0688      6.010      8.717    11.6959 0.0000e+00
      6.141      0.048     0.0606      0.541    133.365  97.871527    43.2900     0.6539     0.2556     1.6497 1.1612e-01    15.1595      6.022      8.734    11.6947 0.0000e+00
      6.153      0.047     0.0591      0.548    133.765  98.154658    43.2900     0.6233     0.2556     1.6497 1.1605e-01    15.1897      6.033      8.751    11.6941 0.0000e+00
      6.164      0.047     0.0583      0.560    134.294  98.528694    43.6500     0.5852     0.2556     1.9035 1.1612e-01    15.2199      6.045      8.768    11.6936 0.0000e+00
      6.176      0.047     0.0581      0.576    134.972  99.011450    43.6500     0.5776     0.2556     1.9035 1.1605e-01    15.2048      6.057      8.785    11.6927 0.0000e+00
      6.188      0.048     0.0586      0.589    135.810  99.609765    43.6500     0.5738     0.2556     1.9035 1.1610e-01    15.1595      6.068      8.802    11.6905 0.0000e+00
      6.200      0.049     0.0594      0.596    136.713 100.253377    43.6500     0.5738     0.2556     1.9035 1.1605e-01    15.2350      6.080      8.819    11.6866 0.0000e+00
      6.213      0.049     0.0608      0.598    137.662 100.928066    44.2800     0.6272     0.2556     1.7766 1.1615e-01    15.0688      6.093      8.837    11.6815 0.0000e+00
      6.226      0.050     0.0625      0.597    138.771 101.715821    44.2800     0.6386     0.2556     1.7766 1.1605e-01    15.0990      6.105      8.855    11.6760 0.0000e+00
      6.239      0.051     0.0638      0.598    140.006 102.590880    44.2800     0.6233     0.2556     1.7766 1.1605e-01    15.0688      6.118      8.874    11.6701 0.0000e+00
      6.252      0.050     0.0646      0.596    141.197 103.428832    44.2800     0.6577     0.2556     1.7766 1.1610e-01    15.1746      6.131      8.892    11.6634 0.0000e+00
      6.265      0.050     0.0648      0.588    142.241 104.157318    44.2800     0.6920     0.2556     2.0727 1.1610e-01    15.4616      6.144      8.911    11.6557 0.0000e+00
      6.278      0.049     0.0648      0.578    143.122 104.768714    44.2800     0.6806     0.2556     2.0727 1.1617e-01    15.4012      6.156      8.929    11.6467 0.0000e+00
      6.290      0.047     0.0649      0.570    143.951 105.346104    44.2800     0.6882     0.2556     2.0727 1.1607e-01    15.4314      6.168      8.947    11.6360 0.0000e+00
      6.302      0.046     0.0648      0.564    144.864 105.985487    44.2800     0.6996     0.2556     2.0727 1.1612e-01    15.4012      6.180      8.963    11.6235 0.0000e+00
      6.313      0.045     0.0640      0.560    145.811 106.647469    44.2800     0.8827     0.2556     2.0727 1.1600e-01    15.9148      6.191      8.980    11.6107 0.0000e+00
      6.324      0.044     0.0629      0.557    146.757 107.308678    44.4600     0.8789     0.2556     1.9881 1.1615e-01    15.7788      6.202      8.995    11.5991 0.0000e+00
      6.335      0.043     0.0619      0.556    147.761 108.013490    44.4600     0.8751     0.2556     1.9881 1.1600e-01    15.9299      6.213      9.011    11.5887 0.0000e+00
      6.346      0.043     0.0613      0.560    148.798 108.743940    44.4600     0.8637     0.2556     1.9881 1.1610e-01    15.9601      6.224      9.026    11.5787 0.0000e+00
      6.357      0.043     0.0609      0.570    149.931 109.546869    44.4600     2.3438     0.2556     1.9881 1.1602e-01    20.4618      6.234      9.042    11.5683 0.0000e+00
      6.368      0.043     0.0606      0.577    151.493 110.664383    44.3700     2.3591     0.2556     2.0304 1.1607e-01    20.3712      6.245      9.057    11.5579 0.0000e+00
      6.379      0.043     0.0605      0.576    153.940 112.428472    44.3700     2.3514     0.2556     2.0304 1.1592e-01    20.3561      6.255      9.073    11.5479 0.0000e+00
      6.390      0.043     0.0610      0.568    157.708 115.155611    44.3700     2.3514     0.2556     2.0304 1.1615e-01    20.3259      6.266      9.089    11.5388 0.0000e+00
      6.401      0.043     0.0621      0.555    162.949 118.957173    44.3700    13.8262     0.2556     2.0304 1.1625e-01   100.4202      6.277      9.105    11.5305 0.0000e+00
      6.412      0.042     0.0629      0.541    169.750 123.897051    44.4600    13.8186     0.2130     1.9458 1.1623e-01   100.5561      6.288      9.120    11.5228 0.0000e+00
      6.423      0.041     0.0627      0.527    177.763 129.722171    44.4600    13.8377     0.2130     1.9458 1.1630e-01   100.4655      6.299      9.135    11.5154 0.0000e+00
      6.433      0.039     0.0618      0.515    185.871 135.614804    44.4600    13.7957     0.2130     1.9458 1.1605e-01   100.5259      6.309      9.150    11.5080 0.0000e+00
      6.443      0.037     0.0604      0.506    194.404 141.817600    44.4600    -0.2617     0.2130     1.9458 1.1592e-01    -0.8080      6.319      9.164    11.5003 0.0000e+00
      6.452      0.035     0.0589      0.505    204.296 149.017384    44.4600    -0.2655     0.2130     1.9458 1.1607e-01    -0.8383      6.328      9.177    11.4931 0.0000e+00
      6.461      0.033     0.0574      0.510    214.262 156.277904    43.9200    -0.2769     0.2130     1.9458 1.1607e-01    -0.8987      6.336      9.190    11.4865 0.0000e+00
      6.469      0.031     0.0561      0.520    223.014 162.658452    43.9200    -0.2922     0.2130     1.9458 1.1617e-01    -0.7627      6.344      9.201    11.4798 0.0000e+00
      6.476      0.029     0.0552      0.534    232.069 169.265362    43.9200    -0.2922     0.2130     1.9458 1.1592e-01    -1.0951      6.351      9.211    11.4737 0.0000e+00
      6.483      0.028     0.0550      0.549    242.915 177.182450    43.9200    -0.2655     0.2130     1.9458 1.1628e-01    -1.0346      6.358      9.221    11.4693 0.0000e+00
      6.490      0.027     0.0556      0.566    255.003 186.006384    43.5600    -0.2693     0.2130     1.8189 1.1607e-01    -1.1404      6.364      9.231    11.4668 0.0000e+00
      6.497      0.027     0.0567      0.581    269.106 196.297468    43.5600    -0.2426     0.2130     1.8189 1.1612e-01    -1.0497      6.371      9.240    11.4658 0.0000e+00
      6.503      0.027     0.0581      0.587    287.675 209.838838    43.5600    -0.2655     0.2130     1.8189 1.1625e-01    -1.1102      6.377      9.250    11.4662 0.0000e+00
      6.510      0.028     0.0598      0.581    311.437 227.157261    43.5600    -0.2769     0.2130     1.8189 1.1590e-01    -1.0649      6.384      9.259    11.4675 0.0000e+00
      6.517      0.029     0.0617      0.569    337.299 245.995850    43.7400    -0.2693     0.2556     2.1996 1.1615e-01    -1.1102      6.391      9.269    11.4690 0.0000e+00
      6.524      0.029     0.0633      0.560    360.735 263.060388    43.7400    -0.2579     0.2556     2.1996 1.1607e-01    -1.1253      6.398      9.280    11.4701 0.0000e+00
