Data/DataNotYetUploadedToEDI/Raw_CTD/RawDownloads/060925_fcr10_S7809002.cnv
* Sea-Bird SBE19plus  Data File:
* FileName = C:\R\Reservoirs\Data\DataNotYetUploadedToEDI\Raw_CTD\RawDownloads\060925_fcr50_S7809_0002.hex
* Software version 2.8.0.119
* Temperature SN = 7809
* Conductivity SN = 7809
* System UpLoad Time = Jun 10 2025 13:08:33
* <ApplicationData>
* <Seaterm232>
# nquan = 15
# nvalues = 1662                        
# units = specified
# name 0 = depFM: Depth [fresh water, m]
# name 1 = dz/dtM: Descent Rate [m/s]
# name 2 = sbeox0Mg/L: Oxygen, SBE 43 [mg/l]
# name 3 = sbeox0PS: Oxygen, SBE 43 [% saturation]
# name 4 = specc: Specific Conductance [uS/cm]
# name 5 = c0uS/cm: Conductivity [uS/cm]
# name 6 = flECO-AFL: Fluorescence, WET Labs ECO-AFL/FL [mg/m^3]
# name 7 = ph: pH
# name 8 = orp: Oxidation Reduction Potential [mV]
# name 9 = par/sat/log: PAR/Logarithmic, Satlantic
# name 10 = turbWETntu0: Turbidity, WET Labs ECO [NTU]
# name 11 = prdM: Pressure, Strain Gauge [db]
# name 12 = prdE: Pressure, Strain Gauge [psi]
# name 13 = tv290C: Temperature [ITS-90, deg C]
# name 14 = flag:  0.000e+00
# span 0 =     -0.701,      2.081       
# span 1 =     -0.325,      0.143       
# span 2 =     0.6054,    15.7894       
# span 3 =      6.384,    171.572       
# span 4 =      0.782,     68.936       
# span 5 =   0.860765,  56.843723       
# span 6 =    -0.0506,    41.0971       
# span 7 =     -1.906,     11.291       
# span 8 = -1238.3097,   860.5631       
# span 9 = 6.3086e-01, 7.1663e+02       
# span 10 =    -0.2190,    99.9813      
# span 11 =     -0.688,      2.043      
# span 12 =     -0.998,      2.963      
# span 13 =    16.1056,    30.0697      
# span 14 = 0.0000e+00, 0.0000e+00      
# interval = seconds: 0.25
# start_time = Jun 09 2025 12:43:56 [Instrument's time stamp, header]
# bad_flag = -9.990e-29
*END*
[from data line 868]
      1.182      0.002    14.8597    158.297     35.948  31.052884    16.5178     11.274   111.5869 2.5878e+01     7.6672      1.159      1.681    18.1890 0.0000e+00
      1.184      0.005    14.8790    158.362     35.923  31.033895    16.3992     11.276   111.3815 2.5879e+01     7.6663      1.162      1.685    18.1941 0.0000e+00
      1.186      0.008    14.9000    158.355     35.892  31.009286    16.3683     11.277   111.2487 2.5905e+01     7.7405      1.163      1.687    18.1923 0.0000e+00
      1.187      0.011    14.9172    158.278     35.895  31.009085    16.3771     11.278   111.1862 2.5910e+01     7.7110      1.164      1.688    18.1859 0.0000e+00
      1.189      0.013    14.9292    158.139     35.929  31.031463    16.2141     11.279   111.1409 2.5807e+01     7.5829      1.165      1.690    18.1841 0.0000e+00
      1.193      0.013    14.9347    157.979     35.934  31.026098    15.9129     11.280   111.1313 2.5559e+01     7.5229      1.169      1.695    18.1908 0.0000e+00
      1.198      0.013    14.9314    157.843     35.923  31.007644    15.7649     11.282   111.1561 2.5261e+01     7.6011      1.175      1.704    18.1966 0.0000e+00
      1.203      0.012    14.9259    157.730     35.922  30.998636    15.7812     11.282   111.2692 2.5005e+01     7.7424      1.181      1.713    18.1914 0.0000e+00
      1.208      0.009    14.9153    157.629     35.908  30.980608    15.8359     11.282   111.2083 2.4809e+01     7.7627      1.185      1.719    18.1799 0.0000e+00
      1.208      0.006    14.9009    157.505     35.915  30.979964    15.9014     11.285   110.9358 2.4689e+01     7.6417      1.186      1.720    18.1669 0.0000e+00
      1.207      0.004    14.8944    157.342     35.935  30.990839    15.9494     11.286   110.8136 2.4596e+01     7.6125      1.184      1.717    18.1532 0.0000e+00
      1.207      0.003    14.8858    157.194     35.935  30.985215    15.9827     11.287   110.8492 2.4491e+01     7.7161      1.182      1.715    18.1421 0.0000e+00
      1.208      0.003    14.8805    157.108     35.926  30.975400    16.1880     11.288   110.8504 2.4402e+01     7.8351      1.183      1.717    18.1353 0.0000e+00
      1.209      0.004    14.8732    157.076     35.881  30.935594    16.5587     11.288   110.7416 2.4314e+01     7.8896      1.185      1.719    18.1259 0.0000e+00
      1.210      0.004    14.8584    157.068     35.824  30.884533    16.7362     11.288   110.5666 2.4253e+01     7.8294      1.187      1.721    18.1137 0.0000e+00
      1.212      0.004    14.8443    157.080     35.809  30.865507    16.7451     11.288   110.3689 2.4243e+01     7.8249      1.188      1.724    18.1074 0.0000e+00
      1.214      0.003    14.8380    157.115     35.772  30.832416    16.7486     11.288   110.2447 2.4270e+01     7.8680      1.191      1.728    18.1042 0.0000e+00
      1.215      0.002    14.8359    157.150     35.729  30.801602    16.7043     11.287   110.1837 2.4357e+01     7.8045      1.192      1.729    18.1056 0.0000e+00
      1.214      0.002    14.8353    157.118     35.730  30.810124    16.6505     11.286   110.1473 2.4458e+01     7.7065      1.190      1.726    18.1042 0.0000e+00
      1.214      0.002    14.8403    156.980     35.730  30.808584    16.6217     11.286   110.1491 2.4518e+01     7.6054      1.189      1.725    18.0913 0.0000e+00
      1.215      0.003    14.8453    156.757     35.705  30.782989    16.6139     11.287   110.0329 2.4544e+01     7.5386      1.190      1.727    18.0851 0.0000e+00
      1.216      0.004    14.8479    156.501     35.675  30.754382    16.6312     11.288   109.8601 2.4539e+01     7.5820      1.192      1.729    18.1003 0.0000e+00
      1.217      0.005    14.8405    156.248     35.630  30.716436    16.6401     11.288   109.8667 2.4520e+01     7.6523      1.194      1.731    18.1173 0.0000e+00
      1.218      0.005    14.8286    155.981     35.618  30.704798    16.6215     11.288   109.9412 2.4463e+01     7.6028      1.195      1.733    18.1119 0.0000e+00
      1.220      0.004    14.8089    155.700     35.668  30.740541    16.6055     11.288   109.9001 2.4369e+01     7.5302      1.196      1.735    18.1002 0.0000e+00
      1.221      0.004    14.7833    155.443     35.713  30.767983    16.5550     11.288   109.8863 2.4290e+01     7.5934      1.198      1.737    18.0987 0.0000e+00
      1.221      0.004    14.7599    155.177     35.743  30.782843    16.4609     11.288   109.9468 2.4208e+01     7.7184      1.198      1.737    18.1011 0.0000e+00
      1.221      0.005    14.7361    154.927     35.768  30.793326    16.3909     11.290   110.0293 2.4098e+01     7.7429      1.197      1.737    18.1018 0.0000e+00
      1.222      0.005    14.7080    154.732     35.749  30.767849    16.3668     11.291   110.1095 2.3955e+01     7.6853      1.197      1.737    18.0902 0.0000e+00
      1.224      0.006    14.6938    154.561     35.712  30.728523    16.5517     11.291   110.0555 2.3792e+01     7.6713      1.200      1.742    18.0720 0.0000e+00
      1.227      0.006    14.6728    154.590     35.683  30.698441    16.9368     11.291   109.9790 2.3671e+01     7.7093      1.203      1.745    18.0569 0.0000e+00
      1.229      0.006    14.6464    154.828     35.642  30.657866    17.1703     11.291   110.0450 2.3612e+01     7.7698      1.205      1.747    18.0412 0.0000e+00
      1.230      0.006    14.6438    154.972     35.605  30.618530    17.1939     11.291   110.1646 2.3593e+01     7.7878      1.206      1.749    18.0276 0.0000e+00
      1.231      0.005    14.6165    154.972     35.597  30.603421    17.2058     11.291   110.2204 2.3597e+01     7.7566      1.207      1.751    18.0173 0.0000e+00
      1.232      0.004    14.6171    154.907     35.602  30.602049    17.2645     11.291   110.2036 2.3607e+01     7.7676      1.207      1.751    18.0105 0.0000e+00
      1.233      0.004    14.6634    154.675     35.605  30.601936    17.3037     11.291   110.1342 2.3605e+01     7.7844      1.209      1.752    18.0051 0.0000e+00
      1.234      0.005    14.6764    154.256     35.605  30.602048    17.3139     11.291   110.0688 2.3590e+01     7.7544      1.210      1.755    17.9952 0.0000e+00
      1.235      0.005    14.6738    153.791     35.603  30.603409    17.2964     11.290   110.1016 2.3555e+01     7.6779      1.211      1.757    17.9799 0.0000e+00
      1.237      0.006    14.6794    153.379     35.610  30.618390    17.2495     11.289   110.0999 2.3506e+01     7.6454      1.213      1.759    17.9705 0.0000e+00
      1.238      0.006    14.6586    153.085     35.642  30.656333    17.2386     11.289   109.9629 2.3482e+01     7.7379      1.213      1.760    17.9710 0.0000e+00
      1.239      0.005    14.6110    152.929     35.667  30.681582    17.2477     11.289   109.8213 2.3466e+01     7.7370      1.215      1.763    17.9676 0.0000e+00
      1.241      0.004    14.5659    152.879     35.655  30.669935    17.2270     11.290   109.7645 2.3432e+01     7.6002      1.217      1.766    17.9687 0.0000e+00
      1.243      0.004    14.5178    152.912     35.627  30.642380    17.1458     11.290   109.7925 2.3396e+01     7.5524      1.219      1.768    17.9877 0.0000e+00
      1.243      0.004    14.4839    153.009     35.585  30.602148    17.0403     11.289   109.9016 2.3365e+01     7.6377      1.219      1.768    18.0059 0.0000e+00
      1.243      0.005    14.4706    153.150     35.546  30.564089    17.0158     11.289   109.9652 2.3304e+01     7.7437      1.218      1.767    18.0081 0.0000e+00
      1.244      0.006    14.4669    153.295     35.554  30.562816    17.0423     11.290   109.8736 2.3203e+01     7.7405      1.219      1.770    18.0048 0.0000e+00
      1.245      0.007    14.4726    153.376     35.593  30.586745    17.0853     11.290   109.8263 2.3075e+01     7.6334      1.221      1.772    18.0004 0.0000e+00
      1.248      0.007    14.4832    153.349     35.616  30.599661    17.1698     11.289   109.9094 2.2917e+01     7.6108      1.223      1.775    17.9948 0.0000e+00
      1.252      0.007    14.4996    153.269     35.609  30.592102    17.2323     11.289   109.9318 2.2806e+01     7.7400      1.228      1.781    17.9906 0.0000e+00
      1.254      0.006    14.5188    153.211     35.571  30.558778    17.2574     11.289   109.8393 2.2777e+01     7.8633      1.230      1.784    17.9786 0.0000e+00
      1.254      0.005    14.5352    153.154     35.521  30.513914    17.3491     11.290   109.7375 2.2779e+01     7.8368      1.230      1.785    17.9602 0.0000e+00
      1.254      0.004    14.5324    153.068     35.502  30.493691    17.5086     11.290   109.6469 2.2774e+01     7.6928      1.230      1.784    17.9504 0.0000e+00
      1.255      0.002    14.5205    152.961     35.523  30.504556    17.6128     11.289   109.6045 2.2739e+01     7.6608      1.230      1.785    17.9510 0.0000e+00
      1.257      0.000    14.5175    152.825     35.545  30.518410    17.6511     11.289   109.5680 2.2690e+01     7.7565      1.232      1.787    17.9511 0.0000e+00
      1.257     -0.002    14.5141    152.664     35.564  30.534322    17.6551     11.289   109.4641 2.2677e+01     7.7917      1.233      1.788    17.9489 0.0000e+00
      1.257     -0.004    14.5062    152.509     35.601  30.570083    17.6203     11.289   109.3814 2.2784e+01     7.7102      1.233      1.789    17.9438 0.0000e+00
      1.255     -0.007    14.5008    152.346     35.590  30.570196    17.5798     11.289   109.3416 2.2958e+01     7.5912      1.231      1.786    17.9310 0.0000e+00
      1.252     -0.009    14.4910    152.177     35.535  30.535705    17.5650     11.288   109.3278 2.3090e+01     7.6163      1.228      1.781    17.9218 0.0000e+00
      1.249     -0.009    14.4727    152.068     35.529  30.533679    17.4746     11.288   109.3011 2.3234e+01     7.7067      1.225      1.776    17.9226 0.0000e+00
      1.245     -0.008    14.4590    152.067     35.549  30.545700    17.2606     11.288   109.1902 2.3364e+01     7.6592      1.220      1.770    17.9250 0.0000e+00
      1.242     -0.007    14.4395    152.152     35.564  30.554166    17.1084     11.288   109.0192 2.3389e+01     7.5547      1.218      1.767    17.9412 0.0000e+00
      1.242     -0.006    14.4115    152.260     35.589  30.572597    17.0739     11.288   108.8685 2.3394e+01     7.5019      1.218      1.767    17.9684 0.0000e+00
      1.242     -0.004    14.3991    152.369     35.596  30.578246    17.0692     11.289   108.8313 2.3457e+01     7.4992      1.218      1.767    17.9718 0.0000e+00
      1.241     -0.002    14.4036    152.492     35.571  30.559044    17.0757     11.289   108.9128 2.3503e+01     7.5220      1.217      1.766    17.9570 0.0000e+00
      1.239      0.001    14.4173    152.644     35.537  30.530726    17.0695     11.289   108.9935 2.3489e+01     7.5381      1.215      1.762    17.9499 0.0000e+00
      1.239      0.005    14.4288    152.817     35.495  30.489590    17.0355     11.289   108.9468 2.3428e+01     7.5570      1.214      1.760    17.9470 0.0000e+00
      1.240      0.010    14.4380    152.944     35.455  30.442273    17.0067     11.290   108.8643 2.3308e+01     7.5797      1.215      1.762    17.9465 0.0000e+00
      1.244      0.014    14.4488    152.968     35.427  30.402642    16.9876     11.290   108.9433 2.3115e+01     7.6417      1.219      1.768    17.9503 0.0000e+00
      1.250      0.016    14.4608    152.891     35.425  30.390994    16.9626     11.290   109.1268 2.2847e+01     7.7611      1.225      1.776    17.9539 0.0000e+00
      1.257      0.015    14.4823    152.735     35.472  30.428290    16.9371     11.289   109.1901 2.2544e+01     7.7584      1.233      1.788    17.9504 0.0000e+00
      1.263      0.012    14.5025    152.485     35.525  30.472976    16.9287     11.288   109.1065 2.2341e+01     7.6433      1.240      1.798    17.9285 0.0000e+00
      1.265      0.008    14.5131    152.155     35.543  30.487258    17.0939     11.287   109.0625 2.2341e+01     7.6343      1.242      1.802    17.9007 0.0000e+00
      1.264      0.004    14.5078    151.794     35.532  30.474093    17.4033     11.287   109.0015 2.2422e+01     7.6832      1.240      1.798    17.8867 0.0000e+00
      1.262      0.002    14.4959    151.446     35.498  30.440670    17.5648     11.286   108.8862 2.2447e+01     7.6547      1.237      1.794    17.8841 0.0000e+00
      1.261      0.002    14.4714    151.190     35.454  30.400304    17.5908     11.285   108.8731 2.2405e+01     7.5967      1.236      1.793    17.8853 0.0000e+00
      1.262      0.003    14.4369    151.019     35.410  30.366629    17.6845     11.285   108.9292 2.2311e+01     7.6307      1.239      1.795    17.8845 0.0000e+00
      1.265      0.004    14.4057    150.882     35.380  30.350681    17.8562     11.285   108.9622 2.2226e+01     7.7587      1.241      1.799    17.8793 0.0000e+00
      1.267      0.004    14.3688    150.792     35.353  30.334359    17.9442     11.286   108.9286 2.2204e+01     7.7775      1.242      1.802    17.8711 0.0000e+00
      1.269      0.004    14.3478    150.746     35.308  30.296159    17.9247     11.286   108.8671 2.2217e+01     7.6184      1.244      1.804    17.8654 0.0000e+00
      1.269      0.004    14.3336    150.684     35.286  30.269402    17.8370     11.286   108.8204 2.2237e+01     7.5092      1.245      1.806    17.8712 0.0000e+00
      1.269      0.005    14.3119    150.522     35.294  30.264570    17.7084     11.286   108.7943 2.2262e+01     7.5837      1.245      1.805    17.8898 0.0000e+00
      1.269      0.008    14.3008    150.232     35.278  30.237713    17.6591     11.286   108.8089 2.2254e+01     7.7337      1.244      1.803    17.9037 0.0000e+00
      1.270      0.012    14.2978    149.842     35.249  30.198388    17.6648     11.286   108.8248 2.2160e+01     7.7522      1.244      1.806    17.9018 0.0000e+00
      1.274      0.016    14.3001    149.363     35.234  30.169679    17.6532     11.286   108.9010 2.1939e+01     7.6366      1.247      1.809    17.8890 0.0000e+00
      1.280      0.019    14.2911    148.823     35.225  30.144308    17.6853     11.286   109.0417 2.1625e+01     7.7016      1.254      1.818    17.8708 0.0000e+00
      1.288      0.019    14.2664    148.293     35.245  30.145330    17.7775     11.285   109.0642 2.1332e+01     7.9583      1.264      1.833    17.8519 0.0000e+00
      1.295      0.017    14.2359    147.838     35.296  30.182016    17.8443     11.285   109.0004 2.1142e+01     8.0760      1.272      1.845    17.8334 0.0000e+00
      1.300      0.014    14.1958    147.469     35.321  30.207273    17.8692     11.286   108.9576 2.1057e+01     7.9967      1.276      1.851    17.8108 0.0000e+00
      1.301      0.011    14.1505    147.177     35.292  30.196985    18.0707     11.286   108.8918 2.1027e+01     7.9214      1.277      1.852    17.7822 0.0000e+00
      1.301      0.009    14.1041    146.984     35.258  30.184515    18.4814     11.286   108.8073 2.0986e+01     8.0195      1.275      1.850    17.7573 0.0000e+00
      1.301      0.008    14.0648    146.891     35.244  30.183380    18.7326     11.284   108.7962 2.0884e+01     8.1932      1.275      1.849    17.7443 0.0000e+00
      1.304      0.008    14.0290    146.890     35.243  30.183275    18.7608     11.283   108.8434 2.0714e+01     8.2109      1.278      1.854    17.7509 0.0000e+00
      1.309      0.008    13.9920    146.980     35.249  30.183245    18.8232     11.284   108.7763 2.0560e+01     8.1316      1.284      1.862    17.7768 0.0000e+00
      1.313      0.007    13.9659    147.085     35.256  30.183015    18.9711     11.284   108.6729 2.0529e+01     8.1565      1.289      1.869    17.8039 0.0000e+00
      1.314      0.006    13.9536    147.155     35.261  30.180489    19.0756     11.284   108.6255 2.0583e+01     8.3066      1.289      1.869    17.8215 0.0000e+00
