Data/DataNotYetUploadedToEDI/Raw_CTD/RawDownloads/060925_fcr20_S7809003.cnv
* Sea-Bird SBE19plus  Data File:
* FileName = C:\R\Reservoirs\Data\DataNotYetUploadedToEDI\Raw_CTD\RawDownloads\060925_fcr50_S7809_0003.hex
* Software version 2.8.0.119
* Temperature SN = 7809
* Conductivity SN = 7809
* System UpLoad Time = Jun 10 2025 13:09:13
* <ApplicationData>
* <Seaterm232>
# nquan = 15
# nvalues = 1504                        
# units = specified
# name 0 = depFM: Depth [fresh water, m]
# name 1 = dz/dtM: Descent Rate [m/s]
# name 2 = sbeox0Mg/L: Oxygen, SBE 43 [mg/l]
# name 3 = sbeox0PS: Oxygen, SBE 43 [% saturation]
# name 4 = specc: Specific Conductance [uS/cm]
# name 5 = c0uS/cm: Conductivity [uS/cm]
# name 6 = flECO-AFL: Fluorescence, WET Labs ECO-AFL/FL [mg/m^3]
# name 7 = ph: pH
# name 8 = orp: Oxidation Reduction Potential [mV]
# name 9 = par/sat/log: PAR/Logarithmic, Satlantic
# name 10 = turbWETntu0: Turbidity, WET Labs ECO [NTU]
# name 11 = prdM: Pressure, Strain Gauge [db]
# name 12 = prdE: Pressure, Strain Gauge [psi]
# name 13 = tv290C: Temperature [ITS-90, deg C]
# name 14 = flag:  0.000e+00
# span 0 =     -0.688,      2.943       
# span 1 =     -0.287,      0.207       
# span 2 =     0.0387,    16.8370       
# span 3 =      0.418,    183.122       
# span 4 =      1.668,     57.902       
# span 5 =   1.527753,  45.963419       
# span 6 =    -0.1203,    75.7398       
# span 7 =      8.193,     11.459       
# span 8 =    40.4550,   243.3303       
# span 9 = 1.2112e+00, 2.7180e+03       
# span 10 =    -0.2230,   231.0531      
# span 11 =     -0.675,      2.887      
# span 12 =     -0.981,      4.187      
# span 13 =    14.5939,    25.6376      
# span 14 = 0.0000e+00, 0.0000e+00      
# interval = seconds: 0.25
# start_time = Jun 09 2025 12:54:28 [Instrument's time stamp, header]
# bad_flag = -9.990e-29
*END*
[from data line 1446]
     -0.688     -0.016    10.8490    123.953     14.120  13.750011     0.1157     10.878    48.5804 3.8287e+02     1.6195     -0.674     -0.979    23.9397 0.0000e+00
     -0.688     -0.003    10.7136    122.585     25.730  25.038020     0.0830     10.873    49.9667 3.5912e+02     1.6349     -0.675     -0.979    23.9103 0.0000e+00
     -0.688     -0.000    10.5995    120.685     32.226  31.335132     0.0190     10.866    50.9869 3.3753e+02     1.4808     -0.674     -0.978    23.8615 0.0000e+00
     -0.688 1.3872e-10    10.5516    118.755     33.467  32.503787    -0.0338     10.857    51.7094 3.1633e+02     1.2934     -0.675     -0.979    23.7887 0.0000e+00
     -0.687 1.5260e-09    10.5059    117.450     33.598  32.570890    -0.0395     10.849    52.4215 2.9978e+02     1.2829     -0.674     -0.978    23.7134 0.0000e+00
     -0.687 1.6785e-08    10.4041    116.616     33.633  32.527011    -0.0252     10.845    52.9725 2.8983e+02     1.3190     -0.674     -0.978    23.6613 0.0000e+00
     -0.687 1.8464e-07    10.2342    114.801     33.663  32.480650    -0.0355     10.847    53.4673 2.8420e+02     1.2862     -0.674     -0.978    23.6207 0.0000e+00
     -0.687 1.8464e-07    10.0516    110.512     33.628  32.390868    -0.0730     10.847    53.9289 2.8018e+02     1.2622     -0.674     -0.978    23.5690 0.0000e+00
     -0.687 1.6785e-08     9.9573    104.127     33.208  31.948891    -0.1037     10.839    54.4242 2.7638e+02     1.2345     -0.674     -0.978    23.4777 0.0000e+00
     -0.687 1.5259e-09     9.9607     97.324     29.217  28.088266    -0.0986     10.829    54.9817 2.7329e+02     1.2923     -0.674     -0.978    23.3463 0.0000e+00
     -0.687 1.3872e-10     9.8989     91.336     19.979  19.195994    -0.0865     10.826    55.4218 2.6883e+02     1.4146     -0.674     -0.978    23.2275 0.0000e+00
     -0.687 1.2611e-11     9.5252     86.616     11.639  11.173033    -0.0987     10.826    55.6149 2.6191e+02     1.4496     -0.674     -0.978    23.1462 0.0000e+00
     -0.687 1.1465e-12     8.9197     83.311      8.389   8.043001    -0.0962     10.825    55.6820 2.5434e+02     1.5103     -0.674     -0.978    23.0901 0.0000e+00
     -0.688 1.0422e-13     8.3084     81.564      7.592   7.271450    -0.0729     10.823    55.8895 2.4778e+02     1.6357     -0.674     -0.978    23.0558 0.0000e+00
     -0.688 9.4750e-15     7.7906     81.411      7.091   6.786390    -0.0584     10.827    56.0577 2.4275e+02     1.6338     -0.674     -0.978    23.0280 0.0000e+00
     -0.687 8.6135e-16     7.3911     82.522      6.651   6.359850    -0.0708     10.840    55.9094 2.3877e+02     1.4537     -0.674     -0.978    22.9813 0.0000e+00
     -0.687 7.8305e-17     7.1096     84.224      6.259   5.978972    -0.0979     10.860    55.7318 2.3516e+02     1.3032     -0.674     -0.978    22.9229 0.0000e+00
     -0.687 7.1185e-18     6.9622     85.901      5.937   5.665802    -0.0950     10.875    55.8883 2.3290e+02     1.3511     -0.674     -0.978    22.8763 0.0000e+00
     -0.687 6.4715e-19     6.9620     87.286      5.689   5.424317    -0.0765     10.883    56.0816 2.3357e+02     1.4859     -0.674     -0.977    22.8465 0.0000e+00
     -0.687 5.8830e-20     7.0879     88.358      5.471   5.213229    -0.0917     10.881    56.0039 2.3750e+02     1.5323     -0.674     -0.978    22.8034 0.0000e+00
     -0.687 5.3485e-21     7.2634     89.133      5.265   5.014152    -0.1203     10.869    55.8955 2.4515e+02     1.5705     -0.674     -0.978    22.7468 0.0000e+00
     -0.687 4.8621e-22     7.4199     89.659      5.101   4.854515    -0.1145     10.860    55.8893 2.5632e+02     1.6748     -0.674     -0.978    22.7058 0.0000e+00
     -0.687 4.4201e-23     7.5426     90.028      4.984   4.740175    -0.0960     10.864    56.0148 2.6792e+02     1.6318     -0.673     -0.977    22.6720 0.0000e+00
     -0.687 4.0182e-24     7.6406     90.285      4.888   4.645296    -0.1055     10.875    56.4661 2.7609e+02     1.3923     -0.673     -0.977    22.6382 0.0000e+00
     -0.687 3.6530e-25     7.7105     90.455      4.771   4.530907    -0.1042     10.878    57.3018 2.7824e+02     1.2720     -0.673     -0.976    22.6080 0.0000e+00
     -0.687 3.3209e-26     7.7562     90.569      4.605   4.370718    -0.0722     10.869    58.2900 2.7524e+02     1.3050     -0.673     -0.977    22.5790 0.0000e+00
     -0.687 3.0190e-27     7.7920     90.643      4.392   4.165521    -0.0673     10.859    59.2084 2.6873e+02     1.2788     -0.673     -0.977    22.5471 0.0000e+00
     -0.687 2.7446e-28     7.8194     90.715      4.168   3.950384    -0.0956     10.859    59.8019 2.5776e+02     1.3302     -0.674     -0.977    22.5130 0.0000e+00
     -0.687 2.4950e-29     7.8370     90.785      4.008   3.796693    -0.1069     10.868    60.0450 2.4302e+02     1.5507     -0.674     -0.978    22.4794 0.0000e+00
     -0.687 2.2682e-30     7.8527     90.817      3.909   3.700935    -0.0867     10.877    60.2558 2.2810e+02     1.7247     -0.673     -0.976    22.4478 0.0000e+00
     -0.686 2.0620e-31     7.8611     90.840      3.822   3.616115    -0.0597     10.879    60.5437 2.1633e+02     1.6926     -0.672     -0.975    22.4181 0.0000e+00
     -0.686 1.8746e-32     7.8716     90.876      3.735   3.531318    -0.0634     10.878    61.0300 2.0987e+02     1.5041     -0.673     -0.976    22.3875 0.0000e+00
     -0.686 1.7041e-33     7.8856     90.907      3.637   3.435838    -0.0812     10.869    61.5756 2.0331e+02     1.3923     -0.673     -0.976    22.3568 0.0000e+00
     -0.687 1.5492e-34     7.8901     90.937      3.614   3.411881    -0.0743     10.849    61.8069 1.9898e+02     1.4339     -0.673     -0.977    22.3272 0.0000e+00
     -0.687 1.4084e-35     7.8957     90.966      4.174   3.938470    -0.0718     10.828    62.0196 2.0322e+02     1.4268     -0.673     -0.977    22.2981 0.0000e+00
     -0.687 1.2803e-36     7.9052     90.972      5.357   5.051485    -0.0687     10.818    62.3406 2.0432e+02     1.1018     -0.673     -0.977    22.2672 0.0000e+00
     -0.687 1.1640e-37     7.9120     90.970      5.933   5.592729    -0.0362     10.819    62.3326 1.9765e+02     0.5787     -0.674     -0.977    22.2358 0.0000e+00
     -0.686 1.0581e-38     7.9185     90.977      5.343   5.034371    -0.0203     10.822    61.7502 1.8821e+02     0.2592     -0.673     -0.976    22.2066 0.0000e+00
     -0.686 9.6195e-40     7.9273     90.992      4.451   4.192240    -0.0351     10.827    60.5479 1.7962e+02     0.1768     -0.673     -0.976    22.1797 0.0000e+00
     -0.686 8.7450e-41     7.9304     91.017      3.806   3.582975    -0.0320     10.836    58.7229 1.7741e+02     0.5392     -0.673     -0.977    22.1513 0.0000e+00
     -0.686 7.9500e-42     7.9344     91.046      3.378   3.179182    -0.0074     10.841    56.8069 1.8851e+02     1.2934     -0.673     -0.976    22.1217 0.0000e+00
     -0.686 7.2270e-43     7.9392     91.075      3.239   3.047518     0.0048     10.832    56.0517 2.1342e+02     1.7123     -0.673     -0.976    22.0993 0.0000e+00
     -0.686 6.5700e-44     7.9417     91.089      3.397   3.194637    -0.0094     10.812    56.5602 2.4062e+02     1.7096     -0.673     -0.976    22.0836 0.0000e+00
     -0.686 5.9730e-45     7.9477     91.087      3.724   3.501006    -0.0379     10.801    57.2776 2.6422e+02     1.9775     -0.673     -0.976    22.0684 0.0000e+00
     -0.686 5.4300e-46     7.9514     91.093      4.017   3.774468    -0.0398     10.805    57.5836 2.8415e+02     2.6626     -0.673     -0.977    22.0528 0.0000e+00
     -0.686 4.9363e-47     7.9579     91.105      4.022   3.777073    -0.0241     10.812    57.2486 3.0068e+02     3.0249     -0.673     -0.976    22.0356 0.0000e+00
     -0.686 4.4875e-48     7.9622     91.112      3.763   3.532503    -0.0312     10.812    56.6693 3.1495e+02     2.9762     -0.673     -0.977    22.0160 0.0000e+00
     -0.686 4.0796e-49     7.9635     91.121      3.503   3.287963    -0.0352     10.814    55.9133 3.2905e+02     3.0305     -0.673     -0.976    21.9964 0.0000e+00
     -0.687 3.7087e-50     7.9675     91.127      3.373   3.164229    -0.0212     10.830    55.6783 3.5499e+02     3.4420     -0.674     -0.977    21.9772 0.0000e+00
     -0.687 3.3716e-51     7.9723     91.135      3.321   3.113340    -0.0207     10.852    55.8937 4.0665e+02     4.0239     -0.674     -0.976    21.9578 0.0000e+00
     -0.687 3.0651e-52     7.9750     91.165      3.257   3.052758    -0.0371     10.865    55.4200 4.7703e+02     4.2929     -0.673     -0.977    21.9379 0.0000e+00
     -0.687 2.7866e-53     7.9793     91.196      3.137   2.938501    -0.0366     10.870    55.1990 5.3929e+02     4.3715     -0.674     -0.978    21.9177 0.0000e+00
     -0.687 2.5540e-54     7.9839     91.212      2.999   2.808750    -0.0227     10.874    55.2012 5.7985e+02     4.7347     -0.674     -0.977    21.8957 0.0000e+00
     -0.687 4.6056e-55     7.9855     91.217      2.938   2.750867    -0.0188     10.878    55.0164 6.0049e+02     5.0303     -0.674     -0.977    21.8742 0.0000e+00
     -0.687 -9.990e-29     7.9936 -9.990e-29 -9.990e-29 -9.990e-29 -9.990e-29 -9.990e-29 -9.990e-29 6.0493e+02 -9.990e-29     -0.674     -0.977    21.8513 0.0000e+00
     -0.687 -9.990e-29     7.9999 -9.990e-29 -9.990e-29 -9.990e-29 -9.990e-29 -9.990e-29 -9.990e-29 6.0341e+02 -9.990e-29     -0.674     -0.978    21.8318 0.0000e+00
     -0.687 -9.990e-29     8.0039 -9.990e-29 -9.990e-29 -9.990e-29 -9.990e-29 -9.990e-29 -9.990e-29 6.0329e+02 -9.990e-29     -0.674     -0.978    21.8088 0.0000e+00
     -0.687 -9.990e-29     8.0078 -9.990e-29 -9.990e-29 -9.990e-29 -9.990e-29 -9.990e-29 -9.990e-29 6.0380e+02 -9.990e-29     -0.674     -0.977    21.7923 0.0000e+00
