Data/DataNotYetUploadedToEDI/Raw_CTD/RawDownloads/060922_ccr50_0002.cnv
* Sea-Bird SBE19plus  Data File:
* FileName = C:\R\Reservoirs\Data\DataNotYetUploadedToEDI\Raw_CTD\RawDownloads\060922_ccr50_0002.hex
* Software version 2.8.0.119
* Temperature SN = 7809
* Conductivity SN = 7809
* System UpLoad Time = Jun 10 2022 16:05:18
* <ApplicationData>
* <Seaterm232>
# nquan = 15
# nvalues = 3420                        
# units = specified
# name 0 = depFM: Depth [fresh water, m]
# name 1 = dz/dtM: Descent Rate [m/s]
# name 2 = sbeox0Mg/L: Oxygen, SBE 43 [mg/l]
# name 3 = sbeox0PS: Oxygen, SBE 43 [% saturation]
# name 4 = specc: Specific Conductance [uS/cm]
# name 5 = c0uS/cm: Conductivity [uS/cm]
# name 6 = flECO-AFL: Fluorescence, WET Labs ECO-AFL/FL [mg/m^3]
# name 7 = ph: pH
# name 8 = orp: Oxidation Reduction Potential [mV]
# name 9 = par/sat/log: PAR/Logarithmic, Satlantic
# name 10 = turbWETntu0: Turbidity, WET Labs ECO [NTU]
# name 11 = prdM: Pressure, Strain Gauge [db]
# name 12 = prdE: Pressure, Strain Gauge [psi]
# name 13 = tv290C: Temperature [ITS-90, deg C]
# name 14 = flag:  0.000e+00
# span 0 =     -0.543,     21.316       
# span 1 =     -0.208,      0.270       
# span 2 =     2.1094,     9.2562       
# span 3 =     18.809,    101.557       
# span 4 =      0.670,    110.047       
# span 5 =   0.641814,  85.738094       
# span 6 =    -0.3344,   232.6586       
# span 7 =     -2.429,      8.270       
# span 8 = -1240.7455,   311.6673       
# span 9 = 1.2358e-01, 3.7192e+03       
# span 10 =    -8.7703,    13.9325      
# span 11 =     -0.533,     20.905      
# span 12 =     -0.774,     30.319      
# span 13 =    10.1456,    24.8156      
# span 14 = 0.0000e+00, 0.0000e+00      
# interval = seconds: 0.25
# start_time = Jun 09 2022 08:03:14 [Instrument's time stamp, header]
# bad_flag = -9.990e-29
*END*
[from data line 386]
      0.162     -0.003     7.2437     86.934     85.932  85.586815     0.4019      8.177   216.4534 1.3061e+03     0.6669      0.156      0.226    24.7947 0.0000e+00
      0.173     -0.003     7.2419     86.876     85.946  85.599536     0.3880      8.178   216.2259 1.3258e+03     0.6406      0.172      0.248    24.7952 0.0000e+00
      0.179     -0.005     7.2386     86.933     85.948  85.601923     0.3854      8.179   216.1452 1.4079e+03     0.6977      0.180      0.261    24.7949 0.0000e+00
      0.175     -0.008     7.2209     87.069     85.962  85.615669     0.3870      8.180   216.1666 1.5372e+03     0.7769      0.175      0.255    24.7941 0.0000e+00
      0.162     -0.010     7.2060     87.229     85.986  85.638594     0.3989      8.181   216.1402 1.7666e+03     0.7775      0.158      0.230    24.7931 0.0000e+00
      0.151     -0.008     7.2008     87.414     85.974  85.624839     0.3969      8.181   216.0846 1.9443e+03     0.7399      0.144      0.210    24.7925 0.0000e+00
      0.147     -0.003     7.2064     87.585     85.927  85.576498     0.3788      8.181   216.0964 2.0930e+03     0.6981      0.142      0.206    24.7924 0.0000e+00
      0.151      0.003     7.2209     87.624     85.914  85.562639     0.3632      8.182   216.2825 2.1014e+03     0.6826      0.147      0.212    24.7924 0.0000e+00
      0.160      0.005     7.2329     87.529     85.937  85.584407     0.3659      8.184   216.6995 2.1225e+03     0.6882      0.157      0.227    24.7919 0.0000e+00
      0.169      0.005     7.2480     87.393     85.940  85.585431     0.3786      8.186   217.0954 2.0935e+03     0.6971      0.169      0.245    24.7912 0.0000e+00
      0.171      0.001     7.2689     87.216     85.930  85.575008     0.3840      8.187   217.2831 1.8295e+03     0.7222      0.172      0.249    24.7899 0.0000e+00
      0.165     -0.004     7.2720     86.981     85.941  85.585522     0.3892      8.188   217.4210 2.0460e+03     0.7184      0.163      0.236    24.7896 0.0000e+00
      0.157     -0.007     7.2581     86.743     85.941  85.585419     0.3999      8.189   217.5574 2.2733e+03     0.6864      0.151      0.220    24.7895 0.0000e+00
      0.152     -0.007     7.2493     86.554     85.930  85.573758     0.4046      8.189   217.2969 1.8091e+03     0.6756      0.147      0.214    24.7881 0.0000e+00
      0.152     -0.003     7.2358     86.408     85.929  85.571666     0.3966      8.188   216.9389 1.4421e+03     0.6570      0.149      0.216    24.7872 0.0000e+00
      0.155      0.004     7.2139     86.297     85.919  85.560118     0.3937      8.189   217.1002 1.2581e+03     0.6663      0.152      0.221    24.7872 0.0000e+00
      0.157      0.010     7.1917     86.260     85.921  85.561265     0.4033      8.189   217.3545 1.1057e+03     0.7528      0.154      0.224    24.7874 0.0000e+00
      0.158      0.010     7.1775     86.335     85.946  85.585535     0.4046      8.188   217.5188 1.3727e+03     0.8156      0.154      0.223    24.7867 0.0000e+00
      0.162      0.001     7.1660     86.521     85.959  85.599299     0.4012      8.187   217.7098 1.7182e+03     0.7761      0.157      0.228    24.7857 0.0000e+00
      0.170     -0.016     7.1553     86.796     85.959  85.600550     0.3961      8.187   217.7719 1.7646e+03     0.6851      0.169      0.244    24.7846 0.0000e+00
      0.174     -0.039     7.1507     87.119     85.958  85.600662     0.3838      8.187   217.8392 1.6669e+03     0.6373      0.178      0.258    24.7841 0.0000e+00
      0.164     -0.064     7.1572     87.394     85.957  85.600663     0.3780      8.189   217.7488 1.4172e+03     0.6433      0.167      0.242    24.7846 0.0000e+00
      0.136     -0.088     7.1738     87.526     85.955  85.600560     0.3756      8.191   217.4537 1.1181e+03     0.6889      0.136      0.197    24.7850 0.0000e+00
      0.101     -0.106     7.1963     87.496     85.951  85.599422     0.3805      8.194   217.3685 8.8557e+02     0.7446      0.100      0.144    24.7852 0.0000e+00
      0.065     -0.113     7.2272     87.356     85.936  85.586908     0.3862      8.195   217.5792 5.9238e+02     0.7702      0.062      0.090    24.7858 0.0000e+00
      0.031     -0.108     7.2528     87.160     85.923  85.576393     0.3700      8.195   218.0218 3.9790e+02     0.7594      0.029      0.042    24.7868 0.0000e+00
      0.003     -0.092     7.2644     86.946     85.944  85.599423     0.3509      8.194   218.5905 3.4730e+02     0.7167      0.001      0.001    24.7880 0.0000e+00
     -0.020     -0.072     7.2591     86.761     85.954  85.611094     0.3379      8.194   218.8630 3.3043e+02     0.6972     -0.022     -0.032    24.7897 0.0000e+00
     -0.036     -0.052     7.2457     86.581     85.932  85.590376     0.3380      8.195   218.8205 3.3522e+02     0.6948     -0.039     -0.055    24.7915 0.0000e+00
     -0.043     -0.034     7.2294     86.411     85.944  85.603193     0.3610      8.196   219.0231 3.3635e+02     0.6884     -0.044     -0.064    24.7926 0.0000e+00
     -0.045     -0.019     7.2078     86.353     85.979  85.638935     0.3830      8.196   219.5066 3.8512e+02     0.7223     -0.044     -0.064    24.7934 0.0000e+00
     -0.046     -0.009     7.1946     86.412     85.980  85.641124     0.3950      8.196   219.6751 4.6040e+02     0.7627     -0.046     -0.066    24.7946 0.0000e+00
     -0.046     -0.003     7.1813     86.513     85.967  85.629661     0.3985      8.197   219.5131 5.0731e+02     0.7676     -0.046     -0.067    24.7956 0.0000e+00
     -0.046     -0.001     7.1605     86.650     85.964  85.627472     0.3915      8.199   219.4399 5.8092e+02     0.7466     -0.046     -0.066    24.7958 0.0000e+00
     -0.045     -0.001     7.1563     86.782     85.951  85.614664     0.3778      8.200   219.3059 6.8100e+02     0.7133     -0.045     -0.066    24.7960 0.0000e+00
     -0.044     -0.002     7.1658     86.818     85.938  85.601942     0.3742      8.200   218.9260 7.3316e+02     0.6726     -0.043     -0.062    24.7969 0.0000e+00
     -0.044     -0.002     7.1721     86.792     85.937  85.600786     0.3894      8.201   218.6325 7.9678e+02     0.6649     -0.042     -0.061    24.7978 0.0000e+00
     -0.047     -0.002     7.1838     86.788     85.937  85.600681     0.4034      8.202   218.5109 9.5739e+02     0.7229     -0.046     -0.067    24.7984 0.0000e+00
     -0.050     -0.002     7.2004     86.746     85.937  85.600671     0.4108      8.203   218.3153 1.1236e+03     0.7580     -0.050     -0.072    24.7987 0.0000e+00
     -0.050     -0.000     7.2013     86.607     85.937  85.600671     0.4120      8.204   218.3326 1.2570e+03     0.7485     -0.050     -0.072    24.7988 0.0000e+00
     -0.049      0.005     7.1939     86.497     85.936  85.600680     0.3923      8.204   218.5479 1.4215e+03     0.7105     -0.048     -0.070    24.7987 0.0000e+00
     -0.048      0.011     7.1974     86.531     85.935  85.600785     0.3563      8.204   218.5099 1.3613e+03     0.6398     -0.048     -0.070    24.7985 0.0000e+00
     -0.046      0.018     7.1981     86.660     85.934  85.601931     0.3340      8.204   218.4748 9.4107e+02     0.6457     -0.046     -0.067    24.7983 0.0000e+00
     -0.041      0.025     7.1802     86.778     85.944  85.614539     0.3312      8.202   218.5536 5.9181e+02     0.7134     -0.041     -0.060    24.7985 0.0000e+00
     -0.033      0.032     7.1661     86.848     85.955  85.626096     0.3313      8.200   218.5167 6.7242e+02     0.7406     -0.034     -0.049    24.7987 0.0000e+00
     -0.022      0.042     7.1722     86.910     85.945  85.614539     0.3343      8.199   218.4583 1.0445e+03     0.7692     -0.022     -0.033    24.7988 0.0000e+00
     -0.011      0.053     7.1863     87.033     85.934  85.601932     0.3425      8.197   218.4500 1.3423e+03     0.7866     -0.011     -0.016    24.8008 0.0000e+00
      0.000      0.063     7.1968     87.197     85.935  85.600787     0.3396      8.195   218.5016 1.3992e+03     0.7465      0.000      0.001    24.8038 0.0000e+00
      0.015      0.072     7.2013     87.345     85.937  85.600693     0.3239      8.195   218.4808 1.3347e+03     0.6943      0.010      0.015    24.8036 0.0000e+00
      0.039      0.078     7.2034     87.472     85.937  85.600788     0.3184      8.195   218.3699 1.4042e+03     0.6675      0.036      0.054    24.8016 0.0000e+00
      0.066      0.083     7.2144     87.528     85.939  85.601933     0.3231      8.194   218.3658 1.4575e+03     0.6953      0.068      0.099    24.8009 0.0000e+00
      0.089      0.088     7.2321     87.466     85.954  85.614541     0.3226      8.193   218.4309 1.1829e+03     0.7231      0.086      0.124    24.7996 0.0000e+00
      0.110      0.092     7.2419     87.266     85.967  85.626088     0.3207      8.193   218.4690 8.2637e+02     0.6957      0.109      0.158    24.7984 0.0000e+00
      0.130      0.097     7.2553     86.881     85.955  85.614417     0.3426      8.194   218.4824 6.8032e+02     0.6722      0.129      0.187    24.7983 0.0000e+00
      0.151      0.103     7.2621     86.407     85.942  85.600557     0.3792      8.195   218.5074 7.1891e+02     0.6778      0.144      0.209    24.7977 0.0000e+00
      0.178      0.114     7.2557     86.104     85.931  85.585636     0.3892      8.195   218.7709 6.6628e+02     0.6949      0.173      0.250    24.7963 0.0000e+00
      0.211      0.128     7.2432     86.105     85.912  85.561138     0.3793      8.193   219.4311 5.0131e+02     0.6744      0.208      0.302    24.7956 0.0000e+00
      0.244      0.143     7.2088     86.298     85.915  85.558608     0.3926      8.190   220.1227 4.1849e+02     0.6345      0.241      0.349    24.7961 0.0000e+00
      0.279      0.153     7.1588     86.530     85.917  85.555036     0.4331      8.188   220.6803 3.1063e+02     0.6568      0.270      0.390    24.7961 0.0000e+00
      0.323      0.156     7.1289     86.766     85.888  85.517940     0.4617      8.185   221.2689 2.0528e+02     0.7058      0.312      0.452    24.7935 0.0000e+00
      0.374      0.153     7.1355     87.048     85.874  85.491472     0.4644      8.185   221.7327 1.8694e+02     0.7142      0.371      0.538    24.7897 0.0000e+00
      0.419      0.148     7.1572     87.349     85.885  85.489260     0.4571      8.185   222.0723 1.8071e+02     0.6894      0.416      0.602    24.7867 0.0000e+00
      0.453      0.142     7.1774     87.552     85.894  85.491163     0.4484      8.185   222.5361 1.6781e+02     0.6785      0.446      0.646    24.7836 0.0000e+00
      0.480      0.136     7.1953     87.638     85.916  85.514475     0.4420      8.184   223.0372 1.6031e+02     0.6856      0.471      0.684    24.7799 0.0000e+00
      0.508      0.131     7.2191     87.682     85.917  85.516850     0.4383      8.184   223.3987 1.5071e+02     0.6731      0.495      0.719    24.7724 0.0000e+00
      0.541      0.131     7.2522     87.712     85.861  85.456314     0.4535      8.184   223.6385 1.3964e+02     0.6641      0.529      0.767    24.7611 0.0000e+00
      0.578      0.132     7.2696     87.721     85.837  85.418197     0.4928      8.184   223.8712 1.3810e+02     0.7131      0.566      0.823    24.7579 0.0000e+00
      0.616      0.132     7.2718     87.694     85.874  85.437363     0.5223      8.184   224.1474 1.3936e+02     0.7871      0.605      0.878    24.7607 0.0000e+00
      0.652      0.128     7.2760     87.669     85.883  85.433758     0.5186      8.184   224.3964 1.3696e+02     0.7729      0.641      0.929    24.7624 0.0000e+00
      0.685      0.121     7.2779     87.704     85.835  85.374586     0.4985      8.184   224.5594 1.4182e+02     0.6785      0.673      0.976    24.7613 0.0000e+00
      0.715      0.117     7.2818     87.783     85.776  85.294003     0.4952      8.184   224.6554 1.5053e+02     0.6366      0.704      1.021    24.7506 0.0000e+00
      0.740      0.118     7.2803     87.871     85.741  85.222195     0.5046      8.184   224.7830 1.5070e+02     0.6762      0.728      1.055    24.7372 0.0000e+00
      0.761      0.123     7.2753     87.968     85.769  85.205530     0.5032      8.184   224.8981 1.4981e+02     0.7137      0.743      1.079    24.7321 0.0000e+00
      0.788      0.128     7.2805     88.039     85.821  85.219574     0.5110      8.185   225.0141 1.5175e+02     0.7139      0.766      1.112    24.7286 0.0000e+00
      0.828      0.129     7.2905     88.035     85.826  85.201239     0.5412      8.185   225.1531 1.4842e+02     0.7129      0.810      1.174    24.7163 0.0000e+00
      0.875      0.126     7.2991     87.962     85.814  85.174513     0.5607      8.186   225.2025 1.4038e+02     0.7351      0.862      1.250    24.6939 0.0000e+00
      0.915      0.118     7.3131     87.881     85.804  85.150678     0.5634      8.187   225.2672 1.3769e+02     0.7437      0.902      1.307    24.6632 0.0000e+00
      0.942      0.107     7.3243     87.842     85.773  85.103721     0.5654      8.187   225.5042 1.3679e+02     0.7139      0.927      1.345    24.6405 0.0000e+00
      0.959      0.097     7.3250     87.870     85.743  85.051706     0.5597      8.185   225.7452 1.3041e+02     0.6820      0.942      1.365    24.6288 0.0000e+00
      0.972      0.091     7.3181     88.003     85.749  85.030260     0.5531      8.183   225.7723 1.2433e+02     0.6663      0.952      1.380    24.6208 0.0000e+00
      0.989      0.090     7.3099     88.201     85.776  85.035068     0.5609      8.182   225.7463 1.1950e+02     0.6949      0.966      1.402    24.6136 0.0000e+00
      1.015      0.094     7.3090     88.410     85.797  85.046236     0.5708      8.182   225.8610 1.1356e+02     0.7545      0.993      1.440    24.6053 0.0000e+00
      1.049      0.098     7.3095     88.635     85.800  85.038146     0.5810      8.183   226.0409 1.0874e+02     0.7380      1.031      1.494    24.5935 0.0000e+00
      1.079      0.098     7.3254     88.824     85.782  85.000797     0.6007      8.185   226.2008 1.0751e+02     0.6659      1.061      1.539    24.5732 0.0000e+00
      1.103      0.095     7.3473     88.939     85.781  84.976008     0.6170      8.185   226.4171 1.0810e+02     0.6681      1.083      1.570    24.5586 0.0000e+00
      1.124      0.090     7.3615     88.989     85.818  84.992653     0.6206      8.184   226.6781 1.0753e+02     0.6959      1.102      1.598    24.5578 0.0000e+00
      1.144      0.087     7.3844     88.956     85.853  85.011335     0.6201      8.183   226.8611 1.0736e+02     0.6953      1.123      1.629    24.5535 0.0000e+00
      1.163      0.091     7.4036     88.865     85.863  85.011164     0.6270      8.182   226.9937 1.0919e+02     0.7288      1.142      1.655    24.5387 0.0000e+00
      1.183      0.101     7.4133     88.790     85.849  84.990570     0.6379      8.181   227.0775 1.1120e+02     0.7590      1.158      1.680    24.5238 0.0000e+00
      1.205      0.111     7.4211     88.761     85.815  84.953019     0.6353      8.180   227.0131 1.1175e+02     0.7532      1.178      1.710    24.5122 0.0000e+00
      1.237      0.117     7.4191     88.783     85.804  84.938526     0.6193      8.180   226.9897 1.1258e+02     0.7275      1.208      1.753    24.5033 0.0000e+00
      1.277      0.119     7.4085     88.867     85.810  84.942455     0.6113      8.182   227.1395 1.1425e+02     0.6871      1.255      1.819    24.4972 0.0000e+00
      1.317      0.115     7.4026     89.009     85.805  84.936953     0.6223      8.184   227.1891 1.1624e+02     0.7092      1.298      1.882    24.4934 0.0000e+00
      1.347      0.107     7.4008     89.200     85.805  84.935568     0.6353      8.184   227.1595 1.1874e+02     0.7892      1.323      1.920    24.4913 0.0000e+00
      1.368      0.097     7.4017     89.391     85.799  84.925705     0.6353      8.184   227.2117 1.2034e+02     0.8349      1.342      1.947    24.4899 0.0000e+00
