Data/DataNotYetUploadedToEDI/Raw_CTD/RawDownloads/060925_bvr50_S8188001.cnv
* Sea-Bird SBE19plus  Data File:
* FileName = C:\R\Reservoirs\Data\DataNotYetUploadedToEDI\Raw_CTD\RawDownloads\060925_bvr50_S8188_0001.hex
* Software version 2.8.0.119
* Temperature SN = 8188
* Conductivity SN = 8188
* System UpLoad Time = Jun 25 2025 16:12:21
* <ApplicationData>
* <Seaterm232>
# nquan = 16
# nvalues = 1878                        
# units = specified
# name 0 = depFM: Depth [fresh water, m]
# name 1 = dz/dtM: Descent Rate [m/s]
# name 2 = sbeox0Mg/L: Oxygen, SBE 43 [mg/l]
# name 3 = sbeox0PS: Oxygen, SBE 43 [% saturation]
# name 4 = specc: Specific Conductance [uS/cm]
# name 5 = c0uS/cm: Conductivity [uS/cm]
# name 6 = wetCDOM: Fluorescence, WET Labs CDOM [mg/m^3]
# name 7 = flECO-AFL: Fluorescence, WET Labs ECO-AFL/FL [mg/m^3]
# name 8 = flECO-AFL1: Fluorescence, WET Labs ECO-AFL/FL, 2 [mg/m^3]
# name 9 = flECO-AFL2: Fluorescence, WET Labs ECO-AFL/FL, 3 [mg/m^3]
# name 10 = par/sat/log: PAR/Logarithmic, Satlantic
# name 11 = turbWETntu0: Turbidity, WET Labs ECO [NTU]
# name 12 = prdM: Pressure, Strain Gauge [db]
# name 13 = prdE: Pressure, Strain Gauge [psi]
# name 14 = tv290C: Temperature [ITS-90, deg C]
# name 15 = flag:  0.000e+00
# span 0 =     -0.770,      6.625       
# span 1 =     -0.249,      0.131       
# span 2 =    -0.3090,    15.3235       
# span 3 =     -3.124,    177.381       
# span 4 =   -667.698,    472.040       
# span 5 =-503.225589, 349.482632       
# span 6 =    -4.5000,    46.8900       
# span 7 =    -1.5053,    43.1502       
# span 8 =    -2.1300,     7.9662       
# span 9 =    -4.6530,     8.4177       
# span 10 = 1.1582e-01, 1.9942e+03      
# span 11 =    -4.0106,   132.1437      
# span 12 =     -0.755,      6.497      
# span 13 =     -1.095,      9.423      
# span 14 =    11.4546,    25.3870      
# span 15 = 0.0000e+00, 0.0000e+00      
# interval = seconds: 0.25
# start_time = Jun 09 2025 09:28:46 [Instrument's time stamp, header]
# bad_flag = -9.990e-29
*END*
[from data line 1266]
      2.225      0.038     3.2262     31.607     29.250  24.055172    24.2100    19.5140     0.1278     2.9610 3.3675e+00     7.5760      2.182      3.164    16.1955 0.0000e+00
      2.234      0.037     3.2305     30.352     29.319  24.101294    24.2100    19.4873     0.1278     2.9610 3.2645e+00     7.5760      2.191      3.177    16.1787 0.0000e+00
      2.243      0.037     3.2207     28.532     29.411  24.167781    24.2100    19.5178     0.1278     2.9610 3.1950e+00     7.5911      2.200      3.191    16.1588 0.0000e+00
      2.253      0.037     3.1850     26.171     29.526  24.252452    24.2100    17.6143     0.1278     2.9610 3.1257e+00     7.5307      2.209      3.204    16.1374 0.0000e+00
      2.262      0.037     3.1115     23.406     29.635  24.332094    24.2100    17.5876     0.1278     2.9610 3.0865e+00     7.6365      2.218      3.217    16.1167 0.0000e+00
      2.271      0.038     2.9890     20.428     29.726  24.396088    24.1200    17.6181     0.1704     2.8341 3.1054e+00     7.5307      2.227      3.230    16.0985 0.0000e+00
      2.280      0.038     2.8105     17.399     29.817  24.461497    24.1200    17.5570     0.1704     2.8341 3.0110e+00     7.5760      2.237      3.244    16.0831 0.0000e+00
      2.290      0.039     2.5786     14.412     29.922  24.539792    24.1200    17.7211     0.1704     2.8341 2.9520e+00     8.0292      2.246      3.258    16.0677 0.0000e+00
      2.300      0.040     2.3069     11.523     30.046  24.633930    24.1200    17.7402     0.1704     2.8341 2.8924e+00     8.0594      2.256      3.272    16.0500 0.0000e+00
      2.311      0.040     2.0141      8.817     30.180  24.737159    24.1200    17.6829     0.1278     2.7918 2.8413e+00     7.9839      2.267      3.287    16.0316 0.0000e+00
      2.321      0.041     1.7160      6.399     30.304  24.831212    24.1200    17.6982     0.1278     2.7918 2.7790e+00     8.0141      2.277      3.302    16.0154 0.0000e+00
      2.332      0.042     1.4217      4.331     30.427  24.925242    24.1200    18.7472     0.1278     2.7918 2.7603e+00     8.2558      2.287      3.317    16.0021 0.0000e+00
      2.342      0.043     1.1370      2.614     30.550  25.018438    24.1200    18.7549     0.1278     2.7918 2.7585e+00     8.2558      2.297      3.332    15.9904 0.0000e+00
      2.353      0.044     0.8701      1.226     30.634  25.079902    24.0300    18.7472     0.1704     2.6226 2.7228e+00     8.2709      2.308      3.347    15.9786 0.0000e+00
      2.365      0.045     0.6315      0.153     30.668  25.100141    24.0300    18.7701     0.1704     2.6226 2.6441e+00     8.2709      2.319      3.364    15.9666 0.0000e+00
      2.377      0.046     0.4274     -0.640     30.677  25.102470    24.0300    14.1810     0.1704     2.6226 2.5371e+00     8.5428      2.331      3.381    15.9550 0.0000e+00
      2.389      0.047     0.2580     -1.247     30.689  25.109413    24.0300    14.2001     0.1704     2.6226 2.4826e+00     8.5126      2.343      3.398    15.9430 0.0000e+00
      2.401      0.047     0.1210     -1.779     30.713  25.126803    24.1200    14.2001     0.1704     2.4957 2.4478e+00     8.6637      2.355      3.415    15.9302 0.0000e+00
      2.413      0.046     0.0150     -2.283     30.739  25.147331    24.1200    14.1886     0.1704     2.4957 2.4098e+00     8.5428      2.367      3.432    15.9186 0.0000e+00
      2.425      0.045    -0.0634     -2.727     30.750  25.156561    24.1200    14.3679     0.1704     2.4957 2.3083e+00     8.7845      2.378      3.449    15.9103 0.0000e+00
      2.437      0.044    -0.1233     -3.034     30.766  25.168900    24.1200    14.3755     0.1704     2.4957 2.2656e+00     8.8148      2.390      3.465    15.9055 0.0000e+00
      2.448      0.043    -0.1759     -3.124     30.830  25.219496    24.1200    14.3755     0.1704     2.4957 2.2362e+00     8.7392      2.400      3.481    15.9029 0.0000e+00
      2.459      0.043    -0.2258     -2.943     30.945  25.309894    24.0300    14.4137     0.1704     2.4111 2.2241e+00     8.7392      2.411      3.496    15.9016 0.0000e+00
      2.469      0.042    -0.2697     -2.490     31.076  25.410442    24.0300    16.4050     0.1704     2.4111 2.1365e+00     9.1471      2.422      3.512    15.9010 0.0000e+00
      2.480      0.041    -0.3001     -1.817     31.223  25.522067    24.0300    16.4202     0.1704     2.4111 2.0734e+00     9.3133      2.432      3.527    15.9000 0.0000e+00
      2.490      0.041    -0.3090     -1.036     31.449  25.696439    24.0300    16.4317     0.1704     2.4111 2.1079e+00     9.2679      2.442      3.542    15.8973 0.0000e+00
      2.500      0.042    -0.2911     -0.292     31.815  25.984037    24.0300    16.4317     0.1704     2.4534 2.0200e+00     9.1924      2.452      3.556    15.8911 0.0000e+00
      2.511      0.042    -0.2463      0.289     32.275  26.346068    24.0300    12.2889     0.1704     2.4534 2.0191e+00     8.7694      2.462      3.571    15.8809 0.0000e+00
      2.521      0.043    -0.1798      0.644     32.703  26.679953    24.0300    12.3041     0.1704     2.4534 1.9761e+00     8.6788      2.472      3.586    15.8675 0.0000e+00
      2.532      0.043    -0.1024      0.771     33.039  26.939324    24.0300    12.2965     0.1704     2.4534 1.9295e+00     8.7543      2.483      3.602    15.8519 0.0000e+00
      2.544      0.044    -0.0287      0.713     33.301  27.139583    24.0300    12.2850     0.1704     2.8764 1.8737e+00     8.7543      2.494      3.618    15.8339 0.0000e+00
      2.555      0.044     0.0287      0.536     33.549  27.330147    24.0300     9.5155     0.1704     2.8764 1.8656e+00     8.7392      2.505      3.634    15.8128 0.0000e+00
      2.566      0.044     0.0639      0.312     33.824  27.543913    24.0300     9.5079     0.1704     2.8764 1.8450e+00     8.7392      2.516      3.650    15.7901 0.0000e+00
      2.578      0.045     0.0765      0.108     34.096  27.756240    24.0300     9.4774     0.1704     2.8764 1.8144e+00     8.7090      2.527      3.666    15.7676 0.0000e+00
      2.589      0.045     0.0708     -0.032     34.317  27.928163    24.2100     9.4965     0.1704     2.9187 1.7792e+00     8.7241      2.538      3.682    15.7470 0.0000e+00
      2.600      0.045     0.0531     -0.086     34.516  28.083623    24.2100     6.1013     0.1704     2.9187 1.7524e+00     7.5609      2.550      3.698    15.7291 0.0000e+00
      2.612      0.046     0.0310     -0.058     34.826  28.329790    24.2100     6.0861     0.1704     2.9187 1.6881e+00     7.6062      2.561      3.715    15.7138 0.0000e+00
      2.624      0.046     0.0107      0.029     35.276  28.686508    24.2100     6.1051     0.1704     2.9187 1.6550e+00     7.5609      2.573      3.732    15.7004 0.0000e+00
      2.635      0.046    -0.0032      0.158     35.742  29.049760    24.2100     6.0899     0.1704     2.9187 1.6443e+00     7.6365      2.584      3.748    15.6891 0.0000e+00
      2.647      0.046    -0.0086      0.317     36.187  29.390952    24.9300     5.4795     0.2130     5.0337 1.6027e+00     6.8811      2.596      3.765    15.6803 0.0000e+00
      2.659      0.046    -0.0058      0.490     36.668  29.759247    24.9300     5.4719     0.2130     5.0337 1.5778e+00     6.8811      2.608      3.782    15.6717 0.0000e+00
      2.671      0.046     0.0029      0.658     37.141  30.119420    24.9300     5.4719     0.2130     5.0337 1.5312e+00     6.7905      2.619      3.799    15.6581 0.0000e+00
      2.683      0.046     0.0158      0.802     37.484  30.374335    24.9300     5.4910     0.2130     5.0337 1.5298e+00     6.7905      2.631      3.815    15.6366 0.0000e+00
      2.694      0.046     0.0316      0.907     37.684  30.516285    25.4700     5.4643     0.2130     6.4719 1.4976e+00     6.6696      2.642      3.832    15.6090 0.0000e+00
      2.706      0.046     0.0489      0.970     37.835  30.622957    25.4700     5.4872     0.2130     6.4719 1.4352e+00     6.6092      2.654      3.849    15.5782 0.0000e+00
      2.718      0.045     0.0656      1.000     38.000  30.744704    25.4700     5.4528     0.2130     6.4719 1.4153e+00     6.5941      2.665      3.866    15.5458 0.0000e+00
      2.729      0.045     0.0800      1.004     38.189  30.888101    25.4700     5.4910     0.2130     6.4719 1.3831e+00     6.6847      2.677      3.882    15.5143 0.0000e+00
      2.741      0.044     0.0905      0.987     38.428  31.071469    25.2000     5.1019     0.2130     5.4990 1.3344e+00     6.1258      2.688      3.898    15.4872 0.0000e+00
      2.752      0.044     0.0969      0.961     38.727  31.299892    25.2000     5.0752     0.2130     5.4990 1.3208e+00     6.1258      2.698      3.914    15.4663 0.0000e+00
      2.762      0.044     0.0999      0.936     39.015  31.516770    25.2000     5.1057     0.2130     5.4990 1.3171e+00     6.0654      2.709      3.929    15.4508 0.0000e+00
      2.773      0.044     0.1003      0.921     39.232  31.674377    25.2000     5.1286     0.2130     5.4990 1.3103e+00     6.1560      2.720      3.944    15.4384 0.0000e+00
      2.784      0.044     0.0986      0.917     39.386  31.780882    25.6500     4.6670     0.2556     6.6411 1.2694e+00     6.1258      2.730      3.960    15.4253 0.0000e+00
      2.796      0.044     0.0960      0.924     39.494  31.852733    25.6500     4.6937     0.2556     6.6411 1.2114e+00     6.1409      2.742      3.976    15.4085 0.0000e+00
      2.807      0.044     0.0936      0.936     39.585  31.913074    25.6500     4.6784     0.2556     6.6411 1.1601e+00     6.0956      2.753      3.993    15.3876 0.0000e+00
      2.818      0.044     0.0921      0.951     39.720  32.011854    25.6500     4.6937     0.2556     6.6411 1.1571e+00     6.1107      2.764      4.009    15.3646 0.0000e+00
      2.830      0.044     0.0918      0.964     39.938  32.177408    25.6500     4.1444     0.2556     6.6411 1.1451e+00     5.7481      2.775      4.025    15.3422 0.0000e+00
      2.841      0.044     0.0925      0.976     40.181  32.362261    26.1000     4.1329     0.2130     8.4177 1.1142e+00     5.8388      2.786      4.041    15.3227 0.0000e+00
      2.852      0.044     0.0938      0.987     40.364  32.498190    26.1000     4.1673     0.2130     8.4177 1.0879e+00     6.0201      2.797      4.056    15.3068 0.0000e+00
      2.863      0.044     0.0953      0.993     40.490  32.587582    26.1000     4.1711     0.2130     8.4177 1.0883e+00     5.8841      2.808      4.072    15.2934 0.0000e+00
      2.875      0.044     0.0966      0.999     40.625  32.686144    26.1000     3.8316     0.2130     8.4177 1.0439e+00     5.9143      2.819      4.088    15.2808 0.0000e+00
      2.886      0.044     0.0979      1.006     40.833  32.844061    26.8200     3.8201     0.2130     7.4871 1.0159e+00     5.8388      2.830      4.105    15.2674 0.0000e+00
      2.897      0.044     0.0989      1.015     41.105  33.051656    26.8200     3.8316     0.2130     7.4871 1.0021e+00     5.8992      2.841      4.121    15.2530 0.0000e+00
      2.908      0.044     0.0996      1.023     41.368  33.248759    26.8200     3.8583     0.2130     7.4871 9.8889e-01     5.9143      2.852      4.136    15.2387 0.0000e+00
      2.919      0.043     0.1002      1.026     41.581  33.404271    26.8200     3.2097     0.2130     7.4871 9.5013e-01     5.4007      2.863      4.152    15.2259 0.0000e+00
      2.930      0.043     0.1009      1.027     41.745  33.519823    27.1800     3.2441     0.2130     6.9795 9.0874e-01     5.3403      2.873      4.168    15.2141 0.0000e+00
      2.941      0.042     0.1019      1.024     41.890  33.622245    27.1800     3.2059     0.2130     6.9795 9.3214e-01     5.5216      2.884      4.183    15.2005 0.0000e+00
      2.952      0.042     0.1027      1.021     42.049  33.736857    27.1800     3.1983     0.2130     6.9795 8.7749e-01     5.4158      2.895      4.199    15.1834 0.0000e+00
      2.963      0.041     0.1031      1.020     42.222  33.864342    27.1800     2.5956     0.2130     6.9795 8.7293e-01     5.0381      2.905      4.214    15.1641 0.0000e+00
      2.973      0.041     0.1033      1.019     42.413  34.006825    27.1800     2.6299     0.2130     6.9795 8.8036e-01     5.1288      2.915      4.228    15.1450 0.0000e+00
      2.983      0.041     0.1030      1.015     42.612  34.156486    28.0800     2.5803     0.2130     7.0218 8.4861e-01     5.2194      2.925      4.242    15.1278 0.0000e+00
      2.993      0.042     0.1028      1.009     42.811  34.305427    28.0800     2.5956     0.2130     7.0218 8.0392e-01     5.2194      2.935      4.257    15.1128 0.0000e+00
      3.003      0.042     0.1027      0.998     43.008  34.453526    28.0800     2.3667     0.2130     7.0218 8.0865e-01     5.1892      2.945      4.272    15.0995 0.0000e+00
      3.014      0.043     0.1026      0.986     43.196  34.594458    28.0800     2.3781     0.2130     7.0218 7.1522e-01     5.0986      2.956      4.288    15.0872 0.0000e+00
      3.026      0.043     0.1023      0.975     43.352  34.712022    31.6800     2.3514     0.2130     6.5142 6.9818e-01     5.0684      2.967      4.304    15.0752 0.0000e+00
      3.037      0.043     0.1016      0.967     43.475  34.803702    31.6800     2.3858     0.2130     6.5142 6.7212e-01     5.1288      2.978      4.320    15.0631 0.0000e+00
      3.048      0.043     0.1005      0.963     43.598  34.897929    31.6800     2.4277     0.2130     6.5142 6.7917e-01     4.6605      2.989      4.335    15.0512 0.0000e+00
      3.058      0.044     0.0993      0.964     43.765  35.027800    31.6800     2.4048     0.2130     6.5142 6.5596e-01     4.6907      2.999      4.350    15.0402 0.0000e+00
      3.069      0.044     0.0982      0.968     43.970  35.190097    37.8000     2.4582     0.1704     5.7951 6.5739e-01     4.6152      3.010      4.365    15.0309 0.0000e+00
      3.080      0.045     0.0974      0.971     44.141  35.326503    37.8000     2.4582     0.1704     5.7951 6.5896e-01     4.7209      3.021      4.381    15.0237 0.0000e+00
      3.092      0.046     0.0970      0.968     44.238  35.405662    37.8000     2.1950     0.1704     5.7951 6.3977e-01     4.9626      3.032      4.398    15.0185 0.0000e+00
      3.104      0.047     0.0972      0.965     44.313  35.468605    37.8000     2.1836     0.1704     5.7951 6.2209e-01     4.8720      3.044      4.415    15.0148 0.0000e+00
      3.117      0.048     0.0976      0.960     44.479  35.601839    36.8100     2.1683     0.1704     5.1183 5.7917e-01     4.9173      3.056      4.433    15.0123 0.0000e+00
      3.129      0.048     0.0979      0.951     44.833  35.882728    36.8100     2.1721     0.1704     5.1183 5.6981e-01     4.8720      3.069      4.451    15.0119 0.0000e+00
      3.142      0.048     0.0976      0.943     45.349  36.286569    36.8100     2.1035     0.1704     5.1183 5.3757e-01     4.9173      3.081      4.468    15.0141 0.0000e+00
      3.154      0.048     0.0973      0.933     45.936  36.741762    36.8100     2.1111     0.1704     5.1183 5.5129e-01     4.8569      3.093      4.486    15.0172 0.0000e+00
      3.166      0.047     0.0968      0.918     46.538  37.204337    36.8100     2.1225     0.1704     5.1183 5.1426e-01     4.9626      3.105      4.503    15.0184 0.0000e+00
      3.178      0.047     0.0959      0.906     47.131  37.656197    37.7100     2.1454     0.2130     5.1606 4.7124e-01     5.0684      3.117      4.521    15.0152 0.0000e+00
      3.190      0.046     0.0951      0.901     47.756  38.132170    37.7100     1.9661     0.2130     5.1606 4.8107e-01     4.9475      3.129      4.538    15.0059 0.0000e+00
      3.201      0.046     0.0941      0.902     48.423  38.639638    37.7100     1.9928     0.2130     5.1606 4.9239e-01     4.8267      3.140      4.554    14.9906 0.0000e+00
