Data/DataNotYetUploadedToEDI/Raw_CTD/RawDownloads/060925_fcr20_S7809003.cnv
* Sea-Bird SBE19plus  Data File:
* FileName = C:\R\Reservoirs\Data\DataNotYetUploadedToEDI\Raw_CTD\RawDownloads\060925_fcr50_S7809_0003.hex
* Software version 2.8.0.119
* Temperature SN = 7809
* Conductivity SN = 7809
* System UpLoad Time = Jun 10 2025 13:09:13
* <ApplicationData>
* <Seaterm232>
# nquan = 15
# nvalues = 1504                        
# units = specified
# name 0 = depFM: Depth [fresh water, m]
# name 1 = dz/dtM: Descent Rate [m/s]
# name 2 = sbeox0Mg/L: Oxygen, SBE 43 [mg/l]
# name 3 = sbeox0PS: Oxygen, SBE 43 [% saturation]
# name 4 = specc: Specific Conductance [uS/cm]
# name 5 = c0uS/cm: Conductivity [uS/cm]
# name 6 = flECO-AFL: Fluorescence, WET Labs ECO-AFL/FL [mg/m^3]
# name 7 = ph: pH
# name 8 = orp: Oxidation Reduction Potential [mV]
# name 9 = par/sat/log: PAR/Logarithmic, Satlantic
# name 10 = turbWETntu0: Turbidity, WET Labs ECO [NTU]
# name 11 = prdM: Pressure, Strain Gauge [db]
# name 12 = prdE: Pressure, Strain Gauge [psi]
# name 13 = tv290C: Temperature [ITS-90, deg C]
# name 14 = flag:  0.000e+00
# span 0 =     -0.688,      2.943       
# span 1 =     -0.287,      0.207       
# span 2 =     0.0387,    16.8370       
# span 3 =      0.418,    183.122       
# span 4 =      1.668,     57.902       
# span 5 =   1.527753,  45.963419       
# span 6 =    -0.1203,    75.7398       
# span 7 =      8.193,     11.459       
# span 8 =    40.4550,   243.3303       
# span 9 = 1.2112e+00, 2.7180e+03       
# span 10 =    -0.2230,   231.0531      
# span 11 =     -0.675,      2.887      
# span 12 =     -0.981,      4.187      
# span 13 =    14.5939,    25.6376      
# span 14 = 0.0000e+00, 0.0000e+00      
# interval = seconds: 0.25
# start_time = Jun 09 2025 12:54:28 [Instrument's time stamp, header]
# bad_flag = -9.990e-29
*END*
[from data line 1254]
      2.930      0.001     0.0556      0.598     51.908  41.212779    -0.0184      8.325   203.4816 1.5527e+00     0.2112      2.874      4.168    14.6783 0.0000e+00
      2.930      0.001     0.0586      0.611     51.739  41.075608    -0.0389      8.322   202.4470 1.5522e+00     0.1041      2.874      4.168    14.6899 0.0000e+00
      2.931      0.001     0.0599      0.603     51.535  40.910649    -0.0587      8.320   201.3117 1.5516e+00     0.0531      2.875      4.169    14.6970 0.0000e+00
      2.931      0.001     0.0589      0.596     51.163  40.614560    -0.0497      8.318   200.1662 1.5472e+00     0.1074      2.875      4.169    14.6973 0.0000e+00
      2.931      0.001     0.0599      0.585     50.830  40.351606    -0.0300      8.316   199.0932 1.5477e+00     0.1462      2.875      4.169    14.6959 0.0000e+00
      2.931      0.001     0.0643      0.559     50.727  40.269933    -0.0378      8.314   198.1460 1.5426e+00     0.0437      2.875      4.169    14.6919 0.0000e+00
      2.931      0.001     0.0603      0.556     50.555  40.134786    -0.0516      8.311   197.2322 1.5287e+00    -0.1065      2.875      4.169    14.6864 0.0000e+00
      2.932      0.001     0.0601      0.561     50.206  39.859926    -0.0551      8.308   196.3895 1.5110e+00    -0.1675      2.875      4.170    14.6875 0.0000e+00
      2.932      0.001     0.0617      0.561     49.812  39.548657    -0.0472      8.306   195.5283 1.4966e+00    -0.1121      2.875      4.170    14.6896 0.0000e+00
      2.932      0.001     0.0541      0.569     49.487  39.290582    -0.0231      8.304   194.5638 1.4982e+00    -0.0522      2.876      4.171    14.6890 0.0000e+00
      2.933      0.001     0.0565      0.576     49.312  39.151141    -0.0137      8.301   193.7617 1.4980e+00    -0.1257      2.876      4.171    14.6902 0.0000e+00
      2.933      0.001     0.0578      0.578     49.206  39.068461    -0.0331      8.299   193.1428 1.4900e+00    -0.2161      2.876      4.171    14.6926 0.0000e+00
      2.933      0.001     0.0557      0.592     49.021  38.925525    -0.0493      8.297   192.5020 1.4920e+00    -0.2230      2.876      4.171    14.6949 0.0000e+00
      2.933      0.001     0.0583      0.620     48.799  38.755604    -0.0348      8.294   191.7786 1.4971e+00    -0.1402      2.877      4.172    14.6950 0.0000e+00
      2.933      0.001     0.0585      0.635     48.676  38.663943    -0.0073      8.292   191.0215 1.4929e+00    -0.0697      2.877      4.172    14.6930 0.0000e+00
      2.933      0.001     0.0583      0.627     48.643  38.642254    -0.0079      8.291   190.3167 1.4815e+00    -0.1222      2.877      4.172    14.6941 0.0000e+00
      2.934      0.001     0.0590      0.620     48.615  38.620289    -0.0344      8.289   189.6234 1.4725e+00    -0.1252      2.877      4.173    14.6991 0.0000e+00
      2.935      0.001     0.0634      0.622     48.657  38.652202    -0.0361      8.287   188.8340 1.4689e+00    -0.0377      2.878      4.174    14.7057 0.0000e+00
      2.935      0.001     0.0660      0.620     48.887  38.837732    -0.0117      8.286   187.9144 1.4623e+00     0.0129      2.878      4.174    14.7136 0.0000e+00
      2.935      0.001     0.0631      0.618     49.193  39.086616    -0.0060      8.284   186.8500 1.4479e+00    -0.0256      2.879      4.175    14.7184 0.0000e+00
      2.935      0.001     0.0624      0.623     49.311  39.186466    -0.0175      8.282   185.8592 1.4405e+00    -0.1275      2.878      4.174    14.7174 0.0000e+00
      2.936      0.001     0.0637      0.628     49.269  39.156566    -0.0172      8.280   185.2265 1.4457e+00    -0.1262      2.879      4.175    14.7144 0.0000e+00
      2.936      0.001     0.0627      0.632     49.362  39.232793    -0.0099      8.279   184.7923 1.4502e+00    -0.0095      2.879      4.175    14.7169 0.0000e+00
      2.936      0.001     0.0623      0.635     49.502  39.346581    -0.0048      8.276   183.9652 1.4516e+00     0.0537      2.880      4.176    14.7253 0.0000e+00
      2.936      0.001     0.0632      0.634     49.393  39.263127    -0.0062      8.273   182.1949 1.4499e+00    -0.0452      2.880      4.176    14.7315 0.0000e+00
      2.936      0.001     0.0639      0.639     49.201  39.112228    -0.0264      8.271   179.7349 1.4458e+00    -0.2142      2.880      4.176    14.7338 0.0000e+00
      2.937      0.001     0.0638      0.652     49.274  39.172085    -0.0329      8.269   177.4523 1.4373e+00    -0.1800      2.880      4.177    14.7359 0.0000e+00
      2.937      0.001     0.0649      0.665     49.578  39.415698    -0.0181      8.269   175.8481 1.4233e+00    -0.0077      2.880      4.177    14.7388 0.0000e+00
      2.937      0.001     0.0638      0.682     49.866  39.646175    -0.0056      8.268   174.6217 1.4157e+00     0.0590      2.880      4.177    14.7418 0.0000e+00
      2.937      0.000     0.0642      0.699     50.140  39.864500     0.0024      8.266   173.2066 1.4153e+00     0.0120      2.880      4.177    14.7441 0.0000e+00
      2.937 5.4342e-08     0.0666      0.705     50.581  40.215004    -0.0127      8.264   171.4720 1.4141e+00    -0.1318      2.880      4.177    14.7458 0.0000e+00
      2.937 5.9777e-07     0.0668      0.683     51.046  40.583921    -0.0224      8.262   169.5654 1.4097e+00    -0.1769      2.880      4.177    14.7476 0.0000e+00
      2.937      0.000     0.0692      0.643     51.204  40.707507     0.0013      8.261   167.5347 1.4022e+00    -0.0208      2.881      4.178    14.7491 0.0000e+00
      2.937      0.000     0.0710      0.614     51.111  40.630367     0.0161      8.260   165.5037 1.3942e+00     0.0819      2.881      4.178    14.7502 0.0000e+00
      2.938      0.001     0.0727      0.598     51.083  40.603217    -0.0010      8.258   163.6791 1.3837e+00     0.0059      2.881      4.178    14.7502 0.0000e+00
      2.938      0.001     0.0703      0.594     51.207  40.696564    -0.0310      8.254   162.0791 1.3790e+00    -0.1207      2.881      4.178    14.7491 0.0000e+00
      2.938      0.001     0.0641      0.599     51.351  40.807010    -0.0387      8.250   160.6991 1.3862e+00    -0.1167      2.881      4.178    14.7472 0.0000e+00
      2.938      0.001     0.0618      0.593     51.500  40.923144    -0.0111      8.246   159.4693 1.3919e+00    -0.0134      2.881      4.178    14.7441 0.0000e+00
      2.938      0.001     0.0604      0.593     51.705  41.085254     0.0115      8.243   158.3080 1.3860e+00     0.0346      2.882      4.179    14.7396 0.0000e+00
      2.938      0.001     0.0593      0.605     51.986  41.307317    -0.0070      8.240   157.2405 1.3759e+00    -0.0145      2.882      4.179    14.7336 0.0000e+00
      2.938      0.001     0.0622      0.604     52.328  41.577100    -0.0428      8.237   156.2853 1.3704e+00    -0.1289      2.881      4.179    14.7286 0.0000e+00
      2.939      0.001     0.0598      0.599     52.623  41.808415    -0.0378      8.234   155.4483 1.3694e+00    -0.1524      2.882      4.180    14.7271 0.0000e+00
      2.939      0.002     0.0589      0.602     52.801  41.946167    -0.0053      8.232   154.6067 1.3677e+00    -0.0949      2.882      4.180    14.7271 0.0000e+00
      2.939      0.002     0.0628      0.602     52.922  42.036717     0.0004      8.231   153.6810 1.3656e+00    -0.0823      2.882      4.180    14.7261 0.0000e+00
      2.940      0.002     0.0610      0.606     53.062  42.141592    -0.0188      8.229   152.9452 1.3659e+00    -0.1025      2.883      4.181    14.7241 0.0000e+00
      2.941      0.002     0.0600      0.617     53.222  42.262136    -0.0460      8.227   152.4222 1.3596e+00    -0.1682      2.884      4.183    14.7212 0.0000e+00
      2.941      0.002     0.0615      0.613     53.343  42.351715    -0.0456      8.226   151.8305 1.3404e+00    -0.1594      2.884      4.184    14.7180 0.0000e+00
      2.941      0.001     0.0609      0.596     53.412  42.399542    -0.0141      8.225   151.2114 1.3199e+00    -0.0989      2.884      4.183    14.7131 0.0000e+00
      2.941      0.001     0.0608      0.591     53.495  42.459564     0.0018      8.223   150.6153 1.3104e+00    -0.0850      2.884      4.183    14.7065 0.0000e+00
      2.941      0.000     0.0635      0.596     53.719  42.633124    -0.0109      8.221   150.0435 1.3055e+00    -0.0594      2.884      4.184    14.7005 0.0000e+00
      2.941 1.8769e-08     0.0631      0.604     54.153  42.974704    -0.0350      8.219   149.5461 1.3041e+00    -0.0973      2.885      4.185    14.6942 0.0000e+00
      2.941 2.0646e-07     0.0597      0.615     54.711  43.415902    -0.0311      8.217   148.9892 1.3153e+00    -0.0983      2.884      4.184    14.6864 0.0000e+00
      2.941 2.0646e-07     0.0593      0.614     55.247  43.841771    -0.0058      8.216   148.3869 1.3332e+00    -0.0381      2.885      4.185    14.6804 0.0000e+00
      2.941 1.8769e-08     0.0611      0.607     55.681  44.188364     0.0037      8.216   147.8574 1.3429e+00    -0.0517      2.884      4.184    14.6772 0.0000e+00
      2.942 1.7063e-09     0.0603      0.609     56.065  44.496164    -0.0065      8.215   147.1461 1.3364e+00    -0.0931      2.885      4.185    14.6749 0.0000e+00
      2.942 1.5512e-10     0.0634      0.606     56.407  44.770327    -0.0206      8.215   146.1532 1.3287e+00    -0.0950      2.885      4.184    14.6733 0.0000e+00
      2.942 1.4101e-11     0.0626      0.598     56.570  44.900612    -0.0094      8.214   145.2307 1.3206e+00    -0.0056      2.884      4.184    14.6739 0.0000e+00
      2.942 1.2819e-12     0.0606      0.588     56.604  44.928811    -0.0036      8.213   144.4240 1.3085e+00     0.0311      2.885      4.184    14.6767 0.0000e+00
      2.942 1.1654e-13     0.0626      0.574     56.674  44.984319    -0.0174      8.212   143.4547 1.3149e+00    -0.0260      2.884      4.184    14.6797 0.0000e+00
      2.942 1.0595e-14     0.0616      0.571     56.694  45.000442    -0.0264      8.212   142.3733 1.3210e+00    -0.0810      2.885      4.185    14.6817 0.0000e+00
      2.942 9.6315e-16     0.0604      0.572     56.689  44.996792    -0.0462      8.211   141.3291 1.3146e+00    -0.1222      2.885      4.185    14.6822 0.0000e+00
      2.942 8.7560e-17     0.0603      0.553     56.857  45.130622    -0.0398      8.210   140.2941 1.3011e+00    -0.0454      2.885      4.185    14.6831 0.0000e+00
      2.942 7.9600e-18     0.0575      0.538     57.212  45.412442     0.0004      8.210   139.1518 1.2823e+00     0.0620      2.885      4.184    14.6841 0.0000e+00
      2.942 7.2360e-19     0.0571      0.529     57.621  45.738047     0.0066      8.209   137.9288 1.2857e+00     0.0147      2.884      4.184    14.6839 0.0000e+00
      2.942 6.5785e-20     0.0603      0.509     57.895  45.956880    -0.0224      8.208   136.7770 1.2936e+00    -0.1051      2.885      4.185    14.6839 0.0000e+00
      2.942 5.9805e-21     0.0553      0.496     57.902  45.963419    -0.0430      8.208   135.6363 1.2844e+00    -0.0886      2.885      4.185    14.6838 0.0000e+00
      2.942 5.4365e-22     0.0539      0.501     57.719  45.817104    -0.0335      8.208   134.3753 1.2814e+00     0.0436      2.885      4.185    14.6841 0.0000e+00
      2.942 4.9424e-23     0.0553      0.506     57.587  45.711383    -0.0076      8.207   132.9738 1.2907e+00     0.0924      2.885      4.184    14.6852 0.0000e+00
      2.942 4.4931e-24     0.0507      0.506     57.654  45.764356     0.0031      8.206   131.5964 1.2940e+00    -0.0109      2.885      4.184    14.6867 0.0000e+00
      2.942 4.0846e-25     0.0497      0.499     57.806  45.886255    -0.0122      8.205   130.3687 1.2843e+00    -0.1467      2.885      4.185    14.6873 0.0000e+00
      2.942 3.7131e-26     0.0510      0.484     57.838  45.915596    -0.0338      8.205   129.1434 1.2776e+00    -0.1484      2.885      4.185    14.6867 0.0000e+00
      2.942 3.3578e-27     0.0516      0.487     57.767  45.865202    -0.0424      8.204   127.8804 1.2776e+00    -0.1008      2.885      4.185    14.6857 0.0000e+00
      2.942 1.0897e-28     0.0515      0.505     57.739  45.848302    -0.0328      8.204   126.5417 1.2738e+00    -0.0829      2.885      4.185    14.6846 0.0000e+00
      2.942 -2.149e-27     0.0515      0.506     57.722  45.838218    -0.0171      8.204   125.0891 1.2662e+00    -0.0681      2.885      4.185    14.6850 0.0000e+00
      2.942 -2.395e-26     0.0483      0.507     57.682  45.806767    -0.0275      8.204   123.7384 1.2607e+00    -0.1266      2.886      4.185    14.6889 0.0000e+00
      2.942 -2.634e-25     0.0480      0.521     57.656  45.785448    -0.0500      8.203   122.5138 1.2655e+00    -0.1417      2.885      4.185    14.6953 0.0000e+00
      2.942 -2.898e-24     0.0532      0.523     57.559  45.707420    -0.0396      8.203   121.2957 1.2770e+00    -0.0456      2.885      4.184    14.7002 0.0000e+00
      2.942 -3.187e-23     0.0509      0.515     57.298  45.498151    -0.0102      8.203   120.1099 1.2723e+00     0.0443      2.885      4.185    14.7028 0.0000e+00
      2.942 -3.506e-22     0.0504      0.512     56.954  45.223124    -0.0113      8.202   118.9315 1.2616e+00     0.0226      2.885      4.184    14.7033 0.0000e+00
      2.942 -3.857e-21     0.0540      0.497     56.578  44.921340    -0.0361      8.200   117.6302 1.2669e+00    -0.1026      2.886      4.185    14.7022 0.0000e+00
      2.942 -4.243e-20     0.0538      0.480     56.231  44.642429    -0.0348      8.200   116.3354 1.2699e+00    -0.1366      2.885      4.185    14.7012 0.0000e+00
      2.942 -4.667e-19     0.0514      0.485     56.077  44.516967    -0.0131      8.200   115.2360 1.2619e+00    -0.0473      2.885      4.185    14.7005 0.0000e+00
      2.942 -5.133e-18     0.0526      0.497     56.037  44.483542    -0.0058      8.200   114.2318 1.2507e+00     0.0198      2.885      4.184    14.6983 0.0000e+00
      2.942 -5.647e-17     0.0511      0.513     55.970  44.428714    -0.0137      8.200   113.1422 1.2524e+00    -0.0081      2.885      4.185    14.6950 0.0000e+00
      2.942 -6.211e-16     0.0466      0.539     55.887  44.361879    -0.0332      8.200   112.0426 1.2576e+00    -0.1116      2.886      4.186    14.6922 0.0000e+00
      2.942 -6.833e-15     0.0498      0.553     55.741  44.246740    -0.0420      8.200   111.0885 1.2480e+00    -0.1372      2.885      4.185    14.6895 0.0000e+00
      2.942 -7.516e-14     0.0502      0.546     55.494  44.052228    -0.0283      8.200   110.1243 1.2483e+00    -0.0452      2.885      4.185    14.6869 0.0000e+00
      2.943 -8.267e-13     0.0515      0.550     55.238  43.850889    -0.0092      8.199   109.0740 1.2551e+00     0.0102      2.886      4.186    14.6854 0.0000e+00
      2.943 -9.094e-12     0.0552      0.568     55.067  43.716673    -0.0027      8.199   108.0259 1.2507e+00    -0.0136      2.886      4.186    14.6852 0.0000e+00
      2.943 -1.000e-10     0.0578      0.570     54.963  43.635491    -0.0243      8.198   107.0024 1.2486e+00    -0.0944      2.886      4.185    14.6857 0.0000e+00
      2.943 -1.100e-09     0.0546      0.562     54.875  43.567556    -0.0379      8.197   105.9915 1.2486e+00    -0.1127      2.886      4.186    14.6868 0.0000e+00
      2.943 -1.210e-08     0.0548      0.569     54.825  43.530035    -0.0261      8.198   105.0088 1.2471e+00     0.0044      2.886      4.186    14.6888 0.0000e+00
      2.943 -1.331e-07     0.0590      0.585     54.783  43.499212    -0.0140      8.198   103.9831 1.2462e+00     0.0923      2.886      4.186    14.6904 0.0000e+00
      2.943     -0.000     0.0582      0.590     54.717  43.448776    -0.0170      8.197   102.8819 1.2454e+00     0.0277      2.886      4.186    14.6918 0.0000e+00
      2.943     -0.000     0.0563      0.600     54.688  43.428028    -0.0368      8.197   101.8472 1.2462e+00    -0.1278      2.886      4.186    14.6937 0.0000e+00
