Data/DataNotYetUploadedToEDI/Raw_CTD/RawDownloads/060925_fcr30_S7809005.cnv
* Sea-Bird SBE19plus  Data File:
* FileName = C:\R\Reservoirs\Data\DataNotYetUploadedToEDI\Raw_CTD\RawDownloads\060925_fcr50_S7809_0005.hex
* Software version 2.8.0.119
* Temperature SN = 7809
* Conductivity SN = 7809
* System UpLoad Time = Jun 10 2025 13:10:08
* <ApplicationData>
* <Seaterm232>
# nquan = 15
# nvalues = 2000                        
# units = specified
# name 0 = depFM: Depth [fresh water, m]
# name 1 = dz/dtM: Descent Rate [m/s]
# name 2 = sbeox0Mg/L: Oxygen, SBE 43 [mg/l]
# name 3 = sbeox0PS: Oxygen, SBE 43 [% saturation]
# name 4 = specc: Specific Conductance [uS/cm]
# name 5 = c0uS/cm: Conductivity [uS/cm]
# name 6 = flECO-AFL: Fluorescence, WET Labs ECO-AFL/FL [mg/m^3]
# name 7 = ph: pH
# name 8 = orp: Oxidation Reduction Potential [mV]
# name 9 = par/sat/log: PAR/Logarithmic, Satlantic
# name 10 = turbWETntu0: Turbidity, WET Labs ECO [NTU]
# name 11 = prdM: Pressure, Strain Gauge [db]
# name 12 = prdE: Pressure, Strain Gauge [psi]
# name 13 = tv290C: Temperature [ITS-90, deg C]
# name 14 = flag:  0.000e+00
# span 0 =     -0.688,      5.424       
# span 1 =     -0.312,      0.219       
# span 2 =     0.0389,    17.9596       
# span 3 =      0.379,    202.623       
# span 4 =      1.272,     46.636       
# span 5 =   1.135818,  39.822827       
# span 6 =    -1.5051,    42.7545       
# span 7 =      7.799,     11.713       
# span 8 =    53.2556,   397.4662       
# span 9 = 2.3277e-01, 2.8516e+03       
# span 10 =     2.2671,   931.8984      
# span 11 =     -0.675,      5.319      
# span 12 =     -0.979,      7.715      
# span 13 =    10.4937,    25.9477      
# span 14 = 0.0000e+00, 0.0000e+00      
# interval = seconds: 0.25
# start_time = Jun 09 2025 13:06:43 [Instrument's time stamp, header]
# bad_flag = -9.990e-29
*END*
[from data line 97]
     -0.082      0.024     7.1530     87.581     33.683  33.481634     8.7239     11.170    58.6480 4.4926e+02     9.6543     -0.074     -0.108    24.7926 0.0000e+00
     -0.083      0.012     7.1486     88.382     33.658  33.448465     8.7047     11.171    58.8245 4.4525e+02     9.5542     -0.079     -0.115    24.8150 0.0000e+00
     -0.089     -0.002     7.1630     89.117     33.564  33.353385     8.6792     11.172    58.8859 4.4795e+02     9.4758     -0.089     -0.129    24.7772 0.0000e+00
     -0.096     -0.011     7.2057     89.727     33.430  33.220213     8.6564     11.174    58.7887 4.5791e+02     9.4573     -0.094     -0.136    24.7189 0.0000e+00
     -0.101     -0.014     7.2756     90.201     33.316  33.107119     8.6292     11.176    58.6817 4.7044e+02     9.4000     -0.100     -0.145    24.6879 0.0000e+00
     -0.106     -0.012     7.3486     90.496     33.273  33.064468     8.5999     11.177    58.7105 4.8349e+02     9.3300     -0.106     -0.153    24.6802 0.0000e+00
     -0.106     -0.008     7.4103     90.527     33.294  33.085163     8.5855     11.178    58.7920 4.9677e+02     9.3275     -0.105     -0.152    24.6802 0.0000e+00
     -0.106     -0.005     7.4609     90.245     33.313  33.103581     8.5969     11.181    58.8067 5.1062e+02     9.4380     -0.103     -0.149    24.6810 0.0000e+00
     -0.106     -0.001     7.5009     89.677     33.240  33.033404     8.6212     11.184    58.8029 5.2193e+02     9.4702     -0.103     -0.150    24.6807 0.0000e+00
     -0.108      0.002     7.5294     88.937     33.074  32.871056     8.6135     11.186    58.8324 5.2375e+02     9.3415     -0.106     -0.154    24.6801 0.0000e+00
     -0.110      0.004     7.5332     88.155     32.927  32.726651     8.5780     11.188    58.8187 5.1080e+02     9.2821     -0.110     -0.158    24.6798 0.0000e+00
     -0.108      0.004     7.5099     87.428     32.885  32.683091     8.5499     11.188    58.8096 4.9042e+02     9.3328     -0.107     -0.155    24.6785 0.0000e+00
     -0.103      0.001     7.4577     86.816     32.877  32.661568     8.5398     11.190    58.8941 4.7597e+02     9.4078     -0.101     -0.146    24.6822 0.0000e+00
     -0.099     -0.007     7.3913     86.348     32.835  32.593268     8.5553     11.192    59.0664 4.7418e+02     9.4369     -0.096     -0.138    24.6883 0.0000e+00
     -0.099     -0.019     7.3236     85.959     32.885  32.618521     8.5541     11.194    59.2579 4.8203e+02     9.3782     -0.095     -0.137    24.6885 0.0000e+00
     -0.104     -0.031     7.2613     85.527     33.054  32.776541     8.5253     11.195    59.3166 4.9794e+02     9.3475     -0.099     -0.143    24.6924 0.0000e+00
     -0.116     -0.040     7.2107     85.009     33.130  32.854442     8.5148     11.196    59.2598 5.3804e+02     9.4405     -0.111     -0.162    24.6780 0.0000e+00
     -0.136     -0.044     7.1809     84.485     33.002  32.735710     8.5193     11.198    59.2593 6.0785e+02     9.5807     -0.134     -0.194    24.6225 0.0000e+00
     -0.154     -0.040     7.1597     84.133     32.801  32.546320     8.5221     11.198    59.3964 6.7506e+02     9.6078     -0.154     -0.222    24.5795 0.0000e+00
     -0.166     -0.030     7.1262     84.158     32.718  32.467731     8.5149     11.199    59.5413 7.0968e+02     9.5293     -0.165     -0.240    24.5693 0.0000e+00
     -0.170     -0.018     7.0799     84.667     32.745  32.483334     8.4989     11.201    59.5484 7.1928e+02     9.5538     -0.170     -0.246    24.5747 0.0000e+00
     -0.169     -0.007     7.0286     85.534     32.770  32.481200     8.4952     11.203    59.4823 7.1819e+02     9.6992     -0.167     -0.242    24.5899 0.0000e+00
     -0.166      0.002     6.9908     86.474     32.759  32.441892     8.4867     11.205    59.4308 7.0710e+02     9.7160     -0.162     -0.235    24.6064 0.0000e+00
     -0.162      0.007     6.9859     87.221     32.727  32.388650     8.4213     11.206    59.4422 6.8656e+02     9.5179     -0.159     -0.230    24.6222 0.0000e+00
     -0.160      0.007     7.0350     87.651     32.695  32.344925     8.3279     11.206    59.5337 6.5683e+02     9.3529     -0.157     -0.228    24.6052 0.0000e+00
     -0.159      0.006     7.1236     87.787     32.649  32.293843     8.3061     11.207    59.5911 6.3601e+02     9.3948     -0.156     -0.226    24.5525 0.0000e+00
     -0.158      0.003     7.2169     87.698     32.573  32.215076     8.3335     11.208    59.5341 6.4757e+02     9.5125     -0.155     -0.225    24.5058 0.0000e+00
     -0.157     -0.001     7.2876     87.445     32.517  32.153810     8.2763     11.208    59.5318 6.7568e+02     9.5118     -0.154     -0.224    24.4720 0.0000e+00
     -0.157     -0.006     7.3240     87.071     32.495  32.124000     8.1388     11.208    59.6498 7.1218e+02     9.4208     -0.153     -0.222    24.4525 0.0000e+00
     -0.158     -0.009     7.3336     86.599     32.485  32.108394     8.0688     11.208    59.7568 7.5319e+02     9.3691     -0.154     -0.223    24.4504 0.0000e+00
     -0.162     -0.011     7.3248     86.067     32.471  32.091981     8.0873     11.209    59.8779 7.7105e+02     9.3989     -0.158     -0.229    24.4476 0.0000e+00
     -0.168     -0.011     7.3037     85.512     32.430  32.052419     8.0965     11.210    59.9955 7.6970e+02     9.4390     -0.165     -0.239    24.4361 0.0000e+00
     -0.173     -0.010     7.2745     84.953     32.386  32.010686     8.0381     11.211    59.9746 7.6776e+02     9.4100     -0.171     -0.248    24.4230 0.0000e+00
     -0.175     -0.007     7.2348     84.383     32.344  31.968017     7.9475     11.211    59.9693 7.6772e+02     9.4238     -0.174     -0.252    24.4123 0.0000e+00
     -0.175     -0.003     7.1899     83.778     32.297  31.917132     7.9170     11.212    60.0173 7.6882e+02     9.5718     -0.173     -0.250    24.4078 0.0000e+00
     -0.174     -0.000     7.1424     83.153     32.289  31.902923     7.9441     11.213    59.9531 7.6977e+02     9.7653     -0.171     -0.247    24.4115 0.0000e+00
     -0.172      0.002     7.0949     82.524     32.314  31.923081     7.9423     11.214    59.8815 7.7048e+02     9.8494     -0.169     -0.245    24.4170 0.0000e+00
     -0.172      0.003     7.0496     81.901     32.299  31.907112     7.8945     11.214    59.9251 7.7137e+02     9.7692     -0.168     -0.244    24.4153 0.0000e+00
     -0.173      0.005     6.9986     81.298     32.227  31.836719     7.8577     11.215    60.0505 7.7169e+02     9.6162     -0.170     -0.246    24.4067 0.0000e+00
     -0.173      0.006     6.9476     80.725     32.158  31.769766     7.8627     11.217    60.1080 7.6905e+02     9.6054     -0.170     -0.247    24.3963 0.0000e+00
     -0.171      0.007     6.8959     80.209     32.122  31.731964     7.8809     11.217    60.1037 7.4327e+02     9.6375     -0.168     -0.244    24.3872 0.0000e+00
     -0.167      0.007     6.8437     79.775     32.090  31.696830     7.8697     11.218    60.1705 6.8085e+02     9.5264     -0.164     -0.238    24.3841 0.0000e+00
     -0.163      0.007     6.7927     79.410     32.060  31.662140     7.8353     11.221    60.3129 6.2260e+02     9.4227     -0.160     -0.231    24.3889 0.0000e+00
     -0.160      0.006     6.7436     79.076     32.033  31.629702     7.8068     11.223    60.5354 6.0419e+02     9.3749     -0.157     -0.228    24.3926 0.0000e+00
     -0.160      0.004     6.6995     78.721     32.028  31.621802     7.8073     11.225    60.7090 6.1079e+02     9.4269     -0.156     -0.227    24.3887 0.0000e+00
     -0.160      0.001     6.6649     78.296     32.038  31.630051     7.8252     11.226    60.6923 6.4930e+02     9.4704     -0.157     -0.228    24.3809 0.0000e+00
     -0.161     -0.001     6.6370     77.842     32.010  31.602564     7.8233     11.228    60.6771 7.1646e+02     9.3894     -0.158     -0.230    24.3730 0.0000e+00
     -0.162     -0.002     6.6105     77.409     31.950  31.543202     7.8095     11.230    60.7831 7.6623e+02     9.3344     -0.159     -0.231    24.3647 0.0000e+00
     -0.162     -0.002     6.5854     77.006     31.892  31.483235     7.8411     11.231    60.8549 7.9007e+02     9.4208     -0.159     -0.231    24.3581 0.0000e+00
     -0.163     -0.002     6.5471     76.663     31.861  31.448416     7.9311     11.233    60.8569 8.0013e+02     9.6146     -0.160     -0.232    24.3567 0.0000e+00
     -0.163     -0.002     6.5069     76.397     31.857  31.439386     7.9897     11.233    60.8939 7.9970e+02     9.6617     -0.160     -0.231    24.3587 0.0000e+00
     -0.163     -0.003     6.4720     76.197     31.859  31.437480     7.9763     11.233    61.0438 7.7180e+02     9.5465     -0.160     -0.232    24.3592 0.0000e+00
     -0.163     -0.004     6.4363     76.022     31.850  31.425370     7.9598     11.234    61.2065 7.4632e+02     9.5194     -0.160     -0.232    24.3548 0.0000e+00
     -0.164     -0.004     6.4091     75.821     31.849  31.419826     8.0070     11.235    61.2274 7.7441e+02     9.6073     -0.161     -0.233    24.3465 0.0000e+00
     -0.165     -0.003     6.3873     75.556     31.867  31.433875     8.1058     11.237    61.2099 8.0835e+02     9.7209     -0.162     -0.235    24.3388 0.0000e+00
     -0.168     -0.000     6.3730     75.224     31.838  31.404925     8.1643     11.239    61.2533 8.1775e+02     9.7318     -0.165     -0.239    24.3335 0.0000e+00
     -0.169      0.003     6.3606     74.882     31.756  31.323537     8.1487     11.240    61.3223 8.2145e+02     9.6371     -0.168     -0.243    24.3280 0.0000e+00
     -0.169      0.005     6.3456     74.605     31.706  31.274470     8.1583     11.241    61.3549 8.0915e+02     9.6689     -0.167     -0.241    24.3198 0.0000e+00
     -0.165      0.006     6.3253     74.445     31.687  31.255705     8.2302     11.242    61.3898 7.5072e+02     9.8079     -0.162     -0.235    24.3126 0.0000e+00
     -0.160      0.006     6.2950     74.415     31.654  31.223530     8.2852     11.243    61.5721 6.7497e+02     9.8499     -0.156     -0.226    24.3121 0.0000e+00
     -0.157      0.005     6.2639     74.433     31.634  31.202610     8.2904     11.244    61.7531 6.5426e+02     9.7326     -0.152     -0.221    24.3144 0.0000e+00
     -0.157      0.003     6.2394     74.396     31.628  31.193067     8.2603     11.244    61.8575 6.8424e+02     9.5174     -0.154     -0.222    24.3131 0.0000e+00
     -0.160      0.001     6.2247     74.290     31.609  31.171567     8.2448     11.245    61.9730 7.2183e+02     9.4332     -0.157     -0.228    24.3140 0.0000e+00
     -0.161      0.000     6.2247     74.157     31.574  31.132957     8.2694     11.246    62.0320 7.5396e+02     9.5343     -0.160     -0.232    24.3171 0.0000e+00
     -0.161 6.7454e-10     6.2312     74.017     31.551  31.106842     8.2752     11.246    62.0542 7.9136e+02     9.5452     -0.158     -0.229    24.3129 0.0000e+00
     -0.159 7.4200e-09     6.2287     73.885     31.556  31.109553     8.2570     11.246    62.0697 8.3786e+02     9.4614     -0.155     -0.225    24.3052 0.0000e+00
     -0.158 8.1620e-08     6.2184     73.778     31.551  31.102289     8.2664     11.247    62.1324 8.8515e+02     9.4777     -0.154     -0.224    24.3001 0.0000e+00
     -0.159 8.9782e-07     6.2074     73.672     31.535  31.082454     8.2968     11.248    62.2960 9.3338e+02     9.5715     -0.155     -0.224    24.2961 0.0000e+00
     -0.160      0.000     6.1964     73.569     31.518  31.060024     8.3254     11.248    62.4140 9.8634e+02     9.7070     -0.157     -0.226    24.2913 0.0000e+00
     -0.160      0.000     6.1838     73.446     31.484  31.021376     8.3449     11.249    62.4395 1.0392e+03     9.7507     -0.157     -0.228    24.2871 0.0000e+00
     -0.160      0.001     6.1782     73.254     31.463  30.995766     8.3497     11.249    62.4329 1.0817e+03     9.6558     -0.158     -0.229    24.2831 0.0000e+00
     -0.159      0.003     6.1687     73.018     31.477  31.004101     8.3589     11.249    62.4201 1.1136e+03     9.6525     -0.157     -0.228    24.2764 0.0000e+00
     -0.158      0.005     6.1609     72.764     31.473  30.995283     8.3808     11.250    62.5422 1.1393e+03     9.7442     -0.155     -0.225    24.2677 0.0000e+00
     -0.157      0.006     6.1559     72.507     31.434  30.952580     8.3819     11.252    62.7054 1.1526e+03     9.7053     -0.154     -0.223    24.2591 0.0000e+00
     -0.155      0.006     6.1373     72.262     31.415  30.931810     8.3556     11.252    62.7594 1.1456e+03     9.5583     -0.152     -0.220    24.2507 0.0000e+00
     -0.152      0.005     6.1190     72.053     31.420  30.934452     8.3460     11.252    62.8506 1.1242e+03     9.5046     -0.150     -0.217    24.2432 0.0000e+00
     -0.150      0.003     6.0974     71.879     31.410  30.921077     8.3732     11.254    62.9470 1.1003e+03     9.6031     -0.147     -0.213    24.2358 0.0000e+00
     -0.150      0.003     6.0769     71.693     31.390  30.896958     8.4019     11.256    62.9783 1.0788e+03     9.7236     -0.146     -0.212    24.2287 0.0000e+00
     -0.151      0.002     6.0557     71.494     31.457  30.959996     8.4180     11.257    63.0575 1.0571e+03     9.7326     -0.149     -0.216    24.2238 0.0000e+00
     -0.152      0.001     6.0378     71.346     32.322  31.810128     8.4266     11.257    63.1304 1.0359e+03     9.6769     -0.150     -0.218    24.2212 0.0000e+00
     -0.151     -0.002     6.0269     71.703     34.212  33.690086     8.4147     11.257    63.1707 1.0207e+03     9.6655     -0.148     -0.216    24.2154 0.0000e+00
     -0.149     -0.004     6.0118     74.352     35.756  35.292759     8.4152     11.256    63.2876 1.0156e+03     9.7309     -0.146     -0.211    24.2089 0.0000e+00
     -0.149     -0.005     5.9933     82.043     36.206  35.898293     8.3997     11.253    63.4247 1.0316e+03     9.6821     -0.144     -0.209    24.2021 0.0000e+00
     -0.152     -0.005     5.9789     95.526     36.192  36.062917     8.3436     11.250    63.5378 1.1132e+03     9.4854     -0.148     -0.214    24.2002 0.0000e+00
     -0.157     -0.005     5.9613    111.844     36.137  36.141398     8.3120     11.248    63.6227 1.2277e+03     9.3678     -0.156     -0.225    24.1957 0.0000e+00
     -0.159     -0.004     6.0628    127.079     36.062  36.149448     8.3003     11.246    63.5912 1.2110e+03     9.3538     -0.158     -0.230    24.2906 0.0000e+00
     -0.159     -0.002     6.6289    139.393     36.025  36.160364     8.3263     11.246    63.5012 1.0715e+03     9.4865     -0.156     -0.226    24.5658 0.0000e+00
     -0.157      0.001     7.8265    148.450     36.046  36.209996     8.3933     11.247    63.4806 9.8050e+02     9.6405     -0.153     -0.222    24.8455 0.0000e+00
     -0.157      0.006     9.2929    154.129     36.062  36.241994     8.4195     11.248    63.5995 9.5729e+02     9.6107     -0.153     -0.221    25.0255 0.0000e+00
     -0.157      0.010    10.5656    156.441     36.106  36.293465     8.4104     11.249    63.8207 9.3827e+02     9.5358     -0.155     -0.224    25.1316 0.0000e+00
     -0.155      0.012    11.5674    155.800     36.200  36.388193     8.4669     11.250    64.0900 9.0775e+02     9.5883     -0.153     -0.222    25.1891 0.0000e+00
     -0.150      0.013    12.3121    153.257     36.248  36.435573     8.5942     11.249    64.3610 8.7973e+02     9.7335     -0.148     -0.215    25.2266 0.0000e+00
     -0.144      0.013    12.7736    150.207     36.233  36.422178     8.6681     11.247    64.5164 8.5880e+02     9.7199     -0.141     -0.203    25.2482 0.0000e+00
     -0.138      0.013    12.9542    147.641     36.225  36.416590     8.6614     11.245    64.6783 8.2658e+02     9.5606     -0.133     -0.193    25.2562 0.0000e+00
     -0.136      0.013    12.8700    145.876     36.179  36.368023     8.6376     11.243    64.8553 7.3695e+02     9.5153     -0.133     -0.191    25.2540 0.0000e+00
