Data/DataNotYetUploadedToEDI/Raw_CTD/RawDownloads/060925_fcr10_S7809002.cnv
* Sea-Bird SBE19plus  Data File:
* FileName = C:\R\Reservoirs\Data\DataNotYetUploadedToEDI\Raw_CTD\RawDownloads\060925_fcr50_S7809_0002.hex
* Software version 2.8.0.119
* Temperature SN = 7809
* Conductivity SN = 7809
* System UpLoad Time = Jun 10 2025 13:08:33
* <ApplicationData>
* <Seaterm232>
# nquan = 15
# nvalues = 1662                        
# units = specified
# name 0 = depFM: Depth [fresh water, m]
# name 1 = dz/dtM: Descent Rate [m/s]
# name 2 = sbeox0Mg/L: Oxygen, SBE 43 [mg/l]
# name 3 = sbeox0PS: Oxygen, SBE 43 [% saturation]
# name 4 = specc: Specific Conductance [uS/cm]
# name 5 = c0uS/cm: Conductivity [uS/cm]
# name 6 = flECO-AFL: Fluorescence, WET Labs ECO-AFL/FL [mg/m^3]
# name 7 = ph: pH
# name 8 = orp: Oxidation Reduction Potential [mV]
# name 9 = par/sat/log: PAR/Logarithmic, Satlantic
# name 10 = turbWETntu0: Turbidity, WET Labs ECO [NTU]
# name 11 = prdM: Pressure, Strain Gauge [db]
# name 12 = prdE: Pressure, Strain Gauge [psi]
# name 13 = tv290C: Temperature [ITS-90, deg C]
# name 14 = flag:  0.000e+00
# span 0 =     -0.701,      2.081       
# span 1 =     -0.325,      0.143       
# span 2 =     0.6054,    15.7894       
# span 3 =      6.384,    171.572       
# span 4 =      0.782,     68.936       
# span 5 =   0.860765,  56.843723       
# span 6 =    -0.0506,    41.0971       
# span 7 =     -1.906,     11.291       
# span 8 = -1238.3097,   860.5631       
# span 9 = 6.3086e-01, 7.1663e+02       
# span 10 =    -0.2190,    99.9813      
# span 11 =     -0.688,      2.043      
# span 12 =     -0.998,      2.963      
# span 13 =    16.1056,    30.0697      
# span 14 = 0.0000e+00, 0.0000e+00      
# interval = seconds: 0.25
# start_time = Jun 09 2025 12:43:56 [Instrument's time stamp, header]
# bad_flag = -9.990e-29
*END*
[from data line 1446]
      2.063      0.002     2.0733     22.833     56.327  46.471803    24.9617      9.926   183.3773 2.8902e+00    26.2975      2.023      2.934    16.2442 0.0000e+00
      2.063      0.002     2.1211     23.059     56.659  46.756663    24.6313      9.923   183.5341 2.8204e+00    25.7485      2.024      2.935    16.2448 0.0000e+00
      2.064      0.002     2.1662     23.174     56.697  46.801468    24.0274      9.920   183.6468 2.7094e+00    24.8053      2.024      2.935    16.2441 0.0000e+00
      2.065      0.003     2.2103     23.204     56.862  46.950073    23.7105      9.917   183.7077 2.5911e+00    24.2190      2.025      2.936    16.2431 0.0000e+00
      2.066      0.003     2.2469     23.190     57.329  47.347218    23.6962      9.913   183.7539 2.5079e+00    24.0915      2.026      2.938    16.2455 0.0000e+00
      2.067      0.003     2.2663     23.132     57.861  47.794141    23.6792      9.909   183.8610 2.4471e+00    24.0835      2.027      2.940    16.2562 0.0000e+00
      2.067      0.002     2.2779     22.977     58.461  48.290576    23.6297      9.907   183.9712 2.3997e+00    23.9508      2.027      2.940    16.2693 0.0000e+00
      2.068      0.002     2.2772     22.725     59.055  48.778329    23.5973      9.905   184.0528 2.3735e+00    23.7169      2.028      2.941    16.2800 0.0000e+00
      2.068      0.002     2.2749     22.399     59.471  49.120180    23.6125      9.902   184.0730 2.3399e+00    23.5444      2.028      2.942    16.2918 0.0000e+00
      2.068      0.002     2.2731     22.004     59.700  49.312770    23.6224      9.899   184.1303 2.2844e+00    23.4703      2.028      2.942    16.2994 0.0000e+00
      2.069      0.002     2.2564     21.560     59.864  49.456107    23.5674      9.896   184.3150 2.2318e+00    23.4698      2.029      2.942    16.2985 0.0000e+00
      2.070      0.002     2.2306     21.101     60.009  49.583400    23.4789      9.894   184.4995 2.1936e+00    23.5046      2.030      2.944    16.2947 0.0000e+00
      2.070      0.002     2.2000     20.670     60.077  49.645488    23.4517      9.892   184.6405 2.1694e+00    23.6177      2.029      2.944    16.2921 0.0000e+00
      2.070      0.002     2.1592     20.310     59.986  49.571874    23.4792      9.889   184.7292 2.1401e+00    23.7782      2.030      2.944    16.2948 0.0000e+00
      2.070      0.002     2.1148     20.071     59.769  49.391767    23.4879      9.885   184.8837 2.0794e+00    24.2151      2.030      2.944    16.3030 0.0000e+00
      2.071      0.001     2.0680     19.991     59.592  49.245656    23.4563      9.883   185.0454 2.0221e+00    24.9045      2.030      2.945    16.3101 0.0000e+00
      2.071      0.001     2.0235     20.041     59.459  49.138618    23.4139      9.881   185.0497 1.9999e+00    25.2128      2.031      2.946    16.3156 0.0000e+00
      2.072      0.001     1.9875     20.205     59.344  49.049979    23.4169      9.878   185.1078 1.9772e+00    25.2443      2.031      2.946    16.3170 0.0000e+00
      2.072      0.001     1.9607     20.486     59.350  49.062830    23.5427      9.874   185.2311 1.9294e+00    25.3883      2.032      2.948    16.3147 0.0000e+00
      2.072      0.001     1.9560     20.856     59.466  49.167027    23.7447      9.872   185.3370 1.8724e+00    25.5191      2.031      2.947    16.3140 0.0000e+00
      2.072      0.001     1.9611     21.282     59.610  49.293940    23.8441      9.870   185.5273 1.8298e+00    25.5278      2.032      2.946    16.3166 0.0000e+00
      2.073      0.002     1.9756     21.732     59.871  49.517948    23.8291      9.867   185.7249 1.7992e+00    25.4248      2.033      2.948    16.3219 0.0000e+00
      2.073      0.002     2.0048     22.143     60.335  49.907198    23.8217      9.864   185.8335 1.7662e+00    25.1953      2.033      2.948    16.3293 0.0000e+00
      2.073      0.002     2.0419     22.475     60.904  50.381136    23.8624      9.862   185.8942 1.7261e+00    24.9401      2.033      2.949    16.3374 0.0000e+00
      2.074      0.002     2.0836     22.711     61.411  50.803578    23.9142      9.860   186.0283 1.6751e+00    24.9009      2.034      2.950    16.3433 0.0000e+00
      2.075      0.001     2.1304     22.818     61.739  51.078089    23.9482      9.857   186.1646 1.6393e+00    24.9614      2.035      2.951    16.3497 0.0000e+00
      2.075      0.001     2.1723     22.783     61.911  51.223807    23.9655      9.854   186.1661 1.6323e+00    24.8853      2.035      2.951    16.3560 0.0000e+00
      2.075      0.001     2.2036     22.584     62.068  51.358970    24.1560      9.850   186.2178 1.6148e+00    24.6297      2.035      2.951    16.3575 0.0000e+00
      2.075      0.001     2.2294     22.218     62.238  51.505842    24.5379      9.846   186.3589 1.5750e+00    24.3643      2.035      2.952    16.3597 0.0000e+00
      2.075      0.001     2.2388     21.747     62.195  51.475632    24.7616      9.844   186.4957 1.5236e+00    24.3403      2.035      2.951    16.3629 0.0000e+00
      2.076      0.001     2.2368     21.243     61.916  51.247707    24.8056      9.842   186.6675 1.4616e+00    24.4080      2.036      2.952    16.3643 0.0000e+00
      2.077      0.001     2.2183     20.742     61.660  51.036010    24.8375      9.840   186.8018 1.4121e+00    24.1585      2.036      2.954    16.3676 0.0000e+00
      2.077      0.001     2.1786     20.264     61.475  50.884503    24.8383      9.837   186.9151 1.3868e+00    23.5772      2.037      2.954    16.3743 0.0000e+00
      2.077      0.001     2.1299     19.853     61.308  50.749314    24.7992      9.833   187.0052 1.3577e+00    23.1526      2.037      2.954    16.3803 0.0000e+00
      2.078      0.001     2.0789     19.525     61.208  50.671424    24.7720      9.830   186.9447 1.3273e+00    23.0896      2.037      2.955    16.3817 0.0000e+00
      2.078      0.001     2.0306     19.300     61.164  50.641224    24.5848      9.828   186.8718 1.3136e+00    23.0206      2.037      2.955    16.3807 0.0000e+00
      2.078      0.001     1.9804     19.213     61.153  50.638160    24.1922      9.825   186.9843 1.2916e+00    22.7628      2.038      2.955    16.3814 0.0000e+00
      2.078      0.001     1.9408     19.226     61.219  50.697879    23.9535      9.822   187.1857 1.2679e+00    22.5342      2.038      2.955    16.3847 0.0000e+00
      2.078      0.001     1.9082     19.281     61.327  50.791807    23.9035      9.819   187.3285 1.2537e+00    22.4094      2.038      2.955    16.3892 0.0000e+00
      2.078      0.001     1.8827     19.376     61.357  50.821377    23.7876      9.816   187.5056 1.2378e+00    22.3468      2.038      2.955    16.3943 0.0000e+00
      2.078      0.001     1.8765     19.506     61.252  50.737917    23.5932      9.814   187.6932 1.2164e+00    22.3239      2.038      2.956    16.3994 0.0000e+00
      2.079      0.001     1.8808     19.664     61.093  50.608187    23.4918      9.811   187.7894 1.1954e+00    22.3029      2.039      2.957    16.4040 0.0000e+00
      2.079      0.001     1.8846     19.844     61.063  50.586270    23.4861      9.808   187.8949 1.1860e+00    22.1949      2.039      2.957    16.4067 0.0000e+00
      2.079      0.001     1.8943     19.998     61.151  50.663407    23.4153      9.804   188.0221 1.1752e+00    21.6682      2.038      2.956    16.4109 0.0000e+00
      2.079      0.000     1.9079     20.105     61.211  50.715396    23.2769      9.800   188.2092 1.1534e+00    20.8877      2.039      2.957    16.4149 0.0000e+00
      2.079 1.8628e-08     1.9215     20.185     61.277  50.770384    23.2036      9.797   188.4367 1.1386e+00    20.5114      2.039      2.957    16.4147 0.0000e+00
      2.079 2.0490e-07     1.9429     20.231     61.415  50.883774    23.2110      9.794   188.5347 1.1273e+00    20.5004      2.039      2.957    16.4163 0.0000e+00
      2.079 2.0490e-07     1.9578     20.208     61.641  51.070415    23.1826      9.792   188.5338 1.1020e+00    20.2768      2.039      2.958    16.4207 0.0000e+00
      2.079 1.8627e-08     1.9670     20.128     61.936  51.312585    23.0763      9.789   188.5973 1.0890e+00    19.6865      2.039      2.957    16.4245 0.0000e+00
      2.080 1.6934e-09     1.9747     20.019     62.197  51.525859    22.9913      9.785   188.7868 1.0847e+00    19.2729      2.039      2.958    16.4239 0.0000e+00
      2.080 1.5394e-10     1.9821     19.874     62.311  51.617086    22.9793      9.782   188.9326 1.0580e+00    19.2386      2.039      2.958    16.4218 0.0000e+00
      2.080 1.3995e-11     1.9786     19.698     62.286  51.590099    22.9895      9.779   188.8974 1.0339e+00    19.2377      2.039      2.958    16.4217 0.0000e+00
      2.080 1.2704e-12     1.9687     19.489     62.286  51.580560    23.0811      9.777   188.8771 1.0181e+00    19.0917      2.039      2.958    16.4204 0.0000e+00
      2.080 9.4635e-14     1.9604     19.268     62.357  51.628737    23.2630      9.774   188.9450 9.8806e-01    18.8733      2.040      2.959    16.4180 0.0000e+00
      2.080 -2.208e-13     1.9445     19.064     62.412  51.664590    23.3497      9.771   189.0301 9.6488e-01    18.7152      2.039      2.958    16.4160 0.0000e+00
      2.080 -2.544e-12     1.9288     18.874     62.540  51.760038    23.2977      9.767   189.1318 9.6638e-01    18.6142      2.040      2.958    16.4115 0.0000e+00
      2.080 -2.799e-11     1.9076     18.689     62.788  51.957261    22.8918      9.765   189.2279 9.6788e-01    18.5064      2.039      2.957    16.4018 0.0000e+00
      2.080 -3.079e-10     1.8846     18.514     63.022  52.144146    22.1700      9.762   189.3328 9.3863e-01    18.3334      2.040      2.958    16.3940 0.0000e+00
      2.080 -3.387e-09     1.8655     18.370     63.225  52.305102    21.7789      9.757   189.4537 8.8257e-01    18.1969      2.040      2.959    16.3867 0.0000e+00
      2.080 -3.726e-08     1.8480     18.268     63.478  52.506303    21.7418      9.753   189.5706 8.3941e-01    18.0856      2.040      2.958    16.3766 0.0000e+00
      2.080 -4.098e-07     1.8298     18.183     63.685  52.671746    21.7956      9.750   189.6282 8.2896e-01    17.6706      2.040      2.958    16.3701 0.0000e+00
      2.079      0.000     1.8119     18.078     63.515  52.527360    21.9381      9.748   189.7193 8.3142e-01    17.1070      2.039      2.958    16.3656 0.0000e+00
      2.079     -0.000     1.7973     17.935     62.919  52.030575    22.0343      9.745   189.8975 8.2887e-01    16.9082      2.039      2.957    16.3606 0.0000e+00
      2.079     -0.001     1.7882     17.755     62.350  51.554841    22.0428      9.742   190.0629 8.1685e-01    16.9409      2.039      2.957    16.3541 0.0000e+00
      2.079     -0.001     1.7825     17.567     62.031  51.283907    21.9578      9.740   190.2568 7.9091e-01    16.7850      2.039      2.958    16.3479 0.0000e+00
      2.079     -0.001     1.7721     17.394     61.822  51.104235    21.7891      9.738   190.4341 7.6831e-01    16.4577      2.039      2.957    16.3464 0.0000e+00
      2.079     -0.001     1.7589     17.254     61.513  50.842914    21.6925      9.735   190.5723 7.6484e-01    16.2636      2.039      2.957    16.3443 0.0000e+00
      2.078     -0.001     1.7396     17.170     60.995  50.410215    21.6800      9.731   190.7229 7.6281e-01    16.2484      2.038      2.956    16.3390 0.0000e+00
      2.078     -0.001     1.7211     17.165     60.501  49.999830    21.6555      9.728   190.7932 7.4686e-01    16.2051      2.038      2.956    16.3337 0.0000e+00
      2.078     -0.001     1.7038     17.279     60.280  49.817754    21.6205      9.725   190.9052 7.1758e-01    16.0817      2.037      2.955    16.3283 0.0000e+00
      2.078     -0.001     1.6887     17.510     60.252  49.796131    21.5898      9.722   191.1306 6.8417e-01    15.9521      2.038      2.955    16.3226 0.0000e+00
      2.077     -0.001     1.6812     17.828     60.180  49.738400    21.5589      9.718   191.3671 6.6506e-01    15.8332      2.037      2.954    16.3189 0.0000e+00
      2.077     -0.001     1.6779     18.224     60.045  49.627690    21.5541      9.714   191.6141 6.6065e-01    15.8055      2.037      2.954    16.3167 0.0000e+00
      2.077     -0.000     1.6892     18.668     60.015  49.600444    21.6986      9.712   191.7088 6.6127e-01    16.0270      2.037      2.954    16.3173 0.0000e+00
      2.077 -1.863e-08     1.7145     19.108     60.095  49.662948    21.9656      9.708   191.7372 6.6597e-01    16.3598      2.037      2.954    16.3194 0.0000e+00
      2.076 -2.049e-07     1.7439     19.487     60.205  49.748473    22.1114      9.704   191.9569 6.7045e-01    16.5160      2.036      2.953    16.3207 0.0000e+00
      2.076 -2.050e-07     1.7848     19.773     60.362  49.872580    22.0967      9.701   192.2147 6.7089e-01    16.4806      2.036      2.953    16.3220 0.0000e+00
      2.077 -2.017e-08     1.8298     19.980     60.627  50.084098    21.8211      9.698   192.3584 6.6398e-01    16.3763      2.037      2.954    16.3205 0.0000e+00
      2.077 -1.864e-08     1.8751     20.094     61.020  50.401033    21.3427      9.696   192.4904 6.5388e-01    16.3825      2.036      2.954    16.3161 0.0000e+00
      2.076 -3.123e-08     1.9147     20.097     61.492  50.783777    21.1066      9.694   192.6919 6.5035e-01    16.5205      2.036      2.953    16.3118 0.0000e+00
      2.076 -1.707e-08     1.9404     20.007     61.872  51.092468    21.0891      9.691   192.9024 6.5290e-01    16.5769      2.036      2.953    16.3079 0.0000e+00
      2.076 -2.706e-09     1.9627     19.860     62.022  51.212463    20.9316      9.688   193.0565 6.4593e-01    16.5857      2.036      2.954    16.3013 0.0000e+00
      2.076 -1.295e-08     1.9746     19.661     62.032  51.218653    20.6416      9.685   193.1787 6.3550e-01    16.6608      2.036      2.953    16.2944 0.0000e+00
      2.076 -1.409e-07     1.9747     19.410     62.046  51.230797    20.4961      9.681   193.3470 6.3909e-01    16.7680      2.036      2.954    16.2889 0.0000e+00
      2.076 -1.937e-07     1.9640     19.138     62.121  51.295800    20.4878      9.679   193.5430 6.4203e-01    16.8574      2.036      2.953    16.2841 0.0000e+00
      2.076 7.0451e-07     1.9499     18.867     62.281  51.433107    20.3905      9.675   193.7411 6.3481e-01    16.9557      2.036      2.954    16.2811 0.0000e+00
      2.076      0.000     1.9314     18.621     62.656  51.747974    20.2266      9.672   193.9356 6.3086e-01    17.0685      2.036      2.953    16.2793 0.0000e+00
      2.076      0.000     1.9042     18.411     63.790  52.689805    20.1219      9.670   194.0025 6.3530e-01    17.0935      2.036      2.953    16.2798 0.0000e+00
      2.077      0.001     1.8779     18.245     65.595  54.184134    19.9146      9.667   193.8609 6.3753e-01    17.8386      2.036      2.954    16.2830 0.0000e+00
      2.077      0.002     1.8496     18.109     66.611  55.018761    18.0282      9.663   193.6867 6.3488e-01    27.1367      2.036      2.954    16.2868 0.0000e+00
      2.077      0.002     1.8251     17.972     66.723  55.096777    14.6255      9.661   193.7029 6.5636e-01    44.2537      2.037      2.954    16.2913 0.0000e+00
      2.078      0.000     1.8041     17.801     67.564  55.762517    12.7730      9.659   193.7993 7.6360e-01    53.6946      2.037      2.955    16.2966 0.0000e+00
      2.080     -0.004     1.7874     17.511     68.936  56.843723    12.3342      9.656   193.9056 1.0532e+00    54.9303      2.040      2.959    16.3006 0.0000e+00
      2.081     -0.009     1.7766     16.991     66.723  54.958221     9.3779      9.652   194.2997 1.6054e+00    59.3663      2.043      2.963    16.2967 0.0000e+00
      2.079     -0.014     1.7631     16.167     58.736  48.331549     4.0461      9.649   194.9497 2.4699e+00    67.5338      2.040      2.959    16.2868 0.0000e+00
      2.072     -0.018     1.7503     14.939     51.758  42.565832     1.1683      9.645   195.3987 3.5545e+00    72.0763      2.032      2.947    16.2697 0.0000e+00
