Data/DataNotYetUploadedToEDI/Raw_CTD/RawDownloads/060922_ccr50_0002.cnv
* Sea-Bird SBE19plus  Data File:
* FileName = C:\R\Reservoirs\Data\DataNotYetUploadedToEDI\Raw_CTD\RawDownloads\060922_ccr50_0002.hex
* Software version 2.8.0.119
* Temperature SN = 7809
* Conductivity SN = 7809
* System UpLoad Time = Jun 10 2022 16:05:18
* <ApplicationData>
* <Seaterm232>
# nquan = 15
# nvalues = 3420                        
# units = specified
# name 0 = depFM: Depth [fresh water, m]
# name 1 = dz/dtM: Descent Rate [m/s]
# name 2 = sbeox0Mg/L: Oxygen, SBE 43 [mg/l]
# name 3 = sbeox0PS: Oxygen, SBE 43 [% saturation]
# name 4 = specc: Specific Conductance [uS/cm]
# name 5 = c0uS/cm: Conductivity [uS/cm]
# name 6 = flECO-AFL: Fluorescence, WET Labs ECO-AFL/FL [mg/m^3]
# name 7 = ph: pH
# name 8 = orp: Oxidation Reduction Potential [mV]
# name 9 = par/sat/log: PAR/Logarithmic, Satlantic
# name 10 = turbWETntu0: Turbidity, WET Labs ECO [NTU]
# name 11 = prdM: Pressure, Strain Gauge [db]
# name 12 = prdE: Pressure, Strain Gauge [psi]
# name 13 = tv290C: Temperature [ITS-90, deg C]
# name 14 = flag:  0.000e+00
# span 0 =     -0.543,     21.316       
# span 1 =     -0.208,      0.270       
# span 2 =     2.1094,     9.2562       
# span 3 =     18.809,    101.557       
# span 4 =      0.670,    110.047       
# span 5 =   0.641814,  85.738094       
# span 6 =    -0.3344,   232.6586       
# span 7 =     -2.429,      8.270       
# span 8 = -1240.7455,   311.6673       
# span 9 = 1.2358e-01, 3.7192e+03       
# span 10 =    -8.7703,    13.9325      
# span 11 =     -0.533,     20.905      
# span 12 =     -0.774,     30.319      
# span 13 =    10.1456,    24.8156      
# span 14 = 0.0000e+00, 0.0000e+00      
# interval = seconds: 0.25
# start_time = Jun 09 2022 08:03:14 [Instrument's time stamp, header]
# bad_flag = -9.990e-29
*END*
[from data line 2892]
      6.640     -0.006     6.9648     70.902     93.125  72.963820     2.2689      7.310   303.0347 3.7337e+01     1.3089      6.511      9.444    14.0426 0.0000e+00
      6.640     -0.003     7.0781     71.139     93.045  73.002843     2.2366      7.310   302.8743 3.7307e+01     1.3513      6.510      9.442    14.0680 0.0000e+00
      6.642     -0.000     7.1835     71.210     92.944  73.005459     2.2329      7.311   302.8843 3.7210e+01     1.3798      6.513      9.446    14.0781 0.0000e+00
      6.645      0.002     7.2525     71.193     92.863  72.995547     2.2497      7.313   302.8983 3.7092e+01     1.3455      6.517      9.452    14.1068 0.0000e+00
      6.646      0.002     7.2835     71.163     92.848  73.010112     2.2639      7.314   302.9566 3.7057e+01     1.3122      6.520      9.456    14.1744 0.0000e+00
      6.646      0.001     7.3000     71.166     92.873  73.054537     2.2800      7.316   303.0729 3.7086e+01     1.2852      6.518      9.454    14.2297 0.0000e+00
      6.645     -0.000     7.2951     71.195     92.864  73.088003     2.2782      7.317   303.1006 3.7115e+01     1.2931      6.515      9.450    14.2748 0.0000e+00
      6.644     -0.004     7.2867     71.238     92.817  73.097143     2.2674      7.316   302.9475 3.7156e+01     1.3389      6.514      9.448    14.3080 0.0000e+00
      6.644     -0.010     7.2799     71.323     92.772  73.101569     2.2572      7.316   302.6840 3.7196e+01     1.3599      6.515      9.449    14.3131 0.0000e+00
      6.644     -0.020     7.2799     71.465     92.706  73.078035     2.2382      7.317   302.7540 3.7185e+01     1.4108      6.516      9.451    14.3216 0.0000e+00
      6.642     -0.031     7.2801     71.655     92.674  73.066756     2.2296      7.318   302.9334 3.7246e+01     1.4753      6.516      9.451    14.3481 0.0000e+00
      6.633     -0.044     7.2775     71.840     92.698  73.092274     2.2356      7.319   302.7022 3.7492e+01     1.4570      6.509      9.441    14.3755 0.0000e+00
      6.617     -0.058     7.2835     72.005     92.655  73.068919     2.2615      7.319   302.2818 3.7857e+01     1.3952      6.491      9.414    14.3971 0.0000e+00
      6.597     -0.072     7.2938     72.151     92.538  72.974987     2.3098      7.320   301.9800 3.8252e+01     1.3772      6.468      9.381    14.4143 0.0000e+00
      6.578     -0.084     7.3164     72.276     92.513  72.909505     2.3452      7.322   301.8925 3.8632e+01     1.4090      6.449      9.354    14.4200 0.0000e+00
      6.558     -0.091     7.3353     72.387     92.625  72.912427     2.3563      7.324   301.9125 3.9093e+01     1.4389      6.434      9.331    14.4183 0.0000e+00
      6.531     -0.093     7.3496     72.454     92.764  72.946675     2.3691      7.327   301.7911 3.9625e+01     1.3971      6.407      9.293    14.4284 0.0000e+00
      6.500     -0.093     7.3650     72.490     92.860  73.005857     2.3920      7.330   301.6293 4.0061e+01     1.3131      6.372      9.242    14.4363 0.0000e+00
      6.474     -0.093     7.3789     72.511     92.869  73.056207     2.3995      7.331   301.5907 4.0471e+01     1.2778      6.346      9.204    14.4120 0.0000e+00
      6.454     -0.094     7.4035     72.484     92.765  73.047267     2.3933      7.332   301.5827 4.0882e+01     1.3120      6.329      9.180    14.3537 0.0000e+00
      6.434     -0.094     7.4173     72.449     92.656  73.024920     2.4508      7.333   301.5329 4.1260e+01     1.3845      6.311      9.152    14.3001 0.0000e+00
      6.414     -0.094     7.4196     72.488     92.637  73.040207     2.5697      7.334   301.4189 4.1797e+01     1.4372      6.292      9.125    14.2946 0.0000e+00
      6.389     -0.095     7.4214     72.615     92.699  73.105069     2.6408      7.335   301.2361 4.2424e+01     1.4363      6.267      9.090    14.3236 0.0000e+00
      6.359     -0.097     7.4087     72.818     92.797  73.237402     2.6450      7.336   301.0444 4.2937e+01     1.3740      6.235      9.043    14.3710 0.0000e+00
      6.331     -0.098     7.3938     73.106     92.784  73.369690     2.6204      7.337   300.9934 4.3404e+01     1.2995      6.207      9.002    14.4119 0.0000e+00
      6.307     -0.097     7.3963     73.487     92.601  73.434105     2.5930      7.339   301.0502 4.3764e+01     1.2857      6.184      8.970    14.4233 0.0000e+00
      6.285     -0.095     7.4109     73.967     92.353  73.444713     2.5881      7.339   301.0426 4.4031e+01     1.3440      6.164      8.940    14.4217 0.0000e+00
      6.261     -0.091     7.4281     74.577     92.128  73.434670     2.5953      7.339   300.9011 4.4363e+01     1.3896      6.141      8.907    14.4361 0.0000e+00
      6.237     -0.090     7.4437     75.302     91.954  73.439941     2.5972      7.340   300.7165 4.4661e+01     1.3590      6.116      8.871    14.5186 0.0000e+00
      6.214     -0.092     7.4619     76.089     91.789  73.445086     2.6191      7.342   300.7032 4.4844e+01     1.3154      6.094      8.839    14.6504 0.0000e+00
      6.194     -0.095     7.4892     76.874     91.644  73.433506     2.6676      7.343   300.7394 4.5080e+01     1.3069      6.075      8.811    14.7691 0.0000e+00
      6.172     -0.098     7.5366     77.543     91.581  73.427127     2.6927      7.345   300.5519 4.5455e+01     1.3242      6.054      8.781    14.8579 0.0000e+00
      6.146     -0.099     7.6022     78.023     91.572  73.431535     2.6894      7.348   300.2436 4.5869e+01     1.3875      6.027      8.743    14.9255 0.0000e+00
      6.116     -0.100     7.6673     78.338     91.516  73.423280     2.7030      7.350   300.0241 4.6255e+01     1.4580      5.997      8.698    15.0116 0.0000e+00
      6.087     -0.102     7.7422     78.534     91.389  73.390895     2.7406      7.350   299.9626 4.6581e+01     1.4594      5.967      8.655    15.0760 0.0000e+00
      6.062     -0.103     7.8096     78.618     91.300  73.357716     2.7696      7.351   300.1873 4.6849e+01     1.4048      5.943      8.619    15.0928 0.0000e+00
      6.041     -0.100     7.8568     78.570     91.298  73.339825     2.7711      7.353   300.5047 4.7163e+01     1.3440      5.925      8.594    15.0853 0.0000e+00
      6.016     -0.093     7.8851     78.452     91.355  73.365140     2.7586      7.357   300.5310 4.7573e+01     1.3054      5.902      8.560    15.0971 0.0000e+00
      5.986     -0.083     7.8927     78.356     91.375  73.409645     2.7516      7.359   300.5053 4.7949e+01     1.3137      5.869      8.512    15.1604 0.0000e+00
      5.959     -0.072     7.9005     78.310     91.281  73.433243     2.7614      7.359   300.6237 4.8302e+01     1.3758      5.840      8.470    15.1851 0.0000e+00
      5.942     -0.059     7.8959     78.333     91.138  73.459987     2.7765      7.360   300.5857 4.8652e+01     1.4073      5.824      8.447    15.1613 0.0000e+00
      5.934     -0.045     7.8837     78.432     91.038  73.479062     2.7509      7.363   300.3896 4.8507e+01     1.3870      5.819      8.438    15.1389 0.0000e+00
      5.929     -0.031     7.8720     78.525     91.038  73.473413     2.6854      7.365   300.2320 4.7828e+01     1.3699      5.815      8.433    15.1509 0.0000e+00
      5.923     -0.019     7.8575     78.573     91.053  73.455198     2.6410      7.366   300.1428 4.7748e+01     1.3376      5.809      8.426    15.2088 0.0000e+00
      5.918     -0.012     7.8412     78.652     90.982  73.449373     2.6308      7.368   300.0858 4.8421e+01     1.3034      5.801      8.414    15.3036 0.0000e+00
      5.915     -0.009     7.8423     78.774     90.877  73.466572     2.6458      7.370   299.9729 4.8612e+01     1.3314      5.798      8.409    15.3849 0.0000e+00
      5.917     -0.007     7.8602     78.931     90.800  73.472697     2.6816      7.371   299.8964 4.7911e+01     1.4038      5.803      8.416    15.3560 0.0000e+00
      5.919     -0.004     7.8658     79.101     90.770  73.459973     2.7061      7.373   299.8487 4.7091e+01     1.4269      5.807      8.422    15.3052 0.0000e+00
      5.917     -0.001     7.8687     79.223     90.770  73.439808     2.7083      7.374   299.7400 4.6931e+01     1.3713      5.803      8.418    15.3514 0.0000e+00
      5.913      0.001     7.8674     79.300     90.747  73.419441     2.6990      7.375   299.7002 4.7277e+01     1.3127      5.798      8.409    15.4281 0.0000e+00
      5.911      0.002     7.8761     79.398     90.663  73.404310     2.6850      7.376   299.6260 4.7507e+01     1.2983      5.795      8.406    15.4671 0.0000e+00
      5.912      0.002     7.8972     79.538     90.526  73.383987     2.6815      7.377   299.4450 4.7412e+01     1.3347      5.797      8.407    15.4686 0.0000e+00
      5.917      0.000     7.9126     79.659     90.396  73.364432     2.6981      7.378   299.3197 4.7096e+01     1.4102      5.804      8.417    15.4463 0.0000e+00
      5.922     -0.004     7.9190     79.760     90.321  73.358565     2.7115      7.380   299.1432 4.6851e+01     1.4261      5.810      8.426    15.4350 0.0000e+00
      5.923     -0.009     7.9210     79.893     90.287  73.376641     2.6932      7.381   299.0320 4.6996e+01     1.3903      5.811      8.428    15.4693 0.0000e+00
      5.917     -0.013     7.9295     80.074     90.232  73.392449     2.6601      7.381   299.1798 4.7395e+01     1.3881      5.805      8.419    15.5307 0.0000e+00
      5.906     -0.016     7.9319     80.278     90.109  73.359171     2.6441      7.381   299.2084 4.7660e+01     1.3991      5.791      8.399    15.5843 0.0000e+00
      5.896     -0.020     7.9349     80.489     89.957  73.292016     2.6419      7.381   299.0344 4.7753e+01     1.3865      5.779      8.382    15.6084 0.0000e+00
      5.893     -0.027     7.9450     80.697     89.804  73.215865     2.6579      7.381   298.8821 4.7739e+01     1.3722      5.777      8.379    15.6249 0.0000e+00
      5.896     -0.037     7.9576     80.897     89.643  73.137330     2.6959      7.382   298.7439 4.7607e+01     1.3976      5.783      8.387    15.6641 0.0000e+00
      5.896     -0.050     7.9716     81.108     89.522  73.104872     2.7181      7.384   298.5678 4.7587e+01     1.4194      5.787      8.393    15.7050 0.0000e+00
      5.882     -0.065     7.9870     81.315     89.484  73.141155     2.7101      7.387   298.3876 4.7969e+01     1.3973      5.775      8.377    15.7353 0.0000e+00
      5.853     -0.078     8.0051     81.468     89.484  73.194937     2.6826      7.390   298.3716 4.8561e+01     1.3694      5.740      8.326    15.7596 0.0000e+00
      5.820     -0.086     8.0181     81.566     89.495  73.246971     2.6597      7.392   298.4606 4.9051e+01     1.3894      5.704      8.274    15.7864 0.0000e+00
      5.793     -0.088     8.0328     81.660     89.540  73.325629     2.6579      7.394   298.5183 4.9497e+01     1.4340      5.680      8.239    15.8258 0.0000e+00
      5.772     -0.088     8.0492     81.781     89.634  73.447195     2.6611      7.395   298.5528 4.9959e+01     1.4308      5.657      8.205    15.8687 0.0000e+00
      5.757     -0.088     8.0593     81.934     89.731  73.573324     2.6652      7.396   298.6199 5.0395e+01     1.3851      5.644      8.186    15.8969 0.0000e+00
      5.743     -0.088     8.0628     82.143     89.756  73.643610     2.6746      7.398   298.6414 5.0835e+01     1.3589      5.635      8.174    15.9177 0.0000e+00
      5.721     -0.091     8.0667     82.419     89.717  73.661772     2.6835      7.400   298.5543 5.1364e+01     1.3529      5.615      8.144    15.9413 0.0000e+00
      5.691     -0.093     8.0754     82.751     89.666  73.665917     2.6887      7.401   298.5133 5.2050e+01     1.3476      5.582      8.095    15.9662 0.0000e+00
      5.659     -0.093     8.0842     83.161     89.657  73.693784     2.7302      7.403   298.4035 5.2854e+01     1.3631      5.548      8.047    15.9927 0.0000e+00
      5.632     -0.091     8.0995     83.656     89.684  73.744619     2.8022      7.406   298.0873 5.3553e+01     1.3688      5.522      8.009    16.0203 0.0000e+00
      5.611     -0.087     8.1233     84.196     89.674  73.772335     2.8344      7.408   297.7010 5.4008e+01     1.3485      5.501      7.978    16.0492 0.0000e+00
      5.596     -0.083     8.1498     84.731     89.611  73.774815     2.8292      7.411   297.3468 5.4445e+01     1.3233      5.487      7.959    16.0768 0.0000e+00
      5.581     -0.081     8.1859     85.219     89.525  73.774678     2.8299      7.413   296.9884 5.5030e+01     1.3031      5.476      7.943    16.0955 0.0000e+00
      5.560     -0.081     8.2352     85.672     89.429  73.770767     2.8434      7.415   296.7234 5.5662e+01     1.3089      5.455      7.912    16.1083 0.0000e+00
      5.535     -0.083     8.2860     86.125     89.284  73.727616     2.8588      7.417   296.7229 5.6302e+01     1.3587      5.427      7.871    16.1252 0.0000e+00
      5.510     -0.085     8.3359     86.570     89.063  73.634233     2.8740      7.418   296.8964 5.6952e+01     1.4277      5.403      7.835    16.1561 0.0000e+00
      5.489     -0.086     8.3757     87.017     88.811  73.531234     2.8695      7.420   296.9284 5.7592e+01     1.4593      5.383      7.807    16.1991 0.0000e+00
      5.469     -0.085     8.4091     87.470     88.557  73.435368     2.8385      7.423   296.6799 5.8262e+01     1.4329      5.364      7.779    16.2425 0.0000e+00
      5.448     -0.085     8.4497     87.967     88.322  73.364693     2.8230      7.427   296.4729 5.8931e+01     1.3822      5.342      7.748    16.2820 0.0000e+00
      5.426     -0.086     8.4821     88.539     88.093  73.312163     2.8317      7.429   296.4046 5.9652e+01     1.3595      5.321      7.718    16.3301 0.0000e+00
      5.405     -0.087     8.5164     89.167     87.840  73.245126     2.8271      7.431   296.2840 6.0477e+01     1.3629      5.300      7.688    16.3932 0.0000e+00
      5.382     -0.087     8.5472     89.830     87.536  73.126102     2.8173      7.434   296.0475 6.1297e+01     1.3887      5.278      7.656    16.4565 0.0000e+00
      5.357     -0.088     8.5810     90.492     87.125  72.889697     2.8226      7.437   295.8685 6.2076e+01     1.4329      5.255      7.620    16.5252 0.0000e+00
      5.334     -0.090     8.6252     91.115     86.687  72.610428     2.8323      7.439   295.9261 6.2846e+01     1.4193      5.229      7.584    16.6052 0.0000e+00
      5.313     -0.093     8.6697     91.651     86.424  72.481322     2.8353      7.441   295.8838 6.3616e+01     1.3607      5.211      7.558    16.6900 0.0000e+00
      5.293     -0.095     8.7223     92.095     86.375  72.535846     2.8498      7.444   295.7868 6.4427e+01     1.3382      5.193      7.531    16.7714 0.0000e+00
      5.268     -0.095     8.7746     92.452     86.400  72.634509     2.8913      7.449   295.8728 6.5393e+01     1.3186      5.168      7.495    16.8329 0.0000e+00
      5.239     -0.095     8.8310     92.698     86.284  72.594376     2.9293      7.453   295.7185 6.6479e+01     1.3293      5.137      7.450    16.8745 0.0000e+00
      5.212     -0.095     8.8726     92.833     85.958  72.368307     2.9506      7.456   295.2971 6.7449e+01     1.3989      5.109      7.410    16.9267 0.0000e+00
      5.189     -0.097     8.9023     92.908     85.678  72.188178     2.9660      7.460   294.9941 6.8403e+01     1.3753      5.090      7.382    16.9911 0.0000e+00
      5.168     -0.100     8.9313     92.966     85.593  72.195283     2.9830      7.465   294.8946 6.9489e+01     1.2478      5.068      7.351    17.0336 0.0000e+00
      5.146     -0.101     8.9485     92.996     85.569  72.263732     2.9896      7.469   294.9540 7.0588e+01     1.1562      5.046      7.318    17.0655 0.0000e+00
      5.121     -0.098     8.9557     92.972     85.557  72.317122     2.9796      7.473   294.9378 7.1890e+01     1.1554      5.026      7.289    17.0896 0.0000e+00
