Data/DataNotYetUploadedToEDI/Raw_CTD/RawDownloads/060925_fcr40_S7809006.cnv
* Sea-Bird SBE19plus  Data File:
* FileName = C:\R\Reservoirs\Data\DataNotYetUploadedToEDI\Raw_CTD\RawDownloads\060925_fcr50_S7809_0006.hex
* Software version 2.8.0.119
* Temperature SN = 7809
* Conductivity SN = 7809
* System UpLoad Time = Jun 10 2025 13:11:13
* <ApplicationData>
* <Seaterm232>
# nquan = 15
# nvalues = 2551                        
# units = specified
# name 0 = depFM: Depth [fresh water, m]
# name 1 = dz/dtM: Descent Rate [m/s]
# name 2 = sbeox0Mg/L: Oxygen, SBE 43 [mg/l]
# name 3 = sbeox0PS: Oxygen, SBE 43 [% saturation]
# name 4 = specc: Specific Conductance [uS/cm]
# name 5 = c0uS/cm: Conductivity [uS/cm]
# name 6 = flECO-AFL: Fluorescence, WET Labs ECO-AFL/FL [mg/m^3]
# name 7 = ph: pH
# name 8 = orp: Oxidation Reduction Potential [mV]
# name 9 = par/sat/log: PAR/Logarithmic, Satlantic
# name 10 = turbWETntu0: Turbidity, WET Labs ECO [NTU]
# name 11 = prdM: Pressure, Strain Gauge [db]
# name 12 = prdE: Pressure, Strain Gauge [psi]
# name 13 = tv290C: Temperature [ITS-90, deg C]
# name 14 = flag:  0.000e+00
# span 0 =     -0.687,      5.536       
# span 1 =     -0.517,      0.178       
# span 2 =     0.0276,    17.9191       
# span 3 =      0.285,    204.436       
# span 4 =      1.717,     43.523       
# span 5 =   1.497385,  40.452185       
# span 6 =    -0.7116,    46.1727       
# span 7 =      7.810,     11.700       
# span 8 =    68.2453,   261.2634       
# span 9 = 1.2360e-01, 2.9282e+03       
# span 10 =    -0.1614,   503.1115      
# span 11 =     -0.676,      5.430      
# span 12 =     -0.979,      7.875      
# span 13 =    10.5038,    26.2485      
# span 14 = 0.0000e+00, 0.0000e+00      
# interval = seconds: 0.25
# start_time = Jun 09 2025 13:18:37 [Instrument's time stamp, header]
# bad_flag = -9.990e-29
*END*
     -0.684 -6.589e-08     8.4368     90.177      1.894   1.651167    -0.0057     10.113   104.4914 2.8833e+03     0.1124     -0.671     -0.972    18.5744 0.0000e+00
     -0.684 -1.208e-07     8.4370     90.207      1.877   1.636095    -0.0347     10.093   104.2776 2.8843e+03    -0.0628     -0.670     -0.972    18.5750 0.0000e+00
     -0.684 -6.590e-08     8.4377     90.216      1.847   1.610645    -0.0511     10.126   104.2573 2.8850e+03    -0.1614     -0.671     -0.973    18.5756 0.0000e+00
     -0.684 -5.992e-09     8.4348     90.207      1.831   1.596815    -0.0376     10.175   104.4174 2.8953e+03    -0.1569     -0.671     -0.972    18.5761 0.0000e+00
     -0.684 -5.723e-10     8.4351     90.212      1.830   1.595568    -0.0289     10.206   104.3199 2.9177e+03    -0.1110     -0.671     -0.973    18.5765 0.0000e+00
     -0.684 -3.548e-10     8.4410     90.218      1.830   1.595568    -0.0453     10.218   104.1112 2.9282e+03    -0.0169     -0.670     -0.972    18.5771 0.0000e+00
     -0.684 -3.363e-09     8.4411     90.223      1.832   1.596813    -0.0445     10.222   104.1312 2.9090e+03     0.0929     -0.671     -0.972    18.5778 0.0000e+00
     -0.683 -3.695e-08     8.4379     90.238      1.847   1.610621    -0.0278     10.229   104.5621 2.8663e+03     0.1233     -0.670     -0.972    18.5784 0.0000e+00
     -0.683 -4.064e-07     8.4397     90.244      1.876   1.635837    -0.0351     10.241   105.1052 2.7981e+03     0.0436     -0.670     -0.972    18.5792 0.0000e+00
     -0.684     -0.000     8.4406     90.235      1.891   1.648327    -0.0326     10.253   104.9331 2.6976e+03    -0.0169     -0.671     -0.972    18.5797 0.0000e+00
     -0.684     -0.000     8.4390     90.228      1.876   1.634957    -0.0054     10.260   104.6312 2.6007e+03     0.0405     -0.671     -0.972    18.5801 0.0000e+00
     -0.684     -0.001     8.4426     90.213      1.836   1.600863     0.0026     10.247   104.7251 2.5413e+03     0.0893     -0.670     -0.972    18.5806 0.0000e+00
     -0.684     -0.001     8.4430     90.202      1.781   1.552813    -0.0193     10.200   104.6056 2.4981e+03     0.0258     -0.671     -0.972    18.5811 0.0000e+00
     -0.684     -0.000     8.4404     90.211      1.717   1.497385    -0.0462     10.129   104.1338 2.4232e+03    -0.0087     -0.671     -0.973    18.5815 0.0000e+00
     -0.684 -1.847e-08     8.4414     90.219      1.721   1.500762    -0.0474     10.066   104.0104 2.3002e+03     0.0815     -0.671     -0.973    18.5818 0.0000e+00
     -0.684 -2.032e-07     8.4390     90.209      1.901   1.656977    -0.0923     10.043   104.6622 2.1660e+03     0.5005     -0.671     -0.974    18.5822 0.0000e+00
     -0.684 -2.032e-07     8.4369     90.202      2.213   1.929292    -0.2143     10.032   105.2173 2.0402e+03     1.1980     -0.672     -0.973    18.5824 0.0000e+00
     -0.684 -1.847e-08     8.4386     90.216      2.447   2.132889    -0.2739      9.966   105.3010 1.7088e+03     1.6490     -0.671     -0.972    18.5828 0.0000e+00
     -0.684 -1.676e-09     8.4410     90.245      2.472   2.154998    -0.2557      9.846   105.0728 1.4157e+03     1.7857     -0.671     -0.973    18.5827 0.0000e+00
     -0.684 -1.087e-10     8.4383     90.258      2.374   2.069925    -0.2682      9.750   104.6089 1.6137e+03     1.7918     -0.671     -0.973    18.5828 0.0000e+00
     -0.685 4.7006e-10     8.4375     90.245      2.284   1.991094    -0.4097      9.710   104.6826 1.8376e+03     2.0984     -0.672     -0.974    18.5822 0.0000e+00
     -0.685 5.3221e-09     8.4384     90.242      2.251   1.961993    -0.6178      9.686   105.0172 1.8039e+03     2.7951     -0.672     -0.974    18.5825 0.0000e+00
     -0.684 5.8557e-08     8.4428     90.247      2.262   1.971439    -0.7116      9.676   104.7834 1.7308e+03     3.1442     -0.671     -0.973    18.5814 0.0000e+00
     -0.684 6.4413e-07     8.4453     90.244      2.270   1.978615    -0.6859      9.723   105.2113 1.6781e+03     3.2112     -0.671     -0.973    18.5824 0.0000e+00
     -0.684      0.000     8.4411     90.236      2.205   1.922072    -0.1829      9.810   106.3192 1.6784e+03     4.7665     -0.672     -0.974    18.5798 0.0000e+00
     -0.684      0.000     8.4414     90.217      2.130   1.857869     0.7594      9.888   106.8208 1.7292e+03     7.7050     -0.671     -0.973    18.5832 0.0000e+00
     -0.684      0.001     8.4440     90.202      2.385   2.089148     1.2776      9.908   107.1464 1.8187e+03     9.2950     -0.671     -0.973    18.5766 0.0000e+00
     -0.684      0.004     8.4409     90.177      3.991   3.578252     1.3550      9.863   107.7605 1.9039e+03     9.4046     -0.671     -0.973    18.5863 0.0000e+00
     -0.684      0.014     8.4445     90.091     10.805  10.043589     1.7282      9.823   112.6117 1.9497e+03     9.3706     -0.671     -0.972    18.5696 0.0000e+00
     -0.684      0.031     8.4367     89.966     23.374  22.210100     2.4445      9.893   119.6856 1.9826e+03     9.3972     -0.671     -0.973    18.5960 0.0000e+00
     -0.681      0.057     8.4425     89.901     33.321  32.203118     2.8576     10.087   113.0153 2.0085e+03     9.4537     -0.671     -0.972    18.5519 0.0000e+00
     -0.670      0.089     8.4118     89.876     36.238  35.563966     2.9027     10.312    95.1136 2.0646e+03     9.4379     -0.663     -0.961    18.7400 0.0000e+00
     -0.644      0.123     8.1658     89.765     36.198  35.951660     3.0396     10.501    86.3295 2.1898e+03     9.4456     -0.639     -0.927    20.1704 0.0000e+00
     -0.602      0.152     7.8535     89.745     36.023  36.066479     3.3062     10.640    86.7385 2.3004e+03     9.5469     -0.593     -0.861    22.0641 0.0000e+00
     -0.550      0.172     7.6642     90.007     35.805  36.064350     3.4539     10.734    86.5504 2.0455e+03     9.6038     -0.540     -0.783    23.2898 0.0000e+00
     -0.494      0.178     7.5518     90.320     35.492  35.926243     3.5278     10.796    85.3459 1.8198e+03     9.5520     -0.485     -0.703    24.1399 0.0000e+00
     -0.439      0.170     7.4525     90.580     35.104  35.665887     4.0331     10.837    84.8227 2.2867e+03     9.5356     -0.427     -0.619    24.7345 0.0000e+00
     -0.394      0.150     7.3874     90.863     34.677  35.327638     4.9266     10.862    84.6124 2.7422e+03     9.6786     -0.382     -0.554    25.0800 0.0000e+00
     -0.360      0.125     7.3888     91.138     34.340  35.072490     5.4087     10.879    84.0077 2.8040e+03     9.8465     -0.351     -0.510    25.3722 0.0000e+00
     -0.334      0.100     7.3796     91.411     34.124  34.928589     5.4429     10.894    83.1899 2.7998e+03     9.9256     -0.325     -0.472    25.6311 0.0000e+00
     -0.315      0.080     7.3689     91.674     33.964  34.793344     5.4573     10.906    82.7265 2.5478e+03     9.9185     -0.305     -0.444    25.8193 0.0000e+00
     -0.303      0.067     7.3825     91.861     33.840  34.642763     5.5990     10.917    82.6206 2.0175e+03     9.7606     -0.297     -0.430    25.9312 0.0000e+00
     -0.293      0.058     7.3856     91.993     33.740  34.503679     5.8580     10.929    82.5972 1.5368e+03     9.6223     -0.290     -0.420    26.0544 0.0000e+00
     -0.279      0.053     7.3866     92.112     33.708  34.443980     6.0076     10.941    82.5306 1.4930e+03     9.6808     -0.275     -0.398    26.2102 0.0000e+00
     -0.262      0.052     7.4069     92.201     33.845  34.555349     6.0349     10.951    82.4173 1.9684e+03     9.7505     -0.255     -0.370    26.2485 0.0000e+00
     -0.247      0.052     7.4291     92.264     34.099  34.771632     6.0135     10.960    82.2590 2.0504e+03     9.6465     -0.241     -0.349    26.1837 0.0000e+00
     -0.237      0.050     7.4463     92.329     34.271  34.901841     5.9396     10.968    82.1655 1.7641e+03     9.4473     -0.233     -0.338    26.1141 0.0000e+00
     -0.225      0.047     7.4629     92.410     34.184  34.797260     5.8908     10.975    82.2331 2.0901e+03     9.3913     -0.222     -0.322    26.0840 0.0000e+00
     -0.211      0.045     7.4725     92.495     33.950  34.585692     5.8897     10.980    82.3026 2.2413e+03     9.4826     -0.207     -0.300    26.0570 0.0000e+00
     -0.199      0.044     7.4869     92.568     33.945  34.627860     5.8592     10.984    82.3176 1.8408e+03     9.4579     -0.194     -0.281    25.9845 0.0000e+00
     -0.191      0.044     7.5036     92.648     34.202  34.926523     5.7724     10.988    82.3281 1.9317e+03     9.3314     -0.188     -0.273    25.8964 0.0000e+00
     -0.182      0.043     7.5146     92.737     34.415  35.151461     5.7149     10.993    82.3439 2.4139e+03     9.2854     -0.179     -0.260    25.8657 0.0000e+00
     -0.169      0.041     7.5160     92.822     34.464  35.190417     5.7290     10.997    82.2501 2.6442e+03     9.3451     -0.165     -0.240    25.9165 0.0000e+00
     -0.157      0.037     7.5082     92.912     34.432  35.143739     5.7774     10.999    82.0539 2.6577e+03     9.4728     -0.154     -0.224    26.0067 0.0000e+00
     -0.147      0.032     7.5051     93.083     34.401  35.094627     5.8004     11.002    81.9505 2.5108e+03     9.4975     -0.143     -0.208    26.0739 0.0000e+00
     -0.137      0.024     7.5146     93.860     34.427  35.104158     5.7823     11.006    81.9471 2.2786e+03     9.3700     -0.132     -0.193    26.0703 0.0000e+00
     -0.132      0.013     7.5230     95.979     34.472  35.132063     5.7997     11.010    81.9269 2.1763e+03     9.2972     -0.128     -0.185    26.0452 0.0000e+00
     -0.130      0.003     7.5331     98.961     34.474  35.114763     6.1688     11.013    81.7916 2.1245e+03     9.3009     -0.126     -0.182    26.0325 0.0000e+00
     -0.132     -0.005     7.5418    101.654     34.464  35.085295     6.8496     11.017    81.6880 2.0566e+03     9.2781     -0.128     -0.186    26.0016 0.0000e+00
     -0.136     -0.010     7.5659    103.990     34.489  35.092973     7.2142     11.019    81.7067 1.8228e+03     9.1931     -0.133     -0.193    25.9755 0.0000e+00
     -0.142     -0.012     7.7579    106.166     34.560  35.144118     7.2229     11.022    81.7596 1.7281e+03     9.0585     -0.139     -0.203    25.9542 0.0000e+00
     -0.147     -0.012     8.0659    107.739     34.639  35.196088     7.1885     11.025    81.8118 2.2119e+03     8.9824     -0.146     -0.212    25.9234 0.0000e+00
     -0.149     -0.010     8.2720    108.338     34.689  35.213709     7.0148     11.028    81.8211 2.6003e+03     9.0586     -0.146     -0.211    25.8919 0.0000e+00
     -0.150     -0.005     8.4509    107.897     34.675  35.166789     6.7118     11.031    81.7871 2.6250e+03     9.1942     -0.148     -0.214    25.8698 0.0000e+00
     -0.151     -0.001     8.6580    106.574     34.543  35.009411     6.5296     11.033    81.6582 2.6343e+03     9.1876     -0.149     -0.215    25.8465 0.0000e+00
     -0.151      0.003     8.8016    104.846     34.317  34.770094     6.5015     11.035    81.4663 2.6531e+03     9.0813     -0.148     -0.216    25.7972 0.0000e+00
     -0.151      0.007     8.8586    103.226     34.107  34.557267     6.7540     11.037    81.3599 2.6640e+03     9.1730     -0.149     -0.216    25.7512 0.0000e+00
     -0.148      0.009     8.8292    101.868     34.014  34.466391     7.2529     11.038    81.3186 2.6515e+03     9.4419     -0.145     -0.210    25.6998 0.0000e+00
     -0.144      0.009     8.7118    100.710     34.042  34.496099     7.5229     11.040    81.2253 2.5109e+03     9.5654     -0.141     -0.205    25.6576 0.0000e+00
     -0.140      0.007     8.5527     99.727     34.083  34.535800     7.5388     11.041    81.0916 2.2622e+03     9.5044     -0.138     -0.200    25.6509 0.0000e+00
     -0.136      0.004     8.4184     98.890     34.115  34.565748     7.6447     11.043    80.9930 2.1394e+03     9.4566     -0.133     -0.193    25.6519 0.0000e+00
     -0.134     -0.001     8.3109     98.111     34.156  34.604408     7.8871     11.044    80.8931 2.1659e+03     9.4995     -0.131     -0.190    25.6592 0.0000e+00
     -0.136     -0.005     8.2148     97.284     34.176  34.622568     8.0397     11.046    80.7449 2.2931e+03     9.5109     -0.133     -0.193    25.6637 0.0000e+00
     -0.141     -0.008     8.1359     96.298     34.218  34.658427     8.0417     11.049    80.6633 2.4806e+03     9.4914     -0.138     -0.201    25.6586 0.0000e+00
     -0.146     -0.009     8.0714     95.120     34.288  34.720738     7.8773     11.052    80.6806 2.5936e+03     9.4695     -0.144     -0.210    25.6542 0.0000e+00
     -0.149     -0.008     8.0110     93.843     34.317  34.741504     7.5928     11.054    80.6097 2.6209e+03     9.4507     -0.147     -0.214    25.6512 0.0000e+00
     -0.150     -0.007     7.9477     92.581     34.301  34.719156     7.4564     11.054    80.4090 2.6182e+03     9.5033     -0.147     -0.213    25.6488 0.0000e+00
     -0.150     -0.004     7.8702     91.373     34.290  34.704300     7.4767     11.055    80.3181 2.6209e+03     9.5245     -0.147     -0.213    25.6398 0.0000e+00
     -0.150     -0.002     7.7723     90.238     34.275  34.688767     7.5877     11.058    80.3713 2.6319e+03     9.4682     -0.147     -0.213    25.6241 0.0000e+00
     -0.151     -0.001     7.6658     89.231     34.245  34.658241     7.7587     11.061    80.3638 2.6382e+03     9.3693     -0.148     -0.215    25.6111 0.0000e+00
     -0.152     -0.001     7.5635     88.411     34.239  34.652437     7.8297     11.062    80.3148 2.6393e+03     9.3186     -0.149     -0.216    25.6028 0.0000e+00
     -0.152     -0.000     7.4652     87.779     34.266  34.682041     7.8388     11.064    80.2944 2.6280e+03     9.4365     -0.150     -0.218    25.5983 0.0000e+00
     -0.152 -2.213e-08     7.3709     87.302     34.279  34.698946     7.8608     11.067    80.2032 2.6135e+03     9.4965     -0.149     -0.217    25.5968 0.0000e+00
     -0.151 -2.434e-07     7.2863     86.934     34.243  34.666503     7.9205     11.069    79.9858 2.5993e+03     9.3268     -0.148     -0.214    25.5960 0.0000e+00
     -0.150 -6.077e-07     7.2194     86.631     34.182  34.607010     8.0526     11.070    79.8169 2.5743e+03     9.1956     -0.147     -0.213    25.5971 0.0000e+00
     -0.150     -0.000     7.1690     86.418     34.127  34.550636     8.1430     11.071    79.7108 2.5500e+03     9.2076     -0.147     -0.214    25.5995 0.0000e+00
     -0.151     -0.000     7.1295     86.330     34.076  34.492446     8.1653     11.072    79.5619 2.5396e+03     9.2673     -0.148     -0.214    25.6061 0.0000e+00
     -0.152     -0.000     7.1017     86.379     34.067  34.474434     8.1886     11.074    79.4799 2.5343e+03     9.3710     -0.150     -0.217    25.6133 0.0000e+00
     -0.152     -0.000     7.0741     86.559     34.123  34.523177     8.1999     11.076    79.4074 2.5284e+03     9.4702     -0.150     -0.217    25.6182 0.0000e+00
     -0.152      0.001     7.0554     86.764     34.177  34.574225     8.2018     11.077    79.2876 2.5305e+03     9.5785     -0.148     -0.215    25.6191 0.0000e+00
     -0.152      0.003     7.0503     86.858     34.191  34.584082     8.2121     11.079    79.1499 2.5357e+03     9.6559     -0.148     -0.215    25.6076 0.0000e+00
     -0.152      0.004     7.0549     86.823     34.201  34.578908     8.2241     11.082    79.0336 2.5453e+03     9.6550     -0.150     -0.217    25.5908 0.0000e+00
     -0.150      0.003     7.0753     86.699     34.228  34.575090     8.2387     11.085    78.9991 2.5664e+03     9.6363     -0.148     -0.215    25.5780 0.0000e+00
     -0.147      0.002     7.0978     86.455     34.292  34.601320     8.2385     11.088    78.9056 2.5691e+03     9.5658     -0.143     -0.208    25.5738 0.0000e+00
     -0.145      0.001     7.1053     86.044     34.368  34.642207     8.2225     11.091    78.8489 2.5435e+03     9.5543     -0.141     -0.205    25.5759 0.0000e+00
     -0.145      0.001     7.1016     85.498     34.384  34.625282     8.2026     11.094    78.9162 2.5173e+03     9.6682     -0.141     -0.205    25.5580 0.0000e+00
