Data/DataNotYetUploadedToEDI/Raw_CTD/RawDownloads/060925_fcr40_S7809006.cnv
* Sea-Bird SBE19plus  Data File:
* FileName = C:\R\Reservoirs\Data\DataNotYetUploadedToEDI\Raw_CTD\RawDownloads\060925_fcr50_S7809_0006.hex
* Software version 2.8.0.119
* Temperature SN = 7809
* Conductivity SN = 7809
* System UpLoad Time = Jun 10 2025 13:11:13
* <ApplicationData>
* <Seaterm232>
# nquan = 15
# nvalues = 2551                        
# units = specified
# name 0 = depFM: Depth [fresh water, m]
# name 1 = dz/dtM: Descent Rate [m/s]
# name 2 = sbeox0Mg/L: Oxygen, SBE 43 [mg/l]
# name 3 = sbeox0PS: Oxygen, SBE 43 [% saturation]
# name 4 = specc: Specific Conductance [uS/cm]
# name 5 = c0uS/cm: Conductivity [uS/cm]
# name 6 = flECO-AFL: Fluorescence, WET Labs ECO-AFL/FL [mg/m^3]
# name 7 = ph: pH
# name 8 = orp: Oxidation Reduction Potential [mV]
# name 9 = par/sat/log: PAR/Logarithmic, Satlantic
# name 10 = turbWETntu0: Turbidity, WET Labs ECO [NTU]
# name 11 = prdM: Pressure, Strain Gauge [db]
# name 12 = prdE: Pressure, Strain Gauge [psi]
# name 13 = tv290C: Temperature [ITS-90, deg C]
# name 14 = flag:  0.000e+00
# span 0 =     -0.687,      5.536       
# span 1 =     -0.517,      0.178       
# span 2 =     0.0276,    17.9191       
# span 3 =      0.285,    204.436       
# span 4 =      1.717,     43.523       
# span 5 =   1.497385,  40.452185       
# span 6 =    -0.7116,    46.1727       
# span 7 =      7.810,     11.700       
# span 8 =    68.2453,   261.2634       
# span 9 = 1.2360e-01, 2.9282e+03       
# span 10 =    -0.1614,   503.1115      
# span 11 =     -0.676,      5.430      
# span 12 =     -0.979,      7.875      
# span 13 =    10.5038,    26.2485      
# span 14 = 0.0000e+00, 0.0000e+00      
# interval = seconds: 0.25
# start_time = Jun 09 2025 13:18:37 [Instrument's time stamp, header]
# bad_flag = -9.990e-29
*END*
[from data line 2507]
     -0.687 4.6197e-08     8.4806     90.628      3.449   3.004456    -0.0348     10.954   134.0408 5.9771e+02     4.8835     -0.674     -0.977    18.6128 0.0000e+00
     -0.687 4.1998e-09     8.4869     90.552      3.110   2.708406    -0.0365     10.947   133.8324 6.3507e+02     5.4677     -0.674     -0.977    18.5981 0.0000e+00
     -0.687 3.8180e-10     8.4883     90.481      3.043   2.648607    -0.0406     10.939   133.7965 6.6566e+02     5.4745     -0.674     -0.977    18.5826 0.0000e+00
     -0.687 3.4709e-11     8.4872     90.431      3.059   2.661519    -0.0520     10.932   134.5526 6.7091e+02     5.5123     -0.674     -0.977    18.5678 0.0000e+00
     -0.687 3.1554e-12     8.4836     90.410      3.075   2.674494    -0.0415     10.927   135.3177 6.5410e+02     5.9242     -0.674     -0.977    18.5527 0.0000e+00
     -0.687 2.8685e-13     8.4781     90.411      3.154   2.742132    -0.0290     10.923   135.3900 6.5175e+02     6.6627     -0.674     -0.977    18.5369 0.0000e+00
     -0.687 2.6077e-14     8.4745     90.420      3.202   2.782508    -0.0511     10.919   135.5124 6.7564e+02     7.0292     -0.674     -0.977    18.5204 0.0000e+00
     -0.687 2.3707e-15     8.4716     90.427      3.130   2.719252    -0.0509     10.915   135.9366 6.8538e+02     7.1114     -0.674     -0.977    18.5040 0.0000e+00
     -0.687 2.1552e-16     8.4733     90.446      3.079   2.674112    -0.0268     10.910   136.3887 6.8418e+02     7.2799     -0.673     -0.976    18.4877 0.0000e+00
     -0.687 1.9592e-17     8.4762     90.481      3.086   2.680155    -0.0342     10.906   136.6779 7.3434e+02     7.4612     -0.674     -0.977    18.4716 0.0000e+00
     -0.687 1.7811e-18     8.4806     90.514      3.070   2.665628    -0.0402     10.905   136.8517 8.2346e+02     7.6301     -0.674     -0.978    18.4554 0.0000e+00
     -0.687 1.6192e-19     8.4834     90.543      3.025   2.625149    -0.0166     10.904   137.0274 8.7149e+02     7.8188     -0.674     -0.977    18.4394 0.0000e+00
     -0.687 1.4720e-20     8.4869     90.574      2.964   2.570801    -0.0150     10.902   137.1675 8.7766e+02     7.9315     -0.674     -0.977    18.4242 0.0000e+00
     -0.687 1.3382e-21     8.4948     90.614      2.901   2.515283    -0.0371     10.900   137.3411 8.7653e+02     8.0016     -0.674     -0.978    18.4095 0.0000e+00
     -0.687 1.2165e-22     8.4997     90.657      2.839   2.460646    -0.0340     10.898   137.5775 8.7333e+02     8.1211     -0.674     -0.977    18.3950 0.0000e+00
     -0.687 1.1059e-23     8.5049     90.684      2.789   2.416945    -0.0105     10.897   137.7034 8.7135e+02     8.1462     -0.674     -0.977    18.3802 0.0000e+00
     -0.687 1.0054e-24     8.5100     90.690      2.733   2.366970    -0.0113     10.896   136.8835 8.7066e+02     8.0321     -0.674     -0.977    18.3656 0.0000e+00
     -0.687 9.1400e-26     8.5161     90.694      2.656   2.299825    -0.0348     10.895   135.9249 8.7146e+02     7.9029     -0.674     -0.978    18.3514 0.0000e+00
     -0.687 8.3090e-27     8.5238     90.704      2.586   2.238543    -0.0283     10.895   136.9533 8.7412e+02     7.9161     -0.674     -0.977    18.3372 0.0000e+00
     -0.687 7.5535e-28     8.5291     90.717      2.538   2.196117     0.0001     10.895   138.5630 8.7706e+02     8.0546     -0.673     -0.976    18.3232 0.0000e+00
     -0.687 6.8670e-29     8.5310     90.728      2.505   2.166912    -0.0154     10.893   139.0403 8.7847e+02     8.0749     -0.674     -0.977    18.3085 0.0000e+00
     -0.687 6.2425e-30     8.5338     90.730      2.473   2.138817    -0.0583     10.888   139.1108 8.7771e+02     8.0251     -0.674     -0.978    18.2938 0.0000e+00
     -0.687 5.6750e-31     8.5377     90.729      2.440   2.109793    -0.0526     10.885   139.2434 8.7562e+02     8.0672     -0.674     -0.977    18.2799 0.0000e+00
     -0.687 5.1595e-32     8.5408     90.738      2.394   2.069366    -0.0136     10.884   139.4390 8.7439e+02     8.0381     -0.674     -0.977    18.2661 0.0000e+00
     -0.687 4.6902e-33     8.5454     90.761      2.349   2.030082    -0.0107     10.883   139.6689 8.7499e+02     7.9119     -0.674     -0.977    18.2521 0.0000e+00
     -0.687 4.2638e-34     8.5471     90.790      2.333   2.014879    -0.0262     10.883   139.6996 8.7602e+02     7.9082     -0.674     -0.977    18.2385 0.0000e+00
     -0.687 3.8762e-35     8.5491     90.806      2.330   2.012236    -0.0177     10.884   139.6389 8.7690e+02     8.0275     -0.673     -0.976    18.2247 0.0000e+00
     -0.687 3.5238e-36     8.5523     90.827      2.314   1.998125    -0.0162     10.884   140.0527 8.7825e+02     8.0562     -0.674     -0.977    18.2110 0.0000e+00
     -0.687 3.2035e-37     8.5566     90.871      2.284   1.970947    -0.0420     10.880   140.4869 8.7982e+02     7.9812     -0.673     -0.976    18.1975 0.0000e+00
     -0.687 2.9123e-38     8.5633     90.885      2.245   1.937007    -0.0630     10.878   140.5005 8.8159e+02     7.9748     -0.674     -0.977    18.1843 0.0000e+00
     -0.687 2.6475e-39     8.5662     90.850      2.208   1.904474    -0.0525     10.878   140.4754 8.8272e+02     8.0469     -0.674     -0.977    18.1710 0.0000e+00
     -0.687 2.4069e-40     8.5684     90.831      2.197   1.894299    -0.0240     10.880   140.7861 8.8210e+02     8.0669     -0.674     -0.977    18.1578 0.0000e+00
     -0.687 2.1880e-41     8.5781     90.864      2.178   1.877327    -0.0184     10.877   141.4177 8.8062e+02     7.9788     -0.674     -0.977    18.1450 0.0000e+00
     -0.687 1.9891e-42     8.5836     90.904      2.119   1.825957    -0.0262     10.870   141.5729 8.7918e+02     7.9380     -0.674     -0.977    18.1322 0.0000e+00
     -0.687 1.8083e-43     8.5778     90.894      2.066   1.779930    -0.0092     10.865   141.3719 8.7861e+02     8.0178     -0.674     -0.977    18.1190 0.0000e+00
     -0.687 1.6439e-44     8.5779     90.861      2.048   1.764229    -0.0048     10.864   141.4829 8.7897e+02     8.0208     -0.673     -0.976    18.1057 0.0000e+00
     -0.687 1.4945e-45     8.5845     90.860      2.047   1.762802    -0.0308     10.864   141.7104 8.7784e+02     7.9408     -0.674     -0.977    18.0926 0.0000e+00
     -0.687 1.3587e-46     8.5943     90.890      2.048   1.762672    -0.0325     10.865   141.7132 8.7660e+02     8.0058     -0.674     -0.978    18.0801 0.0000e+00
     -0.687 1.2453e-47     8.5938     90.925      2.049   1.762660    -0.0165     10.865   141.5175 8.7858e+02     8.1586     -0.673     -0.976    18.0675 0.0000e+00
     -0.687 2.2456e-48     8.5895     90.941      2.049   1.762659    -0.0131     10.865   141.4088 8.8150e+02     8.2164     -0.674     -0.977    18.0553 0.0000e+00
     -0.687 -9.990e-29     8.5933 -9.990e-29 -9.990e-29 -9.990e-29 -9.990e-29 -9.990e-29 -9.990e-29 8.8389e+02 -9.990e-29     -0.674     -0.977    18.0422 0.0000e+00
     -0.686 -9.990e-29     8.5981 -9.990e-29 -9.990e-29 -9.990e-29 -9.990e-29 -9.990e-29 -9.990e-29 8.8610e+02 -9.990e-29     -0.673     -0.976    18.0309 0.0000e+00
     -0.686 -9.990e-29     8.6054 -9.990e-29 -9.990e-29 -9.990e-29 -9.990e-29 -9.990e-29 -9.990e-29 8.8771e+02 -9.990e-29     -0.673     -0.976    18.0173 0.0000e+00
     -0.686 -9.990e-29     8.6087 -9.990e-29 -9.990e-29 -9.990e-29 -9.990e-29 -9.990e-29 -9.990e-29 8.8842e+02 -9.990e-29     -0.673     -0.976    18.0076 0.0000e+00
