Data/DataNotYetUploadedToEDI/Raw_CTD/RawDownloads/060925_fcr50_S7809001.cnv
* Sea-Bird SBE19plus  Data File:
* FileName = C:\R\Reservoirs\Data\DataNotYetUploadedToEDI\Raw_CTD\RawDownloads\060925_fcr50_S7809_0001.hex
* Software version 2.8.0.119
* Temperature SN = 7809
* Conductivity SN = 7809
* System UpLoad Time = Jun 10 2025 13:07:49
* <ApplicationData>
* <Seaterm232>
# nquan = 15
# nvalues = 1971                        
# units = specified
# name 0 = depFM: Depth [fresh water, m]
# name 1 = dz/dtM: Descent Rate [m/s]
# name 2 = sbeox0Mg/L: Oxygen, SBE 43 [mg/l]
# name 3 = sbeox0PS: Oxygen, SBE 43 [% saturation]
# name 4 = specc: Specific Conductance [uS/cm]
# name 5 = c0uS/cm: Conductivity [uS/cm]
# name 6 = flECO-AFL: Fluorescence, WET Labs ECO-AFL/FL [mg/m^3]
# name 7 = ph: pH
# name 8 = orp: Oxidation Reduction Potential [mV]
# name 9 = par/sat/log: PAR/Logarithmic, Satlantic
# name 10 = turbWETntu0: Turbidity, WET Labs ECO [NTU]
# name 11 = prdM: Pressure, Strain Gauge [db]
# name 12 = prdE: Pressure, Strain Gauge [psi]
# name 13 = tv290C: Temperature [ITS-90, deg C]
# name 14 = flag:  0.000e+00
# span 0 =     -0.693,      9.480       
# span 1 =     -0.325,      2.856       
# span 2 =    -0.1569,    17.7857       
# span 3 =     -1.423,    199.240       
# span 4 =      1.167,    281.569       
# span 5 =   1.153524, 200.684819       
# span 6 =    -0.4384,    42.9062       
# span 7 =      5.733,     11.331       
# span 8 = -1240.7455,   278.1278       
# span 9 = 1.2353e-01, 2.1208e+03       
# span 10 =    -2.1078,   118.9719      
# span 11 =     -0.681,      9.298      
# span 12 =     -0.987,     13.487      
# span 13 =    10.4595,    24.6422      
# span 14 = 0.0000e+00, 0.0000e+00      
# interval = seconds: 0.25
# start_time = Jun 09 2025 09:50:40 [Instrument's time stamp, header]
# bad_flag = -9.990e-29
*END*
[from data line 579]
      0.089 4.7406e-45    10.6559    127.610     34.646  34.221119     9.4088     10.888    83.2853 7.9205e+02     7.7968      0.088      0.127    24.4055 0.0000e+00
      0.089 4.3097e-46    10.6580    127.565     34.603  34.172373     9.4067     10.889    83.3235 7.6321e+02     7.7796      0.088      0.127    24.4051 0.0000e+00
      0.089 3.9179e-47    10.6578    127.533     34.605  34.171232     9.3799     10.890    83.2955 7.7050e+02     7.7402      0.088      0.127    24.4002 0.0000e+00
      0.089 3.5617e-48    10.6649    127.510     34.642  34.207317     9.4099     10.892    83.1192 8.1883e+02     7.7303      0.088      0.127    24.3910 0.0000e+00
      0.089 3.2379e-49    10.6667    127.419     34.657  34.228011     9.4941     10.892    83.1708 8.2411e+02     7.7286      0.088      0.127    24.3803 0.0000e+00
      0.089 2.9434e-50    10.6622    127.302     34.651  34.231114     9.5413     10.892    83.4890 8.0983e+02     7.6846      0.087      0.127    24.3712 0.0000e+00
      0.089 2.6558e-51    10.6600    127.283     34.655  34.244854     9.5225     10.891    83.6973 8.2273e+02     7.5404      0.088      0.128    24.3652 0.0000e+00
      0.089 2.1608e-53    10.6625    127.270     34.667  34.267261     9.4823     10.891    83.7959 8.3335e+02     7.4200      0.088      0.127    24.3646 0.0000e+00
      0.090 -2.416e-51    10.6542    127.241     34.637  34.248281     9.4716     10.891    83.9065 8.2563e+02     7.4585      0.088      0.128    24.3724 0.0000e+00
      0.090 -2.682e-50    10.6301    127.306     34.586  34.205715     9.4690     10.891    84.0024 8.4354e+02     7.4937      0.088      0.128    24.3872 0.0000e+00
      0.089 -2.950e-49    10.6346    127.379     34.573  34.196715     9.4589     10.892    84.0094 8.8515e+02     7.4362      0.088      0.127    24.4026 0.0000e+00
      0.089 -3.245e-48    10.6324    127.409     34.581  34.202913     9.4579     10.892    83.9909 8.8330e+02     7.4463      0.087      0.127    24.4180 0.0000e+00
      0.089 -3.570e-47    10.6159    127.462     34.603  34.217205     9.4645     10.893    84.2085 8.4923e+02     7.5808      0.087      0.127    24.4337 0.0000e+00
      0.089 -3.927e-46    10.6282    127.517     34.637  34.242625     9.4971     10.894    84.4900 8.4091e+02     7.7650      0.088      0.127    24.4470 0.0000e+00
      0.089 -4.320e-45    10.6336    127.547     34.653  34.256471     9.5113     10.893    84.5548 8.6460e+02     7.8289      0.088      0.128    24.4537 0.0000e+00
      0.089 -4.752e-44    10.6318    127.575     34.645  34.257729     9.4865     10.893    84.4760 8.7260e+02     7.7388      0.087      0.127    24.4504 0.0000e+00
      0.089 -5.227e-43    10.6415    127.593     34.628  34.257840     9.4798     10.893    84.1399 8.4812e+02     7.5973      0.088      0.127    24.4372 0.0000e+00
      0.089 -5.749e-42    10.6507    127.581     34.612  34.257847     9.4964     10.893    83.7594 8.0864e+02     7.5194      0.088      0.127    24.4204 0.0000e+00
      0.089 -6.324e-41    10.6523    127.534     34.602  34.257838     9.5125     10.893    83.8334 8.2568e+02     7.5821      0.088      0.128    24.4152 0.0000e+00
      0.089 -6.957e-40    10.6520    127.407     34.599  34.257742     9.5088     10.893    84.0890 8.9895e+02     7.5697      0.088      0.127    24.4312 0.0000e+00
      0.089 -7.652e-39    10.6492    127.225     34.602  34.256693     9.4763     10.894    84.3542 8.8550e+02     7.4379      0.087      0.127    24.4607 0.0000e+00
      0.089 -8.418e-38    10.6415    127.111     34.600  34.245150     9.4362     10.895    84.3728 8.0905e+02     7.3891      0.088      0.128    24.4863 0.0000e+00
      0.089 -9.259e-37    10.6374    127.116     34.613  34.245048     9.4143     10.896    83.9708 7.9138e+02     7.4573      0.088      0.127    24.5005 0.0000e+00
      0.089 -1.019e-35    10.6274    127.205     34.639  34.255433     9.4201     10.897    83.7951 8.1743e+02     7.5795      0.087      0.127    24.5041 0.0000e+00
      0.089 -1.120e-34    10.6050    127.232     34.641  34.243805     9.4308     10.897    83.8827 8.5049e+02     7.6373      0.088      0.128    24.4976 0.0000e+00
      0.089 -1.232e-33    10.6005    127.207     34.639  34.231317     9.4192     10.898    84.0832 8.6368e+02     7.6437      0.087      0.127    24.4838 0.0000e+00
      0.089 -1.356e-32    10.6028    127.333     34.644  34.231317     9.4216     10.898    84.4127 8.3767e+02     7.7245      0.087      0.127    24.4628 0.0000e+00
      0.089 -1.491e-31    10.6221    127.518     34.659  34.243797     9.4511     10.899    84.4256 8.1199e+02     7.8291      0.088      0.127    24.4384 0.0000e+00
      0.089 -1.640e-30    10.6323    127.613     34.669  34.255323     9.4516     10.899    84.0663 7.9544e+02     7.8151      0.088      0.127    24.4186 0.0000e+00
      0.089 -1.804e-29    10.6157    127.639     34.653  34.243795     9.4188     10.899    83.8552 7.7746e+02     7.7270      0.087      0.126    24.4043 0.0000e+00
      0.089 -1.985e-28    10.6381    127.657     34.632  34.231314     9.4045     10.900    83.8518 7.7643e+02     7.6859      0.088      0.127    24.3957 0.0000e+00
      0.089 -2.183e-27    10.6593    127.718     34.618  34.231312     9.4282     10.900    83.9384 7.9119e+02     7.7276      0.088      0.127    24.3939 0.0000e+00
      0.089 -2.402e-26    10.6632    127.778     34.616  34.243788     9.4646     10.899    84.2148 8.0398e+02     7.8207      0.087      0.127    24.3956 0.0000e+00
      0.089 -2.642e-25    10.6645    127.772     34.614  34.255298     9.4945     10.898    84.3542 8.0228e+02     7.8551      0.088      0.128    24.4012 0.0000e+00
      0.089 -2.906e-24    10.6592    127.719     34.593  34.243604     9.5066     10.898    84.2469 7.9233e+02     7.7678      0.088      0.127    24.4137 0.0000e+00
      0.089 -3.197e-23    10.6635    127.694     34.574  34.229304     9.4949     10.898    84.2074 7.9602e+02     7.6545      0.088      0.128    24.4341 0.0000e+00
      0.089 -3.516e-22    10.6660    127.687     34.554  34.209295     9.4942     10.899    84.2217 8.0486e+02     7.6801      0.087      0.127    24.4580 0.0000e+00
      0.089 -3.868e-21    10.6614    127.639     34.544  34.192002     9.5060     10.899    84.2473 7.9616e+02     7.7696      0.088      0.127    24.4782 0.0000e+00
      0.089 -4.255e-20    10.6501    127.551     34.578  34.210545     9.4800     10.899    84.3456 7.7045e+02     7.7460      0.087      0.127    24.4912 0.0000e+00
      0.089 -4.680e-19    10.6474    127.448     34.627  34.243136     9.4298     10.899    84.5496 7.5690e+02     7.6680      0.087      0.127    24.4978 0.0000e+00
      0.089 -5.148e-18    10.6504    127.374     34.663  34.268817     9.4065     10.899    84.7336 7.8113e+02     7.6460      0.088      0.127    24.4990 0.0000e+00
      0.089 -5.663e-17    10.6461    127.297     34.663  34.267257     9.4070     10.899    84.6777 8.2652e+02     7.7199      0.088      0.127    24.4895 0.0000e+00
      0.089 -6.229e-16    10.6450    127.211     34.615  34.224274     9.4109     10.899    84.5631 8.8315e+02     7.7752      0.088      0.128    24.4643 0.0000e+00
      0.089 -6.852e-15    10.6379    127.207     34.575  34.193229     9.4028     10.899    84.5520 9.1650e+02     7.7005      0.088      0.127    24.4367 0.0000e+00
      0.089 -7.537e-14    10.6372    127.282     34.583  34.209125     9.3668     10.899    84.6291 9.0207e+02     7.6700      0.088      0.127    24.4211 0.0000e+00
      0.089 -8.291e-13    10.6335    127.361     34.592  34.226156     9.3429     10.899    84.9801 8.7197e+02     7.7488      0.088      0.127    24.4202 0.0000e+00
      0.090 -9.120e-12    10.6171    127.397     34.565  34.208829     9.3722     10.899    85.4403 8.4360e+02     7.7987      0.088      0.128    24.4293 0.0000e+00
      0.090 -1.003e-10    10.6171    127.427     34.538  34.189964     9.4042     10.899    85.5469 8.6045e+02     7.7957      0.088      0.128    24.4414 0.0000e+00
      0.089 -1.104e-09    10.6228    127.465     34.531  34.188404     9.3972     10.899    85.4947 8.9972e+02     7.7461      0.087      0.126    24.4532 0.0000e+00
      0.089 -1.214e-08    10.6296    127.414     34.531  34.189979     9.3787     10.899    85.4974 8.6577e+02     7.6778      0.087      0.127    24.4649 0.0000e+00
      0.090 -1.335e-07    10.6280    127.269     34.550  34.209006     9.3641     10.898    85.6650 7.9179e+02     7.6191      0.088      0.128    24.4793 0.0000e+00
      0.090 -2.448e-07    10.6249    127.143     34.569  34.228128     9.3704     10.898    86.1445 7.5197e+02     7.5831      0.088      0.128    24.4934 0.0000e+00
      0.090 -1.335e-07    10.6330    127.080     34.571  34.230847     9.4049     10.898    86.4771 7.6367e+02     7.5838      0.087      0.127    24.5005 0.0000e+00
      0.090 -1.214e-08    10.6290    127.041     34.582  34.241881     9.4068     10.899    86.5033 7.9670e+02     7.5594      0.088      0.128    24.5003 0.0000e+00
      0.089 -1.104e-09    10.6111    127.036     34.574  34.234658     9.3680     10.899    86.3748 7.9478e+02     7.5614      0.088      0.127    24.4990 0.0000e+00
      0.089 -1.003e-10    10.5997    127.076     34.545  34.206965     9.3522     10.898    86.1278 7.7953e+02     7.6420      0.088      0.127    24.5005 0.0000e+00
      0.090 -9.120e-12    10.5965    127.061     34.560  34.224267     9.3571     10.898    86.1845 8.0821e+02     7.6796      0.088      0.128    24.5028 0.0000e+00
      0.090 -8.290e-13    10.5929    127.018     34.588  34.253520     9.3530     10.898    86.6303 8.3348e+02     7.6405      0.088      0.128    24.5031 0.0000e+00
      0.089 -7.540e-14    10.5892    127.081     34.576  34.243450     9.3272     10.898    86.9582 7.8312e+02     7.6132      0.088      0.127    24.5032 0.0000e+00
      0.089 -6.855e-15    10.5986    127.163     34.561  34.229400     9.2950     10.898    87.0511 7.5702e+02     7.6911      0.087      0.126    24.5049 0.0000e+00
      0.090 -6.230e-16    10.5978    127.188     34.542  34.210538     9.2884     10.898    86.9796 8.1753e+02     7.8304      0.088      0.128    24.5079 0.0000e+00
      0.090 -5.665e-17    10.5815    127.206     34.541  34.205717     9.2807     10.898    86.8681 8.5596e+02     7.8281      0.088      0.128    24.5113 0.0000e+00
      0.089 -5.150e-18    10.5955    127.282     34.575  34.234547     9.2685     10.898    86.8216 8.5420e+02     7.6644      0.088      0.127    24.5143 0.0000e+00
      0.089 -4.680e-19    10.6037    127.442     34.585  34.241886     9.2817     10.898    86.8471 8.5909e+02     7.5254      0.088      0.127    24.5158 0.0000e+00
      0.090 -4.255e-20    10.6025    127.581     34.576  34.231004     9.3075     10.898    87.0903 8.3934e+02     7.5128      0.088      0.128    24.5147 0.0000e+00
      0.090 -3.869e-21    10.6050    127.650     34.578  34.229860     9.3304     10.897    87.3532 8.0311e+02     7.5807      0.088      0.128    24.5092 0.0000e+00
      0.089 -3.677e-22    10.6082    127.698     34.580  34.228055     9.3339     10.897    87.4444 8.1223e+02     7.5605      0.087      0.127    24.5018 0.0000e+00
      0.089 -2.085e-22    10.6300    127.748     34.565  34.209170     9.3161     10.897    87.5053 8.3973e+02     7.4393      0.088      0.127    24.4976 0.0000e+00
      0.090 -1.945e-21    10.6426    127.774     34.552  34.191854     9.2991     10.898    87.4013 8.3490e+02     7.3788      0.088      0.128    24.4952 0.0000e+00
      0.090 -2.136e-20    10.6464    127.738     34.575  34.209010     9.2949     10.898    87.1330 8.2450e+02     7.4450      0.088      0.128    24.4912 0.0000e+00
      0.090 -2.350e-19    10.6509    127.628     34.596  34.226260     9.2981     10.898    87.1006 8.4719e+02     7.5220      0.088      0.128    24.4859 0.0000e+00
      0.090 -2.585e-18    10.6574    127.506     34.582  34.210088     9.3127     10.898    87.2678 8.5946e+02     7.4891      0.088      0.128    24.4794 0.0000e+00
      0.090 -2.843e-17    10.6623    127.416     34.577  34.203809     9.3463     10.898    87.5203 8.2804e+02     7.4580      0.088      0.128    24.4722 0.0000e+00
      0.090 -3.127e-16    10.6613    127.336     34.590  34.213784     9.3799     10.898    87.7445 8.2043e+02     7.5213      0.088      0.128    24.4656 0.0000e+00
      0.090 -3.440e-15    10.6520    127.319     34.584  34.203800     9.4033     10.898    87.4825 8.4288e+02     7.6063      0.088      0.128    24.4586 0.0000e+00
      0.090 -3.784e-14    10.6380    127.315     34.594  34.209975     9.4301     10.898    86.9339 8.5980e+02     7.6314      0.088      0.128    24.4546 0.0000e+00
      0.090 -4.163e-13    10.6367    127.238     34.612  34.224992     9.4451     10.898    86.7907 8.5825e+02     7.5854      0.087      0.127    24.4553 0.0000e+00
      0.090 -4.579e-12    10.6241    127.175     34.582  34.195040     9.4256     10.898    87.1271 8.2847e+02     7.4938      0.088      0.128    24.4516 0.0000e+00
      0.090 -5.037e-11    10.6263    127.151     34.551  34.165035     9.4199     10.898    87.5591 8.1462e+02     7.4812      0.089      0.129    24.4430 0.0000e+00
      0.089 -5.540e-10    10.6353    127.215     34.560  34.179430     9.4341     10.897    87.5408 8.4728e+02     7.6033      0.088      0.127    24.4385 0.0000e+00
      0.089 -6.094e-09    10.6189    127.363     34.550  34.178762     9.4229     10.897    87.0776 8.9529e+02     7.6719      0.087      0.127    24.4358 0.0000e+00
      0.090 -6.704e-08    10.6187    127.403     34.518  34.156978     9.3932     10.896    86.7772 9.0469e+02     7.5929      0.088      0.128    24.4325 0.0000e+00
      0.090 -1.229e-07    10.6141    127.377     34.523  34.169830     9.3665     10.896    86.7472 8.7750e+02     7.4679      0.088      0.128    24.4334 0.0000e+00
      0.090 -6.705e-08    10.6130    127.442     34.557  34.207280     9.3580     10.897    86.9733 8.6250e+02     7.4596      0.088      0.128    24.4411 0.0000e+00
      0.090 -6.095e-09    10.6363    127.504     34.577  34.229121     9.3555     10.897    87.3604 8.6778e+02     7.5263      0.088      0.128    24.4568 0.0000e+00
      0.090 -5.540e-10    10.6331    127.513     34.589  34.243587     9.3532     10.897    87.3833 8.5845e+02     7.5235      0.088      0.128    24.4739 0.0000e+00
      0.090 -5.035e-11    10.6172    127.511     34.599  34.255293     9.3467     10.897    86.9922 8.5637e+02     7.4939      0.088      0.127    24.4842 0.0000e+00
      0.090 -4.579e-12    10.6317    127.411     34.584  34.243772     9.3526     10.897    86.7617 8.8588e+02     7.5433      0.088      0.128    24.4889 0.0000e+00
      0.090 -4.163e-13    10.6372    127.234     34.568  34.231179     9.4078     10.896    86.9190 8.8188e+02     7.7108      0.088      0.128    24.4916 0.0000e+00
      0.090 -3.785e-14    10.6314    127.130     34.564  34.229929     9.4644     10.895    87.1737 8.3928e+02     7.8115      0.088      0.128    24.4943 0.0000e+00
      0.090 -3.440e-15    10.6381    127.111     34.560  34.228667     9.4634     10.894    87.2602 8.2869e+02     7.7363      0.088      0.128    24.4974 0.0000e+00
      0.090 -3.127e-16    10.6288    127.159     34.546  34.215917     9.4283     10.893    87.2772 8.4415e+02     7.6219      0.088      0.127    24.5015 0.0000e+00
      0.090 -2.843e-17    10.6031    127.216     34.532  34.202664     9.4238     10.893    87.2924 8.9375e+02     7.6237      0.088      0.128    24.5066 0.0000e+00
      0.090 -2.585e-18    10.5975    127.187     34.526  34.195324     9.4666     10.893    87.2719 9.4380e+02     7.7576      0.088      0.128    24.5120 0.0000e+00
      0.090 -2.350e-19    10.5943    127.140     34.523  34.190606     9.5121     10.893    87.2865 8.8757e+02     7.8407      0.088      0.127    24.5160 0.0000e+00
