Data/DataNotYetUploadedToEDI/Raw_CTD/RawDownloads/060925_bvr50_S8188001.cnv
* Sea-Bird SBE19plus  Data File:
* FileName = C:\R\Reservoirs\Data\DataNotYetUploadedToEDI\Raw_CTD\RawDownloads\060925_bvr50_S8188_0001.hex
* Software version 2.8.0.119
* Temperature SN = 8188
* Conductivity SN = 8188
* System UpLoad Time = Jun 25 2025 16:12:21
* <ApplicationData>
* <Seaterm232>
# nquan = 16
# nvalues = 1878                        
# units = specified
# name 0 = depFM: Depth [fresh water, m]
# name 1 = dz/dtM: Descent Rate [m/s]
# name 2 = sbeox0Mg/L: Oxygen, SBE 43 [mg/l]
# name 3 = sbeox0PS: Oxygen, SBE 43 [% saturation]
# name 4 = specc: Specific Conductance [uS/cm]
# name 5 = c0uS/cm: Conductivity [uS/cm]
# name 6 = wetCDOM: Fluorescence, WET Labs CDOM [mg/m^3]
# name 7 = flECO-AFL: Fluorescence, WET Labs ECO-AFL/FL [mg/m^3]
# name 8 = flECO-AFL1: Fluorescence, WET Labs ECO-AFL/FL, 2 [mg/m^3]
# name 9 = flECO-AFL2: Fluorescence, WET Labs ECO-AFL/FL, 3 [mg/m^3]
# name 10 = par/sat/log: PAR/Logarithmic, Satlantic
# name 11 = turbWETntu0: Turbidity, WET Labs ECO [NTU]
# name 12 = prdM: Pressure, Strain Gauge [db]
# name 13 = prdE: Pressure, Strain Gauge [psi]
# name 14 = tv290C: Temperature [ITS-90, deg C]
# name 15 = flag:  0.000e+00
# span 0 =     -0.770,      6.625       
# span 1 =     -0.249,      0.131       
# span 2 =    -0.3090,    15.3235       
# span 3 =     -3.124,    177.381       
# span 4 =   -667.698,    472.040       
# span 5 =-503.225589, 349.482632       
# span 6 =    -4.5000,    46.8900       
# span 7 =    -1.5053,    43.1502       
# span 8 =    -2.1300,     7.9662       
# span 9 =    -4.6530,     8.4177       
# span 10 = 1.1582e-01, 1.9942e+03      
# span 11 =    -4.0106,   132.1437      
# span 12 =     -0.755,      6.497      
# span 13 =     -1.095,      9.423      
# span 14 =    11.4546,    25.3870      
# span 15 = 0.0000e+00, 0.0000e+00      
# interval = seconds: 0.25
# start_time = Jun 09 2025 09:28:46 [Instrument's time stamp, header]
# bad_flag = -9.990e-29
*END*
[from data line 91]
     -0.083      0.000     7.1733     89.792     29.274  29.471290    21.6000    13.6278     0.2130     3.0879 8.1234e+02    11.1563     -0.081     -0.117    25.3308 0.0000e+00
     -0.083      0.000     7.1465     92.202     29.262  29.459241    21.6000    13.5973     0.2130     3.0879 7.4019e+02    11.1714     -0.081     -0.117    25.3309 0.0000e+00
     -0.082      0.000     7.1600     94.992     29.266  29.462881    21.6000    13.6050     0.2556     3.1302 5.7527e+02    11.1411     -0.081     -0.117    25.3310 0.0000e+00
     -0.082      0.001     7.2332     97.747     29.274  29.471233    21.6000    13.5973     0.2556     3.1302 8.1836e+02    11.1411     -0.081     -0.117    25.3311 0.0000e+00
     -0.082      0.001     7.3738    100.091     29.273  29.470592    21.6000    14.0208     0.2556     3.1302 9.0223e+02    10.9145     -0.080     -0.116    25.3311 0.0000e+00
     -0.082      0.000     7.5717    101.762     29.263  29.460788    21.6000    13.9864     0.2556     3.1302 9.3010e+02    10.9599     -0.080     -0.116    25.3311 0.0000e+00
     -0.082      0.000     7.8008    102.654     29.246  29.443189    21.6900    14.0131     0.2130     3.2994 9.7586e+02    10.8994     -0.080     -0.116    25.3311 0.0000e+00
     -0.082      0.000     8.0270    102.833     29.224  29.421068    21.6900    14.0208     0.2130     3.2994 9.1985e+02    11.0354     -0.080     -0.116    25.3311 0.0000e+00
     -0.082      0.000     8.2195    102.501     29.204  29.400474    21.6900    14.0665     0.2130     3.2994 9.1546e+02    10.9599     -0.080     -0.116    25.3311 0.0000e+00
     -0.082      0.000     8.3568    101.906     29.187  29.383881    21.6900    14.0780     0.2130     3.2994 8.3072e+02    10.9145     -0.080     -0.116    25.3311 0.0000e+00
     -0.082      0.000     8.4300    101.262     29.178  29.374832    21.8700    14.0589     0.2130     3.5109 8.7330e+02    10.8692     -0.080     -0.116    25.3309 0.0000e+00
     -0.082      0.000     8.4448    100.695     29.178  29.374894    21.8700    14.0856     0.2130     3.5109 8.6611e+02    10.8541     -0.080     -0.116    25.3309 0.0000e+00
     -0.082      0.000     8.4175    100.230     29.182  29.380103    21.8700    14.1161     0.2130     3.5109 9.1765e+02    10.8088     -0.080     -0.116    25.3310 0.0000e+00
     -0.082      0.000     8.3686     99.832     29.186  29.383881    21.8700    14.1352     0.2130     3.5109 7.6289e+02    10.8088     -0.080     -0.116    25.3312 0.0000e+00
     -0.082      0.000     8.3157     99.460     29.185  29.383253    21.8700    14.1505     0.2130     3.5109 6.2506e+02    10.8994     -0.080     -0.116    25.3317 0.0000e+00
     -0.081      0.000     8.2690     99.100     29.176  29.374069    21.7800    14.1238     0.2130     3.3840 9.3924e+02    10.9448     -0.080     -0.116    25.3322 0.0000e+00
     -0.081      0.000     8.2308     98.771     29.156  29.353879    21.7800    13.9979     0.2130     3.3840 9.0243e+02    10.9145     -0.080     -0.116    25.3326 0.0000e+00
     -0.082      0.000     8.1981     98.487     29.136  29.333232    21.7800    14.0246     0.2130     3.3840 6.7475e+02    10.9750     -0.080     -0.116    25.3328 0.0000e+00
     -0.082      0.000     8.1675     98.241     29.125  29.322552    21.7800    14.0093     0.2130     3.3840 8.4108e+02    10.9145     -0.080     -0.116    25.3328 0.0000e+00
     -0.082      0.000     8.1380     98.011     29.122  29.318992    21.7800    14.0246     0.2130     3.2148 8.4437e+02    10.8390     -0.080     -0.116    25.3327 0.0000e+00
     -0.082      0.000     8.1110     97.766     29.117  29.313637    21.7800    14.0742     0.2130     3.2148 8.4971e+02    11.1411     -0.080     -0.116    25.3326 0.0000e+00
     -0.082      0.000     8.0876     97.472     29.108  29.305059    21.7800    14.0818     0.2130     3.2148 8.0025e+02    11.1714     -0.080     -0.116    25.3325 0.0000e+00
     -0.082      0.000     8.0674     97.117     29.102  29.298935    21.7800    14.0360     0.2130     3.2148 8.6951e+02    11.0807     -0.080     -0.116    25.3324 0.0000e+00
     -0.082      0.000     8.0486     96.719     29.097  29.293633    21.8700    14.0818     0.2556     3.3417 7.1025e+02    11.1865     -0.080     -0.116    25.3322 0.0000e+00
     -0.082      0.000     8.0285     96.307     29.090  29.285748    21.8700    14.1543     0.2556     3.3417 9.7416e+02    11.3980     -0.080     -0.116    25.3320 0.0000e+00
     -0.082      0.000     8.0043     95.889     29.083  29.279151    21.8700    14.1390     0.2556     3.3417 1.3023e+03    11.4282     -0.080     -0.116    25.3318 0.0000e+00
     -0.082      0.000     7.9752     95.454     29.078  29.274074    21.8700    14.1581     0.2556     3.3417 8.0723e+02    11.3980     -0.080     -0.116    25.3316 0.0000e+00
     -0.082      0.000     7.9426     94.986     29.071  29.267172    21.8700    14.1428     0.2130     3.2994 9.5343e+02    11.2318     -0.080     -0.116    25.3314 0.0000e+00
     -0.082      0.000     7.9088     94.469     29.063  29.258596    21.8700    14.0246     0.2130     3.2994 7.3188e+02    11.2469     -0.080     -0.116    25.3314 0.0000e+00
     -0.082      0.000     7.8744     93.893     29.053  29.248051    21.8700    14.0169     0.2130     3.2994 9.5800e+02    11.1714     -0.080     -0.116    25.3314 0.0000e+00
     -0.082      0.000     7.8387     93.251     29.038  29.232724    21.8700    14.0131     0.2130     3.2994 1.2518e+03    11.2016     -0.080     -0.116    25.3313 0.0000e+00
     -0.082      0.001     7.8003     92.536     29.020  29.214502    21.8700    14.0208     0.2130     3.2994 7.6838e+02    11.0958     -0.080     -0.116    25.3311 0.0000e+00
     -0.081      0.001     7.7579     91.751     29.005  29.198485    21.8700    14.0208     0.2130     3.1725 7.8902e+02    10.8239     -0.080     -0.116    25.3308 0.0000e+00
     -0.081      0.001     7.7107     90.910     28.988  29.180400    21.8700    14.0360     0.2130     3.1725 9.6636e+02    10.8692     -0.080     -0.116    25.3303 0.0000e+00
     -0.081      0.001     7.6581     90.023     28.960  29.151442    21.8700    14.0246     0.2130     3.1725 7.6472e+02    10.8541     -0.080     -0.115    25.3297 0.0000e+00
     -0.081      0.001     7.5995     89.086     28.918  29.107871    21.8700    14.0322     0.2130     3.1725 7.6788e+02    10.9145     -0.079     -0.115    25.3287 0.0000e+00
     -0.080      0.001     7.5351     88.106     28.861  29.050018    21.8700    13.9750     0.2130     3.3840 8.0478e+02    11.0354     -0.079     -0.114    25.3275 0.0000e+00
     -0.080      0.001     7.4663     87.091     28.799  28.986351    21.8700    13.9368     0.2130     3.3840 1.0099e+03    11.1563     -0.079     -0.114    25.3261 0.0000e+00
     -0.080      0.001     7.3937     86.037     28.738  28.923790    21.8700    13.9483     0.2130     3.3840 8.5545e+02    11.1865     -0.079     -0.114    25.3245 0.0000e+00
     -0.080      0.001     7.3170     84.942     28.678  28.861583    21.8700    13.9674     0.2130     3.3840 9.1090e+02    11.1865     -0.079     -0.114    25.3227 0.0000e+00
     -0.080      0.001     7.2368     83.815     28.628  28.809029    22.0500    13.9407     0.2130     3.6801 7.3843e+02    11.0807     -0.078     -0.113    25.3209 0.0000e+00
     -0.079      0.001     7.1536     82.677     28.597  28.776011    22.0500    13.8758     0.2130     3.6801 6.4297e+02    10.8692     -0.078     -0.113    25.3188 0.0000e+00
     -0.079      0.001     7.0673     81.558     28.578  28.755714    22.0500    13.9063     0.2130     3.6801 7.2004e+02    10.8843     -0.078     -0.112    25.3164 0.0000e+00
     -0.079      0.001     6.9778     80.482     28.563  28.738745    22.0500    13.8949     0.2130     3.6801 7.6355e+02    10.9599     -0.078     -0.112    25.3135 0.0000e+00
     -0.079      0.001     6.8856     79.464     28.546  28.720577    21.9600    13.8834     0.2130     3.4686 8.2946e+02    10.9901     -0.077     -0.112    25.3104 0.0000e+00
     -0.078      0.002     6.7925     78.513     28.523  28.696366    21.9600    13.8377     0.2130     3.4686 8.4639e+02    10.8994     -0.077     -0.111    25.3072 0.0000e+00
     -0.078      0.002     6.7009     77.635     28.496  28.667620    21.9600    13.8148     0.2130     3.4686 7.4665e+02    10.8692     -0.076     -0.110    25.3043 0.0000e+00
     -0.077      0.003     6.6128     76.829     28.472  28.642607    21.9600    13.8262     0.2130     3.4686 8.3036e+02    10.8239     -0.076     -0.109    25.3016 0.0000e+00
     -0.076      0.004     6.5295     76.094     28.454  28.622619    21.9600    13.8110     0.2130     3.4686 8.6273e+02    10.8692     -0.075     -0.108    25.2992 0.0000e+00
     -0.075      0.004     6.4516     75.428     28.438  28.606311    21.7800    13.7766     0.2556     3.1302 7.6521e+02    10.9145     -0.074     -0.107    25.2969 0.0000e+00
     -0.074      0.005     6.3797     74.827     28.426  28.593316    21.7800    13.7652     0.2556     3.1302 9.5592e+02    10.7937     -0.073     -0.105    25.2948 0.0000e+00
     -0.072      0.007     6.3137     74.287     28.402  28.568221    21.7800    13.7194     0.2556     3.1302 8.3725e+02    10.8541     -0.071     -0.103    25.2927 0.0000e+00
     -0.071      0.008     6.2535     73.820     28.350  28.516368    21.7800    13.7385     0.2556     3.1302 8.8264e+02    10.8692     -0.070     -0.101    25.2907 0.0000e+00
     -0.069      0.009     6.1990     73.434     28.282  28.447826    21.8700    14.0360     0.2130     3.2148 1.0265e+03    11.2469     -0.068     -0.098    25.2889 0.0000e+00
     -0.066      0.010     6.1498     73.112     28.211  28.376179    21.8700    14.0284     0.2130     3.2148 9.1110e+02    11.1260     -0.065     -0.094    25.2874 0.0000e+00
     -0.063      0.010     6.1056     72.826     28.144  28.308209    21.8700    13.9941     0.2130     3.2148 7.2965e+02    11.0354     -0.062     -0.090    25.2864 0.0000e+00
     -0.060      0.010     6.0672     72.557     28.086  28.249687    21.8700    14.0169     0.2130     3.2148 6.1790e+02    11.0958     -0.059     -0.086    25.2859 0.0000e+00
     -0.057      0.009     6.0356     72.295     28.036  28.198946    22.1400    14.0818     0.2130     3.3417 7.0764e+02    11.0052     -0.056     -0.082    25.2858 0.0000e+00
     -0.055      0.008     6.0091     72.041     27.992  28.154404    22.1400    14.0742     0.2130     3.3417 1.0747e+03    10.7937     -0.054     -0.079    25.2856 0.0000e+00
     -0.054      0.007     5.9856     71.804     27.959  28.120111    22.1400    14.0589     0.2130     3.3417 8.2874e+02    10.9145     -0.053     -0.076    25.2854 0.0000e+00
     -0.052      0.006     5.9635     71.588     27.935  28.094891    22.1400    14.0551     0.2130     3.3417 6.8005e+02    10.8088     -0.051     -0.074    25.2850 0.0000e+00
     -0.051      0.005     5.9420     71.397     27.913  28.072016    22.1400    14.2115     0.2130     3.3417 8.7463e+02    11.1411     -0.050     -0.073    25.2842 0.0000e+00
     -0.050      0.004     5.9213     71.231     27.888  28.045386    22.0500    14.1962     0.1704     3.6378 7.5678e+02    11.1411     -0.049     -0.071    25.2830 0.0000e+00
     -0.049      0.004     5.9019     71.089     27.856  28.011884    22.0500    14.1962     0.1704     3.6378 7.6239e+02    11.1411     -0.048     -0.070    25.2816 0.0000e+00
     -0.048      0.003     5.8843     70.971     27.824  27.978506    22.0500    14.1734     0.1704     3.6378 7.9315e+02    11.1714     -0.047     -0.068    25.2800 0.0000e+00
     -0.047      0.003     5.8688     70.876     27.799  27.952281    22.0500    14.1276     0.1704     3.6378 9.5095e+02    11.1411     -0.046     -0.067    25.2782 0.0000e+00
     -0.046      0.003     5.8554     70.794     27.777  27.930198    22.0500    14.1352     0.2130     3.5532 7.4812e+02    11.1260     -0.045     -0.066    25.2762 0.0000e+00
     -0.046      0.002     5.8440     70.720     27.758  27.910352    22.0500    14.1085     0.2130     3.5532 7.0748e+02    11.1109     -0.045     -0.065    25.2741 0.0000e+00
     -0.045      0.002     5.8345     70.655     27.744  27.895415    22.0500    14.1276     0.2130     3.5532 7.3666e+02    11.1865     -0.044     -0.064    25.2722 0.0000e+00
     -0.044      0.002     5.8269     70.601     27.735  27.885387    22.0500    13.9368     0.2130     3.5532 6.4943e+02    11.0656     -0.044     -0.063    25.2705 0.0000e+00
     -0.044      0.002     5.8203     70.564     27.724  27.873611    22.0500    13.9368     0.2130     3.5955 8.7064e+02    11.0807     -0.043     -0.063    25.2690 0.0000e+00
     -0.044      0.002     5.8144     70.552     27.704  27.852964    22.0500    13.9292     0.2130     3.5955 7.0029e+02    11.1714     -0.043     -0.062    25.2677 0.0000e+00
     -0.043      0.002     5.8092     70.560     27.679  27.827897    22.0500    13.9597     0.2130     3.5955 6.6673e+02    11.1109     -0.043     -0.062    25.2665 0.0000e+00
     -0.043      0.003     5.8048     70.564     27.659  27.807655    22.0500    14.5167     0.2130     3.5955 8.0286e+02    10.6577     -0.042     -0.061    25.2655 0.0000e+00
     -0.042      0.004     5.8019     70.536     27.649  27.796797    21.9600    14.5091     0.2130     3.3840 9.6280e+02    10.6577     -0.042     -0.060    25.2646 0.0000e+00
     -0.041      0.005     5.8010     70.467     27.632  27.778488    21.9600    14.4976     0.2130     3.3840 8.0356e+02    10.6880     -0.041     -0.059    25.2639 0.0000e+00
     -0.040      0.006     5.8017     70.364     27.578  27.723951    21.9600    14.5358     0.2130     3.3840 9.0282e+02    10.6426     -0.039     -0.057    25.2631 0.0000e+00
     -0.038      0.007     5.8021     70.238     27.498  27.642537    21.9600    13.8682     0.2130     3.3840 8.6161e+02    10.8390     -0.037     -0.054    25.2621 0.0000e+00
     -0.036      0.008     5.8000     70.102     27.420  27.564311    21.9600    13.9025     0.2130     3.3840 6.9363e+02    10.8239     -0.035     -0.051    25.2609 0.0000e+00
     -0.033      0.008     5.7944     69.966     27.359  27.502262    21.9600    13.8682     0.2130     3.4686 6.5567e+02    10.8692     -0.033     -0.047    25.2597 0.0000e+00
     -0.031      0.008     5.7861     69.849     27.318  27.459759    21.9600    13.8834     0.2130     3.4686 7.2918e+02    10.9448     -0.030     -0.044    25.2584 0.0000e+00
     -0.029      0.007     5.7759     69.767     27.292  27.433430    21.9600    14.4366     0.2130     3.4686 6.3258e+02    10.9145     -0.028     -0.041    25.2572 0.0000e+00
     -0.027      0.006     5.7648     69.731     27.276  27.416256    21.9600    14.4328     0.2130     3.4686 8.3561e+02    10.8390     -0.027     -0.039    25.2560 0.0000e+00
     -0.026      0.005     5.7537     69.735     27.268  27.407639    22.0500    14.4404     0.2130     3.3840 7.7223e+02    10.9448     -0.026     -0.037    25.2550 0.0000e+00
     -0.025      0.004     5.7442     69.772     27.270  27.409263    22.0500    14.4595     0.2130     3.3840 6.9984e+02    10.9145     -0.025     -0.035    25.2539 0.0000e+00
     -0.024      0.003     5.7376     69.832     27.279  27.417579    22.0500    14.5167     0.2130     3.3840 5.9060e+02    10.8843     -0.024     -0.034    25.2526 0.0000e+00
     -0.023      0.002     5.7348     69.903     27.289  27.426840    22.0500    14.5853     0.2130     3.3840 6.6442e+02    10.9297     -0.023     -0.033    25.2512 0.0000e+00
     -0.023      0.002     5.7353     69.972     27.295  27.431550    22.0500    14.5625     0.2130     3.4686 6.6197e+02    10.8994     -0.023     -0.032    25.2497 0.0000e+00
     -0.023      0.001     5.7385     70.025     27.293  27.428983    22.0500    14.5586     0.2130     3.4686 8.1676e+02    10.8541     -0.022     -0.032    25.2483 0.0000e+00
