Data/DataNotYetUploadedToEDI/Raw_CTD/RawDownloads/061024_fcr50_S8188003.cnv
* Sea-Bird SBE19plus  Data File:
* FileName = C:\R\Reservoirs\Data\DataNotYetUploadedToEDI\Raw_CTD\RawDownloads\060324_bvr50_S78188_0003.hex
* Software version 2.8.0.119
* Temperature SN = 8188
* Conductivity SN = 8188
* System UpLoad Time = Jun 20 2024 16:35:22
* <ApplicationData>
* <Seaterm232>
# nquan = 16
# nvalues = 1421                        
# units = specified
# name 0 = depFM: Depth [fresh water, m]
# name 1 = dz/dtM: Descent Rate [m/s]
# name 2 = sbeox0Mg/L: Oxygen, SBE 43 [mg/l]
# name 3 = sbeox0PS: Oxygen, SBE 43 [% saturation]
# name 4 = specc: Specific Conductance [uS/cm]
# name 5 = c0uS/cm: Conductivity [uS/cm]
# name 6 = wetCDOM: Fluorescence, WET Labs CDOM [mg/m^3]
# name 7 = flECO-AFL: Fluorescence, WET Labs ECO-AFL/FL [mg/m^3]
# name 8 = flECO-AFL1: Fluorescence, WET Labs ECO-AFL/FL, 2 [mg/m^3]
# name 9 = flECO-AFL2: Fluorescence, WET Labs ECO-AFL/FL, 3 [mg/m^3]
# name 10 = par/sat/log: PAR/Logarithmic, Satlantic
# name 11 = turbWETntu0: Turbidity, WET Labs ECO [NTU]
# name 12 = prdM: Pressure, Strain Gauge [db]
# name 13 = prdE: Pressure, Strain Gauge [psi]
# name 14 = tv290C: Temperature [ITS-90, deg C]
# name 15 = flag:  0.000e+00
# span 0 =     -0.754,      9.440       
# span 1 =     -0.171,      0.173       
# span 2 =    -2.0334,     9.8661       
# span 3 =    -18.569,    116.379       
# span 4 =     -0.218,    236.055       
# span 5 =  -0.217360, 171.649216       
# span 6 =    -4.5000,   175.6800       
# span 7 =    -0.4143,     5.1782       
# span 8 =    -2.1300,     0.3408       
# span 9 =    -2.0304,     1.6497       
# span 10 = 1.1580e-01, 3.6418e+02      
# span 11 =    -1.1706,    67.0652      
# span 12 =     -0.739,      9.257      
# span 13 =     -1.072,     13.427      
# span 14 =    11.2707,    24.8318      
# span 15 = 0.0000e+00, 0.0000e+00      
# interval = seconds: 0.25
# start_time = Jun 10 2024 09:35:49 [Instrument's time stamp, header]
# bad_flag = -9.990e-29
*END*
[from data line 633]
      4.151      0.095     3.3593     44.577     45.611  33.468492    30.9600     1.1231     0.1278     0.5499 5.8089e+00     9.7060      4.071      5.905    12.0144 0.0000e+00
      4.175      0.089     3.6219     49.720     45.630  33.460670    30.9600     0.7569     0.1278     0.5499 5.6508e+00    12.8029      4.095      5.939    11.8937 0.0000e+00
      4.197      0.082     3.9490     55.302     45.662  33.467663    31.1400     0.7492     0.1278     0.2961 5.6019e+00    12.7877      4.116      5.970    11.7968 0.0000e+00
      4.217      0.076     4.3536     60.944     45.714  33.487352    31.1400     0.7569     0.1278     0.2961 5.6324e+00    12.7726      4.135      5.998    11.7290 0.0000e+00
      4.235      0.071     4.8407     66.214     45.764  33.501085    31.1400     0.7492     0.1278     0.2961 5.5655e+00    12.7122      4.153      6.023    11.6879 0.0000e+00
      4.251      0.066     5.4015     70.717     45.795  33.500570    31.1400     0.7569     0.1278     0.2961 5.5257e+00    13.2560      4.169      6.047    11.6638 0.0000e+00
      4.267      0.062     6.0099     74.199     45.791  33.477702    31.4100     0.7569     0.1704     0.3384 5.3683e+00    13.2560      4.185      6.070    11.6453 0.0000e+00
      4.283      0.059     6.6259     76.578     45.746  33.430365    31.4100     0.7378     0.1704     0.3384 5.2643e+00    13.2107      4.200      6.092    11.6245 0.0000e+00
      4.298      0.056     7.2026     77.934     45.685  33.377807    31.4100     0.7797     0.1704     0.3384 5.3010e+00    13.3165      4.215      6.113    11.5996 0.0000e+00
      4.312      0.054     7.6965     78.456     45.632  33.333899    31.4100     0.7187     0.1704     0.3384 5.2052e+00    14.0567      4.228      6.132    11.5741 0.0000e+00
      4.325      0.052     8.0790     78.390     45.608  33.306852    31.6800     0.7073     0.2130     0.3807 5.1188e+00    13.8452      4.241      6.151    11.5523 0.0000e+00
      4.337      0.050     8.3406     77.965     45.623  33.301405    31.6800     0.7035     0.2130     0.3807 5.1467e+00    14.0265      4.254      6.169    11.5364 0.0000e+00
      4.349      0.048     8.4895     77.340     45.664  33.312121    31.6800     0.7073     0.2130     0.3807 5.0833e+00    13.9660      4.266      6.187    11.5277 0.0000e+00
      4.361      0.047     8.5472     76.605     45.701  33.321938    31.6800     0.8293     0.2130     0.3807 5.0624e+00    14.0416      4.277      6.203    11.5220 0.0000e+00
      4.373      0.046     8.5419     75.813     45.713  33.317536    31.7700     0.8141     0.2130     0.3807 4.9192e+00    13.9358      4.289      6.220    11.5113 0.0000e+00
      4.385      0.045     8.4989     74.998     45.724  33.315670    31.7700     0.7988     0.2130     0.3807 4.8798e+00    13.9660      4.300      6.237    11.4934 0.0000e+00
      4.396      0.045     8.4348     74.187     45.754  33.329784    31.7700     0.8370     0.2130     0.3807 4.8968e+00    13.9660      4.311      6.253    11.4726 0.0000e+00
      4.407      0.045     8.3583     73.406     45.791  33.349698    31.7700     0.6920     0.2130     0.3807 4.8576e+00    14.0114      4.322      6.269    11.4539 0.0000e+00
      4.418      0.044     8.2746     72.669     45.824  33.366780    31.7700     0.6996     0.2130     0.3807 4.7470e+00    14.0265      4.333      6.285    11.4393 0.0000e+00
      4.430      0.044     8.1877     71.983     45.854  33.381601    32.3100     0.6844     0.2130     0.2961 4.6682e+00    14.0567      4.344      6.301    11.4284 0.0000e+00
      4.442      0.044     8.1008     71.347     45.875  33.390144    32.3100     0.6653     0.2130     0.2961 4.6399e+00    14.0265      4.356      6.318    11.4197 0.0000e+00
      4.453      0.043     8.0170     70.750     45.877  33.386721    32.3100     0.8599     0.2130     0.2961 4.5898e+00    13.9056      4.367      6.334    11.4120 0.0000e+00
      4.464      0.043     7.9378     70.203     45.888  33.390336    32.3100     0.8866     0.2130     0.2961 4.5402e+00    13.9812      4.378      6.349    11.4045 0.0000e+00
      4.475      0.042     7.8642     69.731     45.930  33.417891    32.6700     0.8637     0.2130     0.3384 4.4970e+00    13.9963      4.388      6.364    11.3970 0.0000e+00
      4.485      0.041     7.7959     69.349     45.971  33.444861    32.6700     0.8866     0.2130     0.3384 4.5264e+00    14.0265      4.398      6.379    11.3902 0.0000e+00
      4.495      0.040     7.7317     69.058     45.975  33.446568    32.6700     0.7035     0.2130     0.3384 4.4697e+00    13.9207      4.408      6.394    11.3846 0.0000e+00
      4.505      0.039     7.6728     68.857     45.959  33.435418    32.6700     0.7073     0.2130     0.3384 4.3452e+00    14.0567      4.418      6.408    11.3800 0.0000e+00
      4.515      0.038     7.6218     68.741     45.957  33.436325    32.8500     0.7073     0.2556     0.2538 4.2880e+00    14.0114      4.428      6.422    11.3764 0.0000e+00
      4.524      0.037     7.5805     68.701     45.965  33.445547    32.8500     0.7035     0.2556     0.2538 4.2713e+00    14.0265      4.437      6.435    11.3737 0.0000e+00
      4.534      0.037     7.5490     68.711     45.953  33.441640    32.8500     0.7073     0.2556     0.2538 4.2731e+00    14.1171      4.446      6.448    11.3723 0.0000e+00
      4.543      0.037     7.5270     68.735     45.936  33.435514    32.8500     0.6882     0.2556     0.2538 4.1840e+00    14.2380      4.455      6.461    11.3727 0.0000e+00
      4.552      0.037     7.5140     68.743     45.935  33.441471    32.8500     0.6806     0.2556     0.2538 4.1181e+00    14.3286      4.464      6.475    11.3750 0.0000e+00
      4.562      0.037     7.5089     68.726     45.940  33.453133    33.0300     0.6806     0.2556     0.2538 4.1307e+00    14.2531      4.473      6.488    11.3790 0.0000e+00
      4.571      0.037     7.5090     68.686     45.957  33.473610    33.0300     0.6806     0.2556     0.2538 4.0701e+00    14.0265      4.483      6.501    11.3843 0.0000e+00
      4.581      0.037     7.5105     68.629     45.970  33.492426    33.0300     0.6615     0.2556     0.2538 3.9722e+00    13.9358      4.492      6.515    11.3908 0.0000e+00
      4.590      0.037     7.5101     68.552     45.951  33.486713    33.0300     0.6958     0.2556     0.2538 3.9250e+00    13.9056      4.501      6.529    11.3984 0.0000e+00
      4.600      0.037     7.5067     68.454     45.918  33.470883    33.1200     0.7073     0.2556     0.2538 3.8902e+00    14.0416      4.511      6.542    11.4068 0.0000e+00
      4.609      0.036     7.5008     68.335     45.912  33.472585    33.1200     0.7683     0.2556     0.2538 3.8307e+00    14.0567      4.520      6.555    11.4159 0.0000e+00
      4.618      0.036     7.4929     68.197     45.924  33.484307    33.1200     0.7683     0.2556     0.2538 3.8970e+00    14.0567      4.529      6.568    11.4255 0.0000e+00
      4.627      0.036     7.4830     68.038     45.928  33.485272    33.1200     0.7607     0.2556     0.2538 3.7679e+00    13.9660      4.538      6.581    11.4349 0.0000e+00
      4.636      0.036     7.4708     67.857     45.927  33.479719    33.2100     0.7645     0.2982     0.2538 3.7248e+00    13.9660      4.547      6.594    11.4436 0.0000e+00
      4.645      0.036     7.4567     67.658     45.923  33.470153    33.2100     0.6844     0.2982     0.2538 3.6958e+00    14.2531      4.556      6.607    11.4505 0.0000e+00
      4.655      0.036     7.4411     67.450     45.905  33.450037    33.2100     0.6767     0.2982     0.2538 3.6598e+00    14.2380      4.565      6.620    11.4534 0.0000e+00
      4.664      0.036     7.4240     67.253     45.891  33.433927    33.2100     0.7035     0.2982     0.2538 3.6670e+00    14.3286      4.574      6.633    11.4513 0.0000e+00
      4.673      0.036     7.4052     67.083     45.891  33.429478    33.3000     0.6844     0.2556     0.1692 3.6670e+00    14.1624      4.583      6.647    11.4458 0.0000e+00
      4.682      0.036     7.3847     66.953     45.879  33.419567    33.3000     0.7416     0.2556     0.1692 3.6408e+00    14.2833      4.592      6.660    11.4389 0.0000e+00
      4.692      0.036     7.3633     66.867     45.848  33.397569    33.3000     0.7416     0.2556     0.1692 3.5064e+00    14.1775      4.601      6.674    11.4314 0.0000e+00
      4.701      0.036     7.3429     66.822     45.825  33.381520    33.3000     0.7530     0.2556     0.1692 3.4761e+00    14.2833      4.611      6.687    11.4246 0.0000e+00
      4.710      0.037     7.3252     66.815     45.807  33.367140    33.3000     0.7569     0.2556     0.1692 3.4738e+00    14.2229      4.620      6.700    11.4202 0.0000e+00
      4.720      0.037     7.3112     66.842     45.772  33.338644    33.3900     0.7035     0.2556     0.2115 3.4513e+00    14.4041      4.629      6.713    11.4189 0.0000e+00
      4.729      0.037     7.3016     66.891     45.731  33.304368    33.3900     0.7187     0.2556     0.2115 3.4006e+00    14.5250      4.638      6.726    11.4194 0.0000e+00
      4.738      0.037     7.2966     66.948     45.705  33.281066    33.3900     0.7225     0.2556     0.2115 3.4006e+00    14.4797      4.647      6.740    11.4199 0.0000e+00
      4.748      0.037     7.2960     67.007     45.703  33.276468    33.3900     0.6920     0.2556     0.2115 3.2987e+00    14.4343      4.656      6.754    11.4189 0.0000e+00
      4.758      0.037     7.2995     67.077     45.718  33.285364    33.3900     0.6920     0.2982     0.1692 3.2737e+00    14.4495      4.666      6.767    11.4157 0.0000e+00
      4.768      0.037     7.3058     67.162     45.763  33.316100    33.3900     0.6996     0.2982     0.1692 3.2096e+00    14.5552      4.675      6.781    11.4109 0.0000e+00
      4.777      0.037     7.3127     67.265     45.844  33.372891    33.3900     0.6729     0.2982     0.1692 3.2013e+00    14.5250      4.684      6.794    11.4062 0.0000e+00
      4.786      0.037     7.3198     67.378     45.945  33.442993    33.3900     0.6767     0.2982     0.1692 3.1777e+00    14.4797      4.693      6.807    11.4026 0.0000e+00
      4.795      0.037     7.3278     67.494     46.034  33.505262    33.4800     0.7073     0.2556     0.2961 3.1338e+00    14.4797      4.702      6.820    11.4002 0.0000e+00
      4.804      0.037     7.3375     67.614     46.081  33.538454    33.4800     0.6996     0.2556     0.2961 3.0658e+00    14.4797      4.712      6.834    11.3982 0.0000e+00
      4.814      0.036     7.3492     67.734     46.092  33.549430    33.4800     0.7149     0.2556     0.2961 3.0254e+00    14.3890      4.721      6.847    11.3955 0.0000e+00
      4.823      0.036     7.3620     67.841     46.104  33.563028    33.4800     0.6882     0.2556     0.2961 2.9804e+00    14.4495      4.730      6.861    11.3921 0.0000e+00
      4.833      0.036     7.3752     67.927     46.125  33.580881    33.3900     0.6310     0.2982     0.2115 2.9572e+00    14.4192      4.740      6.874    11.3889 0.0000e+00
      4.842      0.036     7.3886     67.990     46.116  33.573889    33.3900     0.6272     0.2982     0.2115 2.9444e+00    14.5099      4.748      6.887    11.3881 0.0000e+00
      4.851      0.037     7.4012     68.030     46.087  33.550146    33.3900     0.6386     0.2982     0.2115 2.9348e+00    14.4192      4.757      6.900    11.3911 0.0000e+00
      4.860      0.037     7.4120     68.046     46.079  33.541168    33.3900     0.6462     0.2982     0.2115 2.8253e+00    14.4192      4.766      6.913    11.3960 0.0000e+00
      4.870      0.038     7.4208     68.039     46.095  33.548545    33.3900     0.5890     0.2982     0.2115 2.8020e+00    14.7063      4.775      6.926    11.3992 0.0000e+00
      4.879      0.039     7.4278     68.012     46.121  33.562291    33.4800     0.5585     0.2556     0.2961 2.7639e+00    14.6307      4.785      6.940    11.3986 0.0000e+00
      4.890      0.040     7.4326     67.978     46.132  33.566152    33.4800     0.5432     0.2556     0.2961 2.7382e+00    14.6005      4.795      6.955    11.3957 0.0000e+00
      4.900      0.041     7.4350     67.950     46.135  33.565143    33.4800     0.5928     0.2556     0.2961 2.6452e+00    14.7818      4.805      6.970    11.3921 0.0000e+00
      4.911      0.042     7.4350     67.929     46.134  33.560985    33.4800     0.6272     0.2556     0.2961 2.5755e+00    14.6912      4.816      6.985    11.3876 0.0000e+00
      4.922      0.042     7.4329     67.921     46.102  33.534642    33.4800     0.6233     0.2556     0.1692 2.5626e+00    14.5854      4.827      7.001    11.3826 0.0000e+00
      4.933      0.042     7.4300     67.930     46.059  33.501002    33.4800     0.6348     0.2556     0.1692 2.5207e+00    14.7214      4.838      7.016    11.3781 0.0000e+00
      4.944      0.042     7.4276     67.949     46.036  33.480972    33.4800     0.6310     0.2556     0.1692 2.4030e+00    14.7063      4.848      7.032    11.3742 0.0000e+00
      4.954      0.042     7.4259     67.971     46.013  33.461243    33.4800     0.7149     0.2556     0.1692 2.4182e+00    14.7214      4.859      7.047    11.3706 0.0000e+00
      4.965      0.041     7.4256     67.992     45.983  33.436553    33.3000     0.6767     0.2556     0.2538 2.3775e+00    14.6458      4.869      7.062    11.3675 0.0000e+00
      4.976      0.040     7.4271     68.010     45.994  33.442150    33.3000     0.6958     0.2556     0.2538 2.3143e+00    14.6912      4.879      7.077    11.3644 0.0000e+00
      4.986      0.040     7.4297     68.020     46.043  33.475542    33.3000     0.7035     0.2556     0.2538 2.2680e+00    14.7818      4.889      7.092    11.3611 0.0000e+00
      4.996      0.039     7.4327     68.023     46.060  33.485875    33.3000     0.6958     0.2556     0.2538 2.2251e+00    14.7365      4.899      7.106    11.3579 0.0000e+00
      5.006      0.038     7.4356     68.018     46.043  33.471921    33.4800     0.7073     0.2982     0.2538 2.1235e+00    14.6458      4.909      7.120    11.3550 0.0000e+00
      5.016      0.036     7.4379     68.000     46.018  33.451869    33.4800     0.6996     0.2982     0.2538 2.1608e+00    14.6760      4.918      7.134    11.3523 0.0000e+00
      5.025      0.035     7.4395     67.972     45.992  33.432325    33.4800     0.6653     0.2982     0.2538 2.1346e+00    14.6760      4.927      7.146    11.3497 0.0000e+00
      5.033      0.034     7.4402     67.940     45.987  33.427997    33.4800     0.7035     0.2982     0.2538 2.1374e+00    14.4797      4.936      7.159    11.3475 0.0000e+00
      5.042      0.033     7.4399     67.907     45.973  33.417809    33.4800     0.7035     0.2982     0.2538 2.0956e+00    14.4797      4.944      7.171    11.3455 0.0000e+00
      5.050      0.032     7.4383     67.875     45.934  33.389087    33.3900     0.6806     0.2982     0.3384 2.0257e+00    14.5250      4.952      7.183    11.3440 0.0000e+00
      5.058      0.032     7.4354     67.846     45.927  33.383968    33.3900     0.6882     0.2982     0.3384 2.0350e+00    14.4343      4.960      7.194    11.3430 0.0000e+00
      5.066      0.031     7.4319     67.818     45.959  33.407064    33.3900     0.6920     0.2982     0.3384 2.0292e+00    14.5099      4.968      7.206    11.3425 0.0000e+00
      5.074      0.030     7.4283     67.787     45.964  33.410752    33.3900     0.6920     0.2982     0.3384 1.9930e+00    14.4948      4.976      7.217    11.3424 0.0000e+00
      5.081      0.028     7.4249     67.749     45.927  33.384063    33.4800     0.6882     0.3408     0.2115 1.8827e+00    14.5552      4.983      7.228    11.3422 0.0000e+00
      5.089      0.027     7.4217     67.702     45.912  33.373662    33.4800     0.6920     0.3408     0.2115 1.9404e+00    14.4646      4.990      7.238    11.3420 0.0000e+00
      5.095      0.025     7.4187     67.655     45.951  33.402672    33.4800     0.7340     0.3408     0.2115 1.9036e+00    14.6760      4.997      7.247    11.3418 0.0000e+00
