Data/DataNotYetUploadedToEDI/Raw_CTD/RawDownloads/061024_fcr20_S7809004.cnv
* Sea-Bird SBE19plus  Data File:
* FileName = C:\R\Reservoirs\Data\DataNotYetUploadedToEDI\Raw_CTD\RawDownloads\061024_bvr50_S7809_0004.hex
* Software version 2.8.0.119
* Temperature SN = 7809
* Conductivity SN = 7809
* System UpLoad Time = Jun 11 2024 14:39:12
* <ApplicationData>
* <Seaterm232>
# nquan = 15
# nvalues = 635                         
# units = specified
# name 0 = depFM: Depth [fresh water, m]
# name 1 = dz/dtM: Descent Rate [m/s]
# name 2 = sbeox0Mg/L: Oxygen, SBE 43 [mg/l]
# name 3 = sbeox0PS: Oxygen, SBE 43 [% saturation]
# name 4 = specc: Specific Conductance [uS/cm]
# name 5 = c0uS/cm: Conductivity [uS/cm]
# name 6 = flECO-AFL: Fluorescence, WET Labs ECO-AFL/FL [mg/m^3]
# name 7 = ph: pH
# name 8 = orp: Oxidation Reduction Potential [mV]
# name 9 = par/sat/log: PAR/Logarithmic, Satlantic
# name 10 = turbWETntu0: Turbidity, WET Labs ECO [NTU]
# name 11 = prdM: Pressure, Strain Gauge [db]
# name 12 = prdE: Pressure, Strain Gauge [psi]
# name 13 = tv290C: Temperature [ITS-90, deg C]
# name 14 = flag:  0.000e+00
# span 0 =     -0.731,      2.912       
# span 1 =     -0.373,      0.208       
# span 2 =     0.1214,    10.5780       
# span 3 =      1.287,    123.623       
# span 4 =      1.146,     49.085       
# span 5 =   1.044060,  41.173876       
# span 6 =    -0.0844,   115.1551       
# span 7 =     -2.215,      9.085       
# span 8 =   111.1596,   951.1261       
# span 9 = 1.2094e+01, 8.4198e+02       
# span 10 =     0.7148,   156.2826      
# span 11 =     -0.718,      2.856      
# span 12 =     -1.041,      4.142      
# span 13 =    16.2113,    23.9884      
# span 14 = 0.0000e+00, 0.0000e+00      
# interval = seconds: 0.25
# start_time = Jun 10 2024 13:18:04 [Instrument's time stamp, header]
# bad_flag = -9.990e-29
*END*
[from data line 482]
      2.378     -0.143     2.4651     23.442     44.244  38.438816     3.7083      8.784   211.1732 2.4098e+01    16.8652      2.334      3.386    18.3081 0.0000e+00
      2.329     -0.157     2.4418     22.765     44.240  38.507461     3.6220      8.781   211.3784 2.5593e+01    16.1402      2.283      3.312    18.2751 0.0000e+00
      2.281     -0.160     2.3875     22.658     44.154  38.497057     3.5996      8.780   211.6286 2.6930e+01    15.9412      2.235      3.240    18.2798 0.0000e+00
      2.240     -0.152     2.2948     23.227     44.012  38.440023     3.5782      8.778   211.9609 2.8095e+01    15.2785      2.195      3.183    18.3393 0.0000e+00
      2.203     -0.137     2.1907     24.293     43.866  38.389078     3.5638      8.776   212.1278 2.9217e+01    14.0707      2.160      3.132    18.4393 0.0000e+00
      2.168     -0.119     2.1120     25.625     43.771  38.388860     3.5503      8.775   212.1836 3.0168e+01    13.3281      2.124      3.081    18.5219 0.0000e+00
      2.138     -0.104     2.0939     27.154     43.733  38.437499     3.5396      8.773   212.2909 3.0804e+01    13.1656      2.094      3.037    18.5878 0.0000e+00
      2.116     -0.095     2.1527     28.880     43.684  38.469614     3.5929      8.770   212.4787 3.1229e+01    13.0286      2.073      3.007    18.6602 0.0000e+00
      2.101     -0.094     2.2583     30.723     43.611  38.459962     3.7032      8.768   212.7340 3.1617e+01    12.8680      2.060      2.988    18.7492 0.0000e+00
      2.085     -0.099     2.3780     32.499     43.544  38.447788     3.7662      8.767   213.0540 3.2111e+01    12.8283      2.048      2.969    18.8501 0.0000e+00
      2.062     -0.106     2.5143     34.025     43.444  38.449383     3.7637      8.766   213.5089 3.2855e+01    12.7881      2.026      2.939    18.9409 0.0000e+00
      2.030     -0.116     2.6717     35.270     43.302  38.479373     3.6568      8.764   214.1037 3.3870e+01    12.2448      1.993      2.891    19.0379 0.0000e+00
      1.991     -0.124     2.8458     36.464     43.180  38.556764     3.4635      8.761   214.7390 3.4900e+01    11.3498      1.952      2.830    19.1006 0.0000e+00
      1.954     -0.128     3.0159     38.050     43.058  38.623863     3.3664      8.757   215.3395 3.5757e+01    10.9157      1.913      2.775    19.1212 0.0000e+00
      1.922     -0.125     3.1535     40.316     42.916  38.656303     3.3734      8.754   215.9450 3.6576e+01    10.9250      1.885      2.734    19.2123 0.0000e+00
      1.891     -0.120     3.2482     43.217     42.787  38.695377     3.3733      8.751   216.4665 3.7406e+01    10.9153      1.854      2.690    19.4161 0.0000e+00
      1.861     -0.115     3.3243     46.649     42.632  38.715752     3.4150      8.748   216.8267 3.8181e+01    10.7989      1.822      2.643    19.6511 0.0000e+00
      1.834     -0.111     3.4431     50.482     42.458  38.712501     3.5192      8.746   217.2030 3.9041e+01    10.6442      1.800      2.609    19.8526 0.0000e+00
      1.808     -0.109     3.6437     54.476     42.343  38.719734     3.5849      8.744   217.5743 3.9992e+01    10.6169      1.775      2.574    20.0360 0.0000e+00
      1.780     -0.107     3.8961     58.408     42.290  38.739898     3.6106      8.742   217.7033 4.0892e+01    10.6744      1.745      2.530    20.2105 0.0000e+00
      1.753     -0.101     4.1925     61.973     42.249  38.766011     3.6296      8.741   217.7298 4.1852e+01    10.4159      1.720      2.494    20.3988 0.0000e+00
      1.724     -0.091     4.5315     64.820     42.178  38.781718     3.6316      8.740   218.0667 4.2872e+01     9.9170      1.690      2.452    20.6064 0.0000e+00
      1.697     -0.074     4.8812     66.960     42.091  38.803002     3.6351      8.739   218.6795 4.3715e+01     9.6989      1.661      2.410    20.7423 0.0000e+00
      1.675     -0.054     5.2365     68.705     42.008  38.833108     3.6545      8.737   219.2015 4.4232e+01     9.7250      1.640      2.378    20.7940 0.0000e+00
      1.663     -0.035     5.5651     70.242     41.921  38.828590     3.6835      8.736   219.6468 4.4289e+01     9.8906      1.626      2.357    20.8638 0.0000e+00
      1.663     -0.020     5.8079     71.623     41.871  38.811942     3.7026      8.736   220.1920 4.3964e+01    10.1642      1.628      2.362    20.9584 0.0000e+00
      1.671     -0.009     5.9678     72.778     41.894  38.822233     3.7030      8.736   220.7165 4.3653e+01    10.3005      1.640      2.380    21.0824 0.0000e+00
      1.675     -0.002     6.1025     73.393     41.946  38.826087     3.7043      8.735   221.1700 4.3567e+01    10.3428      1.645      2.386    21.2327 0.0000e+00
      1.672      0.001     6.2254     73.104     41.982  38.795013     3.7184      8.733   221.4597 4.3635e+01    10.6757      1.640      2.379    21.3289 0.0000e+00
      1.667     -0.000     6.3435     71.812     42.031  38.763725     3.7327      8.733   221.3803 4.3738e+01    11.2848      1.633      2.368    21.3586 0.0000e+00
      1.664     -0.010     6.4597     69.722     42.116  38.764975     3.7267      8.732   221.2424 4.3667e+01    11.5940      1.629      2.362    21.3434 0.0000e+00
      1.667     -0.027     6.5360     67.152     42.150  38.746560     3.7042      8.731   221.4272 4.3358e+01    11.5442      1.633      2.368    21.2844 0.0000e+00
      1.672     -0.051     6.5238     64.407     42.056  38.667922     3.6771      8.730   221.6357 4.3280e+01    11.4341      1.644      2.384    21.2025 0.0000e+00
      1.666     -0.080     6.4127     61.941     41.882  38.575696     3.6575      8.730   221.5268 4.4007e+01    11.3559      1.644      2.385    21.1097 0.0000e+00
      1.637     -0.107     6.2278     60.414     41.708  38.519980     3.6660      8.730   221.3153 4.5473e+01    11.3849      1.612      2.338    21.0066 0.0000e+00
      1.592     -0.125     6.0000     60.367     41.565  38.502080     3.6720      8.729   221.0573 4.7197e+01    11.4082      1.561      2.265    20.9311 0.0000e+00
      1.543     -0.130     5.7428     61.976     41.432  38.486342     3.6635      8.728   220.5575 4.8956e+01    11.2971      1.512      2.194    20.9382 0.0000e+00
      1.498     -0.117     5.4865     64.976     41.296  38.456756     3.7711      8.726   220.1773 5.0472e+01    10.7922      1.464      2.124    21.0327 0.0000e+00
      1.465     -0.091     5.3196     68.879     41.137  38.398329     3.9907      8.725   220.1601 5.1201e+01     9.9842      1.429      2.073    21.1713 0.0000e+00
      1.451     -0.059     5.2927     73.140     40.930  38.287689     4.1134      8.724   220.2627 5.1221e+01     9.5547      1.419      2.058    21.3152 0.0000e+00
      1.448     -0.030     5.4330     77.251     40.737  38.197894     4.1315      8.722   220.2129 5.1149e+01     9.4931      1.419      2.058    21.4448 0.0000e+00
      1.450     -0.012     5.7022     80.957     40.621  38.201160     4.1591      8.721   219.2996 5.1094e+01     9.4103      1.421      2.061    21.5588 0.0000e+00
      1.455     -0.009     6.0470     84.160     40.579  38.263884     4.2058      8.720   217.6528 5.0952e+01     9.3050      1.426      2.069    21.6716 0.0000e+00
      1.460     -0.019     6.4325     86.954     40.594  38.321857     4.2392      8.720   216.4774 5.0993e+01     9.2794      1.433      2.079    21.7656 0.0000e+00
      1.460     -0.036     6.7828     89.361     40.625  38.331061     4.2626      8.721   215.6714 5.1522e+01     9.3056      1.438      2.085    21.8605 0.0000e+00
      1.448     -0.054     7.0926     90.981     40.658  38.311680     4.3555      8.723   214.7895 5.2567e+01     9.2110      1.425      2.066    22.0185 0.0000e+00
      1.423     -0.067     7.3466     91.493     40.671  38.277811     4.5133      8.723   214.1606 5.3813e+01     9.0582      1.396      2.026    22.1729 0.0000e+00
      1.395     -0.074     7.5727     90.968     40.658  38.238778     4.6058      8.723   213.8313 5.4903e+01     9.0299      1.367      1.983    22.2280 0.0000e+00
      1.369     -0.071     7.8112     89.713     40.641  38.220439     4.6165      8.723   213.8194 5.5753e+01     9.0738      1.341      1.945    22.1820 0.0000e+00
      1.350     -0.059     7.9748     88.114     40.525  38.119535     4.5679      8.723   213.9311 5.6304e+01     9.2469      1.321      1.916    22.1044 0.0000e+00
      1.338     -0.040     8.0242     86.535     40.285  37.907160     4.4760      8.721   213.8052 5.6503e+01     9.5171      1.310      1.901    22.0442 0.0000e+00
      1.331     -0.019     7.9747     85.316     40.067  37.746715     4.4215      8.717   213.5018 5.6518e+01     9.6082      1.304      1.892    22.0062 0.0000e+00
      1.329     -0.001     7.8504     84.749     39.934  37.702617     4.4246      8.715   213.1017 5.6425e+01     9.5971      1.302      1.888    22.0129 0.0000e+00
      1.332      0.009     7.6984     85.176     39.899  37.754823     4.5383      8.714   212.2366 5.6047e+01     9.4169      1.304      1.890    22.0317 0.0000e+00
      1.341      0.005     7.5493     86.897     39.961  37.870412     4.7391      8.714   211.1300 5.5432e+01     9.0011      1.313      1.904    22.0273 0.0000e+00
      1.355     -0.010     7.4284     89.638     40.035  37.958067     4.8469      8.715   210.3915 5.4982e+01     8.7369      1.332      1.932    22.0756 0.0000e+00
      1.361     -0.032     7.3522     92.541     40.085  37.989757     4.8515      8.718   209.5012 5.5155e+01     8.6484      1.342      1.947    22.2023 0.0000e+00
      1.350     -0.059     7.3554     94.783     40.134  37.999722     4.8528      8.720   207.9369 5.6133e+01     8.3745      1.330      1.930    22.3232 0.0000e+00
      1.322     -0.086     7.5027     95.917     40.190  38.015044     4.8620      8.721   206.1046 5.7540e+01     7.8845      1.299      1.885    22.3960 0.0000e+00
      1.287     -0.108     7.7708     95.854     40.256  38.048054     4.8635      8.722   204.7273 5.8912e+01     7.6085      1.261      1.828    22.4175 0.0000e+00
      1.252     -0.122     8.0527     94.813     40.313  38.081510     4.8536      8.723   204.0174 6.0199e+01     7.5996      1.227      1.779    22.3906 0.0000e+00
      1.218     -0.126     8.2683     93.163     40.353  38.102251     4.8340      8.724   203.6305 6.1574e+01     7.5717      1.195      1.733    22.3366 0.0000e+00
      1.187     -0.126     8.3781     91.249     40.382  38.108439     4.7760      8.726   203.2335 6.2936e+01     7.6122      1.163      1.687    22.2838 0.0000e+00
      1.157     -0.124     8.3706     89.378     40.389  38.092840     4.6936      8.728   202.8302 6.4211e+01     7.7487      1.134      1.644    22.2487 0.0000e+00
      1.127     -0.122     8.2702     87.794     40.344  38.040529     4.6539      8.729   202.7117 6.5773e+01     7.7870      1.108      1.605    22.2266 0.0000e+00
      1.096     -0.117     8.1200     86.633     40.272  37.983589     4.6457      8.729   202.7480 6.7726e+01     7.7348      1.077      1.560    22.2070 0.0000e+00
      1.062     -0.105     7.9483     86.037     40.231  37.975504     4.6611      8.729   202.6666 6.9747e+01     7.6295      1.041      1.509    22.1807 0.0000e+00
      1.030     -0.086     7.7810     86.138     40.224  38.006279     4.7069      8.729   202.5011 7.1562e+01     7.5037      1.008      1.461    22.1471 0.0000e+00
      1.004     -0.066     7.6441     86.938     40.231  38.038465     4.7410      8.728   201.9521 7.2736e+01     7.4438      0.980      1.421    22.1285 0.0000e+00
      0.989     -0.050     7.5361     88.258     40.237  38.047417     4.7412      8.726   200.9332 7.2760e+01     7.4179      0.963      1.398    22.1438 0.0000e+00
      0.990     -0.041     7.4721     89.709     40.183  37.987598     4.6589      8.726   199.9898 7.2021e+01     7.5316      0.968      1.404    22.1861 0.0000e+00
      0.997     -0.045     7.4731     90.836     40.071  37.886302     4.5201      8.728   199.3223 7.1444e+01     7.7938      0.982      1.424    22.2450 0.0000e+00
      0.995     -0.059     7.5416     91.446     39.989  37.837956     4.4615      8.731   198.7124 7.1887e+01     7.9919      0.983      1.425    22.2833 0.0000e+00
      0.977     -0.080     7.6694     91.729     39.958  37.847287     4.4914      8.733   197.7775 7.3578e+01     8.0832      0.963      1.397    22.2796 0.0000e+00
      0.944     -0.102     7.8163     92.062     39.955  37.872268     4.6484      8.734   196.7100 7.5738e+01     7.8382      0.928      1.347    22.2570 0.0000e+00
      0.905     -0.114     7.9216     92.659     39.951  37.886218     4.9199      8.735   196.0434 7.7964e+01     7.3179      0.887      1.286    22.2524 0.0000e+00
      0.868     -0.111     7.9598     93.438     39.941  37.889073     5.0690      8.737   195.3103 8.0165e+01     7.0874      0.851      1.233    22.3008 0.0000e+00
      0.833     -0.093     7.9609     94.216     39.950  37.906797     5.1107      8.739   194.1265 8.2284e+01     7.1348      0.815      1.182    22.3605 0.0000e+00
      0.805     -0.067     7.9768     94.909     39.948  37.910165     5.4323      8.740   192.8294 8.3816e+01     7.0377      0.782      1.135    22.3931 0.0000e+00
      0.793     -0.039     8.0308     95.504     39.902  37.866342     6.0033      8.741   190.8114 8.4356e+01     6.7669      0.772      1.121    22.4127 0.0000e+00
      0.795     -0.013     8.1030     95.924     39.854  37.821136     6.3058      8.744   187.8819 8.4418e+01     6.6276      0.779      1.130    22.4258 0.0000e+00
      0.803      0.004     8.1713     96.094     39.829  37.807766     6.3261      8.747   185.4580 8.4156e+01     6.6172      0.788      1.143    22.4378 0.0000e+00
      0.810      0.007     8.2279     96.039     39.829  37.831617     6.3161      8.750   183.9603 8.3726e+01     6.5733      0.794      1.152    22.4470 0.0000e+00
      0.817     -0.010     8.2834     95.921     39.827  37.855721     6.2259      8.753   182.9381 8.3107e+01     6.5752      0.800      1.159    22.4454 0.0000e+00
      0.824     -0.043     8.3242     96.002     39.800  37.845427     6.0507      8.757   182.3904 8.2642e+01     6.6741      0.811      1.176    22.4395 0.0000e+00
      0.820     -0.082     8.3355     96.364     39.780  37.834087     5.9381      8.761   182.0700 8.3493e+01     6.8119      0.814      1.181    22.4501 0.0000e+00
      0.793     -0.119     8.3220     96.854     39.787  37.845538     5.9294      8.765   181.6463 8.6036e+01     6.8756      0.787      1.141    22.4863 0.0000e+00
      0.743     -0.145     8.2936     97.326     39.797  37.856973     6.0697      8.769   181.2245 8.9761e+01     6.7612      0.731      1.060    22.5260 0.0000e+00
      0.683     -0.153     8.2944     97.731     39.785  37.845436     6.3201      8.770   180.9278 9.3827e+01     6.5558      0.669      0.971    22.5432 0.0000e+00
      0.628     -0.139     8.3337     98.094     39.765  37.832964     6.4435      8.769   180.7268 9.7635e+01     6.4081      0.612      0.889    22.5484 0.0000e+00
      0.586     -0.106     8.3781     98.437     39.749  37.833091     6.4540      8.768   180.2562 1.0023e+02     6.3747      0.567      0.822    22.5562 0.0000e+00
      0.564     -0.065     8.4210     98.752     39.734  37.847000     6.6142      8.770   179.1954 1.0096e+02     6.4938      0.545      0.791    22.5582 0.0000e+00
      0.564     -0.025     8.4543     99.141     39.723  37.874253     6.9152      8.771   178.1402 1.0048e+02     6.6524      0.550      0.796    22.5559 0.0000e+00
      0.576      0.007     8.4839     99.805     39.710  37.908842     7.0807      8.772   177.6502 9.9629e+01     6.6871      0.565      0.819    22.5603 0.0000e+00
      0.589      0.028     8.5124    100.827     39.697  37.947993     7.0925      8.774   177.3152 9.8929e+01     6.6738      0.579      0.840    22.5795 0.0000e+00
      0.598      0.034     8.5310    102.153     39.667  37.966960     7.0981      8.777   176.4119 9.8304e+01     6.8340      0.588      0.852    22.6165 0.0000e+00
