Data/DataNotYetUploadedToEDI/Raw_CTD/RawDownloads/061024_fcr50_S8188003.cnv
* Sea-Bird SBE19plus  Data File:
* FileName = C:\R\Reservoirs\Data\DataNotYetUploadedToEDI\Raw_CTD\RawDownloads\060324_bvr50_S78188_0003.hex
* Software version 2.8.0.119
* Temperature SN = 8188
* Conductivity SN = 8188
* System UpLoad Time = Jun 20 2024 16:35:22
* <ApplicationData>
* <Seaterm232>
# nquan = 16
# nvalues = 1421                        
# units = specified
# name 0 = depFM: Depth [fresh water, m]
# name 1 = dz/dtM: Descent Rate [m/s]
# name 2 = sbeox0Mg/L: Oxygen, SBE 43 [mg/l]
# name 3 = sbeox0PS: Oxygen, SBE 43 [% saturation]
# name 4 = specc: Specific Conductance [uS/cm]
# name 5 = c0uS/cm: Conductivity [uS/cm]
# name 6 = wetCDOM: Fluorescence, WET Labs CDOM [mg/m^3]
# name 7 = flECO-AFL: Fluorescence, WET Labs ECO-AFL/FL [mg/m^3]
# name 8 = flECO-AFL1: Fluorescence, WET Labs ECO-AFL/FL, 2 [mg/m^3]
# name 9 = flECO-AFL2: Fluorescence, WET Labs ECO-AFL/FL, 3 [mg/m^3]
# name 10 = par/sat/log: PAR/Logarithmic, Satlantic
# name 11 = turbWETntu0: Turbidity, WET Labs ECO [NTU]
# name 12 = prdM: Pressure, Strain Gauge [db]
# name 13 = prdE: Pressure, Strain Gauge [psi]
# name 14 = tv290C: Temperature [ITS-90, deg C]
# name 15 = flag:  0.000e+00
# span 0 =     -0.754,      9.440       
# span 1 =     -0.171,      0.173       
# span 2 =    -2.0334,     9.8661       
# span 3 =    -18.569,    116.379       
# span 4 =     -0.218,    236.055       
# span 5 =  -0.217360, 171.649216       
# span 6 =    -4.5000,   175.6800       
# span 7 =    -0.4143,     5.1782       
# span 8 =    -2.1300,     0.3408       
# span 9 =    -2.0304,     1.6497       
# span 10 = 1.1580e-01, 3.6418e+02      
# span 11 =    -1.1706,    67.0652      
# span 12 =     -0.739,      9.257      
# span 13 =     -1.072,     13.427      
# span 14 =    11.2707,    24.8318      
# span 15 = 0.0000e+00, 0.0000e+00      
# interval = seconds: 0.25
# start_time = Jun 10 2024 09:35:49 [Instrument's time stamp, header]
# bad_flag = -9.990e-29
*END*
     -0.753      0.000     8.1026     97.785     -0.190  -0.189031    -4.5000    -0.2579    -2.1300    -2.0304 2.5390e+02     0.2041     -0.739     -1.071    24.8318 0.0000e+00
     -0.753      0.000     8.1030     97.793     -0.187  -0.186267    -4.5000    -0.2769    -2.1300    -2.0304 2.7943e+02     0.1286     -0.739     -1.071    24.8314 0.0000e+00
     -0.753      0.000     8.1036     97.797     -0.186  -0.184919    -4.5000    -0.2960    -2.1300    -2.0304 2.9064e+02     0.1890     -0.739     -1.071    24.8310 0.0000e+00
     -0.753      0.000     8.1046     97.798     -0.185  -0.184626     2.0700    -0.2541     0.0852     0.1692 2.6282e+02    -1.0497     -0.739     -1.071    24.8306 0.0000e+00
     -0.753      0.001     8.1056     97.798     -0.186  -0.185311     2.0700    -0.2769     0.0852     0.1692 2.4656e+02    -1.0195     -0.739     -1.071    24.8301 0.0000e+00
     -0.753      0.001     8.1063     97.796     -0.188  -0.187157     2.0700    -0.2579     0.0852     0.1692 2.1320e+02    -1.0497     -0.739     -1.071    24.8296 0.0000e+00
     -0.753      0.001     8.1067     97.792     -0.189  -0.188667     2.0700    -0.2579     0.0852     0.1692 1.8552e+02    -1.0044     -0.739     -1.071    24.8292 0.0000e+00
     -0.753      0.001     8.1068     97.788     -0.189  -0.188256     2.0700    -0.2617     0.0852     0.1692 1.7441e+02    -1.0195     -0.739     -1.071    24.8287 0.0000e+00
     -0.752      0.001     8.1068     97.783     -0.189  -0.187802     0.0000    -0.2579     0.0426     0.0846 1.6970e+02    -0.9893     -0.738     -1.070    24.8282 0.0000e+00
     -0.752      0.001     8.1067     97.780     -0.188  -0.187185     0.0000    -0.2426     0.0426     0.0846 1.7268e+02    -1.0800     -0.738     -1.070    24.8278 0.0000e+00
     -0.752      0.001     8.1065     97.781     -0.185  -0.184250     0.0000    -0.2655     0.0426     0.0846 1.4773e+02    -1.1404     -0.738     -1.070    24.8275 0.0000e+00
     -0.752      0.000     8.1062     97.784     -0.181  -0.180205     0.0000    -0.2922     0.0426     0.0846 1.4665e+02    -1.0044     -0.738     -1.070    24.8271 0.0000e+00
     -0.752      0.000     8.1059     97.784     -0.181  -0.179936     4.5000    -0.2579     0.1278     0.1269 1.5820e+02    -1.0800     -0.738     -1.070    24.8267 0.0000e+00
     -0.752      0.000     8.1057     97.781     -0.188  -0.187348     4.5000    -0.2617     0.1278     0.1269 1.7487e+02    -1.0497     -0.738     -1.070    24.8263 0.0000e+00
     -0.752      0.000     8.1059     97.777     -0.200  -0.198452     4.5000    -0.2693     0.1278     0.1269 1.7875e+02    -1.0649     -0.738     -1.070    24.8259 0.0000e+00
     -0.752      0.000     8.1062     97.775     -0.210  -0.208255     4.5000    -0.2426     0.1278     0.1269 1.8548e+02    -1.0800     -0.738     -1.070    24.8255 0.0000e+00
     -0.752      0.000     8.1063     97.771     -0.215  -0.213406     5.3100    -0.2731     0.0852     0.1692 2.0667e+02    -1.1706     -0.738     -1.070    24.8251 0.0000e+00
     -0.752      0.000     8.1061     97.766     -0.212  -0.211302     5.3100    -0.2579     0.0852     0.1692 2.2373e+02    -1.0649     -0.738     -1.070    24.8246 0.0000e+00
     -0.752      0.000     8.1058     97.763     -0.206  -0.205357     5.3100    -0.2693     0.0852     0.1692 2.6743e+02    -1.1404     -0.738     -1.070    24.8240 0.0000e+00
     -0.752      0.000     8.1057     97.763     -0.201  -0.199953     5.3100    -0.2350     0.0852     0.1692 2.7065e+02    -1.0497     -0.738     -1.070    24.8234 0.0000e+00
     -0.752      0.000     8.1055     97.765     -0.199  -0.197626     6.3900    -0.2808     0.0426     0.1692 2.6971e+02    -1.1102     -0.738     -1.070    24.8227 0.0000e+00
     -0.752      0.000     8.1052     97.769     -0.199  -0.197755     6.3900    -0.2693     0.0426     0.1692 2.7059e+02    -1.0649     -0.738     -1.070    24.8219 0.0000e+00
     -0.752      0.000     8.1051     97.771     -0.199  -0.198385     6.3900    -0.2731     0.0426     0.1692 2.7408e+02    -1.0800     -0.738     -1.070    24.8211 0.0000e+00
     -0.752      0.000     8.1052     97.772     -0.201  -0.199686     6.3900    -0.2541     0.0426     0.1692 2.7840e+02    -1.0951     -0.738     -1.070    24.8203 0.0000e+00
     -0.752      0.000     8.1055     97.771     -0.201  -0.200014     6.3900    -0.2731     0.0426     0.1692 2.7864e+02    -0.9742     -0.738     -1.070    24.8196 0.0000e+00
     -0.752      0.000     8.1059     97.769     -0.200  -0.199459     4.6800    -0.2693     0.0852     0.0846 2.7707e+02    -0.9440     -0.738     -1.070    24.8190 0.0000e+00
     -0.752      0.000     8.1062     97.765     -0.201  -0.199860     4.6800    -0.2579     0.0852     0.0846 2.8120e+02    -1.0044     -0.738     -1.070    24.8185 0.0000e+00
     -0.752      0.000     8.1063     97.757     -0.202  -0.201323     4.6800    -0.2579     0.0852     0.0846 2.7283e+02    -1.1102     -0.738     -1.070    24.8179 0.0000e+00
     -0.752      0.000     8.1063     97.747     -0.205  -0.204241     4.6800    -0.2617     0.0852     0.0846 2.8126e+02    -1.0346     -0.738     -1.070    24.8173 0.0000e+00
     -0.752      0.000     8.1062     97.743     -0.208  -0.207401     4.7700    -0.2579     0.0852     0.0846 2.8341e+02    -1.1102     -0.738     -1.070    24.8167 0.0000e+00
     -0.752      0.000     8.1060     97.746     -0.211  -0.209658     4.7700    -0.2808     0.0852     0.0846 2.5700e+02    -1.0800     -0.738     -1.070    24.8160 0.0000e+00
     -0.752      0.000     8.1054     97.752     -0.213  -0.211613     4.7700    -0.2769     0.0852     0.0846 2.2310e+02    -1.0497     -0.738     -1.070    24.8154 0.0000e+00
     -0.752      0.000     8.1047     97.762     -0.215  -0.213789     4.7700    -0.2655     0.0852     0.0846 2.2442e+02    -0.9893     -0.738     -1.070    24.8147 0.0000e+00
     -0.753      0.000     8.1045     97.773     -0.218  -0.216766     4.6800    -0.2426     0.0852     0.1269 2.0934e+02    -1.0497     -0.738     -1.070    24.8141 0.0000e+00
     -0.753      0.000     8.1048     97.781     -0.218  -0.217360     4.6800    -0.2731     0.0852     0.1269 1.8479e+02    -1.0951     -0.738     -1.070    24.8134 0.0000e+00
     -0.752      0.001     8.1055     97.785     -0.214  -0.213741     4.6800    -0.3036     0.0852     0.1269 1.6129e+02    -1.0044     -0.738     -1.070    24.8127 0.0000e+00
     -0.752      0.001     8.1064     97.787     -0.212  -0.210909     4.6800    -0.2579     0.0852     0.1269 1.2683e+02    -1.1404     -0.738     -1.070    24.8121 0.0000e+00
     -0.752      0.001     8.1074     97.787     -0.211  -0.210099     4.6800    -0.2769     0.0426     0.2115 1.1259e+02    -1.0346     -0.738     -1.070    24.8114 0.0000e+00
     -0.752      0.001     8.1081     97.789     -0.206  -0.205128     4.6800    -0.2769     0.0426     0.2115 1.0211e+02    -1.0346     -0.737     -1.069    24.8106 0.0000e+00
     -0.751      0.002     8.1086     97.793     -0.193  -0.192682     4.6800    -0.2693     0.0426     0.2115 9.9218e+01    -1.0044     -0.737     -1.069    24.8099 0.0000e+00
     -0.751      0.002     8.1088     97.799     -0.178  -0.177397     4.6800    -0.2846     0.0426     0.2115 1.0215e+02    -1.0951     -0.737     -1.068    24.8092 0.0000e+00
     -0.750      0.003     8.1090     97.800     -0.160  -0.159173     4.6800    -0.2693     0.0426     0.2115 1.1492e+02    -1.0800     -0.736     -1.067    24.8084 0.0000e+00
     -0.749      0.004     8.1093     97.796     -0.129  -0.129174     4.6800    -0.2579     0.0426     0.0846 1.2157e+02    -1.0346     -0.735     -1.066    24.8075 0.0000e+00
     -0.748      0.005     8.1098     97.792     -0.076  -0.077412     4.6800    -0.2617     0.0426     0.0846 1.3135e+02    -1.0497     -0.734     -1.065    24.8066 0.0000e+00
     -0.747      0.006     8.1104     97.791      0.012   0.009916     4.6800    -0.2731     0.0426     0.0846 1.3296e+02    -1.1555     -0.733     -1.063    24.8055 0.0000e+00
     -0.746      0.008     8.1107     97.792      0.159   0.154111     4.6800    -0.2769     0.0426     0.0846 1.4684e+02    -1.0800     -0.731     -1.061    24.8042 0.0000e+00
     -0.743      0.010     8.1106     97.793      0.399   0.389646     4.5900    -0.2922     0.0426     0.0423 1.5490e+02    -1.0195     -0.729     -1.058    24.8025 0.0000e+00
     -0.741      0.013     8.1106     97.795      0.795   0.779330     4.5900    -0.2655     0.0426     0.0423 1.8816e+02    -1.0497     -0.727     -1.054    24.8001 0.0000e+00
     -0.737      0.017     8.1111     97.797      1.458   1.431057     4.5900    -0.2502     0.0426     0.0423 2.1131e+02    -1.0800     -0.723     -1.049    24.7967 0.0000e+00
     -0.733      0.022     8.1119     97.798      2.567   2.520609     4.5900    -0.2846     0.0426     0.0423 2.2185e+02    -1.0800     -0.719     -1.043    24.7916 0.0000e+00
     -0.727      0.028     8.1131     97.795      4.415   4.336544     4.6800    -0.2769     0.0852     0.2115 2.4672e+02    -0.9893     -0.714     -1.035    24.7839 0.0000e+00
     -0.720      0.035     8.1151     97.789      7.504   7.373056     4.6800     1.0239     0.0852     0.2115 2.6225e+02    44.6623     -0.707     -1.025    24.7720 0.0000e+00
     -0.711      0.045     8.1181     97.783     12.671  12.451811     4.6800     1.0010     0.0852     0.2115 2.4437e+02    44.6321     -0.698     -1.012    24.7529 0.0000e+00
     -0.700      0.056     8.1228     97.781     19.899  19.552366     4.6800     0.9972     0.0852     0.2115 2.4141e+02    44.6019     -0.686     -0.995    24.7220 0.0000e+00
     -0.685      0.067     8.1302     97.787     27.188  26.701457     4.5900     1.0277     0.0852     0.0423 2.4448e+02    44.6623     -0.671     -0.974    24.6712 0.0000e+00
     -0.666      0.078     8.1419     97.800     32.512  31.909467     4.5900     2.7939     0.0852     0.0423 2.5236e+02     0.6875     -0.653     -0.947    24.5896 0.0000e+00
     -0.643      0.087     8.1582     97.819     35.666  34.981814     4.5900     2.8054     0.0852     0.0423 2.6569e+02     0.7026     -0.631     -0.915    24.4780 0.0000e+00
     -0.619      0.095     8.1760     97.847     37.426  36.685997     4.5900     2.8092     0.0852     0.0423 2.7194e+02     0.7479     -0.606     -0.880    24.3580 0.0000e+00
     -0.592      0.099     8.1925     97.885     38.431  37.651805     4.5900     2.8054     0.0852     0.0423 2.7283e+02     0.7479     -0.580     -0.842    24.2514 0.0000e+00
     -0.565      0.101     8.2066     97.940     39.005  38.198551     4.4100     2.9503     0.0852     0.2115 2.6743e+02     0.7932     -0.554     -0.803    24.1653 0.0000e+00
     -0.538      0.101     8.2184     98.026     39.340  38.513875     4.4100     2.9809     0.0852     0.2115 2.7206e+02     0.6875     -0.527     -0.765    24.0977 0.0000e+00
     -0.512      0.099     8.2288     98.156     39.565  38.725694     4.4100     2.9923     0.0852     0.2115 2.7236e+02     0.6120     -0.502     -0.728    24.0451 0.0000e+00
     -0.487      0.095     8.2381     98.331     39.722  38.872561     4.4100     2.9809     0.0852     0.2115 2.6825e+02     0.7328     -0.478     -0.693    24.0052 0.0000e+00
     -0.464      0.091     8.2472     98.543     39.819  38.963756    19.6200     3.0495     0.1278     0.5076 2.8607e+02     0.7177     -0.455     -0.659    23.9755 0.0000e+00
     -0.441      0.087     8.2578     98.774     39.886  39.027582    19.6200     3.0228     0.1278     0.5076 3.0928e+02     0.7026     -0.432     -0.627    23.9540 0.0000e+00
     -0.420      0.083     8.2710     99.003     39.899  39.039217    19.6200     3.0343     0.1278     0.5076 3.1890e+02     0.6422     -0.411     -0.597    23.9391 0.0000e+00
     -0.399      0.080     8.2873     99.210     39.825  38.965902    19.6200     3.0724     0.1278     0.5076 3.3126e+02     0.7177     -0.391     -0.568    23.9292 0.0000e+00
     -0.380      0.077     8.3061     99.377     39.690  38.831919    20.9700     3.2326     0.0852     0.9729 3.3379e+02     0.6120     -0.372     -0.540    23.9230 0.0000e+00
     -0.361      0.075     8.3261     99.488     39.534  38.677250    20.9700     3.1907     0.0852     0.9729 3.3393e+02     0.6724     -0.354     -0.513    23.9194 0.0000e+00
     -0.342      0.072     8.3458     99.526     39.388  38.532377    20.9700     3.2250     0.0852     0.9729 3.3905e+02     0.7479     -0.335     -0.487    23.9174 0.0000e+00
     -0.324      0.070     8.3635     99.469     39.273  38.418436    20.9700     3.2212     0.0852     0.9729 3.4343e+02     0.7177     -0.317     -0.461    23.9159 0.0000e+00
     -0.306      0.068     8.3778     99.276     39.204  38.348874    20.9700     3.2212     0.0852     0.9729 3.4854e+02     0.7328     -0.300     -0.435    23.9139 0.0000e+00
     -0.289      0.065     8.3875     98.883     39.169  38.313111    21.1500     3.2250     0.0852     0.9306 3.5666e+02     0.7479     -0.283     -0.411    23.9113 0.0000e+00
     -0.272      0.061     8.3912     98.235     39.135  38.277702    21.1500     3.2059     0.0852     0.9306 3.6063e+02     0.7479     -0.267     -0.387    23.9085 0.0000e+00
     -0.257      0.057     8.3868     97.307     39.092  38.233204    21.1500     3.2212     0.0852     0.9306 3.6410e+02     0.6120     -0.252     -0.366    23.9058 0.0000e+00
     -0.243      0.052     8.3709     96.102     39.056  38.195644    21.1500     3.1983     0.0852     0.9306 3.6418e+02     0.7026     -0.238     -0.345    23.9036 0.0000e+00
     -0.230      0.047     8.3381     94.673     39.031  38.168953    21.0600     3.2441     0.0426     0.9729 3.5565e+02     0.6573     -0.225     -0.327    23.9014 0.0000e+00
     -0.219      0.043     8.2839     93.126     39.009  38.146011    21.0600     3.2212     0.0426     0.9729 3.3817e+02     0.7177     -0.215     -0.312    23.8989 0.0000e+00
     -0.209      0.038     8.2061     91.618     38.988  38.124686    21.0600     3.2288     0.0426     0.9729 3.3076e+02     0.6875     -0.205     -0.298    23.8957 0.0000e+00
     -0.200      0.034     8.1050     90.317     38.975  38.111246    21.0600     3.1830     0.0426     0.9729 3.2961e+02     0.7328     -0.196     -0.285    23.8923 0.0000e+00
     -0.192      0.030     7.9848     89.310     38.974  38.110075    21.1500     3.1716     0.0852     0.8883 2.4469e+02     0.7177     -0.188     -0.273    23.8897 0.0000e+00
     -0.185      0.026     7.8547     88.547     38.977  38.112892    21.1500     3.1487     0.0852     0.8883 2.3044e+02     0.6120     -0.181     -0.263    23.8879 0.0000e+00
     -0.179      0.022     7.7277     87.907     38.973  38.108494    21.1500     3.1716     0.0852     0.8883 2.2623e+02     0.7177     -0.175     -0.254    23.8868 0.0000e+00
     -0.174      0.019     7.6180     87.293     38.957  38.091724    21.1500     3.2479     0.0852     0.8883 2.2840e+02     0.6724     -0.170     -0.247    23.8863 0.0000e+00
     -0.170      0.017     7.5331     86.632     38.928  38.062094    21.1500     3.2097     0.0852     1.0998 2.4357e+02     0.6271     -0.166     -0.241    23.8862 0.0000e+00
     -0.166      0.014     7.4687     85.863     38.894  38.027642    21.1500     3.2059     0.0852     1.0998 2.3725e+02     0.7328     -0.163     -0.236    23.8858 0.0000e+00
     -0.162      0.012     7.4149     84.965     38.868  37.999104    21.1500     3.2136     0.0852     1.0998 2.4838e+02     0.8083     -0.159     -0.231    23.8851 0.0000e+00
     -0.160      0.010     7.3633     83.993     38.857  37.984807    21.1500     3.2097     0.0852     1.0998 2.4305e+02     0.6120     -0.157     -0.227    23.8839 0.0000e+00
     -0.157      0.009     7.3077     83.091     38.864  37.988907    21.1500     3.2364     0.0852     1.0998 2.3922e+02     0.7177     -0.154     -0.224    23.8823 0.0000e+00
     -0.155      0.007     7.2431     82.431     38.878  38.000545    21.1500     3.2250     0.0852     1.0152 2.4795e+02     0.6422     -0.152     -0.221    23.8800 0.0000e+00
