Data/DataNotYetUploadedToEDI/Raw_CTD/RawDownloads/061024_bvr50_S7809001.cnv
* Sea-Bird SBE19plus  Data File:
* FileName = C:\R\Reservoirs\Data\DataNotYetUploadedToEDI\Raw_CTD\RawDownloads\061024_bvr50_S7809_0001.hex
* Software version 2.8.0.119
* Temperature SN = 7809
* Conductivity SN = 7809
* System UpLoad Time = Jun 11 2024 14:56:43
* <ApplicationData>
* <Seaterm232>
# nquan = 15
# nvalues = 1597                        
# units = specified
# name 0 = depFM: Depth [fresh water, m]
# name 1 = dz/dtM: Descent Rate [m/s]
# name 2 = sbeox0Mg/L: Oxygen, SBE 43 [mg/l]
# name 3 = sbeox0PS: Oxygen, SBE 43 [% saturation]
# name 4 = specc: Specific Conductance [uS/cm]
# name 5 = c0uS/cm: Conductivity [uS/cm]
# name 6 = flECO-AFL: Fluorescence, WET Labs ECO-AFL/FL [mg/m^3]
# name 7 = ph: pH
# name 8 = orp: Oxidation Reduction Potential [mV]
# name 9 = par/sat/log: PAR/Logarithmic, Satlantic
# name 10 = turbWETntu0: Turbidity, WET Labs ECO [NTU]
# name 11 = prdM: Pressure, Strain Gauge [db]
# name 12 = prdE: Pressure, Strain Gauge [psi]
# name 13 = tv290C: Temperature [ITS-90, deg C]
# name 14 = flag:  0.000e+00
# span 0 =     -0.812,      9.760       
# span 1 =     -0.439,      0.229       
# span 2 =     0.0188,     8.6207       
# span 3 =      0.354,    101.716       
# span 4 =      0.408,    150.884       
# span 5 =   0.399555, 105.841188       
# span 6 =    -1.2657,    10.4669       
# span 7 =     -2.110,     11.911       
# span 8 = -1240.7429,   872.3910       
# span 9 = 1.2355e-01, 2.0510e+03       
# span 10 =    -2.2412,    71.9514      
# span 11 =     -0.797,      9.572      
# span 12 =     -1.156,     13.882      
# span 13 =    10.0659,    24.0476      
# span 14 = 0.0000e+00, 0.0000e+00      
# interval = seconds: 0.25
# start_time = Jun 10 2024 10:21:21 [Instrument's time stamp, header]
# bad_flag = -9.990e-29
*END*
[from data line 1446]
      4.706     -0.175     0.1073      0.988    137.288  96.707182     0.4749      8.055  -177.2117 9.3950e-01     3.8152      4.616      6.695    10.2153 0.0000e+00
      4.670     -0.146     0.1094      0.993    137.325  96.734500     0.4791      8.057  -176.2944 9.5406e-01     3.3527      4.579      6.642    10.2161 0.0000e+00
      4.639     -0.131     0.1058      0.979    137.342  96.748669     0.4735      8.058  -175.8087 9.6483e-01     2.5898      4.545      6.591    10.2167 0.0000e+00
      4.620     -0.138     0.1069      0.978    137.343  96.751218     0.4577      8.060  -175.5547 9.6641e-01     2.1745      4.527      6.565    10.2173 0.0000e+00
      4.606     -0.158     0.1124      0.993    137.360  96.765325     0.4466      8.062  -175.2886 9.8354e-01     2.1234      4.523      6.560    10.2180 0.0000e+00
      4.574     -0.176     0.1125      1.006    137.395  96.791960     0.4549      8.064  -175.0869 1.0241e+00     2.0407      4.501      6.529    10.2186 0.0000e+00
      4.508     -0.187     0.1092      1.002    137.430  96.818689     0.4662      8.064  -175.0083 1.0678e+00     1.8907      4.427      6.420    10.2193 0.0000e+00
      4.427     -0.188     0.1086      0.975    137.450  96.833934     0.4663      8.064  -174.9402 1.1100e+00     1.8132      4.332      6.283    10.2200 0.0000e+00
      4.363     -0.173     0.1120      0.947    137.469  96.848989     0.4729      8.064  -174.7803 1.1425e+00     1.7527      4.268      6.190    10.2207 0.0000e+00
      4.326     -0.143     0.1132      0.954    137.501  96.873434     0.4973      8.063  -174.1072 1.1480e+00     1.5014      4.237      6.145    10.2214 0.0000e+00
      4.305     -0.112     0.1138      0.979    137.500  96.874927     0.5110      8.061  -172.9962 1.1462e+00     1.1314      4.219      6.120    10.2222 0.0000e+00
      4.291     -0.099     0.1099      0.989    137.486  96.867048     0.4974      8.061  -172.5327 1.1579e+00     0.9689      4.204      6.097    10.2227 0.0000e+00
      4.286     -0.113     0.1041      0.998    137.538  96.905461     0.4900      8.061  -172.4611 1.1574e+00     1.0051      4.202      6.094    10.2233 0.0000e+00
      4.277     -0.143     0.1058      1.014    137.608  96.957525     0.4965      8.061  -172.3026 1.1628e+00     1.5010      4.205      6.099    10.2242 0.0000e+00
      4.240     -0.177     0.1118      1.026    137.648  96.987402     0.4935      8.061  -172.4236 1.2098e+00     2.4899      4.173      6.052    10.2249 0.0000e+00
      4.170     -0.204     0.1106      1.031    137.680  97.012132     0.4869      8.061  -172.5470 1.2798e+00     3.0554      4.093      5.937    10.2257 0.0000e+00
      4.086     -0.214     0.1113      1.029    137.663  97.001958     0.4832      8.060  -172.2456 1.3401e+00     3.1116      3.999      5.800    10.2264 0.0000e+00
      4.016     -0.200     0.1144      1.021    137.645  96.991681     0.4904      8.059  -171.7052 1.3796e+00     3.5794      3.933      5.704    10.2271 0.0000e+00
      3.961     -0.165     0.1148      1.015    137.675  97.015166     0.5077      8.058  -171.0899 1.4127e+00     4.5108      3.882      5.631    10.2278 0.0000e+00
      3.922     -0.128     0.1165      1.023    137.695  97.031331     0.5088      8.059  -170.3983 1.4380e+00     5.0470      3.834      5.560    10.2285 0.0000e+00
      3.911     -0.109     0.1154      1.033    137.733  97.059860     0.5033      8.060  -169.9675 1.4378e+00     5.1434      3.828      5.551    10.2292 0.0000e+00
      3.917     -0.119     0.1151      1.044    137.795  97.105530     0.5084      8.062  -170.0112 1.4242e+00     5.1634      3.846      5.578    10.2300 0.0000e+00
      3.912     -0.149     0.1129      1.069    137.838  97.138021     0.5043      8.063  -170.1529 1.4459e+00     5.2555      3.848      5.582    10.2308 0.0000e+00
      3.875     -0.184     0.1144      1.084    137.830  97.134497     0.4873      8.064  -170.0452 1.5172e+00     5.4711      3.817      5.536    10.2316 0.0000e+00
      3.800     -0.211     0.1170      1.081    137.815  97.126570     0.4767      8.064  -169.8277 1.6035e+00     5.5495      3.735      5.417    10.2324 0.0000e+00
      3.705     -0.217     0.1153      1.078    137.873  97.169470     0.4841      8.063  -169.7600 1.6798e+00     5.4520      3.629      5.263    10.2331 0.0000e+00
      3.621     -0.197     0.1210      1.068    137.924  97.207687     0.5025      8.062  -169.7431 1.7314e+00     4.9418      3.539      5.133    10.2339 0.0000e+00
      3.570     -0.160     0.1228      1.044    137.920  97.206780     0.5073      8.062  -169.5372 1.7491e+00     4.0610      3.486      5.057    10.2346 0.0000e+00
      3.553     -0.123     0.1206      1.024    137.938  97.222141     0.5007      8.063  -169.1642 1.7430e+00     3.5815      3.477      5.044    10.2354 0.0000e+00
      3.555     -0.105     0.1216      1.021    137.997  97.266138     0.5061      8.064  -168.9327 1.7380e+00     3.5845      3.487      5.057    10.2363 0.0000e+00
      3.556     -0.117     0.1206      1.025    138.032  97.293233     0.5222      8.065  -168.8890 1.7509e+00     4.0970      3.493      5.065    10.2371 0.0000e+00
      3.539     -0.152     0.1171      1.032    138.031  97.295183     0.5297      8.065  -168.7216 1.8002e+00     4.9946      3.482      5.050    10.2380 0.0000e+00
      3.493     -0.193     0.1136      1.041    138.019  97.289721     0.5211      8.066  -168.4573 1.8980e+00     5.4199      3.437      4.986    10.2388 0.0000e+00
      3.415     -0.219     0.1148      1.056    138.018  97.290851     0.5177      8.066  -168.0165 2.0210e+00     5.3452      3.355      4.865    10.2397 0.0000e+00
      3.325     -0.221     0.1147      1.073    138.040  97.308842     0.5223      8.066  -167.3500 2.1361e+00     4.5352      3.254      4.720    10.2406 0.0000e+00
      3.246     -0.197     0.1158      1.073    138.046  97.316322     0.5185      8.065  -166.6795 2.2274e+00     3.0394      3.173      4.602    10.2415 0.0000e+00
      3.196     -0.160     0.1168      1.060    138.044  97.317640     0.5131      8.063  -165.9310 2.2725e+00     2.2564      3.124      4.530    10.2424 0.0000e+00
      3.176     -0.127     0.1177      1.048    138.051  97.324794     0.5158      8.063  -165.1845 2.2677e+00     2.2408      3.108      4.508    10.2433 0.0000e+00
      3.175     -0.116     0.1217      1.041    138.067  97.339178     0.5256      8.064  -164.7081 2.2570e+00     2.2697      3.114      4.516    10.2441 0.0000e+00
      3.174     -0.132     0.1205      1.029    138.098  97.364271     0.5320      8.066  -164.3871 2.2800e+00     2.2982      3.119      4.523    10.2452 0.0000e+00
      3.153     -0.164     0.1190      1.013    138.108  97.373624     0.5268      8.066  -163.8846 2.3678e+00     2.2782      3.106      4.505    10.2462 0.0000e+00
      3.098     -0.194     0.1170      1.008    138.125  97.388621     0.5211      8.064  -163.1924 2.5271e+00     2.1994      3.050      4.424    10.2471 0.0000e+00
      3.014     -0.208     0.1173      1.017    138.163  97.418316     0.5459      8.061  -162.5571 2.7239e+00     1.9259      2.957      4.289    10.2481 0.0000e+00
      2.924     -0.198     0.1161      1.029    138.153  97.414443     0.5940      8.058  -161.8814 2.9083e+00     1.4654      2.860      4.148    10.2491 0.0000e+00
      2.859     -0.165     0.1124      1.034    138.136  97.405434     0.6205      8.056  -161.1321 3.0145e+00     1.2088      2.788      4.043    10.2503 0.0000e+00
      2.830     -0.121     0.1130      1.043    138.176  97.436689     0.6405      8.055  -160.7245 3.0339e+00     1.1802      2.766      4.011    10.2513 0.0000e+00
      2.829     -0.086     0.1133      1.042    138.225  97.474113     0.6783      8.055  -160.5668 3.0312e+00     1.2219      2.773      4.021    10.2524 0.0000e+00
      2.835     -0.079     0.1165      1.026    138.223  97.476055     0.7038      8.056  -160.2577 3.0390e+00     1.3031      2.780      4.032    10.2535 0.0000e+00
      2.837     -0.105     0.1149      1.031    138.196  97.460176     0.6981      8.057  -160.0845 3.0793e+00     1.3078      2.789      4.045    10.2545 0.0000e+00
      2.821     -0.153     0.1175      1.048    138.209  97.473071     0.6928      8.057  -160.1068 3.2095e+00     1.2783      2.779      4.030    10.2556 0.0000e+00
      2.772     -0.202     0.1189      1.065    138.249  97.504694     0.6976      8.055  -159.8398 3.4722e+00     1.2881      2.731      3.961    10.2567 0.0000e+00
      2.690     -0.245     0.1128      1.091    138.272  97.524314     0.6986      8.053  -159.2652 3.8548e+00     1.2898      2.645      3.838    10.2580 0.0000e+00
      2.593     -0.283     0.1159      1.126    138.260  97.519364     0.7126      8.053  -158.6653 4.2790e+00     1.3330      2.535      3.677    10.2592 0.0000e+00
      2.511     -0.311     0.1176      1.157    138.239  97.508504     0.7342      8.051  -158.1797 4.6596e+00     1.4349      2.449      3.554    10.2603 0.0000e+00
      2.452     -0.317     0.1190      1.169    138.251  97.520307     0.7342      8.047  -157.6095 5.0874e+00     1.4970      2.408      3.493    10.2616 0.0000e+00
      2.384     -0.297     0.1219      1.148    138.266  97.534777     0.7294      8.043  -156.9331 5.8717e+00     1.6744      2.355      3.415    10.2628 0.0000e+00
      2.286     -0.257     0.1264      1.111    138.291  97.556187     0.7433      8.037  -156.6263 7.0312e+00     2.0081      2.245      3.256    10.2641 0.0000e+00
      2.183     -0.215     0.1305      1.095    138.331  97.588229     0.7524      8.030  -156.6534 7.9500e+00     2.1851      2.124      3.079    10.2655 0.0000e+00
      2.122     -0.177     0.1326      1.083    138.348  97.603970     0.7480      8.025  -156.6588 8.1257e+00     2.3108      2.060      2.988    10.2668 0.0000e+00
      2.112     -0.142     0.1302      1.059    138.365  97.619230     0.7238      8.022  -156.6908 7.8885e+00     3.7324      2.064      2.995    10.2681 0.0000e+00
      2.121     -0.114     0.1222      1.054    138.396  97.645448     0.6922      8.020  -156.8683 7.8869e+00     6.3924      2.089      3.031    10.2694 0.0000e+00
      2.114     -0.106     0.1230      1.075    138.419  97.666389     0.6907      8.019  -157.1708 8.3705e+00     7.8971      2.083      3.021    10.2708 0.0000e+00
      2.080     -0.127     0.1227      1.098    138.434  97.681491     0.7060      8.019  -157.0789 9.1450e+00     7.9887      2.045      2.965    10.2723 0.0000e+00
      2.034     -0.171     0.1175      1.125    138.455  97.700770     0.7773      8.019  -155.9294 9.9648e+00     7.1245      1.994      2.892    10.2737 0.0000e+00
      1.985     -0.221     0.1166      1.172    138.459  97.708563     0.9030      8.020  -154.0270 1.0944e+01     5.4751      1.947      2.824    10.2751 0.0000e+00
      1.932     -0.264     0.1209      1.214    138.458  97.712083     0.9690      8.021  -151.8870 1.2403e+01     4.5113      1.900      2.757    10.2767 0.0000e+00
      1.862     -0.284     0.1233      1.219    138.495  97.743348     0.9851      8.016  -149.5858 1.4646e+01     4.3866      1.833      2.659    10.2784 0.0000e+00
      1.771     -0.275     0.1242      1.181    138.523  97.768357     1.2051      8.007  -147.8858 1.7953e+01     4.2402      1.743      2.528    10.2800 0.0000e+00
      1.667     -0.244     0.1320      1.131    138.503  97.759875     1.6320      7.998  -147.5930 2.1636e+01     3.9366      1.630      2.365    10.2816 0.0000e+00
      1.579     -0.200     0.1375      1.092    138.507  97.768090     1.8760      7.991  -148.0252 2.3793e+01     3.7899      1.527      2.215    10.2834 0.0000e+00
      1.538     -0.156     0.1389      1.057    138.550  97.804049     1.9086      7.986  -148.2072 2.3691e+01     3.9023      1.490      2.160    10.2851 0.0000e+00
      1.542     -0.124     0.1327      1.019    138.554  97.812782     1.7932      7.986  -148.0723 2.2812e+01     4.6122      1.510      2.191    10.2868 0.0000e+00
      1.555     -0.112     0.1260      0.982    138.542  97.810047     1.5376      7.988  -148.2873 2.3041e+01     5.7801      1.535      2.228    10.2889 0.0000e+00
      1.545     -0.130     0.1222      0.934    138.569  97.834632     1.3976      7.991  -149.1723 2.5247e+01     6.3405      1.530      2.219    10.2910 0.0000e+00
      1.500     -0.178     0.1188      0.848    138.589  97.855472     1.4245      7.995  -151.7178 2.8875e+01     6.2981      1.478      2.145    10.2930 0.0000e+00
      1.435     -0.242     0.1143      0.767    138.602  97.871089     1.7969      7.996  -155.8341 3.3265e+01     6.0193      1.406      2.039    10.2951 0.0000e+00
      1.363     -0.300     0.1091      0.708    138.628  97.896183     2.4788      7.996  -160.4816 3.9346e+01     5.6001      1.342      1.947    10.2973 0.0000e+00
      1.279     -0.330     0.1085      0.666    138.630  97.904298     2.8608      7.995  -169.0212 4.8126e+01     5.4655      1.262      1.829    10.2995 0.0000e+00
      1.179     -0.324     0.0935      0.662    138.621  97.905576     2.9198      7.992  -180.8753 5.9723e+01     5.5872      1.161      1.683    10.3017 0.0000e+00
      1.067     -0.288     0.0845      0.684    138.618  97.911643     3.0424      7.990  -191.6994 7.3238e+01     6.2866      1.046      1.517    10.3041 0.0000e+00
      0.967     -0.234     0.0799      0.719    138.610  97.914018     3.2525      7.990  -201.8105 8.3494e+01     7.6020      0.929      1.347    10.3066 0.0000e+00
      0.911     -0.173     0.0718      0.780    138.627  97.934303     3.3710      7.991  -209.9471 8.5708e+01     8.3398      0.873      1.267    10.3091 0.0000e+00
      0.903     -0.115     0.0736      0.872    138.660  97.965973     3.3777      7.993  -213.4174 8.2958e+01     8.3412      0.880      1.276    10.3117 0.0000e+00
      0.915     -0.070     0.0764      0.944    138.666  97.978718     3.3663      7.998  -213.0534 8.1938e+01     8.1991      0.902      1.308    10.3144 0.0000e+00
      0.919     -0.050     0.0798      0.974    138.629  97.961106     3.3750      8.003  -212.0851 8.5945e+01     7.6812      0.909      1.318    10.3174 0.0000e+00
      0.906     -0.061     0.0845      0.977    138.591  97.943980     3.4084      8.006  -212.2068 9.1836e+01     6.8617      0.891      1.293    10.3203 0.0000e+00
      0.883     -0.100     0.0995      0.952    138.604  97.962610     3.4287      8.010  -213.0621 9.6199e+01     6.4543      0.866      1.256    10.3233 0.0000e+00
      0.858     -0.155     0.1079      0.909    138.636  97.995432     3.4530      8.015  -214.6828 1.0188e+02     6.4792      0.843      1.222    10.3265 0.0000e+00
      0.825     -0.217     0.1093      0.874    138.660  98.022610     3.6859      8.020  -215.7994 1.1409e+02     7.1286      0.817      1.186    10.3296 0.0000e+00
      0.771     -0.273     0.1111      0.860    138.665  98.036652     4.0974      8.025  -216.0663 1.3586e+02     8.3280      0.766      1.111    10.3330 0.0000e+00
      0.688     -0.308     0.1072      0.845    138.650  98.037938     4.3086      8.027  -216.3607 1.6971e+02     8.9232      0.684      0.992    10.3365 0.0000e+00
      0.578     -0.308     0.1019      0.826    138.634  98.038178     4.3253      8.030  -215.8313 2.2025e+02     8.9279      0.575      0.834    10.3401 0.0000e+00
      0.454     -0.274     0.0957      0.835    138.619  98.039554     4.4154      8.034  -214.5689 2.7079e+02     9.3070      0.436      0.632    10.3438 0.0000e+00
      0.356     -0.215     0.0969      0.861    138.623  98.054598     4.5828      8.039  -213.0566 2.9113e+02    10.1246      0.323      0.470    10.3478 0.0000e+00
      0.317     -0.145     0.0953      0.871    138.658  98.092786     4.6680      8.048  -211.0547 2.8469e+02    10.6158      0.293      0.425    10.3520 0.0000e+00
      0.326     -0.080     0.0907      0.878    138.677  98.119401     4.6798      8.056  -208.7769 2.7080e+02    10.6343      0.316      0.458    10.3561 0.0000e+00
