Data/DataNotYetUploadedToEDI/Raw_CTD/RawDownloads/061024_fcr40_S7809006.cnv
* Sea-Bird SBE19plus  Data File:
* FileName = C:\R\Reservoirs\Data\DataNotYetUploadedToEDI\Raw_CTD\RawDownloads\061024_bvr50_S7809_0006.hex
* Software version 2.8.0.119
* Temperature SN = 7809
* Conductivity SN = 7809
* System UpLoad Time = Jun 11 2024 14:40:07
* <ApplicationData>
* <Seaterm232>
# nquan = 15
# nvalues = 1018                        
# units = specified
# name 0 = depFM: Depth [fresh water, m]
# name 1 = dz/dtM: Descent Rate [m/s]
# name 2 = sbeox0Mg/L: Oxygen, SBE 43 [mg/l]
# name 3 = sbeox0PS: Oxygen, SBE 43 [% saturation]
# name 4 = specc: Specific Conductance [uS/cm]
# name 5 = c0uS/cm: Conductivity [uS/cm]
# name 6 = flECO-AFL: Fluorescence, WET Labs ECO-AFL/FL [mg/m^3]
# name 7 = ph: pH
# name 8 = orp: Oxidation Reduction Potential [mV]
# name 9 = par/sat/log: PAR/Logarithmic, Satlantic
# name 10 = turbWETntu0: Turbidity, WET Labs ECO [NTU]
# name 11 = prdM: Pressure, Strain Gauge [db]
# name 12 = prdE: Pressure, Strain Gauge [psi]
# name 13 = tv290C: Temperature [ITS-90, deg C]
# name 14 = flag:  0.000e+00
# span 0 =     -0.727,      5.828       
# span 1 =     -0.299,      0.152       
# span 2 =     1.7586,     9.6949       
# span 3 =     16.505,    113.552       
# span 4 =      1.420,     47.078       
# span 5 =   1.271309,  38.851897       
# span 6 =    -0.1538,     6.7837       
# span 7 =      5.199,      9.106       
# span 8 =  -129.1891,   308.4553       
# span 9 = 1.2381e-01, 2.5352e+02       
# span 10 =     1.1710,   528.1342      
# span 11 =     -0.713,      5.715      
# span 12 =     -1.034,      8.289      
# span 13 =    11.3331,    24.2189      
# span 14 = 0.0000e+00, 0.0000e+00      
# interval = seconds: 0.25
# start_time = Jun 10 2024 13:35:55 [Instrument's time stamp, header]
# bad_flag = -9.990e-29
*END*
[from data line 868]
      1.475     -0.055     7.3868     83.577     40.420  37.178846     4.2876      8.040   252.7181 3.0558e+01     7.4590      1.437      2.085    20.7540 0.0000e+00
      1.473     -0.034     7.4271     83.819     40.351  37.224265     4.3991      8.039   252.2384 3.0279e+01     7.5042      1.441      2.089    20.7574 0.0000e+00
      1.485     -0.020     7.4449     84.139     40.239  37.204161     4.4233      8.038   251.6545 2.9886e+01     7.5515      1.456      2.112    20.7868 0.0000e+00
      1.500     -0.024     7.4538     84.518     40.182  37.189698     4.4217      8.038   251.2510 2.9592e+01     7.5864      1.473      2.137    20.8474 0.0000e+00
      1.506     -0.048     7.4525     84.946     40.292  37.303264     4.3877      8.039   250.8872 2.9713e+01     7.5508      1.484      2.153    20.9789 0.0000e+00
      1.493     -0.084     7.4475     85.371     40.408  37.435112     4.3532      8.040   250.0957 3.0428e+01     7.4978      1.471      2.135    21.1347 0.0000e+00
      1.458     -0.121     7.4638     85.720     40.448  37.514802     4.3551      8.041   248.8221 3.1596e+01     7.5263      1.435      2.082    21.2446 0.0000e+00
      1.409     -0.146     7.4883     85.960     40.456  37.568842     4.3858      8.042   247.7061 3.2893e+01     7.6218      1.383      2.005    21.2906 0.0000e+00
      1.358     -0.149     7.5313     86.096     40.478  37.644388     4.5498      8.042   246.9265 3.4128e+01     7.6957      1.330      1.928    21.2732 0.0000e+00
      1.308     -0.130     7.5685     86.248     40.638  37.857191     4.8398      8.043   245.8488 3.5439e+01     7.7711      1.283      1.861    21.3022 0.0000e+00
      1.264     -0.096     7.5868     86.473     40.757  38.047862     4.9948      8.044   244.1404 3.6463e+01     7.8166      1.231      1.786    21.3765 0.0000e+00
      1.241     -0.059     7.6058     86.758     40.714  38.109668     5.0181      8.045   242.1877 3.6519e+01     7.8351      1.204      1.747    21.4179 0.0000e+00
      1.246     -0.024     7.5991     87.135     40.664  38.160424     5.0623      8.046   240.5649 3.6017e+01     7.8578      1.219      1.769    21.4928 0.0000e+00
      1.261      0.002     7.5990     87.539     40.621  38.217493     5.1129      8.047   239.4894 3.5667e+01     7.7836      1.241      1.800    21.5703 0.0000e+00
      1.271      0.015     7.6118     87.944     40.506  38.228691     5.1309      8.048   238.1324 3.5529e+01     7.7233      1.249      1.813    21.6513 0.0000e+00
      1.275      0.009     7.6072     88.436     40.320  38.169073     5.1300      8.048   236.2027 3.5442e+01     7.7439      1.251      1.814    21.8057 0.0000e+00
      1.279     -0.012     7.6292     89.046     40.151  38.067947     5.1854      8.049   234.7422 3.5294e+01     7.5887      1.253      1.817    21.9236 0.0000e+00
      1.281     -0.039     7.6521     89.752     40.050  37.957931     5.3017      8.051   234.0691 3.5289e+01     7.2816      1.259      1.826    22.0150 0.0000e+00
      1.272     -0.066     7.6573     90.509     39.983  37.854154     5.3622      8.054   233.3984 3.5760e+01     7.1060      1.255      1.820    22.1824 0.0000e+00
      1.247     -0.091     7.6753     91.248     39.891  37.764961     5.3602      8.058   232.3972 3.6614e+01     7.0707      1.228      1.781    22.3561 0.0000e+00
      1.212     -0.112     7.7156     91.887     39.768  37.704426     5.4357      8.063   231.6859 3.7554e+01     7.0254      1.188      1.723    22.4408 0.0000e+00
      1.175     -0.123     7.7854     92.435     39.672  37.693413     5.6001      8.066   230.9064 3.8573e+01     6.9337      1.153      1.672    22.3975 0.0000e+00
      1.139     -0.121     7.8657     92.971     39.600  37.695379     5.7088      8.069   229.4257 3.9647e+01     6.8502      1.117      1.621    22.3070 0.0000e+00
      1.102     -0.106     7.9357     93.608     39.510  37.664841     5.7178      8.072   227.8936 4.0579e+01     6.8012      1.078      1.564    22.3001 0.0000e+00
      1.071     -0.083     7.9762     94.422     39.421  37.641528     5.6499      8.076   226.5778 4.1224e+01     6.7515      1.045      1.516    22.3889 0.0000e+00
      1.051     -0.058     8.0029     95.357     39.371  37.667416     5.5540      8.078   225.2183 4.1458e+01     6.6929      1.026      1.488    22.5094 0.0000e+00
      1.045     -0.034     8.0325     96.349     39.369  37.724135     5.5066      8.079   223.8448 4.1304e+01     6.6731      1.022      1.482    22.6002 0.0000e+00
      1.048     -0.014     8.0736     97.327     39.381  37.756304     5.4935      8.081   222.4474 4.1065e+01     6.6828      1.028      1.490    22.6546 0.0000e+00
      1.052     -0.001     8.1379     98.171     39.375  37.739117     5.4710      8.083   221.0565 4.0889e+01     6.6394      1.033      1.498    22.7272 0.0000e+00
      1.055      0.003     8.2021     98.815     39.366  37.706676     5.3918      8.085   219.8471 4.0704e+01     6.5251      1.035      1.501    22.8379 0.0000e+00
      1.056     -0.001     8.2736     99.209     39.359  37.681308     5.2765      8.087   218.8374 4.0603e+01     6.4275      1.037      1.503    22.9290 0.0000e+00
      1.055     -0.012     8.3617     99.329     39.367  37.686188     5.2180      8.090   217.8825 4.0613e+01     6.3814      1.036      1.503    22.9450 0.0000e+00
      1.054     -0.032     8.4380     99.216     39.387  37.702221     5.2168      8.092   216.9920 4.0607e+01     6.3774      1.034      1.500    22.9211 0.0000e+00
      1.051     -0.057     8.5008     98.932     39.389  37.684793     5.2543      8.095   216.2438 4.0722e+01     6.4140      1.033      1.498    22.8881 0.0000e+00
      1.039     -0.083     8.5420     98.549     39.398  37.665808     5.3211      8.099   215.6334 4.1373e+01     6.4477      1.025      1.488    22.8511 0.0000e+00
      1.013     -0.102     8.5488     98.143     39.417  37.663002     5.3679      8.104   215.1186 4.2693e+01     6.4772      1.000      1.449    22.8600 0.0000e+00
      0.972     -0.111     8.5357     97.782     39.413  37.650833     5.3950      8.108   214.4929 4.4501e+01     6.4638      0.956      1.387    22.8700 0.0000e+00
      0.926     -0.107     8.5152     97.495     39.402  37.645573     5.5072      8.111   213.5748 4.6329e+01     6.3884      0.905      1.312    22.8327 0.0000e+00
      0.888     -0.091     8.4869     97.279     39.401  37.662865     5.7011      8.113   212.5362 4.7433e+01     6.3513      0.862      1.250    22.7905 0.0000e+00
      0.869     -0.065     8.4535     97.148     39.376  37.669578     5.8076      8.116   211.7429 4.7711e+01     6.3900      0.847      1.228    22.7635 0.0000e+00
      0.865     -0.034     8.4238     97.147     39.320  37.663321     5.8219      8.117   211.2966 4.7740e+01     6.4473      0.848      1.230    22.7524 0.0000e+00
      0.866     -0.005     8.3981     97.327     39.242  37.650734     5.7653      8.117   211.0121 4.7757e+01     6.4971      0.849      1.232    22.7600 0.0000e+00
      0.869      0.015     8.3758     97.719     39.170  37.644398     5.6479      8.118   210.7119 4.7591e+01     6.5484      0.850      1.233    22.7841 0.0000e+00
      0.878      0.027     8.3567     98.303     39.125  37.650251     5.5838      8.119   210.4203 4.7216e+01     6.5899      0.859      1.246    22.8195 0.0000e+00
      0.889      0.033     8.3458     98.984     39.101  37.658112     5.5648      8.120   210.3254 4.6744e+01     6.6220      0.872      1.266    22.8794 0.0000e+00
      0.899      0.034     8.3461     99.674     39.101  37.676040     5.5019      8.121   210.2532 4.6233e+01     6.5956      0.881      1.278    22.9667 0.0000e+00
      0.909      0.027     8.3662    100.324     39.091  37.676671     5.3888      8.122   209.8912 4.5740e+01     6.4754      0.891      1.291    23.0534 0.0000e+00
      0.919      0.010     8.4097    100.892     39.069  37.665757     5.3129      8.125   209.3047 4.5290e+01     6.3644      0.901      1.307    23.1183 0.0000e+00
      0.926     -0.014     8.4647    101.355     39.069  37.671004     5.3006      8.129   208.7540 4.5031e+01     6.3127      0.910      1.319    23.1569 0.0000e+00
      0.926     -0.042     8.5217    101.733     39.079  37.676669     5.3065      8.134   208.3086 4.5356e+01     6.2945      0.915      1.326    23.1734 0.0000e+00
      0.910     -0.070     8.5769    102.016     39.090  37.670794     5.4084      8.139   207.7912 4.6356e+01     6.3489      0.898      1.303    23.1851 0.0000e+00
      0.880     -0.093     8.6248    102.200     39.105  37.663402     5.6008      8.145   207.4027 4.7601e+01     6.3903      0.863      1.252    23.1989 0.0000e+00
      0.844     -0.103     8.6603    102.346     39.106  37.650714     5.6938      8.150   207.3110 4.8918e+01     6.3501      0.828      1.201    23.2103 0.0000e+00
      0.809     -0.097     8.6936    102.451     39.098  37.644274     5.6832      8.154   207.2855 5.0459e+01     6.3409      0.792      1.150    23.2080 0.0000e+00
      0.776     -0.077     8.7239    102.476     39.102  37.648990     5.6304      8.155   207.1798 5.1841e+01     6.3821      0.756      1.097    23.1819 0.0000e+00
      0.754     -0.047     8.7412    102.458     39.119  37.644287     5.5470      8.156   206.8931 5.2451e+01     6.4386      0.734      1.063    23.1462 0.0000e+00
      0.748     -0.021     8.7574    102.383     39.166  37.650836     5.4983      8.157   206.4001 5.2214e+01     6.4427      0.729      1.058    23.1262 0.0000e+00
      0.757     -0.009     8.7690    102.204     39.200  37.664664     5.4745      8.158   205.6934 5.1518e+01     6.3638      0.739      1.072    23.1327 0.0000e+00
      0.774     -0.014     8.7640    101.917     39.212  37.684530     5.4180      8.160   205.0590 5.0719e+01     6.3053      0.759      1.100    23.1510 0.0000e+00
      0.786     -0.034     8.7682    101.529     39.213  37.700686     5.3398      8.165   204.9243 5.0363e+01     6.3489      0.778      1.128    23.1244 0.0000e+00
      0.780     -0.059     8.7775    101.108     39.178  37.669669     5.3107      8.169   205.0111 5.1216e+01     6.4474      0.774      1.124    23.0454 0.0000e+00
      0.749     -0.081     8.7653    100.768     39.145  37.626788     5.3247      8.171   204.9899 5.3156e+01     6.4371      0.741      1.074    23.0190 0.0000e+00
      0.703     -0.091     8.7372    100.586     39.162  37.626385     5.3749      8.175   204.9263 5.5206e+01     6.3274      0.688      0.998    23.0474 0.0000e+00
      0.661     -0.087     8.6975    100.540     39.218  37.664771     5.4773      8.180   204.7580 5.6558e+01     6.2822      0.640      0.928    23.0710 0.0000e+00
      0.637     -0.069     8.6564    100.552     39.271  37.710163     5.5470      8.184   204.5049 5.7143e+01     6.3343      0.619      0.897    23.0775 0.0000e+00
      0.631     -0.043     8.6277    100.604     39.287  37.731023     5.5613      8.189   204.3613 5.7254e+01     6.4106      0.617      0.895    23.0581 0.0000e+00
      0.634     -0.016     8.6165    100.659     39.275  37.726628     5.6001      8.193   204.3980 5.7247e+01     6.4188      0.622      0.902    23.0332 0.0000e+00
      0.637      0.004     8.6210    100.652     39.270  37.720493     5.6664      8.195   204.5189 5.7251e+01     6.3654      0.626      0.908    23.0100 0.0000e+00
      0.640      0.012     8.6224    100.615     39.290  37.720288     5.7046      8.196   204.4454 5.7048e+01     6.3794      0.627      0.909    23.0015 0.0000e+00
      0.645      0.006     8.6252    100.545     39.326  37.724123     5.7127      8.198   204.1114 5.6651e+01     6.4521      0.631      0.915    23.0125 0.0000e+00
      0.652     -0.015     8.6329    100.339     39.319  37.703365     5.6976      8.201   203.9225 5.6045e+01     6.4243      0.639      0.927    23.0260 0.0000e+00
      0.657     -0.050     8.6275     99.981     39.263  37.659647     5.5884      8.204   203.7962 5.5611e+01     6.3506      0.647      0.938    23.0339 0.0000e+00
      0.653     -0.097     8.6278     99.571     39.219  37.639732     5.4076      8.208   203.4442 5.6369e+01     6.3468      0.649      0.942    23.0053 0.0000e+00
      0.628     -0.147     8.6377     99.223     39.209  37.652978     5.3179      8.213   203.1949 5.8895e+01     6.3785      0.628      0.911    22.9477 0.0000e+00
      0.575     -0.189     8.6234     99.042     39.224  37.692930     5.3204      8.217   203.2767 6.2812e+01     6.4268      0.571      0.828    22.9256 0.0000e+00
      0.502     -0.212     8.5851     99.122     39.234  37.742099     5.2873      8.217   203.5735 6.7513e+01     6.4532      0.493      0.714    22.9485 0.0000e+00
      0.423     -0.209     8.5406     99.465     39.235  37.803342     5.2010      8.215   203.8575 7.2848e+01     6.4238      0.414      0.600    22.9836 0.0000e+00
      0.353     -0.179     8.5039    100.005     39.220  37.862399     5.1423      8.213   203.9572 7.7429e+01     6.3788      0.339      0.491    23.0098 0.0000e+00
      0.304     -0.129     8.4803    100.725     39.171  37.885157     5.1436      8.213   203.9182 7.9305e+01     6.3863      0.285      0.413    23.0358 0.0000e+00
      0.285     -0.072     8.4793    101.544     39.122  37.888241     5.2170      8.213   203.8166 7.8900e+01     6.4133      0.271      0.394    23.0816 0.0000e+00
      0.288     -0.019     8.5009    102.317     39.101  37.899762     5.3296      8.215   203.5886 7.8010e+01     6.3968      0.280      0.406    23.1602 0.0000e+00
      0.300      0.021     8.5273    102.971     39.081  37.897582     5.3738      8.218   203.1412 7.7107e+01     6.3587      0.292      0.426    23.2674 0.0000e+00
      0.316      0.041     8.5761    103.484     39.038  37.861911     5.3523      8.221   202.7088 7.5607e+01     6.3278      0.308      0.448    23.3635 0.0000e+00
      0.336      0.043     8.6418    103.842     39.027  37.849210     5.2524      8.225   202.4904 7.3852e+01     6.3649      0.331      0.479    23.4263 0.0000e+00
      0.353      0.034     8.7026    104.062     39.057  37.870921     5.0818      8.229   202.3071 7.2475e+01     6.4309      0.349      0.507    23.4636 0.0000e+00
      0.362      0.020     8.7552    104.203     39.065  37.870591     4.9789      8.233   202.1280 7.1882e+01     6.4093      0.358      0.519    23.4852 0.0000e+00
      0.361      0.005     8.7979    104.248     39.054  37.845201     4.9574      8.237   201.9600 7.2087e+01     6.3084      0.356      0.516    23.4927 0.0000e+00
      0.354     -0.012     8.8299    104.121     39.053  37.817742     5.0044      8.240   201.5664 7.2471e+01     6.2019      0.347      0.504    23.4859 0.0000e+00
      0.348     -0.031     8.8464    103.802     39.059  37.792369     5.1141      8.244   200.9824 7.3002e+01     6.1804      0.340      0.494    23.4762 0.0000e+00
      0.343     -0.050     8.8611    103.406     39.077  37.792196     5.1861      8.247   200.4905 7.3763e+01     6.2192      0.337      0.488    23.4672 0.0000e+00
      0.335     -0.064     8.8701    103.061     39.098  37.815622     5.2001      8.249   200.1794 7.5322e+01     6.1928      0.333      0.483    23.4535 0.0000e+00
      0.316     -0.071     8.8667    102.815     39.093  37.821798     5.1929      8.254   200.2327 7.8478e+01     6.1338      0.317      0.459    23.4194 0.0000e+00
      0.283     -0.069     8.8448    102.720     39.069  37.803433     5.2147      8.257   200.7044 8.2192e+01     6.1895      0.278      0.403    23.3641 0.0000e+00
      0.251     -0.055     8.8089    102.764     39.054  37.783944     5.2971      8.258   201.2369 8.4843e+01     6.3538      0.240      0.348    23.3370 0.0000e+00
      0.232     -0.031     8.7795    102.886     39.056  37.776518     5.3654      8.256   201.4233 8.6175e+01     6.4458      0.223      0.322    23.3517 0.0000e+00
