Data/DataNotYetUploadedToEDI/Raw_CTD/RawDownloads/061024_fcr50_S7809002.cnv
* Sea-Bird SBE19plus  Data File:
* FileName = C:\R\Reservoirs\Data\DataNotYetUploadedToEDI\Raw_CTD\RawDownloads\061024_bvr50_S7809_0002.hex
* Software version 2.8.0.119
* Temperature SN = 7809
* Conductivity SN = 7809
* System UpLoad Time = Jun 11 2024 14:38:34
* <ApplicationData>
* <Seaterm232>
# nquan = 15
# nvalues = 1840                        
# units = specified
# name 0 = depFM: Depth [fresh water, m]
# name 1 = dz/dtM: Descent Rate [m/s]
# name 2 = sbeox0Mg/L: Oxygen, SBE 43 [mg/l]
# name 3 = sbeox0PS: Oxygen, SBE 43 [% saturation]
# name 4 = specc: Specific Conductance [uS/cm]
# name 5 = c0uS/cm: Conductivity [uS/cm]
# name 6 = flECO-AFL: Fluorescence, WET Labs ECO-AFL/FL [mg/m^3]
# name 7 = ph: pH
# name 8 = orp: Oxidation Reduction Potential [mV]
# name 9 = par/sat/log: PAR/Logarithmic, Satlantic
# name 10 = turbWETntu0: Turbidity, WET Labs ECO [NTU]
# name 11 = prdM: Pressure, Strain Gauge [db]
# name 12 = prdE: Pressure, Strain Gauge [psi]
# name 13 = tv290C: Temperature [ITS-90, deg C]
# name 14 = flag:  0.000e+00
# span 0 =     -0.732,      9.036       
# span 1 =     -0.498,      0.648       
# span 2 =     2.9649,     9.3371       
# span 3 =     28.465,    110.047       
# span 4 =      0.915,     46.966       
# span 5 =   0.901242,  38.879407       
# span 6 =    -0.0954,     6.5357       
# span 7 =     -2.098,      9.141       
# span 8 = -1240.7455,   278.6208       
# span 9 = 1.2349e-01, 3.8697e+02       
# span 10 =     0.7456,    88.7152      
# span 11 =     -0.718,      8.862      
# span 12 =     -1.042,     12.853      
# span 13 =    11.3266,    24.2965      
# span 14 = 0.0000e+00, 0.0000e+00      
# interval = seconds: 0.25
# start_time = Jun 10 2024 12:36:00 [Instrument's time stamp, header]
# bad_flag = -9.990e-29
*END*
[from data line 1639]
      9.034      0.000     7.2462     66.190     46.893  34.093774     1.1739      7.617   272.3715 1.2369e-01    26.8514      8.859     12.849    11.3476 0.0000e+00
      9.034      0.000     7.2406     66.169     46.893  34.092517     1.1952      7.617   272.0044 1.2372e-01    27.0232      8.860     12.850    11.3504 0.0000e+00
      9.035      0.001     7.2404     66.152     46.899  34.097405     1.2165      7.616   271.8332 1.2374e-01    27.1499      8.860     12.850    11.3511 0.0000e+00
      9.035      0.001     7.2409     66.145     46.887  34.089429     1.2231      7.616   272.6241 1.2372e-01    27.1539      8.860     12.850    11.3506 0.0000e+00
      9.035      0.001     7.2399     66.143     46.845  34.059531     1.2169      7.616   273.2216 1.2364e-01    27.1062      8.860     12.850    11.3492 0.0000e+00
      9.035      0.000     7.2371     66.157     46.834  34.053139     1.2079      7.615   273.2921 1.2366e-01    27.0854      8.860     12.851    11.3481 0.0000e+00
      9.035 1.8614e-08     7.2344     66.190     46.863  34.075596     1.2140      7.614   273.2182 1.2376e-01    27.1082      8.861     12.851    11.3488 0.0000e+00
      9.035 2.0475e-07     7.2349     66.230     46.864  34.077268     1.2082      7.613   272.7582 1.2378e-01    27.1075      8.860     12.851    11.3497 0.0000e+00
      9.035 2.0475e-07     7.2333     66.271     46.859  34.073363     1.1870      7.613   272.3770 1.2374e-01    27.0774      8.860     12.851    11.3504 0.0000e+00
      9.035 1.8614e-08     7.2343     66.298     46.886  34.091819     1.1663      7.613   272.5661 1.2375e-01    27.4267      8.860     12.851    11.3521 0.0000e+00
      9.035 1.6921e-09     7.2387     66.314     46.912  34.110077     1.1489      7.612   272.9798 1.2377e-01    28.1878      8.861     12.851    11.3546 0.0000e+00
      9.035 1.5383e-10     7.2423     66.336     46.902  34.103782     1.1514      7.612   273.1630 1.2374e-01    28.6628      8.861     12.851    11.3558 0.0000e+00
      9.036 1.3985e-11     7.2478     66.339     46.866  34.079151     1.1558      7.612   273.3195 1.2370e-01    28.6953      8.861     12.852    11.3549 0.0000e+00
      9.036 1.2713e-12     7.2518     66.319     46.847  34.066057     1.1597      7.612   273.4949 1.2368e-01    28.5131      8.861     12.852    11.3533 0.0000e+00
      9.036 1.1557e-13     7.2506     66.299     46.857  34.072353     1.1742      7.612   272.8745 1.2363e-01    28.2694      8.861     12.852    11.3522 0.0000e+00
      9.035 1.0483e-14     7.2561     66.289     46.884  34.091831     1.1893      7.611   271.7549 1.2351e-01    28.2078      8.861     12.851    11.3538 0.0000e+00
      9.035 6.9658e-16     7.2554     66.296     46.910  34.111223     1.2085      7.611   271.4018 1.2350e-01    28.3157      8.861     12.851    11.3560 0.0000e+00
      9.035 -2.757e-15     7.2521     66.293     46.918  34.116480     1.1985      7.611   271.8744 1.2360e-01    28.6518      8.861     12.852    11.3556 0.0000e+00
      9.035 -3.128e-14     7.2506     66.272     46.886  34.091944     1.1525      7.611   272.5646 1.2365e-01    29.1968      8.861     12.851    11.3548 0.0000e+00
      9.035 -3.442e-13     7.2476     66.259     46.854  34.068344     1.1340      7.610   272.8640 1.2366e-01    29.5422      8.860     12.851    11.3555 0.0000e+00
      9.035 -3.786e-12     7.2507     66.259     46.877  34.084920     1.1500      7.608   272.1392 1.2367e-01    29.5837      8.861     12.851    11.3560 0.0000e+00
      9.035 -4.164e-11     7.2508     66.264     46.900  34.102024     1.1709      7.608   270.8564 1.2365e-01    28.7067      8.861     12.852    11.3552 0.0000e+00
      9.035 -4.581e-10     7.2468     66.286     46.876  34.084806     1.1866      7.608   270.4309 1.2365e-01    26.9318      8.861     12.851    11.3535 0.0000e+00
      9.036 -5.039e-09     7.2456     66.305     46.851  34.067086     1.1907      7.608   270.6947 1.2370e-01    25.8869      8.861     12.852    11.3530 0.0000e+00
      9.036 -5.543e-08     7.2467     66.298     46.866  34.078111     1.1958      7.608   271.0347 1.2374e-01    25.7742      8.861     12.852    11.3533 0.0000e+00
      9.036 -6.097e-07     7.2455     66.285     46.883  34.091216     1.2058      7.607   271.3581 1.2372e-01    25.2626      8.861     12.852    11.3527 0.0000e+00
      9.036     -0.000     7.2494     66.295     46.891  34.098647     1.2123      7.606   271.0769 1.2363e-01    24.1754      8.861     12.852    11.3531 0.0000e+00
      9.036     -0.000     7.2527     66.325     46.897  34.104519     1.2082      7.606   270.4745 1.2360e-01    23.5256      8.862     12.853    11.3542 0.0000e+00
      9.036     -0.001     7.2507     66.342     46.890  34.098765     1.1969      7.605   270.2701 1.2364e-01    23.4181      8.861     12.852    11.3551 0.0000e+00
      9.036     -0.004     7.2475     66.345     46.883  34.092525     1.1924      7.605   270.5842 1.2365e-01    23.4226      8.861     12.852    11.3551 0.0000e+00
      9.036     -0.011     7.2482     66.334     46.884  34.092515     1.1876      7.604   271.3470 1.2369e-01    23.6824      8.861     12.852    11.3562 0.0000e+00
      9.035     -0.020     7.2541     66.316     46.892  34.098642     1.1718      7.604   272.2660 1.2375e-01    24.1338      8.861     12.852    11.3588 0.0000e+00
      9.032     -0.031     7.2544     66.325     46.896  34.103158     1.1514      7.604   272.5746 1.2372e-01    24.3710      8.860     12.850    11.3585 0.0000e+00
      9.023     -0.049     7.2558     66.342     46.866  34.083672     1.1324      7.603   271.8950 1.2367e-01    24.2958      8.852     12.840    11.3563 0.0000e+00
      9.006     -0.081     7.2556     66.335     46.822  34.053377     1.0579      7.601   271.1041 1.2370e-01    23.2583      8.832     12.810    11.3542 0.0000e+00
      8.989     -0.129     7.2497     66.314     46.822  34.054103     0.9338      7.598   270.9278 1.2373e-01    21.3241      8.813     12.782    11.3555 0.0000e+00
      8.969     -0.185     7.2523     66.311     46.870  34.092462     0.8636      7.597   271.0538 1.2375e-01    20.2093      8.803     12.768    11.3581 0.0000e+00
      8.927     -0.241     7.2559     66.341     46.914  34.136492     0.8414      7.597   271.5088 1.2378e-01    20.0615      8.772     12.722    11.3598 0.0000e+00
      8.847     -0.292     7.2534     66.392     46.903  34.142361     0.8324      7.596   272.1270 1.2371e-01    19.9124      8.687     12.600    11.3643 0.0000e+00
      8.740     -0.336     7.2498     66.434     46.834  34.099991     0.8379      7.595   272.0764 1.2364e-01    19.6362      8.570     12.430    11.3623 0.0000e+00
      8.633     -0.362     7.2489     66.447     46.794  34.068336     0.8495      7.595   271.5850 1.2367e-01    19.4551      8.461     12.271    11.3617 0.0000e+00
      8.536     -0.362     7.2502     66.438     46.818  34.076856     0.8561      7.595   271.2610 1.2366e-01    19.3617      8.372     12.143    11.3777 0.0000e+00
      8.441     -0.337     7.2539     66.429     46.827  34.076110     0.8672      7.595   271.0845 1.2361e-01    18.8496      8.279     12.007    11.3965 0.0000e+00
      8.350     -0.298     7.2582     66.431     46.812  34.059298     0.8930      7.595   271.0003 1.2361e-01    17.9768      8.182     11.867    11.4059 0.0000e+00
      8.275     -0.260     7.2596     66.427     46.826  34.063919     0.9095      7.593   271.3611 1.2365e-01    17.5193      8.108     11.759    11.4022 0.0000e+00
      8.219     -0.227     7.2597     66.402     46.839  34.068543     0.9170      7.592   272.0913 1.2369e-01    17.4517      8.055     11.682    11.3891 0.0000e+00
      8.179     -0.193     7.2596     66.368     46.819  34.051751     0.9176      7.592   272.4301 1.2372e-01    17.3641      8.019     11.630    11.3803 0.0000e+00
      8.142     -0.159     7.2612     66.343     46.820  34.051222     0.9170      7.592   272.4460 1.2372e-01    17.2793      7.990     11.586    11.3769 0.0000e+00
      8.099     -0.128     7.2631     66.353     46.839  34.062142     0.9264      7.592   272.4558 1.2370e-01    17.2811      7.945     11.523    11.3701 0.0000e+00
      8.056     -0.101     7.2602     66.380     46.839  34.056894     0.9311      7.592   272.2898 1.2371e-01    17.3174      7.891     11.446    11.3636 0.0000e+00
      8.032     -0.072     7.2566     66.392     46.839  34.051214     0.9158      7.591   271.9877 1.2374e-01    17.2740      7.867     11.411    11.3629 0.0000e+00
      8.027     -0.040     7.2520     66.405     46.854  34.056897     0.9077      7.591   271.8149 1.2374e-01    17.1324      7.874     11.419    11.3626 0.0000e+00
      8.023     -0.015     7.2542     66.413     46.868  34.062154     0.9409      7.590   271.9222 1.2374e-01    17.0059      7.870     11.413    11.3590 0.0000e+00
      8.023     -0.016     7.2616     66.384     46.857  34.051328     0.9766      7.589   272.6825 1.2376e-01    17.0084      7.860     11.400    11.3524 0.0000e+00
      8.038     -0.051     7.2609     66.322     46.859  34.052897     0.9723      7.587   274.2099 1.2379e-01    17.0257      7.878     11.427    11.3463 0.0000e+00
      8.055     -0.106     7.2644     66.262     46.892  34.081130     0.9059      7.586   275.5908 1.2374e-01    17.0100      7.910     11.474    11.3408 0.0000e+00
      8.041     -0.159     7.2681     66.239     46.875  34.075466     0.8144      7.585   276.3010 1.2371e-01    17.0585      7.908     11.469    11.3349 0.0000e+00
      7.972     -0.196     7.2649     66.249     46.830  34.047870     0.7909      7.585   276.7744 1.2372e-01    17.1340      7.835     11.363    11.3312 0.0000e+00
      7.863     -0.215     7.2572     66.264     46.853  34.064700     0.8127      7.585   277.2712 1.2376e-01    17.2387      7.706     11.177    11.3308 0.0000e+00
      7.765     -0.211     7.2471     66.265     46.889  34.088621     0.8449      7.585   277.5751 1.2380e-01    17.2314      7.592     11.012    11.3354 0.0000e+00
      7.717     -0.180     7.2444     66.271     46.885  34.083308     0.8888      7.584   277.6096 1.2380e-01    17.0455      7.552     10.953    11.3447 0.0000e+00
      7.704     -0.128     7.2448     66.306     46.862  34.063901     0.9023      7.584   277.6886 1.2375e-01    16.9390      7.559     10.963    11.3519 0.0000e+00
      7.694     -0.077     7.2480     66.337     46.838  34.044319     0.8995      7.585   278.0996 1.2368e-01    16.9690      7.551     10.952    11.3520 0.0000e+00
      7.679     -0.052     7.2484     66.359     46.830  34.036879     0.9131      7.585   278.6208 1.2368e-01    16.9631      7.524     10.913    11.3477 0.0000e+00
      7.672     -0.058     7.2462     66.394     46.832  34.037389     0.9172      7.584   278.4841 1.2368e-01    16.8338      7.518     10.905    11.3442 0.0000e+00
      7.674     -0.090     7.2544     66.449     46.849  34.050483     0.8995      7.583   277.1348 1.2364e-01    16.7028      7.531     10.924    11.3426 0.0000e+00
      7.664     -0.139     7.2576     66.517     46.872  34.068306     0.8907      7.583   275.3848 1.2364e-01    16.6779      7.525     10.915    11.3398 0.0000e+00
      7.629     -0.200     7.2587     66.568     46.862  34.062547     0.8771      7.583   274.4476 1.2369e-01    17.1821      7.489     10.861    11.3369 0.0000e+00
      7.568     -0.262     7.2635     66.574     46.832  34.044309     0.8429      7.583   274.1486 1.2373e-01    18.1876      7.430     10.776    11.3361 0.0000e+00
      7.483     -0.309     7.2686     66.559     46.818  34.038134     0.8189      7.583   273.9199 1.2369e-01    18.7240      7.349     10.659    11.3376 0.0000e+00
      7.373     -0.332     7.2773     66.552     46.833  34.051342     0.8026      7.583   273.6617 1.2359e-01    18.7141      7.233     10.492    11.3390 0.0000e+00
      7.257     -0.331     7.2849     66.548     46.868  34.077118     0.7885      7.584   273.4357 1.2356e-01    18.7175      7.104     10.304    11.3400 0.0000e+00
      7.165     -0.314     7.2831     66.539     46.896  34.095998     0.8065      7.586   273.3391 1.2363e-01    19.2087      7.015     10.174    11.3444 0.0000e+00
      7.101     -0.291     7.2785     66.502     46.889  34.089285     0.8532      7.586   273.4395 1.2364e-01    20.1438      6.962     10.099    11.3502 0.0000e+00
      7.047     -0.272     7.2788     66.437     46.849  34.059398     0.8707      7.586   273.7891 1.2361e-01    20.6307      6.911     10.026    11.3526 0.0000e+00
      6.993     -0.266     7.2777     66.380     46.838  34.051872     0.8606      7.586   274.2966 1.2364e-01    20.5522      6.859      9.948    11.3518 0.0000e+00
      6.934     -0.273     7.2787     66.340     46.851  34.061733     0.8635      7.587   274.7584 1.2364e-01    19.8777      6.807      9.872    11.3501 0.0000e+00
      6.860     -0.287     7.2757     66.296     46.836  34.051748     0.8727      7.588   274.7269 1.2366e-01    18.6587      6.735      9.769    11.3481 0.0000e+00
      6.771     -0.303     7.2658     66.278     46.845  34.058035     0.8795      7.590   273.8288 1.2381e-01    17.9742      6.638      9.628    11.3468 0.0000e+00
      6.683     -0.313     7.2592     66.302     46.869  34.074297     0.8710      7.590   272.7622 1.2388e-01    17.8870      6.547      9.494    11.3477 0.0000e+00
      6.606     -0.308     7.2571     66.336     46.849  34.058034     0.8447      7.590   272.4133 1.2381e-01    17.6383      6.480      9.397    11.3489 0.0000e+00
      6.530     -0.283     7.2496     66.363     46.841  34.051748     0.8368      7.587   272.3638 1.2370e-01    17.2550      6.411      9.299    11.3497 0.0000e+00
      6.445     -0.248     7.2463     66.409     46.855  34.061732     0.8501      7.586   272.1623 1.2365e-01    17.0447      6.319      9.165    11.3497 0.0000e+00
      6.368     -0.222     7.2521     66.486     46.842  34.051861     0.8557      7.586   272.0426 1.2368e-01    16.9742      6.229      9.035    11.3482 0.0000e+00
      6.325     -0.213     7.2566     66.536     46.853  34.059283     0.8466      7.585   271.8626 1.2373e-01    17.1891      6.190      8.977    11.3450 0.0000e+00
      6.310     -0.218     7.2585     66.538     46.893  34.088035     0.8392      7.585   271.4494 1.2382e-01    17.6957      6.193      8.983    11.3445 0.0000e+00
      6.283     -0.234     7.2612     66.524     46.884  34.082267     0.8501      7.585   271.0905 1.2387e-01    18.0090      6.178      8.961    11.3459 0.0000e+00
      6.219     -0.262     7.2743     66.502     46.843  34.052993     0.8616      7.586   270.8784 1.2380e-01    18.0397      6.110      8.861    11.3447 0.0000e+00
      6.124     -0.296     7.2811     66.477     46.839  34.051328     0.8539      7.586   271.2074 1.2388e-01    17.8967      6.005      8.709    11.3437 0.0000e+00
      6.025     -0.316     7.2774     66.450     46.852  34.062136     0.8477      7.585   272.1435 1.2568e-01    17.7141      5.905      8.564    11.3443 0.0000e+00
      5.933     -0.304     7.2778     66.412     46.843  34.056785     0.8530      7.583   272.0444 1.3312e-01    17.6758      5.820      8.441    11.3446 0.0000e+00
      5.844     -0.267     7.2739     66.371     46.837  34.050072     0.8521      7.582   270.6112 1.5474e-01    17.7071      5.729      8.310    11.3457 0.0000e+00
      5.767     -0.232     7.2711     66.361     46.836  34.044412     0.8452      7.581   269.4413 1.8035e-01    17.6829      5.640      8.181    11.3468 0.0000e+00
      5.725     -0.217     7.2687     66.396     46.850  34.051796     0.8355      7.580   268.9979 1.8340e-01    17.4520      5.599      8.120    11.3483 0.0000e+00
      5.715     -0.222     7.2637     66.421     46.884  34.075907     0.8270      7.580   269.0369 1.8206e-01    17.1350      5.610      8.136    11.3506 0.0000e+00
