Data/DataNotYetUploadedToEDI/Raw_CTD/RawDownloads/061024_bvr50_S7809001.cnv
* Sea-Bird SBE19plus  Data File:
* FileName = C:\R\Reservoirs\Data\DataNotYetUploadedToEDI\Raw_CTD\RawDownloads\061024_bvr50_S7809_0001.hex
* Software version 2.8.0.119
* Temperature SN = 7809
* Conductivity SN = 7809
* System UpLoad Time = Jun 11 2024 14:56:43
* <ApplicationData>
* <Seaterm232>
# nquan = 15
# nvalues = 1597                        
# units = specified
# name 0 = depFM: Depth [fresh water, m]
# name 1 = dz/dtM: Descent Rate [m/s]
# name 2 = sbeox0Mg/L: Oxygen, SBE 43 [mg/l]
# name 3 = sbeox0PS: Oxygen, SBE 43 [% saturation]
# name 4 = specc: Specific Conductance [uS/cm]
# name 5 = c0uS/cm: Conductivity [uS/cm]
# name 6 = flECO-AFL: Fluorescence, WET Labs ECO-AFL/FL [mg/m^3]
# name 7 = ph: pH
# name 8 = orp: Oxidation Reduction Potential [mV]
# name 9 = par/sat/log: PAR/Logarithmic, Satlantic
# name 10 = turbWETntu0: Turbidity, WET Labs ECO [NTU]
# name 11 = prdM: Pressure, Strain Gauge [db]
# name 12 = prdE: Pressure, Strain Gauge [psi]
# name 13 = tv290C: Temperature [ITS-90, deg C]
# name 14 = flag:  0.000e+00
# span 0 =     -0.812,      9.760       
# span 1 =     -0.439,      0.229       
# span 2 =     0.0188,     8.6207       
# span 3 =      0.354,    101.716       
# span 4 =      0.408,    150.884       
# span 5 =   0.399555, 105.841188       
# span 6 =    -1.2657,    10.4669       
# span 7 =     -2.110,     11.911       
# span 8 = -1240.7429,   872.3910       
# span 9 = 1.2355e-01, 2.0510e+03       
# span 10 =    -2.2412,    71.9514      
# span 11 =     -0.797,      9.572      
# span 12 =     -1.156,     13.882      
# span 13 =    10.0659,    24.0476      
# span 14 = 0.0000e+00, 0.0000e+00      
# interval = seconds: 0.25
# start_time = Jun 10 2024 10:21:21 [Instrument's time stamp, header]
# bad_flag = -9.990e-29
*END*
[from data line 1543]
      0.362     -0.009     0.0980      0.867    138.641  98.122152     4.9101      8.070  -203.8455 2.6177e+02     9.8207      0.364      0.528    10.3649 0.0000e+00
      0.355     -0.005     0.0974      0.869    138.623  98.123330     4.9753      8.074  -201.0158 2.7872e+02     9.4827      0.352      0.511    10.3694 0.0000e+00
      0.335     -0.010     0.0975      0.864    138.620  98.136081     4.9723      8.077  -198.1938 3.0221e+02     9.3704      0.328      0.475    10.3745 0.0000e+00
      0.318     -0.013     0.1007      0.833    138.615  98.149039     4.9826      8.082  -195.6222 3.1702e+02     9.2827      0.306      0.444    10.3795 0.0000e+00
      0.316     -0.010     0.0944      0.803    138.598  98.152730     4.9993      8.089  -193.1532 3.1741e+02     9.2425      0.305      0.442    10.3845 0.0000e+00
      0.326     -0.005     0.0981      0.787    138.614  98.180722     5.0074      8.094  -190.3677 3.1184e+02     9.2599      0.321      0.465    10.3898 0.0000e+00
      0.337      0.002     0.0985      0.781    138.663  98.232921     5.0225      8.095  -187.1525 3.0876e+02     9.2869      0.333      0.483    10.3951 0.0000e+00
      0.338      0.009     0.0926      0.763    138.697  98.274695     5.0488      8.093  -183.7035 3.1170e+02     9.4333      0.338      0.489    10.4009 0.0000e+00
      0.329      0.014     0.0893      0.727    138.712  98.303931     5.0591      8.092  -180.5008 3.1753e+02     9.6977      0.323      0.469    10.4068 0.0000e+00
      0.322      0.017     0.0871      0.690    138.725  98.331838     5.0394      8.095  -177.8553 3.1596e+02     9.7854      0.309      0.449    10.4126 0.0000e+00
      0.329      0.018     0.0880      0.675    138.735  98.357535     5.0183      8.101  -175.6355 3.0405e+02     9.7081      0.318      0.461    10.4189 0.0000e+00
      0.347      0.018     0.0864      0.682    138.710  98.360061     4.9283      8.109  -173.4503 2.8584e+02     9.5476      0.340      0.493    10.4253 0.0000e+00
      0.363      0.016     0.0813      0.700    138.684  98.362405     4.7426      8.119  -171.1372 2.7490e+02     9.2801      0.361      0.523    10.4320 0.0000e+00
      0.368      0.010     0.0760      0.720    138.689  98.385898     4.6282      8.128  -168.9187 2.7587e+02     9.1392      0.366      0.530    10.4388 0.0000e+00
      0.362      0.000     0.0743      0.731    138.664  98.389540     4.6193      8.133  -166.6746 2.8306e+02     9.1752      0.356      0.516    10.4456 0.0000e+00
      0.353     -0.010     0.0758      0.728    138.658  98.406463     4.6596      8.137  -164.3953 2.8816e+02     9.2374      0.344      0.499    10.4528 0.0000e+00
      0.347     -0.015     0.0780      0.740    138.708  98.463228     4.7249      8.141  -162.3536 2.9038e+02     9.3113      0.340      0.493    10.4602 0.0000e+00
      0.343     -0.016     0.0802      0.763    138.733  98.503071     4.7515      8.145  -160.7451 2.9374e+02     9.3165      0.336      0.488    10.4675 0.0000e+00
      0.342     -0.018     0.0833      0.773    138.707  98.506329     4.7562      8.151  -159.6591 2.9574e+02     9.2324      0.334      0.484    10.4750 0.0000e+00
      0.341     -0.025     0.0796      0.772    138.671  98.502643     4.7654      8.156  -158.6006 3.0400e+02     9.1815      0.335      0.486    10.4826 0.0000e+00
      0.338     -0.038     0.0817      0.766    138.666  98.522185     4.7872      8.160  -157.2391 3.1420e+02     9.1465      0.332      0.482    10.4904 0.0000e+00
      0.330     -0.062     0.0864      0.746    138.675  98.551685     4.8279      8.164  -154.9860 3.2371e+02     9.1162      0.327      0.475    10.4983 0.0000e+00
      0.315     -0.104     0.0859      0.711    138.806  98.668415     4.8497      8.170  -151.9213 3.3994e+02     9.1568      0.312      0.453    10.5062 0.0000e+00
      0.291     -0.163     0.0873      0.676    139.567  99.233440     4.8349      8.176  -149.0930 3.6074e+02     9.1938      0.285      0.414    10.5143 0.0000e+00
      0.258     -0.231     0.0840      0.607    140.840 100.163935     4.6409      8.184  -143.9347 4.0865e+02     9.1875      0.260      0.378    10.5225 0.0000e+00
      0.199     -0.297     0.0868      0.562    141.720 100.816643     4.2943      8.197  -135.9280 5.6250e+02     9.2173      0.212      0.308    10.5309 0.0000e+00
      0.100     -0.354     0.0747      0.479    142.050 101.078178     4.1054      8.212  -129.9774 7.6584e+02     9.2463      0.108      0.157    10.5394 0.0000e+00
     -0.024     -0.399     0.0815      0.354    142.130 101.161838     4.0386      8.227  -127.6536 9.5275e+02     9.2299     -0.026     -0.038    10.5477 0.0000e+00
     -0.149     -0.430     0.0637      0.392    141.868 101.000670     3.6277      8.241  -128.1372 1.2946e+03     9.2588     -0.153     -0.222    10.5566 0.0000e+00
     -0.260     -0.439     0.0614      0.438    140.816 100.275359     2.9086      8.254  -130.6618 1.6573e+03     9.3566     -0.257     -0.372    10.5660 0.0000e+00
     -0.365     -0.421     0.0663      0.412    139.727  99.521448     2.5256      8.264  -132.7111 1.7174e+03     9.4225     -0.352     -0.511    10.5758 0.0000e+00
     -0.478     -0.381     0.0188      0.432    139.613  99.460016     2.5265      8.273  -132.4380 1.5764e+03     9.4059     -0.468     -0.678    10.5854 0.0000e+00
     -0.591     -0.329     0.0505      0.568    139.151  99.150803     2.8949      8.284  -130.5434 1.4324e+03     9.2926     -0.588     -0.854    10.5943 0.0000e+00
     -0.683     -0.270     0.0526      0.825    137.790  98.201501     3.5754      8.296  -128.0436 1.3026e+03     9.1458     -0.681     -0.988    10.6027 0.0000e+00
     -0.741     -0.205     0.0419      1.067    136.650  97.402239     3.9383      8.306  -124.5828 1.2050e+03     9.1001     -0.739     -1.072    10.6112 0.0000e+00
     -0.769     -0.140     0.0457      1.251    134.290  95.724543     3.8618      8.316  -121.3939 1.1902e+03     9.2181     -0.759     -1.100    10.6165 0.0000e+00
     -0.783     -0.085     0.0530      1.393    125.563  89.498984     2.7330      8.325  -120.2038 1.1785e+03    11.0167     -0.768     -1.114    10.6249 0.0000e+00
     -0.793     -0.045     0.0968      1.511    106.548  75.951699     0.6777      8.329  -118.6246 8.8022e+02    14.4158     -0.781     -1.133    10.6317 0.0000e+00
     -0.796     -0.022     0.1197      1.596     89.850  64.245581    -0.4388      8.324  -116.2377 3.6217e+02    16.2601     -0.782     -1.133    10.6403 0.0000e+00
     -0.797     -0.010     0.1413      1.585     89.993  64.864783    -0.5374      8.310  -116.5536 9.2479e+01    16.1334     -0.781     -1.132    10.6359 0.0000e+00
     -0.797     -0.004     0.1555      1.410     96.358  69.854408    -0.5818      8.295  -116.6797 7.5701e+01    12.1666     -0.781     -1.133    10.6441 0.0000e+00
     -0.797     -0.001     0.1686      1.165     98.211  71.200681    -0.6591      8.286  -113.9771 8.7708e+01     4.7121     -0.782     -1.134    10.6160 0.0000e+00
     -0.797 -6.988e-10     0.1814      1.290     96.063  69.512041    -0.7059      8.284  -111.8386 9.8754e+01     0.6054     -0.783     -1.135    10.6424 0.0000e+00
     -0.797 -7.686e-09     0.1810      2.773     75.373  54.521733    -0.7065      8.285  -110.1829 1.0560e+02     0.3264     -0.782     -1.134    11.0307 0.0000e+00
     -0.796 -8.455e-08     0.1623      7.033     39.232  28.397601    -0.5833      8.287  -107.8104 1.1976e+02     0.9291     -0.781     -1.133    11.3648 0.0000e+00
     -0.796 -8.455e-08     0.1141     14.763     20.028  14.510896    -0.2907      8.288  -105.4379 1.8099e+02     1.9150     -0.780     -1.132    11.2582 0.0000e+00
     -0.796 -7.690e-09     0.1044     25.304     18.174  13.172746    -0.0401      8.289  -104.4691 6.4999e+02     2.3755     -0.781     -1.133    11.1324 0.0000e+00
     -0.796 -6.991e-10     0.1833     37.491     17.028  12.344838     0.0419      8.291  -104.6144 1.4804e+03     2.3628     -0.781     -1.132    11.1728 0.0000e+00
     -0.796 -6.407e-11     0.6336     49.676     15.821  11.472394     0.0509      8.294  -104.8716 1.9333e+03     2.3766     -0.781     -1.133    11.2198 0.0000e+00
     -0.796 -1.155e-11     1.4917     55.499     15.416  11.180092     0.0530      8.295  -105.1704 1.9776e+03     2.4060     -0.781     -1.133    11.2314 0.0000e+00
     -0.796 -9.990e-29     2.7464 -9.990e-29 -9.990e-29 -9.990e-29 -9.990e-29 -9.990e-29 -9.990e-29 1.9834e+03 -9.990e-29     -0.781     -1.133    11.2382 0.0000e+00
     -0.796 -9.990e-29     4.0371 -9.990e-29 -9.990e-29 -9.990e-29 -9.990e-29 -9.990e-29 -9.990e-29 1.9888e+03 -9.990e-29     -0.781     -1.132    11.2454 0.0000e+00
     -0.796 -9.990e-29     5.6390 -9.990e-29 -9.990e-29 -9.990e-29 -9.990e-29 -9.990e-29 -9.990e-29 1.9945e+03 -9.990e-29     -0.781     -1.132    11.2560 0.0000e+00
     -0.796 -9.990e-29     6.7439 -9.990e-29 -9.990e-29 -9.990e-29 -9.990e-29 -9.990e-29 -9.990e-29 1.9970e+03 -9.990e-29     -0.781     -1.133    11.2644 0.0000e+00
