Data/DataNotYetUploadedToEDI/Raw_CTD/RawDownloads/061024_fcr20_S7809004.cnv
* Sea-Bird SBE19plus  Data File:
* FileName = C:\R\Reservoirs\Data\DataNotYetUploadedToEDI\Raw_CTD\RawDownloads\061024_bvr50_S7809_0004.hex
* Software version 2.8.0.119
* Temperature SN = 7809
* Conductivity SN = 7809
* System UpLoad Time = Jun 11 2024 14:39:12
* <ApplicationData>
* <Seaterm232>
# nquan = 15
# nvalues = 635                         
# units = specified
# name 0 = depFM: Depth [fresh water, m]
# name 1 = dz/dtM: Descent Rate [m/s]
# name 2 = sbeox0Mg/L: Oxygen, SBE 43 [mg/l]
# name 3 = sbeox0PS: Oxygen, SBE 43 [% saturation]
# name 4 = specc: Specific Conductance [uS/cm]
# name 5 = c0uS/cm: Conductivity [uS/cm]
# name 6 = flECO-AFL: Fluorescence, WET Labs ECO-AFL/FL [mg/m^3]
# name 7 = ph: pH
# name 8 = orp: Oxidation Reduction Potential [mV]
# name 9 = par/sat/log: PAR/Logarithmic, Satlantic
# name 10 = turbWETntu0: Turbidity, WET Labs ECO [NTU]
# name 11 = prdM: Pressure, Strain Gauge [db]
# name 12 = prdE: Pressure, Strain Gauge [psi]
# name 13 = tv290C: Temperature [ITS-90, deg C]
# name 14 = flag:  0.000e+00
# span 0 =     -0.731,      2.912       
# span 1 =     -0.373,      0.208       
# span 2 =     0.1214,    10.5780       
# span 3 =      1.287,    123.623       
# span 4 =      1.146,     49.085       
# span 5 =   1.044060,  41.173876       
# span 6 =    -0.0844,   115.1551       
# span 7 =     -2.215,      9.085       
# span 8 =   111.1596,   951.1261       
# span 9 = 1.2094e+01, 8.4198e+02       
# span 10 =     0.7148,   156.2826      
# span 11 =     -0.718,      2.856      
# span 12 =     -1.041,      4.142      
# span 13 =    16.2113,    23.9884      
# span 14 = 0.0000e+00, 0.0000e+00      
# interval = seconds: 0.25
# start_time = Jun 10 2024 13:18:04 [Instrument's time stamp, header]
# bad_flag = -9.990e-29
*END*
[from data line 193]
      0.850      0.007    10.3455    116.108     39.527  38.195142     9.1519      9.019   148.5577 1.3526e+02     5.3718      0.834      1.210    23.3075 0.0000e+00
      0.847      0.002    10.2043    115.449     39.531  38.201384     9.1468      9.023   148.4981 1.3505e+02     5.3330      0.828      1.202    23.3053 0.0000e+00
      0.848      0.002    10.0738    114.979     39.534  38.207149     9.3179      9.026   148.4881 1.3481e+02     5.3707      0.831      1.205    23.3070 0.0000e+00
      0.849      0.004     9.9685    114.680     39.525  38.201384     9.6232      9.029   148.3510 1.3491e+02     5.4178      0.833      1.207    23.3092 0.0000e+00
      0.850      0.005     9.8925    114.526     39.516  38.195141     9.7751      9.032   148.3032 1.3462e+02     5.4247      0.831      1.205    23.3089 0.0000e+00
      0.853      0.005     9.8388    114.443     39.509  38.195129     9.7726      9.034   148.3407 1.3386e+02     5.4192      0.835      1.211    23.3118 0.0000e+00
      0.857      0.005     9.7970    114.360     39.506  38.201244     9.7596      9.036   148.2891 1.3338e+02     5.4203      0.842      1.221    23.3177 0.0000e+00
      0.858      0.006     9.7718    114.278     39.503  38.205635     9.6509      9.037   148.2805 1.3339e+02     5.4376      0.844      1.223    23.3194 0.0000e+00
      0.855      0.011     9.7610    114.230     39.478  38.184772     9.4559      9.037   148.4087 1.3328e+02     5.4586      0.839      1.216    23.3208 0.0000e+00
      0.853      0.021     9.7549    114.210     39.436  38.139371     9.3417      9.035   148.6347 1.3281e+02     5.4348      0.834      1.210    23.3311 0.0000e+00
      0.857      0.034     9.7452    114.182     39.409  38.100884     9.3196      9.032   148.8626 1.3187e+02     5.3888      0.838      1.217    23.3444 0.0000e+00
      0.866      0.044     9.7343    114.120     39.423  38.100157     9.4046      9.031   149.0123 1.2975e+02     5.4146      0.848      1.230    23.3532 0.0000e+00
      0.884      0.048     9.7299    114.015     39.464  38.130561     9.5790      9.032   148.9827 1.2610e+02     5.4730      0.861      1.249    23.3597 0.0000e+00
      0.909      0.044     9.7300    113.880     39.488  38.151193     9.6720      9.033   148.8485 1.2270e+02     5.4798      0.894      1.296    23.3555 0.0000e+00
      0.930      0.034     9.7323    113.745     39.494  38.159242     9.6809      9.034   148.8519 1.2170e+02     5.4629      0.920      1.333    23.3363 0.0000e+00
      0.935      0.023     9.7312    113.630     39.494  38.164433     9.8105      9.037   148.9383 1.2255e+02     5.4402      0.919      1.334    23.3135 0.0000e+00
      0.929      0.013     9.7246    113.568     39.478  38.150503    10.0830      9.040   148.9466 1.2380e+02     5.4437      0.912      1.322    23.3011 0.0000e+00
      0.922      0.008     9.7114    113.588     39.447  38.117728    10.2529      9.042   148.9529 1.2460e+02     5.4717      0.903      1.308    23.3003 0.0000e+00
      0.918      0.010     9.6995    113.659     39.422  38.085428    10.2745      9.042   149.0141 1.2469e+02     5.5050      0.897      1.301    23.3039 0.0000e+00
      0.923      0.018     9.6870    113.721     39.423  38.077248    10.1783      9.043   149.0840 1.2405e+02     5.5050      0.903      1.310    23.3114 0.0000e+00
      0.933      0.026     9.6792    113.701     39.437  38.082259     9.9888      9.045   149.1952 1.2260e+02     5.4379      0.914      1.326    23.3166 0.0000e+00
      0.947      0.032     9.6834    113.576     39.442  38.082550     9.8889      9.049   149.3271 1.2107e+02     5.4104      0.927      1.346    23.3116 0.0000e+00
      0.959      0.037     9.6930    113.399     39.443  38.080762     9.8864      9.051   149.4739 1.2007e+02     5.4109      0.943      1.367    23.3007 0.0000e+00
      0.965      0.045     9.7033    113.209     39.424  38.060627     9.7334      9.051   149.6798 1.1929e+02     5.4105      0.947      1.374    23.2871 0.0000e+00
      0.970      0.055     9.7052    113.009     39.394  38.029477     9.4050      9.051   149.9235 1.1816e+02     5.4740      0.949      1.376    23.2751 0.0000e+00
      0.979      0.069     9.6928    112.822     39.393  38.021407     9.2035      9.050   150.1838 1.1618e+02     5.5637      0.957      1.387    23.2705 0.0000e+00
      0.996      0.083     9.6768    112.662     39.408  38.026494     9.1859      9.050   150.3314 1.1290e+02     5.6414      0.972      1.409    23.2666 0.0000e+00
      1.026      0.096     9.6620    112.517     39.420  38.027516     9.1830      9.050   150.4179 1.0885e+02     5.6615      1.005      1.457    23.2656 0.0000e+00
      1.061      0.104     9.6433    112.350     39.438  38.033748     8.8940      9.052   150.5413 1.0512e+02     5.6365      1.042      1.511    23.2655 0.0000e+00
      1.095      0.105     9.6287    112.119     39.457  38.038369     8.3301      9.054   150.6180 1.0227e+02     5.6121      1.075      1.560    23.2552 0.0000e+00
      1.122      0.099     9.6183    111.824     39.450  38.019917     8.0077      9.056   150.7434 1.0010e+02     5.6052      1.103      1.599    23.2401 0.0000e+00
      1.144      0.089     9.6092    111.523     39.436  38.000994     7.9674      9.057   150.8531 9.8047e+01     5.6555      1.121      1.625    23.2287 0.0000e+00
      1.164      0.078     9.5988    111.258     39.436  37.999935     7.8760      9.058   150.9981 9.6288e+01     5.7076      1.142      1.658    23.2164 0.0000e+00
      1.181      0.067     9.5829    111.006     39.443  38.007111     7.7020      9.058   151.3783 9.4842e+01     5.7241      1.160      1.682    23.1961 0.0000e+00
      1.197      0.057     9.5590    110.791     39.461  38.024298     7.6032      9.059   151.5778 9.3272e+01     5.7174      1.172      1.700    23.1785 0.0000e+00
      1.213      0.050     9.5310    110.682     39.453  38.017373     7.5717      9.061   151.6043 9.1968e+01     5.6944      1.192      1.729    23.1741 0.0000e+00
      1.225      0.046     9.5113    110.663     39.423  37.986845     7.4464      9.062   151.9561 9.1405e+01     5.6512      1.203      1.745    23.1743 0.0000e+00
      1.231      0.045     9.4893    110.683     39.414  37.972467     7.2284      9.062   152.3903 9.1053e+01     5.5367      1.205      1.748    23.1733 0.0000e+00
      1.237      0.046     9.4661    110.698     39.421  37.970424     7.0923      9.063   152.6382 9.0278e+01     5.4033      1.211      1.756    23.1743 0.0000e+00
      1.249      0.049     9.4589    110.665     39.421  37.962127     7.0491      9.064   152.9750 8.8935e+01     5.3711      1.223      1.774    23.1766 0.0000e+00
      1.266      0.057     9.4585    110.555     39.400  37.935595     6.8474      9.064   153.4510 8.7575e+01     5.4887      1.242      1.802    23.1756 0.0000e+00
      1.282      0.067     9.4632    110.355     39.371  37.903455     6.4919      9.064   153.7468 8.6660e+01     5.6634      1.260      1.827    23.1670 0.0000e+00
      1.296      0.073     9.4682    110.075     39.362  37.890790     6.3053      9.065   153.7983 8.5540e+01     5.7077      1.269      1.840    23.1535 0.0000e+00
      1.315      0.074     9.4682    109.760     39.385  37.909374     6.2639      9.066   153.8155 8.3716e+01     5.6145      1.285      1.865    23.1427 0.0000e+00
      1.342      0.070     9.4607    109.500     39.416  37.937774     6.0824      9.068   153.9548 8.1728e+01     5.5606      1.316      1.909    23.1359 0.0000e+00
      1.367      0.067     9.4435    109.327     39.396  37.916880     5.7929      9.069   154.1916 8.0444e+01     5.6027      1.344      1.949    23.1313 0.0000e+00
      1.382      0.066     9.4203    109.236     39.327  37.847122     5.6594      9.070   154.3563 7.9868e+01     5.6455      1.358      1.969    23.1264 0.0000e+00
      1.390      0.066     9.3897    109.212     39.278  37.792351     5.6664      9.072   154.4829 7.9314e+01     5.6338      1.364      1.978    23.1208 0.0000e+00
      1.399      0.066     9.3677    109.189     39.257  37.762271     5.6544      9.072   154.6902 7.8325e+01     5.5985      1.369      1.985    23.1171 0.0000e+00
      1.414      0.070     9.3540    109.091     39.242  37.737241     5.5885      9.073   154.8843 7.6774e+01     5.5603      1.384      2.007    23.1173 0.0000e+00
      1.438      0.073     9.3452    108.881     39.257  37.743526     5.4941      9.073   154.9367 7.4931e+01     5.5136      1.410      2.045    23.1161 0.0000e+00
      1.463      0.073     9.3486    108.592     39.297  37.774795     5.4449      9.074   154.8073 7.3193e+01     5.4774      1.435      2.082    23.1051 0.0000e+00
      1.487      0.064     9.3513    108.301     39.325  37.798014     5.4351      9.075   154.6111 7.1747e+01     5.4302      1.460      2.117    23.0896 0.0000e+00
      1.507      0.049     9.3468    108.054     39.357  37.833891     5.3673      9.076   154.6286 7.0680e+01     5.3869      1.481      2.148    23.0769 0.0000e+00
      1.518      0.029     9.3297    107.894     39.405  37.891319     5.2497      9.076   154.8462 7.0212e+01     5.4326      1.493      2.165    23.0663 0.0000e+00
      1.520      0.013     9.3032    107.882     39.424  37.921283     5.1946      9.076   154.9198 7.0415e+01     5.5038      1.493      2.166    23.0554 0.0000e+00
      1.514      0.006     9.2788    108.028     39.374  37.878914     5.1921      9.076   154.9158 7.0870e+01     5.4965      1.486      2.156    23.0494 0.0000e+00
      1.507      0.009     9.2558    108.325     39.317  37.823237     5.1698      9.077   155.0571 7.1186e+01     5.4463      1.477      2.142    23.0554 0.0000e+00
      1.502      0.019     9.2358    108.696     39.319  37.819206     5.1336      9.077   155.2513 7.1192e+01     5.4096      1.470      2.132    23.0718 0.0000e+00
      1.506      0.031     9.2327    109.001     39.338  37.830171     5.1286      9.076   155.3708 7.0315e+01     5.4288      1.471      2.133    23.0905 0.0000e+00
      1.524      0.040     9.2428    109.195     39.340  37.828888     5.1507      9.075   155.2965 6.8579e+01     5.4731      1.491      2.162    23.1004 0.0000e+00
      1.548      0.044     9.2698    109.288     39.315  37.803682     5.2013      9.075   155.1280 6.7244e+01     5.4666      1.523      2.210    23.0977 0.0000e+00
      1.566      0.039     9.3114    109.273     39.290  37.779232     5.2736      9.076   155.0533 6.6769e+01     5.4198      1.540      2.234    23.0874 0.0000e+00
      1.574      0.028     9.3382    109.139     39.298  37.787085     5.3006      9.077   155.0822 6.6654e+01     5.3844      1.544      2.239    23.0766 0.0000e+00
      1.576      0.016     9.3556    108.909     39.280  37.771728     5.3039      9.078   155.2196 6.6804e+01     5.4141      1.548      2.245    23.0721 0.0000e+00
      1.574      0.012     9.3636    108.672     39.225  37.720467     5.2544      9.078   155.5097 6.7203e+01     5.5405      1.545      2.242    23.0729 0.0000e+00
      1.569      0.025     9.3626    108.487     39.180  37.674929     5.1277      9.075   156.0947 6.7585e+01     5.6828      1.538      2.230    23.0720 0.0000e+00
      1.565      0.052     9.3522    108.359     39.189  37.665316     5.0453      9.071   156.8718 6.7569e+01     5.6995      1.532      2.221    23.0709 0.0000e+00
      1.571      0.081     9.3272    108.261     39.227  37.667666     5.0238      9.069   157.4208 6.6470e+01     5.6401      1.533      2.224    23.0727 0.0000e+00
      1.597      0.103     9.3051    108.105     39.233  37.639836     5.0005      9.069   157.5703 6.3667e+01     5.6489      1.554      2.255    23.0785 0.0000e+00
      1.649      0.114     9.2885    107.701     39.256  37.646046     4.8215      9.069   157.4753 5.9963e+01     6.1813      1.614      2.341    23.0809 0.0000e+00
      1.706      0.115     9.2818    106.882     39.351  37.742737     4.4993      9.069   157.3896 5.7364e+01     7.2264      1.686      2.445    23.0591 0.0000e+00
      1.740      0.108     9.2850    105.800     39.531  37.920562     4.3179      9.071   157.4802 5.6544e+01     7.7983      1.716      2.489    23.0077 0.0000e+00
      1.749      0.093     9.2862    104.801     39.718  38.082806     4.2759      9.073   157.6250 5.6283e+01     7.8011      1.716      2.489    22.9530 0.0000e+00
      1.754      0.076     9.2651    104.067     39.856  38.181436     4.1744      9.073   157.6770 5.5443e+01     7.9087      1.714      2.487    22.9338 0.0000e+00
      1.770      0.066     9.1854    103.478     39.996  38.288103     4.0144      9.074   157.9375 5.4070e+01     8.1777      1.731      2.511    22.9489 0.0000e+00
      1.792      0.068     9.0742    102.766     40.091  38.357162     3.9229      9.076   158.4514 5.2883e+01     8.3205      1.762      2.555    22.9729 0.0000e+00
      1.811      0.075     8.9879    101.861     40.135  38.381819     3.9013      9.077   158.8149 5.1913e+01     8.3372      1.777      2.578    22.9463 0.0000e+00
      1.829      0.079     8.9383    100.868     40.163  38.395825     3.8777      9.077   159.1485 5.0788e+01     8.5504      1.791      2.598    22.8845 0.0000e+00
      1.851      0.074     8.9059     99.851     40.111  38.336108     3.8450      9.078   159.4735 4.9586e+01     8.9857      1.815      2.632    22.8570 0.0000e+00
      1.876      0.065     8.8497     98.846     40.006  38.230889     3.8313      9.080   159.5618 4.8491e+01     9.2618      1.840      2.669    22.8306 0.0000e+00
      1.896      0.055     8.7699     97.937     39.971  38.202400     3.8279      9.080   159.7003 4.7853e+01     9.2584      1.865      2.704    22.8069 0.0000e+00
      1.906      0.045     8.6855     97.272     40.003  38.245484     3.8039      9.080   160.1151 4.7622e+01     9.1496      1.871      2.714    22.7949 0.0000e+00
      1.911      0.040     8.6001     97.000     40.058  38.307638     3.7746      9.080   160.7046 4.7367e+01     9.1072      1.872      2.715    22.7789 0.0000e+00
      1.916      0.043     8.5125     97.187     40.408  38.636629     3.7654      9.080   161.3218 4.7108e+01     9.1902      1.881      2.726    22.7712 0.0000e+00
      1.920      0.055     8.4281     97.731     41.025  39.177246     3.7673      9.079   162.1572 4.6870e+01     9.2991      1.883      2.731    22.7780 0.0000e+00
      1.926      0.070     8.3621     98.291     41.415  39.450103     3.7140      9.078   163.1475 4.6201e+01     9.2626      1.883      2.731    22.8006 0.0000e+00
      1.949      0.082     8.3342     98.384     41.546  39.460662     3.6037      9.078   163.6588 4.4702e+01     9.0903      1.903      2.759    22.8149 0.0000e+00
      1.988      0.088     8.3512     97.476     41.565  39.368216     3.5325      9.079   163.7796 4.2998e+01     8.9919      1.952      2.832    22.8189 0.0000e+00
      2.023      0.088     8.4162     95.186     41.515  39.220626     3.5265      9.080   163.7476 4.1953e+01     8.9956      1.991      2.888    22.7781 0.0000e+00
      2.043      0.082     8.5053     91.577     41.525  39.135623     3.5405      9.081   163.6170 4.1335e+01     8.9987      2.006      2.909    22.6197 0.0000e+00
      2.058      0.070     8.5509     87.067     41.615  39.101852     3.5349      9.082   163.6627 4.0817e+01     8.8929      2.020      2.930    22.4833 0.0000e+00
      2.069      0.059     8.5112     82.246     41.698  39.065972     3.5169      9.082   163.7834 4.0376e+01     8.7407      2.029      2.943    22.3538 0.0000e+00
      2.080      0.054     8.3278     77.586     41.672  38.955482     3.5142      9.083   163.9586 3.9867e+01     8.6964      2.039      2.957    22.2149 0.0000e+00
      2.092      0.056     8.0131     73.340     41.616  38.781165     3.5271      9.084   164.2315 3.9320e+01     8.7322      2.054      2.978    22.1451 0.0000e+00
      2.105      0.061     7.6238     69.791     41.697  38.671562     3.5321      9.085   164.3301 3.8747e+01     8.7640      2.063      2.992    21.9750 0.0000e+00
