Data/DataNotYetUploadedToEDI/Raw_CTD/RawDownloads/061024_fcr40_S7809006.cnv
* Sea-Bird SBE19plus  Data File:
* FileName = C:\R\Reservoirs\Data\DataNotYetUploadedToEDI\Raw_CTD\RawDownloads\061024_bvr50_S7809_0006.hex
* Software version 2.8.0.119
* Temperature SN = 7809
* Conductivity SN = 7809
* System UpLoad Time = Jun 11 2024 14:40:07
* <ApplicationData>
* <Seaterm232>
# nquan = 15
# nvalues = 1018                        
# units = specified
# name 0 = depFM: Depth [fresh water, m]
# name 1 = dz/dtM: Descent Rate [m/s]
# name 2 = sbeox0Mg/L: Oxygen, SBE 43 [mg/l]
# name 3 = sbeox0PS: Oxygen, SBE 43 [% saturation]
# name 4 = specc: Specific Conductance [uS/cm]
# name 5 = c0uS/cm: Conductivity [uS/cm]
# name 6 = flECO-AFL: Fluorescence, WET Labs ECO-AFL/FL [mg/m^3]
# name 7 = ph: pH
# name 8 = orp: Oxidation Reduction Potential [mV]
# name 9 = par/sat/log: PAR/Logarithmic, Satlantic
# name 10 = turbWETntu0: Turbidity, WET Labs ECO [NTU]
# name 11 = prdM: Pressure, Strain Gauge [db]
# name 12 = prdE: Pressure, Strain Gauge [psi]
# name 13 = tv290C: Temperature [ITS-90, deg C]
# name 14 = flag:  0.000e+00
# span 0 =     -0.727,      5.828       
# span 1 =     -0.299,      0.152       
# span 2 =     1.7586,     9.6949       
# span 3 =     16.505,    113.552       
# span 4 =      1.420,     47.078       
# span 5 =   1.271309,  38.851897       
# span 6 =    -0.1538,     6.7837       
# span 7 =      5.199,      9.106       
# span 8 =  -129.1891,   308.4553       
# span 9 = 1.2381e-01, 2.5352e+02       
# span 10 =     1.1710,   528.1342      
# span 11 =     -0.713,      5.715      
# span 12 =     -1.034,      8.289      
# span 13 =    11.3331,    24.2189      
# span 14 = 0.0000e+00, 0.0000e+00      
# interval = seconds: 0.25
# start_time = Jun 10 2024 13:35:55 [Instrument's time stamp, header]
# bad_flag = -9.990e-29
*END*
[from data line 193]
      1.158      0.050     9.3542    106.242     38.971  37.737799     6.2610      8.707   175.6279 3.1085e+01     6.4894      1.138      1.651    23.4577 0.0000e+00
      1.165      0.055     9.2372    105.680     38.951  37.697391     6.2799      8.707   175.6672 3.0862e+01     6.4896      1.140      1.654    23.4529 0.0000e+00
      1.176      0.063     9.1511    105.127     38.987  37.707104     6.2970      8.708   175.7301 3.0410e+01     6.3890      1.150      1.667    23.4494 0.0000e+00
      1.193      0.070     9.0854    104.537     39.041  37.728293     6.4095      8.709   175.7858 2.9864e+01     6.4347      1.169      1.696    23.4382 0.0000e+00
      1.216      0.076     9.0394    103.815     39.108  37.763165     6.6241      8.711   175.7387 2.9277e+01     6.6658      1.190      1.726    23.4135 0.0000e+00
      1.242      0.078     8.9981    102.965     39.182  37.811424     6.7527      8.711   175.7622 2.8677e+01     6.8263      1.218      1.767    23.3877 0.0000e+00
      1.267      0.077     8.9556    102.125     39.259  37.867565     6.7837      8.711   175.8985 2.8249e+01     6.8733      1.247      1.809    23.3561 0.0000e+00
      1.285      0.072     8.9182    101.444     39.346  37.934292     6.7813      8.712   176.0098 2.7973e+01     6.9940      1.262      1.831    23.3122 0.0000e+00
      1.299      0.066     8.8638    101.015     39.412  37.983624     6.7571      8.713   176.1619 2.7674e+01     7.2278      1.273      1.845    23.2703 0.0000e+00
      1.313      0.060     8.7897    100.850     39.459  38.019829     6.7415      8.713   176.2752 2.7384e+01     7.3766      1.288      1.868    23.2433 0.0000e+00
      1.327      0.055     8.7174    100.875     39.503  38.054742     6.7169      8.714   176.2608 2.7125e+01     7.3926      1.302      1.888    23.2222 0.0000e+00
      1.342      0.050     8.6596    100.984     39.558  38.088468     6.5264      8.716   176.2458 2.6830e+01     7.4546      1.314      1.906    23.1994 0.0000e+00
      1.357      0.045     8.6258    101.065     39.613  38.110295     6.1778      8.717   176.2651 2.6552e+01     7.6136      1.332      1.932    23.1805 0.0000e+00
      1.371      0.041     8.6163    101.019     39.661  38.128236     5.9891      8.718   176.3230 2.6409e+01     7.7443      1.347      1.954    23.1687 0.0000e+00
      1.378      0.040     8.6222    100.796     39.730  38.178438     5.9676      8.719   176.4295 2.6382e+01     7.7713      1.354      1.963    23.1665 0.0000e+00
      1.381      0.040     8.6377    100.418     39.842  38.273063     5.8103      8.719   176.6065 2.6334e+01     7.7696      1.353      1.963    23.1471 0.0000e+00
      1.386      0.039     8.6571     99.965     39.979  38.383924     5.5017      8.719   176.8281 2.6141e+01     7.7576      1.355      1.966    23.0932 0.0000e+00
      1.401      0.038     8.6608     99.480     40.073  38.440044     5.3082      8.719   176.9579 2.5818e+01     7.6940      1.371      1.988    23.0545 0.0000e+00
      1.419      0.036     8.6437     98.914     40.115  38.443898     5.2674      8.719   177.0575 2.5567e+01     7.7181      1.396      2.024    23.0416 0.0000e+00
      1.431      0.032     8.6099     98.235     40.127  38.430463     5.1508      8.719   177.2582 2.5497e+01     7.8096      1.408      2.042    23.0289 0.0000e+00
      1.436      0.027     8.5719     97.475     40.114  38.404479     4.9303      8.719   177.5772 2.5527e+01     7.8101      1.408      2.042    23.0090 0.0000e+00
      1.439      0.022     8.5421     96.737     40.167  38.447003     4.8067      8.720   177.9033 2.5603e+01     7.7582      1.411      2.046    22.9574 0.0000e+00
      1.440      0.023     8.5028     96.114     40.366  38.627313     4.7882      8.720   178.1043 2.5724e+01     7.7286      1.413      2.050    22.9031 0.0000e+00
      1.440      0.033     8.4485     95.594     40.597  38.807762     4.7897      8.719   178.2862 2.5812e+01     7.7606      1.410      2.045    22.8763 0.0000e+00
      1.445      0.048     8.3810     95.047     40.739  38.851897     4.9335      8.718   178.5536 2.5710e+01     7.8715      1.412      2.049    22.8641 0.0000e+00
      1.460      0.063     8.3162     94.302     40.848  38.843513     5.2111      8.718   179.0151 2.5387e+01     8.0105      1.429      2.073    22.8492 0.0000e+00
      1.483      0.075     8.2628     93.225     40.933  38.833148     5.3670      8.718   179.7353 2.4980e+01     8.0406      1.454      2.109    22.8519 0.0000e+00
      1.509      0.080     8.2264     91.794     40.951  38.789910     5.3704      8.717   180.6372 2.4584e+01     7.9621      1.479      2.145    22.8247 0.0000e+00
      1.537      0.077     8.2074     90.172     40.960  38.764857     5.3348      8.717   181.4867 2.4214e+01     7.8472      1.508      2.186    22.6852 0.0000e+00
      1.562      0.070     8.1711     88.567     40.934  38.720557     5.2865      8.717   182.0058 2.3941e+01     7.7440      1.536      2.227    22.5281 0.0000e+00
      1.577      0.065     8.0982     87.164     40.725  38.508095     5.2601      8.717   182.4399 2.3832e+01     7.7048      1.550      2.249    22.4162 0.0000e+00
      1.583      0.065     7.9774     86.119     40.444  38.226628     5.2496      8.716   183.0358 2.3778e+01     7.6464      1.552      2.251    22.3432 0.0000e+00
      1.588      0.067     7.8353     85.501     40.268  38.046023     5.1754      8.715   183.7036 2.3606e+01     7.5505      1.553      2.252    22.3098 0.0000e+00
      1.603      0.069     7.6944     85.391     40.141  37.910819     5.0454      8.714   184.4051 2.3210e+01     7.5362      1.564      2.269    22.2892 0.0000e+00
      1.632      0.069     7.5675     85.887     40.047  37.797544     4.9769      8.714   184.8936 2.2666e+01     7.6107      1.599      2.320    22.2748 0.0000e+00
      1.664      0.066     7.4800     86.908     40.038  37.755146     4.9627      8.714   185.1355 2.2291e+01     7.6308      1.639      2.376    22.2529 0.0000e+00
      1.684      0.058     7.4269     88.187     40.098  37.778878     4.9068      8.714   185.4372 2.2190e+01     7.5058      1.655      2.400    22.2326 0.0000e+00
      1.692      0.044     7.4133     89.508     40.179  37.830611     4.8169      8.714   185.7875 2.2185e+01     7.3290      1.661      2.409    22.2214 0.0000e+00
      1.696      0.028     7.4625     90.746     40.238  37.872965     4.7835      8.714   186.2742 2.2171e+01     7.2696      1.664      2.413    22.1926 0.0000e+00
      1.699      0.017     7.5705     91.787     40.282  37.910223     4.7947      8.714   187.0194 2.2171e+01     7.3344      1.667      2.416    22.1432 0.0000e+00
      1.700      0.015     7.6944     92.568     40.341  37.963799     4.7107      8.714   187.6561 2.2236e+01     7.2927      1.669      2.420    22.0984 0.0000e+00
      1.700      0.018     7.8169     93.081     40.400  38.013095     4.5416      8.714   187.9501 2.2278e+01     7.1067      1.665      2.415    22.0670 0.0000e+00
      1.702      0.023     7.9320     93.327     40.390  37.998600     4.4485      8.714   187.9929 2.2213e+01     7.0324      1.667      2.417    22.0514 0.0000e+00
      1.711      0.027     8.0247     93.294     40.297  37.915449     4.4418      8.714   188.0881 2.2093e+01     7.0777      1.678      2.434    22.0502 0.0000e+00
      1.723      0.031     8.0930     93.030     40.206  37.832662     4.4522      8.714   188.4128 2.1986e+01     7.0740      1.690      2.453    22.0513 0.0000e+00
      1.734      0.035     8.1381     92.640     40.138  37.759105     4.4903      8.714   188.6490 2.1936e+01     7.0224      1.701      2.469    22.0411 0.0000e+00
      1.742      0.038     8.1643     92.253     40.054  37.660627     4.5536      8.713   188.7939 2.1896e+01     6.9996      1.709      2.478    22.0269 0.0000e+00
      1.748      0.039     8.1570     91.928     39.878  37.466870     4.5930      8.712   189.1309 2.1785e+01     7.0368      1.713      2.484    22.0393 0.0000e+00
      1.758      0.042     8.1292     91.647     39.639  37.193099     4.6176      8.713   189.6263 2.1611e+01     7.1303      1.722      2.498    22.0505 0.0000e+00
      1.769      0.046     8.0923     91.395     39.534  37.015494     4.7006      8.713   190.2238 2.1442e+01     7.1745      1.736      2.518    22.0377 0.0000e+00
      1.781      0.049     8.0605     91.137     39.572  36.969164     4.8229      8.713   190.7629 2.1224e+01     7.1267      1.746      2.532    22.0074 0.0000e+00
      1.796      0.051     8.0400     90.937     39.613  36.950077     4.8813      8.713   191.1543 2.0885e+01     7.0655      1.759      2.551    21.9794 0.0000e+00
      1.814      0.052     8.0205     90.914     39.613  36.911535     4.8820      8.713   191.6006 2.0603e+01     7.0152      1.782      2.584    21.9290 0.0000e+00
      1.827      0.052     8.0212     91.024     39.619  36.883828     4.8238      8.713   192.0291 2.0488e+01     7.0308      1.795      2.603    21.8093 0.0000e+00
      1.835      0.052     8.0143     91.136     39.638  36.868841     4.7102      8.714   192.2057 2.0363e+01     7.0836      1.798      2.607    21.6901 0.0000e+00
      1.846      0.050     8.0005     91.196     39.652  36.857181     4.6403      8.714   192.2728 2.0059e+01     7.1062      1.808      2.621    21.6235 0.0000e+00
      1.862      0.047     8.0068     91.194     39.680  36.869730     4.6029      8.714   192.5829 1.9690e+01     7.0993      1.827      2.650    21.5863 0.0000e+00
      1.878      0.043     8.0295     91.121     39.710  36.893642     4.4577      8.714   193.1156 1.9432e+01     7.0680      1.844      2.675    21.5430 0.0000e+00
      1.890      0.040     8.0471     90.987     39.711  36.892479     4.2332      8.714   193.5509 1.9258e+01     7.0702      1.854      2.690    21.4966 0.0000e+00
      1.898      0.036     8.0572     90.811     39.681  36.855667     4.1277      8.714   193.8021 1.9152e+01     7.1259      1.863      2.702    21.4644 0.0000e+00
      1.904      0.029     8.0602     90.616     39.675  36.829258     4.1140      8.713   194.0021 1.9070e+01     7.1601      1.866      2.707    21.4509 0.0000e+00
      1.909      0.023     8.0530     90.421     39.691  36.826962     4.0840      8.713   194.3351 1.8905e+01     7.1426      1.870      2.712    21.4480 0.0000e+00
      1.916      0.018     8.0414     90.241     39.691  36.827877     4.0564      8.713   194.7306 1.8725e+01     7.1186      1.880      2.725    21.4483 0.0000e+00
      1.923      0.014     8.0251     90.083     39.694  36.840317     4.0553      8.714   195.0842 1.8679e+01     7.1093      1.888      2.739    21.4442 0.0000e+00
      1.924      0.013     8.0134     89.968     39.696  36.850487     4.0698      8.714   195.4270 1.8706e+01     7.0993      1.887      2.738    21.4067 0.0000e+00
      1.923      0.015     8.0000     89.900     39.670  36.823951     4.0663      8.713   195.6921 1.8682e+01     7.0650      1.884      2.733    21.3760 0.0000e+00
      1.924      0.020     7.9839     89.885     39.635  36.773278     4.0456      8.713   195.8796 1.8617e+01     7.0712      1.887      2.737    21.3838 0.0000e+00
      1.927      0.028     7.9646     89.885     39.649  36.745396     4.0446      8.712   195.9740 1.8520e+01     7.1402      1.890      2.740    21.4024 0.0000e+00
      1.934      0.037     7.9539     89.801     39.697  36.740589     4.0623      8.712   196.0585 1.8261e+01     7.1472      1.893      2.744    21.4146 0.0000e+00
      1.948      0.042     7.9471     89.575     39.709  36.715089     4.0684      8.711   196.2128 1.7841e+01     7.1227      1.908      2.768    21.4141 0.0000e+00
      1.967      0.042     7.9484     89.171     39.707  36.690834     4.0183      8.711   196.4638 1.7469e+01     7.1172      1.930      2.800    21.3969 0.0000e+00
      1.983      0.038     7.9630     88.621     39.733  36.701102     3.9231      8.711   196.7694 1.7196e+01     7.0806      1.945      2.821    21.3395 0.0000e+00
      1.993      0.033     7.9674     88.014     39.753  36.712315     3.8821      8.710   197.0690 1.7063e+01     7.0900      1.958      2.840    21.2620 0.0000e+00
      1.996      0.028     7.9568     87.414     39.743  36.699490     3.8895      8.710   197.5050 1.7102e+01     7.1281      1.961      2.844    21.2180 0.0000e+00
      1.995      0.028     7.9232     86.849     39.727  36.672941     3.8624      8.710   198.0838 1.7092e+01     7.1652      1.955      2.835    21.1949 0.0000e+00
      1.997      0.033     7.8737     86.367     39.737  36.645111     3.8038      8.708   198.6458 1.6951e+01     7.2322      1.958      2.839    21.1759 0.0000e+00
      2.005      0.041     7.8186     86.009     39.771  36.616765     3.7638      8.707   198.9663 1.6747e+01     7.2886      1.964      2.849    21.1696 0.0000e+00
      2.019      0.049     7.7657     85.698     39.802  36.583937     3.7534      8.707   199.0338 1.6437e+01     7.3690      1.975      2.865    21.1683 0.0000e+00
      2.040      0.052     7.7141     85.262     39.832  36.565354     3.7281      8.707   199.2042 1.6027e+01     7.3830      1.999      2.900    21.1643 0.0000e+00
      2.061      0.050     7.6759     84.617     39.877  36.582375     3.6740      8.707   199.5637 1.5696e+01     7.2871      2.025      2.937    21.1184 0.0000e+00
      2.076      0.044     7.6595     83.790     39.902  36.599346     3.6401      8.706   199.8525 1.5553e+01     7.2354      2.040      2.958    21.0283 0.0000e+00
      2.082      0.037     7.6517     82.844     39.883  36.580191     3.6345      8.706   200.1154 1.5503e+01     7.2709      2.043      2.963    20.9466 0.0000e+00
      2.085      0.031     7.6252     81.926     39.857  36.541138     3.6558      8.707   200.4192 1.5481e+01     7.3394      2.045      2.965    20.8848 0.0000e+00
      2.087      0.029     7.5684     81.151     39.855  36.507847     3.6985      8.707   200.6001 1.5445e+01     7.3472      2.046      2.967    20.8542 0.0000e+00
      2.092      0.029     7.4957     80.562     39.875  36.494887     3.7096      8.706   200.7534 1.5286e+01     7.2969      2.048      2.970    20.8549 0.0000e+00
      2.103      0.030     7.4024     80.137     39.909  36.511298     3.6981      8.704   200.9823 1.5047e+01     7.2770      2.061      2.989    20.8610 0.0000e+00
      2.117      0.031     7.3201     79.857     39.914  36.515898     3.7011      8.704   201.2172 1.4877e+01     7.3119      2.079      3.014    20.8458 0.0000e+00
      2.127      0.030     7.2561     79.724     39.886  36.487046     3.7133      8.705   201.5277 1.4790e+01     7.3774      2.087      3.027    20.7963 0.0000e+00
      2.132      0.026     7.2114     79.670     39.892  36.479710     3.7200      8.705   201.8982 1.4720e+01     7.3850      2.092      3.034    20.7449 0.0000e+00
      2.136      0.021     7.1782     79.658     39.926  36.490633     3.7159      8.704   202.1691 1.4658e+01     7.3358      2.095      3.039    20.7289 0.0000e+00
      2.139      0.018     7.1475     79.653     39.953  36.492187     3.7134      8.704   202.3937 1.4580e+01     7.3288      2.098      3.042    20.7415 0.0000e+00
      2.144      0.016     7.1413     79.540     39.983  36.498470     3.7315      8.703   202.6351 1.4487e+01     7.3005      2.103      3.049    20.7403 0.0000e+00
      2.148      0.015     7.1398     79.250     40.003  36.503122     3.7691      8.703   202.8508 1.4431e+01     7.1992      2.106      3.055    20.7193 0.0000e+00
      2.152      0.015     7.1407     78.775     39.990  36.484959     3.7926      8.703   203.1091 1.4386e+01     7.0942      2.110      3.060    20.6957 0.0000e+00
      2.156      0.019     7.1517     78.147     39.840  36.342300     3.7832      8.702   203.5213 1.4334e+01     7.0222      2.115      3.067    20.6626 0.0000e+00
      2.159      0.027     7.1469     77.482     39.544  36.047272     3.7724      8.702   203.9625 1.4307e+01     7.0794      2.118      3.072    20.6341 0.0000e+00
