Data/DataNotYetUploadedToEDI/Raw_CTD/RawDownloads/061024_fcr40_S7809006.cnv
* Sea-Bird SBE19plus  Data File:
* FileName = C:\R\Reservoirs\Data\DataNotYetUploadedToEDI\Raw_CTD\RawDownloads\061024_bvr50_S7809_0006.hex
* Software version 2.8.0.119
* Temperature SN = 7809
* Conductivity SN = 7809
* System UpLoad Time = Jun 11 2024 14:40:07
* <ApplicationData>
* <Seaterm232>
# nquan = 15
# nvalues = 1018                        
# units = specified
# name 0 = depFM: Depth [fresh water, m]
# name 1 = dz/dtM: Descent Rate [m/s]
# name 2 = sbeox0Mg/L: Oxygen, SBE 43 [mg/l]
# name 3 = sbeox0PS: Oxygen, SBE 43 [% saturation]
# name 4 = specc: Specific Conductance [uS/cm]
# name 5 = c0uS/cm: Conductivity [uS/cm]
# name 6 = flECO-AFL: Fluorescence, WET Labs ECO-AFL/FL [mg/m^3]
# name 7 = ph: pH
# name 8 = orp: Oxidation Reduction Potential [mV]
# name 9 = par/sat/log: PAR/Logarithmic, Satlantic
# name 10 = turbWETntu0: Turbidity, WET Labs ECO [NTU]
# name 11 = prdM: Pressure, Strain Gauge [db]
# name 12 = prdE: Pressure, Strain Gauge [psi]
# name 13 = tv290C: Temperature [ITS-90, deg C]
# name 14 = flag:  0.000e+00
# span 0 =     -0.727,      5.828       
# span 1 =     -0.299,      0.152       
# span 2 =     1.7586,     9.6949       
# span 3 =     16.505,    113.552       
# span 4 =      1.420,     47.078       
# span 5 =   1.271309,  38.851897       
# span 6 =    -0.1538,     6.7837       
# span 7 =      5.199,      9.106       
# span 8 =  -129.1891,   308.4553       
# span 9 = 1.2381e-01, 2.5352e+02       
# span 10 =     1.1710,   528.1342      
# span 11 =     -0.713,      5.715      
# span 12 =     -1.034,      8.289      
# span 13 =    11.3331,    24.2189      
# span 14 = 0.0000e+00, 0.0000e+00      
# interval = seconds: 0.25
# start_time = Jun 10 2024 13:35:55 [Instrument's time stamp, header]
# bad_flag = -9.990e-29
*END*
[from data line 579]
      5.827     -0.011     6.8752     62.890     46.415  33.842985     0.1482      8.449   264.9758 1.2699e-01    29.2425      5.715      8.289    11.4127 0.0000e+00
      5.824     -0.015     6.8725     62.917     46.456  33.893106     0.2214      8.446   264.9882 1.2580e-01    34.8319      5.712      8.285    11.4103 0.0000e+00
      5.817     -0.019     6.8687     62.969     46.457  33.913255     0.2398      8.444   264.9951 1.2436e-01    36.1802      5.705      8.274    11.4202 0.0000e+00
      5.810     -0.022     6.8623     63.026     46.416  33.896284     0.4944      8.442   265.2318 1.2398e-01    45.8862      5.697      8.263    11.4340 0.0000e+00
      5.804     -0.026     6.8627     63.067     46.386  33.878261     0.9787      8.440   265.6128 1.2381e-01    63.5772      5.691      8.254    11.4527 0.0000e+00
      5.799     -0.034     6.8588     63.101     46.395  33.885693     1.2425      8.439   266.0742 1.2381e-01    73.0993      5.687      8.248    11.4772 0.0000e+00
      5.793     -0.047     6.8639     63.128     46.435  33.922688     1.2459      8.437   266.6796 1.2395e-01    73.1603      5.682      8.240    11.4974 0.0000e+00
      5.785     -0.065     6.8683     63.154     46.441  33.944902     1.1856      8.436   267.2544 1.2645e-01    65.2030      5.675      8.230    11.5146 0.0000e+00
      5.771     -0.082     6.8710     63.195     46.358  33.900524     1.0962      8.434   267.6891 1.3137e-01    50.5696      5.664      8.214    11.5166 0.0000e+00
      5.746     -0.089     6.8767     63.262     46.273  33.830258     1.0482      8.432   267.9789 1.4263e-01    42.6374      5.640      8.181    11.5122 0.0000e+00
      5.707     -0.084     6.8768     63.316     46.275  33.793211     1.0370      8.430   268.0911 1.5653e-01    42.2590      5.599      8.120    11.5206 0.0000e+00
      5.667     -0.066     6.8773     63.326     46.311  33.769784     1.0777      8.429   268.0993 1.6551e-01    46.3012      5.550      8.049    11.5408 0.0000e+00
      5.643     -0.040     6.8741     63.296     46.324  33.737275     1.1910      8.428   268.0777 1.6327e-01    53.9699      5.523      8.010    11.5721 0.0000e+00
      5.644     -0.007     6.8855     63.192     46.337  33.717327     1.2664      8.427   267.9152 1.4754e-01    58.2936      5.529      8.020    11.5673 0.0000e+00
      5.661      0.027     6.9014     63.019     46.364  33.718907     1.2646      8.426   267.7695 1.4360e-01    60.2178      5.552      8.053    11.5134 0.0000e+00
      5.680      0.053     6.9098     62.844     46.343  33.692908     1.2199      8.424   267.6933 1.5030e-01    77.7137      5.572      8.081    11.4532 0.0000e+00
      5.696      0.064     6.9176     62.708     46.303  33.656740     1.1588      8.424   267.5095 1.4735e-01   109.7293      5.585      8.100    11.4056 0.0000e+00
      5.715      0.062     6.9107     62.601     46.317  33.662275     1.1335      8.423   267.4401 1.3987e-01   127.2085      5.603      8.126    11.3752 0.0000e+00
      5.736      0.049     6.8910     62.529     46.366  33.696382     1.1378      8.420   267.7149 1.3257e-01   128.9471      5.626      8.160    11.3577 0.0000e+00
      5.753      0.027     6.8712     62.532     46.437  33.751895     1.1283      8.418   268.2504 1.2664e-01   130.1703      5.646      8.189    11.3475 0.0000e+00
      5.762     -0.005     6.8593     62.605     46.526  33.825921     1.1016      8.416   268.7528 1.2458e-01   142.1353      5.654      8.201    11.3404 0.0000e+00
      5.760     -0.051     6.8484     62.689     46.688  33.956986     1.0730      8.415   269.0568 1.2478e-01   164.1682      5.652      8.197    11.3353 0.0000e+00
      5.747     -0.109     6.8383     62.760     46.824  34.067679     1.0652      8.414   269.1734 1.2471e-01   176.1709      5.641      8.180    11.3331 0.0000e+00
      5.718     -0.168     6.8376     62.830     46.750  34.022292     1.0817      8.411   269.1301 1.2837e-01   176.4457      5.616      8.144    11.3360 0.0000e+00
      5.667     -0.216     6.8480     62.872     46.600  33.915799     1.0985      8.408   269.1361 1.4891e-01   166.9777      5.568      8.076    11.3478 0.0000e+00
      5.590     -0.242     6.8553     62.875     46.522  33.858669     1.1184      8.407   269.3320 1.8827e-01   149.4162      5.488      7.960    11.3633 0.0000e+00
      5.498     -0.243     6.8587     62.847     46.588  33.902549     1.1308      8.406   269.6051 2.3325e-01   139.7586      5.390      7.817    11.3776 0.0000e+00
      5.412     -0.223     6.8677     62.777     46.734  34.002229     1.1318      8.405   269.7715 2.7281e-01   137.8952      5.297      7.682    11.3868 0.0000e+00
      5.353     -0.185     6.8719     62.674     46.720  33.985300     1.1478      8.404   269.7941 2.9326e-01   126.6482      5.235      7.593    11.3887 0.0000e+00
      5.327     -0.134     6.8713     62.585     46.594  33.888185     1.1659      8.404   269.7932 3.0480e-01   106.1474      5.220      7.572    11.3887 0.0000e+00
      5.313     -0.081     6.8701     62.545     46.539  33.843153     1.1752      8.404   269.8462 3.2049e-01    95.0128      5.214      7.562    11.3848 0.0000e+00
      5.298     -0.036     6.8638     62.545     46.515  33.821495     1.1861      8.403   269.8333 3.3004e-01    94.0891      5.191      7.529    11.3750 0.0000e+00
      5.292     -0.005     6.8512     62.564     46.513  33.816648     1.1973      8.402   269.7233 3.3367e-01    94.5337      5.185      7.520    11.3673 0.0000e+00
      5.298      0.010     6.8404     62.616     46.560  33.847990     1.2030      8.400   269.7213 3.2763e-01    95.4693      5.195      7.535    11.3627 0.0000e+00
      5.310      0.014     6.8378     62.713     46.610  33.883217     1.1965      8.399   269.8086 3.0487e-01    95.9053      5.206      7.551    11.3569 0.0000e+00
      5.324      0.004     6.8402     62.848     46.668  33.925341     1.1854      8.398   269.9186 2.8267e-01    95.4676      5.224      7.576    11.3518 0.0000e+00
      5.334     -0.027     6.8416     63.006     46.737  33.976638     1.1596      8.396   270.1039 2.8922e-01    90.3477      5.237      7.594    11.3488 0.0000e+00
      5.333     -0.072     6.8467     63.172     46.757  33.995874     1.1184      8.394   270.2426 3.1111e-01    80.9711      5.234      7.590    11.3459 0.0000e+00
      5.316     -0.119     6.8590     63.352     46.710  33.967600     1.0954      8.393   270.3050 3.3028e-01    75.8634      5.221      7.574    11.3444 0.0000e+00
      5.275     -0.150     6.8732     63.537     46.679  33.952020     1.0807      8.391   270.3418 3.6812e-01    75.2519      5.184      7.519    11.3439 0.0000e+00
      5.206     -0.157     6.8920     63.671     46.738  33.997830     1.0653      8.390   270.2578 4.2664e-01    74.2616      5.108      7.409    11.3456 0.0000e+00
      5.130     -0.140     6.9084     63.716     46.851  34.077370     1.0845      8.389   269.8913 4.8163e-01    64.8117      5.021      7.282    11.3501 0.0000e+00
      5.080     -0.105     6.9266     63.683     46.961  34.152383     1.1213      8.387   268.7495 5.0775e-01    47.5545      4.966      7.202    11.3567 0.0000e+00
      5.069     -0.060     6.9488     63.599     47.043  34.206881     1.1269      8.386   266.6919 5.0384e-01    38.1448      4.962      7.197    11.3660 0.0000e+00
      5.083     -0.018     6.9644     63.488     47.077  34.228721     1.1194      8.384   264.5438 4.8842e-01    37.3263      4.983      7.227    11.3709 0.0000e+00
      5.104      0.012     6.9688     63.358     47.076  34.226111     1.1130      8.382   262.9105 4.6873e-01    37.9649      5.009      7.264    11.3669 0.0000e+00
      5.119      0.020     6.9652     63.190     47.007  34.175323     1.1004      8.380   261.2256 4.4836e-01    39.3081      5.026      7.290    11.3597 0.0000e+00
      5.122      0.004     6.9566     62.997     46.846  34.058765     1.0830      8.378   259.0567 4.4473e-01    40.0065      5.024      7.287    11.3537 0.0000e+00
      5.119     -0.032     6.9434     62.797     46.706  33.958863     1.0534      8.376   257.1641 4.6642e-01    40.0210      5.019      7.279    11.3500 0.0000e+00
      5.115     -0.081     6.9322     62.595     46.645  33.919117     1.0332      8.373   255.8941 4.8986e-01    40.0634      5.018      7.278    11.3487 0.0000e+00
      5.102     -0.130     6.9122     62.402     46.603  33.895433     1.0468      8.372   254.9728 5.0567e-01    40.2128      5.013      7.271    11.3484 0.0000e+00
      5.065     -0.167     6.8902     62.247     46.548  33.862848     1.0765      8.371   254.2842 5.4608e-01    40.3240      4.980      7.222    11.3484 0.0000e+00
      4.998     -0.186     6.8685     62.166     46.514  33.842368     1.0925      8.370   253.8487 6.1945e-01    40.0410      4.907      7.117    11.3496 0.0000e+00
      4.918     -0.182     6.8451     62.191     46.507  33.838167     1.1395      8.369   253.7522 6.9229e-01    36.9958      4.819      6.990    11.3545 0.0000e+00
      4.848     -0.155     6.8216     62.337     46.472  33.812050     1.2455      8.367   253.8060 7.4969e-01    31.5500      4.743      6.879    11.3638 0.0000e+00
      4.808     -0.109     6.8013     62.577     46.430  33.780374     1.3178      8.366   253.8965 7.7600e-01    28.6120      4.702      6.819    11.3726 0.0000e+00
      4.801     -0.055     6.7913     62.863     46.420  33.772393     1.3312      8.365   254.0717 7.6850e-01    28.3569      4.705      6.823    11.3773 0.0000e+00
      4.811     -0.010     6.7919     63.142     46.429  33.778996     1.3242      8.364   254.3758 7.5553e-01    28.3634      4.718      6.842    11.3780 0.0000e+00
      4.826      0.017     6.8105     63.394     46.454  33.796762     1.3081      8.363   254.6479 7.3882e-01    28.4173      4.731      6.861    11.3764 0.0000e+00
      4.843      0.024     6.8379     63.604     46.452  33.796865     1.3110      8.361   254.7802 7.1893e-01    28.4622      4.753      6.893    11.3749 0.0000e+00
      4.853      0.017     6.8724     63.759     46.426  33.780242     1.3260      8.360   254.9435 7.1733e-01    28.4959      4.764      6.908    11.3745 0.0000e+00
      4.852      0.007     6.9033     63.878     46.431  33.786121     1.3231      8.359   255.1595 7.3125e-01    28.5164      4.759      6.903    11.3737 0.0000e+00
      4.847     -0.002     6.9304     63.952     46.454  33.804494     1.3185      8.356   255.4129 7.3328e-01    28.4710      4.754      6.895    11.3728 0.0000e+00
      4.839     -0.007     6.9564     63.989     46.464  33.812050     1.3365      8.355   255.5983 7.3085e-01    28.3914      4.745      6.882    11.3745 0.0000e+00
      4.833     -0.008     6.9686     64.015     46.468  33.814036     1.3653      8.355   255.6807 7.2715e-01    28.4084      4.738      6.872    11.3779 0.0000e+00
      4.833     -0.005     6.9838     64.017     46.489  33.828511     1.3842      8.354   255.8063 7.1312e-01    28.5053      4.739      6.873    11.3808 0.0000e+00
      4.838      0.001     6.9913     64.010     46.534  33.860178     1.3991      8.353   255.9127 7.1250e-01    28.7432      4.746      6.884    11.3826 0.0000e+00
      4.840      0.007     6.9920     64.007     46.562  33.879684     1.4203      8.352   256.0202 7.2044e-01    29.1327      4.749      6.888    11.3830 0.0000e+00
      4.838      0.013     6.9985     63.975     46.555  33.874021     1.4239      8.350   256.2455 7.2055e-01    29.3545      4.743      6.880    11.3815 0.0000e+00
      4.839      0.014     6.9969     63.897     46.530  33.855149     1.4177      8.349   256.5723 7.2147e-01    29.3750      4.743      6.878    11.3804 0.0000e+00
      4.846      0.012     6.9950     63.804     46.510  33.841834     1.4281      8.348   256.8734 7.2212e-01    28.7669      4.751      6.891    11.3798 0.0000e+00
      4.856      0.009     6.9972     63.723     46.507  33.839934     1.4340      8.347   257.0471 7.0547e-01    27.5350      4.763      6.908    11.3782 0.0000e+00
      4.862      0.006     6.9950     63.659     46.496  33.832180     1.4218      8.346   257.2104 6.8577e-01    26.8461      4.772      6.921    11.3775 0.0000e+00
      4.860      0.003     6.9841     63.605     46.467  33.811520     1.4224      8.344   257.4710 6.8977e-01    26.6544      4.769      6.917    11.3776 0.0000e+00
      4.853      0.001     6.9732     63.565     46.422  33.780478     1.5326      8.342   257.7895 7.0617e-01    25.3198      4.759      6.902    11.3783 0.0000e+00
      4.848     -0.003     6.9637     63.545     46.410  33.774087     1.7218      8.341   257.9638 7.1024e-01    22.9053      4.752      6.892    11.3792 0.0000e+00
      4.848     -0.013     6.9578     63.538     46.439  33.797685     1.8123      8.340   257.9436 6.9934e-01    21.5423      4.751      6.891    11.3786 0.0000e+00
      4.855     -0.032     6.9514     63.550     46.455  33.812022     1.8112      8.339   257.8895 6.8190e-01    21.3427      4.759      6.902    11.3794 0.0000e+00
      4.860     -0.059     6.9456     63.547     46.465  33.820549     1.7338      8.337   257.9113 6.8260e-01    20.9019      4.771      6.921    11.3815 0.0000e+00
      4.849     -0.091     6.9453     63.510     46.482  33.837344     1.5843      8.336   258.1215 7.2757e-01    20.0728      4.765      6.912    11.3837 0.0000e+00
      4.814     -0.121     6.9411     63.454     46.453  33.824759     1.5010      8.333   258.3665 7.9341e-01    19.5510      4.727      6.856    11.3873 0.0000e+00
      4.763     -0.140     6.9454     63.389     46.309  33.731839     1.4842      8.331   258.4639 8.8661e-01    19.4435      4.671      6.775    11.3894 0.0000e+00
      4.710     -0.141     6.9459     63.348     46.116  33.602112     1.4814      8.330   258.6107 1.0092e+00    19.4218      4.616      6.695    11.3897 0.0000e+00
      4.662     -0.125     6.9390     63.317     45.996  33.525142     1.5751      8.327   258.8509 1.1100e+00    19.2193      4.567      6.625    11.3933 0.0000e+00
      4.628     -0.096     6.9329     63.276     45.948  33.499112     1.7515      8.325   259.0455 1.1530e+00    18.8394      4.528      6.569    11.4040 0.0000e+00
      4.615     -0.061     6.9199     63.228     45.907  33.477718     1.8490      8.324   259.2420 1.1404e+00    18.6213      4.519      6.555    11.4180 0.0000e+00
      4.616     -0.026     6.9154     63.132     45.867  33.456820     1.8563      8.322   259.4202 1.1321e+00    18.4953      4.530      6.571    11.4301 0.0000e+00
      4.616      0.002     6.9117     62.915     45.824  33.436780     1.8806      8.321   259.5661 1.1456e+00    17.9305      4.528      6.568    11.4409 0.0000e+00
      4.616      0.020     6.9039     62.550     45.793  33.425762     1.9341      8.320   259.8010 1.1356e+00    16.9846      4.522      6.560    11.4507 0.0000e+00
      4.626      0.025     6.8996     62.055     45.813  33.450505     1.9545      8.318   260.1100 1.0973e+00    16.4183      4.533      6.575    11.4587 0.0000e+00
      4.642      0.013     6.8910     61.430     45.847  33.482179     1.9356      8.318   260.3759 1.0645e+00    16.2409      4.552      6.604    11.4679 0.0000e+00
      4.656     -0.014     6.8673     60.677     45.855  33.491510     1.8144      8.316   260.5210 1.0468e+00    15.9667      4.568      6.626    11.4801 0.0000e+00
      4.662     -0.054     6.8225     59.824     45.868  33.499889     1.6039      8.314   260.5742 1.0558e+00    15.6310      4.578      6.639    11.4940 0.0000e+00
      4.650     -0.096     6.7680     58.948     45.899  33.520047     1.5040      8.312   260.6749 1.1333e+00    15.4959      4.572      6.630    11.5060 0.0000e+00
      4.611     -0.127     6.6984     58.135     45.934  33.544907     1.5063      8.310   260.8781 1.2881e+00    15.4599      4.531      6.570    11.5141 0.0000e+00
