Data/DataNotYetUploadedToEDI/Raw_CTD/RawDownloads/061024_fcr10_S7809003.cnv
* Sea-Bird SBE19plus  Data File:
* FileName = C:\R\Reservoirs\Data\DataNotYetUploadedToEDI\Raw_CTD\RawDownloads\061024_bvr50_S7809_0003.hex
* Software version 2.8.0.119
* Temperature SN = 7809
* Conductivity SN = 7809
* System UpLoad Time = Jun 11 2024 14:38:53
* <ApplicationData>
* <Seaterm232>
# nquan = 15
# nvalues = 653                         
# units = specified
# name 0 = depFM: Depth [fresh water, m]
# name 1 = dz/dtM: Descent Rate [m/s]
# name 2 = sbeox0Mg/L: Oxygen, SBE 43 [mg/l]
# name 3 = sbeox0PS: Oxygen, SBE 43 [% saturation]
# name 4 = specc: Specific Conductance [uS/cm]
# name 5 = c0uS/cm: Conductivity [uS/cm]
# name 6 = flECO-AFL: Fluorescence, WET Labs ECO-AFL/FL [mg/m^3]
# name 7 = ph: pH
# name 8 = orp: Oxidation Reduction Potential [mV]
# name 9 = par/sat/log: PAR/Logarithmic, Satlantic
# name 10 = turbWETntu0: Turbidity, WET Labs ECO [NTU]
# name 11 = prdM: Pressure, Strain Gauge [db]
# name 12 = prdE: Pressure, Strain Gauge [psi]
# name 13 = tv290C: Temperature [ITS-90, deg C]
# name 14 = flag:  0.000e+00
# span 0 =     -0.727,      2.043       
# span 1 =     -0.262,      0.110       
# span 2 =     4.0682,    10.4591       
# span 3 =     47.110,    122.996       
# span 4 =      0.718,     45.550       
# span 5 =   0.620212,  42.813955       
# span 6 =    -0.1413,    35.1154       
# span 7 =      7.819,      9.085       
# span 8 = -1240.7455,  1239.4891       
# span 9 = 6.7129e+01, 2.5696e+03       
# span 10 =     0.7129,   147.4798      
# span 11 =     -0.713,      2.004      
# span 12 =     -1.035,      2.906      
# span 13 =    18.1716,    24.2704      
# span 14 = 0.0000e+00, 0.0000e+00      
# interval = seconds: 0.25
# start_time = Jun 10 2024 13:09:16 [Instrument's time stamp, header]
# bad_flag = -9.990e-29
*END*
     -0.724 -4.494e-18     8.7496     92.785      0.844   0.728937    -0.0949      7.968 -1188.9156 4.7854e+02     1.4173     -0.710     -1.030    18.1716 0.0000e+00
     -0.724 -4.944e-17     8.7511     92.790      0.831   0.717412    -0.0933      7.998 -1206.2718 4.8032e+02     1.4226     -0.710     -1.030    18.1725 0.0000e+00
     -0.724 -5.438e-16     8.7533     92.782      0.816   0.704857    -0.0858      8.039 -1201.2145 4.8173e+02     1.4812     -0.711     -1.031    18.1731 0.0000e+00
     -0.724 -5.982e-15     8.7518     92.778      0.815   0.703818    -0.0958      8.044 -1183.3496 5.0101e+02     1.5454     -0.710     -1.030    18.1738 0.0000e+00
     -0.724 -6.580e-14     8.7515     92.780      0.816   0.704858    -0.0987      8.007 -1121.7375 5.5021e+02     1.6514     -0.710     -1.030    18.1748 0.0000e+00
     -0.725 -7.238e-13     8.7539     92.775      0.831   0.717421    -0.0956      7.959 -1018.7923 6.0041e+02     1.7383     -0.711     -1.031    18.1760 0.0000e+00
     -0.725 -7.962e-12     8.7508     92.767      0.844   0.729039    -0.1001      7.945  -992.2846 6.2998e+02     1.7424     -0.711     -1.031    18.1776 0.0000e+00
     -0.725 -8.758e-11     8.7502     92.758      0.832   0.718656    -0.0945      7.977  -977.7025 6.4335e+02     1.7698     -0.710     -1.030    18.1790 0.0000e+00
     -0.725 -9.634e-10     8.7515     92.761      0.832   0.718552    -0.0946      8.017  -905.8050 6.4440e+02     1.8302     -0.711     -1.031    18.1801 0.0000e+00
     -0.725 -1.060e-08     8.7496     92.767      0.843   0.727784    -0.0927      8.033  -886.6635 6.4526e+02     1.8919     -0.711     -1.031    18.1812 0.0000e+00
     -0.725 -1.166e-07     8.7499     92.772      0.815   0.703600    -0.0718      8.016  -951.0375 6.3156e+02     1.9692     -0.711     -1.031    18.1821 0.0000e+00
     -0.725 -3.118e-07     8.7470     92.780      0.787   0.679510    -0.0659      7.967 -1064.1466 5.9336e+02     1.9792     -0.711     -1.031    18.1827 0.0000e+00
     -0.725 -3.216e-07     8.7485     92.782      0.798   0.689873    -0.0803      7.917 -1171.1077 5.7561e+02     1.9443     -0.711     -1.031    18.1839 0.0000e+00
     -0.724 -1.273e-07     8.7490     92.789      0.812   0.702219    -0.0796      7.888 -1219.6538 5.6750e+02     1.9565     -0.710     -1.030    18.1850 0.0000e+00
     -0.724 -1.157e-08     8.7484     92.804      0.812   0.702105    -0.0741      7.869 -1233.7362 5.4058e+02     1.9566     -0.710     -1.030    18.1858 0.0000e+00
     -0.725 -1.066e-09     8.7503     92.812      0.797   0.688492    -0.0891      7.844 -1240.1083 5.3180e+02     1.9120     -0.711     -1.031    18.1867 0.0000e+00
     -0.725 -2.445e-10     8.7491     92.809      0.769   0.664310    -0.0936      7.819 -1240.6876 5.8681e+02     1.8945     -0.711     -1.031    18.1874 0.0000e+00
     -0.725 -1.646e-09     8.7497     92.804      0.767   0.663073    -0.0701      7.819 -1240.7402 6.5279e+02     1.9166     -0.711     -1.031    18.1884 0.0000e+00
     -0.725 -1.802e-08     8.7515     92.801      0.779   0.673542    -0.0633      7.858 -1240.7450 6.3002e+02     1.9051     -0.711     -1.032    18.1896 0.0000e+00
     -0.725 -1.982e-07     8.7525     92.800      0.769   0.664205    -0.0786      7.904 -1240.7455 5.6141e+02     1.7559     -0.711     -1.032    18.1907 0.0000e+00
     -0.725 -3.633e-07     8.7511     92.798      0.784   0.676862    -0.0796      7.930 -1240.7455 5.1056e+02     1.5135     -0.711     -1.031    18.1918 0.0000e+00
     -0.725 -1.982e-07     8.7508     92.802      0.810   0.699893    -0.0758      7.958 -1240.7455 4.8059e+02     1.3646     -0.711     -1.031    18.1927 0.0000e+00
     -0.725 -1.802e-08     8.7501     92.801      0.798   0.689320    -0.0746      8.008 -1240.7455 4.6824e+02     1.2877     -0.711     -1.031    18.1929 0.0000e+00
     -0.725 -1.638e-09     8.7507     92.785      0.782   0.675699    -0.0815      8.055 -1240.7455 4.5422e+02     1.1982     -0.711     -1.032    18.1929 0.0000e+00
     -0.725 -1.489e-10     8.7496     92.773      0.766   0.661888    -0.0927      8.057 -1240.7455 4.3697e+02     1.1037     -0.711     -1.031    18.1934 0.0000e+00
     -0.725 -1.354e-11     8.7501     92.776      0.751   0.649013    -0.0844      8.017 -1240.7455 4.2763e+02     0.9983     -0.711     -1.031    18.1954 0.0000e+00
     -0.725 -1.230e-12     8.7507     92.786      0.749   0.646700    -0.0810      7.983 -1240.7455 4.3208e+02     0.9148     -0.711     -1.031    18.1982 0.0000e+00
     -0.725 -1.118e-13     8.7469     92.791      0.734   0.633928    -0.0931      7.988 -1240.7455 4.4616e+02     0.9140     -0.711     -1.031    18.2009 0.0000e+00
     -0.725 -9.676e-15     8.7453     92.787      0.719   0.621260    -0.0901      7.999 -1240.7455 4.5848e+02     0.9882     -0.711     -1.030    18.2027 0.0000e+00
     -0.725 4.5060e-15     8.7459     92.769      0.718   0.620212    -0.0774      7.979 -1240.7455 4.6377e+02     1.0277     -0.710     -1.031    18.2031 0.0000e+00
     -0.725 5.9652e-14     8.7477     92.761      0.719   0.621259    -0.0819      7.950 -1240.7455 4.6195e+02     0.9814     -0.711     -1.032    18.2028 0.0000e+00
     -0.725 6.5709e-13     8.7472     92.759      0.734   0.633919    -0.0773      7.946 -1240.7455 4.5532e+02     0.9402     -0.711     -1.031    18.2026 0.0000e+00
     -0.725 7.2280e-12     8.7487     92.754      0.749   0.646595    -0.0472      7.955 -1240.7455 4.5247e+02     0.9045     -0.711     -1.032    18.2033 0.0000e+00
     -0.725 7.9508e-11     8.7444     92.767      0.750   0.647850    -0.0257      7.960 -1240.7455 4.5371e+02     0.7897     -0.711     -1.031    18.2037 0.0000e+00
     -0.725 8.7459e-10     8.7445     92.783      0.751   0.649097    -0.0243      7.960 -1240.7451 4.5076e+02     0.7129     -0.711     -1.032    18.2034 0.0000e+00
     -0.725 9.6205e-09     8.7460     92.790      0.766   0.661670    -0.0225      7.963 -1240.7413 4.4466e+02     0.7621     -0.711     -1.031    18.2024 0.0000e+00
     -0.725 1.0583e-07     8.7424     92.795      0.779   0.673187     0.0713      7.970 -1240.6993 4.4201e+02     1.2133     -0.711     -1.031    18.2020 0.0000e+00
     -0.725      0.000     8.7464     92.809      0.766   0.661674     0.2357      7.976 -1240.2371 4.5471e+02     2.0016     -0.711     -1.031    18.2005 0.0000e+00
     -0.725      0.000     8.7472     92.769      0.751   0.649144     0.3082      7.981 -1235.1535 5.0099e+02     2.4021     -0.711     -1.031    18.2010 0.0000e+00
     -0.725      0.000     8.7492     92.650      0.750   0.648372     0.3157      8.003 -1179.2337 5.8388e+02     2.4344     -0.711     -1.031    18.1987 0.0000e+00
     -0.725      0.002     8.7469     92.563      0.755   0.652337     0.3514      8.208  -564.1160 6.5755e+02     2.4614     -0.711     -1.031    18.2011 0.0000e+00
     -0.725      0.007     8.7522     92.554      0.803   0.697082     0.6988      8.552   563.5998 6.8046e+02     2.7620     -0.711     -1.031    18.1960 0.0000e+00
     -0.725      0.017     8.7507     92.555      1.338   1.189382     1.3609      8.682  1178.7158 6.8424e+02     3.4049     -0.711     -1.031    18.2037 0.0000e+00
     -0.724      0.032     8.7341     92.521      5.923   5.401232     1.7408      8.652  1234.6164 7.0723e+02     3.8120     -0.711     -1.031    18.1911 0.0000e+00
     -0.719      0.050     8.7206     92.467     14.773  13.603940     1.8283      8.690  1239.4891 7.6100e+02     3.8580     -0.711     -1.030    18.2122 0.0000e+00
     -0.703      0.066     8.7300     92.432     21.037  19.573325     2.3104      8.774  1237.6311 8.2645e+02     4.3032     -0.693     -1.006    18.1787 0.0000e+00
     -0.678      0.078     8.6889     92.434     23.654  22.249040     3.1759      8.858  1212.1509 8.6653e+02     5.2668     -0.665     -0.965    18.4171 0.0000e+00
     -0.650      0.083     8.4971     92.434     28.259  26.808860     3.6538      8.933   931.4105 8.8413e+02     5.8753     -0.638     -0.925    19.4999 0.0000e+00
     -0.621      0.082     8.2880     92.405     34.829  33.226232     3.7188      8.996   416.9162 8.9136e+02     5.9900     -0.607     -0.881    20.7172 0.0000e+00
     -0.597      0.079     8.1553     92.373     38.280  36.664328     3.8115      9.041   138.3119 8.9209e+02     5.9712     -0.582     -0.843    21.5146 0.0000e+00
     -0.583      0.076     8.0740     92.368     38.799  37.296323     3.9593      9.066   118.0235 8.9026e+02     5.8874     -0.568     -0.824    22.0458 0.0000e+00
     -0.575      0.074     8.0205     92.392     39.003  37.631685     4.0496      9.080   121.2786 8.7698e+02     5.8644     -0.567     -0.823    22.4058 0.0000e+00
     -0.560      0.073     7.9714     92.486     39.080  37.863901     4.0719      9.085   123.9804 8.6097e+02     5.9319     -0.556     -0.805    22.6874 0.0000e+00
     -0.535      0.073     7.9395     93.003     39.070  38.010231     4.0622      9.082   123.8469 8.4101e+02     5.9863     -0.525     -0.760    22.8953 0.0000e+00
     -0.508      0.076     7.9097     93.820     38.999  38.068614     4.0229      9.077   122.3310 8.1351e+02     5.9763     -0.496     -0.719    23.0540 0.0000e+00
     -0.488      0.081     7.8960     94.202     38.897  38.062330     3.9888      9.070   121.3110 7.9869e+02     5.9128     -0.475     -0.689    23.2208 0.0000e+00
     -0.473      0.084     7.8511     94.185     38.770  37.997840     3.9900      9.065   120.8916 7.9662e+02     5.9022     -0.464     -0.673    23.4406 0.0000e+00
     -0.458      0.085     7.8561     94.175     38.599  37.860067     4.0543      9.059   121.8206 7.8449e+02     5.9842     -0.454     -0.658    23.6537 0.0000e+00
     -0.435      0.085     7.9525     94.220     38.456  37.729132     4.1503      9.045   124.5419 7.7479e+02     6.0165     -0.430     -0.623    23.8182 0.0000e+00
     -0.406      0.083     7.9498     94.261     38.426  37.683832     4.1857      9.028   126.6924 8.0152e+02     5.9507     -0.396     -0.574    23.9366 0.0000e+00
     -0.378      0.078     7.9200     94.232     38.431  37.629615     4.1742      9.009   126.0544 8.2532e+02     5.8726     -0.369     -0.536    24.0108 0.0000e+00
     -0.357      0.078     7.9199     94.152     38.411  37.517699     4.2108      8.989   123.6250 8.3437e+02     5.8578     -0.347     -0.504    24.0445 0.0000e+00
     -0.342      0.087     7.9203     94.134     38.384  37.409258     4.6693      8.966   122.1844 8.6987e+02     6.1812     -0.332     -0.482    24.0568 0.0000e+00
     -0.335      0.098     7.9297     94.281     38.368  37.333608     5.5065      8.942   122.2303 9.0961e+02     6.8108     -0.327     -0.475    24.0523 0.0000e+00
     -0.324      0.105     7.9373     94.605     38.398  37.300930     5.9520      8.920   122.7169 8.9175e+02     7.1174     -0.329     -0.477    23.9727 0.0000e+00
     -0.286      0.110     7.9493     94.990     38.427  37.267883     5.9945      8.899   122.9923 8.2294e+02     7.0191     -0.296     -0.429    23.8214 0.0000e+00
     -0.225      0.110     7.9607     95.306     38.366  37.187762     6.2704      8.882   123.0639 7.3445e+02     6.8178     -0.208     -0.302    23.7079 0.0000e+00
     -0.185      0.100     7.9815     95.559     38.234  37.093605     6.7821      8.868   123.4106 6.4293e+02     6.5963     -0.166     -0.241    23.6514 0.0000e+00
     -0.174      0.073     8.0241     95.756     38.171  37.081286     7.0550      8.855   124.0872 5.8160e+02     6.4919     -0.177     -0.257    23.5710 0.0000e+00
     -0.162      0.034     8.0804     95.874     38.301  37.229251     7.0983      8.841   124.8775 5.3515e+02     6.4787     -0.161     -0.233    23.4657 0.0000e+00
     -0.150     -0.005     8.1095     95.876     38.553  37.486688     7.3889      8.824   125.8255 5.3274e+02     6.6757     -0.137     -0.198    23.4231 0.0000e+00
     -0.158     -0.030     8.1214     95.733     38.756  37.719234     7.9300      8.806   130.3862 5.9527e+02     7.1652     -0.148     -0.215    23.4958 0.0000e+00
     -0.183     -0.041     8.1242     95.536     38.801  37.820088     8.2215      8.789   134.4206 6.5077e+02     7.5127     -0.182     -0.264    23.5907 0.0000e+00
     -0.207     -0.045     8.1328     95.483     38.741  37.817817     8.1504      8.775   130.3801 6.7159e+02     7.5295     -0.206     -0.298    23.6009 0.0000e+00
     -0.222     -0.039     8.1372     95.798     38.697  37.818767     7.1538      8.764   126.1024 6.7755e+02     6.9925     -0.220     -0.318    23.5934 0.0000e+00
     -0.231     -0.022     8.1132     96.414     38.677  37.831635     5.3519      8.754   126.3206 6.7607e+02     6.0752     -0.230     -0.333    23.6466 0.0000e+00
     -0.232     -0.002     8.0778     96.727     38.669  37.846544     4.3835      8.745   127.1668 6.7121e+02     5.6617     -0.230     -0.334    23.7336 0.0000e+00
     -0.226      0.013     8.0535     96.164     38.680  37.872149     4.3251      8.737   127.9884 6.6699e+02     5.7164     -0.224     -0.326    23.8084 0.0000e+00
     -0.216      0.023     8.0686     94.761     38.686  37.887422     4.4554      8.729   128.6829 6.6036e+02     5.9510     -0.212     -0.308    23.8640 0.0000e+00
     -0.205      0.026     8.1375     92.817     38.697  37.904308     4.6853      8.723   129.1973 6.5340e+02     6.3456     -0.199     -0.290    23.9071 0.0000e+00
     -0.197      0.024     8.1850     90.610     38.737  37.949417     4.8165      8.719   129.4751 6.4911e+02     6.5599     -0.193     -0.279    23.9335 0.0000e+00
     -0.191      0.019     8.1258     88.430     38.771  37.988642     4.8507      8.715   129.4606 6.4546e+02     6.5946     -0.187     -0.270    23.9516 0.0000e+00
     -0.187      0.014     7.9961     86.570     38.773  37.997854     5.0235      8.711   129.4535 6.4210e+02     6.5951     -0.183     -0.265    23.9648 0.0000e+00
     -0.186      0.009     7.8248     85.283     38.765  37.997356     6.9062      8.708   129.6469 6.3933e+02     6.4621     -0.183     -0.265    23.9709 0.0000e+00
     -0.186      0.006     7.6285     84.678     38.742  37.982625    10.3683      8.705   130.0784 6.3595e+02     6.2508     -0.183     -0.266    23.9768 0.0000e+00
     -0.186      0.004     7.4361     84.738     38.699  37.946664    12.2594      8.703   130.7119 6.3161e+02     6.1241     -0.183     -0.266    23.9853 0.0000e+00
     -0.185      0.002     7.2687     85.308     38.630  37.879841    12.4012      8.700   131.1986 6.2846e+02     6.0919     -0.181     -0.263    23.9943 0.0000e+00
     -0.183     -0.001     7.1574     86.154     38.565  37.809239    12.0332      8.697   131.4024 6.2679e+02     5.9979     -0.179     -0.260    24.0040 0.0000e+00
     -0.183     -0.005     7.1046     87.104     38.554  37.791022    11.3141      8.694   131.3692 6.2469e+02     5.7734     -0.178     -0.258    24.0147 0.0000e+00
     -0.183     -0.007     7.1132     87.964     38.551  37.786482    10.8975      8.691   131.3135 6.2349e+02     5.6327     -0.178     -0.258    24.0244 0.0000e+00
     -0.187     -0.009     7.1701     88.514     38.518  37.754343    10.7001      8.686   131.4170 6.2553e+02     5.6292     -0.182     -0.264    24.0267 0.0000e+00
     -0.193     -0.009     7.2459     88.641     38.485  37.719712     9.0443      8.679   131.3308 6.2955e+02     5.7650     -0.190     -0.276    24.0159 0.0000e+00
     -0.197     -0.008     7.3328     88.308     38.452  37.685025     6.0338      8.670   131.1317 6.3315e+02     6.0445     -0.196     -0.284    24.0004 0.0000e+00
     -0.197     -0.007     7.4144     87.542     38.421  37.652218     4.3878      8.663   131.1605 6.3761e+02     6.1745     -0.194     -0.281    24.0014 0.0000e+00
     -0.196     -0.005     7.4614     86.456     38.410  37.640318     4.2238      8.656   131.4200 6.4582e+02     6.1401     -0.191     -0.277    24.0068 0.0000e+00
     -0.197     -0.004     7.4745     85.191     38.439  37.668059     4.1838      8.649   131.8607 6.5620e+02     6.2094     -0.194     -0.281    23.9997 0.0000e+00
