Data/DataNotYetUploadedToEDI/Raw_CTD/RawDownloads/061024_fcr30_S7809005.cnv
* Sea-Bird SBE19plus  Data File:
* FileName = C:\R\Reservoirs\Data\DataNotYetUploadedToEDI\Raw_CTD\RawDownloads\061024_bvr50_S7809_0005.hex
* Software version 2.8.0.119
* Temperature SN = 7809
* Conductivity SN = 7809
* System UpLoad Time = Jun 11 2024 14:39:39
* <ApplicationData>
* <Seaterm232>
# nquan = 15
# nvalues = 988                         
# units = specified
# name 0 = depFM: Depth [fresh water, m]
# name 1 = dz/dtM: Descent Rate [m/s]
# name 2 = sbeox0Mg/L: Oxygen, SBE 43 [mg/l]
# name 3 = sbeox0PS: Oxygen, SBE 43 [% saturation]
# name 4 = specc: Specific Conductance [uS/cm]
# name 5 = c0uS/cm: Conductivity [uS/cm]
# name 6 = flECO-AFL: Fluorescence, WET Labs ECO-AFL/FL [mg/m^3]
# name 7 = ph: pH
# name 8 = orp: Oxidation Reduction Potential [mV]
# name 9 = par/sat/log: PAR/Logarithmic, Satlantic
# name 10 = turbWETntu0: Turbidity, WET Labs ECO [NTU]
# name 11 = prdM: Pressure, Strain Gauge [db]
# name 12 = prdE: Pressure, Strain Gauge [psi]
# name 13 = tv290C: Temperature [ITS-90, deg C]
# name 14 = flag:  0.000e+00
# span 0 =     -0.732,      5.261       
# span 1 =     -0.333,      0.162       
# span 2 =     0.7152,     9.8053       
# span 3 =      6.851,    114.668       
# span 4 =      1.191,     49.041       
# span 5 =   1.068657,  38.612364       
# span 6 =    -0.1524,    21.5409       
# span 7 =      8.221,      8.966       
# span 8 =   121.4332,   352.7788       
# span 9 = 1.2367e-01, 1.8861e+02       
# span 10 =     0.4864,   272.3391      
# span 11 =     -0.718,      5.159      
# span 12 =     -1.041,      7.483      
# span 13 =    11.3293,    24.2432      
# span 14 = 0.0000e+00, 0.0000e+00      
# interval = seconds: 0.25
# start_time = Jun 10 2024 13:29:01 [Instrument's time stamp, header]
# bad_flag = -9.990e-29
*END*
[from data line 675]
      4.070     -0.167     4.2529     40.879     47.127  34.762762     2.6983      8.504   246.6812 1.6939e+00    23.5446      3.992      5.790    11.7501 0.0000e+00
      4.009     -0.171     4.3132     40.870     47.110  34.774054     2.8206      8.502   246.3904 1.8790e+00    24.2014      3.930      5.700    11.7597 0.0000e+00
      3.952     -0.156     4.3565     40.485     47.080  34.770154     2.8794      8.500   246.2628 2.0454e+00    24.3029      3.872      5.615    11.8016 0.0000e+00
      3.906     -0.125     4.3964     39.755     47.000  34.715619     3.3178      8.499   246.2567 2.1434e+00    24.6003      3.823      5.545    11.8504 0.0000e+00
      3.880     -0.085     4.4265     38.820     46.987  34.685725     4.0928      8.498   246.0586 2.1395e+00    25.1333      3.797      5.507    11.8824 0.0000e+00
      3.873     -0.042     4.4293     37.788     47.086  34.725927     4.5086      8.496   245.3299 2.0928e+00    25.3833      3.796      5.505    11.9058 0.0000e+00
      3.873     -0.006     4.3841     36.771     47.156  34.757517     4.5834      8.494   244.2427 2.0593e+00    25.3358      3.797      5.508    11.9257 0.0000e+00
      3.879      0.021     4.2958     35.943     47.159  34.750414     4.9312      8.493   243.1517 2.0239e+00    24.6605      3.800      5.513    11.9419 0.0000e+00
      3.892      0.036     4.1950     35.434     47.198  34.766937     5.5419      8.492   242.1200 1.9584e+00    23.3673      3.815      5.534    11.9154 0.0000e+00
      3.907      0.042     4.0852     35.236     47.293  34.830382     5.8589      8.491   241.1469 1.8728e+00    22.6117      3.833      5.558    11.8612 0.0000e+00
      3.920      0.040     3.9689     35.289     47.354  34.883030     5.8676      8.489   240.0764 1.7952e+00    22.5272      3.845      5.576    11.8463 0.0000e+00
      3.932      0.029     3.8728     35.536     47.352  34.895918     5.8550      8.487   238.7274 1.7443e+00    22.5517      3.856      5.593    11.8453 0.0000e+00
      3.943      0.005     3.8215     35.880     47.289  34.859336     5.6980      8.485   237.2255 1.7213e+00    22.3947      3.869      5.611    11.8261 0.0000e+00
      3.948     -0.031     3.8041     36.160     47.232  34.821422     5.3926      8.483   235.8545 1.7219e+00    22.0632      3.875      5.620    11.8134 0.0000e+00
      3.943     -0.072     3.8098     36.199     47.217  34.818202     5.2166      8.481   234.8841 1.7449e+00    21.8918      3.870      5.613    11.8266 0.0000e+00
      3.924     -0.111     3.8383     35.897     47.202  34.820413     5.1773      8.479   234.3550 1.8523e+00    21.8595      3.858      5.594    11.8480 0.0000e+00
      3.881     -0.139     3.8806     35.342     47.218  34.848164     5.0503      8.479   233.8452 2.0832e+00    22.2535      3.815      5.534    11.8586 0.0000e+00
      3.821     -0.153     3.9186     34.731     47.266  34.899966     4.8297      8.479   233.1948 2.3190e+00    23.0688      3.745      5.432    11.8579 0.0000e+00
      3.763     -0.153     3.9277     34.191     47.295  34.939166     4.7081      8.478   232.6854 2.4643e+00    23.4847      3.684      5.344    11.8631 0.0000e+00
      3.721     -0.140     3.8896     33.769     47.277  34.941465     4.7191      8.476   232.5045 2.5480e+00    23.4566      3.644      5.285    11.8824 0.0000e+00
      3.695     -0.120     3.8175     33.462     47.246  34.927775     4.9794      8.475   232.4703 2.6105e+00    23.2065      3.620      5.250    11.8977 0.0000e+00
      3.678     -0.100     3.7470     33.215     47.206  34.900558     5.4670      8.474   232.2717 2.6620e+00    22.8181      3.606      5.230    11.9139 0.0000e+00
      3.663     -0.084     3.6848     32.947     47.161  34.866180     5.7457      8.472   231.9965 2.7072e+00    22.6201      3.594      5.212    11.9349 0.0000e+00
      3.643     -0.071     3.6376     32.585     47.202  34.892810     5.7684      8.470   231.6379 2.7685e+00    22.5552      3.575      5.185    11.9545 0.0000e+00
      3.618     -0.057     3.6065     32.129     47.303  34.968738     5.7589      8.469   231.2055 2.8473e+00    22.3745      3.549      5.147    11.9640 0.0000e+00
      3.595     -0.039     3.5824     31.656     47.360  35.022823     5.7724      8.467   230.9837 2.8895e+00    22.1430      3.521      5.107    11.9652 0.0000e+00
      3.584     -0.019     3.5576     31.246     47.358  35.039169     5.8067      8.466   230.8487 2.8793e+00    22.0798      3.508      5.088    11.9647 0.0000e+00
      3.586      0.001     3.5191     30.910     47.331  35.039507     5.8404      8.465   230.6070 2.8327e+00    22.1221      3.514      5.096    11.9563 0.0000e+00
      3.599      0.014     3.4664     30.600     47.277  35.026930     5.8466      8.463   230.3836 2.7433e+00    22.0398      3.528      5.117    11.9541 0.0000e+00
      3.614      0.015     3.4102     30.221     47.220  35.014030     5.8069      8.461   230.1267 2.6562e+00    21.3581      3.547      5.144    11.9710 0.0000e+00
      3.625      0.002     3.3644     29.657     47.198  35.010464     5.7435      8.459   229.9103 2.6088e+00    20.1998      3.558      5.161    11.9904 0.0000e+00
      3.627     -0.023     3.3286     28.853     47.179  34.983838     5.7120      8.457   229.9170 2.5993e+00    19.5813      3.559      5.161    12.0094 0.0000e+00
      3.620     -0.055     3.2966     27.822     47.162  34.945876     5.6935      8.456   229.8645 2.6527e+00    19.5155      3.554      5.154    12.0387 0.0000e+00
      3.600     -0.089     3.2583     26.654     47.172  34.932128     5.3697      8.455   229.6192 2.7830e+00    19.1306      3.536      5.127    12.0786 0.0000e+00
      3.570     -0.117     3.1983     25.593     47.207  34.944497     4.7677      8.453   229.4471 2.9675e+00    18.4115      3.502      5.080    12.1000 0.0000e+00
      3.531     -0.132     3.1122     24.918     47.250  34.968515     4.4496      8.452   229.3316 3.1632e+00    18.0626      3.465      5.025    12.0767 0.0000e+00
      3.487     -0.130     3.0024     24.740     47.245  34.968722     4.4361      8.451   229.1694 3.3411e+00    18.1578      3.422      4.963    12.0411 0.0000e+00
      3.439     -0.110     2.8676     25.064     47.198  34.947002     4.4963      8.449   229.0344 3.4910e+00    19.0168      3.370      4.888    12.0218 0.0000e+00
      3.400     -0.078     2.7400     25.839     47.188  34.959707     4.5865      8.447   228.9904 3.5671e+00    20.5224      3.325      4.823    12.0075 0.0000e+00
      3.385     -0.042     2.6663     26.904     47.201  34.995465     4.6196      8.445   228.9818 3.5521e+00    21.2982      3.311      4.802    11.9956 0.0000e+00
      3.392     -0.008     2.6472     28.040     47.174  34.998675     4.6391      8.443   228.8440 3.4996e+00    21.3257      3.324      4.820    12.0023 0.0000e+00
      3.408      0.015     2.6813     29.020     47.154  34.998548     4.8634      8.442   228.6149 3.4330e+00    21.2649      3.340      4.845    12.0169 0.0000e+00
      3.425      0.017     2.7707     29.604     47.140  34.993950     5.2587      8.441   228.4488 3.3659e+00    21.1442      3.360      4.874    12.0362 0.0000e+00
      3.438     -0.008     2.8925     29.653     47.075  34.943086     5.4567      8.439   228.2978 3.3292e+00    21.0272      3.376      4.895    12.0684 0.0000e+00
      3.441     -0.052     3.0198     29.214     47.016  34.891154     5.4185      8.439   228.1663 3.3301e+00    20.9093      3.378      4.899    12.0965 0.0000e+00
      3.431     -0.102     3.1348     28.411     46.997  34.873626     5.0212      8.439   228.1497 3.4275e+00    20.6413      3.374      4.895    12.1110 0.0000e+00
      3.396     -0.145     3.2042     27.416     46.964  34.858047     4.3151      8.436   228.0964 3.6600e+00    20.2120      3.342      4.847    12.1169 0.0000e+00
      3.334     -0.169     3.2050     26.517     46.899  34.829695     3.9395      8.434   227.9524 3.9453e+00    19.9536      3.271      4.745    12.1146 0.0000e+00
      3.264     -0.168     3.1541     25.954     46.811  34.784648     3.9093      8.432   227.7851 4.2107e+00    19.7725      3.198      4.639    12.1016 0.0000e+00
      3.202     -0.143     3.0641     25.779     46.666  34.694094     3.9164      8.430   227.6230 4.4044e+00    18.0902      3.135      4.545    12.0928 0.0000e+00
      3.160     -0.100     2.9435     25.995     46.447  34.559661     4.1003      8.428   227.4548 4.4601e+00    15.0190      3.087      4.476    12.1038 0.0000e+00
      3.148     -0.049     2.8332     26.549     46.183  34.428208     4.4424      8.425   227.1274 4.3937e+00    13.2793      3.077      4.463    12.1303 0.0000e+00
      3.160     -0.001     2.7731     27.283     45.892  34.310286     4.6234      8.423   226.6760 4.2932e+00    13.0425      3.097      4.493    12.1541 0.0000e+00
      3.179      0.033     2.7525     28.033     45.623  34.212591     4.6331      8.421   226.2988 4.2184e+00    12.8738      3.120      4.525    12.1681 0.0000e+00
      3.195      0.045     2.7747     28.638     45.477  34.198796     4.6932      8.419   226.0090 4.1431e+00    11.6146      3.134      4.545    12.1844 0.0000e+00
      3.211      0.030     2.8390     28.981     45.392  34.207046     4.8263      8.417   225.6668 4.0308e+00     9.3984      3.146      4.563    12.2516 0.0000e+00
      3.229     -0.005     2.9133     29.025     45.310  34.185539     4.9184      8.415   225.4303 3.9483e+00     8.2139      3.169      4.596    12.3840 0.0000e+00
      3.238     -0.050     2.9930     28.818     45.363  34.256033     4.9247      8.413   225.4731 3.9788e+00     8.1206      3.186      4.621    12.4929 0.0000e+00
      3.223     -0.097     3.0545     28.432     45.499  34.361506     4.8185      8.412   225.4099 4.1537e+00     8.6804      3.171      4.601    12.6038 0.0000e+00
      3.180     -0.138     3.0858     27.959     45.576  34.382219     4.6500      8.412   225.0103 4.4313e+00     9.8235      3.122      4.529    12.7005 0.0000e+00
      3.121     -0.164     3.0872     27.532     45.614  34.379529     4.5770      8.411   224.5988 4.7299e+00    10.5331      3.059      4.438    12.7114 0.0000e+00
      3.061     -0.169     3.0582     27.229     45.552  34.328946     4.5932      8.409   224.3924 5.0298e+00    10.7360      3.002      4.353    12.7651 0.0000e+00
      3.007     -0.149     3.0142     27.080     45.367  34.214743     4.7135      8.408   224.3224 5.2784e+00    11.5249      2.943      4.268    12.7878 0.0000e+00
      2.967     -0.112     2.9620     27.072     45.189  34.140787     4.9332      8.408   224.2677 5.4284e+00    13.0001      2.902      4.208    12.7037 0.0000e+00
      2.945     -0.068     2.9175     27.140     45.073  34.132729     5.0600      8.408   224.4196 5.4932e+00    13.8504      2.884      4.183    12.6710 0.0000e+00
      2.938     -0.027     2.8837     27.191     45.038  34.180846     5.0900      8.407   224.7823 5.4516e+00    13.9152      2.876      4.171    12.6719 0.0000e+00
      2.945      0.005     2.8673     27.133     45.023  34.215077     5.2288      8.405   224.9534 5.3606e+00    13.6121      2.886      4.185    12.6864 0.0000e+00
      2.959      0.024     2.8643     26.903     44.945  34.165987     5.4650      8.403   224.9396 5.2996e+00    13.0210      2.904      4.211    12.7667 0.0000e+00
      2.973      0.024     2.8686     26.504     44.850  34.094887     5.5742      8.401   224.8733 5.2412e+00    12.7118      2.915      4.228    12.8637 0.0000e+00
      2.986      0.006     2.8719     26.002     44.777  34.053314     5.5577      8.400   224.8407 5.1802e+00    12.7439      2.929      4.248    12.9533 0.0000e+00
      2.995     -0.024     2.8646     25.483     44.737  34.044028     5.4244      8.399   224.8036 5.1737e+00    12.6918      2.942      4.267    13.0140 0.0000e+00
      2.990     -0.061     2.8407     25.006     44.711  34.046089     5.1778      8.398   224.6822 5.2766e+00    12.4903      2.939      4.263    13.0077 0.0000e+00
      2.967     -0.097     2.7963     24.603     44.639  34.014815     5.0305      8.397   224.6632 5.4897e+00    12.3238      2.916      4.229    12.9963 0.0000e+00
      2.928     -0.127     2.7388     24.360     44.568  33.983152     5.0089      8.397   224.6600 5.7527e+00    12.2506      2.875      4.169    13.0213 0.0000e+00
      2.880     -0.148     2.6790     24.295     44.539  33.980508     5.0252      8.397   224.4722 6.0098e+00    12.2539      2.823      4.094    13.0465 0.0000e+00
      2.832     -0.156     2.6300     24.374     44.514  33.982864     5.1527      8.396   224.1132 6.2510e+00    12.2607      2.774      4.023    13.0693 0.0000e+00
      2.791     -0.148     2.5791     24.601     44.521  34.011667     5.3848      8.393   223.5028 6.4983e+00    12.2309      2.737      3.968    13.0969 0.0000e+00
      2.753     -0.124     2.5516     24.918     44.502  34.011567     5.5262      8.390   222.9426 6.7636e+00    12.2353      2.702      3.918    13.1243 0.0000e+00
      2.716     -0.090     2.5484     25.259     44.367  33.918223     5.5384      8.386   223.0181 6.9936e+00    12.1764      2.660      3.858    13.1442 0.0000e+00
      2.690     -0.055     2.5510     25.619     44.190  33.834736     5.5159      8.384   223.5556 7.0824e+00    11.4172      2.629      3.813    13.1632 0.0000e+00
      2.683     -0.022     2.5772     25.971     44.059  33.826985     5.4949      8.383   224.0215 7.0254e+00    10.0578      2.628      3.810    13.1995 0.0000e+00
      2.692      0.006     2.6127     26.277     43.960  33.824620     5.4851      8.381   224.3492 6.9120e+00     9.3023      2.638      3.825    13.2200 0.0000e+00
      2.707      0.025     2.6479     26.555     43.884  33.806230     5.5063      8.379   224.6779 6.7919e+00     9.2162      2.654      3.850    13.1999 0.0000e+00
      2.724      0.032     2.6837     26.825     43.820  33.795003     5.8840      8.378   225.0711 6.7053e+00     9.4948      2.675      3.879    13.2508 0.0000e+00
      2.734      0.025     2.7149     27.103     43.719  33.752361     6.5977      8.376   225.3178 6.6638e+00    10.0751      2.683      3.891    13.4037 0.0000e+00
      2.739      0.005     2.7387     27.380     43.542  33.671353     6.9855      8.374   225.1657 6.6438e+00    10.3574      2.687      3.897    13.4895 0.0000e+00
      2.741     -0.027     2.7672     27.615     43.329  33.640385     6.9688      8.371   224.8658 6.6403e+00    10.2775      2.689      3.901    13.5039 0.0000e+00
      2.739     -0.065     2.7905     27.833     43.178  33.695318     6.4633      8.369   224.7041 6.7129e+00     9.7237      2.690      3.902    13.5639 0.0000e+00
      2.724     -0.102     2.8163     28.095     43.157  33.764750     5.5335      8.369   224.6736 6.9378e+00     8.7514      2.680      3.887    13.6009 0.0000e+00
      2.689     -0.131     2.8487     28.456     43.224  33.782101     5.0236      8.368   224.5821 7.3088e+00     8.2228      2.643      3.833    13.6160 0.0000e+00
      2.636     -0.147     2.8594     28.952     43.300  33.778173     4.9756      8.367   224.3722 7.7683e+00     8.1490      2.586      3.750    13.7870 0.0000e+00
      2.579     -0.146     2.8625     29.566     43.309  33.780608     4.9699      8.363   224.2864 8.2258e+00     8.1324      2.526      3.664    14.0637 0.0000e+00
      2.531     -0.129     2.8799     30.193     43.161  33.748097     5.0795      8.359   224.2337 8.5556e+00     8.5346      2.475      3.590    14.1821 0.0000e+00
      2.499     -0.098     2.9221     30.740     42.878  33.702397     5.2940      8.356   224.0787 8.6946e+00     9.3221      2.444      3.544    14.0827 0.0000e+00
      2.485     -0.060     2.9801     31.240     42.559  33.672380     5.4157      8.354   224.1335 8.7215e+00     9.7637      2.434      3.531    13.9669 0.0000e+00
      2.482     -0.021     3.0485     31.767     42.327  33.639216     5.4611      8.352   224.4655 8.7390e+00     9.7747      2.433      3.530    13.9646 0.0000e+00
