Data/DataNotYetUploadedToEDI/Raw_CTD/RawDownloads/061024_bvr50_S7809001.cnv
* Sea-Bird SBE19plus  Data File:
* FileName = C:\R\Reservoirs\Data\DataNotYetUploadedToEDI\Raw_CTD\RawDownloads\061024_bvr50_S7809_0001.hex
* Software version 2.8.0.119
* Temperature SN = 7809
* Conductivity SN = 7809
* System UpLoad Time = Jun 11 2024 14:56:43
* <ApplicationData>
* <Seaterm232>
# nquan = 15
# nvalues = 1597                        
# units = specified
# name 0 = depFM: Depth [fresh water, m]
# name 1 = dz/dtM: Descent Rate [m/s]
# name 2 = sbeox0Mg/L: Oxygen, SBE 43 [mg/l]
# name 3 = sbeox0PS: Oxygen, SBE 43 [% saturation]
# name 4 = specc: Specific Conductance [uS/cm]
# name 5 = c0uS/cm: Conductivity [uS/cm]
# name 6 = flECO-AFL: Fluorescence, WET Labs ECO-AFL/FL [mg/m^3]
# name 7 = ph: pH
# name 8 = orp: Oxidation Reduction Potential [mV]
# name 9 = par/sat/log: PAR/Logarithmic, Satlantic
# name 10 = turbWETntu0: Turbidity, WET Labs ECO [NTU]
# name 11 = prdM: Pressure, Strain Gauge [db]
# name 12 = prdE: Pressure, Strain Gauge [psi]
# name 13 = tv290C: Temperature [ITS-90, deg C]
# name 14 = flag:  0.000e+00
# span 0 =     -0.812,      9.760       
# span 1 =     -0.439,      0.229       
# span 2 =     0.0188,     8.6207       
# span 3 =      0.354,    101.716       
# span 4 =      0.408,    150.884       
# span 5 =   0.399555, 105.841188       
# span 6 =    -1.2657,    10.4669       
# span 7 =     -2.110,     11.911       
# span 8 = -1240.7429,   872.3910       
# span 9 = 1.2355e-01, 2.0510e+03       
# span 10 =    -2.2412,    71.9514      
# span 11 =     -0.797,      9.572      
# span 12 =     -1.156,     13.882      
# span 13 =    10.0659,    24.0476      
# span 14 = 0.0000e+00, 0.0000e+00      
# interval = seconds: 0.25
# start_time = Jun 10 2024 10:21:21 [Instrument's time stamp, header]
# bad_flag = -9.990e-29
*END*
     -0.811 1.0984e-52     7.7545     91.998      0.435   0.426261    -0.0635     -2.110   751.6378 1.5728e+03     4.1067     -0.795     -1.153    23.9128 0.0000e+00
     -0.811 1.2082e-51     7.7560     91.973      0.448   0.438721    -0.0778     -2.110   802.8102 6.7846e+02     4.0538     -0.795     -1.153    23.9128 0.0000e+00
     -0.811 1.3290e-50     7.7552     91.973      0.460   0.450236    -0.0786     -2.110   859.5104 1.8475e+02     4.0623     -0.795     -1.153    23.9126 0.0000e+00
     -0.811 1.4619e-49     7.7581     92.002      0.448   0.438823    -0.0653     -2.110   864.6029 1.3660e+02     4.0735     -0.795     -1.153    23.9125 0.0000e+00
     -0.811 1.6081e-48     7.7576     92.015      0.437   0.427403    -0.0676     -2.110   864.7284 1.3366e+02     4.0179     -0.795     -1.153    23.9125 0.0000e+00
     -0.811 1.7689e-47     7.7535     92.019      0.448   0.438824    -0.0722     -2.110   864.3830 1.3635e+02     4.0386     -0.795     -1.153    23.9124 0.0000e+00
     -0.811 1.9458e-46     7.7529     92.045      0.460   0.450245    -0.0633     -2.110   864.5565 1.4084e+02     4.1538     -0.796     -1.154    23.9124 0.0000e+00
     -0.811 2.1404e-45     7.7580     92.055      0.448   0.438815    -0.0430     -2.110   864.7615 1.4552e+02     4.3176     -0.795     -1.153    23.9123 0.0000e+00
     -0.811 2.3545e-44     7.7590     92.030      0.437   0.427300    -0.0184     -2.110   864.7100 1.4789e+02     4.5506     -0.795     -1.153    23.9124 0.0000e+00
     -0.811 2.5899e-43     7.7562     92.019      0.447   0.437692     0.0011     -2.110   864.7090 1.3950e+02     4.7161     -0.795     -1.153    23.9123 0.0000e+00
     -0.811 2.8489e-42     7.7616     92.020      0.447   0.437787     0.0101     -2.110   864.6625 1.2166e+02     4.7472     -0.795     -1.153    23.9122 0.0000e+00
     -0.811 3.1338e-41     7.7635     92.009      0.437   0.428452    -0.0673     -2.110   864.5788 1.1072e+02     4.4483     -0.795     -1.153    23.9123 0.0000e+00
     -0.811 3.4472e-40     7.7579     92.009      0.461   0.451492    -0.2268     -2.110   864.5577 1.0884e+02     3.8685     -0.795     -1.153    23.9122 0.0000e+00
     -0.811 3.7919e-39     7.7579     92.024      0.473   0.463016    -0.3126     -2.110   864.5788 1.0947e+02     3.5784     -0.796     -1.154    23.9120 0.0000e+00
     -0.811 4.1711e-38     7.7597     92.021      0.451   0.441118    -0.3218     -2.110   864.7487 1.1037e+02     3.4690     -0.795     -1.153    23.9121 0.0000e+00
     -0.811 4.5882e-37     7.7570     92.012      0.450   0.440070    -0.5551     -2.110   863.2554 1.1056e+02     1.9652     -0.795     -1.153    23.9119 0.0000e+00
     -0.811 5.0470e-36     7.7565     92.017      0.460   0.450349    -1.0193     -2.110   842.1356 1.1051e+02    -0.8040     -0.795     -1.153    23.9114 0.0000e+00
     -0.811 5.5517e-35     7.7606     92.026      0.448   0.438721    -1.2657     -2.106   783.7931 1.1200e+02    -2.2412     -0.796     -1.154    23.9113 0.0000e+00
     -0.811 6.1069e-34     7.7586     92.026      0.435   0.426148    -1.2457     -2.064   334.1356 1.2265e+02    -2.2263     -0.796     -1.154    23.9113 0.0000e+00
     -0.811 6.7176e-33     7.7571     92.012      0.434   0.425005    -0.9602     -1.606  -531.6887 1.4283e+02    -1.1368     -0.796     -1.154    23.9114 0.0000e+00
     -0.811 7.3893e-32     7.7584     92.001      0.434   0.424901    -0.4433     -0.720  -838.3447 1.5819e+02     0.9582     -0.796     -1.154    23.9114 0.0000e+00
     -0.811 8.1283e-31     7.7591     92.000      0.434   0.424891    -0.1484     -0.630  -373.7713 1.6302e+02     2.1644     -0.796     -1.154    23.9114 0.0000e+00
     -0.811 8.9411e-30     7.7602     92.003      0.434   0.424890    -0.1162     -1.509   207.4335 1.6390e+02     2.2427     -0.796     -1.154    23.9114 0.0000e+00
     -0.812 9.8352e-29     7.7575     92.013      0.434   0.424890    -0.1294     -2.055   647.7665 1.6341e+02     2.1441     -0.796     -1.154    23.9112 0.0000e+00
     -0.812 1.0819e-27     7.7567     92.017      0.434   0.424890    -0.1158     -2.105   811.8547 1.6132e+02     2.0650     -0.796     -1.154    23.9113 0.0000e+00
     -0.812 1.1901e-26     7.7569     92.021      0.434   0.424890    -0.0593     -2.109   501.4263 1.5648e+02     2.0375     -0.796     -1.154    23.9118 0.0000e+00
     -0.812 1.3091e-25     7.7566     92.034      0.434   0.424890    -0.0296     -2.107    18.3171 1.5110e+02     2.0174     -0.796     -1.155    23.9117 0.0000e+00
     -0.812 1.4400e-24     7.7584     92.034      0.434   0.424890    -0.0396     -2.078  -360.0265 1.4793e+02     1.9922     -0.797     -1.155    23.9116 0.0000e+00
     -0.812 1.5840e-23     7.7585     92.020      0.434   0.424889    -0.0559     -1.761  -866.4104 1.4146e+02     2.0067     -0.796     -1.154    23.9120 0.0000e+00
     -0.812 1.7424e-22     7.7575     92.006      0.434   0.424880    -0.0599     -0.316 -1206.7150 1.2998e+02     2.0552     -0.796     -1.155    23.9122 0.0000e+00
     -0.812 1.9166e-21     7.7605     91.997      0.434   0.424776    -0.0638      2.310 -1237.6518 1.1893e+02     2.0677     -0.797     -1.155    23.9121 0.0000e+00
     -0.812 2.1083e-20     7.7602     91.995      0.433   0.423634    -0.0768      4.638 -1240.4643 1.1343e+02     1.9857     -0.796     -1.155    23.9122 0.0000e+00
     -0.812 2.3191e-19     7.7584     91.991      0.420   0.411071    -0.0755      5.971 -1240.7199 1.1373e+02     1.9185     -0.796     -1.155    23.9123 0.0000e+00
     -0.812 2.5510e-18     7.7572     91.994      0.408   0.399555    -0.0652      6.771 -1240.7429 1.1412e+02     1.9724     -0.797     -1.156    23.9122 0.0000e+00
     -0.812 2.8061e-17     7.7559     92.005      0.420   0.411071    -0.0695      7.279 -1240.7420 1.1261e+02     2.0217     -0.796     -1.155    23.9125 0.0000e+00
     -0.812 3.0867e-16     7.7567     92.011      0.433   0.423634    -0.0853      7.565 -1240.7095 1.1156e+02     2.0023     -0.796     -1.155    23.9126 0.0000e+00
     -0.812 3.3954e-15     7.7556     92.011      0.434   0.424776    -0.0818      7.715 -1240.3500 1.1145e+02     1.9430     -0.796     -1.155    23.9128 0.0000e+00
     -0.812 3.7349e-14     7.7556     92.011      0.434   0.424879    -0.0600      7.777 -1236.3945 1.1110e+02     1.8167     -0.796     -1.155    23.9134 0.0000e+00
     -0.812 4.1084e-13     7.7575     92.019      0.434   0.424889    -0.0555      7.734 -1192.8846 1.1040e+02     1.7056     -0.796     -1.154    23.9133 0.0000e+00
     -0.812 4.5192e-12     7.7576     92.033      0.434   0.424890    -0.0598      6.546  -714.2759 1.1023e+02     1.6929     -0.797     -1.155    23.9134 0.0000e+00
     -0.812 4.9712e-11     7.7574     92.044      0.434   0.424890    -0.0623      4.056  -228.1978 1.1039e+02     1.6974     -0.796     -1.155    23.9136 0.0000e+00
     -0.812 5.4683e-10     7.7572     92.052      0.434   0.424890    -0.0691      3.546   -94.3754 1.1124e+02     1.7256     -0.796     -1.155    23.9138 0.0000e+00
     -0.812 6.0151e-09     7.7576     92.038      0.434   0.424890    -0.0751      6.191    43.7962 1.2422e+02     1.7945     -0.796     -1.155    23.9141 0.0000e+00
     -0.812 6.6166e-08     7.7598     92.018      0.434   0.424890    -0.0774      9.121  -329.8130 1.8484e+02     1.8473     -0.796     -1.155    23.9142 0.0000e+00
     -0.812 7.2783e-07     7.7596     92.013      0.434   0.424890    -0.0719     10.975  -792.4564 6.7649e+02     1.9201     -0.797     -1.155    23.9143 0.0000e+00
     -0.812      0.000     7.7620     91.998      0.434   0.424890    -0.0834     11.911  -791.7555 1.5256e+03     1.8552     -0.796     -1.155    23.9147 0.0000e+00
     -0.812      0.000     7.7600     91.989      0.434   0.424895    -0.1160     11.724  -355.7544 1.8976e+03     1.6091     -0.796     -1.154    23.9152 0.0000e+00
     -0.812      0.001     7.7562     92.004      0.434   0.424950    -0.1248     10.543    64.2634 1.7912e+03     1.5069     -0.796     -1.155    23.9155 0.0000e+00
     -0.812      0.006     7.7587     92.024      0.435   0.425550    -0.0981      9.272   -97.0571 1.6649e+03     1.7467     -0.796     -1.154    23.9167 0.0000e+00
     -0.812      0.017     7.7554     92.032      0.766   0.748840     0.0487      8.645   146.2824 1.6011e+03     4.0639     -0.797     -1.155    23.9173 0.0000e+00
     -0.812      0.034     7.7539     92.035      4.760   4.650511     0.3020      8.456   848.5950 1.6013e+03     8.3104     -0.796     -1.154    23.9185 0.0000e+00
     -0.808      0.053     7.7562     92.044     12.145  11.864124     0.4500      8.418   872.3910 1.6291e+03    10.6652     -0.797     -1.155    23.9186 0.0000e+00
     -0.791      0.072     7.7582     92.052     17.861  17.446189     0.5068      8.497   342.9686 1.6567e+03    10.8444     -0.785     -1.138    23.9206 0.0000e+00
     -0.760      0.089     7.7592     92.052     23.775  23.219675     0.8894      8.641    41.7521 1.6227e+03    10.5458     -0.744     -1.079    23.9146 0.0000e+00
     -0.728      0.105     7.7644     92.052     30.130  29.422569     1.5881      8.795    20.8328 1.4911e+03    10.0607     -0.711     -1.031    23.8799 0.0000e+00
     -0.700      0.120     7.7695     92.110     32.718  31.946063     1.9796      8.923    27.2276 1.3403e+03     9.8640     -0.688     -0.998    23.8453 0.0000e+00
     -0.673      0.130     7.7740     92.684     32.949  32.167768     2.0362      9.022    32.8599 1.3108e+03     9.9444     -0.661     -0.959    23.8327 0.0000e+00
     -0.642      0.135     7.7715     94.085     33.143  32.356931     2.0982      9.093    36.6209 1.4307e+03    10.0409     -0.632     -0.918    23.8271 0.0000e+00
     -0.605      0.137     7.7759     95.332     33.242  32.456945     2.1877      9.141    40.8659 1.5954e+03    10.1093     -0.596     -0.864    23.8226 0.0000e+00
     -0.561      0.135     7.7696     95.454     33.140  32.362005     2.2358      9.171    43.4893 1.7687e+03    10.1562     -0.550     -0.796    23.8144 0.0000e+00
     -0.521      0.128     7.7862     94.926     33.060  32.287488     2.2558      9.181    42.7010 1.9344e+03    10.1641     -0.507     -0.736    23.8062 0.0000e+00
     -0.487      0.118     7.9525     94.523     33.216  32.444115     2.2703      9.181    41.7450 2.0170e+03    10.1029     -0.475     -0.690    23.8069 0.0000e+00
     -0.460      0.103     8.1038     94.341     33.574  32.796671     2.2707      9.183    42.8571 2.0114e+03     9.8258     -0.448     -0.650    23.8129 0.0000e+00
     -0.440      0.086     8.0798     94.252     33.713  32.934173     2.2941      9.191    45.6508 1.9789e+03     9.4097     -0.431     -0.625    23.8198 0.0000e+00
     -0.422      0.070     8.0032     94.158     33.548  32.774414     2.3278      9.200    48.9378 1.9662e+03     9.2387     -0.416     -0.602    23.8268 0.0000e+00
     -0.404      0.056     7.9754     94.050     33.346  32.577915     2.3456      9.208    51.6258 1.9832e+03     9.2618     -0.394     -0.572    23.8323 0.0000e+00
     -0.390      0.043     7.9629     94.142     33.031  32.271193     2.3935      9.214    53.1141 2.0109e+03     9.1764     -0.379     -0.550    23.8365 0.0000e+00
     -0.382      0.031     7.9556     94.407     32.671  31.920588     2.4653      9.217    53.3377 2.0322e+03     8.9918     -0.373     -0.541    23.8393 0.0000e+00
     -0.377      0.021     7.9547     94.582     32.446  31.700990     2.4900      9.219    53.1247 2.0429e+03     8.9424     -0.369     -0.536    23.8409 0.0000e+00
     -0.375      0.014     7.9292     94.596     32.389  31.646030     2.5009      9.221    53.1199 2.0467e+03     9.0232     -0.368     -0.533    23.8425 0.0000e+00
     -0.374      0.012     7.9392     94.508     32.574  31.827000     2.5301      9.221    53.8814 2.0483e+03     9.0132     -0.366     -0.531    23.8443 0.0000e+00
     -0.374      0.012     7.9753     94.382     32.866  32.112849     2.5431      9.220    55.4490 2.0494e+03     8.9581     -0.366     -0.531    23.8455 0.0000e+00
     -0.373      0.014     7.9887     94.274     32.939  32.184099     2.5420      9.217    56.5865 2.0510e+03     8.9721     -0.366     -0.531    23.8460 0.0000e+00
     -0.368      0.015     7.9878     94.192     32.740  31.990676     2.5414      9.215    56.8806 2.0497e+03     9.0108     -0.363     -0.526    23.8462 0.0000e+00
     -0.360      0.015     7.9789     94.119     32.484  31.740746     2.5439      9.214    56.8538 2.0362e+03     9.0508     -0.353     -0.512    23.8474 0.0000e+00
     -0.353      0.015     7.9652     94.065     32.377  31.636249     2.5310      9.212    57.2949 2.0112e+03     9.0457     -0.343     -0.498    23.8488 0.0000e+00
     -0.350      0.014     7.9562     94.026     32.419  31.678761     2.5019      9.211    58.6864 1.9914e+03     8.9829     -0.342     -0.496    23.8493 0.0000e+00
     -0.350      0.011     7.9509     93.991     32.489  31.747269     2.4828      9.211    60.0843 1.9864e+03     8.9400     -0.343     -0.498    23.8496 0.0000e+00
     -0.349      0.008     7.9429     93.941     32.509  31.766773     2.4916      9.211    60.6882 1.9897e+03     9.0055     -0.343     -0.497    23.8503 0.0000e+00
     -0.346      0.006     7.9390     93.795     32.464  31.724278     2.5336      9.210    57.5563 1.9936e+03     9.1601     -0.340     -0.493    23.8513 0.0000e+00
     -0.343      0.004     7.9361     93.466     32.415  31.677517     2.5578      9.208    54.9116 1.9950e+03     9.2377     -0.336     -0.488    23.8521 0.0000e+00
     -0.342      0.004     7.9321     92.889     32.380  31.645447     2.5423      9.208    59.5997 1.9943e+03     9.2265     -0.334     -0.485    23.8525 0.0000e+00
     -0.342      0.003     7.9319     91.963     32.323  31.590271     2.5378      9.209    64.5957 1.9930e+03     9.1959     -0.335     -0.486    23.8532 0.0000e+00
     -0.343      0.003     7.9216     90.558     32.248  31.517872     2.5791      9.209    66.0168 1.9926e+03     9.2087     -0.336     -0.488    23.8546 0.0000e+00
     -0.343      0.004     7.8948     88.673     32.197  31.467874     2.6506      9.209    66.8877 1.9936e+03     9.2799     -0.336     -0.487    23.8569 0.0000e+00
     -0.342      0.005     7.8490     86.534     32.158  31.429795     2.6856      9.209    67.5546 1.9940e+03     9.2706     -0.335     -0.486    23.8594 0.0000e+00
     -0.339      0.005     7.7749     84.405     32.102  31.374638     2.6790      9.208    68.3156 1.9940e+03     9.1985     -0.333     -0.483    23.8610 0.0000e+00
     -0.336      0.005     7.6589     82.533     32.034  31.308462     2.6953      9.207    69.2047 1.9981e+03     9.1945     -0.329     -0.478    23.8620 0.0000e+00
     -0.334      0.004     7.4894     81.181     31.988  31.264025     2.7318      9.207    70.0451 2.0045e+03     9.1879     -0.327     -0.475    23.8622 0.0000e+00
     -0.334      0.002     7.3015     80.415     32.006  31.281390     2.7468      9.206    70.6469 2.0050e+03     9.1526     -0.327     -0.474    23.8620 0.0000e+00
     -0.334      0.001     7.1165     80.037     32.054  31.328121     2.7431      9.205    71.0603 2.0001e+03     9.1776     -0.327     -0.474    23.8615 0.0000e+00
     -0.335      0.000     6.9477     79.846     32.112  31.385007     2.7526      9.205    71.5166 1.9976e+03     9.2854     -0.329     -0.478    23.8611 0.0000e+00
     -0.336      0.000     6.8308     79.782     32.190  31.461712     2.7878      9.204    72.1203 1.9979e+03     9.4644     -0.331     -0.480    23.8618 0.0000e+00
     -0.335      0.000     6.7751     79.838     32.158  31.430887     2.8027      9.203    72.8528 1.9975e+03     9.5314     -0.329     -0.477    23.8624 0.0000e+00
     -0.333      0.001     6.7499     79.928     31.989  31.266049     2.7904      9.203    73.4901 1.9966e+03     9.4467     -0.327     -0.474    23.8627 0.0000e+00
     -0.333      0.001     6.7347     79.918     31.838  31.117983     2.7972      9.203    73.3731 1.9944e+03     9.4657     -0.327     -0.474    23.8628 0.0000e+00
