Data/DataNotYetUploadedToEDI/Raw_CTD/RawDownloads/061024_fcr30_S7809005.cnv
* Sea-Bird SBE19plus  Data File:
* FileName = C:\R\Reservoirs\Data\DataNotYetUploadedToEDI\Raw_CTD\RawDownloads\061024_bvr50_S7809_0005.hex
* Software version 2.8.0.119
* Temperature SN = 7809
* Conductivity SN = 7809
* System UpLoad Time = Jun 11 2024 14:39:39
* <ApplicationData>
* <Seaterm232>
# nquan = 15
# nvalues = 988                         
# units = specified
# name 0 = depFM: Depth [fresh water, m]
# name 1 = dz/dtM: Descent Rate [m/s]
# name 2 = sbeox0Mg/L: Oxygen, SBE 43 [mg/l]
# name 3 = sbeox0PS: Oxygen, SBE 43 [% saturation]
# name 4 = specc: Specific Conductance [uS/cm]
# name 5 = c0uS/cm: Conductivity [uS/cm]
# name 6 = flECO-AFL: Fluorescence, WET Labs ECO-AFL/FL [mg/m^3]
# name 7 = ph: pH
# name 8 = orp: Oxidation Reduction Potential [mV]
# name 9 = par/sat/log: PAR/Logarithmic, Satlantic
# name 10 = turbWETntu0: Turbidity, WET Labs ECO [NTU]
# name 11 = prdM: Pressure, Strain Gauge [db]
# name 12 = prdE: Pressure, Strain Gauge [psi]
# name 13 = tv290C: Temperature [ITS-90, deg C]
# name 14 = flag:  0.000e+00
# span 0 =     -0.732,      5.261       
# span 1 =     -0.333,      0.162       
# span 2 =     0.7152,     9.8053       
# span 3 =      6.851,    114.668       
# span 4 =      1.191,     49.041       
# span 5 =   1.068657,  38.612364       
# span 6 =    -0.1524,    21.5409       
# span 7 =      8.221,      8.966       
# span 8 =   121.4332,   352.7788       
# span 9 = 1.2367e-01, 1.8861e+02       
# span 10 =     0.4864,   272.3391      
# span 11 =     -0.718,      5.159      
# span 12 =     -1.041,      7.483      
# span 13 =    11.3293,    24.2432      
# span 14 = 0.0000e+00, 0.0000e+00      
# interval = seconds: 0.25
# start_time = Jun 10 2024 13:29:01 [Instrument's time stamp, header]
# bad_flag = -9.990e-29
*END*
[from data line 193]
      1.011      0.050     9.3681    105.652     39.002  37.768718     6.5063      8.939   158.9273 2.9195e+01     4.5151      0.989      1.435    23.4615 0.0000e+00
      1.029      0.051     9.2359    105.118     38.987  37.749692     6.5148      8.939   159.2371 2.8611e+01     4.4489      1.009      1.464    23.4509 0.0000e+00
      1.049      0.050     9.1269    104.771     38.989  37.748634     6.4772      8.939   159.5698 2.8075e+01     4.3812      1.030      1.495    23.4359 0.0000e+00
      1.063      0.045     9.0450    104.539     38.998  37.755923     6.2841      8.939   159.8528 2.7650e+01     4.4138      1.045      1.516    23.4217 0.0000e+00
      1.071      0.038     8.9859    104.348     39.018  37.774370     5.9519      8.940   159.9909 2.7312e+01     4.5010      1.051      1.525    23.4120 0.0000e+00
      1.078      0.029     8.9402    104.179     39.026  37.781296     5.7732      8.940   160.0350 2.6989e+01     4.4794      1.057      1.533    23.4065 0.0000e+00
      1.083      0.022     8.9142    104.024     39.021  37.776208     5.7549      8.940   160.1285 2.6696e+01     4.3923      1.063      1.543    23.4039 0.0000e+00
      1.087      0.017     8.8977    103.874     39.022  37.776313     5.7143      8.940   160.3463 2.6434e+01     4.4383      1.065      1.545    23.4021 0.0000e+00
      1.090      0.015     8.8816    103.764     39.029  37.782563     5.6400      8.941   160.6042 2.6208e+01     4.5225      1.069      1.549    23.4005 0.0000e+00
      1.094      0.015     8.8671    103.711     39.036  37.788328     5.5978      8.942   160.7516 2.6043e+01     4.5220      1.073      1.556    23.3994 0.0000e+00
      1.097      0.015     8.8558    103.703     39.031  37.782549     5.6037      8.943   160.8376 2.5914e+01     4.5008      1.075      1.559    23.3989 0.0000e+00
      1.100      0.016     8.8403    103.728     39.024  37.776145     5.6782      8.943   160.9559 2.5796e+01     4.4719      1.079      1.565    23.3984 0.0000e+00
      1.104      0.019     8.8310    103.763     39.023  37.774356     5.8234      8.944   161.0639 2.5662e+01     4.4794      1.083      1.571    23.3976 0.0000e+00
      1.109      0.022     8.8277    103.812     39.010  37.760928     5.9204      8.944   161.1964 2.5482e+01     4.5229      1.086      1.576    23.3965 0.0000e+00
      1.114      0.024     8.8264    103.867     38.995  37.740691     5.9344      8.944   161.4392 2.5270e+01     4.5201      1.092      1.583    23.3957 0.0000e+00
      1.122      0.025     8.8307    103.899     38.981  37.720031     5.8766      8.945   161.6764 2.5051e+01     4.5139      1.099      1.596    23.3955 0.0000e+00
      1.131      0.025     8.8324    103.871     38.970  37.701483     5.7635      8.945   161.8275 2.4854e+01     4.5504      1.110      1.610    23.3955 0.0000e+00
      1.138      0.023     8.8372    103.763     38.980  37.706777     5.6982      8.946   161.8891 2.4680e+01     4.6203      1.117      1.620    23.3942 0.0000e+00
      1.143      0.018     8.8440    103.576     38.994  37.720581     5.7029      8.946   161.9051 2.4510e+01     4.7093      1.121      1.626    23.3883 0.0000e+00
      1.148      0.013     8.8496    103.326     39.012  37.741476     5.7200      8.947   162.0220 2.4374e+01     4.7051      1.127      1.634    23.3764 0.0000e+00
      1.151      0.011     8.8505    103.068     39.035  37.769064     5.7221      8.947   162.2703 2.4295e+01     4.5695      1.130      1.639    23.3645 0.0000e+00
      1.151      0.015     8.8410    102.870     38.999  37.736874     5.7117      8.946   162.4977 2.4280e+01     4.4363      1.130      1.640    23.3598 0.0000e+00
      1.150      0.022     8.8257    102.772     38.933  37.669554     5.7031      8.945   162.6199 2.4287e+01     4.4261      1.127      1.634    23.3606 0.0000e+00
      1.151      0.030     8.8014    102.789     38.925  37.653102     5.7093      8.944   162.7158 2.4206e+01     4.4465      1.123      1.629    23.3644 0.0000e+00
      1.161      0.038     8.7756    102.861     38.947  37.664856     5.8197      8.944   162.7966 2.4015e+01     4.4431      1.135      1.645    23.3729 0.0000e+00
      1.180      0.044     8.7569    102.844     38.977  37.684744     6.0311      8.945   162.9093 2.3806e+01     4.5216      1.159      1.681    23.3794 0.0000e+00
      1.198      0.046     8.7486    102.667     39.002  37.703175     6.1513      8.945   163.0459 2.3652e+01     4.6100      1.178      1.708    23.3739 0.0000e+00
      1.211      0.042     8.7532    102.416     38.997  37.697333     6.1747      8.944   163.1579 2.3557e+01     4.6577      1.189      1.724    23.3613 0.0000e+00
      1.220      0.034     8.7673    102.176     38.973  37.677560     6.2969      8.943   163.2307 2.3517e+01     4.6552      1.197      1.736    23.3479 0.0000e+00
      1.227      0.025     8.7718    101.966     38.946  37.654475     6.5042      8.944   163.3239 2.3522e+01     4.5453      1.205      1.747    23.3347 0.0000e+00
      1.230      0.019     8.7531    101.818     38.963  37.672035     6.6096      8.945   163.5099 2.3549e+01     4.4223      1.207      1.751    23.3257 0.0000e+00
      1.230      0.018     8.7288    101.787     38.993  37.699520     6.6141      8.946   163.6726 2.3568e+01     4.3973      1.206      1.749    23.3249 0.0000e+00
      1.232      0.021     8.7083    101.888     38.965  37.669513     6.5333      8.947   163.9150 2.3550e+01     4.5166      1.208      1.751    23.3318 0.0000e+00
      1.236      0.027     8.6878    102.082     38.927  37.626495     6.3813      8.948   164.2025 2.3493e+01     4.7027      1.211      1.758    23.3381 0.0000e+00
      1.244      0.032     8.6734    102.275     38.934  37.623572     6.2920      8.948   164.3104 2.3378e+01     4.7695      1.218      1.768    23.3383 0.0000e+00
      1.256      0.037     8.6702    102.362     38.955  37.634154     6.2610      8.948   164.3592 2.3205e+01     4.7091      1.231      1.786    23.3363 0.0000e+00
      1.270      0.041     8.6807    102.316     38.955  37.627515     6.1807      8.948   164.5352 2.3041e+01     4.6555      1.246      1.807    23.3332 0.0000e+00
      1.281      0.043     8.7009    102.166     38.942  37.606748     6.0619      8.948   164.8896 2.2938e+01     4.6682      1.258      1.825    23.3271 0.0000e+00
      1.290      0.045     8.7241    101.911     38.920  37.573409     6.0073      8.948   165.2882 2.2858e+01     4.7258      1.266      1.837    23.3117 0.0000e+00
      1.299      0.046     8.7354    101.533     38.899  37.541675     6.0112      8.947   165.4825 2.2737e+01     4.7715      1.272      1.845    23.2944 0.0000e+00
      1.311      0.046     8.7292    101.019     38.905  37.540312     6.1426      8.945   165.6040 2.2580e+01     4.8109      1.284      1.862    23.2919 0.0000e+00
      1.325      0.044     8.7190    100.386     38.925  37.556927     6.3968      8.943   165.8965 2.2413e+01     4.8605      1.301      1.887    23.2836 0.0000e+00
      1.339      0.040     8.7011     99.772     38.921  37.552192     6.5458      8.941   166.1796 2.2241e+01     4.9275      1.314      1.905    23.2624 0.0000e+00
      1.352      0.034     8.6711     99.320     38.915  37.546517     6.5798      8.941   166.3609 2.2112e+01     5.0054      1.329      1.926    23.2479 0.0000e+00
      1.361      0.027     8.6301     99.018     38.920  37.551773     6.5744      8.942   166.4532 2.2058e+01     4.9830      1.338      1.941    23.2402 0.0000e+00
      1.363      0.021     8.5713     98.816     38.922  37.552293     6.5062      8.943   166.4356 2.2045e+01     4.8958      1.337      1.940    23.2362 0.0000e+00
      1.364      0.017     8.5120     98.712     38.927  37.552797     6.4202      8.943   166.4919 2.2022e+01     4.9068      1.337      1.939    23.2356 0.0000e+00
      1.365      0.016     8.4763     98.694     38.938  37.557856     6.3929      8.943   166.6182 2.1965e+01     4.9796      1.339      1.942    23.2362 0.0000e+00
      1.369      0.017     8.4522     98.709     38.934  37.550000     6.4176      8.944   166.7573 2.1891e+01     4.9905      1.341      1.945    23.2369 0.0000e+00
      1.375      0.019     8.4343     98.713     38.906  37.521259     6.5194      8.944   166.9703 2.1780e+01     5.0041      1.346      1.954    23.2361 0.0000e+00
      1.384      0.019     8.4264     98.719     38.913  37.527615     6.6834      8.944   167.2136 2.1657e+01     5.0763      1.357      1.969    23.2313 0.0000e+00
      1.391      0.018     8.4281     98.749     38.953  37.563392     6.7767      8.945   167.3759 2.1607e+01     5.1460      1.365      1.981    23.2228 0.0000e+00
      1.394      0.016     8.4330     98.824     38.963  37.573104     6.7902      8.946   167.3842 2.1588e+01     5.2319      1.366      1.982    23.2147 0.0000e+00
      1.396      0.013     8.4316     98.931     38.968  37.581591     6.7457      8.946   167.4000 2.1533e+01     5.2947      1.368      1.984    23.2146 0.0000e+00
      1.398      0.014     8.4318     99.031     38.985  37.602560     6.6557      8.946   167.5672 2.1487e+01     5.2567      1.372      1.989    23.2165 0.0000e+00
      1.400      0.019     8.4344     99.112     39.027  37.636285     6.5999      8.945   167.9425 2.1482e+01     5.1832      1.373      1.992    23.2101 0.0000e+00
      1.401      0.027     8.4411     99.152     39.095  37.672067     6.5874      8.944   168.4106 2.1473e+01     5.1916      1.374      1.993    23.2081 0.0000e+00
      1.406      0.036     8.4514     99.097     39.250  37.781334     6.4802      8.944   168.8396 2.1357e+01     5.4257      1.374      1.993    23.2151 0.0000e+00
      1.419      0.046     8.4578     98.878     39.586  38.068974     6.2606      8.943   169.1713 2.1118e+01     5.7934      1.388      2.015    23.2254 0.0000e+00
      1.438      0.056     8.4649     98.377     39.931  38.357775     6.1295      8.942   169.3233 2.0914e+01     5.9480      1.414      2.049    23.2265 0.0000e+00
      1.453      0.066     8.4783     97.575     40.120  38.481052     6.1024      8.943   169.5589 2.0752e+01     5.8946      1.425      2.067    23.1806 0.0000e+00
      1.468      0.073     8.4847     96.635     40.246  38.544102     6.0504      8.943   169.8694 2.0493e+01     5.8303      1.435      2.082    23.1142 0.0000e+00
      1.489      0.077     8.4758     95.656     40.381  38.612364     5.9743      8.943   170.0661 2.0201e+01     5.7523      1.461      2.118    23.0849 0.0000e+00
      1.511      0.082     8.4434     94.609     40.398  38.544815     5.9401      8.942   170.3025 1.9950e+01     5.7030      1.484      2.153    23.0368 0.0000e+00
      1.531      0.087     8.3795     93.493     40.187  38.234920     5.9363      8.941   170.6632 1.9671e+01     5.7116      1.500      2.176    22.9481 0.0000e+00
      1.553      0.090     8.3071     92.380     39.965  37.911230     5.9036      8.941   171.1572 1.9377e+01     5.7206      1.523      2.210    22.8800 0.0000e+00
      1.578      0.088     8.2349     91.348     39.953  37.803790     5.6859      8.941   171.5437 1.9073e+01     5.7436      1.546      2.244    22.8185 0.0000e+00
      1.604      0.084     8.1618     90.548     40.051  37.824132     5.3095      8.941   171.7227 1.8730e+01     5.7157      1.572      2.278    22.7136 0.0000e+00
      1.629      0.078     8.0847     90.194     40.193  37.903269     5.1065      8.941   171.8585 1.8475e+01     5.6569      1.603      2.323    22.5655 0.0000e+00
      1.648      0.069     8.0096     90.314     40.339  37.999070     5.0878      8.941   171.9809 1.8338e+01     5.6475      1.620      2.350    22.4175 0.0000e+00
      1.661      0.059     7.9359     90.744     40.395  38.030551     5.0665      8.940   172.1700 1.8195e+01     5.7042      1.627      2.361    22.2925 0.0000e+00
      1.674      0.050     7.8683     91.270     40.392  38.030043     5.0317      8.940   172.3375 1.8079e+01     5.8647      1.643      2.384    22.2074 0.0000e+00
      1.685      0.045     7.8474     91.735     40.406  38.056393     5.0177      8.940   172.4590 1.8021e+01     5.9822      1.654      2.399    22.1433 0.0000e+00
      1.692      0.045     7.8737     92.075     40.446  38.095349     5.0049      8.940   172.6921 1.7956e+01     5.9630      1.658      2.406    22.0831 0.0000e+00
      1.701      0.046     7.9214     92.230     40.496  38.120312     4.8938      8.939   172.9190 1.7845e+01     5.9404      1.667      2.419    22.0577 0.0000e+00
      1.714      0.049     7.9724     92.162     40.569  38.167821     4.7145      8.939   172.9649 1.7670e+01     6.0165      1.679      2.435    22.0637 0.0000e+00
      1.729      0.052     8.0084     91.868     40.658  38.225537     4.6343      8.939   173.0752 1.7511e+01     6.1317      1.697      2.461    22.0943 0.0000e+00
      1.744      0.053     8.0387     91.355     40.731  38.247012     4.6405      8.940   173.3913 1.7390e+01     6.2058      1.713      2.484    22.1058 0.0000e+00
      1.758      0.050     8.0620     90.655     40.764  38.237032     4.6235      8.940   173.6043 1.7210e+01     6.1950      1.723      2.499    22.0548 0.0000e+00
      1.773      0.044     8.0583     89.776     40.771  38.231726     4.5780      8.940   173.8434 1.7030e+01     6.1031      1.740      2.523    22.0316 0.0000e+00
      1.786      0.039     8.0351     88.766     40.784  38.246293     4.5484      8.939   174.3892 1.6943e+01     6.0520      1.755      2.545    22.0242 0.0000e+00
      1.793      0.037     8.0006     87.784     40.756  38.222794     4.5478      8.939   174.9557 1.6910e+01     6.0890      1.759      2.552    21.9403 0.0000e+00
      1.798      0.038     7.9495     86.945     40.689  38.137984     4.5463      8.940   175.3581 1.6880e+01     6.1750      1.763      2.557    21.8766 0.0000e+00
      1.803      0.042     7.8727     86.245     40.667  38.045782     4.5213      8.940   175.7272 1.6795e+01     6.2378      1.767      2.563    21.8792 0.0000e+00
      1.812      0.047     7.7760     85.600     40.728  37.996277     4.4956      8.941   176.1494 1.6619e+01     6.2330      1.774      2.573    21.8817 0.0000e+00
      1.827      0.053     7.6848     84.882     40.823  37.983462     4.4937      8.942   176.6769 1.6412e+01     6.2542      1.791      2.597    21.8934 0.0000e+00
      1.847      0.058     7.6126     84.027     40.873  37.954150     4.5312      8.942   177.2866 1.6209e+01     6.3570      1.812      2.627    21.8889 0.0000e+00
      1.866      0.060     7.5681     83.053     40.865  37.895600     4.5998      8.941   177.8429 1.6026e+01     6.4175      1.832      2.656    21.7894 0.0000e+00
      1.881      0.060     7.5392     82.004     40.856  37.846569     4.6319      8.940   178.4128 1.5902e+01     6.3707      1.847      2.679    21.6359 0.0000e+00
      1.893      0.057     7.4972     80.952     40.851  37.805457     4.6199      8.939   179.1009 1.5752e+01     6.3382      1.856      2.691    21.5038 0.0000e+00
      1.907      0.054     7.4334     79.975     40.859  37.779210     4.6054      8.938   179.7959 1.5551e+01     6.3313      1.869      2.712    21.4109 0.0000e+00
      1.921      0.052     7.3537     79.125     40.900  37.782995     4.5806      8.938   180.5349 1.5417e+01     6.3220      1.887      2.737    21.3605 0.0000e+00
      1.932      0.051     7.2652     78.433     40.866  37.724260     4.5448      8.938   181.1528 1.5289e+01     6.3284      1.894      2.747    21.3136 0.0000e+00
      1.946      0.053     7.1762     77.885     40.736  37.576658     4.5220      8.937   181.4166 1.5108e+01     6.3056      1.907      2.766    21.2612 0.0000e+00
      1.961      0.055     7.0926     77.412     40.670  37.457802     4.5046      8.935   181.5738 1.4993e+01     6.3200      1.927      2.795    21.2318 0.0000e+00
      1.972      0.057     7.0226     76.932     40.730  37.429297     4.4514      8.934   181.7626 1.4894e+01     6.3999      1.934      2.804    21.1807 0.0000e+00
