Data/DataNotYetUploadedToEDI/Raw_CTD/RawDownloads/061024_fcr10_S7809003.cnv
* Sea-Bird SBE19plus  Data File:
* FileName = C:\R\Reservoirs\Data\DataNotYetUploadedToEDI\Raw_CTD\RawDownloads\061024_bvr50_S7809_0003.hex
* Software version 2.8.0.119
* Temperature SN = 7809
* Conductivity SN = 7809
* System UpLoad Time = Jun 11 2024 14:38:53
* <ApplicationData>
* <Seaterm232>
# nquan = 15
# nvalues = 653                         
# units = specified
# name 0 = depFM: Depth [fresh water, m]
# name 1 = dz/dtM: Descent Rate [m/s]
# name 2 = sbeox0Mg/L: Oxygen, SBE 43 [mg/l]
# name 3 = sbeox0PS: Oxygen, SBE 43 [% saturation]
# name 4 = specc: Specific Conductance [uS/cm]
# name 5 = c0uS/cm: Conductivity [uS/cm]
# name 6 = flECO-AFL: Fluorescence, WET Labs ECO-AFL/FL [mg/m^3]
# name 7 = ph: pH
# name 8 = orp: Oxidation Reduction Potential [mV]
# name 9 = par/sat/log: PAR/Logarithmic, Satlantic
# name 10 = turbWETntu0: Turbidity, WET Labs ECO [NTU]
# name 11 = prdM: Pressure, Strain Gauge [db]
# name 12 = prdE: Pressure, Strain Gauge [psi]
# name 13 = tv290C: Temperature [ITS-90, deg C]
# name 14 = flag:  0.000e+00
# span 0 =     -0.727,      2.043       
# span 1 =     -0.262,      0.110       
# span 2 =     4.0682,    10.4591       
# span 3 =     47.110,    122.996       
# span 4 =      0.718,     45.550       
# span 5 =   0.620212,  42.813955       
# span 6 =    -0.1413,    35.1154       
# span 7 =      7.819,      9.085       
# span 8 = -1240.7455,  1239.4891       
# span 9 = 6.7129e+01, 2.5696e+03       
# span 10 =     0.7129,   147.4798      
# span 11 =     -0.713,      2.004      
# span 12 =     -1.035,      2.906      
# span 13 =    18.1716,    24.2704      
# span 14 = 0.0000e+00, 0.0000e+00      
# interval = seconds: 0.25
# start_time = Jun 10 2024 13:09:16 [Instrument's time stamp, header]
# bad_flag = -9.990e-29
*END*
[from data line 482]
      2.029     -0.039     4.6784     69.705     40.161  38.176519    15.5972      8.678   186.7484 7.3702e+01    46.0594      1.991      2.886    22.1829 0.0000e+00
      2.019     -0.049     5.0229     74.090     40.096  38.198703    10.4603      8.677   186.3521 7.5415e+01    27.2329      1.984      2.878    22.2285 0.0000e+00
      2.002     -0.053     5.3730     78.877     40.114  38.258691     9.8575      8.674   186.1484 7.7826e+01    25.9817      1.966      2.852    22.2932 0.0000e+00
      1.978     -0.048     5.6994     83.891     40.182  38.330780     8.3015      8.671   186.4369 7.8721e+01    31.3749      1.939      2.811    22.3897 0.0000e+00
      1.957     -0.034     6.0164     88.671     40.304  38.435752     5.5371      8.666   186.8281 7.7001e+01    41.6814      1.916      2.779    22.5308 0.0000e+00
      1.944     -0.015     6.3852     92.534     40.406  38.512559     4.0495      8.661   187.0935 7.3092e+01    47.4011      1.901      2.757    22.6510 0.0000e+00
      1.945      0.003     6.7950     95.034     40.483  38.561381     3.9231      8.658   187.2361 6.8997e+01    48.1990      1.902      2.757    22.6978 0.0000e+00
      1.961      0.016     7.2405     96.024     40.593  38.645270     3.9184      8.657   187.1762 6.7276e+01    51.3630      1.922      2.788    22.6962 0.0000e+00
      1.980      0.020     7.6821     95.530     40.733  38.765322     3.9421      8.656   187.2295 6.7898e+01    57.1330      1.946      2.822    22.6806 0.0000e+00
      1.990      0.018     8.0322     93.912     40.788  38.807191     3.9598      8.655   187.5358 6.9495e+01    60.3030      1.956      2.837    22.6556 0.0000e+00
      1.989      0.011     8.2539     91.638     40.691  38.707272     3.9582      8.655   187.6113 7.0645e+01    60.6892      1.953      2.834    22.6193 0.0000e+00
      1.982      0.002     8.3500     89.107     40.610  38.635996     3.9469      8.656   187.6257 7.0693e+01    61.2561      1.943      2.819    22.5876 0.0000e+00
      1.976     -0.003     8.2926     86.715     40.673  38.706914     3.9311      8.657   187.7955 7.0215e+01    66.9523      1.935      2.807    22.5808 0.0000e+00
      1.975     -0.004     8.1392     84.800     40.842  38.866715     3.9090      8.657   188.0292 7.0243e+01    77.4006      1.936      2.808    22.5672 0.0000e+00
      1.978     -0.001     7.9371     83.583     41.042  39.045117     3.8883      8.657   188.3006 7.1678e+01    83.1262      1.940      2.814    22.5459 0.0000e+00
      1.981      0.003     7.7005     82.983     41.168  39.150534     3.8881      8.657   188.4956 7.3917e+01    83.8479      1.944      2.820    22.5631 0.0000e+00
      1.982      0.005     7.4821     82.617     41.223  39.189380     3.8405      8.657   188.5803 7.5266e+01    85.8878      1.945      2.821    22.5861 0.0000e+00
      1.981      0.005     7.3077     82.148     41.310  39.260940     3.7285      8.658   188.7224 7.4900e+01    89.5485      1.943      2.817    22.5818 0.0000e+00
      1.981      0.004     7.2068     81.471     41.381  39.317694     3.6577      8.660   189.0099 7.3366e+01    91.4901      1.942      2.816    22.5635 0.0000e+00
      1.983      0.004     7.1734     80.616     41.378  39.304422     3.6338      8.660   189.3028 7.1805e+01    91.5329      1.945      2.821    22.5423 0.0000e+00
      1.987      0.004     7.1554     79.675     41.373  39.290840     3.5396      8.660   189.5108 7.0961e+01    91.0220      1.949      2.827    22.5274 0.0000e+00
      1.988     -0.000     7.1175     78.696     41.305  39.216918     3.3596      8.660   189.3733 7.0529e+01    90.0266      1.950      2.829    22.5150 0.0000e+00
      1.988     -0.015     7.0605     77.737     40.990  38.918308     3.2547      8.659   188.9312 6.9549e+01    89.3013      1.949      2.827    22.5007 0.0000e+00
      1.989     -0.044     6.9836     76.965     40.559  38.536037     3.2447      8.659   188.4675 6.8004e+01    87.8894      1.951      2.829    22.4887 0.0000e+00
      1.988     -0.084     6.9026     76.572     40.294  38.339029     3.2556      8.659   187.8109 6.7129e+01    72.9890      1.954      2.834    22.4785 0.0000e+00
      1.972     -0.130     6.8193     76.749     40.143  38.249758     3.2947      8.659   186.7561 6.7821e+01    45.6780      1.944      2.820    22.4662 0.0000e+00
      1.931     -0.174     6.7317     77.850     39.996  38.154777     3.3267      8.658   185.6096 6.9966e+01    30.7096      1.901      2.758    22.4532 0.0000e+00
      1.867     -0.206     6.6539     80.158     39.869  38.079088     3.3515      8.655   184.8751 7.3010e+01    28.8157      1.833      2.658    22.4847 0.0000e+00
      1.792     -0.222     6.6059     83.429     39.773  38.032697     3.5772      8.653   184.2423 7.6556e+01    23.6334      1.760      2.553    22.5737 0.0000e+00
      1.714     -0.223     6.6008     87.201     39.743  38.038131     3.9921      8.653   183.3786 7.8471e+01    14.4397      1.675      2.430    22.6437 0.0000e+00
      1.652     -0.208     6.6738     91.215     39.768  38.081390     4.2233      8.656   182.6925 7.7643e+01     9.4760      1.607      2.331    22.6895 0.0000e+00
      1.616     -0.180     6.8773     95.219     39.795  38.111565     4.2507      8.659   182.4854 7.6855e+01     9.0158      1.587      2.301    22.7493 0.0000e+00
      1.581     -0.144     7.1705     98.838     39.840  38.149155     4.2563      8.661   182.6804 7.7296e+01     8.9089      1.557      2.258    22.8117 0.0000e+00
      1.539     -0.107     7.4905    101.616     39.924  38.218585     4.3490      8.661   182.9862 7.8597e+01     8.9007      1.504      2.181    22.8579 0.0000e+00
      1.509     -0.074     7.8406    103.216     39.977  38.253002     4.5399      8.660   183.1713 8.1058e+01     8.9515      1.473      2.137    22.8820 0.0000e+00
      1.495     -0.045     8.1957    103.679     39.989  38.247985     4.6575      8.659   183.3689 8.4118e+01     9.0107      1.463      2.123    22.8835 0.0000e+00
      1.494     -0.019     8.5221    103.210     39.973  38.221359     4.6976      8.658   183.6549 8.7010e+01     9.0022      1.461      2.120    22.8738 0.0000e+00
      1.501     -0.003     8.7781    101.964     39.936  38.184874     4.8001      8.658   183.7048 8.9103e+01     8.6430      1.472      2.135    22.8628 0.0000e+00
      1.510     -0.005     8.9142    100.163     39.933  38.187587     4.9647      8.659   183.5416 8.9718e+01     8.0491      1.482      2.151    22.8384 0.0000e+00
      1.518     -0.029     8.9503     98.242     39.929  38.190722     5.0572      8.662   183.4027 8.9587e+01     7.7998      1.489      2.159    22.8138 0.0000e+00
      1.521     -0.065     8.9095     96.681     39.890  38.159337     5.0520      8.666   183.2302 9.0920e+01     7.8828      1.498      2.173    22.7992 0.0000e+00
      1.506     -0.105     8.7978     95.718     39.847  38.125394     4.9191      8.670   182.8324 9.4403e+01     8.1991      1.489      2.159    22.7974 0.0000e+00
      1.463     -0.136     8.6260     95.359     39.810  38.097614     4.6816      8.673   182.2934 9.8697e+01     8.6862      1.441      2.089    22.8105 0.0000e+00
      1.403     -0.150     8.4416     95.514     39.781  38.077298     4.5522      8.673   181.9612 1.0464e+02     8.9208      1.376      1.995    22.8186 0.0000e+00
      1.343     -0.145     8.3006     96.052     39.767  38.070142     4.5535      8.672   181.7406 1.1264e+02     8.9524      1.313      1.905    22.8239 0.0000e+00
      1.296     -0.123     8.2168     96.839     39.767  38.074547     4.7055      8.672   181.4332 1.1908e+02     9.2392      1.261      1.830    22.8336 0.0000e+00
      1.274     -0.091     8.1876     97.738     39.752  38.067104     4.9745      8.673   181.1690 1.2390e+02     9.7244      1.242      1.801    22.8436 0.0000e+00
      1.269     -0.056     8.2031     98.580     39.717  38.043614     5.1012      8.676   180.9552 1.2983e+02     9.9342      1.244      1.804    22.8550 0.0000e+00
      1.268     -0.028     8.2529     99.264     39.707  38.044371     5.0979      8.679   180.7421 1.3704e+02     9.9310      1.244      1.805    22.8612 0.0000e+00
      1.266     -0.009     8.3229     99.860     39.729  38.076277     5.0096      8.680   180.7435 1.4598e+02    10.1304      1.242      1.801    22.8651 0.0000e+00
      1.264      0.001     8.4044    100.435     39.759  38.112127     4.8246      8.680   180.9713 1.5631e+02    10.4999      1.239      1.796    22.8749 0.0000e+00
      1.264      0.006     8.4804    100.972     39.811  38.160562     4.7085      8.680   181.1732 1.6496e+02    10.6754      1.238      1.795    22.8863 0.0000e+00
      1.267      0.007     8.5318    101.483     39.886  38.217694     4.6789      8.681   181.2919 1.7082e+02    10.6460      1.242      1.801    22.9012 0.0000e+00
      1.272      0.006     8.5775    101.898     39.925  38.231771     4.6663      8.682   181.3745 1.7612e+02    10.6234      1.248      1.809    22.9169 0.0000e+00
      1.277      0.004     8.6287    101.997     39.914  38.203811     4.6644      8.683   181.4830 1.8165e+02    10.7434      1.254      1.818    22.9260 0.0000e+00
      1.279      0.002     8.6717    101.591     39.913  38.196894     4.6720      8.683   181.7438 1.8662e+02    11.0037      1.256      1.822    22.9287 0.0000e+00
      1.277      0.000     8.7200    100.728     39.931  38.211584     4.6751      8.681   182.0330 1.9042e+02    11.1400      1.253      1.817    22.9093 0.0000e+00
      1.272     -0.004     8.7707     99.623     39.913  38.191062     4.6686      8.680   181.9681 1.9187e+02    11.1278      1.247      1.808    22.8696 0.0000e+00
      1.268     -0.018     8.7914     98.522     39.862  38.139123     4.6611      8.681   181.5616 1.8900e+02    11.4030      1.242      1.801    22.8451 0.0000e+00
      1.270     -0.048     8.7541     97.604     39.807  38.091250     4.6416      8.682   181.0754 1.8185e+02    11.9738      1.244      1.803    22.8427 0.0000e+00
      1.274     -0.092     8.6720     96.925     39.752  38.056439     4.6326      8.683   180.4770 1.7643e+02    12.2907      1.254      1.818    22.8434 0.0000e+00
      1.264     -0.140     8.5711     96.577     39.709  38.035535     4.6449      8.686   179.7470 1.8125e+02    12.2284      1.255      1.819    22.8367 0.0000e+00
      1.219     -0.188     8.4698     96.747     39.687  38.028900     4.6736      8.689   178.7881 1.9868e+02    11.3579      1.212      1.757    22.8290 0.0000e+00
      1.139     -0.228     8.3919     97.518     39.690  38.039695     4.7377      8.694   177.5735 2.2153e+02     9.8949      1.118      1.621    22.8329 0.0000e+00
      1.051     -0.252     8.3264     98.716     39.686  38.039164     4.8045      8.699   176.5900 2.3953e+02     9.1603      1.022      1.482    22.8596 0.0000e+00
      0.978     -0.249     8.2841    100.023     39.666  38.022481     4.8404      8.701   176.1895 2.5845e+02     9.0685      0.958      1.389    22.8916 0.0000e+00
      0.914     -0.219     8.2921    101.221     39.662  38.028354     5.0214      8.700   176.2587 2.8634e+02     8.7841      0.896      1.300    22.9086 0.0000e+00
      0.855     -0.171     8.3627    102.225     39.667  38.046730     5.3621      8.697   176.3934 3.0300e+02     8.2841      0.831      1.205    22.9167 0.0000e+00
      0.812     -0.120     8.4779    103.065     39.658  38.054323     5.5547      8.696   176.3555 3.0286e+02     8.0451      0.787      1.141    22.9197 0.0000e+00
      0.792     -0.077     8.5956    103.841     39.644  38.056722     5.5860      8.696   176.0589 3.0220e+02     8.1139      0.769      1.116    22.9203 0.0000e+00
      0.791     -0.042     8.6992    104.612     39.654  38.075756     5.5996      8.697   175.3030 3.0493e+02     8.2621      0.773      1.121    22.9316 0.0000e+00
      0.799     -0.018     8.7814    105.403     39.669  38.094106     5.5939      8.697   174.5299 3.3628e+02     8.4371      0.785      1.140    22.9529 0.0000e+00
      0.803     -0.005     8.8449    106.188     39.660  38.088233     5.5750      8.699   174.1963 3.8381e+02     8.4866      0.791      1.148    22.9731 0.0000e+00
      0.801     -0.005     8.9074    106.874     39.643  38.068205     5.5709      8.702   173.7637 3.9116e+02     8.4854      0.787      1.141    22.9946 0.0000e+00
      0.796     -0.016     8.9705    107.410     39.629  38.042314     5.5774      8.706   173.0002 3.7065e+02     8.5599      0.779      1.130    23.0061 0.0000e+00
      0.792     -0.035     9.0376    107.750     39.627  38.028991     5.5124      8.711   172.3638 3.5062e+02     8.7379      0.775      1.124    23.0086 0.0000e+00
      0.790     -0.057     9.1088    107.779     39.637  38.034011     5.3766      8.716   171.8341 3.3098e+02     8.9974      0.777      1.126    23.0155 0.0000e+00
      0.780     -0.078     9.1683    107.419     39.642  38.039551     5.3003      8.720   171.2407 3.2590e+02     9.1359      0.773      1.120    23.0142 0.0000e+00
      0.753     -0.097     9.2183    106.786     39.632  38.032528     5.3051      8.724   170.6966 3.3545e+02     9.1488      0.745      1.079    22.9924 0.0000e+00
      0.713     -0.112     9.2558    106.120     39.611  38.012556     5.3434      8.728   170.0736 3.4147e+02     8.9134      0.697      1.011    22.9724 0.0000e+00
      0.674     -0.120     9.2625    105.562     39.587  37.988442     5.3896      8.732   169.2996 3.5082e+02     8.3741      0.658      0.955    22.9701 0.0000e+00
      0.641     -0.120     9.2272    105.141     39.594  37.994797     5.4056      8.735   168.3942 3.7215e+02     8.0252      0.628      0.911    22.9741 0.0000e+00
      0.612     -0.114     9.1624    104.856     39.624  38.025933     5.4033      8.739   167.2994 4.0933e+02     7.9748      0.599      0.868    22.9765 0.0000e+00
      0.585     -0.107     9.1015    104.699     39.642  38.047625     5.4283      8.742   166.3015 4.2758e+02     8.0033      0.571      0.829    22.9767 0.0000e+00
      0.563     -0.106     9.0541    104.693     39.653  38.066709     5.4749      8.743   165.5358 3.8031e+02     8.0623      0.552      0.801    22.9758 0.0000e+00
      0.542     -0.108     9.0175    104.869     39.642  38.066320     5.4844      8.747   164.8379 3.2121e+02     8.0392      0.535      0.776    22.9741 0.0000e+00
      0.515     -0.110     8.9942    105.197     39.607  38.042944     5.4764      8.751   164.1442 2.9521e+02     7.9636      0.507      0.734    22.9757 0.0000e+00
      0.483     -0.110     8.9786    105.636     39.592  38.037905     5.6446      8.754   163.4283 2.7943e+02     7.8988      0.473      0.687    22.9831 0.0000e+00
      0.448     -0.106     8.9743    106.185     39.619  38.068867     5.9781      8.758   162.7216 2.6437e+02     7.8372      0.439      0.637    22.9928 0.0000e+00
      0.415     -0.096     8.9887    106.816     39.648  38.100034     6.1631      8.761   162.1390 2.5773e+02     7.8668      0.404      0.586    23.0066 0.0000e+00
      0.389     -0.083     9.0159    107.423     39.640  38.097463     6.1668      8.762   161.8046 2.5967e+02     7.8817      0.379      0.549    23.0226 0.0000e+00
      0.373     -0.070     9.0507    107.929     39.640  38.101238     6.1233      8.762   161.6897 2.6350e+02     7.8119      0.363      0.526    23.0342 0.0000e+00
      0.364     -0.060     9.0971    108.362     39.682  38.145688     6.0606      8.762   161.7820 2.6819e+02     7.7753      0.356      0.515    23.0392 0.0000e+00
      0.356     -0.051     9.1549    108.726     39.720  38.190712     6.0410      8.760   161.9740 2.7911e+02     7.7803      0.351      0.508    23.0406 0.0000e+00
      0.344     -0.044     9.2097    108.990     39.714  38.201437     6.0609      8.759   161.9460 2.9478e+02     7.8043      0.340      0.494    23.0484 0.0000e+00
      0.327     -0.038     9.2488    109.221     39.704  38.211920     6.0692      8.760   161.7018 2.9828e+02     7.7926      0.318      0.462    23.0548 0.0000e+00
