Data/DataNotYetUploadedToEDI/Raw_CTD/RawDownloads/061024_fcr50_S7809002.cnv
* Sea-Bird SBE19plus  Data File:
* FileName = C:\R\Reservoirs\Data\DataNotYetUploadedToEDI\Raw_CTD\RawDownloads\061024_bvr50_S7809_0002.hex
* Software version 2.8.0.119
* Temperature SN = 7809
* Conductivity SN = 7809
* System UpLoad Time = Jun 11 2024 14:38:34
* <ApplicationData>
* <Seaterm232>
# nquan = 15
# nvalues = 1840                        
# units = specified
# name 0 = depFM: Depth [fresh water, m]
# name 1 = dz/dtM: Descent Rate [m/s]
# name 2 = sbeox0Mg/L: Oxygen, SBE 43 [mg/l]
# name 3 = sbeox0PS: Oxygen, SBE 43 [% saturation]
# name 4 = specc: Specific Conductance [uS/cm]
# name 5 = c0uS/cm: Conductivity [uS/cm]
# name 6 = flECO-AFL: Fluorescence, WET Labs ECO-AFL/FL [mg/m^3]
# name 7 = ph: pH
# name 8 = orp: Oxidation Reduction Potential [mV]
# name 9 = par/sat/log: PAR/Logarithmic, Satlantic
# name 10 = turbWETntu0: Turbidity, WET Labs ECO [NTU]
# name 11 = prdM: Pressure, Strain Gauge [db]
# name 12 = prdE: Pressure, Strain Gauge [psi]
# name 13 = tv290C: Temperature [ITS-90, deg C]
# name 14 = flag:  0.000e+00
# span 0 =     -0.732,      9.036       
# span 1 =     -0.498,      0.648       
# span 2 =     2.9649,     9.3371       
# span 3 =     28.465,    110.047       
# span 4 =      0.915,     46.966       
# span 5 =   0.901242,  38.879407       
# span 6 =    -0.0954,     6.5357       
# span 7 =     -2.098,      9.141       
# span 8 = -1240.7455,   278.6208       
# span 9 = 1.2349e-01, 3.8697e+02       
# span 10 =     0.7456,    88.7152      
# span 11 =     -0.718,      8.862      
# span 12 =     -1.042,     12.853      
# span 13 =    11.3266,    24.2965      
# span 14 = 0.0000e+00, 0.0000e+00      
# interval = seconds: 0.25
# start_time = Jun 10 2024 12:36:00 [Instrument's time stamp, header]
# bad_flag = -9.990e-29
*END*
[from data line 97]
     -0.081 1.7088e-08     7.1713     85.513     39.377  38.531717     3.9375      8.627   128.5445 1.8716e+02     4.0361     -0.079     -0.114    23.9188 0.0000e+00
     -0.080 1.5535e-09     7.1750     85.621     39.373  38.528370     3.9528      8.622   129.0516 1.8672e+02     4.0358     -0.078     -0.114    23.9197 0.0000e+00
     -0.080 1.4122e-10     7.1839     85.641     39.359  38.515370     3.9258      8.618   129.8902 1.8589e+02     4.0015     -0.079     -0.114    23.9196 0.0000e+00
     -0.080 1.2839e-11     7.1951     85.550     39.347  38.501452     3.8616      8.615   130.3382 1.8457e+02     3.9638     -0.079     -0.114    23.9203 0.0000e+00
     -0.080 1.1672e-12     7.2090     85.313     39.334  38.487001     3.8251      8.612   130.3392 1.8393e+02     3.9551     -0.079     -0.114    23.9214 0.0000e+00
     -0.080 1.0611e-13     7.2203     84.945     39.314  38.467555     3.8263      8.607   130.3322 1.8424e+02     3.9987     -0.079     -0.114    23.9229 0.0000e+00
     -0.080 9.6460e-15     7.2211     84.519     39.366  38.520170     3.8343      8.602   130.5120 1.8471e+02     4.0130     -0.078     -0.114    23.9230 0.0000e+00
     -0.081 8.7690e-16     7.2160     84.030     39.461  38.615504     3.8304      8.598   130.7921 1.8451e+02     3.9575     -0.079     -0.114    23.9205 0.0000e+00
     -0.081 7.9715e-17     7.1969     83.455     39.447  38.604900     3.8206      8.595   131.5677 1.8410e+02     3.9080     -0.079     -0.115    23.9180 0.0000e+00
     -0.080 7.2470e-18     7.1608     82.837     39.357  38.518880     3.8157      8.591   132.6632 1.8445e+02     3.9266     -0.079     -0.114    23.9174 0.0000e+00
     -0.080 6.5880e-19     7.1264     82.203     39.300  38.463860     3.8205      8.587   133.1963 1.8514e+02     3.9778     -0.079     -0.114    23.9195 0.0000e+00
     -0.080 5.9895e-20     7.0862     81.556     39.282  38.447319     3.8293      8.583   133.1954 1.8520e+02     3.9800     -0.079     -0.114    23.9230 0.0000e+00
     -0.080 5.4450e-21     7.0345     80.900     39.280  38.445799     3.8301      8.580   133.0831 1.8494e+02     3.9534     -0.079     -0.114    23.9263 0.0000e+00
     -0.080 4.9498e-22     6.9817     80.232     39.279  38.445492     3.8219      8.577   133.6450 1.8500e+02     3.9291     -0.079     -0.114    23.9292 0.0000e+00
     -0.080 4.4998e-23     6.9284     79.575     39.277  38.443607     3.8220      8.573   134.7415 1.8471e+02     3.9598     -0.079     -0.114    23.9311 0.0000e+00
     -0.080 4.0907e-24     6.8730     78.973     39.256  38.423008     3.8902      8.569   134.9834 1.8389e+02     4.0521     -0.078     -0.114    23.9321 0.0000e+00
     -0.080 3.7189e-25     6.8185     78.431     39.218  38.386802     4.0051      8.566   134.5039 1.8346e+02     4.0546     -0.078     -0.114    23.9328 0.0000e+00
     -0.080 3.3808e-26     6.7614     77.906     39.218  38.386578     4.0630      8.565   134.0203 1.8326e+02     3.9546     -0.079     -0.114    23.9330 0.0000e+00
     -0.080 3.0735e-27     6.7041     77.390     39.252  38.420293     4.0656      8.561   133.5240 1.8244e+02     3.9367     -0.079     -0.114    23.9333 0.0000e+00
     -0.080 2.7941e-28     6.6527     76.861     39.245  38.413714     3.9863      8.556   133.4931 1.8140e+02     4.0436     -0.078     -0.114    23.9335 0.0000e+00
     -0.080 2.5400e-29     6.6098     76.261     39.200  38.370485     3.8283      8.554   133.9920 1.8108e+02     4.0849     -0.079     -0.114    23.9336 0.0000e+00
     -0.080 2.3091e-30     6.5652     75.588     39.170  38.341826     3.7363      8.552   134.3071 1.8111e+02     3.9928     -0.079     -0.115    23.9342 0.0000e+00
     -0.080 2.0992e-31     6.5208     74.848     39.148  38.321031     3.7242      8.550   134.2922 1.8122e+02     3.9200     -0.079     -0.114    23.9346 0.0000e+00
     -0.080 1.9083e-32     6.4809     74.038     39.136  38.309418     3.7562      8.548   134.1560 1.8202e+02     3.9564     -0.079     -0.115    23.9352 0.0000e+00
     -0.080 1.7349e-33     6.4278     73.182     39.156  38.328334     3.8147      8.545   134.2087 1.8290e+02     4.0574     -0.078     -0.114    23.9364 0.0000e+00
     -0.080 1.5772e-34     6.3715     72.313     39.187  38.359375     3.8416      8.543   134.4990 1.8305e+02     4.1169     -0.078     -0.114    23.9376 0.0000e+00
     -0.080 1.4338e-35     6.3098     71.488     39.195  38.367441     3.8405      8.541   134.7404 1.8284e+02     4.0608     -0.078     -0.114    23.9383 0.0000e+00
     -0.080 1.3078e-36     6.2397     70.727     39.189  38.362411     3.8425      8.539   134.8911 1.8264e+02     3.9596     -0.078     -0.114    23.9382 0.0000e+00
     -0.080 1.6685e-37     6.1678     70.026     39.188  38.362005     3.8654      8.537   134.9439 1.8226e+02     3.9522     -0.079     -0.114    23.9380 0.0000e+00
     -0.080 5.4273e-37     6.0915     69.387     39.188  38.362536     3.8926      8.535   134.9492 1.8170e+02     4.0394     -0.078     -0.114    23.9382 0.0000e+00
     -0.080 5.8525e-36     6.0219     68.783     39.193  38.368826     3.9048      8.533   134.9546 1.8147e+02     4.0918     -0.079     -0.114    23.9387 0.0000e+00
     -0.080 6.4366e-35     5.9583     68.201     39.198  38.374609     3.8972      8.531   134.9226 1.8172e+02     4.0389     -0.078     -0.114    23.9394 0.0000e+00
     -0.080 7.0803e-34     5.8982     67.695     39.192  38.369002     3.8667      8.528   134.9078 1.8206e+02     3.9466     -0.078     -0.114    23.9402 0.0000e+00
     -0.079 7.7883e-33     5.8454     67.263     39.187  38.364491     3.8447      8.525   134.9477 1.8180e+02     3.9664     -0.078     -0.113    23.9409 0.0000e+00
     -0.079 8.5672e-32     5.7964     66.829     39.207  38.383528     3.8471      8.522   134.9742 1.8052e+02     4.0735     -0.078     -0.113    23.9417 0.0000e+00
     -0.080 9.4239e-31     5.7437     66.400     39.232  38.408808     3.8543      8.521   134.8838 1.7952e+02     4.1138     -0.078     -0.114    23.9427 0.0000e+00
     -0.080 1.0366e-29     5.7001     66.010     39.239  38.416317     3.8488      8.520   134.8017 1.7969e+02     4.0780     -0.078     -0.114    23.9434 0.0000e+00
     -0.079 1.1403e-28     5.6693     65.680     39.232  38.410862     3.8304      8.517   134.9275 1.7935e+02     4.0163     -0.078     -0.113    23.9440 0.0000e+00
     -0.079 1.2543e-27     5.6302     65.412     39.227  38.406299     3.8224      8.515   135.0281 1.7859e+02     4.0176     -0.078     -0.113    23.9447 0.0000e+00
     -0.079 1.3797e-26     5.5932     65.157     39.246  38.424607     3.8355      8.513   134.8998 1.7910e+02     4.0934     -0.078     -0.113    23.9453 0.0000e+00
     -0.080 1.5177e-25     5.5601     64.907     39.263  38.441862     3.8476      8.512   134.9252 1.8068e+02     4.1124     -0.078     -0.114    23.9460 0.0000e+00
     -0.080 1.6695e-24     5.5306     64.686     39.245  38.424551     3.8432      8.510   135.2495 1.8288e+02     4.0424     -0.079     -0.114    23.9467 0.0000e+00
     -0.080 1.8364e-23     5.5117     64.506     39.225  38.405670     3.8332      8.508   135.4648 1.8491e+02     3.9643     -0.078     -0.113    23.9475 0.0000e+00
     -0.079 2.0201e-22     5.4895     64.354     39.222  38.403943     3.8344      8.506   135.5498 1.8562e+02     3.9542     -0.078     -0.113    23.9479 0.0000e+00
     -0.079 2.2221e-21     5.4675     64.212     39.222  38.403683     3.8330      8.505   135.6743 1.8563e+02     4.0227     -0.078     -0.113    23.9485 0.0000e+00
     -0.079 2.4443e-20     5.4482     64.084     39.220  38.402526     3.8073      8.502   135.7653 1.8574e+02     4.0413     -0.078     -0.113    23.9493 0.0000e+00
     -0.079 2.6887e-19     5.4335     63.969     39.207  38.389951     3.7818      8.499   135.8760 1.8537e+02     3.9733     -0.077     -0.112    23.9500 0.0000e+00
     -0.079 2.9576e-18     5.4216     63.861     39.195  38.378556     3.7831      8.497   136.0667 1.8439e+02     3.9189     -0.078     -0.113    23.9506 0.0000e+00
     -0.079 3.2534e-17     5.4090     63.767     39.208  38.391669     3.8726      8.496   136.2642 1.8390e+02     3.9299     -0.078     -0.113    23.9511 0.0000e+00
     -0.079 3.5787e-16     5.3982     63.681     39.238  38.421575     4.0400      8.495   136.4569 1.8428e+02     4.0035     -0.077     -0.112    23.9516 0.0000e+00
     -0.079 3.9366e-15     5.3889     63.587     39.239  38.422863     4.1264      8.494   136.6765 1.8390e+02     3.9880     -0.077     -0.112    23.9521 0.0000e+00
     -0.079 4.3302e-14     5.3792     63.514     39.223  38.407233     4.1177      8.492   136.7687 1.8247e+02     3.8797     -0.078     -0.114    23.9526 0.0000e+00
     -0.079 4.7633e-13     5.3713     63.471     39.239  38.422976     4.1017      8.489   136.7107 1.8126e+02     3.8555     -0.078     -0.113    23.9531 0.0000e+00
     -0.079 5.2396e-12     5.3657     63.439     39.238  38.422834     4.0074      8.488   136.7501 1.8021e+02     3.9341     -0.078     -0.113    23.9536 0.0000e+00
     -0.079 5.7636e-11     5.3554     63.421     39.220  38.405514     3.8349      8.488   136.9003 1.8021e+02     4.0448     -0.078     -0.114    23.9541 0.0000e+00
     -0.079 6.3399e-10     5.3492     63.416     39.218  38.403940     3.7390      8.487   136.9778 1.8207e+02     4.0666     -0.078     -0.112    23.9546 0.0000e+00
     -0.079 6.9739e-09     5.3469     63.415     39.218  38.403811     3.7224      8.485   136.9138 1.8355e+02     3.9935     -0.077     -0.113    23.9551 0.0000e+00
     -0.079 7.6713e-08     5.3432     63.421     39.218  38.403954     3.7841      8.484   136.8141 1.8396e+02     3.9468     -0.078     -0.114    23.9554 0.0000e+00
     -0.079 8.4384e-07     5.3421     63.437     39.219  38.405659     3.9272      8.482   136.8915 1.8443e+02     3.9796     -0.078     -0.113    23.9559 0.0000e+00
     -0.079      0.000     5.3421     63.458     39.238  38.424425     4.0212      8.481   137.0749 1.8468e+02     4.0489     -0.078     -0.113    23.9564 0.0000e+00
     -0.079      0.000     5.3415     63.476     39.254  38.440481     4.0296      8.480   136.8795 1.8451e+02     4.0324     -0.077     -0.112    23.9566 0.0000e+00
     -0.079      0.001     5.3419     63.490     39.222  38.409426     3.9708      8.480   136.2501 1.8386e+02     3.9855     -0.078     -0.113    23.9571 0.0000e+00
     -0.079      0.002     5.3435     63.487     39.178  38.366233     3.8838      8.479   135.5736 1.8319e+02     3.9943     -0.078     -0.113    23.9577 0.0000e+00
     -0.079      0.001     5.3454     63.441     39.174  38.362433     3.8443      8.476   134.9809 1.8305e+02     4.0013     -0.078     -0.113    23.9582 0.0000e+00
     -0.078     -0.005     5.3470     63.434     39.174  38.363480     3.8421      8.472   134.4188 1.8073e+02     4.0022     -0.078     -0.113    23.9585 0.0000e+00
     -0.076     -0.016     5.3479     63.651     39.115  38.315435     3.8481      8.468   133.8540 1.7766e+02     3.9716     -0.075     -0.110    23.9590 0.0000e+00
     -0.074     -0.030     5.3498     64.206     38.995  38.225742     3.8679      8.464   133.4862 1.7536e+02     3.9387     -0.069     -0.101    23.9591 0.0000e+00
     -0.080     -0.044     5.3443     65.071     38.901  38.167449     3.8815      8.457   133.4988 1.7425e+02     3.9465     -0.074     -0.107    23.9597 0.0000e+00
     -0.099     -0.058     5.3353     66.022     38.893  38.181782     3.8872      8.449   133.4898 1.8522e+02     3.9633     -0.095     -0.137    23.9578 0.0000e+00
     -0.125     -0.075     5.3511     66.842     38.906  38.208698     3.9034      8.439   133.2918 2.0185e+02     3.9698     -0.124     -0.178    23.9597 0.0000e+00
     -0.149     -0.095     5.3930     67.626     38.854  38.175630     3.9112      8.429   133.5996 2.0843e+02     3.9570     -0.151     -0.218    24.0044 0.0000e+00
     -0.165     -0.109     5.4665     68.490     38.754  38.099269     3.8987      8.416   134.3721 2.0819e+02     3.9795     -0.161     -0.234    24.0621 0.0000e+00
     -0.186     -0.112     5.5569     69.350     38.690  38.046943     3.8854      8.400   134.8881 2.1140e+02     4.0379     -0.171     -0.248    24.0849 0.0000e+00
     -0.227     -0.107     5.6166     70.169     38.704  38.050623     3.8664      8.385   135.2788 2.1985e+02     4.0824     -0.218     -0.316    24.0943 0.0000e+00
     -0.276     -0.096     5.6741     71.004     38.758  38.080292     3.8361      8.372   135.7408 2.2517e+02     4.0733     -0.280     -0.407    24.1175 0.0000e+00
     -0.305     -0.080     5.7494     71.884     38.792  38.088355     3.8097      8.363   135.9995 2.2424e+02     3.9953     -0.307     -0.446    24.1581 0.0000e+00
     -0.314     -0.059     5.8199     72.785     38.810  38.084614     3.7807      8.357   135.8265 2.2264e+02     3.9254     -0.309     -0.448    24.1741 0.0000e+00
     -0.316     -0.034     5.8879     73.649     38.840  38.098491     3.7688      8.352   135.3699 2.2601e+02     3.9458     -0.310     -0.449    24.1549 0.0000e+00
     -0.316     -0.012     5.9615     74.512     38.884  38.129201     3.8071      8.346   135.4679 2.2793e+02     4.0370     -0.310     -0.449    24.1201 0.0000e+00
     -0.317      0.002     6.0396     75.550     38.906  38.138629     3.8688      8.340   136.1521 2.2575e+02     4.0714     -0.310     -0.449    24.0841 0.0000e+00
     -0.319      0.009     6.1211     76.949     38.931  38.149011     3.8993      8.335   136.5875 2.2568e+02     4.0200     -0.314     -0.456    24.0567 0.0000e+00
     -0.317      0.014     6.1975     79.296     38.999  38.191242     3.8937      8.332   136.5160 2.2637e+02     3.9617     -0.313     -0.455    24.0383 0.0000e+00
     -0.309      0.018     6.2611     83.506     39.048  38.205007     3.9001      8.330   136.0617 2.2656e+02     4.0153     -0.303     -0.440    24.0246 0.0000e+00
     -0.301      0.020     6.3505     89.528     39.064  38.188483     3.9346      8.329   135.7404 2.2705e+02     4.1898     -0.294     -0.427    24.0094 0.0000e+00
     -0.295      0.021     6.4563     95.977     39.084  38.181778     3.9614      8.327   135.9007 2.2784e+02     4.2621     -0.288     -0.418    23.9957 0.0000e+00
     -0.290      0.019     6.6152    101.481     39.114  38.187353     3.9580      8.325   136.1927 2.2868e+02     4.2056     -0.283     -0.412    23.9643 0.0000e+00
     -0.286      0.015     6.9732    105.585     39.136  38.192396     3.9189      8.325   136.4325 2.2976e+02     4.1564     -0.281     -0.407    23.9117 0.0000e+00
     -0.282      0.011     7.5433    108.344     39.131  38.179281     3.8716      8.325   136.8216 2.3147e+02     4.1104     -0.276     -0.400    23.8705 0.0000e+00
     -0.279      0.008     8.1400    109.822     39.116  38.155677     3.8523      8.324   137.1108 2.3270e+02     4.0260     -0.273     -0.397    23.8400 0.0000e+00
     -0.278      0.006     8.6159    110.047     39.134  38.160823     3.8437      8.322   136.3159 2.3268e+02     3.9560     -0.273     -0.396    23.8055 0.0000e+00
     -0.278      0.005     8.9618    109.276     39.161  38.178028     3.8584      8.321   135.1258 2.3265e+02     3.9467     -0.273     -0.396    23.7845 0.0000e+00
     -0.278      0.005     9.1929    108.014     39.160  38.173313     3.9056      8.320   135.2835 2.3395e+02     3.9482     -0.272     -0.395    23.7795 0.0000e+00
     -0.277      0.005     9.3227    106.764     39.155  38.167261     3.9481      8.320   136.0715 2.3588e+02     3.9737     -0.271     -0.394    23.7691 0.0000e+00
     -0.274      0.006     9.3371    105.773     39.157  38.168320     3.9724      8.320   136.3935 2.3697e+02     3.9819     -0.269     -0.390    23.7502 0.0000e+00
     -0.272      0.007     9.2575    105.033     39.177  38.186108     4.0000      8.319   135.2187 2.3720e+02     3.9445     -0.267     -0.387    23.7366 0.0000e+00
