Data/DataNotYetUploadedToEDI/Raw_CTD/RawDownloads/061024_fcr20_S7809004.cnv
* Sea-Bird SBE19plus  Data File:
* FileName = C:\R\Reservoirs\Data\DataNotYetUploadedToEDI\Raw_CTD\RawDownloads\061024_bvr50_S7809_0004.hex
* Software version 2.8.0.119
* Temperature SN = 7809
* Conductivity SN = 7809
* System UpLoad Time = Jun 11 2024 14:39:12
* <ApplicationData>
* <Seaterm232>
# nquan = 15
# nvalues = 635                         
# units = specified
# name 0 = depFM: Depth [fresh water, m]
# name 1 = dz/dtM: Descent Rate [m/s]
# name 2 = sbeox0Mg/L: Oxygen, SBE 43 [mg/l]
# name 3 = sbeox0PS: Oxygen, SBE 43 [% saturation]
# name 4 = specc: Specific Conductance [uS/cm]
# name 5 = c0uS/cm: Conductivity [uS/cm]
# name 6 = flECO-AFL: Fluorescence, WET Labs ECO-AFL/FL [mg/m^3]
# name 7 = ph: pH
# name 8 = orp: Oxidation Reduction Potential [mV]
# name 9 = par/sat/log: PAR/Logarithmic, Satlantic
# name 10 = turbWETntu0: Turbidity, WET Labs ECO [NTU]
# name 11 = prdM: Pressure, Strain Gauge [db]
# name 12 = prdE: Pressure, Strain Gauge [psi]
# name 13 = tv290C: Temperature [ITS-90, deg C]
# name 14 = flag:  0.000e+00
# span 0 =     -0.731,      2.912       
# span 1 =     -0.373,      0.208       
# span 2 =     0.1214,    10.5780       
# span 3 =      1.287,    123.623       
# span 4 =      1.146,     49.085       
# span 5 =   1.044060,  41.173876       
# span 6 =    -0.0844,   115.1551       
# span 7 =     -2.215,      9.085       
# span 8 =   111.1596,   951.1261       
# span 9 = 1.2094e+01, 8.4198e+02       
# span 10 =     0.7148,   156.2826      
# span 11 =     -0.718,      2.856      
# span 12 =     -1.041,      4.142      
# span 13 =    16.2113,    23.9884      
# span 14 = 0.0000e+00, 0.0000e+00      
# interval = seconds: 0.25
# start_time = Jun 10 2024 13:18:04 [Instrument's time stamp, header]
# bad_flag = -9.990e-29
*END*
[from data line 97]
     -0.218      0.020     6.6934     78.543     38.334  37.450818     4.2261      8.839   137.8038 5.3415e+02     4.8727     -0.216     -0.313    23.8383 0.0000e+00
     -0.214      0.024     6.6721     78.250     38.248  37.363292     4.2338      8.840   138.0553 5.3156e+02     4.9277     -0.211     -0.306    23.8353 0.0000e+00
     -0.204      0.025     6.6577     77.797     38.230  37.334997     4.2568      8.840   138.2381 5.2518e+02     4.9954     -0.202     -0.293    23.8401 0.0000e+00
     -0.193      0.022     6.6465     77.248     38.279  37.362508     4.2800      8.841   138.3791 5.1839e+02     4.9744     -0.188     -0.273    23.8452 0.0000e+00
     -0.183      0.016     6.6331     76.704     38.381  37.442068     4.2896      8.842   138.5558 5.2282e+02     4.9115     -0.177     -0.257    23.8421 0.0000e+00
     -0.178      0.008     6.6120     76.268     38.485  37.535468     4.2892      8.844   138.6534 5.2025e+02     4.8844     -0.172     -0.249    23.8410 0.0000e+00
     -0.179      0.001     6.5715     76.151     38.487  37.539977     4.3008      8.846   138.6994 5.2063e+02     4.9200     -0.173     -0.251    23.8325 0.0000e+00
     -0.187     -0.004     6.5251     76.423     38.372  37.433129     4.3384      8.848   138.7669 5.3621e+02     4.9666     -0.183     -0.265    23.7980 0.0000e+00
     -0.194     -0.006     6.4840     76.863     38.251  37.322319     4.3612      8.849   138.7811 5.5133e+02     4.9359     -0.193     -0.279    23.7626 0.0000e+00
     -0.195     -0.003     6.4385     77.264     38.203  37.278917     4.3516      8.851   138.8720 5.6908e+02     4.8565     -0.193     -0.280    23.7545 0.0000e+00
     -0.193      0.004     6.4226     77.559     38.230  37.289091     4.3546      8.851   138.9194 5.8998e+02     4.8608     -0.188     -0.273    23.7636 0.0000e+00
     -0.189      0.013     6.4566     77.719     38.294  37.318394     4.3899      8.852   138.7518 5.9323e+02     4.9533     -0.186     -0.270    23.7699 0.0000e+00
     -0.186      0.024     6.4989     77.729     38.383  37.379358     4.4196      8.853   138.5665 5.6051e+02     5.0184     -0.183     -0.266    23.7793 0.0000e+00
     -0.182      0.037     6.5304     77.609     38.468  37.455073     4.4228      8.852   138.4857 5.0915e+02     4.9986     -0.179     -0.261    23.7980 0.0000e+00
     -0.174      0.052     6.5600     77.497     38.479  37.472385     4.4203      8.852   138.4629 4.6130e+02     4.9185     -0.173     -0.250    23.7752 0.0000e+00
     -0.160      0.068     6.5805     77.559     38.454  37.461782     4.4403      8.851   138.4630 4.2374e+02     4.8696     -0.158     -0.229    23.7139 0.0000e+00
     -0.139      0.083     6.5872     77.761     38.428  37.453800     4.4807      8.849   138.5733 3.9589e+02     4.9204     -0.140     -0.203    23.6782 0.0000e+00
     -0.111      0.096     6.5730     77.932     38.393  37.439352     4.5097      8.847   138.8502 3.7589e+02     5.0207     -0.109     -0.159    23.6718 0.0000e+00
     -0.081      0.106     6.5542     78.006     38.411  37.477488     4.5243      8.846   139.2288 3.6217e+02     5.0232     -0.077     -0.113    23.6838 0.0000e+00
     -0.053      0.112     6.5591     78.018     38.446  37.534207     4.6154      8.845   139.6235 3.4657e+02     4.9498     -0.053     -0.077    23.7018 0.0000e+00
     -0.025      0.113     6.5814     78.057     38.446  37.554076     4.7954      8.846   139.9229 3.3317e+02     4.9528     -0.023     -0.035    23.7249 0.0000e+00
      0.005      0.108     6.5933     78.188     38.466  37.590837     4.9037      8.846   140.0954 3.1902e+02     4.9922      0.004      0.004    23.7526 0.0000e+00
      0.035      0.100     6.5947     78.318     38.522  37.661431     4.9337      8.846   140.3334 2.9989e+02     5.0160      0.034      0.048    23.7786 0.0000e+00
      0.064      0.091     6.5900     78.338     38.556  37.709648     5.1166      8.846   140.6487 2.8546e+02     5.0360      0.066      0.096    23.8094 0.0000e+00
      0.087      0.081     6.5847     78.258     38.566  37.729650     5.4419      8.846   140.9830 2.7896e+02     5.0625      0.088      0.126    23.8369 0.0000e+00
      0.102      0.072     6.5989     78.126     38.540  37.712921     5.6210      8.845   141.3641 2.7558e+02     5.1325      0.099      0.144    23.8560 0.0000e+00
      0.116      0.064     6.6120     77.984     38.450  37.634308     5.6434      8.844   141.6426 2.7144e+02     5.1981      0.114      0.165    23.8770 0.0000e+00
      0.129      0.059     6.6084     77.779     38.410  37.604066     5.5785      8.844   142.1990 2.6797e+02     5.2406      0.128      0.185    23.8990 0.0000e+00
      0.143      0.059     6.6002     77.452     38.464  37.664558     5.4356      8.844   143.1874 2.6502e+02     5.2367      0.138      0.200    23.9103 0.0000e+00
      0.160      0.065     6.5843     77.141     38.461  37.667715     5.3554      8.844   143.9579 2.6442e+02     5.1854      0.158      0.230    23.9206 0.0000e+00
      0.174      0.073     6.5732     77.086     38.366  37.578793     5.3748      8.845   144.3727 2.6843e+02     5.2014      0.173      0.252    23.9342 0.0000e+00
      0.187      0.081     6.5592     77.344     38.256  37.477787     5.5535      8.846   144.6752 2.6932e+02     5.2248      0.178      0.258    23.9440 0.0000e+00
      0.209      0.084     6.5247     77.692     38.177  37.398291     5.8597      8.848   144.9479 2.6293e+02     5.1948      0.201      0.291    23.9576 0.0000e+00
      0.241      0.082     6.4884     77.975     38.182  37.379063     6.0224      8.851   145.2609 2.5476e+02     5.1799      0.238      0.345    23.9648 0.0000e+00
      0.271      0.077     6.4797     78.361     38.280  37.435629     6.0315      8.855   145.7064 2.4651e+02     5.1477      0.269      0.389    23.9668 0.0000e+00
      0.293      0.068     6.5108     79.162     38.387  37.511079     6.0360      8.857   146.2040 2.3965e+02     5.1136      0.292      0.423    23.9783 0.0000e+00
      0.305      0.057     6.5458     80.467     38.415  37.529820     6.0689      8.858   146.6322 2.3550e+02     5.1084      0.301      0.437    23.9884 0.0000e+00
      0.310      0.046     6.5669     82.028     38.351  37.471849     6.1298      8.860   147.0121 2.3212e+02     5.1533      0.304      0.442    23.9546 0.0000e+00
      0.315      0.039     6.5955     83.393     38.248  37.381253     6.1646      8.861   147.2687 2.2875e+02     5.2125      0.306      0.445    23.8832 0.0000e+00
      0.324      0.034     6.6652     84.188     38.181  37.322812     6.1808      8.862   147.4126 2.2451e+02     5.1750      0.316      0.459    23.8424 0.0000e+00
      0.337      0.030     6.7846     84.370     38.197  37.336343     6.4421      8.864   147.6327 2.2061e+02     5.1789      0.331      0.481    23.8365 0.0000e+00
      0.348      0.027     6.9296     84.120     38.293  37.417934     6.9353      8.866   147.8656 2.1905e+02     5.2594      0.341      0.495    23.8463 0.0000e+00
      0.355      0.024     7.0576     83.685     38.374  37.484409     7.2004      8.869   147.8183 2.1986e+02     5.2599      0.350      0.509    23.8616 0.0000e+00
      0.357      0.020     7.1217     83.297     38.336  37.442067     7.2009      8.873   147.4057 2.2206e+02     5.2191      0.353      0.512    23.8742 0.0000e+00
      0.357      0.014     7.1302     82.985     38.240  37.350151     7.1247      8.877   146.8347 2.2331e+02     5.2104      0.347      0.504    23.8762 0.0000e+00
      0.360      0.008     7.1061     82.645     38.212  37.324873     7.0197      8.880   146.7650 2.2254e+02     5.2227      0.350      0.509    23.8521 0.0000e+00
      0.368      0.007     7.0624     82.249     38.286  37.390263     6.9711      8.883   147.2508 2.2014e+02     5.1968      0.364      0.527    23.8294 0.0000e+00
      0.370      0.012     7.0305     81.855     38.350  37.442772     6.9533      8.885   147.2019 2.1957e+02     5.1371      0.366      0.530    23.8239 0.0000e+00
      0.365      0.022     7.0092     81.557     38.295  37.388639     6.8551      8.887   146.6042 2.2189e+02     5.1836      0.356      0.518    23.8302 0.0000e+00
      0.362      0.034     6.9790     81.368     38.204  37.306836     6.6911      8.888   146.3909 2.2217e+02     5.3486      0.350      0.508    23.8394 0.0000e+00
      0.371      0.048     6.9454     81.111     38.169  37.278614     6.6096      8.891   146.6023 2.1861e+02     5.4596      0.357      0.518    23.8270 0.0000e+00
      0.391      0.064     6.9118     80.628     38.194  37.301239     6.6270      8.894   146.8372 2.1344e+02     5.4659      0.383      0.556    23.8070 0.0000e+00
      0.416      0.079     6.8837     80.037     38.228  37.326565     6.7188      8.897   146.9946 2.0807e+02     5.4591      0.409      0.593    23.8062 0.0000e+00
      0.440      0.093     6.8736     79.612     38.240  37.331003     6.8617      8.901   146.8698 2.0222e+02     5.5139      0.431      0.626    23.8214 0.0000e+00
      0.463      0.104     6.8580     79.556     38.269  37.354887     6.9393      8.905   146.4473 1.9657e+02     5.6155      0.454      0.659    23.8339 0.0000e+00
      0.488      0.114     6.8119     79.872     38.279  37.361517     6.9587      8.909   146.1874 1.9125e+02     5.7314      0.476      0.689    23.8289 0.0000e+00
      0.517      0.122     6.7550     80.414     38.199  37.284253     6.9961      8.912   146.0500 1.8527e+02     5.7884      0.507      0.736    23.8135 0.0000e+00
      0.550      0.126     6.7125     80.973     38.104  37.182149     7.3420      8.917   145.8187 1.7868e+02     5.7917      0.538      0.780    23.8050 0.0000e+00
      0.587      0.122     6.7095     81.345     38.094  37.142231     7.9942      8.922   145.5417 1.7143e+02     5.8400      0.571      0.828    23.7993 0.0000e+00
      0.628      0.108     6.7418     81.466     38.182  37.182284     8.3569      8.927   145.2827 1.6504e+02     5.8946      0.620      0.898    23.7945 0.0000e+00
      0.663      0.088     6.7932     81.488     38.327  37.285635     8.3974      8.931   145.1820 1.6118e+02     5.9052      0.657      0.953    23.7982 0.0000e+00
      0.683      0.064     6.8476     81.634     38.434  37.376516     8.5514      8.935   145.1846 1.5917e+02     5.8313      0.672      0.976    23.7981 0.0000e+00
      0.690      0.041     6.8875     81.988     38.445  37.392749     8.8366      8.939   145.1428 1.5875e+02     5.7182      0.680      0.986    23.7566 0.0000e+00
      0.689      0.024     6.9017     82.397     38.391  37.355008     8.9996      8.944   145.0202 1.5920e+02     5.6993      0.678      0.982    23.6785 0.0000e+00
      0.685      0.014     6.9024     82.619     38.318  37.300938     9.0077      8.947   144.9068 1.5912e+02     5.7048      0.670      0.971    23.6228 0.0000e+00
      0.686      0.013     6.9134     82.548     38.245  37.246651     8.8761      8.949   144.9755 1.5880e+02     5.6831      0.671      0.972    23.6097 0.0000e+00
      0.691      0.016     6.9468     82.133     38.201  37.206282     8.6397      8.952   145.1632 1.5840e+02     5.6763      0.677      0.982    23.6225 0.0000e+00
      0.698      0.018     6.9894     81.361     38.206  37.193573     8.5050      8.956   145.2841 1.5789e+02     5.6218      0.684      0.992    23.6449 0.0000e+00
      0.707      0.018     7.0057     80.300     38.256  37.219870     8.5045      8.959   145.4049 1.5735e+02     5.6056      0.694      1.007    23.6659 0.0000e+00
      0.714      0.017     6.9982     79.075     38.319  37.270384     8.6755      8.962   145.5044 1.5695e+02     5.6848      0.701      1.019    23.6939 0.0000e+00
      0.716      0.014     6.9624     77.898     38.350  37.296689     8.9747      8.965   145.4546 1.5706e+02     5.7249      0.703      1.021    23.7076 0.0000e+00
      0.716      0.013     6.8986     77.000     38.343  37.284103     9.1336      8.969   145.4914 1.5671e+02     5.6819      0.702      1.018    23.6707 0.0000e+00
      0.716      0.013     6.8116     76.455     38.309  37.245106     9.1483      8.973   145.8632 1.5521e+02     5.6079      0.700      1.016    23.6308 0.0000e+00
      0.720      0.015     6.7014     76.134     38.272  37.205892     9.1853      8.976   146.3367 1.5361e+02     5.5814      0.705      1.022    23.6246 0.0000e+00
      0.725      0.018     6.5935     75.887     38.258  37.190688     9.2657      8.979   146.5699 1.5231e+02     5.6014      0.712      1.032    23.6237 0.0000e+00
      0.731      0.021     6.5155     75.618     38.258  37.188186     9.3208      8.983   146.7037 1.5101e+02     5.6440      0.717      1.039    23.6138 0.0000e+00
      0.738      0.022     6.4768     75.287     38.248  37.175626     9.3353      8.986   146.7503 1.4959e+02     5.6870      0.724      1.048    23.6033 0.0000e+00
      0.745      0.021     6.4546     74.921     38.238  37.165731     9.3338      8.989   146.7035 1.4840e+02     5.6770      0.731      1.059    23.6009 0.0000e+00
      0.750      0.020     6.4359     74.543     38.268  37.195465     9.3852      8.992   146.7390 1.4789e+02     5.6945      0.736      1.067    23.6002 0.0000e+00
      0.754      0.018     6.4162     74.184     38.487  37.408221     9.4993      8.996   146.6641 1.4748e+02     5.7610      0.739      1.073    23.5959 0.0000e+00
      0.759      0.018     6.3856     74.107     38.929  37.834511     9.5478      8.998   146.3999 1.4706e+02     5.7298      0.744      1.079    23.5920 0.0000e+00
      0.763      0.018     6.3555     75.317     39.289  38.161651     9.5215      9.001   146.2115 1.4691e+02     5.6243      0.748      1.086    23.5900 0.0000e+00
      0.765      0.020     6.3217     79.174     39.431  38.254292     9.3060      9.004   146.3652 1.4663e+02     5.5456      0.751      1.089    23.5926 0.0000e+00
      0.769      0.022     6.2896     85.851     39.483  38.256534     8.9156      9.006   146.7952 1.4611e+02     5.4955      0.754      1.094    23.5925 0.0000e+00
      0.775      0.023     6.2552     94.124     39.514  38.252149     8.7126      9.007   147.5395 1.4511e+02     5.4958      0.759      1.100    23.5953 0.0000e+00
      0.784      0.022     6.2989    102.587     39.549  38.264679     8.6997      9.008   148.3094 1.4346e+02     5.4811      0.768      1.115    23.5747 0.0000e+00
      0.794      0.020     6.6311    110.304     39.579  38.281094     8.8096      9.008   148.5327 1.4206e+02     5.4204      0.781      1.133    23.5011 0.0000e+00
      0.800      0.019     7.2574    116.586     39.563  38.260219     9.0345      9.008   148.5184 1.4152e+02     5.3770      0.786      1.140    23.4325 0.0000e+00
      0.800      0.020     8.0129    120.926     39.506  38.202646     9.1715      9.007   148.5668 1.4152e+02     5.4007      0.785      1.139    23.3912 0.0000e+00
      0.800      0.023     8.7610    123.201     39.464  38.156101     9.2266      9.007   148.6878 1.4132e+02     5.5014      0.784      1.137    23.3650 0.0000e+00
      0.802      0.026     9.4396    123.623     39.459  38.141633     9.4101      9.008   148.9495 1.4005e+02     5.5359      0.783      1.136    23.3522 0.0000e+00
      0.812      0.030     9.9961    122.755     39.481  38.154617     9.7079      9.009   149.0634 1.3782e+02     5.4426      0.794      1.151    23.3464 0.0000e+00
      0.826      0.031    10.3654    121.295     39.519  38.186163     9.8630      9.011   148.9460 1.3599e+02     5.3640      0.812      1.178    23.3462 0.0000e+00
      0.839      0.028    10.5571    119.709     39.540  38.205766     9.8715      9.013   148.8211 1.3501e+02     5.4043      0.825      1.197    23.3390 0.0000e+00
      0.848      0.022    10.5780    118.237     39.535  38.201259     9.7028      9.015   148.7575 1.3456e+02     5.4860      0.833      1.208    23.3234 0.0000e+00
