Data/DataNotYetUploadedToEDI/Raw_CTD/RawDownloads/061024_fcr30_S7809005.cnv
* Sea-Bird SBE19plus  Data File:
* FileName = C:\R\Reservoirs\Data\DataNotYetUploadedToEDI\Raw_CTD\RawDownloads\061024_bvr50_S7809_0005.hex
* Software version 2.8.0.119
* Temperature SN = 7809
* Conductivity SN = 7809
* System UpLoad Time = Jun 11 2024 14:39:39
* <ApplicationData>
* <Seaterm232>
# nquan = 15
# nvalues = 988                         
# units = specified
# name 0 = depFM: Depth [fresh water, m]
# name 1 = dz/dtM: Descent Rate [m/s]
# name 2 = sbeox0Mg/L: Oxygen, SBE 43 [mg/l]
# name 3 = sbeox0PS: Oxygen, SBE 43 [% saturation]
# name 4 = specc: Specific Conductance [uS/cm]
# name 5 = c0uS/cm: Conductivity [uS/cm]
# name 6 = flECO-AFL: Fluorescence, WET Labs ECO-AFL/FL [mg/m^3]
# name 7 = ph: pH
# name 8 = orp: Oxidation Reduction Potential [mV]
# name 9 = par/sat/log: PAR/Logarithmic, Satlantic
# name 10 = turbWETntu0: Turbidity, WET Labs ECO [NTU]
# name 11 = prdM: Pressure, Strain Gauge [db]
# name 12 = prdE: Pressure, Strain Gauge [psi]
# name 13 = tv290C: Temperature [ITS-90, deg C]
# name 14 = flag:  0.000e+00
# span 0 =     -0.732,      5.261       
# span 1 =     -0.333,      0.162       
# span 2 =     0.7152,     9.8053       
# span 3 =      6.851,    114.668       
# span 4 =      1.191,     49.041       
# span 5 =   1.068657,  38.612364       
# span 6 =    -0.1524,    21.5409       
# span 7 =      8.221,      8.966       
# span 8 =   121.4332,   352.7788       
# span 9 = 1.2367e-01, 1.8861e+02       
# span 10 =     0.4864,   272.3391      
# span 11 =     -0.718,      5.159      
# span 12 =     -1.041,      7.483      
# span 13 =    11.3293,    24.2432      
# span 14 = 0.0000e+00, 0.0000e+00      
# interval = seconds: 0.25
# start_time = Jun 10 2024 13:29:01 [Instrument's time stamp, header]
# bad_flag = -9.990e-29
*END*
[from data line 772]
      2.488      0.028     3.1512     33.117     42.267  33.616100     6.1340      8.349   225.0176 8.6320e+00    10.3893      2.435      3.532    14.2637 0.0000e+00
      2.504      0.034     3.1757     34.017     42.250  33.606336     6.3782      8.346   225.0949 8.4573e+00    10.7039      2.453      3.558    14.5981 0.0000e+00
      2.524      0.027     3.2148     34.923     42.253  33.627660     6.3910      8.344   225.1557 8.3077e+00    10.7324      2.479      3.595    14.8003 0.0000e+00
      2.537      0.004     3.2738     35.679     42.282  33.683612     6.1890      8.344   225.1502 8.2706e+00    10.3917      2.494      3.617    14.7853 0.0000e+00
      2.539     -0.034     3.3492     36.204     42.240  33.711891     5.7993      8.344   225.1137 8.3112e+00     9.7622      2.492      3.614    14.7487 0.0000e+00
      2.533     -0.083     3.4482     36.510     42.155  33.715876     5.5918      8.343   224.9734 8.4354e+00     9.4401      2.487      3.608    14.7611 0.0000e+00
      2.512     -0.130     3.5431     36.679     42.105  33.731883     5.5686      8.342   224.8296 8.8039e+00     9.4013      2.476      3.591    14.7893 0.0000e+00
      2.463     -0.165     3.6208     36.783     42.058  33.778604     5.3031      8.340   224.9238 9.4185e+00     8.8832      2.422      3.515    14.8093 0.0000e+00
      2.395     -0.177     3.6678     36.958     41.948  33.836767     4.8031      8.336   225.0805 1.0111e+01     7.8893      2.347      3.404    14.8941 0.0000e+00
      2.328     -0.167     3.6839     37.310     41.849  33.927749     4.5345      8.331   225.0898 1.0787e+01     7.3238      2.279      3.306    15.0077 0.0000e+00
      2.273     -0.133     3.6987     37.868     41.740  34.054076     4.5350      8.326   225.1220 1.1258e+01     7.2729      2.220      3.221    15.0438 0.0000e+00
      2.240     -0.083     3.6978     38.751     41.513  34.158967     4.7429      8.321   225.2984 1.1379e+01     7.2056      2.187      3.172    15.1059 0.0000e+00
      2.235     -0.032     3.6911     40.051     41.182  34.181208     5.1013      8.316   225.4146 1.1265e+01     6.9883      2.186      3.170    15.3361 0.0000e+00
      2.248      0.005     3.7152     41.751     40.832  34.133018     5.2801      8.314   225.4950 1.1023e+01     6.8316      2.201      3.192    15.5226 0.0000e+00
      2.269      0.020     3.7475     43.854     40.660  34.147628     5.2906      8.312   225.6688 1.0751e+01     6.8146      2.225      3.227    15.7271 0.0000e+00
      2.290      0.008     3.7953     46.295     40.657  34.231162     5.2689      8.311   225.7956 1.0569e+01     6.7820      2.251      3.264    16.1558 0.0000e+00
      2.301     -0.025     3.8982     48.871     40.596  34.254881     5.2089      8.311   225.8230 1.0555e+01     6.7110      2.262      3.281    16.5128 0.0000e+00
      2.295     -0.070     4.0343     51.335     40.452  34.180722     5.1568      8.311   225.9138 1.0806e+01     6.6390      2.258      3.275    16.8335 0.0000e+00
      2.266     -0.115     4.2221     53.462     40.407  34.095930     5.1305      8.311   226.1185 1.1342e+01     6.5943      2.231      3.236    17.0337 0.0000e+00
      2.217     -0.148     4.4620     55.106     40.512  34.054398     5.1238      8.310   226.2338 1.2019e+01     6.6485      2.175      3.156    17.0774 0.0000e+00
      2.162     -0.160     4.7077     56.217     40.663  34.059060     5.1093      8.310   226.1033 1.2720e+01     6.7823      2.119      3.073    17.1927 0.0000e+00
      2.107     -0.150     4.9422     56.723     40.755  34.088692     5.0710      8.309   225.9171 1.3440e+01     6.8459      2.066      2.996    17.2949 0.0000e+00
      2.057     -0.119     5.1589     56.566     40.722  34.095391     5.0440      8.307   225.9613 1.3979e+01     6.8028      2.009      2.914    17.2351 0.0000e+00
      2.026     -0.077     5.3405     55.898     40.619  34.076664     5.0409      8.305   226.2081 1.4123e+01     6.7734      1.977      2.866    17.0161 0.0000e+00
      2.019     -0.033     5.4707     55.003     40.535  34.052689     5.2163      8.303   226.5774 1.4010e+01     6.8664      1.976      2.867    16.8369 0.0000e+00
      2.027      0.002     5.5324     54.159     40.521  34.059349     5.5672      8.302   226.9847 1.3813e+01     7.0390      1.985      2.880    16.7782 0.0000e+00
      2.043      0.022     5.5021     53.545     40.544  34.093771     5.7625      8.301   227.1750 1.3564e+01     7.1530      2.001      2.903    16.8418 0.0000e+00
      2.061      0.024     5.4136     53.151     40.588  34.151681     5.7551      8.300   227.1578 1.3327e+01     7.1170      2.024      2.934    16.9611 0.0000e+00
      2.074      0.009     5.3116     52.900     40.659  34.251981     5.5353      8.299   227.2071 1.3209e+01     6.9454      2.038      2.956    17.0156 0.0000e+00
      2.077     -0.016     5.2217     52.836     40.696  34.354856     5.1528      8.299   227.4267 1.3256e+01     6.7856      2.040      2.959    17.0199 0.0000e+00
      2.069     -0.043     5.1616     53.011     40.694  34.443942     4.9421      8.298   227.6618 1.3451e+01     6.6883      2.034      2.949    17.0397 0.0000e+00
      2.050     -0.067     5.1275     53.391     40.720  34.567874     4.9031      8.297   227.8128 1.3780e+01     6.6226      2.013      2.921    17.0614 0.0000e+00
      2.021     -0.085     5.0952     53.942     40.964  34.901743     4.7053      8.296   227.9627 1.4179e+01     6.5379      1.982      2.875    17.0971 0.0000e+00
      1.990     -0.097     5.0751     54.627     41.440  35.498822     4.3401      8.295   228.0968 1.4533e+01     6.4166      1.950      2.828    17.1989 0.0000e+00
      1.964     -0.105     5.0839     55.487     41.686  36.013506     4.1502      8.291   228.1434 1.4799e+01     6.3853      1.923      2.790    17.3137 0.0000e+00
      1.942     -0.110     5.1068     56.627     41.361  36.112609     4.1487      8.287   228.1814 1.5094e+01     6.3641      1.906      2.765    17.4329 0.0000e+00
      1.919     -0.112     5.1473     58.097     40.738  35.872721     4.1385      8.283   228.2986 1.5539e+01     6.2968      1.887      2.737    17.5745 0.0000e+00
      1.888     -0.107     5.1913     59.901     40.447  35.714927     4.0596      8.280   228.4426 1.6070e+01     6.2892      1.853      2.688    17.7674 0.0000e+00
      1.852     -0.097     5.2260     61.891     40.589  35.791119     3.9440      8.275   228.6317 1.6558e+01     6.3401      1.814      2.632    18.1428 0.0000e+00
      1.818     -0.080     5.2759     63.811     40.767  35.905569     3.8905      8.271   228.8645 1.6945e+01     6.4005      1.779      2.581    18.6858 0.0000e+00
      1.794     -0.057     5.3604     65.459     40.934  36.083465     3.9036      8.268   229.1064 1.7150e+01     6.3705      1.753      2.542    19.1440 0.0000e+00
      1.786     -0.032     5.5231     66.689     40.922  36.165458     3.9770      8.266   229.4056 1.7111e+01     6.3860      1.747      2.534    19.2236 0.0000e+00
      1.791     -0.010     5.7379     67.519     40.421  35.818396     4.0959      8.264   229.6430 1.6952e+01     6.5199      1.756      2.546    19.0614 0.0000e+00
      1.800      0.004     5.9264     68.012     39.940  35.377066     4.1668      8.262   229.7392 1.6803e+01     6.5887      1.765      2.561    18.9952 0.0000e+00
      1.807      0.009     6.0816     68.119     39.986  35.270846     4.1765      8.261   229.7937 1.6702e+01     6.6380      1.774      2.573    19.0463 0.0000e+00
      1.809      0.008     6.1783     67.879     40.176  35.295292     4.0888      8.261   229.8728 1.6672e+01     6.6040      1.776      2.577    19.1667 0.0000e+00
      1.808      0.005     6.2248     67.391     40.173  35.228306     3.9145      8.261   230.0070 1.6683e+01     6.4158      1.773      2.572    19.3604 0.0000e+00
      1.805      0.003     6.2755     66.682     40.132  35.158775     3.8336      8.261   230.1245 1.6694e+01     6.3438      1.770      2.567    19.3719 0.0000e+00
      1.804      0.004     6.3189     65.805     40.171  35.152497     3.8515      8.262   230.1755 1.6687e+01     6.4178      1.768      2.565    19.0848 0.0000e+00
      1.805      0.004     6.3190     64.885     40.215  35.152340     3.9631      8.263   230.1939 1.6643e+01     6.3878      1.769      2.565    18.8681 0.0000e+00
      1.809     -0.005     6.2793     64.039     40.327  35.220281     4.1757      8.263   230.2614 1.6554e+01     6.2202      1.772      2.571    18.8348 0.0000e+00
      1.815     -0.028     6.2149     63.339     40.616  35.466332     4.2920      8.262   230.4748 1.6434e+01     6.0643      1.779      2.580    18.8101 0.0000e+00
      1.819     -0.064     6.1363     62.825     40.898  35.779694     4.2957      8.261   230.6237 1.6460e+01     6.0742      1.788      2.593    18.7429 0.0000e+00
      1.810     -0.109     6.0522     62.550     41.003  36.027069     4.2209      8.258   230.6842 1.6901e+01     6.2379      1.784      2.589    18.6978 0.0000e+00
      1.776     -0.151     5.9758     62.621     41.077  36.300221     4.0610      8.254   230.8629 1.7775e+01     6.3694      1.751      2.539    18.6614 0.0000e+00
      1.716     -0.181     5.9137     63.147     41.160  36.608008     3.9611      8.250   231.0631 1.8894e+01     6.3664      1.688      2.447    18.6208 0.0000e+00
      1.644     -0.187     5.8570     64.220     41.051  36.766562     3.9619      8.246   231.2122 2.0104e+01     6.3038      1.612      2.338    18.6893 0.0000e+00
      1.573     -0.169     5.8003     65.847     40.791  36.758221     4.2286      8.242   231.2022 2.1139e+01     6.2964      1.536      2.228    18.9114 0.0000e+00
      1.520     -0.129     5.7729     67.885     40.514  36.634376     4.7303      8.240   231.1150 2.1654e+01     6.2774      1.478      2.143    19.1754 0.0000e+00
      1.498     -0.079     5.7873     70.190     40.319  36.474930     5.0011      8.238   231.3627 2.1673e+01     6.2102      1.460      2.118    19.4449 0.0000e+00
      1.500     -0.030     5.8425     72.510     40.307  36.416700     5.0219      8.237   231.8743 2.1495e+01     6.1671      1.468      2.129    19.7881 0.0000e+00
      1.511      0.007     5.9627     74.444     40.387  36.437857     5.0151      8.237   232.3102 2.1253e+01     6.1316      1.480      2.147    20.1033 0.0000e+00
      1.526      0.028     6.1309     75.723     40.382  36.413406     5.0276      8.237   232.5895 2.1013e+01     6.1913      1.497      2.171    20.2579 0.0000e+00
      1.539      0.034     6.3448     76.274     40.284  36.311401     5.0645      8.237   232.7557 2.0854e+01     6.3418      1.511      2.192    20.2582 0.0000e+00
      1.547      0.030     6.5851     76.192     40.234  36.219737     5.0776      8.238   232.6847 2.0732e+01     6.3800      1.519      2.203    20.1683 0.0000e+00
      1.552      0.024     6.7778     75.653     40.290  36.193362     5.0705      8.239   232.3336 2.0620e+01     6.3116      1.523      2.208    20.0835 0.0000e+00
      1.556      0.017     6.8980     74.793     40.357  36.182748     5.0364      8.239   232.1237 2.0523e+01     6.2317      1.524      2.211    20.0775 0.0000e+00
      1.559      0.011     6.9428     73.719     40.376  36.154753     4.9814      8.239   232.2125 2.0411e+01     6.1998      1.529      2.217    20.0856 0.0000e+00
      1.561      0.004     6.9369     72.579     40.420  36.172078     4.9634      8.239   232.3741 2.0315e+01     6.2341      1.532      2.222    20.0232 0.0000e+00
      1.563     -0.009     6.9005     71.574     40.598  36.328747     4.9519      8.239   232.5294 2.0265e+01     6.2025      1.533      2.223    19.9064 0.0000e+00
      1.563     -0.032     6.8319     70.802     40.843  36.589626     4.8098      8.238   232.7138 2.0261e+01     6.1589      1.534      2.224    19.8087 0.0000e+00
      1.561     -0.064     6.7380     70.290     40.932  36.788312     4.5596      8.238   232.8830 2.0369e+01     6.1844      1.534      2.225    19.7578 0.0000e+00
      1.549     -0.100     6.6269     70.080     40.862  36.891085     4.4325      8.238   233.0270 2.0786e+01     6.1689      1.526      2.214    19.7356 0.0000e+00
      1.518     -0.134     6.5347     70.211     40.757  36.944126     4.4456      8.237   232.9918 2.1611e+01     6.1434      1.497      2.170    19.7242 0.0000e+00
      1.469     -0.162     6.4624     70.766     40.617  36.922205     4.5608      8.236   232.6292 2.2707e+01     6.0799      1.445      2.096    19.7450 0.0000e+00
      1.410     -0.177     6.3911     71.775     40.509  36.879995     4.7598      8.236   232.3424 2.3893e+01     5.9489      1.382      2.004    19.9075 0.0000e+00
      1.353     -0.172     6.3421     73.080     40.557  36.941475     4.8705      8.235   232.3632 2.4999e+01     5.8568      1.322      1.916    20.1541 0.0000e+00
      1.304     -0.148     6.3271     74.445     40.697  37.094487     4.9089      8.234   232.5371 2.5967e+01     5.8198      1.275      1.851    20.3358 0.0000e+00
      1.264     -0.110     6.3573     75.741     40.746  37.207192     5.0913      8.234   232.8099 2.6718e+01     5.8103      1.235      1.791    20.4691 0.0000e+00
      1.238     -0.068     6.4463     76.926     40.670  37.225553     5.3940      8.233   233.2530 2.7045e+01     5.8102      1.206      1.749    20.5396 0.0000e+00
      1.232     -0.031     6.5731     77.916     40.563  37.189711     5.5565      8.231   233.7643 2.6994e+01     5.8519      1.204      1.747    20.5318 0.0000e+00
      1.240     -0.006     6.6993     78.673     40.502  37.154637     5.5829      8.229   234.0013 2.6747e+01     5.9399      1.214      1.761    20.5425 0.0000e+00
      1.252      0.002     6.8006     79.204     40.532  37.182228     5.5963      8.228   233.7959 2.6400e+01     5.9512      1.227      1.780    20.6416 0.0000e+00
      1.264     -0.010     6.8939     79.480     40.599  37.269493     5.5187      8.228   233.3463 2.6140e+01     5.7160      1.242      1.802    20.7756 0.0000e+00
      1.269     -0.036     6.9724     79.573     40.548  37.321414     5.3525      8.228   233.0383 2.6128e+01     5.3500      1.249      1.811    20.8583 0.0000e+00
      1.260     -0.068     7.0353     79.698     40.371  37.302509     5.2512      8.228   232.9115 2.6468e+01     5.1808      1.242      1.802    20.8749 0.0000e+00
      1.233     -0.093     7.0891     80.020     40.260  37.294940     5.2423      8.228   232.9315 2.7215e+01     5.2074      1.215      1.762    20.8550 0.0000e+00
      1.189     -0.102     7.1127     80.615     40.301  37.356955     5.2956      8.226   233.1938 2.8163e+01     5.1938      1.168      1.694    20.8519 0.0000e+00
      1.143     -0.094     7.0929     81.463     40.333  37.417798     5.3874      8.223   233.5013 2.8994e+01     5.0842      1.117      1.620    20.9847 0.0000e+00
      1.108     -0.070     7.0653     82.433     40.197  37.396073     5.4284      8.222   233.6391 2.9456e+01     4.9759      1.078      1.563    21.2301 0.0000e+00
      1.095     -0.038     7.0754     83.441     40.029  37.348245     5.4339      8.221   233.4828 2.9446e+01     4.9086      1.066      1.545    21.3550 0.0000e+00
      1.102     -0.009     7.1269     84.356     40.011  37.347306     5.6611      8.221   232.2144 2.9172e+01     4.8853      1.078      1.564    21.3447 0.0000e+00
      1.118      0.006     7.2146     85.104     40.084  37.384749     6.0946      8.222   229.9187 2.8921e+01     4.8649      1.098      1.592    21.3249 0.0000e+00
      1.133     -0.002     7.2731     85.684     40.126  37.420184     6.3234      8.223   228.4402 2.8784e+01     4.7988      1.113      1.614    21.4998 0.0000e+00
      1.141     -0.032     7.3375     85.974     40.057  37.395005     6.3125      8.224   228.1034 2.8812e+01     4.7353      1.121      1.627    21.7199 0.0000e+00
