Data/DataNotYetUploadedToEDI/Raw_CTD/RawDownloads/061024_bvr50_S7809001.cnv
* Sea-Bird SBE19plus  Data File:
* FileName = C:\R\Reservoirs\Data\DataNotYetUploadedToEDI\Raw_CTD\RawDownloads\061024_bvr50_S7809_0001.hex
* Software version 2.8.0.119
* Temperature SN = 7809
* Conductivity SN = 7809
* System UpLoad Time = Jun 11 2024 14:56:43
* <ApplicationData>
* <Seaterm232>
# nquan = 15
# nvalues = 1597                        
# units = specified
# name 0 = depFM: Depth [fresh water, m]
# name 1 = dz/dtM: Descent Rate [m/s]
# name 2 = sbeox0Mg/L: Oxygen, SBE 43 [mg/l]
# name 3 = sbeox0PS: Oxygen, SBE 43 [% saturation]
# name 4 = specc: Specific Conductance [uS/cm]
# name 5 = c0uS/cm: Conductivity [uS/cm]
# name 6 = flECO-AFL: Fluorescence, WET Labs ECO-AFL/FL [mg/m^3]
# name 7 = ph: pH
# name 8 = orp: Oxidation Reduction Potential [mV]
# name 9 = par/sat/log: PAR/Logarithmic, Satlantic
# name 10 = turbWETntu0: Turbidity, WET Labs ECO [NTU]
# name 11 = prdM: Pressure, Strain Gauge [db]
# name 12 = prdE: Pressure, Strain Gauge [psi]
# name 13 = tv290C: Temperature [ITS-90, deg C]
# name 14 = flag:  0.000e+00
# span 0 =     -0.812,      9.760       
# span 1 =     -0.439,      0.229       
# span 2 =     0.0188,     8.6207       
# span 3 =      0.354,    101.716       
# span 4 =      0.408,    150.884       
# span 5 =   0.399555, 105.841188       
# span 6 =    -1.2657,    10.4669       
# span 7 =     -2.110,     11.911       
# span 8 = -1240.7429,   872.3910       
# span 9 = 1.2355e-01, 2.0510e+03       
# span 10 =    -2.2412,    71.9514      
# span 11 =     -0.797,      9.572      
# span 12 =     -1.156,     13.882      
# span 13 =    10.0659,    24.0476      
# span 14 = 0.0000e+00, 0.0000e+00      
# interval = seconds: 0.25
# start_time = Jun 10 2024 10:21:21 [Instrument's time stamp, header]
# bad_flag = -9.990e-29
*END*
[from data line 579]
      2.980      0.026     0.1221      1.234     41.491  33.949266     0.8150      8.691   -41.2130 2.1636e+00     0.9773      2.921      4.236    15.9023 0.0000e+00
      2.990      0.026     0.1207      1.247     41.439  33.927688     0.8149      8.688   -42.3147 2.1626e+00     1.0043      2.936      4.259    15.9109 0.0000e+00
      2.994      0.033     0.1203      1.236     41.288  33.814395     0.7945      8.685   -43.3055 2.1519e+00     0.9717      2.938      4.261    15.8915 0.0000e+00
      2.992      0.046     0.1197      1.216     41.045  33.594575     0.7682      8.683   -44.3314 2.1418e+00     1.0272      2.932      4.253    15.8824 0.0000e+00
      2.996      0.060     0.1218      1.209     40.845  33.363499     0.7468      8.681   -45.3402 2.1370e+00     1.1967      2.933      4.256    15.9046 0.0000e+00
      3.012      0.071     0.1248      1.212     40.818  33.240911     0.7518      8.680   -46.3825 2.1022e+00     1.2792      2.945      4.272    15.9358 0.0000e+00
      3.046      0.080     0.1221      1.219     40.954  33.254229     0.7535      8.678   -47.3835 2.0553e+00     1.2380      2.985      4.330    15.9598 0.0000e+00
      3.082      0.085     0.1196      1.229     40.974  33.207193     0.7348      8.676   -48.3225 2.0325e+00     1.1434      3.028      4.394    15.9434 0.0000e+00
      3.107      0.086     0.1193      1.238     40.761  32.989338     0.7343      8.674   -49.3910 2.0098e+00     1.0569      3.050      4.423    15.8535 0.0000e+00
      3.121      0.082     0.1206      1.243     40.590  32.777150     0.7468      8.672   -50.4935 1.9907e+00     1.0810      3.062      4.442    15.7134 0.0000e+00
      3.131      0.073     0.1209      1.249     40.577  32.671698     0.7452      8.671   -51.4995 1.9782e+00     1.0592      3.067      4.447    15.5762 0.0000e+00
      3.147      0.066     0.1227      1.257     40.588  32.602389     0.7393      8.670   -52.4344 1.9451e+00     0.9301      3.081      4.469    15.5037 0.0000e+00
      3.171      0.062     0.1240      1.260     40.614  32.573462     0.7338      8.669   -53.2795 1.9136e+00     0.9200      3.113      4.515    15.4854 0.0000e+00
      3.191      0.060     0.1240      1.241     40.637  32.575638     0.7203      8.669   -54.2326 1.9150e+00     1.0397      3.132      4.544    15.3863 0.0000e+00
      3.205      0.058     0.1254      1.216     40.534  32.501801     0.7093      8.668   -55.2683 1.9259e+00     1.0792      3.143      4.559    15.2416 0.0000e+00
      3.215      0.057     0.1259      1.210     40.454  32.442001     0.7088      8.666   -56.0795 1.9180e+00     0.9880      3.154      4.574    15.1489 0.0000e+00
      3.225      0.058     0.1282      1.206     40.671  32.613901     0.7061      8.665   -56.7268 1.8917e+00     0.9284      3.161      4.584    15.0816 0.0000e+00
      3.237      0.064     0.1253      1.191     40.960  32.867309     0.7019      8.665   -57.4166 1.8634e+00     0.9733      3.172      4.600    15.0617 0.0000e+00
      3.254      0.073     0.1209      1.183     40.857  32.841426     0.7162      8.664   -58.2248 1.8473e+00     1.0517      3.189      4.625    15.0932 0.0000e+00
      3.276      0.080     0.1220      1.183     40.604  32.681683     0.7288      8.662   -59.0995 1.8321e+00     1.0911      3.210      4.655    15.1014 0.0000e+00
      3.302      0.081     0.1223      1.182     40.660  32.712283     0.7039      8.660   -59.8185 1.8146e+00     1.0396      3.237      4.696    15.0792 0.0000e+00
      3.329      0.077     0.1189      1.179     40.852  32.830743     0.6573      8.660   -60.4664 1.7921e+00     0.9414      3.266      4.738    15.0926 0.0000e+00
      3.351      0.069     0.1187      1.171     40.880  32.845090     0.6392      8.659   -61.1678 1.7632e+00     0.8944      3.288      4.770    15.1921 0.0000e+00
      3.366      0.058     0.1188      1.175     40.765  32.758868     0.6515      8.657   -61.7599 1.7464e+00     0.9153      3.305      4.793    15.2831 0.0000e+00
      3.374      0.047     0.1182      1.185     40.672  32.676430     0.6561      8.656   -62.2909 1.7503e+00     0.8863      3.310      4.800    15.2321 0.0000e+00
      3.382      0.036     0.1195      1.186     40.696  32.673062     0.6448      8.655   -62.8565 1.7556e+00     0.7490      3.314      4.806    15.1544 0.0000e+00
      3.392      0.029     0.1167      1.183     40.777  32.718125     0.6311      8.654   -63.4360 1.7507e+00     0.6564      3.328      4.827    15.1635 0.0000e+00
      3.400      0.024     0.1175      1.190     40.776  32.713723     0.6330      8.653   -64.0491 1.7427e+00     0.6883      3.336      4.838    15.1869 0.0000e+00
      3.405      0.023     0.1197      1.194     40.653  32.619834     0.6599      8.652   -64.6761 1.7320e+00     0.7244      3.339      4.843    15.1747 0.0000e+00
      3.408      0.023     0.1195      1.178     40.489  32.471111     0.6814      8.651   -65.3396 1.7329e+00     0.6836      3.342      4.848    15.1388 0.0000e+00
      3.411      0.026     0.1182      1.157     40.360  32.311191     0.6854      8.651   -65.9623 1.7395e+00     0.6726      3.344      4.851    15.1057 0.0000e+00
      3.415      0.031     0.1197      1.139     40.240  32.145315     0.6908      8.650   -66.4402 1.7344e+00     0.7288      3.348      4.856    15.1045 0.0000e+00
      3.423      0.039     0.1214      1.126     40.097  31.987988     0.6880      8.650   -66.8160 1.7291e+00     0.7473      3.355      4.867    15.1254 0.0000e+00
      3.435      0.048     0.1184      1.128     39.972  31.868016     0.6855      8.649   -67.1502 1.7298e+00     0.7261      3.369      4.887    15.1199 0.0000e+00
      3.450      0.055     0.1162      1.134     39.893  31.773183     0.6853      8.647   -67.6418 1.7273e+00     0.7121      3.384      4.906    15.0317 0.0000e+00
      3.467      0.059     0.1153      1.134     39.914  31.729477     0.6857      8.647   -68.2857 1.7166e+00     0.7137      3.401      4.931    14.9194 0.0000e+00
      3.486      0.059     0.1129      1.150     40.063  31.783565     0.6981      8.646   -68.8272 1.6978e+00     0.7452      3.419      4.960    14.8708 0.0000e+00
      3.502      0.055     0.1135      1.180     40.198  31.856135     0.7106      8.644   -69.1985 1.6818e+00     0.8203      3.434      4.980    14.8653 0.0000e+00
      3.517      0.049     0.1159      1.192     40.183  31.845611     0.7116      8.644   -69.5061 1.6785e+00     0.8362      3.450      5.003    14.8408 0.0000e+00
      3.528      0.043     0.1135      1.180     40.070  31.783201     0.7024      8.644   -69.8786 1.6749e+00     0.7318      3.463      5.022    14.7451 0.0000e+00
      3.536      0.037     0.1162      1.164     39.978  31.735961     0.7078      8.642   -70.2609 1.6714e+00     0.6857      3.467      5.028    14.6465 0.0000e+00
      3.542      0.032     0.1208      1.157     39.942  31.718527     0.7268      8.640   -70.6014 1.6726e+00     0.7915      3.473      5.038    14.6046 0.0000e+00
      3.550      0.029     0.1225      1.150     39.898  31.699299     0.7233      8.639   -70.9833 1.6661e+00     0.9181      3.482      5.050    14.6067 0.0000e+00
      3.558      0.028     0.1199      1.141     39.783  31.630370     0.6991      8.638   -71.3504 1.6621e+00     0.9527      3.490      5.061    14.6584 0.0000e+00
      3.565      0.029     0.1173      1.137     39.578  31.456081     0.6839      8.637   -71.6851 1.6597e+00     0.9358      3.495      5.071    14.7023 0.0000e+00
      3.571      0.030     0.1178      1.139     39.381  31.241354     0.6894      8.636   -72.0183 1.6461e+00     0.9531      3.501      5.078    14.6963 0.0000e+00
      3.577      0.032     0.1164      1.133     39.334  31.127482     0.7076      8.635   -72.3686 1.6407e+00     0.9907      3.508      5.087    14.7112 0.0000e+00
      3.586      0.035     0.1158      1.128     39.384  31.094159     0.7129      8.634   -72.7365 1.6467e+00     0.9806      3.516      5.100    14.7681 0.0000e+00
      3.597      0.037     0.1143      1.136     39.457  31.092108     0.6949      8.634   -73.0255 1.6457e+00     0.9680      3.527      5.115    14.7654 0.0000e+00
      3.608      0.039     0.1168      1.142     39.512  31.102610     0.6819      8.634   -73.2815 1.6394e+00     0.9751      3.538      5.132    14.6641 0.0000e+00
      3.618      0.039     0.1150      1.133     39.531  31.094228     0.6889      8.633   -73.5950 1.6272e+00     0.8965      3.548      5.147    14.5619 0.0000e+00
      3.628      0.038     0.1143      1.113     39.526  31.054165     0.6881      8.632   -73.8906 1.6113e+00     0.7683      3.558      5.161    14.4705 0.0000e+00
      3.637      0.038     0.1162      1.092     39.425  30.935358     0.6645      8.631   -74.1882 1.5991e+00     0.6887      3.568      5.174    14.3781 0.0000e+00
      3.646      0.039     0.1176      1.076     39.293  30.799539     0.6436      8.630   -74.6121 1.5859e+00     0.6510      3.576      5.186    14.3494 0.0000e+00
      3.655      0.039     0.1163      1.086     39.248  30.744108     0.6438      8.629   -75.0585 1.5737e+00     0.6543      3.584      5.198    14.3371 0.0000e+00
      3.665      0.040     0.1136      1.101     39.217  30.709167     0.6503      8.627   -75.4553 1.5659e+00     0.6957      3.593      5.211    14.2802 0.0000e+00
      3.677      0.041     0.1127      1.105     39.136  30.630800     0.6471      8.627   -75.7959 1.5528e+00     0.7076      3.606      5.230    14.2238 0.0000e+00
      3.689      0.043     0.1084      1.118     39.014  30.494347     0.6462      8.626   -76.0798 1.5315e+00     0.6955      3.619      5.249    14.1847 0.0000e+00
      3.699      0.044     0.1118      1.136     38.893  30.327977     0.6485      8.625   -76.3921 1.5146e+00     0.7879      3.626      5.260    14.1558 0.0000e+00
      3.709      0.044     0.1141      1.135     38.844  30.205001     0.6491      8.625   -76.7331 1.5038e+00     0.9706      3.636      5.274    14.1500 0.0000e+00
      3.720      0.043     0.1127      1.133     38.867  30.149166     0.6452      8.625   -77.1055 1.4902e+00     1.0260      3.649      5.292    14.1431 0.0000e+00
      3.733      0.040     0.1145      1.150     38.942  30.160266     0.6355      8.624   -77.4531 1.4816e+00     0.9448      3.660      5.309    14.0947 0.0000e+00
      3.744      0.037     0.1184      1.148     39.019  30.212284     0.6313      8.623   -77.8384 1.4811e+00     0.8774      3.672      5.327    13.9919 0.0000e+00
      3.754      0.034     0.1178      1.109     39.060  30.270636     0.6364      8.622   -78.3224 1.4700e+00     0.8594      3.682      5.340    13.8684 0.0000e+00
      3.762      0.032     0.1154      1.073     39.126  30.358353     0.6471      8.621   -78.7449 1.4510e+00     0.8645      3.690      5.352    13.7704 0.0000e+00
      3.767      0.031     0.1204      1.065     39.196  30.448271     0.6440      8.619   -79.1614 1.4400e+00     0.8033      3.695      5.359    13.7034 0.0000e+00
      3.772      0.031     0.1213      1.077     39.180  30.469781     0.6237      8.618   -79.5726 1.4407e+00     0.7337      3.698      5.362    13.6903 0.0000e+00
      3.781      0.032     0.1143      1.092     39.107  30.428163     0.6096      8.618   -79.8446 1.4439e+00     0.7746      3.708      5.377    13.7468 0.0000e+00
      3.791      0.033     0.1098      1.085     39.067  30.389137     0.6064      8.618   -80.1271 1.4321e+00     0.8192      3.718      5.392    13.7933 0.0000e+00
      3.800      0.034     0.1098      1.067     39.073  30.378515     0.6022      8.618   -80.4927 1.4087e+00     0.7946      3.726      5.404    13.8329 0.0000e+00
      3.810      0.034     0.1107      1.062     39.066  30.363144     0.5919      8.617   -80.7374 1.3872e+00     0.7508      3.736      5.419    13.8925 0.0000e+00
      3.819      0.033     0.1141      1.062     39.027  30.330144     0.5904      8.615   -80.8493 1.3795e+00     0.7335      3.745      5.433    13.9121 0.0000e+00
      3.826      0.032     0.1130      1.067     38.906  30.233258     0.6091      8.615   -81.0704 1.3837e+00     0.7555      3.753      5.444    13.8937 0.0000e+00
      3.833      0.033     0.1087      1.086     38.722  30.079772     0.6091      8.615   -81.3467 1.3827e+00     0.7445      3.759      5.452    13.8670 0.0000e+00
      3.840      0.035     0.1103      1.098     38.655  29.996744     0.5817      8.614   -81.5225 1.3657e+00     0.7032      3.765      5.461    13.8531 0.0000e+00
      3.849      0.035     0.1096      1.098     38.710  29.990541     0.5698      8.613   -81.6478 1.3419e+00     0.6998      3.773      5.472    13.8557 0.0000e+00
      3.859      0.035     0.1091      1.085     38.782  30.004712     0.5823      8.612   -81.7433 1.3365e+00     0.7378      3.784      5.488    13.8530 0.0000e+00
      3.871      0.035     0.1134      1.066     38.858  30.041165     0.5992      8.612   -81.9884 1.3408e+00     0.7858      3.797      5.508    13.8478 0.0000e+00
      3.881      0.034     0.1136      1.063     38.887  30.050668     0.5917      8.611   -82.3739 1.3328e+00     0.8022      3.807      5.522    13.8107 0.0000e+00
      3.887      0.033     0.1143      1.064     38.830  29.992743     0.5663      8.610   -82.6191 1.3219e+00     0.7994      3.812      5.529    13.7289 0.0000e+00
      3.893      0.032     0.1135      1.063     38.755  29.911668     0.5671      8.609   -82.7158 1.3089e+00     0.8205      3.818      5.537    13.6688 0.0000e+00
      3.901      0.032     0.1093      1.071     38.693  29.831572     0.5925      8.608   -82.8552 1.2909e+00     0.8181      3.826      5.549    13.6485 0.0000e+00
      3.910      0.033     0.1103      1.073     38.603  29.722025     0.6068      8.608   -83.2719 1.2784e+00     0.7709      3.835      5.562    13.6348 0.0000e+00
      3.919      0.036     0.1111      1.061     38.520  29.602021     0.6151      8.607   -83.8827 1.2706e+00     0.7969      3.843      5.574    13.6225 0.0000e+00
      3.927      0.040     0.1095      1.066     38.505  29.522329     0.6350      8.606   -84.3893 1.2641e+00     0.9278      3.852      5.586    13.5918 0.0000e+00
      3.937      0.042     0.1117      1.088     38.576  29.519579     0.6556      8.605   -84.7507 1.2615e+00     1.0210      3.860      5.598    13.5458 0.0000e+00
      3.948      0.044     0.1133      1.103     38.678  29.568705     0.6651      8.604   -85.0693 1.2547e+00     1.0007      3.870      5.613    13.5042 0.0000e+00
      3.962      0.044     0.1092      1.107     38.736  29.608818     0.6581      8.604   -85.4028 1.2387e+00     0.9564      3.885      5.635    13.4288 0.0000e+00
      3.976      0.044     0.1105      1.098     38.761  29.623978     0.6373      8.604   -85.6853 1.2278e+00     0.9631      3.899      5.656    13.3261 0.0000e+00
      3.987      0.043     0.1150      1.085     38.788  29.625142     0.6302      8.604   -85.9889 1.2215e+00     1.0138      3.910      5.671    13.2446 0.0000e+00
      3.996      0.040     0.1156      1.070     38.816  29.622868     0.6469      8.604   -86.4072 1.2185e+00     1.0572      3.919      5.683    13.2065 0.0000e+00
      4.006      0.037     0.1172      1.062     38.791  29.596458     0.6396      8.604   -86.6985 1.2158e+00     0.9756      3.928      5.697    13.2153 0.0000e+00
      4.015      0.036     0.1150      1.081     38.729  29.559543     0.5999      8.603   -86.8441 1.2045e+00     0.7778      3.937      5.711    13.2229 0.0000e+00
      4.023      0.036     0.1138      1.095     38.709  29.557130     0.5745      8.603   -87.0484 1.1926e+00     0.6473      3.945      5.722    13.1859 0.0000e+00
      4.031      0.037     0.1131      1.095     38.734  29.567301     0.5740      8.603   -87.2756 1.1817e+00     0.6612      3.953      5.733    13.1451 0.0000e+00
