Data/DataNotYetUploadedToEDI/Raw_CTD/RawDownloads/061024_fcr50_S8188003.cnv
* Sea-Bird SBE19plus  Data File:
* FileName = C:\R\Reservoirs\Data\DataNotYetUploadedToEDI\Raw_CTD\RawDownloads\060324_bvr50_S78188_0003.hex
* Software version 2.8.0.119
* Temperature SN = 8188
* Conductivity SN = 8188
* System UpLoad Time = Jun 20 2024 16:35:22
* <ApplicationData>
* <Seaterm232>
# nquan = 16
# nvalues = 1421                        
# units = specified
# name 0 = depFM: Depth [fresh water, m]
# name 1 = dz/dtM: Descent Rate [m/s]
# name 2 = sbeox0Mg/L: Oxygen, SBE 43 [mg/l]
# name 3 = sbeox0PS: Oxygen, SBE 43 [% saturation]
# name 4 = specc: Specific Conductance [uS/cm]
# name 5 = c0uS/cm: Conductivity [uS/cm]
# name 6 = wetCDOM: Fluorescence, WET Labs CDOM [mg/m^3]
# name 7 = flECO-AFL: Fluorescence, WET Labs ECO-AFL/FL [mg/m^3]
# name 8 = flECO-AFL1: Fluorescence, WET Labs ECO-AFL/FL, 2 [mg/m^3]
# name 9 = flECO-AFL2: Fluorescence, WET Labs ECO-AFL/FL, 3 [mg/m^3]
# name 10 = par/sat/log: PAR/Logarithmic, Satlantic
# name 11 = turbWETntu0: Turbidity, WET Labs ECO [NTU]
# name 12 = prdM: Pressure, Strain Gauge [db]
# name 13 = prdE: Pressure, Strain Gauge [psi]
# name 14 = tv290C: Temperature [ITS-90, deg C]
# name 15 = flag:  0.000e+00
# span 0 =     -0.754,      9.440       
# span 1 =     -0.171,      0.173       
# span 2 =    -2.0334,     9.8661       
# span 3 =    -18.569,    116.379       
# span 4 =     -0.218,    236.055       
# span 5 =  -0.217360, 171.649216       
# span 6 =    -4.5000,   175.6800       
# span 7 =    -0.4143,     5.1782       
# span 8 =    -2.1300,     0.3408       
# span 9 =    -2.0304,     1.6497       
# span 10 = 1.1580e-01, 3.6418e+02      
# span 11 =    -1.1706,    67.0652      
# span 12 =     -0.739,      9.257      
# span 13 =     -1.072,     13.427      
# span 14 =    11.2707,    24.8318      
# span 15 = 0.0000e+00, 0.0000e+00      
# interval = seconds: 0.25
# start_time = Jun 10 2024 09:35:49 [Instrument's time stamp, header]
# bad_flag = -9.990e-29
*END*
[from data line 1356]
     -0.347     -0.127     8.2838     95.096     39.149  37.241795    23.5800     3.5149     0.0852     1.1421 1.8240e+02     2.8326     -0.341     -0.494    22.4306 0.0000e+00
     -0.378     -0.123     8.2616     95.033     39.176  37.287182    23.5800     3.8888     0.0852     1.1421 1.8129e+02     2.2888     -0.371     -0.537    22.4670 0.0000e+00
     -0.407     -0.122     8.2448     94.882     39.195  37.322283    23.5800     3.8850     0.0852     1.1421 1.8467e+02     2.2435     -0.399     -0.579    22.4998 0.0000e+00
     -0.436     -0.123     8.2334     94.551     39.248  37.384349    23.5800     3.8926     0.0852     1.1421 1.8141e+02     2.2586     -0.427     -0.620    22.5300 0.0000e+00
     -0.467     -0.125     8.2250     93.956     39.374  37.507861    23.4900     3.8888     0.0852     1.0152 1.7552e+02     2.3341     -0.457     -0.664    22.5585 0.0000e+00
     -0.500     -0.126     8.2155     93.082     39.620  37.735720    23.4900     3.4501     0.0852     1.0152 1.7445e+02     4.3886     -0.490     -0.711    22.5843 0.0000e+00
     -0.534     -0.125     8.1990     91.987     40.004  38.080872    23.4900     3.4768     0.0852     1.0152 1.6537e+02     4.4037     -0.524     -0.760    22.6058 0.0000e+00
     -0.569     -0.121     8.1680     90.780     40.455  38.471991    23.4900     3.4844     0.0852     1.0152 1.6263e+02     4.5396     -0.558     -0.809    22.6205 0.0000e+00
     -0.601     -0.113     8.1157     89.571     40.850  38.792222    46.3500     3.4730     0.0000     1.6497 1.5854e+02     4.4490     -0.589     -0.855    22.6259 0.0000e+00
     -0.630     -0.102     8.0413     88.442     41.128  38.989485    46.3500     3.2593     0.0000     1.6497 1.4757e+02    33.6799     -0.618     -0.896    22.6180 0.0000e+00
     -0.655     -0.088     7.9505     87.460     41.277  39.058597    46.3500     3.2784     0.0000     1.6497 1.4284e+02    33.6648     -0.642     -0.932    22.5918 0.0000e+00
     -0.676     -0.074     7.8531     86.648     41.118  38.836664    46.3500     3.2937     0.0000     1.6497 1.4396e+02    33.6497     -0.662     -0.961    22.5441 0.0000e+00
     -0.692     -0.060     7.7586     85.944     40.195  37.899851    46.3500     3.2746     0.0000     1.6497 1.3835e+02    33.6195     -0.678     -0.984    22.4753 0.0000e+00
     -0.704     -0.048     7.6732     85.230     37.759  35.549969   175.6800     1.2299     0.1278     1.4382 1.2976e+02     7.3796     -0.690     -1.001    22.3905 0.0000e+00
     -0.714     -0.038     7.6015     84.404     32.730  30.777747   175.6800     1.2337     0.1278     1.4382 1.1333e+02     7.4099     -0.699     -1.015    22.2973 0.0000e+00
     -0.721     -0.029     7.5447     83.448     25.578  24.029324   175.6800     1.2795     0.1278     1.4382 1.1123e+02     7.3192     -0.707     -1.025    22.2026 0.0000e+00
     -0.727     -0.023     7.4968     82.416     18.896  17.736918   175.6800     1.2261     0.1278     1.4382 1.0300e+02     7.2739     -0.713     -1.033    22.1104 0.0000e+00
     -0.731     -0.018     7.4469     81.391     14.159  13.278619    35.8200    -0.2846     0.0000     0.0000 8.7850e+01    -0.9742     -0.717     -1.040    22.0238 0.0000e+00
     -0.735     -0.014     7.3860     80.450     11.067  10.368871    35.8200    -0.2617     0.0000     0.0000 8.6487e+01    -1.0195     -0.720     -1.045    21.9458 0.0000e+00
     -0.738     -0.011     7.3119     79.665      9.097   8.514224    35.8200    -0.2769     0.0000     0.0000 9.0643e+01    -1.1253     -0.723     -1.049    21.8786 0.0000e+00
     -0.740     -0.009     7.2294     79.084      7.781   7.275804    35.8200    -0.2617     0.0000     0.0000 8.5608e+01    -1.1102     -0.726     -1.052    21.8229 0.0000e+00
     -0.742     -0.007     7.1459     78.723      6.854   6.402932    32.9400     0.2304     0.0852     0.0846 8.1311e+01    -0.8534     -0.728     -1.055    21.7777 0.0000e+00
     -0.743     -0.005     7.0685     78.555      6.269   5.851809    32.9400     0.2113     0.0852     0.0846 7.4396e+01    -0.7778     -0.729     -1.057    21.7408 0.0000e+00
     -0.744     -0.004     7.0039     78.527      5.946   5.545090    32.9400     0.2152     0.0852     0.0846 7.1340e+01    -0.8836     -0.730     -1.058    21.7093 0.0000e+00
     -0.745     -0.003     6.9568     78.588      5.689   5.301527    32.9400     0.2075     0.0852     0.0846 9.6896e+01    -0.7929     -0.730     -1.059    21.6808 0.0000e+00
     -0.745     -0.002     6.9288     78.702      5.411   5.038268    33.2100    -0.3952     0.0426     0.7191 1.2394e+02    -0.9289     -0.731     -1.060    21.6536 0.0000e+00
     -0.746     -0.001     6.9178     78.849      5.104   4.748762    33.2100    -0.4143     0.0426     0.7191 1.4974e+02    -0.9742     -0.731     -1.061    21.6259 0.0000e+00
     -0.746     -0.001     6.9193     79.015      4.756   4.421446    33.2100    -0.3914     0.0426     0.7191 1.7332e+02    -1.0649     -0.732     -1.061    21.5968 0.0000e+00
     -0.746     -0.000     6.9289     79.188      4.475   4.156004    33.2100    -0.3990     0.0426     0.7191 2.0911e+02    -1.1253     -0.732     -1.061    21.5655 0.0000e+00
     -0.746      0.000     6.9435     79.360      4.343   4.028838    33.2100    -0.2579     0.0426     0.7191 2.0364e+02    -0.9893     -0.732     -1.061    21.5316 0.0000e+00
     -0.746      0.000     6.9615     79.530      4.290   3.976204    14.6700    -0.2922     0.0852     0.0000 2.0989e+02    -0.9591     -0.731     -1.061    21.4946 0.0000e+00
     -0.746      0.000     6.9817     79.689      4.252   3.938318    14.6700    -0.2769     0.0852     0.0000 2.1181e+02    -1.0800     -0.731     -1.061    21.4538 0.0000e+00
     -0.745      0.001     7.0029     79.836      4.142   3.833474    14.6700    -0.2579     0.0852     0.0000 2.0114e+02    -1.0800     -0.731     -1.060    21.4105 0.0000e+00
     -0.745      0.001     7.0239     79.974      3.842   3.554150    14.6700    -0.2769     0.0852     0.0000 1.8972e+02    -1.0195     -0.731     -1.060    21.3685 0.0000e+00
     -0.745      0.000     7.0441     80.104      3.407   3.149179    14.2200    -0.2846     0.0426     0.0423 1.9200e+02    -1.0951     -0.731     -1.060    21.3299 0.0000e+00
     -0.745      0.000     7.0632     80.224      2.983   2.755209    14.2200    -0.2769     0.0426     0.0423 2.0109e+02    -1.1706     -0.731     -1.060    21.2936 0.0000e+00
     -0.745      0.000     7.0812     80.338      2.640   2.436237    14.2200    -0.2655     0.0426     0.0423 2.0026e+02    -1.0800     -0.731     -1.060    21.2578 0.0000e+00
     -0.745      0.000     7.0984     80.451      2.395   2.208634    14.2200    -0.2579     0.0426     0.0423 1.9562e+02    -1.1404     -0.731     -1.060    21.2216 0.0000e+00
     -0.745     -0.001     7.1151     80.560      2.262   2.083302    12.2400    -0.2808     0.0852     0.2961 1.8015e+02    -1.0800     -0.731     -1.060    21.1843 0.0000e+00
     -0.745     -0.001     7.1311     80.663      2.235   2.056652    12.2400    -0.2693     0.0852     0.2961 1.5813e+02    -1.0346     -0.731     -1.060    21.1462 0.0000e+00
     -0.746     -0.001     7.1466     80.761      2.264   2.081799    12.2400    -0.2960     0.0852     0.2961 1.5376e+02    -1.0497     -0.731     -1.060    21.1079 0.0000e+00
     -0.746     -0.001     7.1619     80.851      2.268   2.083910    12.2400    -0.2655     0.0852     0.2961 1.6696e+02     3.2707     -0.731     -1.061    21.0702 0.0000e+00
     -0.746     -0.001     7.1767     80.930      2.193   2.013826     9.2700    -0.2617     0.0426     0.1269 1.8070e+02     3.2254     -0.732     -1.061    21.0335 0.0000e+00
     -0.746     -0.001     7.1909     80.998      2.038   1.870760     9.2700    -0.2846     0.0426     0.1269 1.6908e+02     3.2707     -0.732     -1.062    20.9981 0.0000e+00
     -0.747     -0.001     7.2044     81.057      1.838   1.686166     9.2700    -0.2693     0.0426     0.1269 1.7130e+02     3.3764     -0.732     -1.062    20.9639 0.0000e+00
     -0.747     -0.001     7.2171     81.110      1.628   1.492362     9.2700    -0.2731     0.0426     0.1269 1.7313e+02    -0.3700     -0.733     -1.062    20.9309 0.0000e+00
     -0.747     -0.001     7.2287     81.157      1.424   1.305282     9.2700    -0.2769     0.0426     0.1269 1.7085e+02    -0.4304     -0.733     -1.063    20.8992 0.0000e+00
     -0.747     -0.001     7.2391     81.202      1.239   1.134703     0.2700    -0.2769     0.0852     0.0846 1.5629e+02    -0.4304     -0.733     -1.063    20.8686 0.0000e+00
     -0.748     -0.001     7.2486     81.254      1.080   0.988830     0.2700    -0.2502     0.0852     0.0846 1.4896e+02    -0.3549     -0.733     -1.063    20.8388 0.0000e+00
     -0.748     -0.001     7.2575     81.323      0.949   0.868537     0.2700    -0.2693     0.0852     0.0846 1.4729e+02    -0.2340     -0.733     -1.063    20.8097 0.0000e+00
     -0.748     -0.001     7.2658     81.407      0.839   0.767601     0.2700    -0.2922     0.0852     0.0846 1.6430e+02    -0.3549     -0.733     -1.064    20.7809 0.0000e+00
     -0.748     -0.002     7.2739     81.502      0.743   0.678991     0.0000    -0.2731     0.0852     0.0846 1.8632e+02    -0.2944     -0.734     -1.064    20.7526 0.0000e+00
     -0.749     -0.002     7.2825     81.607      0.658   0.600953     0.0000    -0.2579     0.0852     0.0846 1.7275e+02    -0.2793     -0.734     -1.065    20.7249 0.0000e+00
     -0.750     -0.002     7.2925     81.718      0.588   0.536541     0.0000    -0.2998     0.0852     0.0846 1.6508e+02    -0.3246     -0.735     -1.066    20.6978 0.0000e+00
     -0.750     -0.003     7.3038     81.829      0.531   0.484487     0.0000    -0.2922     0.0852     0.0846 1.6154e+02    -0.2793     -0.736     -1.067    20.6713 0.0000e+00
     -0.751     -0.003     7.3161     81.939      0.486   0.442843     2.3400    -0.2769     0.0426     0.1692 1.6401e+02    -0.2038     -0.736     -1.068    20.6454 0.0000e+00
     -0.751     -0.002     7.3291     82.044      0.453   0.412436     2.3400    -0.2960     0.0426     0.1692 1.7026e+02    -0.3700     -0.737     -1.069    20.6203 0.0000e+00
     -0.752     -0.002     7.3426     82.143      0.423   0.385156     2.3400    -0.2769     0.0426     0.1692 1.6816e+02    -0.5361     -0.737     -1.069    20.5961 0.0000e+00
     -0.752     -0.002     7.3560     82.230      0.393   0.357707     2.3400    -0.2655     0.0426     0.1692 1.5844e+02    -0.5663     -0.738     -1.070    20.5729 0.0000e+00
     -0.753     -0.002     7.3690     82.291      0.370   0.336688     1.9800    -0.2922     0.0852     0.1692 1.6573e+02    -0.5361     -0.738     -1.071    20.5510 0.0000e+00
     -0.753     -0.002     7.3814     82.314      0.361   0.328428     1.9800    -0.2655     0.0852     0.1692 2.0632e+02    -0.5814     -0.739     -1.071    20.5305 0.0000e+00
     -0.753 -9.990e-29     7.3930 -9.990e-29 -9.990e-29 -9.990e-29     1.9800 -9.990e-29     0.0852     0.1692 2.2069e+02 -9.990e-29     -0.739     -1.072    20.5120 0.0000e+00
     -0.754 -9.990e-29     7.4031 -9.990e-29 -9.990e-29 -9.990e-29     1.9800 -9.990e-29     0.0852     0.1692 2.2603e+02 -9.990e-29     -0.739     -1.072    20.4963 0.0000e+00
     -0.754 -9.990e-29     7.4102 -9.990e-29 -9.990e-29 -9.990e-29     1.9800 -9.990e-29     0.0852     0.1692 2.4640e+02 -9.990e-29     -0.739     -1.072    20.4850 0.0000e+00
     -0.754 -9.990e-29     7.4129 -9.990e-29 -9.990e-29 -9.990e-29     0.0000 -9.990e-29     0.0852     0.1269 2.5745e+02 -9.990e-29     -0.739     -1.072    20.4807 0.0000e+00
