Data/DataNotYetUploadedToEDI/Raw_CTD/RawDownloads/061024_fcr50_S7809002.cnv
* Sea-Bird SBE19plus  Data File:
* FileName = C:\R\Reservoirs\Data\DataNotYetUploadedToEDI\Raw_CTD\RawDownloads\061024_bvr50_S7809_0002.hex
* Software version 2.8.0.119
* Temperature SN = 7809
* Conductivity SN = 7809
* System UpLoad Time = Jun 11 2024 14:38:34
* <ApplicationData>
* <Seaterm232>
# nquan = 15
# nvalues = 1840                        
# units = specified
# name 0 = depFM: Depth [fresh water, m]
# name 1 = dz/dtM: Descent Rate [m/s]
# name 2 = sbeox0Mg/L: Oxygen, SBE 43 [mg/l]
# name 3 = sbeox0PS: Oxygen, SBE 43 [% saturation]
# name 4 = specc: Specific Conductance [uS/cm]
# name 5 = c0uS/cm: Conductivity [uS/cm]
# name 6 = flECO-AFL: Fluorescence, WET Labs ECO-AFL/FL [mg/m^3]
# name 7 = ph: pH
# name 8 = orp: Oxidation Reduction Potential [mV]
# name 9 = par/sat/log: PAR/Logarithmic, Satlantic
# name 10 = turbWETntu0: Turbidity, WET Labs ECO [NTU]
# name 11 = prdM: Pressure, Strain Gauge [db]
# name 12 = prdE: Pressure, Strain Gauge [psi]
# name 13 = tv290C: Temperature [ITS-90, deg C]
# name 14 = flag:  0.000e+00
# span 0 =     -0.732,      9.036       
# span 1 =     -0.498,      0.648       
# span 2 =     2.9649,     9.3371       
# span 3 =     28.465,    110.047       
# span 4 =      0.915,     46.966       
# span 5 =   0.901242,  38.879407       
# span 6 =    -0.0954,     6.5357       
# span 7 =     -2.098,      9.141       
# span 8 = -1240.7455,   278.6208       
# span 9 = 1.2349e-01, 3.8697e+02       
# span 10 =     0.7456,    88.7152      
# span 11 =     -0.718,      8.862      
# span 12 =     -1.042,     12.853      
# span 13 =    11.3266,    24.2965      
# span 14 = 0.0000e+00, 0.0000e+00      
# interval = seconds: 0.25
# start_time = Jun 10 2024 12:36:00 [Instrument's time stamp, header]
# bad_flag = -9.990e-29
*END*
[from data line 772]
      2.303      0.004     7.5172     83.479     39.222  35.456123     4.6275      8.363   199.8719 2.3422e+01     4.4236      2.258      3.276    20.0886 0.0000e+00
      2.303      0.007     7.5152     83.679     39.200  35.430166     4.6421      8.363   199.1836 2.3396e+01     4.4637      2.258      3.275    20.1459 0.0000e+00
      2.304      0.011     7.5262     83.820     39.183  35.398146     4.6978      8.362   197.8077 2.3313e+01     4.5000      2.259      3.276    20.1702 0.0000e+00
      2.308      0.021     7.5415     83.870     39.134  35.322742     4.7675      8.361   197.8642 2.3167e+01     4.4874      2.262      3.280    20.1941 0.0000e+00
      2.314      0.037     7.5588     83.890     39.067  35.216355     4.7864      8.358   199.0920 2.3046e+01     4.4139      2.270      3.293    20.1995 0.0000e+00
      2.319      0.053     7.5800     83.874     39.089  35.190382     4.7853      8.354   200.4350 2.2982e+01     4.3964      2.275      3.300    20.1911 0.0000e+00
      2.327      0.063     7.5988     83.728     39.124  35.198996     4.7869      8.351   200.5938 2.2577e+01     4.4465      2.274      3.298    20.1722 0.0000e+00
      2.353      0.066     7.6044     83.478     39.121  35.193572     4.7061      8.349   199.2916 2.1669e+01     4.4734      2.300      3.335    20.1345 0.0000e+00
      2.390      0.063     7.6153     83.212     39.110  35.188242     4.5568      8.348   198.6282 2.0973e+01     4.4829      2.354      3.414    20.0686 0.0000e+00
      2.413      0.058     7.6327     83.000     39.113  35.198010     4.4717      8.347   199.1124 2.0835e+01     4.4582      2.376      3.446    19.9941 0.0000e+00
      2.418      0.049     7.6197     82.875     39.160  35.248248     4.4682      8.347   199.8111 2.0817e+01     4.4480      2.370      3.436    19.9698 0.0000e+00
      2.419      0.036     7.5934     82.786     39.190  35.288083     4.5054      8.347   200.2789 2.0755e+01     4.4968      2.373      3.441    19.9724 0.0000e+00
      2.421      0.026     7.5670     82.722     39.189  35.298981     4.5558      8.347   200.4663 2.0620e+01     4.5013      2.373      3.442    19.9794 0.0000e+00
      2.429      0.024     7.5419     82.718     39.201  35.316586     4.5779      8.347   200.2699 2.0366e+01     4.4341      2.379      3.450    19.9917 0.0000e+00
      2.440      0.028     7.5345     82.769     39.185  35.310603     4.5807      8.347   199.7978 2.0176e+01     4.4023      2.396      3.475    19.9980 0.0000e+00
      2.446      0.031     7.5235     82.864     39.155  35.290103     4.6567      8.347   199.5761 2.0096e+01     4.4584      2.400      3.482    20.0164 0.0000e+00
      2.451      0.031     7.5116     82.945     39.130  35.259068     4.7972      8.347   199.7401 1.9931e+01     4.4973      2.400      3.481    20.0379 0.0000e+00
      2.461      0.028     7.5135     82.963     39.074  35.189151     4.8568      8.347   200.2325 1.9661e+01     4.4625      2.413      3.500    20.0375 0.0000e+00
      2.473      0.025     7.5151     82.937     39.046  35.142639     4.8444      8.345   201.5719 1.9455e+01     4.4131      2.427      3.520    20.0488 0.0000e+00
      2.479      0.029     7.5228     82.877     39.003  35.077358     4.8223      8.343   203.0287 1.9392e+01     4.4130      2.434      3.530    20.0711 0.0000e+00
      2.481      0.041     7.5360     82.793     38.796  34.843942     4.7896      8.341   203.1338 1.9386e+01     4.4955      2.433      3.529    20.0552 0.0000e+00
      2.482      0.054     7.5395     82.631     38.711  34.667905     4.7728      8.340   202.5847 1.9339e+01     4.5220      2.434      3.530    20.0205 0.0000e+00
      2.489      0.063     7.5411     82.252     38.994  34.788726     4.7525      8.340   202.3257 1.8994e+01     4.4259      2.433      3.528    20.0032 0.0000e+00
      2.516      0.067     7.5404     81.698     39.263  34.972218     4.6856      8.340   203.6157 1.8200e+01     4.3583      2.457      3.563    19.9644 0.0000e+00
      2.557      0.067     7.5375     81.125     39.293  35.046450     4.6049      8.340   205.9653 1.7558e+01     4.4223      2.518      3.652    19.9287 0.0000e+00
      2.584      0.060     7.5499     80.567     39.213  35.051859     4.5767      8.340   206.6430 1.7419e+01     4.5161      2.544      3.690    19.8116 0.0000e+00
      2.589      0.048     7.5517     80.086     39.133  35.037727     4.5856      8.340   206.2179 1.7402e+01     4.5012      2.537      3.680    19.5530 0.0000e+00
      2.589      0.036     7.5044     79.824     39.058  35.002556     4.5881      8.340   205.7295 1.7342e+01     4.4474      2.539      3.684    19.4669 0.0000e+00
      2.590      0.034     7.4360     79.827     38.773  34.753542     4.6557      8.339   205.0401 1.7289e+01     4.4472      2.540      3.683    19.5909 0.0000e+00
      2.592      0.046     7.3672     79.997     38.373  34.311001     4.7952      8.339   206.1420 1.7206e+01     4.4991      2.541      3.685    19.7008 0.0000e+00
      2.600      0.065     7.3043     80.046     38.330  34.029509     4.8693      8.340   208.8137 1.6951e+01     4.5276      2.544      3.690    19.7776 0.0000e+00
      2.620      0.082     7.2764     79.696     38.590  33.950984     4.8863      8.343   210.0690 1.6387e+01     4.4845      2.561      3.715    19.8040 0.0000e+00
      2.655      0.095     7.2727     78.916     38.830  33.932139     5.0246      8.345   209.5320 1.5730e+01     4.4220      2.605      3.777    19.8416 0.0000e+00
      2.693      0.099     7.3037     77.721     39.040  33.991694     5.2846      8.346   208.5152 1.5270e+01     4.4209      2.646      3.838    19.8067 0.0000e+00
      2.720      0.090     7.3782     76.127     39.277  34.163343     5.4331      8.347   208.1862 1.4946e+01     4.5055      2.668      3.869    19.4233 0.0000e+00
      2.743      0.073     7.4158     74.360     39.352  34.294464     5.4301      8.345   209.1681 1.4627e+01     4.5564      2.688      3.899    18.9264 0.0000e+00
      2.763      0.055     7.3855     72.805     39.084  34.181359     5.3313      8.344   211.0082 1.4415e+01     4.4899      2.715      3.938    18.6393 0.0000e+00
      2.771      0.046     7.2981     71.741     38.745  33.937993     5.1709      8.344   212.3668 1.4431e+01     4.4186      2.724      3.951    18.4982 0.0000e+00
      2.766      0.046     7.1488     71.195     38.478  33.636039     5.0898      8.345   212.6029 1.4494e+01     4.4799      2.709      3.929    18.4377 0.0000e+00
      2.766      0.054     6.9561     71.003     38.224  33.258437     5.1078      8.347   212.3140 1.4319e+01     4.5825      2.704      3.922    18.5238 0.0000e+00
      2.781      0.065     6.7657     70.903     38.249  33.051916     5.2550      8.350   212.0575 1.3950e+01     4.5655      2.725      3.952    18.7706 0.0000e+00
      2.808      0.075     6.6542     70.629     38.527  33.041994     5.5040      8.353   211.7388 1.3550e+01     4.4791      2.752      3.992    18.8652 0.0000e+00
      2.839      0.081     6.6282     70.022     38.715  33.011249     5.6382      8.356   211.7301 1.3150e+01     4.4269      2.784      4.037    18.7264 0.0000e+00
      2.868      0.080     6.6435     69.009     38.761  32.933705     5.6545      8.358   212.4676 1.2849e+01     4.4119      2.817      4.086    18.5418 0.0000e+00
      2.887      0.071     6.6887     67.622     38.768  32.865579     5.6682      8.359   212.9996 1.2707e+01     4.4002      2.835      4.112    18.2203 0.0000e+00
      2.898      0.059     6.7189     66.056     38.788  32.821867     5.6707      8.359   213.0852 1.2608e+01     4.3887      2.841      4.121    17.8385 0.0000e+00
      2.908      0.048     6.6981     64.571     38.812  32.785764     5.6513      8.358   213.0727 1.2470e+01     4.4093      2.851      4.134    17.5914 0.0000e+00
      2.918      0.040     6.6192     63.331     38.828  32.746189     5.6417      8.358   212.3318 1.2321e+01     4.4099      2.862      4.151    17.4630 0.0000e+00
      2.928      0.036     6.4901     62.390     38.865  32.723956     5.6543      8.359   211.3543 1.2206e+01     4.3617      2.871      4.164    17.3781 0.0000e+00
      2.937      0.034     6.3395     61.764     38.904  32.707197     5.7204      8.361   211.4070 1.2125e+01     4.3051      2.880      4.177    17.3039 0.0000e+00
      2.944      0.032     6.2002     61.376     38.903  32.670369     5.8332      8.362   211.9365 1.2025e+01     4.2383      2.887      4.188    17.2317 0.0000e+00
      2.952      0.030     6.0900     61.122     38.922  32.659278     5.8866      8.362   212.5946 1.1901e+01     4.2025      2.895      4.198    17.1642 0.0000e+00
      2.959      0.028     6.0051     60.968     38.994  32.699943     5.8911      8.362   213.4274 1.1802e+01     4.2142      2.902      4.209    17.0965 0.0000e+00
      2.966      0.026     5.9577     60.856     39.083  32.781382     5.9047      8.362   212.5411 1.1714e+01     4.3109      2.909      4.219    17.0210 0.0000e+00
      2.972      0.024     5.9309     60.747     39.161  32.882665     5.9099      8.361   210.3096 1.1616e+01     4.4498      2.915      4.227    16.9793 0.0000e+00
      2.979      0.023     5.9078     60.712     39.224  32.972972     5.9039      8.360   209.5912 1.1529e+01     4.4928      2.922      4.237    16.9548 0.0000e+00
      2.984      0.022     5.9014     60.832     39.317  33.112017     5.8982      8.360   210.5661 1.1451e+01     4.4888      2.926      4.245    16.9096 0.0000e+00
      2.989      0.021     5.8934     61.116     39.380  33.295082     5.9907      8.359   211.9445 1.1369e+01     4.5041      2.931      4.251    16.9125 0.0000e+00
      2.994      0.020     5.8691     61.603     39.312  33.410167     6.1821      8.358   212.6634 1.1298e+01     4.4727      2.935      4.258    16.9888 0.0000e+00
      2.999      0.021     5.8580     62.335     39.188  33.425216     6.2978      8.357   211.6007 1.1229e+01     4.4167      2.941      4.266    17.0218 0.0000e+00
      3.004      0.024     5.8663     63.255     39.173  33.413754     6.3167      8.357   209.4206 1.1151e+01     4.4419      2.947      4.274    17.0623 0.0000e+00
      3.009      0.029     5.8697     64.251     39.298  33.461902     6.3276      8.357   208.4154 1.1086e+01     4.5046      2.950      4.279    17.2430 0.0000e+00
      3.014      0.035     5.8804     65.260     39.432  33.563177     6.3543      8.357   208.9972 1.0993e+01     4.5606      2.953      4.283    17.5136 0.0000e+00
      3.024      0.040     5.9285     66.236     39.510  33.686587     6.3653      8.358   210.0029 1.0833e+01     4.5713      2.964      4.299    17.7152 0.0000e+00
      3.039      0.043     6.0254     67.097     39.435  33.748687     6.3517      8.360   210.1643 1.0676e+01     4.4976      2.981      4.323    17.6793 0.0000e+00
      3.052      0.043     6.1415     67.829     39.166  33.679746     6.3231      8.360   209.4003 1.0552e+01     4.4203      2.994      4.342    17.5292 0.0000e+00
      3.064      0.041     6.2375     68.447     38.984  33.614576     6.2934      8.360   208.8518 1.0421e+01     4.4230      3.005      4.359    17.5262 0.0000e+00
      3.075      0.037     6.3270     68.924     38.949  33.595274     6.2930      8.361   208.7814 1.0293e+01     4.4963      3.018      4.377    17.5980 0.0000e+00
      3.083      0.035     6.3893     69.298     38.857  33.509809     6.3014      8.362   209.0655 1.0207e+01     4.5208      3.025      4.388    17.7460 0.0000e+00
      3.088      0.035     6.4164     69.596     38.705  33.342547     6.2958      8.362   209.4479 1.0134e+01     4.4796      3.027      4.390    18.0477 0.0000e+00
      3.094      0.036     6.4638     69.701     38.423  33.032060     6.2582      8.363   210.0493 1.0032e+01     4.4421      3.032      4.398    18.1600 0.0000e+00
      3.105      0.040     6.5144     69.500     38.090  32.610535     6.1957      8.365   210.5727 9.9120e+00     4.4440      3.044      4.416    18.1003 0.0000e+00
      3.119      0.045     6.5401     68.903     38.072  32.305994     6.1722      8.367   210.3555 9.8112e+00     4.5030      3.060      4.438    18.1448 0.0000e+00
      3.130      0.050     6.5844     67.779     38.395  32.204323     6.1915      8.368   210.1762 9.7107e+00     4.5050      3.070      4.453    18.0777 0.0000e+00
      3.143      0.050     6.6104     66.109     38.763  32.205463     6.2625      8.371   210.3833 9.5750e+00     4.4345      3.079      4.466    17.9868 0.0000e+00
      3.159      0.049     6.6022     63.968     38.971  32.192513     6.3899      8.372   210.6233 9.4279e+00     4.4712      3.097      4.491    17.9092 0.0000e+00
      3.174      0.046     6.6128     61.434     39.069  32.174403     6.4579      8.372   211.5284 9.3047e+00     4.5384      3.116      4.519    17.4732 0.0000e+00
      3.185      0.043     6.5848     58.727     39.142  32.176702     6.4527      8.371   212.8091 9.2192e+00     4.5290      3.125      4.532    16.8839 0.0000e+00
      3.192      0.040     6.4738     56.200     39.164  32.156802     6.4097      8.371   213.2027 9.1439e+00     4.5285      3.130      4.539    16.4785 0.0000e+00
      3.201      0.036     6.2931     54.079     39.163  32.124072     6.3295      8.372   213.1039 9.0547e+00     4.4989      3.139      4.553    16.2611 0.0000e+00
      3.211      0.033     6.0509     52.419     39.177  32.098118     6.2905      8.372   212.7330 8.9742e+00     4.4780      3.150      4.569    16.1598 0.0000e+00
      3.219      0.032     5.7764     51.199     39.228  32.096708     6.3040      8.372   212.0735 8.9102e+00     4.5152      3.158      4.580    16.0893 0.0000e+00
      3.226      0.032     5.5258     50.332     39.294  32.106975     6.3680      8.372   212.9595 8.8405e+00     4.5377      3.163      4.588    16.0452 0.0000e+00
      3.233      0.031     5.3200     49.768     39.331  32.095320     6.4660      8.372   215.0998 8.7514e+00     4.5113      3.170      4.598    16.0147 0.0000e+00
      3.242      0.030     5.1604     49.466     39.365  32.082619     6.5141      8.371   216.0117 8.6564e+00     4.4353      3.179      4.611    15.9650 0.0000e+00
      3.252      0.027     5.0522     49.290     39.397  32.080238     6.5337      8.370   215.8975 8.5836e+00     4.4056      3.189      4.626    15.9065 0.0000e+00
      3.260      0.024     4.9732     49.124     39.384  32.066492     6.5357      8.369   215.4396 8.5351e+00     4.4589      3.198      4.638    15.8491 0.0000e+00
      3.265      0.020     4.9223     48.975     39.346  32.043289     6.4969      8.369   214.6055 8.5012e+00     4.4651      3.203      4.646    15.7971 0.0000e+00
      3.268      0.017     4.9043     48.855     39.372  32.053460     6.4643      8.368   214.9334 8.4807e+00     4.4125      3.205      4.648    15.7437 0.0000e+00
      3.270      0.015     4.8983     48.752     39.427  32.062579     6.4495      8.368   216.3925 8.4505e+00     4.4026      3.206      4.651    15.6939 0.0000e+00
      3.273      0.014     4.8781     48.659     39.446  32.026620     6.4346      8.368   217.1040 8.3863e+00     4.4138      3.209      4.654    15.6974 0.0000e+00
      3.277      0.014     4.8596     48.526     39.492  31.999270     6.4347      8.367   217.0833 8.3133e+00     4.4118      3.214      4.661    15.7312 0.0000e+00
      3.282      0.014     4.8514     48.354     39.541  31.985568     6.4498      8.365   216.8301 8.2598e+00     4.4124      3.220      4.670    15.7147 0.0000e+00
      3.287      0.013     4.8442     48.143     39.556  31.987754     6.4513      8.365   216.3665 8.2301e+00     4.4214      3.224      4.677    15.6592 0.0000e+00
      3.290      0.012     4.8462     47.848     39.567  32.025689     6.4448      8.365   216.2099 8.2186e+00     4.4514      3.227      4.680    15.6024 0.0000e+00
