Data/DataNotYetUploadedToEDI/Raw_CTD/RawDownloads/061024_fcr10_S7809003.cnv
* Sea-Bird SBE19plus  Data File:
* FileName = C:\R\Reservoirs\Data\DataNotYetUploadedToEDI\Raw_CTD\RawDownloads\061024_bvr50_S7809_0003.hex
* Software version 2.8.0.119
* Temperature SN = 7809
* Conductivity SN = 7809
* System UpLoad Time = Jun 11 2024 14:38:53
* <ApplicationData>
* <Seaterm232>
# nquan = 15
# nvalues = 653                         
# units = specified
# name 0 = depFM: Depth [fresh water, m]
# name 1 = dz/dtM: Descent Rate [m/s]
# name 2 = sbeox0Mg/L: Oxygen, SBE 43 [mg/l]
# name 3 = sbeox0PS: Oxygen, SBE 43 [% saturation]
# name 4 = specc: Specific Conductance [uS/cm]
# name 5 = c0uS/cm: Conductivity [uS/cm]
# name 6 = flECO-AFL: Fluorescence, WET Labs ECO-AFL/FL [mg/m^3]
# name 7 = ph: pH
# name 8 = orp: Oxidation Reduction Potential [mV]
# name 9 = par/sat/log: PAR/Logarithmic, Satlantic
# name 10 = turbWETntu0: Turbidity, WET Labs ECO [NTU]
# name 11 = prdM: Pressure, Strain Gauge [db]
# name 12 = prdE: Pressure, Strain Gauge [psi]
# name 13 = tv290C: Temperature [ITS-90, deg C]
# name 14 = flag:  0.000e+00
# span 0 =     -0.727,      2.043       
# span 1 =     -0.262,      0.110       
# span 2 =     4.0682,    10.4591       
# span 3 =     47.110,    122.996       
# span 4 =      0.718,     45.550       
# span 5 =   0.620212,  42.813955       
# span 6 =    -0.1413,    35.1154       
# span 7 =      7.819,      9.085       
# span 8 = -1240.7455,  1239.4891       
# span 9 = 6.7129e+01, 2.5696e+03       
# span 10 =     0.7129,   147.4798      
# span 11 =     -0.713,      2.004      
# span 12 =     -1.035,      2.906      
# span 13 =    18.1716,    24.2704      
# span 14 = 0.0000e+00, 0.0000e+00      
# interval = seconds: 0.25
# start_time = Jun 10 2024 13:09:16 [Instrument's time stamp, header]
# bad_flag = -9.990e-29
*END*
[from data line 290]
      0.983      0.032     9.9367    115.914     39.732  38.289086    24.7724      8.700   141.4587 4.8820e+02    45.0638      0.963      1.397    23.1822 0.0000e+00
      0.991      0.039     9.9247    115.896     39.755  38.305121    24.1326      8.700   141.4455 4.9656e+02    44.3752      0.969      1.406    23.1833 0.0000e+00
      1.005      0.044     9.9233    115.871     39.768  38.311711    19.8089      8.700   141.4669 4.9755e+02    35.1338      0.984      1.427    23.1888 0.0000e+00
      1.022      0.048     9.9022    115.896     39.765  38.305297    11.9132      8.701   141.6310 4.9699e+02    18.1783      1.003      1.456    23.1861 0.0000e+00
      1.037      0.051     9.9100    115.922     39.752  38.291024     7.6030      8.702   141.9674 4.9244e+02     8.9703      1.019      1.479    23.1790 0.0000e+00
      1.047      0.051     9.9089    115.862     39.730  38.266058     7.1876      8.703   142.1794 4.8566e+02     8.1402      1.026      1.489    23.1715 0.0000e+00
      1.057      0.049     9.9045    115.700     39.725  38.257255     6.7743      8.704   142.0427 4.8502e+02     7.7655      1.035      1.502    23.1612 0.0000e+00
      1.071      0.047     9.9103    115.474     39.715  38.248033     6.0424      8.705   141.9502 4.8669e+02     7.1724      1.051      1.525    23.1582 0.0000e+00
      1.085      0.047     9.9157    115.243     39.683  38.218020     5.6298      8.708   142.0063 4.8477e+02     6.8099      1.065      1.545    23.1597 0.0000e+00
      1.097      0.046     9.9121    115.057     39.680  38.211654     5.5889      8.710   142.0331 4.8505e+02     6.7990      1.076      1.560    23.1513 0.0000e+00
      1.108      0.043     9.8982    114.881     39.708  38.234519     5.5984      8.710   142.1013 4.8807e+02     6.9035      1.086      1.576    23.1427 0.0000e+00
      1.119      0.039     9.8771    114.685     39.718  38.240637     5.6112      8.710   142.2291 4.8820e+02     7.0150      1.097      1.592    23.1474 0.0000e+00
      1.129      0.035     9.8530    114.493     39.701  38.222162     5.6017      8.711   142.4604 4.8583e+02     7.0887      1.108      1.607    23.1513 0.0000e+00
      1.137      0.032     9.8416    114.345     39.681  38.201512     5.5842      8.712   142.6606 4.8289e+02     7.0764      1.116      1.618    23.1449 0.0000e+00
      1.144      0.029     9.8281    114.236     39.662  38.181332     5.5823      8.713   142.7571 4.7777e+02     7.0371      1.122      1.627    23.1378 0.0000e+00
      1.151      0.027     9.8120    114.152     39.651  38.168527     5.6368      8.713   142.7665 4.6728e+02     6.9559      1.129      1.637    23.1335 0.0000e+00
      1.157      0.026     9.7927    114.048     39.660  38.173605     5.7276      8.714   142.6880 4.5203e+02     6.7779      1.135      1.645    23.1320 0.0000e+00
      1.163      0.025     9.7824    113.882     39.670  38.179264     5.7637      8.715   142.6690 4.3668e+02     6.6606      1.140      1.654    23.1300 0.0000e+00
      1.170      0.024     9.7731    113.684     39.667  38.173487     5.7487      8.715   142.7089 4.2313e+02     6.6306      1.147      1.664    23.1268 0.0000e+00
      1.178      0.022     9.7671    113.450     39.662  38.167207     5.6967      8.716   142.7402 4.1073e+02     6.6883      1.156      1.676    23.1255 0.0000e+00
      1.184      0.021     9.7628    113.175     39.664  38.166792     5.6257      8.719   143.1322 4.0117e+02     6.8460      1.162      1.684    23.1222 0.0000e+00
      1.188      0.020     9.7458    112.914     39.667  38.168467     5.5897      8.721   144.0073 3.9676e+02     6.8975      1.165      1.690    23.1149 0.0000e+00
      1.191      0.020     9.7309    112.691     39.687  38.187447     5.5787      8.723   144.7175 3.9444e+02     6.8326      1.168      1.694    23.1111 0.0000e+00
      1.195      0.020     9.7126    112.493     39.705  38.205907     5.5171      8.726   145.0083 3.9001e+02     6.8478      1.170      1.697    23.1101 0.0000e+00
      1.200      0.021     9.6858    112.342     39.698  38.201307     5.4107      8.728   145.1998 3.8548e+02     6.9790      1.176      1.705    23.1070 0.0000e+00
      1.208      0.023     9.6636    112.267     39.688  38.195284     5.3662      8.730   145.5708 3.8298e+02     7.1201      1.185      1.719    23.1046 0.0000e+00
      1.214      0.023     9.6459    112.274     39.686  38.196541     5.3614      8.732   145.8794 3.8072e+02     7.1195      1.191      1.727    23.1051 0.0000e+00
      1.219      0.023     9.6274    112.366     39.702  38.216513     5.3190      8.733   145.7479 3.7673e+02     7.0392      1.196      1.733    23.1059 0.0000e+00
      1.225      0.022     9.6130    112.527     39.728  38.246401     5.2612      8.734   145.3576 3.7284e+02     7.0374      1.203      1.743    23.1087 0.0000e+00
      1.232      0.020     9.6058    112.706     39.718  38.240630     5.2374      8.736   145.1184 3.6936e+02     7.0638      1.208      1.753    23.1136 0.0000e+00
      1.237      0.018     9.6051    112.856     39.686  38.210207     5.2475      8.737   145.4370 3.6347e+02     7.0855      1.213      1.760    23.1183 0.0000e+00
      1.241      0.016     9.6126    112.982     39.673  38.195841     5.2508      8.738   145.9401 3.5814e+02     7.0950      1.218      1.765    23.1226 0.0000e+00
      1.244      0.014     9.6266    113.099     39.676  38.193846     5.2444      8.740   145.9526 3.5540e+02     7.0755      1.220      1.770    23.1300 0.0000e+00
      1.248      0.013     9.6432    113.200     39.675  38.186072     5.2610      8.742   145.9322 3.5200e+02     7.0543      1.224      1.776    23.1370 0.0000e+00
      1.251      0.013     9.6551    113.258     39.660  38.165305     5.2938      8.743   146.2105 3.4752e+02     7.0780      1.227      1.779    23.1364 0.0000e+00
      1.253      0.012     9.6655    113.195     39.631  38.133109     5.3155      8.744   146.5644 3.4385e+02     7.1581      1.230      1.782    23.1332 0.0000e+00
      1.256      0.011     9.6775    112.967     39.618  38.114072     5.2986      8.745   146.8559 3.4044e+02     7.1685      1.232      1.787    23.1274 0.0000e+00
      1.261      0.009     9.6877    112.611     39.636  38.125496     5.2477      8.746   146.9813 3.3359e+02     7.1006      1.236      1.793    23.1177 0.0000e+00
      1.264      0.009     9.6973    112.156     39.659  38.144304     5.2160      8.747   147.1348 3.2342e+02     7.0548      1.240      1.798    23.1101 0.0000e+00
      1.265      0.009     9.6953    111.646     39.669  38.151096     5.2235      8.750   147.3344 3.1479e+02     7.0590      1.241      1.800    23.1055 0.0000e+00
      1.265      0.009     9.6741    111.146     39.664  38.144167     5.2210      8.752   147.4155 3.0794e+02     7.1175      1.241      1.799    23.0969 0.0000e+00
      1.266      0.010     9.6455    110.734     39.645  38.123977     5.1697      8.753   147.5129 2.9964e+02     7.1465      1.240      1.799    23.0876 0.0000e+00
      1.269      0.011     9.6061    110.462     39.620  38.097347     5.1198      8.754   147.8234 2.9084e+02     7.1024      1.244      1.804    23.0831 0.0000e+00
      1.274      0.014     9.5605    110.269     39.603  38.076014     5.1086      8.754   148.2459 2.8360e+02     7.0620      1.249      1.812    23.0806 0.0000e+00
      1.278      0.017     9.5165    110.104     39.588  38.056396     5.1088      8.755   148.5768 2.7605e+02     7.2052      1.253      1.818    23.0793 0.0000e+00
      1.282      0.018     9.4772    109.947     39.587  38.050513     5.1054      8.756   148.7270 2.6839e+02     7.5021      1.256      1.822    23.0776 0.0000e+00
      1.287      0.018     9.4593    109.759     39.610  38.068329     5.0930      8.756   148.5988 2.6247e+02     7.6120      1.261      1.829    23.0740 0.0000e+00
      1.293      0.017     9.4448    109.521     39.627  38.081434     5.0597      8.756   148.2318 2.5592e+02     7.5430      1.268      1.839    23.0684 0.0000e+00
      1.298      0.017     9.4316    109.251     39.629  38.082048     4.9519      8.756   147.9898 2.4837e+02     7.4870      1.273      1.846    23.0607 0.0000e+00
      1.302      0.016     9.4219    108.966     39.624  38.075750     4.7883      8.755   148.2535 2.4282e+02     7.4138      1.277      1.853    23.0520 0.0000e+00
      1.305      0.015     9.4071    108.676     39.619  38.068733     4.7039      8.755   148.5814 2.3760e+02     7.3416      1.279      1.855    23.0471 0.0000e+00
      1.308      0.013     9.3866    108.427     39.613  38.060663     4.6886      8.755   148.4268 2.3064e+02     7.2968      1.282      1.859    23.0443 0.0000e+00
      1.313      0.012     9.3627    108.246     39.596  38.041636     4.6702      8.754   148.1905 2.2481e+02     7.2483      1.288      1.868    23.0412 0.0000e+00
      1.316      0.012     9.3400    108.105     39.586  38.029039     4.6643      8.753   148.2201 2.2251e+02     7.2663      1.292      1.873    23.0397 0.0000e+00
      1.317      0.013     9.3123    107.983     39.595  38.035269     4.6763      8.751   148.3542 2.2481e+02     7.3447      1.291      1.872    23.0383 0.0000e+00
      1.319      0.014     9.2912    107.895     39.616  38.053504     4.6898      8.750   148.4347 2.3187e+02     7.3759      1.293      1.874    23.0341 0.0000e+00
      1.323      0.016     9.2777    107.832     39.624  38.059135     4.6866      8.750   148.5919 2.4137e+02     7.3364      1.298      1.881    23.0298 0.0000e+00
      1.329      0.018     9.2670    107.765     39.606  38.039895     4.6457      8.750   148.8774 2.5185e+02     7.2428      1.303      1.890    23.0279 0.0000e+00
      1.334      0.020     9.2555    107.698     39.578  38.011237     4.5865      8.750   149.0479 2.6388e+02     7.1667      1.309      1.898    23.0257 0.0000e+00
      1.339      0.021     9.2486    107.621     39.534  37.966466     4.5615      8.750   149.1041 2.7754e+02     7.1330      1.313      1.905    23.0226 0.0000e+00
      1.345      0.020     9.2462    107.469     39.513  37.942758     4.5680      8.750   149.2987 2.9256e+02     7.1434      1.319      1.913    23.0197 0.0000e+00
      1.352      0.017     9.2392    107.216     39.553  37.978398     4.6323      8.749   149.6805 3.0791e+02     7.3939      1.326      1.923    23.0172 0.0000e+00
      1.358      0.015     9.2343    106.946     39.594  38.016658     4.7565      8.748   150.1067 3.2310e+02     7.8404      1.332      1.933    23.0151 0.0000e+00
      1.360      0.014     9.2302    106.694     39.603  38.024616     4.8372      8.746   150.5804 3.3927e+02     8.1006      1.335      1.936    23.0124 0.0000e+00
      1.361      0.012     9.2213    106.481     39.591  38.011155     4.8592      8.744   151.1924 3.5530e+02     8.1136      1.334      1.935    23.0075 0.0000e+00
      1.363      0.012     9.1941    106.368     39.561  37.980814     4.8647      8.741   151.8274 3.6612e+02     7.8965      1.335      1.938    23.0031 0.0000e+00
      1.367      0.013     9.1713    106.293     39.557  37.975043     4.8532      8.737   152.1496 3.7081e+02     7.5249      1.340      1.944    23.0022 0.0000e+00
      1.371      0.014     9.1516    106.227     39.590  38.004826     4.8369      8.732   151.9902 3.7396e+02     7.3438      1.344      1.950    23.0018 0.0000e+00
      1.375      0.016     9.1263    106.176     39.611  38.023642     4.8425      8.728   151.7931 3.6794e+02     7.3807      1.347      1.955    23.0003 0.0000e+00
      1.380      0.016     9.1242    106.086     39.601  38.012175     4.8705      8.727   152.0030 3.4245e+02     7.4917      1.353      1.962    22.9974 0.0000e+00
      1.384      0.017     9.1175    105.960     39.583  37.993094     4.9014      8.725   152.5494 3.0579e+02     7.6617      1.358      1.969    22.9943 0.0000e+00
      1.388      0.019     9.1102    105.850     39.574  37.983303     4.9165      8.722   153.2376 2.7324e+02     7.7631      1.361      1.974    22.9925 0.0000e+00
      1.392      0.021     9.1107    105.774     39.549  37.957241     4.9119      8.721   153.7843 2.4844e+02     7.7266      1.364      1.979    22.9905 0.0000e+00
      1.397      0.022     9.1019    105.688     39.525  37.931806     4.9034      8.720   153.9982 2.2589e+02     7.6645      1.369      1.985    22.9882 0.0000e+00
      1.404      0.023     9.0900    105.589     39.526  37.929583     4.9050      8.718   154.1030 2.0501e+02     7.5585      1.376      1.995    22.9861 0.0000e+00
      1.411      0.026     9.0790    105.514     39.530  37.930360     4.9154      8.717   154.3628 1.8764e+02     7.3678      1.384      2.007    22.9844 0.0000e+00
      1.418      0.028     9.0761    105.461     39.545  37.941197     4.9129      8.715   154.7303 1.7520e+02     7.2382      1.389      2.017    22.9827 0.0000e+00
      1.423      0.029     9.0688    105.398     39.540  37.933699     4.8994      8.714   155.1047 1.6907e+02     7.2202      1.395      2.024    22.9795 0.0000e+00
      1.430      0.029     9.0593    105.300     39.511  37.903145     4.9268      8.713   155.3622 1.6703e+02     7.2528      1.402      2.033    22.9753 0.0000e+00
      1.439      0.029     9.0535    105.148     39.500  37.889051     4.9949      8.712   155.5203 1.6710e+02     7.2913      1.411      2.047    22.9717 0.0000e+00
      1.448      0.030     9.0512    104.937     39.505  37.890196     5.0234      8.712   155.8120 1.7422e+02     7.2758      1.421      2.061    22.9679 0.0000e+00
      1.456      0.030     9.0471    104.692     39.537  37.916981     5.0134      8.712   156.1358 1.9274e+02     7.2361      1.428      2.071    22.9631 0.0000e+00
      1.463      0.029     9.0397    104.412     39.583  37.959081     4.9986      8.711   156.4241 2.1473e+02     7.2554      1.434      2.080    22.9594 0.0000e+00
      1.470      0.025     9.0284    104.089     39.581  37.955028     4.9771      8.710   156.7161 2.3187e+02     7.3374      1.441      2.090    22.9554 0.0000e+00
      1.478      0.021     9.0091    103.758     39.559  37.931429     4.9699      8.710   156.9997 2.4384e+02     7.3747      1.449      2.102    22.9505 0.0000e+00
      1.486      0.018     8.9895    103.461     39.557  37.927569     4.9614      8.710   157.5293 2.5541e+02     7.3299      1.459      2.115    22.9461 0.0000e+00
      1.489      0.017     8.9664    103.208     39.539  37.908353     4.9829      8.708   158.3876 2.6781e+02     7.3085      1.463      2.122    22.9432 0.0000e+00
      1.488      0.016     8.9382    103.021     39.520  37.889454     5.0471      8.705   159.3760 2.7541e+02     7.3548      1.459      2.116    22.9408 0.0000e+00
      1.488      0.016     8.9079    102.906     39.521  37.889439     5.0803      8.704   159.9299 2.7587e+02     7.4120      1.455      2.110    22.9372 0.0000e+00
      1.494      0.017     8.8838    102.827     39.542  37.908161     5.0847      8.704   160.1796 2.7137e+02     7.4187      1.464      2.124    22.9343 0.0000e+00
      1.503      0.018     8.8614    102.761     39.564  37.925453     5.0411      8.704   160.7607 2.6646e+02     7.4702      1.476      2.141    22.9332 0.0000e+00
      1.509      0.019     8.8438    102.653     39.550  37.908148     4.9527      8.704   161.2769 2.6449e+02     7.6593      1.480      2.147    22.9330 0.0000e+00
      1.513      0.019     8.8375    102.458     39.534  37.889283     4.9065      8.704   161.6896 2.6347e+02     7.8261      1.483      2.151    22.9315 0.0000e+00
      1.516      0.019     8.8299    102.187     39.535  37.887724     4.9000      8.705   162.3083 2.5869e+02     7.8476      1.486      2.156    22.9287 0.0000e+00
      1.520      0.019     8.8276    101.883     39.539  37.889285     4.8905      8.706   162.9931 2.5045e+02     7.7829      1.491      2.162    22.9247 0.0000e+00
