Data/DataNotYetUploadedToEDI/Raw_CTD/RawDownloads/061121_fcr50.cnv
* Sea-Bird SBE19plus  Data File:
* FileName = C:\R\Reservoirs\Data\DataNotYetUploadedToEDI\Raw_CTD\RawDownloads\061121_fcr50_0001.hex
* Software version 2.8.0.119
* Temperature SN = 7809
* Conductivity SN = 7809
* System UpLoad Time = Jun 11 2021 19:27:14
* <ApplicationData>
* <Seaterm232>
# nquan = 16
# nvalues = 2206                        
# units = specified
# name 0 = depFM: Depth [fresh water, m]
# name 1 = dz/dtM: Descent Rate [m/s]
# name 2 = orp: Oxidation Reduction Potential [mV]
# name 3 = sbeox0Mg/L: Oxygen, SBE 43 [mg/l]
# name 4 = sbeox0PS: Oxygen, SBE 43 [% saturation]
# name 5 = par/sat/log: PAR/Logarithmic, Satlantic
# name 6 = ph: pH
# name 7 = specc: Specific Conductance [uS/cm]
# name 8 = c0uS/cm: Conductivity [uS/cm]
# name 9 = flECO-AFL: Fluorescence, WET Labs ECO-AFL/FL [mg/m^3]
# name 10 = turbWETntu0: Turbidity, WET Labs ECO [NTU]
# name 11 = tv290C: Temperature [ITS-90, deg C]
# name 12 = density00: Density [density, kg/m^3]
# name 13 = prdE: Pressure, Strain Gauge [psi]
# name 14 = prdM: Pressure, Strain Gauge [db]
# name 15 = flag:  0.000e+00
# span 0 =     -0.682,      9.728       
# span 1 =     -0.219,      0.143       
# span 2 =  -103.1523,  1240.2295       
# span 3 =     0.6485,    15.2624       
# span 4 =      5.580,    187.112       
# span 5 = 1.2338e-01, 2.3464e+02       
# span 6 =     15.510,     16.037       
# span 7 =      2.481,    174.814       
# span 8 =   2.264320, 116.828710       
# span 9 =    -1.0305,     5.7245       
# span 10 =    -0.4555,   197.9926      
# span 11 =     8.3110,    27.7934      
# span 12 =   996.3051,   999.9367      
# span 13 =     -0.972,     13.836      
# span 14 =     -0.670,      9.540      
# span 15 = 0.0000e+00, 0.0000e+00      
# interval = seconds: 0.25
# start_time = Jun 10 2021 05:13:05 [Instrument's time stamp, header]
# bad_flag = -9.990e-29
*END*
[from data line 1356]
      9.618      0.005   -85.5161     0.7110      6.052 1.2361e-01     16.007    106.997  71.469111    -0.4174     0.9953     8.3537   999.9140     13.680      9.432 0.0000e+00
      9.620      0.004   -85.4861     0.7162      6.132 1.2364e-01     16.006    106.234  70.999446    -0.4118     1.0651     8.3529   999.9139     13.682      9.434 0.0000e+00
      9.621      0.003   -85.3878     0.7193      6.172 1.2366e-01     16.005    105.689  70.661401    -0.4017     1.1006     8.3621   999.9132     13.684      9.435 0.0000e+00
      9.621      0.003   -85.1008     0.6992      6.164 1.2366e-01     16.005    105.439  70.496839    -0.3917     1.0810     8.3764   999.9121     13.684      9.435 0.0000e+00
      9.621      0.003   -84.5979     0.7064      6.110 1.2361e-01     16.005    105.424  70.471858    -0.4054     1.0678     8.3947   999.9107     13.684      9.435 0.0000e+00
      9.622      0.003   -84.2983     0.7244      6.105 1.2354e-01     16.005    105.478  70.486475    -0.4527     1.0784     8.4171   999.9089     13.685      9.436 0.0000e+00
      9.623      0.003   -84.3178     0.7209      6.134 1.2350e-01     16.006    105.408  70.419267    -0.4769     1.1066     8.4315   999.9077     13.687      9.437 0.0000e+00
      9.624      0.003   -84.3168     0.7295      6.144 1.2355e-01     16.006    105.247  70.294921    -0.4698     1.0993     8.4313   999.9077     13.688      9.438 0.0000e+00
      9.625      0.003   -84.2866     0.7094      6.144 1.2362e-01     16.006    105.106  70.190826    -0.4426     1.0594     8.4218   999.9083     13.690      9.439 0.0000e+00
      9.626      0.003   -84.3822     0.7145      6.121 1.2366e-01     16.006    105.092  70.177748    -0.4054     1.0355     8.4107   999.9091     13.691      9.440 0.0000e+00
      9.626      0.002   -84.4405     0.7224      6.123 1.2364e-01     16.005    105.230  70.263928    -0.4020     1.0515     8.4007   999.9096     13.692      9.440 0.0000e+00
      9.627      0.002   -84.3894     0.7174      6.107 1.2360e-01     16.004    105.365  70.342859    -0.4197     1.0465     8.3923   999.9102     13.692      9.441 0.0000e+00
      9.627      0.002   -84.4515     0.7258      6.024 1.2360e-01     16.004    105.513  70.432828    -0.4191     1.0437     8.3868   999.9105     13.693      9.441 0.0000e+00
      9.627      0.001   -84.5900     0.7130      5.928 1.2357e-01     16.005    105.743  70.588884    -0.4046     1.1202     8.3871   999.9104     13.693      9.441 0.0000e+00
      9.628      0.001   -84.6880     0.7197      5.893 1.2358e-01     16.006    105.995  70.767624    -0.3973     1.1818     8.3861   999.9106     13.694      9.442 0.0000e+00
      9.628      0.001   -84.7746     0.7210      5.983 1.2363e-01     16.006    106.240  70.941151    -0.4067     1.1365     8.3779   999.9112     13.694      9.442 0.0000e+00
      9.628      0.001   -84.7769     0.7060      6.104 1.2364e-01     16.006    106.472  71.097725    -0.4037     1.0536     8.3724   999.9116     13.695      9.442 0.0000e+00
      9.628      0.001   -84.8022     0.6946      6.105 1.2364e-01     16.006    106.724  71.262173    -0.3900     1.0716     8.3738   999.9116     13.695      9.442 0.0000e+00
      9.629      0.002   -84.9949     0.6835      6.062 1.2361e-01     16.006    107.035  71.467330    -0.3932     1.1483     8.3804   999.9112     13.696      9.443 0.0000e+00
      9.629      0.002   -85.2130     0.6984      6.088 1.2356e-01     16.006    107.241  71.607510    -0.3952     1.1566     8.3872   999.9109     13.696      9.443 0.0000e+00
      9.630      0.002   -85.3754     0.7258      6.152 1.2355e-01     16.006    107.065  71.494910    -0.3956     1.1380     8.3871   999.9109     13.697      9.444 0.0000e+00
      9.630      0.002   -85.4098     0.7177      6.189 1.2352e-01     16.006    106.605  71.186626    -0.4074     1.1980     8.3838   999.9112     13.697      9.444 0.0000e+00
      9.631      0.002   -85.3703     0.7053      6.168 1.2352e-01     16.006    106.240  70.931543    -0.4136     1.2982     8.3820   999.9115     13.699      9.445 0.0000e+00
      9.632      0.002   -85.5004     0.7135      6.114 1.2355e-01     16.005    106.105  70.826435    -0.4128     1.3199     8.3831   999.9116     13.700      9.445 0.0000e+00
      9.632      0.001   -85.6929     0.7223      6.094 1.2352e-01     16.005    106.091  70.805747    -0.4174     1.2884     8.3878   999.9112     13.700      9.446 0.0000e+00
      9.632      0.001   -85.7188     0.7293      6.130 1.2352e-01     16.006    106.104  70.808533    -0.4120     1.2945     8.3884   999.9109     13.701      9.446 0.0000e+00
      9.632      0.001   -85.6406     0.7253      6.158 1.2352e-01     16.007    106.185  70.860115    -0.3953     1.3250     8.3812   999.9113     13.700      9.446 0.0000e+00
      9.633      0.001   -85.7794     0.7156      6.117 1.2349e-01     16.007    106.469  71.048003    -0.3864     1.3489     8.3727   999.9119     13.701      9.446 0.0000e+00
      9.633      0.001   -86.1061     0.7117      6.047 1.2350e-01     16.006    106.848  71.300270    -0.3912     1.3428     8.3671   999.9122     13.701      9.446 0.0000e+00
      9.633      0.001   -86.2361     0.7195      6.017 1.2360e-01     16.006    107.039  71.430954    -0.4053     1.2513     8.3651   999.9123     13.701      9.446 0.0000e+00
      9.633      0.001   -86.2329     0.7272      6.035 1.2368e-01     16.006    106.914  71.356654    -0.4232     1.1357     8.3643   999.9124     13.700      9.446 0.0000e+00
      9.633      0.001   -86.2391     0.7195      6.112 1.2363e-01     16.006    106.421  71.037641    -0.4261     1.1126     8.3636   999.9125     13.701      9.447 0.0000e+00
      9.634      0.001   -86.3106     0.7061      6.192 1.2360e-01     16.006    106.080  70.815949    -0.4114     1.1428     8.3628   999.9127     13.702      9.447 0.0000e+00
      9.634      0.001   -86.4097     0.7057      6.230 1.2364e-01     16.006    106.683  71.219049    -0.4081     1.1928     8.3635   999.9128     13.703      9.448 0.0000e+00
      9.634      0.002   -86.4047     0.7038      6.256 1.2359e-01     16.005    108.000  72.097148    -0.4150     1.2704     8.3687   999.9124     13.703      9.448 0.0000e+00
      9.634      0.002   -86.4226     0.7168      6.240 1.2353e-01     16.004    109.228  72.914130    -0.4187     1.2919     8.3747   999.9118     13.703      9.448 0.0000e+00
      9.635      0.002   -86.5391     0.7310      6.181 1.2353e-01     16.004    109.977  73.404480    -0.4137     1.2809     8.3771   999.9113     13.703      9.448 0.0000e+00
      9.636      0.003   -86.6099     0.7282      6.114 1.2350e-01     16.005    110.540  73.766225    -0.4032     1.2748     8.3768   999.9116     13.705      9.450 0.0000e+00
      9.636      0.003   -86.5903     0.7374      6.057 1.2349e-01     16.006    111.259  74.236114    -0.3967     1.2177     8.3763   999.9123     13.706      9.450 0.0000e+00
      9.637      0.004   -86.8182     0.7343      6.072 1.2357e-01     16.006    112.053  74.762372    -0.3919     1.1401     8.3762   999.9129     13.707      9.451 0.0000e+00
      9.638      0.004   -87.3867     0.7239      6.132 1.2361e-01     16.006    112.853  75.296917    -0.3934     1.1261     8.3716   999.9133     13.709      9.452 0.0000e+00
      9.640      0.003   -87.6983     0.7191      6.149 1.2357e-01     16.005    113.416  75.676122    -0.4045     1.1506     8.3634   999.9140     13.711      9.453 0.0000e+00
      9.641      0.002   -87.5750     0.7064      6.168 1.2353e-01     16.005    113.382  75.659386    -0.4123     1.1971     8.3585   999.9146     13.712      9.454 0.0000e+00
      9.641      0.002   -87.4449     0.7084      6.189 1.2357e-01     16.006    112.907  75.348886    -0.4113     1.2753     8.3575   999.9149     13.713      9.455 0.0000e+00
      9.641      0.001   -87.4154     0.7260      6.173 1.2363e-01     16.006    112.623  75.164753    -0.4113     1.3076     8.3583   999.9152     13.713      9.455 0.0000e+00
      9.641      0.001   -87.5624     0.7194      6.162 1.2362e-01     16.005    112.688  75.213450    -0.4119     1.3472     8.3599   999.9154     13.713      9.455 0.0000e+00
      9.641      0.000   -87.9319     0.7224      6.144 1.2355e-01     16.004    112.897  75.365434    -0.4090     1.3419     8.3625   999.9152     13.713      9.455 0.0000e+00
      9.642 5.6065e-08   -88.2689     0.7314      6.113 1.2350e-01     16.004    113.419  75.730690    -0.4145     1.2090     8.3657   999.9147     13.714      9.455 0.0000e+00
      9.642 6.1672e-07   -88.4544     0.7206      6.078 1.2344e-01     16.004    114.190  76.259675    -0.4219     1.1130     8.3682   999.9145     13.714      9.455 0.0000e+00
      9.642      0.000   -88.5390     0.7250      6.057 1.2346e-01     16.004    114.416  76.420057    -0.4121     1.1083     8.3691   999.9145     13.714      9.455 0.0000e+00
      9.642      0.000   -88.6040     0.7207      6.074 1.2356e-01     16.003    113.708  75.952996    -0.4011     1.1175     8.3747   999.9141     13.714      9.455 0.0000e+00
      9.642      0.001   -88.6384     0.7171      6.091 1.2362e-01     16.003    113.233  75.635853    -0.3939     1.1212     8.3849   999.9137     13.714      9.456 0.0000e+00
      9.642      0.001   -88.6099     0.7137      6.099 1.2366e-01     16.003    113.521  75.828428    -0.3912     1.1194     8.3900   999.9136     13.714      9.455 0.0000e+00
      9.642      0.001   -88.6042     0.7059      6.114 1.2363e-01     16.003    113.668  75.928732    -0.3973     1.0954     8.3941   999.9137     13.714      9.455 0.0000e+00
      9.643      0.002   -88.5702     0.7142      6.165 1.2356e-01     16.003    113.133  75.576937    -0.4008     1.0719     8.3975   999.9129     13.715      9.456 0.0000e+00
      9.643      0.002   -88.4563     0.7142      6.225 1.2352e-01     16.003    111.979  74.817723    -0.4054     1.0754     8.3960   999.9127     13.715      9.456 0.0000e+00
      9.644      0.002   -88.4310     0.7152      6.206 1.2349e-01     16.003    110.926  74.124919    -0.4054     1.1038     8.3961   999.9131     13.717      9.457 0.0000e+00
      9.644      0.002   -88.4369     0.7158      6.122 1.2353e-01     16.002    110.353  73.749365    -0.4001     1.1403     8.3971   999.9130     13.717      9.458 0.0000e+00
      9.645      0.002   -88.3559     0.7194      6.030 1.2360e-01     16.001    109.898  73.455969    -0.3991     1.2073     8.3982   999.9129     13.718      9.459 0.0000e+00
      9.646      0.002   -88.3116     0.7367      6.009 1.2365e-01     16.001    109.097  72.929943    -0.4030     1.2962     8.4055   999.9118     13.719      9.459 0.0000e+00
      9.646      0.002   -88.2455     0.7287      6.071 1.2365e-01     16.002    107.751  72.030393    -0.4094     1.3222     8.4115   999.9110     13.720      9.460 0.0000e+00
      9.647      0.002   -88.1586     0.7190      6.120 1.2361e-01     16.002    106.261  71.035116    -0.4089     1.2821     8.4112   999.9109     13.721      9.460 0.0000e+00
      9.647      0.002   -88.2078     0.7038      6.155 1.2358e-01     16.002    105.158  70.304937    -0.4069     1.2226     8.4182   999.9103     13.722      9.461 0.0000e+00
      9.647      0.002   -88.4102     0.6967      6.179 1.2354e-01     16.001    104.880  70.131072    -0.4040     1.1870     8.4251   999.9096     13.722      9.461 0.0000e+00
      9.648      0.002   -88.6268     0.7167      6.169 1.2352e-01     16.001    105.539  70.585744    -0.3931     1.1609     8.4212   999.9093     13.723      9.461 0.0000e+00
      9.648      0.002   -88.7615     0.7153      6.114 1.2361e-01     16.001    106.569  71.288896    -0.3891     1.1121     8.4213   999.9087     13.723      9.462 0.0000e+00
      9.649      0.001   -88.9207     0.7224      6.067 1.2367e-01     16.001    107.361  71.830762    -0.3942     1.0776     8.4258   999.9079     13.724      9.462 0.0000e+00
      9.650      0.001   -89.0893     0.7253      6.113 1.2364e-01     16.001    107.871  72.178752    -0.3970     1.0524     8.4310   999.9074     13.725      9.463 0.0000e+00
      9.650      0.001   -89.2504     0.7240      6.166 1.2363e-01     16.001    108.083  72.317710    -0.3949     1.0480     8.4393   999.9072     13.725      9.463 0.0000e+00
      9.649      0.000   -89.3206     0.7191      6.166 1.2361e-01     16.002    107.802  72.112237    -0.3875     1.0936     8.4454   999.9073     13.724      9.463 0.0000e+00
      9.649      0.000   -89.2491     0.7011      6.132 1.2357e-01     16.002    107.265  71.728765    -0.3837     1.1235     8.4516   999.9071     13.724      9.462 0.0000e+00
      9.649      0.001   -89.1604     0.7180      6.087 1.2353e-01     16.001    106.845  71.432040    -0.3878     1.0997     8.4558   999.9070     13.724      9.463 0.0000e+00
      9.650      0.001   -89.0231     0.7256      6.107 1.2350e-01     16.001    106.490  71.194615    -0.3990     1.0813     8.4554   999.9072     13.725      9.463 0.0000e+00
      9.650      0.002   -88.9656     0.7215      6.147 1.2351e-01     16.001    106.120  70.955962    -0.4049     1.1067     8.4466   999.9076     13.725      9.463 0.0000e+00
      9.651      0.002   -89.0674     0.7225      6.135 1.2349e-01     16.001    105.823  70.771515    -0.4016     1.1325     8.4310   999.9084     13.726      9.464 0.0000e+00
      9.651      0.002   -89.1359     0.7069      6.099 1.2348e-01     16.001    105.666  70.680910    -0.3972     1.1874     8.4224   999.9089     13.727      9.464 0.0000e+00
      9.652      0.003   -89.1902     0.7147      6.076 1.2353e-01     16.001    105.578  70.623322    -0.3900     1.2890     8.4249   999.9086     13.727      9.464 0.0000e+00
      9.653      0.003   -89.2943     0.7249      6.086 1.2360e-01     16.001    105.444  70.520215    -0.3902     1.3306     8.4293   999.9082     13.729      9.466 0.0000e+00
      9.654      0.002   -89.3624     0.7185      6.108 1.2361e-01     16.001    105.367  70.451356    -0.4006     1.3136     8.4354   999.9076     13.731      9.467 0.0000e+00
      9.654      0.002   -89.4106     0.7145      6.111 1.2357e-01     16.001    105.443  70.490007    -0.4007     1.2890     8.4465   999.9068     13.731      9.467 0.0000e+00
      9.655      0.002   -89.3614     0.7091      6.089 1.2352e-01     16.001    105.628  70.606107    -0.3914     1.2395     8.4475   999.9068     13.732      9.468 0.0000e+00
      9.655      0.001   -89.2841     0.7125      6.057 1.2357e-01     16.001    105.886  70.774412    -0.3926     1.1613     8.4373   999.9074     13.732      9.468 0.0000e+00
      9.655      0.001   -89.3371     0.7170      6.053 1.2363e-01     16.001    106.041  70.872144    -0.3969     1.0992     8.4284   999.9079     13.732      9.468 0.0000e+00
      9.655      0.001   -89.3133     0.7168      6.073 1.2358e-01     16.001    105.997  70.834211    -0.4045     1.0715     8.4231   999.9083     13.733      9.468 0.0000e+00
      9.655      0.001   -89.2541     0.7152      6.098 1.2353e-01     16.002    105.990  70.824328    -0.4184     1.0323     8.4193   999.9086     13.733      9.469 0.0000e+00
      9.655      0.001   -89.2230     0.7075      6.143 1.2354e-01     16.002    106.077  70.879788    -0.4219     1.0037     8.4187   999.9088     13.733      9.469 0.0000e+00
      9.655      0.001   -89.1957     0.7082      6.187 1.2356e-01     16.002    106.072  70.869068    -0.4077     1.0346     8.4167   999.9090     13.733      9.468 0.0000e+00
      9.656      0.001   -89.3544     0.7129      6.174 1.2357e-01     16.002    106.022  70.821846    -0.3900     1.0972     8.4100   999.9093     13.735      9.470 0.0000e+00
      9.656      0.001   -89.5929     0.7123      6.103 1.2353e-01     16.002    106.036  70.817377    -0.3894     1.1422     8.4077   999.9095     13.735      9.470 0.0000e+00
      9.656      0.001   -89.8429     0.7207      6.062 1.2349e-01     16.002    106.041  70.815014    -0.4008     1.1318     8.4089   999.9096     13.735      9.470 0.0000e+00
