Data/DataNotYetUploadedToEDI/Raw_CTD/RawDownloads/061121_fcr50_0002.cnv
* Sea-Bird SBE19plus  Data File:
* FileName = C:\R\Reservoirs\Data\DataNotYetUploadedToEDI\Raw_CTD\RawDownloads\061121_fcr50_0002.hex
* Software version 2.8.0.119
* Temperature SN = 7809
* Conductivity SN = 7809
* System UpLoad Time = Jun 11 2021 19:28:26
* <ApplicationData>
* <Seaterm232>
# nquan = 16
# nvalues = 2868                        
# units = specified
# name 0 = depFM: Depth [fresh water, m]
# name 1 = dz/dtM: Descent Rate [m/s]
# name 2 = orp: Oxidation Reduction Potential [mV]
# name 3 = sbeox0Mg/L: Oxygen, SBE 43 [mg/l]
# name 4 = sbeox0PS: Oxygen, SBE 43 [% saturation]
# name 5 = par/sat/log: PAR/Logarithmic, Satlantic
# name 6 = ph: pH
# name 7 = specc: Specific Conductance [uS/cm]
# name 8 = c0uS/cm: Conductivity [uS/cm]
# name 9 = flECO-AFL: Fluorescence, WET Labs ECO-AFL/FL [mg/m^3]
# name 10 = turbWETntu0: Turbidity, WET Labs ECO [NTU]
# name 11 = tv290C: Temperature [ITS-90, deg C]
# name 12 = density00: Density [density, kg/m^3]
# name 13 = prdE: Pressure, Strain Gauge [psi]
# name 14 = prdM: Pressure, Strain Gauge [db]
# name 15 = flag:  0.000e+00
# span 0 =     -0.694,      9.620       
# span 1 =     -0.178,      0.165       
# span 2 =   -75.1405,   238.8137       
# span 3 =     1.0350,    12.3297       
# span 4 =      8.929,    141.120       
# span 5 = 1.2351e-01, 1.8262e-01       
# span 6 =     15.444,     16.038       
# span 7 =      0.753,    110.484       
# span 8 =   0.692814,  73.627855       
# span 9 =    -1.0242,     6.8081       
# span 10 =    -0.3821,   368.4747      
# span 11 =     8.3162,    26.3745      
# span 12 =   996.7054,   999.9170      
# span 13 =     -0.986,     13.683      
# span 14 =     -0.680,      9.434      
# span 15 = 0.0000e+00, 0.0000e+00      
# interval = seconds: 0.25
# start_time = Jun 10 2021 09:07:58 [Instrument's time stamp, header]
# bad_flag = -9.990e-29
*END*
[from data line 2080]
      8.795     -0.044   -71.0332     1.1935     10.383 1.2360e-01     15.997     81.470  54.465530    -0.4086     1.1666     8.4415   999.8942     12.508      8.624 0.0000e+00
      8.784     -0.040   -71.3637     1.1943     10.310 1.2363e-01     15.997     81.327  54.364406    -0.3891     1.1786     8.4376   999.8944     12.491      8.612 0.0000e+00
      8.777     -0.040   -71.5252     1.1987     10.245 1.2368e-01     15.997     81.107  54.213633    -0.3885     1.1575     8.4318   999.8949     12.485      8.608 0.0000e+00
      8.770     -0.044   -71.4363     1.2165     10.260 1.2368e-01     15.997     80.752  53.976433    -0.4106     1.1179     8.4284   999.8952     12.475      8.602 0.0000e+00
      8.761     -0.050   -71.3222     1.2238     10.310 1.2364e-01     15.997     80.174  53.592529    -0.4183     1.1106     8.4245   999.8954     12.462      8.593 0.0000e+00
      8.750     -0.059   -71.6933     1.2067     10.330 1.2365e-01     15.997     79.378  53.065308    -0.4051     1.1036     8.4205   999.8956     12.449      8.583 0.0000e+00
      8.732     -0.066   -72.3968     1.1962     10.301 1.2368e-01     15.997     78.700  52.619568    -0.3932     1.1022     8.4184   999.8956     12.424      8.566 0.0000e+00
      8.709     -0.071   -72.5139     1.2010     10.260 1.2370e-01     15.997     78.638  52.585614    -0.3896     1.1283     8.4184   999.8954     12.388      8.541 0.0000e+00
      8.686     -0.072   -72.2495     1.2106     10.275 1.2370e-01     15.997     78.923  52.781804    -0.3993     1.1108     8.4201   999.8949     12.353      8.517 0.0000e+00
      8.666     -0.071   -72.3833     1.2123     10.292 1.2368e-01     15.997     78.711  52.641698    -0.4061     1.0967     8.4230   999.8943     12.324      8.497 0.0000e+00
      8.650     -0.067   -72.8412     1.2092     10.229 1.2368e-01     15.997     78.374  52.415907    -0.4041     1.1282     8.4285   999.8935     12.300      8.481 0.0000e+00
      8.638     -0.061   -73.0537     1.1973     10.162 1.2376e-01     15.997     78.735  52.655817    -0.4048     1.1484     8.4341   999.8931     12.286      8.471 0.0000e+00
      8.624     -0.055   -72.9729     1.2024     10.191 1.2382e-01     15.997     79.542  53.192456    -0.4148     1.1353     8.4374   999.8932     12.270      8.460 0.0000e+00
      8.606     -0.051   -73.0694     1.2128     10.300 1.2376e-01     15.997     80.113  53.569145    -0.4293     1.1070     8.4380   999.8929     12.241      8.440 0.0000e+00
      8.591     -0.052   -73.4464     1.1975     10.397 1.2371e-01     15.997     79.868  53.399392    -0.4365     1.0808     8.4382   999.8924     12.215      8.421 0.0000e+00
      8.582     -0.058   -73.7454     1.1860     10.436 1.2371e-01     15.996     79.150  52.918436    -0.4259     1.0938     8.4371   999.8928     12.205      8.415 0.0000e+00
      8.577     -0.066   -73.8450     1.1889     10.417 1.2369e-01     15.996     78.640  52.581091    -0.4055     1.1612     8.4350   999.8931     12.202      8.413 0.0000e+00
      8.563     -0.072   -73.8765     1.2090     10.375 1.2364e-01     15.996     78.505  52.496299    -0.4096     1.1750     8.4323   999.8937     12.185      8.402 0.0000e+00
      8.538     -0.077   -73.9536     1.2205     10.330 1.2361e-01     15.995     78.737  52.655381    -0.4276     1.1228     8.4264   999.8938     12.147      8.376 0.0000e+00
      8.508     -0.079   -74.1754     1.2259     10.276 1.2360e-01     15.995     79.124  52.916716    -0.4232     1.0445     8.4254   999.8933     12.100      8.342 0.0000e+00
      8.481     -0.076   -74.4064     1.2221     10.271 1.2364e-01     15.995     79.517  53.179049    -0.4042     0.9492     8.4293   999.8927     12.057      8.313 0.0000e+00
      8.461     -0.070   -74.5099     1.2137     10.303 1.2366e-01     15.995     79.775  53.350159    -0.3880     0.8987     8.4330   999.8923     12.030      8.294 0.0000e+00
      8.450     -0.063   -74.3947     1.2137     10.358 1.2366e-01     15.995     79.754  53.334185    -0.3810     0.8794     8.4362   999.8922     12.018      8.285 0.0000e+00
      8.442     -0.058   -74.1321     1.1988     10.408 1.2366e-01     15.995     79.520  53.176460    -0.3953     0.8883     8.4375   999.8922     12.009      8.279 0.0000e+00
      8.431     -0.057   -74.1745     1.2028     10.385 1.2368e-01     15.995     79.400  53.094507    -0.4182     0.9030     8.4374   999.8923     11.994      8.270 0.0000e+00
      8.416     -0.058   -74.4770     1.2068     10.345 1.2368e-01     15.995     79.802  53.359542    -0.4189     0.8845     8.4355   999.8925     11.972      8.255 0.0000e+00
      8.396     -0.059   -74.4337     1.2107     10.333 1.2367e-01     15.995     80.532  53.840337    -0.4034     0.8710     8.4341   999.8925     11.943      8.234 0.0000e+00
      8.375     -0.061   -74.0807     1.2269     10.346 1.2369e-01     15.995     80.621  53.889953    -0.3938     0.8777     8.4341   999.8923     11.910      8.211 0.0000e+00
      8.359     -0.065   -73.9953     1.2150     10.352 1.2373e-01     15.996     79.596  53.197220    -0.3977     0.8967     8.4332   999.8921     11.886      8.195 0.0000e+00
      8.349     -0.073   -74.0893     1.2109     10.332 1.2372e-01     15.996     78.385  52.387740    -0.4126     0.8952     8.4313   999.8924     11.875      8.189 0.0000e+00
      8.339     -0.083   -74.0993     1.2102     10.340 1.2368e-01     15.995     77.572  51.851367    -0.4206     0.8932     8.4270   999.8930     11.867      8.182 0.0000e+00
      8.319     -0.095   -74.0297     1.2110     10.350 1.2370e-01     15.995     76.997  51.475377    -0.4189     0.9419     8.4190   999.8936     11.840      8.164 0.0000e+00
      8.289     -0.103   -73.8499     1.2186     10.350 1.2373e-01     15.995     77.059  51.525290    -0.4105     0.9690     8.4126   999.8933     11.791      8.131 0.0000e+00
      8.252     -0.106   -73.8188     1.2057     10.350 1.2371e-01     15.995     77.679  51.946799    -0.3956     0.9120     8.4138   999.8926     11.737      8.092 0.0000e+00
      8.214     -0.105   -73.9971     1.2138     10.339 1.2368e-01     15.995     77.848  52.062561    -0.3911     0.8704     8.4194   999.8919     11.681      8.053 0.0000e+00
      8.184     -0.100   -74.2852     1.2137     10.364 1.2364e-01     15.995     77.239  51.654726    -0.4036     0.8774     8.4249   999.8909     11.631      8.020 0.0000e+00
      8.167     -0.093   -74.6349     1.2102     10.389 1.2363e-01     15.996     76.664  51.270919    -0.4137     0.8945     8.4310   999.8905     11.611      8.006 0.0000e+00
      8.157     -0.085   -74.6978     1.2173     10.417 1.2367e-01     15.996     76.509  51.169103    -0.4078     0.9395     8.4362   999.8905     11.609      8.005 0.0000e+00
      8.137     -0.077   -74.4431     1.2053     10.466 1.2368e-01     15.995     76.910  51.439821    -0.4094     0.9419     8.4371   999.8906     11.580      7.985 0.0000e+00
      8.109     -0.072   -74.3095     1.2165     10.481 1.2368e-01     15.995     77.755  52.003708    -0.4135     0.8879     8.4358   999.8900     11.531      7.950 0.0000e+00
      8.084     -0.071   -74.2862     1.2177     10.475 1.2368e-01     15.995     77.973  52.144052    -0.4096     0.8364     8.4363   999.8897     11.493      7.924 0.0000e+00
      8.069     -0.072   -74.1619     1.2164     10.458 1.2370e-01     15.995     77.376  51.739514    -0.4102     0.8329     8.4381   999.8895     11.472      7.910 0.0000e+00
      8.059     -0.073   -73.9249     1.2311     10.441 1.2377e-01     15.996     76.725  51.304189    -0.4012     0.8808     8.4400   999.8892     11.463      7.903 0.0000e+00
      8.048     -0.073   -73.5713     1.2265     10.434 1.2378e-01     15.996     76.466  51.135743    -0.3965     0.9005     8.4405   999.8898     11.452      7.896 0.0000e+00
      8.028     -0.073   -73.6723     1.2288     10.424 1.2374e-01     15.995     76.786  51.354092    -0.4104     0.8995     8.4356   999.8902     11.424      7.877 0.0000e+00
      8.001     -0.073   -74.2865     1.2253     10.401 1.2375e-01     15.994     77.239  51.657883    -0.4174     0.9029     8.4301   999.8900     11.381      7.847 0.0000e+00
      7.974     -0.071   -74.4582     1.2222     10.353 1.2370e-01     15.994     77.301  51.696890    -0.4141     0.9073     8.4311   999.8895     11.336      7.816 0.0000e+00
      7.954     -0.066   -74.1134     1.2232     10.303 1.2360e-01     15.994     77.216  51.635204    -0.4081     0.9178     8.4353   999.8890     11.307      7.796 0.0000e+00
      7.944     -0.058   -74.0751     1.2206     10.277 1.2356e-01     15.994     77.091  51.547145    -0.4026     0.9277     8.4388   999.8889     11.299      7.791 0.0000e+00
      7.936     -0.052   -74.5121     1.2212     10.319 1.2360e-01     15.994     76.867  51.394301    -0.4043     0.9244     8.4392   999.8891     11.291      7.785 0.0000e+00
      7.925     -0.051   -74.7505     1.2117     10.412 1.2367e-01     15.994     76.553  51.184395    -0.4102     0.9119     8.4367   999.8892     11.273      7.772 0.0000e+00
      7.913     -0.056   -74.6346     1.2072     10.460 1.2370e-01     15.994     75.577  50.533403    -0.4070     0.9479     8.4342   999.8892     11.255      7.760 0.0000e+00
      7.899     -0.066   -74.4877     1.2008     10.461 1.2367e-01     15.994     73.730  49.302272    -0.3938     0.9826     8.4309   999.8894     11.236      7.747 0.0000e+00
      7.882     -0.078   -74.4371     1.2047     10.456 1.2362e-01     15.994     72.319  48.364685    -0.3947     0.9541     8.4278   999.8894     11.212      7.730 0.0000e+00
      7.861     -0.089   -74.6240     1.2244     10.466 1.2360e-01     15.994     72.178  48.278018    -0.4077     0.9116     8.4280   999.8893     11.185      7.712 0.0000e+00
      7.835     -0.094   -74.8546     1.2277     10.509 1.2367e-01     15.994     72.701  48.635442    -0.4174     0.8803     8.4294   999.8889     11.148      7.686 0.0000e+00
      7.805     -0.093   -74.9033     1.2247     10.530 1.2368e-01     15.994     73.431  49.130258    -0.4169     0.8849     8.4312   999.8876     11.101      7.654 0.0000e+00
      7.775     -0.086   -74.8685     1.2260     10.494 1.2363e-01     15.993     73.883  49.434680    -0.4009     0.9335     8.4359   999.8865     11.057      7.623 0.0000e+00
      7.749     -0.074   -74.8631     1.2224     10.460 1.2363e-01     15.993     73.736  49.331574    -0.3862     0.9868     8.4421   999.8862     11.017      7.596 0.0000e+00
      7.732     -0.061   -74.9245     1.2322     10.470 1.2366e-01     15.993     73.288  49.026672    -0.3926     0.9799     8.4476   999.8859     10.991      7.579 0.0000e+00
      7.726     -0.050   -75.0085     1.2377     10.526 1.2368e-01     15.993     72.663  48.605736    -0.4116     0.9193     8.4524   999.8858     10.986      7.574 0.0000e+00
      7.723     -0.043   -75.0191     1.2271     10.578 1.2371e-01     15.993     72.214  48.306126    -0.4146     0.9059     8.4542   999.8860     10.988      7.576 0.0000e+00
      7.716     -0.039   -74.8802     1.2238     10.563 1.2369e-01     15.993     72.335  48.388647    -0.4010     0.9552     8.4499   999.8860     10.979      7.570 0.0000e+00
      7.702     -0.038   -74.7055     1.2234     10.502 1.2362e-01     15.993     72.536  48.523997    -0.3904     0.9657     8.4448   999.8862     10.956      7.554 0.0000e+00
      7.687     -0.038   -74.7140     1.2328     10.482 1.2360e-01     15.993     72.379  48.418630    -0.3919     0.8959     8.4434   999.8860     10.931      7.536 0.0000e+00
      7.675     -0.039   -74.8965     1.2430     10.537 1.2365e-01     15.993     72.138  48.257668    -0.4089     0.8664     8.4447   999.8855     10.915      7.525 0.0000e+00
      7.668     -0.040   -74.9329     1.2398     10.576 1.2371e-01     15.993     71.903  48.101817    -0.4243     0.9179     8.4461   999.8856     10.906      7.519 0.0000e+00
      7.663     -0.041   -74.8103     1.2282     10.542 1.2376e-01     15.993     71.549  47.867737    -0.4151     0.9357     8.4463   999.8857     10.899      7.514 0.0000e+00
      7.655     -0.042   -74.7899     1.2224     10.489 1.2376e-01     15.993     71.314  47.713371    -0.3933     0.9094     8.4462   999.8855     10.891      7.509 0.0000e+00
      7.643     -0.043   -74.9453     1.2355     10.452 1.2369e-01     15.993     71.285  47.695862    -0.3907     0.8745     8.4460   999.8854     10.874      7.498 0.0000e+00
      7.626     -0.045   -75.1405     1.2439     10.458 1.2362e-01     15.993     71.224  47.656038    -0.4114     0.8573     8.4469   999.8852     10.845      7.478 0.0000e+00
      7.611     -0.046   -74.9133     1.2340     10.526 1.2361e-01     15.993     70.969  47.485858    -0.4247     0.8730     8.4491   999.8848     10.820      7.461 0.0000e+00
      7.601     -0.045   -74.3487     1.2277     10.580 1.2362e-01     15.994     70.578  47.225657    -0.4174     0.8927     8.4513   999.8845     10.811      7.454 0.0000e+00
      7.593     -0.044   -74.2517     1.2236     10.592 1.2366e-01     15.993     70.407  47.113336    -0.4097     0.9232     8.4527   999.8844     10.802      7.448 0.0000e+00
      7.582     -0.042   -74.6006     1.2190     10.602 1.2367e-01     15.993     70.640  47.270727    -0.4176     0.9337     8.4530   999.8843     10.785      7.436 0.0000e+00
      7.571     -0.040   -74.6941     1.2353     10.619 1.2365e-01     15.993     71.236  47.668244    -0.4269     0.9170     8.4528   999.8842     10.769      7.425 0.0000e+00
      7.560     -0.039   -74.5225     1.2415     10.616 1.2361e-01     15.992     72.189  48.300331    -0.4269     0.8924     8.4537   999.8839     10.754      7.415 0.0000e+00
      7.548     -0.038   -74.3325     1.2393     10.578 1.2358e-01     15.992     73.069  48.880826    -0.4260     0.8759     8.4555   999.8836     10.736      7.401 0.0000e+00
      7.538     -0.035   -74.1186     1.2417     10.581 1.2360e-01     15.993     73.497  49.162438    -0.4352     0.8897     8.4575   999.8836     10.719      7.390 0.0000e+00
      7.531     -0.031   -73.9153     1.2424     10.631 1.2361e-01     15.993     73.597  49.228728    -0.4624     0.8876     8.4578   999.8837     10.712      7.385 0.0000e+00
      7.525     -0.028   -73.7671     1.2483     10.672 1.2359e-01     15.993     73.420  49.110806    -0.4781     0.8844     8.4526   999.8844     10.706      7.382 0.0000e+00
      7.517     -0.028   -73.5306     1.2350     10.672 1.2363e-01     15.993     73.075  48.879695    -0.4727     0.8854     8.4454   999.8852     10.692      7.372 0.0000e+00
      7.510     -0.030   -73.2064     1.2365     10.597 1.2368e-01     15.993     72.932  48.783949    -0.4546     0.8319     8.4421   999.8855     10.679      7.364 0.0000e+00
      7.506     -0.033   -73.0309     1.2471     10.507 1.2364e-01     15.993     73.114  48.905669    -0.4218     0.7522     8.4423   999.8856     10.678      7.363 0.0000e+00
      7.500     -0.036   -72.9569     1.2500     10.491 1.2363e-01     15.992     73.095  48.890864    -0.4090     0.7118     8.4430   999.8855     10.671      7.358 0.0000e+00
      7.487     -0.040   -73.0009     1.2554     10.536 1.2366e-01     15.992     72.290  48.350932    -0.4146     0.6872     8.4427   999.8852     10.647      7.341 0.0000e+00
      7.472     -0.044   -73.1320     1.2418     10.580 1.2368e-01     15.992     71.333  47.711363    -0.4133     0.6939     8.4431   999.8850     10.625      7.326 0.0000e+00
      7.462     -0.046   -73.0797     1.2267     10.622 1.2366e-01     15.992     71.120  47.571312    -0.4020     0.7929     8.4433   999.8851     10.614      7.318 0.0000e+00
      7.452     -0.044   -72.7982     1.2249     10.637 1.2370e-01     15.991     71.269  47.673602    -0.3839     0.8892     8.4415   999.8853     10.602      7.310 0.0000e+00
