Data/DataNotYetUploadedToEDI/Raw_CTD/RawDownloads/061125_ccr50_S8188003.cnv
* Sea-Bird SBE19plus  Data File:
* FileName = C:\R\Reservoirs\Data\DataNotYetUploadedToEDI\Raw_CTD\RawDownloads\060925_bvr50_S8188_0003.hex
* Software version 2.8.0.119
* Temperature SN = 8188
* Conductivity SN = 8188
* System UpLoad Time = Jun 25 2025 16:13:33
* <ApplicationData>
* <Seaterm232>
# nquan = 16
# nvalues = 4583                        
# units = specified
# name 0 = depFM: Depth [fresh water, m]
# name 1 = dz/dtM: Descent Rate [m/s]
# name 2 = sbeox0Mg/L: Oxygen, SBE 43 [mg/l]
# name 3 = sbeox0PS: Oxygen, SBE 43 [% saturation]
# name 4 = specc: Specific Conductance [uS/cm]
# name 5 = c0uS/cm: Conductivity [uS/cm]
# name 6 = wetCDOM: Fluorescence, WET Labs CDOM [mg/m^3]
# name 7 = flECO-AFL: Fluorescence, WET Labs ECO-AFL/FL [mg/m^3]
# name 8 = flECO-AFL1: Fluorescence, WET Labs ECO-AFL/FL, 2 [mg/m^3]
# name 9 = flECO-AFL2: Fluorescence, WET Labs ECO-AFL/FL, 3 [mg/m^3]
# name 10 = par/sat/log: PAR/Logarithmic, Satlantic
# name 11 = turbWETntu0: Turbidity, WET Labs ECO [NTU]
# name 12 = prdM: Pressure, Strain Gauge [db]
# name 13 = prdE: Pressure, Strain Gauge [psi]
# name 14 = tv290C: Temperature [ITS-90, deg C]
# name 15 = flag:  0.000e+00
# span 0 =     -0.395,     22.295       
# span 1 =     -0.383,      0.172       
# span 2 =    -0.3229,    10.2998       
# span 3 =     -2.829,    125.518       
# span 4 =  -1135.299,    167.749       
# span 5 =-961.998900, 115.084056       
# span 6 =    -4.5000,    56.1600       
# span 7 =    -2.4590,    11.1025       
# span 8 =    -2.1300,     3.7914       
# span 9 =    -2.9187,     2.7918       
# span 10 = 1.1582e-01, 2.4939e+03      
# span 11 =   -11.0200,   119.3787      
# span 12 =     -0.387,     21.864      
# span 13 =     -0.562,     31.711      
# span 14 =     9.2988,    32.6259      
# span 15 = 0.0000e+00, 0.0000e+00      
# interval = seconds: 0.25
# start_time = Jun 11 2025 12:15:31 [Instrument's time stamp, header]
# bad_flag = -9.990e-29
*END*
[from data line 814]
      0.780     -0.002     8.4191    102.380    107.756 108.336136    13.3200     0.0588     0.0852     0.0846 4.6312e+02    -0.5059      0.765      1.110    25.2241 0.0000e+00
      0.780     -0.003     8.4194    102.376    107.737 108.340468    13.3200     0.0626     0.0852     0.0846 4.4865e+02    -0.4455      0.765      1.109    25.2304 0.0000e+00
      0.779     -0.003     8.4187    102.360    107.719 108.340984    13.4100     0.0855     0.0426     0.0846 4.4895e+02    -0.5512      0.764      1.108    25.2396 0.0000e+00
      0.778     -0.003     8.4176    102.348    107.702 108.337822    13.4100     0.0740     0.0426     0.0846 4.6111e+02    -0.5361      0.763      1.106    25.2510 0.0000e+00
      0.777     -0.003     8.4164    102.340    107.682 108.326142    13.4100     0.0664     0.0426     0.0846 4.3219e+02    -0.4908      0.762      1.105    25.2631 0.0000e+00
      0.776     -0.003     8.4144    102.318    107.653 108.302828    13.4100     0.0664     0.0426     0.0846 4.9657e+02    -0.5361      0.761      1.103    25.2741 0.0000e+00
      0.775     -0.002     8.4117    102.277    107.619 108.269662    13.4100     0.1007     0.0426     0.0846 4.5841e+02    -0.5512      0.760      1.102    25.2829 0.0000e+00
      0.775     -0.002     8.4098    102.228    107.594 108.241787    13.4100     0.1045     0.0426     0.0846 4.4807e+02    -0.4606      0.760      1.102    25.2891 0.0000e+00
      0.775     -0.002     8.4085    102.179    107.578 108.219768    13.4100     0.0816     0.0426     0.0846 4.7971e+02    -0.4304      0.760      1.102    25.2933 0.0000e+00
      0.774     -0.002     8.4063    102.131    107.581 108.213725    13.4100     0.0931     0.0426     0.0846 4.5553e+02    -0.4304      0.759      1.101    25.2957 0.0000e+00
      0.774     -0.002     8.4029    102.100    107.602 108.222047    13.4100     0.0931     0.0426     0.0846 4.6432e+02    -0.4606      0.759      1.100    25.2963 0.0000e+00
      0.773     -0.001     8.3990    102.120    107.614 108.218964    13.4100     0.0626     0.0000     0.0423 4.3361e+02    -0.4606      0.758      1.100    25.2951 0.0000e+00
      0.773     -0.001     8.3954    102.205    107.623 108.211649    13.4100     0.0855     0.0000     0.0423 4.6554e+02    -0.5663      0.758      1.099    25.2924 0.0000e+00
      0.772     -0.001     8.3922    102.328    107.639 108.214145    13.4100     0.0778     0.0000     0.0423 4.4875e+02    -0.4153      0.757      1.098    25.2881 0.0000e+00
      0.772     -0.000     8.3905    102.446    107.650 108.215121    13.4100     0.0740     0.0000     0.0423 4.6726e+02    -0.4606      0.757      1.098    25.2820 0.0000e+00
      0.773      0.000     8.3932    102.518    107.648 108.206840    13.4100     0.0664     0.0000     0.0846 5.1965e+02    -0.4908      0.758      1.099    25.2749 0.0000e+00
      0.773      0.001     8.4014    102.520    107.647 108.203087    13.4100     0.0969     0.0000     0.0846 4.9228e+02    -0.4757      0.758      1.099    25.2677 0.0000e+00
      0.773      0.001     8.4125    102.458    107.657 108.210858    13.4100     0.0816     0.0000     0.0846 4.4150e+02    -0.4002      0.758      1.099    25.2611 0.0000e+00
      0.773      0.002     8.4229    102.356    107.674 108.224228    13.4100     0.0778     0.0000     0.0846 4.8929e+02    -0.5512      0.758      1.099    25.2562 0.0000e+00
      0.773      0.002     8.4293    102.233    107.682 108.226773    13.4100     0.0778     0.0852     0.1269 4.3673e+02    -0.2340      0.758      1.100    25.2533 0.0000e+00
      0.774      0.003     8.4296    102.119    107.672 108.211172    13.4100     0.0664     0.0852     0.1269 4.5110e+02    -0.2944      0.759      1.101    25.2521 0.0000e+00
      0.775      0.003     8.4247    102.051    107.667 108.201255    13.4100     0.0626     0.0852     0.1269 4.9550e+02    -0.1585      0.760      1.102    25.2511 0.0000e+00
      0.776      0.003     8.4166    102.053    107.673 108.206370    13.4100     0.0702     0.0852     0.1269 4.8791e+02    -0.2793      0.761      1.104    25.2494 0.0000e+00
      0.777      0.003     8.4068    102.122    107.676 108.211889    13.4100     0.0816     0.0852     0.1269 4.5991e+02    -0.5059      0.762      1.105    25.2470 0.0000e+00
      0.778      0.003     8.3978    102.237    107.676 108.215285    13.4100     0.0931     0.0426     0.2538 4.9260e+02    -0.4606      0.763      1.106    25.2443 0.0000e+00
      0.778      0.002     8.3926    102.354    107.679 108.221463    13.4100     0.0740     0.0426     0.2538 4.9046e+02    -0.4908      0.763      1.106    25.2422 0.0000e+00
      0.778      0.002     8.3929    102.429    107.683 108.228072    13.4100     0.0931     0.0426     0.2538 4.3806e+02    -0.5210      0.763      1.107    25.2417 0.0000e+00
      0.778      0.002     8.3984    102.443    107.683 108.228877    13.4100     0.0702     0.0426     0.2538 5.0495e+02    -0.5512      0.763      1.107    25.2427 0.0000e+00
      0.779      0.003     8.4075    102.400    107.671 108.216096    13.4100     0.0855     0.0426     0.0000 4.8453e+02    -0.3246      0.764      1.108    25.2444 0.0000e+00
      0.780      0.003     8.4170    102.316    107.649 108.190321    13.4100     0.0511     0.0426     0.0000 4.6513e+02    -0.4908      0.765      1.109    25.2459 0.0000e+00
      0.781      0.004     8.4230    102.222    107.633 108.168668    13.4100     0.0778     0.0426     0.0000 4.6879e+02    -0.4908      0.766      1.111    25.2470 0.0000e+00
      0.782      0.004     8.4240    102.144    107.636 108.165352    13.4100     0.0664     0.0426     0.0000 4.7052e+02    -0.4455      0.767      1.112    25.2474 0.0000e+00
      0.783      0.004     8.4205    102.090    107.640 108.163496    13.4100     0.0931     0.0426     0.0846 4.8075e+02    -0.5814      0.768      1.114    25.2470 0.0000e+00
      0.784      0.004     8.4139    102.060    107.624 108.142613    13.4100     0.1084     0.0426     0.0846 4.9163e+02    -0.5814      0.769      1.116    25.2455 0.0000e+00
      0.785      0.003     8.4066    102.036    107.606 108.121125    13.4100     0.0702     0.0426     0.0846 4.7185e+02    -0.4606      0.770      1.117    25.2430 0.0000e+00
      0.786      0.003     8.4006    102.002    107.601 108.113293    13.4100     0.0855     0.0426     0.0846 4.5901e+02    -0.5059      0.771      1.118    25.2400 0.0000e+00
      0.787      0.002     8.3966    101.954    107.603 108.113029    13.3200     0.0931     0.0426     0.1692 4.8505e+02    -0.5663      0.771      1.119    25.2371 0.0000e+00
      0.787      0.002     8.3944    101.899    107.609 108.116265    13.3200     0.0855     0.0426     0.1692 5.0386e+02    -0.4908      0.772      1.119    25.2348 0.0000e+00
      0.787      0.002     8.3927    101.859    107.611 108.115867    13.3200     0.0511     0.0426     0.1692 4.7877e+02    -0.4455      0.772      1.120    25.2333 0.0000e+00
      0.788      0.002     8.3901    101.843    107.609 108.111729    13.3200     0.0511     0.0426     0.1692 4.9142e+02    -0.4002      0.773      1.121    25.2322 0.0000e+00
      0.788      0.001     8.3863    101.855    107.600 108.102747    13.3200     0.0549     0.0426     0.1692 4.5159e+02    -0.4304      0.773      1.121    25.2310 0.0000e+00
      0.789      0.001     8.3821    101.904    107.592 108.094523    13.4100     0.0664     0.0426     0.0846 5.2464e+02    -0.4606      0.774      1.122    25.2296 0.0000e+00
      0.789      0.001     8.3789    101.996    107.594 108.096859    13.4100     0.0893     0.0426     0.0846 4.7981e+02    -0.4606      0.774      1.122    25.2285 0.0000e+00
      0.789      0.001     8.3777    102.129    107.596 108.098382    13.4100     0.0855     0.0426     0.0846 4.5022e+02    -0.4455      0.774      1.123    25.2278 0.0000e+00
      0.789      0.000     8.3788    102.292    107.590 108.091502    13.4100     0.0778     0.0426     0.0846 4.4963e+02    -0.4304      0.774      1.123    25.2276 0.0000e+00
      0.789      0.000     8.3828    102.462    107.589 108.090377    13.4100     0.0473     0.0426     0.0846 4.9539e+02    -0.5361      0.774      1.123    25.2275 0.0000e+00
      0.789      0.000     8.3903    102.593    107.599 108.098706    13.4100     0.0893     0.0426     0.0846 4.3323e+02    -0.5059      0.774      1.123    25.2276 0.0000e+00
      0.789     -0.001     8.4012    102.645    107.604 108.102718    13.4100     0.0778     0.0426     0.0846 5.1113e+02    -0.4304      0.774      1.123    25.2275 0.0000e+00
      0.789     -0.001     8.4147    102.613    107.598 108.095484    13.4100     0.0816     0.0426     0.0846 4.5771e+02    -0.4757      0.774      1.122    25.2272 0.0000e+00
      0.789     -0.001     8.4288    102.522    107.582 108.079074    13.3200     0.0778     0.0426     0.0846 4.9174e+02    -0.4304      0.773      1.122    25.2268 0.0000e+00
      0.788     -0.001     8.4396    102.406    107.567 108.065105    13.3200     0.0511     0.0426     0.0846 4.5237e+02    -0.4455      0.773      1.122    25.2261 0.0000e+00
      0.788     -0.001     8.4440    102.298    107.569 108.067845    13.3200     0.0664     0.0426     0.0846 4.7711e+02    -0.4606      0.773      1.121    25.2255 0.0000e+00
      0.788     -0.001     8.4415    102.233    107.583 108.082027    13.3200     0.0969     0.0426     0.0846 5.3885e+02    -0.4908      0.773      1.121    25.2249 0.0000e+00
      0.787     -0.001     8.4340    102.239    107.584 108.081445    13.3200     0.0740     0.0426     0.0846 4.6513e+02    -0.4455      0.772      1.120    25.2248 0.0000e+00
      0.787     -0.001     8.4244    102.324    107.576 108.069942    13.3200     0.0588     0.0426     0.1269 4.7052e+02    -0.4304      0.772      1.120    25.2252 0.0000e+00
      0.787     -0.000     8.4154    102.456    107.589 108.078436    13.3200     0.0511     0.0426     0.1269 4.6111e+02    -0.5210      0.772      1.119    25.2257 0.0000e+00
      0.787     -0.000     8.4101    102.574    107.609 108.095199    13.3200     0.0855     0.0426     0.1269 5.0682e+02    -0.5361      0.772      1.119    25.2258 0.0000e+00
      0.787     -0.000     8.4107    102.624    107.625 108.108707    13.3200     0.0931     0.0426     0.1269 4.5712e+02    -0.4757      0.772      1.120    25.2250 0.0000e+00
      0.787     -0.001     8.4179    102.592    107.652 108.136555    13.4100     0.0664     0.0426     0.1269 4.4083e+02    -0.4606      0.772      1.120    25.2234 0.0000e+00
      0.787     -0.002     8.4291    102.499    107.686 108.172175    13.4100     0.0816     0.0426     0.1269 4.8643e+02    -0.4908      0.772      1.120    25.2215 0.0000e+00
      0.787     -0.003     8.4390    102.383    107.706 108.195081    13.4100     0.0855     0.0426     0.1269 5.6868e+02    -0.4606      0.771      1.119    25.2198 0.0000e+00
      0.785     -0.003     8.4433    102.274    107.697 108.191387    13.4100     0.0778     0.0426     0.1269 4.8096e+02    -0.5059      0.770      1.117    25.2190 0.0000e+00
      0.784     -0.004     8.4406    102.183    107.673 108.172105    13.4100     0.0588     0.0426     0.0000 5.4438e+02    -0.4002      0.769      1.115    25.2190 0.0000e+00
      0.783     -0.003     8.4329    102.110    107.655 108.160082    13.4100     0.0740     0.0426     0.0000 5.3256e+02    -0.5059      0.768      1.114    25.2198 0.0000e+00
      0.782     -0.003     8.4231    102.053    107.639 108.148112    13.4100     0.0855     0.0426     0.0000 4.9993e+02    -0.4757      0.767      1.112    25.2213 0.0000e+00
      0.781     -0.002     8.4139    102.022    107.619 108.129008    13.4100     0.0778     0.0426     0.0000 4.7784e+02    -0.4757      0.766      1.111    25.2235 0.0000e+00
      0.781     -0.001     8.4060    102.025    107.608 108.117664    13.3200     0.0855     0.0426     0.0846 4.5981e+02    -0.3549      0.766      1.111    25.2261 0.0000e+00
      0.781     -0.001     8.3995    102.054    107.608 108.115055    13.3200     0.0893     0.0426     0.0846 6.5084e+02    -0.2038      0.766      1.111    25.2286 0.0000e+00
      0.781     -0.001     8.3946    102.098    107.595 108.100493    13.3200     0.0855     0.0426     0.0846 4.3173e+02    -0.1585      0.766      1.111    25.2304 0.0000e+00
      0.782     -0.002     8.3920    102.146    107.563 108.066096    13.3200     0.0549     0.0426     0.0846 7.5465e+02    -0.2642      0.767      1.112    25.2311 0.0000e+00
      0.781     -0.003     8.3922    102.178    107.535 108.036676    13.3200     0.0778     0.0426     0.0846 5.2464e+02    -0.2944      0.766      1.112    25.2307 0.0000e+00
      0.781     -0.005     8.3947    102.173    107.536 108.036376    13.5000     0.0664     0.0426     0.0423 4.5139e+02    -0.5210      0.766      1.111    25.2298 0.0000e+00
      0.779     -0.008     8.3985    102.129    107.561 108.061115    13.5000     0.0931     0.0426     0.0423 9.0636e+02    -0.4757      0.764      1.108    25.2287 0.0000e+00
      0.777     -0.012     8.4026    102.062    107.599 108.101499    13.5000     0.0664     0.0426     0.0423 4.7175e+02    -0.4606      0.762      1.105    25.2279 0.0000e+00
      0.774     -0.016     8.4053    101.998    107.641 108.150304    13.5000     0.0969     0.0426     0.0423 4.8717e+02    -0.4455      0.759      1.101    25.2272 0.0000e+00
      0.770     -0.021     8.4050    101.970    107.677 108.196554    13.3200     0.0511     0.0426     0.0846 5.8625e+02    -0.4002      0.755      1.095    25.2267 0.0000e+00
      0.764     -0.027     8.4015    101.993    107.697 108.228595    13.3200     0.0969     0.0426     0.0846 5.3686e+02    -0.4606      0.750      1.087    25.2266 0.0000e+00
      0.757     -0.034     8.3958    102.060    107.698 108.242977    13.3200     0.0588     0.0426     0.0846 4.5071e+02    -0.4002      0.743      1.077    25.2277 0.0000e+00
      0.748     -0.042     8.3901    102.144    107.701 108.259527    13.3200     0.0664     0.0426     0.0846 5.0627e+02    -0.5361      0.734      1.064    25.2306 0.0000e+00
      0.737     -0.052     8.3870    102.215    107.716 108.290658    13.3200     0.1007     0.0426     0.0846 4.7618e+02    -0.4153      0.723      1.049    25.2352 0.0000e+00
      0.723     -0.063     8.3881    102.259    107.725 108.316683    13.3200     0.0664     0.0426     0.0846 5.0113e+02    -0.5059      0.710      1.029    25.2409 0.0000e+00
      0.706     -0.075     8.3926    102.282    107.730 108.340545    13.3200     0.0511     0.0426     0.0846 5.6856e+02    -0.5210      0.693      1.005    25.2469 0.0000e+00
      0.685     -0.087     8.3985    102.288    107.755 108.388598    13.3200     0.0893     0.0426     0.0846 5.7778e+02    -0.4908      0.672      0.975    25.2534 0.0000e+00
      0.661     -0.099     8.4032    102.281    107.788 108.449668    13.3200     0.1045     0.0426     0.0846 6.0135e+02    -0.4606      0.649      0.941    25.2606 0.0000e+00
      0.635     -0.110     8.4056    102.276    107.807 108.504057    13.4100     0.0549     0.0000    -0.0423 5.3791e+02    -0.4908      0.622      0.903    25.2686 0.0000e+00
      0.605     -0.118     8.4062    102.290    107.807 108.544278    13.4100     0.0855     0.0000    -0.0423 5.4830e+02    -0.4606      0.593      0.860    25.2774 0.0000e+00
      0.571     -0.122     8.4051    102.323    107.784 108.563068    13.4100     0.1122     0.0000    -0.0423 7.4196e+02    -0.4908      0.560      0.813    25.2877 0.0000e+00
      0.536     -0.123     8.4025    102.359    107.756 108.573436    13.4100     0.0702     0.0000    -0.0423 5.5236e+02    -0.4606      0.526      0.763    25.3008 0.0000e+00
      0.502     -0.120     8.3996    102.377    107.728 108.580149    13.5000     0.1084     0.0426     0.0000 4.6041e+02    -0.4606      0.492      0.714    25.3170 0.0000e+00
