Data/DataNotYetUploadedToEDI/Raw_CTD/RawDownloads/061121_fcr50_0006.cnv
* Sea-Bird SBE19plus  Data File:
* FileName = C:\R\Reservoirs\Data\DataNotYetUploadedToEDI\Raw_CTD\RawDownloads\061121_fcr50_0006.hex
* Software version 2.8.0.119
* Temperature SN = 7809
* Conductivity SN = 7809
* System UpLoad Time = Jun 11 2021 19:33:50
* <ApplicationData>
* <Seaterm232>
# nquan = 16
# nvalues = 3787                        
# units = specified
# name 0 = depFM: Depth [fresh water, m]
# name 1 = dz/dtM: Descent Rate [m/s]
# name 2 = orp: Oxidation Reduction Potential [mV]
# name 3 = sbeox0Mg/L: Oxygen, SBE 43 [mg/l]
# name 4 = sbeox0PS: Oxygen, SBE 43 [% saturation]
# name 5 = par/sat/log: PAR/Logarithmic, Satlantic
# name 6 = ph: pH
# name 7 = specc: Specific Conductance [uS/cm]
# name 8 = c0uS/cm: Conductivity [uS/cm]
# name 9 = flECO-AFL: Fluorescence, WET Labs ECO-AFL/FL [mg/m^3]
# name 10 = turbWETntu0: Turbidity, WET Labs ECO [NTU]
# name 11 = tv290C: Temperature [ITS-90, deg C]
# name 12 = density00: Density [density, kg/m^3]
# name 13 = prdE: Pressure, Strain Gauge [psi]
# name 14 = prdM: Pressure, Strain Gauge [db]
# name 15 = flag:  0.000e+00
# span 0 =     -0.712,      9.730       
# span 1 =     -0.381,      0.227       
# span 2 =  -605.8580,   277.0360       
# span 3 =     0.7150,    13.4703       
# span 4 =      6.265,    162.276       
# span 5 = 1.2340e-01, 1.9124e+03       
# span 6 =     15.596,     16.111       
# span 7 =      1.598,    330.933       
# span 8 =   1.670804, 222.694436       
# span 9 =    -1.4953,     5.4301       
# span 10 =    -0.9235,   178.1414      
# span 11 =     8.5413,    28.1629      
# span 12 =   996.2081,   999.9742      
# span 13 =     -1.012,     13.840      
# span 14 =     -0.698,      9.543      
# span 15 = 0.0000e+00, 0.0000e+00      
# interval = seconds: 0.25
# start_time = Jun 11 2021 00:07:20 [Instrument's time stamp, header]
# bad_flag = -9.990e-29
*END*
[from data line 3164]
      5.241      0.004    28.4190     1.4671     12.586 1.4459e-01     16.053     53.526  36.259903    -0.2821     1.5454     8.8742   999.8379      7.457      5.141 0.0000e+00
      5.241      0.002    28.3245     1.4563     12.590 1.4474e-01     16.053     53.207  36.043294    -0.2772     1.5909     8.8776   999.8377      7.453      5.138 0.0000e+00
      5.241      0.001    28.4904     1.4437     12.610 1.4324e-01     16.052     52.967  35.882911    -0.2749     1.6432     8.8759   999.8378      7.454      5.140 0.0000e+00
      5.241      0.000    28.9627     1.4590     12.638 1.3979e-01     16.051     52.621  35.653405    -0.2734     1.6286     8.8716   999.8380      7.456      5.141 0.0000e+00
      5.241 -4.592e-08    29.2170     1.4603     12.678 1.4284e-01     16.051     52.181  35.362520    -0.2781     1.5862     8.8679   999.8381      7.454      5.139 0.0000e+00
      5.241 -5.051e-07    29.2419     1.4584     12.739 1.5528e-01     16.051     51.771  35.094615    -0.2934     1.5763     8.8674   999.8380      7.455      5.140 0.0000e+00
      5.241      0.000    29.0921     1.4616     12.725 1.5946e-01     16.051     51.359  34.825605    -0.2961     1.6465     8.8702   999.8378      7.456      5.140 0.0000e+00
      5.241      0.000    28.7817     1.4661     12.618 1.6440e-01     16.051     51.081  34.648250    -0.3014     2.0577     8.8750   999.8374      7.455      5.140 0.0000e+00
      5.242     -0.001    28.8445     1.4653     12.539 1.6573e-01     16.050     50.898  34.536671    -0.3290     2.7712     8.8821   999.8366      7.456      5.141 0.0000e+00
      5.242     -0.002    29.1634     1.4811     12.559 1.4824e-01     16.050     50.625  34.364909    -0.3441     3.2010     8.8914   999.8359      7.457      5.141 0.0000e+00
      5.241     -0.006    29.2814     1.4804     12.646 1.4115e-01     16.050     50.487  34.284808    -0.3501     3.2380     8.9016   999.8350      7.455      5.140 0.0000e+00
      5.241     -0.015    29.3253     1.4588     12.721 1.4388e-01     16.050     50.720  34.456575    -0.3537     3.1486     8.9125   999.8340      7.455      5.140 0.0000e+00
      5.239     -0.028    29.2639     1.4470     12.697 1.4317e-01     16.049     51.198  34.791886    -0.3500     3.0131     8.9246   999.8331      7.453      5.139 0.0000e+00
      5.234     -0.046    29.1413     1.4509     12.599 1.4916e-01     16.048     51.645  35.102764    -0.3527     2.9049     8.9379   999.8319      7.447      5.134 0.0000e+00
      5.223     -0.066    29.2199     1.4632     12.512 1.6009e-01     16.048     51.834  35.232884    -0.3575     2.8704     8.9523   999.8308      7.434      5.126 0.0000e+00
      5.203     -0.088    29.4391     1.4771     12.472 1.6385e-01     16.049     51.728  35.159461    -0.3506     2.6640     8.9662   999.8298      7.405      5.106 0.0000e+00
      5.174     -0.110    29.5542     1.4730     12.495 1.5804e-01     16.049     51.463  34.976510    -0.3366     2.1951     8.9772   999.8290      7.360      5.075 0.0000e+00
      5.141     -0.130    29.5800     1.4537     12.536 1.5569e-01     16.049     51.295  34.861112    -0.3401     1.8701     8.9839   999.8286      7.313      5.042 0.0000e+00
      5.105     -0.145    29.6648     1.4471     12.591 1.6282e-01     16.049     51.267  34.842975    -0.3556     1.7904     8.9851   999.8284      7.264      5.009 0.0000e+00
      5.064     -0.151    29.8059     1.4362     12.615 1.7247e-01     16.048     51.137  34.757218    -0.3424     1.7119     8.9824   999.8283      7.205      4.967 0.0000e+00
      5.021     -0.143    29.9091     1.4472     12.548 1.7381e-01     16.048     50.972  34.649177    -0.2952     1.6077     8.9791   999.8282      7.141      4.923 0.0000e+00
      4.976     -0.123    29.9661     1.4474     12.444 1.7735e-01     16.047     50.914  34.615429    -0.2615     1.5957     8.9778   999.8280      7.080      4.882 0.0000e+00
      4.934     -0.095    30.1515     1.4560     12.410 1.8705e-01     16.046     50.888  34.602999    -0.2695     1.6342     8.9793   999.8278      7.011      4.833 0.0000e+00
      4.907     -0.065    30.5149     1.4665     12.550 1.9276e-01     16.046     50.913  34.625800    -0.2961     1.6271     8.9820   999.8273      6.960      4.798 0.0000e+00
      4.908     -0.035    30.8324     1.4492     12.687 2.0213e-01     16.047     51.109  34.764218    -0.3056     1.6121     8.9859   999.8270      6.974      4.808 0.0000e+00
      4.921     -0.010    30.7206     1.4408     12.710 2.0518e-01     16.048     51.368  34.944004    -0.2891     1.5905     8.9916   999.8267      7.008      4.832 0.0000e+00
      4.926      0.006    30.3681     1.4195     12.737 1.9573e-01     16.048     51.481  35.022794    -0.2691     1.5724     8.9974   999.8262      7.007      4.831 0.0000e+00
      4.926      0.011    30.3559     1.4522     12.719 1.8298e-01     16.048     51.476  35.018834    -0.2645     1.5995     9.0026   999.8257      7.002      4.828 0.0000e+00
      4.928      0.008    30.4879     1.4777     12.679 1.7176e-01     16.048     51.484  35.023034    -0.2713     1.6097     9.0079   999.8255      7.011      4.835 0.0000e+00
      4.928      0.003    30.5006     1.4601     12.659 1.7886e-01     16.047     51.562  35.073572    -0.2750     1.5917     9.0119   999.8254      7.011      4.833 0.0000e+00
      4.928      0.002    30.5953     1.4787     12.645 1.8997e-01     16.047     51.638  35.122227    -0.2706     1.5887     9.0136   999.8252      7.007      4.832 0.0000e+00
      4.928      0.002    30.6005     1.4699     12.712 1.8433e-01     16.048     51.617  35.103650    -0.2660     1.6068     9.0130   999.8253      7.011      4.834 0.0000e+00
      4.928      0.002    30.3063     1.4614     12.814 1.8050e-01     16.049     51.437  34.975865    -0.2761     1.6740     9.0111   999.8254      7.010      4.833 0.0000e+00
      4.929      0.002    30.1351     1.4672     12.862 1.8119e-01     16.049     51.157  34.782879    -0.2877     1.7825     9.0093   999.8256      7.009      4.832 0.0000e+00
      4.930      0.002    30.2509     1.4539     12.872 1.8695e-01     16.049     50.995  34.673981    -0.2822     1.8553     9.0066   999.8258      7.012      4.834 0.0000e+00
      4.931      0.002    30.5018     1.4673     12.822 1.9421e-01     16.048     50.896  34.611053    -0.2774     1.8672     9.0018   999.8262      7.014      4.836 0.0000e+00
      4.931      0.002    30.7593     1.4867     12.744 1.9274e-01     16.047     50.677  34.466208    -0.2773     1.9954     8.9962   999.8266      7.014      4.836 0.0000e+00
      4.931      0.002    30.6116     1.4854     12.718 1.9525e-01     16.047     50.454  34.318717    -0.2812     2.2714     8.9927   999.8267      7.014      4.836 0.0000e+00
      4.932      0.001    30.2642     1.4919     12.757 1.9282e-01     16.047     50.308  34.223778    -0.2862     2.4919     8.9943   999.8265      7.016      4.837 0.0000e+00
      4.932      0.001    30.2589     1.4846     12.851 1.8432e-01     16.046     50.180  34.143240    -0.2797     2.6366     8.9999   999.8261      7.016      4.837 0.0000e+00
      4.932      0.001    30.4609     1.4678     12.911 1.8572e-01     16.046     50.019  34.042949    -0.2794     2.8876     9.0046   999.8256      7.015      4.837 0.0000e+00
      4.933      0.001    30.5566     1.4693     12.881 1.8293e-01     16.046     49.789  33.899537    -0.2926     3.2273     9.0074   999.8254      7.016      4.837 0.0000e+00
      4.933      0.001    30.5558     1.4692     12.822 1.7922e-01     16.045     49.625  33.805274    -0.2952     3.4129     9.0113   999.8250      7.017      4.838 0.0000e+00
      4.933      0.001    30.6225     1.4869     12.790 1.8315e-01     16.045     49.673  33.855048    -0.2831     3.4489     9.0181   999.8244      7.017      4.838 0.0000e+00
      4.933      0.001    30.6746     1.4975     12.827 1.8191e-01     16.044     49.763  33.930279    -0.2510     3.4227     9.0262   999.8238      7.017      4.838 0.0000e+00
      4.933      0.001    30.5842     1.4867     12.888 1.7998e-01     16.044     49.692  33.889998    -0.2129     3.3707     9.0392   999.8227      7.017      4.838 0.0000e+00
      4.934      0.001    30.5624     1.4804     12.899 1.8021e-01     16.044     49.572  33.812193    -0.2035     3.3693     9.0586   999.8212      7.017      4.838 0.0000e+00
      4.935      0.001    30.6686     1.4710     12.879 1.8220e-01     16.044     49.572  33.814453    -0.2044     3.4067     9.0772   999.8199      7.019      4.839 0.0000e+00
      4.935      0.000    30.8365     1.4774     12.829 1.8800e-01     16.044     49.720  33.917325    -0.2035     3.4100     9.0921   999.8188      7.019      4.839 0.0000e+00
      4.934     -0.003    31.0426     1.4909     12.779 1.8765e-01     16.044     49.899  34.040748    -0.2025     3.0656     9.0995   999.8182      7.018      4.839 0.0000e+00
      4.934     -0.009    31.0961     1.4864     12.792 1.8913e-01     16.044     49.989  34.101125    -0.1922     2.4021     9.1018   999.8180      7.018      4.839 0.0000e+00
      4.934     -0.020    31.0536     1.4867     12.833 2.0220e-01     16.044     50.049  34.139696    -0.1937     2.0478     9.1039   999.8178      7.018      4.839 0.0000e+00
      4.931     -0.037    31.0444     1.4809     12.890 2.1349e-01     16.044     50.127  34.189829    -0.2019     2.0432     9.1064   999.8177      7.015      4.837 0.0000e+00
      4.924     -0.060    31.0710     1.4674     12.956 2.1152e-01     16.044     50.146  34.199649    -0.2144     2.0373     9.1079   999.8176      7.008      4.832 0.0000e+00
      4.909     -0.086    31.2888     1.4755     12.965 2.0326e-01     16.044     50.050  34.131511    -0.2405     2.0115     9.1061   999.8177      6.989      4.819 0.0000e+00
      4.884     -0.112    31.6138     1.4790     12.918 1.9689e-01     16.045     49.860  34.000522    -0.2604     2.0051     9.1038   999.8178      6.953      4.794 0.0000e+00
      4.847     -0.136    31.7303     1.4839     12.881 1.9909e-01     16.045     49.595  33.821507    -0.2827     2.0290     9.1014   999.8178      6.897      4.755 0.0000e+00
      4.802     -0.152    31.7513     1.4980     12.882 2.1367e-01     16.044     49.288  33.616867    -0.2999     2.1286     9.0978   999.8179      6.830      4.709 0.0000e+00
      4.756     -0.157    31.7809     1.4982     12.910 2.2041e-01     16.044     49.001  33.429851    -0.2966     2.2484     9.0940   999.8179      6.763      4.663 0.0000e+00
      4.711     -0.145    31.7441     1.4883     12.933 2.2472e-01     16.044     48.660  33.210093    -0.2916     2.2764     9.0926   999.8178      6.699      4.620 0.0000e+00
      4.668     -0.118    31.9951     1.4839     12.946 2.4212e-01     16.044     48.314  32.990266    -0.2871     2.2599     9.0946   999.8173      6.638      4.577 0.0000e+00
      4.631     -0.083    32.5790     1.4837     12.949 2.5439e-01     16.044     48.195  32.929320    -0.2609     2.1869     9.0994   999.8166      6.580      4.537 0.0000e+00
      4.609     -0.050    32.9536     1.4889     12.925 2.4788e-01     16.042     48.143  32.917386    -0.2128     2.0119     9.1080   999.8157      6.539      4.509 0.0000e+00
      4.613     -0.020    32.9964     1.4911     12.903 2.3418e-01     16.041     48.005  32.845997    -0.1925     1.8611     9.1214   999.8147      6.551      4.517 0.0000e+00
      4.632      0.003    32.8382     1.4906     12.882 2.3281e-01     16.041     47.949  32.827587    -0.2151     1.8052     9.1374   999.8134      6.596      4.549 0.0000e+00
      4.642      0.016    32.6762     1.4937     12.860 2.4270e-01     16.040     47.916  32.821723    -0.2287     1.8158     9.1586   999.8119      6.610      4.557 0.0000e+00
      4.643      0.018    32.8442     1.4862     12.895 2.4691e-01     16.039     47.828  32.775112    -0.2141     1.8518     9.1852   999.8098      6.599      4.550 0.0000e+00
      4.644      0.013    33.2341     1.4835     12.952 2.4432e-01     16.039     47.807  32.771641    -0.2004     1.8629     9.2102   999.8077      6.605      4.555 0.0000e+00
      4.646      0.006    33.5192     1.4825     12.961 2.4642e-01     16.039     47.807  32.779761    -0.1971     1.8478     9.2312   999.8062      6.611      4.558 0.0000e+00
      4.646      0.002    33.6238     1.4739     12.986 2.4978e-01     16.038     47.749  32.746399    -0.2030     1.8404     9.2485   999.8048      6.607      4.555 0.0000e+00
      4.647      0.002    33.6381     1.4784     13.013 2.4955e-01     16.038     47.746  32.748969    -0.2233     2.0138     9.2623   999.8037      6.609      4.557 0.0000e+00
      4.647      0.001    33.6065     1.4935     12.996 2.4445e-01     16.038     47.831  32.810836    -0.2515     2.3308     9.2739   999.8028      6.611      4.558 0.0000e+00
      4.647      0.001    33.4999     1.4848     13.004 2.3804e-01     16.038     47.899  32.859930    -0.2684     2.4808     9.2827   999.8021      6.609      4.556 0.0000e+00
      4.647      0.001    33.3812     1.4888     12.989 2.4118e-01     16.038     47.862  32.834958    -0.2747     2.5225     9.2886   999.8016      6.610      4.557 0.0000e+00
      4.647      0.001    33.3763     1.5006     12.966 2.4692e-01     16.038     47.757  32.762704    -0.2801     2.5261     9.2927   999.8013      6.610      4.557 0.0000e+00
      4.647      0.001    33.5266     1.4849     13.002 2.3952e-01     16.037     47.734  32.747727    -0.2767     2.4552     9.2966   999.8010      6.610      4.557 0.0000e+00
      4.648      0.002    33.7361     1.4959     13.007 2.3104e-01     16.036     47.779  32.780765    -0.2715     2.3877     9.2996   999.8008      6.611      4.558 0.0000e+00
      4.648      0.002    33.8449     1.4931     12.972 2.2828e-01     16.036     47.778  32.781462    -0.2744     2.3274     9.2996   999.8008      6.610      4.558 0.0000e+00
      4.649      0.003    33.7239     1.4801     12.948 2.2675e-01     16.036     47.739  32.756155    -0.2836     2.3777     9.2988   999.8008      6.611      4.558 0.0000e+00
      4.650      0.003    33.5629     1.4972     12.943 2.4008e-01     16.037     47.695  32.728588    -0.2867     2.5502     9.3001   999.8007      6.614      4.560 0.0000e+00
      4.651      0.002    33.7052     1.4940     12.967 2.5892e-01     16.037     47.651  32.701948    -0.2741     2.6620     9.3027   999.8006      6.616      4.562 0.0000e+00
      4.651      0.002    33.9814     1.4871     13.017 2.6166e-01     16.037     47.625  32.687866    -0.2647     2.6651     9.3036   999.8005      6.616      4.561 0.0000e+00
      4.651      0.002    34.1492     1.4854     13.068 2.4764e-01     16.036     47.616  32.685226    -0.2591     2.6226     9.3043   999.8004      6.616      4.561 0.0000e+00
      4.652      0.001    34.1853     1.4833     13.095 2.3343e-01     16.036     47.590  32.670030    -0.2354     2.5939     9.3074   999.8001      6.617      4.562 0.0000e+00
      4.652      0.001    33.9016     1.4869     13.118 2.3038e-01     16.036     47.530  32.631038    -0.2069     2.5923     9.3121   999.7998      6.617      4.562 0.0000e+00
      4.653      0.001    33.5588     1.4923     13.139 2.3792e-01     16.036     47.474  32.594478    -0.1902     2.6038     9.3164   999.7995      6.618      4.563 0.0000e+00
      4.653      0.000    33.5680     1.5015     13.180 2.4745e-01     16.036     47.490  32.608695    -0.1765     2.6644     9.3196   999.7992      6.618      4.563 0.0000e+00
      4.653      0.000    33.5823     1.5010     13.252 2.4898e-01     16.036     47.583  32.676039    -0.1659     2.7756     9.3219   999.7990      6.617      4.562 0.0000e+00
      4.653      0.000    33.6459     1.5045     13.267 2.4246e-01     16.036     47.723  32.774220    -0.1577     2.8486     9.3238   999.7988      6.618      4.563 0.0000e+00
      4.653      0.001    33.9933     1.5077     13.239 2.3009e-01     16.037     47.918  32.907494    -0.1436     2.8264     9.3268   999.7985      6.617      4.562 0.0000e+00
