Data/DataNotYetUploadedToEDI/Raw_CTD/RawDownloads/061126_ccr88_S8188016.cnv
* Sea-Bird SBE19plus  Data File:
* FileName = C:\R\Reservoirs\Data\DataNotYetUploadedToEDI\Raw_CTD\RawDownloads\062526_ccr50_S8188_0016.hex
* Software version 2.8.0.119
* Temperature SN = 8188
* Conductivity SN = 8188
* System UpLoad Time = Jun 29 2026 18:14:22
* <ApplicationData>
* <Seaterm232>
# nquan = 16
# nvalues = 2750                        
# units = specified
# name 0 = depFM: Depth [fresh water, m]
# name 1 = dz/dtM: Descent Rate [m/s]
# name 2 = sbeox0Mg/L: Oxygen, SBE 43 [mg/l]
# name 3 = sbeox0PS: Oxygen, SBE 43 [% saturation]
# name 4 = specc: Specific Conductance [uS/cm]
# name 5 = c0uS/cm: Conductivity [uS/cm]
# name 6 = wetCDOM: Fluorescence, WET Labs CDOM [mg/m^3]
# name 7 = flECO-AFL: Fluorescence, WET Labs ECO-AFL/FL [mg/m^3]
# name 8 = flECO-AFL1: Fluorescence, WET Labs ECO-AFL/FL, 2 [mg/m^3]
# name 9 = flECO-AFL2: Fluorescence, WET Labs ECO-AFL/FL, 3 [mg/m^3]
# name 10 = par/sat/log: PAR/Logarithmic, Satlantic
# name 11 = turbWETntu0: Turbidity, WET Labs ECO [NTU]
# name 12 = prdM: Pressure, Strain Gauge [db]
# name 13 = prdE: Pressure, Strain Gauge [psi]
# name 14 = tv290C: Temperature [ITS-90, deg C]
# name 15 = flag:  0.000e+00
# span 0 =     -0.466,      8.477       
# span 1 =     -0.195,      0.177       
# span 2 =     3.9410,    10.9616       
# span 3 =     37.051,    106.996       
# span 4 =   -629.401,    164.045       
# span 5 =-474.235968, 158.045256       
# span 6 =    -4.5000,    26.4600       
# span 7 =    -0.8530,   126.4111       
# span 8 =    -2.1300,     2.7264       
# span 9 =    -2.0304,    17.3007       
# span 10 = 4.5284e+00, 6.2828e+03      
# span 11 =   -10.2647,   587.7536      
# span 12 =     -0.457,      8.314      
# span 13 =     -0.663,     12.057      
# span 14 =    12.4874,    31.6250      
# span 15 = 0.0000e+00, 0.0000e+00      
# interval = seconds: 0.25
# start_time = Jun 11 2026 10:50:52 [Instrument's time stamp, header]
# bad_flag = -9.990e-29
*END*
[from data line 1808]
      6.620      0.018    10.3017     97.244    144.552 109.837015    15.7500     2.5879     0.0852     0.4653 3.5615e+01     1.2615      6.492      9.416    12.9940 0.0000e+00
      6.625      0.018    10.2860     97.123    144.567 109.840457    15.7500     2.5727     0.0852     0.4653 3.5553e+01     1.3220      6.497      9.423    12.9933 0.0000e+00
      6.629      0.017    10.2717     97.022    144.582 109.843043    15.7500     2.5879     0.0852     0.4653 3.5630e+01     1.2918      6.501      9.429    12.9926 0.0000e+00
      6.634      0.017    10.2580     96.944    144.590 109.841465    15.7500     2.5879     0.0852     0.4653 3.5475e+01     1.2464      6.506      9.435    12.9911 0.0000e+00
      6.638      0.017    10.2447     96.896    144.592 109.837301    15.7500     2.5841     0.0852     0.4653 3.5437e+01     1.3673      6.510      9.441    12.9890 0.0000e+00
      6.642      0.017    10.2326     96.874    144.606 109.839438    15.7500     2.5727     0.0852     0.4230 3.5491e+01     1.2918      6.514      9.447    12.9863 0.0000e+00
      6.646      0.018    10.2226     96.852    144.621 109.838448    15.7500     2.5651     0.0852     0.4230 3.5375e+01     1.3220      6.518      9.453    12.9834 0.0000e+00
      6.651      0.018    10.2149     96.801    144.626 109.828068    15.7500     2.5269     0.0852     0.4230 3.5299e+01     1.0500      6.523      9.460    12.9808 0.0000e+00
      6.656      0.018    10.2104     96.706    144.625 109.813527    15.7500     2.5460     0.0852     0.4230 3.4993e+01     1.0047      6.527      9.467    12.9786 0.0000e+00
      6.661      0.019    10.2087     96.564    144.623 109.798945    15.7500     2.5307     0.0426     0.5499 3.5016e+01     1.0954      6.532      9.474    12.9758 0.0000e+00
      6.666      0.019    10.2074     96.369    144.627 109.790430    15.7500     2.5155     0.0426     0.5499 3.4902e+01     1.1256      6.537      9.481    12.9716 0.0000e+00
      6.671      0.019    10.2032     96.119    144.643 109.791709    15.7500     2.4163     0.0426     0.5499 3.4766e+01     1.3069      6.542      9.488    12.9666 0.0000e+00
      6.675      0.020    10.1943     95.831    144.661 109.797125    15.7500     2.3896     0.0426     0.5499 3.4668e+01     1.3371      6.546      9.495    12.9617 0.0000e+00
      6.680      0.020    10.1803     95.530    144.676 109.802122    15.7500     2.4010     0.0852     0.5076 3.4638e+01     1.2615      6.551      9.502    12.9573 0.0000e+00
      6.685      0.020    10.1606     95.237    144.697 109.812032    15.7500     2.4125     0.0852     0.5076 3.4375e+01     1.2918      6.556      9.509    12.9532 0.0000e+00
      6.691      0.019    10.1351     94.960    144.723 109.825499    15.7500     2.3438     0.0852     0.5076 3.4226e+01     1.2615      6.561      9.516    12.9496 0.0000e+00
      6.696      0.019    10.1054     94.696    144.737 109.830119    15.7500     2.3171     0.0852     0.5076 3.4174e+01     1.3220      6.566      9.524    12.9467 0.0000e+00
      6.700      0.019    10.0742     94.436    144.737 109.823124    15.7500     2.3552     0.0852     0.5076 3.4100e+01     1.2766      6.571      9.530    12.9445 0.0000e+00
      6.705      0.018    10.0438     94.177    144.731 109.810648    15.7500     2.3362     0.0852     0.4653 3.4048e+01     1.3220      6.575      9.537    12.9425 0.0000e+00
      6.710      0.018    10.0150     93.922    144.725 109.799359    15.7500     2.2675     0.0852     0.4653 3.3871e+01     1.3069      6.580      9.543    12.9403 0.0000e+00
      6.714      0.017     9.9876     93.680    144.732 109.798243    15.7500     2.2637     0.0852     0.4653 3.3915e+01     1.2918      6.584      9.549    12.9381 0.0000e+00
      6.718      0.017     9.9607     93.462    144.750 109.807003    15.7500     2.2828     0.0852     0.4653 3.3856e+01     1.3673      6.588      9.555    12.9357 0.0000e+00
      6.722      0.016     9.9340     93.286    144.757 109.807979    15.8400     2.2866     0.0426     0.4653 3.3739e+01     1.3220      6.592      9.561    12.9330 0.0000e+00
      6.726      0.016     9.9077     93.161    144.744 109.793436    15.8400     2.2141     0.0426     0.4653 3.3724e+01     1.0652      6.596      9.567    12.9305 0.0000e+00
      6.731      0.016     9.8825     93.085    144.732 109.779488    15.8400     2.2255     0.0426     0.4653 3.3680e+01     1.0652      6.600      9.573    12.9284 0.0000e+00
      6.735      0.016     9.8599     93.040    144.728 109.770414    15.8400     2.2217     0.0426     0.4653 3.3600e+01     1.0954      6.604      9.579    12.9267 0.0000e+00
      6.739      0.016     9.8417     93.006    144.730 109.765793    15.8400     2.2141     0.0852     0.5076 3.3534e+01     1.0349      6.609      9.585    12.9252 0.0000e+00
      6.743      0.016     9.8289     92.961    144.754 109.778389    15.8400     2.2370     0.0852     0.5076 3.3410e+01     1.0198      6.613      9.591    12.9237 0.0000e+00
      6.747      0.016     9.8213     92.886    144.800 109.807560    15.8400     2.2141     0.0852     0.5076 3.3302e+01     1.0047      6.617      9.597    12.9220 0.0000e+00
      6.751      0.016     9.8170     92.782    144.839 109.833095    15.8400     2.2217     0.0852     0.5076 3.3352e+01     1.0652      6.621      9.602    12.9200 0.0000e+00
      6.755      0.016     9.8139     92.667    144.853 109.839808    15.7500     2.2408     0.0852     0.4653 3.3273e+01     1.0349      6.625      9.608    12.9179 0.0000e+00
      6.759      0.016     9.8095     92.570    144.851 109.833490    15.7500     2.1607     0.0852     0.4653 3.3244e+01     1.0954      6.628      9.614    12.9158 0.0000e+00
      6.763      0.016     9.8021     92.534    144.841 109.820452    15.7500     2.1645     0.0852     0.4653 3.3229e+01     1.0198      6.632      9.619    12.9140 0.0000e+00
      6.767      0.016     9.7914     92.586    144.828 109.805216    15.7500     2.1645     0.0852     0.4653 3.3157e+01     1.0198      6.636      9.625    12.9124 0.0000e+00
      6.771      0.016     9.7795     92.724    144.818 109.791715    15.7500     2.1454     0.0852     0.4653 3.3049e+01     1.0198      6.640      9.630    12.9110 0.0000e+00
      6.775      0.016     9.7696     92.937    144.805 109.776350    15.8400     2.1721     0.0852     0.5076 3.3114e+01     0.9745      6.644      9.636    12.9095 0.0000e+00
      6.779      0.016     9.7662     93.212    144.791 109.761020    15.8400     2.1492     0.0852     0.5076 3.3049e+01     1.0500      6.648      9.642    12.9077 0.0000e+00
      6.783      0.017     9.7722     93.523    144.774 109.743637    15.8400     2.1607     0.0852     0.5076 3.2920e+01     1.1860      6.652      9.648    12.9057 0.0000e+00
      6.788      0.017     9.7872     93.832    144.753 109.723565    15.8400     2.1416     0.0852     0.5076 3.2835e+01     1.0500      6.657      9.654    12.9037 0.0000e+00
      6.792      0.018     9.8100     94.098    144.744 109.713444    15.8400     2.1378     0.0852     0.3807 3.2849e+01     1.0198      6.661      9.661    12.9018 0.0000e+00
      6.797      0.019     9.8394     94.292    144.740 109.706578    15.8400     2.1569     0.0852     0.3807 3.2806e+01     1.0349      6.666      9.667    12.9002 0.0000e+00
      6.802      0.020     9.8727     94.407    144.724 109.691138    15.8400     2.1683     0.0852     0.3807 3.2714e+01     1.0500      6.670      9.674    12.8986 0.0000e+00
      6.807      0.021     9.9056     94.461    144.705 109.673004    15.8400     2.1721     0.0852     0.3807 3.2614e+01     1.0349      6.675      9.682    12.8972 0.0000e+00
      6.812      0.022     9.9340     94.476    144.691 109.657336    15.8400     2.2332     0.0852     0.4653 3.2600e+01     0.9896      6.680      9.689    12.8959 0.0000e+00
      6.818      0.022     9.9547     94.475    144.680 109.641957    15.8400     2.2103     0.0852     0.4653 3.2459e+01     1.0652      6.686      9.697    12.8948 0.0000e+00
      6.824      0.023     9.9671     94.479    144.667 109.624763    15.8400     2.1912     0.0852     0.4653 3.2199e+01     1.0652      6.692      9.706    12.8937 0.0000e+00
      6.830      0.024     9.9731     94.505    144.659 109.611167    15.8400     2.2179     0.0852     0.4653 3.2094e+01     1.1407      6.698      9.714    12.8924 0.0000e+00
      6.836      0.024     9.9750     94.565    144.653 109.599541    15.8400     2.2942     0.0852     0.4653 3.2003e+01     1.0652      6.704      9.723    12.8906 0.0000e+00
      6.842      0.023     9.9754     94.658    144.649 109.590785    15.8400     2.2866     0.0852     0.3384 3.1851e+01     1.0500      6.710      9.732    12.8882 0.0000e+00
      6.848      0.023     9.9764     94.782    144.656 109.590560    15.8400     2.2713     0.0852     0.3384 3.1795e+01     0.9443      6.716      9.740    12.8855 0.0000e+00
      6.854      0.023     9.9798     94.930    144.666 109.594806    15.8400     2.2789     0.0852     0.3384 3.1823e+01     0.9443      6.721      9.748    12.8830 0.0000e+00
      6.859      0.023     9.9865     95.091    144.673 109.596661    15.8400     2.2027     0.0852     0.3384 3.1713e+01     1.0198      6.727      9.756    12.8806 0.0000e+00
      6.865      0.023     9.9969     95.234    144.675 109.592618    15.8400     2.2027     0.0852     0.3807 3.1575e+01     1.0500      6.733      9.765    12.8785 0.0000e+00
      6.871      0.023    10.0104     95.334    144.674 109.585599    15.8400     2.2217     0.0852     0.3807 3.1561e+01     1.0198      6.738      9.773    12.8767 0.0000e+00
      6.877      0.023    10.0264     95.376    144.684 109.589725    15.8400     2.2141     0.0852     0.3807 3.1370e+01     1.0349      6.744      9.782    12.8755 0.0000e+00
      6.883      0.023    10.0436     95.355    144.694 109.596100    15.8400     2.1569     0.0852     0.3807 3.1085e+01     0.9141      6.750      9.791    12.8743 0.0000e+00
      6.889      0.022    10.0592     95.278    144.681 109.588430    15.8400     2.1683     0.0852     0.3807 3.1004e+01     1.1105      6.756      9.799    12.8724 0.0000e+00
      6.895      0.021    10.0703     95.165    144.668 109.582664    15.8400     2.1721     0.0852     0.3807 3.0903e+01     1.1105      6.762      9.807    12.8703 0.0000e+00
      6.900      0.020    10.0750     95.045    144.669 109.587261    15.8400     2.1225     0.0852     0.3807 3.1017e+01     1.0954      6.767      9.814    12.8690 0.0000e+00
      6.905      0.019    10.0728     94.947    144.677 109.595451    15.8400     2.2217     0.0852     0.3807 3.1038e+01     1.1256      6.771      9.821    12.8686 0.0000e+00
      6.909      0.019    10.0646     94.890    144.673 109.593421    15.8400     2.2255     0.0852     0.3807 3.1031e+01     1.0954      6.776      9.827    12.8694 0.0000e+00
      6.914      0.019    10.0523     94.877    144.654 109.580632    15.8400     2.2103     0.0852     0.3807 3.1098e+01     1.0047      6.780      9.834    12.8709 0.0000e+00
      6.919      0.020    10.0393     94.905    144.637 109.569668    15.8400     2.2217     0.0852     0.3807 3.0876e+01     0.9594      6.785      9.841    12.8722 0.0000e+00
      6.924      0.021    10.0288     94.961    144.620 109.557604    15.8400     2.2637     0.0852     0.3807 3.0756e+01     1.2313      6.790      9.848    12.8730 0.0000e+00
      6.929      0.022    10.0226     95.032    144.597 109.537226    15.8400     2.2522     0.0852     0.3807 3.0769e+01     1.3220      6.795      9.855    12.8733 0.0000e+00
      6.935      0.022    10.0212     95.097    144.574 109.511097    15.9300     2.2713     0.1278     0.4230 3.0656e+01     1.2615      6.801      9.863    12.8737 0.0000e+00
      6.940      0.023    10.0240     95.128    144.562 109.488244    15.9300     2.2866     0.1278     0.4230 3.0602e+01     1.3522      6.806      9.871    12.8743 0.0000e+00
      6.946      0.024    10.0299     95.101    144.555 109.466571    15.9300     2.2904     0.1278     0.4230 3.0503e+01     1.0652      6.812      9.880    12.8746 0.0000e+00
      6.953      0.025    10.0375     95.005    144.549 109.444296    15.9300     2.2637     0.1278     0.4230 3.0278e+01     1.0652      6.818      9.889    12.8736 0.0000e+00
      6.959      0.025    10.0450     94.832    144.576 109.443470    15.9300     2.3171     0.0852     0.2115 3.0265e+01     1.1105      6.824      9.898    12.8707 0.0000e+00
      6.966      0.026    10.0494     94.595    144.633 109.463870    15.9300     2.2942     0.0852     0.2115 3.0121e+01     1.1256      6.831      9.907    12.8660 0.0000e+00
      6.972      0.026    10.0479     94.322    144.675 109.474949    15.9300     2.3247     0.0852     0.2115 2.9984e+01     1.0500      6.837      9.917    12.8604 0.0000e+00
      6.979      0.026    10.0391     94.044    144.696 109.475660    15.9300     2.3362     0.0852     0.2115 2.9673e+01     1.0047      6.844      9.926    12.8541 0.0000e+00
      6.986      0.026    10.0225     93.788    144.722 109.486186    15.9300     2.3552     0.0852     0.2961 2.9576e+01     1.0954      6.851      9.936    12.8468 0.0000e+00
      6.993      0.026     9.9992     93.576    144.754 109.505335    15.9300     2.3400     0.0852     0.2961 2.9480e+01     1.0349      6.857      9.946    12.8389 0.0000e+00
      6.999      0.026     9.9719     93.423    144.777 109.518220    15.9300     2.2751     0.0852     0.2961 2.9371e+01     1.1105      6.864      9.955    12.8316 0.0000e+00
      7.006      0.025     9.9437     93.329    144.789 109.520279    15.9300     2.2599     0.0852     0.2961 2.9301e+01     1.0198      6.870      9.964    12.8264 0.0000e+00
      7.012      0.025     9.9173     93.279    144.786 109.508065    15.9300     2.2751     0.0852     0.2961 2.9136e+01     1.0047      6.876      9.973    12.8233 0.0000e+00
      7.018      0.026     9.8953     93.239    144.778 109.486316    15.9300     2.2789     0.0852     0.3807 2.9212e+01     1.0047      6.883      9.982    12.8215 0.0000e+00
      7.025      0.026     9.8795     93.184    144.780 109.469225    15.9300     2.2561     0.0852     0.3807 2.9054e+01     1.0954      6.889      9.991    12.8199 0.0000e+00
      7.031      0.026     9.8701     93.119    144.784 109.456232    15.9300     2.2942     0.0852     0.3807 2.8840e+01     1.0652      6.895     10.000    12.8176 0.0000e+00
      7.038      0.026     9.8655     93.069    144.777 109.439873    15.9300     2.2866     0.0852     0.3807 2.8615e+01     1.1256      6.902     10.010    12.8140 0.0000e+00
      7.045      0.025     9.8625     93.048    144.772 109.431779    15.8400     2.2866     0.0852     0.4653 2.8287e+01     1.0349      6.909     10.020    12.8086 0.0000e+00
      7.052      0.024     9.8581     93.049    144.788 109.445788    15.8400     2.4125     0.0852     0.4653 2.8067e+01     1.1407      6.916     10.030    12.8023 0.0000e+00
      7.058      0.023     9.8525     93.059    144.812 109.469641    15.8400     2.4163     0.0852     0.4653 2.8061e+01     1.0652      6.922     10.038    12.7966 0.0000e+00
      7.063      0.021     9.8481     93.062    144.832 109.493704    15.8400     2.4086     0.0852     0.4653 2.8085e+01     1.0954      6.927     10.046    12.7928 0.0000e+00
      7.068      0.020     9.8461     93.050    144.852 109.520394    15.9300     2.4125     0.0852     0.2961 2.8171e+01     1.1407      6.932     10.053    12.7914 0.0000e+00
      7.073      0.020     9.8461     93.016    144.867 109.544834    15.9300     2.2828     0.0852     0.2961 2.8134e+01     0.8386      6.936     10.060    12.7921 0.0000e+00
      7.078      0.020     9.8467     92.953    144.871 109.561545    15.9300     2.2637     0.0852     0.2961 2.8073e+01     0.7932      6.941     10.067    12.7941 0.0000e+00
      7.082      0.020     9.8463     92.859    144.858 109.562989    15.9300     2.3018     0.0852     0.2961 2.8091e+01     0.8386      6.945     10.073    12.7971 0.0000e+00
