Data/DataNotYetUploadedToEDI/Raw_CTD/RawDownloads/061121_fcr50_0002.cnv
* Sea-Bird SBE19plus  Data File:
* FileName = C:\R\Reservoirs\Data\DataNotYetUploadedToEDI\Raw_CTD\RawDownloads\061121_fcr50_0002.hex
* Software version 2.8.0.119
* Temperature SN = 7809
* Conductivity SN = 7809
* System UpLoad Time = Jun 11 2021 19:28:26
* <ApplicationData>
* <Seaterm232>
# nquan = 16
# nvalues = 2868                        
# units = specified
# name 0 = depFM: Depth [fresh water, m]
# name 1 = dz/dtM: Descent Rate [m/s]
# name 2 = orp: Oxidation Reduction Potential [mV]
# name 3 = sbeox0Mg/L: Oxygen, SBE 43 [mg/l]
# name 4 = sbeox0PS: Oxygen, SBE 43 [% saturation]
# name 5 = par/sat/log: PAR/Logarithmic, Satlantic
# name 6 = ph: pH
# name 7 = specc: Specific Conductance [uS/cm]
# name 8 = c0uS/cm: Conductivity [uS/cm]
# name 9 = flECO-AFL: Fluorescence, WET Labs ECO-AFL/FL [mg/m^3]
# name 10 = turbWETntu0: Turbidity, WET Labs ECO [NTU]
# name 11 = tv290C: Temperature [ITS-90, deg C]
# name 12 = density00: Density [density, kg/m^3]
# name 13 = prdE: Pressure, Strain Gauge [psi]
# name 14 = prdM: Pressure, Strain Gauge [db]
# name 15 = flag:  0.000e+00
# span 0 =     -0.694,      9.620       
# span 1 =     -0.178,      0.165       
# span 2 =   -75.1405,   238.8137       
# span 3 =     1.0350,    12.3297       
# span 4 =      8.929,    141.120       
# span 5 = 1.2351e-01, 1.8262e-01       
# span 6 =     15.444,     16.038       
# span 7 =      0.753,    110.484       
# span 8 =   0.692814,  73.627855       
# span 9 =    -1.0242,     6.8081       
# span 10 =    -0.3821,   368.4747      
# span 11 =     8.3162,    26.3745      
# span 12 =   996.7054,   999.9170      
# span 13 =     -0.986,     13.683      
# span 14 =     -0.680,      9.434      
# span 15 = 0.0000e+00, 0.0000e+00      
# interval = seconds: 0.25
# start_time = Jun 10 2021 09:07:58 [Instrument's time stamp, header]
# bad_flag = -9.990e-29
*END*
[from data line 2351]
      5.544     -0.033   -64.8425     1.3477     11.575 1.2358e-01     15.980     60.149  40.441591    -0.3374     0.8981     8.6031   999.8611      7.883      5.435 0.0000e+00
      5.539     -0.029   -64.4200     1.3519     11.567 1.2359e-01     15.980     60.216  40.492330    -0.3480     0.8404     8.6025   999.8609      7.878      5.432 0.0000e+00
      5.535     -0.026   -63.9418     1.3444     11.593 1.2362e-01     15.980     60.397  40.615745    -0.3475     0.8342     8.6055   999.8605      7.872      5.427 0.0000e+00
      5.530     -0.024   -63.6203     1.3490     11.648 1.2364e-01     15.980     60.475  40.664305    -0.3305     0.8917     8.6097   999.8601      7.867      5.424 0.0000e+00
      5.525     -0.023   -63.5450     1.3535     11.702 1.2368e-01     15.980     60.152  40.444708    -0.3240     0.9181     8.6156   999.8596      7.860      5.419 0.0000e+00
      5.516     -0.024   -63.5482     1.3454     11.743 1.2370e-01     15.980     59.948  40.309162    -0.3351     0.9118     8.6225   999.8592      7.846      5.410 0.0000e+00
      5.508     -0.028   -63.4871     1.3512     11.735 1.2370e-01     15.981     60.396  40.612272    -0.3502     0.8840     8.6233   999.8591      7.831      5.400 0.0000e+00
      5.504     -0.033   -63.2365     1.3601     11.725 1.2373e-01     15.981     60.789  40.872371    -0.3452     0.8565     8.6184   999.8595      7.826      5.396 0.0000e+00
      5.500     -0.038   -62.9261     1.3635     11.732 1.2373e-01     15.981     60.863  40.915011    -0.3122     0.8544     8.6146   999.8596      7.828      5.397 0.0000e+00
      5.490     -0.044   -62.7458     1.3741     11.703 1.2369e-01     15.980     60.998  41.000866    -0.2765     0.8594     8.6176   999.8591      7.812      5.387 0.0000e+00
      5.473     -0.050   -62.6922     1.3684     11.681 1.2364e-01     15.980     61.126  41.085246    -0.2757     0.8820     8.6219   999.8591      7.782      5.365 0.0000e+00
      5.458     -0.055   -62.6216     1.3639     11.654 1.2364e-01     15.980     61.071  41.046566    -0.2922     0.8867     8.6176   999.8595      7.762      5.351 0.0000e+00
      5.443     -0.055   -62.4083     1.3746     11.633 1.2371e-01     15.980     60.873  40.914049    -0.2858     0.9167     8.6093   999.8600      7.744      5.340 0.0000e+00
      5.426     -0.050   -62.1785     1.3617     11.661 1.2378e-01     15.979     60.627  40.752520    -0.2643     1.0399     8.6056   999.8602      7.719      5.321 0.0000e+00
      5.410     -0.043   -62.1650     1.3643     11.684 1.2374e-01     15.979     60.509  40.680436    -0.2525     1.1401     8.6048   999.8602      7.692      5.303 0.0000e+00
      5.400     -0.038   -62.3315     1.3616     11.690 1.2368e-01     15.980     60.592  40.740734    -0.2580     1.1321     8.6037   999.8603      7.676      5.292 0.0000e+00
      5.397     -0.034   -62.3855     1.3512     11.668 1.2370e-01     15.980     60.654  40.783348    -0.2729     1.0465     8.6020   999.8602      7.675      5.292 0.0000e+00
      5.394     -0.030   -62.3872     1.3647     11.686 1.2374e-01     15.980     60.607  40.751350    -0.2796     0.9625     8.6059   999.8599      7.677      5.292 0.0000e+00
      5.387     -0.030   -62.4384     1.3607     11.757 1.2373e-01     15.980     60.486  40.671234    -0.2728     0.9410     8.6141   999.8592      7.666      5.285 0.0000e+00
      5.376     -0.032   -62.2299     1.3677     11.783 1.2372e-01     15.980     60.341  40.576377    -0.2667     0.9577     8.6187   999.8589      7.646      5.271 0.0000e+00
      5.366     -0.037   -62.0179     1.3589     11.773 1.2368e-01     15.980     60.216  40.493100    -0.2822     0.9584     8.6183   999.8589      7.631      5.262 0.0000e+00
      5.357     -0.040   -62.1115     1.3574     11.797 1.2365e-01     15.980     60.211  40.489512    -0.3263     0.9156     8.6155   999.8591      7.621      5.255 0.0000e+00
      5.347     -0.041   -62.1572     1.3773     11.857 1.2366e-01     15.980     60.181  40.469523    -0.3523     0.8862     8.6179   999.8588      7.605      5.243 0.0000e+00
      5.337     -0.039   -62.0539     1.3747     11.835 1.2370e-01     15.980     59.856  40.251409    -0.3388     0.8781     8.6215   999.8584      7.591      5.235 0.0000e+00
      5.325     -0.038   -61.8945     1.3724     11.685 1.2367e-01     15.979     59.681  40.137385    -0.3150     0.8522     8.6212   999.8584      7.575      5.224 0.0000e+00
      5.313     -0.038   -61.7795     1.3713     11.532 1.2364e-01     15.979     59.909  40.296888    -0.2939     0.8475     8.6211   999.8582      7.552      5.207 0.0000e+00
      5.305     -0.038   -61.6960     1.3882     11.529 1.2364e-01     15.979     60.057  40.402684    -0.2844     0.8890     8.6217   999.8583      7.542      5.200 0.0000e+00
      5.300     -0.036   -61.5735     1.3872     11.672 1.2360e-01     15.979     59.861  40.274027    -0.2761     0.9085     8.6205   999.8581      7.543      5.201 0.0000e+00
      5.291     -0.033   -61.5025     1.3638     11.844 1.2365e-01     15.979     59.462  40.010794    -0.2604     0.8434     8.6226   999.8578      7.529      5.191 0.0000e+00
      5.277     -0.032   -61.3545     1.3362     11.959 1.2373e-01     15.979     59.263  39.885864    -0.2380     0.7887     8.6304   999.8574      7.503      5.173 0.0000e+00
      5.267     -0.032   -61.0736     1.3368     11.979 1.2374e-01     15.979     59.374  39.969512    -0.2148     0.7958     8.6355   999.8570      7.488      5.163 0.0000e+00
      5.263     -0.032   -60.8596     1.3615     11.954 1.2380e-01     15.978     59.429  40.006612    -0.2091     0.8258     8.6371   999.8569      7.484      5.160 0.0000e+00
      5.259     -0.030   -60.8323     1.3818     11.905 1.2382e-01     15.978     59.361  39.953602    -0.2070     0.8767     8.6401   999.8564      7.482      5.159 0.0000e+00
      5.250     -0.027   -60.8295     1.4007     11.816 1.2379e-01     15.978     59.386  39.963297    -0.2172     0.8964     8.6485   999.8557      7.468      5.149 0.0000e+00
      5.240     -0.026   -60.6537     1.3960     11.738 1.2375e-01     15.978     59.438  39.996884    -0.2562     0.8925     8.6601   999.8549      7.451      5.136 0.0000e+00
      5.232     -0.027   -60.5130     1.3935     11.730 1.2371e-01     15.977     59.408  39.978853    -0.2789     0.8986     8.6602   999.8549      7.440      5.129 0.0000e+00
      5.227     -0.028   -60.5051     1.3905     11.784 1.2371e-01     15.977     59.433  39.999182    -0.2815     0.9008     8.6504   999.8555      7.435      5.125 0.0000e+00
      5.223     -0.027   -60.3856     1.3770     11.851 1.2372e-01     15.978     59.508  40.052267    -0.2971     0.9196     8.6431   999.8560      7.433      5.125 0.0000e+00
      5.216     -0.026   -60.1870     1.3644     11.891 1.2375e-01     15.978     59.311  39.922490    -0.3236     0.9194     8.6423   999.8562      7.422      5.117 0.0000e+00
      5.206     -0.028   -60.1688     1.3644     11.878 1.2378e-01     15.978     58.785  39.572568    -0.3456     0.8643     8.6458   999.8558      7.402      5.104 0.0000e+00
      5.199     -0.031   -60.2517     1.3733     11.847 1.2373e-01     15.977     58.475  39.375858    -0.3535     0.8030     8.6489   999.8555      7.392      5.097 0.0000e+00
      5.194     -0.036   -60.1573     1.3824     11.846 1.2369e-01     15.977     58.564  39.448257    -0.3519     0.7961     8.6506   999.8555      7.389      5.094 0.0000e+00
      5.187     -0.042   -60.0593     1.3884     11.848 1.2371e-01     15.978     58.630  39.495883    -0.3449     0.8492     8.6531   999.8552      7.380      5.088 0.0000e+00
      5.175     -0.052   -60.0994     1.3861     11.858 1.2369e-01     15.978     58.463  39.380466    -0.3449     0.8620     8.6535   999.8549      7.365      5.077 0.0000e+00
      5.160     -0.063   -60.1268     1.3770     11.911 1.2363e-01     15.977     58.095  39.131769    -0.3528     0.8126     8.6654   999.8539      7.340      5.061 0.0000e+00
      5.144     -0.072   -60.2181     1.3803     11.935 1.2362e-01     15.976     57.929  39.027748    -0.3553     0.8015     8.6827   999.8527      7.317      5.045 0.0000e+00
      5.124     -0.076   -60.2563     1.3815     11.929 1.2358e-01     15.975     58.074  39.138295    -0.3553     0.8311     8.6819   999.8526      7.292      5.027 0.0000e+00
      5.097     -0.075   -60.2448     1.3751     11.921 1.2362e-01     15.976     58.150  39.198988    -0.3537     0.8617     8.6773   999.8528      7.250      4.999 0.0000e+00
      5.071     -0.070   -60.4227     1.3919     11.888 1.2372e-01     15.976     58.135  39.190359    -0.3546     0.8617     8.6740   999.8527      7.206      4.968 0.0000e+00
      5.053     -0.063   -60.6009     1.3911     11.853 1.2374e-01     15.976     58.093  39.160917    -0.3557     0.8313     8.6804   999.8520      7.180      4.950 0.0000e+00
      5.044     -0.053   -60.5921     1.3870     11.848 1.2367e-01     15.976     57.902  39.033416    -0.3301     0.8718     8.6971   999.8510      7.173      4.946 0.0000e+00
      5.036     -0.043   -60.4886     1.3909     11.897 1.2364e-01     15.975     57.535  38.791219    -0.2927     1.0083     8.7057   999.8504      7.167      4.942 0.0000e+00
      5.025     -0.036   -60.5536     1.3823     11.965 1.2369e-01     15.975     57.213  38.580922    -0.2757     1.1091     8.7046   999.8503      7.148      4.928 0.0000e+00
      5.015     -0.035   -60.6909     1.3801     12.009 1.2369e-01     15.975     57.020  38.458291    -0.2670     1.0938     8.7016   999.8505      7.130      4.915 0.0000e+00
      5.008     -0.035   -60.5993     1.3750     12.021 1.2363e-01     15.975     56.815  38.324016    -0.2642     1.0641     8.7037   999.8504      7.124      4.912 0.0000e+00
      5.002     -0.035   -60.3926     1.3844     12.014 1.2363e-01     15.975     56.666  38.226778    -0.2611     1.0934     8.7081   999.8498      7.118      4.908 0.0000e+00
      4.991     -0.034   -60.3436     1.3941     12.016 1.2367e-01     15.975     56.672  38.234616    -0.2579     1.1048     8.7145   999.8491      7.100      4.895 0.0000e+00
      4.980     -0.034   -60.4363     1.3978     12.006 1.2370e-01     15.975     56.750  38.291851    -0.2630     1.0990     8.7227   999.8485      7.081      4.882 0.0000e+00
      4.971     -0.034   -60.3092     1.4008     11.960 1.2371e-01     15.975     56.733  38.284135    -0.2372     1.1595     8.7257   999.8482      7.070      4.874 0.0000e+00
      4.964     -0.033   -60.0115     1.3952     11.875 1.2373e-01     15.975     56.517  38.141322    -0.1742     1.2880     8.7271   999.8480      7.062      4.869 0.0000e+00
      4.957     -0.033   -59.9336     1.3994     11.845 1.2376e-01     15.974     56.339  38.024862    -0.1317     1.3824     8.7307   999.8477      7.052      4.862 0.0000e+00
      4.948     -0.033   -60.1420     1.3969     11.916 1.2379e-01     15.974     56.414  38.081927    -0.1332     1.4088     8.7352   999.8474      7.037      4.852 0.0000e+00
      4.940     -0.034   -60.3797     1.3944     11.994 1.2379e-01     15.974     56.576  38.196620    -0.1446     1.4005     8.7396   999.8471      7.024      4.843 0.0000e+00
      4.932     -0.037   -60.3983     1.3793     12.076 1.2374e-01     15.974     56.587  38.205727    -0.1454     1.3507     8.7405   999.8468      7.016      4.837 0.0000e+00
      4.922     -0.039   -60.1090     1.3687     12.139 1.2371e-01     15.974     56.472  38.128579    -0.1428     1.3215     8.7434   999.8464      7.002      4.827 0.0000e+00
      4.911     -0.042   -59.7217     1.3894     12.096 1.2372e-01     15.974     56.408  38.088910    -0.1318     1.3560     8.7514   999.8459      6.986      4.816 0.0000e+00
      4.900     -0.044   -59.5874     1.3932     12.032 1.2369e-01     15.974     56.334  38.043426    -0.1270     1.3906     8.7562   999.8457      6.971      4.806 0.0000e+00
      4.889     -0.044   -59.6038     1.4020     12.031 1.2365e-01     15.975     56.017  37.832509    -0.1423     1.3624     8.7568   999.8456      6.953      4.794 0.0000e+00
      4.876     -0.041   -59.6618     1.4200     12.058 1.2365e-01     15.975     55.530  37.506200    -0.1543     1.3246     8.7559   999.8455      6.936      4.782 0.0000e+00
      4.863     -0.035   -59.8579     1.4063     12.096 1.2368e-01     15.974     55.080  37.207891    -0.1486     1.3448     8.7586   999.8452      6.917      4.769 0.0000e+00
      4.851     -0.030   -60.1689     1.3931     12.081 1.2374e-01     15.973     54.687  36.954686    -0.1400     1.3663     8.7651   999.8447      6.897      4.756 0.0000e+00
      4.846     -0.025   -60.5817     1.4000     12.034 1.2373e-01     15.971     54.516  36.856370    -0.1457     1.3441     8.7675   999.8444      6.889      4.750 0.0000e+00
      4.845     -0.024   -60.9774     1.3985     12.055 1.2362e-01     15.971     54.667  36.971132    -0.1610     1.3173     8.7671   999.8442      6.891      4.751 0.0000e+00
      4.844     -0.024   -61.1674     1.4090     12.098 1.2364e-01     15.972     54.726  37.009545    -0.1626     1.3165     8.7723   999.8437      6.890      4.751 0.0000e+00
      4.840     -0.026   -60.9864     1.4080     12.090 1.2375e-01     15.973     54.446  36.813108    -0.1458     1.3350     8.7830   999.8427      6.888      4.749 0.0000e+00
      4.830     -0.030   -60.5093     1.3900     12.029 1.2376e-01     15.973     54.361  36.753777    -0.1480     1.3684     8.8014   999.8413      6.872      4.738 0.0000e+00
      4.816     -0.037   -59.7006     1.4004     12.003 1.2373e-01     15.972     54.803  37.053732    -0.1897     1.3770     8.8191   999.8400      6.846      4.720 0.0000e+00
      4.807     -0.043   -58.6939     1.4062     12.066 1.2375e-01     15.972     55.218  37.330108    -0.2298     1.3710     8.8137   999.8405      6.834      4.712 0.0000e+00
      4.800     -0.046   -58.1465     1.4081     12.149 1.2373e-01     15.973     55.285  37.366469    -0.2329     1.3991     8.8014   999.8412      6.831      4.710 0.0000e+00
      4.789     -0.046   -57.9862     1.3952     12.177 1.2367e-01     15.973     55.199  37.302959    -0.1892     1.4078     8.8022   999.8410      6.816      4.700 0.0000e+00
      4.771     -0.045   -57.8744     1.3874     12.121 1.2367e-01     15.972     54.949  37.133399    -0.1117     1.3730     8.8069   999.8408      6.785      4.677 0.0000e+00
      4.755     -0.044   -57.7415     1.4017     12.050 1.2370e-01     15.972     54.602  36.902937    -0.0681     1.3216     8.8022   999.8412      6.758      4.659 0.0000e+00
      4.746     -0.042   -57.4972     1.4132     12.065 1.2368e-01     15.972     54.346  36.737704    -0.0813     1.3009     8.7905   999.8420      6.749      4.653 0.0000e+00
      4.739     -0.042   -57.0721     1.4196     12.151 1.2368e-01     15.972     54.118  36.595260    -0.1093     1.3291     8.7853   999.8423      6.743      4.649 0.0000e+00
      4.730     -0.046   -56.6455     1.4095     12.241 1.2371e-01     15.972     53.883  36.449925    -0.1298     1.3536     8.7866   999.8420      6.726      4.638 0.0000e+00
      4.723     -0.056   -56.8135     1.3946     12.289 1.2367e-01     15.971     53.657  36.313194    -0.1295     1.3563     8.7881   999.8418      6.716      4.630 0.0000e+00
      4.713     -0.066   -57.2958     1.3976     12.269 1.2360e-01     15.971     53.482  36.211319    -0.1153     1.3621     8.7961   999.8411      6.711      4.626 0.0000e+00
      4.692     -0.072   -57.3151     1.4121     12.232 1.2358e-01     15.971     53.400  36.170108    -0.0247     1.4239     8.8096   999.8400      6.681      4.607 0.0000e+00
      4.661     -0.075   -56.8743     1.4213     12.206 1.2362e-01     15.970     53.236  36.068778     0.1464     1.5540     8.8204   999.8390      6.628      4.569 0.0000e+00
