Data/DataNotYetUploadedToEDI/Raw_CTD/RawDownloads/061121_fcr50_0004.cnv
* Sea-Bird SBE19plus  Data File:
* FileName = C:\R\Reservoirs\Data\DataNotYetUploadedToEDI\Raw_CTD\RawDownloads\061121_fcr50_0004.hex
* Software version 2.8.0.119
* Temperature SN = 7809
* Conductivity SN = 7809
* System UpLoad Time = Jun 11 2021 19:31:09
* <ApplicationData>
* <Seaterm232>
# nquan = 16
# nvalues = 1556                        
# units = specified
# name 0 = depFM: Depth [fresh water, m]
# name 1 = dz/dtM: Descent Rate [m/s]
# name 2 = orp: Oxidation Reduction Potential [mV]
# name 3 = sbeox0Mg/L: Oxygen, SBE 43 [mg/l]
# name 4 = sbeox0PS: Oxygen, SBE 43 [% saturation]
# name 5 = par/sat/log: PAR/Logarithmic, Satlantic
# name 6 = ph: pH
# name 7 = specc: Specific Conductance [uS/cm]
# name 8 = c0uS/cm: Conductivity [uS/cm]
# name 9 = flECO-AFL: Fluorescence, WET Labs ECO-AFL/FL [mg/m^3]
# name 10 = turbWETntu0: Turbidity, WET Labs ECO [NTU]
# name 11 = tv290C: Temperature [ITS-90, deg C]
# name 12 = density00: Density [density, kg/m^3]
# name 13 = prdE: Pressure, Strain Gauge [psi]
# name 14 = prdM: Pressure, Strain Gauge [db]
# name 15 = flag:  0.000e+00
# span 0 =     -0.713,      9.610       
# span 1 =     -0.213,      0.510       
# span 2 =    21.7015,   414.7564       
# span 3 =     0.9741,    12.7168       
# span 4 =      8.401,    145.775       
# span 5 = 1.2352e-01, 8.9185e+00       
# span 6 =     15.541,     16.075       
# span 7 =      0.851,    140.877       
# span 8 =   0.761025,  94.281902       
# span 9 =    -1.0223,     3.7776       
# span 10 =    -0.3456,    79.5003      
# span 11 =     8.3791,    25.2830      
# span 12 =   996.9942,   999.9206      
# span 13 =     -1.014,     13.669      
# span 14 =     -0.699,      9.425      
# span 15 = 0.0000e+00, 0.0000e+00      
# interval = seconds: 0.25
# start_time = Jun 10 2021 17:01:21 [Instrument's time stamp, header]
# bad_flag = -9.990e-29
*END*
[from data line 1356]
      3.781     -0.106    30.3459     1.0203      8.959 1.2373e-01     16.028     47.435  32.568338     0.5129     1.9503     9.2345   999.8020      5.382      3.711 0.0000e+00
      3.751     -0.116    30.4315     1.0255      9.079 1.2370e-01     16.027     46.930  32.268666     0.4459     1.8853     9.2436   999.8011      5.338      3.681 0.0000e+00
      3.717     -0.121    30.6598     1.0201      9.156 1.2366e-01     16.024     46.798  32.230372     0.3495     1.8601     9.2677   999.7991      5.285      3.644 0.0000e+00
      3.682     -0.123    30.8686     1.0190      9.101 1.2369e-01     16.023     46.753  32.232294     0.3202     1.8864     9.2955   999.7967      5.235      3.610 0.0000e+00
      3.649     -0.123    30.8047     1.0243      9.032 1.2370e-01     16.023     46.635  32.165043     0.3305     1.9283     9.3186   999.7944      5.190      3.578 0.0000e+00
      3.617     -0.123    30.4043     1.0399      9.032 1.2367e-01     16.022     46.730  32.242083     0.3215     1.9208     9.3735   999.7897      5.143      3.546 0.0000e+00
      3.587     -0.123    29.8995     1.0577      9.058 1.2368e-01     16.022     46.947  32.402390     0.3167     1.8983     9.4437   999.7840      5.100      3.516 0.0000e+00
      3.561     -0.124    29.9497     1.0386      9.091 1.2371e-01     16.022     46.638  32.199845     0.3193     1.8972     9.4785   999.7812      5.065      3.493 0.0000e+00
      3.532     -0.124    30.4095     1.0265      9.095 1.2372e-01     16.021     45.963  31.760042     0.3157     1.9067     9.4831   999.7805      5.030      3.469 0.0000e+00
      3.497     -0.122    30.8988     1.0337      9.132 1.2369e-01     16.018     45.558  31.526160     0.3198     1.9450     9.4942   999.7795      4.977      3.432 0.0000e+00
      3.457     -0.120    31.7348     1.0307      9.242 1.2367e-01     16.017     45.401  31.465810     0.3404     1.9140     9.5113   999.7781      4.912      3.387 0.0000e+00
      3.424     -0.117    32.7741     1.0428      9.375 1.2368e-01     16.017     45.176  31.347647     0.3750     1.8408     9.5110   999.7778      4.864      3.353 0.0000e+00
      3.400     -0.113    33.3979     1.0353      9.498 1.2370e-01     16.017     44.892  31.176079     0.4043     1.8483     9.5371   999.7752      4.835      3.334 0.0000e+00
      3.377     -0.108    33.4263     1.0358      9.601 1.2371e-01     16.016     44.666  31.041013     0.4076     1.9020     9.5980   999.7700      4.806      3.314 0.0000e+00
      3.350     -0.106    33.2036     1.0522      9.683 1.2369e-01     16.015     44.451  30.920056     0.3488     1.9068     9.6566   999.7650      4.766      3.286 0.0000e+00
      3.323     -0.106    33.2009     1.0652      9.754 1.2364e-01     16.012     44.292  30.855626     0.2366     1.8374     9.6977   999.7613      4.726      3.258 0.0000e+00
      3.296     -0.109    33.5659     1.0811      9.864 1.2362e-01     16.010     44.272  30.896494     0.1761     1.8182     9.7230   999.7589      4.688      3.233 0.0000e+00
      3.267     -0.112    34.2610     1.0893      9.965 1.2364e-01     16.010     44.232  30.906688     0.1802     1.8817     9.7435   999.7570      4.647      3.204 0.0000e+00
      3.238     -0.113    34.9803     1.1023     10.061 1.2362e-01     16.009     43.944  30.725143     0.1341     1.9178     9.7691   999.7547      4.604      3.174 0.0000e+00
      3.209     -0.113    35.2933     1.1004     10.220 1.2354e-01     16.007     43.456  30.414448     0.0287     1.9122     9.8226   999.7499      4.567      3.149 0.0000e+00
      3.179     -0.115    35.1206     1.1177     10.419 1.2352e-01     16.004     42.875  30.068529    -0.0257     1.8821     9.9005   999.7430      4.524      3.119 0.0000e+00
      3.148     -0.118    35.0433     1.1286     10.669 1.2355e-01     16.001     42.155  29.651401    -0.0287     1.8622     9.9477   999.7389      4.474      3.085 0.0000e+00
      3.120     -0.120    35.6493     1.1301     10.910 1.2360e-01     15.996     41.403  29.240985    -0.0642     1.8781     9.9497   999.7384      4.437      3.060 0.0000e+00
      3.094     -0.116    36.5964     1.1564     11.092 1.2365e-01     15.991     40.919  29.039617    -0.1398     1.8691     9.9748   999.7360      4.405      3.037 0.0000e+00
      3.059     -0.105    37.4613     1.1696     11.287 1.2365e-01     15.986     40.954  29.183457    -0.1898     1.8561    10.0570   999.7284      4.354      3.002 0.0000e+00
      3.021     -0.088    38.1909     1.2001     11.537 1.2362e-01     15.984     41.089  29.330844    -0.2016     1.8574    10.1540   999.7193      4.292      2.959 0.0000e+00
      2.993     -0.069    38.7933     1.2282     11.892 1.2366e-01     15.984     40.777  29.108842    -0.2149     1.8848    10.2974   999.7057      4.246      2.928 0.0000e+00
      2.983     -0.053    39.4105     1.2347     12.366 1.2375e-01     15.982     40.377  28.846491    -0.2368     1.9473    10.4901   999.6875      4.235      2.920 0.0000e+00
      2.985     -0.047    40.1469     1.2536     12.943 1.2375e-01     15.980     40.259  28.823230    -0.2564     1.9605    10.6632   999.6712      4.247      2.928 0.0000e+00
      2.987     -0.054    40.8131     1.2758     13.704 1.2370e-01     15.980     40.183  28.827663    -0.2718     1.9424    10.7216   999.6656      4.251      2.931 0.0000e+00
      2.983     -0.075    41.2702     1.3151     14.676 1.2370e-01     15.978     39.854  28.646405    -0.2789     1.9347    10.6679   999.6706      4.248      2.929 0.0000e+00
      2.966     -0.103    41.7167     1.3724     15.769 1.2370e-01     15.973     39.504  28.471395    -0.2759     1.9009    10.6947   999.6678      4.231      2.917 0.0000e+00
      2.927     -0.132    42.3395     1.4249     16.879 1.2364e-01     15.970     39.505  28.551380    -0.2731     1.8430    10.8021   999.6571      4.172      2.876 0.0000e+00
      2.874     -0.154    43.0362     1.5057     17.884 1.2357e-01     15.969     39.692  28.725477    -0.2731     1.8185    10.8762   999.6495      4.086      2.817 0.0000e+00
      2.822     -0.166    43.6016     1.6173     18.699 1.2359e-01     15.969     39.715  28.736760    -0.2668     1.8441    10.9193   999.6448      4.009      2.764 0.0000e+00
      2.778     -0.168    44.0134     1.7362     19.407 1.2365e-01     15.970     39.580  28.624355    -0.2362     1.8105    11.0283   999.6335      3.948      2.723 0.0000e+00
      2.739     -0.162    44.4869     1.8580     20.112 1.2367e-01     15.970     39.504  28.571680    -0.1986     1.6863    11.1594   999.6199      3.895      2.686 0.0000e+00
      2.700     -0.152    45.1971     1.9726     20.881 1.2367e-01     15.969     39.450  28.543943    -0.1935     1.6128    11.2052   999.6151      3.839      2.647 0.0000e+00
      2.664     -0.139    46.1468     2.0569     21.796 1.2372e-01     15.968     39.250  28.415875    -0.2023     1.6085    11.1798   999.6175      3.789      2.614 0.0000e+00
      2.627     -0.124    47.2798     2.1313     22.729 1.2373e-01     15.966     38.925  28.228525    -0.1813     1.6341    11.1408   999.6213      3.739      2.578 0.0000e+00
      2.590     -0.105    48.3133     2.2098     23.476 1.2369e-01     15.963     38.580  28.054972    -0.1485     1.6817    11.1592   999.6192      3.679      2.536 0.0000e+00
      2.561     -0.089    49.2651     2.2833     24.024 1.2370e-01     15.959     38.246  27.903433    -0.1397     1.6701    11.1786   999.6171      3.635      2.506 0.0000e+00
      2.545     -0.080    50.1846     2.3911     24.366 1.2374e-01     15.955     38.033  27.855385    -0.1420     1.6301    11.1763   999.6172      3.614      2.491 0.0000e+00
      2.538     -0.079    50.8265     2.5043     24.545 1.2369e-01     15.951     37.983  27.918193    -0.1382     1.6445    11.2420   999.6102      3.608      2.487 0.0000e+00
      2.532     -0.087    51.5200     2.5722     24.678 1.2367e-01     15.948     37.962  27.965171    -0.1325     1.6724    11.3583   999.5979      3.609      2.488 0.0000e+00
      2.514     -0.103    52.4600     2.6293     24.818 1.2371e-01     15.946     37.909  27.979418    -0.1303     1.6588    11.4620   999.5866      3.584      2.471 0.0000e+00
      2.479     -0.126    53.4170     2.6574     25.075 1.2372e-01     15.944     37.814  27.963631    -0.1299     1.6170    11.6168   999.5696      3.528      2.434 0.0000e+00
      2.437     -0.148    54.3145     2.6566     25.519 1.2371e-01     15.942     37.664  27.901223    -0.1281     1.6136    11.7798   999.5514      3.466      2.390 0.0000e+00
      2.392     -0.162    55.1382     2.6723     26.109 1.2369e-01     15.940     37.526  27.859251    -0.1183     1.6520    11.8286   999.5458      3.404      2.347 0.0000e+00
      2.344     -0.165    55.9766     2.6755     26.854 1.2364e-01     15.937     37.410  27.836825    -0.1162     1.6693    11.8912   999.5386      3.335      2.300 0.0000e+00
      2.296     -0.160    56.8791     2.6941     27.793 1.2366e-01     15.934     37.330  27.820455    -0.1214     1.6512    11.9890   999.5272      3.264      2.250 0.0000e+00
      2.253     -0.150    57.7046     2.7440     28.857 1.2372e-01     15.934     37.324  27.851666    -0.1153     1.6393    12.0225   999.5231      3.200      2.207 0.0000e+00
      2.219     -0.140    58.3865     2.8019     30.017 1.2372e-01     15.933     37.328  27.897059    -0.1084     1.6633    12.1118   999.5127      3.154      2.175 0.0000e+00
      2.190     -0.131    59.1875     2.8693     31.281 1.2369e-01     15.930     37.308  27.925307    -0.1054     1.7004    12.2214   999.4999      3.115      2.148 0.0000e+00
      2.162     -0.125    60.1626     2.9733     32.503 1.2373e-01     15.926     37.259  27.939519    -0.1165     1.6759    12.2601   999.4952      3.077      2.121 0.0000e+00
      2.132     -0.122    61.0559     3.0878     33.638 1.2378e-01     15.923     37.164  27.942081    -0.1378     1.6070    12.2991   999.4904      3.034      2.092 0.0000e+00
      2.100     -0.122    61.8995     3.1986     34.696 1.2376e-01     15.920     37.060  27.956371    -0.1537     1.6234    12.3673   999.4822      2.989      2.061 0.0000e+00
      2.066     -0.127    62.7062     3.3437     35.599 1.2376e-01     15.915     36.965  27.985537    -0.1756     1.6682    12.4222   999.4756      2.938      2.025 0.0000e+00
      2.034     -0.132    63.4097     3.4694     36.424 1.2377e-01     15.911     36.890  28.041094    -0.1923     1.6676    12.4748   999.4691      2.889      1.993 0.0000e+00
      2.005     -0.137    64.2110     3.5761     37.219 1.2373e-01     15.906     36.813  28.120755    -0.1932     1.6501    12.5809   999.4561      2.853      1.967 0.0000e+00
      1.971     -0.141    65.1677     3.6894     37.929 1.2367e-01     15.899     36.688  28.187651    -0.1762     1.6288    12.7123   999.4399      2.810      1.938 0.0000e+00
      1.930     -0.144    66.2863     3.7652     38.694 1.2365e-01     15.892     36.526  28.215767    -0.1399     1.6506    12.8482   999.4228      2.745      1.893 0.0000e+00
      1.888     -0.146    67.5835     3.8358     39.662 1.2367e-01     15.887     36.386  28.207144    -0.1164     1.6731    12.9893   999.4049      2.679      1.848 0.0000e+00
      1.850     -0.146    68.8067     3.9147     40.858 1.2369e-01     15.886     36.334  28.210379    -0.1210     1.6601    13.1750   999.3810      2.631      1.813 0.0000e+00
      1.815     -0.143    69.8050     3.9557     42.251 1.2369e-01     15.885     36.343  28.254920    -0.1482     1.6651    13.4147   999.3497      2.584      1.781 0.0000e+00
      1.778     -0.141    70.7055     4.0096     43.820 1.2369e-01     15.882     36.327  28.301679    -0.1787     1.6994    13.6510   999.3179      2.527      1.743 0.0000e+00
      1.743     -0.141    71.6930     4.0969     45.543 1.2375e-01     15.880     36.299  28.331763    -0.1843     1.7318    13.7969   999.2979      2.475      1.706 0.0000e+00
      1.711     -0.141    72.7975     4.2203     47.373 1.2383e-01     15.879     36.297  28.364980    -0.1876     1.7130    13.8146   999.2955      2.437      1.680 0.0000e+00
      1.676     -0.141    73.9927     4.3632     49.288 1.2383e-01     15.877     36.279  28.386165    -0.1990     1.6441    13.8472   999.2908      2.390      1.648 0.0000e+00
      1.635     -0.136    75.2165     4.5121     51.192 1.2380e-01     15.876     36.255  28.397650    -0.1793     1.6881    13.9599   999.2751      2.326      1.604 0.0000e+00
      1.595     -0.130    76.4094     4.6880     53.017 1.2380e-01     15.875     36.370  28.503878    -0.1406     1.8681    14.0370   999.2642      2.264      1.561 0.0000e+00
      1.561     -0.125    77.6619     4.8691     54.712 1.2380e-01     15.872     36.581  28.719028    -0.1215     1.9655    14.0639   999.2604      2.216      1.528 0.0000e+00
      1.533     -0.125    79.0019     5.0679     56.123 1.2373e-01     15.866     36.659  28.905665    -0.1295     1.9388    14.1186   999.2526      2.179      1.503 0.0000e+00
      1.511     -0.132    80.3077     5.2579     57.127 1.2366e-01     15.860     36.695  29.111289    -0.1322     1.9228    14.1777   999.2441      2.148      1.482 0.0000e+00
      1.487     -0.144    81.4913     5.4451     57.771 1.2367e-01     15.852     36.684  29.302281    -0.0975     1.9447    14.1706   999.2451      2.123      1.464 0.0000e+00
      1.452     -0.158    82.7301     5.6249     58.281 1.2370e-01     15.844     36.387  29.248593    -0.0632     1.9287    14.1963   999.2415      2.077      1.432 0.0000e+00
      1.401     -0.163    84.1001     5.7474     58.855 1.2371e-01     15.841     36.090  29.096770    -0.0511     1.8664    14.4048   999.2115      1.996      1.376 0.0000e+00
      1.344     -0.152    85.4095     5.8191     59.565 1.2371e-01     15.842     36.122  29.116091     0.0109     1.8435    14.6550   999.1750      1.909      1.315 0.0000e+00
      1.289     -0.128    86.7737     5.8378     60.425 1.2370e-01     15.842     36.285  29.228437     0.1237     1.8920    14.9233   999.1349      1.831      1.262 0.0000e+00
      1.247     -0.102    88.2057     5.8406     61.416 1.2371e-01     15.842     36.413  29.313236     0.1867     1.9387    15.2557   999.0841      1.755      1.210 0.0000e+00
      1.236     -0.082    89.4729     5.8824     62.483 1.2376e-01     15.842     36.598  29.443544     0.2008     1.9272    15.3701   999.0663      1.737      1.197 0.0000e+00
      1.251     -0.074    90.6519     5.9639     63.519 1.2377e-01     15.840     36.814  29.662059     0.2470     1.9253    15.2830   999.0799      1.788      1.232 0.0000e+00
      1.258     -0.079    91.7923     6.0526     64.443 1.2370e-01     15.836     36.890  29.861830     0.3352     2.0184    15.2718   999.0818      1.808      1.247 0.0000e+00
      1.233     -0.094    92.7648     6.1532     65.236 1.2366e-01     15.829     36.784  29.955950     0.3896     2.1258    15.2645   999.0828      1.764      1.216 0.0000e+00
      1.188     -0.116    93.8056     6.2772     65.967 1.2367e-01     15.822     36.612  29.975567     0.3990     2.1596    15.1847   999.0949      1.690      1.165 0.0000e+00
      1.140     -0.134    95.1701     6.3772     66.652 1.2367e-01     15.816     36.468  29.972334     0.4779     2.1871    15.2252   999.0885      1.617      1.115 0.0000e+00
      1.098     -0.142    96.4436     6.4409     67.181 1.2370e-01     15.813     36.466  30.043878     0.6285     2.2521    15.4508   999.0535      1.559      1.075 0.0000e+00
      1.064     -0.141    97.1585     6.4769     67.574 1.2371e-01     15.811     36.669  30.269716     0.7132     2.3272    15.7330   999.0088      1.510      1.041 0.0000e+00
      1.036     -0.137    97.2750     6.5154     67.946 1.2371e-01     15.806     36.880  30.545996     0.7298     2.4082    15.9554   998.9730      1.471      1.015 0.0000e+00
      1.010     -0.137    95.7869     6.5703     68.383 1.2373e-01     15.799     36.891  30.719940     0.7335     2.4417    16.1125   998.9472      1.440      0.993 0.0000e+00
