Data/DataNotYetUploadedToEDI/Raw_CTD/RawDownloads/061121_fcr50_0004.cnv
* Sea-Bird SBE19plus  Data File:
* FileName = C:\R\Reservoirs\Data\DataNotYetUploadedToEDI\Raw_CTD\RawDownloads\061121_fcr50_0004.hex
* Software version 2.8.0.119
* Temperature SN = 7809
* Conductivity SN = 7809
* System UpLoad Time = Jun 11 2021 19:31:09
* <ApplicationData>
* <Seaterm232>
# nquan = 16
# nvalues = 1556                        
# units = specified
# name 0 = depFM: Depth [fresh water, m]
# name 1 = dz/dtM: Descent Rate [m/s]
# name 2 = orp: Oxidation Reduction Potential [mV]
# name 3 = sbeox0Mg/L: Oxygen, SBE 43 [mg/l]
# name 4 = sbeox0PS: Oxygen, SBE 43 [% saturation]
# name 5 = par/sat/log: PAR/Logarithmic, Satlantic
# name 6 = ph: pH
# name 7 = specc: Specific Conductance [uS/cm]
# name 8 = c0uS/cm: Conductivity [uS/cm]
# name 9 = flECO-AFL: Fluorescence, WET Labs ECO-AFL/FL [mg/m^3]
# name 10 = turbWETntu0: Turbidity, WET Labs ECO [NTU]
# name 11 = tv290C: Temperature [ITS-90, deg C]
# name 12 = density00: Density [density, kg/m^3]
# name 13 = prdE: Pressure, Strain Gauge [psi]
# name 14 = prdM: Pressure, Strain Gauge [db]
# name 15 = flag:  0.000e+00
# span 0 =     -0.713,      9.610       
# span 1 =     -0.213,      0.510       
# span 2 =    21.7015,   414.7564       
# span 3 =     0.9741,    12.7168       
# span 4 =      8.401,    145.775       
# span 5 = 1.2352e-01, 8.9185e+00       
# span 6 =     15.541,     16.075       
# span 7 =      0.851,    140.877       
# span 8 =   0.761025,  94.281902       
# span 9 =    -1.0223,     3.7776       
# span 10 =    -0.3456,    79.5003      
# span 11 =     8.3791,    25.2830      
# span 12 =   996.9942,   999.9206      
# span 13 =     -1.014,     13.669      
# span 14 =     -0.699,      9.425      
# span 15 = 0.0000e+00, 0.0000e+00      
# interval = seconds: 0.25
# start_time = Jun 10 2021 17:01:21 [Instrument's time stamp, header]
# bad_flag = -9.990e-29
*END*
[from data line 272]
      0.078      0.017   270.1861    10.4150    126.452 1.7613e+00     15.595     38.558  38.701938     3.5294    27.1727    25.1890   997.0173      0.110      0.076 0.0000e+00
      0.080      0.020   269.9748    10.3761    127.040 1.7305e+00     15.595     38.552  38.690230     3.4513    25.5710    25.1943   997.0159      0.112      0.077 0.0000e+00
      0.086      0.025   269.8340    10.3548    127.720 1.6533e+00     15.594     38.567  38.699906     3.4291    24.7199    25.1934   997.0161      0.119      0.082 0.0000e+00
      0.096      0.029   269.8609    10.3707    128.288 1.5538e+00     15.595     38.563  38.691987     3.4323    24.6067    25.1889   997.0173      0.136      0.093 0.0000e+00
      0.108      0.034   269.9550    10.4084    128.483 1.4724e+00     15.596     38.530  38.657939     3.4134    24.2017    25.1783   997.0201      0.157      0.109 0.0000e+00
      0.117      0.038   269.8537    10.4594    128.278 1.4115e+00     15.596     38.538  38.669030     3.4017    23.4976    25.1710   997.0220      0.169      0.116 0.0000e+00
      0.122      0.043   269.5822    10.5222    127.967 1.3542e+00     15.595     38.564  38.699157     3.4149    23.1666    25.1674   997.0230      0.172      0.118 0.0000e+00
      0.131      0.047   269.4253    10.5801    127.749 1.2714e+00     15.595     38.568  38.704881     3.4299    23.2200    25.1597   997.0250      0.182      0.126 0.0000e+00
      0.145      0.051   269.4201    10.6004    127.617 1.1774e+00     15.595     38.598  38.738238     3.4205    23.3877    25.1580   997.0255      0.207      0.143 0.0000e+00
      0.160      0.054   269.4328    10.5676    127.522 1.0685e+00     15.595     38.638  38.785152     3.4067    23.6832    25.1623   997.0245      0.226      0.156 0.0000e+00
      0.178      0.056   269.4063    10.5348    127.426 9.3855e-01     15.594     38.671  38.827853     3.4154    23.8747    25.1702   997.0225      0.251      0.174 0.0000e+00
      0.197      0.057   269.4439    10.5200    127.436 8.6125e-01     15.594     38.705  38.873757     3.4304    23.9177    25.1720   997.0221      0.287      0.198 0.0000e+00
      0.208      0.056   269.6294    10.5075    127.622 8.2422e-01     15.594     38.717  38.895924     3.4451    23.9982    25.1742   997.0217      0.298      0.206 0.0000e+00
      0.218      0.054   269.8426    10.5032    127.860 7.6376e-01     15.594     38.720  38.905497     3.4687    24.0922    25.1836   997.0192      0.304      0.210 0.0000e+00
      0.232      0.053   269.9568    10.4868    128.031 7.0001e-01     15.595     38.736  38.926038     3.4782    24.0931    25.1948   997.0164      0.331      0.228 0.0000e+00
      0.247      0.053   269.8922    10.4798    128.097 6.4815e-01     15.595     38.758  38.953885     3.4830    24.1118    25.2130   997.0118      0.352      0.244 0.0000e+00
      0.260      0.055   269.9210    10.4998    128.037 5.9525e-01     15.594     38.784  38.988338     3.5274    24.4553    25.2276   997.0081      0.367      0.253 0.0000e+00
      0.275      0.056   270.1335    10.5210    127.928 5.5017e-01     15.593     38.812  39.025287     3.5947    25.0197    25.2336   997.0066      0.390      0.268 0.0000e+00
      0.290      0.056   270.2245    10.5343    127.998 5.1226e-01     15.593     38.864  39.083307     3.6201    25.3052    25.2389   997.0054      0.415      0.286 0.0000e+00
      0.304      0.053   270.2472    10.5398    128.331 4.6645e-01     15.593     38.973  39.182130     3.6052    25.2978    25.2448   997.0039      0.430      0.297 0.0000e+00
      0.319      0.047   270.1501    10.5325    128.786 4.1751e-01     15.594     39.089  39.268119     3.5955    25.2393    25.2565   997.0009      0.451      0.311 0.0000e+00
      0.335      0.040   270.0823    10.5105    129.212 3.8433e-01     15.596     39.165  39.297877     3.5704    24.9073    25.2694   996.9976      0.481      0.332 0.0000e+00
      0.345      0.031   270.2881    10.5103    129.522 3.7168e-01     15.598     39.209  39.287982     3.5209    24.3046    25.2830   996.9942      0.495      0.342 0.0000e+00
      0.349      0.023   270.4016    10.5469    129.682 3.7349e-01     15.600     39.236  39.275330     3.4927    23.9597    25.2743   996.9965      0.496      0.342 0.0000e+00
      0.350      0.014   270.3359    10.5963    129.721 3.7877e-01     15.601     39.255  39.271778     3.4774    23.8275    25.2311   997.0077      0.498      0.343 0.0000e+00
      0.351      0.008   270.2680    10.6462    129.745 3.7366e-01     15.601     39.238  39.245004     3.4124    23.2211    25.1683   997.0239      0.499      0.344 0.0000e+00
      0.353      0.005   270.1823    10.6890    129.893 3.6912e-01     15.601     39.197  39.205463     3.3072    22.1903    25.0857   997.0453      0.503      0.347 0.0000e+00
      0.354      0.003   270.1603    10.7117    130.268 3.7241e-01     15.600     39.153  39.174503     3.2450    21.6290    25.0340   997.0585      0.504      0.348 0.0000e+00
      0.354      0.003   270.2601    10.7157    130.865 3.7818e-01     15.599     39.082  39.124564     3.2324    21.6194    25.0130   997.0639      0.504      0.348 0.0000e+00
      0.355      0.002   270.3563    10.7170    131.632 3.8048e-01     15.598     38.977  39.045962     3.2408    22.1082    24.9951   997.0685      0.506      0.349 0.0000e+00
      0.355      0.002   270.3777    10.7244    132.621 3.7080e-01     15.597     38.890  38.985773     3.2613    23.0754    25.0004   997.0672      0.505      0.348 0.0000e+00
      0.356      0.002   270.3459    10.7521    133.912 3.6200e-01     15.596     38.849  38.968068     3.2797    23.6668    25.0177   997.0627      0.506      0.349 0.0000e+00
      0.356      0.002   270.2309    10.7996    135.469 3.6136e-01     15.596     38.824  38.958862     3.2915    23.7308    25.0466   997.0552      0.507      0.350 0.0000e+00
      0.356      0.002   270.0192    10.8526    137.074 3.6366e-01     15.596     38.797  38.937949     3.3177    23.8492    25.0829   997.0459      0.506      0.349 0.0000e+00
      0.357      0.002   269.8515    10.9238    138.414 3.6923e-01     15.596     38.764  38.905616     3.3677    24.1028    25.1182   997.0368      0.508      0.350 0.0000e+00
      0.359      0.003   269.9235    11.0241    139.255 3.6829e-01     15.597     38.749  38.885264     3.4006    24.2570    25.1517   997.0281      0.510      0.352 0.0000e+00
      0.359      0.003   270.0292    11.1545    139.435 3.6083e-01     15.597     38.751  38.882269     3.4196    24.3052    25.1711   997.0231      0.510      0.352 0.0000e+00
      0.359      0.003   269.9252    11.2976    138.967 3.6020e-01     15.597     38.740  38.869399     3.4251    24.2732    25.1779   997.0214      0.511      0.352 0.0000e+00
      0.360      0.003   269.6995    11.4118    138.027 3.5810e-01     15.597     38.729  38.856576     3.4198    24.0082    25.1789   997.0212      0.511      0.352 0.0000e+00
      0.361      0.003   269.5369    11.4897    136.853 3.4958e-01     15.597     38.730  38.854152     3.4231    23.6080    25.1702   997.0234      0.513      0.354 0.0000e+00
      0.362      0.004   269.5941    11.5068    135.771 3.4974e-01     15.598     38.720  38.840095     3.4075    23.4169    25.1599   997.0261      0.515      0.355 0.0000e+00
      0.363      0.004   269.7018    11.4597    134.924 3.5383e-01     15.598     38.696  38.813545     3.4028    23.4474    25.1603   997.0260      0.515      0.355 0.0000e+00
      0.364      0.003   269.6351    11.3798    134.236 3.4967e-01     15.598     38.671  38.786995     3.4424    23.9093    25.1597   997.0261      0.517      0.357 0.0000e+00
      0.365      0.003   269.4757    11.2701    133.676 3.4744e-01     15.599     38.660  38.772940     3.4859    24.7436    25.1531   997.0279      0.519      0.358 0.0000e+00
      0.365      0.004   269.4087    11.1775    133.246 3.5194e-01     15.599     38.662  38.770538     3.4989    25.1922    25.1486   997.0290      0.520      0.358 0.0000e+00
      0.366      0.006   269.3417    11.1151    132.956 3.5428e-01     15.598     38.653  38.757950     3.4854    25.2481    25.1468   997.0294      0.521      0.359 0.0000e+00
      0.366      0.009   269.2692    11.0564    132.711 3.4392e-01     15.598     38.645  38.747660     3.4954    25.2819    25.1452   997.0299      0.521      0.359 0.0000e+00
      0.368      0.012   269.3056    11.0132    132.352 3.2937e-01     15.599     38.670  38.773045     3.5337    25.2913    25.1407   997.0310      0.523      0.360 0.0000e+00
      0.372      0.014   269.2656    10.9764    131.859 3.2918e-01     15.599     38.710  38.811019     3.5577    25.3273    25.1346   997.0326      0.529      0.365 0.0000e+00
      0.378      0.015   269.1297    10.9565    131.380 3.2855e-01     15.599     38.729  38.826000     3.5661    25.4087    25.1283   997.0342      0.536      0.370 0.0000e+00
      0.383      0.016   269.1244    10.9447    131.125 3.0680e-01     15.598     38.734  38.827240     3.5582    25.6914    25.1257   997.0349      0.547      0.377 0.0000e+00
      0.388      0.018   269.2023    10.9139    131.119 2.8569e-01     15.598     38.737  38.826011     3.5479    26.2054    25.1277   997.0344      0.554      0.382 0.0000e+00
      0.391      0.019   269.1252    10.8702    131.209 2.9237e-01     15.599     38.730  38.811134     3.5554    26.4394    25.1251   997.0351      0.556      0.383 0.0000e+00
      0.393      0.019   269.0522    10.8222    131.252 3.0611e-01     15.600     38.705  38.774279     3.5629    26.3920    25.1191   997.0367      0.558      0.384 0.0000e+00
      0.398      0.018   269.0946    10.8021    131.151 2.9969e-01     15.600     38.700  38.761183     3.5722    26.2499    25.1132   997.0382      0.563      0.388 0.0000e+00
      0.406      0.018   269.0354    10.8100    130.939 2.7540e-01     15.600     38.723  38.779709     3.6011    25.9569    25.1091   997.0393      0.578      0.399 0.0000e+00
      0.413      0.017   268.9389    10.8210    130.783 2.5391e-01     15.601     38.701  38.744410     3.6261    25.8021    25.1024   997.0411      0.589      0.406 0.0000e+00
      0.416      0.017   268.9599    10.8330    130.772 2.4493e-01     15.602     38.634  38.651697     3.6366    25.8205    25.0814   997.0464      0.591      0.408 0.0000e+00
      0.419      0.017   268.9452    10.8268    130.865 2.4083e-01     15.603     38.564  38.547201     3.6425    25.8019    25.0697   997.0495      0.596      0.411 0.0000e+00
      0.421      0.016   268.8480    10.8011    130.994 2.3764e-01     15.605     38.493  38.432895     3.6303    25.5767    25.0714   997.0491      0.599      0.413 0.0000e+00
      0.424      0.016   268.8166    10.7886    131.078 2.3243e-01     15.607     38.461  38.348479     3.6134    25.2267    25.0578   997.0525      0.600      0.414 0.0000e+00
      0.431      0.015   268.8226    10.7979    131.041 2.2349e-01     15.609     38.510  38.351495     3.6194    25.0718    25.0188   997.0626      0.613      0.423 0.0000e+00
      0.438      0.014   268.8348    10.8158    130.930 2.1438e-01     15.610     38.597  38.405836     3.6266    25.0430    24.9766   997.0733      0.625      0.431 0.0000e+00
      0.441      0.013   268.8792    10.8387    130.879 2.1038e-01     15.611     38.652  38.434271     3.5858    24.3971    24.9238   997.0869      0.628      0.433 0.0000e+00
      0.442      0.011   268.8422    10.8663    131.014 2.0692e-01     15.613     38.672  38.441409     3.5165    23.1337    24.8420   997.1078      0.629      0.434 0.0000e+00
      0.443      0.009   268.7322    10.8735    131.436 1.8928e-01     15.613     38.661  38.428650     3.4857    22.4370    24.7806   997.1234      0.628      0.433 0.0000e+00
      0.445      0.008   268.6670    10.8659    132.158 1.7907e-01     15.613     38.588  38.343469     3.4900    22.4275    24.7468   997.1320      0.633      0.436 0.0000e+00
      0.448      0.009   268.5709    10.8678    133.106 1.9511e-01     15.613     38.458  38.173055     3.5215    22.6760    24.7036   997.1430      0.638      0.440 0.0000e+00
      0.450      0.010   268.4297    10.8781    134.198 2.0751e-01     15.616     38.309  37.954742     3.5607    23.0030    24.6862   997.1474      0.640      0.441 0.0000e+00
      0.451      0.011   268.3370    10.9102    135.351 2.0143e-01     15.620     38.174  37.734607     3.5541    23.1194    24.7010   997.1437      0.642      0.443 0.0000e+00
      0.455      0.012   268.3108    10.9745    136.405 1.8356e-01     15.623     38.074  37.542120     3.5268    23.1561    24.6931   997.1457      0.646      0.446 0.0000e+00
      0.459      0.013   268.2849    11.0672    137.207 1.7643e-01     15.626     37.974  37.340761     3.5451    23.1727    24.6391   997.1593      0.654      0.451 0.0000e+00
      0.463      0.014   268.1960    11.1802    137.667 1.7968e-01     15.631     37.887  37.140244     3.6043    23.0805    24.5357   997.1853      0.657      0.453 0.0000e+00
      0.466      0.017   268.0962    11.3064    137.710 1.7077e-01     15.636     37.881  37.021361     3.6322    22.9680    24.4198   997.2145      0.663      0.457 0.0000e+00
      0.470      0.021   268.0237    11.4252    137.358 1.6021e-01     15.639     37.927  36.982030     3.6153    22.9450    24.3009   997.2442      0.670      0.462 0.0000e+00
      0.474      0.026   268.0077    11.5211    136.769 1.5247e-01     15.641     37.925  36.918416     3.6002    23.3856    24.1689   997.2770      0.672      0.464 0.0000e+00
      0.479      0.033   268.0753    11.5987    136.344 1.4150e-01     15.644     37.840  36.759815     3.6028    24.2787    24.0105   997.3161      0.676      0.467 0.0000e+00
      0.490      0.043   268.1524    11.6369    136.512 1.3542e-01     15.649     37.702  36.523875     3.6179    24.8174    23.8406   997.3580      0.698      0.481 0.0000e+00
      0.502      0.052   268.1667    11.6283    137.352 1.3742e-01     15.655     37.589  36.286622     3.6300    24.8863    23.7337   997.3843      0.716      0.493 0.0000e+00
      0.515      0.059   268.1613    11.5776    138.723 1.3697e-01     15.661     37.559  36.112097     3.6253    25.2487    23.6797   997.3974      0.728      0.502 0.0000e+00
      0.533      0.061   268.1735    11.5436    140.428 1.2970e-01     15.666     37.586  35.999956     3.6471    26.3829    23.5809   997.4214      0.755      0.521 0.0000e+00
      0.555      0.058   268.2286    11.5907    142.296 1.2449e-01     15.670     37.643  35.945857     3.7212    27.6488    23.4438   997.4547      0.789      0.545 0.0000e+00
      0.575      0.054   268.3968    11.7022    144.033 1.2373e-01     15.673     37.677  35.902049     3.7776    28.1601    23.2757   997.4952      0.822      0.568 0.0000e+00
      0.587      0.055   268.8317    11.8754    145.212 1.2374e-01     15.674     37.681  35.850909     3.7667    28.0676    23.0611   997.5463      0.840      0.580 0.0000e+00
      0.592      0.061   269.6152    12.0688    145.716 1.2375e-01     15.675     37.644  35.771667     3.6467    27.1821    22.8696   997.5916      0.842      0.581 0.0000e+00
      0.596      0.070   270.3836    12.2691    145.775 1.2373e-01     15.677     37.489  35.578451     3.4615    25.6944    22.7236   997.6260      0.844      0.582 0.0000e+00
      0.610      0.079   270.8090    12.4619    145.643 1.2373e-01     15.680     37.320  35.354921     3.3675    24.9113    22.6293   997.6481      0.856      0.591 0.0000e+00
      0.642      0.090   271.0591    12.5817    145.497 1.2370e-01     15.684     37.268  35.226417     3.3502    24.5461    22.5628   997.6638      0.906      0.624 0.0000e+00
      0.682      0.100   271.3424    12.6289    145.421 1.2370e-01     15.687     37.218  35.103352     3.2239    21.1068    22.5043   997.6775      0.980      0.675 0.0000e+00
