Data/DataNotYetUploadedToEDI/Raw_CTD/RawDownloads/061121_fcr50_0008.cnv
* Sea-Bird SBE19plus  Data File:
* FileName = C:\R\Reservoirs\Data\DataNotYetUploadedToEDI\Raw_CTD\RawDownloads\061121_fcr50_0008.hex
* Software version 2.8.0.119
* Temperature SN = 7809
* Conductivity SN = 7809
* System UpLoad Time = Jun 11 2021 19:35:39
* <ApplicationData>
* <Seaterm232>
# nquan = 16
# nvalues = 1884                        
# units = specified
# name 0 = depFM: Depth [fresh water, m]
# name 1 = dz/dtM: Descent Rate [m/s]
# name 2 = orp: Oxidation Reduction Potential [mV]
# name 3 = sbeox0Mg/L: Oxygen, SBE 43 [mg/l]
# name 4 = sbeox0PS: Oxygen, SBE 43 [% saturation]
# name 5 = par/sat/log: PAR/Logarithmic, Satlantic
# name 6 = ph: pH
# name 7 = specc: Specific Conductance [uS/cm]
# name 8 = c0uS/cm: Conductivity [uS/cm]
# name 9 = flECO-AFL: Fluorescence, WET Labs ECO-AFL/FL [mg/m^3]
# name 10 = turbWETntu0: Turbidity, WET Labs ECO [NTU]
# name 11 = tv290C: Temperature [ITS-90, deg C]
# name 12 = density00: Density [density, kg/m^3]
# name 13 = prdE: Pressure, Strain Gauge [psi]
# name 14 = prdM: Pressure, Strain Gauge [db]
# name 15 = flag:  0.000e+00
# span 0 =     -0.742,      9.548       
# span 1 =     -0.339,      0.196       
# span 2 =   -41.1379,   330.9957       
# span 3 =     0.8694,    13.4040       
# span 4 =      7.707,    149.537       
# span 5 = 1.2350e-01, 3.0084e+02       
# span 6 =     15.596,     16.105       
# span 7 =      0.785,     60.296       
# span 8 =   0.748326,  43.912577       
# span 9 =    -1.0095,     6.0129       
# span 10 =    -0.3031,   429.7284      
# span 11 =     8.6303,    25.5052      
# span 12 =   996.9346,   999.8775      
# span 13 =     -1.056,     13.581      
# span 14 =     -0.728,      9.364      
# span 15 = 0.0000e+00, 0.0000e+00      
# interval = seconds: 0.25
# start_time = Jun 11 2021 04:01:11 [Instrument's time stamp, header]
# bad_flag = -9.990e-29
*END*
[from data line 181]
     -0.311      0.001   222.4373    10.1211    121.883 2.1706e+02     15.623     42.449  42.816881     2.7376    23.7780    25.3766   996.9682     -0.441     -0.305 0.0000e+00
     -0.310      0.001   222.1908    10.2618    120.998 2.1738e+02     15.624     42.388  42.760686     2.7251    23.2710    25.3927   996.9640     -0.440     -0.304 0.0000e+00
     -0.310      0.000   222.1133    10.2148    121.050 2.1752e+02     15.624     42.350  42.726058     2.7181    23.2040    25.4091   996.9597     -0.441     -0.304 0.0000e+00
     -0.310 3.0464e-08   221.9297    10.0976    122.370 2.1757e+02     15.624     42.337  42.715597     2.7202    23.3800    25.4200   996.9569     -0.441     -0.304 0.0000e+00
     -0.310 3.3510e-07   221.4340     9.9833    124.759 2.1776e+02     15.624     42.318  42.697685     2.7502    23.8555    25.4270   996.9551     -0.441     -0.304 0.0000e+00
     -0.310      0.000   220.7652     9.8888    127.526 2.1786e+02     15.624     42.321  42.699917     2.7760    24.1808    25.4327   996.9535     -0.441     -0.304 0.0000e+00
     -0.310      0.000   220.3830     9.8814    129.926 2.1788e+02     15.623     42.364  42.742581     2.7840    24.2232    25.4382   996.9521     -0.442     -0.305 0.0000e+00
     -0.310      0.000   220.1684     9.9935    131.522 2.1772e+02     15.622     42.391  42.769187     2.7902    24.2643    25.4429   996.9509     -0.441     -0.304 0.0000e+00
     -0.310      0.002   219.6333    10.2130    132.248 2.1730e+02     15.621     42.328  42.704208     2.8027    24.4032    25.4431   996.9508     -0.441     -0.304 0.0000e+00
     -0.310      0.006   218.9033    10.4649    132.371 2.1669e+02     15.621     42.160  42.528234     2.8204    24.5637    25.4408   996.9514     -0.441     -0.304 0.0000e+00
     -0.310      0.011   218.3978    10.6727    132.277 2.1606e+02     15.622     42.060  42.418870     2.8424    24.7286    25.4400   996.9517     -0.441     -0.304 0.0000e+00
     -0.308      0.015   218.0805    10.8067    132.261 2.1585e+02     15.623     42.235  42.587958     2.8688    25.2982    25.4400   996.9517     -0.441     -0.304 0.0000e+00
     -0.302      0.018   217.7339    10.8563    132.479 2.1608e+02     15.624     42.441  42.795272     2.9010    26.1981    25.4393   996.9519     -0.434     -0.300 0.0000e+00
     -0.292      0.018   217.4766    10.8548    132.980 2.1648e+02     15.625     42.413  42.767230     2.9173    26.6479    25.4343   996.9532     -0.414     -0.285 0.0000e+00
     -0.284      0.017   217.2928    10.8417    133.680 2.1687e+02     15.625     42.341  42.693250     2.9034    26.7203    25.4192   996.9571     -0.401     -0.276 0.0000e+00
     -0.281      0.013   217.1462    10.8384    134.353 2.1709e+02     15.625     42.372  42.726020     2.8762    26.7293    25.4080   996.9601     -0.399     -0.275 0.0000e+00
     -0.281      0.008   216.7372    10.8544    134.833 2.1711e+02     15.625     42.424  42.782571     2.8747    26.4491    25.4120   996.9591     -0.399     -0.275 0.0000e+00
     -0.281      0.004   216.0471    10.8961    135.083 2.1711e+02     15.624     42.444  42.805702     2.9040    25.9753    25.4129   996.9588     -0.400     -0.276 0.0000e+00
     -0.281      0.001   215.6849    10.9637    135.115 2.1711e+02     15.624     42.453  42.815268     2.9061    25.7048    25.4084   996.9599     -0.400     -0.276 0.0000e+00
     -0.281 4.9181e-07   215.5424    11.0238    135.070 2.1700e+02     15.624     42.473  42.834750     2.8818    25.6847    25.4112   996.9592     -0.400     -0.276 0.0000e+00
     -0.281      0.000   215.3564    11.0602    135.107 2.1692e+02     15.624     42.490  42.850819     2.8865    25.5258    25.4177   996.9576     -0.400     -0.276 0.0000e+00
     -0.281      0.000   215.0697    11.0830    135.302 2.1695e+02     15.625     42.523  42.882602     2.9148    25.1564    25.4205   996.9569     -0.400     -0.276 0.0000e+00
     -0.281      0.001   214.6576    11.0793    135.656 2.1694e+02     15.626     42.541  42.901632     2.9287    24.9617    25.4202   996.9570     -0.399     -0.275 0.0000e+00
     -0.281      0.002   214.3315    11.0703    136.068 2.1693e+02     15.626     42.404  42.763517     2.9203    24.9218    25.4200   996.9570     -0.400     -0.276 0.0000e+00
     -0.281      0.004   214.2243    11.0728    136.433 2.1697e+02     15.626     42.255  42.609193     2.9001    24.9491    25.4185   996.9574     -0.400     -0.276 0.0000e+00
     -0.280      0.006   214.3073    11.0871    136.672 2.1682e+02     15.626     42.337  42.686144     2.8939    25.1543    25.4170   996.9578     -0.399     -0.275 0.0000e+00
     -0.278      0.009   214.4756    11.1215    136.768 2.1667e+02     15.626     42.330  42.678261     2.9122    25.3777    25.4172   996.9578     -0.396     -0.273 0.0000e+00
     -0.274      0.013   214.5382    11.1568    136.845 2.1681e+02     15.625     42.166  42.513868     2.9311    25.4868    25.4202   996.9570     -0.390     -0.269 0.0000e+00
     -0.271      0.018   214.3753    11.1901    137.017 2.1677e+02     15.625     42.192  42.539349     2.9405    25.7858    25.4155   996.9581     -0.385     -0.265 0.0000e+00
     -0.268      0.022   214.2276    11.2144    137.204 2.1672e+02     15.625     42.320  42.668971     2.9496    26.3500    25.4019   996.9617     -0.382     -0.263 0.0000e+00
     -0.263      0.023   214.1285    11.2164    137.219 2.1721e+02     15.625     42.459  42.811569     2.9649    26.7124    25.4051   996.9610     -0.376     -0.259 0.0000e+00
     -0.253      0.022   214.1232    11.2169    137.057 2.1778e+02     15.625     42.574  42.930439     2.9727    26.8028    25.4091   996.9598     -0.359     -0.248 0.0000e+00
     -0.243      0.020   214.3359    11.2353    136.922 2.1807e+02     15.625     42.605  42.963606     2.9383    26.6529    25.4021   996.9617     -0.341     -0.236 0.0000e+00
     -0.237      0.016   214.3779    11.2581    136.926 2.1809e+02     15.625     42.536  42.895191     2.8740    26.2738    25.4059   996.9608     -0.335     -0.231 0.0000e+00
     -0.236      0.007   214.2858    11.2599    137.009 2.1803e+02     15.625     42.191  42.547595     2.8342    26.0310    25.4082   996.9602     -0.336     -0.231 0.0000e+00
     -0.236     -0.010   214.3415    11.2358    137.081 2.1812e+02     15.627     41.710  42.061696     2.8381    26.0171    25.4124   996.9592     -0.336     -0.231 0.0000e+00
     -0.236     -0.042   214.1908    11.2208    137.113 2.1822e+02     15.629     41.430  41.781037     2.8733    26.0025    25.4164   996.9582     -0.336     -0.232 0.0000e+00
     -0.238     -0.091   214.6146    11.2244    137.041 2.1761e+02     15.630     41.348  41.693237     2.9069    25.9221    25.4169   996.9581     -0.335     -0.231 0.0000e+00
     -0.250     -0.156   218.0889    11.2339    136.701 2.1429e+02     15.631     41.323  41.634877     2.9115    25.8692    25.4177   996.9578     -0.343     -0.237 0.0000e+00
     -0.286     -0.221   222.9014    11.2416    136.294 2.0746e+02     15.633     40.969  41.202308     2.9005    26.0506    25.4138   996.9584     -0.389     -0.269 0.0000e+00
     -0.357     -0.269   224.6194    11.2418    136.759 1.9709e+02     15.636     40.275  40.398282     2.8790    28.6296    25.4179   996.9569     -0.488     -0.336 0.0000e+00
     -0.466     -0.286   222.5995    11.2441    138.887 1.8120e+02     15.639     39.651  39.656966     2.5838    57.2913    25.4260   996.9543     -0.649     -0.448 0.0000e+00
     -0.588     -0.266   220.9356    11.2223    141.635 1.6375e+02     15.642     36.389  36.301163     2.0108   109.8140    25.3940   996.9620     -0.856     -0.590 0.0000e+00
     -0.679     -0.215   222.7426    11.1772    141.932 1.5231e+02     15.646     25.948  25.838782     1.6734   138.1787    25.2903   996.9884     -0.993     -0.684 0.0000e+00
     -0.722     -0.144   223.4533    11.2056    137.106 1.4837e+02     15.648     12.681  12.610947     1.5846   137.7725    25.1513   997.0238     -1.045     -0.720 0.0000e+00
     -0.725     -0.069   221.5278    11.4372    127.271 1.5156e+02     15.648      5.948   5.908122     1.1751   105.5205    24.9970   997.0634     -1.048     -0.722 0.0000e+00
     -0.705     -0.006   220.6266    11.8086    115.201 1.5837e+02     15.649      4.546   4.512019     0.4427    45.9916    24.8468   997.1020     -0.997     -0.688 0.0000e+00
     -0.685      0.029   221.0741    11.9554    104.261 1.6405e+02     15.649      3.487   3.460612     0.0254    13.4472    24.7374   997.1262     -0.967     -0.667 0.0000e+00
     -0.675      0.039   221.6047    11.5627     96.422 1.6901e+02     15.650      2.847   2.825814    -0.0464    10.3473    24.6716   997.1374     -0.961     -0.663 0.0000e+00
     -0.665      0.034   221.1065    10.6542     91.787 1.7401e+02     15.650      2.495   2.475609    -0.1977     8.0641    24.6382   997.1448     -0.946     -0.653 0.0000e+00
     -0.658      0.024   220.0403     9.5402     89.503 1.7781e+02     15.650      2.093   2.077147    -0.4686     4.1404    24.6229   997.1491     -0.934     -0.644 0.0000e+00
     -0.654      0.015   219.0376     8.5713     88.699 1.7963e+02     15.650      1.951   1.935837    -0.6324     1.9426    24.6153   997.1505     -0.928     -0.640 0.0000e+00
     -0.654      0.010   217.9310     7.9260     88.736 1.8001e+02     15.650      1.858   1.844008    -0.6608     1.7139    24.6111   997.1517     -0.928     -0.640 0.0000e+00
     -0.654      0.006   217.0717     7.5736     89.206 1.7968e+02     15.650      1.740   1.727053    -0.7456     1.2719    24.6092   997.1520     -0.930     -0.641 0.0000e+00
     -0.654      0.004   216.4767     7.4074     89.831 1.7910e+02     15.649      1.675   1.662031    -0.8943     0.4093    24.6078   997.1523     -0.931     -0.642 0.0000e+00
     -0.651      0.004   216.2443     7.3604     90.446 1.7831e+02     15.649      1.641   1.627971    -0.9710    -0.0644    24.6068   997.1525     -0.926     -0.639 0.0000e+00
     -0.649      0.004   216.1541     7.3737     91.095 1.7708e+02     15.650      1.581   1.568637    -0.9767    -0.0262    24.6060   997.1528     -0.922     -0.636 0.0000e+00
     -0.648      0.004   215.6443     7.4204     91.812 1.7613e+02     15.650      1.526   1.514763    -0.9734     0.0471    24.6049   997.1530     -0.921     -0.635 0.0000e+00
     -0.648      0.003   214.9844     7.4800     92.492 1.7604e+02     15.650      1.495   1.483384    -0.9599    -0.0366    24.6038   997.1533     -0.922     -0.636 0.0000e+00
     -0.647      0.002   214.8006     7.5270     93.068 1.7668e+02     15.650      1.454   1.442629    -0.9368    -0.1799    24.6030   997.1535     -0.921     -0.635 0.0000e+00
     -0.646      0.001   216.0030     7.5782     93.537 1.7749e+02     15.650      1.413   1.402088    -0.9136    -0.2090    24.6020   997.1538     -0.919     -0.634 0.0000e+00
     -0.646      0.001   218.2511     7.6447     93.920 1.7746e+02     15.649      1.384   1.373289    -0.8990    -0.1482    24.6009   997.1540     -0.918     -0.633 0.0000e+00
     -0.646      0.001   219.7847     7.7023     94.260 1.7695e+02     15.649      1.359   1.347824    -0.9133    -0.0629    24.5997   997.1543     -0.919     -0.634 0.0000e+00
     -0.646      0.001   220.2634     7.7502     94.579 1.7701e+02     15.650      1.359   1.347584    -0.9426     0.0330    24.5986   997.1546     -0.918     -0.633 0.0000e+00
     -0.646      0.001   220.4249     7.7895     94.873 1.7767e+02     15.651      1.381   1.370389    -0.9476     0.0838    24.5975   997.1549     -0.919     -0.634 0.0000e+00
     -0.646      0.001   220.7047     7.8189     95.115 1.7821e+02     15.650      1.381   1.370159    -0.9457     0.0368    24.5962   997.1552     -0.919     -0.634 0.0000e+00
     -0.645      0.002   221.2380     7.8480     95.332 1.7798e+02     15.649      1.356   1.344809    -0.9388    -0.0891    24.5951   997.1555     -0.918     -0.633 0.0000e+00
     -0.644      0.002   221.7104     7.8734     95.558 1.7728e+02     15.649      1.328   1.317271    -0.9116    -0.1687    24.5938   997.1558     -0.917     -0.632 0.0000e+00
     -0.644      0.002   221.9424     7.9009     95.761 1.7685e+02     15.649      1.301   1.290594    -0.8932    -0.1703    24.5923   997.1562     -0.916     -0.632 0.0000e+00
     -0.643      0.003   221.9781     7.9195     95.924 1.7700e+02     15.649      1.286   1.275644    -0.8985    -0.1769    24.5911   997.1565     -0.915     -0.631 0.0000e+00
     -0.643      0.003   221.7979     7.9353     96.053 1.7772e+02     15.650      1.274   1.263218    -0.9278    -0.1789    24.5897   997.1569     -0.915     -0.631 0.0000e+00
     -0.642      0.003   221.3981     7.9575     96.173 1.7853e+02     15.650      1.278   1.267040    -0.9705    -0.1609    24.5882   997.1572     -0.913     -0.630 0.0000e+00
     -0.641      0.003   221.0158     7.9739     96.308 1.7887e+02     15.649      1.333   1.321860    -0.9858    -0.1309    24.5868   997.1576     -0.912     -0.629 0.0000e+00
     -0.640      0.004   221.4776     7.9881     96.448 1.7895e+02     15.649      1.559   1.545947    -0.9703    -0.1594    24.5853   997.1580     -0.911     -0.628 0.0000e+00
     -0.639      0.005   222.6797     7.9982     96.563 1.7916e+02     15.650      1.838   1.822595    -0.9634    -0.2310    24.5837   997.1584     -0.909     -0.627 0.0000e+00
     -0.638      0.005   223.3327     8.0073     96.635 1.7947e+02     15.650      1.831   1.816077    -0.9598    -0.2061    24.5823   997.1587     -0.908     -0.626 0.0000e+00
     -0.637      0.005   223.2634     8.0191     96.688 1.7965e+02     15.651      1.735   1.720557    -0.9466    -0.1676    24.5808   997.1591     -0.906     -0.625 0.0000e+00
     -0.634      0.005   223.3049     8.0322     96.776 1.7965e+02     15.651      1.759   1.744614    -0.9562    -0.2123    24.5791   997.1595     -0.902     -0.622 0.0000e+00
     -0.632      0.005   223.7491     8.0429     96.926 1.7960e+02     15.651      1.742   1.726854    -0.9800    -0.2314    24.5776   997.1600     -0.899     -0.620 0.0000e+00
     -0.632      0.004   223.9875     8.0480     97.088 1.7964e+02     15.651      1.647   1.632523    -0.9775    -0.1934    24.5762   997.1603     -0.899     -0.620 0.0000e+00
     -0.631      0.002   223.8642     8.0513     97.193 1.7988e+02     15.651      1.568   1.554308    -0.9635    -0.1982    24.5748   997.1607     -0.898     -0.619 0.0000e+00
     -0.631      0.001   223.8068     8.0567     97.242 1.8040e+02     15.651      1.554   1.541346    -0.9632    -0.2551    24.5733   997.1611     -0.897     -0.619 0.0000e+00
     -0.631      0.001   223.8093     8.0718     97.282 1.8105e+02     15.651      1.552   1.539146    -0.9645    -0.2288    24.5715   997.1615     -0.897     -0.619 0.0000e+00
     -0.631      0.001   223.7233     8.0883     97.347 1.8155e+02     15.651      1.541   1.527705    -0.9605    -0.0870    24.5702   997.1618     -0.898     -0.619 0.0000e+00
     -0.631      0.001   223.5413     8.0968     97.432 1.8194e+02     15.651      1.543   1.529712    -0.9530     0.0516    24.5690   997.1621     -0.898     -0.619 0.0000e+00
     -0.630      0.001   223.7591     8.0996     97.521 1.8226e+02     15.651      1.577   1.563413    -0.9599     0.0741    24.5675   997.1625     -0.897     -0.618 0.0000e+00
     -0.630      0.001   224.2926     8.1014     97.602 1.8239e+02     15.651      2.208   2.188573    -0.9860     0.0139    24.5663   997.1628     -0.897     -0.618 0.0000e+00
     -0.630      0.002   224.3124     8.1080     97.675 1.8246e+02     15.651      5.589   5.540791    -0.9929     0.0099    24.5650   997.1631     -0.896     -0.617 0.0000e+00
     -0.630      0.004   224.0848     8.1153     97.735 1.8279e+02     15.650     12.736  12.630405    -0.9855     0.0607    24.5638   997.1634     -0.897     -0.618 0.0000e+00
     -0.630      0.005   224.0359     8.1236     97.788 1.8331e+02     15.649     19.229  19.080804    -0.9915     0.0784    24.5626   997.1638     -0.896     -0.617 0.0000e+00
