Data/DataNotYetUploadedToEDI/Raw_CTD/RawDownloads/061121_fcr50_0005.cnv
* Sea-Bird SBE19plus  Data File:
* FileName = C:\R\Reservoirs\Data\DataNotYetUploadedToEDI\Raw_CTD\RawDownloads\061121_fcr50_0005.hex
* Software version 2.8.0.119
* Temperature SN = 7809
* Conductivity SN = 7809
* System UpLoad Time = Jun 11 2021 19:32:16
* <ApplicationData>
* <Seaterm232>
# nquan = 16
# nvalues = 2630                        
# units = specified
# name 0 = depFM: Depth [fresh water, m]
# name 1 = dz/dtM: Descent Rate [m/s]
# name 2 = orp: Oxidation Reduction Potential [mV]
# name 3 = sbeox0Mg/L: Oxygen, SBE 43 [mg/l]
# name 4 = sbeox0PS: Oxygen, SBE 43 [% saturation]
# name 5 = par/sat/log: PAR/Logarithmic, Satlantic
# name 6 = ph: pH
# name 7 = specc: Specific Conductance [uS/cm]
# name 8 = c0uS/cm: Conductivity [uS/cm]
# name 9 = flECO-AFL: Fluorescence, WET Labs ECO-AFL/FL [mg/m^3]
# name 10 = turbWETntu0: Turbidity, WET Labs ECO [NTU]
# name 11 = tv290C: Temperature [ITS-90, deg C]
# name 12 = density00: Density [density, kg/m^3]
# name 13 = prdE: Pressure, Strain Gauge [psi]
# name 14 = prdM: Pressure, Strain Gauge [db]
# name 15 = flag:  0.000e+00
# span 0 =     -0.703,      9.600       
# span 1 =     -0.287,      0.103       
# span 2 = -1240.7455,   222.7152       
# span 3 =     0.9143,    13.1021       
# span 4 =      7.891,    159.715       
# span 5 = 1.2344e-01, 3.4557e+02       
# span 6 =     15.585,     16.081       
# span 7 =      1.041,     78.360       
# span 8 =   1.026026,  52.346728       
# span 9 =    -1.0209,     5.5324       
# span 10 =    -0.3630,   104.2609      
# span 11 =     8.3983,    25.6266      
# span 12 =   996.9038,   999.8998      
# span 13 =     -1.000,     13.656      
# span 14 =     -0.689,      9.415      
# span 15 = 0.0000e+00, 0.0000e+00      
# interval = seconds: 0.25
# start_time = Jun 10 2021 21:04:04 [Instrument's time stamp, header]
# bad_flag = -9.990e-29
*END*
[from data line 2260]
      5.844     -0.054   -37.5988     1.0371      8.846 1.2369e-01     16.052     61.308  41.246438    -0.4020     1.1647     8.5908   999.8642      8.313      5.732 0.0000e+00
      5.828     -0.056   -37.8568     1.0547      8.816 1.2372e-01     16.052     61.273  41.233221    -0.4172     1.0990     8.5897   999.8639      8.289      5.715 0.0000e+00
      5.813     -0.056   -38.0017     1.0478      8.813 1.2377e-01     16.052     61.082  41.109191    -0.4193     1.1001     8.5946   999.8630      8.266      5.699 0.0000e+00
      5.801     -0.056   -38.0609     1.0346      8.824 1.2378e-01     16.051     60.841  40.952856    -0.4087     1.1783     8.6180   999.8612      8.252      5.689 0.0000e+00
      5.786     -0.055   -37.9699     1.0323      8.826 1.2369e-01     16.051     60.704  40.866438    -0.4040     1.2211     8.6427   999.8595      8.230      5.674 0.0000e+00
      5.770     -0.055   -37.6760     1.0254      8.836 1.2361e-01     16.051     60.636  40.826053    -0.4102     1.1719     8.6460   999.8590      8.202      5.655 0.0000e+00
      5.756     -0.054   -37.6045     1.0266      8.875 1.2365e-01     16.051     60.564  40.781939    -0.4264     1.0971     8.6475   999.8589      8.186      5.644 0.0000e+00
      5.745     -0.051   -37.7936     1.0296      8.942 1.2370e-01     16.051     60.554  40.777407    -0.4277     1.0724     8.6536   999.8583      8.172      5.634 0.0000e+00
      5.731     -0.046   -37.8973     1.0276      9.008 1.2369e-01     16.051     60.639  40.834733    -0.4070     1.0449     8.6582   999.8578      8.151      5.620 0.0000e+00
      5.716     -0.043   -37.6544     1.0290      9.036 1.2366e-01     16.051     60.841  40.967263    -0.3964     0.9364     8.6627   999.8575      8.128      5.604 0.0000e+00
      5.705     -0.042   -37.3516     1.0321      9.004 1.2364e-01     16.051     61.161  41.173754    -0.4034     0.8249     8.6666   999.8572      8.113      5.593 0.0000e+00
      5.699     -0.042   -37.5057     1.0420      8.949 1.2363e-01     16.051     61.559  41.427087    -0.4164     0.7958     8.6694   999.8569      8.106      5.589 0.0000e+00
      5.692     -0.043   -37.7967     1.0511      8.923 1.2364e-01     16.052     61.861  41.618124    -0.4191     0.8930     8.6689   999.8569      8.099      5.584 0.0000e+00
      5.681     -0.044   -37.7722     1.0554      8.889 1.2369e-01     16.052     61.996  41.706173    -0.4077     1.0726     8.6667   999.8571      8.083      5.573 0.0000e+00
      5.666     -0.047   -37.4679     1.0519      8.872 1.2374e-01     16.052     61.931  41.666444    -0.4030     1.1823     8.6608   999.8575      8.059      5.557 0.0000e+00
      5.651     -0.052   -37.1296     1.0381      8.880 1.2373e-01     16.052     61.426  41.328201    -0.4100     1.1549     8.6461   999.8587      8.037      5.541 0.0000e+00
      5.638     -0.060   -37.0366     1.0442      8.904 1.2368e-01     16.052     60.719  40.853879    -0.4150     1.0857     8.6325   999.8597      8.020      5.529 0.0000e+00
      5.628     -0.066   -37.1173     1.0343      8.953 1.2368e-01     16.052     60.374  40.628749    -0.4162     1.1005     8.6324   999.8596      8.004      5.519 0.0000e+00
      5.614     -0.069   -37.2460     1.0327      8.999 1.2366e-01     16.051     60.373  40.637428    -0.4153     1.1615     8.6396   999.8591      7.990      5.510 0.0000e+00
      5.592     -0.071   -37.2159     1.0367      9.040 1.2367e-01     16.051     60.367  40.641448    -0.4038     1.1716     8.6385   999.8589      7.958      5.487 0.0000e+00
      5.565     -0.071   -36.8395     1.0342      9.043 1.2373e-01     16.051     60.412  40.677372    -0.3824     1.0512     8.6367   999.8585      7.911      5.454 0.0000e+00
      5.543     -0.069   -36.4808     1.0468      8.998 1.2374e-01     16.052     60.520  40.754403    -0.3666     0.8727     8.6450   999.8577      7.879      5.432 0.0000e+00
      5.529     -0.064   -36.3203     1.0463      8.940 1.2367e-01     16.052     60.320  40.620691    -0.3552     0.8329     8.6544   999.8571      7.863      5.421 0.0000e+00
      5.519     -0.059   -36.3604     1.0564      8.904 1.2358e-01     16.052     59.884  40.330180    -0.3401     0.8779     8.6600   999.8566      7.852      5.414 0.0000e+00
      5.506     -0.055   -36.6225     1.0556      8.919 1.2355e-01     16.051     59.621  40.161710    -0.3458     0.8686     8.6651   999.8562      7.833      5.401 0.0000e+00
      5.492     -0.054   -36.6497     1.0484      8.973 1.2360e-01     16.050     59.525  40.107130    -0.3668     0.8582     8.6692   999.8560      7.811      5.385 0.0000e+00
      5.479     -0.054   -36.3451     1.0412      9.043 1.2363e-01     16.050     59.431  40.051117    -0.3659     0.9232     8.6684   999.8559      7.794      5.374 0.0000e+00
      5.464     -0.053   -36.1233     1.0342      9.076 1.2364e-01     16.050     59.243  39.928786    -0.3447     0.9683     8.6695   999.8555      7.774      5.360 0.0000e+00
      5.447     -0.051   -36.0324     1.0382      9.059 1.2362e-01     16.050     59.003  39.770555    -0.3197     0.9232     8.6787   999.8547      7.746      5.341 0.0000e+00
      5.432     -0.048   -36.0218     1.0430      9.032 1.2360e-01     16.050     58.833  39.661306    -0.3311     0.9267     8.6886   999.8539      7.722      5.324 0.0000e+00
      5.422     -0.047   -36.3384     1.0551      9.017 1.2365e-01     16.049     58.673  39.559969    -0.3861     1.0106     8.6943   999.8534      7.711      5.316 0.0000e+00
      5.415     -0.048   -36.8494     1.0597      9.037 1.2368e-01     16.049     58.473  39.433909    -0.4222     1.0792     8.6972   999.8532      7.704      5.312 0.0000e+00
      5.406     -0.050   -36.8652     1.0539      9.072 1.2368e-01     16.049     58.327  39.343100    -0.4149     1.1386     8.6999   999.8528      7.692      5.303 0.0000e+00
      5.393     -0.055   -36.5301     1.0517      9.057 1.2372e-01     16.048     58.329  39.350615    -0.4034     1.1103     8.7041   999.8524      7.671      5.289 0.0000e+00
      5.377     -0.061   -36.4971     1.0479      8.988 1.2370e-01     16.047     58.395  39.397839    -0.4161     0.9773     8.7100   999.8519      7.649      5.274 0.0000e+00
      5.358     -0.066   -36.9818     1.0488      8.914 1.2365e-01     16.047     58.409  39.406314    -0.4356     0.9033     8.7176   999.8512      7.622      5.255 0.0000e+00
      5.338     -0.068   -37.6591     1.0604      8.939 1.2364e-01     16.048     58.292  39.326140    -0.4382     0.9026     8.7251   999.8504      7.592      5.234 0.0000e+00
      5.320     -0.066   -37.8030     1.0542      9.052 1.2364e-01     16.048     57.995  39.126641    -0.4102     0.9003     8.7310   999.8500      7.566      5.217 0.0000e+00
      5.303     -0.061   -37.5172     1.0484      9.132 1.2364e-01     16.049     57.650  38.898316    -0.3736     0.8754     8.7330   999.8498      7.542      5.200 0.0000e+00
      5.287     -0.055   -37.3009     1.0307      9.142 1.2365e-01     16.049     57.286  38.660013    -0.3669     0.8418     8.7315   999.8498      7.519      5.184 0.0000e+00
      5.274     -0.049   -37.3386     1.0338      9.095 1.2365e-01     16.048     56.988  38.466776    -0.3673     0.8378     8.7291   999.8499      7.500      5.170 0.0000e+00
      5.264     -0.044   -37.4570     1.0579      9.065 1.2361e-01     16.047     57.072  38.529452    -0.3504     0.8605     8.7288   999.8498      7.487      5.161 0.0000e+00
      5.255     -0.040   -37.1845     1.0627      9.044 1.2360e-01     16.047     57.540  38.846606    -0.3345     0.8765     8.7335   999.8493      7.474      5.154 0.0000e+00
      5.246     -0.039   -36.7961     1.0693      9.041 1.2360e-01     16.047     58.154  39.254934    -0.3360     0.8598     8.7408   999.8486      7.461      5.144 0.0000e+00
      5.237     -0.039   -36.3739     1.0532      9.075 1.2359e-01     16.047     58.673  39.594804    -0.3503     0.8299     8.7477   999.8479      7.449      5.136 0.0000e+00
      5.227     -0.042   -35.6939     1.0552      9.118 1.2360e-01     16.048     58.875  39.718898    -0.3549     0.8241     8.7552   999.8474      7.434      5.126 0.0000e+00
      5.217     -0.047   -35.5436     1.0511      9.149 1.2364e-01     16.048     58.825  39.676312    -0.3441     0.8591     8.7564   999.8475      7.421      5.116 0.0000e+00
      5.207     -0.051   -36.1053     1.0476      9.139 1.2366e-01     16.048     58.794  39.651138    -0.3332     0.9091     8.7493   999.8481      7.408      5.108 0.0000e+00
      5.192     -0.054   -36.4627     1.0576      9.144 1.2369e-01     16.048     58.915  39.731881    -0.3373     0.9132     8.7405   999.8489      7.386      5.092 0.0000e+00
      5.174     -0.056   -36.2509     1.0581      9.163 1.2372e-01     16.048     59.060  39.827418    -0.3463     0.8749     8.7293   999.8497      7.359      5.073 0.0000e+00
      5.158     -0.057   -35.9529     1.0707      9.162 1.2371e-01     16.048     58.916  39.727236    -0.3377     0.8576     8.7198   999.8502      7.335      5.058 0.0000e+00
      5.144     -0.058   -35.8719     1.0599      9.153 1.2369e-01     16.049     58.539  39.472661    -0.3290     0.8765     8.7170   999.8503      7.316      5.044 0.0000e+00
      5.132     -0.060   -35.9590     1.0634      9.136 1.2367e-01     16.049     58.257  39.288260    -0.3362     0.8966     8.7177   999.8502      7.299      5.032 0.0000e+00
      5.119     -0.061   -36.1462     1.0692      9.161 1.2364e-01     16.048     58.037  39.147940    -0.3479     0.8946     8.7169   999.8504      7.282      5.020 0.0000e+00
      5.104     -0.061   -36.2429     1.0642      9.235 1.2363e-01     16.047     57.875  39.045485    -0.3564     0.8873     8.7123   999.8506      7.261      5.006 0.0000e+00
      5.085     -0.060   -36.1822     1.0684      9.303 1.2364e-01     16.047     57.800  39.001557    -0.3535     0.9110     8.7101   999.8505      7.232      4.986 0.0000e+00
      5.065     -0.058   -35.9272     1.0596      9.313 1.2368e-01     16.047     57.597  38.870690    -0.3416     0.9074     8.7170   999.8498      7.202      4.965 0.0000e+00
      5.050     -0.056   -35.6552     1.0633      9.227 1.2366e-01     16.047     57.195  38.605646    -0.3359     0.8773     8.7257   999.8489      7.181      4.951 0.0000e+00
      5.039     -0.056   -35.7328     1.0751      9.106 1.2364e-01     16.047     56.875  38.399183    -0.3422     0.9249     8.7306   999.8485      7.167      4.941 0.0000e+00
      5.029     -0.056   -36.0919     1.0834      9.068 1.2365e-01     16.046     56.868  38.405383    -0.3510     1.0364     8.7363   999.8481      7.155      4.933 0.0000e+00
      5.017     -0.056   -36.3826     1.0889      9.150 1.2363e-01     16.045     56.982  38.490213    -0.3563     1.1268     8.7414   999.8476      7.140      4.923 0.0000e+00
      5.000     -0.057   -36.4090     1.0751      9.264 1.2363e-01     16.046     57.046  38.536314    -0.3592     1.1249     8.7463   999.8470      7.114      4.905 0.0000e+00
      4.981     -0.057   -36.0665     1.0542      9.304 1.2368e-01     16.047     57.113  38.581977    -0.3660     1.0137     8.7547   999.8461      7.084      4.884 0.0000e+00
      4.965     -0.055   -35.6832     1.0476      9.287 1.2370e-01     16.047     57.135  38.598039    -0.3721     0.8807     8.7662   999.8453      7.062      4.869 0.0000e+00
      4.951     -0.052   -35.5599     1.0615      9.281 1.2374e-01     16.046     57.049  38.540106    -0.3565     0.8215     8.7740   999.8448      7.041      4.854 0.0000e+00
      4.939     -0.047   -35.4366     1.0820      9.298 1.2376e-01     16.046     56.920  38.452734    -0.3304     0.8475     8.7749   999.8446      7.024      4.842 0.0000e+00
      4.931     -0.043   -35.3963     1.0839      9.322 1.2370e-01     16.046     56.791  38.366722    -0.3231     0.8516     8.7749   999.8446      7.014      4.836 0.0000e+00
      4.923     -0.040   -35.3315     1.0773      9.306 1.2365e-01     16.046     56.633  38.261763    -0.3341     0.8025     8.7757   999.8446      7.004      4.829 0.0000e+00
      4.912     -0.038   -35.0832     1.0783      9.264 1.2360e-01     16.046     56.442  38.135718    -0.3492     0.8029     8.7758   999.8444      6.986      4.817 0.0000e+00
      4.901     -0.036   -34.8889     1.0790      9.267 1.2360e-01     16.046     56.401  38.112078    -0.3547     0.8567     8.7756   999.8444      6.968      4.804 0.0000e+00
      4.891     -0.033   -34.5313     1.0858      9.314 1.2365e-01     16.046     56.758  38.356734    -0.3422     0.9037     8.7760   999.8442      6.956      4.796 0.0000e+00
      4.882     -0.030   -34.1150     1.0836      9.360 1.2368e-01     16.046     57.338  38.745516    -0.3225     0.9252     8.7781   999.8440      6.945      4.788 0.0000e+00
      4.876     -0.028   -34.1584     1.0728      9.370 1.2367e-01     16.046     57.646  38.941207    -0.3075     0.9790     8.7807   999.8438      6.935      4.782 0.0000e+00
      4.871     -0.029   -34.4527     1.0748      9.327 1.2369e-01     16.046     57.483  38.818727    -0.2941     1.0390     8.7838   999.8434      6.927      4.776 0.0000e+00
      4.866     -0.035   -34.4901     1.0822      9.284 1.2371e-01     16.046     57.070  38.534000    -0.2754     1.0670     8.7896   999.8431      6.922      4.772 0.0000e+00
      4.860     -0.044   -34.3526     1.0886      9.314 1.2367e-01     16.046     56.801  38.354706    -0.2621     1.0431     8.7890   999.8434      6.916      4.768 0.0000e+00
      4.850     -0.051   -34.1669     1.0919      9.389 1.2365e-01     16.046     56.898  38.428024    -0.2669     0.9559     8.7739   999.8446      6.903      4.759 0.0000e+00
      4.833     -0.056   -33.8799     1.0851      9.440 1.2370e-01     16.047     57.136  38.595401    -0.2769     0.9055     8.7603   999.8454      6.878      4.741 0.0000e+00
      4.809     -0.058   -33.7215     1.0744      9.434 1.2370e-01     16.047     57.237  38.664799    -0.2778     0.8804     8.7564   999.8453      6.838      4.714 0.0000e+00
      4.789     -0.057   -33.7147     1.0809      9.379 1.2368e-01     16.046     57.193  38.632425    -0.2772     0.9264     8.7582   999.8449      6.804      4.691 0.0000e+00
      4.777     -0.054   -33.7115     1.0927      9.359 1.2367e-01     16.045     56.939  38.457847    -0.2797     1.0495     8.7675   999.8443      6.792      4.683 0.0000e+00
      4.769     -0.049   -33.7681     1.0995      9.423 1.2365e-01     16.045     56.565  38.204169    -0.2880     1.0987     8.7757   999.8439      6.783      4.677 0.0000e+00
      4.760     -0.045   -33.7962     1.0990      9.451 1.2366e-01     16.046     56.315  38.040476    -0.3020     1.1089     8.7753   999.8438      6.771      4.668 0.0000e+00
      4.749     -0.044   -33.8794     1.0897      9.426 1.2369e-01     16.046     56.150  37.938413    -0.3150     1.1394     8.7718   999.8441      6.757      4.658 0.0000e+00
      4.735     -0.044   -33.9998     1.0799      9.436 1.2368e-01     16.046     55.921  37.795214    -0.3305     1.1581     8.7679   999.8442      6.737      4.645 0.0000e+00
      4.721     -0.045   -33.8748     1.0988      9.405 1.2366e-01     16.045     55.586  37.578417    -0.3372     1.1285     8.7659   999.8440      6.714      4.629 0.0000e+00
      4.709     -0.047   -33.7451     1.1044      9.364 1.2366e-01     16.045     55.137  37.284602    -0.3385     1.0565     8.7710   999.8436      6.697      4.617 0.0000e+00
      4.700     -0.051   -33.7227     1.0869      9.364 1.2366e-01     16.044     54.653  36.971737    -0.3270     1.0428     8.7807   999.8428      6.686      4.610 0.0000e+00
      4.691     -0.057   -33.6042     1.1029      9.350 1.2361e-01     16.042     54.337  36.778422    -0.2936     1.1008     8.7916   999.8419      6.672      4.601 0.0000e+00
      4.679     -0.065   -33.6027     1.0925      9.384 1.2358e-01     16.042     54.131  36.660796    -0.2789     1.1393     8.8006   999.8411      6.658      4.591 0.0000e+00
