Data/DataNotYetUploadedToEDI/Raw_CTD/RawDownloads/061125_ccr50_S8188003.cnv
* Sea-Bird SBE19plus  Data File:
* FileName = C:\R\Reservoirs\Data\DataNotYetUploadedToEDI\Raw_CTD\RawDownloads\060925_bvr50_S8188_0003.hex
* Software version 2.8.0.119
* Temperature SN = 8188
* Conductivity SN = 8188
* System UpLoad Time = Jun 25 2025 16:13:33
* <ApplicationData>
* <Seaterm232>
# nquan = 16
# nvalues = 4583                        
# units = specified
# name 0 = depFM: Depth [fresh water, m]
# name 1 = dz/dtM: Descent Rate [m/s]
# name 2 = sbeox0Mg/L: Oxygen, SBE 43 [mg/l]
# name 3 = sbeox0PS: Oxygen, SBE 43 [% saturation]
# name 4 = specc: Specific Conductance [uS/cm]
# name 5 = c0uS/cm: Conductivity [uS/cm]
# name 6 = wetCDOM: Fluorescence, WET Labs CDOM [mg/m^3]
# name 7 = flECO-AFL: Fluorescence, WET Labs ECO-AFL/FL [mg/m^3]
# name 8 = flECO-AFL1: Fluorescence, WET Labs ECO-AFL/FL, 2 [mg/m^3]
# name 9 = flECO-AFL2: Fluorescence, WET Labs ECO-AFL/FL, 3 [mg/m^3]
# name 10 = par/sat/log: PAR/Logarithmic, Satlantic
# name 11 = turbWETntu0: Turbidity, WET Labs ECO [NTU]
# name 12 = prdM: Pressure, Strain Gauge [db]
# name 13 = prdE: Pressure, Strain Gauge [psi]
# name 14 = tv290C: Temperature [ITS-90, deg C]
# name 15 = flag:  0.000e+00
# span 0 =     -0.395,     22.295       
# span 1 =     -0.383,      0.172       
# span 2 =    -0.3229,    10.2998       
# span 3 =     -2.829,    125.518       
# span 4 =  -1135.299,    167.749       
# span 5 =-961.998900, 115.084056       
# span 6 =    -4.5000,    56.1600       
# span 7 =    -2.4590,    11.1025       
# span 8 =    -2.1300,     3.7914       
# span 9 =    -2.9187,     2.7918       
# span 10 = 1.1582e-01, 2.4939e+03      
# span 11 =   -11.0200,   119.3787      
# span 12 =     -0.387,     21.864      
# span 13 =     -0.562,     31.711      
# span 14 =     9.2988,    32.6259      
# span 15 = 0.0000e+00, 0.0000e+00      
# interval = seconds: 0.25
# start_time = Jun 11 2025 12:15:31 [Instrument's time stamp, header]
# bad_flag = -9.990e-29
*END*
[from data line 3526]
     22.289      0.011     0.0755      0.653    165.306 113.440343    44.1000    11.1025     0.7242     0.4653 1.1595e-01   119.3787     21.858     31.703     9.3049 0.0000e+00
     22.292      0.008     0.0750      0.653    165.091 113.297967    44.1000    11.0948     0.7242     0.4653 1.1605e-01   119.3032     21.860     31.706     9.3062 0.0000e+00
     22.293      0.006     0.0750      0.656    164.903 113.174534    44.1000    11.0681     0.7242     0.4653 1.1595e-01   119.3787     21.862     31.709     9.3075 0.0000e+00
     22.295      0.003     0.0750      0.660    164.749 113.075123    44.1000    11.0872     0.7242     0.4653 1.1607e-01   119.3032     21.863     31.710     9.3088 0.0000e+00
     22.295      0.000     0.0749      0.665    164.619 112.993222    44.1000    10.7820     0.7242     0.4653 1.1610e-01   115.4662     21.864     31.711     9.3101 0.0000e+00
     22.295     -0.004     0.0749      0.672    164.490 112.910991    44.1000    10.7782     0.7242     0.4653 1.1602e-01   115.3906     21.864     31.711     9.3115 0.0000e+00
     22.294     -0.008     0.0752      0.682    164.346 112.818498    44.1000    10.7668     0.7242     0.4653 1.1617e-01   115.4511     21.863     31.710     9.3132 0.0000e+00
     22.292     -0.014     0.0757      0.691    164.211 112.731075    56.1600    10.7820     0.8520     0.5499 1.1597e-01   115.4511     21.861     31.707     9.3152 0.0000e+00
     22.289     -0.021     0.0763      0.691    164.079 112.645406    56.1600     9.0082     0.8520     0.5499 1.1623e-01   107.3842     21.857     31.702     9.3173 0.0000e+00
     22.284     -0.031     0.0770      0.685    163.884 112.514650    56.1600     8.9853     0.8520     0.5499 1.1612e-01   107.3540     21.852     31.694     9.3193 0.0000e+00
     22.276     -0.043     0.0782      0.674    163.562 112.297938    56.1600     8.9967     0.8520     0.5499 1.1623e-01   107.3389     21.845     31.683     9.3212 0.0000e+00
     22.264     -0.057     0.0792      0.664    163.092 111.981474    46.1700     9.0158     0.7242     0.4653 1.1602e-01   107.4144     21.834     31.667     9.3229 0.0000e+00
     22.249     -0.074     0.0792      0.656    162.487 111.576853    46.1700     8.0354     0.7242     0.4653 1.1607e-01    95.1480     21.818     31.645     9.3243 0.0000e+00
     22.228     -0.091     0.0785      0.648    161.914 111.198128    46.1700     8.0469     0.7242     0.4653 1.1610e-01    95.2386     21.798     31.616     9.3254 0.0000e+00
     22.203     -0.110     0.0773      0.640    161.525 110.948265    46.1700     8.0392     0.7242     0.4653 1.1605e-01    95.2386     21.773     31.579     9.3266 0.0000e+00
     22.172     -0.128     0.0761      0.639    161.229 110.762633    44.9100     8.0392     0.7242     0.6345 1.1625e-01    95.2538     21.743     31.536     9.3286 0.0000e+00
     22.136     -0.145     0.0752      0.645    160.872 110.531748    44.9100     1.4855     0.7242     0.6345 1.1612e-01    47.4872     21.708     31.485     9.3318 0.0000e+00
     22.095     -0.161     0.0742      0.659    160.441 110.246027    44.9100     1.4855     0.7242     0.6345 1.1615e-01    47.4570     21.668     31.427     9.3364 0.0000e+00
     22.051     -0.175     0.0733      0.678    160.067 109.997233    44.9100     1.4931     0.7242     0.6345 1.1600e-01    47.5023     21.625     31.365     9.3419 0.0000e+00
     22.004     -0.186     0.0732      0.698    159.813 109.828993    44.9100     1.4855     0.7242     0.6345 1.1610e-01    47.3059     21.579     31.297     9.3473 0.0000e+00
     21.954     -0.193     0.0740      0.719    159.615 109.696443    44.3700     1.1841     0.7242     0.5499 1.1620e-01    43.3330     21.529     31.225     9.3517 0.0000e+00
     21.901     -0.196     0.0756      0.742    159.434 109.574232    44.3700     1.1803     0.7242     0.5499 1.1597e-01    43.3027     21.478     31.150     9.3550 0.0000e+00
     21.848     -0.196     0.0776      0.768    159.250 109.447766    44.3700     1.1727     0.7242     0.5499 1.1612e-01    43.3632     21.426     31.075     9.3575 0.0000e+00
     21.797     -0.194     0.0799      0.796    159.023 109.291319    44.3700     1.1765     0.7242     0.5499 1.1612e-01    43.3632     21.375     31.002     9.3594 0.0000e+00
     21.748     -0.190     0.0823      0.826    158.786 109.129149    43.2900     3.8659     0.6390     0.5922 1.1628e-01    90.3895     21.328     30.933     9.3607 0.0000e+00
     21.702     -0.188     0.0849      0.863    158.591 108.997987    43.2900     3.8811     0.6390     0.5922 1.1592e-01    90.4348     21.282     30.867     9.3612 0.0000e+00
     21.656     -0.187     0.0879      0.907    158.398 108.868855    43.2900     3.9117     0.6390     0.5922 1.1602e-01    90.4348     21.238     30.802     9.3613 0.0000e+00
     21.610     -0.188     0.0911      0.955    158.181 108.725310    43.2900     3.8850     0.6390     0.5922 1.1617e-01    90.4348     21.193     30.737     9.3612 0.0000e+00
     21.563     -0.191     0.0946      1.009    157.964 108.583057    42.0300     3.8735     0.6816     0.4653 1.1605e-01    90.4046     21.146     30.669     9.3615 0.0000e+00
     21.512     -0.192     0.0988      1.068    157.709 108.414158    42.0300     2.6375     0.6816     0.4653 1.1602e-01    80.2078     21.097     30.598     9.3622 0.0000e+00
     21.461     -0.190     0.1039      1.130    157.372 108.189568    42.0300     2.6642     0.6816     0.4653 1.1600e-01    80.2833     21.046     30.524     9.3634 0.0000e+00
     21.409     -0.186     0.1094      1.192    157.027 107.959357    42.0300     2.6452     0.6816     0.4653 1.1595e-01    80.1926     20.995     30.451     9.3651 0.0000e+00
     21.360     -0.180     0.1155      1.256    156.797 107.808078    42.0300     2.6719     0.6816     0.4653 1.1617e-01    80.2229     20.948     30.382     9.3672 0.0000e+00
     21.316     -0.173     0.1224      1.325    156.697 107.745374    40.8600     1.2375     0.5964     0.4653 1.1600e-01    47.7289     20.904     30.318     9.3694 0.0000e+00
     21.275     -0.169     0.1294      1.401    156.663 107.726533    40.8600     1.2146     0.5964     0.4653 1.1623e-01    47.7591     20.864     30.260     9.3716 0.0000e+00
     21.236     -0.167     0.1365      1.480    156.641 107.714545    40.8600     1.2566     0.5964     0.4653 1.1607e-01    47.6534     20.826     30.205     9.3740 0.0000e+00
     21.197     -0.168     0.1439      1.554    156.573 107.670227    40.8600     1.2299     0.5964     0.4653 1.1605e-01    47.7742     20.787     30.149     9.3762 0.0000e+00
     21.155     -0.170     0.1517      1.630    156.442 107.581761    39.8700     1.0010     0.6390     0.3807 1.1602e-01    40.7498     20.746     30.089     9.3780 0.0000e+00
     21.109     -0.171     0.1604      1.711    156.258 107.457545    39.8700     0.9934     0.6390     0.3807 1.1600e-01    40.7044     20.701     30.023     9.3794 0.0000e+00
     21.061     -0.169     0.1694      1.790    156.036 107.306437    39.8700     0.9972     0.6390     0.3807 1.1625e-01    40.7800     20.653     29.955     9.3803 0.0000e+00
     21.014     -0.164     0.1779      1.858    155.828 107.164110    39.8700     0.9819     0.6390     0.3807 1.1607e-01    40.7346     20.608     29.889     9.3811 0.0000e+00
     20.971     -0.157     0.1866      1.911    155.658 107.046589    39.2400     0.9209     0.5964     0.2961 1.1602e-01    39.3146     20.566     29.829     9.3818 0.0000e+00
     20.934     -0.149     0.1959      1.942    155.522 106.952521    39.2400     0.9171     0.5964     0.2961 1.1600e-01    39.3449     20.530     29.776     9.3824 0.0000e+00
     20.901     -0.144     0.2049      1.952    155.434 106.892806    39.2400     0.9362     0.5964     0.2961 1.1620e-01    39.3600     20.497     29.729     9.3829 0.0000e+00
     20.869     -0.143     0.2127      1.937    155.384 106.861515    39.2400     0.9247     0.5964     0.2961 1.1610e-01    39.3600     20.465     29.682     9.3831 0.0000e+00
     20.834     -0.144     0.2187      1.892    155.348 106.840310    35.3700     0.8713     0.5112     0.2538 1.1615e-01    38.3629     20.432     29.634     9.3830 0.0000e+00
     20.797     -0.146     0.2223      1.825    155.259 106.783552    35.3700     0.8713     0.5112     0.2538 1.1605e-01    38.2723     20.395     29.580     9.3829 0.0000e+00
     20.756     -0.147     0.2235      1.747    155.047 106.642122    35.3700     0.8332     0.5112     0.2538 1.1615e-01    38.3025     20.355     29.523     9.3831 0.0000e+00
     20.715     -0.145     0.2218      1.666    154.742 106.436280    35.3700     0.8599     0.5112     0.2538 1.1590e-01    38.3931     20.315     29.464     9.3840 0.0000e+00
     20.676     -0.141     0.2166      1.584    154.452 106.241076    35.3700     0.8179     0.5112     0.2538 1.1610e-01    36.1876     20.276     29.408     9.3852 0.0000e+00
     20.641     -0.136     0.2089      1.507    154.304 106.144389    34.7400     0.8255     0.4260     0.1269 1.1605e-01    36.1574     20.242     29.358     9.3866 0.0000e+00
     20.610     -0.132     0.2000      1.439    154.320 106.160419    34.7400     0.8026     0.4260     0.1269 1.1600e-01    36.2178     20.211     29.314     9.3880 0.0000e+00
     20.580     -0.131     0.1907      1.386    154.374 106.201482    34.7400     0.8255     0.4260     0.1269 1.1600e-01    36.1725     20.182     29.272     9.3893 0.0000e+00
     20.549     -0.133     0.1813      1.350    154.344 106.184576    34.7400     0.7263     0.4260     0.1269 1.1610e-01    34.7223     20.152     29.228     9.3907 0.0000e+00
     20.516     -0.137     0.1725      1.324    154.161 106.063211    30.4200     0.7454     0.2556     0.2115 1.1602e-01    34.8431     20.119     29.181     9.3923 0.0000e+00
     20.479     -0.140     0.1647      1.301    153.792 105.817017    30.4200     0.7340     0.2556     0.2115 1.1615e-01    34.8280     20.083     29.128     9.3939 0.0000e+00
     20.439     -0.141     0.1586      1.280    153.306 105.492290    30.4200     0.7530     0.2556     0.2115 1.1617e-01    34.8129     20.044     29.071     9.3952 0.0000e+00
     20.399     -0.138     0.1545      1.261    152.834 105.180348    30.4200     0.7492     0.2556     0.2115 1.1605e-01    34.9187     20.005     29.014     9.3964 0.0000e+00
     20.363     -0.132     0.1515      1.247    152.480 104.951929    30.1500     0.7530     0.2556     0.1692 1.1628e-01    34.9791     19.969     28.962     9.3980 0.0000e+00
     20.331     -0.126     0.1489      1.247    152.337 104.868056    30.1500     0.7416     0.2556     0.1692 1.1617e-01    35.0697     19.938     28.917     9.4004 0.0000e+00
     20.303     -0.121     0.1465      1.272    152.435 104.948339    30.1500     0.7492     0.2556     0.1692 1.1617e-01    34.9640     19.910     28.877     9.4037 0.0000e+00
     20.276     -0.119     0.1443      1.334    152.622 105.084259    30.1500     0.7378     0.2556     0.1692 1.1602e-01    33.0606     19.884     28.839     9.4079 0.0000e+00
     20.249     -0.122     0.1427      1.440    152.668 105.120161    29.8800     0.7454     0.2130     0.2115 1.1612e-01    33.1059     19.857     28.800     9.4128 0.0000e+00
     20.218     -0.126     0.1427      1.589    152.500 105.009650    29.8800     0.7569     0.2130     0.2115 1.1612e-01    33.1059     19.827     28.757     9.4177 0.0000e+00
     20.184     -0.129     0.1455      1.784    152.150 104.779226    29.8800     0.7492     0.2130     0.2115 1.1605e-01    33.1210     19.794     28.708     9.4217 0.0000e+00
     20.147     -0.130     0.1526      2.021    151.726 104.503371    29.8800     0.6996     0.2130     0.2115 1.1600e-01    31.6708     19.757     28.656     9.4243 0.0000e+00
     20.110     -0.127     0.1647      2.285    151.374 104.282431    29.8800     0.6844     0.2130     0.2115 1.1605e-01    31.7161     19.721     28.603     9.4257 0.0000e+00
     20.076     -0.121     0.1817      2.558    151.131 104.137446    29.9700     0.6844     0.2556     0.2538 1.1602e-01    31.6708     19.687     28.555     9.4274 0.0000e+00
     20.046     -0.114     0.2040      2.833    151.027 104.085720    29.9700     0.6653     0.2556     0.2538 1.1628e-01    31.7010     19.659     28.513     9.4307 0.0000e+00
     20.021     -0.108     0.2310      3.115    151.035 104.105464    29.9700     0.6806     0.2556     0.2538 1.1605e-01    30.9910     19.634     28.477     9.4361 0.0000e+00
     19.997     -0.106     0.2612      3.430    150.969 104.068022    29.9700     0.6729     0.2556     0.2538 1.1600e-01    30.9759     19.611     28.443     9.4431 0.0000e+00
     19.974     -0.108     0.2924      3.803    150.707 103.895447    28.2600     0.6920     0.2130     0.2538 1.1602e-01    31.0212     19.588     28.410     9.4506 0.0000e+00
     19.948     -0.114     0.3237      4.250    150.271 103.607682    28.2600     0.6729     0.2130     0.2538 1.1590e-01    31.0514     19.562     28.373     9.4572 0.0000e+00
     19.918     -0.121     0.3560      4.773    149.716 103.245922    28.2600     0.6272     0.2130     0.2538 1.1612e-01    29.0574     19.533     28.331     9.4618 0.0000e+00
     19.884     -0.126     0.3919      5.357    149.002 102.783659    28.2600     0.6195     0.2130     0.2538 1.1595e-01    29.0725     19.500     28.282     9.4646 0.0000e+00
     19.847     -0.127     0.4345      5.971    148.107 102.207554    28.0800     0.6157     0.1704     0.2115 1.1612e-01    29.1027     19.463     28.229     9.4672 0.0000e+00
     19.810     -0.122     0.4855      6.583    147.144 101.593833    28.0800     0.6195     0.1704     0.2115 1.1612e-01    29.0423     19.427     28.177     9.4716 0.0000e+00
     19.777     -0.112     0.5452      7.180    146.214 101.008685    28.0800     0.6958     0.1704     0.2115 1.1605e-01    26.0210     19.395     28.130     9.4787 0.0000e+00
     19.750     -0.099     0.6117      7.784    145.498 100.573868    28.0800     0.6996     0.1704     0.2115 1.1602e-01    26.1720     19.368     28.091     9.4890 0.0000e+00
     19.728     -0.086     0.6815      8.466    145.119 100.365288    28.0800     0.6806     0.1704     0.2115 1.1605e-01    26.0512     19.346     28.060     9.5029 0.0000e+00
     19.710     -0.075     0.7511      9.333    144.906 100.259381    27.2700     0.6920     0.1704     0.1269 1.1607e-01    26.1116     19.329     28.035     9.5203 0.0000e+00
     19.695     -0.068     0.8188     10.497    144.738 100.173948    27.2700     0.6462     0.1704     0.1269 1.1617e-01    27.3503     19.314     28.013     9.5399 0.0000e+00
     19.681     -0.066     0.8872     12.046    144.667 100.146162    27.2700     0.6157     0.1704     0.1269 1.1620e-01    27.3352     19.300     27.993     9.5601 0.0000e+00
     19.666     -0.069     0.9646     14.008    144.768 100.228568    27.2700     0.6195     0.1704     0.1269 1.1612e-01    27.3050     19.285     27.971     9.5784 0.0000e+00
     19.649     -0.075     1.0631     16.323    145.130 100.481110    27.0000     0.6424     0.1704     0.2538 1.1605e-01    27.3806     19.269     27.947     9.5926 0.0000e+00
     19.630     -0.085     1.1954     18.840    145.622 100.813252    27.0000     0.6958     0.1704     0.2538 1.1612e-01    30.0091     19.250     27.920     9.6031 0.0000e+00
     19.608     -0.095     1.3717     21.359    145.927 101.007788    27.0000     0.6729     0.1704     0.2538 1.1612e-01    29.9335     19.229     27.889     9.6105 0.0000e+00
     19.582     -0.105     1.5951     23.681    145.910 100.980694    27.0000     0.6996     0.1704     0.2538 1.1612e-01    30.0242     19.204     27.852     9.6147 0.0000e+00
     19.552     -0.111     1.8587     25.633    145.571 100.742732    28.4400     0.6882     0.2130     0.2538 1.1602e-01    29.9789     19.174     27.810     9.6155 0.0000e+00
