Data/DataNotYetUploadedToEDI/Raw_CTD/RawDownloads/061121_fcr50_0007.cnv
* Sea-Bird SBE19plus  Data File:
* FileName = C:\R\Reservoirs\Data\DataNotYetUploadedToEDI\Raw_CTD\RawDownloads\061121_fcr50_0007.hex
* Software version 2.8.0.119
* Temperature SN = 7809
* Conductivity SN = 7809
* System UpLoad Time = Jun 11 2021 19:34:50
* <ApplicationData>
* <Seaterm232>
# nquan = 16
# nvalues = 2339                        
# units = specified
# name 0 = depFM: Depth [fresh water, m]
# name 1 = dz/dtM: Descent Rate [m/s]
# name 2 = orp: Oxidation Reduction Potential [mV]
# name 3 = sbeox0Mg/L: Oxygen, SBE 43 [mg/l]
# name 4 = sbeox0PS: Oxygen, SBE 43 [% saturation]
# name 5 = par/sat/log: PAR/Logarithmic, Satlantic
# name 6 = ph: pH
# name 7 = specc: Specific Conductance [uS/cm]
# name 8 = c0uS/cm: Conductivity [uS/cm]
# name 9 = flECO-AFL: Fluorescence, WET Labs ECO-AFL/FL [mg/m^3]
# name 10 = turbWETntu0: Turbidity, WET Labs ECO [NTU]
# name 11 = tv290C: Temperature [ITS-90, deg C]
# name 12 = density00: Density [density, kg/m^3]
# name 13 = prdE: Pressure, Strain Gauge [psi]
# name 14 = prdM: Pressure, Strain Gauge [db]
# name 15 = flag:  0.000e+00
# span 0 =     -0.728,      9.572       
# span 1 =     -0.226,      0.152       
# span 2 =  -485.1545,   221.5790       
# span 3 =     0.8321,    13.7008       
# span 4 =      7.196,    164.144       
# span 5 = 1.2343e-01, 1.4154e+02       
# span 6 =     15.616,     16.118       
# span 7 =      0.790,     62.292       
# span 8 =   0.793076,  44.576571       
# span 9 =    -1.0122,     5.4221       
# span 10 =    -0.3758,    55.3722      
# span 11 =     8.6057,    25.7468      
# span 12 =   996.8712,   999.8798      
# span 13 =     -1.036,     13.617      
# span 14 =     -0.714,      9.388      
# span 15 = 0.0000e+00, 0.0000e+00      
# interval = seconds: 0.25
# start_time = Jun 11 2021 02:04:09 [Instrument's time stamp, header]
# bad_flag = -9.990e-29
*END*
[from data line 1537]
      8.318 2.2369e-07    31.5145     0.9390      7.552 1.2353e-01     16.098     60.202  40.577014    -0.2148     3.5220     8.6497   999.8705     11.831      8.157 0.0000e+00
      8.318 5.9624e-07    31.6245     0.9168      7.549 1.2354e-01     16.097     60.155  40.562581    -0.2620     3.4921     8.6599   999.8698     11.832      8.158 0.0000e+00
      8.318      0.000    31.7100     0.9007      7.592 1.2354e-01     16.097     60.132  40.561266    -0.2787     3.6216     8.6726   999.8690     11.831      8.157 0.0000e+00
      8.318      0.000    31.5155     0.8913      7.597 1.2356e-01     16.097     60.117  40.561121    -0.2641     3.7145     8.6848   999.8680     11.832      8.158 0.0000e+00
      8.318      0.001    31.2512     0.8735      7.577 1.2356e-01     16.097     60.106  40.560849    -0.2860     3.5850     8.6972   999.8672     11.832      8.158 0.0000e+00
      8.319      0.001    31.0953     0.8758      7.532 1.2356e-01     16.097     60.094  40.557984    -0.3718     3.2566     8.7145   999.8659     11.833      8.158 0.0000e+00
      8.319      0.001    30.9222     0.8873      7.471 1.2355e-01     16.096     60.044  40.526482    -0.4147     3.0410     8.7271   999.8650     11.832      8.158 0.0000e+00
      8.319      0.001    30.9648     0.8837      7.471 1.2353e-01     16.096     59.994  40.497333    -0.3847     3.0374     8.7332   999.8646     11.833      8.158 0.0000e+00
      8.320      0.001    31.1808     0.8813      7.509 1.2353e-01     16.095     60.015  40.522923    -0.3623     3.0759     8.7394   999.8641     11.834      8.160 0.0000e+00
      8.320      0.001    31.1239     0.8794      7.527 1.2352e-01     16.095     59.992  40.518529    -0.3728     3.0608     8.7449   999.8638     11.835      8.160 0.0000e+00
      8.320      0.001    30.8795     0.8634      7.538 1.2349e-01     16.095     59.871  40.444221    -0.3873     3.0601     8.7446   999.8638     11.834      8.160 0.0000e+00
      8.321      0.001    30.7210     0.8670      7.526 1.2351e-01     16.094     59.769  40.386185    -0.3752     3.1711     8.7452   999.8637     11.835      8.159 0.0000e+00
      8.321      0.000    30.8415     0.8758      7.507 1.2355e-01     16.094     59.751  40.388095    -0.3603     3.3036     8.7594   999.8627     11.836      8.160 0.0000e+00
      8.321 1.8630e-08    31.0463     0.8730      7.523 1.2356e-01     16.094     59.756  40.403862    -0.3692     3.3575     8.7701   999.8620     11.835      8.161 0.0000e+00
      8.321 2.0493e-07    30.9600     0.8782      7.558 1.2356e-01     16.094     59.715  40.386410    -0.3781     3.2732     8.7718   999.8618     11.835      8.160 0.0000e+00
      8.321 2.0521e-07    30.7440     0.8752      7.576 1.2365e-01     16.094     59.684  40.367507    -0.3820     3.1090     8.7823   999.8609     11.835      8.160 0.0000e+00
      8.321 2.2014e-08    30.5002     0.8691      7.559 1.2369e-01     16.093     59.687  40.365736    -0.3788     3.0540     8.7955   999.8600     11.836      8.160 0.0000e+00
      8.321 3.8949e-08    30.2495     0.8735      7.545 1.2367e-01     16.093     59.683  40.364997    -0.3668     3.0889     8.8046   999.8594     11.835      8.160 0.0000e+00
      8.321 4.0996e-07    30.3797     0.8775      7.560 1.2365e-01     16.092     59.654  40.358572    -0.3615     3.1192     8.8164   999.8586     11.836      8.160 0.0000e+00
      8.321      0.000    30.7841     0.8823      7.583 1.2360e-01     16.092     59.621  40.351539    -0.3621     3.1115     8.8185   999.8584     11.835      8.160 0.0000e+00
      8.321      0.000    30.9221     0.8771      7.597 1.2361e-01     16.092     59.599  40.343454    -0.3740     3.0291     8.8100   999.8590     11.836      8.160 0.0000e+00
      8.322      0.001    30.7583     0.8737      7.588 1.2365e-01     16.092     59.567  40.324297    -0.3816     2.9819     8.8095   999.8590     11.837      8.161 0.0000e+00
      8.322      0.001    30.5244     0.8779      7.584 1.2365e-01     16.091     59.539  40.310333    -0.3492     3.0900     8.8247   999.8579     11.836      8.161 0.0000e+00
      8.322      0.001    30.4166     0.8792      7.627 1.2361e-01     16.091     59.515  40.301582    -0.2874     3.3409     8.8418   999.8567     11.837      8.161 0.0000e+00
      8.322      0.001    30.4014     0.8830      7.666 1.2357e-01     16.092     59.471  40.281966    -0.2549     3.5084     8.8451   999.8565     11.837      8.161 0.0000e+00
      8.323      0.001    30.3410     0.8806      7.641 1.2357e-01     16.092     59.434  40.263589    -0.2607     3.4681     8.8439   999.8566     11.838      8.162 0.0000e+00
      8.323      0.001    30.2887     0.8763      7.615 1.2358e-01     16.091     59.451  40.269822    -0.2429     3.5051     8.8495   999.8561     11.839      8.163 0.0000e+00
      8.323      0.001    30.2853     0.8838      7.631 1.2353e-01     16.091     59.504  40.293850    -0.2121     3.6129     8.8551   999.8557     11.839      8.162 0.0000e+00
      8.323      0.000    30.1281     0.8946      7.666 1.2353e-01     16.091     59.525  40.300197    -0.2034     3.6047     8.8648   999.8550     11.838      8.162 0.0000e+00
      8.323 2.6767e-08    29.8496     0.8847      7.684 1.2359e-01     16.092     59.502  40.283081    -0.2130     3.5430     8.8763   999.8541     11.839      8.163 0.0000e+00
      8.323 2.9444e-07    29.6716     0.8797      7.637 1.2358e-01     16.092     59.479  40.277324    -0.2428     3.4850     8.8679   999.8547     11.838      8.162 0.0000e+00
      8.323      0.000    29.6101     0.8859      7.583 1.2358e-01     16.091     59.483  40.294077    -0.2390     3.5560     8.8540   999.8557     11.839      8.163 0.0000e+00
      8.323      0.000    29.7094     0.8877      7.574 1.2361e-01     16.091     59.482  40.295237    -0.2055     3.6116     8.8487   999.8562     11.839      8.162 0.0000e+00
      8.324      0.000    29.6671     0.8971      7.569 1.2361e-01     16.092     59.495  40.291341    -0.1904     3.5396     8.8438   999.8565     11.839      8.163 0.0000e+00
      8.324      0.001    29.4433     0.8855      7.575 1.2363e-01     16.093     59.545  40.310431    -0.1902     3.5082     8.8533   999.8558     11.839      8.163 0.0000e+00
      8.324      0.005    29.3272     0.8748      7.625 1.2364e-01     16.093     59.601  40.335619    -0.2030     3.5416     8.8731   999.8544     11.839      8.163 0.0000e+00
      8.324      0.012    29.2097     0.8799      7.687 1.2358e-01     16.093     59.731  40.405453    -0.2017     3.6682     8.8753   999.8543     11.840      8.163 0.0000e+00
      8.324      0.023    29.1416     0.8769      7.663 1.2349e-01     16.093     59.947  40.520018    -0.1841     3.7009     8.8581   999.8555     11.839      8.163 0.0000e+00
      8.327      0.035    29.0190     0.8771      7.567 1.2350e-01     16.094     60.099  40.578243    -0.1714     3.6615     8.8449   999.8565     11.841      8.165 0.0000e+00
      8.336      0.045    28.6735     0.8820      7.496 1.2360e-01     16.096     60.107  40.538119    -0.1818     3.7072     8.8381   999.8570     11.852      8.171 0.0000e+00
      8.354      0.049    28.4919     0.8980      7.501 1.2364e-01     16.097     60.061  40.479169    -0.2048     3.7041     8.8252   999.8580     11.879      8.189 0.0000e+00
      8.379      0.050    28.5443     0.8943      7.604 1.2360e-01     16.096     60.095  40.500195    -0.2015     3.7273     8.7996   999.8601     11.922      8.220 0.0000e+00
      8.399      0.046    28.5328     0.8764      7.692 1.2357e-01     16.096     60.140  40.538440    -0.2000     3.6788     8.7586   999.8632     11.955      8.244 0.0000e+00
      8.405      0.037    28.4386     0.8715      7.712 1.2359e-01     16.095     60.073  40.497273    -0.2331     3.4607     8.7136   999.8664     11.958      8.245 0.0000e+00
      8.405      0.025    28.3526     0.8657      7.687 1.2361e-01     16.095     59.988  40.446781    -0.2781     3.3224     8.6866   999.8683     11.950      8.239 0.0000e+00
      8.410      0.015    28.3524     0.8876      7.608 1.2361e-01     16.095     59.953  40.435742    -0.2857     3.3450     8.6922   999.8680     11.961      8.247 0.0000e+00
      8.416      0.009    28.4366     0.9007      7.599 1.2363e-01     16.094     59.921  40.427302    -0.2584     3.3905     8.7045   999.8672     11.976      8.256 0.0000e+00
      8.416      0.006    28.4242     0.8950      7.646 1.2364e-01     16.094     59.875  40.408215    -0.2727     3.2896     8.7031   999.8671     11.971      8.254 0.0000e+00
      8.415      0.005    28.2884     0.9031      7.632 1.2362e-01     16.095     59.839  40.395402    -0.3350     3.0860     8.7072   999.8669     11.965      8.250 0.0000e+00
      8.417      0.002    28.2570     0.8784      7.600 1.2359e-01     16.095     59.834  40.399346    -0.3820     2.9543     8.7214   999.8659     11.972      8.254 0.0000e+00
      8.417      0.001    28.3032     0.8789      7.554 1.2355e-01     16.094     59.819  40.392426    -0.3928     2.9328     8.7325   999.8651     11.974      8.256 0.0000e+00
      8.417      0.001    28.3303     0.8976      7.501 1.2350e-01     16.094     59.785  40.375214    -0.3792     2.9988     8.7407   999.8645     11.969      8.252 0.0000e+00
      8.417      0.001    28.3265     0.8842      7.510 1.2349e-01     16.094     59.784  40.381654    -0.3710     3.0307     8.7531   999.8636     11.971      8.253 0.0000e+00
      8.417      0.000    28.1713     0.8853      7.578 1.2354e-01     16.093     59.816  40.406834    -0.3883     2.9753     8.7596   999.8631     11.974      8.255 0.0000e+00
      8.417      0.000    28.0886     0.8796      7.635 1.2355e-01     16.093     59.844  40.425772    -0.4069     2.9471     8.7584   999.8632     11.972      8.254 0.0000e+00
      8.417      0.001    28.1881     0.8678      7.628 1.2358e-01     16.093     59.833  40.420205    -0.4057     2.9632     8.7637   999.8628     11.971      8.254 0.0000e+00
      8.418      0.001    28.1687     0.8700      7.583 1.2367e-01     16.094     59.802  40.403002    -0.3924     2.9642     8.7726   999.8622     11.973      8.255 0.0000e+00
      8.418      0.001    28.0267     0.8808      7.563 1.2367e-01     16.095     59.808  40.408196    -0.3890     2.9252     8.7760   999.8619     11.974      8.256 0.0000e+00
      8.418      0.001    27.9328     0.8910      7.582 1.2360e-01     16.094     59.825  40.419527    -0.4031     2.9046     8.7728   999.8622     11.972      8.254 0.0000e+00
      8.418      0.001    27.8947     0.8886      7.632 1.2362e-01     16.092     59.814  40.413067    -0.4109     2.9554     8.7740   999.8621     11.973      8.255 0.0000e+00
      8.418      0.001    27.8232     0.8788      7.687 1.2369e-01     16.092     59.778  40.393556    -0.3968     3.0240     8.7801   999.8617     11.974      8.256 0.0000e+00
      8.418      0.001    27.7572     0.8771      7.686 1.2367e-01     16.092     59.738  40.374054    -0.3376     3.1840     8.7802   999.8616     11.973      8.255 0.0000e+00
      8.419      0.001    27.7850     0.8801      7.646 1.2361e-01     16.091     59.718  40.367696    -0.2680     3.3801     8.7791   999.8617     11.974      8.256 0.0000e+00
      8.419      0.001    27.8155     0.8848      7.617 1.2354e-01     16.090     59.730  40.380171    -0.2608     3.4033     8.7784   999.8618     11.975      8.256 0.0000e+00
      8.420      0.001    27.6955     0.8976      7.617 1.2351e-01     16.091     59.756  40.397936    -0.2793     3.4308     8.7830   999.8614     11.976      8.257 0.0000e+00
      8.420      0.001    27.5389     0.8946      7.692 1.2355e-01     16.092     59.752  40.392067    -0.2714     3.5411     8.7908   999.8608     11.975      8.256 0.0000e+00
      8.420      0.000    27.4709     0.8858      7.759 1.2354e-01     16.092     59.729  40.372687    -0.2711     3.4665     8.7970   999.8604     11.976      8.257 0.0000e+00
      8.420      0.000    27.3886     0.8860      7.727 1.2352e-01     16.091     59.704  40.354036    -0.3227     3.2158     8.8026   999.8600     11.977      8.258 0.0000e+00
      8.420      0.002    27.4042     0.8783      7.674 1.2352e-01     16.091     59.704  40.356977    -0.3806     3.0500     8.8013   999.8601     11.976      8.257 0.0000e+00
      8.420      0.006    27.4877     0.8931      7.650 1.2354e-01     16.091     59.769  40.408246    -0.3886     3.0400     8.7976   999.8604     11.976      8.257 0.0000e+00
      8.420      0.013    27.4523     0.9095      7.658 1.2356e-01     16.092     59.857  40.466136    -0.3719     3.0951     8.7935   999.8607     11.976      8.257 0.0000e+00
      8.421      0.022    27.3195     0.8959      7.676 1.2361e-01     16.092     59.921  40.485653    -0.3607     3.1336     8.7911   999.8609     11.977      8.258 0.0000e+00
      8.426      0.027    27.0868     0.8904      7.646 1.2363e-01     16.092     59.923  40.453775    -0.3676     3.1277     8.7930   999.8607     11.980      8.259 0.0000e+00
      8.438      0.028    26.8763     0.8872      7.617 1.2360e-01     16.093     59.874  40.398033    -0.3791     3.1265     8.8031   999.8600     11.998      8.273 0.0000e+00
      8.455      0.027    26.8396     0.8870      7.639 1.2362e-01     16.094     59.860  40.382937    -0.3660     3.1540     8.8096   999.8598     12.030      8.295 0.0000e+00
      8.465      0.024    26.9006     0.8962      7.672 1.2366e-01     16.093     59.875  40.398192    -0.3521     3.1505     8.7842   999.8617     12.046      8.305 0.0000e+00
      8.465      0.017    26.9255     0.8890      7.712 1.2364e-01     16.092     59.850  40.392064    -0.3546     3.0843     8.7474   999.8643     12.040      8.301 0.0000e+00
      8.464      0.011    26.8832     0.8816      7.727 1.2361e-01     16.091     59.800  40.372333    -0.3678     3.0056     8.7285   999.8656     12.037      8.299 0.0000e+00
      8.465      0.008    26.8185     0.8906      7.706 1.2361e-01     16.091     59.748  40.350062    -0.3774     2.9882     8.7269   999.8657     12.043      8.303 0.0000e+00
      8.465      0.013    26.7459     0.8911      7.706 1.2362e-01     16.091     59.679  40.313227    -0.3659     3.0453     8.7317   999.8654     12.042      8.302 0.0000e+00
      8.465      0.021    26.6937     0.8971      7.688 1.2361e-01     16.091     59.666  40.307815    -0.3624     3.1137     8.7402   999.8647     12.038      8.300 0.0000e+00
      8.470      0.026    26.7034     0.9028      7.653 1.2362e-01     16.092     59.731  40.348107    -0.3725     3.0946     8.7552   999.8636     12.043      8.303 0.0000e+00
      8.482      0.027    26.6904     0.8912      7.649 1.2368e-01     16.092     59.746  40.356065    -0.3743     2.9858     8.7659   999.8630     12.060      8.315 0.0000e+00
      8.498      0.027    26.6235     0.8975      7.628 1.2371e-01     16.092     59.723  40.340559    -0.3657     2.9655     8.7746   999.8624     12.089      8.336 0.0000e+00
      8.508      0.024    26.5828     0.8961      7.593 1.2364e-01     16.091     59.738  40.351049    -0.3538     3.0545     8.7788   999.8620     12.109      8.348 0.0000e+00
      8.509      0.017    26.6284     0.8845      7.602 1.2356e-01     16.091     59.746  40.355959    -0.3261     3.2045     8.7722   999.8626     12.104      8.345 0.0000e+00
      8.509      0.009    26.6584     0.8920      7.667 1.2358e-01     16.091     59.717  40.336442    -0.2884     3.3714     8.7698   999.8627     12.098      8.341 0.0000e+00
      8.511      0.003    26.6016     0.8872      7.739 1.2362e-01     16.091     59.668  40.305491    -0.2792     3.3903     8.7710   999.8626     12.105      8.347 0.0000e+00
      8.511      0.001    26.5446     0.8799      7.763 1.2363e-01     16.091     59.650  40.299105    -0.2714     3.4318     8.7712   999.8627     12.107      8.347 0.0000e+00
      8.510      0.002    26.4845     0.8810      7.744 1.2367e-01     16.091     59.673  40.322705    -0.2421     3.6335     8.7708   999.8627     12.102      8.344 0.0000e+00
