Data/DataNotYetUploadedToEDI/Raw_CTD/RawDownloads/061126_ccr88_S8188016.cnv
* Sea-Bird SBE19plus  Data File:
* FileName = C:\R\Reservoirs\Data\DataNotYetUploadedToEDI\Raw_CTD\RawDownloads\062526_ccr50_S8188_0016.hex
* Software version 2.8.0.119
* Temperature SN = 8188
* Conductivity SN = 8188
* System UpLoad Time = Jun 29 2026 18:14:22
* <ApplicationData>
* <Seaterm232>
# nquan = 16
# nvalues = 2750                        
# units = specified
# name 0 = depFM: Depth [fresh water, m]
# name 1 = dz/dtM: Descent Rate [m/s]
# name 2 = sbeox0Mg/L: Oxygen, SBE 43 [mg/l]
# name 3 = sbeox0PS: Oxygen, SBE 43 [% saturation]
# name 4 = specc: Specific Conductance [uS/cm]
# name 5 = c0uS/cm: Conductivity [uS/cm]
# name 6 = wetCDOM: Fluorescence, WET Labs CDOM [mg/m^3]
# name 7 = flECO-AFL: Fluorescence, WET Labs ECO-AFL/FL [mg/m^3]
# name 8 = flECO-AFL1: Fluorescence, WET Labs ECO-AFL/FL, 2 [mg/m^3]
# name 9 = flECO-AFL2: Fluorescence, WET Labs ECO-AFL/FL, 3 [mg/m^3]
# name 10 = par/sat/log: PAR/Logarithmic, Satlantic
# name 11 = turbWETntu0: Turbidity, WET Labs ECO [NTU]
# name 12 = prdM: Pressure, Strain Gauge [db]
# name 13 = prdE: Pressure, Strain Gauge [psi]
# name 14 = tv290C: Temperature [ITS-90, deg C]
# name 15 = flag:  0.000e+00
# span 0 =     -0.466,      8.477       
# span 1 =     -0.195,      0.177       
# span 2 =     3.9410,    10.9616       
# span 3 =     37.051,    106.996       
# span 4 =   -629.401,    164.045       
# span 5 =-474.235968, 158.045256       
# span 6 =    -4.5000,    26.4600       
# span 7 =    -0.8530,   126.4111       
# span 8 =    -2.1300,     2.7264       
# span 9 =    -2.0304,    17.3007       
# span 10 = 4.5284e+00, 6.2828e+03      
# span 11 =   -10.2647,   587.7536      
# span 12 =     -0.457,      8.314      
# span 13 =     -0.663,     12.057      
# span 14 =    12.4874,    31.6250      
# span 15 = 0.0000e+00, 0.0000e+00      
# interval = seconds: 0.25
# start_time = Jun 11 2026 10:50:52 [Instrument's time stamp, header]
# bad_flag = -9.990e-29
*END*
[from data line 2260]
      8.420      0.010     8.9410     83.810    145.096 109.142951    16.7400     6.6659     0.1278     0.3807 7.7504e+00   100.1785      8.257     11.975    12.5946 0.0000e+00
      8.422      0.009     8.9345     83.707    145.106 109.131415    16.7400     6.6926     0.1278     0.3807 7.6900e+00   100.0727      8.259     11.979    12.6001 0.0000e+00
      8.424      0.009     8.9260     83.614    145.138 109.131841    16.8300     6.1433     0.1278     0.3807 7.6284e+00    79.8452      8.261     11.982    12.6058 0.0000e+00
      8.426      0.008     8.9158     83.536    145.177 109.140342    16.8300     6.1204     0.1278     0.3807 7.6135e+00    79.7848      8.263     11.985    12.6093 0.0000e+00
      8.428      0.008     8.9053     83.476    145.210 109.147187    16.8300     6.1395     0.1278     0.3807 7.5084e+00    79.6790      8.265     11.988    12.6076 0.0000e+00
      8.430      0.008     8.8956     83.428    145.233 109.150203    16.8300     6.1166     0.1278     0.3807 7.3151e+00    79.8603      8.267     11.991    12.6011 0.0000e+00
      8.432      0.008     8.8873     83.388    145.248 109.152193    16.8300     5.2239     0.1278     0.3807 7.1922e+00    57.6236      8.269     11.994    12.5930 0.0000e+00
      8.434      0.007     8.8805     83.349    145.263 109.161684    16.9200     5.1972     0.1278     0.4230 7.0131e+00    57.5934      8.271     11.996    12.5856 0.0000e+00
      8.436      0.007     8.8753     83.299    145.279 109.177209    16.9200     5.2087     0.1278     0.4230 6.9509e+00    57.5934      8.273     11.999    12.5795 0.0000e+00
      8.438      0.007     8.8713     83.234    145.279 109.182915    16.9200     5.1782     0.1278     0.4230 6.8773e+00    57.5783      8.275     12.002    12.5745 0.0000e+00
      8.440      0.006     8.8677     83.161    145.278 109.188322    16.9200     4.9035     0.1278     0.4230 6.7868e+00    49.2698      8.276     12.004    12.5713 0.0000e+00
      8.441      0.006     8.8636     83.089    145.280 109.196869    16.9200     4.9073     0.1278     0.3384 6.7500e+00    49.1942      8.278     12.006    12.5706 0.0000e+00
      8.443      0.005     8.8581     83.026    145.268 109.192844    16.9200     4.9226     0.1278     0.3384 6.6626e+00    49.3000      8.279     12.008    12.5719 0.0000e+00
      8.444      0.005     8.8508     82.971    145.247 109.179172    16.9200     4.8921     0.1278     0.3384 6.6135e+00    49.2396      8.281     12.010    12.5739 0.0000e+00
      8.445      0.005     8.8425     82.916    145.236 109.170201    16.9200     4.5373     0.1278     0.3384 6.5123e+00    41.4900      8.282     12.012    12.5761 0.0000e+00
      8.446      0.004     8.8345     82.858    145.248 109.177535    17.0100     4.5525     0.1278     0.3807 6.4321e+00    41.4900      8.283     12.013    12.5784 0.0000e+00
      8.447      0.004     8.8275     82.807    145.272 109.193130    17.0100     4.5411     0.1278     0.3807 6.3931e+00    41.4900      8.284     12.015    12.5801 0.0000e+00
      8.448      0.004     8.8215     82.776    145.283 109.199155    17.0100     4.5411     0.1278     0.3807 6.3723e+00    41.4144      8.285     12.016    12.5808 0.0000e+00
      8.449      0.003     8.8156     82.767    145.281 109.197215    17.0100     4.5297     0.1278     0.3807 6.3557e+00    39.3600      8.285     12.017    12.5807 0.0000e+00
      8.450      0.003     8.8095     82.781    145.275 109.194789    17.0100     4.5602     0.1278     0.3384 6.3792e+00    39.2995      8.286     12.018    12.5801 0.0000e+00
      8.450      0.003     8.8044     82.815    145.265 109.191231    17.0100     4.5220     0.1278     0.3384 6.3130e+00    39.2844      8.287     12.019    12.5793 0.0000e+00
      8.451      0.003     8.8012     82.868    145.254 109.189592    17.0100     4.5602     0.1278     0.3384 6.2966e+00    39.2693      8.287     12.020    12.5786 0.0000e+00
      8.452      0.003     8.8003     82.933    145.242 109.189434    17.0100     4.7738     0.1278     0.3384 6.2693e+00    37.1242      8.288     12.021    12.5784 0.0000e+00
      8.452      0.003     8.8017     82.997    145.232 109.190715    17.0100     4.7700     0.1278     0.3384 6.2557e+00    37.1242      8.289     12.022    12.5790 0.0000e+00
      8.453      0.003     8.8050     83.043    145.232 109.197778    16.8300     4.7814     0.1278     0.2538 6.2543e+00    37.1695      8.289     12.023    12.5804 0.0000e+00
      8.453      0.003     8.8101     83.060    145.235 109.204507    16.8300     4.7738     0.1278     0.2538 6.1813e+00    37.1846      8.290     12.024    12.5827 0.0000e+00
      8.454      0.002     8.8164     83.047    145.224 109.196703    16.8300     5.4299     0.1278     0.2538 6.1773e+00    34.9489      8.291     12.024    12.5857 0.0000e+00
      8.455      0.002     8.8226     83.008    145.200 109.174284    16.8300     5.4528     0.1278     0.2538 6.1545e+00    35.0093      8.291     12.025    12.5888 0.0000e+00
      8.455      0.002     8.8269     82.960    145.181 109.153265    16.7400     5.4605     0.1704     0.4230 6.0472e+00    35.0093      8.292     12.026    12.5913 0.0000e+00
      8.456      0.002     8.8285     82.916    145.180 109.144034    16.7400     5.4681     0.1704     0.4230 6.0550e+00    34.9791      8.292     12.027    12.5928 0.0000e+00
      8.456      0.001     8.8271     82.888    145.195 109.148127    16.7400     6.0670     0.1704     0.4230 5.9922e+00    32.7282      8.293     12.027    12.5929 0.0000e+00
      8.456      0.001     8.8233     82.877    145.220 109.160640    16.7400     6.0670     0.1704     0.4230 6.0222e+00    32.7736      8.293     12.027    12.5915 0.0000e+00
      8.456      0.001     8.8186     82.879    145.248 109.174910    16.6500     6.0708     0.1278     0.3384 5.9520e+00    32.8038      8.293     12.028    12.5890 0.0000e+00
      8.457      0.000     8.8146     82.887    145.272 109.186746    16.6500     6.0746     0.1278     0.3384 5.9714e+00    32.7736      8.293     12.028    12.5862 0.0000e+00
      8.457      0.000     8.8120     82.897    145.300 109.201304    16.6500     6.9368     0.1278     0.3384 5.9069e+00    32.4865      8.293     12.028    12.5837 0.0000e+00
      8.456      0.000     8.8113     82.899    145.333 109.220467    16.6500     6.9253     0.1278     0.3384 5.8928e+00    32.5319      8.293     12.028    12.5815 0.0000e+00
      8.456     -0.001     8.8119     82.887    145.359 109.235347    16.6500     6.9215     0.1278     0.3807 5.9133e+00    32.3506      8.293     12.028    12.5794 0.0000e+00
      8.456     -0.001     8.8133     82.856    145.378 109.247915    16.6500     6.9482     0.1278     0.3807 5.9107e+00    32.4412      8.293     12.027    12.5772 0.0000e+00
      8.456     -0.002     8.8147     82.808    145.380 109.249524    16.6500     6.9368     0.1278     0.3807 5.9378e+00    32.6829      8.292     12.027    12.5749 0.0000e+00
      8.455     -0.002     8.8154     82.751    145.351 109.228609    16.6500     7.3602     0.1278     0.3807 5.9468e+00    34.6921      8.292     12.026    12.5729 0.0000e+00
      8.455     -0.002     8.8144     82.691    145.310 109.195588    16.6500     7.3793     0.1278     0.3807 6.0118e+00    34.8582      8.291     12.026    12.5714 0.0000e+00
      8.454     -0.002     8.8112     82.633    145.273 109.163647    16.6500     7.3793     0.1278     0.4230 6.0933e+00    34.8280      8.291     12.025    12.5708 0.0000e+00
      8.454     -0.002     8.8061     82.586    145.262 109.152258    16.6500     7.3602     0.1278     0.4230 6.0986e+00    34.7223      8.290     12.024    12.5709 0.0000e+00
      8.453     -0.002     8.7999     82.554    145.277 109.162384    16.6500     6.9940     0.1278     0.4230 6.2137e+00    52.9860      8.289     12.023    12.5710 0.0000e+00
      8.452     -0.001     8.7937     82.531    145.289 109.172731    16.6500     6.9635     0.1278     0.4230 6.4014e+00    52.8500      8.289     12.022    12.5704 0.0000e+00
      8.452     -0.001     8.7879     82.502    145.304 109.184062    16.6500     7.0207     0.1278     0.4653 6.5906e+00    52.8349      8.288     12.021    12.5690 0.0000e+00
      8.452      0.000     8.7830     82.460    145.319 109.191400    16.6500     7.0016     0.1278     0.4653 6.6020e+00    52.8500      8.288     12.021    12.5678 0.0000e+00
      8.452      0.001     8.7796     82.410    145.324 109.186706    16.6500     6.7575     0.1278     0.4653 6.5620e+00    64.6783      8.288     12.021    12.5675 0.0000e+00
      8.452      0.002     8.7771     82.364    145.346 109.192718    16.6500     6.7498     0.1278     0.4653 6.5307e+00    64.6632      8.289     12.022    12.5680 0.0000e+00
      8.453      0.003     8.7741     82.332    145.382 109.211039    16.6500     6.7460     0.1278     0.4653 6.3903e+00    64.7237      8.290     12.023    12.5680 0.0000e+00
      8.454      0.003     8.7699     82.316    145.395 109.214566    16.6500     6.7231     0.1278     0.4653 6.3433e+00    64.6481      8.291     12.025    12.5666 0.0000e+00
      8.455      0.003     8.7652     82.311    145.391 109.208238    16.6500     7.5357     0.1278     0.4653 6.1265e+00    48.5296      8.292     12.026    12.5636 0.0000e+00
      8.456      0.002     8.7610     82.319    145.392 109.208359    16.6500     7.5433     0.1278     0.4653 6.1492e+00    48.5447      8.292     12.027    12.5600 0.0000e+00
      8.456      0.002     8.7582     82.336    145.387 109.204968    16.6500     7.5471     0.1278     0.4653 6.1385e+00    48.4993      8.293     12.028    12.5570 0.0000e+00
      8.457      0.001     8.7569     82.350    145.375 109.195160    16.4700     7.5242     0.1278     0.3384 6.1519e+00    48.5296      8.293     12.028    12.5548 0.0000e+00
      8.457      0.001     8.7566     82.345    145.364 109.184317    16.4700     8.0888     0.1278     0.3384 6.1478e+00    49.0130      8.294     12.029    12.5537 0.0000e+00
      8.457      0.000     8.7574     82.304    145.371 109.183543    16.4700     8.1232     0.1278     0.3384 6.0986e+00    49.0130      8.294     12.029    12.5534 0.0000e+00
      8.457      0.000     8.7592     82.209    145.412 109.206627    16.4700     8.1003     0.1278     0.3384 6.1532e+00    49.1036      8.294     12.029    12.5536 0.0000e+00
      8.457      0.000     8.7608     82.067    145.454 109.229733    16.7400     8.1041     0.1704     0.5499 6.1185e+00    48.9828      8.294     12.029    12.5534 0.0000e+00
      8.457      0.000     8.7605     81.889    145.468 109.233032    16.7400     6.4866     0.1704     0.5499 6.1505e+00    52.4119      8.294     12.029    12.5523 0.0000e+00
      8.457      0.000     8.7565     81.685    145.477 109.233399    16.7400     6.5019     0.1704     0.5499 6.1585e+00    52.3817      8.293     12.028    12.5503 0.0000e+00
      8.457      0.000     8.7470     81.468    145.479 109.230930    16.7400     6.5019     0.1704     0.5499 6.2110e+00    52.3817      8.293     12.028    12.5477 0.0000e+00
      8.457      0.001     8.7323     81.260    145.465 109.216969    16.9200     6.4866     0.1278     0.4230 6.2029e+00    52.3817      8.294     12.028    12.5450 0.0000e+00
      8.457      0.001     8.7140     81.079    145.458 109.209787    16.9200     5.7008     0.1278     0.4230 6.1545e+00    52.7745      8.294     12.029    12.5423 0.0000e+00
      8.457      0.001     8.6927     80.933    145.470 109.217464    16.9200     5.7008     0.1278     0.4230 6.0920e+00    52.6234      8.294     12.029    12.5402 0.0000e+00
      8.458      0.001     8.6698     80.824    145.480 109.224055    16.9200     5.6817     0.1278     0.4230 6.1145e+00    52.6838      8.294     12.030    12.5387 0.0000e+00
      8.458      0.002     8.6479     80.743    145.482 109.225318    17.0100     5.7008     0.1278     0.4230 6.1013e+00    52.6838      8.295     12.030    12.5377 0.0000e+00
      8.458      0.002     8.6288     80.680    145.482 109.225588    17.0100     5.4414     0.1278     0.4230 6.1185e+00    55.3124      8.295     12.031    12.5370 0.0000e+00
      8.459      0.002     8.6134     80.619    145.474 109.220941    17.0100     5.4452     0.1278     0.4230 6.1332e+00    55.3124      8.295     12.031    12.5364 0.0000e+00
      8.459      0.002     8.6018     80.551    145.462 109.212134    17.0100     5.4452     0.1278     0.4230 6.1172e+00    55.2821      8.296     12.032    12.5361 0.0000e+00
      8.460      0.002     8.5933     80.482    145.454 109.206818    17.0100     5.4681     0.1278     0.4230 6.0079e+00    55.3124      8.296     12.033    12.5361 0.0000e+00
      8.461      0.003     8.5865     80.423    145.445 109.201574    17.0100     6.4561     0.1278     0.4230 6.0118e+00    59.5270      8.297     12.034    12.5363 0.0000e+00
      8.461      0.003     8.5800     80.380    145.431 109.193005    17.0100     6.4370     0.1278     0.4230 5.9623e+00    59.4817      8.298     12.035    12.5365 0.0000e+00
      8.462      0.003     8.5727     80.358    145.421 109.188824    17.0100     6.4218     0.1278     0.4230 5.9018e+00    59.4817      8.299     12.036    12.5368 0.0000e+00
      8.463      0.003     8.5653     80.365    145.422 109.193912    17.0100     6.4370     0.1278     0.4230 5.9159e+00    59.3458      8.299     12.037    12.5371 0.0000e+00
      8.464      0.003     8.5589     80.412    145.435 109.207627    17.0100     6.8147     0.1704     0.3807 5.8367e+00    63.2734      8.300     12.038    12.5375 0.0000e+00
      8.464      0.003     8.5541     80.499    145.457 109.227629    17.0100     6.8147     0.1704     0.3807 5.7636e+00    63.3339      8.301     12.039    12.5383 0.0000e+00
      8.465      0.003     8.5516     80.615    145.486 109.251256    17.0100     6.8109     0.1704     0.3807 5.7299e+00    63.3339      8.301     12.040    12.5394 0.0000e+00
      8.465      0.002     8.5521     80.739    145.520 109.276810    17.0100     6.8299     0.1704     0.3807 5.7175e+00    63.2734      8.302     12.041    12.5408 0.0000e+00
      8.466      0.002     8.5568     80.858    145.557 109.303107    17.2800     6.4370     0.1278     0.5076 5.7175e+00    48.3483      8.302     12.042    12.5422 0.0000e+00
      8.466      0.002     8.5659     80.957    145.584 109.321167    17.2800     6.4294     0.1278     0.5076 5.6508e+00    48.3181      8.303     12.042    12.5434 0.0000e+00
      8.467      0.002     8.5780     81.020    145.587 109.319809    17.2800     6.4599     0.1278     0.5076 5.6324e+00    48.3936      8.303     12.043    12.5441 0.0000e+00
      8.467      0.002     8.5913     81.038    145.574 109.306670    17.2800     6.4447     0.1278     0.5076 5.5486e+00    48.3483      8.304     12.044    12.5441 0.0000e+00
      8.468      0.002     8.6040     81.020    145.555 109.290240    17.2800     5.7923     0.1278     0.5076 5.5437e+00    54.2247      8.305     12.045    12.5437 0.0000e+00
      8.469      0.002     8.6147     80.977    145.538 109.278136    17.5500     5.8152     0.1278     0.4230 5.5546e+00    54.1643      8.305     12.045    12.5427 0.0000e+00
      8.469      0.002     8.6216     80.922    145.554 109.293120    17.5500     5.8152     0.1278     0.4230 5.4803e+00    54.1492      8.305     12.046    12.5415 0.0000e+00
      8.469      0.001     8.6238     80.872    145.610 109.337189    17.5500     5.8267     0.1278     0.4230 5.4541e+00    54.1189      8.306     12.046    12.5402 0.0000e+00
      8.470      0.001     8.6220     80.837    145.685 109.396103    17.5500     5.1362     0.1278     0.4230 5.4151e+00    68.0169      8.306     12.047    12.5396 0.0000e+00
      8.470      0.001     8.6173     80.824    145.755 109.449585    17.7300     5.1476     0.1704     0.6345 5.4022e+00    68.0622      8.306     12.047    12.5399 0.0000e+00
      8.470      0.001     8.6114     80.828    145.742 109.439920    17.7300     5.1362     0.1704     0.6345 5.3729e+00    68.0622      8.307     12.048    12.5407 0.0000e+00
