Data/DataNotYetUploadedToEDI/Raw_CTD/RawDownloads/061121_fcr50_0007.cnv
* Sea-Bird SBE19plus  Data File:
* FileName = C:\R\Reservoirs\Data\DataNotYetUploadedToEDI\Raw_CTD\RawDownloads\061121_fcr50_0007.hex
* Software version 2.8.0.119
* Temperature SN = 7809
* Conductivity SN = 7809
* System UpLoad Time = Jun 11 2021 19:34:50
* <ApplicationData>
* <Seaterm232>
# nquan = 16
# nvalues = 2339                        
# units = specified
# name 0 = depFM: Depth [fresh water, m]
# name 1 = dz/dtM: Descent Rate [m/s]
# name 2 = orp: Oxidation Reduction Potential [mV]
# name 3 = sbeox0Mg/L: Oxygen, SBE 43 [mg/l]
# name 4 = sbeox0PS: Oxygen, SBE 43 [% saturation]
# name 5 = par/sat/log: PAR/Logarithmic, Satlantic
# name 6 = ph: pH
# name 7 = specc: Specific Conductance [uS/cm]
# name 8 = c0uS/cm: Conductivity [uS/cm]
# name 9 = flECO-AFL: Fluorescence, WET Labs ECO-AFL/FL [mg/m^3]
# name 10 = turbWETntu0: Turbidity, WET Labs ECO [NTU]
# name 11 = tv290C: Temperature [ITS-90, deg C]
# name 12 = density00: Density [density, kg/m^3]
# name 13 = prdE: Pressure, Strain Gauge [psi]
# name 14 = prdM: Pressure, Strain Gauge [db]
# name 15 = flag:  0.000e+00
# span 0 =     -0.728,      9.572       
# span 1 =     -0.226,      0.152       
# span 2 =  -485.1545,   221.5790       
# span 3 =     0.8321,    13.7008       
# span 4 =      7.196,    164.144       
# span 5 = 1.2343e-01, 1.4154e+02       
# span 6 =     15.616,     16.118       
# span 7 =      0.790,     62.292       
# span 8 =   0.793076,  44.576571       
# span 9 =    -1.0122,     5.4221       
# span 10 =    -0.3758,    55.3722      
# span 11 =     8.6057,    25.7468      
# span 12 =   996.8712,   999.8798      
# span 13 =     -1.036,     13.617      
# span 14 =     -0.714,      9.388      
# span 15 = 0.0000e+00, 0.0000e+00      
# interval = seconds: 0.25
# start_time = Jun 11 2021 02:04:09 [Instrument's time stamp, header]
# bad_flag = -9.990e-29
*END*
[from data line 543]
      1.319      0.001   171.8816     8.6411     92.882 7.2806e-01     15.842     36.746  32.252879     0.7575     2.4511    18.8899   998.4512      1.876      1.294 0.0000e+00
      1.319      0.001   171.9924     8.6505     92.807 7.4226e-01     15.842     36.736  32.240294     0.7747     2.4367    18.8885   998.4515      1.877      1.293 0.0000e+00
      1.319      0.001   172.1017     8.6487     92.754 7.4010e-01     15.842     36.745  32.240274     0.7867     2.3601    18.8874   998.4517      1.878      1.294 0.0000e+00
      1.319      0.002   172.3433     8.6448     92.691 7.3354e-01     15.842     36.770  32.252630     0.7977     2.3481    18.8853   998.4521      1.877      1.295 0.0000e+00
      1.320      0.003   172.4183     8.6351     92.677 7.3906e-01     15.842     36.793  32.262785     0.8124     2.4285    18.8817   998.4528      1.878      1.294 0.0000e+00
      1.321      0.004   172.3211     8.6265     92.717 7.4531e-01     15.843     36.774  32.236150     0.8015     2.4744    18.8782   998.4535      1.879      1.296 0.0000e+00
      1.322      0.006   172.4584     8.6292     92.760 7.4030e-01     15.844     36.733  32.184366     0.7716     2.4219    18.8688   998.4553      1.880      1.297 0.0000e+00
      1.323      0.008   172.6149     8.6195     92.775 7.3598e-01     15.845     36.713  32.144222     0.7458     2.3439    18.8520   998.4586      1.881      1.297 0.0000e+00
      1.326      0.009   172.6651     8.6216     92.731 7.4169e-01     15.845     36.726  32.131422     0.7376     2.3554    18.8391   998.4612      1.884      1.299 0.0000e+00
      1.330      0.009   172.8931     8.6302     92.645 7.3876e-01     15.845     36.776  32.156460     0.7401     2.4230    18.8293   998.4631      1.891      1.304 0.0000e+00
      1.334      0.008   173.1351     8.6367     92.520 7.2191e-01     15.846     36.832  32.193145     0.7280     2.4409    18.8078   998.4672      1.898      1.308 0.0000e+00
      1.336      0.007   173.1819     8.6479     92.362 7.1722e-01     15.847     36.842  32.194289     0.7148     2.3995    18.7733   998.4739      1.901      1.311 0.0000e+00
      1.336      0.004   173.1148     8.6470     92.207 7.2616e-01     15.848     36.818  32.170274     0.7044     2.3351    18.7378   998.4807      1.901      1.311 0.0000e+00
      1.336      0.002   173.0128     8.6446     92.097 7.2978e-01     15.847     36.805  32.156566     0.6983     2.3490    18.7116   998.4858      1.900      1.310 0.0000e+00
      1.336      0.000   172.8939     8.6359     92.082 7.2961e-01     15.847     36.805  32.155433     0.6885     2.4293    18.6958   998.4889      1.901      1.311 0.0000e+00
      1.336 8.6194e-08   172.8815     8.6205     92.125 7.2847e-01     15.847     36.809  32.156577     0.6523     2.4479    18.6869   998.4906      1.900      1.310 0.0000e+00
      1.336 9.4814e-07   173.2944     8.6066     92.136 7.2242e-01     15.848     36.827  32.170400     0.6133     2.4019    18.6828   998.4914      1.900      1.310 0.0000e+00
      1.336      0.000   173.9274     8.5931     92.125 7.2109e-01     15.848     36.858  32.195661     0.5992     2.3538    18.6808   998.4917      1.901      1.311 0.0000e+00
      1.336      0.000   174.1681     8.5936     92.166 7.2744e-01     15.848     36.875  32.208222     0.6441     2.3819    18.6786   998.4922      1.901      1.311 0.0000e+00
      1.336      0.001   174.1398     8.6035     92.283 7.2831e-01     15.847     36.862  32.195374     0.7267     2.4667    18.6760   998.4926      1.900      1.310 0.0000e+00
      1.336      0.002   174.1873     8.6034     92.413 7.2454e-01     15.847     36.831  32.167215     0.7591     2.4523    18.6736   998.4931      1.901      1.311 0.0000e+00
      1.336      0.005   174.3123     8.5998     92.492 7.1856e-01     15.846     36.782  32.121541     0.7493     2.4140    18.6705   998.4937      1.901      1.311 0.0000e+00
      1.337      0.008   174.6198     8.6027     92.521 7.1124e-01     15.846     36.751  32.087252     0.7218     2.4841    18.6673   998.4944      1.900      1.310 0.0000e+00
      1.339      0.013   174.9797     8.6169     92.533 7.1479e-01     15.847     36.743  32.069850     0.6752     2.5442    18.6651   998.4948      1.904      1.313 0.0000e+00
      1.344      0.017   175.1354     8.6326     92.566 7.2034e-01     15.848     36.720  32.038013     0.6437     2.4891    18.6649   998.4949      1.911      1.318 0.0000e+00
      1.349      0.018   175.2121     8.6386     92.581 7.0854e-01     15.849     36.710  32.019534     0.6269     2.4011    18.6630   998.4952      1.916      1.321 0.0000e+00
      1.356      0.017   175.2192     8.6434     92.539 6.9299e-01     15.850     36.738  32.036739     0.6049     2.4076    18.6523   998.4973      1.928      1.330 0.0000e+00
      1.363      0.015   175.1347     8.6440     92.465 6.9581e-01     15.850     36.764  32.055696     0.5790     2.4649    18.6367   998.5003      1.942      1.339 0.0000e+00
      1.366      0.012   175.1368     8.6520     92.367 7.0037e-01     15.850     36.768  32.058396     0.5716     2.5093    18.6208   998.5033      1.945      1.341 0.0000e+00
      1.368      0.008   175.4167     8.6595     92.295 6.8821e-01     15.850     36.780  32.069386     0.5728     2.4985    18.6055   998.5063      1.945      1.341 0.0000e+00
      1.368      0.007   176.0238     8.6530     92.302 6.7495e-01     15.849     36.770  32.061683     0.5551     2.4373    18.5955   998.5082      1.945      1.341 0.0000e+00
      1.368      0.009   176.7126     8.6496     92.370 6.6882e-01     15.849     36.733  32.028708     0.5479     2.4557    18.5911   998.5090      1.945      1.341 0.0000e+00
      1.368      0.014   177.2063     8.6377     92.459 6.7054e-01     15.849     36.690  31.987913     0.5615     2.5148    18.5903   998.5092      1.946      1.342 0.0000e+00
      1.371      0.021   177.4332     8.6274     92.488 6.7419e-01     15.850     36.655  31.949107     0.5583     2.4999    18.5918   998.5090      1.947      1.342 0.0000e+00
      1.377      0.028   177.3898     8.6307     92.423 6.7018e-01     15.851     36.660  31.940182     0.5371     2.4471    18.5936   998.5087      1.956      1.348 0.0000e+00
      1.388      0.033   177.1987     8.6363     92.302 6.6455e-01     15.852     36.682  31.943423     0.5150     2.4266    18.5942   998.5086      1.972      1.359 0.0000e+00
      1.401      0.035   177.1021     8.6499     92.167 6.5570e-01     15.852     36.680  31.924834     0.5012     2.4572    18.5902   998.5094      1.993      1.374 0.0000e+00
      1.413      0.035   177.0813     8.6558     92.050 6.4498e-01     15.852     36.677  31.905743     0.5038     2.4747    18.5793   998.5114      2.012      1.387 0.0000e+00
      1.421      0.030   177.2052     8.6501     91.946 6.3828e-01     15.853     36.692  31.902906     0.4983     2.4316    18.5605   998.5150      2.020      1.392 0.0000e+00
      1.428      0.024   177.5683     8.6434     91.882 6.3909e-01     15.854     36.689  31.890511     0.4735     2.3830    18.5352   998.5199      2.031      1.401 0.0000e+00
      1.434      0.018   177.7716     8.6318     91.886 6.4065e-01     15.854     36.685  31.882747     0.4525     2.3325    18.5124   998.5244      2.043      1.408 0.0000e+00
      1.436      0.016   177.6848     8.6269     91.956 6.3580e-01     15.854     36.675  31.872478     0.4443     2.2670    18.4904   998.5286      2.043      1.409 0.0000e+00
      1.437      0.017   177.6365     8.6196     92.114 6.3829e-01     15.854     36.631  31.829789     0.4418     2.2095    18.4670   998.5330      2.044      1.409 0.0000e+00
      1.438      0.018   177.7035     8.6140     92.311 6.3773e-01     15.854     36.623  31.810710     0.4317     2.1186    18.4529   998.5356      2.045      1.410 0.0000e+00
      1.443      0.019   177.8939     8.6176     92.436 6.2309e-01     15.855     36.668  31.832117     0.4168     2.0258    18.4486   998.5364      2.049      1.413 0.0000e+00
      1.452      0.019   178.1316     8.6204     92.426 6.1686e-01     15.855     36.685  31.834821     0.4236     2.0142    18.4500   998.5363      2.066      1.425 0.0000e+00
      1.461      0.018   178.2546     8.6383     92.305 6.1948e-01     15.855     36.695  31.843385     0.4475     2.0123    18.4476   998.5368      2.080      1.434 0.0000e+00
      1.466      0.016   178.5205     8.6643     92.174 6.1970e-01     15.855     36.719  31.872219     0.4483     1.9686    18.4291   998.5403      2.086      1.439 0.0000e+00
      1.468      0.013   178.9373     8.6840     92.175 6.2186e-01     15.854     36.706  31.866231     0.4238     1.9328    18.3995   998.5459      2.088      1.440 0.0000e+00
      1.468      0.012   179.0777     8.6854     92.295 6.1621e-01     15.854     36.673  31.834438     0.4180     1.9225    18.3767   998.5502      2.087      1.439 0.0000e+00
      1.469      0.013   179.0137     8.6711     92.377 6.0681e-01     15.855     36.652  31.805040     0.4355     1.9469    18.3800   998.5496      2.088      1.440 0.0000e+00
      1.470      0.014   179.0241     8.6483     92.377 6.0585e-01     15.856     36.628  31.764548     0.4349     1.9532    18.3988   998.5460      2.090      1.441 0.0000e+00
      1.475      0.016   179.2032     8.6463     92.300 6.0139e-01     15.857     36.610  31.725499     0.4300     1.9303    18.4068   998.5445      2.096      1.445 0.0000e+00
      1.483      0.018   179.7170     8.6693     92.207 5.9910e-01     15.857     36.621  31.713537     0.4523     1.9443    18.4030   998.5454      2.110      1.455 0.0000e+00
      1.490      0.020   180.2461     8.6766     92.183 6.0032e-01     15.857     36.604  31.683341     0.4848     1.9856    18.3877   998.5482      2.120      1.463 0.0000e+00
      1.494      0.020   180.3523     8.6836     92.201 5.9285e-01     15.858     36.540  31.614161     0.5085     2.0514    18.3581   998.5538      2.126      1.466 0.0000e+00
      1.496      0.019   180.3983     8.6812     92.232 5.8130e-01     15.859     36.510  31.574962     0.4724     2.0531    18.3228   998.5605      2.128      1.467 0.0000e+00
      1.501      0.017   180.5443     8.6709     92.266 5.7356e-01     15.859     36.539  31.590048     0.3910     1.9723    18.2922   998.5663      2.132      1.470 0.0000e+00
      1.508      0.017   180.5687     8.6775     92.302 5.7428e-01     15.859     36.562  31.606214     0.3643     1.9668    18.2739   998.5697      2.147      1.480 0.0000e+00
      1.513      0.017   180.7789     8.6807     92.358 5.7629e-01     15.859     36.536  31.580081     0.3774     2.0210    18.2571   998.5729      2.155      1.486 0.0000e+00
      1.515      0.016   181.2798     8.6887     92.406 5.7174e-01     15.859     36.490  31.527853     0.3690     2.0103    18.2343   998.5772      2.154      1.485 0.0000e+00
      1.518      0.015   181.6346     8.6951     92.386 5.6939e-01     15.861     36.462  31.482275     0.3484     1.9403    18.2200   998.5798      2.157      1.487 0.0000e+00
      1.523      0.013   181.7988     8.6962     92.247 5.7274e-01     15.863     36.477  31.473089     0.3477     1.9288    18.2175   998.5803      2.168      1.495 0.0000e+00
      1.527      0.013   181.8890     8.7044     92.078 5.7443e-01     15.863     36.505  31.480203     0.3610     1.9748    18.2187   998.5802      2.174      1.499 0.0000e+00
      1.529      0.014   181.9510     8.7115     92.005 5.6892e-01     15.863     36.474  31.441379     0.3556     1.9817    18.2022   998.5833      2.174      1.499 0.0000e+00
      1.532      0.016   182.0318     8.7221     92.106 5.6372e-01     15.864     36.420  31.384316     0.3404     1.9442    18.1657   998.5900      2.179      1.501 0.0000e+00
      1.535      0.018   182.0921     8.7086     92.361 5.6419e-01     15.864     36.409  31.361245     0.3386     1.8992    18.1351   998.5957      2.182      1.504 0.0000e+00
      1.540      0.020   182.3353     8.6919     92.576 5.5311e-01     15.864     36.417  31.352744     0.3443     1.9172    18.1108   998.6004      2.188      1.509 0.0000e+00
      1.547      0.021   182.7356     8.6874     92.685 5.3705e-01     15.865     36.424  31.344960     0.3718     1.9900    18.0952   998.6032      2.200      1.517 0.0000e+00
      1.556      0.022   182.9738     8.6943     92.780 5.3653e-01     15.866     36.423  31.330558     0.4128     1.9897    18.0841   998.6053      2.215      1.527 0.0000e+00
      1.561      0.023   183.0644     8.7355     92.912 5.4018e-01     15.866     36.407  31.305482     0.4199     1.9133    18.0627   998.6093      2.222      1.532 0.0000e+00
      1.564      0.023   182.8854     8.7608     93.106 5.4033e-01     15.866     36.411  31.295525     0.4109     1.8563    18.0423   998.6131      2.224      1.533 0.0000e+00
      1.569      0.023   182.4436     8.7677     93.319 5.3798e-01     15.867     36.402  31.273599     0.4360     1.8154    18.0231   998.6167      2.230      1.538 0.0000e+00
      1.575      0.022   182.1970     8.7814     93.459 5.2923e-01     15.868     36.363  31.230692     0.4852     1.7289    18.0034   998.6203      2.240      1.545 0.0000e+00
      1.582      0.021   182.3123     8.7937     93.498 5.2589e-01     15.868     36.354  31.220830     0.5000     1.6343    17.9907   998.6227      2.250      1.552 0.0000e+00
      1.590      0.019   182.6343     8.8163     93.482 5.2997e-01     15.867     36.354  31.217792     0.4822     1.5981    17.9753   998.6257      2.261      1.559 0.0000e+00
      1.596      0.016   182.8198     8.8461     93.442 5.2717e-01     15.867     36.336  31.193966     0.4887     1.6342    17.9483   998.6306      2.272      1.566 0.0000e+00
      1.599      0.012   182.7480     8.8632     93.384 5.2316e-01     15.867     36.336  31.186513     0.5117     1.7277    17.9321   998.6336      2.275      1.568 0.0000e+00
      1.599      0.009   182.6261     8.8634     93.339 5.2377e-01     15.867     36.348  31.191119     0.5126     1.7673    17.9378   998.6326      2.275      1.568 0.0000e+00
      1.600      0.007   182.5508     8.8609     93.361 5.2026e-01     15.868     36.348  31.186201     0.4994     1.7004    17.9347   998.6331      2.276      1.569 0.0000e+00
      1.600      0.007   182.6130     8.8607     93.451 5.1661e-01     15.870     36.361  31.190491     0.4861     1.6749    17.9200   998.6358      2.276      1.569 0.0000e+00
      1.601      0.009   182.7763     8.8561     93.580 5.1291e-01     15.870     36.359  31.179537     0.4658     1.7340    17.9092   998.6378      2.277      1.570 0.0000e+00
      1.604      0.012   182.8902     8.8502     93.726 5.0861e-01     15.870     36.296  31.117185     0.4353     1.7283    17.9004   998.6394      2.281      1.574 0.0000e+00
      1.608      0.014   183.1290     8.8539     93.844 5.0318e-01     15.870     36.254  31.071020     0.4226     1.6742    17.8966   998.6402      2.289      1.577 0.0000e+00
      1.613      0.016   183.4273     8.8654     93.891 4.9794e-01     15.870     36.261  31.065454     0.4266     1.6638    17.8887   998.6417      2.292      1.580 0.0000e+00
      1.618      0.017   183.4849     8.8802     93.936 5.0563e-01     15.870     36.255  31.049870     0.4268     1.6713    17.8725   998.6447      2.301      1.587 0.0000e+00
      1.623      0.019   183.3949     8.8979     94.051 5.0983e-01     15.871     36.219  31.009474     0.4343     1.6965    17.8622   998.6465      2.309      1.593 0.0000e+00
      1.626      0.019   183.2860     8.9141     94.121 5.0614e-01     15.871     36.170  30.957679     0.4316     1.7280    17.8497   998.6488      2.312      1.594 0.0000e+00
      1.630      0.018   183.2015     8.9199     94.062 5.0440e-01     15.872     36.153  30.931149     0.4133     1.7422    17.8305   998.6524      2.317      1.597 0.0000e+00
