Data/DataNotYetUploadedToEDI/Raw_CTD/RawDownloads/061121_fcr50.cnv
* Sea-Bird SBE19plus  Data File:
* FileName = C:\R\Reservoirs\Data\DataNotYetUploadedToEDI\Raw_CTD\RawDownloads\061121_fcr50_0001.hex
* Software version 2.8.0.119
* Temperature SN = 7809
* Conductivity SN = 7809
* System UpLoad Time = Jun 11 2021 19:27:14
* <ApplicationData>
* <Seaterm232>
# nquan = 16
# nvalues = 2206                        
# units = specified
# name 0 = depFM: Depth [fresh water, m]
# name 1 = dz/dtM: Descent Rate [m/s]
# name 2 = orp: Oxidation Reduction Potential [mV]
# name 3 = sbeox0Mg/L: Oxygen, SBE 43 [mg/l]
# name 4 = sbeox0PS: Oxygen, SBE 43 [% saturation]
# name 5 = par/sat/log: PAR/Logarithmic, Satlantic
# name 6 = ph: pH
# name 7 = specc: Specific Conductance [uS/cm]
# name 8 = c0uS/cm: Conductivity [uS/cm]
# name 9 = flECO-AFL: Fluorescence, WET Labs ECO-AFL/FL [mg/m^3]
# name 10 = turbWETntu0: Turbidity, WET Labs ECO [NTU]
# name 11 = tv290C: Temperature [ITS-90, deg C]
# name 12 = density00: Density [density, kg/m^3]
# name 13 = prdE: Pressure, Strain Gauge [psi]
# name 14 = prdM: Pressure, Strain Gauge [db]
# name 15 = flag:  0.000e+00
# span 0 =     -0.682,      9.728       
# span 1 =     -0.219,      0.143       
# span 2 =  -103.1523,  1240.2295       
# span 3 =     0.6485,    15.2624       
# span 4 =      5.580,    187.112       
# span 5 = 1.2338e-01, 2.3464e+02       
# span 6 =     15.510,     16.037       
# span 7 =      2.481,    174.814       
# span 8 =   2.264320, 116.828710       
# span 9 =    -1.0305,     5.7245       
# span 10 =    -0.4555,   197.9926      
# span 11 =     8.3110,    27.7934      
# span 12 =   996.3051,   999.9367      
# span 13 =     -0.972,     13.836      
# span 14 =     -0.670,      9.540      
# span 15 = 0.0000e+00, 0.0000e+00      
# interval = seconds: 0.25
# start_time = Jun 10 2021 05:13:05 [Instrument's time stamp, header]
# bad_flag = -9.990e-29
*END*
[from data line 1899]
      4.714     -0.082   -81.4103     0.9167      7.834 1.2344e-01     15.970     53.000  35.873482    -0.0884     3.0171     8.8072   999.8401      6.703      4.622 0.0000e+00
      4.692     -0.079   -81.1016     0.9178      7.881 1.2345e-01     15.969     53.040  35.910760    -0.0846     3.1128     8.8143   999.8394      6.671      4.599 0.0000e+00
      4.673     -0.077   -80.9594     0.9108      7.926 1.2352e-01     15.969     52.978  35.878237    -0.0679     3.2154     8.8216   999.8387      6.645      4.581 0.0000e+00
      4.658     -0.078   -80.9815     0.9080      7.914 1.2358e-01     15.969     52.847  35.797569    -0.0676     3.2273     8.8302   999.8379      6.624      4.567 0.0000e+00
      4.644     -0.080   -81.0248     0.9061      7.856 1.2361e-01     15.969     52.782  35.760403    -0.0810     3.1877     8.8407   999.8371      6.608      4.556 0.0000e+00
      4.624     -0.083   -80.7953     0.9141      7.804 1.2361e-01     15.968     52.751  35.746170    -0.0869     3.1833     8.8512   999.8363      6.582      4.538 0.0000e+00
      4.598     -0.085   -80.4423     0.9230      7.822 1.2362e-01     15.968     52.750  35.752405    -0.0818     3.2078     8.8595   999.8355      6.541      4.510 0.0000e+00
      4.570     -0.084   -80.1990     0.9191      7.907 1.2364e-01     15.967     52.674  35.708879    -0.0576     3.2439     8.8664   999.8348      6.497      4.479 0.0000e+00
      4.545     -0.077   -79.9189     0.9116      8.000 1.2364e-01     15.967     52.127  35.346825     0.1013     3.4136     8.8739   999.8342      6.462      4.455 0.0000e+00
      4.526     -0.066   -79.7228     0.9002      8.044 1.2355e-01     15.967     50.936  34.547778     0.3891     3.6815     8.8801   999.8336      6.436      4.437 0.0000e+00
      4.510     -0.054   -79.7208     0.9036      8.027 1.2346e-01     15.966     49.890  33.852855     0.5607     3.8395     8.8860   999.8331      6.414      4.422 0.0000e+00
      4.499     -0.045   -79.5503     0.9154      7.959 1.2349e-01     15.965     49.869  33.861251     0.5927     3.9500     8.8940   999.8325      6.395      4.409 0.0000e+00
      4.494     -0.044   -79.2105     0.9302      7.914 1.2356e-01     15.963     50.336  34.205171     0.6430     4.6399     8.9025   999.8317      6.391      4.407 0.0000e+00
      4.492     -0.049   -79.2265     0.9334      7.925 1.2361e-01     15.963     50.486  34.330831     0.7206     5.8973     8.9089   999.8308      6.394      4.409 0.0000e+00
      4.483     -0.058   -79.3992     0.9328      7.926 1.2361e-01     15.963     50.512  34.365357     0.7579     6.6568     8.9210   999.8293      6.383      4.401 0.0000e+00
      4.463     -0.069   -79.2334     0.9205      7.931 1.2357e-01     15.962     50.685  34.495731     0.7790     6.8536     8.9470   999.8274      6.352      4.379 0.0000e+00
      4.438     -0.079   -78.9426     0.9092      7.966 1.2358e-01     15.961     50.880  34.638064     0.9186     7.4875     8.9769   999.8253      6.312      4.351 0.0000e+00
      4.412     -0.086   -78.3779     0.9203      8.041 1.2366e-01     15.961     51.042  34.753728     1.1588     8.6206     9.0006   999.8234      6.274      4.326 0.0000e+00
      4.389     -0.088   -77.3962     0.9136      8.104 1.2371e-01     15.962     51.132  34.815456     1.2988     9.2584     9.0159   999.8221      6.240      4.303 0.0000e+00
      4.368     -0.088   -76.6228     0.9160      8.099 1.2366e-01     15.962     51.132  34.813297     1.3150     9.3627     9.0275   999.8213      6.213      4.283 0.0000e+00
      4.348     -0.089   -76.2538     0.9170      8.048 1.2356e-01     15.962     51.101  34.791081     1.2500     9.3324     9.0384   999.8204      6.185      4.264 0.0000e+00
      4.328     -0.091   -76.1190     0.9279      7.964 1.2354e-01     15.962     51.021  34.737221     1.1223     9.0979     9.0441   999.8200      6.155      4.244 0.0000e+00
      4.306     -0.091   -76.1110     0.9414      7.951 1.2356e-01     15.962     50.921  34.669735     1.0396     8.8970     9.0433   999.8200      6.128      4.225 0.0000e+00
      4.279     -0.089   -75.9852     0.9338      8.037 1.2355e-01     15.961     50.831  34.609676     1.0229     8.8595     9.0398   999.8201      6.089      4.198 0.0000e+00
      4.249     -0.084   -75.7158     0.9346      8.107 1.2354e-01     15.961     50.693  34.518711     1.0350     8.8161     9.0394   999.8199      6.038      4.163 0.0000e+00
      4.226     -0.078   -75.5209     0.9151      8.121 1.2354e-01     15.962     50.504  34.394815     1.1002     8.3042     9.0404   999.8197      6.005      4.139 0.0000e+00
      4.211     -0.071   -75.3495     0.9108      8.087 1.2359e-01     15.962     50.288  34.253872     1.1917     7.3392     9.0400   999.8197      5.989      4.129 0.0000e+00
      4.199     -0.062   -75.1927     0.9320      8.062 1.2363e-01     15.962     49.748  33.893335     1.2248     6.7616     9.0409   999.8196      5.975      4.120 0.0000e+00
      4.184     -0.052   -75.1743     0.9372      8.104 1.2362e-01     15.961     48.915  33.335188     1.2343     6.7452     9.0442   999.8192      5.953      4.104 0.0000e+00
      4.168     -0.047   -75.2128     0.9405      8.164 1.2361e-01     15.960     48.444  33.025800     1.4103     7.3467     9.0486   999.8187      5.926      4.085 0.0000e+00
      4.155     -0.048   -75.1415     0.9338      8.158 1.2359e-01     15.960     48.302  32.944492     1.7323     8.4034     9.0550   999.8181      5.906      4.072 0.0000e+00
      4.148     -0.052   -75.0870     0.9256      8.080 1.2359e-01     15.960     48.243  32.923173     1.9046     8.9139     9.0623   999.8174      5.899      4.067 0.0000e+00
      4.143     -0.057   -75.3283     0.9345      8.025 1.2363e-01     15.960     48.450  33.085310     1.9008     8.8154     9.0713   999.8162      5.898      4.066 0.0000e+00
      4.129     -0.062   -75.3916     0.9449      8.042 1.2363e-01     15.959     48.671  33.255161     1.7817     7.9331     9.0836   999.8151      5.879      4.053 0.0000e+00
      4.107     -0.069   -74.7333     0.9456      8.087 1.2360e-01     15.958     48.659  33.263658     1.5807     6.3486     9.0988   999.8139      5.842      4.027 0.0000e+00
      4.082     -0.079   -73.8223     0.9294      8.146 1.2355e-01     15.958     48.619  33.251508     1.4726     5.4500     9.1189   999.8122      5.804      4.001 0.0000e+00
      4.062     -0.087   -73.4110     0.9195      8.187 1.2356e-01     15.958     48.482  33.171733     1.4382     5.2742     9.1421   999.8104      5.775      3.982 0.0000e+00
      4.042     -0.093   -73.2877     0.9265      8.182 1.2363e-01     15.957     48.117  32.933623     1.2602     4.9442     9.1626   999.8089      5.752      3.966 0.0000e+00
      4.020     -0.096   -72.8479     0.9293      8.179 1.2365e-01     15.956     47.785  32.720261     0.9608     4.4475     9.1781   999.8076      5.721      3.944 0.0000e+00
      3.993     -0.098   -72.3099     0.9371      8.203 1.2367e-01     15.956     47.524  32.558981     0.8036     4.1773     9.1942   999.8062      5.681      3.917 0.0000e+00
      3.964     -0.098   -72.2892     0.9455      8.223 1.2370e-01     15.956     47.328  32.442969     0.7806     4.1489     9.2098   999.8048      5.638      3.887 0.0000e+00
      3.934     -0.098   -72.7690     0.9395      8.224 1.2367e-01     15.955     47.234  32.396231     0.6722     4.2414     9.2187   999.8038      5.594      3.856 0.0000e+00
      3.910     -0.095   -72.9495     0.9384      8.220 1.2368e-01     15.953     46.992  32.247697     0.4857     4.4383     9.2318   999.8026      5.558      3.832 0.0000e+00
      3.890     -0.091   -72.7508     0.9428      8.203 1.2369e-01     15.953     46.666  32.042943     0.3945     4.5720     9.2532   999.8008      5.535      3.816 0.0000e+00
      3.869     -0.088   -72.6898     0.9457      8.172 1.2360e-01     15.953     46.411  31.887495     0.3891     4.5878     9.2732   999.7990      5.505      3.796 0.0000e+00
      3.845     -0.087   -72.6411     0.9436      8.147 1.2357e-01     15.952     46.111  31.700624     0.3926     4.5605     9.2913   999.7975      5.468      3.769 0.0000e+00
      3.825     -0.087   -72.5063     0.9431      8.110 1.2362e-01     15.951     45.791  31.496593     0.4926     4.3449     9.3088   999.7959      5.440      3.751 0.0000e+00
      3.804     -0.084   -72.4372     0.9429      8.115 1.2364e-01     15.951     45.517  31.324002     0.6733     3.9380     9.3287   999.7941      5.414      3.733 0.0000e+00
      3.779     -0.076   -72.4080     0.9340      8.205 1.2361e-01     15.951     45.034  31.009672     0.7653     3.7257     9.3516   999.7921      5.376      3.706 0.0000e+00
      3.754     -0.065   -72.4107     0.9360      8.314 1.2352e-01     15.950     44.338  30.551080     0.7658     3.7358     9.3728   999.7902      5.335      3.678 0.0000e+00
      3.735     -0.052   -72.3842     0.9267      8.365 1.2346e-01     15.949     43.917  30.283758     0.7084     3.9921     9.3902   999.7886      5.306      3.657 0.0000e+00
      3.726     -0.037   -72.0877     0.9231      8.303 1.2351e-01     15.948     43.832  30.251839     0.6149     4.5232     9.4054   999.7873      5.297      3.652 0.0000e+00
      3.725     -0.023   -71.5787     0.9398      8.208 1.2361e-01     15.947     43.847  30.292061     0.5794     4.8363     9.4256   999.7855      5.299      3.654 0.0000e+00
      3.724     -0.013   -71.1332     0.9510      8.160 1.2367e-01     15.945     43.945  30.389452     0.5847     4.8941     9.4503   999.7832      5.297      3.653 0.0000e+00
      3.723     -0.013   -70.8319     0.9638      8.165 1.2366e-01     15.943     43.946  30.414337     0.5649     5.3245     9.4747   999.7811      5.295      3.651 0.0000e+00
      3.723     -0.023   -70.5162     0.9490      8.225 1.2361e-01     15.943     43.721  30.275747     0.5211     6.1269     9.5049   999.7787      5.295      3.651 0.0000e+00
      3.721     -0.039   -70.1558     0.9325      8.273 1.2356e-01     15.943     43.370  30.046089     0.5036     6.5616     9.5409   999.7757      5.293      3.650 0.0000e+00
      3.715     -0.059   -69.9170     0.9303      8.296 1.2351e-01     15.943     43.077  29.858045     0.5049     6.4941     9.5764   999.7729      5.289      3.647 0.0000e+00
      3.696     -0.079   -69.6927     0.9253      8.324 1.2351e-01     15.943     43.116  29.905380     0.3454     5.8953     9.6063   999.7703      5.266      3.630 0.0000e+00
      3.666     -0.095   -69.3372     0.9387      8.318 1.2355e-01     15.942     43.199  29.984039     0.0345     4.9175     9.6238   999.7686      5.215      3.595 0.0000e+00
      3.632     -0.105   -68.8880     0.9438      8.278 1.2363e-01     15.941     42.991  29.857509    -0.1352     4.4223     9.6361   999.7673      5.165      3.561 0.0000e+00
      3.600     -0.106   -68.3912     0.9416      8.249 1.2371e-01     15.940     42.750  29.707796    -0.1417     4.4055     9.6515   999.7657      5.121      3.531 0.0000e+00
      3.570     -0.101   -67.8899     0.9493      8.240 1.2374e-01     15.939     42.701  29.696480    -0.0831     4.5085     9.6768   999.7636      5.074      3.498 0.0000e+00
      3.545     -0.091   -67.5598     0.9476      8.302 1.2371e-01     15.937     42.698  29.720704     0.0209     4.7064     9.7049   999.7611      5.038      3.473 0.0000e+00
      3.526     -0.082   -67.4111     0.9383      8.458 1.2364e-01     15.936     42.608  29.683512     0.0846     4.8413     9.7229   999.7594      5.014      3.457 0.0000e+00
      3.511     -0.075   -67.2110     0.9377      8.645 1.2358e-01     15.935     42.583  29.690908     0.0962     4.9037     9.7413   999.7576      4.995      3.444 0.0000e+00
      3.496     -0.072   -66.9467     0.9319      8.796 1.2358e-01     15.935     42.541  29.683273     0.0862     4.8775     9.7691   999.7553      4.973      3.429 0.0000e+00
      3.477     -0.071   -66.6254     0.9357      8.853 1.2360e-01     15.934     42.290  29.527775     0.0491     4.7299     9.8011   999.7525      4.946      3.410 0.0000e+00
      3.457     -0.072   -66.2510     0.9588      8.894 1.2363e-01     15.933     42.069  29.396820     0.0005     4.5951     9.8313   999.7497      4.917      3.390 0.0000e+00
      3.438     -0.073   -65.6890     0.9784      9.043 1.2379e-01     15.932     42.077  29.432179    -0.0247     4.5866     9.8605   999.7472      4.890      3.371 0.0000e+00
      3.419     -0.073   -64.9074     1.0021      9.269 1.2513e-01     15.930     42.057  29.447818    -0.0272     4.6280     9.8867   999.7449      4.861      3.352 0.0000e+00
      3.401     -0.073   -64.3716     1.0028      9.462 1.2855e-01     15.930     41.860  29.332173     0.0081     4.4432     9.9078   999.7428      4.837      3.336 0.0000e+00
      3.384     -0.072   -64.2015     0.9981      9.558 1.2988e-01     15.929     41.704  29.239304     0.0688     4.0690     9.9322   999.7405      4.816      3.321 0.0000e+00
      3.364     -0.072   -64.0551     1.0185      9.638 1.2835e-01     15.928     41.557  29.149688     0.0960     3.8793     9.9712   999.7371      4.787      3.300 0.0000e+00
      3.344     -0.074   -63.6333     1.0470      9.813 1.3042e-01     15.928     41.159  28.883029     0.0995     3.8660    10.0120   999.7334      4.755      3.278 0.0000e+00
      3.326     -0.076   -62.8882     1.0732     10.087 1.3199e-01     15.927     40.667  28.552682     0.1016     3.7370    10.0359   999.7311      4.731      3.261 0.0000e+00
      3.310     -0.075   -62.1015     1.0782     10.344 1.3074e-01     15.926     40.404  28.390824     0.1020     3.4865    10.0536   999.7294      4.708      3.246 0.0000e+00
      3.290     -0.067   -61.4345     1.0809     10.465 1.3036e-01     15.926     40.174  28.258231     0.1043     3.3790    10.0709   999.7278      4.682      3.228 0.0000e+00
      3.265     -0.055   -61.0183     1.1005     10.500 1.2760e-01     15.925     39.808  28.027948     0.1009     3.4321    10.0852   999.7263      4.645      3.202 0.0000e+00
      3.244     -0.042   -60.7689     1.1356     10.595 1.2967e-01     15.924     39.757  28.017068     0.0893     3.8532    10.1000   999.7245      4.604      3.175 0.0000e+00
      3.236     -0.027   -60.1398     1.1725     10.841 1.3422e-01     15.923     40.050  28.253574     0.0691     4.6260    10.1261   999.7221      4.597      3.169 0.0000e+00
      3.241     -0.012   -59.0048     1.1804     11.195 1.2955e-01     15.922     40.137  28.350139     0.0380     5.0506    10.1694   999.7183      4.614      3.180 0.0000e+00
      3.245      0.002   -57.7138     1.1765     11.575 1.2445e-01     15.919     39.821  28.169690     0.0179     5.1415    10.2050   999.7148      4.616      3.183 0.0000e+00
      3.247      0.012   -56.5758     1.1819     12.002 1.2386e-01     15.916     39.546  28.038328    -0.0017     5.5879    10.2281   999.7127      4.616      3.184 0.0000e+00
      3.248      0.017   -55.9145     1.2108     12.497 1.2387e-01     15.913     39.697  28.220933    -0.0471     6.3283    10.2672   999.7094      4.620      3.186 0.0000e+00
      3.252      0.020   -55.8269     1.2557     12.993 1.2545e-01     15.910     39.887  28.411132    -0.0825     6.6786    10.3144   999.7052      4.624      3.187 0.0000e+00
      3.258      0.023   -55.7746     1.2931     13.359 1.2712e-01     15.909     39.805  28.371570    -0.0960     6.6641    10.3560   999.7012      4.633      3.194 0.0000e+00
      3.266      0.024   -55.3684     1.3373     13.512 1.2780e-01     15.910     39.641  28.250102    -0.1049     6.5993    10.4373   999.6935      4.647      3.204 0.0000e+00
      3.275      0.024   -54.8731     1.3913     13.542 1.3211e-01     15.911     39.516  28.147750    -0.1141     5.8604    10.5556   999.6824      4.659      3.212 0.0000e+00
