Data/DataNotYetUploadedToEDI/Raw_CTD/RawDownloads/061126_ccr88_S8188016.cnv
* Sea-Bird SBE19plus  Data File:
* FileName = C:\R\Reservoirs\Data\DataNotYetUploadedToEDI\Raw_CTD\RawDownloads\062526_ccr50_S8188_0016.hex
* Software version 2.8.0.119
* Temperature SN = 8188
* Conductivity SN = 8188
* System UpLoad Time = Jun 29 2026 18:14:22
* <ApplicationData>
* <Seaterm232>
# nquan = 16
# nvalues = 2750                        
# units = specified
# name 0 = depFM: Depth [fresh water, m]
# name 1 = dz/dtM: Descent Rate [m/s]
# name 2 = sbeox0Mg/L: Oxygen, SBE 43 [mg/l]
# name 3 = sbeox0PS: Oxygen, SBE 43 [% saturation]
# name 4 = specc: Specific Conductance [uS/cm]
# name 5 = c0uS/cm: Conductivity [uS/cm]
# name 6 = wetCDOM: Fluorescence, WET Labs CDOM [mg/m^3]
# name 7 = flECO-AFL: Fluorescence, WET Labs ECO-AFL/FL [mg/m^3]
# name 8 = flECO-AFL1: Fluorescence, WET Labs ECO-AFL/FL, 2 [mg/m^3]
# name 9 = flECO-AFL2: Fluorescence, WET Labs ECO-AFL/FL, 3 [mg/m^3]
# name 10 = par/sat/log: PAR/Logarithmic, Satlantic
# name 11 = turbWETntu0: Turbidity, WET Labs ECO [NTU]
# name 12 = prdM: Pressure, Strain Gauge [db]
# name 13 = prdE: Pressure, Strain Gauge [psi]
# name 14 = tv290C: Temperature [ITS-90, deg C]
# name 15 = flag:  0.000e+00
# span 0 =     -0.466,      8.477       
# span 1 =     -0.195,      0.177       
# span 2 =     3.9410,    10.9616       
# span 3 =     37.051,    106.996       
# span 4 =   -629.401,    164.045       
# span 5 =-474.235968, 158.045256       
# span 6 =    -4.5000,    26.4600       
# span 7 =    -0.8530,   126.4111       
# span 8 =    -2.1300,     2.7264       
# span 9 =    -2.0304,    17.3007       
# span 10 = 4.5284e+00, 6.2828e+03      
# span 11 =   -10.2647,   587.7536      
# span 12 =     -0.457,      8.314      
# span 13 =     -0.663,     12.057      
# span 14 =    12.4874,    31.6250      
# span 15 = 0.0000e+00, 0.0000e+00      
# interval = seconds: 0.25
# start_time = Jun 11 2026 10:50:52 [Instrument's time stamp, header]
# bad_flag = -9.990e-29
*END*
[from data line 2712]
      0.558     -0.141     7.7506     94.710    149.764 151.609618     7.7400     0.3372     0.0426     0.2115 2.4768e+02     0.2343      0.547      0.794    25.5688 0.0000e+00
      0.522     -0.139     7.7451     94.753    149.784 151.683714     7.7400     0.3411     0.0426     0.2115 2.4068e+02     0.2947      0.512      0.743    25.5713 0.0000e+00
      0.487     -0.136     7.7398     94.809    149.772 151.724806     7.7400     0.2571     0.0426     0.2115 2.4047e+02     0.3400      0.478      0.693    25.5801 0.0000e+00
      0.453     -0.131     7.7365     94.873    149.744 151.743856     7.7400     0.2686     0.0426     0.2115 2.3700e+02     0.3552      0.444      0.643    25.5937 0.0000e+00
      0.419     -0.126     7.7357     94.931    149.719 151.753960     7.6500     0.2762     0.0000     0.0846 2.4871e+02     0.3249      0.410      0.596    25.6099 0.0000e+00
      0.387     -0.120     7.7367     94.964    149.705 151.761820     7.6500     0.2876     0.0000     0.0846 2.6408e+02     0.3703      0.379      0.550    25.6279 0.0000e+00
      0.357     -0.113     7.7388     94.949    149.692 151.761521     7.6500     0.2419     0.0000     0.0846 2.5650e+02     0.5666      0.350      0.507    25.6458 0.0000e+00
      0.329     -0.107     7.7418     94.881    149.672 151.748974     7.6500     0.2953     0.0000     0.0846 2.7159e+02     0.6120      0.322      0.468    25.6615 0.0000e+00
      0.304     -0.103     7.7449     94.758    149.667 151.748881     7.6500     0.2648     0.0000     0.0846 2.8831e+02     0.6271      0.298      0.432    25.6733 0.0000e+00
      0.280     -0.101     7.7465     94.591    149.707 151.797279     7.5600     0.2724     0.0426     0.0000 2.7426e+02     0.5969      0.274      0.398    25.6808 0.0000e+00
      0.256     -0.100     7.7447     94.420    149.781 151.891046     7.5600     0.2724     0.0426     0.0000 2.6959e+02     0.3249      0.251      0.365    25.6850 0.0000e+00
      0.231     -0.099     7.7388     94.294    149.844 151.993080     7.5600     0.2876     0.0426     0.0000 2.8445e+02     0.2494      0.227      0.329    25.6875 0.0000e+00
      0.204     -0.097     7.7285     94.243    149.877 152.082511     7.5600     0.2724     0.0426     0.0000 2.8439e+02     0.3854      0.200      0.291    25.6894 0.0000e+00
      0.177     -0.093     7.7145     94.269    149.882 152.149132     7.6500     0.2571     0.0852     0.2538 3.7453e+02     0.2947      0.173      0.252    25.6919 0.0000e+00
      0.151     -0.086     7.6997     94.338    149.861 152.182666     7.6500     0.2876     0.0852     0.2538 3.5550e+02     0.3249      0.148      0.215    25.6981 0.0000e+00
      0.130     -0.077     7.6876     94.399    149.828 152.192060     7.6500     0.2800     0.0852     0.2538 3.2224e+02     0.3400      0.127      0.185    25.7109 0.0000e+00
      0.113     -0.068     7.6809     94.411    149.797 152.191841     7.6500     0.2495     0.0852     0.2538 3.0867e+02     0.2494      0.111      0.161    25.7294 0.0000e+00
      0.099     -0.061     7.6802     94.361    149.778 152.197978     7.6500     0.3067     0.0426     0.1269 3.1042e+02     0.3854      0.098      0.141    25.7500 0.0000e+00
      0.088     -0.058     7.6832     94.261    149.770 152.216114     7.6500     0.2953     0.0426     0.1269 3.3119e+02     0.0983      0.087      0.125    25.7685 0.0000e+00
      0.077     -0.061     7.6861     94.144    149.759 152.231052     7.6500     0.2762     0.0426     0.1269 3.1586e+02     0.1588      0.075      0.109    25.7827 0.0000e+00
      0.064     -0.070     7.6857     94.053    149.741 152.242771     7.6500     0.2648     0.0426     0.1269 2.9445e+02     0.0228      0.063      0.091    25.7931 0.0000e+00
      0.048     -0.085     7.6804     94.024    149.727 152.262408     7.6500     0.2876     0.0852     0.2115 2.9292e+02     0.0983      0.048      0.069    25.8017 0.0000e+00
      0.028     -0.106     7.6711     94.063    149.697 152.275169     7.6500     0.2228     0.0852     0.2115 2.5790e+02     1.3522      0.028      0.040    25.8102 0.0000e+00
      0.002     -0.129     7.6603     94.133    149.616 152.246392     7.6500     0.1846     0.0852     0.2115 2.0013e+02     1.2918      0.002      0.002    25.8193 0.0000e+00
     -0.033     -0.153     7.6514     94.150    149.452 152.136353     7.6500     0.2228     0.0852     0.2115 3.1143e+02     1.3371     -0.032     -0.047    25.8292 0.0000e+00
     -0.075     -0.173     7.6475     94.002    149.244 151.969804     7.6500     0.1999     0.0852     0.2115 3.5713e+02     1.2918     -0.074     -0.107    25.8407 0.0000e+00
     -0.123     -0.188     7.6487     93.572    149.141 151.884647     7.6500     0.1236     0.0426     0.1269 3.8812e+02     0.3249     -0.121     -0.175    25.8552 0.0000e+00
     -0.174     -0.195     7.6519     92.776    149.188 151.914272     7.6500     0.1579     0.0426     0.1269 4.2300e+02     0.4307     -0.171     -0.248    25.8730 0.0000e+00
     -0.225     -0.193     7.6506     91.633    149.255 151.924337     7.6500     0.1541     0.0426     0.1269 4.1806e+02     0.2947     -0.220     -0.320    25.8920 0.0000e+00
     -0.271     -0.185     7.6364     90.296    149.288 151.867439     7.6500     0.1465     0.0426     0.1269 3.6442e+02     0.3552     -0.266     -0.386    25.9072 0.0000e+00
     -0.310     -0.173     7.6005     88.994    149.321 151.792508     2.3400    -0.2769     0.8946    -0.4653 3.1518e+02    -1.0497     -0.304     -0.441    25.9135 0.0000e+00
     -0.341     -0.161     7.5366     87.925    149.366 151.729641     2.3400    -0.2693     0.8946    -0.4653 2.6778e+02    -1.1253     -0.334     -0.485    25.9074 0.0000e+00
     -0.364     -0.152     7.4463     87.214    149.414 151.694118     2.3400    -0.2769     0.8946    -0.4653 2.1831e+02    -1.1404     -0.357     -0.518    25.8879 0.0000e+00
     -0.381     -0.148     7.3416     86.959    149.436 151.684471     2.3400    -0.2655     0.8946    -0.4653 1.7100e+02    -1.1404     -0.374     -0.542    25.8578 0.0000e+00
     -0.393 -9.990e-29     7.2405 -9.990e-29 -9.990e-29 -9.990e-29     0.0000 -9.990e-29     0.0426     0.0846 1.3497e+02 -9.990e-29     -0.386     -0.560    25.8214 0.0000e+00
     -0.402 -9.990e-29     7.1583 -9.990e-29 -9.990e-29 -9.990e-29     0.0000 -9.990e-29     0.0426     0.0846 1.2999e+02 -9.990e-29     -0.395     -0.572    25.7849 0.0000e+00
     -0.406 -9.990e-29     7.1040 -9.990e-29 -9.990e-29 -9.990e-29     0.0000 -9.990e-29     0.0426     0.0846 1.3235e+02 -9.990e-29     -0.399     -0.579    25.7568 0.0000e+00
     -0.408 -9.990e-29     7.0847 -9.990e-29 -9.990e-29 -9.990e-29     0.0000 -9.990e-29     0.0426     0.0846 1.2816e+02 -9.990e-29     -0.401     -0.581    25.7460 0.0000e+00
