Data/DataNotYetUploadedToEDI/Raw_CTD/RawDownloads/061121_fcr50_0007.cnv
* Sea-Bird SBE19plus  Data File:
* FileName = C:\R\Reservoirs\Data\DataNotYetUploadedToEDI\Raw_CTD\RawDownloads\061121_fcr50_0007.hex
* Software version 2.8.0.119
* Temperature SN = 7809
* Conductivity SN = 7809
* System UpLoad Time = Jun 11 2021 19:34:50
* <ApplicationData>
* <Seaterm232>
# nquan = 16
# nvalues = 2339                        
# units = specified
# name 0 = depFM: Depth [fresh water, m]
# name 1 = dz/dtM: Descent Rate [m/s]
# name 2 = orp: Oxidation Reduction Potential [mV]
# name 3 = sbeox0Mg/L: Oxygen, SBE 43 [mg/l]
# name 4 = sbeox0PS: Oxygen, SBE 43 [% saturation]
# name 5 = par/sat/log: PAR/Logarithmic, Satlantic
# name 6 = ph: pH
# name 7 = specc: Specific Conductance [uS/cm]
# name 8 = c0uS/cm: Conductivity [uS/cm]
# name 9 = flECO-AFL: Fluorescence, WET Labs ECO-AFL/FL [mg/m^3]
# name 10 = turbWETntu0: Turbidity, WET Labs ECO [NTU]
# name 11 = tv290C: Temperature [ITS-90, deg C]
# name 12 = density00: Density [density, kg/m^3]
# name 13 = prdE: Pressure, Strain Gauge [psi]
# name 14 = prdM: Pressure, Strain Gauge [db]
# name 15 = flag:  0.000e+00
# span 0 =     -0.728,      9.572       
# span 1 =     -0.226,      0.152       
# span 2 =  -485.1545,   221.5790       
# span 3 =     0.8321,    13.7008       
# span 4 =      7.196,    164.144       
# span 5 = 1.2343e-01, 1.4154e+02       
# span 6 =     15.616,     16.118       
# span 7 =      0.790,     62.292       
# span 8 =   0.793076,  44.576571       
# span 9 =    -1.0122,     5.4221       
# span 10 =    -0.3758,    55.3722      
# span 11 =     8.6057,    25.7468      
# span 12 =   996.8712,   999.8798      
# span 13 =     -1.036,     13.617      
# span 14 =     -0.714,      9.388      
# span 15 = 0.0000e+00, 0.0000e+00      
# interval = seconds: 0.25
# start_time = Jun 11 2021 02:04:09 [Instrument's time stamp, header]
# bad_flag = -9.990e-29
*END*
[from data line 814]
      2.715      0.041   202.6160     6.8602     64.212 1.7472e-01     15.983     35.251  27.439645    -0.2926     1.9634    14.1316   999.2557      3.865      2.665 0.0000e+00
      2.720      0.038   202.7669     6.8195     63.747 1.7381e-01     15.983     35.265  27.438300    -0.3165     1.9740    14.0513   999.2670      3.865      2.664 0.0000e+00
      2.730      0.033   202.9721     6.7519     63.403 1.6833e-01     15.984     35.279  27.437123    -0.2992     1.9720    13.9828   999.2766      3.876      2.672 0.0000e+00
      2.745      0.029   203.1172     6.6854     63.084 1.7403e-01     15.985     35.280  27.425406    -0.2840     1.8705    13.9371   999.2830      3.908      2.695 0.0000e+00
      2.756      0.028   203.4032     6.6242     62.742 1.8616e-01     15.985     35.294  27.423483    -0.2949     1.7089    13.9140   999.2862      3.927      2.707 0.0000e+00
      2.759      0.030   203.6770     6.5771     62.382 1.7909e-01     15.985     35.298  27.413848    -0.3072     1.6654    13.9006   999.2881      3.922      2.704 0.0000e+00
      2.759      0.032   203.7610     6.5513     62.042 1.6666e-01     15.985     35.263  27.372329    -0.2987     1.7565    13.8818   999.2907      3.923      2.706 0.0000e+00
      2.763      0.033   203.8159     6.5207     61.789 1.6345e-01     15.986     35.278  27.365497    -0.2882     1.7811    13.8654   999.2929      3.929      2.709 0.0000e+00
      2.773      0.034   203.8242     6.4885     61.626 1.6864e-01     15.987     35.341  27.394656    -0.2938     1.6884    13.8465   999.2956      3.937      2.715 0.0000e+00
      2.790      0.035   203.6898     6.4524     61.448 1.7964e-01     15.987     35.365  27.407696    -0.2907     1.6656    13.8285   999.2982      3.970      2.737 0.0000e+00
      2.806      0.033   203.6536     6.4164     61.186 1.8897e-01     15.987     35.335  27.396284    -0.2701     1.7458    13.8116   999.3005      3.999      2.757 0.0000e+00
      2.813      0.030   204.0743     6.3926     60.910 1.8743e-01     15.986     35.301  27.383558    -0.2831     1.7995    13.7853   999.3042      4.002      2.759 0.0000e+00
      2.814      0.028   204.6470     6.3868     60.695 1.7499e-01     15.986     35.281  27.380708    -0.3341     1.7647    13.7465   999.3095      4.002      2.759 0.0000e+00
      2.815      0.028   204.7270     6.3750     60.500 1.6697e-01     15.985     35.234  27.361833    -0.3623     1.6685    13.7304   999.3116      4.005      2.761 0.0000e+00
      2.819      0.028   204.5256     6.3376     60.230 1.6774e-01     15.985     35.204  27.345665    -0.3570     1.6664    13.7661   999.3068      4.006      2.762 0.0000e+00
      2.829      0.029   204.3623     6.3029     59.892 1.7647e-01     15.985     35.248  27.375534    -0.3465     1.7396    13.7867   999.3040      4.019      2.771 0.0000e+00
      2.845      0.030   204.2160     6.2817     59.533 1.8206e-01     15.985     35.283  27.405808    -0.3489     1.7300    13.7893   999.3038      4.050      2.792 0.0000e+00
      2.857      0.029   204.3052     6.2622     59.180 1.7250e-01     15.985     35.268  27.394552    -0.3567     1.7219    13.8332   999.2978      4.071      2.806 0.0000e+00
      2.861      0.028   204.6665     6.2299     58.855 1.5933e-01     15.985     35.258  27.366297    -0.3562     1.7449    13.8473   999.2959      4.070      2.807 0.0000e+00
      2.862      0.030   205.0571     6.1968     58.572 1.5796e-01     15.988     35.239  27.317885    -0.3521     1.7330    13.8158   999.3003      4.071      2.806 0.0000e+00
      2.865      0.034   205.2422     6.1579     58.376 1.6916e-01     15.990     35.208  27.253191    -0.3540     1.7155    13.8336   999.2978      4.073      2.808 0.0000e+00
      2.871      0.039   205.1838     6.1162     58.251 1.6721e-01     15.992     35.225  27.218373    -0.3600     1.6707    13.8495   999.2956      4.076      2.810 0.0000e+00
      2.886      0.042   205.1256     6.0904     58.143 1.5174e-01     15.994     35.285  27.214008    -0.3485     1.6721    13.8112   999.3009      4.100      2.826 0.0000e+00
      2.908      0.042   205.3125     6.0631     58.033 1.4613e-01     15.996     35.316  27.200354    -0.3292     1.7665    13.7579   999.3083      4.141      2.856 0.0000e+00
      2.924      0.040   205.5506     6.0520     57.921 1.5472e-01     15.996     35.316  27.180094    -0.3276     1.8164    13.7042   999.3156      4.166      2.872 0.0000e+00
      2.929      0.036   205.5947     6.0517     57.831 1.6279e-01     15.996     35.304  27.159321    -0.3476     1.7598    13.6340   999.3252      4.166      2.873 0.0000e+00
      2.930      0.031   205.7604     6.0503     57.731 1.5089e-01     15.996     35.299  27.139478    -0.3701     1.6662    13.5509   999.3363      4.168      2.874 0.0000e+00
      2.934      0.025   206.0055     6.0486     57.543 1.3994e-01     15.997     35.318  27.130458    -0.3619     1.6458    13.4961   999.3436      4.171      2.876 0.0000e+00
      2.943      0.024   206.0632     6.0366     57.206 1.4550e-01     15.998     35.321  27.113660    -0.3251     1.6856    13.4710   999.3470      4.182      2.884 0.0000e+00
      2.953      0.028   206.1137     6.0304     56.763 1.5290e-01     15.999     35.273  27.063220    -0.2981     1.6666    13.4673   999.3474      4.204      2.899 0.0000e+00
      2.959      0.033   206.1860     6.0247     56.240 1.5768e-01     15.999     35.243  27.028026    -0.3015     1.6564    13.4459   999.3502      4.209      2.902 0.0000e+00
      2.964      0.035   205.9911     6.0161     55.592 1.5363e-01     15.999     35.311  27.068707    -0.3089     1.6995    13.4002   999.3563      4.212      2.903 0.0000e+00
      2.973      0.034   205.6498     5.9809     54.947 1.4687e-01     16.000     35.375  27.111056    -0.3110     1.7074    13.3755   999.3597      4.227      2.914 0.0000e+00
      2.987      0.032   205.6725     5.9321     54.449 1.4612e-01     16.001     35.359  27.096033    -0.3268     1.6828    13.3608   999.3616      4.248      2.929 0.0000e+00
      2.999      0.030   205.9221     5.8896     54.101 1.5046e-01     16.001     35.338  27.077359    -0.3471     1.6423    13.3409   999.3643      4.269      2.943 0.0000e+00
      3.005      0.028   206.0857     5.8141     53.860 1.5460e-01     16.001     35.342  27.075562    -0.3666     1.6634    13.3233   999.3667      4.276      2.949 0.0000e+00
      3.007      0.026   206.2740     5.7413     53.646 1.5185e-01     16.001     35.349  27.074307    -0.3718     1.7330    13.3134   999.3680      4.276      2.948 0.0000e+00
      3.010      0.025   206.4782     5.6921     53.436 1.5146e-01     16.001     35.333  27.062168    -0.3431     1.7290    13.3120   999.3681      4.280      2.951 0.0000e+00
      3.016      0.025   206.4047     5.6556     53.266 1.5190e-01     16.000     35.312  27.055654    -0.3053     1.6833    13.3101   999.3684      4.290      2.958 0.0000e+00
      3.024      0.025   206.0731     5.6358     53.103 1.5042e-01     15.999     35.307  27.058998    -0.2872     1.6610    13.3046   999.3692      4.300      2.965 0.0000e+00
      3.033      0.025   205.9968     5.6171     52.957 1.5240e-01     15.999     35.283  27.039173    -0.2861     1.6653    13.2884   999.3714      4.312      2.973 0.0000e+00
      3.043      0.023   206.2554     5.5908     52.889 1.6268e-01     16.000     35.243  27.006242    -0.3015     1.7008    13.2845   999.3719      4.330      2.986 0.0000e+00
      3.049      0.022   206.5326     5.5736     52.890 1.7202e-01     16.000     35.211  26.977989    -0.3402     1.7133    13.3108   999.3685      4.339      2.992 0.0000e+00
      3.050      0.023   206.7676     5.5560     52.938 1.6237e-01     16.000     35.198  26.951284    -0.3726     1.6785    13.3234   999.3669      4.338      2.991 0.0000e+00
      3.051      0.025   206.9459     5.5348     52.948 1.5155e-01     16.002     35.222  26.937067    -0.3688     1.6922    13.3121   999.3683      4.339      2.992 0.0000e+00
      3.055      0.028   206.9671     5.5340     52.899 1.4720e-01     16.003     35.254  26.932916    -0.3508     1.7416    13.3090   999.3687      4.340      2.993 0.0000e+00
      3.066      0.031   206.9387     5.5291     52.879 1.3748e-01     16.003     35.220  26.901060    -0.3460     1.7606    13.3140   999.3681      4.358      3.005 0.0000e+00
      3.081      0.032   206.9465     5.5439     52.934 1.3432e-01     16.002     35.170  26.869041    -0.3585     1.7501    13.2922   999.3710      4.385      3.023 0.0000e+00
      3.093      0.032   206.9752     5.5538     53.054 1.4130e-01     16.002     35.169  26.862946    -0.3786     1.7171    13.2347   999.3785      4.400      3.034 0.0000e+00
      3.100      0.033   207.1138     5.5473     53.088 1.4200e-01     16.003     35.146  26.827363    -0.3881     1.7741    13.1794   999.3857      4.412      3.042 0.0000e+00
      3.104      0.033   207.2463     5.5485     52.951 1.3775e-01     16.005     35.081  26.755938    -0.3972     1.8897    13.1797   999.3857      4.417      3.045 0.0000e+00
      3.106      0.033   207.3718     5.5444     52.700 1.3778e-01     16.006     35.047  26.697071    -0.4130     1.9138    13.2061   999.3822      4.415      3.044 0.0000e+00
      3.114      0.033   207.5124     5.5705     52.440 1.3741e-01     16.008     35.092  26.686443    -0.4163     1.8933    13.1974   999.3834      4.423      3.050 0.0000e+00
      3.128      0.034   207.5704     5.5809     52.271 1.3476e-01     16.010     35.150  26.690818    -0.3990     1.8487    13.1615   999.3882      4.450      3.068 0.0000e+00
      3.142      0.034   207.7288     5.5652     52.179 1.3426e-01     16.010     35.180  26.686483    -0.3664     1.7861    13.1383   999.3912      4.476      3.086 0.0000e+00
      3.150      0.033   207.9653     5.5426     52.132 1.4628e-01     16.010     35.217  26.697438    -0.3461     1.7193    13.0963   999.3965      4.481      3.089 0.0000e+00
      3.155      0.031   208.0202     5.5166     52.040 1.5805e-01     16.011     35.230  26.696398    -0.3536     1.6596    13.0125   999.4072      4.485      3.092 0.0000e+00
      3.160      0.027   208.0488     5.5117     51.818 1.4610e-01     16.012     35.219  26.673891    -0.3623     1.6818    12.9556   999.4145      4.497      3.101 0.0000e+00
      3.165      0.024   208.3978     5.5040     51.517 1.3320e-01     16.014     35.254  26.679021    -0.3368     1.7481    12.9232   999.4186      4.502      3.103 0.0000e+00
      3.173      0.022   208.8830     5.5059     51.174 1.3667e-01     16.015     35.294  26.694959    -0.2937     1.7745    12.8950   999.4222      4.512      3.111 0.0000e+00
      3.182      0.022   209.1836     5.5049     50.825 1.3697e-01     16.015     35.276  26.676289    -0.2794     1.7270    12.8883   999.4230      4.531      3.124 0.0000e+00
      3.187      0.023   209.2791     5.4758     50.509 1.2913e-01     16.014     35.238  26.643578    -0.2883     1.6536    12.8714   999.4252      4.535      3.126 0.0000e+00
      3.188      0.026   209.2636     5.4505     50.220 1.2591e-01     16.014     35.210  26.616599    -0.3048     1.6429    12.8300   999.4304      4.534      3.125 0.0000e+00
      3.192      0.027   209.4262     5.4157     49.958 1.2835e-01     16.015     35.201  26.603799    -0.3268     1.6660    12.8076   999.4332      4.540      3.130 0.0000e+00
      3.200      0.027   209.6962     5.3745     49.642 1.2825e-01     16.016     35.227  26.615670    -0.3452     1.6578    12.8090   999.4330      4.548      3.136 0.0000e+00
      3.213      0.028   209.8607     5.3463     49.227 1.2536e-01     16.016     35.266  26.633264    -0.3650     1.6472    12.8042   999.4337      4.568      3.150 0.0000e+00
      3.226      0.030   210.1242     5.3112     48.762 1.2378e-01     16.016     35.271  26.626221    -0.3936     1.6743    12.7933   999.4350      4.594      3.168 0.0000e+00
      3.231      0.037   210.3877     5.2928     48.404 1.2368e-01     16.016     35.235  26.593929    -0.4145     1.7117    12.7853   999.4360      4.596      3.170 0.0000e+00
      3.231      0.048   210.4654     5.2602     48.262 1.2382e-01     16.015     35.203  26.559970    -0.4180     1.7221    12.7765   999.4372      4.594      3.167 0.0000e+00
      3.235      0.058   210.5476     5.2168     48.160 1.2509e-01     16.017     35.212  26.532768    -0.4257     1.6967    12.7596   999.4392      4.597      3.169 0.0000e+00
      3.251      0.068   210.6079     5.1663     48.008 1.2783e-01     16.020     35.265  26.518716    -0.4123     1.6797    12.7370   999.4422      4.611      3.180 0.0000e+00
      3.282      0.076   210.5064     5.1144     47.801 1.3068e-01     16.023     35.332  26.516868    -0.3703     1.7225    12.7340   999.4427      4.668      3.219 0.0000e+00
      3.316      0.079   210.5238     5.1182     47.524 1.3067e-01     16.024     35.372  26.510363    -0.3478     1.7680    12.7375   999.4424      4.725      3.258 0.0000e+00
      3.338      0.073   210.7326     5.1116     47.250 1.2875e-01     16.025     35.389  26.503445    -0.3493     1.7482    12.6864   999.4488      4.749      3.274 0.0000e+00
      3.353      0.062   210.7939     5.1046     46.969 1.3205e-01     16.025     35.397  26.496630    -0.3609     1.7236    12.5921   999.4603      4.769      3.288 0.0000e+00
      3.365      0.047   210.7489     5.0980     46.641 1.3470e-01     16.026     35.409  26.491390    -0.3830     1.7798    12.5143   999.4699      4.790      3.302 0.0000e+00
      3.371      0.035   210.7905     5.0641     46.272 1.3032e-01     16.027     35.444  26.503500    -0.4069     1.8436    12.4613   999.4763      4.796      3.307 0.0000e+00
      3.375      0.026   210.7811     5.0430     45.914 1.2906e-01     16.026     35.475  26.516177    -0.4199     1.8081    12.4383   999.4791      4.798      3.309 0.0000e+00
      3.382      0.022   210.8073     5.0138     45.537 1.2983e-01     16.026     35.478  26.517793    -0.4357     1.7286    12.4271   999.4804      4.811      3.316 0.0000e+00
      3.389      0.022   210.9349     4.9828     45.039 1.2645e-01     16.026     35.465  26.523043    -0.4360     1.7064    12.4040   999.4832      4.823      3.325 0.0000e+00
      3.391      0.025   210.9472     4.9425     44.479 1.2391e-01     16.025     35.436  26.516235    -0.3945     1.7458    12.3836   999.4856      4.825      3.327 0.0000e+00
      3.394      0.026   210.9556     4.9043     43.960 1.2366e-01     16.025     35.420  26.498930    -0.3535     1.7582    12.3657   999.4878      4.824      3.326 0.0000e+00
      3.402      0.026   211.1226     4.8765     43.575 1.2362e-01     16.026     35.443  26.504084    -0.3500     1.7194    12.3593   999.4885      4.834      3.334 0.0000e+00
      3.414      0.028   211.2456     4.8117     43.333 1.2360e-01     16.026     35.446  26.515105    -0.3522     1.6887    12.3870   999.4853      4.857      3.349 0.0000e+00
      3.425      0.031   211.1518     4.7456     43.072 1.2359e-01     16.025     35.400  26.505338    -0.3337     1.6957    12.4280   999.4805      4.875      3.362 0.0000e+00
      3.430      0.034   211.1930     4.6890     42.769 1.2361e-01     16.024     35.408  26.512881    -0.3259     1.7356    12.4105   999.4826      4.878      3.364 0.0000e+00
      3.433      0.034   211.4000     4.6464     42.549 1.2366e-01     16.026     35.502  26.542889    -0.3348     1.7592    12.3696   999.4875      4.879      3.364 0.0000e+00
      3.442      0.032   211.4184     4.6331     42.458 1.2372e-01     16.029     35.587  26.550969    -0.3451     1.7408    12.3864   999.4856      4.892      3.373 0.0000e+00
      3.456      0.032   211.4156     4.5980     42.465 1.2366e-01     16.030     35.646  26.547078    -0.3549     1.7194    12.4464   999.4785      4.916      3.389 0.0000e+00
