Data/DataNotYetUploadedToEDI/Raw_CTD/RawDownloads/061121_fcr50_0008.cnv
* Sea-Bird SBE19plus  Data File:
* FileName = C:\R\Reservoirs\Data\DataNotYetUploadedToEDI\Raw_CTD\RawDownloads\061121_fcr50_0008.hex
* Software version 2.8.0.119
* Temperature SN = 7809
* Conductivity SN = 7809
* System UpLoad Time = Jun 11 2021 19:35:39
* <ApplicationData>
* <Seaterm232>
# nquan = 16
# nvalues = 1884                        
# units = specified
# name 0 = depFM: Depth [fresh water, m]
# name 1 = dz/dtM: Descent Rate [m/s]
# name 2 = orp: Oxidation Reduction Potential [mV]
# name 3 = sbeox0Mg/L: Oxygen, SBE 43 [mg/l]
# name 4 = sbeox0PS: Oxygen, SBE 43 [% saturation]
# name 5 = par/sat/log: PAR/Logarithmic, Satlantic
# name 6 = ph: pH
# name 7 = specc: Specific Conductance [uS/cm]
# name 8 = c0uS/cm: Conductivity [uS/cm]
# name 9 = flECO-AFL: Fluorescence, WET Labs ECO-AFL/FL [mg/m^3]
# name 10 = turbWETntu0: Turbidity, WET Labs ECO [NTU]
# name 11 = tv290C: Temperature [ITS-90, deg C]
# name 12 = density00: Density [density, kg/m^3]
# name 13 = prdE: Pressure, Strain Gauge [psi]
# name 14 = prdM: Pressure, Strain Gauge [db]
# name 15 = flag:  0.000e+00
# span 0 =     -0.742,      9.548       
# span 1 =     -0.339,      0.196       
# span 2 =   -41.1379,   330.9957       
# span 3 =     0.8694,    13.4040       
# span 4 =      7.707,    149.537       
# span 5 = 1.2350e-01, 3.0084e+02       
# span 6 =     15.596,     16.105       
# span 7 =      0.785,     60.296       
# span 8 =   0.748326,  43.912577       
# span 9 =    -1.0095,     6.0129       
# span 10 =    -0.3031,   429.7284      
# span 11 =     8.6303,    25.5052      
# span 12 =   996.9346,   999.8775      
# span 13 =     -1.056,     13.581      
# span 14 =     -0.728,      9.364      
# span 15 = 0.0000e+00, 0.0000e+00      
# interval = seconds: 0.25
# start_time = Jun 11 2021 04:01:11 [Instrument's time stamp, header]
# bad_flag = -9.990e-29
*END*
[from data line 1266]
      6.645      0.041    64.5683     1.1691     10.040 1.2370e-01     16.097     57.799  38.997903    -0.2474     4.0061     8.7382   999.8555      9.451      6.516 0.0000e+00
      6.654      0.041    64.3848     1.1488     10.095 1.2367e-01     16.097     57.795  38.998556    -0.2410     3.9986     8.7364   999.8557      9.460      6.524 0.0000e+00
      6.669      0.041    64.2150     1.1544     10.092 1.2364e-01     16.098     57.817  39.011885    -0.2232     4.0508     8.7315   999.8561      9.487      6.541 0.0000e+00
      6.684      0.041    63.9787     1.1588     10.079 1.2363e-01     16.098     57.851  39.032120    -0.2231     3.9852     8.7281   999.8564      9.512      6.558 0.0000e+00
      6.693      0.041    63.8510     1.1667     10.034 1.2367e-01     16.097     57.883  39.052799    -0.2201     3.8915     8.7337   999.8561      9.521      6.565 0.0000e+00
      6.698      0.039    63.6168     1.1804      9.950 1.2372e-01     16.097     57.909  39.071497    -0.2156     3.9138     8.7389   999.8557      9.524      6.567 0.0000e+00
      6.706      0.038    63.0400     1.1709      9.914 1.2369e-01     16.097     57.905  39.067797    -0.1883     3.9793     8.7358   999.8560      9.534      6.573 0.0000e+00
      6.719      0.038    62.3838     1.1743      9.929 1.2365e-01     16.097     57.915  39.071528    -0.1858     3.9292     8.7317   999.8564      9.558      6.590 0.0000e+00
      6.732      0.041    62.0498     1.1714      9.970 1.2370e-01     16.097     57.987  39.116607    -0.2129     3.7879     8.7311   999.8565      9.579      6.605 0.0000e+00
      6.739      0.044    61.8404     1.1526     10.029 1.2373e-01     16.096     58.069  39.168544    -0.2207     3.7136     8.7342   999.8563      9.584      6.608 0.0000e+00
      6.748      0.046    61.4861     1.1517     10.052 1.2369e-01     16.096     58.113  39.191722    -0.2135     3.8549     8.7338   999.8564      9.592      6.613 0.0000e+00
      6.762      0.047    61.1218     1.1548     10.002 1.2368e-01     16.097     58.147  39.206429    -0.1830     4.1576     8.7290   999.8568      9.618      6.632 0.0000e+00
      6.777      0.047    60.7913     1.1580      9.903 1.2369e-01     16.097     58.173  39.219411    -0.1857     4.2147     8.7268   999.8571      9.643      6.649 0.0000e+00
      6.789      0.046    60.6733     1.1686      9.800 1.2368e-01     16.097     58.178  39.221736    -0.2084     4.0302     8.7249   999.8573      9.655      6.657 0.0000e+00
      6.801      0.044    60.7278     1.1736      9.742 1.2368e-01     16.097     58.196  39.234537    -0.2092     3.9517     8.7184   999.8578      9.672      6.668 0.0000e+00
      6.814      0.040    60.5898     1.1658      9.745 1.2368e-01     16.096     58.212  39.247252    -0.2147     4.0222     8.7103   999.8584      9.694      6.684 0.0000e+00
      6.823      0.036    60.2948     1.1529      9.780 1.2370e-01     16.096     58.211  39.248530    -0.1982     4.1615     8.7060   999.8588      9.706      6.693 0.0000e+00
      6.828      0.032    59.9149     1.1389      9.850 1.2371e-01     16.097     58.211  39.249998    -0.2002     4.1930     8.7058   999.8588      9.709      6.694 0.0000e+00
      6.836      0.031    59.4387     1.1299      9.921 1.2365e-01     16.097     58.235  39.265000    -0.2389     4.0599     8.7063   999.8588      9.721      6.702 0.0000e+00
      6.845      0.033    59.0106     1.1348      9.965 1.2361e-01     16.096     58.294  39.302979    -0.2559     3.8915     8.7085   999.8588      9.739      6.714 0.0000e+00
      6.852      0.036    58.7821     1.1353      9.975 1.2364e-01     16.096     58.333  39.328368    -0.2348     3.8393     8.7112   999.8586      9.746      6.720 0.0000e+00
      6.858      0.037    58.7412     1.1464      9.930 1.2365e-01     16.096     58.319  39.318086    -0.1935     3.9441     8.7112   999.8586      9.750      6.723 0.0000e+00
      6.869      0.036    58.6887     1.1572      9.922 1.2366e-01     16.096     58.303  39.305611    -0.1947     3.9220     8.7104   999.8587      9.768      6.734 0.0000e+00
      6.884      0.036    58.4905     1.1586      9.971 1.2367e-01     16.096     58.305  39.304468    -0.2406     3.8129     8.7080   999.8590      9.795      6.753 0.0000e+00
      6.895      0.039    57.9799     1.1672     10.002 1.2367e-01     16.096     58.308  39.304260    -0.2813     3.7241     8.7077   999.8591      9.810      6.764 0.0000e+00
      6.901      0.043    57.3337     1.1523     10.031 1.2370e-01     16.096     58.307  39.303096    -0.2759     3.6719     8.7083   999.8590      9.816      6.768 0.0000e+00
      6.906      0.044    57.0439     1.1504     10.045 1.2371e-01     16.096     58.282  39.290392    -0.2229     3.7993     8.7058   999.8592      9.820      6.770 0.0000e+00
      6.916      0.044    57.0566     1.1647     10.008 1.2371e-01     16.095     58.254  39.277602    -0.2136     3.8570     8.7037   999.8594      9.829      6.777 0.0000e+00
      6.935      0.046    56.9717     1.1625      9.933 1.2375e-01     16.095     58.247  39.275408    -0.2482     3.9232     8.7022   999.8596      9.862      6.799 0.0000e+00
      6.954      0.047    56.5335     1.1684      9.871 1.2374e-01     16.095     58.227  39.263858    -0.2605     4.0509     8.6996   999.8600      9.898      6.824 0.0000e+00
      6.964      0.044    55.9745     1.1723      9.869 1.2370e-01     16.094     58.219  39.264900    -0.2670     3.9589     8.7043   999.8597      9.906      6.830 0.0000e+00
      6.970      0.038    55.6333     1.1664      9.919 1.2372e-01     16.094     58.245  39.288008    -0.2510     3.7720     8.7130   999.8590      9.909      6.831 0.0000e+00
      6.981      0.032    55.3327     1.1556      9.957 1.2373e-01     16.094     58.249  39.289381    -0.2192     3.6452     8.7122   999.8592      9.931      6.846 0.0000e+00
      6.990      0.030    55.0075     1.1460      9.938 1.2374e-01     16.095     58.240  39.281494    -0.2353     3.6622     8.7108   999.8593      9.947      6.858 0.0000e+00
      6.992      0.031    54.7995     1.1451      9.884 1.2373e-01     16.095     58.288  39.319584    -0.2643     3.7359     8.7204   999.8586      9.945      6.857 0.0000e+00
      6.996      0.031    54.5386     1.1549      9.860 1.2370e-01     16.095     58.348  39.369112    -0.2451     3.7819     8.7281   999.8581      9.944      6.857 0.0000e+00
      7.006      0.030    54.1753     1.1616      9.889 1.2371e-01     16.094     58.346  39.372565    -0.1944     3.8068     8.7235   999.8585      9.962      6.868 0.0000e+00
      7.020      0.030    53.8492     1.1583      9.915 1.2370e-01     16.094     58.330  39.361338    -0.1947     3.7276     8.7189   999.8588      9.989      6.887 0.0000e+00
      7.030      0.031    53.6072     1.1486      9.919 1.2367e-01     16.095     58.331  39.360318    -0.2487     3.7515     8.7253   999.8584     10.002      6.897 0.0000e+00
      7.032      0.031    53.3995     1.1424      9.906 1.2370e-01     16.095     58.333  39.360228    -0.2468     3.9240     8.7368   999.8576     10.001      6.895 0.0000e+00
      7.036      0.030    53.2318     1.1522      9.883 1.2375e-01     16.095     58.327  39.360238    -0.1898     3.9932     8.7400   999.8574     10.004      6.898 0.0000e+00
      7.045      0.030    53.1274     1.1536      9.839 1.2373e-01     16.095     58.316  39.360444    -0.1617     3.8667     8.7385   999.8576     10.022      6.910 0.0000e+00
      7.055      0.030    52.9977     1.1544      9.760 1.2370e-01     16.095     58.314  39.362734    -0.1837     3.6657     8.7374   999.8577     10.037      6.920 0.0000e+00
      7.063      0.030    52.7827     1.1530      9.720 1.2371e-01     16.095     58.356  39.387924    -0.1978     3.6908     8.7332   999.8581     10.044      6.925 0.0000e+00
      7.072      0.030    52.4204     1.1489      9.740 1.2372e-01     16.095     58.405  39.411121    -0.1699     3.9300     8.7367   999.8579     10.058      6.935 0.0000e+00
      7.081      0.030    52.2304     1.1486      9.785 1.2370e-01     16.095     58.390  39.389311    -0.1515     4.0519     8.7473   999.8571     10.076      6.948 0.0000e+00
      7.086      0.031    52.3780     1.1313      9.844 1.2369e-01     16.095     58.384  39.378106    -0.1567     3.9632     8.7512   999.8569     10.080      6.951 0.0000e+00
      7.089      0.032    52.3988     1.1269      9.874 1.2369e-01     16.095     58.428  39.402568    -0.1849     3.8530     8.7480   999.8571     10.078      6.949 0.0000e+00
      7.098      0.035    52.0518     1.1334      9.855 1.2368e-01     16.094     58.479  39.431192    -0.2069     3.9550     8.7380   999.8579     10.091      6.958 0.0000e+00
      7.112      0.040    51.6239     1.1362      9.796 1.2368e-01     16.094     58.544  39.470307    -0.1741     4.1660     8.7254   999.8589     10.117      6.976 0.0000e+00
      7.123      0.043    51.5277     1.1474      9.730 1.2368e-01     16.094     58.582  39.494663    -0.1413     4.2425     8.7201   999.8593     10.133      6.986 0.0000e+00
      7.132      0.043    51.6619     1.1513      9.725 1.2366e-01     16.094     58.550  39.471793    -0.1724     4.1588     8.7173   999.8595     10.140      6.991 0.0000e+00
      7.146      0.042    51.6123     1.1480      9.770 1.2369e-01     16.094     58.518  39.447676    -0.2164     4.0118     8.7117   999.8600     10.164      7.008 0.0000e+00
      7.161      0.041    51.3588     1.1420      9.800 1.2374e-01     16.094     58.533  39.456948    -0.1783     4.0444     8.7066   999.8605     10.192      7.027 0.0000e+00
      7.168      0.038    51.0918     1.1285      9.780 1.2375e-01     16.094     58.532  39.456948    -0.1015     4.2438     8.7062   999.8606     10.197      7.030 0.0000e+00
      7.173      0.035    50.8784     1.1291      9.745 1.2374e-01     16.094     58.517  39.447687    -0.0995     4.2601     8.7068   999.8605     10.196      7.030 0.0000e+00
      7.184      0.034    50.6715     1.1390      9.757 1.2369e-01     16.093     58.553  39.471921    -0.1731     4.0698     8.7037   999.8608     10.218      7.045 0.0000e+00
      7.195      0.034    50.4830     1.1429      9.797 1.2365e-01     16.093     58.587  39.496071    -0.2475     3.9339     8.7013   999.8610     10.239      7.060 0.0000e+00
      7.200      0.034    50.4064     1.1407      9.825 1.2366e-01     16.093     58.565  39.485789    -0.2548     3.9907     8.7038   999.8609     10.240      7.060 0.0000e+00
      7.206      0.034    50.2617     1.1300      9.806 1.2372e-01     16.093     58.545  39.474553    -0.2038     4.1731     8.7054   999.8607     10.242      7.062 0.0000e+00
      7.218      0.031    49.9370     1.1350      9.740 1.2371e-01     16.094     58.567  39.487163    -0.1942     4.1823     8.7030   999.8609     10.266      7.078 0.0000e+00
      7.231      0.030    49.4921     1.1415      9.719 1.2365e-01     16.094     58.609  39.511304    -0.2438     3.9998     8.7037   999.8611     10.292      7.096 0.0000e+00
      7.237      0.030    49.0993     1.1441      9.743 1.2368e-01     16.094     58.614  39.512553    -0.2694     3.9233     8.7092   999.8607     10.296      7.099 0.0000e+00
      7.239      0.030    49.0592     1.1466      9.747 1.2375e-01     16.094     58.599  39.502261    -0.2367     4.0459     8.7133   999.8603     10.293      7.097 0.0000e+00
      7.245      0.030    49.1800     1.1292      9.761 1.2378e-01     16.094     58.615  39.513810    -0.1915     4.1765     8.7091   999.8607     10.304      7.104 0.0000e+00
      7.255      0.033    49.0974     1.1281      9.785 1.2376e-01     16.093     58.627  39.525245    -0.1998     4.0957     8.7033   999.8612     10.321      7.115 0.0000e+00
      7.264      0.039    48.6619     1.1381      9.788 1.2366e-01     16.093     58.601  39.513583    -0.2417     3.9272     8.7035   999.8612     10.332      7.124 0.0000e+00
      7.274      0.045    48.1302     1.1324      9.783 1.2357e-01     16.093     58.569  39.499753    -0.2602     3.8553     8.7037   999.8612     10.343      7.132 0.0000e+00
      7.287      0.050    47.8304     1.1353      9.758 1.2362e-01     16.092     58.535  39.484979    -0.2317     3.9486     8.7032   999.8613     10.361      7.144 0.0000e+00
      7.302      0.054    47.6190     1.1418      9.734 1.2374e-01     16.092     58.490  39.461899    -0.1841     4.0591     8.7060   999.8612     10.386      7.161 0.0000e+00
      7.317      0.056    47.5533     1.1375      9.747 1.2375e-01     16.093     58.500  39.474594    -0.1901     3.9900     8.7115   999.8609     10.408      7.176 0.0000e+00
      7.331      0.055    47.6381     1.1404      9.754 1.2370e-01     16.093     58.551  39.511531    -0.2171     4.0057     8.7188   999.8604     10.425      7.187 0.0000e+00
      7.347      0.051    47.4398     1.1356      9.713 1.2368e-01     16.092     58.583  39.527669    -0.1965     4.1797     8.7271   999.8599     10.448      7.203 0.0000e+00
      7.364      0.047    46.9622     1.1290      9.640 1.2368e-01     16.091     58.618  39.542769    -0.1690     4.2407     8.7314   999.8596     10.477      7.224 0.0000e+00
      7.375      0.045    46.5954     1.1346      9.568 1.2371e-01     16.091     58.663  39.567157    -0.1717     4.1251     8.7378   999.8593     10.496      7.237 0.0000e+00
      7.380      0.041    46.4470     1.1369      9.563 1.2376e-01     16.092     58.673  39.568652    -0.2001     3.9487     8.7425   999.8590     10.496      7.236 0.0000e+00
      7.386      0.037    46.3722     1.1312      9.671 1.2373e-01     16.093     58.671  39.560834    -0.2165     3.9621     8.7345   999.8596     10.499      7.239 0.0000e+00
      7.400      0.036    46.2067     1.1213      9.795 1.2366e-01     16.093     58.737  39.599567    -0.1982     4.1156     8.7258   999.8603     10.525      7.257 0.0000e+00
      7.413      0.038    45.9094     1.1121      9.830 1.2366e-01     16.093     58.829  39.656127    -0.1896     4.1569     8.7220   999.8607     10.549      7.274 0.0000e+00
      7.419      0.042    45.5311     1.1041      9.727 1.2366e-01     16.093     58.862  39.673441    -0.2166     4.0834     8.7182   999.8609     10.551      7.275 0.0000e+00
      7.424      0.043    45.2458     1.1264      9.576 1.2364e-01     16.093     58.879  39.681956    -0.2671     3.9479     8.7124   999.8613     10.553      7.276 0.0000e+00
      7.438      0.041    45.0408     1.1438      9.526 1.2364e-01     16.093     58.902  39.695615    -0.2764     3.9264     8.7074   999.8617     10.577      7.292 0.0000e+00
      7.454      0.038    44.9461     1.1504      9.516 1.2361e-01     16.093     58.926  39.711643    -0.2334     4.0629     8.7023   999.8623     10.607      7.313 0.0000e+00
      7.466      0.035    45.1331     1.1383      9.544 1.2358e-01     16.093     58.980  39.748799    -0.2046     4.1564     8.6975   999.8627     10.621      7.323 0.0000e+00
      7.474      0.032    45.2365     1.1036      9.603 1.2361e-01     16.092     59.002  39.764032    -0.2148     4.1306     8.6959   999.8628     10.631      7.329 0.0000e+00
      7.479      0.028    44.9913     1.1116      9.603 1.2367e-01     16.092     59.009  39.768878    -0.2518     4.1278     8.6940   999.8630     10.640      7.335 0.0000e+00
      7.482      0.026    44.5777     1.1066      9.631 1.2372e-01     16.092     59.064  39.807390    -0.2512     4.2943     8.6932   999.8630     10.642      7.337 0.0000e+00
      7.485      0.026    44.3659     1.1052      9.681 1.2374e-01     16.092     59.126  39.848840    -0.1985     4.4621     8.6948   999.8630     10.643      7.339 0.0000e+00
      7.493      0.029    44.4958     1.1276      9.700 1.2373e-01     16.092     59.190  39.889225    -0.1583     4.5088     8.6954   999.8630     10.656      7.346 0.0000e+00
