Data/DataNotYetUploadedToEDI/Raw_CTD/RawDownloads/061121_fcr50_0006.cnv
* Sea-Bird SBE19plus  Data File:
* FileName = C:\R\Reservoirs\Data\DataNotYetUploadedToEDI\Raw_CTD\RawDownloads\061121_fcr50_0006.hex
* Software version 2.8.0.119
* Temperature SN = 7809
* Conductivity SN = 7809
* System UpLoad Time = Jun 11 2021 19:33:50
* <ApplicationData>
* <Seaterm232>
# nquan = 16
# nvalues = 3787                        
# units = specified
# name 0 = depFM: Depth [fresh water, m]
# name 1 = dz/dtM: Descent Rate [m/s]
# name 2 = orp: Oxidation Reduction Potential [mV]
# name 3 = sbeox0Mg/L: Oxygen, SBE 43 [mg/l]
# name 4 = sbeox0PS: Oxygen, SBE 43 [% saturation]
# name 5 = par/sat/log: PAR/Logarithmic, Satlantic
# name 6 = ph: pH
# name 7 = specc: Specific Conductance [uS/cm]
# name 8 = c0uS/cm: Conductivity [uS/cm]
# name 9 = flECO-AFL: Fluorescence, WET Labs ECO-AFL/FL [mg/m^3]
# name 10 = turbWETntu0: Turbidity, WET Labs ECO [NTU]
# name 11 = tv290C: Temperature [ITS-90, deg C]
# name 12 = density00: Density [density, kg/m^3]
# name 13 = prdE: Pressure, Strain Gauge [psi]
# name 14 = prdM: Pressure, Strain Gauge [db]
# name 15 = flag:  0.000e+00
# span 0 =     -0.712,      9.730       
# span 1 =     -0.381,      0.227       
# span 2 =  -605.8580,   277.0360       
# span 3 =     0.7150,    13.4703       
# span 4 =      6.265,    162.276       
# span 5 = 1.2340e-01, 1.9124e+03       
# span 6 =     15.596,     16.111       
# span 7 =      1.598,    330.933       
# span 8 =   1.670804, 222.694436       
# span 9 =    -1.4953,     5.4301       
# span 10 =    -0.9235,   178.1414      
# span 11 =     8.5413,    28.1629      
# span 12 =   996.2081,   999.9742      
# span 13 =     -1.012,     13.840      
# span 14 =     -0.698,      9.543      
# span 15 = 0.0000e+00, 0.0000e+00      
# interval = seconds: 0.25
# start_time = Jun 11 2021 00:07:20 [Instrument's time stamp, header]
# bad_flag = -9.990e-29
*END*
[from data line 2441]
      9.654      0.003    35.9285     1.0226      8.027 1.2363e-01     16.076    158.514 106.729508    -0.2410     8.3054     8.6529   999.8959     13.731      9.467 0.0000e+00
      9.655      0.004    35.7576     1.0066      7.928 1.2368e-01     16.076    174.194 117.299295    -0.2268     8.3744     8.6509   999.8964     13.733      9.468 0.0000e+00
      9.655      0.005    35.5356     0.9794      7.851 1.2368e-01     16.077    181.292 122.088872    -0.2245     8.2169     8.6549   999.9016     13.732      9.468 0.0000e+00
      9.656      0.006    35.3093     0.9508      7.799 1.2369e-01     16.078    176.516 118.878404    -0.2139     7.8081     8.6596   999.9039     13.734      9.469 0.0000e+00
      9.659      0.006    35.0870     0.9313      7.774 1.2371e-01     16.077    169.814 114.367429    -0.1748     7.4496     8.6637   999.9123     13.739      9.473 0.0000e+00
      9.662      0.006    34.9128     0.9243      7.791 1.2365e-01     16.077    152.346 102.604358    -0.1232     7.4185     8.6672   999.9168     13.744      9.476 0.0000e+00
      9.664      0.006    34.9239     0.9117      7.806 1.2357e-01     16.077    127.882  86.128690    -0.1329     7.3966     8.6701   999.9229     13.746      9.477 0.0000e+00
      9.664      0.005    34.9630     0.9085      7.740 1.2360e-01     16.077    128.247  86.378420    -0.1969     6.6710     8.6719   999.9155     13.745      9.477 0.0000e+00
      9.664      0.004    34.7830     0.9026      7.622 1.2365e-01     16.076    137.577  92.668341    -0.2298     5.4780     8.6725   999.9163     13.746      9.477 0.0000e+00
      9.665      0.004    34.5545     0.9063      7.531 1.2365e-01     16.076    130.335  87.797799    -0.2251     4.8854     8.6729   999.9127     13.747      9.478 0.0000e+00
      9.667      0.004    34.5232     0.9150      7.503 1.2358e-01     16.076    119.873  80.759251    -0.2171     4.8612     8.6728   999.8921     13.749      9.480 0.0000e+00
      9.668      0.004    34.5763     0.9034      7.503 1.2354e-01     16.076    116.144  78.258560    -0.1988     5.0135     8.6738   999.8984     13.751      9.481 0.0000e+00
      9.670      0.004    34.5949     0.8864      7.514 1.2358e-01     16.076    121.460  81.854316    -0.1761     5.2850     8.6766   999.9078     13.754      9.483 0.0000e+00
      9.671      0.004    34.5760     0.8729      7.572 1.2363e-01     16.076    137.614  92.754292    -0.1715     5.4323     8.6795   999.8986     13.755      9.484 0.0000e+00
      9.671      0.004    34.4339     0.8730      7.663 1.2362e-01     16.075    168.599 113.648955    -0.1719     5.4553     8.6828   999.8955     13.755      9.484 0.0000e+00
      9.672      0.004    34.2529     0.8743      7.716 1.2361e-01     16.075    207.165 139.647221    -0.1808     5.5978     8.6878   999.8927     13.757      9.485 0.0000e+00
      9.674      0.004    34.1092     0.8721      7.723 1.2364e-01     16.075    227.392 153.270835    -0.1839     5.9527     8.6937   999.8946     13.760      9.487 0.0000e+00
      9.674      0.004    34.0726     0.8785      7.721 1.2364e-01     16.076    228.431 153.945326    -0.1709     6.1760     8.6988   999.8995     13.761      9.488 0.0000e+00
      9.675      0.004    34.1546     0.8951      7.766 1.2362e-01     16.076    230.833 155.530616    -0.1674     6.0657     8.7024   999.9094     13.760      9.487 0.0000e+00
      9.676      0.004    34.0683     0.8994      7.866 1.2359e-01     16.076    237.605 160.058391    -0.1889     5.4779     8.7035   999.9307     13.764      9.490 0.0000e+00
      9.677      0.005    33.8034     0.8991      7.934 1.2352e-01     16.076    244.361 164.575860    -0.2404     4.4594     8.7009   999.9379     13.765      9.491 0.0000e+00
      9.677      0.005    33.4472     0.8974      7.982 1.2354e-01     16.077    252.251 169.856363    -0.2649     3.8439     8.6948   999.9333     13.764      9.490 0.0000e+00
      9.679      0.006    33.0311     0.8979      7.998 1.2365e-01     16.078    262.939 177.019961    -0.2656     3.7703     8.6869   999.9361     13.766      9.491 0.0000e+00
      9.682      0.006    32.7300     0.9209      7.930 1.2367e-01     16.079    273.594 184.162089    -0.2776     3.7405     8.6795   999.9399     13.771      9.495 0.0000e+00
      9.684      0.006    32.6455     0.9233      7.839 1.2362e-01     16.079    279.650 188.209014    -0.2681     3.6895     8.6727   999.9425     13.774      9.497 0.0000e+00
      9.686      0.006    32.6973     0.9284      7.763 1.2357e-01     16.078    282.862 190.344066    -0.2553     3.6698     8.6661   999.9456     13.777      9.498 0.0000e+00
      9.688      0.005    32.7539     0.9395      7.772 1.2357e-01     16.076    286.984 193.095876    -0.2744     3.6729     8.6598   999.9503     13.779      9.500 0.0000e+00
      9.689      0.004    32.8137     0.9207      7.850 1.2364e-01     16.076    292.319 196.667248    -0.2708     3.7267     8.6540   999.9560     13.780      9.501 0.0000e+00
      9.689      0.003    32.8186     0.9152      7.890 1.2366e-01     16.076    296.930 199.754097    -0.2203     3.9085     8.6486   999.9578     13.781      9.502 0.0000e+00
      9.690      0.002    32.7268     0.8996      7.912 1.2364e-01     16.076    299.740 201.632753    -0.2081     4.0524     8.6438   999.9588     13.781      9.502 0.0000e+00
      9.690      0.002    32.5634     0.8993      7.915 1.2371e-01     16.077    301.125 202.556046    -0.2277     4.0587     8.6400   999.9606     13.783      9.503 0.0000e+00
      9.690      0.002    32.2202     0.9216      7.885 1.2375e-01     16.079    301.865 203.047798    -0.2011     4.0187     8.6370   999.9633     13.782      9.502 0.0000e+00
      9.691      0.002    31.8467     0.9170      7.835 1.2371e-01     16.079    302.424 203.419473    -0.1724     3.8777     8.6344   999.9653     13.783      9.504 0.0000e+00
      9.691      0.002    31.7480     0.9236      7.775 1.2365e-01     16.079    302.879 203.722647    -0.1764     3.7614     8.6324   999.9664     13.785      9.505 0.0000e+00
      9.691      0.003    31.7144     0.9246      7.775 1.2357e-01     16.078    303.238 203.961990    -0.1825     3.7464     8.6310   999.9669     13.784      9.504 0.0000e+00
      9.692      0.004    31.5260     0.9182      7.856 1.2351e-01     16.077    303.501 204.137747    -0.1893     3.6958     8.6300   999.9672     13.785      9.505 0.0000e+00
      9.693      0.005    31.3637     0.9151      7.914 1.2349e-01     16.077    303.665 204.247992    -0.2008     3.6294     8.6293   999.9675     13.787      9.506 0.0000e+00
      9.694      0.006    31.2151     0.9032      7.924 1.2355e-01     16.077    303.890 204.399112    -0.2073     3.5974     8.6289   999.9677     13.788      9.507 0.0000e+00
      9.695      0.007    31.0194     0.9000      7.949 1.2366e-01     16.077    304.314 204.685117    -0.2006     3.5832     8.6286   999.9679     13.790      9.508 0.0000e+00
      9.697      0.007    30.8049     0.9180      7.972 1.2366e-01     16.077    304.808 205.018455    -0.2156     3.6632     8.6284   999.9680     13.793      9.510 0.0000e+00
      9.700      0.008    30.5132     0.9264      7.971 1.2363e-01     16.077    305.311 205.357897    -0.2360     3.8440     8.6284   999.9680     13.797      9.513 0.0000e+00
      9.703      0.008    30.2461     0.9201      7.961 1.2368e-01     16.077    305.940 205.781632    -0.2279     3.9494     8.6284   999.9681     13.801      9.515 0.0000e+00
      9.705      0.007    30.1575     0.9271      7.960 1.2372e-01     16.077    306.713 206.302167    -0.2416     3.9415     8.6285   999.9683     13.803      9.517 0.0000e+00
      9.706      0.006    30.1299     0.9305      8.012 1.2368e-01     16.077    307.529 206.852017    -0.2400     4.6072     8.6287   999.9685     13.804      9.518 0.0000e+00
      9.707      0.006    29.9982     0.9284      8.106 1.2362e-01     16.077    308.304 207.374081    -0.1601     6.1275     8.6290   999.9686     13.808      9.520 0.0000e+00
      9.709      0.005    29.9415     0.9287      8.158 1.2360e-01     16.077    309.051 207.878513    -0.0961     7.0455     8.6291   999.9688     13.809      9.521 0.0000e+00
      9.710      0.005    29.9606     0.9242      8.138 1.2359e-01     16.077    309.836 208.407059    -0.1057     7.2615     8.6290   999.9692     13.811      9.522 0.0000e+00
      9.711      0.004    29.8841     0.9307      8.095 1.2360e-01     16.077    310.569 208.900565    -0.0569     9.8712     8.6291   999.9695     13.813      9.523 0.0000e+00
      9.713      0.004    29.8775     0.9474      8.061 1.2366e-01     16.077    311.164 209.301232     0.0744    14.8410     8.6293   999.9698     13.814      9.525 0.0000e+00
      9.714      0.003    29.9672     0.9546      8.041 1.2369e-01     16.077    311.706 209.667232     0.1464    17.5684     8.6296   999.9700     13.816      9.526 0.0000e+00
      9.714      0.002    30.0224     0.9491      8.076 1.2367e-01     16.077    312.290 210.061545     0.1756    17.8186     8.6298   999.9703     13.816      9.526 0.0000e+00
      9.714      0.002    30.0284     0.9414      8.088 1.2364e-01     16.077    312.918 210.484443     0.1987    17.6943     8.6299   999.9706     13.817      9.526 0.0000e+00
      9.715      0.002    29.9542     0.9417      8.036 1.2363e-01     16.077    313.499 210.875957     0.1773    17.4048     8.6300   999.9708     13.818      9.527 0.0000e+00
      9.715      0.001    29.9002     0.9312      7.977 1.2361e-01     16.077    313.995 211.210770     0.1555    17.2370     8.6302   999.9710     13.818      9.527 0.0000e+00
      9.715      0.001    29.8913     0.9424      7.882 1.2356e-01     16.077    314.458 211.524144     0.1553    17.4163     8.6304   999.9712     13.817      9.527 0.0000e+00
      9.716      0.001    29.8467     0.9489      7.787 1.2358e-01     16.077    314.938 211.848423     0.1458    19.6412     8.6305   999.9715     13.819      9.528 0.0000e+00
      9.716      0.001    29.8771     0.9316      7.719 1.2359e-01     16.076    315.439 212.187013     0.1261    23.6416     8.6305   999.9717     13.820      9.528 0.0000e+00
      9.716      0.001    29.9143     0.9351      7.689 1.2355e-01     16.076    315.875 212.481333     0.1077    25.7516     8.6308   999.9718     13.819      9.528 0.0000e+00
      9.716      0.001    29.8658     0.9169      7.782 1.2355e-01     16.076    316.225 212.718404     0.0862    25.4807     8.6311   999.9720     13.819      9.528 0.0000e+00
      9.716      0.001    29.8075     0.9050      7.928 1.2360e-01     16.076    316.553 212.940905    -0.0200    20.5037     8.6313   999.9721     13.819      9.528 0.0000e+00
      9.716      0.002    29.7259     0.9015      7.983 1.2362e-01     16.076    316.821 213.123053    -0.2229    11.3068     8.6315   999.9723     13.820      9.528 0.0000e+00
      9.717      0.002    29.7391     0.8870      7.946 1.2358e-01     16.076    317.016 213.256312    -0.3162     6.3625     8.6317   999.9725     13.820      9.529 0.0000e+00
      9.718      0.003    29.7951     0.9037      7.889 1.2362e-01     16.076    317.227 213.399814    -0.2996     5.9731     8.6319   999.9726     13.822      9.530 0.0000e+00
      9.719      0.003    29.7154     0.9303      7.877 1.2368e-01     16.076    317.489 213.577764    -0.3176     5.4666     8.6322   999.9727     13.823      9.531 0.0000e+00
      9.720      0.003    29.5489     0.9339      7.875 1.2362e-01     16.076    317.734 213.743422    -0.2862     4.8382     8.6327   999.9728     13.823      9.531 0.0000e+00
      9.721      0.004    29.3314     0.9266      7.797 1.2354e-01     16.076    317.914 213.866315    -0.2343     4.6577     8.6329   999.9729     13.825      9.533 0.0000e+00
      9.721      0.004    29.1501     0.9168      7.695 1.2351e-01     16.077    318.074 213.975328    -0.2434     5.1394     8.6330   999.9729     13.826      9.533 0.0000e+00
      9.722      0.005    29.0780     0.9148      7.637 1.2351e-01     16.077    318.259 214.101190    -0.1483    11.8629     8.6332   999.9730     13.828      9.534 0.0000e+00
      9.723      0.005    29.0617     0.9246      7.637 1.2352e-01     16.077    318.457 214.235742     0.0575    24.3580     8.6335   999.9731     13.830      9.535 0.0000e+00
      9.725      0.005    28.6943     0.9085      7.669 1.2357e-01     16.077    318.677 214.385797     0.1659    31.1084     8.6339   999.9732     13.832      9.537 0.0000e+00
      9.727      0.004    27.5617     0.8934      7.634 1.2367e-01     16.076    318.950 214.571054     0.1608    31.1327     8.6340   999.9732     13.835      9.539 0.0000e+00
      9.729      0.000    25.6918     0.8890      7.552 1.2371e-01     16.076    319.209 214.747092    -0.0327    24.6176     8.6342   999.9733     13.839      9.541 0.0000e+00
      9.730     -0.005    21.9171     0.8848      7.489 1.2363e-01     16.076    319.454 214.913709    -0.3807    12.5538     8.6346   999.9733     13.840      9.543 0.0000e+00
      9.729     -0.012    15.0461     0.8996      7.406 1.2357e-01     16.076    319.748 215.113099    -0.5663     5.9849     8.6348   999.9734     13.838      9.541 0.0000e+00
      9.725     -0.020     6.9735     0.8923      7.326 1.2358e-01     16.076    320.025 215.301224    -0.5879     5.3784     8.6351   999.9735     13.833      9.538 0.0000e+00
      9.719     -0.027    -0.4896     0.8753      7.267 1.2359e-01     16.076    320.258 215.459676    -0.5668     4.7405     8.6353   999.9735     13.825      9.532 0.0000e+00
      9.710     -0.034    -7.0468     0.8766      7.238 1.2359e-01     16.075    320.495 215.620406    -0.5113     3.5942     8.6356   999.9735     13.812      9.523 0.0000e+00
      9.698     -0.039   -10.5330     0.8614      7.256 1.2358e-01     16.075    320.718 215.772022    -0.4695     3.0547     8.6358   999.9736     13.794      9.511 0.0000e+00
      9.686     -0.042   -10.0321     0.8524      7.272 1.2356e-01     16.075    320.883 215.884305    -0.4522     3.0927     8.6361   999.9736     13.776      9.499 0.0000e+00
      9.676     -0.042    -8.0450     0.8469      7.262 1.2356e-01     16.076    320.983 215.953595    -0.4073     3.1261     8.6364   999.9736     13.763      9.489 0.0000e+00
      9.664     -0.040    -6.2967     0.8386      7.197 1.2360e-01     16.076    321.100 216.033580    -0.3460     3.2873     8.6366   999.9737     13.747      9.478 0.0000e+00
      9.653     -0.035    -4.9832     0.8473      7.099 1.2361e-01     16.077    321.266 216.147104    -0.3506     3.5311     8.6369   999.9737     13.728      9.466 0.0000e+00
      9.643     -0.029    -3.7783     0.8475      7.059 1.2360e-01     16.077    321.398 216.237760    -0.3764     5.4901     8.6371   999.9737     13.715      9.457 0.0000e+00
      9.635     -0.021    -2.6548     0.8480      7.058 1.2362e-01     16.076    321.485 216.297348    -0.3145    27.9340     8.6372   999.9736     13.702      9.448 0.0000e+00
      9.631     -0.014    -1.9821     0.8427      7.087 1.2363e-01     16.075    321.569 216.355361    -0.1937    69.1415     8.6375   999.9736     13.695      9.443 0.0000e+00
      9.631     -0.008    -1.4094     0.8211      7.158 1.2361e-01     16.075    321.674 216.426975    -0.1372    91.6303     8.6378   999.9737     13.697      9.444 0.0000e+00
      9.632     -0.003    -0.8925     0.8214      7.149 1.2356e-01     16.075    321.814 216.522957    -0.1171    93.8130     8.6380   999.9737     13.700      9.446 0.0000e+00
      9.632      0.000    -0.6368     0.8238      7.076 1.2356e-01     16.075    321.954 216.619482    -0.0653    95.0863     8.6383   999.9738     13.702      9.447 0.0000e+00
      9.632      0.002    -0.3830     0.8181      7.034 1.2358e-01     16.075    322.068 216.697657    -0.0542    96.9308     8.6385   999.9738     13.701      9.446 0.0000e+00
      9.633      0.002    -0.2324     0.8418      7.016 1.2358e-01     16.074    322.165 216.763855    -0.0692    97.9190     8.6387   999.9738     13.701      9.447 0.0000e+00
