Data/DataNotYetUploadedToEDI/Raw_CTD/RawDownloads/061121_fcr50_0003.cnv
* Sea-Bird SBE19plus  Data File:
* FileName = C:\R\Reservoirs\Data\DataNotYetUploadedToEDI\Raw_CTD\RawDownloads\061121_fcr50_0003.hex
* Software version 2.8.0.119
* Temperature SN = 7809
* Conductivity SN = 7809
* System UpLoad Time = Jun 11 2021 19:30:28
* <ApplicationData>
* <Seaterm232>
# nquan = 16
# nvalues = 4867                        
# units = specified
# name 0 = depFM: Depth [fresh water, m]
# name 1 = dz/dtM: Descent Rate [m/s]
# name 2 = orp: Oxidation Reduction Potential [mV]
# name 3 = sbeox0Mg/L: Oxygen, SBE 43 [mg/l]
# name 4 = sbeox0PS: Oxygen, SBE 43 [% saturation]
# name 5 = par/sat/log: PAR/Logarithmic, Satlantic
# name 6 = ph: pH
# name 7 = specc: Specific Conductance [uS/cm]
# name 8 = c0uS/cm: Conductivity [uS/cm]
# name 9 = flECO-AFL: Fluorescence, WET Labs ECO-AFL/FL [mg/m^3]
# name 10 = turbWETntu0: Turbidity, WET Labs ECO [NTU]
# name 11 = tv290C: Temperature [ITS-90, deg C]
# name 12 = density00: Density [density, kg/m^3]
# name 13 = prdE: Pressure, Strain Gauge [psi]
# name 14 = prdM: Pressure, Strain Gauge [db]
# name 15 = flag:  0.000e+00
# span 0 =     -0.705,      9.636       
# span 1 =     -0.321,      0.066       
# span 2 =   -81.7400,   339.0893       
# span 3 =     1.4379,    12.0298       
# span 4 =     12.485,    143.251       
# span 5 = 1.2350e-01, 1.8044e+01       
# span 6 =     15.492,     16.025       
# span 7 =      0.866,    123.551       
# span 8 =   0.776444,  82.426768       
# span 9 =    -1.0326,     6.1072       
# span 10 =    -0.3610,   611.1268      
# span 11 =     8.3148,    25.9551      
# span 12 =   996.8165,   999.9199      
# span 13 =     -1.003,     13.706      
# span 14 =     -0.691,      9.450      
# span 15 = 0.0000e+00, 0.0000e+00      
# interval = seconds: 0.25
# start_time = Jun 10 2021 13:02:27 [Instrument's time stamp, header]
# bad_flag = -9.990e-29
*END*
[from data line 995]
      2.211      0.010   239.5038     8.1152     81.525 1.2365e-01     15.846     35.338  28.648528     0.0700     1.7416    15.5076   999.0493      3.144      2.168 0.0000e+00
      2.214      0.013   239.6708     8.1141     81.441 1.2360e-01     15.847     35.253  28.559668     0.0561     1.7159    15.5193   999.0474      3.148      2.171 0.0000e+00
      2.220      0.015   239.6571     8.1142     81.346 1.2360e-01     15.849     35.228  28.517098     0.0654     1.7356    15.5378   999.0446      3.159      2.178 0.0000e+00
      2.226      0.015   239.5096     8.1274     81.299 1.2365e-01     15.849     35.248  28.514401     0.0875     1.7388    15.5525   999.0422      3.166      2.183 0.0000e+00
      2.230      0.014   239.4358     8.1293     81.326 1.2369e-01     15.849     35.281  28.527032     0.0942     1.7208    15.5395   999.0442      3.172      2.187 0.0000e+00
      2.234      0.011   239.5398     8.1227     81.364 1.2366e-01     15.849     35.311  28.542927     0.0790     1.6899    15.5026   999.0501      3.178      2.191 0.0000e+00
      2.236      0.008   239.6491     8.1188     81.366 1.2364e-01     15.849     35.361  28.579709     0.0560     1.6734    15.4697   999.0553      3.180      2.192 0.0000e+00
      2.237      0.006   239.8106     8.1149     81.357 1.2364e-01     15.849     35.374  28.591146     0.0552     1.6929    15.4434   999.0593      3.181      2.193 0.0000e+00
      2.237      0.006   239.9441     8.1264     81.430 1.2367e-01     15.849     35.325  28.554333     0.0597     1.6861    15.4216   999.0627      3.182      2.194 0.0000e+00
      2.237      0.007   239.8859     8.1335     81.705 1.2370e-01     15.849     35.280  28.515223     0.0537     1.6596    15.4103   999.0645      3.182      2.194 0.0000e+00
      2.239      0.008   239.7954     8.1333     82.142 1.2367e-01     15.850     35.270  28.498887     0.0587     1.6476    15.4049   999.0654      3.183      2.195 0.0000e+00
      2.242      0.010   239.7095     8.1305     82.582 1.2365e-01     15.852     35.262  28.483677     0.0625     1.6781    15.4063   999.0652      3.189      2.199 0.0000e+00
      2.245      0.012   239.7090     8.1279     82.922 1.2370e-01     15.852     35.240  28.458179     0.0622     1.7528    15.4150   999.0638      3.194      2.203 0.0000e+00
      2.248      0.012   239.8753     8.1582     83.117 1.2372e-01     15.852     35.234  28.444333     0.0637     1.7612    15.4133   999.0641      3.196      2.203 0.0000e+00
      2.252      0.011   240.1708     8.2136     83.197 1.2367e-01     15.852     35.243  28.443127     0.0524     1.7117    15.3959   999.0668      3.203      2.208 0.0000e+00
      2.256      0.011   240.5284     8.2614     83.211 1.2364e-01     15.852     35.249  28.443585     0.0499     1.7031    15.3831   999.0688      3.212      2.214 0.0000e+00
      2.258      0.011   240.5858     8.2998     83.204 1.2364e-01     15.853     35.259  28.449866     0.0710     1.7258    15.3753   999.0700      3.213      2.215 0.0000e+00
      2.258      0.011   240.4340     8.3199     83.232 1.2361e-01     15.853     35.269  28.455631     0.0795     1.7799    15.3607   999.0723      3.212      2.214 0.0000e+00
      2.260      0.010   240.4996     8.3279     83.276 1.2356e-01     15.853     35.269  28.449856     0.0665     1.8431    15.3465   999.0745      3.214      2.217 0.0000e+00
      2.265      0.010   240.6912     8.3310     83.275 1.2361e-01     15.852     35.267  28.443456     0.0561     1.8376    15.3399   999.0755      3.222      2.222 0.0000e+00
      2.268      0.011   240.8575     8.3248     83.221 1.2371e-01     15.852     35.269  28.441688     0.0596     1.8505    15.3417   999.0753      3.228      2.225 0.0000e+00
      2.270      0.011   240.9615     8.3304     83.127 1.2376e-01     15.853     35.259  28.428471     0.0514     1.8950    15.3394   999.0756      3.228      2.226 0.0000e+00
      2.272      0.010   241.0030     8.3398     82.994 1.2376e-01     15.854     35.243  28.410519     0.0243     1.8965    15.3278   999.0774      3.232      2.228 0.0000e+00
      2.275      0.010   241.1005     8.3408     82.862 1.2372e-01     15.854     35.252  28.414924     0.0081     1.9023    15.3217   999.0784      3.236      2.231 0.0000e+00
      2.278      0.011   241.1084     8.3344     82.772 1.2367e-01     15.853     35.255  28.418298    -0.0018     1.8971    15.3174   999.0791      3.241      2.234 0.0000e+00
      2.280      0.011   241.0126     8.3279     82.687 1.2365e-01     15.853     35.219  28.387880     0.0005     1.8327    15.3115   999.0801      3.244      2.237 0.0000e+00
      2.283      0.011   241.0606     8.3140     82.577 1.2365e-01     15.854     35.199  28.364322     0.0066     1.7426    15.3032   999.0812      3.246      2.238 0.0000e+00
      2.287      0.010   241.1726     8.2988     82.435 1.2366e-01     15.855     35.235  28.387190    -0.0038     1.7005    15.2948   999.0826      3.252      2.242 0.0000e+00
      2.291      0.009   241.3340     8.2924     82.216 1.2374e-01     15.855     35.262  28.410625    -0.0011     1.7006    15.3010   999.0817      3.260      2.247 0.0000e+00
      2.292      0.009   241.4639     8.2843     81.948 1.2380e-01     15.854     35.233  28.393932     0.0104     1.7443    15.3032   999.0813      3.261      2.248 0.0000e+00
      2.293      0.009   241.4528     8.2749     81.683 1.2380e-01     15.853     35.207  28.375676     0.0115     1.7829    15.2860   999.0839      3.261      2.248 0.0000e+00
      2.295      0.009   241.5443     8.2669     81.417 1.2378e-01     15.853     35.212  28.380193     0.0024     1.7200    15.2733   999.0859      3.263      2.249 0.0000e+00
      2.298      0.009   241.7952     8.2429     81.216 1.2372e-01     15.854     35.211  28.385115    -0.0137     1.6365    15.2778   999.0853      3.268      2.253 0.0000e+00
      2.300      0.011   241.9052     8.2078     81.125 1.2368e-01     15.854     35.188  28.371769    -0.0117     1.6312    15.2947   999.0826      3.273      2.257 0.0000e+00
      2.302      0.013   241.8412     8.1859     81.073 1.2372e-01     15.855     35.163  28.345704     0.0070     1.6564    15.2986   999.0820      3.274      2.257 0.0000e+00
      2.305      0.013   241.8828     8.1552     81.000 1.2373e-01     15.856     35.160  28.323692     0.0127     1.6663    15.2898   999.0834      3.277      2.260 0.0000e+00
      2.309      0.013   242.0643     8.1305     80.943 1.2373e-01     15.856     35.150  28.295910     0.0003     1.6821    15.3026   999.0815      3.284      2.265 0.0000e+00
      2.314      0.013   242.3144     8.1225     80.930 1.2375e-01     15.856     35.121  28.263501    -0.0092     1.6759    15.3198   999.0788      3.293      2.270 0.0000e+00
      2.318      0.012   242.4978     8.1222     80.930 1.2375e-01     15.856     35.099  28.249011     0.0116     1.7291    15.3103   999.0803      3.298      2.275 0.0000e+00
      2.320      0.011   242.4739     8.1179     80.910 1.2372e-01     15.856     35.090  28.247591     0.0511     1.8443    15.2760   999.0856      3.301      2.277 0.0000e+00
      2.322      0.010   242.4563     8.1164     80.832 1.2369e-01     15.857     35.088  28.246326     0.0683     1.8676    15.2393   999.0912      3.303      2.277 0.0000e+00
      2.324      0.010   242.5429     8.1214     80.734 1.2366e-01     15.858     35.079  28.233725     0.0672     1.8734    15.2257   999.0934      3.305      2.278 0.0000e+00
      2.327      0.011   242.7468     8.1178     80.673 1.2367e-01     15.858     35.078  28.222087     0.0567     1.8801    15.2370   999.0916      3.311      2.283 0.0000e+00
      2.329      0.012   243.0289     8.1176     80.625 1.2370e-01     15.859     35.112  28.232468     0.0274     1.8106    15.2518   999.0893      3.312      2.284 0.0000e+00
      2.332      0.014   243.0286     8.1074     80.604 1.2367e-01     15.859     35.135  28.232355    -0.0013     1.7198    15.2498   999.0897      3.315      2.286 0.0000e+00
      2.337      0.014   243.0009     8.0951     80.653 1.2367e-01     15.859     35.142  28.220710    -0.0130     1.6403    15.2398   999.0912      3.325      2.293 0.0000e+00
      2.341      0.014   243.2104     8.0949     80.719 1.2370e-01     15.860     35.160  28.218509    -0.0195     1.6387    15.2286   999.0929      3.329      2.295 0.0000e+00
      2.344      0.014   243.2382     8.0941     80.738 1.2368e-01     15.860     35.161  28.205727    -0.0328     1.7005    15.1993   999.0975      3.334      2.299 0.0000e+00
      2.348      0.013   243.0786     8.0931     80.716 1.2365e-01     15.860     35.161  28.193022    -0.0397     1.7020    15.1706   999.1019      3.341      2.304 0.0000e+00
      2.351      0.011   243.1740     8.1050     80.639 1.2365e-01     15.861     35.173  28.191746    -0.0366     1.6561    15.1504   999.1050      3.343      2.305 0.0000e+00
      2.354      0.009   243.5305     8.1206     80.477 1.2365e-01     15.862     35.180  28.190280    -0.0427     1.6602    15.1228   999.1092      3.349      2.309 0.0000e+00
      2.357      0.009   243.7763     8.1225     80.238 1.2366e-01     15.862     35.164  28.175286    -0.0375     1.7861    15.1051   999.1119      3.354      2.312 0.0000e+00
      2.358      0.009   243.8226     8.1247     79.948 1.2367e-01     15.862     35.119  28.137329    -0.0117     1.9088    15.0895   999.1143      3.353      2.312 0.0000e+00
      2.359      0.010   243.8325     8.1225     79.643 1.2370e-01     15.863     35.091  28.111945    -0.0066     1.9079    15.0690   999.1174      3.354      2.313 0.0000e+00
      2.361      0.011   243.9821     8.1063     79.361 1.2375e-01     15.864     35.108  28.122107    -0.0234     1.9123    15.0592   999.1189      3.356      2.314 0.0000e+00
      2.366      0.012   244.1685     8.0821     79.126 1.2375e-01     15.864     35.125  28.133326    -0.0342     1.9624    15.0591   999.1189      3.365      2.320 0.0000e+00
      2.370      0.013   244.2794     8.0511     78.916 1.2373e-01     15.864     35.114  28.120724    -0.0322     1.9989    15.0588   999.1190      3.372      2.325 0.0000e+00
      2.372      0.013   244.5484     8.0208     78.746 1.2369e-01     15.864     35.094  28.096597    -0.0279     1.9750    15.0524   999.1199      3.373      2.325 0.0000e+00
      2.376      0.013   244.8404     7.9910     78.635 1.2362e-01     15.864     35.104  28.095339    -0.0398     1.8795    15.0470   999.1207      3.379      2.330 0.0000e+00
      2.380      0.013   244.7989     7.9700     78.510 1.2365e-01     15.864     35.129  28.105503    -0.0711     1.8396    15.0451   999.1210      3.387      2.335 0.0000e+00
      2.383      0.013   244.7346     7.9496     78.363 1.2373e-01     15.865     35.128  28.092608    -0.1004     1.9043    15.0403   999.1218      3.389      2.336 0.0000e+00
      2.385      0.013   244.8371     7.9304     78.188 1.2373e-01     15.866     35.110  28.066281    -0.1172     1.9416    15.0278   999.1237      3.391      2.338 0.0000e+00
      2.389      0.013   244.9193     7.9289     78.015 1.2371e-01     15.867     35.091  28.040907    -0.1225     1.9133    15.0131   999.1259      3.398      2.343 0.0000e+00
      2.392      0.013   245.0407     7.9169     78.030 1.2371e-01     15.867     35.103  28.039547    -0.1160     1.9054    15.0005   999.1278      3.403      2.347 0.0000e+00
      2.395      0.012   245.1001     7.9033     78.132 1.2367e-01     15.867     35.129  28.049813    -0.1055     1.9489    14.9823   999.1306      3.406      2.348 0.0000e+00
      2.400      0.011   245.1218     7.8956     78.117 1.2365e-01     15.867     35.123  28.038155    -0.0920     2.0272    14.9635   999.1335      3.413      2.354 0.0000e+00
      2.404      0.010   245.3029     7.8619     78.045 1.2372e-01     15.867     35.110  28.025446    -0.0949     2.0272    14.9524   999.1351      3.420      2.358 0.0000e+00
      2.406      0.009   245.4831     7.8731     77.933 1.2375e-01     15.867     35.107  28.023024    -0.1028     1.8808    14.9365   999.1375      3.422      2.359 0.0000e+00
      2.406      0.009   245.4929     7.9036     77.847 1.2372e-01     15.867     35.092  28.008861    -0.0821     1.7342    14.9175   999.1403      3.422      2.360 0.0000e+00
      2.407      0.010   245.4216     7.8886     77.842 1.2369e-01     15.867     35.065  27.981076    -0.0550     1.6964    14.9079   999.1418      3.422      2.360 0.0000e+00
      2.410      0.011   245.3955     7.8898     77.827 1.2366e-01     15.868     35.025  27.940806    -0.0325     1.7323    14.9058   999.1422      3.428      2.363 0.0000e+00
      2.413      0.012   245.4361     7.8726     77.796 1.2363e-01     15.869     34.990  27.902546    -0.0199     1.7562    14.9088   999.1417      3.433      2.367 0.0000e+00
      2.416      0.014   245.4816     7.8581     77.771 1.2367e-01     15.870     34.999  27.899086    -0.0166     1.8136    14.9072   999.1420      3.436      2.370 0.0000e+00
      2.421      0.014   245.5159     7.8704     77.743 1.2375e-01     15.870     35.010  27.898952    -0.0026     1.9458    14.8958   999.1437      3.446      2.376 0.0000e+00
      2.426      0.014   245.5919     7.8665     77.713 1.2375e-01     15.870     35.022  27.900917    -0.0033     1.9817    14.8835   999.1455      3.452      2.380 0.0000e+00
      2.428      0.014   245.6273     7.8659     77.690 1.2370e-01     15.870     35.058  27.922830    -0.0154     1.9382    14.8691   999.1476      3.452      2.380 0.0000e+00
      2.431      0.014   245.5996     7.8671     77.671 1.2374e-01     15.870     35.050  27.910162    -0.0248     1.9344    14.8527   999.1502      3.459      2.385 0.0000e+00
      2.434      0.014   245.7734     7.8656     77.678 1.2381e-01     15.871     35.015  27.874610    -0.0403     1.9359    14.8409   999.1519      3.463      2.388 0.0000e+00
      2.438      0.014   246.0929     7.8643     77.743 1.2376e-01     15.872     35.024  27.873570    -0.0417     1.9569    14.8297   999.1536      3.463      2.388 0.0000e+00
      2.444      0.014   246.1929     7.8640     77.819 1.2369e-01     15.872     35.061  27.897580    -0.0411     1.9815    14.8186   999.1554      3.476      2.396 0.0000e+00
      2.449      0.013   246.1224     7.8634     77.863 1.2374e-01     15.873     35.083  27.911170    -0.0621     1.9592    14.8122   999.1563      3.486      2.403 0.0000e+00
      2.452      0.013   246.1011     7.8622     77.869 1.2380e-01     15.873     35.086  27.911001    -0.0943     1.8932    14.8010   999.1580      3.486      2.404 0.0000e+00
      2.454      0.013   246.1072     7.8749     77.831 1.2383e-01     15.871     35.070  27.895543    -0.1065     1.8705    14.7866   999.1602      3.491      2.406 0.0000e+00
      2.456      0.012   246.0246     7.8860     77.762 1.2381e-01     15.870     35.022  27.851136    -0.0950     1.9590    14.7802   999.1610      3.493      2.408 0.0000e+00
      2.457      0.012   245.9630     7.8891     77.626 1.2374e-01     15.871     34.992  27.818110    -0.0885     2.0705    14.7751   999.1618      3.493      2.408 0.0000e+00
      2.462      0.012   246.0497     7.8938     77.402 1.2374e-01     15.873     34.995  27.813389    -0.0951     2.1540    14.7706   999.1625      3.499      2.413 0.0000e+00
      2.467      0.012   246.2129     7.8860     77.100 1.2378e-01     15.873     34.973  27.794035    -0.0982     2.2149    14.7693   999.1627      3.512      2.422 0.0000e+00
      2.471      0.012   246.4745     7.8844     76.755 1.2378e-01     15.873     34.948  27.774407    -0.0875     2.2228    14.7620   999.1637      3.515      2.424 0.0000e+00
      2.473      0.011   246.5445     7.8741     76.487 1.2371e-01     15.873     34.933  27.766373    -0.0708     2.1458    14.7440   999.1664      3.516      2.424 0.0000e+00
