Data/DataNotYetUploadedToEDI/Raw_CTD/RawDownloads/061121_fcr50_0004.cnv
* Sea-Bird SBE19plus  Data File:
* FileName = C:\R\Reservoirs\Data\DataNotYetUploadedToEDI\Raw_CTD\RawDownloads\061121_fcr50_0004.hex
* Software version 2.8.0.119
* Temperature SN = 7809
* Conductivity SN = 7809
* System UpLoad Time = Jun 11 2021 19:31:09
* <ApplicationData>
* <Seaterm232>
# nquan = 16
# nvalues = 1556                        
# units = specified
# name 0 = depFM: Depth [fresh water, m]
# name 1 = dz/dtM: Descent Rate [m/s]
# name 2 = orp: Oxidation Reduction Potential [mV]
# name 3 = sbeox0Mg/L: Oxygen, SBE 43 [mg/l]
# name 4 = sbeox0PS: Oxygen, SBE 43 [% saturation]
# name 5 = par/sat/log: PAR/Logarithmic, Satlantic
# name 6 = ph: pH
# name 7 = specc: Specific Conductance [uS/cm]
# name 8 = c0uS/cm: Conductivity [uS/cm]
# name 9 = flECO-AFL: Fluorescence, WET Labs ECO-AFL/FL [mg/m^3]
# name 10 = turbWETntu0: Turbidity, WET Labs ECO [NTU]
# name 11 = tv290C: Temperature [ITS-90, deg C]
# name 12 = density00: Density [density, kg/m^3]
# name 13 = prdE: Pressure, Strain Gauge [psi]
# name 14 = prdM: Pressure, Strain Gauge [db]
# name 15 = flag:  0.000e+00
# span 0 =     -0.713,      9.610       
# span 1 =     -0.213,      0.510       
# span 2 =    21.7015,   414.7564       
# span 3 =     0.9741,    12.7168       
# span 4 =      8.401,    145.775       
# span 5 = 1.2352e-01, 8.9185e+00       
# span 6 =     15.541,     16.075       
# span 7 =      0.851,    140.877       
# span 8 =   0.761025,  94.281902       
# span 9 =    -1.0223,     3.7776       
# span 10 =    -0.3456,    79.5003      
# span 11 =     8.3791,    25.2830      
# span 12 =   996.9942,   999.9206      
# span 13 =     -1.014,     13.669      
# span 14 =     -0.699,      9.425      
# span 15 = 0.0000e+00, 0.0000e+00      
# interval = seconds: 0.25
# start_time = Jun 10 2021 17:01:21 [Instrument's time stamp, header]
# bad_flag = -9.990e-29
*END*
[from data line 1176]
      7.657      0.001    22.8684     0.9900      8.486 1.2377e-01     16.057     65.136  43.751904    -0.3223     1.2123     8.6181   999.8713     10.891      7.509 0.0000e+00
      7.660      0.016    22.9583     1.0025      8.438 1.2379e-01     16.057     64.984  43.641337    -0.3289     1.1813     8.6170   999.8713     10.892      7.510 0.0000e+00
      7.668      0.022    23.0513     1.0148      8.468 1.2374e-01     16.057     64.834  43.537733    -0.3689     1.1422     8.6073   999.8719     10.903      7.518 0.0000e+00
      7.679      0.018    22.9608     0.9995      8.563 1.2371e-01     16.057     64.892  43.578483    -0.3964     1.1516     8.5936   999.8731     10.924      7.532 0.0000e+00
      7.689      0.004    22.7243     0.9901      8.644 1.2369e-01     16.057     64.961  43.626172    -0.3942     1.1916     8.5819   999.8741     10.940      7.543 0.0000e+00
      7.695     -0.020    22.6017     0.9812      8.668 1.2369e-01     16.057     64.934  43.606458    -0.3903     1.2132     8.5745   999.8744     10.947      7.548 0.0000e+00
      7.693     -0.049    22.5097     0.9850      8.643 1.2374e-01     16.056     64.917  43.594059    -0.3967     1.1726     8.5729   999.8745     10.948      7.548 0.0000e+00
      7.677     -0.076    22.3865     1.0018      8.616 1.2374e-01     16.056     64.928  43.603225    -0.4052     1.1129     8.5763   999.8743     10.930      7.535 0.0000e+00
      7.644     -0.098    22.2309     1.0112      8.597 1.2372e-01     16.057     64.901  43.590317    -0.4067     1.1097     8.5779   999.8740     10.878      7.500 0.0000e+00
      7.603     -0.111    22.0050     1.0156      8.577 1.2370e-01     16.057     64.851  43.564977    -0.3959     1.2376     8.5757   999.8738     10.809      7.452 0.0000e+00
      7.566     -0.116    21.8059     1.0079      8.562 1.2369e-01     16.056     64.819  43.550787    -0.3794     1.4228     8.5737   999.8738     10.755      7.415 0.0000e+00
      7.538     -0.113    21.7168     1.0053      8.542 1.2376e-01     16.056     64.804  43.545725    -0.3798     1.4946     8.5747   999.8737     10.721      7.392 0.0000e+00
      7.514     -0.107    21.7015     1.0050      8.555 1.2376e-01     16.056     64.735  43.503776    -0.3905     1.4534     8.5796   999.8732     10.689      7.370 0.0000e+00
      7.490     -0.102    21.8798     0.9994      8.622 1.2365e-01     16.056     64.611  43.424491    -0.3940     1.4053     8.5864   999.8727     10.653      7.345 0.0000e+00
      7.468     -0.101    22.1523     1.0016      8.684 1.2363e-01     16.055     64.490  43.348921    -0.3748     1.3588     8.5924   999.8721     10.621      7.323 0.0000e+00
      7.444     -0.099    22.0708     0.9946      8.644 1.2369e-01     16.055     64.388  43.288405    -0.3300     1.2694     8.5967   999.8717     10.590      7.302 0.0000e+00
      7.415     -0.091    21.8408     0.9953      8.521 1.2372e-01     16.056     64.247  43.200674    -0.3102     1.1833     8.5994   999.8713     10.548      7.273 0.0000e+00
      7.382     -0.077    21.7793     1.0056      8.430 1.2372e-01     16.056     64.115  43.113456    -0.3252     1.1413     8.6020   999.8709     10.499      7.239 0.0000e+00
      7.355     -0.060    21.9306     1.0184      8.401 1.2370e-01     16.056     64.135  43.122630    -0.3496     1.1390     8.6066   999.8704     10.452      7.207 0.0000e+00
      7.345     -0.041    22.2930     1.0148      8.478 1.2366e-01     16.055     64.145  43.121140    -0.3667     1.1550     8.6136   999.8698     10.438      7.197 0.0000e+00
      7.347     -0.021    22.4605     0.9887      8.638 1.2365e-01     16.055     64.020  43.031952    -0.3699     1.1645     8.6199   999.8694     10.452      7.206 0.0000e+00
      7.349     -0.005    22.3218     0.9834      8.765 1.2367e-01     16.055     63.970  42.996510    -0.3886     1.1846     8.6215   999.8692     10.456      7.209 0.0000e+00
      7.349      0.002    22.2506     0.9741      8.779 1.2370e-01     16.055     63.992  43.010024    -0.4021     1.2264     8.6176   999.8695     10.451      7.206 0.0000e+00
      7.352     -0.004    22.3743     0.9838      8.654 1.2371e-01     16.055     63.894  42.941418    -0.3897     1.2581     8.6092   999.8702     10.454      7.209 0.0000e+00
      7.358     -0.024    22.4406     1.0114      8.490 1.2373e-01     16.055     63.685  42.801827    -0.3827     1.2595     8.6038   999.8705     10.467      7.217 0.0000e+00
      7.359     -0.050    22.3642     1.0260      8.420 1.2373e-01     16.055     63.460  42.655373    -0.3835     1.2420     8.6052   999.8704     10.474      7.222 0.0000e+00
      7.349     -0.079    22.3112     1.0329      8.480 1.2367e-01     16.055     63.320  42.567272    -0.3901     1.2183     8.6044   999.8705     10.462      7.214 0.0000e+00
      7.321     -0.108    22.3155     1.0109      8.551 1.2364e-01     16.055     63.303  42.561875    -0.3956     1.2140     8.6005   999.8706     10.423      7.186 0.0000e+00
      7.278     -0.133    22.1577     0.9867      8.540 1.2368e-01     16.055     63.334  42.590130    -0.3929     1.2236     8.6018   999.8701     10.353      7.138 0.0000e+00
      7.230     -0.148    21.8663     0.9746      8.500 1.2370e-01     16.054     63.323  42.591492    -0.3869     1.2314     8.6065   999.8695     10.279      7.087 0.0000e+00
      7.187     -0.153    21.8032     0.9889      8.495 1.2367e-01     16.052     63.193  42.514867    -0.3700     1.1719     8.6112   999.8689     10.220      7.046 0.0000e+00
      7.149     -0.143    21.9114     1.0043      8.527 1.2365e-01     16.052     63.044  42.425456    -0.3509     1.0179     8.6154   999.8685     10.168      7.011 0.0000e+00
      7.113     -0.123    22.0562     0.9955      8.523 1.2367e-01     16.053     62.804  42.272226    -0.3365     0.9833     8.6206   999.8679     10.118      6.976 0.0000e+00
      7.078     -0.098    22.0913     0.9904      8.488 1.2370e-01     16.053     62.386  41.995266    -0.3296     1.0628     8.6283   999.8672     10.063      6.938 0.0000e+00
      7.051     -0.073    21.9054     0.9865      8.500 1.2372e-01     16.052     62.109  41.806405    -0.3343     1.0175     8.6371   999.8664     10.018      6.907 0.0000e+00
      7.038     -0.049    21.7871     0.9972      8.555 1.2372e-01     16.052     62.056  41.766162    -0.3361     0.9170     8.6457   999.8658     10.004      6.897 0.0000e+00
      7.037     -0.028    21.7796     0.9961      8.600 1.2374e-01     16.052     62.054  41.762607    -0.3316     0.9113     8.6534   999.8652     10.009      6.900 0.0000e+00
      7.038     -0.013    21.8143     0.9851      8.586 1.2373e-01     16.053     62.054  41.763408    -0.3276     0.9493     8.6575   999.8647     10.011      6.902 0.0000e+00
      7.038     -0.006    21.8629     0.9891      8.534 1.2367e-01     16.053     62.070  41.775843    -0.3263     0.9635     8.6546   999.8647     10.010      6.902 0.0000e+00
      7.038     -0.011    21.9373     0.9970      8.508 1.2370e-01     16.053     62.084  41.786013    -0.3254     0.9809     8.6489   999.8651     10.011      6.903 0.0000e+00
      7.038     -0.026    22.1118     1.0062      8.532 1.2375e-01     16.053     62.046  41.759420    -0.3259     0.9869     8.6468   999.8653     10.011      6.902 0.0000e+00
      7.037     -0.048    22.1650     1.0025      8.590 1.2369e-01     16.053     61.972  41.708230    -0.3319     0.9332     8.6483   999.8652     10.010      6.902 0.0000e+00
      7.029     -0.072    22.1506     0.9932      8.636 1.2359e-01     16.053     61.923  41.674897    -0.3314     0.9152     8.6505   999.8651     10.007      6.899 0.0000e+00
      7.005     -0.093    22.1966     0.9888      8.596 1.2358e-01     16.053     61.823  41.610315    -0.3201     0.9417     8.6515   999.8649      9.973      6.876 0.0000e+00
      6.967     -0.111    22.2048     0.9934      8.490 1.2360e-01     16.053     61.651  41.498675    -0.3098     0.9442     8.6502   999.8647      9.909      6.832 0.0000e+00
      6.927     -0.125    22.2494     1.0005      8.432 1.2360e-01     16.053     61.504  41.404205    -0.3126     0.9461     8.6482   999.8646      9.848      6.789 0.0000e+00
      6.892     -0.130    22.3056     1.0112      8.464 1.2364e-01     16.053     61.426  41.356789    -0.3247     0.9295     8.6480   999.8645      9.801      6.757 0.0000e+00
      6.862     -0.122    22.2821     1.0070      8.564 1.2371e-01     16.052     61.437  41.369724    -0.3419     0.9154     8.6501   999.8642      9.762      6.730 0.0000e+00
      6.830     -0.102    22.1374     0.9850      8.635 1.2368e-01     16.052     61.431  41.370169    -0.3675     0.9136     8.6539   999.8637      9.717      6.699 0.0000e+00
      6.797     -0.080    22.0193     0.9795      8.597 1.2364e-01     16.052     61.419  41.362180    -0.3870     0.9421     8.6581   999.8632      9.662      6.662 0.0000e+00
      6.773     -0.065    22.0590     0.9826      8.542 1.2366e-01     16.052     61.388  41.336606    -0.3967     0.9851     8.6622   999.8627      9.622      6.634 0.0000e+00
      6.768     -0.059    22.1008     0.9975      8.532 1.2363e-01     16.052     61.081  41.124424    -0.3885     0.9861     8.6662   999.8625      9.620      6.633 0.0000e+00
      6.772     -0.063    22.0083     1.0148      8.516 1.2354e-01     16.052     60.642  40.827962    -0.3552     0.9887     8.6706   999.8622      9.637      6.644 0.0000e+00
      6.770     -0.073    21.8870     1.0002      8.479 1.2353e-01     16.051     60.501  40.735516    -0.3275     0.9829     8.6723   999.8620      9.640      6.647 0.0000e+00
      6.748     -0.088    21.9246     0.9919      8.465 1.2359e-01     16.051     60.638  40.831866    -0.3209     0.9513     8.6660   999.8625      9.608      6.625 0.0000e+00
      6.709     -0.105    22.0321     0.9959      8.491 1.2370e-01     16.051     60.752  40.913826    -0.3236     0.9145     8.6594   999.8626      9.544      6.580 0.0000e+00
      6.667     -0.117    22.0686     0.9936      8.509 1.2380e-01     16.052     60.726  40.901312    -0.3312     0.9154     8.6596   999.8621      9.478      6.535 0.0000e+00
      6.632     -0.119    22.1085     0.9876      8.519 1.2383e-01     16.053     60.675  40.870995    -0.3358     0.9628     8.6625   999.8616      9.428      6.501 0.0000e+00
      6.605     -0.114    22.2555     0.9821      8.544 1.2376e-01     16.053     60.662  40.864650    -0.3325     0.9728     8.6665   999.8614      9.394      6.477 0.0000e+00
      6.581     -0.104    22.5550     0.9917      8.578 1.2370e-01     16.052     60.600  40.824602    -0.3291     0.9672     8.6711   999.8610      9.360      6.454 0.0000e+00
      6.557     -0.098    22.8913     0.9911      8.586 1.2372e-01     16.051     60.419  40.704159    -0.3331     0.9647     8.6749   999.8606      9.325      6.429 0.0000e+00
      6.535     -0.096    22.9665     0.9915      8.551 1.2377e-01     16.051     60.188  40.550944    -0.3426     0.9412     8.6783   999.8602      9.296      6.410 0.0000e+00
      6.512     -0.096    22.8616     0.9947      8.527 1.2376e-01     16.051     60.006  40.432036    -0.3392     0.9586     8.6805   999.8600      9.264      6.388 0.0000e+00
      6.486     -0.096    22.8276     0.9995      8.532 1.2379e-01     16.051     59.777  40.282063    -0.3292     0.9687     8.6816   999.8598      9.224      6.361 0.0000e+00
      6.460     -0.097    22.7265     1.0040      8.547 1.2380e-01     16.051     59.458  40.070599    -0.3272     0.9262     8.6829   999.8595      9.186      6.334 0.0000e+00
      6.435     -0.097    22.5858     0.9937      8.563 1.2373e-01     16.051     59.209  39.906404    -0.3341     0.8905     8.6850   999.8591      9.152      6.310 0.0000e+00
      6.411     -0.098    22.6763     0.9918      8.579 1.2370e-01     16.052     59.171  39.883648    -0.3456     0.9147     8.6882   999.8588      9.118      6.287 0.0000e+00
      6.386     -0.099    22.8735     0.9932      8.590 1.2362e-01     16.052     59.225  39.922407    -0.3330     0.9791     8.6916   999.8583      9.083      6.263 0.0000e+00
      6.362     -0.102    22.9918     0.9949      8.565 1.2353e-01     16.052     59.141  39.867248    -0.3152     0.9819     8.6948   999.8578      9.048      6.239 0.0000e+00
      6.338     -0.104    23.0741     0.9973      8.515 1.2361e-01     16.052     58.927  39.724516    -0.3310     0.9489     8.6973   999.8575      9.018      6.218 0.0000e+00
      6.309     -0.105    23.0082     0.9979      8.529 1.2370e-01     16.052     58.825  39.656518    -0.3521     0.9234     8.6999   999.8572      8.978      6.190 0.0000e+00
      6.278     -0.106    22.8835     1.0017      8.595 1.2365e-01     16.052     58.952  39.743287    -0.3512     0.9144     8.7023   999.8569      8.926      6.155 0.0000e+00
      6.250     -0.107    22.9426     1.0002      8.618 1.2362e-01     16.051     59.066  39.821551    -0.3387     0.9422     8.7038   999.8567      8.886      6.126 0.0000e+00
      6.226     -0.105    23.0351     0.9865      8.589 1.2364e-01     16.050     59.000  39.777659    -0.3348     0.9505     8.7043   999.8564      8.859      6.108 0.0000e+00
      6.201     -0.102    23.1408     0.9888      8.553 1.2364e-01     16.050     58.916  39.720375    -0.3421     0.9123     8.7045   999.8562      8.822      6.083 0.0000e+00
      6.171     -0.102    23.3600     1.0045      8.551 1.2369e-01     16.050     58.981  39.763660    -0.3411     0.8575     8.7062   999.8560      8.774      6.049 0.0000e+00
      6.146     -0.107    23.4487     1.0049      8.577 1.2373e-01     16.050     59.211  39.920183    -0.3324     0.8718     8.7077   999.8558      8.738      6.025 0.0000e+00
      6.124     -0.113    23.4385     1.0001      8.571 1.2369e-01     16.050     59.364  40.026056    -0.3228     0.9485     8.7078   999.8557      8.713      6.008 0.0000e+00
      6.098     -0.118    23.4946     0.9942      8.550 1.2369e-01     16.050     59.269  39.964715    -0.3200     0.9610     8.7075   999.8555      8.678      5.984 0.0000e+00
      6.065     -0.120    23.5255     0.9923      8.547 1.2374e-01     16.050     59.134  39.876728    -0.3272     0.9200     8.7066   999.8555      8.630      5.949 0.0000e+00
      6.026     -0.119    23.4676     1.0017      8.543 1.2373e-01     16.050     58.997  39.787372    -0.3334     0.8977     8.7074   999.8554      8.572      5.909 0.0000e+00
      5.989     -0.111    23.3969     0.9985      8.564 1.2366e-01     16.050     58.692  39.582521    -0.3378     0.8978     8.7101   999.8551      8.516      5.872 0.0000e+00
      5.959     -0.095    23.4456     0.9925      8.623 1.2366e-01     16.050     58.282  39.304061    -0.3338     0.9210     8.7122   999.8546      8.472      5.842 0.0000e+00
      5.936     -0.074    23.4533     0.9969      8.679 1.2371e-01     16.050     57.962  39.086343    -0.3323     0.9380     8.7148   999.8543      8.439      5.819 0.0000e+00
      5.920     -0.051    23.3174     0.9918      8.674 1.2371e-01     16.050     57.807  38.981193    -0.3387     0.9319     8.7184   999.8541      8.417      5.804 0.0000e+00
      5.913     -0.030    23.2655     0.9947      8.609 1.2370e-01     16.050     57.812  38.984751    -0.3348     0.9503     8.7190   999.8538      8.407      5.797 0.0000e+00
      5.912     -0.014    23.3422     1.0033      8.571 1.2370e-01     16.051     57.934  39.065896    -0.3224     0.9892     8.7168   999.8537      8.406      5.796 0.0000e+00
      5.915     -0.003    23.2977     1.0125      8.570 1.2371e-01     16.051     57.949  39.073724    -0.3135     0.9898     8.7150   999.8538      8.413      5.800 0.0000e+00
      5.918      0.002    23.1580     1.0148      8.579 1.2373e-01     16.050     57.774  38.952448    -0.3229     0.9580     8.7140   999.8538      8.419      5.805 0.0000e+00
