Data/DataNotYetUploadedToEDI/Raw_CTD/RawDownloads/061121_fcr50_0007.cnv
* Sea-Bird SBE19plus  Data File:
* FileName = C:\R\Reservoirs\Data\DataNotYetUploadedToEDI\Raw_CTD\RawDownloads\061121_fcr50_0007.hex
* Software version 2.8.0.119
* Temperature SN = 7809
* Conductivity SN = 7809
* System UpLoad Time = Jun 11 2021 19:34:50
* <ApplicationData>
* <Seaterm232>
# nquan = 16
# nvalues = 2339                        
# units = specified
# name 0 = depFM: Depth [fresh water, m]
# name 1 = dz/dtM: Descent Rate [m/s]
# name 2 = orp: Oxidation Reduction Potential [mV]
# name 3 = sbeox0Mg/L: Oxygen, SBE 43 [mg/l]
# name 4 = sbeox0PS: Oxygen, SBE 43 [% saturation]
# name 5 = par/sat/log: PAR/Logarithmic, Satlantic
# name 6 = ph: pH
# name 7 = specc: Specific Conductance [uS/cm]
# name 8 = c0uS/cm: Conductivity [uS/cm]
# name 9 = flECO-AFL: Fluorescence, WET Labs ECO-AFL/FL [mg/m^3]
# name 10 = turbWETntu0: Turbidity, WET Labs ECO [NTU]
# name 11 = tv290C: Temperature [ITS-90, deg C]
# name 12 = density00: Density [density, kg/m^3]
# name 13 = prdE: Pressure, Strain Gauge [psi]
# name 14 = prdM: Pressure, Strain Gauge [db]
# name 15 = flag:  0.000e+00
# span 0 =     -0.728,      9.572       
# span 1 =     -0.226,      0.152       
# span 2 =  -485.1545,   221.5790       
# span 3 =     0.8321,    13.7008       
# span 4 =      7.196,    164.144       
# span 5 = 1.2343e-01, 1.4154e+02       
# span 6 =     15.616,     16.118       
# span 7 =      0.790,     62.292       
# span 8 =   0.793076,  44.576571       
# span 9 =    -1.0122,     5.4221       
# span 10 =    -0.3758,    55.3722      
# span 11 =     8.6057,    25.7468      
# span 12 =   996.8712,   999.8798      
# span 13 =     -1.036,     13.617      
# span 14 =     -0.714,      9.388      
# span 15 = 0.0000e+00, 0.0000e+00      
# interval = seconds: 0.25
# start_time = Jun 11 2021 02:04:09 [Instrument's time stamp, header]
# bad_flag = -9.990e-29
*END*
[from data line 91]
     -0.004 4.0482e-13   128.8773    10.5438    124.067 3.6940e+01     15.672     40.704  40.649771     3.1429    22.1765    24.9482   997.0794     -0.006     -0.004 0.0000e+00
     -0.004 3.6802e-14   128.7409    10.3884    124.462 3.6964e+01     15.672     40.714  40.657418     3.1772    21.9686    24.9472   997.0796     -0.005     -0.003 0.0000e+00
     -0.004 3.3456e-15   128.8662    10.2926    125.110 3.7009e+01     15.672     40.668  40.607967     3.1785    21.7943    24.9423   997.0808     -0.006     -0.004 0.0000e+00
     -0.004 3.0415e-16   129.1869    10.2499    125.709 3.7048e+01     15.672     40.625  40.559635     3.1683    21.7172    24.9335   997.0831     -0.005     -0.003 0.0000e+00
     -0.004 2.7650e-17   129.0904    10.2530    126.102 3.7028e+01     15.672     40.652  40.580815     3.1779    21.8944    24.9260   997.0850     -0.005     -0.003 0.0000e+00
     -0.003 2.5136e-18   128.3884    10.2867    126.225 3.6916e+01     15.671     40.684  40.610152     3.1895    22.2885    24.9242   997.0855     -0.005     -0.003 0.0000e+00
     -0.003 2.2863e-19   127.5829    10.3564    126.053 3.6820e+01     15.671     40.672  40.596983     3.1849    22.4996    24.9212   997.0863     -0.005     -0.003 0.0000e+00
     -0.003 2.2078e-20   126.8360    10.4088    125.786 3.6767e+01     15.672     40.623  40.548536     3.1791    22.4902    24.9142   997.0881     -0.005     -0.003 0.0000e+00
     -0.003 1.6240e-20   126.3278    10.4429    125.567 3.6669e+01     15.673     40.544  40.468685     3.1576    22.4835    24.9058   997.0902     -0.005     -0.003 0.0000e+00
     -0.003 1.5804e-19   126.3414    10.4602    125.400 3.6570e+01     15.672     40.473  40.393169     3.1260    22.5913    24.9013   997.0914     -0.005     -0.003 0.0000e+00
     -0.003 1.7366e-18   126.6559    10.4347    125.527 3.6520e+01     15.672     40.421  40.333658     3.1205    22.7290    24.9024   997.0911     -0.004     -0.003 0.0000e+00
     -0.003 1.9102e-17   126.7750    10.4069    126.337 3.6492e+01     15.673     40.353  40.256907     3.1205    22.7405    24.9035   997.0907     -0.005     -0.003 0.0000e+00
     -0.003 2.1012e-16   126.5774    10.3948    127.917 3.6463e+01     15.673     40.266  40.163344     3.1168    22.3185    24.9022   997.0911     -0.004     -0.003 0.0000e+00
     -0.003 2.3114e-15   126.4183    10.3741    130.041 3.6472e+01     15.673     40.197  40.090972     3.1139    21.5746    24.8970   997.0924     -0.005     -0.003 0.0000e+00
     -0.003 2.5425e-14   126.4860    10.3691    132.325 3.6494e+01     15.673     40.187  40.080040     3.1139    21.2309    24.8875   997.0948     -0.005     -0.003 0.0000e+00
     -0.003 2.7967e-13   126.6206    10.4383    134.395 3.6433e+01     15.673     40.203  40.094630     3.1257    21.2534    24.8745   997.0980     -0.004     -0.003 0.0000e+00
     -0.003 3.0764e-12   126.7551    10.5786    136.139 3.6411e+01     15.673     40.188  40.076957     3.1231    21.2622    24.8642   997.1007     -0.004     -0.003 0.0000e+00
     -0.003 3.3841e-11   126.9944    10.7660    137.621 3.6473e+01     15.673     40.170  40.056772     3.1297    21.4749    24.8612   997.1015     -0.005     -0.003 0.0000e+00
     -0.003 3.7225e-10   127.1908    10.9701    138.848 3.6503e+01     15.673     40.157  40.040988     3.1581    21.9021    24.8611   997.1015     -0.004     -0.003 0.0000e+00
     -0.003 4.0947e-09   127.1506    11.1431    139.753 3.6505e+01     15.673     40.132  40.013051     3.1614    22.1702    24.8594   997.1019     -0.004     -0.003 0.0000e+00
     -0.003 4.5042e-08   127.3696    11.2841    140.316 3.6489e+01     15.673     40.095  39.972866     3.1600    22.2450    24.8565   997.1026     -0.003     -0.002 0.0000e+00
     -0.003 4.9546e-07   128.2036    11.4077    140.620 3.6486e+01     15.673     40.059  39.935918     3.1606    22.1196    24.8538   997.1033     -0.004     -0.003 0.0000e+00
     -0.003      0.000   129.1463    11.5129    140.768 3.6551e+01     15.674     40.069  39.947132     3.1488    21.8218    24.8497   997.1044     -0.005     -0.003 0.0000e+00
     -0.003      0.000   129.6480    11.5907    140.838 3.6562e+01     15.674     40.099  39.981516     3.1516    21.6651    24.8450   997.1056     -0.004     -0.002 0.0000e+00
     -0.003      0.001   129.7095    11.6338    140.828 3.6443e+01     15.674     40.081  39.970836     3.1566    21.7357    24.8416   997.1064     -0.005     -0.003 0.0000e+00
     -0.003      0.002   129.2872    11.6576    140.744 3.6347e+01     15.674     40.049  39.944961     3.1614    22.2292    24.8382   997.1072     -0.004     -0.003 0.0000e+00
     -0.002      0.005   128.4132    11.6660    140.670 3.6321e+01     15.674     40.154  40.049496     3.1814    22.9971    24.8385   997.1072     -0.003     -0.002 0.0000e+00
     -0.002      0.008   127.7468    11.6715    140.967 3.6161e+01     15.674     40.399  40.282700     3.1971    23.3636    24.8462   997.1052     -0.003     -0.002 0.0000e+00
     -0.001      0.010   127.7693    11.6692    142.722 3.5463e+01     15.675     40.555  40.416182     3.1887    23.3649    24.8577   997.1022     -0.002     -0.001 0.0000e+00
      0.004      0.011   128.0822    11.6557    146.881 3.4052e+01     15.675     40.557  40.393964     3.1660    23.3220    24.8663   997.1000      0.002      0.003 0.0000e+00
      0.010      0.011   127.9167    11.6484    152.796 3.2797e+01     15.676     40.520  40.331388     3.1710    23.2914    24.8701   997.0992      0.016      0.011 0.0000e+00
      0.015      0.010   127.4027    11.6372    158.562 3.2459e+01     15.677     40.450  40.230787     3.1920    23.2689    24.8571   997.1027      0.023      0.016 0.0000e+00
      0.016      0.008   127.0300    11.7452    162.512 3.2501e+01     15.678     40.377  40.129618     3.1906    23.2216    24.8215   997.1117      0.023      0.016 0.0000e+00
      0.016      0.005   126.8515    12.1211    164.144 3.2464e+01     15.679     40.396  40.123648     3.1639    23.0628    24.7943   997.1187      0.023      0.016 0.0000e+00
      0.016      0.003   126.9664    12.6861    164.020 3.2427e+01     15.680     40.452  40.158573     3.1164    22.7912    24.7657   997.1259      0.022      0.015 0.0000e+00
      0.016      0.003   127.4725    13.2301    163.057 3.2364e+01     15.680     40.478  40.171030     3.0938    22.6843    24.7205   997.1374      0.023      0.016 0.0000e+00
      0.016      0.004   127.9808    13.5796    161.857 3.2276e+01     15.680     40.521  40.210776     3.1097    22.7314    24.6863   997.1460      0.023      0.016 0.0000e+00
      0.017      0.006   127.8637    13.7008    160.669 3.2054e+01     15.680     40.564  40.258321     3.1178    22.7427    24.6566   997.1535      0.023      0.016 0.0000e+00
      0.018      0.008   127.2602    13.6655    159.697 3.1604e+01     15.680     40.538  40.238123     3.1250    23.0960    24.6271   997.1611      0.026      0.018 0.0000e+00
      0.021      0.010   126.8787    13.5724    159.043 3.1088e+01     15.680     40.454  40.156990     3.1496    23.8103    24.6104   997.1652      0.031      0.021 0.0000e+00
      0.024      0.012   126.9515    13.4708    158.626 3.0474e+01     15.680     40.338  40.038990     3.1674    24.2377    24.6081   997.1658      0.034      0.023 0.0000e+00
      0.028      0.013   127.3655    13.3617    158.335 2.9686e+01     15.680     40.189  39.890397     3.1779    24.3497    24.6166   997.1638      0.039      0.027 0.0000e+00
      0.032      0.013   128.0129    13.2742    158.116 2.8849e+01     15.680     40.058  39.756701     3.1812    24.0998    24.6267   997.1612      0.045      0.031 0.0000e+00
      0.037      0.012   128.3255    13.2242    157.964 2.8115e+01     15.681     40.011  39.691873     3.1697    23.4823    24.6289   997.1607      0.052      0.036 0.0000e+00
      0.041      0.010   127.9621    13.1944    157.875 2.7665e+01     15.683     40.031  39.677758     3.1617    23.1326    24.6220   997.1625      0.059      0.040 0.0000e+00
      0.043      0.007   127.4046    13.1719    157.791 2.7533e+01     15.684     40.041  39.649455     3.1711    23.1328    24.6212   997.1625      0.061      0.042 0.0000e+00
      0.043      0.005   127.0916    13.1525    157.684 2.7506e+01     15.684     40.024  39.603483     3.1877    22.9004    24.6259   997.1614      0.061      0.042 0.0000e+00
      0.043      0.003   127.0174    13.1433    157.554 2.7475e+01     15.685     40.000  39.566156     3.1817    22.3147    24.6062   997.1663      0.061      0.042 0.0000e+00
      0.043      0.001   126.9377    13.1525    157.400 2.7489e+01     15.685     39.947  39.515468     3.1555    21.9216    24.5534   997.1796      0.062      0.043 0.0000e+00
      0.043     -0.003   126.7297    13.1589    157.265 2.7495e+01     15.684     39.924  39.498374     3.1385    21.8216    24.4992   997.1932      0.061      0.042 0.0000e+00
      0.043     -0.013   126.5682    13.1580    157.113 2.7457e+01     15.684     40.039  39.613350     3.0712    21.2772    24.4626   997.2025      0.061      0.042 0.0000e+00
      0.043     -0.033   126.4470    13.1538    156.853 2.7627e+01     15.684     40.374  39.953604     2.9424    20.2497    24.4439   997.2071      0.062      0.043 0.0000e+00
      0.041     -0.058   126.1244    13.1346    156.432 2.8791e+01     15.683     40.956  40.565807     2.8586    19.6623    24.4534   997.2047      0.062      0.043 0.0000e+00
      0.030     -0.078   125.7658    13.1224    156.011 3.2616e+01     15.680     41.496  41.176128     2.8404    19.6344    24.4662   997.2014      0.048      0.034 0.0000e+00
      0.003     -0.088   125.7240    13.1141    155.933 4.3014e+01     15.676     41.657  41.430115     2.9035    20.3243    24.4610   997.2026      0.017      0.011 0.0000e+00
     -0.043     -0.088   125.9630    13.0944    156.247 5.7654e+01     15.674     41.507  41.351845     3.0395    21.6526    24.4617   997.2023     -0.060     -0.042 0.0000e+00
     -0.088     -0.082   126.0743    13.0495    156.688 6.4255e+01     15.674     41.303  41.182002     3.1217    22.4071    24.4954   997.1938     -0.149     -0.103 0.0000e+00
     -0.103     -0.074   125.7798    12.9717    157.069 6.0541e+01     15.674     41.205  41.090408     3.1147    22.4439    24.5974   997.1684     -0.156     -0.107 0.0000e+00
     -0.099     -0.069   125.4131    12.9322    157.433 5.7011e+01     15.674     41.378  41.259971     3.0884    22.3722    24.7352   997.1336     -0.136     -0.093 0.0000e+00
     -0.099     -0.063   125.3408    12.9484    157.961 6.1981e+01     15.673     41.757  41.645306     3.0516    22.1918    24.8266   997.1103     -0.138     -0.095 0.0000e+00
     -0.109     -0.057   125.5077    12.9823    158.797 7.1025e+01     15.671     41.901  41.814040     3.0036    21.9110    24.8595   997.1018     -0.142     -0.098 0.0000e+00
     -0.140     -0.052   125.7102    13.0126    159.890 7.3204e+01     15.671     41.649  41.586342     2.9850    21.7932    24.8599   997.1015     -0.189     -0.130 0.0000e+00
     -0.180     -0.045   125.8106    13.0385    160.928 7.2249e+01     15.671     41.302  41.240840     2.9881    21.7967    24.8460   997.1048     -0.275     -0.189 0.0000e+00
     -0.195     -0.033   125.8610    13.0777    161.624 7.4051e+01     15.672     41.146  41.064230     2.9940    22.0225    24.8488   997.1042     -0.297     -0.205 0.0000e+00
     -0.185     -0.016   126.0613    13.1358    161.992 7.5154e+01     15.673     41.145  41.037794     3.0085    22.5314    24.8900   997.0939     -0.259     -0.179 0.0000e+00
     -0.172      0.002   126.2535    13.2284    162.237 7.5086e+01     15.674     41.173  41.048106     3.0209    22.8345    24.9316   997.0832     -0.242     -0.167 0.0000e+00
     -0.167      0.014   126.2064    13.3258    162.487 7.5013e+01     15.673     41.197  41.061936     3.0300    22.9067    24.9313   997.0831     -0.237     -0.164 0.0000e+00
     -0.165      0.014   126.0938    13.3894    162.597 7.5020e+01     15.673     41.218  41.078062     3.0328    23.2672    24.8950   997.0924     -0.235     -0.162 0.0000e+00
     -0.165      0.008   126.0105    13.4219    162.364 7.5029e+01     15.673     41.258  41.116135     3.0159    23.8974    24.8599   997.1014     -0.235     -0.162 0.0000e+00
     -0.165      0.004   126.0597    13.4404    161.791 7.5120e+01     15.674     41.283  41.141429     3.0075    24.2428    24.8393   997.1066     -0.235     -0.162 0.0000e+00
     -0.164      0.002   126.2590    13.4709    161.096 7.5390e+01     15.675     41.273  41.129985     3.0160    24.3198    24.8277   997.1096     -0.234     -0.162 0.0000e+00
     -0.163      0.002   126.3552    13.4898    160.557 7.5491e+01     15.675     41.249  41.104719     3.0238    24.4163    24.8242   997.1105     -0.232     -0.160 0.0000e+00
     -0.163      0.002   126.3625    13.4693    160.280 7.5495e+01     15.675     41.237  41.089822     3.0353    24.4816    24.8223   997.1110     -0.232     -0.160 0.0000e+00
     -0.163      0.002   126.5188    13.4158    160.206 7.5401e+01     15.675     41.227  41.076811     3.0398    24.4921    24.8221   997.1110     -0.232     -0.160 0.0000e+00
     -0.162      0.002   126.6113    13.3469    160.243 7.5351e+01     15.675     41.229  41.074351     3.0410    24.4739    24.8213   997.1112     -0.231     -0.159 0.0000e+00
     -0.162      0.002   126.5335    13.3011    160.333 7.5409e+01     15.675     41.219  41.060063     3.0500    23.9531    24.8190   997.1117     -0.231     -0.159 0.0000e+00
     -0.161      0.003   126.5241    13.2815    160.503 7.5359e+01     15.675     41.132  40.967523     3.0522    22.9328    24.8161   997.1125     -0.229     -0.158 0.0000e+00
     -0.160      0.005   126.5837    13.2791    160.782 7.5310e+01     15.675     41.017  40.844073     3.0482    22.3340    24.8114   997.1138     -0.228     -0.157 0.0000e+00
     -0.160      0.006   126.7386    13.2862    161.089 7.5296e+01     15.676     40.958  40.773418     3.0403    22.2069    24.8067   997.1149     -0.227     -0.157 0.0000e+00
     -0.158      0.006   126.7621    13.2928    161.220 7.5188e+01     15.676     40.944  40.747952     3.0239    22.2198    24.8018   997.1162     -0.227     -0.156 0.0000e+00
     -0.155      0.006   126.6100    13.3071    161.063 7.5036e+01     15.676     40.931  40.726567     3.0405    22.7306    24.7956   997.1177     -0.221     -0.152 0.0000e+00
     -0.152      0.006   126.7061    13.3344    160.713 7.4964e+01     15.676     40.915  40.705254     3.1079    23.6101    24.7839   997.1207     -0.215     -0.148 0.0000e+00
     -0.151      0.005   126.8914    13.3726    160.364 7.4871e+01     15.676     40.894  40.680664     3.1715    24.0649    24.7671   997.1250     -0.215     -0.148 0.0000e+00
     -0.151      0.003   127.0436    13.3911    160.185 7.4719e+01     15.676     40.834  40.619670     3.1895    24.0413    24.7533   997.1285     -0.216     -0.149 0.0000e+00
     -0.151      0.001   127.3431    13.3760    160.173 7.4655e+01     15.676     40.757  40.539024     3.1620    23.4953    24.7433   997.1310     -0.214     -0.148 0.0000e+00
     -0.151      0.000   127.4143    13.3434    160.227 7.4685e+01     15.676     40.756  40.530707     3.1254    22.5109    24.7366   997.1326     -0.214     -0.147 0.0000e+00
     -0.151 1.1209e-07   127.0442    13.3075    160.191 7.4710e+01     15.676     40.816  40.582574     3.1187    22.0273    24.7330   997.1336     -0.214     -0.148 0.0000e+00
     -0.150      0.000   126.6535    13.2954    159.926 7.4741e+01     15.677     40.836  40.594894     3.1288    22.0422    24.7305   997.1343     -0.214     -0.147 0.0000e+00
     -0.150      0.000   126.5624    13.2983    159.521 7.4801e+01     15.677     40.798  40.552705     3.1051    21.8324    24.7287   997.1346     -0.214     -0.147 0.0000e+00
