Data/DataNotYetUploadedToEDI/Raw_CTD/RawDownloads/061121_fcr50_0008.cnv
* Sea-Bird SBE19plus  Data File:
* FileName = C:\R\Reservoirs\Data\DataNotYetUploadedToEDI\Raw_CTD\RawDownloads\061121_fcr50_0008.hex
* Software version 2.8.0.119
* Temperature SN = 7809
* Conductivity SN = 7809
* System UpLoad Time = Jun 11 2021 19:35:39
* <ApplicationData>
* <Seaterm232>
# nquan = 16
# nvalues = 1884                        
# units = specified
# name 0 = depFM: Depth [fresh water, m]
# name 1 = dz/dtM: Descent Rate [m/s]
# name 2 = orp: Oxidation Reduction Potential [mV]
# name 3 = sbeox0Mg/L: Oxygen, SBE 43 [mg/l]
# name 4 = sbeox0PS: Oxygen, SBE 43 [% saturation]
# name 5 = par/sat/log: PAR/Logarithmic, Satlantic
# name 6 = ph: pH
# name 7 = specc: Specific Conductance [uS/cm]
# name 8 = c0uS/cm: Conductivity [uS/cm]
# name 9 = flECO-AFL: Fluorescence, WET Labs ECO-AFL/FL [mg/m^3]
# name 10 = turbWETntu0: Turbidity, WET Labs ECO [NTU]
# name 11 = tv290C: Temperature [ITS-90, deg C]
# name 12 = density00: Density [density, kg/m^3]
# name 13 = prdE: Pressure, Strain Gauge [psi]
# name 14 = prdM: Pressure, Strain Gauge [db]
# name 15 = flag:  0.000e+00
# span 0 =     -0.742,      9.548       
# span 1 =     -0.339,      0.196       
# span 2 =   -41.1379,   330.9957       
# span 3 =     0.8694,    13.4040       
# span 4 =      7.707,    149.537       
# span 5 = 1.2350e-01, 3.0084e+02       
# span 6 =     15.596,     16.105       
# span 7 =      0.785,     60.296       
# span 8 =   0.748326,  43.912577       
# span 9 =    -1.0095,     6.0129       
# span 10 =    -0.3031,   429.7284      
# span 11 =     8.6303,    25.5052      
# span 12 =   996.9346,   999.8775      
# span 13 =     -1.056,     13.581      
# span 14 =     -0.728,      9.364      
# span 15 = 0.0000e+00, 0.0000e+00      
# interval = seconds: 0.25
# start_time = Jun 11 2021 04:01:11 [Instrument's time stamp, header]
# bad_flag = -9.990e-29
*END*
[from data line 543]
      0.173      0.020   207.6360    10.3203    123.882 3.4155e+01     15.658     38.236  37.789203     2.5830    21.0254    24.4096   997.2157      0.246      0.170 0.0000e+00
      0.176      0.021   207.9780    10.3226    124.037 3.3450e+01     15.658     38.217  37.771137     2.5644    20.9971    24.4129   997.2149      0.248      0.171 0.0000e+00
      0.181      0.025   208.4255    10.3301    124.192 3.2104e+01     15.659     38.177  37.732038     2.5402    20.9260    24.4110   997.2154      0.255      0.176 0.0000e+00
      0.191      0.030   208.6597    10.3357    124.223 3.0513e+01     15.659     38.142  37.697235     2.5103    20.8520    24.4096   997.2158      0.271      0.187 0.0000e+00
      0.201      0.033   208.9165    10.3469    124.021 2.9004e+01     15.659     38.111  37.667654     2.5082    20.8570    24.4110   997.2155      0.288      0.198 0.0000e+00
      0.211      0.034   209.2075    10.3593    123.718 2.7825e+01     15.659     38.071  37.628231     2.5143    20.8493    24.4120   997.2153      0.302      0.208 0.0000e+00
      0.219      0.032   209.4248    10.3759    123.487 2.6847e+01     15.659     38.043  37.601361     2.4983    20.7593    24.4113   997.2155      0.313      0.215 0.0000e+00
      0.227      0.029   209.7373    10.3860    123.316 2.5731e+01     15.659     38.035  37.596619     2.4763    20.4903    24.4109   997.2156      0.323      0.222 0.0000e+00
      0.236      0.026   209.9743    10.3617    123.181 2.4846e+01     15.658     38.007  37.570899     2.4589    20.0686    24.4126   997.2153      0.338      0.232 0.0000e+00
      0.243      0.024   210.0526    10.3286    123.146 2.4431e+01     15.658     37.980  37.544234     2.4507    19.8830    24.4118   997.2154      0.347      0.239 0.0000e+00
      0.246      0.024   210.0822    10.3130    123.206 2.4129e+01     15.659     37.965  37.528059     2.4537    19.8942    24.4119   997.2155      0.349      0.241 0.0000e+00
      0.250      0.024   210.0740    10.2990    123.273 2.3590e+01     15.659     37.939  37.502257     2.4856    19.7919    24.4182   997.2139      0.353      0.243 0.0000e+00
      0.255      0.025   210.0395    10.2830    123.289 2.2696e+01     15.659     37.924  37.486102     2.5403    19.6425    24.4213   997.2131      0.362      0.249 0.0000e+00
      0.264      0.026   210.0103    10.2805    123.233 2.1647e+01     15.659     37.898  37.459655     2.5706    19.5989    24.4199   997.2134      0.375      0.259 0.0000e+00
      0.274      0.027   210.0641    10.2899    123.144 2.0903e+01     15.659     37.875  37.436339     2.5756    19.6072    24.4184   997.2140      0.392      0.270 0.0000e+00
      0.281      0.027   210.1742    10.2967    123.094 2.0468e+01     15.659     37.896  37.458042     2.5533    19.3312    24.4176   997.2142      0.400      0.276 0.0000e+00
      0.286      0.026   210.3097    10.2991    123.034 1.9877e+01     15.658     37.905  37.468207     2.5112    18.7677    24.4170   997.2143      0.404      0.279 0.0000e+00
      0.293      0.025   210.4110    10.2941    122.924 1.9188e+01     15.658     37.868  37.432323     2.5049    18.4588    24.4159   997.2146      0.416      0.287 0.0000e+00
      0.300      0.024   210.2805    10.2819    122.848 1.8722e+01     15.658     37.839  37.404950     2.5152    18.4462    24.4157   997.2146      0.429      0.295 0.0000e+00
      0.305      0.023   210.0223    10.2804    122.813 1.8304e+01     15.659     37.824  37.391088     2.5113    18.4440    24.4164   997.2145      0.432      0.298 0.0000e+00
      0.310      0.022   209.9554    10.2794    122.742 1.7755e+01     15.660     37.825  37.391650     2.5058    18.4323    24.4172   997.2144      0.439      0.303 0.0000e+00
      0.317      0.022   210.1602    10.2628    122.564 1.7244e+01     15.660     37.847  37.411742     2.4960    18.4074    24.4195   997.2138      0.451      0.311 0.0000e+00
      0.323      0.023   210.5204    10.2572    122.281 1.6911e+01     15.660     37.817  37.380166     2.4978    18.4172    24.4217   997.2132      0.461      0.318 0.0000e+00
      0.327      0.023   210.6104    10.2574    121.989 1.6646e+01     15.660     37.765  37.327174     2.5084    18.5852    24.4219   997.2132      0.466      0.321 0.0000e+00
      0.331      0.023   210.4748    10.2531    121.694 1.6203e+01     15.659     37.781  37.342182     2.5102    18.8250    24.4214   997.2133      0.469      0.323 0.0000e+00
      0.338      0.023   210.6013    10.2406    121.292 1.5601e+01     15.659     37.811  37.371232     2.5095    18.8786    24.4196   997.2139      0.479      0.330 0.0000e+00
      0.346      0.023   210.9353    10.2113    120.773 1.5091e+01     15.659     37.801  37.361103     2.5002    18.7867    24.4176   997.2144      0.493      0.341 0.0000e+00
      0.353      0.023   211.3301    10.1870    120.228 1.4789e+01     15.659     37.785  37.346638     2.4832    18.7443    24.4155   997.2149      0.503      0.347 0.0000e+00
      0.357      0.023   211.7613    10.1689    119.733 1.4587e+01     15.659     37.760  37.323259     2.4666    18.5035    24.4133   997.2155      0.509      0.350 0.0000e+00
      0.362      0.024   212.1907    10.1349    119.293 1.4277e+01     15.659     37.703  37.268828     2.4525    17.9698    24.4121   997.2158      0.512      0.353 0.0000e+00
      0.367      0.025   212.4777    10.0882    118.923 1.3937e+01     15.659     37.629  37.196213     2.4458    17.6138    24.4109   997.2161      0.522      0.360 0.0000e+00
      0.372      0.026   212.6510    10.0396    118.707 1.3614e+01     15.658     37.575  37.143347     2.4326    17.5286    24.4124   997.2158      0.530      0.365 0.0000e+00
      0.380      0.028   212.9091     9.9980    118.635 1.3075e+01     15.658     37.568  37.137321     2.3786    17.3161    24.4164   997.2148      0.536      0.369 0.0000e+00
      0.390      0.030   213.0167     9.9622    118.667 1.2533e+01     15.658     37.554  37.123353     2.2988    16.9336    24.4202   997.2139      0.555      0.383 0.0000e+00
      0.399      0.030   213.0919     9.9252    118.858 1.2274e+01     15.658     37.532  37.101387     2.2594    16.7149    24.4198   997.2140      0.571      0.393 0.0000e+00
      0.405      0.029   213.3879     9.9093    119.213 1.2035e+01     15.659     37.555  37.125565     2.2556    16.5947    24.4180   997.2145      0.574      0.396 0.0000e+00
      0.410      0.027   213.9287     9.9059    119.629 1.1630e+01     15.659     37.590  37.161849     2.2338    15.8926    24.4216   997.2135      0.581      0.401 0.0000e+00
      0.419      0.027   214.5537     9.9042    120.072 1.1270e+01     15.658     37.589  37.159331     2.1963    14.7137    24.4226   997.2133      0.597      0.411 0.0000e+00
      0.426      0.032   214.5779     9.9205    120.649 1.1116e+01     15.658     37.527  37.095124     2.1826    14.1176    24.4180   997.2145      0.609      0.419 0.0000e+00
      0.431      0.038   214.2214     9.9544    121.402 1.0984e+01     15.659     37.453  37.020126     2.1836    14.0761    24.4199   997.2140      0.612      0.422 0.0000e+00
      0.436      0.043   214.8037     9.9905    122.178 1.0563e+01     15.659     37.443  37.014063     2.1891    14.2451    24.4265   997.2125      0.614      0.424 0.0000e+00
      0.450      0.047   216.2837    10.0220    122.831 9.8599e+00     15.658     37.448  37.021825     2.2102    14.6510    24.4246   997.2130      0.635      0.438 0.0000e+00
      0.470      0.049   217.3172    10.0688    123.389 9.2989e+00     15.658     37.416  36.987056     2.2299    14.9322    24.4182   997.2146      0.672      0.463 0.0000e+00
      0.486      0.050   217.7497    10.1390    123.941 9.0295e+00     15.658     37.408  36.974428     2.2451    14.9668    24.4144   997.2156      0.695      0.479 0.0000e+00
      0.497      0.047   217.9859    10.2091    124.451 8.7977e+00     15.658     37.433  36.996054     2.2133    14.4175    24.4194   997.2144      0.706      0.487 0.0000e+00
      0.507      0.041   217.9360    10.2592    124.734 8.5662e+00     15.659     37.433  36.994692     2.1309    13.3710    24.4291   997.2121      0.724      0.500 0.0000e+00
      0.516      0.036   217.5763    10.3030    124.641 8.4133e+00     15.660     37.398  36.957967     2.0883    12.8203    24.4231   997.2137      0.736      0.508 0.0000e+00
      0.523      0.034   217.1648    10.3520    124.242 8.2604e+00     15.660     37.376  36.932766     2.0987    12.8065    24.4111   997.2167      0.743      0.513 0.0000e+00
      0.530      0.033   217.0043    10.4017    123.747 8.0780e+00     15.660     37.391  36.943825     2.1042    12.7911    24.4107   997.2168      0.753      0.520 0.0000e+00
      0.539      0.032   217.0111    10.4317    123.297 7.8760e+00     15.660     37.414  36.964757     2.0598    12.4276    24.4108   997.2167      0.764      0.527 0.0000e+00
      0.549      0.032   216.9894    10.4214    122.921 7.6512e+00     15.660     37.384  36.932011     1.9912    11.7771    24.4059   997.2181      0.779      0.537 0.0000e+00
      0.559      0.031   216.9142    10.3818    122.677 7.4838e+00     15.661     37.322  36.865194     1.9610    11.4142    24.4001   997.2196      0.798      0.550 0.0000e+00
      0.567      0.029   216.8760    10.3359    122.609 7.3966e+00     15.661     37.319  36.854925     1.9610    11.3362    24.3961   997.2206      0.809      0.557 0.0000e+00
      0.572      0.027   216.9585    10.3008    122.623 7.2980e+00     15.661     37.344  36.871300     1.9348    10.9372    24.3936   997.2212      0.812      0.560 0.0000e+00
      0.578      0.025   217.0508    10.2670    122.518 7.1621e+00     15.661     37.354  36.872788     1.8732    10.1611    24.3916   997.2218      0.822      0.567 0.0000e+00
      0.583      0.023   217.1315    10.2452    122.173 7.0305e+00     15.661     37.360  36.872910     1.8268     9.7110    24.3850   997.2235      0.830      0.572 0.0000e+00
      0.589      0.023   217.0737    10.2450    121.616 6.8890e+00     15.662     37.365  36.872765     1.8128     9.6844    24.3723   997.2266      0.835      0.576 0.0000e+00
      0.595      0.023   216.8689    10.2558    120.918 6.7370e+00     15.663     37.367  36.871025     1.8554     9.6678    24.3607   997.2296      0.848      0.584 0.0000e+00
      0.602      0.023   216.8916    10.2539    120.158 6.6069e+00     15.662     37.349  36.851869     1.9415     9.5784    24.3497   997.2323      0.856      0.591 0.0000e+00
      0.608      0.023   217.0039    10.2233    119.400 6.5109e+00     15.661     37.329  36.831533     1.9765     9.4623    24.3417   997.2344      0.864      0.596 0.0000e+00
      0.613      0.022   217.1088    10.1770    118.751 6.4513e+00     15.661     37.312  36.815516     1.9645     9.3972    24.3361   997.2358      0.874      0.602 0.0000e+00
      0.618      0.021   217.2996    10.1161    118.312 6.3921e+00     15.662     37.282  36.785127     1.9574     9.4431    24.3301   997.2373      0.880      0.606 0.0000e+00
      0.623      0.019   217.2459    10.0525    118.054 6.2949e+00     15.662     37.278  36.781408     1.9480     9.5361    24.3267   997.2382      0.886      0.611 0.0000e+00
      0.629      0.019   216.9758     9.9865    117.964 6.1919e+00     15.662     37.265  36.770548     1.9280     9.5605    24.3268   997.2381      0.894      0.616 0.0000e+00
      0.634      0.020   216.8724     9.9254    118.039 6.1348e+00     15.661     37.209  36.717281     1.9060     9.4977    24.3286   997.2378      0.902      0.622 0.0000e+00
      0.638      0.021   216.9426     9.8929    118.194 6.1066e+00     15.660     37.200  36.708508     1.9010     9.2922    24.3289   997.2377      0.907      0.626 0.0000e+00
      0.642      0.021   216.9638     9.8717    118.351 6.0338e+00     15.660     37.221  36.727930     1.9153     8.9980    24.3285   997.2378      0.911      0.627 0.0000e+00
      0.648      0.022   216.9568     9.8607    118.420 5.9179e+00     15.661     37.191  36.698270     1.9175     8.8589    24.3309   997.2372      0.921      0.634 0.0000e+00
      0.656      0.023   217.0295     9.8727    118.414 5.8309e+00     15.661     37.161  36.667197     1.9090     8.8459    24.3347   997.2362      0.935      0.644 0.0000e+00
      0.662      0.026   217.0694     9.8849    118.436 5.7817e+00     15.661     37.168  36.669523     1.9080     8.8073    24.3345   997.2364      0.944      0.650 0.0000e+00
      0.667      0.028   217.0087     9.9035    118.433 5.7328e+00     15.662     37.166  36.662932     1.9240     8.9757    24.3317   997.2371      0.947      0.653 0.0000e+00
      0.673      0.028   216.8973     9.9101    118.303 5.6582e+00     15.662     37.159  36.650947     1.9589     9.3707    24.3317   997.2372      0.956      0.659 0.0000e+00
      0.681      0.029   216.9282     9.9014    118.012 5.5496e+00     15.663     37.164  36.651532     1.9678     9.5675    24.3309   997.2374      0.968      0.668 0.0000e+00
      0.690      0.030   217.2094     9.9097    117.524 5.4453e+00     15.663     37.187  36.670000     1.9545     9.5352    24.3232   997.2393      0.982      0.677 0.0000e+00
      0.699      0.030   217.5444     9.9145    116.834 5.3688e+00     15.662     37.204  36.683855     1.9703     9.3920    24.3152   997.2414      0.995      0.686 0.0000e+00
      0.707      0.030   217.7090     9.9041    116.064 5.2839e+00     15.662     37.150  36.628661     2.0155     9.1754    24.3107   997.2425      1.005      0.693 0.0000e+00
      0.714      0.029   217.5643     9.8822    115.422 5.2109e+00     15.663     37.099  36.573791     2.0540     9.0790    24.3048   997.2440      1.016      0.701 0.0000e+00
      0.719      0.029   217.3438     9.8437    115.027 5.1648e+00     15.663     37.123  36.591551     2.0539     9.0496    24.2994   997.2454      1.023      0.705 0.0000e+00
      0.726      0.029   217.3658     9.7829    114.842 5.0871e+00     15.663     37.128  36.589553     2.0236     8.8895    24.2956   997.2463      1.031      0.710 0.0000e+00
      0.735      0.030   217.6586     9.7112    114.842 4.9811e+00     15.663     37.096  36.549624     1.9924     8.6530    24.2931   997.2470      1.046      0.721 0.0000e+00
      0.743      0.030   218.0447     9.6539    115.097 4.9002e+00     15.664     37.112  36.552981     1.9821     8.5600    24.2870   997.2485      1.059      0.730 0.0000e+00
      0.750      0.029   218.2484     9.6260    115.580 4.8158e+00     15.665     37.142  36.566660     1.9846     8.6229    24.2770   997.2511      1.067      0.736 0.0000e+00
      0.758      0.028   218.2282     9.6136    116.114 4.7188e+00     15.666     37.113  36.524623     1.9855     8.6242    24.2703   997.2528      1.078      0.744 0.0000e+00
      0.765      0.025   218.0596     9.6110    116.520 4.6566e+00     15.666     37.088  36.488913     1.9923     8.5750    24.2601   997.2554      1.090      0.752 0.0000e+00
      0.772      0.023   217.9304     9.6355    116.664 4.6051e+00     15.666     37.125  36.515628     2.0007     8.5783    24.2419   997.2599      1.098      0.757 0.0000e+00
      0.777      0.021   217.9566     9.6876    116.493 4.5549e+00     15.666     37.148  36.530309     2.0101     8.5605    24.2199   997.2655      1.106      0.763 0.0000e+00
      0.781      0.021   218.0325     9.7409    116.173 4.5211e+00     15.666     37.103  36.476029     1.9914     8.2570    24.2008   997.2702      1.113      0.767 0.0000e+00
      0.785      0.022   218.1599     9.7804    115.927 4.4861e+00     15.667     37.068  36.430455     1.9276     7.6890    24.1860   997.2738      1.116      0.769 0.0000e+00
      0.790      0.023   218.2054     9.7997    115.826 4.4329e+00     15.668     37.073  36.423475     1.8872     7.3925    24.1734   997.2770      1.121      0.773 0.0000e+00
