Data/DataNotYetUploadedToEDI/Raw_CTD/RawDownloads/061125_ccr50_S8188003.cnv
* Sea-Bird SBE19plus  Data File:
* FileName = C:\R\Reservoirs\Data\DataNotYetUploadedToEDI\Raw_CTD\RawDownloads\060925_bvr50_S8188_0003.hex
* Software version 2.8.0.119
* Temperature SN = 8188
* Conductivity SN = 8188
* System UpLoad Time = Jun 25 2025 16:13:33
* <ApplicationData>
* <Seaterm232>
# nquan = 16
# nvalues = 4583                        
# units = specified
# name 0 = depFM: Depth [fresh water, m]
# name 1 = dz/dtM: Descent Rate [m/s]
# name 2 = sbeox0Mg/L: Oxygen, SBE 43 [mg/l]
# name 3 = sbeox0PS: Oxygen, SBE 43 [% saturation]
# name 4 = specc: Specific Conductance [uS/cm]
# name 5 = c0uS/cm: Conductivity [uS/cm]
# name 6 = wetCDOM: Fluorescence, WET Labs CDOM [mg/m^3]
# name 7 = flECO-AFL: Fluorescence, WET Labs ECO-AFL/FL [mg/m^3]
# name 8 = flECO-AFL1: Fluorescence, WET Labs ECO-AFL/FL, 2 [mg/m^3]
# name 9 = flECO-AFL2: Fluorescence, WET Labs ECO-AFL/FL, 3 [mg/m^3]
# name 10 = par/sat/log: PAR/Logarithmic, Satlantic
# name 11 = turbWETntu0: Turbidity, WET Labs ECO [NTU]
# name 12 = prdM: Pressure, Strain Gauge [db]
# name 13 = prdE: Pressure, Strain Gauge [psi]
# name 14 = tv290C: Temperature [ITS-90, deg C]
# name 15 = flag:  0.000e+00
# span 0 =     -0.395,     22.295       
# span 1 =     -0.383,      0.172       
# span 2 =    -0.3229,    10.2998       
# span 3 =     -2.829,    125.518       
# span 4 =  -1135.299,    167.749       
# span 5 =-961.998900, 115.084056       
# span 6 =    -4.5000,    56.1600       
# span 7 =    -2.4590,    11.1025       
# span 8 =    -2.1300,     3.7914       
# span 9 =    -2.9187,     2.7918       
# span 10 = 1.1582e-01, 2.4939e+03      
# span 11 =   -11.0200,   119.3787      
# span 12 =     -0.387,     21.864      
# span 13 =     -0.562,     31.711      
# span 14 =     9.2988,    32.6259      
# span 15 = 0.0000e+00, 0.0000e+00      
# interval = seconds: 0.25
# start_time = Jun 11 2025 12:15:31 [Instrument's time stamp, header]
# bad_flag = -9.990e-29
*END*
[from data line 2803]
     17.237      0.043     8.4603     75.169    129.302  90.972798    24.1200     0.3906     0.0852     0.0423 1.1602e-01     0.5817     16.903     24.517    10.1763 0.0000e+00
     17.246      0.043     8.4650     75.016    129.325  90.988256    24.1200     0.3945     0.0852     0.0423 1.1607e-01     0.6120     16.913     24.531    10.1761 0.0000e+00
     17.256      0.043     8.4646     74.834    129.356  91.009509    24.1200     0.3182     0.0852     0.0846 1.1587e-01     0.5213     16.923     24.544    10.1761 0.0000e+00
     17.267      0.044     8.4586     74.638    129.395  91.036232    24.1200     0.3067     0.0852     0.0846 1.3733e-01     0.5817     16.933     24.559    10.1761 0.0000e+00
     17.278      0.046     8.4468     74.441    129.435  91.063565    24.1200     0.3372     0.0852     0.0846 1.1600e-01     0.5666     16.944     24.576    10.1761 0.0000e+00
     17.290      0.048     8.4297     74.250    129.443  91.068835    24.1200     0.3105     0.0852     0.0846 1.1623e-01     0.5817     16.956     24.593    10.1759 0.0000e+00
     17.303      0.050     8.4092     74.064    129.421  91.053445    24.1200     0.3716     0.0852     0.0846 1.1617e-01     0.2796     16.969     24.611    10.1756 0.0000e+00
     17.316      0.052     8.3873     73.875    129.408  91.045254    24.1200     0.4059     0.0426     0.2115 1.1620e-01     0.4458     16.981     24.629    10.1753 0.0000e+00
     17.329      0.054     8.3652     73.673    129.414  91.050068    24.1200     0.3716     0.0426     0.2115 1.1600e-01     0.3552     16.994     24.648    10.1750 0.0000e+00
     17.343      0.057     8.3438     73.446    129.424  91.057185    24.1200     0.4021     0.0426     0.2115 1.1595e-01     0.3400     17.008     24.668    10.1749 0.0000e+00
     17.358      0.060     8.3229     73.191    129.420  91.054519    24.1200     0.4746     0.0426     0.2115 1.1612e-01     0.3552     17.022     24.689    10.1749 0.0000e+00
     17.374      0.063     8.3016     72.918    129.394  91.035367    24.2100     0.4212     0.1278     0.1269 1.1610e-01     0.3400     17.038     24.711    10.1751 0.0000e+00
     17.390      0.066     8.2789     72.647    129.378  91.022588    24.2100     0.4250     0.1278     0.1269 1.1592e-01     0.3098     17.054     24.735    10.1752 0.0000e+00
     17.408      0.068     8.2534     72.402    129.401  91.036744    24.2100     0.4517     0.1278     0.1269 1.1617e-01     0.3249     17.071     24.760    10.1754 0.0000e+00
     17.426      0.069     8.2247     72.193    129.433  91.057640    24.2100     0.3906     0.1278     0.1269 1.1592e-01     0.5515     17.089     24.786    10.1753 0.0000e+00
     17.444      0.069     8.1940     72.009    129.454  91.070872    24.1200     0.3868     0.0852     0.1269 1.1612e-01     0.5364     17.107     24.812    10.1750 0.0000e+00
     17.462      0.068     8.1637     71.832    129.471  91.081966    24.1200     0.3639     0.0852     0.1269 1.1592e-01     0.6271     17.125     24.837    10.1744 0.0000e+00
     17.480      0.067     8.1363     71.631    129.486  91.091883    24.1200     0.3868     0.0852     0.1269 1.1600e-01     0.5969     17.142     24.862    10.1738 0.0000e+00
     17.496      0.066     8.1129     71.380    129.500  91.101270    24.1200     0.3792     0.0852     0.1269 1.1628e-01     0.4156     17.158     24.886    10.1731 0.0000e+00
     17.513      0.065     8.0923     71.072    129.500  91.100644    24.1200     0.3792     0.0852     0.1269 1.1595e-01     0.3400     17.174     24.909    10.1726 0.0000e+00
     17.529      0.064     8.0725     70.706    129.474  91.081848    24.1200     0.3830     0.0852     0.0846 1.1592e-01     0.3552     17.190     24.932    10.1722 0.0000e+00
     17.545      0.063     8.0501     70.299    129.446  91.061844    24.1200     0.3716     0.0852     0.0846 1.1607e-01     0.3098     17.206     24.955    10.1719 0.0000e+00
     17.561      0.064     8.0219     69.881    129.448  91.063262    24.1200     0.3716     0.0852     0.0846 1.1595e-01     0.2947     17.221     24.977    10.1717 0.0000e+00
     17.577      0.064     7.9872     69.476    129.490  91.092473    24.1200     0.3449     0.0852     0.0846 1.1590e-01     0.5213     17.237     25.000    10.1716 0.0000e+00
     17.593      0.065     7.9462     69.100    129.523  91.115318    24.1200     0.3143     0.0852     0.0846 1.2791e-01     0.5969     17.253     25.023    10.1715 0.0000e+00
     17.609      0.066     7.9004     68.767    129.499  91.097937    24.1200     0.3258     0.0852     0.0846 1.1600e-01     0.6120     17.269     25.047    10.1714 0.0000e+00
     17.627      0.066     7.8534     68.477    129.468  91.075647    24.1200     0.3296     0.0852     0.0846 1.1610e-01     0.6271     17.286     25.071    10.1713 0.0000e+00
     17.644      0.067     7.8080     68.217    129.481  91.084453    24.1200     0.3296     0.0852     0.0846 1.1602e-01     0.6724     17.303     25.096    10.1711 0.0000e+00
     17.661      0.067     7.7657     67.980    129.510  91.104729    24.1200     0.3067     0.0852     0.0423 1.1607e-01     0.5666     17.320     25.120    10.1710 0.0000e+00
     17.678      0.068     7.7283     67.765    129.510  91.103929    24.1200     0.3601     0.0852     0.0423 1.1617e-01     0.5515     17.336     25.144    10.1709 0.0000e+00
     17.695      0.068     7.6957     67.578    129.476  91.079842    24.1200     0.3067     0.0852     0.0423 1.1607e-01     0.5817     17.353     25.168    10.1707 0.0000e+00
     17.712      0.069     7.6666     67.434    129.443  91.056007    24.1200     0.3334     0.0852     0.0423 1.1623e-01     0.4911     17.370     25.193    10.1705 0.0000e+00
     17.730      0.070     7.6400     67.345    129.422  91.040054    24.1200     0.2915     0.1278     0.0846 1.1605e-01     0.5666     17.387     25.218    10.1703 0.0000e+00
     17.748      0.071     7.6159     67.315    129.411  91.031721    24.1200     0.2838     0.1278     0.0846 1.1595e-01     0.6573     17.405     25.243    10.1701 0.0000e+00
     17.766      0.071     7.5949     67.343    129.430  91.044768    24.1200     0.3334     0.1278     0.0846 1.1597e-01     0.4760     17.423     25.269    10.1699 0.0000e+00
     17.784      0.072     7.5787     67.422    129.468  91.070689    24.1200     0.3296     0.1278     0.0846 1.1612e-01     0.5666     17.441     25.296    10.1696 0.0000e+00
     17.803      0.073     7.5688     67.528    129.492  91.086431    24.1200     0.3296     0.1278     0.0846 1.1615e-01     0.5515     17.459     25.322    10.1694 0.0000e+00
     17.822      0.074     7.5655     67.638    129.513  91.100188    24.1200     0.3220     0.0426     0.1269 1.1612e-01     0.6724     17.477     25.349    10.1691 0.0000e+00
     17.841      0.074     7.5687     67.738    129.527  91.109636    24.1200     0.3296     0.0426     0.1269 1.1612e-01     0.5969     17.496     25.376    10.1688 0.0000e+00
     17.860      0.075     7.5776     67.824    129.503  91.091324    24.1200     0.3258     0.0426     0.1269 1.1600e-01     0.5515     17.514     25.403    10.1685 0.0000e+00
     17.879      0.076     7.5895     67.899    129.451  91.054354    24.1200     0.3258     0.0426     0.1269 1.1615e-01     0.6724     17.533     25.430    10.1682 0.0000e+00
     17.898      0.076     7.6019     67.961    129.410  91.024823    24.1200     0.3029     0.0852     0.0846 1.1612e-01     0.5666     17.552     25.458    10.1679 0.0000e+00
     17.918      0.076     7.6133     68.004    129.395  91.012835    24.1200     0.3105     0.0852     0.0846 1.1605e-01     0.5515     17.571     25.485    10.1675 0.0000e+00
     17.937      0.076     7.6230     68.038    129.397  91.013194    24.1200     0.3296     0.0852     0.0846 1.1595e-01     0.7781     17.591     25.513    10.1672 0.0000e+00
     17.957      0.075     7.6315     68.077    129.408  91.020003    24.1200     0.3372     0.0852     0.0846 1.1625e-01     0.7781     17.610     25.540    10.1669 0.0000e+00
     17.976      0.074     7.6385     68.131    129.425  91.031084    24.2100     0.3029     0.1278     0.0846 1.1620e-01     0.7932     17.628     25.568    10.1666 0.0000e+00
     17.995      0.074     7.6435     68.209    129.441  91.041400    24.2100     0.3372     0.1278     0.0846 1.1585e-01     0.7177     17.647     25.594    10.1662 0.0000e+00
     18.013      0.073     7.6474     68.318    129.459  91.053702    24.2100     0.3906     0.1278     0.0846 1.1620e-01     0.5666     17.665     25.620    10.1658 0.0000e+00
     18.031      0.074     7.6517     68.461    129.477  91.065279    24.2100     0.3639     0.1278     0.0846 1.1590e-01     0.5666     17.682     25.646    10.1654 0.0000e+00
     18.050      0.074     7.6578     68.648    129.494  91.075223    24.2100     0.3868     0.0852     0.0846 1.1595e-01     0.6120     17.701     25.673    10.1651 0.0000e+00
     18.069      0.074     7.6667     68.871    129.529  91.098169    24.2100     0.3906     0.0852     0.0846 1.1590e-01     0.4609     17.719     25.700    10.1648 0.0000e+00
     18.088      0.074     7.6790     69.097    129.570  91.124258    24.2100     0.3143     0.0852     0.0846 1.1590e-01     0.6271     17.738     25.727    10.1646 0.0000e+00
     18.107      0.073     7.6952     69.303    129.568  91.120492    24.2100     0.3411     0.0852     0.0846 1.1612e-01     0.6120     17.757     25.754    10.1642 0.0000e+00
     18.126      0.071     7.7164     69.480    129.534  91.093859    24.2100     0.3449     0.0852     0.0846 1.1595e-01     0.5515     17.775     25.781    10.1635 0.0000e+00
     18.144      0.069     7.7416     69.647    129.511  91.075211    24.3000     0.3220     0.0852     0.1692 1.1600e-01     0.6724     17.793     25.807    10.1626 0.0000e+00
     18.161      0.067     7.7672     69.814    129.495  91.061572    24.3000     0.3296     0.0852     0.1692 1.1602e-01     0.7479     17.810     25.831    10.1617 0.0000e+00
     18.178      0.064     7.7904     69.981    129.481  91.049306    24.3000     0.3182     0.0852     0.1692 1.1585e-01     0.8990     17.826     25.855    10.1607 0.0000e+00
     18.194      0.061     7.8105     70.153    129.478  91.045128    24.3000     0.3296     0.0852     0.1692 1.1595e-01     0.8083     17.842     25.878    10.1596 0.0000e+00
     18.209      0.058     7.8295     70.346    129.464  91.033941    24.2100     0.3372     0.0852     0.0423 1.1607e-01     0.8688     17.857     25.899    10.1586 0.0000e+00
     18.224      0.056     7.8485     70.579    129.436  91.012763    24.2100     0.3716     0.0852     0.0423 1.1623e-01     0.6271     17.871     25.920    10.1577 0.0000e+00
     18.238      0.054     7.8674     70.854    129.417  90.997919    24.2100     0.3868     0.0852     0.0423 1.1597e-01     0.5062     17.885     25.940    10.1568 0.0000e+00
     18.251      0.052     7.8868     71.160    129.400  90.985451    24.2100     0.4059     0.0852     0.0423 1.1602e-01     0.6422     17.898     25.959    10.1561 0.0000e+00
     18.264      0.051     7.9087     71.478    129.385  90.974031    24.2100     0.3945     0.0852     0.1269 1.1585e-01     0.5515     17.910     25.977    10.1555 0.0000e+00
     18.276      0.051     7.9350     71.796    129.392  90.978592    24.2100     0.3220     0.0852     0.1269 1.1595e-01     0.5062     17.923     25.995    10.1550 0.0000e+00
     18.289      0.051     7.9659     72.101    129.416  90.994357    24.2100     0.3372     0.0852     0.1269 1.1617e-01     0.6724     17.935     26.012    10.1546 0.0000e+00
     18.301      0.052     8.0003     72.378    129.427  91.001561    24.2100     0.3563     0.0852     0.1269 1.1612e-01     0.5213     17.947     26.030    10.1543 0.0000e+00
     18.314      0.053     8.0362     72.610    129.424  90.998128    24.2100     0.3067     0.0852     0.1269 1.1605e-01     0.5969     17.960     26.049    10.1540 0.0000e+00
     18.328      0.055     8.0719     72.780    129.427  90.999124    24.2100     0.3716     0.1278     0.0846 1.1607e-01     0.5515     17.974     26.069    10.1537 0.0000e+00
     18.342      0.057     8.1063     72.879    129.438  91.004815    24.2100     0.3792     0.1278     0.0846 1.1602e-01     0.6120     17.988     26.089    10.1534 0.0000e+00
     18.357      0.059     8.1376     72.901    129.429  90.996741    24.2100     0.4135     0.1278     0.0846 1.1602e-01     0.5666     18.002     26.110    10.1531 0.0000e+00
     18.372      0.061     8.1637     72.848    129.404  90.976745    24.2100     0.3868     0.1278     0.0846 1.1600e-01     0.7026     18.017     26.132    10.1527 0.0000e+00
     18.388      0.063     8.1829     72.730    129.395  90.967461    24.2100     0.3449     0.0852     0.0423 1.1612e-01     0.5817     18.033     26.154    10.1521 0.0000e+00
     18.405      0.064     8.1942     72.568    129.408  90.974403    24.2100     0.3105     0.0852     0.0423 1.1590e-01     0.5364     18.049     26.177    10.1514 0.0000e+00
     18.421      0.065     8.1968     72.384    129.428  90.985440    24.2100     0.3258     0.0852     0.0423 1.1612e-01     0.5817     18.065     26.201    10.1505 0.0000e+00
     18.438      0.064     8.1910     72.200    129.445  90.995523    24.2100     0.3143     0.0852     0.0423 1.1595e-01     0.5515     18.082     26.226    10.1496 0.0000e+00
     18.455      0.062     8.1780     72.035    129.465  91.007341    24.2100     0.3411     0.0852     0.1692 1.1595e-01     0.6120     18.099     26.250    10.1487 0.0000e+00
     18.472      0.059     8.1600     71.901    129.494  91.026045    24.2100     0.3220     0.0852     0.1692 1.1612e-01     0.5364     18.115     26.273    10.1477 0.0000e+00
     18.487      0.056     8.1394     71.802    129.527  91.048630    24.2100     0.3143     0.0852     0.1692 1.1595e-01     0.5213     18.130     26.295    10.1467 0.0000e+00
     18.501      0.051     8.1190     71.731    129.560  91.071131    24.2100     0.3372     0.0852     0.1692 1.1617e-01     0.6120     18.143     26.314    10.1458 0.0000e+00
     18.513      0.047     8.1006     71.671    129.589  91.091560    24.2100     0.3716     0.0852     0.1269 1.1597e-01     0.8537     18.155     26.331    10.1450 0.0000e+00
     18.523      0.043     8.0856     71.607    129.603  91.101379    24.2100     0.4097     0.0852     0.1269 1.1600e-01     0.8083     18.165     26.347    10.1445 0.0000e+00
     18.533      0.039     8.0745     71.525    129.613  91.109201    24.2100     0.3906     0.0852     0.1269 1.1590e-01     0.8083     18.175     26.361    10.1441 0.0000e+00
     18.543      0.035     8.0666     71.411    129.623  91.117111    24.2100     0.3906     0.0852     0.1269 1.1615e-01     0.8083     18.184     26.374    10.1439 0.0000e+00
     18.551      0.032     8.0599     71.251    129.602  91.103247    24.2100     0.3754     0.0852     0.1269 1.1605e-01     0.7026     18.193     26.386    10.1439 0.0000e+00
     18.559      0.030     8.0526     71.035    129.552  91.069905    24.2100     0.4212     0.0852     0.0846 1.1600e-01     0.7177     18.200     26.397    10.1439 0.0000e+00
     18.566      0.028     8.0434     70.762    129.512  91.044151    24.2100     0.3792     0.0852     0.0846 1.1607e-01     0.7781     18.207     26.407    10.1441 0.0000e+00
     18.573      0.026     8.0305     70.452    129.497  91.037095    24.2100     0.3639     0.0852     0.0846 1.1595e-01     0.7328     18.213     26.416    10.1444 0.0000e+00
     18.579      0.024     8.0124     70.133    129.481  91.028877    24.2100     0.3906     0.0852     0.0846 1.1600e-01     0.8688     18.219     26.425    10.1449 0.0000e+00
     18.585      0.022     7.9880     69.842    129.451  91.011313    24.1200     0.4135     0.0852     0.0846 1.1630e-01     0.7932     18.225     26.434    10.1455 0.0000e+00
