Data/DataNotYetUploadedToEDI/Raw_CTD/RawDownloads/061121_fcr50_0005.cnv
* Sea-Bird SBE19plus  Data File:
* FileName = C:\R\Reservoirs\Data\DataNotYetUploadedToEDI\Raw_CTD\RawDownloads\061121_fcr50_0005.hex
* Software version 2.8.0.119
* Temperature SN = 7809
* Conductivity SN = 7809
* System UpLoad Time = Jun 11 2021 19:32:16
* <ApplicationData>
* <Seaterm232>
# nquan = 16
# nvalues = 2630                        
# units = specified
# name 0 = depFM: Depth [fresh water, m]
# name 1 = dz/dtM: Descent Rate [m/s]
# name 2 = orp: Oxidation Reduction Potential [mV]
# name 3 = sbeox0Mg/L: Oxygen, SBE 43 [mg/l]
# name 4 = sbeox0PS: Oxygen, SBE 43 [% saturation]
# name 5 = par/sat/log: PAR/Logarithmic, Satlantic
# name 6 = ph: pH
# name 7 = specc: Specific Conductance [uS/cm]
# name 8 = c0uS/cm: Conductivity [uS/cm]
# name 9 = flECO-AFL: Fluorescence, WET Labs ECO-AFL/FL [mg/m^3]
# name 10 = turbWETntu0: Turbidity, WET Labs ECO [NTU]
# name 11 = tv290C: Temperature [ITS-90, deg C]
# name 12 = density00: Density [density, kg/m^3]
# name 13 = prdE: Pressure, Strain Gauge [psi]
# name 14 = prdM: Pressure, Strain Gauge [db]
# name 15 = flag:  0.000e+00
# span 0 =     -0.703,      9.600       
# span 1 =     -0.287,      0.103       
# span 2 = -1240.7455,   222.7152       
# span 3 =     0.9143,    13.1021       
# span 4 =      7.891,    159.715       
# span 5 = 1.2344e-01, 3.4557e+02       
# span 6 =     15.585,     16.081       
# span 7 =      1.041,     78.360       
# span 8 =   1.026026,  52.346728       
# span 9 =    -1.0209,     5.5324       
# span 10 =    -0.3630,   104.2609      
# span 11 =     8.3983,    25.6266      
# span 12 =   996.9038,   999.8998      
# span 13 =     -1.000,     13.656      
# span 14 =     -0.689,      9.415      
# span 15 = 0.0000e+00, 0.0000e+00      
# interval = seconds: 0.25
# start_time = Jun 10 2021 21:04:04 [Instrument's time stamp, header]
# bad_flag = -9.990e-29
*END*
[from data line 724]
      2.756      0.007   181.4590     7.1835     69.014 1.3864e-01     15.948     35.046  27.507933    -0.2268     1.6110    14.2782   999.2352      3.920      2.703 0.0000e+00
      2.757      0.007   181.6291     7.1462     68.760 1.3572e-01     15.949     35.065  27.518313    -0.2346     1.5889    14.2608   999.2377      3.921      2.704 0.0000e+00
      2.758      0.007   181.9022     7.1120     68.423 1.3177e-01     15.949     35.043  27.495333    -0.2393     1.6589    14.2529   999.2389      3.922      2.704 0.0000e+00
      2.759      0.008   182.0077     7.0907     68.076 1.3326e-01     15.950     35.037  27.483810    -0.2264     1.7363    14.2472   999.2396      3.924      2.705 0.0000e+00
      2.760      0.009   181.9585     7.0775     67.796 1.3221e-01     15.951     35.076  27.505837    -0.2220     1.7356    14.2414   999.2405      3.925      2.706 0.0000e+00
      2.763      0.009   181.9958     7.0530     67.591 1.3005e-01     15.951     35.088  27.507926    -0.2618     1.6846    14.2354   999.2413      3.929      2.709 0.0000e+00
      2.768      0.009   181.8567     7.0160     67.437 1.3036e-01     15.950     35.096  27.509061    -0.3069     1.6682    14.2282   999.2423      3.939      2.716 0.0000e+00
      2.772      0.009   181.6533     6.9784     67.319 1.2719e-01     15.950     35.112  27.519554    -0.3101     1.6746    14.2183   999.2437      3.944      2.719 0.0000e+00
      2.773      0.009   181.6886     6.9520     67.238 1.2416e-01     15.950     35.100  27.507926    -0.2901     1.7277    14.2043   999.2458      3.943      2.719 0.0000e+00
      2.773      0.009   181.7671     6.9339     67.175 1.2587e-01     15.950     35.090  27.495336    -0.2562     1.7613    14.1936   999.2473      3.944      2.719 0.0000e+00
      2.774      0.008   181.9127     6.9198     67.078 1.3048e-01     15.950     35.095  27.494191    -0.2153     1.7370    14.1879   999.2481      3.944      2.719 0.0000e+00
      2.778      0.008   182.1583     6.9076     66.902 1.3168e-01     15.951     35.099  27.494078    -0.2049     1.7433    14.1840   999.2487      3.949      2.723 0.0000e+00
      2.782      0.008   182.3279     6.9002     66.707 1.2714e-01     15.952     35.100  27.493965    -0.2167     1.7353    14.1828   999.2489      3.958      2.728 0.0000e+00
      2.783      0.009   182.2432     6.8967     66.606 1.2396e-01     15.952     35.099  27.492821    -0.2242     1.6741    14.1757   999.2498      3.958      2.729 0.0000e+00
      2.784      0.009   181.9940     6.8910     66.568 1.2369e-01     15.952     35.083  27.480238    -0.2289     1.6207    14.1661   999.2512      3.960      2.731 0.0000e+00
      2.786      0.008   181.8960     6.8716     66.490 1.2376e-01     15.951     35.065  27.468695    -0.2262     1.6396    14.1632   999.2517      3.963      2.733 0.0000e+00
      2.788      0.006   181.9194     6.8440     66.362 1.2483e-01     15.951     35.070  27.480124    -0.2202     1.6956    14.1601   999.2521      3.964      2.733 0.0000e+00
      2.791      0.006   182.1904     6.8364     66.252 1.2583e-01     15.950     35.069  27.491560    -0.2232     1.6802    14.1621   999.2517      3.970      2.737 0.0000e+00
      2.793      0.006   182.5914     6.8382     66.207 1.2502e-01     15.949     35.038  27.480121    -0.2333     1.6258    14.1614   999.2519      3.973      2.739 0.0000e+00
      2.793      0.005   182.7235     6.8302     66.190 1.2608e-01     15.948     35.008  27.468700    -0.2378     1.6558    14.1600   999.2522      3.973      2.739 0.0000e+00
      2.794      0.004   182.5836     6.8115     66.088 1.2829e-01     15.948     35.008  27.480345    -0.2298     1.7337    14.1733   999.2503      3.974      2.740 0.0000e+00
      2.795      0.003   182.2761     6.7957     65.913 1.2667e-01     15.948     35.010  27.494070    -0.2227     1.7433    14.1926   999.2476      3.976      2.741 0.0000e+00
      2.797      0.002   182.1897     6.7881     65.777 1.2459e-01     15.947     35.013  27.507795    -0.2280     1.7036    14.2129   999.2447      3.978      2.743 0.0000e+00
      2.797      0.002   182.3142     6.7913     65.687 1.2613e-01     15.946     35.013  27.519440    -0.2371     1.7001    14.2282   999.2424      3.978      2.743 0.0000e+00
      2.797      0.001   182.4896     6.7790     65.633 1.2908e-01     15.946     34.984  27.508020    -0.2276     1.7352    14.2440   999.2403      3.978      2.743 0.0000e+00
      2.797      0.001   182.8473     6.7481     65.596 1.3118e-01     15.946     34.958  27.496592    -0.2087     1.7154    14.2631   999.2376      3.978      2.743 0.0000e+00
      2.797      0.002   183.1125     6.7368     65.559 1.3216e-01     15.946     34.963  27.508144    -0.2083     1.6324    14.2797   999.2352      3.979      2.744 0.0000e+00
      2.797      0.005   183.2013     6.7234     65.603 1.3011e-01     15.946     34.976  27.520841    -0.2232     1.5899    14.2960   999.2329      3.979      2.743 0.0000e+00
      2.797      0.011   183.3180     6.7161     65.760 1.2631e-01     15.947     34.996  27.523246    -0.2357     1.6479    14.3116   999.2307      3.979      2.743 0.0000e+00
      2.798      0.018   183.4040     6.7137     65.910 1.2645e-01     15.949     35.067  27.537206    -0.2361     1.7499    14.3262   999.2286      3.980      2.744 0.0000e+00
      2.800      0.024   183.3814     6.7026     65.963 1.2817e-01     15.950     35.171  27.562719    -0.2661     1.7253    14.3350   999.2273      3.980      2.744 0.0000e+00
      2.810      0.028   183.3897     6.7036     65.967 1.2628e-01     15.951     35.245  27.577918    -0.3401     1.5569    14.3449   999.2259      3.991      2.752 0.0000e+00
      2.826      0.031   183.5041     6.7266     65.944 1.2421e-01     15.953     35.285  27.594058    -0.3777     1.4640    14.3379   999.2270      4.024      2.774 0.0000e+00
      2.837      0.031   183.7321     6.7581     65.865 1.2384e-01     15.953     35.318  27.630981    -0.3688     1.4951    14.2706   999.2367      4.042      2.786 0.0000e+00
      2.842      0.028   184.0814     6.7723     65.651 1.2369e-01     15.951     35.305  27.643770    -0.3655     1.4862    14.1711   999.2508      4.040      2.785 0.0000e+00
      2.847      0.021   184.2862     6.7820     65.151 1.2406e-01     15.950     35.261  27.621859    -0.3566     1.4938    14.1067   999.2599      4.049      2.791 0.0000e+00
      2.853      0.015   184.3155     6.7860     64.434 1.2439e-01     15.950     35.259  27.619791    -0.3278     1.5876    14.0829   999.2633      4.060      2.800 0.0000e+00
      2.856      0.011   184.4354     6.7734     63.748 1.2403e-01     15.950     35.255  27.618771    -0.3042     1.6590    14.1043   999.2603      4.064      2.802 0.0000e+00
      2.857      0.009   184.5311     6.7556     63.206 1.2365e-01     15.949     35.222  27.609523    -0.2898     1.7392    14.1569   999.2530      4.063      2.801 0.0000e+00
      2.858      0.006   184.4402     6.6991     62.828 1.2365e-01     15.948     35.222  27.634864    -0.2875     1.7333    14.1721   999.2508      4.064      2.802 0.0000e+00
      2.859      0.005   184.7128     6.6115     62.558 1.2384e-01     15.947     35.247  27.671461    -0.3056     1.5528    14.1625   999.2521      4.066      2.803 0.0000e+00
      2.861      0.007   185.5038     6.5418     62.359 1.2560e-01     15.948     35.249  27.671443    -0.3180     1.4112    14.1590   999.2527      4.068      2.805 0.0000e+00
      2.861      0.010   186.0030     6.4802     62.305 1.2715e-01     15.949     35.223  27.634634    -0.3033     1.4283    14.1819   999.2494      4.069      2.806 0.0000e+00
      2.861      0.013   186.2754     6.4373     62.421 1.2550e-01     15.950     35.217  27.606986    -0.2716     1.4850    14.2325   999.2423      4.069      2.806 0.0000e+00
      2.865      0.015   186.5598     6.4097     62.636 1.2371e-01     15.951     35.227  27.590863    -0.2491     1.4440    14.2608   999.2383      4.071      2.807 0.0000e+00
      2.873      0.015   186.5163     6.3835     62.850 1.2360e-01     15.951     35.222  27.566533    -0.2320     1.4137    14.2562   999.2390      4.086      2.817 0.0000e+00
      2.881      0.014   186.5234     6.3820     62.983 1.2369e-01     15.952     35.240  27.566514    -0.2175     1.4963    14.2243   999.2435      4.102      2.828 0.0000e+00
      2.883      0.011   186.8183     6.4015     63.021 1.2374e-01     15.953     35.286  27.590619    -0.2354     1.5507    14.1944   999.2478      4.101      2.829 0.0000e+00
      2.884      0.008   187.0706     6.4322     62.937 1.2393e-01     15.953     35.319  27.604242    -0.2767     1.4877    14.1557   999.2532      4.102      2.828 0.0000e+00
      2.884      0.004   187.2500     6.4637     62.722 1.2640e-01     15.953     35.334  27.604349    -0.3063     1.4212    14.1224   999.2579      4.102      2.829 0.0000e+00
      2.884      0.003   187.3526     6.4767     62.445 1.2878e-01     15.953     35.336  27.591902    -0.3068     1.4330    14.1135   999.2592      4.103      2.828 0.0000e+00
      2.885      0.004   187.3642     6.4855     62.157 1.2740e-01     15.955     35.336  27.580588    -0.2928     1.4587    14.0901   999.2624      4.104      2.830 0.0000e+00
      2.886      0.005   187.4767     6.4815     61.907 1.2576e-01     15.955     35.356  27.594411    -0.2993     1.4575    14.0744   999.2646      4.103      2.829 0.0000e+00
      2.887      0.008   187.6802     6.4555     61.755 1.2491e-01     15.954     35.385  27.632164    -0.3181     1.4181    14.0624   999.2663      4.105      2.830 0.0000e+00
      2.888      0.010   187.7606     6.4303     61.714 1.2418e-01     15.953     35.387  27.656475    -0.3202     1.3603    14.0385   999.2697      4.107      2.832 0.0000e+00
      2.892      0.011   187.6741     6.4016     61.757 1.2389e-01     15.951     35.336  27.634643    -0.3156     1.3420    14.0179   999.2725      4.112      2.835 0.0000e+00
      2.897      0.012   187.6666     6.3735     61.791 1.2364e-01     15.951     35.308  27.621955    -0.3003     1.3679    14.0100   999.2736      4.121      2.842 0.0000e+00
      2.901      0.013   187.9285     6.3552     61.793 1.2366e-01     15.951     35.314  27.629940    -0.2690     1.3985    14.0359   999.2701      4.128      2.846 0.0000e+00
      2.904      0.014   188.1729     6.3440     61.890 1.2399e-01     15.950     35.279  27.604327    -0.2525     1.4380    14.0792   999.2641      4.130      2.848 0.0000e+00
      2.905      0.014   188.2134     6.3501     62.092 1.2427e-01     15.950     35.226  27.566010    -0.2439     1.5028    14.1027   999.2607      4.130      2.848 0.0000e+00
      2.908      0.015   188.1594     6.3560     62.289 1.2396e-01     15.950     35.204  27.547260    -0.2407     1.5296    14.1170   999.2587      4.134      2.851 0.0000e+00
      2.913      0.017   188.1225     6.3450     62.450 1.2366e-01     15.951     35.171  27.504485    -0.2711     1.4868    14.1174   999.2588      4.145      2.858 0.0000e+00
      2.918      0.020   188.1115     6.3561     62.541 1.2364e-01     15.952     35.125  27.429391    -0.3152     1.4321    14.1164   999.2589      4.153      2.864 0.0000e+00
      2.922      0.022   188.1122     6.3830     62.481 1.2362e-01     15.954     35.154  27.400459    -0.3253     1.4523    14.1261   999.2575      4.155      2.865 0.0000e+00
      2.927      0.022   188.3895     6.4010     62.246 1.2366e-01     15.956     35.222  27.408335    -0.2504     1.5240    14.1310   999.2568      4.160      2.868 0.0000e+00
      2.935      0.022   188.7109     6.4214     61.872 1.2374e-01     15.958     35.242  27.397696    -0.1441     1.5091    14.1104   999.2599      4.174      2.878 0.0000e+00
      2.943      0.021   188.6426     6.4440     61.404 1.2410e-01     15.959     35.261  27.398663    -0.1181     1.4099    14.0505   999.2682      4.189      2.889 0.0000e+00
      2.948      0.021   188.5963     6.4507     60.885 1.2440e-01     15.958     35.291  27.420021    -0.1266     1.3546    13.9644   999.2801      4.194      2.891 0.0000e+00
      2.952      0.020   188.7537     6.4341     60.359 1.2405e-01     15.958     35.264  27.402199    -0.1227     1.3905    13.8912   999.2903      4.197      2.894 0.0000e+00
      2.956      0.019   188.8245     6.3988     59.804 1.2368e-01     15.959     35.234  27.373472    -0.1382     1.4660    13.8626   999.2942      4.205      2.899 0.0000e+00
      2.961      0.017   189.0220     6.3511     59.158 1.2403e-01     15.960     35.267  27.389838    -0.1613     1.4785    13.8433   999.2969      4.208      2.901 0.0000e+00
      2.966      0.017   189.5073     6.2967     58.486 1.2441e-01     15.959     35.291  27.409769    -0.1731     1.4034    13.8378   999.2977      4.217      2.908 0.0000e+00
      2.972      0.016   189.8728     6.2388     57.904 1.2406e-01     15.957     35.287  27.424159    -0.1853     1.3816    13.8576   999.2950      4.230      2.916 0.0000e+00
      2.976      0.013   189.7418     6.1894     57.499 1.2365e-01     15.956     35.264  27.436988    -0.2042     1.4553    13.8471   999.2965      4.232      2.918 0.0000e+00
      2.977      0.011   189.3868     6.1216     57.307 1.2359e-01     15.956     35.217  27.438055    -0.2100     1.4704    13.8191   999.3003      4.233      2.919 0.0000e+00
      2.979      0.009   189.2805     6.0460     57.223 1.2359e-01     15.954     35.173  27.437108    -0.2178     1.3932    13.8224   999.2999      4.238      2.922 0.0000e+00
      2.981      0.008   189.4026     5.9820     57.173 1.2361e-01     15.953     35.144  27.425574    -0.2403     1.3455    13.8495   999.2962      4.240      2.923 0.0000e+00
      2.982      0.008   189.4862     5.9274     57.114 1.2361e-01     15.953     35.166  27.425472    -0.2451     1.3748    13.8938   999.2901      4.241      2.924 0.0000e+00
      2.983      0.009   189.5172     5.9102     57.063 1.2359e-01     15.956     35.213  27.435855    -0.2380     1.4033    13.9532   999.2818      4.243      2.925 0.0000e+00
      2.986      0.009   189.6908     5.8932     57.078 1.2357e-01     15.957     35.223  27.424217    -0.2395     1.3815    14.0133   999.2736      4.246      2.928 0.0000e+00
      2.990      0.010   190.1223     5.8878     57.111 1.2361e-01     15.957     35.221  27.411604    -0.2351     1.3856    14.0335   999.2707      4.252      2.932 0.0000e+00
      2.992      0.010   190.6056     5.8884     57.129 1.2367e-01     15.957     35.228  27.410199    -0.2235     1.4535    13.9946   999.2762      4.256      2.934 0.0000e+00
      2.995      0.010   190.8876     5.8807     57.084 1.2365e-01     15.957     35.231  27.407225    -0.2130     1.5159    13.9467   999.2830      4.260      2.937 0.0000e+00
      2.997      0.010   190.9519     5.8942     56.990 1.2364e-01     15.957     35.205  27.375647    -0.2121     1.4875    13.9231   999.2861      4.263      2.940 0.0000e+00
      2.999      0.010   190.8662     5.8954     56.925 1.2368e-01     15.958     35.196  27.345533    -0.2321     1.4190    13.9086   999.2881      4.267      2.942 0.0000e+00
      3.002      0.010   190.8841     5.9038     56.877 1.2369e-01     15.959     35.258  27.360253    -0.2551     1.4777    13.8983   999.2896      4.269      2.943 0.0000e+00
      3.005      0.011   191.3410     5.8993     56.802 1.2365e-01     15.961     35.294  27.363296    -0.2616     1.6478    13.8949   999.2900      4.274      2.947 0.0000e+00
      3.007      0.013   192.0022     5.8843     56.644 1.2364e-01     15.961     35.234  27.318859    -0.2625     1.7586    13.8837   999.2915      4.279      2.950 0.0000e+00
      3.009      0.015   192.2531     5.8857     56.403 1.2364e-01     15.960     35.137  27.266999    -0.2756     1.7531    13.8525   999.2958      4.278      2.950 0.0000e+00
