Data/DataNotYetUploadedToEDI/Raw_CTD/RawDownloads/061121_fcr50_0002.cnv
* Sea-Bird SBE19plus  Data File:
* FileName = C:\R\Reservoirs\Data\DataNotYetUploadedToEDI\Raw_CTD\RawDownloads\061121_fcr50_0002.hex
* Software version 2.8.0.119
* Temperature SN = 7809
* Conductivity SN = 7809
* System UpLoad Time = Jun 11 2021 19:28:26
* <ApplicationData>
* <Seaterm232>
# nquan = 16
# nvalues = 2868                        
# units = specified
# name 0 = depFM: Depth [fresh water, m]
# name 1 = dz/dtM: Descent Rate [m/s]
# name 2 = orp: Oxidation Reduction Potential [mV]
# name 3 = sbeox0Mg/L: Oxygen, SBE 43 [mg/l]
# name 4 = sbeox0PS: Oxygen, SBE 43 [% saturation]
# name 5 = par/sat/log: PAR/Logarithmic, Satlantic
# name 6 = ph: pH
# name 7 = specc: Specific Conductance [uS/cm]
# name 8 = c0uS/cm: Conductivity [uS/cm]
# name 9 = flECO-AFL: Fluorescence, WET Labs ECO-AFL/FL [mg/m^3]
# name 10 = turbWETntu0: Turbidity, WET Labs ECO [NTU]
# name 11 = tv290C: Temperature [ITS-90, deg C]
# name 12 = density00: Density [density, kg/m^3]
# name 13 = prdE: Pressure, Strain Gauge [psi]
# name 14 = prdM: Pressure, Strain Gauge [db]
# name 15 = flag:  0.000e+00
# span 0 =     -0.694,      9.620       
# span 1 =     -0.178,      0.165       
# span 2 =   -75.1405,   238.8137       
# span 3 =     1.0350,    12.3297       
# span 4 =      8.929,    141.120       
# span 5 = 1.2351e-01, 1.8262e-01       
# span 6 =     15.444,     16.038       
# span 7 =      0.753,    110.484       
# span 8 =   0.692814,  73.627855       
# span 9 =    -1.0242,     6.8081       
# span 10 =    -0.3821,   368.4747      
# span 11 =     8.3162,    26.3745      
# span 12 =   996.7054,   999.9170      
# span 13 =     -0.986,     13.683      
# span 14 =     -0.680,      9.434      
# span 15 = 0.0000e+00, 0.0000e+00      
# interval = seconds: 0.25
# start_time = Jun 10 2021 09:07:58 [Instrument's time stamp, header]
# bad_flag = -9.990e-29
*END*
[from data line 724]
      3.055      0.035   220.7324     5.8009     55.103 1.2377e-01     15.930     35.002  26.501594    -0.0415     1.7083    12.9362   999.4164      4.346      2.996 0.0000e+00
      3.064      0.032   220.7779     5.8023     55.177 1.2377e-01     15.931     35.018  26.501960    -0.0352     1.6633    12.9161   999.4190      4.358      3.004 0.0000e+00
      3.074      0.030   220.9676     5.7905     55.109 1.2374e-01     15.932     35.013  26.489250    -0.0253     1.6312    12.8955   999.4216      4.369      3.013 0.0000e+00
      3.085      0.026   221.1329     5.8081     54.814 1.2374e-01     15.932     35.006  26.474766    -0.0176     1.6642    12.8780   999.4238      4.392      3.029 0.0000e+00
      3.094      0.022   221.1410     5.8262     54.342 1.2376e-01     15.933     34.989  26.453694     0.0009     1.7190    12.8519   999.4271      4.405      3.037 0.0000e+00
      3.096      0.019   221.2383     5.8388     53.800 1.2374e-01     15.934     34.964  26.424752     0.0370     1.7435    12.8364   999.4290      4.402      3.035 0.0000e+00
      3.096      0.019   221.4486     5.8397     53.316 1.2374e-01     15.934     34.923  26.378528     0.0661     1.7201    12.8261   999.4303      4.403      3.036 0.0000e+00
      3.097      0.020   221.6194     5.8062     52.968 1.2377e-01     15.935     34.896  26.338796     0.0663     1.6765    12.8085   999.4325      4.405      3.037 0.0000e+00
      3.100      0.022   221.9263     5.7535     52.706 1.2373e-01     15.936     34.902  26.324916     0.0683     1.6969    12.8016   999.4333      4.406      3.038 0.0000e+00
      3.110      0.026   222.1484     5.6934     52.564 1.2367e-01     15.937     34.932  26.337539     0.0806     1.7609    12.7893   999.4349      4.421      3.048 0.0000e+00
      3.122      0.027   221.9815     5.6382     52.532 1.2364e-01     15.937     34.964  26.364552     0.0812     1.7980    12.7657   999.4379      4.445      3.064 0.0000e+00
      3.130      0.027   221.8867     5.6129     52.432 1.2364e-01     15.937     35.003  26.397813     0.0657     1.8368    12.7378   999.4414      4.453      3.070 0.0000e+00
      3.136      0.025   221.9495     5.5859     52.225 1.2368e-01     15.937     35.048  26.422556     0.0372     1.9207    12.7046   999.4455      4.459      3.074 0.0000e+00
      3.141      0.021   221.9660     5.5678     51.921 1.2369e-01     15.937     35.051  26.409987     0.0320     2.0232    12.6865   999.4477      4.470      3.083 0.0000e+00
      3.144      0.019   222.0868     5.5802     51.596 1.2369e-01     15.938     35.026  26.372687     0.0320     2.0116    12.6982   999.4464      4.472      3.083 0.0000e+00
      3.148      0.020   222.3769     5.5612     51.360 1.2369e-01     15.940     35.030  26.352119    -0.0101     1.8835    12.7167   999.4441      4.475      3.085 0.0000e+00
      3.153      0.024   222.7200     5.5445     51.156 1.2367e-01     15.940     35.054  26.351555    -0.0294     1.8473    12.6928   999.4470      4.487      3.094 0.0000e+00
      3.157      0.027   222.9668     5.5142     50.959 1.2368e-01     15.939     35.094  26.365854    -0.0209     1.8836    12.6688   999.4500      4.489      3.095 0.0000e+00
      3.163      0.028   223.1243     5.4705     50.795 1.2369e-01     15.942     35.177  26.398134    -0.0407     1.9099    12.6531   999.4520      4.492      3.097 0.0000e+00
      3.177      0.028   223.2470     5.4604     50.615 1.2367e-01     15.945     35.258  26.424660    -0.0684     1.9944    12.6039   999.4580      4.520      3.116 0.0000e+00
      3.189      0.026   223.4178     5.4413     50.385 1.2367e-01     15.945     35.294  26.432826    -0.0886     2.0459    12.5800   999.4610      4.544      3.133 0.0000e+00
      3.194      0.022   223.5545     5.4170     50.130 1.2367e-01     15.945     35.299  26.433419    -0.0749     2.0867    12.5752   999.4616      4.543      3.132 0.0000e+00
      3.196      0.016   223.6086     5.4108     49.905 1.2365e-01     15.944     35.285  26.431823    -0.0459     2.1099    12.5223   999.4680      4.545      3.134 0.0000e+00
      3.199      0.010   223.7288     5.4001     49.672 1.2368e-01     15.944     35.240  26.413537    -0.0722     1.9833    12.4591   999.4756      4.552      3.139 0.0000e+00
      3.200      0.005   223.7168     5.3774     49.259 1.2376e-01     15.943     35.210  26.402631    -0.1357     1.8267    12.4353   999.4785      4.552      3.138 0.0000e+00
      3.200      0.005   223.5496     5.3479     48.694 1.2377e-01     15.943     35.241  26.426840    -0.1737     1.7264    12.4348   999.4786      4.552      3.139 0.0000e+00
      3.200      0.008   223.6000     5.3201     48.182 1.2370e-01     15.943     35.279  26.452528    -0.1502     1.6977    12.4466   999.4772      4.552      3.139 0.0000e+00
      3.201      0.013   223.8098     5.3055     47.778 1.2361e-01     15.943     35.281  26.459495    -0.1101     1.7207    12.4743   999.4738      4.553      3.139 0.0000e+00
      3.201      0.018   223.9348     5.2575     47.503 1.2362e-01     15.943     35.259  26.447653    -0.0989     1.7632    12.4989   999.4708      4.553      3.139 0.0000e+00
      3.206      0.022   224.0793     5.1819     47.344 1.2369e-01     15.943     35.261  26.436216    -0.0711     1.8692    12.4949   999.4714      4.555      3.141 0.0000e+00
      3.217      0.023   224.1803     5.1337     47.188 1.2368e-01     15.944     35.313  26.448056    -0.0421     1.9373    12.4803   999.4732      4.573      3.153 0.0000e+00
      3.230      0.023   224.1243     5.0862     46.945 1.2365e-01     15.946     35.371  26.463906    -0.0528     1.9339    12.4941   999.4717      4.598      3.171 0.0000e+00
      3.237      0.020   224.1758     5.0531     46.637 1.2368e-01     15.947     35.371  26.437546    -0.0766     1.9309    12.5160   999.4690      4.607      3.177 0.0000e+00
      3.238      0.014   224.2872     5.0464     46.385 1.2371e-01     15.948     35.329  26.383028    -0.0912     1.9018    12.4914   999.4720      4.606      3.176 0.0000e+00
      3.239      0.009   224.2663     5.0378     46.238 1.2371e-01     15.948     35.340  26.375581    -0.0958     1.8905    12.4417   999.4780      4.607      3.176 0.0000e+00
      3.239      0.006   224.2677     5.0170     46.100 1.2370e-01     15.948     35.396  26.410916    -0.0941     1.8290    12.4057   999.4823      4.606      3.176 0.0000e+00
      3.239      0.007   224.3906     4.9802     45.842 1.2368e-01     15.949     35.424  26.429673    -0.0991     1.6739    12.3699   999.4866      4.607      3.176 0.0000e+00
      3.240      0.011   224.4616     4.9554     45.390 1.2364e-01     15.950     35.405  26.412082    -0.1179     1.6289    12.3300   999.4912      4.608      3.177 0.0000e+00
      3.243      0.016   224.4371     4.9469     44.790 1.2363e-01     15.950     35.377  26.388507    -0.1221     1.6615    12.3110   999.4935      4.611      3.179 0.0000e+00
      3.248      0.021   224.5247     4.9391     44.244 1.2364e-01     15.950     35.383  26.398338    -0.0925     1.6561    12.3025   999.4946      4.618      3.184 0.0000e+00
      3.255      0.026   224.6602     4.9136     43.869 1.2363e-01     15.950     35.385  26.404104    -0.0550     1.6671    12.3034   999.4945      4.629      3.192 0.0000e+00
      3.262      0.029   224.6990     4.8661     43.574 1.2365e-01     15.950     35.380  26.394797    -0.0409     1.6571    12.2998   999.4950      4.640      3.199 0.0000e+00
      3.271      0.029   224.6494     4.7928     43.294 1.2367e-01     15.950     35.417  26.412665    -0.0468     1.6382    12.2848   999.4967      4.652      3.206 0.0000e+00
      3.281      0.028   224.5772     4.7249     43.014 1.2366e-01     15.949     35.442  26.429835    -0.0407     1.6788    12.3020   999.4948      4.667      3.218 0.0000e+00
      3.289      0.028   224.6864     4.6921     42.681 1.2366e-01     15.949     35.420  26.412112    -0.0329     1.7019    12.3161   999.4932      4.681      3.227 0.0000e+00
      3.294      0.029   224.9373     4.6641     42.299 1.2368e-01     15.950     35.410  26.388667    -0.0476     1.6772    12.3015   999.4949      4.685      3.230 0.0000e+00
      3.297      0.029   225.2022     4.6338     41.823 1.2368e-01     15.951     35.469  26.400062    -0.0561     1.6546    12.2786   999.4976      4.687      3.232 0.0000e+00
      3.303      0.028   225.5657     4.6106     41.260 1.2365e-01     15.952     35.544  26.422990    -0.0411     1.6692    12.2798   999.4975      4.695      3.237 0.0000e+00
      3.313      0.027   225.8909     4.5689     40.760 1.2364e-01     15.954     35.563  26.412133    -0.0186     1.7507    12.2931   999.4959      4.709      3.247 0.0000e+00
      3.326      0.026   225.9502     4.5334     40.336 1.2368e-01     15.956     35.565  26.395627    -0.0125     1.7812    12.2691   999.4988      4.734      3.265 0.0000e+00
      3.334      0.025   225.9388     4.4934     39.961 1.2372e-01     15.956     35.601  26.413678    -0.0247     1.6951    12.2123   999.5055      4.748      3.274 0.0000e+00
      3.336      0.026   226.1831     4.4223     39.579 1.2370e-01     15.955     35.636  26.440095    -0.0429     1.6369    12.1605   999.5116      4.743      3.271 0.0000e+00
      3.336      0.031   226.4949     4.3783     39.114 1.2366e-01     15.955     35.671  26.461314    -0.0701     1.6951    12.1296   999.5153      4.745      3.271 0.0000e+00
      3.339      0.036   226.5252     4.3345     38.699 1.2363e-01     15.956     35.723  26.479935    -0.0766     1.8834    12.1010   999.5185      4.747      3.273 0.0000e+00
      3.349      0.040   226.4634     4.2951     38.432 1.2363e-01     15.957     35.764  26.474932    -0.0648     2.0601    12.0880   999.5200      4.756      3.280 0.0000e+00
      3.369      0.042   226.5225     4.2639     38.235 1.2362e-01     15.959     35.799  26.464208    -0.0801     2.0464    12.0976   999.5190      4.791      3.303 0.0000e+00
      3.390      0.039   226.4652     4.2022     38.078 1.2361e-01     15.960     35.844  26.477096    -0.0985     2.0265    12.0960   999.5194      4.827      3.329 0.0000e+00
      3.401      0.033   226.3735     4.1548     37.928 1.2366e-01     15.960     35.883  26.503866    -0.1158     2.0595    12.0704   999.5224      4.843      3.339 0.0000e+00
      3.404      0.023   226.4458     4.1398     37.735 1.2371e-01     15.960     35.913  26.534167    -0.1370     1.9991    12.0119   999.5290      4.842      3.338 0.0000e+00
      3.404      0.013   226.5656     4.1234     37.542 1.2369e-01     15.960     35.892  26.526321    -0.1445     1.9483    11.9483   999.5363      4.843      3.338 0.0000e+00
      3.404      0.005   226.7030     4.1087     37.322 1.2373e-01     15.960     35.814  26.472439    -0.1398     1.9948    11.9208   999.5394      4.842      3.339 0.0000e+00
      3.404      0.001   226.8166     4.0992     36.991 1.2378e-01     15.959     35.781  26.453567    -0.1190     2.0809    11.9224   999.5392      4.841      3.338 0.0000e+00
      3.404 4.8801e-07   226.9061     4.0695     36.548 1.2374e-01     15.958     35.819  26.488438    -0.1220     2.0283    11.9414   999.5372      4.842      3.338 0.0000e+00
      3.404      0.000   227.0109     4.0499     36.015 1.2371e-01     15.958     35.849  26.513478    -0.1468     1.8737    11.9524   999.5359      4.841      3.338 0.0000e+00
      3.404      0.000   227.0511     4.0324     35.473 1.2371e-01     15.958     35.837  26.502606    -0.1331     1.8935    11.9537   999.5357      4.842      3.338 0.0000e+00
      3.405      0.001   227.0478     3.9925     35.023 1.2370e-01     15.958     35.814  26.483847    -0.0900     2.0276    11.9622   999.5348      4.843      3.339 0.0000e+00
      3.405      0.002   227.0570     3.9453     34.650 1.2371e-01     15.957     35.795  26.476955    -0.0735     2.0527    11.9736   999.5336      4.843      3.339 0.0000e+00
      3.405      0.004   227.0760     3.8838     34.350 1.2371e-01     15.956     35.784  26.482720    -0.0960     1.9571    11.9805   999.5327      4.843      3.339 0.0000e+00
      3.405      0.005   227.1923     3.8194     34.195 1.2370e-01     15.956     35.777  26.490135    -0.1144     1.9018    11.9741   999.5334      4.842      3.338 0.0000e+00
      3.407      0.005   227.3442     3.7741     34.142 1.2371e-01     15.956     35.784  26.503187    -0.0958     1.9677    11.9659   999.5344      4.844      3.340 0.0000e+00
      3.410      0.005   227.4504     3.7357     34.087 1.2370e-01     15.957     35.794  26.513679    -0.0804     1.9644    11.9773   999.5331      4.850      3.345 0.0000e+00
      3.412      0.005   227.6161     3.6934     34.014 1.2368e-01     15.957     35.760  26.490142    -0.1004     1.8620    12.0012   999.5304      4.855      3.347 0.0000e+00
      3.413      0.005   227.7128     3.6785     33.954 1.2365e-01     15.956     35.740  26.472320    -0.1272     1.8276    12.0210   999.5282      4.854      3.347 0.0000e+00
      3.413      0.005   227.6733     3.6787     33.947 1.2361e-01     15.956     35.772  26.488486    -0.1283     1.8917    12.0323   999.5268      4.855      3.348 0.0000e+00
      3.413      0.007   227.7403     3.6703     33.969 1.2360e-01     15.956     35.787  26.495303    -0.0944     2.0192    12.0336   999.5267      4.854      3.347 0.0000e+00
      3.414      0.011   227.8354     3.6627     33.985 1.2364e-01     15.956     35.781  26.491300    -0.0794     2.0650    12.0375   999.5262      4.856      3.348 0.0000e+00
      3.415      0.015   227.9628     3.6524     33.993 1.2365e-01     15.957     35.804  26.503522    -0.1096     1.9645    12.0370   999.5263      4.855      3.347 0.0000e+00
      3.419      0.018   228.3343     3.6552     33.942 1.2365e-01     15.958     35.841  26.516210    -0.1354     1.9380    12.0191   999.5284      4.860      3.350 0.0000e+00
      3.429      0.019   228.5413     3.6613     33.814 1.2367e-01     15.959     35.863  26.517839    -0.1432     2.0187    12.0101   999.5294      4.878      3.364 0.0000e+00
      3.439      0.018   228.3142     3.6590     33.674 1.2371e-01     15.959     35.880  26.523194    -0.1477     2.0475    12.0196   999.5283      4.895      3.376 0.0000e+00
      3.443      0.015   228.0828     3.6649     33.617 1.2371e-01     15.959     35.883  26.517533    -0.1602     2.0120    12.0183   999.5285      4.898      3.378 0.0000e+00
      3.444      0.011   228.0674     3.6622     33.670 1.2371e-01     15.959     35.892  26.512807    -0.1901     1.9323    11.9873   999.5321      4.898      3.377 0.0000e+00
      3.444      0.007   228.2135     3.6483     33.776 1.2373e-01     15.959     35.916  26.529472    -0.2121     1.8736    11.9604   999.5352      4.899      3.378 0.0000e+00
      3.444      0.006   228.4729     3.6279     33.880 1.2370e-01     15.959     35.894  26.528731    -0.2161     1.8168    11.9589   999.5354      4.898      3.377 0.0000e+00
      3.445      0.011   228.6234     3.6215     33.970 1.2368e-01     15.958     35.834  26.503867    -0.2203     1.7272    11.9515   999.5363      4.899      3.378 0.0000e+00
      3.446      0.020   228.3974     3.6327     34.041 1.2370e-01     15.957     35.802  26.482587    -0.2155     1.6824    11.9259   999.5391      4.899      3.378 0.0000e+00
      3.449      0.029   227.9782     3.6470     34.052 1.2368e-01     15.959     35.815  26.461722    -0.2059     1.6874    11.9169   999.5401      4.903      3.380 0.0000e+00
      3.458      0.038   227.8566     3.6564     33.992 1.2371e-01     15.962     35.865  26.441853    -0.1990     1.6846    11.9483   999.5366      4.917      3.390 0.0000e+00
      3.473      0.044   227.9591     3.6607     33.890 1.2376e-01     15.964     35.939  26.432587    -0.1895     1.6485    11.9871   999.5322      4.940      3.406 0.0000e+00
