Data/DataNotYetUploadedToEDI/Raw_CTD/RawDownloads/061121_fcr50_0006.cnv
* Sea-Bird SBE19plus  Data File:
* FileName = C:\R\Reservoirs\Data\DataNotYetUploadedToEDI\Raw_CTD\RawDownloads\061121_fcr50_0006.hex
* Software version 2.8.0.119
* Temperature SN = 7809
* Conductivity SN = 7809
* System UpLoad Time = Jun 11 2021 19:33:50
* <ApplicationData>
* <Seaterm232>
# nquan = 16
# nvalues = 3787                        
# units = specified
# name 0 = depFM: Depth [fresh water, m]
# name 1 = dz/dtM: Descent Rate [m/s]
# name 2 = orp: Oxidation Reduction Potential [mV]
# name 3 = sbeox0Mg/L: Oxygen, SBE 43 [mg/l]
# name 4 = sbeox0PS: Oxygen, SBE 43 [% saturation]
# name 5 = par/sat/log: PAR/Logarithmic, Satlantic
# name 6 = ph: pH
# name 7 = specc: Specific Conductance [uS/cm]
# name 8 = c0uS/cm: Conductivity [uS/cm]
# name 9 = flECO-AFL: Fluorescence, WET Labs ECO-AFL/FL [mg/m^3]
# name 10 = turbWETntu0: Turbidity, WET Labs ECO [NTU]
# name 11 = tv290C: Temperature [ITS-90, deg C]
# name 12 = density00: Density [density, kg/m^3]
# name 13 = prdE: Pressure, Strain Gauge [psi]
# name 14 = prdM: Pressure, Strain Gauge [db]
# name 15 = flag:  0.000e+00
# span 0 =     -0.712,      9.730       
# span 1 =     -0.381,      0.227       
# span 2 =  -605.8580,   277.0360       
# span 3 =     0.7150,    13.4703       
# span 4 =      6.265,    162.276       
# span 5 = 1.2340e-01, 1.9124e+03       
# span 6 =     15.596,     16.111       
# span 7 =      1.598,    330.933       
# span 8 =   1.670804, 222.694436       
# span 9 =    -1.4953,     5.4301       
# span 10 =    -0.9235,   178.1414      
# span 11 =     8.5413,    28.1629      
# span 12 =   996.2081,   999.9742      
# span 13 =     -1.012,     13.840      
# span 14 =     -0.698,      9.543      
# span 15 = 0.0000e+00, 0.0000e+00      
# interval = seconds: 0.25
# start_time = Jun 11 2021 00:07:20 [Instrument's time stamp, header]
# bad_flag = -9.990e-29
*END*
[from data line 1989]
      7.360      0.027    61.2988     0.9963      8.647 1.2353e-01     16.095     62.576  42.054721    -0.1888     3.3816     8.6106   999.8695     10.469      7.218 0.0000e+00
      7.368      0.025    61.2088     0.9954      8.666 1.2349e-01     16.095     62.546  42.035772    -0.1650     3.3692     8.6061   999.8699     10.479      7.225 0.0000e+00
      7.375      0.022    60.8256     0.9995      8.630 1.2344e-01     16.095     62.529  42.028739    -0.1918     3.2562     8.6031   999.8701     10.489      7.232 0.0000e+00
      7.380      0.019    60.4512     0.9977      8.614 1.2345e-01     16.095     62.523  42.033170    -0.2364     3.1829     8.6014   999.8703     10.498      7.238 0.0000e+00
      7.385      0.017    60.2955     1.0118      8.606 1.2347e-01     16.094     62.500  42.025876    -0.2364     3.2724     8.6008   999.8703     10.507      7.245 0.0000e+00
      7.388      0.017    60.3200     1.0162      8.606 1.2352e-01     16.094     62.465  42.004041    -0.1926     3.3437     8.6005   999.8703     10.509      7.246 0.0000e+00
      7.389      0.018    60.3162     1.0026      8.627 1.2352e-01     16.094     62.499  42.023085    -0.1645     3.3236     8.6032   999.8701     10.508      7.245 0.0000e+00
      7.393      0.022    60.0781     1.0062      8.657 1.2352e-01     16.094     62.570  42.065680    -0.1830     3.2692     8.6125   999.8695     10.514      7.249 0.0000e+00
      7.399      0.027    59.8503     1.0038      8.726 1.2357e-01     16.094     62.592  42.074696    -0.2346     3.2352     8.6216   999.8690     10.524      7.256 0.0000e+00
      7.407      0.031    59.7991     1.0011      8.809 1.2362e-01     16.095     62.589  42.068607    -0.2451     3.3251     8.6212   999.8689     10.533      7.262 0.0000e+00
      7.418      0.032    59.8035     1.0084      8.844 1.2362e-01     16.095     62.572  42.055534    -0.2146     3.3599     8.6170   999.8693     10.549      7.273 0.0000e+00
      7.430      0.031    59.8170     1.0062      8.818 1.2356e-01     16.095     62.554  42.043598    -0.2371     3.2438     8.6139   999.8696     10.573      7.290 0.0000e+00
      7.440      0.030    59.8765     1.0172      8.736 1.2355e-01     16.094     62.564  42.051243    -0.3071     3.1231     8.6079   999.8701     10.585      7.298 0.0000e+00
      7.445      0.027    59.9201     1.0311      8.667 1.2359e-01     16.094     62.611  42.084484    -0.3465     3.1372     8.6041   999.8704     10.588      7.301 0.0000e+00
      7.448      0.024    59.7411     1.0335      8.668 1.2357e-01     16.095     62.675  42.128119    -0.3230     3.2770     8.6029   999.8705     10.593      7.303 0.0000e+00
      7.453      0.022    59.4340     1.0330      8.687 1.2355e-01     16.096     62.685  42.134467    -0.2703     3.2675     8.6026   999.8705     10.599      7.308 0.0000e+00
      7.459      0.022    59.3045     1.0184      8.682 1.2356e-01     16.095     62.631  42.097753    -0.2626     3.0913     8.6047   999.8704     10.610      7.315 0.0000e+00
      7.466      0.023    59.4656     1.0066      8.660 1.2356e-01     16.094     62.581  42.065097    -0.2870     3.0009     8.6063   999.8703     10.620      7.322 0.0000e+00
      7.472      0.024    59.7474     1.0108      8.635 1.2355e-01     16.094     62.568  42.057025    -0.2882     3.1011     8.6068   999.8703     10.628      7.328 0.0000e+00
      7.478      0.024    59.7864     1.0165      8.693 1.2352e-01     16.095     62.575  42.063631    -0.2681     3.3068     8.6057   999.8705     10.636      7.332 0.0000e+00
      7.484      0.025    59.5074     1.0116      8.801 1.2354e-01     16.096     62.599  42.081501    -0.2728     3.3248     8.6052   999.8705     10.643      7.338 0.0000e+00
      7.490      0.026    59.2128     1.0139      8.848 1.2359e-01     16.096     62.601  42.082644    -0.3165     3.1477     8.6065   999.8704     10.652      7.345 0.0000e+00
      7.496      0.027    59.2351     1.0017      8.845 1.2359e-01     16.095     62.595  42.077449    -0.3382     3.0546     8.6069   999.8704     10.662      7.351 0.0000e+00
      7.504      0.027    59.5189     1.0096      8.828 1.2357e-01     16.094     62.600  42.082177    -0.3352     3.0572     8.6083   999.8703     10.673      7.358 0.0000e+00
      7.513      0.027    59.7187     1.0341      8.869 1.2358e-01     16.094     62.588  42.076326    -0.2995     3.1442     8.6118   999.8702     10.687      7.368 0.0000e+00
      7.519      0.026    59.6718     1.0309      8.922 1.2361e-01     16.095     62.579  42.070189    -0.2502     3.2147     8.6097   999.8704     10.696      7.374 0.0000e+00
      7.525      0.025    59.4689     1.0364      8.919 1.2363e-01     16.095     62.580  42.071456    -0.2545     3.1187     8.6065   999.8706     10.703      7.379 0.0000e+00
      7.532      0.026    59.2447     1.0242      8.909 1.2366e-01     16.094     62.609  42.091644    -0.2648     3.0486     8.6104   999.8703     10.713      7.386 0.0000e+00
      7.537      0.029    59.1114     1.0333      8.873 1.2366e-01     16.094     62.662  42.123843    -0.2322     3.1226     8.6126   999.8702     10.722      7.392 0.0000e+00
      7.542      0.032    59.0627     1.0477      8.857 1.2361e-01     16.094     62.701  42.143364    -0.1846     3.2579     8.6109   999.8704     10.725      7.395 0.0000e+00
      7.550      0.034    59.0856     1.0360      8.879 1.2356e-01     16.094     62.700  42.137226    -0.1951     3.2766     8.6114   999.8703     10.734      7.401 0.0000e+00
      7.563      0.035    59.2166     1.0440      8.876 1.2355e-01     16.095     62.667  42.113104    -0.2535     3.1421     8.6139   999.8702     10.756      7.416 0.0000e+00
      7.575      0.038    59.0119     1.0335      8.885 1.2359e-01     16.095     62.657  42.105622    -0.2796     3.1085     8.6112   999.8705     10.778      7.430 0.0000e+00
      7.584      0.039    58.4173     1.0290      8.909 1.2360e-01     16.094     62.667  42.110246    -0.2536     3.3172     8.6036   999.8711     10.789      7.439 0.0000e+00
      7.590      0.037    58.1358     1.0414      8.929 1.2359e-01     16.093     62.662  42.105526    -0.1961     3.5708     8.5992   999.8714     10.792      7.441 0.0000e+00
      7.600      0.035    58.2753     1.0328      8.946 1.2362e-01     16.093     62.670  42.112030    -0.1866     3.5648     8.5984   999.8715     10.806      7.450 0.0000e+00
      7.612      0.035    58.3830     1.0365      8.928 1.2358e-01     16.094     62.686  42.125401    -0.2338     3.4177     8.5983   999.8716     10.831      7.467 0.0000e+00
      7.622      0.036    58.0611     1.0407      8.886 1.2350e-01     16.094     62.706  42.140238    -0.2612     3.3021     8.5965   999.8718     10.843      7.476 0.0000e+00
      7.627      0.036    57.4815     1.0406      8.862 1.2347e-01     16.094     62.745  42.164473    -0.2409     3.2311     8.5944   999.8719     10.846      7.478 0.0000e+00
      7.634      0.033    57.1392     1.0470      8.859 1.2349e-01     16.094     62.748  42.164496    -0.1889     3.3148     8.5955   999.8719     10.854      7.483 0.0000e+00
      7.647      0.029    57.1057     1.0429      8.852 1.2357e-01     16.094     62.713  42.140512    -0.2049     3.3181     8.5988   999.8717     10.876      7.499 0.0000e+00
      7.658      0.026    57.2492     1.0360      8.844 1.2363e-01     16.093     62.691  42.128409    -0.2911     3.2025     8.6003   999.8717     10.897      7.514 0.0000e+00
      7.663      0.023    57.3261     1.0325      8.850 1.2366e-01     16.093     62.709  42.145120    -0.3248     3.1878     8.5978   999.8720     10.902      7.517 0.0000e+00
      7.663      0.020    57.0888     1.0353      8.850 1.2365e-01     16.093     62.716  42.152132    -0.2978     3.2093     8.5954   999.8721     10.899      7.514 0.0000e+00
      7.666      0.020    56.7892     1.0329      8.788 1.2363e-01     16.093     62.715  42.149708    -0.2789     3.1870     8.5953   999.8720     10.902      7.517 0.0000e+00
      7.671      0.023    56.7141     1.0314      8.693 1.2364e-01     16.093     62.762  42.179297    -0.3061     3.0905     8.5972   999.8720     10.913      7.525 0.0000e+00
      7.676      0.028    56.6108     1.0316      8.664 1.2364e-01     16.093     62.782  42.192480    -0.3401     3.1072     8.6026   999.8717     10.918      7.528 0.0000e+00
      7.683      0.030    56.4874     1.0362      8.701 1.2361e-01     16.094     62.765  42.182136    -0.3378     3.1830     8.6051   999.8715     10.922      7.530 0.0000e+00
      7.695      0.030    56.5126     1.0287      8.742 1.2356e-01     16.094     62.756  42.181186    -0.2981     3.1822     8.6019   999.8718     10.943      7.545 0.0000e+00
      7.710      0.029    56.5706     1.0091      8.740 1.2356e-01     16.094     62.747  42.181004    -0.2701     3.2011     8.6005   999.8720     10.971      7.565 0.0000e+00
      7.717      0.025    56.5870     1.0085      8.708 1.2360e-01     16.094     62.743  42.179946    -0.2948     3.1361     8.5999   999.8720     10.981      7.571 0.0000e+00
      7.718      0.020    56.4529     1.0152      8.708 1.2363e-01     16.094     62.732  42.168394    -0.3205     3.1179     8.5996   999.8720     10.975      7.567 0.0000e+00
      7.719      0.015    56.4970     1.0223      8.721 1.2360e-01     16.093     62.742  42.168280    -0.3231     3.1867     8.6054   999.8716     10.977      7.568 0.0000e+00
      7.724      0.013    56.8628     1.0222      8.720 1.2354e-01     16.093     62.765  42.178564    -0.3066     3.2471     8.6116   999.8712     10.988      7.577 0.0000e+00
      7.727      0.017    57.0042     1.0128      8.760 1.2354e-01     16.094     62.748  42.165768    -0.2831     3.2983     8.6126   999.8712     10.993      7.579 0.0000e+00
      7.727      0.022    56.8305     1.0144      8.794 1.2359e-01     16.094     62.707  42.140524    -0.3065     3.1880     8.6089   999.8714     10.988      7.577 0.0000e+00
      7.732      0.026    56.5690     1.0217      8.770 1.2364e-01     16.094     62.683  42.127264    -0.3410     3.1835     8.6024   999.8719     10.992      7.579 0.0000e+00
      7.742      0.026    56.4230     1.0125      8.703 1.2367e-01     16.094     62.689  42.132407    -0.3192     3.3819     8.5966   999.8724     11.011      7.591 0.0000e+00
      7.756      0.027    56.5285     1.0232      8.617 1.2368e-01     16.093     62.700  42.139227    -0.2714     3.4580     8.5960   999.8725     11.035      7.608 0.0000e+00
      7.765      0.027    56.6403     1.0309      8.620 1.2370e-01     16.092     62.712  42.146251    -0.2692     3.3489     8.5996   999.8723     11.049      7.618 0.0000e+00
      7.768      0.026    56.5703     1.0221      8.677 1.2369e-01     16.092     62.726  42.153849    -0.3115     3.1605     8.6019   999.8721     11.049      7.618 0.0000e+00
      7.770      0.023    56.4560     1.0208      8.675 1.2357e-01     16.092     62.748  42.167604    -0.3058     3.1370     8.6028   999.8720     11.049      7.618 0.0000e+00
      7.775      0.022    56.2047     0.9982      8.663 1.2350e-01     16.093     62.773  42.185608    -0.2378     3.3054     8.6027   999.8721     11.058      7.624 0.0000e+00
      7.783      0.022    55.8545     1.0020      8.709 1.2354e-01     16.093     62.763  42.181090    -0.1860     3.4109     8.6012   999.8722     11.070      7.632 0.0000e+00
      7.790      0.025    55.7495     1.0191      8.769 1.2358e-01     16.092     62.754  42.176459    -0.1954     3.3144     8.5994   999.8724     11.081      7.640 0.0000e+00
      7.796      0.028    55.7961     1.0116      8.765 1.2362e-01     16.092     62.779  42.193101    -0.2455     3.1338     8.5985   999.8725     11.090      7.646 0.0000e+00
      7.801      0.028    55.8158     1.0077      8.713 1.2361e-01     16.092     62.779  42.191863    -0.2483     3.1506     8.5996   999.8724     11.096      7.650 0.0000e+00
      7.808      0.026    55.5576     1.0144      8.672 1.2358e-01     16.092     62.735  42.161487    -0.1916     3.3115     8.6020   999.8723     11.104      7.656 0.0000e+00
      7.818      0.024    55.0827     1.0284      8.681 1.2361e-01     16.093     62.709  42.143235    -0.1506     3.3974     8.6030   999.8723     11.122      7.668 0.0000e+00
      7.827      0.024    54.8917     1.0241      8.717 1.2364e-01     16.093     62.736  42.161617    -0.1632     3.3302     8.6026   999.8724     11.138      7.679 0.0000e+00
      7.831      0.022    54.8840     1.0166      8.744 1.2358e-01     16.093     62.781  42.193295    -0.2200     3.1515     8.6016   999.8724     11.139      7.681 0.0000e+00
      7.832      0.019    54.9892     1.0092      8.788 1.2350e-01     16.092     62.804  42.208851    -0.2369     3.1598     8.6004   999.8725     11.138      7.680 0.0000e+00
      7.837      0.016    55.0451     1.0107      8.808 1.2355e-01     16.092     62.828  42.222753    -0.2045     3.3272     8.5997   999.8725     11.146      7.684 0.0000e+00
      7.844      0.015    54.6992     1.0205      8.758 1.2363e-01     16.092     62.848  42.234414    -0.2009     3.3564     8.6000   999.8726     11.159      7.694 0.0000e+00
      7.848      0.015    54.3349     1.0170      8.674 1.2362e-01     16.092     62.831  42.222882    -0.2312     3.2379     8.6018   999.8725     11.166      7.698 0.0000e+00
      7.849      0.014    54.1682     1.0271      8.627 1.2358e-01     16.092     62.812  42.210282    -0.2753     3.0960     8.6027   999.8724     11.164      7.697 0.0000e+00
      7.851      0.011    54.0604     1.0319      8.666 1.2357e-01     16.092     62.812  42.209024    -0.2863     3.0830     8.6003   999.8727     11.165      7.699 0.0000e+00
      7.856      0.010    54.0639     1.0234      8.758 1.2360e-01     16.092     62.813  42.207670    -0.2490     3.1495     8.5969   999.8729     11.175      7.705 0.0000e+00
      7.859      0.010    54.1243     1.0110      8.822 1.2364e-01     16.092     62.793  42.193916    -0.2256     3.2135     8.5982   999.8728     11.181      7.709 0.0000e+00
      7.860      0.011    54.1021     1.0016      8.783 1.2364e-01     16.093     62.756  42.169678    -0.2601     3.2375     8.5997   999.8727     11.180      7.708 0.0000e+00
      7.861      0.014    53.8811     1.0097      8.716 1.2361e-01     16.093     62.751  42.168533    -0.3139     3.1310     8.5976   999.8729     11.180      7.708 0.0000e+00
      7.863      0.018    53.6040     1.0219      8.727 1.2360e-01     16.093     62.761  42.180075    -0.3034     3.1280     8.5954   999.8730     11.184      7.712 0.0000e+00
      7.868      0.021    53.5904     1.0363      8.772 1.2357e-01     16.092     62.757  42.182268    -0.2566     3.2347     8.5954   999.8731     11.188      7.715 0.0000e+00
      7.876      0.023    53.9751     1.0275      8.818 1.2351e-01     16.091     62.772  42.195058    -0.2255     3.1857     8.5961   999.8730     11.199      7.722 0.0000e+00
      7.886      0.023    54.3838     1.0095      8.823 1.2347e-01     16.091     62.791  42.207762    -0.2140     3.0854     8.5973   999.8730     11.219      7.736 0.0000e+00
      7.894      0.022    54.2293     1.0197      8.758 1.2350e-01     16.092     62.793  42.208917    -0.2410     3.0515     8.6013   999.8728     11.231      7.744 0.0000e+00
      7.897      0.021    53.7422     1.0225      8.713 1.2355e-01     16.092     62.793  42.209022    -0.2465     3.1885     8.6060   999.8724     11.232      7.744 0.0000e+00
      7.898      0.018    53.4843     1.0295      8.718 1.2359e-01     16.092     62.792  42.209031    -0.2230     3.3684     8.6087   999.8722     11.233      7.744 0.0000e+00
      7.902      0.017    53.6924     1.0360      8.725 1.2363e-01     16.092     62.790  42.209023    -0.2151     3.3374     8.6081   999.8723     11.239      7.749 0.0000e+00
      7.908      0.019    54.1074     1.0184      8.726 1.2358e-01     16.092     62.789  42.208919    -0.2181     3.2606     8.6070   999.8724     11.248      7.755 0.0000e+00
