Data/DataNotYetUploadedToEDI/Raw_CTD/RawDownloads/061121_fcr50.cnv
* Sea-Bird SBE19plus  Data File:
* FileName = C:\R\Reservoirs\Data\DataNotYetUploadedToEDI\Raw_CTD\RawDownloads\061121_fcr50_0001.hex
* Software version 2.8.0.119
* Temperature SN = 7809
* Conductivity SN = 7809
* System UpLoad Time = Jun 11 2021 19:27:14
* <ApplicationData>
* <Seaterm232>
# nquan = 16
# nvalues = 2206                        
# units = specified
# name 0 = depFM: Depth [fresh water, m]
# name 1 = dz/dtM: Descent Rate [m/s]
# name 2 = orp: Oxidation Reduction Potential [mV]
# name 3 = sbeox0Mg/L: Oxygen, SBE 43 [mg/l]
# name 4 = sbeox0PS: Oxygen, SBE 43 [% saturation]
# name 5 = par/sat/log: PAR/Logarithmic, Satlantic
# name 6 = ph: pH
# name 7 = specc: Specific Conductance [uS/cm]
# name 8 = c0uS/cm: Conductivity [uS/cm]
# name 9 = flECO-AFL: Fluorescence, WET Labs ECO-AFL/FL [mg/m^3]
# name 10 = turbWETntu0: Turbidity, WET Labs ECO [NTU]
# name 11 = tv290C: Temperature [ITS-90, deg C]
# name 12 = density00: Density [density, kg/m^3]
# name 13 = prdE: Pressure, Strain Gauge [psi]
# name 14 = prdM: Pressure, Strain Gauge [db]
# name 15 = flag:  0.000e+00
# span 0 =     -0.682,      9.728       
# span 1 =     -0.219,      0.143       
# span 2 =  -103.1523,  1240.2295       
# span 3 =     0.6485,    15.2624       
# span 4 =      5.580,    187.112       
# span 5 = 1.2338e-01, 2.3464e+02       
# span 6 =     15.510,     16.037       
# span 7 =      2.481,    174.814       
# span 8 =   2.264320, 116.828710       
# span 9 =    -1.0305,     5.7245       
# span 10 =    -0.4555,   197.9926      
# span 11 =     8.3110,    27.7934      
# span 12 =   996.3051,   999.9367      
# span 13 =     -0.972,     13.836      
# span 14 =     -0.670,      9.540      
# span 15 = 0.0000e+00, 0.0000e+00      
# interval = seconds: 0.25
# start_time = Jun 10 2021 05:13:05 [Instrument's time stamp, header]
# bad_flag = -9.990e-29
*END*
[from data line 1628]
      8.366     -0.080  -102.3145     0.7549      6.597 1.2363e-01     15.993     90.520  60.502935    -0.2416    18.9257     8.4159   999.8977     11.898      8.203 0.0000e+00
      8.343     -0.063  -101.9816     0.7537      6.539 1.2358e-01     15.993     89.822  60.034083    -0.2646    19.2092     8.4166   999.8975     11.862      8.178 0.0000e+00
      8.328     -0.046  -101.8312     0.7610      6.521 1.2353e-01     15.994     89.274  59.664220    -0.2715    19.1607     8.4177   999.8973     11.837      8.162 0.0000e+00
      8.324     -0.031  -101.9582     0.7733      6.550 1.2359e-01     15.994     88.978  59.461909    -0.2485    18.6482     8.4183   999.8973     11.838      8.162 0.0000e+00
      8.325     -0.016  -102.0547     0.7802      6.576 1.2368e-01     15.995     88.936  59.430477    -0.2155    17.7842     8.4179   999.8971     11.845      8.167 0.0000e+00
      8.324     -0.006  -102.0508     0.7616      6.616 1.2372e-01     15.995     88.911  59.411243    -0.1969    17.2632     8.4164   999.8969     11.840      8.164 0.0000e+00
      8.320     -0.000  -102.0836     0.7615      6.624 1.2365e-01     15.994     88.736  59.292873    -0.1949    17.1553     8.4141   999.8968     11.832      8.159 0.0000e+00
      8.320      0.001  -102.1933     0.7712      6.611 1.2359e-01     15.993     88.608  59.206442    -0.2202    17.1665     8.4117   999.8968     11.832      8.158 0.0000e+00
      8.323      0.004  -102.4316     0.7665      6.599 1.2358e-01     15.993     88.589  59.192156    -0.2549    17.1929     8.4096   999.8970     11.838      8.161 0.0000e+00
      8.325      0.009  -102.6411     0.7795      6.572 1.2357e-01     15.993     88.389  59.056603    -0.2710    17.2001     8.4083   999.8972     11.843      8.166 0.0000e+00
      8.326      0.014  -102.4903     0.7773      6.580 1.2360e-01     15.993     88.068  58.838147    -0.2621    17.1158     8.4076   999.8971     11.844      8.165 0.0000e+00
      8.327      0.019  -102.2425     0.7732      6.615 1.2360e-01     15.994     87.982  58.774491    -0.2717    15.8308     8.4073   999.8970     11.842      8.164 0.0000e+00
      8.333      0.021  -102.3983     0.7771      6.618 1.2354e-01     15.994     88.023  58.795201    -0.3205    13.4383     8.4069   999.8971     11.848      8.169 0.0000e+00
      8.344      0.022  -102.7394     0.7669      6.596 1.2352e-01     15.993     87.998  58.770889    -0.3553    12.1190     8.4058   999.8972     11.867      8.181 0.0000e+00
      8.355      0.022  -102.7534     0.7696      6.571 1.2361e-01     15.992     87.858  58.671127    -0.3497    11.9987     8.4033   999.8972     11.886      8.194 0.0000e+00
      8.360      0.020  -102.5669     0.7784      6.563 1.2367e-01     15.993     87.769  58.605492    -0.3288    11.9496     8.3999   999.8975     11.893      8.200 0.0000e+00
      8.360      0.010  -102.5499     0.7771      6.613 1.2365e-01     15.994     87.785  58.612608    -0.3216    11.8341     8.3956   999.8978     11.889      8.197 0.0000e+00
      8.362     -0.008  -102.7190     0.7731      6.669 1.2359e-01     15.994     87.624  58.503032    -0.3296    11.7696     8.3912   999.8981     11.890      8.198 0.0000e+00
      8.367     -0.029  -102.8054     0.7716      6.659 1.2356e-01     15.994     87.601  58.487725    -0.3396    11.9261     8.3876   999.8983     11.904      8.207 0.0000e+00
      8.366     -0.050  -102.7338     0.7656      6.623 1.2356e-01     15.994     87.889  58.681662    -0.3094    13.6906     8.3841   999.8984     11.909      8.210 0.0000e+00
      8.347     -0.068  -102.7136     0.7744      6.582 1.2357e-01     15.994     88.084  58.814892    -0.2405    16.8996     8.3819   999.8986     11.882      8.192 0.0000e+00
      8.315     -0.084  -102.9048     0.7884      6.581 1.2355e-01     15.994     88.099  58.827959    -0.2033    18.6249     8.3806   999.8984     11.826      8.155 0.0000e+00
      8.282     -0.094  -103.0670     0.7799      6.639 1.2353e-01     15.994     88.015  58.776129    -0.2022    18.7227     8.3804   999.8982     11.774      8.118 0.0000e+00
      8.257     -0.097  -103.0401     0.7780      6.649 1.2356e-01     15.994     87.984  58.760021    -0.2086    18.7343     8.3816   999.8982     11.742      8.095 0.0000e+00
      8.235     -0.092  -103.0095     0.7719      6.638 1.2356e-01     15.994     88.073  58.823801    -0.2041    19.3153     8.3835   999.8980     11.714      8.077 0.0000e+00
      8.214     -0.084  -102.9554     0.7644      6.644 1.2351e-01     15.993     88.103  58.848421    -0.1761    20.4251     8.3856   999.8978     11.682      8.055 0.0000e+00
      8.193     -0.075  -102.9024     0.7855      6.637 1.2350e-01     15.993     87.935  58.740051    -0.1466    21.0640     8.3878   999.8975     11.650      8.032 0.0000e+00
      8.175     -0.068  -102.9713     0.7797      6.664 1.2350e-01     15.993     87.520  58.466495    -0.1343    21.2027     8.3902   999.8972     11.626      8.015 0.0000e+00
      8.158     -0.062  -102.9273     0.7754      6.726 1.2345e-01     15.994     87.035  58.145696    -0.1130    22.2743     8.3927   999.8971     11.603      8.000 0.0000e+00
      8.142     -0.054  -102.7145     0.7834      6.777 1.2344e-01     15.994     86.681  57.910799    -0.0803    24.3039     8.3954   999.8968     11.577      7.982 0.0000e+00
      8.130     -0.045  -102.6360     0.7738      6.762 1.2353e-01     15.993     86.304  57.659359    -0.0721    25.4869     8.3977   999.8966     11.560      7.970 0.0000e+00
      8.120     -0.035  -102.6662     0.7812      6.731 1.2359e-01     15.992     85.810  57.329076    -0.0721    25.9004     8.4000   999.8962     11.551      7.964 0.0000e+00
      8.110     -0.026  -102.4774     0.7875      6.759 1.2354e-01     15.993     85.364  57.030284    -0.0793    28.4798     8.4017   999.8958     11.535      7.953 0.0000e+00
      8.103     -0.017  -102.1599     0.7994      6.751 1.2352e-01     15.994     85.082  56.841904    -0.1115    33.0877     8.4026   999.8956     11.520      7.943 0.0000e+00
      8.103     -0.009  -102.1837     0.7948      6.662 1.2357e-01     15.993     84.684  56.576051    -0.1380    35.5392     8.4030   999.8955     11.523      7.945 0.0000e+00
      8.104     -0.003  -102.4202     0.7827      6.597 1.2364e-01     15.993     84.261  56.293365    -0.1506    35.5635     8.4027   999.8953     11.529      7.949 0.0000e+00
      8.104      0.002  -102.3523     0.7951      6.618 1.2366e-01     15.993     84.341  56.346122    -0.1693    33.6905     8.4022   999.8951     11.524      7.946 0.0000e+00
      8.105      0.005  -101.9643     0.7981      6.728 1.2359e-01     15.993     84.688  56.578705    -0.1924    30.2317     8.4022   999.8951     11.525      7.947 0.0000e+00
      8.108      0.006  -101.7729     0.7777      6.802 1.2354e-01     15.992     84.855  56.691552    -0.2009    28.3162     8.4021   999.8950     11.535      7.953 0.0000e+00
      8.110      0.005  -101.9313     0.7708      6.752 1.2352e-01     15.992     84.762  56.630606    -0.2040    27.9370     8.4019   999.8947     11.536      7.954 0.0000e+00
      8.110      0.003  -102.0731     0.7707      6.727 1.2351e-01     15.992     84.625  56.540599    -0.2305    26.3341     8.4019   999.8949     11.534      7.953 0.0000e+00
      8.112     -0.003  -102.0242     0.7880      6.737 1.2352e-01     15.991     84.647  56.556176    -0.2641    23.5261     8.4020   999.8951     11.538      7.955 0.0000e+00
      8.113     -0.014  -101.9432     0.8107      6.727 1.2355e-01     15.991     84.660  56.564841    -0.2668    22.0017     8.4028   999.8950     11.541      7.957 0.0000e+00
      8.112     -0.029  -101.8675     0.7841      6.711 1.2359e-01     15.992     84.591  56.518326    -0.2544    21.7731     8.4039   999.8950     11.539      7.956 0.0000e+00
      8.107     -0.046  -101.7971     0.7878      6.679 1.2369e-01     15.993     84.566  56.501968    -0.2570    20.6595     8.4044   999.8948     11.534      7.953 0.0000e+00
      8.094     -0.064  -101.7805     0.7935      6.695 1.2376e-01     15.993     84.647  56.557643    -0.2695    18.5968     8.4050   999.8947     11.518      7.942 0.0000e+00
      8.070     -0.079  -101.6662     0.7845      6.691 1.2375e-01     15.993     84.830  56.683278    -0.2817    17.4326     8.4052   999.8946     11.481      7.916 0.0000e+00
      8.042     -0.088  -101.5339     0.7934      6.673 1.2369e-01     15.992     85.019  56.814024    -0.2801    17.3631     8.4049   999.8944     11.438      7.887 0.0000e+00
      8.012     -0.091  -101.6436     0.7751      6.758 1.2365e-01     15.991     85.093  56.867959    -0.2697    17.5162     8.4048   999.8943     11.397      7.857 0.0000e+00
      7.985     -0.091  -101.8751     0.7877      6.838 1.2365e-01     15.991     85.121  56.890723    -0.2701    18.7696     8.4056   999.8941     11.354      7.827 0.0000e+00
      7.965     -0.087  -101.8370     0.7892      6.831 1.2363e-01     15.992     85.127  56.898686    -0.2847    21.0842     8.4076   999.8940     11.323      7.807 0.0000e+00
      7.951     -0.082  -101.6138     0.7708      6.786 1.2356e-01     15.992     84.933  56.773661    -0.2941    22.3616     8.4106   999.8938     11.312      7.800 0.0000e+00
      7.933     -0.077  -101.4990     0.7953      6.750 1.2352e-01     15.991     84.741  56.649588    -0.2781    22.5068     8.4135   999.8936     11.289      7.783 0.0000e+00
      7.908     -0.074  -101.8260     0.8064      6.765 1.2353e-01     15.991     84.668  56.605548    -0.2440    22.5658     8.4158   999.8933     11.244      7.752 0.0000e+00
      7.885     -0.073  -102.4698     0.8013      6.827 1.2358e-01     15.991     84.401  56.431755    -0.2068    22.5945     8.4178   999.8931     11.209      7.729 0.0000e+00
      7.870     -0.071  -102.5716     0.7952      6.853 1.2363e-01     15.990     83.953  56.136412    -0.1906    22.5788     8.4205   999.8927     11.194      7.718 0.0000e+00
      7.855     -0.067  -102.2831     0.7893      6.856 1.2366e-01     15.989     83.489  55.829672    -0.2006    22.4107     8.4234   999.8923     11.176      7.705 0.0000e+00
      7.838     -0.062  -102.2506     0.7882      6.879 1.2367e-01     15.990     83.115  55.581571    -0.2324    20.9402     8.4259   999.8922     11.148      7.686 0.0000e+00
      7.821     -0.059  -102.3511     0.8037      6.864 1.2358e-01     15.990     82.877  55.423468    -0.2693    18.3252     8.4284   999.8918     11.121      7.667 0.0000e+00
      7.806     -0.057  -102.2931     0.8049      6.808 1.2353e-01     15.990     82.716  55.315568    -0.2750    16.9202     8.4311   999.8913     11.103      7.654 0.0000e+00
      7.793     -0.054  -102.1521     0.7989      6.775 1.2358e-01     15.990     82.683  55.293303    -0.2633    16.7933     8.4333   999.8910     11.087      7.643 0.0000e+00
      7.780     -0.053  -102.1089     0.8103      6.797 1.2360e-01     15.990     82.667  55.281308    -0.2621    16.9279     8.4348   999.8907     11.065      7.629 0.0000e+00
      7.767     -0.054  -102.1149     0.8057      6.824 1.2362e-01     15.989     82.502  55.170538    -0.2694    17.2084     8.4355   999.8905     11.047      7.617 0.0000e+00
      7.756     -0.058  -102.2246     0.7965      6.824 1.2361e-01     15.989     82.394  55.097378    -0.2756    17.3353     8.4353   999.8904     11.032      7.607 0.0000e+00
      7.742     -0.063  -102.3165     0.7903      6.856 1.2356e-01     15.990     82.487  55.158994    -0.2792    17.2605     8.4349   999.8903     11.012      7.593 0.0000e+00
      7.725     -0.068  -102.1082     0.7956      6.904 1.2353e-01     15.991     82.572  55.216807    -0.2939    16.2019     8.4345   999.8903     10.989      7.577 0.0000e+00
      7.705     -0.073  -102.0291     0.8033      6.911 1.2354e-01     15.991     82.200  54.970608    -0.3200    14.1832     8.4338   999.8901     10.960      7.557 0.0000e+00
      7.684     -0.076  -102.3924     0.7959      6.875 1.2359e-01     15.990     81.729  54.659498    -0.3365    13.0401     8.4331   999.8900     10.928      7.535 0.0000e+00
      7.664     -0.076  -102.6290     0.8020      6.826 1.2366e-01     15.990     81.773  54.694738    -0.3409    12.8869     8.4329   999.8901     10.901      7.516 0.0000e+00
      7.644     -0.072  -102.4809     0.8125      6.856 1.2368e-01     15.990     81.865  54.761525    -0.3444    12.8104     8.4332   999.8900     10.875      7.499 0.0000e+00
      7.622     -0.067  -102.1505     0.8099      6.926 1.2361e-01     15.990     81.585  54.577761    -0.3314    12.4934     8.4344   999.8897     10.837      7.473 0.0000e+00
      7.603     -0.062  -101.9030     0.8090      6.918 1.2353e-01     15.990     81.095  54.251399    -0.2990    11.9379     8.4371   999.8891     10.806      7.450 0.0000e+00
      7.594     -0.058  -101.9842     0.7933      6.845 1.2353e-01     15.990     80.893  54.118497    -0.2869    11.6219     8.4408   999.8890     10.801      7.447 0.0000e+00
      7.586     -0.053  -102.1852     0.7998      6.790 1.2356e-01     15.990     80.976  54.177731    -0.2985    11.5216     8.4450   999.8887     10.796      7.444 0.0000e+00
      7.571     -0.049  -101.9252     0.8177      6.810 1.2359e-01     15.990     80.821  54.078338    -0.3157    11.1032     8.4468   999.8884     10.769      7.426 0.0000e+00
      7.554     -0.047  -101.3349     0.8118      6.845 1.2364e-01     15.990     80.313  53.742484    -0.3330    10.4437     8.4469   999.8881     10.739      7.405 0.0000e+00
      7.542     -0.044  -101.2430     0.8023      6.864 1.2365e-01     15.990     79.732  53.356314    -0.3358    10.1388     8.4486   999.8878     10.725      7.394 0.0000e+00
      7.532     -0.038  -101.5020     0.7892      6.905 1.2360e-01     15.989     79.432  53.156662    -0.3402    10.1634     8.4513   999.8877     10.714      7.387 0.0000e+00
      7.521     -0.028  -101.3691     0.7975      6.939 1.2355e-01     15.989     79.075  52.916405    -0.3377    10.7749     8.4537   999.8874     10.696      7.374 0.0000e+00
      7.513     -0.017  -100.8407     0.8046      6.941 1.2352e-01     15.989     78.052  52.229769    -0.3062    11.9704     8.4562   999.8870     10.682      7.365 0.0000e+00
      7.512     -0.004  -100.4479     0.7999      6.923 1.2355e-01     15.988     76.810  51.396365    -0.2828    12.6704     8.4584   999.8866     10.682      7.366 0.0000e+00
      7.512      0.011  -100.4057     0.8102      6.890 1.2361e-01     15.988     76.175  50.969204    -0.2744    12.9568     8.4586   999.8865     10.686      7.368 0.0000e+00
      7.514      0.024  -100.5026     0.8142      6.868 1.2363e-01     15.988     75.944  50.812076    -0.2528    15.3303     8.4576   999.8866     10.685      7.367 0.0000e+00
      7.522      0.032  -100.7583     0.8128      6.851 1.2362e-01     15.988     75.690  50.639686    -0.2313    19.6683     8.4563   999.8863     10.694      7.374 0.0000e+00
      7.538      0.034  -101.0025     0.8126      6.836 1.2360e-01     15.989     75.824  50.726552    -0.2240    22.0113     8.4547   999.8858     10.719      7.390 0.0000e+00
      7.555      0.031  -100.8732     0.8050      6.839 1.2360e-01     15.990     76.387  51.100252    -0.2126    22.2009     8.4532   999.8859     10.751      7.412 0.0000e+00
      7.565      0.024  -100.3992     0.8050      6.891 1.2358e-01     15.990     76.477  51.157058    -0.1978    21.8921     8.4517   999.8861     10.766      7.423 0.0000e+00
      7.566      0.010   -99.8326     0.8023      6.992 1.2355e-01     15.990     76.107  50.905324    -0.1978    21.2642     8.4502   999.8859     10.761      7.420 0.0000e+00
      7.566     -0.010   -99.6146     0.8001      7.075 1.2356e-01     15.990     76.029  50.850922    -0.2131    20.9274     8.4478   999.8861     10.760      7.420 0.0000e+00
