Data/DataNotYetUploadedToEDI/Raw_CTD/RawDownloads/061125_ccr50_S8188003.cnv
* Sea-Bird SBE19plus  Data File:
* FileName = C:\R\Reservoirs\Data\DataNotYetUploadedToEDI\Raw_CTD\RawDownloads\060925_bvr50_S8188_0003.hex
* Software version 2.8.0.119
* Temperature SN = 8188
* Conductivity SN = 8188
* System UpLoad Time = Jun 25 2025 16:13:33
* <ApplicationData>
* <Seaterm232>
# nquan = 16
# nvalues = 4583                        
# units = specified
# name 0 = depFM: Depth [fresh water, m]
# name 1 = dz/dtM: Descent Rate [m/s]
# name 2 = sbeox0Mg/L: Oxygen, SBE 43 [mg/l]
# name 3 = sbeox0PS: Oxygen, SBE 43 [% saturation]
# name 4 = specc: Specific Conductance [uS/cm]
# name 5 = c0uS/cm: Conductivity [uS/cm]
# name 6 = wetCDOM: Fluorescence, WET Labs CDOM [mg/m^3]
# name 7 = flECO-AFL: Fluorescence, WET Labs ECO-AFL/FL [mg/m^3]
# name 8 = flECO-AFL1: Fluorescence, WET Labs ECO-AFL/FL, 2 [mg/m^3]
# name 9 = flECO-AFL2: Fluorescence, WET Labs ECO-AFL/FL, 3 [mg/m^3]
# name 10 = par/sat/log: PAR/Logarithmic, Satlantic
# name 11 = turbWETntu0: Turbidity, WET Labs ECO [NTU]
# name 12 = prdM: Pressure, Strain Gauge [db]
# name 13 = prdE: Pressure, Strain Gauge [psi]
# name 14 = tv290C: Temperature [ITS-90, deg C]
# name 15 = flag:  0.000e+00
# span 0 =     -0.395,     22.295       
# span 1 =     -0.383,      0.172       
# span 2 =    -0.3229,    10.2998       
# span 3 =     -2.829,    125.518       
# span 4 =  -1135.299,    167.749       
# span 5 =-961.998900, 115.084056       
# span 6 =    -4.5000,    56.1600       
# span 7 =    -2.4590,    11.1025       
# span 8 =    -2.1300,     3.7914       
# span 9 =    -2.9187,     2.7918       
# span 10 = 1.1582e-01, 2.4939e+03      
# span 11 =   -11.0200,   119.3787      
# span 12 =     -0.387,     21.864      
# span 13 =     -0.562,     31.711      
# span 14 =     9.2988,    32.6259      
# span 15 = 0.0000e+00, 0.0000e+00      
# interval = seconds: 0.25
# start_time = Jun 11 2025 12:15:31 [Instrument's time stamp, header]
# bad_flag = -9.990e-29
*END*
[from data line 724]
      0.775     -0.001     8.3872    102.405    107.631 108.093700    13.4100     0.0588     0.0426     0.1692 5.4037e+02    -0.5512      0.760      1.102    25.2122 0.0000e+00
      0.775     -0.001     8.3977    102.431    107.631 108.091594    13.4100     0.0664     0.0426     0.1692 4.4294e+02    -0.4757      0.759      1.102    25.2122 0.0000e+00
      0.775     -0.001     8.4085    102.379    107.624 108.083270    13.4100     0.0816     0.0852     0.2115 4.4332e+02    -0.4304      0.759      1.101    25.2114 0.0000e+00
      0.774     -0.001     8.4190    102.275    107.617 108.074507    13.4100     0.0664     0.0852     0.2115 4.4719e+02    -0.4908      0.759      1.101    25.2101 0.0000e+00
      0.774     -0.001     8.4269    102.159    107.606 108.062967    13.4100     0.1160     0.0852     0.2115 4.6645e+02    -0.5361      0.759      1.101    25.2087 0.0000e+00
      0.773     -0.001     8.4292    102.056    107.587 108.041575    13.4100     0.1694     0.0852     0.2115 4.5415e+02    -0.4606      0.758      1.100    25.2078 0.0000e+00
      0.773     -0.001     8.4249    101.983    107.564 108.016621    13.4100     0.1579     0.0852     0.2115 6.9892e+02    -0.4606      0.758      1.100    25.2073 0.0000e+00
      0.773     -0.001     8.4165    101.954    107.542 107.993446    13.5000     0.1236     0.0426     0.1269 7.3490e+02    -0.4606      0.758      1.100    25.2069 0.0000e+00
      0.773     -0.001     8.4070    101.973    107.527 107.975864    13.5000     0.1351     0.0426     0.1269 6.2615e+02    -0.5059      0.758      1.099    25.2063 0.0000e+00
      0.773     -0.001     8.3987    102.025    107.525 107.971183    13.5000     0.1160     0.0426     0.1269 4.6171e+02    -0.5210      0.758      1.099    25.2055 0.0000e+00
      0.772     -0.001     8.3928    102.078    107.534 107.978153    13.5000     0.1503     0.0426     0.1269 4.6251e+02    -0.5361      0.757      1.099    25.2047 0.0000e+00
      0.772     -0.001     8.3905    102.114    107.540 107.982641    13.4100     0.1503     0.0426     0.0000 5.5176e+02    -0.4606      0.757      1.098    25.2039 0.0000e+00
      0.772     -0.001     8.3923    102.129    107.537 107.977847    13.4100     0.1427     0.0426     0.0000 4.5365e+02    -0.4304      0.757      1.098    25.2029 0.0000e+00
      0.771     -0.001     8.3967    102.132    107.540 107.978484    13.4100     0.1427     0.0426     0.0000 4.6685e+02    -0.4757      0.756      1.097    25.2017 0.0000e+00
      0.771     -0.000     8.4013    102.140    107.559 107.996717    13.4100     0.1694     0.0426     0.0000 4.5951e+02    -0.5361      0.756      1.097    25.2006 0.0000e+00
      0.771     -0.000     8.4043    102.171    107.588 108.025414    13.4100     0.1351     0.0426     0.0423 4.7940e+02    -0.5210      0.756      1.097    25.1996 0.0000e+00
      0.771     -0.000     8.4057    102.226    107.625 108.062232    13.4100     0.1694     0.0426     0.0423 4.3502e+02    -0.4757      0.757      1.097    25.1988 0.0000e+00
      0.771     -0.000     8.4061    102.279    107.655 108.092998    13.4100     0.1122     0.0426     0.0423 4.4904e+02    -0.5512      0.757      1.097    25.1981 0.0000e+00
      0.771     -0.000     8.4068    102.302    107.660 108.097930    13.4100     0.1274     0.0426     0.0423 5.4830e+02    -0.4304      0.757      1.097    25.1975 0.0000e+00
      0.771     -0.000     8.4095    102.275    107.647 108.086339    13.4100     0.1351     0.0426     0.0846 4.5434e+02    -0.4002      0.756      1.097    25.1971 0.0000e+00
      0.771     -0.000     8.4140    102.205    107.632 108.073127    13.4100     0.0931     0.0426     0.0846 4.3949e+02    -0.4757      0.756      1.097    25.1970 0.0000e+00
      0.771     -0.000     8.4184    102.111    107.625 108.068764    13.4100     0.1312     0.0426     0.0846 4.7339e+02    -0.5210      0.756      1.097    25.1971 0.0000e+00
      0.772      0.000     8.4202    102.014    107.638 108.084082    13.4100     0.1656     0.0426     0.0846 4.3398e+02    -0.4304      0.757      1.097    25.1975 0.0000e+00
      0.772      0.000     8.4179    101.933    107.670 108.119167    13.4100     0.1312     0.0426     0.0846 4.7607e+02    -0.5361      0.757      1.097    25.1980 0.0000e+00
      0.771      0.000     8.4120    101.886    107.693 108.145393    13.4100     0.1503     0.0426     0.2538 4.6201e+02    -0.5059      0.757      1.097    25.1988 0.0000e+00
      0.771      0.000     8.4041    101.890    107.685 108.139765    13.4100     0.1389     0.0426     0.2538 6.0370e+02    -0.5210      0.756      1.097    25.1998 0.0000e+00
      0.771      0.000     8.3959    101.957    107.658 108.112777    13.4100     0.1427     0.0426     0.2538 4.3464e+02    -0.5059      0.756      1.097    25.2010 0.0000e+00
      0.771      0.000     8.3890    102.083    107.627 108.081224    13.4100     0.1274     0.0426     0.2538 8.5082e+02    -0.4002      0.756      1.097    25.2023 0.0000e+00
      0.771      0.000     8.3849    102.251    107.604 108.056682    13.4100     0.1389     0.0426     0.1269 4.2419e+02    -0.4606      0.756      1.097    25.2037 0.0000e+00
      0.771      0.000     8.3851    102.439    107.596 108.046601    13.4100     0.1579     0.0426     0.1269 4.6696e+02    -0.4455      0.756      1.097    25.2048 0.0000e+00
      0.771      0.000     8.3906    102.613    107.600 108.050291    13.4100     0.1389     0.0426     0.1269 4.9496e+02    -0.5210      0.756      1.097    25.2051 0.0000e+00
      0.771      0.000     8.4010    102.740    107.605 108.054742    13.4100     0.1541     0.0426     0.1269 4.6777e+02    -0.4606      0.756      1.096    25.2048 0.0000e+00
      0.771     -0.001     8.4149    102.805    107.608 108.059141    13.4100     0.1389     0.0426     0.0846 4.5110e+02    -0.4606      0.756      1.096    25.2042 0.0000e+00
      0.771     -0.001     8.4304    102.822    107.615 108.068661    13.4100     0.1579     0.0426     0.0846 4.8590e+02    -0.4606      0.756      1.096    25.2036 0.0000e+00
      0.770     -0.001     8.4449    102.818    107.617 108.073845    13.4100     0.1236     0.0426     0.0846 4.5771e+02    -0.4757      0.755      1.096    25.2030 0.0000e+00
      0.770     -0.001     8.4554    102.794    107.607 108.068078    13.4100     0.1770     0.0426     0.0846 4.6362e+02    -0.4455      0.755      1.096    25.2029 0.0000e+00
      0.770     -0.001     8.4606    102.733    107.589 108.053823    13.4100     0.1084     0.0426     0.0846 4.8484e+02    -0.4908      0.755      1.096    25.2034 0.0000e+00
      0.770      0.000     8.4619    102.633    107.580 108.049267    13.2300     0.1351     0.0426     0.0000 4.6463e+02    -0.4908      0.755      1.095    25.2046 0.0000e+00
      0.770      0.000     8.4613    102.516    107.590 108.063193    13.2300     0.1503     0.0426     0.0000 4.3654e+02    -0.5059      0.755      1.095    25.2062 0.0000e+00
      0.770      0.000     8.4590    102.420    107.595 108.069327    13.2300     0.1503     0.0426     0.0000 4.9014e+02    -0.5210      0.755      1.095    25.2080 0.0000e+00
      0.770      0.000     8.4537    102.381    107.591 108.065307    13.2300     0.1503     0.0426     0.0000 4.6889e+02    -0.5059      0.755      1.095    25.2101 0.0000e+00
      0.770      0.001     8.4452    102.408    107.608 108.080047    13.4100     0.1503     0.0426     0.0846 4.5971e+02    -0.3700      0.755      1.095    25.2121 0.0000e+00
      0.770      0.001     8.4352    102.481    107.630 108.099486    13.4100     0.1312     0.0426     0.0846 4.6665e+02    -0.5210      0.755      1.096    25.2138 0.0000e+00
      0.770      0.001     8.4272    102.552    107.628 108.094822    13.4100     0.1312     0.0426     0.0846 4.5474e+02    -0.5059      0.755      1.096    25.2145 0.0000e+00
      0.771      0.002     8.4240    102.575    107.622 108.086802    13.4100     0.1274     0.0426     0.0846 4.7391e+02    -0.4153      0.756      1.097    25.2142 0.0000e+00
      0.771      0.002     8.4264    102.532    107.624 108.087280    13.4100     0.1236     0.0426     0.1269 4.4924e+02    -0.4304      0.756      1.097    25.2132 0.0000e+00
      0.772      0.002     8.4326    102.430    107.613 108.074395    13.4100     0.1351     0.0426     0.1269 4.6594e+02    -0.4908      0.757      1.098    25.2120 0.0000e+00
      0.773      0.002     8.4386    102.287    107.597 108.056703    13.4100     0.1503     0.0426     0.1269 4.7960e+02    -0.5059      0.758      1.099    25.2109 0.0000e+00
      0.773      0.002     8.4407    102.138    107.588 108.047480    13.4100     0.1579     0.0426     0.1269 5.1448e+02    -0.5059      0.758      1.099    25.2100 0.0000e+00
      0.774      0.002     8.4373    102.023    107.575 108.034271    13.4100     0.1236     0.0000     0.1269 4.5178e+02    -0.4606      0.759      1.100    25.2091 0.0000e+00
      0.774      0.002     8.4290    101.967    107.571 108.029546    13.4100     0.1351     0.0000     0.1269 5.6242e+02    -0.5361      0.759      1.100    25.2082 0.0000e+00
      0.774      0.002     8.4174    101.969    107.582 108.038042    13.4100     0.1503     0.0000     0.1269 4.6161e+02    -0.4757      0.759      1.101    25.2076 0.0000e+00
      0.774      0.002     8.4051    102.004    107.584 108.036038    13.4100     0.1503     0.0000     0.1269 5.4167e+02    -0.4304      0.759      1.101    25.2073 0.0000e+00
      0.775      0.002     8.3957    102.031    107.582 108.028995    13.4100     0.1312     0.0000     0.1269 4.5061e+02    -0.5210      0.760      1.102    25.2072 0.0000e+00
      0.775      0.002     8.3911    102.017    107.590 108.031028    13.5000     0.1427     0.0426     0.0846 4.6322e+02    -0.3549      0.760      1.103    25.2069 0.0000e+00
      0.776      0.002     8.3914    101.963    107.596 108.030685    13.5000     0.1312     0.0426     0.0846 4.3559e+02    -0.5361      0.761      1.104    25.2060 0.0000e+00
      0.777      0.003     8.3946    101.890    107.582 108.011879    13.5000     0.1274     0.0426     0.0846 4.5365e+02    -0.5361      0.762      1.105    25.2041 0.0000e+00
      0.777      0.003     8.3972    101.822    107.561 107.987588    13.5000     0.1351     0.0426     0.0846 4.6352e+02    -0.4002      0.762      1.106    25.2015 0.0000e+00
      0.778      0.003     8.3966    101.784    107.554 107.977323    13.4100     0.1312     0.0426     0.1692 4.6081e+02    -0.4153      0.763      1.107    25.1987 0.0000e+00
      0.779      0.002     8.3925    101.794    107.552 107.974349    13.4100     0.1465     0.0426     0.1692 4.5971e+02    -0.5210      0.764      1.108    25.1960 0.0000e+00
      0.780      0.002     8.3868    101.865    107.550 107.971875    13.4100     0.1503     0.0426     0.1692 4.6767e+02    -0.5814      0.764      1.109    25.1938 0.0000e+00
      0.780      0.002     8.3815    101.992    107.549 107.971241    13.4100     0.1465     0.0426     0.1692 4.6251e+02    -0.4455      0.765      1.110    25.1921 0.0000e+00
      0.781      0.001     8.3785    102.146    107.558 107.980273    13.4100     0.1084     0.0426     0.0846 5.4014e+02    -0.5814      0.766      1.110    25.1909 0.0000e+00
      0.781      0.001     8.3795    102.271    107.579 108.003380    13.4100     0.1351     0.0426     0.0846 4.3512e+02    -0.5361      0.766      1.111    25.1902 0.0000e+00
      0.781      0.001     8.3853    102.320    107.600 108.026731    13.4100     0.1503     0.0426     0.0846 4.6503e+02    -0.5059      0.766      1.111    25.1900 0.0000e+00
      0.782      0.001     8.3958    102.290    107.612 108.042560    13.4100     0.1351     0.0426     0.0846 4.5513e+02    -0.4908      0.766      1.112    25.1901 0.0000e+00
      0.782      0.001     8.4085    102.209    107.618 108.055089    13.4100     0.1236     0.0426     0.0846 4.3768e+02    -0.5210      0.767      1.112    25.1904 0.0000e+00
      0.782      0.001     8.4186    102.108    107.622 108.067658    13.3200     0.1503     0.0000     0.0846 4.3701e+02    -0.4908      0.767      1.113    25.1910 0.0000e+00
      0.783      0.001     8.4225    102.014    107.626 108.079623    13.3200     0.1084     0.0000     0.0846 4.4943e+02    -0.4304      0.767      1.113    25.1922 0.0000e+00
      0.783      0.001     8.4197    101.944    107.625 108.086176    13.3200     0.0549     0.0000     0.0846 4.5071e+02    -0.4908      0.768      1.114    25.1942 0.0000e+00
      0.783      0.001     8.4126    101.910    107.622 108.089068    13.3200     0.1007     0.0000     0.0846 4.3060e+02    -0.5814      0.768      1.114    25.1972 0.0000e+00
      0.783      0.001     8.4037    101.918    107.632 108.103062    13.3200     0.0778     0.0426    -0.0423 5.1213e+02    -0.5512      0.768      1.114    25.2010 0.0000e+00
      0.784      0.000     8.3953    101.964    107.657 108.129891    13.3200     0.1312     0.0426    -0.0423 4.4506e+02    -0.5210      0.768      1.114    25.2049 0.0000e+00
      0.784      0.000     8.3890    102.037    107.673 108.146723    13.3200     0.1351     0.0426    -0.0423 4.9206e+02    -0.5210      0.768      1.114    25.2083 0.0000e+00
      0.784      0.000     8.3858    102.128    107.672 108.144052    13.3200     0.1312     0.0426    -0.0423 5.0407e+02    -0.4908      0.768      1.114    25.2109 0.0000e+00
      0.783      0.000     8.3862    102.224    107.660 108.129162    13.4100     0.1274     0.0426     0.0423 4.5139e+02    -0.4606      0.768      1.114    25.2127 0.0000e+00
      0.783      0.000     8.3898    102.305    107.644 108.110078    13.4100     0.0588     0.0426     0.0423 4.3682e+02    -0.4606      0.768      1.114    25.2136 0.0000e+00
      0.783      0.000     8.3958    102.347    107.625 108.089706    13.4100     0.0931     0.0426     0.0423 4.6981e+02    -0.4757      0.768      1.114    25.2136 0.0000e+00
      0.783      0.000     8.4034    102.344    107.605 108.068612    13.4100     0.0664     0.0426     0.0423 4.5365e+02    -0.5814      0.768      1.114    25.2129 0.0000e+00
      0.783     -0.001     8.4115    102.306    107.596 108.059162    13.4100     0.0778     0.0852     0.0846 4.5771e+02    -0.5210      0.768      1.114    25.2118 0.0000e+00
      0.783     -0.001     8.4183    102.263    107.592 108.056837    13.4100     0.0816     0.0852     0.0846 4.8643e+02    -0.4304      0.768      1.114    25.2106 0.0000e+00
      0.783     -0.001     8.4220    102.244    107.590 108.057020    13.4100     0.0664     0.0852     0.0846 4.3540e+02    -0.5059      0.768      1.113    25.2097 0.0000e+00
      0.783     -0.001     8.4218    102.247    107.608 108.077751    13.4100     0.0816     0.0852     0.0846 4.6635e+02    -0.5059      0.768      1.113    25.2092 0.0000e+00
      0.782     -0.001     8.4186    102.262    107.632 108.106566    13.4100     0.0855     0.0852     0.0846 4.3530e+02    -0.4908      0.767      1.113    25.2092 0.0000e+00
      0.782     -0.001     8.4151    102.286    107.641 108.121163    13.4100     0.0740     0.0852     0.0423 5.1526e+02    -0.5210      0.767      1.112    25.2097 0.0000e+00
      0.782     -0.001     8.4133    102.314    107.651 108.137428    13.4100     0.0588     0.0852     0.0423 4.6655e+02    -0.4606      0.767      1.112    25.2107 0.0000e+00
      0.782     -0.001     8.4133    102.339    107.684 108.179692    13.4100     0.0855     0.0852     0.0423 4.4593e+02    -0.5210      0.767      1.112    25.2124 0.0000e+00
      0.781     -0.001     8.4142    102.355    107.730 108.239233    13.4100     0.0740     0.0852     0.0423 4.7236e+02    -0.4757      0.766      1.111    25.2144 0.0000e+00
      0.781     -0.002     8.4158    102.363    107.759 108.287947    13.3200     0.0931     0.0852     0.0846 4.6817e+02    -0.5059      0.766      1.111    25.2169 0.0000e+00
