Data/DataNotYetUploadedToEDI/Raw_CTD/RawDownloads/061121_fcr50_0003.cnv
* Sea-Bird SBE19plus  Data File:
* FileName = C:\R\Reservoirs\Data\DataNotYetUploadedToEDI\Raw_CTD\RawDownloads\061121_fcr50_0003.hex
* Software version 2.8.0.119
* Temperature SN = 7809
* Conductivity SN = 7809
* System UpLoad Time = Jun 11 2021 19:30:28
* <ApplicationData>
* <Seaterm232>
# nquan = 16
# nvalues = 4867                        
# units = specified
# name 0 = depFM: Depth [fresh water, m]
# name 1 = dz/dtM: Descent Rate [m/s]
# name 2 = orp: Oxidation Reduction Potential [mV]
# name 3 = sbeox0Mg/L: Oxygen, SBE 43 [mg/l]
# name 4 = sbeox0PS: Oxygen, SBE 43 [% saturation]
# name 5 = par/sat/log: PAR/Logarithmic, Satlantic
# name 6 = ph: pH
# name 7 = specc: Specific Conductance [uS/cm]
# name 8 = c0uS/cm: Conductivity [uS/cm]
# name 9 = flECO-AFL: Fluorescence, WET Labs ECO-AFL/FL [mg/m^3]
# name 10 = turbWETntu0: Turbidity, WET Labs ECO [NTU]
# name 11 = tv290C: Temperature [ITS-90, deg C]
# name 12 = density00: Density [density, kg/m^3]
# name 13 = prdE: Pressure, Strain Gauge [psi]
# name 14 = prdM: Pressure, Strain Gauge [db]
# name 15 = flag:  0.000e+00
# span 0 =     -0.705,      9.636       
# span 1 =     -0.321,      0.066       
# span 2 =   -81.7400,   339.0893       
# span 3 =     1.4379,    12.0298       
# span 4 =     12.485,    143.251       
# span 5 = 1.2350e-01, 1.8044e+01       
# span 6 =     15.492,     16.025       
# span 7 =      0.866,    123.551       
# span 8 =   0.776444,  82.426768       
# span 9 =    -1.0326,     6.1072       
# span 10 =    -0.3610,   611.1268      
# span 11 =     8.3148,    25.9551      
# span 12 =   996.8165,   999.9199      
# span 13 =     -1.003,     13.706      
# span 14 =     -0.691,      9.450      
# span 15 = 0.0000e+00, 0.0000e+00      
# interval = seconds: 0.25
# start_time = Jun 10 2021 13:02:27 [Instrument's time stamp, header]
# bad_flag = -9.990e-29
*END*
[from data line 3797]
      8.985      0.010   -58.5257     1.8617     15.782 1.2371e-01     15.996     80.054  53.451618    -0.3933     0.9640     8.3869   999.8985     12.778      8.810 0.0000e+00
      8.989      0.009   -58.6427     1.8623     15.819 1.2377e-01     15.997     80.124  53.498763    -0.3983     0.9926     8.3851   999.8987     12.786      8.815 0.0000e+00
      8.990      0.008   -58.7539     1.8611     15.871 1.2382e-01     15.997     80.131  53.502868    -0.4100     0.9461     8.3827   999.8988     12.786      8.816 0.0000e+00
      8.990      0.008   -58.7516     1.8501     15.908 1.2376e-01     15.997     80.128  53.501244    -0.4202     0.9503     8.3813   999.8988     12.784      8.814 0.0000e+00
      8.992      0.009   -58.7008     1.8486     15.900 1.2370e-01     15.996     80.189  53.542650    -0.4172     1.0783     8.3831   999.8987     12.788      8.818 0.0000e+00
      8.994      0.010   -58.7421     1.8559     15.886 1.2371e-01     15.995     80.216  53.558892    -0.4013     1.1893     8.3835   999.8988     12.793      8.821 0.0000e+00
      8.995      0.011   -58.8203     1.8612     15.908 1.2366e-01     15.996     80.145  53.507069    -0.4000     1.2269     8.3817   999.8989     12.793      8.820 0.0000e+00
      8.998      0.011   -58.8727     1.8693     15.901 1.2361e-01     15.996     80.025  53.424189    -0.4301     1.2242     8.3826   999.8988     12.796      8.822 0.0000e+00
      9.004      0.010   -58.9449     1.8659     15.846 1.2365e-01     15.996     79.960  53.382503    -0.4698     1.1911     8.3843   999.8988     12.807      8.830 0.0000e+00
      9.009      0.009   -59.0050     1.8595     15.822 1.2368e-01     15.996     79.961  53.384141    -0.4798     1.1706     8.3827   999.8989     12.816      8.836 0.0000e+00
      9.009      0.008   -59.1696     1.8682     15.832 1.2366e-01     15.996     79.953  53.380487    -0.4654     1.1814     8.3786   999.8991     12.814      8.835 0.0000e+00
      9.008      0.006   -59.4718     1.8703     15.888 1.2369e-01     15.995     79.975  53.401839    -0.4387     1.1504     8.3765   999.8993     12.811      8.833 0.0000e+00
      9.010      0.005   -59.5621     1.8547     15.972 1.2375e-01     15.995     80.039  53.451763    -0.4138     1.0017     8.3790   999.8991     12.816      8.836 0.0000e+00
      9.012      0.006   -59.4003     1.8557     15.946 1.2376e-01     15.995     80.074  53.475989    -0.4133     0.8594     8.3797   999.8990     12.820      8.839 0.0000e+00
      9.012      0.007   -59.4092     1.8566     15.850 1.2379e-01     15.995     80.028  53.440699    -0.4227     0.8377     8.3784   999.8991     12.817      8.837 0.0000e+00
      9.013      0.007   -59.6696     1.8578     15.789 1.2380e-01     15.995     79.978  53.406159    -0.4223     0.8765     8.3839   999.8988     12.817      8.838 0.0000e+00
      9.017      0.008   -59.7953     1.8827     15.749 1.2371e-01     15.995     80.021  53.439469    -0.4086     0.9165     8.3915   999.8983     12.824      8.843 0.0000e+00
      9.021      0.009   -59.7238     1.8737     15.767 1.2363e-01     15.995     80.053  53.462362    -0.3994     0.9092     8.3913   999.8984     12.832      8.846 0.0000e+00
      9.022      0.009   -59.6656     1.8541     15.871 1.2366e-01     15.995     80.010  53.428889    -0.4071     0.8580     8.3852   999.8988     12.833      8.847 0.0000e+00
      9.023      0.009   -59.6945     1.8540     15.987 1.2370e-01     15.995     79.993  53.415832    -0.4158     0.8470     8.3837   999.8988     12.832      8.847 0.0000e+00
      9.026      0.008   -59.8148     1.8439     16.057 1.2374e-01     15.995     80.012  53.431526    -0.4084     0.8783     8.3904   999.8985     12.838      8.852 0.0000e+00
      9.029      0.008   -59.9161     1.8441     16.065 1.2377e-01     15.995     80.004  53.428091    -0.3943     0.9270     8.3922   999.8984     12.845      8.856 0.0000e+00
      9.030      0.009   -59.9721     1.8613     15.970 1.2377e-01     15.995     80.020  53.437822    -0.3985     0.9565     8.3851   999.8988     12.844      8.856 0.0000e+00
      9.031      0.009   -59.9758     1.8787     15.837 1.2379e-01     15.995     80.091  53.485677    -0.4117     0.9253     8.3837   999.8989     12.845      8.856 0.0000e+00
      9.034      0.008   -59.9609     1.8838     15.770 1.2376e-01     15.995     80.111  53.498564    -0.4106     0.8937     8.3889   999.8985     12.850      8.860 0.0000e+00
      9.037      0.008   -60.0506     1.8906     15.765 1.2368e-01     15.995     80.063  53.466604    -0.4037     0.9169     8.3895   999.8986     12.854      8.863 0.0000e+00
      9.039      0.008   -60.2000     1.8762     15.840 1.2367e-01     15.994     80.078  53.480349    -0.4049     0.9656     8.3873   999.8987     12.856      8.864 0.0000e+00
      9.041      0.008   -60.2182     1.8512     15.965 1.2372e-01     15.993     80.160  53.537731    -0.4060     0.9673     8.3888   999.8986     12.860      8.866 0.0000e+00
      9.043      0.008   -60.0128     1.8493     16.007 1.2375e-01     15.993     80.144  53.525248    -0.3983     0.9038     8.3887   999.8987     12.864      8.869 0.0000e+00
      9.044      0.008   -59.8675     1.8453     15.992 1.2377e-01     15.995     80.044  53.456442    -0.3969     0.8499     8.3874   999.8987     12.863      8.870 0.0000e+00
      9.046      0.008   -60.0102     1.8522     16.005 1.2374e-01     15.997     80.056  53.467991    -0.3991     0.8991     8.3901   999.8985     12.865      8.869 0.0000e+00
      9.049      0.008   -60.1894     1.8796     16.015 1.2370e-01     15.997     80.156  53.537857    -0.3956     0.9839     8.3937   999.8984     12.872      8.875 0.0000e+00
      9.052      0.008   -60.1408     1.8803     16.007 1.2370e-01     15.996     80.159  53.539005    -0.3931     0.9816     8.3913   999.8985     12.877      8.878 0.0000e+00
      9.054      0.007   -60.0258     1.8711     15.967 1.2368e-01     15.995     80.072  53.481867    -0.3983     0.9404     8.3876   999.8987     12.876      8.878 0.0000e+00
      9.056      0.006   -60.0885     1.8797     15.912 1.2365e-01     15.995     80.065  53.482172    -0.4198     0.8976     8.3924   999.8984     12.880      8.881 0.0000e+00
      9.058      0.005   -60.2110     1.8776     15.929 1.2361e-01     15.995     80.153  53.542690    -0.4330     0.8767     8.3962   999.8982     12.884      8.884 0.0000e+00
      9.059      0.005   -60.2159     1.8789     16.013 1.2361e-01     15.995     80.209  53.578427    -0.4247     0.9283     8.3925   999.8985     12.884      8.884 0.0000e+00
      9.059      0.005   -60.1474     1.8749     16.066 1.2367e-01     15.994     80.241  53.596690    -0.4150     0.9721     8.3927   999.8984     12.883      8.883 0.0000e+00
      9.059      0.006   -60.1575     1.8613     16.050 1.2372e-01     15.994     80.306  53.636469    -0.4107     0.9598     8.3982   999.8981     12.885      8.884 0.0000e+00
      9.060      0.008   -60.2524     1.8635     16.003 1.2369e-01     15.994     80.379  53.678281    -0.4114     0.9171     8.4001   999.8980     12.887      8.885 0.0000e+00
      9.063      0.009   -60.3475     1.8800     15.955 1.2367e-01     15.994     80.454  53.721135    -0.4229     0.8671     8.3970   999.8982     12.890      8.887 0.0000e+00
      9.066      0.011   -60.4479     1.8884     15.928 1.2374e-01     15.994     80.541  53.773505    -0.4271     0.8708     8.3955   999.8983     12.895      8.891 0.0000e+00
      9.070      0.011   -60.5189     1.8822     15.928 1.2385e-01     15.995     80.592  53.803336    -0.4041     0.9277     8.3945   999.8984     12.901      8.895 0.0000e+00
      9.073      0.010   -60.5188     1.8776     15.953 1.2387e-01     15.996     80.633  53.827755    -0.3926     0.9705     8.3891   999.8989     12.905      8.898 0.0000e+00
      9.075      0.010   -60.5320     1.8703     16.035 1.2383e-01     15.995     80.803  53.941714    -0.4028     0.9430     8.3836   999.8992     12.908      8.900 0.0000e+00
      9.077      0.010   -60.6789     1.8668     16.123 1.2382e-01     15.994     81.043  54.101405    -0.4225     0.9031     8.3803   999.8995     12.912      8.902 0.0000e+00
      9.079      0.010   -60.7464     1.8694     16.122 1.2378e-01     15.994     81.056  54.107106    -0.4500     0.9346     8.3775   999.8997     12.914      8.904 0.0000e+00
      9.080      0.010   -60.6590     1.8680     16.078 1.2370e-01     15.995     80.916  54.010646    -0.4581     0.9802     8.3757   999.8998     12.914      8.904 0.0000e+00
      9.084      0.009   -60.7411     1.8791     16.033 1.2366e-01     15.995     80.924  54.014908    -0.4546     0.9746     8.3763   999.8999     12.920      8.908 0.0000e+00
      9.088      0.008   -60.8789     1.8991     15.973 1.2371e-01     15.995     81.041  54.095120    -0.4456     0.9360     8.3770   999.9001     12.928      8.914 0.0000e+00
      9.091      0.008   -60.8623     1.8924     15.953 1.2377e-01     15.996     81.126  54.154759    -0.4253     0.8909     8.3746   999.9002     12.931      8.916 0.0000e+00
      9.091      0.007   -60.8848     1.8842     15.991 1.2376e-01     15.996     81.234  54.227857    -0.4084     0.8749     8.3714   999.9002     12.931      8.916 0.0000e+00
      9.092      0.006   -61.0648     1.8852     16.042 1.2372e-01     15.996     81.408  54.343762    -0.4044     0.9134     8.3712   999.9003     12.930      8.915 0.0000e+00
      9.093      0.006   -61.3181     1.8703     16.069 1.2369e-01     15.996     81.514  54.412810    -0.4051     0.9457     8.3736   999.9002     12.933      8.916 0.0000e+00
      9.094      0.007   -61.3657     1.8692     16.078 1.2371e-01     15.996     81.539  54.427525    -0.4076     0.9224     8.3750   999.9002     12.935      8.918 0.0000e+00
      9.097      0.008   -61.2109     1.8757     16.094 1.2378e-01     15.996     81.587  54.458164    -0.4161     0.8724     8.3758   999.9001     12.938      8.921 0.0000e+00
      9.100      0.009   -61.1671     1.8834     16.084 1.2374e-01     15.996     81.694  54.529185    -0.4121     0.8557     8.3763   999.9002     12.944      8.924 0.0000e+00
      9.103      0.009   -61.1806     1.8871     16.059 1.2365e-01     15.995     81.972  54.714555    -0.3967     0.9259     8.3745   999.9004     12.948      8.927 0.0000e+00
      9.105      0.010   -61.2019     1.8841     16.057 1.2365e-01     15.995     82.283  54.920904    -0.3925     1.0002     8.3727   999.9005     12.950      8.929 0.0000e+00
      9.106      0.010   -61.2515     1.8906     16.074 1.2367e-01     15.995     82.298  54.927960    -0.3999     0.9646     8.3722   999.9006     12.951      8.929 0.0000e+00
      9.108      0.010   -61.2644     1.8888     16.098 1.2367e-01     15.995     82.204  54.863390    -0.4089     0.8735     8.3722   999.9006     12.954      8.932 0.0000e+00
      9.113      0.010   -61.2722     1.8814     16.066 1.2369e-01     15.996     82.261  54.902449    -0.4164     0.8253     8.3721   999.9007     12.961      8.936 0.0000e+00
      9.117      0.009   -61.3451     1.8847     15.971 1.2370e-01     15.996     82.243  54.892051    -0.4136     0.8627     8.3712   999.9010     12.968      8.941 0.0000e+00
      9.120      0.008   -61.5440     1.8844     15.904 1.2373e-01     15.996     82.103  54.801194    -0.4032     0.9478     8.3687   999.9011     12.971      8.943 0.0000e+00
      9.121      0.007   -61.6977     1.8917     15.909 1.2376e-01     15.996     82.221  54.883752    -0.4054     0.9614     8.3676   999.9011     12.971      8.943 0.0000e+00
      9.122      0.007   -61.6552     1.8908     16.012 1.2376e-01     15.996     82.676  55.191517    -0.4214     0.8909     8.3689   999.9011     12.974      8.945 0.0000e+00
      9.122      0.007   -61.5460     1.8697     16.133 1.2375e-01     15.996     82.910  55.346304    -0.4343     0.8498     8.3698   999.9011     12.975      8.946 0.0000e+00
      9.122      0.007   -61.4966     1.8655     16.200 1.2373e-01     15.996     82.646  55.167239    -0.4278     0.8761     8.3706   999.9009     12.974      8.945 0.0000e+00
      9.124      0.007   -61.5738     1.8595     16.235 1.2373e-01     15.997     82.483  55.059142    -0.4094     0.9349     8.3738   999.9007     12.977      8.947 0.0000e+00
      9.129      0.007   -61.6191     1.8780     16.207 1.2372e-01     15.997     82.663  55.182705    -0.4037     0.9770     8.3773   999.9007     12.986      8.953 0.0000e+00
      9.132      0.007   -61.5274     1.8977     16.121 1.2368e-01     15.996     82.686  55.200245    -0.4254     1.0078     8.3760   999.9010     12.992      8.958 0.0000e+00
      9.133      0.006   -61.5845     1.8992     16.075 1.2370e-01     15.995     82.505  55.080651    -0.4619     1.0668     8.3723   999.9011     12.990      8.956 0.0000e+00
      9.133      0.006   -61.7078     1.9089     16.104 1.2373e-01     15.995     82.674  55.197694    -0.4731     1.1400     8.3728   999.9009     12.989      8.955 0.0000e+00
      9.135      0.006   -61.7269     1.9048     16.138 1.2368e-01     15.995     83.269  55.599052    -0.4654     1.2065     8.3770   999.9008     12.994      8.959 0.0000e+00
      9.135      0.007   -61.8157     1.8896     16.159 1.2365e-01     15.995     83.583  55.804503    -0.4539     1.1849     8.3779   999.9008     12.995      8.960 0.0000e+00
      9.135      0.009   -61.8352     1.8797     16.139 1.2368e-01     15.995     83.360  55.649063    -0.4302     1.0507     8.3764   999.9006     12.992      8.958 0.0000e+00
      9.138      0.009   -61.7040     1.8923     16.079 1.2372e-01     15.995     83.231  55.561795    -0.4175     0.9225     8.3809   999.9004     12.996      8.960 0.0000e+00
      9.143      0.009   -61.6919     1.8919     16.030 1.2372e-01     15.995     83.438  55.702210    -0.4052     0.9040     8.3858   999.9005     13.006      8.967 0.0000e+00
      9.147      0.009   -61.7751     1.8975     16.010 1.2369e-01     15.996     83.523  55.758732    -0.3860     0.9305     8.3812   999.9010     13.012      8.972 0.0000e+00
      9.148      0.008   -61.8497     1.8974     16.064 1.2368e-01     15.996     83.397  55.673496    -0.3865     0.9348     8.3747   999.9012     13.012      8.971 0.0000e+00
      9.149      0.007   -61.9053     1.8829     16.154 1.2369e-01     15.996     83.512  55.751511    -0.4011     0.9560     8.3752   999.9011     13.011      8.971 0.0000e+00
      9.152      0.006   -61.9308     1.8824     16.213 1.2365e-01     15.996     83.792  55.939727    -0.4192     0.9461     8.3783   999.9011     13.017      8.975 0.0000e+00
      9.153      0.006   -62.0728     1.8723     16.214 1.2357e-01     15.995     83.759  55.916452    -0.4237     0.9184     8.3777   999.9012     13.020      8.977 0.0000e+00
      9.154      0.007   -62.2460     1.8834     16.164 1.2357e-01     15.994     83.568  55.787713    -0.4084     0.9304     8.3755   999.9011     13.018      8.976 0.0000e+00
      9.156      0.007   -62.3037     1.8977     16.123 1.2361e-01     15.994     83.648  55.844203    -0.3962     0.9539     8.3773   999.9011     13.022      8.978 0.0000e+00
      9.159      0.007   -62.3401     1.9032     16.098 1.2366e-01     15.994     83.921  56.027748    -0.4001     0.9275     8.3798   999.9012     13.027      8.982 0.0000e+00
      9.160      0.008   -62.5140     1.9071     16.111 1.2374e-01     15.994     84.131  56.164759    -0.4086     0.8510     8.3771   999.9013     13.029      8.983 0.0000e+00
      9.161      0.009   -62.7720     1.8931     16.172 1.2377e-01     15.995     84.331  56.293832    -0.4217     0.8187     8.3755   999.9013     13.029      8.983 0.0000e+00
      9.163      0.009   -62.7919     1.8923     16.241 1.2376e-01     15.995     84.469  56.381385    -0.4355     0.8811     8.3794   999.9010     13.033      8.986 0.0000e+00
      9.166      0.009   -62.6687     1.8868     16.271 1.2376e-01     15.995     84.404  56.334000    -0.4225     0.9527     8.3809   999.9011     13.037      8.989 0.0000e+00
