Data/DataNotYetUploadedToEDI/Raw_CTD/RawDownloads/061121_fcr50_0003.cnv
* Sea-Bird SBE19plus  Data File:
* FileName = C:\R\Reservoirs\Data\DataNotYetUploadedToEDI\Raw_CTD\RawDownloads\061121_fcr50_0003.hex
* Software version 2.8.0.119
* Temperature SN = 7809
* Conductivity SN = 7809
* System UpLoad Time = Jun 11 2021 19:30:28
* <ApplicationData>
* <Seaterm232>
# nquan = 16
# nvalues = 4867                        
# units = specified
# name 0 = depFM: Depth [fresh water, m]
# name 1 = dz/dtM: Descent Rate [m/s]
# name 2 = orp: Oxidation Reduction Potential [mV]
# name 3 = sbeox0Mg/L: Oxygen, SBE 43 [mg/l]
# name 4 = sbeox0PS: Oxygen, SBE 43 [% saturation]
# name 5 = par/sat/log: PAR/Logarithmic, Satlantic
# name 6 = ph: pH
# name 7 = specc: Specific Conductance [uS/cm]
# name 8 = c0uS/cm: Conductivity [uS/cm]
# name 9 = flECO-AFL: Fluorescence, WET Labs ECO-AFL/FL [mg/m^3]
# name 10 = turbWETntu0: Turbidity, WET Labs ECO [NTU]
# name 11 = tv290C: Temperature [ITS-90, deg C]
# name 12 = density00: Density [density, kg/m^3]
# name 13 = prdE: Pressure, Strain Gauge [psi]
# name 14 = prdM: Pressure, Strain Gauge [db]
# name 15 = flag:  0.000e+00
# span 0 =     -0.705,      9.636       
# span 1 =     -0.321,      0.066       
# span 2 =   -81.7400,   339.0893       
# span 3 =     1.4379,    12.0298       
# span 4 =     12.485,    143.251       
# span 5 = 1.2350e-01, 1.8044e+01       
# span 6 =     15.492,     16.025       
# span 7 =      0.866,    123.551       
# span 8 =   0.776444,  82.426768       
# span 9 =    -1.0326,     6.1072       
# span 10 =    -0.3610,   611.1268      
# span 11 =     8.3148,    25.9551      
# span 12 =   996.8165,   999.9199      
# span 13 =     -1.003,     13.706      
# span 14 =     -0.691,      9.450      
# span 15 = 0.0000e+00, 0.0000e+00      
# interval = seconds: 0.25
# start_time = Jun 10 2021 13:02:27 [Instrument's time stamp, header]
# bad_flag = -9.990e-29
*END*
[from data line 2893]
      7.021      0.008     8.1723     1.5335     13.126 1.2370e-01     16.008     57.874  38.886045    -0.1920     1.2441     8.5942   999.8674      9.988      6.886 0.0000e+00
      7.022      0.008     8.1048     1.5168     13.199 1.2375e-01     16.007     57.875  38.886150    -0.2155     1.2166     8.5891   999.8677      9.986      6.885 0.0000e+00
      7.024      0.008     7.9188     1.5123     13.160 1.2366e-01     16.007     57.885  38.892402    -0.2724     1.1237     8.5927   999.8675      9.990      6.888 0.0000e+00
      7.027      0.008     7.8154     1.5122     13.112 1.2357e-01     16.009     57.895  38.898169    -0.2973     1.0819     8.5961   999.8673      9.995      6.892 0.0000e+00
      7.029      0.008     7.8869     1.5340     13.073 1.2360e-01     16.010     57.886  38.892398    -0.2785     1.1582     8.5929   999.8675      9.997      6.893 0.0000e+00
      7.031      0.009     7.9229     1.5497     13.035 1.2365e-01     16.009     57.872  38.886093    -0.2454     1.2560     8.5923   999.8676     10.000      6.895 0.0000e+00
      7.034      0.009     7.9064     1.5325     13.047 1.2370e-01     16.009     57.867  38.885415    -0.2402     1.2001     8.5939   999.8675     10.006      6.899 0.0000e+00
      7.035      0.008     7.7741     1.5306     13.119 1.2377e-01     16.009     57.867  38.884210    -0.2632     1.1005     8.5915   999.8677     10.007      6.900 0.0000e+00
      7.036      0.007     7.4411     1.5272     13.198 1.2381e-01     16.009     57.844  38.871510    -0.2859     1.1156     8.5896   999.8678     10.006      6.899 0.0000e+00
      7.039      0.007     7.1501     1.5179     13.195 1.2382e-01     16.009     57.816  38.858815    -0.2854     1.2119     8.5954   999.8675     10.012      6.903 0.0000e+00
      7.041      0.007     7.0952     1.5203     13.117 1.2375e-01     16.008     57.813  38.857660    -0.2574     1.2009     8.5988   999.8672     10.017      6.906 0.0000e+00
      7.042      0.007     7.2067     1.5290     13.034 1.2362e-01     16.008     57.818  38.857545    -0.2520     1.0854     8.5939   999.8675     10.016      6.906 0.0000e+00
      7.043      0.007     7.2078     1.5460     13.016 1.2361e-01     16.009     57.816  38.857421    -0.2686     1.1203     8.5963   999.8674     10.017      6.906 0.0000e+00
      7.046      0.006     7.0234     1.5425     13.085 1.2368e-01     16.009     57.809  38.856160    -0.2673     1.3129     8.6069   999.8666     10.023      6.911 0.0000e+00
      7.049      0.006     6.8704     1.5305     13.143 1.2368e-01     16.008     57.787  38.842304    -0.2643     1.4237     8.6056   999.8667     10.027      6.914 0.0000e+00
      7.049      0.007     6.8197     1.5189     13.138 1.2368e-01     16.008     57.752  38.816822    -0.2623     1.3272     8.5982   999.8672     10.026      6.913 0.0000e+00
      7.050      0.007     6.7547     1.5125     13.122 1.2373e-01     16.008     57.734  38.801934    -0.2707     1.1415     8.6015   999.8670     10.026      6.913 0.0000e+00
      7.052      0.008     6.6872     1.5284     13.105 1.2373e-01     16.008     57.719  38.789230    -0.2795     1.1353     8.6071   999.8666     10.030      6.916 0.0000e+00
      7.054      0.009     6.6047     1.5379     13.086 1.2369e-01     16.008     57.728  38.790155    -0.2643     1.3212     8.6065   999.8667     10.034      6.918 0.0000e+00
      7.057      0.010     6.3607     1.5317     13.113 1.2367e-01     16.008     57.768  38.813121    -0.2588     1.4312     8.6042   999.8668     10.036      6.921 0.0000e+00
      7.060      0.010     6.1458     1.5313     13.168 1.2366e-01     16.008     57.767  38.813025    -0.2797     1.2978     8.6021   999.8670     10.041      6.923 0.0000e+00
      7.064      0.010     6.0717     1.5307     13.188 1.2366e-01     16.008     57.726  38.788990    -0.3165     1.0138     8.6004   999.8671     10.047      6.927 0.0000e+00
      7.067      0.009     5.9809     1.5239     13.166 1.2366e-01     16.008     57.706  38.776400    -0.3221     0.8808     8.5962   999.8674     10.051      6.931 0.0000e+00
      7.067      0.008     5.9076     1.5283     13.110 1.2370e-01     16.008     57.725  38.787740    -0.2905     0.9603     8.5898   999.8679     10.052      6.931 0.0000e+00
      7.068      0.007     5.8745     1.5405     13.099 1.2381e-01     16.008     57.741  38.799166    -0.2871     1.0138     8.5909   999.8678     10.053      6.931 0.0000e+00
      7.071      0.006     5.8383     1.5396     13.189 1.2381e-01     16.008     57.721  38.787606    -0.3192     1.0122     8.5970   999.8674     10.058      6.935 0.0000e+00
      7.073      0.006     5.7282     1.5392     13.264 1.2375e-01     16.008     57.704  38.774912    -0.3443     1.0785     8.5968   999.8674     10.061      6.937 0.0000e+00
      7.073      0.006     5.5750     1.5294     13.241 1.2375e-01     16.008     57.701  38.772622    -0.3333     1.1633     8.5936   999.8676     10.059      6.936 0.0000e+00
      7.075      0.005     5.5349     1.5202     13.171 1.2376e-01     16.007     57.677  38.759918    -0.3008     1.2478     8.5961   999.8675     10.063      6.939 0.0000e+00
      7.077      0.005     5.5873     1.5416     13.138 1.2372e-01     16.008     57.657  38.748255    -0.2855     1.3100     8.5988   999.8673     10.067      6.941 0.0000e+00
      7.078      0.005     5.6060     1.5535     13.164 1.2367e-01     16.008     57.674  38.758545    -0.3010     1.2637     8.5949   999.8675     10.067      6.941 0.0000e+00
      7.079      0.006     5.5891     1.5476     13.200 1.2362e-01     16.008     57.670  38.757400    -0.3252     1.2032     8.5940   999.8676     10.067      6.941 0.0000e+00
      7.081      0.006     5.5552     1.5346     13.190 1.2366e-01     16.008     57.630  38.734405    -0.3212     1.2312     8.5999   999.8673     10.070      6.943 0.0000e+00
      7.083      0.007     5.4542     1.5298     13.127 1.2373e-01     16.008     57.630  38.734394    -0.3093     1.2233     8.6019   999.8671     10.074      6.946 0.0000e+00
      7.084      0.007     5.4870     1.5360     13.062 1.2375e-01     16.007     57.664  38.757274    -0.3151     1.1419     8.5982   999.8673     10.075      6.947 0.0000e+00
      7.086      0.007     5.6935     1.5427     13.092 1.2372e-01     16.007     57.649  38.757158    -0.3242     1.1060     8.5996   999.8672     10.078      6.948 0.0000e+00
      7.089      0.006     5.7150     1.5420     13.247 1.2370e-01     16.007     57.588  38.733003    -0.3441     1.0986     8.6067   999.8667     10.084      6.952 0.0000e+00
      7.090      0.006     5.4882     1.5317     13.345 1.2374e-01     16.007     57.551  38.719122    -0.3451     1.1551     8.6048   999.8669     10.086      6.954 0.0000e+00
      7.090      0.007     5.2732     1.5218     13.276 1.2374e-01     16.007     57.544  38.716271    -0.3273     1.2049     8.5992   999.8673     10.085      6.953 0.0000e+00
      7.091      0.007     5.1809     1.5172     13.150 1.2370e-01     16.007     57.518  38.698532    -0.3383     1.1173     8.6091   999.8666     10.086      6.954 0.0000e+00
      7.094      0.008     5.1465     1.5489     13.076 1.2373e-01     16.007     57.514  38.695051    -0.3639     1.0238     8.6300   999.8651     10.090      6.957 0.0000e+00
      7.096      0.009     5.1153     1.5665     13.086 1.2373e-01     16.008     57.594  38.737645    -0.3703     1.0011     8.6409   999.8644     10.093      6.959 0.0000e+00
      7.098      0.009     5.0622     1.5480     13.108 1.2367e-01     16.008     57.664  38.769234    -0.3584     1.0141     8.6378   999.8647     10.096      6.961 0.0000e+00
      7.101      0.009     5.0207     1.5318     13.116 1.2363e-01     16.007     57.658  38.759633    -0.3626     1.0094     8.6377   999.8646     10.099      6.963 0.0000e+00
      7.104      0.008     4.9568     1.5181     13.142 1.2363e-01     16.007     57.637  38.748487    -0.3828     0.9442     8.6425   999.8643     10.105      6.967 0.0000e+00
      7.107      0.007     4.8063     1.5273     13.175 1.2367e-01     16.007     57.659  38.761414    -0.3935     0.8782     8.6312   999.8651     10.110      6.970 0.0000e+00
      7.107      0.007     4.6643     1.5305     13.178 1.2367e-01     16.007     57.709  38.788999    -0.3963     0.8977     8.6091   999.8667     10.109      6.970 0.0000e+00
      7.108      0.008     4.6169     1.5286     13.151 1.2362e-01     16.008     57.775  38.828132    -0.3870     0.9737     8.6059   999.8669     10.109      6.970 0.0000e+00
      7.109      0.009     4.5768     1.5328     13.158 1.2361e-01     16.008     57.826  38.853739    -0.3870     0.9729     8.6154   999.8663     10.112      6.972 0.0000e+00
      7.111      0.010     4.4373     1.5379     13.198 1.2362e-01     16.008     57.831  38.844718    -0.4056     0.8883     8.6127   999.8665     10.114      6.974 0.0000e+00
      7.114      0.011     4.3068     1.5410     13.216 1.2366e-01     16.008     57.846  38.845992    -0.4111     0.7751     8.6040   999.8671     10.117      6.975 0.0000e+00
      7.119      0.011     4.2901     1.5313     13.205 1.2370e-01     16.008     57.880  38.869133    -0.3961     0.6681     8.6017   999.8673     10.126      6.981 0.0000e+00
      7.124      0.010     4.2355     1.5340     13.205 1.2370e-01     16.008     57.877  38.870631    -0.3777     0.6594     8.5966   999.8677     10.136      6.987 0.0000e+00
      7.125      0.008     3.9905     1.5422     13.245 1.2368e-01     16.007     57.865  38.864112    -0.3795     0.7037     8.5809   999.8688     10.136      6.988 0.0000e+00
      7.125      0.007     3.8228     1.5452     13.277 1.2363e-01     16.007     57.943  38.917248    -0.3995     0.7239     8.5707   999.8695     10.133      6.986 0.0000e+00
      7.126      0.006     3.9287     1.5415     13.237 1.2359e-01     16.008     58.077  39.005334    -0.4089     0.7322     8.5751   999.8692     10.136      6.988 0.0000e+00
      7.127      0.006     3.8952     1.5392     13.154 1.2358e-01     16.008     58.136  39.040576    -0.3977     0.7692     8.5794   999.8689     10.138      6.990 0.0000e+00
      7.128      0.007     3.6748     1.5460     13.110 1.2360e-01     16.007     58.120  39.025997    -0.3876     0.8279     8.5795   999.8689     10.138      6.990 0.0000e+00
      7.131      0.007     3.5873     1.5551     13.173 1.2363e-01     16.007     58.110  39.019462    -0.3923     0.7903     8.5802   999.8689     10.143      6.993 0.0000e+00
      7.135      0.007     3.5263     1.5474     13.300 1.2367e-01     16.007     58.115  39.025035    -0.4058     0.7258     8.5800   999.8690     10.150      6.998 0.0000e+00
      7.136      0.006     3.4528     1.5343     13.352 1.2370e-01     16.008     58.118  39.029910    -0.4088     0.7696     8.5745   999.8694     10.151      6.999 0.0000e+00
      7.137      0.006     3.4732     1.5261     13.290 1.2368e-01     16.008     58.186  39.078413    -0.3893     0.8051     8.5696   999.8697     10.150      6.998 0.0000e+00
      7.138      0.006     3.4286     1.5327     13.160 1.2362e-01     16.008     58.316  39.167183    -0.3706     0.7426     8.5710   999.8696     10.152      7.000 0.0000e+00
      7.139      0.007     3.2566     1.5592     13.078 1.2358e-01     16.008     58.389  39.214634    -0.3745     0.6661     8.5739   999.8694     10.154      7.001 0.0000e+00
      7.140      0.008     3.1146     1.5635     13.154 1.2365e-01     16.008     58.384  39.207844    -0.3789     0.7381     8.5762   999.8693     10.156      7.002 0.0000e+00
      7.143      0.008     3.0031     1.5550     13.287 1.2369e-01     16.008     58.389  39.212019    -0.3473     0.9264     8.5783   999.8692     10.159      7.004 0.0000e+00
      7.146      0.009     2.9405     1.5362     13.333 1.2363e-01     16.008     58.462  39.265120    -0.3070     1.0214     8.5803   999.8691     10.164      7.008 0.0000e+00
      7.149      0.011     2.9600     1.5161     13.285 1.2365e-01     16.008     58.582  39.342119    -0.2922     0.9940     8.5801   999.8692     10.170      7.012 0.0000e+00
      7.151      0.013     2.8949     1.5337     13.218 1.2372e-01     16.008     58.656  39.381350    -0.3020     0.9379     8.5738   999.8696     10.171      7.013 0.0000e+00
      7.153      0.013     2.6690     1.5578     13.233 1.2371e-01     16.008     58.635  39.358615    -0.3214     0.9608     8.5741   999.8695     10.172      7.013 0.0000e+00
      7.157      0.012     2.4663     1.5597     13.289 1.2368e-01     16.008     58.583  39.321115    -0.3160     1.0308     8.5827   999.8690     10.179      7.018 0.0000e+00
      7.162      0.011     2.4227     1.5540     13.310 1.2368e-01     16.007     58.561  39.308766    -0.3126     0.9944     8.5796   999.8693     10.188      7.025 0.0000e+00
      7.166      0.010     2.4863     1.5373     13.299 1.2368e-01     16.007     58.594  39.336246    -0.3289     0.8987     8.5668   999.8703     10.193      7.028 0.0000e+00
      7.167      0.010     2.5470     1.5434     13.243 1.2365e-01     16.008     58.685  39.399500    -0.3324     0.9040     8.5578   999.8709     10.194      7.029 0.0000e+00
      7.167      0.010     2.4680     1.5571     13.220 1.2364e-01     16.008     58.751  39.438850    -0.3252     1.0238     8.5566   999.8709     10.195      7.029 0.0000e+00
      7.168      0.010     2.3052     1.5525     13.239 1.2367e-01     16.008     58.754  39.431190    -0.3088     1.1453     8.5600   999.8707     10.194      7.029 0.0000e+00
      7.171      0.011     2.2135     1.5591     13.239 1.2371e-01     16.008     58.764  39.433813    -0.3057     1.1026     8.5652   999.8704     10.198      7.031 0.0000e+00
      7.176      0.012     2.2196     1.5432     13.251 1.2372e-01     16.008     58.820  39.470563    -0.3258     0.9191     8.5695   999.8701     10.208      7.038 0.0000e+00
      7.181      0.013     2.2066     1.5403     13.248 1.2371e-01     16.008     58.862  39.494697    -0.3414     0.7808     8.5642   999.8705     10.216      7.044 0.0000e+00
      7.184      0.013     2.1422     1.5515     13.219 1.2371e-01     16.008     58.834  39.471723    -0.3421     0.7703     8.5519   999.8714     10.217      7.044 0.0000e+00
      7.186      0.012     2.0436     1.5427     13.212 1.2369e-01     16.008     58.794  39.446677    -0.3252     0.8599     8.5483   999.8716     10.219      7.046 0.0000e+00
      7.191      0.010     1.8749     1.5499     13.228 1.2365e-01     16.008     58.784  39.445753    -0.3282     0.9030     8.5516   999.8714     10.228      7.052 0.0000e+00
      7.194      0.009     1.8241     1.5502     13.262 1.2365e-01     16.008     58.798  39.460557    -0.3584     0.8459     8.5471   999.8718     10.233      7.055 0.0000e+00
      7.194      0.009     1.9446     1.5424     13.299 1.2367e-01     16.008     58.851  39.498734    -0.3759     0.7865     8.5405   999.8722     10.232      7.054 0.0000e+00
      7.195      0.009     2.0416     1.5432     13.276 1.2370e-01     16.008     58.895  39.526514    -0.3687     0.8036     8.5432   999.8720     10.234      7.055 0.0000e+00
      7.196      0.010     1.9647     1.5456     13.226 1.2372e-01     16.008     58.924  39.542551    -0.3373     0.8813     8.5500   999.8716     10.235      7.057 0.0000e+00
      7.200      0.011     1.7025     1.5469     13.220 1.2377e-01     16.008     58.963  39.565690    -0.3204     0.9018     8.5547   999.8713     10.239      7.060 0.0000e+00
      7.204      0.011     1.4523     1.5584     13.257 1.2378e-01     16.008     58.944  39.552395    -0.3269     0.9482     8.5573   999.8711     10.248      7.065 0.0000e+00
      7.208      0.011     1.3483     1.5527     13.343 1.2373e-01     16.008     58.876  39.508751    -0.3394     1.0644     8.5558   999.8713     10.253      7.069 0.0000e+00
      7.211      0.010     1.3926     1.5407     13.401 1.2368e-01     16.008     58.917  39.545766    -0.3572     1.1055     8.5508   999.8716     10.256      7.071 0.0000e+00
