Data/DataNotYetUploadedToEDI/Raw_CTD/RawDownloads/061121_fcr50_0005.cnv
* Sea-Bird SBE19plus  Data File:
* FileName = C:\R\Reservoirs\Data\DataNotYetUploadedToEDI\Raw_CTD\RawDownloads\061121_fcr50_0005.hex
* Software version 2.8.0.119
* Temperature SN = 7809
* Conductivity SN = 7809
* System UpLoad Time = Jun 11 2021 19:32:16
* <ApplicationData>
* <Seaterm232>
# nquan = 16
# nvalues = 2630                        
# units = specified
# name 0 = depFM: Depth [fresh water, m]
# name 1 = dz/dtM: Descent Rate [m/s]
# name 2 = orp: Oxidation Reduction Potential [mV]
# name 3 = sbeox0Mg/L: Oxygen, SBE 43 [mg/l]
# name 4 = sbeox0PS: Oxygen, SBE 43 [% saturation]
# name 5 = par/sat/log: PAR/Logarithmic, Satlantic
# name 6 = ph: pH
# name 7 = specc: Specific Conductance [uS/cm]
# name 8 = c0uS/cm: Conductivity [uS/cm]
# name 9 = flECO-AFL: Fluorescence, WET Labs ECO-AFL/FL [mg/m^3]
# name 10 = turbWETntu0: Turbidity, WET Labs ECO [NTU]
# name 11 = tv290C: Temperature [ITS-90, deg C]
# name 12 = density00: Density [density, kg/m^3]
# name 13 = prdE: Pressure, Strain Gauge [psi]
# name 14 = prdM: Pressure, Strain Gauge [db]
# name 15 = flag:  0.000e+00
# span 0 =     -0.703,      9.600       
# span 1 =     -0.287,      0.103       
# span 2 = -1240.7455,   222.7152       
# span 3 =     0.9143,    13.1021       
# span 4 =      7.891,    159.715       
# span 5 = 1.2344e-01, 3.4557e+02       
# span 6 =     15.585,     16.081       
# span 7 =      1.041,     78.360       
# span 8 =   1.026026,  52.346728       
# span 9 =    -1.0209,     5.5324       
# span 10 =    -0.3630,   104.2609      
# span 11 =     8.3983,    25.6266      
# span 12 =   996.9038,   999.8998      
# span 13 =     -1.000,     13.656      
# span 14 =     -0.689,      9.415      
# span 15 = 0.0000e+00, 0.0000e+00      
# interval = seconds: 0.25
# start_time = Jun 10 2021 21:04:04 [Instrument's time stamp, header]
# bad_flag = -9.990e-29
*END*
[from data line 1085]
      3.997      0.016   217.3180     1.4194     12.220 1.2364e-01     16.034     36.780  26.495359    -0.4405     1.6368    11.1071   999.6302      5.684      3.919 0.0000e+00
      4.004      0.017   217.2766     1.3977     12.122 1.2366e-01     16.034     36.768  26.490032    -0.4544     1.6087    11.1347   999.6274      5.694      3.926 0.0000e+00
      4.011      0.017   217.3836     1.3689     12.034 1.2367e-01     16.034     36.756  26.488616    -0.4608     1.5778    11.1265   999.6283      5.709      3.936 0.0000e+00
      4.015      0.017   217.4073     1.3462     11.997 1.2364e-01     16.035     36.750  26.478246    -0.4504     1.6063    11.0428   999.6369      5.712      3.938 0.0000e+00
      4.016      0.017   217.4774     1.3536     11.974 1.2363e-01     16.035     36.780  26.491500    -0.4533     1.6439    10.9931   999.6419      5.710      3.937 0.0000e+00
      4.020      0.017   217.8009     1.3342     11.945 1.2367e-01     16.035     36.836  26.522001    -0.4670     1.6219    11.0232   999.6388      5.718      3.942 0.0000e+00
      4.024      0.017   218.1353     1.3220     11.860 1.2362e-01     16.035     36.864  26.529867    -0.4827     1.5455    11.0411   999.6371      5.725      3.947 0.0000e+00
      4.028      0.017   218.2506     1.3238     11.747 1.2356e-01     16.035     36.856  26.523157    -0.5007     1.4412    11.0195   999.6393      5.726      3.948 0.0000e+00
      4.035      0.016   218.2486     1.3176     11.690 1.2364e-01     16.035     36.816  26.504307    -0.5030     1.3910    11.0095   999.6403      5.739      3.956 0.0000e+00
      4.042      0.015   218.1107     1.3217     11.720 1.2371e-01     16.035     36.804  26.492258    -0.5108     1.3850    11.0029   999.6411      5.753      3.966 0.0000e+00
      4.045      0.013   218.0465     1.3094     11.766 1.2368e-01     16.036     36.852  26.504323    -0.5180     1.4371    10.9711   999.6444      5.753      3.966 0.0000e+00
      4.046      0.012   218.2460     1.2940     11.786 1.2364e-01     16.036     36.906  26.523298    -0.4949     1.5402    10.9708   999.6443      5.754      3.967 0.0000e+00
      4.047      0.010   218.4576     1.2835     11.789 1.2360e-01     16.036     36.916  26.531371    -0.4697     1.5669    11.0025   999.6411      5.758      3.970 0.0000e+00
      4.048      0.010   218.5404     1.2924     11.765 1.2356e-01     16.037     36.915  26.538499    -0.4520     1.5882    11.0020   999.6411      5.757      3.969 0.0000e+00
      4.051      0.010   218.4731     1.3011     11.772 1.2358e-01     16.037     36.930  26.546068    -0.4426     1.6267    10.9558   999.6459      5.760      3.971 0.0000e+00
      4.056      0.010   218.4183     1.3005     11.835 1.2362e-01     16.037     36.961  26.559456    -0.4515     1.6205    10.9154   999.6500      5.770      3.978 0.0000e+00
      4.059      0.011   218.5658     1.3060     11.922 1.2361e-01     16.038     36.994  26.573497    -0.4552     1.6164    10.9273   999.6487      5.775      3.981 0.0000e+00
      4.061      0.013   218.7948     1.2959     11.991 1.2362e-01     16.039     37.038  26.588977    -0.4494     1.6104    10.9537   999.6461      5.774      3.981 0.0000e+00
      4.062      0.015   218.8631     1.2971     11.974 1.2365e-01     16.039     37.111  26.619739    -0.4666     1.5486    10.9392   999.6476      5.778      3.984 0.0000e+00
      4.066      0.015   218.7032     1.3074     11.924 1.2365e-01     16.038     37.146  26.628261    -0.5015     1.4523    10.9251   999.6491      5.782      3.986 0.0000e+00
      4.071      0.016   218.5827     1.3156     11.941 1.2365e-01     16.038     37.140  26.628556    -0.5087     1.4083    10.9184   999.6498      5.787      3.990 0.0000e+00
      4.078      0.018   218.6968     1.3311     11.996 1.2365e-01     16.038     37.196  26.686753    -0.4959     1.4277    10.8941   999.6522      5.801      4.000 0.0000e+00
      4.084      0.020   218.9648     1.3268     12.031 1.2361e-01     16.039     37.296  26.761055    -0.4994     1.4815    10.8633   999.6553      5.810      4.007 0.0000e+00
      4.085      0.020   219.0695     1.3145     11.996 1.2360e-01     16.040     37.327  26.765768    -0.5136     1.5438    10.8264   999.6590      5.809      4.005 0.0000e+00
      4.088      0.019   218.9302     1.3210     11.870 1.2357e-01     16.039     37.299  26.743716    -0.5141     1.5969    10.8365   999.6581      5.812      4.007 0.0000e+00
      4.096      0.017   218.8290     1.3268     11.735 1.2353e-01     16.038     37.267  26.748145    -0.5061     1.6434    10.8811   999.6537      5.826      4.018 0.0000e+00
      4.104      0.017   218.8790     1.3324     11.660 1.2358e-01     16.037     37.237  26.755915    -0.5117     1.6597    10.8913   999.6527      5.841      4.028 0.0000e+00
      4.107      0.016   219.0182     1.3331     11.629 1.2367e-01     16.037     37.249  26.774279    -0.5248     1.6562    10.8399   999.6578      5.843      4.029 0.0000e+00
      4.108      0.015   219.1359     1.3139     11.593 1.2368e-01     16.037     37.275  26.779898    -0.5312     1.6693    10.8259   999.6592      5.841      4.027 0.0000e+00
      4.110      0.013   219.1827     1.2936     11.542 1.2366e-01     16.038     37.278  26.760395    -0.5222     1.6816    10.8871   999.6531      5.845      4.030 0.0000e+00
      4.115      0.012   219.2393     1.2860     11.519 1.2368e-01     16.038     37.348  26.792165    -0.5015     1.6671    10.9342   999.6484      5.853      4.036 0.0000e+00
      4.119      0.013   219.3046     1.2841     11.551 1.2370e-01     16.039     37.452  26.846852    -0.4811     1.6320    10.9505   999.6469      5.862      4.041 0.0000e+00
      4.121      0.014   219.2841     1.2821     11.591 1.2367e-01     16.040     37.485  26.850716    -0.4675     1.6003    10.9245   999.6496      5.861      4.042 0.0000e+00
      4.124      0.013   219.3352     1.2749     11.590 1.2365e-01     16.040     37.476  26.838860    -0.4697     1.5919    10.8830   999.6536      5.863      4.043 0.0000e+00
      4.129      0.012   219.4063     1.2707     11.555 1.2362e-01     16.039     37.457  26.830356    -0.4697     1.5998    10.8688   999.6551      5.873      4.049 0.0000e+00
      4.135      0.010   219.2843     1.2781     11.523 1.2360e-01     16.039     37.436  26.811340    -0.4768     1.5924    10.8435   999.6577      5.883      4.057 0.0000e+00
      4.136      0.008   219.2367     1.2862     11.501 1.2365e-01     16.040     37.438  26.799229    -0.5087     1.5718    10.8016   999.6618      5.883      4.057 0.0000e+00
      4.136      0.006   219.3463     1.2860     11.467 1.2370e-01     16.040     37.461  26.810761    -0.5209     1.5910    10.7985   999.6622      5.882      4.056 0.0000e+00
      4.137      0.004   219.4058     1.2786     11.425 1.2370e-01     16.040     37.469  26.823909    -0.5097     1.6524    10.8189   999.6601      5.885      4.058 0.0000e+00
      4.137      0.004   219.5249     1.2752     11.394 1.2367e-01     16.039     37.465  26.831342    -0.4976     1.6968    10.8146   999.6606      5.884      4.057 0.0000e+00
      4.137      0.008   219.6682     1.2753     11.373 1.2364e-01     16.038     37.452  26.837212    -0.4796     1.6811    10.7823   999.6637      5.883      4.057 0.0000e+00
      4.138      0.013   219.6759     1.2716     11.383 1.2359e-01     16.037     37.416  26.831467    -0.4644     1.6349    10.7743   999.6645      5.885      4.058 0.0000e+00
      4.141      0.018   219.6184     1.2646     11.438 1.2360e-01     16.036     37.385  26.825346    -0.4373     1.6183    10.7954   999.6624      5.887      4.059 0.0000e+00
      4.147      0.028   219.5747     1.2624     11.480 1.2366e-01     16.037     37.402  26.826649    -0.1902     1.6173    10.8025   999.6619      5.898      4.066 0.0000e+00
      4.156      0.038   219.6641     1.2580     11.442 1.2366e-01     16.040     37.518  26.847209     0.2629     1.5890    10.8239   999.6597      5.913      4.077 0.0000e+00
      4.163      0.045   219.9243     1.2563     11.330 1.2365e-01     16.044     37.702  26.883572     0.5113     1.5505    10.8539   999.6567      5.918      4.080 0.0000e+00
      4.176      0.048   220.2258     1.2655     11.280 1.2369e-01     16.047     37.810  26.885612     0.5342     1.5632    10.8834   999.6539      5.932      4.090 0.0000e+00
      4.197      0.048   220.4707     1.2717     11.340 1.2371e-01     16.049     37.835  26.871805     0.5872     1.6063    10.8940   999.6529      5.972      4.118 0.0000e+00
      4.215      0.048   220.5618     1.2732     11.385 1.2366e-01     16.049     37.880  26.906890     1.2089     1.6593    10.7969   999.6627      6.001      4.138 0.0000e+00
      4.225      0.051   220.7257     1.2562     11.344 1.2362e-01     16.048     37.982  26.992666     2.3582     1.7573    10.6361   999.6785      6.011      4.145 0.0000e+00
      4.229      0.055   221.2468     1.2498     11.247 1.2363e-01     16.047     38.127  27.084323     3.0009     1.8642    10.5280   999.6888      6.015      4.147 0.0000e+00
      4.236      0.056   221.7858     1.2684     11.197 1.2362e-01     16.049     38.248  27.127045     3.0958     1.9220    10.4939   999.6920      6.019      4.149 0.0000e+00
      4.252      0.057   222.1666     1.2731     11.229 1.2360e-01     16.052     38.316  27.128574     3.3329     1.9061    10.5065   999.6909      6.040      4.164 0.0000e+00
      4.278      0.062   222.4092     1.2675     11.220 1.2363e-01     16.053     38.408  27.166188     3.7607     1.8445    10.5443   999.6876      6.085      4.196 0.0000e+00
      4.302      0.067   222.5684     1.2517     11.133 1.2363e-01     16.053     38.569  27.264636     4.0046     1.7957    10.5390   999.6883      6.129      4.226 0.0000e+00
      4.313      0.067   222.7152     1.2434     11.054 1.2362e-01     16.053     38.650  27.303968     4.0606     1.8306    10.4579   999.6960      6.138      4.232 0.0000e+00
      4.321      0.062   222.6362     1.2599     11.020 1.2361e-01     16.053     38.611  27.261133     4.4475     1.9580    10.3851   999.7028      6.136      4.231 0.0000e+00
      4.340      0.056   222.3003     1.2606     11.026 1.2356e-01     16.053     38.694  27.317593     5.1442     2.0651    10.3576   999.7055      6.170      4.255 0.0000e+00
      4.363      0.054   221.9235     1.2445     11.047 1.2355e-01     16.054     38.914  27.479155     5.5124     2.0619    10.3479   999.7066      6.215      4.285 0.0000e+00
      4.374      0.053   221.6948     1.2361     11.029 1.2356e-01     16.054     39.040  27.565314     5.5324     2.0210    10.3198   999.7093      6.224      4.291 0.0000e+00
      4.380      0.048   221.5139     1.2344     11.000 1.2357e-01     16.055     39.013  27.534698     5.4148     2.0512    10.2898   999.7120      6.222      4.290 0.0000e+00
      4.393      0.039   221.1984     1.2339     11.007 1.2361e-01     16.056     38.960  27.489559     5.1883     2.1192    10.2911   999.7120      6.247      4.307 0.0000e+00
      4.409      0.032   220.8920     1.2409     10.978 1.2366e-01     16.056     39.020  27.526999     5.0539     2.1227    10.3121   999.7103      6.278      4.329 0.0000e+00
      4.417      0.030   220.7343     1.2374     10.904 1.2368e-01     16.055     39.324  27.733648     5.0201     2.0927    10.3093   999.7106      6.285      4.333 0.0000e+00
      4.418      0.030   220.5818     1.2282     10.836 1.2367e-01     16.055     39.749  28.021648     4.8851     2.1003    10.2806   999.7133      6.282      4.331 0.0000e+00
      4.420      0.028   220.4250     1.2383     10.812 1.2362e-01     16.055     39.866  28.091176     4.6317     2.1457    10.2752   999.7137      6.283      4.333 0.0000e+00
      4.426      0.027   220.3014     1.2332     10.847 1.2358e-01     16.055     39.751  28.003385     4.4837     2.1954    10.2730   999.7139      6.290      4.337 0.0000e+00
      4.440      0.028   220.1194     1.2220     10.872 1.2365e-01     16.056     39.887  28.101995     4.4691     2.1519    10.2622   999.7151      6.313      4.353 0.0000e+00
      4.452      0.030   219.9449     1.2151     10.843 1.2370e-01     16.056     40.212  28.331929     4.4654     2.0657    10.2479   999.7167      6.340      4.372 0.0000e+00
      4.457      0.030   219.8265     1.2092     10.786 1.2364e-01     16.057     40.283  28.372944     4.4484     2.1490    10.2252   999.7189      6.342      4.373 0.0000e+00
      4.459      0.025   219.6344     1.2197     10.753 1.2358e-01     16.057     40.074  28.217272     4.4254     2.3355    10.2155   999.7195      6.338      4.369 0.0000e+00
      4.466      0.020   219.4294     1.2233     10.765 1.2362e-01     16.056     39.903  28.099050     4.4061     2.3634    10.2241   999.7189      6.351      4.379 0.0000e+00
      4.475      0.016   219.2402     1.2182     10.768 1.2370e-01     16.056     39.783  28.021949     4.3773     2.2795    10.2344   999.7181      6.369      4.391 0.0000e+00
      4.479      0.013   218.8962     1.2108     10.764 1.2367e-01     16.056     39.630  27.919414     4.2300     2.2827    10.2162   999.7199      6.373      4.394 0.0000e+00
      4.479      0.010   218.5389     1.2037     10.745 1.2359e-01     16.056     39.557  27.874277     3.9792     2.3682    10.1949   999.7217      6.370      4.392 0.0000e+00
      4.480      0.007   218.3614     1.2121     10.697 1.2356e-01     16.056     39.522  27.856810     3.8441     2.3857    10.2065   999.7206      6.373      4.394 0.0000e+00
      4.481      0.004   218.2994     1.2088     10.686 1.2356e-01     16.055     39.389  27.771668     3.8270     2.3235    10.2184   999.7195      6.374      4.395 0.0000e+00
      4.481      0.004   218.2192     1.2075     10.683 1.2362e-01     16.055     39.321  27.732918     3.8955     2.3711    10.2216   999.7191      6.372      4.394 0.0000e+00
      4.483      0.006   217.9937     1.2111     10.654 1.2368e-01     16.055     39.537  27.895770     4.0535     2.5489    10.2291   999.7185      6.377      4.397 0.0000e+00
      4.485      0.009   217.7243     1.1953     10.614 1.2368e-01     16.055     39.807  28.091401     4.1537     2.6540    10.2397   999.7176      6.380      4.399 0.0000e+00
      4.485      0.012   217.5439     1.2000     10.582 1.2368e-01     16.055     39.876  28.131802     4.1725     2.6455    10.2510   999.7164      6.379      4.398 0.0000e+00
      4.488      0.015   217.2748     1.1999     10.590 1.2363e-01     16.055     39.900  28.130505     4.1188     2.5498    10.2603   999.7154      6.382      4.400 0.0000e+00
      4.495      0.019   216.9657     1.1942     10.601 1.2361e-01     16.055     40.025  28.202570     4.0187     2.4242    10.2770   999.7141      6.393      4.408 0.0000e+00
      4.501      0.024   216.9040     1.1914     10.605 1.2361e-01     16.056     40.195  28.305322     3.9827     2.4316    10.2904   999.7130      6.402      4.414 0.0000e+00
      4.506      0.029   216.8734     1.1821     10.617 1.2359e-01     16.056     40.301  28.357878     3.9891     2.4667    10.2759   999.7144      6.408      4.418 0.0000e+00
      4.512      0.034   216.6804     1.1898     10.610 1.2358e-01     16.057     40.385  28.393946     4.0186     2.4022    10.2464   999.7171      6.417      4.424 0.0000e+00
      4.520      0.035   216.5496     1.1907     10.589 1.2363e-01     16.058     40.450  28.424205     4.0922     2.3391    10.2284   999.7188      6.427      4.431 0.0000e+00
      4.534      0.034   216.4111     1.1894     10.604 1.2369e-01     16.058     40.440  28.406539     4.1544     2.3555    10.2131   999.7204      6.448      4.446 0.0000e+00
      4.549      0.030   216.2110     1.1946     10.656 1.2368e-01     16.058     40.398  28.370653     4.1794     2.4294    10.1799   999.7235      6.475      4.464 0.0000e+00
      4.557      0.025   216.0221     1.1950     10.687 1.2364e-01     16.058     40.311  28.307482     4.1557     2.4426    10.1481   999.7263      6.485      4.471 0.0000e+00
