Data/DataNotYetUploadedToEDI/Raw_CTD/RawDownloads/061322_bvr50_0004.cnv
* Sea-Bird SBE19plus  Data File:
* FileName = C:\R\Reservoirs\Data\DataNotYetUploadedToEDI\Raw_CTD\RawDownloads\061322_bvr01_0004.hex
* Software version 2.8.0.119
* Temperature SN = 7809
* Conductivity SN = 7809
* System UpLoad Time = Jun 14 2022 11:45:59
* <ApplicationData>
* <Seaterm232>
# nquan = 15
# nvalues = 770                         
# units = specified
# name 0 = depFM: Depth [fresh water, m]
# name 1 = dz/dtM: Descent Rate [m/s]
# name 2 = sbeox0Mg/L: Oxygen, SBE 43 [mg/l]
# name 3 = sbeox0PS: Oxygen, SBE 43 [% saturation]
# name 4 = specc: Specific Conductance [uS/cm]
# name 5 = c0uS/cm: Conductivity [uS/cm]
# name 6 = flECO-AFL: Fluorescence, WET Labs ECO-AFL/FL [mg/m^3]
# name 7 = ph: pH
# name 8 = orp: Oxidation Reduction Potential [mV]
# name 9 = par/sat/log: PAR/Logarithmic, Satlantic
# name 10 = turbWETntu0: Turbidity, WET Labs ECO [NTU]
# name 11 = prdM: Pressure, Strain Gauge [db]
# name 12 = prdE: Pressure, Strain Gauge [psi]
# name 13 = tv290C: Temperature [ITS-90, deg C]
# name 14 = flag:  0.000e+00
# span 0 =     -0.714,      8.535       
# span 1 =     -0.393,      0.175       
# span 2 =     0.0455,     9.7930       
# span 3 =      0.426,    122.308       
# span 4 =      1.009,    108.389       
# span 5 =   0.914194,  74.433957       
# span 6 =    -1.6197,     6.1853       
# span 7 =      7.222,      9.758       
# span 8 =  -171.2608,   177.2053       
# span 9 = 1.2330e-01, 2.1884e+03       
# span 10 =    -4.0209,    42.8319      
# span 11 =     -0.701,      8.370      
# span 12 =     -1.016,     12.140      
# span 13 =     9.3264,    27.0643      
# span 14 = 0.0000e+00, 0.0000e+00      
# interval = seconds: 0.25
# start_time = Jun 13 2022 09:45:55 [Instrument's time stamp, header]
# bad_flag = -9.990e-29
*END*
[from data line 579]
      4.620     -0.050     0.0556      0.464     72.049  50.622373     0.9341      7.413  -142.5480 1.3423e+00     1.4562      4.526      6.565    10.0835 0.0000e+00
      4.630     -0.061     0.0520      0.469     72.204  50.740219     0.9259      7.413  -142.5880 1.3362e+00     1.3860      4.545      6.591    10.0821 0.0000e+00
      4.627     -0.076     0.0560      0.462     72.352  50.849538     0.9086      7.412  -142.6791 1.3642e+00     1.3102      4.552      6.601    10.0870 0.0000e+00
      4.596     -0.094     0.0550      0.444     72.369  50.865313     0.8915      7.412  -142.8747 1.4156e+00     1.2902      4.515      6.548    10.1135 0.0000e+00
      4.547     -0.111     0.0492      0.439     72.190  50.740578     0.8933      7.412  -143.4910 1.4543e+00     1.2808      4.454      6.460    10.1336 0.0000e+00
      4.504     -0.126     0.0546      0.439     72.091  50.674051     0.8896      7.412  -144.0225 1.4759e+00     1.2313      4.411      6.398    10.1333 0.0000e+00
      4.475     -0.131     0.0526      0.457     71.843  50.505169     0.8961      7.411  -143.7938 1.4885e+00     1.2379      4.387      6.362    10.1382 0.0000e+00
      4.453     -0.126     0.0485      0.475     71.158  50.031304     0.9301      7.410  -143.8229 1.5034e+00     1.3265      4.369      6.336    10.1420 0.0000e+00
      4.426     -0.118     0.0504      0.473     70.215  49.386699     0.9511      7.410  -144.5467 1.5344e+00     1.3464      4.345      6.301    10.1402 0.0000e+00
      4.391     -0.112     0.0475      0.466     69.523  48.930136     0.9503      7.411  -145.0592 1.5747e+00     1.2733      4.306      6.246    10.1432 0.0000e+00
      4.356     -0.107     0.0514      0.455     69.331  48.826092     0.9371      7.411  -145.4598 1.6066e+00     1.2969      4.269      6.191    10.1468 0.0000e+00
      4.327     -0.096     0.0552      0.450     69.120  48.699849     0.9250      7.412  -145.9493 1.6252e+00     1.4261      4.242      6.152    10.1496 0.0000e+00
      4.303     -0.074     0.0525      0.451     68.160  48.038298     0.9284      7.414  -145.9012 1.6322e+00     1.5040      4.220      6.120    10.1619 0.0000e+00
      4.283     -0.047     0.0531      0.444     66.810  47.109076     0.9449      7.418  -145.6525 1.6417e+00     1.5550      4.198      6.089    10.1878 0.0000e+00
      4.269     -0.027     0.0506      0.446     66.392  46.855441     0.9663      7.421  -145.9537 1.6448e+00     1.5648      4.181      6.063    10.2124 0.0000e+00
      4.271     -0.024     0.0498      0.463     67.172  47.446244     0.9788      7.423  -146.2728 1.6230e+00     1.4868      4.182      6.064    10.2284 0.0000e+00
      4.288     -0.038     0.0517      0.472     68.170  48.161295     0.9798      7.425  -146.0696 1.6017e+00     1.4651      4.206      6.100    10.2353 0.0000e+00
      4.300     -0.060     0.0493      0.475     68.704  48.521481     0.9783      7.428  -145.7332 1.6005e+00     1.5066      4.229      6.134    10.2449 0.0000e+00
      4.282     -0.083     0.0486      0.470     68.887  48.628586     0.9691      7.431  -145.5620 1.6379e+00     1.5112      4.212      6.110    10.2840 0.0000e+00
      4.234     -0.106     0.0534      0.456     68.915  48.631380     0.9440      7.435  -145.4617 1.7168e+00     1.4864      4.155      6.027    10.3255 0.0000e+00
      4.179     -0.129     0.0524      0.448     68.734  48.491786     0.9241      7.436  -145.2954 1.7745e+00     1.4463      4.090      5.930    10.3296 0.0000e+00
      4.139     -0.151     0.0538      0.451     68.514  48.336741     0.9200      7.436  -145.0137 1.7870e+00     1.4014      4.048      5.871    10.3090 0.0000e+00
      4.120     -0.166     0.0533      0.451     68.413  48.279627     0.9198      7.437  -144.8091 1.8029e+00     1.3878      4.041      5.861    10.2916 0.0000e+00
      4.098     -0.174     0.0507      0.451     68.154  48.118509     0.9213      7.439  -144.8001 1.8694e+00     1.3842      4.032      5.848    10.2813 0.0000e+00
      4.050     -0.178     0.0496      0.459     67.379  47.594288     0.9213      7.441  -144.9918 1.9857e+00     1.3242      3.982      5.775    10.2700 0.0000e+00
      3.980     -0.174     0.0509      0.459     65.535  46.319461     0.9283      7.441  -145.2335 2.1127e+00     1.2428      3.901      5.657    10.2680 0.0000e+00
      3.911     -0.158     0.0509      0.455     63.534  44.949841     0.9559      7.437  -145.3986 2.2263e+00     1.2200      3.828      5.551    10.2821 0.0000e+00
      3.862     -0.128     0.0494      0.459     62.790  44.484726     0.9894      7.432  -145.2672 2.2979e+00     1.2539      3.780      5.481    10.2983 0.0000e+00
      3.838     -0.094     0.0526      0.472     61.391  43.551052     0.9998      7.428  -144.7632 2.3146e+00     1.2754      3.754      5.446    10.3161 0.0000e+00
      3.837     -0.074     0.0510      0.468     59.065  41.970935     0.9897      7.426  -144.3814 2.2825e+00     1.2419      3.756      5.448    10.3330 0.0000e+00
      3.850     -0.074     0.0511      0.451     58.601  41.746175     0.9836      7.427  -144.3509 2.2567e+00     1.1899      3.779      5.480    10.3636 0.0000e+00
      3.852     -0.093     0.0502      0.450     59.677  42.610088     0.9849      7.428  -144.4808 2.3312e+00     1.1939      3.792      5.500    10.4260 0.0000e+00
      3.823     -0.122     0.0536      0.455     60.385  43.155286     0.9886      7.431  -144.4897 2.4879e+00     1.2558      3.760      5.453    10.4679 0.0000e+00
      3.766     -0.153     0.0536      0.464     59.834  42.755898     0.9952      7.434  -144.2860 2.6638e+00     1.2898      3.693      5.357    10.5091 0.0000e+00
      3.703     -0.178     0.0480      0.480     58.818  42.031114     0.9978      7.435  -144.3413 2.8448e+00     1.2630      3.627      5.260    10.6174 0.0000e+00
      3.649     -0.189     0.0504      0.484     58.989  42.194400     1.0042      7.437  -144.8145 3.0102e+00     1.2393      3.572      5.182    10.7213 0.0000e+00
      3.606     -0.182     0.0506      0.474     59.720  42.763901     1.0219      7.441  -145.2755 3.1651e+00     1.2418      3.536      5.128    10.7458 0.0000e+00
      3.566     -0.159     0.0503      0.473     59.183  42.383284     1.0377      7.446  -145.3537 3.3523e+00     1.2590      3.502      5.079    10.7234 0.0000e+00
      3.521     -0.129     0.0543      0.474     56.938  40.763899     1.0529      7.451  -144.6418 3.5553e+00     1.3106      3.453      5.007    10.7078 0.0000e+00
      3.479     -0.097     0.0544      0.469     55.283  39.612447     1.0811      7.452  -143.7233 3.6771e+00     1.3872      3.404      4.937    10.7576 0.0000e+00
      3.455     -0.065     0.0515      0.461     55.477  39.815023     1.1212      7.451  -144.1425 3.6840e+00     1.4683      3.381      4.904    10.8219 0.0000e+00
      3.449     -0.040     0.0525      0.453     55.130  39.598144     1.1537      7.449  -144.6348 3.6505e+00     1.5053      3.380      4.902    10.8126 0.0000e+00
      3.455     -0.029     0.0532      0.464     53.766  38.639259     1.1666      7.445  -143.3951 3.6185e+00     1.4934      3.386      4.911    10.7720 0.0000e+00
      3.466     -0.039     0.0512      0.479     53.300  38.369093     1.1690      7.442  -142.1450 3.5782e+00     1.4279      3.398      4.929    10.8067 0.0000e+00
      3.473     -0.067     0.0519      0.475     53.956  38.932079     1.1661      7.442  -141.8233 3.5942e+00     1.2934      3.414      4.952    10.9014 0.0000e+00
      3.457     -0.103     0.0484      0.469     54.740  39.548074     1.1651      7.442  -141.9143 3.7522e+00     1.2329      3.405      4.936    10.9203 0.0000e+00
      3.412     -0.138     0.0507      0.465     55.080  39.791852     1.1740      7.443  -142.2995 4.0166e+00     1.2775      3.351      4.859    10.9044 0.0000e+00
      3.353     -0.162     0.0548      0.465     55.012  39.723125     1.2065      7.444  -142.6945 4.2958e+00     1.3541      3.287      4.767    10.9781 0.0000e+00
      3.297     -0.170     0.0515      0.466     54.779  39.541614     1.2587      7.446  -143.3347 4.5378e+00     1.4421      3.233      4.688    11.0937 0.0000e+00
      3.247     -0.164     0.0519      0.462     54.375  39.246254     1.2809      7.447  -144.1027 4.7448e+00     1.4533      3.181      4.613    11.1410 0.0000e+00
      3.207     -0.151     0.0509      0.458     53.856  38.879203     1.2829      7.450  -144.2374 4.8991e+00     1.4548      3.139      4.552    11.1229 0.0000e+00
      3.181     -0.141     0.0510      0.468     53.249  38.465093     1.3413      7.454  -143.9305 4.9928e+00     1.5285      3.118      4.523    11.0959 0.0000e+00
      3.159     -0.136     0.0515      0.477     52.257  37.790962     1.4540      7.457  -143.6618 5.1044e+00     1.5590      3.103      4.501    11.0872 0.0000e+00
      3.127     -0.132     0.0513      0.458     51.239  37.133803     1.5226      7.460  -143.2253 5.2746e+00     1.5156      3.070      4.453    11.0828 0.0000e+00
      3.087     -0.124     0.0495      0.430     50.281  36.544347     1.5206      7.463  -142.7831 5.4810e+00     1.4830      3.028      4.393    11.0854 0.0000e+00
      3.044     -0.109     0.0511      0.426     49.034  35.737263     1.5214      7.468  -142.9606 5.6966e+00     1.5058      2.984      4.328    11.1148 0.0000e+00
      3.005     -0.086     0.0543      0.442     47.963  35.048639     1.6908      7.473  -143.4795 5.8521e+00     1.6551      2.939      4.262    11.1414 0.0000e+00
      2.985     -0.058     0.0504      0.457     47.177  34.559654     2.0043      7.473  -143.3777 5.8964e+00     1.8876      2.919      4.234    11.2186 0.0000e+00
      2.983     -0.036     0.0457      0.460     46.584  34.200366     2.1655      7.469  -142.9342 5.8779e+00     1.9934      2.923      4.239    11.3494 0.0000e+00
      2.990     -0.032     0.0455      0.464     46.028  33.875064     2.1760      7.465  -142.8493 5.8313e+00     1.9783      2.930      4.250    11.4375 0.0000e+00
      3.001     -0.049     0.0486      0.471     45.753  33.796885     2.2801      7.463  -142.8685 5.7873e+00     2.1144      2.944      4.270    11.5371 0.0000e+00
      3.005     -0.083     0.0502      0.474     46.364  34.396518     2.4754      7.464  -142.9082 5.8676e+00     2.4098      2.958      4.291    11.6325 0.0000e+00
      2.980     -0.125     0.0499      0.476     46.962  34.911347     2.5817      7.466  -142.9850 6.1636e+00     2.5447      2.936      4.258    11.7035 0.0000e+00
      2.925     -0.161     0.0497      0.477     46.703  34.695447     2.5998      7.471  -142.8509 6.6025e+00     2.4811      2.871      4.164    11.7796 0.0000e+00
      2.859     -0.183     0.0517      0.469     46.059  34.195609     2.7033      7.475  -142.9209 7.0596e+00     2.3580      2.802      4.064    11.9036 0.0000e+00
      2.796     -0.189     0.0507      0.463     45.242  33.623509     2.9088      7.478  -143.1428 7.4782e+00     2.2519      2.741      3.976    12.1293 0.0000e+00
      2.742     -0.183     0.0509      0.467     44.012  32.787404     3.0373      7.482  -142.7812 7.8137e+00     2.2233      2.683      3.891    12.2204 0.0000e+00
      2.704     -0.173     0.0519      0.484     42.872  32.075356     3.0409      7.487  -142.2478 8.0137e+00     2.2175      2.643      3.833    12.1300 0.0000e+00
      2.680     -0.165     0.0501      0.509     42.341  31.861891     2.9109      7.491  -141.7699 8.2059e+00     2.1811      2.631      3.816    12.0875 0.0000e+00
      2.650     -0.156     0.0495      0.524     41.968  31.728303     2.6974      7.494  -141.1338 8.6345e+00     2.1596      2.608      3.783    12.1488 0.0000e+00
      2.601     -0.140     0.0495      0.524     41.015  31.094323     2.5985      7.496  -140.8370 9.2586e+00     2.1962      2.552      3.703    12.2236 0.0000e+00
      2.545     -0.118     0.0512      0.538     39.460  30.029157     2.6059      7.497  -140.6762 9.8617e+00     2.2480      2.492      3.615    12.3705 0.0000e+00
      2.500     -0.091     0.0543      0.577     38.566  29.563538     2.6206      7.496  -139.9639 1.0209e+01     2.2388      2.441      3.541    12.6483 0.0000e+00
      2.481     -0.059     0.0566      0.639     38.649  29.839120     2.7422      7.495  -138.8509 1.0173e+01     2.2216      2.422      3.511    12.8379 0.0000e+00
      2.488     -0.030     0.0544      0.731     38.429  29.748027     2.9778      7.495  -137.8876 9.9876e+00     2.2799      2.439      3.538    12.8937 0.0000e+00
      2.503     -0.017     0.0556      0.844     37.801  29.286348     3.1055      7.495  -137.2643 9.8675e+00     2.3294      2.457      3.564    12.9802 0.0000e+00
      2.514     -0.028     0.0599      0.962     37.561  29.201679     3.0963      7.495  -136.6489 9.8280e+00     2.3069      2.466      3.577    13.3124 0.0000e+00
      2.515     -0.059     0.0650      1.097     37.499  29.294980     2.9325      7.494  -135.7818 9.9898e+00     2.2472      2.473      3.587    13.6971 0.0000e+00
      2.499     -0.102     0.0748      1.259     37.241  29.210158     2.6410      7.494  -134.7808 1.0458e+01     2.2227      2.459      3.567    13.7360 0.0000e+00
      2.459     -0.143     0.0878      1.412     37.067  29.190519     2.4840      7.494  -133.8387 1.1192e+01     2.2493      2.417      3.505    13.6645 0.0000e+00
      2.404     -0.174     0.0995      1.596     36.935  29.184461     2.4579      7.494  -133.1672 1.2130e+01     2.2276      2.360      3.423    13.8455 0.0000e+00
      2.344     -0.194     0.1100      1.916     36.647  29.010246     2.3332      7.494  -132.5980 1.3154e+01     2.2329      2.297      3.332    14.0980 0.0000e+00
      2.286     -0.199     0.1310      2.425     36.314  28.795726     2.1082      7.494  -131.6035 1.4116e+01     2.3470      2.238      3.246    14.1951 0.0000e+00
      2.237     -0.186     0.1443      3.115     36.004  28.619286     1.9935      7.492  -130.0049 1.5039e+01     2.4458      2.193      3.180    14.3781 0.0000e+00
      2.191     -0.159     0.1563      3.911     35.624  28.398367     2.0111      7.491  -128.0681 1.6061e+01     2.5058      2.150      3.119    14.5454 0.0000e+00
      2.145     -0.122     0.1885      4.761     35.201  28.153166     2.1217      7.492  -126.0816 1.7048e+01     2.5603      2.101      3.047    14.5689 0.0000e+00
      2.108     -0.081     0.2391      5.667     34.657  27.809919     2.2982      7.493  -123.9688 1.7639e+01     2.6267      2.058      2.987    14.6300 0.0000e+00
      2.091     -0.046     0.3121      6.611     33.997  27.417643     2.3893      7.491  -121.7957 1.7656e+01     2.7274      2.042      2.963    14.7420 0.0000e+00
      2.096     -0.026     0.3952      7.576     33.744  27.467079     2.4075      7.487  -119.5952 1.7259e+01     2.7874      2.051      2.974    14.8451 0.0000e+00
      2.112     -0.027     0.4772      8.579     33.833  27.774145     2.4769      7.485  -117.3236 1.6774e+01     2.7709      2.071      3.003    14.9870 0.0000e+00
      2.129     -0.051     0.5687      9.701     33.889  27.897962     2.5786      7.484  -115.3231 1.6632e+01     2.7681      2.094      3.037    15.1246 0.0000e+00
      2.126     -0.092     0.6636     11.110     33.891  27.886651     2.6306      7.483  -113.4758 1.7337e+01     2.8216      2.100      3.046    15.2072 0.0000e+00
      2.090     -0.141     0.7505     12.745     33.774  27.764136     2.6476      7.481  -111.5078 1.8919e+01     2.9051      2.060      2.987    15.6997 0.0000e+00
      2.029     -0.183     0.8421     14.281     33.608  27.620960     2.6763      7.480  -109.5107 2.0955e+01     2.9238      1.990      2.886    16.1786 0.0000e+00
      1.960     -0.208     0.9412     15.542     33.499  27.550022     2.9854      7.479  -107.4830 2.3340e+01     2.9453      1.922      2.788    16.1814 0.0000e+00
