Data/DataNotYetUploadedToEDI/Raw_CTD/RawDownloads/061322_bvr50_0004.cnv
* Sea-Bird SBE19plus  Data File:
* FileName = C:\R\Reservoirs\Data\DataNotYetUploadedToEDI\Raw_CTD\RawDownloads\061322_bvr01_0004.hex
* Software version 2.8.0.119
* Temperature SN = 7809
* Conductivity SN = 7809
* System UpLoad Time = Jun 14 2022 11:45:59
* <ApplicationData>
* <Seaterm232>
# nquan = 15
# nvalues = 770                         
# units = specified
# name 0 = depFM: Depth [fresh water, m]
# name 1 = dz/dtM: Descent Rate [m/s]
# name 2 = sbeox0Mg/L: Oxygen, SBE 43 [mg/l]
# name 3 = sbeox0PS: Oxygen, SBE 43 [% saturation]
# name 4 = specc: Specific Conductance [uS/cm]
# name 5 = c0uS/cm: Conductivity [uS/cm]
# name 6 = flECO-AFL: Fluorescence, WET Labs ECO-AFL/FL [mg/m^3]
# name 7 = ph: pH
# name 8 = orp: Oxidation Reduction Potential [mV]
# name 9 = par/sat/log: PAR/Logarithmic, Satlantic
# name 10 = turbWETntu0: Turbidity, WET Labs ECO [NTU]
# name 11 = prdM: Pressure, Strain Gauge [db]
# name 12 = prdE: Pressure, Strain Gauge [psi]
# name 13 = tv290C: Temperature [ITS-90, deg C]
# name 14 = flag:  0.000e+00
# span 0 =     -0.714,      8.535       
# span 1 =     -0.393,      0.175       
# span 2 =     0.0455,     9.7930       
# span 3 =      0.426,    122.308       
# span 4 =      1.009,    108.389       
# span 5 =   0.914194,  74.433957       
# span 6 =    -1.6197,     6.1853       
# span 7 =      7.222,      9.758       
# span 8 =  -171.2608,   177.2053       
# span 9 = 1.2330e-01, 2.1884e+03       
# span 10 =    -4.0209,    42.8319      
# span 11 =     -0.701,      8.370      
# span 12 =     -1.016,     12.140      
# span 13 =     9.3264,    27.0643      
# span 14 = 0.0000e+00, 0.0000e+00      
# interval = seconds: 0.25
# start_time = Jun 13 2022 09:45:55 [Instrument's time stamp, header]
# bad_flag = -9.990e-29
*END*
[from data line 193]
      1.360      0.075     8.0805     89.339     27.582  26.541621     2.6960      9.505    74.2394 6.3491e+01    10.1193      1.336      1.938    24.2173 0.0000e+00
      1.379      0.072     8.0353     86.973     27.581  26.486590     2.7265      9.488    74.4139 6.1693e+01     9.9724      1.354      1.964    23.8967 0.0000e+00
      1.393      0.070     7.9640     84.788     27.541  26.401705     2.7283      9.470    74.8325 6.0015e+01     9.9256      1.365      1.978    23.4637 0.0000e+00
      1.408      0.069     7.8376     82.905     27.526  26.339167     2.7176      9.453    75.4288 5.8103e+01     9.9974      1.380      2.001    23.2173 0.0000e+00
      1.425      0.070     7.6526     81.452     27.529  26.300807     2.6803      9.433    76.5483 5.6173e+01    10.1571      1.397      2.027    23.0945 0.0000e+00
      1.443      0.075     7.4501     80.427     27.515  26.254744     2.6441      9.408    78.4738 5.4100e+01    10.2172      1.414      2.051    23.0053 0.0000e+00
      1.461      0.083     7.2749     79.700     27.523  26.225850     2.6287      9.379    80.4692 5.2114e+01    10.2118      1.434      2.079    22.9357 0.0000e+00
      1.481      0.089     7.1188     79.198     27.539  26.204925     2.6608      9.352    81.6588 5.0188e+01    10.1942      1.452      2.105    22.8306 0.0000e+00
      1.505      0.093     7.0049     78.833     27.554  26.191833     2.7338      9.327    82.0164 4.7648e+01    10.1069      1.472      2.135    22.7504 0.0000e+00
      1.535      0.096     6.9288     78.477     27.576  26.194276     2.7702      9.305    82.5564 4.4978e+01    10.0448      1.506      2.185    22.7144 0.0000e+00
      1.565      0.096     6.8758     78.083     27.562  26.171057     2.7592      9.285    83.6283 4.3130e+01     9.9897      1.539      2.233    22.6377 0.0000e+00
      1.588      0.097     6.8447     77.669     27.563  26.164601     2.7506      9.266    83.9631 4.1623e+01     9.7139      1.557      2.258    22.5632 0.0000e+00
      1.608      0.100     6.8248     77.266     27.593  26.179585     2.7573      9.246    83.9375 3.9892e+01     9.3066      1.575      2.283    22.5184 0.0000e+00
      1.630      0.105     6.7990     76.948     27.601  26.162074     2.7570      9.223    84.6096 3.8027e+01     9.0948      1.598      2.318    22.4847 0.0000e+00
      1.655      0.110     6.7652     76.680     27.619  26.142975     2.7471      9.200    85.5506 3.6062e+01     8.9643      1.621      2.350    22.4686 0.0000e+00
      1.685      0.115     6.7315     76.319     27.659  26.138750     2.7712      9.179    86.7964 3.3757e+01     8.4114      1.648      2.390    22.4617 0.0000e+00
      1.723      0.117     6.6942     75.817     27.674  26.110934     2.8321      9.158    88.4019 3.1404e+01     7.5680      1.689      2.450    22.4406 0.0000e+00
      1.759      0.117     6.6729     75.195     27.673  26.060109     2.8758      9.139    89.8192 2.9823e+01     7.1707      1.731      2.511    22.3972 0.0000e+00
      1.786      0.117     6.6666     74.464     27.703  26.031207     2.8829      9.120    91.0272 2.8734e+01     7.1258      1.753      2.542    22.3267 0.0000e+00
      1.810      0.117     6.6455     73.615     27.742  26.014926     2.9099      9.100    92.1670 2.7466e+01     7.0599      1.773      2.572    22.2423 0.0000e+00
      1.836      0.116     6.6093     72.629     27.760  25.989937     3.4193      9.080    93.1040 2.6186e+01     6.8522      1.802      2.615    22.1776 0.0000e+00
      1.864      0.115     6.5656     71.535     27.789  25.982527     4.3803      9.063    93.6655 2.4742e+01     6.4583      1.824      2.646    22.0911 0.0000e+00
      1.899      0.115     6.5167     70.398     27.899  26.052054     4.9076      9.048    93.8797 2.3076e+01     6.2263      1.860      2.698    21.9708 0.0000e+00
      1.935      0.114     6.4565     69.303     28.094  26.196732     4.9757      9.033    94.1458 2.1846e+01     6.1640      1.903      2.759    21.8743 0.0000e+00
      1.964      0.111     6.3768     68.288     28.221  26.274003     5.2792      9.019    94.6458 2.1006e+01     5.8077      1.927      2.795    21.8032 0.0000e+00
      1.988      0.107     6.2870     67.286     28.214  26.225704     5.8465      9.005    95.2785 2.0234e+01     5.2667      1.950      2.829    21.7427 0.0000e+00
      2.011      0.102     6.1898     66.125     28.144  26.119750     6.1672      8.993    96.0307 1.9515e+01     5.0188      1.972      2.860    21.6905 0.0000e+00
      2.035      0.097     6.1001     64.675     28.064  26.006962     6.1853      8.983    96.6860 1.8730e+01     4.9628      1.993      2.892    21.6203 0.0000e+00
      2.062      0.096     6.0218     63.065     28.029  25.939405     6.0648      8.973    97.3506 1.7949e+01     4.9651      2.023      2.933    21.5440 0.0000e+00
      2.088      0.097     5.9471     61.563     28.062  25.936683     5.8603      8.961    98.2161 1.7281e+01     5.0127      2.049      2.971    21.4709 0.0000e+00
      2.111      0.098     5.8616     60.403     28.126  25.973997     5.7512      8.947    98.9770 1.6712e+01     4.9918      2.069      3.003    21.3950 0.0000e+00
      2.134      0.096     5.7335     59.691     28.168  26.010252     5.7358      8.936    99.4953 1.6158e+01     4.9510      2.091      3.034    21.3286 0.0000e+00
      2.159      0.092     5.5887     59.338     28.147  25.994750     5.6332      8.926    99.8361 1.5514e+01     4.8273      2.116      3.069    21.2670 0.0000e+00
      2.187      0.092     5.4551     59.186     28.065  25.913339     5.4509      8.914   100.0866 1.4976e+01     4.6241      2.147      3.114    21.2029 0.0000e+00
      2.210      0.096     5.3519     59.145     27.959  25.786469     5.3545      8.900   100.3732 1.4665e+01     4.5428      2.172      3.149    21.1523 0.0000e+00
      2.226      0.101     5.2934     59.156     27.901  25.664957     5.2916      8.886   100.8053 1.4293e+01     4.5276      2.181      3.163    21.1575 0.0000e+00
      2.247      0.106     5.2652     59.061     27.928  25.584884     4.7817      8.874   101.2674 1.3713e+01     4.4408      2.199      3.190    21.1801 0.0000e+00
      2.279      0.113     5.2554     58.608     28.008  25.515342     3.8676      8.863   101.5727 1.3035e+01     4.3135      2.233      3.239    21.1711 0.0000e+00
      2.315      0.122     5.2550     57.567     28.172  25.457727     3.3767      8.852   101.8300 1.2465e+01     4.2517      2.273      3.298    21.1403 0.0000e+00
      2.348      0.130     5.2737     55.770     28.381  25.395019     3.3412      8.842   102.3129 1.2033e+01     4.3089      2.304      3.342    21.0117 0.0000e+00
      2.379      0.135     5.2964     53.114     28.492  25.263835     3.3138      8.833   103.1103 1.1499e+01     4.3218      2.329      3.377    20.8125 0.0000e+00
      2.415      0.138     5.2837     49.487     28.535  25.075485     3.1030      8.824   103.9001 1.0909e+01     4.1001      2.369      3.436    20.5948 0.0000e+00
      2.451      0.141     5.2358     44.915     28.636  24.891986     2.7407      8.817   104.2904 1.0433e+01     3.7805      2.407      3.491    20.2235 0.0000e+00
      2.486      0.144     5.1260     39.612     28.883  24.819391     2.5457      8.811   104.1295 9.9598e+00     3.6342      2.435      3.532    19.7032 0.0000e+00
      2.524      0.143     4.9272     33.697     29.267  24.894522     2.5092      8.803   103.5890 9.4479e+00     3.5950      2.474      3.588    19.3136 0.0000e+00
      2.565      0.136     4.6252     27.368     29.604  24.976152     2.2993      8.794   102.9179 8.9917e+00     3.3748      2.517      3.651    18.9907 0.0000e+00
      2.603      0.126     4.2307     21.035     29.766  24.982213     1.9223      8.785   102.2103 8.6109e+00     3.0555      2.555      3.706    18.4637 0.0000e+00
      2.635      0.116     3.7773     15.175     29.808  24.967637     1.7211      8.775   101.6584 8.2929e+00     2.9452      2.586      3.750    17.9314 0.0000e+00
      2.664      0.107     3.2374     10.174     29.787  24.926617     1.6984      8.763   101.2358 8.0725e+00     2.9297      2.615      3.793    17.5096 0.0000e+00
      2.684      0.102     2.6379      6.259     29.769  24.866489     1.6055      8.752   100.8856 7.9497e+00     2.7654      2.636      3.822    17.1353 0.0000e+00
      2.699      0.104     2.0201      3.486     29.845  24.874356     1.4394      8.742   100.8658 7.7943e+00     2.4959      2.643      3.833    16.8998 0.0000e+00
      2.722      0.111     1.4404      1.760     29.928  24.894908     1.3539      8.732   100.9109 7.5355e+00     2.4038      2.664      3.864    16.8605 0.0000e+00
      2.755      0.121     0.9486      0.897     29.938  24.861415     1.3627      8.722   100.4847 7.2346e+00     2.5066      2.701      3.918    16.8659 0.0000e+00
      2.792      0.132     0.5672      0.579     29.972  24.849601     1.5040      8.712    99.7563 6.9371e+00     2.5094      2.738      3.971    16.7654 0.0000e+00
      2.829      0.143     0.3049      0.521     30.073  24.878778     1.7641      8.702    99.0731 6.6580e+00     2.4373      2.775      4.024    16.6587 0.0000e+00
      2.866      0.148     0.1396      0.577     30.268  24.960610     1.9199      8.693    98.5042 6.4173e+00     2.4545      2.811      4.077    16.5881 0.0000e+00
      2.904      0.145     0.0699      0.646     30.520  25.078397     2.0054      8.683    97.7823 6.2148e+00     2.4782      2.847      4.131    16.5094 0.0000e+00
      2.943      0.136     0.0497      0.649     30.730  25.162007     2.7397      8.674    96.6249 6.0186e+00     2.3819      2.884      4.184    16.4610 0.0000e+00
      2.984      0.126     0.0469      0.603     30.963  25.274258     4.0811      8.665    95.4380 5.8256e+00     2.2468      2.926      4.244    16.3811 0.0000e+00
      3.021      0.117     0.0562      0.583     31.221  25.421445     4.7988      8.657    94.4446 5.6999e+00     2.1769      2.969      4.307    16.2319 0.0000e+00
      3.043      0.111     0.0671      0.632     31.362  25.483836     4.8598      8.648    93.4756 5.6466e+00     2.1859      2.989      4.335    16.0843 0.0000e+00
      3.058      0.107     0.0665      0.760     31.462  25.521528     4.9011      8.639    92.8426 5.5671e+00     2.2534      2.993      4.341    15.9291 0.0000e+00
      3.080      0.108     0.0581      0.956     31.628  25.623593     5.0900      8.629    92.7281 5.4273e+00     2.2750      3.015      4.374    15.8000 0.0000e+00
      3.112      0.115     0.0557      1.184     31.689  25.640402     5.4042      8.620    92.7794 5.2698e+00     2.2416      3.054      4.429    15.7039 0.0000e+00
      3.144      0.125     0.0598      1.398     31.629  25.534586     5.5795      8.612    92.6874 5.1260e+00     2.2256      3.083      4.472    15.6188 0.0000e+00
      3.176      0.131     0.0732      1.578     31.750  25.548331     5.6033      8.602    92.2187 4.9785e+00     2.2524      3.109      4.511    15.5499 0.0000e+00
      3.215      0.132     0.0940      1.726     32.186  25.806496     5.4923      8.593    91.3280 4.8145e+00     2.3274      3.151      4.570    15.5014 0.0000e+00
      3.255      0.133     0.1191      1.816     32.628  26.057303     5.2527      8.585    90.2645 4.6791e+00     2.3799      3.195      4.635    15.4689 0.0000e+00
      3.288      0.134     0.1415      1.828     32.769  26.045450     5.1116      8.575    89.0817 4.5846e+00     2.4097      3.228      4.681    15.3825 0.0000e+00
      3.313      0.132     0.1588      1.776     32.867  25.979945     5.0842      8.564    87.0937 4.4862e+00     2.4829      3.247      4.708    15.2285 0.0000e+00
      3.344      0.127     0.1759      1.679     33.221  26.089094     4.9218      8.554    83.1776 4.3590e+00     2.7527      3.274      4.750    15.0891 0.0000e+00
      3.383      0.122     0.1867      1.562     33.966  26.477617     4.6131      8.544    78.0407 4.2294e+00     3.1440      3.317      4.813    14.9483 0.0000e+00
      3.420      0.121     0.1873      1.450     35.117  27.191220     4.4396      8.532    73.9403 4.1301e+00     3.3191      3.358      4.870    14.7379 0.0000e+00
      3.449      0.121     0.1829      1.360     36.114  27.808047     4.4210      8.519    70.5974 4.0649e+00     3.3334      3.386      4.912    14.5340 0.0000e+00
      3.470      0.117     0.1725      1.289     36.587  28.040566     4.3717      8.507    65.4982 3.9813e+00     3.2820      3.401      4.934    14.2856 0.0000e+00
      3.496      0.112     0.1608      1.226     36.793  28.100813     4.2678      8.495    59.0914 3.8473e+00     3.1421      3.422      4.964    13.9635 0.0000e+00
      3.532      0.114     0.1494      1.175     36.952  28.156046     4.1973      8.482    53.5338 3.7201e+00     3.0421      3.464      5.025    13.6992 0.0000e+00
      3.565      0.123     0.1407      1.123     37.169  28.264583     4.1607      8.467    48.8067 3.6406e+00     3.0291      3.503      5.080    13.4920 0.0000e+00
      3.587      0.132     0.1355      1.081     37.426  28.398834     3.8340      8.451    44.6109 3.5686e+00     2.9169      3.516      5.099    13.2992 0.0000e+00
      3.613      0.134     0.1274      1.055     37.661  28.511414     3.2176      8.436    40.2295 3.4310e+00     2.6760      3.534      5.126    13.1644 0.0000e+00
      3.658      0.131     0.1242      1.015     37.954  28.674854     2.8594      8.424    35.0664 3.2261e+00     2.5076      3.585      5.199    13.0939 0.0000e+00
      3.707      0.127     0.1181      0.973     38.422  28.980327     2.7987      8.414    30.3654 3.0542e+00     2.4181      3.643      5.283    13.0230 0.0000e+00
      3.741      0.121     0.1121      0.950     38.815  29.225407     2.7832      8.402    26.4969 2.9743e+00     2.4131      3.676      5.332    12.9403 0.0000e+00
      3.761      0.107     0.1135      0.929     38.801  29.165753     2.6556      8.389    22.2782 2.9094e+00     2.4134      3.687      5.347    12.8457 0.0000e+00
      3.783      0.092     0.1073      0.906     38.640  29.019720     2.3961      8.377    17.7306 2.8064e+00     2.3196      3.707      5.376    12.7648 0.0000e+00
      3.808      0.082     0.1019      0.900     38.600  28.981116     2.2497      8.365    13.8438 2.7266e+00     2.2691      3.740      5.425    12.7157 0.0000e+00
      3.825      0.081     0.1011      0.894     38.755  29.079348     2.2178      8.352    10.6448 2.7022e+00     2.2468      3.754      5.445    12.6483 0.0000e+00
      3.836      0.085     0.0993      0.874     39.121  29.319922     2.1935      8.341     7.6174 2.6503e+00     2.1526      3.755      5.446    12.5632 0.0000e+00
      3.856      0.090     0.0953      0.878     39.484  29.544317     2.1800      8.330     4.3419 2.5315e+00     2.0187      3.779      5.480    12.5367 0.0000e+00
      3.885      0.097     0.0954      0.888     39.946  29.827268     2.1632      8.319     0.8967 2.4194e+00     1.9259      3.812      5.528    12.5489 0.0000e+00
      3.914      0.107     0.0974      0.874     40.471  30.141815     2.1412      8.306    -2.3755 2.3338e+00     1.9185      3.838      5.567    12.5195 0.0000e+00
      3.943      0.114     0.0906      0.861     40.734  30.241051     2.0297      8.291    -5.4527 2.2586e+00     1.8948      3.868      5.609    12.4754 0.0000e+00
      3.972      0.117     0.0936      0.847     40.885  30.266293     1.8310      8.277    -8.3472 2.1724e+00     1.8103      3.894      5.647    12.4202 0.0000e+00
      4.003      0.116     0.0973      0.837     41.094  30.383522     1.7193      8.263   -11.2162 2.0674e+00     1.7511      3.925      5.693    12.3341 0.0000e+00
      4.035      0.116     0.0922      0.832     41.534  30.707478     1.6939      8.248   -14.1574 1.9834e+00     1.7265      3.959      5.743    12.2520 0.0000e+00
      4.065      0.117     0.0933      0.807     42.210  31.203549     1.6324      8.233   -16.8071 1.9116e+00     1.6828      3.986      5.781    12.1172 0.0000e+00
