Data/DataNotYetUploadedToEDI/Raw_CTD/RawDownloads/061322_bvr01_0002.cnv
* Sea-Bird SBE19plus  Data File:
* FileName = C:\R\Reservoirs\Data\DataNotYetUploadedToEDI\Raw_CTD\RawDownloads\061322_bvr01_0002.hex
* Software version 2.8.0.119
* Temperature SN = 7809
* Conductivity SN = 7809
* System UpLoad Time = Jun 14 2022 11:45:09
* <ApplicationData>
* <Seaterm232>
# nquan = 15
# nvalues = 1448                        
# units = specified
# name 0 = depFM: Depth [fresh water, m]
# name 1 = dz/dtM: Descent Rate [m/s]
# name 2 = sbeox0Mg/L: Oxygen, SBE 43 [mg/l]
# name 3 = sbeox0PS: Oxygen, SBE 43 [% saturation]
# name 4 = specc: Specific Conductance [uS/cm]
# name 5 = c0uS/cm: Conductivity [uS/cm]
# name 6 = flECO-AFL: Fluorescence, WET Labs ECO-AFL/FL [mg/m^3]
# name 7 = ph: pH
# name 8 = orp: Oxidation Reduction Potential [mV]
# name 9 = par/sat/log: PAR/Logarithmic, Satlantic
# name 10 = turbWETntu0: Turbidity, WET Labs ECO [NTU]
# name 11 = prdM: Pressure, Strain Gauge [db]
# name 12 = prdE: Pressure, Strain Gauge [psi]
# name 13 = tv290C: Temperature [ITS-90, deg C]
# name 14 = flag:  0.000e+00
# span 0 =     -0.717,      3.383       
# span 1 =     -0.183,      0.164       
# span 2 =     0.0641,    10.1968       
# span 3 =      0.634,    121.066       
# span 4 =      0.276,     55.422       
# span 5 =   0.308222,  44.003076       
# span 6 =    -1.1585,     4.1391       
# span 7 =      6.939,     10.051       
# span 8 =  -882.5096,   232.4450       
# span 9 = 2.4193e+00, 2.5679e+03       
# span 10 =    -0.3932,    13.1206      
# span 11 =     -0.703,      3.318      
# span 12 =     -1.020,      4.812      
# span 13 =    14.4840,    30.6342      
# span 14 = 0.0000e+00, 0.0000e+00      
# interval = seconds: 0.25
# start_time = Jun 13 2022 08:28:21 [Instrument's time stamp, header]
# bad_flag = -9.990e-29
*END*
[from data line 1061]
      2.366     -0.083     1.1517     10.206     30.240  26.029310     1.0248      7.511   139.9315 9.6724e+00     4.6438      2.322      3.366    17.3513 0.0000e+00
      2.338     -0.095     1.1149     10.641     30.171  26.034850     1.0176      7.508   141.1073 1.0085e+01     4.6571      2.294      3.327    17.4387 0.0000e+00
      2.310     -0.101     1.0385     11.605     30.169  26.083166     0.9858      7.506   142.2543 1.0528e+01     4.6485      2.265      3.286    17.6720 0.0000e+00
      2.284     -0.101     0.9693     12.859     30.209  26.169893     0.9566      7.506   143.3898 1.0947e+01     4.6085      2.238      3.246    17.9059 0.0000e+00
      2.259     -0.095     0.9429     14.218     30.144  26.196180     0.9551      7.504   144.5975 1.1382e+01     4.6171      2.215      3.213    18.0510 0.0000e+00
      2.234     -0.080     0.9851     15.607     29.975  26.147587     1.0426      7.500   145.9291 1.1877e+01     4.6841      2.192      3.180    18.1492 0.0000e+00
      2.208     -0.059     1.0851     16.992     29.851  26.089547     1.1822      7.496   147.3588 1.2353e+01     4.7363      2.163      3.137    18.2268 0.0000e+00
      2.187     -0.036     1.2078     18.355     29.851  26.064922     1.2452      7.494   148.7203 1.2597e+01     4.8038      2.138      3.101    18.2865 0.0000e+00
      2.182     -0.014     1.3335     19.645     29.954  26.103335     1.2462      7.493   149.9150 1.2511e+01     4.8512      2.134      3.097    18.4262 0.0000e+00
      2.191      0.005     1.4577     20.659     30.072  26.173630     1.2447      7.491   150.9630 1.2285e+01     4.8309      2.148      3.116    18.6491 0.0000e+00
      2.204      0.017     1.5853     21.215     30.131  26.217622     1.2932      7.489   152.0125 1.2081e+01     4.8656      2.163      3.137    18.7560 0.0000e+00
      2.214      0.020     1.7142     21.357     30.148  26.254938     1.3838      7.487   153.1407 1.1936e+01     4.9641      2.173      3.151    18.6638 0.0000e+00
      2.221      0.013     1.8478     21.228     30.135  26.307935     1.4238      7.485   154.2790 1.1894e+01     5.0311      2.179      3.161    18.5457 0.0000e+00
      2.223     -0.003     1.9534     20.988     30.072  26.351440     1.4279      7.483   155.3647 1.1919e+01     5.0947      2.181      3.163    18.5031 0.0000e+00
      2.220     -0.023     2.0019     20.848     30.011  26.400786     1.4254      7.482   156.3741 1.1987e+01     5.0842      2.178      3.160    18.4866 0.0000e+00
      2.215     -0.044     2.0091     21.038     29.987  26.461044     1.4017      7.482   157.3635 1.2164e+01     4.9377      2.175      3.154    18.5131 0.0000e+00
      2.203     -0.065     1.9885     21.690     29.965  26.509675     1.3827      7.482   158.3789 1.2518e+01     4.8271      2.164      3.139    18.6200 0.0000e+00
      2.183     -0.082     1.9512     22.762     29.920  26.545192     1.3875      7.482   159.3588 1.3063e+01     4.8393      2.142      3.107    18.8079 0.0000e+00
      2.154     -0.094     1.9223     24.125     29.853  26.573663     1.4088      7.482   160.2631 1.3764e+01     4.9495      2.113      3.065    19.0010 0.0000e+00
      2.121     -0.097     1.9299     25.687     29.786  26.600507     1.4239      7.482   161.1395 1.4527e+01     5.0665      2.080      3.017    19.1245 0.0000e+00
      2.090     -0.091     1.9885     27.418     29.726  26.616343     1.4208      7.482   161.9536 1.5229e+01     5.0575      2.047      2.970    19.2201 0.0000e+00
      2.064     -0.075     2.0881     29.306     29.696  26.638462     1.4211      7.482   162.4480 1.5812e+01     5.0116      2.021      2.932    19.3458 0.0000e+00
      2.045     -0.054     2.2090     31.216     29.698  26.677859     1.4854      7.482   162.9875 1.6170e+01     5.0924      2.002      2.903    19.5027 0.0000e+00
      2.036     -0.032     2.3466     32.942     29.690  26.712445     1.6077      7.481   164.1750 1.6281e+01     5.2482      1.993      2.891    19.6601 0.0000e+00
      2.035     -0.013     2.4972     34.402     29.657  26.739780     1.6757      7.479   165.3634 1.6287e+01     5.2899      1.995      2.894    19.7772 0.0000e+00
      2.038      0.001     2.6700     35.631     29.597  26.754909     1.6834      7.479   166.1714 1.6244e+01     5.2560      1.998      2.899    19.8540 0.0000e+00
      2.043      0.009     2.8508     36.716     29.533  26.768690     1.7847      7.478   166.8893 1.6149e+01     5.2482      2.003      2.905    19.9082 0.0000e+00
      2.048      0.010     3.0056     37.742     29.479  26.779739     1.9760      7.476   167.5898 1.6037e+01     5.1949      2.009      2.914    19.9699 0.0000e+00
      2.053      0.005     3.1310     38.772     29.417  26.761819     2.0742      7.475   168.3607 1.5974e+01     5.1249      2.015      2.922    20.0687 0.0000e+00
      2.054     -0.005     3.2315     39.794     29.377  26.742227     2.0822      7.476   169.2410 1.5998e+01     5.0845      2.016      2.923    20.1893 0.0000e+00
      2.053     -0.018     3.3183     40.732     29.370  26.733018     2.0724      7.476   170.2314 1.6080e+01     5.0479      2.014      2.921    20.3227 0.0000e+00
      2.049     -0.033     3.4016     41.528     29.367  26.713859     1.9808      7.475   171.2156 1.6233e+01     5.0584      2.010      2.916    20.4306 0.0000e+00
      2.040     -0.048     3.4894     42.121     29.384  26.700701     1.8151      7.474   172.0209 1.6597e+01     5.0748      2.003      2.905    20.4974 0.0000e+00
      2.023     -0.060     3.5842     42.444     29.428  26.700655     1.7174      7.475   172.7399 1.7227e+01     5.0418      1.987      2.881    20.5239 0.0000e+00
      2.001     -0.069     3.6696     42.450     29.492  26.713248     1.7225      7.475   173.5424 1.7944e+01     5.0687      1.962      2.845    20.5126 0.0000e+00
      1.979     -0.074     3.7458     42.120     29.546  26.726128     1.8024      7.476   174.4100 1.8648e+01     5.2626      1.940      2.814    20.4855 0.0000e+00
      1.959     -0.074     3.8054     41.534     29.563  26.729578     1.9178      7.477   175.2299 1.9380e+01     5.5420      1.921      2.786    20.4354 0.0000e+00
      1.940     -0.069     3.8401     40.827     29.581  26.754941     1.9690      7.478   175.9694 2.0130e+01     5.6461      1.902      2.759    20.3677 0.0000e+00
      1.923     -0.060     3.8501     40.177     29.585  26.779268     1.9632      7.478   176.8123 2.0881e+01     5.5648      1.885      2.734    20.2777 0.0000e+00
      1.907     -0.050     3.8219     39.747     29.539  26.770211     1.9804      7.478   177.6779 2.1594e+01     5.5837      1.869      2.710    20.2037 0.0000e+00
      1.894     -0.040     3.7657     39.587     29.493  26.772241     2.0196      7.478   178.4339 2.2202e+01     5.7386      1.856      2.691    20.1920 0.0000e+00
      1.886     -0.031     3.6950     39.744     29.473  26.803871     2.0373      7.478   179.1560 2.2618e+01     5.8313      1.847      2.679    20.2122 0.0000e+00
      1.882     -0.023     3.6255     40.273     29.458  26.835809     2.0368      7.478   179.6973 2.2831e+01     5.8160      1.844      2.675    20.2468 0.0000e+00
      1.880     -0.019     3.5841     41.104     29.423  26.841547     2.0291      7.478   180.0744 2.3017e+01     5.7929      1.844      2.675    20.3019 0.0000e+00
      1.878     -0.019     3.5629     42.096     29.341  26.809911     2.0281      7.477   180.6177 2.3253e+01     5.8256      1.842      2.672    20.3773 0.0000e+00
      1.874     -0.025     3.5663     43.149     29.228  26.770268     2.0332      7.477   181.4482 2.3469e+01     5.8366      1.837      2.665    20.4699 0.0000e+00
      1.869     -0.035     3.6122     44.253     29.118  26.742610     2.0240      7.478   182.3723 2.3766e+01     5.7890      1.834      2.660    20.5500 0.0000e+00
      1.860     -0.045     3.6873     45.473     29.038  26.729140     2.0005      7.479   183.2733 2.4325e+01     5.7961      1.826      2.650    20.6071 0.0000e+00
      1.846     -0.053     3.7766     46.928     28.993  26.734259     1.9732      7.480   184.2545 2.5157e+01     5.8542      1.812      2.627    20.6635 0.0000e+00
      1.827     -0.058     3.8611     48.604     28.954  26.741174     1.9609      7.481   185.2020 2.6085e+01     5.8765      1.792      2.599    20.7803 0.0000e+00
      1.808     -0.060     3.9473     50.310     28.925  26.749433     1.9595      7.482   186.0390 2.6945e+01     5.8264      1.772      2.571    20.9329 0.0000e+00
      1.792     -0.058     4.0435     51.947     28.921  26.770782     1.9563      7.483   186.8891 2.7715e+01     5.7612      1.756      2.546    21.0250 0.0000e+00
      1.778     -0.053     4.1649     53.472     28.951  26.809187     1.9803      7.484   187.6517 2.8395e+01     5.8399      1.742      2.527    21.0997 0.0000e+00
      1.765     -0.048     4.3187     54.769     28.990  26.833503     2.0252      7.485   188.3758 2.9047e+01     5.9923      1.731      2.511    21.1813 0.0000e+00
      1.755     -0.044     4.4660     55.705     28.998  26.811246     2.0327      7.485   189.1052 2.9706e+01     6.0323      1.721      2.496    21.2401 0.0000e+00
      1.746     -0.043     4.6066     56.166     29.016  26.793557     2.0135      7.485   189.6736 3.0327e+01     6.0158      1.712      2.483    21.2855 0.0000e+00
      1.736     -0.043     4.7450     56.085     29.060  26.809722     2.0090      7.486   190.1723 3.1045e+01     6.0326      1.704      2.471    21.3114 0.0000e+00
      1.725     -0.044     4.8655     55.517     29.074  26.816514     2.0204      7.488   190.7473 3.1925e+01     6.0641      1.692      2.454    21.2901 0.0000e+00
      1.714     -0.046     4.9583     54.665     29.057  26.812284     2.0345      7.490   191.3768 3.2804e+01     6.0556      1.679      2.436    21.2263 0.0000e+00
      1.701     -0.047     5.0088     53.775     29.046  26.821979     2.0382      7.492   191.9333 3.3705e+01     5.9971      1.669      2.420    21.1578 0.0000e+00
      1.688     -0.047     5.0050     53.059     29.004  26.807004     2.0486      7.494   192.3995 3.4683e+01     5.9380      1.655      2.400    21.1113 0.0000e+00
      1.676     -0.046     4.9477     52.678     28.919  26.758022     2.0763      7.497   192.8831 3.5601e+01     5.8877      1.642      2.382    21.1016 0.0000e+00
      1.664     -0.043     4.8613     52.693     28.861  26.736845     2.0903      7.499   193.3934 3.6429e+01     5.8671      1.632      2.366    21.1272 0.0000e+00
      1.653     -0.038     4.7723     53.051     28.836  26.741146     2.0935      7.501   193.9234 3.7299e+01     5.8595      1.622      2.351    21.1662 0.0000e+00
      1.642     -0.030     4.6997     53.688     28.828  26.746689     2.1229      7.503   194.4719 3.8083e+01     5.9325      1.610      2.335    21.2051 0.0000e+00
      1.632     -0.020     4.6590     54.555     28.815  26.740491     2.1709      7.506   195.0351 3.8451e+01     6.1685      1.599      2.319    21.2533 0.0000e+00
      1.627     -0.009     4.6577     55.503     28.791  26.729606     2.1991      7.508   195.5719 3.8444e+01     6.3567      1.595      2.313    21.3174 0.0000e+00
      1.627      0.002     4.6865     56.330     28.786  26.741856     2.2068      7.509   196.0574 3.8110e+01     6.3630      1.594      2.313    21.3751 0.0000e+00
      1.630      0.011     4.7413     56.985     28.796  26.761860     2.2561      7.511   196.6030 3.7414e+01     6.3813      1.597      2.317    21.3905 0.0000e+00
      1.638      0.014     4.8226     57.518     28.812  26.781335     2.3535      7.514   197.0929 3.6565e+01     6.5440      1.606      2.329    21.3884 0.0000e+00
      1.647      0.012     4.9139     57.937     28.818  26.787191     2.4192      7.517   197.4205 3.5840e+01     6.7242      1.616      2.344    21.4110 0.0000e+00
      1.654      0.005     4.9837     58.229     28.803  26.769276     2.4430      7.520   197.7241 3.5516e+01     6.8191      1.624      2.355    21.4491 0.0000e+00
      1.655     -0.005     5.0355     58.345     28.798  26.754875     2.4414      7.524   198.0114 3.5676e+01     6.8028      1.625      2.357    21.4689 0.0000e+00
      1.650     -0.018     5.0843     58.259     28.797  26.739829     2.4246      7.527   198.3985 3.6105e+01     6.6982      1.619      2.348    21.4733 0.0000e+00
      1.642     -0.031     5.1199     58.022     28.776  26.714093     2.4227      7.530   198.8774 3.6666e+01     6.6131      1.611      2.336    21.4751 0.0000e+00
      1.632     -0.042     5.1490     57.716     28.740  26.697223     2.4356      7.534   199.1552 3.7504e+01     6.5941      1.601      2.323    21.4667 0.0000e+00
      1.619     -0.051     5.1626     57.468     28.665  26.662645     2.4396      7.539   199.2624 3.8577e+01     6.5706      1.587      2.302    21.4514 0.0000e+00
      1.604     -0.058     5.1551     57.441     28.575  26.612971     2.3874      7.544   199.3994 3.9757e+01     6.4310      1.574      2.283    21.4190 0.0000e+00
      1.589     -0.063     5.1349     57.748     28.538  26.603738     2.3039      7.548   199.6063 4.1111e+01     6.2720      1.559      2.262    21.3937 0.0000e+00
      1.571     -0.068     5.1009     58.413     28.529  26.614425     2.2703      7.551   199.7854 4.2584e+01     6.2543      1.541      2.235    21.4269 0.0000e+00
      1.553     -0.072     5.0652     59.341     28.514  26.615446     2.2716      7.555   199.8438 4.4102e+01     6.2516      1.524      2.210    21.5034 0.0000e+00
      1.534     -0.074     5.0531     60.382     28.502  26.616106     2.3034      7.560   199.8827 4.5773e+01     6.2388      1.505      2.183    21.5695 0.0000e+00
      1.514     -0.069     5.0752     61.458     28.498  26.622413     2.3717      7.565   199.9109 4.7655e+01     6.3388      1.485      2.154    21.6081 0.0000e+00
      1.493     -0.058     5.1333     62.473     28.500  26.628330     2.4152      7.571   199.8414 4.9699e+01     6.4700      1.464      2.124    21.6399 0.0000e+00
      1.473     -0.044     5.2195     63.297     28.496  26.624282     2.4301      7.577   199.5581 5.1172e+01     6.5614      1.441      2.090    21.6674 0.0000e+00
      1.460     -0.029     5.3095     63.920     28.509  26.636844     2.4603      7.584   198.9809 5.1106e+01     6.6914      1.427      2.069    21.6863 0.0000e+00
      1.460     -0.014     5.4038     64.335     28.522  26.653449     2.5052      7.590   198.0244 5.0004e+01     6.8470      1.430      2.074    21.7068 0.0000e+00
      1.466     -0.002     5.5000     64.505     28.495  26.634915     2.5317      7.595   197.0281 4.8830e+01     6.9405      1.439      2.087    21.7158 0.0000e+00
      1.471      0.007     5.5702     64.512     28.449  26.602908     2.5480      7.601   196.7431 4.7654e+01     7.0010      1.444      2.094    21.7096 0.0000e+00
      1.474      0.010     5.6251     64.458     28.411  26.583382     2.5690      7.607   197.0740 4.6222e+01     7.0320      1.446      2.098    21.7088 0.0000e+00
      1.475      0.010     5.6647     64.392     28.397  26.589002     2.5692      7.614   197.5017 4.4487e+01     7.0765      1.447      2.099    21.7173 0.0000e+00
      1.476      0.009     5.6738     64.361     28.400  26.607489     2.5512      7.622   197.5263 4.2364e+01     7.1973      1.447      2.099    21.7278 0.0000e+00
      1.478      0.006     5.6686     64.427     28.405  26.616789     2.5503      7.631   196.5969 3.9659e+01     7.2971      1.449      2.101    21.7476 0.0000e+00
      1.482      0.001     5.6602     64.596     28.435  26.638081     2.5667      7.640   194.3511 3.6598e+01     7.2928      1.454      2.108    21.7762 0.0000e+00
      1.486     -0.006     5.6493     64.836     28.488  26.674770     2.5918      7.650   191.9681 3.3647e+01     7.1111      1.458      2.114    21.8128 0.0000e+00
