Data/DataNotYetUploadedToEDI/Raw_CTD/RawDownloads/061322_bvr50_0004.cnv
* Sea-Bird SBE19plus  Data File:
* FileName = C:\R\Reservoirs\Data\DataNotYetUploadedToEDI\Raw_CTD\RawDownloads\061322_bvr01_0004.hex
* Software version 2.8.0.119
* Temperature SN = 7809
* Conductivity SN = 7809
* System UpLoad Time = Jun 14 2022 11:45:59
* <ApplicationData>
* <Seaterm232>
# nquan = 15
# nvalues = 770                         
# units = specified
# name 0 = depFM: Depth [fresh water, m]
# name 1 = dz/dtM: Descent Rate [m/s]
# name 2 = sbeox0Mg/L: Oxygen, SBE 43 [mg/l]
# name 3 = sbeox0PS: Oxygen, SBE 43 [% saturation]
# name 4 = specc: Specific Conductance [uS/cm]
# name 5 = c0uS/cm: Conductivity [uS/cm]
# name 6 = flECO-AFL: Fluorescence, WET Labs ECO-AFL/FL [mg/m^3]
# name 7 = ph: pH
# name 8 = orp: Oxidation Reduction Potential [mV]
# name 9 = par/sat/log: PAR/Logarithmic, Satlantic
# name 10 = turbWETntu0: Turbidity, WET Labs ECO [NTU]
# name 11 = prdM: Pressure, Strain Gauge [db]
# name 12 = prdE: Pressure, Strain Gauge [psi]
# name 13 = tv290C: Temperature [ITS-90, deg C]
# name 14 = flag:  0.000e+00
# span 0 =     -0.714,      8.535       
# span 1 =     -0.393,      0.175       
# span 2 =     0.0455,     9.7930       
# span 3 =      0.426,    122.308       
# span 4 =      1.009,    108.389       
# span 5 =   0.914194,  74.433957       
# span 6 =    -1.6197,     6.1853       
# span 7 =      7.222,      9.758       
# span 8 =  -171.2608,   177.2053       
# span 9 = 1.2330e-01, 2.1884e+03       
# span 10 =    -4.0209,    42.8319      
# span 11 =     -0.701,      8.370      
# span 12 =     -1.016,     12.140      
# span 13 =     9.3264,    27.0643      
# span 14 = 0.0000e+00, 0.0000e+00      
# interval = seconds: 0.25
# start_time = Jun 13 2022 09:45:55 [Instrument's time stamp, header]
# bad_flag = -9.990e-29
*END*
[from data line 386]
      6.906      0.128     0.0671      0.568     83.431  57.897783     0.8120      7.332  -103.2811 1.2344e-01     1.4365      6.772      9.821     9.7000 0.0000e+00
      6.953      0.134     0.0674      0.568     83.370  57.852444     0.8248      7.330  -103.5659 1.2347e-01     1.5072      6.825      9.898     9.7006 0.0000e+00
      6.991      0.135     0.0630      0.578     83.264  57.776549     0.8238      7.328  -103.8959 1.2348e-01     1.5120      6.858      9.947     9.7003 0.0000e+00
      7.023      0.125     0.0643      0.579     83.218  57.741929     0.8006      7.326  -104.1737 1.2349e-01     1.4600      6.886      9.988     9.6979 0.0000e+00
      7.053      0.105     0.0658      0.577     83.236  57.751275     0.7695      7.324  -104.3434 1.2349e-01     1.4251      6.918     10.034     9.6954 0.0000e+00
      7.081      0.084     0.0624      0.567     83.256  57.762585     0.7552      7.322  -104.5701 1.2345e-01     1.4313      6.946     10.074     9.6936 0.0000e+00
      7.101      0.065     0.0676      0.554     83.240  57.751699     0.7610      7.322  -104.9358 1.2347e-01     1.4669      6.966     10.104     9.6925 0.0000e+00
      7.114      0.050     0.0648      0.557     83.231  57.746629     0.7640      7.321  -105.2375 1.2353e-01     1.4465      6.980     10.123     9.6913 0.0000e+00
      7.119      0.042     0.0664      0.559     83.348  57.828247     0.7593      7.320  -105.4654 1.2351e-01     1.3550      6.982     10.126     9.6889 0.0000e+00
      7.120      0.043     0.0653      0.553     83.654  58.040220     0.7539      7.318  -105.7976 1.2352e-01     1.3167      6.981     10.126     9.6866 0.0000e+00
      7.125      0.054     0.0613      0.545     84.003  58.278097     0.7483      7.315  -106.1575 1.2354e-01     1.2911      6.986     10.133     9.6877 0.0000e+00
      7.135      0.071     0.0638      0.536     84.216  58.418970     0.7502      7.314  -106.4614 1.2348e-01     1.3866      6.993     10.143     9.6885 0.0000e+00
      7.156      0.087     0.0642      0.531     84.306  58.473805     0.7600      7.313  -106.8048 1.2340e-01     1.6525      7.011     10.170     9.6884 0.0000e+00
      7.191      0.102     0.0624      0.536     84.348  58.496696     0.7675      7.312  -107.1260 1.2341e-01     1.8079      7.050     10.225     9.6894 0.0000e+00
      7.230      0.113     0.0622      0.534     84.365  58.505279     0.7650      7.311  -107.3337 1.2342e-01     1.7955      7.094     10.289     9.6862 0.0000e+00
      7.260      0.119     0.0609      0.532     84.379  58.514092     0.7554      7.309  -107.5950 1.2337e-01     1.6742      7.122     10.330     9.6811 0.0000e+00
      7.284      0.120     0.0593      0.541     84.420  58.539774     0.7603      7.307  -107.9630 1.2342e-01     1.5371      7.140     10.356     9.6768 0.0000e+00
      7.310      0.118     0.0620      0.552     84.553  58.625336     0.7742      7.305  -108.2550 1.2352e-01     1.5372      7.166     10.393     9.6730 0.0000e+00
      7.343      0.119     0.0608      0.577     84.890  58.850268     0.7814      7.303  -108.4587 1.2356e-01     1.6080      7.200     10.444     9.6706 0.0000e+00
      7.376      0.124     0.0592      0.596     85.357  59.164341     0.7814      7.302  -108.7044 1.2355e-01     1.6410      7.234     10.492     9.6714 0.0000e+00
      7.406      0.129     0.0625      0.582     85.582  59.311902     0.7647      7.300  -108.9884 1.2346e-01     1.6626      7.263     10.534     9.6709 0.0000e+00
      7.438      0.131     0.0617      0.562     85.667  59.364666     0.7464      7.298  -109.2261 1.2339e-01     1.6985      7.293     10.579     9.6658 0.0000e+00
      7.473      0.129     0.0655      0.561     86.217  59.738804     0.7431      7.298  -109.4273 1.2339e-01     1.7338      7.327     10.627     9.6604 0.0000e+00
      7.509      0.125     0.0706      0.572     87.291  60.470643     0.7501      7.297  -109.6143 1.2343e-01     1.7488      7.364     10.681     9.6540 0.0000e+00
      7.544      0.123     0.0656      0.576     88.321  61.165804     0.7559      7.294  -109.8529 1.2343e-01     1.7427      7.401     10.735     9.6491 0.0000e+00
      7.574      0.123     0.0632      0.562     88.986  61.604244     0.7545      7.291  -110.1610 1.2343e-01     1.7284      7.430     10.776     9.6463 0.0000e+00
      7.599      0.122     0.0632      0.542     89.536  61.962130     0.7505      7.288  -110.4133 1.2343e-01     1.7120      7.451     10.806     9.6428 0.0000e+00
      7.626      0.120     0.0654      0.539     90.082  62.318162     0.7489      7.286  -110.6665 1.2343e-01     1.6815      7.475     10.841     9.6370 0.0000e+00
      7.659      0.116     0.0666      0.546     90.439  62.543643     0.7605      7.284  -110.8996 1.2344e-01     1.6328      7.508     10.891     9.6256 0.0000e+00
      7.695      0.111     0.0644      0.549     91.088  62.973956     0.7745      7.282  -110.9947 1.2344e-01     1.5667      7.548     10.948     9.6119 0.0000e+00
      7.729      0.105     0.0607      0.545     92.728  64.092004     0.7674      7.281  -111.1272 1.2338e-01     1.4969      7.585     11.000     9.5998 0.0000e+00
      7.754      0.100     0.0609      0.540     94.466  65.266489     0.7500      7.280  -111.3840 1.2333e-01     1.4390      7.608     11.034     9.5874 0.0000e+00
      7.770      0.095     0.0629      0.540     95.494  65.934392     0.7475      7.279  -111.6052 1.2335e-01     1.4126      7.620     11.051     9.5745 0.0000e+00
      7.787      0.093     0.0626      0.544     96.304  66.451900     0.7534      7.276  -111.7365 1.2337e-01     1.4508      7.633     11.070     9.5643 0.0000e+00
      7.810      0.097     0.0627      0.550     96.799  66.760370     0.7539      7.272  -111.9382 1.2337e-01     1.4914      7.657     11.105     9.5597 0.0000e+00
      7.838      0.105     0.0608      0.543     97.270  67.060136     0.7625      7.268  -112.3230 1.2341e-01     1.4933      7.686     11.148     9.5470 0.0000e+00
      7.869      0.115     0.0620      0.528     98.164  67.662801     0.7904      7.264  -112.6037 1.2342e-01     1.5081      7.717     11.193     9.5190 0.0000e+00
      7.899      0.124     0.0614      0.538     99.143  68.330946     0.8167      7.260  -112.6650 1.2343e-01     1.4993      7.747     11.236     9.4968 0.0000e+00
      7.930      0.129     0.0635      0.555    100.283  69.104692     0.8147      7.256  -112.8064 1.2344e-01     1.4557      7.776     11.277     9.4815 0.0000e+00
      7.964      0.129     0.0632      0.550    101.114  69.650023     0.8076      7.253  -113.0228 1.2338e-01     1.4933      7.808     11.324     9.4662 0.0000e+00
      8.001      0.126     0.0581      0.536    101.444  69.843008     0.8055      7.251  -113.0441 1.2337e-01     1.6465      7.846     11.380     9.4599 0.0000e+00
      8.038      0.125     0.0612      0.538    102.323  70.421685     0.7892      7.250  -112.8920 1.2344e-01     1.7708      7.885     11.435     9.4602 0.0000e+00
      8.068      0.125     0.0653      0.555    103.736  71.374302     0.7687      7.247  -112.9042 1.2349e-01     1.7661      7.916     11.480     9.4559 0.0000e+00
      8.093      0.130     0.0632      0.574    104.806  72.086475     0.7501      7.243  -113.1913 1.2346e-01     1.7267      7.937     11.511     9.4410 0.0000e+00
      8.118      0.138     0.0604      0.565    105.523  72.552835     0.7552      7.239  -113.6104 1.2342e-01     1.7729      7.958     11.542     9.4198 0.0000e+00
      8.151      0.150     0.0610      0.536    106.313  73.074204     0.7969      7.234  -114.0134 1.2343e-01     1.9148      7.990     11.589     9.4071 0.0000e+00
      8.194      0.162     0.0631      0.528    107.138  73.625475     0.8292      7.229  -114.3650 1.2345e-01     2.0414      8.033     11.651     9.4016 0.0000e+00
      8.245      0.168     0.0671      0.538    107.528  73.881508     0.8378      7.228  -114.6775 1.2345e-01     2.0736      8.085     11.727     9.3890 0.0000e+00
      8.298      0.163     0.0665      0.548    107.451  73.819170     0.8514      7.227  -114.8669 1.2340e-01     1.9625      8.140     11.805     9.3741 0.0000e+00
      8.347      0.144     0.0596      0.556    107.098  73.570613     0.8606      7.225  -115.0200 1.2336e-01     1.7572      8.188     11.876     9.3641 0.0000e+00
      8.386      0.114     0.0596      0.556    106.406  73.099858     0.8579      7.223  -115.3240 1.2342e-01     1.6752      8.229     11.934     9.3572 0.0000e+00
      8.412      0.082     0.0623      0.542    105.710  72.638065     0.8601      7.222  -115.7900 1.2347e-01     1.7225      8.256     11.974     9.3519 0.0000e+00
      8.422      0.055     0.0624      0.533    105.561  72.561344     0.8617      7.222  -116.2655 1.2343e-01     1.7484      8.264     11.986     9.3476 0.0000e+00
      8.422      0.036     0.0642      0.538    105.881  72.807551     0.8522      7.223  -116.6857 1.2344e-01     1.7496      8.259     11.979     9.3432 0.0000e+00
      8.420      0.026     0.0645      0.547    106.061  72.946703     0.8377      7.224  -117.0851 1.2345e-01     1.7707      8.255     11.973     9.3452 0.0000e+00
      8.422      0.023     0.0619      0.546    106.002  72.909714     0.8271      7.224  -117.3951 1.2341e-01     1.7651      8.257     11.975     9.3535 0.0000e+00
      8.432      0.025     0.0599      0.531    105.940  72.868569     0.8166      7.223  -117.5942 1.2342e-01     1.7156      8.268     11.992     9.3661 0.0000e+00
      8.446      0.027     0.0617      0.516    105.785  72.766874     0.8096      7.223  -117.7717 1.2348e-01     1.6846      8.284     12.015     9.3828 0.0000e+00
      8.456      0.028     0.0630      0.509    105.488  72.569554     0.8177      7.223  -117.9928 1.2354e-01     1.6979      8.294     12.029     9.3892 0.0000e+00
      8.461      0.026     0.0633      0.509    105.300  72.452215     0.8313      7.223  -118.2885 1.2356e-01     1.7402      8.298     12.035     9.3878 0.0000e+00
      8.465      0.023     0.0607      0.512    105.523  72.618743     0.8413      7.223  -118.5939 1.2353e-01     1.7852      8.301     12.039     9.3890 0.0000e+00
      8.468      0.022     0.0586      0.527    106.258  73.121862     0.8381      7.223  -118.8456 1.2348e-01     1.7983      8.304     12.044     9.3914 0.0000e+00
      8.473      0.023     0.0580      0.546    107.148  73.707025     0.8182      7.223  -119.0948 1.2348e-01     1.7613      8.309     12.051     9.3932 0.0000e+00
      8.479      0.026     0.0584      0.556    107.792  74.103059     0.8087      7.224  -119.2844 1.2353e-01     1.7143      8.315     12.060     9.3996 0.0000e+00
      8.487      0.028     0.0579      0.561    108.224  74.352356     0.8152      7.224  -119.3319 1.2352e-01     1.7078      8.322     12.070     9.4094 0.0000e+00
      8.496      0.028     0.0600      0.559    108.389  74.433957     0.8209      7.225  -119.4105 1.2343e-01     1.7176      8.332     12.084     9.4103 0.0000e+00
      8.505      0.027     0.0633      0.544    108.156  74.263697     0.8274      7.225  -119.9765 1.2348e-01     1.7297      8.341     12.097     9.3967 0.0000e+00
      8.512      0.026     0.0636      0.528    107.589  73.882127     0.8362      7.225  -120.9257 1.2358e-01     1.7511      8.347     12.107     9.3708 0.0000e+00
      8.519      0.023     0.0646      0.519    106.918  73.441877     0.8361      7.225  -121.5958 1.2350e-01     1.7374      8.354     12.116     9.3459 0.0000e+00
      8.524      0.018     0.0648      0.511    106.423  73.133871     0.8260      7.224  -121.7981 1.2341e-01     1.7355      8.359     12.124     9.3308 0.0000e+00
      8.528      0.014     0.0625      0.506    106.014  72.889964     0.8224      7.224  -121.6501 1.2345e-01     1.7968      8.363     12.129     9.3264 0.0000e+00
      8.530      0.011     0.0597      0.507    105.353  72.462313     0.8251      7.224  -121.5277 1.2349e-01     1.8291      8.366     12.133     9.3317 0.0000e+00
      8.532      0.007     0.0598      0.508    104.427  71.838492     0.8264      7.224  -121.6945 1.2348e-01     1.7851      8.368     12.137     9.3405 0.0000e+00
      8.534      0.005     0.0581      0.514    103.653  71.319047     0.8291      7.224  -121.9469 1.2347e-01     1.7422      8.369     12.138     9.3564 0.0000e+00
      8.535      0.003     0.0577      0.532    103.070  70.946283     0.8247      7.226  -122.1702 1.2347e-01     1.7201      8.370     12.139     9.3779 0.0000e+00
      8.535      0.001     0.0581      0.543    102.469  70.571239     0.8062      7.226  -122.3291 1.2352e-01     1.6882      8.370     12.140     9.3912 0.0000e+00
      8.535     -0.001     0.0580      0.526    102.082  70.341793     0.8057      7.226  -122.4054 1.2356e-01     1.6981      8.369     12.139     9.3941 0.0000e+00
      8.534     -0.003     0.0577      0.505    102.027  70.331906     0.8265      7.227  -122.5761 1.2355e-01     1.8751      8.369     12.138     9.3971 0.0000e+00
      8.534     -0.004     0.0611      0.510    101.991  70.324676     0.8330      7.227  -122.9301 1.2348e-01     2.1543      8.369     12.138     9.4118 0.0000e+00
      8.533     -0.005     0.0640      0.536    101.783  70.190871     0.8175      7.227  -123.2449 1.2345e-01     2.2722      8.368     12.137     9.4342 0.0000e+00
      8.530     -0.005     0.0603      0.544    101.573  70.048057     0.7974      7.227  -123.4565 1.2341e-01     2.2418      8.365     12.133     9.4530 0.0000e+00
      8.528     -0.005     0.0564      0.531    101.410  69.931887     0.7899      7.228  -123.6820 1.2336e-01     2.1971      8.363     12.130     9.4664 0.0000e+00
      8.527     -0.006     0.0567      0.510    100.943  69.612043     0.7852      7.229  -123.9067 1.2340e-01     2.0741      8.362     12.128     9.4754 0.0000e+00
      8.527     -0.016     0.0630      0.504     99.626  68.721655     0.7738      7.229  -124.0225 1.2349e-01     1.8811      8.361     12.127     9.4800 0.0000e+00
      8.527     -0.045     0.0629      0.522     96.953  66.915473     0.7605      7.229  -124.0491 1.2354e-01     1.7756      8.362     12.129     9.4807 0.0000e+00
      8.526     -0.100     0.0610      0.536     93.598  64.668092     0.7573      7.232  -124.1431 1.2356e-01     1.7552      8.363     12.129     9.4768 0.0000e+00
      8.517     -0.180     0.0581      0.534     90.767  62.824178     0.7596      7.237  -124.3844 1.2352e-01     1.7030      8.358     12.122     9.4753 0.0000e+00
      8.483     -0.265     0.0551      0.519     88.308  61.258778     0.7474      7.243  -124.9015 1.2349e-01     1.6574      8.337     12.092     9.4850 0.0000e+00
      8.400     -0.337     0.0610      0.512     86.266  59.964219     0.7342      7.249  -125.7487 1.2354e-01     1.6813      8.262     11.982     9.5019 0.0000e+00
      8.264     -0.383     0.0612      0.511     85.100  59.235513     0.7420      7.255  -126.6264 1.2356e-01     1.7186      8.111     11.763     9.5341 0.0000e+00
      8.111     -0.393     0.0620      0.493     84.315  58.733613     0.7744      7.262  -127.1676 1.2350e-01     1.6641      7.941     11.518     9.5994 0.0000e+00
      7.984     -0.370     0.0585      0.483     83.729  58.339873     0.8097      7.267  -127.4746 1.2346e-01     1.5358      7.814     11.334     9.6878 0.0000e+00
      7.899     -0.321     0.0567      0.497     83.568  58.220494     0.8200      7.271  -127.7564 1.2346e-01     1.4653      7.735     11.218     9.7639 0.0000e+00
      7.846     -0.263     0.0601      0.520     83.530  58.179009     0.8151      7.272  -127.9079 1.2345e-01     1.4940      7.689     11.153     9.8088 0.0000e+00
      7.810     -0.213     0.0547      0.548     83.424  58.092202     0.8167      7.273  -127.9297 1.2344e-01     1.5759      7.660     11.110     9.8329 0.0000e+00
