Data/DataNotYetUploadedToEDI/Raw_CTD/RawDownloads/061322_bvr01_0002.cnv
* Sea-Bird SBE19plus  Data File:
* FileName = C:\R\Reservoirs\Data\DataNotYetUploadedToEDI\Raw_CTD\RawDownloads\061322_bvr01_0002.hex
* Software version 2.8.0.119
* Temperature SN = 7809
* Conductivity SN = 7809
* System UpLoad Time = Jun 14 2022 11:45:09
* <ApplicationData>
* <Seaterm232>
# nquan = 15
# nvalues = 1448                        
# units = specified
# name 0 = depFM: Depth [fresh water, m]
# name 1 = dz/dtM: Descent Rate [m/s]
# name 2 = sbeox0Mg/L: Oxygen, SBE 43 [mg/l]
# name 3 = sbeox0PS: Oxygen, SBE 43 [% saturation]
# name 4 = specc: Specific Conductance [uS/cm]
# name 5 = c0uS/cm: Conductivity [uS/cm]
# name 6 = flECO-AFL: Fluorescence, WET Labs ECO-AFL/FL [mg/m^3]
# name 7 = ph: pH
# name 8 = orp: Oxidation Reduction Potential [mV]
# name 9 = par/sat/log: PAR/Logarithmic, Satlantic
# name 10 = turbWETntu0: Turbidity, WET Labs ECO [NTU]
# name 11 = prdM: Pressure, Strain Gauge [db]
# name 12 = prdE: Pressure, Strain Gauge [psi]
# name 13 = tv290C: Temperature [ITS-90, deg C]
# name 14 = flag:  0.000e+00
# span 0 =     -0.717,      3.383       
# span 1 =     -0.183,      0.164       
# span 2 =     0.0641,    10.1968       
# span 3 =      0.634,    121.066       
# span 4 =      0.276,     55.422       
# span 5 =   0.308222,  44.003076       
# span 6 =    -1.1585,     4.1391       
# span 7 =      6.939,     10.051       
# span 8 =  -882.5096,   232.4450       
# span 9 = 2.4193e+00, 2.5679e+03       
# span 10 =    -0.3932,    13.1206      
# span 11 =     -0.703,      3.318      
# span 12 =     -1.020,      4.812      
# span 13 =    14.4840,    30.6342      
# span 14 = 0.0000e+00, 0.0000e+00      
# interval = seconds: 0.25
# start_time = Jun 13 2022 08:28:21 [Instrument's time stamp, header]
# bad_flag = -9.990e-29
*END*
[from data line 772]
      2.404      0.021     3.9110     38.591     29.218  26.410469     1.3413      8.735   183.2990 7.2182e+00     5.8233      2.358      3.419    20.3422 0.0000e+00
      2.408      0.022     3.8045     37.753     29.271  26.409747     1.2537      8.730   183.4792 7.1408e+00     5.7358      2.361      3.425    20.2660 0.0000e+00
      2.412      0.023     3.6907     37.136     29.388  26.438888     1.2072      8.725   183.5464 7.0498e+00     5.7319      2.365      3.429    20.2134 0.0000e+00
      2.417      0.023     3.5821     36.696     29.473  26.445793     1.2118      8.719   183.5099 6.9407e+00     5.7763      2.370      3.436    20.2257 0.0000e+00
      2.425      0.023     3.4873     36.357     29.486  26.429756     1.2260      8.713   183.6390 6.8351e+00     5.7597      2.378      3.450    20.2157 0.0000e+00
      2.434      0.022     3.4149     35.953     29.476  26.435095     1.2460      8.707   183.9027 6.7616e+00     5.6335      2.388      3.463    20.1293 0.0000e+00
      2.440      0.020     3.3734     35.400     29.457  26.446992     1.2539      8.701   184.0320 6.7344e+00     5.5148      2.394      3.473    19.9758 0.0000e+00
      2.444      0.017     3.3425     34.811     29.440  26.446877     1.2545      8.694   184.1701 6.7301e+00     5.5197      2.397      3.476    19.8261 0.0000e+00
      2.446      0.013     3.3225     34.281     29.435  26.433720     1.2693      8.689   184.3674 6.7353e+00     5.5905      2.399      3.479    19.7829 0.0000e+00
      2.448      0.011     3.2872     33.782     29.434  26.414665     1.3003      8.682   184.5250 6.7509e+00     5.6193      2.401      3.482    19.8296 0.0000e+00
      2.450      0.010     3.2251     33.308     29.427  26.406610     1.3212      8.675   184.6993 6.7801e+00     5.5951      2.403      3.485    19.8963 0.0000e+00
      2.453      0.011     3.1658     32.956     29.404  26.399701     1.3145      8.670   184.9258 6.8310e+00     5.5711      2.405      3.490    19.9331 0.0000e+00
      2.455      0.014     3.1214     32.805     29.388  26.394535     1.3105      8.664   185.1123 6.8890e+00     5.5679      2.408      3.493    19.9062 0.0000e+00
      2.458      0.018     3.0811     32.830     29.427  26.407544     1.3227      8.658   185.2330 6.9273e+00     5.5566      2.410      3.495    19.8507 0.0000e+00
      2.463      0.021     3.0325     32.939     29.530  26.430194     1.3289      8.654   185.4392 6.9478e+00     5.5025      2.415      3.502    19.8518 0.0000e+00
      2.470      0.024     2.9956     33.032     29.632  26.414775     1.3270      8.651   185.6272 6.9618e+00     5.4942      2.422      3.513    19.8896 0.0000e+00
      2.477      0.026     2.9811     32.964     29.697  26.347743     1.3164      8.647   185.6987 6.9598e+00     5.5596      2.429      3.523    19.9186 0.0000e+00
      2.485      0.026     2.9883     32.530     29.795  26.316746     1.2669      8.642   185.7875 6.9437e+00     5.5413      2.437      3.535    19.8989 0.0000e+00
      2.493      0.025     3.0085     31.548     29.927  26.356740     1.1871      8.638   186.0127 6.9357e+00     5.4088      2.445      3.547    19.7693 0.0000e+00
      2.499      0.023     3.0328     30.000     29.985  26.387533     1.1340      8.633   186.2705 6.9482e+00     5.2907      2.451      3.555    19.5763 0.0000e+00
      2.504      0.022     3.0471     28.099     29.949  26.372128     1.1244      8.628   186.4092 6.9715e+00     5.2744      2.455      3.561    19.3577 0.0000e+00
      2.508      0.022     3.0282     26.190     29.839  26.297269     1.1365      8.622   186.5721 6.9877e+00     5.3822      2.459      3.567    19.1294 0.0000e+00
      2.513      0.022     2.9468     24.562     29.707  26.179644     1.1389      8.616   186.7764 6.9860e+00     5.5013      2.464      3.573    18.9926 0.0000e+00
      2.519      0.022     2.7964     23.323     29.650  26.090804     1.1208      8.610   186.9008 6.9683e+00     5.5189      2.470      3.583    18.9732 0.0000e+00
      2.526      0.022     2.6051     22.472     29.679  26.047025     1.1085      8.604   187.0441 6.9551e+00     5.4920      2.477      3.593    19.0223 0.0000e+00
      2.533      0.022     2.4142     21.950     29.741  26.030501     1.1074      8.598   187.2182 6.9499e+00     5.4504      2.484      3.602    19.0766 0.0000e+00
      2.538      0.021     2.2612     21.630     29.787  26.017683     1.0993      8.592   187.2854 6.9406e+00     5.3916      2.490      3.611    19.0826 0.0000e+00
      2.542      0.020     2.1504     21.416     29.832  26.018745     1.0854      8.587   187.3394 6.9383e+00     5.3272      2.493      3.616    19.0158 0.0000e+00
      2.547      0.019     2.0776     21.264     29.896  26.043287     1.0803      8.582   187.5273 6.9459e+00     5.2864      2.497      3.622    18.8764 0.0000e+00
      2.551      0.019     2.0407     21.141     29.953  26.060853     1.0876      8.577   187.7507 6.9443e+00     5.3081      2.502      3.629    18.7442 0.0000e+00
      2.556      0.020     2.0173     21.034     30.040  26.104336     1.1401      8.571   187.8896 6.9283e+00     5.3511      2.506      3.636    18.6582 0.0000e+00
      2.561      0.021     2.0001     20.942     30.172  26.188703     1.2323      8.566   188.0022 6.9168e+00     5.3621      2.512      3.643    18.6008 0.0000e+00
      2.566      0.022     1.9900     20.881     30.285  26.256926     1.2705      8.562   188.1657 6.8908e+00     5.3391      2.516      3.649    18.5535 0.0000e+00
      2.572      0.023     1.9797     20.837     30.366  26.295363     1.2525      8.558   188.3169 6.8326e+00     5.3460      2.521      3.657    18.4997 0.0000e+00
      2.578      0.023     1.9734     20.750     30.452  26.336495     1.2228      8.552   188.2823 6.7846e+00     5.3426      2.528      3.667    18.4437 0.0000e+00
      2.585      0.023     1.9649     20.567     30.537  26.373922     1.1776      8.547   188.1773 6.7455e+00     5.1958      2.535      3.677    18.3954 0.0000e+00
      2.591      0.023     1.9612     20.222     30.578  26.367544     1.1468      8.542   188.2527 6.7062e+00     5.0394      2.542      3.687    18.3465 0.0000e+00
      2.596      0.023     1.9628     19.687     30.570  26.322704     1.1421      8.536   188.4196 6.6844e+00     5.0237      2.546      3.694    18.2920 0.0000e+00
      2.601      0.023     1.9570     19.008     30.542  26.275401     1.0876      8.529   188.5606 6.6543e+00     4.9722      2.551      3.699    18.2417 0.0000e+00
      2.607      0.023     1.9451     18.220     30.516  26.239250     0.9791      8.522   188.6656 6.6106e+00     4.7916      2.557      3.707    18.1833 0.0000e+00
      2.613      0.023     1.9176     17.373     30.495  26.202491     0.9123      8.517   188.7438 6.5625e+00     4.6158      2.563      3.717    18.1098 0.0000e+00
      2.620      0.023     1.8659     16.560     30.456  26.147831     0.8957      8.511   188.8172 6.5125e+00     4.5211      2.569      3.726    18.0359 0.0000e+00
      2.626      0.023     1.8030     15.804     30.407  26.085387     0.8863      8.505   188.9509 6.4836e+00     4.4658      2.576      3.736    18.0036 0.0000e+00
      2.631      0.023     1.7277     15.057     30.356  26.017892     0.8735      8.499   189.1557 6.4603e+00     4.4258      2.580      3.743    17.9962 0.0000e+00
      2.637      0.022     1.6436     14.304     30.328  25.965543     0.8663      8.493   189.3143 6.4254e+00     4.4138      2.585      3.750    17.9598 0.0000e+00
      2.643      0.021     1.5676     13.586     30.362  25.959456     0.8573      8.486   189.4068 6.3834e+00     4.3883      2.592      3.759    17.9219 0.0000e+00
      2.649      0.020     1.4990     12.878     30.391  25.944251     0.8480      8.480   189.4991 6.3398e+00     4.4252      2.597      3.767    17.8909 0.0000e+00
      2.654      0.019     1.4313     12.118     30.391  25.908406     0.8535      8.474   189.4844 6.3087e+00     4.5530      2.603      3.776    17.8520 0.0000e+00
      2.659      0.018     1.3567     11.315     30.426  25.906292     0.8571      8.468   189.3142 6.2861e+00     4.6000      2.607      3.782    17.8092 0.0000e+00
      2.663      0.016     1.2918     10.518     30.474  25.918656     0.8499      8.461   189.2481 6.2678e+00     4.5841      2.611      3.787    17.7475 0.0000e+00
      2.667      0.014     1.2303      9.792     30.513  25.931106     0.8419      8.455   189.3741 6.2484e+00     4.5659      2.615      3.793    17.6777 0.0000e+00
      2.670      0.013     1.1572      9.178     30.520  25.930028     0.8590      8.450   189.4613 6.2275e+00     4.4488      2.619      3.798    17.6171 0.0000e+00
      2.673      0.012     1.0811      8.688     30.498  25.905615     0.8992      8.444   189.4418 6.2175e+00     4.2610      2.621      3.803    17.5686 0.0000e+00
      2.676      0.012     1.0027      8.333     30.506  25.889449     0.9112      8.438   189.4823 6.2041e+00     4.1403      2.624      3.806    17.5189 0.0000e+00
      2.678      0.013     0.9330      8.115     30.516  25.861301     0.8963      8.433   189.6065 6.1727e+00     4.1159      2.626      3.809    17.4767 0.0000e+00
      2.681      0.016     0.8743      8.025     30.511  25.818753     0.8696      8.429   189.7391 6.1431e+00     4.1373      2.629      3.813    17.4746 0.0000e+00
      2.685      0.019     0.8267      8.021     30.474  25.755243     0.8288      8.425   189.7954 6.1162e+00     4.1598      2.632      3.818    17.4802 0.0000e+00
      2.690      0.023     0.7935      8.040     30.402  25.663780     0.8032      8.420   189.6841 6.0685e+00     4.1483      2.637      3.825    17.4405 0.0000e+00
      2.697      0.027     0.7737      8.026     30.364  25.600175     0.7922      8.415   189.5984 6.0042e+00     4.1018      2.644      3.835    17.3664 0.0000e+00
      2.705      0.029     0.7675      7.919     30.348  25.556587     0.7720      8.410   189.7056 5.9420e+00     4.0406      2.653      3.848    17.3009 0.0000e+00
      2.714      0.030     0.7707      7.653     30.330  25.517000     0.7503      8.405   189.7756 5.8847e+00     3.9900      2.662      3.862    17.2518 0.0000e+00
      2.723      0.029     0.7745      7.190     30.330  25.501775     0.7457      8.399   189.7565 5.8193e+00     3.9342      2.670      3.873    17.2047 0.0000e+00
      2.731      0.027     0.7761      6.555     30.336  25.499248     0.7407      8.393   189.8194 5.7503e+00     3.8773      2.678      3.884    17.1503 0.0000e+00
      2.738      0.024     0.7695      5.818     30.323  25.486438     0.7317      8.388   189.9329 5.7007e+00     3.8483      2.684      3.894    17.0967 0.0000e+00
      2.743      0.022     0.7458      5.055     30.311  25.473647     0.7377      8.382   190.0114 5.6775e+00     3.7888      2.690      3.901    17.0579 0.0000e+00
      2.747      0.021     0.7007      4.333     30.316  25.471342     0.7460      8.376   190.0794 5.6582e+00     3.7043      2.694      3.907    17.0317 0.0000e+00
      2.750      0.021     0.6365      3.723     30.312  25.458563     0.7485      8.370   190.1532 5.6191e+00     3.6471      2.696      3.911    17.0199 0.0000e+00
      2.755      0.022     0.5629      3.285     30.311  25.445879     0.7439      8.365   190.2149 5.5624e+00     3.6095      2.701      3.918    17.0222 0.0000e+00
      2.762      0.023     0.4869      3.004     30.324  25.444736     0.7398      8.360   190.3097 5.4933e+00     3.6265      2.708      3.928    17.0202 0.0000e+00
      2.770      0.023     0.4154      2.844     30.335  25.444726     0.7484      8.355   190.2670 5.4198e+00     3.7151      2.717      3.941    17.0072 0.0000e+00
      2.777      0.022     0.3527      2.770     30.342  25.445746     0.7488      8.350   190.1286 5.3543e+00     3.7588      2.723      3.950    16.9902 0.0000e+00
      2.782      0.021     0.3125      2.712     30.352  25.457058     0.7368      8.344   190.1858 5.3054e+00     3.7100      2.728      3.957    16.9702 0.0000e+00
      2.786      0.019     0.2870      2.652     30.344  25.454741     0.7446      8.338   190.2703 5.2783e+00     3.6725      2.732      3.963    16.9507 0.0000e+00
      2.790      0.019     0.2712      2.610     30.303  25.417742     0.7766      8.331   190.2034 5.2647e+00     3.6805      2.736      3.968    16.9329 0.0000e+00
      2.793      0.020     0.2688      2.579     30.278  25.389981     0.7990      8.326   190.1514 5.2417e+00     3.7040      2.739      3.972    16.9213 0.0000e+00
      2.798      0.021     0.2627      2.564     30.264  25.372590     0.7985      8.320   190.1566 5.1993e+00     3.6839      2.744      3.979    16.9301 0.0000e+00
      2.804      0.021     0.2555      2.581     30.236  25.334218     0.7950      8.314   190.0950 5.1487e+00     3.6427      2.750      3.988    16.9446 0.0000e+00
      2.812      0.020     0.2525      2.622     30.245  25.306297     0.7992      8.309   190.0942 5.1010e+00     3.6497      2.758      4.000    16.9379 0.0000e+00
      2.818      0.019     0.2494      2.644     30.285  25.288465     0.8067      8.304   190.1472 5.0573e+00     3.6656      2.765      4.010    16.9204 0.0000e+00
      2.823      0.017     0.2471      2.624     30.295  25.245299     0.8112      8.298   190.1345 5.0111e+00     3.6643      2.770      4.016    16.9186 0.0000e+00
      2.826      0.015     0.2483      2.575     30.321  25.227975     0.7956      8.293   190.1984 4.9737e+00     3.7021      2.772      4.020    16.9070 0.0000e+00
      2.828      0.014     0.2554      2.515     30.392  25.269095     0.7681      8.287   190.3175 4.9559e+00     3.8147      2.773      4.021    16.8419 0.0000e+00
      2.830      0.014     0.2585      2.443     30.423  25.298797     0.7531      8.281   190.3698 4.9406e+00     3.8987      2.775      4.025    16.7443 0.0000e+00
      2.833      0.016     0.2564      2.341     30.378  25.270209     0.7467      8.276   190.4008 4.8983e+00     3.8982      2.778      4.030    16.6549 0.0000e+00
      2.838      0.019     0.2514      2.229     30.348  25.240349     0.7579      8.271   190.4336 4.8228e+00     3.8428      2.782      4.036    16.5842 0.0000e+00
      2.843      0.023     0.2450      2.124     30.393  25.254651     0.7799      8.267   190.4220 4.7519e+00     3.7413      2.787      4.043    16.5515 0.0000e+00
      2.850      0.026     0.2403      2.046     30.434  25.252974     0.7889      8.263   190.4332 4.7042e+00     3.6951      2.794      4.052    16.5697 0.0000e+00
      2.858      0.028     0.2279      2.018     30.445  25.220026     0.7995      8.258   190.4828 4.6478e+00     3.7296      2.803      4.065    16.6005 0.0000e+00
      2.866      0.030     0.2170      2.015     30.515  25.236496     0.8085      8.253   190.5063 4.5746e+00     3.7142      2.810      4.076    16.5938 0.0000e+00
      2.874      0.030     0.2066      1.999     30.666  25.325299     0.7985      8.248   190.5444 4.5102e+00     3.7480      2.818      4.088    16.5494 0.0000e+00
      2.882      0.029     0.1973      1.971     30.803  25.406393     0.7940      8.243   190.5996 4.4581e+00     3.8985      2.826      4.099    16.4889 0.0000e+00
      2.889      0.027     0.1967      1.945     30.824  25.393021     0.8047      8.239   190.5720 4.4091e+00     3.9286      2.833      4.109    16.4135 0.0000e+00
      2.896      0.027     0.1982      1.907     30.741  25.290341     0.8116      8.236   190.4679 4.3626e+00     3.8735      2.840      4.118    16.3429 0.0000e+00
      2.902      0.028     0.1969      1.860     30.655  25.178928     0.8190      8.231   190.3729 4.3176e+00     3.8809      2.846      4.127    16.2869 0.0000e+00
      2.908      0.029     0.1928      1.820     30.641  25.123329     0.8357      8.227   190.2836 4.2686e+00     3.9156      2.852      4.136    16.2371 0.0000e+00
