Data/DataNotYetUploadedToEDI/Raw_CTD/RawDownloads/061322_fcr50_0005.cnv
* Sea-Bird SBE19plus  Data File:
* FileName = C:\R\Reservoirs\Data\DataNotYetUploadedToEDI\Raw_CTD\RawDownloads\061322_bvr01_0005.hex
* Software version 2.8.0.119
* Temperature SN = 7809
* Conductivity SN = 7809
* System UpLoad Time = Jun 14 2022 11:46:33
* <ApplicationData>
* <Seaterm232>
# nquan = 15
# nvalues = 1264                        
# units = specified
# name 0 = depFM: Depth [fresh water, m]
# name 1 = dz/dtM: Descent Rate [m/s]
# name 2 = sbeox0Mg/L: Oxygen, SBE 43 [mg/l]
# name 3 = sbeox0PS: Oxygen, SBE 43 [% saturation]
# name 4 = specc: Specific Conductance [uS/cm]
# name 5 = c0uS/cm: Conductivity [uS/cm]
# name 6 = flECO-AFL: Fluorescence, WET Labs ECO-AFL/FL [mg/m^3]
# name 7 = ph: pH
# name 8 = orp: Oxidation Reduction Potential [mV]
# name 9 = par/sat/log: PAR/Logarithmic, Satlantic
# name 10 = turbWETntu0: Turbidity, WET Labs ECO [NTU]
# name 11 = prdM: Pressure, Strain Gauge [db]
# name 12 = prdE: Pressure, Strain Gauge [psi]
# name 13 = tv290C: Temperature [ITS-90, deg C]
# name 14 = flag:  0.000e+00
# span 0 =     -0.665,      9.519       
# span 1 =     -0.284,      0.203       
# span 2 =     0.0037,    15.4393       
# span 3 =      0.119,    179.070       
# span 4 =      0.484,    289.352       
# span 5 =   0.544569, 203.016602       
# span 6 =    -0.7799,   232.7680       
# span 7 =      6.935,     10.350       
# span 8 = -1240.7455,   335.4334       
# span 9 = 1.2347e-01, 2.2904e+03       
# span 10 =    -1.7613,   420.5743      
# span 11 =     -0.652,      9.335      
# span 12 =     -0.945,     13.540      
# span 13 =     9.9632,    31.2183      
# span 14 = 0.0000e+00, 0.0000e+00      
# interval = seconds: 0.25
# start_time = Jun 13 2022 11:02:15 [Instrument's time stamp, header]
# bad_flag = -9.990e-29
*END*
[from data line 1157]
     -0.629     -0.143    11.4516    114.912      7.097   6.396349     0.0688      9.771    91.6446 2.6062e+02     0.4194     -0.634     -0.918    20.5102 0.0000e+00
     -0.647     -0.093    11.6202    104.809      4.447   4.003260    -0.0608      9.766    73.9216 2.5415e+02    -0.2209     -0.638     -0.925    20.2783 0.0000e+00
     -0.648     -0.039    11.6655     94.396      6.134   5.528130    -0.0729      9.756    49.6439 2.5250e+02    -0.2745     -0.635     -0.921    20.1483 0.0000e+00
     -0.648      0.004    11.2928     84.900      7.364   6.662221    -0.1191      9.749    39.1014 2.5268e+02    -0.2629     -0.635     -0.920    20.0661 0.0000e+00
     -0.644      0.029    10.5069     76.988      6.868   6.255650    -0.2036      9.745    37.5693 2.5219e+02    -0.1488     -0.635     -0.922    20.0185 0.0000e+00
     -0.629      0.039     9.5376     70.986      6.538   5.994530    -0.2452      9.742    37.1413 2.5148e+02    -0.0570     -0.624     -0.905    19.9830 0.0000e+00
     -0.606      0.040     8.5540     67.060      6.494   5.974684    -0.2481      9.742    34.6152 2.5113e+02    -0.0747     -0.589     -0.854    19.9681 0.0000e+00
     -0.590      0.037     7.6389     65.099      6.253   5.762457    -0.2556      9.745    29.4830 2.5077e+02    -0.1241     -0.574     -0.833    20.1847 0.0000e+00
     -0.585      0.030     6.8564     64.540      6.052   5.581305    -0.2353      9.750    25.8506 2.5093e+02    -0.1759     -0.575     -0.833    20.6080 0.0000e+00
     -0.584      0.020     6.2764     64.719      5.820   5.367307    -0.1768      9.757    24.1661 2.5304e+02    -0.2573     -0.573     -0.831    20.8873 0.0000e+00
     -0.583      0.010     5.9102     65.242      5.575   5.137802    -0.1307      9.764    23.0540 2.5546e+02    -0.3223     -0.572     -0.829    21.0180 0.0000e+00
     -0.582      0.005     5.7482     65.870      5.385   4.959080    -0.1195      9.768    22.4712 2.5705e+02    -0.3467     -0.571     -0.827    21.0944 0.0000e+00
     -0.581      0.004     5.7218     66.448      5.273   4.852565    -0.1250      9.768    21.2500 2.5853e+02    -0.3137     -0.569     -0.826    21.1156 0.0000e+00
     -0.579      0.004     5.7469     66.940      6.873   6.319141    -0.1301      9.768    21.3664 2.5875e+02    -0.2644     -0.568     -0.824    21.1046 0.0000e+00
     -0.579      0.007     5.8050     67.358     10.566   9.709746    -0.1402      9.768    23.5342 2.5820e+02    -0.2973     -0.568     -0.824    21.0714 0.0000e+00
     -0.579      0.012     5.8703     67.698     14.063  12.919611    -0.1557      9.770    24.1439 2.5826e+02    -0.3700     -0.568     -0.824    21.0383 0.0000e+00
     -0.579      0.016     5.9255     67.966     15.415  14.160110    -0.1426      9.779    23.5759 2.5867e+02    -0.3575     -0.568     -0.824    21.0067 0.0000e+00
     -0.574      0.018     5.9719     68.186     15.036  13.813441    -0.0983      9.791    23.6352 2.5859e+02    -0.3173     -0.567     -0.822    20.9764 0.0000e+00
     -0.564      0.019     6.0131     68.355     15.220  13.985649    -0.0770      9.802    24.0008 2.6049e+02    -0.3622     -0.553     -0.802    20.9467 0.0000e+00
     -0.554      0.018     6.0456     68.468     15.191  13.962625    -0.0848      9.812    24.5550 2.6458e+02    -0.4216     -0.540     -0.782    20.9307 0.0000e+00
     -0.549      0.015     6.0683     68.548     13.485  12.395293    -0.0847      9.823    25.0014 2.6515e+02    -0.4213     -0.538     -0.779    20.9246 0.0000e+00
     -0.548      0.010     6.0894     68.619     10.586   9.729602    -0.0752      9.833    24.8375 2.6397e+02    -0.3586     -0.537     -0.780    20.9208 0.0000e+00
     -0.548      0.005     6.1026     68.676      7.826   7.191351    -0.0710      9.841    24.3801 2.6425e+02    -0.3124     -0.538     -0.779    20.9386 0.0000e+00
     -0.548      0.001     6.1098     68.708      6.006   5.516450    -0.0750      9.846    24.4613 2.6424e+02    -0.3410     -0.538     -0.780    20.9561 0.0000e+00
     -0.548     -0.001     6.1153     68.727      5.023   4.611721    -0.0901      9.851    23.8404 2.6397e+02    -0.2940     -0.537     -0.779    20.9570 0.0000e+00
     -0.548     -0.004     6.1233     68.745      4.540   4.166630    -0.1123      9.861    25.9937 2.6377e+02    -0.1543     -0.538     -0.781    20.9498 0.0000e+00
     -0.548     -0.011     6.1304     68.767      3.806   3.490348    -0.1345      9.872    36.9024 2.6367e+02    -0.0871     -0.538     -0.780    20.9376 0.0000e+00
     -0.548     -0.025     6.1348     68.788      3.506   3.209102    -0.1594      9.879    52.7471 2.6351e+02    -0.0956     -0.537     -0.779    20.9193 0.0000e+00
     -0.550     -0.041     6.1385     68.811      3.760   3.425360    -0.1723      9.880    68.5508 2.6301e+02    -0.0866     -0.538     -0.780    20.9018 0.0000e+00
     -0.560     -0.054     6.1424     68.842      3.805   3.446143    -0.3152      9.880    84.6427 2.6334e+02     0.0569     -0.546     -0.791    20.8778 0.0000e+00
     -0.582     -0.060     6.1466     68.875      3.766   3.397035    -0.6132      9.877   101.2186 2.6253e+02     0.2721     -0.566     -0.820    20.8645 0.0000e+00
     -0.613     -0.060     6.1526     68.910      3.849   3.464675    -0.7799      9.871   117.7974 2.6470e+02     0.3632     -0.602     -0.874    20.8282 0.0000e+00
     -0.638     -0.053     6.1852     68.955      3.827   3.440935    -0.7664      9.865   133.9247 3.3734e+02     0.5095     -0.636     -0.922    20.5735 0.0000e+00
     -0.647     -0.040     6.2305     68.999      3.603   3.236624    -0.5083      9.860   148.8265 6.1921e+02     2.1437     -0.637     -0.924    20.2302 0.0000e+00
     -0.647     -0.025     6.2538     69.040      3.365   3.020253    -0.0556      9.856   162.4623 7.7660e+02     5.0573     -0.634     -0.919    20.0667 0.0000e+00
     -0.647     -0.011     6.2643     69.087      3.180   2.850679     0.1799      9.851   175.4136 4.9450e+02     6.5998     -0.636     -0.920    20.0012 0.0000e+00
     -0.647     -0.002     6.2755     69.130      3.021   2.705707     0.1991      9.848   188.1480 2.4478e+02     6.6525     -0.634     -0.919    19.9516 0.0000e+00
     -0.647 7.1986e-09     6.2845     69.158      2.902   2.596852     0.1605      9.846   200.8820 2.2193e+02     5.7967     -0.635     -0.921    19.9123 0.0000e+00
     -0.647 7.9185e-08     6.2926     69.179      2.849   2.547429     0.0706      9.843   213.5702 2.2178e+02     4.2453     -0.635     -0.920    19.8697 0.0000e+00
     -0.647 7.9185e-08     6.3031     69.199      2.644   2.361372     0.0273      9.843   227.2143 2.1946e+02     3.4376     -0.634     -0.920    19.8275 0.0000e+00
     -0.647 7.1985e-09     6.3131     69.218      2.234   1.993197     0.0457      9.844   241.1810 2.1830e+02     3.3755     -0.634     -0.920    19.7838 0.0000e+00
     -0.647 6.5440e-10     6.3204     69.254      1.983   1.767560     0.0682      9.843   253.4671 2.1679e+02     2.8799     -0.634     -0.920    19.7406 0.0000e+00
     -0.648 5.9495e-11     6.3274     69.289      2.005   1.785584     0.0824      9.841   263.9995 2.1186e+02     1.9190     -0.635     -0.921    19.6971 0.0000e+00
     -0.648 5.4085e-12     6.3360     69.307      2.058   1.831290     0.0925      9.838   273.0231 2.0697e+02     1.4254     -0.635     -0.921    19.6534 0.0000e+00
     -0.647 4.9167e-13     6.3411     69.328      2.040   1.813759     0.0988      9.835   280.4036 2.0931e+02     1.3860     -0.635     -0.921    19.6076 0.0000e+00
     -0.647 4.4697e-14     6.3519     69.347      2.056   1.826834     0.0837      9.831   286.1265 2.7137e+02     1.2720     -0.635     -0.921    19.5617 0.0000e+00
     -0.647 4.0633e-15     6.3616     69.355      2.169   1.926066    -0.0728      9.827   292.6584 3.4331e+02     0.6958     -0.635     -0.921    19.5199 0.0000e+00
     -0.647 3.6796e-16     6.3654     69.361      2.183   1.937388    -0.3374      9.823   301.0454 3.1558e+02    -0.2516     -0.635     -0.921    19.4835 0.0000e+00
     -0.647 1.7794e-17     6.3731     69.374      2.000   1.773813    -0.4686      9.818   307.8616 2.6525e+02    -0.7551     -0.634     -0.920    19.4507 0.0000e+00
     -0.647 -1.706e-16     6.3787     69.386      1.870   1.657512    -0.4772      9.814   312.6081 2.5440e+02    -0.8150     -0.635     -0.922    19.4207 0.0000e+00
     -0.647 -1.910e-15     6.3825     69.400      1.886   1.670676    -0.4163      9.811   316.7912 2.4774e+02    -0.8040     -0.635     -0.921    19.3927 0.0000e+00
     -0.647 -2.101e-14     6.3863     69.425      1.898   1.679762    -0.2820      9.807   320.5830 2.3558e+02    -0.7589     -0.634     -0.920    19.3643 0.0000e+00
     -0.647 -2.312e-13     6.3917     69.444      1.855   1.640758    -0.2019      9.803   324.0381 2.1695e+02    -0.7815     -0.635     -0.921    19.3355 0.0000e+00
     -0.647 -2.543e-12     6.3970     69.464      1.786   1.578902    -0.1963      9.798   327.3346 2.0107e+02    -0.8388     -0.634     -0.920    19.3063 0.0000e+00
     -0.648 -2.797e-11     6.4002     69.495      1.771   1.564902    -0.1974      9.795   330.4991 1.9903e+02    -0.7346     -0.635     -0.921    19.2773 0.0000e+00
     -0.648 -3.077e-10     6.4082     69.516      1.809   1.598095    -0.1908      9.793   332.2716 2.1295e+02    -0.4786     -0.635     -0.921    19.2505 0.0000e+00
     -0.648 -3.384e-09     6.4123     69.536      1.813   1.600418    -0.1914      9.791   328.1169 2.4235e+02    -0.3388     -0.635     -0.921    19.2255 0.0000e+00
     -0.647 -3.723e-08     6.4162     69.568      1.805   1.592982    -0.1969      9.779   261.0784 2.8886e+02    -0.3430     -0.635     -0.921    19.2002 0.0000e+00
     -0.647 -4.095e-07     6.4248     69.598      1.854   1.634787    -0.1907      9.759   136.4651 3.6730e+02    -0.2562     -0.635     -0.921    19.1741 0.0000e+00
     -0.647     -0.000     6.4285     69.612      1.959   1.726061    -0.1487      9.754    72.6967 7.6810e+02    -0.1091     -0.635     -0.920    19.1494 0.0000e+00
     -0.647     -0.000     6.4332     69.625      2.056   1.810320     0.3266      9.762    74.5252 1.4686e+03    -0.1008     -0.635     -0.920    19.1261 0.0000e+00
     -0.647     -0.001     6.4391     69.636      2.151   1.893900     5.5986      9.766    81.9982 1.5143e+03    -0.1560     -0.635     -0.921    19.1033 0.0000e+00
     -0.648     -0.001     6.4466     69.633      2.318   2.040265    63.5781      9.760    89.1438 8.5607e+02    -0.4008     -0.636     -0.922    19.0812 0.0000e+00
     -0.648     -0.001     6.4489     69.610      2.631   2.313904   169.9122      9.749    95.8765 6.8576e+02    -0.9091     -0.635     -0.921    19.0589 0.0000e+00
     -0.648     -0.000     6.4532     69.517      3.037   2.670212   227.9326      9.741   103.1751 9.0460e+02    -1.2460     -0.635     -0.921    19.0364 0.0000e+00
     -0.649 -1.861e-08     6.4586     69.310      3.262   2.866489   232.7680      9.738   109.5917 1.0836e+03    -1.2968     -0.636     -0.923    19.0139 0.0000e+00
     -0.649 -2.048e-07     6.4594     68.986      3.174   2.787863   227.9850      9.737   114.1778 1.2076e+03    -1.2159     -0.636     -0.922    18.9927 0.0000e+00
     -0.648 -2.048e-07     6.4633     68.577      3.041   2.669156   170.0768      9.737   118.1868 8.9122e+02    -0.6095     -0.635     -0.921    18.9719 0.0000e+00
     -0.648 -1.861e-08     6.4586     68.126      3.003   2.634060    63.8110      9.732   121.4975 9.7304e+02     0.4666     -0.635     -0.921    18.9501 0.0000e+00
     -0.649 -1.692e-09     6.4423     67.687      2.985   2.616737     5.8366      9.721   124.7824 1.7311e+03     1.0689     -0.636     -0.922    18.9293 0.0000e+00
     -0.649 -1.538e-10     6.4134     67.317      3.097   2.712937     0.5773      9.707   128.5641 2.0989e+03     1.1049     -0.636     -0.921    18.9096 0.0000e+00
     -0.649 -1.399e-11     6.3773     67.023      3.252   2.847593     0.1206      9.696   131.6881 1.6797e+03     0.7312     -0.635     -0.922    18.8848 0.0000e+00
     -0.649 -1.272e-12     6.3377     66.786      3.187   2.788785     0.0901      9.691   135.0215 8.7813e+02     0.0684     -0.636     -0.923    18.8544 0.0000e+00
     -0.649 -1.156e-13     6.2978     66.597      2.941   2.571654     0.0918      9.690   138.8410 5.8955e+02    -0.2473     -0.636     -0.922    18.8262 0.0000e+00
     -0.649 -1.051e-14     6.2666     66.442      2.718   2.374729     0.1002      9.691   142.1630 1.0551e+03    -0.2511     -0.636     -0.923    18.8001 0.0000e+00
     -0.649 -9.550e-16     6.2440     66.315      2.570   2.243669     0.0751      9.694   144.8155 1.3142e+03    -0.2844     -0.635     -0.922    18.7734 0.0000e+00
     -0.649 -8.685e-17     6.2252     66.229      2.437   2.126529    -0.0036      9.696   147.2512 8.5024e+02    -0.3432     -0.636     -0.923    18.7450 0.0000e+00
     -0.648 -7.895e-18     6.2120     66.172      2.333   2.034594    -0.0688      9.697   149.7588 4.6168e+02    -0.3468     -0.636     -0.922    18.7145 0.0000e+00
     -0.648 -7.175e-19     6.2023     66.118      2.243   1.955056    -0.0892      9.699   151.9906 4.4239e+02    -0.3273     -0.635     -0.922    18.6827 0.0000e+00
     -0.648 -6.525e-20     6.1933     66.079      2.136   1.861195    -0.1583      9.701   153.7582 4.5643e+02    -0.6893     -0.636     -0.922    18.6510 0.0000e+00
     -0.648 -5.930e-21     6.1890     66.079      2.051   1.785989    -0.2968      9.703   155.3854 4.6658e+02    -1.4097     -0.635     -0.922    18.6234 0.0000e+00
     -0.648 -5.390e-22     6.1886     66.105      2.001   1.742104    -0.3738      9.704   157.2099 4.6273e+02    -1.7613     -0.635     -0.922    18.6001 0.0000e+00
     -0.648 -4.902e-23     6.1854     66.135      1.965   1.710414    -0.3737      9.705   159.1265 4.4929e+02    -1.6957     -0.636     -0.922    18.5790 0.0000e+00
     -0.648 -4.456e-24     6.1821     66.160      1.904   1.656034    -0.3540      9.705   160.8353 4.3175e+02    -1.5390     -0.635     -0.922    18.5597 0.0000e+00
     -0.648 -4.051e-25     6.1860     66.190      1.829   1.591034    -0.1943      9.705   162.8139 4.1529e+02    -0.0373     -0.636     -0.922    18.5420 0.0000e+00
     -0.648 -3.683e-26     6.1908     66.224      1.791   1.557540     0.1016      9.705   166.1856 4.5045e+02     2.7639     -0.635     -0.921    18.5254 0.0000e+00
     -0.648 -3.348e-27     6.1961     66.251      1.731   1.504289     0.2691      9.705   169.1655 8.5915e+02     4.2504     -0.635     -0.921    18.5100 0.0000e+00
     -0.648 -3.044e-28     6.1998     66.274      1.600   1.390304     0.2743      9.706   169.0735 1.6276e+03     4.2042     -0.636     -0.922    18.4954 0.0000e+00
     -0.648 -2.767e-29     6.2041     66.307      1.519   1.318811     0.1645      9.708   166.2788 2.1119e+03     2.9910     -0.636     -0.922    18.4812 0.0000e+00
     -0.648 -2.515e-30     6.2101     66.359      1.539   1.336205    -0.0275      9.710   163.5952 2.2087e+03     0.8889     -0.635     -0.921    18.4674 0.0000e+00
     -0.648 -2.286e-31     6.2138     66.416      1.552   1.347403    -0.1240      9.710   162.9547 2.1903e+03    -0.1704     -0.635     -0.921    18.4543 0.0000e+00
     -0.648 -2.079e-32     6.2173     66.453      1.529   1.327592    -0.1285      9.711   162.8367 1.8336e+03    -0.2530     -0.636     -0.922    18.4413 0.0000e+00
     -0.648 -1.890e-33     6.2213     66.478      1.555   1.349882    -0.1233      9.712   163.5454 1.3120e+03    -0.3146     -0.635     -0.921    18.4289 0.0000e+00
     -0.648 -1.718e-34     6.2278     66.506      1.644   1.427005    -0.0941      9.711   170.4044 1.0826e+03    -0.3005     -0.635     -0.921    18.4178 0.0000e+00
     -0.648 -1.562e-35     6.2360     66.531      1.729   1.500440    -0.0663      9.707   185.6271 8.4667e+02    -0.2865     -0.636     -0.922    18.4096 0.0000e+00
     -0.648 -1.420e-36     6.2396     66.556      1.777   1.541435    -0.0709      9.697   237.1262 5.5615e+02    -0.3168     -0.636     -0.922    18.4049 0.0000e+00
