Data/DataNotYetUploadedToEDI/Raw_CTD/RawDownloads/061322_bvr01_0002.cnv
* Sea-Bird SBE19plus  Data File:
* FileName = C:\R\Reservoirs\Data\DataNotYetUploadedToEDI\Raw_CTD\RawDownloads\061322_bvr01_0002.hex
* Software version 2.8.0.119
* Temperature SN = 7809
* Conductivity SN = 7809
* System UpLoad Time = Jun 14 2022 11:45:09
* <ApplicationData>
* <Seaterm232>
# nquan = 15
# nvalues = 1448                        
# units = specified
# name 0 = depFM: Depth [fresh water, m]
# name 1 = dz/dtM: Descent Rate [m/s]
# name 2 = sbeox0Mg/L: Oxygen, SBE 43 [mg/l]
# name 3 = sbeox0PS: Oxygen, SBE 43 [% saturation]
# name 4 = specc: Specific Conductance [uS/cm]
# name 5 = c0uS/cm: Conductivity [uS/cm]
# name 6 = flECO-AFL: Fluorescence, WET Labs ECO-AFL/FL [mg/m^3]
# name 7 = ph: pH
# name 8 = orp: Oxidation Reduction Potential [mV]
# name 9 = par/sat/log: PAR/Logarithmic, Satlantic
# name 10 = turbWETntu0: Turbidity, WET Labs ECO [NTU]
# name 11 = prdM: Pressure, Strain Gauge [db]
# name 12 = prdE: Pressure, Strain Gauge [psi]
# name 13 = tv290C: Temperature [ITS-90, deg C]
# name 14 = flag:  0.000e+00
# span 0 =     -0.717,      3.383       
# span 1 =     -0.183,      0.164       
# span 2 =     0.0641,    10.1968       
# span 3 =      0.634,    121.066       
# span 4 =      0.276,     55.422       
# span 5 =   0.308222,  44.003076       
# span 6 =    -1.1585,     4.1391       
# span 7 =      6.939,     10.051       
# span 8 =  -882.5096,   232.4450       
# span 9 = 2.4193e+00, 2.5679e+03       
# span 10 =    -0.3932,    13.1206      
# span 11 =     -0.703,      3.318      
# span 12 =     -1.020,      4.812      
# span 13 =    14.4840,    30.6342      
# span 14 = 0.0000e+00, 0.0000e+00      
# interval = seconds: 0.25
# start_time = Jun 13 2022 08:28:21 [Instrument's time stamp, header]
# bad_flag = -9.990e-29
*END*
[from data line 1254]
      0.842     -0.065     8.7644     99.185     29.083  28.035418     3.1260      9.211   159.2876 1.8341e+02     9.9986      0.826      1.197    23.1112 0.0000e+00
      0.826     -0.064     8.6475     99.602     29.128  28.087101     3.1213      9.221   159.3196 1.8737e+02     9.9746      0.810      1.175    23.1126 0.0000e+00
      0.810     -0.064     8.5450    100.451     29.182  28.144281     3.1071      9.232   159.2644 1.9300e+02    10.0703      0.794      1.152    23.1393 0.0000e+00
      0.794     -0.064     8.4761    101.502     29.189  28.156301     3.0955      9.243   159.1364 1.9895e+02    10.2338      0.779      1.129    23.1743 0.0000e+00
      0.779     -0.065     8.4567    102.544     29.198  28.169066     3.0974      9.255   159.1482 2.0464e+02    10.2773      0.763      1.106    23.1962 0.0000e+00
      0.763     -0.066     8.4958    103.434     29.264  28.235231     3.0885      9.267   159.1496 2.1061e+02    10.2551      0.748      1.085    23.2082 0.0000e+00
      0.746     -0.066     8.5748    104.146     29.282  28.259044     3.0297      9.280   158.8091 2.1671e+02    10.3406      0.732      1.062    23.2170 0.0000e+00
      0.727     -0.063     8.6690    104.689     29.281  28.266835     2.9440      9.293   158.2145 2.2270e+02    10.4913      0.712      1.033    23.2256 0.0000e+00
      0.708     -0.057     8.7620    105.049     29.340  28.329443     2.9015      9.308   157.7241 2.3023e+02    10.5405      0.694      1.006    23.2338 0.0000e+00
      0.691     -0.047     8.8383    105.292     29.390  28.382169     2.8976      9.324   157.3542 2.4050e+02    10.5256      0.677      0.981    23.2328 0.0000e+00
      0.678     -0.036     8.8952    105.537     29.397  28.397246     2.9058      9.340   156.9253 2.5023e+02    10.6868      0.661      0.959    23.2445 0.0000e+00
      0.672     -0.023     8.9407    105.802     29.377  28.384984     2.9253      9.356   156.5820 2.5484e+02    11.0212      0.656      0.952    23.2661 0.0000e+00
      0.672     -0.012     8.9679    106.062     29.349  28.360689     2.9430      9.374   155.9570 2.5444e+02    11.2550      0.659      0.955    23.2737 0.0000e+00
      0.673     -0.002     8.9817    106.292     29.348  28.357053     2.9535      9.392   154.9620 2.5329e+02    11.2938      0.660      0.957    23.2781 0.0000e+00
      0.673      0.005     9.0014    106.484     29.334  28.341023     2.9675      9.405   154.8762 2.5365e+02    11.3525      0.660      0.958    23.2933 0.0000e+00
      0.675      0.008     9.0219    106.675     29.285  28.293636     2.9970      9.415   155.6068 2.5101e+02    11.5546      0.661      0.959    23.3098 0.0000e+00
      0.678      0.010     9.0437    106.865     29.280  28.291196     3.0275      9.422   155.6220 2.4359e+02    11.7228      0.665      0.964    23.3139 0.0000e+00
      0.682      0.014     9.0657    107.000     29.299  28.311532     3.0360      9.428   154.8882 2.3728e+02    11.7812      0.669      0.970    23.3075 0.0000e+00
      0.684      0.019     9.0807    107.035     29.271  28.285970     3.0085      9.432   154.4787 2.3244e+02    11.8506      0.671      0.973    23.3004 0.0000e+00
      0.688      0.023     9.0968    106.964     29.217  28.235681     2.9605      9.434   154.6287 2.2672e+02    11.9470      0.674      0.977    23.3016 0.0000e+00
      0.693      0.025     9.1151    106.808     29.192  28.210583     2.9467      9.434   154.8092 2.2107e+02    11.9904      0.679      0.984    23.3052 0.0000e+00
      0.703      0.024     9.1267    106.541     29.219  28.236065     2.9672      9.434   154.7672 2.1367e+02    11.9984      0.689      0.999    23.3096 0.0000e+00
      0.714      0.019     9.1298    106.165     29.275  28.290225     2.9662      9.435   154.5515 2.0670e+02    11.9757      0.702      1.018    23.3136 0.0000e+00
      0.722      0.010     9.1212    105.767     29.345  28.358335     2.9263      9.439   154.2650 2.0402e+02    11.7512      0.711      1.030    23.3157 0.0000e+00
      0.725     -0.002     9.1097    105.382     29.412  28.425707     2.8853      9.444   153.9711 2.0318e+02    11.4015      0.712      1.032    23.3151 0.0000e+00
      0.722     -0.016     9.0893    105.014     29.452  28.470937     2.8777      9.450   153.6656 2.0473e+02    11.2317      0.710      1.029    23.3110 0.0000e+00
      0.713     -0.028     9.0517    104.743     29.499  28.524898     2.8845      9.456   153.4099 2.1040e+02    11.2008      0.701      1.017    23.3108 0.0000e+00
      0.700     -0.038     9.0175    104.728     29.604  28.634438     2.8596      9.462   153.2032 2.1897e+02    11.0619      0.686      0.995    23.3119 0.0000e+00
      0.687     -0.047     8.9851    105.011     29.745  28.781178     2.8093      9.471   152.9724 2.2549e+02    10.8505      0.673      0.975    23.3153 0.0000e+00
      0.676     -0.054     8.9494    105.461     29.791  28.841207     2.7838      9.482   152.6849 2.2888e+02    10.7630      0.663      0.961    23.3287 0.0000e+00
      0.665     -0.060     8.9172    105.982     29.718  28.789763     2.7848      9.497   152.3941 2.3466e+02    10.7551      0.655      0.950    23.3439 0.0000e+00
      0.649     -0.064     8.9107    106.556     29.642  28.729706     2.7626      9.511   152.2091 2.4689e+02    10.5843      0.639      0.927    23.3560 0.0000e+00
      0.629     -0.067     8.9405    107.199     29.595  28.685579     2.7064      9.523   151.9968 2.6331e+02    10.2345      0.617      0.895    23.3700 0.0000e+00
      0.608     -0.068     8.9759    107.906     29.616  28.699949     2.6717      9.535   151.5488 2.7426e+02    10.0450      0.594      0.863    23.3970 0.0000e+00
      0.588     -0.066     9.0138    108.577     29.701  28.776660     2.6679      9.547   151.0083 2.7746e+02    10.0697      0.575      0.835    23.4371 0.0000e+00
      0.573     -0.061     9.0580    109.109     29.779  28.852418     2.6688      9.560   150.6234 2.8005e+02    10.1908      0.561      0.813    23.4633 0.0000e+00
      0.559     -0.052     9.1107    109.457     29.839  28.918663     2.6658      9.574   150.3374 2.8414e+02    10.3820      0.549      0.796    23.4631 0.0000e+00
      0.545     -0.041     9.1786    109.622     29.915  29.007134     2.6566      9.587   150.0454 2.8492e+02    10.4684      0.534      0.774    23.4477 0.0000e+00
      0.533     -0.029     9.2412    109.669     30.055  29.161467     2.6575      9.598   149.7593 2.8504e+02    10.5179      0.521      0.756    23.4342 0.0000e+00
      0.526     -0.015     9.2868    109.708     30.208  29.326755     2.6680      9.608   149.5448 2.8510e+02    10.6732      0.515      0.746    23.4361 0.0000e+00
      0.524     -0.002     9.3147    109.804     30.287  29.420884     2.6685      9.618   149.4310 2.8095e+02    10.7749      0.512      0.743    23.4490 0.0000e+00
      0.527      0.007     9.3224    109.993     30.257  29.412133     2.6550      9.628   149.2435 2.7268e+02    10.7576      0.515      0.748    23.4746 0.0000e+00
      0.534      0.011     9.3154    110.321     30.174  29.347759     2.6531      9.637   149.0855 2.6346e+02    10.7376      0.524      0.760    23.5115 0.0000e+00
      0.544      0.006     9.3130    110.820     30.158  29.339857     2.6622      9.647   148.9830 2.5712e+02    10.7027      0.533      0.774    23.5344 0.0000e+00
      0.550     -0.005     9.3163    111.429     30.196  29.379999     2.6320      9.657   148.3490 2.5814e+02    10.3360      0.542      0.785    23.5591 0.0000e+00
      0.549     -0.019     9.3237    112.026     30.198  29.389387     2.5715      9.666   147.6144 2.6817e+02     9.6859      0.542      0.786    23.6003 0.0000e+00
      0.539     -0.035     9.3441    112.535     30.188  29.389980     2.5465      9.672   147.9310 2.7355e+02     9.3662      0.532      0.772    23.6320 0.0000e+00
      0.522     -0.050     9.3867    112.931     30.303  29.513960     2.5544      9.677   148.6493 2.7366e+02     9.4082      0.513      0.744    23.6400 0.0000e+00
      0.504     -0.065     9.4436    113.238     30.590  29.810793     2.5336      9.685   148.7275 2.7478e+02     9.6131      0.492      0.714    23.6403 0.0000e+00
      0.488     -0.075     9.4932    113.468     30.876  30.126366     2.4788      9.693   148.5325 2.7707e+02     9.8974      0.480      0.695    23.6537 0.0000e+00
      0.471     -0.081     9.5340    113.610     31.043  30.350156     2.4408      9.701   148.4423 2.8803e+02    10.0099      0.465      0.674    23.6744 0.0000e+00
      0.448     -0.082     9.5633    113.765     31.113  30.488134     2.4242      9.710   148.3259 2.9763e+02    10.0169      0.440      0.639    23.6901 0.0000e+00
      0.421     -0.079     9.5847    114.090     31.085  30.526878     2.3690      9.716   148.0705 3.1059e+02    10.0159      0.413      0.599    23.7079 0.0000e+00
      0.396     -0.072     9.5968    114.602     31.008  30.501733     2.2725      9.722   147.8494 3.3732e+02     9.9300      0.387      0.560    23.7648 0.0000e+00
      0.376     -0.060     9.5859    115.215     30.911  30.437751     2.2151      9.730   147.8902 3.5742e+02     9.8316      0.365      0.530    23.8729 0.0000e+00
      0.364     -0.045     9.5699    115.848     30.779  30.323868     2.1986      9.737   147.9607 3.6149e+02     9.8173      0.355      0.515    23.9934 0.0000e+00
      0.357     -0.030     9.5780    116.434     30.720  30.265893     2.1901      9.743   147.8420 3.7005e+02     9.9628      0.349      0.506    24.1048 0.0000e+00
      0.353     -0.015     9.6093    116.903     30.772  30.307318     2.1960      9.748   147.6602 3.7998e+02    10.2234      0.345      0.501    24.1903 0.0000e+00
      0.352     -0.004     9.6542    117.236     30.792  30.317563     2.2032      9.752   147.4824 3.6978e+02    10.3377      0.344      0.499    24.2371 0.0000e+00
      0.353      0.001     9.7044    117.454     30.742  30.262973     2.2018      9.755   147.4139 3.5639e+02    10.2867      0.345      0.500    24.2632 0.0000e+00
      0.356      0.001     9.7560    117.517     30.768  30.281204     2.1796      9.760   147.4340 3.5472e+02    10.1533      0.348      0.506    24.2616 0.0000e+00
      0.360     -0.004     9.8014    117.412     30.905  30.411185     2.1507      9.764   147.2953 3.5743e+02     9.9551      0.354      0.514    24.2353 0.0000e+00
      0.362     -0.011     9.8295    117.240     30.990  30.503300     2.1523      9.769   147.0272 3.5793e+02     9.8376      0.357      0.518    24.2191 0.0000e+00
      0.358     -0.020     9.8502    117.037     30.976  30.507457     2.1575      9.774   146.8602 3.6703e+02     9.7911      0.352      0.511    24.2195 0.0000e+00
      0.350     -0.027     9.8605    116.777     30.976  30.524870     2.1384      9.778   146.8240 3.8727e+02     9.7689      0.344      0.499    24.2052 0.0000e+00
      0.338     -0.031     9.8487    116.494     31.026  30.587070     2.1129      9.782   147.0198 3.9766e+02     9.8076      0.331      0.481    24.1852 0.0000e+00
      0.324     -0.029     9.8316    116.321     31.050  30.625590     2.0908      9.784   147.3348 3.9490e+02     9.8148      0.316      0.459    24.2008 0.0000e+00
      0.314     -0.024     9.8092    116.334     31.017  30.610277     2.0787      9.786   147.2776 3.9985e+02     9.7883      0.306      0.444    24.2396 0.0000e+00
      0.309     -0.014     9.7814    116.426     30.985  30.592131     2.0748      9.789   147.0162 4.0723e+02     9.8278      0.302      0.438    24.2689 0.0000e+00
      0.309     -0.004     9.7503    116.492     30.983  30.596389     2.0607      9.791   147.0132 4.0180e+02    10.0879      0.302      0.438    24.2851 0.0000e+00
      0.310      0.004     9.7258    116.483     30.984  30.598378     2.0416      9.794   147.1558 4.0382e+02    10.5419      0.304      0.440    24.3095 0.0000e+00
      0.314      0.007     9.7288    116.447     30.939  30.552780     2.0345      9.797   147.1918 4.0381e+02    10.7738      0.307      0.445    24.3426 0.0000e+00
      0.319      0.007     9.7331    116.433     30.878  30.488829     2.0253      9.799   147.1043 3.9326e+02    10.7056      0.314      0.455    24.3657 0.0000e+00
      0.324      0.002     9.7403    116.382     30.918  30.522470     2.0051      9.801   146.8722 3.8750e+02    10.5370      0.320      0.464    24.3745 0.0000e+00
      0.325     -0.004     9.7378    116.327     31.045  30.642560     2.0065      9.803   146.6217 3.8487e+02    10.3749      0.320      0.465    24.3733 0.0000e+00
      0.322     -0.010     9.7309    116.367     31.133  30.736330     2.0337      9.805   146.5709 3.9169e+02    10.3167      0.317      0.459    24.3687 0.0000e+00
      0.315     -0.013     9.7364    116.473     31.144  30.768719     2.0344      9.807   146.7743 3.9759e+02    10.2777      0.310      0.449    24.3667 0.0000e+00
      0.308     -0.013     9.7322    116.618     31.131  30.780633     1.9979      9.810   146.9295 3.9939e+02    10.1771      0.301      0.437    24.3550 0.0000e+00
      0.302     -0.008     9.7248    116.834     31.085  30.753618     1.9680      9.813   146.7268 4.0391e+02    10.0904      0.295      0.428    24.3374 0.0000e+00
      0.300      0.002     9.7296    117.071     31.017  30.695690     1.9641      9.816   146.5612 4.0910e+02    10.0830      0.293      0.425    24.3471 0.0000e+00
      0.303      0.012     9.7327    117.279     31.036  30.714193     1.9760      9.817   146.6477 4.1055e+02    10.1224      0.296      0.428    24.3928 0.0000e+00
      0.308      0.022     9.7313    117.391     31.174  30.850545     2.0026      9.816   146.7399 4.0019e+02    10.3959      0.301      0.437    24.4375 0.0000e+00
      0.316      0.028     9.7500    117.397     31.329  31.013016     2.0363      9.815   146.7294 3.8330e+02    10.9303      0.308      0.447    24.4654 0.0000e+00
      0.328      0.029     9.7651    117.407     31.321  31.030355     2.0589      9.814   146.6074 3.6528e+02    11.2544      0.321      0.465    24.4840 0.0000e+00
      0.341      0.026     9.7871    117.497     31.193  30.933443     2.0681      9.815   146.3839 3.5378e+02    11.2752      0.335      0.487    24.4764 0.0000e+00
      0.349      0.022     9.8001    117.647     31.099  30.855638     2.0639      9.820   146.2638 3.4618e+02    11.2156      0.344      0.500    24.4674 0.0000e+00
      0.350      0.019     9.7919    117.688     31.032  30.786986     2.0582      9.823   146.4454 3.3125e+02    11.1147      0.345      0.500    24.4797 0.0000e+00
      0.349      0.016     9.7839    117.474     30.994  30.737316     2.0666      9.824   146.6001 3.1598e+02    11.0122      0.341      0.494    24.5261 0.0000e+00
      0.349      0.014     9.7773    117.081     31.034  30.762222     2.0812      9.826   146.5004 3.1339e+02    10.9668      0.340      0.492    24.5918 0.0000e+00
      0.354      0.012     9.7935    116.697     31.116  30.834522     2.0848      9.830   146.4448 3.1643e+02    10.9409      0.346      0.502    24.6131 0.0000e+00
      0.364      0.011     9.8048    116.417     31.130  30.850738     2.0606      9.832   146.5295 3.2119e+02    10.7678      0.359      0.520    24.6023 0.0000e+00
      0.370      0.009     9.7871    116.310     31.102  30.831505     2.0302      9.834   146.5789 3.2611e+02    10.4788      0.366      0.530    24.5838 0.0000e+00
      0.370      0.004     9.7520    116.428     31.117  30.855562     2.0251      9.836   146.5245 3.2705e+02    10.3505      0.363      0.526    24.5526 0.0000e+00
      0.367     -0.007     9.7219    116.681     31.142  30.888047     2.0246      9.838   146.3021 3.2925e+02    10.3437      0.360      0.522    24.5329 0.0000e+00
      0.365     -0.023     9.6966    117.022     31.218  30.970715     1.9900      9.839   145.8701 3.3689e+02    10.2600      0.358      0.519    24.5436 0.0000e+00
