Data/DataNotYetUploadedToEDI/Raw_CTD/RawDownloads/061322_fcr50_0005.cnv
* Sea-Bird SBE19plus  Data File:
* FileName = C:\R\Reservoirs\Data\DataNotYetUploadedToEDI\Raw_CTD\RawDownloads\061322_bvr01_0005.hex
* Software version 2.8.0.119
* Temperature SN = 7809
* Conductivity SN = 7809
* System UpLoad Time = Jun 14 2022 11:46:33
* <ApplicationData>
* <Seaterm232>
# nquan = 15
# nvalues = 1264                        
# units = specified
# name 0 = depFM: Depth [fresh water, m]
# name 1 = dz/dtM: Descent Rate [m/s]
# name 2 = sbeox0Mg/L: Oxygen, SBE 43 [mg/l]
# name 3 = sbeox0PS: Oxygen, SBE 43 [% saturation]
# name 4 = specc: Specific Conductance [uS/cm]
# name 5 = c0uS/cm: Conductivity [uS/cm]
# name 6 = flECO-AFL: Fluorescence, WET Labs ECO-AFL/FL [mg/m^3]
# name 7 = ph: pH
# name 8 = orp: Oxidation Reduction Potential [mV]
# name 9 = par/sat/log: PAR/Logarithmic, Satlantic
# name 10 = turbWETntu0: Turbidity, WET Labs ECO [NTU]
# name 11 = prdM: Pressure, Strain Gauge [db]
# name 12 = prdE: Pressure, Strain Gauge [psi]
# name 13 = tv290C: Temperature [ITS-90, deg C]
# name 14 = flag:  0.000e+00
# span 0 =     -0.665,      9.519       
# span 1 =     -0.284,      0.203       
# span 2 =     0.0037,    15.4393       
# span 3 =      0.119,    179.070       
# span 4 =      0.484,    289.352       
# span 5 =   0.544569, 203.016602       
# span 6 =    -0.7799,   232.7680       
# span 7 =      6.935,     10.350       
# span 8 = -1240.7455,   335.4334       
# span 9 = 1.2347e-01, 2.2904e+03       
# span 10 =    -1.7613,   420.5743      
# span 11 =     -0.652,      9.335      
# span 12 =     -0.945,     13.540      
# span 13 =     9.9632,    31.2183      
# span 14 = 0.0000e+00, 0.0000e+00      
# interval = seconds: 0.25
# start_time = Jun 13 2022 11:02:15 [Instrument's time stamp, header]
# bad_flag = -9.990e-29
*END*
[from data line 386]
      3.811      0.119     0.4567      2.095     47.858  34.371191     1.2129      8.481   120.6644 1.3959e+00     2.4119      3.736      5.418    11.6049 0.0000e+00
      3.833      0.114     0.3887      1.710     47.655  34.040966     1.1518      8.456   113.6728 1.3551e+00     2.3538      3.753      5.444    11.3760 0.0000e+00
      3.867      0.106     0.3389      1.450     48.063  34.196820     1.1619      8.432    96.0078 1.2825e+00     2.3768      3.790      5.498    11.2957 0.0000e+00
      3.907      0.099     0.2810      1.334     48.014  34.099590     1.1519      8.411    77.1777 1.2239e+00     2.4178      3.834      5.561    11.1198 0.0000e+00
      3.939      0.096     0.2282      1.417     47.479  33.689599     1.1141      8.394    65.7343 1.1971e+00     2.5077      3.871      5.615    10.8975 0.0000e+00
      3.955      0.099     0.1845      1.756     47.186  33.424528     1.1046      8.380    58.3138 1.1870e+00     2.6095      3.884      5.634    10.6992 0.0000e+00
      3.961      0.111     0.1567      2.309     47.055  33.240636     1.1781      8.369    49.3193 1.1670e+00     2.6575      3.881      5.628    10.5393 0.0000e+00
      3.976      0.129     0.1419      3.041     47.009  33.114617     1.8533      8.359    39.2366 1.1291e+00     2.7460      3.892      5.644    10.4903 0.0000e+00
      4.011      0.146     0.1461      3.991     47.102  33.105453     3.0678      8.350    32.1656 1.0714e+00     2.8607      3.926      5.695    10.4956 0.0000e+00
      4.066      0.156     0.1885      5.206     47.204  33.129748     3.7274      8.341    27.8383 9.8448e-01     2.9167      3.981      5.775    10.4320 0.0000e+00
      4.133      0.156     0.2531      6.692     47.262  33.154700     3.8028      8.332    23.6539 8.9900e-01     2.9791      4.057      5.885    10.3147 0.0000e+00
      4.188      0.148     0.3326      8.399     47.253  33.153510     3.9630      8.324    19.8601 8.5916e-01     3.1372      4.121      5.976    10.2122 0.0000e+00
      4.215      0.136     0.4385     10.204     47.193  33.115371     4.2575      8.318    18.5343 8.5201e-01     3.3251      4.138      6.002    10.1300 0.0000e+00
      4.225      0.129     0.5757     11.947     47.147  33.073995     4.4334      8.311    19.1529 8.3993e-01     3.4066      4.139      6.003    10.0779 0.0000e+00
      4.240      0.129     0.7446     13.469     47.109  33.033659     4.5334      8.303    19.5961 8.1968e-01     3.5078      4.155      6.025    10.0627 0.0000e+00
      4.270      0.134     0.9423     14.689     47.094  33.008085     5.5332      8.295    20.1934 7.8960e-01     4.1728      4.182      6.065    10.0814 0.0000e+00
      4.315      0.138     1.1512     15.578     47.128  33.018390     7.3751      8.287    21.3846 7.4226e-01     5.2301      4.225      6.129    10.0902 0.0000e+00
      4.374      0.134     1.3560     16.129     47.154  33.031421     8.3680      8.278    22.4696 6.9192e-01     5.7354      4.291      6.223    10.0726 0.0000e+00
      4.425      0.121     1.5303     16.420     47.162  33.038832     8.4412      8.271    23.5028 6.6781e-01     5.7729      4.352      6.312    10.0608 0.0000e+00
      4.449      0.103     1.6686     16.542     47.167  33.044594     8.4101      8.265    24.6710 6.7109e-01     5.9570      4.371      6.341    10.0419 0.0000e+00
      4.453      0.086     1.7719     16.547     47.159  33.037688     8.3498      8.259    25.4959 6.7433e-01     6.2537      4.364      6.329    10.0232 0.0000e+00
      4.459      0.075     1.8297     16.507     47.136  33.018725     8.3108      8.253    25.8183 6.6473e-01     6.3548      4.368      6.336    10.0197 0.0000e+00
      4.474      0.074     1.8577     16.474     47.123  33.005535     8.2974      8.247    26.0733 6.5177e-01     6.2913      4.386      6.362    10.0256 0.0000e+00
      4.496      0.078     1.8713     16.424     47.128  33.005008     8.3288      8.240    26.6009 6.4210e-01     6.3062      4.407      6.391    10.0293 0.0000e+00
      4.525      0.081     1.8681     16.350     47.142  33.012350     8.6899      8.234    27.3798 6.2032e-01     6.5342      4.435      6.432    10.0259 0.0000e+00
      4.557      0.078     1.8601     16.276     47.170  33.030899     9.3351      8.228    28.0915 5.9091e-01     6.8619      4.472      6.485    10.0233 0.0000e+00
      4.581      0.073     1.8599     16.183     47.184  33.039063     9.6800      8.222    28.4081 5.6980e-01     6.9885      4.499      6.526    10.0187 0.0000e+00
      4.591      0.069     1.8547     16.070     47.198  33.047652     9.7051      8.217    28.2833 5.6350e-01     6.9715      4.505      6.535    10.0130 0.0000e+00
      4.595      0.066     1.8436     15.989     47.232  33.071341     9.7466      8.212    28.1314 5.6318e-01     6.9987      4.503      6.531    10.0110 0.0000e+00
      4.606      0.063     1.8376     15.939     47.226  33.071870     9.8320      8.206    28.2919 5.4387e-01     7.0440      4.512      6.545    10.0102 0.0000e+00
      4.627      0.063     1.8281     15.880     47.190  33.054048     9.8808      8.200    28.5030 5.2015e-01     7.0754      4.535      6.578    10.0090 0.0000e+00
      4.655      0.068     1.8113     15.829     47.173  33.046082     9.8782      8.194    28.6185 5.0521e-01     7.0711      4.567      6.623    10.0066 0.0000e+00
      4.678      0.081     1.8020     15.786     47.163  33.038958     9.8498      8.188    28.7416 4.8949e-01     7.0259      4.593      6.661    10.0044 0.0000e+00
      4.688      0.100     1.8006     15.748     47.158  33.031315     9.8208      8.181    28.7879 4.8760e-01     7.0072      4.599      6.671    10.0100 0.0000e+00
      4.696      0.118     1.7903     15.742     47.148  33.017066     9.8189      8.172    29.0056 4.7549e-01     7.0497      4.597      6.668    10.0217 0.0000e+00
      4.723      0.131     1.7847     15.742     47.126  32.993482     9.8352      8.163    29.6534 4.3233e-01     7.0610      4.620      6.700    10.0257 0.0000e+00
      4.777      0.138     1.7819     15.740     47.142  32.999776    10.0020      8.155    30.5970 3.7693e-01     7.0762      4.681      6.790    10.0253 0.0000e+00
      4.838      0.136     1.7735     15.757     47.188  33.029747    10.3123      8.148    31.7254 3.1520e-01     7.1651      4.752      6.892    10.0222 0.0000e+00
      4.884      0.122     1.7767     15.788     47.196  33.038835    10.4827      8.143    32.8859 2.7910e-01     7.2476      4.799      6.961    10.0117 0.0000e+00
      4.908      0.098     1.7773     15.833     47.190  33.046259    10.5056      8.137    33.8729 2.7496e-01     7.2887      4.819      6.989    10.0022 0.0000e+00
      4.918      0.072     1.7749     15.903     47.185  33.056123    10.5057      8.130    34.6255 2.6987e-01     7.2858      4.825      6.998     9.9967 0.0000e+00
      4.921      0.053     1.7786     15.970     47.138  33.031300    10.5011      8.124    35.2752 2.5767e-01     7.2463      4.826      6.998     9.9934 0.0000e+00
      4.926      0.046     1.7818     16.010     47.093  32.999760    10.5084      8.119    36.1360 2.4575e-01     7.1531      4.828      7.003     9.9957 0.0000e+00
      4.938      0.048     1.7847     16.025     47.088  32.991795    10.5190      8.113    37.2031 2.3789e-01     7.0810      4.841      7.022    10.0100 0.0000e+00
      4.954      0.055     1.7941     16.030     47.107  32.998390    10.5369      8.108    38.2830 2.3721e-01     7.0916      4.859      7.046    10.0283 0.0000e+00
      4.972      0.063     1.8021     16.037     47.142  33.016088    10.6674      8.102    39.3846 2.2806e-01     7.0768      4.875      7.072    10.0378 0.0000e+00
      4.989      0.071     1.8066     16.046     47.148  33.015558    10.8983      8.097    40.2840 2.0567e-01     7.0390      4.893      7.096    10.0367 0.0000e+00
      5.007      0.081     1.8079     16.045     47.116  32.991973    11.0231      8.092    40.8970 1.8927e-01     7.0440      4.911      7.122    10.0296 0.0000e+00
      5.025      0.091     1.8078     16.020     47.101  32.984547    11.0365      8.089    41.3763 1.7917e-01     7.0690      4.928      7.146    10.0231 0.0000e+00
      5.046      0.099     1.8094     15.992     47.105  32.989167    10.9603      8.084    41.9496 1.7519e-01     7.1714      4.945      7.172    10.0156 0.0000e+00
      5.076      0.104     1.8105     15.968     47.102  32.984434    10.7919      8.079    42.7516 1.6445e-01     7.3590      4.975      7.215    10.0085 0.0000e+00
      5.111      0.103     1.8123     15.940     47.119  32.990727    10.6897      8.073    43.5871 1.4094e-01     7.4923      5.012      7.270    10.0076 0.0000e+00
      5.145      0.094     1.8072     15.914     47.141  33.001839    10.6815      8.068    44.3954 1.2659e-01     7.5533      5.048      7.322    10.0129 0.0000e+00
      5.173      0.079     1.8036     15.890     47.129  32.991974    10.6597      8.064    45.1244 1.2391e-01     7.5164      5.077      7.363    10.0169 0.0000e+00
      5.190      0.064     1.8024     15.868     47.136  32.998267    10.6007      8.059    45.4323 1.2388e-01     7.3533      5.093      7.388    10.0127 0.0000e+00
      5.197      0.054     1.7984     15.832     47.157  33.014519    10.5677      8.054    45.5369 1.2634e-01     7.2553      5.098      7.395    10.0042 0.0000e+00
      5.198      0.049     1.7964     15.792     47.135  32.998268    10.5601      8.049    45.9594 1.2861e-01     7.2886      5.097      7.393     9.9996 0.0000e+00
      5.203      0.046     1.7927     15.767     47.130  32.991985    10.4175      8.043    46.4972 1.2634e-01     7.3799      5.097      7.394     9.9985 0.0000e+00
      5.219      0.045     1.7920     15.737     47.148  33.001954    10.1422      8.038    47.0492 1.2384e-01     7.4710      5.113      7.417    10.0002 0.0000e+00
      5.244      0.045     1.7873     15.695     47.134  32.991986     9.9863      8.033    47.5566 1.2360e-01     7.4677      5.145      7.463    10.0042 0.0000e+00
      5.262      0.042     1.7802     15.662     47.141  32.998271     9.9726      8.028    47.2122 1.2360e-01     7.4418      5.168      7.495    10.0040 0.0000e+00
      5.266      0.036     1.7809     15.654     47.160  33.014543     9.9934      8.022    46.4117 1.2358e-01     7.5002      5.164      7.491     9.9980 0.0000e+00
      5.268      0.027     1.7767     15.666     47.129  32.998509    10.0294      8.017    46.5681 1.2356e-01     7.5583      5.161      7.487     9.9946 0.0000e+00
      5.273      0.019     1.7714     15.681     47.114  32.994632    10.0413      8.013    47.2966 1.2355e-01     7.5293      5.174      7.504     9.9957 0.0000e+00
      5.278      0.014     1.7666     15.686     47.157  33.031079    10.0376      8.010    48.1643 1.2354e-01     7.4921      5.177      7.509     9.9966 0.0000e+00
      5.281      0.012     1.7659     15.687     47.182  33.058769    10.0595      8.005    49.2305 1.2355e-01     7.5184      5.177      7.508     9.9977 0.0000e+00
      5.286      0.010     1.7682     15.709     47.186  33.075817    10.2146      7.999    49.3471 1.2359e-01     7.5054      5.187      7.522    10.0064 0.0000e+00
      5.288      0.009     1.7693     15.750     47.206  33.110408    10.4815      7.994    48.5418 1.2364e-01     7.4038      5.188      7.524    10.0145 0.0000e+00
      5.288      0.013     1.7706     15.778     47.154  33.096604    10.6230      7.989    48.2698 1.2363e-01     7.3143      5.183      7.518    10.0175 0.0000e+00
      5.289      0.022     1.7679     15.784     47.053  33.035744    10.6363      7.984    48.6386 1.2359e-01     7.2777      5.188      7.524    10.0290 0.0000e+00
      5.291      0.032     1.7700     15.784     47.032  33.008609    10.7752      7.980    49.3873 1.2361e-01     7.3367      5.188      7.523    10.0445 0.0000e+00
      5.297      0.039     1.7759     15.787     47.080  33.022130    11.0530      7.975    50.0948 1.2364e-01     7.4462      5.187      7.524    10.0650 0.0000e+00
      5.316      0.043     1.7779     15.794     47.161  33.072400    11.2075      7.970    49.8803 1.2364e-01     7.5089      5.211      7.558    10.0966 0.0000e+00
      5.341      0.045     1.7767     15.792     47.202  33.109164    11.1870      7.965    49.3744 1.2362e-01     7.5138      5.243      7.605    10.1139 0.0000e+00
      5.354      0.047     1.7775     15.785     47.156  33.086214    10.8715      7.961    49.3990 1.2357e-01     7.4371      5.255      7.621    10.0933 0.0000e+00
      5.356      0.050     1.7788     15.794     47.098  33.048545    10.3136      7.957    49.7476 1.2354e-01     7.3672      5.251      7.616    10.0602 0.0000e+00
      5.359      0.053     1.7810     15.797     47.083  33.034150    10.0191      7.952    50.1474 1.2358e-01     7.3517      5.252      7.618    10.0533 0.0000e+00
      5.369      0.059     1.7803     15.784     47.099  33.038966    10.0076      7.947    50.9637 1.2360e-01     7.3180      5.260      7.630    10.0706 0.0000e+00
      5.389      0.069     1.7764     15.780     47.112  33.043358    10.1486      7.941    52.0462 1.2359e-01     7.1994      5.282      7.660    10.0826 0.0000e+00
      5.416      0.079     1.7797     15.780     47.092  33.023844    10.4093      7.936    52.5665 1.2363e-01     7.0449      5.314      7.707    10.0847 0.0000e+00
      5.441      0.089     1.7810     15.766     47.066  32.993240    10.5541      7.932    52.8660 1.2366e-01     7.0210      5.338      7.742    10.0802 0.0000e+00
      5.462      0.101     1.7773     15.759     47.086  32.990330    10.5760      7.928    53.0870 1.2362e-01     7.0813      5.356      7.770    10.0689 0.0000e+00
      5.482      0.114     1.7780     15.763     47.105  32.988649    10.5744      7.922    53.1739 1.2364e-01     7.0904      5.377      7.798    10.0652 0.0000e+00
      5.504      0.124     1.7796     15.755     47.096  32.972898    10.6262      7.917    54.3464 1.2370e-01     7.1663      5.393      7.822    10.0655 0.0000e+00
      5.538      0.128     1.7766     15.743     47.130  32.990086    10.7528      7.911    56.4226 1.2368e-01     7.3499      5.424      7.867    10.0497 0.0000e+00
      5.587      0.124     1.7766     15.764     47.156  33.006243    10.8315      7.904    57.6279 1.2363e-01     7.4649      5.480      7.947    10.0271 0.0000e+00
      5.636      0.116     1.7794     15.795     47.112  32.978038    10.8459      7.899    57.5626 1.2358e-01     7.4976      5.535      8.028    10.0123 0.0000e+00
      5.666      0.108     1.7792     15.790     47.088  32.966084    10.7937      7.894    57.1810 1.2357e-01     7.5063      5.564      8.071    10.0026 0.0000e+00
      5.678      0.103     1.7746     15.760     47.116  32.988525    10.6828      7.889    57.4881 1.2361e-01     7.5359      5.570      8.079     9.9952 0.0000e+00
      5.684      0.107     1.7784     15.732     47.128  32.995753    10.6211      7.883    58.8676 1.2359e-01     7.5826      5.570      8.080     9.9928 0.0000e+00
      5.700      0.122     1.7856     15.704     47.126  32.990076    10.6043      7.876    60.6101 1.2354e-01     7.5927      5.583      8.098     9.9975 0.0000e+00
      5.735      0.142     1.7827     15.684     47.125  32.983284    10.4803      7.868    61.6933 1.2358e-01     7.6233      5.618      8.150    10.0028 0.0000e+00
      5.786      0.157     1.7779     15.691     47.122  32.977021    10.2371      7.860    62.3272 1.2365e-01     7.6803      5.671      8.225    10.0067 0.0000e+00
      5.845      0.156     1.7753     15.694     47.127  32.977751    10.0944      7.853    62.8547 1.2368e-01     7.7352      5.732      8.314    10.0060 0.0000e+00
      5.902      0.140     1.7727     15.682     47.145  32.992103    10.0777      7.847    62.9946 1.2367e-01     7.7752      5.795      8.405     9.9998 0.0000e+00
