Data/DataNotYetUploadedToEDI/Raw_CTD/RawDownloads/061322_fcr50_0005.cnv
* Sea-Bird SBE19plus  Data File:
* FileName = C:\R\Reservoirs\Data\DataNotYetUploadedToEDI\Raw_CTD\RawDownloads\061322_bvr01_0005.hex
* Software version 2.8.0.119
* Temperature SN = 7809
* Conductivity SN = 7809
* System UpLoad Time = Jun 14 2022 11:46:33
* <ApplicationData>
* <Seaterm232>
# nquan = 15
# nvalues = 1264                        
# units = specified
# name 0 = depFM: Depth [fresh water, m]
# name 1 = dz/dtM: Descent Rate [m/s]
# name 2 = sbeox0Mg/L: Oxygen, SBE 43 [mg/l]
# name 3 = sbeox0PS: Oxygen, SBE 43 [% saturation]
# name 4 = specc: Specific Conductance [uS/cm]
# name 5 = c0uS/cm: Conductivity [uS/cm]
# name 6 = flECO-AFL: Fluorescence, WET Labs ECO-AFL/FL [mg/m^3]
# name 7 = ph: pH
# name 8 = orp: Oxidation Reduction Potential [mV]
# name 9 = par/sat/log: PAR/Logarithmic, Satlantic
# name 10 = turbWETntu0: Turbidity, WET Labs ECO [NTU]
# name 11 = prdM: Pressure, Strain Gauge [db]
# name 12 = prdE: Pressure, Strain Gauge [psi]
# name 13 = tv290C: Temperature [ITS-90, deg C]
# name 14 = flag:  0.000e+00
# span 0 =     -0.665,      9.519       
# span 1 =     -0.284,      0.203       
# span 2 =     0.0037,    15.4393       
# span 3 =      0.119,    179.070       
# span 4 =      0.484,    289.352       
# span 5 =   0.544569, 203.016602       
# span 6 =    -0.7799,   232.7680       
# span 7 =      6.935,     10.350       
# span 8 = -1240.7455,   335.4334       
# span 9 = 1.2347e-01, 2.2904e+03       
# span 10 =    -1.7613,   420.5743      
# span 11 =     -0.652,      9.335      
# span 12 =     -0.945,     13.540      
# span 13 =     9.9632,    31.2183      
# span 14 = 0.0000e+00, 0.0000e+00      
# interval = seconds: 0.25
# start_time = Jun 13 2022 11:02:15 [Instrument's time stamp, header]
# bad_flag = -9.990e-29
*END*
[from data line 290]
      1.494      0.079    13.2108    136.270     36.445  32.344071     4.4464      9.937    87.1110 2.1157e+01    13.2152      1.469      2.130    20.0795 0.0000e+00
      1.506      0.093    13.2221    131.521     36.596  32.405801     4.4678      9.885    88.7160 2.0491e+01    13.2136      1.472      2.135    19.7694 0.0000e+00
      1.526      0.102    13.1397    126.456     36.743  32.426336     4.5433      9.833    89.5462 1.9112e+01    13.1959      1.490      2.161    19.5739 0.0000e+00
      1.561      0.106    12.9241    121.487     36.860  32.402011     4.6768      9.791    90.0944 1.7312e+01    13.1715      1.527      2.215    19.4578 0.0000e+00
      1.603      0.111    12.5750    116.702     36.911  32.365107     4.7498      9.752    91.7309 1.5699e+01    13.1919      1.574      2.284    19.3630 0.0000e+00
      1.640      0.124    12.1355    112.040     36.873  32.297031     4.7605      9.706    95.6524 1.4824e+01    13.1354      1.616      2.342    19.2970 0.0000e+00
      1.660      0.144    11.6884    107.641     36.853  32.212885     4.7396      9.650   100.5115 1.4514e+01    11.8730      1.632      2.368    19.1427 0.0000e+00
      1.674      0.163    11.2798    103.626     36.982  32.171827     4.6881      9.592   103.1607 1.3878e+01     9.5430      1.634      2.370    18.9132 0.0000e+00
      1.707      0.173    10.8665     99.696     37.227  32.180811     4.6543      9.543   103.4208 1.2351e+01     8.2950      1.660      2.407    18.8044 0.0000e+00
      1.774      0.174    10.4247     95.401     37.422  32.194421     4.6392      9.506   103.7426 1.0378e+01     8.2269      1.732      2.512    18.8086 0.0000e+00
      1.854      0.164    10.0143     90.467     37.502  32.209382     4.6307      9.479   104.8137 8.8922e+00     8.2072      1.828      2.651    18.7547 0.0000e+00
      1.914      0.143     9.7018     85.071     37.513  32.234833     4.5672      9.458   105.7034 8.3219e+00     7.7488      1.894      2.747    18.5259 0.0000e+00
      1.937      0.110     9.4129     79.891     37.488  32.248575     4.4462      9.440   105.8095 8.2680e+00     6.9548      1.904      2.763    18.1905 0.0000e+00
      1.940      0.074     9.0640     75.656     37.435  32.248787     4.3831      9.424   105.4082 8.2712e+00     6.5656      1.901      2.758    17.9492 0.0000e+00
      1.940      0.050     8.6014     72.782     37.364  32.237452     4.3866      9.410   105.2389 8.2614e+00     6.5959      1.903      2.760    17.9057 0.0000e+00
      1.943      0.049     8.0513     71.362     37.351  32.238396     4.4885      9.395   105.3976 8.2035e+00     6.6381      1.903      2.761    17.9606 0.0000e+00
      1.951      0.064     7.5282     71.227     37.462  32.260220     4.6746      9.381   105.6061 8.0368e+00     6.5972      1.911      2.772    18.0018 0.0000e+00
      1.967      0.080     7.1054     71.980     37.622  32.247623     4.7647      9.369   106.1251 7.6910e+00     6.5458      1.924      2.790    18.0612 0.0000e+00
      1.997      0.089     6.8190     72.990     37.747  32.212694     4.7617      9.358   106.5965 7.1785e+00     6.5627      1.952      2.832    18.1516 0.0000e+00
      2.037      0.091     6.6839     73.409     37.835  32.218110     4.7708      9.346   106.6598 6.7109e+00     6.4942      2.000      2.901    18.1974 0.0000e+00
      2.071      0.090     6.6978     72.603     37.890  32.249611     4.7842      9.334   106.9766 6.4691e+00     6.2986      2.038      2.956    18.1028 0.0000e+00
      2.088      0.089     6.8237     70.718     37.939  32.276559     4.7819      9.320   107.5007 6.4201e+00     6.1445      2.052      2.976    17.8468 0.0000e+00
      2.095      0.091     6.9834     68.364     38.068  32.353716     4.7755      9.305   108.0931 6.3655e+00     6.0655      2.053      2.977    17.6191 0.0000e+00
      2.105      0.103     7.0638     65.972     38.362  32.548457     4.8570      9.285   109.1496 6.1896e+00     5.9247      2.059      2.986    17.5456 0.0000e+00
      2.129      0.128     6.9754     63.634     38.787  32.792445     5.0191      9.257   110.6381 5.9105e+00     5.6722      2.083      3.019    17.5571 0.0000e+00
      2.167      0.161     6.7688     61.209     39.238  32.957736     5.1041      9.226   112.2378 5.5861e+00     5.5059      2.122      3.077    17.5462 0.0000e+00
      2.215      0.190     6.5385     58.567     39.661  33.025038     5.0850      9.198   113.5200 5.2324e+00     5.3825      2.168      3.146    17.4926 0.0000e+00
      2.274      0.203     6.3117     55.596     40.007  33.035194     4.8046      9.175   114.1815 4.8197e+00     4.7606      2.224      3.226    17.4453 0.0000e+00
      2.344      0.196     6.1121     52.015     40.230  33.016776     4.3110      9.156   114.3859 4.4230e+00     3.7937      2.299      3.336    17.3248 0.0000e+00
      2.411      0.175     5.9194     47.637     40.320  32.992307     4.0605      9.140   114.4430 4.1557e+00     3.3247      2.373      3.442    17.0329 0.0000e+00
      2.458      0.151     5.7125     42.719     40.335  32.992841     4.0400      9.125   114.6136 4.0324e+00     3.2581      2.420      3.508    16.6230 0.0000e+00
      2.479      0.132     5.4791     37.743     40.383  33.023230     4.0127      9.108   114.9863 3.9906e+00     3.2271      2.436      3.534    16.2481 0.0000e+00
      2.487      0.120     5.1681     33.248     40.503  33.042723     3.8888      9.091   115.4209 3.9597e+00     3.2920      2.437      3.535    15.9854 0.0000e+00
      2.501      0.116     4.7348     29.743     40.662  33.038213     3.6824      9.075   115.7384 3.8832e+00     3.4273      2.444      3.545    15.8611 0.0000e+00
      2.534      0.116     4.2269     27.279     40.819  33.031947     3.5733      9.061   115.9004 3.7377e+00     3.4962      2.477      3.594    15.8929 0.0000e+00
      2.583      0.116     3.7169     25.586     40.936  33.030193     3.5521      9.050   116.0025 3.5763e+00     3.4423      2.535      3.676    15.9287 0.0000e+00
      2.630      0.110     3.2535     24.474     40.975  33.016885     3.3918      9.039   116.0268 3.4683e+00     3.2883      2.587      3.752    15.8142 0.0000e+00
      2.660      0.096     2.9203     23.775     40.949  32.997796     3.0998      9.028   116.0214 3.4148e+00     3.0343      2.616      3.794    15.6179 0.0000e+00
      2.673      0.077     2.7009     23.336     40.910  32.989608     2.9433      9.018   115.9383 3.3933e+00     2.8651      2.624      3.805    15.4423 0.0000e+00
      2.679      0.066     2.5414     23.095     40.884  32.981317     2.9308      9.009   115.7961 3.3772e+00     2.8486      2.626      3.809    15.3156 0.0000e+00
      2.685      0.069     2.4391     22.960     40.881  32.960961     2.8827      8.998   115.8515 3.3482e+00     2.8340      2.633      3.819    15.2618 0.0000e+00
      2.695      0.084     2.3758     22.851     40.918  32.933678     2.7944      8.985   116.0906 3.3114e+00     2.8250      2.641      3.830    15.2810 0.0000e+00
      2.715      0.103     2.3285     22.771     41.005  32.904987     2.7539      8.972   116.3636 3.2410e+00     2.8766      2.655      3.851    15.3207 0.0000e+00
      2.752      0.118     2.3075     22.687     41.120  32.867558     2.7508      8.962   116.5718 3.1270e+00     2.9111      2.693      3.907    15.3459 0.0000e+00
      2.800      0.128     2.3001     22.548     41.181  32.797979     2.6905      8.951   116.7151 3.0080e+00     2.8333      2.748      3.986    15.3272 0.0000e+00
      2.843      0.135     2.2882     22.238     41.153  32.697611     2.5738      8.938   116.8913 2.9266e+00     2.6873      2.795      4.053    15.2563 0.0000e+00
      2.872      0.137     2.2902     21.622     41.142  32.604970     2.5132      8.925   117.0685 2.8768e+00     2.6140      2.819      4.091    15.1399 0.0000e+00
      2.895      0.131     2.2907     20.760     41.252  32.565407     2.5077      8.914   117.1374 2.8137e+00     2.6310      2.834      4.110    14.9580 0.0000e+00
      2.925      0.118     2.2884     19.765     41.446  32.599527     2.3327      8.904   117.1213 2.7340e+00     2.5853      2.863      4.151    14.7883 0.0000e+00
      2.967      0.104     2.2698     18.640     41.561  32.636941     1.9948      8.894   117.4757 2.6584e+00     2.4367      2.911      4.222    14.7248 0.0000e+00
      3.004      0.092     2.2054     17.422     41.563  32.637306     1.8095      8.884   118.1529 2.6060e+00     2.3372      2.954      4.283    14.6565 0.0000e+00
      3.024      0.087     2.1199     16.247     41.518  32.603943     1.7982      8.875   118.5984 2.5860e+00     2.3391      2.972      4.309    14.4656 0.0000e+00
      3.031      0.089     2.0299     15.261     41.418  32.487164     1.8084      8.865   119.1625 2.5716e+00     2.3906      2.973      4.311    14.2830 0.0000e+00
      3.036      0.099     1.9152     14.530     41.331  32.303147     1.7923      8.851   119.6388 2.5415e+00     2.4136      2.974      4.313    14.2387 0.0000e+00
      3.053      0.116     1.7834     13.998     41.384  32.154120     1.7530      8.838   119.5392 2.4940e+00     2.3784      2.986      4.331    14.2611 0.0000e+00
      3.089      0.130     1.6568     13.536     41.646  32.143295     1.7326      8.826   119.9374 2.4130e+00     2.3402      3.021      4.382    14.2750 0.0000e+00
      3.145      0.135     1.5536     13.054     41.981  32.235420     1.7287      8.816   120.9253 2.3085e+00     2.3276      3.082      4.471    14.2545 0.0000e+00
      3.203      0.127     1.4859     12.522     42.176  32.316779     1.6559      8.807   121.3318 2.2425e+00     2.3289      3.149      4.567    14.1125 0.0000e+00
      3.242      0.107     1.4448     11.893     42.199  32.366100     1.5018      8.797   121.3241 2.2346e+00     2.3224      3.191      4.627    13.8565 0.0000e+00
      3.257      0.077     1.4104     11.180     42.118  32.387978     1.4054      8.788   121.0042 2.2404e+00     2.3170      3.198      4.638    13.5676 0.0000e+00
      3.260      0.046     1.3654     10.473     42.025  32.391205     1.3969      8.779   120.3040 2.2302e+00     2.3324      3.196      4.635    13.3437 0.0000e+00
      3.261      0.022     1.3159      9.849     41.991  32.405209     1.4321      8.771   120.2575 2.2137e+00     2.3717      3.198      4.639    13.2630 0.0000e+00
      3.262      0.009     1.2486      9.407     41.988  32.430542     1.4905      8.763   120.9579 2.2053e+00     2.3818      3.199      4.640    13.3202 0.0000e+00
      3.263      0.006     1.1644      9.223     41.964  32.443920     1.5113      8.756   121.3729 2.1956e+00     2.3522      3.200      4.641    13.4558 0.0000e+00
      3.265      0.009     1.0879      9.277     41.912  32.440190     1.5009      8.750   121.2312 2.1826e+00     2.3555      3.202      4.644    13.5555 0.0000e+00
      3.266      0.018     1.0175      9.504     41.796  32.385492     1.5647      8.743   121.0514 2.1746e+00     2.4214      3.203      4.646    13.5851 0.0000e+00
      3.268      0.034     0.9670      9.836     41.587  32.226423     1.6999      8.736   121.1788 2.1702e+00     2.4995      3.205      4.649    13.6127 0.0000e+00
      3.273      0.055     0.9492     10.199     41.450  32.038540     1.7791      8.730   121.3085 2.1579e+00     2.5480      3.208      4.653    13.6523 0.0000e+00
      3.283      0.075     0.9560     10.525     41.551  31.952365     1.7978      8.722   121.4149 2.1168e+00     2.5640      3.215      4.663    13.6942 0.0000e+00
      3.307      0.088     0.9813     10.771     41.771  31.945110     1.7850      8.714   121.7769 2.0670e+00     2.5225      3.237      4.695    13.7478 0.0000e+00
      3.346      0.091     1.0168     10.835     41.963  31.950608     1.7402      8.706   122.1585 2.0243e+00     2.4570      3.280      4.757    13.7826 0.0000e+00
      3.388      0.086     1.0605     10.593     42.168  32.018679     1.7053      8.698   122.4151 1.9779e+00     2.3866      3.329      4.829    13.6917 0.0000e+00
      3.413      0.071     1.1002     10.058     42.326  32.134043     1.6887      8.691   122.4699 1.9543e+00     2.3200      3.355      4.866    13.4447 0.0000e+00
      3.421      0.051     1.1345      9.325     42.313  32.204237     1.6807      8.683   121.8747 1.9565e+00     2.3003      3.355      4.866    13.2157 0.0000e+00
      3.422      0.029     1.1543      8.518     42.209  32.233471     1.6659      8.674   121.0698 1.9642e+00     2.3195      3.356      4.867    13.0532 0.0000e+00
      3.423      0.013     1.1283      7.793     42.098  32.234031     1.6429      8.665   120.9117 1.9636e+00     2.3813      3.358      4.869    12.9241 0.0000e+00
      3.424      0.006     1.0694      7.280     42.000  32.211104     1.6283      8.658   121.0805 1.9474e+00     2.3987      3.357      4.870    12.9124 0.0000e+00
      3.424      0.008     0.9848      7.050     41.962  32.209930     1.6220      8.653   121.3896 1.9312e+00     2.3582      3.358      4.871    13.0431 0.0000e+00
      3.424      0.013     0.8900      7.096     41.949  32.219864     1.6418      8.647   121.8100 1.9257e+00     2.4388      3.358      4.870    13.1950 0.0000e+00
      3.425      0.021     0.8079      7.376     41.900  32.204438     1.6770      8.640   121.5175 1.9299e+00     2.5878      3.358      4.870    13.2952 0.0000e+00
      3.431      0.035     0.7493      7.788     41.820  32.150240     1.6894      8.635   120.7788 1.9159e+00     2.6223      3.361      4.874    13.3565 0.0000e+00
      3.442      0.054     0.7270      8.225     41.773  32.071780     1.6839      8.628   120.7939 1.8861e+00     2.5831      3.376      4.897    13.3782 0.0000e+00
      3.453      0.070     0.7314      8.615     41.838  32.016555     1.6686      8.619   121.2696 1.8721e+00     2.5919      3.386      4.912    13.3972 0.0000e+00
      3.469      0.079     0.7649      8.871     41.978  31.989602     1.6546      8.612   121.7987 1.8387e+00     2.6607      3.392      4.920    13.4296 0.0000e+00
      3.503      0.082     0.8122      8.946     42.151  31.999346     1.6471      8.604   122.3724 1.7758e+00     2.6630      3.433      4.978    13.4581 0.0000e+00
      3.542      0.084     0.8589      8.791     42.451  32.134224     1.6361      8.596   122.0981 1.7411e+00     2.5854      3.483      5.052    13.4185 0.0000e+00
      3.562      0.084     0.9083      8.375     42.933  32.415677     1.6136      8.589   121.0636 1.7384e+00     2.5426      3.499      5.075    13.2724 0.0000e+00
      3.568      0.082     0.9390      7.789     43.513  32.739393     1.5829      8.584   120.4469 1.7290e+00     2.5564      3.494      5.068    13.0918 0.0000e+00
      3.580      0.080     0.9513      7.129     44.399  33.258411     1.5723      8.579   120.4064 1.7070e+00     2.6150      3.505      5.084    12.9401 0.0000e+00
      3.603      0.085     0.9418      6.436     46.592  34.759823     1.5693      8.573   120.7453 1.6713e+00     2.6360      3.534      5.125    12.8375 0.0000e+00
      3.629      0.099     0.8926      5.734     49.963  37.132599     1.5297      8.566   121.2748 1.6236e+00     2.6055      3.561      5.164    12.7653 0.0000e+00
      3.655      0.114     0.8288      4.999     52.522  38.801273     1.4758      8.558   121.5606 1.5858e+00     2.5875      3.583      5.196    12.6401 0.0000e+00
      3.685      0.119     0.7624      4.254     53.666  39.334784     1.4593      8.548   121.7062 1.5390e+00     2.5886      3.609      5.235    12.4420 0.0000e+00
      3.723      0.119     0.6880      3.611     54.084  39.397003     1.4628      8.537   121.7439 1.4729e+00     2.6193      3.650      5.295    12.2881 0.0000e+00
      3.763      0.118     0.6165      3.079     52.764  38.284801     1.4443      8.523   121.5861 1.4242e+00     2.6176      3.695      5.359    12.2055 0.0000e+00
