Data/DataNotYetUploadedToEDI/Raw_CTD/RawDownloads/061423_bvr50_S8188001.cnv
* Sea-Bird SBE19plus  Data File:
* FileName = C:\R\Reservoirs\Data\DataNotYetUploadedToEDI\Raw_CTD\RawDownloads\061423_fcr50_S8188_0001.hex
* Software version 2.8.0.119
* Temperature SN = 8188
* Conductivity SN = 8188
* System UpLoad Time = Jun 19 2023 15:51:22
* <ApplicationData>
* <Seaterm232>
# nquan = 16
# nvalues = 1876                        
# units = specified
# name 0 = depFM: Depth [fresh water, m]
# name 1 = dz/dtM: Descent Rate [m/s]
# name 2 = sbeox0Mg/L: Oxygen, SBE 43 [mg/l]
# name 3 = sbeox0PS: Oxygen, SBE 43 [% saturation]
# name 4 = specc: Specific Conductance [uS/cm]
# name 5 = c0uS/cm: Conductivity [uS/cm]
# name 6 = wetCDOM: Fluorescence, WET Labs CDOM [mg/m^3]
# name 7 = flECO-AFL: Fluorescence, WET Labs ECO-AFL/FL [mg/m^3]
# name 8 = flECO-AFL1: Fluorescence, WET Labs ECO-AFL/FL, 2 [mg/m^3]
# name 9 = flECO-AFL2: Fluorescence, WET Labs ECO-AFL/FL, 3 [mg/m^3]
# name 10 = par/sat/log: PAR/Logarithmic, Satlantic
# name 11 = turbWETntu0: Turbidity, WET Labs ECO [NTU]
# name 12 = prdM: Pressure, Strain Gauge [db]
# name 13 = prdE: Pressure, Strain Gauge [psi]
# name 14 = tv290C: Temperature [ITS-90, deg C]
# name 15 = flag:  0.000e+00
# span 0 =     -0.856,      8.388       
# span 1 =     -0.211,      0.174       
# span 2 =     0.0195,     9.9277       
# span 3 =      0.184,    108.517       
# span 4 =     -0.148,     86.877       
# span 5 =  -0.147951,  58.467574       
# span 6 =    -8.4600,     7.2900       
# span 7 =    -1.1264,    41.7667       
# span 8 =    -3.3654,    11.4594       
# span 9 =    -2.0304,    11.6325       
# span 10 = 1.1585e-01, 2.7063e+03      
# span 11 =   -10.2681,     5.7991      
# span 12 =     -0.840,      8.226      
# span 13 =     -1.218,     11.930      
# span 14 =     8.6458,    24.3451      
# span 15 = 0.0000e+00, 0.0000e+00      
# interval = seconds: 0.25
# start_time = Jun 14 2023 11:17:25 [Instrument's time stamp, header]
# bad_flag = -9.990e-29
*END*
[from data line 1176]
      6.101     -0.021     0.1243      1.089     70.290  48.271981     5.9400     1.6469     0.0426     2.3688 1.6990e+01     3.2891      5.983      8.678     9.3090 0.0000e+00
      6.096     -0.026     0.1247      1.078     69.589  47.809374     5.9400     1.6317     0.0426     2.3688 1.6528e+01     3.4694      5.978      8.670     9.3152 0.0000e+00
      6.089     -0.033     0.1252      1.064     69.017  47.442450     5.9400     1.6164     0.0426     2.3688 1.6377e+01     3.3342      5.971      8.661     9.3216 0.0000e+00
      6.080     -0.040     0.1254      1.052     68.838  47.346841     5.9400     1.3379     0.0426     2.3688 1.6292e+01     3.1388      5.963      8.648     9.3277 0.0000e+00
      6.069     -0.046     0.1249      1.043     69.107  47.554520     5.8500     1.3303     0.0426     2.3688 1.6777e+01     3.0786      5.951      8.632     9.3361 0.0000e+00
      6.055     -0.050     0.1236      1.036     69.523  47.853337     5.8500     1.3227     0.0426     2.3688 1.7135e+01     3.1688      5.938      8.612     9.3497 0.0000e+00
      6.040     -0.052     0.1219      1.028     69.761  48.019772     5.8500     1.3227     0.0426     2.3688 1.7352e+01     3.2289      5.923      8.590     9.3682 0.0000e+00
      6.024     -0.051     0.1204      1.024     69.770  48.024880     5.8500     2.7570     0.0426     2.3688 1.7269e+01     3.6197      5.908      8.568     9.3882 0.0000e+00
      6.010     -0.047     0.1194      1.027     69.630  47.927496     5.5800     2.7761     0.0852     2.4111 1.7749e+01     3.6197      5.894      8.548     9.4044 0.0000e+00
      5.998     -0.042     0.1185      1.036     69.400  47.769033     5.5800     2.7341     0.0852     2.4111 1.7150e+01     3.6949      5.882      8.531     9.4132 0.0000e+00
      5.989     -0.035     0.1176      1.048     69.085  47.552817     5.5800     2.7379     0.0852     2.4111 1.6902e+01     3.5295      5.873      8.518     9.4153 0.0000e+00
      5.981     -0.029     0.1172      1.058     68.654  47.258843     5.5800     5.4235     0.0852     2.4111 1.6946e+01     4.1608      5.866      8.507     9.4147 0.0000e+00
      5.975     -0.025     0.1175      1.066     68.069  46.864208     5.5800     5.4388     0.0852     2.4111 1.6506e+01     4.0857      5.860      8.499     9.4140 0.0000e+00
      5.971     -0.022     0.1185      1.073     67.326  46.368708     5.5800     5.4235     0.0852     3.8916 1.6560e+01     4.0857      5.855      8.492     9.4140 0.0000e+00
      5.966     -0.020     0.1199      1.077     66.455  45.792801     5.5800     5.4235     0.0852     3.8916 1.6556e+01     4.0857      5.851      8.486     9.4147 0.0000e+00
      5.962     -0.021     0.1210      1.076     65.389  45.089922     5.5800     5.9118     0.0852     3.8916 1.6528e+01     4.0556      5.847      8.480     9.4170 0.0000e+00
      5.957     -0.025     0.1219      1.067     64.031  44.191532     5.5800     5.9118     0.0852     3.8916 1.6730e+01     4.1157      5.842      8.473     9.4233 0.0000e+00
      5.952     -0.030     0.1227      1.055     62.758  43.359348     5.4000     5.8927     0.0852     4.0608 1.6603e+01     4.1007      5.836      8.465     9.4357 0.0000e+00
      5.945     -0.037     0.1232      1.041     62.256  43.060952     5.4000     5.9423     0.0852     4.0608 1.6477e+01     4.0556      5.829      8.455     9.4545 0.0000e+00
      5.935     -0.044     0.1229      1.030     62.551  43.303959     5.4000     9.5244     0.0852     4.0608 1.7269e+01     3.8301      5.820      8.441     9.4790 0.0000e+00
      5.922     -0.050     0.1219      1.024     63.079  43.689568     5.4000     9.4939     0.0852     4.0608 1.7652e+01     3.7550      5.807      8.423     9.5090 0.0000e+00
      5.907     -0.055     0.1204      1.026     63.378  43.900567     5.4000     9.5168     0.0852     4.5261 1.9297e+01     3.8452      5.792      8.401     9.5452 0.0000e+00
      5.890     -0.057     0.1187      1.039     63.272  43.824799     5.4000     9.5206     0.0852     4.5261 1.9453e+01     3.8151      5.776      8.377     9.5834 0.0000e+00
      5.874     -0.056     0.1173      1.056     62.776  43.481690     5.4000     6.5336     0.0852     4.5261 1.9885e+01     3.8452      5.760      8.354     9.6135 0.0000e+00
      5.858     -0.052     0.1166      1.074     62.034  42.975904     5.4000     6.5603     0.0852     4.5261 2.1187e+01     3.8602      5.745      8.332     9.6288 0.0000e+00
      5.845     -0.046     0.1169      1.093     61.412  42.560900     5.3100     6.5222     0.0426     4.0608 2.1461e+01     3.7249      5.731      8.313     9.6319 0.0000e+00
      5.834     -0.039     0.1183      1.119     61.236  42.456883     5.3100     6.5107     0.0426     4.0608 2.1828e+01     3.7700      5.721      8.297     9.6302 0.0000e+00
      5.825     -0.032     0.1202      1.146     61.375  42.564794     5.3100     5.0573     0.0426     4.0608 2.2076e+01     3.9654      5.712      8.286     9.6307 0.0000e+00
      5.819     -0.026     0.1222      1.168     61.569  42.701421     5.3100     5.0726     0.0426     4.0608 2.1493e+01     4.0556      5.706      8.277     9.6371 0.0000e+00
      5.814     -0.021     0.1244      1.181     61.770  42.835838     5.3100     5.0573     0.0426     4.0608 2.3116e+01     4.0556      5.701      8.269     9.6498 0.0000e+00
      5.810     -0.018     0.1273      1.191     61.982  42.974168     5.1300     5.0611     0.0852     4.6107 2.3753e+01     3.9955      5.697      8.263     9.6642 0.0000e+00
      5.806     -0.018     0.1304      1.200     62.156  43.085933     5.1300     6.3543     0.0852     4.6107 2.4049e+01     4.1157      5.694      8.259     9.6735 0.0000e+00
      5.803     -0.020     0.1328      1.201     62.146  43.072151     5.1300     6.3505     0.0852     4.6107 2.3410e+01     4.0857      5.691      8.254     9.6752 0.0000e+00
      5.799     -0.024     0.1344      1.194     61.882  42.887536     5.1300     6.3581     0.0852     4.6107 2.4070e+01     3.9053      5.687      8.248     9.6714 0.0000e+00
      5.794     -0.030     0.1355      1.182     61.511  42.637402     5.0400     6.3429     0.1278     5.7105 2.3856e+01     4.0857      5.682      8.240     9.6646 0.0000e+00
      5.786     -0.038     0.1365      1.167     61.205  42.439309     5.0400     4.3478     0.1278     5.7105 2.3435e+01     3.5596      5.674      8.230     9.6571 0.0000e+00
      5.775     -0.046     0.1366      1.155     61.045  42.345438     5.0400     4.3401     0.1278     5.7105 2.4112e+01     3.5746      5.664      8.215     9.6516 0.0000e+00
      5.762     -0.052     0.1359      1.146     61.033  42.352553     5.0400     4.3478     0.1278     5.7105 2.6159e+01     3.5596      5.650      8.195     9.6507 0.0000e+00
      5.745     -0.055     0.1345      1.139     61.076  42.393207     5.4900     4.3630     0.0852     4.1877 2.7073e+01     3.5145      5.634      8.172     9.6562 0.0000e+00
      5.729     -0.055     0.1328      1.137     61.050  42.381162     5.4900     4.4088     0.0852     4.1877 2.6531e+01     3.7851      5.618      8.148     9.6675 0.0000e+00
      5.713     -0.053     0.1314      1.140     60.938  42.307260     5.4900     4.3974     0.0852     4.1877 2.6728e+01     3.8301      5.602      8.125     9.6814 0.0000e+00
      5.699     -0.047     0.1304      1.144     60.808  42.219158     5.4900     4.4164     0.0852     4.1877 2.7049e+01     3.8903      5.589      8.106     9.6941 0.0000e+00
      5.688     -0.041     0.1295      1.153     60.672  42.127044     5.4900     4.4241     0.0852     4.1877 2.6074e+01     3.8151      5.578      8.090     9.7030 0.0000e+00
      5.679     -0.034     0.1292      1.166     60.489  42.002391     5.2200     3.6306     0.0852     5.1606 2.8018e+01     3.8903      5.570      8.078     9.7080 0.0000e+00
      5.673     -0.028     0.1295      1.178     60.173  41.786202     5.2200     3.5963     0.0852     5.1606 2.7398e+01     3.8903      5.563      8.068     9.7108 0.0000e+00
      5.667     -0.024     0.1300      1.189     59.667  41.440638     5.2200     3.6077     0.0852     5.1606 2.9028e+01     3.8151      5.557      8.060     9.7129 0.0000e+00
      5.662     -0.021     0.1310      1.196     59.082  41.045912     5.2200     3.6001     0.0852     5.1606 2.9429e+01     3.8903      5.552      8.053     9.7149 0.0000e+00
      5.658     -0.020     0.1325      1.195     58.638  40.754311     5.0400     3.9396     0.1278     4.8222 2.6244e+01     3.6498      5.548      8.047     9.7168 0.0000e+00
      5.654     -0.021     0.1339      1.190     58.440  40.634676     5.0400     3.9167     0.1278     4.8222 2.7547e+01     3.6348      5.544      8.041     9.7195 0.0000e+00
      5.649     -0.024     0.1351      1.186     58.341  40.581806     5.0400     3.9014     0.1278     4.8222 2.6359e+01     3.5596      5.540      8.035     9.7248 0.0000e+00
      5.644     -0.028     0.1358      1.181     58.130  40.450852     5.0400     3.9053     0.1278     4.8222 2.6583e+01     3.5596      5.535      8.027     9.7348 0.0000e+00
      5.636     -0.033     0.1356      1.175     57.833  40.262362     5.1300     4.0998     0.1278     4.8222 2.6462e+01     3.4394      5.528      8.017     9.7490 0.0000e+00
      5.627     -0.038     0.1350      1.172     57.616  40.132483     5.1300     4.1380     0.1278     4.8222 2.7238e+01     3.3642      5.519      8.004     9.7644 0.0000e+00
      5.616     -0.041     0.1345      1.175     57.534  40.095918     5.1300     4.1189     0.1278     4.8222 2.8159e+01     3.3191      5.507      7.987     9.7782 0.0000e+00
      5.603     -0.043     0.1339      1.185     57.552  40.125087     5.1300     4.0960     0.1278     4.8222 2.7120e+01     3.3342      5.495      7.969     9.7915 0.0000e+00
      5.590     -0.041     0.1332      1.202     57.624  40.184187     5.0400     4.6186     0.0852     4.3992 2.8061e+01     3.6197      5.482      7.951     9.8074 0.0000e+00
      5.578     -0.038     0.1328      1.226     57.668  40.217663     5.0400     4.6377     0.0852     4.3992 2.5547e+01     3.5295      5.471      7.934     9.8258 0.0000e+00
      5.569     -0.033     0.1331      1.255     57.630  40.188875     5.0400     4.6224     0.0852     4.3992 2.7404e+01     3.4995      5.462      7.921     9.8437 0.0000e+00
      5.562     -0.027     0.1342      1.292     57.499  40.094110     5.0400     4.6377     0.0852     4.3992 2.6102e+01     3.5596      5.455      7.911     9.8577 0.0000e+00
      5.556     -0.022     0.1361      1.328     57.264  39.929888     5.0400     4.8856     0.0852     4.3992 2.5314e+01     3.8151      5.449      7.903     9.8657 0.0000e+00
      5.552     -0.018     0.1388      1.359     56.884  39.670245     5.1300     4.8856     0.1278     4.0608 2.5353e+01     3.7851      5.445      7.897     9.8677 0.0000e+00
      5.549     -0.015     0.1421      1.384     56.299  39.277640     5.1300     4.8780     0.1278     4.0608 2.4439e+01     3.8752      5.441      7.892     9.8658 0.0000e+00
      5.546     -0.014     0.1462      1.403     55.620  38.831606     5.1300     4.8704     0.1278     4.0608 2.4317e+01     3.8452      5.439      7.888     9.8633 0.0000e+00
      5.543     -0.015     0.1504      1.411     55.055  38.474684     5.1300     5.3358     0.1278     4.0608 2.4349e+01     3.7851      5.436      7.884     9.8634 0.0000e+00
      5.540     -0.017     0.1538      1.410     54.568  38.171126     4.7700     5.3434     0.0852     3.7224 2.4690e+01     3.7550      5.433      7.880     9.8687 0.0000e+00
      5.536     -0.021     0.1567      1.406     53.903  37.740942     4.7700     5.3015     0.0852     3.7224 2.4233e+01     3.7851      5.429      7.874     9.8827 0.0000e+00
      5.531     -0.027     0.1587      1.405     53.014  37.158548     4.7700     5.3320     0.0852     3.7224 2.4760e+01     3.9053      5.424      7.867     9.9080 0.0000e+00
      5.524     -0.033     0.1594      1.410     52.229  36.658850     4.7700     4.1074     0.0852     3.7224 2.5112e+01     3.3792      5.417      7.857     9.9420 0.0000e+00
      5.514     -0.039     0.1592      1.422     51.798  36.411646     4.7700     4.1036     0.0852     3.8916 2.6376e+01     3.3642      5.408      7.843     9.9763 0.0000e+00
      5.502     -0.044     0.1586      1.447     51.622  36.335176     4.7700     4.1303     0.0852     3.8916 2.7026e+01     3.3342      5.396      7.826    10.0090 0.0000e+00
      5.489     -0.046     0.1583      1.490     51.499  36.282288     4.7700     4.1074     0.0852     3.8916 2.8621e+01     3.3342      5.383      7.807    10.0471 0.0000e+00
      5.475     -0.046     0.1587      1.548     51.332  36.187383     4.7700     4.2715     0.0852     3.8916 2.8079e+01     3.5897      5.369      7.787    10.0954 0.0000e+00
      5.462     -0.042     0.1599      1.620     51.144  36.070710     4.7700     4.2524     0.0852     3.4686 2.9925e+01     3.5596      5.356      7.769    10.1478 0.0000e+00
      5.451     -0.037     0.1626      1.699     50.966  35.956614     4.7700     4.2944     0.0852     3.4686 3.1098e+01     3.6348      5.345      7.753    10.1928 0.0000e+00
      5.442     -0.030     0.1673      1.782     50.779  35.836454     4.7700     4.2791     0.0852     3.4686 3.1275e+01     3.5746      5.337      7.740    10.2250 0.0000e+00
      5.436     -0.024     0.1738      1.865     50.655  35.761374     4.7700     4.3859     0.0852     3.4686 3.2913e+01     3.7851      5.331      7.731    10.2466 0.0000e+00
      5.432     -0.018     0.1817      1.937     50.632  35.756906     4.7700     4.8170     0.0852     3.4686 3.1486e+01     3.8602      5.327      7.725    10.2617 0.0000e+00
      5.429     -0.013     0.1905      1.996     50.595  35.740654     4.9500     4.7903     0.0852     3.5955 3.1507e+01     3.8001      5.324      7.721    10.2733 0.0000e+00
      5.426     -0.009     0.1998      2.043     50.561  35.726110     4.9500     4.7979     0.0852     3.5955 3.3114e+01     3.7550      5.322      7.718    10.2844 0.0000e+00
      5.425     -0.007     0.2090      2.074     50.629  35.780700     4.9500     4.8246     0.0852     3.5955 3.0843e+01     3.7400      5.320      7.716    10.2966 0.0000e+00
      5.424     -0.006     0.2171      2.086     50.680  35.817968     4.9500     4.4660     0.0852     3.5955 3.0816e+01     3.8602      5.319      7.714    10.3082 0.0000e+00
      5.423     -0.005     0.2236      2.084     50.524  35.705249     4.9500     4.4508     0.0852     3.8070 3.2692e+01     3.8602      5.318      7.712    10.3178 0.0000e+00
      5.422     -0.005     0.2288      2.074     50.168  35.458036     4.9500     4.4622     0.0852     3.8070 3.0997e+01     3.7700      5.317      7.711    10.3271 0.0000e+00
      5.421     -0.006     0.2322      2.057     49.771  35.192623     4.9500     4.4813     0.0852     3.8070 3.1603e+01     3.7851      5.316      7.710    10.3342 0.0000e+00
      5.420     -0.008     0.2336      2.035     49.415  34.964989     4.9500     4.3363     0.0852     3.8070 2.8392e+01     3.8001      5.315      7.708    10.3353 0.0000e+00
      5.418     -0.011     0.2335      2.006     49.015  34.710473     4.7700     4.3592     0.0852     3.3417 2.9821e+01     3.8151      5.313      7.706    10.3336 0.0000e+00
      5.415     -0.015     0.2322      1.972     48.405  34.309710     4.7700     4.3363     0.0852     3.3417 2.8572e+01     3.8001      5.310      7.701    10.3381 0.0000e+00
      5.411     -0.019     0.2302      1.944     47.473  33.689500     4.7700     4.3668     0.0852     3.3417 3.0843e+01     3.8452      5.306      7.696    10.3541 0.0000e+00
      5.406     -0.025     0.2276      1.931     46.314  32.926068     4.7700     3.7794     0.0852     3.3417 2.9737e+01     3.6498      5.301      7.689    10.3796 0.0000e+00
