Data/DataNotYetUploadedToEDI/Raw_CTD/RawDownloads/061423_bvr50_S8188001.cnv
* Sea-Bird SBE19plus  Data File:
* FileName = C:\R\Reservoirs\Data\DataNotYetUploadedToEDI\Raw_CTD\RawDownloads\061423_fcr50_S8188_0001.hex
* Software version 2.8.0.119
* Temperature SN = 8188
* Conductivity SN = 8188
* System UpLoad Time = Jun 19 2023 15:51:22
* <ApplicationData>
* <Seaterm232>
# nquan = 16
# nvalues = 1876                        
# units = specified
# name 0 = depFM: Depth [fresh water, m]
# name 1 = dz/dtM: Descent Rate [m/s]
# name 2 = sbeox0Mg/L: Oxygen, SBE 43 [mg/l]
# name 3 = sbeox0PS: Oxygen, SBE 43 [% saturation]
# name 4 = specc: Specific Conductance [uS/cm]
# name 5 = c0uS/cm: Conductivity [uS/cm]
# name 6 = wetCDOM: Fluorescence, WET Labs CDOM [mg/m^3]
# name 7 = flECO-AFL: Fluorescence, WET Labs ECO-AFL/FL [mg/m^3]
# name 8 = flECO-AFL1: Fluorescence, WET Labs ECO-AFL/FL, 2 [mg/m^3]
# name 9 = flECO-AFL2: Fluorescence, WET Labs ECO-AFL/FL, 3 [mg/m^3]
# name 10 = par/sat/log: PAR/Logarithmic, Satlantic
# name 11 = turbWETntu0: Turbidity, WET Labs ECO [NTU]
# name 12 = prdM: Pressure, Strain Gauge [db]
# name 13 = prdE: Pressure, Strain Gauge [psi]
# name 14 = tv290C: Temperature [ITS-90, deg C]
# name 15 = flag:  0.000e+00
# span 0 =     -0.856,      8.388       
# span 1 =     -0.211,      0.174       
# span 2 =     0.0195,     9.9277       
# span 3 =      0.184,    108.517       
# span 4 =     -0.148,     86.877       
# span 5 =  -0.147951,  58.467574       
# span 6 =    -8.4600,     7.2900       
# span 7 =    -1.1264,    41.7667       
# span 8 =    -3.3654,    11.4594       
# span 9 =    -2.0304,    11.6325       
# span 10 = 1.1585e-01, 2.7063e+03      
# span 11 =   -10.2681,     5.7991      
# span 12 =     -0.840,      8.226      
# span 13 =     -1.218,     11.930      
# span 14 =     8.6458,    24.3451      
# span 15 = 0.0000e+00, 0.0000e+00      
# interval = seconds: 0.25
# start_time = Jun 14 2023 11:17:25 [Instrument's time stamp, header]
# bad_flag = -9.990e-29
*END*
[from data line 1085]
      7.022     -0.028     0.1285      1.105     78.523  53.501183     5.6700     1.0785     0.0000     0.9729 4.3235e+00     2.7329      6.886      9.987     9.0668 0.0000e+00
      7.015     -0.031     0.1289      1.098     78.447  53.454028     5.5800     1.1090     0.0426     1.0152 4.2945e+00     2.6879      6.879      9.978     9.0644 0.0000e+00
      7.007     -0.036     0.1287      1.091     78.347  53.392421     5.5800     0.9374     0.0426     1.0152 4.0949e+00     2.6879      6.872      9.967     9.0634 0.0000e+00
      6.998     -0.040     0.1282      1.088     78.244  53.331652     5.5800     0.9374     0.0426     1.0152 4.0524e+00     2.6578      6.863      9.954     9.0637 0.0000e+00
      6.987     -0.044     0.1275      1.090     78.184  53.301110     5.5800     0.9641     0.0426     1.0152 4.3860e+00     2.6879      6.852      9.938     9.0651 0.0000e+00
      6.973     -0.046     0.1267      1.098     78.182  53.308510     5.6700     0.9221     0.0426     1.0575 4.9968e+00     2.7029      6.839      9.919     9.0679 0.0000e+00
      6.959     -0.046     0.1259      1.107     78.214  53.334019     5.6700     0.9336     0.0426     1.0575 5.6989e+00     2.7630      6.824      9.898     9.0722 0.0000e+00
      6.946     -0.044     0.1255      1.111     78.220  53.336866     5.6700     0.9908     0.0426     1.0575 5.9740e+00     2.6578      6.811      9.879     9.0782 0.0000e+00
      6.935     -0.040     0.1258      1.106     78.159  53.292037     5.6700     0.9565     0.0426     1.0575 5.4517e+00     2.7931      6.801      9.863     9.0849 0.0000e+00
      6.926     -0.036     0.1266      1.096     78.037  53.205420     5.6700     0.9412     0.0426     1.0575 5.3462e+00     2.7329      6.792      9.851     9.0902 0.0000e+00
      6.919     -0.032     0.1276      1.085     77.894  53.105457     5.7600     0.9488     0.0426     1.0575 5.1601e+00     2.7780      6.785      9.841     9.0926 0.0000e+00
      6.912     -0.031     0.1281      1.073     77.783  53.028925     5.7600     0.9565     0.0426     1.0575 4.8958e+00     2.7179      6.778      9.831     9.0920 0.0000e+00
      6.905     -0.032     0.1275      1.067     77.733  52.995060     5.7600     0.9450     0.0426     1.0575 5.0251e+00     2.6428      6.772      9.822     9.0899 0.0000e+00
      6.898     -0.035     0.1265      1.069     77.722  52.990869     5.7600     0.9450     0.0426     1.0575 4.7090e+00     2.7480      6.765      9.811     9.0876 0.0000e+00
      6.890     -0.039     0.1252      1.076     77.698  52.979552     5.8500     0.9030     0.0426     1.1421 4.6349e+00     2.4624      6.757      9.800     9.0861 0.0000e+00
      6.880     -0.045     0.1238      1.088     77.639  52.946197     5.8500     0.9069     0.0426     1.1421 4.8947e+00     2.3572      6.747      9.785     9.0855 0.0000e+00
      6.867     -0.050     0.1231      1.105     77.578  52.913626     5.8500     0.9069     0.0426     1.1421 5.4210e+00     2.4323      6.734      9.767     9.0860 0.0000e+00
      6.852     -0.054     0.1232      1.124     77.539  52.894961     5.8500     0.8840     0.0426     1.1421 6.2285e+00     2.4173      6.720      9.746     9.0877 0.0000e+00
      6.836     -0.056     0.1241      1.135     77.495  52.871348     5.5800     0.7238     0.0426     0.9729 6.6959e+00     2.4774      6.704      9.724     9.0909 0.0000e+00
      6.821     -0.058     0.1255      1.138     77.416  52.822615     5.5800     0.7657     0.0426     0.9729 6.8669e+00     2.4323      6.689      9.702     9.0955 0.0000e+00
      6.806     -0.059     0.1274      1.138     77.292  52.743695     5.5800     0.8077     0.0426     0.9729 6.3667e+00     2.5225      6.675      9.681     9.1011 0.0000e+00
      6.792     -0.059     0.1296      1.132     77.119  52.633365     5.5800     0.7657     0.0426     0.9729 6.4433e+00     2.4624      6.661      9.661     9.1064 0.0000e+00
      6.778     -0.061     0.1309      1.116     76.934  52.517708     5.5800     0.7695     0.0426     0.9729 6.6858e+00     2.4925      6.647      9.641     9.1106 0.0000e+00
      6.763     -0.063     0.1311      1.097     76.800  52.439224     5.6700     0.7733     0.0426     0.9306 6.8773e+00     2.4774      6.632      9.619     9.1139 0.0000e+00
      6.746     -0.065     0.1311      1.082     76.726  52.402756     5.6700     0.7886     0.0426     0.9306 7.3486e+00     2.5376      6.616      9.596     9.1174 0.0000e+00
      6.729     -0.067     0.1304      1.074     76.696  52.394615     5.6700     0.7848     0.0426     0.9306 7.6933e+00     2.4774      6.599      9.571     9.1224 0.0000e+00
      6.711     -0.068     0.1286      1.074     76.698  52.406683     5.6700     0.8382     0.0426     0.9306 7.9189e+00     2.8081      6.581      9.545     9.1295 0.0000e+00
      6.693     -0.067     0.1264      1.076     76.710  52.422356     5.7600     0.8229     0.0426     1.0575 8.7116e+00     2.6578      6.563      9.519     9.1381 0.0000e+00
      6.674     -0.064     0.1246      1.072     76.712  52.427975     5.7600     0.8420     0.0426     1.0575 9.2762e+00     2.6879      6.545      9.493     9.1470 0.0000e+00
      6.657     -0.059     0.1236      1.069     76.696  52.417109     5.7600     0.8344     0.0426     1.0575 1.0022e+01     2.6728      6.528      9.469     9.1553 0.0000e+00
      6.641     -0.052     0.1236      1.071     76.659  52.388843     5.7600     0.8725     0.0426     1.0575 9.9226e+00     2.7029      6.513      9.447     9.1622 0.0000e+00
      6.629     -0.045     0.1238      1.074     76.622  52.359424     5.8500     0.8916     0.0852     1.2267 9.6735e+00     2.7029      6.501      9.429     9.1672 0.0000e+00
      6.619     -0.038     0.1233      1.074     76.594  52.336867     5.8500     0.9183     0.0852     1.2267 9.8710e+00     2.7931      6.492      9.415     9.1697 0.0000e+00
      6.612     -0.033     0.1230      1.078     76.558  52.309208     5.8500     0.8954     0.0852     1.2267 9.6190e+00     2.6428      6.484      9.405     9.1697 0.0000e+00
      6.606     -0.030     0.1233      1.084     76.518  52.278983     5.8500     1.0442     0.0852     1.2267 9.6190e+00     2.6879      6.478      9.396     9.1678 0.0000e+00
      6.599     -0.029     0.1236      1.091     76.473  52.246061     5.9400     1.0213     0.0426     1.3959 9.3918e+00     2.7179      6.472      9.387     9.1650 0.0000e+00
      6.593     -0.031     0.1237      1.095     76.380  52.183822     5.9400     1.0137     0.0426     1.3959 9.1879e+00     2.7029      6.465      9.378     9.1628 0.0000e+00
      6.586     -0.034     0.1241      1.094     76.245  52.097474     5.9400     1.0366     0.0426     1.3959 8.9709e+00     2.8832      6.458      9.367     9.1610 0.0000e+00
      6.577     -0.038     0.1249      1.090     76.114  52.017510     5.9400     0.9412     0.0426     1.3959 9.0433e+00     2.4323      6.450      9.355     9.1591 0.0000e+00
      6.566     -0.042     0.1257      1.088     76.018  51.964233     5.9400     0.9450     0.0426     1.3959 9.5586e+00     2.5676      6.440      9.340     9.1579 0.0000e+00
      6.554     -0.045     0.1262      1.082     76.000  51.963080     5.8500     0.9374     0.0426     1.2267 1.0014e+01     2.4774      6.428      9.323     9.1587 0.0000e+00
      6.542     -0.046     0.1260      1.074     76.038  51.997887     5.8500     0.9565     0.0426     1.2267 1.0368e+01     2.4023      6.415      9.304     9.1624 0.0000e+00
      6.528     -0.046     0.1256      1.068     76.074  52.026400     5.8500     1.1014     0.0426     1.2267 1.0665e+01     2.7029      6.403      9.286     9.1688 0.0000e+00
      6.516     -0.043     0.1252      1.066     76.099  52.042347     5.8500     1.1052     0.0426     1.2267 1.1448e+01     2.7480      6.390      9.268     9.1766 0.0000e+00
      6.504     -0.038     0.1245      1.070     76.106  52.042052     5.8500     1.0785     0.0426     1.1844 1.1590e+01     2.6277      6.379      9.251     9.1842 0.0000e+00
      6.495     -0.033     0.1235      1.080     76.063  52.005613     5.8500     1.0862     0.0426     1.1844 1.1573e+01     2.7179      6.370      9.238     9.1899 0.0000e+00
      6.488     -0.027     0.1228      1.090     75.974  51.939170     5.8500     1.2578     0.0426     1.1844 1.1518e+01     3.0937      6.363      9.228     9.1924 0.0000e+00
      6.482     -0.023     0.1226      1.096     75.895  51.882489     5.8500     1.2998     0.0426     1.1844 1.1692e+01     3.0636      6.357      9.220     9.1917 0.0000e+00
      6.478     -0.019     0.1231      1.098     75.865  51.860098     6.0300     1.2426     0.0852     1.6074 1.1480e+01     3.1087      6.353      9.214     9.1883 0.0000e+00
      6.475     -0.018     0.1242      1.099     75.872  51.864045     6.0300     1.2960     0.0852     1.6074 1.1124e+01     3.1688      6.350      9.209     9.1838 0.0000e+00
      6.471     -0.020     0.1254      1.097     75.883  51.869613     6.0300     1.3875     0.0852     1.6074 1.1388e+01     3.0786      6.346      9.204     9.1801 0.0000e+00
      6.467     -0.023     0.1261      1.087     75.855  51.850536     6.0300     1.4104     0.0852     1.6074 1.1443e+01     3.1388      6.342      9.198     9.1781 0.0000e+00
      6.461     -0.028     0.1264      1.066     75.784  51.805691     6.0300     1.3875     0.0852     1.6920 1.1689e+01     3.1237      6.336      9.190     9.1772 0.0000e+00
      6.453     -0.035     0.1265      1.043     75.704  51.758800     6.0300     1.3723     0.0852     1.6920 1.1601e+01     3.1688      6.329      9.179     9.1763 0.0000e+00
      6.444     -0.041     0.1263      1.028     75.648  51.731055     6.0300     1.2044     0.0852     1.6920 1.1687e+01     3.0486      6.319      9.165     9.1753 0.0000e+00
      6.432     -0.046     0.1252      1.022     75.614  51.719022     6.0300     1.1853     0.0852     1.6920 1.2580e+01     3.1538      6.308      9.148     9.1753 0.0000e+00
      6.418     -0.049     0.1228      1.020     75.577  51.703635     6.0300     1.2159     0.0852     1.6920 1.3225e+01     3.1538      6.294      9.129     9.1775 0.0000e+00
      6.403     -0.050     0.1201      1.020     75.532  51.680793     6.0300     1.1853     0.0426     1.5651 1.4376e+01     3.0786      6.279      9.107     9.1825 0.0000e+00
      6.389     -0.048     0.1183      1.027     75.505  51.668190     6.0300     1.2578     0.0426     1.5651 1.6005e+01     3.1087      6.265      9.087     9.1895 0.0000e+00
      6.376     -0.043     0.1176      1.043     75.514  51.678323     6.0300     1.2502     0.0426     1.5651 1.5790e+01     3.1237      6.252      9.068     9.1969 0.0000e+00
      6.365     -0.037     0.1173      1.062     75.542  51.698037     6.0300     1.2616     0.0426     1.5651 1.5935e+01     3.1087      6.242      9.053     9.2036 0.0000e+00
      6.357     -0.030     0.1173      1.071     75.555  51.704839     5.9400     1.2502     0.0426     1.6920 1.6130e+01     3.1237      6.234      9.041     9.2089 0.0000e+00
      6.350     -0.024     0.1180      1.068     75.549  51.696577     5.9400     1.4447     0.0426     1.6920 1.5593e+01     3.3492      6.228      9.032     9.2129 0.0000e+00
      6.346     -0.019     0.1199      1.061     75.541  51.686907     5.9400     1.4676     0.0426     1.6920 1.5238e+01     3.3492      6.223      9.026     9.2152 0.0000e+00
      6.343     -0.016     0.1221      1.056     75.545  51.685141     5.9400     1.4447     0.0426     1.6920 1.5411e+01     3.2590      6.220      9.022     9.2156 0.0000e+00
      6.341     -0.015     0.1231      1.055     75.537  51.676933     6.1200     1.4676     0.0852     2.1150 1.4125e+01     3.3642      6.218      9.018     9.2144 0.0000e+00
      6.338     -0.017     0.1228      1.058     75.470  51.630362     6.1200     1.6393     0.0852     2.1150 1.3933e+01     3.3642      6.216      9.015     9.2120 0.0000e+00
      6.335     -0.021     0.1220      1.065     75.351  51.550849     6.1200     1.6431     0.0852     2.1150 1.4033e+01     3.3642      6.212      9.010     9.2089 0.0000e+00
      6.329     -0.028     0.1214      1.080     75.232  51.474673     6.1200     1.6278     0.0852     2.1150 1.3176e+01     3.3041      6.207      9.002     9.2059 0.0000e+00
      6.322     -0.035     0.1213      1.097     75.133  51.415216     6.0300     1.6126     0.0852     1.9035 1.3545e+01     3.3191      6.200      8.992     9.2041 0.0000e+00
      6.312     -0.041     0.1217      1.104     75.045  51.364553     6.0300     1.3189     0.0852     1.9035 1.4466e+01     3.1538      6.190      8.977     9.2037 0.0000e+00
      6.299     -0.047     0.1225      1.098     74.958  51.315121     6.0300     1.3303     0.0852     1.9035 1.4926e+01     3.0786      6.177      8.960     9.2048 0.0000e+00
      6.285     -0.050     0.1242      1.086     74.866  51.261666     6.0300     1.3227     0.0852     1.9035 1.6081e+01     3.1388      6.163      8.939     9.2081 0.0000e+00
      6.270     -0.052     0.1261      1.074     74.755  51.193898     6.0300     1.3303     0.0852     1.9035 1.5966e+01     3.1388      6.149      8.919     9.2135 0.0000e+00
      6.256     -0.053     0.1268      1.066     74.616  51.105639     6.0300     1.4714     0.0852     1.6074 1.5586e+01     3.2740      6.135      8.899     9.2203 0.0000e+00
      6.243     -0.053     0.1262      1.063     74.441  50.993175     6.0300     1.4676     0.0852     1.6074 1.5381e+01     3.3342      6.122      8.880     9.2272 0.0000e+00
      6.230     -0.054     0.1248      1.062     74.207  50.842371     6.0300     1.4486     0.0852     1.6074 1.4631e+01     3.3191      6.110      8.862     9.2335 0.0000e+00
      6.217     -0.054     0.1234      1.059     73.953  50.680405     6.0300     1.4714     0.0852     1.6074 1.4762e+01     3.3492      6.098      8.843     9.2388 0.0000e+00
      6.204     -0.055     0.1225      1.055     73.785  50.579046     6.0300     1.3913     0.0852     1.9881 1.5083e+01     3.1989      6.084      8.824     9.2436 0.0000e+00
      6.189     -0.055     0.1221      1.054     73.716  50.544961     6.0300     1.3875     0.0852     1.9881 1.5797e+01     3.0335      6.070      8.803     9.2488 0.0000e+00
      6.173     -0.053     0.1220      1.054     73.638  50.501671     6.0300     1.4104     0.0852     1.9881 1.6603e+01     3.0335      6.054      8.781     9.2551 0.0000e+00
      6.159     -0.050     0.1216      1.052     73.484  50.403937     6.0300     1.3837     0.0852     1.9881 1.6603e+01     3.1688      6.040      8.760     9.2630 0.0000e+00
      6.145     -0.044     0.1212      1.049     73.293  50.279213     6.0300     1.4371     0.0852     1.9881 1.7209e+01     3.3642      6.027      8.741     9.2722 0.0000e+00
      6.135     -0.037     0.1210      1.049     73.092  50.145773     6.0300     1.4524     0.0852     1.9881 1.6792e+01     3.3191      6.016      8.725     9.2810 0.0000e+00
      6.127     -0.030     0.1210      1.054     72.844  49.977942     6.0300     1.4562     0.0852     1.9881 1.7150e+01     3.3342      6.008      8.714     9.2881 0.0000e+00
      6.121     -0.024     0.1208      1.066     72.543  49.772587     6.0300     1.4714     0.0852     1.9881 1.7038e+01     3.2289      6.003      8.706     9.2935 0.0000e+00
      6.116     -0.018     0.1204      1.078     72.196  49.536390     6.0300     1.7385     0.0852     1.9881 1.6668e+01     3.5746      5.998      8.700     9.2978 0.0000e+00
      6.113     -0.015     0.1204      1.084     71.813  49.279696     5.9400     1.7766     0.0852     2.5803 1.6715e+01     3.5596      5.995      8.695     9.3010 0.0000e+00
      6.111     -0.014     0.1210      1.087     71.499  49.072789     5.9400     1.7499     0.0852     2.5803 1.6839e+01     3.5897      5.993      8.692     9.3025 0.0000e+00
      6.108     -0.014     0.1224      1.092     71.246  48.908062     5.9400     1.7652     0.0852     2.5803 1.6607e+01     3.4995      5.990      8.688     9.3032 0.0000e+00
