Data/DataNotYetUploadedToEDI/Raw_CTD/RawDownloads/061423_bvr50_S8188001.cnv
* Sea-Bird SBE19plus  Data File:
* FileName = C:\R\Reservoirs\Data\DataNotYetUploadedToEDI\Raw_CTD\RawDownloads\061423_fcr50_S8188_0001.hex
* Software version 2.8.0.119
* Temperature SN = 8188
* Conductivity SN = 8188
* System UpLoad Time = Jun 19 2023 15:51:22
* <ApplicationData>
* <Seaterm232>
# nquan = 16
# nvalues = 1876                        
# units = specified
# name 0 = depFM: Depth [fresh water, m]
# name 1 = dz/dtM: Descent Rate [m/s]
# name 2 = sbeox0Mg/L: Oxygen, SBE 43 [mg/l]
# name 3 = sbeox0PS: Oxygen, SBE 43 [% saturation]
# name 4 = specc: Specific Conductance [uS/cm]
# name 5 = c0uS/cm: Conductivity [uS/cm]
# name 6 = wetCDOM: Fluorescence, WET Labs CDOM [mg/m^3]
# name 7 = flECO-AFL: Fluorescence, WET Labs ECO-AFL/FL [mg/m^3]
# name 8 = flECO-AFL1: Fluorescence, WET Labs ECO-AFL/FL, 2 [mg/m^3]
# name 9 = flECO-AFL2: Fluorescence, WET Labs ECO-AFL/FL, 3 [mg/m^3]
# name 10 = par/sat/log: PAR/Logarithmic, Satlantic
# name 11 = turbWETntu0: Turbidity, WET Labs ECO [NTU]
# name 12 = prdM: Pressure, Strain Gauge [db]
# name 13 = prdE: Pressure, Strain Gauge [psi]
# name 14 = tv290C: Temperature [ITS-90, deg C]
# name 15 = flag:  0.000e+00
# span 0 =     -0.856,      8.388       
# span 1 =     -0.211,      0.174       
# span 2 =     0.0195,     9.9277       
# span 3 =      0.184,    108.517       
# span 4 =     -0.148,     86.877       
# span 5 =  -0.147951,  58.467574       
# span 6 =    -8.4600,     7.2900       
# span 7 =    -1.1264,    41.7667       
# span 8 =    -3.3654,    11.4594       
# span 9 =    -2.0304,    11.6325       
# span 10 = 1.1585e-01, 2.7063e+03      
# span 11 =   -10.2681,     5.7991      
# span 12 =     -0.840,      8.226      
# span 13 =     -1.218,     11.930      
# span 14 =     8.6458,    24.3451      
# span 15 = 0.0000e+00, 0.0000e+00      
# interval = seconds: 0.25
# start_time = Jun 14 2023 11:17:25 [Instrument's time stamp, header]
# bad_flag = -9.990e-29
*END*
[from data line 1718]
      1.136     -0.019     8.1258     91.789     29.188  27.047424     2.6100     0.4911     0.0000     0.2115 1.9771e+02     0.5235      1.114      1.616    21.3213 0.0000e+00
      1.131     -0.027     8.1277     91.771     29.181  27.039150     2.6100     0.4872     0.0000     0.2115 3.1945e+02     0.4935      1.109      1.608    21.3252 0.0000e+00
      1.123     -0.034     8.1292     91.739     29.170  27.027269     2.6100     0.5063     0.0000     0.2115 4.9163e+02     0.5085      1.101      1.598    21.3275 0.0000e+00
      1.113     -0.042     8.1299     91.703     29.165  27.020490     2.5200     0.5063     0.0426     0.0846 3.1966e+02     0.4935      1.092      1.583    21.3282 0.0000e+00
      1.101     -0.047     8.1298     91.674     29.172  27.024925     2.5200     0.4949     0.0426     0.0846 3.0527e+02     0.5235      1.079      1.566    21.3276 0.0000e+00
      1.086     -0.049     8.1285     91.655     29.184  27.033837     2.5200     0.5025     0.0426     0.0846 1.0754e+03     0.5235      1.065      1.545    21.3256 0.0000e+00
      1.071     -0.049     8.1262     91.641     29.193  27.041684     2.5200     0.4911     0.0426     0.0846 1.1718e+03     0.5235      1.050      1.523    21.3223 0.0000e+00
      1.057     -0.045     8.1236     91.617     29.203  27.050558     2.5200     0.4911     0.0426     0.0846 1.1149e+03     0.4935      1.036      1.503    21.3182 0.0000e+00
      1.045     -0.040     8.1217     91.584     29.207  27.054908     2.6100     0.4949     0.0426     0.1269 1.3572e+03     0.5385      1.025      1.486    21.3143 0.0000e+00
      1.036     -0.033     8.1205     91.556     29.198  27.047974     2.6100     0.4834     0.0426     0.1269 7.8322e+02     0.5235      1.016      1.474    21.3113 0.0000e+00
      1.029     -0.025     8.1195     91.548     29.184  27.035826     2.6100     0.4911     0.0426     0.1269 5.8511e+02     0.4935      1.010      1.464    21.3098 0.0000e+00
      1.024     -0.018     8.1174     91.559     29.177  27.031062     2.6100     0.4796     0.0426     0.1269 5.9640e+02     0.5536      1.005      1.457    21.3097 0.0000e+00
      1.021     -0.013     8.1143     91.580     29.180  27.036371     2.6100     0.4796     0.0000     0.1692 4.6141e+02     0.5836      1.001      1.452    21.3107 0.0000e+00
      1.019     -0.009     8.1115     91.602     29.184  27.041292     2.6100     0.4911     0.0000     0.1692 2.5522e+02     0.5836      0.999      1.449    21.3126 0.0000e+00
      1.018     -0.006     8.1104     91.625     29.180  27.039217     2.6100     0.4987     0.0000     0.1692 3.6728e+02     0.5536      0.998      1.447    21.3152 0.0000e+00
      1.017     -0.005     8.1109     91.653     29.173  27.033553     2.6100     0.5521     0.0000     0.1692 3.3927e+02     0.4935      0.998      1.447    21.3183 0.0000e+00
      1.017     -0.004     8.1123     91.688     29.168  27.030707     2.6100     0.5368     0.0000     0.1692 4.6251e+02     0.5385      0.997      1.446    21.3215 0.0000e+00
      1.016     -0.005     8.1137     91.732     29.166  27.029922     2.6100     0.5445     0.0000     0.1692 3.6728e+02     0.4333      0.996      1.445    21.3244 0.0000e+00
      1.015     -0.007     8.1153     91.784     29.161  27.027029     2.6100     0.5406     0.0000     0.1692 1.9853e+02     0.5235      0.995      1.443    21.3269 0.0000e+00
      1.013     -0.010     8.1175     91.843     29.158  27.025215     2.6100     0.5635     0.0000     0.1692 2.3730e+02     0.4935      0.994      1.441    21.3291 0.0000e+00
      1.011     -0.014     8.1203     91.900     29.160  27.027955     2.6100     0.5521     0.0426     0.1269 4.8400e+02     0.4033      0.992      1.438    21.3311 0.0000e+00
      1.008     -0.019     8.1238     91.948     29.163  27.032022     2.6100     0.5826     0.0426     0.1269 5.2956e+02     0.5385      0.989      1.434    21.3334 0.0000e+00
      1.003     -0.026     8.1281     91.975     29.166  27.034541     2.6100     0.5750     0.0426     0.1269 4.5991e+02     0.4333      0.984      1.427    21.3358 0.0000e+00
      0.996     -0.035     8.1329     91.972     29.167  27.036184     2.6100     0.6017     0.0426     0.1269 4.4429e+02     0.4935      0.977      1.417    21.3379 0.0000e+00
      0.987     -0.045     8.1377     91.933     29.169  27.037388     2.6100     0.5940     0.0426     0.1269 3.6872e+02     0.5536      0.968      1.404    21.3397 0.0000e+00
      0.975     -0.055     8.1417     91.859     29.172  27.038476     2.5200     0.5979     0.0426     0.2115 4.7888e+02     0.5235      0.956      1.386    21.3411 0.0000e+00
      0.959     -0.064     8.1440     91.761     29.171  27.035777     2.5200     0.5826     0.0426     0.2115 1.0208e+03     0.5536      0.940      1.364    21.3421 0.0000e+00
      0.940     -0.070     8.1437     91.656     29.169  27.032530     2.5200     0.6017     0.0426     0.2115 8.3253e+02     0.5235      0.922      1.337    21.3422 0.0000e+00
      0.919     -0.073     8.1403     91.569     29.177  27.039749     2.5200     0.6169     0.0426     0.2115 4.1032e+02     0.5536      0.901      1.307    21.3411 0.0000e+00
      0.897     -0.071     8.1342     91.521     29.193  27.055399     2.6100     0.6017     0.0426     0.1692 7.2601e+02     0.5235      0.880      1.276    21.3389 0.0000e+00
      0.877     -0.066     8.1260     91.522     29.204  27.067815     2.6100     0.6055     0.0426     0.1692 3.9390e+02     0.5085      0.860      1.247    21.3358 0.0000e+00
      0.860     -0.058     8.1171     91.568     29.209  27.076349     2.6100     0.5368     0.0426     0.1692 2.7557e+02     0.5235      0.843      1.223    21.3328 0.0000e+00
      0.847     -0.049     8.1096     91.646     29.216  27.087236     2.6100     0.5445     0.0426     0.1692 5.3675e+02     0.5235      0.830      1.204    21.3318 0.0000e+00
      0.836     -0.039     8.1051     91.741     29.218  27.095462     2.6100     0.5445     0.0000     0.2538 2.4677e+02     0.5085      0.820      1.189    21.3335 0.0000e+00
      0.828     -0.031     8.1045     91.835     29.216  27.099261     2.6100     0.5521     0.0000     0.2538 4.3512e+02     0.5836      0.812      1.178    21.3378 0.0000e+00
      0.822     -0.025     8.1076     91.899     29.215  27.103606     2.6100     0.6093     0.0000     0.2538 3.0780e+02     0.4935      0.806      1.170    21.3442 0.0000e+00
      0.818     -0.021     8.1131     91.906     29.217  27.109655     2.6100     0.6208     0.0000     0.2538 3.2252e+02     0.5836      0.802      1.163    21.3524 0.0000e+00
      0.814     -0.018     8.1200     91.858     29.219  27.115062     2.6100     0.5940     0.0000     0.1692 3.0073e+02     0.6438      0.798      1.158    21.3622 0.0000e+00
      0.810     -0.017     8.1268     91.780     29.214  27.113351     2.6100     0.6246     0.0000     0.1692 3.5434e+02     0.5536      0.794      1.152    21.3724 0.0000e+00
      0.806     -0.018     8.1310     91.694     29.206  27.108025     2.6100     0.6208     0.0000     0.1692 2.5456e+02     0.5836      0.791      1.147    21.3815 0.0000e+00
      0.802     -0.021     8.1305     91.604     29.198  27.101622     2.6100     0.6360     0.0000     0.1692 4.9733e+02     0.5987      0.786      1.140    21.3887 0.0000e+00
      0.797     -0.026     8.1253     91.518     29.183  27.088477     2.6100     0.5940     0.0000     0.1692 2.9477e+02     0.5085      0.782      1.133    21.3945 0.0000e+00
      0.791     -0.032     8.1177     91.449     29.166  27.073003     2.6100     0.6208     0.0000     0.2115 2.8150e+02     0.5836      0.775      1.125    21.3993 0.0000e+00
      0.783     -0.039     8.1094     91.408     29.157  27.062952     2.6100     0.5864     0.0000     0.2115 2.8969e+02     0.5385      0.767      1.113    21.4033 0.0000e+00
      0.772     -0.047     8.1010     91.395     29.157  27.059601     2.6100     0.6284     0.0000     0.2115 3.9518e+02     0.5235      0.757      1.098    21.4062 0.0000e+00
      0.758     -0.054     8.0932     91.398     29.164  27.062059     2.6100     0.6208     0.0000     0.2115 2.7955e+02     0.5235      0.743      1.078    21.4076 0.0000e+00
      0.742     -0.059     8.0872     91.408     29.177  27.070980     2.6100     0.6284     0.0000     0.2115 1.3578e+03     0.5385      0.727      1.055    21.4070 0.0000e+00
      0.724     -0.060     8.0841     91.433     29.194  27.084783     2.6100     0.6208     0.0000     0.2115 2.4941e+02     0.6137      0.710      1.030    21.4036 0.0000e+00
      0.706     -0.058     8.0838     91.480     29.210  27.099230     2.6100     0.6093     0.0000     0.2115 5.1548e+02     0.5536      0.693      1.004    21.3980 0.0000e+00
      0.690     -0.053     8.0850     91.543     29.216  27.106296     2.6100     0.6246     0.0000     0.2115 4.4719e+02     0.5536      0.677      0.982    21.3916 0.0000e+00
      0.677     -0.046     8.0868     91.611     29.212  27.103905     2.5200     0.6284     0.0000     0.1269 4.3502e+02     0.5987      0.664      0.963    21.3862 0.0000e+00
      0.667     -0.038     8.0896     91.682     29.204  27.099339     2.5200     0.5597     0.0000     0.1269 4.5346e+02     0.4333      0.654      0.948    21.3830 0.0000e+00
      0.659     -0.031     8.0938     91.750     29.196  27.095339     2.5200     0.5559     0.0000     0.1269 2.6408e+02     0.4935      0.646      0.937    21.3821 0.0000e+00
      0.653     -0.024     8.0991     91.805     29.191  27.094799     2.5200     0.5483     0.0000     0.1269 2.6906e+02     0.5085      0.640      0.928    21.3836 0.0000e+00
      0.648     -0.019     8.1046     91.839     29.195  27.101535     2.5200     0.5559     0.0000     0.1269 3.0256e+02     0.5536      0.635      0.921    21.3870 0.0000e+00
      0.645     -0.015     8.1101     91.855     29.204  27.113382     2.5200     0.6208     0.0000     0.2115 1.8540e+02     0.5085      0.632      0.916    21.3919 0.0000e+00
      0.642     -0.014     8.1153     91.858     29.215  27.125583     2.5200     0.6208     0.0000     0.2115 1.7840e+02     0.4784      0.629      0.912    21.3977 0.0000e+00
      0.639     -0.013     8.1192     91.846     29.225  27.137432     2.5200     0.5788     0.0000     0.2115 1.8272e+02     0.5836      0.627      0.909    21.4037 0.0000e+00
      0.636     -0.015     8.1213     91.825     29.231  27.144168     2.5200     0.6322     0.0000     0.2115 1.8972e+02     0.4333      0.624      0.905    21.4096 0.0000e+00
      0.633     -0.018     8.1219     91.798     29.224  27.139669     2.6100     0.6665     0.0000     0.2115 2.1012e+02     0.5385      0.620      0.900    21.4146 0.0000e+00
      0.628     -0.023     8.1215     91.768     29.214  27.130656     2.6100     0.6551     0.0000     0.2115 2.7118e+02     0.4634      0.616      0.894    21.4187 0.0000e+00
      0.623     -0.029     8.1199     91.738     29.207  27.122644     2.6100     0.6894     0.0000     0.2115 1.9397e+02     0.4784      0.611      0.886    21.4222 0.0000e+00
      0.616     -0.036     8.1175     91.711     29.198  27.113495     2.6100     0.6856     0.0000     0.2115 3.0700e+02     0.4784      0.604      0.876    21.4254 0.0000e+00
      0.606     -0.043     8.1147     91.690     29.187  27.100769     2.5200     0.6208     0.0000     0.1269 3.4748e+02     0.4183      0.594      0.861    21.4279 0.0000e+00
      0.593     -0.049     8.1120     91.676     29.172  27.085034     2.5200     0.6169     0.0000     0.1269 1.8435e+02     0.4333      0.581      0.843    21.4286 0.0000e+00
      0.578     -0.052     8.1095     91.670     29.163  27.073970     2.5200     0.6093     0.0000     0.1269 1.8157e+02     0.5686      0.567      0.822    21.4274 0.0000e+00
      0.562     -0.053     8.1076     91.672     29.164  27.072546     2.5200     0.6017     0.0000     0.1269 1.6108e+02     0.5235      0.551      0.800    21.4247 0.0000e+00
      0.547     -0.051     8.1062     91.686     29.170  27.076423     2.5200     0.5635     0.0000     0.2538 1.8447e+02     0.6137      0.536      0.778    21.4215 0.0000e+00
      0.533     -0.046     8.1056     91.712     29.178  27.082675     2.5200     0.6208     0.0000     0.2538 1.3965e+02     0.5085      0.523      0.758    21.4179 0.0000e+00
      0.522     -0.039     8.1056     91.743     29.190  27.092968     2.5200     0.6246     0.0000     0.2538 1.5000e+02     0.5235      0.512      0.742    21.4139 0.0000e+00
      0.513     -0.033     8.1065     91.775     29.199  27.102130     2.5200     0.6246     0.0000     0.2538 1.2979e+02     0.5235      0.504      0.730    21.4099 0.0000e+00
      0.507     -0.026     8.1083     91.796     29.197  27.100725     2.5200     0.6131     0.0000     0.2538 1.3336e+02     0.5536      0.497      0.721    21.4064 0.0000e+00
      0.502     -0.021     8.1109     91.797     29.187  27.092339     2.5200     0.6131     0.0000     0.2538 1.2906e+02     0.5385      0.492      0.714    21.4040 0.0000e+00
      0.498     -0.018     8.1138     91.784     29.184  27.090572     2.5200     0.6246     0.0000     0.2538 1.2489e+02     0.4935      0.488      0.708    21.4031 0.0000e+00
      0.494     -0.016     8.1165     91.762     29.193  27.098913     2.5200     0.6017     0.0000     0.2538 1.2524e+02     0.5085      0.485      0.703    21.4039 0.0000e+00
      0.491     -0.017     8.1181     91.730     29.202  27.107707     2.5200     0.6551     0.0000     0.2538 1.2139e+02     0.6588      0.482      0.699    21.4055 0.0000e+00
      0.487     -0.021     8.1179     91.699     29.206  27.111381     2.4300     0.7047     0.0852     0.0846 1.2242e+02     0.5536      0.478      0.694    21.4070 0.0000e+00
      0.483     -0.027     8.1166     91.682     29.201  27.106956     2.4300     0.6703     0.0852     0.0846 1.2136e+02     0.5235      0.474      0.687    21.4080 0.0000e+00
      0.476     -0.035     8.1146     91.682     29.190  27.097211     2.4300     0.6703     0.0852     0.0846 1.1992e+02     0.5385      0.467      0.678    21.4085 0.0000e+00
      0.467     -0.045     8.1117     91.696     29.184  27.091425     2.4300     0.6093     0.0852     0.0846 1.1788e+02     0.6438      0.458      0.665    21.4088 0.0000e+00
      0.455     -0.057     8.1089     91.711     29.181  27.088056     2.5200     0.6131     0.0852     0.0846 1.1542e+02     0.4935      0.447      0.648    21.4092 0.0000e+00
      0.439     -0.067     8.1073     91.711     29.180  27.086206     2.5200     0.6093     0.0852     0.0846 1.0823e+02     0.5536      0.431      0.625    21.4097 0.0000e+00
      0.419     -0.076     8.1073     91.687     29.181  27.085380     2.5200     0.6017     0.0852     0.0846 1.1025e+02     0.4935      0.411      0.596    21.4099 0.0000e+00
      0.396     -0.081     8.1086     91.644     29.183  27.085358     2.5200     0.6322     0.0852     0.0846 1.1044e+02     0.4784      0.388      0.563    21.4096 0.0000e+00
      0.371     -0.082     8.1101     91.595     29.188  27.090094     2.6100     0.5902     0.0000     0.2115 1.0266e+02     0.5836      0.364      0.528    21.4088 0.0000e+00
      0.348     -0.078     8.1103     91.556     29.195  27.096891     2.6100     0.6093     0.0000     0.2115 1.1382e+02     0.4784      0.341      0.495    21.4070 0.0000e+00
      0.327     -0.070     8.1086     91.537     29.199  27.103602     2.6100     0.6093     0.0000     0.2115 1.1427e+02     0.5235      0.321      0.466    21.4044 0.0000e+00
      0.310     -0.060     8.1052     91.539     29.201  27.108059     2.6100     0.5597     0.0000     0.2115 1.1358e+02     0.4634      0.304      0.441    21.4020 0.0000e+00
      0.297     -0.049     8.1011     91.557     29.202  27.111448     2.6100     0.5597     0.0000     0.2115 1.2489e+02     0.4935      0.291      0.422    21.4011 0.0000e+00
