Data/DataNotYetUploadedToEDI/Raw_CTD/RawDownloads/061423_fcr50_S8188003.cnv
* Sea-Bird SBE19plus  Data File:
* FileName = C:\R\Reservoirs\Data\DataNotYetUploadedToEDI\Raw_CTD\RawDownloads\061423_fcr50_S8188_0003.hex
* Software version 2.8.0.119
* Temperature SN = 8188
* Conductivity SN = 8188
* System UpLoad Time = Jun 19 2023 15:52:05
* <ApplicationData>
* <Seaterm232>
# nquan = 16
# nvalues = 2663                        
# units = specified
# name 0 = depFM: Depth [fresh water, m]
# name 1 = dz/dtM: Descent Rate [m/s]
# name 2 = sbeox0Mg/L: Oxygen, SBE 43 [mg/l]
# name 3 = sbeox0PS: Oxygen, SBE 43 [% saturation]
# name 4 = specc: Specific Conductance [uS/cm]
# name 5 = c0uS/cm: Conductivity [uS/cm]
# name 6 = wetCDOM: Fluorescence, WET Labs CDOM [mg/m^3]
# name 7 = flECO-AFL: Fluorescence, WET Labs ECO-AFL/FL [mg/m^3]
# name 8 = flECO-AFL1: Fluorescence, WET Labs ECO-AFL/FL, 2 [mg/m^3]
# name 9 = flECO-AFL2: Fluorescence, WET Labs ECO-AFL/FL, 3 [mg/m^3]
# name 10 = par/sat/log: PAR/Logarithmic, Satlantic
# name 11 = turbWETntu0: Turbidity, WET Labs ECO [NTU]
# name 12 = prdM: Pressure, Strain Gauge [db]
# name 13 = prdE: Pressure, Strain Gauge [psi]
# name 14 = tv290C: Temperature [ITS-90, deg C]
# name 15 = flag:  0.000e+00
# span 0 =     -0.776,      8.749       
# span 1 =     -0.244,      0.115       
# span 2 =     1.8159,    13.6455       
# span 3 =     17.338,    153.778       
# span 4 =      0.395,     44.240       
# span 5 =   0.362623,  39.740410       
# span 6 =    -0.9900,    77.4900       
# span 7 =    -0.2490,     4.8666       
# span 8 =    -0.1704,     0.2982       
# span 9 =    -0.3384,    11.5902       
# span 10 = 1.1590e-01, 3.5534e+02      
# span 11 =    -0.6939,   266.1211      
# span 12 =     -0.761,      8.580      
# span 13 =     -1.104,     12.444      
# span 14 =    10.3415,    21.2828      
# span 15 = 0.0000e+00, 0.0000e+00      
# interval = seconds: 0.25
# start_time = Jun 14 2023 14:01:57 [Instrument's time stamp, header]
# bad_flag = -9.990e-29
*END*
[from data line 1808]
      5.693      0.015    10.2056     91.075     43.522  30.777711     3.8700     0.1935     0.0852     0.0846 1.1605e-01     3.4845      5.582      8.097    10.3592 0.0000e+00
      5.696      0.016    10.2020     91.054     43.516  30.773096     3.8700     0.1973     0.0852     0.0846 1.1605e-01     3.6348      5.586      8.102    10.3582 0.0000e+00
      5.700      0.017    10.1989     91.034     43.520  30.774326     3.8700     0.1706     0.0852     0.0846 1.1623e-01     3.5897      5.590      8.108    10.3573 0.0000e+00
      5.705      0.019    10.1960     91.016     43.523  30.775791     3.8700     0.1821     0.0852     0.0846 1.1620e-01     3.6197      5.594      8.114    10.3568 0.0000e+00
      5.709      0.021    10.1936     91.007     43.531  30.779859     3.8700     0.1935     0.0852     0.0846 1.1615e-01     3.6348      5.599      8.121    10.3563 0.0000e+00
      5.715      0.023    10.1914     91.007     43.544  30.787618     3.8700     0.1973     0.0852     0.0846 1.1623e-01     3.6949      5.604      8.128    10.3555 0.0000e+00
      5.721      0.025    10.1893     91.013     43.553  30.793214     3.8700     0.1706     0.0852     0.0846 1.1610e-01     3.3792      5.610      8.137    10.3544 0.0000e+00
      5.728      0.028    10.1877     91.024     43.561  30.798140     3.8700     0.1706     0.0852     0.0846 1.1617e-01     3.3342      5.617      8.147    10.3531 0.0000e+00
      5.735      0.029    10.1870     91.040     43.570  30.803711     3.8700     0.1973     0.0852     0.1692 1.1605e-01     3.4694      5.624      8.157    10.3516 0.0000e+00
      5.743      0.031    10.1873     91.059     43.565  30.799529     3.8700     0.1973     0.0852     0.1692 1.1617e-01     3.4694      5.632      8.169    10.3502 0.0000e+00
      5.752      0.031    10.1883     91.077     43.546  30.786461     3.8700     0.2584     0.0852     0.1692 1.1605e-01     3.5746      5.640      8.181    10.3490 0.0000e+00
      5.760      0.032    10.1898     91.092     43.539  30.780823     3.8700     0.2469     0.0852     0.1692 1.1612e-01     3.5746      5.649      8.193    10.3480 0.0000e+00
      5.768      0.031    10.1918     91.105     43.550  30.789032     3.8700     0.2507     0.0852     0.0846 1.1612e-01     3.6197      5.657      8.205    10.3472 0.0000e+00
      5.776      0.031    10.1940     91.115     43.568  30.801396     3.8700     0.2431     0.0852     0.0846 1.1617e-01     3.6648      5.664      8.216    10.3468 0.0000e+00
      5.784      0.030    10.1960     91.123     43.576  30.807352     3.8700     0.1668     0.0852     0.0846 1.1610e-01     3.5897      5.672      8.227    10.3465 0.0000e+00
      5.792      0.029    10.1977     91.127     43.572  30.804527     3.8700     0.1592     0.0852     0.0846 1.1600e-01     3.6798      5.679      8.237    10.3463 0.0000e+00
      5.799      0.028    10.1992     91.130     43.555  30.792168     3.8700     0.2049     0.0852     0.0846 1.1617e-01     3.5746      5.687      8.248    10.3462 0.0000e+00
      5.807      0.028    10.2004     91.138     43.533  30.776879     3.8700     0.1859     0.0852     0.0846 1.1597e-01     3.5596      5.694      8.258    10.3461 0.0000e+00
      5.813      0.027    10.2012     91.155     43.520  30.768446     3.8700     0.2278     0.0852     0.0846 1.1612e-01     3.5746      5.701      8.268    10.3461 0.0000e+00
      5.820      0.026    10.2017     91.173     43.520  30.768579     3.8700     0.2545     0.0852     0.0846 1.1615e-01     3.6047      5.707      8.277    10.3462 0.0000e+00
      5.826      0.025    10.2020     91.185     43.531  30.777313     3.8700     0.2507     0.0426     0.0423 1.1605e-01     3.6648      5.713      8.286    10.3463 0.0000e+00
      5.833      0.024    10.2029     91.188     43.544  30.787077     3.8700     0.2584     0.0426     0.0423 1.1607e-01     3.5746      5.719      8.295    10.3465 0.0000e+00
      5.839      0.023    10.2047     91.177     43.548  30.790575     3.8700     0.2088     0.0426     0.0423 1.1597e-01     3.5746      5.725      8.304    10.3468 0.0000e+00
      5.844      0.022    10.2067     91.145     43.549  30.792698     3.8700     0.2088     0.0426     0.0423 1.1607e-01     3.6197      5.731      8.312    10.3473 0.0000e+00
      5.850      0.021    10.2079     91.091     43.543  30.790054     3.8700     0.1782     0.0426     0.0423 1.1617e-01     3.6047      5.737      8.320    10.3480 0.0000e+00
      5.855      0.019    10.2079     91.024     43.524  30.777977     3.8700     0.1668     0.0852     0.0846 1.1605e-01     3.5596      5.741      8.327    10.3489 0.0000e+00
      5.859      0.018    10.2064     90.961     43.507  30.767107     3.8700     0.2088     0.0852     0.0846 1.1623e-01     3.7249      5.746      8.334    10.3503 0.0000e+00
      5.864      0.018    10.2024     90.916     43.503  30.764446     3.8700     0.2126     0.0852     0.0846 1.1602e-01     3.6197      5.750      8.340    10.3519 0.0000e+00
      5.868      0.017    10.1960     90.891     43.506  30.767305     3.8700     0.1859     0.0852     0.0846 1.1623e-01     3.6648      5.754      8.346    10.3534 0.0000e+00
      5.872      0.017    10.1882     90.878     43.517  30.774466     3.8700     0.1744     0.0852     0.1692 1.1605e-01     3.5295      5.758      8.352    10.3547 0.0000e+00
      5.876      0.017    10.1808     90.876     43.539  30.789818     3.8700     0.2584     0.0852     0.1692 1.1620e-01     3.5746      5.763      8.358    10.3559 0.0000e+00
      5.880      0.017    10.1756     90.887     43.565  30.807555     3.8700     0.2774     0.0852     0.1692 1.1625e-01     3.6949      5.767      8.364    10.3569 0.0000e+00
      5.885      0.017    10.1727     90.908     43.571  30.810626     3.8700     0.2469     0.0852     0.1692 1.1607e-01     3.5446      5.771      8.370    10.3573 0.0000e+00
      5.889      0.017    10.1713     90.932     43.559  30.801830     3.8700     0.2469     0.0852     0.0846 1.1615e-01     3.5746      5.775      8.377    10.3570 0.0000e+00
      5.894      0.017    10.1711     90.951     43.549  30.794661     3.8700     0.1897     0.0852     0.0846 1.1605e-01     3.6348      5.780      8.383    10.3563 0.0000e+00
      5.898      0.017    10.1725     90.961     43.545  30.791168     3.8700     0.1782     0.0852     0.0846 1.1617e-01     3.6798      5.784      8.389    10.3556 0.0000e+00
      5.902      0.018    10.1752     90.963     43.549  30.794380     3.8700     0.1821     0.0852     0.0846 1.1620e-01     3.5897      5.788      8.395    10.3547 0.0000e+00
      5.907      0.018    10.1781     90.958     43.564  30.805154     3.8700     0.1935     0.0852     0.1692 1.1623e-01     3.5897      5.793      8.402    10.3539 0.0000e+00
      5.912      0.018    10.1803     90.952     43.577  30.814482     3.8700     0.1782     0.0852     0.1692 1.1617e-01     3.7400      5.797      8.408    10.3535 0.0000e+00
      5.916      0.018    10.1815     90.954     43.579  30.816931     3.8700     0.1782     0.0852     0.1692 1.1607e-01     3.5897      5.802      8.415    10.3533 0.0000e+00
      5.921      0.018    10.1817     90.963     43.579  30.817113     3.8700     0.1821     0.0852     0.1692 1.1620e-01     3.5446      5.806      8.421    10.3533 0.0000e+00
      5.925      0.018    10.1811     90.977     43.581  30.819038     3.8700     0.1821     0.0852     0.1692 1.1605e-01     3.5897      5.810      8.427    10.3534 0.0000e+00
      5.930      0.018    10.1803     90.994     43.581  30.819260     3.8700     0.2011     0.0852     0.1692 1.1607e-01     3.6047      5.815      8.434    10.3540 0.0000e+00
      5.934      0.018    10.1803     91.007     43.572  30.813876     3.8700     0.1782     0.0852     0.1692 1.1607e-01     3.6648      5.819      8.440    10.3547 0.0000e+00
      5.938      0.018    10.1812     91.018     43.564  30.809373     3.8700     0.2011     0.0852     0.1692 1.1617e-01     3.6648      5.823      8.446    10.3553 0.0000e+00
      5.943      0.018    10.1827     91.031     43.568  30.812469     3.8700     0.1821     0.0852     0.1692 1.1617e-01     3.7550      5.828      8.453    10.3557 0.0000e+00
      5.947      0.019    10.1844     91.048     43.579  30.820029     3.8700     0.3156     0.0852     0.1269 1.1597e-01     3.6348      5.832      8.459    10.3564 0.0000e+00
      5.952      0.019    10.1856     91.068     43.595  30.830111     3.8700     0.3232     0.0852     0.1269 1.1620e-01     3.5897      5.837      8.466    10.3573 0.0000e+00
      5.957      0.020    10.1866     91.090     43.606  30.837481     3.8700     0.3079     0.0852     0.1269 1.1620e-01     3.5897      5.842      8.473    10.3583 0.0000e+00
      5.963      0.020    10.1880     91.109     43.605  30.836185     3.8700     0.3041     0.0852     0.1269 1.1623e-01     3.6498      5.847      8.481    10.3587 0.0000e+00
      5.968      0.021    10.1900     91.125     43.591  30.825877     3.8700     0.3957     0.0852     0.0846 1.1615e-01     3.6197      5.852      8.488    10.3583 0.0000e+00
      5.973      0.021    10.1924     91.143     43.566  30.807767     3.8700     0.3537     0.0852     0.0846 1.1628e-01     3.6648      5.858      8.496    10.3574 0.0000e+00
      5.978      0.021    10.1951     91.163     43.546  30.792869     3.8700     0.3728     0.0852     0.0846 1.1612e-01     3.7249      5.863      8.503    10.3563 0.0000e+00
      5.984      0.021    10.1974     91.182     43.541  30.789090     3.8700     0.3804     0.0852     0.0846 1.1615e-01     3.5446      5.868      8.511    10.3557 0.0000e+00
      5.989      0.022    10.1994     91.200     43.544  30.791461     3.8700     0.2240     0.0852     0.2115 1.1617e-01     3.6648      5.873      8.519    10.3554 0.0000e+00
      5.995      0.023    10.2015     91.219     43.547  30.792695     3.8700     0.2545     0.0852     0.2115 1.1602e-01     3.6197      5.879      8.526    10.3549 0.0000e+00
      6.001      0.024    10.2038     91.244     43.549  30.793120     3.8700     0.2278     0.0852     0.2115 1.1615e-01     3.5897      5.884      8.535    10.3544 0.0000e+00
      6.007      0.026    10.2060     91.272     43.555  30.796811     3.8700     0.2431     0.0852     0.2115 1.1620e-01     3.6348      5.891      8.543    10.3541 0.0000e+00
      6.014      0.027    10.2081     91.296     43.562  30.800791     3.8700     0.1897     0.0852     0.2115 1.1617e-01     3.5295      5.897      8.553    10.3538 0.0000e+00
      6.021      0.028    10.2104     91.309     43.570  30.806122     3.8700     0.2011     0.0852     0.0423 1.1605e-01     3.6648      5.905      8.564    10.3531 0.0000e+00
      6.029      0.029    10.2133     91.312     43.582  30.814224     3.8700     0.1821     0.0852     0.0423 1.1612e-01     3.6197      5.912      8.575    10.3520 0.0000e+00
      6.036      0.030    10.2167     91.309     43.590  30.819339     3.8700     0.1973     0.0852     0.0423 1.1615e-01     3.5897      5.920      8.586    10.3510 0.0000e+00
      6.044      0.030    10.2196     91.305     43.590  30.818869     3.8700     0.2545     0.0852     0.0423 1.1617e-01     3.6348      5.927      8.596    10.3502 0.0000e+00
      6.051      0.031    10.2213     91.297     43.581  30.812690     3.8700     0.2622     0.0852     0.1269 1.1595e-01     3.6047      5.934      8.607    10.3497 0.0000e+00
      6.059      0.033    10.2216     91.282     43.574  30.807074     3.8700     0.2584     0.0852     0.1269 1.1610e-01     3.6648      5.942      8.618    10.3494 0.0000e+00
      6.067      0.034    10.2214     91.266     43.576  30.808445     3.8700     0.2660     0.0852     0.1269 1.1623e-01     3.5897      5.950      8.630    10.3490 0.0000e+00
      6.076      0.036    10.2211     91.251     43.577  30.809247     3.8700     0.2431     0.0852     0.1269 1.1623e-01     3.7550      5.959      8.643    10.3486 0.0000e+00
      6.086      0.037    10.2203     91.238     43.567  30.801773     3.8700     0.2507     0.0852     0.1269 1.1615e-01     3.6648      5.968      8.656    10.3482 0.0000e+00
      6.096      0.038    10.2187     91.230     43.553  30.791950     3.8700     0.2660     0.0852     0.1269 1.1620e-01     3.6197      5.979      8.671    10.3479 0.0000e+00
      6.107      0.037    10.2169     91.229     43.549  30.789041     3.8700     0.2545     0.0852     0.1269 1.1592e-01     3.5446      5.989      8.686    10.3477 0.0000e+00
      6.117      0.036    10.2153     91.230     43.558  30.796230     3.8700     0.2355     0.0852     0.1269 1.1615e-01     3.9504      5.999      8.700    10.3475 0.0000e+00
      6.126      0.033    10.2139     91.224     43.574  30.807512     3.8700     0.2584     0.0852     0.0846 1.1610e-01     3.8151      6.008      8.713    10.3475 0.0000e+00
      6.134      0.030    10.2130     91.206     43.582  30.814017     3.8700     0.2431     0.0852     0.0846 1.1612e-01     3.8452      6.016      8.725    10.3475 0.0000e+00
      6.141      0.028    10.2128     91.178     43.587  30.817479     3.8700     0.2584     0.0852     0.0846 1.1612e-01     3.8452      6.023      8.735    10.3477 0.0000e+00
      6.148      0.025    10.2128     91.139     43.588  30.818821     3.8700     0.2088     0.0852     0.0846 1.1617e-01     3.6648      6.029      8.744    10.3480 0.0000e+00
      6.154      0.023    10.2121     91.086     43.576  30.810480     3.8700     0.1744     0.0852     0.0846 1.1612e-01     3.5897      6.035      8.752    10.3485 0.0000e+00
      6.159      0.022    10.2099     91.024     43.556  30.796173     3.8700     0.2049     0.0852     0.0846 1.1625e-01     3.5596      6.040      8.760    10.3490 0.0000e+00
      6.164      0.021    10.2066     90.963     43.547  30.789905     3.8700     0.1744     0.0852     0.0846 1.1615e-01     3.5897      6.045      8.767    10.3495 0.0000e+00
      6.169      0.021    10.2022     90.913     43.549  30.791985     3.8700     0.2202     0.0852     0.0846 1.1623e-01     3.5897      6.050      8.775    10.3499 0.0000e+00
      6.174      0.021    10.1963     90.880     43.550  30.793067     3.8700     0.2355     0.0852     0.0846 1.1600e-01     3.6648      6.055      8.782    10.3502 0.0000e+00
      6.179      0.021    10.1893     90.865     43.544  30.789479     3.8700     0.2393     0.0852     0.0846 1.1623e-01     3.6047      6.060      8.789    10.3502 0.0000e+00
      6.185      0.022    10.1824     90.867     43.536  30.784226     3.8700     0.2507     0.0852     0.0846 1.1612e-01     3.5596      6.065      8.797    10.3503 0.0000e+00
      6.191      0.022    10.1768     90.890     43.535  30.783825     3.8700     0.2736     0.0852     0.0846 1.1615e-01     3.5746      6.071      8.805    10.3505 0.0000e+00
      6.197      0.022    10.1730     90.930     43.541  30.788172     3.8700     0.2507     0.0852     0.0846 1.1635e-01     3.5897      6.077      8.814    10.3510 0.0000e+00
      6.203      0.021    10.1711     90.975     43.549  30.794464     3.8700     0.2584     0.0852     0.1269 1.1612e-01     3.6798      6.083      8.822    10.3516 0.0000e+00
      6.208      0.020    10.1712     91.018     43.562  30.804380     3.8700     0.2431     0.0852     0.1269 1.1630e-01     3.6197      6.089      8.830    10.3521 0.0000e+00
      6.213      0.019    10.1737     91.053     43.572  30.812643     3.8700     0.1935     0.0852     0.1269 1.1617e-01     3.6648      6.094      8.837    10.3527 0.0000e+00
      6.218      0.018    10.1779     91.075     43.573  30.813537     3.8700     0.1744     0.0852     0.1269 1.1610e-01     3.6648      6.098      8.844    10.3533 0.0000e+00
      6.222      0.017    10.1828     91.079     43.564  30.807299     3.8700     0.1744     0.0852     0.0846 1.1615e-01     3.4995      6.102      8.850    10.3540 0.0000e+00
      6.226      0.017    10.1874     91.063     43.548  30.796226     3.8700     0.1935     0.0852     0.0846 1.1623e-01     3.6047      6.106      8.856    10.3548 0.0000e+00
