Data/DataNotYetUploadedToEDI/Raw_CTD/RawDownloads/061423_fcr50_S8188003.cnv
* Sea-Bird SBE19plus  Data File:
* FileName = C:\R\Reservoirs\Data\DataNotYetUploadedToEDI\Raw_CTD\RawDownloads\061423_fcr50_S8188_0003.hex
* Software version 2.8.0.119
* Temperature SN = 8188
* Conductivity SN = 8188
* System UpLoad Time = Jun 19 2023 15:52:05
* <ApplicationData>
* <Seaterm232>
# nquan = 16
# nvalues = 2663                        
# units = specified
# name 0 = depFM: Depth [fresh water, m]
# name 1 = dz/dtM: Descent Rate [m/s]
# name 2 = sbeox0Mg/L: Oxygen, SBE 43 [mg/l]
# name 3 = sbeox0PS: Oxygen, SBE 43 [% saturation]
# name 4 = specc: Specific Conductance [uS/cm]
# name 5 = c0uS/cm: Conductivity [uS/cm]
# name 6 = wetCDOM: Fluorescence, WET Labs CDOM [mg/m^3]
# name 7 = flECO-AFL: Fluorescence, WET Labs ECO-AFL/FL [mg/m^3]
# name 8 = flECO-AFL1: Fluorescence, WET Labs ECO-AFL/FL, 2 [mg/m^3]
# name 9 = flECO-AFL2: Fluorescence, WET Labs ECO-AFL/FL, 3 [mg/m^3]
# name 10 = par/sat/log: PAR/Logarithmic, Satlantic
# name 11 = turbWETntu0: Turbidity, WET Labs ECO [NTU]
# name 12 = prdM: Pressure, Strain Gauge [db]
# name 13 = prdE: Pressure, Strain Gauge [psi]
# name 14 = tv290C: Temperature [ITS-90, deg C]
# name 15 = flag:  0.000e+00
# span 0 =     -0.776,      8.749       
# span 1 =     -0.244,      0.115       
# span 2 =     1.8159,    13.6455       
# span 3 =     17.338,    153.778       
# span 4 =      0.395,     44.240       
# span 5 =   0.362623,  39.740410       
# span 6 =    -0.9900,    77.4900       
# span 7 =    -0.2490,     4.8666       
# span 8 =    -0.1704,     0.2982       
# span 9 =    -0.3384,    11.5902       
# span 10 = 1.1590e-01, 3.5534e+02      
# span 11 =    -0.6939,   266.1211      
# span 12 =     -0.761,      8.580      
# span 13 =     -1.104,     12.444      
# span 14 =    10.3415,    21.2828      
# span 15 = 0.0000e+00, 0.0000e+00      
# interval = seconds: 0.25
# start_time = Jun 14 2023 14:01:57 [Instrument's time stamp, header]
# bad_flag = -9.990e-29
*END*
[from data line 904]
      2.262      0.024     4.0244     38.972     38.163  30.808414     4.0500     0.5712     0.0426     0.2115 1.1529e+00     1.5305      2.218      3.218    15.4175 0.0000e+00
      2.268      0.024     3.9954     38.665     38.169  30.794264     4.0500     0.5559     0.0426     0.2115 1.1504e+00     1.5305      2.224      3.226    15.4022 0.0000e+00
      2.274      0.024     3.9636     38.388     38.178  30.779860     4.0500     0.5635     0.0426     0.2115 1.1655e+00     1.5606      2.230      3.235    15.3902 0.0000e+00
      2.281      0.024     3.9306     38.134     38.188  30.769280     4.0500     0.5559     0.0426     0.2115 1.1156e+00     1.5907      2.236      3.244    15.3780 0.0000e+00
      2.287      0.024     3.8989     37.895     38.201  30.763663     4.0500     0.5559     0.0426     0.2538 1.1048e+00     1.5606      2.243      3.253    15.3602 0.0000e+00
      2.293      0.023     3.8703     37.665     38.214  30.757549     4.0500     0.5445     0.0426     0.2538 1.1242e+00     1.6207      2.249      3.262    15.3354 0.0000e+00
      2.299      0.023     3.8449     37.433     38.231  30.751289     4.0500     0.5712     0.0426     0.2538 1.1449e+00     1.5305      2.254      3.270    15.3076 0.0000e+00
      2.304      0.023     3.8215     37.192     38.264  30.753113     4.0500     0.5521     0.0426     0.2538 1.1094e+00     1.5155      2.260      3.277    15.2825 0.0000e+00
      2.310      0.022     3.7993     36.936     38.310  30.763506     4.0500     0.5788     0.0426     0.2538 1.0902e+00     1.4253      2.265      3.285    15.2614 0.0000e+00
      2.315      0.022     3.7779     36.647     38.364  30.781279     4.0500     0.5635     0.0426     0.2538 1.0865e+00     1.5907      2.271      3.293    15.2402 0.0000e+00
      2.321      0.022     3.7567     36.307     38.425  30.805228     4.0500     0.5826     0.0426     0.2538 1.0895e+00     1.4554      2.276      3.302    15.2142 0.0000e+00
      2.327      0.021     3.7351     35.904     38.480  30.823921     4.0500     0.5368     0.0426     0.2538 1.0891e+00     1.5155      2.282      3.309    15.1824 0.0000e+00
      2.332      0.021     3.7122     35.434     38.518  30.826500     4.0500     0.5445     0.0426     0.1692 1.0895e+00     1.5456      2.287      3.317    15.1477 0.0000e+00
      2.337      0.020     3.6858     34.906     38.546  30.821571     4.0500     0.5445     0.0426     0.1692 1.0976e+00     1.6207      2.292      3.324    15.1140 0.0000e+00
      2.342      0.019     3.6541     34.326     38.582  30.823661     4.0500     0.5712     0.0426     0.1692 1.0666e+00     1.5305      2.297      3.331    15.0817 0.0000e+00
      2.347      0.018     3.6161     33.697     38.619  30.829365     4.0500     0.5483     0.0426     0.1692 1.0829e+00     1.7860      2.302      3.338    15.0484 0.0000e+00
      2.352      0.018     3.5716     33.032     38.645  30.828322     4.0500     0.5521     0.0426     0.1692 1.0957e+00     1.7410      2.306      3.345    15.0126 0.0000e+00
      2.356      0.017     3.5210     32.365     38.663  30.820255     4.1400     0.5483     0.0852     0.2115 1.0659e+00     1.7259      2.310      3.351    14.9765 0.0000e+00
      2.360      0.017     3.4650     31.727     38.679  30.810931     4.1400     0.5483     0.0852     0.2115 1.0455e+00     1.7410      2.314      3.357    14.9428 0.0000e+00
      2.364      0.017     3.4037     31.141     38.701  30.805784     4.1400     0.5750     0.0852     0.2115 1.1079e+00     1.9514      2.318      3.363    14.9119 0.0000e+00
      2.369      0.017     3.3387     30.612     38.731  30.807400     4.1400     0.5750     0.0852     0.2115 1.0848e+00     1.9514      2.323      3.369    14.8830 0.0000e+00
      2.373      0.017     3.2732     30.130     38.762  30.812249     4.0500     0.5635     0.0852     0.2115 1.0638e+00     2.0115      2.327      3.375    14.8544 0.0000e+00
      2.378      0.017     3.2108     29.690     38.785  30.813703     4.0500     0.5406     0.0852     0.2115 1.0610e+00     2.0716      2.332      3.382    14.8255 0.0000e+00
      2.382      0.016     3.1535     29.297     38.796  30.808190     4.0500     0.5559     0.0852     0.2115 1.0537e+00     2.0866      2.336      3.388    14.7964 0.0000e+00
      2.386      0.016     3.1019     28.951     38.798  30.798199     4.0500     0.5635     0.0852     0.2115 1.0008e+00     1.9814      2.340      3.394    14.7680 0.0000e+00
      2.390      0.016     3.0547     28.650     38.802  30.788986     4.1400     0.5445     0.0852     0.1692 1.0312e+00     2.0416      2.343      3.399    14.7420 0.0000e+00
      2.394      0.016     3.0116     28.400     38.804  30.778094     4.1400     0.5597     0.0852     0.1692 1.0248e+00     2.0115      2.347      3.405    14.7201 0.0000e+00
      2.398      0.017     2.9729     28.205     38.797  30.758658     4.1400     0.5712     0.0852     0.1692 1.0446e+00     2.2670      2.351      3.410    14.7023 0.0000e+00
      2.402      0.018     2.9388     28.063     38.786  30.735394     4.1400     0.5521     0.0852     0.1692 1.0516e+00     2.2370      2.355      3.416    14.6868 0.0000e+00
      2.407      0.019     2.9093     27.949     38.777  30.713979     4.0500     0.5521     0.0852     0.1692 1.0326e+00     2.2971      2.360      3.423    14.6712 0.0000e+00
      2.412      0.020     2.8849     27.831     38.756  30.684741     4.0500     0.5559     0.0852     0.1692 1.0006e+00     2.2971      2.365      3.431    14.6547 0.0000e+00
      2.417      0.021     2.8663     27.676     38.713  30.637903     4.0500     0.5635     0.0852     0.1692 1.0199e+00     2.3572      2.370      3.438    14.6366 0.0000e+00
      2.422      0.022     2.8530     27.471     38.661  30.582756     4.0500     0.5483     0.0852     0.1692 9.9126e-01     2.2520      2.376      3.445    14.6178 0.0000e+00
      2.428      0.023     2.8426     27.223     38.625  30.538254     4.0500     0.5445     0.0852     0.1692 1.0172e+00     2.2370      2.381      3.453    14.5999 0.0000e+00
      2.434      0.024     2.8315     26.940     38.613  30.512330     4.1400     0.5750     0.0852     0.1692 1.0303e+00     2.2670      2.387      3.462    14.5833 0.0000e+00
      2.440      0.025     2.8167     26.640     38.614  30.498071     4.1400     0.5902     0.0852     0.1692 1.0100e+00     2.4925      2.393      3.471    14.5668 0.0000e+00
      2.447      0.026     2.7970     26.351     38.625  30.491674     4.1400     0.6017     0.0852     0.1692 9.9083e-01     2.4323      2.400      3.481    14.5487 0.0000e+00
      2.454      0.026     2.7729     26.096     38.644  30.491431     4.1400     0.6017     0.0852     0.1692 9.7651e-01     2.4323      2.407      3.491    14.5284 0.0000e+00
      2.461      0.026     2.7454     25.881     38.661  30.489358     4.1400     0.6589     0.0852     0.2115 1.0003e+00     2.4323      2.413      3.500    14.5074 0.0000e+00
      2.468      0.026     2.7160     25.693     38.674  30.484902     4.1400     0.5521     0.0852     0.2115 9.7058e-01     2.7329      2.420      3.510    14.4871 0.0000e+00
      2.475      0.026     2.6877     25.512     38.690  30.484792     4.1400     0.5635     0.0852     0.2115 9.7460e-01     2.8081      2.427      3.520    14.4676 0.0000e+00
      2.481      0.025     2.6628     25.315     38.704  30.485040     4.1400     0.5445     0.0852     0.2115 9.4642e-01     2.8532      2.433      3.529    14.4479 0.0000e+00
      2.487      0.024     2.6419     25.094     38.707  30.477791     4.2300     0.5597     0.0852     0.2115 9.3335e-01     2.7480      2.439      3.538    14.4280 0.0000e+00
      2.493      0.023     2.6239     24.854     38.713  30.472992     4.2300     0.5521     0.0852     0.2115 9.4931e-01     2.6879      2.445      3.546    14.4094 0.0000e+00
      2.499      0.022     2.6064     24.605     38.724  30.473324     4.2300     0.5445     0.0852     0.2115 9.5531e-01     2.6428      2.451      3.554    14.3932 0.0000e+00
      2.504      0.021     2.5870     24.353     38.731  30.470953     4.2300     0.5559     0.0852     0.2115 9.2487e-01     2.7630      2.456      3.562    14.3792 0.0000e+00
      2.510      0.020     2.5651     24.107     38.737  30.469208     4.2300     0.5788     0.0426     0.2115 9.3457e-01     2.6879      2.461      3.569    14.3664 0.0000e+00
      2.514      0.019     2.5413     23.883     38.742  30.467624     4.2300     0.5101     0.0426     0.2115 9.2006e-01     2.8983      2.466      3.576    14.3542 0.0000e+00
      2.519      0.018     2.5165     23.696     38.743  30.461817     4.2300     0.5139     0.0426     0.2115 9.2086e-01     2.8832      2.470      3.582    14.3430 0.0000e+00
      2.523      0.018     2.4912     23.555     38.742  30.454199     4.2300     0.5292     0.0426     0.2115 9.0854e-01     2.9434      2.474      3.588    14.3334 0.0000e+00
      2.527      0.017     2.4665     23.455     38.747  30.450659     4.2300     0.5139     0.0426     0.2115 9.3538e-01     2.8983      2.479      3.594    14.3252 0.0000e+00
      2.532      0.017     2.4440     23.389     38.757  30.450252     4.3200     0.5635     0.0852     0.2538 9.2487e-01     2.8532      2.483      3.601    14.3175 0.0000e+00
      2.536      0.017     2.4253     23.346     38.765  30.448909     4.3200     0.5521     0.0852     0.2538 9.0795e-01     2.9434      2.487      3.607    14.3097 0.0000e+00
      2.541      0.017     2.4113     23.317     38.766  30.442312     4.3200     0.5445     0.0852     0.2538 9.1448e-01     3.0185      2.492      3.613    14.3010 0.0000e+00
      2.545      0.016     2.4016     23.293     38.758  30.428701     4.3200     0.5712     0.0852     0.2538 9.2688e-01     2.9133      2.496      3.619    14.2912 0.0000e+00
      2.549      0.016     2.3953     23.273     38.753  30.416327     4.2300     0.5559     0.0852     0.1692 9.1547e-01     3.0035      2.500      3.625    14.2806 0.0000e+00
      2.553      0.016     2.3915     23.260     38.756  30.409810     4.2300     0.5788     0.0852     0.1692 9.2648e-01     2.9734      2.504      3.631    14.2704 0.0000e+00
      2.557      0.016     2.3891     23.257     38.763  30.407412     4.2300     0.5597     0.0852     0.1692 9.2307e-01     2.8682      2.508      3.637    14.2610 0.0000e+00
      2.561      0.015     2.3872     23.263     38.772  30.408492     4.2300     0.5368     0.0852     0.1692 9.1826e-01     2.9434      2.512      3.643    14.2513 0.0000e+00
      2.565      0.014     2.3857     23.275     38.789  30.417300     4.3200     0.4987     0.0852     0.1692 9.0028e-01     2.9885      2.516      3.649    14.2406 0.0000e+00
      2.569      0.014     2.3849     23.292     38.811  30.432223     4.3200     0.4949     0.0852     0.1692 9.0578e-01     2.9434      2.519      3.654    14.2295 0.0000e+00
      2.572      0.013     2.3851     23.313     38.830  30.445361     4.3200     0.5216     0.0852     0.1692 8.9075e-01     2.8382      2.522      3.658    14.2192 0.0000e+00
      2.575      0.012     2.3861     23.326     38.852  30.460216     4.3200     0.5063     0.0852     0.1692 9.2307e-01     2.9434      2.525      3.662    14.2111 0.0000e+00
      2.578      0.012     2.3876     23.317     38.883  30.480752     4.3200     0.4758     0.0852     0.1692 8.9638e-01     3.1538      2.528      3.666    14.2057 0.0000e+00
      2.580      0.012     2.3896     23.277     38.916  30.500562     4.2300     0.5139     0.0852     0.2538 8.9735e-01     3.2139      2.531      3.670    14.2025 0.0000e+00
      2.583      0.012     2.3918     23.200     38.946  30.517009     4.2300     0.4987     0.0852     0.2538 9.1508e-01     3.0185      2.534      3.675    14.2002 0.0000e+00
      2.587      0.013     2.3933     23.085     38.973  30.530520     4.2300     0.5101     0.0852     0.2538 9.2668e-01     3.1237      2.537      3.679    14.1972 0.0000e+00
      2.590      0.013     2.3927     22.929     38.991  30.536776     4.2300     0.4872     0.0852     0.2538 8.9075e-01     3.3943      2.540      3.683    14.1920 0.0000e+00
      2.593      0.014     2.3889     22.732     39.000  30.537445     4.2300     0.4987     0.0852     0.2115 8.8862e-01     3.4694      2.543      3.688    14.1844 0.0000e+00
      2.597      0.014     2.3815     22.499     39.005  30.536664     4.2300     0.4949     0.0852     0.2115 8.8940e-01     3.3792      2.547      3.694    14.1752 0.0000e+00
      2.601      0.015     2.3702     22.232     39.006  30.534227     4.2300     0.5101     0.0852     0.2115 9.0224e-01     3.3642      2.551      3.699    14.1650 0.0000e+00
      2.605      0.015     2.3547     21.940     39.002  30.529482     4.2300     0.4911     0.0852     0.2115 8.9366e-01     3.4243      2.555      3.705    14.1550 0.0000e+00
      2.609      0.015     2.3349     21.635     39.000  30.525126     4.3200     0.5025     0.0852     0.1269 8.9269e-01     3.4694      2.558      3.711    14.1468 0.0000e+00
      2.612      0.014     2.3112     21.339     39.003  30.523955     4.3200     0.5139     0.0852     0.1269 8.9094e-01     3.4243      2.562      3.716    14.1407 0.0000e+00
      2.616      0.014     2.2841     21.073     39.011  30.525659     4.3200     0.5254     0.0852     0.1269 8.8419e-01     3.3642      2.565      3.721    14.1370 0.0000e+00
      2.620      0.014     2.2541     20.850     39.016  30.526731     4.3200     0.5025     0.0852     0.1269 8.7902e-01     3.4093      2.569      3.726    14.1344 0.0000e+00
      2.623      0.013     2.2230     20.672     39.010  30.519536     4.3200     0.4911     0.1278     0.1692 8.8940e-01     3.4394      2.572      3.731    14.1311 0.0000e+00
      2.627      0.013     2.1927     20.543     38.994  30.506116     4.3200     0.5063     0.1278     0.1692 8.8266e-01     3.4845      2.576      3.736    14.1264 0.0000e+00
      2.630      0.012     2.1657     20.458     38.986  30.498732     4.3200     0.4872     0.1278     0.1692 8.5733e-01     3.3342      2.579      3.740    14.1214 0.0000e+00
      2.633      0.012     2.1430     20.411     38.988  30.499376     4.3200     0.4872     0.1278     0.1692 8.9094e-01     3.3943      2.582      3.744    14.1171 0.0000e+00
      2.635      0.012     2.1249     20.398     38.997  30.504259     4.3200     0.5101     0.1278     0.1692 8.8323e-01     3.4995      2.584      3.748    14.1141 0.0000e+00
      2.638      0.012     2.1116     20.414     39.016  30.514684     4.3200     0.5216     0.0852     0.2115 8.4549e-01     3.3642      2.587      3.752    14.1126 0.0000e+00
      2.641      0.012     2.1030     20.453     39.037  30.525510     4.3200     0.5063     0.0852     0.2115 8.8592e-01     3.4394      2.590      3.756    14.1118 0.0000e+00
      2.644      0.012     2.0982     20.516     39.047  30.527744     4.3200     0.5445     0.0852     0.2115 7.9419e-01     3.3642      2.593      3.760    14.1104 0.0000e+00
      2.647      0.013     2.0970     20.601     39.041  30.518020     4.3200     0.5673     0.0852     0.2115 8.6031e-01     3.3492      2.596      3.765    14.1072 0.0000e+00
      2.651      0.013     2.0990     20.697     39.026  30.501665     4.3200     0.5521     0.0852     0.1269 8.6406e-01     3.3342      2.600      3.770    14.1016 0.0000e+00
      2.654      0.013     2.1033     20.798     39.017  30.490160     4.3200     0.5826     0.0852     0.1269 8.4659e-01     3.3943      2.603      3.775    14.0945 0.0000e+00
      2.657      0.013     2.1101     20.895     39.020  30.488355     4.3200     0.5864     0.0852     0.1269 8.7388e-01     3.3041      2.606      3.780    14.0874 0.0000e+00
      2.661      0.013     2.1192     20.978     39.029  30.491809     4.3200     0.5445     0.0852     0.1269 8.6425e-01     3.4995      2.609      3.784    14.0809 0.0000e+00
      2.664      0.013     2.1293     21.048     39.031  30.489563     4.3200     0.5559     0.0852     0.0846 8.6031e-01     3.4093      2.612      3.789    14.0749 0.0000e+00
