Data/DataNotYetUploadedToEDI/Raw_CTD/RawDownloads/061423_fcr50_S8188003.cnv
* Sea-Bird SBE19plus  Data File:
* FileName = C:\R\Reservoirs\Data\DataNotYetUploadedToEDI\Raw_CTD\RawDownloads\061423_fcr50_S8188_0003.hex
* Software version 2.8.0.119
* Temperature SN = 8188
* Conductivity SN = 8188
* System UpLoad Time = Jun 19 2023 15:52:05
* <ApplicationData>
* <Seaterm232>
# nquan = 16
# nvalues = 2663                        
# units = specified
# name 0 = depFM: Depth [fresh water, m]
# name 1 = dz/dtM: Descent Rate [m/s]
# name 2 = sbeox0Mg/L: Oxygen, SBE 43 [mg/l]
# name 3 = sbeox0PS: Oxygen, SBE 43 [% saturation]
# name 4 = specc: Specific Conductance [uS/cm]
# name 5 = c0uS/cm: Conductivity [uS/cm]
# name 6 = wetCDOM: Fluorescence, WET Labs CDOM [mg/m^3]
# name 7 = flECO-AFL: Fluorescence, WET Labs ECO-AFL/FL [mg/m^3]
# name 8 = flECO-AFL1: Fluorescence, WET Labs ECO-AFL/FL, 2 [mg/m^3]
# name 9 = flECO-AFL2: Fluorescence, WET Labs ECO-AFL/FL, 3 [mg/m^3]
# name 10 = par/sat/log: PAR/Logarithmic, Satlantic
# name 11 = turbWETntu0: Turbidity, WET Labs ECO [NTU]
# name 12 = prdM: Pressure, Strain Gauge [db]
# name 13 = prdE: Pressure, Strain Gauge [psi]
# name 14 = tv290C: Temperature [ITS-90, deg C]
# name 15 = flag:  0.000e+00
# span 0 =     -0.776,      8.749       
# span 1 =     -0.244,      0.115       
# span 2 =     1.8159,    13.6455       
# span 3 =     17.338,    153.778       
# span 4 =      0.395,     44.240       
# span 5 =   0.362623,  39.740410       
# span 6 =    -0.9900,    77.4900       
# span 7 =    -0.2490,     4.8666       
# span 8 =    -0.1704,     0.2982       
# span 9 =    -0.3384,    11.5902       
# span 10 = 1.1590e-01, 3.5534e+02      
# span 11 =    -0.6939,   266.1211      
# span 12 =     -0.761,      8.580      
# span 13 =     -1.104,     12.444      
# span 14 =    10.3415,    21.2828      
# span 15 = 0.0000e+00, 0.0000e+00      
# interval = seconds: 0.25
# start_time = Jun 14 2023 14:01:57 [Instrument's time stamp, header]
# bad_flag = -9.990e-29
*END*
[from data line 2441]
      3.047     -0.201    10.0861     88.450     43.555  30.905200     3.8700     0.1706     0.0852     0.1269 1.0418e+00     4.0105      2.989      4.335    10.4024 0.0000e+00
      2.994     -0.203    10.0493     87.743     43.536  30.909591     3.9600     0.1973     0.0852     0.0846 1.1244e+00     4.1007      2.937      4.259    10.4146 0.0000e+00
      2.941     -0.207     9.9999     86.856     43.507  30.912671     3.9600     0.1859     0.0852     0.0846 1.1905e+00     4.1007      2.884      4.183    10.4330 0.0000e+00
      2.888     -0.210     9.9409     85.809     43.453  30.907340     3.9600     0.2545     0.0852     0.0846 1.1561e+00     3.8752      2.833      4.109    10.4550 0.0000e+00
      2.836     -0.212     9.8726     84.652     43.372  30.892176     3.9600     0.2622     0.0852     0.0846 1.1892e+00     3.9203      2.781      4.034    10.4757 0.0000e+00
      2.782     -0.213     9.7891     83.407     43.278  30.875020     3.9600     0.2431     0.0852     0.0846 1.2707e+00     3.8452      2.728      3.957    10.4963 0.0000e+00
      2.726     -0.214     9.6842     82.045     43.176  30.859218     3.9600     0.2584     0.0852     0.0846 1.3463e+00     3.8903      2.673      3.877    10.5238 0.0000e+00
      2.670     -0.215     9.5591     80.526     43.070  30.848479     3.9600     0.3041     0.0852     0.0846 1.3994e+00     3.8903      2.618      3.797    10.5626 0.0000e+00
      2.615     -0.215     9.4197     78.824     42.979  30.851821     3.9600     0.3156     0.0852     0.0846 1.3879e+00     3.8903      2.564      3.719    10.6119 0.0000e+00
      2.561     -0.213     9.2690     76.909     42.910  30.862219     4.0500     0.2851     0.0852     0.1269 1.4342e+00     3.8452      2.511      3.642    10.6696 0.0000e+00
      2.506     -0.208     9.1041     74.713     42.855  30.866608     4.0500     0.3041     0.0852     0.1269 1.5557e+00     3.9203      2.457      3.564    10.7355 0.0000e+00
      2.451     -0.204     8.9202     72.182     42.798  30.862199     4.0500     0.3537     0.0852     0.1269 1.6826e+00     3.5897      2.403      3.486    10.8109 0.0000e+00
      2.398     -0.200     8.7158     69.403     42.704  30.847814     4.0500     0.3842     0.0852     0.1269 1.6969e+00     3.6498      2.352      3.411    10.8906 0.0000e+00
      2.350     -0.196     8.4906     66.644     42.559  30.831497     4.0500     0.3804     0.0852     0.1269 1.6450e+00     3.6197      2.305      3.343    10.9604 0.0000e+00
      2.304     -0.193     8.2387     64.218     42.400  30.828702     4.0500     0.3690     0.0852     0.1692 1.6724e+00     3.6197      2.259      3.277    11.0114 0.0000e+00
      2.256     -0.191     7.9523     62.243     42.283  30.842652     4.0500     0.3728     0.0852     0.1692 1.7380e+00     3.3943      2.213      3.209    11.0546 0.0000e+00
      2.207     -0.191     7.6359     60.589     42.216  30.861231     4.0500     0.3499     0.0852     0.1692 1.8615e+00     3.3342      2.165      3.139    11.1177 0.0000e+00
      2.157     -0.194     7.3155     59.079     42.148  30.873554     4.0500     0.3919     0.0852     0.1692 1.9951e+00     3.3642      2.116      3.068    11.2222 0.0000e+00
      2.108     -0.198     7.0278     57.672     42.022  30.878941     4.1400     0.3652     0.0852     0.1692 1.9522e+00     3.3943      2.067      2.998    11.3550 0.0000e+00
      2.059     -0.204     6.7929     56.456     41.820  30.874871     4.1400     0.4415     0.0852     0.1692 1.9761e+00     2.8832      2.020      2.929    11.4726 0.0000e+00
      2.008     -0.209     6.5999     55.463     41.579  30.864228     4.1400     0.4300     0.0852     0.1692 2.0310e+00     2.8983      1.970      2.857    11.5529 0.0000e+00
      1.954     -0.214     6.4245     54.580     41.346  30.860020     4.1400     0.4300     0.0852     0.1692 2.2710e+00     2.8682      1.916      2.779    11.6269 0.0000e+00
      1.896     -0.220     6.2550     53.671     41.135  30.869054     4.1400     0.4224     0.0852     0.0846 2.4633e+00     2.7931      1.859      2.697    11.7447 0.0000e+00
      1.837     -0.225     6.0992     52.686     40.936  30.885822     4.1400     0.5521     0.0852     0.0846 2.6013e+00     2.0416      1.802      2.614    11.9185 0.0000e+00
      1.779     -0.227     5.9646     51.633     40.745  30.898963     4.1400     0.5292     0.0852     0.0846 2.5839e+00     2.0115      1.746      2.531    12.1197 0.0000e+00
      1.721     -0.227     5.8428     50.470     40.576  30.908026     4.1400     0.5483     0.0852     0.0846 2.8711e+00     1.9363      1.689      2.449    12.3235 0.0000e+00
      1.662     -0.226     5.7193     49.129     40.439  30.931273     4.1400     0.5445     0.0852     0.0846 3.5827e+00     2.0115      1.631      2.365    12.5264 0.0000e+00
      1.604     -0.225     5.5891     47.649     40.303  30.970943     4.2300     0.8954     0.1278     0.1692 3.9268e+00     1.3502      1.573      2.282    12.7290 0.0000e+00
      1.548     -0.224     5.4539     46.221     40.132  31.005938     4.2300     0.8954     0.1278     0.1692 3.8008e+00     1.3802      1.518      2.201    12.9208 0.0000e+00
      1.492     -0.221     5.3112     45.061     39.962  31.037677     4.2300     0.8802     0.1278     0.1692 4.2297e+00     1.3201      1.463      2.122    13.0894 0.0000e+00
      1.435     -0.218     5.1522     44.299     39.834  31.078593     4.2300     0.9221     0.1278     0.1692 5.6287e+00     1.3201      1.407      2.041    13.2467 0.0000e+00
      1.378     -0.214     4.9774     43.983     39.741  31.131680     4.2300     1.0862     0.0852     0.2538 7.2628e+00     1.2299      1.351      1.960    13.4260 0.0000e+00
      1.323     -0.211     4.8058     44.119     39.658  31.195256     4.2300     1.0938     0.0852     0.2538 7.5084e+00     1.2600      1.297      1.882    13.6334 0.0000e+00
      1.271     -0.207     4.6635     44.688     39.549  31.252615     4.2300     1.0938     0.0852     0.2538 7.4450e+00     1.3502      1.246      1.808    13.8361 0.0000e+00
      1.220     -0.204     4.5658     45.625     39.424  31.295299     4.2300     1.0823     0.0852     0.2538 8.0490e+00     1.2600      1.197      1.736    14.0118 0.0000e+00
      1.169     -0.201     4.5163     46.813     39.339  31.346577     4.2300     1.2311     0.0852     0.3807 9.5378e+00     1.3051      1.147      1.663    14.1693 0.0000e+00
      1.118     -0.199     4.5130     48.171     39.327  31.439929     4.2300     1.2159     0.0852     0.3807 1.1778e+01     1.3652      1.096      1.590    14.3316 0.0000e+00
      1.067     -0.198     4.5524     49.704     39.336  31.566586     4.2300     1.2082     0.0852     0.3807 1.2753e+01     1.2600      1.046      1.517    14.5120 0.0000e+00
      1.017     -0.198     4.6289     51.461     39.285  31.681117     4.2300     1.2006     0.0852     0.3807 1.2379e+01     1.3051      0.998      1.447    14.6911 0.0000e+00
      0.968     -0.197     4.7334     53.462     39.191  31.776451     4.3200     1.6050     0.0852     0.4653 1.3536e+01     1.7860      0.949      1.377    14.8409 0.0000e+00
      0.918     -0.194     4.8562     55.723     39.118  31.879999     4.3200     1.5706     0.0852     0.4653 1.6697e+01     1.7560      0.900      1.305    14.9711 0.0000e+00
      0.866     -0.192     4.9934     58.303     39.102  32.019380     4.3200     1.5592     0.0852     0.4653 2.1451e+01     1.7860      0.850      1.232    15.1239 0.0000e+00
      0.816     -0.189     5.1470     61.254     39.146  32.215923     4.3200     1.5897     0.0852     0.4653 2.3512e+01     1.7259      0.801      1.161    15.3216 0.0000e+00
      0.769     -0.186     5.3214     64.572     39.158  32.409171     4.3200     2.2153     0.0852     0.4653 2.2600e+01     2.5526      0.754      1.094    15.5400 0.0000e+00
      0.724     -0.183     5.5214     68.214     39.046  32.504127     4.5000     2.1848     0.0852     1.3536 2.3435e+01     2.7329      0.710      1.030    15.7473 0.0000e+00
      0.679     -0.180     5.7525     72.123     38.914  32.547909     4.5000     2.2039     0.0852     1.3536 2.7458e+01     2.7480      0.666      0.966    15.9417 0.0000e+00
      0.633     -0.177     6.0168     76.220     38.909  32.661112     4.5000     2.2077     0.0852     1.3536 3.3578e+01     2.5977      0.620      0.900    16.1466 0.0000e+00
      0.586     -0.175     6.3110     80.395     38.980  32.838277     4.5000     2.8219     0.0852     1.3536 3.9213e+01     6.6408      0.575      0.835    16.3813 0.0000e+00
      0.542     -0.172     6.6338     84.494     38.995  32.990014     4.5900     2.8295     0.0852     2.4111 3.9265e+01     6.7911      0.531      0.771    16.6224 0.0000e+00
      0.498     -0.166     6.9860     88.344     38.950  33.095403     4.5900     2.8219     0.0852     2.4111 4.2691e+01     6.6258      0.489      0.709    16.8195 0.0000e+00
      0.455     -0.157     7.3607     91.867     38.885  33.170676     4.5900     2.8066     0.0852     2.4111 5.5905e+01     6.6859      0.447      0.648    16.9691 0.0000e+00
      0.414     -0.145     7.7402     95.098     38.835  33.237891     4.5900     3.1728     0.0852     2.4111 7.3496e+01    10.9995      0.406      0.589    17.1196 0.0000e+00
      0.376     -0.131     8.1054     98.059     38.861  33.352602     4.8600     3.1843     0.0852     4.3992 8.1275e+01    10.9995      0.369      0.535    17.2975 0.0000e+00
      0.344     -0.116     8.4436    100.700     38.989  33.555299     4.8600     3.1919     0.0852     4.3992 8.0292e+01    10.9995      0.338      0.490    17.4820 0.0000e+00
      0.318     -0.101     8.7514    102.961     39.168  33.820824     4.8600     3.1843     0.0852     4.3992 8.0484e+01    10.9695      0.312      0.452    17.6488 0.0000e+00
      0.296     -0.088     9.0344    104.856     39.292  34.059580     4.8600     3.5085     0.0852     4.3992 8.1558e+01    11.0296      0.291      0.421    17.7894 0.0000e+00
      0.278     -0.077     9.2942    106.497     39.330  34.230281     5.0400     3.5009     0.1704     7.0218 8.2199e+01    10.9995      0.272      0.395    17.9081 0.0000e+00
      0.261     -0.069     9.5223    108.037     39.373  34.392321     5.0400     3.4856     0.1704     7.0218 8.3913e+01    10.9544      0.256      0.371    18.0259 0.0000e+00
      0.245     -0.064     9.7086    109.579     39.452  34.571089     5.0400     3.4742     0.1704     7.0218 8.8156e+01    11.0296      0.240      0.348    18.1671 0.0000e+00
      0.230     -0.060     9.8537    111.175     39.493  34.707318     5.0400     3.4284     0.1704     7.0218 9.2553e+01    10.5486      0.225      0.326    18.3356 0.0000e+00
      0.215     -0.058     9.9727    112.851     39.482  34.783867     5.0400     3.4284     0.1704     7.0218 9.6559e+01    10.5486      0.211      0.305    18.5106 0.0000e+00
      0.200     -0.057    10.0848    114.582     39.486  34.854823     5.0400     3.4208     0.2130     7.1910 9.9456e+01    10.4885      0.197      0.285    18.6688 0.0000e+00
      0.186     -0.055    10.2003    116.295     39.564  34.974757     5.0400     3.4093     0.2130     7.1910 1.0405e+02    10.5787      0.183      0.264    18.8081 0.0000e+00
      0.172     -0.054    10.3225    117.877     39.693  35.138022     5.0400     3.3788     0.2130     7.1910 1.1130e+02     9.6167      0.169      0.244    18.9354 0.0000e+00
      0.158     -0.053    10.4553    119.216     39.769  35.257445     5.0400     3.3750     0.2130     7.1910 1.1655e+02     9.5416      0.155      0.225    19.0452 0.0000e+00
      0.145     -0.052    10.5979    120.246     39.709  35.250006     4.8600     3.3712     0.1278     5.4144 1.1994e+02     9.5717      0.142      0.206    19.1299 0.0000e+00
      0.132     -0.051    10.7425    120.945     39.528  35.109764     4.8600     3.3674     0.1278     5.4144 1.2322e+02     9.5717      0.129      0.188    19.1954 0.0000e+00
      0.120     -0.051    10.8754    121.307     39.373  34.955784     4.8600     3.4856     0.1278     5.4144 1.2360e+02    11.6158      0.117      0.170    19.2570 0.0000e+00
      0.108     -0.051    10.9845    121.301     39.408  34.947025     4.8600     3.5047     0.1278     5.4144 1.2373e+02    11.6007      0.105      0.153    19.3231 0.0000e+00
      0.095     -0.051    11.0669    120.866     39.562  35.057382     5.0400     3.4742     0.1278     5.8374 1.3181e+02    11.6158      0.093      0.135    19.3810 0.0000e+00
      0.081     -0.051    11.1256    120.011     39.630  35.116253     5.0400     3.4933     0.1278     5.8374 1.4812e+02    11.6158      0.079      0.115    19.4072 0.0000e+00
      0.067     -0.051    11.1638    118.839     39.554  35.048240     5.0400     3.6077     0.1278     5.8374 1.5433e+02    11.7510      0.066      0.096    19.3864 0.0000e+00
      0.054     -0.051    11.1746    117.500     39.412  34.898585     5.0400     3.6230     0.1278     5.8374 1.5564e+02    11.6909      0.053      0.077    19.3366 0.0000e+00
      0.042     -0.051    11.1421    116.142     39.300  34.746208     4.9500     3.6230     0.1704     6.5988 1.5892e+02    11.6458      0.041      0.059    19.3029 0.0000e+00
      0.029     -0.050    11.0636    114.845     39.290  34.673260     4.9500     3.6077     0.1704     6.5988 1.6444e+02    11.6608      0.029      0.041    19.3007 0.0000e+00
      0.017     -0.050    10.9555    113.603     39.393  34.715732     4.9500     3.4627     0.1704     6.5988 1.7373e+02    11.4053      0.016      0.024    19.3001 0.0000e+00
      0.004     -0.049    10.8388    112.406     39.553  34.845337     4.9500     3.4933     0.1704     6.5988 1.8375e+02    11.5105      0.004      0.005    19.2686 0.0000e+00
     -0.009     -0.048    10.7280    111.287     39.723  35.023359     4.9500     3.5085     0.1704     6.5988 1.9435e+02    11.4655     -0.009     -0.013    19.2011 0.0000e+00
     -0.022     -0.047    10.6256    110.332     39.858  35.206173     4.9500     3.4894     0.1704     5.8797 2.0417e+02    11.4805     -0.021     -0.031    19.1197 0.0000e+00
     -0.034     -0.045    10.5239    109.675     39.906  35.335586     4.9500     3.3864     0.1704     5.8797 2.1959e+02    12.5326     -0.033     -0.048    19.0587 0.0000e+00
     -0.045     -0.042    10.4166    109.454     39.893  35.412448     4.9500     3.3445     0.1704     5.8797 2.1983e+02    12.6077     -0.044     -0.064    19.0435 0.0000e+00
     -0.056     -0.040    10.3058    109.762     39.884  35.477064     4.9500     3.3521     0.1704     5.8797 2.1571e+02    12.6378     -0.054     -0.079    19.0793 0.0000e+00
     -0.065     -0.038    10.2010    110.642     39.884  35.526865     4.9500     3.3712     0.1704     5.0760 2.3256e+02    12.6679     -0.064     -0.092    19.1595 0.0000e+00
     -0.074     -0.035    10.1180    112.037     39.869  35.547405     4.9500     3.3750     0.1704     5.0760 2.3813e+02    12.1869     -0.073     -0.106    19.2688 0.0000e+00
     -0.083     -0.033    10.0748    113.772     39.852  35.560006     4.9500     3.3636     0.1704     5.0760 2.3377e+02    12.1268     -0.081     -0.118    19.3802 0.0000e+00
     -0.091     -0.032    10.0846    115.605     39.871  35.603676     4.9500     3.3712     0.1704     5.0760 2.3922e+02    12.1268     -0.089     -0.130    19.4708 0.0000e+00
     -0.099     -0.030    10.1524    117.288     39.936  35.690063     5.0400     3.3712     0.1704     5.6682 2.2781e+02    12.0967     -0.097     -0.141    19.5334 0.0000e+00
     -0.107     -0.029    10.2714    118.642     39.991  35.772885     5.0400     3.1385     0.1704     5.6682 2.4828e+02    12.3522     -0.105     -0.152    19.5757 0.0000e+00
     -0.114     -0.027    10.4231    119.595     39.994  35.810851     5.0400     3.1461     0.1704     5.6682 2.6848e+02    12.4124     -0.112     -0.162    19.6107 0.0000e+00
     -0.121     -0.026    10.5839    120.162     39.973  35.823992     5.0400     3.1194     0.1704     5.6682 2.7041e+02    12.3673     -0.118     -0.171    19.6442 0.0000e+00
