Data/DataNotYetUploadedToEDI/Raw_CTD/RawDownloads/061522_fcr50_0001.cnv
* Sea-Bird SBE19plus  Data File:
* FileName = C:\R\Reservoirs\Data\DataNotYetUploadedToEDI\Raw_CTD\RawDownloads\061522_fcr50_0001.hex
* Software version 2.8.0.119
* Temperature SN = 7809
* Conductivity SN = 7809
* System UpLoad Time = Jun 15 2022 15:57:22
* <ApplicationData>
* <Seaterm232>
# nquan = 15
# nvalues = 2440                        
# units = specified
# name 0 = depFM: Depth [fresh water, m]
# name 1 = dz/dtM: Descent Rate [m/s]
# name 2 = sbeox0Mg/L: Oxygen, SBE 43 [mg/l]
# name 3 = sbeox0PS: Oxygen, SBE 43 [% saturation]
# name 4 = specc: Specific Conductance [uS/cm]
# name 5 = c0uS/cm: Conductivity [uS/cm]
# name 6 = flECO-AFL: Fluorescence, WET Labs ECO-AFL/FL [mg/m^3]
# name 7 = ph: pH
# name 8 = orp: Oxidation Reduction Potential [mV]
# name 9 = par/sat/log: PAR/Logarithmic, Satlantic
# name 10 = turbWETntu0: Turbidity, WET Labs ECO [NTU]
# name 11 = prdM: Pressure, Strain Gauge [db]
# name 12 = prdE: Pressure, Strain Gauge [psi]
# name 13 = tv290C: Temperature [ITS-90, deg C]
# name 14 = flag:  0.000e+00
# span 0 =     -0.606,      9.730       
# span 1 =     -0.223,      0.190       
# span 2 =     0.0504,    15.6263       
# span 3 =      0.459,    180.169       
# span 4 =      0.291,    418.915       
# span 5 =   0.334348, 295.606745       
# span 6 =    -2.1246,    10.2333       
# span 7 =      6.452,     10.358       
# span 8 = -1240.7455,   201.4228       
# span 9 = 1.2334e-01, 2.5291e+03       
# span 10 =    -9.3814,   466.3646      
# span 11 =     -0.594,      9.542      
# span 12 =     -0.862,     13.839      
# span 13 =     9.7986,    32.5942      
# span 14 = 0.0000e+00, 0.0000e+00      
# interval = seconds: 0.25
# start_time = Jun 15 2022 09:49:34 [Instrument's time stamp, header]
# bad_flag = -9.990e-29
*END*
[from data line 1543]
      8.152      0.002     0.3958      3.656     48.978  34.302519     8.2889      6.627   156.7160 1.2341e-01     7.9885      7.995     11.595     9.9667 0.0000e+00
      8.152      0.002     0.3884      3.800     48.905  34.267156     8.2499      6.626   155.9875 1.2343e-01     8.1015      7.994     11.595     9.9710 0.0000e+00
      8.153      0.002     0.3886      4.004     48.851  34.237045     8.2404      6.624   156.8862 1.2350e-01     8.1806      7.996     11.597     9.9826 0.0000e+00
      8.154      0.004     0.3988      4.262     48.875  34.255499     8.2570      6.624   158.9781 1.2352e-01     8.1938      7.997     11.598     9.9965 0.0000e+00
      8.154      0.009     0.4119      4.531     48.935  34.300051     8.3922      6.624   159.8571 1.2352e-01     8.1593      7.996     11.598    10.0152 0.0000e+00
      8.155      0.018     0.4255      4.806     48.981  34.331864     8.6344      6.624   159.3403 1.2349e-01     8.1386      7.997     11.599    10.0376 0.0000e+00
      8.157      0.027     0.4486      5.082     49.069  34.386511     8.7639      6.624   158.4078 1.2352e-01     8.1483      7.997     11.599    10.0425 0.0000e+00
      8.164      0.033     0.4813      5.334     49.178  34.453498     8.7763      6.624   158.4770 1.2359e-01     8.1738      8.002     11.607    10.0402 0.0000e+00
      8.179      0.038     0.5102      5.547     49.267  34.507697     8.7841      6.623   159.7465 1.2363e-01     8.1744      8.020     11.632    10.0454 0.0000e+00
      8.196      0.038     0.5414      5.712     49.318  34.534538     8.8664      6.622   160.6792 1.2364e-01     8.0875      8.040     11.662    10.0470 0.0000e+00
      8.208      0.036     0.5743      5.816     49.314  34.524391     9.0219      6.622   160.9792 1.2357e-01     8.0451      8.051     11.677    10.0364 0.0000e+00
      8.215      0.031     0.6031      5.850     49.298  34.511826     9.1161      6.623   160.8782 1.2351e-01     8.1054      8.057     11.685    10.0263 0.0000e+00
      8.219      0.025     0.6278      5.815     49.290  34.509427     9.1323      6.624   160.4907 1.2353e-01     8.1340      8.060     11.690    10.0199 0.0000e+00
      8.222      0.019     0.6469      5.706     49.263  34.495385     9.1088      6.622   160.0794 1.2353e-01     8.1174      8.062     11.694    10.0095 0.0000e+00
      8.227      0.016     0.6596      5.559     49.213  34.468866     9.0493      6.620   159.7766 1.2349e-01     8.1104      8.068     11.702     9.9994 0.0000e+00
      8.232      0.014     0.6623      5.406     49.158  34.442443     9.0036      6.619   159.8407 1.2343e-01     8.1175      8.073     11.710     9.9988 0.0000e+00
      8.236      0.013     0.6599      5.253     49.123  34.429550     8.9889      6.619   160.1671 1.2338e-01     8.1343      8.076     11.715    10.0050 0.0000e+00
      8.239      0.012     0.6454      5.115     49.128  34.439811     8.8795      6.618   160.5396 1.2343e-01     8.1428      8.079     11.718    10.0078 0.0000e+00
      8.241      0.010     0.6267      5.016     49.125  34.439697     8.6634      6.618   160.6446 1.2354e-01     8.1183      8.081     11.721    10.0152 0.0000e+00
      8.243      0.008     0.6103      4.980     49.109  34.428167     8.5398      6.618   159.7156 1.2360e-01     8.0761      8.084     11.724    10.0299 0.0000e+00
      8.245      0.008     0.5912      4.997     49.107  34.427223     8.5343      6.618   158.5140 1.2361e-01     8.0775      8.086     11.727    10.0436 0.0000e+00
      8.246      0.008     0.5757      5.047     49.108  34.428292     8.6459      6.618   158.5052 1.2361e-01     8.2040      8.087     11.729    10.0509 0.0000e+00
      8.248      0.008     0.5623      5.115     49.128  34.441089     8.8414      6.617   158.9205 1.2357e-01     8.3405      8.089     11.732    10.0507 0.0000e+00
      8.250      0.009     0.5593      5.183     49.152  34.455131     8.9338      6.615   159.3199 1.2350e-01     8.3278      8.091     11.735    10.0497 0.0000e+00
      8.252      0.009     0.5623      5.253     49.178  34.471255     8.9388      6.614   159.8927 1.2345e-01     8.3231      8.092     11.737    10.0509 0.0000e+00
      8.255      0.010     0.5678      5.326     49.235  34.509216     8.9271      6.614   159.3927 1.2345e-01     8.4546      8.095     11.741    10.0524 0.0000e+00
      8.258      0.011     0.5771      5.397     49.274  34.533657     8.8996      6.614   158.0929 1.2351e-01     8.6200      8.099     11.746    10.0510 0.0000e+00
      8.261      0.012     0.5840      5.447     49.247  34.513128     8.8898      6.615   157.5986 1.2354e-01     8.6494      8.102     11.751    10.0468 0.0000e+00
      8.264      0.017     0.5923      5.472     49.250  34.514640     8.8842      6.615   157.8047 1.2350e-01     8.5710      8.104     11.754    10.0444 0.0000e+00
      8.267      0.024     0.5999      5.481     49.484  34.678757     8.8731      6.615   158.3481 1.2348e-01     8.5600      8.108     11.758    10.0434 0.0000e+00
      8.271      0.033     0.6100      5.479     49.815  34.912202     8.9306      6.615   159.1786 1.2348e-01     8.6189      8.110     11.762    10.0399 0.0000e+00
      8.277      0.040     0.6154      5.466     49.839  34.927598     9.0546      6.614   159.2418 1.2347e-01     8.6684      8.114     11.768    10.0380 0.0000e+00
      8.292      0.043     0.6174      5.431     49.662  34.801510     9.1153      6.614   158.4241 1.2348e-01     8.6463      8.128     11.789    10.0381 0.0000e+00
      8.313      0.043     0.6187      5.370     49.631  34.782711     9.0905      6.614   157.9826 1.2355e-01     8.5562      8.154     11.826    10.0371 0.0000e+00
      8.330      0.040     0.6177      5.273     49.682  34.827127     8.8885      6.614   158.1198 1.2354e-01     8.4669      8.175     11.857    10.0403 0.0000e+00
      8.336      0.033     0.6178      5.150     49.679  34.831269     8.5282      6.613   158.3619 1.2349e-01     8.4208      8.177     11.860    10.0389 0.0000e+00
      8.337      0.024     0.6130      5.024     49.686  34.832796     8.3298      6.612   158.5005 1.2351e-01     8.4090      8.174     11.855    10.0327 0.0000e+00
      8.341      0.016     0.6073      4.891     49.717  34.845587     8.3048      6.610   158.5043 1.2352e-01     8.3925      8.179     11.863    10.0368 0.0000e+00
      8.345      0.011     0.5956      4.747     49.747  34.859096     8.2507      6.610   158.5794 1.2347e-01     8.3584      8.184     11.872    10.0493 0.0000e+00
      8.348      0.010     0.5801      4.623     49.767  34.869301     8.1661      6.609   158.7212 1.2346e-01     8.3379      8.186     11.873    10.0583 0.0000e+00
      8.349      0.010     0.5663      4.543     49.731  34.842144     8.1310      6.607   158.8417 1.2351e-01     8.3501      8.187     11.875    10.0534 0.0000e+00
      8.352      0.009     0.5527      4.488     49.647  34.784392     8.1345      6.606   159.0049 1.2354e-01     8.3688      8.191     11.881    10.0402 0.0000e+00
      8.355      0.009     0.5345      4.454     49.577  34.741718     8.1839      6.606   159.2309 1.2357e-01     8.3595      8.194     11.884    10.0320 0.0000e+00
      8.356      0.010     0.5187      4.449     49.601  34.770052     8.2868      6.605   159.4235 1.2358e-01     8.3393      8.194     11.884    10.0294 0.0000e+00
      8.358      0.012     0.5122      4.456     50.006  35.063580     8.3538      6.605   159.5260 1.2359e-01     8.3642      8.195     11.886    10.0277 0.0000e+00
      8.361      0.017     0.5052      4.467     51.262  35.944516     8.3872      6.605   159.6110 1.2359e-01     8.4215      8.199     11.892    10.0266 0.0000e+00
      8.364      0.023     0.5010      4.496     52.675  36.923901     8.5563      6.605   159.6769 1.2355e-01     8.5881      8.202     11.896    10.0332 0.0000e+00
      8.369      0.029     0.5011      4.536     52.910  37.075901     8.8597      6.604   159.7202 1.2350e-01     8.8758      8.206     11.901    10.0478 0.0000e+00
      8.379      0.034     0.5027      4.560     52.299  36.640915     9.0344      6.604   159.7044 1.2351e-01     9.0303      8.216     11.916    10.0608 0.0000e+00
      8.391      0.035     0.5025      4.545     51.714  36.230531     9.0541      6.604   159.6581 1.2355e-01     9.0557      8.228     11.934    10.0623 0.0000e+00
      8.405      0.033     0.5058      4.455     51.268  35.918933     9.0394      6.603   159.7617 1.2360e-01     9.0801      8.242     11.954    10.0469 0.0000e+00
      8.416      0.029     0.5129      4.273     50.993  35.727065     8.8983      6.602   160.0108 1.2359e-01     9.0525      8.255     11.973    10.0315 0.0000e+00
      8.422      0.022     0.5147      4.015     50.843  35.622848     8.6543      6.601   160.2610 1.2354e-01     9.0285      8.260     11.981    10.0265 0.0000e+00
      8.423      0.015     0.5163      3.714     50.727  35.546643     8.5285      6.600   160.2062 1.2353e-01     9.0300      8.260     11.980    10.0269 0.0000e+00
      8.424      0.009     0.5064      3.421     50.649  35.503223     8.5264      6.599   159.8637 1.2353e-01     9.0022      8.261     11.982    10.0282 0.0000e+00
      8.425      0.006     0.4849      3.198     50.601  35.478340     8.5445      6.598   159.6482 1.2355e-01     8.9312      8.262     11.984    10.0295 0.0000e+00
      8.425      0.006     0.4549      3.087     50.629  35.499442     8.5485      6.598   159.4931 1.2357e-01     8.8209      8.262     11.984    10.0279 0.0000e+00
      8.426      0.010     0.4182      3.069     50.821  35.631542     8.5325      6.598   159.4505 1.2359e-01     8.7614      8.263     11.985    10.0313 0.0000e+00
      8.428      0.015     0.3834      3.121     51.171  35.870709     8.5435      6.598   159.7359 1.2364e-01     8.7930      8.265     11.987    10.0484 0.0000e+00
      8.431      0.021     0.3547      3.238     51.703  36.235128     8.7150      6.598   159.8463 1.2363e-01     8.8615      8.266     11.990    10.0576 0.0000e+00
      8.438      0.030     0.3448      3.403     52.525  36.803541     9.0154      6.598   159.4956 1.2355e-01     8.8717      8.274     12.000    10.0566 0.0000e+00
      8.448      0.042     0.3432      3.555     53.415  37.416371     9.1710      6.598   159.1088 1.2350e-01     8.8146      8.285     12.016    10.0559 0.0000e+00
      8.457      0.053     0.3490      3.642     54.001  37.810387     9.1646      6.597   159.0411 1.2347e-01     8.8196      8.293     12.028    10.0480 0.0000e+00
      8.470      0.059     0.3629      3.664     54.226  37.952665     9.0799      6.596   159.1930 1.2348e-01     9.0010      8.301     12.040    10.0375 0.0000e+00
      8.490      0.060     0.3839      3.606     54.210  37.931650     8.9370      6.595   159.5693 1.2351e-01     9.2645      8.324     12.074    10.0337 0.0000e+00
      8.515      0.059     0.4051      3.461     54.042  37.809955     8.8520      6.595   160.0628 1.2349e-01     9.3755      8.354     12.117    10.0251 0.0000e+00
      8.534      0.059     0.4123      3.231     53.594  37.495985     8.8176      6.594   160.0834 1.2348e-01     9.3522      8.373     12.144    10.0059 0.0000e+00
      8.543      0.057     0.4175      2.918     52.874  36.989315     8.6969      6.593   159.4745 1.2346e-01     9.2220      8.379     12.152     9.9897 0.0000e+00
      8.548      0.052     0.4108      2.574     52.558  36.757285     8.5161      6.592   158.7238 1.2343e-01     8.9971      8.380     12.155     9.9815 0.0000e+00
      8.560      0.046     0.3934      2.234     52.885  36.973541     8.4287      6.592   158.3198 1.2342e-01     8.8535      8.392     12.171     9.9777 0.0000e+00
      8.579      0.040     0.3696      1.894     53.114  37.130769     8.4231      6.591   158.6337 1.2344e-01     8.8179      8.415     12.205     9.9795 0.0000e+00
      8.596      0.035     0.3299      1.589     53.023  37.072902     8.4148      6.590   159.2497 1.2351e-01     8.8052      8.435     12.233     9.9804 0.0000e+00
      8.603      0.030     0.2899      1.351     52.962  37.034887     8.3203      6.588   158.7127 1.2356e-01     8.7347      8.438     12.239     9.9669 0.0000e+00
      8.603      0.023     0.2534      1.166     52.896  36.988228     8.1627      6.587   157.2174 1.2356e-01     8.6489      8.436     12.235     9.9493 0.0000e+00
      8.605      0.018     0.2127      1.031     52.575  36.762430     8.0824      6.585   156.1411 1.2356e-01     8.6214      8.439     12.239     9.9477 0.0000e+00
      8.609      0.018     0.1757      0.946     52.050  36.397528     8.0732      6.584   156.0240 1.2354e-01     8.6076      8.444     12.246     9.9584 0.0000e+00
      8.612      0.025     0.1512      0.908     51.662  36.127522     8.1009      6.583   156.0591 1.2347e-01     8.5840      8.446     12.249     9.9628 0.0000e+00
      8.616      0.035     0.1298      0.904     51.538  36.034428     8.1522      6.581   155.0170 1.2342e-01     8.5751      8.446     12.251     9.9602 0.0000e+00
      8.626      0.047     0.1142      0.908     51.558  36.032908     8.1853      6.581   153.4906 1.2346e-01     8.6367      8.458     12.267     9.9582 0.0000e+00
      8.640      0.058     0.1055      0.914     51.603  36.045703     8.2178      6.581   151.7999 1.2349e-01     8.6795      8.473     12.288     9.9606 0.0000e+00
      8.656      0.067     0.1004      0.923     51.648  36.062290     8.4288      6.580   149.9761 1.2347e-01     8.7510      8.486     12.308     9.9673 0.0000e+00
      8.679      0.070     0.1027      0.929     51.722  36.106618     8.8058      6.579   149.4208 1.2353e-01     8.9890      8.510     12.343     9.9609 0.0000e+00
      8.705      0.065     0.1024      0.940     51.767  36.137759     9.0132      6.578   149.9901 1.2363e-01     9.2000      8.539     12.385     9.9412 0.0000e+00
      8.725      0.055     0.1028      0.930     51.742  36.121737     9.0467      6.577   150.0626 1.2360e-01     9.3216      8.560     12.415     9.9229 0.0000e+00
      8.737      0.044     0.1051      0.881     51.718  36.103140     9.1033      6.577   149.0071 1.2356e-01     9.5371      8.570     12.430     9.9070 0.0000e+00
      8.742      0.032     0.1042      0.832     51.723  36.103151     9.1817      6.578   147.0359 1.2354e-01     9.8240      8.575     12.436     9.8981 0.0000e+00
      8.745      0.022     0.1068      0.787     51.753  36.121863     9.2203      6.578   144.8138 1.2352e-01     9.9554      8.577     12.439     9.9021 0.0000e+00
      8.746      0.017     0.1082      0.730     51.779  36.139145     9.2206      6.578   143.0477 1.2357e-01     9.9644      8.576     12.439     9.9058 0.0000e+00
      8.749      0.017     0.0986      0.699     51.756  36.121865     9.1772      6.578   141.9437 1.2357e-01     9.8985      8.579     12.443     9.9019 0.0000e+00
      8.755      0.020     0.0933      0.695     51.730  36.103168     9.0784      6.578   141.0161 1.2351e-01     9.6706      8.586     12.453     9.8971 0.0000e+00
      8.762      0.029     0.0911      0.686     51.729  36.103324     9.0079      6.578   139.8334 1.2349e-01     9.4989      8.592     12.462     9.8954 0.0000e+00
      8.768      0.044     0.0805      0.674     51.757  36.123752     8.9991      6.580   138.3131 1.2347e-01     9.5637      8.598     12.472     9.8952 0.0000e+00
      8.774      0.060     0.0774      0.670     51.812  36.159916     8.9804      6.582   135.8843 1.2343e-01    10.1125      8.602     12.477     9.8937 0.0000e+00
      8.785      0.073     0.0799      0.680     51.822  36.160087     8.9312      6.584   133.0087 1.2342e-01    11.0110      8.609     12.486     9.8924 0.0000e+00
      8.812      0.078     0.0776      0.704     51.782  36.125814     8.8955      6.585   131.2492 1.2344e-01    11.4433      8.635     12.524     9.8933 0.0000e+00
