Data/DataNotYetUploadedToEDI/Raw_CTD/RawDownloads/061522_fcr50_0001.cnv
* Sea-Bird SBE19plus  Data File:
* FileName = C:\R\Reservoirs\Data\DataNotYetUploadedToEDI\Raw_CTD\RawDownloads\061522_fcr50_0001.hex
* Software version 2.8.0.119
* Temperature SN = 7809
* Conductivity SN = 7809
* System UpLoad Time = Jun 15 2022 15:57:22
* <ApplicationData>
* <Seaterm232>
# nquan = 15
# nvalues = 2440                        
# units = specified
# name 0 = depFM: Depth [fresh water, m]
# name 1 = dz/dtM: Descent Rate [m/s]
# name 2 = sbeox0Mg/L: Oxygen, SBE 43 [mg/l]
# name 3 = sbeox0PS: Oxygen, SBE 43 [% saturation]
# name 4 = specc: Specific Conductance [uS/cm]
# name 5 = c0uS/cm: Conductivity [uS/cm]
# name 6 = flECO-AFL: Fluorescence, WET Labs ECO-AFL/FL [mg/m^3]
# name 7 = ph: pH
# name 8 = orp: Oxidation Reduction Potential [mV]
# name 9 = par/sat/log: PAR/Logarithmic, Satlantic
# name 10 = turbWETntu0: Turbidity, WET Labs ECO [NTU]
# name 11 = prdM: Pressure, Strain Gauge [db]
# name 12 = prdE: Pressure, Strain Gauge [psi]
# name 13 = tv290C: Temperature [ITS-90, deg C]
# name 14 = flag:  0.000e+00
# span 0 =     -0.606,      9.730       
# span 1 =     -0.223,      0.190       
# span 2 =     0.0504,    15.6263       
# span 3 =      0.459,    180.169       
# span 4 =      0.291,    418.915       
# span 5 =   0.334348, 295.606745       
# span 6 =    -2.1246,    10.2333       
# span 7 =      6.452,     10.358       
# span 8 = -1240.7455,   201.4228       
# span 9 = 1.2334e-01, 2.5291e+03       
# span 10 =    -9.3814,   466.3646      
# span 11 =     -0.594,      9.542      
# span 12 =     -0.862,     13.839      
# span 13 =     9.7986,    32.5942      
# span 14 = 0.0000e+00, 0.0000e+00      
# interval = seconds: 0.25
# start_time = Jun 15 2022 09:49:34 [Instrument's time stamp, header]
# bad_flag = -9.990e-29
*END*
[from data line 579]
      1.881      0.020     6.9810     71.636     37.763  32.644399     6.9750      9.264   156.9007 6.9017e+00     6.1227      1.846      2.677    18.3789 0.0000e+00
      1.885      0.020     6.9003     71.006     37.818  32.653530     6.9623      9.258   156.8346 6.8422e+00     6.1771      1.849      2.682    18.3459 0.0000e+00
      1.890      0.019     6.8354     70.265     37.859  32.653420     6.9508      9.252   156.5470 6.7627e+00     6.1930      1.854      2.689    18.3033 0.0000e+00
      1.896      0.018     6.7935     69.430     37.880  32.643019     6.9030      9.247   156.6069 6.6886e+00     6.0759      1.860      2.697    18.2696 0.0000e+00
      1.901      0.017     6.7546     68.492     37.918  32.654538     6.8004      9.242   157.2140 6.6231e+00     5.8539      1.865      2.704    18.2201 0.0000e+00
      1.906      0.015     6.7027     67.446     37.943  32.665868     6.7339      9.235   157.8648 6.5841e+00     5.7295      1.870      2.712    18.1649 0.0000e+00
      1.910      0.013     6.6373     66.323     37.934  32.653189     6.7310      9.228   158.1945 6.5758e+00     5.6992      1.873      2.717    18.1183 0.0000e+00
      1.912      0.012     6.5650     65.199     37.913  32.628037     6.6989      9.223   158.3609 6.5643e+00     5.5897      1.875      2.719    18.0794 0.0000e+00
      1.914      0.010     6.4805     64.184     37.910  32.615357     6.6110      9.218   158.5009 6.5303e+00     5.3623      1.877      2.722    18.0500 0.0000e+00
      1.916      0.009     6.3818     63.364     37.932  32.626668     6.5514      9.212   157.9936 6.4962e+00     5.2051      1.879      2.725    18.0395 0.0000e+00
      1.919      0.009     6.2738     62.760     37.947  32.637978     6.5434      9.207   157.0461 6.4667e+00     5.1912      1.882      2.730    18.0377 0.0000e+00
      1.921      0.009     6.1641     62.380     37.933  32.625307     6.5400      9.202   156.8531 6.4392e+00     5.2288      1.884      2.733    18.0278 0.0000e+00
      1.924      0.009     6.0671     62.234     37.905  32.600259     6.5273      9.197   157.3803 6.4284e+00     5.2498      1.886      2.736    18.0100 0.0000e+00
      1.926      0.008     5.9908     62.277     37.887  32.588731     6.5139      9.192   158.0864 6.4152e+00     5.2062      1.888      2.739    17.9988 0.0000e+00
      1.929      0.008     5.9339     62.457     37.904  32.612738     6.5034      9.187   158.6794 6.3898e+00     5.1806      1.891      2.744    18.0005 0.0000e+00
      1.931      0.008     5.8956     62.715     37.923  32.636936     6.5007      9.182   158.5274 6.3648e+00     5.2134      1.894      2.747    18.0008 0.0000e+00
      1.932      0.009     5.8858     62.978     37.909  32.627704     6.5309      9.177   158.1411 6.3390e+00     5.1922      1.895      2.748    17.9952 0.0000e+00
      1.933      0.010     5.8903     63.211     37.914  32.627923     6.5855      9.172   158.8266 6.3216e+00     5.0946      1.895      2.749    18.0006 0.0000e+00
      1.936      0.011     5.9067     63.397     37.931  32.639574     6.6115      9.167   160.2762 6.3019e+00     5.0241      1.898      2.752    18.0168 0.0000e+00
      1.939      0.013     5.9338     63.527     37.929  32.641765     6.6042      9.160   161.7302 6.2684e+00     5.0581      1.901      2.758    18.0296 0.0000e+00
      1.943      0.014     5.9580     63.591     37.932  32.654426     6.5387      9.153   162.6407 6.2192e+00     5.1290      1.905      2.763    18.0335 0.0000e+00
      1.948      0.014     5.9823     63.595     37.928  32.665865     6.4191      9.148   162.4234 6.1537e+00     5.1295      1.910      2.770    18.0244 0.0000e+00
      1.952      0.013     6.0006     63.598     37.893  32.653287     6.3481      9.143   161.6838 6.1211e+00     5.0989      1.914      2.778    18.0174 0.0000e+00
      1.954      0.013     6.0124     63.628     37.843  32.629182     6.3289      9.137   161.6140 6.1212e+00     5.0667      1.917      2.780    18.0226 0.0000e+00
      1.956      0.012     6.0179     63.673     37.822  32.628046     6.2542      9.131   162.0090 6.1098e+00     4.9787      1.919      2.783    18.0373 0.0000e+00
      1.958      0.011     6.0121     63.741     37.822  32.639574     6.1272      9.125   162.5887 6.0737e+00     4.8889      1.920      2.785    18.0582 0.0000e+00
      1.962      0.011     6.0085     63.854     37.825  32.641765     6.0585      9.120   163.5467 6.0265e+00     4.8350      1.923      2.790    18.0801 0.0000e+00
      1.966      0.011     6.0102     63.999     37.851  32.654530     6.0475      9.114   164.0420 5.9957e+00     4.7712      1.929      2.798    18.1060 0.0000e+00
      1.969      0.012     6.0096     64.102     37.877  32.667106     6.0441      9.108   163.8440 5.9745e+00     4.6978      1.932      2.803    18.1334 0.0000e+00
      1.971      0.012     6.0137     64.133     37.880  32.667002     6.0511      9.102   163.7342 5.9556e+00     4.6311      1.933      2.804    18.1499 0.0000e+00
      1.972      0.012     6.0236     64.147     37.864  32.653275     6.0650      9.096   163.9188 5.9437e+00     4.6139      1.933      2.804    18.1487 0.0000e+00
      1.976      0.012     6.0437     64.177     37.836  32.627933     6.0628      9.090   164.2698 5.9269e+00     4.5917      1.938      2.810    18.1310 0.0000e+00
      1.980      0.013     6.0574     64.192     37.823  32.614205     6.0408      9.085   164.7953 5.9021e+00     4.5340      1.943      2.818    18.1113 0.0000e+00
      1.984      0.013     6.0568     64.154     37.832  32.614092     5.9992      9.079   165.7113 5.8710e+00     4.4964      1.946      2.823    18.1130 0.0000e+00
      1.988      0.012     6.0562     64.039     37.858  32.626556     5.9498      9.073   166.7415 5.8440e+00     4.5132      1.950      2.828    18.1173 0.0000e+00
      1.991      0.011     6.0615     63.821     37.878  32.638084     5.9348      9.067   167.0987 5.8334e+00     4.6002      1.953      2.832    18.1122 0.0000e+00
      1.993      0.010     6.0643     63.491     37.866  32.626659     5.9352      9.061   166.8464 5.8204e+00     4.6262      1.955      2.835    18.1126 0.0000e+00
      1.995      0.008     6.0622     63.089     37.856  32.615227     5.8965      9.056   166.4441 5.7930e+00     4.6230      1.956      2.837    18.1011 0.0000e+00
      1.998      0.008     6.0554     62.711     37.880  32.626661     5.8408      9.051   166.4509 5.7711e+00     4.7321      1.959      2.841    18.0831 0.0000e+00
      2.000      0.009     6.0353     62.444     37.909  32.638087     5.8203      9.046   167.8755 5.7640e+00     4.8524      1.961      2.845    18.0754 0.0000e+00
      2.001      0.011     6.0038     62.299     37.911  32.626562     5.8141      9.040   170.0749 5.7582e+00     4.8809      1.962      2.846    18.0770 0.0000e+00
      2.002      0.015     5.9616     62.250     37.908  32.614102     5.7242      9.033   171.0169 5.7526e+00     4.8389      1.964      2.848    18.0772 0.0000e+00
      2.005      0.018     5.9238     62.265     37.925  32.614217     5.5570      9.027   170.5750 5.7236e+00     4.7889      1.965      2.850    18.0634 0.0000e+00
      2.011      0.019     5.9014     62.308     37.968  32.627938     5.4748      9.022   169.8080 5.6403e+00     4.7888      1.970      2.858    18.0429 0.0000e+00
      2.021      0.019     5.8912     62.325     38.023  32.653178     5.4790      9.017   169.4874 5.5606e+00     4.8025      1.983      2.875    18.0236 0.0000e+00
      2.028      0.018     5.8885     62.218     38.054  32.665745     5.4661      9.011   170.3124 5.5251e+00     4.7150      1.991      2.889    18.0157 0.0000e+00
      2.032      0.015     5.8930     61.920     38.043  32.653066     5.4357      9.005   171.8673 5.5131e+00     4.5858      1.994      2.892    18.0004 0.0000e+00
      2.034      0.010     5.9026     61.469     38.006  32.626676     5.4187      8.999   172.7145 5.5182e+00     4.5720      1.995      2.893    17.9630 0.0000e+00
      2.034      0.006     5.9123     60.951     37.966  32.600285     5.4280      8.994   172.6400 5.5219e+00     4.6167      1.995      2.893    17.9291 0.0000e+00
      2.035      0.003     5.9081     60.475     37.942  32.587595     5.4649      8.988   172.4292 5.5199e+00     4.5456      1.995      2.893    17.9096 0.0000e+00
      2.035      0.002     5.8773     60.125     37.953  32.600047     5.5061      8.982   172.4037 5.5164e+00     4.3951      1.996      2.895    17.9074 0.0000e+00
      2.035      0.002     5.8312     59.906     37.985  32.624045     5.5182      8.978   172.5895 5.5039e+00     4.3347      1.996      2.895    17.9169 0.0000e+00
      2.036      0.005     5.7767     59.825     37.995  32.624141     5.5122      8.973   173.2986 5.4908e+00     4.2936      1.996      2.895    17.9282 0.0000e+00
      2.037      0.013     5.7258     59.870     37.976  32.601192     5.4492      8.966   174.6963 5.4936e+00     4.2059      1.998      2.898    17.9414 0.0000e+00
      2.038      0.029     5.6937     60.007     37.995  32.600175     5.3228      8.956   176.0667 5.4968e+00     4.1283      1.998      2.898    17.9482 0.0000e+00
      2.039      0.049     5.6727     60.183     38.076  32.611825     5.2410      8.943   176.7905 5.4706e+00     4.0721      1.999      2.900    17.9409 0.0000e+00
      2.047      0.064     5.6672     60.281     38.187  32.615175     5.2257      8.931   176.9947 5.3280e+00     4.0736      2.001      2.902    17.9244 0.0000e+00
      2.073      0.072     5.6741     60.200     38.315  32.640556     5.1960      8.921   176.8152 4.9851e+00     4.0779      2.023      2.935    17.9201 0.0000e+00
      2.113      0.072     5.6865     59.853     38.401  32.664979     4.8326      8.912   176.6840 4.6554e+00     3.9534      2.078      3.014    17.9200 0.0000e+00
      2.143      0.065     5.7188     59.144     38.404  32.656799     4.1695      8.903   177.0437 4.5459e+00     3.7298      2.112      3.062    17.8427 0.0000e+00
      2.153      0.052     5.7485     58.101     38.398  32.668458     3.8039      8.894   177.4645 4.5409e+00     3.5944      2.113      3.065    17.6916 0.0000e+00
      2.155      0.033     5.7565     56.868     38.381  32.679162     3.7570      8.887   177.7290 4.5375e+00     3.5797      2.112      3.064    17.5721 0.0000e+00
      2.156      0.017     5.7373     55.656     38.330  32.659448     3.7948      8.881   177.8320 4.5254e+00     3.5178      2.113      3.065    17.5092 0.0000e+00
      2.157      0.008     5.6681     54.675     38.332  32.683748     3.8938      8.874   177.0749 4.5040e+00     3.4263      2.114      3.067    17.4977 0.0000e+00
      2.158      0.007     5.5598     54.034     38.356  32.719387     3.9474      8.867   175.8886 4.4905e+00     3.3965      2.116      3.069    17.5327 0.0000e+00
      2.159      0.010     5.4305     53.765     38.344  32.709957     3.9431      8.861   175.6201 4.4794e+00     3.3628      2.117      3.070    17.5701 0.0000e+00
      2.161      0.015     5.3029     53.854     38.340  32.696533     3.9923      8.856   176.2371 4.4564e+00     3.3599      2.119      3.073    17.5982 0.0000e+00
      2.164      0.019     5.2035     54.214     38.336  32.683871     4.1171      8.851   177.0677 4.4293e+00     3.3959      2.123      3.078    17.6301 0.0000e+00
      2.169      0.022     5.1388     54.674     38.341  32.683656     4.1870      8.846   176.7155 4.3872e+00     3.3881      2.126      3.083    17.6553 0.0000e+00
      2.178      0.024     5.1133     55.084     38.351  32.693916     4.1804      8.840   175.3334 4.3253e+00     3.3686      2.135      3.095    17.6542 0.0000e+00
      2.188      0.025     5.1263     55.393     38.333  32.681129     4.1537      8.833   174.8972 4.2800e+00     3.3644      2.147      3.114    17.6351 0.0000e+00
      2.194      0.025     5.1689     55.607     38.304  32.655864     4.1226      8.827   175.1420 4.2532e+00     3.3716      2.152      3.122    17.6202 0.0000e+00
      2.199      0.024     5.2196     55.746     38.291  32.642039     4.1124      8.822   175.5401 4.2287e+00     3.3868      2.155      3.126    17.6143 0.0000e+00
      2.204      0.021     5.2585     55.812     38.293  32.640783     4.1053      8.817   176.2693 4.1941e+00     3.3773      2.161      3.135    17.6200 0.0000e+00
      2.209      0.019     5.2874     55.808     38.297  32.640669     4.0533      8.812   176.3870 4.1516e+00     3.2914      2.167      3.143    17.6270 0.0000e+00
      2.214      0.018     5.3066     55.753     38.299  32.640660     3.9738      8.807   175.7583 4.1271e+00     3.1682      2.172      3.150    17.6232 0.0000e+00
      2.218      0.017     5.3207     55.662     38.300  32.640670     3.9433      8.801   175.3780 4.1188e+00     3.1521      2.175      3.155    17.6196 0.0000e+00
      2.222      0.016     5.3277     55.550     38.305  32.640775     3.9514      8.795   175.4889 4.0928e+00     3.1984      2.179      3.160    17.6154 0.0000e+00
      2.225      0.014     5.3262     55.419     38.318  32.641939     3.9473      8.790   175.8084 4.0364e+00     3.1822      2.182      3.165    17.6107 0.0000e+00
      2.230      0.012     5.3218     55.266     38.347  32.654725     3.9100      8.785   176.1443 3.9946e+00     3.1615      2.187      3.172    17.6088 0.0000e+00
      2.234      0.010     5.3117     55.102     38.373  32.668549     3.8491      8.779   176.7113 3.9800e+00     3.1525      2.192      3.178    17.6083 0.0000e+00
      2.236      0.008     5.3018     54.915     38.392  32.682268     3.8190      8.773   177.5875 3.9718e+00     3.1413      2.193      3.181    17.6059 0.0000e+00
      2.238      0.005     5.2914     54.683     38.412  32.693798     3.8285      8.768   177.8768 3.9717e+00     3.1630      2.195      3.183    17.5886 0.0000e+00
      2.238      0.003     5.2777     54.431     38.412  32.681148     3.8064      8.765   177.4558 3.9577e+00     3.1070      2.195      3.183    17.5722 0.0000e+00
      2.238      0.002     5.2641     54.222     38.392  32.656104     3.7356      8.761   177.2289 3.9431e+00     2.9774      2.194      3.183    17.5592 0.0000e+00
      2.238      0.001     5.2474     54.062     38.353  32.644583     3.7049      8.756   177.1983 3.9511e+00     2.9283      2.195      3.183    17.5589 0.0000e+00
      2.239      0.001     5.2248     53.949     38.320  32.668688     3.7178      8.750   177.6883 3.9491e+00     2.9225      2.195      3.184    17.5621 0.0000e+00
      2.239      0.001     5.1995     53.951     38.297  32.694023     3.7169      8.744   178.7658 3.9338e+00     2.9085      2.195      3.184    17.5344 0.0000e+00
      2.240      0.001     5.1827     54.140     38.290  32.697357     3.7023      8.738   179.2125 3.9252e+00     2.8953      2.196      3.185    17.5093 0.0000e+00
      2.240      0.001     5.1668     54.504     38.309  32.708998     3.6910      8.733   179.1311 3.9131e+00     2.8983      2.197      3.186    17.5328 0.0000e+00
      2.240      0.001     5.1420     54.954     38.286  32.707967     3.7046      8.728   178.8149 3.8921e+00     2.9457      2.196      3.185    17.6260 0.0000e+00
      2.240      0.001     5.1309     55.386     38.204  32.684907     3.8091      8.724   178.3148 3.8807e+00     2.9555      2.197      3.186    17.7082 0.0000e+00
      2.241      0.001     5.1500     55.736     38.144  32.683853     3.9802      8.719   179.1067 3.8887e+00     2.9147      2.197      3.187    17.6987 0.0000e+00
      2.241      0.001     5.1915     56.013     38.134  32.695283     4.0597      8.714   180.9047 3.8945e+00     2.8960      2.197      3.187    17.6727 0.0000e+00
      2.241      0.002     5.2350     56.235     38.154  32.696334     4.0540      8.709   181.7276 3.8855e+00     2.9004      2.198      3.188    17.6955 0.0000e+00
