Data/DataNotYetUploadedToEDI/Raw_CTD/RawDownloads/061526_fcr20_S7809009.cnv
* Sea-Bird SBE19plus  Data File:
* FileName = C:\R\Reservoirs\Data\DataNotYetUploadedToEDI\Raw_CTD\RawDownloads\062926_fcr50_S7809_0009.hex
* Software version 2.8.0.119
* Temperature SN = 7809
* Conductivity SN = 7809
* System UpLoad Time = Jun 30 2026 09:03:22
* <ApplicationData>
* <Seaterm232>
# nquan = 15
# nvalues = 1865                        
# units = specified
# name 0 = depFM: Depth [fresh water, m]
# name 1 = dz/dtM: Descent Rate [m/s]
# name 2 = sbeox0Mg/L: Oxygen, SBE 43 [mg/l]
# name 3 = sbeox0PS: Oxygen, SBE 43 [% saturation]
# name 4 = specc: Specific Conductance [uS/cm]
# name 5 = c0uS/cm: Conductivity [uS/cm]
# name 6 = flECO-AFL: Fluorescence, WET Labs ECO-AFL/FL [mg/m^3]
# name 7 = ph: pH
# name 8 = orp: Oxidation Reduction Potential [mV]
# name 9 = par/sat/log: PAR/Logarithmic, Satlantic
# name 10 = turbWETntu0: Turbidity, WET Labs ECO [NTU]
# name 11 = prdM: Pressure, Strain Gauge [db]
# name 12 = prdE: Pressure, Strain Gauge [psi]
# name 13 = tv290C: Temperature [ITS-90, deg C]
# name 14 = flag:  0.000e+00
# span 0 =     -0.666,      2.628       
# span 1 =     -0.195,      0.268       
# span 2 =    -0.8813,     9.7343       
# span 3 =     -9.144,    116.023       
# span 4 =      1.699,     61.409       
# span 5 =   1.542543,  50.301360       
# span 6 =    -0.1701,     8.7069       
# span 7 =      9.840,     12.326       
# span 8 =   -69.0078,   664.1515       
# span 9 = 7.4109e+00, 2.4498e+03       
# span 10 =    -0.1775,    86.0586      
# span 11 =     -0.653,      2.578      
# span 12 =     -0.947,      3.738      
# span 13 =    15.8740,    24.7984      
# span 14 = 0.0000e+00, 0.0000e+00      
# interval = seconds: 0.25
# start_time = Jun 15 2026 12:23:42 [Instrument's time stamp, header]
# bad_flag = -9.990e-29
*END*
[from data line 482]
      0.052 -1.272e-11     9.2814    111.315     39.102  38.920213     2.5623     12.265    16.6948 2.5607e+02     6.8916      0.050      0.073    24.7532 0.0000e+00
      0.052 -1.400e-10     9.2957    111.151     39.102  38.920226     2.5487     12.266    16.7124 2.6127e+02     6.9572      0.051      0.074    24.7545 0.0000e+00
      0.052 -1.540e-09     9.2940    111.221     39.103  38.920213     2.5549     12.266    16.7381 2.6377e+02     7.0398      0.051      0.074    24.7573 0.0000e+00
      0.052 -1.694e-08     9.2697    111.479     39.104  38.920044     2.5537     12.265    16.8334 2.4821e+02     7.0366      0.051      0.075    24.7599 0.0000e+00
      0.051 -1.863e-07     9.2295    111.881     39.105  38.918181     2.5349     12.265    16.9188 2.4387e+02     6.9522      0.050      0.073    24.7618 0.0000e+00
      0.051 -1.863e-07     9.2167    112.308     39.087  38.897689     2.5269     12.265    16.9093 2.5346e+02     6.9082      0.050      0.074    24.7619 0.0000e+00
      0.052 -1.693e-08     9.2252    112.604     39.054  38.862646     2.5232     12.264    16.8913 2.5529e+02     6.9817      0.051      0.075    24.7604 0.0000e+00
      0.052 -1.539e-09     9.2461    112.614     39.066  38.875223     2.5160     12.263    16.9592 2.5491e+02     7.0898      0.051      0.074    24.7584 0.0000e+00
      0.052 -1.399e-10     9.2850    112.231     39.111  38.922843     2.4977     12.263    17.1281 2.4907e+02     7.0882      0.051      0.074    24.7549 0.0000e+00
      0.052 -1.249e-11     9.3251    111.531     39.116  38.930757     2.4686     12.264    17.2984 2.3887e+02     6.9964      0.051      0.074    24.7516 0.0000e+00
      0.052 1.3879e-12     9.3548    110.789     39.089  38.907453     2.4553     12.264    17.3844 2.3522e+02     6.9363      0.051      0.074    24.7489 0.0000e+00
      0.052 2.7883e-11     9.3604    110.324     39.074  38.894926     2.4943     12.263    17.4790 2.3013e+02     7.0448      0.050      0.073    24.7488 0.0000e+00
      0.052 3.0786e-10     9.3255    110.233     39.084  38.906210     2.5745     12.263    17.5812 2.2593e+02     7.2488      0.051      0.074    24.7532 0.0000e+00
      0.052 3.3866e-09     9.2578    110.378     39.094  38.916967     2.6100     12.263    17.5882 2.2498e+02     7.2863      0.052      0.075    24.7583 0.0000e+00
      0.052 3.7253e-08     9.1843    110.731     39.074  38.898070     2.5980     12.263    17.5639 2.2181e+02     7.1903      0.051      0.074    24.7618 0.0000e+00
      0.052 4.0978e-07     9.1407    111.374     39.044  38.868109     2.6298     12.262    17.6319 2.2093e+02     7.1465      0.050      0.073    24.7644 0.0000e+00
      0.052      0.000     9.1423    112.146     39.047  38.871999     2.7197     12.261    17.7210 2.2363e+02     7.2350      0.051      0.074    24.7661 0.0000e+00
      0.052      0.000     9.1547    112.689     39.057  38.881654     2.7943     12.260    17.8672 2.2524e+02     7.3719      0.050      0.073    24.7669 0.0000e+00
      0.052      0.001     9.1765    112.841     39.034  38.857934     2.8073     12.260    18.0237 2.2611e+02     7.3664      0.051      0.074    24.7676 0.0000e+00
      0.052      0.001     9.2353    112.677     39.017  38.839028     2.7857     12.260    18.0634 2.2870e+02     7.3404      0.051      0.074    24.7686 0.0000e+00
      0.053      0.001     9.3139    112.271     39.023  38.843438     2.8411     12.260    18.1757 2.2674e+02     7.4332      0.052      0.075    24.7691 0.0000e+00
      0.053      0.001     9.3643    111.794     39.029  38.847788     2.9853     12.259    18.2632 2.2239e+02     7.5313      0.052      0.076    24.7686 0.0000e+00
      0.053      0.000     9.3700    111.498     39.014  38.828159     3.0812     12.258    18.2599 2.3057e+02     7.6043      0.053      0.077    24.7678 0.0000e+00
      0.053 -1.271e-11     9.3580    111.424     38.994  38.796486     3.0937     12.257    18.3079 2.4665e+02     7.5653      0.052      0.076    24.7665 0.0000e+00
      0.053 -1.398e-10     9.3199    111.490     39.000  38.782116     3.0949     12.258    18.3286 2.5015e+02     7.4350      0.052      0.075    24.7647 0.0000e+00
      0.052 -1.538e-09     9.2688    111.672     39.024  38.781287     3.1379     12.259    18.3380 2.4405e+02     7.3955      0.051      0.074    24.7626 0.0000e+00
      0.052 -1.692e-08     9.2458    111.937     39.049  38.786423     3.1893     12.260    18.3356 2.3968e+02     7.3950      0.051      0.074    24.7592 0.0000e+00
      0.053 -1.861e-07     9.2462    112.217     39.051  38.780730     3.2079     12.260    18.2994 2.3505e+02     7.3610      0.052      0.075    24.7466 0.0000e+00
      0.053 -1.861e-07     9.2561    112.503     39.043  38.775909     3.1960     12.260    18.3295 2.3578e+02     7.2919      0.052      0.076    24.7170 0.0000e+00
      0.053 -1.661e-08     9.2772    112.764     39.051  38.791588     3.1705     12.259    18.4416 2.4400e+02     7.2078      0.052      0.075    24.6802 0.0000e+00
      0.052 1.8488e-09     9.3092    112.913     39.036  38.779946     3.1739     12.259    18.5367 2.5017e+02     7.2323      0.051      0.075    24.6524 0.0000e+00
      0.052 3.7115e-08     9.3316    112.870     39.022  38.762065     3.2048     12.261    18.5335 2.4912e+02     7.3145      0.051      0.074    24.6425 0.0000e+00
      0.052 4.0979e-07     9.3556    112.657     39.036  38.765752     3.2270     12.262    18.5743 2.4410e+02     7.2796      0.051      0.074    24.6495 0.0000e+00
      0.052      0.000     9.3784    112.470     39.037  38.761057     3.2177     12.262    18.6858 2.4171e+02     7.1176      0.051      0.075    24.6632 0.0000e+00
      0.053      0.000     9.3907    112.373     39.044  38.768748     3.1759     12.262    18.6769 2.4230e+02     6.9954      0.052      0.076    24.6713 0.0000e+00
      0.053      0.001     9.3917    112.251     39.068  38.795282     3.1540     12.262    18.6392 2.3950e+02     7.0324      0.052      0.075    24.6628 0.0000e+00
      0.052      0.001     9.3662    112.176     39.096  38.828050     3.1282     12.262    18.6609 2.3858e+02     7.1213      0.051      0.075    24.6456 0.0000e+00
      0.052      0.001     9.3494    112.325     39.108  38.847661     3.0475     12.262    18.7671 2.4754e+02     7.1469      0.051      0.074    24.6367 0.0000e+00
      0.053      0.001     9.3500    112.631     39.094  38.842029     2.9765     12.262    18.8909 2.5336e+02     7.1037      0.052      0.075    24.6399 0.0000e+00
      0.054      0.001     9.3351    112.863     39.068  38.823433     2.9362     12.261    18.8661 2.5276e+02     7.0422      0.052      0.076    24.6455 0.0000e+00
      0.055      0.000     9.3186    112.895     39.049  38.813206     2.8672     12.261    18.8120 2.4865e+02     7.0533      0.054      0.078    24.6504 0.0000e+00
      0.055     -0.001     9.3328    112.782     39.073  38.845303     2.7497     12.262    18.8389 2.4262e+02     7.0668      0.054      0.079    24.6612 0.0000e+00
      0.054     -0.002     9.3657    112.657     39.113  38.894228     2.6731     12.262    18.9330 2.4120e+02     7.0003      0.052      0.077    24.6720 0.0000e+00
      0.052     -0.002     9.3869    112.535     39.106  38.897103     2.6651     12.262    19.0033 2.3499e+02     6.9670      0.051      0.075    24.6809 0.0000e+00
      0.051     -0.001     9.3859    112.326     39.080  38.880070     2.6531     12.261    19.0011 2.3011e+02     6.9714      0.050      0.073    24.6913 0.0000e+00
      0.051      0.000     9.3685    112.042     39.072  38.878675     2.6531     12.260    18.9916 2.3447e+02     7.0194      0.050      0.072    24.7018 0.0000e+00
      0.052      0.001     9.3558    111.826     39.072  38.880250     2.6647     12.260    19.0608 2.3518e+02     7.0684      0.050      0.073    24.7137 0.0000e+00
      0.053      0.001     9.3484    111.847     39.092  38.899118     2.6680     12.260    19.2360 2.3579e+02     7.0182      0.052      0.075    24.7279 0.0000e+00
      0.054      0.001     9.3281    112.170     39.112  38.916424     2.6764     12.261    19.3885 2.3797e+02     6.9926      0.053      0.077    24.7403 0.0000e+00
      0.054      0.001     9.2986    112.665     39.097  38.899118     2.6754     12.262    19.4429 2.3477e+02     7.0662      0.053      0.078    24.7477 0.0000e+00
      0.053      0.000     9.2743    113.126     39.080  38.880253     2.6800     12.260    19.4626 2.3302e+02     7.1567      0.053      0.076    24.7497 0.0000e+00
      0.053 -3.359e-09     9.2735    113.468     39.080  38.878695     2.6827     12.259    19.5406 2.2870e+02     7.1305      0.051      0.074    24.7480 0.0000e+00
      0.053 -3.695e-08     9.3054    113.673     39.082  38.880270     2.6747     12.259    19.6124 2.1756e+02     7.0227      0.051      0.075    24.7445 0.0000e+00
      0.053 -4.064e-07     9.3558    113.682     39.101  38.899304     2.7081     12.259    19.6421 2.1054e+02     6.9803      0.053      0.077    24.7401 0.0000e+00
      0.053      0.000     9.3961    113.506     39.121  38.918444     2.7866     12.259    19.7272 2.1309e+02     7.0283      0.053      0.077    24.7374 0.0000e+00
      0.052      0.000     9.4231    113.260     39.125  38.921319     2.8505     12.260    19.7817 2.1789e+02     7.1248      0.051      0.075    24.7366 0.0000e+00
      0.052     -0.001     9.4443    113.039     39.140  38.934063     2.8564     12.261    19.7834 2.1759e+02     7.1216      0.051      0.075    24.7361 0.0000e+00
      0.053     -0.001     9.4444    112.846     39.154  38.945615     2.8405     12.262    19.8343 2.2084e+02     7.0582      0.052      0.076    24.7365 0.0000e+00
      0.053      0.000     9.4258    112.718     39.144  38.934079     2.8498     12.261    19.8816 2.2640e+02     7.1093      0.052      0.076    24.7361 0.0000e+00
      0.052     -0.000     9.4015    112.763     39.132  38.921493     2.8777     12.260    19.9246 2.2558e+02     7.2276      0.052      0.076    24.7341 0.0000e+00
      0.052     -0.000     9.3854    112.963     39.132  38.920350     2.9033     12.259    20.0102 2.2391e+02     7.3271      0.050      0.073    24.7314 0.0000e+00
      0.053     -0.001     9.3699    113.176     39.132  38.920255     2.9015     12.259    20.0557 2.2430e+02     7.2540      0.051      0.074    24.7284 0.0000e+00
      0.054     -0.001     9.3534    113.321     39.132  38.920348     2.8800     12.259    20.0448 2.2976e+02     7.0268      0.053      0.077    24.7259 0.0000e+00
      0.054     -0.001     9.3585    113.389     39.133  38.921477     2.8683     12.259    20.0511 2.3665e+02     6.9032      0.053      0.077    24.7240 0.0000e+00
      0.053     -0.001     9.3812    113.319     39.145  38.933909     2.8772     12.259    20.0460 2.3580e+02     6.9537      0.052      0.075    24.7236 0.0000e+00
      0.051     -0.000     9.4016    113.105     39.155  38.943738     2.8881     12.259    20.0684 2.3085e+02     7.0232      0.049      0.072    24.7237 0.0000e+00
      0.050 -2.014e-08     9.4115    112.871     39.125  38.913408     2.8406     12.259    20.1506 2.2741e+02     6.9232      0.048      0.070    24.7231 0.0000e+00
      0.050 -2.215e-07     9.4205    112.609     39.096  38.884487     2.7530     12.259    20.1789 2.2572e+02     6.7699      0.048      0.071    24.7230 0.0000e+00
      0.053 -2.184e-07     9.4167    112.157     39.122  38.911351     2.7114     12.259    20.1530 2.2302e+02     6.7412      0.052      0.076    24.7230 0.0000e+00
      0.054 1.7062e-08     9.3917    111.591     39.130  38.920922     2.7121     12.260    20.1814 2.2145e+02     6.8152      0.054      0.078    24.7231 0.0000e+00
      0.053 4.0766e-07     9.3715    111.232     39.080  38.873291     2.6946     12.261    20.2642 2.2089e+02     6.8793      0.053      0.077    24.7236 0.0000e+00
      0.051      0.000     9.3595    111.237     39.048  38.843124     2.6421     12.261    20.3793 2.1664e+02     6.8327      0.050      0.072    24.7238 0.0000e+00
      0.050      0.000     9.3202    111.520     39.078  38.873461     2.6016     12.261    20.4551 2.1100e+02     6.7641      0.048      0.070    24.7249 0.0000e+00
      0.050      0.001     9.2574    111.929     39.126  38.922799     2.6122     12.261    20.4071 2.0982e+02     6.8013      0.048      0.070    24.7273 0.0000e+00
      0.052      0.001     9.2238    112.349     39.135  38.932004     2.6783     12.261    20.4011 2.1614e+02     6.9755      0.051      0.074    24.7299 0.0000e+00
      0.054      0.001     9.2282    112.758     39.125  38.921302     2.7600     12.262    20.4678 2.1879e+02     7.1284      0.054      0.078    24.7314 0.0000e+00
      0.055      0.000     9.2557    113.164     39.127  38.920319     2.7850     12.262    20.5252 2.1674e+02     7.0777      0.054      0.079    24.7323 0.0000e+00
      0.053      0.000     9.2945    113.613     39.133  38.920113     2.7642     12.262    20.5788 2.1977e+02     6.9434      0.052      0.077    24.7336 0.0000e+00
      0.051     -0.001     9.3274    114.038     39.143  38.918805     2.8072     12.263    20.5997 2.2129e+02     6.9389      0.050      0.072    24.7345 0.0000e+00
      0.050     -0.001     9.3631    114.168     39.143  38.904488     2.9230     12.264    20.6058 2.1989e+02     7.0584      0.048      0.070    24.7344 0.0000e+00
      0.051      0.000     9.3944    113.875     39.125  38.873901     2.9828     12.264    20.5666 2.1705e+02     7.1239      0.049      0.072    24.7323 0.0000e+00
      0.052      0.000     9.4320    113.400     39.124  38.866260     2.9633     12.264    20.5553 2.1615e+02     7.0478      0.051      0.075    24.7250 0.0000e+00
      0.053      0.001     9.4828    113.056     39.134  38.875542     2.9375     12.263    20.7276 2.1995e+02     6.9927      0.052      0.076    24.7095 0.0000e+00
      0.053      0.001     9.5029    112.891     39.117  38.859207     2.9449     12.262    20.9294 2.2564e+02     7.0720      0.052      0.075    24.6884 0.0000e+00
      0.052      0.000     9.4720    112.812     39.116  38.859139     2.9776     12.262    21.0168 2.2942e+02     7.1523      0.051      0.075    24.6704 0.0000e+00
      0.052 1.8167e-08     9.4206    112.785     39.131  38.874724     2.9922     12.263    21.0089 2.2111e+02     7.1788      0.050      0.073    24.6624 0.0000e+00
      0.052 1.9984e-07     9.3929    112.784     39.114  38.857261     2.9793     12.263    20.9205 2.0874e+02     7.1188      0.051      0.074    24.6631 0.0000e+00
      0.053 1.6625e-07     9.3843    112.836     39.099  38.838371     3.0216     12.264    20.8948 2.0339e+02     7.0413      0.052      0.075    24.6640 0.0000e+00
      0.053 -3.879e-07     9.3759    112.920     39.100  38.836705     3.1372     12.265    21.0416 2.0220e+02     7.0961      0.052      0.076    24.6644 0.0000e+00
      0.052      0.000     9.3762    112.903     39.101  38.837112     3.2123     12.265    21.1468 2.0724e+02     7.0982      0.051      0.075    24.6673 0.0000e+00
      0.052      0.000     9.3743    112.808     39.111  38.843287     3.2304     12.265    21.1341 2.1493e+02     7.0324      0.051      0.074    24.6672 0.0000e+00
      0.052     -0.001     9.3775    112.732     39.125  38.847912     3.2140     12.265    21.1470 2.1494e+02     7.0516      0.051      0.074    24.6607 0.0000e+00
      0.052     -0.001     9.3947    112.647     39.116  38.829562     3.1650     12.265    21.1299 2.1152e+02     7.0918      0.050      0.073    24.6567 0.0000e+00
      0.052      0.000     9.3899    112.601     39.105  38.811774     3.1446     12.265    21.1862 2.1401e+02     7.1434      0.051      0.074    24.6585 0.0000e+00
      0.052 -1.847e-08     9.3769    112.759     39.119  38.823198     3.1592     12.266    21.3114 2.1515e+02     7.0939      0.051      0.074    24.6540 0.0000e+00
      0.052 -2.032e-07     9.3776    113.162     39.136  38.840768     3.1667     12.267    21.3528 2.1250e+02     6.9370      0.051      0.074    24.6403 0.0000e+00
