Data/DataNotYetUploadedToEDI/Raw_CTD/RawDownloads/061526_fcr10_S7809008.cnv
* Sea-Bird SBE19plus  Data File:
* FileName = C:\R\Reservoirs\Data\DataNotYetUploadedToEDI\Raw_CTD\RawDownloads\062926_fcr50_S7809_0008.hex
* Software version 2.8.0.119
* Temperature SN = 7809
* Conductivity SN = 7809
* System UpLoad Time = Jun 30 2026 09:02:32
* <ApplicationData>
* <Seaterm232>
# nquan = 15
# nvalues = 1066                        
# units = specified
# name 0 = depFM: Depth [fresh water, m]
# name 1 = dz/dtM: Descent Rate [m/s]
# name 2 = sbeox0Mg/L: Oxygen, SBE 43 [mg/l]
# name 3 = sbeox0PS: Oxygen, SBE 43 [% saturation]
# name 4 = specc: Specific Conductance [uS/cm]
# name 5 = c0uS/cm: Conductivity [uS/cm]
# name 6 = flECO-AFL: Fluorescence, WET Labs ECO-AFL/FL [mg/m^3]
# name 7 = ph: pH
# name 8 = orp: Oxidation Reduction Potential [mV]
# name 9 = par/sat/log: PAR/Logarithmic, Satlantic
# name 10 = turbWETntu0: Turbidity, WET Labs ECO [NTU]
# name 11 = prdM: Pressure, Strain Gauge [db]
# name 12 = prdE: Pressure, Strain Gauge [psi]
# name 13 = tv290C: Temperature [ITS-90, deg C]
# name 14 = flag:  0.000e+00
# span 0 =     -0.671,      2.387       
# span 1 =     -0.110,      0.240       
# span 2 =    -0.2387,    10.6717       
# span 3 =     -2.388,    126.950       
# span 4 =      0.519,     75.693       
# span 5 =   0.497203,  61.850805       
# span 6 =    -0.0714,    27.3815       
# span 7 =     -2.133,     12.100       
# span 8 = -1239.9857,   503.3686       
# span 9 = 3.9303e-01, 2.9511e+03       
# span 10 =    -0.1634,    91.4984      
# span 11 =     -0.660,      2.342      
# span 12 =     -0.956,      3.396      
# span 13 =    15.4209,    24.4468      
# span 14 = 0.0000e+00, 0.0000e+00      
# interval = seconds: 0.25
# start_time = Jun 15 2026 12:16:07 [Instrument's time stamp, header]
# bad_flag = -9.990e-29
*END*
[from data line 97]
     -0.090      0.015     7.5347     88.814     38.163  37.686138     2.7242     11.296    54.6535 8.1549e+01     7.2662     -0.086     -0.123    24.3689 0.0000e+00
     -0.087      0.014     7.5228     88.089     38.168  37.690029     2.7280     11.308    55.1385 8.1140e+01     7.4162     -0.083     -0.120    24.3692 0.0000e+00
     -0.089      0.010     7.5222     87.342     38.157  37.678251     2.7163     11.318    55.8986 7.9080e+01     7.4854     -0.089     -0.128    24.3702 0.0000e+00
     -0.090      0.005     7.4845     86.521     38.151  37.670636     2.6744     11.327    56.3583 7.7536e+01     7.4543     -0.091     -0.131    24.3709 0.0000e+00
     -0.087      0.001     7.4258     85.632     38.143  37.661410     2.6548     11.335    56.2226 7.9386e+01     7.4159     -0.085     -0.124    24.3695 0.0000e+00
     -0.085      0.000     7.3629     84.833     38.113  37.630155     2.6533     11.343    55.5494 8.1622e+01     7.4305     -0.082     -0.118    24.3678 0.0000e+00
     -0.085      0.000     7.3040     84.277     38.093  37.610013     2.6401     11.352    54.9298 8.1724e+01     7.4940     -0.084     -0.121    24.3664 0.0000e+00
     -0.087     -0.001     7.2370     84.018     38.092  37.608233     2.6028     11.361    54.6670 8.2200e+01     7.4323     -0.086     -0.125    24.3651 0.0000e+00
     -0.089     -0.002     7.1555     84.017     38.093  37.608638     2.5523     11.370    54.8672 8.3207e+01     7.2649     -0.087     -0.127    24.3631 0.0000e+00
     -0.090     -0.002     7.0850     84.196     38.099  37.614905     2.5290     11.380    55.4575 8.3081e+01     7.1779     -0.088     -0.128    24.3608 0.0000e+00
     -0.090     -0.001     7.0363     84.434     38.105  37.620559     2.5130     11.391    55.9530 8.2269e+01     7.2351     -0.088     -0.128    24.3594 0.0000e+00
     -0.089     -0.001     7.0174     84.594     38.099  37.613537     2.4834     11.403    56.2991 8.0186e+01     7.3421     -0.088     -0.128    24.3590 0.0000e+00
     -0.089     -0.001     7.0186     84.579     38.079  37.593452     2.4627     11.413    56.7173 7.6898e+01     7.3445     -0.086     -0.126    24.3592 0.0000e+00
     -0.089     -0.001     7.0376     84.384     38.054  37.568069     2.4449     11.423    57.2238 7.4337e+01     7.2637     -0.086     -0.125    24.3592 0.0000e+00
     -0.091     -0.001     7.0618     84.020     38.046  37.560455     2.4346     11.429    57.7759 7.2464e+01     7.2194     -0.089     -0.129    24.3588 0.0000e+00
     -0.092     -0.001     7.0788     83.486     38.051  37.564846     2.5048     11.433    58.1445 7.1803e+01     7.3218     -0.091     -0.132    24.3574 0.0000e+00
     -0.091     -0.001     7.0771     82.831     38.045  37.557703     2.6365     11.436    58.2386 7.2562e+01     7.5453     -0.090     -0.130    24.3561 0.0000e+00
     -0.090     -0.000     7.0594     82.071     38.026  37.537549     2.6863     11.440    58.3125 7.3322e+01     7.6328     -0.088     -0.128    24.3557 0.0000e+00
     -0.090 3.2050e-10     7.0315     81.236     38.001  37.511525     2.6576     11.445    58.5212 7.3159e+01     7.5254     -0.088     -0.128    24.3558 0.0000e+00
     -0.090 3.5255e-09     6.9828     80.395     37.988  37.496875     2.6735     11.451    58.7834 7.4361e+01     7.4772     -0.088     -0.128    24.3549 0.0000e+00
     -0.091 3.8781e-08     6.9293     79.551     37.980  37.487317     2.7374     11.458    58.9016 7.5825e+01     7.5962     -0.089     -0.129    24.3536 0.0000e+00
     -0.091 4.2659e-07     6.8655     78.694     37.953  37.459408     2.7643     11.464    58.9179 7.2489e+01     7.6996     -0.089     -0.129    24.3519 0.0000e+00
     -0.091      0.000     6.7921     77.875     37.908  37.413248     2.7405     11.473    58.8940 6.9228e+01     7.6341     -0.089     -0.129    24.3500 0.0000e+00
     -0.090      0.000     6.7229     77.123     37.869  37.373382     2.7068     11.481    58.7853 7.0879e+01     7.5565     -0.089     -0.128    24.3482 0.0000e+00
     -0.090      0.001     6.6540     76.415     37.854  37.358107     2.6898     11.489    58.8076 7.3450e+01     7.6491     -0.088     -0.128    24.3461 0.0000e+00
     -0.090      0.001     6.5795     75.752     37.853  37.355470     2.6937     11.499    58.9912 7.5246e+01     7.7295     -0.088     -0.128    24.3441 0.0000e+00
     -0.090      0.001     6.5103     75.142     37.841  37.341500     2.7033     11.508    59.1129 7.9402e+01     7.6747     -0.088     -0.128    24.3421 0.0000e+00
     -0.090      0.001     6.4498     74.585     37.816  37.316098     2.6900     11.518    58.9023 8.2283e+01     7.5665     -0.089     -0.128    24.3401 0.0000e+00
     -0.090      0.001     6.3898     74.080     37.803  37.302148     2.6654     11.527    58.3376 7.9057e+01     7.5144     -0.088     -0.128    24.3381 0.0000e+00
     -0.089      0.001     6.3345     73.610     37.802  37.299744     2.6719     11.535    57.9645 7.6323e+01     7.5917     -0.087     -0.127    24.3362 0.0000e+00
     -0.089      0.001     6.2840     73.187     37.789  37.287034     2.6784     11.543    58.0050 7.6260e+01     7.5782     -0.087     -0.127    24.3345 0.0000e+00
     -0.089      0.000     6.2366     72.775     37.779  37.275371     2.6269     11.553    58.1381 7.6178e+01     7.3850     -0.088     -0.127    24.3329 0.0000e+00
     -0.089 1.5269e-08     6.1967     72.350     37.790  37.285640     2.5481     11.562    58.2832 7.9828e+01     7.2382     -0.087     -0.126    24.3316 0.0000e+00
     -0.089 1.6796e-07     6.1555     71.971     37.789  37.284277     2.5254     11.569    58.4695 8.5381e+01     7.2384     -0.088     -0.127    24.3302 0.0000e+00
     -0.089 -2.015e-07     6.1214     71.633     37.764  37.258896     2.5600     11.574    58.5838 8.5475e+01     7.3180     -0.087     -0.126    24.3290 0.0000e+00
     -0.089      0.000     6.0907     71.306     37.738  37.232568     2.5754     11.579    58.7178 8.2120e+01     7.3467     -0.088     -0.127    24.3280 0.0000e+00
     -0.089      0.000     6.0490     70.985     37.725  37.219773     2.5531     11.585    58.8852 7.9296e+01     7.2781     -0.088     -0.128    24.3270 0.0000e+00
     -0.089     -0.001     6.0202     70.660     37.738  37.231091     2.5407     11.593    58.9732 7.7785e+01     7.2051     -0.087     -0.126    24.3261 0.0000e+00
     -0.089     -0.001     5.9928     70.331     37.750  37.242501     2.5504     11.601    59.1787 7.9216e+01     7.2503     -0.087     -0.126    24.3256 0.0000e+00
     -0.090      0.000     5.9647     69.993     37.739  37.230829     2.5624     11.607    59.4775 8.1504e+01     7.3816     -0.088     -0.128    24.3250 0.0000e+00
     -0.090      0.000     5.9396     69.652     37.725  37.216879     2.5694     11.612    59.5740 8.0569e+01     7.3574     -0.089     -0.128    24.3242 0.0000e+00
     -0.090      0.001     5.9110     69.327     37.709  37.200736     2.5765     11.616    59.5718 7.8134e+01     7.1961     -0.089     -0.129    24.3232 0.0000e+00
     -0.089      0.002     5.8850     69.014     37.671  37.162550     2.5817     11.621    59.7094 7.7909e+01     7.1392     -0.087     -0.128    24.3220 0.0000e+00
     -0.089      0.002     5.8560     68.702     37.645  37.135890     2.5985     11.626    59.7749 7.8688e+01     7.2169     -0.087     -0.126    24.3213 0.0000e+00
     -0.088      0.003     5.8274     68.429     37.642  37.132207     2.6388     11.632    59.5890 8.0273e+01     7.2809     -0.086     -0.125    24.3208 0.0000e+00
     -0.086      0.004     5.7992     68.165     37.628  37.118014     2.6607     11.638    59.5273 8.1644e+01     7.2299     -0.085     -0.123    24.3199 0.0000e+00
     -0.086      0.005     5.7757     67.843     37.602  37.091192     2.6470     11.643    59.8033 8.0745e+01     7.1813     -0.084     -0.122    24.3194 0.0000e+00
     -0.086      0.005     5.7462     67.519     37.572  37.061719     2.6387     11.649    59.8287 7.8821e+01     7.2056     -0.085     -0.123    24.3187 0.0000e+00
     -0.085      0.004     5.7239     67.222     37.526  37.015467     2.7102     11.654    59.1459 7.7409e+01     7.3190     -0.084     -0.121    24.3175 0.0000e+00
     -0.082      0.003     5.7081     66.903     37.487  36.976127     2.8457     11.659    58.3446 7.7009e+01     7.4587     -0.079     -0.115    24.3162 0.0000e+00
     -0.080      0.002     5.6755     66.573     37.478  36.966787     2.9038     11.664    57.9699 7.8042e+01     7.4607     -0.077     -0.112    24.3156 0.0000e+00
     -0.081      0.002     5.6480     66.267     37.478  36.965988     2.8808     11.670    57.9709 7.8678e+01     7.4456     -0.079     -0.115    24.3152 0.0000e+00
     -0.082      0.001     5.6264     65.961     37.479  36.966463     2.8839     11.675    58.2709 7.7995e+01     7.5486     -0.081     -0.117    24.3140 0.0000e+00
     -0.082      0.001     5.5991     65.628     37.486  36.972530     2.9154     11.680    58.6709 7.9092e+01     7.6825     -0.081     -0.117    24.3128 0.0000e+00
     -0.081      0.001     5.5692     65.313     37.491  36.975885     2.9299     11.683    58.9358 8.1208e+01     7.6977     -0.080     -0.116    24.3117 0.0000e+00
     -0.080      0.002     5.5452     65.054     37.459  36.943581     2.9168     11.686    59.0645 8.2076e+01     7.5615     -0.079     -0.114    24.3104 0.0000e+00
     -0.080      0.002     5.5216     64.826     37.414  36.899207     2.8908     11.690    59.1087 8.2391e+01     7.4364     -0.079     -0.114    24.3094 0.0000e+00
     -0.080      0.001     5.4916     64.608     37.398  36.883522     2.8643     11.694    59.1262 8.3233e+01     7.4830     -0.078     -0.113    24.3088 0.0000e+00
     -0.080      0.001     5.4631     64.389     37.396  36.880848     2.8378     11.697    59.3624 8.4239e+01     7.6469     -0.078     -0.113    24.3080 0.0000e+00
     -0.079      0.000     5.4439     64.192     37.382  36.866874     2.8208     11.700    59.8136 8.3987e+01     7.7437     -0.077     -0.112    24.3069 0.0000e+00
     -0.079     -0.001     5.4250     64.052     37.357  36.841472     2.8007     11.702    60.1078 8.5258e+01     7.6630     -0.078     -0.112    24.3060 0.0000e+00
     -0.080     -0.001     5.4068     63.943     37.343  36.827521     2.7691     11.704    60.1664 8.7994e+01     7.4915     -0.079     -0.114    24.3056 0.0000e+00
     -0.080     -0.002     5.3894     63.861     37.341  36.825099     2.7546     11.707    59.9193 8.6129e+01     7.4114     -0.079     -0.114    24.3053 0.0000e+00
     -0.081     -0.002     5.3686     63.788     37.328  36.812179     2.7501     11.712    59.1858 8.2434e+01     7.3783     -0.079     -0.115    24.3050 0.0000e+00
     -0.081     -0.001     5.3612     63.696     37.314  36.798219     2.7483     11.717    58.3530 8.2656e+01     7.2957     -0.080     -0.116    24.3046 0.0000e+00
     -0.082      0.000     5.3503     63.622     37.299  36.783211     2.7580     11.720    57.9374 8.5257e+01     7.2324     -0.081     -0.117    24.3043 0.0000e+00
     -0.083      0.000     5.3437     63.544     37.274  36.757620     2.7757     11.722    57.9465 8.6538e+01     7.2623     -0.082     -0.118    24.3039 0.0000e+00
     -0.083      0.000     5.3407     63.418     37.260  36.742612     2.8040     11.726    57.9466 8.5817e+01     7.3495     -0.083     -0.120    24.3037 0.0000e+00
     -0.081     -0.001     5.3290     63.294     37.246  36.728662     2.8092     11.731    57.6804 8.3224e+01     7.3310     -0.080     -0.116    24.3036 0.0000e+00
     -0.079     -0.002     5.3247     63.199     37.234  36.715849     2.7804     11.737    57.1373 7.9838e+01     7.2086     -0.076     -0.110    24.3023 0.0000e+00
     -0.080     -0.002     5.3214     63.096     37.233  36.714592     2.7633     11.743    56.2841 7.9608e+01     7.1681     -0.077     -0.112    24.3007 0.0000e+00
     -0.084     -0.002     5.3076     62.976     37.232  36.713458     2.7776     11.748    55.4516 8.0119e+01     7.2512     -0.083     -0.120    24.3000 0.0000e+00
     -0.086     -0.002     5.2954     62.811     37.222  36.702142     2.8031     11.752    54.9872 8.0735e+01     7.3597     -0.086     -0.125    24.2998 0.0000e+00
     -0.086     -0.002     5.2916     62.594     37.226  36.704668     2.7976     11.756    54.8850 8.4754e+01     7.3525     -0.085     -0.123    24.2991 0.0000e+00
     -0.085     -0.001     5.2805     62.384     37.266  36.743999     2.7694     11.761    54.9043 8.6236e+01     7.3000     -0.083     -0.120    24.2978 0.0000e+00
     -0.084      0.001     5.2732     62.183     37.321  36.796981     2.7614     11.765    54.7907 8.3409e+01     7.3061     -0.082     -0.118    24.2963 0.0000e+00
     -0.084      0.001     5.2601     61.958     37.362  36.837660     2.7749     11.770    54.7166 8.0986e+01     7.3245     -0.082     -0.118    24.2951 0.0000e+00
     -0.085      0.000     5.2385     61.689     37.379  36.855127     2.7839     11.774    54.9547 8.0015e+01     7.3172     -0.083     -0.121    24.2944 0.0000e+00
     -0.085     -0.001     5.2210     61.186     37.406  36.881263     2.7699     11.778    55.2602 8.1488e+01     7.2522     -0.084     -0.122    24.2934 0.0000e+00
     -0.085     -0.002     5.2079     60.479     37.553  37.026765     2.7549     11.782    55.3981 8.4031e+01     7.2556     -0.083     -0.121    24.2927 0.0000e+00
     -0.085     -0.002     5.1849     60.211     37.938  37.408768     2.7609     11.785    55.5898 8.6077e+01     7.2896     -0.083     -0.121    24.2926 0.0000e+00
     -0.085     -0.002     5.1704     61.246     38.412  37.883158     2.7840     11.788    55.9442 8.6749e+01     7.2879     -0.083     -0.121    24.2931 0.0000e+00
     -0.086     -0.002     5.1376     64.986     38.715  38.193847     2.8095     11.790    56.3268 8.6390e+01     7.3377     -0.085     -0.123    24.2932 0.0000e+00
     -0.087     -0.003     5.0458     72.846     38.820  38.309789     2.8035     11.792    56.5173 8.7953e+01     7.3108     -0.085     -0.124    24.2928 0.0000e+00
     -0.087     -0.003     5.0083     84.181     38.835  38.333164     2.7695     11.794    56.4400 9.0748e+01     7.2356     -0.086     -0.124    24.2934 0.0000e+00
     -0.088     -0.002     5.0548     96.535     38.845  38.349577     2.7645     11.797    56.3394 9.3151e+01     7.2830     -0.087     -0.126    24.3025 0.0000e+00
     -0.090     -0.001     5.2967    107.890     38.874  38.381330     2.7935     11.800    56.2464 9.3455e+01     7.4396     -0.089     -0.128    24.3212 0.0000e+00
     -0.090     -0.000     5.9737    117.056     38.890  38.399807     2.8207     11.804    56.0906 9.0824e+01     7.5234     -0.089     -0.128    24.3376 0.0000e+00
     -0.090      0.001     7.0209    123.244     38.870  38.382622     2.8184     11.807    55.9174 8.9560e+01     7.4423     -0.089     -0.128    24.3488 0.0000e+00
     -0.089      0.002     8.1073    126.405     38.851  38.363908     2.7821     11.809    55.7865 8.9239e+01     7.4159     -0.087     -0.125    24.3570 0.0000e+00
     -0.087      0.003     9.0804    126.950     38.852  38.363908     2.7565     11.812    55.7131 8.7784e+01     7.4771     -0.085     -0.123    24.3612 0.0000e+00
     -0.087      0.003     9.8824    125.589     38.873  38.382631     2.7582     11.815    55.6318 8.8107e+01     7.4656     -0.085     -0.123    24.3641 0.0000e+00
     -0.087      0.003    10.3903    123.321     38.894  38.399915     2.7607     11.817    55.6643 9.0237e+01     7.3445     -0.086     -0.124    24.3670 0.0000e+00
     -0.086      0.003    10.6439    120.979     38.880  38.382504     2.7452     11.820    55.7613 9.2204e+01     7.2089     -0.085     -0.123    24.3681 0.0000e+00
     -0.085      0.003    10.6717    119.025     38.862  38.362485     2.7209     11.824    55.8592 9.2689e+01     7.2263     -0.083     -0.120    24.3671 0.0000e+00
