Data/DataNotYetUploadedToEDI/Raw_CTD/RawDownloads/061526_fcr50_S7809012.cnv
* Sea-Bird SBE19plus  Data File:
* FileName = C:\R\Reservoirs\Data\DataNotYetUploadedToEDI\Raw_CTD\RawDownloads\062926_fcr50_S7809_0012.hex
* Software version 2.8.0.119
* Temperature SN = 7809
* Conductivity SN = 7809
* System UpLoad Time = Jun 30 2026 09:06:07
* <ApplicationData>
* <Seaterm232>
# nquan = 15
# nvalues = 2190                        
# units = specified
# name 0 = depFM: Depth [fresh water, m]
# name 1 = dz/dtM: Descent Rate [m/s]
# name 2 = sbeox0Mg/L: Oxygen, SBE 43 [mg/l]
# name 3 = sbeox0PS: Oxygen, SBE 43 [% saturation]
# name 4 = specc: Specific Conductance [uS/cm]
# name 5 = c0uS/cm: Conductivity [uS/cm]
# name 6 = flECO-AFL: Fluorescence, WET Labs ECO-AFL/FL [mg/m^3]
# name 7 = ph: pH
# name 8 = orp: Oxidation Reduction Potential [mV]
# name 9 = par/sat/log: PAR/Logarithmic, Satlantic
# name 10 = turbWETntu0: Turbidity, WET Labs ECO [NTU]
# name 11 = prdM: Pressure, Strain Gauge [db]
# name 12 = prdE: Pressure, Strain Gauge [psi]
# name 13 = tv290C: Temperature [ITS-90, deg C]
# name 14 = flag:  0.000e+00
# span 0 =     -0.669,      9.443       
# span 1 =     -0.187,      0.321       
# span 2 =    -0.2015,    10.8979       
# span 3 =     -1.832,    127.603       
# span 4 =      1.824,    147.292       
# span 5 =   1.597786, 101.577146       
# span 6 =    -0.0962,     5.1515       
# span 7 =      9.853,     12.355       
# span 8 =  -306.9748,    60.1035       
# span 9 = 1.2354e-01, 2.5607e+03       
# span 10 =    -0.1322,    89.4237      
# span 11 =     -0.657,      9.261      
# span 12 =     -0.953,     13.433      
# span 13 =     9.4465,    26.3974      
# span 14 = 0.0000e+00, 0.0000e+00      
# interval = seconds: 0.25
# start_time = Jun 15 2026 13:04:08 [Instrument's time stamp, header]
# bad_flag = -9.990e-29
*END*
[from data line 1061]
      0.101      0.001     9.5404    118.489     39.661  40.761479     2.5225     12.325   -77.2710 2.2499e+02     6.3158      0.099      0.144    26.3774 0.0000e+00
      0.101      0.001     9.5424    118.398     39.646  40.747032     2.5369     12.324   -76.9104 2.2152e+02     6.3381      0.099      0.144    26.3788 0.0000e+00
      0.102      0.001     9.5400    118.256     39.615  40.714881     2.5219     12.323   -76.2992 2.1761e+02     6.2490      0.100      0.145    26.3799 0.0000e+00
      0.102      0.001     9.5468    118.117     39.590  40.690063     2.4919     12.321   -76.1623 2.1936e+02     6.0922      0.101      0.146    26.3806 0.0000e+00
      0.102      0.001     9.5500    118.013     39.600  40.700814     2.4726     12.320   -76.4598 2.2688e+02     5.9793      0.101      0.146    26.3813 0.0000e+00
      0.102      0.001     9.5394    117.947     39.617  40.717953     2.4881     12.319   -76.7990 2.3007e+02     6.0107      0.100      0.145    26.3823 0.0000e+00
      0.102      0.001     9.5268    117.905     39.606  40.706885     2.5301     12.319   -76.5635 2.2860e+02     6.1312      0.101      0.146    26.3827 0.0000e+00
      0.103      0.000     9.5150    117.956     39.593  40.693924     2.5636     12.318   -75.9354 2.2879e+02     6.2060      0.101      0.146    26.3828 0.0000e+00
      0.103 1.8628e-08     9.5052    118.153     39.588  40.688169     2.5608     12.318   -75.7444 2.2393e+02     6.1984      0.101      0.147    26.3833 0.0000e+00
      0.103 2.0490e-07     9.5029    118.402     39.600  40.700773     2.5376     12.318   -75.7165 2.1578e+02     6.1075      0.101      0.147    26.3834 0.0000e+00
      0.103 2.0490e-07     9.4957    118.563     39.618  40.719383     2.5572     12.318   -75.8561 2.1680e+02     6.1311      0.102      0.147    26.3836 0.0000e+00
      0.103 1.8627e-08     9.4965    118.578     39.622  40.722790     2.6074     12.318   -76.3135 2.2131e+02     6.3133      0.101      0.147    26.3841 0.0000e+00
      0.103 1.6934e-09     9.5172    118.515     39.640  40.741968     2.6283     12.318   -76.2570 2.2454e+02     6.4314      0.100      0.145    26.3842 0.0000e+00
      0.103 1.5395e-10     9.5411    118.482     39.658  40.760864     2.6179     12.318   -75.6034 2.2414e+02     6.4322      0.101      0.146    26.3839 0.0000e+00
      0.103 1.3995e-11     9.5569    118.501     39.658  40.760871     2.6153     12.318   -75.2077 2.2185e+02     6.3914      0.101      0.147    26.3834 0.0000e+00
      0.103 1.2723e-12     9.5553    118.508     39.640  40.742042     2.6476     12.318   -75.2590 2.2399e+02     6.4160      0.101      0.146    26.3833 0.0000e+00
      0.103 1.1566e-13     9.5460    118.457     39.621  40.723603     2.6746     12.318   -75.5348 2.2479e+02     6.4224      0.101      0.146    26.3837 0.0000e+00
      0.103 1.0515e-14     9.5428    118.365     39.625  40.728324     2.6837     12.318   -75.7033 2.2173e+02     6.3668      0.101      0.147    26.3842 0.0000e+00
      0.103 9.5590e-16     9.5469    118.270     39.631  40.735666     2.6827     12.318   -75.5749 2.1562e+02     6.2902      0.101      0.146    26.3843 0.0000e+00
      0.103 8.6900e-17     9.5491    118.205     39.644  40.748912     2.6618     12.318   -75.5314 2.1540e+02     6.1783      0.101      0.146    26.3846 0.0000e+00
      0.103 7.9000e-18     9.5437    118.185     39.658  40.761551     2.6647     12.318   -75.6077 2.1818e+02     6.1761      0.101      0.146    26.3851 0.0000e+00
      0.103 7.1820e-19     9.5353    118.205     39.658  40.761550     2.6928     12.318   -75.5512 2.1338e+02     6.1955      0.102      0.147    26.3859 0.0000e+00
      0.103 6.5290e-20     9.5263    118.293     39.646  40.748896     2.7107     12.318   -75.7074 2.0926e+02     6.1048      0.101      0.146    26.3873 0.0000e+00
      0.103 5.9355e-21     9.5202    118.495     39.634  40.735479     2.7137     12.319   -76.0341 2.1057e+02     6.0358      0.101      0.146    26.3869 0.0000e+00
      0.103 5.3960e-22     9.5202    118.747     39.625  40.726264     2.7132     12.319   -76.0604 2.1902e+02     6.0786      0.101      0.147    26.3852 0.0000e+00
      0.103 4.9052e-23     9.5212    118.919     39.600  40.700929     2.7298     12.320   -75.9391 2.2879e+02     6.1779      0.101      0.147    26.3839 0.0000e+00
      0.103 4.4595e-24     9.5252    118.960     39.583  40.683020     2.7481     12.320   -75.7722 2.2847e+02     6.1785      0.101      0.147    26.3838 0.0000e+00
      0.103 4.0754e-25     9.5440    118.901     39.599  40.700118     2.7257     12.319   -75.8489 2.2300e+02     6.1193      0.101      0.146    26.3836 0.0000e+00
      0.103 6.0475e-26     9.5695    118.786     39.615  40.717266     2.6751     12.319   -76.2639 2.2185e+02     6.1453      0.101      0.146    26.3830 0.0000e+00
      0.103 2.6319e-25     9.5848    118.683     39.598  40.699968     2.6529     12.319   -76.4883 2.2420e+02     6.2543      0.101      0.146    26.3831 0.0000e+00
      0.103 2.8585e-24     9.5858    118.614     39.579  40.681359     2.6655     12.319   -76.4115 2.2605e+02     6.3780      0.101      0.147    26.3838 0.0000e+00
      0.103 3.1440e-23     9.5808    118.539     39.580  40.682661     2.6860     12.319   -76.1097 2.2463e+02     6.3771      0.101      0.146    26.3848 0.0000e+00
      0.102 3.4584e-22     9.5684    118.461     39.612  40.715707     2.7009     12.319   -76.0223 2.2525e+02     6.2774      0.101      0.146    26.3856 0.0000e+00
      0.102 3.8043e-21     9.5588    118.417     39.658  40.763593     2.7029     12.319   -76.3870 2.3155e+02     6.2314      0.101      0.146    26.3861 0.0000e+00
      0.102 4.1847e-20     9.5564    118.427     39.648  40.753941     2.7029     12.319   -76.5616 2.3394e+02     6.2995      0.101      0.146    26.3863 0.0000e+00
      0.102 4.6031e-19     9.5493    118.489     39.621  40.725931     2.7182     12.320   -76.4122 2.3188e+02     6.4513      0.101      0.146    26.3865 0.0000e+00
      0.102 5.0635e-18     9.5414    118.576     39.637  40.742251     2.7288     12.321   -76.2161 2.2768e+02     6.4613      0.101      0.146    26.3872 0.0000e+00
      0.102 5.5698e-17     9.5374    118.592     39.655  40.760874     2.7229     12.321   -75.9970 2.2024e+02     6.2842      0.101      0.146    26.3880 0.0000e+00
      0.103 6.1268e-16     9.5383    118.498     39.655  40.760709     2.7141     12.321   -76.0004 2.1848e+02     6.1884      0.101      0.146    26.3885 0.0000e+00
      0.103 6.7395e-15     9.5431    118.388     39.634  40.740252     2.6967     12.321   -76.1705 2.2184e+02     6.2596      0.101      0.147    26.3883 0.0000e+00
      0.103 7.4134e-14     9.5538    118.310     39.598  40.703918     2.6802     12.321   -76.2477 2.2332e+02     6.3592      0.101      0.147    26.3880 0.0000e+00
      0.103 8.1548e-13     9.5585    118.274     39.597  40.702187     2.6639     12.322   -76.2452 2.2308e+02     6.3685      0.100      0.145    26.3882 0.0000e+00
      0.103 8.9702e-12     9.5441    118.289     39.614  40.719325     2.6410     12.322   -76.1403 2.2062e+02     6.3030      0.101      0.146    26.3887 0.0000e+00
      0.103 9.8673e-11     9.5353    118.305     39.616  40.720741     2.6282     12.322   -75.9259 2.2111e+02     6.3187      0.101      0.147    26.3895 0.0000e+00
      0.103 1.0854e-09     9.5297    118.290     39.615  40.719310     2.6426     12.322   -75.7174 2.2929e+02     6.4900      0.101      0.146    26.3897 0.0000e+00
      0.103 1.1939e-08     9.5242    118.242     39.598  40.702016     2.6649     12.322   -75.6845 2.3121e+02     6.6672      0.101      0.146    26.3896 0.0000e+00
      0.103 1.3133e-07     9.5296    118.207     39.598  40.702031     2.6565     12.323   -75.6996 2.2465e+02     6.6848      0.101      0.146    26.3889 0.0000e+00
      0.102      0.000     9.5305    118.228     39.614  40.719497     2.6401     12.323   -75.6430 2.2637e+02     6.5658      0.100      0.145    26.3877 0.0000e+00
      0.102      0.000     9.5307    118.310     39.617  40.722801     2.6249     12.324   -75.3439 2.2776e+02     6.4582      0.100      0.145    26.3872 0.0000e+00
      0.102      0.000     9.5247    118.456     39.635  40.741984     2.6066     12.324   -74.8362 2.2081e+02     6.4769      0.100      0.145    26.3877 0.0000e+00
      0.102      0.002     9.5197    118.630     39.654  40.761036     2.6184     12.324   -74.7529 2.1515e+02     6.5867      0.100      0.145    26.3880 0.0000e+00
      0.102      0.006     9.5225    118.755     39.656  40.762768     2.6262     12.325   -75.1110 2.2070e+02     6.6244      0.101      0.147    26.3887 0.0000e+00
      0.102      0.013     9.5276    118.796     39.655  40.762925     2.5924     12.326   -75.3806 2.3214e+02     6.6250      0.100      0.145    26.3896 0.0000e+00
      0.104      0.019     9.5408    118.756     39.653  40.762940     2.5504     12.326   -75.0866 2.2991e+02     6.6629      0.099      0.145    26.3897 0.0000e+00
      0.109      0.022     9.5576    118.596     39.653  40.762941     2.5357     12.325   -74.3960 2.2046e+02     6.6729      0.105      0.152    26.3895 0.0000e+00
      0.120      0.022     9.5691    118.359     39.653  40.762941     2.5472     12.325   -74.2579 2.1225e+02     6.7111      0.117      0.170    26.3900 0.0000e+00
      0.134      0.018     9.5699    118.186     39.654  40.762940     2.5403     12.325   -74.6219 2.0501e+02     6.5786      0.134      0.194    26.3911 0.0000e+00
      0.141      0.013     9.5696    118.128     39.657  40.762925     2.5102     12.326   -74.7531 2.0168e+02     6.2664      0.143      0.207    26.3926 0.0000e+00
      0.139      0.007     9.5562    118.113     39.658  40.762769     2.4911     12.326   -74.5534 1.9997e+02     6.1464      0.139      0.201    26.3932 0.0000e+00
      0.133      0.001     9.5301    118.042     39.656  40.761052     2.4924     12.324   -74.1868 2.0247e+02     6.1532      0.129      0.186    26.3927 0.0000e+00
      0.128     -0.004     9.5158    117.927     39.637  40.742159     2.4846     12.321   -74.0196 2.0566e+02     6.1782      0.123      0.178    26.3917 0.0000e+00
      0.130     -0.008     9.5142    117.882     39.620  40.724731     2.4382     12.320   -74.1675 2.0572e+02     6.2431      0.127      0.184    26.3885 0.0000e+00
      0.133     -0.010     9.5172    117.925     39.635  40.740724     2.4140     12.320   -74.3399 2.0790e+02     6.3232      0.132      0.192    26.3861 0.0000e+00
      0.133     -0.012     9.5119    118.025     39.640  40.745129     2.4245     12.320   -74.3824 2.1385e+02     6.3608      0.131      0.191    26.3870 0.0000e+00
      0.127     -0.017     9.4958    118.174     39.610  40.714537     2.4407     12.320   -74.1653 2.2135e+02     6.2882      0.126      0.183    26.3878 0.0000e+00
      0.119     -0.027     9.4935    118.348     39.585  40.688161     2.4611     12.319   -73.2643 2.2355e+02     6.1964      0.116      0.170    26.3879 0.0000e+00
      0.111     -0.044     9.4982    118.478     39.580  40.680061     2.4542     12.319   -67.1880 2.1717e+02     6.1057      0.108      0.156    26.3879 0.0000e+00
      0.106     -0.067     9.5058    118.507     39.583  40.680061     2.4484     12.318   -61.0969 2.0754e+02     6.0797      0.105      0.151    26.3887 0.0000e+00
      0.096     -0.096     9.5182    118.455     39.595  40.688161     2.4663     12.316   -59.3284 2.0439e+02     6.1885      0.100      0.145    26.3882 0.0000e+00
      0.071     -0.128     9.5349    118.427     39.623  40.714538     2.4705     12.312   -58.1084 2.1811e+02     6.2607      0.078      0.112    26.3865 0.0000e+00
      0.029     -0.159     9.5482    118.494     39.652  40.745130     2.4413     12.311   -63.4686 2.5315e+02     6.2015      0.030      0.044    26.3846 0.0000e+00
     -0.024     -0.180     9.5498    118.583     39.644  40.740722     2.4126     12.310   -69.5030 3.1279e+02     6.1220     -0.023     -0.033    26.3803 0.0000e+00
     -0.083     -0.187     9.5449    118.670     39.623  40.724713     2.4313     12.308   -68.7774 3.8602e+02     6.1524     -0.079     -0.114    26.3747 0.0000e+00
     -0.143     -0.175     9.5365    118.673     39.636  40.741969     2.4933     12.308   -52.9749 4.4000e+02     6.2956     -0.144     -0.209    26.3700 0.0000e+00
     -0.195     -0.148     9.5507    118.546     39.651  40.758975     2.5545     12.311   -23.3261 4.5523e+02     6.4181     -0.199     -0.289    26.3699 0.0000e+00
     -0.230     -0.114     9.5529    118.446     39.632  40.739936     2.5632     12.318    -6.0991 4.4989e+02     6.4044     -0.231     -0.335    26.3763 0.0000e+00
     -0.250     -0.082     9.5611    118.359     39.595  40.702176     2.5401     12.326    -2.9972 4.4986e+02     6.3009     -0.248     -0.360    26.3845 0.0000e+00
     -0.257     -0.055     9.5681    118.229     39.577  40.683205     2.5582     12.332    -1.0506 4.5627e+02     6.2256     -0.255     -0.370    26.3888 0.0000e+00
     -0.257     -0.035     9.5438    118.154     39.595  40.700942     2.6072     12.336     0.3157 4.6232e+02     6.2117     -0.252     -0.365    26.3904 0.0000e+00
     -0.260     -0.023     9.5405    118.158     39.620  40.726247     2.6329     12.338     0.1865 4.6532e+02     6.2351     -0.251     -0.364    26.3922 0.0000e+00
     -0.269     -0.016     9.5374    118.197     39.630  40.735306     2.6201     12.339    -0.4613 4.6553e+02     6.2012     -0.264     -0.383    26.3926 0.0000e+00
     -0.279     -0.012     9.5200    118.277     39.642  40.747004     2.5858     12.341    -0.3760 4.6900e+02     6.0751     -0.277     -0.401    26.3912 0.0000e+00
     -0.283     -0.010     9.5146    118.368     39.635  40.740762     2.5847     12.344     0.3572 4.7492e+02     6.0430     -0.280     -0.406    26.3897 0.0000e+00
     -0.281     -0.008     9.5185    118.445     39.617  40.723299     2.6226     12.348     1.0048 4.7769e+02     6.1200     -0.276     -0.400    26.3889 0.0000e+00
     -0.277     -0.006     9.5187    118.492     39.620  40.726252     2.6439     12.349     0.7427 4.7870e+02     6.1520     -0.270     -0.392    26.3882 0.0000e+00
     -0.276     -0.006     9.5279    118.492     39.607  40.713006     2.6257     12.349     0.1136 4.8120e+02     6.1227     -0.268     -0.389    26.3881 0.0000e+00
     -0.279     -0.007     9.5354    118.453     39.585  40.690071     2.5943     12.350    -0.1487 4.8510e+02     6.0735     -0.273     -0.396    26.3887 0.0000e+00
     -0.285     -0.008     9.5413    118.394     39.597  40.702801     2.5977     12.350    -0.1909 4.8799e+02     6.1377     -0.281     -0.407    26.3894 0.0000e+00
     -0.290     -0.008     9.5467    118.352     39.633  40.739992     2.6255     12.350    -0.3971 4.8717e+02     6.2840     -0.286     -0.414    26.3897 0.0000e+00
     -0.292     -0.006     9.5454    118.317     39.651  40.758964     2.6224     12.349    -0.8350 4.8474e+02     6.3054     -0.287     -0.417    26.3896 0.0000e+00
     -0.292     -0.002     9.5426    118.213     39.634  40.741794     2.5839     12.348    -1.0977 4.8598e+02     6.1906     -0.287     -0.416    26.3894 0.0000e+00
     -0.291      0.002     9.5365    118.097     39.615  40.722784     2.5433     12.349    -1.2499 4.8987e+02     6.1260     -0.285     -0.413    26.3896 0.0000e+00
     -0.289      0.005     9.5316    118.070     39.611  40.719518     2.5393     12.352    -1.5568 4.9162e+02     6.2077     -0.283     -0.411    26.3897 0.0000e+00
     -0.288      0.007     9.5344    118.120     39.595  40.702300     2.5688     12.353    -1.7975 4.9122e+02     6.2899     -0.283     -0.410    26.3904 0.0000e+00
     -0.287      0.007     9.5233    118.261     39.597  40.704990     2.5841     12.353    -1.6650 4.9163e+02     6.3006     -0.281     -0.408    26.3916 0.0000e+00
