Data/DataNotYetUploadedToEDI/Raw_CTD/RawDownloads/061526_fcr10_S7809008.cnv
* Sea-Bird SBE19plus  Data File:
* FileName = C:\R\Reservoirs\Data\DataNotYetUploadedToEDI\Raw_CTD\RawDownloads\062926_fcr50_S7809_0008.hex
* Software version 2.8.0.119
* Temperature SN = 7809
* Conductivity SN = 7809
* System UpLoad Time = Jun 30 2026 09:02:32
* <ApplicationData>
* <Seaterm232>
# nquan = 15
# nvalues = 1066                        
# units = specified
# name 0 = depFM: Depth [fresh water, m]
# name 1 = dz/dtM: Descent Rate [m/s]
# name 2 = sbeox0Mg/L: Oxygen, SBE 43 [mg/l]
# name 3 = sbeox0PS: Oxygen, SBE 43 [% saturation]
# name 4 = specc: Specific Conductance [uS/cm]
# name 5 = c0uS/cm: Conductivity [uS/cm]
# name 6 = flECO-AFL: Fluorescence, WET Labs ECO-AFL/FL [mg/m^3]
# name 7 = ph: pH
# name 8 = orp: Oxidation Reduction Potential [mV]
# name 9 = par/sat/log: PAR/Logarithmic, Satlantic
# name 10 = turbWETntu0: Turbidity, WET Labs ECO [NTU]
# name 11 = prdM: Pressure, Strain Gauge [db]
# name 12 = prdE: Pressure, Strain Gauge [psi]
# name 13 = tv290C: Temperature [ITS-90, deg C]
# name 14 = flag:  0.000e+00
# span 0 =     -0.671,      2.387       
# span 1 =     -0.110,      0.240       
# span 2 =    -0.2387,    10.6717       
# span 3 =     -2.388,    126.950       
# span 4 =      0.519,     75.693       
# span 5 =   0.497203,  61.850805       
# span 6 =    -0.0714,    27.3815       
# span 7 =     -2.133,     12.100       
# span 8 = -1239.9857,   503.3686       
# span 9 = 3.9303e-01, 2.9511e+03       
# span 10 =    -0.1634,    91.4984      
# span 11 =     -0.660,      2.342      
# span 12 =     -0.956,      3.396      
# span 13 =    15.4209,    24.4468      
# span 14 = 0.0000e+00, 0.0000e+00      
# interval = seconds: 0.25
# start_time = Jun 15 2026 12:16:07 [Instrument's time stamp, header]
# bad_flag = -9.990e-29
*END*
[from data line 482]
     -0.199      0.001     9.6904    116.176     39.052  38.613750     2.6297     12.075    31.9206 1.9492e+03     7.2959     -0.195     -0.283    24.4280 0.0000e+00
     -0.198      0.000     9.6859    116.178     39.057  38.619940     2.5984     12.076    31.9609 2.0269e+03     7.2456     -0.194     -0.282    24.4288 0.0000e+00
     -0.198 5.6032e-08     9.6969    116.158     39.060  38.624565     2.5976     12.077    32.0225 2.0566e+03     7.2715     -0.194     -0.281    24.4299 0.0000e+00
     -0.199 6.1635e-07     9.6979    116.134     39.040  38.606210     2.6194     12.077    31.9771 2.0862e+03     7.3364     -0.195     -0.283    24.4309 0.0000e+00
     -0.199      0.000     9.7010    116.146     39.021  38.588393     2.6453     12.077    31.8428 2.1183e+03     7.3818     -0.195     -0.283    24.4327 0.0000e+00
     -0.198      0.000     9.6995    116.201     39.031  38.599515     2.6445     12.078    31.7758 2.1364e+03     7.3077     -0.195     -0.283    24.4349 0.0000e+00
     -0.197      0.001     9.6986    116.298     39.044  38.613775     2.6180     12.079    31.8545 2.1438e+03     7.2599     -0.193     -0.281    24.4367 0.0000e+00
     -0.197      0.001     9.6930    116.392     39.064  38.633898     2.6167     12.079    31.9343 2.1368e+03     7.4190     -0.193     -0.280    24.4385 0.0000e+00
     -0.198      0.001     9.6951    116.411     39.081  38.652443     2.6543     12.080    31.9666 2.1045e+03     7.6255     -0.194     -0.281    24.4400 0.0000e+00
     -0.198      0.001     9.6991    116.411     39.076  38.647633     2.6894     12.080    31.9867 2.0443e+03     7.6394     -0.195     -0.282    24.4412 0.0000e+00
     -0.197      0.000     9.7067    116.436     39.068  38.639200     2.6910     12.081    32.0050 1.9392e+03     7.5187     -0.193     -0.280    24.4426 0.0000e+00
     -0.196 2.3553e-08     9.7206    116.416     39.044  38.613930     2.6826     12.081    32.1014 1.7381e+03     7.4295     -0.191     -0.278    24.4439 0.0000e+00
     -0.196 2.5908e-07     9.7168    116.302     39.028  38.595934     2.6879     12.081    32.2058 1.4782e+03     7.3809     -0.191     -0.278    24.4454 0.0000e+00
     -0.197 6.3167e-07     9.7150    116.159     39.046  38.611978     2.6961     12.081    32.2353 1.3077e+03     7.3754     -0.193     -0.281    24.4468 0.0000e+00
     -0.197      0.000     9.7207    116.062     39.053  38.617546     2.6989     12.082    32.1998 1.2597e+03     7.3624     -0.194     -0.282    24.4454 0.0000e+00
     -0.197      0.000     9.7223    116.045     39.036  38.599790     2.6888     12.083    32.2059 1.2176e+03     7.2580     -0.193     -0.280    24.4427 0.0000e+00
     -0.196      0.001     9.7093    116.089     39.025  38.587669     2.6813     12.083    32.3096 1.0913e+03     7.2409     -0.193     -0.280    24.4413 0.0000e+00
     -0.195      0.001     9.6951    116.101     39.037  38.597906     2.6828     12.083    32.3351 8.8491e+02     7.3604     -0.192     -0.279    24.4394 0.0000e+00
     -0.195      0.001     9.6880    116.135     39.037  38.596645     2.6825     12.083    32.2571 6.7901e+02     7.4046     -0.191     -0.278    24.4368 0.0000e+00
     -0.195      0.001     9.6840    116.272     39.014  38.572416     2.6948     12.084    32.2264 5.7690e+02     7.3314     -0.192     -0.278    24.4361 0.0000e+00
     -0.196      0.002     9.6957    116.370     39.002  38.558790     2.7071     12.086    32.2211 5.7173e+02     7.2269     -0.192     -0.279    24.4351 0.0000e+00
     -0.197      0.003     9.6936    116.309     39.003  38.558800     2.7225     12.086    32.1940 5.4859e+02     7.2342     -0.193     -0.280    24.4320 0.0000e+00
     -0.197      0.006     9.6906    116.264     39.017  38.572530     2.7478     12.086    32.2425 4.6897e+02     7.3513     -0.193     -0.280    24.4303 0.0000e+00
     -0.195      0.010     9.7094    116.343     39.043  38.597894     2.7463     12.086    32.4640 4.0387e+02     7.3785     -0.192     -0.279    24.4288 0.0000e+00
     -0.192      0.015     9.7258    116.395     39.059  38.611634     2.7379     12.085    32.8065 4.2902e+02     7.3583     -0.188     -0.273    24.4256 0.0000e+00
     -0.187      0.020     9.7117    116.397     39.062  38.611748     2.7543     12.083    33.0286 8.7309e+02     7.4141     -0.183     -0.265    24.4236 0.0000e+00
     -0.181      0.025     9.6998    116.383     39.051  38.599266     2.7862     12.082    33.0846 1.4135e+03     7.5074     -0.179     -0.258    24.4246 0.0000e+00
     -0.175      0.031     9.7204    116.403     39.040  38.587624     2.8247     12.080    33.1394 1.1354e+03     7.6319     -0.172     -0.249    24.4253 0.0000e+00
     -0.166      0.038     9.7200    116.468     39.050  38.597904     2.8538     12.078    33.1742 5.6819e+02     7.6899     -0.162     -0.235    24.4214 0.0000e+00
     -0.156      0.045     9.7222    116.535     39.049  38.596645     2.8625     12.078    33.1617 4.0629e+02     7.5944     -0.153     -0.222    24.4169 0.0000e+00
     -0.145      0.052     9.7197    116.630     39.025  38.572396     2.8470     12.078    33.1604 3.7443e+02     7.4666     -0.144     -0.210    24.4154 0.0000e+00
     -0.130      0.063     9.7181    116.622     39.013  38.558550     2.8503     12.077    33.3314 7.8669e+02     7.4771     -0.129     -0.188    24.4140 0.0000e+00
     -0.112      0.080     9.7316    116.520     39.015  38.556137     2.9098     12.075    34.8846 1.5469e+03     7.5507     -0.109     -0.157    24.4147 0.0000e+00
     -0.096      0.100     9.7272    116.525     39.010  38.543220     2.9753     12.073    36.3670 1.7682e+03     7.5711     -0.094     -0.136    24.4160 0.0000e+00
     -0.076      0.121     9.7460    116.568     39.008  38.529271     2.9849     12.072    35.1654 1.5736e+03     7.5871     -0.081     -0.118    24.4150 0.0000e+00
     -0.041      0.139     9.7470    116.497     39.004  38.514379     2.9591     12.072    33.6921 1.1650e+03     7.5395     -0.047     -0.068    24.4130 0.0000e+00
      0.008      0.149     9.7245    116.369     38.986  38.490057     2.9631     12.072    33.3516 5.3203e+02     7.6788      0.009      0.014    24.4090 0.0000e+00
      0.058      0.150     9.7341    116.287     38.989  38.489008     2.9841     12.073    33.0271 1.6466e+02     8.0758      0.058      0.084    24.3979 0.0000e+00
      0.103      0.139     9.7483    116.265     39.004  38.501698     2.9706     12.073    32.8665 9.5725e+01     8.2054      0.102      0.148    24.3794 0.0000e+00
      0.141      0.115     9.7401    116.279     39.020  38.516572     2.9418     12.073    32.9582 7.8484e+01     8.0846      0.144      0.210    24.3645 0.0000e+00
      0.167      0.082     9.7276    116.350     39.045  38.541936     2.9183     12.073    33.1900 7.5362e+01     7.9141      0.166      0.241    24.3564 0.0000e+00
      0.182      0.049     9.7212    116.415     39.057  38.554540     2.9034     12.074    33.3459 7.6989e+01     7.6468      0.181      0.262    24.3521 0.0000e+00
      0.189      0.025     9.7221    116.376     39.044  38.542059     2.9199     12.074    33.2954 8.0644e+01     7.4488      0.190      0.275    24.3505 0.0000e+00
      0.184      0.014     9.7215    116.388     39.021  38.517935     2.9262     12.074    33.2673 8.5610e+01     7.3300      0.185      0.267    24.3493 0.0000e+00
      0.172      0.015     9.7267    116.457     39.021  38.516687     2.8967     12.074    33.4355 9.3106e+01     7.2359      0.168      0.243    24.3498 0.0000e+00
      0.165      0.024     9.7433    116.406     39.035  38.526969     2.9124     12.074    33.6953 1.0702e+02     7.3015      0.155      0.225    24.3513 0.0000e+00
      0.174      0.034     9.7267    116.319     39.027  38.515337     2.9916     12.074    33.9131 1.2589e+02     7.5076      0.165      0.238    24.3506 0.0000e+00
      0.199      0.042     9.7274    116.296     39.015  38.502948     3.0467     12.074    34.0899 1.3659e+02     7.6443      0.194      0.282    24.3501 0.0000e+00
      0.225      0.045     9.7471    116.213     39.015  38.504091     3.0376     12.074    34.1987 1.3230e+02     7.5881      0.226      0.329    24.3492 0.0000e+00
      0.240      0.040     9.7352    116.002     39.038  38.529160     3.0146     12.075    34.2822 1.1773e+02     7.4093      0.240      0.348    24.3440 0.0000e+00
      0.243      0.030     9.7243    115.797     39.059  38.552226     3.0266     12.076    34.4107 1.0104e+02     7.2927      0.239      0.347    24.3380 0.0000e+00
      0.242      0.015     9.7293    115.682     39.036  38.529151     3.0577     12.078    34.4626 8.8522e+01     7.3060      0.235      0.341    24.3360 0.0000e+00
      0.242      0.003     9.7272    115.676     39.011  38.503997     3.0831     12.079    34.3935 8.1064e+01     7.3649      0.236      0.342    24.3381 0.0000e+00
      0.244     -0.005     9.6991    115.782     39.009  38.501918     3.0586     12.078    34.2629 7.7382e+01     7.3553      0.240      0.348    24.3422 0.0000e+00
      0.245     -0.012     9.6814    115.922     39.011  38.504009     2.9946     12.078    34.1739 7.5470e+01     7.3269      0.242      0.351    24.3461 0.0000e+00
      0.242     -0.017     9.6711    116.029     39.035  38.529277     2.9670     12.080    34.1783 7.3969e+01     7.3969      0.238      0.346    24.3464 0.0000e+00
      0.234     -0.019     9.6696    116.211     39.055  38.553609     2.9670     12.081    34.3163 7.3044e+01     7.4500      0.232      0.336    24.3445 0.0000e+00
      0.224     -0.019     9.6818    116.535     39.042  38.544377     2.9770     12.082    34.5510 7.3137e+01     7.4570      0.221      0.319    24.3439 0.0000e+00
      0.214     -0.018     9.6975    116.773     39.041  38.544587     2.9962     12.083    34.6926 7.4810e+01     7.4469      0.207      0.300    24.3425 0.0000e+00
      0.209     -0.015     9.7026    116.852     39.051  38.556142     3.0083     12.084    34.7385 7.7680e+01     7.4644      0.202      0.293    24.3440 0.0000e+00
      0.212     -0.011     9.7072    116.868     39.048  38.557182     3.0068     12.084    34.7614 7.9559e+01     7.5323      0.209      0.303    24.3519 0.0000e+00
      0.215     -0.007     9.7492    116.789     39.044  38.557163     3.0113     12.084    34.7973 7.8615e+01     7.5164      0.214      0.310    24.3584 0.0000e+00
      0.213     -0.003     9.7702    116.698     39.040  38.555914     3.0288     12.084    34.8288 7.5155e+01     7.4085      0.210      0.304    24.3593 0.0000e+00
      0.208      0.000     9.7665    116.661     39.026  38.542079     3.0197     12.084    34.7979 7.0776e+01     7.2868      0.202      0.293    24.3602 0.0000e+00
      0.205      0.003     9.7764    116.607     39.000  38.516799     3.0004     12.086    34.7675 6.6737e+01     7.2744      0.199      0.289    24.3659 0.0000e+00
      0.207      0.009     9.7615    116.537     38.988  38.504098     3.0039     12.087    34.8923 6.3546e+01     7.3269      0.201      0.291    24.3721 0.0000e+00
      0.212      0.022     9.7500    116.523     39.003  38.515428     3.0195     12.087    35.2747 6.1153e+01     7.4102      0.207      0.301    24.3743 0.0000e+00
      0.217      0.040     9.7533    116.587     39.021  38.526862     3.0403     12.084    35.7764 5.9746e+01     7.5296      0.213      0.309    24.3744 0.0000e+00
      0.223      0.059     9.7467    116.578     39.019  38.515419     3.0393     12.082    36.1399 5.9156e+01     7.5071      0.219      0.317    24.3746 0.0000e+00
      0.235      0.072     9.7390    116.373     39.015  38.503976     3.0070     12.082    36.3149 5.8466e+01     7.5129      0.224      0.325    24.3748 0.0000e+00
      0.262      0.078     9.7357    116.183     39.031  38.515409     2.9993     12.082    36.4294 5.7428e+01     7.7026      0.250      0.362    24.3709 0.0000e+00
      0.301      0.079     9.7483    116.212     39.045  38.526729     3.0291     12.083    36.4913 5.6556e+01     7.8540      0.302      0.436    24.3613 0.0000e+00
      0.330      0.078     9.7587    116.347     39.033  38.513933     3.0426     12.084    36.6335 5.5572e+01     7.8397      0.330      0.479    24.3490 0.0000e+00
      0.342      0.076     9.7336    116.497     39.007  38.487605     3.0302     12.084    36.9445 5.4085e+01     7.7682      0.336      0.487    24.3378 0.0000e+00
      0.348      0.071     9.7064    116.632     38.986  38.462233     3.0287     12.084    37.2400 5.2817e+01     7.7757      0.343      0.496    24.3322 0.0000e+00
      0.358      0.064     9.7213    116.714     38.991  38.460975     3.0489     12.085    37.4531 5.1707e+01     7.7938      0.346      0.501    24.3307 0.0000e+00
      0.378      0.059     9.7314    116.718     39.008  38.472390     3.0583     12.087    37.5429 5.0499e+01     7.7488      0.366      0.531    24.3298 0.0000e+00
      0.406      0.058     9.7457    116.666     39.010  38.473325     3.0512     12.087    37.6371 4.9593e+01     7.6417      0.403      0.586    24.3295 0.0000e+00
      0.426      0.057     9.7595    116.606     39.010  38.472275     3.0373     12.087    37.8170 4.8689e+01     7.4892      0.425      0.616    24.3244 0.0000e+00
      0.433      0.054     9.7683    116.508     39.000  38.459696     3.0325     12.088    37.9973 4.7604e+01     7.4759      0.426      0.618    24.3131 0.0000e+00
      0.436      0.049     9.7718    116.468     38.995  38.448151     3.0515     12.089    38.1825 4.6723e+01     7.6173      0.424      0.616    24.3054 0.0000e+00
      0.447      0.046     9.7607    116.535     39.012  38.459582     3.0499     12.089    38.3356 4.6195e+01     7.6622      0.436      0.632    24.3055 0.0000e+00
      0.463      0.047     9.7626    116.568     39.027  38.470990     3.0218     12.090    38.4717 4.5824e+01     7.6423      0.457      0.663    24.3073 0.0000e+00
      0.478      0.050     9.7492    116.543     39.016  38.459159     3.0116     12.091    38.5381 4.5234e+01     7.6844      0.471      0.681    24.3024 0.0000e+00
      0.490      0.052     9.7427    116.495     39.002  38.443449     3.0262     12.091    38.5351 4.4391e+01     7.7624      0.479      0.695    24.2929 0.0000e+00
      0.504      0.052     9.7607    116.415     38.971  38.407953     3.0485     12.092    38.6080 4.3538e+01     7.8674      0.494      0.717    24.2848 0.0000e+00
      0.517      0.052     9.7617    116.333     38.916  38.347264     3.0396     12.092    38.7316 4.2768e+01     7.8610      0.508      0.737    24.2808 0.0000e+00
      0.529      0.052     9.7570    116.203     38.921  38.344223     2.9936     12.093    38.8250 4.2070e+01     7.7875      0.518      0.751    24.2816 0.0000e+00
      0.542      0.052     9.7574    116.048     38.957  38.371170     2.9581     12.094    38.8773 4.1407e+01     7.8324      0.529      0.766    24.2790 0.0000e+00
      0.557      0.051     9.7464    115.977     38.949  38.355777     2.9601     12.094    38.9335 4.0860e+01     7.9592      0.546      0.792    24.2720 0.0000e+00
      0.573      0.051     9.7455    115.958     38.949  38.348472     2.9846     12.094    39.0739 4.0427e+01     8.0909      0.564      0.818    24.2653 0.0000e+00
      0.585      0.050     9.7374    116.001     38.956  38.346287     2.9711     12.094    39.1978 4.0032e+01     8.0241      0.574      0.833    24.2544 0.0000e+00
      0.595      0.048     9.7177    116.090     38.948  38.329342     2.9141     12.096    39.2269 3.9735e+01     7.7668      0.581      0.843    24.2405 0.0000e+00
      0.607      0.045     9.7196    116.108     38.960  38.333953     2.8866     12.098    39.2545 3.9570e+01     7.6444      0.594      0.861    24.2328 0.0000e+00
      0.620      0.044     9.7179    116.166     38.967  38.338575     2.9046     12.098    39.3593 3.9522e+01     7.7404      0.609      0.883    24.2251 0.0000e+00
      0.630      0.044     9.7201    116.330     38.950  38.321770     2.9156     12.097    39.5474 3.9582e+01     7.9713      0.620      0.898    24.2114 0.0000e+00
