Data/DataNotYetUploadedToEDI/Raw_CTD/RawDownloads/061526_fcr50_S7809012.cnv
* Sea-Bird SBE19plus  Data File:
* FileName = C:\R\Reservoirs\Data\DataNotYetUploadedToEDI\Raw_CTD\RawDownloads\062926_fcr50_S7809_0012.hex
* Software version 2.8.0.119
* Temperature SN = 7809
* Conductivity SN = 7809
* System UpLoad Time = Jun 30 2026 09:06:07
* <ApplicationData>
* <Seaterm232>
# nquan = 15
# nvalues = 2190                        
# units = specified
# name 0 = depFM: Depth [fresh water, m]
# name 1 = dz/dtM: Descent Rate [m/s]
# name 2 = sbeox0Mg/L: Oxygen, SBE 43 [mg/l]
# name 3 = sbeox0PS: Oxygen, SBE 43 [% saturation]
# name 4 = specc: Specific Conductance [uS/cm]
# name 5 = c0uS/cm: Conductivity [uS/cm]
# name 6 = flECO-AFL: Fluorescence, WET Labs ECO-AFL/FL [mg/m^3]
# name 7 = ph: pH
# name 8 = orp: Oxidation Reduction Potential [mV]
# name 9 = par/sat/log: PAR/Logarithmic, Satlantic
# name 10 = turbWETntu0: Turbidity, WET Labs ECO [NTU]
# name 11 = prdM: Pressure, Strain Gauge [db]
# name 12 = prdE: Pressure, Strain Gauge [psi]
# name 13 = tv290C: Temperature [ITS-90, deg C]
# name 14 = flag:  0.000e+00
# span 0 =     -0.669,      9.443       
# span 1 =     -0.187,      0.321       
# span 2 =    -0.2015,    10.8979       
# span 3 =     -1.832,    127.603       
# span 4 =      1.824,    147.292       
# span 5 =   1.597786, 101.577146       
# span 6 =    -0.0962,     5.1515       
# span 7 =      9.853,     12.355       
# span 8 =  -306.9748,    60.1035       
# span 9 = 1.2354e-01, 2.5607e+03       
# span 10 =    -0.1322,    89.4237      
# span 11 =     -0.657,      9.261      
# span 12 =     -0.953,     13.433      
# span 13 =     9.4465,    26.3974      
# span 14 = 0.0000e+00, 0.0000e+00      
# interval = seconds: 0.25
# start_time = Jun 15 2026 13:04:08 [Instrument's time stamp, header]
# bad_flag = -9.990e-29
*END*
[from data line 1735]
      5.366      0.047     6.0149     53.353     48.829  33.868683     0.3099     10.584  -180.5637 1.9458e-01     7.7097      5.264      7.634     9.6749 0.0000e+00
      5.379      0.040     6.0271     53.493     48.824  33.869307     0.3203     10.581  -180.1946 1.8018e-01     7.8238      5.278      7.654     9.6731 0.0000e+00
      5.387      0.035     6.0360     53.641     48.831  33.875605     0.3509     10.578  -179.6628 1.7644e-01     7.9084      5.282      7.662     9.6719 0.0000e+00
      5.393      0.034     6.0504     53.770     48.837  33.881382     0.3637     10.576  -179.2099 1.8115e-01     7.8780      5.290      7.673     9.6737 0.0000e+00
      5.397      0.038     6.0695     53.840     48.817  33.875718     0.3507     10.575  -178.9351 1.6935e-01     7.7642      5.295      7.678     9.6781 0.0000e+00
      5.402      0.046     6.0810     53.860     48.792  33.870573     0.3264     10.573  -178.5775 1.5883e-01     7.7619      5.293      7.677     9.6844 0.0000e+00
      5.413      0.055     6.0996     53.856     48.797  33.882636     0.3274     10.570  -177.9835 1.5974e-01     7.8836      5.303      7.692     9.6858 0.0000e+00
      5.433      0.063     6.1178     53.839     48.812  33.894691     0.3380     10.566  -177.1734 1.5494e-01     7.8698      5.327      7.727     9.6825 0.0000e+00
      5.457      0.071     6.1228     53.801     48.810  33.889434     0.3209     10.564  -176.4394 1.5103e-01     7.7317      5.353      7.764     9.6915 0.0000e+00
      5.478      0.076     6.1215     53.717     48.817  33.882516     0.3037     10.562  -175.9059 1.5220e-01     7.6831      5.374      7.795     9.7103 0.0000e+00
      5.495      0.075     6.1194     53.590     48.833  33.874472     0.3215     10.560  -175.2839 1.4873e-01     7.7608      5.390      7.818     9.7172 0.0000e+00
      5.512      0.070     6.1180     53.504     48.832  33.855602     0.3446     10.558  -174.6831 1.4344e-01     7.8852      5.404      7.838     9.7176 0.0000e+00
      5.533      0.063     6.1144     53.514     48.834  33.844683     0.3167     10.554  -174.3205 1.3795e-01     7.8881      5.424      7.868     9.7173 0.0000e+00
      5.553      0.058     6.1087     53.593     48.879  33.869333     0.2677     10.552  -174.0832 1.3951e-01     7.7623      5.449      7.903     9.7042 0.0000e+00
      5.566      0.052     6.0920     53.729     48.929  33.899845     0.2517     10.550  -173.6204 1.4306e-01     7.6961      5.460      7.919     9.6807 0.0000e+00
      5.574      0.045     6.0815     53.938     48.928  33.896366     0.2811     10.546  -172.8549 1.3910e-01     7.7375      5.464      7.925     9.6610 0.0000e+00
      5.585      0.035     6.0887     54.245     48.923  33.890707     0.3397     10.544  -172.1404 1.3415e-01     7.8189      5.477      7.943     9.6495 0.0000e+00
      5.596      0.029     6.0974     54.615     48.929  33.894868     0.3615     10.541  -171.7794 1.2943e-01     7.7910      5.489      7.961     9.6429 0.0000e+00
      5.602      0.030     6.1138     54.958     48.912  33.883239     0.3360     10.539  -171.7585 1.2647e-01     7.7084      5.495      7.970     9.6387 0.0000e+00
      5.604      0.035     6.1357     55.247     48.904  33.876990     0.3240     10.537  -171.5438 1.2509e-01     7.7759      5.496      7.972     9.6359 0.0000e+00
      5.606      0.042     6.1717     55.505     48.915  33.882763     0.3409     10.535  -170.9910 1.2393e-01     7.8900      5.494      7.969     9.6341 0.0000e+00
      5.616      0.051     6.2200     55.706     48.928  33.889590     0.3648     10.531  -170.5810 1.2380e-01     7.8925      5.502      7.981     9.6343 0.0000e+00
      5.636      0.063     6.2595     55.832     48.939  33.896088     0.3632     10.528  -170.4582 1.2376e-01     7.8060      5.527      8.016     9.6354 0.0000e+00
      5.658      0.076     6.2893     55.882     48.944  33.897874     0.3307     10.527  -170.3664 1.2389e-01     7.7672      5.551      8.051     9.6343 0.0000e+00
      5.678      0.083     6.3221     55.879     48.964  33.911188     0.3043     10.525  -170.0743 1.2563e-01     7.8337      5.568      8.076     9.6317 0.0000e+00
      5.699      0.081     6.3457     55.896     48.992  33.930163     0.3022     10.522  -169.5923 1.2721e-01     7.8919      5.586      8.102     9.6295 0.0000e+00
      5.726      0.073     6.3593     55.935     49.002  33.936973     0.3134     10.520  -169.0135 1.2562e-01     7.8556      5.613      8.142     9.6282 0.0000e+00
      5.752      0.063     6.3671     55.955     48.991  33.930072     0.3072     10.518  -168.4961 1.2396e-01     7.7714      5.647      8.191     9.6275 0.0000e+00
      5.766      0.056     6.3599     55.980     48.961  33.910170     0.2937     10.515  -168.1553 1.2387e-01     7.8299      5.660      8.209     9.6265 0.0000e+00
      5.769      0.051     6.3631     56.032     48.926  33.886674     0.3073     10.511  -167.9038 1.2384e-01     8.0164      5.657      8.204     9.6253 0.0000e+00
      5.774      0.049     6.3718     56.095     48.946  33.899779     0.3057     10.509  -167.6925 1.2379e-01     8.0452      5.660      8.209     9.6253 0.0000e+00
      5.784      0.053     6.3704     56.146     49.010  33.941722     0.2831     10.507  -167.5798 1.2371e-01     7.9382      5.669      8.223     9.6266 0.0000e+00
      5.800      0.060     6.3725     56.172     49.024  33.949682     0.2920     10.505  -167.4877 1.2368e-01     7.9195      5.686      8.247     9.6287 0.0000e+00
      5.821      0.067     6.3789     56.168     49.001  33.932568     0.3303     10.502  -167.2669 1.2369e-01     7.9893      5.708      8.278     9.6292 0.0000e+00
      5.843      0.069     6.3879     56.155     48.991  33.925136     0.3709     10.500  -166.9750 1.2367e-01     8.0993      5.730      8.309     9.6274 0.0000e+00
      5.865      0.069     6.3943     56.174     48.989  33.923264     0.3755     10.497  -166.6253 1.2371e-01     8.1223      5.754      8.345     9.6251 0.0000e+00
      5.882      0.066     6.3977     56.199     48.970  33.909944     0.3443     10.495  -166.2224 1.2378e-01     7.9940      5.772      8.371     9.6231 0.0000e+00
      5.894      0.063     6.3975     56.189     48.944  33.890966     0.3259     10.493  -166.1465 1.2378e-01     7.8462      5.780      8.383     9.6217 0.0000e+00
      5.907      0.061     6.3925     56.167     48.934  33.884139     0.3369     10.491  -166.3957 1.2373e-01     7.7697      5.791      8.400     9.6213 0.0000e+00
      5.922      0.060     6.3963     56.165     48.944  33.890852     0.3604     10.488  -166.3966 1.2372e-01     7.8210      5.808      8.423     9.6212 0.0000e+00
      5.938      0.058     6.4029     56.205     48.970  33.908684     0.3614     10.484  -165.9858 1.2377e-01     7.9197      5.823      8.445     9.6208 0.0000e+00
      5.955      0.053     6.3989     56.269     48.971  33.909413     0.3402     10.482  -165.3858 1.2377e-01     8.0066      5.839      8.469     9.6201 0.0000e+00
      5.974      0.046     6.3959     56.301     48.957  33.899655     0.3457     10.480  -164.9078 1.2373e-01     8.1199      5.861      8.500     9.6203 0.0000e+00
      5.987      0.040     6.3942     56.310     48.983  33.917592     0.3697     10.478  -164.8517 1.2373e-01     8.1971      5.876      8.522     9.6200 0.0000e+00
      5.992      0.038     6.3986     56.316     49.010  33.935955     0.3718     10.475  -165.1380 1.2374e-01     8.0856      5.879      8.527     9.6194 0.0000e+00
      5.992      0.038     6.4114     56.322     49.004  33.931334     0.3540     10.472  -165.2722 1.2376e-01     7.8302      5.876      8.522     9.6197 0.0000e+00
      5.995      0.038     6.4120     56.307     48.996  33.925159     0.3457     10.470  -165.0973 1.2374e-01     7.7395      5.874      8.519     9.6197 0.0000e+00
      6.010      0.037     6.4129     56.262     48.996  33.924742     0.3631     10.466  -164.9161 1.2369e-01     7.8432      5.889      8.542     9.6196 0.0000e+00
      6.032      0.035     6.4134     56.223     48.998  33.926302     0.3649     10.463  -164.8026 1.2373e-01     7.8542      5.920      8.586     9.6197 0.0000e+00
      6.047      0.032     6.4146     56.205     49.022  33.944020     0.3179     10.462  -164.4127 1.2374e-01     7.7361      5.935      8.608     9.6189 0.0000e+00
      6.050      0.031     6.4155     56.200     49.024  33.948634     0.2686     10.461  -163.9025 1.2373e-01     7.6795      5.934      8.605     9.6179 0.0000e+00
      6.048      0.032     6.4063     56.219     48.978  33.918645     0.2763     10.459  -163.7957 1.2377e-01     7.7498      5.932      8.603     9.6173 0.0000e+00
      6.047      0.037     6.4023     56.275     48.951  33.898659     0.3115     10.456  -163.8097 1.2381e-01     7.8692      5.928      8.598     9.6166 0.0000e+00
      6.054      0.046     6.4010     56.336     48.951  33.897316     0.3035     10.453  -163.8133 1.2384e-01     7.8594      5.929      8.600     9.6176 0.0000e+00
      6.075      0.057     6.3991     56.343     48.960  33.902404     0.2709     10.450  -163.4950 1.2384e-01     7.7334      5.955      8.637     9.6222 0.0000e+00
      6.100      0.066     6.3994     56.308     48.953  33.896725     0.2589     10.448  -162.7140 1.2383e-01     7.6777      5.987      8.682     9.6256 0.0000e+00
      6.120      0.071     6.4074     56.284     48.948  33.892110     0.2665     10.446  -162.2864 1.2378e-01     7.7324      6.003      8.706     9.6231 0.0000e+00
      6.136      0.071     6.4191     56.289     48.975  33.910048     0.2956     10.443  -162.1967 1.2371e-01     7.8148      6.016      8.726     9.6206 0.0000e+00
      6.154      0.067     6.4185     56.291     48.994  33.923266     0.3029     10.440  -162.3177 1.2371e-01     7.7854      6.035      8.754     9.6206 0.0000e+00
      6.169      0.064     6.4113     56.259     48.996  33.925035     0.2631     10.439  -162.5442 1.2372e-01     7.6845      6.051      8.777     9.6199 0.0000e+00
      6.183      0.064     6.4088     56.260     49.006  33.931436     0.2395     10.437  -162.2690 1.2371e-01     7.6531      6.062      8.792     9.6179 0.0000e+00
      6.199      0.066     6.4098     56.326     49.015  33.937214     0.2748     10.435  -161.7433 1.2371e-01     7.7135      6.079      8.816     9.6171 0.0000e+00
      6.217      0.071     6.4147     56.396     49.007  33.931446     0.3406     10.433  -161.4366 1.2376e-01     7.7662      6.098      8.844     9.6175 0.0000e+00
      6.234      0.073     6.4054     56.451     48.999  33.925150     0.3610     10.431  -161.2281 1.2376e-01     7.7092      6.113      8.866     9.6177 0.0000e+00
      6.252      0.071     6.4024     56.487     49.000  33.924527     0.3300     10.429  -161.0286 1.2369e-01     7.6738      6.129      8.889     9.6177 0.0000e+00
      6.276      0.064     6.4171     56.479     49.000  33.923913     0.3316     10.427  -160.9180 1.2371e-01     7.7486      6.155      8.926     9.6171 0.0000e+00
      6.299      0.057     6.4229     56.434     48.991  33.917730     0.3731     10.423  -161.1819 1.2372e-01     7.8619      6.183      8.967     9.6164 0.0000e+00
      6.313      0.052     6.4301     56.393     48.985  33.913210     0.3906     10.420  -161.6377 1.2370e-01     7.8814      6.196      8.986     9.6156 0.0000e+00
      6.316      0.049     6.4356     56.354     49.013  33.932705     0.3671     10.419  -161.7827 1.2380e-01     7.7790      6.193      8.982     9.6144 0.0000e+00
      6.319      0.049     6.4354     56.311     49.053  33.963113     0.3306     10.418  -161.6450 1.2389e-01     7.7179      6.194      8.983     9.6137 0.0000e+00
      6.330      0.052     6.4268     56.295     49.044  33.963632     0.3241     10.416  -161.3494 1.2387e-01     7.7571      6.206      9.001     9.6140 0.0000e+00
      6.348      0.057     6.4226     56.299     48.998  33.938991     0.3301     10.413  -161.2198 1.2382e-01     7.7751      6.225      9.028     9.6138 0.0000e+00
      6.370      0.063     6.4206     56.323     48.967  33.918976     0.3282     10.410  -161.7120 1.2372e-01     7.6956      6.247      9.060     9.6131 0.0000e+00
      6.390      0.068     6.4110     56.376     48.963  33.911962     0.3348     10.408  -162.5685 1.2363e-01     7.6504      6.269      9.091     9.6142 0.0000e+00
      6.406      0.069     6.4108     56.445     48.980  33.917627     0.3435     10.406  -162.9728 1.2370e-01     7.7750      6.283      9.113     9.6220 0.0000e+00
      6.419      0.068     6.4086     56.504     48.996  33.924017     0.3670     10.404  -162.7281 1.2381e-01     8.0067      6.292      9.127     9.6336 0.0000e+00
      6.436      0.067     6.4106     56.534     49.001  33.925774     0.3682     10.401  -162.3634 1.2380e-01     8.0953      6.310      9.151     9.6347 0.0000e+00
      6.456      0.064     6.4186     56.554     49.019  33.938879     0.3328     10.399  -162.1762 1.2372e-01     7.9928      6.334      9.186     9.6274 0.0000e+00
      6.474      0.059     6.4279     56.573     49.039  33.955567     0.3218     10.397  -162.0996 1.2370e-01     7.9278      6.350      9.210     9.6210 0.0000e+00
      6.490      0.051     6.4377     56.583     49.012  33.937217     0.3359     10.395  -162.2114 1.2374e-01     7.9923      6.363      9.229     9.6161 0.0000e+00
      6.505      0.040     6.4389     56.597     48.971  33.907343     0.3533     10.393  -162.3238 1.2381e-01     8.0895      6.381      9.255     9.6135 0.0000e+00
      6.514      0.028     6.4410     56.620     48.981  33.911599     0.3576     10.390  -162.1686 1.2382e-01     8.0786      6.391      9.269     9.6150 0.0000e+00
      6.516      0.018     6.4439     56.640     49.003  33.925223     0.3381     10.386  -161.9690 1.2380e-01     7.9967      6.390      9.268     9.6198 0.0000e+00
      6.516      0.010     6.4430     56.644     49.033  33.945183     0.3255     10.383  -161.6311 1.2373e-01     7.8857      6.390      9.267     9.6203 0.0000e+00
      6.516      0.006     6.4455     56.636     49.057  33.962584     0.3381     10.381  -161.1797 1.2362e-01     7.7952      6.391      9.269     9.6168 0.0000e+00
      6.516      0.006     6.4489     56.635     49.031  33.945281     0.3581     10.379  -160.9854 1.2365e-01     7.8588      6.389      9.268     9.6144 0.0000e+00
      6.516      0.010     6.4524     56.645     49.003  33.926306     0.3417     10.376  -160.9168 1.2372e-01     7.8693      6.390      9.267     9.6127 0.0000e+00
      6.518      0.017     6.4527     56.651     48.998  33.923509     0.2902     10.374  -160.9523 1.2371e-01     7.7856      6.391      9.269     9.6118 0.0000e+00
      6.523      0.030     6.4506     56.658     48.977  33.911454     0.2767     10.372  -161.0715 1.2369e-01     7.8029      6.395      9.276     9.6129 0.0000e+00
      6.530      0.051     6.4496     56.678     48.967  33.907454     0.2937     10.371  -160.6368 1.2369e-01     7.8395      6.405      9.290     9.6142 0.0000e+00
      6.539      0.072     6.4524     56.695     49.009  33.938588     0.2803     10.368  -159.7400 1.2369e-01     7.8176      6.413      9.300     9.6138 0.0000e+00
      6.554      0.087     6.4530     56.704     49.058  33.970670     0.2568     10.366  -159.1768 1.2371e-01     7.8117      6.419      9.310     9.6145 0.0000e+00
      6.587      0.092     6.4510     56.692     49.071  33.978121     0.2678     10.363  -158.9897 1.2375e-01     7.9393      6.452      9.359     9.6169 0.0000e+00
      6.634      0.090     6.4554     56.658     49.048  33.965224     0.2968     10.361  -159.1118 1.2379e-01     8.0965      6.513      9.446     9.6214 0.0000e+00
      6.668      0.082     6.4559     56.626     49.005  33.941633     0.2986     10.359  -159.4492 1.2381e-01     8.1071      6.549      9.500     9.6242 0.0000e+00
      6.679      0.072     6.4584     56.595     49.005  33.946673     0.2730     10.357  -159.5422 1.2377e-01     8.0675      6.551      9.503     9.6208 0.0000e+00
