Data/DataNotYetUploadedToEDI/Raw_CTD/RawDownloads/061526_bvr50_S8188021.cnv
* Sea-Bird SBE19plus  Data File:
* FileName = C:\R\Reservoirs\Data\DataNotYetUploadedToEDI\Raw_CTD\RawDownloads\062526_ccr50_S8188_0021.hex
* Software version 2.8.0.119
* Temperature SN = 8188
* Conductivity SN = 8188
* System UpLoad Time = Jun 29 2026 18:17:21
* <ApplicationData>
* <Seaterm232>
# nquan = 16
# nvalues = 1273                        
# units = specified
# name 0 = depFM: Depth [fresh water, m]
# name 1 = dz/dtM: Descent Rate [m/s]
# name 2 = sbeox0Mg/L: Oxygen, SBE 43 [mg/l]
# name 3 = sbeox0PS: Oxygen, SBE 43 [% saturation]
# name 4 = specc: Specific Conductance [uS/cm]
# name 5 = c0uS/cm: Conductivity [uS/cm]
# name 6 = wetCDOM: Fluorescence, WET Labs CDOM [mg/m^3]
# name 7 = flECO-AFL: Fluorescence, WET Labs ECO-AFL/FL [mg/m^3]
# name 8 = flECO-AFL1: Fluorescence, WET Labs ECO-AFL/FL, 2 [mg/m^3]
# name 9 = flECO-AFL2: Fluorescence, WET Labs ECO-AFL/FL, 3 [mg/m^3]
# name 10 = par/sat/log: PAR/Logarithmic, Satlantic
# name 11 = turbWETntu0: Turbidity, WET Labs ECO [NTU]
# name 12 = prdM: Pressure, Strain Gauge [db]
# name 13 = prdE: Pressure, Strain Gauge [psi]
# name 14 = tv290C: Temperature [ITS-90, deg C]
# name 15 = flag:  0.000e+00
# span 0 =     -0.773,      5.245       
# span 1 =     -0.209,      0.253       
# span 2 =     4.8961,     8.3039       
# span 3 =     57.212,    100.078       
# span 4 =      3.436,     91.388       
# span 5 =   3.231316,  72.640711       
# span 6 =    -4.5000,    35.4600       
# span 7 =    -1.3222,    13.8186       
# span 8 =    -4.6860,     2.3430       
# span 9 =    -7.2333,    16.4124       
# span 10 = 1.1582e-01, 2.5699e+03      
# span 11 =    -6.2766,   131.2071      
# span 12 =     -0.758,      5.143      
# span 13 =     -1.100,      7.460      
# span 14 =    14.6897,    25.3986      
# span 15 = 0.0000e+00, 0.0000e+00      
# interval = seconds: 0.25
# start_time = Jun 15 2026 10:25:55 [Instrument's time stamp, header]
# bad_flag = -9.990e-29
*END*
[from data line 1085]
      4.238     -0.166     6.4482     64.411     81.113  68.586193    25.9200     0.7645     0.0852     1.3959 1.1605e-01     7.6365      4.156      6.028    17.0326 0.0000e+00
      4.196     -0.166     6.3204     64.855     80.857  68.427430    25.9200     0.7797     0.0852     1.3959 1.3517e-01     7.5609      4.115      5.968    17.1148 0.0000e+00
      4.154     -0.166     6.2333     65.630     80.660  68.311962    25.9200     0.7416     0.0852     1.3959 1.4060e-01     7.5458      4.073      5.908    17.1812 0.0000e+00
      4.111     -0.165     6.1897     66.644     80.393  68.137165    25.7400     0.7035     0.0852     1.4382 1.1600e-01     6.3675      4.032      5.848    17.2328 0.0000e+00
      4.069     -0.164     6.1885     67.789     80.059  67.914291    25.7400     0.7263     0.0852     1.4382 1.4371e-01     6.3373      3.990      5.788    17.2755 0.0000e+00
      4.027     -0.162     6.2263     68.928     79.749  67.727570    25.7400     0.7149     0.0852     1.4382 1.4886e-01     6.3675      3.949      5.727    17.3111 0.0000e+00
      3.985     -0.159     6.2963     69.922     79.436  67.553152    25.7400     0.6882     0.0852     1.4382 1.6066e-01     6.4430      3.908      5.668    17.3424 0.0000e+00
      3.944     -0.156     6.3892     70.670     79.039  67.310610    26.7300     0.7721     0.0852     1.4382 1.6696e-01     3.2858      3.868      5.610    17.3746 0.0000e+00
      3.905     -0.152     6.4938     71.097     78.633  67.048997    26.7300     0.7683     0.0852     1.4382 1.6140e-01     3.2858      3.830      5.555    17.4125 0.0000e+00
      3.868     -0.149     6.5964     71.164     78.324  66.854181    26.7300     0.7683     0.0852     1.4382 1.7755e-01     3.2405      3.793      5.501    17.4602 0.0000e+00
      3.831     -0.146     6.6836     70.888     78.060  66.686185    26.7300     0.7797     0.0852     1.4382 1.7487e-01     3.2707      3.757      5.449    17.5178 0.0000e+00
      3.795     -0.143     6.7468     70.336     77.758  66.478264    26.8200     0.7607     0.0426     1.4382 2.6123e-01     3.5275      3.721      5.397    17.5780 0.0000e+00
      3.758     -0.140     6.7802     69.596     77.399  66.216873    26.8200     0.7721     0.0426     1.4382 2.2623e-01     3.5577      3.685      5.345    17.6314 0.0000e+00
      3.722     -0.137     6.7806     68.768     76.955  65.882187    26.8200     0.7492     0.0426     1.4382 2.5965e-01     3.5728      3.650      5.294    17.6752 0.0000e+00
      3.687     -0.132     6.7494     67.943     76.354  65.418875    26.8200     0.7721     0.0426     1.4382 2.2855e-01     3.5577      3.615      5.243    17.7118 0.0000e+00
      3.653     -0.128     6.6925     67.197     75.748  64.966723    26.8200     0.8293     0.0426     1.4382 2.6564e-01     4.3886      3.582      5.195    17.7440 0.0000e+00
      3.621     -0.124     6.6182     66.600     75.439  64.790186    26.9100     0.8217     0.0426     1.3536 2.8669e-01     4.5245      3.551      5.150    17.7736 0.0000e+00
      3.591     -0.121     6.5355     66.238     75.333  64.796316    26.9100     0.8217     0.0426     1.3536 2.6535e-01     4.5396      3.522      5.108    17.8030 0.0000e+00
      3.563     -0.120     6.4527     66.201     75.097  64.677537    26.9100     0.8141     0.0426     1.3536 2.7373e-01     4.3886      3.494      5.068    17.8364 0.0000e+00
      3.534     -0.119     6.3762     66.525     74.652  64.360288    26.9100     0.7950     0.0426     1.3536 2.8041e-01    10.9599      3.465      5.026    17.8802 0.0000e+00
      3.503     -0.119     6.3119     67.142     74.214  64.041254    27.8100     0.8179     0.0852     1.8189 3.4276e-01    10.8239      3.435      4.982    17.9383 0.0000e+00
      3.470     -0.119     6.2692     67.910     73.962  63.884723    27.8100     0.8293     0.0852     1.8189 3.7995e-01    10.9448      3.403      4.936    18.0027 0.0000e+00
      3.439     -0.118     6.2583     68.702     73.748  63.759189    27.8100     0.8484     0.0852     1.8189 3.4261e-01    10.9750      3.372      4.891    18.0593 0.0000e+00
      3.408     -0.117     6.2831     69.442     73.441  63.541411    27.8100     0.9094     0.0852     1.8189 3.7904e-01     5.8690      3.343      4.848    18.1035 0.0000e+00
      3.380     -0.114     6.3361     70.051     73.215  63.378784    27.5400     0.8980     0.0426     1.7343 3.9373e-01     5.8086      3.315      4.807    18.1425 0.0000e+00
      3.352     -0.112     6.4032     70.428     73.127  63.329680    27.5400     0.9018     0.0426     1.7343 4.2930e-01     5.8388      3.287      4.768    18.1836 0.0000e+00
      3.324     -0.109     6.4726     70.509     73.037  63.273287    27.5400     0.8904     0.0426     1.7343 4.2577e-01     5.9143      3.260      4.728    18.2242 0.0000e+00
      3.296     -0.107     6.5381     70.308     72.910  63.174620    27.5400     0.8713     0.0426     1.7343 4.3854e-01     4.4792      3.233      4.688    18.2561 0.0000e+00
      3.269     -0.103     6.5924     69.888     72.757  63.045271    27.5400     0.9094     0.0426     1.7343 4.7433e-01     4.4188      3.206      4.649    18.2789 0.0000e+00
      3.242     -0.098     6.6253     69.319     72.570  62.880668    27.0900     0.8980     0.0852     1.4382 4.7743e-01     4.4792      3.179      4.611    18.2974 0.0000e+00
      3.216     -0.092     6.6311     68.661     72.391  62.722692    27.0900     0.8904     0.0852     1.4382 5.9589e-01     4.4792      3.154      4.575    18.3118 0.0000e+00
      3.193     -0.085     6.6112     67.967     72.254  62.601027    27.0900     1.0735     0.0852     1.4382 5.9382e-01     6.0654      3.132      4.542    18.3198 0.0000e+00
      3.173     -0.079     6.5714     67.307     72.104  62.469265    27.0900     1.0659     0.0852     1.4382 6.0740e-01     6.1862      3.112      4.514    18.3215 0.0000e+00
      3.155     -0.075     6.5182     66.741     71.958  62.342138    27.1800     1.0544     0.0852     1.6920 6.0489e-01     6.0503      3.094      4.488    18.3198 0.0000e+00
      3.138     -0.072     6.4566     66.292     71.920  62.311412    27.1800     1.0582     0.0852     1.6920 6.0792e-01     6.0956      3.077      4.464    18.3175 0.0000e+00
      3.122     -0.072     6.3916     65.945     71.930  62.325008    27.1800     1.0659     0.0852     1.6920 6.0792e-01     8.2407      3.061      4.440    18.3157 0.0000e+00
      3.104     -0.074     6.3297     65.672     71.828  62.246923    27.1800     1.0659     0.0852     1.6920 6.2643e-01     8.2105      3.044      4.415    18.3146 0.0000e+00
      3.085     -0.077     6.2765     65.429     71.633  62.096229    27.9000     1.0582     0.0852     1.8612 6.3548e-01     8.3011      3.026      4.388    18.3143 0.0000e+00
      3.065     -0.080     6.2341     65.163     71.458  61.972372    27.9000     1.0849     0.0852     1.8612 7.6572e-01     8.2105      3.005      4.359    18.3154 0.0000e+00
      3.043     -0.084     6.2011     64.827     71.289  61.862270    27.9000     1.0124     0.0852     1.8612 7.7594e-01     3.0894      2.984      4.328    18.3191 0.0000e+00
      3.021     -0.086     6.1744     64.384     71.044  61.686700    27.9000     0.9857     0.0852     1.8612 7.3747e-01     2.9837      2.962      4.297    18.3266 0.0000e+00
      2.998     -0.088     6.1500     63.827     70.754  61.466663    27.8100     1.0163     0.1278     1.6920 8.0357e-01     3.0139      2.940      4.265    18.3394 0.0000e+00
      2.976     -0.089     6.1227     63.176     70.525  61.291088    27.8100     0.9857     0.1278     1.6920 8.6368e-01     2.9535      2.918      4.233    18.3589 0.0000e+00
      2.953     -0.090     6.0879     62.467     70.322  61.131107    27.8100     1.0163     0.1278     1.6920 8.7883e-01     5.2043      2.896      4.201    18.3843 0.0000e+00
      2.930     -0.091     6.0431     61.749     70.082  60.936080    27.8100     1.0163     0.1278     1.6920 8.8285e-01     5.1590      2.874      4.168    18.4108 0.0000e+00
      2.907     -0.093     5.9881     61.073     69.873  60.767691    27.8100     1.0048     0.1278     1.6920 9.3112e-01     5.1137      2.851      4.135    18.4329 0.0000e+00
      2.883     -0.094     5.9250     60.492     69.635  60.577048    29.3400     1.0010     0.0852     2.0727 9.2367e-01     5.0986      2.828      4.101    18.4493 0.0000e+00
      2.859     -0.095     5.8571     60.055     69.192  60.213582    29.3400     0.7759     0.0852     2.0727 1.0380e+00    17.0478      2.804      4.067    18.4612 0.0000e+00
      2.834     -0.096     5.7887     59.800     68.613  59.741927    29.3400     0.8255     0.0852     2.0727 1.0188e+00    17.0629      2.779      4.031    18.4708 0.0000e+00
      2.809     -0.098     5.7242     59.762     68.232  59.457137    29.3400     0.8217     0.0852     2.0727 1.0712e+00    17.0931      2.755      3.996    18.4803 0.0000e+00
      2.784     -0.100     5.6684     59.990     68.080  59.378995    31.0500     0.8293     0.0852     2.6226 1.1675e+00    17.0629      2.731      3.961    18.4920 0.0000e+00
      2.759     -0.103     5.6256     60.554     67.777  59.157588    31.0500     0.8255     0.0852     2.6226 1.1342e+00    18.4527      2.706      3.925    18.5079 0.0000e+00
      2.734     -0.106     5.5990     61.499     67.363  58.817649    31.0500     0.7988     0.0852     2.6226 1.1962e+00    18.5131      2.681      3.888    18.5312 0.0000e+00
      2.706     -0.108     5.5915     62.777     67.058  58.559711    31.0500     0.8217     0.0852     2.6226 1.3399e+00    18.4224      2.654      3.849    18.5652 0.0000e+00
      2.677     -0.110     5.6083     64.261     66.641  58.203310    30.5100     0.7874     0.1278     2.5380 1.4934e+00    18.4980      2.625      3.808    18.6052 0.0000e+00
      2.647     -0.111     5.6574     65.808     66.091  57.735170    30.5100     1.0086     0.1278     2.5380 1.6414e+00     8.9960      2.596      3.765    18.6369 0.0000e+00
      2.618     -0.111     5.7438     67.293     65.660  57.379457    30.5100     1.0201     0.1278     2.5380 1.7765e+00     8.9658      2.567      3.724    18.6529 0.0000e+00
      2.590     -0.110     5.8623     68.617     65.275  57.073228    30.5100     1.0048     0.1278     2.5380 1.8081e+00     8.9809      2.540      3.684    18.6597 0.0000e+00
      2.563     -0.111     6.0001     69.713     64.837  56.726844    30.5100     1.0163     0.1278     2.5380 1.7921e+00     8.9507      2.514      3.646    18.6657 0.0000e+00
      2.537     -0.114     6.1433     70.535     64.456  56.429410    30.7800     0.9896     0.0852     3.3840 1.8386e+00     4.6756      2.488      3.608    18.6749 0.0000e+00
      2.509     -0.118     6.2800     71.066     64.053  56.109590    30.7800     1.0506     0.0852     3.3840 1.8979e+00     4.6605      2.461      3.569    18.6906 0.0000e+00
      2.479     -0.125     6.4004     71.322     63.532  55.680108    30.7800     1.0048     0.0852     3.3840 2.0217e+00     4.6152      2.431      3.526    18.7143 0.0000e+00
      2.446     -0.132     6.4990     71.324     62.973  55.213880    30.7800     1.0124     0.0852     3.3840 2.2656e+00     4.6756      2.399      3.479    18.7424 0.0000e+00
      2.411     -0.139     6.5720     71.063     62.409  54.742118    29.7000     1.1345     0.0852     2.4111 2.5327e+00     5.3252      2.364      3.429    18.7705 0.0000e+00
      2.373     -0.146     6.6181     70.532     61.914  54.338412    29.7000     1.1536     0.0852     2.4111 2.7460e+00     5.4611      2.327      3.375    18.7961 0.0000e+00
      2.334     -0.150     6.6392     69.751     61.549  54.060605    29.7000     1.1345     0.0852     2.4111 3.0071e+00     5.5518      2.289      3.320    18.8178 0.0000e+00
      2.294     -0.152     6.6370     68.774     61.046  53.671113    29.7000     1.1307     0.0852     2.4111 3.2503e+00     5.4460      2.250      3.263    18.8362 0.0000e+00
      2.255     -0.152     6.6103     67.692     60.217  52.996285    29.0700     1.5046     0.1278     4.3146 3.5110e+00     5.4913      2.211      3.207    18.8552 0.0000e+00
      2.216     -0.151     6.5577     66.609     59.436  52.364586    29.0700     1.5160     0.1278     4.3146 3.8835e+00     5.5367      2.172      3.151    18.8801 0.0000e+00
      2.177     -0.148     6.4806     65.626     58.966  52.010305    29.0700     1.5122     0.1278     4.3146 4.1397e+00     5.3403      2.134      3.096    18.9150 0.0000e+00
      2.139     -0.146     6.3844     64.851     58.445  51.609701    29.0700     1.5007     0.1278     4.3146 4.3292e+00     5.3554      2.097      3.042    18.9581 0.0000e+00
      2.103     -0.143     6.2783     64.380     57.795  51.085851    28.7100     2.6032     0.1704     6.3027 4.4513e+00     5.6877      2.062      2.991    19.0031 0.0000e+00
      2.067     -0.141     6.1720     64.256     57.315  50.699788    28.7100     2.6070     0.1704     6.3027 4.6612e+00     5.7028      2.027      2.940    19.0495 0.0000e+00
      2.032     -0.139     6.0747     64.473     56.833  50.304714    28.7100     2.6070     0.1704     6.3027 5.0569e+00     5.5820      1.992      2.889    19.1004 0.0000e+00
      1.996     -0.137     5.9968     64.991     56.085  49.671676    28.7100     2.6375     0.1704     6.3027 5.3438e+00     5.6877      1.957      2.839    19.1512 0.0000e+00
      1.961     -0.136     5.9479     65.719     55.262  48.976738    28.7100     3.1563     0.1704     6.3027 5.6422e+00     4.4490      1.923      2.789    19.1940 0.0000e+00
      1.926     -0.134     5.9324     66.501     54.690  48.516995    27.8100     3.1640     0.2130     8.7138 5.9572e+00     4.4188      1.889      2.739    19.2271 0.0000e+00
      1.893     -0.133     5.9490     67.176     54.325  48.253571    27.8100     3.1449     0.2130     8.7138 6.1719e+00     4.4792      1.856      2.691    19.2543 0.0000e+00
      1.859     -0.133     5.9935     67.649     53.742  47.801273    27.8100     3.1411     0.2130     8.7138 6.2029e+00     4.3735      1.823      2.644    19.2808 0.0000e+00
      1.826     -0.133     6.0568     67.902     52.840  47.057425    27.8100     5.4528     0.2130     8.7138 6.4349e+00     6.3524      1.791      2.597    19.3122 0.0000e+00
      1.793     -0.134     6.1235     67.948     52.053  46.401715    25.1100     5.4872     0.1704    10.2366 6.9073e+00     6.4279      1.758      2.550    19.3551 0.0000e+00
      1.758     -0.137     6.1788     67.822     51.533  45.972230    25.1100     5.4605     0.1704    10.2366 7.2376e+00     6.4582      1.724      2.501    19.4110 0.0000e+00
      1.724     -0.140     6.2147     67.601     50.949  45.479048    25.1100     5.4681     0.1704    10.2366 7.5051e+00     6.3977      1.690      2.451    19.4729 0.0000e+00
      1.688     -0.145     6.2310     67.390     50.189  44.828524    25.1100     4.7280     0.1704    10.2366 7.6766e+00     7.2286      1.655      2.401    19.5287 0.0000e+00
      1.651     -0.150     6.2300     67.247     49.447  44.199955    22.5000     4.7547     0.1704     9.6867 8.0508e+00     7.2890      1.619      2.349    19.5715 0.0000e+00
      1.613     -0.156     6.2144     67.150     48.804  43.672853    22.5000     4.7242     0.1704     9.6867 8.5521e+00     7.1833      1.582      2.294    19.6039 0.0000e+00
      1.572     -0.162     6.1909     67.021     48.144  43.144525    22.5000     4.7433     0.1704     9.6867 9.1461e+00     7.2135      1.542      2.236    19.6313 0.0000e+00
      1.530     -0.168     6.1682     66.782     47.409  42.553798    22.5000     3.9193     0.1704     9.6867 9.8410e+00     8.4371      1.500      2.176    19.6591 0.0000e+00
      1.485     -0.174     6.1508     66.381     46.746  42.026124    21.2400     3.9078     0.2130     7.4448 1.0681e+01     8.5579      1.456      2.113    19.6943 0.0000e+00
      1.440     -0.178     6.1360     65.791     46.228  41.624057    21.2400     3.8773     0.2130     7.4448 1.1580e+01     8.5126      1.412      2.047    19.7438 0.0000e+00
