Data/DataNotYetUploadedToEDI/Raw_CTD/RawDownloads/061526_bvr50_S8188021.cnv
* Sea-Bird SBE19plus  Data File:
* FileName = C:\R\Reservoirs\Data\DataNotYetUploadedToEDI\Raw_CTD\RawDownloads\062526_ccr50_S8188_0021.hex
* Software version 2.8.0.119
* Temperature SN = 8188
* Conductivity SN = 8188
* System UpLoad Time = Jun 29 2026 18:17:21
* <ApplicationData>
* <Seaterm232>
# nquan = 16
# nvalues = 1273                        
# units = specified
# name 0 = depFM: Depth [fresh water, m]
# name 1 = dz/dtM: Descent Rate [m/s]
# name 2 = sbeox0Mg/L: Oxygen, SBE 43 [mg/l]
# name 3 = sbeox0PS: Oxygen, SBE 43 [% saturation]
# name 4 = specc: Specific Conductance [uS/cm]
# name 5 = c0uS/cm: Conductivity [uS/cm]
# name 6 = wetCDOM: Fluorescence, WET Labs CDOM [mg/m^3]
# name 7 = flECO-AFL: Fluorescence, WET Labs ECO-AFL/FL [mg/m^3]
# name 8 = flECO-AFL1: Fluorescence, WET Labs ECO-AFL/FL, 2 [mg/m^3]
# name 9 = flECO-AFL2: Fluorescence, WET Labs ECO-AFL/FL, 3 [mg/m^3]
# name 10 = par/sat/log: PAR/Logarithmic, Satlantic
# name 11 = turbWETntu0: Turbidity, WET Labs ECO [NTU]
# name 12 = prdM: Pressure, Strain Gauge [db]
# name 13 = prdE: Pressure, Strain Gauge [psi]
# name 14 = tv290C: Temperature [ITS-90, deg C]
# name 15 = flag:  0.000e+00
# span 0 =     -0.773,      5.245       
# span 1 =     -0.209,      0.253       
# span 2 =     4.8961,     8.3039       
# span 3 =     57.212,    100.078       
# span 4 =      3.436,     91.388       
# span 5 =   3.231316,  72.640711       
# span 6 =    -4.5000,    35.4600       
# span 7 =    -1.3222,    13.8186       
# span 8 =    -4.6860,     2.3430       
# span 9 =    -7.2333,    16.4124       
# span 10 = 1.1582e-01, 2.5699e+03      
# span 11 =    -6.2766,   131.2071      
# span 12 =     -0.758,      5.143      
# span 13 =     -1.100,      7.460      
# span 14 =    14.6897,    25.3986      
# span 15 = 0.0000e+00, 0.0000e+00      
# interval = seconds: 0.25
# start_time = Jun 15 2026 10:25:55 [Instrument's time stamp, header]
# bad_flag = -9.990e-29
*END*
[from data line 904]
      3.673      0.046     6.5414     67.605     65.059  54.479490    30.2400     1.1307     0.0852     2.3265 3.3350e-01     2.5607      3.602      5.224    16.8705 0.0000e+00
      3.685      0.047     6.5311     67.941     65.308  54.675055    30.2400     1.1307     0.0852     2.3265 3.2197e-01     2.5003      3.614      5.241    16.8810 0.0000e+00
      3.697      0.048     6.5273     68.455     65.572  54.880817    30.2400     1.1345     0.0852     2.3265 3.1002e-01     2.4701      3.626      5.259    16.8841 0.0000e+00
      3.709      0.049     6.5329     69.145     65.681  54.948256    30.2400     1.0582     0.0852     2.3265 3.0720e-01     3.0743      3.638      5.276    16.8769 0.0000e+00
      3.722      0.051     6.5511     69.986     65.660  54.917282    30.3300     1.0659     0.1278     2.2419 3.0408e-01     2.9686      3.650      5.294    16.8654 0.0000e+00
      3.735      0.052     6.5850     70.911     65.839  55.094681    30.3300     1.0353     0.1278     2.2419 3.0982e-01     2.9837      3.663      5.312    16.8555 0.0000e+00
      3.748      0.054     6.6365     71.857     66.076  55.364251    30.3300     1.0926     0.1278     2.2419 2.9819e-01     3.0743      3.676      5.331    16.8432 0.0000e+00
      3.762      0.056     6.7059     72.819     65.983  55.371163    30.3300     1.0659     0.1278     2.2419 3.0435e-01     3.1196      3.690      5.351    16.8247 0.0000e+00
      3.777      0.057     6.7888     73.809     65.732  55.256840    30.3300     1.0926     0.1278     2.2419 2.7153e-01     2.9988      3.704      5.372    16.8139 0.0000e+00
      3.792      0.058     6.8754     74.799     65.732  55.387608    30.3300     1.0697     0.0852     2.1573 2.2286e-01     3.0592      3.719      5.394    16.8349 0.0000e+00
      3.808      0.057     6.9590     75.760     65.827  55.610914    30.3300     1.0468     0.0852     2.1573 2.5639e-01     3.0743      3.734      5.416    16.8888 0.0000e+00
      3.823      0.055     7.0426     76.680     65.782  55.677242    30.3300     1.0163     0.0852     2.1573 2.6831e-01     2.6513      3.749      5.437    16.9529 0.0000e+00
      3.837      0.053     7.1273     77.521     65.828  55.773787    30.3300     0.9972     0.0852     2.1573 2.3246e-01     2.4701      3.763      5.458    17.0261 0.0000e+00
      3.850      0.049     7.2080     78.174     66.048  55.998080    29.9700     1.0086     0.0852     2.1996 2.6129e-01     2.5607      3.776      5.477    17.1254 0.0000e+00
      3.862      0.046     7.2841     78.525     66.259  56.206538    29.9700     1.0277     0.0852     2.1996 2.4871e-01     2.6060      3.787      5.493    17.2346 0.0000e+00
      3.873      0.043     7.3605     78.516     66.491  56.418860    29.9700     0.9438     0.0852     2.1996 2.4774e-01     2.5003      3.798      5.509    17.3149 0.0000e+00
      3.883      0.041     7.4346     78.144     66.808  56.681695    29.9700     0.9438     0.0852     2.1996 2.4538e-01     2.5758      3.808      5.523    17.3590 0.0000e+00
      3.893      0.040     7.4930     77.446     67.064  56.875686    29.4300     0.9781     0.0852     2.2419 2.2835e-01     2.4701      3.817      5.537    17.3874 0.0000e+00
      3.902      0.040     7.5231     76.480     67.261  57.010683    29.4300     0.9552     0.0852     2.2419 2.1647e-01     2.5607      3.826      5.550    17.4100 0.0000e+00
      3.912      0.041     7.5205     75.305     67.537  57.210429    29.4300     0.8827     0.0852     2.2419 2.1979e-01     2.4852      3.836      5.564    17.4218 0.0000e+00
      3.922      0.042     7.4854     74.003     67.798  57.406539    29.4300     0.8942     0.0852     2.2419 1.9884e-01     2.5607      3.846      5.578    17.4178 0.0000e+00
      3.933      0.044     7.4212     72.684     67.987  57.555583    29.4300     0.9018     0.0852     2.2419 2.3541e-01     2.6362      3.857      5.594    17.4007 0.0000e+00
      3.945      0.046     7.3323     71.437     68.240  57.759131    29.0700     0.8713     0.0852     1.9035 2.1675e-01     2.5909      3.868      5.611    17.3768 0.0000e+00
      3.957      0.048     7.2234     70.313     68.513  57.959785    29.0700     0.9094     0.0852     1.9035 1.9100e-01     2.5607      3.880      5.628    17.3517 0.0000e+00
      3.969      0.049     7.1013     69.352     68.682  58.045528    29.0700     0.8827     0.0852     1.9035 1.8423e-01     2.5305      3.893      5.646    17.3329 0.0000e+00
      3.982      0.050     6.9759     68.577     68.864  58.115005    29.0700     0.8904     0.0852     1.9035 2.2296e-01     2.5909      3.905      5.664    17.3249 0.0000e+00
      3.996      0.050     6.8573     67.984     69.178  58.280471    29.4300     0.8637     0.0852     2.1573 2.0215e-01     2.5758      3.918      5.683    17.3170 0.0000e+00
      4.009      0.050     6.7524     67.548     69.474  58.440457    29.4300     0.8827     0.0852     2.1573 1.7276e-01     2.5456      3.931      5.702    17.2951 0.0000e+00
      4.021      0.050     6.6657     67.232     69.656  58.521952    29.4300     0.9209     0.0852     2.1573 1.7506e-01     2.5758      3.944      5.720    17.2540 0.0000e+00
      4.034      0.049     6.5996     66.978     69.883  58.644411    29.4300     0.8522     0.0852     2.1573 1.7268e-01     2.5456      3.956      5.737    17.1934 0.0000e+00
      4.046      0.049     6.5522     66.725     70.218  58.838493    29.0700     0.8789     0.0852     2.0727 2.1288e-01     2.5607      3.968      5.755    17.1222 0.0000e+00
      4.058      0.049     6.5189     66.435     70.537  58.994409    29.0700     0.9667     0.0852     2.0727 1.9021e-01     2.6211      3.980      5.772    17.0575 0.0000e+00
      4.071      0.048     6.4954     66.092     70.856  59.129800    29.0700     0.9514     0.0852     2.0727 1.8228e-01     2.5909      3.992      5.790    17.0064 0.0000e+00
      4.083      0.048     6.4776     65.685     71.236  59.298713    29.0700     0.9438     0.0852     2.0727 2.0201e-01     2.5909      4.004      5.807    16.9574 0.0000e+00
      4.095      0.049     6.4614     65.223     71.567  59.414554    28.9800     0.9362     0.0852     1.7766 1.9054e-01     2.4852      4.016      5.825    16.8957 0.0000e+00
      4.107      0.049     6.4438     64.737     71.840  59.480284    28.9800     0.9705     0.0852     1.7766 1.7052e-01     2.5758      4.028      5.842    16.8172 0.0000e+00
      4.120      0.050     6.4229     64.270     72.216  59.643062    28.9800     0.9514     0.0852     1.7766 1.6073e-01     2.5003      4.040      5.859    16.7246 0.0000e+00
      4.132      0.051     6.3973     63.878     72.667  59.888449    28.9800     0.9362     0.0852     1.7766 1.7163e-01     2.4701      4.052      5.877    16.6208 0.0000e+00
      4.145      0.053     6.3672     63.637     72.980  60.046527    28.9800     0.9743     0.0852     1.7766 1.6689e-01     2.5909      4.065      5.896    16.5090 0.0000e+00
      4.159      0.055     6.3346     63.608     73.179  60.143491    28.7100     0.8332     0.0426     1.6074 1.5197e-01     2.7722      4.079      5.916    16.3970 0.0000e+00
      4.173      0.056     6.3026     63.815     73.426  60.314891    28.7100     0.8141     0.0426     1.6074 1.7022e-01     2.7269      4.093      5.936    16.2942 0.0000e+00
      4.188      0.058     6.2760     64.256     73.667  60.512694    28.7100     0.8217     0.0426     1.6074 1.4713e-01     2.7571      4.107      5.957    16.2062 0.0000e+00
      4.203      0.058     6.2614     64.912     73.857  60.683940    28.7100     0.8370     0.0426     1.6074 1.3169e-01     2.7269      4.122      5.978    16.1371 0.0000e+00
      4.218      0.059     6.2648     65.738     74.080  60.874299    28.8900     0.7607     0.0852     1.9881 1.7609e-01     2.8024      4.137      6.000    16.0908 0.0000e+00
      4.234      0.059     6.2882     66.663     74.401  61.122567    28.8900     0.7645     0.0852     1.9881 1.4056e-01     2.7269      4.152      6.021    16.0687 0.0000e+00
      4.249      0.060     6.3317     67.631     74.746  61.363303    28.8900     0.7302     0.0852     1.9881 1.6150e-01     2.8175      4.166      6.043    16.0682 0.0000e+00
      4.264      0.061     6.3951     68.624     74.975  61.489161    28.8900     0.7530     0.0852     1.9881 1.3514e-01     2.6966      4.181      6.064    16.0785 0.0000e+00
      4.279      0.062     6.4759     69.650     75.221  61.631435    28.2600     0.8141     0.0852     1.5651 1.3517e-01     2.7571      4.196      6.086    16.0834 0.0000e+00
      4.294      0.062     6.5686     70.712     75.601  61.901861    28.2600     0.8103     0.0852     1.5651 1.4084e-01     2.8024      4.211      6.109    16.0729 0.0000e+00
      4.311      0.062     6.6681     71.806     75.895  62.117233    28.2600     0.8141     0.0852     1.5651 1.1767e-01     2.8024      4.227      6.132    16.0447 0.0000e+00
      4.328      0.062     6.7720     72.923     76.090  62.253203    28.2600     0.8179     0.0852     1.5651 1.1607e-01     2.7873      4.244      6.156    16.0034 0.0000e+00
      4.344      0.061     6.8790     74.034     76.387  62.469703    27.9000     0.7874     0.0852     1.6074 1.3514e-01     2.6211      4.260      6.179    15.9636 0.0000e+00
      4.359      0.060     6.9879     75.078     76.708  62.706777    27.9000     0.7569     0.0852     1.6074 1.1623e-01     2.5909      4.275      6.200    15.9367 0.0000e+00
      4.374      0.058     7.0984     75.973     76.957  62.888013    27.9000     0.7492     0.0852     1.6074 1.2333e-01     2.6211      4.289      6.221    15.9199 0.0000e+00
      4.388      0.057     7.2111     76.642     77.197  63.065727    27.9000     0.7492     0.0852     1.6074 1.1605e-01     2.4701      4.303      6.241    15.9046 0.0000e+00
      4.402      0.056     7.3236     77.037     77.444  63.253400    27.9000     0.7569     0.0852     1.6074 1.1602e-01     2.6966      4.317      6.261    15.8873 0.0000e+00
      4.416      0.056     7.4296     77.138     77.714  63.463176    27.8100     0.7721     0.0852     1.4382 1.1628e-01     2.8024      4.331      6.282    15.8703 0.0000e+00
      4.431      0.056     7.5204     76.958     78.014  63.697134    27.8100     0.7683     0.0852     1.4382 1.1615e-01     2.8628      4.345      6.302    15.8557 0.0000e+00
      4.445      0.057     7.5884     76.549     78.315  63.929889    27.8100     0.7607     0.0852     1.4382 1.1620e-01     2.8024      4.359      6.323    15.8441 0.0000e+00
      4.460      0.057     7.6289     75.989     78.589  64.135736    27.8100     0.7607     0.0852     1.4382 1.1620e-01     2.9535      4.374      6.343    15.8349 0.0000e+00
      4.474      0.058     7.6401     75.358     78.801  64.281790    27.6300     0.7645     0.0852     1.6074 1.1600e-01     3.0139      4.388      6.364    15.8275 0.0000e+00
      4.489      0.060     7.6234     74.706     78.992  64.397023    27.6300     0.7721     0.0852     1.6074 1.1605e-01     2.9232      4.402      6.385    15.8203 0.0000e+00
      4.504      0.061     7.5841     74.039     79.212  64.522138    27.6300     0.7607     0.0852     1.6074 1.1617e-01     2.9837      4.417      6.406    15.8123 0.0000e+00
      4.520      0.064     7.5303     73.353     79.375  64.588752    27.6300     0.6233     0.0852     1.6074 1.1600e-01     2.8477      4.432      6.428    15.8012 0.0000e+00
      4.536      0.066     7.4704     72.656     79.423  64.556773    27.2700     0.6157     0.0852     1.7343 1.1607e-01     2.8175      4.449      6.452    15.7838 0.0000e+00
      4.554      0.069     7.4098     71.949     79.545  64.591226    27.2700     0.6157     0.0852     1.7343 1.1612e-01     2.7420      4.466      6.477    15.7583 0.0000e+00
      4.572      0.071     7.3489     71.246     79.867  64.797052    27.2700     0.6348     0.0852     1.7343 1.1623e-01     2.7269      4.483      6.502    15.7244 0.0000e+00
      4.591      0.072     7.2873     70.616     80.137  64.965799    27.2700     0.8141     0.0852     1.7343 1.1612e-01     3.3160      4.502      6.529    15.6824 0.0000e+00
      4.609      0.073     7.2249     70.172     80.203  64.974890    27.2700     0.8141     0.0852     1.7343 1.1600e-01     3.2103      4.520      6.556    15.6376 0.0000e+00
      4.628      0.073     7.1609     70.011     80.311  65.032229    27.1800     0.8293     0.0852     1.6497 1.1612e-01     3.2103      4.539      6.583    15.5971 0.0000e+00
      4.646      0.073     7.0963     70.150     80.572  65.236895    27.1800     0.8065     0.0852     1.6497 1.1617e-01     3.2405      4.557      6.609    15.5622 0.0000e+00
      4.665      0.073     7.0383     70.505     80.778  65.416036    27.1800     0.7530     0.0852     1.6497 1.1605e-01     5.3554      4.575      6.635    15.5306 0.0000e+00
      4.684      0.073     6.9983     70.936     80.889  65.523660    27.1800     0.7683     0.0852     1.6497 1.1600e-01     5.4309      4.593      6.662    15.5026 0.0000e+00
      4.703      0.073     6.9851     71.315     81.081  65.696203    27.0900     0.7683     0.0852     1.4805 1.1605e-01     5.3252      4.612      6.689    15.4839 0.0000e+00
      4.722      0.072     6.9996     71.539     81.332  65.911843    27.0900     0.7874     0.0852     1.4805 1.1623e-01     5.4611      4.631      6.716    15.4799 0.0000e+00
      4.740      0.072     7.0339     71.555     81.416  65.994659    27.0900     0.5852     0.0852     1.4805 1.1628e-01     3.1801      4.649      6.742    15.4872 0.0000e+00
      4.758      0.071     7.0753     71.367     81.373  65.992665    27.0900     0.5661     0.0852     1.4805 1.1623e-01     3.1498      4.666      6.768    15.4985 0.0000e+00
      4.776      0.069     7.1115     71.029     81.438  66.108829    26.3700     0.5661     0.0852     1.3959 1.1597e-01     3.2103      4.684      6.793    15.5086 0.0000e+00
      4.794      0.068     7.1328     70.639     81.518  66.256422    26.3700     0.5776     0.0852     1.3959 1.1610e-01     3.2707      4.701      6.818    15.5164 0.0000e+00
      4.811      0.066     7.1330     70.302     81.527  66.335154    26.3700     0.6386     0.0852     1.3959 1.1625e-01     3.0139      4.718      6.843    15.5253 0.0000e+00
      4.828      0.064     7.1113     70.058     81.631  66.471765    26.3700     0.6424     0.0852     1.3959 1.1617e-01     3.0441      4.735      6.867    15.5450 0.0000e+00
      4.844      0.062     7.0718     69.865     81.803  66.652809    26.1900     0.6233     0.0852     1.4382 1.1605e-01     2.8930      4.751      6.890    15.5842 0.0000e+00
      4.860      0.061     7.0254     69.638     81.937  66.792892    26.1900     0.6386     0.0852     1.4382 1.1610e-01     3.0894      4.766      6.912    15.6348 0.0000e+00
      4.875      0.059     6.9853     69.296     82.067  66.909421    26.1900     0.5852     0.0852     1.4382 1.1607e-01     3.0743      4.780      6.934    15.6786 0.0000e+00
      4.889      0.058     6.9562     68.790     82.184  66.993568    26.1900     0.5509     0.0852     1.4382 1.1600e-01     2.9535      4.795      6.954    15.7104 0.0000e+00
      4.904      0.058     6.9332     68.125     82.334  67.089716    26.1900     0.5852     0.0852     1.4382 1.1605e-01     2.9988      4.809      6.974    15.7360 0.0000e+00
      4.918      0.058     6.9078     67.353     82.602  67.269392    26.0100     0.5852     0.0852     1.4805 1.1602e-01     3.0743      4.823      6.995    15.7550 0.0000e+00
      4.933      0.058     6.8728     66.573     82.875  67.442839    26.0100     0.5623     0.0852     1.4805 1.1600e-01     3.2103      4.838      7.016    15.7615 0.0000e+00
      4.948      0.057     6.8236     65.921     83.048  67.522628    26.0100     0.5928     0.0852     1.4805 1.1592e-01     3.2707      4.853      7.038    15.7550 0.0000e+00
      4.963      0.056     6.7598     65.515     83.231  67.601862    26.0100     0.5738     0.0852     1.4805 1.1605e-01     3.1649      4.867      7.059    15.7390 0.0000e+00
