Data/DataNotYetUploadedToEDI/Raw_CTD/RawDownloads/061526_fcr40_S7809011.cnv
* Sea-Bird SBE19plus  Data File:
* FileName = C:\R\Reservoirs\Data\DataNotYetUploadedToEDI\Raw_CTD\RawDownloads\062926_fcr50_S7809_0011.hex
* Software version 2.8.0.119
* Temperature SN = 7809
* Conductivity SN = 7809
* System UpLoad Time = Jun 30 2026 09:05:06
* <ApplicationData>
* <Seaterm232>
# nquan = 15
# nvalues = 2102                        
# units = specified
# name 0 = depFM: Depth [fresh water, m]
# name 1 = dz/dtM: Descent Rate [m/s]
# name 2 = sbeox0Mg/L: Oxygen, SBE 43 [mg/l]
# name 3 = sbeox0PS: Oxygen, SBE 43 [% saturation]
# name 4 = specc: Specific Conductance [uS/cm]
# name 5 = c0uS/cm: Conductivity [uS/cm]
# name 6 = flECO-AFL: Fluorescence, WET Labs ECO-AFL/FL [mg/m^3]
# name 7 = ph: pH
# name 8 = orp: Oxidation Reduction Potential [mV]
# name 9 = par/sat/log: PAR/Logarithmic, Satlantic
# name 10 = turbWETntu0: Turbidity, WET Labs ECO [NTU]
# name 11 = prdM: Pressure, Strain Gauge [db]
# name 12 = prdE: Pressure, Strain Gauge [psi]
# name 13 = tv290C: Temperature [ITS-90, deg C]
# name 14 = flag:  0.000e+00
# span 0 =     -0.667,      5.546       
# span 1 =     -0.221,      0.268       
# span 2 =    -0.1765,    10.2698       
# span 3 =     -1.678,    125.612       
# span 4 =      1.913,     58.591       
# span 5 =   1.666399,  42.715362       
# span 6 =    -0.1010,     4.0216       
# span 7 =     10.581,     12.367       
# span 8 =  -528.4886,  1233.6175       
# span 9 = 1.2362e-01, 2.6555e+03       
# span 10 =    -0.1146,   189.6349      
# span 11 =     -0.654,      5.439      
# span 12 =     -0.949,      7.889      
# span 13 =     9.6173,    26.0470      
# span 14 = 0.0000e+00, 0.0000e+00      
# interval = seconds: 0.25
# start_time = Jun 15 2026 12:48:01 [Instrument's time stamp, header]
# bad_flag = -9.990e-29
*END*
[from data line 386]
      0.074      0.000     9.5173    116.922     39.309  39.965117     2.5256     12.299   -26.0030 7.1980e+02     6.5042      0.073      0.105    25.8046 0.0000e+00
      0.073     -0.000     9.5183    116.934     39.273  39.926219     2.5144     12.299   -25.8299 7.5474e+02     6.6444      0.072      0.105    25.8072 0.0000e+00
      0.072     -0.001     9.5087    116.867     39.250  39.895645     2.5277     12.299   -25.7365 7.9128e+02     6.6563      0.070      0.102    25.8166 0.0000e+00
      0.072     -0.001     9.5097    116.736     39.275  39.912751     2.5192     12.299   -25.7345 7.8324e+02     6.4775      0.070      0.103    25.8265 0.0000e+00
      0.073      0.000     9.5158    116.593     39.309  39.942641     2.4791     12.300   -25.6334 7.3607e+02     6.2929      0.072      0.105    25.8306 0.0000e+00
      0.073      0.001     9.5181    116.458     39.306  39.939726     2.4497     12.301   -25.4601 6.5833e+02     6.3022      0.072      0.104    25.8282 0.0000e+00
      0.073      0.002     9.5149    116.349     39.305  39.940973     2.4473     12.301   -25.3603 6.3362e+02     6.4545      0.071      0.103    25.8168 0.0000e+00
      0.073      0.003     9.5032    116.312     39.318  39.957722     2.4585     12.301   -25.2869 7.5014e+02     6.5972      0.072      0.104    25.8038 0.0000e+00
      0.073      0.003     9.4932    116.393     39.307  39.951853     2.4602     12.300   -25.2609 8.3797e+02     6.6272      0.071      0.104    25.7987 0.0000e+00
      0.074      0.003     9.4813    116.574     39.284  39.933487     2.4345     12.300   -25.3043 7.8014e+02     6.5435      0.072      0.105    25.7986 0.0000e+00
      0.077      0.002     9.4708    116.775     39.275  39.926053     2.4056     12.300   -25.2949 6.7475e+02     6.5077      0.075      0.109    25.8024 0.0000e+00
      0.078      0.002     9.4644    116.916     39.275  39.925428     2.4097     12.300   -25.3195 6.7551e+02     6.5696      0.077      0.112    25.8077 0.0000e+00
      0.078      0.002     9.4705    116.963     39.276  39.925928     2.4175     12.300   -25.3435 7.2849e+02     6.5743      0.077      0.112    25.8147 0.0000e+00
      0.077      0.001     9.4870    116.963     39.284  39.932103     2.3915     12.300   -25.2419 6.0896e+02     6.4968      0.075      0.109    25.8232 0.0000e+00
      0.076      0.001     9.5049    116.942     39.291  39.936625     2.3795     12.301   -25.2092 5.1794e+02     6.4518      0.074      0.107    25.8249 0.0000e+00
      0.077      0.000     9.5194    116.865     39.277  39.917130     2.4637     12.301   -25.2054 6.3808e+02     6.5091      0.075      0.110    25.8212 0.0000e+00
      0.079      0.000     9.5202    116.716     39.252  39.886772     2.6106     12.301   -25.1102 8.1186e+02     6.6427      0.077      0.112    25.8203 0.0000e+00
      0.079      0.001     9.5192    116.555     39.256  39.886867     2.6652     12.301   -25.0053 8.9186e+02     6.6325      0.077      0.112    25.8207 0.0000e+00
      0.078      0.001     9.5203    116.465     39.288  39.918275     2.6324     12.302   -24.8828 8.4759e+02     6.4545      0.077      0.111    25.8170 0.0000e+00
      0.077      0.000     9.5158    116.475     39.318  39.949215     2.6221     12.303   -24.8340 7.6280e+02     6.3005      0.075      0.109    25.8101 0.0000e+00
      0.077 1.8475e-08     9.5031    116.545     39.311  39.943649     2.6408     12.304   -24.8450 7.7479e+02     6.2736      0.075      0.109    25.8025 0.0000e+00
      0.078 2.0323e-07     9.4875    116.610     39.281  39.914444     2.6672     12.304   -24.7586 7.8121e+02     6.3685      0.077      0.111    25.7964 0.0000e+00
      0.078 2.0323e-07     9.4804    116.647     39.280  39.913417     2.6671     12.305   -24.6495 7.9956e+02     6.3885      0.077      0.111    25.7941 0.0000e+00
      0.078 1.8475e-08     9.4817    116.647     39.298  39.931217     2.6395     12.305   -24.5585 8.8782e+02     6.3452      0.077      0.112    25.7948 0.0000e+00
      0.078 1.6795e-09     9.4903    116.593     39.305  39.939282     2.6246     12.304   -24.5183 8.6852e+02     6.4256      0.076      0.111    25.7977 0.0000e+00
      0.078 1.5266e-10     9.4947    116.507     39.308  39.947467     2.6373     12.304   -24.6803 8.5728e+02     6.5408      0.076      0.110    25.8011 0.0000e+00
      0.078 1.3649e-11     9.4976    116.431     39.318  39.966730     2.6681     12.304   -24.8818 8.8913e+02     6.6109      0.076      0.111    25.8010 0.0000e+00
      0.078 -1.283e-12     9.4999    116.440     39.323  39.981825     2.6631     12.303   -24.8897 8.7458e+02     6.6249      0.077      0.111    25.7990 0.0000e+00
      0.078 -2.787e-11     9.4931    116.553     39.335  40.003065     2.6101     12.303   -24.8621 8.4991e+02     6.5382      0.077      0.111    25.7988 0.0000e+00
      0.078 -3.079e-10     9.4860    116.723     39.355  40.033174     2.5775     12.304   -24.8919 8.9685e+02     6.4849      0.076      0.111    25.8052 0.0000e+00
      0.078 -3.387e-09     9.4729    116.899     39.343  40.028567     2.5854     12.305   -24.8200 9.6271e+02     6.5609      0.076      0.110    25.8190 0.0000e+00
      0.078 -3.725e-08     9.4714    117.062     39.318  40.010844     2.5879     12.305   -24.6814 9.5879e+02     6.6036      0.076      0.110    25.8323 0.0000e+00
      0.078 -4.098e-07     9.4807    117.211     39.311  40.009284     2.5584     12.304   -24.5922 8.3457e+02     6.5912      0.076      0.111    25.8436 0.0000e+00
      0.078      0.000     9.4935    117.290     39.306  40.009719     2.5369     12.303   -24.6018 6.7197e+02     6.7186      0.076      0.110    25.8552 0.0000e+00
      0.078      0.000     9.5076    117.252     39.311  40.016104     2.5360     12.304   -24.7115 6.6470e+02     6.8791      0.076      0.111    25.8659 0.0000e+00
      0.078     -0.001     9.5170    117.092     39.321  40.023027     2.5393     12.304   -24.8002 7.2181e+02     6.9267      0.076      0.111    25.8747 0.0000e+00
      0.077     -0.001     9.5313    116.847     39.333  40.029957     2.5432     12.304   -24.8143 8.6382e+02     6.8170      0.076      0.110    25.8829 0.0000e+00
      0.077     -0.001     9.5374    116.610     39.341  40.036418     2.5252     12.303   -24.7097 9.4779e+02     6.5767      0.075      0.109    25.8896 0.0000e+00
      0.077     -0.001     9.5340    116.449     39.336  40.037685     2.5207     12.303   -24.5680 8.9344e+02     6.5150      0.075      0.109    25.8919 0.0000e+00
      0.077     -0.000     9.5213    116.366     39.333  40.045289     2.5391     12.304   -24.5642 9.1994e+02     6.6523      0.075      0.109    25.8882 0.0000e+00
      0.077 -1.863e-08     9.4995    116.368     39.346  40.064910     2.5482     12.305   -24.5770 8.4736e+02     6.6653      0.074      0.108    25.8779 0.0000e+00
      0.077 -2.049e-07     9.4789    116.484     39.363  40.084540     2.5476     12.304   -24.5508 7.4160e+02     6.4662      0.075      0.109    25.8725 0.0000e+00
      0.077 -2.049e-07     9.4645    116.680     39.367  40.092249     2.5314     12.304   -24.5917 7.1180e+02     6.2611      0.076      0.110    25.8842 0.0000e+00
      0.077 -1.863e-08     9.4549    116.843     39.365  40.094661     2.5356     12.304   -24.6410 6.5252e+02     6.2686      0.075      0.109    25.9020 0.0000e+00
      0.076 -1.696e-09     9.4517    116.913     39.379  40.113708     2.5491     12.304   -24.6308 6.4907e+02     6.4549      0.075      0.108    25.9096 0.0000e+00
      0.076 -1.819e-10     9.4619    116.933     39.394  40.132166     2.5278     12.303   -24.5547 6.3753e+02     6.6010      0.074      0.108    25.9095 0.0000e+00
      0.076 -3.219e-10     9.4817    116.963     39.386  40.127451     2.4945     12.303   -24.5804 5.7043e+02     6.5996      0.075      0.108    25.9136 0.0000e+00
      0.076 -3.388e-09     9.4960    117.022     39.376  40.120171     2.4705     12.304   -24.6835 5.6262e+02     6.5070      0.074      0.108    25.9206 0.0000e+00
      0.076 -3.725e-08     9.4982    117.116     39.361  40.107611     2.4881     12.304   -24.6826 6.0124e+02     6.5056      0.075      0.109    25.9273 0.0000e+00
      0.076 -4.098e-07     9.4970    117.230     39.354  40.102523     2.5406     12.304   -24.7423 5.6606e+02     6.6173      0.074      0.108    25.9314 0.0000e+00
      0.076     -0.000     9.4992    117.317     39.371  40.122123     2.5731     12.304   -24.8024 5.2052e+02     6.6627      0.075      0.108    25.9335 0.0000e+00
      0.076     -0.000     9.5029    117.341     39.399  40.154205     2.5644     12.304   -24.7218 5.3259e+02     6.6092      0.074      0.108    25.9380 0.0000e+00
      0.076     -0.001     9.5096    117.317     39.413  40.173120     2.5354     12.304   -24.8860 5.4635e+02     6.5521      0.074      0.107    25.9426 0.0000e+00
      0.076     -0.001     9.5203    117.299     39.398  40.160436     2.5468     12.304   -25.4111 5.4760e+02     6.5870      0.075      0.108    25.9452 0.0000e+00
      0.076     -0.001     9.5283    117.324     39.365  40.127770     2.5936     12.305   -25.8229 5.5304e+02     6.6554      0.074      0.108    25.9472 0.0000e+00
      0.075     -0.001     9.5292    117.405     39.336  40.095477     2.6194     12.305   -25.9920 5.6241e+02     6.6963      0.075      0.108    25.9524 0.0000e+00
      0.074     -0.000     9.5237    117.520     39.335  40.087287     2.6167     12.305   -26.1653 5.3935e+02     6.6710      0.073      0.105    25.9581 0.0000e+00
      0.073      0.000     9.5207    117.588     39.346  40.092193     2.5946     12.306   -26.3702 5.5381e+02     6.5550      0.071      0.103    25.9622 0.0000e+00
      0.074      0.000     9.5218    117.539     39.350  40.091329     2.5930     12.306   -26.4904 7.0119e+02     6.5226      0.072      0.105    25.9656 0.0000e+00
      0.075      0.001     9.5293    117.389     39.339  40.076829     2.6226     12.307   -26.6726 7.8524e+02     6.5530      0.074      0.107    25.9604 0.0000e+00
      0.076      0.001     9.5439    117.233     39.309  40.043792     2.6366     12.308   -26.9378 6.8891e+02     6.5465      0.075      0.109    25.9488 0.0000e+00
      0.076      0.000     9.5534    117.129     39.281  40.009187     2.6198     12.308   -27.1154 6.7377e+02     6.5462      0.075      0.109    25.9398 0.0000e+00
      0.075      0.000     9.5500    117.046     39.259  39.975732     2.5945     12.308   -27.2718 7.0417e+02     6.5162      0.074      0.107    25.9346 0.0000e+00
      0.074      0.000     9.5347    116.919     39.251  39.956581     2.5967     12.308   -27.4520 5.9363e+02     6.5248      0.073      0.106    25.9316 0.0000e+00
      0.074      0.001     9.5197    116.749     39.271  39.967996     2.6218     12.309   -27.6592 5.2297e+02     6.5475      0.073      0.105    25.9307 0.0000e+00
      0.075      0.002     9.5143    116.625     39.295  39.986816     2.6236     12.310   -27.8849 5.3948e+02     6.4834      0.073      0.106    25.9237 0.0000e+00
      0.076      0.002     9.5130    116.596     39.302  39.993733     2.6016     12.310   -28.1154 5.3431e+02     6.4329      0.074      0.108    25.9059 0.0000e+00
      0.078      0.002     9.5058    116.625     39.295  39.988177     2.5890     12.310   -28.2962 5.4769e+02     6.5179      0.077      0.112    25.8914 0.0000e+00
      0.080      0.002     9.4896    116.670     39.288  39.983098     2.5963     12.310   -28.3494 5.4402e+02     6.6571      0.079      0.115    25.8805 0.0000e+00
      0.080      0.001     9.4792    116.747     39.299  39.995790     2.5979     12.310   -28.4134 5.0528e+02     6.6463      0.078      0.114    25.8727 0.0000e+00
      0.079      0.001     9.4790    116.882     39.316  40.014714     2.5924     12.310   -28.5546 5.0559e+02     6.5238      0.077      0.112    25.8721 0.0000e+00
      0.078      0.000     9.4824    117.032     39.321  40.021529     2.5950     12.310   -28.6802 6.0516e+02     6.4407      0.075      0.110    25.8754 0.0000e+00
      0.078      0.000     9.4847    117.131     39.313  40.014725     2.5884     12.310   -28.8132 7.5081e+02     6.4950      0.076      0.109    25.8797 0.0000e+00
      0.079      0.000     9.4886    117.176     39.293  39.995914     2.5954     12.310   -28.9586 7.6821e+02     6.6344      0.078      0.112    25.8819 0.0000e+00
      0.080      0.001     9.5014    117.176     39.281  39.984471     2.6059     12.309   -29.0621 6.6154e+02     6.6223      0.078      0.113    25.8827 0.0000e+00
      0.079      0.001     9.5162    117.104     39.301  40.003291     2.5987     12.309   -29.2035 5.5975e+02     6.4860      0.078      0.113    25.8841 0.0000e+00
      0.079      0.000     9.5233    116.973     39.332  40.033077     2.5990     12.310   -29.3777 5.4868e+02     6.4208      0.076      0.111    25.8860 0.0000e+00
      0.079     -0.002     9.5256    116.814     39.329  40.027298     2.5851     12.311   -29.4473 6.1799e+02     6.4153      0.077      0.112    25.8877 0.0000e+00
      0.081     -0.004     9.5276    116.673     39.300  39.996882     2.5810     12.312   -29.5283 6.5096e+02     6.4528      0.080      0.117    25.8890 0.0000e+00
      0.081     -0.007     9.5207    116.583     39.287  39.982630     2.5984     12.312   -29.6689 6.6086e+02     6.4997      0.082      0.119    25.8882 0.0000e+00
      0.078     -0.009     9.5102    116.523     39.287  39.981902     2.5869     12.312   -29.7713 7.1011e+02     6.4702      0.077      0.112    25.8838 0.0000e+00
      0.073     -0.010     9.4966    116.512     39.292  39.988077     2.5682     12.312   -29.9067 7.0625e+02     6.4372      0.070      0.102    25.8812 0.0000e+00
      0.068     -0.010     9.4826    116.582     39.298  39.993824     2.5806     12.312   -30.1003 7.0935e+02     6.5104      0.065      0.095    25.8813 0.0000e+00
      0.065     -0.009     9.4781    116.687     39.294  39.987935     2.6115     12.313   -30.3062 8.0519e+02     6.6378      0.063      0.091    25.8791 0.0000e+00
      0.064     -0.006     9.4728    116.779     39.289  39.980330     2.6173     12.313   -30.3306 9.2712e+02     6.6450      0.063      0.091    25.8779 0.0000e+00
      0.063     -0.003     9.4687    116.867     39.277  39.965329     2.5925     12.312   -30.1367 1.0123e+03     6.5292      0.062      0.090    25.8800 0.0000e+00
      0.063     -0.001     9.4772    116.950     39.250  39.933484     2.5780     12.312   -30.1139 9.5430e+02     6.4334      0.062      0.089    25.8810 0.0000e+00
      0.063     -0.001     9.4879    117.011     39.239  39.912592     2.5917     12.313   -30.3127 8.3625e+02     6.4434      0.062      0.090    25.8785 0.0000e+00
      0.063     -0.000     9.4948    116.998     39.242  39.903097     2.6172     12.313   -30.4757 7.6756e+02     6.5474      0.061      0.089    25.8734 0.0000e+00
      0.063      0.001     9.5032    116.883     39.233  39.882125     2.6110     12.313   -30.5356 6.8316e+02     6.5644      0.062      0.089    25.8702 0.0000e+00
      0.063      0.001     9.5100    116.698     39.210  39.849389     2.5839     12.314   -30.5207 6.2071e+02     6.5118      0.062      0.089    25.8678 0.0000e+00
      0.063      0.001     9.5196    116.487     39.193  39.824581     2.5803     12.315   -30.5538 7.0333e+02     6.5259      0.062      0.090    25.8544 0.0000e+00
      0.064      0.001     9.5237    116.325     39.211  39.836012     2.5923     12.314   -30.6774 8.1793e+02     6.5649      0.062      0.090    25.8348 0.0000e+00
      0.066      0.001     9.5143    116.224     39.239  39.860659     2.6120     12.312   -30.7247 7.8028e+02     6.6418      0.064      0.092    25.8204 0.0000e+00
      0.066      0.001     9.5015    116.111     39.248  39.868732     2.6111     12.312   -30.6953 6.8312e+02     6.7041      0.065      0.094    25.8090 0.0000e+00
