Data/DataNotYetUploadedToEDI/Raw_CTD/RawDownloads/061526_fcr30_S7809010.cnv
* Sea-Bird SBE19plus  Data File:
* FileName = C:\R\Reservoirs\Data\DataNotYetUploadedToEDI\Raw_CTD\RawDownloads\062926_fcr50_S7809_0010.hex
* Software version 2.8.0.119
* Temperature SN = 7809
* Conductivity SN = 7809
* System UpLoad Time = Jun 30 2026 09:04:09
* <ApplicationData>
* <Seaterm232>
# nquan = 15
# nvalues = 1656                        
# units = specified
# name 0 = depFM: Depth [fresh water, m]
# name 1 = dz/dtM: Descent Rate [m/s]
# name 2 = sbeox0Mg/L: Oxygen, SBE 43 [mg/l]
# name 3 = sbeox0PS: Oxygen, SBE 43 [% saturation]
# name 4 = specc: Specific Conductance [uS/cm]
# name 5 = c0uS/cm: Conductivity [uS/cm]
# name 6 = flECO-AFL: Fluorescence, WET Labs ECO-AFL/FL [mg/m^3]
# name 7 = ph: pH
# name 8 = orp: Oxidation Reduction Potential [mV]
# name 9 = par/sat/log: PAR/Logarithmic, Satlantic
# name 10 = turbWETntu0: Turbidity, WET Labs ECO [NTU]
# name 11 = prdM: Pressure, Strain Gauge [db]
# name 12 = prdE: Pressure, Strain Gauge [psi]
# name 13 = tv290C: Temperature [ITS-90, deg C]
# name 14 = flag:  0.000e+00
# span 0 =     -0.669,      4.855       
# span 1 =     -0.136,      0.293       
# span 2 =    -0.1912,    10.2533       
# span 3 =     -1.798,    124.212       
# span 4 =      2.897,     61.192       
# span 5 =   2.605122,  44.148050       
# span 6 =    -0.6807,     9.4418       
# span 7 =     10.271,     15.918       
# span 8 =  -877.4305,  1240.2272       
# span 9 = 2.0632e-01, 2.7291e+03       
# span 10 =    -0.1221,   219.3182      
# span 11 =     -0.657,      4.763      
# span 12 =     -0.954,      6.909      
# span 13 =     9.8367,    25.6384      
# span 14 = 0.0000e+00, 0.0000e+00      
# interval = seconds: 0.25
# start_time = Jun 15 2026 12:38:03 [Instrument's time stamp, header]
# bad_flag = -9.990e-29
*END*
[from data line 1157]
      0.210      0.105     9.4128    114.305     38.956  39.060287     2.7236     12.267    32.6648 3.1282e+02     6.9065      0.194      0.282    25.2787 0.0000e+00
      0.250      0.135     9.4216    113.936     38.995  39.061093     2.7538     12.267    33.0148 2.2989e+02     6.9250      0.238      0.344    25.2800 0.0000e+00
      0.304      0.157     9.4353    113.671     39.042  39.073645     2.7789     12.267    33.0729 1.8801e+02     6.9409      0.306      0.444    25.2499 0.0000e+00
      0.353      0.165     9.4451    113.592     39.084  39.085081     2.8106     12.267    33.0240 1.6680e+02     6.9961      0.344      0.500    25.1859 0.0000e+00
      0.401      0.156     9.4240    113.714     39.090  39.072401     2.8369     12.268    33.0250 1.4684e+02     7.0796      0.390      0.565    25.1236 0.0000e+00
      0.451      0.131     9.3962    114.013     39.065  39.047228     2.8476     12.269    33.0856 1.3854e+02     7.0972      0.452      0.655    25.0779 0.0000e+00
      0.483      0.101     9.3803    114.508     39.037  39.034544     2.8564     12.270    33.2403 1.3951e+02     7.0726      0.481      0.696    25.0337 0.0000e+00
      0.498      0.073     9.3799    115.128     39.030  39.045984     2.8438     12.269    33.4325 1.4507e+02     6.9523      0.492      0.712    24.9905 0.0000e+00
      0.504      0.048     9.3980    115.663     39.031  39.058665     2.8289     12.269    33.5165 1.4833e+02     6.8387      0.495      0.719    24.9630 0.0000e+00
      0.507      0.029     9.4197    115.958     39.025  39.060960     2.8263     12.270    33.4817 1.5096e+02     6.7918      0.496      0.720    24.9615 0.0000e+00
      0.512      0.021     9.4570    116.014     39.030  39.073755     2.8280     12.271    33.5274 1.5126e+02     6.7604      0.503      0.730    24.9903 0.0000e+00
      0.515      0.023     9.5121    115.910     39.044  39.086455     2.8498     12.272    33.7255 1.4704e+02     6.8354      0.507      0.736    25.0185 0.0000e+00
      0.517      0.029     9.5588    115.700     39.061  39.087604     2.8734     12.272    33.8120 1.4302e+02     6.9124      0.505      0.733    25.0305 0.0000e+00
      0.523      0.034     9.5812    115.408     39.077  39.087618     2.8807     12.272    33.7985 1.3657e+02     6.9748      0.509      0.739    25.0383 0.0000e+00
      0.537      0.038     9.5800    115.125     39.080  39.086588     2.8791     12.272    33.9071 1.3055e+02     7.0437      0.526      0.762    25.0537 0.0000e+00
      0.554      0.039     9.5685    114.974     39.066  39.075156     2.8877     12.272    34.0924 1.3115e+02     7.0618      0.545      0.790    25.0595 0.0000e+00
      0.566      0.037     9.5578    114.971     39.062  39.076319     2.9094     12.272    34.2313 1.3373e+02     7.0563      0.558      0.809    25.0267 0.0000e+00
      0.574      0.030     9.5353    115.056     39.077  39.100651     2.9087     12.272    34.2965 1.3663e+02     6.9780      0.562      0.815    24.9995 0.0000e+00
      0.581      0.019     9.5068    115.203     39.080  39.115534     2.8886     12.272    34.2790 1.3994e+02     6.9686      0.569      0.826    25.0007 0.0000e+00
      0.587      0.008     9.4932    115.355     39.079  39.129359     2.9070     12.272    34.1914 1.3790e+02     7.1138      0.578      0.838    25.0037 0.0000e+00
      0.588      0.000     9.4956    115.409     39.071  39.140913     2.9643     12.272    34.1843 1.3505e+02     7.1973      0.577      0.837    25.0108 0.0000e+00
      0.583     -0.004     9.5000    115.368     39.037  39.128342     2.9908     12.272    34.2778 1.3500e+02     7.1238      0.572      0.830    25.0232 0.0000e+00
      0.576     -0.002     9.5096    115.285     39.002  39.104320     2.9690     12.273    34.3763 1.3247e+02     7.0100      0.565      0.818    25.0394 0.0000e+00
      0.572      0.005     9.5258    115.212     39.007  39.104310     2.9424     12.273    34.5148 1.3377e+02     6.9492      0.559      0.810    25.0566 0.0000e+00
      0.572      0.015     9.5233    115.172     39.047  39.128221     2.9360     12.272    34.6621 1.3892e+02     6.9352      0.559      0.811    25.0808 0.0000e+00
      0.577      0.025     9.5124    115.109     39.080  39.139562     2.9328     12.271    34.7808 1.3764e+02     6.9430      0.562      0.816    25.1176 0.0000e+00
      0.589      0.031     9.5014    115.022     39.077  39.114485     2.9290     12.271    34.8311 1.3648e+02     6.8726      0.574      0.833    25.1334 0.0000e+00
      0.607      0.032     9.4952    114.997     39.056  39.078825     2.9233     12.271    34.8407 1.3759e+02     6.7332      0.597      0.865    25.1222 0.0000e+00
      0.620      0.028     9.4994    115.079     39.073  39.089126     2.9136     12.272    34.8964 1.3528e+02     6.7255      0.611      0.887    25.1007 0.0000e+00
      0.625      0.019     9.4997    115.229     39.096  39.112097     2.9199     12.274    34.9877 1.3340e+02     6.8482      0.613      0.889    25.0703 0.0000e+00
      0.625      0.010     9.4940    115.398     39.082  39.102742     2.9334     12.274    35.0843 1.3244e+02     6.9188      0.613      0.889    25.0389 0.0000e+00
      0.623      0.005     9.4936    115.543     39.077  39.102939     2.9348     12.274    35.1185 1.3106e+02     6.8966      0.612      0.887    25.0190 0.0000e+00
      0.620      0.005     9.5044    115.635     39.086  39.114486     2.9198     12.274    35.1431 1.3000e+02     6.8185      0.608      0.881    25.0118 0.0000e+00
      0.618      0.010     9.5174    115.680     39.089  39.115443     2.9108     12.274    35.2094 1.2956e+02     6.7948      0.604      0.876    25.0121 0.0000e+00
      0.621      0.017     9.5317    115.711     39.094  39.114500     2.9259     12.274    35.2320 1.2943e+02     6.8838      0.606      0.879    25.0201 0.0000e+00
      0.630      0.025     9.5429    115.733     39.091  39.103076     2.9270     12.274    35.1581 1.2900e+02     6.9032      0.618      0.896    25.0291 0.0000e+00
      0.640      0.034     9.5499    115.732     39.102  39.104222     2.8995     12.275    35.0896 1.2958e+02     6.9605      0.628      0.912    25.0328 0.0000e+00
      0.648      0.044     9.5524    115.724     39.141  39.128340     2.8756     12.276    35.1784 1.2882e+02     7.2008      0.634      0.920    25.0290 0.0000e+00
      0.658      0.053     9.5560    115.707     39.172  39.140825     2.8801     12.276    35.3720 1.2520e+02     7.4177      0.645      0.935    25.0212 0.0000e+00
      0.670      0.058     9.5616    115.683     39.177  39.128231     2.9120     12.276    35.4517 1.2307e+02     7.5672      0.656      0.952    25.0112 0.0000e+00
      0.688      0.058     9.5616    115.684     39.164  39.102964     2.9206     12.277    35.4529 1.2132e+02     7.4374      0.671      0.972    24.9982 0.0000e+00
      0.712      0.053     9.5652    115.767     39.155  39.089139     2.8931     12.278    35.4724 1.1983e+02     7.0100      0.699      1.013    24.9813 0.0000e+00
      0.733      0.045     9.5681    115.979     39.151  39.087985     2.8783     12.279    35.4302 1.1990e+02     6.7723      0.725      1.052    24.9546 0.0000e+00
      0.741      0.035     9.5697    116.270     39.143  39.089012     2.8922     12.279    35.5447 1.1974e+02     6.8180      0.730      1.059    24.9281 0.0000e+00
      0.741      0.025     9.5716    116.575     39.147  39.101577     2.9190     12.278    35.7372 1.1850e+02     6.9811      0.726      1.054    24.9130 0.0000e+00
      0.740      0.018     9.5756    116.863     39.152  39.113000     2.9193     12.278    35.6936 1.1641e+02     7.0709      0.724      1.051    24.9074 0.0000e+00
      0.741      0.016     9.5959    117.080     39.138  39.100211     2.8962     12.278    35.6199 1.1393e+02     6.9817      0.726      1.052    24.9112 0.0000e+00
      0.746      0.020     9.6199    117.188     39.115  39.073874     2.8887     12.279    35.6210 1.1113e+02     6.9270      0.732      1.060    24.9244 0.0000e+00
      0.754      0.029     9.6419    117.158     39.096  39.048387     2.9115     12.280    35.6200 1.1014e+02     7.1267      0.739      1.073    24.9388 0.0000e+00
      0.761      0.039     9.6675    116.968     39.102  39.045872     2.9561     12.280    35.6944 1.0986e+02     7.4492      0.745      1.082    24.9458 0.0000e+00
      0.770      0.048     9.6858    116.680     39.110  39.043452     2.9705     12.279    35.8326 1.0950e+02     7.5470      0.752      1.092    24.9466 0.0000e+00
      0.784      0.054     9.6960    116.367     39.096  39.019117     2.9522     12.278    36.0001 1.0892e+02     7.4552      0.769      1.115    24.9434 0.0000e+00
      0.801      0.056     9.6971    116.087     39.096  39.005462     2.9430     12.276    36.1707 1.0710e+02     7.3989      0.786      1.139    24.9344 0.0000e+00
      0.819      0.053     9.6809    115.916     39.106  39.005253     2.9420     12.276    36.2603 1.0564e+02     7.3781      0.802      1.164    24.9206 0.0000e+00
      0.838      0.046     9.6560    115.846     39.121  39.016573     2.9409     12.276    36.3096 1.0474e+02     7.3744      0.825      1.196    24.9091 0.0000e+00
      0.851      0.039     9.6332    115.845     39.118  39.015409     2.9207     12.276    36.3357 1.0445e+02     7.3204      0.838      1.216    24.8968 0.0000e+00
      0.856      0.033     9.6079    115.933     39.093  38.991178     2.8815     12.276    36.3178 1.0464e+02     7.2027      0.840      1.219    24.8780 0.0000e+00
      0.857      0.029     9.5988    116.078     39.085  38.977439     2.8657     12.276    36.3520 1.0396e+02     7.2156      0.841      1.220    24.8611 0.0000e+00
      0.859      0.028     9.5956    116.193     39.095  38.976201     2.8887     12.277    36.4046 1.0259e+02     7.4083      0.840      1.217    24.8575 0.0000e+00
      0.866      0.028     9.5919    116.246     39.104  38.976193     2.9260     12.278    36.3522 1.0104e+02     7.5850      0.847      1.228    24.8624 0.0000e+00
      0.880      0.029     9.6000    116.321     39.108  38.977328     2.9338     12.278    36.3206 9.8963e+01     7.5757      0.864      1.254    24.8673 0.0000e+00
      0.892      0.029     9.6155    116.404     39.119  38.989923     2.8996     12.279    36.3658 9.7633e+01     7.3299      0.878      1.273    24.8614 0.0000e+00
      0.898      0.028     9.6325    116.431     39.129  39.001555     2.8701     12.280    36.3831 9.7548e+01     7.0386      0.882      1.279    24.8398 0.0000e+00
      0.902      0.027     9.6326    116.412     39.118  38.991045     2.8852     12.280    36.3586 9.6937e+01     6.9917      0.884      1.282    24.8251 0.0000e+00
      0.905      0.026     9.6409    116.373     39.116  38.989772     2.9164     12.280    36.3271 9.6234e+01     7.1044      0.886      1.286    24.8253 0.0000e+00
      0.911      0.027     9.6509    116.359     39.113  38.986165     2.9306     12.281    36.4316 9.5856e+01     7.2052      0.892      1.294    24.8291 0.0000e+00
      0.920      0.028     9.6500    116.368     39.077  38.947433     2.9321     12.282    36.5904 9.4818e+01     7.3225      0.902      1.308    24.8302 0.0000e+00
      0.929      0.029     9.6497    116.354     39.036  38.902215     2.9348     12.282    36.6120 9.3806e+01     7.4296      0.911      1.321    24.8315 0.0000e+00
      0.939      0.028     9.6428    116.359     39.025  38.883650     2.9553     12.281    36.6074 9.3016e+01     7.5095      0.921      1.335    24.8333 0.0000e+00
      0.947      0.025     9.6425    116.451     39.063  38.913327     2.9631     12.282    36.6208 9.2061e+01     7.4681      0.930      1.348    24.8311 0.0000e+00
      0.953      0.021     9.6461    116.534     39.099  38.943726     2.9287     12.283    36.6880 9.1829e+01     7.2372      0.936      1.357    24.8288 0.0000e+00
      0.956      0.020     9.6453    116.566     39.092  38.933903     2.8899     12.283    36.8169 9.2268e+01     7.0058      0.938      1.360    24.8233 0.0000e+00
      0.957      0.020     9.6414    116.546     39.085  38.921473     2.8928     12.282    36.8028 9.2469e+01     6.9595      0.939      1.362    24.8123 0.0000e+00
      0.960      0.021     9.6579    116.359     39.095  38.920344     2.9054     12.282    36.7753 9.2519e+01     7.0190      0.940      1.363    24.8010 0.0000e+00
      0.966      0.022     9.6686    116.115     39.110  38.920244     2.9261     12.282    36.8287 9.1692e+01     7.1108      0.945      1.371    24.7934 0.0000e+00
      0.976      0.022     9.6643    115.916     39.123  38.920236     2.9763     12.282    36.8463 9.0432e+01     7.2147      0.958      1.390    24.7922 0.0000e+00
      0.985      0.021     9.6766    115.673     39.133  38.920223     2.9969     12.283    36.9027 9.0419e+01     7.2158      0.969      1.406    24.7899 0.0000e+00
      0.990      0.019     9.6547    115.467     39.145  38.920069     3.0087     12.283    36.9085 9.0405e+01     7.2609      0.972      1.410    24.7741 0.0000e+00
      0.992      0.016     9.6328    115.414     39.155  38.918354     3.0528     12.283    36.9155 9.0170e+01     7.3846      0.973      1.411    24.7492 0.0000e+00
      0.993      0.012     9.6297    115.462     39.145  38.899474     3.0885     12.284    37.0744 9.0285e+01     7.4134      0.974      1.413    24.7335 0.0000e+00
      0.996      0.011     9.6043    115.524     39.131  38.882168     3.0896     12.284    37.1082 8.9245e+01     7.3362      0.976      1.416    24.7233 0.0000e+00
      0.999      0.013     9.5856    115.632     39.146  38.899474     3.0667     12.284    36.9797 8.8001e+01     7.2367      0.980      1.421    24.7063 0.0000e+00
      1.003      0.017     9.5868    115.819     39.164  38.918340     3.0614     12.284    36.8974 8.7876e+01     7.3038      0.985      1.427    24.6900 0.0000e+00
      1.006      0.022     9.5980    116.033     39.172  38.919901     3.0837     12.284    36.8883 8.7890e+01     7.3954      0.987      1.431    24.6777 0.0000e+00
      1.010      0.024     9.6007    116.204     39.181  38.918342     3.0954     12.285    36.9558 8.7585e+01     7.3197      0.988      1.433    24.6730 0.0000e+00
      1.019      0.024     9.6070    116.323     39.166  38.899475     3.0859     12.285    37.0238 8.6941e+01     7.2433      0.997      1.446    24.6799 0.0000e+00
      1.031      0.022     9.6243    116.442     39.143  38.882146     3.0528     12.285    37.1092 8.6041e+01     7.1887      1.013      1.470    24.6845 0.0000e+00
      1.040      0.019     9.6458    116.532     39.148  38.899207     3.0197     12.285    37.1280 8.5339e+01     7.1377      1.022      1.482    24.6738 0.0000e+00
      1.042      0.018     9.6652    116.608     39.154  38.915395     3.0263     12.284    37.0780 8.5307e+01     7.1041      1.022      1.483    24.6554 0.0000e+00
      1.041      0.018     9.6715    116.756     39.131  38.887523     3.0496     12.283    37.1938 8.5284e+01     7.0898      1.021      1.481    24.6484 0.0000e+00
      1.041      0.018     9.6825    116.874     39.087  38.816034     3.0600     12.283    37.3236 8.5091e+01     7.0676      1.019      1.479    24.6585 0.0000e+00
      1.045      0.021     9.6880    116.822     39.060  38.749035     3.0602     12.284    37.2716 8.4511e+01     7.0408      1.020      1.480    24.6771 0.0000e+00
      1.055      0.026     9.6836    116.680     39.057  38.711962     3.0689     12.284    37.1671 8.3126e+01     7.1078      1.033      1.498    24.6942 0.0000e+00
      1.067      0.032     9.7009    116.541     39.055  38.685026     3.0908     12.283    37.2640 8.2317e+01     7.1598      1.049      1.522    24.6975 0.0000e+00
      1.073      0.034     9.7258    116.349     39.066  38.677143     3.0918     12.281    37.4972 8.1886e+01     7.0894      1.052      1.526    24.6543 0.0000e+00
      1.079      0.034     9.7283    116.126     39.084  38.680090     3.0801     12.281    37.5772 8.0580e+01     6.9739      1.054      1.529    24.5891 0.0000e+00
