Data/DataNotYetUploadedToEDI/Raw_CTD/RawDownloads/061526_fcr30_S7809010.cnv
* Sea-Bird SBE19plus  Data File:
* FileName = C:\R\Reservoirs\Data\DataNotYetUploadedToEDI\Raw_CTD\RawDownloads\062926_fcr50_S7809_0010.hex
* Software version 2.8.0.119
* Temperature SN = 7809
* Conductivity SN = 7809
* System UpLoad Time = Jun 30 2026 09:04:09
* <ApplicationData>
* <Seaterm232>
# nquan = 15
# nvalues = 1656                        
# units = specified
# name 0 = depFM: Depth [fresh water, m]
# name 1 = dz/dtM: Descent Rate [m/s]
# name 2 = sbeox0Mg/L: Oxygen, SBE 43 [mg/l]
# name 3 = sbeox0PS: Oxygen, SBE 43 [% saturation]
# name 4 = specc: Specific Conductance [uS/cm]
# name 5 = c0uS/cm: Conductivity [uS/cm]
# name 6 = flECO-AFL: Fluorescence, WET Labs ECO-AFL/FL [mg/m^3]
# name 7 = ph: pH
# name 8 = orp: Oxidation Reduction Potential [mV]
# name 9 = par/sat/log: PAR/Logarithmic, Satlantic
# name 10 = turbWETntu0: Turbidity, WET Labs ECO [NTU]
# name 11 = prdM: Pressure, Strain Gauge [db]
# name 12 = prdE: Pressure, Strain Gauge [psi]
# name 13 = tv290C: Temperature [ITS-90, deg C]
# name 14 = flag:  0.000e+00
# span 0 =     -0.669,      4.855       
# span 1 =     -0.136,      0.293       
# span 2 =    -0.1912,    10.2533       
# span 3 =     -1.798,    124.212       
# span 4 =      2.897,     61.192       
# span 5 =   2.605122,  44.148050       
# span 6 =    -0.6807,     9.4418       
# span 7 =     10.271,     15.918       
# span 8 =  -877.4305,  1240.2272       
# span 9 = 2.0632e-01, 2.7291e+03       
# span 10 =    -0.1221,   219.3182      
# span 11 =     -0.657,      4.763      
# span 12 =     -0.954,      6.909      
# span 13 =     9.8367,    25.6384      
# span 14 = 0.0000e+00, 0.0000e+00      
# interval = seconds: 0.25
# start_time = Jun 15 2026 12:38:03 [Instrument's time stamp, header]
# bad_flag = -9.990e-29
*END*
[from data line 1639]
      4.781      0.020     2.9551     25.096     49.886  34.975572     0.0190     10.665  -159.2274 1.2575e+00     0.1355      4.688      6.800    10.0593 0.0000e+00
      4.786      0.025     2.9356     24.640     50.155  35.160832     0.0230     10.663  -158.6059 1.1583e+00     0.3260      4.692      6.806    10.0767 0.0000e+00
      4.792      0.029     2.9045     24.118     50.244  35.228510     0.0158     10.648  -158.8487 9.8711e-01     2.7275      4.698      6.814    10.0783 0.0000e+00
      4.800      0.032     2.8713     23.575     50.318  35.286265     0.1654     10.606  -159.6683 7.7596e-01    30.6061      4.705      6.824    10.0636 0.0000e+00
      4.811      0.033     2.8333     23.025     50.506  35.414999     0.5001     10.542  -160.1695 5.8882e-01    81.8579      4.717      6.842    10.0509 0.0000e+00
      4.822      0.031     2.7814     22.515     50.481  35.389108     0.6915     10.473  -158.2840 4.4358e-01   109.6404      4.730      6.861    10.0449 0.0000e+00
      4.832      0.027     2.7179     22.071     50.173  35.163548     0.7154     10.409  -155.1115 3.4207e-01   111.1465      4.739      6.873    10.0536 0.0000e+00
      4.838      0.022     2.6584     21.686     49.915  34.971977     0.8304     10.357  -156.0545 2.9628e-01   101.4004      4.746      6.883    10.0656 0.0000e+00
      4.841      0.017     2.5927     21.412     49.841  34.912880     1.0329     10.321  -161.4247 2.7868e-01    83.2468      4.748      6.886    10.0604 0.0000e+00
      4.842      0.012     2.5344     21.279     49.908  34.956601     1.1497     10.299  -168.2474 2.5996e-01    73.4145      4.747      6.886    10.0493 0.0000e+00
      4.843      0.009     2.4882     21.259     49.962  34.993001     1.1530     10.286  -175.6522 2.3162e-01    72.6661      4.749      6.888    10.0407 0.0000e+00
      4.846      0.008     2.4408     21.338     49.936  34.972299     1.0887     10.276  -183.0705 2.0632e-01    74.2320      4.752      6.893    10.0285 0.0000e+00
      4.848      0.008     2.4086     21.403     49.921  34.960092     1.0387     10.271  -186.7012 2.1395e-01    75.7798      4.755      6.897    10.0196 0.0000e+00
      4.850 -9.990e-29     2.3979 -9.990e-29 -9.990e-29 -9.990e-29 -9.990e-29 -9.990e-29 -9.990e-29 2.4485e-01 -9.990e-29      4.756      6.899    10.0172 0.0000e+00
      4.851 -9.990e-29     2.3927 -9.990e-29 -9.990e-29 -9.990e-29 -9.990e-29 -9.990e-29 -9.990e-29 2.7080e-01 -9.990e-29      4.757      6.900    10.0179 0.0000e+00
      4.854 -9.990e-29     2.4063 -9.990e-29 -9.990e-29 -9.990e-29 -9.990e-29 -9.990e-29 -9.990e-29 3.0863e-01 -9.990e-29      4.760      6.903    10.0151 0.0000e+00
      4.855 -9.990e-29     2.4256 -9.990e-29 -9.990e-29 -9.990e-29 -9.990e-29 -9.990e-29 -9.990e-29 3.3699e-01 -9.990e-29      4.763      6.909    10.0101 0.0000e+00
