Data/DataNotYetUploadedToEDI/Raw_CTD/RawDownloads/061522_fcr50_0001.cnv
* Sea-Bird SBE19plus  Data File:
* FileName = C:\R\Reservoirs\Data\DataNotYetUploadedToEDI\Raw_CTD\RawDownloads\061522_fcr50_0001.hex
* Software version 2.8.0.119
* Temperature SN = 7809
* Conductivity SN = 7809
* System UpLoad Time = Jun 15 2022 15:57:22
* <ApplicationData>
* <Seaterm232>
# nquan = 15
# nvalues = 2440                        
# units = specified
# name 0 = depFM: Depth [fresh water, m]
# name 1 = dz/dtM: Descent Rate [m/s]
# name 2 = sbeox0Mg/L: Oxygen, SBE 43 [mg/l]
# name 3 = sbeox0PS: Oxygen, SBE 43 [% saturation]
# name 4 = specc: Specific Conductance [uS/cm]
# name 5 = c0uS/cm: Conductivity [uS/cm]
# name 6 = flECO-AFL: Fluorescence, WET Labs ECO-AFL/FL [mg/m^3]
# name 7 = ph: pH
# name 8 = orp: Oxidation Reduction Potential [mV]
# name 9 = par/sat/log: PAR/Logarithmic, Satlantic
# name 10 = turbWETntu0: Turbidity, WET Labs ECO [NTU]
# name 11 = prdM: Pressure, Strain Gauge [db]
# name 12 = prdE: Pressure, Strain Gauge [psi]
# name 13 = tv290C: Temperature [ITS-90, deg C]
# name 14 = flag:  0.000e+00
# span 0 =     -0.606,      9.730       
# span 1 =     -0.223,      0.190       
# span 2 =     0.0504,    15.6263       
# span 3 =      0.459,    180.169       
# span 4 =      0.291,    418.915       
# span 5 =   0.334348, 295.606745       
# span 6 =    -2.1246,    10.2333       
# span 7 =      6.452,     10.358       
# span 8 = -1240.7455,   201.4228       
# span 9 = 1.2334e-01, 2.5291e+03       
# span 10 =    -9.3814,   466.3646      
# span 11 =     -0.594,      9.542      
# span 12 =     -0.862,     13.839      
# span 13 =     9.7986,    32.5942      
# span 14 = 0.0000e+00, 0.0000e+00      
# interval = seconds: 0.25
# start_time = Jun 15 2022 09:49:34 [Instrument's time stamp, header]
# bad_flag = -9.990e-29
*END*
[from data line 675]
      2.241      0.006     5.2937     56.480     38.236  32.697693     4.2747      8.702   181.4382 3.8718e+00     3.0609      2.198      3.188    17.8572 0.0000e+00
      2.242      0.009     5.3156     56.555     38.284  32.710264     4.3444      8.697   180.8785 3.8518e+00     3.0703      2.199      3.189    17.8841 0.0000e+00
      2.245      0.011     5.3425     56.596     38.336  32.721702     4.3374      8.692   181.3426 3.8308e+00     3.0478      2.201      3.193    17.8506 0.0000e+00
      2.248      0.013     5.3616     56.571     38.363  32.709142     4.3401      8.689   182.6622 3.8008e+00     3.0618      2.204      3.196    17.7982 0.0000e+00
      2.253      0.013     5.3743     56.503     38.362  32.685147     4.3682      8.686   183.3252 3.7659e+00     3.1027      2.209      3.203    17.7471 0.0000e+00
      2.259      0.012     5.3847     56.376     38.370  32.685157     4.4024      8.681   183.4209 3.7573e+00     3.1325      2.217      3.216    17.7199 0.0000e+00
      2.263      0.010     5.3966     56.145     38.393  32.709260     4.4124      8.675   183.3038 3.7682e+00     3.1154      2.220      3.219    17.6777 0.0000e+00
      2.263      0.008     5.3977     55.828     38.396  32.722978     4.4062      8.670   182.9419 3.7830e+00     3.1011      2.219      3.218    17.6181 0.0000e+00
      2.264      0.005     5.3949     55.452     38.383  32.724223     4.3027      8.665   182.6590 3.8009e+00     3.0952      2.220      3.220    17.5891 0.0000e+00
      2.265      0.004     5.3879     55.047     38.377  32.724337     4.0917      8.660   182.6366 3.8114e+00     3.0442      2.221      3.221    17.5822 0.0000e+00
      2.265      0.005     5.3616     54.657     38.381  32.724358     3.9612      8.655   182.9296 3.8118e+00     2.9629      2.221      3.221    17.5906 0.0000e+00
      2.266      0.005     5.3296     54.279     38.384  32.724473     3.9321      8.651   183.4477 3.8021e+00     2.8631      2.221      3.222    17.6073 0.0000e+00
      2.267      0.006     5.2909     53.916     38.381  32.725731     3.8898      8.647   183.9967 3.7860e+00     2.8291      2.223      3.224    17.6280 0.0000e+00
      2.270      0.009     5.2481     53.589     38.389  32.739567     3.8242      8.643   184.3189 3.7699e+00     2.8934      2.226      3.229    17.6360 0.0000e+00
      2.272      0.012     5.2138     53.294     38.432  32.764970     3.7880      8.638   183.7303 3.7586e+00     2.9568      2.229      3.233    17.6258 0.0000e+00
      2.274      0.017     5.1783     53.032     38.502  32.779254     3.7855      8.633   182.8164 3.7510e+00     2.9810      2.230      3.234    17.6191 0.0000e+00
      2.277      0.021     5.1414     52.832     38.582  32.785414     3.8358      8.629   183.0777 3.7260e+00     3.0498      2.231      3.236    17.6251 0.0000e+00
      2.283      0.026     5.1089     52.708     38.711  32.839365     3.9466      8.627   183.8774 3.6789e+00     3.2419      2.238      3.246    17.6440 0.0000e+00
      2.293      0.033     5.0811     52.602     38.953  32.987690     4.0174      8.624   184.5703 3.6324e+00     3.3908      2.249      3.262    17.6451 0.0000e+00
      2.302      0.041     5.0620     52.391     39.269  33.183854     4.0178      8.619   185.2605 3.5944e+00     3.3810      2.257      3.274    17.5727 0.0000e+00
      2.311      0.046     5.0521     51.970     39.524  33.308977     4.0934      8.614   184.8236 3.5424e+00     3.3283      2.265      3.285    17.4742 0.0000e+00
      2.324      0.048     5.0489     51.269     39.612  33.295756     4.2824      8.609   183.5032 3.4469e+00     3.3005      2.277      3.302    17.4135 0.0000e+00
      2.341      0.047     5.0503     50.143     39.580  33.214092     4.4044      8.604   182.9765 3.3475e+00     3.3185      2.296      3.330    17.3458 0.0000e+00
      2.358      0.043     5.0439     48.440     39.524  33.145775     4.4202      8.600   183.1020 3.2998e+00     3.3747      2.316      3.358    17.2587 0.0000e+00
      2.368      0.038     5.0159     46.215     39.477  33.103757     4.4150      8.596   183.5578 3.2786e+00     3.3652      2.323      3.369    17.1369 0.0000e+00
      2.374      0.032     4.9678     43.723     39.442  33.086482     4.4578      8.591   184.3575 3.2591e+00     3.2718      2.328      3.376    17.0021 0.0000e+00
      2.380      0.025     4.8738     41.316     39.390  33.063717     4.5556      8.585   184.1676 3.2448e+00     3.1687      2.334      3.385    16.9390 0.0000e+00
      2.385      0.020     4.7077     39.348     39.307  33.018743     4.6152      8.580   182.8957 3.2263e+00     3.1078      2.339      3.393    16.9215 0.0000e+00
      2.389      0.017     4.4835     38.084     39.237  32.986567     4.6211      8.576   182.2296 3.1950e+00     3.1161      2.343      3.398    16.9175 0.0000e+00
      2.392      0.017     4.2281     37.587     39.212  32.991727     4.5514      8.571   182.3937 3.1676e+00     3.1671      2.346      3.402    16.9361 0.0000e+00
      2.397      0.016     3.9806     37.752     39.213  33.017760     4.4133      8.566   182.9015 3.1624e+00     3.2464      2.351      3.409    16.9640 0.0000e+00
      2.401      0.016     3.7771     38.412     39.232  33.047753     4.3413      8.561   183.5515 3.1554e+00     3.3239      2.354      3.414    16.9974 0.0000e+00
      2.405      0.016     3.6509     39.375     39.295  33.100766     4.3392      8.556   183.7992 3.1332e+00     3.3518      2.358      3.420    17.0308 0.0000e+00
      2.410      0.016     3.6053     40.462     39.367  33.151503     4.2212      8.551   183.6597 3.1110e+00     3.2764      2.364      3.428    17.0640 0.0000e+00
      2.414      0.017     3.6232     41.448     39.389  33.153972     3.9792      8.546   183.4131 3.0821e+00     3.1297      2.366      3.432    17.1023 0.0000e+00
      2.417      0.017     3.6934     42.127     39.379  33.130600     3.8357      8.542   183.2265 3.0609e+00     3.0816      2.370      3.436    17.1209 0.0000e+00
      2.422      0.017     3.7906     42.422     39.379  33.122509     3.8011      8.538   183.2110 3.0561e+00     3.1383      2.376      3.444    17.1181 0.0000e+00
      2.426      0.018     3.9048     42.353     39.460  33.182934     3.5445      8.533   183.3983 3.0373e+00     3.0641      2.379      3.450    17.1053 0.0000e+00
      2.431      0.019     4.0108     42.030     39.616  33.290558     3.0635      8.529   184.1996 3.0175e+00     2.8332      2.384      3.457    17.0807 0.0000e+00
      2.436      0.019     4.0790     41.593     39.726  33.345889     2.8039      8.525   185.0700 3.0029e+00     2.7036      2.388      3.462    17.0594 0.0000e+00
      2.441      0.019     4.1087     41.124     39.750  33.344644     2.7703      8.519   185.0608 2.9751e+00     2.7273      2.392      3.469    17.0481 0.0000e+00
      2.447      0.018     4.0970     40.615     39.732  33.338882     2.6902      8.513   184.6902 2.9508e+00     2.7779      2.401      3.482    17.0518 0.0000e+00
      2.452      0.016     4.0629     40.046     39.702  33.339643     2.5590      8.509   184.3744 2.9420e+00     2.7686      2.406      3.489    17.0244 0.0000e+00
      2.455      0.013     4.0232     39.440     39.691  33.353882     2.4827      8.504   184.3403 2.9421e+00     2.7169      2.408      3.492    16.9553 0.0000e+00
      2.457      0.011     3.9818     38.792     39.717  33.384269     2.4668      8.499   185.3953 2.9391e+00     2.6997      2.410      3.496    16.9216 0.0000e+00
      2.459      0.009     3.9328     38.142     39.733  33.390034     2.4593      8.494   186.8920 2.9401e+00     2.6971      2.412      3.498    16.9437 0.0000e+00
      2.461      0.007     3.8712     37.602     39.724  33.360169     2.4244      8.489   187.2081 2.9461e+00     2.6857      2.413      3.500    16.9861 0.0000e+00
      2.462      0.007     3.8118     37.204     39.737  33.340169     2.3526      8.484   186.8948 2.9351e+00     2.6304      2.416      3.502    17.0205 0.0000e+00
      2.465      0.008     3.7476     36.889     39.767  33.338390     2.3070      8.480   186.5453 2.9206e+00     2.5062      2.418      3.506    17.0312 0.0000e+00
      2.467      0.009     3.6796     36.622     39.787  33.338627     2.3065      8.476   186.0805 2.9191e+00     2.4828      2.419      3.509    17.0205 0.0000e+00
      2.468      0.010     3.6284     36.377     39.807  33.343016     2.3303      8.471   186.6952 2.9182e+00     2.6892      2.421      3.511    16.9906 0.0000e+00
      2.470      0.012     3.5977     36.126     39.816  33.328031     2.3612      8.466   188.2126 2.9082e+00     2.9176      2.422      3.513    16.9447 0.0000e+00
      2.473      0.013     3.5702     35.878     39.793  33.284227     2.3715      8.463   189.0256 2.8949e+00     2.9548      2.425      3.518    16.9083 0.0000e+00
      2.477      0.014     3.5457     35.588     39.766  33.257188     2.3636      8.459   188.7816 2.8756e+00     2.9008      2.429      3.523    16.8899 0.0000e+00
      2.482      0.015     3.5256     35.207     39.739  33.254718     2.3415      8.454   188.1876 2.8540e+00     2.8447      2.434      3.529    16.8835 0.0000e+00
      2.487      0.016     3.5001     34.777     39.703  33.254376     2.3118      8.450   187.8676 2.8494e+00     2.7547      2.440      3.538    16.8535 0.0000e+00
      2.490      0.017     3.4827     34.372     39.694  33.253098     2.3039      8.446   187.9238 2.8463e+00     2.7013      2.443      3.543    16.8030 0.0000e+00
      2.492      0.017     3.4581     34.032     39.754  33.239281     2.3125      8.442   188.3510 2.8286e+00     2.7122      2.444      3.544    16.8014 0.0000e+00
      2.497      0.016     3.4157     33.743     39.864  33.214050     2.3410      8.439   188.9030 2.8050e+00     2.7491      2.448      3.549    16.8312 0.0000e+00
      2.504      0.014     3.3685     33.458     39.977  33.201487     2.3981      8.435   189.1771 2.7745e+00     2.8062      2.457      3.562    16.8788 0.0000e+00
      2.509      0.013     3.3238     33.109     40.077  33.214064     2.4290      8.431   189.2564 2.7532e+00     2.8217      2.463      3.571    16.9244 0.0000e+00
      2.512      0.012     3.2981     32.623     40.161  33.239229     2.4315      8.427   188.8291 2.7592e+00     2.7652      2.463      3.572    16.8331 0.0000e+00
      2.512      0.010     3.2854     32.017     40.220  33.252086     2.4790      8.422   188.0541 2.7699e+00     2.7038      2.463      3.573    16.6406 0.0000e+00
      2.513      0.008     3.2683     31.370     40.264  33.242659     2.5615      8.418   187.8878 2.7715e+00     2.7282      2.464      3.574    16.5060 0.0000e+00
      2.514      0.007     3.2445     30.732     40.337  33.251996     2.6057      8.416   188.0229 2.7642e+00     2.8215      2.466      3.576    16.4230 0.0000e+00
      2.517      0.008     3.1991     30.128     40.455  33.301517     2.6047      8.413   188.2247 2.7538e+00     2.8080      2.468      3.580    16.3728 0.0000e+00
      2.520      0.009     3.1375     29.561     40.554  33.334124     2.5920      8.408   188.6933 2.7518e+00     2.7013      2.472      3.585    16.3417 0.0000e+00
      2.522      0.010     3.0774     29.031     40.610  33.329158     2.6010      8.404   188.2683 2.7403e+00     2.6584      2.474      3.588    16.2804 0.0000e+00
      2.524      0.010     3.0180     28.566     40.634  33.304810     2.6388      8.401   186.8714 2.7176e+00     2.6988      2.475      3.590    16.2101 0.0000e+00
      2.527      0.010     2.9622     28.155     40.652  33.293295     2.6662      8.397   186.3441 2.7098e+00     2.7798      2.478      3.595    16.1562 0.0000e+00
      2.530      0.010     2.9105     27.737     40.692  33.316718     2.6578      8.392   186.8836 2.7107e+00     2.7836      2.481      3.598    16.0981 0.0000e+00
      2.533      0.010     2.8610     27.282     40.719  33.334388     2.5711      8.388   187.3716 2.6944e+00     2.7458      2.484      3.603    16.0270 0.0000e+00
      2.535      0.011     2.8182     26.803     40.711  33.316721     2.4338      8.383   187.6842 2.6671e+00     2.7664      2.487      3.607    15.9677 0.0000e+00
      2.537      0.011     2.7834     26.306     40.707  33.293315     2.3624      8.377   187.4795 2.6587e+00     2.7929      2.488      3.609    15.9372 0.0000e+00
      2.540      0.010     2.7431     25.813     40.748  33.304975     2.3480      8.372   186.7032 2.6660e+00     2.8278      2.491      3.612    15.9314 0.0000e+00
      2.543      0.009     2.6970     25.396     40.796  33.330865     2.2351      8.368   186.3860 2.6631e+00     2.8126      2.494      3.617    15.9315 0.0000e+00
      2.547      0.009     2.6503     25.048     40.826  33.352706     2.0203      8.365   186.5699 2.6521e+00     2.7453      2.498      3.623    15.9191 0.0000e+00
      2.549      0.008     2.6033     24.708     40.862  33.378848     1.9068      8.362   186.9474 2.6466e+00     2.7318      2.500      3.626    15.8908 0.0000e+00
      2.550      0.008     2.5515     24.395     40.892  33.393321     1.9028      8.358   187.5093 2.6409e+00     2.7174      2.500      3.626    15.8575 0.0000e+00
      2.551      0.007     2.5112     24.130     40.921  33.400875     1.8898      8.354   187.6846 2.6385e+00     2.6748      2.502      3.628    15.8408 0.0000e+00
      2.553      0.006     2.4823     23.896     40.951  33.406756     1.8573      8.350   187.3462 2.6445e+00     2.6594      2.504      3.631    15.8447 0.0000e+00
      2.555      0.006     2.4447     23.697     40.961  33.401005     1.8351      8.346   187.0322 2.6471e+00     2.7015      2.506      3.635    15.8445 0.0000e+00
      2.557      0.006     2.4142     23.517     40.961  33.394724     1.8372      8.342   186.9849 2.6450e+00     2.7750      2.508      3.637    15.8296 0.0000e+00
      2.559      0.005     2.3910     23.338     40.964  33.394204     1.8420      8.339   187.1182 2.6357e+00     2.7280      2.509      3.639    15.8088 0.0000e+00
      2.560      0.004     2.3673     23.168     40.968  33.394724     1.8346      8.335   187.3535 2.6230e+00     2.5772      2.510      3.641    15.7833 0.0000e+00
      2.560      0.003     2.3500     23.011     40.983  33.401009     1.8226      8.330   188.0232 2.6273e+00     2.4889      2.511      3.641    15.7642 0.0000e+00
      2.561      0.003     2.3332     22.860     41.002  33.406785     1.8214      8.326   188.9342 2.6369e+00     2.4804      2.511      3.642    15.7584 0.0000e+00
      2.562      0.004     2.3151     22.739     41.009  33.401137     1.8280      8.322   189.1621 2.6322e+00     2.5081      2.512      3.643    15.7569 0.0000e+00
      2.563      0.008     2.2975     22.665     41.017  33.396113     1.8363      8.319   188.7139 2.6326e+00     2.5510      2.513      3.645    15.7540 0.0000e+00
      2.563      0.013     2.2837     22.605     41.052  33.409428     1.8542      8.316   188.2472 2.6318e+00     2.6231      2.513      3.645    15.7470 0.0000e+00
      2.564      0.017     2.2680     22.552     41.109  33.435313     1.8783      8.313   188.2522 2.6144e+00     2.6967      2.513      3.645    15.7345 0.0000e+00
      2.569      0.020     2.2547     22.495     41.166  33.455434     1.8951      8.309   189.1177 2.5904e+00     2.7241      2.516      3.650    15.7209 0.0000e+00
      2.580      0.021     2.2518     22.405     41.202  33.462458     1.8740      8.304   190.3657 2.5625e+00     2.6126      2.530      3.670    15.7060 0.0000e+00
      2.590      0.020     2.2449     22.260     41.204  33.456809     1.8148      8.300   190.9527 2.5478e+00     2.3732      2.542      3.688    15.6909 0.0000e+00
      2.595      0.020     2.2413     22.048     41.189  33.450526     1.7704      8.295   190.8808 2.5538e+00     2.2209      2.545      3.692    15.6685 0.0000e+00
      2.596      0.020     2.2393     21.760     41.186  33.449903     1.7695      8.291   190.5289 2.5602e+00     2.2397      2.546      3.692    15.6296 0.0000e+00
