Data/DataNotYetUploadedToEDI/Raw_CTD/RawDownloads/061526_fcr20_S7809009.cnv
* Sea-Bird SBE19plus  Data File:
* FileName = C:\R\Reservoirs\Data\DataNotYetUploadedToEDI\Raw_CTD\RawDownloads\062926_fcr50_S7809_0009.hex
* Software version 2.8.0.119
* Temperature SN = 7809
* Conductivity SN = 7809
* System UpLoad Time = Jun 30 2026 09:03:22
* <ApplicationData>
* <Seaterm232>
# nquan = 15
# nvalues = 1865                        
# units = specified
# name 0 = depFM: Depth [fresh water, m]
# name 1 = dz/dtM: Descent Rate [m/s]
# name 2 = sbeox0Mg/L: Oxygen, SBE 43 [mg/l]
# name 3 = sbeox0PS: Oxygen, SBE 43 [% saturation]
# name 4 = specc: Specific Conductance [uS/cm]
# name 5 = c0uS/cm: Conductivity [uS/cm]
# name 6 = flECO-AFL: Fluorescence, WET Labs ECO-AFL/FL [mg/m^3]
# name 7 = ph: pH
# name 8 = orp: Oxidation Reduction Potential [mV]
# name 9 = par/sat/log: PAR/Logarithmic, Satlantic
# name 10 = turbWETntu0: Turbidity, WET Labs ECO [NTU]
# name 11 = prdM: Pressure, Strain Gauge [db]
# name 12 = prdE: Pressure, Strain Gauge [psi]
# name 13 = tv290C: Temperature [ITS-90, deg C]
# name 14 = flag:  0.000e+00
# span 0 =     -0.666,      2.628       
# span 1 =     -0.195,      0.268       
# span 2 =    -0.8813,     9.7343       
# span 3 =     -9.144,    116.023       
# span 4 =      1.699,     61.409       
# span 5 =   1.542543,  50.301360       
# span 6 =    -0.1701,     8.7069       
# span 7 =      9.840,     12.326       
# span 8 =   -69.0078,   664.1515       
# span 9 = 7.4109e+00, 2.4498e+03       
# span 10 =    -0.1775,    86.0586      
# span 11 =     -0.653,      2.578      
# span 12 =     -0.947,      3.738      
# span 13 =    15.8740,    24.7984      
# span 14 = 0.0000e+00, 0.0000e+00      
# interval = seconds: 0.25
# start_time = Jun 15 2026 12:23:42 [Instrument's time stamp, header]
# bad_flag = -9.990e-29
*END*
[from data line 1157]
      0.186     -0.002     9.5094    115.975     39.297  38.975992     2.8347     12.287    31.9732 8.4721e+02     7.2004      0.183      0.265    24.5903 0.0000e+00
      0.184     -0.001     9.5575    115.699     39.297  38.974838     2.8124     12.286    32.0212 8.7041e+02     7.1772      0.180      0.261    24.5901 0.0000e+00
      0.183     -0.000     9.6128    115.051     39.286  38.962251     2.8107     12.285    32.0376 8.2797e+02     7.2581      0.178      0.258    24.5929 0.0000e+00
      0.184      0.000     9.6532    114.354     39.278  38.950713     2.8137     12.284    31.9987 7.3619e+02     7.3241      0.180      0.261    24.5912 0.0000e+00
      0.186      0.001     9.6668    113.915     39.294  38.962251     2.7985     12.284    32.0669 7.2519e+02     7.2585      0.183      0.266    24.5857 0.0000e+00
      0.187      0.001     9.6475    113.740     39.311  38.974829     2.7683     12.284    32.2594 8.1215e+02     7.2160      0.184      0.267    24.5837 0.0000e+00
      0.186      0.000     9.5805    113.714     39.316  38.975860     2.7569     12.284    32.3477 8.7807e+02     7.2205      0.184      0.266    24.5827 0.0000e+00
      0.185     -0.001     9.5106    113.764     39.316  38.974715     2.7681     12.284    32.2738 8.2502e+02     7.2437      0.182      0.264    24.5783 0.0000e+00
      0.185     -0.001     9.4791    113.904     39.303  38.960994     2.7875     12.284    32.2264 8.1965e+02     7.2925      0.181      0.263    24.5715 0.0000e+00
      0.185     -0.001     9.4688    114.129     39.279  38.936870     2.7912     12.283    32.2916 8.9335e+02     7.2638      0.182      0.263    24.5655 0.0000e+00
      0.185     -0.002     9.4704    114.352     39.279  38.936860     2.7721     12.283    32.3734 8.5061e+02     7.2379      0.181      0.263    24.5617 0.0000e+00
      0.185     -0.002     9.4735    114.601     39.301  38.960881     2.7642     12.282    32.3550 7.9263e+02     7.2521      0.182      0.263    24.5598 0.0000e+00
      0.185     -0.002     9.4832    114.927     39.309  38.973467     2.7788     12.281    32.3274 8.0289e+02     7.2307      0.182      0.264    24.5592 0.0000e+00
      0.184     -0.002     9.5090    115.208     39.290  38.962137     2.7988     12.281    32.2981 7.4710e+02     7.1508      0.180      0.261    24.5582 0.0000e+00
      0.182     -0.002     9.5251    115.311     39.270  38.950815     2.7987     12.280    32.2591 6.6346e+02     7.0371      0.179      0.259    24.5578 0.0000e+00
      0.182     -0.001     9.5410    115.238     39.278  38.963507     2.7860     12.280    32.3707 6.5307e+02     7.0512      0.178      0.258    24.5595 0.0000e+00
      0.182     -0.001     9.5733    114.968     39.304  38.988681     2.7866     12.280    32.4440 7.2927e+02     7.1506      0.177      0.257    24.5647 0.0000e+00
      0.182     -0.000     9.6003    114.466     39.321  39.001355     2.7889     12.279    32.3714 7.9082e+02     7.1804      0.178      0.258    24.5767 0.0000e+00
      0.183      0.001     9.6040    113.907     39.315  38.989817     2.8058     12.279    32.3524 8.4810e+02     7.1379      0.179      0.258    24.5902 0.0000e+00
      0.183      0.001     9.5963    113.523     39.305  38.976096     2.8656     12.280    32.3873 9.6653e+02     7.0124      0.180      0.260    24.5963 0.0000e+00
      0.182      0.002     9.5805    113.462     39.295  38.962366     2.9543     12.280    32.3621 9.5462e+02     6.9622      0.179      0.260    24.5941 0.0000e+00
      0.182      0.003     9.5307    113.734     39.285  38.950724     3.0211     12.280    32.3056 7.5542e+02     7.0765      0.179      0.259    24.5872 0.0000e+00
      0.183      0.003     9.4784    114.125     39.299  38.962243     3.0484     12.280    32.2209 5.4509e+02     7.1643      0.179      0.259    24.5807 0.0000e+00
      0.184      0.003     9.4438    114.388     39.314  38.974725     3.0683     12.280    32.1124 4.1294e+02     7.1020      0.181      0.263    24.5762 0.0000e+00
      0.186      0.003     9.4360    114.415     39.317  38.974716     3.0963     12.280    32.1127 3.0079e+02     6.9722      0.183      0.265    24.5714 0.0000e+00
      0.188      0.003     9.4694    114.286     39.309  38.962129     3.1204     12.280    32.1377 2.2769e+02     6.9958      0.184      0.266    24.5677 0.0000e+00
      0.189      0.002     9.5095    114.184     39.301  38.949445     3.1350     12.281    32.1571 2.1484e+02     7.1482      0.185      0.268    24.5658 0.0000e+00
      0.189      0.002     9.5355    114.140     39.306  38.948269     3.1308     12.281    32.2610 1.9789e+02     7.1402      0.185      0.268    24.5636 0.0000e+00
      0.189      0.002     9.5363    114.086     39.311  38.947905     3.1109     12.281    32.3610 1.7900e+02     6.9679      0.185      0.269    24.5598 0.0000e+00
      0.188      0.002     9.5177    114.042     39.313  38.945037     3.1027     12.282    32.3344 1.6708e+02     6.8759      0.185      0.269    24.5541 0.0000e+00
      0.188      0.002     9.5104    114.036     39.284  38.913578     3.1072     12.284    32.1978 1.6428e+02     6.9494      0.183      0.267    24.5475 0.0000e+00
      0.189      0.002     9.5131    114.059     39.256  38.884838     3.1235     12.284    32.0848 1.6688e+02     7.0711      0.185      0.269    24.5395 0.0000e+00
      0.192      0.001     9.5068    114.142     39.284  38.914837     3.1330     12.283    32.0871 1.6818e+02     7.1859      0.188      0.274    24.5312 0.0000e+00
      0.193     -0.001     9.5040    114.358     39.323  38.958995     3.1055     12.283    32.1403 1.7272e+02     7.2782      0.190      0.276    24.5250 0.0000e+00
      0.193     -0.003     9.5052    114.753     39.333  38.974547     3.0652     12.284    32.1254 1.8032e+02     7.2650      0.191      0.276    24.5209 0.0000e+00
      0.191     -0.004     9.5061    115.235     39.329  38.975959     3.0459     12.284    32.0797 1.8931e+02     7.2659      0.187      0.272    24.5204 0.0000e+00
      0.186     -0.004     9.5101    115.615     39.325  38.976078     3.0550     12.283    32.1032 2.0446e+02     7.3579      0.182      0.264    24.5240 0.0000e+00
      0.184     -0.003     9.5241    115.789     39.323  38.975994     3.0680     12.283    32.2380 2.4705e+02     7.3514      0.179      0.259    24.5308 0.0000e+00
      0.185     -0.002     9.5585    115.858     39.321  38.974945     3.0606     12.283    32.3329 2.8925e+02     7.2216      0.181      0.263    24.5389 0.0000e+00
      0.187     -0.001     9.6047    115.922     39.311  38.963390     3.0572     12.283    32.3039 2.9280e+02     7.1550      0.184      0.267    24.5457 0.0000e+00
      0.188      0.000     9.6402    115.914     39.313  38.963200     3.0768     12.282    32.2322 2.8605e+02     7.1606      0.186      0.269    24.5506 0.0000e+00
      0.187     -0.000     9.6488    115.754     39.325  38.972649     3.0973     12.282    32.1540 2.6078e+02     7.1528      0.184      0.268    24.5538 0.0000e+00
      0.185     -0.001     9.6493    115.488     39.304  38.950718     3.0886     12.282    32.1324 2.3255e+02     7.0954      0.181      0.262    24.5545 0.0000e+00
      0.184     -0.001     9.6593    115.226     39.306  38.951873     3.0634     12.282    32.1431 2.2106e+02     6.9792      0.179      0.260    24.5526 0.0000e+00
      0.184     -0.000     9.6626    115.047     39.341  38.986599     3.0510     12.282    32.1967 2.0771e+02     6.9095      0.180      0.262    24.5492 0.0000e+00
      0.185      0.001     9.6479    114.996     39.344  38.989841     3.0637     12.283    32.2644 2.0120e+02     6.9697      0.182      0.265    24.5461 0.0000e+00
      0.187      0.001     9.6216    114.968     39.344  38.991081     3.0919     12.283    32.1877 1.9227e+02     7.0576      0.183      0.266    24.5437 0.0000e+00
      0.187      0.001     9.5988    114.773     39.352  39.001589     3.0843     12.283    32.0442 1.8032e+02     7.0164      0.183      0.265    24.5424 0.0000e+00
      0.186      0.001     9.5815    114.470     39.337  38.989966     3.0466     12.283    31.9915 1.7378e+02     6.9154      0.183      0.265    24.5429 0.0000e+00
      0.186      0.001     9.5782    114.221     39.320  38.977474     3.0195     12.284    31.9810 1.6576e+02     6.8955      0.182      0.264    24.5432 0.0000e+00
      0.186      0.001     9.5880    114.037     39.315  38.977483     3.0142     12.285    31.9173 1.5884e+02     6.9804      0.183      0.265    24.5441 0.0000e+00
      0.187      0.002     9.5660    113.904     39.323  38.990080     3.0321     12.285    31.8238 1.5479e+02     7.0877      0.184      0.266    24.5477 0.0000e+00
      0.187      0.004     9.5318    113.807     39.331  39.002866     3.0282     12.284    31.7967 1.5157e+02     7.0660      0.184      0.267    24.5525 0.0000e+00
      0.187      0.004     9.5137    113.738     39.328  39.005172     2.9832     12.283    31.8468 1.4938e+02     6.9565      0.184      0.266    24.5581 0.0000e+00
      0.189      0.003     9.4957    113.665     39.336  39.017968     2.9457     12.283    31.9138 1.4822e+02     6.8911      0.184      0.267    24.5646 0.0000e+00
      0.192      0.003     9.4850    113.543     39.342  39.030670     2.9494     12.283    32.0043 1.4767e+02     6.9587      0.188      0.273    24.5711 0.0000e+00
      0.193      0.003     9.4756    113.399     39.333  39.031843     2.9701     12.283    32.0811 1.4617e+02     7.1256      0.191      0.277    24.5771 0.0000e+00
      0.193      0.003     9.4691    113.227     39.322  39.032164     2.9787     12.283    32.0681 1.4488e+02     7.2009      0.188      0.274    24.5828 0.0000e+00
      0.192      0.003     9.4656    112.922     39.313  39.034564     2.9788     12.283    32.0195 1.4561e+02     7.1849      0.186      0.270    24.5889 0.0000e+00
      0.192      0.002     9.4510    112.477     39.331  39.060882     2.9806     12.283    32.0086 1.4864e+02     7.1717      0.187      0.272    24.5976 0.0000e+00
      0.195      0.002     9.4360    112.045     39.362  39.096555     3.0000     12.284    32.0226 1.5114e+02     7.2118      0.192      0.278    24.6104 0.0000e+00
      0.196      0.002     9.4247    111.850     39.348  39.085132     3.0056     12.284    32.0173 1.5056e+02     7.2264      0.194      0.281    24.6263 0.0000e+00
      0.196      0.001     9.3975    112.122     39.313  39.049678     2.9481     12.284    32.0301 1.5033e+02     7.0744      0.192      0.279    24.6412 0.0000e+00
      0.194      0.000     9.3520    112.837     39.314  39.048638     2.8869     12.284    32.0059 1.5211e+02     6.9116      0.190      0.276    24.6521 0.0000e+00
      0.194     -0.001     9.3101    113.601     39.339  39.072565     2.8729     12.284    31.8960 1.5586e+02     6.8636      0.190      0.275    24.6592 0.0000e+00
      0.195     -0.001     9.2838    114.130     39.350  39.085143     2.9131     12.285    31.8206 1.6023e+02     6.9379      0.191      0.277    24.6615 0.0000e+00
      0.195     -0.001     9.3049    114.570     39.335  39.073803     2.9902     12.285    31.7830 1.6503e+02     7.0933      0.191      0.277    24.6597 0.0000e+00
      0.195      0.000     9.3816    115.064     39.317  39.062378     3.0138     12.285    31.7852 1.7039e+02     7.1021      0.191      0.277    24.6569 0.0000e+00
      0.194      0.000     9.4576    115.463     39.320  39.073925     2.9906     12.286    31.8471 1.7472e+02     6.9758      0.191      0.276    24.6548 0.0000e+00
      0.194     -0.001     9.4919    115.653     39.325  39.086511     2.9848     12.287    31.9287 1.7720e+02     6.8983      0.189      0.274    24.6560 0.0000e+00
      0.194     -0.001     9.5191    115.670     39.323  39.087645     3.0017     12.287    31.9116 1.7594e+02     6.9518      0.190      0.276    24.6615 0.0000e+00
      0.194      0.000     9.5694    115.627     39.323  39.087646     3.0277     12.287    31.8126 1.7625e+02     7.1095      0.191      0.277    24.6697 0.0000e+00
      0.194      0.002     9.6029    115.627     39.324  39.086511     3.0244     12.288    31.7643 1.7760e+02     7.1317      0.191      0.276    24.6817 0.0000e+00
      0.193      0.005     9.6144    115.569     39.314  39.073924     2.9954     12.289    31.7574 1.7926e+02     7.0146      0.190      0.275    24.6931 0.0000e+00
      0.193      0.009     9.6133    115.336     39.305  39.062376     2.9854     12.289    31.8159 1.8724e+02     7.0259      0.188      0.273    24.6969 0.0000e+00
      0.196      0.015     9.6026    115.046     39.319  39.073800     2.9954     12.289    31.8685 1.9817e+02     7.1320      0.192      0.278    24.6955 0.0000e+00
      0.201      0.021     9.6090    114.847     39.331  39.085129     2.9994     12.288    31.9631 2.1755e+02     7.1704      0.198      0.287    24.6926 0.0000e+00
      0.206      0.027     9.6114    114.703     39.320  39.072428     2.9829     12.288    32.1855 2.3960e+02     7.1142      0.201      0.292    24.6888 0.0000e+00
      0.214      0.029     9.5863    114.565     39.296  39.047149     2.9791     12.287    32.3208 2.5399e+02     7.1353      0.208      0.302    24.6847 0.0000e+00
      0.226      0.027     9.5561    114.460     39.285  39.033323     3.0283     12.286    32.3078 2.5209e+02     7.3913      0.222      0.322    24.6820 0.0000e+00
      0.238      0.022     9.5433    114.360     39.289  39.032170     3.0874     12.286    32.2010 2.2375e+02     7.6138      0.236      0.342    24.6807 0.0000e+00
      0.244      0.016     9.5345    114.205     39.298  39.033202     3.1118     12.287    32.0617 1.9395e+02     7.6391      0.242      0.351    24.6798 0.0000e+00
      0.244      0.010     9.5195    113.954     39.316  39.045789     3.1144     12.288    32.0867 1.7925e+02     7.5267      0.241      0.349    24.6777 0.0000e+00
      0.241      0.005     9.5139    113.648     39.331  39.057430     3.1112     12.289    32.1591 1.7150e+02     7.3136      0.236      0.342    24.6742 0.0000e+00
      0.239      0.000     9.5082    113.364     39.320  39.047035     3.1232     12.289    32.1627 1.6400e+02     7.2482      0.233      0.338    24.6681 0.0000e+00
      0.240     -0.001     9.4988    113.088     39.318  39.047025     3.1504     12.289    32.2164 1.5919e+02     7.3513      0.236      0.342    24.6573 0.0000e+00
      0.242     -0.001     9.4793    112.890     39.328  39.057314     3.1653     12.289    32.2054 1.6440e+02     7.3649      0.239      0.346    24.6479 0.0000e+00
      0.242     -0.001     9.4486    112.954     39.316  39.044519     3.1529     12.289    32.1157 1.7092e+02     7.2758      0.239      0.346    24.6449 0.0000e+00
      0.241     -0.004     9.4283    113.214     39.295  39.019233     3.1260     12.290    32.0784 1.7241e+02     7.2300      0.236      0.342    24.6472 0.0000e+00
      0.240     -0.012     9.4040    113.386     39.290  39.005406     3.1235     12.291    32.0132 1.7083e+02     7.2899      0.234      0.339    24.6498 0.0000e+00
      0.240     -0.021     9.3766    113.297     39.299  39.004254     3.1313     12.291    31.8430 1.6189e+02     7.3162      0.237      0.342    24.6507 0.0000e+00
      0.238     -0.028     9.3850    112.987     39.309  39.005294     3.1196     12.292    31.7413 1.4944e+02     7.2067      0.236      0.343    24.6497 0.0000e+00
      0.228     -0.030     9.4196    112.689     39.324  39.017967     3.0988     12.293    31.7300 1.3811e+02     7.0597      0.226      0.328    24.6451 0.0000e+00
      0.210     -0.028     9.4403    112.636     39.330  39.030553     3.0712     12.294    31.7060 1.3353e+02     6.9396      0.206      0.299    24.6338 0.0000e+00
      0.195     -0.023     9.4350    112.824     39.320  39.030561     3.0611     12.294    31.7958 1.4133e+02     6.9495      0.187      0.271    24.6176 0.0000e+00
      0.190     -0.017     9.4034    113.107     39.297  39.018076     3.0765     12.293    31.9558 1.6323e+02     7.0427      0.182      0.263    24.6048 0.0000e+00
