Data/DataNotYetUploadedToEDI/Raw_CTD/RawDownloads/061526_fcr30_S7809010.cnv
* Sea-Bird SBE19plus  Data File:
* FileName = C:\R\Reservoirs\Data\DataNotYetUploadedToEDI\Raw_CTD\RawDownloads\062926_fcr50_S7809_0010.hex
* Software version 2.8.0.119
* Temperature SN = 7809
* Conductivity SN = 7809
* System UpLoad Time = Jun 30 2026 09:04:09
* <ApplicationData>
* <Seaterm232>
# nquan = 15
# nvalues = 1656                        
# units = specified
# name 0 = depFM: Depth [fresh water, m]
# name 1 = dz/dtM: Descent Rate [m/s]
# name 2 = sbeox0Mg/L: Oxygen, SBE 43 [mg/l]
# name 3 = sbeox0PS: Oxygen, SBE 43 [% saturation]
# name 4 = specc: Specific Conductance [uS/cm]
# name 5 = c0uS/cm: Conductivity [uS/cm]
# name 6 = flECO-AFL: Fluorescence, WET Labs ECO-AFL/FL [mg/m^3]
# name 7 = ph: pH
# name 8 = orp: Oxidation Reduction Potential [mV]
# name 9 = par/sat/log: PAR/Logarithmic, Satlantic
# name 10 = turbWETntu0: Turbidity, WET Labs ECO [NTU]
# name 11 = prdM: Pressure, Strain Gauge [db]
# name 12 = prdE: Pressure, Strain Gauge [psi]
# name 13 = tv290C: Temperature [ITS-90, deg C]
# name 14 = flag:  0.000e+00
# span 0 =     -0.669,      4.855       
# span 1 =     -0.136,      0.293       
# span 2 =    -0.1912,    10.2533       
# span 3 =     -1.798,    124.212       
# span 4 =      2.897,     61.192       
# span 5 =   2.605122,  44.148050       
# span 6 =    -0.6807,     9.4418       
# span 7 =     10.271,     15.918       
# span 8 =  -877.4305,  1240.2272       
# span 9 = 2.0632e-01, 2.7291e+03       
# span 10 =    -0.1221,   219.3182      
# span 11 =     -0.657,      4.763      
# span 12 =     -0.954,      6.909      
# span 13 =     9.8367,    25.6384      
# span 14 = 0.0000e+00, 0.0000e+00      
# interval = seconds: 0.25
# start_time = Jun 15 2026 12:38:03 [Instrument's time stamp, header]
# bad_flag = -9.990e-29
*END*
[from data line 482]
      0.140 -2.066e-07     9.3542    114.486     39.059  39.386568     2.6411     12.266    31.1973 5.4578e+01     6.3047      0.137      0.199    25.4196 0.0000e+00
      0.140 -5.542e-08     9.3543    114.515     39.012  39.336477     2.6392     12.266    31.3318 5.4904e+01     6.2990      0.138      0.200    25.4238 0.0000e+00
      0.140 -4.081e-07     9.3626    114.439     39.006  39.327100     2.6640     12.265    31.3614 5.5064e+01     6.3389      0.138      0.200    25.4256 0.0000e+00
      0.140     -0.000     9.3779    114.289     39.019  39.336643     2.7003     12.265    31.2970 5.4961e+01     6.4104      0.138      0.200    25.4205 0.0000e+00
      0.140     -0.000     9.3903    114.152     39.011  39.324940     2.7450     12.265    31.2423 5.5110e+01     6.5492      0.137      0.199    25.4113 0.0000e+00
      0.140     -0.001     9.3939    114.097     39.001  39.312513     2.7548     12.265    31.2153 5.5440e+01     6.5480      0.137      0.199    25.4087 0.0000e+00
      0.140     -0.001     9.3870    114.077     39.005  39.313308     2.7601     12.264    31.2298 5.5220e+01     6.4983      0.137      0.199    25.4074 0.0000e+00
      0.140     -0.000     9.3735    114.017     39.029  39.334545     2.7845     12.264    31.2443 5.5000e+01     6.5636      0.138      0.200    25.4001 0.0000e+00
      0.139 -1.777e-08     9.3588    113.952     39.073  39.378905     2.7922     12.265    31.2190 5.5127e+01     6.6885      0.137      0.199    25.3957 0.0000e+00
      0.139 -1.955e-07     9.3578    113.959     39.096  39.405442     2.7857     12.265    31.1815 5.4885e+01     6.7788      0.136      0.198    25.3936 0.0000e+00
      0.139 -1.180e-07     9.3602    114.017     39.087  39.401564     2.7728     12.265    31.2210 5.4625e+01     6.7327      0.137      0.198    25.3885 0.0000e+00
      0.140 9.1928e-07     9.3547    114.063     39.076  39.395493     2.7697     12.265    31.3522 5.4493e+01     6.6434      0.138      0.199    25.3833 0.0000e+00
      0.140      0.000     9.3456    114.103     39.073  39.395494     2.7723     12.265    31.3914 5.4412e+01     6.5533      0.137      0.200    25.3829 0.0000e+00
      0.140      0.000     9.3462    114.173     39.076  39.401579     2.7709     12.265    31.3514 5.4781e+01     6.4976      0.137      0.199    25.3890 0.0000e+00
      0.139      0.001     9.3531    114.289     39.079  39.405611     2.7703     12.265    31.2991 5.4857e+01     6.5165      0.136      0.198    25.3976 0.0000e+00
      0.139      0.004     9.3545    114.429     39.054  39.380789     2.7814     12.266    31.1029 5.4818e+01     6.5420      0.136      0.197    25.4034 0.0000e+00
      0.139      0.006     9.3559    114.534     39.031  39.355300     2.8216     12.266    30.8722 5.4953e+01     6.6365      0.136      0.198    25.4068 0.0000e+00
      0.141      0.006     9.3607    114.584     39.033  39.351268     2.8405     12.267    30.7465 5.4604e+01     6.6672      0.138      0.201    25.4103 0.0000e+00
      0.146      0.004     9.3699    114.591     39.022  39.332022     2.8346     12.268    30.6163 5.4194e+01     6.5722      0.143      0.208    25.4135 0.0000e+00
      0.150      0.001     9.3841    114.566     39.011  39.312968     2.8260     12.268    30.4162 5.3837e+01     6.4784      0.149      0.216    25.4147 0.0000e+00
      0.151     -0.001     9.3938    114.519     39.015  39.311257     2.7943     12.268    30.2195 5.3455e+01     6.3870      0.150      0.217    25.4105 0.0000e+00
      0.146     -0.002     9.3983    114.469     39.016  39.311322     2.7844     12.268    30.1315 5.3514e+01     6.3891      0.144      0.208    25.4020 0.0000e+00
      0.141     -0.003     9.4009    114.419     39.019  39.313752     2.7897     12.267    30.1260 5.3880e+01     6.3675      0.137      0.198    25.3908 0.0000e+00
      0.140     -0.003     9.4004    114.334     39.045  39.340640     2.7667     12.267    30.0662 5.4016e+01     6.2621      0.135      0.196    25.3790 0.0000e+00
      0.142     -0.002     9.3972    114.207     39.084  39.382587     2.7482     12.267    29.8398 5.3726e+01     6.2769      0.139      0.202    25.3718 0.0000e+00
      0.144      0.000     9.3927    114.139     39.074  39.376714     2.7651     12.267    29.6263 5.3543e+01     6.4440      0.143      0.208    25.3703 0.0000e+00
      0.144      0.002     9.3900    114.185     39.027  39.333087     2.7960     12.267    29.5491 5.3414e+01     6.6084      0.143      0.207    25.3722 0.0000e+00
      0.143      0.003     9.3843    114.246     38.994  39.299320     2.7979     12.267    29.5080 5.3071e+01     6.5905      0.140      0.203    25.3724 0.0000e+00
      0.142      0.003     9.3698    114.280     38.988  39.285744     2.7960     12.268    29.4742 5.2946e+01     6.5348      0.138      0.200    25.3734 0.0000e+00
      0.142      0.003     9.3585    114.308     39.008  39.295849     2.8316     12.268    29.3991 5.2989e+01     6.6187      0.139      0.202    25.3813 0.0000e+00
      0.145      0.003     9.3684    114.320     39.018  39.294564     2.8698     12.268    29.3735 5.3066e+01     6.7506      0.143      0.208    25.3869 0.0000e+00
      0.148      0.002     9.3736    114.318     39.003  39.270200     2.9001     12.268    29.3367 5.3045e+01     6.8657      0.146      0.211    25.3870 0.0000e+00
      0.149      0.001     9.3755    114.309     38.998  39.255086     2.9655     12.269    29.2118 5.3026e+01     6.8494      0.147      0.213    25.3781 0.0000e+00
      0.147      0.001     9.3832    114.286     38.994  39.238725     3.0450     12.269    29.1538 5.3128e+01     6.7242      0.145      0.211    25.3609 0.0000e+00
      0.145      0.000     9.3847    114.213     38.969  39.199279     3.0786     12.269    29.1523 5.2992e+01     6.6835      0.142      0.206    25.3486 0.0000e+00
      0.144 4.2476e-07     9.3870    114.075     38.946  39.158888     3.0961     12.269    29.1081 5.2971e+01     6.7678      0.141      0.204    25.3376 0.0000e+00
      0.145      0.000     9.3881    113.905     38.936  39.131093     3.1322     12.269    28.9626 5.3210e+01     6.8216      0.142      0.206    25.3238 0.0000e+00
      0.147      0.000     9.3905    113.742     38.937  39.117030     3.1402     12.270    28.8569 5.3531e+01     6.6850      0.145      0.211    25.3091 0.0000e+00
      0.148      0.001     9.3883    113.616     38.947  39.115743     3.1102     12.270    28.9480 5.3654e+01     6.5157      0.146      0.212    25.2912 0.0000e+00
      0.147      0.001     9.3793    113.584     38.955  39.115514     3.0937     12.270    29.0318 5.3669e+01     6.4824      0.144      0.209    25.2683 0.0000e+00
      0.146      0.000     9.3683    113.682     38.962  39.114247     3.1067     12.270    29.0099 5.4189e+01     6.5903      0.143      0.207    25.2444 0.0000e+00
      0.146     -0.001     9.3579    113.838     38.957  39.100412     3.1343     12.270    29.0267 5.4042e+01     6.7952      0.143      0.207    25.2241 0.0000e+00
      0.147     -0.001     9.3486    113.985     38.940  39.075145     3.1371     12.271    28.9763 5.3201e+01     6.8425      0.144      0.209    25.2090 0.0000e+00
      0.148      0.000     9.3446    114.107     38.934  39.062568     3.1066     12.271    28.8312 5.3101e+01     6.7183      0.146      0.211    25.1999 0.0000e+00
      0.147 -1.846e-08     9.3581    114.163     38.950  39.075250     3.0816     12.271    28.7355 5.3403e+01     6.6599      0.145      0.210    25.1909 0.0000e+00
      0.146 -2.031e-07     9.3759    114.128     38.975  39.101568     3.0347     12.271    28.6794 5.3591e+01     6.6486      0.144      0.208    25.1776 0.0000e+00
      0.146 -2.031e-07     9.3889    114.050     38.994  39.126941     2.9640     12.271    28.6688 5.3265e+01     6.6501      0.143      0.207    25.1646 0.0000e+00
      0.147 -1.846e-08     9.4025    113.975     38.988  39.128198     2.9178     12.271    28.6942 5.3003e+01     6.6091      0.143      0.208    25.1575 0.0000e+00
      0.148 -1.650e-09     9.4092    113.880     38.971  39.116784     2.8835     12.271    28.6414 5.3287e+01     6.4944      0.145      0.210    25.1517 0.0000e+00
      0.148 1.5280e-10     9.4039    113.763     38.966  39.115859     2.8579     12.271    28.5465 5.3292e+01     6.4936      0.145      0.211    25.1534 0.0000e+00
      0.147 3.3450e-09     9.3935    113.741     38.962  39.117023     2.8576     12.271    28.4941 5.3102e+01     6.5993      0.144      0.209    25.1646 0.0000e+00
      0.146 3.6946e-08     9.3866    113.844     38.969  39.130861     2.8641     12.271    28.4385 5.3365e+01     6.6445      0.143      0.208    25.1750 0.0000e+00
      0.146 4.0642e-07     9.3801    113.937     38.988  39.156261     2.8530     12.271    28.3905 5.3598e+01     6.5960      0.143      0.207    25.1814 0.0000e+00
      0.147      0.000     9.3635    113.981     38.998  39.170315     2.8560     12.271    28.3428 5.2813e+01     6.5941      0.144      0.208    25.1859 0.0000e+00
      0.147      0.000     9.3581    114.043     39.001  39.173871     2.9094     12.271    28.2920 5.2150e+01     6.7579      0.145      0.210    25.1924 0.0000e+00
      0.147      0.001     9.3733    114.129     39.027  39.199256     2.9652     12.271    28.2925 5.2593e+01     6.9036      0.145      0.210    25.2009 0.0000e+00
      0.147      0.001     9.3797    114.192     39.050  39.223393     2.9819     12.271    28.3487 5.3077e+01     6.9203      0.144      0.209    25.2097 0.0000e+00
      0.147      0.000     9.3782    114.213     39.037  39.211875     2.9789     12.271    28.3701 5.3191e+01     6.8572      0.144      0.208    25.2158 0.0000e+00
      0.147      0.000     9.3837    114.199     39.010  39.186920     2.9784     12.271    28.3790 5.3454e+01     6.7898      0.144      0.209    25.2167 0.0000e+00
      0.148      0.000     9.3934    114.178     38.996  39.175506     2.9909     12.271    28.4560 5.3655e+01     6.8225      0.145      0.210    25.2137 0.0000e+00
      0.148     -0.001     9.3988    114.177     39.018  39.200796     3.0148     12.271    28.5269 5.3535e+01     6.8777      0.145      0.210    25.2143 0.0000e+00
      0.148     -0.002     9.3994    114.178     39.050  39.238861     3.0337     12.270    28.5477 5.3300e+01     6.8074      0.145      0.210    25.2190 0.0000e+00
      0.147     -0.003     9.3971    114.167     39.058  39.254994     3.0287     12.269    28.5356 5.3380e+01     6.6218      0.144      0.209    25.2217 0.0000e+00
      0.145     -0.003     9.3939    114.157     39.062  39.268951     3.0045     12.268    28.4668 5.3723e+01     6.5126      0.142      0.206    25.2228 0.0000e+00
      0.143     -0.003     9.3938    114.151     39.064  39.280708     2.9990     12.269    28.4040 5.3396e+01     6.5802      0.140      0.203    25.2268 0.0000e+00
      0.143     -0.003     9.3940    114.174     39.047  39.270243     3.0039     12.269    28.3776 5.2903e+01     6.6188      0.140      0.203    25.2343 0.0000e+00
      0.143     -0.003     9.3892    114.247     39.043  39.269360     3.0053     12.268    28.3204 5.3303e+01     6.5357      0.141      0.204    25.2456 0.0000e+00
      0.142     -0.002     9.3871    114.288     39.043  39.270029     3.0156     12.267    28.3143 5.3783e+01     6.4976      0.140      0.203    25.2597 0.0000e+00
      0.141     -0.001     9.3840    114.247     39.052  39.278327     3.0122     12.266    28.3033 5.3596e+01     6.4998      0.138      0.201    25.2723 0.0000e+00
      0.141     -0.001     9.3811    114.187     39.079  39.306227     3.0134     12.266    28.1878 5.3535e+01     6.5280      0.137      0.199    25.2817 0.0000e+00
      0.141     -0.001     9.3910    114.174     39.062  39.290071     3.0300     12.267    28.1230 5.3388e+01     6.5647      0.138      0.200    25.2861 0.0000e+00
      0.142     -0.001     9.3969    114.223     39.042  39.273376     3.0300     12.267    28.2075 5.3113e+01     6.5677      0.139      0.202    25.2856 0.0000e+00
      0.142     -0.000     9.3900    114.296     39.061  39.294746     3.0144     12.268    28.3501 5.3313e+01     6.5647      0.139      0.202    25.2833 0.0000e+00
      0.141 1.8601e-08     9.3835    114.343     39.059  39.294618     2.9900     12.268    28.3837 5.3540e+01     6.4946      0.139      0.201    25.2837 0.0000e+00
      0.140 2.0461e-07     9.3812    114.330     39.034  39.271832     2.9855     12.268    28.3556 5.3374e+01     6.4721      0.138      0.200    25.2868 0.0000e+00
      0.140      0.000     9.3862    114.266     39.034  39.273090     3.0100     12.268    28.4405 5.3249e+01     6.5316      0.138      0.200    25.2898 0.0000e+00
      0.140      0.000     9.3936    114.205     39.069  39.309826     3.0280     12.268    28.4642 5.3659e+01     6.5653      0.138      0.200    25.2920 0.0000e+00
      0.141      0.001     9.3978    114.192     39.093  39.335253     3.0201     12.267    28.2977 5.3825e+01     6.5715      0.139      0.201    25.2943 0.0000e+00
      0.142      0.001     9.3967    114.225     39.084  39.326680     2.9976     12.267    28.1482 5.3546e+01     6.5720      0.140      0.203    25.2974 0.0000e+00
      0.142      0.001     9.3883    114.263     39.089  39.333098     2.9976     12.268    28.2062 5.3550e+01     6.6399      0.139      0.202    25.3003 0.0000e+00
      0.142      0.000     9.3821    114.317     39.104  39.349389     3.0198     12.268    28.3957 5.3812e+01     6.6413      0.139      0.201    25.3023 0.0000e+00
      0.142 1.8613e-08     9.3801    114.416     39.087  39.333279     3.0163     12.269    28.4612 5.3703e+01     6.5199      0.139      0.202    25.3042 0.0000e+00
      0.142 2.0474e-07     9.3849    114.509     39.081  39.328693     2.9884     12.269    28.4819 5.3576e+01     6.4704      0.139      0.202    25.3056 0.0000e+00
      0.142 2.0462e-07     9.3878    114.545     39.109  39.357395     2.9819     12.269    28.5600 5.3693e+01     6.5559      0.139      0.201    25.3064 0.0000e+00
      0.142 1.7216e-08     9.3887    114.495     39.114  39.363017     3.0049     12.268    28.5441 5.3130e+01     6.6653      0.139      0.202    25.3078 0.0000e+00
      0.142 3.2455e-09     9.4004    114.390     39.084  39.333212     3.0329     12.268    28.4617 5.2934e+01     6.6654      0.139      0.202    25.3093 0.0000e+00
      0.141 3.5700e-08     9.4085    114.318     39.065  39.314332     3.0304     12.269    28.4245 5.4019e+01     6.5577      0.139      0.201    25.3106 0.0000e+00
      0.141 3.9270e-07     9.4123    114.294     39.075  39.325112     2.9993     12.269    28.4394 5.4109e+01     6.4562      0.138      0.201    25.3108 0.0000e+00
      0.141      0.000     9.4086    114.287     39.085  39.336632     2.9805     12.269    28.4690 5.3314e+01     6.4626      0.138      0.200    25.3114 0.0000e+00
      0.141      0.000     9.3944    114.283     39.075  39.326702     2.9953     12.269    28.4389 5.3539e+01     6.5672      0.138      0.200    25.3126 0.0000e+00
      0.141      0.001     9.3893    114.268     39.080  39.331968     3.0278     12.270    28.3330 5.3879e+01     6.6622      0.138      0.201    25.3132 0.0000e+00
      0.141      0.001     9.3888    114.252     39.084  39.336844     3.0247     12.270    28.3071 5.3874e+01     6.6193      0.138      0.201    25.3138 0.0000e+00
      0.142      0.001     9.3873    114.211     39.069  39.322199     2.9911     12.270    28.3838 5.4014e+01     6.4929      0.139      0.202    25.3149 0.0000e+00
      0.142      0.000     9.3885    114.127     39.091  39.345281     2.9787     12.270    28.3999 5.4154e+01     6.4333      0.139      0.202    25.3162 0.0000e+00
      0.143 1.8614e-08     9.3853    114.091     39.107  39.362091     3.0002     12.271    28.4154 5.3838e+01     6.4792      0.140      0.203    25.3172 0.0000e+00
      0.143 2.0475e-07     9.3849    114.148     39.080  39.335067     3.0261     12.271    28.4863 5.3289e+01     6.5348      0.140      0.203    25.3180 0.0000e+00
