Data/DataNotYetUploadedToEDI/Raw_CTD/RawDownloads/061526_fcr50_S7809012.cnv
* Sea-Bird SBE19plus  Data File:
* FileName = C:\R\Reservoirs\Data\DataNotYetUploadedToEDI\Raw_CTD\RawDownloads\062926_fcr50_S7809_0012.hex
* Software version 2.8.0.119
* Temperature SN = 7809
* Conductivity SN = 7809
* System UpLoad Time = Jun 30 2026 09:06:07
* <ApplicationData>
* <Seaterm232>
# nquan = 15
# nvalues = 2190                        
# units = specified
# name 0 = depFM: Depth [fresh water, m]
# name 1 = dz/dtM: Descent Rate [m/s]
# name 2 = sbeox0Mg/L: Oxygen, SBE 43 [mg/l]
# name 3 = sbeox0PS: Oxygen, SBE 43 [% saturation]
# name 4 = specc: Specific Conductance [uS/cm]
# name 5 = c0uS/cm: Conductivity [uS/cm]
# name 6 = flECO-AFL: Fluorescence, WET Labs ECO-AFL/FL [mg/m^3]
# name 7 = ph: pH
# name 8 = orp: Oxidation Reduction Potential [mV]
# name 9 = par/sat/log: PAR/Logarithmic, Satlantic
# name 10 = turbWETntu0: Turbidity, WET Labs ECO [NTU]
# name 11 = prdM: Pressure, Strain Gauge [db]
# name 12 = prdE: Pressure, Strain Gauge [psi]
# name 13 = tv290C: Temperature [ITS-90, deg C]
# name 14 = flag:  0.000e+00
# span 0 =     -0.669,      9.443       
# span 1 =     -0.187,      0.321       
# span 2 =    -0.2015,    10.8979       
# span 3 =     -1.832,    127.603       
# span 4 =      1.824,    147.292       
# span 5 =   1.597786, 101.577146       
# span 6 =    -0.0962,     5.1515       
# span 7 =      9.853,     12.355       
# span 8 =  -306.9748,    60.1035       
# span 9 = 1.2354e-01, 2.5607e+03       
# span 10 =    -0.1322,    89.4237      
# span 11 =     -0.657,      9.261      
# span 12 =     -0.953,     13.433      
# span 13 =     9.4465,    26.3974      
# span 14 = 0.0000e+00, 0.0000e+00      
# interval = seconds: 0.25
# start_time = Jun 15 2026 13:04:08 [Instrument's time stamp, header]
# bad_flag = -9.990e-29
*END*
[from data line 193]
      0.089     -0.000    10.0443    119.685     39.444  40.476559     2.4835     12.262  -166.4489 6.4340e+02     6.0989      0.088      0.127    26.2983 0.0000e+00
      0.089 -1.861e-08     9.9002    119.235     39.460  40.493877     2.4761     12.263  -166.0006 7.1220e+02     6.1001      0.087      0.127    26.2998 0.0000e+00
      0.089 -2.048e-07     9.7934    118.916     39.445  40.476678     2.4698     12.263  -165.8422 7.6680e+02     6.1149      0.087      0.126    26.3004 0.0000e+00
      0.089 -2.048e-07     9.7028    118.659     39.431  40.459003     2.4401     12.263  -165.9107 7.0056e+02     6.1069      0.087      0.127    26.3023 0.0000e+00
      0.089 -1.861e-08     9.6480    118.447     39.446  40.470551     2.4170     12.264  -166.0542 7.3915e+02     6.2076      0.087      0.127    26.3037 0.0000e+00
      0.089 -1.692e-09     9.6168    118.267     39.467  40.489373     2.4146     12.264  -166.3731 8.5879e+02     6.3758      0.087      0.126    26.3036 0.0000e+00
      0.089 -1.538e-10     9.5928    118.109     39.475  40.496178     2.4114     12.265  -166.6687 7.4887e+02     6.4338      0.087      0.127    26.3022 0.0000e+00
      0.089 -1.399e-11     9.5725    117.993     39.469  40.489363     2.4277     12.266  -166.6170 5.8469e+02     6.3283      0.087      0.127    26.2985 0.0000e+00
      0.089 -1.272e-12     9.5570    117.932     39.451  40.470439     2.4374     12.266  -166.4363 6.1067e+02     6.0902      0.087      0.127    26.2925 0.0000e+00
      0.088 -1.156e-13     9.5440    117.899     39.440  40.457757     2.4452     12.266  -166.3764 6.4994e+02     6.0144      0.087      0.126    26.2880 0.0000e+00
      0.088 -1.049e-14     9.5305    117.849     39.445  40.462960     2.4637     12.266  -166.7534 6.0850e+02     6.1295      0.086      0.125    26.2854 0.0000e+00
      0.089 -7.811e-16     9.5209    117.799     39.452  40.469878     2.4775     12.267  -167.3805 5.8622e+02     6.2524      0.087      0.127    26.2852 0.0000e+00
      0.089 1.8267e-15     9.5161    117.774     39.459  40.477940     2.4795     12.268  -167.5916 5.9227e+02     6.3385      0.088      0.126    26.2850 0.0000e+00
      0.089 2.1041e-14     9.5168    117.754     39.477  40.496979     2.4550     12.270  -167.4135 6.3181e+02     6.3169      0.087      0.126    26.2841 0.0000e+00
      0.089 2.3153e-13     9.5111    117.757     39.488  40.509680     2.4556     12.271  -167.1205 6.9945e+02     6.2986      0.087      0.127    26.2838 0.0000e+00
      0.089 2.5469e-12     9.5055    117.778     39.483  40.504584     2.5036     12.271  -167.3170 7.1457e+02     6.3905      0.086      0.125    26.2832 0.0000e+00
      0.089 2.8016e-11     9.5060    117.783     39.476  40.498820     2.5442     12.271  -168.0690 5.9665e+02     6.4709      0.087      0.126    26.2848 0.0000e+00
      0.089 3.0817e-10     9.5019    117.801     39.479  40.503460     2.5472     12.271  -168.5562 4.8819e+02     6.4173      0.087      0.127    26.2865 0.0000e+00
      0.089 3.3899e-09     9.5021    117.841     39.471  40.497228     2.5304     12.271  -168.5614 4.9240e+02     6.2888      0.087      0.127    26.2864 0.0000e+00
      0.089 3.7289e-08     9.5063    117.846     39.461  40.486938     2.5332     12.272  -168.3036 5.1688e+02     6.2842      0.087      0.127    26.2868 0.0000e+00
      0.089 4.1018e-07     9.5046    117.796     39.480  40.505967     2.5560     12.272  -168.1069 4.9035e+02     6.3947      0.087      0.127    26.2876 0.0000e+00
      0.089      0.000     9.5046    117.714     39.510  40.536917     2.5644     12.273  -168.1610 4.3989e+02     6.4647      0.087      0.127    26.2904 0.0000e+00
      0.089      0.000     9.5105    117.623     39.515  40.543832     2.5430     12.274  -168.1842 4.1859e+02     6.4124      0.087      0.126    26.2931 0.0000e+00
      0.089      0.001     9.5116    117.588     39.495  40.526119     2.5137     12.274  -168.0436 3.8329e+02     6.3439      0.087      0.126    26.2927 0.0000e+00
      0.089      0.001     9.5054    117.626     39.478  40.513144     2.5182     12.274  -167.9228 3.4600e+02     6.3869      0.087      0.126    26.2923 0.0000e+00
      0.090      0.001     9.5001    117.679     39.476  40.513882     2.5480     12.274  -167.7571 3.4360e+02     6.4543      0.087      0.127    26.2933 0.0000e+00
      0.091      0.002     9.4891    117.767     39.498  40.535048     2.5668     12.275  -167.4164 3.5380e+02     6.4763      0.089      0.129    26.2940 0.0000e+00
      0.091      0.003     9.4842    117.885     39.540  40.578676     2.5626     12.276  -167.1593 3.8152e+02     6.4128      0.090      0.130    26.2979 0.0000e+00
      0.090      0.005     9.4906    117.946     39.555  40.597141     2.5386     12.276  -167.2295 4.0681e+02     6.3707      0.089      0.129    26.3071 0.0000e+00
      0.090      0.007     9.4911    117.919     39.521  40.567915     2.5334     12.276  -167.4906 3.7228e+02     6.4451      0.088      0.128    26.3111 0.0000e+00
      0.092      0.007     9.4987    117.899     39.488  40.542633     2.5497     12.277  -167.7345 3.2469e+02     6.4591      0.089      0.129    26.3065 0.0000e+00
      0.097      0.007     9.5126    117.981     39.484  40.545328     2.5536     12.278  -167.4259 3.0610e+02     6.4025      0.095      0.138    26.3058 0.0000e+00
      0.101      0.006     9.5179    118.109     39.475  40.537049     2.5298     12.279  -166.5988 2.9193e+02     6.3076      0.100      0.147    26.3106 0.0000e+00
      0.103      0.005     9.5113    118.186     39.450  40.505995     2.4871     12.279  -166.1658 2.8042e+02     6.1994      0.101      0.148    26.3176 0.0000e+00
      0.102      0.004     9.5021    118.190     39.441  40.487165     2.4781     12.279  -166.3199 2.6932e+02     6.1875      0.100      0.145    26.3304 0.0000e+00
      0.101      0.002     9.5108    118.120     39.466  40.499745     2.5044     12.280  -166.5691 2.7299e+02     6.1644      0.098      0.143    26.3412 0.0000e+00
      0.101      0.000     9.5247    118.015     39.509  40.531156     2.5140     12.281  -166.2545 2.7773e+02     6.1244      0.098      0.142    26.3412 0.0000e+00
      0.102 2.9117e-11     9.5313    117.936     39.530  40.549613     2.4943     12.281  -165.4405 2.5552e+02     6.1822      0.100      0.145    26.3332 0.0000e+00
      0.103 3.2028e-10     9.5347    117.913     39.508  40.532516     2.4656     12.281  -164.9010 2.3702e+02     6.3163      0.101      0.147    26.3225 0.0000e+00
      0.103 3.5231e-09     9.5308    117.971     39.484  40.514840     2.4591     12.281  -164.8938 2.3808e+02     6.4479      0.101      0.147    26.3033 0.0000e+00
      0.103 3.8754e-08     9.5233    118.101     39.491  40.526294     2.4654     12.282  -165.0958 2.6085e+02     6.3730      0.102      0.148    26.2833 0.0000e+00
      0.102 4.2630e-07     9.5177    118.238     39.506  40.544074     2.4582     12.283  -165.1920 2.8314e+02     6.1284      0.099      0.144    26.2792 0.0000e+00
      0.101      0.000     9.5130    118.324     39.500  40.539435     2.4465     12.283  -165.2827 2.7733e+02     5.9837      0.098      0.143    26.2889 0.0000e+00
      0.102      0.000     9.5150    118.319     39.494  40.533679     2.4406     12.283  -165.4183 2.6888e+02     5.9892      0.100      0.145    26.3015 0.0000e+00
      0.103      0.001     9.5280    118.192     39.499  40.537946     2.4541     12.283  -165.4545 2.6718e+02     6.0934      0.101      0.147    26.3050 0.0000e+00
      0.103      0.001     9.5401    117.956     39.491  40.527553     2.4680     12.284  -165.4627 2.7840e+02     6.1169      0.102      0.148    26.3059 0.0000e+00
      0.103      0.001     9.5475    117.732     39.499  40.534940     2.4666     12.285  -165.9477 2.7921e+02     6.0336      0.101      0.147    26.3102 0.0000e+00
      0.103      0.000     9.5478    117.628     39.526  40.563800     2.4623     12.286  -166.7579 2.4703e+02     6.0079      0.101      0.147    26.3114 0.0000e+00
      0.103 1.8460e-08     9.5385    117.635     39.519  40.559180     2.4494     12.286  -166.9989 2.2816e+02     6.0115      0.101      0.147    26.3098 0.0000e+00
      0.103 2.0306e-07     9.5159    117.710     39.500  40.542543     2.4683     12.286  -166.8833 2.2770e+02     6.0766      0.102      0.148    26.3061 0.0000e+00
      0.103 1.8615e-07     9.4930    117.810     39.507  40.553040     2.5083     12.286  -166.7367 2.1727e+02     6.1461      0.101      0.147    26.3035 0.0000e+00
      0.103 1.4019e-10     9.4873    117.903     39.509  40.559176     2.5248     12.286  -166.8612 2.0574e+02     6.0667      0.101      0.147    26.3060 0.0000e+00
      0.103 1.5420e-09     9.4867    117.960     39.500  40.553279     2.5348     12.286  -167.6138 2.0323e+02     6.0050      0.101      0.147    26.3107 0.0000e+00
      0.104 1.6963e-08     9.4946    117.949     39.491  40.545202     2.5459     12.287  -168.0930 2.1343e+02     6.1513      0.102      0.148    26.3138 0.0000e+00
      0.104 1.8659e-07     9.5025    117.888     39.472  40.524991     2.5680     12.288  -168.0093 2.2458e+02     6.4003      0.102      0.148    26.3174 0.0000e+00
      0.104 1.8967e-07     9.5092    117.814     39.449  40.499297     2.5686     12.288  -167.7199 2.1748e+02     6.4533      0.102      0.149    26.3231 0.0000e+00
      0.104 5.4187e-08     9.5155    117.802     39.440  40.488382     2.5370     12.289  -167.2616 2.0278e+02     6.2804      0.102      0.148    26.3278 0.0000e+00
      0.104 4.1132e-07     9.5123    117.897     39.474  40.519952     2.5183     12.290  -166.9416 1.9612e+02     6.1201      0.102      0.148    26.3294 0.0000e+00
      0.104      0.000     9.5076    118.025     39.520  40.563686     2.5261     12.291  -166.9486 1.9483e+02     6.0861      0.102      0.148    26.3285 0.0000e+00
      0.104      0.000     9.4996    118.095     39.533  40.572912     2.5471     12.291  -167.0883 1.9329e+02     6.1767      0.101      0.147    26.3247 0.0000e+00
      0.104      0.001     9.4963    118.126     39.531  40.568033     2.5397     12.290  -167.1681 1.9454e+02     6.1907      0.102      0.148    26.3219 0.0000e+00
      0.104      0.001     9.5075    118.158     39.531  40.568157     2.4946     12.290  -167.2242 2.0421e+02     6.1191      0.102      0.149    26.3205 0.0000e+00
      0.104      0.001     9.5232    118.163     39.536  40.574409     2.4596     12.290  -166.9069 2.1893e+02     6.1306      0.103      0.149    26.3145 0.0000e+00
      0.104      0.001     9.5282    118.123     39.541  40.580165     2.4664     12.290  -166.2564 2.2154e+02     6.1596      0.102      0.149    26.3059 0.0000e+00
      0.105      0.000     9.5289    118.081     39.536  40.574286     2.4933     12.291  -165.9840 2.1010e+02     6.1962      0.103      0.150    26.3040 0.0000e+00
      0.105 2.2013e-08     9.5336    118.106     39.531  40.566785     2.5019     12.292  -166.1954 1.9749e+02     6.1982      0.103      0.150    26.3064 0.0000e+00
      0.105 2.4215e-07     9.5340    118.161     39.521  40.552940     2.5041     12.292  -166.4892 1.9158e+02     6.1831      0.103      0.149    26.3064 0.0000e+00
      0.105 6.1470e-07     9.5302    118.138     39.509  40.533808     2.5205     12.293  -166.0945 1.9574e+02     6.1843      0.103      0.149    26.3068 0.0000e+00
      0.104      0.000     9.5226    118.047     39.508  40.525841     2.5412     12.293  -165.2084 1.9855e+02     6.1452      0.102      0.149    26.3075 0.0000e+00
      0.104      0.000     9.5261    117.971     39.504  40.520066     2.5468     12.293  -164.9821 1.9632e+02     6.1200      0.102      0.149    26.3055 0.0000e+00
      0.105      0.001     9.5376    117.948     39.508  40.527441     2.5131     12.294  -165.2506 1.9532e+02     6.0505      0.103      0.149    26.2990 0.0000e+00
      0.105      0.001     9.5359    117.973     39.524  40.551557     2.4749     12.294  -165.3581 1.9304e+02     6.0224      0.103      0.150    26.2894 0.0000e+00
      0.106      0.001     9.5266    118.004     39.522  40.557807     2.4681     12.294  -165.2492 1.9013e+02     6.0530      0.104      0.151    26.2806 0.0000e+00
      0.106      0.001     9.5205    118.014     39.498  40.539560     2.4810     12.294  -164.9671 1.9148e+02     6.0442      0.104      0.150    26.2768 0.0000e+00
      0.106      0.001     9.5176    118.066     39.477  40.521331     2.4972     12.294  -164.6139 1.9562e+02     6.0527      0.104      0.150    26.2825 0.0000e+00
      0.106      0.001     9.5189    118.191     39.483  40.527791     2.4896     12.294  -164.4197 1.9490e+02     6.0196      0.104      0.150    26.2945 0.0000e+00
      0.106      0.000     9.5221    118.352     39.512  40.554207     2.4646     12.294  -164.5123 1.9090e+02     6.0197      0.104      0.151    26.3052 0.0000e+00
      0.107 1.8656e-08     9.5174    118.476     39.548  40.586864     2.4520     12.295  -164.9591 1.9125e+02     6.0539      0.105      0.152    26.3128 0.0000e+00
      0.107 2.0521e-07     9.5202    118.477     39.569  40.605322     2.4700     12.295  -165.5204 1.8960e+02     6.1253      0.105      0.152    26.3177 0.0000e+00
      0.107 2.0829e-07     9.5319    118.371     39.550  40.586983     2.4916     12.296  -165.7062 1.8564e+02     6.2681      0.105      0.153    26.3180 0.0000e+00
      0.106 5.5883e-08     9.5468    118.202     39.516  40.555518     2.4804     12.297  -165.6568 1.8743e+02     6.2772      0.104      0.152    26.3135 0.0000e+00
      0.106 4.1150e-07     9.5625    117.953     39.500  40.542210     2.4670     12.297  -165.5249 1.8768e+02     6.2692      0.104      0.150    26.3078 0.0000e+00
      0.106      0.000     9.5621    117.663     39.509  40.553011     2.4795     12.296  -165.3159 1.8416e+02     6.3765      0.104      0.151    26.3022 0.0000e+00
      0.107      0.000     9.5504    117.435     39.517  40.559186     2.4982     12.296  -165.7119 1.8509e+02     6.4471      0.105      0.152    26.3022 0.0000e+00
      0.107      0.001     9.5387    117.370     39.512  40.553406     2.4935     12.296  -166.5265 1.8602e+02     6.4057      0.105      0.152    26.3086 0.0000e+00
      0.107      0.001     9.5160    117.514     39.505  40.546582     2.4726     12.296  -166.8195 1.8323e+02     6.2864      0.105      0.152    26.3142 0.0000e+00
      0.107      0.001     9.4885    117.771     39.500  40.540151     2.4791     12.296  -166.6734 1.8196e+02     6.2684      0.104      0.151    26.3160 0.0000e+00
      0.107      0.001     9.4686    117.956     39.502  40.539102     2.5048     12.297  -166.3953 1.8125e+02     6.3936      0.105      0.152    26.3127 0.0000e+00
      0.107      0.001     9.4606    117.996     39.501  40.533900     2.5089     12.298  -166.2958 1.7959e+02     6.4675      0.105      0.153    26.3099 0.0000e+00
      0.107      0.001     9.4754    118.000     39.508  40.540715     2.4957     12.299  -166.5898 1.7924e+02     6.4110      0.105      0.152    26.3127 0.0000e+00
      0.107      0.001     9.5025    118.046     39.523  40.558037     2.4785     12.299  -166.9375 1.7909e+02     6.2900      0.106      0.153    26.3132 0.0000e+00
      0.107      0.000     9.5223    118.084     39.518  40.552949     2.4924     12.299  -166.9721 1.7719e+02     6.2691      0.105      0.153    26.3056 0.0000e+00
      0.107 1.8615e-08     9.5207    118.086     39.508  40.542659     2.5467     12.300  -166.8361 1.7577e+02     6.3974      0.106      0.154    26.2999 0.0000e+00
      0.107 2.0476e-07     9.5175    118.091     39.527  40.560554     2.5773     12.300  -166.4120 1.7788e+02     6.4751      0.105      0.153    26.3009 0.0000e+00
      0.107 2.0476e-07     9.5247    118.136     39.546  40.578918     2.5619     12.299  -165.8016 1.8162e+02     6.3893      0.106      0.154    26.3037 0.0000e+00
      0.107 1.8615e-08     9.5278    118.227     39.541  40.574298     2.5273     12.298  -165.8239 1.8236e+02     6.2472      0.105      0.153    26.3051 0.0000e+00
