Data/DataNotYetUploadedToEDI/Raw_CTD/RawDownloads/061526_fcr10_S7809008.cnv
* Sea-Bird SBE19plus  Data File:
* FileName = C:\R\Reservoirs\Data\DataNotYetUploadedToEDI\Raw_CTD\RawDownloads\062926_fcr50_S7809_0008.hex
* Software version 2.8.0.119
* Temperature SN = 7809
* Conductivity SN = 7809
* System UpLoad Time = Jun 30 2026 09:02:32
* <ApplicationData>
* <Seaterm232>
# nquan = 15
# nvalues = 1066                        
# units = specified
# name 0 = depFM: Depth [fresh water, m]
# name 1 = dz/dtM: Descent Rate [m/s]
# name 2 = sbeox0Mg/L: Oxygen, SBE 43 [mg/l]
# name 3 = sbeox0PS: Oxygen, SBE 43 [% saturation]
# name 4 = specc: Specific Conductance [uS/cm]
# name 5 = c0uS/cm: Conductivity [uS/cm]
# name 6 = flECO-AFL: Fluorescence, WET Labs ECO-AFL/FL [mg/m^3]
# name 7 = ph: pH
# name 8 = orp: Oxidation Reduction Potential [mV]
# name 9 = par/sat/log: PAR/Logarithmic, Satlantic
# name 10 = turbWETntu0: Turbidity, WET Labs ECO [NTU]
# name 11 = prdM: Pressure, Strain Gauge [db]
# name 12 = prdE: Pressure, Strain Gauge [psi]
# name 13 = tv290C: Temperature [ITS-90, deg C]
# name 14 = flag:  0.000e+00
# span 0 =     -0.671,      2.387       
# span 1 =     -0.110,      0.240       
# span 2 =    -0.2387,    10.6717       
# span 3 =     -2.388,    126.950       
# span 4 =      0.519,     75.693       
# span 5 =   0.497203,  61.850805       
# span 6 =    -0.0714,    27.3815       
# span 7 =     -2.133,     12.100       
# span 8 = -1239.9857,   503.3686       
# span 9 = 3.9303e-01, 2.9511e+03       
# span 10 =    -0.1634,    91.4984      
# span 11 =     -0.660,      2.342      
# span 12 =     -0.956,      3.396      
# span 13 =    15.4209,    24.4468      
# span 14 = 0.0000e+00, 0.0000e+00      
# interval = seconds: 0.25
# start_time = Jun 15 2026 12:16:07 [Instrument's time stamp, header]
# bad_flag = -9.990e-29
*END*
[from data line 579]
      0.649      0.042     9.7363    116.490     38.961  38.330894     2.8340     12.098    39.5699 3.9786e+01     8.1542      0.635      0.922    24.1894 0.0000e+00
      0.662      0.041     9.7358    116.513     38.944  38.312841     2.8234     12.098    39.5226 3.9944e+01     8.1295      0.650      0.942    24.1866 0.0000e+00
      0.674      0.042     9.7628    116.544     38.927  38.293227     2.8324     12.098    39.5805 4.0059e+01     8.1560      0.662      0.960    24.1883 0.0000e+00
      0.683      0.042     9.7671    116.611     38.925  38.284117     2.8600     12.098    39.7540 4.0227e+01     8.1673      0.670      0.972    24.1884 0.0000e+00
      0.692      0.040     9.7713    116.629     38.915  38.266131     2.8655     12.098    39.8985 4.0404e+01     8.0609      0.677      0.982    24.1841 0.0000e+00
      0.703      0.037     9.7744    116.638     38.919  38.266121     2.8332     12.099    39.8660 4.0610e+01     7.9619      0.689      0.999    24.1848 0.0000e+00
      0.715      0.035     9.7708    116.693     38.936  38.283993     2.8187     12.100    39.8777 4.0855e+01     8.0644      0.703      1.019    24.1834 0.0000e+00
      0.725      0.034     9.7886    116.723     38.941  38.291844     2.8398     12.100    40.0396 4.1088e+01     8.2740      0.713      1.034    24.1696 0.0000e+00
      0.731      0.033     9.7877    116.724     38.945  38.297603     2.8716     12.099    40.1891 4.1330e+01     8.3793      0.717      1.040    24.1577 0.0000e+00
      0.737      0.032     9.7851    116.714     38.940  38.290159     2.8793     12.099    40.3086 4.1568e+01     8.3463      0.721      1.045    24.1543 0.0000e+00
      0.744      0.032     9.7958    116.616     38.920  38.265297     2.8656     12.099    40.3652 4.1832e+01     8.3195      0.730      1.058    24.1568 0.0000e+00
      0.754      0.033     9.7958    116.446     38.910  38.250819     2.8891     12.100    40.3573 4.2080e+01     8.3627      0.740      1.073    24.1604 0.0000e+00
      0.763      0.034     9.7932    116.345     38.903  38.242013     2.9390     12.100    40.4722 4.2299e+01     8.3900      0.749      1.086    24.1643 0.0000e+00
      0.772      0.035     9.7972    116.301     38.888  38.222288     2.9612     12.100    40.7216 4.2517e+01     8.3770      0.756      1.097    24.1622 0.0000e+00
      0.780      0.034     9.7923    116.266     38.881  38.202680     2.9500     12.100    40.7906 4.2757e+01     8.3071      0.765      1.109    24.1517 0.0000e+00
      0.789      0.033     9.7694    116.266     38.886  38.195285     2.9110     12.100    40.6186 4.3107e+01     8.0925      0.774      1.122    24.1440 0.0000e+00
      0.799      0.032     9.7646    116.275     38.892  38.196316     2.8806     12.100    40.5351 4.3552e+01     7.8315      0.783      1.136    24.1457 0.0000e+00
      0.807      0.032     9.7634    116.246     38.912  38.215143     2.8741     12.100    40.6416 4.4026e+01     7.7132      0.793      1.149    24.1446 0.0000e+00
      0.813      0.032     9.7613    116.164     38.928  38.232547     2.8739     12.100    40.7875 4.4356e+01     7.6871      0.797      1.156    24.1223 0.0000e+00
      0.820      0.032     9.7676    116.066     38.907  38.216380     2.8701     12.100    40.8369 4.4444e+01     7.6516      0.804      1.165    24.1006 0.0000e+00
      0.830      0.033     9.7695    115.985     38.897  38.210043     2.8609     12.099    40.7223 4.4365e+01     7.6941      0.814      1.180    24.0992 0.0000e+00
      0.839      0.034     9.7685    115.911     38.906  38.219387     2.8705     12.097    40.6926 4.4162e+01     7.8261      0.823      1.194    24.0991 0.0000e+00
      0.846      0.035     9.7596    115.842     38.891  38.202439     2.8867     12.097    40.8214 4.3973e+01     7.8808      0.830      1.204    24.0990 0.0000e+00
      0.855      0.034     9.7486    115.780     38.891  38.195504     2.8739     12.098    40.9036 4.3735e+01     7.8083      0.837      1.215    24.1061 0.0000e+00
      0.866      0.033     9.7419    115.755     38.899  38.198975     2.8413     12.098    40.9980 4.3272e+01     7.7018      0.849      1.231    24.1125 0.0000e+00
      0.876      0.030     9.7346    115.797     38.881  38.180950     2.8331     12.098    41.1029 4.2798e+01     7.7205      0.860      1.247    24.1152 0.0000e+00
      0.883      0.026     9.7303    115.886     38.865  38.167929     2.8586     12.097    41.1394 4.2938e+01     7.8634      0.867      1.257    24.1107 0.0000e+00
      0.888      0.023     9.7260    115.952     38.863  38.168457     2.8662     12.097    41.1800 4.4134e+01     7.9949      0.872      1.264    24.0995 0.0000e+00
      0.892      0.021     9.7238    115.966     38.881  38.187332     2.8414     12.097    41.1646 4.6059e+01     8.0814      0.875      1.268    24.0917 0.0000e+00
      0.896      0.021     9.7277    115.980     38.900  38.205784     2.8259     12.097    41.0392 4.8203e+01     8.1225      0.878      1.274    24.0928 0.0000e+00
      0.900      0.023     9.7369    116.028     38.898  38.201184     2.8444     12.098    41.1260 5.0153e+01     8.2194      0.882      1.279    24.0977 0.0000e+00
      0.905      0.026     9.7436    116.062     38.894  38.195161     2.8740     12.098    41.3544 5.1328e+01     8.3988      0.887      1.285    24.1018 0.0000e+00
      0.912      0.028     9.7414    116.012     38.898  38.196419     2.8679     12.098    41.3049 5.1646e+01     8.4804      0.894      1.297    24.1035 0.0000e+00
      0.922      0.028     9.7414    115.882     38.920  38.216392     2.8362     12.097    41.1297 5.1558e+01     8.4203      0.904      1.312    24.1015 0.0000e+00
      0.931      0.027     9.7481    115.742     38.950  38.246280     2.8239     12.095    41.1291 5.1455e+01     8.3555      0.914      1.326    24.0985 0.0000e+00
      0.938      0.024     9.7546    115.653     38.943  38.240500     2.8283     12.094    41.2978 5.1494e+01     8.3464      0.922      1.337    24.0962 0.0000e+00
      0.943      0.021     9.7504    115.627     38.911  38.209973     2.8474     12.093    41.4481 5.1516e+01     8.3106      0.926      1.343    24.0923 0.0000e+00
      0.947      0.018     9.7375    115.626     38.896  38.194463     2.8634     12.093    41.4844 5.1191e+01     8.1959      0.928      1.347    24.0892 0.0000e+00
      0.950      0.016     9.7236    115.632     38.884  38.179879     2.8474     12.093    41.4788 5.0257e+01     8.1549      0.932      1.352    24.0902 0.0000e+00
      0.955      0.015     9.7151    115.685     38.868  38.160557     2.8280     12.094    41.5518 4.8825e+01     8.1913      0.936      1.358    24.0924 0.0000e+00
      0.959      0.016     9.7144    115.800     38.863  38.151212     2.8202     12.094    41.6783 4.7391e+01     8.1572      0.940      1.364    24.0946 0.0000e+00
      0.961      0.017     9.7157    115.915     38.847  38.130334     2.8117     12.093    41.7185 4.6471e+01     8.0842      0.943      1.367    24.0927 0.0000e+00
      0.965      0.019     9.7152    115.964     38.822  38.098483     2.7927     12.092    41.6932 4.6290e+01     7.9918      0.945      1.371    24.0871 0.0000e+00
      0.971      0.020     9.7190    115.918     38.816  38.083369     2.7722     12.092    41.7175 4.7034e+01     7.9622      0.951      1.379    24.0836 0.0000e+00
      0.977      0.020     9.7324    115.763     38.816  38.074496     2.7811     12.092    41.8396 4.8853e+01     8.1022      0.958      1.389    24.0793 0.0000e+00
      0.983      0.020     9.7458    115.535     38.803  38.054651     2.8244     12.091    41.9654 5.1403e+01     8.2840      0.964      1.399    24.0725 0.0000e+00
      0.988      0.020     9.7511    115.252     38.790  38.033774     2.8716     12.091    42.0336 5.4272e+01     8.3154      0.970      1.407    24.0635 0.0000e+00
      0.993      0.019     9.7516    114.921     38.779  38.012429     2.8781     12.091    42.0617 5.7177e+01     8.2086      0.975      1.412    24.0501 0.0000e+00
      0.997      0.019     9.7383    114.624     38.763  37.986934     2.8522     12.090    42.0471 5.9724e+01     8.1881      0.977      1.417    24.0382 0.0000e+00
      1.000      0.020     9.7195    114.416     38.757  37.979320     2.8257     12.088    42.0287 6.1589e+01     8.3073      0.981      1.423    24.0313 0.0000e+00
      1.005      0.021     9.6996    114.279     38.761  37.983825     2.8062     12.088    42.0987 6.2539e+01     8.3862      0.985      1.429    24.0213 0.0000e+00
      1.011      0.022     9.6702    114.220     38.761  37.977942     2.8086     12.088    42.2908 6.2677e+01     8.3216      0.991      1.438    24.0047 0.0000e+00
      1.018      0.023     9.6464    114.260     38.766  37.971635     2.7957     12.087    42.4587 6.2404e+01     8.2435      0.998      1.448    23.9874 0.0000e+00
      1.024      0.024     9.6308    114.377     38.769  37.971011     2.7597     12.085    42.4939 6.1890e+01     8.3649      1.004      1.457    23.9878 0.0000e+00
      1.031      0.024     9.6168    114.526     38.767  37.970386     2.7554     12.084    42.5439 6.1285e+01     8.5593      1.011      1.467    23.9993 0.0000e+00
      1.037      0.023     9.6123    114.622     38.761  37.964088     2.7684     12.081    42.7190 6.0773e+01     8.6116      1.017      1.475    23.9864 0.0000e+00
      1.042      0.021     9.6213    114.572     38.763  37.958320     2.7584     12.078    42.8910 6.0128e+01     8.5536      1.022      1.482    23.9648 0.0000e+00
      1.048      0.020     9.6324    114.410     38.783  37.964086     2.7175     12.076    42.9888 5.9015e+01     8.4735      1.028      1.491    23.9618 0.0000e+00
      1.053      0.019     9.6462    114.220     38.808  37.970331     2.6906     12.076    43.0412 5.7375e+01     8.4973      1.034      1.499    23.9675 0.0000e+00
      1.057      0.019     9.6588    114.040     38.829  37.970344     2.7076     12.076    43.0940 5.5361e+01     8.6018      1.037      1.504    23.9698 0.0000e+00
      1.061      0.019     9.6543    113.960     38.846  37.964210     2.7245     12.075    43.1970 5.3103e+01     8.6438      1.040      1.508    23.9599 0.0000e+00
      1.066      0.019     9.6403    114.073     38.862  37.959595     2.7190     12.074    43.3400 5.0530e+01     8.6981      1.045      1.515    23.9387 0.0000e+00
      1.071      0.020     9.6298    114.390     38.894  37.977962     2.7085     12.073    43.5317 4.7648e+01     8.8132      1.050      1.523    23.9147 0.0000e+00
      1.077      0.020     9.6151    114.869     38.929  37.995904     2.7221     12.072    43.7084 4.4774e+01     8.9428      1.056      1.531    23.8914 0.0000e+00
      1.082      0.020     9.6108    115.430     38.939  37.986139     2.7587     12.071    43.7569 4.2228e+01     9.0700      1.062      1.540    23.8575 0.0000e+00
      1.087      0.019     9.6263    116.030     38.951  37.986775     2.7512     12.070    43.6878 4.0395e+01     9.1220      1.067      1.547    23.8280 0.0000e+00
      1.092      0.018     9.6556    116.678     38.963  38.003579     2.6896     12.069    43.6465 3.9505e+01     9.1261      1.072      1.555    23.8183 0.0000e+00
      1.096      0.016     9.7021    117.280     38.947  37.998954     2.6554     12.069    43.7738 3.9065e+01     9.1202      1.075      1.559    23.8008 0.0000e+00
      1.099      0.015     9.7577    117.625     38.937  37.994324     2.6784     12.068    43.8503 3.8463e+01     9.1530      1.078      1.564    23.7665 0.0000e+00
      1.103      0.015     9.8103    117.682     38.952  38.011062     2.7354     12.067    43.7106 3.7673e+01     9.3172      1.083      1.569    23.7472 0.0000e+00
      1.107      0.014     9.8636    117.641     38.948  38.010965     2.7782     12.066    43.6335 3.6978e+01     9.5004      1.086      1.575    23.7617 0.0000e+00
      1.110      0.014     9.9216    117.661     38.923  37.993160     2.7717     12.065    43.7783 3.6634e+01     9.5578      1.089      1.579    23.7814 0.0000e+00
      1.114      0.013     9.9504    117.737     38.906  37.986164     2.7642     12.065    43.9129 3.7064e+01     9.5334      1.092      1.584    23.7861 0.0000e+00
      1.118      0.012     9.9469    117.774     38.901  37.989843     2.8040     12.065    43.8839 3.8716e+01     9.6498      1.097      1.591    23.7862 0.0000e+00
      1.121      0.011     9.9376    117.720     38.878  37.974196     2.8543     12.064    43.8589 4.1390e+01     9.8721      1.100      1.595    23.7885 0.0000e+00
      1.123      0.010     9.9385    117.598     38.825  37.923896     2.8560     12.064    43.8681 4.4300e+01     9.8983      1.102      1.598    23.7975 0.0000e+00
      1.125      0.009     9.9464    117.428     38.795  37.889324     2.8327     12.064    43.9086 4.6850e+01     9.7951      1.104      1.601    23.8121 0.0000e+00
      1.127      0.008     9.9486    117.216     38.792  37.873474     2.8471     12.064    43.9186 4.8997e+01     9.7513      1.105      1.603    23.8244 0.0000e+00
      1.129      0.008     9.9413    117.010     38.800  37.859136     2.9138     12.065    43.8171 5.0965e+01     9.7792      1.107      1.606    23.8338 0.0000e+00
      1.131      0.009     9.9288    116.841     38.813  37.842843     2.9741     12.065    43.8001 5.2819e+01     9.7564      1.109      1.608    23.8371 0.0000e+00
      1.133      0.010     9.9175    116.672     38.810  37.803348     2.9756     12.066    43.8852 5.4514e+01     9.6461      1.111      1.611    23.8303 0.0000e+00
      1.135      0.012     9.8997    116.457     38.813  37.762278     2.9571     12.066    43.9860 5.5844e+01     9.6414      1.113      1.614    23.8150 0.0000e+00
      1.138      0.013     9.8865    116.213     38.819  37.726947     2.9507     12.067    44.0719 5.6466e+01     9.7341      1.115      1.618    23.7841 0.0000e+00
      1.142      0.014     9.8809    115.932     38.809  37.693380     2.9472     12.068    44.1492 5.6514e+01     9.7759      1.120      1.624    23.7467 0.0000e+00
      1.147      0.014     9.8767    115.518     38.797  37.673658     2.9397     12.068    44.3183 5.6315e+01     9.7364      1.124      1.631    23.7045 0.0000e+00
      1.151      0.014     9.8693    114.927     38.802  37.678848     2.9185     12.067    44.4818 5.6008e+01     9.6324      1.129      1.637    23.6394 0.0000e+00
      1.155      0.014     9.8587    114.190     38.818  37.692673     2.8996     12.066    44.5769 5.5757e+01     9.5779      1.132      1.642    23.5780 0.0000e+00
      1.157      0.013     9.8453    113.317     38.848  37.713913     2.8944     12.064    44.6949 5.5596e+01     9.6232      1.135      1.646    23.5491 0.0000e+00
      1.159      0.013     9.8125    112.273     38.896  37.745271     2.8890     12.062    44.8763 5.5430e+01     9.6347      1.137      1.649    23.5443 0.0000e+00
      1.162      0.013     9.7594    111.054     38.921  37.754524     2.8759     12.060    45.0489 5.5200e+01     9.5113      1.140      1.653    23.5476 0.0000e+00
      1.166      0.013     9.6960    109.711     38.945  37.762320     2.8273     12.058    45.0606 5.4916e+01     9.2929      1.143      1.658    23.5498 0.0000e+00
      1.170      0.013     9.6261    108.340     38.975  37.776049     2.7675     12.056    44.9319 5.4516e+01     9.2145      1.147      1.664    23.5373 0.0000e+00
      1.174      0.014     9.5415    107.040     39.013  37.793594     2.7527     12.055    44.8695 5.3983e+01     9.3155      1.151      1.670    23.5160 0.0000e+00
      1.178      0.016     9.4398    105.843     39.099  37.847516     2.7645     12.052    44.9941 5.3362e+01     9.3524      1.154      1.674    23.4952 0.0000e+00
      1.180      0.018     9.3271    104.786     39.219  37.920323     2.8010     12.049    45.1476 5.2591e+01     9.3186      1.157      1.678    23.4733 0.0000e+00
