Data/DataNotYetUploadedToEDI/Raw_CTD/RawDownloads/061526_fcr40_S7809011.cnv
* Sea-Bird SBE19plus  Data File:
* FileName = C:\R\Reservoirs\Data\DataNotYetUploadedToEDI\Raw_CTD\RawDownloads\062926_fcr50_S7809_0011.hex
* Software version 2.8.0.119
* Temperature SN = 7809
* Conductivity SN = 7809
* System UpLoad Time = Jun 30 2026 09:05:06
* <ApplicationData>
* <Seaterm232>
# nquan = 15
# nvalues = 2102                        
# units = specified
# name 0 = depFM: Depth [fresh water, m]
# name 1 = dz/dtM: Descent Rate [m/s]
# name 2 = sbeox0Mg/L: Oxygen, SBE 43 [mg/l]
# name 3 = sbeox0PS: Oxygen, SBE 43 [% saturation]
# name 4 = specc: Specific Conductance [uS/cm]
# name 5 = c0uS/cm: Conductivity [uS/cm]
# name 6 = flECO-AFL: Fluorescence, WET Labs ECO-AFL/FL [mg/m^3]
# name 7 = ph: pH
# name 8 = orp: Oxidation Reduction Potential [mV]
# name 9 = par/sat/log: PAR/Logarithmic, Satlantic
# name 10 = turbWETntu0: Turbidity, WET Labs ECO [NTU]
# name 11 = prdM: Pressure, Strain Gauge [db]
# name 12 = prdE: Pressure, Strain Gauge [psi]
# name 13 = tv290C: Temperature [ITS-90, deg C]
# name 14 = flag:  0.000e+00
# span 0 =     -0.667,      5.546       
# span 1 =     -0.221,      0.268       
# span 2 =    -0.1765,    10.2698       
# span 3 =     -1.678,    125.612       
# span 4 =      1.913,     58.591       
# span 5 =   1.666399,  42.715362       
# span 6 =    -0.1010,     4.0216       
# span 7 =     10.581,     12.367       
# span 8 =  -528.4886,  1233.6175       
# span 9 = 1.2362e-01, 2.6555e+03       
# span 10 =    -0.1146,   189.6349      
# span 11 =     -0.654,      5.439      
# span 12 =     -0.949,      7.889      
# span 13 =     9.6173,    26.0470      
# span 14 = 0.0000e+00, 0.0000e+00      
# interval = seconds: 0.25
# start_time = Jun 15 2026 12:48:01 [Instrument's time stamp, header]
# bad_flag = -9.990e-29
*END*
[from data line 964]
      0.059 -4.098e-07     9.4571    116.355     39.407  40.159857     2.7023     12.310   -33.4490 3.3382e+02     6.2519      0.058      0.084    25.9435 0.0000e+00
      0.058     -0.000     9.4640    116.393     39.386  40.140360     2.7112     12.312   -33.4325 1.9222e+02     6.3389      0.057      0.083    25.9448 0.0000e+00
      0.058     -0.000     9.4561    116.473     39.353  40.108754     2.7027     12.312   -33.5208 1.7563e+02     6.4235      0.057      0.083    25.9450 0.0000e+00
      0.058     -0.001     9.4493    116.514     39.338  40.095023     2.6487     12.312   -33.6564 1.7761e+02     6.4210      0.057      0.083    25.9452 0.0000e+00
      0.059     -0.001     9.4462    116.498     39.344  40.101264     2.5914     12.312   -33.6945 1.8337e+02     6.3096      0.058      0.084    25.9479 0.0000e+00
      0.059     -0.001     9.4477    116.419     39.364  40.120752     2.5755     12.311   -33.6372 1.8784e+02     6.2376      0.058      0.084    25.9522 0.0000e+00
      0.058     -0.001     9.4586    116.274     39.385  40.140267     2.6145     12.311   -33.5662 1.8736e+02     6.3366      0.057      0.082    25.9558 0.0000e+00
      0.057     -0.001     9.4607    116.166     39.391  40.146831     2.6720     12.312   -33.5247 1.7800e+02     6.5500      0.056      0.081    25.9576 0.0000e+00
      0.057     -0.000     9.4589    116.199     39.377  40.136646     2.6790     12.312   -33.4794 1.7130e+02     6.6307      0.056      0.081    25.9577 0.0000e+00
      0.058 -1.863e-08     9.4555    116.343     39.378  40.144050     2.6505     12.311   -33.4489 1.6692e+02     6.5272      0.057      0.082    25.9555 0.0000e+00
      0.058 -2.049e-07     9.4391    116.471     39.403  40.172901     2.6349     12.309   -33.5009 1.6297e+02     6.4594      0.057      0.082    25.9515 0.0000e+00
      0.058 -2.049e-07     9.4276    116.560     39.397  40.168181     2.6317     12.309   -33.5057 1.5895e+02     6.4599      0.057      0.082    25.9506 0.0000e+00
      0.058 -1.863e-08     9.4287    116.633     39.378  40.150438     2.6364     12.309   -33.4207 1.6043e+02     6.4313      0.057      0.082    25.9578 0.0000e+00
      0.058 -1.693e-09     9.4464    116.679     39.376  40.148763     2.6255     12.309   -33.3326 1.6420e+02     6.3528      0.057      0.082    25.9666 0.0000e+00
      0.058 -1.539e-10     9.4546    116.689     39.375  40.147930     2.5919     12.309   -33.3007 1.6287e+02     6.2615      0.057      0.083    25.9703 0.0000e+00
      0.057 -1.400e-11     9.4601    116.650     39.369  40.140365     2.6041     12.309   -33.3802 1.6592e+02     6.2496      0.056      0.082    25.9722 0.0000e+00
      0.057 -1.272e-12     9.4675    116.574     39.351  40.120757     2.6820     12.310   -33.4329 1.6783e+02     6.3461      0.056      0.082    25.9744 0.0000e+00
      0.057 -1.157e-13     9.4698    116.490     39.334  40.101241     2.7430     12.310   -33.4214 1.6255e+02     6.4379      0.056      0.081    25.9754 0.0000e+00
      0.057 -1.110e-14     9.4726    116.430     39.331  40.094781     2.7335     12.310   -33.4131 1.5790e+02     6.4033      0.056      0.082    25.9750 0.0000e+00
      0.058 -7.430e-15     9.4679    116.374     39.348  40.106100     2.6917     12.309   -33.4192 1.5903e+02     6.3032      0.057      0.083    25.9741 0.0000e+00
      0.059 -7.130e-14     9.4624    116.337     39.360  40.111170     2.6623     12.309   -33.4094 1.5938e+02     6.2186      0.057      0.083    25.9727 0.0000e+00
      0.059 -7.834e-13     9.4531    116.377     39.348  40.092600     2.6529     12.310   -33.3809 1.5649e+02     6.1658      0.057      0.083    25.9703 0.0000e+00
      0.058 -8.617e-12     9.4511    116.442     39.334  40.071950     2.6614     12.310   -33.3325 1.5986e+02     6.1770      0.057      0.083    25.9655 0.0000e+00
      0.058 -9.479e-11     9.4491    116.502     39.321  40.051871     2.6484     12.310   -33.3402 1.6511e+02     6.2176      0.057      0.082    25.9576 0.0000e+00
      0.058 -1.043e-09     9.4418    116.568     39.314  40.040211     2.6127     12.311   -33.4745 1.7027e+02     6.2805      0.056      0.082    25.9475 0.0000e+00
      0.058 -1.147e-08     9.4517    116.603     39.333  40.057876     2.5954     12.311   -33.4940 1.7552e+02     6.3226      0.057      0.083    25.9397 0.0000e+00
      0.059 -1.262e-07     9.4584    116.598     39.349  40.075073     2.5980     12.311   -33.3173 1.7599e+02     6.3172      0.058      0.084    25.9323 0.0000e+00
      0.059 -2.313e-07     9.4631    116.549     39.333  40.057761     2.5776     12.310   -33.1448 1.7879e+02     6.2495      0.058      0.084    25.9215 0.0000e+00
      0.058 -1.262e-07     9.4727    116.417     39.318  40.038941     2.5063     12.310   -33.1283 1.8071e+02     6.0840      0.057      0.083    25.9150 0.0000e+00
      0.058 -1.147e-08     9.4749    116.242     39.322  40.037902     2.4763     12.310   -33.2042 1.7624e+02     6.0250      0.056      0.082    25.9141 0.0000e+00
      0.058 -1.015e-09     9.4740    116.199     39.335  40.045186     2.4986     12.310   -33.2021 1.7144e+02     6.1165      0.057      0.082    25.9157 0.0000e+00
      0.058 2.1286e-10     9.4718    116.326     39.355  40.063539     2.4841     12.310   -33.1896 1.7294e+02     6.1312      0.057      0.083    25.9168 0.0000e+00
      0.059 3.3757e-09     9.4625    116.445     39.360  40.069415     2.4597     12.310   -33.2243 1.7722e+02     6.1000      0.058      0.084    25.9123 0.0000e+00
      0.059 3.7227e-08     9.4411    116.417     39.340  40.052779     2.4615     12.309   -33.1919 1.7727e+02     6.1837      0.058      0.084    25.9042 0.0000e+00
      0.058 4.0950e-07     9.4370    116.280     39.337  40.052778     2.4730     12.309   -33.2276 1.7779e+02     6.3236      0.057      0.083    25.8955 0.0000e+00
      0.057      0.000     9.4566    116.173     39.352  40.069414     2.4735     12.309   -33.3116 1.8348e+02     6.3909      0.056      0.082    25.8917 0.0000e+00
      0.057      0.000     9.4696    116.148     39.346  40.063537     2.4756     12.309   -33.2618 1.8748e+02     6.4164      0.055      0.080    25.8947 0.0000e+00
      0.058      0.001     9.4658    116.163     39.329  40.045181     2.4905     12.309   -33.2274 1.8835e+02     6.3926      0.057      0.082    25.8995 0.0000e+00
      0.059      0.001     9.4472    116.165     39.323  40.037861     2.4789     12.310   -33.2396 1.9191e+02     6.2739      0.058      0.084    25.9032 0.0000e+00
      0.059      0.001     9.4377    116.201     39.324  40.038495     2.4609     12.310   -33.2369 1.8990e+02     6.2453      0.058      0.084    25.9052 0.0000e+00
      0.059      0.000     9.4373    116.335     39.337  40.052851     2.4553     12.309   -33.1958 1.9160e+02     6.3543      0.058      0.085    25.9061 0.0000e+00
      0.059 -2.312e-13     9.4404    116.403     39.367  40.084515     2.4275     12.309   -33.0865 1.9689e+02     6.4309      0.058      0.084    25.9041 0.0000e+00
      0.058 -2.543e-12     9.4415    116.353     39.384  40.104027     2.3911     12.309   -32.9482 1.9518e+02     6.4196      0.057      0.082    25.9023 0.0000e+00
      0.058 -2.797e-11     9.4362    116.363     39.377  40.098377     2.3656     12.309   -32.8995 1.9718e+02     6.3539      0.057      0.083    25.9021 0.0000e+00
      0.059 -3.077e-10     9.4574    116.447     39.357  40.079671     2.3685     12.309   -33.0136 1.9738e+02     6.3540      0.058      0.084    25.9031 0.0000e+00
      0.059 -3.384e-09     9.4665    116.501     39.342  40.068248     2.3925     12.308   -33.1242 1.9515e+02     6.4205      0.057      0.083    25.9058 0.0000e+00
      0.059 -3.723e-08     9.4489    116.462     39.357  40.087183     2.3980     12.308   -33.1180 1.9445e+02     6.4413      0.057      0.083    25.9081 0.0000e+00
      0.059 -4.095e-07     9.4531    116.334     39.383  40.118237     2.3765     12.309   -33.0244 1.9580e+02     6.4004      0.057      0.083    25.9100 0.0000e+00
      0.059      0.000     9.4630    116.255     39.388  40.126413     2.3490     12.310   -32.9393 1.9737e+02     6.3699      0.058      0.084    25.9123 0.0000e+00
      0.059     -0.000     9.4676    116.322     39.382  40.122582     2.3569     12.309   -32.9495 2.0093e+02     6.4141      0.058      0.084    25.9160 0.0000e+00
      0.059     -0.001     9.4653    116.427     39.393  40.135378     2.3893     12.308   -32.9755 2.0479e+02     6.4216      0.058      0.084    25.9222 0.0000e+00
      0.058     -0.001     9.4484    116.479     39.409  40.154218     2.3988     12.307   -32.9094 2.0923e+02     6.3931      0.057      0.083    25.9280 0.0000e+00
      0.058     -0.001     9.4354    116.484     39.410  40.159993     2.3798     12.307   -32.8386 2.2393e+02     6.3773      0.056      0.082    25.9319 0.0000e+00
      0.058     -0.000     9.4475    116.440     39.386  40.141745     2.3674     12.308   -32.8081 2.2813e+02     6.3666      0.056      0.082    25.9341 0.0000e+00
      0.058 -1.861e-08     9.4587    116.359     39.362  40.123983     2.3994     12.308   -32.7126 2.2353e+02     6.4349      0.056      0.082    25.9351 0.0000e+00
      0.058 -2.048e-07     9.4595    116.198     39.370  40.135625     2.4425     12.307   -32.6306 2.2718e+02     6.4518      0.057      0.083    25.9393 0.0000e+00
      0.059 -2.048e-07     9.4618    115.981     39.387  40.155589     2.4557     12.307   -32.5910 2.2455e+02     6.3995      0.057      0.083    25.9456 0.0000e+00
      0.059 -1.861e-08     9.4534    115.869     39.404  40.174981     2.4424     12.306   -32.5770 2.1766e+02     6.4181      0.058      0.084    25.9527 0.0000e+00
      0.058 -1.692e-09     9.4490    115.919     39.407  40.179710     2.4149     12.305   -32.5478 2.1718e+02     6.5060      0.057      0.083    25.9622 0.0000e+00
      0.058 -1.539e-10     9.4353    116.024     39.377  40.149304     2.4149     12.305   -32.4964 2.1519e+02     6.6422      0.057      0.082    25.9671 0.0000e+00
      0.058 -1.421e-11     9.4098    116.164     39.353  40.124658     2.4500     12.306   -32.5574 2.3054e+02     6.6985      0.057      0.083    25.9693 0.0000e+00
      0.059 -3.795e-12     9.3975    116.387     39.364  40.135563     2.4820     12.307   -32.5965 2.5603e+02     6.6054      0.058      0.084    25.9727 0.0000e+00
      0.059 -2.787e-11     9.4078    116.614     39.384  40.154232     2.5015     12.307   -32.5391 2.5091e+02     6.5072      0.057      0.083    25.9744 0.0000e+00
      0.058 -3.053e-10     9.4169    116.740     39.393  40.159992     2.5105     12.306   -32.4660 2.6172e+02     6.5359      0.057      0.082    25.9746 0.0000e+00
      0.058 -3.359e-09     9.4232    116.749     39.378  40.141743     2.5251     12.306   -32.4013 2.9527e+02     6.6457      0.056      0.082    25.9742 0.0000e+00
      0.058 -3.694e-08     9.4469    116.719     39.364  40.123963     2.5276     12.306   -32.3585 2.8930e+02     6.6045      0.057      0.082    25.9732 0.0000e+00
      0.059 -4.064e-07     9.4676    116.663     39.377  40.135399     2.4914     12.307   -32.2929 2.5772e+02     6.3797      0.057      0.083    25.9714 0.0000e+00
      0.059     -0.000     9.4808    116.582     39.394  40.153084     2.4614     12.307   -32.2962 2.3148e+02     6.2168      0.058      0.084    25.9685 0.0000e+00
      0.059     -0.000     9.4768    116.551     39.387  40.147405     2.4562     12.307   -32.3987 2.2069e+02     6.2403      0.058      0.084    25.9629 0.0000e+00
      0.059     -0.001     9.4760    116.561     39.367  40.130204     2.4697     12.307   -32.4132 2.1652e+02     6.4243      0.057      0.083    25.9585 0.0000e+00
      0.058     -0.001     9.4745    116.592     39.372  40.135500     2.4840     12.307   -32.3855 2.1318e+02     6.5635      0.056      0.082    25.9562 0.0000e+00
      0.058     -0.000     9.4610    116.617     39.386  40.147973     2.4706     12.307   -32.4084 2.1423e+02     6.5225      0.057      0.082    25.9560 0.0000e+00
      0.058      0.000     9.4617    116.596     39.394  40.154091     2.4571     12.307   -32.3462 2.1645e+02     6.4750      0.056      0.082    25.9602 0.0000e+00
      0.058      0.001     9.4608    116.540     39.388  40.146011     2.4884     12.307   -32.3221 2.2104e+02     6.5704      0.056      0.082    25.9634 0.0000e+00
      0.059      0.001     9.4644    116.491     39.359  40.113736     2.5485     12.307   -32.4602 2.2326e+02     6.7190      0.057      0.083    25.9639 0.0000e+00
      0.059      0.001     9.4688    116.457     39.331  40.081166     2.5687     12.307   -32.5547 2.2255e+02     6.7009      0.058      0.084    25.9621 0.0000e+00
      0.059      0.001     9.4667    116.417     39.325  40.069513     2.5491     12.308   -32.5176 2.2023e+02     6.5562      0.057      0.083    25.9585 0.0000e+00
      0.059      0.000     9.4614    116.359     39.360  40.099758     2.5364     12.310   -32.3561 2.1598e+02     6.4713      0.058      0.084    25.9563 0.0000e+00
      0.059     -0.001     9.4567    116.263     39.394  40.129535     2.5474     12.310   -32.2357 2.2227e+02     6.4948      0.058      0.085    25.9534 0.0000e+00
      0.059     -0.001     9.4577    116.216     39.380  40.112221     2.5665     12.310   -32.2664 2.3229e+02     6.6008      0.057      0.083    25.9479 0.0000e+00
      0.058     -0.001     9.4533    116.335     39.352  40.080805     2.5509     12.310   -32.2970 2.2736e+02     6.6267      0.057      0.083    25.9413 0.0000e+00
      0.058     -0.001     9.4532    116.547     39.339  40.066987     2.5167     12.310   -32.3476 2.3951e+02     6.5339      0.056      0.082    25.9332 0.0000e+00
      0.058      0.000     9.4439    116.759     39.343  40.072077     2.5112     12.311   -32.3628 2.5360e+02     6.4017      0.056      0.081    25.9271 0.0000e+00
      0.058 -1.863e-08     9.4328    116.919     39.349  40.078881     2.5342     12.311   -32.2223 2.4614e+02     6.3259      0.056      0.082    25.9229 0.0000e+00
      0.058 -2.049e-07     9.4496    116.983     39.354  40.085793     2.5617     12.311   -32.1117 2.4659e+02     6.4039      0.057      0.082    25.9192 0.0000e+00
      0.059 -2.049e-07     9.4692    116.990     39.359  40.092195     2.5602     12.311   -32.1440 2.3606e+02     6.4223      0.057      0.083    25.9180 0.0000e+00
      0.059 -1.863e-08     9.4859    116.955     39.358  40.092829     2.5502     12.312   -32.0962 2.1711e+02     6.4114      0.058      0.084    25.9199 0.0000e+00
      0.058 -1.693e-09     9.5029    116.861     39.356  40.093454     2.5822     12.312   -31.9645 2.1766e+02     6.5795      0.057      0.082    25.9220 0.0000e+00
      0.058 -1.538e-10     9.5038    116.767     39.359  40.099763     2.6301     12.312   -32.0144 2.2511e+02     6.7125      0.056      0.081    25.9230 0.0000e+00
      0.058 -1.281e-11     9.5043    116.719     39.363  40.105648     2.6472     12.312   -32.0969 2.2206e+02     6.7217      0.056      0.082    25.9246 0.0000e+00
      0.058 1.1798e-11     9.5033    116.684     39.356  40.101151     2.6139     12.312   -32.0152 2.2096e+02     6.6220      0.057      0.082    25.9264 0.0000e+00
      0.058 1.4250e-10     9.4916    116.617     39.362  40.108848     2.5606     12.312   -31.9727 2.2798e+02     6.4639      0.057      0.083    25.9306 0.0000e+00
      0.058 1.5675e-09     9.4816    116.536     39.387  40.135263     2.5516     12.312   -32.0140 2.3356e+02     6.4489      0.057      0.082    25.9355 0.0000e+00
      0.059 1.7242e-08     9.4787    116.459     39.418  40.166680     2.5721     12.313   -31.9977 2.3858e+02     6.4753      0.057      0.083    25.9378 0.0000e+00
      0.059 1.8966e-07     9.4778    116.396     39.423  40.171396     2.5834     12.313   -31.9485 2.4783e+02     6.3730      0.058      0.084    25.9399 0.0000e+00
      0.058 2.2353e-07     9.4704    116.394     39.382  40.128823     2.5879     12.313   -31.9352 2.6097e+02     6.2375      0.057      0.083    25.9426 0.0000e+00
