Data/DataNotYetUploadedToEDI/Raw_CTD/RawDownloads/061526_fcr20_S7809009.cnv
* Sea-Bird SBE19plus  Data File:
* FileName = C:\R\Reservoirs\Data\DataNotYetUploadedToEDI\Raw_CTD\RawDownloads\062926_fcr50_S7809_0009.hex
* Software version 2.8.0.119
* Temperature SN = 7809
* Conductivity SN = 7809
* System UpLoad Time = Jun 30 2026 09:03:22
* <ApplicationData>
* <Seaterm232>
# nquan = 15
# nvalues = 1865                        
# units = specified
# name 0 = depFM: Depth [fresh water, m]
# name 1 = dz/dtM: Descent Rate [m/s]
# name 2 = sbeox0Mg/L: Oxygen, SBE 43 [mg/l]
# name 3 = sbeox0PS: Oxygen, SBE 43 [% saturation]
# name 4 = specc: Specific Conductance [uS/cm]
# name 5 = c0uS/cm: Conductivity [uS/cm]
# name 6 = flECO-AFL: Fluorescence, WET Labs ECO-AFL/FL [mg/m^3]
# name 7 = ph: pH
# name 8 = orp: Oxidation Reduction Potential [mV]
# name 9 = par/sat/log: PAR/Logarithmic, Satlantic
# name 10 = turbWETntu0: Turbidity, WET Labs ECO [NTU]
# name 11 = prdM: Pressure, Strain Gauge [db]
# name 12 = prdE: Pressure, Strain Gauge [psi]
# name 13 = tv290C: Temperature [ITS-90, deg C]
# name 14 = flag:  0.000e+00
# span 0 =     -0.666,      2.628       
# span 1 =     -0.195,      0.268       
# span 2 =    -0.8813,     9.7343       
# span 3 =     -9.144,    116.023       
# span 4 =      1.699,     61.409       
# span 5 =   1.542543,  50.301360       
# span 6 =    -0.1701,     8.7069       
# span 7 =      9.840,     12.326       
# span 8 =   -69.0078,   664.1515       
# span 9 = 7.4109e+00, 2.4498e+03       
# span 10 =    -0.1775,    86.0586      
# span 11 =     -0.653,      2.578      
# span 12 =     -0.947,      3.738      
# span 13 =    15.8740,    24.7984      
# span 14 = 0.0000e+00, 0.0000e+00      
# interval = seconds: 0.25
# start_time = Jun 15 2026 12:23:42 [Instrument's time stamp, header]
# bad_flag = -9.990e-29
*END*
[from data line 675]
      0.064      0.007     9.4449    113.002     39.141  38.920269     2.5468     12.270    24.5228 1.1205e+03     6.7221      0.061      0.089    24.7099 0.0000e+00
      0.066      0.011     9.4428    113.003     39.141  38.920476     2.5523     12.270    24.5375 8.1312e+02     6.8544      0.066      0.095    24.7098 0.0000e+00
      0.067      0.017     9.4340    113.263     39.143  38.922868     2.5522     12.270    24.6298 7.1467e+02     6.8541      0.066      0.095    24.7096 0.0000e+00
      0.069      0.022     9.4066    113.557     39.169  38.949186     2.5367     12.270    24.7775 8.6874e+02     6.7194      0.064      0.093    24.7104 0.0000e+00
      0.077      0.023     9.3771    113.639     39.205  38.984848     2.5231     12.270    24.7750 1.0919e+03     6.6949      0.072      0.105    24.7120 0.0000e+00
      0.090      0.020     9.3761    113.468     39.193  38.973310     2.5297     12.270    24.6852 1.1843e+03     6.7626      0.089      0.129    24.7134 0.0000e+00
      0.102      0.016     9.4065    113.224     39.156  38.936599     2.5587     12.270    24.6386 1.0667e+03     6.8545      0.104      0.150    24.7142 0.0000e+00
      0.104      0.012     9.4394    113.044     39.141  38.921724     2.5653     12.269    24.6414 8.1183e+02     6.9180      0.105      0.152    24.7137 0.0000e+00
      0.099      0.007     9.4486    112.907     39.140  38.920383     2.5339     12.269    24.7190 5.9769e+02     6.9153      0.096      0.139    24.7131 0.0000e+00
      0.095      0.002     9.4261    112.818     39.141  38.920374     2.5124     12.270    24.8030 5.0631e+02     6.9248      0.090      0.131    24.7132 0.0000e+00
      0.095     -0.001     9.4000    112.820     39.143  38.921621     2.5290     12.271    24.7970 5.2040e+02     6.9985      0.092      0.133    24.7136 0.0000e+00
      0.098     -0.003     9.3890    112.862     39.158  38.935465     2.5607     12.271    24.7320 6.5040e+02     7.0543      0.097      0.141    24.7135 0.0000e+00
      0.101     -0.004     9.3775    112.944     39.186  38.960839     2.5636     12.270    24.7057 8.0720e+02     6.9507      0.100      0.145    24.7131 0.0000e+00
      0.100     -0.007     9.3660    113.133     39.201  38.974570     2.5391     12.270    24.7362 8.8644e+02     6.7709      0.100      0.144    24.7122 0.0000e+00
      0.095     -0.012     9.3710    113.343     39.201  38.974580     2.5217     12.272    24.7572 9.2758e+02     6.6906      0.095      0.137    24.7111 0.0000e+00
      0.090     -0.018     9.3749    113.360     39.187  38.960954     2.5286     12.274    24.7017 9.6608e+02     6.7310      0.087      0.126    24.7095 0.0000e+00
      0.085     -0.023     9.3771    113.110     39.162  38.936735     2.5560     12.275    24.5810 9.4426e+02     6.8161      0.083      0.119    24.7075 0.0000e+00
      0.081     -0.025     9.3960    112.807     39.160  38.935591     2.5616     12.275    24.5886 8.4808e+02     6.7975      0.081      0.117    24.7060 0.0000e+00
      0.074     -0.022     9.4222    112.687     39.171  38.947118     2.5380     12.275    24.7076 9.0434e+02     6.7109      0.076      0.109    24.7050 0.0000e+00
      0.064     -0.017     9.4280    112.763     39.173  38.949197     2.5282     12.275    24.7289 1.1688e+03     6.7934      0.061      0.089    24.7047 0.0000e+00
      0.054     -0.011     9.3978    112.983     39.185  38.960726     2.5427     12.274    24.7606 1.2811e+03     7.0085      0.049      0.072    24.7058 0.0000e+00
      0.052     -0.004     9.3626    113.298     39.184  38.959591     2.5645     12.273    24.9191 1.1841e+03     7.1255      0.049      0.071    24.7074 0.0000e+00
      0.057      0.002     9.3550    113.583     39.159  38.935476     2.5662     12.273    25.0962 1.1874e+03     7.0814      0.056      0.081    24.7078 0.0000e+00
      0.063      0.008     9.3634    113.756     39.145  38.922995     2.5470     12.272    25.1812 1.2989e+03     7.0215      0.064      0.093    24.7076 0.0000e+00
      0.068      0.010     9.3810    113.839     39.156  38.935591     2.5320     12.272    25.2589 1.1616e+03     7.0848      0.068      0.098    24.7077 0.0000e+00
      0.069      0.009     9.4126    113.841     39.180  38.960859     2.5261     12.272    25.3464 9.1371e+02     7.1630      0.068      0.099    24.7083 0.0000e+00
      0.069      0.006     9.4393    113.687     39.192  38.974684     2.5257     12.272    25.3798 7.6270e+02     7.1476      0.067      0.097    24.7089 0.0000e+00
      0.070      0.004     9.4512    113.336     39.192  38.975827     2.5109     12.272    25.4040 6.3944e+02     7.0699      0.068      0.099    24.7099 0.0000e+00
      0.072      0.004     9.4571    112.992     39.191  38.974684     2.4893     12.272    25.3812 6.3418e+02     7.0429      0.071      0.103    24.7124 0.0000e+00
      0.073      0.004     9.4594    112.961     39.177  38.960859     2.5051     12.272    25.2753 6.5438e+02     7.1285      0.072      0.104    24.7149 0.0000e+00
      0.074      0.003     9.4504    113.257     39.152  38.935590     2.5357     12.272    25.1567 5.8511e+02     7.1823      0.072      0.104    24.7167 0.0000e+00
      0.075      0.002     9.4141    113.631     39.140  38.922993     2.5342     12.273    25.1515 5.0864e+02     7.1478      0.073      0.106    24.7180 0.0000e+00
      0.075      0.000     9.3715    113.878     39.153  38.935467     2.5036     12.274    25.2993 5.3119e+02     7.0864      0.074      0.108    24.7182 0.0000e+00
      0.075     -0.002     9.3702    113.993     39.178  38.959487     2.4831     12.275    25.4798 5.9737e+02     7.0547      0.073      0.107    24.7178 0.0000e+00
      0.074     -0.003     9.4046    114.055     39.178  38.959592     2.4937     12.275    25.6135 5.6497e+02     7.1064      0.073      0.106    24.7175 0.0000e+00
      0.073     -0.003     9.4430    114.044     39.155  38.936734     2.5064     12.275    25.6259 4.8437e+02     7.1653      0.071      0.104    24.7172 0.0000e+00
      0.070     -0.002     9.4626    113.881     39.155  38.936952     2.4954     12.275    25.4568 4.4577e+02     7.1169      0.069      0.100    24.7167 0.0000e+00
      0.069     -0.001     9.4676    113.486     39.179  38.962232     2.4768     12.275    25.3755 4.3708e+02     6.9996      0.065      0.096    24.7159 0.0000e+00
      0.069      0.000     9.4750    112.851     39.203  38.988551     2.4893     12.275    25.5041 4.4751e+02     6.9771      0.067      0.097    24.7154 0.0000e+00
      0.072      0.000     9.4765    112.171     39.213  39.001337     2.5218     12.275    25.6355 4.8031e+02     7.0498      0.071      0.103    24.7150 0.0000e+00
      0.073      0.000     9.4653    111.739     39.200  38.989912     2.5291     12.275    25.6730 5.0061e+02     7.0578      0.072      0.105    24.7144 0.0000e+00
      0.072     -0.001     9.4343    111.643     39.187  38.977336     2.5196     12.276    25.5280 4.7970e+02     6.9719      0.071      0.103    24.7163 0.0000e+00
      0.071     -0.002     9.3748    111.791     39.186  38.976194     2.5228     12.277    25.3445 4.3270e+02     6.9003      0.069      0.100    24.7207 0.0000e+00
      0.070     -0.002     9.3051    112.161     39.187  38.976100     2.5429     12.277    25.3468 3.6569e+02     6.9435      0.069      0.100    24.7243 0.0000e+00
      0.069     -0.001     9.2671    112.762     39.188  38.976204     2.5723     12.276    25.4693 3.2222e+02     7.0499      0.067      0.098    24.7261 0.0000e+00
      0.068      0.001     9.2653    113.475     39.190  38.977452     2.5702     12.276    25.6223 3.1177e+02     7.0595      0.065      0.094    24.7269 0.0000e+00
      0.068      0.003     9.2770    114.103     39.204  38.991193     2.5339     12.276    25.7338 2.9257e+02     6.9573      0.065      0.095    24.7266 0.0000e+00
      0.071      0.003     9.3057    114.512     39.226  39.015422     2.5161     12.275    25.7847 2.7130e+02     6.8733      0.069      0.101    24.7256 0.0000e+00
      0.074      0.003     9.3598    114.579     39.224  39.016576     2.5207     12.274    25.8071 2.6410e+02     6.8633      0.073      0.106    24.7247 0.0000e+00
      0.075      0.002     9.4274    114.270     39.209  39.005141     2.5562     12.274    25.8331 2.5053e+02     6.9729      0.074      0.107    24.7230 0.0000e+00
      0.074      0.001     9.4817    113.722     39.206  39.004093     2.6045     12.274    25.8416 2.3476e+02     7.1744      0.072      0.104    24.7215 0.0000e+00
      0.072     -0.001     9.5191    113.044     39.204  39.003903     2.6049     12.274    25.8232 2.3177e+02     7.2490      0.070      0.102    24.7238 0.0000e+00
      0.072     -0.001     9.5275    112.362     39.203  39.002844     2.5859     12.274    25.8689 2.3134e+02     7.1920      0.070      0.102    24.7299 0.0000e+00
      0.072     -0.001     9.4926    111.920     39.192  38.991295     2.6003     12.274    25.8777 2.3433e+02     7.2030      0.069      0.101    24.7345 0.0000e+00
      0.072     -0.001     9.4450    111.842     39.192  38.991190     2.6294     12.274    25.8433 2.3518e+02     7.2787      0.070      0.102    24.7373 0.0000e+00
      0.072      0.000     9.3874    112.030     39.203  39.001575     2.6214     12.275    25.8837 2.3991e+02     7.2881      0.071      0.104    24.7386 0.0000e+00
      0.072      0.003     9.3197    112.290     39.193  38.989933     2.5869     12.275    25.9359 2.6568e+02     7.2485      0.071      0.104    24.7385 0.0000e+00
      0.071      0.010     9.2794    112.528     39.182  38.977337     2.5780     12.275    25.9578 2.8903e+02     7.3464      0.069      0.101    24.7381 0.0000e+00
      0.070      0.018     9.2771    112.776     39.182  38.976192     2.5971     12.274    25.9767 2.7908e+02     7.5490      0.067      0.097    24.7372 0.0000e+00
      0.073      0.024     9.2998    113.027     39.184  38.976089     2.6182     12.273    26.0778 2.5706e+02     7.6147      0.068      0.099    24.7365 0.0000e+00
      0.083      0.027     9.3253    113.161     39.187  38.976089     2.6167     12.272    26.1478 2.4243e+02     7.5252      0.078      0.115    24.7351 0.0000e+00
      0.099      0.027     9.3417    113.022     39.192  38.976192     2.6120     12.271    26.1354 2.2797e+02     7.3557      0.098      0.142    24.7339 0.0000e+00
      0.114      0.022     9.3625    112.575     39.198  38.977327     2.6198     12.270    26.1856 2.1482e+02     7.2047      0.116      0.167    24.7330 0.0000e+00
      0.119      0.013     9.3882    112.059     39.213  38.989801     2.6202     12.270    26.2384 2.0921e+02     7.1690      0.119      0.173    24.7302 0.0000e+00
      0.115     -0.001     9.4049    111.708     39.226  39.000090     2.6327     12.271    26.2580 2.0236e+02     7.1625      0.112      0.163    24.7250 0.0000e+00
      0.110     -0.015     9.3987    111.469     39.201  38.974812     2.6376     12.271    26.3370 2.0865e+02     7.0235      0.106      0.155    24.7188 0.0000e+00
      0.105     -0.024     9.3527    111.275     39.163  38.938006     2.6209     12.271    26.4189 2.5840e+02     6.8553      0.105      0.152    24.7128 0.0000e+00
      0.097     -0.024     9.3000    111.325     39.159  38.935831     2.6222     12.271    26.3878 3.2663e+02     6.8704      0.097      0.141    24.7083 0.0000e+00
      0.086     -0.017     9.2764    111.818     39.169  38.948513     2.6286     12.271    26.3909 4.3513e+02     6.9332      0.083      0.120    24.7061 0.0000e+00
      0.076     -0.007     9.2616    112.618     39.184  38.964428     2.6154     12.270    26.5426 6.3178e+02     6.8968      0.071      0.103    24.7054 0.0000e+00
      0.073      0.005     9.2372    113.395     39.221  39.001338     2.6044     12.268    26.7591 7.5296e+02     6.8405      0.067      0.098    24.7061 0.0000e+00
      0.078      0.016     9.2304    113.840     39.235  39.014038     2.6370     12.266    26.9445 7.6795e+02     6.9014      0.074      0.108    24.7088 0.0000e+00
      0.091      0.023     9.2779    113.775     39.213  38.991057     2.6765     12.266    26.9768 8.3960e+02     7.0522      0.088      0.128    24.7116 0.0000e+00
      0.105      0.023     9.3555    113.300     39.203  38.977317     2.6825     12.266    26.8914 9.0410e+02     7.1616      0.105      0.152    24.7130 0.0000e+00
      0.114      0.017     9.4279    112.624     39.205  38.974821     2.6844     12.266    26.8586 8.4494e+02     7.1303      0.114      0.167    24.7133 0.0000e+00
      0.116      0.006     9.4733    111.879     39.197  38.960875     2.6912     12.265    26.9246 6.2193e+02     6.9815      0.116      0.167    24.7126 0.0000e+00
      0.113     -0.007     9.4629    111.257     39.177  38.935596     2.7065     12.265    27.0000 3.9182e+02     6.9676      0.111      0.160    24.7112 0.0000e+00
      0.108     -0.019     9.4156    111.083     39.167  38.923009     2.7277     12.265    27.0823 3.3467e+02     7.1000      0.106      0.154    24.7081 0.0000e+00
      0.102     -0.024     9.3593    111.561     39.179  38.935595     2.7149     12.266    27.1454 3.8490e+02     7.1805      0.102      0.147    24.7014 0.0000e+00
      0.092     -0.022     9.2943    112.501     39.203  38.960864     2.6599     12.266    27.0744 5.7906e+02     7.1217      0.090      0.131    24.6913 0.0000e+00
      0.081     -0.015     9.2331    113.514     39.214  38.974699     2.6113     12.266    26.9991 7.7817e+02     6.9692      0.078      0.112    24.6827 0.0000e+00
      0.074     -0.005     9.2090    114.335     39.213  38.975955     2.6014     12.266    27.0948 6.9348e+02     6.9771      0.069      0.100    24.6811 0.0000e+00
      0.075      0.007     9.2566    114.843     39.212  38.976059     2.6154     12.265    27.2855 5.2971e+02     7.1137      0.070      0.102    24.6832 0.0000e+00
      0.082      0.018     9.3489    115.033     39.212  38.975955     2.6230     12.263    27.4112 4.7818e+02     7.1526      0.080      0.116    24.6862 0.0000e+00
      0.092      0.024     9.4385    114.907     39.211  38.974699     2.6098     12.262    27.4105 4.2900e+02     7.1064      0.090      0.131    24.6896 0.0000e+00
      0.103      0.023     9.5101    114.349     39.200  38.960864     2.5895     12.262    27.3626 3.4327e+02     6.9988      0.101      0.146    24.6922 0.0000e+00
      0.113      0.016     9.5523    113.424     39.181  38.935594     2.6025     12.263    27.2634 2.7007e+02     6.9783      0.112      0.163    24.6933 0.0000e+00
      0.118      0.006     9.5642    112.436     39.175  38.922998     2.6332     12.264    27.1574 2.1404e+02     7.0302      0.118      0.171    24.6941 0.0000e+00
      0.116     -0.006     9.5620    111.662     39.191  38.935472     2.6365     12.265    27.1992 1.7027e+02     7.0452      0.115      0.167    24.6948 0.0000e+00
      0.109     -0.016     9.5152    111.337     39.216  38.959483     2.6171     12.265    27.2523 1.6109e+02     7.0914      0.108      0.157    24.6908 0.0000e+00
      0.101     -0.022     9.4259    111.551     39.215  38.959483     2.6070     12.265    27.1971 1.7336e+02     7.1101      0.099      0.144    24.6819 0.0000e+00
      0.093     -0.022     9.3410    112.157     39.189  38.935471     2.6307     12.266    27.1336 1.9803e+02     7.1350      0.091      0.132    24.6717 0.0000e+00
      0.085     -0.017     9.2687    112.886     39.175  38.922999     2.6459     12.266    27.0877 2.3722e+02     7.1199      0.083      0.120    24.6648 0.0000e+00
      0.078     -0.008     9.2382    113.489     39.187  38.935595     2.6236     12.265    27.1584 2.7701e+02     6.9959      0.075      0.109    24.6649 0.0000e+00
      0.077      0.002     9.2610    113.857     39.212  38.960854     2.6026     12.265    27.3856 3.0427e+02     6.9336      0.074      0.107    24.6683 0.0000e+00
      0.081      0.012     9.3194    113.977     39.226  38.974575     2.6247     12.264    27.5979 3.1289e+02     7.0158      0.079      0.114    24.6713 0.0000e+00
