Data/DataNotYetUploadedToEDI/Raw_CTD/RawDownloads/061526_fcr40_S7809011.cnv
* Sea-Bird SBE19plus  Data File:
* FileName = C:\R\Reservoirs\Data\DataNotYetUploadedToEDI\Raw_CTD\RawDownloads\062926_fcr50_S7809_0011.hex
* Software version 2.8.0.119
* Temperature SN = 7809
* Conductivity SN = 7809
* System UpLoad Time = Jun 30 2026 09:05:06
* <ApplicationData>
* <Seaterm232>
# nquan = 15
# nvalues = 2102                        
# units = specified
# name 0 = depFM: Depth [fresh water, m]
# name 1 = dz/dtM: Descent Rate [m/s]
# name 2 = sbeox0Mg/L: Oxygen, SBE 43 [mg/l]
# name 3 = sbeox0PS: Oxygen, SBE 43 [% saturation]
# name 4 = specc: Specific Conductance [uS/cm]
# name 5 = c0uS/cm: Conductivity [uS/cm]
# name 6 = flECO-AFL: Fluorescence, WET Labs ECO-AFL/FL [mg/m^3]
# name 7 = ph: pH
# name 8 = orp: Oxidation Reduction Potential [mV]
# name 9 = par/sat/log: PAR/Logarithmic, Satlantic
# name 10 = turbWETntu0: Turbidity, WET Labs ECO [NTU]
# name 11 = prdM: Pressure, Strain Gauge [db]
# name 12 = prdE: Pressure, Strain Gauge [psi]
# name 13 = tv290C: Temperature [ITS-90, deg C]
# name 14 = flag:  0.000e+00
# span 0 =     -0.667,      5.546       
# span 1 =     -0.221,      0.268       
# span 2 =    -0.1765,    10.2698       
# span 3 =     -1.678,    125.612       
# span 4 =      1.913,     58.591       
# span 5 =   1.666399,  42.715362       
# span 6 =    -0.1010,     4.0216       
# span 7 =     10.581,     12.367       
# span 8 =  -528.4886,  1233.6175       
# span 9 = 1.2362e-01, 2.6555e+03       
# span 10 =    -0.1146,   189.6349      
# span 11 =     -0.654,      5.439      
# span 12 =     -0.949,      7.889      
# span 13 =     9.6173,    26.0470      
# span 14 = 0.0000e+00, 0.0000e+00      
# interval = seconds: 0.25
# start_time = Jun 15 2026 12:48:01 [Instrument's time stamp, header]
# bad_flag = -9.990e-29
*END*
[from data line 1350]
      0.057      0.002     9.4267    116.021     39.424  40.185492     2.8168     12.311   -31.0992 6.6084e+02     6.4030      0.056      0.082    25.9556 0.0000e+00
      0.057      0.001     9.4154    115.922     39.408  40.169328     2.8043     12.311   -31.0607 7.2045e+02     6.3664      0.055      0.080    25.9571 0.0000e+00
      0.058      0.000     9.4183    115.847     39.389  40.150554     2.7964     12.311   -31.0750 9.0187e+02     6.3384      0.057      0.082    25.9589 0.0000e+00
      0.059 -3.896e-07     9.4230    115.842     39.387  40.148890     2.8133     12.311   -31.0992 1.0964e+03     6.4061      0.058      0.084    25.9597 0.0000e+00
      0.059      0.000     9.4224    115.922     39.389  40.149213     2.8171     12.310   -31.0095 1.0406e+03     6.3993      0.058      0.084    25.9599 0.0000e+00
      0.058      0.000     9.4087    116.155     39.398  40.154452     2.8089     12.311   -30.9375 7.2876e+02     6.2907      0.057      0.083    25.9604 0.0000e+00
      0.057     -0.001     9.4020    116.491     39.397  40.148769     2.7884     12.312   -31.0025 5.1807e+02     6.2542      0.056      0.081    25.9609 0.0000e+00
      0.057     -0.001     9.4035    116.786     39.394  40.143959     2.7521     12.312   -31.1077 4.8549e+02     6.3336      0.056      0.081    25.9608 0.0000e+00
      0.057     -0.001     9.4048    116.992     39.412  40.159746     2.7450     12.313   -31.0906 5.2461e+02     6.4310      0.057      0.082    25.9588 0.0000e+00
      0.057     -0.001     9.4269    117.117     39.404  40.149257     2.7361     12.314   -30.9676 6.8060e+02     6.4071      0.056      0.082    25.9528 0.0000e+00
      0.056      0.000     9.4619    117.180     39.401  40.144066     2.6943     12.314   -30.9115 8.0816e+02     6.2839      0.055      0.080    25.9474 0.0000e+00
      0.056 -2.246e-08     9.4857    117.208     39.419  40.160434     2.6554     12.314   -31.0144 7.8330e+02     6.2052      0.055      0.079    25.9458 0.0000e+00
      0.056 -2.471e-07     9.5026    117.199     39.414  40.156777     2.6493     12.314   -31.1791 7.8027e+02     6.2409      0.055      0.080    25.9435 0.0000e+00
      0.056 -6.535e-07     9.5134    117.106     39.417  40.163304     2.6700     12.314   -31.1822 7.2243e+02     6.3402      0.055      0.080    25.9393 0.0000e+00
      0.056     -0.000     9.5178    116.916     39.426  40.175899     2.6649     12.314   -31.0524 6.9761e+02     6.3465      0.056      0.081    25.9355 0.0000e+00
      0.056     -0.000     9.5203    116.707     39.429  40.182141     2.6206     12.315   -30.9861 7.5862e+02     6.2495      0.055      0.079    25.9339 0.0000e+00
      0.056     -0.001     9.5210    116.546     39.419  40.175319     2.5917     12.316   -31.0691 6.7662e+02     6.1914      0.055      0.080    25.9352 0.0000e+00
      0.056     -0.002     9.5144    116.450     39.399  40.156881     2.5994     12.316   -31.1956 6.2000e+02     6.2599      0.056      0.081    25.9394 0.0000e+00
      0.056     -0.002     9.4942    116.424     39.389  40.149600     2.6135     12.317   -31.2247 6.3985e+02     6.3601      0.055      0.080    25.9452 0.0000e+00
      0.055     -0.002     9.4741    116.460     39.388  40.150752     2.5879     12.317   -31.2488 5.9700e+02     6.3098      0.054      0.078    25.9503 0.0000e+00
      0.054     -0.003     9.4609    116.560     39.405  40.170821     2.5387     12.318   -31.2285 5.3140e+02     6.1983      0.053      0.077    25.9534 0.0000e+00
      0.053     -0.003     9.4521    116.710     39.434  40.201856     2.5178     12.318   -31.1520 4.9761e+02     6.1736      0.052      0.075    25.9558 0.0000e+00
      0.053     -0.002     9.4499    116.839     39.440  40.208689     2.5095     12.318   -31.1841 5.0019e+02     6.1811      0.052      0.075    25.9589 0.0000e+00
      0.053      0.000     9.4525    116.914     39.420  40.189974     2.5050     12.318   -31.1857 5.2668e+02     6.2551      0.052      0.075    25.9616 0.0000e+00
      0.052      0.003     9.4593    116.961     39.396  40.165961     2.4978     12.318   -31.0854 5.5639e+02     6.4198      0.051      0.073    25.9644 0.0000e+00
      0.051      0.004     9.4747    116.953     39.402  40.172203     2.4714     12.318   -31.0900 5.8283e+02     6.4985      0.049      0.071    25.9670 0.0000e+00
      0.053      0.003     9.4861    116.876     39.430  40.201979     2.4612     12.318   -31.1560 5.8420e+02     6.4546      0.051      0.073    25.9687 0.0000e+00
      0.058      0.001     9.4888    116.763     39.435  40.208683     2.4818     12.317   -31.1943 5.4144e+02     6.3680      0.058      0.084    25.9700 0.0000e+00
      0.062     -0.001     9.4954    116.696     39.415  40.189796     2.5043     12.317   -31.2949 5.3049e+02     6.2025      0.063      0.091    25.9709 0.0000e+00
      0.060     -0.001     9.4945    116.726     39.390  40.164004     2.5007     12.317   -31.3403 5.8502e+02     6.0245      0.061      0.088    25.9707 0.0000e+00
      0.054     -0.001     9.4878    116.812     39.378  40.150689     2.4797     12.317   -31.2265 6.2269e+02     6.0263      0.052      0.075    25.9715 0.0000e+00
      0.050     -0.001     9.4750    116.877     39.385  40.155720     2.4668     12.316   -31.1245 5.8449e+02     6.1568      0.046      0.067    25.9754 0.0000e+00
      0.050      0.000     9.4666    116.872     39.393  40.161375     2.4780     12.316   -31.1394 5.7137e+02     6.2355      0.048      0.069    25.9780 0.0000e+00
      0.055      0.002     9.4716    116.844     39.391  40.155601     2.5067     12.316   -31.1474 6.1837e+02     6.1918      0.055      0.079    25.9773 0.0000e+00
      0.060      0.004     9.4808    116.868     39.389  40.149369     2.5064     12.316   -31.0499 6.1435e+02     6.0732      0.061      0.088    25.9747 0.0000e+00
      0.061      0.005     9.4894    116.938     39.392  40.149475     2.4909     12.316   -30.9926 6.2049e+02     6.1327      0.060      0.087    25.9721 0.0000e+00
      0.058      0.004     9.4870    117.023     39.401  40.156871     2.4947     12.315   -30.8853 7.4481e+02     6.3650      0.057      0.082    25.9703 0.0000e+00
      0.058      0.001     9.4819    117.080     39.422  40.175328     2.5021     12.313   -30.6988 8.6925e+02     6.4905      0.056      0.081    25.9660 0.0000e+00
      0.060     -0.001     9.4865    117.034     39.432  40.182245     2.5128     12.313   -30.7164 8.8667e+02     6.4887      0.059      0.086    25.9587 0.0000e+00
      0.061     -0.001     9.4940    116.878     39.429  40.177043     2.5244     12.313   -30.8409 8.8210e+02     6.4463      0.061      0.088    25.9539 0.0000e+00
      0.060      0.000     9.5013    116.722     39.429  40.175880     2.5434     12.313   -30.8265 8.5075e+02     6.4903      0.060      0.087    25.9533 0.0000e+00
      0.059 -5.886e-08     9.5099    116.677     39.420  40.168181     2.5584     12.313   -30.7141 8.6938e+02     6.6451      0.058      0.084    25.9511 0.0000e+00
      0.059 -6.475e-07     9.5078    116.716     39.399  40.147417     2.5560     12.312   -30.6873 1.0169e+03     6.7122      0.057      0.082    25.9445 0.0000e+00
      0.059      0.000     9.4921    116.749     39.368  40.115216     2.5478     12.311   -30.7602 1.1033e+03     6.6189      0.057      0.083    25.9403 0.0000e+00
      0.060      0.000     9.4741    116.771     39.352  40.096158     2.5433     12.310   -30.7348 1.0951e+03     6.4739      0.059      0.086    25.9414 0.0000e+00
      0.061     -0.001     9.4721    116.818     39.367  40.107363     2.5761     12.309   -30.6391 1.0196e+03     6.4612      0.060      0.087    25.9427 0.0000e+00
      0.061     -0.002     9.4793    116.858     39.389  40.123770     2.6109     12.309   -30.6349 9.0949e+02     6.6025      0.060      0.086    25.9431 0.0000e+00
      0.060     -0.002     9.4815    116.848     39.376  40.104141     2.6228     12.309   -30.5975 7.9490e+02     6.7131      0.059      0.085    25.9438 0.0000e+00
      0.057     -0.001     9.4813    116.805     39.342  40.060414     2.6448     12.309   -30.5315 7.0108e+02     6.6706      0.055      0.082    25.9401 0.0000e+00
      0.056      0.001     9.4879    116.753     39.333  40.039287     2.6444     12.308   -30.5253 9.5356e+02     6.5336      0.053      0.077    25.9333 0.0000e+00
      0.056      0.002     9.4949    116.719     39.346  40.039061     2.6428     12.308   -30.4367 1.2376e+03     6.4907      0.054      0.079    25.9276 0.0000e+00
      0.059      0.004     9.4931    116.718     39.379  40.057665     2.6664     12.308   -30.3210 1.1847e+03     6.5962      0.058      0.084    25.9204 0.0000e+00
      0.061      0.004     9.4917    116.693     39.408  40.073814     2.6728     12.308   -30.2440 1.0412e+03     6.6481      0.061      0.089    25.9094 0.0000e+00
      0.063      0.004     9.4895    116.631     39.387  40.043909     2.6625     12.308   -30.1950 7.3361e+02     6.5030      0.062      0.090    25.8922 0.0000e+00
      0.063      0.003     9.4881    116.610     39.365  40.013394     2.6491     12.307   -30.2444 5.6296e+02     6.3107      0.062      0.089    25.8745 0.0000e+00
      0.063      0.001     9.4944    116.660     39.382  40.022146     2.6528     12.306   -30.2385 7.0382e+02     6.2697      0.062      0.090    25.8550 0.0000e+00
      0.063     -0.001     9.4974    116.767     39.390  40.022791     2.6658     12.305   -30.1238 7.3701e+02     6.3493      0.062      0.090    25.8351 0.0000e+00
      0.063     -0.002     9.4888    116.893     39.393  40.021195     2.6555     12.303   -30.0620 7.1334e+02     6.4541      0.062      0.090    25.8277 0.0000e+00
      0.063     -0.002     9.4888    116.943     39.437  40.066299     2.6280     12.303   -30.0945 7.6784e+02     6.5119      0.062      0.090    25.8188 0.0000e+00
      0.062     -0.002     9.4961    116.861     39.482  40.123899     2.6005     12.303   -30.0854 7.7672e+02     6.4669      0.060      0.088    25.8047 0.0000e+00
      0.060     -0.003     9.5062    116.716     39.481  40.146489     2.5892     12.302   -30.0385 7.1162e+02     6.4907      0.059      0.085    25.7951 0.0000e+00
      0.060     -0.004     9.5214    116.600     39.456  40.149086     2.5837     12.301   -30.0442 6.1040e+02     6.5603      0.058      0.084    25.7896 0.0000e+00
      0.060     -0.005     9.5287    116.526     39.437  40.155333     2.5747     12.301   -30.0677 5.5099e+02     6.5572      0.059      0.085    25.7869 0.0000e+00
      0.059     -0.005     9.5166    116.444     39.424  40.158599     2.5630     12.300   -30.0637 5.0242e+02     6.5556      0.059      0.086    25.7995 0.0000e+00
      0.058     -0.004     9.4951    116.352     39.386  40.125142     2.5421     12.300   -29.9971 4.4133e+02     6.5062      0.057      0.084    25.8353 0.0000e+00
      0.055     -0.003     9.4791    116.353     39.336  40.068132     2.5730     12.300   -29.8644 5.0007e+02     6.4391      0.054      0.078    25.8728 0.0000e+00
      0.052     -0.002     9.4687    116.464     39.331  40.040443     2.6539     12.300   -29.7496 6.4204e+02     6.3582      0.051      0.073    25.9089 0.0000e+00
      0.052      0.000     9.4606    116.593     39.361  40.044171     2.6956     12.300   -29.8141 6.2435e+02     6.3143      0.050      0.072    25.9303 0.0000e+00
      0.055      0.002     9.4455    116.675     39.387  40.049700     2.6864     12.299   -29.9552 4.7899e+02     6.3519      0.054      0.078    25.9373 0.0000e+00
      0.057      0.005     9.4460    116.685     39.393  40.043802     2.6501     12.299   -29.9934 4.0647e+02     6.3353      0.057      0.082    25.9334 0.0000e+00
      0.057      0.009     9.4658    116.658     39.393  40.036304     2.6226     12.299   -29.9329 3.7703e+02     6.3176      0.056      0.081    25.8993 0.0000e+00
      0.058      0.010     9.4838    116.624     39.388  40.022489     2.6293     12.299   -29.9110 3.5044e+02     6.3093      0.056      0.081    25.8585 0.0000e+00
      0.061      0.009     9.4969    116.476     39.377  40.003680     2.6483     12.298   -29.9875 4.7386e+02     6.3374      0.058      0.085    25.8303 0.0000e+00
      0.066      0.007     9.4988    116.160     39.377  39.999260     2.6606     12.298   -30.0830 6.2542e+02     6.3837      0.064      0.093    25.8190 0.0000e+00
      0.072      0.002     9.4943    115.848     39.407  40.032502     2.6859     12.299   -30.1190 5.3690e+02     6.3575      0.072      0.104    25.8116 0.0000e+00
      0.073     -0.003     9.4987    115.638     39.452  40.088302     2.7295     12.299   -30.0794 4.4884e+02     6.3962      0.074      0.107    25.7988 0.0000e+00
      0.069     -0.007     9.4941    115.525     39.446  40.102787     2.7550     12.299   -30.1199 5.4106e+02     6.4070      0.069      0.100    25.7876 0.0000e+00
      0.061     -0.009     9.4586    115.540     39.401  40.080748     2.7114     12.298   -30.1777 6.7015e+02     6.2490      0.060      0.087    25.7806 0.0000e+00
      0.055     -0.007     9.4312    115.672     39.379  40.075715     2.6269     12.296   -30.0912 6.6134e+02     6.0568      0.052      0.075    25.7830 0.0000e+00
      0.052     -0.003     9.4148    115.886     39.399  40.105423     2.5990     12.296   -30.0197 5.0894e+02     6.0312      0.049      0.071    25.7948 0.0000e+00
      0.055      0.002     9.3967    116.169     39.409  40.122642     2.6233     12.297   -30.0880 4.6577e+02     6.1444      0.053      0.077    25.8241 0.0000e+00
      0.060      0.007     9.3938    116.481     39.374  40.093531     2.6545     12.298   -30.1424 6.8947e+02     6.1949      0.059      0.086    25.8587 0.0000e+00
      0.064      0.009     9.4015    116.742     39.345  40.070766     2.6855     12.298   -30.1608 8.7017e+02     6.1986      0.063      0.091    25.8834 0.0000e+00
      0.066      0.008     9.4175    116.889     39.372  40.101257     2.7067     12.297   -30.2251 7.2247e+02     6.2234      0.064      0.093    25.8924 0.0000e+00
      0.068      0.003     9.4400    116.892     39.412  40.144891     2.7190     12.296   -30.2310 5.9126e+02     6.2894      0.067      0.097    25.8958 0.0000e+00
      0.069     -0.002     9.4670    116.827     39.417  40.154106     2.6930     12.296   -30.1456 6.9685e+02     6.3819      0.069      0.100    25.9093 0.0000e+00
      0.069     -0.006     9.4875    116.810     39.409  40.149226     2.6172     12.297   -30.1398 8.9788e+02     6.3851      0.069      0.100    25.9188 0.0000e+00
      0.065     -0.007     9.5011    116.812     39.409  40.149349     2.5510     12.297   -30.2467 9.3447e+02     6.2940      0.065      0.094    25.9193 0.0000e+00
      0.060     -0.007     9.4993    116.801     39.416  40.155594     2.5169     12.298   -30.2342 7.1776e+02     6.2367      0.058      0.084    25.9216 0.0000e+00
      0.055     -0.005     9.4849    116.811     39.422  40.161265     2.5039     12.298   -30.1603 6.3525e+02     6.2397      0.053      0.077    25.9311 0.0000e+00
      0.055     -0.002     9.4873    116.832     39.414  40.154460     2.5284     12.298   -30.2139 7.3810e+02     6.2617      0.053      0.076    25.9356 0.0000e+00
      0.056      0.002     9.4893    116.828     39.396  40.136775     2.5710     12.298   -30.3657 7.4511e+02     6.2637      0.055      0.079    25.9326 0.0000e+00
      0.059      0.006     9.4851    116.784     39.396  40.137823     2.5778     12.299   -30.5333 6.4154e+02     6.2295      0.059      0.084    25.9319 0.0000e+00
      0.061      0.007     9.4878    116.697     39.422  40.167142     2.5694     12.299   -30.5196 5.3630e+02     6.2236      0.061      0.088    25.9312 0.0000e+00
      0.063      0.006     9.4903    116.572     39.425  40.173956     2.5764     12.298   -30.4578 5.6371e+02     6.2264      0.062      0.090    25.9322 0.0000e+00
