Data/DataNotYetUploadedToEDI/Raw_CTD/RawDownloads/061526_fcr40_S7809011.cnv
* Sea-Bird SBE19plus  Data File:
* FileName = C:\R\Reservoirs\Data\DataNotYetUploadedToEDI\Raw_CTD\RawDownloads\062926_fcr50_S7809_0011.hex
* Software version 2.8.0.119
* Temperature SN = 7809
* Conductivity SN = 7809
* System UpLoad Time = Jun 30 2026 09:05:06
* <ApplicationData>
* <Seaterm232>
# nquan = 15
# nvalues = 2102                        
# units = specified
# name 0 = depFM: Depth [fresh water, m]
# name 1 = dz/dtM: Descent Rate [m/s]
# name 2 = sbeox0Mg/L: Oxygen, SBE 43 [mg/l]
# name 3 = sbeox0PS: Oxygen, SBE 43 [% saturation]
# name 4 = specc: Specific Conductance [uS/cm]
# name 5 = c0uS/cm: Conductivity [uS/cm]
# name 6 = flECO-AFL: Fluorescence, WET Labs ECO-AFL/FL [mg/m^3]
# name 7 = ph: pH
# name 8 = orp: Oxidation Reduction Potential [mV]
# name 9 = par/sat/log: PAR/Logarithmic, Satlantic
# name 10 = turbWETntu0: Turbidity, WET Labs ECO [NTU]
# name 11 = prdM: Pressure, Strain Gauge [db]
# name 12 = prdE: Pressure, Strain Gauge [psi]
# name 13 = tv290C: Temperature [ITS-90, deg C]
# name 14 = flag:  0.000e+00
# span 0 =     -0.667,      5.546       
# span 1 =     -0.221,      0.268       
# span 2 =    -0.1765,    10.2698       
# span 3 =     -1.678,    125.612       
# span 4 =      1.913,     58.591       
# span 5 =   1.666399,  42.715362       
# span 6 =    -0.1010,     4.0216       
# span 7 =     10.581,     12.367       
# span 8 =  -528.4886,  1233.6175       
# span 9 = 1.2362e-01, 2.6555e+03       
# span 10 =    -0.1146,   189.6349      
# span 11 =     -0.654,      5.439      
# span 12 =     -0.949,      7.889      
# span 13 =     9.6173,    26.0470      
# span 14 = 0.0000e+00, 0.0000e+00      
# interval = seconds: 0.25
# start_time = Jun 15 2026 12:48:01 [Instrument's time stamp, header]
# bad_flag = -9.990e-29
*END*
[from data line 1254]
      0.056      0.000     9.4950    116.034     39.389  40.149349     2.5189     12.306   -30.8575 2.2139e+02     6.6059      0.056      0.081    25.9538 0.0000e+00
      0.056      0.001     9.4797    115.880     39.393  40.155599     2.4903     12.306   -30.8187 2.2974e+02     6.4762      0.055      0.080    25.9550 0.0000e+00
      0.056      0.001     9.4616    115.798     39.397  40.161354     2.4747     12.306   -30.7832 2.3369e+02     6.3288      0.055      0.079    25.9565 0.0000e+00
      0.056      0.000     9.4358    115.849     39.390  40.155482     2.4799     12.306   -30.8588 2.3108e+02     6.2927      0.054      0.079    25.9572 0.0000e+00
      0.057 1.8474e-08     9.4174    115.941     39.383  40.148057     2.5031     12.307   -30.9589 2.3269e+02     6.3815      0.055      0.081    25.9584 0.0000e+00
      0.057 2.0321e-07     9.4079    116.046     39.371  40.135044     2.5143     12.307   -31.0469 2.4066e+02     6.4115      0.057      0.082    25.9617 0.0000e+00
      0.057 2.0321e-07     9.3921    116.219     39.362  40.125065     2.5070     12.305   -31.0622 2.4956e+02     6.3828      0.057      0.082    25.9645 0.0000e+00
      0.056 1.8431e-08     9.4046    116.401     39.392  40.154325     2.5141     12.305   -30.9721 3.1971e+02     6.4448      0.055      0.080    25.9653 0.0000e+00
      0.056 1.2063e-09     9.4126    116.532     39.410  40.171519     2.5424     12.306   -30.9034 3.8398e+02     6.5793      0.055      0.079    25.9650 0.0000e+00
      0.057 -3.526e-09     9.4153    116.599     39.382  40.142564     2.5745     12.307   -30.8341 3.3899e+02     6.7113      0.056      0.081    25.9645 0.0000e+00
      0.057 -3.878e-08     9.4357    116.669     39.362  40.121531     2.5686     12.307   -30.8231 3.1932e+02     6.6407      0.056      0.081    25.9634 0.0000e+00
      0.057 -4.266e-07     9.4500    116.801     39.350  40.107597     2.5384     12.306   -30.9418 3.2800e+02     6.4087      0.056      0.081    25.9618 0.0000e+00
      0.056      0.000     9.4633    116.932     39.348  40.101024     2.5344     12.306   -30.9794 3.5403e+02     6.2968      0.055      0.080    25.9602 0.0000e+00
      0.056      0.000     9.4659    116.980     39.359  40.105511     2.5534     12.307   -30.9332 4.2016e+02     6.3124      0.055      0.080    25.9588 0.0000e+00
      0.056     -0.001     9.4683    116.926     39.361  40.098374     2.5769     12.308   -30.9859 3.9827e+02     6.3927      0.055      0.080    25.9580 0.0000e+00
      0.057     -0.001     9.4826    116.813     39.353  40.078174     2.5683     12.308   -31.0134 3.8687e+02     6.4480      0.056      0.081    25.9571 0.0000e+00
      0.057     -0.001     9.4973    116.714     39.339  40.051645     2.5327     12.308   -30.9214 4.3080e+02     6.4692      0.056      0.081    25.9527 0.0000e+00
      0.056     -0.001     9.5022    116.623     39.331  40.031455     2.5215     12.309   -30.9069 4.9088e+02     6.5126      0.055      0.080    25.9435 0.0000e+00
      0.055     -0.001     9.4995    116.491     39.336  40.024425     2.5404     12.309   -30.9230 5.7998e+02     6.5621      0.054      0.079    25.9322 0.0000e+00
      0.055     -0.000     9.4892    116.341     39.348  40.030085     2.5624     12.310   -30.8584 5.3759e+02     6.5888      0.054      0.078    25.9163 0.0000e+00
      0.056      0.000     9.4841    116.204     39.357  40.036421     2.5540     12.310   -30.8148 4.7557e+02     6.5278      0.055      0.079    25.9002 0.0000e+00
      0.056      0.001     9.4840    116.174     39.359  40.037565     2.5303     12.310   -30.8249 4.7759e+02     6.4746      0.055      0.079    25.8831 0.0000e+00
      0.056      0.002     9.4721    116.281     39.366  40.043910     2.5339     12.309   -30.8085 4.1158e+02     6.5261      0.055      0.080    25.8667 0.0000e+00
      0.057      0.002     9.4633    116.363     39.373  40.049685     2.5723     12.308   -30.7898 4.2331e+02     6.6375      0.056      0.081    25.8577 0.0000e+00
      0.057      0.001     9.4489    116.393     39.369  40.043921     2.6202     12.308   -30.8567 4.7920e+02     6.6265      0.056      0.082    25.8552 0.0000e+00
      0.058      0.000     9.4411    116.464     39.365  40.037679     2.6302     12.308   -30.9285 4.5014e+02     6.4613      0.057      0.082    25.8568 0.0000e+00
      0.058 -3.863e-07     9.4615    116.581     39.365  40.037679     2.6178     12.308   -30.8839 4.3768e+02     6.4158      0.058      0.084    25.8555 0.0000e+00
      0.057      0.000     9.4672    116.675     39.369  40.043921     2.6210     12.308   -30.8334 3.9535e+02     6.4871      0.057      0.083    25.8535 0.0000e+00
      0.056      0.000     9.4648    116.656     39.372  40.049686     2.6268     12.307   -30.9203 3.8464e+02     6.5031      0.055      0.080    25.8521 0.0000e+00
      0.056     -0.001     9.4729    116.548     39.364  40.043926     2.6384     12.307   -30.9884 4.2656e+02     6.4048      0.055      0.081    25.8481 0.0000e+00
      0.057     -0.001     9.4831    116.458     39.355  40.037741     2.6361     12.308   -30.8818 4.0758e+02     6.2544      0.056      0.082    25.8473 0.0000e+00
      0.057      0.000     9.4956    116.440     39.355  40.038365     2.6077     12.308   -30.8365 4.2713e+02     6.2569      0.056      0.081    25.8506 0.0000e+00
      0.057      0.000     9.4915    116.476     39.368  40.051472     2.5861     12.308   -30.9567 4.5387e+02     6.3999      0.056      0.082    25.8547 0.0000e+00
      0.057      0.001     9.4781    116.546     39.386  40.069300     2.5831     12.308   -30.9584 4.0221e+02     6.4802      0.055      0.081    25.8586 0.0000e+00
      0.057      0.001     9.4684    116.638     39.380  40.063532     2.5874     12.308   -30.8573 3.9221e+02     6.4080      0.056      0.080    25.8617 0.0000e+00
      0.057      0.000     9.4682    116.718     39.362  40.045189     2.5794     12.308   -30.7666 6.3484e+02     6.3466      0.056      0.081    25.8625 0.0000e+00
      0.058     -0.001     9.4721    116.791     39.354  40.037907     2.5700     12.308   -30.7221 8.7254e+02     6.4905      0.057      0.082    25.8618 0.0000e+00
      0.058     -0.001     9.4769    116.836     39.355  40.038948     2.5736     12.308   -30.7491 7.7351e+02     6.6781      0.058      0.083    25.8611 0.0000e+00
      0.057     -0.002     9.4876    116.821     39.374  40.057778     2.5734     12.308   -30.7486 7.5265e+02     6.7363      0.057      0.082    25.8604 0.0000e+00
      0.056     -0.002     9.4918    116.746     39.392  40.075185     2.5592     12.308   -30.8024 8.7605e+02     6.6483      0.055      0.078    25.8613 0.0000e+00
      0.054     -0.001     9.4986    116.609     39.375  40.059025     2.5433     12.309   -30.8842 8.4177e+02     6.4669      0.053      0.076    25.8633 0.0000e+00
      0.054     -0.001     9.5041    116.451     39.366  40.052783     2.5481     12.309   -30.8766 8.2384e+02     6.4568      0.053      0.076    25.8636 0.0000e+00
      0.055     -0.001     9.5015    116.359     39.373  40.063178     2.5672     12.308   -30.8827 9.2692e+02     6.6281      0.053      0.077    25.8617 0.0000e+00
      0.056     -0.001     9.4974    116.349     39.365  40.057788     2.5745     12.306   -30.8715 9.4444e+02     6.7277      0.055      0.080    25.8599 0.0000e+00
      0.056     -0.000     9.4847    116.364     39.357  40.051080     2.5607     12.306   -30.7410 8.7473e+02     6.6706      0.056      0.081    25.8612 0.0000e+00
      0.055      0.001     9.4672    116.378     39.351  40.045542     2.5417     12.307   -30.6816 9.2131e+02     6.5523      0.054      0.077    25.8657 0.0000e+00
      0.054      0.002     9.4582    116.418     39.359  40.054291     2.5450     12.307   -30.7562 1.2109e+03     6.5608      0.052      0.075    25.8716 0.0000e+00
      0.054      0.002     9.4600    116.498     39.394  40.093398     2.5685     12.306   -30.7828 1.4519e+03     6.5684      0.052      0.075    25.8751 0.0000e+00
      0.056      0.002     9.4615    116.598     39.431  40.137620     2.5839     12.306   -30.8311 1.2537e+03     6.4740      0.054      0.078    25.8758 0.0000e+00
      0.058      0.002     9.4612    116.673     39.433  40.144746     2.5732     12.306   -30.9098 1.1682e+03     6.4103      0.058      0.083    25.8762 0.0000e+00
      0.059      0.001     9.4643    116.683     39.403  40.116109     2.5477     12.306   -30.8744 1.2992e+03     6.3099      0.059      0.085    25.8756 0.0000e+00
      0.058      0.000     9.4706    116.623     39.396  40.108686     2.5329     12.306   -30.8332 1.1906e+03     6.2164      0.057      0.083    25.8799 0.0000e+00
      0.056     -0.001     9.4779    116.518     39.405  40.118456     2.5525     12.307   -30.8419 1.0352e+03     6.2033      0.055      0.080    25.8907 0.0000e+00
      0.055     -0.001     9.4853    116.459     39.391  40.107315     2.5925     12.307   -30.8076 9.1345e+02     6.1848      0.053      0.077    25.8968 0.0000e+00
      0.056      0.000     9.4846    116.513     39.382  40.100901     2.6013     12.307   -30.8484 9.1265e+02     6.1643      0.055      0.079    25.8985 0.0000e+00
      0.056      0.002     9.4803    116.577     39.385  40.104381     2.5916     12.306   -30.9044 1.0321e+03     6.1942      0.056      0.081    25.8983 0.0000e+00
      0.057      0.002     9.4690    116.591     39.368  40.085926     2.6174     12.306   -30.7967 1.0693e+03     6.3411      0.055      0.080    25.8992 0.0000e+00
      0.059      0.001     9.4576    116.617     39.352  40.068136     2.6709     12.306   -30.6648 1.0346e+03     6.5056      0.058      0.083    25.9043 0.0000e+00
      0.060      0.000     9.4690    116.687     39.363  40.079673     2.6894     12.306   -30.6001 9.5331e+02     6.5093      0.060      0.086    25.9072 0.0000e+00
      0.060     -0.002     9.4756    116.771     39.383  40.098493     2.6660     12.307   -30.7025 9.9620e+02     6.4544      0.060      0.087    25.9067 0.0000e+00
      0.058     -0.003     9.4733    116.797     39.392  40.105298     2.6550     12.307   -30.9564 1.1530e+03     6.4908      0.058      0.083    25.9054 0.0000e+00
      0.056     -0.003     9.4754    116.731     39.388  40.098493     2.6647     12.307   -31.0028 1.0789e+03     6.6078      0.055      0.079    25.9045 0.0000e+00
      0.054     -0.003     9.4816    116.598     39.373  40.079674     2.6752     12.308   -30.8337 9.3273e+02     6.6402      0.053      0.077    25.9042 0.0000e+00
      0.054     -0.003     9.4914    116.429     39.363  40.068136     2.6653     12.308   -30.8051 8.7396e+02     6.5402      0.053      0.077    25.9032 0.0000e+00
      0.055     -0.002     9.4953    116.304     39.379  40.085916     2.6283     12.308   -30.9150 7.5484e+02     6.4238      0.053      0.077    25.9010 0.0000e+00
      0.055     -0.001     9.4889    116.310     39.397  40.104270     2.6028     12.309   -30.9572 6.7463e+02     6.3598      0.055      0.079    25.8956 0.0000e+00
      0.054      0.000     9.4791    116.419     39.392  40.099658     2.6143     12.309   -30.9707 6.7002e+02     6.3818      0.054      0.077    25.8891 0.0000e+00
      0.053 -2.047e-08     9.4640    116.588     39.385  40.093614     2.6182     12.309   -30.9929 7.5635e+02     6.3483      0.052      0.075    25.8883 0.0000e+00
      0.053 -2.252e-07     9.4475    116.745     39.384  40.094664     2.5743     12.309   -30.9670 8.1451e+02     6.2954      0.052      0.076    25.8910 0.0000e+00
      0.054 -2.249e-07     9.4521    116.784     39.398  40.112349     2.5332     12.309   -30.9165 8.8166e+02     6.3916      0.053      0.076    25.8924 0.0000e+00
      0.054 -1.709e-08     9.4607    116.698     39.400  40.117065     2.5373     12.309   -30.8985 1.0057e+03     6.5548      0.053      0.077    25.8914 0.0000e+00
      0.054 3.5391e-08     9.4761    116.586     39.370  40.088223     2.5571     12.309   -30.9219 8.9441e+02     6.6638      0.053      0.077    25.8919 0.0000e+00
      0.054 4.0961e-07     9.4931    116.521     39.361  40.080942     2.5566     12.309   -30.8544 9.3760e+02     6.6156      0.054      0.078    25.8964 0.0000e+00
      0.054      0.000     9.4953    116.491     39.371  40.092489     2.5226     12.308   -30.7706 1.1547e+03     6.4162      0.053      0.077    25.9007 0.0000e+00
      0.054      0.000     9.4841    116.496     39.376  40.100915     2.4792     12.307   -30.8557 1.0056e+03     6.2337      0.053      0.077    25.9041 0.0000e+00
      0.054      0.001     9.4709    116.517     39.391  40.119372     2.4643     12.308   -30.9366 8.1442e+02     6.2545      0.053      0.076    25.9067 0.0000e+00
      0.055      0.001     9.4685    116.520     39.394  40.125264     2.4918     12.308   -30.8882 8.0363e+02     6.3940      0.054      0.077    25.9079 0.0000e+00
      0.055      0.001     9.4639    116.531     39.375  40.108695     2.5538     12.309   -30.8730 8.5707e+02     6.4516      0.054      0.079    25.9101 0.0000e+00
      0.055      0.001     9.4645    116.575     39.373  40.109434     2.6151     12.309   -30.9248 1.0137e+03     6.4732      0.054      0.079    25.9141 0.0000e+00
      0.056      0.000     9.4678    116.648     39.395  40.134195     2.6505     12.308   -30.9126 1.0701e+03     6.5520      0.055      0.079    25.9181 0.0000e+00
      0.056 5.5852e-08     9.4654    116.765     39.413  40.154226     2.6816     12.308   -30.8975 9.5463e+02     6.6528      0.055      0.079    25.9215 0.0000e+00
      0.055 6.1438e-07     9.4648    116.889     39.418  40.161245     2.7260     12.308   -30.9136 9.3523e+02     6.6336      0.054      0.078    25.9244 0.0000e+00
      0.054      0.000     9.4691    116.967     39.410  40.155601     2.7624     12.307   -30.9357 9.1425e+02     6.4556      0.053      0.077    25.9282 0.0000e+00
      0.054      0.000     9.4725    117.032     39.401  40.149464     2.7635     12.307   -30.9929 7.5837e+02     6.2777      0.053      0.077    25.9328 0.0000e+00
      0.055      0.001     9.4828    117.074     39.401  40.150505     2.7732     12.307   -31.0026 7.4815e+02     6.2935      0.054      0.078    25.9350 0.0000e+00
      0.055      0.001     9.4959    117.005     39.416  40.168191     2.8215     12.309   -30.9679 8.4957e+02     6.4759      0.054      0.079    25.9370 0.0000e+00
      0.055      0.001     9.4987    116.812     39.417  40.172916     2.8644     12.309   -31.0038 7.9817e+02     6.6040      0.054      0.079    25.9403 0.0000e+00
      0.056      0.000     9.5033    116.587     39.387  40.144177     2.8670     12.309   -31.0920 7.3225e+02     6.5785      0.055      0.080    25.9434 0.0000e+00
      0.056 4.1319e-07     9.5109    116.427     39.380  40.138031     2.8368     12.308   -31.0880 8.1060e+02     6.4752      0.055      0.080    25.9455 0.0000e+00
      0.055      0.000     9.5052    116.370     39.403  40.162061     2.8315     12.307   -31.0406 9.1695e+02     6.4813      0.054      0.079    25.9483 0.0000e+00
      0.055      0.000     9.4848    116.365     39.422  40.180872     2.8619     12.308   -31.0355 9.8292e+02     6.6187      0.054      0.078    25.9524 0.0000e+00
      0.055      0.001     9.4633    116.297     39.417  40.175090     2.8793     12.309   -31.0261 9.2344e+02     6.7019      0.053      0.076    25.9550 0.0000e+00
      0.055      0.001     9.4490    116.140     39.397  40.155611     2.8675     12.310   -31.0136 7.2201e+02     6.6325      0.053      0.077    25.9557 0.0000e+00
      0.056      0.002     9.4454    116.027     39.377  40.135742     2.8442     12.310   -30.9706 6.4565e+02     6.4967      0.055      0.080    25.9562 0.0000e+00
      0.058      0.002     9.4495    116.022     39.366  40.125243     2.8309     12.310   -30.9360 7.4630e+02     6.4271      0.057      0.083    25.9565 0.0000e+00
