Data/DataNotYetUploadedToEDI/Raw_CTD/RawDownloads/061526_bvr50_S8188021.cnv
* Sea-Bird SBE19plus  Data File:
* FileName = C:\R\Reservoirs\Data\DataNotYetUploadedToEDI\Raw_CTD\RawDownloads\062526_ccr50_S8188_0021.hex
* Software version 2.8.0.119
* Temperature SN = 8188
* Conductivity SN = 8188
* System UpLoad Time = Jun 29 2026 18:17:21
* <ApplicationData>
* <Seaterm232>
# nquan = 16
# nvalues = 1273                        
# units = specified
# name 0 = depFM: Depth [fresh water, m]
# name 1 = dz/dtM: Descent Rate [m/s]
# name 2 = sbeox0Mg/L: Oxygen, SBE 43 [mg/l]
# name 3 = sbeox0PS: Oxygen, SBE 43 [% saturation]
# name 4 = specc: Specific Conductance [uS/cm]
# name 5 = c0uS/cm: Conductivity [uS/cm]
# name 6 = wetCDOM: Fluorescence, WET Labs CDOM [mg/m^3]
# name 7 = flECO-AFL: Fluorescence, WET Labs ECO-AFL/FL [mg/m^3]
# name 8 = flECO-AFL1: Fluorescence, WET Labs ECO-AFL/FL, 2 [mg/m^3]
# name 9 = flECO-AFL2: Fluorescence, WET Labs ECO-AFL/FL, 3 [mg/m^3]
# name 10 = par/sat/log: PAR/Logarithmic, Satlantic
# name 11 = turbWETntu0: Turbidity, WET Labs ECO [NTU]
# name 12 = prdM: Pressure, Strain Gauge [db]
# name 13 = prdE: Pressure, Strain Gauge [psi]
# name 14 = tv290C: Temperature [ITS-90, deg C]
# name 15 = flag:  0.000e+00
# span 0 =     -0.773,      5.245       
# span 1 =     -0.209,      0.253       
# span 2 =     4.8961,     8.3039       
# span 3 =     57.212,    100.078       
# span 4 =      3.436,     91.388       
# span 5 =   3.231316,  72.640711       
# span 6 =    -4.5000,    35.4600       
# span 7 =    -1.3222,    13.8186       
# span 8 =    -4.6860,     2.3430       
# span 9 =    -7.2333,    16.4124       
# span 10 = 1.1582e-01, 2.5699e+03      
# span 11 =    -6.2766,   131.2071      
# span 12 =     -0.758,      5.143      
# span 13 =     -1.100,      7.460      
# span 14 =    14.6897,    25.3986      
# span 15 = 0.0000e+00, 0.0000e+00      
# interval = seconds: 0.25
# start_time = Jun 15 2026 10:25:55 [Instrument's time stamp, header]
# bad_flag = -9.990e-29
*END*
[from data line 452]
     -0.178     -0.020     7.2023     87.308     38.614  38.546414    19.2600     2.7405     0.1278     3.9339 1.9148e+03     7.3041     -0.175     -0.254    24.9231 0.0000e+00
     -0.182     -0.014     7.2021     87.435     38.610  38.543751    19.2600     2.7520     0.1278     3.9339 2.0169e+03     7.6667     -0.178     -0.259    24.9178 0.0000e+00
     -0.184     -0.008     7.2066     87.561     38.596  38.533247    19.2600     2.7482     0.1278     3.9339 1.7376e+03     7.5760     -0.180     -0.261    24.9123 0.0000e+00
     -0.184     -0.005     7.2154     87.704     38.571  38.512101    19.2600     2.7443     0.1278     3.9339 2.1444e+03     7.5307     -0.181     -0.262    24.9079 0.0000e+00
     -0.184     -0.003     7.2259     87.874     38.554  38.498584    19.3500     2.7291     0.1704     3.9339 1.6910e+03     7.5005     -0.181     -0.262    24.9066 0.0000e+00
     -0.184     -0.002     7.2361     88.056     38.554  38.501045    19.3500     2.6642     0.1704     3.9339 1.6870e+03     7.5005     -0.181     -0.262    24.9089 0.0000e+00
     -0.185     -0.002     7.2459     88.221     38.560  38.508186    19.3500     2.6833     0.1704     3.9339 1.7383e+03     7.5458     -0.181     -0.263    24.9134 0.0000e+00
     -0.185     -0.003     7.2571     88.341     38.560  38.509957    19.3500     2.6719     0.1704     3.9339 1.8806e+03     7.5609     -0.181     -0.263    24.9184 0.0000e+00
     -0.186     -0.003     7.2706     88.393     38.556  38.506830    19.2600     2.6986     0.1278     3.9762 1.8306e+03     7.5307     -0.182     -0.265    24.9224 0.0000e+00
     -0.187     -0.003     7.2852     88.377     38.558  38.509927    19.2600     2.7138     0.1278     3.9762 1.8338e+03     7.3192     -0.184     -0.266    24.9252 0.0000e+00
     -0.188     -0.003     7.2986     88.315     38.562  38.516089    19.2600     2.7520     0.1278     3.9762 1.7615e+03     7.2437     -0.185     -0.268    24.9271 0.0000e+00
     -0.189     -0.003     7.3083     88.230     38.555  38.511018    19.2600     2.7138     0.1278     3.9762 1.7877e+03     7.2437     -0.185     -0.269    24.9287 0.0000e+00
     -0.190     -0.002     7.3124     88.145     38.548  38.505319    19.3500     2.7100     0.1278     3.7224 1.6457e+03     7.3343     -0.186     -0.270    24.9304 0.0000e+00
     -0.190     -0.002     7.3109     88.075     38.552  38.509424    19.3500     2.7253     0.1278     3.7224 1.8757e+03     7.5458     -0.186     -0.270    24.9323 0.0000e+00
     -0.190     -0.003     7.3054     88.025     38.546  38.504505    19.3500     2.7596     0.1278     3.7224 1.5143e+03     7.5005     -0.187     -0.271    24.9344 0.0000e+00
     -0.191     -0.004     7.2982     87.994     38.526  38.485266    19.3500     2.7291     0.1278     3.7224 1.7819e+03     7.5458     -0.187     -0.271    24.9365 0.0000e+00
     -0.191     -0.005     7.2909     87.974     38.507  38.466500    19.3500     2.7710     0.1278     3.7224 1.4521e+03     7.5458     -0.188     -0.272    24.9383 0.0000e+00
     -0.193     -0.007     7.2850     87.943     38.492  38.451173    19.2600     2.7749     0.1704     3.7647 1.7539e+03     7.3041     -0.189     -0.274    24.9395 0.0000e+00
     -0.195     -0.008     7.2807     87.891     38.481  38.439181    19.2600     2.8016     0.1704     3.7647 1.7240e+03     7.3494     -0.191     -0.277    24.9404 0.0000e+00
     -0.198     -0.010     7.2781     87.830     38.470  38.427327    19.2600     2.7939     0.1704     3.7647 1.7862e+03     7.3343     -0.194     -0.281    24.9409 0.0000e+00
     -0.201     -0.010     7.2763     87.781     38.461  38.416435    19.2600     2.8016     0.1704     3.7647 1.7948e+03     7.2286     -0.197     -0.286    24.9410 0.0000e+00
     -0.204     -0.010     7.2738     87.755     38.466  38.419537    19.2600     2.8626     0.1704     3.8070 1.7723e+03     7.3796     -0.200     -0.290    24.9406 0.0000e+00
     -0.206     -0.009     7.2696     87.752     38.481  38.433477    19.2600     2.8588     0.1704     3.8070 1.7854e+03     7.3192     -0.202     -0.293    24.9398 0.0000e+00
     -0.209     -0.008     7.2648     87.770     38.490  38.442049    19.2600     2.8588     0.1704     3.8070 1.7304e+03     7.2890     -0.204     -0.297    24.9383 0.0000e+00
     -0.210     -0.006     7.2610     87.817     38.487  38.439569    19.2600     2.8855     0.1704     3.8070 1.7132e+03     7.4552     -0.206     -0.299    24.9362 0.0000e+00
     -0.212     -0.005     7.2592     87.894     38.477  38.429360    19.3500     2.8702     0.2130     3.8493 1.7222e+03     7.3494     -0.208     -0.301    24.9342 0.0000e+00
     -0.213     -0.004     7.2591     87.986     38.464  38.416670    19.3500     2.8931     0.2130     3.8493 1.7346e+03     7.3796     -0.209     -0.302    24.9328 0.0000e+00
     -0.213     -0.003     7.2607     88.081     38.457  38.410068    19.3500     2.8283     0.2130     3.8493 1.7596e+03     7.2437     -0.209     -0.303    24.9322 0.0000e+00
     -0.214     -0.002     7.2646     88.173     38.458  38.411778    19.3500     2.8359     0.2130     3.8493 1.7531e+03     7.4250     -0.210     -0.304    24.9322 0.0000e+00
     -0.214     -0.002     7.2709     88.257     38.460  38.414287    19.3500     2.8779     0.1278     3.9339 1.7524e+03     7.6516     -0.210     -0.305    24.9325 0.0000e+00
     -0.215     -0.001     7.2785     88.326     38.464  38.418265    19.3500     2.8435     0.1278     3.9339 1.7346e+03     7.5156     -0.211     -0.306    24.9329 0.0000e+00
     -0.215     -0.000     7.2862     88.376     38.466  38.420788    19.3500     2.8702     0.1278     3.9339 1.7128e+03     7.4703     -0.211     -0.307    24.9332 0.0000e+00
     -0.216      0.001     7.2938     88.407     38.463  38.418543    19.3500     2.8588     0.1278     3.9339 1.6951e+03     7.5760     -0.212     -0.307    24.9335 0.0000e+00
     -0.216      0.004     7.3008     88.425     38.467  38.422887    19.3500     2.8283     0.1278     3.9339 1.6687e+03     7.2437     -0.212     -0.307    24.9339 0.0000e+00
     -0.215      0.007     7.3064     88.426     38.482  38.438961    19.3500     2.8664     0.1278     3.6378 1.6322e+03     7.3343     -0.211     -0.306    24.9343 0.0000e+00
     -0.213      0.010     7.3104     88.408     38.501  38.459099    19.3500     2.8512     0.1278     3.6378 1.5877e+03     7.2437     -0.209     -0.303    24.9349 0.0000e+00
     -0.209      0.013     7.3129     88.367     38.508  38.468747    19.3500     2.8740     0.1278     3.6378 1.5964e+03     7.3343     -0.206     -0.298    24.9357 0.0000e+00
     -0.205      0.017     7.3142     88.295     38.504  38.466493    19.3500     2.8321     0.1278     3.6378 1.5819e+03     7.2890     -0.202     -0.293    24.9367 0.0000e+00
     -0.201      0.020     7.3141     88.184     38.497  38.463691    19.4400     2.8359     0.1278     3.7647 1.6030e+03     7.3041     -0.197     -0.286    24.9380 0.0000e+00
     -0.195      0.024     7.3124     88.018     38.483  38.455608    19.4400     2.8664     0.1278     3.7647 1.5740e+03     7.3041     -0.191     -0.278    24.9397 0.0000e+00
     -0.189      0.027     7.3087     87.764     38.458  38.440090    19.4400     2.8397     0.1278     3.7647 1.5672e+03     7.3494     -0.185     -0.269    24.9422 0.0000e+00
     -0.181      0.031     7.3023     87.370     38.429  38.424951    19.4400     2.8512     0.1278     3.7647 1.5202e+03     7.5609     -0.178     -0.258    24.9457 0.0000e+00
     -0.173      0.034     7.2924     86.777     38.396  38.410142    19.5300     2.8664     0.1278     3.8493 1.5325e+03     7.5609     -0.170     -0.246    24.9508 0.0000e+00
     -0.164      0.036     7.2777     85.982     38.360  38.391713    19.5300     2.8779     0.1278     3.8493 1.1596e+03     7.6969     -0.161     -0.233    24.9586 0.0000e+00
     -0.154      0.039     7.2551     85.078     38.328  38.376707    19.5300     2.8626     0.1278     3.8493 1.1895e+03     7.5911     -0.151     -0.219    24.9708 0.0000e+00
     -0.143      0.040     7.2201     84.140     38.309  38.373074    19.5300     2.8359     0.1278     3.8493 7.9384e+02     7.5307     -0.140     -0.204    24.9891 0.0000e+00
     -0.132      0.042     7.1681     83.144     38.301  38.379847    19.5300     2.8512     0.1278     3.8493 1.1675e+03     7.5911     -0.130     -0.188    25.0123 0.0000e+00
     -0.122      0.043     7.0994     82.043     38.297  38.390865    19.4400     2.8740     0.1278     4.1031 8.9403e+02     7.5458     -0.119     -0.173    25.0359 0.0000e+00
     -0.111      0.044     7.0220     80.881     38.289  38.393126    19.4400     2.8588     0.1278     4.1031 1.6873e+03     7.4703     -0.109     -0.158    25.0573 0.0000e+00
     -0.100      0.045     6.9420     79.768     38.278  38.387235    19.4400     2.8435     0.1278     4.1031 9.8716e+02     8.0292     -0.098     -0.142    25.0772 0.0000e+00
     -0.088      0.044     6.8573     78.796     38.276  38.387560    19.4400     2.8740     0.1278     4.1031 2.0025e+03     8.0141     -0.086     -0.124    25.0972 0.0000e+00
     -0.075      0.043     6.7641     78.004     38.286  38.398171    19.4400     2.8740     0.1704     4.0185 1.1782e+03     8.1350     -0.074     -0.107    25.1161 0.0000e+00
     -0.063      0.041     6.6666     77.411     38.293  38.401976    19.4400     2.8435     0.1704     4.0185 8.4731e+02     8.0141     -0.062     -0.090    25.1298 0.0000e+00
     -0.053      0.037     6.5740     77.013     38.285  38.388035    19.4400     2.7749     0.1704     4.0185 7.0794e+02     7.3796     -0.052     -0.075    25.1366 0.0000e+00
     -0.044      0.032     6.4935     76.741     38.278  38.372553    19.4400     2.7634     0.1704     4.0185 5.0232e+02     7.3645     -0.043     -0.062    25.1393 0.0000e+00
     -0.036      0.027     6.4282     76.466     38.282  38.371324    19.4400     2.8054     0.1278     3.9339 5.8536e+02     7.2286     -0.035     -0.051    25.1398 0.0000e+00
     -0.030      0.023     6.3797     76.077     38.293  38.380036    19.4400     2.8092     0.1278     3.9339 5.5296e+02     7.2739     -0.029     -0.043    25.1363 0.0000e+00
     -0.025      0.018     6.3479     75.527     38.304  38.389056    19.4400     2.8016     0.1278     3.9339 8.0443e+02     7.4099     -0.025     -0.036    25.1275 0.0000e+00
     -0.022      0.015     6.3267     74.812     38.304  38.388838    19.4400     2.7710     0.1278     3.9339 5.9163e+02     7.2890     -0.021     -0.031    25.1174 0.0000e+00
     -0.019      0.013     6.3048     73.940     38.296  38.379323    19.4400     2.8054     0.1704     3.8493 4.9003e+02     7.3796     -0.018     -0.026    25.1105 0.0000e+00
     -0.016      0.011     6.2730     72.938     38.292  38.373911    19.4400     2.7939     0.1704     3.8493 5.5803e+02     7.3343     -0.015     -0.022    25.1072 0.0000e+00
     -0.014      0.011     6.2279     71.866     38.288  38.367176    19.4400     2.8054     0.1704     3.8493 7.6405e+02     7.3947     -0.013     -0.019    25.1057 0.0000e+00
     -0.011      0.012     6.1691     70.800     38.276  38.353336    19.4400     2.8016     0.1704     3.8493 6.4423e+02     7.3645     -0.011     -0.016    25.1045 0.0000e+00
     -0.009      0.013     6.0974     69.794     38.268  38.344639    19.4400     2.8092     0.1704     3.8493 7.0136e+02     7.3041     -0.009     -0.013    25.1029 0.0000e+00
     -0.006      0.014     6.0150     68.864     38.271  38.346735    19.1700     2.8016     0.1704     3.7224 8.8264e+02     7.3343     -0.005     -0.008    25.1007 0.0000e+00
     -0.002      0.015     5.9269     68.009     38.280  38.356198    19.1700     2.8473     0.1704     3.7224 7.4390e+02     7.3343     -0.001     -0.002    25.0981 0.0000e+00
      0.003      0.016     5.8393     67.231     38.281  38.359614    19.1700     2.8626     0.1704     3.7224 1.1528e+03     7.3645      0.003      0.005    25.0956 0.0000e+00
      0.008      0.016     5.7565     66.542     38.269  38.349924    19.1700     2.8512     0.1704     3.7224 8.9520e+02     7.3343      0.008      0.011    25.0939 0.0000e+00
      0.012      0.015     5.6798     65.946     38.255  38.340483    19.2600     2.8512     0.1278     3.8070 1.0407e+03     7.3041      0.012      0.017    25.0933 0.0000e+00
      0.016      0.015     5.6092     65.448     38.249  38.340727    19.2600     2.8512     0.1278     3.8070 7.3426e+02     7.2286      0.015      0.022    25.0940 0.0000e+00
      0.019      0.014     5.5449     65.054     38.239  38.338767    19.2600     2.8550     0.1278     3.8070 9.3578e+02     7.4401      0.019      0.027    25.0962 0.0000e+00
      0.022      0.014     5.4876     64.771     38.228  38.336073    19.2600     2.8550     0.1278     3.8070 1.0425e+03     7.2739      0.022      0.032    25.1002 0.0000e+00
      0.025      0.014     5.4379     64.603     38.225  38.341890    19.2600     2.8740     0.1704     3.9762 3.4877e+02     7.2437      0.025      0.036    25.1059 0.0000e+00
      0.028      0.016     5.3961     64.536     38.219  38.343822    19.2600     2.9198     0.1704     3.9762 9.0203e+02     7.5911      0.028      0.040    25.1138 0.0000e+00
      0.032      0.018     5.3625     64.525     38.212  38.344379    19.2600     2.9160     0.1704     3.9762 6.0990e+02     7.6667      0.032      0.046    25.1242 0.0000e+00
      0.037      0.021     5.3380     64.519     38.213  38.351676    19.2600     2.9122     0.1704     3.9762 8.3145e+02     7.5911      0.037      0.053    25.1359 0.0000e+00
      0.043      0.025     5.3231     64.483     38.206  38.351723    19.2600     2.9160     0.1704     3.8916 8.6781e+02     7.5911      0.042      0.061    25.1474 0.0000e+00
      0.049      0.030     5.3165     64.417     38.187  38.342540    19.2600     2.8512     0.1704     3.8916 7.3618e+02     7.3343      0.049      0.071    25.1576 0.0000e+00
      0.057      0.035     5.3148     64.350     38.170  38.339607    19.2600     2.8473     0.1704     3.8916 8.0059e+02     7.4401      0.057      0.082    25.1665 0.0000e+00
      0.067      0.040     5.3134     64.350     38.155  38.340153    19.2600     2.8359     0.1704     3.8916 8.1304e+02     7.3343      0.066      0.095    25.1752 0.0000e+00
      0.078      0.044     5.3095     64.523     38.144  38.342332    19.2600     2.8588     0.1704     3.8916 1.0104e+03     7.2890      0.077      0.111    25.1851 0.0000e+00
      0.090      0.047     5.3028     64.960     38.139  38.346725    19.3500     2.9008     0.1704     3.8916 7.8067e+02     7.7573      0.089      0.129    25.1982 0.0000e+00
      0.104      0.049     5.2955     65.659     38.117  38.330596    19.3500     2.9313     0.1704     3.8916 5.1593e+02     7.7875      0.102      0.148    25.2158 0.0000e+00
      0.118      0.049     5.2936     66.490     38.081  38.299606    19.3500     2.9236     0.1704     3.8916 4.2263e+02     7.7271      0.116      0.168    25.2360 0.0000e+00
      0.131      0.048     5.3061     67.281     38.067  38.289323    19.3500     2.9160     0.1704     3.8916 4.6322e+02     7.7573      0.129      0.186    25.2538 0.0000e+00
      0.143      0.046     5.3408     67.909     38.079  38.300988    19.5300     2.9313     0.1704     4.0185 3.7797e+02     7.5307      0.140      0.203    25.2662 0.0000e+00
      0.154      0.042     5.3975     68.304     38.098  38.317789    19.5300     2.9275     0.1704     4.0185 5.3710e+02     7.5307      0.151      0.219    25.2746 0.0000e+00
      0.164      0.039     5.4651     68.423     38.114  38.330261    19.5300     2.9236     0.1704     4.0185 4.7494e+02     7.5609      0.162      0.234    25.2811 0.0000e+00
      0.174      0.036     5.5296     68.251     38.117  38.329775    19.5300     2.9122     0.1704     4.0185 4.6919e+02     7.5911      0.171      0.247    25.2854 0.0000e+00
      0.183      0.033     5.5812     67.825     38.105  38.316201    19.5300     2.9313     0.1704     3.9762 5.1425e+02     7.2890      0.179      0.260    25.2861 0.0000e+00
