Data/DataNotYetUploadedToEDI/Raw_CTD/RawDownloads/061526_fcr50_S7809012.cnv
* Sea-Bird SBE19plus  Data File:
* FileName = C:\R\Reservoirs\Data\DataNotYetUploadedToEDI\Raw_CTD\RawDownloads\062926_fcr50_S7809_0012.hex
* Software version 2.8.0.119
* Temperature SN = 7809
* Conductivity SN = 7809
* System UpLoad Time = Jun 30 2026 09:06:07
* <ApplicationData>
* <Seaterm232>
# nquan = 15
# nvalues = 2190                        
# units = specified
# name 0 = depFM: Depth [fresh water, m]
# name 1 = dz/dtM: Descent Rate [m/s]
# name 2 = sbeox0Mg/L: Oxygen, SBE 43 [mg/l]
# name 3 = sbeox0PS: Oxygen, SBE 43 [% saturation]
# name 4 = specc: Specific Conductance [uS/cm]
# name 5 = c0uS/cm: Conductivity [uS/cm]
# name 6 = flECO-AFL: Fluorescence, WET Labs ECO-AFL/FL [mg/m^3]
# name 7 = ph: pH
# name 8 = orp: Oxidation Reduction Potential [mV]
# name 9 = par/sat/log: PAR/Logarithmic, Satlantic
# name 10 = turbWETntu0: Turbidity, WET Labs ECO [NTU]
# name 11 = prdM: Pressure, Strain Gauge [db]
# name 12 = prdE: Pressure, Strain Gauge [psi]
# name 13 = tv290C: Temperature [ITS-90, deg C]
# name 14 = flag:  0.000e+00
# span 0 =     -0.669,      9.443       
# span 1 =     -0.187,      0.321       
# span 2 =    -0.2015,    10.8979       
# span 3 =     -1.832,    127.603       
# span 4 =      1.824,    147.292       
# span 5 =   1.597786, 101.577146       
# span 6 =    -0.0962,     5.1515       
# span 7 =      9.853,     12.355       
# span 8 =  -306.9748,    60.1035       
# span 9 = 1.2354e-01, 2.5607e+03       
# span 10 =    -0.1322,    89.4237      
# span 11 =     -0.657,      9.261      
# span 12 =     -0.953,     13.433      
# span 13 =     9.4465,    26.3974      
# span 14 = 0.0000e+00, 0.0000e+00      
# interval = seconds: 0.25
# start_time = Jun 15 2026 13:04:08 [Instrument's time stamp, header]
# bad_flag = -9.990e-29
*END*
[from data line 579]
      0.112      0.000     9.5435    118.398     39.548  40.624136     2.6646     12.335  -151.2745 4.6174e+02     6.3993      0.110      0.159    26.3333 0.0000e+00
      0.112      0.000     9.5525    118.339     39.549  40.625395     2.6360     12.335  -151.5548 4.2981e+02     6.2864      0.109      0.159    26.3398 0.0000e+00
      0.112      0.001     9.5533    118.278     39.569  40.645473     2.6384     12.335  -151.2357 3.9063e+02     6.1721      0.110      0.159    26.3491 0.0000e+00
      0.112      0.001     9.5491    118.208     39.599  40.676509     2.6767     12.335  -150.5135 3.7653e+02     6.1101      0.109      0.158    26.3541 0.0000e+00
      0.112      0.001     9.5424    118.149     39.605  40.683332     2.7252     12.335  -150.2216 3.7081e+02     6.1524      0.110      0.159    26.3548 0.0000e+00
      0.113      0.000     9.5386    118.149     39.587  40.664502     2.7336     12.336  -150.2014 3.5465e+02     6.1710      0.111      0.161    26.3543 0.0000e+00
      0.113 1.2357e-08     9.5341    118.244     39.564  40.639231     2.7111     12.336  -150.1839 3.5408e+02     6.1641      0.111      0.162    26.3550 0.0000e+00
      0.113 1.3592e-07     9.5273    118.378     39.560  40.631626     2.7199     12.336  -150.0089 3.8562e+02     6.2400      0.111      0.161    26.3556 0.0000e+00
      0.112 8.5450e-08     9.5219    118.462     39.567  40.636021     2.7565     12.336  -149.4633 4.7024e+02     6.3373      0.110      0.159    26.3550 0.0000e+00
      0.112 -4.271e-08     9.5195    118.493     39.560  40.628893     2.7875     12.336  -149.0933 6.1563e+02     6.4527      0.109      0.158    26.3542 0.0000e+00
      0.112 -3.882e-09     9.5298    118.503     39.539  40.608907     2.7947     12.336  -149.0629 7.1698e+02     6.5767      0.110      0.159    26.3528 0.0000e+00
      0.113 -3.530e-10     9.5452    118.457     39.516  40.584769     2.7940     12.337  -149.0965 6.8729e+02     6.7082      0.111      0.161    26.3474 0.0000e+00
      0.113 -3.219e-11     9.5523    118.317     39.524  40.590897     2.8041     12.337  -149.2409 6.5573e+02     6.7794      0.111      0.161    26.3423 0.0000e+00
      0.112 -4.072e-12     9.5524    118.149     39.557  40.619529     2.8249     12.338  -149.3456 7.7478e+02     6.7878      0.109      0.159    26.3440 0.0000e+00
      0.112 -1.297e-11     9.5542    118.051     39.557  40.613636     2.8630     12.338  -149.2441 8.7223e+02     6.6728      0.110      0.159    26.3475 0.0000e+00
      0.112 -1.400e-10     9.5531    118.078     39.535  40.583097     2.8903     12.338  -149.1325 8.5453e+02     6.3802      0.110      0.159    26.3475 0.0000e+00
      0.112 -1.540e-09     9.5394    118.184     39.527  40.567596     2.8874     12.339  -149.0277 8.8616e+02     6.2565      0.110      0.160    26.3430 0.0000e+00
      0.112 -1.694e-08     9.5239    118.260     39.519  40.553127     2.8958     12.340  -148.8378 9.2535e+02     6.3726      0.110      0.159    26.3375 0.0000e+00
      0.112 -1.863e-07     9.5152    118.282     39.504  40.535072     2.9088     12.340  -149.0735 9.3515e+02     6.4179      0.109      0.159    26.3298 0.0000e+00
      0.112 -1.863e-07     9.5203    118.301     39.509  40.539687     2.8769     12.339  -149.7276 8.8503e+02     6.3259      0.109      0.158    26.3194 0.0000e+00
      0.112 -1.693e-08     9.5357    118.301     39.511  40.545460     2.8101     12.338  -149.7767 7.4917e+02     6.2505      0.109      0.159    26.3097 0.0000e+00
      0.112 -1.471e-09     9.5434    118.192     39.503  40.541410     2.7595     12.338  -149.5817 6.2837e+02     6.2585      0.109      0.159    26.3008 0.0000e+00
      0.112 6.1084e-10     9.5435    117.967     39.513  40.554188     2.7642     12.339  -150.2087 5.3183e+02     6.3536      0.110      0.159    26.2961 0.0000e+00
      0.112 8.2460e-09     9.5448    117.739     39.533  40.573037     2.8006     12.340  -151.5061 5.0771e+02     6.4780      0.110      0.159    26.2972 0.0000e+00
      0.111 9.0844e-08     9.5483    117.627     39.540  40.578916     2.8166     12.340  -152.7935 5.7756e+02     6.4642      0.109      0.158    26.3031 0.0000e+00
      0.111 1.6655e-07     9.5387    117.701     39.524  40.561803     2.7996     12.340  -153.2987 6.1260e+02     6.3236      0.108      0.157    26.3100 0.0000e+00
      0.112 9.0845e-08     9.5155    117.919     39.518  40.556515     2.7691     12.340  -153.1411 6.1130e+02     6.2820      0.110      0.159    26.3114 0.0000e+00
      0.112 8.2585e-09     9.4945    118.153     39.537  40.578449     2.7815     12.338  -153.0381 6.7477e+02     6.3706      0.110      0.160    26.3091 0.0000e+00
      0.112 7.5075e-10     9.4831    118.323     39.530  40.573152     2.8409     12.337  -153.0862 7.3563e+02     6.4381      0.110      0.159    26.3074 0.0000e+00
      0.112 6.8250e-11     9.4902    118.410     39.512  40.555935     2.8709     12.338  -153.2067 7.3275e+02     6.4152      0.109      0.158    26.3067 0.0000e+00
      0.112 6.2045e-12     9.5132    118.451     39.517  40.560668     2.8530     12.338  -153.3771 7.1997e+02     6.3325      0.109      0.159    26.3069 0.0000e+00
      0.112 5.6405e-13     9.5332    118.495     39.527  40.566919     2.8245     12.338  -153.4255 7.7660e+02     6.3269      0.109      0.158    26.3098 0.0000e+00
      0.112 5.1280e-14     9.5467    118.515     39.531  40.568046     2.8090     12.338  -153.2751 8.7255e+02     6.4156      0.109      0.159    26.3146 0.0000e+00
      0.112 4.6617e-15     9.5525    118.451     39.539  40.574287     2.8076     12.338  -152.8487 8.4959e+02     6.4483      0.110      0.160    26.3166 0.0000e+00
      0.112 4.2379e-16     9.5531    118.327     39.542  40.578917     2.8076     12.338  -152.4006 7.4922e+02     6.3798      0.110      0.159    26.3150 0.0000e+00
      0.111 3.8526e-17     9.5593    118.224     39.522  40.560566     2.7676     12.338  -152.3307 6.9814e+02     6.2374      0.109      0.158    26.3103 0.0000e+00
      0.111 3.5024e-18     9.5645    118.178     39.502  40.542794     2.6983     12.339  -152.4341 7.0929e+02     6.1604      0.108      0.157    26.3041 0.0000e+00
      0.111 3.1791e-19     9.5589    118.157     39.511  40.554437     2.6772     12.339  -152.5319 7.4347e+02     6.2347      0.108      0.157    26.3016 0.0000e+00
      0.112 2.3549e-20     9.5451    118.152     39.528  40.574420     2.6952     12.338  -152.2224 7.3310e+02     6.2817      0.110      0.159    26.3035 0.0000e+00
      0.112 -5.673e-20     9.5352    118.209     39.545  40.594022     2.6828     12.338  -151.5318 6.7862e+02     6.1831      0.110      0.159    26.3069 0.0000e+00
      0.112 -6.527e-19     9.5326    118.320     39.551  40.601054     2.6433     12.338  -151.2366 6.6016e+02     6.1014      0.109      0.159    26.3106 0.0000e+00
      0.111 -7.183e-18     9.5312    118.418     39.546  40.595974     2.6423     12.339  -151.3216 7.5250e+02     6.2160      0.109      0.158    26.3142 0.0000e+00
      0.111 -7.901e-17     9.5274    118.470     39.548  40.596072     2.6711     12.340  -151.5262 7.7846e+02     6.3725      0.109      0.158    26.3178 0.0000e+00
      0.112 -8.691e-16     9.5315    118.469     39.555  40.602229     2.6833     12.340  -151.4736 6.6256e+02     6.4229      0.109      0.159    26.3208 0.0000e+00
      0.112 -9.560e-15     9.5437    118.434     39.560  40.606956     2.6569     12.339  -150.9438 6.5782e+02     6.3813      0.110      0.160    26.3222 0.0000e+00
      0.112 -1.052e-13     9.5518    118.394     39.542  40.589752     2.6012     12.338  -150.4542 7.3286e+02     6.2794      0.110      0.159    26.3212 0.0000e+00
      0.112 -1.157e-12     9.5572    118.369     39.537  40.584617     2.5849     12.338  -150.2860 7.1802e+02     6.2842      0.110      0.159    26.3184 0.0000e+00
      0.112 -1.272e-11     9.5567    118.394     39.560  40.608328     2.6095     12.340  -150.2872 6.7201e+02     6.4052      0.109      0.158    26.3162 0.0000e+00
      0.112 -1.400e-10     9.5525    118.477     39.575  40.622589     2.5984     12.340  -150.2965 6.5126e+02     6.4097      0.109      0.159    26.3158 0.0000e+00
      0.112 -1.540e-09     9.5493    118.533     39.583  40.630118     2.5501     12.340  -150.4849 6.9107e+02     6.3042      0.109      0.158    26.3172 0.0000e+00
      0.112 -1.694e-08     9.5454    118.449     39.588  40.635898     2.5257     12.339  -150.6724 7.7732e+02     6.2577      0.109      0.159    26.3188 0.0000e+00
      0.111 -1.863e-07     9.5467    118.269     39.580  40.629008     2.5366     12.339  -150.4979 7.4641e+02     6.2913      0.109      0.158    26.3183 0.0000e+00
      0.111 -1.863e-07     9.5562    118.135     39.559  40.610283     2.5569     12.339  -150.2674 6.1386e+02     6.2665      0.109      0.158    26.3165 0.0000e+00
      0.111 -1.693e-08     9.5664    118.091     39.544  40.599878     2.5551     12.339  -150.1227 5.0286e+02     6.1276      0.109      0.158    26.3161 0.0000e+00
      0.111 -1.539e-09     9.5578    118.079     39.571  40.630143     2.5311     12.339  -150.2969 3.9514e+02     6.0468      0.109      0.158    26.3164 0.0000e+00
      0.111 -1.400e-10     9.5364    118.061     39.598  40.658901     2.5157     12.339  -150.7389 3.2180e+02     6.0414      0.109      0.158    26.3180 0.0000e+00
      0.111 -1.272e-11     9.5244    118.073     39.571  40.630267     2.5362     12.339  -150.9071 2.9593e+02     6.0973      0.108      0.157    26.3226 0.0000e+00
      0.111 -1.157e-12     9.5220    118.119     39.543  40.601251     2.5870     12.340  -150.8680 2.7318e+02     6.1411      0.109      0.158    26.3293 0.0000e+00
      0.111 -1.052e-13     9.5223    118.152     39.563  40.625386     2.6056     12.340  -150.7826 2.5328e+02     6.0590      0.109      0.158    26.3342 0.0000e+00
      0.111 -9.560e-15     9.5182    118.192     39.600  40.668238     2.5865     12.339  -150.9934 2.4123e+02     5.9919      0.110      0.159    26.3344 0.0000e+00
      0.111 -8.690e-16     9.5189    118.265     39.602  40.675128     2.5813     12.339  -151.5230 2.3859e+02     6.0478      0.109      0.158    26.3318 0.0000e+00
      0.111 -7.900e-17     9.5265    118.319     39.571  40.645234     2.6008     12.339  -151.7663 2.3378e+02     6.1873      0.108      0.157    26.3306 0.0000e+00
      0.111 -7.180e-18     9.5268    118.355     39.549  40.624125     2.6232     12.339  -151.5256 2.2716e+02     6.2108      0.108      0.157    26.3349 0.0000e+00
      0.111 -6.476e-19     9.5264    118.423     39.534  40.610288     2.6184     12.339  -151.1071 2.2908e+02     6.0921      0.108      0.158    26.3422 0.0000e+00
      0.111 3.4033e-24     9.5349    118.460     39.528  40.604868     2.5931     12.339  -151.0081 2.2798e+02     6.0158      0.110      0.159    26.3483 0.0000e+00
      0.111 6.4749e-19     9.5389    118.441     39.545  40.622058     2.5835     12.339  -151.2754 2.2656e+02     6.1082      0.109      0.158    26.3517 0.0000e+00
      0.111 7.1812e-18     9.5370    118.449     39.550  40.627735     2.6019     12.339  -151.4996 2.3091e+02     6.3552      0.109      0.159    26.3531 0.0000e+00
      0.111 7.8999e-17     9.5464    118.477     39.531  40.610050     2.6243     12.339  -151.4818 2.3319e+02     6.4417      0.109      0.158    26.3556 0.0000e+00
      0.111 8.6899e-16     9.5512    118.494     39.517  40.598615     2.6123     12.338  -151.3186 2.3075e+02     6.2998      0.108      0.157    26.3573 0.0000e+00
      0.111 9.5589e-15     9.5437    118.547     39.534  40.616415     2.5822     12.338  -150.9033 2.2894e+02     6.1424      0.108      0.157    26.3563 0.0000e+00
      0.111 1.0515e-13     9.5462    118.593     39.554  40.634874     2.5848     12.338  -150.4184 2.3407e+02     6.0758      0.108      0.158    26.3561 0.0000e+00
      0.111 1.1566e-12     9.5511    118.583     39.552  40.631404     2.6111     12.338  -150.2749 2.3818e+02     6.1433      0.109      0.159    26.3583 0.0000e+00
      0.111 1.2723e-11     9.5468    118.599     39.559  40.637921     2.6252     12.338  -150.3716 2.3618e+02     6.1726      0.109      0.158    26.3627 0.0000e+00
      0.111 1.3995e-10     9.5531    118.655     39.571  40.650206     2.6132     12.339  -150.5554 2.3440e+02     6.0889      0.109      0.158    26.3647 0.0000e+00
      0.111 1.5395e-09     9.5621    118.651     39.575  40.653026     2.5997     12.339  -150.6044 2.3317e+02     6.0878      0.108      0.157    26.3603 0.0000e+00
      0.111 1.6934e-08     9.5554    118.536     39.597  40.672010     2.6115     12.339  -150.1030 2.3351e+02     6.1929      0.109      0.158    26.3569 0.0000e+00
      0.112 1.8627e-07     9.5566    118.314     39.617  40.689338     2.6228     12.339  -149.3117 2.3594e+02     6.2660      0.110      0.159    26.3576 0.0000e+00
      0.112 1.8627e-07     9.5659    118.037     39.603  40.672140     2.6031     12.339  -149.0383 2.3277e+02     6.2545      0.110      0.159    26.3579 0.0000e+00
      0.111 1.6934e-08     9.5667    117.828     39.587  40.654463     2.5734     12.339  -149.2925 2.2815e+02     6.2250      0.109      0.158    26.3561 0.0000e+00
      0.110 1.5395e-09     9.5581    117.797     39.597  40.666003     2.5801     12.340  -149.5465 2.2788e+02     6.3200      0.108      0.157    26.3519 0.0000e+00
      0.110 1.3995e-10     9.5399    117.905     39.614  40.684729     2.6174     12.341  -149.2687 2.2656e+02     6.4468      0.108      0.157    26.3463 0.0000e+00
      0.111 1.2723e-11     9.5147    118.035     39.619  40.690494     2.6249     12.340  -148.5153 2.2782e+02     6.3912      0.109      0.158    26.3426 0.0000e+00
      0.111 1.1566e-12     9.4927    118.129     39.600  40.672244     2.5786     12.339  -148.0095 2.2834e+02     6.1949      0.109      0.158    26.3421 0.0000e+00
      0.111 1.0515e-13     9.4925    118.181     39.583  40.654464     2.5325     12.340  -147.9711 2.2649e+02     6.0548      0.109      0.158    26.3429 0.0000e+00
      0.111 9.5590e-15     9.5053    118.148     39.594  40.665899     2.5331     12.340  -148.1373 2.2624e+02     6.0970      0.109      0.158    26.3443 0.0000e+00
      0.111 8.6899e-16     9.5169    118.010     39.612  40.683575     2.5443     12.340  -148.2121 2.2394e+02     6.1586      0.108      0.157    26.3462 0.0000e+00
      0.111 7.8941e-17     9.5235    117.874     39.607  40.677791     2.5358     12.340  -148.1002 2.2149e+02     6.1513      0.108      0.157    26.3479 0.0000e+00
      0.111 6.5290e-18     9.5287    117.841     39.589  40.659436     2.5299     12.340  -147.8172 2.1931e+02     6.1448      0.108      0.157    26.3477 0.0000e+00
      0.111 -6.530e-18     9.5295    117.920     39.583  40.652040     2.5227     12.340  -146.5981 2.1931e+02     6.0795      0.108      0.157    26.3463 0.0000e+00
      0.111 -7.895e-17     9.5127    118.075     39.583  40.651830     2.5321     12.339  -143.9422 2.2512e+02     6.0797      0.109      0.158    26.3459 0.0000e+00
      0.111 -8.691e-16     9.4987    118.254     39.588  40.656899     2.5688     12.338  -141.1726 2.2713e+02     6.1802      0.108      0.157    26.3458 0.0000e+00
      0.111 -9.560e-15     9.4969    118.424     39.582  40.649857     2.5838     12.338  -139.0088 2.2047e+02     6.2022      0.109      0.158    26.3449 0.0000e+00
      0.111 -1.052e-13     9.5042    118.559     39.564  40.630151     2.5623     12.339  -136.7952 2.1677e+02     6.1406      0.109      0.158    26.3439 0.0000e+00
      0.111 -1.157e-12     9.5188    118.615     39.547  40.609022     2.5338     12.339  -134.3685 2.2032e+02     6.0499      0.109      0.158    26.3437 0.0000e+00
      0.111 -1.272e-11     9.5336    118.578     39.529  40.584782     2.5389     12.339  -132.0389 2.2388e+02     6.0971      0.108      0.157    26.3443 0.0000e+00
