Data/DataNotYetUploadedToEDI/Raw_CTD/RawDownloads/061526_fcr20_S7809009.cnv
* Sea-Bird SBE19plus  Data File:
* FileName = C:\R\Reservoirs\Data\DataNotYetUploadedToEDI\Raw_CTD\RawDownloads\062926_fcr50_S7809_0009.hex
* Software version 2.8.0.119
* Temperature SN = 7809
* Conductivity SN = 7809
* System UpLoad Time = Jun 30 2026 09:03:22
* <ApplicationData>
* <Seaterm232>
# nquan = 15
# nvalues = 1865                        
# units = specified
# name 0 = depFM: Depth [fresh water, m]
# name 1 = dz/dtM: Descent Rate [m/s]
# name 2 = sbeox0Mg/L: Oxygen, SBE 43 [mg/l]
# name 3 = sbeox0PS: Oxygen, SBE 43 [% saturation]
# name 4 = specc: Specific Conductance [uS/cm]
# name 5 = c0uS/cm: Conductivity [uS/cm]
# name 6 = flECO-AFL: Fluorescence, WET Labs ECO-AFL/FL [mg/m^3]
# name 7 = ph: pH
# name 8 = orp: Oxidation Reduction Potential [mV]
# name 9 = par/sat/log: PAR/Logarithmic, Satlantic
# name 10 = turbWETntu0: Turbidity, WET Labs ECO [NTU]
# name 11 = prdM: Pressure, Strain Gauge [db]
# name 12 = prdE: Pressure, Strain Gauge [psi]
# name 13 = tv290C: Temperature [ITS-90, deg C]
# name 14 = flag:  0.000e+00
# span 0 =     -0.666,      2.628       
# span 1 =     -0.195,      0.268       
# span 2 =    -0.8813,     9.7343       
# span 3 =     -9.144,    116.023       
# span 4 =      1.699,     61.409       
# span 5 =   1.542543,  50.301360       
# span 6 =    -0.1701,     8.7069       
# span 7 =      9.840,     12.326       
# span 8 =   -69.0078,   664.1515       
# span 9 = 7.4109e+00, 2.4498e+03       
# span 10 =    -0.1775,    86.0586      
# span 11 =     -0.653,      2.578      
# span 12 =     -0.947,      3.738      
# span 13 =    15.8740,    24.7984      
# span 14 = 0.0000e+00, 0.0000e+00      
# interval = seconds: 0.25
# start_time = Jun 15 2026 12:23:42 [Instrument's time stamp, header]
# bad_flag = -9.990e-29
*END*
[from data line 579]
      0.051 -1.804e-08     9.3618    114.046     39.104  38.802903     3.1243     12.268    21.3646 2.1224e+02     6.9666      0.050      0.073    24.6167 0.0000e+00
      0.051 3.0592e-09     9.3742    114.207     39.091  38.783980     3.1137     12.268    21.4411 2.0842e+02     7.0809      0.050      0.073    24.6137 0.0000e+00
      0.052 5.1973e-08     9.4131    114.173     39.105  38.795414     3.1063     12.268    21.4941 2.0852e+02     7.1414      0.051      0.074    24.6164 0.0000e+00
      0.053 5.7337e-07     9.4607    114.065     39.124  38.814233     3.0849     12.268    21.5752 2.1154e+02     7.1506      0.052      0.075    24.6182 0.0000e+00
      0.053      0.000     9.4987    113.983     39.131  38.821140     3.0714     12.268    21.7332 2.0932e+02     7.1588      0.052      0.075    24.6096 0.0000e+00
      0.052      0.000     9.5119    113.883     39.124  38.815475     3.0596     12.268    21.8557 2.0279e+02     7.2060      0.051      0.074    24.5990 0.0000e+00
      0.052      0.001     9.5057    113.633     39.115  38.809196     3.0675     12.268    21.8526 2.0183e+02     7.3110      0.051      0.074    24.5971 0.0000e+00
      0.052      0.003     9.4924    113.290     39.113  38.808677     3.0839     12.269    21.6959 2.0624e+02     7.3358      0.051      0.074    24.5978 0.0000e+00
      0.052      0.007     9.4869    113.119     39.113  38.809207     3.0664     12.269    21.5092 2.1029e+02     7.2328      0.050      0.073    24.5979 0.0000e+00
      0.053      0.011     9.4849    113.148     39.119  38.815601     3.0479     12.269    21.4882 2.1421e+02     7.1587      0.051      0.074    24.6001 0.0000e+00
      0.056      0.014     9.4631    113.123     39.126  38.822522     3.0763     12.269    21.6132 2.1859e+02     7.2249      0.053      0.078    24.6035 0.0000e+00
      0.062      0.015     9.4210    113.024     39.131  38.829440     3.1350     12.270    21.7308 2.2455e+02     7.3846      0.061      0.088    24.6059 0.0000e+00
      0.069      0.015     9.4041    113.011     39.135  38.835786     3.1503     12.271    21.7920 2.2265e+02     7.4157      0.068      0.099    24.6063 0.0000e+00
      0.074      0.012     9.4224    113.116     39.133  38.835795     3.1195     12.271    21.7506 2.0751e+02     7.2942      0.073      0.106    24.6052 0.0000e+00
      0.077      0.006     9.4184    113.286     39.125  38.829554     3.1030     12.270    21.6608 1.9442e+02     7.2131      0.076      0.110    24.6062 0.0000e+00
      0.077      0.000     9.4005    113.361     39.118  38.823790     3.1013     12.269    21.6521 1.8536e+02     7.1863      0.076      0.111    24.6092 0.0000e+00
      0.077     -0.006     9.4017    113.212     39.123  38.829565     3.0991     12.269    21.6455 1.7951e+02     7.1757      0.077      0.111    24.6117 0.0000e+00
      0.072     -0.010     9.4093    113.036     39.128  38.835925     3.0841     12.269    21.6667 1.8291e+02     7.1183      0.072      0.104    24.6144 0.0000e+00
      0.067     -0.012     9.4280    113.159     39.127  38.837225     3.0535     12.269    21.7363 1.9200e+02     6.9713      0.065      0.094    24.6181 0.0000e+00
      0.063     -0.012     9.4422    113.651     39.133  38.845287     3.0457     12.270    21.7989 2.0627e+02     6.9004      0.062      0.090    24.6202 0.0000e+00
      0.060     -0.009     9.4216    114.269     39.157  38.869941     3.0565     12.272    21.9075 2.2316e+02     7.0134      0.059      0.085    24.6193 0.0000e+00
      0.056     -0.005     9.3935    114.701     39.168  38.881478     3.0674     12.272    21.9307 2.3652e+02     7.1414      0.055      0.078    24.6203 0.0000e+00
      0.056     -0.001     9.4014    114.793     39.143  38.857873     3.0784     12.272    21.8215 2.4002e+02     7.1164      0.053      0.077    24.6238 0.0000e+00
      0.058      0.001     9.4505    114.536     39.124  38.838368     3.0554     12.272    21.8780 2.3219e+02     7.0175      0.057      0.083    24.6270 0.0000e+00
      0.062      0.001     9.5132    114.015     39.123  38.836018     3.0230     12.273    22.0976 2.1661e+02     7.0053      0.061      0.089    24.6286 0.0000e+00
      0.063      0.001     9.5524    113.431     39.116  38.829460     3.0189     12.273    22.1531 1.9760e+02     7.0717      0.062      0.091    24.6290 0.0000e+00
      0.061      0.000     9.5594    113.021     39.106  38.822532     3.0224     12.273    22.1200 1.8490e+02     7.1025      0.060      0.087    24.6302 0.0000e+00
      0.059     -0.001     9.5369    112.896     39.097  38.815716     3.0401     12.273    22.2126 1.8222e+02     7.0025      0.057      0.083    24.6292 0.0000e+00
      0.058     -0.001     9.4873    112.987     39.092  38.810514     3.0585     12.272    22.3266 1.8644e+02     6.8180      0.055      0.080    24.6262 0.0000e+00
      0.059      0.000     9.4308    113.192     39.106  38.823093     3.0710     12.272    22.2938 1.9610e+02     6.7854      0.056      0.082    24.6266 0.0000e+00
      0.060      0.002     9.3916    113.510     39.125  38.840881     3.0828     12.271    22.2465 2.0665e+02     6.8822      0.059      0.086    24.6312 0.0000e+00
      0.062      0.002     9.3841    113.925     39.119  38.835213     3.0505     12.271    22.3570 2.1197e+02     6.9297      0.061      0.088    24.6344 0.0000e+00
      0.062      0.002     9.3967    114.287     39.102  38.818016     2.9882     12.271    22.4253 2.1446e+02     6.9147      0.061      0.089    24.6334 0.0000e+00
      0.062      0.001     9.4126    114.456     39.107  38.823336     2.9456     12.271    22.3842 2.1266e+02     6.8037      0.060      0.088    24.6310 0.0000e+00
      0.061      0.000     9.4381    114.439     39.118  38.836081     2.9438     12.272    22.3753 2.0388e+02     6.7152      0.059      0.086    24.6300 0.0000e+00
      0.061 -3.843e-07     9.4786    114.327     39.125  38.845197     2.9575     12.273    22.4033 1.9561e+02     6.7317      0.060      0.087    24.6303 0.0000e+00
      0.062     -0.000     9.5144    114.214     39.148  38.870101     2.9618     12.273    22.4658 1.9230e+02     6.8336      0.061      0.089    24.6307 0.0000e+00
      0.062      0.000     9.5266    114.137     39.160  38.883365     2.9628     12.273    22.5287 1.9409e+02     6.9897      0.061      0.089    24.6317 0.0000e+00
      0.062     -0.001     9.5219    114.089     39.154  38.878651     2.9446     12.273    22.5611 1.9839e+02     7.0141      0.061      0.088    24.6338 0.0000e+00
      0.061     -0.001     9.5091    114.100     39.151  38.876572     2.9411     12.272    22.5993 2.0503e+02     7.0258      0.060      0.087    24.6367 0.0000e+00
      0.061      0.000     9.4975    114.196     39.132  38.858226     2.9624     12.272    22.6468 2.0904e+02     7.1663      0.060      0.087    24.6391 0.0000e+00
      0.060      0.001     9.4931    114.351     39.121  38.847211     2.9524     12.273    22.6193 2.0712e+02     7.2428      0.058      0.085    24.6413 0.0000e+00
      0.060      0.004     9.4863    114.497     39.145  38.870300     2.9117     12.275    22.5251 2.0952e+02     7.1661      0.058      0.084    24.6437 0.0000e+00
      0.061      0.009     9.4861    114.592     39.157  38.883558     2.8781     12.275    22.4539 2.1799e+02     7.0242      0.058      0.085    24.6452 0.0000e+00
      0.063      0.013     9.4949    114.651     39.152  38.880608     2.8710     12.275    22.4472 2.2512e+02     7.0638      0.062      0.090    24.6450 0.0000e+00
      0.067      0.016     9.5104    114.657     39.169  38.898084     2.8757     12.275    22.5295 2.2852e+02     7.3040      0.065      0.095    24.6439 0.0000e+00
      0.073      0.016     9.5247    114.531     39.175  38.904481     2.8769     12.276    22.5891 2.2396e+02     7.4341      0.070      0.102    24.6438 0.0000e+00
      0.081      0.014     9.5302    114.228     39.165  38.894500     2.8594     12.276    22.4794 2.0853e+02     7.3736      0.079      0.115    24.6454 0.0000e+00
      0.087      0.010     9.5353    113.858     39.175  38.904322     2.8226     12.276    22.3207 1.9456e+02     7.2214      0.087      0.126    24.6480 0.0000e+00
      0.088      0.007     9.5380    113.547     39.165  38.896327     2.8229     12.276    22.3907 1.8841e+02     7.1314      0.087      0.126    24.6490 0.0000e+00
      0.084      0.006     9.5315    113.296     39.128  38.861285     2.8629     12.276    22.6377 1.8357e+02     7.1391      0.083      0.120    24.6483 0.0000e+00
      0.082      0.006     9.5010    113.127     39.126  38.861390     2.8741     12.275    22.8128 1.8440e+02     7.0751      0.079      0.114    24.6481 0.0000e+00
      0.083      0.007     9.4647    113.117     39.160  38.897587     2.8329     12.274    22.9596 1.9690e+02     6.9043      0.080      0.115    24.6491 0.0000e+00
      0.089      0.007     9.4408    113.245     39.177  38.918193     2.7813     12.272    23.0361 2.0821e+02     6.7820      0.087      0.125    24.6511 0.0000e+00
      0.095      0.007     9.4196    113.472     39.174  38.920168     2.7748     12.272    22.9629 2.1483e+02     6.8260      0.095      0.137    24.6535 0.0000e+00
      0.098      0.002     9.3999    113.766     39.172  38.921481     2.7962     12.272    22.9347 2.2158e+02     6.9243      0.098      0.142    24.6552 0.0000e+00
      0.098     -0.005     9.4011    113.942     39.184  38.934068     2.7900     12.272    22.9540 2.1639e+02     6.9115      0.096      0.140    24.6580 0.0000e+00
      0.094     -0.013     9.4131    113.877     39.195  38.945452     2.7661     12.271    22.9376 2.0170e+02     6.8081      0.094      0.136    24.6639 0.0000e+00
      0.089     -0.018     9.4275    113.688     39.182  38.932199     2.7572     12.271    22.9953 1.9058e+02     6.8007      0.089      0.129    24.6704 0.0000e+00
      0.081     -0.020     9.4602    113.529     39.147  38.900751     2.7654     12.271    23.1346 1.8736e+02     6.8905      0.079      0.115    24.6748 0.0000e+00
      0.072     -0.018     9.4802    113.500     39.125  38.882507     2.7914     12.270    23.2452 1.9522e+02     6.8693      0.069      0.100    24.6762 0.0000e+00
      0.067     -0.014     9.4683    113.651     39.140  38.901998     2.8125     12.270    23.3001 2.0948e+02     6.7485      0.064      0.093    24.6748 0.0000e+00
      0.065     -0.007     9.4479    113.887     39.181  38.946043     2.8046     12.270    23.3686 2.3620e+02     6.6946      0.064      0.093    24.6744 0.0000e+00
      0.065      0.003     9.4327    114.155     39.205  38.970845     2.7957     12.270    23.4715 3.0721e+02     6.7303      0.064      0.093    24.6790 0.0000e+00
      0.065      0.013     9.4244    114.467     39.182  38.948037     2.8207     12.269    23.5107 3.9004e+02     6.8035      0.064      0.093    24.6851 0.0000e+00
      0.068      0.020     9.4420    114.659     39.160  38.924112     2.8489     12.268    23.5846 4.0756e+02     6.8281      0.065      0.094    24.6902 0.0000e+00
      0.076      0.022     9.4638    114.541     39.177  38.935401     2.8379     12.267    23.6771 3.6145e+02     6.7546      0.073      0.105    24.6941 0.0000e+00
      0.088      0.019     9.4801    114.095     39.207  38.957602     2.8117     12.267    23.5966 2.8936e+02     6.7003      0.088      0.127    24.6962 0.0000e+00
      0.098      0.012     9.5142    113.467     39.195  38.938704     2.7991     12.267    23.5579 2.2300e+02     6.7528      0.100      0.144    24.6966 0.0000e+00
      0.101      0.002     9.5373    112.901     39.155  38.897271     2.7855     12.266    23.7247 1.8206e+02     6.8770      0.101      0.147    24.6950 0.0000e+00
      0.097     -0.008     9.5284    112.553     39.158  38.900847     2.7470     12.265    23.8926 1.6647e+02     6.9043      0.096      0.139    24.6878 0.0000e+00
      0.090     -0.018     9.4898    112.411     39.173  38.918488     2.7080     12.264    23.9539 1.7073e+02     6.8095      0.089      0.128    24.6747 0.0000e+00
      0.082     -0.023     9.4300    112.397     39.169  38.920195     2.7059     12.264    23.9493 1.9163e+02     6.7898      0.080      0.116    24.6652 0.0000e+00
      0.074     -0.023     9.3783    112.577     39.164  38.921493     2.7296     12.265    23.9228 2.7526e+02     6.8709      0.072      0.105    24.6638 0.0000e+00
      0.066     -0.018     9.3500    113.071     39.171  38.934197     2.7528     12.266    23.8917 4.5414e+02     6.9367      0.064      0.094    24.6655 0.0000e+00
      0.060     -0.012     9.3423    113.736     39.179  38.946879     2.7541     12.266    23.9167 6.1854e+02     6.9019      0.057      0.084    24.6683 0.0000e+00
      0.058     -0.006     9.3384    114.289     39.177  38.947927     2.7363     12.265    24.0539 7.1400e+02     6.7915      0.055      0.080    24.6749 0.0000e+00
      0.060     -0.001     9.3430    114.636     39.175  38.946864     2.7205     12.265    24.1736 8.0255e+02     6.7288      0.059      0.085    24.6845 0.0000e+00
      0.064      0.003     9.3889    114.836     39.162  38.934026     2.7215     12.265    24.1602 8.2694e+02     6.8277      0.063      0.091    24.6931 0.0000e+00
      0.065      0.008     9.4548    114.897     39.147  38.919629     2.7400     12.265    24.1502 7.1777e+02     7.0303      0.064      0.093    24.6990 0.0000e+00
      0.065      0.013     9.5022    114.828     39.127  38.899699     2.7356     12.265    24.2242 5.3879e+02     7.0947      0.064      0.093    24.7020 0.0000e+00
      0.066      0.018     9.5258    114.675     39.111  38.883432     2.7023     12.265    24.1948 4.1339e+02     6.9912      0.065      0.094    24.7037 0.0000e+00
      0.069      0.021     9.5439    114.391     39.141  38.913327     2.6872     12.265    24.1389 3.8260e+02     6.9748      0.066      0.097    24.7042 0.0000e+00
      0.078      0.021     9.5496    113.898     39.172  38.943858     2.6940     12.266    24.2369 4.3246e+02     7.1016      0.075      0.110    24.7040 0.0000e+00
      0.092      0.016     9.5398    113.222     39.163  38.935284     2.7012     12.267    24.2606 4.8766e+02     7.1911      0.091      0.132    24.7035 0.0000e+00
      0.102      0.006     9.5307    112.573     39.164  38.936585     2.6911     12.267    24.0820 4.4021e+02     7.1347      0.104      0.150    24.7030 0.0000e+00
      0.103     -0.006     9.5093    112.168     39.186  38.959590     2.6632     12.267    23.9700 3.7261e+02     7.0004      0.105      0.152    24.7025 0.0000e+00
      0.095     -0.018     9.4696    112.077     39.186  38.959601     2.6638     12.268    24.0241 3.6450e+02     6.9343      0.096      0.138    24.7026 0.0000e+00
      0.083     -0.026     9.4053    112.313     39.161  38.936724     2.6897     12.269    24.0476 3.7377e+02     6.8821      0.082      0.117    24.7033 0.0000e+00
      0.070     -0.026     9.3423    112.771     39.160  38.936828     2.6934     12.270    23.9968 5.0500e+02     6.8466      0.067      0.098    24.7043 0.0000e+00
      0.060     -0.021     9.3104    113.256     39.184  38.960849     2.6667     12.270    24.0118 8.7025e+02     6.8469      0.056      0.081    24.7047 0.0000e+00
      0.056     -0.014     9.2990    113.583     39.196  38.973322     2.6252     12.270    24.1429 1.1956e+03     6.8176      0.052      0.075    24.7053 0.0000e+00
      0.058     -0.005     9.3228    113.683     39.184  38.960725     2.6166     12.270    24.2915 1.2966e+03     6.8685      0.056      0.081    24.7068 0.0000e+00
      0.062      0.001     9.3672    113.650     39.159  38.935455     2.6372     12.269    24.3455 1.4056e+03     6.8816      0.061      0.089    24.7082 0.0000e+00
      0.063      0.005     9.4123    113.509     39.144  38.921620     2.6249     12.269    24.3658 1.4651e+03     6.7707      0.062      0.091    24.7094 0.0000e+00
