Data/DataNotYetUploadedToEDI/Raw_CTD/RawDownloads/061526_fcr10_S7809008.cnv
* Sea-Bird SBE19plus  Data File:
* FileName = C:\R\Reservoirs\Data\DataNotYetUploadedToEDI\Raw_CTD\RawDownloads\062926_fcr50_S7809_0008.hex
* Software version 2.8.0.119
* Temperature SN = 7809
* Conductivity SN = 7809
* System UpLoad Time = Jun 30 2026 09:02:32
* <ApplicationData>
* <Seaterm232>
# nquan = 15
# nvalues = 1066                        
# units = specified
# name 0 = depFM: Depth [fresh water, m]
# name 1 = dz/dtM: Descent Rate [m/s]
# name 2 = sbeox0Mg/L: Oxygen, SBE 43 [mg/l]
# name 3 = sbeox0PS: Oxygen, SBE 43 [% saturation]
# name 4 = specc: Specific Conductance [uS/cm]
# name 5 = c0uS/cm: Conductivity [uS/cm]
# name 6 = flECO-AFL: Fluorescence, WET Labs ECO-AFL/FL [mg/m^3]
# name 7 = ph: pH
# name 8 = orp: Oxidation Reduction Potential [mV]
# name 9 = par/sat/log: PAR/Logarithmic, Satlantic
# name 10 = turbWETntu0: Turbidity, WET Labs ECO [NTU]
# name 11 = prdM: Pressure, Strain Gauge [db]
# name 12 = prdE: Pressure, Strain Gauge [psi]
# name 13 = tv290C: Temperature [ITS-90, deg C]
# name 14 = flag:  0.000e+00
# span 0 =     -0.671,      2.387       
# span 1 =     -0.110,      0.240       
# span 2 =    -0.2387,    10.6717       
# span 3 =     -2.388,    126.950       
# span 4 =      0.519,     75.693       
# span 5 =   0.497203,  61.850805       
# span 6 =    -0.0714,    27.3815       
# span 7 =     -2.133,     12.100       
# span 8 = -1239.9857,   503.3686       
# span 9 = 3.9303e-01, 2.9511e+03       
# span 10 =    -0.1634,    91.4984      
# span 11 =     -0.660,      2.342      
# span 12 =     -0.956,      3.396      
# span 13 =    15.4209,    24.4468      
# span 14 = 0.0000e+00, 0.0000e+00      
# interval = seconds: 0.25
# start_time = Jun 15 2026 12:16:07 [Instrument's time stamp, header]
# bad_flag = -9.990e-29
*END*
[from data line 193]
     -0.083      0.004    10.3104    116.718     38.844  38.337113     2.6931     11.829    56.2803 9.4556e+01     7.3027     -0.081     -0.118    24.3591 0.0000e+00
     -0.082      0.003    10.1017    116.171     38.867  38.354921     2.6697     11.831    56.3886 9.3732e+01     7.2362     -0.081     -0.117    24.3547 0.0000e+00
     -0.081      0.002     9.9359    115.799     38.890  38.373171     2.6585     11.834    56.4360 9.0621e+01     7.2295     -0.079     -0.116    24.3513 0.0000e+00
     -0.079      0.001     9.8198    115.518     38.887  38.367398     2.6661     11.837    56.3365 8.6997e+01     7.3235     -0.077     -0.112    24.3470 0.0000e+00
     -0.079      0.001     9.7512    115.339     38.871  38.348572     2.6862     11.841    56.2181 8.6039e+01     7.4508     -0.077     -0.111    24.3418 0.0000e+00
     -0.080      0.001     9.7127    115.274     38.861  38.335914     2.6856     11.842    56.3809 8.6263e+01     7.4019     -0.078     -0.113    24.3356 0.0000e+00
     -0.082      0.001     9.6851    115.274     38.868  38.341265     2.6595     11.842    56.6702 8.8653e+01     7.2112     -0.080     -0.118    24.3296 0.0000e+00
     -0.082      0.001     9.6611    115.299     38.878  38.349809     2.6455     11.843    56.8771 9.1077e+01     7.1263     -0.081     -0.118    24.3252 0.0000e+00
     -0.080      0.001     9.6456    115.332     38.906  38.375764     2.6574     11.846    56.9901 8.8761e+01     7.1948     -0.079     -0.113    24.3215 0.0000e+00
     -0.078      0.001     9.6434    115.339     38.933  38.401252     2.6781     11.849    57.0033 8.5632e+01     7.3214     -0.076     -0.110    24.3188 0.0000e+00
     -0.077      0.001     9.6446    115.306     38.937  38.404152     2.6712     11.851    57.0366 8.6089e+01     7.3252     -0.075     -0.109    24.3175 0.0000e+00
     -0.078      0.000     9.6471    115.276     38.942  38.410823     2.6410     11.853    57.0486 8.8501e+01     7.2065     -0.077     -0.111    24.3152 0.0000e+00
     -0.080      0.000     9.6517    115.276     38.946  38.418456     2.6295     11.855    56.8042 8.7741e+01     7.1845     -0.079     -0.113    24.3122 0.0000e+00
     -0.080      0.001     9.6538    115.296     38.952  38.432982     2.6477     11.859    56.4908 8.6212e+01     7.2981     -0.079     -0.114    24.3101 0.0000e+00
     -0.080      0.004     9.6489    115.345     38.964  38.459559     2.6779     11.862    56.6151 8.6298e+01     7.3851     -0.079     -0.114    24.3093 0.0000e+00
     -0.080      0.006     9.6450    115.427     38.974  38.485994     2.6865     11.863    57.1885 8.3430e+01     7.4168     -0.080     -0.115    24.3112 0.0000e+00
     -0.078      0.006     9.6457    115.518     38.974  38.498799     2.6691     11.863    57.9169 8.0320e+01     7.5106     -0.079     -0.114    24.3155 0.0000e+00
     -0.073      0.002     9.6446    115.583     38.955  38.487479     2.6589     11.863    58.5393 7.8920e+01     7.5628     -0.073     -0.105    24.3248 0.0000e+00
     -0.067     -0.003     9.6450    115.607     38.943  38.476057     2.6714     11.866    58.6052 7.8670e+01     7.5348     -0.064     -0.093    24.3456 0.0000e+00
     -0.067     -0.008     9.6479    115.575     38.958  38.487605     2.6786     11.868    58.1973 8.0970e+01     7.4799     -0.064     -0.092    24.3702 0.0000e+00
     -0.075     -0.010     9.6542    115.491     38.973  38.500193     2.6624     11.870    57.9950 8.2237e+01     7.3087     -0.072     -0.104    24.3877 0.0000e+00
     -0.086     -0.010     9.6575    115.393     38.973  38.501336     2.6594     11.872    58.2241 8.2787e+01     7.2067     -0.086     -0.124    24.3968 0.0000e+00
     -0.093     -0.010     9.6608    115.335     38.970  38.501430     2.6671     11.873    58.7312 8.5302e+01     7.2377     -0.094     -0.138    24.3957 0.0000e+00
     -0.091     -0.007     9.6589    115.324     38.968  38.501325     2.6720     11.875    59.1355 8.7345e+01     7.2742     -0.091     -0.132    24.3894 0.0000e+00
     -0.086     -0.002     9.6515    115.300     38.967  38.500077     2.6769     11.876    59.1552 8.6815e+01     7.3052     -0.083     -0.120    24.3865 0.0000e+00
     -0.084      0.001     9.6410    115.276     38.954  38.486336     2.6601     11.878    58.8830 8.4296e+01     7.2717     -0.081     -0.118    24.3885 0.0000e+00
     -0.086      0.002     9.6339    115.293     38.931  38.462097     2.6518     11.880    58.5118 8.1422e+01     7.3135     -0.084     -0.121    24.3929 0.0000e+00
     -0.088      0.001     9.6373    115.316     38.932  38.460839     2.6597     11.882    58.4525 8.0004e+01     7.3657     -0.087     -0.125    24.3956 0.0000e+00
     -0.089      0.000     9.6334    115.321     38.944  38.471119     2.6639     11.885    58.6817 8.0226e+01     7.3225     -0.087     -0.127    24.3952 0.0000e+00
     -0.088      0.000     9.6293    115.315     38.935  38.459469     2.6697     11.888    58.8745 7.9777e+01     7.3375     -0.086     -0.125    24.3942 0.0000e+00
     -0.086      0.001     9.6333    115.294     38.926  38.446891     2.6544     11.890    59.0622 7.9894e+01     7.3082     -0.084     -0.122    24.3926 0.0000e+00
     -0.085      0.001     9.6366    115.267     38.927  38.445955     2.6456     11.892    59.1455 8.2964e+01     7.3101     -0.083     -0.121    24.3902 0.0000e+00
     -0.085      0.001     9.6364    115.277     38.930  38.448150     2.6711     11.893    59.1069 8.3892e+01     7.4286     -0.084     -0.121    24.3874 0.0000e+00
     -0.086      0.001     9.6374    115.340     38.956  38.473427     2.6968     11.894    59.1110 8.1504e+01     7.4775     -0.085     -0.122    24.3828 0.0000e+00
     -0.087      0.001     9.6365    115.433     38.980  38.497751     2.6896     11.895    59.1950 8.1670e+01     7.4226     -0.085     -0.124    24.3781 0.0000e+00
     -0.087      0.002     9.6324    115.515     38.969  38.488417     2.6595     11.896    59.4350 8.4207e+01     7.3116     -0.086     -0.125    24.3757 0.0000e+00
     -0.086      0.002     9.6334    115.562     38.966  38.487482     2.6496     11.897    59.8622 8.7399e+01     7.2969     -0.085     -0.122    24.3744 0.0000e+00
     -0.083      0.001     9.6396    115.595     38.963  38.486452     2.6528     11.900    60.3159 8.8579e+01     7.3812     -0.082     -0.117    24.3735 0.0000e+00
     -0.082      0.001     9.6481    115.607     38.952  38.475965     2.6484     11.902    60.6186 8.5287e+01     7.4077     -0.080     -0.115    24.3750 0.0000e+00
     -0.083      0.000     9.6564    115.607     38.962  38.487596     2.6304     11.902    60.7690 8.3867e+01     7.3794     -0.081     -0.117    24.3780 0.0000e+00
     -0.084     -0.001     9.6576    115.648     38.973  38.500181     2.6098     11.903    60.9301 8.7636e+01     7.3808     -0.083     -0.120    24.3802 0.0000e+00
     -0.086     -0.001     9.6607    115.694     38.971  38.501212     2.6243     11.904    61.1893 8.9828e+01     7.4921     -0.085     -0.123    24.3822 0.0000e+00
     -0.086     -0.001     9.6629    115.684     38.966  38.500057     2.6637     11.904    61.4942 8.8182e+01     7.6329     -0.085     -0.123    24.3833 0.0000e+00
     -0.085      0.000     9.6580    115.644     38.948  38.486230     2.6942     11.905    61.7777 8.7671e+01     7.6824     -0.084     -0.121    24.3845 0.0000e+00
     -0.084 3.7255e-08     9.6635    115.627     38.920  38.460951     2.6931     11.907    61.9494 8.8526e+01     7.6118     -0.083     -0.120    24.3876 0.0000e+00
     -0.084 4.0981e-07     9.6699    115.644     38.906  38.448251     2.6676     11.909    62.0218 8.7386e+01     7.5306     -0.082     -0.119    24.3907 0.0000e+00
     -0.084      0.000     9.6661    115.648     38.917  38.459590     2.6681     11.910    62.1366 8.5277e+01     7.5893     -0.083     -0.120    24.3957 0.0000e+00
     -0.085      0.000     9.6602    115.623     38.928  38.471127     2.6919     11.911    62.3041 8.6439e+01     7.6721     -0.083     -0.120    24.4022 0.0000e+00
     -0.085      0.001     9.6570    115.611     38.917  38.460829     2.6884     11.914    62.4127 8.8215e+01     7.6094     -0.084     -0.122    24.4054 0.0000e+00
     -0.084      0.001     9.6610    115.600     38.917  38.461991     2.6594     11.916    62.4177 8.7273e+01     7.4808     -0.083     -0.121    24.4059 0.0000e+00
     -0.084      0.001     9.6622    115.571     38.941  38.485179     2.6409     11.919    62.4501 8.6133e+01     7.4835     -0.083     -0.120    24.4058 0.0000e+00
     -0.083      0.001     9.6567    115.541     38.944  38.487374     2.6558     11.921    62.5470 8.6042e+01     7.6077     -0.082     -0.119    24.4066 0.0000e+00
     -0.083      0.001     9.6572    115.518     38.945  38.488527     2.6905     11.922    62.7287 8.7103e+01     7.6506     -0.081     -0.117    24.4085 0.0000e+00
     -0.083      0.000     9.6567    115.484     38.955  38.499120     2.6777     11.923    63.0115 8.7115e+01     7.4900     -0.081     -0.118    24.4095 0.0000e+00
     -0.083      0.000     9.6533    115.419     38.944  38.488538     2.6177     11.924    62.9552 8.6751e+01     7.2709     -0.082     -0.119    24.4097 0.0000e+00
     -0.083      0.000     9.6508    115.341     38.942  38.487489     2.5882     11.926    62.2203 8.8148e+01     7.2554     -0.082     -0.118    24.4084 0.0000e+00
     -0.083      0.003     9.6491    115.308     38.940  38.486449     2.6048     11.930    61.0950 8.8639e+01     7.3711     -0.082     -0.119    24.4077 0.0000e+00
     -0.084      0.010     9.6479    115.368     38.930  38.475962     2.6186     11.934    60.2767 8.8034e+01     7.4742     -0.082     -0.119    24.4088 0.0000e+00
     -0.084      0.018     9.6411    115.464     38.942  38.487604     2.6044     11.936    60.0692 8.7658e+01     7.6142     -0.084     -0.121    24.4094 0.0000e+00
     -0.081      0.024     9.6330    115.515     38.955  38.500294     2.6080     11.936    59.8774 8.6954e+01     7.7652     -0.082     -0.119    24.4108 0.0000e+00
     -0.071      0.027     9.6273    115.550     38.958  38.502479     2.6295     11.937    59.0758 8.6828e+01     7.8996     -0.071     -0.103    24.4120 0.0000e+00
     -0.056      0.029     9.6342    115.575     38.970  38.514026     2.6480     11.941    57.4332 8.6526e+01     7.9761     -0.054     -0.078    24.4113 0.0000e+00
     -0.044      0.029     9.6480    115.587     38.969  38.512986     2.6726     11.944    55.5893 8.5520e+01     7.9043     -0.040     -0.057    24.4101 0.0000e+00
     -0.039      0.029     9.6479    115.632     38.947  38.489911     2.6701     11.945    54.7635 8.4997e+01     7.7486     -0.037     -0.053    24.4103 0.0000e+00
     -0.039      0.027     9.6515    115.657     38.947  38.488853     2.6669     11.945    54.5901 8.5162e+01     7.7328     -0.040     -0.058    24.4100 0.0000e+00
     -0.035      0.023     9.6561    115.612     38.960  38.500192     2.6926     11.946    54.3531 8.5605e+01     7.8840     -0.038     -0.055    24.4090 0.0000e+00
     -0.026      0.018     9.6515    115.578     38.960  38.500088     2.7062     11.947    54.7369 8.6178e+01     7.9720     -0.026     -0.038    24.4087 0.0000e+00
     -0.015      0.013     9.6596    115.605     38.947  38.487606     2.6903     11.947    56.0472 8.7196e+01     7.8748     -0.011     -0.018    24.4080 0.0000e+00
     -0.009      0.004     9.6652    115.627     38.935  38.476181     2.6584     11.949    57.5481 8.7270e+01     7.6993     -0.005     -0.009    24.4062 0.0000e+00
     -0.010     -0.009     9.6565    115.580     38.949  38.488864     2.6454     11.952    58.6871 8.5765e+01     7.6261     -0.008     -0.012    24.4049 0.0000e+00
     -0.015     -0.024     9.6522    115.511     38.974  38.514038     2.6490     11.954    59.4081 8.4914e+01     7.6047     -0.015     -0.022    24.4043 0.0000e+00
     -0.024     -0.037     9.6572    115.483     38.987  38.526729     2.6512     11.957    59.6414 8.6974e+01     7.5422     -0.023     -0.033    24.4044 0.0000e+00
     -0.037     -0.042     9.6627    115.502     38.974  38.515399     2.6393     11.960    59.1849 8.9565e+01     7.4515     -0.035     -0.051    24.4046 0.0000e+00
     -0.054     -0.034     9.6556    115.577     38.962  38.503965     2.6051     11.960    57.8457 9.1632e+01     7.2938     -0.053     -0.077    24.4035 0.0000e+00
     -0.070     -0.013     9.6474    115.684     38.973  38.515398     2.5958     11.955    56.2692 9.5067e+01     7.2758     -0.070     -0.102    24.4029 0.0000e+00
     -0.082      0.013     9.6465    115.767     38.985  38.526718     2.6184     11.950    55.5241 9.7569e+01     7.4387     -0.083     -0.121    24.4038 0.0000e+00
     -0.080      0.038     9.6458    115.767     38.971  38.513912     2.6363     11.948    55.2893 9.5539e+01     7.5550     -0.088     -0.127    24.4056 0.0000e+00
     -0.055      0.057     9.6536    115.690     38.945  38.487480     2.6376     11.950    54.7211 8.8815e+01     7.5892     -0.062     -0.090    24.4073 0.0000e+00
     -0.015      0.069     9.6637    115.608     38.920  38.460963     2.6424     11.953    53.9032 8.3925e+01     7.5111     -0.008     -0.012    24.4072 0.0000e+00
      0.014      0.071     9.6731    115.561     38.908  38.447119     2.6776     11.954    53.2295 8.6775e+01     7.4301      0.023      0.033    24.4069 0.0000e+00
      0.024      0.061     9.6733    115.570     38.909  38.447006     2.7058     11.955    52.7708 9.3825e+01     7.3946      0.024      0.034    24.4079 0.0000e+00
      0.029      0.044     9.6629    115.637     38.923  38.459592     2.7002     11.958    52.4005 1.0031e+02     7.3565      0.026      0.037    24.4076 0.0000e+00
      0.039      0.027     9.6564    115.726     38.937  38.472377     2.6682     11.962    52.1937 1.0361e+02     7.3443      0.038      0.055    24.4053 0.0000e+00
      0.047      0.017     9.6523    115.819     38.941  38.474684     2.6270     11.964    52.2500 1.0297e+02     7.3503      0.050      0.072    24.4022 0.0000e+00
      0.047      0.014     9.6529    115.929     38.955  38.487481     2.6182     11.964    52.4786 1.0073e+02     7.3943      0.048      0.069    24.3999 0.0000e+00
      0.045      0.011     9.6605    116.037     38.969  38.500181     2.6287     11.964    52.8061 9.9730e+01     7.3635      0.041      0.060    24.3984 0.0000e+00
      0.046      0.006     9.6690    116.094     38.972  38.501326     2.6200     11.965    51.9087 1.0220e+02     7.2863      0.042      0.061    24.3966 0.0000e+00
      0.052      0.002     9.6759    116.084     38.972  38.501326     2.5965     11.966    46.6187 1.0625e+02     7.3489      0.050      0.073    24.3954 0.0000e+00
      0.057      0.001     9.6853    115.992     38.971  38.500182     2.5942     11.967    42.7916 1.0902e+02     7.5054      0.059      0.086    24.3939 0.0000e+00
      0.056      0.001     9.6984    115.887     38.958  38.487492     2.6255     11.968    42.2017 1.0872e+02     7.6415      0.058      0.083    24.3917 0.0000e+00
      0.050      0.000     9.7013    115.823     38.945  38.474811     2.6336     11.968    41.8101 1.0826e+02     7.6619      0.048      0.069    24.3905 0.0000e+00
      0.046     -0.003     9.7033    115.756     38.944  38.473761     2.6011     11.968    46.0579 1.1006e+02     7.4788      0.042      0.062    24.3903 0.0000e+00
      0.047     -0.004     9.6931    115.719     38.946  38.474801     2.5821     11.969    49.8537 1.1056e+02     7.2380      0.045      0.066    24.3902 0.0000e+00
      0.051     -0.003     9.6792    115.723     38.960  38.487389     2.5955     11.971    51.3097 1.0991e+02     7.2098      0.051      0.074    24.3900 0.0000e+00
      0.051     -0.001     9.6810    115.752     38.973  38.499039     2.6210     11.973    52.2198 1.0968e+02     7.3424      0.052      0.075    24.3901 0.0000e+00
      0.049      0.001     9.6699    115.827     38.963  38.488740     2.6248     11.974    52.1673 1.1035e+02     7.3732      0.047      0.069    24.3902 0.0000e+00
