Data/DataNotYetUploadedToEDI/Raw_CTD/RawDownloads/061526_bvr50_S8188021.cnv
* Sea-Bird SBE19plus  Data File:
* FileName = C:\R\Reservoirs\Data\DataNotYetUploadedToEDI\Raw_CTD\RawDownloads\062526_ccr50_S8188_0021.hex
* Software version 2.8.0.119
* Temperature SN = 8188
* Conductivity SN = 8188
* System UpLoad Time = Jun 29 2026 18:17:21
* <ApplicationData>
* <Seaterm232>
# nquan = 16
# nvalues = 1273                        
# units = specified
# name 0 = depFM: Depth [fresh water, m]
# name 1 = dz/dtM: Descent Rate [m/s]
# name 2 = sbeox0Mg/L: Oxygen, SBE 43 [mg/l]
# name 3 = sbeox0PS: Oxygen, SBE 43 [% saturation]
# name 4 = specc: Specific Conductance [uS/cm]
# name 5 = c0uS/cm: Conductivity [uS/cm]
# name 6 = wetCDOM: Fluorescence, WET Labs CDOM [mg/m^3]
# name 7 = flECO-AFL: Fluorescence, WET Labs ECO-AFL/FL [mg/m^3]
# name 8 = flECO-AFL1: Fluorescence, WET Labs ECO-AFL/FL, 2 [mg/m^3]
# name 9 = flECO-AFL2: Fluorescence, WET Labs ECO-AFL/FL, 3 [mg/m^3]
# name 10 = par/sat/log: PAR/Logarithmic, Satlantic
# name 11 = turbWETntu0: Turbidity, WET Labs ECO [NTU]
# name 12 = prdM: Pressure, Strain Gauge [db]
# name 13 = prdE: Pressure, Strain Gauge [psi]
# name 14 = tv290C: Temperature [ITS-90, deg C]
# name 15 = flag:  0.000e+00
# span 0 =     -0.773,      5.245       
# span 1 =     -0.209,      0.253       
# span 2 =     4.8961,     8.3039       
# span 3 =     57.212,    100.078       
# span 4 =      3.436,     91.388       
# span 5 =   3.231316,  72.640711       
# span 6 =    -4.5000,    35.4600       
# span 7 =    -1.3222,    13.8186       
# span 8 =    -4.6860,     2.3430       
# span 9 =    -7.2333,    16.4124       
# span 10 = 1.1582e-01, 2.5699e+03      
# span 11 =    -6.2766,   131.2071      
# span 12 =     -0.758,      5.143      
# span 13 =     -1.100,      7.460      
# span 14 =    14.6897,    25.3986      
# span 15 = 0.0000e+00, 0.0000e+00      
# interval = seconds: 0.25
# start_time = Jun 15 2026 10:25:55 [Instrument's time stamp, header]
# bad_flag = -9.990e-29
*END*
[from data line 181]
      0.561      0.000     8.2025     98.524     38.880  38.562177    19.1700     3.0495     0.2130     3.9339 3.1918e+02     7.3041      0.550      0.799    24.5799 0.0000e+00
      0.561      0.001     8.2029     98.536     38.911  38.594912    19.1700     3.0305     0.2130     3.9339 3.0567e+02     7.3041      0.550      0.799    24.5809 0.0000e+00
      0.562      0.001     8.2029     98.547     38.932  38.617498    19.0800     3.0495     0.1278     4.0185 2.8273e+02     7.3192      0.551      0.799    24.5821 0.0000e+00
      0.562      0.002     8.2027     98.548     38.929  38.616037    19.0800     3.0381     0.1278     4.0185 3.2576e+02     7.5005      0.551      0.800    24.5833 0.0000e+00
      0.563      0.003     8.2028     98.545     38.905  38.594122    19.0800     3.0495     0.1278     4.0185 3.0627e+02     7.5760      0.552      0.801    24.5849 0.0000e+00
      0.564      0.003     8.2034     98.552     38.875  38.565835    19.0800     3.0457     0.1278     4.0185 3.0223e+02     7.4401      0.552      0.802    24.5872 0.0000e+00
      0.564      0.004     8.2038     98.569     38.851  38.543554    19.1700     3.0686     0.1704     3.8070 3.2725e+02     7.6062      0.553      0.803    24.5901 0.0000e+00
      0.566      0.005     8.2035     98.592     38.840  38.533292    19.1700     3.0381     0.1704     3.8070 2.9858e+02     7.3192      0.554      0.805    24.5928 0.0000e+00
      0.567      0.005     8.2030     98.617     38.838  38.532314    19.1700     3.0381     0.1704     3.8070 3.2287e+02     7.3192      0.556      0.807    24.5949 0.0000e+00
      0.569      0.006     8.2034     98.641     38.833  38.528403    19.1700     3.0457     0.1704     3.8070 2.8563e+02     7.2437      0.558      0.809    24.5965 0.0000e+00
      0.571      0.006     8.2046     98.665     38.820  38.516533    19.1700     3.0495     0.2130     4.0185 3.0914e+02     7.3343      0.559      0.812    24.5978 0.0000e+00
      0.572      0.005     8.2063     98.686     38.808  38.505493    19.1700     3.0724     0.2130     4.0185 3.0020e+02     7.3343      0.561      0.814    24.5991 0.0000e+00
      0.573      0.005     8.2082     98.704     38.807  38.504292    19.1700     3.0648     0.2130     4.0185 2.9916e+02     7.3796      0.562      0.815    24.6004 0.0000e+00
      0.574      0.004     8.2100     98.718     38.815  38.512611    19.1700     3.0724     0.2130     4.0185 2.9864e+02     7.3494      0.563      0.817    24.6016 0.0000e+00
      0.575      0.004     8.2118     98.729     38.826  38.524698    19.0800     3.0381     0.1704     3.8916 3.0171e+02     7.3343      0.564      0.818    24.6027 0.0000e+00
      0.576      0.004     8.2134     98.736     38.837  38.535808    19.0800     3.0076     0.1704     3.8916 2.9172e+02     7.1833      0.565      0.820    24.6037 0.0000e+00
      0.577      0.003     8.2147     98.740     38.841  38.540932    19.0800     3.0037     0.1704     3.8916 3.0667e+02     7.2739      0.566      0.821    24.6045 0.0000e+00
      0.578      0.003     8.2158     98.742     38.837  38.537454    19.0800     2.9732     0.1704     3.8916 3.0151e+02     7.3192      0.566      0.822    24.6054 0.0000e+00
      0.579      0.002     8.2166     98.740     38.823  38.524446    19.0800     2.9847     0.1704     3.8916 3.1022e+02     7.3041      0.567      0.823    24.6064 0.0000e+00
      0.579      0.002     8.2170     98.735     38.801  38.502423    19.1700     3.0343     0.1704     3.9762 2.9799e+02     7.5005      0.567      0.823    24.6073 0.0000e+00
      0.579      0.001     8.2173     98.727     38.776  38.477467    19.1700     3.0686     0.1704     3.9762 3.1484e+02     7.6213      0.568      0.824    24.6081 0.0000e+00
      0.580      0.000     8.2173     98.721     38.758  38.458861    19.1700     3.0305     0.1704     3.9762 3.0847e+02     7.5911      0.568      0.824    24.6087 0.0000e+00
      0.580     -0.001     8.2171     98.715     38.749  38.449615    19.1700     3.0305     0.1704     3.9762 3.0368e+02     7.5005      0.568      0.825    24.6091 0.0000e+00
      0.579     -0.001     8.2167     98.708     38.744  38.443276    19.0800     2.9236     0.1704     3.9762 3.2562e+02     7.4703      0.568      0.824    24.6092 0.0000e+00
      0.579     -0.002     8.2161     98.698     38.739  38.438155    19.0800     2.9084     0.1704     3.9762 3.0263e+02     7.5005      0.568      0.824    24.6089 0.0000e+00
      0.578     -0.002     8.2156     98.686     38.743  38.440856    19.0800     2.9084     0.1704     3.9762 3.2839e+02     7.5760      0.567      0.823    24.6083 0.0000e+00
      0.578     -0.002     8.2153     98.670     38.755  38.452098    19.0800     2.9160     0.1704     3.9762 3.0283e+02     7.4703      0.566      0.822    24.6074 0.0000e+00
      0.577     -0.001     8.2148     98.656     38.771  38.466910    19.1700     3.0495     0.1704     3.9762 3.3083e+02     7.7875      0.565      0.821    24.6065 0.0000e+00
      0.577     -0.001     8.2141     98.644     38.782  38.477288    19.1700     3.0495     0.1704     3.9762 3.0289e+02     7.7875      0.565      0.820    24.6054 0.0000e+00
      0.577      0.001     8.2133     98.637     38.783  38.478030    19.1700     3.0381     0.1704     3.9762 3.2078e+02     7.8630      0.565      0.820    24.6043 0.0000e+00
      0.577      0.002     8.2122     98.640     38.783  38.477304    19.1700     3.0457     0.1704     3.9762 3.0773e+02     7.8026      0.565      0.820    24.6030 0.0000e+00
      0.578      0.003     8.2111     98.655     38.784  38.478900    19.1700     3.0457     0.1704     3.9762 3.1191e+02     7.8026      0.566      0.821    24.6020 0.0000e+00
      0.579      0.004     8.2103     98.678     38.781  38.475275    19.1700     3.0343     0.1278     3.9762 3.1286e+02     7.7271      0.567      0.823    24.6012 0.0000e+00
      0.580      0.004     8.2098     98.703     38.771  38.465461    19.1700     3.0381     0.1278     3.9762 3.0981e+02     7.8328      0.568      0.824    24.6006 0.0000e+00
      0.581      0.003     8.2101     98.726     38.757  38.450827    19.1700     3.0724     0.1278     3.9762 3.4031e+02     7.7422      0.569      0.826    24.6001 0.0000e+00
      0.582      0.003     8.2114     98.745     38.738  38.431454    19.1700     2.9885     0.1278     3.9762 3.0481e+02     7.5911      0.570      0.827    24.5997 0.0000e+00
      0.582      0.002     8.2134     98.762     38.721  38.414131    19.1700     2.9809     0.1704     3.9339 3.1463e+02     7.5005      0.571      0.828    24.5995 0.0000e+00
      0.583      0.001     8.2155     98.772     38.713  38.406192    19.1700     2.9580     0.1704     3.9339 3.0237e+02     7.4250      0.571      0.829    24.5993 0.0000e+00
      0.583      0.000     8.2174     98.769     38.718  38.409504    19.1700     2.9809     0.1704     3.9339 3.3314e+02     7.5307      0.571      0.829    24.5991 0.0000e+00
      0.582     -0.001     8.2191     98.757     38.730  38.420967    19.1700     3.0457     0.1704     3.9339 2.9767e+02     7.3343      0.571      0.828    24.5986 0.0000e+00
      0.582     -0.002     8.2207     98.740     38.742  38.431682    19.0800     3.0305     0.1704     3.9762 3.0428e+02     7.3041      0.571      0.828    24.5977 0.0000e+00
      0.581     -0.002     8.2217     98.718     38.747  38.436539    19.0800     3.0305     0.1704     3.9762 3.0941e+02     7.2890      0.570      0.827    24.5966 0.0000e+00
      0.580     -0.002     8.2216     98.693     38.751  38.440816    19.0800     3.0495     0.1704     3.9762 2.9722e+02     7.3041      0.569      0.826    24.5955 0.0000e+00
      0.580     -0.001     8.2207     98.669     38.756  38.445654    19.0800     2.9542     0.1704     3.9762 3.2147e+02     7.3192      0.569      0.825    24.5945 0.0000e+00
      0.579     -0.001     8.2194     98.652     38.759  38.448359    19.1700     2.9770     0.1278     3.9762 3.0040e+02     7.3796      0.568      0.824    24.5938 0.0000e+00
      0.579      0.000     8.2177     98.644     38.760  38.449652    19.1700     2.9809     0.1278     3.9762 3.2647e+02     7.3645      0.568      0.824    24.5933 0.0000e+00
      0.580      0.001     8.2156     98.646     38.759  38.449878    19.1700     2.9656     0.1278     3.9762 2.9159e+02     7.3343      0.568      0.824    24.5931 0.0000e+00
      0.580      0.002     8.2136     98.657     38.766  38.457067    19.1700     3.0610     0.1278     3.9762 3.0988e+02     7.3343      0.569      0.825    24.5933 0.0000e+00
      0.581      0.003     8.2121     98.673     38.782  38.473135    19.1700     3.0724     0.1278     3.9762 2.7737e+02     7.3041      0.570      0.827    24.5937 0.0000e+00
      0.582      0.003     8.2114     98.695     38.787  38.478460    19.0800     3.0572     0.2130     3.9339 2.7749e+02     7.2739      0.571      0.828    24.5943 0.0000e+00
      0.583      0.003     8.2115     98.718     38.770  38.462507    19.0800     3.0381     0.2130     3.9339 3.0184e+02     7.3343      0.572      0.829    24.5949 0.0000e+00
      0.584      0.003     8.2122     98.737     38.747  38.440946    19.0800     3.0305     0.2130     3.9339 2.4860e+02     7.1833      0.572      0.831    24.5954 0.0000e+00
      0.585      0.003     8.2135     98.751     38.730  38.423965    19.0800     3.0381     0.2130     3.9339 2.6610e+02     7.2890      0.573      0.832    24.5961 0.0000e+00
      0.585      0.003     8.2152     98.764     38.712  38.407037    19.0800     3.0572     0.1278     3.9762 2.3736e+02     7.3343      0.574      0.833    24.5970 0.0000e+00
      0.586      0.003     8.2170     98.777     38.699  38.393617    19.0800     3.0381     0.1278     3.9762 2.5368e+02     7.3192      0.575      0.834    24.5979 0.0000e+00
      0.587      0.003     8.2184     98.791     38.697  38.392080    19.0800     3.0381     0.1278     3.9762 2.2935e+02     7.4854      0.576      0.835    24.5986 0.0000e+00
      0.588      0.003     8.2195     98.806     38.711  38.406000    19.0800     3.0343     0.1278     3.9762 2.5324e+02     7.4854      0.577      0.837    24.5992 0.0000e+00
      0.589      0.003     8.2205     98.817     38.732  38.427137    19.1700     3.0381     0.1704     3.9339 2.3059e+02     7.5307      0.578      0.838    24.5998 0.0000e+00
      0.590      0.002     8.2215     98.820     38.745  38.441203    19.1700     3.0533     0.1704     3.9339 2.4682e+02     7.5307      0.579      0.839    24.6003 0.0000e+00
      0.590      0.002     8.2226     98.817     38.747  38.443979    19.1700     2.9732     0.1704     3.9339 2.2900e+02     7.5458      0.579      0.840    24.6005 0.0000e+00
      0.591      0.001     8.2238     98.813     38.743  38.440192    19.1700     2.9770     0.1704     3.9339 2.2761e+02     7.5911      0.579      0.840    24.6007 0.0000e+00
      0.591      0.001     8.2247     98.808     38.740  38.436799    19.1700     2.9656     0.1704     3.9762 2.5964e+02     7.4854      0.579      0.840    24.6011 0.0000e+00
      0.591      0.002     8.2248     98.806     38.743  38.440866    19.1700     3.0190     0.1704     3.9762 2.3311e+02     7.5760      0.579      0.841    24.6019 0.0000e+00
      0.592      0.002     8.2245     98.812     38.751  38.449493    19.1700     3.0305     0.1704     3.9762 2.6656e+02     7.2739      0.580      0.841    24.6026 0.0000e+00
      0.592      0.002     8.2241     98.824     38.750  38.449042    19.1700     3.0495     0.1704     3.9762 2.5445e+02     7.3041      0.581      0.842    24.6030 0.0000e+00
      0.593      0.002     8.2236     98.838     38.739  38.439392    19.1700     3.0572     0.1704     3.9762 2.6311e+02     7.2739      0.581      0.843    24.6032 0.0000e+00
      0.593      0.001     8.2235     98.849     38.733  38.433909    19.0800     3.0572     0.1704     3.9762 2.8681e+02     7.3645      0.582      0.844    24.6035 0.0000e+00
      0.594      0.001     8.2239     98.851     38.737  38.439099    19.0800     3.0305     0.1704     3.9762 2.6598e+02     7.5609      0.582      0.844    24.6042 0.0000e+00
      0.594      0.000     8.2247     98.845     38.745  38.448378    19.0800     3.0343     0.1704     3.9762 2.7112e+02     7.6062      0.582      0.844    24.6053 0.0000e+00
      0.594      0.000     8.2256     98.833     38.747  38.452267    19.0800     3.0495     0.1704     3.9762 2.4591e+02     7.4703      0.582      0.844    24.6066 0.0000e+00
      0.594      0.001     8.2263     98.819     38.741  38.447817    19.0800     3.0686     0.1278     3.9339 2.6049e+02     7.5609      0.582      0.844    24.6079 0.0000e+00
      0.594      0.001     8.2262     98.806     38.734  38.441811    19.0800     3.2097     0.1278     3.9339 2.2330e+02     7.5609      0.582      0.844    24.6095 0.0000e+00
      0.594      0.002     8.2254     98.799     38.736  38.444601    19.0800     3.2097     0.1278     3.9339 2.3746e+02     7.3947      0.582      0.845    24.6114 0.0000e+00
      0.595      0.002     8.2242     98.800     38.743  38.452948    19.0800     3.2288     0.1278     3.9339 2.4768e+02     7.6213      0.583      0.846    24.6134 0.0000e+00
      0.595      0.003     8.2228     98.808     38.746  38.457122    19.1700     3.2250     0.1704     3.9762 2.6282e+02     7.5911      0.584      0.847    24.6151 0.0000e+00
      0.596      0.003     8.2214     98.819     38.746  38.458237    19.1700     3.1449     0.1704     3.9762 2.8625e+02     7.2890      0.584      0.848    24.6164 0.0000e+00
      0.597      0.004     8.2206     98.830     38.747  38.460576    19.1700     3.1945     0.1704     3.9762 2.7955e+02     7.3041      0.585      0.849    24.6177 0.0000e+00
      0.598      0.005     8.2205     98.843     38.755  38.468747    19.1700     3.1602     0.1704     3.9762 2.7396e+02     7.3947      0.586      0.850    24.6192 0.0000e+00
      0.599      0.006     8.2210     98.857     38.778  38.492897    19.1700     3.1487     0.1704     3.9762 3.0481e+02     7.3041      0.587      0.852    24.6208 0.0000e+00
      0.600      0.007     8.2217     98.874     38.811  38.527513    19.0800     3.1144     0.1704     4.1031 2.6761e+02     7.5458      0.589      0.854    24.6223 0.0000e+00
      0.603      0.009     8.2224     98.895     38.835  38.553934    19.0800     3.1067     0.1704     4.1031 3.0914e+02     7.5609      0.591      0.857    24.6237 0.0000e+00
      0.605      0.011     8.2232     98.925     38.840  38.563265    19.0800     3.1220     0.1704     4.1031 2.7931e+02     7.6365      0.593      0.860    24.6250 0.0000e+00
      0.608      0.012     8.2241     98.969     38.826  38.554010    19.0800     3.1144     0.1704     4.1031 2.9026e+02     7.4099      0.596      0.864    24.6267 0.0000e+00
      0.611      0.014     8.2251     99.031     38.812  38.543625    19.2600     3.1029     0.1704     4.1877 2.7527e+02     7.5911      0.599      0.869    24.6292 0.0000e+00
      0.615      0.014     8.2263     99.110     38.826  38.561220    19.2600     3.1220     0.1704     4.1877 2.6311e+02     7.5911      0.603      0.874    24.6328 0.0000e+00
      0.619      0.014     8.2281     99.194     38.871  38.607501    19.2600     3.0991     0.1704     4.1877 2.4607e+02     7.6062      0.607      0.880    24.6377 0.0000e+00
      0.623      0.012     8.2309     99.267     38.911  38.648986    19.2600     3.1029     0.1704     4.1877 2.2920e+02     7.5307      0.611      0.887    24.6433 0.0000e+00
      0.627      0.010     8.2352     99.315     38.916  38.652906    19.3500     2.9885     0.1704     4.1031 2.2677e+02     7.5307      0.615      0.892    24.6486 0.0000e+00
      0.629      0.007     8.2412     99.339     38.894  38.628276    19.3500     2.9885     0.1704     4.1031 2.4607e+02     7.5760      0.617      0.895    24.6527 0.0000e+00
      0.630      0.004     8.2477     99.341     38.885  38.616344    19.3500     2.9809     0.1704     4.1031 2.6208e+02     7.5005      0.618      0.896    24.6556 0.0000e+00
