Data/DataNotYetUploadedToEDI/Raw_CTD/RawDownloads/061621_fcr50.cnv
* Sea-Bird SBE19plus  Data File:
* FileName = C:\R\Reservoirs\Data\DataNotYetUploadedToEDI\Raw_CTD\RawDownloads\061621_bvr_50_0002.hex
* Software version 2.8.0.119
* Temperature SN = 7809
* Conductivity SN = 7809
* System UpLoad Time = Jun 16 2021 15:09:29
* <ApplicationData>
* <Seaterm232>
# nquan = 16
# nvalues = 2055                        
# units = specified
# name 0 = depFM: Depth [fresh water, m]
# name 1 = dz/dtM: Descent Rate [m/s]
# name 2 = orp: Oxidation Reduction Potential [mV]
# name 3 = sbeox0Mg/L: Oxygen, SBE 43 [mg/l]
# name 4 = sbeox0PS: Oxygen, SBE 43 [% saturation]
# name 5 = par/sat/log: PAR/Logarithmic, Satlantic
# name 6 = ph: pH
# name 7 = specc: Specific Conductance [uS/cm]
# name 8 = c0uS/cm: Conductivity [uS/cm]
# name 9 = flECO-AFL: Fluorescence, WET Labs ECO-AFL/FL [mg/m^3]
# name 10 = turbWETntu0: Turbidity, WET Labs ECO [NTU]
# name 11 = tv290C: Temperature [ITS-90, deg C]
# name 12 = density00: Density [density, kg/m^3]
# name 13 = prdE: Pressure, Strain Gauge [psi]
# name 14 = prdM: Pressure, Strain Gauge [db]
# name 15 = flag:  0.000e+00
# span 0 =     -0.693,      9.621       
# span 1 =     -4.242,      0.126       
# span 2 = -1240.7455,   471.0702       
# span 3 =     0.5920,    14.2667       
# span 4 =      5.241,    157.045       
# span 5 = 1.2340e-01, 1.3702e+03       
# span 6 =     -2.099,     16.068       
# span 7 =      0.231,     51.901       
# span 8 =   0.231921,  53.794510       
# span 9 =    -2.4404,   265.9289       
# span 10 =    -8.1316,   936.5745      
# span 11 =     9.1385,    26.8587      
# span 12 =   996.5736,   999.8330      
# span 13 =     -0.987,     13.685      
# span 14 =     -0.680,      9.435      
# span 15 = 0.0000e+00, 0.0000e+00      
# interval = seconds: 0.25
# start_time = Jun 15 2021 04:55:10 [Instrument's time stamp, header]
# bad_flag = -9.990e-29
*END*
[from data line 1989]
      0.480     -0.092   201.1246     6.3139     74.176 7.6018e+01     15.699     37.534  33.950442     1.8168    14.4868    19.5920   998.3085      0.686      0.473 0.0000e+00
      0.458     -0.101   199.4513     6.3979     75.904 8.3850e+01     15.689     37.476  34.146493     1.8319    14.8699    19.6529   998.2961      0.655      0.453 0.0000e+00
      0.429     -0.113   198.7498     6.4921     77.652 9.2551e+01     15.681     37.472  34.364123     1.8966    15.6423    19.7331   998.2797      0.608      0.419 0.0000e+00
      0.401     -0.126   198.7523     6.5978     79.448 1.0140e+02     15.674     37.598  34.678493     1.9787    16.1347    19.8894   998.2477      0.568      0.391 0.0000e+00
      0.371     -0.138   198.5343     6.7166     81.407 1.1586e+02     15.666     37.558  34.838558     2.0238    16.2577    20.1972   998.1840      0.537      0.370 0.0000e+00
      0.331     -0.144   198.0072     6.8218     83.883 1.3683e+02     15.659     37.318  34.776852     2.0411    16.5106    20.5830   998.1026      0.476      0.328 0.0000e+00
      0.284     -0.146   197.7139     6.9371     87.057 1.5784e+02     15.656     37.199  34.757539     2.0924    16.9607    20.8629   998.0426      0.400      0.276 0.0000e+00
      0.242     -0.147   196.9665     7.0685     90.677 1.7739e+02     15.654     37.315  34.922436     2.1491    17.2368    21.0957   997.9921      0.342      0.236 0.0000e+00
      0.207     -0.149   195.4238     7.1825     94.375 1.9814e+02     15.650     37.644  35.311221     2.1733    17.3091    21.3962   997.9261      0.293      0.202 0.0000e+00
      0.174     -0.156   194.3767     7.3585     97.801 2.1669e+02     15.644     38.251  36.031809     2.1939    17.4909    21.6343   997.8730      0.246      0.169 0.0000e+00
      0.143     -0.172   194.0272     7.6378    100.786 2.3497e+02     15.635     38.851  36.845253     2.2364    17.8218    21.7324   997.8509      0.206      0.142 0.0000e+00
      0.107     -0.197   193.1775     7.9593    103.489 2.6446e+02     15.622     39.168  37.468307     2.2670    18.0141    21.7711   997.8422      0.160      0.111 0.0000e+00
      0.056     -0.227   192.2766     8.2806    106.064 4.5116e+02     15.610     39.631  38.234844     2.2780    18.0651    21.8678   997.8202      0.087      0.061 0.0000e+00
     -0.011     -0.250   192.1686     8.5611    108.471 6.1189e+02     15.598     40.321  39.196205     2.3406    18.4037    22.0399   997.7812     -0.010     -0.007 0.0000e+00
     -0.090     -0.260   191.2702     8.7572    110.770 4.5502e+02     15.587     40.480  39.635981     2.4324    19.0181    22.3656   997.7065     -0.121     -0.083 0.0000e+00
     -0.176     -0.261   189.5869     8.9042    113.300 4.2114e+02     15.579     40.153  39.554126     2.4731    19.4171    22.8373   997.5963     -0.254     -0.174 0.0000e+00
     -0.253     -0.258   191.2605     9.0603    116.323 6.3891e+02     15.574     39.913  39.476237     2.4805    19.4860    23.2511   997.4979     -0.378     -0.261 0.0000e+00
     -0.305     -0.252   196.4497     9.2066    119.393 6.3160e+02     15.570     39.507  39.202227     2.4833    19.1987    23.5839   997.4179     -0.441     -0.304 0.0000e+00
     -0.345     -0.238   202.2547     9.3227    121.769 4.9988e+02     15.568     38.924  38.716524     2.5450    16.2867    23.9745   997.3223     -0.480     -0.331 0.0000e+00
     -0.401     -0.222   205.0062     9.4596    123.053 4.8462e+02     15.570     38.099  37.856101     2.6734    10.9879    24.3053   997.2398     -0.553     -0.382 0.0000e+00
     -0.479     -0.208   201.2393     9.7046    123.005 5.2048e+02     15.578     36.940  36.477853     2.7280     8.1072    24.4452   997.2045     -0.685     -0.472 0.0000e+00
     -0.547     -0.192   196.5457     9.9638    121.823 6.4940e+02     15.592     36.218  35.378701     2.6338     7.9264    24.6090   997.1627     -0.807     -0.556 0.0000e+00
     -0.587     -0.166   195.4054    10.1245    119.903 6.4992e+02     15.611     36.012  34.719219     1.5441     8.4925    24.8014   997.1137     -0.831     -0.573 0.0000e+00
     -0.620     -0.129   196.4003    10.2546    117.022 5.0546e+02     15.630     34.454  32.818399    -0.4248     9.5622    24.7686   997.1218     -0.875     -0.602 0.0000e+00
     -0.655     -0.089   198.1633    10.3042    112.103 4.8110e+02     15.644     26.080  24.640765    -0.9821    10.1483    24.4416   997.2034     -0.949     -0.655 0.0000e+00
     -0.670     -0.057   199.2558    10.2916    103.809 5.2156e+02     15.653     13.112  12.320486     4.9537    10.2237    23.8734   997.3442     -0.957     -0.661 0.0000e+00
     -0.671     -0.035   200.0595    10.2735     92.433 4.6056e+02     15.658      6.457   6.034851    71.5635    10.6450    23.1800   997.5118     -0.954     -0.657 0.0000e+00
     -0.672     -0.017   200.5677    10.1778     80.414 2.3862e+02     15.659      5.911   5.511018   193.6679    11.4315    22.5353   997.6641     -0.957     -0.660 0.0000e+00
     -0.672     -0.005   199.2060     9.9100     70.581 8.6004e+01     15.660      5.883   5.479968   259.7355    12.3180    22.0458   997.7743     -0.955     -0.658 0.0000e+00
     -0.672     -0.000   195.5541     9.2304     64.500 7.4885e+01     15.661      5.604   5.215906   259.8012    17.8614    21.7774   997.8288     -0.957     -0.659 0.0000e+00
     -0.672 -3.030e-08   192.4628     8.1536     61.918 7.6057e+01     15.664      5.221   4.852683   194.4620    78.1810    21.6606   997.8537     -0.956     -0.659 0.0000e+00
     -0.672 -3.334e-07   191.6849     7.0097     61.647 7.5598e+01     15.667      5.133   4.763164    73.6865   188.6376    21.5993   997.8681     -0.955     -0.658 0.0000e+00
     -0.673 -3.334e-07   191.6558     6.0902     62.615 7.4900e+01     15.669      5.213   4.830506     7.8018   248.4496    21.5702   997.8742     -0.956     -0.659 0.0000e+00
     -0.673 -3.030e-08   192.6270     5.5765     64.141 7.9935e+01     15.671      5.232   4.843225     1.8938   249.0168    21.5399   997.8811     -0.957     -0.660 0.0000e+00
     -0.673 -2.755e-09   194.7379     5.4021     65.908 9.6155e+01     15.673      5.387   4.980300     1.9392   194.8431    21.4732   997.8957     -0.956     -0.659 0.0000e+00
     -0.673 -2.505e-10   195.5827     5.4183     67.633 1.3627e+02     15.675      5.655   5.220665     2.9422    94.4931    21.3821   997.9159     -0.957     -0.660 0.0000e+00
     -0.673 -2.277e-11   194.8399     5.5346     69.053 3.9444e+02     15.677      5.865   5.405098     3.4935    39.6535    21.3212   997.9293     -0.957     -0.660 0.0000e+00
     -0.672 -2.070e-12   193.8440     5.6780     70.073 8.5892e+02     15.679      5.771   5.309415     3.5213    34.5870    21.2781   997.9387     -0.956     -0.659 0.0000e+00
     -0.672 -1.882e-13   193.1789     5.8500     70.733 9.8786e+02     15.682      5.254   4.824076     3.4399    33.4747    21.2272   997.9498     -0.956     -0.659 0.0000e+00
     -0.673 -1.711e-14   193.5952     6.0226     71.241 8.7357e+02     15.686      4.612   4.225553     2.3188    25.5522    21.1597   997.9647     -0.957     -0.660 0.0000e+00
     -0.673 -1.555e-15   194.4032     6.1568     71.770 9.9282e+02     15.688      4.058   3.711673     0.2374    11.0341    21.0844   997.9812     -0.957     -0.660 0.0000e+00
     -0.673 -1.414e-16   194.6021     6.2609     72.305 1.0941e+03     15.690      3.750   3.425922    -0.8871     3.1308    20.9985   997.9998     -0.957     -0.660 0.0000e+00
     -0.673 -1.285e-17   195.3121     6.3231     72.825 8.5166e+02     15.690      3.690   3.368165    -0.9877     2.2986    20.8893   998.0232     -0.957     -0.660 0.0000e+00
     -0.673 -1.168e-18   196.7064     6.3740     73.316 6.1826e+02     15.692      3.511   3.203406    -1.1215     0.5944    20.7851   998.0455     -0.957     -0.660 0.0000e+00
     -0.673 -1.062e-19   199.3293     6.4344     73.751 5.8074e+02     15.694      3.170   2.890996    -1.3510    -2.4023    20.7172   998.0599     -0.958     -0.660 0.0000e+00
     -0.673 -9.655e-21   203.7085     6.4873     74.110 3.4896e+02     15.695      2.888   2.631836    -1.4650    -3.9618    20.6719   998.0694     -0.957     -0.660 0.0000e+00
     -0.673 -8.780e-22   207.3230     6.5384     74.385 1.1385e+02     15.696      2.651   2.414007    -1.4419    -3.8765    20.6408   998.0761     -0.957     -0.660 0.0000e+00
     -0.673 -7.980e-23   209.3911     6.5869     74.557 8.6472e+01     15.697      2.441   2.221172    -1.1572    -1.6110    20.6157   998.0815     -0.957     -0.660 0.0000e+00
     -0.673 -7.255e-24   210.9031     6.6314     74.648 8.0595e+01     15.697      2.350   2.137490    -0.6452     2.5909    20.5809   998.0887     -0.957     -0.660 0.0000e+00
     -0.673 -6.595e-25   212.0106     6.6680     74.716 7.7229e+01     15.697      2.379   2.162438    -0.3534     4.9047    20.5432   998.0966     -0.957     -0.660 0.0000e+00
     -0.673 -5.995e-26   212.6295     6.6986     74.784 7.7283e+01     15.697      2.428   2.206056    -0.2897     5.0440    20.5083   998.1041     -0.957     -0.660 0.0000e+00
     -0.673 -5.450e-27   212.7930     6.7179     74.895 7.9903e+01     15.697      2.446   2.221409    -0.1703     3.6917    20.4815   998.1097     -0.956     -0.659 0.0000e+00
     -0.673 -4.955e-28   213.2131     6.7242     75.049 8.0268e+01     15.697      2.447   2.221379     0.0220     1.1544    20.4617   998.1138     -0.957     -0.660 0.0000e+00
     -0.673 -4.505e-29   213.7515     6.7350     75.189 7.7658e+01     15.697      2.430   2.205686     0.1275    -0.1944    20.4433   998.1177     -0.957     -0.660 0.0000e+00
     -0.673 -4.095e-30   214.4846     6.7403     75.315 7.5516e+01     15.697      2.379   2.158356     0.1237    -0.3251    20.4249   998.1216     -0.957     -0.660 0.0000e+00
     -0.672 -3.723e-31   218.2906     6.7518     75.435 7.4521e+01     15.700      2.308   2.092577     0.0902    -0.3581    20.4066   998.1255     -0.956     -0.659 0.0000e+00
     -0.672 -3.385e-32   213.4811     6.7733     75.526 7.2669e+01     15.700      2.256   2.043876    -0.1626    -0.2143    20.3880   998.1294     -0.956     -0.659 0.0000e+00
     -0.672 -3.077e-33   198.1485     6.7858     75.572 6.9705e+01     15.697      2.223   2.012971    -0.6255     0.0407    20.3691   998.1333     -0.957     -0.660 0.0000e+00
     -0.672 -2.797e-34   254.5430     6.8005     75.602 6.5991e+01     15.708      2.178   1.972319    -0.8913     0.1491    20.3498   998.1373     -0.956     -0.659 0.0000e+00
     -0.672 -2.543e-35   386.5050     6.8142     75.648 6.1505e+01     15.730      2.135   1.932456    -0.9348     0.1010    20.3307   998.1413     -0.956     -0.659 0.0000e+00
     -0.672 -2.331e-36   462.9212     6.8268     75.705 5.7405e+01     15.737      2.112   1.911094    -0.9419    -0.6788    20.3106   998.1456     -0.956     -0.659 0.0000e+00
     -0.672 -4.203e-37   471.0702     6.8316     75.736 5.4385e+01     15.733      2.105   1.904088    -0.9385    -1.4163    20.2913   998.1496     -0.957     -0.660 0.0000e+00
     -0.672 -9.990e-29 -9.990e-29     6.8358 -9.990e-29 5.2587e+01 -9.990e-29 -9.990e-29 -9.990e-29 -9.990e-29 -9.990e-29    20.2699   998.1541     -0.956     -0.659 0.0000e+00
     -0.672 -9.990e-29 -9.990e-29     6.8435 -9.990e-29 5.2321e+01 -9.990e-29 -9.990e-29 -9.990e-29 -9.990e-29 -9.990e-29    20.2508   998.1581     -0.956     -0.659 0.0000e+00
     -0.673 -9.990e-29 -9.990e-29     6.8519 -9.990e-29 5.2814e+01 -9.990e-29 -9.990e-29 -9.990e-29 -9.990e-29 -9.990e-29    20.2262   998.1632     -0.957     -0.660 0.0000e+00
     -0.673 -9.990e-29 -9.990e-29     6.8611 -9.990e-29 5.3055e+01 -9.990e-29 -9.990e-29 -9.990e-29 -9.990e-29 -9.990e-29    20.2078   998.1670     -0.957     -0.660 0.0000e+00
