Data/DataNotYetUploadedToEDI/Raw_CTD/RawDownloads/061625_fcr50_S7809006.cnv
* Sea-Bird SBE19plus  Data File:
* FileName = C:\R\Reservoirs\Data\DataNotYetUploadedToEDI\Raw_CTD\RawDownloads\061625_fcr10_S7809_0006.hex
* Software version 2.8.0.119
* Temperature SN = 7809
* Conductivity SN = 7809
* System UpLoad Time = Jun 16 2025 17:27:51
* <ApplicationData>
* <Seaterm232>
# nquan = 15
# nvalues = 1803                        
# units = specified
# name 0 = depFM: Depth [fresh water, m]
# name 1 = dz/dtM: Descent Rate [m/s]
# name 2 = sbeox0Mg/L: Oxygen, SBE 43 [mg/l]
# name 3 = sbeox0PS: Oxygen, SBE 43 [% saturation]
# name 4 = specc: Specific Conductance [uS/cm]
# name 5 = c0uS/cm: Conductivity [uS/cm]
# name 6 = flECO-AFL: Fluorescence, WET Labs ECO-AFL/FL [mg/m^3]
# name 7 = ph: pH
# name 8 = orp: Oxidation Reduction Potential [mV]
# name 9 = par/sat/log: PAR/Logarithmic, Satlantic
# name 10 = turbWETntu0: Turbidity, WET Labs ECO [NTU]
# name 11 = prdM: Pressure, Strain Gauge [db]
# name 12 = prdE: Pressure, Strain Gauge [psi]
# name 13 = tv290C: Temperature [ITS-90, deg C]
# name 14 = flag:  0.000e+00
# span 0 =     -0.633,      9.683       
# span 1 =     -0.562,      0.384       
# span 2 =    -0.6431,    14.6789       
# span 3 =     -5.595,    158.861       
# span 4 =      1.007,    202.028       
# span 5 =   0.914023, 144.183606       
# span 6 =    -0.8200,    29.1915       
# span 7 =      7.709,     11.224       
# span 8 =  -137.6521,   346.9300       
# span 9 = 1.2360e-01, 6.0327e+02       
# span 10 =    -1.1881,   174.4400      
# span 11 =     -0.624,      9.498      
# span 12 =     -0.904,     13.774      
# span 13 =    10.6808,    24.6139      
# span 14 = 0.0000e+00, 0.0000e+00      
# interval = seconds: 0.25
# start_time = Jun 16 2025 12:00:57 [Instrument's time stamp, header]
# bad_flag = -9.990e-29
*END*
[from data line 1157]
      8.283      0.104     9.1690     82.784     42.028  30.073624     0.7967      7.799   227.2969 1.2378e-01     5.6772      8.120     11.776    10.8238 0.0000e+00
      8.314      0.093     9.1714     82.705     42.065  30.086292     0.7715      7.798   227.9188 1.2376e-01     5.5622      8.151     11.822    10.8186 0.0000e+00
      8.347      0.077     9.1746     82.655     42.090  30.098979     0.7319      7.798   228.3840 1.2375e-01     5.5239      8.190     11.880    10.8135 0.0000e+00
      8.370      0.059     9.1769     82.700     42.086  30.100142     0.7343      7.798   228.2760 1.2376e-01     5.5899      8.214     11.915    10.7978 0.0000e+00
      8.377      0.041     9.1782     82.838     42.075  30.100361     0.7746      7.797   228.0753 1.2382e-01     5.7110      8.217     11.919    10.7732 0.0000e+00
      8.376      0.023     9.1696     83.027     42.061  30.101626     0.7783      7.796   228.0223 1.2389e-01     5.7243      8.214     11.912    10.7548 0.0000e+00
      8.376      0.010     9.1624     83.228     42.063  30.115456     0.7286      7.795   227.9788 1.2392e-01     5.5460      8.213     11.913    10.7496 0.0000e+00
      8.377      0.003     9.1661     83.432     42.084  30.140724     0.6906      7.795   228.5820 1.2387e-01     5.3651      8.215     11.915    10.7555 0.0000e+00
      8.377      0.002     9.1818     83.620     42.091  30.153409     0.6935      7.794   229.6375 1.2376e-01     5.3812      8.215     11.915    10.7662 0.0000e+00
      8.377      0.005     9.2009     83.729     42.067  30.141970     0.7138      7.792   229.9855 1.2370e-01     5.5022      8.215     11.915    10.7801 0.0000e+00
      8.378      0.012     9.2203     83.724     42.046  30.129293     0.7447      7.792   229.7777 1.2372e-01     5.4955      8.216     11.916    10.7963 0.0000e+00
      8.379      0.024     9.2398     83.639     42.043  30.127006     0.7915      7.793   229.3630 1.2376e-01     5.3684      8.216     11.916    10.8090 0.0000e+00
      8.382      0.042     9.2622     83.511     42.030  30.114321     0.8386      7.794   228.8426 1.2380e-01     5.3324      8.218     11.918    10.8179 0.0000e+00
      8.391      0.065     9.2753     83.356     42.022  30.102779     0.8737      7.795   229.2501 1.2380e-01     5.4359      8.225     11.929    10.8237 0.0000e+00
      8.410      0.089     9.2710     83.198     42.049  30.114312     0.8825      7.795   230.5052 1.2380e-01     5.5268      8.243     11.955    10.8274 0.0000e+00
      8.439      0.107     9.2603     83.074     42.084  30.126885     0.8615      7.794   231.2834 1.2379e-01     5.5771      8.275     12.001    10.8281 0.0000e+00
      8.475      0.113     9.2465     82.974     42.106  30.127918     0.8361      7.794   231.6037 1.2377e-01     5.6691      8.310     12.052    10.8229 0.0000e+00
      8.515      0.106     9.2314     82.910     42.118  30.126783     0.8340      7.794   231.6257 1.2374e-01     5.7507      8.349     12.109    10.8155 0.0000e+00
      8.555      0.089     9.2113     82.919     42.102  30.113160     0.8119      7.793   231.2049 1.2374e-01     5.6411      8.396     12.178    10.8082 0.0000e+00
      8.577      0.066     9.2034     82.977     42.066  30.090075     0.7431      7.792   230.9896 1.2380e-01     5.4034      8.420     12.213    10.7935 0.0000e+00
      8.581      0.041     9.1968     83.084     42.077  30.101400     0.7008      7.792   231.5176 1.2381e-01     5.3023      8.415     12.205    10.7717 0.0000e+00
      8.578      0.020     9.1886     83.260     42.104  30.123219     0.7078      7.792   232.5130 1.2377e-01     5.3752      8.410     12.198    10.7580 0.0000e+00
      8.577      0.006     9.1931     83.452     42.067  30.100151     0.7454      7.791   233.1309 1.2376e-01     5.5329      8.412     12.200    10.7575 0.0000e+00
      8.576      0.001     9.1981     83.614     42.028  30.076234     0.7722      7.790   233.2231 1.2381e-01     5.6372      8.410     12.198    10.7635 0.0000e+00
      8.576      0.001     9.2060     83.749     42.038  30.087775     0.7659      7.788   233.1110 1.2387e-01     5.6456      8.411     12.197    10.7674 0.0000e+00
      8.577      0.005     9.2292     83.842     42.068  30.112825     0.7767      7.787   232.8942 1.2385e-01     5.7023      8.413     12.200    10.7690 0.0000e+00
      8.579      0.012     9.2522     83.884     42.082  30.125388     0.8031      7.787   232.6669 1.2383e-01     5.7425      8.413     12.202    10.7734 0.0000e+00
      8.579      0.024     9.2665     83.883     42.066  30.112805     0.8196      7.787   232.7720 1.2382e-01     5.6535      8.413     12.202    10.7790 0.0000e+00
      8.582      0.042     9.2827     83.838     42.040  30.087547     0.8180      7.788   233.2186 1.2374e-01     5.4807      8.414     12.205    10.7842 0.0000e+00
      8.590      0.061     9.2920     83.764     42.036  30.073729     0.7913      7.789   233.5927 1.2368e-01     5.2932      8.420     12.212    10.7883 0.0000e+00
      8.608      0.074     9.2951     83.681     42.054  30.072588     0.7800      7.789   233.9390 1.2370e-01     5.2651      8.437     12.236    10.7921 0.0000e+00
      8.639      0.079     9.2956     83.586     42.072  30.073732     0.7811      7.788   234.1361 1.2376e-01     5.3451      8.469     12.284    10.7923 0.0000e+00
      8.674      0.076     9.2916     83.510     42.100  30.087552     0.7714      7.788   233.6541 1.2379e-01     5.3734      8.510     12.343    10.7847 0.0000e+00
      8.702      0.065     9.2847     83.501     42.136  30.112811     0.7624      7.788   233.1008 1.2378e-01     5.3674      8.540     12.388    10.7701 0.0000e+00
      8.713      0.048     9.2809     83.560     42.150  30.125392     0.7390      7.787   233.3819 1.2375e-01     5.3405      8.548     12.398    10.7511 0.0000e+00
      8.713      0.032     9.2729     83.670     42.125  30.112810     0.7221      7.787   233.7842 1.2380e-01     5.3896      8.544     12.390    10.7360 0.0000e+00
      8.712      0.025     9.2618     83.814     42.081  30.087550     0.7076      7.787   233.8347 1.2386e-01     5.4142      8.543     12.391    10.7294 0.0000e+00
      8.713      0.033     9.2628     83.969     42.058  30.073720     0.6717      7.788   233.9077 1.2382e-01     5.2976      8.545     12.393    10.7284 0.0000e+00
      8.716      0.055     9.2685     84.097     42.061  30.072463     0.6537      7.790   233.3755 1.2380e-01     5.2431      8.544     12.392    10.7323 0.0000e+00
      8.726      0.084     9.2797     84.162     42.072  30.072351     0.6904      7.791   232.3901 1.2384e-01     5.4039      8.551     12.401    10.7402 0.0000e+00
      8.751      0.108     9.2952     84.171     42.085  30.072351     0.7568      7.791   232.3182 1.2385e-01     5.6706      8.575     12.437    10.7481 0.0000e+00
      8.792      0.120     9.3120     84.147     42.095  30.072455     0.7743      7.790   232.7644 1.2389e-01     5.7359      8.618     12.499    10.7530 0.0000e+00
      8.843      0.119     9.3303     84.105     42.102  30.073599     0.7440      7.790   233.3108 1.2390e-01     5.6123      8.672     12.578    10.7491 0.0000e+00
      8.888      0.105     9.3386     84.075     42.122  30.086180     0.7396      7.789   234.1065 1.2385e-01     5.6108      8.724     12.654    10.7363 0.0000e+00
      8.914      0.083     9.3414     84.075     42.139  30.097704     0.7631      7.788   234.4704 1.2378e-01     5.6834      8.750     12.690    10.7239 0.0000e+00
      8.919      0.062     9.3406     84.106     42.122  30.086066     0.7700      7.788   233.6658 1.2376e-01     5.7051      8.748     12.688    10.7159 0.0000e+00
      8.918      0.052     9.3350     84.153     42.102  30.072340     0.7490      7.789   232.1223 1.2375e-01     5.7026      8.744     12.682    10.7117 0.0000e+00
      8.921      0.056     9.3313     84.187     42.084  30.058605     0.7254      7.789   231.4663 1.2370e-01     5.6869      8.747     12.687    10.7101 0.0000e+00
      8.929      0.071     9.3314     84.208     42.070  30.046865     0.7419      7.789   231.9296 1.2374e-01     5.7534      8.751     12.692    10.7095 0.0000e+00
      8.950      0.091     9.3349     84.225     42.089  30.057245     0.7908      7.790   232.5625 1.2385e-01     5.7901      8.768     12.718    10.7104 0.0000e+00
      8.988      0.107     9.3421     84.245     42.092  30.057245     0.8004      7.790   232.8369 1.2387e-01     5.6861      8.813     12.783    10.7120 0.0000e+00
      9.030      0.115     9.3451     84.268     42.079  30.046855     0.7667      7.790   232.6661 1.2380e-01     5.5898      8.862     12.853    10.7112 0.0000e+00
      9.062      0.110     9.3480     84.277     42.096  30.058493     0.7578      7.790   232.2181 1.2373e-01     5.6163      8.889     12.892    10.7078 0.0000e+00
      9.088      0.094     9.3506     84.274     42.114  30.071084     0.7922      7.789   231.8942 1.2369e-01     5.7331      8.909     12.923    10.7046 0.0000e+00
      9.115      0.071     9.3523     84.255     42.115  30.072228     0.8257      7.787   232.0193 1.2371e-01     5.7380      8.942     12.969    10.7022 0.0000e+00
      9.133      0.049     9.3579     84.234     42.114  30.072333     0.8136      7.785   232.4400 1.2378e-01     5.6074      8.964     13.000    10.7007 0.0000e+00
      9.136      0.030     9.3567     84.229     42.111  30.072352     0.7702      7.783   232.7648 1.2382e-01     5.5879      8.961     12.996    10.6998 0.0000e+00
      9.134      0.016     9.3582     84.231     42.107  30.072456     0.7412      7.783   233.1073 1.2378e-01     5.7070      8.956     12.989    10.6994 0.0000e+00
      9.134      0.006     9.3549     84.230     42.103  30.073600     0.7378      7.783   233.4843 1.2373e-01     5.7835      8.959     12.993    10.7002 0.0000e+00
      9.133      0.002     9.3512     84.219     42.114  30.086182     0.7300      7.782   233.4508 1.2376e-01     5.7277      8.957     12.991    10.7011 0.0000e+00
      9.132      0.004     9.3516     84.214     42.126  30.097715     0.7387      7.782   233.1323 1.2385e-01     5.6132      8.954     12.987    10.7026 0.0000e+00
      9.134      0.013     9.3502     84.216     42.108  30.086190     0.8002      7.782   232.7307 1.2385e-01     5.6283      8.957     12.992    10.7065 0.0000e+00
      9.136      0.029     9.3507     84.209     42.090  30.073702     0.8582      7.783   232.3807 1.2376e-01     5.7408      8.960     12.996    10.7123 0.0000e+00
      9.138      0.051     9.3459     84.184     42.094  30.073590     0.8574      7.784   232.1702 1.2368e-01     5.7431      8.960     12.995    10.7174 0.0000e+00
      9.148      0.077     9.3458     84.149     42.115  30.084830     0.8242      7.785   232.5952 1.2367e-01     5.7927      8.965     13.003    10.7204 0.0000e+00
      9.170      0.102     9.3458     84.124     42.117  30.082733     0.8146      7.785   233.5613 1.2371e-01     6.0327      8.987     13.036    10.7234 0.0000e+00
      9.207      0.117     9.3452     84.098     42.073  30.048228     0.8412      7.785   233.8718 1.2372e-01     6.2538      9.026     13.092    10.7245 0.0000e+00
      9.252      0.118     9.3434     84.079     42.076  30.048239     0.8708      7.783   233.6814 1.2377e-01     6.3823      9.072     13.158    10.7205 0.0000e+00
      9.298      0.106     9.3383     84.063     42.125  30.082859     0.8563      7.781   233.4104 1.2383e-01     6.3910      9.123     13.231    10.7148 0.0000e+00
      9.331      0.083     9.3392     84.043     42.127  30.086205     0.8154      7.781   233.1762 1.2379e-01     6.5299      9.161     13.286    10.7105 0.0000e+00
      9.342      0.056     9.3353     84.044     42.125  30.088701     0.7923      7.781   234.0332 1.2379e-01     6.9005      9.167     13.295    10.7066 0.0000e+00
      9.340      0.031     9.3339     84.072     42.155  30.113043     0.7939      7.781   235.5127 1.2382e-01     7.1148      9.159     13.284    10.7037 0.0000e+00
      9.337      0.015     9.3342     84.113     42.172  30.126789     0.8174      7.781   235.8353 1.2376e-01     7.1738      9.156     13.280    10.7032 0.0000e+00
      9.335      0.014     9.3280     84.143     42.172  30.128038     0.8438      7.781   235.0947 1.2374e-01     7.3734      9.155     13.278    10.7062 0.0000e+00
      9.335      0.027     9.3282     84.150     42.172  30.128142     0.8883      7.781   234.1293 1.2374e-01     7.7867      9.153     13.275    10.7108 0.0000e+00
      9.340      0.047     9.3307     84.158     42.174  30.128048     0.9401      7.782   233.4555 1.2373e-01     8.3449      9.159     13.282    10.7144 0.0000e+00
      9.353      0.064     9.3358     84.184     42.175  30.126895     0.9782      7.782   234.0887 1.2370e-01    11.3897      9.169     13.299    10.7173 0.0000e+00
      9.376      0.073     9.3400     84.210     42.160  30.114210     1.2652      7.781   235.6759 1.2369e-01    44.0893      9.190     13.330    10.7189 0.0000e+00
      9.410      0.074     9.3387     84.212     42.145  30.101535     1.7969      7.780   236.4706 1.2374e-01   104.0324      9.231     13.387    10.7190 0.0000e+00
      9.440      0.067     9.3391     84.190     42.144  30.100502     2.0890      7.778   236.4702 1.2378e-01   136.6243      9.265     13.437    10.7172 0.0000e+00
      9.456      0.053     9.3438     84.158     42.145  30.101722     2.0920      7.776   236.1879 1.2383e-01   137.5180      9.277     13.456    10.7140 0.0000e+00
      9.461      0.036     9.3489     84.135     42.163  30.116290     1.6084      7.776   235.6380 1.2384e-01   113.2675      9.279     13.457    10.7108 0.0000e+00
      9.461      0.020     9.3492     84.123     42.206  30.149773     0.6859      7.776   235.7586 1.2383e-01    68.1816      9.278     13.456    10.7090 0.0000e+00
      9.461      0.010     9.3459     84.102     42.346  30.252830     0.1774      7.775   236.6131 1.2378e-01    43.5319      9.278     13.457    10.7088 0.0000e+00
      9.462      0.009     9.3417     84.067     42.740  30.537703     0.1379      7.774   237.1082 1.2368e-01    40.5450      9.279     13.457    10.7094 0.0000e+00
      9.464      0.013     9.3382     84.035     43.375  30.993302     0.1248      7.774   237.0990 1.2367e-01    31.3846      9.281     13.460    10.7108 0.0000e+00
      9.466      0.019     9.3378     84.010     44.010  31.447781     0.0522      7.774   236.9315 1.2377e-01    14.7915      9.282     13.462    10.7137 0.0000e+00
      9.471      0.024     9.3348     83.986     44.657  31.909342    -0.0239      7.774   236.7175 1.2378e-01     5.6945      9.286     13.468    10.7182 0.0000e+00
      9.479      0.029     9.3286     83.944     46.748  33.402063    -0.0467      7.774   236.4912 1.2372e-01     4.8790      9.295     13.481    10.7225 0.0000e+00
      9.489      0.032     9.3245     83.845     54.624  39.027770    -0.0318      7.774   236.2599 1.2372e-01     4.7263      9.305     13.496    10.7251 0.0000e+00
      9.500      0.033     9.3218     83.645     69.249  49.474697    -0.0021      7.774   236.3296 1.2369e-01     4.4980      9.318     13.514    10.7258 0.0000e+00
      9.510      0.033     9.3202     83.315     86.814  62.016899    -0.0032      7.773   236.6459 1.2360e-01     4.3046      9.327     13.528    10.7248 0.0000e+00
      9.517      0.032     9.3170     82.766     97.722  69.798987    -0.0288      7.773   236.4703 1.2361e-01     4.1642      9.333     13.537    10.7231 0.0000e+00
      9.524      0.031     9.3090     81.791     93.727  66.935860    -0.0373      7.773   236.0999 1.2370e-01     4.0637      9.340     13.547    10.7220 0.0000e+00
      9.530      0.030     9.2858     80.018     84.745  60.515149    -0.0233      7.773   236.2969 1.2374e-01     3.7046      9.346     13.555    10.7206 0.0000e+00
      9.538      0.030     9.2535     76.936     82.830  59.146162     0.0072      7.772   236.6146 1.2377e-01     3.0683      9.353     13.565    10.7169 0.0000e+00
