Data/DataNotYetUploadedToEDI/Raw_CTD/RawDownloads/061625_fcr50_S7809006.cnv
* Sea-Bird SBE19plus  Data File:
* FileName = C:\R\Reservoirs\Data\DataNotYetUploadedToEDI\Raw_CTD\RawDownloads\061625_fcr10_S7809_0006.hex
* Software version 2.8.0.119
* Temperature SN = 7809
* Conductivity SN = 7809
* System UpLoad Time = Jun 16 2025 17:27:51
* <ApplicationData>
* <Seaterm232>
# nquan = 15
# nvalues = 1803                        
# units = specified
# name 0 = depFM: Depth [fresh water, m]
# name 1 = dz/dtM: Descent Rate [m/s]
# name 2 = sbeox0Mg/L: Oxygen, SBE 43 [mg/l]
# name 3 = sbeox0PS: Oxygen, SBE 43 [% saturation]
# name 4 = specc: Specific Conductance [uS/cm]
# name 5 = c0uS/cm: Conductivity [uS/cm]
# name 6 = flECO-AFL: Fluorescence, WET Labs ECO-AFL/FL [mg/m^3]
# name 7 = ph: pH
# name 8 = orp: Oxidation Reduction Potential [mV]
# name 9 = par/sat/log: PAR/Logarithmic, Satlantic
# name 10 = turbWETntu0: Turbidity, WET Labs ECO [NTU]
# name 11 = prdM: Pressure, Strain Gauge [db]
# name 12 = prdE: Pressure, Strain Gauge [psi]
# name 13 = tv290C: Temperature [ITS-90, deg C]
# name 14 = flag:  0.000e+00
# span 0 =     -0.633,      9.683       
# span 1 =     -0.562,      0.384       
# span 2 =    -0.6431,    14.6789       
# span 3 =     -5.595,    158.861       
# span 4 =      1.007,    202.028       
# span 5 =   0.914023, 144.183606       
# span 6 =    -0.8200,    29.1915       
# span 7 =      7.709,     11.224       
# span 8 =  -137.6521,   346.9300       
# span 9 = 1.2360e-01, 6.0327e+02       
# span 10 =    -1.1881,   174.4400      
# span 11 =     -0.624,      9.498      
# span 12 =     -0.904,     13.774      
# span 13 =    10.6808,    24.6139      
# span 14 = 0.0000e+00, 0.0000e+00      
# interval = seconds: 0.25
# start_time = Jun 16 2025 12:00:57 [Instrument's time stamp, header]
# bad_flag = -9.990e-29
*END*
[from data line 1350]
      8.785     -0.478     0.1159      1.132    122.550  87.472131     0.5322      8.761   -16.2729 1.2377e-01    75.8861      8.609     12.487    10.6844 0.0000e+00
      8.610     -0.423     0.1206      1.112     80.160  57.215816     0.7516      8.838   -13.2680 1.2371e-01    85.1393      8.422     12.216    10.6851 0.0000e+00
      8.491     -0.319     0.1269      1.092     64.083  45.742299     0.8756      8.910    -9.3711 1.2372e-01    90.2348      8.300     12.038    10.6854 0.0000e+00
      8.441     -0.192     0.1288      1.058     57.505  41.049809     0.8910      8.959    -4.1744 1.2381e-01    90.5255      8.259     11.977    10.6858 0.0000e+00
      8.446     -0.074     0.1254      1.026     52.325  37.356764     0.8964      8.988     1.2971 1.2389e-01    87.5267      8.276     12.003    10.6860 0.0000e+00
      8.476      0.014     0.1233      1.022     49.790  35.551193     0.8988      9.002     5.1615 1.2388e-01    81.8502      8.312     12.056    10.6860 0.0000e+00
      8.506      0.060     0.1222      1.042     48.775  34.829633     0.8789      9.005     7.3592 1.2385e-01    78.6637      8.344     12.102    10.6868 0.0000e+00
      8.530      0.066     0.1179      1.107     48.002  34.279469     0.8801      9.002     9.1990 1.2384e-01    78.3085      8.367     12.136    10.6902 0.0000e+00
      8.547      0.036     0.1120      1.344     47.395  33.848184     0.9047      8.993    12.4354 1.2381e-01    78.1700      8.384     12.160    10.6953 0.0000e+00
      8.561     -0.028     0.1130      2.103     46.973  33.548681     0.9856      8.980    17.1511 1.2375e-01    76.7846      8.398     12.180    10.6995 0.0000e+00
      8.566     -0.121     0.1146      3.891     46.833  33.449816     1.1256      8.966    21.2173 1.2375e-01    74.1967      8.406     12.192    10.7020 0.0000e+00
      8.550     -0.231     0.1186      7.051     46.958  33.541054     1.1819      8.951    23.9148 1.2383e-01    72.6697      8.400     12.183    10.7037 0.0000e+00
      8.490     -0.336     0.1324     11.677     47.089  33.636715     1.1671      8.940    26.1913 1.2385e-01    72.4645      8.351     12.112    10.7054 0.0000e+00
      8.367     -0.410     0.1909     17.806     46.934  33.527893     1.1545      8.931    28.6954 1.2386e-01    71.8856      8.222     11.926    10.7076 0.0000e+00
      8.197     -0.435     0.3768     25.476     46.617  33.303868     1.1298      8.923    31.3911 1.2388e-01    70.6580      8.039     11.661    10.7094 0.0000e+00
      8.025     -0.405     0.7254     34.341     46.219  33.021720     1.1102      8.915    34.0914 1.2383e-01    69.8845      7.855     11.393    10.7110 0.0000e+00
      7.895     -0.325     1.2406     43.561     45.881  32.781090     1.0918      8.907    36.6510 1.2383e-01    69.6051      7.715     11.189    10.7133 0.0000e+00
      7.832     -0.212     1.9132     52.319     45.737  32.678388     1.0743      8.898    39.1084 1.2388e-01    68.6803      7.659     11.108    10.7158 0.0000e+00
      7.825     -0.095     2.7736     59.996     45.545  32.541259     1.0812      8.888    41.2619 1.2388e-01    67.1393      7.668     11.122    10.7184 0.0000e+00
      7.845     -0.001     3.8007     66.174     45.247  32.328464     1.0836      8.878    42.9854 1.2383e-01    66.2432      7.692     11.155    10.7206 0.0000e+00
      7.873      0.055     4.8534     70.734     45.155  32.262504     1.0789      8.867    45.0624 1.2378e-01    66.1118      7.719     11.194    10.7216 0.0000e+00
      7.906      0.072     5.8480     73.656     45.317  32.378158     1.0819      8.856    47.7893 1.2375e-01    66.7120      7.755     11.247    10.7218 0.0000e+00
      7.932      0.059     6.7202     75.041     45.429  32.458012     1.0790      8.843    50.7470 1.2378e-01    67.9673      7.785     11.290    10.7219 0.0000e+00
      7.945      0.019     7.4059     75.397     45.352  32.403270     1.0936      8.828    53.5492 1.2385e-01    68.7527      7.795     11.304    10.7221 0.0000e+00
      7.950     -0.047     7.9110     75.290     45.189  32.287246     1.1001      8.812    55.9453 1.2390e-01    68.7603      7.797     11.309    10.7218 0.0000e+00
      7.949     -0.137     8.2402     75.014     45.062  32.197123     1.0656      8.794    58.2078 1.2385e-01    67.8208      7.801     11.315    10.7215 0.0000e+00
      7.925     -0.241     8.3668     74.749     44.978  32.138339     1.0271      8.774    60.3410 1.2376e-01    64.4989      7.787     11.296    10.7215 0.0000e+00
      7.856     -0.339     8.3795     74.568     44.900  32.084022     1.0165      8.755    62.3793 1.2371e-01    60.0561      7.725     11.204    10.7220 0.0000e+00
      7.735     -0.407     8.3625     74.427     44.847  32.047913     1.0379      8.740    64.5260 1.2375e-01    57.9972      7.598     11.020    10.7225 0.0000e+00
      7.578     -0.428     8.3222     74.313     44.894  32.082392     1.0445      8.729    66.3354 1.2380e-01    57.6757      7.435     10.783    10.7232 0.0000e+00
      7.415     -0.398     8.2893     74.192     44.946  32.120257     1.0134      8.719    67.9958 1.2375e-01    56.1343      7.261     10.530    10.7246 0.0000e+00
      7.285     -0.319     8.2742     73.956     44.775  31.998218     1.0024      8.709    69.8883 1.2370e-01    53.5708      7.118     10.324    10.7262 0.0000e+00
      7.217     -0.210     8.2573     73.590     44.515  31.812184     1.0361      8.698    71.0629 1.2366e-01    52.2662      7.057     10.236    10.7276 0.0000e+00
      7.205     -0.096     8.2435     73.133     44.375  31.710688     1.0636      8.687    71.5293 1.2365e-01    52.0774      7.058     10.236    10.7287 0.0000e+00
      7.223     -0.003     8.2386     72.617     44.304  31.659178     1.0438      8.676    72.6888 1.2370e-01    51.2539      7.079     10.267    10.7293 0.0000e+00
      7.254      0.055     8.2108     72.127     44.269  31.633457     1.0038      8.666    74.4131 1.2376e-01    49.8249      7.112     10.315    10.7295 0.0000e+00
      7.290      0.076     8.1679     71.744     44.209  31.590020     1.0050      8.655    76.6321 1.2380e-01    49.0778      7.153     10.375    10.7291 0.0000e+00
      7.316      0.064     8.1183     71.522     44.104  31.514620     1.0334      8.643    79.7292 1.2380e-01    49.0188      7.180     10.415    10.7280 0.0000e+00
      7.330      0.018     8.0562     71.558     44.060  31.483065     1.0300      8.624    82.0911 1.2379e-01    48.8374      7.189     10.426    10.7270 0.0000e+00
      7.339     -0.066     7.9983     71.913     44.120  31.525683     0.9894      8.597    83.2500 1.2376e-01    48.4905      7.198     10.438    10.7260 0.0000e+00
      7.341     -0.180     7.9559     72.526     44.205  31.585847     0.9499      8.572    84.7073 1.2376e-01    48.2403      7.208     10.453    10.7256 0.0000e+00
      7.311     -0.304     7.9264     73.340     44.457  31.766436     0.9519      8.554    86.7189 1.2382e-01    47.9307      7.194     10.433    10.7257 0.0000e+00
      7.217     -0.416     7.9255     74.280     44.777  31.996296     0.9641      8.545    88.9018 1.2383e-01    44.3371      7.106     10.308    10.7253 0.0000e+00
      7.055     -0.492     7.9715     75.241     44.629  31.890925     0.9311      8.541    90.8817 1.2383e-01    37.5829      6.930     10.052    10.7245 0.0000e+00
      6.860     -0.514     8.0397     76.166     44.181  31.570893     0.8852      8.537    92.1582 1.2386e-01    33.8673      6.722      9.748    10.7244 0.0000e+00
      6.678     -0.475     8.1324     76.982     43.889  31.362227     0.8677      8.531    93.0649 1.2383e-01    33.6064      6.533      9.475    10.7246 0.0000e+00
      6.541     -0.381     8.2430     77.614     43.762  31.271108     0.8944      8.524    94.2738 1.2375e-01    34.1553      6.392      9.271    10.7253 0.0000e+00
      6.464     -0.257     8.3497     78.051     43.705  31.230439     0.9417      8.516    95.4171 1.2371e-01    35.0721      6.318      9.164    10.7263 0.0000e+00
      6.442     -0.132     8.4552     78.281     43.646  31.187693     0.9477      8.508    96.2196 1.2372e-01    35.4684      6.307      9.146    10.7265 0.0000e+00
      6.452     -0.030     8.5504     78.286     43.573  31.134886     0.9340      8.500    97.3514 1.2370e-01    35.4968      6.326      9.175    10.7266 0.0000e+00
      6.475      0.040     8.6195     78.176     43.525  31.099456     0.9344      8.490    98.8635 1.2369e-01    35.3819      6.350      9.210    10.7263 0.0000e+00
      6.500      0.077     8.6671     78.021     43.495  31.076487     0.9440      8.480   100.0476 1.2372e-01    33.5329      6.374      9.246    10.7260 0.0000e+00
      6.525      0.089     8.6986     77.826     43.456  31.047488     0.9671      8.470   101.0001 1.2376e-01    30.1863      6.399      9.281    10.7257 0.0000e+00
      6.551      0.086     8.6899     77.710     43.482  31.066008     0.9722      8.461   102.2059 1.2381e-01    28.3260      6.423      9.316    10.7247 0.0000e+00
      6.576      0.076     8.6749     77.753     43.543  31.110098     0.9553      8.452   103.5277 1.2378e-01    28.0505      6.451      9.356    10.7235 0.0000e+00
      6.597      0.065     8.6631     77.933     43.492  31.073083     0.9458      8.443   104.7642 1.2378e-01    26.8561      6.473      9.388    10.7220 0.0000e+00
      6.609      0.053     8.6324     78.240     43.389  30.999087     0.9250      8.434   105.8852 1.2383e-01    24.5085      6.483      9.402    10.7208 0.0000e+00
      6.617      0.041     8.6162     78.648     43.359  30.976666     0.8949      8.425   107.3583 1.2383e-01    23.0989      6.489      9.413    10.7204 0.0000e+00
      6.624      0.031     8.6246     79.093     43.381  30.992302     0.8818      8.415   109.2403 1.2379e-01    22.9985      6.497      9.423    10.7201 0.0000e+00
      6.630      0.020     8.6435     79.501     43.390  30.997823     0.8989      8.405   111.0014 1.2374e-01    23.9426      6.502      9.430    10.7197 0.0000e+00
      6.636      0.000     8.6790     79.843     43.365  30.979981     0.9359      8.395   112.4763 1.2377e-01    25.6666      6.508      9.440    10.7191 0.0000e+00
      6.641     -0.039     8.7266     80.108     43.347  30.966886     0.9378      8.382   113.5657 1.2378e-01    26.5598      6.514      9.449    10.7187 0.0000e+00
      6.642     -0.104     8.7802     80.289     43.346  30.966376     0.8964      8.368   114.6227 1.2369e-01    26.4753      6.516      9.450    10.7180 0.0000e+00
      6.631     -0.187     8.8264     80.424     43.357  30.973815     0.8436      8.356   116.3936 1.2364e-01    25.7374      6.512      9.445    10.7174 0.0000e+00
      6.588     -0.276     8.8634     80.526     43.384  30.993402     0.8081      8.344   118.6302 1.2364e-01    24.5726      6.483      9.402    10.7172 0.0000e+00
      6.493     -0.357     8.8958     80.591     43.410  31.012896     0.8080      8.333   120.2422 1.2365e-01    24.0400      6.385      9.259    10.7170 0.0000e+00
      6.357     -0.422     8.9113     80.640     43.417  31.019201     0.7998      8.323   120.9989 1.2375e-01    24.0123      6.234      9.042    10.7169 0.0000e+00
      6.214     -0.460     8.9273     80.698     43.397  31.006200     0.7761      8.314   121.4989 1.2384e-01    24.0321      6.088      8.831    10.7168 0.0000e+00
      6.083     -0.457     8.9390     80.786     43.363  30.982577     0.8125      8.305   122.4160 1.2384e-01    24.2456      5.960      8.644    10.7175 0.0000e+00
      5.963     -0.407     8.9443     80.874     43.369  30.987328     0.8990      8.296   123.9991 1.2380e-01    24.4758      5.848      8.480    10.7188 0.0000e+00
      5.852     -0.323     8.9497     80.944     43.387  31.000216     0.9400      8.288   125.8421 1.2379e-01    24.5611      5.737      8.320    10.7202 0.0000e+00
      5.758     -0.227     8.9526     81.006     43.313  30.948086     0.9254      8.280   127.3190 1.2376e-01    24.4570      5.628      8.163    10.7213 0.0000e+00
      5.708     -0.133     8.9656     81.058     43.197  30.864526     0.8802      8.272   128.0898 1.2370e-01    23.6953      5.576      8.087    10.7223 0.0000e+00
      5.711     -0.052     8.9758     81.072     43.129  30.814573     0.8423      8.264   128.5367 1.2362e-01    22.4222      5.594      8.113    10.7229 0.0000e+00
      5.739      0.010     8.9824     81.047     43.093  30.788164     0.8589      8.257   129.1950 1.2360e-01    21.7033      5.629      8.164    10.7234 0.0000e+00
      5.767      0.046     8.9894     81.017     43.109  30.798961     0.8810      8.249   130.1135 1.2371e-01    21.5279      5.658      8.207    10.7233 0.0000e+00
      5.788      0.054     8.9965     80.962     43.138  30.818236     0.8676      8.241   131.2959 1.2381e-01    20.4379      5.680      8.239    10.7225 0.0000e+00
      5.801      0.045     9.0001     80.924     43.069  30.767476     0.8559      8.234   132.5638 1.2381e-01    18.4303      5.692      8.255    10.7215 0.0000e+00
      5.805      0.034     8.9918     80.941     42.965  30.692716     0.8810      8.229   133.6569 1.2382e-01    17.4081      5.695      8.260    10.7204 0.0000e+00
      5.803      0.027     8.9946     80.977     42.942  30.675549     0.9216      8.223   134.6178 1.2382e-01    17.3360      5.690      8.252    10.7192 0.0000e+00
      5.804      0.026     8.9845     81.043     42.959  30.686780     0.8966      8.217   135.4056 1.2379e-01    17.3539      5.689      8.250    10.7178 0.0000e+00
      5.813      0.029     8.9772     81.143     42.980  30.701640     0.8117      8.212   135.8689 1.2384e-01    17.5901      5.700      8.266    10.7166 0.0000e+00
      5.825      0.034     8.9851     81.257     43.019  30.728344     0.7606      8.207   136.4340 1.2386e-01    17.8006      5.713      8.286    10.7158 0.0000e+00
      5.836      0.038     8.9852     81.369     43.059  30.755917     0.7620      8.202   137.5051 1.2378e-01    17.8492      5.724      8.302    10.7151 0.0000e+00
      5.846      0.038     8.9942     81.496     43.094  30.781274     0.7874      8.196   138.5814 1.2377e-01    17.0852      5.733      8.315    10.7141 0.0000e+00
      5.857      0.033     9.0057     81.661     43.094  30.781179     0.8097      8.189   139.6397 1.2376e-01    15.4974      5.744      8.332    10.7130 0.0000e+00
      5.867      0.025     9.0202     81.848     43.058  30.754777     0.8322      8.183   141.0086 1.2369e-01    14.6721      5.756      8.348    10.7122 0.0000e+00
      5.873      0.010     9.0313     82.018     43.003  30.715793     0.8588      8.177   142.5698 1.2374e-01    14.7579      5.760      8.354    10.7118 0.0000e+00
      5.877     -0.026     9.0443     82.159     42.968  30.690449     0.8652      8.168   143.3735 1.2379e-01    15.1348      5.762      8.358    10.7114 0.0000e+00
      5.878     -0.094     9.0629     82.233     42.984  30.702089     0.8513      8.158   143.0687 1.2379e-01    15.6082      5.766      8.363    10.7111 0.0000e+00
      5.872     -0.191     9.0868     82.198     43.022  30.729655     0.8315      8.146   143.1864 1.2381e-01    15.7677      5.765      8.362    10.7110 0.0000e+00
      5.842     -0.306     9.1049     82.122     43.077  30.770012     0.8343      8.134   144.3661 1.2380e-01    15.7984      5.750      8.340    10.7111 0.0000e+00
      5.755     -0.421     9.1210     82.036     43.130  30.809433     0.8526      8.126   145.8035 1.2380e-01    15.9117      5.671      8.225    10.7112 0.0000e+00
      5.601     -0.514     9.1355     81.932     43.150  30.825684     0.8188      8.119   146.8850 1.2391e-01    15.9075      5.504      7.983    10.7113 0.0000e+00
      5.411     -0.558     9.1236     81.865     43.167  30.839629     0.7422      8.112   147.4626 1.2431e-01    15.7823      5.303      7.693    10.7117 0.0000e+00
