Data/DataNotYetUploadedToEDI/Raw_CTD/RawDownloads/061625_fcr10_S7809001.cnv
* Sea-Bird SBE19plus  Data File:
* FileName = C:\R\Reservoirs\Data\DataNotYetUploadedToEDI\Raw_CTD\RawDownloads\061625_fcr10_S7809_0001.hex
* Software version 2.8.0.119
* Temperature SN = 7809
* Conductivity SN = 7809
* System UpLoad Time = Jun 16 2025 17:24:52
* <ApplicationData>
* <Seaterm232>
# nquan = 15
# nvalues = 1348                        
# units = specified
# name 0 = depFM: Depth [fresh water, m]
# name 1 = dz/dtM: Descent Rate [m/s]
# name 2 = sbeox0Mg/L: Oxygen, SBE 43 [mg/l]
# name 3 = sbeox0PS: Oxygen, SBE 43 [% saturation]
# name 4 = specc: Specific Conductance [uS/cm]
# name 5 = c0uS/cm: Conductivity [uS/cm]
# name 6 = flECO-AFL: Fluorescence, WET Labs ECO-AFL/FL [mg/m^3]
# name 7 = ph: pH
# name 8 = orp: Oxidation Reduction Potential [mV]
# name 9 = par/sat/log: PAR/Logarithmic, Satlantic
# name 10 = turbWETntu0: Turbidity, WET Labs ECO [NTU]
# name 11 = prdM: Pressure, Strain Gauge [db]
# name 12 = prdE: Pressure, Strain Gauge [psi]
# name 13 = tv290C: Temperature [ITS-90, deg C]
# name 14 = flag:  0.000e+00
# span 0 =     -0.641,      2.098       
# span 1 =     -0.357,      0.227       
# span 2 =    -0.0461,    13.8651       
# span 3 =     -0.266,    152.166       
# span 4 =      1.671,     98.259       
# span 5 =   1.638595,  82.069911       
# span 6 =    -0.0440,    24.9238       
# span 7 =     -2.108,     10.897       
# span 8 = -1240.7455,   315.9846       
# span 9 = 6.4159e-01, 1.1296e+03       
# span 10 =     1.6855,   129.6222      
# span 11 =     -0.631,      2.059      
# span 12 =     -0.914,      2.986      
# span 13 =    16.7169,    24.5205      
# span 14 = 0.0000e+00, 0.0000e+00      
# interval = seconds: 0.25
# start_time = Jun 16 2025 11:04:16 [Instrument's time stamp, header]
# bad_flag = -9.990e-29
*END*
[from data line 97]
     -0.641 4.9057e-22     7.2682     86.336      1.741   1.707009    -0.0304     -2.107 -1240.7455 7.9811e+02     2.7736     -0.629     -0.912    24.0129 0.0000e+00
     -0.641 5.3963e-21     7.2628     86.352      1.741   1.706895    -0.0145     -2.107 -1240.7455 7.8288e+02     2.7945     -0.628     -0.911    24.0136 0.0000e+00
     -0.641 5.9359e-20     7.2661     86.381      1.741   1.706884    -0.0185     -2.107 -1240.7455 7.7184e+02     2.8727     -0.628     -0.911    24.0140 0.0000e+00
     -0.641 6.5295e-19     7.2674     86.411      1.741   1.706874    -0.0120     -2.107 -1240.7453 7.6514e+02     2.9327     -0.629     -0.912    24.0146 0.0000e+00
     -0.641 7.1825e-18     7.2628     86.425      1.741   1.706769    -0.0017     -2.107 -1240.7434 7.5682e+02     2.8035     -0.628     -0.911    24.0149 0.0000e+00
     -0.641 7.9007e-17     7.2672     86.410      1.740   1.705616    -0.0272     -2.107 -1240.7219 7.4119e+02     2.6081     -0.629     -0.912    24.0151 0.0000e+00
     -0.641 8.6908e-16     7.2684     86.391      1.727   1.692938    -0.0379     -2.107 -1240.4860 7.0748e+02     2.5852     -0.628     -0.911    24.0158 0.0000e+00
     -0.641 9.5599e-15     7.2718     86.392      1.714   1.680165    -0.0223     -2.107 -1237.8913 6.4013e+02     2.3912     -0.629     -0.912    24.0161 0.0000e+00
     -0.641 1.0516e-13     7.2740     86.404      1.712   1.677862    -0.0297     -2.107 -1209.3498 5.4774e+02     1.9008     -0.629     -0.912    24.0167 0.0000e+00
     -0.641 1.1567e-12     7.2710     86.403      1.699   1.665089    -0.0192     -2.107  -895.3923 4.7077e+02     1.7117     -0.628     -0.911    24.0173 0.0000e+00
     -0.640 1.2724e-11     7.2687     86.401      1.685   1.652412     0.0215     -2.107  -157.2583 4.4338e+02     1.8128     -0.628     -0.910    24.0174 0.0000e+00
     -0.640 1.3997e-10     7.2688     86.405      1.684   1.651268     0.0210     -2.107   241.3946 4.4365e+02     1.7910     -0.628     -0.911    24.0179 0.0000e+00
     -0.640 1.5396e-09     7.2716     86.405      1.684   1.651257    -0.0173     -2.107     5.2530 4.4055e+02     1.6872     -0.628     -0.911    24.0186 0.0000e+00
     -0.640 1.6936e-08     7.2700     86.407      1.685   1.652286    -0.0258     -2.103   -19.8955 4.7022e+02     1.6855     -0.628     -0.910    24.0192 0.0000e+00
     -0.640 1.8630e-07     7.2696     86.407      1.697   1.663707     0.0014     -2.063   315.9846 5.3333e+02     1.7702     -0.628     -0.910    24.0198 0.0000e+00
     -0.640 1.8650e-07     7.2711     86.399      1.696   1.662660     0.0035     -1.624   137.3686 5.6973e+02     1.8236     -0.628     -0.910    24.0202 0.0000e+00
     -0.640 1.9398e-08     7.2698     86.396      1.672   1.639628    -0.0245      0.170  -682.7867 5.7374e+02     1.8524     -0.628     -0.911    24.0209 0.0000e+00
     -0.640 2.8648e-08     7.2701     86.408      1.671   1.638595    -0.0288      3.223 -1190.0197 5.7259e+02     1.9127     -0.628     -0.911    24.0218 0.0000e+00
     -0.640 2.9834e-07     7.2709     86.425      1.683   1.650170    -0.0071      5.744 -1236.1093 5.8767e+02     1.9719     -0.628     -0.911    24.0224 0.0000e+00
     -0.641      0.000     7.2693     86.433      1.686   1.652895    -0.0038      6.847 -1240.0521 6.2643e+02     1.9533     -0.628     -0.911    24.0229 0.0000e+00
     -0.641      0.000     7.2686     86.435      1.705   1.671550    -0.0301      7.077 -1237.6909 6.6399e+02     1.8592     -0.628     -0.911    24.0235 0.0000e+00
     -0.641      0.000     7.2697     86.439      1.784   1.749045    -0.0339      6.819 -1207.5604 6.8206e+02     1.7904     -0.628     -0.910    24.0239 0.0000e+00
     -0.641      0.004     7.2721     86.453      2.511   2.463195     0.0086      6.503  -875.7468 6.9507e+02     1.7708     -0.628     -0.911    24.0244 0.0000e+00
     -0.641      0.018     7.2722     86.479      7.852   7.709187     0.0758      6.636  -277.4883 7.1158e+02     1.7927     -0.628     -0.912    24.0246 0.0000e+00
     -0.641      0.043     7.2722     86.606     19.368  19.044435     0.6200      6.980    33.0400 7.2379e+02     2.9094     -0.627     -0.910    24.0253 0.0000e+00
     -0.639      0.076     7.2723     86.953     30.248  29.799997     1.6446      7.253    50.8860 7.3477e+02     5.0588     -0.631     -0.914    24.0254 0.0000e+00
     -0.624      0.111     7.2732     87.443     35.494  35.039422     2.2182      7.535    53.1490 7.5286e+02     6.1931     -0.625     -0.906    24.0263 0.0000e+00
     -0.584      0.146     7.2754     88.083     36.434  36.026128     2.3366      7.832    54.2926 7.8112e+02     6.2733     -0.580     -0.842    24.0259 0.0000e+00
     -0.526      0.178     7.2668     88.916     35.750  35.386222     2.9017      8.119    54.3880 8.1108e+02     6.6769     -0.515     -0.746    24.0873 0.0000e+00
     -0.468      0.206     7.2852     89.827     35.193  34.852835     3.9075      8.372    54.9051 8.3302e+02     7.5891     -0.457     -0.661    24.2334 0.0000e+00
     -0.415      0.222     7.3078     90.863     34.923  34.589375     4.4682      8.583    56.7594 8.3848e+02     8.2166     -0.406     -0.589    24.3622 0.0000e+00
     -0.363      0.227     7.3418     92.010     34.437  34.104119     4.5537      8.761    58.9980 8.0704e+02     8.2521     -0.359     -0.521    24.4452 0.0000e+00
     -0.303      0.227     7.4183     93.088     33.823  33.490162     4.8579      8.911    61.6669 7.2626e+02     8.1547     -0.302     -0.438    24.4958 0.0000e+00
     -0.235      0.227     7.4820     94.008     33.596  33.256585     5.4082      9.034    64.1638 6.3663e+02     8.1666     -0.225     -0.326    24.5172 0.0000e+00
     -0.175      0.226     7.5690     94.791     34.109  33.754189     5.7232      9.139    64.8380 5.4189e+02     8.2592     -0.166     -0.241    24.5205 0.0000e+00
     -0.125      0.215     7.6747     95.481     34.996  34.621482     5.7775      9.235    65.0009 4.4491e+02     8.3517     -0.125     -0.181    24.5124 0.0000e+00
     -0.071      0.189     7.7669     96.034     35.248  34.860798     5.7822      9.325    66.6496 3.8949e+02     8.3282     -0.073     -0.105    24.5021 0.0000e+00
     -0.010      0.153     7.8456     96.340     34.690  34.300319     5.8131      9.404    68.7682 3.3197e+02     8.1806     -0.009     -0.012    24.4894 0.0000e+00
      0.042      0.116     7.9096     96.368     33.942  33.554804     5.9093      9.473    70.2260 2.8364e+02     8.0361      0.055      0.079    24.4750 0.0000e+00
      0.064      0.084     7.9716     96.243     33.465  33.079365     5.9878      9.531    71.5411 2.8460e+02     8.0151      0.072      0.105    24.4587 0.0000e+00
      0.060      0.055     8.0242     96.117     33.316  32.929314     6.0303      9.581    71.7635 2.9819e+02     8.0975      0.058      0.084    24.4432 0.0000e+00
      0.053      0.032     8.0538     96.037     33.270  32.882470     6.0489      9.631    70.1621 3.0536e+02     8.0424      0.048      0.070    24.4315 0.0000e+00
      0.055      0.019     8.0518     95.973     33.154  32.766741     6.0459      9.682    69.0429 3.0221e+02     7.8266      0.051      0.073    24.4238 0.0000e+00
      0.067      0.017     8.0372     95.908     32.994  32.608513     6.0445      9.729    69.3300 2.9277e+02     7.7087      0.065      0.094    24.4177 0.0000e+00
      0.079      0.019     8.0257     95.834     32.876  32.491890     6.0485      9.769    70.0195 2.8833e+02     7.7787      0.080      0.115    24.4136 0.0000e+00
      0.085      0.019     8.0219     95.764     32.818  32.435122     6.0522      9.801    70.5830 2.9068e+02     7.9211      0.085      0.122    24.4115 0.0000e+00
      0.086      0.015     8.0161     95.733     32.810  32.429648     6.0308      9.826    70.9803 2.9405e+02     7.9267      0.084      0.123    24.4106 0.0000e+00
      0.087      0.009     8.0115     95.842     32.802  32.425712     5.9905      9.848    71.3811 2.9499e+02     7.7786      0.085      0.123    24.4108 0.0000e+00
      0.088     -0.001     8.0048     96.230     32.761  32.387533     5.9892      9.873    71.2996 2.9347e+02     7.7360      0.086      0.125    24.4108 0.0000e+00
      0.089     -0.019     7.9979     96.865     32.718  32.348677     6.0155      9.908    70.8553 2.9189e+02     7.8210      0.087      0.126    24.4113 0.0000e+00
      0.090     -0.052     7.9931     97.477     32.703  32.336535     6.0085      9.951    70.6547 2.9310e+02     7.8162      0.089      0.128    24.4147 0.0000e+00
      0.087     -0.095     7.9935     97.653     32.733  32.367608     5.9707      9.996    70.4237 3.0244e+02     7.6778      0.089      0.130    24.4201 0.0000e+00
      0.069     -0.135     8.0276     97.190     32.836  32.470623     5.9247     10.036    70.5576 3.3844e+02     7.5485      0.079      0.116    24.4250 0.0000e+00
      0.021     -0.158     8.0865     96.250     33.061  32.693958     5.8349     10.069    71.4134 4.1214e+02     7.6873      0.034      0.049    24.4292 0.0000e+00
     -0.056     -0.159     8.1531     95.048     33.341  32.974433     5.7171     10.097    72.3387 4.9988e+02     7.9899     -0.055     -0.079    24.4332 0.0000e+00
     -0.132     -0.138     8.1753     93.718     33.564  33.197363     5.6573     10.125    72.7112 5.5029e+02     8.1331     -0.145     -0.210    24.4362 0.0000e+00
     -0.173     -0.098     8.1272     92.373     33.662  33.295852     5.6286     10.153    72.7341 5.4723e+02     8.1551     -0.184     -0.267    24.4375 0.0000e+00
     -0.177     -0.048     8.0417     91.101     33.516  33.150198     5.6115     10.176    73.2180 5.3053e+02     8.1531     -0.178     -0.258    24.4398 0.0000e+00
     -0.162     -0.002     7.9381     89.971     33.196  32.831964     5.6998     10.194    74.0012 4.9395e+02     8.1768     -0.163     -0.236    24.4442 0.0000e+00
     -0.139      0.028     7.8226     89.037     32.919  32.556680     5.8556     10.208    74.8043 4.4083e+02     8.1347     -0.135     -0.196    24.4488 0.0000e+00
     -0.120      0.035     7.7076     88.287     32.720  32.359335     5.9139     10.218    75.9594 4.1535e+02     7.9860     -0.112     -0.162    24.4511 0.0000e+00
     -0.112      0.026     7.6002     87.602     32.583  32.222165     5.8806     10.228    76.7824 4.0681e+02     7.9151     -0.109     -0.158    24.4491 0.0000e+00
     -0.111      0.011     7.5035     86.817     32.528  32.166933     5.8442     10.237    76.4091 4.0687e+02     7.9608     -0.108     -0.158    24.4454 0.0000e+00
     -0.114     -0.000     7.4268     85.922     32.498  32.135594     5.8312     10.247    75.5755 4.1457e+02     7.9927     -0.111     -0.160    24.4432 0.0000e+00
     -0.120     -0.005     7.3669     85.079     32.459  32.096989     5.8567     10.258    75.1355 4.1907e+02     7.9246     -0.117     -0.169    24.4427 0.0000e+00
     -0.125     -0.001     7.3181     84.510     32.444  32.080790     5.8702     10.269    75.1331 4.2196e+02     7.8200     -0.124     -0.180    24.4418 0.0000e+00
     -0.129      0.008     7.2519     84.315     32.431  32.066611     5.8693     10.280    75.6317 4.2001e+02     7.8214     -0.129     -0.187    24.4393 0.0000e+00
     -0.126      0.017     7.1726     84.430     32.417  32.052426     5.8868     10.290    76.6048 4.1414e+02     7.9417     -0.126     -0.183    24.4369 0.0000e+00
     -0.116      0.022     7.0943     84.734     32.402  32.036153     5.8988     10.297    77.5209 4.0843e+02     8.0100     -0.115     -0.167    24.4350 0.0000e+00
     -0.102      0.023     7.0433     85.081     32.363  31.996728     5.9152     10.304    77.9318 4.0765e+02     7.9310     -0.100     -0.144    24.4334 0.0000e+00
     -0.091      0.020     7.0311     85.321     32.324  31.956359     5.9269     10.311    78.0456 4.1249e+02     7.8056     -0.087     -0.126    24.4323 0.0000e+00
     -0.086      0.014     7.0434     85.283     32.297  31.928675     5.9409     10.316    78.2076 4.1285e+02     7.7930     -0.082     -0.119    24.4314 0.0000e+00
     -0.088      0.008     7.0744     84.845     32.286  31.915760     5.9755     10.321    78.6005 4.0499e+02     7.8804     -0.085     -0.123    24.4303 0.0000e+00
     -0.093      0.006     7.1065     84.085     32.299  31.927065     5.9879     10.325    79.0955 3.9686e+02     7.9400     -0.092     -0.133    24.4287 0.0000e+00
     -0.096      0.006     7.1329     83.285     32.312  31.938485     5.9408     10.329    79.6331 3.9306e+02     7.8645     -0.096     -0.138    24.4261 0.0000e+00
     -0.094      0.008     7.1351     82.713     32.301  31.926969     5.8551     10.332    80.4549 3.9141e+02     7.7195     -0.094     -0.136    24.4233 0.0000e+00
     -0.088      0.011     7.0967     82.438     32.290  31.914699     5.8174     10.335    81.4596 3.8933e+02     7.7573     -0.087     -0.126    24.4210 0.0000e+00
     -0.079      0.011     7.0234     82.396     32.293  31.917004     5.8433     10.338    82.3167 3.8607e+02     7.9119     -0.077     -0.112    24.4185 0.0000e+00
     -0.074      0.009     6.9473     82.529     32.333  31.954830     5.8517     10.339    82.6446 3.8403e+02     7.9151     -0.071     -0.102    24.4166 0.0000e+00
     -0.073      0.004     6.8986     82.784     32.629  32.245169     5.8354     10.340    82.4134 3.8573e+02     7.7960     -0.071     -0.103    24.4156 0.0000e+00
     -0.076      0.000     6.8796     83.303     32.771  32.382414     5.8468     10.343    82.2748 3.9055e+02     7.7359     -0.075     -0.108    24.4142 0.0000e+00
     -0.080     -0.002     6.8766     84.770     32.288  31.901338     5.8805     10.347    82.5163 3.9603e+02     7.8033     -0.079     -0.114    24.4118 0.0000e+00
     -0.081     -0.005     6.8908     87.992     31.889  31.503527     5.9109     10.351    82.5800 4.0181e+02     7.9281     -0.081     -0.118    24.4090 0.0000e+00
     -0.081     -0.009     6.9127     92.766     31.828  31.442240     5.9145     10.356    82.0987 4.0897e+02     7.9121     -0.080     -0.116    24.4065 0.0000e+00
     -0.079     -0.014     6.9355     97.928     31.797  31.414064     5.8905     10.361    81.5161 4.1452e+02     7.7805     -0.075     -0.109    24.4025 0.0000e+00
     -0.080     -0.017     7.0221    102.566     31.796  31.416595     5.8708     10.367    81.3859 4.1492e+02     7.7376     -0.076     -0.110    24.3957 0.0000e+00
     -0.088     -0.018     7.2973    106.277     31.785  31.409423     5.8762     10.373    81.6429 4.1310e+02     7.8034     -0.085     -0.122    24.3870 0.0000e+00
     -0.100     -0.017     7.7473    108.867     31.764  31.390792     5.9298     10.377    81.9571 4.1471e+02     7.9273     -0.100     -0.145    24.3842 0.0000e+00
     -0.109     -0.012     8.2019    110.348     31.755  31.381630     5.9858     10.382    82.3449 4.1635e+02     7.9376     -0.110     -0.159    24.3903 0.0000e+00
     -0.111     -0.005     8.5953    110.794     31.738  31.362079     5.9882     10.385    82.8902 4.1117e+02     7.8246     -0.111     -0.161    24.3980 0.0000e+00
     -0.108      0.004     8.9136    110.338     31.724  31.344703     6.0002     10.388    83.3877 4.0428e+02     7.8253     -0.107     -0.156    24.4047 0.0000e+00
     -0.102      0.010     9.1255    109.363     31.744  31.361842     6.0387     10.391    83.8004 4.0139e+02     7.9125     -0.100     -0.146    24.4080 0.0000e+00
     -0.097      0.015     9.2471    108.291     31.762  31.378999     6.0552     10.394    84.3518 4.0066e+02     7.9560     -0.094     -0.137    24.4063 0.0000e+00
     -0.092      0.016     9.2854    107.351     31.743  31.361841     6.0407     10.396    84.8928 4.0138e+02     7.9071     -0.089     -0.129    24.4013 0.0000e+00
     -0.089      0.016     9.2341    106.649     31.724  31.344696     6.0056     10.397    85.3517 4.0094e+02     7.7660     -0.087     -0.127    24.3945 0.0000e+00
