Data/DataNotYetUploadedToEDI/Raw_CTD/RawDownloads/061625_fcr50_S7809006.cnv
* Sea-Bird SBE19plus  Data File:
* FileName = C:\R\Reservoirs\Data\DataNotYetUploadedToEDI\Raw_CTD\RawDownloads\061625_fcr10_S7809_0006.hex
* Software version 2.8.0.119
* Temperature SN = 7809
* Conductivity SN = 7809
* System UpLoad Time = Jun 16 2025 17:27:51
* <ApplicationData>
* <Seaterm232>
# nquan = 15
# nvalues = 1803                        
# units = specified
# name 0 = depFM: Depth [fresh water, m]
# name 1 = dz/dtM: Descent Rate [m/s]
# name 2 = sbeox0Mg/L: Oxygen, SBE 43 [mg/l]
# name 3 = sbeox0PS: Oxygen, SBE 43 [% saturation]
# name 4 = specc: Specific Conductance [uS/cm]
# name 5 = c0uS/cm: Conductivity [uS/cm]
# name 6 = flECO-AFL: Fluorescence, WET Labs ECO-AFL/FL [mg/m^3]
# name 7 = ph: pH
# name 8 = orp: Oxidation Reduction Potential [mV]
# name 9 = par/sat/log: PAR/Logarithmic, Satlantic
# name 10 = turbWETntu0: Turbidity, WET Labs ECO [NTU]
# name 11 = prdM: Pressure, Strain Gauge [db]
# name 12 = prdE: Pressure, Strain Gauge [psi]
# name 13 = tv290C: Temperature [ITS-90, deg C]
# name 14 = flag:  0.000e+00
# span 0 =     -0.633,      9.683       
# span 1 =     -0.562,      0.384       
# span 2 =    -0.6431,    14.6789       
# span 3 =     -5.595,    158.861       
# span 4 =      1.007,    202.028       
# span 5 =   0.914023, 144.183606       
# span 6 =    -0.8200,    29.1915       
# span 7 =      7.709,     11.224       
# span 8 =  -137.6521,   346.9300       
# span 9 = 1.2360e-01, 6.0327e+02       
# span 10 =    -1.1881,   174.4400      
# span 11 =     -0.624,      9.498      
# span 12 =     -0.904,     13.774      
# span 13 =    10.6808,    24.6139      
# span 14 = 0.0000e+00, 0.0000e+00      
# interval = seconds: 0.25
# start_time = Jun 16 2025 12:00:57 [Instrument's time stamp, header]
# bad_flag = -9.990e-29
*END*
[from data line 772]
      5.716      0.011     9.0877     81.137     41.912  30.143229     0.7744      8.198   127.0831 1.2387e-01     5.3930      5.606      8.130    10.8529 0.0000e+00
      5.716      0.006     9.0520     81.042     41.868  30.144596     0.7976      8.193   127.5377 1.2392e-01     5.4497      5.605      8.129    10.8486 0.0000e+00
      5.716      0.011     9.0178     80.962     41.868  30.168824     0.7936      8.190   127.8977 1.2388e-01     5.3811      5.605      8.129    10.8642 0.0000e+00
      5.718      0.026     8.9784     80.795     41.860  30.182455     0.7926      8.187   128.4248 1.2378e-01     5.3481      5.607      8.133    10.9088 0.0000e+00
      5.721      0.053     8.9520     80.374     41.844  30.182557     0.8098      8.182   129.4372 1.2378e-01     5.4271      5.609      8.134    10.9612 0.0000e+00
      5.727      0.084     8.9344     79.583     41.819  30.170080     0.8028      8.178   130.8458 1.2384e-01     5.4813      5.612      8.139    11.0001 0.0000e+00
      5.747      0.108     8.9234     78.462     41.808  30.158464     0.7660      8.174   132.0348 1.2384e-01     5.4226      5.628      8.162    11.0279 0.0000e+00
      5.788      0.120     8.9074     77.097     41.847  30.168971     0.7311      8.171   132.5415 1.2378e-01     5.2981      5.667      8.220    11.0520 0.0000e+00
      5.846      0.119     8.8652     75.578     41.884  30.170231     0.7221      8.167   132.8418 1.2374e-01     5.3083      5.737      8.322    11.0656 0.0000e+00
      5.895      0.104     8.7724     74.020     41.916  30.173674     0.7312      8.161   133.5154 1.2375e-01     5.4443      5.796      8.407    11.0727 0.0000e+00
      5.916      0.079     8.6454     72.538     41.974  30.210572     0.7338      8.156   134.4051 1.2374e-01     5.5417      5.807      8.422    11.0737 0.0000e+00
      5.919      0.048     8.4979     71.293     41.996  30.235743     0.7118      8.151   135.3390 1.2372e-01     5.5288      5.806      8.419    11.0483 0.0000e+00
      5.918      0.021     8.3317     70.446     41.957  30.224295     0.6810      8.148   135.9453 1.2373e-01     5.3912      5.805      8.420    11.0108 0.0000e+00
      5.914      0.010     8.1626     70.032     41.897  30.199043     0.7115      8.145   135.9708 1.2375e-01     5.3475      5.799      8.411    10.9845 0.0000e+00
      5.912      0.015     7.9935     70.021     41.854  30.184181     0.7895      8.141   135.9054 1.2376e-01     5.4436      5.797      8.407    10.9773 0.0000e+00
      5.914      0.029     7.8448     70.381     41.822  30.171485     0.8090      8.138   136.1009 1.2376e-01     5.4259      5.798      8.409    10.9924 0.0000e+00
      5.920      0.044     7.7478     71.048     41.821  30.172419     0.7721      8.135   136.6142 1.2376e-01     5.3380      5.801      8.414    11.0158 0.0000e+00
      5.935      0.056     7.7001     71.885     41.865  30.195478     0.7588      8.131   137.4662 1.2381e-01     5.4063      5.817      8.437    11.0371 0.0000e+00
      5.959      0.062     7.6955     72.703     41.886  30.196537     0.7901      8.127   138.3998 1.2391e-01     5.5339      5.843      8.475    11.0581 0.0000e+00
      5.984      0.062     7.7345     73.340     41.883  30.185214     0.8252      8.123   139.2987 1.2393e-01     5.4800      5.871      8.516    11.0733 0.0000e+00
      6.004      0.055     7.8128     73.722     41.883  30.185432     0.8258      8.119   140.2468 1.2388e-01     5.3351      5.892      8.546    11.0751 0.0000e+00
      6.014      0.044     7.9158     73.876     41.894  30.199166     0.8218      8.116   140.9152 1.2383e-01     5.3541      5.900      8.557    11.0632 0.0000e+00
      6.019      0.033     8.0159     73.877     41.914  30.224405     0.8522      8.113   141.1854 1.2376e-01     5.4702      5.902      8.560    11.0407 0.0000e+00
      6.024      0.028     8.0923     73.842     41.909  30.236870     0.8854      8.110   141.4493 1.2373e-01     5.5102      5.908      8.568    11.0279 0.0000e+00
      6.027      0.031     8.1312     73.863     41.871  30.223029     0.8909      8.106   141.8685 1.2376e-01     5.4618      5.912      8.574    11.0325 0.0000e+00
      6.030      0.043     8.1446     73.939     41.811  30.183940     0.8596      8.104   142.3815 1.2376e-01     5.3626      5.911      8.574    11.0377 0.0000e+00
      6.038      0.057     8.1382     74.062     41.771  30.144853     0.8226      8.102   142.8336 1.2375e-01     5.3702      5.918      8.584    11.0493 0.0000e+00
      6.056      0.067     8.1233     74.213     41.791  30.131027     0.8187      8.100   143.3780 1.2374e-01     5.4861      5.936      8.608    11.0742 0.0000e+00
      6.082      0.072     8.1254     74.303     41.858  30.143602     0.8123      8.097   144.0587 1.2372e-01     5.4654      5.963      8.648    11.0919 0.0000e+00
      6.112      0.071     8.1325     74.269     41.933  30.169997     0.8125      8.094   144.3534 1.2374e-01     5.3240      5.997      8.698    11.0986 0.0000e+00
      6.136      0.063     8.1462     74.156     41.986  30.196399     0.8457      8.091   144.4462 1.2379e-01     5.2461      6.022      8.734    11.0901 0.0000e+00
      6.148      0.051     8.1758     74.104     41.998  30.209075     0.8893      8.088   144.8362 1.2384e-01     5.3086      6.032      8.748    11.0514 0.0000e+00
      6.153      0.041     8.1982     74.239     41.964  30.196396     0.9319      8.085   145.2834 1.2388e-01     5.4313      6.034      8.752    11.0005 0.0000e+00
      6.156      0.040     8.2000     74.599     41.915  30.169984     0.9361      8.082   145.8093 1.2389e-01     5.3963      6.036      8.756    10.9635 0.0000e+00
      6.159      0.047     8.1832     75.190     41.887  30.143469     0.8982      8.080   146.6354 1.2388e-01     5.3306      6.039      8.759    10.9505 0.0000e+00
      6.165      0.058     8.1697     75.924     41.900  30.129539     0.8571      8.078   146.8395 1.2381e-01     5.3876      6.041      8.761    10.9594 0.0000e+00
      6.185      0.067     8.1819     76.598     41.931  30.128397     0.8384      8.075   146.2123 1.2368e-01     5.4366      6.059      8.787    10.9773 0.0000e+00
      6.217      0.070     8.2164     77.083     41.950  30.129647     0.8549      8.072   146.2791 1.2367e-01     5.4791      6.100      8.846    10.9947 0.0000e+00
      6.246      0.066     8.2849     77.384     41.975  30.144640     0.8484      8.069   147.1307 1.2376e-01     5.4573      6.132      8.893    10.9893 0.0000e+00
      6.262      0.056     8.3848     77.575     42.018  30.182802     0.8101      8.067   147.9914 1.2378e-01     5.4124      6.143      8.909    10.9503 0.0000e+00
      6.271      0.040     8.4704     77.764     42.028  30.210461     0.8081      8.064   148.7706 1.2377e-01     5.4824      6.152      8.922    10.9168 0.0000e+00
      6.276      0.025     8.5251     78.054     42.012  30.225344     0.8245      8.060   148.8085 1.2378e-01     5.5520      6.157      8.929    10.9061 0.0000e+00
      6.276      0.016     8.5567     78.463     41.988  30.235910     0.8003      8.057   148.1908 1.2376e-01     5.5031      6.154      8.926    10.8998 0.0000e+00
      6.276      0.017     8.5722     78.914     41.922  30.211375     0.7485      8.055   148.0990 1.2375e-01     5.3695      6.155      8.926    10.9076 0.0000e+00
      6.276      0.031     8.5821     79.310     41.866  30.182457     0.7387      8.054   148.5589 1.2375e-01     5.3369      6.156      8.928    10.9356 0.0000e+00
      6.279      0.055     8.6063     79.520     41.817  30.140014     0.7650      8.052   149.1912 1.2374e-01     5.4511      6.155      8.927    10.9690 0.0000e+00
      6.289      0.082     8.6495     79.389     41.777  30.078797     0.7587      8.051   150.2377 1.2375e-01     5.4858      6.164      8.939    11.0044 0.0000e+00
      6.313      0.102     8.6953     78.826     41.842  30.076591     0.7299      8.050   151.4038 1.2379e-01     5.4488      6.184      8.969    11.0341 0.0000e+00
      6.353      0.112     8.7412     77.912     41.956  30.113291     0.7243      8.047   151.8468 1.2382e-01     5.4479      6.224      9.026    11.0511 0.0000e+00
      6.405      0.108     8.7711     76.882     42.033  30.141879     0.7409      8.043   151.6359 1.2384e-01     5.4408      6.285      9.116    11.0489 0.0000e+00
      6.445      0.093     8.7709     76.026     42.077  30.168480     0.7564      8.040   151.6929 1.2379e-01     5.4313      6.331      9.183    11.0049 0.0000e+00
      6.461      0.072     8.7197     75.646     42.078  30.181183     0.7533      8.037   152.0203 1.2371e-01     5.3678      6.341      9.197    10.9344 0.0000e+00
      6.464      0.050     8.6194     75.868     42.030  30.168609     0.7444      8.033   152.4114 1.2370e-01     5.3559      6.339      9.195    10.8759 0.0000e+00
      6.463      0.035     8.5028     76.613     41.970  30.143339     0.7573      8.031   152.9808 1.2375e-01     5.4921      6.339      9.194    10.8429 0.0000e+00
      6.463      0.032     8.3933     77.731     41.950  30.129405     0.7677      8.029   153.3984 1.2372e-01     5.5456      6.335      9.189    10.8394 0.0000e+00
      6.470      0.039     8.3427     78.956     41.961  30.127007     0.7703      8.027   153.5889 1.2368e-01     5.4213      6.341      9.198    10.8554 0.0000e+00
      6.485      0.049     8.3680     79.985     41.960  30.114322     0.7813      8.025   153.9066 1.2373e-01     5.3214      6.361      9.225    10.8880 0.0000e+00
      6.503      0.054     8.4472     80.679     41.959  30.102892     0.7749      8.023   154.4004 1.2377e-01     5.3635      6.376      9.248    10.9178 0.0000e+00
      6.523      0.054     8.5826     81.022     41.989  30.115662     0.7759      8.021   154.9130 1.2371e-01     5.4863      6.396      9.276    10.9132 0.0000e+00
      6.542      0.049     8.7370     81.056     42.029  30.141845     0.8015      8.018   155.4581 1.2368e-01     5.5767      6.420      9.311    10.8957 0.0000e+00
      6.553      0.048     8.8569     80.915     42.055  30.165731     0.8186      8.016   156.3453 1.2374e-01     5.5688      6.430      9.326    10.8815 0.0000e+00
      6.557      0.058     8.9364     80.748     42.024  30.150737     0.8245      8.016   157.3798 1.2379e-01     5.5267      6.430      9.326    10.8676 0.0000e+00
      6.560      0.082     8.9764     80.650     41.945  30.087429     0.8312      8.016   157.8133 1.2379e-01     5.5793      6.432      9.328    10.8571 0.0000e+00
      6.568      0.109     8.9748     80.646     41.904  30.034608     0.8249      8.014   158.3181 1.2380e-01     5.6923      6.435      9.333    10.8512 0.0000e+00
      6.596      0.129     8.9509     80.691     41.922  30.019523     0.7824      8.012   159.0957 1.2379e-01     5.6640      6.455      9.362    10.8597 0.0000e+00
      6.656      0.139     8.9255     80.733     41.967  30.031879     0.7325      8.010   159.1269 1.2374e-01     5.5446      6.522      9.459    10.8780 0.0000e+00
      6.726      0.137     8.9142     80.782     42.016  30.057119     0.7298      8.007   158.8670 1.2374e-01     5.5804      6.609      9.586    10.8729 0.0000e+00
      6.771      0.126     8.9234     80.867     42.038  30.070948     0.7491      8.005   159.6538 1.2374e-01     5.6869      6.654      9.652    10.8360 0.0000e+00
      6.783      0.107     8.9408     81.065     42.040  30.072215     0.7418      8.003   161.1548 1.2374e-01     5.6364      6.654      9.651    10.7972 0.0000e+00
      6.786      0.083     8.9476     81.442     42.044  30.072435     0.7153      8.000   161.9573 1.2373e-01     5.4827      6.649      9.645    10.7728 0.0000e+00
      6.798      0.063     8.9556     81.903     42.051  30.073610     0.6868      7.999   161.9578 1.2377e-01     5.3653      6.663      9.663    10.7623 0.0000e+00
      6.820      0.051     8.9624     82.342     42.069  30.086411     0.7141      7.997   161.6770 1.2388e-01     5.3794      6.688      9.700    10.7629 0.0000e+00
      6.843      0.046     8.9765     82.752     42.079  30.100346     0.7796      7.994   161.8323 1.2398e-01     5.4146      6.715      9.739    10.7657 0.0000e+00
      6.858      0.038     9.0270     83.123     42.086  30.115233     0.8040      7.991   163.1463 1.2396e-01     5.3459      6.729      9.761    10.7610 0.0000e+00
      6.862      0.026     9.0848     83.419     42.103  30.139558     0.8005      7.988   164.9168 1.2381e-01     5.2994      6.731      9.763    10.7532 0.0000e+00
      6.861      0.013     9.1318     83.608     42.084  30.140730     0.7794      7.986   165.8594 1.2374e-01     5.2969      6.730      9.761    10.7528 0.0000e+00
      6.860      0.004     9.1757     83.683     42.046  30.129424     0.7656      7.983   165.9394 1.2378e-01     5.3506      6.726      9.756    10.7620 0.0000e+00
      6.859      0.000     9.2160     83.673     42.027  30.129746     0.7579      7.980   165.7115 1.2377e-01     5.4016      6.725      9.754    10.7760 0.0000e+00
      6.860      0.000     9.2467     83.602     42.032  30.144636     0.7282      7.978   165.6865 1.2371e-01     5.2991      6.727      9.757    10.7889 0.0000e+00
      6.861      0.001     9.2651     83.464     42.069  30.182592     0.7142      7.976   166.3249 1.2371e-01     5.2044      6.728      9.759    10.8070 0.0000e+00
      6.861      0.001     9.2664     83.221     42.087  30.208077     0.7548      7.975   167.4071 1.2380e-01     5.3496      6.728      9.758    10.8294 0.0000e+00
      6.861      0.001     9.2612     82.873     42.053  30.199047     0.8280      7.973   168.1892 1.2383e-01     5.6197      6.729      9.760    10.8444 0.0000e+00
      6.861      0.001     9.2507     82.481     42.031  30.200304     0.8595      7.970   168.5547 1.2379e-01     5.7036      6.728      9.759    10.8562 0.0000e+00
      6.861      0.001     9.2347     82.083     42.042  30.223294     0.8345      7.969   168.6419 1.2379e-01     5.6123      6.728      9.758    10.8702 0.0000e+00
      6.861      0.001     9.2059     81.685     42.029  30.223295     0.8174      7.967   168.4691 1.2379e-01     5.5751      6.728      9.759    10.8845 0.0000e+00
      6.861      0.001     9.1587     81.254     41.989  30.200324     0.8284      7.965   168.6161 1.2376e-01     5.5951      6.729      9.760    10.9021 0.0000e+00
      6.862      0.001     9.1109     80.792     41.981  30.199292     0.8344      7.963   169.3013 1.2376e-01     5.5810      6.730      9.761    10.9243 0.0000e+00
      6.862      0.001     9.0609     80.351     41.986  30.210825     0.8147      7.961   170.0421 1.2378e-01     5.5061      6.729      9.760    10.9446 0.0000e+00
      6.862      0.001     9.0177     79.951     41.973  30.212914     0.7981      7.959   170.6043 1.2379e-01     5.4418      6.730      9.761    10.9555 0.0000e+00
      6.863      0.001     8.9699     79.584     41.973  30.224549     0.8259      7.957   171.0223 1.2378e-01     5.4868      6.730      9.762    10.9594 0.0000e+00
      6.863      0.001     8.9134     79.242     41.954  30.224652     0.8670      7.955   171.3100 1.2376e-01     5.5032      6.731      9.762    10.9645 0.0000e+00
      6.863      0.001     8.8637     78.935     41.918  30.214176     0.8707      7.954   171.5885 1.2376e-01     5.4022      6.731      9.762    10.9734 0.0000e+00
      6.864      0.001     8.8162     78.670     41.915  30.224773     0.8537      7.953   171.4637 1.2376e-01     5.3239      6.731      9.762    10.9876 0.0000e+00
      6.864      0.002     8.7739     78.444     41.908  30.225926     0.8695      7.950   171.0917 1.2376e-01     5.3762      6.731      9.762    11.0023 0.0000e+00
      6.864      0.002     8.7323     78.245     41.911  30.228119     0.9123      7.949   171.3066 1.2378e-01     5.4877      6.731      9.763    11.0168 0.0000e+00
