Data/DataNotYetUploadedToEDI/Raw_CTD/RawDownloads/061625_fcr20_S7809002.cnv
* Sea-Bird SBE19plus  Data File:
* FileName = C:\R\Reservoirs\Data\DataNotYetUploadedToEDI\Raw_CTD\RawDownloads\061625_fcr10_S7809_0002.hex
* Software version 2.8.0.119
* Temperature SN = 7809
* Conductivity SN = 7809
* System UpLoad Time = Jun 16 2025 17:25:20
* <ApplicationData>
* <Seaterm232>
# nquan = 15
# nvalues = 1071                        
# units = specified
# name 0 = depFM: Depth [fresh water, m]
# name 1 = dz/dtM: Descent Rate [m/s]
# name 2 = sbeox0Mg/L: Oxygen, SBE 43 [mg/l]
# name 3 = sbeox0PS: Oxygen, SBE 43 [% saturation]
# name 4 = specc: Specific Conductance [uS/cm]
# name 5 = c0uS/cm: Conductivity [uS/cm]
# name 6 = flECO-AFL: Fluorescence, WET Labs ECO-AFL/FL [mg/m^3]
# name 7 = ph: pH
# name 8 = orp: Oxidation Reduction Potential [mV]
# name 9 = par/sat/log: PAR/Logarithmic, Satlantic
# name 10 = turbWETntu0: Turbidity, WET Labs ECO [NTU]
# name 11 = prdM: Pressure, Strain Gauge [db]
# name 12 = prdE: Pressure, Strain Gauge [psi]
# name 13 = tv290C: Temperature [ITS-90, deg C]
# name 14 = flag:  0.000e+00
# span 0 =     -0.633,      3.739       
# span 1 =     -0.388,      2.803       
# span 2 =    -0.0183,    13.5055       
# span 3 =      0.071,    142.993       
# span 4 =      1.156,    338.996       
# span 5 =   1.083724, 263.715643       
# span 6 =    -0.3472,    24.8135       
# span 7 =      8.712,     11.039       
# span 8 = -1240.7455,   158.5732       
# span 9 = 1.0985e+00, 2.0681e+03       
# span 10 =    -0.2246,   109.5908      
# span 11 =     -0.622,      3.667      
# span 12 =     -0.903,      5.319      
# span 13 =    13.0063,    24.4325      
# span 14 = 0.0000e+00, 0.0000e+00      
# interval = seconds: 0.25
# start_time = Jun 16 2025 11:13:35 [Instrument's time stamp, header]
# bad_flag = -9.990e-29
*END*
[from data line 675]
      2.497      0.055     5.9831     20.376     50.994  41.759686    12.7663     10.329   155.1199 9.3026e+00     6.2367      2.446      3.549    16.1051 0.0000e+00
      2.516      0.068     5.0682     12.399     57.939  47.344705    11.3243     10.320   155.1204 9.0366e+00     6.0013      2.466      3.577    16.0885 0.0000e+00
      2.537      0.078     4.0319      6.520     66.111  53.903067     8.6626     10.310   154.9748 8.7420e+00     5.3934      2.487      3.608    16.0591 0.0000e+00
      2.558      0.082     2.9302      2.734     73.239  59.590779     7.2099     10.299   154.9078 8.4088e+00     5.0698      2.507      3.638    16.0217 0.0000e+00
      2.583      0.080     1.9501      0.723     78.536  63.778449     7.0603     10.289   155.1703 8.0405e+00     5.1626      2.531      3.672    15.9578 0.0000e+00
      2.608      0.072     1.1537      0.071     81.369  65.972368     6.8363     10.279   155.9979 7.7320e+00     5.2175      2.560      3.712    15.8630 0.0000e+00
      2.628      0.062     0.5696      0.192     81.075  65.657259     6.4499     10.267   157.1703 7.5244e+00     5.0508      2.581      3.742    15.7682 0.0000e+00
      2.642      0.051     0.2133      0.565     80.309  64.988579     6.2427     10.254   158.0750 7.3910e+00     4.8887      2.592      3.760    15.6826 0.0000e+00
      2.650      0.040     0.0208      0.927     81.467  65.893989     6.2200     10.243   158.4187 7.3352e+00     4.7951      2.601      3.772    15.5991 0.0000e+00
      2.655      0.031    -0.0183      1.133     82.954  67.072743     6.2333     10.232   158.4863 7.3034e+00     4.7730      2.604      3.776    15.5290 0.0000e+00
      2.659      0.026     0.0140      1.148     83.409  67.421261     6.2870     10.221   158.5489 7.2365e+00     4.8264      2.607      3.780    15.4804 0.0000e+00
      2.666      0.026     0.0560      1.028     83.605  67.565948     6.3372     10.210   158.5732 7.1600e+00     4.8260      2.614      3.792    15.4539 0.0000e+00
      2.673      0.031     0.0999      0.878     84.705  68.440811     6.3487     10.195   158.4358 7.0818e+00     4.8364      2.622      3.804    15.4373 0.0000e+00
      2.679      0.046     0.1195      0.797     86.588  69.927731     6.0682     10.161   157.6619 6.9989e+00     4.9180      2.627      3.811    15.4232 0.0000e+00
      2.686      0.071     0.1205      0.868     88.698  71.561851     5.5008     10.089   154.9800 6.9072e+00     4.9586      2.633      3.819    15.4113 0.0000e+00
      2.697      0.100     0.1032      1.088     91.259  73.516086     5.1644      9.989   149.9281 6.7332e+00     4.8829      2.641      3.831    15.4030 0.0000e+00
      2.722      0.126     0.0854      1.319     94.093  75.630191     5.1139      9.884   143.0414 6.3752e+00     4.8566      2.660      3.858    15.4006 0.0000e+00
      2.767      0.143     0.0743      1.512     96.670  77.479144     4.9078      9.793   133.8336 5.8580e+00     4.8121      2.707      3.926    15.3842 0.0000e+00
      2.826      0.148     0.0788      1.700     98.331  78.577896     4.4112      9.722   122.8296 5.3814e+00     4.5836      2.775      4.024    15.3437 0.0000e+00
      2.880      0.141     0.1110      1.870     99.097  78.996062     4.0035      9.667   111.6925 5.0904e+00     4.3489      2.832      4.107    15.2874 0.0000e+00
      2.915      0.123     0.1344      1.968     99.319  79.037692     3.8815      9.619   100.9593 4.9674e+00     4.2626      2.865      4.155    15.1986 0.0000e+00
      2.935      0.096     0.1516      1.964     98.761  78.508786     3.8524      9.575    90.5379 4.9131e+00     4.2915      2.880      4.177    15.0745 0.0000e+00
      2.948      0.068     0.1719      1.919     97.442  77.433505     3.8096      9.536    79.8162 4.8420e+00     4.4588      2.891      4.193    14.9440 0.0000e+00
      2.961      0.044     0.1915      1.895     95.212  75.701198     3.7715      9.499    68.4623 4.7738e+00     4.7483      2.903      4.211    14.8424 0.0000e+00
      2.971      0.028     0.2044      1.885     92.505  73.648785     3.7742      9.464    57.2798 4.7546e+00     4.9223      2.915      4.228    14.7804 0.0000e+00
      2.977      0.018     0.2007      1.874     90.746  72.389463     3.8089      9.433    47.2550 4.7748e+00     4.9921      2.921      4.236    14.7326 0.0000e+00
      2.977      0.010     0.1925      1.861     89.816  71.790611     3.8417      9.407    38.5402 4.8091e+00     4.7719      2.920      4.235    14.7161 0.0000e+00
      2.976      0.005     0.1920      1.861     88.911  71.175642     3.8546      9.383    31.0657 4.8390e+00     4.1733      2.918      4.232    14.7405 0.0000e+00
      2.974      0.003     0.1909      1.892     88.197  70.674742     3.8405      9.360    24.8525 4.8556e+00     3.7667      2.916      4.230    14.7956 0.0000e+00
      2.974      0.006     0.1895      1.949     87.358  70.056588     3.8367      9.340    19.2575 4.8574e+00     3.7842      2.916      4.230    14.8828 0.0000e+00
      2.975      0.014     0.1880      2.060     86.731  69.612591     3.8837      9.322    13.4056 4.8170e+00     3.9399      2.917      4.231    14.9699 0.0000e+00
      2.978      0.027     0.1854      2.274     87.484  70.263993     3.9520      9.303     7.1831 4.7195e+00     4.0104      2.919      4.233    15.0324 0.0000e+00
      2.985      0.048     0.1906      2.609     89.749  72.085288     3.9879      9.279     1.5827 4.5874e+00     3.9530      2.925      4.242    15.0664 0.0000e+00
      2.995      0.074     0.1942      3.053     93.281  74.852922     3.9848      9.252    -3.2017 4.4223e+00     3.8954      2.936      4.258    15.0902 0.0000e+00
      3.011      0.099     0.2031      3.538     96.430  77.217974     3.8140      9.225    -8.2462 4.1765e+00     3.9286      2.949      4.276    15.1287 0.0000e+00
      3.040      0.118     0.2243      4.026     97.589  77.920716     3.4880      9.204   -13.9812 3.8125e+00     3.9106      2.975      4.314    15.1657 0.0000e+00
      3.085      0.128     0.2570      4.505     97.957  78.008985     3.3143      9.186   -20.0595 3.4086e+00     3.8477      3.023      4.385    15.1678 0.0000e+00
      3.135      0.130     0.3064      4.927     98.473  78.284979     3.3115      9.170   -25.8127 3.1016e+00     3.8865      3.078      4.466    15.1393 0.0000e+00
      3.174      0.127     0.3565      5.202     98.704  78.396286     3.2880      9.158   -30.8002 2.9473e+00     3.9696      3.119      4.525    15.0524 0.0000e+00
      3.197      0.118     0.4065      5.246     98.546  78.210196     3.2045      9.150   -35.0204 2.8768e+00     3.8956      3.138      4.552    14.9115 0.0000e+00
      3.214      0.104     0.4576      5.039     98.367  77.942438     3.1429      9.142   -38.9818 2.7770e+00     3.7428      3.148      4.565    14.8001 0.0000e+00
      3.238      0.087     0.5045      4.602     98.528  77.892812     3.1346      9.135   -42.9910 2.6314e+00     3.6939      3.171      4.599    14.7350 0.0000e+00
      3.268      0.071     0.5369      3.994     98.814  77.991465     3.1452      9.130   -46.5848 2.5094e+00     3.6799      3.208      4.653    14.7031 0.0000e+00
      3.293      0.057     0.5409      3.293     98.865  77.990589     3.1550      9.124   -49.9115 2.4568e+00     3.6758      3.235      4.692    14.6959 0.0000e+00
      3.305      0.043     0.5209      2.594     98.702  77.882176     3.1525      9.118   -53.1850 2.4564e+00     3.6789      3.244      4.704    14.6307 0.0000e+00
      3.307      0.027     0.4747      1.974     98.407  77.698015     3.1652      9.112   -56.0520 2.4703e+00     3.6493      3.244      4.705    14.5097 0.0000e+00
      3.305      0.013     0.4111      1.460     97.968  77.417129     3.1673      9.107   -58.5919 2.4772e+00     3.5908      3.241      4.700    14.4429 0.0000e+00
      3.304      0.005     0.3360      1.090     97.514  77.156545     3.1780      9.102   -61.0081 2.4729e+00     3.5173      3.239      4.698    14.4294 0.0000e+00
      3.305      0.003     0.2607      0.863     97.128  76.963545     3.2448      9.096   -63.2408 2.4704e+00     3.4793      3.241      4.701    14.4445 0.0000e+00
      3.307      0.003     0.1985      0.732     96.739  76.736821     3.2924      9.090   -65.2812 2.4686e+00     3.4724      3.243      4.704    14.4746 0.0000e+00
      3.309      0.007     0.1430      0.688     96.239  76.386325     3.3040      9.085   -67.1798 2.4523e+00     3.5016      3.244      4.706    14.4995 0.0000e+00
      3.309      0.013     0.1050      0.718     95.583  75.904730     3.3685      9.081   -68.9883 2.4293e+00     3.5936      3.245      4.706    14.5531 0.0000e+00
      3.310      0.023     0.0853      0.779     95.093  75.555120     3.4805      9.078   -70.8864 2.4075e+00     3.6622      3.244      4.705    14.6253 0.0000e+00
      3.313      0.037     0.0710      0.882     95.107  75.592421     3.5433      9.075   -72.6643 2.3693e+00     3.6487      3.248      4.711    14.6666 0.0000e+00
      3.323      0.056     0.0663      1.036     95.443  75.847166     3.5370      9.071   -74.0503 2.2987e+00     3.5667      3.255      4.722    14.6809 0.0000e+00
      3.338      0.076     0.0727      1.186     95.834  76.092131     3.5546      9.067   -75.5992 2.2029e+00     3.6955      3.270      4.744    14.7029 0.0000e+00
      3.361      0.092     0.0779      1.336     96.179  76.265413     3.6311      9.062   -77.7979 2.0879e+00     4.0782      3.293      4.776    14.7243 0.0000e+00
      3.391      0.101     0.0859      1.515     96.286  76.225568     3.6874      9.057   -80.2437 1.9524e+00     4.3003      3.323      4.820    14.7438 0.0000e+00
      3.427      0.103     0.1065      1.691     96.094  75.928114     3.7691      9.052   -82.2844 1.8223e+00     4.4347      3.363      4.877    14.7445 0.0000e+00
      3.460      0.096     0.1210      1.840     95.850  75.593321     4.4614      9.046   -83.8867 1.7283e+00     5.4297      3.397      4.927    14.6995 0.0000e+00
      3.484      0.081     0.1331      1.939     95.855  75.483439     5.6909      9.041   -85.3352 1.6597e+00     7.1066      3.419      4.958    14.6492 0.0000e+00
      3.501      0.062     0.1551      1.959     96.000  75.553056     6.3332      9.035   -86.7195 1.6125e+00     7.8697      3.435      4.982    14.5849 0.0000e+00
      3.514      0.043     0.1733      1.903     95.936  75.544946     6.3257      9.030   -87.9775 1.5939e+00     7.8247      3.449      5.003    14.5021 0.0000e+00
      3.521      0.027     0.1893      1.780     95.617  75.385425     5.7591      9.025   -88.9301 1.5848e+00     7.6214      3.455      5.011    14.4261 0.0000e+00
      3.522      0.015     0.2020      1.605     95.273  75.213810     4.7084      9.021   -89.6330 1.5687e+00     7.2568      3.454      5.009    14.3569 0.0000e+00
      3.522      0.008     0.2028      1.395     95.038  75.123042     4.1349      9.016   -90.1960 1.5545e+00     7.0706      3.453      5.008    14.3276 0.0000e+00
      3.522      0.004     0.1970      1.181     94.843  75.050967     4.0767      9.011   -90.8324 1.5530e+00     7.0443      3.453      5.008    14.3605 0.0000e+00
      3.523      0.004     0.1836      1.035     94.599  74.914634     4.0288      9.006   -91.8204 1.5469e+00     6.8022      3.455      5.010    14.4179 0.0000e+00
      3.523      0.006     0.1645      0.993     94.356  74.746198     3.9560      9.002   -93.1941 1.5360e+00     6.3969      3.455      5.011    14.4697 0.0000e+00
      3.524      0.010     0.1434      1.028     94.168  74.603794     3.9282      8.997   -94.9667 1.5209e+00     6.2098      3.455      5.010    14.5207 0.0000e+00
      3.526      0.015     0.1171      1.105     93.982  74.464314     3.9924      8.993   -96.9914 1.4896e+00     6.2815      3.457      5.014    14.5671 0.0000e+00
      3.531      0.021     0.1009      1.216     93.646  74.204083     4.3910      8.991   -99.1760 1.4645e+00     7.1279      3.463      5.022    14.5994 0.0000e+00
      3.537      0.030     0.0982      1.334     93.098  73.745957     8.6061      8.988  -101.4193 1.4537e+00    16.4084      3.469      5.030    14.6093 0.0000e+00
      3.543      0.039     0.1034      1.424     92.414  73.120821    16.3547      8.984  -103.3799 1.4392e+00    33.4350      3.475      5.039    14.6066 0.0000e+00
      3.553      0.047     0.1110      1.518     91.482  72.239611    20.5327      8.982  -104.8131 1.4097e+00    42.6080      3.482      5.049    14.6122 0.0000e+00
      3.569      0.052     0.1225      1.616     91.602  72.117536    20.4357      8.980  -106.0136 1.3680e+00    42.6709      3.498      5.073    14.6210 0.0000e+00
      3.588      0.056     0.1383      1.691    105.562  82.704679    15.3313      8.977  -107.3118 1.3237e+00    34.8103      3.520      5.105    14.6173 0.0000e+00
      3.604      0.058     0.1440      1.752    154.949 120.654851     5.9170      8.975  -108.5505 1.2870e+00    20.1889      3.536      5.129    14.5693 0.0000e+00
      3.617      0.056     0.1540      1.781    221.162 171.216601     0.7843      8.974  -109.7198 1.2648e+00    12.1220      3.545      5.143    14.4878 0.0000e+00
      3.631      0.051     0.1673      1.758    258.893 199.265215     0.3148      8.973  -110.8670 1.2457e+00    11.1261      3.557      5.161    14.3866 0.0000e+00
      3.646      0.044     0.1726      1.696    269.169 206.122367     0.1903      8.972  -112.0102 1.2206e+00     8.2505      3.577      5.189    14.2240 0.0000e+00
      3.659      0.037     0.1819      1.592    271.458 207.235015     0.0444      8.969  -113.2173 1.2059e+00     3.1437      3.591      5.208    14.0206 0.0000e+00
      3.666      0.031     0.1871      1.443    276.553 210.795565    -0.0264      8.967  -114.4497 1.2055e+00     0.4139      3.596      5.216    13.7637 0.0000e+00
      3.671      0.026     0.1839      1.261    293.907 223.810880    -0.0252      8.965  -115.7261 1.2023e+00     0.1814      3.601      5.222    13.4695 0.0000e+00
      3.675      0.023     0.1796      1.091    311.906 237.374820    -0.0157      8.964  -117.0345 1.1997e+00     0.1617      3.604      5.228    13.2543 0.0000e+00
      3.677      0.024     0.1683      0.954    316.492 240.809490    -0.0022      8.961  -118.3953 1.2075e+00     0.2105      3.606      5.230    13.1451 0.0000e+00
      3.681      0.027     0.1534      0.824    308.026 234.326622     0.0208      8.957  -119.8759 1.2195e+00     0.3265      3.609      5.235    13.1045 0.0000e+00
      3.690      0.029     0.1323      0.735    298.289 226.844030     0.0377      8.953  -121.2561 1.2213e+00     0.4039      3.617      5.247    13.0723 0.0000e+00
      3.702      0.030     0.1121      0.711    303.162 230.485986     0.0439      8.949  -122.3490 1.2113e+00     0.3604      3.631      5.266    13.0409 0.0000e+00
      3.713      0.030     0.1019      0.705    312.210 237.346145     0.0454      8.945  -123.3670 1.2032e+00     0.2446      3.642      5.283    13.0410 0.0000e+00
      3.720      0.028     0.0850      0.725    305.089 231.941175     0.0398      8.943  -124.3587 1.2030e+00     0.1646      3.649      5.292    13.0377 0.0000e+00
      3.725      0.023     0.0731      0.786    291.702 221.780688     0.0258      8.941  -125.1336 1.2095e+00     0.0766      3.654      5.299    13.0187 0.0000e+00
      3.730      0.017     0.0762      0.849    285.133 216.804361     0.0013      8.936  -125.7676 1.2183e+00    -0.0674      3.659      5.306    13.0075 0.0000e+00
      3.734      0.012     0.0732      0.909    282.715 214.995848    -0.0063      8.932  -126.4320 1.2211e+00    -0.0740      3.663      5.313    13.0063 0.0000e+00
      3.738      0.008     0.0735      0.974    281.588 214.190093     0.0002      8.928  -126.9723 1.2135e+00    -0.0031      3.666      5.317    13.0086 0.0000e+00
      3.739      0.004     0.0838      1.027    280.553 213.463327    -0.0117      8.925  -127.1374 1.2106e+00    -0.0648      3.667      5.319    13.0123 0.0000e+00
