Data/DataNotYetUploadedToEDI/Raw_CTD/RawDownloads/061625_fcr40_S7809004.cnv
* Sea-Bird SBE19plus  Data File:
* FileName = C:\R\Reservoirs\Data\DataNotYetUploadedToEDI\Raw_CTD\RawDownloads\061625_fcr10_S7809_0004.hex
* Software version 2.8.0.119
* Temperature SN = 7809
* Conductivity SN = 7809
* System UpLoad Time = Jun 16 2025 17:27:01
* <ApplicationData>
* <Seaterm232>
# nquan = 15
# nvalues = 1888                        
# units = specified
# name 0 = depFM: Depth [fresh water, m]
# name 1 = dz/dtM: Descent Rate [m/s]
# name 2 = sbeox0Mg/L: Oxygen, SBE 43 [mg/l]
# name 3 = sbeox0PS: Oxygen, SBE 43 [% saturation]
# name 4 = specc: Specific Conductance [uS/cm]
# name 5 = c0uS/cm: Conductivity [uS/cm]
# name 6 = flECO-AFL: Fluorescence, WET Labs ECO-AFL/FL [mg/m^3]
# name 7 = ph: pH
# name 8 = orp: Oxidation Reduction Potential [mV]
# name 9 = par/sat/log: PAR/Logarithmic, Satlantic
# name 10 = turbWETntu0: Turbidity, WET Labs ECO [NTU]
# name 11 = prdM: Pressure, Strain Gauge [db]
# name 12 = prdE: Pressure, Strain Gauge [psi]
# name 13 = tv290C: Temperature [ITS-90, deg C]
# name 14 = flag:  0.000e+00
# span 0 =     -0.632,      5.822       
# span 1 =     -0.625,      0.107       
# span 2 =     0.0507,    16.2607       
# span 3 =      0.487,    181.260       
# span 4 =      1.179,     56.085       
# span 5 =   1.041951,  42.993600       
# span 6 =    -0.1043,    32.5368       
# span 7 =      7.770,     11.411       
# span 8 =     4.7784,   222.6568       
# span 9 = 1.2359e-01, 8.7364e+02       
# span 10 =     0.0639,   280.3621      
# span 11 =     -0.620,      5.710      
# span 12 =     -0.900,      8.282      
# span 13 =    10.6938,    24.6549      
# span 14 = 0.0000e+00, 0.0000e+00      
# interval = seconds: 0.25
# start_time = Jun 16 2025 11:41:18 [Instrument's time stamp, header]
# bad_flag = -9.990e-29
*END*
[from data line 964]
      1.381      0.009    15.8165    172.611     36.560  32.656750    12.4373     11.407    92.8939 1.7552e+01     4.7260      1.354      1.964    19.6712 0.0000e+00
      1.384      0.010    15.8045    172.681     36.524  32.601553    12.5249     11.406    92.8216 1.7450e+01     4.8231      1.357      1.968    19.6806 0.0000e+00
      1.386      0.011    15.8019    172.766     36.529  32.583498    12.6196     11.406    92.7317 1.7350e+01     4.8011      1.359      1.972    19.6894 0.0000e+00
      1.389      0.011    15.7931    172.759     36.527  32.565288    12.6417     11.406    92.6674 1.7240e+01     4.6657      1.362      1.976    19.6820 0.0000e+00
      1.393      0.011    15.7928    172.559     36.476  32.508241    12.6594     11.406    92.6465 1.7122e+01     4.6890      1.366      1.981    19.6620 0.0000e+00
      1.396      0.011    15.8164    172.148     36.368  32.401255    12.6997     11.406    92.7375 1.7019e+01     4.7760      1.369      1.985    19.6268 0.0000e+00
      1.399      0.010    15.8373    171.595     36.254  32.286740    12.8461     11.406    92.7347 1.6930e+01     4.7274      1.372      1.990    19.5900 0.0000e+00
      1.401      0.009    15.8485    170.979     36.180  32.202101    13.1148     11.407    92.6134 1.6853e+01     4.6126      1.374      1.993    19.5693 0.0000e+00
      1.403      0.008    15.8343    170.389     36.135  32.139141    13.2510     11.408    92.5610 1.6799e+01     4.4809      1.376      1.996    19.5563 0.0000e+00
      1.405      0.008    15.7979    169.953     36.115  32.096408    13.2778     11.409    92.6180 1.6761e+01     4.4674      1.378      1.998    19.5436 0.0000e+00
      1.406      0.008    15.7492    169.698     36.111  32.066018    13.4233     11.409    92.6990 1.6717e+01     4.5179      1.379      1.999    19.5270 0.0000e+00
      1.408      0.009    15.7003    169.523     36.099  32.025416    13.6529     11.410    92.6800 1.6656e+01     4.5109      1.381      2.003    19.5003 0.0000e+00
      1.411      0.010    15.6496    169.325     36.092  31.986078    13.7649     11.410    92.6466 1.6566e+01     4.5198      1.383      2.006    19.4666 0.0000e+00
      1.414      0.011    15.6199    169.049     36.108  31.970973    13.7621     11.411    92.7256 1.6456e+01     4.4883      1.387      2.011    19.4320 0.0000e+00
      1.418      0.011    15.6129    168.690     36.131  31.969623    13.9107     11.411    92.7755 1.6370e+01     4.5067      1.390      2.016    19.3954 0.0000e+00
      1.420      0.011    15.6120    168.230     36.146  31.969718    14.2049     11.411    92.8193 1.6302e+01     4.5705      1.393      2.021    19.3552 0.0000e+00
      1.422      0.010    15.6120    167.663     36.159  31.972108    14.3394     11.410    92.9972 1.6230e+01     4.5080      1.395      2.023    19.3069 0.0000e+00
      1.425      0.010    15.5989    167.068     36.194  31.998511    14.3305     11.410    93.1192 1.6159e+01     4.4015      1.398      2.027    19.2610 0.0000e+00
      1.428      0.009    15.5761    166.546     36.234  32.035190    14.4295     11.409    93.0905 1.6104e+01     4.4100      1.401      2.031    19.2333 0.0000e+00
      1.430      0.009    15.5400    166.165     36.229  32.034968    14.6464     11.409    93.0805 1.6056e+01     4.5416      1.402      2.033    19.2167 0.0000e+00
      1.432      0.009    15.4883    165.920     36.183  31.995836    14.7812     11.409    93.1701 1.5999e+01     4.5915      1.404      2.037    19.2030 0.0000e+00
      1.434      0.008    15.4317    165.712     36.129  31.942678    14.7933     11.408    93.2277 1.5941e+01     4.5014      1.406      2.039    19.1960 0.0000e+00
      1.436      0.008    15.3807    165.499     36.094  31.899736    14.9343     11.407    93.1740 1.5893e+01     4.5789      1.408      2.042    19.1996 0.0000e+00
      1.439      0.007    15.3412    165.354     36.061  31.857243    15.2300     11.407    93.1232 1.5850e+01     4.8118      1.411      2.046    19.2088 0.0000e+00
      1.441      0.007    15.3221    165.312     36.016  31.809504    15.3967     11.407    93.2158 1.5799e+01     4.8917      1.413      2.049    19.2148 0.0000e+00
      1.442      0.007    15.3080    165.343     35.976  31.766589    15.4356     11.406    93.3472 1.5748e+01     4.8285      1.414      2.051    19.2072 0.0000e+00
      1.443      0.007    15.2895    165.367     35.936  31.718970    15.4421     11.405    93.4210 1.5703e+01     4.7308      1.415      2.052    19.1852 0.0000e+00
      1.444      0.007    15.2825    165.304     35.915  31.677786    15.4496     11.405    93.5917 1.5651e+01     4.7342      1.416      2.054    19.1642 0.0000e+00
      1.446      0.008    15.2825    165.186     35.910  31.649228    15.5102     11.405    93.7766 1.5607e+01     4.8699      1.418      2.057    19.1546 0.0000e+00
      1.449      0.009    15.2899    165.071     35.896  31.627394    15.5503     11.404    93.7643 1.5564e+01     4.9371      1.420      2.060    19.1474 0.0000e+00
      1.452      0.010    15.3004    164.936     35.865  31.604104    15.5686     11.402    93.7007 1.5497e+01     4.8296      1.424      2.065    19.1360 0.0000e+00
      1.454      0.011    15.3036    164.733     35.805  31.557944    15.7229     11.400    93.7813 1.5427e+01     4.6291      1.426      2.068    19.0991 0.0000e+00
      1.456      0.011    15.3036    164.441     35.746  31.513346    16.0171     11.398    93.8791 1.5352e+01     4.5282      1.428      2.071    19.0515 0.0000e+00
      1.459      0.011    15.2989    164.092     35.736  31.508938    16.2047     11.396    93.8511 1.5243e+01     4.6003      1.431      2.076    19.0409 0.0000e+00
      1.464      0.010    15.2828    163.730     35.731  31.504657    16.2353     11.395    93.7865 1.5151e+01     4.6124      1.436      2.083    19.0548 0.0000e+00
      1.467      0.009    15.2631    163.373     35.688  31.461577    16.3873     11.394    93.7863 1.5111e+01     4.5042      1.439      2.088    19.0648 0.0000e+00
      1.468      0.008    15.2308    163.025     35.664  31.432120    16.7104     11.393    93.8484 1.5087e+01     4.4880      1.439      2.088    19.0745 0.0000e+00
      1.469      0.007    15.1937    162.647     35.709  31.465662    16.9213     11.393    93.9355 1.5048e+01     4.6206      1.441      2.090    19.0843 0.0000e+00
      1.471      0.007    15.1606    162.233     35.803  31.549939    16.9975     11.393    93.9788 1.5011e+01     4.8099      1.443      2.092    19.0843 0.0000e+00
      1.472      0.007    15.1278    161.838     35.885  31.626436    17.1915     11.392    93.9426 1.4987e+01     4.8303      1.444      2.094    19.0773 0.0000e+00
      1.473      0.008    15.1042    161.529     35.890  31.629346    17.5023     11.390    93.8421 1.4960e+01     4.6953      1.445      2.095    19.0605 0.0000e+00
      1.475      0.008    15.0724    161.309     35.842  31.585111    17.6753     11.390    93.7951 1.4915e+01     4.6463      1.446      2.098    19.0475 0.0000e+00
      1.478      0.009    15.0304    161.152     35.784  31.535651    17.7178     11.389    93.8910 1.4840e+01     4.7504      1.449      2.102    19.0552 0.0000e+00
      1.482      0.009    14.9875    161.071     35.716  31.475392    17.8500     11.388    93.9687 1.4765e+01     4.8955      1.453      2.107    19.0643 0.0000e+00
      1.484      0.009    14.9603    161.092     35.667  31.427456    18.0415     11.387    93.9605 1.4734e+01     4.8625      1.455      2.111    19.0612 0.0000e+00
      1.485      0.008    14.9438    161.197     35.643  31.400116    18.1109     11.386    93.9640 1.4728e+01     4.7283      1.457      2.113    19.0548 0.0000e+00
      1.487      0.008    14.9263    161.322     35.649  31.398560    18.1144     11.385    93.9251 1.4708e+01     4.7417      1.458      2.115    19.0598 0.0000e+00
      1.488      0.008    14.9169    161.435     35.667  31.408629    18.1591     11.384    93.8351 1.4654e+01     4.8538      1.459      2.116    19.0640 0.0000e+00
      1.491      0.009    14.9219    161.532     35.653  31.394977    18.2687     11.383    93.7360 1.4586e+01     4.9215      1.462      2.121    19.0521 0.0000e+00
      1.494      0.010    14.9385    161.578     35.614  31.360365    18.4073     11.383    93.6729 1.4523e+01     4.8767      1.466      2.124    19.0430 0.0000e+00
      1.497      0.010    14.9534    161.534     35.557  31.307317    18.4535     11.383    93.6738 1.4455e+01     4.7565      1.468      2.129    19.0332 0.0000e+00
      1.499      0.009    14.9669    161.379     35.511  31.261072    18.4698     11.383    93.5751 1.4392e+01     4.7665      1.471      2.132    19.0207 0.0000e+00
      1.501      0.008    14.9771    161.136     35.501  31.245264    18.6294     11.382    93.4259 1.4338e+01     4.8271      1.473      2.136    19.0230 0.0000e+00
      1.503      0.008    14.9814    160.880     35.507  31.243043    18.8674     11.381    93.4179 1.4303e+01     4.7371      1.474      2.138    19.0259 0.0000e+00
      1.505      0.009    14.9803    160.659     35.504  31.234218    18.9674     11.381    93.4784 1.4283e+01     4.6353      1.476      2.141    19.0202 0.0000e+00
      1.507      0.010    14.9681    160.449     35.476  31.201988    18.9654     11.381    93.5552 1.4263e+01     4.5870      1.478      2.143    19.0120 0.0000e+00
      1.508      0.012    14.9447    160.219     35.455  31.170513    19.1513     11.380    93.6581 1.4207e+01     4.6315      1.479      2.145    19.0021 0.0000e+00
      1.511      0.013    14.9228    159.979     35.467  31.170821    19.5250     11.380    93.7768 1.4078e+01     4.7287      1.481      2.148    18.9912 0.0000e+00
      1.516      0.014    14.9057    159.730     35.436  31.142266    19.7218     11.380    93.9585 1.3926e+01     4.7041      1.486      2.156    18.9826 0.0000e+00
      1.521      0.015    14.8905    159.479     35.361  31.078990    19.7243     11.379    94.0476 1.3831e+01     4.7089      1.493      2.166    18.9761 0.0000e+00
      1.526      0.016    14.8739    159.234     35.323  31.040111    19.8642     11.378    93.9941 1.3777e+01     4.8898      1.496      2.170    18.9541 0.0000e+00
      1.528      0.015    14.8595    158.976     35.279  30.989364    20.1642     11.378    93.9990 1.3702e+01     5.0810      1.498      2.172    18.9301 0.0000e+00
      1.532      0.014    14.8352    158.738     35.205  30.909432    20.3549     11.378    94.0213 1.3581e+01     5.0740      1.502      2.178    18.9349 0.0000e+00
      1.537      0.011    14.8065    158.532     35.138  30.834864    20.3885     11.377    94.0057 1.3465e+01     4.9408      1.508      2.186    18.9455 0.0000e+00
      1.541      0.008    14.7900    158.337     35.101  30.785528    20.5035     11.377    94.1544 1.3417e+01     4.9400      1.512      2.192    18.9376 0.0000e+00
      1.542      0.006    14.7685    158.130     35.086  30.756930    20.7476     11.376    94.5298 1.3423e+01     5.0645      1.513      2.194    18.9161 0.0000e+00
      1.542      0.006    14.7536    157.882     35.086  30.742807    20.8841     11.376    94.9300 1.3434e+01     5.1480      1.513      2.194    18.8933 0.0000e+00
      1.542      0.007    14.7414    157.574     35.100  30.741618    20.8895     11.376    95.2080 1.3453e+01     5.0947      1.512      2.192    18.8741 0.0000e+00
      1.542      0.008    14.7307    157.170     35.116  30.742543    20.8707     11.375    95.3092 1.3452e+01     4.9662      1.511      2.191    18.8486 0.0000e+00
      1.544      0.011    14.7211    156.670     35.139  30.753973    20.9314     11.374    95.3795 1.3366e+01     4.9616      1.513      2.195    18.8242 0.0000e+00
      1.549      0.013    14.7021    156.099     35.140  30.752929    21.1157     11.374    95.4556 1.3223e+01     5.0732      1.518      2.202    18.8065 0.0000e+00
      1.554      0.013    14.6820    155.469     35.110  30.729933    21.2178     11.374    95.4542 1.3099e+01     5.0862      1.525      2.211    18.7875 0.0000e+00
      1.559      0.013    14.6502    154.836     35.105  30.729673    21.2172     11.372    95.5355 1.3024e+01     4.9817      1.530      2.218    18.7666 0.0000e+00
      1.562      0.012    14.6061    154.221     35.124  30.749783    21.2831     11.369    95.7506 1.2989e+01     4.9035      1.532      2.222    18.7501 0.0000e+00
      1.563      0.009    14.5549    153.692     35.086  30.719343    21.4147     11.369    96.0760 1.2954e+01     4.9259      1.533      2.224    18.7514 0.0000e+00
      1.564      0.007    14.4891    153.371     34.971  30.615367    21.5110     11.370    96.3729 1.2910e+01     5.0482      1.534      2.225    18.7595 0.0000e+00
      1.566      0.007    14.4297    153.218     34.864  30.507562    21.5147     11.370    96.5869 1.2863e+01     5.0842      1.536      2.227    18.7635 0.0000e+00
      1.568      0.007    14.3707    153.153     34.808  30.430801    21.3931     11.368    96.7697 1.2825e+01     5.0191      1.538      2.231    18.7691 0.0000e+00
      1.570      0.007    14.3097    153.159     34.801  30.384991    21.2147     11.366    96.7762 1.2792e+01     5.0466      1.539      2.233    18.7755 0.0000e+00
      1.571      0.008    14.2853    153.219     34.795  30.334235    21.1469     11.366    96.8382 1.2741e+01     5.1766      1.540      2.233    18.7757 0.0000e+00
      1.573      0.009    14.2800    153.273     34.759  30.261070    21.1724     11.365    97.1757 1.2679e+01     5.3272      1.543      2.238    18.7547 0.0000e+00
      1.576      0.010    14.2847    153.196     34.794  30.261504    21.1241     11.361    97.3286 1.2608e+01     5.3307      1.546      2.242    18.7143 0.0000e+00
      1.578      0.011    14.3035    152.899     34.894  30.339447    21.0044     11.356    97.1378 1.2532e+01     5.2193      1.548      2.245    18.6555 0.0000e+00
      1.581      0.013    14.3307    152.403     34.922  30.378830    20.9653     11.349    97.0201 1.2448e+01     5.2434      1.551      2.250    18.5831 0.0000e+00
      1.585      0.015    14.3603    151.773     34.798  30.293665    21.0086     11.339    97.1107 1.2363e+01     5.3499      1.556      2.255    18.5189 0.0000e+00
      1.588      0.017    14.3706    151.017     34.613  30.134390    21.2290     11.330    97.3726 1.2291e+01     5.3797      1.557      2.258    18.4705 0.0000e+00
      1.592      0.017    14.3465    150.142     34.535  30.038874    21.6073     11.322    97.6906 1.2176e+01     5.3301      1.560      2.263    18.4549 0.0000e+00
      1.599      0.018    14.2869    149.259     34.567  30.026798    21.7867     11.314    97.8592 1.2026e+01     5.2281      1.568      2.274    18.4859 0.0000e+00
      1.605      0.018    14.2145    148.503     34.557  29.988329    21.8083     11.304    97.9484 1.1934e+01     5.2057      1.575      2.285    18.5345 0.0000e+00
      1.609      0.017    14.1417    147.905     34.468  29.890865    21.8608     11.294    98.3385 1.1886e+01     5.2985      1.578      2.289    18.5461 0.0000e+00
      1.612      0.016    14.0706    147.421     34.458  29.863262    21.9217     11.284    99.0487 1.1811e+01     5.2222      1.579      2.291    18.4920 0.0000e+00
      1.616      0.013    14.0025    146.939     34.530  29.908278    21.9870     11.275    99.7377 1.1711e+01     4.9323      1.584      2.297    18.4196 0.0000e+00
      1.621      0.011    13.9431    146.302     34.564  29.927674    22.0265     11.267   100.3027 1.1626e+01     4.7999      1.590      2.306    18.3784 0.0000e+00
      1.624      0.009    13.8942    145.493     34.542  29.907470    22.0498     11.258   100.5456 1.1583e+01     4.9191      1.593      2.311    18.3591 0.0000e+00
      1.625      0.008    13.8591    144.578     34.481  29.854290    22.0273     11.251   100.1792 1.1572e+01     5.0068      1.594      2.312    18.3297 0.0000e+00
      1.625      0.006    13.8318    143.582     34.416  29.792131    21.9207     11.244    99.5728 1.1554e+01     4.9386      1.594      2.312    18.2977 0.0000e+00
