Data/DataNotYetUploadedToEDI/Raw_CTD/RawDownloads/061625_fcr40_S7809004.cnv
* Sea-Bird SBE19plus  Data File:
* FileName = C:\R\Reservoirs\Data\DataNotYetUploadedToEDI\Raw_CTD\RawDownloads\061625_fcr10_S7809_0004.hex
* Software version 2.8.0.119
* Temperature SN = 7809
* Conductivity SN = 7809
* System UpLoad Time = Jun 16 2025 17:27:01
* <ApplicationData>
* <Seaterm232>
# nquan = 15
# nvalues = 1888                        
# units = specified
# name 0 = depFM: Depth [fresh water, m]
# name 1 = dz/dtM: Descent Rate [m/s]
# name 2 = sbeox0Mg/L: Oxygen, SBE 43 [mg/l]
# name 3 = sbeox0PS: Oxygen, SBE 43 [% saturation]
# name 4 = specc: Specific Conductance [uS/cm]
# name 5 = c0uS/cm: Conductivity [uS/cm]
# name 6 = flECO-AFL: Fluorescence, WET Labs ECO-AFL/FL [mg/m^3]
# name 7 = ph: pH
# name 8 = orp: Oxidation Reduction Potential [mV]
# name 9 = par/sat/log: PAR/Logarithmic, Satlantic
# name 10 = turbWETntu0: Turbidity, WET Labs ECO [NTU]
# name 11 = prdM: Pressure, Strain Gauge [db]
# name 12 = prdE: Pressure, Strain Gauge [psi]
# name 13 = tv290C: Temperature [ITS-90, deg C]
# name 14 = flag:  0.000e+00
# span 0 =     -0.632,      5.822       
# span 1 =     -0.625,      0.107       
# span 2 =     0.0507,    16.2607       
# span 3 =      0.487,    181.260       
# span 4 =      1.179,     56.085       
# span 5 =   1.041951,  42.993600       
# span 6 =    -0.1043,    32.5368       
# span 7 =      7.770,     11.411       
# span 8 =     4.7784,   222.6568       
# span 9 = 1.2359e-01, 8.7364e+02       
# span 10 =     0.0639,   280.3621      
# span 11 =     -0.620,      5.710      
# span 12 =     -0.900,      8.282      
# span 13 =    10.6938,    24.6549      
# span 14 = 0.0000e+00, 0.0000e+00      
# interval = seconds: 0.25
# start_time = Jun 16 2025 11:41:18 [Instrument's time stamp, header]
# bad_flag = -9.990e-29
*END*
[from data line 1832]
     -0.631     -0.081     8.8399    104.170      6.629   6.248565     1.3144     10.250    10.6698 5.2813e+02     3.8995     -0.619     -0.898    22.3812 0.0000e+00
     -0.631     -0.036     8.8896    104.605     14.384  13.517512     0.1203     10.252    11.8303 5.1645e+02     3.1190     -0.620     -0.898    22.4048 0.0000e+00
     -0.631     -0.011     8.9217    104.533     25.228  23.653048     0.0158     10.254    12.8398 4.9257e+02     3.1254     -0.619     -0.898    22.3636 0.0000e+00
     -0.631     -0.002     8.9982    103.631     29.263  27.367215    -0.0074     10.256    13.5843 4.6892e+02     3.0549     -0.620     -0.899    22.2784 0.0000e+00
     -0.631 -1.021e-09     9.0846    101.541     25.666  23.941697    -0.0514     10.258    14.2066 4.5025e+02     2.9144     -0.619     -0.897    22.1760 0.0000e+00
     -0.631 -1.123e-08     9.1480     98.236     19.343  18.000055    -0.0580     10.260    14.8581 4.3096e+02     2.9295     -0.619     -0.897    22.0709 0.0000e+00
     -0.631 -1.235e-07     9.1765     94.227     13.838  12.842601    -0.0218     10.260    15.4385 4.1542e+02     3.0675     -0.619     -0.898    21.9200 0.0000e+00
     -0.631 -1.235e-07     9.1447     90.261     10.132   9.379452    -0.0138     10.260    15.9754 4.1026e+02     2.9768     -0.619     -0.898    21.7372 0.0000e+00
     -0.632 -1.123e-08     8.9863     86.932      7.292   6.736364    -0.0191     10.260    16.4459 4.1147e+02     2.7554     -0.620     -0.899    21.6130 0.0000e+00
     -0.632 -1.021e-09     8.6950     84.558      5.589   5.153235    -0.0020     10.262    16.9107 4.1186e+02     2.7475     -0.620     -0.899    21.4991 0.0000e+00
     -0.631 -9.280e-11     8.3366     83.246      4.812   4.430177     0.0261     10.262    17.3801 4.1181e+02     2.8125     -0.619     -0.898    21.3672 0.0000e+00
     -0.631 -8.435e-12     7.9843     82.932      4.363   4.012397     0.0300     10.262    17.7325 4.1170e+02     2.7563     -0.619     -0.898    21.2525 0.0000e+00
     -0.631 -7.670e-13     7.6951     83.418      4.111   3.776212     0.0034     10.261    18.0743 4.0828e+02     2.6479     -0.619     -0.898    21.1575 0.0000e+00
     -0.631 -6.970e-14     7.4915     84.414      3.995   3.665000    -0.0049     10.261    18.5009 3.9837e+02     2.6644     -0.619     -0.898    21.0818 0.0000e+00
     -0.631 -6.340e-15     7.3859     85.587      3.948   3.617974     0.0217     10.261    19.1911 3.8899e+02     2.7852     -0.619     -0.898    21.0228 0.0000e+00
     -0.631 -5.760e-16     7.3717     86.679      3.920   3.587709     0.0257     10.261    19.9669 3.8860e+02     2.7758     -0.619     -0.898    20.9705 0.0000e+00
     -0.631 -5.240e-17     7.4318     87.569      3.886   3.552456     0.0017     10.260    20.3961 3.8456e+02     2.7560     -0.619     -0.898    20.9188 0.0000e+00
     -0.631 -4.762e-18     7.5396     88.246      3.911   3.571818     0.0056     10.260    20.6805 3.6425e+02     2.9216     -0.619     -0.897    20.8684 0.0000e+00
     -0.631 -4.329e-19     7.6609     88.751      4.050   3.695104     0.0319     10.259    20.9961 3.3971e+02     3.0019     -0.619     -0.898    20.8156 0.0000e+00
     -0.631 -3.935e-20     7.7698     89.103      4.213   3.839473     0.0288     10.259    21.3726 3.2713e+02     2.8734     -0.619     -0.897    20.7630 0.0000e+00
     -0.631 -3.578e-21     7.8579     89.336      4.310   3.923692     0.0007     10.259    21.9639 3.2497e+02     2.8017     -0.619     -0.897    20.7116 0.0000e+00
     -0.631 -3.255e-22     7.9230     89.479      4.277   3.889843    -0.0083     10.259    22.5530 3.2418e+02     2.8532     -0.619     -0.898    20.6631 0.0000e+00
     -0.631 -3.188e-23     7.9767     89.549      4.125   3.746949    -0.0301     10.258    22.9886 3.2118e+02     2.8126     -0.618     -0.897    20.6165 0.0000e+00
     -0.631 -2.806e-23     8.0148     89.610      3.957   3.589642    -0.0800     10.258    23.4452 3.1851e+02     2.6521     -0.619     -0.898    20.5651 0.0000e+00
     -0.631 -2.793e-22     8.0421     89.669      3.802   3.444876    -0.1043     10.259    23.6858 3.1773e+02     2.5864     -0.619     -0.897    20.5125 0.0000e+00
     -0.631 -3.070e-21     8.0649     89.676      3.676   3.326900    -0.0816     10.261    23.6602 3.1751e+02     2.6674     -0.619     -0.898    20.4626 0.0000e+00
     -0.631 -3.377e-20     8.0742     89.648      3.655   3.303464    -0.0383     10.264    22.8772 3.1691e+02     2.7434     -0.619     -0.897    20.4145 0.0000e+00
     -0.631 -3.714e-19     8.0878     89.615      3.993   3.604935    -0.0303     10.264    21.6187 3.1774e+02     2.6845     -0.619     -0.898    20.3633 0.0000e+00
     -0.631 -4.086e-18     8.1070     89.550      4.991   4.501346    -0.0276     10.263    21.7795 3.2151e+02     2.6730     -0.619     -0.898    20.3028 0.0000e+00
     -0.631 -4.494e-17     8.1144     89.385      6.204   5.589507     0.0118     10.262    23.0150 3.3394e+02     2.7760     -0.619     -0.897    20.2428 0.0000e+00
     -0.631 -4.944e-16     8.1200     89.228      6.796   6.118540     0.0215     10.259    23.7365 3.4146e+02     2.7340     -0.619     -0.898    20.1905 0.0000e+00
     -0.631 -5.438e-15     8.1239     89.226      6.760   6.082910    -0.0103     10.258    23.5341 3.1656e+02     2.6089     -0.619     -0.897    20.1435 0.0000e+00
     -0.631 -5.982e-14     8.1317     89.246      6.508   5.855639    -0.0311     10.257    22.8047 2.7352e+02     2.6978     -0.619     -0.898    20.0950 0.0000e+00
     -0.630 -6.580e-13     8.1210     89.204      6.139   5.524728    -0.0382     10.257    21.9729 2.3574e+02     2.9203     -0.618     -0.897    20.0485 0.0000e+00
     -0.630 -7.238e-12     8.1000     89.154      5.764   5.186277    -0.0555     10.256    21.5641 2.1595e+02     2.9436     -0.618     -0.897    20.0070 0.0000e+00
     -0.631 -7.962e-11     8.1183     89.102      5.556   4.994524    -0.0815     10.256    21.9923 2.2294e+02     2.8429     -0.619     -0.898    19.9749 0.0000e+00
     -0.631 -8.758e-10     8.1205     89.078      5.406   4.853443    -0.0954     10.257    22.7625 2.3759e+02     2.8296     -0.619     -0.897    19.9816 0.0000e+00
     -0.631 -9.634e-09     8.1072     89.078      5.152   4.620821    -0.0809     10.259    22.9604 2.4032e+02     2.8509     -0.619     -0.897    20.0069 0.0000e+00
     -0.630 -1.060e-07     8.1087     89.052      4.910   4.399226    -0.0651     10.258    22.5784 2.3132e+02     2.7929     -0.618     -0.897    19.9921 0.0000e+00
     -0.630 -1.947e-07     8.1092     88.971      4.905   4.391448    -0.0710     10.256    24.0813 2.1499e+02     2.6746     -0.618     -0.897    19.9368 0.0000e+00
     -0.630 -1.115e-07     8.1169     88.796      5.557   4.970233    -0.0602     10.255    27.2790 2.0503e+02     2.6846     -0.618     -0.897    19.8792 0.0000e+00
     -0.630 -7.024e-08     8.1281     88.498      7.012   6.265613    -0.0180     10.253    25.8794 2.1174e+02     2.8806     -0.618     -0.897    19.8279 0.0000e+00
     -0.631 -1.148e-07     8.1321     88.138      8.126   7.255893     0.0062     10.249    20.1499 2.2239e+02     3.0971     -0.619     -0.898    19.7893 0.0000e+00
     -0.631 -9.761e-08     8.1294     87.798      8.194   7.313319    -0.0081     10.244    16.9416 2.2979e+02     3.2520     -0.619     -0.897    19.7646 0.0000e+00
     -0.631 -4.148e-07     8.1234     87.512      7.799   6.960024    -0.0084     10.240    16.6851 2.3920e+02     3.3874     -0.618     -0.897    19.7218 0.0000e+00
     -0.631     -0.000     8.1007     87.335      7.106   6.342303    -0.0142     10.238    17.1344 3.1320e+02     3.4360     -0.619     -0.897    19.6740 0.0000e+00
     -0.631     -0.000     8.0698     87.279      6.214   5.546710    -0.0608     10.237    17.6419 4.7236e+02     3.3954     -0.618     -0.896    19.6356 0.0000e+00
     -0.632     -0.001     8.0433     87.318      5.467   4.879948    -0.0724     10.234    18.5202 6.0997e+02     3.4772     -0.619     -0.898    19.6138 0.0000e+00
     -0.632     -0.001     8.0137     87.466      4.958   4.425871    -0.0383     10.231    21.2137 7.0144e+02     3.7419     -0.620     -0.899    19.6152 0.0000e+00
     -0.632     -0.001     7.9951     87.706      4.535   4.047702    -0.0063     10.228    25.7747 7.8177e+02     4.5464     -0.620     -0.899    19.6225 0.0000e+00
     -0.632     -0.001     7.9925     88.001      4.250   3.791811     0.0062     10.224    30.3023 8.3698e+02     5.7910     -0.619     -0.898    19.6315 0.0000e+00
     -0.632     -0.001     7.9920     88.159      4.192   3.739211     0.0045     10.222    32.2494 8.6443e+02     6.3912     -0.620     -0.900    19.6318 0.0000e+00
     -0.632 -9.990e-29     8.0104 -9.990e-29 -9.990e-29 -9.990e-29 -9.990e-29 -9.990e-29 -9.990e-29 8.7319e+02 -9.990e-29     -0.620     -0.899    19.6223 0.0000e+00
     -0.632 -9.990e-29     8.0325 -9.990e-29 -9.990e-29 -9.990e-29 -9.990e-29 -9.990e-29 -9.990e-29 8.7364e+02 -9.990e-29     -0.619     -0.898    19.6131 0.0000e+00
     -0.632 -9.990e-29     8.0673 -9.990e-29 -9.990e-29 -9.990e-29 -9.990e-29 -9.990e-29 -9.990e-29 8.7337e+02 -9.990e-29     -0.620     -0.899    19.5974 0.0000e+00
     -0.632 -9.990e-29     8.0990 -9.990e-29 -9.990e-29 -9.990e-29 -9.990e-29 -9.990e-29 -9.990e-29 8.7346e+02 -9.990e-29     -0.620     -0.899    19.5852 0.0000e+00
