Data/DataNotYetUploadedToEDI/Raw_CTD/RawDownloads/061625_fcr20_S7809002.cnv
* Sea-Bird SBE19plus  Data File:
* FileName = C:\R\Reservoirs\Data\DataNotYetUploadedToEDI\Raw_CTD\RawDownloads\061625_fcr10_S7809_0002.hex
* Software version 2.8.0.119
* Temperature SN = 7809
* Conductivity SN = 7809
* System UpLoad Time = Jun 16 2025 17:25:20
* <ApplicationData>
* <Seaterm232>
# nquan = 15
# nvalues = 1071                        
# units = specified
# name 0 = depFM: Depth [fresh water, m]
# name 1 = dz/dtM: Descent Rate [m/s]
# name 2 = sbeox0Mg/L: Oxygen, SBE 43 [mg/l]
# name 3 = sbeox0PS: Oxygen, SBE 43 [% saturation]
# name 4 = specc: Specific Conductance [uS/cm]
# name 5 = c0uS/cm: Conductivity [uS/cm]
# name 6 = flECO-AFL: Fluorescence, WET Labs ECO-AFL/FL [mg/m^3]
# name 7 = ph: pH
# name 8 = orp: Oxidation Reduction Potential [mV]
# name 9 = par/sat/log: PAR/Logarithmic, Satlantic
# name 10 = turbWETntu0: Turbidity, WET Labs ECO [NTU]
# name 11 = prdM: Pressure, Strain Gauge [db]
# name 12 = prdE: Pressure, Strain Gauge [psi]
# name 13 = tv290C: Temperature [ITS-90, deg C]
# name 14 = flag:  0.000e+00
# span 0 =     -0.633,      3.739       
# span 1 =     -0.388,      2.803       
# span 2 =    -0.0183,    13.5055       
# span 3 =      0.071,    142.993       
# span 4 =      1.156,    338.996       
# span 5 =   1.083724, 263.715643       
# span 6 =    -0.3472,    24.8135       
# span 7 =      8.712,     11.039       
# span 8 = -1240.7455,   158.5732       
# span 9 = 1.0985e+00, 2.0681e+03       
# span 10 =    -0.2246,   109.5908      
# span 11 =     -0.622,      3.667      
# span 12 =     -0.903,      5.319      
# span 13 =    13.0063,    24.4325      
# span 14 = 0.0000e+00, 0.0000e+00      
# interval = seconds: 0.25
# start_time = Jun 16 2025 11:13:35 [Instrument's time stamp, header]
# bad_flag = -9.990e-29
*END*
[from data line 386]
     -0.144      0.009     5.7745     68.418     28.564  27.965714     4.9161     10.709   109.7895 1.9216e+03     7.4585     -0.140     -0.204    23.9494 0.0000e+00
     -0.144      0.009     5.7784     68.509     28.559  27.960454     4.9976     10.709   109.7798 1.9675e+03     7.5108     -0.143     -0.208    23.9479 0.0000e+00
     -0.141      0.006     5.7672     68.621     28.527  27.923398     5.0554     10.709   109.8214 2.0029e+03     7.6255     -0.140     -0.203    23.9410 0.0000e+00
     -0.136      0.003     5.7570     68.770     28.506  27.898213     5.0491     10.709   109.8631 2.0262e+03     7.6497     -0.131     -0.191    23.9395 0.0000e+00
     -0.134      0.002     5.7632     68.939     28.519  27.909629     4.9961     10.708   109.9401 2.0384e+03     7.5639     -0.129     -0.188    23.9515 0.0000e+00
     -0.137      0.002     5.7719     69.128     28.545  27.934570     4.9563     10.708   110.0634 2.0450e+03     7.5453     -0.134     -0.194    23.9503 0.0000e+00
     -0.141      0.003     5.7810     69.324     28.558  27.946081     4.9584     10.709   110.2354 2.0471e+03     7.6636     -0.140     -0.202    23.9312 0.0000e+00
     -0.143      0.005     5.7967     69.514     28.535  27.921960     4.9715     10.710   110.3858 2.0441e+03     7.7298     -0.142     -0.207    23.9260 0.0000e+00
     -0.140      0.008     5.8097     69.713     28.510  27.896610     5.0070     10.710   110.3324 2.0381e+03     7.6630     -0.139     -0.201    23.9269 0.0000e+00
     -0.134      0.010     5.8262     69.916     28.506  27.893284     5.0705     10.710   110.1919 2.0312e+03     7.6080     -0.131     -0.191    23.9240 0.0000e+00
     -0.128      0.012     5.8446     70.116     28.494  27.881742     5.1235     10.710   110.3222 2.0237e+03     7.6453     -0.123     -0.180    23.9228 0.0000e+00
     -0.124      0.012     5.8585     70.313     28.494  27.883911     5.1656     10.711   110.5313 2.0148e+03     7.6702     -0.120     -0.174    23.9210 0.0000e+00
     -0.124      0.011     5.8768     70.499     28.529  27.919497     5.1628     10.711   110.5688 2.0076e+03     7.6014     -0.120     -0.175    23.9183 0.0000e+00
     -0.124      0.011     5.8942     70.659     28.539  27.931476     5.0650     10.710   110.6038 2.0037e+03     7.4966     -0.122     -0.178    23.9180 0.0000e+00
     -0.122      0.012     5.9102     70.794     28.505  27.901896     4.9400     10.710   110.6967 2.0015e+03     7.4955     -0.121     -0.176    23.9208 0.0000e+00
     -0.117      0.013     5.9269     70.884     28.544  27.942402     4.9087     10.710   110.6591 2.0004e+03     7.6230     -0.116     -0.169    23.9244 0.0000e+00
     -0.111      0.015     5.9429     70.897     28.835  28.230967     4.9448     10.710   110.4079 2.0004e+03     7.7398     -0.108     -0.157    23.9258 0.0000e+00
     -0.105      0.020     5.9563     70.976     29.395  28.790472     4.9601     10.710   110.2403 2.0032e+03     7.7118     -0.101     -0.147    23.9296 0.0000e+00
     -0.103      0.024     5.9661     71.491     29.912  29.316082     4.9682     10.710   110.3528 2.0052e+03     7.6263     -0.100     -0.145    23.9344 0.0000e+00
     -0.102      0.026     5.9770     72.834     30.160  29.575338     4.9766     10.710   110.5637 1.9787e+03     7.6626     -0.102     -0.148    23.9421 0.0000e+00
     -0.094      0.025     5.9739     75.091     30.220  29.641707     4.9781     10.709   110.7250 1.7947e+03     7.7061     -0.096     -0.140    23.9446 0.0000e+00
     -0.079      0.022     5.9661     77.810     30.183  29.611115     5.0200     10.708   110.8411 1.5601e+03     7.6403     -0.076     -0.111    23.9555 0.0000e+00
     -0.068      0.019     5.9919     80.371     30.150  29.586035     5.0842     10.707   110.9353 1.5270e+03     7.5506     -0.063     -0.092    24.0030 0.0000e+00
     -0.066      0.014     6.0939     82.391     30.149  29.592192     5.1307     10.707   111.0030 1.5366e+03     7.5772     -0.064     -0.093    24.0327 0.0000e+00
     -0.069      0.003     6.3020     83.717     30.107  29.558722     5.1657     10.707   110.9711 1.5027e+03     7.6896     -0.068     -0.098    24.0350 0.0000e+00
     -0.070     -0.017     6.5513     84.332     30.111  29.561934     5.1155     10.707   110.8943 1.5511e+03     7.6796     -0.070     -0.101    24.0454 0.0000e+00
     -0.070     -0.043     6.7738     84.351     30.196  29.631034     4.9731     10.707   110.9343 1.6034e+03     7.4905     -0.070     -0.103    24.0596 0.0000e+00
     -0.070     -0.066     6.9474     84.178     30.212  29.633029     4.8761     10.708   111.1109 1.6062e+03     7.2813     -0.063     -0.092    24.0696 0.0000e+00
     -0.086     -0.078     7.0556     84.363     30.169  29.586031     4.8575     10.709   111.2225 1.7248e+03     7.2690     -0.071     -0.101    24.0855 0.0000e+00
     -0.130     -0.077     7.1054     85.038     30.160  29.570219     4.8145     10.709   111.2519 1.9545e+03     7.4443     -0.126     -0.183    24.0962 0.0000e+00
     -0.178     -0.064     7.1007     85.990     30.171  29.568689     4.7064     10.709   111.3796 2.0681e+03     7.5551     -0.186     -0.270    24.0578 0.0000e+00
     -0.202     -0.044     7.0666     87.066     30.177  29.567519     4.6160     10.708   111.4766 2.0555e+03     7.5164     -0.208     -0.301    24.0245 0.0000e+00
     -0.199     -0.019     7.0784     88.032     30.164  29.556059     4.5875     10.706   111.4780 2.0183e+03     7.4551     -0.201     -0.292    24.0344 0.0000e+00
     -0.180      0.002     7.1495     88.535     30.160  29.556991     4.5949     10.706   111.4815 1.9848e+03     7.4279     -0.176     -0.256    24.0227 0.0000e+00
     -0.160      0.012     7.2339     88.392     30.178  29.578798     4.6879     10.706   111.5194 1.9713e+03     7.4268     -0.152     -0.220    23.9909 0.0000e+00
     -0.152      0.008     7.3325     87.632     30.159  29.566006     4.8454     10.706   111.5929 1.9737e+03     7.3731     -0.144     -0.209    23.9780 0.0000e+00
     -0.157     -0.002     7.4275     86.382     30.114  29.529195     4.9109     10.706   111.6816 1.9804e+03     7.2570     -0.150     -0.219    23.9852 0.0000e+00
     -0.172     -0.011     7.4731     84.827     30.094  29.514306     4.9058     10.706   111.8171 1.9866e+03     7.2873     -0.169     -0.245    23.9954 0.0000e+00
     -0.185     -0.014     7.4576     83.128     30.094  29.512847     4.9246     10.706   111.9408 1.9880e+03     7.4998     -0.186     -0.269    24.0021 0.0000e+00
     -0.188     -0.011     7.3897     81.445     30.094  29.511556     4.9381     10.706   111.9730 1.9850e+03     7.6752     -0.187     -0.272    24.0107 0.0000e+00
     -0.184     -0.004     7.2757     79.933     30.080  29.498687     4.9279     10.706   111.9484 1.9822e+03     7.6988     -0.180     -0.261    24.0237 0.0000e+00
     -0.179      0.002     7.1393     78.626     30.065  29.484117     4.9098     10.706   111.9882 1.9812e+03     7.6149     -0.175     -0.253    24.0340 0.0000e+00
     -0.177      0.007     6.9936     77.509     30.045  29.462258     4.9026     10.707   112.1093 1.9820e+03     7.5839     -0.173     -0.251    24.0289 0.0000e+00
     -0.177      0.009     6.8448     76.564     30.009  29.424671     4.8991     10.707   112.1227 1.9850e+03     7.6308     -0.173     -0.251    24.0250 0.0000e+00
     -0.177      0.009     6.7184     75.737     29.997  29.410217     4.8921     10.707   112.0633 1.9898e+03     7.6354     -0.174     -0.253    24.0298 0.0000e+00
     -0.176      0.009     6.6090     75.022     30.003  29.414354     4.8766     10.707   112.0799 1.9932e+03     7.6058     -0.174     -0.252    24.0299 0.0000e+00
     -0.171      0.009     6.5150     74.430     30.002  29.411265     4.8195     10.707   112.1507 1.9933e+03     7.5799     -0.169     -0.244    24.0257 0.0000e+00
     -0.166      0.008     6.4391     73.934     30.028  29.436298     4.7502     10.707   112.2309 1.9927e+03     7.6289     -0.161     -0.234    24.0220 0.0000e+00
     -0.162      0.007     6.3696     73.504     30.056  29.463304     4.7140     10.708   112.2759 1.9910e+03     7.6529     -0.158     -0.228    24.0172 0.0000e+00
     -0.161      0.004     6.3090     73.117     30.012  29.420643     4.6905     10.708   112.3507 1.9881e+03     7.5614     -0.157     -0.227    24.0117 0.0000e+00
     -0.162      0.003     6.2611     72.748     29.953  29.364490     4.6648     10.708   112.4462 1.9855e+03     7.6499     -0.158     -0.230    24.0094 0.0000e+00
     -0.164      0.006     6.2202     72.389     29.943  29.355226     4.6533     10.708   112.4842 1.9805e+03     7.9036     -0.160     -0.233    24.0084 0.0000e+00
     -0.164      0.011     6.1846     72.028     29.959  29.372064     4.6595     10.707   112.4665 1.9720e+03     7.9995     -0.162     -0.235    24.0082 0.0000e+00
     -0.163      0.017     6.1528     71.639     29.964  29.377795     4.6490     10.706   112.4038 1.9599e+03     7.9215     -0.162     -0.235    24.0100 0.0000e+00
     -0.157      0.022     6.1215     71.230     29.947  29.361100     4.6253     10.706   112.4149 1.9439e+03     7.7791     -0.156     -0.226    24.0118 0.0000e+00
     -0.147      0.024     6.0912     70.835     29.945  29.360485     4.7148     10.707   112.5149 1.9259e+03     7.7128     -0.144     -0.209    24.0130 0.0000e+00
     -0.135      0.021     6.0622     70.458     29.955  29.370353     4.9065     10.708   112.5794 1.9101e+03     7.7344     -0.130     -0.190    24.0145 0.0000e+00
     -0.127      0.016     6.0290     70.085     29.936  29.353553     5.0040     10.709   112.5926 1.9013e+03     7.7332     -0.121     -0.176    24.0155 0.0000e+00
     -0.125      0.010     5.9928     69.736     29.928  29.347654     4.9950     10.710   112.5890 1.8960e+03     7.6640     -0.120     -0.175    24.0167 0.0000e+00
     -0.129      0.005     5.9594     69.435     29.941  29.362459     4.9306     10.710   112.6221 1.8890e+03     7.5465     -0.126     -0.183    24.0177 0.0000e+00
     -0.133      0.003     5.9288     69.164     29.919  29.342273     4.8493     10.709   112.6490 1.8815e+03     7.5430     -0.131     -0.190    24.0186 0.0000e+00
     -0.133      0.003     5.8963     68.912     29.867  29.293878     4.8279     10.709   112.6559 1.8723e+03     7.6556     -0.132     -0.191    24.0197 0.0000e+00
     -0.130      0.005     5.8650     68.669     29.855  29.284754     4.8214     10.709   112.7913 1.8628e+03     7.6789     -0.128     -0.186    24.0226 0.0000e+00
     -0.125      0.008     5.8408     68.403     29.928  29.358817     4.8219     10.709   112.9096 1.8571e+03     7.5845     -0.122     -0.178    24.0274 0.0000e+00
     -0.121      0.012     5.8180     68.171     30.061  29.491650     4.8579     10.710   112.7960 1.8569e+03     7.5051     -0.118     -0.172    24.0303 0.0000e+00
     -0.120      0.018     5.7954     68.099     30.189  29.622254     4.8992     10.712   112.6219 1.8632e+03     7.5389     -0.117     -0.170    24.0341 0.0000e+00
     -0.120      0.025     5.7775     68.322     30.295  29.732787     4.9464     10.713   112.6111 1.8711e+03     7.6519     -0.119     -0.172    24.0389 0.0000e+00
     -0.117      0.033     5.7528     69.139     30.370  29.813222     5.0622     10.713   112.6657 1.8586e+03     7.6752     -0.119     -0.172    24.0428 0.0000e+00
     -0.106      0.042     5.7271     70.880     30.382  29.833642     5.2420     10.712   112.6796 1.8266e+03     7.6152     -0.107     -0.155    24.0456 0.0000e+00
     -0.088      0.051     5.7195     73.419     30.388  29.852823     5.3646     10.711   112.6070 1.8471e+03     7.6447     -0.087     -0.126    24.0536 0.0000e+00
     -0.070      0.060     5.7276     76.223     30.376  29.854863     5.4203     10.711   112.3906 1.7638e+03     7.7237     -0.068     -0.098    24.0679 0.0000e+00
     -0.055      0.069     5.7797     78.788     30.302  29.794911     5.5167     10.711   112.3004 1.4510e+03     7.7857     -0.054     -0.077    24.0752 0.0000e+00
     -0.040      0.074     5.9290     80.784     30.327  29.825698     5.6480     10.710   112.3759 1.2372e+03     7.8821     -0.041     -0.060    24.0878 0.0000e+00
     -0.024      0.078     6.1609     82.074     30.478  29.973388     5.7002     10.709   112.3570 1.1369e+03     8.0002     -0.026     -0.038    24.1139 0.0000e+00
     -0.001      0.080     6.4064     82.691     30.566  30.058282     5.7072     10.709   112.3303 9.2843e+02     8.1211     -0.003     -0.003    24.1388 0.0000e+00
      0.026      0.081     6.6299     82.756     30.531  30.027545     5.7487     10.708   112.4840 7.3860e+02     8.1481      0.027      0.040    24.1612 0.0000e+00
      0.049      0.079     6.7993     82.361     30.476  29.982336     5.8031     10.708   112.6661 6.4973e+02     8.0876      0.050      0.072    24.1734 0.0000e+00
      0.068      0.074     6.9068     81.591     30.505  30.019126     5.8323     10.708   112.8974 5.9761e+02     8.1066      0.067      0.098    24.1656 0.0000e+00
      0.085      0.065     6.9555     80.662     30.572  30.091794     5.8193     10.708   113.3010 5.4938e+02     8.2415      0.083      0.121    24.1575 0.0000e+00
      0.100      0.055     6.9557     79.714     30.573  30.099793     5.8204     10.708   113.5030 5.1159e+02     8.3868      0.100      0.144    24.1670 0.0000e+00
      0.115      0.045     6.9224     78.766     30.580  30.115855     5.8457     10.707   113.4460 4.8719e+02     8.1893      0.114      0.165    24.1852 0.0000e+00
      0.125      0.036     6.8450     77.839     30.614  30.159152     5.8501     10.707   113.4735 4.6929e+02     7.6983      0.124      0.180    24.1977 0.0000e+00
      0.132      0.028     6.7622     76.931     30.560  30.115857     5.8489     10.707   113.6629 4.6212e+02     7.4368      0.131      0.190    24.2076 0.0000e+00
      0.136      0.022     6.6831     76.052     30.532  30.099840     5.8565     10.707   114.6179 4.5887e+02     7.4869      0.134      0.194    24.2198 0.0000e+00
      0.140      0.018     6.5993     75.277     30.642  30.219232     5.8831     10.708   115.8134 4.5318e+02     7.6551      0.137      0.198    24.2338 0.0000e+00
      0.143      0.018     6.5209     74.672     30.705  30.290802     5.9207     10.709   115.7275 4.4655e+02     7.6944      0.140      0.203    24.2520 0.0000e+00
      0.146      0.025     6.4426     74.200     30.609  30.204029     5.9288     10.708   115.2142 4.4067e+02     7.5519      0.143      0.207    24.2669 0.0000e+00
      0.150      0.036     6.3649     73.811     30.579  30.184981     5.9390     10.707   115.1138 4.3470e+02     7.5378      0.146      0.211    24.2842 0.0000e+00
      0.156      0.048     6.2932     73.470     30.764  30.377664     6.0110     10.706   115.0308 4.1795e+02     7.7973      0.149      0.217    24.3068 0.0000e+00
      0.169      0.057     6.2443     73.150     30.947  30.567361     6.1081     10.706   114.9843 3.8801e+02     8.0929      0.161      0.234    24.3207 0.0000e+00
      0.191      0.061     6.2048     72.861     31.074  30.702513     6.1400     10.705   114.9813 3.5587e+02     8.1409      0.187      0.272    24.3306 0.0000e+00
      0.217      0.059     6.1705     72.564     31.236  30.870002     6.1125     10.704   115.0810 3.2853e+02     8.0361      0.214      0.311    24.3492 0.0000e+00
      0.239      0.056     6.1424     72.308     31.498  31.133502     6.1175     10.702   115.3293 3.1243e+02     7.9866      0.238      0.345    24.3666 0.0000e+00
      0.250      0.058     6.1113     72.356     31.586  31.224225     6.1678     10.702   115.7463 3.1099e+02     7.9866      0.249      0.362    24.3797 0.0000e+00
      0.250      0.066     6.0882     73.055     31.310  30.951933     6.1868     10.701   116.3377 3.1891e+02     7.9340      0.246      0.357    24.3976 0.0000e+00
