Data/DataNotYetUploadedToEDI/Raw_CTD/RawDownloads/061625_fcr30_S7809003.cnv
* Sea-Bird SBE19plus  Data File:
* FileName = C:\R\Reservoirs\Data\DataNotYetUploadedToEDI\Raw_CTD\RawDownloads\061625_fcr10_S7809_0003.hex
* Software version 2.8.0.119
* Temperature SN = 7809
* Conductivity SN = 7809
* System UpLoad Time = Jun 16 2025 17:26:13
* <ApplicationData>
* <Seaterm232>
# nquan = 15
# nvalues = 2041                        
# units = specified
# name 0 = depFM: Depth [fresh water, m]
# name 1 = dz/dtM: Descent Rate [m/s]
# name 2 = sbeox0Mg/L: Oxygen, SBE 43 [mg/l]
# name 3 = sbeox0PS: Oxygen, SBE 43 [% saturation]
# name 4 = specc: Specific Conductance [uS/cm]
# name 5 = c0uS/cm: Conductivity [uS/cm]
# name 6 = flECO-AFL: Fluorescence, WET Labs ECO-AFL/FL [mg/m^3]
# name 7 = ph: pH
# name 8 = orp: Oxidation Reduction Potential [mV]
# name 9 = par/sat/log: PAR/Logarithmic, Satlantic
# name 10 = turbWETntu0: Turbidity, WET Labs ECO [NTU]
# name 11 = prdM: Pressure, Strain Gauge [db]
# name 12 = prdE: Pressure, Strain Gauge [psi]
# name 13 = tv290C: Temperature [ITS-90, deg C]
# name 14 = flag:  0.000e+00
# span 0 =     -0.631,      5.437       
# span 1 =     -0.371,      0.158       
# span 2 =     0.0388,    16.3186       
# span 3 =      0.374,    181.954       
# span 4 =      3.529,     60.311       
# span 5 =   3.329335,  45.769111       
# span 6 =    -0.1019,    38.1999       
# span 7 =      7.738,     11.366       
# span 8 =   -54.9682,   200.2920       
# span 9 = 1.2360e-01, 1.1416e+03       
# span 10 =     1.5056,   156.8149      
# span 11 =     -0.619,      5.332      
# span 12 =     -0.898,      7.734      
# span 13 =    10.6562,    24.8664      
# span 14 = 0.0000e+00, 0.0000e+00      
# interval = seconds: 0.25
# start_time = Jun 16 2025 11:27:02 [Instrument's time stamp, header]
# bad_flag = -9.990e-29
*END*
[from data line 290]
     -0.105     -0.001     9.1609    110.364     32.221  32.078233     5.8156     10.794    66.8011 6.5553e+02     7.8572     -0.103     -0.149    24.7770 0.0000e+00
     -0.106      0.000     9.1602    110.290     32.212  32.067720     5.8570     10.793    66.9446 6.5608e+02     7.8946     -0.104     -0.150    24.7762 0.0000e+00
     -0.106      0.001     9.1617    110.137     32.214  32.067596     5.8642     10.792    67.0566 6.5541e+02     7.7937     -0.104     -0.151    24.7752 0.0000e+00
     -0.105      0.002     9.1586    109.961     32.225  32.076728     5.8109     10.793    67.2087 6.5418e+02     7.6963     -0.104     -0.150    24.7743 0.0000e+00
     -0.104      0.002     9.1576    109.818     32.202  32.051259     5.7610     10.793    67.2355 6.5347e+02     7.7760     -0.102     -0.148    24.7734 0.0000e+00
     -0.103      0.002     9.1548    109.716     32.165  32.013408     5.7695     10.793    67.2083 6.5360e+02     7.9383     -0.101     -0.146    24.7710 0.0000e+00
     -0.103      0.003     9.1392    109.644     32.152  31.999691     5.8053     10.794    67.3103 6.5418e+02     7.9500     -0.100     -0.145    24.7675 0.0000e+00
     -0.103      0.004     9.1232    109.541     32.165  32.012274     5.8027     10.796    67.3495 6.5493e+02     7.8496     -0.101     -0.146    24.7640 0.0000e+00
     -0.103      0.005     9.1130    109.356     32.190  32.038678     5.7712     10.796    67.3382 6.5529e+02     7.8520     -0.101     -0.147    24.7595 0.0000e+00
     -0.102      0.007     9.1039    109.142     32.214  32.065195     5.7581     10.796    67.4315 6.5473e+02     7.9780     -0.101     -0.147    24.7570 0.0000e+00
     -0.099      0.009     9.1007    109.019     32.224  32.079140     5.7685     10.796    67.5318 6.5296e+02     8.1434     -0.097     -0.141    24.7558 0.0000e+00
     -0.095      0.009     9.0948    109.042     32.219  32.080416     5.7886     10.797    67.6044 6.5064e+02     8.1089     -0.093     -0.134    24.7559 0.0000e+00
     -0.091      0.009     9.0770    109.183     32.216  32.080633     5.8012     10.798    67.6208 6.4844e+02     7.8689     -0.089     -0.129    24.7579 0.0000e+00
     -0.089      0.008     9.0542    109.385     32.216  32.081778     5.8125     10.799    67.5588 6.4664e+02     7.8042     -0.086     -0.125    24.7606 0.0000e+00
     -0.088      0.006     9.0407    109.589     32.227  32.094256     5.8180     10.799    67.5433 6.4505e+02     7.9076     -0.085     -0.124    24.7697 0.0000e+00
     -0.088      0.006     9.0425    109.729     32.237  32.104636     5.7260     10.799    67.6904 6.4270e+02     7.8544     -0.087     -0.126    24.7808 0.0000e+00
     -0.087      0.005     9.0546    109.740     32.211  32.080406     5.5490     10.799    67.8746 6.3942e+02     7.6049     -0.087     -0.124    24.7850 0.0000e+00
     -0.086      0.005     9.0736    109.657     32.183  32.055040     5.4416     10.799    67.8781 6.3822e+02     7.3509     -0.084     -0.122    24.7867 0.0000e+00
     -0.083      0.004     9.0910    109.543     32.178  32.051683     5.4355     10.799    67.8185 6.3725e+02     7.3108     -0.082     -0.118    24.7873 0.0000e+00
     -0.081      0.003     9.1066    109.362     32.164  32.039827     5.4497     10.800    67.8421 6.1891e+02     7.5299     -0.079     -0.114    24.7880 0.0000e+00
     -0.080      0.002     9.1055    109.143     32.163  32.038568     5.4386     10.800    67.8196 5.8686e+02     7.7464     -0.078     -0.113    24.7911 0.0000e+00
     -0.081      0.001     9.0929    108.997     32.163  32.036459     5.4010     10.800    67.8047 5.7851e+02     7.7076     -0.080     -0.115    24.7943 0.0000e+00
     -0.082      0.000     9.0881    108.908     32.144  32.014327     5.3533     10.801    67.9207 5.9794e+02     7.5396     -0.081     -0.117    24.7974 0.0000e+00
     -0.082     -0.001     9.0708    108.777     32.158  32.024708     5.3112     10.802    68.1025 6.2046e+02     7.4912     -0.081     -0.118    24.8009 0.0000e+00
     -0.082     -0.001     9.0472    108.652     32.171  32.035097     5.2751     10.802    68.2827 6.3840e+02     7.5316     -0.081     -0.117    24.8021 0.0000e+00
     -0.082      0.000     9.0361    108.651     32.151  32.013070     5.2412     10.802    68.3791 6.4800e+02     7.4819     -0.081     -0.117    24.7986 0.0000e+00
     -0.082      0.000     9.0359    108.746     32.152  32.012116     5.2011     10.803    68.4074 6.4938e+02     7.3349     -0.079     -0.116    24.7920 0.0000e+00
     -0.082      0.000     9.0242    108.911     32.165  32.023563     5.1727     10.804    68.4525 6.3299e+02     7.2564     -0.080     -0.116    24.7852 0.0000e+00
     -0.082      0.001     9.0068    109.139     32.165  32.024594     5.1887     10.804    68.5795 6.0097e+02     7.3870     -0.081     -0.117    24.7821 0.0000e+00
     -0.082      0.001     9.0115    109.330     32.164  32.024584     5.2289     10.804    68.7387 5.8957e+02     7.6506     -0.080     -0.116    24.7810 0.0000e+00
     -0.081      0.001     9.0203    109.420     32.161  32.023449     5.2340     10.804    68.8291 5.9679e+02     7.7103     -0.080     -0.116    24.7777 0.0000e+00
     -0.081      0.000     9.0323    109.450     32.147  32.010879     5.2091     10.804    68.8978 5.9133e+02     7.5281     -0.080     -0.116    24.7753 0.0000e+00
     -0.080 4.3278e-07     9.0566    109.460     32.137  31.999470     5.2271     10.804    68.9669 5.7184e+02     7.3256     -0.079     -0.114    24.7751 0.0000e+00
     -0.080      0.000     9.0741    109.412     32.152  32.012377     5.3017     10.805    68.8912 5.6250e+02     7.2106     -0.078     -0.114    24.7777 0.0000e+00
     -0.081      0.000     9.0785    109.284     32.180  32.040059     5.3617     10.805    68.6704 5.7110e+02     7.2641     -0.079     -0.115    24.7817 0.0000e+00
     -0.082      0.001     9.0789    109.170     32.216  32.080428     5.3535     10.805    68.4483 5.7199e+02     7.2886     -0.081     -0.117    24.7835 0.0000e+00
     -0.082      0.001     9.0820    109.182     32.247  32.119850     5.3186     10.805    68.3571 5.7448e+02     7.3366     -0.080     -0.118    24.7812 0.0000e+00
     -0.081      0.002     9.0812    109.333     32.251  32.136100     5.3069     10.804    68.4283 6.0352e+02     7.6046     -0.078     -0.115    24.7750 0.0000e+00
     -0.080      0.004     9.0663    109.536     32.254  32.150055     5.3031     10.802    68.3621 6.3296e+02     7.7627     -0.078     -0.113    24.7742 0.0000e+00
     -0.080      0.009     9.0517    109.644     32.257  32.161713     5.3067     10.802    67.9864 6.4438e+02     7.7447     -0.078     -0.113    24.7806 0.0000e+00
     -0.079      0.018     9.0505    109.587     32.240  32.150190     5.3176     10.803    67.5000 6.4467e+02     7.7981     -0.077     -0.112    24.7956 0.0000e+00
     -0.077      0.030     9.0612    109.437     32.225  32.137617     5.3257     10.804    66.9546 6.1707e+02     7.9637     -0.077     -0.111    24.8177 0.0000e+00
     -0.072      0.043     9.0811    109.306     32.224  32.136577     5.3466     10.806    66.3826 5.5957e+02     8.1409     -0.074     -0.107    24.8354 0.0000e+00
     -0.058      0.056     9.0906    109.221     32.229  32.137608     5.3698     10.806    66.0908 4.9986e+02     8.1311     -0.061     -0.089    24.8469 0.0000e+00
     -0.036      0.066     9.0814    109.133     32.248  32.150078     5.4321     10.806    66.0934 4.5077e+02     7.8796     -0.034     -0.050    24.8549 0.0000e+00
     -0.012      0.072     9.0644    109.051     32.263  32.160468     5.5260     10.807    66.1561 4.1557e+02     7.6270     -0.009     -0.014    24.8587 0.0000e+00
      0.009      0.073     9.0521    109.053     32.243  32.136343     5.5640     10.807    66.2466 3.9133e+02     7.6054      0.008      0.012    24.8592 0.0000e+00
      0.028      0.070     9.0492    109.180     32.222  32.112134     5.5917     10.806    66.3270 3.7390e+02     7.6869      0.027      0.040    24.8541 0.0000e+00
      0.044      0.068     9.0436    109.420     32.234  32.121499     5.6448     10.805    66.3537 3.5754e+02     7.6558      0.043      0.062    24.8422 0.0000e+00
      0.057      0.068     9.0346    109.741     32.239  32.122702     5.7149     10.804    66.3972 3.4052e+02     7.7413      0.057      0.082    24.8331 0.0000e+00
      0.070      0.069     9.0347    110.020     32.251  32.126663     5.8073     10.803    66.5087 3.2394e+02     8.0369      0.068      0.098    24.8279 0.0000e+00
      0.087      0.071     9.0471    110.125     32.308  32.169387     5.8630     10.802    66.6692 3.0071e+02     8.2582      0.082      0.118    24.8234 0.0000e+00
      0.110      0.072     9.0672    110.092     32.418  32.258635     5.9052     10.802    66.7893 2.7567e+02     8.4027      0.108      0.157    24.8203 0.0000e+00
      0.134      0.069     9.0984    110.012     32.566  32.381020     6.0927     10.802    66.9291 2.5867e+02     8.4847      0.136      0.197    24.8161 0.0000e+00
      0.153      0.063     9.1300    109.880     32.595  32.380343     6.3822     10.802    67.2405 2.4776e+02     8.4639      0.152      0.220    24.8055 0.0000e+00
      0.168      0.054     9.1396    109.739     32.486  32.250401     6.5423     10.801    67.7155 2.3760e+02     8.4937      0.164      0.239    24.7825 0.0000e+00
      0.180      0.044     9.1380    109.809     32.444  32.205500     6.5720     10.800    68.3701 2.3158e+02     8.6399      0.180      0.260    24.7502 0.0000e+00
      0.188      0.036     9.1391    110.292     32.451  32.218077     6.4920     10.799    69.0459 2.3229e+02     8.6596      0.186      0.270    24.7139 0.0000e+00
      0.193      0.030     9.1380    111.132     32.321  32.085294     6.3239     10.796    69.4341 2.3356e+02     8.3911      0.187      0.272    24.6618 0.0000e+00
      0.200      0.026     9.1246    111.958     31.995  31.741902     6.2291     10.793    69.6222 2.3341e+02     8.0924      0.196      0.284    24.6162 0.0000e+00
      0.208      0.024     9.1228    112.446     31.520  31.237945     6.2366     10.790    69.7713 2.3511e+02     8.0539      0.206      0.299    24.6203 0.0000e+00
      0.213      0.023     9.1591    112.661     31.133  30.813022     6.2724     10.788    69.8611 2.3690e+02     8.1980      0.210      0.304    24.6441 0.0000e+00
      0.218      0.022     9.2432    112.746     31.092  30.727358     6.2882     10.788    69.9336 2.3583e+02     8.3319      0.213      0.309    24.6400 0.0000e+00
      0.223      0.019     9.3332    112.634     31.175  30.773032     6.2691     10.786    69.9581 2.3216e+02     8.3750      0.219      0.317    24.6043 0.0000e+00
      0.228      0.016     9.3752    112.070     31.155  30.730881     6.2336     10.784    70.0717 2.2732e+02     8.2747      0.225      0.325    24.5513 0.0000e+00
      0.233      0.013     9.3996    110.822     31.166  30.725150     6.2585     10.782    70.5337 2.2359e+02     8.2464      0.230      0.334    24.4838 0.0000e+00
      0.237      0.010     9.4235    109.051     31.288  30.830576     6.3452     10.782    70.8113 2.2143e+02     8.3406      0.233      0.337    24.4004 0.0000e+00
      0.239      0.006     9.4329    107.226     31.524  31.054059     6.3740     10.782    70.5894 2.2000e+02     8.2866      0.234      0.339    24.3392 0.0000e+00
      0.239      0.004     9.4012    105.611     31.803  31.333929     6.3408     10.781    71.0341 2.1958e+02     8.1740      0.234      0.340    24.3134 0.0000e+00
      0.238      0.004     9.2969    104.263     31.995  31.550218     6.3180     10.780    72.3159 2.2074e+02     8.1747      0.233      0.338    24.2887 0.0000e+00
      0.238      0.004     9.1324    103.315     32.044  31.639299     6.2990     10.778    73.0964 2.2246e+02     8.2262      0.233      0.338    24.2601 0.0000e+00
      0.239      0.005     8.9769    102.931     31.954  31.586400     6.2765     10.776    73.1572 2.2327e+02     8.2161      0.233      0.338    24.2385 0.0000e+00
      0.241      0.007     8.8433    103.189     31.834  31.481605     6.2541     10.774    73.0509 2.2352e+02     8.0871      0.236      0.342    24.2436 0.0000e+00
      0.243      0.009     8.7166    103.972     31.744  31.387211     6.2277     10.774    73.1018 2.2310e+02     7.9988      0.239      0.346    24.2883 0.0000e+00
      0.246      0.010     8.6207    105.039     31.641  31.269745     6.3157     10.774    73.3423 2.2174e+02     8.0713      0.241      0.350    24.3652 0.0000e+00
      0.249      0.010     8.5731    106.156     31.596  31.203142     6.5106     10.774    73.6360 2.1916e+02     8.1781      0.243      0.353    24.4346 0.0000e+00
      0.252      0.011     8.5965    107.106     31.633  31.216235     6.6121     10.773    74.1578 2.1535e+02     8.1634      0.247      0.358    24.4516 0.0000e+00
      0.256      0.015     8.6727    107.722     31.676  31.237709     6.6021     10.768    75.0043 2.1191e+02     8.0641      0.251      0.365    24.4363 0.0000e+00
      0.257      0.022     8.7719    107.951     31.725  31.272453     6.5564     10.756    75.8699 2.0994e+02     8.2070      0.253      0.366    24.4113 0.0000e+00
      0.258      0.030     8.8780    107.851     31.776  31.319121     6.5166     10.741    76.5360 2.0817e+02     8.5589      0.252      0.365    24.3743 0.0000e+00
      0.264      0.036     8.9697    107.579     31.811  31.357913     6.4875     10.727    76.9492 2.0282e+02     8.6295      0.254      0.368    24.3340 0.0000e+00
      0.280      0.038     9.0284    107.303     31.804  31.360881     6.4628     10.713    77.0803 1.9362e+02     8.4796      0.272      0.395    24.2995 0.0000e+00
      0.300      0.038     9.0491    107.019     31.724  31.291592     6.3838     10.701    77.2610 1.8753e+02     8.3860      0.298      0.434    24.2766 0.0000e+00
      0.313      0.036     9.0385    106.735     31.647  31.217942     6.2327     10.691    77.6711 1.8655e+02     8.3516      0.309      0.449    24.2687 0.0000e+00
      0.317      0.032     9.0053    106.564     31.669  31.231603     6.1591     10.683    78.2530 1.8615e+02     8.4054      0.312      0.451    24.2788 0.0000e+00
      0.319      0.028     8.9817    106.488     31.721  31.266458     6.1506     10.675    79.1347 1.8479e+02     8.3884      0.313      0.453    24.2991 0.0000e+00
      0.322      0.026     8.9575    106.447     31.734  31.258738     6.1222     10.665    80.3295 1.8187e+02     8.2477      0.315      0.457    24.3164 0.0000e+00
      0.329      0.027     8.9234    106.401     31.766  31.265098     6.1321     10.655    81.6865 1.7736e+02     8.2412      0.322      0.467    24.3225 0.0000e+00
      0.339      0.028     8.9160    106.251     31.808  31.279886     6.2034     10.643    82.8945 1.7256e+02     8.4467      0.333      0.481    24.3074 0.0000e+00
      0.349      0.028     8.9159    105.928     31.795  31.247191     6.2594     10.631    83.7500 1.6823e+02     8.6482      0.344      0.498    24.2795 0.0000e+00
      0.359      0.026     8.9170    105.448     31.744  31.186934     6.2524     10.618    84.3727 1.6480e+02     8.6286      0.354      0.513    24.2490 0.0000e+00
      0.365      0.021     8.9245    104.890     31.681  31.122221     6.1676     10.603    84.8307 1.6248e+02     8.4831      0.359      0.520    24.2088 0.0000e+00
      0.367      0.016     8.9220    104.366     31.530  30.972221     6.0589     10.588    85.1578 1.6086e+02     8.4937      0.360      0.522    24.1600 0.0000e+00
      0.369      0.013     8.9002    103.956     31.268  30.705410     6.0369     10.576    85.4889 1.5956e+02     8.6551      0.362      0.525    24.1241 0.0000e+00
      0.370      0.012     8.8591    103.612     31.080  30.496983     6.0504     10.565    85.8223 1.5870e+02     8.7606      0.363      0.527    24.1144 0.0000e+00
