Data/DataNotYetUploadedToEDI/Raw_CTD/RawDownloads/061621_bvr50_0003.cnv
* Sea-Bird SBE19plus  Data File:
* FileName = C:\R\Reservoirs\Data\DataNotYetUploadedToEDI\Raw_CTD\RawDownloads\061621_bvr_50_0003.hex
* Software version 2.8.0.119
* Temperature SN = 7809
* Conductivity SN = 7809
* System UpLoad Time = Jun 16 2021 15:10:25
* <ApplicationData>
* <Seaterm232>
# nquan = 16
# nvalues = 2188                        
# units = specified
# name 0 = depFM: Depth [fresh water, m]
# name 1 = dz/dtM: Descent Rate [m/s]
# name 2 = orp: Oxidation Reduction Potential [mV]
# name 3 = sbeox0Mg/L: Oxygen, SBE 43 [mg/l]
# name 4 = sbeox0PS: Oxygen, SBE 43 [% saturation]
# name 5 = par/sat/log: PAR/Logarithmic, Satlantic
# name 6 = ph: pH
# name 7 = specc: Specific Conductance [uS/cm]
# name 8 = c0uS/cm: Conductivity [uS/cm]
# name 9 = flECO-AFL: Fluorescence, WET Labs ECO-AFL/FL [mg/m^3]
# name 10 = turbWETntu0: Turbidity, WET Labs ECO [NTU]
# name 11 = tv290C: Temperature [ITS-90, deg C]
# name 12 = density00: Density [density, kg/m^3]
# name 13 = prdE: Pressure, Strain Gauge [psi]
# name 14 = prdM: Pressure, Strain Gauge [db]
# name 15 = flag:  0.000e+00
# span 0 =     -0.763,     10.463       
# span 1 =     -0.291,      0.131       
# span 2 = -1240.7455,   316.8902       
# span 3 =     0.9517,    10.0940       
# span 4 =      8.257,    114.378       
# span 5 = 1.2969e-01, 1.6085e+03       
# span 6 =     -1.796,     16.011       
# span 7 =     -0.037,     98.889       
# span 8 =  -0.032023,  66.497133       
# span 9 =    -1.5457,   265.7263       
# span 10 =   -10.1477,   957.8061      
# span 11 =     8.6148,    24.8655      
# span 12 =   997.1057,   999.8966      
# span 13 =     -1.086,     14.882      
# span 14 =     -0.749,     10.261      
# span 15 = 0.0000e+00, 0.0000e+00      
# interval = seconds: 0.25
# start_time = Jun 15 2021 20:23:33 [Instrument's time stamp, header]
# bad_flag = -9.990e-29
*END*
[from data line 543]
      2.715      0.012   271.2720     8.3492    101.089 1.3935e+02     15.566     25.968  25.899775     0.4641     1.1866    24.8630   997.1086      3.859      2.661 0.0000e+00
      2.720      0.011   271.2273     8.3665    101.066 1.4278e+02     15.566     26.004  25.935390     0.4628     1.2256    24.8629   997.1087      3.870      2.669 0.0000e+00
      2.723      0.011   271.1962     8.3763    101.084 1.4014e+02     15.567     26.023  25.954260     0.4347     1.2467    24.8632   997.1086      3.876      2.673 0.0000e+00
      2.723      0.013   271.3271     8.3790    101.105 1.3696e+02     15.566     26.007  25.937658     0.4005     1.2361    24.8633   997.1086      3.872      2.671 0.0000e+00
      2.723      0.015   271.5185     8.3728    101.141 1.4329e+02     15.566     25.995  25.924935     0.3927     1.2356    24.8629   997.1087      3.871      2.669 0.0000e+00
      2.728      0.016   271.5319     8.3689    101.189 1.4971e+02     15.567     25.997  25.927272     0.3882     1.2405    24.8620   997.1090      3.878      2.674 0.0000e+00
      2.735      0.017   271.4885     8.3751    101.252 1.4874e+02     15.567     25.972  25.902493     0.3835     1.2255    24.8610   997.1093      3.891      2.683 0.0000e+00
      2.742      0.019   271.5104     8.3736    101.331 1.4674e+02     15.566     25.949  25.879044     0.3837     1.1922    24.8602   997.1095      3.902      2.690 0.0000e+00
      2.746      0.019   271.4527     8.3783    101.376 1.4767e+02     15.565     25.968  25.897445     0.3903     1.1814    24.8596   997.1097      3.908      2.695 0.0000e+00
      2.749      0.019   271.4794     8.3823    101.390 1.4679e+02     15.565     26.005  25.934705     0.4068     1.1979    24.8591   997.1098      3.912      2.697 0.0000e+00
      2.753      0.019   271.7461     8.3856    101.372 1.4674e+02     15.565     26.019  25.948995     0.4114     1.2196    24.8592   997.1098      3.913      2.698 0.0000e+00
      2.758      0.020   271.9244     8.3966    101.284 1.4626e+02     15.565     26.013  25.943384     0.3982     1.2038    24.8591   997.1099      3.920      2.703 0.0000e+00
      2.765      0.023   271.8285     8.3984    101.141 1.4545e+02     15.565     26.000  25.930279     0.3806     1.1788    24.8588   997.1100      3.933      2.711 0.0000e+00
      2.771      0.026   271.6192     8.3990    100.997 1.5069e+02     15.565     25.986  25.917402     0.3799     1.2254    24.8590   997.1099      3.942      2.718 0.0000e+00
      2.776      0.026   271.5454     8.4003    100.877 1.5024e+02     15.565     25.983  25.914536     0.3990     1.2865    24.8595   997.1099      3.945      2.720 0.0000e+00
      2.785      0.025   271.7103     8.3919    100.812 1.4419e+02     15.565     25.963  25.895627     0.4403     1.2656    24.8599   997.1098      3.958      2.729 0.0000e+00
      2.795      0.023   271.8923     8.3774    100.817 1.4666e+02     15.565     25.947  25.879048     0.4975     1.2132    24.8602   997.1097      3.979      2.743 0.0000e+00
      2.800      0.020   271.9385     8.3657    100.887 1.5094e+02     15.566     25.972  25.904365     0.5285     1.2018    24.8612   997.1095      3.985      2.748 0.0000e+00
      2.802      0.015   271.9248     8.3540    101.034 1.4957e+02     15.566     26.016  25.948030     0.5383     1.2310    24.8628   997.1090      3.982      2.746 0.0000e+00
      2.805      0.012   271.8992     8.3481    101.203 1.4981e+02     15.566     26.032  25.963007     0.5294     1.2571    24.8635   997.1089      3.990      2.751 0.0000e+00
      2.809      0.011   271.7142     8.3498    101.302 1.5073e+02     15.566     26.027  25.958603     0.4887     1.2081    24.8630   997.1091      3.999      2.757 0.0000e+00
      2.808      0.013   271.4943     8.3535    101.305 1.4605e+02     15.566     26.027  25.958207     0.4657     1.1885    24.8631   997.1090      3.996      2.755 0.0000e+00
      2.808      0.015   271.6498     8.3676    101.226 1.4709e+02     15.566     26.027  25.958221     0.4697     1.2257    24.8634   997.1089      3.990      2.751 0.0000e+00
      2.814      0.017   271.9602     8.3860    101.082 1.5303e+02     15.566     26.027  25.958774     0.4521     1.2112    24.8625   997.1091      4.001      2.759 0.0000e+00
      2.824      0.020   272.2352     8.3941    100.884 1.5100e+02     15.566     26.033  25.964894     0.4148     1.1859    24.8614   997.1095      4.018      2.770 0.0000e+00
      2.831      0.022   272.6523     8.3937    100.657 1.4603e+02     15.566     26.037  25.968787     0.3900     1.1604    24.8612   997.1097      4.028      2.777 0.0000e+00
      2.834      0.023   272.8729     8.3869    100.509 1.4385e+02     15.566     26.011  25.942421     0.3820     1.1427    24.8625   997.1093      4.032      2.780 0.0000e+00
      2.838      0.021   272.8378     8.3737    100.540 1.4689e+02     15.565     25.968  25.899806     0.4038     1.1777    24.8639   997.1090      4.035      2.782 0.0000e+00
      2.845      0.019   272.9161     8.3583    100.710 1.5099e+02     15.565     25.965  25.897514     0.4441     1.2053    24.8637   997.1090      4.046      2.789 0.0000e+00
      2.851      0.018   272.8732     8.3355    100.890 1.5074e+02     15.566     25.983  25.914706     0.4594     1.1679    24.8628   997.1092      4.058      2.798 0.0000e+00
      2.856      0.015   272.6638     8.3186    101.000 1.4949e+02     15.566     25.985  25.917404     0.4548     1.1714    24.8625   997.1094      4.062      2.801 0.0000e+00
      2.859      0.011   272.6210     8.3234    101.044 1.4998e+02     15.566     25.998  25.930127     0.4365     1.2476    24.8630   997.1093      4.066      2.803 0.0000e+00
      2.863      0.010   272.4421     8.3423    101.071 1.5241e+02     15.566     26.010  25.941685     0.4098     1.2655    24.8633   997.1092      4.074      2.809 0.0000e+00
      2.864      0.010   272.1350     8.3594    101.113 1.5024e+02     15.566     26.000  25.930295     0.3985     1.2164    24.8636   997.1092      4.076      2.810 0.0000e+00
      2.862      0.012   272.1772     8.3681    101.184 1.4771e+02     15.566     25.990  25.919275     0.3949     1.2033    24.8644   997.1090      4.069      2.805 0.0000e+00
      2.862      0.013   272.4368     8.3700    101.290 1.5092e+02     15.567     26.006  25.935291     0.3946     1.2441    24.8634   997.1092      4.066      2.803 0.0000e+00
      2.869      0.016   272.6924     8.3710    101.366 1.5340e+02     15.567     26.004  25.933666     0.3956     1.2290    24.8613   997.1098      4.080      2.813 0.0000e+00
      2.878      0.020   272.8585     8.3761    101.409 1.5408e+02     15.566     25.970  25.899634     0.3871     1.1590    24.8601   997.1101      4.099      2.826 0.0000e+00
      2.883      0.022   272.8967     8.3791    101.445 1.5122e+02     15.566     25.975  25.904364     0.3785     1.1522    24.8585   997.1106      4.101      2.828 0.0000e+00
      2.886      0.022   272.9812     8.3930    101.416 1.4786e+02     15.566     25.997  25.927428     0.3771     1.2153    24.8574   997.1108      4.101      2.827 0.0000e+00
      2.895      0.020   273.1067     8.3990    101.333 1.4931e+02     15.566     25.994  25.924794     0.3894     1.2702    24.8576   997.1108      4.118      2.839 0.0000e+00
      2.903      0.018   273.1233     8.3985    101.258 1.5132e+02     15.567     26.005  25.935943     0.4033     1.2327    24.8576   997.1108      4.134      2.850 0.0000e+00
      2.904      0.017   273.0968     8.4073    101.233 1.4988e+02     15.567     26.005  25.935379     0.4015     1.1386    24.8586   997.1106      4.129      2.847 0.0000e+00
      2.905      0.016   273.0440     8.4022    101.266 1.4623e+02     15.566     25.989  25.917979     0.3969     1.1282    24.8606   997.1101      4.127      2.846 0.0000e+00
      2.911      0.016   273.0013     8.3935    101.288 1.4454e+02     15.566     25.987  25.915830     0.3953     1.1407    24.8610   997.1100      4.140      2.854 0.0000e+00
      2.916      0.019   273.0102     8.3864    101.265 1.4556e+02     15.566     25.981  25.909395     0.4006     1.1187    24.8607   997.1102      4.151      2.862 0.0000e+00
      2.917      0.023   272.9800     8.3829    101.257 1.4736e+02     15.566     25.976  25.903604     0.4041     1.1379    24.8602   997.1103      4.148      2.860 0.0000e+00
      2.921      0.023   273.0656     8.3896    101.309 1.4986e+02     15.566     25.982  25.909227     0.3904     1.1322    24.8584   997.1107      4.150      2.861 0.0000e+00
      2.931      0.023   273.2716     8.3933    101.363 1.5210e+02     15.566     25.987  25.913960     0.3871     1.1518    24.8567   997.1111      4.169      2.874 0.0000e+00
      2.943      0.023   273.4047     8.3882    101.342 1.5275e+02     15.566     25.970  25.897395     0.4021     1.2035    24.8565   997.1113      4.192      2.889 0.0000e+00
      2.948      0.024   273.4706     8.3854    101.258 1.5160e+02     15.567     25.972  25.899227     0.4003     1.1732    24.8563   997.1114      4.198      2.894 0.0000e+00
      2.948      0.021   273.4665     8.3927    101.189 1.4943e+02     15.567     26.011  25.936115     0.3941     1.1634    24.8552   997.1117      4.189      2.888 0.0000e+00
      2.951      0.017   273.4411     8.4003    101.155 1.4872e+02     15.567     26.040  25.962849     0.4034     1.2224    24.8548   997.1118      4.193      2.891 0.0000e+00
      2.960      0.015   273.5076     8.3983    101.139 1.4849e+02     15.566     26.047  25.968757     0.4077     1.2346    24.8551   997.1118      4.213      2.905 0.0000e+00
      2.966      0.016   273.5824     8.3873    101.139 1.4704e+02     15.566     26.022  25.944121     0.3985     1.1739    24.8543   997.1120      4.224      2.913 0.0000e+00
      2.965      0.016   273.6566     8.3824    101.179 1.4860e+02     15.566     25.996  25.918677     0.3869     1.1409    24.8507   997.1129      4.216      2.907 0.0000e+00
      2.966      0.014   273.8031     8.3814    101.289 1.4991e+02     15.566     25.991  25.914812     0.3918     1.1780    24.8462   997.1141      4.214      2.906 0.0000e+00
      2.974      0.011   273.8915     8.3798    101.435 1.4429e+02     15.566     25.973  25.897396     0.3911     1.2451    24.8442   997.1146      4.232      2.918 0.0000e+00
      2.981      0.009   273.9501     8.3798    101.577 1.3948e+02     15.566     25.974  25.898379     0.3592     1.2656    24.8445   997.1146      4.245      2.927 0.0000e+00
      2.981      0.008   273.9961     8.3804    101.672 1.4285e+02     15.567     26.003  25.926697     0.3309     1.2199    24.8460   997.1142      4.240      2.924 0.0000e+00
      2.980      0.007   274.0176     8.3915    101.667 1.4788e+02     15.567     26.000  25.922661     0.3254     1.1729    24.8477   997.1137      4.234      2.919 0.0000e+00
      2.980      0.006   274.1243     8.4047    101.606 1.4481e+02     15.566     25.990  25.913002     0.3306     1.1786    24.8480   997.1136      4.239      2.922 0.0000e+00
      2.982      0.009   274.1678     8.4165    101.541 1.3681e+02     15.566     26.014  25.936760     0.3368     1.2192    24.8475   997.1138      4.243      2.925 0.0000e+00
      2.984      0.014   274.1993     8.4289    101.493 1.3657e+02     15.566     26.034  25.956211     0.3245     1.2177    24.8473   997.1139      4.243      2.925 0.0000e+00
      2.987      0.019   274.3331     8.4248    101.492 1.4352e+02     15.566     26.036  25.957913     0.3056     1.2294    24.8464   997.1141      4.246      2.927 0.0000e+00
      2.993      0.022   274.3231     8.4187    101.537 1.4454e+02     15.566     26.035  25.957332     0.3273     1.2920    24.8447   997.1145      4.255      2.933 0.0000e+00
      3.002      0.024   274.2498     8.4140    101.604 1.3549e+02     15.566     26.026  25.949184     0.3772     1.2882    24.8438   997.1148      4.270      2.944 0.0000e+00
      3.011      0.026   274.3068     8.4074    101.630 1.2901e+02     15.566     25.999  25.922834     0.4029     1.2178    24.8442   997.1148      4.284      2.954 0.0000e+00
      3.017      0.027   274.4101     8.4089    101.599 1.3676e+02     15.565     25.968  25.892431     0.4009     1.1621    24.8441   997.1148      4.293      2.960 0.0000e+00
      3.021      0.026   274.5519     8.4114    101.541 1.4294e+02     15.565     25.973  25.898714     0.3999     1.2331    24.8456   997.1145      4.298      2.964 0.0000e+00
      3.026      0.023   274.6453     8.4205    101.474 1.3465e+02     15.566     26.007  25.935378     0.4098     1.4233    24.8477   997.1140      4.302      2.966 0.0000e+00
      3.034      0.020   274.5918     8.4230    101.416 1.2999e+02     15.566     26.026  25.955182     0.4061     1.5040    24.8468   997.1142      4.316      2.975 0.0000e+00
      3.043      0.019   274.5088     8.4182    101.348 1.3227e+02     15.566     26.018  25.947895     0.3836     1.4535    24.8468   997.1142      4.334      2.988 0.0000e+00
      3.047      0.019   274.5878     8.4137    101.278 1.2980e+02     15.566     25.980  25.910691     0.3667     1.3977    24.8511   997.1131      4.337      2.990 0.0000e+00
      3.046      0.018   274.7720     8.4051    101.275 1.2690e+02     15.565     25.955  25.885912     0.3734     1.3436    24.8562   997.1118      4.330      2.985 0.0000e+00
      3.048      0.018   274.8440     8.4015    101.365 1.2632e+02     15.565     25.971  25.901992     0.3889     1.2800    24.8591   997.1112      4.331      2.986 0.0000e+00
      3.055      0.018   274.8554     8.3966    101.504 1.2474e+02     15.566     25.984  25.914841     0.3920     1.2130    24.8602   997.1109      4.345      2.996 0.0000e+00
      3.064      0.019   274.8235     8.3866    101.626 1.2446e+02     15.566     25.984  25.914411     0.3920     1.1859    24.8602   997.1109      4.363      3.008 0.0000e+00
      3.068      0.019   274.7174     8.3864    101.674 1.2580e+02     15.566     25.967  25.896792     0.3885     1.2949    24.8593   997.1111      4.366      3.010 0.0000e+00
      3.071      0.015   274.6903     8.3953    101.621 1.2587e+02     15.566     25.962  25.892084     0.3885     1.4674    24.8600   997.1110      4.365      3.009 0.0000e+00
      3.077      0.012   274.7539     8.4085    101.501 1.2420e+02     15.567     25.991  25.920913     0.4010     1.4858    24.8609   997.1108      4.378      3.018 0.0000e+00
      3.080      0.012   274.7989     8.4207    101.381 1.2263e+02     15.567     25.999  25.928238     0.4056     1.4144    24.8606   997.1109      4.387      3.025 0.0000e+00
      3.078      0.011   274.8896     8.4255    101.296 1.2329e+02     15.566     25.989  25.917218     0.4158     1.4281    24.8605   997.1109      4.379      3.019 0.0000e+00
      3.078      0.008   275.0759     8.4204    101.261 1.2218e+02     15.566     25.987  25.914521     0.4480     1.4800    24.8602   997.1109      4.372      3.014 0.0000e+00
      3.085      0.008   275.1591     8.4073    101.284 1.1845e+02     15.566     25.968  25.895626     0.4609     1.4926    24.8592   997.1113      4.387      3.024 0.0000e+00
      3.092      0.010   275.2081     8.3975    101.360 1.1799e+02     15.567     25.952  25.879049     0.4484     1.4427    24.8570   997.1119      4.406      3.038 0.0000e+00
      3.091      0.013   275.4096     8.3903    101.466 1.1932e+02     15.567     25.977  25.904366     0.4304     1.3232    24.8551   997.1123      4.398      3.032 0.0000e+00
      3.088      0.013   275.5305     8.3870    101.542 1.2049e+02     15.567     26.021  25.948031     0.4156     1.2146    24.8551   997.1124      4.384      3.023 0.0000e+00
      3.093      0.012   275.4650     8.3896    101.533 1.2429e+02     15.567     26.036  25.963007     0.4119     1.1943    24.8543   997.1125      4.396      3.031 0.0000e+00
