Data/DataNotYetUploadedToEDI/Raw_CTD/RawDownloads/061625_bvr50_S8188004.cnv
* Sea-Bird SBE19plus  Data File:
* FileName = C:\R\Reservoirs\Data\DataNotYetUploadedToEDI\Raw_CTD\RawDownloads\060925_bvr50_S8188_0004.hex
* Software version 2.8.0.119
* Temperature SN = 8188
* Conductivity SN = 8188
* System UpLoad Time = Jun 25 2025 16:14:00
* <ApplicationData>
* <Seaterm232>
# nquan = 16
# nvalues = 1793                        
# units = specified
# name 0 = depFM: Depth [fresh water, m]
# name 1 = dz/dtM: Descent Rate [m/s]
# name 2 = sbeox0Mg/L: Oxygen, SBE 43 [mg/l]
# name 3 = sbeox0PS: Oxygen, SBE 43 [% saturation]
# name 4 = specc: Specific Conductance [uS/cm]
# name 5 = c0uS/cm: Conductivity [uS/cm]
# name 6 = wetCDOM: Fluorescence, WET Labs CDOM [mg/m^3]
# name 7 = flECO-AFL: Fluorescence, WET Labs ECO-AFL/FL [mg/m^3]
# name 8 = flECO-AFL1: Fluorescence, WET Labs ECO-AFL/FL, 2 [mg/m^3]
# name 9 = flECO-AFL2: Fluorescence, WET Labs ECO-AFL/FL, 3 [mg/m^3]
# name 10 = par/sat/log: PAR/Logarithmic, Satlantic
# name 11 = turbWETntu0: Turbidity, WET Labs ECO [NTU]
# name 12 = prdM: Pressure, Strain Gauge [db]
# name 13 = prdE: Pressure, Strain Gauge [psi]
# name 14 = tv290C: Temperature [ITS-90, deg C]
# name 15 = flag:  0.000e+00
# span 0 =     -0.715,      6.700       
# span 1 =     -0.264,      0.165       
# span 2 =    -0.3147,    12.1080       
# span 3 =     -3.212,    142.305       
# span 4 =   -660.773,    219.385       
# span 5 =-500.123893, 160.348351       
# span 6 =    -4.5000,    45.3600       
# span 7 =    -0.3380,    30.4509       
# span 8 =    -2.1300,     0.5112       
# span 9 =    -2.0304,     8.4600       
# span 10 = 1.1587e-01, 4.1274e+02      
# span 11 =    -1.1404,    91.8548      
# span 12 =     -0.701,      6.570      
# span 13 =     -1.016,      9.530      
# span 14 =    11.3446,    24.1795      
# span 15 = 0.0000e+00, 0.0000e+00      
# interval = seconds: 0.25
# start_time = Jun 16 2025 09:16:39 [Instrument's time stamp, header]
# bad_flag = -9.990e-29
*END*
[from data line 272]
      0.211      0.000     5.2191     60.880     26.314  25.501988    26.5500    15.8938     0.2130     4.5684 5.0182e+01    13.2863      0.207      0.300    23.4466 0.0000e+00
      0.211      0.000     5.2078     60.773     26.304  25.493051    26.5500    15.9281     0.2130     4.5684 5.0631e+01    13.3920      0.207      0.300    23.4481 0.0000e+00
      0.211     -0.000     5.1970     60.674     26.279  25.469603    26.5500    15.8938     0.2130     4.5684 5.0907e+01    13.2258      0.207      0.300    23.4495 0.0000e+00
      0.211      0.000     5.1869     60.586     26.249  25.441319    26.5500    15.9053     0.2130     4.5684 5.0940e+01    13.2863      0.207      0.300    23.4509 0.0000e+00
      0.211      0.000     5.1772     60.510     26.229  25.422559    26.6400    17.0535     0.2982     4.5684 5.1195e+01    13.5582      0.207      0.300    23.4524 0.0000e+00
      0.211      0.001     5.1679     60.442     26.224  25.418275    26.6400    17.0344     0.2982     4.5684 5.1620e+01    13.6488      0.207      0.300    23.4538 0.0000e+00
      0.211      0.001     5.1594     60.374     26.222  25.417371    26.6400    17.0421     0.2982     4.5684 5.1173e+01    13.5582      0.207      0.301    23.4552 0.0000e+00
      0.212      0.000     5.1519     60.309     26.222  25.417613    26.6400    17.0573     0.2982     4.5684 5.0466e+01    13.4977      0.208      0.301    23.4566 0.0000e+00
      0.212      0.000     5.1453     60.257     26.223  25.419066    26.6400    17.6562     0.2982     4.5684 5.0368e+01    13.8150      0.208      0.301    23.4578 0.0000e+00
      0.212      0.000     5.1394     60.215     26.217  25.414153    26.7300    17.6677     0.2130     4.5684 5.0719e+01    13.8452      0.208      0.302    23.4589 0.0000e+00
      0.212      0.000     5.1335     60.173     26.204  25.401565    26.7300    17.6410     0.2130     4.5684 5.1240e+01    13.7243      0.208      0.301    23.4599 0.0000e+00
      0.211      0.000     5.1279     60.129     26.191  25.389890    26.7300    17.6753     0.2130     4.5684 5.1743e+01    13.7243      0.207      0.301    23.4609 0.0000e+00
      0.211      0.000     5.1234     60.082     26.185  25.383980    26.7300    16.4317     0.2130     4.5684 5.1957e+01    13.4977      0.207      0.301    23.4619 0.0000e+00
      0.211      0.000     5.1197     60.035     26.185  25.384251    26.8200    16.4241     0.2556     4.5261 5.2184e+01    13.5733      0.207      0.300    23.4629 0.0000e+00
      0.211      0.000     5.1160     59.993     26.193  25.392764    26.8200    16.4241     0.2556     4.5261 5.2286e+01    13.5733      0.207      0.300    23.4638 0.0000e+00
      0.211      0.000     5.1122     59.959     26.206  25.405818    26.8200    16.4241     0.2556     4.5261 5.2479e+01    13.4977      0.207      0.301    23.4645 0.0000e+00
      0.211      0.000     5.1082     59.940     26.217  25.416938    26.8200    17.1069     0.2556     4.5261 5.2605e+01    13.4826      0.207      0.301    23.4652 0.0000e+00
      0.211      0.000     5.1041     59.948     26.221  25.421125    26.7300    17.0955     0.2556     4.5261 5.2777e+01    13.5129      0.207      0.301    23.4659 0.0000e+00
      0.211      0.000     5.1005     59.978     26.219  25.419495    26.7300    17.1183     0.2556     4.5261 5.2673e+01    13.5280      0.207      0.301    23.4666 0.0000e+00
      0.211      0.000     5.0975     60.011     26.219  25.419579    26.7300    17.1031     0.2556     4.5261 5.2513e+01    13.5733      0.207      0.301    23.4673 0.0000e+00
      0.211      0.000     5.0958     60.041     26.220  25.421398    26.7300    17.6333     0.2556     4.5261 5.2388e+01    13.7697      0.207      0.301    23.4681 0.0000e+00
      0.212      0.000     5.0964     60.072     26.220  25.421456    26.7300    17.6677     0.2982     4.6107 5.2354e+01    13.8603      0.208      0.301    23.4688 0.0000e+00
      0.212      0.000     5.0989     60.097     26.222  25.423751    26.7300    17.6677     0.2982     4.6107 5.2399e+01    13.8754      0.208      0.301    23.4696 0.0000e+00
      0.212      0.000     5.1016     60.117     26.227  25.428894    26.7300    17.6524     0.2982     4.6107 5.2616e+01    13.7999      0.208      0.301    23.4703 0.0000e+00
      0.212      0.000     5.1041     60.128     26.232  25.434275    26.7300    17.8050     0.2982     4.6107 5.2799e+01    13.5431      0.208      0.301    23.4710 0.0000e+00
      0.212      0.000     5.1066     60.134     26.239  25.441328    26.7300    17.8699     0.2982     4.6107 5.2995e+01    13.5431      0.208      0.301    23.4717 0.0000e+00
      0.212      0.000     5.1087     60.147     26.245  25.447953    26.6400    17.8775     0.2556     4.5261 5.3110e+01    13.5582      0.208      0.301    23.4724 0.0000e+00
      0.212      0.000     5.1103     60.173     26.249  25.451933    26.6400    17.8546     0.2556     4.5261 5.3376e+01    13.6186      0.208      0.301    23.4731 0.0000e+00
      0.212      0.000     5.1112     60.212     26.252  25.454330    26.6400    17.9385     0.2556     4.5261 5.3481e+01    13.5884      0.208      0.301    23.4738 0.0000e+00
      0.212      0.000     5.1117     60.261     26.253  25.455784    26.6400    17.9805     0.2556     4.5261 5.3481e+01    13.4222      0.208      0.301    23.4744 0.0000e+00
      0.212      0.000     5.1127     60.321     26.254  25.456681    26.7300    17.9614     0.2556     4.5261 5.3574e+01    13.5431      0.208      0.301    23.4750 0.0000e+00
      0.212      0.000     5.1149     60.397     26.250  25.453280    26.7300    17.9271     0.2556     4.5261 5.3516e+01    13.6035      0.208      0.302    23.4755 0.0000e+00
      0.212      0.000     5.1182     60.487     26.241  25.444673    26.7300    17.8966     0.2556     4.5261 5.3446e+01    13.5884      0.208      0.302    23.4760 0.0000e+00
      0.213      0.001     5.1223     60.584     26.232  25.436530    26.7300    17.9233     0.2556     4.5261 5.3411e+01    13.6337      0.209      0.302    23.4763 0.0000e+00
      0.213      0.001     5.1273     60.686     26.226  25.430661    26.7300    17.9080     0.2556     4.4838 5.3341e+01    13.5582      0.209      0.302    23.4767 0.0000e+00
      0.213      0.001     5.1338     60.781     26.220  25.425500    26.7300    17.9042     0.2556     4.4838 5.3527e+01    13.5280      0.209      0.303    23.4770 0.0000e+00
      0.213      0.001     5.1414     60.861     26.210  25.415689    26.7300    17.5990     0.2556     4.4838 5.3574e+01    13.5733      0.209      0.303    23.4774 0.0000e+00
      0.214      0.002     5.1496     60.932     26.192  25.398613    26.7300    17.6028     0.2556     4.4838 5.3667e+01    13.6035      0.209      0.304    23.4778 0.0000e+00
      0.214      0.002     5.1582     60.990     26.174  25.381663    26.7300    17.6181     0.2556     4.4838 5.3772e+01    13.5431      0.210      0.304    23.4782 0.0000e+00
      0.214      0.002     5.1662     61.035     26.164  25.372268    26.7300    17.5952     0.2556     4.3146 5.4077e+01    13.6035      0.210      0.305    23.4787 0.0000e+00
      0.215      0.002     5.1730     61.071     26.164  25.371902    26.7300    17.2786     0.2556     4.3146 5.4359e+01    13.5884      0.211      0.305    23.4791 0.0000e+00
      0.215      0.001     5.1790     61.112     26.168  25.376487    26.7300    17.2976     0.2556     4.3146 5.3644e+01    13.5431      0.211      0.306    23.4796 0.0000e+00
      0.216      0.001     5.1839     61.182     26.171  25.379282    26.7300    17.2595     0.2556     4.3146 5.2914e+01    13.5733      0.212      0.307    23.4802 0.0000e+00
      0.216      0.000     5.1876     61.308     26.175  25.383022    26.7300    17.2976     0.2556     4.3992 5.2914e+01    13.5129      0.212      0.307    23.4808 0.0000e+00
      0.216     -0.001     5.1907     61.508     26.187  25.394677    26.7300    17.1718     0.2556     4.3992 5.2937e+01    13.8150      0.212      0.307    23.4813 0.0000e+00
      0.216     -0.002     5.1941     61.786     26.201  25.407402    26.7300    17.1756     0.2556     4.3992 5.2995e+01    13.7395      0.211      0.307    23.4817 0.0000e+00
      0.215     -0.003     5.2000     62.138     26.205  25.410651    26.7300    17.1908     0.2556     4.3992 5.3399e+01    13.7848      0.211      0.306    23.4819 0.0000e+00
      0.214     -0.003     5.2107     62.548     26.204  25.409273    26.6400    17.1603     0.2556     4.4415 5.3772e+01    13.8301      0.210      0.304    23.4818 0.0000e+00
      0.213     -0.003     5.2278     62.989     26.207  25.410865    26.6400    17.1679     0.2556     4.4415 5.4030e+01    13.7999      0.209      0.303    23.4815 0.0000e+00
      0.212     -0.003     5.2515     63.430     26.209  25.411869    26.6400    16.0884     0.2556     4.4415 5.4490e+01    13.3920      0.208      0.302    23.4808 0.0000e+00
      0.211     -0.003     5.2815     63.839     26.214  25.416535    26.6400    16.0807     0.2556     4.4415 5.5469e+01    13.3769      0.207      0.300    23.4797 0.0000e+00
      0.210     -0.004     5.3165     64.191     26.225  25.426108    26.4600    16.0845     0.2556     4.5684 5.5771e+01    13.2863      0.206      0.299    23.4783 0.0000e+00
      0.209     -0.004     5.3541     64.479     26.223  25.423228    26.4600    16.1036     0.2556     4.5684 5.5662e+01    13.2560      0.205      0.298    23.4767 0.0000e+00
      0.208     -0.004     5.3918     64.708     26.204  25.403146    26.4600    16.9696     0.2556     4.5684 5.5735e+01    13.2560      0.204      0.297    23.4749 0.0000e+00
      0.207     -0.004     5.4267     64.882     26.181  25.380417    26.4600    16.9734     0.2556     4.5684 5.6258e+01    13.2560      0.203      0.295    23.4730 0.0000e+00
      0.206     -0.003     5.4569     65.002     26.166  25.364909    26.4600    16.9619     0.2556     4.5684 5.7245e+01    13.3618      0.202      0.293    23.4710 0.0000e+00
      0.205     -0.003     5.4816     65.070     26.164  25.362442    26.6400    16.9734     0.2982     4.7376 5.7432e+01    13.2258      0.201      0.292    23.4688 0.0000e+00
      0.204     -0.002     5.5013     65.110     26.173  25.370367    26.6400    16.9123     0.2982     4.7376 5.6651e+01    13.5884      0.200      0.291    23.4666 0.0000e+00
      0.204     -0.002     5.5163     65.154     26.177  25.372877    26.6400    16.9200     0.2982     4.7376 5.6026e+01    13.5129      0.200      0.290    23.4648 0.0000e+00
      0.204     -0.001     5.5266     65.224     26.173  25.368651    26.6400    16.9047     0.2982     4.7376 5.6332e+01    13.5129      0.200      0.290    23.4635 0.0000e+00
      0.204     -0.000     5.5325     65.320     26.169  25.364526    26.6400    16.9276     0.2556     4.4838 5.7207e+01    13.4222      0.200      0.290    23.4623 0.0000e+00
      0.204     -0.000     5.5361     65.426     26.164  25.359402    26.6400    17.0421     0.2556     4.4838 5.7996e+01    13.5733      0.200      0.290    23.4609 0.0000e+00
      0.204      0.000     5.5399     65.522     26.161  25.355895    26.6400    17.0268     0.2556     4.4838 5.8110e+01    13.5582      0.200      0.290    23.4594 0.0000e+00
      0.204      0.001     5.5461     65.599     26.162  25.357051    26.6400    17.0764     0.2556     4.4838 5.8147e+01    13.4826      0.200      0.290    23.4580 0.0000e+00
      0.204      0.001     5.5544     65.655     26.164  25.359198    26.5500    17.0268     0.2556     4.5261 5.8059e+01    13.6035      0.200      0.290    23.4570 0.0000e+00
      0.204      0.001     5.5634     65.681     26.163  25.358924    26.5500    17.2175     0.2556     4.5261 5.8566e+01    13.5129      0.200      0.290    23.4565 0.0000e+00
      0.205      0.001     5.5716     65.676     26.164  25.360139    26.5500    17.2290     0.2556     4.5261 5.8566e+01    13.4977      0.201      0.291    23.4564 0.0000e+00
      0.205      0.002     5.5781     65.647     26.171  25.367151    26.5500    17.2404     0.2556     4.5261 5.8451e+01    13.5129      0.201      0.291    23.4565 0.0000e+00
      0.206      0.002     5.5828     65.615     26.177  25.373863    26.8200    17.2175     0.2556     4.5684 5.8173e+01    13.6035      0.202      0.292    23.4569 0.0000e+00
      0.206      0.003     5.5850     65.600     26.173  25.370121    26.8200    17.0459     0.2556     4.5684 5.8464e+01    14.0265      0.202      0.293    23.4575 0.0000e+00
      0.207      0.003     5.5845     65.609     26.162  25.358907    26.8200    17.0535     0.2556     4.5684 5.8795e+01    14.0718      0.203      0.294    23.4582 0.0000e+00
      0.208      0.004     5.5820     65.638     26.147  25.345195    26.8200    17.0649     0.2556     4.5684 5.9257e+01    14.0416      0.204      0.295    23.4588 0.0000e+00
      0.209      0.004     5.5792     65.673     26.127  25.325330    26.8200    17.0344     0.2556     4.5684 5.9736e+01    14.0114      0.205      0.296    23.4593 0.0000e+00
      0.210      0.005     5.5778     65.694     26.104  25.303969    27.0000    17.3739     0.2556     4.6953 6.0205e+01    13.7697      0.206      0.298    23.4597 0.0000e+00
      0.211      0.006     5.5786     65.680     26.090  25.291345    27.0000    17.3625     0.2556     4.6953 6.0717e+01    13.9056      0.207      0.300    23.4600 0.0000e+00
      0.213      0.007     5.5810     65.624     26.088  25.290063    27.0000    17.3549     0.2556     4.6953 6.0598e+01    13.7848      0.209      0.303    23.4603 0.0000e+00
      0.215      0.007     5.5839     65.543     26.093  25.295801    27.0000    17.3510     0.2556     4.6953 5.9957e+01    13.6941      0.211      0.306    23.4609 0.0000e+00
      0.217      0.007     5.5856     65.456     26.103  25.306106    26.9100    16.7674     0.2556     4.5684 5.9606e+01    14.0567      0.213      0.308    23.4619 0.0000e+00
      0.219      0.007     5.5843     65.400     26.124  25.327708    26.9100    16.7369     0.2556     4.5684 5.9464e+01    14.0114      0.215      0.311    23.4633 0.0000e+00
      0.221      0.006     5.5794     65.431     26.164  25.366369    26.9100    16.7102     0.2556     4.5684 5.8949e+01    14.0567      0.216      0.314    23.4649 0.0000e+00
      0.223      0.005     5.5723     65.634     26.223  25.424433    26.9100    16.7331     0.2556     4.5684 5.8350e+01    13.9812      0.218      0.316    23.4666 0.0000e+00
      0.224      0.003     5.5647     66.118     26.313  25.511412    27.2700    17.2442     0.2556     4.5684 5.7482e+01    14.0114      0.219      0.318    23.4684 0.0000e+00
      0.224      0.002     5.5598     67.012     26.453  25.646517    27.2700    17.2213     0.2556     4.5684 5.7946e+01    13.9963      0.220      0.319    23.4700 0.0000e+00
      0.224      0.001     5.5623     68.483     26.680  25.865776    27.2700    17.2404     0.2556     4.5684 5.9231e+01    14.1322      0.220      0.319    23.4712 0.0000e+00
      0.224      0.000     5.5796     70.796     27.072  26.243588    27.2700    17.2442     0.2556     4.5684 6.0572e+01    13.8905      0.220      0.319    23.4716 0.0000e+00
      0.224      0.000     5.6208     74.413     27.589  26.741317    27.0900    16.9238     0.2556     4.3992 6.1021e+01    13.7395      0.220      0.318    23.4713 0.0000e+00
      0.224     -0.001     5.6969     80.000     28.030  27.165141    27.0900    16.9352     0.2556     4.3992 6.1835e+01    13.8301      0.220      0.318    23.4701 0.0000e+00
      0.224     -0.001     5.8222     87.991     28.307  27.428958    27.0900    16.9238     0.2556     4.3992 6.1983e+01    13.7848      0.220      0.318    23.4680 0.0000e+00
      0.223     -0.001     6.0193     97.987     28.466  27.581217    27.0900    16.9314     0.2556     4.3992 6.1916e+01    13.7848      0.219      0.318    23.4646 0.0000e+00
