Data/DataNotYetUploadedToEDI/Raw_CTD/RawDownloads/061621_fcr50.cnv
* Sea-Bird SBE19plus  Data File:
* FileName = C:\R\Reservoirs\Data\DataNotYetUploadedToEDI\Raw_CTD\RawDownloads\061621_bvr_50_0002.hex
* Software version 2.8.0.119
* Temperature SN = 7809
* Conductivity SN = 7809
* System UpLoad Time = Jun 16 2021 15:09:29
* <ApplicationData>
* <Seaterm232>
# nquan = 16
# nvalues = 2055                        
# units = specified
# name 0 = depFM: Depth [fresh water, m]
# name 1 = dz/dtM: Descent Rate [m/s]
# name 2 = orp: Oxidation Reduction Potential [mV]
# name 3 = sbeox0Mg/L: Oxygen, SBE 43 [mg/l]
# name 4 = sbeox0PS: Oxygen, SBE 43 [% saturation]
# name 5 = par/sat/log: PAR/Logarithmic, Satlantic
# name 6 = ph: pH
# name 7 = specc: Specific Conductance [uS/cm]
# name 8 = c0uS/cm: Conductivity [uS/cm]
# name 9 = flECO-AFL: Fluorescence, WET Labs ECO-AFL/FL [mg/m^3]
# name 10 = turbWETntu0: Turbidity, WET Labs ECO [NTU]
# name 11 = tv290C: Temperature [ITS-90, deg C]
# name 12 = density00: Density [density, kg/m^3]
# name 13 = prdE: Pressure, Strain Gauge [psi]
# name 14 = prdM: Pressure, Strain Gauge [db]
# name 15 = flag:  0.000e+00
# span 0 =     -0.693,      9.621       
# span 1 =     -4.242,      0.126       
# span 2 = -1240.7455,   471.0702       
# span 3 =     0.5920,    14.2667       
# span 4 =      5.241,    157.045       
# span 5 = 1.2340e-01, 1.3702e+03       
# span 6 =     -2.099,     16.068       
# span 7 =      0.231,     51.901       
# span 8 =   0.231921,  53.794510       
# span 9 =    -2.4404,   265.9289       
# span 10 =    -8.1316,   936.5745      
# span 11 =     9.1385,    26.8587      
# span 12 =   996.5736,   999.8330      
# span 13 =     -0.987,     13.685      
# span 14 =     -0.680,      9.435      
# span 15 = 0.0000e+00, 0.0000e+00      
# interval = seconds: 0.25
# start_time = Jun 15 2021 04:55:10 [Instrument's time stamp, header]
# bad_flag = -9.990e-29
*END*
[from data line 91]
     -0.568     -0.190 -1240.7455     8.5539    106.046 8.8429e+02     15.579      4.866   5.037673    -0.9705     5.3713    26.7077   996.6145     -0.825     -0.570 0.0000e+00
     -0.641     -0.161 -1240.7455     8.5286    106.067 5.8758e+02     15.578      3.786   3.921033    -1.0126    -1.4972    26.6842   996.6214     -0.951     -0.656 0.0000e+00
     -0.660     -0.115 -1240.7455     8.5044    106.110 3.0854e+02     15.578      3.237   3.352585    -1.0290    -5.2586    26.7009   996.6067     -0.947     -0.652 0.0000e+00
     -0.654     -0.061 -1240.7455     8.4858    106.148 2.4298e+02     15.579      2.693   2.789490    -1.0731    -5.4650    26.7400   996.5927     -0.926     -0.638 0.0000e+00
     -0.649     -0.017 -1240.7455     8.4855    106.168 3.3835e+02     15.579      2.350   2.434369    -1.5747    -3.8552    26.7661   996.5864     -0.924     -0.638 0.0000e+00
     -0.647      0.006 -1240.7455     8.4832    106.201 4.4401e+02     15.579      2.210   2.289795    -2.4404    -0.8667    26.7809   996.5815     -0.919     -0.633 0.0000e+00
     -0.644      0.009 -1240.7455     8.4865    106.202 5.0344e+02     15.579      2.167   2.245138    -2.3746     0.7643    26.7889   996.5797     -0.917     -0.632 0.0000e+00
     -0.642      0.006 -1240.7455     8.4915    106.177 5.3416e+02     15.580      2.196   2.274521     3.6748     0.8278    26.7916   996.5786     -0.913     -0.630 0.0000e+00
     -0.641      0.002 -1240.7455     8.4879    106.176 5.7444e+02     15.581      2.554   2.645060    70.6355     0.0042    26.7941   996.5780     -0.911     -0.629 0.0000e+00
     -0.641     -0.004 -1240.7455     8.4953    106.169 6.4438e+02     15.581      3.007   3.114194   193.4275    -1.5036    26.7945   996.5778     -0.911     -0.628 0.0000e+00
     -0.641     -0.014 -1240.7455     8.4947    106.160 7.7327e+02     15.582      2.902   3.005287   260.3816    -2.3656    26.7939   996.5781     -0.913     -0.629 0.0000e+00
     -0.641     -0.024 -1240.7455     8.4889    106.159 9.4817e+02     15.584      2.507   2.595383   265.9289    -2.4866    26.7929   996.5783     -0.911     -0.628 0.0000e+00
     -0.646     -0.030 -1240.7455     8.4932    106.136 1.0481e+03     15.584      2.261   2.339367   260.4803    -2.4518    26.7909   996.5789     -0.910     -0.626 0.0000e+00
     -0.662     -0.032 -1240.7455     8.4910    106.104 1.0547e+03     15.583      2.179   2.253811   194.4465    -1.8761    26.7904   996.5791     -0.938     -0.646 0.0000e+00
     -0.682     -0.031 -1240.7455     8.4916    106.066 1.0639e+03     15.583      2.183   2.257787    73.2646    -0.8473    26.7767   996.5826     -0.981     -0.677 0.0000e+00
     -0.691     -0.027 -1240.7455     8.4994    106.007 8.4442e+02     15.583      2.125   2.197392     7.1527    -0.2779    26.7415   996.5921     -0.985     -0.680 0.0000e+00
     -0.691     -0.019 -1240.7455     8.4997    105.962 3.7097e+02     15.583      2.086   2.157074     1.1243    -0.2790    26.7182   996.5984     -0.982     -0.678 0.0000e+00
     -0.691     -0.009 -1240.7455     8.4977    105.952 1.0797e+02     15.581      2.202   2.277110     0.4144    -0.9982    26.7089   996.6010     -0.984     -0.678 0.0000e+00
     -0.691     -0.002 -1240.7455     8.4984    105.956 8.8073e+01     15.580      2.365   2.445078     0.0483    -2.3131    26.7013   996.6030     -0.983     -0.678 0.0000e+00
     -0.691     -0.000 -1240.7455     8.4917    105.968 9.5022e+01     15.590      2.397   2.477490    -0.1463    -3.0961    26.6959   996.6045     -0.984     -0.679 0.0000e+00
     -0.691     -0.000 -1240.7455     8.4884    105.989 1.0272e+02     15.613      2.337   2.415592    -0.1834    -3.2223    26.6905   996.6059     -0.983     -0.678 0.0000e+00
     -0.691     -0.001 -1240.7455     8.4899    105.997 1.1017e+02     15.632      2.255   2.330196    -0.3619    -3.2553    26.6858   996.6073     -0.984     -0.678 0.0000e+00
     -0.692     -0.001 -1240.7455     8.4906    105.977 1.3969e+02     15.611      2.135   2.205176    -0.7027    -3.3573    26.6801   996.6089     -0.983     -0.678 0.0000e+00
     -0.692     -0.001 -1240.7455     8.4929    105.974 1.6838e+02     15.565      2.040   2.107650    -0.8899    -3.3910    26.6741   996.6105     -0.984     -0.679 0.0000e+00
     -0.692     -0.001 -1240.7455     8.4950    105.999 1.6155e+02     15.546      1.973   2.037916    -0.8989    -3.2170    26.6680   996.6121     -0.985     -0.679 0.0000e+00
     -0.692     -0.001 -1240.7455     8.4993    106.006 1.5250e+02     15.550      1.870   1.932178    -0.9251    -1.6649    26.6624   996.6136     -0.985     -0.679 0.0000e+00
     -0.692     -0.001 -1240.7455     8.4948    105.983 1.5255e+02     15.559      1.784   1.842777    -0.9973     1.1621    26.6567   996.6152     -0.984     -0.679 0.0000e+00
     -0.693     -0.001 -1240.7455     8.4958    105.945 1.6665e+02     15.572      1.786   1.843867    -1.0479     2.7073    26.6506   996.6168     -0.985     -0.679 0.0000e+00
     -0.693     -0.001 -1240.7455     8.5008    105.920 4.0459e+02     15.582      1.823   1.882011    -1.0504     2.8735    26.6445   996.6184     -0.986     -0.680 0.0000e+00
     -0.693     -0.000 -1240.7455     8.5023    105.926 6.4617e+02     15.584      1.802   1.860523    -1.0568     3.0003    26.6382   996.6202     -0.985     -0.679 0.0000e+00
     -0.693 -1.863e-08 -1240.7455     8.5011    105.936 6.5927e+02     15.584      1.719   1.774102    -1.1908     4.1027    26.6325   996.6217     -0.986     -0.680 0.0000e+00
     -0.693 -2.049e-07 -1240.7455     8.4977    105.904 6.7597e+02     15.585      1.609   1.660652    -1.4312     6.1423    26.6268   996.6232     -0.986     -0.680 0.0000e+00
     -0.693 -2.049e-07 -1240.7455     8.4963    105.882 4.8587e+02     15.586      1.517   1.565735    -1.5497     7.2669    26.6204   996.6250     -0.986     -0.680 0.0000e+00
     -0.693 -1.863e-08 -1240.7455     8.4974    105.895 2.1032e+02     15.585      1.466   1.513347    -1.5371     7.1608    26.6142   996.6267     -0.986     -0.680 0.0000e+00
     -0.693 -1.693e-09 -1240.7455     8.5034    105.882 1.4176e+02     15.582      1.425   1.470672    -1.4028     5.2018    26.6083   996.6283     -0.986     -0.680 0.0000e+00
     -0.693 -1.539e-10 -1240.7455     8.4981    105.874 1.3255e+02     15.579      1.386   1.429842    -1.1375     1.7432    26.6022   996.6299     -0.986     -0.680 0.0000e+00
     -0.693 -1.400e-11 -1240.7455     8.4952    105.902 1.2905e+02     15.579      1.357   1.399763    -0.9710    -0.0830    26.5961   996.6316     -0.985     -0.679 0.0000e+00
     -0.693 -1.272e-12 -1240.7455     8.5024    105.900 1.3051e+02     15.583      1.319   1.360381    -0.9538    -0.2274    26.5901   996.6332     -0.986     -0.680 0.0000e+00
     -0.693 -1.157e-13 -1240.7455     8.4997    105.870 1.3492e+02     15.591      1.293   1.333766    -0.9586    -0.1747    26.5841   996.6348     -0.985     -0.679 0.0000e+00
     -0.693 -1.052e-14 -1240.7455     8.4971    105.860 1.4060e+02     15.608      1.291   1.331355    -0.9524     0.0049    26.5781   996.6364     -0.986     -0.680 0.0000e+00
     -0.693 -9.560e-16 -1240.7455     8.5054    105.866 1.4705e+02     15.625      1.291   1.331229    -0.9552     0.0901    26.5723   996.6380     -0.985     -0.679 0.0000e+00
     -0.693 -8.690e-17 -1240.7455     8.5053    105.918 1.5202e+02     15.620      1.292   1.332237    -0.9735    -0.0019    26.5663   996.6396     -0.985     -0.679 0.0000e+00
     -0.693 -7.900e-18 -1240.7455     8.5005    105.979 1.5606e+02     15.605      1.303   1.343543    -0.9821    -0.0787    26.5602   996.6413     -0.985     -0.679 0.0000e+00
     -0.693 -7.180e-19 -1240.7455     8.5034    105.954 1.6111e+02     15.597      1.301   1.341240    -0.9726    -0.0149    26.5543   996.6428     -0.986     -0.680 0.0000e+00
     -0.693 -6.530e-20 -1240.7455     8.5018    105.889 1.6637e+02     15.593      1.265   1.304382    -0.9641     0.0836    26.5489   996.6443     -0.986     -0.680 0.0000e+00
     -0.693 -5.935e-21 -1240.7455     8.5073    105.858 1.6953e+02     15.590      1.240   1.277986    -0.9658     0.0139    26.5430   996.6459     -0.986     -0.680 0.0000e+00
     -0.692 -5.395e-22 -1240.7455     8.5195    105.865 1.7110e+02     15.590      1.238   1.275473    -0.9646    -0.1023    26.5373   996.6475     -0.985     -0.679 0.0000e+00
     -0.692 -4.905e-23 -1240.7455     8.5145    105.881 1.7254e+02     15.590      1.237   1.273998    -0.9591    -0.0508    26.5318   996.6490     -0.985     -0.679 0.0000e+00
     -0.693 -4.459e-24 -1240.7455     8.5074    105.892 1.7364e+02     15.589      1.223   1.260146    -0.9666     0.0185    26.5258   996.6506     -0.986     -0.680 0.0000e+00
     -0.693 -4.054e-25 -1240.7455     8.5067    105.901 1.7412e+02     15.589      1.199   1.234691    -0.9783    -0.0208    26.5200   996.6521     -0.986     -0.680 0.0000e+00
     -0.693 -3.686e-26 -1240.7455     8.5086    105.904 1.7429e+02     15.588      1.184   1.219611    -0.9664    -0.0445    26.5147   996.6536     -0.986     -0.680 0.0000e+00
     -0.693 -3.351e-27 -1240.7455     8.5118    105.924 1.7446e+02     15.587      1.169   1.204520    -0.9478    -0.0620    26.5092   996.6550     -0.986     -0.680 0.0000e+00
     -0.693 -3.046e-28 -1240.7455     8.5123    105.952 1.7459e+02     15.588      1.145   1.178911    -0.9529    -0.1300    26.5038   996.6565     -0.986     -0.680 0.0000e+00
     -0.693 -2.769e-29 -1240.7455     8.5154    105.939 1.7456e+02     15.590      1.130   1.163367    -0.9718    -0.1795    26.4984   996.6580     -0.986     -0.680 0.0000e+00
     -0.693 -2.517e-30 -1240.7455     8.5147    105.886 1.7449e+02     15.591      1.110   1.143267    -0.9758    -0.2137    26.4931   996.6594     -0.986     -0.680 0.0000e+00
     -0.693 -2.289e-31 -1240.7455     8.5168    105.828 1.7446e+02     15.590      1.093   1.125929    -0.9624    -0.2349    26.4880   996.6608     -0.985     -0.679 0.0000e+00
     -0.693 -2.080e-32 -1240.7455     8.5232    105.801 1.7435e+02     15.590      1.111   1.143764    -0.9534    -0.2303    26.4830   996.6622     -0.985     -0.679 0.0000e+00
     -0.693 -1.891e-33 -1240.7455     8.5214    105.816 1.7432e+02     15.590      1.136   1.168879    -0.9528    -0.2265    26.4778   996.6635     -0.985     -0.679 0.0000e+00
     -0.693 -1.719e-34 -1240.7455     8.5176    105.880 1.7443e+02     15.590      1.143   1.176195    -0.9451    -0.2234    26.4728   996.6649     -0.985     -0.679 0.0000e+00
     -0.693 -1.563e-35 -1240.7455     8.5117    105.947 1.7448e+02     15.590      1.136   1.168877    -0.9181    -0.2266    26.4679   996.6662     -0.985     -0.679 0.0000e+00
     -0.693 -1.421e-36 -1240.7455     8.5111    105.959 1.7440e+02     15.590      1.111   1.143746    -0.8933    -0.2660    26.4628   996.6676     -0.985     -0.679 0.0000e+00
     -0.693 -1.292e-37 -1240.7455     8.5119    105.924 1.7425e+02     15.590      1.094   1.125730    -0.9026    -0.3217    26.4579   996.6689     -0.985     -0.679 0.0000e+00
     -0.693 -1.174e-38 -1240.7455     8.5189    105.865 1.7426e+02     15.590      1.109   1.141084    -0.9165    -0.3164    26.4532   996.6702     -0.986     -0.680 0.0000e+00
     -0.693 -1.068e-39 -1240.7455     8.5290    105.829 1.7444e+02     15.590      1.107   1.139350    -0.9087    -0.2710    26.4482   996.6715     -0.985     -0.679 0.0000e+00
     -0.693 -9.705e-41 -1240.7455     8.5277    105.833 1.7452e+02     15.590      1.074   1.104768    -0.9028    -0.2533    26.4435   996.6728     -0.985     -0.679 0.0000e+00
     -0.693 -8.825e-42 -1240.7455     8.5271    105.853 1.7447e+02     15.591      1.073   1.103040    -0.8937    -0.2403    26.4388   996.6741     -0.985     -0.679 0.0000e+00
     -0.693 -8.020e-43 -1240.7455     8.5199    105.886 1.7447e+02     15.592      1.088   1.118460    -0.8752    -0.1821    26.4344   996.6753     -0.986     -0.680 0.0000e+00
     -0.693 -7.290e-44 -1240.7455     8.5177    105.919 1.7447e+02     15.592      1.071   1.101161    -0.8784    -0.1672    26.4299   996.6765     -0.986     -0.680 0.0000e+00
     -0.693 -6.630e-45 -1240.7455     8.5201    105.919 1.7444e+02     15.592      1.054   1.083923    -0.9129    -0.2312    26.4253   996.6777     -0.986     -0.680 0.0000e+00
     -0.693 -6.025e-46 -1240.7455     8.5219    105.879 1.7442e+02     15.592      1.070   1.100078    -0.9501    -0.2355    26.4210   996.6789     -0.985     -0.679 0.0000e+00
     -0.693 -5.480e-47 -1240.7455     8.5255    105.833 1.7443e+02     15.591      1.077   1.106452    -0.9656    -0.2187    26.4166   996.6801     -0.985     -0.679 0.0000e+00
     -0.693 -4.984e-48 -1240.7455     8.5303    105.817 1.7443e+02     15.591      1.068   1.097633    -0.9671    -0.2346    26.4124   996.6812     -0.986     -0.680 0.0000e+00
     -0.693 -4.965e-49 -1240.7455     8.5312    105.833 1.7445e+02     15.592      1.090   1.120142    -0.9679    -0.2558    26.4085   996.6822     -0.985     -0.679 0.0000e+00
     -0.693 -5.222e-49 -1240.7455     8.5271    105.862 1.7448e+02     15.592      1.095   1.125224    -0.9649    -0.2696    26.4045   996.6833     -0.986     -0.680 0.0000e+00
     -0.693 -5.295e-48 -1240.7455     8.5232    105.886 1.7443e+02     15.592      1.066   1.095733    -0.9604    -0.2290    26.4003   996.6845     -0.986     -0.680 0.0000e+00
     -0.693 -5.820e-47 -1240.7455     8.5219    105.872 1.7438e+02     15.592      1.051   1.080298    -0.9608    -0.2111    26.3962   996.6856     -0.986     -0.680 0.0000e+00
     -0.693 -6.402e-46 -1240.7455     8.5254    105.843 1.7444e+02     15.593      1.036   1.065301    -0.9602    -0.2261    26.3924   996.6865     -0.985     -0.679 0.0000e+00
     -0.693 -7.043e-45 -1240.7455     8.5276    105.848 1.7444e+02     15.593      1.013   1.041092    -0.9534    -0.2033    26.3881   996.6877     -0.986     -0.679 0.0000e+00
     -0.693 -7.747e-44 -1240.7455     8.5327    105.876 1.7424e+02     15.593      1.013   1.040977    -0.9545    -0.2108    26.3838   996.6889     -0.987     -0.680 0.0000e+00
     -0.693 -8.522e-43 -1240.7455     8.5310    105.904 1.7399e+02     15.593      1.035   1.063916    -0.9641    -0.2475    26.3802   996.6899     -0.986     -0.680 0.0000e+00
     -0.693 -9.374e-42 -1240.7455     8.5265    105.914 1.7376e+02     15.593      1.036   1.065058    -0.9460    -0.1674    26.3767   996.6908     -0.986     -0.680 0.0000e+00
     -0.693 -1.031e-40 -1240.7455     8.5295    105.889 1.7355e+02     15.593      1.027   1.054778    -0.9075     0.0035    26.3727   996.6919     -0.985     -0.679 0.0000e+00
     -0.693 -1.134e-39 -1240.7455     8.5322    105.844 1.7315e+02     15.593      1.039   1.066318    -0.8982     0.0680    26.3689   996.6929     -0.986     -0.680 0.0000e+00
     -0.693 -1.248e-38 -1240.7455     8.5358    105.816 1.7231e+02     15.596      1.050   1.077897    -0.9105     0.0287    26.3656   996.6938     -0.985     -0.679 0.0000e+00
     -0.693 -1.372e-37 -1240.7455     8.5374    105.820 1.7083e+02     15.598      1.040   1.068084    -0.9129     0.0092    26.3620   996.6948     -0.986     -0.680 0.0000e+00
     -0.693 -1.510e-36 -1240.7455     8.5362    105.836 1.6858e+02     15.598      1.046   1.074365    -0.9088     0.0039    26.3583   996.6957     -0.986     -0.680 0.0000e+00
     -0.693 -1.661e-35 -1240.7455     8.5313    105.852 1.6511e+02     15.595      1.062   1.090491    -0.8990    -0.0355    26.3548   996.6967     -0.986     -0.680 0.0000e+00
     -0.693 -1.827e-34 -1240.7455     8.5288    105.883 1.6003e+02     15.594      1.045   1.073016    -0.8890    -0.0554    26.3514   996.6976     -0.986     -0.680 0.0000e+00
     -0.693 -2.009e-33 -1240.7455     8.5310    105.927 1.5491e+02     15.594      1.026   1.053122    -0.8934     0.0038    26.3481   996.6985     -0.986     -0.680 0.0000e+00
