Data/DataNotYetUploadedToEDI/Raw_CTD/RawDownloads/061625_fcr10_S7809001.cnv
* Sea-Bird SBE19plus  Data File:
* FileName = C:\R\Reservoirs\Data\DataNotYetUploadedToEDI\Raw_CTD\RawDownloads\061625_fcr10_S7809_0001.hex
* Software version 2.8.0.119
* Temperature SN = 7809
* Conductivity SN = 7809
* System UpLoad Time = Jun 16 2025 17:24:52
* <ApplicationData>
* <Seaterm232>
# nquan = 15
# nvalues = 1348                        
# units = specified
# name 0 = depFM: Depth [fresh water, m]
# name 1 = dz/dtM: Descent Rate [m/s]
# name 2 = sbeox0Mg/L: Oxygen, SBE 43 [mg/l]
# name 3 = sbeox0PS: Oxygen, SBE 43 [% saturation]
# name 4 = specc: Specific Conductance [uS/cm]
# name 5 = c0uS/cm: Conductivity [uS/cm]
# name 6 = flECO-AFL: Fluorescence, WET Labs ECO-AFL/FL [mg/m^3]
# name 7 = ph: pH
# name 8 = orp: Oxidation Reduction Potential [mV]
# name 9 = par/sat/log: PAR/Logarithmic, Satlantic
# name 10 = turbWETntu0: Turbidity, WET Labs ECO [NTU]
# name 11 = prdM: Pressure, Strain Gauge [db]
# name 12 = prdE: Pressure, Strain Gauge [psi]
# name 13 = tv290C: Temperature [ITS-90, deg C]
# name 14 = flag:  0.000e+00
# span 0 =     -0.641,      2.098       
# span 1 =     -0.357,      0.227       
# span 2 =    -0.0461,    13.8651       
# span 3 =     -0.266,    152.166       
# span 4 =      1.671,     98.259       
# span 5 =   1.638595,  82.069911       
# span 6 =    -0.0440,    24.9238       
# span 7 =     -2.108,     10.897       
# span 8 = -1240.7455,   315.9846       
# span 9 = 6.4159e-01, 1.1296e+03       
# span 10 =     1.6855,   129.6222      
# span 11 =     -0.631,      2.059      
# span 12 =     -0.914,      2.986      
# span 13 =    16.7169,    24.5205      
# span 14 = 0.0000e+00, 0.0000e+00      
# interval = seconds: 0.25
# start_time = Jun 16 2025 11:04:16 [Instrument's time stamp, header]
# bad_flag = -9.990e-29
*END*
[from data line 579]
     -0.009      0.003     8.7774    105.296     31.751  31.357865     6.1292     10.493   113.1365 2.4973e+02     8.0208     -0.010     -0.014    24.3724 0.0000e+00
     -0.008      0.006     8.7902    105.276     31.751  31.357866     6.1301     10.492   113.1782 2.4719e+02     8.0719     -0.008     -0.011    24.3734 0.0000e+00
     -0.006      0.006     8.7967    105.330     31.714  31.321718     6.1658     10.492   113.1928 2.4352e+02     8.1970     -0.006     -0.009    24.3742 0.0000e+00
     -0.005      0.000     8.8031    105.443     31.693  31.301405     6.2023     10.492   113.1412 2.3971e+02     8.3373     -0.005     -0.007    24.3750 0.0000e+00
     -0.001     -0.020     8.8025    105.501     31.694  31.302578     6.1634     10.493   112.8979 2.3736e+02     8.3337     -0.002     -0.003    24.3755 0.0000e+00
      0.003     -0.055     8.7957    105.481     31.726  31.335905     6.0529     10.496   112.5742 2.3797e+02     8.1191      0.003      0.005    24.3755 0.0000e+00
      0.000     -0.090     8.8006    105.463     31.775  31.387186     5.9984     10.499   112.4103 2.4871e+02     8.0312      0.005      0.007    24.3757 0.0000e+00
     -0.023     -0.114     8.8159    105.490     31.798  31.415126     6.0129     10.500   112.5508 2.8329e+02     8.1590     -0.008     -0.012    24.3764 0.0000e+00
     -0.081     -0.119     8.8210    105.544     31.797  31.419999     5.9949     10.501   112.8108 3.4097e+02     8.1612     -0.070     -0.101    24.3774 0.0000e+00
     -0.153     -0.109     8.8150    105.588     31.755  31.382682     5.9135     10.502   112.9732 3.8668e+02     7.9552     -0.166     -0.240    24.3783 0.0000e+00
     -0.195     -0.086     8.8119    105.611     31.715  31.344548     5.8367     10.503   113.1367 3.9332e+02     7.7527     -0.208     -0.303    24.3820 0.0000e+00
     -0.196     -0.053     8.8137    105.657     31.712  31.339536     5.8329     10.505   113.3255 3.8172e+02     7.7271     -0.196     -0.285    24.3910 0.0000e+00
     -0.180     -0.017     8.8176    105.756     31.698  31.322080     5.9251     10.505   113.4494 3.7536e+02     7.7826     -0.175     -0.254    24.4017 0.0000e+00
     -0.167      0.011     8.8210    105.856     31.703  31.323780     6.0440     10.505   113.5154 3.7279e+02     7.8093     -0.160     -0.231    24.4105 0.0000e+00
     -0.162      0.023     8.8204    105.882     31.743  31.360095     6.0807     10.506   113.6076 3.6995e+02     7.8450     -0.156     -0.227    24.4124 0.0000e+00
     -0.162      0.025     8.8233    105.816     31.764  31.380542     6.0524     10.507   113.7896 3.6708e+02     7.8041     -0.159     -0.232    24.4067 0.0000e+00
     -0.162      0.028     8.8353    105.706     31.765  31.380699     6.0345     10.507   113.9955 3.6517e+02     7.7589     -0.161     -0.233    24.4003 0.0000e+00
     -0.157      0.033     8.8468    105.610     31.748  31.361997     6.0470     10.507   114.2040 3.6304e+02     7.8118     -0.157     -0.228    24.3952 0.0000e+00
     -0.146      0.040     8.8505    105.525     31.732  31.344711     6.0622     10.507   114.3323 3.5284e+02     7.8967     -0.146     -0.211    24.3916 0.0000e+00
     -0.129      0.044     8.8431    105.414     31.752  31.361998     6.0522     10.508   114.4280 3.2758e+02     7.9302     -0.127     -0.184    24.3907 0.0000e+00
     -0.111      0.044     8.8321    105.290     31.772  31.380701     6.0427     10.508   114.6733 3.0374e+02     7.9105     -0.108     -0.157    24.3894 0.0000e+00
     -0.097      0.039     8.8245    105.231     31.772  31.380546     6.0727     10.508   114.8893 2.9911e+02     7.9656     -0.094     -0.135    24.3864 0.0000e+00
     -0.089      0.030     8.8202    105.281     31.752  31.360111     6.1228     10.507   114.9737 3.0029e+02     8.0501     -0.085     -0.123    24.3833 0.0000e+00
     -0.085      0.021     8.8110    105.380     31.716  31.323936     6.1332     10.507   115.0059 2.9739e+02     8.0101     -0.083     -0.120    24.3805 0.0000e+00
     -0.085      0.014     8.7978    105.463     31.716  31.323767     6.1066     10.507   115.0209 2.9807e+02     7.9943     -0.083     -0.121    24.3786 0.0000e+00
     -0.084      0.010     8.7907    105.522     31.751  31.358067     6.0836     10.507   115.0682 2.9984e+02     8.1322     -0.082     -0.120    24.3776 0.0000e+00
     -0.082      0.011     8.7981    105.570     31.751  31.358051     6.0811     10.506   115.0622 2.9694e+02     8.2429     -0.080     -0.116    24.3767 0.0000e+00
     -0.080      0.017     8.8091    105.610     31.716  31.323570     6.0925     10.506   114.9478 2.9420e+02     8.1718     -0.079     -0.114    24.3762 0.0000e+00
     -0.077      0.029     8.8152    105.618     31.714  31.321762     6.0800     10.506   116.4387 2.9383e+02     8.0228     -0.077     -0.111    24.3763 0.0000e+00
     -0.072      0.047     8.8205    105.627     31.729  31.336192     6.0382     10.506   118.1172 2.9359e+02     8.1160     -0.070     -0.101    24.3762 0.0000e+00
     -0.064      0.067     8.8226    105.657     31.701  31.307741     6.0027     10.506   118.0349 2.8985e+02     8.4095     -0.065     -0.094    24.3761 0.0000e+00
     -0.045      0.087     8.8291    105.660     31.689  31.294934     5.9923     10.507   118.9710 2.6993e+02     8.5315     -0.052     -0.075    24.3763 0.0000e+00
     -0.013      0.104     8.8276    105.647     31.705  31.308210     5.9952     10.508   119.1978 2.3544e+02     8.4295     -0.014     -0.019    24.3756 0.0000e+00
      0.024      0.116     8.8265    105.639     31.678  31.277952     5.9801     10.507   117.4211 2.0613e+02     8.2014      0.026      0.037    24.3743 0.0000e+00
      0.058      0.125     8.8337    105.603     31.651  31.246260     5.9595     10.504   116.2454 1.8318e+02     8.0970      0.056      0.080    24.3743 0.0000e+00
      0.091      0.129     8.8320    105.517     31.653  31.242183     5.9710     10.502   115.8237 1.5915e+02     8.2261      0.089      0.130    24.3730 0.0000e+00
      0.121      0.127     8.8306    105.385     31.648  31.228645     5.9765     10.499   115.5919 1.3840e+02     8.2248      0.120      0.174    24.3684 0.0000e+00
      0.151      0.122     8.8329    105.163     31.639  31.209435     5.9432     10.497   115.4217 1.2387e+02     8.0476      0.145      0.211    24.3623 0.0000e+00
      0.186      0.117     8.8320    104.822     31.638  31.200206     5.9190     10.494   115.4862 1.1372e+02     8.1664      0.181      0.263    24.3556 0.0000e+00
      0.221      0.114     8.8241    104.408     31.623  31.180477     5.9412     10.491   115.8559 1.0843e+02     8.6704      0.220      0.319    24.3482 0.0000e+00
      0.248      0.112     8.8176    103.971     31.613  31.161191     5.9792     10.486   116.2775 1.0837e+02     9.0527      0.248      0.360    24.3343 0.0000e+00
      0.268      0.109     8.8049    103.537     31.629  31.157318     5.9612     10.482   116.5390 1.1045e+02     9.0652      0.263      0.381    24.3134 0.0000e+00
      0.290      0.100     8.7752    103.072     31.629  31.133610     5.8321     10.478   116.7810 1.0915e+02     8.9238      0.278      0.402    24.2975 0.0000e+00
      0.323      0.089     8.7409    102.396     31.639  31.128239     5.6670     10.475   117.1398 1.0351e+02     8.8466      0.317      0.460    24.2944 0.0000e+00
      0.356      0.077     8.7035    101.267     31.669  31.155784     5.6122     10.473   117.4355 9.8812e+01     8.9175      0.357      0.518    24.2883 0.0000e+00
      0.376      0.066     8.6737     99.725     31.655  31.149489     5.6447     10.472   117.6024 9.6190e+01     9.0634      0.372      0.539    24.2530 0.0000e+00
      0.384      0.056     8.6473     98.197     31.611  31.115576     5.6686     10.472   117.7809 9.3854e+01     9.0731      0.378      0.548    24.2039 0.0000e+00
      0.389      0.048     8.6054     97.120     31.552  31.062925     5.6846     10.471   118.0454 9.1175e+01     8.9662      0.381      0.552    24.1781 0.0000e+00
      0.395      0.048     8.5111     96.675     31.512  31.020380     5.7131     10.471   118.3916 8.8170e+01     8.9669      0.384      0.557    24.1801 0.0000e+00
      0.406      0.058     8.3618     96.799     31.618  31.108631     5.7471     10.468   118.7835 8.5550e+01     9.0814      0.395      0.573    24.1967 0.0000e+00
      0.422      0.072     8.2173     97.263     31.780  31.241861     5.7878     10.462   119.2557 8.3712e+01     9.1559      0.412      0.599    24.2124 0.0000e+00
      0.442      0.086     8.1202     97.686     31.805  31.235650     5.8225     10.453   119.7130 8.2337e+01     9.0809      0.432      0.627    24.2243 0.0000e+00
      0.468      0.093     8.0864     97.663     31.755  31.160358     5.8262     10.443   120.0965 8.0349e+01     8.9605      0.455      0.661    24.2223 0.0000e+00
      0.500      0.093     8.1066     97.036     31.704  31.092687     5.8485     10.433   120.5375 7.7748e+01     8.9977      0.490      0.711    24.1952 0.0000e+00
      0.531      0.084     8.1643     95.979     31.674  31.051771     6.0007     10.424   120.9156 7.5596e+01     8.9503      0.524      0.761    24.1506 0.0000e+00
      0.555      0.070     8.2228     94.804     31.669  31.046228     6.2262     10.416   121.1404 7.4355e+01     8.6271      0.547      0.795    24.0943 0.0000e+00
      0.569      0.054     8.2327     93.721     31.639  31.025663     6.3276     10.409   121.3624 7.3980e+01     8.4033      0.561      0.813    24.0525 0.0000e+00
      0.575      0.038     8.1768     92.881     31.597  30.993442     6.3191     10.401   121.5353 7.3909e+01     8.3965      0.564      0.818    24.0284 0.0000e+00
      0.577      0.025     8.0795     92.444     31.574  30.973833     6.3066     10.395   121.5949 7.3599e+01     8.4085      0.567      0.821    24.0053 0.0000e+00
      0.580      0.017     7.9763     92.481     31.580  30.978869     6.2936     10.391   121.7395 7.3147e+01     8.3426      0.569      0.825    24.0022 0.0000e+00
      0.585      0.015     7.8780     92.898     31.590  30.990902     6.2613     10.386   121.9928 7.2744e+01     8.2151      0.573      0.831    24.0265 0.0000e+00
      0.589      0.016     7.7984     93.508     31.589  30.992449     6.2326     10.381   122.2489 7.2396e+01     8.1989      0.577      0.838    24.0466 0.0000e+00
      0.591      0.020     7.7590     94.149     31.593  30.997581     6.2213     10.377   122.7709 7.2015e+01     8.2838      0.579      0.840    24.0457 0.0000e+00
      0.594      0.025     7.7664     94.726     31.586  30.989526     6.1660     10.374   123.5722 7.1584e+01     8.3876      0.582      0.844    24.0402 0.0000e+00
      0.600      0.027     7.8077     95.206     31.557  30.958484     6.0717     10.369   124.7958 7.0767e+01     8.4975      0.587      0.851    24.0433 0.0000e+00
      0.610      0.027     7.8627     95.612     31.542  30.939424     6.0141     10.365   126.8968 6.9243e+01     8.4855      0.597      0.865    24.0513 0.0000e+00
      0.624      0.023     7.9184     95.965     31.559  30.949370     6.0016     10.364   129.0138 6.7855e+01     8.4820      0.613      0.890    24.0549 0.0000e+00
      0.633      0.018     7.9690     96.225     31.574  30.951869     5.9784     10.364   129.7425 6.7476e+01     8.5909      0.624      0.907    24.0500 0.0000e+00
      0.635      0.015     8.0091     96.385     31.606  30.969613     5.9256     10.364   128.9960 6.7866e+01     8.6754      0.625      0.906    24.0436 0.0000e+00
      0.631      0.015     8.0419     96.480     31.751  31.100456     5.8878     10.363   128.0765 6.8489e+01     8.6495      0.619      0.898    24.0427 0.0000e+00
      0.628      0.017     8.0752     96.496     31.932  31.265177     5.8704     10.360   127.8307 6.8728e+01     8.5507      0.614      0.889    24.0336 0.0000e+00
      0.631      0.021     8.1016     96.360     32.005  31.311931     5.9488     10.355   127.8312 6.8086e+01     8.6763      0.616      0.894    24.0089 0.0000e+00
      0.642      0.025     8.1163     96.022     32.005  31.285108     6.1441     10.349   127.9106 6.6805e+01     9.0072      0.628      0.911    23.9832 0.0000e+00
      0.657      0.026     8.1269     95.512     31.997  31.258001     6.2512     10.341   128.1023 6.5585e+01     9.1009      0.645      0.935    23.9708 0.0000e+00
      0.668      0.024     8.1329     94.934     31.988  31.237895     6.2449     10.333   128.3416 6.4938e+01     8.9555      0.659      0.955    23.9587 0.0000e+00
      0.672      0.019     8.1300     94.396     31.988  31.232294     6.2344     10.326   128.8255 6.4718e+01     8.8887      0.660      0.958    23.9154 0.0000e+00
      0.671      0.015     8.1085     93.984     32.010  31.253704     6.2328     10.320   129.3933 6.4458e+01     8.9764      0.658      0.955    23.8626 0.0000e+00
      0.671      0.015     8.0658     93.738     32.065  31.306447     6.2582     10.312   129.7009 6.4077e+01     9.0944      0.658      0.954    23.8362 0.0000e+00
      0.671      0.018     8.0162     93.617     32.131  31.362530     6.2675     10.305   129.8767 6.3508e+01     9.0848      0.657      0.954    23.8198 0.0000e+00
      0.676      0.023     7.9700     93.546     32.207  31.424304     6.2206     10.298   130.2286 6.2468e+01     8.9629      0.660      0.957    23.8087 0.0000e+00
      0.686      0.028     7.9329     93.483     32.279  31.482418     6.0823     10.292   130.6862 6.1183e+01     8.9524      0.671      0.974    23.8119 0.0000e+00
      0.699      0.031     7.9129     93.408     32.300  31.494253     5.8933     10.287   131.2798 6.0315e+01     9.1297      0.687      0.996    23.8166 0.0000e+00
      0.708      0.032     7.9083     93.321     32.315  31.503948     5.8167     10.281   132.0709 5.9923e+01     9.2952      0.696      1.009    23.8023 0.0000e+00
      0.715      0.031     7.9060     93.242     32.352  31.536203     5.8048     10.274   132.5944 5.9561e+01     9.2799      0.701      1.016    23.7773 0.0000e+00
      0.721      0.028     7.9047     93.169     32.387  31.567057     5.7583     10.268   132.7914 5.9211e+01     9.2187      0.708      1.026    23.7588 0.0000e+00
      0.728      0.027     7.9003     93.077     32.450  31.623246     5.7541     10.261   133.0757 5.8942e+01     9.3406      0.714      1.036    23.7448 0.0000e+00
      0.733      0.029     7.8927     92.953     32.547  31.708089     5.8046     10.254   133.3638 5.8466e+01     9.5238      0.719      1.043    23.7389 0.0000e+00
      0.740      0.032     7.8869     92.804     32.626  31.768198     5.8356     10.247   133.4367 5.7720e+01     9.5892      0.725      1.051    23.7342 0.0000e+00
      0.748      0.034     7.8826     92.623     32.661  31.779064     5.8696     10.241   133.5270 5.6727e+01     9.5508      0.733      1.064    23.7286 0.0000e+00
      0.758      0.034     7.8764     92.341     32.681  31.776005     5.9338     10.236   133.7662 5.5458e+01     9.5028      0.742      1.078    23.7224 0.0000e+00
      0.769      0.033     7.8666     91.771     32.715  31.794615     5.9871     10.230   134.2639 5.4245e+01     9.5563      0.755      1.095    23.7101 0.0000e+00
      0.780      0.031     7.8582     90.750     32.744  31.813742     6.0141     10.223   135.0713 5.3347e+01     9.5479      0.766      1.111    23.6871 0.0000e+00
      0.788      0.026     7.8498     89.340     32.753  31.816939     5.8863     10.217   135.6988 5.2651e+01     9.3331      0.772      1.121    23.6427 0.0000e+00
      0.793      0.020     7.8385     87.785     32.768  31.833267     5.5998     10.210   136.0854 5.2102e+01     9.0770      0.778      1.129    23.6032 0.0000e+00
      0.796      0.014     7.8001     86.313     32.750  31.820854     5.4289     10.204   136.4765 5.1828e+01     8.9797      0.782      1.134    23.5858 0.0000e+00
