Data/DataNotYetUploadedToEDI/Raw_CTD/RawDownloads/061621_bvr50_0003.cnv
* Sea-Bird SBE19plus  Data File:
* FileName = C:\R\Reservoirs\Data\DataNotYetUploadedToEDI\Raw_CTD\RawDownloads\061621_bvr_50_0003.hex
* Software version 2.8.0.119
* Temperature SN = 7809
* Conductivity SN = 7809
* System UpLoad Time = Jun 16 2021 15:10:25
* <ApplicationData>
* <Seaterm232>
# nquan = 16
# nvalues = 2188                        
# units = specified
# name 0 = depFM: Depth [fresh water, m]
# name 1 = dz/dtM: Descent Rate [m/s]
# name 2 = orp: Oxidation Reduction Potential [mV]
# name 3 = sbeox0Mg/L: Oxygen, SBE 43 [mg/l]
# name 4 = sbeox0PS: Oxygen, SBE 43 [% saturation]
# name 5 = par/sat/log: PAR/Logarithmic, Satlantic
# name 6 = ph: pH
# name 7 = specc: Specific Conductance [uS/cm]
# name 8 = c0uS/cm: Conductivity [uS/cm]
# name 9 = flECO-AFL: Fluorescence, WET Labs ECO-AFL/FL [mg/m^3]
# name 10 = turbWETntu0: Turbidity, WET Labs ECO [NTU]
# name 11 = tv290C: Temperature [ITS-90, deg C]
# name 12 = density00: Density [density, kg/m^3]
# name 13 = prdE: Pressure, Strain Gauge [psi]
# name 14 = prdM: Pressure, Strain Gauge [db]
# name 15 = flag:  0.000e+00
# span 0 =     -0.763,     10.463       
# span 1 =     -0.291,      0.131       
# span 2 = -1240.7455,   316.8902       
# span 3 =     0.9517,    10.0940       
# span 4 =      8.257,    114.378       
# span 5 = 1.2969e-01, 1.6085e+03       
# span 6 =     -1.796,     16.011       
# span 7 =     -0.037,     98.889       
# span 8 =  -0.032023,  66.497133       
# span 9 =    -1.5457,   265.7263       
# span 10 =   -10.1477,   957.8061      
# span 11 =     8.6148,    24.8655      
# span 12 =   997.1057,   999.8966      
# span 13 =     -1.086,     14.882      
# span 14 =     -0.749,     10.261      
# span 15 = 0.0000e+00, 0.0000e+00      
# interval = seconds: 0.25
# start_time = Jun 15 2021 20:23:33 [Instrument's time stamp, header]
# bad_flag = -9.990e-29
*END*
[from data line 272]
      0.818      0.030   224.4120     6.8923     85.221 4.3012e+02     15.568     25.854  25.623517     0.2490     1.2007    24.5481   997.1799      1.161      0.800 0.0000e+00
      0.826      0.027   225.5225     6.9234     85.806 3.9450e+02     15.569     25.891  25.648576     0.2065     1.1323    24.5329   997.1838      1.167      0.805 0.0000e+00
      0.842      0.024   226.5457     6.9665     86.231 3.2397e+02     15.569     25.894  25.649711     0.1909     1.1596    24.5479   997.1801      1.200      0.828 0.0000e+00
      0.855      0.023   227.4912     7.0323     86.686 3.7852e+02     15.569     25.872  25.637243     0.2034     1.2556    24.5659   997.1756      1.226      0.844 0.0000e+00
      0.855      0.022   228.3502     7.1068     87.220 3.9877e+02     15.569     25.855  25.624689     0.2337     1.3317    24.5572   997.1778      1.218      0.840 0.0000e+00
      0.851      0.021   229.2751     7.1596     87.769 3.2728e+02     15.569     25.861  25.624787     0.2899     1.3941    24.5169   997.1881      1.206      0.831 0.0000e+00
      0.854      0.020   230.1552     7.1867     88.369 3.1213e+02     15.569     25.879  25.638417     0.3203     1.4596    24.5112   997.1895      1.212      0.835 0.0000e+00
      0.863      0.020   230.8184     7.2182     88.981 3.2682e+02     15.569     25.902  25.662623     0.3154     1.5058    24.5482   997.1801      1.228      0.846 0.0000e+00
      0.872      0.020   231.4428     7.2674     89.427 3.6744e+02     15.569     25.906  25.663767     0.3069     1.4380    24.5598   997.1773      1.240      0.855 0.0000e+00
      0.880      0.019   232.1119     7.3120     89.578 4.1690e+02     15.569     25.899  25.652237     0.3032     1.2572    24.5329   997.1841      1.251      0.863 0.0000e+00
      0.886      0.016   232.6275     7.3639     89.475 4.2563e+02     15.569     25.895  25.650063     0.3091     1.1747    24.5217   997.1869      1.262      0.870 0.0000e+00
      0.888      0.015   233.0310     7.4216     89.355 4.7897e+02     15.569     25.875  25.637481     0.3209     1.1955    24.5359   997.1835      1.267      0.874 0.0000e+00
      0.885      0.016   233.4638     7.4615     89.311 5.2447e+02     15.569     25.862  25.626970     0.3220     1.1652    24.5307   997.1848      1.258      0.868 0.0000e+00
      0.884      0.019   233.8163     7.4792     89.196 4.5173e+02     15.569     25.887  25.649833     0.3122     1.1173    24.5098   997.1899      1.252      0.863 0.0000e+00
      0.891      0.023   234.1090     7.4578     88.950 3.5407e+02     15.569     25.897  25.660211     0.3073     1.1318    24.5158   997.1885      1.265      0.872 0.0000e+00
      0.903      0.028   234.4219     7.4405     88.654 3.2853e+02     15.569     25.860  25.625596     0.3110     1.2032    24.5397   997.1826      1.286      0.887 0.0000e+00
      0.913      0.032   234.8467     7.4459     88.342 3.4591e+02     15.568     25.844  25.611861     0.3185     1.2595    24.5430   997.1817      1.300      0.897 0.0000e+00
      0.921      0.032   235.3731     7.4381     87.939 4.0527e+02     15.567     25.854  25.621001     0.3026     1.2289    24.5360   997.1835      1.308      0.903 0.0000e+00
      0.931      0.029   235.7963     7.4138     87.381 4.2918e+02     15.568     25.843  25.609263     0.2626     1.1756    24.5348   997.1839      1.325      0.913 0.0000e+00
      0.938      0.027   236.1781     7.3865     86.698 3.9703e+02     15.569     25.831  25.596777     0.2452     1.1986    24.5403   997.1825      1.339      0.922 0.0000e+00
      0.942      0.025   236.6339     7.3632     85.961 3.7523e+02     15.569     25.835  25.596881     0.2532     1.2334    24.5484   997.1805      1.341      0.924 0.0000e+00
      0.946      0.023   237.0915     7.3325     85.224 3.7271e+02     15.569     25.855  25.610511     0.2257     1.2181    24.5459   997.1812      1.342      0.925 0.0000e+00
      0.952      0.021   237.4941     7.2852     84.557 3.8853e+02     15.570     25.885  25.634718     0.1519     1.1853    24.5387   997.1830      1.354      0.934 0.0000e+00
      0.961      0.019   237.8888     7.2255     84.085 4.1905e+02     15.570     25.887  25.635860     0.1136     1.1802    24.5418   997.1823      1.369      0.944 0.0000e+00
      0.966      0.018   238.2498     7.1629     83.863 4.4808e+02     15.569     25.876  25.624320     0.1257     1.2252    24.5399   997.1828      1.375      0.948 0.0000e+00
      0.969      0.016   238.4170     7.1033     83.777 4.2743e+02     15.569     25.875  25.622035     0.0977     1.2492    24.5175   997.1884      1.377      0.950 0.0000e+00
      0.971      0.015   238.3617     7.0446     83.691 4.3871e+02     15.570     25.864  25.608226     0.0222     1.1948    24.5055   997.1914      1.380      0.952 0.0000e+00
      0.975      0.017   238.2700     7.0014     83.576 4.7672e+02     15.570     25.839  25.584210    -0.0242     1.1517    24.5080   997.1907      1.389      0.957 0.0000e+00
      0.977      0.023   238.3405     6.9884     83.493 4.3227e+02     15.570     25.837  25.585351    -0.0244     1.1745    24.5095   997.1904      1.392      0.960 0.0000e+00
      0.979      0.029   238.6130     6.9862     83.489 4.1171e+02     15.570     25.871  25.622034     0.0105     1.1962    24.5086   997.1906      1.388      0.957 0.0000e+00
      0.987      0.033   238.8961     6.9805     83.519 4.4281e+02     15.570     25.896  25.647195     0.0446     1.1733    24.4977   997.1934      1.399      0.965 0.0000e+00
      1.003      0.037   239.0971     6.9694     83.595 4.4064e+02     15.570     25.883  25.635872     0.0449     1.1383    24.4963   997.1939      1.427      0.985 0.0000e+00
      1.019      0.041   239.4081     6.9573     83.845 4.6110e+02     15.570     25.857  25.611977     0.0525     1.1505    24.5098   997.1905      1.455      1.003 0.0000e+00
      1.028      0.041   239.8176     6.9601     84.340 4.6153e+02     15.570     25.855  25.611987     0.0697     1.2170    24.5133   997.1897      1.464      1.010 0.0000e+00
      1.034      0.036   240.2621     6.9631     84.911 4.1483e+02     15.570     25.880  25.635998     0.0617     1.2559    24.5131   997.1898      1.467      1.012 0.0000e+00
      1.043      0.031   240.7391     6.9637     85.335 3.9861e+02     15.570     25.889  25.648586     0.0427     1.2085    24.5146   997.1895      1.483      1.022 0.0000e+00
      1.054      0.029   241.1103     6.9803     85.602 3.8826e+02     15.569     25.863  25.637347     0.0305     1.1591    24.5190   997.1884      1.503      1.037 0.0000e+00
      1.060      0.030   241.3088     7.0259     85.761 3.7261e+02     15.568     25.833  25.626976     0.0380     1.2081    24.5284   997.1860      1.510      1.042 0.0000e+00
      1.063      0.030   241.4182     7.0861     85.789 3.8452e+02     15.567     25.843  25.650067     0.0575     1.2521    24.5189   997.1884      1.508      1.040 0.0000e+00
      1.069      0.028   241.6586     7.1182     85.668 4.0176e+02     15.566     25.848  25.662865     0.0558     1.2103    24.5162   997.1892      1.515      1.045 0.0000e+00
      1.081      0.026   242.0655     7.1330     85.396 4.0246e+02     15.566     25.831  25.654877     0.0364     1.1832    24.5552   997.1794      1.537      1.059 0.0000e+00
      1.093      0.024   242.4661     7.1428     85.047 4.0725e+02     15.566     25.844  25.680340     0.0332     1.1997    24.6016   997.1678      1.559      1.074 0.0000e+00
      1.098      0.021   242.8023     7.1409     84.776 3.9346e+02     15.565     25.872  25.717059     0.0552     1.2373    24.6270   997.1613      1.562      1.078 0.0000e+00
      1.099      0.016   243.0330     7.1312     84.660 4.0237e+02     15.564     25.868  25.718311     0.0725     1.2611    24.6339   997.1596      1.562      1.077 0.0000e+00
      1.102      0.012   243.1040     7.1051     84.645 4.3105e+02     15.564     25.839  25.695476     0.0620     1.2463    24.6475   997.1562      1.567      1.081 0.0000e+00
      1.104      0.011   243.1445     7.0652     84.639 4.1235e+02     15.565     25.831  25.694673     0.0520     1.2307    24.6807   997.1478      1.570      1.083 0.0000e+00
      1.104      0.013   243.3507     7.0373     84.550 4.4147e+02     15.565     25.841  25.708615     0.0756     1.2785    24.7010   997.1427      1.571      1.083 0.0000e+00
      1.106      0.015   243.7042     7.0307     84.321 5.4170e+02     15.565     25.867  25.737209     0.1081     1.3784    24.7035   997.1420      1.573      1.084 0.0000e+00
      1.111      0.017   244.0633     7.0301     83.957 5.4465e+02     15.564     25.914  25.786690     0.1122     1.4080    24.7147   997.1392      1.578      1.088 0.0000e+00
      1.119      0.018   244.3376     7.0301     83.548 4.3422e+02     15.564     25.926  25.799497     0.1061     1.3619    24.7338   997.1343      1.590      1.097 0.0000e+00
      1.127      0.020   244.4392     7.0243     83.336 4.1565e+02     15.565     25.891  25.765208     0.1203     1.3011    24.7381   997.1333      1.605      1.107 0.0000e+00
      1.131      0.023   244.4312     7.0039     83.543 4.9876e+02     15.565     25.876  25.752656     0.1317     1.2227    24.7413   997.1325      1.610      1.110 0.0000e+00
      1.131      0.025   244.4122     6.9722     84.143 5.0861e+02     15.564     25.896  25.774596     0.1289     1.1694    24.7509   997.1301      1.607      1.108 0.0000e+00
      1.136      0.027   244.2958     6.9291     84.846 5.1724e+02     15.564     25.897  25.776781     0.1345     1.2059    24.7491   997.1306      1.612      1.111 0.0000e+00
      1.146      0.031   244.1431     6.9038     85.374 5.2923e+02     15.564     25.899  25.779067     0.1706     1.2850    24.7470   997.1312      1.630      1.124 0.0000e+00
      1.157      0.036   244.0277     6.9200     85.647 4.6295e+02     15.564     25.921  25.802243     0.2312     1.3021    24.7547   997.1293      1.649      1.137 0.0000e+00
      1.167      0.039   243.9337     6.9795     85.666 4.2804e+02     15.564     25.920  25.803303     0.2576     1.2412    24.7634   997.1271      1.659      1.144 0.0000e+00
      1.176      0.039   243.9531     7.0492     85.538 4.0011e+02     15.564     25.907  25.791888     0.2506     1.1668    24.7629   997.1273      1.671      1.152 0.0000e+00
      1.187      0.036   244.0031     7.0911     85.388 3.6343e+02     15.563     25.906  25.791077     0.2613     1.1579    24.7605   997.1280      1.688      1.164 0.0000e+00
      1.198      0.032   244.1087     7.1168     85.369 3.7652e+02     15.563     25.909  25.793488     0.2909     1.2019    24.7645   997.1270      1.706      1.176 0.0000e+00
      1.206      0.028   244.3687     7.1117     85.682 3.6616e+02     15.563     25.936  25.821042     0.3136     1.2188    24.7691   997.1259      1.720      1.186 0.0000e+00
      1.211      0.023   244.6523     7.0979     86.328 3.2327e+02     15.563     25.984  25.870533     0.3061     1.1905    24.7706   997.1255      1.723      1.188 0.0000e+00
      1.216      0.018   244.8701     7.0826     87.095 3.1696e+02     15.564     25.998  25.884476     0.2863     1.1692    24.7745   997.1245      1.728      1.191 0.0000e+00
      1.221      0.017   245.1100     7.0706     87.713 3.2889e+02     15.564     25.976  25.862777     0.2933     1.2011    24.7707   997.1255      1.740      1.200 0.0000e+00
      1.221      0.018   245.4875     7.0991     88.062 3.3125e+02     15.564     25.971  25.861867     0.3248     1.2328    24.7707   997.1256      1.739      1.199 0.0000e+00
      1.221      0.020   245.8217     7.1570     88.170 3.1804e+02     15.563     25.980  25.873480     0.3332     1.2091    24.7790   997.1234      1.730      1.194 0.0000e+00
      1.228      0.023   245.9665     7.2323     88.132 2.9888e+02     15.563     25.983  25.876341     0.3095     1.1896    24.7748   997.1245      1.742      1.201 0.0000e+00
      1.240      0.028   246.1197     7.2865     88.092 2.9557e+02     15.563     26.004  25.896464     0.2755     1.2030    24.7732   997.1250      1.768      1.219 0.0000e+00
      1.248      0.033   246.5555     7.3116     88.101 2.9624e+02     15.563     26.037  25.926509     0.2371     1.2330    24.7831   997.1226      1.778      1.226 0.0000e+00
      1.254      0.035   247.1921     7.3190     88.146 2.9236e+02     15.563     26.036  25.922474     0.2083     1.2439    24.7908   997.1206      1.781      1.229 0.0000e+00
      1.262      0.033   247.6224     7.3081     88.245 2.9332e+02     15.564     26.024  25.911099     0.1941     1.1971    24.7900   997.1208      1.794      1.237 0.0000e+00
      1.274      0.032   247.5417     7.3055     88.441 3.0366e+02     15.564     26.029  25.915832     0.1897     1.1825    24.7869   997.1216      1.813      1.250 0.0000e+00
      1.285      0.032   247.2494     7.3083     88.776 3.3336e+02     15.563     26.029  25.916272     0.1922     1.2389    24.7804   997.1234      1.831      1.262 0.0000e+00
      1.291      0.033   247.3570     7.3115     89.171 3.4448e+02     15.563     26.028  25.916415     0.1962     1.2611    24.7732   997.1253      1.838      1.267 0.0000e+00
      1.294      0.031   247.8105     7.3192     89.480 3.5679e+02     15.564     26.029  25.917560     0.1907     1.2107    24.7772   997.1242      1.837      1.267 0.0000e+00
      1.302      0.029   248.3447     7.3313     89.653 3.8737e+02     15.565     26.044  25.930127     0.1821     1.1790    24.7786   997.1240      1.849      1.274 0.0000e+00
      1.315      0.027   248.9116     7.3632     89.780 3.5093e+02     15.564     26.057  25.941503     0.1884     1.2210    24.7760   997.1246      1.873      1.292 0.0000e+00
      1.323      0.024   249.4166     7.4008     89.940 2.9903e+02     15.563     26.042  25.928255     0.1994     1.2721    24.7804   997.1235      1.887      1.301 0.0000e+00
      1.326      0.020   249.8037     7.4283     90.144 2.9740e+02     15.564     26.009  25.896804     0.1922     1.2477    24.7822   997.1230      1.884      1.299 0.0000e+00
      1.331      0.015   250.0651     7.4392     90.406 3.2075e+02     15.564     25.990  25.878358     0.1776     1.1661    24.7750   997.1249      1.892      1.305 0.0000e+00
      1.336      0.012   250.2532     7.4472     90.725 3.4524e+02     15.564     26.006  25.895500     0.1939     1.1436    24.7703   997.1262      1.903      1.312 0.0000e+00
      1.336      0.011   250.4447     7.4619     91.198 3.5717e+02     15.564     26.025  25.913789     0.2279     1.1821    24.7774   997.1243      1.900      1.310 0.0000e+00
      1.335      0.010   250.5733     7.4749     91.922 3.4197e+02     15.564     26.021  25.909214     0.2448     1.1851    24.7818   997.1232      1.896      1.307 0.0000e+00
      1.338      0.010   250.6038     7.4999     92.791 3.1165e+02     15.564     26.016  25.903605     0.2555     1.1453    24.7793   997.1239      1.901      1.310 0.0000e+00
      1.345      0.010   250.5546     7.5227     93.611 3.0620e+02     15.564     26.022  25.909398     0.2519     1.1470    24.7808   997.1235      1.915      1.320 0.0000e+00
      1.349      0.013   250.4094     7.5552     94.131 3.2588e+02     15.564     26.028  25.915832     0.2300     1.2062    24.7813   997.1234      1.923      1.327 0.0000e+00
      1.349      0.015   250.1385     7.6222     94.171 3.2404e+02     15.564     26.029  25.917972     0.2103     1.2091    24.7795   997.1239      1.917      1.321 0.0000e+00
      1.349      0.019   249.4304     7.6990     93.931 3.0683e+02     15.564     26.045  25.935268     0.1952     1.1479    24.7789   997.1239      1.914      1.320 0.0000e+00
      1.355      0.024   248.5584     7.7739     93.825 3.0757e+02     15.564     26.044  25.934688     0.1895     1.1515    24.7768   997.1245      1.926      1.328 0.0000e+00
