Data/DataNotYetUploadedToEDI/Raw_CTD/RawDownloads/061625_bvr50_S8188004.cnv
* Sea-Bird SBE19plus  Data File:
* FileName = C:\R\Reservoirs\Data\DataNotYetUploadedToEDI\Raw_CTD\RawDownloads\060925_bvr50_S8188_0004.hex
* Software version 2.8.0.119
* Temperature SN = 8188
* Conductivity SN = 8188
* System UpLoad Time = Jun 25 2025 16:14:00
* <ApplicationData>
* <Seaterm232>
# nquan = 16
# nvalues = 1793                        
# units = specified
# name 0 = depFM: Depth [fresh water, m]
# name 1 = dz/dtM: Descent Rate [m/s]
# name 2 = sbeox0Mg/L: Oxygen, SBE 43 [mg/l]
# name 3 = sbeox0PS: Oxygen, SBE 43 [% saturation]
# name 4 = specc: Specific Conductance [uS/cm]
# name 5 = c0uS/cm: Conductivity [uS/cm]
# name 6 = wetCDOM: Fluorescence, WET Labs CDOM [mg/m^3]
# name 7 = flECO-AFL: Fluorescence, WET Labs ECO-AFL/FL [mg/m^3]
# name 8 = flECO-AFL1: Fluorescence, WET Labs ECO-AFL/FL, 2 [mg/m^3]
# name 9 = flECO-AFL2: Fluorescence, WET Labs ECO-AFL/FL, 3 [mg/m^3]
# name 10 = par/sat/log: PAR/Logarithmic, Satlantic
# name 11 = turbWETntu0: Turbidity, WET Labs ECO [NTU]
# name 12 = prdM: Pressure, Strain Gauge [db]
# name 13 = prdE: Pressure, Strain Gauge [psi]
# name 14 = tv290C: Temperature [ITS-90, deg C]
# name 15 = flag:  0.000e+00
# span 0 =     -0.715,      6.700       
# span 1 =     -0.264,      0.165       
# span 2 =    -0.3147,    12.1080       
# span 3 =     -3.212,    142.305       
# span 4 =   -660.773,    219.385       
# span 5 =-500.123893, 160.348351       
# span 6 =    -4.5000,    45.3600       
# span 7 =    -0.3380,    30.4509       
# span 8 =    -2.1300,     0.5112       
# span 9 =    -2.0304,     8.4600       
# span 10 = 1.1587e-01, 4.1274e+02      
# span 11 =    -1.1404,    91.8548      
# span 12 =     -0.701,      6.570      
# span 13 =     -1.016,      9.530      
# span 14 =    11.3446,    24.1795      
# span 15 = 0.0000e+00, 0.0000e+00      
# interval = seconds: 0.25
# start_time = Jun 16 2025 09:16:39 [Instrument's time stamp, header]
# bad_flag = -9.990e-29
*END*
[from data line 181]
     -0.066     -0.004     5.6426     66.841     26.801  25.975583    26.3700    12.8039     0.2556     4.6530 1.1299e+02    12.7877     -0.065     -0.094    23.4999 0.0000e+00
     -0.066      0.000     5.6480     67.026     26.797  25.965261    26.3700    12.8229     0.2556     4.6530 1.0762e+02    12.8935     -0.065     -0.094    23.4913 0.0000e+00
     -0.065      0.005     5.6566     67.224     26.788  25.950866    26.3700    12.7962     0.2982     4.8645 1.0451e+02    12.8029     -0.064     -0.092    23.4808 0.0000e+00
     -0.063      0.010     5.6687     67.424     26.781  25.940505    26.3700    14.1390     0.2982     4.8645 9.9976e+01    13.2409     -0.061     -0.089    23.4685 0.0000e+00
     -0.059      0.015     5.6838     67.621     26.778  25.935398    26.3700    14.1352     0.2982     4.8645 1.0383e+02    13.3014     -0.058     -0.084    23.4553 0.0000e+00
     -0.055      0.019     5.7009     67.829     26.775  25.930200    26.3700    14.1467     0.2982     4.8645 1.0540e+02    13.2863     -0.054     -0.078    23.4427 0.0000e+00
     -0.049      0.023     5.7189     68.077     26.773  25.927508    26.3700    14.1352     0.2982     4.7799 9.5870e+01    13.3920     -0.049     -0.070    23.4324 0.0000e+00
     -0.043      0.028     5.7366     68.407     26.768  25.922621    26.3700    13.5172     0.2982     4.7799 9.4176e+01    12.8633     -0.042     -0.061    23.4252 0.0000e+00
     -0.035      0.033     5.7539     68.899     26.748  25.906272    26.3700    13.5210     0.2982     4.7799 9.6329e+01    12.7726     -0.035     -0.051    23.4206 0.0000e+00
     -0.027      0.039     5.7719     69.681     26.719  25.886046    26.3700    13.5096     0.2982     4.7799 9.7997e+01    12.9086     -0.027     -0.039    23.4174 0.0000e+00
     -0.018      0.047     5.7931     70.955     26.683  25.864516    26.4600    13.5134     0.2556     4.7799 9.9650e+01    12.8180     -0.017     -0.025    23.4155 0.0000e+00
     -0.006      0.056     5.8210     72.996     26.630  25.833949    26.4600    13.4829     0.2556     4.7799 1.0253e+02    13.5431     -0.006     -0.008    23.4162 0.0000e+00
      0.009      0.065     5.8621     76.046     26.572  25.802125    26.4600    13.4524     0.2556     4.7799 9.6518e+01    13.5733      0.009      0.013    23.4217 0.0000e+00
      0.028      0.072     5.9269     80.106     26.515  25.772504    26.4600    13.4676     0.2556     4.7799 8.3404e+01    13.4524      0.027      0.040    23.4353 0.0000e+00
      0.050      0.077     6.0320     84.832     26.455  25.739180    26.5500    13.4753     0.2556     4.7799 6.1074e+01    13.6186      0.049      0.071    23.4610 0.0000e+00
      0.073      0.079     6.2006     89.646     26.400  25.707207    26.5500    14.4671     0.2556     4.7799 4.8784e+01    13.8452      0.071      0.103    23.4995 0.0000e+00
      0.094      0.077     6.4538     93.955     26.358  25.681996    26.5500    14.4404     0.2556     4.7799 4.6305e+01    13.8603      0.093      0.134    23.5462 0.0000e+00
      0.115      0.071     6.7920     97.302     26.329  25.664791    26.5500    14.4328     0.2556     4.7799 4.1430e+01    13.7697      0.113      0.163    23.5951 0.0000e+00
      0.133      0.064     7.1864     99.427     26.315  25.654985    26.5500    14.4175     0.2556     4.7799 3.9060e+01    13.8301      0.130      0.189    23.6417 0.0000e+00
      0.148      0.055     7.5889    100.260     26.312  25.649965    26.9100    13.7957     0.2556     4.6530 3.9875e+01    13.5129      0.145      0.211    23.6819 0.0000e+00
      0.161      0.046     7.9494     99.919     26.320  25.648392    26.9100    13.7690     0.2556     4.6530 4.0504e+01    13.5129      0.158      0.229    23.7128 0.0000e+00
      0.171      0.037     8.2299     98.676     26.336  25.649844    26.9100    13.7575     0.2556     4.6530 4.1719e+01    13.6035      0.167      0.243    23.7329 0.0000e+00
      0.178      0.030     8.4086     96.882     26.353  25.650727    26.9100    13.7690     0.2556     4.6530 4.2746e+01    13.6186      0.175      0.254    23.7410 0.0000e+00
      0.184      0.023     8.4800     94.859     26.371  25.651275    27.0000    15.4322     0.2982     4.8222 4.2774e+01    13.8301      0.181      0.262    23.7359 0.0000e+00
      0.189      0.018     8.4539     92.843     26.392  25.655615    27.0000    15.4360     0.2982     4.8222 4.3477e+01    13.8301      0.186      0.269    23.7185 0.0000e+00
      0.193      0.013     8.3529     90.957     26.408  25.656939    27.0000    15.4093     0.2982     4.8222 4.2849e+01    13.8603      0.189      0.274    23.6924 0.0000e+00
      0.195      0.010     8.2056     89.246     26.412  25.647636    27.0000    15.4322     0.2982     4.8222 4.2570e+01    13.7999      0.192      0.278    23.6621 0.0000e+00
      0.197      0.008     8.0390     87.732     26.407  25.633189    27.0000    15.7908     0.2556     4.6530 4.1430e+01    13.4826      0.194      0.281    23.6309 0.0000e+00
      0.199      0.006     7.8727     86.425     26.403  25.621690    27.0000    15.7450     0.2556     4.6530 4.1791e+01    13.6035      0.195      0.283    23.6007 0.0000e+00
      0.200      0.004     7.7169     85.318     26.401  25.614055    27.0000    15.7984     0.2556     4.6530 4.1855e+01    13.6035      0.196      0.284    23.5726 0.0000e+00
      0.201      0.003     7.5753     84.378     26.405  25.612232    27.0000    15.7756     0.2556     4.6530 4.1937e+01    13.6186      0.197      0.285    23.5485 0.0000e+00
      0.201      0.003     7.4495     83.553     26.415  25.615733    26.9100    15.6115     0.2982     4.5684 4.2165e+01    13.6035      0.197      0.286    23.5295 0.0000e+00
      0.202      0.002     7.3406     82.778     26.427  25.621510    26.9100    15.5963     0.2982     4.5684 4.2432e+01    13.4222      0.198      0.287    23.5151 0.0000e+00
      0.203      0.002     7.2482     82.010     26.443  25.631103    26.9100    15.6039     0.2982     4.5684 4.3364e+01    13.6035      0.199      0.288    23.5035 0.0000e+00
      0.203      0.002     7.1699     81.228     26.457  25.639104    26.9100    15.6039     0.2982     4.5684 4.3866e+01    13.4826      0.199      0.289    23.4929 0.0000e+00
      0.203      0.001     7.1012     80.422     26.462  25.639684    26.9100    15.3178     0.2982     4.5684 4.4268e+01    13.6488      0.199      0.289    23.4822 0.0000e+00
      0.204      0.001     7.0368     79.593     26.463  25.636979    26.5500    15.3063     0.2556     4.5684 4.4163e+01    13.7395      0.200      0.289    23.4711 0.0000e+00
      0.204      0.000     6.9730     78.758     26.460  25.630268    26.5500    15.3178     0.2556     4.5684 4.3895e+01    13.8452      0.200      0.289    23.4603 0.0000e+00
      0.204      0.000     6.9078     77.939     26.450  25.617760    26.5500    15.3025     0.2556     4.5684 4.3819e+01    13.7395      0.200      0.290    23.4503 0.0000e+00
      0.204      0.000     6.8404     77.161     26.442  25.608067    26.5500    16.3096     0.2556     4.5684 4.3534e+01    13.8452      0.200      0.290    23.4415 0.0000e+00
      0.204      0.000     6.7708     76.441     26.442  25.606568    26.6400    16.2905     0.2982     4.5684 4.3714e+01    13.7697      0.200      0.290    23.4339 0.0000e+00
      0.204      0.000     6.7006     75.780     26.446  25.608881    26.6400    16.3211     0.2982     4.5684 4.4249e+01    13.7999      0.200      0.289    23.4275 0.0000e+00
      0.204      0.000     6.6316     75.165     26.445  25.607659    26.6400    16.2982     0.2982     4.5684 4.4626e+01    13.7546      0.200      0.289    23.4222 0.0000e+00
      0.204      0.000     6.5659     74.594     26.441  25.602575    26.6400    16.3668     0.2982     4.5684 4.5045e+01    13.6035      0.200      0.289    23.4179 0.0000e+00
      0.204      0.000     6.5051     74.061     26.439  25.600239    26.6400    16.3630     0.2556     4.5261 4.5695e+01    13.6337      0.200      0.289    23.4147 0.0000e+00
      0.203      0.000     6.4491     73.553     26.439  25.600027    26.6400    16.3821     0.2556     4.5261 4.6265e+01    13.4826      0.199      0.289    23.4125 0.0000e+00
      0.203      0.000     6.3970     73.058     26.438  25.597901    26.6400    16.3897     0.2556     4.5261 4.6892e+01    13.5733      0.199      0.289    23.4108 0.0000e+00
      0.203      0.000     6.3486     72.570     26.438  25.597276    26.6400    15.7221     0.2556     4.5261 4.7015e+01    13.3467      0.199      0.289    23.4095 0.0000e+00
      0.203      0.000     6.3033     72.085     26.439  25.597986    26.7300    15.7298     0.2982     4.5261 4.6852e+01    13.3467      0.199      0.289    23.4084 0.0000e+00
      0.203      0.000     6.2602     71.602     26.433  25.592254    26.7300    15.7450     0.2982     4.5261 4.6852e+01    13.3014      0.199      0.289    23.4074 0.0000e+00
      0.203      0.000     6.2182     71.127     26.419  25.578552    26.7300    15.7298     0.2982     4.5261 4.6740e+01    13.3920      0.199      0.289    23.4065 0.0000e+00
      0.203      0.000     6.1767     70.666     26.401  25.561191    26.7300    13.7728     0.2982     4.5261 4.6497e+01    12.8180      0.199      0.288    23.4057 0.0000e+00
      0.203      0.000     6.1356     70.234     26.382  25.543507    26.7300    13.7614     0.2982     4.5261 4.7066e+01    12.8482      0.199      0.288    23.4050 0.0000e+00
      0.202      0.001     6.0945     69.836     26.366  25.528747    26.5500    13.7690     0.2556     4.5261 4.7353e+01    12.7122      0.199      0.288    23.4045 0.0000e+00
      0.202      0.001     6.0541     69.473     26.353  25.516957    26.5500    13.7614     0.2556     4.5261 4.7487e+01    12.7726      0.199      0.288    23.4045 0.0000e+00
      0.203      0.002     6.0149     69.139     26.344  25.508977    26.5500    13.7842     0.2556     4.5261 4.7642e+01    13.1654      0.199      0.289    23.4049 0.0000e+00
      0.203      0.002     5.9779     68.827     26.341  25.506659    26.5500    13.7728     0.2556     4.5261 4.8037e+01    13.0899      0.199      0.289    23.4057 0.0000e+00
      0.204      0.002     5.9440     68.524     26.339  25.505404    26.6400    13.7499     0.2982     4.4838 4.8288e+01    13.1050      0.200      0.290    23.4067 0.0000e+00
      0.205      0.002     5.9129     68.220     26.334  25.500895    26.6400    13.7690     0.2982     4.4838 4.8173e+01    13.0748      0.201      0.291    23.4080 0.0000e+00
      0.205      0.002     5.8844     67.910     26.328  25.495912    26.6400    13.5477     0.2982     4.4838 4.8121e+01    13.1503      0.201      0.292    23.4092 0.0000e+00
      0.206      0.002     5.8576     67.592     26.325  25.493109    26.6400    13.5554     0.2982     4.4838 4.8089e+01    13.0294      0.202      0.292    23.4105 0.0000e+00
      0.206      0.001     5.8317     67.270     26.323  25.491738    26.6400    13.5325     0.2982     4.5261 4.7621e+01    13.0748      0.202      0.293    23.4117 0.0000e+00
      0.206      0.001     5.8058     66.943     26.326  25.495414    26.6400    13.5287     0.2982     4.5261 4.7363e+01    13.0294      0.202      0.293    23.4128 0.0000e+00
      0.206      0.001     5.7792     66.613     26.335  25.505119    26.6400    13.8605     0.2982     4.5261 4.7220e+01    13.0446      0.202      0.293    23.4139 0.0000e+00
      0.206      0.001     5.7521     66.287     26.345  25.515476    26.6400    13.8567     0.2982     4.5261 4.7425e+01    13.1201      0.202      0.293    23.4149 0.0000e+00
      0.206      0.001     5.7246     65.968     26.355  25.525265    26.6400    13.8453     0.2982     4.5261 4.7860e+01    13.1201      0.202      0.294    23.4160 0.0000e+00
      0.206      0.001     5.6966     65.659     26.358  25.529132    26.4600    13.8224     0.2556     4.5261 4.8288e+01    13.1352      0.202      0.294    23.4170 0.0000e+00
      0.207      0.001     5.6685     65.363     26.348  25.520143    26.4600    13.6660     0.2556     4.5261 4.8478e+01    13.1352      0.203      0.294    23.4181 0.0000e+00
      0.207      0.001     5.6406     65.078     26.331  25.503868    26.4600    13.6545     0.2556     4.5261 4.9028e+01    13.0748      0.203      0.294    23.4192 0.0000e+00
      0.207      0.001     5.6133     64.808     26.314  25.487911    26.4600    13.6545     0.2556     4.5261 4.9510e+01    13.1805      0.203      0.294    23.4203 0.0000e+00
      0.207      0.001     5.5869     64.555     26.301  25.475982    26.6400    13.6240     0.2556     4.5261 4.9618e+01    13.1201      0.203      0.295    23.4214 0.0000e+00
      0.208      0.001     5.5615     64.319     26.293  25.468882    26.6400    14.1505     0.2556     4.5261 4.9296e+01    13.1352      0.204      0.295    23.4226 0.0000e+00
      0.208      0.002     5.5372     64.093     26.288  25.464717    26.6400    14.1352     0.2556     4.5261 4.9135e+01    13.0294      0.204      0.296    23.4237 0.0000e+00
      0.209      0.002     5.5141     63.877     26.285  25.462378    26.6400    14.1505     0.2556     4.5261 4.8583e+01    13.0748      0.205      0.297    23.4248 0.0000e+00
      0.209      0.002     5.4925     63.672     26.284  25.461240    26.5500    14.1467     0.2982     4.4838 4.8225e+01    13.1352      0.205      0.297    23.4259 0.0000e+00
      0.210      0.002     5.4723     63.477     26.279  25.457017    26.5500    14.6349     0.2982     4.4838 4.7870e+01    13.3014      0.206      0.298    23.4270 0.0000e+00
      0.210      0.002     5.4530     63.283     26.270  25.448584    26.5500    14.6235     0.2982     4.4838 4.7881e+01    13.2560      0.206      0.299    23.4280 0.0000e+00
      0.211      0.002     5.4344     63.086     26.262  25.441657    26.5500    14.6159     0.2982     4.4838 4.8404e+01    13.3618      0.207      0.300    23.4290 0.0000e+00
      0.211      0.001     5.4169     62.891     26.262  25.442352    26.7300    14.6235     0.2982     4.5261 4.8869e+01    13.3014      0.207      0.300    23.4300 0.0000e+00
      0.211      0.001     5.4002     62.701     26.275  25.454836    26.7300    13.9559     0.2982     4.5261 4.9135e+01    13.1503      0.207      0.301    23.4310 0.0000e+00
      0.212      0.001     5.3837     62.515     26.290  25.470493    26.7300    13.9368     0.2982     4.5261 4.9156e+01    13.0294      0.208      0.301    23.4319 0.0000e+00
      0.212      0.001     5.3668     62.331     26.300  25.481552    26.7300    13.9750     0.2982     4.5261 4.9435e+01    13.1201      0.208      0.301    23.4329 0.0000e+00
      0.212      0.000     5.3501     62.149     26.309  25.490960    26.7300    13.9635     0.2982     4.5261 4.9629e+01    13.0899      0.208      0.302    23.4339 0.0000e+00
      0.212      0.000     5.3338     61.973     26.315  25.497246    26.7300    13.8033     0.2556     4.4838 4.9489e+01    13.0446      0.208      0.302    23.4350 0.0000e+00
      0.212      0.000     5.3179     61.807     26.315  25.498102    26.7300    13.8338     0.2556     4.4838 4.9263e+01    13.0748      0.208      0.301    23.4361 0.0000e+00
      0.212     -0.001     5.3021     61.652     26.310  25.493759    26.7300    13.8186     0.2556     4.4838 4.9039e+01    13.1503      0.208      0.301    23.4374 0.0000e+00
      0.212     -0.001     5.2865     61.505     26.298  25.483057    26.7300    13.8529     0.2556     4.4838 4.9189e+01    13.0143      0.208      0.301    23.4388 0.0000e+00
      0.212     -0.001     5.2714     61.366     26.285  25.471106    26.7300    14.6311     0.2556     4.4838 4.9435e+01    13.3014      0.208      0.301    23.4403 0.0000e+00
      0.211     -0.001     5.2571     61.234     26.283  25.470649    26.7300    14.6235     0.2556     4.4838 4.9683e+01    13.2863      0.207      0.301    23.4418 0.0000e+00
      0.211     -0.001     5.2438     61.109     26.294  25.481564    26.7300    14.6502     0.2556     4.4838 4.9856e+01    13.2863      0.207      0.300    23.4435 0.0000e+00
