Data/DataNotYetUploadedToEDI/Raw_CTD/RawDownloads/061625_fcr40_S7809004.cnv
* Sea-Bird SBE19plus  Data File:
* FileName = C:\R\Reservoirs\Data\DataNotYetUploadedToEDI\Raw_CTD\RawDownloads\061625_fcr10_S7809_0004.hex
* Software version 2.8.0.119
* Temperature SN = 7809
* Conductivity SN = 7809
* System UpLoad Time = Jun 16 2025 17:27:01
* <ApplicationData>
* <Seaterm232>
# nquan = 15
# nvalues = 1888                        
# units = specified
# name 0 = depFM: Depth [fresh water, m]
# name 1 = dz/dtM: Descent Rate [m/s]
# name 2 = sbeox0Mg/L: Oxygen, SBE 43 [mg/l]
# name 3 = sbeox0PS: Oxygen, SBE 43 [% saturation]
# name 4 = specc: Specific Conductance [uS/cm]
# name 5 = c0uS/cm: Conductivity [uS/cm]
# name 6 = flECO-AFL: Fluorescence, WET Labs ECO-AFL/FL [mg/m^3]
# name 7 = ph: pH
# name 8 = orp: Oxidation Reduction Potential [mV]
# name 9 = par/sat/log: PAR/Logarithmic, Satlantic
# name 10 = turbWETntu0: Turbidity, WET Labs ECO [NTU]
# name 11 = prdM: Pressure, Strain Gauge [db]
# name 12 = prdE: Pressure, Strain Gauge [psi]
# name 13 = tv290C: Temperature [ITS-90, deg C]
# name 14 = flag:  0.000e+00
# span 0 =     -0.632,      5.822       
# span 1 =     -0.625,      0.107       
# span 2 =     0.0507,    16.2607       
# span 3 =      0.487,    181.260       
# span 4 =      1.179,     56.085       
# span 5 =   1.041951,  42.993600       
# span 6 =    -0.1043,    32.5368       
# span 7 =      7.770,     11.411       
# span 8 =     4.7784,   222.6568       
# span 9 = 1.2359e-01, 8.7364e+02       
# span 10 =     0.0639,   280.3621      
# span 11 =     -0.620,      5.710      
# span 12 =     -0.900,      8.282      
# span 13 =    10.6938,    24.6549      
# span 14 = 0.0000e+00, 0.0000e+00      
# interval = seconds: 0.25
# start_time = Jun 16 2025 11:41:18 [Instrument's time stamp, header]
# bad_flag = -9.990e-29
*END*
[from data line 1735]
      2.358     -0.441     8.2705     64.562     46.943  35.332343     6.3626      7.871   178.2341 5.1652e+00     5.3379      2.305      3.343    11.7233 0.0000e+00
      2.244     -0.353     8.0958     59.169     46.201  35.044058     7.1278      7.886   177.8382 5.8567e+00     5.3966      2.182      3.165    11.8741 0.0000e+00
      2.174     -0.265     7.8301     53.127     45.791  34.975539     7.2603      7.897   177.6712 6.1923e+00     5.5641      2.119      3.075    12.0539 0.0000e+00
      2.137     -0.185     7.4214     46.778     46.005  35.328994     7.5980      7.906   177.5916 6.3970e+00     5.6197      2.095      3.038    12.3332 0.0000e+00
      2.113     -0.117     6.8937     40.223     46.764  36.018469     8.1806      7.912   177.3917 6.5657e+00     5.5575      2.069      3.002    12.6342 0.0000e+00
      2.097     -0.067     6.2691     33.626     47.366  36.522809     8.5116      7.916   177.1468 6.6355e+00     5.5291      2.054      2.979    12.9348 0.0000e+00
      2.089     -0.037     5.5777     27.476     47.763  36.858409     8.6120      7.916   177.2121 6.6617e+00     5.6174      2.046      2.968    13.2081 0.0000e+00
      2.085     -0.019     4.8886     22.076     47.934  37.030394     9.2115      7.913   177.4069 6.6658e+00     5.8403      2.042      2.962    13.4265 0.0000e+00
      2.085     -0.007     4.1966     17.480     47.370  36.635208    10.2496      7.912   176.9213 6.6366e+00     5.9693      2.044      2.964    13.5405 0.0000e+00
      2.086     -0.000     3.4780     13.703     46.078  35.697144    10.7773      7.913   175.6427 6.6106e+00     5.8796      2.046      2.968    13.5463 0.0000e+00
      2.088      0.003     2.8292     10.784     44.818  34.825514    10.8141      7.914   174.0784 6.6001e+00     5.8146      2.048      2.970    13.5730 0.0000e+00
      2.089      0.003     2.2656      8.766     43.878  34.218149    10.9191      7.918   172.2908 6.5945e+00     5.8329      2.050      2.972    13.6284 0.0000e+00
      2.089      0.002     1.7842      7.465     42.992  33.619837    12.0390      7.925   170.4620 6.5812e+00     5.8273      2.049      2.971    13.6588 0.0000e+00
      2.090      0.001     1.3930      6.616     42.283  33.111207    14.0753      7.935   168.7445 6.5627e+00     5.7467      2.049      2.972    13.7108 0.0000e+00
      2.090      0.001     1.0780      6.061     42.218  33.080466    15.1563      7.944   167.0114 6.5518e+00     5.6096      2.050      2.974    13.8407 0.0000e+00
      2.090      0.001     0.8780      5.680     42.930  33.628801    15.1969      7.950   165.5964 6.5435e+00     5.5705      2.050      2.973    14.0051 0.0000e+00
      2.089     -0.004     0.7527      5.460     43.527  34.031102    14.7747      7.955   164.6287 6.5339e+00     5.6152      2.048      2.971    14.1230 0.0000e+00
      2.089     -0.022     0.6685      5.527     43.515  33.947604    13.9875      7.960   163.5706 6.5228e+00     5.6373      2.048      2.970    14.1595 0.0000e+00
      2.091     -0.061     0.6168      5.936     43.465  33.888061    13.5365      7.967   162.6111 6.5122e+00     5.5649      2.051      2.975    14.1774 0.0000e+00
      2.091     -0.117     0.5796      6.691     43.532  33.945625    13.4586      7.976   162.3197 6.6040e+00     5.4225      2.055      2.980    14.2011 0.0000e+00
      2.072     -0.173     0.5495      7.831     43.699  34.072620    13.4363      7.989   162.4557 7.0580e+00     5.4871      2.046      2.967    14.0965 0.0000e+00
      2.015     -0.213     0.5568      9.269     43.888  34.218071    13.4416      8.006   162.7939 8.1151e+00     5.7316      1.994      2.893    13.9615 0.0000e+00
      1.918     -0.227     0.6022     10.900     43.498  33.927769    13.4651      8.027   162.9668 9.6773e+00     5.8168      1.886      2.736    13.9741 0.0000e+00
      1.812     -0.215     0.6723     12.638     42.521  33.227262    13.6041      8.048   162.4815 1.1079e+01     5.7311      1.762      2.556    13.9981 0.0000e+00
      1.740     -0.181     0.7976     14.309     41.807  32.790667    15.1883      8.066   161.1418 1.1668e+01     5.6513      1.687      2.445    13.9769 0.0000e+00
      1.715     -0.140     0.9495     15.741     41.451  32.646057    18.1453      8.081   158.8995 1.1595e+01     5.6388      1.673      2.426    13.9777 0.0000e+00
      1.720     -0.111     1.1179     16.843     41.033  32.430562    19.7851      8.095   156.8800 1.1392e+01     5.6138      1.686      2.446    13.9771 0.0000e+00
      1.728     -0.113     1.3041     17.576     40.548  32.151939    19.8593      8.109   156.0834 1.1412e+01     5.5883      1.699      2.465    14.0336 0.0000e+00
      1.719     -0.152     1.4771     18.004     40.305  32.068735    18.8004      8.129   156.5817 1.2032e+01     5.9115      1.697      2.463    14.2113 0.0000e+00
      1.677     -0.220     1.6202     18.418     40.498  32.312830    16.8278      8.155   158.3446 1.3576e+01     6.5831      1.659      2.407    14.3907 0.0000e+00
      1.601     -0.297     1.7293     19.226     40.769  32.565791    15.7682      8.185   159.5026 1.6011e+01     7.0813      1.577      2.287    14.5189 0.0000e+00
      1.503     -0.359     1.7999     20.734     40.887  32.653147    15.7026      8.213   155.2674 1.9603e+01     7.2549      1.479      2.144    14.6364 0.0000e+00
      1.389     -0.384     1.8251     23.027     41.008  32.734627    15.6932      8.243   143.7903 2.5129e+01     7.1793      1.369      1.984    14.7835 0.0000e+00
      1.263     -0.368     1.8457     26.096     41.015  32.726212    15.5793      8.281   131.2943 3.2761e+01     6.8168      1.239      1.796    14.9234 0.0000e+00
      1.141     -0.317     1.9130     29.810     40.391  32.234170    15.4074      8.321   122.5685 4.0391e+01     6.3561      1.106      1.605    14.9553 0.0000e+00
      1.052     -0.245     2.0659     33.700     39.165  31.353004    15.3542      8.351   115.3786 4.4715e+01     6.1524      1.012      1.466    14.9264 0.0000e+00
      1.010     -0.166     2.3002     37.203     38.049  30.699838    15.4852      8.371   108.2895 4.5424e+01     6.2326      0.979      1.420    14.9076 0.0000e+00
      1.003     -0.100     2.6091     39.942     37.319  30.427038    16.6758      8.388    98.1147 4.4703e+01     6.2325      0.980      1.422    14.8945 0.0000e+00
      1.009     -0.070     3.0084     41.773     36.916  30.402083    18.8466      8.413    83.9021 4.3829e+01     6.0833      0.989      1.434    14.8608 0.0000e+00
      1.016     -0.090     3.4183     42.813     36.950  30.652222    20.0247      8.460    72.9909 4.3195e+01     6.0002      0.998      1.447    14.9367 0.0000e+00
      1.016     -0.155     3.7536     43.487     37.347  31.041218    20.0421      8.538    67.0259 4.4148e+01     6.0130      1.004      1.457    15.3093 0.0000e+00
      0.990     -0.240     3.9944     44.609     37.691  31.235937    18.9904      8.651    62.4564 4.9980e+01     6.4432      0.992      1.438    15.7822 0.0000e+00
      0.914     -0.315     4.1336     47.099     37.746  31.166811    17.0134      8.795    58.0079 6.3886e+01     7.2382      0.918      1.331    16.1990 0.0000e+00
      0.785     -0.359     4.1920     51.471     37.714  31.093368    15.9299      8.951    53.8502 8.6201e+01     7.7351      0.777      1.127    16.5654 0.0000e+00
      0.636     -0.362     4.2208     57.717     37.788  31.172559    15.8533      9.095    50.6458 1.1292e+02     7.9083      0.615      0.891    16.6431 0.0000e+00
      0.507     -0.322     4.3107     65.228     37.865  31.299655    15.8882      9.220    47.4846 1.3418e+02     8.0335      0.477      0.692    16.4363 0.0000e+00
      0.427     -0.249     4.5572     72.597     37.712  31.361419    15.9099      9.333    44.3653 1.4273e+02     8.0881      0.400      0.581    16.2370 0.0000e+00
      0.397     -0.159     4.9932     78.254     37.244  31.348631    15.8904      9.433    42.2702 1.4308e+02     8.0218      0.381      0.552    16.1821 0.0000e+00
      0.393     -0.075     5.6151     81.652     36.593  31.208970    15.9019      9.517    40.8223 1.4183e+02     8.0182      0.385      0.558    16.2433 0.0000e+00
      0.397     -0.015     6.4010     83.257     36.213  31.068932    16.1243      9.581    39.5933 1.3978e+02     8.1808      0.388      0.563    16.2749 0.0000e+00
      0.404      0.017     7.1673     83.692     36.384  31.114707    16.4901      9.627    38.6819 1.3582e+02     8.2797      0.394      0.572    16.4503 0.0000e+00
      0.415      0.027     7.6388     83.417     36.810  31.254797    16.6623      9.660    38.3201 1.3028e+02     8.2222      0.406      0.589    17.0526 0.0000e+00
      0.427      0.026     7.8211     83.083     37.211  31.366852    16.6588      9.682    38.7465 1.2496e+02     8.1696      0.421      0.611    17.7872 0.0000e+00
      0.437      0.020     7.9052     83.589     37.489  31.390861    16.6475      9.699    39.3637 1.2099e+02     8.1563      0.432      0.626    18.0695 0.0000e+00
      0.441      0.010     7.9808     85.286     37.639  31.354515    16.6673      9.714    39.8459 1.1866e+02     8.0608      0.433      0.628    17.7940 0.0000e+00
      0.441     -0.006     7.9955     87.546     37.691  31.307813    16.7071      9.728    40.1034 1.1859e+02     7.8347      0.432      0.627    17.4377 0.0000e+00
      0.439     -0.030     7.9707     89.328     37.573  31.206693    16.6960      9.741    39.5519 1.2128e+02     7.6089      0.432      0.625    17.1471 0.0000e+00
      0.434     -0.059     8.0546     89.823     37.296  31.083417    16.5248      9.756    37.9953 1.2748e+02     7.5177      0.429      0.621    16.8359 0.0000e+00
      0.422     -0.093     8.2872     88.702     36.877  30.959272    14.7947      9.774    35.9957 1.3976e+02     7.8587      0.421      0.610    16.6142 0.0000e+00
      0.395     -0.133     8.5697     86.150     36.379  30.847795    11.6257      9.793    34.5616 1.5813e+02     8.5547      0.394      0.571    16.4928 0.0000e+00
      0.354     -0.172     8.7762     82.668     35.949  30.814351     9.8780      9.810    33.5619 1.7861e+02     8.8624      0.350      0.508    16.4692 0.0000e+00
      0.303     -0.198     8.8110     78.953     35.544  30.809071     9.7104      9.823    32.3399 2.0251e+02     8.7434      0.302      0.439    16.6097 0.0000e+00
      0.239     -0.203     8.6353     75.971     35.123  30.784400     9.9319      9.829    31.3159 2.2901e+02     8.6534      0.240      0.348    16.9267 0.0000e+00
      0.165     -0.188     8.2882     74.566     34.830  30.770252    10.3838      9.831    30.7307 2.4680e+02     8.6287      0.157      0.228    17.3966 0.0000e+00
      0.101     -0.157     7.8603     75.005     34.715  30.765190    10.6297      9.834    30.2546 2.4762e+02     8.6155      0.086      0.125    17.8546 0.0000e+00
      0.065     -0.117     7.4022     77.096     34.619  30.723310    10.6496      9.839    29.9477 2.3603e+02     8.5961      0.055      0.079    18.3134 0.0000e+00
      0.055     -0.075     7.0047     80.277     34.385  30.644528    10.7240      9.841    29.9455 2.2309e+02     8.7011      0.050      0.073    18.8829 0.0000e+00
      0.055     -0.037     6.8201     83.971     34.032  30.574016    10.9048      9.839    29.9690 2.1430e+02     8.9976      0.053      0.077    19.2611 0.0000e+00
      0.057     -0.012     6.8518     87.853     33.670  30.505436    11.0377      9.834    29.9745 2.1203e+02     9.1407      0.057      0.083    19.3401 0.0000e+00
      0.058     -0.001     7.0712     91.675     33.394  30.450018    11.0495      9.831    30.0978 2.1573e+02     9.0312      0.058      0.084    19.3110 0.0000e+00
      0.057      0.002     7.3639     95.255     33.193  30.411698    10.9975      9.829    30.2552 2.1876e+02     8.8000      0.057      0.082    19.4704 0.0000e+00
      0.057      0.001     7.6372     98.325     32.988  30.359456    10.9425      9.824    30.5015 2.1862e+02     8.6000      0.055      0.080    19.9237 0.0000e+00
      0.057      0.001     7.9377    100.645     32.794  30.326016    10.9417      9.820    30.9248 2.1624e+02     8.6286      0.056      0.079    20.3440 0.0000e+00
      0.058      0.001     8.2386    102.260     32.655  30.324731    10.9787      9.816    31.2429 2.1165e+02     8.7020      0.058      0.082    20.6145 0.0000e+00
      0.059      0.004     8.5382    103.352     32.584  30.344104    10.9832      9.814    31.1639 2.0883e+02     8.6338      0.058      0.084    20.8094 0.0000e+00
      0.058      0.011     8.7919    104.005     32.554  30.370066    10.9629      9.817    30.9160 2.1092e+02     8.6578      0.058      0.083    20.9976 0.0000e+00
      0.058      0.020     8.9508    104.205     32.445  30.321544    10.9570      9.826    30.1390 2.1380e+02     8.8558      0.056      0.081    21.2430 0.0000e+00
      0.062      0.025     9.0497    104.053     32.230  30.201523    10.9616      9.836    28.3945 2.1075e+02     8.9436      0.057      0.082    21.4577 0.0000e+00
      0.072      0.024     9.1210    103.676     32.027  30.124219    10.9606      9.845    26.7735 1.9985e+02     8.8655      0.067      0.097    21.5758 0.0000e+00
      0.087      0.014     9.1725    103.153     31.935  30.148218    10.6378      9.855    26.3703 1.8641e+02     8.6970      0.087      0.125    21.6390 0.0000e+00
      0.101     -0.003     9.1726    102.673     31.975  30.238129    10.0124      9.866    26.8747 1.8039e+02     8.5803      0.105      0.151    21.7062 0.0000e+00
      0.103     -0.026     9.1323    102.376     32.096  30.323364     9.6909      9.878    26.9358 1.8883e+02     8.6500      0.108      0.157    21.8263 0.0000e+00
      0.088     -0.054     9.0671    102.140     32.286  30.417557     9.6477      9.896    26.0768 2.1073e+02     8.7192      0.091      0.131    22.0210 0.0000e+00
      0.061     -0.081     8.9760    101.736     32.556  30.552258     9.3231      9.930    25.0918 2.3778e+02     8.7343      0.059      0.086    22.2324 0.0000e+00
      0.034     -0.101     8.9107    101.060     32.833  30.683204     8.7384      9.979    24.3193 2.6037e+02     8.7978      0.032      0.047    22.3324 0.0000e+00
      0.006     -0.113     8.9026    100.205     33.040  30.795394     8.4378     10.033    23.7056 2.8005e+02     8.9403      0.010      0.015    22.2622 0.0000e+00
     -0.029     -0.122     8.9160     99.347     33.071  30.830250     8.4430     10.081    23.3499 3.1125e+02     9.0910     -0.028     -0.041    22.1149 0.0000e+00
     -0.064     -0.135     8.9150     98.606     32.985  30.787492     8.4761     10.119    23.3735 3.5382e+02     9.0155     -0.068     -0.099    21.9361 0.0000e+00
     -0.089     -0.160     8.8937     98.161     33.032  30.849376     8.5138     10.149    22.4427 3.9804e+02     8.7782     -0.086     -0.126    21.6944 0.0000e+00
     -0.119     -0.195     8.8384     98.244     33.157  31.007591     8.5326     10.174    21.1301 4.5702e+02     8.6477     -0.109     -0.158    21.5333 0.0000e+00
     -0.164     -0.237     8.7515     98.838     33.026  30.987794     8.4705     10.193    23.2478 5.2794e+02     8.6332     -0.156     -0.225    21.5891 0.0000e+00
     -0.230     -0.274     8.6645     99.736     31.550  29.722078     7.5725     10.208    21.1176 5.7296e+02     8.1582     -0.217     -0.315    21.6957 0.0000e+00
     -0.317     -0.293     8.6155    100.760     24.277  22.935108     5.8639     10.219    10.5172 5.7693e+02     7.0727     -0.304     -0.441    21.6772 0.0000e+00
     -0.422     -0.285     8.6217    101.710     13.024  12.327035     4.8998     10.229     4.7784 5.6747e+02     6.3712     -0.415     -0.600    21.7010 0.0000e+00
     -0.523     -0.252     8.6492    102.375      6.997   6.630565     4.8039     10.236     5.9359 5.6307e+02     6.3370     -0.525     -0.761    21.9001 0.0000e+00
     -0.595     -0.200     8.6941    102.873      5.706   5.404754     4.7130     10.241     7.6482 5.5248e+02     6.3857     -0.600     -0.870    22.1285 0.0000e+00
