Data/DataNotYetUploadedToEDI/Raw_CTD/RawDownloads/061621_bvr50_0003.cnv
* Sea-Bird SBE19plus  Data File:
* FileName = C:\R\Reservoirs\Data\DataNotYetUploadedToEDI\Raw_CTD\RawDownloads\061621_bvr_50_0003.hex
* Software version 2.8.0.119
* Temperature SN = 7809
* Conductivity SN = 7809
* System UpLoad Time = Jun 16 2021 15:10:25
* <ApplicationData>
* <Seaterm232>
# nquan = 16
# nvalues = 2188                        
# units = specified
# name 0 = depFM: Depth [fresh water, m]
# name 1 = dz/dtM: Descent Rate [m/s]
# name 2 = orp: Oxidation Reduction Potential [mV]
# name 3 = sbeox0Mg/L: Oxygen, SBE 43 [mg/l]
# name 4 = sbeox0PS: Oxygen, SBE 43 [% saturation]
# name 5 = par/sat/log: PAR/Logarithmic, Satlantic
# name 6 = ph: pH
# name 7 = specc: Specific Conductance [uS/cm]
# name 8 = c0uS/cm: Conductivity [uS/cm]
# name 9 = flECO-AFL: Fluorescence, WET Labs ECO-AFL/FL [mg/m^3]
# name 10 = turbWETntu0: Turbidity, WET Labs ECO [NTU]
# name 11 = tv290C: Temperature [ITS-90, deg C]
# name 12 = density00: Density [density, kg/m^3]
# name 13 = prdE: Pressure, Strain Gauge [psi]
# name 14 = prdM: Pressure, Strain Gauge [db]
# name 15 = flag:  0.000e+00
# span 0 =     -0.763,     10.463       
# span 1 =     -0.291,      0.131       
# span 2 = -1240.7455,   316.8902       
# span 3 =     0.9517,    10.0940       
# span 4 =      8.257,    114.378       
# span 5 = 1.2969e-01, 1.6085e+03       
# span 6 =     -1.796,     16.011       
# span 7 =     -0.037,     98.889       
# span 8 =  -0.032023,  66.497133       
# span 9 =    -1.5457,   265.7263       
# span 10 =   -10.1477,   957.8061      
# span 11 =     8.6148,    24.8655      
# span 12 =   997.1057,   999.8966      
# span 13 =     -1.086,     14.882      
# span 14 =     -0.749,     10.261      
# span 15 = 0.0000e+00, 0.0000e+00      
# interval = seconds: 0.25
# start_time = Jun 15 2021 20:23:33 [Instrument's time stamp, header]
# bad_flag = -9.990e-29
*END*
[from data line 995]
      5.579      0.028   310.0562     3.6713     34.302 3.0394e+01     15.912     26.535  20.100593     1.6282     1.3290    12.8470   999.4364      7.935      5.471 0.0000e+00
      5.584      0.029   310.1129     3.6637     34.157 3.0242e+01     15.912     26.566  20.113838     1.7312     1.3986    12.8627   999.4345      7.936      5.471 0.0000e+00
      5.596      0.029   310.1544     3.6443     34.099 3.0072e+01     15.912     26.598  20.132706     1.7882     1.4098    12.8859   999.4317      7.957      5.486 0.0000e+00
      5.610      0.029   310.1272     3.6427     34.046 2.9867e+01     15.912     26.603  20.138481     1.8032     1.3950    12.8903   999.4312      7.985      5.506 0.0000e+00
      5.616      0.029   310.0422     3.6252     33.958 2.9676e+01     15.912     26.578  20.120258     1.8265     1.3572    12.8766   999.4329      7.990      5.509 0.0000e+00
      5.618      0.027   309.9872     3.6036     33.891 2.9532e+01     15.912     26.558  20.102608     1.8307     1.2627    12.8489   999.4364      7.988      5.507 0.0000e+00
      5.624      0.024   310.0646     3.6076     33.890 2.9436e+01     15.912     26.574  20.115296     1.8066     1.1788    12.8365   999.4379      8.000      5.515 0.0000e+00
      5.632      0.023   310.1172     3.6017     33.946 2.9293e+01     15.912     26.611  20.146842     1.8024     1.1666    12.8485   999.4365      8.014      5.525 0.0000e+00
      5.637      0.025   310.1063     3.5877     33.931 2.9099e+01     15.912     26.636  20.166988     1.8277     1.1836    12.8527   999.4359      8.018      5.528 0.0000e+00
      5.641      0.026   310.2773     3.5823     33.834 2.8954e+01     15.912     26.647  20.168655     1.8353     1.2126    12.8403   999.4375      8.022      5.531 0.0000e+00
      5.649      0.024   310.5500     3.5778     33.762 2.8829e+01     15.913     26.663  20.166990     1.8276     1.3114    12.8417   999.4374      8.033      5.539 0.0000e+00
      5.659      0.023   310.5647     3.5931     33.681 2.8687e+01     15.915     26.651  20.146840     1.8211     1.4171    12.8528   999.4361      8.048      5.549 0.0000e+00
      5.667      0.023   310.4541     3.5924     33.603 2.8554e+01     15.915     26.617  20.115242     1.8133     1.4602    12.8610   999.4351      8.062      5.559 0.0000e+00
      5.670      0.024   310.5041     3.5707     33.521 2.8418e+01     15.915     26.605  20.101985     1.7808     1.4556    12.8477   999.4368      8.067      5.562 0.0000e+00
      5.670      0.025   310.6525     3.5760     33.390 2.8316e+01     15.914     26.632  20.113362     1.7151     1.4302    12.8113   999.4413      8.063      5.559 0.0000e+00
      5.674      0.024   310.7865     3.5645     33.295 2.8218e+01     15.914     26.665  20.125978     1.6761     1.4268    12.7894   999.4441      8.064      5.561 0.0000e+00
      5.685      0.024   310.8329     3.5556     33.246 2.8017e+01     15.915     26.678  20.127683     1.6728     1.4496    12.7817   999.4451      8.084      5.575 0.0000e+00
      5.698      0.025   310.7835     3.5553     33.181 2.7826e+01     15.915     26.688  20.133971     1.6179     1.4661    12.7815   999.4451      8.109      5.592 0.0000e+00
      5.704      0.025   310.7917     3.5327     33.097 2.7802e+01     15.915     26.692  20.138592     1.4887     1.4541    12.7632   999.4474      8.116      5.595 0.0000e+00
      5.704      0.023   310.9324     3.5268     33.012 2.7827e+01     15.915     26.663  20.120147     1.3977     1.4074    12.7294   999.4516      8.110      5.592 0.0000e+00
      5.708      0.019   311.0213     3.5272     32.936 2.7676e+01     15.915     26.637  20.101186     1.3954     1.4168    12.7176   999.4530      8.116      5.596 0.0000e+00
      5.716      0.017   310.9202     3.5183     32.852 2.7488e+01     15.915     26.641  20.099568     1.4328     1.4641    12.7167   999.4532      8.132      5.607 0.0000e+00
      5.721      0.017   310.8287     3.5094     32.685 2.7501e+01     15.916     26.652  20.100579     1.4674     1.4304    12.7177   999.4531      8.140      5.612 0.0000e+00
      5.723      0.017   310.9479     3.4988     32.428 2.7494e+01     15.916     26.678  20.113403     1.4799     1.4212    12.7299   999.4517      8.139      5.611 0.0000e+00
      5.727      0.018   311.0704     3.4900     32.178 2.7301e+01     15.916     26.704  20.127788     1.4885     1.4900    12.7347   999.4510      8.143      5.614 0.0000e+00
      5.732      0.020   311.1056     3.4865     31.988 2.7174e+01     15.916     26.737  20.147693     1.4958     1.5424    12.7212   999.4527      8.155      5.623 0.0000e+00
      5.735      0.024   311.1155     3.4722     31.875 2.7223e+01     15.917     26.770  20.163835     1.4825     1.5046    12.7064   999.4546      8.158      5.625 0.0000e+00
      5.739      0.026   311.0177     3.4378     31.787 2.7165e+01     15.917     26.747  20.132718     1.4705     1.4098    12.6931   999.4562      8.159      5.626 0.0000e+00
      5.749      0.028   310.8696     3.4131     31.677 2.6911e+01     15.917     26.707  20.088491     1.4844     1.3926    12.6824   999.4576      8.175      5.637 0.0000e+00
      5.761      0.029   310.7877     3.3909     31.618 2.6736e+01     15.918     26.703  20.072944     1.5074     1.4341    12.6780   999.4583      8.197      5.652 0.0000e+00
      5.769      0.031   310.8019     3.3817     31.606 2.6694e+01     15.920     26.718  20.071547     1.5203     1.4654    12.6633   999.4601      8.208      5.659 0.0000e+00
      5.774      0.032   310.8688     3.3814     31.563 2.6595e+01     15.921     26.733  20.071586     1.5254     1.4964    12.6305   999.4641      8.211      5.661 0.0000e+00
      5.781      0.032   310.9087     3.3624     31.434 2.6384e+01     15.920     26.744  20.073405     1.5395     1.5001    12.6041   999.4673      8.221      5.668 0.0000e+00
      5.789      0.032   310.9402     3.3605     31.227 2.6185e+01     15.920     26.775  20.093528     1.5571     1.4756    12.5864   999.4695      8.236      5.678 0.0000e+00
      5.798      0.034   311.0770     3.3649     31.044 2.6053e+01     15.920     26.819  20.124656     1.5294     1.4402    12.5586   999.4729      8.247      5.686 0.0000e+00
      5.807      0.036   311.2722     3.3634     30.901 2.5923e+01     15.920     26.833  20.132726     1.4621     1.4155    12.5317   999.4762      8.258      5.694 0.0000e+00
      5.817      0.036   311.4076     3.3528     30.748 2.5782e+01     15.921     26.835  20.127686     1.4196     1.4517    12.5255   999.4771      8.273      5.704 0.0000e+00
      5.827      0.035   311.5092     3.3227     30.608 2.5623e+01     15.923     26.843  20.127126     1.4164     1.5000    12.5201   999.4778      8.287      5.713 0.0000e+00
      5.838      0.035   311.5546     3.3038     30.457 2.5482e+01     15.923     26.850  20.125947     1.4049     1.4851    12.5169   999.4781      8.306      5.726 0.0000e+00
      5.847      0.035   311.5269     3.2941     30.284 2.5403e+01     15.923     26.845  20.113419     1.3667     1.4427    12.5165   999.4782      8.321      5.736 0.0000e+00
      5.853      0.036   311.5177     3.2739     30.141 2.5338e+01     15.923     26.840  20.102462     1.3456     1.4341    12.4978   999.4805      8.323      5.738 0.0000e+00
      5.860      0.036   311.6157     3.2624     29.973 2.5235e+01     15.922     26.874  20.120281     1.3403     1.4491    12.4878   999.4818      8.332      5.745 0.0000e+00
      5.870      0.035   311.6800     3.2503     29.753 2.5080e+01     15.922     26.909  20.138623     1.2930     1.4876    12.4783   999.4831      8.349      5.756 0.0000e+00
      5.882      0.033   311.6927     3.2250     29.525 2.4928e+01     15.923     26.915  20.134003     1.2031     1.5215    12.4575   999.4855      8.367      5.769 0.0000e+00
      5.893      0.031   311.8549     3.2180     29.303 2.4832e+01     15.923     26.921  20.127810     1.1494     1.4813    12.4444   999.4872      8.382      5.780 0.0000e+00
      5.901      0.030   312.0062     3.2016     29.117 2.4782e+01     15.923     26.935  20.127146     1.1495     1.4481    12.4323   999.4887      8.393      5.787 0.0000e+00
      5.906      0.028   311.9738     3.1744     28.913 2.4772e+01     15.924     26.941  20.125956     1.1466     1.4623    12.4172   999.4905      8.403      5.793 0.0000e+00
      5.908      0.026   311.8932     3.1547     28.622 2.4691e+01     15.925     26.923  20.113427     1.1148     1.3793    12.4019   999.4923      8.401      5.792 0.0000e+00
      5.914      0.024   311.8916     3.1270     28.294 2.4500e+01     15.925     26.907  20.102484     1.0802     1.2685    12.3809   999.4949      8.407      5.797 0.0000e+00
      5.924      0.024   311.9545     3.1128     27.951 2.4369e+01     15.925     26.936  20.120460     1.0709     1.2894    12.3557   999.4978      8.429      5.811 0.0000e+00
      5.933      0.026   312.0513     3.0973     27.576 2.4349e+01     15.925     26.969  20.140533     1.0782     1.3225    12.3428   999.4994      8.443      5.820 0.0000e+00
      5.936      0.030   312.1155     3.0604     27.228 2.4279e+01     15.924     26.993  20.154949     1.0638     1.3262    12.3512   999.4984      8.442      5.821 0.0000e+00
      5.940      0.031   312.1286     3.0234     26.902 2.4082e+01     15.924     27.021  20.167944     1.0203     1.3685    12.3564   999.4978      8.445      5.823 0.0000e+00
      5.948      0.031   312.1243     2.9928     26.582 2.3880e+01     15.925     27.047  20.170828     1.0101     1.4215    12.3442   999.4993      8.459      5.832 0.0000e+00
      5.960      0.032   312.0630     2.9459     26.376 2.3726e+01     15.928     27.103  20.189805     1.0359     1.4867    12.3357   999.5004      8.477      5.845 0.0000e+00
      5.971      0.032   311.9897     2.9103     26.252 2.3582e+01     15.929     27.148  20.207125     1.0852     1.5038    12.3330   999.5008      8.495      5.857 0.0000e+00
      5.980      0.030   312.0120     2.8814     26.094 2.3470e+01     15.929     27.128  20.190000     1.1671     1.4576    12.3243   999.5019      8.506      5.864 0.0000e+00
      5.985      0.027   312.1600     2.8377     25.886 2.3365e+01     15.929     27.098  20.172967     1.2157     1.4429    12.2937   999.5056      8.511      5.869 0.0000e+00
      5.991      0.025   312.4040     2.8231     25.666 2.3231e+01     15.929     27.121  20.191418     1.2143     1.4631    12.2396   999.5119      8.521      5.875 0.0000e+00
      5.997      0.027   312.5522     2.8195     25.470 2.3154e+01     15.928     27.170  20.222863     1.1883     1.4619    12.2023   999.5163      8.533      5.883 0.0000e+00
      6.001      0.029   312.4888     2.8006     25.280 2.3142e+01     15.928     27.202  20.236117     1.1496     1.4278    12.2039   999.5162      8.537      5.886 0.0000e+00
      6.005      0.030   312.4985     2.7762     25.017 2.3025e+01     15.929     27.212  20.224836     1.1381     1.4285    12.2241   999.5138      8.535      5.885 0.0000e+00
      6.017      0.030   312.7559     2.7502     24.687 2.2783e+01     15.931     27.223  20.213263     1.1540     1.4360    12.2276   999.5135      8.554      5.898 0.0000e+00
      6.032      0.031   313.0197     2.7300     24.406 2.2626e+01     15.931     27.250  20.222984     1.1603     1.3473    12.2141   999.5152      8.586      5.919 0.0000e+00
      6.041      0.032   313.1071     2.7156     24.216 2.2621e+01     15.931     27.243  20.215544     1.1469     1.2143    12.2019   999.5166      8.598      5.928 0.0000e+00
      6.042      0.032   313.1237     2.6903     24.024 2.2581e+01     15.932     27.210  20.186712     1.1359     1.1659    12.1609   999.5213      8.591      5.923 0.0000e+00
      6.046      0.029   313.1344     2.6507     23.805 2.2406e+01     15.932     27.234  20.191429     1.1414     1.2098    12.1121   999.5270      8.594      5.924 0.0000e+00
      6.058      0.028   313.1514     2.6184     23.609 2.2244e+01     15.932     27.278  20.209153     1.1465     1.2302    12.0980   999.5288      8.617      5.941 0.0000e+00
      6.069      0.028   313.2429     2.6051     23.370 2.2207e+01     15.933     27.291  20.210766     1.1406     1.2400    12.1003   999.5285      8.637      5.955 0.0000e+00
      6.075      0.028   313.3800     2.5859     23.031 2.2174e+01     15.933     27.297  20.210911     1.1369     1.3284    12.0983   999.5287      8.640      5.957 0.0000e+00
      6.081      0.025   313.4321     2.5576     22.656 2.2040e+01     15.933     27.303  20.210915     1.1396     1.4405    12.0684   999.5322      8.645      5.960 0.0000e+00
      6.089      0.022   313.4435     2.5444     22.341 2.1906e+01     15.934     27.309  20.210813     1.1454     1.4966    12.0335   999.5362      8.664      5.974 0.0000e+00
      6.094      0.022   313.5172     2.5226     22.126 2.1879e+01     15.934     27.312  20.209669     1.1212     1.4231    12.0223   999.5376      8.673      5.980 0.0000e+00
      6.094      0.022   313.5489     2.4820     21.942 2.1871e+01     15.934     27.304  20.197079     1.0662     1.2738    12.0175   999.5382      8.665      5.974 0.0000e+00
      6.098      0.022   313.5692     2.4387     21.702 2.1761e+01     15.935     27.307  20.185396     1.0437     1.2021    12.0102   999.5390      8.667      5.977 0.0000e+00
      6.109      0.022   313.5899     2.4019     21.409 2.1648e+01     15.935     27.337  20.195211     1.0580     1.2084    11.9988   999.5404      8.691      5.992 0.0000e+00
      6.118      0.023   313.5418     2.3833     21.140 2.1660e+01     15.934     27.335  20.188923     1.0679     1.2125    11.9971   999.5407      8.706      6.002 0.0000e+00
      6.120      0.023   313.5028     2.3680     20.940 2.1707e+01     15.934     27.315  20.172773     1.0669     1.1828    11.9904   999.5414      8.703      6.000 0.0000e+00
      6.124      0.022   313.4631     2.3436     20.761 2.1656e+01     15.935     27.349  20.190172     1.0745     1.1926    11.9574   999.5451      8.707      6.002 0.0000e+00
      6.131      0.021   313.4066     2.3099     20.560 2.1551e+01     15.936     27.385  20.209048     1.0842     1.2624    11.9271   999.5486      8.723      6.014 0.0000e+00
      6.136      0.024   313.4218     2.2775     20.318 2.1470e+01     15.936     27.391  20.210764     1.0697     1.3401    11.9240   999.5489      8.729      6.019 0.0000e+00
      6.140      0.028   313.5603     2.2603     20.061 2.1380e+01     15.936     27.396  20.210921     1.0323     1.4111    11.9290   999.5483      8.731      6.020 0.0000e+00
      6.146      0.029   313.7049     2.2426     19.856 2.1290e+01     15.936     27.404  20.210937     1.0040     1.4346    11.9095   999.5506      8.741      6.026 0.0000e+00
      6.156      0.029   313.7065     2.2228     19.712 2.1215e+01     15.937     27.416  20.210948     1.0138     1.4526    11.8900   999.5529      8.754      6.035 0.0000e+00
      6.168      0.029   313.5805     2.1970     19.581 2.1137e+01     15.937     27.429  20.211053     1.1218     1.4564    11.8913   999.5529      8.775      6.049 0.0000e+00
      6.177      0.028   313.4713     2.1638     19.422 2.1066e+01     15.937     27.439  20.212197     1.2995     1.4109    11.8849   999.5536      8.790      6.060 0.0000e+00
      6.180      0.027   313.5044     2.1434     19.258 2.0987e+01     15.937     27.461  20.224775     1.3980     1.4524    11.8755   999.5546      8.790      6.061 0.0000e+00
      6.185      0.026   313.6366     2.1299     19.098 2.0954e+01     15.938     27.484  20.236305     1.4265     1.5460    11.8610   999.5564      8.796      6.064 0.0000e+00
      6.191      0.026   313.7800     2.1207     18.914 2.0953e+01     15.939     27.477  20.224776     1.4330     1.5135    11.8340   999.5595      8.806      6.071 0.0000e+00
