Data/DataNotYetUploadedToEDI/Raw_CTD/RawDownloads/061625_fcr30_S7809003.cnv
* Sea-Bird SBE19plus  Data File:
* FileName = C:\R\Reservoirs\Data\DataNotYetUploadedToEDI\Raw_CTD\RawDownloads\061625_fcr10_S7809_0003.hex
* Software version 2.8.0.119
* Temperature SN = 7809
* Conductivity SN = 7809
* System UpLoad Time = Jun 16 2025 17:26:13
* <ApplicationData>
* <Seaterm232>
# nquan = 15
# nvalues = 2041                        
# units = specified
# name 0 = depFM: Depth [fresh water, m]
# name 1 = dz/dtM: Descent Rate [m/s]
# name 2 = sbeox0Mg/L: Oxygen, SBE 43 [mg/l]
# name 3 = sbeox0PS: Oxygen, SBE 43 [% saturation]
# name 4 = specc: Specific Conductance [uS/cm]
# name 5 = c0uS/cm: Conductivity [uS/cm]
# name 6 = flECO-AFL: Fluorescence, WET Labs ECO-AFL/FL [mg/m^3]
# name 7 = ph: pH
# name 8 = orp: Oxidation Reduction Potential [mV]
# name 9 = par/sat/log: PAR/Logarithmic, Satlantic
# name 10 = turbWETntu0: Turbidity, WET Labs ECO [NTU]
# name 11 = prdM: Pressure, Strain Gauge [db]
# name 12 = prdE: Pressure, Strain Gauge [psi]
# name 13 = tv290C: Temperature [ITS-90, deg C]
# name 14 = flag:  0.000e+00
# span 0 =     -0.631,      5.437       
# span 1 =     -0.371,      0.158       
# span 2 =     0.0388,    16.3186       
# span 3 =      0.374,    181.954       
# span 4 =      3.529,     60.311       
# span 5 =   3.329335,  45.769111       
# span 6 =    -0.1019,    38.1999       
# span 7 =      7.738,     11.366       
# span 8 =   -54.9682,   200.2920       
# span 9 = 1.2360e-01, 1.1416e+03       
# span 10 =     1.5056,   156.8149      
# span 11 =     -0.619,      5.332      
# span 12 =     -0.898,      7.734      
# span 13 =    10.6562,    24.8664      
# span 14 = 0.0000e+00, 0.0000e+00      
# interval = seconds: 0.25
# start_time = Jun 16 2025 11:27:02 [Instrument's time stamp, header]
# bad_flag = -9.990e-29
*END*
[from data line 964]
      1.708      0.004    13.9457    146.661     34.788  30.015888    24.8034     11.236    98.3672 1.1167e+01     4.5251      1.675      2.429    18.1793 0.0000e+00
      1.709      0.003    13.9202    146.161     34.771  30.003406    24.8728     11.233    98.4049 1.1142e+01     4.6003      1.675      2.429    18.1530 0.0000e+00
      1.710      0.004    13.9080    145.633     34.771  30.005355    24.9497     11.231    98.5918 1.1120e+01     4.6846      1.677      2.432    18.1341 0.0000e+00
      1.710      0.007    13.8907    145.052     34.809  30.039449    24.9670     11.228    98.9923 1.1125e+01     4.6896      1.677      2.433    18.1323 0.0000e+00
      1.711      0.011    13.8472    144.460     34.800  30.035034    24.9577     11.224    99.3752 1.1104e+01     4.5924      1.677      2.432    18.1356 0.0000e+00
      1.714      0.015    13.7942    143.958     34.702  29.951992    25.0281     11.220    99.5214 1.1029e+01     4.5687      1.679      2.436    18.1412 0.0000e+00
      1.719      0.019    13.7485    143.624     34.610  29.860010    25.2102     11.217    99.5562 1.0922e+01     4.7446      1.684      2.443    18.1434 0.0000e+00
      1.726      0.021    13.6911    143.448     34.593  29.810918    25.3292     11.215    99.6234 1.0791e+01     4.8057      1.691      2.453    18.1420 0.0000e+00
      1.734      0.022    13.6295    143.346     34.631  29.802404    25.3422     11.215    99.7318 1.0650e+01     4.7615      1.700      2.466    18.1483 0.0000e+00
      1.741      0.021    13.5766    143.314     34.683  29.820441    25.3595     11.214    99.8338 1.0535e+01     4.7907      1.708      2.477    18.1598 0.0000e+00
      1.746      0.018    13.5474    143.323     34.709  29.838666    25.4053     11.211    99.9113 1.0469e+01     4.7831      1.714      2.484    18.1472 0.0000e+00
      1.749      0.015    13.5534    143.216     34.691  29.832461    25.4553     11.208    99.9798 1.0439e+01     4.8064      1.717      2.489    18.0891 0.0000e+00
      1.751      0.013    13.5626    142.907     34.652  29.808863    25.4892     11.206    99.9738 1.0414e+01     4.7988      1.718      2.491    18.0143 0.0000e+00
      1.752      0.011    13.5696    142.467     34.646  29.807085    25.4570     11.204    99.9249 1.0349e+01     4.6918      1.717      2.491    17.9731 0.0000e+00
      1.756      0.010    13.5795    142.004     34.651  29.810970    25.3748     11.202    99.9913 1.0258e+01     4.6395      1.722      2.497    17.9728 0.0000e+00
      1.760      0.010    13.5667    141.556     34.633  29.792405    25.3363     11.200   100.0874 1.0198e+01     4.6789      1.727      2.505    17.9930 0.0000e+00
      1.764      0.009    13.5287    141.128     34.619  29.772905    25.3493     11.199    99.9685 1.0161e+01     4.7921      1.730      2.509    18.0118 0.0000e+00
      1.766      0.009    13.4813    140.763     34.622  29.765480    25.4148     11.198    99.7595 1.0124e+01     4.8124      1.732      2.511    18.0148 0.0000e+00
      1.766      0.008    13.4377    140.562     34.633  29.766059    25.5039     11.198    99.7971 1.0110e+01     4.7199      1.732      2.512    18.0132 0.0000e+00
      1.767      0.007    13.3961    140.528     34.655  29.779888    25.5619     11.197    99.9071 1.0116e+01     4.7666      1.733      2.514    18.0107 0.0000e+00
      1.768      0.007    13.3585    140.478     34.686  29.805815    25.6076     11.194    99.8838 1.0106e+01     4.9331      1.733      2.514    17.9975 0.0000e+00
      1.771      0.008    13.3240    140.258     34.707  29.825819    25.6982     11.192    99.9463 1.0081e+01     4.9901      1.737      2.519    17.9798 0.0000e+00
      1.774      0.011    13.3058    139.904     34.712  29.831461    25.8166     11.190   100.0602 1.0066e+01     4.8759      1.741      2.525    17.9681 0.0000e+00
      1.776      0.013    13.3146    139.538     34.687  29.810596    25.8573     11.188   100.1422 1.0034e+01     4.7131      1.740      2.524    17.9597 0.0000e+00
      1.778      0.014    13.3162    139.207     34.632  29.763846    25.8578     11.186   100.3352 9.9599e+00     4.6966      1.743      2.528    17.9589 0.0000e+00
      1.783      0.014    13.2914    138.923     34.573  29.710225    25.8894     11.185   100.5016 9.8766e+00     4.8122      1.749      2.537    17.9663 0.0000e+00
      1.788      0.014    13.2512    138.708     34.534  29.669715    25.9059     11.184   100.5194 9.8194e+00     4.8131      1.755      2.545    17.9659 0.0000e+00
      1.792      0.013    13.2170    138.582     34.528  29.654625    25.8911     11.182   100.5503 9.7791e+00     4.7069      1.758      2.550    17.9645 0.0000e+00
      1.795      0.012    13.1841    138.546     34.541  29.654615    25.8767     11.181   100.5311 9.7413e+00     4.6564      1.760      2.553    17.9696 0.0000e+00
      1.797      0.009    13.1570    138.567     34.567  29.669588    25.8898     11.178   100.4594 9.7042e+00     4.7144      1.763      2.557    17.9657 0.0000e+00
      1.799      0.007    13.1398    138.601     34.611  29.708788    25.9003     11.175   100.5433 9.6752e+00     4.8612      1.765      2.560    17.9537 0.0000e+00
      1.801      0.005    13.1306    138.594     34.642  29.747997    25.8535     11.173   100.7718 9.6585e+00     4.8938      1.766      2.562    17.9398 0.0000e+00
      1.803      0.004    13.1345    138.494     34.635  29.763080    25.7903     11.172   101.0711 9.6552e+00     4.7679      1.768      2.564    17.9202 0.0000e+00
      1.803      0.004    13.1411    138.245     34.613  29.764324    25.7683     11.170   101.3216 9.6583e+00     4.6709      1.768      2.564    17.9063 0.0000e+00
      1.803      0.004    13.1463    137.845     34.605  29.763065    25.7881     11.167   101.4779 9.6398e+00     4.7127      1.768      2.564    17.9081 0.0000e+00
      1.804      0.005    13.1418    137.387     34.595  29.747867    25.8294     11.165   101.6708 9.6114e+00     4.8289      1.769      2.566    17.9266 0.0000e+00
      1.805      0.006    13.1244    136.956     34.558  29.707409    25.8358     11.163   101.7610 9.5956e+00     4.8115      1.770      2.567    17.9633 0.0000e+00
      1.806      0.008    13.0926    136.595     34.503  29.654471    25.8070     11.160   101.6222 9.5680e+00     4.7423      1.771      2.569    18.0005 0.0000e+00
      1.808      0.009    13.0474    136.383     34.471  29.615241    25.8723     11.158   101.4545 9.5320e+00     4.8109      1.773      2.572    18.0082 0.0000e+00
      1.811      0.011    13.0061    136.378     34.496  29.613652    26.0251     11.157   101.3686 9.4991e+00     4.8212      1.776      2.576    17.9893 0.0000e+00
      1.815      0.012    12.9700    136.584     34.549  29.635232    26.1070     11.155   101.3576 9.4614e+00     4.7312      1.780      2.581    17.9731 0.0000e+00
      1.819      0.014    12.9317    136.946     34.551  29.622412    26.1131     11.152   101.4085 9.4312e+00     4.7131      1.784      2.587    17.9730 0.0000e+00
      1.822      0.015    12.9128    137.292     34.517  29.585497    26.1481     11.149   101.4679 9.4034e+00     4.7719      1.786      2.590    17.9608 0.0000e+00
      1.825      0.015    12.9245    137.449     34.504  29.569463    26.2396     11.144   101.4738 9.3574e+00     4.8962      1.789      2.595    17.9180 0.0000e+00
      1.830      0.016    12.9543    137.349     34.493  29.555399    26.2951     11.139   101.4791 9.2959e+00     4.8837      1.795      2.603    17.8783 0.0000e+00
      1.834      0.017    13.0010    136.994     34.486  29.542306    26.2785     11.135   101.6179 9.2390e+00     4.6884      1.799      2.609    17.8597 0.0000e+00
      1.838      0.019    13.0437    136.483     34.491  29.538012    26.2552     11.131   102.0343 9.1860e+00     4.5845      1.802      2.614    17.8505 0.0000e+00
      1.842      0.020    13.0607    135.955     34.461  29.503464    26.3135     11.126   102.6411 9.1275e+00     4.6867      1.806      2.620    17.8437 0.0000e+00
      1.847      0.021    13.0538    135.420     34.401  29.441731    26.4505     11.121   102.9314 9.0682e+00     4.8648      1.811      2.627    17.8394 0.0000e+00
      1.853      0.023    13.0192    134.863     34.402  29.425905    26.5214     11.117   102.7917 8.9939e+00     4.8600      1.817      2.636    17.8298 0.0000e+00
      1.860      0.023    12.9677    134.357     34.436  29.438959    26.5131     11.115   102.5863 8.9001e+00     4.6974      1.824      2.646    17.8124 0.0000e+00
      1.867      0.022    12.9211    133.913     34.414  29.409253    26.7002     11.112   102.5133 8.8118e+00     4.6739      1.831      2.656    17.8037 0.0000e+00
      1.873      0.021    12.8756    133.462     34.395  29.383866    27.0853     11.109   102.5108 8.7437e+00     4.8149      1.837      2.665    17.7955 0.0000e+00
      1.878      0.018    12.8251    132.933     34.409  29.385714    27.2998     11.104   102.4699 8.6825e+00     4.9000      1.842      2.672    17.7628 0.0000e+00
      1.882      0.015    12.7848    132.279     34.400  29.368146    27.3288     11.101   102.5356 8.6259e+00     4.8144      1.847      2.678    17.7351 0.0000e+00
      1.886      0.011    12.7487    131.531     34.405  29.361738    27.4189     11.099   102.8754 8.5927e+00     4.6682      1.850      2.683    17.7252 0.0000e+00
      1.888      0.009    12.7109    130.780     34.426  29.371654    27.6075     11.095   103.3946 8.5750e+00     4.7041      1.852      2.686    17.7106 0.0000e+00
      1.889      0.008    12.6672    130.115     34.419  29.361160    27.7369     11.090   103.9093 8.5644e+00     4.8731      1.853      2.687    17.6979 0.0000e+00
      1.889      0.008    12.6067    129.559     34.422  29.361718    27.7593     11.085   104.3666 8.5568e+00     4.8665      1.853      2.687    17.6825 0.0000e+00
      1.890      0.010    12.5372    129.059     34.446  29.378397    27.9113     11.079   104.7932 8.5245e+00     4.6925      1.853      2.687    17.6645 0.0000e+00
      1.892      0.014    12.4652    128.581     34.447  29.372527    28.2433     11.072   105.2816 8.4770e+00     4.6137      1.856      2.691    17.6511 0.0000e+00
      1.896      0.018    12.4021    128.136     34.432  29.354171    28.4532     11.066   105.8844 8.4152e+00     4.7335      1.859      2.696    17.6458 0.0000e+00
      1.901      0.022    12.3518    127.745     34.427  29.346731    28.5093     11.060   106.4026 8.3087e+00     4.9105      1.863      2.701    17.6474 0.0000e+00
      1.910      0.024    12.3066    127.435     34.429  29.346004    28.5635     11.052   106.6422 8.1962e+00     4.9100      1.873      2.717    17.6425 0.0000e+00
      1.918      0.024    12.2635    127.194     34.434  29.345371    29.0930     11.044   106.7172 8.1148e+00     4.8640      1.883      2.731    17.6290 0.0000e+00
      1.924      0.024    12.2233    126.945     34.436  29.339076    30.1085     11.036   106.7927 8.0463e+00     4.9352      1.887      2.738    17.6178 0.0000e+00
      1.929      0.023    12.1851    126.661     34.437  29.333310    30.6795     11.029   106.7810 7.9838e+00     5.0197      1.891      2.742    17.6178 0.0000e+00
      1.933      0.020    12.1544    126.354     34.449  29.339077    30.7868     11.021   106.6615 7.9214e+00     5.1338      1.896      2.749    17.6171 0.0000e+00
      1.938      0.018    12.1393    126.063     34.463  29.345369    31.1899     11.014   106.6387 7.8591e+00     5.1188      1.901      2.757    17.6078 0.0000e+00
      1.943      0.016    12.1184    125.843     34.468  29.345946    31.8822     11.007   106.7641 7.8064e+00     5.0091      1.906      2.764    17.5951 0.0000e+00
      1.948      0.014    12.0930    125.626     34.469  29.346050    32.2735     11.000   106.8871 7.7634e+00     5.0719      1.912      2.773    17.5845 0.0000e+00
      1.951      0.013    12.0658    125.366     34.467  29.346626    32.3840     10.993   106.9209 7.7317e+00     5.1263      1.915      2.777    17.5792 0.0000e+00
      1.952      0.013    12.0332    125.083     34.474  29.352907    32.8685     10.988   106.9140 7.6976e+00     5.0856      1.915      2.777    17.5714 0.0000e+00
      1.954      0.013    12.0208    124.783     34.482  29.358569    33.6959     10.982   106.8902 7.6521e+00     5.0923      1.915      2.779    17.5637 0.0000e+00
      1.958      0.014    12.0015    124.535     34.477  29.351650    34.1310     10.975   106.8912 7.5932e+00     5.1733      1.920      2.785    17.5638 0.0000e+00
      1.963      0.016    11.9721    124.397     34.459  29.332680    34.2507     10.969   106.9257 7.5339e+00     5.3129      1.925      2.792    17.5688 0.0000e+00
      1.967      0.019    11.9477    124.332     34.448  29.319484    35.0009     10.964   106.8773 7.4910e+00     5.3469      1.928      2.798    17.5694 0.0000e+00
      1.972      0.021    11.9162    124.344     34.452  29.318956    36.3027     10.958   106.8232 7.4381e+00     5.2089      1.934      2.805    17.5657 0.0000e+00
      1.977      0.023    11.8890    124.459     34.466  29.326290    36.9985     10.953   106.9588 7.3568e+00     5.0782      1.938      2.812    17.5642 0.0000e+00
      1.983      0.023    11.8815    124.594     34.496  29.344723    37.0794     10.949   107.5708 7.2684e+00     5.0651      1.944      2.819    17.5588 0.0000e+00
      1.991      0.022    11.8772    124.702     34.513  29.351531    37.3814     10.944   108.9748 7.1926e+00     5.1176      1.953      2.832    17.5506 0.0000e+00
      1.997      0.022    11.8744    124.747     34.514  29.345163    37.9196     10.938   110.4261 7.1464e+00     5.0988      1.961      2.844    17.5457 0.0000e+00
      2.002      0.022    11.8946    124.646     34.508  29.331156    38.1841     10.932   111.0934 7.1376e+00     4.9745      1.965      2.850    17.5402 0.0000e+00
      2.005      0.023    11.9094    124.361     34.493  29.309025    38.1999     10.927   111.4504 7.1177e+00     4.9474      1.966      2.852    17.5307 0.0000e+00
      2.010      0.024    11.9226    123.916     34.528  29.331279    38.1680     10.920   111.7315 7.0392e+00     5.1125      1.969      2.856    17.5181 0.0000e+00
      2.017      0.027    11.9345    123.385     34.635  29.409933    38.0650     10.910   111.8256 6.9422e+00     5.2968      1.978      2.869    17.5095 0.0000e+00
      2.026      0.033    11.9279    122.877     34.774  29.498845    37.9780     10.900   112.0712 6.8672e+00     5.2978      1.987      2.882    17.4973 0.0000e+00
      2.034      0.039    11.9045    122.458     34.932  29.581679    37.9161     10.889   112.7220 6.7907e+00     5.1581      1.995      2.893    17.4795 0.0000e+00
      2.043      0.044    11.8618    122.103     35.088  29.650237    37.7828     10.876   113.8438 6.6901e+00     5.1785      2.001      2.903    17.4707 0.0000e+00
      2.055      0.047    11.8087    121.774     35.214  29.693374    36.4912     10.863   115.0520 6.5524e+00     5.3400      2.014      2.921    17.4631 0.0000e+00
      2.071      0.047    11.7653    121.392     35.315  29.722581    34.0757     10.851   115.8012 6.4090e+00     5.3341      2.032      2.947    17.4249 0.0000e+00
      2.087      0.045    11.7483    120.819     35.404  29.749574    32.7146     10.840   116.1914 6.3106e+00     5.1751      2.048      2.970    17.3449 0.0000e+00
      2.099      0.041    11.7376    119.937     35.470  29.765960    32.5277     10.830   116.4141 6.2267e+00     5.0575      2.060      2.987    17.2474 0.0000e+00
      2.108      0.035    11.7315    118.660     35.538  29.793787    32.0912     10.820   116.4296 6.1464e+00     5.0398      2.068      3.000    17.1527 0.0000e+00
      2.115      0.029    11.7204    116.943     35.615  29.832262    31.3147     10.811   116.2920 6.1090e+00     5.0974      2.075      3.010    17.0732 0.0000e+00
      2.119      0.025    11.6841    114.794     35.671  29.850538    30.8708     10.804   116.2994 6.0870e+00     5.0713      2.078      3.014    17.0059 0.0000e+00
