Data/DataNotYetUploadedToEDI/Raw_CTD/RawDownloads/061625_fcr20_S7809002.cnv
* Sea-Bird SBE19plus  Data File:
* FileName = C:\R\Reservoirs\Data\DataNotYetUploadedToEDI\Raw_CTD\RawDownloads\061625_fcr10_S7809_0002.hex
* Software version 2.8.0.119
* Temperature SN = 7809
* Conductivity SN = 7809
* System UpLoad Time = Jun 16 2025 17:25:20
* <ApplicationData>
* <Seaterm232>
# nquan = 15
# nvalues = 1071                        
# units = specified
# name 0 = depFM: Depth [fresh water, m]
# name 1 = dz/dtM: Descent Rate [m/s]
# name 2 = sbeox0Mg/L: Oxygen, SBE 43 [mg/l]
# name 3 = sbeox0PS: Oxygen, SBE 43 [% saturation]
# name 4 = specc: Specific Conductance [uS/cm]
# name 5 = c0uS/cm: Conductivity [uS/cm]
# name 6 = flECO-AFL: Fluorescence, WET Labs ECO-AFL/FL [mg/m^3]
# name 7 = ph: pH
# name 8 = orp: Oxidation Reduction Potential [mV]
# name 9 = par/sat/log: PAR/Logarithmic, Satlantic
# name 10 = turbWETntu0: Turbidity, WET Labs ECO [NTU]
# name 11 = prdM: Pressure, Strain Gauge [db]
# name 12 = prdE: Pressure, Strain Gauge [psi]
# name 13 = tv290C: Temperature [ITS-90, deg C]
# name 14 = flag:  0.000e+00
# span 0 =     -0.633,      3.739       
# span 1 =     -0.388,      2.803       
# span 2 =    -0.0183,    13.5055       
# span 3 =      0.071,    142.993       
# span 4 =      1.156,    338.996       
# span 5 =   1.083724, 263.715643       
# span 6 =    -0.3472,    24.8135       
# span 7 =      8.712,     11.039       
# span 8 = -1240.7455,   158.5732       
# span 9 = 1.0985e+00, 2.0681e+03       
# span 10 =    -0.2246,   109.5908      
# span 11 =     -0.622,      3.667      
# span 12 =     -0.903,      5.319      
# span 13 =    13.0063,    24.4325      
# span 14 = 0.0000e+00, 0.0000e+00      
# interval = seconds: 0.25
# start_time = Jun 16 2025 11:13:35 [Instrument's time stamp, header]
# bad_flag = -9.990e-29
*END*
[from data line 97]
     -0.633 4.5832e-20     8.0922     92.270      1.210   1.134074     0.0196      9.291 -1240.7455 1.5701e+03     5.8865     -0.621     -0.900    21.8607 0.0000e+00
     -0.633 4.1665e-21     8.0919     92.260      1.198   1.122765     0.0082      9.279 -1240.7455 1.5497e+03     5.8381     -0.620     -0.899    21.8604 0.0000e+00
     -0.633 3.7877e-22     8.0915     92.265      1.197   1.121830    -0.0068      9.262 -1240.7455 1.5294e+03     5.8805     -0.621     -0.901    21.8601 0.0000e+00
     -0.632 3.4434e-23     8.0902     92.271      1.198   1.122775     0.0046      9.246 -1240.7455 1.5266e+03     5.8525     -0.620     -0.900    21.8596 0.0000e+00
     -0.632 3.1304e-24     8.0895     92.276      1.210   1.134188     0.0291      9.238 -1240.7455 1.5676e+03     5.5683     -0.620     -0.899    21.8590 0.0000e+00
     -0.632 2.8458e-25     8.0873     92.302      1.209   1.133139     0.0306      9.230 -1240.7455 1.6436e+03     5.3481     -0.620     -0.899    21.8587 0.0000e+00
     -0.632 2.5871e-26     8.0889     92.323      1.184   1.110097    -0.0022      9.226 -1240.7455 1.6812e+03     5.2047     -0.620     -0.899    21.8586 0.0000e+00
     -0.632 2.3519e-27     8.0900     92.322      1.184   1.108947    -0.0012      9.244 -1240.7455 1.6510e+03     4.8934     -0.620     -0.899    21.8582 0.0000e+00
     -0.632 2.1381e-28     8.0884     92.357      1.195   1.119236     0.0351      9.265 -1240.7455 1.6088e+03     4.4887     -0.620     -0.899    21.8579 0.0000e+00
     -0.632 1.9437e-29     8.0922     92.442      1.182   1.107825     0.0291      9.263 -1240.7455 1.5913e+03     4.2396     -0.620     -0.899    21.8578 0.0000e+00
     -0.632 1.7670e-30     8.0958     92.477      1.171   1.097660     0.0007      9.254 -1240.7455 1.5938e+03     4.2379     -0.620     -0.899    21.8579 0.0000e+00
     -0.632 1.6064e-31     8.0925     92.443      1.198   1.123005    -0.0003      9.259 -1240.7455 1.6187e+03     4.1948     -0.620     -0.899    21.8581 0.0000e+00
     -0.632 1.4604e-32     8.0932     92.405      1.239   1.160905     0.0004      9.281 -1240.7455 1.6517e+03     3.8552     -0.620     -0.899    21.8583 0.0000e+00
     -0.632 1.3276e-33     8.1075     92.379      1.255   1.175865    -0.0161      9.318 -1240.7455 1.6701e+03     3.5482     -0.620     -0.899    21.8585 0.0000e+00
     -0.632 1.2069e-34     8.1101     92.344      1.256   1.177205    -0.0162      9.362 -1240.7455 1.6721e+03     3.5224     -0.620     -0.899    21.8591 0.0000e+00
     -0.632 1.0972e-35     8.1034     92.298      1.256   1.177111    -0.0095      9.399 -1240.7455 1.6121e+03     3.5782     -0.621     -0.900    21.8594 0.0000e+00
     -0.632 9.9745e-37     8.1003     92.259      1.253   1.174724    -0.0260      9.423 -1240.7455 1.5166e+03     3.8808     -0.620     -0.899    21.8595 0.0000e+00
     -0.633 9.0675e-38     8.0990     92.244      1.225   1.148343    -0.0245      9.436 -1240.7455 1.5535e+03     4.5508     -0.621     -0.900    21.8598 0.0000e+00
     -0.633 8.2430e-39     8.0961     92.253      1.186   1.111500     0.0082      9.441 -1240.7455 1.7008e+03     4.9848     -0.621     -0.900    21.8600 0.0000e+00
     -0.633 7.4940e-40     8.0908     92.262      1.184   1.109301     0.0286      9.434 -1240.7455 1.7858e+03     5.0627     -0.621     -0.900    21.8603 0.0000e+00
     -0.632 6.8125e-41     8.0875     92.264      1.197   1.121760     0.0141      9.417 -1240.7455 1.8044e+03     5.3212     -0.620     -0.900    21.8603 0.0000e+00
     -0.632 6.1874e-42     8.0854     92.280      1.212   1.135468    -0.0170      9.398 -1240.7455 1.8167e+03     5.7876     -0.620     -0.899    21.8602 0.0000e+00
     -0.632 4.9671e-43     8.0877     92.304      1.225   1.148359    -0.0151      9.379 -1240.7455 1.8275e+03     6.1248     -0.621     -0.900    21.8604 0.0000e+00
     -0.632 -6.780e-43     8.0889     92.300      1.228   1.150934     0.0121      9.362 -1240.7455 1.8325e+03     6.2551     -0.620     -0.900    21.8602 0.0000e+00
     -0.632 -8.017e-42     8.0875     92.280      1.244   1.166609     0.0043      9.341 -1240.7455 1.8364e+03     5.9287     -0.620     -0.899    21.8600 0.0000e+00
     -0.632 -8.823e-41     8.0892     92.278      1.292   1.211207    -0.0100      9.316 -1240.7455 1.8381e+03     5.2874     -0.620     -0.899    21.8600 0.0000e+00
     -0.632 -9.706e-40     8.0936     92.295      1.398   1.310120     0.0148      9.291 -1240.7455 1.8150e+03     5.0264     -0.621     -0.901    21.8598 0.0000e+00
     -0.632 -1.068e-38     8.0920     92.298      1.507   1.412435     0.0208      9.264 -1240.7455 1.7849e+03     5.0274     -0.620     -0.900    21.8596 0.0000e+00
     -0.632 -1.174e-37     8.0892     92.278      1.531   1.434839    -0.0125      9.232 -1240.7455 1.7859e+03     5.0937     -0.620     -0.899    21.8598 0.0000e+00
     -0.632 -1.292e-36     8.0887     92.269      1.484   1.390982    -0.0224      9.200 -1240.7455 1.7968e+03     5.3154     -0.620     -0.900    21.8596 0.0000e+00
     -0.632 -1.421e-35     8.0917     92.276      1.414   1.325548     0.0017      9.182 -1240.7455 1.7994e+03     5.4191     -0.620     -0.900    21.8593 0.0000e+00
     -0.632 -1.563e-34     8.0930     92.285      1.362   1.277102     0.0123      9.177 -1240.7455 1.8009e+03     5.3566     -0.621     -0.900    21.8595 0.0000e+00
     -0.632 -1.719e-33     8.0885     92.294      1.332   1.248607     0.0135      9.178 -1240.7455 1.8021e+03     5.3799     -0.620     -0.900    21.8594 0.0000e+00
     -0.632 -1.891e-32     8.0885     92.303      1.317   1.234388     0.0253      9.183 -1240.7455 1.8147e+03     5.4962     -0.620     -0.899    21.8593 0.0000e+00
     -0.632 -2.081e-31     8.0895     92.307      1.315   1.231859     0.0302      9.183 -1240.7455 1.8438e+03     5.5669     -0.620     -0.899    21.8595 0.0000e+00
     -0.632 -2.289e-30     8.0904     92.305      1.300   1.218036     0.0146      9.177 -1240.7455 1.8748e+03     5.5176     -0.620     -0.899    21.8595 0.0000e+00
     -0.632 -2.517e-29     8.0910     92.304      1.274   1.193936    -0.0218      9.168 -1240.7455 1.8994e+03     5.3781     -0.620     -0.900    21.8598 0.0000e+00
     -0.632 -2.769e-28     8.0922     92.306      1.274   1.193822    -0.0271      9.156 -1240.7455 1.9212e+03     5.3490     -0.620     -0.900    21.8600 0.0000e+00
     -0.632 -3.046e-27     8.0924     92.315      1.298   1.216655     0.0081      9.138 -1240.7455 1.9410e+03     5.3706     -0.620     -0.899    21.8599 0.0000e+00
     -0.632 -3.351e-26     8.0918     92.331      1.298   1.216645     0.0135      9.118 -1240.7455 1.9586e+03     5.2989     -0.620     -0.900    21.8598 0.0000e+00
     -0.632 -3.686e-25     8.0919     92.336      1.273   1.193708    -0.0128      9.107 -1240.7455 1.9724e+03     5.3703     -0.621     -0.900    21.8598 0.0000e+00
     -0.632 -4.054e-24     8.0921     92.322      1.273   1.192679    -0.0178      9.102 -1240.7455 1.9859e+03     5.5494     -0.620     -0.899    21.8599 0.0000e+00
     -0.632 -4.460e-23     8.0925     92.309      1.285   1.204206    -0.0139      9.095 -1240.7455 2.0048e+03     5.5172     -0.620     -0.900    21.8597 0.0000e+00
     -0.632 -4.906e-22     8.0947     92.303      1.287   1.206406    -0.0316      9.084 -1240.7455 2.0236e+03     5.3569     -0.620     -0.900    21.8598 0.0000e+00
     -0.632 -5.396e-21     8.0958     92.298      1.301   1.219273    -0.0237      9.074 -1240.7455 2.0363e+03     5.3537     -0.620     -0.899    21.8598 0.0000e+00
     -0.632 -5.936e-20     8.0931     92.293      1.316   1.233102     0.0066      9.063 -1240.7455 2.0428e+03     5.4101     -0.620     -0.899    21.8597 0.0000e+00
     -0.632 -6.530e-19     8.0923     92.298      1.331   1.246932    -0.0066      9.048 -1240.7455 2.0433e+03     5.3557     -0.620     -0.899    21.8596 0.0000e+00
     -0.632 -7.183e-18     8.0918     92.303      1.344   1.259811    -0.0251      9.032 -1240.7455 2.0383e+03     5.3787     -0.620     -0.900    21.8598 0.0000e+00
     -0.632 -7.901e-17     8.0915     92.295      1.346   1.262139    -0.0014      9.021 -1240.7455 2.0239e+03     5.4838     -0.620     -0.900    21.8599 0.0000e+00
     -0.632 -8.691e-16     8.0906     92.291      1.360   1.275069     0.0225      9.016 -1240.7455 1.9777e+03     5.4657     -0.621     -0.901    21.8598 0.0000e+00
     -0.632 -9.560e-15     8.0911     92.313      1.376   1.289476     0.0060      9.015 -1240.7455 1.8914e+03     5.2959     -0.620     -0.900    21.8601 0.0000e+00
     -0.632 -1.052e-13     8.0929     92.343      1.397   1.309647    -0.0344      9.011 -1240.7455 1.8209e+03     5.1047     -0.620     -0.899    21.8602 0.0000e+00
     -0.632 -1.157e-12     8.0910     92.350      1.417   1.328932    -0.0414      9.010 -1240.7455 1.8090e+03     5.1004     -0.620     -0.899    21.8600 0.0000e+00
     -0.632 -1.272e-11     8.0896     92.338      1.421   1.332625    -0.0208      9.019 -1240.7455 1.8500e+03     5.2097     -0.620     -0.899    21.8599 0.0000e+00
     -0.632 -1.400e-10     8.0924     92.322      1.445   1.354297    -0.0187      9.027 -1240.7455 1.9073e+03     5.2655     -0.620     -0.900    21.8600 0.0000e+00
     -0.632 -1.540e-09     8.0967     92.315      1.495   1.400943    -0.0158      9.013 -1240.7455 1.9249e+03     5.3987     -0.620     -0.900    21.8599 0.0000e+00
     -0.632 -1.694e-08     8.0963     92.322      1.550   1.453232     0.0058      8.980 -1240.7455 1.9222e+03     5.5566     -0.620     -0.900    21.8599 0.0000e+00
     -0.633 -1.863e-07     8.0952     92.324      1.578   1.479785     0.0101      8.948 -1240.7455 1.9222e+03     5.4322     -0.621     -0.900    21.8600 0.0000e+00
     -0.633 -1.863e-07     8.0933     92.316      1.567   1.468627    -0.0140      8.924 -1240.7455 1.8382e+03     4.0992     -0.621     -0.900    21.8600 0.0000e+00
     -0.632 -1.673e-08     8.0918     92.314      1.542   1.445007    -0.0190      8.902 -1240.7455 1.6572e+03     1.8744     -0.620     -0.899    21.8602 0.0000e+00
     -0.632 7.4722e-10     8.0942     92.325      1.545   1.447556    -0.0006      8.889 -1240.7453 1.4740e+03     0.7354     -0.620     -0.900    21.8602 0.0000e+00
     -0.632 2.5014e-08     8.0939     92.339      1.600   1.499453    -0.0001      8.886 -1240.7434 1.3232e+03     0.6096     -0.620     -0.899    21.8603 0.0000e+00
     -0.632 2.7668e-07     8.0928     92.341      1.670   1.565762    -0.0041      8.887 -1240.7226 1.3064e+03     0.9003     -0.620     -0.899    21.8605 0.0000e+00
     -0.632      0.000     8.0921     92.334      1.724   1.615873     0.0005      8.891 -1240.4941 1.4016e+03     1.6199     -0.620     -0.899    21.8606 0.0000e+00
     -0.632      0.000     8.0935     92.329      1.773   1.661953     0.0050      8.894 -1237.9796 1.4550e+03     2.0681     -0.620     -0.899    21.8608 0.0000e+00
     -0.632      0.000     8.0953     92.327      1.927   1.806202     0.0336      8.911 -1210.3205 1.5653e+03     2.1186     -0.620     -0.899    21.8603 0.0000e+00
     -0.632      0.004     8.0958     92.327      3.648   3.423311     0.2809      9.063  -906.0705 1.7475e+03     2.5030     -0.620     -0.899    21.8606 0.0000e+00
     -0.632      0.020     8.0940     92.323     11.027  10.381466     0.7481      9.360  -322.7280 1.8573e+03     3.4366     -0.620     -0.900    21.8589 0.0000e+00
     -0.632      0.055     8.0944     92.296     22.748  21.548921     1.0292      9.577    35.3470 1.8938e+03     4.0821     -0.620     -0.899    21.8590 0.0000e+00
     -0.630      0.107     8.0947     92.245     30.456  29.104617     1.0584      9.666    94.0082 1.8740e+03     4.2267     -0.618     -0.897    21.8550 0.0000e+00
     -0.618      0.161     8.0938     92.220     32.302  31.170539     1.1004      9.744    99.2542 1.8383e+03     5.1168     -0.620     -0.899    21.8576 0.0000e+00
     -0.568      0.206     8.0962     92.333     32.252  31.369434     1.9376      9.834    99.5500 1.8513e+03     6.8166     -0.578     -0.838    21.8511 0.0000e+00
     -0.475      0.231     8.0513     92.602     32.034  31.319494     3.5317      9.926    99.6504 1.8721e+03     7.7332     -0.466     -0.676    22.1186 0.0000e+00
     -0.376      0.235     7.9507     92.935     31.890  31.264730     4.4264     10.006    99.6069 1.8610e+03     7.8986     -0.358     -0.519    22.7474 0.0000e+00
     -0.301      0.217     7.8616     93.274     31.789  31.214887     4.5239     10.075    99.5410 1.8347e+03     7.9625     -0.283     -0.411    23.2849 0.0000e+00
     -0.257      0.180     7.8133     93.610     31.691  31.160963     4.6947     10.137    99.6276 1.8118e+03     7.8910     -0.243     -0.352    23.6750 0.0000e+00
     -0.236      0.133     7.8038     93.952     31.615  31.120273     5.0433     10.192    99.8792 1.8079e+03     7.8879     -0.230     -0.334    23.9290 0.0000e+00
     -0.220      0.089     7.8179     94.275     31.588  31.103573     5.2589     10.238    99.9166 1.8180e+03     7.8911     -0.220     -0.319    24.0286 0.0000e+00
     -0.200      0.054     7.8376     94.531     31.582  31.085918     5.2877     10.279    99.5629 1.8175e+03     7.8614     -0.195     -0.284    24.0938 0.0000e+00
     -0.180      0.025     7.8552     94.675     31.612  31.097089     5.2078     10.316    99.3884 1.8005e+03     7.7676     -0.171     -0.248    24.1580 0.0000e+00
     -0.173      0.002     7.8745     94.613     31.701  31.175184     5.0509     10.347    99.6138 1.7824e+03     7.5425     -0.166     -0.241    24.2291 0.0000e+00
     -0.178     -0.017     7.9016     94.280     31.716  31.205486     4.9886     10.373    99.8792 1.7826e+03     7.4624     -0.169     -0.246    24.2418 0.0000e+00
     -0.196     -0.030     7.9285     93.810     31.619  31.146330     5.0126     10.395    99.9299 1.8031e+03     7.4484     -0.188     -0.273    24.2086 0.0000e+00
     -0.219     -0.030     7.9479     93.410     31.532  31.094333     4.9491     10.413    99.8824 1.8109e+03     7.3729     -0.220     -0.319    24.1758 0.0000e+00
     -0.234     -0.020     7.9519     93.256     31.502  31.084318     4.8036     10.429    99.9929 1.7989e+03     7.4046     -0.234     -0.339    24.1492 0.0000e+00
     -0.235     -0.002     7.9138     93.516     31.497  31.088705     4.7263     10.444   100.0625 1.7970e+03     7.5246     -0.233     -0.337    24.1745 0.0000e+00
     -0.229      0.020     7.8560     94.107     31.486  31.083945     4.7469     10.457    99.9495 1.8037e+03     7.6612     -0.227     -0.329    24.2499 0.0000e+00
     -0.215      0.040     7.8115     94.822     31.487  31.090216     4.8527     10.469    99.9170 1.8022e+03     7.6562     -0.212     -0.308    24.3101 0.0000e+00
     -0.199      0.056     7.7850     95.611     31.494  31.101103     4.9985     10.481   100.0130 1.7977e+03     7.5318     -0.194     -0.282    24.3366 0.0000e+00
     -0.184      0.068     7.8093     96.309     31.476  31.088716     5.0783     10.494   100.0779 1.7780e+03     7.5242     -0.181     -0.262    24.3463 0.0000e+00
     -0.168      0.076     7.8683     96.569     31.451  31.067321     5.1106     10.506   100.0993 1.7304e+03     7.6328     -0.167     -0.241    24.3567 0.0000e+00
     -0.148      0.076     7.9236     96.274     31.411  31.032720     5.1985     10.516   100.1861 1.6622e+03     7.7175     -0.147     -0.214    24.3630 0.0000e+00
     -0.123      0.069     7.9917     95.585     31.360  30.987530     5.3252     10.525   100.2671 1.4602e+03     7.6596     -0.121     -0.176    24.3699 0.0000e+00
     -0.096      0.059     8.0649     94.671     31.332  30.964980     5.3768     10.534   100.3045 1.1661e+03     7.5138     -0.090     -0.131    24.3807 0.0000e+00
     -0.078      0.046     8.0882     93.616     31.312  30.950388     5.3819     10.540   100.3796 1.0753e+03     7.5258     -0.071     -0.103    24.3857 0.0000e+00
