Data/DataNotYetUploadedToEDI/Raw_CTD/RawDownloads/061625_bvr50_S8188004.cnv
* Sea-Bird SBE19plus  Data File:
* FileName = C:\R\Reservoirs\Data\DataNotYetUploadedToEDI\Raw_CTD\RawDownloads\060925_bvr50_S8188_0004.hex
* Software version 2.8.0.119
* Temperature SN = 8188
* Conductivity SN = 8188
* System UpLoad Time = Jun 25 2025 16:14:00
* <ApplicationData>
* <Seaterm232>
# nquan = 16
# nvalues = 1793                        
# units = specified
# name 0 = depFM: Depth [fresh water, m]
# name 1 = dz/dtM: Descent Rate [m/s]
# name 2 = sbeox0Mg/L: Oxygen, SBE 43 [mg/l]
# name 3 = sbeox0PS: Oxygen, SBE 43 [% saturation]
# name 4 = specc: Specific Conductance [uS/cm]
# name 5 = c0uS/cm: Conductivity [uS/cm]
# name 6 = wetCDOM: Fluorescence, WET Labs CDOM [mg/m^3]
# name 7 = flECO-AFL: Fluorescence, WET Labs ECO-AFL/FL [mg/m^3]
# name 8 = flECO-AFL1: Fluorescence, WET Labs ECO-AFL/FL, 2 [mg/m^3]
# name 9 = flECO-AFL2: Fluorescence, WET Labs ECO-AFL/FL, 3 [mg/m^3]
# name 10 = par/sat/log: PAR/Logarithmic, Satlantic
# name 11 = turbWETntu0: Turbidity, WET Labs ECO [NTU]
# name 12 = prdM: Pressure, Strain Gauge [db]
# name 13 = prdE: Pressure, Strain Gauge [psi]
# name 14 = tv290C: Temperature [ITS-90, deg C]
# name 15 = flag:  0.000e+00
# span 0 =     -0.715,      6.700       
# span 1 =     -0.264,      0.165       
# span 2 =    -0.3147,    12.1080       
# span 3 =     -3.212,    142.305       
# span 4 =   -660.773,    219.385       
# span 5 =-500.123893, 160.348351       
# span 6 =    -4.5000,    45.3600       
# span 7 =    -0.3380,    30.4509       
# span 8 =    -2.1300,     0.5112       
# span 9 =    -2.0304,     8.4600       
# span 10 = 1.1587e-01, 4.1274e+02      
# span 11 =    -1.1404,    91.8548      
# span 12 =     -0.701,      6.570      
# span 13 =     -1.016,      9.530      
# span 14 =    11.3446,    24.1795      
# span 15 = 0.0000e+00, 0.0000e+00      
# interval = seconds: 0.25
# start_time = Jun 16 2025 09:16:39 [Instrument's time stamp, header]
# bad_flag = -9.990e-29
*END*
[from data line 452]
      0.228     -0.001    10.4707    122.857     28.768  27.838352    28.9800    17.0916     0.2982     4.6953 6.6073e+01    13.7092      0.223      0.324    23.3776 0.0000e+00
      0.227     -0.001    10.4717    122.802     28.768  27.839997    28.9800    16.5385     0.2982     4.6953 6.6073e+01    13.9963      0.223      0.323    23.3767 0.0000e+00
      0.227     -0.001    10.4698    122.734     28.758  27.831726    28.9800    16.5766     0.2982     4.6953 6.6649e+01    14.0869      0.223      0.323    23.3767 0.0000e+00
      0.227     -0.001    10.4664    122.661     28.743  27.819299    28.9800    16.5614     0.2982     4.6953 6.7260e+01    13.9963      0.222      0.322    23.3774 0.0000e+00
      0.226     -0.001    10.4622    122.598     28.742  27.819316    29.0700    16.5271     0.2982     4.5684 6.7951e+01    14.0869      0.222      0.322    23.3790 0.0000e+00
      0.226      0.000    10.4570    122.558     28.766  27.841739    29.0700    16.9543     0.2982     4.5684 6.8084e+01    13.9963      0.222      0.322    23.3814 0.0000e+00
      0.227      0.001    10.4507    122.527     28.801  27.872633    29.0700    16.9963     0.2982     4.5684 6.7980e+01    14.0114      0.222      0.322    23.3844 0.0000e+00
      0.227      0.002    10.4438    122.483     28.826  27.892359    29.0700    16.9886     0.2982     4.5684 6.8084e+01    13.9660      0.222      0.323    23.3873 0.0000e+00
      0.228      0.003    10.4382    122.424     28.844  27.904184    29.3400    16.9543     0.2556     4.5261 6.7907e+01    13.9963      0.223      0.323    23.3887 0.0000e+00
      0.228      0.004    10.4351    122.366     28.853  27.907279    29.3400    17.3549     0.2556     4.5261 6.7892e+01    14.3135      0.224      0.325    23.3874 0.0000e+00
      0.229      0.004    10.4333    122.328     28.844  27.894505    29.3400    17.3587     0.2556     4.5261 6.7363e+01    14.2531      0.225      0.326    23.3829 0.0000e+00
      0.231      0.005    10.4309    122.317     28.835  27.884358    29.3400    17.3816     0.2556     4.5261 6.6664e+01    14.2380      0.226      0.328    23.3754 0.0000e+00
      0.232      0.005    10.4279    122.341     28.847  27.896038    29.2500    17.3396     0.2556     4.5684 6.4976e+01    14.2531      0.228      0.331    23.3656 0.0000e+00
      0.234      0.005    10.4250    122.410     28.870  27.918720    29.2500    17.5265     0.2556     4.5684 6.3773e+01    14.2682      0.230      0.333    23.3556 0.0000e+00
      0.235      0.004    10.4231    122.522     28.877  27.924600    29.2500    17.5609     0.2556     4.5684 6.4456e+01    14.2229      0.231      0.335    23.3484 0.0000e+00
      0.236      0.004    10.4228    122.647     28.852  27.899316    29.2500    17.5494     0.2556     4.5684 6.5615e+01    14.2531      0.232      0.336    23.3453 0.0000e+00
      0.237      0.003    10.4249    122.750     28.817  27.864003    29.0700    17.5532     0.2982     4.7376 6.6159e+01    14.2380      0.232      0.337    23.3451 0.0000e+00
      0.237      0.002    10.4306    122.816     28.785  27.833141    29.0700    17.2175     0.2982     4.7376 6.5686e+01    14.1926      0.233      0.337    23.3457 0.0000e+00
      0.238      0.001    10.4402    122.842     28.763  27.812438    29.0700    17.2442     0.2982     4.7376 6.5316e+01    14.1926      0.234      0.338    23.3455 0.0000e+00
      0.238      0.001    10.4512    122.829     28.755  27.806331    29.0700    17.2404     0.2982     4.7376 6.5629e+01    14.1624      0.234      0.339    23.3437 0.0000e+00
      0.238      0.000    10.4605    122.785     28.748  27.801244    29.0700    17.2252     0.2982     4.7376 6.6505e+01    14.1473      0.234      0.339    23.3412 0.0000e+00
      0.238     -0.001    10.4663    122.710     28.742  27.797811    29.1600    17.3396     0.2556     4.5684 6.6911e+01    13.9358      0.234      0.339    23.3402 0.0000e+00
      0.238     -0.001    10.4682    122.600     28.740  27.799100    29.1600    17.3358     0.2556     4.5684 6.6447e+01    14.0114      0.234      0.339    23.3416 0.0000e+00
      0.238     -0.002    10.4665    122.476     28.732  27.793505    29.1600    17.3777     0.2556     4.5684 6.6173e+01    14.0416      0.233      0.338    23.3447 0.0000e+00
      0.237     -0.002    10.4621    122.391     28.713  27.777546    29.1600    17.3358     0.2556     4.5684 6.6073e+01    14.0265      0.233      0.338    23.3484 0.0000e+00
      0.237     -0.002    10.4549    122.384     28.699  27.764886    28.8000    17.7173     0.2556     4.5261 6.6476e+01    13.7999      0.232      0.337    23.3522 0.0000e+00
      0.236     -0.002    10.4447    122.463     28.702  27.766091    28.8000    17.7592     0.2556     4.5261 6.6882e+01    13.7092      0.232      0.336    23.3565 0.0000e+00
      0.235     -0.002    10.4332    122.614     28.707  27.767542    28.8000    17.7402     0.2556     4.5261 6.8574e+01    13.7848      0.231      0.334    23.3611 0.0000e+00
      0.234     -0.002    10.4253    122.802     28.713  27.769625    28.8000    17.6867     0.2556     4.5261 6.9037e+01    13.7243      0.230      0.333    23.3646 0.0000e+00
      0.234     -0.002    10.4245    122.991     28.736  27.788826    28.8000    17.4045     0.2982     4.5684 6.8589e+01    13.5129      0.230      0.333    23.3657 0.0000e+00
      0.234     -0.001    10.4316    123.155     28.770  27.820309    28.8000    17.4121     0.2982     4.5684 6.8188e+01    13.5582      0.230      0.333    23.3636 0.0000e+00
      0.234     -0.001    10.4455    123.277     28.806  27.854547    28.8000    17.3968     0.2982     4.5684 6.8619e+01    13.6790      0.229      0.333    23.3585 0.0000e+00
      0.234     -0.001    10.4627    123.348     28.834  27.880758    28.8000    17.4121     0.2982     4.5684 6.9173e+01    13.5431      0.229      0.332    23.3524 0.0000e+00
      0.233     -0.001    10.4798    123.372     28.834  27.880043    28.8900    17.9614     0.2982     4.6953 6.9429e+01    13.9963      0.229      0.332    23.3473 0.0000e+00
      0.233     -0.001    10.4944    123.363     28.798  27.844248    28.8900    17.9767     0.2982     4.6953 6.8947e+01    14.1020      0.229      0.332    23.3442 0.0000e+00
      0.233     -0.001    10.5052    123.339     28.749  27.797678    28.8900    17.9576     0.2982     4.6953 6.8232e+01    14.0114      0.229      0.331    23.3425 0.0000e+00
      0.233     -0.001    10.5115    123.308     28.726  27.775707    28.8900    17.9767     0.2982     4.6953 6.8247e+01    13.9963      0.228      0.331    23.3413 0.0000e+00
      0.232     -0.001    10.5137    123.266     28.740  27.790398    28.8900    17.9385     0.2982     4.6953 6.8054e+01    13.8603      0.228      0.331    23.3399 0.0000e+00
      0.232     -0.001    10.5132    123.206     28.778  27.827746    28.7100    17.9118     0.2982     4.5261 6.8395e+01    13.7848      0.228      0.331    23.3390 0.0000e+00
      0.232     -0.001    10.5111    123.129     28.816  27.865849    28.7100    17.9385     0.2982     4.5261 6.8693e+01    13.7697      0.228      0.330    23.3393 0.0000e+00
      0.232     -0.000    10.5081    123.051     28.857  27.904914    28.7100    17.9347     0.2982     4.5261 6.9173e+01    13.7697      0.228      0.330    23.3407 0.0000e+00
      0.232      0.000    10.5042    122.987     28.906  27.951373    28.7100    17.7669     0.2982     4.5261 6.9959e+01    13.8603      0.227      0.329    23.3426 0.0000e+00
      0.232      0.001    10.4987    122.935     28.951  27.993720    28.7100    17.8050     0.2982     4.4838 7.0401e+01    13.8603      0.227      0.329    23.3444 0.0000e+00
      0.232      0.001    10.4919    122.895     28.971  28.011387    28.7100    17.7974     0.2982     4.4838 7.0126e+01    13.7395      0.228      0.330    23.3455 0.0000e+00
      0.232      0.001    10.4854    122.881     28.966  28.005102    28.7100    17.8050     0.2982     4.4838 6.9097e+01    13.6941      0.228      0.330    23.3452 0.0000e+00
      0.233      0.001    10.4803    122.905     28.951  27.989120    28.7100    17.8966     0.2982     4.4838 6.8529e+01    13.8301      0.229      0.331    23.3433 0.0000e+00
      0.233      0.001    10.4764    122.963     28.920  27.959178    28.8000    17.9309     0.2556     4.6107 6.8499e+01    13.7243      0.229      0.332    23.3406 0.0000e+00
      0.234      0.001    10.4735    123.031     28.883  27.923223    28.8000    17.9118     0.2556     4.6107 6.8232e+01    13.7697      0.229      0.332    23.3379 0.0000e+00
      0.234      0.001    10.4727    123.082     28.856  27.899545    28.8000    17.9385     0.2556     4.6107 6.7745e+01    13.7092      0.230      0.332    23.3355 0.0000e+00
      0.234      0.001    10.4752    123.115     28.838  27.885813    28.8000    17.5342     0.2556     4.6107 6.7202e+01    13.7697      0.230      0.333    23.3336 0.0000e+00
      0.234      0.000    10.4803    123.162     28.825  27.878364    28.8000    17.5113     0.2556     4.6107 6.7027e+01    13.7848      0.230      0.333    23.3327 0.0000e+00
      0.234      0.000    10.4859    123.262     28.821  27.879196    28.6200    17.5609     0.2556     4.6530 6.7202e+01    13.7697      0.230      0.333    23.3337 0.0000e+00
      0.234      0.000    10.4896    123.422     28.814  27.876582    28.6200    17.5532     0.2556     4.6530 6.7774e+01    13.6639      0.230      0.333    23.3372 0.0000e+00
      0.234      0.000    10.4912    123.609     28.800  27.863853    28.6200    17.9156     0.2556     4.6530 6.8440e+01    13.7999      0.230      0.333    23.3433 0.0000e+00
      0.234      0.000    10.4935    123.775     28.788  27.851553    28.6200    17.9194     0.2556     4.6530 6.9022e+01    13.7092      0.230      0.333    23.3516 0.0000e+00
      0.234      0.000    10.5003    123.873     28.788  27.848350    28.8900    17.9042     0.2556     4.6530 6.9293e+01    13.8754      0.229      0.333    23.3603 0.0000e+00
      0.234      0.000    10.5126    123.866     28.806  27.861355    28.8900    17.8699     0.2556     4.6530 6.9173e+01    13.6790      0.229      0.332    23.3670 0.0000e+00
      0.233      0.000    10.5280    123.737     28.838  27.888061    28.8900    18.5260     0.2556     4.6530 6.9188e+01    13.7848      0.229      0.332    23.3696 0.0000e+00
      0.233      0.000    10.5425    123.512     28.865  27.909702    28.8900    18.5298     0.2556     4.6530 6.9173e+01    13.8603      0.229      0.332    23.3677 0.0000e+00
      0.234      0.000    10.5519    123.243     28.876  27.916120    28.9800    18.5107     0.2982     4.7799 6.9143e+01    13.9207      0.229      0.332    23.3627 0.0000e+00
      0.234      0.001    10.5527    122.976     28.884  27.920973    28.9800    18.5184     0.2982     4.7799 6.9037e+01    13.7092      0.229      0.332    23.3556 0.0000e+00
      0.234      0.001    10.5433    122.744     28.903  27.937502    28.9800    18.3810     0.2982     4.7799 6.9022e+01    13.7697      0.229      0.333    23.3475 0.0000e+00
      0.234      0.001    10.5257    122.579     28.907  27.940247    28.9800    18.4077     0.2982     4.7799 6.8918e+01    13.7092      0.230      0.333    23.3396 0.0000e+00
      0.235      0.001    10.5041    122.510     28.876  27.910024    28.8000    18.3887     0.2556     4.6530 6.8663e+01    13.7697      0.230      0.334    23.3329 0.0000e+00
      0.235      0.001    10.4824    122.532     28.848  27.882584    28.8000    18.3734     0.2556     4.6530 6.8262e+01    13.7243      0.231      0.334    23.3277 0.0000e+00
      0.235      0.001    10.4633    122.607     28.843  27.878488    28.8000    17.8470     0.2556     4.6530 6.8277e+01    13.5733      0.231      0.335    23.3241 0.0000e+00
      0.236      0.001    10.4497    122.695     28.851  27.886688    28.8000    17.8622     0.2556     4.6530 6.8336e+01    13.5431      0.231      0.335    23.3220 0.0000e+00
      0.236      0.000    10.4440    122.764     28.861  27.897423    28.8000    17.8431     0.2556     4.6530 6.8499e+01    13.5733      0.231      0.335    23.3211 0.0000e+00
      0.236      0.000    10.4458    122.806     28.859  27.897623    28.7100    17.8317     0.2556     4.7376 6.8499e+01    13.5129      0.231      0.335    23.3211 0.0000e+00
      0.236      0.000    10.4521    122.832     28.849  27.889335    28.7100    18.4154     0.2556     4.7376 6.8753e+01    13.5733      0.231      0.335    23.3218 0.0000e+00
      0.236      0.000    10.4593    122.853     28.847  27.888270    28.7100    18.3887     0.2556     4.7376 6.8544e+01    13.5733      0.231      0.335    23.3232 0.0000e+00
      0.236      0.000    10.4648    122.879     28.855  27.896135    28.7100    18.4001     0.2556     4.7376 6.8604e+01    13.5280      0.231      0.336    23.3255 0.0000e+00
      0.236      0.000    10.4678    122.907     28.856  27.897106    28.6200    18.4192     0.2556     4.7376 6.8470e+01    13.6035      0.231      0.336    23.3284 0.0000e+00
      0.236      0.000    10.4694    122.928     28.839  27.879494    28.6200    18.1750     0.2556     4.7376 6.8366e+01    13.5733      0.231      0.335    23.3311 0.0000e+00
      0.236      0.000    10.4710    122.937     28.821  27.860507    28.6200    18.0987     0.2556     4.7376 6.8202e+01    13.5884      0.231      0.335    23.3327 0.0000e+00
      0.236      0.000    10.4731    122.936     28.820  27.856986    28.6200    18.0797     0.2556     4.7376 6.8158e+01    13.5582      0.231      0.335    23.3332 0.0000e+00
      0.236      0.000    10.4755    122.930     28.824  27.858036    28.7100    18.1140     0.2556     4.8222 6.8559e+01    13.6488      0.231      0.335    23.3326 0.0000e+00
      0.236      0.000    10.4777    122.923     28.826  27.857962    28.7100    18.0835     0.2556     4.8222 6.8499e+01    13.6035      0.231      0.335    23.3306 0.0000e+00
      0.236      0.000    10.4792    122.918     28.824  27.856744    28.7100    18.3353     0.2556     4.8222 6.8499e+01    13.7848      0.231      0.335    23.3272 0.0000e+00
      0.236      0.000    10.4800    122.930     28.816  27.852065    28.7100    18.3276     0.2556     4.8222 6.8336e+01    13.7848      0.231      0.335    23.3227 0.0000e+00
      0.236      0.000    10.4804    122.969     28.813  27.854627    28.7100    18.3047     0.2556     4.8222 6.8410e+01    13.7395      0.231      0.335    23.3181 0.0000e+00
      0.236     -0.001    10.4803    123.035     28.820  27.869095    28.7100    18.3276     0.2556     4.8222 6.8604e+01    13.8603      0.231      0.334    23.3153 0.0000e+00
      0.235     -0.001    10.4797    123.121     28.825  27.883397    28.7100    17.4083     0.2556     4.8222 6.8366e+01    13.8452      0.231      0.334    23.3160 0.0000e+00
      0.235     -0.001    10.4798    123.219     28.817  27.883427    28.7100    17.4388     0.2556     4.8222 6.8559e+01    13.7546      0.230      0.334    23.3208 0.0000e+00
      0.235      0.000    10.4814    123.311     28.799  27.871183    28.7100    17.4121     0.2556     4.8222 6.8962e+01    13.7697      0.230      0.333    23.3301 0.0000e+00
      0.234      0.000    10.4843    123.374     28.794  27.867298    28.6200    17.4121     0.2982     4.5261 6.9112e+01    13.7395      0.230      0.333    23.3437 0.0000e+00
      0.234      0.001    10.4885    123.387     28.808  27.878700    28.6200    18.5222     0.2982     4.5261 6.9580e+01    13.9358      0.230      0.334    23.3598 0.0000e+00
      0.235      0.002    10.4939    123.338     28.824  27.888518    28.6200    18.5184     0.2982     4.5261 6.9883e+01    13.9056      0.230      0.334    23.3743 0.0000e+00
      0.235      0.002    10.4999    123.238     28.824  27.881445    28.6200    18.5184     0.2982     4.5261 7.0355e+01    13.8452      0.231      0.335    23.3837 0.0000e+00
      0.236      0.003    10.5048    123.121     28.820  27.869536    28.6200    18.5336     0.2556     4.5684 6.9959e+01    13.8301      0.232      0.336    23.3862 0.0000e+00
