Data/DataNotYetUploadedToEDI/Raw_CTD/RawDownloads/061625_fcr30_S7809003.cnv
* Sea-Bird SBE19plus  Data File:
* FileName = C:\R\Reservoirs\Data\DataNotYetUploadedToEDI\Raw_CTD\RawDownloads\061625_fcr10_S7809_0003.hex
* Software version 2.8.0.119
* Temperature SN = 7809
* Conductivity SN = 7809
* System UpLoad Time = Jun 16 2025 17:26:13
* <ApplicationData>
* <Seaterm232>
# nquan = 15
# nvalues = 2041                        
# units = specified
# name 0 = depFM: Depth [fresh water, m]
# name 1 = dz/dtM: Descent Rate [m/s]
# name 2 = sbeox0Mg/L: Oxygen, SBE 43 [mg/l]
# name 3 = sbeox0PS: Oxygen, SBE 43 [% saturation]
# name 4 = specc: Specific Conductance [uS/cm]
# name 5 = c0uS/cm: Conductivity [uS/cm]
# name 6 = flECO-AFL: Fluorescence, WET Labs ECO-AFL/FL [mg/m^3]
# name 7 = ph: pH
# name 8 = orp: Oxidation Reduction Potential [mV]
# name 9 = par/sat/log: PAR/Logarithmic, Satlantic
# name 10 = turbWETntu0: Turbidity, WET Labs ECO [NTU]
# name 11 = prdM: Pressure, Strain Gauge [db]
# name 12 = prdE: Pressure, Strain Gauge [psi]
# name 13 = tv290C: Temperature [ITS-90, deg C]
# name 14 = flag:  0.000e+00
# span 0 =     -0.631,      5.437       
# span 1 =     -0.371,      0.158       
# span 2 =     0.0388,    16.3186       
# span 3 =      0.374,    181.954       
# span 4 =      3.529,     60.311       
# span 5 =   3.329335,  45.769111       
# span 6 =    -0.1019,    38.1999       
# span 7 =      7.738,     11.366       
# span 8 =   -54.9682,   200.2920       
# span 9 = 1.2360e-01, 1.1416e+03       
# span 10 =     1.5056,   156.8149      
# span 11 =     -0.619,      5.332      
# span 12 =     -0.898,      7.734      
# span 13 =    10.6562,    24.8664      
# span 14 = 0.0000e+00, 0.0000e+00      
# interval = seconds: 0.25
# start_time = Jun 16 2025 11:27:02 [Instrument's time stamp, header]
# bad_flag = -9.990e-29
*END*
[from data line 1254]
      2.832      0.028     0.6726      4.436     38.093  30.508560    18.1598      9.278   159.5071 1.9840e+00     4.6925      2.779      4.030    15.0565 0.0000e+00
      2.834      0.023     0.6213      3.897     38.170  30.562869    17.6432      9.270   159.5723 1.9788e+00     4.6182      2.780      4.031    15.0507 0.0000e+00
      2.835      0.021     0.5661      3.446     38.285  30.640155    17.1874      9.261   159.6969 1.9777e+00     4.5782      2.781      4.033    15.0498 0.0000e+00
      2.839      0.021     0.5033      3.122     38.355  30.681794    17.0519      9.253   159.8945 1.9637e+00     4.6185      2.783      4.036    15.0473 0.0000e+00
      2.847      0.024     0.4464      2.909     38.366  30.685694    17.0197      9.245   159.9820 1.9334e+00     4.5595      2.791      4.047    15.0421 0.0000e+00
      2.856      0.026     0.3898      2.797     38.366  30.687301    16.7486      9.235   160.0673 1.9092e+00     4.3432      2.801      4.062    15.0359 0.0000e+00
      2.863      0.026     0.3411      2.725     38.380  30.701230    16.3126      9.226   160.2370 1.8942e+00     4.1893      2.808      4.073    15.0142 0.0000e+00
      2.870      0.025     0.3127      2.630     38.415  30.727245    16.1009      9.218   160.3126 1.8769e+00     4.1342      2.815      4.083    14.9869 0.0000e+00
      2.876      0.023     0.2884      2.524     38.450  30.748100    16.0534      9.209   160.3798 1.8528e+00     4.0866      2.822      4.093    14.9834 0.0000e+00
      2.881      0.021     0.2809      2.438     38.559  30.826496    15.7299      9.200   160.6191 1.8277e+00     3.9887      2.826      4.098    14.9898 0.0000e+00
      2.885      0.021     0.2770      2.397     38.758  30.977326    15.1703      9.192   160.7966 1.8093e+00     3.8730      2.828      4.102    14.9943 0.0000e+00
      2.890      0.020     0.2651      2.396     38.859  31.049310    14.8881      9.184   160.8064 1.7989e+00     3.9172      2.833      4.109    14.9951 0.0000e+00
      2.896      0.019     0.2544      2.404     38.805  30.999046    14.8647      9.175   160.8229 1.7921e+00     3.9087      2.840      4.119    14.9807 0.0000e+00
      2.902      0.019     0.2437      2.406     38.816  31.003937    14.7287      9.167   160.9101 1.7791e+00     3.5996      2.847      4.129    14.9674 0.0000e+00
      2.906      0.019     0.2405      2.408     38.951  31.108437    14.4920      9.157   161.0869 1.7688e+00     3.2877      2.851      4.135    14.9594 0.0000e+00
      2.910      0.018     0.2417      2.393     39.053  31.184130    14.3753      9.148   161.2399 1.7702e+00     3.2807      2.853      4.138    14.9472 0.0000e+00
      2.915      0.017     0.2434      2.353     39.108  31.221327    14.3668      9.139   161.2968 1.7647e+00     3.4465      2.857      4.144    14.9374 0.0000e+00
      2.920      0.016     0.2422      2.284     39.142  31.240994    14.0804      9.130   161.4312 1.7478e+00     3.4475      2.863      4.153    14.9336 0.0000e+00
      2.924      0.015     0.2439      2.176     39.141  31.231605    13.5099      9.122   161.6595 1.7381e+00     3.2931      2.868      4.160    14.9312 0.0000e+00
      2.928      0.015     0.2428      2.066     39.153  31.234674    13.2029      9.113   161.8205 1.7379e+00     3.2878      2.871      4.165    14.9219 0.0000e+00
      2.931      0.015     0.2379      1.956     39.215  31.278093    13.1905      9.105   161.9157 1.7325e+00     3.4520      2.873      4.168    14.9129 0.0000e+00
      2.934      0.015     0.2336      1.833     39.265  31.312517    13.1858      9.095   162.0357 1.7245e+00     3.5355      2.877      4.172    14.9036 0.0000e+00
      2.937      0.016     0.2191      1.717     39.293  31.333698    13.1539      9.086   162.1523 1.7146e+00     3.4436      2.880      4.178    14.8913 0.0000e+00
      2.942      0.016     0.2083      1.619     39.382  31.407321    13.1128      9.078   162.2940 1.6931e+00     3.2640      2.885      4.185    14.8841 0.0000e+00
      2.947      0.016     0.1991      1.530     39.505  31.504872    13.1135      9.069   162.4583 1.6817e+00     3.2418      2.889      4.191    14.8767 0.0000e+00
      2.952      0.016     0.1846      1.462     39.584  31.561617    13.1378      9.060   162.5902 1.6713e+00     3.3804      2.895      4.198    14.8670 0.0000e+00
      2.956      0.015     0.1728      1.423     39.624  31.585915    13.0652      9.051   162.7707 1.6467e+00     3.4032      2.900      4.205    14.8658 0.0000e+00
      2.959      0.014     0.1637      1.400     39.658  31.608331    12.8928      9.042   163.0057 1.6464e+00     3.2784      2.902      4.209    14.8734 0.0000e+00
      2.962      0.014     0.1539      1.390     39.703  31.642332    12.7760      9.033   163.1938 1.6536e+00     3.1349      2.905      4.213    14.8735 0.0000e+00
      2.965      0.014     0.1464      1.381     39.754  31.679829    12.7601      9.025   163.3246 1.6334e+00     3.1374      2.908      4.218    14.8637 0.0000e+00
      2.968      0.014     0.1440      1.368     39.844  31.744510    12.6836      9.016   163.4686 1.6125e+00     3.3084      2.911      4.221    14.8513 0.0000e+00
      2.972      0.015     0.1407      1.349     39.992  31.853425    12.4839      9.009   163.5577 1.6051e+00     3.3579      2.914      4.227    14.8449 0.0000e+00
      2.977      0.016     0.1407      1.309     40.164  31.981693    12.3349      9.002   163.6278 1.6000e+00     3.1886      2.920      4.235    14.8468 0.0000e+00
      2.981      0.016     0.1401      1.260     40.312  32.090034    12.2882      8.992   163.8000 1.5954e+00     3.0383      2.924      4.240    14.8428 0.0000e+00
      2.984      0.016     0.1380      1.223     40.398  32.148328    12.2028      8.983   163.9190 1.5934e+00     3.0783      2.926      4.244    14.8320 0.0000e+00
      2.989      0.016     0.1379      1.178     40.450  32.179001    12.0595      8.976   163.9480 1.5883e+00     3.1934      2.931      4.251    14.8218 0.0000e+00
      2.993      0.016     0.1330      1.118     40.501  32.207130    11.9627      8.969   164.0650 1.5768e+00     3.1657      2.935      4.257    14.8107 0.0000e+00
      2.997      0.016     0.1264      1.062     40.552  32.234657    11.9144      8.959   164.2154 1.5634e+00     3.0855      2.939      4.263    14.7985 0.0000e+00
      3.001      0.016     0.1245      1.017     40.597  32.258055    11.8417      8.950   164.3035 1.5536e+00     3.0433      2.943      4.269    14.7869 0.0000e+00
      3.005      0.016     0.1203      0.982     40.662  32.299700    11.7655      8.941   164.4414 1.5470e+00     2.9971      2.947      4.274    14.7731 0.0000e+00
      3.008      0.016     0.1128      0.935     40.744  32.357530    11.7587      8.932   164.5929 1.5379e+00     2.9710      2.950      4.278    14.7573 0.0000e+00
      3.012      0.015     0.1072      0.870     40.787  32.386299    11.7602      8.924   164.6729 1.5304e+00     2.9333      2.954      4.284    14.7418 0.0000e+00
      3.017      0.014     0.1027      0.818     40.802  32.393778    11.7254      8.916   164.8054 1.5221e+00     2.9500      2.958      4.291    14.7259 0.0000e+00
      3.021      0.013     0.0999      0.789     40.878  32.447957    11.7290      8.907   164.9913 1.5074e+00     3.0708      2.963      4.297    14.7130 0.0000e+00
      3.025      0.011     0.0965      0.755     40.997  32.533831    11.7628      8.898   165.1991 1.5051e+00     3.1644      2.967      4.303    14.7033 0.0000e+00
      3.027      0.010     0.0875      0.710     41.019  32.543892    11.7763      8.889   165.4255 1.5066e+00     3.1589      2.969      4.306    14.6976 0.0000e+00
      3.028      0.011     0.0813      0.678     41.058  32.569607    11.7581      8.880   165.4910 1.4973e+00     3.0731      2.969      4.306    14.6939 0.0000e+00
      3.029      0.016     0.0811      0.668     41.415  32.844732    11.7841      8.872   165.4750 1.4957e+00     3.0492      2.970      4.308    14.6867 0.0000e+00
      3.031      0.022     0.0773      0.670     41.893  33.205832    11.9080      8.862   165.6626 1.4925e+00     3.1436      2.973      4.312    14.6753 0.0000e+00
      3.036      0.028     0.0713      0.661     42.152  33.382861    11.9994      8.853   166.0381 1.4760e+00     3.1205      2.975      4.314    14.6636 0.0000e+00
      3.046      0.030     0.0679      0.638     42.287  33.462516    11.9895      8.845   166.4011 1.4525e+00     3.0088      2.983      4.326    14.6592 0.0000e+00
      3.062      0.030     0.0673      0.630     42.480  33.597907    11.7391      8.837   166.6975 1.4238e+00     2.9547      3.003      4.358    14.6554 0.0000e+00
      3.075      0.026     0.0683      0.633     42.843  33.877843    11.2775      8.828   166.8684 1.4002e+00     2.9448      3.018      4.378    14.6332 0.0000e+00
      3.079      0.021     0.0685      0.611     43.234  34.182509    11.0434      8.819   166.8320 1.3886e+00     3.0256      3.020      4.380    14.5948 0.0000e+00
      3.078      0.014     0.0636      0.572     43.474  34.363119    11.0480      8.810   166.6877 1.3911e+00     3.0097      3.019      4.379    14.5580 0.0000e+00
      3.078      0.009     0.0633      0.556     43.629  34.475409    10.9423      8.801   166.5866 1.3994e+00     2.8550      3.017      4.376    14.5362 0.0000e+00
      3.079      0.008     0.0662      0.546     43.866  34.651931    10.7223      8.793   166.5556 1.3920e+00     2.7948      3.019      4.378    14.5335 0.0000e+00
      3.081      0.012     0.0633      0.532     44.368  35.038136    10.6098      8.785   166.5711 1.3735e+00     2.8970      3.021      4.382    14.5309 0.0000e+00
      3.084      0.018     0.0565      0.545     45.090  35.591844    10.6068      8.776   166.6020 1.3657e+00     3.0663      3.024      4.386    14.5193 0.0000e+00
      3.088      0.024     0.0563      0.564     45.658  36.016968    10.5271      8.767   166.6712 1.3643e+00     2.9960      3.027      4.390    14.5050 0.0000e+00
      3.096      0.028     0.0572      0.572     45.817  36.117399    10.3542      8.759   166.8058 1.3432e+00     2.6963      3.034      4.400    14.4938 0.0000e+00
      3.106      0.029     0.0516      0.581     45.751  36.044713    10.2557      8.752   166.8527 1.3079e+00     2.5514      3.046      4.418    14.4851 0.0000e+00
      3.117      0.029     0.0560      0.580     45.663  35.962976    10.2345      8.745   166.8934 1.2864e+00     2.6444      3.059      4.436    14.4671 0.0000e+00
      3.125      0.027     0.0585      0.578     45.578  35.890536    10.0731      8.736   167.0409 1.2785e+00     2.7964      3.066      4.447    14.4400 0.0000e+00
      3.130      0.022     0.0573      0.574     45.551  35.866811     9.7692      8.728   167.1728 1.2769e+00     2.7834      3.070      4.453    14.4090 0.0000e+00
      3.134      0.017     0.0609      0.559     45.552  35.866458     9.5817      8.721   167.2836 1.2721e+00     2.6237      3.073      4.458    14.3848 0.0000e+00
      3.138      0.013     0.0586      0.540     45.578  35.886263     9.5624      8.714   167.3486 1.2607e+00     2.6078      3.076      4.463    14.3738 0.0000e+00
      3.140      0.011     0.0589      0.520     45.700  35.979372     9.5767      8.707   167.3552 1.2575e+00     2.6947      3.079      4.466    14.3682 0.0000e+00
      3.142      0.010     0.0595      0.515     45.784  36.040452     9.5807      8.701   167.3646 1.2603e+00     2.7177      3.081      4.470    14.3657 0.0000e+00
      3.144      0.009     0.0567      0.514     45.807  36.053709     9.5774      8.693   167.4624 1.2563e+00     2.7141      3.083      4.472    14.3656 0.0000e+00
      3.147      0.009     0.0558      0.494     45.921  36.139658     9.5611      8.683   167.6770 1.2481e+00     2.6510      3.086      4.474    14.3654 0.0000e+00
      3.150      0.010     0.0521      0.476     46.073  36.254769     9.5591      8.675   167.8077 1.2452e+00     2.6724      3.089      4.480    14.3625 0.0000e+00
      3.152      0.010     0.0522      0.492     46.224  36.366813     9.4857      8.669   167.8382 1.2401e+00     2.8360      3.091      4.484    14.3550 0.0000e+00
      3.153      0.010     0.0538      0.520     46.459  36.542577     9.3066      8.661   167.8734 1.2283e+00     2.9214      3.092      4.485    14.3485 0.0000e+00
      3.156      0.011     0.0509      0.530     46.714  36.730109     9.1915      8.654   167.8897 1.2178e+00     2.8518      3.096      4.489    14.3468 0.0000e+00
      3.160      0.012     0.0464      0.532     46.815  36.794072     9.1427      8.646   167.9484 1.2105e+00     2.7114      3.099      4.495    14.3426 0.0000e+00
      3.162      0.014     0.0497      0.535     46.848  36.808301     8.9912      8.639   168.0669 1.2089e+00     2.7268      3.101      4.498    14.3343 0.0000e+00
      3.165      0.016     0.0550      0.537     46.978  36.902134     8.7487      8.633   168.2044 1.2127e+00     2.8666      3.104      4.502    14.3257 0.0000e+00
      3.170      0.019     0.0540      0.536     47.164  37.040228     8.6171      8.625   168.2347 1.2170e+00     2.8990      3.108      4.508    14.3121 0.0000e+00
      3.175      0.023     0.0548      0.525     47.316  37.145425     8.5818      8.615   168.0891 1.2153e+00     2.8117      3.113      4.516    14.2929 0.0000e+00
      3.181      0.026     0.0546      0.505     47.363  37.158765     8.4052      8.606   167.9071 1.2012e+00     2.6650      3.119      4.523    14.2784 0.0000e+00
      3.188      0.028     0.0553      0.492     47.370  37.138031     8.1305      8.599   167.7540 1.1721e+00     2.6623      3.126      4.533    14.2721 0.0000e+00
      3.198      0.028     0.0552      0.488     47.410  37.148527     8.0070      8.591   167.5288 1.1381e+00     2.8128      3.136      4.549    14.2670 0.0000e+00
      3.208      0.027     0.0547      0.484     47.439  37.158729     7.9769      8.584   167.1623 1.1265e+00     2.7768      3.147      4.564    14.2535 0.0000e+00
      3.213      0.026     0.0513      0.488     47.415  37.134459     7.8416      8.577   166.8518 1.1300e+00     2.5333      3.152      4.571    14.2256 0.0000e+00
      3.218      0.023     0.0499      0.500     47.388  37.108905     7.6445      8.571   166.6130 1.1245e+00     2.3635      3.154      4.575    14.1940 0.0000e+00
      3.223      0.021     0.0506      0.505     47.389  37.103573     7.5660      8.563   166.2545 1.1162e+00     2.4322      3.160      4.584    14.1714 0.0000e+00
      3.228      0.019     0.0491      0.506     47.356  37.069977     7.5911      8.556   165.8720 1.1062e+00     2.6120      3.167      4.594    14.1595 0.0000e+00
      3.233      0.019     0.0497      0.510     47.300  37.019964     7.5744      8.550   165.5164 1.0930e+00     2.5901      3.171      4.598    14.1545 0.0000e+00
      3.238      0.019     0.0519      0.487     47.285  37.006506     7.4214      8.544   165.1383 1.0834e+00     2.4755      3.175      4.605    14.1525 0.0000e+00
      3.243      0.020     0.0526      0.468     47.323  37.034174     7.1985      8.538   164.7418 1.0812e+00     2.5236      3.181      4.614    14.1463 0.0000e+00
      3.247      0.021     0.0505      0.480     47.417  37.100674     7.1020      8.531   164.3356 1.0690e+00     2.6259      3.184      4.618    14.1344 0.0000e+00
      3.251      0.024     0.0550      0.487     47.611  37.239449     7.1034      8.524   163.9266 1.0505e+00     2.7216      3.187      4.622    14.1287 0.0000e+00
      3.257      0.026     0.0498      0.478     47.816  37.379497     6.9564      8.518   163.4963 1.0509e+00     2.6900      3.193      4.631    14.1284 0.0000e+00
      3.265      0.028     0.0453      0.466     47.949  37.461388     6.6730      8.513   163.0912 1.0479e+00     2.5503      3.201      4.644    14.1266 0.0000e+00
