Data/DataNotYetUploadedToEDI/Raw_CTD/RawDownloads/061625_fcr30_S7809003.cnv
* Sea-Bird SBE19plus  Data File:
* FileName = C:\R\Reservoirs\Data\DataNotYetUploadedToEDI\Raw_CTD\RawDownloads\061625_fcr10_S7809_0003.hex
* Software version 2.8.0.119
* Temperature SN = 7809
* Conductivity SN = 7809
* System UpLoad Time = Jun 16 2025 17:26:13
* <ApplicationData>
* <Seaterm232>
# nquan = 15
# nvalues = 2041                        
# units = specified
# name 0 = depFM: Depth [fresh water, m]
# name 1 = dz/dtM: Descent Rate [m/s]
# name 2 = sbeox0Mg/L: Oxygen, SBE 43 [mg/l]
# name 3 = sbeox0PS: Oxygen, SBE 43 [% saturation]
# name 4 = specc: Specific Conductance [uS/cm]
# name 5 = c0uS/cm: Conductivity [uS/cm]
# name 6 = flECO-AFL: Fluorescence, WET Labs ECO-AFL/FL [mg/m^3]
# name 7 = ph: pH
# name 8 = orp: Oxidation Reduction Potential [mV]
# name 9 = par/sat/log: PAR/Logarithmic, Satlantic
# name 10 = turbWETntu0: Turbidity, WET Labs ECO [NTU]
# name 11 = prdM: Pressure, Strain Gauge [db]
# name 12 = prdE: Pressure, Strain Gauge [psi]
# name 13 = tv290C: Temperature [ITS-90, deg C]
# name 14 = flag:  0.000e+00
# span 0 =     -0.631,      5.437       
# span 1 =     -0.371,      0.158       
# span 2 =     0.0388,    16.3186       
# span 3 =      0.374,    181.954       
# span 4 =      3.529,     60.311       
# span 5 =   3.329335,  45.769111       
# span 6 =    -0.1019,    38.1999       
# span 7 =      7.738,     11.366       
# span 8 =   -54.9682,   200.2920       
# span 9 = 1.2360e-01, 1.1416e+03       
# span 10 =     1.5056,   156.8149      
# span 11 =     -0.619,      5.332      
# span 12 =     -0.898,      7.734      
# span 13 =    10.6562,    24.8664      
# span 14 = 0.0000e+00, 0.0000e+00      
# interval = seconds: 0.25
# start_time = Jun 16 2025 11:27:02 [Instrument's time stamp, header]
# bad_flag = -9.990e-29
*END*
[from data line 482]
      0.635      0.012     8.3051     98.261     32.288  31.277172     4.9357     10.050   113.1500 9.4007e+01     9.3825      0.623      0.903    23.4416 0.0000e+00
      0.638      0.014     8.3234     98.294     32.288  31.269863     4.8688     10.046   113.6491 9.3172e+01     9.3163      0.626      0.908    23.4397 0.0000e+00
      0.643      0.014     8.3484     98.376     32.276  31.250130     4.8653     10.042   114.0995 9.2174e+01     9.3973      0.630      0.914    23.4395 0.0000e+00
      0.648      0.013     8.3601     98.441     32.260  31.228870     4.9094     10.038   114.5524 9.1162e+01     9.5427      0.636      0.922    23.4372 0.0000e+00
      0.652      0.012     8.3583     98.435     32.236  31.203101     4.9358     10.035   115.0804 9.0428e+01     9.5711      0.639      0.927    23.4311 0.0000e+00
      0.654      0.010     8.3615     98.385     32.225  31.192306     4.9424     10.032   115.5795 8.9940e+01     9.4683      0.641      0.930    23.4181 0.0000e+00
      0.655      0.008     8.3740     98.349     32.259  31.225216     4.9486     10.030   116.0272 8.9622e+01     9.3925      0.642      0.932    23.4046 0.0000e+00
      0.657      0.006     8.3835     98.374     32.320  31.283846     4.9683     10.026   116.5353 8.9412e+01     9.4398      0.644      0.934    23.3941 0.0000e+00
      0.658      0.004     8.3816     98.431     32.371  31.330278     4.9888     10.022   116.9916 8.9254e+01     9.5966      0.645      0.936    23.3902 0.0000e+00
      0.659      0.004     8.3760     98.437     32.455  31.405999     4.9639     10.019   117.3284 8.9302e+01     9.6826      0.646      0.937    23.3913 0.0000e+00
      0.660      0.005     8.3705     98.394     32.561  31.501586     4.9162     10.017   117.5951 8.9506e+01     9.6939      0.647      0.939    23.3932 0.0000e+00
      0.660      0.006     8.3730     98.370     32.602  31.534466     4.9113     10.013   117.8071 8.9693e+01     9.7674      0.648      0.939    23.3928 0.0000e+00
      0.661      0.008     8.3837     98.435     32.625  31.549794     4.9718     10.009   117.9995 8.9664e+01     9.8530      0.648      0.940    23.3865 0.0000e+00
      0.664      0.010     8.3847     98.608     32.706  31.623475     5.0487     10.007   118.2869 8.9288e+01     9.8747      0.650      0.943    23.3776 0.0000e+00
      0.667      0.012     8.3798     98.778     32.816  31.727540     5.0676     10.005   118.6149 8.8757e+01     9.7917      0.654      0.949    23.3684 0.0000e+00
      0.671      0.012     8.3778     98.785     32.887  31.793047     5.0414     10.002   118.9530 8.8161e+01     9.6702      0.658      0.955    23.3572 0.0000e+00
      0.675      0.012     8.3830     98.642     32.880  31.781143     5.0154     10.000   119.3641 8.7527e+01     9.7712      0.662      0.961    23.3453 0.0000e+00
      0.679      0.011     8.4026     98.488     32.876  31.773917     4.9694      9.998   119.7134 8.6946e+01     9.9879      0.666      0.966    23.3394 0.0000e+00
      0.682      0.010     8.4248     98.340     32.938  31.832537     4.9343      9.997   119.9933 8.6381e+01    10.0022      0.669      0.970    23.3375 0.0000e+00
      0.684      0.008     8.4255     98.127     32.963  31.855549     4.9329      9.995   120.3387 8.5863e+01     9.9440      0.670      0.972    23.3318 0.0000e+00
      0.685      0.007     8.4076     97.896     32.905  31.798405     4.9273      9.992   120.7057 8.5393e+01    10.0360      0.671      0.973    23.3228 0.0000e+00
      0.686      0.006     8.3953     97.730     32.881  31.775980     4.9413      9.989   121.0756 8.4961e+01    10.2260      0.673      0.976    23.3166 0.0000e+00
      0.687      0.005     8.3883     97.600     32.942  31.838152     4.9524      9.987   121.5425 8.4681e+01    10.2590      0.674      0.978    23.3142 0.0000e+00
      0.689      0.004     8.3675     97.483     33.022  31.915753     4.9284      9.985   121.9626 8.4512e+01    10.1285      0.676      0.981    23.3134 0.0000e+00
      0.691      0.003     8.3434     97.428     33.130  32.016450     4.9096      9.983   122.1971 8.4505e+01    10.0483      0.678      0.983    23.3122 0.0000e+00
      0.691      0.003     8.3319     97.439     33.291  32.167545     4.9242      9.980   122.3127 8.4756e+01    10.0067      0.678      0.984    23.3133 0.0000e+00
      0.691      0.004     8.3212     97.437     33.417  32.283561     4.9726      9.977   122.4135 8.5132e+01     9.9332      0.678      0.984    23.3200 0.0000e+00
      0.691      0.005     8.3078     97.362     33.417  32.277298     5.0033      9.975   122.5561 8.5406e+01     9.8092      0.677      0.982    23.3216 0.0000e+00
      0.691      0.007     8.3037     97.266     33.363  32.218679     4.9868      9.974   122.6599 8.5336e+01     9.6681      0.677      0.982    23.3151 0.0000e+00
      0.693      0.009     8.3095     97.221     33.360  32.209179     5.0318      9.971   122.7224 8.4874e+01     9.6286      0.680      0.985    23.3064 0.0000e+00
      0.698      0.009     8.3134     97.205     33.383  32.225862     5.1560      9.969   122.8812 8.4057e+01     9.6721      0.684      0.991    23.2983 0.0000e+00
      0.703      0.008     8.3058     97.121     33.391  32.230070     5.2245      9.968   123.2032 8.3185e+01     9.6819      0.690      1.000    23.2900 0.0000e+00
      0.706      0.006     8.2959     96.947     33.359  32.196615     5.2275      9.966   123.6039 8.2664e+01     9.5774      0.693      1.006    23.2797 0.0000e+00
      0.707      0.004     8.2943     96.727     33.300  32.138553     5.1749      9.964   123.9407 8.2557e+01     9.4327      0.694      1.006    23.2689 0.0000e+00
      0.706      0.003     8.2992     96.495     33.260  32.098987     5.0954      9.962   124.1782 8.2741e+01     9.4682      0.692      1.004    23.2609 0.0000e+00
      0.703      0.004     8.2934     96.260     33.259  32.098842     5.0828      9.959   124.3247 8.2853e+01     9.6317      0.689      1.000    23.2537 0.0000e+00
      0.702      0.006     8.2765     96.027     33.297  32.136811     5.1048      9.956   124.3356 8.2690e+01     9.7017      0.687      0.997    23.2504 0.0000e+00
      0.705      0.008     8.2574     95.845     33.338  32.177432     5.1126      9.954   124.4816 8.2070e+01     9.6659      0.690      1.001    23.2498 0.0000e+00
      0.711      0.009     8.2374     95.761     33.370  32.209369     5.1188      9.953   124.9710 8.1047e+01     9.6085      0.696      1.009    23.2476 0.0000e+00
      0.716      0.009     8.2178     95.712     33.432  32.269199     5.1376      9.952   125.4348 8.0331e+01     9.6568      0.704      1.020    23.2500 0.0000e+00
      0.719      0.010     8.1954     95.572     33.497  32.329885     5.1733      9.950   125.6159 8.0221e+01     9.8061      0.708      1.027    23.2527 0.0000e+00
      0.718      0.012     8.1773     95.377     33.482  32.308734     5.1926      9.946   125.6121 8.0420e+01     9.8081      0.705      1.022    23.2537 0.0000e+00
      0.717      0.015     8.1710     95.237     33.448  32.267216     5.2708      9.942   125.5616 8.0365e+01     9.7141      0.701      1.017    23.2566 0.0000e+00
      0.719      0.018     8.1743     95.150     33.465  32.271954     5.4532      9.938   125.5216 7.9471e+01     9.7637      0.703      1.019    23.2570 0.0000e+00
      0.727      0.019     8.1603     95.044     33.442  32.239124     5.5921      9.936   125.4721 7.7835e+01     9.9295      0.711      1.031    23.2529 0.0000e+00
      0.738      0.019     8.1392     94.859     33.397  32.187439     5.6523      9.933   125.4788 7.6287e+01    10.0783      0.724      1.051    23.2448 0.0000e+00
      0.747      0.017     8.1307     94.554     33.435  32.217975     5.7230      9.929   125.5167 7.5576e+01     9.9237      0.736      1.066    23.2311 0.0000e+00
      0.751      0.013     8.1292     94.143     33.519  32.291140     5.8136      9.925   125.5002 7.5641e+01     9.5287      0.738      1.071    23.2107 0.0000e+00
      0.749      0.008     8.1246     93.708     33.548  32.310796     5.8580      9.923   125.5371 7.5843e+01     9.2992      0.734      1.065    23.1937 0.0000e+00
      0.747      0.004     8.1111     93.212     33.509  32.265302     5.8770      9.920   125.6194 7.5783e+01     9.2665      0.731      1.060    23.1836 0.0000e+00
      0.747      0.001     8.0881     92.597     33.433  32.185132     5.9269      9.917   125.6345 7.5513e+01     9.3384      0.732      1.061    23.1740 0.0000e+00
      0.749      0.001     8.0480     91.969     33.350  32.102713     5.9616      9.913   125.7194 7.5261e+01     9.3832      0.735      1.065    23.1633 0.0000e+00
      0.751      0.002     8.0155     91.430     33.339  32.093469     5.9475      9.910   125.9584 7.5183e+01     9.3979      0.737      1.069    23.1522 0.0000e+00
      0.751      0.003     7.9799     91.003     33.449  32.200240     5.9470      9.908   126.2012 7.5327e+01     9.5163      0.737      1.069    23.1386 0.0000e+00
      0.750      0.004     7.9226     90.713     33.570  32.315232     6.0220      9.905   126.3321 7.5557e+01     9.5846      0.736      1.067    23.1246 0.0000e+00
      0.750      0.005     7.8664     90.552     33.603  32.341938     6.1141      9.901   126.4219 7.5581e+01     9.4721      0.735      1.066    23.1217 0.0000e+00
      0.751      0.006     7.8205     90.499     33.599  32.332816     6.1375      9.899   126.5989 7.5351e+01     9.3176      0.736      1.067    23.1255 0.0000e+00
      0.754      0.007     7.7815     90.535     33.600  32.331812     6.1207      9.898   126.7509 7.5009e+01     9.2537      0.739      1.073    23.1299 0.0000e+00
      0.758      0.008     7.7572     90.586     33.599  32.329789     6.2437      9.895   126.8842 7.4669e+01     9.1784      0.743      1.078    23.1302 0.0000e+00
      0.760      0.009     7.7466     90.646     33.577  32.308359     6.4931      9.891   127.0913 7.4371e+01     8.9542      0.746      1.082    23.1183 0.0000e+00
      0.762      0.009     7.7419     90.784     33.531  32.263018     6.6309      9.890   127.1897 7.4054e+01     8.7629      0.747      1.084    23.1086 0.0000e+00
      0.763      0.008     7.7500     90.990     33.495  32.225638     6.6536      9.888   127.2136 7.3652e+01     8.7099      0.748      1.085    23.1067 0.0000e+00
      0.765      0.008     7.7550     91.219     33.515  32.237030     6.6587      9.884   127.2944 7.3121e+01     8.7915      0.750      1.088    23.1055 0.0000e+00
      0.767      0.009     7.7551     91.434     33.565  32.273876     6.6758      9.881   127.3928 7.2539e+01     9.0323      0.752      1.091    23.1042 0.0000e+00
      0.770      0.009     7.7694     91.606     33.595  32.290487     6.6775      9.879   127.5418 7.2043e+01     9.1277      0.755      1.095    23.1043 0.0000e+00
      0.773      0.008     7.7885     91.780     33.625  32.310985     6.6384      9.877   127.7199 7.1656e+01     8.9882      0.758      1.100    23.1021 0.0000e+00
      0.775      0.007     7.8103     92.045     33.656  32.331389     6.6102      9.873   127.9117 7.1466e+01     8.8837      0.760      1.103    23.0903 0.0000e+00
      0.777      0.006     7.8340     92.349     33.681  32.346859     6.5947      9.870   128.0539 7.1439e+01     8.8886      0.762      1.105    23.0696 0.0000e+00
      0.778      0.005     7.8500     92.524     33.714  32.371134     6.5764      9.868   128.1487 7.1407e+01     8.9450      0.763      1.106    23.0508 0.0000e+00
      0.779      0.005     7.8621     92.573     33.718  32.371138     6.5547      9.865   128.3688 7.1355e+01     8.9160      0.764      1.108    23.0406 0.0000e+00
      0.780      0.005     7.8868     92.611     33.692  32.346903     6.5242      9.862   128.5644 7.1307e+01     8.7774      0.764      1.108    23.0277 0.0000e+00
      0.781      0.005     7.9257     92.675     33.668  32.331861     6.5736      9.860   128.7071 7.1284e+01     8.8071      0.766      1.111    23.0114 0.0000e+00
      0.783      0.005     7.9402     92.782     33.645  32.316156     6.7105      9.857   128.9757 7.1251e+01     9.0361      0.768      1.114    23.0016 0.0000e+00
      0.784      0.005     7.9392     92.916     33.611  32.283901     6.7890      9.854   129.2317 7.1159e+01     9.1883      0.769      1.115    22.9946 0.0000e+00
      0.785      0.004     7.9442     93.050     33.588  32.259057     6.7830      9.852   129.4783 7.1053e+01     9.1446      0.769      1.116    22.9937 0.0000e+00
      0.786      0.003     7.9450     93.190     33.602  32.269522     6.8125      9.850   129.7211 7.0876e+01     8.9860      0.770      1.117    23.0101 0.0000e+00
      0.787      0.003     7.9533     93.356     33.618  32.283554     6.9200      9.848   129.7582 7.0586e+01     8.9106      0.771      1.119    23.0245 0.0000e+00
      0.788      0.002     7.9667     93.556     33.571  32.238398     7.0012      9.845   129.7545 7.0341e+01     8.9498      0.772      1.120    23.0211 0.0000e+00
      0.788      0.002     7.9785     93.805     33.495  32.167611     7.0294      9.842   129.8475 7.0204e+01     8.9814      0.773      1.121    23.0152 0.0000e+00
      0.788      0.002     7.9898     94.098     33.448  32.125496     7.0198      9.840   129.8506 7.0110e+01     8.8829      0.773      1.121    23.0123 0.0000e+00
      0.788      0.002     8.0049     94.320     33.433  32.109825     6.9758      9.838   129.7924 7.0009e+01     8.6473      0.772      1.120    23.0083 0.0000e+00
      0.788      0.003     8.0219     94.395     33.435  32.105010     6.9713      9.836   129.8314 6.9904e+01     8.5580      0.773      1.121    23.0085 0.0000e+00
      0.789      0.005     8.0406     94.425     33.402  32.067260     7.0075      9.835   129.9786 6.9806e+01     8.6228      0.773      1.122    23.0119 0.0000e+00
      0.791      0.005     8.0704     94.529     33.371  32.034010     7.0060      9.834   130.1946 6.9653e+01     8.5773      0.775      1.125    23.0178 0.0000e+00
      0.792      0.005     8.0934     94.713     33.427  32.083608     6.9451      9.831   130.3782 6.9423e+01     8.5206      0.777      1.127    23.0196 0.0000e+00
      0.795      0.004     8.0965     94.920     33.512  32.159446     6.8783      9.828   130.4780 6.9263e+01     8.5866      0.780      1.131    23.0041 0.0000e+00
      0.797      0.003     8.0966     95.179     33.550  32.189705     6.8646      9.824   130.6273 6.9243e+01     8.7258      0.782      1.134    22.9921 0.0000e+00
      0.797      0.002     8.1057     95.652     33.568  32.195701     6.8953      9.822   130.8066 6.9262e+01     8.8712      0.781      1.133    22.9925 0.0000e+00
      0.796      0.002     8.1258     96.502     33.623  32.231925     6.9087      9.820   130.9250 6.9317e+01     8.8408      0.781      1.133    22.9848 0.0000e+00
      0.796      0.003     8.1453     97.774     33.722  32.310477     6.8937      9.818   131.0261 6.9288e+01     8.7006      0.780      1.131    22.9743 0.0000e+00
      0.797      0.004     8.1611     99.365     33.810  32.384186     6.8886      9.816   131.1688 6.9023e+01     8.6108      0.780      1.132    22.9708 0.0000e+00
      0.798      0.005     8.1991    101.064     33.860  32.425292     6.9137      9.813   131.2743 6.8625e+01     8.5749      0.782      1.135    22.9558 0.0000e+00
      0.801      0.006     8.2746    102.641     33.867  32.426837     6.9884      9.810   131.2692 6.8213e+01     8.6415      0.786      1.140    22.9250 0.0000e+00
      0.804      0.006     8.3921    103.999     33.847  32.402859     7.0688      9.807   131.3648 6.7883e+01     8.6985      0.789      1.144    22.8993 0.0000e+00
      0.805      0.005     8.5377    105.193     33.835  32.389134     7.0867      9.805   131.5698 6.7694e+01     8.7861      0.789      1.144    22.8831 0.0000e+00
      0.805      0.004     8.6934    106.246     33.839  32.387761     7.0960      9.804   131.6831 6.7630e+01     8.9492      0.789      1.145    22.8754 0.0000e+00
