Data/DataNotYetUploadedToEDI/Raw_CTD/RawDownloads/061621_bvr_50_0001.cnv
* Sea-Bird SBE19plus  Data File:
* FileName = C:\R\Reservoirs\Data\DataNotYetUploadedToEDI\Raw_CTD\RawDownloads\061621_bvr_50_0001.hex
* Software version 2.8.0.119
* Temperature SN = 7809
* Conductivity SN = 7809
* System UpLoad Time = Jun 16 2021 15:08:36
* <ApplicationData>
* <Seaterm232>
# nquan = 16
# nvalues = 33                          
# units = specified
# name 0 = depFM: Depth [fresh water, m]
# name 1 = dz/dtM: Descent Rate [m/s]
# name 2 = orp: Oxidation Reduction Potential [mV]
# name 3 = sbeox0Mg/L: Oxygen, SBE 43 [mg/l]
# name 4 = sbeox0PS: Oxygen, SBE 43 [% saturation]
# name 5 = par/sat/log: PAR/Logarithmic, Satlantic
# name 6 = ph: pH
# name 7 = specc: Specific Conductance [uS/cm]
# name 8 = c0uS/cm: Conductivity [uS/cm]
# name 9 = flECO-AFL: Fluorescence, WET Labs ECO-AFL/FL [mg/m^3]
# name 10 = turbWETntu0: Turbidity, WET Labs ECO [NTU]
# name 11 = tv290C: Temperature [ITS-90, deg C]
# name 12 = density00: Density [density, kg/m^3]
# name 13 = prdE: Pressure, Strain Gauge [psi]
# name 14 = prdM: Pressure, Strain Gauge [db]
# name 15 = flag:  0.000e+00
# span 0 =     -0.699,     -0.697       
# span 1 =     -0.001,     -0.000       
# span 2 =   429.1061,  1212.3644       
# span 3 =     9.6002,     9.6174       
# span 4 =    104.615,    104.669       
# span 5 = 2.2416e+02, 1.6625e+03       
# span 6 =     15.527,     15.831       
# span 7 =      0.809,      1.152       
# span 8 =   0.720440,   1.024252       
# span 9 =    -1.0630,    -0.5293       
# span 10 =    -1.8653,     0.2646      
# span 11 =    19.4675,    19.5437      
# span 12 =   998.3027,   998.3180      
# span 13 =     -0.995,     -0.992      
# span 14 =     -0.686,     -0.684      
# span 15 = 0.0000e+00, 0.0000e+00      
# interval = seconds: 0.25
# start_time = Jun 14 2021 21:00:06 [Instrument's time stamp, header]
# bad_flag = -9.990e-29
*END*
     -0.698 -1.912e-15   832.0488     9.6037    104.629 3.1300e+02     15.700      0.883   0.786216    -0.8729     0.2140    19.5317   998.3052     -0.993     -0.685 0.0000e+00
     -0.698 -2.103e-14   820.2285     9.6101    104.640 2.2416e+02     15.690      0.854   0.760877    -0.8482     0.2334    19.5328   998.3050     -0.993     -0.685 0.0000e+00
     -0.698 -2.313e-13   806.5730     9.6057    104.657 2.5541e+02     15.680      0.837   0.745922    -0.8476     0.2099    19.5338   998.3048     -0.993     -0.685 0.0000e+00
     -0.698 -2.545e-12   799.6997     9.6002    104.663 3.6072e+02     15.675      0.822   0.732101    -0.8851    -0.3437    19.5345   998.3046     -0.993     -0.685 0.0000e+00
     -0.697 -2.799e-11   802.1694     9.6014    104.663 3.2876e+02     15.679      0.809   0.720460    -0.9202    -1.3106    19.5351   998.3045     -0.992     -0.684 0.0000e+00
     -0.697 -3.079e-10   810.2782     9.6011    104.662 2.6346e+02     15.689      0.821   0.731864    -0.9190    -1.8340    19.5359   998.3043     -0.992     -0.684 0.0000e+00
     -0.697 -3.387e-09   825.7281     9.6047    104.664 2.8065e+02     15.704      0.834   0.743285    -0.8996    -1.8653    19.5366   998.3042     -0.992     -0.684 0.0000e+00
     -0.697 -3.726e-08   851.9118     9.6040    104.667 5.2512e+02     15.723      0.822   0.731863    -0.8002    -1.4483    19.5370   998.3041     -0.992     -0.684 0.0000e+00
     -0.698 -4.098e-07   892.4054     9.6038    104.658 1.0539e+03     15.744      0.809   0.720448    -0.6229    -0.6719    19.5375   998.3040     -0.992     -0.684 0.0000e+00
     -0.698     -0.000   948.4618     9.6040    104.647 1.1602e+03     15.764      0.821   0.731966    -0.5293    -0.2371    19.5378   998.3039     -0.992     -0.684 0.0000e+00
     -0.698     -0.000  1000.1995     9.6032    104.640 9.6823e+02     15.770      0.836   0.744427    -0.5367    -0.2077    19.5380   998.3039     -0.992     -0.684 0.0000e+00
     -0.698     -0.001  1030.4636     9.6053    104.647 1.1208e+03     15.759      0.836   0.744427    -0.6738    -0.3167    19.5384   998.3038     -0.992     -0.684 0.0000e+00
     -0.698     -0.001  1049.8972     9.6026    104.659 9.6320e+02     15.744      0.822   0.731965    -0.9190    -0.4565    19.5391   998.3037     -0.993     -0.684 0.0000e+00
     -0.698     -0.001  1072.8137     9.6024    104.657 4.9698e+02     15.738      0.809   0.720448    -1.0405    -0.5248    19.5395   998.3036     -0.993     -0.685 0.0000e+00
     -0.698     -0.001  1084.8747     9.6007    104.661 3.3122e+02     15.732      0.821   0.731863    -1.0366    -0.5586    19.5404   998.3034     -0.993     -0.684 0.0000e+00
     -0.699     -0.001  1088.1775     9.6008    104.666 3.1192e+02     15.729      0.834   0.743285    -1.0065    -0.5907    19.5414   998.3032     -0.994     -0.685 0.0000e+00
     -0.699     -0.000  1109.2194     9.6044    104.668 6.2422e+02     15.744      0.822   0.731862    -0.9522    -0.6381    19.5421   998.3031     -0.994     -0.685 0.0000e+00
     -0.699 -1.863e-08  1119.4605     9.6012    104.666 1.2200e+03     15.742      0.809   0.720440    -0.9239    -0.6855    19.5431   998.3029     -0.994     -0.685 0.0000e+00
     -0.699 -2.049e-07  1093.6119     9.6030    104.654 1.4848e+03     15.707      0.821   0.731874    -0.9219    -0.7177    19.5437   998.3027     -0.994     -0.685 0.0000e+00
     -0.699 -2.049e-07  1064.8704     9.6033    104.644 1.2009e+03     15.682      0.834   0.743423    -0.8809    -0.6150    19.5416   998.3032     -0.994     -0.685 0.0000e+00
     -0.699 -1.863e-08  1095.1127     9.6047    104.652 5.8038e+02     15.711      0.823   0.733383    -0.8187    -0.4054    19.5367   998.3042     -0.994     -0.685 0.0000e+00
     -0.699 -1.693e-09  1172.5868     9.6058    104.669 2.3677e+02     15.770      0.828   0.737173    -0.7990    -0.3460    19.5318   998.3052     -0.994     -0.685 0.0000e+00
     -0.699 -1.539e-10  1212.3644     9.6045    104.654 5.7524e+02     15.794      0.887   0.789241    -0.8049    -0.3774    19.5293   998.3057     -0.995     -0.686 0.0000e+00
     -0.699 -1.400e-11  1189.5714     9.6039    104.618 1.2535e+03     15.791      0.962   0.856159    -0.8135    -0.3383    19.5261   998.3062     -0.995     -0.686 0.0000e+00
     -0.699 -1.272e-12   797.6243     9.6057    104.615 1.5860e+03     15.660      1.026   0.912796    -0.8748    -0.1479    19.5166   998.3082     -0.994     -0.685 0.0000e+00
     -0.699 -1.157e-13   429.1061     9.6130    104.645 1.2425e+03     15.527      1.087   0.967252    -0.9924     0.1040    19.5037   998.3108     -0.994     -0.685 0.0000e+00
     -0.699 -1.052e-14   780.9628     9.6127    104.665 5.6742e+02     15.660      1.133   1.007802    -1.0624     0.2006    19.4942   998.3127     -0.993     -0.685 0.0000e+00
     -0.699 -9.639e-16  1165.9319     9.6076    104.665 2.3630e+02     15.813      1.151   1.022995    -1.0630     0.2309    19.4873   998.3141     -0.994     -0.685 0.0000e+00
     -0.699 -1.738e-16  1197.7714     9.6089    104.663 5.8437e+02     15.831      1.152   1.024252    -1.0567     0.2646    19.4810   998.3153     -0.994     -0.685 0.0000e+00
     -0.699 -9.990e-29 -9.990e-29     9.6151 -9.990e-29 1.2631e+03 -9.990e-29 -9.990e-29 -9.990e-29 -9.990e-29 -9.990e-29    19.4760   998.3163     -0.994     -0.685 0.0000e+00
     -0.699 -9.990e-29 -9.990e-29     9.6173 -9.990e-29 1.6290e+03 -9.990e-29 -9.990e-29 -9.990e-29 -9.990e-29 -9.990e-29    19.4722   998.3172     -0.994     -0.685 0.0000e+00
     -0.699 -9.990e-29 -9.990e-29     9.6174 -9.990e-29 1.6605e+03 -9.990e-29 -9.990e-29 -9.990e-29 -9.990e-29 -9.990e-29    19.4690   998.3178     -0.994     -0.685 0.0000e+00
     -0.699 -9.990e-29 -9.990e-29     9.6172 -9.990e-29 1.6625e+03 -9.990e-29 -9.990e-29 -9.990e-29 -9.990e-29 -9.990e-29    19.4675   998.3180     -0.994     -0.685 0.0000e+00
