Data/DataNotYetUploadedToEDI/Raw_CTD/RawDownloads/061621_fcr50.cnv
* Sea-Bird SBE19plus  Data File:
* FileName = C:\R\Reservoirs\Data\DataNotYetUploadedToEDI\Raw_CTD\RawDownloads\061621_bvr_50_0002.hex
* Software version 2.8.0.119
* Temperature SN = 7809
* Conductivity SN = 7809
* System UpLoad Time = Jun 16 2021 15:09:29
* <ApplicationData>
* <Seaterm232>
# nquan = 16
# nvalues = 2055                        
# units = specified
# name 0 = depFM: Depth [fresh water, m]
# name 1 = dz/dtM: Descent Rate [m/s]
# name 2 = orp: Oxidation Reduction Potential [mV]
# name 3 = sbeox0Mg/L: Oxygen, SBE 43 [mg/l]
# name 4 = sbeox0PS: Oxygen, SBE 43 [% saturation]
# name 5 = par/sat/log: PAR/Logarithmic, Satlantic
# name 6 = ph: pH
# name 7 = specc: Specific Conductance [uS/cm]
# name 8 = c0uS/cm: Conductivity [uS/cm]
# name 9 = flECO-AFL: Fluorescence, WET Labs ECO-AFL/FL [mg/m^3]
# name 10 = turbWETntu0: Turbidity, WET Labs ECO [NTU]
# name 11 = tv290C: Temperature [ITS-90, deg C]
# name 12 = density00: Density [density, kg/m^3]
# name 13 = prdE: Pressure, Strain Gauge [psi]
# name 14 = prdM: Pressure, Strain Gauge [db]
# name 15 = flag:  0.000e+00
# span 0 =     -0.693,      9.621       
# span 1 =     -4.242,      0.126       
# span 2 = -1240.7455,   471.0702       
# span 3 =     0.5920,    14.2667       
# span 4 =      5.241,    157.045       
# span 5 = 1.2340e-01, 1.3702e+03       
# span 6 =     -2.099,     16.068       
# span 7 =      0.231,     51.901       
# span 8 =   0.231921,  53.794510       
# span 9 =    -2.4404,   265.9289       
# span 10 =    -8.1316,   936.5745      
# span 11 =     9.1385,    26.8587      
# span 12 =   996.5736,   999.8330      
# span 13 =     -0.987,     13.685      
# span 14 =     -0.680,      9.435      
# span 15 = 0.0000e+00, 0.0000e+00      
# interval = seconds: 0.25
# start_time = Jun 15 2021 04:55:10 [Instrument's time stamp, header]
# bad_flag = -9.990e-29
*END*
[from data line 724]
      3.118      0.013   345.2035     3.9571     38.645 8.8518e-01     15.968     36.019  27.533469     0.2142     1.9481    13.2746   999.3737      4.435      3.058 0.0000e+00
      3.122      0.014   345.4740     3.9545     38.934 8.9914e-01     15.968     36.040  27.546862     0.2143     2.0085    13.2450   999.3776      4.441      3.061 0.0000e+00
      3.123      0.020   345.6640     3.9735     39.133 9.0166e-01     15.968     36.027  27.531858     0.1983     1.9935    13.2277   999.3798      4.442      3.063 0.0000e+00
      3.124      0.032   345.8661     4.0129     39.286 8.8999e-01     15.969     35.967  27.478914     0.1628     1.9384    13.2193   999.3809      4.443      3.064 0.0000e+00
      3.127      0.043   346.0247     4.0557     39.464 8.7815e-01     15.969     35.899  27.414184     0.1387     1.9256    13.2181   999.3811      4.445      3.065 0.0000e+00
      3.139      0.050   346.0327     4.0854     39.634 8.5560e-01     15.969     35.888  27.383520     0.1537     1.9761    13.2164   999.3814      4.454      3.071 0.0000e+00
      3.164      0.052   346.1356     4.1067     39.691 8.2883e-01     15.970     35.897  27.361874     0.2211     2.1025    13.2083   999.3825      4.499      3.102 0.0000e+00
      3.191      0.049   346.5802     4.1180     39.621 8.1745e-01     15.971     35.902  27.342728     0.3051     2.2524    13.1978   999.3840      4.550      3.137 0.0000e+00
      3.204      0.041   347.1062     4.1400     39.483 8.1667e-01     15.971     35.917  27.342290     0.3400     2.3118    13.1847   999.3858      4.562      3.147 0.0000e+00
      3.207      0.029   347.2474     4.1670     39.305 8.2223e-01     15.970     35.935  27.356567     0.3471     2.3408    13.1522   999.3899      4.561      3.145 0.0000e+00
      3.207      0.015   347.1687     4.1774     39.097 8.2227e-01     15.969     35.960  27.388486     0.3155     2.3277    13.1058   999.3958      4.562      3.145 0.0000e+00
      3.207      0.006   347.0154     4.1694     38.843 8.1085e-01     15.969     35.964  27.411076     0.2242     2.2220    13.0699   999.4004      4.562      3.145 0.0000e+00
      3.208      0.004   346.7708     4.1562     38.504 8.1631e-01     15.968     35.972  27.439424     0.1677     2.1619    13.0546   999.4024      4.562      3.146 0.0000e+00
      3.208      0.006   346.7062     4.1373     38.139 8.2446e-01     15.966     35.989  27.477534     0.1663     2.1504    13.0552   999.4023      4.562      3.146 0.0000e+00
      3.209      0.008   346.9231     4.1122     37.777 8.0981e-01     15.965     35.980  27.491293     0.1701     2.1518    13.0747   999.3999      4.563      3.146 0.0000e+00
      3.211      0.009   347.2417     4.0886     37.379 7.9885e-01     15.966     35.957  27.478942     0.1660     2.1779    13.1049   999.3960      4.567      3.149 0.0000e+00
      3.216      0.009   347.2887     4.0448     37.024 8.0260e-01     15.966     35.940  27.455067     0.1550     2.1914    13.1345   999.3922      4.574      3.154 0.0000e+00
      3.220      0.009   347.2340     4.0005     36.819 8.0860e-01     15.966     35.952  27.456338     0.1418     2.2126    13.1718   999.3875      4.580      3.158 0.0000e+00
      3.222      0.008   347.4404     3.9660     36.785 8.1028e-01     15.965     35.994  27.494304     0.1592     2.2276    13.2101   999.3826      4.583      3.160 0.0000e+00
      3.223      0.005   347.5467     3.9166     36.860 8.0861e-01     15.964     36.027  27.533517     0.2027     2.2006    13.2182   999.3815      4.584      3.160 0.0000e+00
      3.223      0.003   347.4017     3.8781     36.948 8.0591e-01     15.964     36.035  27.549872     0.2192     2.1616    13.1900   999.3852      4.584      3.161 0.0000e+00
      3.223      0.002   347.4076     3.8572     37.025 7.9772e-01     15.965     36.053  27.565199     0.2160     2.1337    13.1714   999.3876      4.585      3.161 0.0000e+00
      3.224      0.002   347.5317     3.8550     37.133 7.9274e-01     15.965     36.092  27.591974     0.2019     2.1387    13.1860   999.3857      4.585      3.161 0.0000e+00
      3.224      0.002   347.5256     3.8657     37.261 8.0303e-01     15.965     36.127  27.619874     0.1825     2.1871    13.2123   999.3823      4.585      3.161 0.0000e+00
      3.225      0.002   347.5058     3.8739     37.343 8.1216e-01     15.964     36.151  27.648803     0.1717     2.2041    13.2295   999.3800      4.587      3.162 0.0000e+00
      3.226      0.002   347.5503     3.8794     37.412 8.1530e-01     15.963     36.170  27.688032     0.1574     2.1732    13.2292   999.3801      4.589      3.164 0.0000e+00
      3.226      0.002   347.5475     3.8907     37.531 8.1924e-01     15.960     36.136  27.713609     0.1523     2.1566    13.2178   999.3816      4.588      3.164 0.0000e+00
      3.227      0.002   347.4715     3.9109     37.678 8.1584e-01     15.957     36.036  27.704376     0.1487     2.2088    13.2162   999.3819      4.589      3.164 0.0000e+00
      3.227      0.002   347.4929     3.9143     37.800 8.1134e-01     15.955     35.978  27.703342     0.1237     2.3233    13.2336   999.3796      4.590      3.165 0.0000e+00
      3.227      0.002   347.5477     3.9161     37.842 8.1111e-01     15.955     35.974  27.701159     0.0979     2.3738    13.2571   999.3766      4.589      3.164 0.0000e+00
      3.228      0.003   347.5315     3.9246     37.803 8.0466e-01     15.957     35.970  27.677980     0.0841     2.3733    13.3270   999.3674      4.592      3.166 0.0000e+00
      3.230      0.004   347.5549     3.9305     37.765 7.9515e-01     15.958     35.996  27.676800     0.0999     2.4200    13.4547   999.3506      4.594      3.167 0.0000e+00
      3.230      0.005   347.5730     3.9395     37.810 7.8835e-01     15.958     36.032  27.686865     0.1369     2.4239    13.5242   999.3414      4.594      3.167 0.0000e+00
      3.231      0.010   347.4924     3.9463     37.953 7.8841e-01     15.958     36.028  27.672788     0.1489     2.3512    13.5070   999.3437      4.597      3.169 0.0000e+00
      3.233      0.019   347.5266     3.9414     38.144 7.9953e-01     15.958     35.988  27.633452     0.1410     2.3302    13.4680   999.3489      4.598      3.170 0.0000e+00
      3.234      0.034   347.8141     3.9361     38.286 8.0983e-01     15.959     35.964  27.591847     0.1850     2.4458    13.4384   999.3528      4.600      3.171 0.0000e+00
      3.239      0.049   348.1295     3.9436     38.341 8.0865e-01     15.962     35.964  27.550314     0.2892     2.6155    13.4143   999.3560      4.604      3.175 0.0000e+00
      3.253      0.061   348.4150     3.9605     38.351 7.9136e-01     15.964     35.969  27.511830     0.3524     2.7004    13.3958   999.3585      4.618      3.185 0.0000e+00
      3.278      0.070   348.5135     3.9859     38.332 7.5600e-01     15.965     35.999  27.507094     0.3667     2.6824    13.3976   999.3584      4.659      3.212 0.0000e+00
      3.308      0.076   348.2875     4.0050     38.293 7.2316e-01     15.965     36.005  27.493016     0.4913     2.7068    13.3730   999.3618      4.713      3.249 0.0000e+00
      3.331      0.077   348.0911     4.0130     38.207 7.1120e-01     15.966     36.003  27.468466     0.7236     2.8236    13.2976   999.3717      4.745      3.270 0.0000e+00
      3.345      0.072   348.4623     4.0216     38.004 7.0570e-01     15.967     36.034  27.463959     0.8389     2.8922    13.2285   999.3807      4.756      3.279 0.0000e+00
      3.360      0.064   349.2480     4.0213     37.720 6.9907e-01     15.968     36.047  27.438491     0.8268     2.8851    13.1983   999.3846      4.777      3.294 0.0000e+00
      3.375      0.057   349.5887     4.0182     37.409 6.9036e-01     15.971     36.099  27.414234     0.7960     2.8745    13.1807   999.3870      4.805      3.313 0.0000e+00
      3.390      0.052   349.4847     4.0189     37.065 6.7785e-01     15.975     36.241  27.424333     0.7528     2.9012    13.1471   999.3914      4.823      3.325 0.0000e+00
      3.403      0.048   349.5383     3.9971     36.694 6.6447e-01     15.979     36.377  27.433613     0.7153     2.8993    13.1050   999.3969      4.839      3.337 0.0000e+00
      3.416      0.045   349.5491     3.9676     36.281 6.5884e-01     15.982     36.407  27.399469     0.6950     2.8517    13.0710   999.4014      4.860      3.351 0.0000e+00
      3.427      0.044   349.6158     3.9442     35.791 6.6391e-01     15.984     36.349  27.328594     0.6786     2.8066    12.9926   999.4113      4.877      3.362 0.0000e+00
      3.434      0.043   350.1719     3.9202     35.205 6.6591e-01     15.984     36.298  27.274409     0.6801     2.7657    12.8323   999.4315      4.884      3.367 0.0000e+00
      3.442      0.042   350.6808     3.8954     34.495 6.7032e-01     15.984     36.275  27.251763     0.7024     2.7344    12.6765   999.4508      4.890      3.372 0.0000e+00
      3.456      0.041   350.7791     3.8589     33.585 6.6882e-01     15.984     36.275  27.245073     0.7102     2.7033    12.6123   999.4588      4.912      3.388 0.0000e+00
      3.472      0.041   350.7578     3.8095     32.401 6.5107e-01     15.985     36.314  27.256950     0.6891     2.6984    12.5882   999.4617      4.943      3.408 0.0000e+00
      3.482      0.041   350.7678     3.7497     30.991 6.3814e-01     15.985     36.343  27.268482     0.6282     2.7103    12.5579   999.4654      4.956      3.417 0.0000e+00
      3.487      0.037   350.6410     3.6776     29.555 6.3264e-01     15.984     36.319  27.257629     0.5553     2.7094    12.5599   999.4652      4.957      3.418 0.0000e+00
      3.497      0.031   350.6018     3.5849     28.354 6.3249e-01     15.984     36.309  27.252596     0.5226     2.7213    12.5605   999.4652      4.970      3.427 0.0000e+00
      3.508      0.025   350.8957     3.4602     27.499 6.3434e-01     15.985     36.357  27.271062     0.5101     2.7173    12.5217   999.4700      4.994      3.443 0.0000e+00
      3.515      0.021   351.0970     3.3042     26.907 6.3072e-01     15.986     36.428  27.290584     0.4892     2.6613    12.4995   999.4727      5.003      3.449 0.0000e+00
      3.517      0.018   351.1439     3.1368     26.468 6.2869e-01     15.988     36.488  27.298299     0.4809     2.6269    12.5252   999.4696      5.000      3.447 0.0000e+00
      3.519      0.018   351.2047     3.0028     26.143 6.2354e-01     15.990     36.533  27.300874     0.4950     2.6454    12.5392   999.4678      5.005      3.451 0.0000e+00
      3.522      0.022   351.2293     2.9200     25.922 6.1728e-01     15.990     36.582  27.321681     0.4980     2.6443    12.5101   999.4714      5.011      3.454 0.0000e+00
      3.525      0.030   351.2683     2.8650     25.796 6.2233e-01     15.989     36.631  27.359554     0.4687     2.6484    12.4571   999.4778      5.013      3.456 0.0000e+00
      3.530      0.040   351.0747     2.8222     25.677 6.2074e-01     15.989     36.659  27.378210     0.4271     2.6945    12.3995   999.4848      5.016      3.457 0.0000e+00
      3.543      0.050   350.6087     2.7910     25.417 5.9932e-01     15.990     36.684  27.356951     0.4141     2.7209    12.3548   999.4901      5.035      3.471 0.0000e+00
      3.562      0.059   350.4527     2.7690     25.044 5.8032e-01     15.994     36.709  27.292767     0.4362     2.6932    12.3272   999.4935      5.068      3.494 0.0000e+00
      3.580      0.064   350.7372     2.7558     24.607 5.7340e-01     15.999     36.769  27.236402     0.4366     2.6344    12.3396   999.4922      5.093      3.511 0.0000e+00
      3.598      0.065   351.2087     2.7530     24.022 5.6442e-01     16.003     36.907  27.246213     0.3909     2.6276    12.3604   999.4898      5.116      3.527 0.0000e+00
      3.618      0.062   351.5941     2.7248     23.357 5.4762e-01     16.005     37.056  27.284433     0.3413     2.6799    12.3098   999.4958      5.147      3.549 0.0000e+00
      3.635      0.057   351.2673     2.6851     22.682 5.2873e-01     16.007     37.174  27.317833     0.3224     2.7178    12.1805   999.5110      5.173      3.566 0.0000e+00
      3.646      0.053   350.4413     2.6604     21.938 5.1999e-01     16.009     37.254  27.332838     0.3160     2.7076    12.0281   999.5287      5.187      3.576 0.0000e+00
      3.656      0.048   350.1246     2.5971     21.104 5.2043e-01     16.010     37.229  27.275508     0.2834     2.5912    11.8980   999.5435      5.200      3.584 0.0000e+00
      3.668      0.043   350.3630     2.5246     20.047 5.2076e-01     16.012     37.169  27.195515     0.2429     2.4437    11.8030   999.5543      5.217      3.596 0.0000e+00
      3.681      0.037   350.8281     2.4660     18.695 5.2197e-01     16.015     37.203  27.190234     0.2356     2.4339    11.7363   999.5619      5.236      3.611 0.0000e+00
      3.692      0.032   351.2749     2.3801     17.182 5.2062e-01     16.016     37.261  27.211616     0.2333     2.4724    11.6808   999.5680      5.253      3.622 0.0000e+00
      3.699      0.027   351.4630     2.3032     15.640 5.1651e-01     16.015     37.260  27.200298     0.2062     2.4632    11.6279   999.5739      5.265      3.630 0.0000e+00
      3.703      0.023   351.3818     2.1964     14.178 5.1638e-01     16.014     37.238  27.180240     0.1743     2.4598    11.5788   999.5792      5.269      3.633 0.0000e+00
      3.705      0.024   351.0676     2.0392     12.824 5.1716e-01     16.014     37.217  27.159394     0.1622     2.4668    11.5356   999.5839      5.270      3.633 0.0000e+00
      3.707      0.030   350.9335     1.8754     11.629 5.1359e-01     16.015     37.214  27.138543     0.1654     2.4791    11.5080   999.5869      5.273      3.636 0.0000e+00
      3.712      0.039   351.2229     1.6993     10.716 5.0687e-01     16.017     37.234  27.118408     0.1178     2.4710    11.4935   999.5885      5.277      3.638 0.0000e+00
      3.723      0.046   351.6422     1.5425     10.117 5.0068e-01     16.019     37.276  27.106198     0.0244     2.4374    11.4912   999.5888      5.288      3.646 0.0000e+00
      3.743      0.048   351.9591     1.3937      9.765 4.9065e-01     16.021     37.344  27.117724    -0.0097     2.4157    11.4935   999.5886      5.321      3.669 0.0000e+00
      3.765      0.046   352.1281     1.2559      9.587 4.7988e-01     16.021     37.392  27.130865    -0.0087     2.3804    11.4681   999.5914      5.361      3.696 0.0000e+00
      3.780      0.040   352.2240     1.1575      9.494 4.7438e-01     16.021     37.412  27.138196    -0.0298     2.3204    11.4194   999.5968      5.382      3.711 0.0000e+00
      3.785      0.031   352.4292     1.0973      9.407 4.6434e-01     16.021     37.421  27.142924    -0.0353     2.3079    11.3531   999.6039      5.385      3.713 0.0000e+00
      3.787      0.022   352.6309     1.0628      9.325 4.4677e-01     16.020     37.398  27.124597    -0.0183     2.3664    11.2943   999.6100      5.385      3.713 0.0000e+00
      3.788      0.017   352.6839     1.0462      9.199 4.4384e-01     16.020     37.382  27.106901    -0.0057     2.4099    11.2700   999.6126      5.387      3.715 0.0000e+00
      3.789      0.017   352.8120     1.0431      9.011 4.6589e-01     16.021     37.418  27.119265    -0.0171     2.3871    11.2648   999.6132      5.388      3.715 0.0000e+00
      3.793      0.019   352.8891     1.0283      8.810 4.7761e-01     16.022     37.476  27.147205    -0.0319     2.3651    11.2646   999.6131      5.392      3.718 0.0000e+00
      3.802      0.024   352.7551     1.0245      8.617 4.6913e-01     16.023     37.546  27.190965    -0.0231     2.3841    11.2623   999.6134      5.410      3.730 0.0000e+00
      3.811      0.029   352.6553     1.0122      8.443 4.6507e-01     16.023     37.671  27.267764    -0.0056     2.4456    11.2616   999.6136      5.424      3.739 0.0000e+00
