Data/DataNotYetUploadedToEDI/Raw_CTD/RawDownloads/061625_fcr10_S7809001.cnv
* Sea-Bird SBE19plus  Data File:
* FileName = C:\R\Reservoirs\Data\DataNotYetUploadedToEDI\Raw_CTD\RawDownloads\061625_fcr10_S7809_0001.hex
* Software version 2.8.0.119
* Temperature SN = 7809
* Conductivity SN = 7809
* System UpLoad Time = Jun 16 2025 17:24:52
* <ApplicationData>
* <Seaterm232>
# nquan = 15
# nvalues = 1348                        
# units = specified
# name 0 = depFM: Depth [fresh water, m]
# name 1 = dz/dtM: Descent Rate [m/s]
# name 2 = sbeox0Mg/L: Oxygen, SBE 43 [mg/l]
# name 3 = sbeox0PS: Oxygen, SBE 43 [% saturation]
# name 4 = specc: Specific Conductance [uS/cm]
# name 5 = c0uS/cm: Conductivity [uS/cm]
# name 6 = flECO-AFL: Fluorescence, WET Labs ECO-AFL/FL [mg/m^3]
# name 7 = ph: pH
# name 8 = orp: Oxidation Reduction Potential [mV]
# name 9 = par/sat/log: PAR/Logarithmic, Satlantic
# name 10 = turbWETntu0: Turbidity, WET Labs ECO [NTU]
# name 11 = prdM: Pressure, Strain Gauge [db]
# name 12 = prdE: Pressure, Strain Gauge [psi]
# name 13 = tv290C: Temperature [ITS-90, deg C]
# name 14 = flag:  0.000e+00
# span 0 =     -0.641,      2.098       
# span 1 =     -0.357,      0.227       
# span 2 =    -0.0461,    13.8651       
# span 3 =     -0.266,    152.166       
# span 4 =      1.671,     98.259       
# span 5 =   1.638595,  82.069911       
# span 6 =    -0.0440,    24.9238       
# span 7 =     -2.108,     10.897       
# span 8 = -1240.7455,   315.9846       
# span 9 = 6.4159e-01, 1.1296e+03       
# span 10 =     1.6855,   129.6222      
# span 11 =     -0.631,      2.059      
# span 12 =     -0.914,      2.986      
# span 13 =    16.7169,    24.5205      
# span 14 = 0.0000e+00, 0.0000e+00      
# interval = seconds: 0.25
# start_time = Jun 16 2025 11:04:16 [Instrument's time stamp, header]
# bad_flag = -9.990e-29
*END*
[from data line 964]
      1.537      0.006    11.9546    124.488     35.477  31.089652    15.9861     10.853   135.4672 1.2679e+01     6.7182      1.508      2.187    18.8071 0.0000e+00
      1.538      0.005    11.8673    123.524     35.465  31.078845    15.9124     10.850   135.4202 1.2659e+01     6.7245      1.508      2.187    18.8024 0.0000e+00
      1.538      0.003    11.7738    122.688     35.475  31.091002    15.7378     10.847   135.4397 1.2641e+01     6.6134      1.509      2.188    18.8073 0.0000e+00
      1.539      0.003    11.6800    122.072     35.487  31.109776    15.6474     10.843   135.4446 1.2607e+01     6.5709      1.509      2.189    18.8137 0.0000e+00
      1.539      0.003    11.5915    121.709     35.486  31.115543    15.6607     10.839   135.3937 1.2564e+01     6.5866      1.509      2.189    18.8146 0.0000e+00
      1.540      0.003    11.4967    121.659     35.461  31.097308    15.6319     10.837   135.3408 1.2542e+01     6.6317      1.510      2.191    18.8069 0.0000e+00
      1.541      0.003    11.4146    121.934     35.433  31.079611    15.5068     10.835   135.4071 1.2527e+01     6.5702      1.511      2.192    18.8126 0.0000e+00
      1.542      0.004    11.3539    122.452     35.437  31.091882    15.4049     10.832   135.5936 1.2498e+01     6.5256      1.512      2.193    18.8316 0.0000e+00
      1.542      0.005    11.3145    123.037     35.469  31.118816    15.3902     10.829   135.6159 1.2468e+01     6.6399      1.512      2.193    18.8391 0.0000e+00
      1.543      0.005    11.3094    123.561     35.524  31.151519    15.3872     10.826   135.5051 1.2428e+01     6.6539      1.513      2.195    18.8407 0.0000e+00
      1.546      0.005    11.3351    123.991     35.571  31.170090    15.2701     10.823   135.4582 1.2373e+01     6.6268      1.516      2.200    18.8482 0.0000e+00
      1.548      0.005    11.3859    124.265     35.570  31.153020    15.0651     10.820   135.3932 1.2334e+01     6.7222      1.519      2.203    18.8688 0.0000e+00
      1.550      0.004    11.4445    124.325     35.558  31.135421    14.9470     10.818   135.4077 1.2317e+01     6.8166      1.520      2.204    18.8743 0.0000e+00
      1.550      0.003    11.4986    124.170     35.573  31.147600    14.9324     10.817   135.5469 1.2307e+01     6.9134      1.520      2.204    18.8433 0.0000e+00
      1.550      0.001    11.5513    123.811     35.602  31.173400    14.9295     10.815   135.5282 1.2302e+01     6.8685      1.520      2.205    18.8047 0.0000e+00
      1.550      0.001    11.5846    123.251     35.624  31.193622    14.9124     10.814   135.4391 1.2293e+01     6.6838      1.520      2.205    18.7798 0.0000e+00
      1.550      0.001    11.5910    122.542     35.634  31.201801    14.8997     10.812   135.5021 1.2292e+01     6.6270      1.519      2.203    18.7740 0.0000e+00
      1.550      0.001    11.5754    121.820     35.649  31.208856    14.8848     10.810   135.5156 1.2300e+01     6.6254      1.520      2.204    18.7764 0.0000e+00
      1.550      0.001    11.5429    121.194     35.664  31.215476    14.9238     10.809   135.4302 1.2289e+01     6.6993      1.520      2.205    18.7744 0.0000e+00
      1.551      0.000    11.4890    120.710     35.673  31.218398    15.0214     10.807   135.4158 1.2264e+01     6.8373      1.521      2.205    18.7791 0.0000e+00
      1.551      0.000    11.4161    120.396     35.713  31.244179    15.0569     10.804   135.4275 1.2251e+01     6.8593      1.521      2.207    18.7815 0.0000e+00
      1.551      0.000    11.3478    120.201     35.764  31.273441    15.0286     10.803   135.3136 1.2261e+01     6.8278      1.521      2.207    18.7689 0.0000e+00
      1.550      0.002    11.2924    120.027     35.762  31.255001    14.9121     10.802   135.1566 1.2286e+01     6.8671      1.520      2.204    18.7574 0.0000e+00
      1.548      0.005    11.2452    119.806     35.722  31.211507    14.7234     10.801   135.1642 1.2305e+01     6.9585      1.518      2.202    18.7531 0.0000e+00
      1.548      0.008    11.2208    119.449     35.699  31.191606    14.6199     10.801   135.2336 1.2271e+01     6.9412      1.518      2.201    18.7431 0.0000e+00
      1.551      0.012    11.2125    118.886     35.709  31.204681    14.5838     10.801   135.3067 1.2142e+01     6.8297      1.518      2.203    18.7199 0.0000e+00
      1.558      0.016    11.2038    118.177     35.751  31.242734    14.4782     10.799   135.4466 1.1977e+01     6.9085      1.528      2.215    18.6886 0.0000e+00
      1.564      0.018    11.1897    117.434     35.791  31.271088    14.3087     10.797   135.4631 1.1882e+01     7.1770      1.536      2.227    18.6756 0.0000e+00
      1.568      0.020    11.1582    116.724     35.836  31.293752    14.2165     10.794   135.4200 1.1807e+01     7.3081      1.538      2.231    18.6838 0.0000e+00
      1.573      0.020    11.1023    116.204     35.893  31.326432    14.2033     10.789   135.6999 1.1680e+01     7.1961      1.543      2.238    18.6880 0.0000e+00
      1.578      0.021    11.0279    116.042     35.929  31.349015    14.1739     10.782   136.1799 1.1565e+01     7.0176      1.549      2.246    18.6959 0.0000e+00
      1.582      0.023    10.9613    116.178     36.037  31.439918    14.1778     10.772   136.4907 1.1490e+01     7.0629      1.552      2.252    18.6890 0.0000e+00
      1.587      0.024    10.8966    116.378     36.238  31.600856    14.2506     10.762   136.7049 1.1366e+01     7.3002      1.555      2.256    18.6565 0.0000e+00
      1.595      0.024    10.8445    116.412     36.406  31.708964    14.2798     10.751   136.9644 1.1143e+01     7.3587      1.562      2.266    18.6295 0.0000e+00
      1.605      0.023    10.8363    116.169     36.483  31.732001    14.2568     10.741   137.2187 1.0927e+01     7.2577      1.574      2.284    18.6160 0.0000e+00
      1.613      0.021    10.8562    115.700     36.465  31.689019    14.3049     10.730   137.2840 1.0815e+01     7.2755      1.584      2.298    18.6232 0.0000e+00
      1.617      0.018    10.8850    115.110     36.408  31.633294    14.4200     10.719   137.1518 1.0780e+01     7.4710      1.587      2.301    18.6157 0.0000e+00
      1.618      0.015    10.9071    114.355     36.398  31.629166    14.4997     10.707   137.0826 1.0750e+01     7.7085      1.586      2.300    18.5485 0.0000e+00
      1.619      0.014    10.8988    113.261     36.479  31.702558    14.4785     10.696   137.1358 1.0697e+01     7.7558      1.588      2.303    18.4719 0.0000e+00
      1.622      0.015    10.8573    111.732     36.624  31.822859    14.0804     10.687   137.4506 1.0620e+01     7.7016      1.591      2.307    18.4347 0.0000e+00
      1.626      0.016    10.8035    109.855     36.779  31.941834    13.3815     10.678   138.0496 1.0509e+01     7.7369      1.595      2.312    18.4333 0.0000e+00
      1.632      0.016    10.7388    107.914     36.940  32.062611    13.0280     10.671   138.4412 1.0375e+01     7.8061      1.600      2.320    18.4462 0.0000e+00
      1.638      0.015    10.6371    106.224     37.055  32.141238    13.0517     10.665   138.3994 1.0263e+01     7.9234      1.606      2.330    18.4543 0.0000e+00
      1.643      0.014    10.4935    104.839     37.070  32.131223    13.3356     10.659   138.4919 1.0194e+01     7.9595      1.612      2.338    18.4459 0.0000e+00
      1.646      0.012    10.3130    103.606     37.020  32.068368    13.8297     10.654   139.3007 1.0157e+01     7.8329      1.614      2.341    18.4196 0.0000e+00
      1.647      0.012    10.1217    102.411     36.973  32.015623    14.1156     10.650   140.3492 1.0143e+01     7.7942      1.615      2.342    18.3928 0.0000e+00
      1.648      0.013     9.9678    101.121     36.961  32.000975    14.1715     10.645   141.0162 1.0137e+01     7.9010      1.616      2.343    18.3671 0.0000e+00
      1.650      0.014     9.8527     99.604     36.981  32.018135    14.2130     10.639   141.6871 1.0084e+01     8.0306      1.617      2.345    18.3350 0.0000e+00
      1.655      0.016     9.7451     97.907     37.070  32.096230    14.2517     10.634   142.9547 9.9717e+00     8.0973      1.622      2.352    18.3021 0.0000e+00
      1.661      0.017     9.6391     96.163     37.175  32.183945    14.2486     10.629   144.7270 9.8556e+00     8.0587      1.629      2.363    18.2868 0.0000e+00
      1.667      0.019     9.5271     94.561     37.193  32.190552    14.2423     10.624   146.4249 9.7735e+00     8.0759      1.636      2.373    18.2840 0.0000e+00
      1.671      0.020     9.3791     93.332     37.186  32.176107    14.2329     10.619   147.6519 9.7149e+00     8.1685      1.639      2.377    18.2842 0.0000e+00
      1.674      0.021     9.2148     92.626     37.290  32.263024    13.7611     10.613   148.2912 9.6419e+00     8.1877      1.642      2.381    18.2902 0.0000e+00
      1.679      0.024     9.0457     92.415     37.622  32.543624    12.8407     10.606   148.3901 9.5342e+00     8.1029      1.645      2.386    18.2860 0.0000e+00
      1.685      0.027     8.8880     92.425     38.151  32.967777    12.3182     10.598   148.2458 9.4040e+00     7.9976      1.651      2.396    18.2698 0.0000e+00
      1.692      0.032     8.7710     92.346     38.651  33.331171    12.2959     10.591   148.1818 9.2489e+00     8.0413      1.659      2.406    18.2554 0.0000e+00
      1.701      0.036     8.7031     92.053     38.880  33.448006    12.5873     10.585   148.3905 9.0583e+00     8.2214      1.667      2.418    18.2536 0.0000e+00
      1.712      0.037     8.6940     91.519     38.779  33.301785    13.0785     10.579   148.9617 8.8553e+00     8.3657      1.679      2.435    18.2599 0.0000e+00
      1.724      0.035     8.7137     90.580     38.623  33.149214    13.3157     10.572   150.0113 8.6709e+00     8.4194      1.691      2.452    18.2252 0.0000e+00
      1.735      0.032     8.7280     88.886     38.579  33.125879    13.3082     10.565   151.3594 8.5245e+00     8.4269      1.702      2.470    18.1196 0.0000e+00
      1.743      0.028     8.7199     86.088     38.509  33.083109    13.1710     10.557   152.1830 8.4437e+00     8.4217      1.712      2.483    18.0007 0.0000e+00
      1.747      0.024     8.6898     82.107     38.415  33.012755    12.9140     10.550   152.3127 8.4041e+00     8.3562      1.715      2.487    17.9117 0.0000e+00
      1.750      0.023     8.6187     77.391     38.431  33.036552    12.7471     10.542   152.5831 8.3485e+00     8.2497      1.716      2.489    17.8897 0.0000e+00
      1.754      0.023     8.4633     72.731     38.667  33.243963    12.7097     10.533   153.1291 8.2661e+00     8.2952      1.719      2.495    17.9317 0.0000e+00
      1.760      0.025     8.2001     68.727     39.050  33.553839    12.7777     10.524   153.5804 8.1521e+00     8.5317      1.725      2.502    17.9562 0.0000e+00
      1.767      0.029     7.8060     65.674     39.320  33.737956    12.9286     10.516   154.0816 8.0319e+00     8.7862      1.733      2.513    17.9639 0.0000e+00
      1.775      0.032     7.3242     63.823     39.473  33.820514    13.0279     10.506   154.7149 7.9168e+00     8.8446      1.741      2.525    17.9775 0.0000e+00
      1.785      0.034     6.8598     63.198     39.628  33.917537    13.0297     10.495   155.3009 7.7924e+00     8.7256      1.751      2.540    17.9948 0.0000e+00
      1.795      0.035     6.4795     63.404     39.714  33.959342    12.9501     10.485   155.7459 7.6770e+00     8.8151      1.761      2.554    17.9779 0.0000e+00
      1.804      0.034     6.1885     63.728     39.727  33.945267    12.8230     10.475   156.1377 7.5497e+00     9.1417      1.768      2.564    17.8933 0.0000e+00
      1.813      0.032     6.0186     63.409     39.733  33.937659    12.7405     10.465   156.5967 7.4043e+00     9.3266      1.779      2.579    17.8270 0.0000e+00
      1.823      0.028     5.9784     62.069     39.729  33.930790    12.7358     10.456   157.0795 7.2981e+00     9.3091      1.790      2.596    17.7931 0.0000e+00
      1.830      0.023     6.0271     59.745     39.720  33.925651    12.7248     10.447   157.5878 7.2414e+00     9.2028      1.796      2.604    17.7464 0.0000e+00
      1.835      0.019     6.0942     56.704     39.735  33.938974    12.5247     10.438   158.1822 7.2031e+00     9.1345      1.800      2.610    17.7142 0.0000e+00
      1.838      0.016     6.0762     53.323     39.772  33.964986    12.1972     10.429   158.8465 7.1769e+00     9.1671      1.803      2.615    17.6983 0.0000e+00
      1.840      0.015     5.9462     49.992     39.800  33.986374    12.0429     10.420   159.5104 7.1553e+00     9.1863      1.805      2.618    17.6954 0.0000e+00
      1.841      0.015     5.7146     47.141     39.819  34.007243    12.0418     10.411   160.0143 7.0981e+00     9.1617      1.805      2.618    17.7036 0.0000e+00
      1.845      0.016     5.4105     45.086     39.838  34.026978    12.0750     10.403   160.2932 7.0011e+00     9.3138      1.808      2.621    17.7064 0.0000e+00
      1.851      0.018     5.0783     43.841     39.852  34.034659    12.1447     10.394   160.4735 6.9095e+00     9.7283      1.815      2.633    17.6949 0.0000e+00
      1.857      0.020     4.7471     43.276     39.862  34.036668    12.1864     10.386   160.7319 6.8365e+00    10.0733      1.823      2.644    17.6848 0.0000e+00
      1.862      0.020     4.4595     43.206     39.885  34.051263    12.1706     10.379   161.0937 6.7863e+00    10.1034      1.827      2.649    17.6985 0.0000e+00
      1.867      0.019     4.2666     43.384     39.925  34.084222    12.1626     10.371   161.4927 6.7468e+00    10.0585      1.830      2.655    17.7081 0.0000e+00
      1.872      0.016     4.1533     43.641     39.966  34.117952    12.1975     10.363   161.9425 6.6988e+00    10.1791      1.836      2.663    17.6982 0.0000e+00
      1.877      0.014     4.1050     43.876     39.998  34.141852    12.2258     10.356   162.4889 6.6513e+00    10.3664      1.841      2.670    17.6861 0.0000e+00
      1.880      0.012     4.1105     44.042     40.054  34.182866    12.2128     10.349   163.0225 6.6092e+00    10.5122      1.844      2.675    17.6814 0.0000e+00
      1.882      0.010     4.1308     44.118     40.124  34.233166    11.9916     10.342   163.2316 6.5719e+00    10.2683      1.846      2.677    17.6810 0.0000e+00
      1.883      0.008     4.1598     44.054     40.150  34.242442    11.5822     10.336   163.2961 6.5418e+00     9.6721      1.847      2.678    17.6808 0.0000e+00
      1.886      0.007     4.1832     43.791     40.154  34.231563    11.3576     10.329   163.6311 6.5271e+00     9.3841      1.850      2.683    17.6771 0.0000e+00
      1.887      0.008     4.2000     43.322     40.166  34.228498    11.3486     10.321   164.0125 6.5295e+00     9.4841      1.852      2.686    17.6682 0.0000e+00
      1.887      0.011     4.2103     42.693     40.143  34.205373    11.3814     10.313   164.2078 6.5250e+00     9.7200      1.851      2.684    17.6565 0.0000e+00
      1.888      0.014     4.2079     41.900     40.061  34.142291    11.3965     10.307   164.4436 6.4884e+00     9.9131      1.850      2.684    17.6399 0.0000e+00
      1.893      0.017     4.1857     40.939     40.002  34.100240    11.3735     10.300   164.7123 6.4297e+00     9.9058      1.855      2.690    17.6220 0.0000e+00
      1.899      0.021     4.1387     39.878     40.054  34.141055    11.3685     10.290   164.8758 6.3653e+00     9.8717      1.863      2.702    17.6001 0.0000e+00
      1.906      0.024     4.0803     38.798     40.134  34.191662    11.3948     10.281   165.0436 6.2933e+00     9.9102      1.870      2.712    17.5942 0.0000e+00
      1.913      0.025     4.0053     37.836     40.169  34.204549    11.5839     10.272   165.2789 6.2232e+00     9.8592      1.876      2.721    17.6095 0.0000e+00
      1.920      0.024     3.9079     37.182     40.220  34.233407    11.9229     10.265   165.5693 6.1719e+00     9.6647      1.883      2.731    17.6244 0.0000e+00
