Data/DataNotYetUploadedToEDI/Raw_CTD/RawDownloads/061724_fcr30_S7809005.cnv
* Sea-Bird SBE19plus  Data File:
* FileName = C:\R\Reservoirs\Data\DataNotYetUploadedToEDI\Raw_CTD\RawDownloads\061724_fcr50_S7809_0005.hex
* Software version 2.8.0.119
* Temperature SN = 7809
* Conductivity SN = 7809
* System UpLoad Time = Jun 20 2024 16:10:07
* <ApplicationData>
* <Seaterm232>
# nquan = 15
# nvalues = 1166                        
# units = specified
# name 0 = depFM: Depth [fresh water, m]
# name 1 = dz/dtM: Descent Rate [m/s]
# name 2 = sbeox0Mg/L: Oxygen, SBE 43 [mg/l]
# name 3 = sbeox0PS: Oxygen, SBE 43 [% saturation]
# name 4 = specc: Specific Conductance [uS/cm]
# name 5 = c0uS/cm: Conductivity [uS/cm]
# name 6 = flECO-AFL: Fluorescence, WET Labs ECO-AFL/FL [mg/m^3]
# name 7 = ph: pH
# name 8 = orp: Oxidation Reduction Potential [mV]
# name 9 = par/sat/log: PAR/Logarithmic, Satlantic
# name 10 = turbWETntu0: Turbidity, WET Labs ECO [NTU]
# name 11 = prdM: Pressure, Strain Gauge [db]
# name 12 = prdE: Pressure, Strain Gauge [psi]
# name 13 = tv290C: Temperature [ITS-90, deg C]
# name 14 = flag:  0.000e+00
# span 0 =     -0.604,      5.386       
# span 1 =     -0.324,      0.211       
# span 2 =     0.5147,    14.3974       
# span 3 =      4.896,    172.990       
# span 4 =      1.733,     49.717       
# span 5 =   1.740708,  45.191853       
# span 6 =    -0.2949,    24.0489       
# span 7 =      9.563,     10.684       
# span 8 =    24.1197,   392.1994       
# span 9 = 4.6129e-01, 2.4472e+03       
# span 10 =    -5.5940,   953.3579      
# span 11 =     -0.593,      5.283      
# span 12 =     -0.859,      7.661      
# span 13 =    11.4284,    28.3732      
# span 14 = 0.0000e+00, 0.0000e+00      
# interval = seconds: 0.25
# start_time = Jun 17 2024 13:26:56 [Instrument's time stamp, header]
# bad_flag = -9.990e-29
*END*
[from data line 772]
      2.885      0.078     3.7434     34.872     40.666  34.720902     2.6232     10.333   160.7882 1.5935e+01     6.9592      2.831      4.105    18.0694 0.0000e+00
      2.903      0.074     3.6340     33.811     40.723  34.709537     2.6261     10.330   161.2055 1.5765e+01     6.8632      2.849      4.131    17.9786 0.0000e+00
      2.919      0.071     3.5165     32.746     40.844  34.736831     2.6194     10.327   161.6444 1.5593e+01     6.9885      2.863      4.151    17.8427 0.0000e+00
      2.936      0.071     3.4155     31.758     40.983  34.797023     2.6176     10.324   162.0514 1.5387e+01     7.3464      2.878      4.174    17.7312 0.0000e+00
      2.954      0.073     3.3236     30.883     41.177  34.929662     2.6291     10.320   162.4259 1.5175e+01     7.5699      2.897      4.202    17.6934 0.0000e+00
      2.973      0.076     3.2255     30.052     41.476  35.135003     2.6336     10.317   162.8173 1.4988e+01     7.6073      2.916      4.229    17.6281 0.0000e+00
      2.992      0.080     3.1286     29.203     41.723  35.249384     2.6139     10.315   162.9983 1.4813e+01     7.6277      2.933      4.254    17.5072 0.0000e+00
      3.012      0.082     3.0363     28.313     41.836  35.233892     2.5819     10.313   163.1517 1.4589e+01     7.7143      2.952      4.282    17.4281 0.0000e+00
      3.036      0.080     2.9574     27.185     41.882  35.201348     2.5717     10.310   163.6391 1.4314e+01     7.8002      2.977      4.318    17.4197 0.0000e+00
      3.061      0.075     2.8834     25.578     41.870  35.173044     2.5818     10.305   164.1586 1.4074e+01     7.8131      3.003      4.356    17.3798 0.0000e+00
      3.082      0.067     2.8063     23.516     41.831  35.145445     2.6216     10.301   164.4428 1.3900e+01     7.6987      3.024      4.386    17.2470 0.0000e+00
      3.097      0.056     2.7379     21.282     41.800  35.121457     2.6863     10.296   164.7530 1.3771e+01     7.4760      3.039      4.407    17.0853 0.0000e+00
      3.108      0.044     2.6473     19.254     41.749  35.073353     2.7234     10.291   165.4141 1.3654e+01     7.3747      3.049      4.422    16.9905 0.0000e+00
      3.117      0.034     2.4890     17.701     41.683  35.007958     2.7372     10.287   166.0695 1.3547e+01     7.3966      3.057      4.435    16.9923 0.0000e+00
      3.123      0.030     2.2790     16.693     41.421  34.774903     2.7285     10.284   166.3104 1.3472e+01     7.2966      3.063      4.444    17.0088 0.0000e+00
      3.126      0.032     2.0480     16.210     40.970  34.349237     2.6926     10.280   166.3480 1.3406e+01     7.0540      3.066      4.447    17.0085 0.0000e+00
      3.128      0.039     1.8423     16.245     40.814  34.112127     2.6606     10.279   166.4379 1.3322e+01     6.8889      3.067      4.448    17.0059 0.0000e+00
      3.136      0.048     1.6924     16.748     40.889  34.065078     2.6496     10.279   166.5368 1.3175e+01     6.8720      3.071      4.454    16.9848 0.0000e+00
      3.153      0.058     1.5967     17.565     40.785  33.907116     2.6271     10.277   166.5972 1.2970e+01     6.9179      3.091      4.482    16.9811 0.0000e+00
      3.175      0.070     1.5506     18.550     40.669  33.724825     2.5797     10.273   166.8237 1.2799e+01     6.9645      3.115      4.520    16.9599 0.0000e+00
      3.195      0.082     1.5594     19.593     40.790  33.700808     2.5514     10.272   167.2967 1.2663e+01     6.9921      3.133      4.544    16.7852 0.0000e+00
      3.214      0.091     1.6217     20.583     41.075  33.806898     2.5420     10.272   167.9284 1.2502e+01     7.0130      3.151      4.570    16.6151 0.0000e+00
      3.236      0.096     1.7072     21.440     41.350  33.928829     2.5330     10.271   168.5240 1.2298e+01     7.0454      3.171      4.599    16.5803 0.0000e+00
      3.264      0.098     1.8097     22.091     41.560  34.032934     2.5174     10.270   168.8210 1.2046e+01     7.3837      3.198      4.638    16.4830 0.0000e+00
      3.295      0.098     1.9237     22.436     41.721  34.113871     2.4945     10.267   168.9377 1.1797e+01     8.0294      3.233      4.690    16.3029 0.0000e+00
      3.324      0.094     2.0300     22.367     41.835  34.146023     2.4903     10.264   169.2459 1.1608e+01     8.4306      3.263      4.733    16.1388 0.0000e+00
      3.347      0.086     2.1225     21.846     41.936  34.167831     2.4991     10.262   169.7947 1.1454e+01     8.5456      3.283      4.761    16.0024 0.0000e+00
      3.367      0.075     2.1936     20.933     42.012  34.187135     2.4593     10.261   170.2396 1.1309e+01     8.6345      3.302      4.790    15.9305 0.0000e+00
      3.384      0.065     2.2343     19.747     42.056  34.189030     2.3753     10.258   170.4087 1.1193e+01     8.6847      3.320      4.815    15.8916 0.0000e+00
      3.397      0.058     2.2330     18.412     42.110  34.190705     2.3243     10.256   170.5479 1.1098e+01     8.6749      3.332      4.833    15.8058 0.0000e+00
      3.409      0.056     2.1827     17.043     42.205  34.207338     2.3182     10.255   170.8905 1.1015e+01     8.7208      3.343      4.849    15.7219 0.0000e+00
      3.421      0.056     2.0895     15.723     42.375  34.263178     2.3175     10.253   171.2818 1.0921e+01     8.9659      3.354      4.865    15.6807 0.0000e+00
      3.435      0.058     1.9685     14.513     42.518  34.294745     2.3070     10.250   171.4931 1.0796e+01     9.3161      3.367      4.883    15.6462 0.0000e+00
      3.450      0.061     1.8336     13.492     42.549  34.271678     2.2907     10.247   171.6387 1.0641e+01     9.4702      3.383      4.906    15.6021 0.0000e+00
      3.467      0.065     1.6964     12.640     42.536  34.238005     2.2792     10.244   171.7514 1.0477e+01     9.4290      3.400      4.931    15.5315 0.0000e+00
      3.486      0.067     1.5681     11.862     42.560  34.204815     2.3093     10.241   171.8234 1.0327e+01     9.4332      3.419      4.958    15.4317 0.0000e+00
      3.503      0.069     1.4458     11.157     42.642  34.187545     2.3720     10.239   171.9069 1.0175e+01     9.4524      3.436      4.984    15.3041 0.0000e+00
      3.520      0.070     1.3455     10.553     42.721  34.155991     2.4043     10.237   171.8147 1.0018e+01     9.4224      3.452      5.007    15.2482 0.0000e+00
      3.537      0.072     1.2666     10.036     42.757  34.076971     2.4001     10.234   171.7411 9.8688e+00     9.4116      3.469      5.032    15.2693 0.0000e+00
      3.555      0.074     1.1883      9.605     42.782  33.993340     2.4128     10.232   171.9636 9.7152e+00     9.3899      3.485      5.056    15.1928 0.0000e+00
      3.574      0.074     1.1186      9.251     42.837  33.969485     2.4673     10.229   172.2680 9.5365e+00     9.3318      3.504      5.082    15.0820 0.0000e+00
      3.596      0.070     1.0620      8.954     42.868  33.978791     2.5087     10.226   172.6676 9.3275e+00     9.2550      3.526      5.114    14.9843 0.0000e+00
      3.617      0.065     1.0123      8.750     42.841  33.978953     2.5052     10.222   173.0959 9.1321e+00     9.1794      3.549      5.147    14.8427 0.0000e+00
      3.635      0.060     0.9711      8.677     42.808  33.971478     2.4926     10.219   173.2310 8.9846e+00     9.1689      3.568      5.175    14.7118 0.0000e+00
      3.648      0.056     0.9396      8.704     42.803  33.951877     2.4891     10.217   173.2683 8.8789e+00     9.3319      3.579      5.191    14.6217 0.0000e+00
      3.656      0.055     0.9072      8.797     42.855  33.932276     2.4961     10.214   173.4611 8.7884e+00     9.6135      3.584      5.199    14.6098 0.0000e+00
      3.665      0.056     0.8832      8.932     42.948  33.924742     2.5103     10.212   173.7557 8.6697e+00     9.7390      3.591      5.209    14.6580 0.0000e+00
      3.680      0.059     0.8772      9.050     43.048  33.924137     2.5115     10.210   173.9903 8.5290e+00     9.7223      3.607      5.231    14.6901 0.0000e+00
      3.699      0.064     0.8823      9.128     43.145  33.924877     2.5354     10.209   174.1469 8.3815e+00     9.7867      3.627      5.261    14.6815 0.0000e+00
      3.718      0.068     0.8920      9.172     43.228  33.933595     2.5992     10.206   174.4436 8.2252e+00     9.9026      3.646      5.288    14.5943 0.0000e+00
      3.737      0.070     0.9122      9.149     43.313  33.966034     2.6338     10.204   174.7383 8.0931e+00     9.9625      3.665      5.316    14.4830 0.0000e+00
      3.755      0.071     0.9267      9.066     43.414  33.999819     2.6383     10.202   174.8717 7.9824e+00     9.9648      3.684      5.343    14.4048 0.0000e+00
      3.770      0.072     0.9337      8.950     43.535  34.024815     2.7615     10.201   174.9372 7.8688e+00    10.1347      3.697      5.362    14.3015 0.0000e+00
      3.786      0.073     0.9446      8.827     43.712  34.077836     3.0081     10.199   174.9289 7.7500e+00    10.5822      3.711      5.382    14.2310 0.0000e+00
      3.806      0.074     0.9397      8.729     43.894  34.133226     3.1564     10.196   175.0290 7.6162e+00    10.9012      3.732      5.412    14.2155 0.0000e+00
      3.827      0.074     0.9323      8.676     44.045  34.186859     3.2723     10.194   175.3726 7.4611e+00    10.9848      3.753      5.443    14.1677 0.0000e+00
      3.848      0.073     0.9209      8.661     44.208  34.282117     4.3760     10.190   175.7283 7.2993e+00    11.3201      3.774      5.473    14.0779 0.0000e+00
      3.868      0.070     0.9087      8.655     44.385  34.396694     6.3886     10.186   175.9738 7.1418e+00    11.9147      3.795      5.504    13.9789 0.0000e+00
      3.885      0.065     0.9006      8.660     44.555  34.493584     7.4895     10.183   176.1903 7.0039e+00    12.2646      3.812      5.528    13.8694 0.0000e+00
      3.900      0.060     0.8959      8.658     44.703  34.565307     7.5663     10.181   176.3672 6.8972e+00    12.3741      3.826      5.548    13.7863 0.0000e+00
      3.914      0.055     0.8980      8.588     44.840  34.629372     7.1173     10.179   176.6504 6.7983e+00    12.6235      3.838      5.566    13.7679 0.0000e+00
      3.927      0.051     0.8957      8.435     44.971  34.697104     6.2555     10.176   177.2057 6.7021e+00    12.9571      3.851      5.584    13.7545 0.0000e+00
      3.940      0.048     0.8976      8.226     45.070  34.749736     5.7778     10.171   177.6612 6.6011e+00    13.0603      3.864      5.603    13.7079 0.0000e+00
      3.953      0.046     0.9023      7.961     45.186  34.821579     5.7281     10.168   177.7690 6.5025e+00    13.0170      3.877      5.623    13.6564 0.0000e+00
      3.963      0.046     0.8962      7.659     45.359  34.931249     5.6870     10.167   177.8206 6.4251e+00    13.0143      3.887      5.638    13.6089 0.0000e+00
      3.973      0.048     0.8787      7.351     45.581  35.060552     5.2979     10.166   177.9406 6.3358e+00    13.0968      3.895      5.650    13.5684 0.0000e+00
      3.984      0.052     0.8588      7.032     45.983  35.306283     4.6015     10.163   178.1013 6.2338e+00    13.2621      3.906      5.667    13.5451 0.0000e+00
      3.996      0.059     0.8306      6.712     46.496  35.618108     4.2255     10.160   178.3875 6.1361e+00    13.4072      3.918      5.684    13.5287 0.0000e+00
      4.010      0.066     0.7972      6.449     46.832  35.785097     4.1560     10.158   178.8197 6.0111e+00    13.5532      3.932      5.702    13.5103 0.0000e+00
      4.029      0.072     0.7668      6.257     47.122  35.929307     3.6861     10.156   179.1962 5.8524e+00    14.4136      3.951      5.728    13.4657 0.0000e+00
      4.052      0.076     0.7356      6.093     47.584  36.219518     2.8065     10.152   179.3270 5.6999e+00    15.8843      3.974      5.763    13.3948 0.0000e+00
      4.076      0.077     0.6995      5.935     48.036  36.502041     2.3096     10.148   179.4548 5.5687e+00    16.6125      3.999      5.800    13.3066 0.0000e+00
      4.097      0.076     0.6728      5.774     48.352  36.680173     2.2385     10.146   179.7945 5.4363e+00    16.7623      4.019      5.829    13.1948 0.0000e+00
      4.115      0.074     0.6576      5.623     48.653  36.850342     2.0545     10.144   180.2507 5.3088e+00    17.8325      4.035      5.852    13.1117 0.0000e+00
      4.131      0.072     0.6403      5.483     48.980  37.036561     1.7250     10.142   181.0136 5.1955e+00    19.6796      4.051      5.876    13.0597 0.0000e+00
      4.147      0.072     0.6262      5.323     49.221  37.154917     1.5347     10.138   182.0486 5.0759e+00    20.6161      4.066      5.897    12.9929 0.0000e+00
      4.165      0.073     0.6089      5.134     49.367  37.202563     1.5014     10.135   182.8716 4.9339e+00    20.6830      4.083      5.921    12.9235 0.0000e+00
      4.185      0.076     0.5929      4.966     49.486  37.231837     1.4389     10.132   183.5643 4.7833e+00    21.3775      4.104      5.953    12.8706 0.0000e+00
      4.207      0.080     0.5814      4.896     49.584  37.254975     1.3356     10.129   184.4016 4.6544e+00    22.7272      4.126      5.984    12.8060 0.0000e+00
      4.227      0.086     0.5655      4.986     49.619  37.228443     1.2852     10.125   185.2520 4.5324e+00    23.5099      4.145      6.011    12.7385 0.0000e+00
      4.247      0.092     0.5446      5.270     49.629  37.164812     1.2710     10.122   186.1028 4.4025e+00    23.5989      4.165      6.040    12.6783 0.0000e+00
      4.269      0.097     0.5239      5.754     49.680  37.120088     1.1966     10.119   186.8583 4.2734e+00    23.9400      4.184      6.069    12.6084 0.0000e+00
      4.294      0.101     0.5147      6.453     49.717  37.068333     1.0932     10.116   187.3321 4.1224e+00    24.6968      4.209      6.103    12.5654 0.0000e+00
      4.325      0.103     0.5239      7.508     49.692  36.983152     1.0532     10.112   187.7870 3.9606e+00    25.1654      4.241      6.151    12.5197 0.0000e+00
      4.356      0.102     0.5543      9.075     49.589  36.851561     1.0538     10.108   188.3154 3.8183e+00    25.2338      4.273      6.197    12.4452 0.0000e+00
      4.383      0.099     0.6090     11.099     49.422  36.682858     1.0421     10.105   188.7306 3.6994e+00    25.1823      4.300      6.237    12.3550 0.0000e+00
      4.407      0.092     0.6791     13.410     49.267  36.529690     0.9952     10.103   189.0218 3.6172e+00    24.7811      4.322      6.270    12.2693 0.0000e+00
      4.427      0.082     0.7823     15.894     49.133  36.395573     0.9361     10.100   189.2550 3.5301e+00    24.1405      4.341      6.296    12.2072 0.0000e+00
      4.447      0.074     0.9572     18.541     48.996  36.266846     0.9266     10.097   189.3983 3.4201e+00    23.8242      4.362      6.327    12.1484 0.0000e+00
      4.465      0.068     1.1829     21.347     48.816  36.115384     0.9400     10.093   189.5496 3.3384e+00    23.6899      4.382      6.355    12.1069 0.0000e+00
      4.480      0.067     1.4375     24.212     48.546  35.896759     0.8810     10.090   189.9659 3.2664e+00    22.3461      4.393      6.371    12.0698 0.0000e+00
      4.494      0.071     1.7057     27.047     48.274  35.653921     0.7617     10.086   190.3883 3.1706e+00    19.9422      4.406      6.390    12.0327 0.0000e+00
      4.509      0.077     1.9896     29.829     48.103  35.463459     0.7042     10.084   190.5263 3.0620e+00    18.7076      4.422      6.414    12.0032 0.0000e+00
      4.527      0.084     2.2995     32.546     48.063  35.370445     0.7106     10.082   190.4313 2.9311e+00    18.5889      4.437      6.436    11.9848 0.0000e+00
      4.552      0.090     2.6122     35.283     48.110  35.354087     0.6808     10.081   190.3570 2.7788e+00    18.0284      4.460      6.469    11.9808 0.0000e+00
