Data/DataNotYetUploadedToEDI/Raw_CTD/RawDownloads/061724_fcr50_S7809002.cnv
* Sea-Bird SBE19plus  Data File:
* FileName = C:\R\Reservoirs\Data\DataNotYetUploadedToEDI\Raw_CTD\RawDownloads\061724_fcr50_S7809_0002.hex
* Software version 2.8.0.119
* Temperature SN = 7809
* Conductivity SN = 7809
* System UpLoad Time = Jun 20 2024 16:08:39
* <ApplicationData>
* <Seaterm232>
# nquan = 15
# nvalues = 1946                        
# units = specified
# name 0 = depFM: Depth [fresh water, m]
# name 1 = dz/dtM: Descent Rate [m/s]
# name 2 = sbeox0Mg/L: Oxygen, SBE 43 [mg/l]
# name 3 = sbeox0PS: Oxygen, SBE 43 [% saturation]
# name 4 = specc: Specific Conductance [uS/cm]
# name 5 = c0uS/cm: Conductivity [uS/cm]
# name 6 = flECO-AFL: Fluorescence, WET Labs ECO-AFL/FL [mg/m^3]
# name 7 = ph: pH
# name 8 = orp: Oxidation Reduction Potential [mV]
# name 9 = par/sat/log: PAR/Logarithmic, Satlantic
# name 10 = turbWETntu0: Turbidity, WET Labs ECO [NTU]
# name 11 = prdM: Pressure, Strain Gauge [db]
# name 12 = prdE: Pressure, Strain Gauge [psi]
# name 13 = tv290C: Temperature [ITS-90, deg C]
# name 14 = flag:  0.000e+00
# span 0 =     -0.593,      9.509       
# span 1 =     -0.364,      3.857       
# span 2 =     0.0854,    13.8808       
# span 3 =      0.870,    165.772       
# span 4 =      0.498,    410.993       
# span 5 =   0.552416, 300.352017       
# span 6 =    -2.2389,   227.6504       
# span 7 =      7.591,     10.249       
# span 8 =  -230.8889,   279.1619       
# span 9 = 1.2342e-01, 2.3577e+03       
# span 10 =    -1.0987,   152.8737      
# span 11 =     -0.581,      9.326      
# span 12 =     -0.843,     13.526      
# span 13 =    11.4084,    30.4334      
# span 14 = 0.0000e+00, 0.0000e+00      
# interval = seconds: 0.25
# start_time = Jun 17 2024 12:30:59 [Instrument's time stamp, header]
# bad_flag = -9.990e-29
*END*
     -0.592      0.000     7.1633     95.499      0.812   0.899921    -0.0719      7.654   270.1391 2.0761e+03     3.5049     -0.580     -0.842    30.4334 0.0000e+00
     -0.592      0.000     7.1639     95.525      0.724   0.802329    -0.0693      7.646   254.5822 1.7116e+03     3.5647     -0.580     -0.842    30.4332 0.0000e+00
     -0.592      0.000     7.1629     95.520      0.874   0.969217    -0.0682      7.641   241.2133 1.3793e+03     3.5783     -0.580     -0.842    30.4332 0.0000e+00
     -0.592      0.003     7.1612     95.509      1.032   1.144292    -0.0671      7.641   234.5447 1.7052e+03     3.5329     -0.581     -0.842    30.4331 0.0000e+00
     -0.592      0.032     7.1644     95.504      0.976   1.082342    -0.0721      7.640   226.5226 2.0287e+03     3.4595     -0.581     -0.843    30.4327 0.0000e+00
     -0.592      0.351     7.1682     95.506      0.884   0.980246    -0.0708      7.640   221.6540 1.6832e+03     3.4426     -0.580     -0.842    30.4325 0.0000e+00
     -0.592      3.857     7.1660     95.520      0.889   0.986602    -0.0517      7.640   215.8591 1.1018e+03     3.4649     -0.580     -0.842    30.4325 0.0000e+00
     -0.592 4.2423e-99     7.1650     95.525      0.988   1.095813    -0.0401      7.638   209.8024 8.5825e+02     3.4550     -0.580     -0.841    30.4323 0.0000e+00
     -0.592 4.6665e-98     7.1651     95.505      0.989   1.097273    -0.0471      7.634   201.5080 1.0831e+03     3.4606     -0.581     -0.842    30.4322 0.0000e+00
     -0.592 5.1331e-97     7.1645     95.499      0.792   0.877588    -0.0528      7.632   190.9435 1.6634e+03     3.4984     -0.580     -0.842    30.4322 0.0000e+00
     -0.592 5.6465e-96     7.1663     95.518      0.764   0.846397    -0.0599      7.634   183.7661 2.0586e+03     3.5024     -0.580     -0.842    30.4321 0.0000e+00
     -0.592 6.2111e-95     7.1681     95.522      1.049   1.163356    -0.0744      7.637   177.9660 2.1052e+03     3.5089     -0.581     -0.843    30.4318 0.0000e+00
     -0.592 6.8322e-94     7.1645     95.524      1.106   1.226310    -0.0707      7.639   176.0520 2.1024e+03     3.5767     -0.580     -0.842    30.4314 0.0000e+00
     -0.592 7.5154e-93     7.1632     95.553      1.050   1.164351    -0.0482      7.640   178.3479 2.0954e+03     3.6049     -0.581     -0.842    30.4315 0.0000e+00
     -0.592 8.2670e-92     7.1678     95.566      1.117   1.237690    -0.0431      7.639   178.5366 2.0958e+03     3.5420     -0.581     -0.842    30.4313 0.0000e+00
     -0.592 9.0937e-91     7.1667     95.538      0.935   1.036277    -0.0509      7.640   175.7521 2.1000e+03     3.4990     -0.581     -0.842    30.4311 0.0000e+00
     -0.592 1.0003e-89     7.1650     95.533      0.510   0.565763    -0.0512      7.640   168.7725 2.1028e+03     3.5293     -0.580     -0.841    30.4310 0.0000e+00
     -0.592 1.1003e-88     7.1693     95.539      0.498   0.552416    -0.0548      7.640   161.5163 2.1054e+03     3.5668     -0.580     -0.842    30.4310 0.0000e+00
     -0.592 1.2104e-87     7.1725     95.534      0.733   0.811719    -0.0618      7.640   156.5904 2.1084e+03     3.5428     -0.581     -0.843    30.4308 0.0000e+00
     -0.592 1.3314e-86     7.1658     95.553      0.768   0.850852    -0.0683      7.642   154.0403 2.1105e+03     3.4104     -0.581     -0.842    30.4306 0.0000e+00
     -0.592 1.4645e-85     7.1671     95.549      0.753   0.835556    -0.0663      7.645   152.4515 2.1106e+03     3.2637     -0.581     -0.842    30.4307 0.0000e+00
     -0.592 1.6110e-84     7.1701     95.517      0.736   0.816790    -0.0557      7.645   148.3072 2.1090e+03     3.2383     -0.580     -0.842    30.4305 0.0000e+00
     -0.592 1.7721e-83     7.1645     95.521      0.734   0.813965    -0.0561      7.643   142.3917 2.1063e+03     3.2394     -0.581     -0.842    30.4299 0.0000e+00
     -0.592 1.9493e-82     7.1709     95.544      0.723   0.801404    -0.0619      7.641   137.0257 2.1033e+03     3.2093     -0.581     -0.842    30.4298 0.0000e+00
     -0.592 2.1442e-81     7.1700     95.526      0.714   0.791587    -0.0596      7.641   132.8990 2.1020e+03     3.2828     -0.581     -0.843    30.4299 0.0000e+00
     -0.592 2.3587e-80     7.1644     95.491      0.741   0.821946    -0.0619      7.641   129.2350 2.1031e+03     3.4108     -0.581     -0.842    30.4298 0.0000e+00
     -0.592 2.5945e-79     7.1656     95.495      0.768   0.851782    -0.0724      7.640   125.5055 2.1052e+03     3.4259     -0.581     -0.842    30.4295 0.0000e+00
     -0.592 2.8540e-78     7.1705     95.527      0.753   0.835642    -0.0708      7.638   121.4485 2.1074e+03     3.4311     -0.581     -0.843    30.4293 0.0000e+00
     -0.592 3.1394e-77     7.1677     95.551      0.736   0.816818    -0.0589      7.638   117.7809 2.1087e+03     3.4054     -0.581     -0.842    30.4294 0.0000e+00
     -0.592 3.4533e-76     7.1625     95.561      0.734   0.814194    -0.0543      7.639   114.6289 2.1093e+03     3.2509     -0.581     -0.843    30.4293 0.0000e+00
     -0.592 3.7987e-75     7.1640     95.575      0.725   0.803916    -0.0564      7.640   111.2156 2.1101e+03     3.1693     -0.580     -0.842    30.4291 0.0000e+00
     -0.592 4.1785e-74     7.1676     95.576      0.739   0.819225    -0.0588      7.640   107.3126 2.1092e+03     3.2040     -0.581     -0.842    30.4288 0.0000e+00
     -0.592 4.5964e-73     7.1698     95.562      0.787   0.872616    -0.0584      7.640   102.2841 2.1085e+03     3.2954     -0.581     -0.842    30.4287 0.0000e+00
     -0.592 5.0560e-72     7.1689     95.542      0.793   0.879422    -0.0602      7.639    97.5655 2.1100e+03     3.3863     -0.581     -0.842    30.4287 0.0000e+00
     -0.592 5.5616e-71     7.1716     95.528      0.756   0.838179    -0.0723      7.639    94.7432 2.1110e+03     3.3804     -0.580     -0.842    30.4286 0.0000e+00
     -0.593 6.1178e-70     7.1712     95.520      0.737   0.817310    -0.0718      7.641    92.2502 2.1109e+03     3.3940     -0.581     -0.843    30.4283 0.0000e+00
     -0.593 6.7296e-69     7.1700     95.522      0.737   0.817112    -0.0538      7.641    89.3633 2.1104e+03     3.4490     -0.581     -0.843    30.4282 0.0000e+00
     -0.592 7.4025e-68     7.1679     95.538      0.754   0.835782    -0.0548      7.640    86.0803 2.1099e+03     3.4303     -0.581     -0.842    30.4283 0.0000e+00
     -0.592 8.1428e-67     7.1673     95.549      0.770   0.853040    -0.0669      7.639    82.8413 2.1103e+03     3.4074     -0.580     -0.841    30.4281 0.0000e+00
     -0.592 8.9570e-66     7.1666     95.554      0.754   0.835765    -0.0674      7.640    79.8841 2.1108e+03     3.4456     -0.581     -0.843    30.4278 0.0000e+00
     -0.592 9.8527e-65     7.1662     95.573      0.736   0.816921    -0.0682      7.641    76.6531 2.1108e+03     3.4474     -0.581     -0.842    30.4277 0.0000e+00
     -0.592 1.0838e-63     7.1682     95.582      0.735   0.815208    -0.0766      7.641    73.1154 2.1105e+03     3.3611     -0.580     -0.842    30.4278 0.0000e+00
     -0.593 1.1922e-62     7.1697     95.563      0.735   0.815053    -0.0692      7.641    69.4608 2.1105e+03     3.2908     -0.581     -0.843    30.4277 0.0000e+00
     -0.593 1.3114e-61     7.1682     95.547      0.735   0.815048    -0.0453      7.642    66.2797 2.1117e+03     3.2796     -0.581     -0.843    30.4274 0.0000e+00
     -0.593 1.4425e-60     7.1711     95.541      0.735   0.815150    -0.0461      7.644    63.2168 2.1158e+03     3.2597     -0.580     -0.842    30.4272 0.0000e+00
     -0.593 1.5868e-59     7.1730     95.544      0.736   0.816294    -0.0623      7.645    59.7886 2.1191e+03     3.2898     -0.581     -0.843    30.4271 0.0000e+00
     -0.592 1.7455e-58     7.1691     95.549      0.748   0.828871    -0.0658      7.645    56.4059 2.1198e+03     3.4045     -0.581     -0.842    30.4272 0.0000e+00
     -0.592 1.9200e-57     7.1691     95.563      0.758   0.840544    -0.0641      7.645    52.9460 2.1219e+03     3.4845     -0.580     -0.841    30.4271 0.0000e+00
     -0.592 2.1120e-56     7.1676     95.578      0.749   0.830757    -0.0583      7.645    49.1881 2.1237e+03     3.4719     -0.581     -0.842    30.4269 0.0000e+00
     -0.592 2.3232e-55     7.1690     95.579      0.755   0.837207    -0.0621      7.645    45.3849 2.1218e+03     3.4234     -0.580     -0.842    30.4268 0.0000e+00
     -0.592 2.5555e-54     7.1689     95.588      0.772   0.855199    -0.0683      7.644    41.8080 2.1209e+03     3.4447     -0.580     -0.842    30.4266 0.0000e+00
     -0.592 2.8111e-53     7.1695     95.589      0.774   0.858289    -0.0574      7.643    38.4632 2.1231e+03     3.4896     -0.581     -0.842    30.4265 0.0000e+00
     -0.592 3.0922e-52     7.1728     95.589      0.789   0.874568    -0.0561      7.643    35.1422 2.1251e+03     3.4546     -0.581     -0.842    30.4265 0.0000e+00
     -0.592 3.4014e-51     7.1700     95.596      0.778   0.862004    -0.0608      7.643    31.9406 2.1272e+03     3.3966     -0.581     -0.842    30.4267 0.0000e+00
     -0.592 3.7416e-50     7.1728     95.571      0.751   0.833059    -0.0474      7.643    28.9201 2.1290e+03     3.3346     -0.580     -0.842    30.4266 0.0000e+00
     -0.592 4.1157e-49     7.1726     95.551      0.759   0.841278    -0.0446      7.643    25.8096 2.1290e+03     3.2517     -0.580     -0.842    30.4262 0.0000e+00
     -0.592 4.5273e-48     7.1706     95.574      0.753   0.834712    -0.0603      7.643    22.8108 2.1284e+03     3.2144     -0.580     -0.841    30.4260 0.0000e+00
     -0.592 4.9800e-47     7.1750     95.589      0.737   0.817010    -0.0622      7.643    20.0225 2.1282e+03     3.3280     -0.580     -0.842    30.4259 0.0000e+00
     -0.592 5.4780e-46     7.1705     95.589      0.737   0.817255    -0.0512      7.642    16.9629 2.1282e+03     3.4976     -0.580     -0.842    30.4258 0.0000e+00
     -0.592 6.0258e-45     7.1669     95.602      0.756   0.837674    -0.0515      7.641    13.6938 2.1295e+03     3.4891     -0.580     -0.842    30.4259 0.0000e+00
     -0.592 6.6284e-44     7.1720     95.606      0.789   0.873883    -0.0583      7.642    10.6098 2.1316e+03     3.4311     -0.580     -0.841    30.4258 0.0000e+00
     -0.592 7.2913e-43     7.1729     95.597      0.789   0.875024    -0.0500      7.643     7.8091 2.1311e+03     3.4787     -0.580     -0.841    30.4256 0.0000e+00
     -0.592 8.0204e-42     7.1709     95.603      0.768   0.851469    -0.0337      7.643     5.9876 2.1293e+03     3.5515     -0.581     -0.842    30.4252 0.0000e+00
     -0.592 8.8224e-41     7.1739     95.606      0.759   0.842442    -0.0366      7.642     3.6426 2.1302e+03     3.5601     -0.580     -0.842    30.4254 0.0000e+00
     -0.592 9.7047e-40     7.1743     95.582      0.748   0.829214    -0.0601      7.641    -2.4760 2.1302e+03     3.4806     -0.580     -0.841    30.4252 0.0000e+00
     -0.592 1.0675e-38     7.1717     95.562      0.738   0.818194    -0.0683      7.638   -16.2828 2.1290e+03     3.4786     -0.581     -0.842    30.4247 0.0000e+00
     -0.592 1.1743e-37     7.1734     95.574      0.754   0.835881    -0.0519      7.632   -34.4068 2.1305e+03     3.5352     -0.581     -0.842    30.4249 0.0000e+00
     -0.592 1.2917e-36     7.1748     95.588      0.770   0.853049    -0.0450      7.631   -43.9410 2.1305e+03     3.4817     -0.580     -0.842    30.4250 0.0000e+00
     -0.592 1.4209e-35     7.1718     95.586      0.754   0.835766    -0.0517      7.634   -46.2088 2.1233e+03     3.4471     -0.581     -0.843    30.4249 0.0000e+00
     -0.592 1.5629e-34     7.1687     95.590      0.736   0.816921    -0.0495      7.634   -52.0185 2.1037e+03     3.4922     -0.581     -0.842    30.4245 0.0000e+00
     -0.593 1.7192e-33     7.1715     95.600      0.735   0.815207    -0.0512      7.637   -59.1200 2.0339e+03     3.4122     -0.581     -0.843    30.4243 0.0000e+00
     -0.593 1.8912e-32     7.1731     95.608      0.735   0.815052    -0.0639      7.640   -73.4800 1.9835e+03     3.1974     -0.581     -0.843    30.4243 0.0000e+00
     -0.592 2.0803e-31     7.1716     95.609      0.735   0.815037    -0.0624      7.638   -90.1315 2.0256e+03     3.1153     -0.580     -0.842    30.4242 0.0000e+00
     -0.592 2.2883e-30     7.1723     95.599      0.735   0.815037    -0.0504      7.633   -85.0190 1.8196e+03     3.1704     -0.581     -0.842    30.4241 0.0000e+00
     -0.592 2.5171e-29     7.1733     95.591      0.735   0.815046    -0.0516      7.638   -72.4945 1.2225e+03     2.7374     -0.581     -0.842    30.4242 0.0000e+00
     -0.592 2.7689e-28     7.1738     95.597      0.735   0.815150    -0.0519      7.658   -70.8553 7.8191e+02     1.8767     -0.581     -0.842    30.4241 0.0000e+00
     -0.592 3.0457e-27     7.1745     95.598      0.736   0.816294    -0.0372      7.668   -71.6519 1.0680e+03     1.4746     -0.580     -0.842    30.4239 0.0000e+00
     -0.592 3.3503e-26     7.1732     95.582      0.748   0.828871    -0.0314      7.663   -71.4578 1.7939e+03     1.4620     -0.580     -0.842    30.4238 0.0000e+00
     -0.592 3.6854e-25     7.1716     95.564      0.758   0.840544    -0.0490      7.657   -72.8962 2.1643e+03     1.4173     -0.580     -0.842    30.4236 0.0000e+00
     -0.592 4.0539e-24     7.1734     95.565      0.749   0.830755    -0.0747      7.654   -77.0834 2.1763e+03     1.3432     -0.580     -0.842    30.4237 0.0000e+00
     -0.592 4.4593e-23     7.1738     95.582      0.755   0.837192    -0.0760      7.651   -82.8518 2.1722e+03     1.3174     -0.581     -0.842    30.4236 0.0000e+00
     -0.592 4.9052e-22     7.1720     95.592      0.772   0.855037    -0.0563      7.638   -84.3059 2.1675e+03     1.3444     -0.580     -0.842    30.4235 0.0000e+00
     -0.592 5.3957e-21     7.1699     95.598      0.773   0.856504    -0.0529      7.619   -84.3409 2.1454e+03     1.3285     -0.581     -0.842    30.4237 0.0000e+00
     -0.592 5.9353e-20     7.1698     95.607      0.771   0.854924    -0.0602      7.610   -93.9438 2.1117e+03     1.2955     -0.580     -0.842    30.4234 0.0000e+00
     -0.592 6.5288e-19     7.1726     95.602      0.754   0.835936    -0.0529      7.611  -109.2117 2.0857e+03     1.2536     -0.580     -0.842    30.4233 0.0000e+00
     -0.592 7.1817e-18     7.1728     95.599      0.736   0.816936    -0.0484      7.604  -138.1647 2.0666e+03     1.1631     -0.581     -0.843    30.4234 0.0000e+00
     -0.592 7.8999e-17     7.1724     95.608      0.735   0.815208    -0.0636      7.591  -173.4177 1.9679e+03     1.0892     -0.580     -0.842    30.4233 0.0000e+00
     -0.592 8.6899e-16     7.1749     95.605      0.735   0.815043    -0.0693      7.591  -195.7701 1.5208e+03     1.1465     -0.580     -0.841    30.4233 0.0000e+00
     -0.592 9.5589e-15     7.1731     95.604      0.735   0.814940    -0.0517      7.593  -219.9999 8.5932e+02     1.2401     -0.581     -0.842    30.4233 0.0000e+00
     -0.592 1.0515e-13     7.1725     95.620      0.734   0.813961    -0.0418      7.591  -230.8889 5.5704e+02     1.1962     -0.580     -0.842    30.4231 0.0000e+00
     -0.592 1.1566e-12     7.1747     95.625      0.724   0.803216    -0.0501      7.601  -212.2219 8.7970e+02     1.1286     -0.580     -0.841    30.4230 0.0000e+00
     -0.592 1.2723e-11     7.1737     95.610      0.732   0.811686    -0.0511      7.618  -188.7461 1.2025e+03     1.1403     -0.580     -0.842    30.4231 0.0000e+00
     -0.592 1.3995e-10     7.1725     95.597      0.770   0.853039    -0.0465      7.634  -166.9619 8.7755e+02     1.1658     -0.580     -0.841    30.4230 0.0000e+00
     -0.592 1.5395e-09     7.1756     95.586      0.775   0.859844    -0.0527      7.649  -143.1074 5.1900e+02     1.1648     -0.580     -0.842    30.4229 0.0000e+00
     -0.591 1.6934e-08     7.1762     95.590      0.749   0.830625    -0.0676      7.653  -127.3816 4.8007e+02     1.1281     -0.580     -0.841    30.4231 0.0000e+00
     -0.591 1.8627e-07     7.1732     95.603      0.736   0.816453    -0.0851      7.645  -129.8003 4.7295e+02     1.1316     -0.579     -0.840    30.4231 0.0000e+00
