Data/DataNotYetUploadedToEDI/Raw_CTD/RawDownloads/061724_fcr20_S7809004.cnv
* Sea-Bird SBE19plus  Data File:
* FileName = C:\R\Reservoirs\Data\DataNotYetUploadedToEDI\Raw_CTD\RawDownloads\061724_fcr50_S7809_0004.hex
* Software version 2.8.0.119
* Temperature SN = 7809
* Conductivity SN = 7809
* System UpLoad Time = Jun 20 2024 16:09:36
* <ApplicationData>
* <Seaterm232>
# nquan = 15
# nvalues = 942                         
# units = specified
# name 0 = depFM: Depth [fresh water, m]
# name 1 = dz/dtM: Descent Rate [m/s]
# name 2 = sbeox0Mg/L: Oxygen, SBE 43 [mg/l]
# name 3 = sbeox0PS: Oxygen, SBE 43 [% saturation]
# name 4 = specc: Specific Conductance [uS/cm]
# name 5 = c0uS/cm: Conductivity [uS/cm]
# name 6 = flECO-AFL: Fluorescence, WET Labs ECO-AFL/FL [mg/m^3]
# name 7 = ph: pH
# name 8 = orp: Oxidation Reduction Potential [mV]
# name 9 = par/sat/log: PAR/Logarithmic, Satlantic
# name 10 = turbWETntu0: Turbidity, WET Labs ECO [NTU]
# name 11 = prdM: Pressure, Strain Gauge [db]
# name 12 = prdE: Pressure, Strain Gauge [psi]
# name 13 = tv290C: Temperature [ITS-90, deg C]
# name 14 = flag:  0.000e+00
# span 0 =     -0.604,      2.681       
# span 1 =     -0.256,      0.176       
# span 2 =    -0.1149,    13.5085       
# span 3 =     -1.057,    165.428       
# span 4 =      2.198,     50.060       
# span 5 =   2.235793,  45.557261       
# span 6 =    -0.8045,    25.5085       
# span 7 =      9.619,     10.664       
# span 8 =    30.5616,   259.5580       
# span 9 = 1.5382e+01, 2.5273e+03       
# span 10 =     1.7287,   131.6511      
# span 11 =     -0.593,      2.630      
# span 12 =     -0.860,      3.814      
# span 13 =    18.8708,    28.4733      
# span 14 = 0.0000e+00, 0.0000e+00      
# interval = seconds: 0.25
# start_time = Jun 17 2024 13:16:51 [Instrument's time stamp, header]
# bad_flag = -9.990e-29
*END*
[from data line 675]
      0.905      0.081    13.2355    161.305     42.924  42.739379    18.0628     10.648   115.2859 2.8922e+02     9.4316      0.889      1.288    25.0117 0.0000e+00
      0.923      0.080    13.3266    160.992     42.804  42.576618    18.1300     10.649   115.3336 2.8330e+02     9.5182      0.905      1.312    24.9669 0.0000e+00
      0.942      0.079    13.3802    160.637     42.730  42.461731    18.3721     10.650   115.2454 2.7443e+02     9.5380      0.923      1.338    24.8979 0.0000e+00
      0.963      0.077    13.3927    160.248     42.672  42.365754    18.7927     10.650   115.1656 2.6352e+02     9.4658      0.943      1.367    24.8318 0.0000e+00
      0.988      0.076    13.3837    159.796     42.579  42.241218    19.0127     10.650   115.2292 2.5384e+02     9.3971      0.969      1.406    24.7774 0.0000e+00
      1.009      0.076    13.3691    159.279     42.461  42.098382    19.0260     10.650   115.4123 2.4666e+02     9.4241      0.991      1.438    24.7287 0.0000e+00
      1.025      0.077    13.3513    158.754     42.358  41.971544    19.0952     10.650   115.8311 2.4019e+02     9.3830      1.005      1.458    24.6785 0.0000e+00
      1.040      0.078    13.3315    158.154     42.197  41.786568    19.2337     10.651   116.3343 2.3282e+02     9.1731      1.019      1.477    24.6327 0.0000e+00
      1.058      0.081    13.3050    157.346     41.888  41.448503    19.3189     10.652   116.5064 2.2384e+02     9.0051      1.034      1.500    24.5942 0.0000e+00
      1.080      0.086    13.2641    156.416     41.607  41.120811    19.3424     10.652   116.4492 2.1398e+02     8.9221      1.057      1.534    24.5662 0.0000e+00
      1.105      0.090    13.2295    155.465     41.483  40.934256    19.5674     10.650   116.5038 2.0462e+02     8.9218      1.083      1.571    24.5367 0.0000e+00
      1.131      0.091    13.1954    154.308     41.390  40.779445    20.0096     10.649   116.7360 1.9582e+02     9.0014      1.108      1.607    24.5079 0.0000e+00
      1.156      0.089    13.1291    152.698     41.248  40.581675    20.2528     10.648   117.1049 1.8785e+02     9.0305      1.135      1.646    24.4801 0.0000e+00
      1.180      0.084    13.0604    150.679     41.099  40.383412    20.2442     10.645   117.4370 1.8141e+02     8.9663      1.160      1.682    24.4171 0.0000e+00
      1.199      0.080    13.0100    148.509     40.987  40.222642    19.8556     10.641   117.6536 1.7594e+02     8.9078      1.177      1.707    24.3306 0.0000e+00
      1.216      0.078    12.9426    146.394     40.914  40.097407    19.1251     10.638   117.8316 1.7073e+02     8.9382      1.192      1.729    24.2538 0.0000e+00
      1.234      0.076    12.8213    144.337     40.885  40.011455    18.7361     10.636   117.8690 1.6530e+02     8.9926      1.209      1.753    24.1857 0.0000e+00
      1.253      0.074    12.6573    142.242     40.875  39.944869    18.7136     10.634   117.8467 1.5944e+02     9.0190      1.228      1.781    24.1203 0.0000e+00
      1.274      0.073    12.4814    140.159     40.843  39.863403    18.6950     10.634   117.9921 1.5379e+02     9.0182      1.251      1.814    24.0642 0.0000e+00
      1.295      0.073    12.3184    138.324     40.810  39.787925    18.5520     10.632   118.2502 1.4899e+02     8.9831      1.271      1.844    24.0007 0.0000e+00
      1.313      0.072    12.1687    136.899     40.791  39.730290    18.3175     10.628   118.3875 1.4484e+02     8.9707      1.288      1.868    23.9236 0.0000e+00
      1.329      0.070    12.0067    135.844     40.771  39.674176    18.2057     10.623   118.4470 1.4065e+02     9.0052      1.303      1.889    23.8539 0.0000e+00
      1.346      0.069    11.8345    135.103     40.752  39.617098    18.2167     10.618   118.6251 1.3629e+02     8.9892      1.319      1.914    23.7930 0.0000e+00
      1.363      0.069    11.6849    134.699     40.724  39.547794    18.4586     10.613   118.9058 1.3234e+02     8.8117      1.337      1.940    23.7404 0.0000e+00
      1.380      0.071    11.5779    134.584     40.623  39.407322    18.9170     10.607   119.1743 1.2860e+02     8.5670      1.353      1.963    23.6935 0.0000e+00
      1.398      0.074    11.5020    134.710     40.442  39.187810    19.1640     10.601   119.4624 1.2491e+02     8.4895      1.372      1.989    23.6488 0.0000e+00
      1.417      0.078    11.4439    135.052     40.294  38.987829    19.2405     10.595   119.9804 1.2131e+02     8.5589      1.390      2.015    23.6044 0.0000e+00
      1.436      0.081    11.4258    135.447     40.201  38.829612    19.7411     10.590   120.7044 1.1731e+02     8.6203      1.406      2.040    23.5488 0.0000e+00
      1.458      0.083    11.4291    135.634     40.105  38.670818    20.6148     10.586   121.6781 1.1293e+02     8.6509      1.430      2.074    23.4960 0.0000e+00
      1.482      0.083    11.4470    135.404     40.017  38.527317    21.0815     10.582   123.0626 1.0865e+02     8.6555      1.454      2.109    23.4527 0.0000e+00
      1.505      0.082    11.4980    134.695     39.906  38.363637    21.1308     10.578   124.4525 1.0470e+02     8.7102      1.477      2.142    23.3808 0.0000e+00
      1.526      0.079    11.5609    133.552     39.749  38.151215    21.2598     10.574   125.3191 1.0117e+02     8.9712      1.498      2.172    23.2845 0.0000e+00
      1.544      0.076    11.6023    131.982     39.660  37.989485    21.4770     10.570   125.6251 9.7761e+01     9.2833      1.514      2.196    23.2023 0.0000e+00
      1.562      0.075    11.5992    129.889     39.698  37.931025    21.5926     10.567   125.8301 9.4423e+01     9.3748      1.532      2.222    23.1313 0.0000e+00
      1.579      0.076    11.5516    127.279     39.821  37.951890    21.6420     10.565   126.2487 9.1263e+01     9.3942      1.549      2.246    23.0630 0.0000e+00
      1.598      0.077    11.4670    124.284     39.944  37.987801    22.0405     10.562   126.6425 8.7899e+01     9.9626      1.565      2.270    22.9919 0.0000e+00
      1.618      0.078    11.3581    121.002     40.006  37.984373    22.7743     10.558   126.8913 8.4473e+01    11.0198      1.586      2.300    22.8999 0.0000e+00
      1.640      0.077    11.2059    117.597     40.043  37.973805    23.1737     10.553   127.0195 8.1277e+01    11.5531      1.609      2.333    22.7712 0.0000e+00
      1.663      0.075    11.0018    114.307     40.094  37.986880    23.1985     10.548   127.2468 7.8449e+01    11.5256      1.632      2.367    22.6376 0.0000e+00
      1.683      0.071    10.7629    111.288     40.161  38.015498    23.2075     10.542   127.8320 7.6129e+01    11.5072      1.653      2.397    22.5392 0.0000e+00
      1.700      0.069    10.4910    108.806     40.184  38.002490    23.3827     10.536   128.5032 7.4074e+01    11.6043      1.668      2.418    22.4597 0.0000e+00
      1.713      0.069    10.1945    107.068     40.167  37.956465    23.7102     10.530   129.0811 7.2245e+01    11.7432      1.681      2.437    22.4057 0.0000e+00
      1.726      0.070     9.9164    105.858     40.211  37.966621    23.8885     10.524   129.4847 7.0505e+01    11.7864      1.691      2.452    22.3693 0.0000e+00
      1.742      0.073     9.6541    104.878     40.282  37.998336    23.9231     10.518   129.5982 6.8278e+01    11.8190      1.705      2.473    22.3224 0.0000e+00
      1.765      0.078     9.4327    104.071     40.349  38.022589    24.3287     10.511   129.6783 6.5670e+01    12.4449      1.729      2.510    22.2770 0.0000e+00
      1.789      0.083     9.3014    103.485     40.441  38.069441    25.0973     10.504   129.9379 6.3367e+01    13.6151      1.756      2.548    22.2426 0.0000e+00
      1.811      0.086     9.2131    103.025     40.542  38.120567    25.5085     10.496   130.2422 6.1389e+01    14.2861      1.777      2.578    22.2079 0.0000e+00
      1.831      0.086     9.1361    102.459     40.672  38.196489    25.4559     10.490   130.6900 5.9309e+01    14.3747      1.795      2.604    22.1608 0.0000e+00
      1.853      0.085     9.0702    101.524     40.819  38.289312    24.3942     10.485   131.7377 5.7067e+01    14.4471      1.816      2.634    22.1117 0.0000e+00
      1.876      0.083     9.0307     99.998     40.939  38.354412    22.4263     10.479   133.2742 5.4942e+01    14.6156      1.841      2.669    22.0650 0.0000e+00
      1.897      0.083     9.0086     97.844     41.054  38.412432    21.3547     10.472   134.8130 5.3023e+01    14.7377      1.861      2.699    22.0090 0.0000e+00
      1.918      0.083     8.9760     95.175     41.182  38.483092    21.2671     10.466   136.5772 5.1219e+01    14.6587      1.880      2.727    21.9516 0.0000e+00
      1.938      0.082     8.9128     92.058     41.265  38.510654    21.2180     10.459   138.8595 4.9482e+01    13.1142      1.900      2.756    21.8986 0.0000e+00
      1.959      0.080     8.7902     88.583     41.297  38.491781    21.1187     10.453   141.2428 4.7706e+01    10.2050      1.921      2.785    21.8377 0.0000e+00
      1.981      0.079     8.6047     84.861     41.363  38.508663    21.0727     10.447   143.1091 4.6038e+01     8.6570      1.943      2.817    21.7774 0.0000e+00
      2.001      0.080     8.3794     80.920     41.494  38.587798    21.1453     10.440   143.9576 4.4711e+01     8.6416      1.964      2.849    21.7202 0.0000e+00
      2.019      0.082     8.1140     77.013     41.726  38.750485    21.9460     10.433   144.0167 4.3430e+01     9.7801      1.979      2.871    21.6556 0.0000e+00
      2.037      0.087     7.8094     73.578     42.024  38.952612    23.4216     10.426   143.9102 4.1888e+01    11.9348      1.996      2.895    21.5962 0.0000e+00
      2.058      0.091     7.4936     70.639     42.248  39.064366    24.2294     10.421   143.8744 4.0148e+01    13.0713      2.018      2.926    21.5436 0.0000e+00
      2.084      0.093     7.1467     67.788     42.384  39.086205    24.2636     10.416   143.9281 3.8237e+01    13.0687      2.042      2.962    21.4972 0.0000e+00
      2.113      0.094     6.7845     64.363     42.494  39.089600    23.8611     10.410   144.0435 3.6325e+01    12.2791      2.072      3.005    21.4406 0.0000e+00
      2.140      0.092     6.4970     59.931     42.603  39.105282    19.4622     10.403   144.6667 3.4742e+01    10.7656      2.100      3.045    21.3495 0.0000e+00
      2.163      0.088     6.2630     54.826     42.726  39.148782    11.4103     10.398   145.8707 3.3480e+01     9.8676      2.122      3.079    21.2310 0.0000e+00
      2.183      0.083     6.0471     49.610     42.885  39.234697     7.0153     10.393   146.9003 3.2415e+01     9.6884      2.141      3.106    21.1020 0.0000e+00
      2.201      0.081     5.7816     44.659     43.044  39.319005     6.5648     10.387   147.3067 3.1488e+01     9.6584      2.158      3.130    20.9823 0.0000e+00
      2.218      0.081     5.3735     40.073     43.150  39.343069     6.0897     10.382   147.5157 3.0524e+01     9.9822      2.174      3.154    20.8829 0.0000e+00
      2.237      0.083     4.9082     35.872     43.238  39.335179     5.3160     10.377   148.3944 2.9456e+01    10.5632      2.192      3.181    20.8050 0.0000e+00
      2.260      0.085     4.4342     32.229     43.424  39.413868     4.9173     10.372   149.7569 2.8308e+01    10.8425      2.215      3.212    20.7385 0.0000e+00
      2.285      0.085     3.9925     29.134     43.850  39.723213     4.9726     10.368   150.5679 2.7150e+01    10.8311      2.241      3.250    20.6739 0.0000e+00
      2.310      0.084     3.5937     26.429     44.467  40.219542     6.0006     10.363   150.6286 2.6154e+01    11.4502      2.267      3.288    20.5934 0.0000e+00
      2.332      0.082     3.2084     24.014     45.149  40.782041     7.9084     10.359   150.8355 2.5334e+01    12.7257      2.287      3.318    20.4819 0.0000e+00
      2.350      0.080     2.8904     21.707     45.810  41.320156     8.9540     10.355   151.5203 2.4618e+01    13.4437      2.305      3.343    20.3708 0.0000e+00
      2.367      0.079     2.6234     19.285     46.259  41.648458     9.0886     10.350   152.0251 2.4002e+01    13.5387      2.322      3.368    20.2840 0.0000e+00
      2.385      0.078     2.3818     16.641     46.421  41.704968     9.5360     10.344   152.2067 2.3369e+01    13.9077      2.338      3.390    20.2166 0.0000e+00
      2.405      0.078     2.1717     13.733     46.493  41.685953    10.3431     10.339   152.5111 2.2589e+01    14.6265      2.356      3.417    20.1609 0.0000e+00
      2.430      0.078     1.9756     10.623     46.693  41.799250    10.7987     10.335   153.2104 2.1817e+01    15.1252      2.384      3.457    20.1026 0.0000e+00
      2.453      0.078     1.7585      7.469     47.113  42.122710    10.8908     10.331   154.2091 2.1250e+01    15.7013      2.408      3.493    20.0198 0.0000e+00
      2.471      0.078     1.5252      4.520     47.434  42.359855    11.1989     10.326   155.2089 2.0774e+01    21.1482      2.422      3.514    19.9124 0.0000e+00
      2.487      0.077     1.2602      2.117     47.383  42.254611    11.7192     10.322   155.9199 2.0241e+01    31.1437      2.437      3.535    19.8171 0.0000e+00
      2.504      0.075     0.9715      0.421     47.313  42.119551    11.9878     10.317   156.3537 1.9662e+01    36.5721      2.455      3.562    19.7492 0.0000e+00
      2.524      0.073     0.6794     -0.613     47.400  42.123125    11.9838     10.311   156.6674 1.9051e+01    37.1826      2.474      3.588    19.6980 0.0000e+00
      2.546      0.072     0.3934     -1.057     47.455  42.107309    11.6292     10.304   156.9595 1.8453e+01    38.5256      2.497      3.621    19.6504 0.0000e+00
      2.567      0.071     0.1699     -0.999     47.528  42.118645    10.9457     10.298   157.2181 1.7970e+01    40.7519      2.519      3.653    19.5901 0.0000e+00
      2.583      0.068     0.0179     -0.619     47.892  42.387057    10.5524     10.292   157.2989 1.7587e+01    41.8969      2.534      3.675    19.5080 0.0000e+00
      2.598      0.063    -0.0748     -0.083     48.450  42.813745    10.5037     10.287   157.4202 1.7220e+01    42.1217      2.546      3.693    19.4232 0.0000e+00
      2.613      0.057    -0.1149      0.496     48.846  43.088485    10.5737     10.282   157.7383 1.6810e+01    44.1187      2.561      3.715    19.3562 0.0000e+00
      2.629      0.051    -0.1019      1.021     49.085  43.233402    11.3897     10.277   158.1339 1.6402e+01    66.4526      2.579      3.740    19.3051 0.0000e+00
      2.644      0.045    -0.0614      1.446     49.284  43.359850    12.8704     10.269   158.5889 1.6110e+01   107.4413      2.595      3.764    19.2549 0.0000e+00
      2.655      0.037    -0.0095      1.809     49.457  43.474761    13.6541     10.262   159.1110 1.5917e+01   129.7623      2.605      3.778    19.1841 0.0000e+00
      2.661      0.029     0.0483      2.139     49.712  43.670630    13.5321     10.256   159.7144 1.5778e+01   131.6511      2.610      3.785    19.0976 0.0000e+00
      2.666      0.022     0.0986      2.408     49.985  43.887266    11.5376     10.249   160.2055 1.5689e+01   131.3713      2.615      3.793    19.0276 0.0000e+00
      2.670      0.017     0.1363      2.606     50.060  43.935899     7.8829     10.242   160.4893 1.5628e+01   130.6502      2.619      3.799    18.9819 0.0000e+00
      2.673      0.013     0.1675      2.749     49.926  43.814301     5.8804     10.237   160.7365 1.5557e+01   130.0711      2.621      3.801    18.9453 0.0000e+00
      2.676      0.009     0.2016      2.854     49.554  43.496114     5.6118     10.233   161.1293 1.5466e+01   128.2978      2.624      3.806    18.9183 0.0000e+00
      2.679      0.004     0.2261      2.943     48.972  43.008561     4.7108     10.228   161.7972 1.5400e+01   110.0632      2.628      3.811    18.8944 0.0000e+00
      2.681     -0.004     0.2441      3.008     48.397  42.552949     3.1104     10.224   162.4447 1.5382e+01    76.7747      2.630      3.814    18.8716 0.0000e+00
