Data/DataNotYetUploadedToEDI/Raw_CTD/RawDownloads/061724_fcr20_S7809004.cnv
* Sea-Bird SBE19plus  Data File:
* FileName = C:\R\Reservoirs\Data\DataNotYetUploadedToEDI\Raw_CTD\RawDownloads\061724_fcr50_S7809_0004.hex
* Software version 2.8.0.119
* Temperature SN = 7809
* Conductivity SN = 7809
* System UpLoad Time = Jun 20 2024 16:09:36
* <ApplicationData>
* <Seaterm232>
# nquan = 15
# nvalues = 942                         
# units = specified
# name 0 = depFM: Depth [fresh water, m]
# name 1 = dz/dtM: Descent Rate [m/s]
# name 2 = sbeox0Mg/L: Oxygen, SBE 43 [mg/l]
# name 3 = sbeox0PS: Oxygen, SBE 43 [% saturation]
# name 4 = specc: Specific Conductance [uS/cm]
# name 5 = c0uS/cm: Conductivity [uS/cm]
# name 6 = flECO-AFL: Fluorescence, WET Labs ECO-AFL/FL [mg/m^3]
# name 7 = ph: pH
# name 8 = orp: Oxidation Reduction Potential [mV]
# name 9 = par/sat/log: PAR/Logarithmic, Satlantic
# name 10 = turbWETntu0: Turbidity, WET Labs ECO [NTU]
# name 11 = prdM: Pressure, Strain Gauge [db]
# name 12 = prdE: Pressure, Strain Gauge [psi]
# name 13 = tv290C: Temperature [ITS-90, deg C]
# name 14 = flag:  0.000e+00
# span 0 =     -0.604,      2.681       
# span 1 =     -0.256,      0.176       
# span 2 =    -0.1149,    13.5085       
# span 3 =     -1.057,    165.428       
# span 4 =      2.198,     50.060       
# span 5 =   2.235793,  45.557261       
# span 6 =    -0.8045,    25.5085       
# span 7 =      9.619,     10.664       
# span 8 =    30.5616,   259.5580       
# span 9 = 1.5382e+01, 2.5273e+03       
# span 10 =     1.7287,   131.6511      
# span 11 =     -0.593,      2.630      
# span 12 =     -0.860,      3.814      
# span 13 =    18.8708,    28.4733      
# span 14 = 0.0000e+00, 0.0000e+00      
# interval = seconds: 0.25
# start_time = Jun 17 2024 13:16:51 [Instrument's time stamp, header]
# bad_flag = -9.990e-29
*END*
[from data line 193]
      0.143      0.009    12.7780    151.212     43.696  44.531379     9.2116     10.545    85.4899 1.1167e+03     7.9578      0.140      0.203    25.9177 0.0000e+00
      0.147      0.004    12.5639    150.617     43.685  44.521008     9.1980     10.545    85.5671 1.1355e+03     7.9855      0.144      0.211    25.9236 0.0000e+00
      0.147     -0.001    12.4183    150.159     43.688  44.527366     9.1431     10.545    85.7552 1.1395e+03     8.0868      0.146      0.212    25.9376 0.0000e+00
      0.144     -0.005    12.3320    149.917     43.695  44.544786     9.0220     10.545    85.8710 1.1150e+03     8.1575      0.141      0.205    25.9454 0.0000e+00
      0.140     -0.006    12.2728    149.839     43.679  44.541212     8.9412     10.546    85.8489 1.0862e+03     8.1233      0.136      0.198    25.9523 0.0000e+00
      0.136     -0.005    12.2276    149.787     43.675  44.547653     8.9149     10.547    85.8326 1.0337e+03     8.0493      0.132      0.193    25.9508 0.0000e+00
      0.134     -0.001    12.1841    149.729     43.679  44.559201     8.8878     10.548    85.8458 1.0048e+03     8.0485      0.130      0.189    25.9495 0.0000e+00
      0.135      0.004    12.1633    149.609     43.668  44.553894     8.8462     10.550    85.8366 1.0162e+03     8.0794      0.131      0.190    25.9655 0.0000e+00
      0.138      0.009    12.1607    149.410     43.662  44.546965     8.8199     10.552    85.8930 1.0223e+03     8.0812      0.135      0.196    25.9831 0.0000e+00
      0.142      0.009    12.1511    149.237     43.663  44.538903     8.8109     10.553    86.0116 1.0413e+03     8.0362      0.139      0.202    25.9924 0.0000e+00
      0.147      0.007    12.1482    149.156     43.655  44.519882     8.7951     10.553    86.1517 1.0575e+03     7.9449      0.144      0.209    26.0010 0.0000e+00
      0.151      0.002    12.1382    149.141     43.645  44.507397     8.7951     10.553    86.3823 1.0392e+03     7.9344      0.149      0.217    26.0102 0.0000e+00
      0.152     -0.002    12.1157    149.147     43.649  44.514898     8.8123     10.552    86.6489 1.0563e+03     8.0459      0.151      0.219    26.0128 0.0000e+00
      0.147     -0.004    12.1038    149.227     43.675  44.547102     8.8199     10.550    86.8801 1.1040e+03     8.1311      0.145      0.210    25.9985 0.0000e+00
      0.140     -0.006    12.1016    149.440     43.701  44.579402     8.7946     10.550    87.0271 1.0833e+03     8.1101      0.136      0.197    25.9808 0.0000e+00
      0.137     -0.007    12.1041    149.723     43.697  44.588053     8.5820     10.551    87.1351 1.0711e+03     8.1337      0.132      0.192    25.9769 0.0000e+00
      0.139     -0.007    12.1006    150.001     43.684  44.588258     8.2220     10.552    87.2400 1.1216e+03     8.2798      0.136      0.198    25.9859 0.0000e+00
      0.142     -0.006    12.1012    150.205     43.671  44.581903     8.0445     10.553    87.3495 1.1556e+03     8.3745      0.140      0.204    25.9929 0.0000e+00
      0.141     -0.004    12.1228    150.270     43.665  44.574700     8.0429     10.553    87.5121 1.1825e+03     8.3563      0.140      0.202    25.9956 0.0000e+00
      0.136     -0.001    12.1435    150.252     43.665  44.564641     8.1365     10.552    87.6577 1.2013e+03     8.2299      0.135      0.195    26.0115 0.0000e+00
      0.131      0.003    12.1619    150.206     43.640  44.523739     8.3181     10.551    87.8187 1.2088e+03     8.0417      0.128      0.186    26.0342 0.0000e+00
      0.131      0.008    12.1823    150.111     43.596  44.460984     8.4323     10.552    87.9964 1.2585e+03     7.9947      0.125      0.182    26.0393 0.0000e+00
      0.136      0.012    12.1836    149.974     43.594  44.440609     8.4863     10.553    87.9989 1.2899e+03     8.0703      0.133      0.192    26.0379 0.0000e+00
      0.146      0.016    12.1822    149.841     43.633  44.467799     8.7293     10.555    87.8486 1.2489e+03     8.1025      0.144      0.209    26.0288 0.0000e+00
      0.153      0.017    12.1856    149.740     43.643  44.472326     9.1488     10.557    87.8141 1.2098e+03     8.0422      0.152      0.221    26.0065 0.0000e+00
      0.156      0.016    12.1816    149.660     43.608  44.431863     9.3717     10.559    87.9266 1.1638e+03     7.9561      0.154      0.223    25.9871 0.0000e+00
      0.157      0.012    12.1744    149.580     43.608  44.422896     9.3926     10.561    88.0046 1.1569e+03     7.9833      0.153      0.222    25.9612 0.0000e+00
      0.159      0.006    12.1658    149.482     43.679  44.490837     9.3515     10.562    87.9821 1.2320e+03     8.0645      0.155      0.225    25.9464 0.0000e+00
      0.163      0.000    12.1590    149.436     43.731  44.555085     9.2501     10.563    87.9983 1.2305e+03     8.0840      0.160      0.232    25.9447 0.0000e+00
      0.165     -0.006    12.1533    149.534     43.713  44.564971     9.1816     10.563    88.1153 1.1725e+03     8.0816      0.163      0.237    25.9411 0.0000e+00
      0.163     -0.010    12.1514    149.728     43.667  44.546938     9.1559     10.564    88.2778 1.2047e+03     8.0366      0.163      0.235    25.9288 0.0000e+00
      0.157     -0.012    12.1442    149.879     43.632  44.527520     9.1399     10.564    88.4153 1.3434e+03     7.9496      0.154      0.224    25.9149 0.0000e+00
      0.148     -0.013    12.1322    149.932     43.622  44.520651     9.1704     10.566    88.4003 1.3992e+03     7.9174      0.143      0.207    25.9289 0.0000e+00
      0.143     -0.013    12.1346    149.948     43.632  44.527358     9.2419     10.568    88.2678 1.2825e+03     7.9542      0.137      0.199    25.9670 0.0000e+00
      0.143     -0.011    12.1467    149.975     43.654  44.545132     9.2715     10.568    88.2773 1.2058e+03     7.9855      0.140      0.203    26.0061 0.0000e+00
      0.144     -0.006    12.1565    149.971     43.658  44.545122     9.2625     10.569    88.4286 1.2577e+03     7.9543      0.144      0.208    26.0272 0.0000e+00
      0.142     -0.003    12.1575    149.901     43.643  44.527233     9.2915     10.570    88.5486 1.3691e+03     7.9180      0.140      0.203    26.0273 0.0000e+00
      0.140     -0.002    12.1581    149.792     43.641  44.519266     9.3560     10.572    88.6955 1.3875e+03     7.9560      0.136      0.197    26.0193 0.0000e+00
      0.140     -0.002    12.1646    149.697     43.642  44.512262     9.3928     10.574    88.7424 1.3112e+03     8.0387      0.136      0.197    26.0127 0.0000e+00
      0.141     -0.001    12.1664    149.655     43.644  44.506010     9.3780     10.575    88.6849 1.2828e+03     8.0634      0.139      0.202    26.0090 0.0000e+00
      0.142      0.001    12.1596    149.651     43.653  44.507131     9.1940     10.576    88.6887 1.3001e+03     8.0158      0.140      0.203    26.0075 0.0000e+00
      0.141      0.004    12.1508    149.651     43.675  44.525806     8.8658     10.577    88.7028 1.3096e+03     7.9761      0.138      0.200    26.0019 0.0000e+00
      0.141      0.006    12.1438    149.663     43.690  44.541380     8.6977     10.578    88.7690 1.2554e+03     7.9927      0.137      0.199    25.9906 0.0000e+00
      0.141      0.006    12.1432    149.669     43.655  44.505010     8.7010     10.580    88.8872 1.1858e+03     8.0465      0.137      0.199    25.9803 0.0000e+00
      0.145      0.006    12.1473    149.632     43.623  44.466915     8.6311     10.581    88.9277 1.2119e+03     8.0458      0.141      0.205    25.9710 0.0000e+00
      0.150      0.006    12.1467    149.586     43.624  44.461623     8.4679     10.581    88.9145 1.2824e+03     8.0179      0.148      0.215    25.9655 0.0000e+00
      0.152      0.006    12.1474    149.598     43.612  44.441010     8.3842     10.583    88.9850 1.2969e+03     8.0167      0.151      0.219    25.9693 0.0000e+00
      0.151      0.007    12.1503    149.670     43.590  44.408092     8.4102     10.586    89.0915 1.2738e+03     8.0309      0.149      0.216    25.9696 0.0000e+00
      0.149      0.008    12.1473    149.756     43.575  44.380980     8.5907     10.587    89.0835 1.2301e+03     8.1216      0.146      0.211    25.9623 0.0000e+00
      0.149      0.009    12.1422    149.808     43.574  44.367090     8.8781     10.587    89.0610 1.1755e+03     8.2250      0.145      0.210    25.9548 0.0000e+00
      0.154      0.009    12.1455    149.769     43.588  44.367076     9.0131     10.587    89.1639 1.1373e+03     8.2228      0.149      0.216    25.9455 0.0000e+00
      0.161      0.006    12.1563    149.650     43.610  44.380800     9.0239     10.588    89.2946 1.1712e+03     8.1967      0.158      0.229    25.9328 0.0000e+00
      0.168      0.001    12.1665    149.512     43.635  44.406056     9.0508     10.588    89.4372 1.2379e+03     8.1824      0.168      0.244    25.9195 0.0000e+00
      0.169     -0.005    12.1772    149.376     43.640  44.418546     9.0879     10.588    89.6836 1.2225e+03     8.1189      0.168      0.246    25.9045 0.0000e+00
      0.162     -0.010    12.1778    149.273     43.615  44.404871     9.0981     10.588    89.9506 1.2461e+03     8.0435      0.160      0.232    25.8858 0.0000e+00
      0.152     -0.014    12.1672    149.248     43.577  44.367681     9.0829     10.588    90.1696 1.2989e+03     7.9888      0.148      0.213    25.8739 0.0000e+00
      0.144     -0.014    12.1569    149.306     43.572  44.349743     9.0713     10.588    90.2674 1.2406e+03     7.9697      0.140      0.203    25.8742 0.0000e+00
      0.143     -0.011    12.1424    149.423     43.615  44.378389     8.9824     10.588    90.1864 1.2297e+03     8.0514      0.139      0.202    25.8842 0.0000e+00
      0.144     -0.006    12.1279    149.549     43.643  44.396643     8.8149     10.588    90.1373 1.2966e+03     8.2251      0.141      0.204    25.9029 0.0000e+00
      0.145     -0.002    12.1247    149.623     43.633  44.380004     8.7184     10.588    90.2752 1.2731e+03     8.2936      0.142      0.206    25.9103 0.0000e+00
      0.145      0.001    12.1350    149.627     43.627  44.367622     8.7069     10.589    90.4768 1.2709e+03     8.2302      0.143      0.207    25.8872 0.0000e+00
      0.144      0.001    12.1506    149.559     43.635  44.373875     8.8423     10.591    90.5960 1.3334e+03     8.1415      0.142      0.205    25.8646 0.0000e+00
      0.144      0.001    12.1652    149.417     43.649  44.392132     9.1153     10.592    90.5981 1.3175e+03     8.0416      0.141      0.204    25.8581 0.0000e+00
      0.144      0.001    12.1728    149.276     43.647  44.397944     9.2691     10.592    90.5889 1.3365e+03     8.0134      0.141      0.204    25.8507 0.0000e+00
      0.145      0.001    12.1746    149.208     43.624  44.380678     9.2704     10.593    90.6565 1.3497e+03     8.0046      0.143      0.206    25.8414 0.0000e+00
      0.147      0.001    12.1719    149.191     43.616  44.373810     9.2140     10.593    90.7266 1.3403e+03     7.9695      0.145      0.210    25.8363 0.0000e+00
      0.147      0.000    12.1559    149.198     43.621  44.378385     9.1368     10.594    90.7490 1.3703e+03     7.9655      0.145      0.211    25.8423 0.0000e+00
      0.146     -0.001    12.1380    149.210     43.616  44.372511     9.1026     10.595    90.7548 1.3022e+03     7.9902      0.143      0.207    25.8554 0.0000e+00
      0.144     -0.002    12.1331    149.186     43.607  44.366257     9.1011     10.597    90.7967 1.2960e+03     8.0632      0.141      0.205    25.8640 0.0000e+00
      0.144     -0.002    12.1318    149.164     43.605  44.366254     9.0096     10.598    90.8262 1.3055e+03     8.0627      0.141      0.205    25.8650 0.0000e+00
      0.144     -0.002    12.1328    149.215     43.610  44.372486     8.8289     10.598    90.7669 1.1730e+03     7.9502      0.141      0.205    25.8608 0.0000e+00
      0.144     -0.001    12.1374    149.294     43.616  44.378138     8.7300     10.598    90.7685 1.1286e+03     7.9326      0.142      0.206    25.8591 0.0000e+00
      0.143      0.000    12.1324    149.335     43.611  44.371113     8.7387     10.598    90.8455 1.2696e+03     8.0204      0.141      0.204    25.8650 0.0000e+00
      0.143      0.001    12.1258    149.371     43.591  44.351012     8.9010     10.599    90.9225 1.3748e+03     8.0889      0.139      0.202    25.8687 0.0000e+00
      0.143      0.003    12.1321    149.408     43.567  44.325528     9.1768     10.600    91.0118 1.2905e+03     8.0784      0.140      0.203    25.8698 0.0000e+00
      0.144      0.007    12.1428    149.399     43.566  44.316892     9.3182     10.601    91.0649 1.1981e+03     7.9954      0.142      0.205    25.8688 0.0000e+00
      0.145      0.012    12.1432    149.340     43.573  44.310061     9.3297     10.602    91.1343 1.2382e+03     7.9393      0.142      0.206    25.8658 0.0000e+00
      0.147      0.014    12.1463    149.238     43.588  44.306388     9.3319     10.602    91.2480 1.3122e+03     7.9473      0.142      0.206    25.8651 0.0000e+00
      0.153      0.012    12.1523    149.145     43.630  44.335923     9.4204     10.602    91.3217 1.2986e+03     8.0572      0.149      0.216    25.8659 0.0000e+00
      0.163      0.007    12.1510    149.100     43.644  44.349769     9.5831     10.602    91.3377 1.2206e+03     8.2091      0.161      0.232    25.8593 0.0000e+00
      0.169     -0.001    12.1522    149.091     43.630  44.346853     9.6598     10.601    91.4403 1.1571e+03     8.2471      0.170      0.246    25.8405 0.0000e+00
      0.168     -0.010    12.1465    149.106     43.635  44.364158     9.6567     10.601    91.7023 1.1525e+03     8.2427      0.168      0.244    25.8158 0.0000e+00
      0.158     -0.019    12.1421    149.155     43.630  44.368597     9.5786     10.600    92.0104 1.1830e+03     8.2247      0.156      0.225    25.7952 0.0000e+00
      0.147     -0.024    12.1389    149.217     43.599  44.337061     9.4319     10.600    92.1541 1.1698e+03     8.1327      0.142      0.206    25.7971 0.0000e+00
      0.138     -0.024    12.1351    149.262     43.570  44.300236     9.3390     10.600    92.1484 1.2020e+03     8.0182      0.135      0.195    25.8148 0.0000e+00
      0.132     -0.018    12.1317    149.287     43.585  44.304191     9.3054     10.598    92.2004 1.2731e+03     7.9339      0.129      0.187    25.8307 0.0000e+00
      0.127     -0.010    12.1332    149.265     43.614  44.321386     9.2246     10.598    92.3527 1.2529e+03     7.9666      0.124      0.180    25.8438 0.0000e+00
      0.126     -0.002    12.1407    149.201     43.618  44.317691     9.0868     10.597    92.6988 1.2529e+03     8.1404      0.123      0.178    25.8446 0.0000e+00
      0.128      0.003    12.1446    149.141     43.623  44.322977     9.0128     10.595    93.2027 1.3160e+03     8.2929      0.125      0.183    25.8324 0.0000e+00
      0.133      0.005    12.1522    149.126     43.619  44.321832     9.0121     10.592    93.5402 1.3158e+03     8.2734      0.130      0.189    25.8201 0.0000e+00
      0.137      0.002    12.1536    149.162     43.600  44.303848     9.1697     10.590    93.5958 1.2347e+03     8.0755      0.136      0.196    25.8029 0.0000e+00
      0.139     -0.003    12.1493    149.233     43.594  44.295965     9.4862     10.588    93.6171 1.1811e+03     7.8471      0.139      0.201    25.7909 0.0000e+00
      0.137     -0.007    12.1421    149.368     43.589  44.289990     9.6681     10.588    93.7117 1.2740e+03     7.7663      0.136      0.197    25.7962 0.0000e+00
      0.132     -0.008    12.1390    149.543     43.598  44.295080     9.6881     10.588    93.7928 1.4506e+03     7.8161      0.130      0.189    25.8015 0.0000e+00
      0.125     -0.005    12.1443    149.650     43.601  44.294031     9.5857     10.587    93.9959 1.4921e+03     7.9028      0.122      0.176    25.8005 0.0000e+00
      0.121      0.002    12.1482    149.659     43.587  44.277297     9.3793     10.586    94.2745 1.3631e+03     7.9600      0.117      0.168    25.7991 0.0000e+00
