Data/DataNotYetUploadedToEDI/Raw_CTD/RawDownloads/061724_bvr50_S8188005.cnv
* Sea-Bird SBE19plus  Data File:
* FileName = C:\R\Reservoirs\Data\DataNotYetUploadedToEDI\Raw_CTD\RawDownloads\060324_bvr50_S78188_0005.hex
* Software version 2.8.0.119
* Temperature SN = 8188
* Conductivity SN = 8188
* System UpLoad Time = Jun 20 2024 16:36:23
* <ApplicationData>
* <Seaterm232>
# nquan = 16
# nvalues = 1752                        
# units = specified
# name 0 = depFM: Depth [fresh water, m]
# name 1 = dz/dtM: Descent Rate [m/s]
# name 2 = sbeox0Mg/L: Oxygen, SBE 43 [mg/l]
# name 3 = sbeox0PS: Oxygen, SBE 43 [% saturation]
# name 4 = specc: Specific Conductance [uS/cm]
# name 5 = c0uS/cm: Conductivity [uS/cm]
# name 6 = wetCDOM: Fluorescence, WET Labs CDOM [mg/m^3]
# name 7 = flECO-AFL: Fluorescence, WET Labs ECO-AFL/FL [mg/m^3]
# name 8 = flECO-AFL1: Fluorescence, WET Labs ECO-AFL/FL, 2 [mg/m^3]
# name 9 = flECO-AFL2: Fluorescence, WET Labs ECO-AFL/FL, 3 [mg/m^3]
# name 10 = par/sat/log: PAR/Logarithmic, Satlantic
# name 11 = turbWETntu0: Turbidity, WET Labs ECO [NTU]
# name 12 = prdM: Pressure, Strain Gauge [db]
# name 13 = prdE: Pressure, Strain Gauge [psi]
# name 14 = tv290C: Temperature [ITS-90, deg C]
# name 15 = flag:  0.000e+00
# span 0 =     -0.661,      9.812       
# span 1 =     -0.287,      0.161       
# span 2 =    -0.0030,    13.7819       
# span 3 =     -0.032,    167.842       
# span 4 =      2.047,     95.048       
# span 5 =   1.796317,  66.737207       
# span 6 =    -4.5000,    41.2200       
# span 7 =    -1.0437,    12.1363       
# span 8 =    -2.1300,     3.7914       
# span 9 =    -3.4686,    13.4937       
# span 10 = 1.1585e-01, 2.1430e+03      
# span 11 =    -4.0559,    21.1869      
# span 12 =     -0.648,      9.622      
# span 13 =     -0.940,     13.955      
# span 14 =    10.0931,    26.2323      
# span 15 = 0.0000e+00, 0.0000e+00      
# interval = seconds: 0.25
# start_time = Jun 17 2024 07:57:39 [Instrument's time stamp, header]
# bad_flag = -9.990e-29
*END*
[from data line 1085]
      3.263      0.061     0.1176      1.167     41.957  33.940948    35.2800     0.6233     0.0852     1.9035 1.0509e+00     0.4760      3.200      4.640    15.7222 0.0000e+00
      3.278      0.061     0.1178      1.156     41.791  33.769317    35.2800     0.6500     0.0852     1.9035 1.0421e+00     0.3854      3.215      4.662    15.6437 0.0000e+00
      3.293      0.061     0.1177      1.145     41.615  33.593327    35.2800     0.6996     0.0852     1.9035 1.0518e+00     0.4005      3.229      4.684    15.5668 0.0000e+00
      3.308      0.062     0.1172      1.134     41.446  33.421822    35.1000     0.6386     0.0852     1.7766 1.0475e+00     0.3703      3.244      4.705    15.4981 0.0000e+00
      3.324      0.064     0.1165      1.123     41.273  33.238947    35.1000     0.6920     0.0852     1.7766 1.0290e+00     0.4156      3.259      4.727    15.4421 0.0000e+00
      3.340      0.066     0.1156      1.113     41.117  33.059672    35.1000     0.6729     0.0852     1.7766 1.0135e+00     0.3703      3.275      4.750    15.3971 0.0000e+00
      3.357      0.068     0.1145      1.106     41.013  32.913873    35.1000     0.5280     0.0852     1.7766 1.0330e+00    -0.0980      3.292      4.775    15.3570 0.0000e+00
      3.375      0.070     0.1135      1.104     40.949  32.796528    34.8300     0.5051     0.0852     1.6497 1.0051e+00    -0.1283      3.310      4.800    15.3144 0.0000e+00
      3.393      0.072     0.1126      1.106     40.941  32.722157    34.8300     0.5089     0.0852     1.6497 9.9687e-01    -0.0829      3.328      4.827    15.2619 0.0000e+00
      3.412      0.074     0.1117      1.114     40.999  32.700800    34.8300     0.5318     0.0852     1.6497 9.6260e-01    -0.1131      3.346      4.853    15.1970 0.0000e+00
      3.432      0.076     0.1112      1.128     41.080  32.696885    34.8300     0.4593     0.0852     1.6497 9.6553e-01     0.2947      3.365      4.881    15.1220 0.0000e+00
      3.451      0.077     0.1113      1.144     41.135  32.671518    34.9200     0.4784     0.0852     1.6920 9.8161e-01     0.0681      3.384      4.909    15.0411 0.0000e+00
      3.471      0.077     0.1117      1.161     41.164  32.627892    34.9200     0.4593     0.0852     1.6920 9.5365e-01     0.2343      3.404      4.937    14.9587 0.0000e+00
      3.492      0.077     0.1127      1.170     41.180  32.580265    34.9200     0.4631     0.0852     1.6920 9.1587e-01     0.2192      3.424      4.966    14.8767 0.0000e+00
      3.512      0.076     0.1143      1.167     41.155  32.507967    34.9200     0.4784     0.0852     1.6920 9.2588e-01     0.1890      3.444      4.995    14.7935 0.0000e+00
      3.531      0.075     0.1161      1.158     41.088  32.407651    35.1000     0.4479     0.0852     1.6497 8.9288e-01     0.1437      3.463      5.023    14.7093 0.0000e+00
      3.550      0.074     0.1180      1.149     41.023  32.308336    35.1000     0.4746     0.0852     1.6497 8.7635e-01     0.1437      3.481      5.049    14.6281 0.0000e+00
      3.568      0.073     0.1192      1.137     40.959  32.207439    35.1000     0.4593     0.0852     1.6497 8.8862e-01     0.2192      3.499      5.075    14.5549 0.0000e+00
      3.586      0.072     0.1190      1.121     40.879  32.091995    35.1000     0.4822     0.0852     1.6497 8.9560e-01     0.1437      3.516      5.100    14.4910 0.0000e+00
      3.604      0.072     0.1182      1.103     40.790  31.967069    35.1000     0.4746     0.0852     1.6497 8.9152e-01     0.2192      3.534      5.126    14.4328 0.0000e+00
      3.622      0.072     0.1174      1.090     40.693  31.833207    33.9300     0.4631     0.0426     1.3959 8.8074e-01     0.2192      3.552      5.152    14.3742 0.0000e+00
      3.641      0.073     0.1163      1.085     40.606  31.700520    33.9300     0.4593     0.0426     1.3959 8.8650e-01     0.0681      3.570      5.178    14.3126 0.0000e+00
      3.660      0.074     0.1148      1.088     40.531  31.573458    33.9300     0.4440     0.0426     1.3959 8.9288e-01     0.0983      3.589      5.205    14.2480 0.0000e+00
      3.679      0.074     0.1132      1.089     40.470  31.457970    33.9300     0.3868     0.0426     1.3959 8.5584e-01     0.0681      3.608      5.233    14.1808 0.0000e+00
      3.698      0.073     0.1120      1.091     40.458  31.383009    32.4900     0.4059     0.0852     1.2267 8.7122e-01     0.1588      3.626      5.260    14.1090 0.0000e+00
      3.717      0.073     0.1118      1.095     40.490  31.348498    32.4900     0.3868     0.0852     1.2267 8.2265e-01     0.2192      3.645      5.287    14.0300 0.0000e+00
      3.735      0.072     0.1122      1.100     40.529  31.325316    32.4900     0.4021     0.0852     1.2267 7.7712e-01     0.1437      3.663      5.313    13.9460 0.0000e+00
      3.754      0.070     0.1126      1.104     40.589  31.323213    32.4900     0.4212     0.0852     1.2267 7.8852e-01    -0.1736      3.681      5.339    13.8617 0.0000e+00
      3.771      0.069     0.1129      1.102     40.681  31.351586    31.5000     0.4212     0.0852     1.0998 7.7848e-01    -0.0376      3.698      5.364    13.7816 0.0000e+00
      3.788      0.069     0.1135      1.097     40.738  31.356254    31.5000     0.4059     0.0852     1.0998 7.8921e-01    -0.0829      3.715      5.388    13.7082 0.0000e+00
      3.805      0.068     0.1142      1.091     40.730  31.312570    31.5000     0.3754     0.0852     1.0998 7.5008e-01    -0.0376      3.732      5.413    13.6422 0.0000e+00
      3.823      0.068     0.1147      1.086     40.702  31.254694    31.5000     0.3983     0.0852     1.0998 7.5138e-01    -0.2642      3.749      5.437    13.5831 0.0000e+00
      3.840      0.069     0.1147      1.079     40.650  31.177150    31.5000     0.3945     0.0852     1.0998 7.6009e-01    -0.4153      3.766      5.462    13.5302 0.0000e+00
      3.858      0.070     0.1143      1.071     40.514  31.033366    30.8700     0.3792     0.0852     1.0575 7.3030e-01    -0.4153      3.783      5.487    13.4818 0.0000e+00
      3.875      0.071     0.1138      1.065     40.282  30.812882    30.8700     0.3792     0.0852     1.0575 7.1243e-01    -0.4153      3.801      5.512    13.4358 0.0000e+00
      3.893      0.072     0.1134      1.060     40.002  30.554493    30.8700     0.3258     0.0852     1.0575 6.9454e-01    -0.3549      3.819      5.538    13.3904 0.0000e+00
      3.912      0.073     0.1128      1.055     39.748  30.320742    30.8700     0.3487     0.0852     1.0575 6.9924e-01    -0.3095      3.837      5.565    13.3440 0.0000e+00
      3.931      0.073     0.1121      1.049     39.555  30.142901    30.6900     0.3372     0.0426     0.9306 7.0137e-01    -0.4002      3.855      5.592    13.2947 0.0000e+00
      3.950      0.073     0.1116      1.045     39.370  29.975537    30.6900     0.3220     0.0426     0.9306 6.8406e-01    -0.3549      3.874      5.619    13.2412 0.0000e+00
      3.969      0.073     0.1112      1.045     39.180  29.799909    30.6900     0.2915     0.0426     0.9306 6.9048e-01    -0.4153      3.893      5.646    13.1860 0.0000e+00
      3.988      0.072     0.1108      1.048     39.065  29.672745    30.6900     0.2724     0.0426     0.9306 6.8287e-01    -0.3700      3.911      5.672    13.1365 0.0000e+00
      4.006      0.070     0.1102      1.049     39.028  29.601956    30.3300     0.2571     0.0426     1.0152 6.4298e-01    -0.3246      3.928      5.698    13.0981 0.0000e+00
      4.023      0.069     0.1099      1.045     39.048  29.574636    30.3300     0.2915     0.0426     1.0152 6.5939e-01    -0.3095      3.946      5.723    13.0649 0.0000e+00
      4.041      0.068     0.1101      1.036     39.134  29.601422    30.3300     0.2876     0.0426     1.0152 6.6097e-01    -0.3549      3.963      5.748    13.0249 0.0000e+00
      4.058      0.067     0.1105      1.026     39.210  29.625726    30.3300     0.2876     0.0426     1.0152 6.6140e-01    -0.4002      3.980      5.772    12.9749 0.0000e+00
      4.075      0.067     0.1107      1.014     39.214  29.598266    30.0600     0.2495     0.0852     0.8883 6.4859e-01    -0.3397      3.997      5.797    12.9204 0.0000e+00
      4.092      0.066     0.1104      1.001     39.158  29.525659    30.0600     0.2533     0.0852     0.8883 6.3769e-01    -0.2944      4.013      5.821    12.8668 0.0000e+00
      4.109      0.066     0.1096      0.987     39.047  29.410449    30.0600     0.2876     0.0852     0.8883 6.5269e-01    -0.2491      4.029      5.844    12.8177 0.0000e+00
      4.125      0.066     0.1086      0.978     38.927  29.287634    30.0600     0.2495     0.0852     0.8883 6.2317e-01    -0.3851      4.045      5.867    12.7752 0.0000e+00
      4.141      0.066     0.1074      0.977     38.863  29.204123    30.0600     0.2724     0.0852     0.8883 6.2358e-01    -0.1585      4.062      5.891    12.7363 0.0000e+00
      4.158      0.066     0.1061      0.981     38.867  29.171502    29.7000     0.2571     0.0852     0.8460 6.4761e-01    -0.3549      4.078      5.915    12.6971 0.0000e+00
      4.176      0.066     0.1047      0.988     38.930  29.185051    29.7000     0.2915     0.0852     0.8460 6.1885e-01    -0.3700      4.095      5.939    12.6570 0.0000e+00
      4.193      0.066     0.1039      0.991     39.000  29.206562    29.7000     0.3372     0.0852     0.8460 6.0740e-01    -0.3246      4.112      5.964    12.6151 0.0000e+00
      4.210      0.066     0.1040      0.987     39.049  29.215880    29.7000     0.2495     0.0852     0.8460 6.4019e-01    -0.3549      4.129      5.988    12.5700 0.0000e+00
      4.227      0.066     0.1045      0.982     39.112  29.237396    29.7900     0.2571     0.0852     0.8037 5.9215e-01    -0.3549      4.145      6.013    12.5242 0.0000e+00
      4.244      0.065     0.1053      0.974     39.200  29.278838    29.7900     0.2800     0.0852     0.8037 5.9667e-01    -0.4002      4.162      6.036    12.4810 0.0000e+00
      4.260      0.064     0.1057      0.960     39.294  29.325368    29.7900     0.3067     0.0852     0.8037 6.0489e-01    -0.2944      4.178      6.059    12.4419 0.0000e+00
      4.276      0.064     0.1054      0.944     39.377  29.363502    29.7900     0.2533     0.0852     0.8037 5.7829e-01    -0.3246      4.194      6.083    12.4066 0.0000e+00
      4.293      0.063     0.1049      0.927     39.434  29.383493    29.7000     0.2838     0.0426     0.7191 6.0411e-01    -0.3549      4.210      6.106    12.3742 0.0000e+00
      4.309      0.062     0.1041      0.911     39.430  29.360799    29.7000     0.2800     0.0426     0.7191 6.0792e-01    -0.3397      4.225      6.129    12.3434 0.0000e+00
      4.325      0.061     0.1027      0.902     39.358  29.291357    29.7000     0.2724     0.0426     0.7191 6.0516e-01    -0.3095      4.241      6.151    12.3129 0.0000e+00
      4.340      0.060     0.1010      0.899     39.268  29.210422    29.7000     0.2876     0.0426     0.7191 5.7528e-01    -0.3095      4.256      6.173    12.2823 0.0000e+00
      4.355      0.060     0.0993      0.895     39.257  29.190011    29.1600     0.2724     0.0852     0.7614 6.0964e-01    -0.2944      4.271      6.195    12.2536 0.0000e+00
      4.370      0.060     0.0977      0.893     39.415  29.296375    29.1600     0.2686     0.0852     0.7614 5.8207e-01     0.3098      4.286      6.216    12.2291 0.0000e+00
      4.385      0.060     0.0968      0.896     39.695  29.494148    29.1600     0.2800     0.0852     0.7614 5.7778e-01     0.4156      4.300      6.237    12.2087 0.0000e+00
      4.400      0.061     0.0964      0.897     39.975  29.692681    29.1600     0.2762     0.0852     0.7614 5.7117e-01     0.4458      4.315      6.258    12.1912 0.0000e+00
      4.415      0.062     0.0961      0.895     40.201  29.851313    29.1600     0.2800     0.0852     0.7614 5.7503e-01     0.4307      4.330      6.280    12.1757 0.0000e+00
      4.431      0.063     0.0959      0.892     40.385  29.978489    28.8000     0.2724     0.0426     0.6768 5.9253e-01    -0.3549      4.346      6.303    12.1616 0.0000e+00
      4.448      0.064     0.0962      0.891     40.545  30.088206    28.8000     0.2648     0.0426     0.6768 5.6647e-01    -0.3700      4.362      6.326    12.1486 0.0000e+00
      4.464      0.064     0.0964      0.891     40.704  30.193789    28.8000     0.2800     0.0426     0.6768 5.6377e-01    -0.3246      4.378      6.350    12.1364 0.0000e+00
      4.481      0.065     0.0961      0.890     40.887  30.313436    28.8000     0.2800     0.0426     0.6768 5.6023e-01    -0.2642      4.394      6.373    12.1248 0.0000e+00
      4.497      0.065     0.0959      0.889     41.104  30.455152    28.8900     0.2495     0.0426     0.7191 5.5999e-01    -0.5059      4.410      6.397    12.1139 0.0000e+00
      4.514      0.065     0.0958      0.889     41.361  30.622869    28.8900     0.2876     0.0426     0.7191 5.3257e-01    -0.5966      4.427      6.420    12.1021 0.0000e+00
      4.530      0.065     0.0958      0.888     41.649  30.811521    28.8900     0.2495     0.0426     0.7191 5.6993e-01    -0.5814      4.443      6.443    12.0872 0.0000e+00
      4.547      0.065     0.0958      0.884     41.918  30.985771    28.8900     0.2648     0.0426     0.7191 4.9831e-01    -0.5663      4.459      6.467    12.0682 0.0000e+00
      4.564      0.065     0.0957      0.878     42.125  31.116401    28.8000     0.2648     0.0852     0.6768 5.3338e-01    -0.4304      4.475      6.491    12.0447 0.0000e+00
      4.581      0.064     0.0958      0.868     42.266  31.202395    28.8000     0.2876     0.0852     0.6768 5.1437e-01    -0.3095      4.492      6.515    12.0172 0.0000e+00
      4.597      0.062     0.0958      0.857     42.349  31.248756    28.8000     0.2838     0.0852     0.6768 4.8013e-01    -0.3549      4.509      6.539    11.9875 0.0000e+00
      4.614      0.059     0.0954      0.852     42.402  31.277808    28.8000     0.2457     0.0852     0.6768 5.0926e-01    -0.3246      4.524      6.562    11.9581 0.0000e+00
      4.629      0.055     0.0948      0.855     42.463  31.315221    28.7100     0.2152     0.0426     0.6768 4.8559e-01    -0.2944      4.539      6.583    11.9314 0.0000e+00
      4.642      0.051     0.0938      0.858     42.515  31.349064    28.7100     0.2228     0.0426     0.6768 4.9777e-01    -0.4455      4.552      6.602    11.9091 0.0000e+00
      4.654      0.047     0.0925      0.858     42.523  31.350520    28.7100     0.2152     0.0426     0.6768 4.8254e-01    -0.4002      4.564      6.619    11.8919 0.0000e+00
      4.664      0.044     0.0921      0.856     42.508  31.335908    28.7100     0.2342     0.0426     0.6768 5.4926e-01    -0.4002      4.574      6.635    11.8797 0.0000e+00
      4.675      0.041     0.0924      0.846     42.524  31.345152    28.7100     0.2304     0.0426     0.6768 4.9690e-01    -0.2340      4.584      6.650    11.8713 0.0000e+00
      4.685      0.040     0.0927      0.832     42.553  31.364783    28.6200     0.1923     0.0852     0.6768 4.9507e-01    -0.2793      4.594      6.664    11.8653 0.0000e+00
      4.695      0.039     0.0927      0.819     42.555  31.364183    28.6200     0.2113     0.0852     0.6768 5.0146e-01    -0.3549      4.604      6.678    11.8604 0.0000e+00
      4.704      0.039     0.0925      0.808     42.561  31.367093    28.6200     0.1999     0.0852     0.6768 4.8898e-01    -0.3549      4.614      6.692    11.8563 0.0000e+00
      4.714      0.039     0.0915      0.802     42.609  31.400183    28.6200     0.1885     0.0852     0.6768 4.8003e-01    -0.5512      4.623      6.706    11.8531 0.0000e+00
      4.724      0.040     0.0900      0.799     42.686  31.454351    28.5300     0.1999     0.0852     0.5922 4.8306e-01    -0.7627      4.633      6.720    11.8506 0.0000e+00
      4.734      0.041     0.0885      0.800     42.765  31.510182    28.5300     0.1999     0.0852     0.5922 4.9744e-01    -0.6268      4.643      6.734    11.8485 0.0000e+00
