Data/DataNotYetUploadedToEDI/Raw_CTD/RawDownloads/061724_fcr20_S7809004.cnv
* Sea-Bird SBE19plus  Data File:
* FileName = C:\R\Reservoirs\Data\DataNotYetUploadedToEDI\Raw_CTD\RawDownloads\061724_fcr50_S7809_0004.hex
* Software version 2.8.0.119
* Temperature SN = 7809
* Conductivity SN = 7809
* System UpLoad Time = Jun 20 2024 16:09:36
* <ApplicationData>
* <Seaterm232>
# nquan = 15
# nvalues = 942                         
# units = specified
# name 0 = depFM: Depth [fresh water, m]
# name 1 = dz/dtM: Descent Rate [m/s]
# name 2 = sbeox0Mg/L: Oxygen, SBE 43 [mg/l]
# name 3 = sbeox0PS: Oxygen, SBE 43 [% saturation]
# name 4 = specc: Specific Conductance [uS/cm]
# name 5 = c0uS/cm: Conductivity [uS/cm]
# name 6 = flECO-AFL: Fluorescence, WET Labs ECO-AFL/FL [mg/m^3]
# name 7 = ph: pH
# name 8 = orp: Oxidation Reduction Potential [mV]
# name 9 = par/sat/log: PAR/Logarithmic, Satlantic
# name 10 = turbWETntu0: Turbidity, WET Labs ECO [NTU]
# name 11 = prdM: Pressure, Strain Gauge [db]
# name 12 = prdE: Pressure, Strain Gauge [psi]
# name 13 = tv290C: Temperature [ITS-90, deg C]
# name 14 = flag:  0.000e+00
# span 0 =     -0.604,      2.681       
# span 1 =     -0.256,      0.176       
# span 2 =    -0.1149,    13.5085       
# span 3 =     -1.057,    165.428       
# span 4 =      2.198,     50.060       
# span 5 =   2.235793,  45.557261       
# span 6 =    -0.8045,    25.5085       
# span 7 =      9.619,     10.664       
# span 8 =    30.5616,   259.5580       
# span 9 = 1.5382e+01, 2.5273e+03       
# span 10 =     1.7287,   131.6511      
# span 11 =     -0.593,      2.630      
# span 12 =     -0.860,      3.814      
# span 13 =    18.8708,    28.4733      
# span 14 = 0.0000e+00, 0.0000e+00      
# interval = seconds: 0.25
# start_time = Jun 17 2024 13:16:51 [Instrument's time stamp, header]
# bad_flag = -9.990e-29
*END*
[from data line 772]
      2.678     -0.036     0.2656      3.029     47.127  41.695077     2.3684     10.215   162.9862 1.5513e+01    56.8646      2.628      3.811    18.8790 0.0000e+00
      2.671     -0.061     0.2740      3.055     46.226  41.110702     4.2801     10.209   163.0703 1.5798e+01    54.8469      2.622      3.802    18.8977 0.0000e+00
      2.656     -0.087     0.2814      3.143     45.566  40.759871     7.7937     10.203   163.0064 1.6328e+01    51.4114      2.609      3.784    18.9419 0.0000e+00
      2.630     -0.109     0.2815      3.458     45.179  40.626882     9.7102     10.198   163.1607 1.7243e+01    49.5193      2.584      3.748    19.0348 0.0000e+00
      2.590     -0.128     0.2781      4.401     44.717  40.391545     9.8829     10.193   163.4722 1.8448e+01    48.7082      2.542      3.687    19.2143 0.0000e+00
      2.546     -0.140     0.2799      6.392     44.092  40.008999     9.8320     10.188   163.6760 1.9583e+01    40.7506      2.494      3.617    19.4543 0.0000e+00
      2.506     -0.145     0.2822      9.512     43.583  39.746148     9.7026     10.182   163.4734 2.0625e+01    26.0634      2.456      3.561    19.7341 0.0000e+00
      2.471     -0.144     0.2962     13.679     43.470  39.815684     9.6162     10.175   162.7441 2.1790e+01    17.9779      2.423      3.514    19.9785 0.0000e+00
      2.436     -0.142     0.3611     19.066     43.397  39.834607     9.5953     10.170   162.1711 2.3092e+01    17.2178      2.388      3.463    20.1564 0.0000e+00
      2.401     -0.141     0.5405     25.957     42.966  39.467350     9.5746     10.168   162.3967 2.4454e+01    17.1122      2.353      3.414    20.3527 0.0000e+00
      2.368     -0.143     0.8244     33.764     42.506  39.119467     9.3586     10.165   162.8899 2.5986e+01    16.0869      2.324      3.370    20.6013 0.0000e+00
      2.333     -0.145     1.1888     40.949     42.361  39.118852     8.9723     10.161   162.9719 2.7858e+01    14.1809      2.291      3.323    20.8368 0.0000e+00
      2.292     -0.146     1.6486     46.815     42.417  39.269745     8.7652     10.157   162.6136 2.9984e+01    13.0938      2.249      3.262    20.9284 0.0000e+00
      2.251     -0.146     2.2752     52.125     42.490  39.357532     8.7935     10.157   161.7420 3.2039e+01    12.9167      2.205      3.198    20.8909 0.0000e+00
      2.213     -0.145     3.0418     57.580     42.513  39.355312     9.4230     10.157   160.5205 3.3924e+01    12.5859      2.168      3.145    20.9704 0.0000e+00
      2.179     -0.143     3.6920     62.507     42.476  39.306323    10.5916     10.157   159.4597 3.5982e+01    11.9977      2.137      3.100    21.1944 0.0000e+00
      2.144     -0.140     4.1625     65.607     42.363  39.209413    11.2465     10.157   158.5528 3.8352e+01    11.6460      2.103      3.050    21.3245 0.0000e+00
      2.109     -0.138     4.5974     66.620     42.190  39.072045    11.3725     10.156   157.8150 4.0862e+01    11.5107      2.068      2.999    21.3280 0.0000e+00
      2.074     -0.137     5.1133     66.325     41.971  38.914654    12.0489     10.155   157.4224 4.3456e+01    11.1813      2.034      2.950    21.2735 0.0000e+00
      2.038     -0.137     5.6140     65.569     41.737  38.766053    13.2999     10.154   156.9028 4.6156e+01    10.7042      1.999      2.899    21.2500 0.0000e+00
      2.002     -0.137     5.8895     64.932     41.551  38.671513    13.9960     10.154   155.4046 4.8855e+01    10.4553      1.963      2.847    21.2748 0.0000e+00
      1.968     -0.138     5.9432     64.888     41.375  38.596659    14.1148     10.154   153.5043 5.1577e+01    10.3929      1.929      2.798    21.2876 0.0000e+00
      1.935     -0.138     5.8840     65.872     41.159  38.495710    14.6774     10.153   152.5104 5.4602e+01    10.2573      1.898      2.754    21.3418 0.0000e+00
      1.900     -0.137     5.7918     68.235     40.952  38.402968    15.6973     10.153   151.9923 5.7967e+01    10.1469      1.863      2.704    21.4353 0.0000e+00
      1.863     -0.135     5.7102     71.989     40.821  38.363875    16.2666     10.154   151.1118 6.1537e+01    10.1862      1.827      2.650    21.5241 0.0000e+00
      1.827     -0.132     5.6825     76.761     40.721  38.340453    16.3753     10.155   149.8649 6.5184e+01    10.2199      1.791      2.597    21.6298 0.0000e+00
      1.792     -0.128     5.7408     82.022     40.618  38.310243    16.9118     10.158   146.9829 6.8656e+01     9.9051      1.755      2.546    21.7597 0.0000e+00
      1.760     -0.124     5.9311     87.200     40.577  38.315993    17.8857     10.160   142.4215 7.2015e+01     9.3181      1.725      2.502    21.8927 0.0000e+00
      1.731     -0.121     6.2644     91.902     40.606  38.346580    18.4197     10.163   139.2824 7.5279e+01     9.0318      1.698      2.461    21.9924 0.0000e+00
      1.704     -0.120     6.6849     95.889     40.643  38.362782    18.4745     10.167   138.0234 7.8643e+01     9.0392      1.672      2.424    22.0686 0.0000e+00
      1.676     -0.121     7.1536     98.899     40.672  38.384940    18.4895     10.171   137.3516 8.2782e+01     8.9972      1.645      2.386    22.1621 0.0000e+00
      1.644     -0.123     7.6043    100.662     40.700  38.424120    18.6431     10.175   137.1823 8.7620e+01     8.9348      1.613      2.340    22.2340 0.0000e+00
      1.611     -0.126     8.0205    101.085     40.720  38.455779    18.9418     10.180   137.2673 9.2755e+01     8.9001      1.579      2.291    22.2234 0.0000e+00
      1.577     -0.128     8.3837    100.540     40.691  38.450447    19.1137     10.186   137.5190 9.8033e+01     8.9186      1.546      2.242    22.1787 0.0000e+00
      1.543     -0.128     8.6547     99.635     40.619  38.423139    19.1727     10.194   137.6448 1.0341e+02     9.0227      1.513      2.195    22.1725 0.0000e+00
      1.510     -0.128     8.8117     98.859     40.585  38.442949    19.4804     10.202   137.4115 1.0892e+02     9.4756      1.480      2.147    22.2030 0.0000e+00
      1.478     -0.128     8.8319     98.581     40.583  38.499679    20.0125     10.211   137.0214 1.1432e+02    10.2610      1.448      2.100    22.2125 0.0000e+00
      1.448     -0.127     8.7597     99.048     40.555  38.538010    20.2969     10.219   136.6274 1.2026e+02    10.7303      1.421      2.060    22.2284 0.0000e+00
      1.415     -0.125     8.6574    100.264     40.479  38.525756    20.3053     10.226   136.4337 1.2743e+02    10.7775      1.389      2.016    22.2898 0.0000e+00
      1.380     -0.122     8.5690    102.084     40.391  38.478513    20.2142     10.234   136.3132 1.3464e+02    10.3537      1.352      1.960    22.3534 0.0000e+00
      1.348     -0.118     8.5229    104.274     40.377  38.474518    20.0527     10.242   136.1181 1.4143e+02     9.4999      1.320      1.914    22.4245 0.0000e+00
      1.319     -0.116     8.5524    106.510     40.510  38.604383    19.9588     10.251   135.8812 1.4853e+02     8.9934      1.293      1.876    22.5065 0.0000e+00
      1.292     -0.118     8.6474    108.458     40.724  38.842997    19.9273     10.260   134.9108 1.5609e+02     8.9448      1.266      1.837    22.5957 0.0000e+00
      1.266     -0.123     8.8031    109.932     40.734  38.948192    19.6731     10.267   133.2482 1.6475e+02     8.9117      1.242      1.801    22.6416 0.0000e+00
      1.239     -0.130     9.0037    111.079     40.520  38.861084    19.2147     10.276   132.2986 1.7597e+02     8.8321      1.218      1.766    22.6407 0.0000e+00
      1.205     -0.136     9.2078    112.279     40.392  38.805304    18.9622     10.286   132.2051 1.9051e+02     8.7683      1.185      1.718    22.6333 0.0000e+00
      1.164     -0.139     9.3828    113.915     40.409  38.844987    18.9100     10.296   132.1168 2.0681e+02     8.7206      1.142      1.655    22.6457 0.0000e+00
      1.121     -0.139     9.4783    116.093     40.440  38.896702    18.7496     10.305   131.6604 2.2334e+02     8.7683      1.098      1.592    22.7866 0.0000e+00
      1.081     -0.137     9.5275    118.424     40.447  38.922949    18.4876     10.316   130.9033 2.3921e+02     8.9356      1.057      1.534    22.9865 0.0000e+00
      1.049     -0.133     9.6066    120.478     40.497  38.971998    18.3551     10.327   130.2768 2.5360e+02     9.0687      1.026      1.489    23.0522 0.0000e+00
      1.023     -0.129     9.7388    122.171     40.642  39.108986    18.3386     10.338   129.6782 2.6874e+02     9.0455      1.004      1.456    23.0511 0.0000e+00
      0.995     -0.127     9.9354    123.460     40.824  39.310061    18.3209     10.348   129.0000 2.8744e+02     8.9281      0.980      1.420    23.0875 0.0000e+00
      0.962     -0.129    10.1473    124.308     41.008  39.562872    18.2500     10.358   128.6150 3.0915e+02     8.8106      0.945      1.370    23.1225 0.0000e+00
      0.926     -0.133    10.3191    124.861     41.213  39.881216    18.1225     10.366   128.4647 3.3193e+02     8.7529      0.908      1.317    23.1162 0.0000e+00
      0.890     -0.137    10.4715    125.472     41.434  40.240074    18.0610     10.372   128.2162 3.5660e+02     8.7771      0.873      1.266    23.0957 0.0000e+00
      0.854     -0.140    10.5806    126.544     41.590  40.538482    18.0724     10.379   127.9330 3.8269e+02     8.7614      0.837      1.214    23.1141 0.0000e+00
      0.819     -0.141    10.6295    128.306     41.563  40.633593    18.0771     10.387   127.7935 4.0759e+02     8.6995      0.803      1.166    23.2101 0.0000e+00
      0.784     -0.140    10.6336    130.811     41.420  40.565208    18.0598     10.396   127.4764 4.3364e+02     8.6773      0.770      1.117    23.3710 0.0000e+00
      0.748     -0.137    10.6335    133.840     41.236  40.409865    18.0462     10.405   126.9379 4.6166e+02     8.6986      0.734      1.064    23.5506 0.0000e+00
      0.711     -0.135    10.6832    136.949     41.106  40.278511    18.0530     10.412   126.4448 4.9273e+02     8.7511      0.697      1.011    23.7387 0.0000e+00
      0.676     -0.132    10.7943    139.657     41.224  40.373198    18.0339     10.420   126.0743 5.2754e+02     8.7659      0.662      0.960    23.9036 0.0000e+00
      0.643     -0.128    10.9959    141.555     41.524  40.666193    17.9737     10.427   125.9000 5.5918e+02     8.7067      0.630      0.914    23.9840 0.0000e+00
      0.613     -0.124    11.2641    142.528     41.832  41.028665    17.9329     10.432   125.6285 5.8726e+02     8.6500      0.601      0.872    23.9984 0.0000e+00
      0.582     -0.121    11.5364    142.763     41.953  41.265321    17.9235     10.437   125.2005 6.0753e+02     8.6615      0.571      0.827    24.0033 0.0000e+00
      0.552     -0.119    11.7920    142.623     41.935  41.369931    17.9436     10.442   124.7681 6.1826e+02     8.7784      0.540      0.783    23.9536 0.0000e+00
      0.524     -0.116    11.9586    142.492     41.957  41.468622    17.9753     10.448   124.2727 6.4659e+02     8.9013      0.514      0.746    23.9291 0.0000e+00
      0.494     -0.110    12.0181    142.655     41.897  41.443223    17.9739     10.453   123.9428 7.0077e+02     8.9169      0.486      0.706    24.0054 0.0000e+00
      0.462     -0.099    11.9883    143.102     41.892  41.443691    17.9024     10.458   123.9623 7.5535e+02     8.8989      0.453      0.657    24.1720 0.0000e+00
      0.431     -0.085    11.9251    143.592     42.116  41.664689    17.1027     10.462   124.1650 7.8962e+02     8.9237      0.419      0.608    24.3510 0.0000e+00
      0.410     -0.068    11.8883    144.112     42.441  42.020849    15.6281     10.463   124.5010 7.9605e+02     8.9771      0.398      0.577    24.4263 0.0000e+00
      0.398     -0.048    11.8905    144.684     42.715  42.386235    14.8211     10.460   124.9279 7.9232e+02     8.9641      0.389      0.564    24.4643 0.0000e+00
      0.392     -0.029    11.9446    145.192     42.840  42.655353    14.7288     10.458   125.1957 7.9513e+02     8.9029      0.385      0.557    24.4664 0.0000e+00
      0.388     -0.013    11.9851    145.573     42.826  42.799620    14.6621     10.457   125.3307 7.9804e+02     8.8864      0.380      0.551    24.4398 0.0000e+00
      0.388     -0.003    12.0196    145.823     42.643  42.734442    14.1886     10.456   125.4408 7.7611e+02     8.8327      0.378      0.548    24.4721 0.0000e+00
      0.391      0.002    12.0495    145.920     42.366  42.502164    13.3405     10.455   125.6666 7.1904e+02     8.6982      0.383      0.556    24.5846 0.0000e+00
      0.395      0.007    12.0500    145.808     42.223  42.339634    12.8805     10.454   126.3406 6.6039e+02     8.5579      0.388      0.563    24.7702 0.0000e+00
      0.397      0.013    12.0349    145.510     42.355  42.419503    12.7891     10.452   127.2229 6.2471e+02     8.4340      0.389      0.564    24.9839 0.0000e+00
      0.397      0.018    12.0212    145.122     42.734  42.769581    12.2689     10.450   127.6449 6.0881e+02     8.2597      0.389      0.564    25.1341 0.0000e+00
      0.399      0.023    12.0228    144.815     43.004  43.081460    11.3348     10.449   127.5705 5.9541e+02     8.0902      0.390      0.565    25.1826 0.0000e+00
      0.405      0.026    12.0188    144.760     42.919  43.080395    10.8333     10.448   127.2703 5.7950e+02     8.0575      0.394      0.572    25.1501 0.0000e+00
      0.418      0.027    12.0110    144.909     42.667  42.883789    10.8001     10.450   126.8536 5.6920e+02     8.0354      0.408      0.592    25.0633 0.0000e+00
      0.432      0.025    11.9901    145.055     42.450  42.672015    10.8575     10.453   126.6631 5.5939e+02     7.9598      0.426      0.618    24.9929 0.0000e+00
      0.440      0.020    11.9411    145.073     42.429  42.614399    10.9780     10.455   126.6876 5.4415e+02     7.9292      0.435      0.630    25.0611 0.0000e+00
      0.441      0.013    11.9083    145.013     42.623  42.758335    11.0513     10.457   126.4605 5.2104e+02     7.9734      0.434      0.628    25.2041 0.0000e+00
      0.438      0.000    11.9144    144.985     42.838  42.952434    11.0613     10.459   125.8100 4.9459e+02     8.0496      0.429      0.622    25.2674 0.0000e+00
      0.438     -0.020    11.9291    145.004     42.987  43.120542    11.0237     10.461   124.9323 4.8081e+02     8.0649      0.427      0.620    25.2758 0.0000e+00
      0.440     -0.047    11.9398    145.028     43.028  43.204153    10.9296     10.462   124.0219 4.9201e+02     8.0216      0.432      0.626    25.2215 0.0000e+00
      0.437     -0.079    11.9491    145.083     42.923  43.138290    10.8725     10.465   123.1485 5.3082e+02     8.0041      0.435      0.630    25.1351 0.0000e+00
      0.417     -0.112    11.9530    145.241     42.856  43.085930    10.8903     10.470   122.4594 6.0774e+02     8.0586      0.419      0.608    25.1086 0.0000e+00
      0.375     -0.137    11.9495    145.491     42.856  43.078870    11.0284     10.475   122.0572 7.1672e+02     8.4410      0.372      0.541    25.1417 0.0000e+00
      0.320     -0.148    11.9390    145.815     42.781  42.989448    11.2529     10.478   121.8135 8.1583e+02     9.0755      0.313      0.453    25.1970 0.0000e+00
      0.265     -0.142    11.9253    146.147     42.708  42.893320    11.3566     10.481   121.5773 8.7683e+02     9.3762      0.259      0.374    25.2576 0.0000e+00
      0.219     -0.119    11.9369    146.397     42.714  42.868642    11.3344     10.486   121.3523 8.6941e+02     9.4129      0.207      0.299    25.2770 0.0000e+00
      0.192     -0.087    11.9626    146.610     42.879  43.008379    11.1340     10.491   121.1576 8.2105e+02     9.9629      0.180      0.260    25.2514 0.0000e+00
      0.185     -0.052    11.9919    146.865     43.181  43.313386    10.6649     10.496   121.0298 8.4727e+02    11.0044      0.179      0.260    25.2423 0.0000e+00
