Data/DataNotYetUploadedToEDI/Raw_CTD/RawDownloads/061724_fcr50_S7809002.cnv
* Sea-Bird SBE19plus  Data File:
* FileName = C:\R\Reservoirs\Data\DataNotYetUploadedToEDI\Raw_CTD\RawDownloads\061724_fcr50_S7809_0002.hex
* Software version 2.8.0.119
* Temperature SN = 7809
* Conductivity SN = 7809
* System UpLoad Time = Jun 20 2024 16:08:39
* <ApplicationData>
* <Seaterm232>
# nquan = 15
# nvalues = 1946                        
# units = specified
# name 0 = depFM: Depth [fresh water, m]
# name 1 = dz/dtM: Descent Rate [m/s]
# name 2 = sbeox0Mg/L: Oxygen, SBE 43 [mg/l]
# name 3 = sbeox0PS: Oxygen, SBE 43 [% saturation]
# name 4 = specc: Specific Conductance [uS/cm]
# name 5 = c0uS/cm: Conductivity [uS/cm]
# name 6 = flECO-AFL: Fluorescence, WET Labs ECO-AFL/FL [mg/m^3]
# name 7 = ph: pH
# name 8 = orp: Oxidation Reduction Potential [mV]
# name 9 = par/sat/log: PAR/Logarithmic, Satlantic
# name 10 = turbWETntu0: Turbidity, WET Labs ECO [NTU]
# name 11 = prdM: Pressure, Strain Gauge [db]
# name 12 = prdE: Pressure, Strain Gauge [psi]
# name 13 = tv290C: Temperature [ITS-90, deg C]
# name 14 = flag:  0.000e+00
# span 0 =     -0.593,      9.509       
# span 1 =     -0.364,      3.857       
# span 2 =     0.0854,    13.8808       
# span 3 =      0.870,    165.772       
# span 4 =      0.498,    410.993       
# span 5 =   0.552416, 300.352017       
# span 6 =    -2.2389,   227.6504       
# span 7 =      7.591,     10.249       
# span 8 =  -230.8889,   279.1619       
# span 9 = 1.2342e-01, 2.3577e+03       
# span 10 =    -1.0987,   152.8737      
# span 11 =     -0.581,      9.326      
# span 12 =     -0.843,     13.526      
# span 13 =    11.4084,    30.4334      
# span 14 = 0.0000e+00, 0.0000e+00      
# interval = seconds: 0.25
# start_time = Jun 17 2024 12:30:59 [Instrument's time stamp, header]
# bad_flag = -9.990e-29
*END*
[from data line 675]
      0.313 1.7237e-16    12.0198    146.127     42.643  42.913513    11.9394     10.102   116.9837 5.0843e+02     4.6645      0.308      0.446    25.3262 0.0000e+00
      0.313 1.8960e-15    12.0041    146.136     42.629  42.895149    11.9805     10.102   117.2146 5.0339e+02     4.7462      0.307      0.446    25.3266 0.0000e+00
      0.313 2.0856e-14    11.9926    146.132     42.639  42.901495    11.9822     10.103   117.5465 5.0092e+02     4.7279      0.307      0.445    25.3234 0.0000e+00
      0.313 2.2941e-13    11.9987    146.139     42.666  42.926769    11.8770     10.105   117.4684 5.0055e+02     4.5800      0.307      0.445    25.3176 0.0000e+00
      0.313 2.5236e-12    12.0062    146.143     42.688  42.946850    11.6900     10.106   117.0446 5.0091e+02     4.4275      0.308      0.446    25.3099 0.0000e+00
      0.313 2.7759e-11    12.0064    146.152     42.695  42.953874    11.6015     10.106   116.6384 5.0276e+02     4.4207      0.307      0.446    25.3051 0.0000e+00
      0.313 3.0535e-10    12.0058    146.174     42.688  42.948223    11.6155     10.105   116.6869 5.0084e+02     4.4975      0.307      0.446    25.3019 0.0000e+00
      0.314 3.3589e-09    12.0081    146.151     42.678  42.942000    11.6835     10.105   116.9425 4.9539e+02     4.4683      0.308      0.446    25.2985 0.0000e+00
      0.314 3.6947e-08    12.0092    146.057     42.674  42.942104    11.7911     10.106   117.0621 4.9312e+02     4.3748      0.308      0.446    25.2963 0.0000e+00
      0.313 4.0642e-07    12.0078    145.946     42.676  42.949490    11.8515     10.108   116.7557 4.9480e+02     4.3568      0.307      0.446    25.2953 0.0000e+00
      0.313      0.000    12.0129    145.886     42.689  42.967845    11.8641     10.108   116.2500 5.0117e+02     4.4221      0.307      0.445    25.2983 0.0000e+00
      0.313      0.000    12.0105    145.932     42.691  42.973619    11.8855     10.109   116.1959 5.0982e+02     4.4809      0.308      0.446    25.3036 0.0000e+00
      0.313      0.001    11.9994    146.077     42.669  42.955834    11.9112     10.110   116.4456 5.1485e+02     4.4533      0.307      0.446    25.3081 0.0000e+00
      0.314      0.001    11.9871    146.239     42.654  42.943234    11.9170     10.110   116.7740 5.1646e+02     4.3955      0.308      0.447    25.3141 0.0000e+00
      0.314      0.000    11.9788    146.357     42.657  42.948228    11.9138     10.110   116.6385 5.1740e+02     4.3634      0.308      0.447    25.3204 0.0000e+00
      0.314 1.8474e-08    11.9816    146.440     42.662  42.952745    11.9057     10.110   116.0121 5.1542e+02     4.3381      0.308      0.447    25.3246 0.0000e+00
      0.314 2.0321e-07    11.9955    146.482     42.645  42.934371    11.8439     10.111   115.8252 5.1053e+02     4.3966      0.308      0.447    25.3296 0.0000e+00
      0.314 2.0321e-07    12.0105    146.476     42.630  42.916483    11.7323     10.112   116.1857 5.0536e+02     4.5594      0.308      0.447    25.3348 0.0000e+00
      0.314 1.8474e-08    12.0178    146.456     42.644  42.926868    11.6633     10.113   116.5855 5.0271e+02     4.6320      0.308      0.446    25.3359 0.0000e+00
      0.314 1.6794e-09    12.0258    146.437     42.654  42.932998    11.6508     10.113   116.4435 5.0548e+02     4.5919      0.308      0.447    25.3345 0.0000e+00
      0.314 1.5261e-10    12.0307    146.394     42.654  42.927119    11.6812     10.113   115.8455 5.1061e+02     4.5527      0.308      0.447    25.3330 0.0000e+00
      0.314 1.3204e-11    12.0285    146.311     42.651  42.919246    11.7481     10.113   115.5487 5.1350e+02     4.5337      0.308      0.447    25.3305 0.0000e+00
      0.314 -6.170e-12    12.0272    146.185     42.635  42.901265    11.7852     10.114   115.6940 5.1439e+02     4.4985      0.307      0.446    25.3264 0.0000e+00
      0.314 -8.163e-11    12.0285    146.026     42.634  42.900121    11.7727     10.114   115.9677 5.1932e+02     4.3997      0.308      0.446    25.3207 0.0000e+00
      0.314 -8.992e-10    12.0269    145.888     42.639  42.905417    11.6712     10.115   116.0188 5.2636e+02     4.3983      0.308      0.446    25.3131 0.0000e+00
      0.314 -9.891e-09    12.0214    145.852     42.637  42.901836    11.5061     10.116   115.7097 5.2741e+02     4.5846      0.307      0.446    25.3059 0.0000e+00
      0.314 -1.088e-07    12.0117    145.940     42.655  42.920285    11.4326     10.116   115.5006 5.2663e+02     4.7393      0.308      0.446    25.3046 0.0000e+00
      0.314      0.000    11.9962    146.083     42.670  42.938075    11.4567     10.116   115.6415 5.2374e+02     4.7317      0.308      0.446    25.3077 0.0000e+00
      0.314      0.000    11.9821    146.203     42.654  42.926525    11.5821     10.117   115.7782 5.1539e+02     4.6633      0.308      0.447    25.3075 0.0000e+00
      0.314      0.000    11.9786    146.298     42.631  42.907577    11.7911     10.118   115.8622 5.0854e+02     4.6297      0.307      0.445    25.3037 0.0000e+00
      0.314     -0.002    11.9889    146.400     42.621  42.899400    11.9039     10.118   115.8833 5.0372e+02     4.6676      0.308      0.446    25.3031 0.0000e+00
      0.314     -0.008    12.0028    146.498     42.611  42.891128    11.9219     10.116   115.6028 4.9897e+02     4.7446      0.308      0.447    25.3078 0.0000e+00
      0.314     -0.023    12.0108    146.530     42.584  42.871047    11.9575     10.112   115.3968 4.9728e+02     4.6734      0.308      0.447    25.3141 0.0000e+00
      0.313     -0.050    12.0160    146.452     42.547  42.847022    12.0023     10.106   115.4573 5.0354e+02     4.4551      0.308      0.447    25.3179 0.0000e+00
      0.308     -0.088    12.0243    146.307     42.537  42.854544    12.0138     10.101   115.4736 5.3440e+02     4.3261      0.307      0.445    25.3201 0.0000e+00
      0.289     -0.127    12.0346    146.212     42.561  42.898554    12.0054     10.095   115.8523 6.0063e+02     4.3424      0.293      0.424    25.3203 0.0000e+00
      0.248     -0.155    12.0377    146.253     42.576  42.934883    12.0011     10.085   116.6800 7.0086e+02     4.3790      0.251      0.365    25.3272 0.0000e+00
      0.185     -0.164    12.0257    146.412     42.600  42.976466    11.8870     10.072   117.0505 8.0289e+02     4.3590      0.187      0.270    25.3461 0.0000e+00
      0.114     -0.153    12.0051    146.615     42.634  43.020528    11.6659     10.063   116.8043 8.9714e+02     4.3400      0.107      0.155    25.3659 0.0000e+00
      0.057     -0.125    11.9889    146.766     42.637  43.023344    11.5499     10.063   116.6278 9.9538e+02     4.3549      0.038      0.056    25.3895 0.0000e+00
      0.036     -0.087    11.9876    146.778     42.631  43.010509    11.5248     10.067   116.7230 1.0139e+03     4.4014      0.026      0.037    25.4166 0.0000e+00
      0.041     -0.047    11.9981    146.672     42.621  42.992280    11.3539     10.070   116.7517 9.2523e+02     4.4589      0.042      0.061    25.4395 0.0000e+00
      0.048     -0.013    12.0139    146.512     42.632  42.993343    11.0486     10.073   116.7162 8.0200e+02     4.4686      0.048      0.070    25.4522 0.0000e+00
      0.051      0.007    12.0317    146.332     42.672  43.023342    10.8708     10.076   116.7233 7.6981e+02     4.4508      0.051      0.073    25.4489 0.0000e+00
      0.053      0.012    12.0327    146.186     42.693  43.037625    10.8274     10.079   116.6656 8.1314e+02     4.4148      0.052      0.075    25.4404 0.0000e+00
      0.054      0.012    12.0232    146.081     42.698  43.039079    10.6815     10.082   116.6211 7.8438e+02     4.4081      0.052      0.075    25.4310 0.0000e+00
      0.056      0.013    12.0137    145.995     42.702  43.040927    10.4305     10.084   116.6161 7.4888e+02     4.4726      0.055      0.080    25.4175 0.0000e+00
      0.059      0.013    11.9991    145.955     42.722  43.059965    10.2975     10.086   116.6048 7.8094e+02     4.4781      0.058      0.084    25.4033 0.0000e+00
      0.063      0.006    11.9888    145.961     42.742  43.078853    10.2648     10.087   116.5706 8.0768e+02     4.4057      0.061      0.088    25.3952 0.0000e+00
      0.070     -0.009    11.9828    145.954     42.742  43.078879    10.0596     10.087   116.4607 7.7684e+02     4.3148      0.068      0.098    25.3928 0.0000e+00
      0.076     -0.033    11.9739    145.958     42.717  43.060274     9.7058     10.087   116.2228 7.3727e+02     4.2336      0.077      0.112    25.3916 0.0000e+00
      0.072     -0.059    11.9701    146.051     42.691  43.044339     9.5333     10.089   116.0177 7.7192e+02     4.2427      0.078      0.115    25.3898 0.0000e+00
      0.050     -0.084    11.9754    146.252     42.714  43.076631     9.5463     10.091   116.0456 8.8433e+02     4.2543      0.056      0.082    25.3875 0.0000e+00
      0.012     -0.099    11.9738    146.550     42.765  43.133378     9.6966     10.092   116.2157 1.0246e+03     4.1683      0.012      0.019    25.3858 0.0000e+00
     -0.029     -0.101    11.9685    146.910     42.785  43.159225     9.9770     10.091   116.2672 1.1188e+03     4.0922     -0.030     -0.044    25.3938 0.0000e+00
     -0.064     -0.089    11.9733    147.231     42.754  43.135260    10.1322     10.091   116.0666 1.1022e+03     4.1192     -0.066     -0.096    25.4097 0.0000e+00
     -0.088     -0.067    11.9874    147.434     42.712  43.097525    10.1495     10.092   115.8546 1.0138e+03     4.1879     -0.092     -0.134    25.4203 0.0000e+00
     -0.097     -0.041    12.0114    147.541     42.700  43.083804    10.1540     10.095   115.7687 9.5738e+02     4.2047     -0.099     -0.143    25.4248 0.0000e+00
     -0.095     -0.018    12.0435    147.590     42.717  43.096300    10.1110     10.099   115.7164 9.2308e+02     4.2197     -0.093     -0.135    25.4284 0.0000e+00
     -0.090     -0.002    12.0710    147.611     42.746  43.121670    10.0295     10.103   115.6526 8.0308e+02     4.2680     -0.088     -0.127    25.4405 0.0000e+00
     -0.086      0.006    12.0829    147.596     42.763  43.136652     9.9751     10.105   115.5132 6.5115e+02     4.3101     -0.084     -0.121    25.4504 0.0000e+00
     -0.083      0.007    12.0922    147.514     42.778  43.150499     9.9530     10.108   115.4072 5.5618e+02     4.3864     -0.082     -0.118    25.4453 0.0000e+00
     -0.083      0.005    12.0969    147.395     42.788  43.162144     9.8205     10.111   115.4899 5.4074e+02     4.3709     -0.082     -0.118    25.4379 0.0000e+00
     -0.083      0.003    12.0988    147.264     42.777  43.150510     9.5634     10.111   115.7389 7.2038e+02     4.2251     -0.081     -0.117    25.4331 0.0000e+00
     -0.083      0.002    12.1020    147.137     42.765  43.136777     9.4072     10.111   115.9225 8.9606e+02     4.1610     -0.081     -0.117    25.4293 0.0000e+00
     -0.082      0.001    12.0921    147.027     42.752  43.123043     9.3555     10.111   115.8165 8.8761e+02     4.1766     -0.080     -0.117    25.4292 0.0000e+00
     -0.082      0.001    12.0820    146.900     42.742  43.111398     9.1385     10.112   115.4902 9.4407e+02     4.2091     -0.080     -0.117    25.4318 0.0000e+00
     -0.082      0.001    12.0709    146.736     42.757  43.122919     8.7556     10.114   115.0743 1.0361e+03     4.2130     -0.080     -0.116    25.4321 0.0000e+00
     -0.081      0.000    12.0596    146.599     42.773  43.135394     8.5462     10.117   115.0903 1.0027e+03     4.1890     -0.080     -0.116    25.4292 0.0000e+00
     -0.081 1.8643e-08    12.0530    146.541     42.778  43.135280     8.5382     10.121   115.5977 9.8729e+02     4.1921     -0.080     -0.116    25.4272 0.0000e+00
     -0.082 2.0508e-07    12.0443    146.561     42.769  43.121537     8.6248     10.123   115.8750 1.1413e+03     4.1813     -0.080     -0.116    25.4256 0.0000e+00
     -0.082 2.0508e-07    12.0291    146.666     42.750  43.096158     8.7863     10.125   115.6892 1.3085e+03     4.1952     -0.080     -0.116    25.4223 0.0000e+00
     -0.082 1.8646e-08    12.0157    146.781     42.743  43.082312     8.8760     10.126   115.2445 1.2968e+03     4.2237     -0.080     -0.116    25.4175 0.0000e+00
     -0.082 1.7231e-09    12.0151    146.836     42.746  43.081054     8.9017     10.129   115.4026 1.1691e+03     4.2187     -0.080     -0.116    25.4127 0.0000e+00
     -0.082 4.6484e-10    12.0143    146.887     42.749  43.080939     9.0968     10.132   116.2238 1.0967e+03     4.2029     -0.080     -0.116    25.4074 0.0000e+00
     -0.082 3.4325e-09    12.0285    146.937     42.753  43.080920     9.4539     10.135   116.5699 1.0634e+03     4.2043     -0.080     -0.116    25.3990 0.0000e+00
     -0.082 3.7604e-08    12.0444    146.940     42.757  43.080814     9.6569     10.139   116.1459 9.1939e+02     4.2358     -0.080     -0.116    25.3908 0.0000e+00
     -0.081 4.1363e-07    12.0446    146.918     42.761  43.079655     9.6962     10.141   115.4850 8.3996e+02     4.2073     -0.080     -0.116    25.3857 0.0000e+00
     -0.081      0.000    12.0501    146.863     42.752  43.066909     9.7627     10.143   115.6336 9.8141e+02     4.1323     -0.079     -0.115    25.3816 0.0000e+00
     -0.081      0.000    12.0591    146.781     42.742  43.053639     9.8528     10.145   116.4807 1.1521e+03     4.1156     -0.079     -0.115    25.3774 0.0000e+00
     -0.081      0.001    12.0569    146.721     42.739  43.046140     9.8951     10.148   116.6930 1.2477e+03     4.1766     -0.080     -0.116    25.3731 0.0000e+00
     -0.081      0.001    12.0575    146.669     42.737  43.039703     9.9079     10.150   116.3926 1.2634e+03     4.2536     -0.079     -0.115    25.3673 0.0000e+00
     -0.081      0.002    12.0556    146.645     42.740  43.039276     9.9239     10.152   116.0329 1.2161e+03     4.2616     -0.079     -0.114    25.3617 0.0000e+00
     -0.081      0.003    12.0447    146.704     42.743  43.040964     9.8889     10.153   115.9574 1.1873e+03     4.2740     -0.079     -0.115    25.3583 0.0000e+00
     -0.080      0.006    12.0446    146.846     42.762  43.060114     9.8017     10.153   116.6839 1.0958e+03     4.3341     -0.078     -0.113    25.3536 0.0000e+00
     -0.078      0.011    12.0397    147.001     42.782  43.080403     9.7435     10.152   117.4186 9.3277e+02     4.3736     -0.076     -0.110    25.3480 0.0000e+00
     -0.077      0.018    12.0365    147.090     42.797  43.095868     9.7424     10.152   117.3551 9.1894e+02     4.4099     -0.075     -0.109    25.3441 0.0000e+00
     -0.074      0.023    12.0423    147.128     42.822  43.120156     9.7464     10.152   116.8623 1.0169e+03     4.3635     -0.076     -0.110    25.3409 0.0000e+00
     -0.066      0.029    12.0554    147.151     42.821  43.120181     9.7255     10.151   116.8799 1.0327e+03     4.2227     -0.068     -0.098    25.3411 0.0000e+00
     -0.052      0.036    12.0720    147.151     42.795  43.096166     9.7070     10.148   117.6549 1.0007e+03     4.1421     -0.050     -0.071    25.3442 0.0000e+00
     -0.042      0.042    12.0777    147.136     42.780  43.083690     9.6882     10.145   118.4030 9.8805e+02     4.1406     -0.039     -0.057    25.3430 0.0000e+00
     -0.033      0.046    12.0790    147.089     42.790  43.096280     9.6147     10.142   118.6122 9.6320e+02     4.2384     -0.035     -0.052    25.3414 0.0000e+00
     -0.022      0.046    12.0830    147.012     42.816  43.121441     9.4929     10.141   118.4633 8.9545e+02     4.3682     -0.023     -0.033    25.3424 0.0000e+00
     -0.007      0.046    12.0803    146.954     42.833  43.134022     9.4222     10.141   118.1508 8.7071e+02     4.4115     -0.007     -0.011    25.3451 0.0000e+00
      0.007      0.046    12.0791    146.909     42.826  43.121442     9.4088     10.139   118.0177 9.2192e+02     4.4210      0.007      0.011    25.3500 0.0000e+00
      0.019      0.047    12.0763    146.901     42.804  43.096273     9.4400     10.135   118.4887 9.6770e+02     4.4146      0.021      0.030    25.3539 0.0000e+00
