Data/DataNotYetUploadedToEDI/Raw_CTD/RawDownloads/061724_fcr40_S7809007.cnv
* Sea-Bird SBE19plus  Data File:
* FileName = C:\R\Reservoirs\Data\DataNotYetUploadedToEDI\Raw_CTD\RawDownloads\061724_fcr50_S7809_0007.hex
* Software version 2.8.0.119
* Temperature SN = 7809
* Conductivity SN = 7809
* System UpLoad Time = Jun 20 2024 16:10:38
* <ApplicationData>
* <Seaterm232>
# nquan = 15
# nvalues = 998                         
# units = specified
# name 0 = depFM: Depth [fresh water, m]
# name 1 = dz/dtM: Descent Rate [m/s]
# name 2 = sbeox0Mg/L: Oxygen, SBE 43 [mg/l]
# name 3 = sbeox0PS: Oxygen, SBE 43 [% saturation]
# name 4 = specc: Specific Conductance [uS/cm]
# name 5 = c0uS/cm: Conductivity [uS/cm]
# name 6 = flECO-AFL: Fluorescence, WET Labs ECO-AFL/FL [mg/m^3]
# name 7 = ph: pH
# name 8 = orp: Oxidation Reduction Potential [mV]
# name 9 = par/sat/log: PAR/Logarithmic, Satlantic
# name 10 = turbWETntu0: Turbidity, WET Labs ECO [NTU]
# name 11 = prdM: Pressure, Strain Gauge [db]
# name 12 = prdE: Pressure, Strain Gauge [psi]
# name 13 = tv290C: Temperature [ITS-90, deg C]
# name 14 = flag:  0.000e+00
# span 0 =     -0.597,      6.091       
# span 1 =     -0.322,      0.202       
# span 2 =     1.0461,    14.0776       
# span 3 =     10.206,    168.575       
# span 4 =      1.691,     49.017       
# span 5 =   1.610743,  44.734366       
# span 6 =    -0.1313,    26.4312       
# span 7 =      9.507,     10.651       
# span 8 =    46.0972,   236.4983       
# span 9 = 1.3610e-01, 2.4011e+03       
# span 10 =    -0.0007,    99.4904      
# span 11 =     -0.586,      5.973      
# span 12 =     -0.850,      8.663      
# span 13 =    11.4341,    27.6916      
# span 14 = 0.0000e+00, 0.0000e+00      
# interval = seconds: 0.25
# start_time = Jun 17 2024 13:34:37 [Instrument's time stamp, header]
# bad_flag = -9.990e-29
*END*
[from data line 482]
      0.672      0.103    11.8689    141.663     41.986  42.262375    14.6403     10.602   103.7686 4.0926e+02     6.6360      0.659      0.956    25.4727 0.0000e+00
      0.699      0.101    11.8288    140.220     41.904  42.156702    14.7156     10.601   104.0344 3.9042e+02     6.6055      0.687      0.997    25.4433 0.0000e+00
      0.721      0.101    11.7940    138.674     41.863  42.090379    15.1209     10.599   104.2611 3.7089e+02     6.6400      0.708      1.027    25.3940 0.0000e+00
      0.744      0.100    11.7367    137.288     41.830  42.031645    15.8541     10.597   104.4448 3.5234e+02     6.7451      0.728      1.055    25.3480 0.0000e+00
      0.769      0.099    11.6428    136.229     41.773  41.954266    16.2560     10.596   104.6205 3.3705e+02     6.8519      0.754      1.093    25.3219 0.0000e+00
      0.797      0.098    11.5254    135.398     41.753  41.916388    16.3093     10.595   104.7515 3.2193e+02     6.8718      0.782      1.135    25.2990 0.0000e+00
      0.825      0.095    11.3970    134.751     41.805  41.954446    16.3493     10.592   104.8237 3.0553e+02     6.8155      0.810      1.174    25.2658 0.0000e+00
      0.850      0.090    11.2808    134.379     41.895  42.033588    16.7310     10.591   104.8909 2.8980e+02     6.9221      0.834      1.210    25.2324 0.0000e+00
      0.871      0.085    11.2075    134.255     41.979  42.111655    17.4622     10.591   104.9617 2.7805e+02     7.2733      0.856      1.241    25.2081 0.0000e+00
      0.891      0.081    11.1443    134.308     42.070  42.200182    17.8831     10.590   105.1638 2.7097e+02     7.5434      0.875      1.269    25.1896 0.0000e+00
      0.908      0.081    11.0879    134.562     42.215  42.342332    17.9323     10.588   105.5272 2.6554e+02     7.5910      0.890      1.291    25.1712 0.0000e+00
      0.926      0.084    11.0633    135.127     42.379  42.497516    17.8828     10.586   105.7422 2.5864e+02     7.5758      0.909      1.317    25.1572 0.0000e+00
      0.946      0.090    11.0567    136.049     42.513  42.616678    17.7756     10.585   105.6986 2.5019e+02     7.5646      0.928      1.345    25.1518 0.0000e+00
      0.969      0.097    11.0617    137.359     42.681  42.767556    17.7097     10.587   105.6024 2.4064e+02     7.5236      0.948      1.374    25.1481 0.0000e+00
      0.997      0.102    11.0778    139.202     42.924  42.988858    17.7097     10.592   105.6109 2.2988e+02     7.5242      0.976      1.416    25.1471 0.0000e+00
      1.028      0.104    11.1246    141.589     43.168  43.197835    17.7344     10.597   105.5432 2.1972e+02     7.5725      1.009      1.464    25.1374 0.0000e+00
      1.058      0.104    11.2081    144.365     43.287  43.263134    17.7584     10.602   105.1279 2.1144e+02     7.5603      1.039      1.507    25.1161 0.0000e+00
      1.084      0.101    11.3117    147.549     43.297  43.207057    17.7670     10.607   104.5475 2.0355e+02     7.5140      1.063      1.542    25.0959 0.0000e+00
      1.108      0.096    11.4668    151.257     43.306  43.154435    17.7798     10.612   104.1183 1.9587e+02     7.4913      1.087      1.576    25.0747 0.0000e+00
      1.132      0.091    11.6822    155.392     43.329  43.134567    18.0464     10.617   103.9818 1.8925e+02     7.5932      1.109      1.610    25.0368 0.0000e+00
      1.154      0.087    11.9225    159.550     43.314  43.093718    18.5438     10.622   103.9302 1.8303e+02     7.7555      1.132      1.642    24.9719 0.0000e+00
      1.175      0.086    12.1986    163.241     43.220  42.977859    18.8075     10.626   103.7528 1.7729e+02     7.8130      1.153      1.672    24.8897 0.0000e+00
      1.195      0.089    12.5251    166.079     43.089  42.812714    18.8375     10.629   103.7302 1.7206e+02     7.8103      1.170      1.698    24.8108 0.0000e+00
      1.215      0.094    12.8944    167.841     42.946  42.620224    19.0485     10.631   103.9149 1.6671e+02     7.8255      1.191      1.729    24.7602 0.0000e+00
      1.238      0.099    13.2603    168.575     42.815  42.427584    19.4608     10.633   104.0068 1.6112e+02     7.9285      1.213      1.760    24.7391 0.0000e+00
      1.265      0.103    13.5815    168.474     42.784  42.324058    19.6948     10.635   103.9812 1.5475e+02     7.9965      1.237      1.794    24.7199 0.0000e+00
      1.296      0.104    13.8367    167.793     42.855  42.320442    19.7141     10.637   104.0342 1.4809e+02     7.9994      1.271      1.842    24.6798 0.0000e+00
      1.327      0.101    13.9956    166.935     42.906  42.320283    19.6854     10.638   104.2182 1.4257e+02     7.9979      1.303      1.890    24.6167 0.0000e+00
      1.356      0.095    14.0684    166.290     42.868  42.258591    19.4318     10.639   104.3997 1.3832e+02     7.8067      1.332      1.931    24.5472 0.0000e+00
      1.379      0.088    14.0776    165.997     42.769  42.145717    18.9947     10.642   104.5070 1.3480e+02     7.5324      1.354      1.964    24.4604 0.0000e+00
      1.396      0.080    14.0336    165.990     42.614  41.971026    18.7696     10.644   104.6552 1.3159e+02     7.4134      1.369      1.986    24.3585 0.0000e+00
      1.411      0.074    13.9640    166.098     42.479  41.796556    18.7245     10.646   104.8153 1.2839e+02     7.3593      1.384      2.007    24.2976 0.0000e+00
      1.428      0.072    13.9115    166.119     42.428  41.686346    18.3991     10.647   104.8941 1.2490e+02     7.2202      1.400      2.030    24.2808 0.0000e+00
      1.447      0.073    13.8931    165.948     42.332  41.526944    17.8070     10.649   105.0053 1.2114e+02     7.0639      1.420      2.058    24.2688 0.0000e+00
      1.467      0.075    13.9025    165.577     42.062  41.201964    17.4912     10.651   105.2134 1.1744e+02     7.0406      1.439      2.087    24.2467 0.0000e+00
      1.487      0.076    13.9320    165.076     41.722  40.803327    17.4934     10.651   105.5178 1.1388e+02     7.1088      1.457      2.113    24.1997 0.0000e+00
      1.508      0.077    13.9555    164.466     41.508  40.514898    17.6089     10.651   105.7610 1.1061e+02     7.0688      1.479      2.145    24.1227 0.0000e+00
      1.528      0.080    13.9648    163.665     41.446  40.380002    17.7823     10.650   105.9160 1.0788e+02     6.8307      1.500      2.175    24.0358 0.0000e+00
      1.546      0.083    13.9462    162.575     41.306  40.187618    17.8668     10.648   106.1877 1.0530e+02     6.5868      1.516      2.197    23.9747 0.0000e+00
      1.564      0.085    13.9210    161.131     41.000  39.838744    17.9152     10.645   106.4649 1.0229e+02     6.5110      1.532      2.223    23.9025 0.0000e+00
      1.588      0.086    13.9022    159.301     40.805  39.588709    18.3917     10.641   106.6860 9.9024e+01     6.4260      1.556      2.257    23.7950 0.0000e+00
      1.614      0.087    13.8613    157.103     40.595  39.322095    19.2581     10.636   107.0541 9.5837e+01     6.2421      1.583      2.296    23.6987 0.0000e+00
      1.639      0.089    13.7886    154.633     40.170  38.836155    19.7266     10.632   107.6462 9.2883e+01     6.1320      1.608      2.332    23.6356 0.0000e+00
      1.660      0.091    13.6774    151.943     39.839  38.409144    19.8205     10.630   108.4249 9.0497e+01     6.0858      1.630      2.364    23.5898 0.0000e+00
      1.679      0.093    13.5473    149.103     39.829  38.283790    20.6260     10.627   109.3284 8.8231e+01     6.0258      1.645      2.387    23.5000 0.0000e+00
      1.700      0.094    13.3723    146.173     39.909  38.272201    22.1333     10.622   110.3962 8.5184e+01     5.9530      1.663      2.413    23.4272 0.0000e+00
      1.727      0.097    13.1796    143.092     39.767  38.078511    22.9551     10.616   111.8712 8.1728e+01     5.8885      1.693      2.456    23.3590 0.0000e+00
      1.756      0.100    12.9875    139.851     39.578  37.845527    23.0217     10.609   113.3957 7.8603e+01     5.8273      1.723      2.499    23.2013 0.0000e+00
      1.782      0.104    12.7790    136.634     39.553  37.739577    23.0958     10.601   114.4604 7.5679e+01     5.8278      1.748      2.535    23.0384 0.0000e+00
      1.808      0.106    12.5601    133.629     39.617  37.685743    23.9597     10.591   115.6244 7.2721e+01     5.8937      1.773      2.572    22.9272 0.0000e+00
      1.833      0.108    12.3098    130.625     39.693  37.638648    25.5607     10.582   117.4024 6.9762e+01     5.9062      1.798      2.608    22.8651 0.0000e+00
      1.860      0.110    12.0364    127.254     39.780  37.614173    26.4312     10.573   119.1810 6.6682e+01     5.8771      1.823      2.644    22.8247 0.0000e+00
      1.890      0.112    11.7682    123.332     39.912  37.643489    26.4286     10.563   120.1799 6.3562e+01     5.8158      1.852      2.687    22.7221 0.0000e+00
      1.920      0.115    11.5581    119.035     40.042  37.675696    25.6291     10.554   120.6170 6.0572e+01     5.7795      1.884      2.732    22.5553 0.0000e+00
      1.950      0.118    11.3455    114.857     40.144  37.686176    24.1638     10.545   120.9384 5.7637e+01     5.8134      1.913      2.774    22.3989 0.0000e+00
      1.979      0.119    11.0853    110.990     40.255  37.706636    23.3608     10.537   121.3124 5.4843e+01     5.8508      1.941      2.816    22.2687 0.0000e+00
      2.008      0.116    10.7683    107.279     40.372  37.732581    23.1435     10.531   121.8707 5.2021e+01     5.8557      1.967      2.853    22.1498 0.0000e+00
      2.039      0.111    10.3900    103.582     40.469  37.745944    21.5281     10.527   123.0426 4.9106e+01     5.7362      1.999      2.899    22.0378 0.0000e+00
      2.073      0.103    10.0414     99.776     40.533  37.741187    18.5946     10.522   124.7264 4.6656e+01     5.5327      2.035      2.952    21.9334 0.0000e+00
      2.102      0.098     9.7323     95.909     40.581  37.738433    16.9882     10.517   125.7105 4.4876e+01     5.4450      2.064      2.993    21.8297 0.0000e+00
      2.122      0.096     9.4274     92.269     40.672  37.776038    16.7044     10.512   125.7350 4.3550e+01     5.4619      2.083      3.020    21.7227 0.0000e+00
      2.138      0.099     9.1252     88.966     40.866  37.878527    15.0299     10.506   125.6246 4.2349e+01     5.4969      2.095      3.039    21.6250 0.0000e+00
      2.156      0.104     8.8071     85.948     41.077  37.962217    11.9653     10.499   126.6992 4.0748e+01     5.5615      2.109      3.059    21.5404 0.0000e+00
      2.183      0.113     8.4567     82.992     41.157  37.899380    10.2875     10.492   129.0915 3.8725e+01     5.5941      2.136      3.099    21.4882 0.0000e+00
      2.218      0.120     8.1415     79.567     41.093  37.689682    10.0167     10.484   131.0601 3.6718e+01     5.5837      2.175      3.155    21.4533 0.0000e+00
      2.257      0.123     7.8666     75.260     40.997  37.457154     8.4997     10.478   132.1761 3.4910e+01     5.4693      2.215      3.211    21.3574 0.0000e+00
      2.294      0.119     7.6218     69.997     40.893  37.245199     5.6956     10.472   133.7217 3.3382e+01     5.2359      2.252      3.268    21.2114 0.0000e+00
      2.325      0.112     7.4084     64.088     40.688  36.966981     4.1534     10.464   136.0680 3.2262e+01     5.1529      2.284      3.313    21.0481 0.0000e+00
      2.349      0.108     7.1424     58.156     40.410  36.631271     4.0106     10.456   137.8308 3.1468e+01     5.2173      2.306      3.344    20.8503 0.0000e+00
      2.367      0.108     6.7853     52.802     40.217  36.358698     3.8446     10.451   138.5160 3.0738e+01     5.1946      2.322      3.367    20.6621 0.0000e+00
      2.387      0.113     6.3216     48.528     40.183  36.209293     3.5273     10.446   139.0188 2.9783e+01     5.0498      2.337      3.389    20.5223 0.0000e+00
      2.416      0.120     5.7774     45.751     40.260  36.157140     3.3449     10.440   139.9518 2.8495e+01     4.9012      2.365      3.431    20.4194 0.0000e+00
      2.455      0.127     5.2333     44.549     40.305  36.108666     3.3209     10.433   141.6229 2.7112e+01     4.8662      2.406      3.491    20.3277 0.0000e+00
      2.496      0.132     4.7474     44.585     40.173  35.940339     3.3116     10.427   143.4784 2.5863e+01     4.9344      2.449      3.552    20.2103 0.0000e+00
      2.534      0.133     4.3563     45.330     39.909  35.644661     3.2651     10.420   145.0926 2.4868e+01     4.9401      2.487      3.608    20.0555 0.0000e+00
      2.564      0.128     4.1157     46.306     39.754  35.388816     3.1668     10.413   146.8581 2.4129e+01     4.7979      2.517      3.650    19.8821 0.0000e+00
      2.591      0.118     4.0289     47.221     39.845  35.321304     3.0968     10.407   148.5627 2.3331e+01     4.6503      2.538      3.681    19.7647 0.0000e+00
      2.622      0.108     4.0527     47.933     39.984  35.335774     3.0773     10.401   149.6144 2.2379e+01     4.6241      2.569      3.727    19.7315 0.0000e+00
      2.656      0.100     4.1415     48.408     39.940  35.246388     3.0636     10.395   150.3675 2.1657e+01     4.6863      2.610      3.785    19.6899 0.0000e+00
      2.680      0.095     4.2518     48.623     39.790  35.065317     3.0398     10.390   151.3872 2.1238e+01     4.6846      2.632      3.817    19.5263 0.0000e+00
      2.695      0.092     4.3620     48.571     39.738  34.922939     3.0220     10.387   152.3080 2.0801e+01     4.6041      2.640      3.829    19.2924 0.0000e+00
      2.714      0.090     4.4398     48.337     39.807  34.857183     3.0232     10.384   152.9825 2.0276e+01     4.5665      2.659      3.857    19.1494 0.0000e+00
      2.737      0.091     4.4868     47.983     39.842  34.777675     3.0294     10.380   153.6064 1.9746e+01     4.6742      2.683      3.891    19.1180 0.0000e+00
      2.762      0.095     4.5121     47.455     39.823  34.659391     3.0389     10.377   154.1725 1.9210e+01     4.8811      2.707      3.926    19.0909 0.0000e+00
      2.789      0.099     4.5140     46.671     39.862  34.568945     3.0378     10.374   154.7500 1.8685e+01     4.9503      2.734      3.967    18.9537 0.0000e+00
      2.816      0.100     4.5079     45.622     39.947  34.508735     3.0163     10.371   155.3410 1.8175e+01     4.8963      2.762      4.006    18.7615 0.0000e+00
      2.843      0.101     4.4887     44.328     39.997  34.438802     3.0037     10.369   155.9838 1.7655e+01     4.9452      2.789      4.044    18.6323 0.0000e+00
      2.868      0.104     4.4531     42.815     40.017  34.357706     3.0103     10.366   156.5002 1.7131e+01     5.0973      2.814      4.081    18.5305 0.0000e+00
      2.891      0.109     4.3941     41.195     40.066  34.289436     3.0218     10.363   156.7660 1.6611e+01     5.1988      2.836      4.112    18.3626 0.0000e+00
      2.914      0.113     4.3101     39.578     40.173  34.247677     3.0250     10.361   157.2185 1.6051e+01     5.1818      2.855      4.140    18.1741 0.0000e+00
      2.944      0.113     4.2019     38.035     40.315  34.233305     3.0169     10.359   158.0996 1.5407e+01     5.1303      2.882      4.182    18.0390 0.0000e+00
      2.981      0.109     4.0610     36.571     40.440  34.242381     2.9823     10.356   159.1594 1.4756e+01     5.2259      2.923      4.241    17.9315 0.0000e+00
      3.018      0.104     3.9153     35.139     40.472  34.230398     2.9308     10.351   160.1378 1.4253e+01     5.4831      2.963      4.298    17.8013 0.0000e+00
      3.044      0.099     3.7725     33.747     40.404  34.151823     2.9108     10.347   160.8956 1.3952e+01     5.6777      2.989      4.336    17.6250 0.0000e+00
      3.060      0.095     3.6386     32.424     40.363  34.053660     2.9059     10.345   161.4389 1.3760e+01     5.7007      3.002      4.353    17.4353 0.0000e+00
      3.074      0.095     3.5124     31.195     40.436  33.995116     2.9136     10.343   161.8024 1.3545e+01     5.6250      3.010      4.367    17.3005 0.0000e+00
