Data/DataNotYetUploadedToEDI/Raw_CTD/RawDownloads/061724_fcr40_S7809007.cnv
* Sea-Bird SBE19plus  Data File:
* FileName = C:\R\Reservoirs\Data\DataNotYetUploadedToEDI\Raw_CTD\RawDownloads\061724_fcr50_S7809_0007.hex
* Software version 2.8.0.119
* Temperature SN = 7809
* Conductivity SN = 7809
* System UpLoad Time = Jun 20 2024 16:10:38
* <ApplicationData>
* <Seaterm232>
# nquan = 15
# nvalues = 998                         
# units = specified
# name 0 = depFM: Depth [fresh water, m]
# name 1 = dz/dtM: Descent Rate [m/s]
# name 2 = sbeox0Mg/L: Oxygen, SBE 43 [mg/l]
# name 3 = sbeox0PS: Oxygen, SBE 43 [% saturation]
# name 4 = specc: Specific Conductance [uS/cm]
# name 5 = c0uS/cm: Conductivity [uS/cm]
# name 6 = flECO-AFL: Fluorescence, WET Labs ECO-AFL/FL [mg/m^3]
# name 7 = ph: pH
# name 8 = orp: Oxidation Reduction Potential [mV]
# name 9 = par/sat/log: PAR/Logarithmic, Satlantic
# name 10 = turbWETntu0: Turbidity, WET Labs ECO [NTU]
# name 11 = prdM: Pressure, Strain Gauge [db]
# name 12 = prdE: Pressure, Strain Gauge [psi]
# name 13 = tv290C: Temperature [ITS-90, deg C]
# name 14 = flag:  0.000e+00
# span 0 =     -0.597,      6.091       
# span 1 =     -0.322,      0.202       
# span 2 =     1.0461,    14.0776       
# span 3 =     10.206,    168.575       
# span 4 =      1.691,     49.017       
# span 5 =   1.610743,  44.734366       
# span 6 =    -0.1313,    26.4312       
# span 7 =      9.507,     10.651       
# span 8 =    46.0972,   236.4983       
# span 9 = 1.3610e-01, 2.4011e+03       
# span 10 =    -0.0007,    99.4904      
# span 11 =     -0.586,      5.973      
# span 12 =     -0.850,      8.663      
# span 13 =    11.4341,    27.6916      
# span 14 = 0.0000e+00, 0.0000e+00      
# interval = seconds: 0.25
# start_time = Jun 17 2024 13:34:37 [Instrument's time stamp, header]
# bad_flag = -9.990e-29
*END*
[from data line 868]
      1.917     -0.087     4.8052     56.229     41.339  36.407516    14.2229      9.548   211.9687 5.1305e+01     5.6650      1.880      2.726    19.3093 0.0000e+00
      1.903     -0.089     4.9029     56.960     41.545  36.589565    14.4430      9.548   209.4715 5.0556e+01     5.7205      1.870      2.712    19.3375 0.0000e+00
      1.880     -0.093     4.9975     57.489     41.554  36.708035    15.2440      9.546   209.3010 5.0436e+01     5.6175      1.846      2.677    19.3329 0.0000e+00
      1.850     -0.100     5.1118     58.043     41.409  36.761382    16.6841      9.542   207.4979 5.0485e+01     5.4110      1.813      2.630    19.1630 0.0000e+00
      1.820     -0.110     5.2277     58.971     41.245  36.854103    17.4566      9.538   202.8132 5.0476e+01     5.3412      1.783      2.586    18.9668 0.0000e+00
      1.794     -0.117     5.2929     60.601     41.086  37.004542    17.5336      9.533   198.6900 5.0803e+01     5.4232      1.759      2.551    18.9825 0.0000e+00
      1.766     -0.118     5.3170     63.163     40.785  37.057833    17.6484      9.527   196.3621 5.2410e+01     5.4453      1.735      2.516    19.1432 0.0000e+00
      1.732     -0.117     5.3328     66.944     40.425  36.991269    18.6290      9.521   193.4226 5.5560e+01     5.4042      1.701      2.466    19.3575 0.0000e+00
      1.697     -0.116     5.3742     72.243     40.251  36.961522    20.3928      9.518   189.0467 5.9459e+01     5.4372      1.663      2.411    19.6556 0.0000e+00
      1.666     -0.117     5.4811     78.868     40.238  37.015600    21.3453      9.516   182.7737 6.3403e+01     5.5369      1.630      2.365    19.9958 0.0000e+00
      1.641     -0.117     5.6540     85.948     40.203  37.074112    21.4649      9.512   175.3951 6.7521e+01     5.6537      1.608      2.333    20.4603 0.0000e+00
      1.617     -0.114     5.9355     92.438     40.063  37.034578    21.8978      9.508   171.0725 7.2506e+01     5.7570      1.590      2.306    20.8287 0.0000e+00
      1.587     -0.110     6.4002     97.828     39.953  36.918463    22.6757      9.507   170.7761 7.8140e+01     5.8294      1.558      2.259    20.9364 0.0000e+00
      1.552     -0.110     7.0187    102.071     39.981  36.812319    23.0966      9.507   171.6393 8.2803e+01     5.8454      1.517      2.200    20.9661 0.0000e+00
      1.523     -0.111     7.6713    104.958     40.037  36.702812    23.1161      9.508   171.7014 8.5896e+01     5.8482      1.490      2.161    21.0887 0.0000e+00
      1.500     -0.112     8.2341    106.132     40.128  36.672885    23.0119      9.508   169.3758 8.8818e+01     5.8977      1.473      2.135    21.2798 0.0000e+00
      1.475     -0.113     8.7066    105.408     40.417  36.894479    22.8270      9.508   164.3421 9.2418e+01     5.8972      1.448      2.100    21.2604 0.0000e+00
      1.446     -0.116     9.1316    103.054     40.697  37.224618    22.7200      9.509   159.3648 9.6276e+01     5.8419      1.418      2.056    21.0420 0.0000e+00
      1.416     -0.123     9.4468     99.957     40.657  37.428518    22.6916      9.509   156.6031 1.0014e+02     5.8442      1.388      2.013    20.8005 0.0000e+00
      1.383     -0.129     9.5847     97.398     40.411  37.519991    22.6504      9.508   155.3859 1.0399e+02     5.8912      1.358      1.971    20.6612 0.0000e+00
      1.347     -0.132     9.5267     96.732     40.129  37.506153    22.6040      9.508   154.5429 1.0749e+02     5.9322      1.322      1.916    20.5999 0.0000e+00
      1.310     -0.132     9.2783     98.714     39.938  37.451908    22.5804      9.512   153.5518 1.1011e+02     5.9289      1.283      1.860    20.6274 0.0000e+00
      1.275     -0.130     8.8969    102.925     39.958  37.498846    22.5480      9.518   152.4362 1.1197e+02     5.8513      1.250      1.813    20.9871 0.0000e+00
      1.243     -0.126     8.5425    108.321     40.102  37.629511    22.2462      9.524   151.1202 1.1387e+02     5.8481      1.220      1.769    21.4672 0.0000e+00
      1.211     -0.122     8.3983    113.803     40.213  37.762656    21.6942      9.530   148.8265 1.1577e+02     6.0262      1.189      1.723    21.7847 0.0000e+00
      1.180     -0.119     8.5703    118.434     40.286  37.903076    21.3920      9.536   145.6970 1.1719e+02     6.1957      1.155      1.675    21.9323 0.0000e+00
      1.153     -0.119     8.9764    121.907     40.498  38.185223    21.3647      9.545   143.3098 1.1887e+02     6.1885      1.129      1.638    21.9292 0.0000e+00
      1.126     -0.120     9.4841    124.327     40.876  38.635903    21.3309      9.554   141.8161 1.2108e+02     6.1105      1.108      1.606    21.8930 0.0000e+00
      1.096     -0.123     9.9981    125.940     41.152  39.037202    21.0663      9.562   140.3703 1.2230e+02     6.2428      1.076      1.560    21.9216 0.0000e+00
      1.062     -0.127    10.3838    127.316     41.243  39.293424    20.6028      9.570   138.8213 1.2214e+02     6.5589      1.041      1.511    22.0376 0.0000e+00
      1.029     -0.128    10.6579    129.085     41.119  39.322634    20.3552      9.579   137.4555 1.2175e+02     6.7219      1.010      1.466    22.1446 0.0000e+00
      0.994     -0.128    10.8526    131.633     40.958  39.263658    20.3192      9.589   136.5909 1.2175e+02     6.6764      0.976      1.415    22.2209 0.0000e+00
      0.958     -0.127    10.9303    134.971     41.063  39.405448    20.0768      9.601   135.9389 1.2181e+02     6.5893      0.939      1.361    22.4089 0.0000e+00
      0.925     -0.127    10.9794    138.677     41.153  39.514018    19.6304      9.616   135.1644 1.2079e+02     6.5912      0.904      1.310    22.6465 0.0000e+00
      0.898     -0.129    11.0813    142.113     41.185  39.561055    19.3820      9.633   134.2815 1.1797e+02     6.6306      0.879      1.277    22.8314 0.0000e+00
      0.872     -0.130    11.2706    144.778     41.350  39.720349    19.3294      9.649   133.2660 1.1420e+02     6.6561      0.859      1.247    22.9608 0.0000e+00
      0.838     -0.128    11.5693    146.601     41.480  39.853487    19.0774      9.664   132.2640 1.1041e+02     6.7970      0.824      1.195    22.9760 0.0000e+00
      0.798     -0.124    11.9020    147.760     41.502  39.901582    18.6158      9.679   131.4593 1.0677e+02     6.9672      0.781      1.133    23.0006 0.0000e+00
      0.759     -0.118    12.2069    148.345     41.676  40.111523    18.3683      9.692   130.7636 1.0292e+02     7.0401      0.742      1.076    23.0403 0.0000e+00
      0.727     -0.111    12.4402    148.536     41.968  40.488016    18.3486      9.704   130.1331 9.8832e+01     7.0971      0.709      1.027    23.0174 0.0000e+00
      0.705     -0.106    12.5859    148.708     41.960  40.646044    18.2860      9.715   129.5137 9.5388e+01     7.1103      0.689      1.000    23.0204 0.0000e+00
      0.689     -0.105    12.6745    149.038     41.835  40.689764    18.1765      9.727   128.6956 9.3493e+01     6.9947      0.678      0.983    23.0678 0.0000e+00
      0.669     -0.108    12.7143    149.377     41.862  40.826472    18.1075      9.741   127.7272 9.3176e+01     6.8277      0.659      0.956    23.0988 0.0000e+00
      0.641     -0.115    12.6941    149.597     41.787  40.839433    18.0753      9.754   126.8395 9.4081e+01     6.7644      0.631      0.916    23.1802 0.0000e+00
      0.605     -0.123    12.6412    149.714     41.604  40.719673    17.8461      9.767   125.7918 9.5811e+01     6.8094      0.595      0.862    23.4363 0.0000e+00
      0.565     -0.128    12.6236    149.712     41.586  40.711314    17.4168      9.781   124.4377 9.7470e+01     6.8605      0.552      0.801    23.6665 0.0000e+00
      0.529     -0.127    12.6354    149.446     41.810  40.928774    17.1717      9.793   123.2871 9.9607e+01     6.8696      0.516      0.750    23.7558 0.0000e+00
      0.499     -0.119    12.6245    148.843     42.022  41.191126    17.1374      9.802   122.2903 1.0326e+02     6.8162      0.489      0.709    23.8702 0.0000e+00
      0.470     -0.104    12.6113    148.104     41.931  41.217914    17.1272      9.809   121.2475 1.0882e+02     6.7614      0.461      0.669    23.9631 0.0000e+00
      0.440     -0.085    12.6204    147.427     41.742  41.125920    17.1143      9.816   120.4012 1.1624e+02     6.8559      0.429      0.621    23.9521 0.0000e+00
      0.418     -0.066    12.6123    146.701     41.679  41.094437    17.0993      9.825   119.5428 1.2494e+02     7.0377      0.406      0.587    23.9101 0.0000e+00
      0.406     -0.049    12.5413    145.886     41.610  41.027700    17.0953      9.837   118.5256 1.3552e+02     7.0806      0.397      0.576    23.9625 0.0000e+00
      0.399     -0.033    12.4209    145.177     41.543  40.953658    17.1072      9.851   117.5668 1.4701e+02     7.0328      0.390      0.566    24.1634 0.0000e+00
      0.397     -0.021    12.3427    144.631     41.691  41.087703    17.3262      9.863   116.8127 1.5807e+02     7.0058      0.388      0.564    24.2971 0.0000e+00
      0.397     -0.012    12.2860    144.222     42.030  41.442546    17.7544      9.875   116.2054 1.6932e+02     6.9595      0.390      0.566    24.2956 0.0000e+00
      0.394     -0.006    12.2045    144.097     42.275  41.753408    17.9979      9.885   115.5578 1.7865e+02     6.9165      0.387      0.561    24.2978 0.0000e+00
      0.389     -0.002    12.1473    144.282     42.307  41.863465    17.9979      9.895   114.9197 1.8365e+02     6.8615      0.380      0.551    24.2917 0.0000e+00
      0.388      0.001    12.1143    144.565     42.208  41.821345    17.7296      9.904   114.4267 1.8446e+02     6.8419      0.379      0.550    24.2557 0.0000e+00
      0.391      0.003    12.0702    144.971     42.106  41.751957    17.2596      9.912   113.9847 1.8186e+02     6.9873      0.382      0.555    24.2641 0.0000e+00
      0.396      0.008    12.0299    145.666     42.125  41.786161    17.0261      9.919   113.6195 1.7830e+02     7.1502      0.389      0.564    24.3756 0.0000e+00
      0.398      0.015    12.0360    146.540     42.302  41.981058    17.0370      9.924   113.3671 1.7556e+02     7.1712      0.393      0.569    24.4857 0.0000e+00
      0.397      0.024    12.0434    147.351     42.488  42.204415    17.2494      9.927   113.0844 1.7351e+02     7.1727      0.388      0.563    24.5429 0.0000e+00
      0.399      0.031    12.0581    147.941     42.508  42.265401    17.6389      9.931   112.6957 1.7260e+02     7.2376      0.388      0.563    24.5815 0.0000e+00
      0.409      0.032    12.1205    148.256     42.431  42.210754    17.8500      9.936   112.1951 1.7347e+02     7.3056      0.398      0.578    24.5923 0.0000e+00
      0.428      0.026    12.1992    148.433     42.328  42.114931    17.8714      9.941   111.4197 1.7336e+02     7.3461      0.420      0.610    24.6017 0.0000e+00
      0.445      0.006    12.2580    148.748     42.147  41.931916    17.8728      9.947   110.1176 1.6846e+02     7.2494      0.442      0.641    24.6589 0.0000e+00
      0.452     -0.032    12.2949    149.240     41.941  41.711582    17.8498      9.954   108.5823 1.6086e+02     6.9901      0.446      0.649    24.7214 0.0000e+00
      0.446     -0.087    12.3146    149.636     41.806  41.545326    17.8178      9.961   107.3116 1.5898e+02     6.8080      0.441      0.640    24.7388 0.0000e+00
      0.424     -0.152    12.3146    149.658     41.815  41.508365    17.7942      9.970   106.2826 1.7641e+02     6.8237      0.427      0.619    24.7439 0.0000e+00
      0.376     -0.216    12.3393    149.197     41.987  41.645421    17.7388      9.981   105.2610 2.1471e+02     6.8718      0.380      0.550    24.7455 0.0000e+00
      0.301     -0.268    12.3955    148.362     42.202  41.869586    17.1729      9.991   104.3377 2.6785e+02     6.8095      0.300      0.436    24.7288 0.0000e+00
      0.210     -0.303    12.4458    147.418     42.331  42.060851    16.1218      9.997   103.7231 3.5610e+02     6.6847      0.207      0.301    24.6896 0.0000e+00
      0.114     -0.320    12.4665    146.572     42.365  42.180975    15.5158      9.999   103.3363 4.9905e+02     6.5590      0.111      0.160    24.6236 0.0000e+00
      0.022     -0.322    12.4382    145.782     42.413  42.306630    15.2568     10.000   102.8443 6.6225e+02     6.5198      0.017      0.024    24.5661 0.0000e+00
     -0.057     -0.312    12.3572    144.928     42.537  42.501270    13.2565     10.005   101.7330 7.7047e+02     6.5527     -0.063     -0.090    24.5750 0.0000e+00
     -0.126     -0.295    12.2505    144.118     42.642  42.693821     9.6325     10.015   100.0522 7.8928e+02     6.5119     -0.121     -0.175    24.6620 0.0000e+00
     -0.196     -0.274    12.1546    143.543     42.644  42.794250     7.6622     10.027    98.7830 7.4879e+02     6.4360     -0.189     -0.274    24.7881 0.0000e+00
     -0.270     -0.252    12.0775    143.171     42.591  42.827111     7.4773     10.037    97.5724 7.0419e+02     6.3872     -0.268     -0.389    24.8724 0.0000e+00
     -0.340     -0.232    11.9864    142.748     42.603  42.900856     7.5306     10.048    95.0509 6.9053e+02     6.3997     -0.339     -0.490    24.9418 0.0000e+00
     -0.397     -0.213    11.8871    141.968     42.569  42.924331     7.6898     10.060    92.7317 6.8802e+02     6.4849     -0.394     -0.571    25.0490 0.0000e+00
     -0.442     -0.190    11.8135    140.571     42.377  42.793668     7.7710     10.072    92.4162 6.7997e+02     6.5291     -0.437     -0.634    25.1762 0.0000e+00
     -0.481     -0.161    11.7685    138.555     42.211  42.654018     7.6723     10.085    93.1292 6.7220e+02     6.4561     -0.470     -0.682    25.2856 0.0000e+00
     -0.523     -0.131    11.7288    136.302     42.109  42.505311     6.4800     10.097    94.2982 6.7347e+02     6.0125     -0.510     -0.741    25.3468 0.0000e+00
     -0.565     -0.102    11.6629    134.290     41.958  42.264981     4.2820     10.108    95.9680 6.9722e+02     5.3329     -0.562     -0.815    25.3987 0.0000e+00
     -0.590     -0.074    11.5297    132.777     41.816  42.032976     3.0788     10.117    96.9708 7.3416e+02     5.0028     -0.586     -0.850    25.4982 0.0000e+00
     -0.596     -0.049    11.3370    131.940     41.733  41.857974     2.9021     10.126    96.2699 7.6340e+02     4.8558     -0.585     -0.849    25.5632 0.0000e+00
     -0.596     -0.026    11.1531    132.026     41.646  41.672154     2.1371     10.133    95.4959 7.8041e+02     3.6239     -0.585     -0.848    25.4802 0.0000e+00
     -0.596     -0.010    11.0084    132.864     41.505  41.436248     0.7623     10.136    95.9575 7.9098e+02     1.3807     -0.585     -0.848    25.3520 0.0000e+00
     -0.596     -0.002    10.9014    133.238     40.740  40.592188     0.0208     10.134    96.3448 7.9322e+02     0.1414     -0.586     -0.849    25.2574 0.0000e+00
     -0.596     -0.000    10.8425    131.263     32.644  32.482043    -0.0363     10.132    96.2218 7.7984e+02     0.0498     -0.585     -0.848    25.1487 0.0000e+00
     -0.596     -0.001    10.8728    125.813     17.167  17.066602    -0.0445     10.134    97.7393 7.4404e+02     0.1022     -0.584     -0.847    25.0229 0.0000e+00
     -0.597     -0.001    11.0026    117.387      7.846   7.791948    -0.0617     10.137   102.5615 7.0431e+02     0.9119     -0.585     -0.849    24.9065 0.0000e+00
     -0.597     -0.001    11.1214    107.351      6.692   6.640149    -0.0694     10.137   106.9468 6.8959e+02     2.4612     -0.586     -0.850    24.8022 0.0000e+00
     -0.597     -0.001    11.0176     97.128      6.809   6.752027    -0.0631     10.135   108.3434 6.8197e+02     3.2921     -0.586     -0.849    24.7173 0.0000e+00
     -0.597     -0.001    10.5501     88.003      6.544   6.483662    -0.0515     10.136   109.0371 6.5959e+02     3.4424     -0.586     -0.849    24.6667 0.0000e+00
