Data/DataNotYetUploadedToEDI/Raw_CTD/RawDownloads/061724_fcr10_S7809003.cnv
* Sea-Bird SBE19plus  Data File:
* FileName = C:\R\Reservoirs\Data\DataNotYetUploadedToEDI\Raw_CTD\RawDownloads\061724_fcr50_S7809_0003.hex
* Software version 2.8.0.119
* Temperature SN = 7809
* Conductivity SN = 7809
* System UpLoad Time = Jun 20 2024 16:09:10
* <ApplicationData>
* <Seaterm232>
# nquan = 15
# nvalues = 1157                        
# units = specified
# name 0 = depFM: Depth [fresh water, m]
# name 1 = dz/dtM: Descent Rate [m/s]
# name 2 = sbeox0Mg/L: Oxygen, SBE 43 [mg/l]
# name 3 = sbeox0PS: Oxygen, SBE 43 [% saturation]
# name 4 = specc: Specific Conductance [uS/cm]
# name 5 = c0uS/cm: Conductivity [uS/cm]
# name 6 = flECO-AFL: Fluorescence, WET Labs ECO-AFL/FL [mg/m^3]
# name 7 = ph: pH
# name 8 = orp: Oxidation Reduction Potential [mV]
# name 9 = par/sat/log: PAR/Logarithmic, Satlantic
# name 10 = turbWETntu0: Turbidity, WET Labs ECO [NTU]
# name 11 = prdM: Pressure, Strain Gauge [db]
# name 12 = prdE: Pressure, Strain Gauge [psi]
# name 13 = tv290C: Temperature [ITS-90, deg C]
# name 14 = flag:  0.000e+00
# span 0 =     -0.602,      1.986       
# span 1 =     -0.334,      0.253       
# span 2 =     0.2895,    13.4856       
# span 3 =      3.708,    166.217       
# span 4 =      1.049,     44.364       
# span 5 =   1.081320,  45.115728       
# span 6 =    -1.2731,    67.8340       
# span 7 =     -2.031,     10.527       
# span 8 = -1127.4388,  1186.5049       
# span 9 = 2.8679e+01, 2.6606e+03       
# span 10 =    -0.1706,   931.9025      
# span 11 =     -0.591,      1.948      
# span 12 =     -0.857,      2.826      
# span 13 =    22.0431,    27.7684      
# span 14 = 0.0000e+00, 0.0000e+00      
# interval = seconds: 0.25
# start_time = Jun 17 2024 13:06:56 [Instrument's time stamp, header]
# bad_flag = -9.990e-29
*END*
[from data line 290]
      0.088      0.002    12.0697    149.138     43.691  44.573847    11.7992     10.204    89.0418 1.3814e+03     8.5794      0.086      0.125    26.0078 0.0000e+00
      0.089      0.002    12.0635    149.293     43.691  44.569356    11.7927     10.205    89.2508 1.3748e+03     8.5331      0.086      0.125    26.0142 0.0000e+00
      0.090      0.002    12.0711    149.363     43.698  44.576850    11.7705     10.205    89.4174 1.3661e+03     8.3801      0.088      0.128    26.0177 0.0000e+00
      0.091      0.001    12.0812    149.408     43.718  44.600982    11.7398     10.206    89.4205 1.3606e+03     8.2670      0.089      0.130    26.0112 0.0000e+00
      0.091      0.001    12.0965    149.467     43.721  44.607235    11.7290     10.208    89.3748 1.3443e+03     8.2935      0.090      0.130    26.0023 0.0000e+00
      0.091      0.000    12.1170    149.485     43.705  44.588978    11.7307     10.209    89.4677 1.3396e+03     8.3582      0.089      0.129    25.9964 0.0000e+00
      0.090      0.000    12.1165    149.437     43.692  44.570670    11.8023     10.210    89.5972 1.4045e+03     8.3999      0.088      0.128    25.9983 0.0000e+00
      0.089      0.001    12.1177    149.371     43.706  44.576300    11.9205     10.211    89.7366 1.4467e+03     8.4228      0.087      0.126    26.0047 0.0000e+00
      0.090      0.001    12.1249    149.358     43.732  44.593556    11.9699     10.211    89.8616 1.3959e+03     8.4299      0.088      0.128    26.0092 0.0000e+00
      0.091      0.001    12.1268    149.390     43.734  44.588870    11.9663     10.210    89.9043 1.3409e+03     8.4172      0.089      0.130    26.0067 0.0000e+00
      0.092      0.001    12.1247    149.456     43.730  44.583110    11.9528     10.210    89.9948 1.2967e+03     8.4404      0.090      0.130    25.9994 0.0000e+00
      0.092      0.000    12.1156    149.542     43.733  44.587376    11.9227     10.212    90.0961 1.3554e+03     8.4713      0.091      0.132    25.9905 0.0000e+00
      0.092     -0.001    12.1211    149.616     43.720  44.576979    11.8857     10.213    90.0963 1.4605e+03     8.4150      0.090      0.131    25.9778 0.0000e+00
      0.091     -0.002    12.1241    149.639     43.726  44.584358    11.8627     10.214    90.1695 1.4264e+03     8.3745      0.090      0.130    25.9684 0.0000e+00
      0.090     -0.002    12.1308    149.603     43.755  44.613120    11.8860     10.214    90.2928 1.3534e+03     8.4259      0.089      0.130    25.9670 0.0000e+00
      0.089     -0.002    12.1380    149.576     43.751  44.607355    11.9433     10.214    90.2963 1.3407e+03     8.4896      0.088      0.127    25.9703 0.0000e+00
      0.089     -0.001    12.1439    149.583     43.725  44.578126    11.9812     10.214    90.2977 1.3517e+03     8.4952      0.087      0.126    25.9738 0.0000e+00
      0.089      0.000    12.1479    149.635     43.723  44.577094    12.0106     10.215    90.3099 1.3905e+03     8.4603      0.086      0.125    25.9749 0.0000e+00
      0.089      0.001    12.1400    149.739     43.737  44.594878    12.3239     10.217    90.2711 1.4393e+03     8.6479      0.087      0.127    25.9744 0.0000e+00
      0.090      0.002    12.1393    149.850     43.742  44.602723    12.9142     10.218    90.2593 1.4146e+03     9.0898      0.089      0.129    25.9724 0.0000e+00
      0.090      0.003    12.1402    149.899     43.746  44.608487    13.2468     10.219    90.3392 1.3314e+03     9.3965      0.089      0.129    25.9685 0.0000e+00
      0.091      0.003    12.1437    149.858     43.736  44.601088    13.2913     10.219    90.5492 1.2939e+03     9.4869      0.089      0.130    25.9686 0.0000e+00
      0.092      0.003    12.1524    149.785     43.711  44.576748    13.2857     10.220    90.7333 1.3413e+03     9.4657      0.090      0.131    25.9741 0.0000e+00
      0.093      0.002    12.1628    149.740     43.701  44.568102    13.1702     10.220    90.7581 1.3925e+03     9.3448      0.091      0.132    25.9780 0.0000e+00
      0.093      0.002    12.1680    149.708     43.694  44.560029    12.9773     10.220    90.7635 1.3922e+03     9.2212      0.092      0.132    25.9803 0.0000e+00
      0.094      0.001    12.1614    149.633     43.679  44.542609    12.8839     10.221    90.7985 1.3625e+03     9.2003      0.093      0.134    25.9824 0.0000e+00
      0.094      0.001    12.1526    149.523     43.689  44.547907    12.8900     10.221    90.8367 1.3312e+03     9.2634      0.092      0.134    25.9849 0.0000e+00
      0.094      0.000    12.1496    149.463     43.705  44.560600    12.8595     10.221    90.8818 1.3673e+03     9.1643      0.092      0.134    25.9859 0.0000e+00
      0.094      0.000    12.1495    149.495     43.713  44.569123    12.7900     10.221    90.9133 1.4052e+03     8.8558      0.092      0.134    25.9854 0.0000e+00
      0.094      0.000    12.1440    149.575     43.728  44.587478    12.7569     10.221    90.9594 1.3541e+03     8.6767      0.092      0.133    25.9834 0.0000e+00
      0.094      0.001    12.1326    149.686     43.731  44.592108    12.7428     10.222    91.0084 1.3158e+03     8.7066      0.092      0.133    25.9773 0.0000e+00
      0.094      0.001    12.1274    149.831     43.704  44.561632    12.4945     10.222    90.9909 1.3368e+03     8.7387      0.092      0.134    25.9712 0.0000e+00
      0.094      0.001    12.1328    149.931     43.686  44.536368    12.0100     10.223    90.9191 1.3574e+03     8.6883      0.093      0.134    25.9719 0.0000e+00
      0.095      0.000    12.1385    149.927     43.698  44.540534    11.7294     10.223    90.9149 1.4465e+03     8.6445      0.093      0.135    25.9778 0.0000e+00
      0.095     -0.001    12.1445    149.841     43.712  44.548514    11.6814     10.223    91.0254 1.5521e+03     8.6530      0.093      0.135    25.9801 0.0000e+00
      0.095     -0.001    12.1614    149.707     43.736  44.569379    11.5469     10.223    91.1368 1.4877e+03     8.6202      0.094      0.136    25.9764 0.0000e+00
      0.094     -0.002    12.1738    149.581     43.770  44.602364    11.3178     10.224    91.2299 1.3795e+03     8.5217      0.093      0.134    25.9674 0.0000e+00
      0.093     -0.003    12.1739    149.526     43.795  44.629959    11.1922     10.224    91.2900 1.3410e+03     8.4527      0.091      0.132    25.9567 0.0000e+00
      0.093     -0.003    12.1684    149.552     43.811  44.649116    11.1685     10.224    91.2617 1.3805e+03     8.4344      0.091      0.132    25.9490 0.0000e+00
      0.092     -0.002    12.1566    149.621     43.804  44.643574    11.0485     10.224    91.2314 1.4451e+03     8.4377      0.090      0.131    25.9444 0.0000e+00
      0.091      0.000    12.1443    149.697     43.786  44.626430    10.8394     10.225    91.2687 1.4273e+03     8.4930      0.088      0.127    25.9433 0.0000e+00
      0.091      0.001    12.1387    149.789     43.790  44.632259    10.7458     10.225    91.4541 1.4040e+03     8.5557      0.088      0.128    25.9468 0.0000e+00
      0.092      0.001    12.1414    149.909     43.805  44.650574    10.7486     10.225    91.5806 1.4246e+03     8.5467      0.090      0.131    25.9516 0.0000e+00
      0.093      0.001    12.1483    150.051     43.810  44.657446    10.7325     10.225    91.4211 1.4031e+03     8.4872      0.092      0.133    25.9527 0.0000e+00
      0.093      0.001    12.1532    150.171     43.801  44.651874    10.6255     10.225    91.3324 1.3295e+03     8.4509      0.092      0.133    25.9533 0.0000e+00
      0.093      0.000    12.1603    150.221     43.792  44.646689    10.4540     10.226    91.5406 1.3228e+03     8.4829      0.091      0.132    25.9559 0.0000e+00
      0.093 -1.269e-11    12.1690    150.177     43.799  44.658240    10.3816     10.227    91.7873 1.3386e+03     8.5332      0.091      0.132    25.9582 0.0000e+00
      0.092 -1.396e-10    12.1818    150.088     43.804  44.664587    10.3996     10.227    91.9062 1.3514e+03     8.5461      0.090      0.131    25.9605 0.0000e+00
      0.092 -1.535e-09    12.1923    150.072     43.797  44.659956    10.4309     10.227    91.9458 1.3867e+03     8.5025      0.090      0.131    25.9646 0.0000e+00
      0.092 -1.689e-08    12.1952    150.121     43.798  44.665721    10.4599     10.227    91.9222 1.3310e+03     8.4496      0.090      0.131    25.9709 0.0000e+00
      0.093 -1.858e-07    12.1910    150.163     43.798  44.670829    10.4757     10.228    91.8792 1.3335e+03     8.4877      0.091      0.132    25.9753 0.0000e+00
      0.093 -1.827e-07    12.1767    150.206     43.781  44.658249    10.4635     10.229    91.8556 1.4025e+03     8.5534      0.091      0.132    25.9758 0.0000e+00
      0.093 2.0307e-08    12.1767    150.241     43.762  44.640579    10.1456     10.230    91.8090 1.3316e+03     8.5602      0.092      0.133    25.9776 0.0000e+00
      0.092 4.0796e-07    12.1834    150.242     43.768  44.647612     9.5368     10.232    91.8317 1.3612e+03     8.5024      0.091      0.132    25.9836 0.0000e+00
      0.092      0.000    12.1827    150.239     43.798  44.679807     9.1868     10.232    91.9584 1.4737e+03     8.4352      0.091      0.132    25.9909 0.0000e+00
      0.092      0.000    12.1857    150.269     43.828  44.712472     9.1352     10.232    92.0498 1.4361e+03     8.4654      0.090      0.131    25.9966 0.0000e+00
      0.092      0.001    12.1896    150.307     43.838  44.725177     9.0047     10.232    92.0762 1.4257e+03     8.4913      0.090      0.131    25.9989 0.0000e+00
      0.092      0.001    12.1883    150.331     43.817  44.706467     8.7568     10.234    92.0195 1.4399e+03     8.4750      0.091      0.132    25.9994 0.0000e+00
      0.093      0.001    12.1856    150.359     43.785  44.676684     8.6021     10.235    91.9671 1.3709e+03     8.5068      0.092      0.133    26.0007 0.0000e+00
      0.094      0.000    12.1894    150.381     43.790  44.682459     8.5568     10.235    91.9590 1.3131e+03     8.5007      0.092      0.133    26.0031 0.0000e+00
      0.094      0.000    12.1926    150.354     43.819  44.712825     8.4914     10.235    91.9224 1.3299e+03     8.5380      0.092      0.133    26.0063 0.0000e+00
      0.093     -0.001    12.1926    150.302     43.830  44.726455     8.4027     10.236    91.9541 1.3626e+03     8.6843      0.091      0.133    26.0101 0.0000e+00
      0.093     -0.001    12.1938    150.279     43.823  44.720306     8.3592     10.237    92.0831 1.3950e+03     8.7672      0.091      0.132    26.0129 0.0000e+00
      0.092     -0.001    12.1987    150.298     43.807  44.701959     8.3482     10.237    92.1922 1.3953e+03     8.7537      0.090      0.131    26.0133 0.0000e+00
      0.092      0.000    12.1950    150.327     43.802  44.695049     8.3281     10.237    92.2407 1.3626e+03     8.7265      0.090      0.131    26.0134 0.0000e+00
      0.092      0.001    12.1874    150.332     43.809  44.700224     8.2574     10.238    92.2387 1.3613e+03     8.7445      0.089      0.130    26.0164 0.0000e+00
      0.093      0.001    12.1860    150.363     43.812  44.701056     8.1419     10.238    92.1688 1.3876e+03     8.7677      0.090      0.131    26.0183 0.0000e+00
      0.094      0.001    12.1877    150.408     43.816  44.705106     8.0810     10.239    92.1693 1.4341e+03     8.7681      0.092      0.134    26.0158 0.0000e+00
      0.095      0.001    12.1943    150.368     43.796  44.685714     8.0532     10.239    92.2449 1.3994e+03     8.7496      0.093      0.135    26.0131 0.0000e+00
      0.095      0.001    12.1911    150.251     43.768  44.657018     7.8814     10.239    92.2234 1.3377e+03     8.6459      0.093      0.134    26.0101 0.0000e+00
      0.094      0.000    12.1941    150.146     43.787  44.675531     7.5937     10.239    92.1664 1.3678e+03     8.5388      0.092      0.134    26.0070 0.0000e+00
      0.094 1.8968e-08    12.2038    150.081     43.830  44.719131     7.4537     10.239    92.2445 1.3713e+03     8.5480      0.091      0.133    26.0077 0.0000e+00
      0.094 2.0864e-07    12.1988    150.031     43.849  44.739835     7.4541     10.239    92.3938 1.3372e+03     8.5855      0.092      0.133    26.0091 0.0000e+00
      0.094 2.4604e-07    12.1853    149.980     43.841  44.735425     7.4073     10.240    92.4219 1.3770e+03     8.5831      0.092      0.133    26.0095 0.0000e+00
      0.094 4.7107e-07    12.1765    149.918     43.826  44.729303     7.3033     10.240    92.4126 1.3927e+03     8.5876      0.091      0.133    26.0090 0.0000e+00
      0.094      0.000    12.1733    149.883     43.816  44.729302     7.2546     10.239    92.4536 1.3592e+03     8.6396      0.092      0.134    26.0071 0.0000e+00
      0.094      0.000    12.1688    149.914     43.813  44.735431     7.2675     10.239    92.4012 1.3790e+03     8.7339      0.092      0.134    26.0072 0.0000e+00
      0.093      0.001    12.1653    149.994     43.812  44.739947     7.2427     10.239    92.2948 1.3963e+03     8.7379      0.091      0.133    26.0120 0.0000e+00
      0.093      0.002    12.1557    150.094     43.792  44.720435     7.1802     10.240    92.2862 1.3760e+03     8.5851      0.090      0.131    26.0230 0.0000e+00
      0.093      0.003    12.1477    150.198     43.764  44.689945     7.1436     10.241    92.2978 1.3588e+03     8.4226      0.090      0.131    26.0376 0.0000e+00
      0.094      0.005    12.1498    150.303     43.767  44.688667     7.1495     10.241    92.3491 1.3548e+03     8.4128      0.092      0.135    26.0476 0.0000e+00
      0.096      0.005    12.1553    150.397     43.787  44.704985     7.2351     10.240    92.6478 1.3553e+03     8.5697      0.094      0.137    26.0527 0.0000e+00
      0.099      0.004    12.1638    150.445     43.781  44.696807     7.3712     10.237    93.1556 1.3310e+03     8.7486      0.097      0.141    26.0554 0.0000e+00
      0.101      0.000    12.1726    150.436     43.739  44.653259     7.4297     10.231    94.7899 1.2848e+03     8.7656      0.100      0.145    26.0527 0.0000e+00
      0.102     -0.006    12.1826    150.341     43.710  44.622786     7.4013     10.226   110.2567 1.3126e+03     8.6731      0.101      0.146    26.0464 0.0000e+00
      0.101     -0.014    12.1933    150.104     43.735  44.645736     7.0950     10.221   137.6830 1.3796e+03     8.6879      0.100      0.145    26.0400 0.0000e+00
      0.096     -0.022    12.1976    149.804     43.765  44.676838     6.5309     10.221   151.4171 1.3658e+03     8.7734      0.096      0.138    26.0379 0.0000e+00
      0.087     -0.027    12.1962    149.592     43.763  44.681456     6.2242     10.221   151.7296 1.3481e+03     8.8190      0.086      0.124    26.0399 0.0000e+00
      0.077     -0.028    12.1928    149.464     43.714  44.638105     6.1920     10.221   151.7005 1.3931e+03     8.8297      0.076      0.111    26.0392 0.0000e+00
      0.067     -0.025    12.1725    149.355     43.673  44.597027     6.1834     10.218   151.9252 1.4053e+03     8.7668      0.065      0.094    26.0318 0.0000e+00
      0.058     -0.019    12.1408    149.284     43.708  44.629124     6.2782     10.214   151.8652 1.3658e+03     8.6391      0.054      0.079    26.0317 0.0000e+00
      0.054     -0.011    12.1228    149.287     43.730  44.645326     6.4723     10.213   151.2334 1.2495e+03     8.5486      0.051      0.074    26.0434 0.0000e+00
      0.054     -0.004    12.1138    149.359     43.694  44.602486     6.5825     10.213   150.4811 1.1384e+03     8.5272      0.053      0.077    26.0530 0.0000e+00
      0.057      0.002    12.1025    149.473     43.658  44.555486     6.5952     10.214   149.9108 1.1853e+03     8.4822      0.057      0.082    26.0550 0.0000e+00
      0.060      0.006    12.0970    149.588     43.639  44.521365     6.7344     10.216   149.3273 1.2623e+03     8.4142      0.059      0.085    26.0482 0.0000e+00
