Data/DataNotYetUploadedToEDI/Raw_CTD/RawDownloads/061724_fcr40_S7809007.cnv
* Sea-Bird SBE19plus  Data File:
* FileName = C:\R\Reservoirs\Data\DataNotYetUploadedToEDI\Raw_CTD\RawDownloads\061724_fcr50_S7809_0007.hex
* Software version 2.8.0.119
* Temperature SN = 7809
* Conductivity SN = 7809
* System UpLoad Time = Jun 20 2024 16:10:38
* <ApplicationData>
* <Seaterm232>
# nquan = 15
# nvalues = 998                         
# units = specified
# name 0 = depFM: Depth [fresh water, m]
# name 1 = dz/dtM: Descent Rate [m/s]
# name 2 = sbeox0Mg/L: Oxygen, SBE 43 [mg/l]
# name 3 = sbeox0PS: Oxygen, SBE 43 [% saturation]
# name 4 = specc: Specific Conductance [uS/cm]
# name 5 = c0uS/cm: Conductivity [uS/cm]
# name 6 = flECO-AFL: Fluorescence, WET Labs ECO-AFL/FL [mg/m^3]
# name 7 = ph: pH
# name 8 = orp: Oxidation Reduction Potential [mV]
# name 9 = par/sat/log: PAR/Logarithmic, Satlantic
# name 10 = turbWETntu0: Turbidity, WET Labs ECO [NTU]
# name 11 = prdM: Pressure, Strain Gauge [db]
# name 12 = prdE: Pressure, Strain Gauge [psi]
# name 13 = tv290C: Temperature [ITS-90, deg C]
# name 14 = flag:  0.000e+00
# span 0 =     -0.597,      6.091       
# span 1 =     -0.322,      0.202       
# span 2 =     1.0461,    14.0776       
# span 3 =     10.206,    168.575       
# span 4 =      1.691,     49.017       
# span 5 =   1.610743,  44.734366       
# span 6 =    -0.1313,    26.4312       
# span 7 =      9.507,     10.651       
# span 8 =    46.0972,   236.4983       
# span 9 = 1.3610e-01, 2.4011e+03       
# span 10 =    -0.0007,    99.4904      
# span 11 =     -0.586,      5.973      
# span 12 =     -0.850,      8.663      
# span 13 =    11.4341,    27.6916      
# span 14 = 0.0000e+00, 0.0000e+00      
# interval = seconds: 0.25
# start_time = Jun 17 2024 13:34:37 [Instrument's time stamp, header]
# bad_flag = -9.990e-29
*END*
     -0.595 4.6223e-20     8.1895     94.801      1.691   1.610743    -0.0712     10.251   211.3794 2.1893e+03     4.2412     -0.583     -0.846    22.6061 0.0000e+00
     -0.595 3.7847e-20     8.1893     94.823      1.734   1.651161    -0.0892     10.250   217.6640 2.0887e+03     4.1665     -0.583     -0.846    22.6066 0.0000e+00
     -0.595 3.7354e-19     8.1880     94.845      1.776   1.691667    -0.0973     10.245   228.8239 1.9673e+03     4.1185     -0.584     -0.847    22.6072 0.0000e+00
     -0.595 4.1050e-18     8.1896     94.852      1.807   1.720450    -0.0696     10.238   234.2037 1.9232e+03     4.0033     -0.583     -0.846    22.6075 0.0000e+00
     -0.595 4.5155e-17     8.1929     94.820      1.833   1.745796    -0.0210     10.231   229.6239 1.9835e+03     3.7976     -0.583     -0.846    22.6081 0.0000e+00
     -0.595 4.9670e-16     8.1940     94.787      1.832   1.744761    -0.0090     10.227   222.5783 2.1707e+03     3.7153     -0.583     -0.845    22.6085 0.0000e+00
     -0.595 5.4637e-15     8.1957     94.769      1.794   1.707933    -0.0076     10.226   216.0401 2.3422e+03     3.6915     -0.584     -0.846    22.6090 0.0000e+00
     -0.595 6.0101e-14     8.1993     94.757      1.765   1.680570    -0.0038     10.225   208.4761 2.4011e+03     2.7932     -0.583     -0.847    22.6097 0.0000e+00
     -0.595 6.6111e-13     8.1929     94.757      1.751   1.667280    -0.0308     10.223   171.6466 2.3766e+03     1.0515     -0.583     -0.846    22.6102 0.0000e+00
     -0.595 7.2722e-12     8.1902     94.766      1.758   1.673934    -0.0590     10.219   144.0616 1.9981e+03     0.0548     -0.583     -0.846    22.6104 0.0000e+00
     -0.595 7.9994e-11     8.1893     94.775      1.849   1.761026    -0.0612     10.216   186.7553 1.5144e+03    -0.0007     -0.583     -0.846    22.6112 0.0000e+00
     -0.595 8.7994e-10     8.1876     94.813      1.992   1.896848    -0.0493     10.213   227.7145 1.3731e+03     0.1751     -0.583     -0.846    22.6115 0.0000e+00
     -0.595 9.6793e-09     8.1870     94.862      2.152   2.049303    -0.0563     10.207   231.9870 1.5013e+03     0.3704     -0.583     -0.846    22.6124 0.0000e+00
     -0.594 1.0647e-07     8.1900     94.862      2.388   2.274148    -0.0793     10.202   233.9390 1.9487e+03     0.4812     -0.583     -0.845    22.6122 0.0000e+00
     -0.594      0.000     8.1873     94.833      2.651   2.525089    -0.0780     10.198   235.6571 2.2785e+03     0.5581     -0.583     -0.846    22.6134 0.0000e+00
     -0.594      0.000     8.1920     94.799      2.810   2.676329    -0.0821     10.195   236.4983 2.1899e+03     0.7193     -0.583     -0.846    22.6123 0.0000e+00
     -0.594      0.000     8.1989     94.640      2.909   2.772550    -0.1209     10.191   235.5918 1.8923e+03     0.9961     -0.582     -0.845    22.6155 0.0000e+00
     -0.594      0.002     8.1986     94.453      3.445   3.308421    -0.1313     10.188   232.9572 1.5646e+03     1.2066     -0.582     -0.845    22.6113 0.0000e+00
     -0.594      0.007     8.1908     94.507      8.486   8.332011    -0.0319     10.180   227.7012 1.3720e+03     1.4197     -0.583     -0.845    22.6187 0.0000e+00
     -0.594      0.019     8.1971     94.586     18.324  18.262350     0.8642     10.166   203.1017 1.2284e+03     3.1288     -0.583     -0.845    22.6075 0.0000e+00
     -0.594      0.035     8.1831     94.516     28.570  28.942024     2.4720     10.153   164.7358 1.0395e+03     6.2255     -0.582     -0.844    22.6268 0.0000e+00
     -0.589      0.053     8.1461     94.438     37.682  38.666836     3.3357     10.152   147.9882 8.5029e+02     7.8795     -0.582     -0.845    22.5961 0.0000e+00
     -0.573      0.071     8.1051     94.372     42.166  43.599742     3.4168     10.164   151.1766 7.7182e+02     7.9949     -0.567     -0.822    23.0230 0.0000e+00
     -0.543      0.088     7.9191     94.245     42.605  44.301124     3.4362     10.181   141.9400 8.7513e+02     7.9962     -0.531     -0.770    24.3524 0.0000e+00
     -0.511      0.103     7.7225     94.112     42.729  44.608564     3.4780     10.199   109.3565 1.2245e+03     7.6221     -0.499     -0.725    25.5731 0.0000e+00
     -0.484      0.115     7.6236     94.424     42.689  44.714725     3.5477     10.209    77.4508 1.6265e+03     6.8535     -0.474     -0.688    26.2903 0.0000e+00
     -0.458      0.121     7.5506     95.035     42.554  44.696282     3.5798     10.210    60.1474 1.7572e+03     6.3886     -0.449     -0.652    26.7474 0.0000e+00
     -0.429      0.122     7.5170     95.264     42.482  44.703146     3.6004     10.212    52.2599 1.7039e+03     6.3393     -0.423     -0.613    27.0087 0.0000e+00
     -0.394      0.123     7.4527     95.296     42.470  44.734366     3.7124     10.216    48.6784 1.4544e+03     6.4284     -0.388     -0.562    27.2020 0.0000e+00
     -0.356      0.130     7.4531     95.460     42.412  44.692958     3.8857     10.217    46.0972 1.0636e+03     6.5431     -0.347     -0.502    27.3714 0.0000e+00
     -0.325      0.144     7.5278     95.713     42.246  44.519894     3.9722     10.220    46.8631 9.1165e+02     6.5656     -0.316     -0.458    27.5331 0.0000e+00
     -0.298      0.163     7.5066     96.020     42.044  44.292249     3.9855     10.225    60.4335 1.0779e+03     6.5632     -0.295     -0.427    27.6249 0.0000e+00
     -0.264      0.181     7.4948     96.305     41.950  44.162136     4.2376     10.235    84.3866 1.3115e+03     6.7200     -0.267     -0.386    27.6683 0.0000e+00
     -0.212      0.196     7.5132     96.583     41.935  44.089208     4.7404     10.248    91.1804 1.2357e+03     6.9925     -0.213     -0.310    27.6894 0.0000e+00
     -0.147      0.202     7.5277     97.016     41.910  43.981667     5.0289     10.263    86.5640 1.1497e+03     7.1243     -0.144     -0.209    27.6916 0.0000e+00
     -0.080      0.197     7.5613     97.627     41.888  43.877313     5.0785     10.278    94.4767 1.3481e+03     7.0500     -0.077     -0.113    27.6723 0.0000e+00
     -0.019      0.181     7.5864     98.215     41.851  43.779459     5.4493     10.292   103.1361 1.3271e+03     6.8450     -0.011     -0.015    27.6430 0.0000e+00
      0.024      0.151     7.6114     98.638     41.802  43.687072     6.1739     10.306   104.9670 1.1651e+03     6.6615      0.031      0.046    27.5764 0.0000e+00
      0.050      0.114     7.6573     98.910     41.801  43.648834     6.5895     10.317   106.1169 1.1518e+03     6.6414      0.048      0.069    27.4625 0.0000e+00
      0.071      0.078     7.7316     99.106     41.887  43.697909     6.6048     10.326   106.9729 1.1098e+03     6.6709      0.072      0.104    27.3556 0.0000e+00
      0.089      0.046     7.7892     99.201     42.013  43.772589     6.2999     10.334   107.5739 1.0109e+03     6.5741      0.092      0.134    27.2882 0.0000e+00
      0.096      0.021     7.8294     99.160     42.120  43.790005     5.7420     10.341   107.9622 9.9953e+02     6.3932      0.097      0.141    27.2489 0.0000e+00
      0.093      0.004     7.8516     99.032     42.229  43.781397     5.4445     10.347   107.9686 1.0681e+03     6.3279      0.093      0.134    27.2037 0.0000e+00
      0.086     -0.006     7.8761     98.985     42.356  43.795268     5.4326     10.352   107.6513 1.0461e+03     6.3658      0.084      0.123    27.1602 0.0000e+00
      0.079     -0.006     7.8935     99.393     42.468  43.830587     5.4402     10.355   107.3083 1.0521e+03     6.3390      0.078      0.113    27.1068 0.0000e+00
      0.073      0.003     7.9028    100.449     42.492  43.827462     5.5112     10.356   107.1778 1.1535e+03     6.2761      0.071      0.103    26.9900 0.0000e+00
      0.071      0.014     7.9163    102.063     42.418  43.757451     5.6587     10.359   106.3315 1.2006e+03     6.2894      0.066      0.096    26.8314 0.0000e+00
      0.079      0.024     7.9158    103.850     42.396  43.745795     5.7501     10.360    96.1295 1.2094e+03     6.3630      0.073      0.104    26.6781 0.0000e+00
      0.096      0.035     7.9603    105.151     42.461  43.813495     5.7917     10.358    77.1780 1.1848e+03     6.4137      0.095      0.137    26.5714 0.0000e+00
      0.112      0.045     8.0517    105.638     42.478  43.814318     6.0047     10.357    66.0469 1.1699e+03     6.4246      0.116      0.168    26.5506 0.0000e+00
      0.118      0.050     8.1844    105.501     42.457  43.755721     6.3612     10.358    63.9311 1.2049e+03     6.3930      0.117      0.168    26.5744 0.0000e+00
      0.125      0.048     8.3522    104.979     42.485  43.739682     6.5394     10.360    63.0393 1.1662e+03     6.3041      0.116      0.168    26.5888 0.0000e+00
      0.142      0.041     8.4674    104.258     42.533  43.747272     6.5613     10.363    62.4915 1.0327e+03     6.2724      0.138      0.201    26.5926 0.0000e+00
      0.162      0.035     8.4958    103.583     42.546  43.720481     6.7173     10.366    62.0398 9.1699e+02     6.3171      0.164      0.237    26.5769 0.0000e+00
      0.173      0.029     8.4881    103.507     42.538  43.669590     6.9948     10.370    61.6224 9.6163e+02     6.3661      0.173      0.250    26.5256 0.0000e+00
      0.174      0.020     8.4504    104.784     42.549  43.639675     7.1360     10.375    61.3164 1.0630e+03     6.3873      0.171      0.249    26.4663 0.0000e+00
      0.173      0.009     8.3930    107.249     42.551  43.612602     7.1337     10.379    61.1789 1.0087e+03     6.3341      0.168      0.244    26.4194 0.0000e+00
      0.173      0.000     8.3360    109.832     42.486  43.532631     7.0917     10.381    61.0784 1.0455e+03     6.3038      0.169      0.245    26.3761 0.0000e+00
      0.173     -0.004     8.2993    111.731     42.394  43.434412     7.0203     10.383    60.9621 1.2645e+03     6.3626      0.171      0.248    26.3250 0.0000e+00
      0.173     -0.005     8.4165    112.711     42.338  43.377128     6.9775     10.386    60.9775 1.3034e+03     6.4296      0.171      0.248    26.2692 0.0000e+00
      0.169     -0.004     8.6660    112.890     42.309  43.347794     6.9736     10.390    61.0925 1.1825e+03     6.3969      0.166      0.240    26.2349 0.0000e+00
      0.165     -0.003     8.8962    112.507     42.295  43.333632     6.9986     10.393    61.1476 1.0961e+03     6.3094      0.161      0.233    26.2218 0.0000e+00
      0.165     -0.002     9.0560    111.668     42.295  43.332840     7.0465     10.396    61.2140 9.9362e+02     6.3272      0.161      0.233    26.2182 0.0000e+00
      0.166     -0.002     9.1306    110.476     42.300  43.338227     7.0873     10.398    61.2924 9.7254e+02     6.4077      0.163      0.237    26.2207 0.0000e+00
      0.168     -0.002     9.1343    109.225     42.360  43.398766     7.1093     10.400    61.4078 1.0911e+03     6.4286      0.165      0.240    26.2228 0.0000e+00
      0.168     -0.005     9.1028    108.235     42.450  43.493551     7.1037     10.401    61.6627 1.1895e+03     6.3741      0.166      0.240    26.2220 0.0000e+00
      0.168     -0.011     9.0347    107.640     42.484  43.532173     7.0697     10.404    62.8254 1.1705e+03     6.2955      0.166      0.241    26.2215 0.0000e+00
      0.164     -0.017     8.9278    107.365     42.494  43.548385     7.0395     10.406    73.7453 1.1154e+03     6.2989      0.162      0.235    26.2206 0.0000e+00
      0.158     -0.021     8.8168    107.315     42.502  43.562636     7.0371     10.409    84.4241 1.1422e+03     6.3812      0.156      0.226    26.2183 0.0000e+00
      0.150     -0.021     8.7320    107.530     42.449  43.514072     7.0414     10.414    76.0468 1.1822e+03     6.4366      0.149      0.216    26.2218 0.0000e+00
      0.140     -0.019     8.6867    107.994     42.337  43.405521     6.9917     10.417    65.7221 1.2162e+03     6.4211      0.137      0.198    26.2273 0.0000e+00
      0.132     -0.015     8.6690    108.557     42.254  43.329200     6.8940     10.419    64.2131 1.2933e+03     6.3646      0.127      0.183    26.2334 0.0000e+00
      0.132     -0.012     8.6592    109.111     42.268  43.352970     6.8502     10.420    63.9111 1.3175e+03     6.3686      0.128      0.185    26.2419 0.0000e+00
      0.136     -0.011     8.6754    109.678     42.343  43.439042     6.8621     10.422    63.9627 1.2990e+03     6.4011      0.134      0.195    26.2475 0.0000e+00
      0.138     -0.011     8.7186    110.361     42.437  43.544761     6.9054     10.424    63.9769 1.3155e+03     6.3477      0.137      0.199    26.2536 0.0000e+00
      0.134     -0.011     8.7652    111.137     42.502  43.615659     6.9818     10.425    63.9969 1.3643e+03     6.2355      0.133      0.193    26.2652 0.0000e+00
      0.125     -0.011     8.8074    111.714     42.492  43.598059     7.0196     10.427    64.1181 1.4548e+03     6.1384      0.122      0.178    26.2777 0.0000e+00
      0.118     -0.011     8.8471    111.733     42.430  43.522371     7.0305     10.428    64.3237 1.4868e+03     6.1301      0.113      0.164    26.2860 0.0000e+00
      0.115     -0.007     8.8991    111.077     42.380  43.462180     7.1134     10.429    64.5037 1.3616e+03     6.2374      0.111      0.161    26.2998 0.0000e+00
      0.117      0.001     8.9698    109.927     42.360  43.441540     7.2477     10.430    64.5743 1.2641e+03     6.3766      0.115      0.166    26.3099 0.0000e+00
      0.119      0.010     9.0319    108.644     42.315  43.399755     7.3058     10.431    64.7472 1.3117e+03     6.4127      0.117      0.170    26.2979 0.0000e+00
      0.120      0.017     9.0393    107.537     42.252  43.337809     7.3000     10.431    65.1316 1.3559e+03     6.3666      0.116      0.169    26.2776 0.0000e+00
      0.125      0.017     8.9826    106.672     42.242  43.327285     7.3937     10.430    65.4365 1.2805e+03     6.3658      0.120      0.175    26.2657 0.0000e+00
      0.135      0.013     8.8781    106.052     42.311  43.399453     7.5733     10.431    65.5941 1.2043e+03     6.4028      0.133      0.193    26.2675 0.0000e+00
      0.145      0.010     8.7616    105.896     42.416  43.512190     7.6573     10.431    65.8323 1.2594e+03     6.4045      0.146      0.212    26.2771 0.0000e+00
      0.147      0.008     8.6720    106.431     42.449  43.547879     7.6517     10.433    66.0801 1.3514e+03     6.3510      0.147      0.214    26.2815 0.0000e+00
      0.140      0.005     8.6053    107.401     42.363  43.450126     7.6468     10.435    66.2671 1.4160e+03     6.3025      0.137      0.199    26.2778 0.0000e+00
      0.135      0.000     8.5489    108.186     42.275  43.345826     7.6651     10.437    66.4579 1.4281e+03     6.3315      0.129      0.186    26.2759 0.0000e+00
      0.137     -0.002     8.5214    108.373     42.303  43.365798     7.7056     10.439    66.5806 1.3473e+03     6.3932      0.131      0.191    26.2872 0.0000e+00
      0.143     -0.001     8.5722    108.036     42.377  43.437708     7.7296     10.441    66.7186 1.2024e+03     6.4337      0.141      0.207    26.2949 0.0000e+00
      0.145      0.002     8.6767    107.641     42.396  43.453613     7.7297     10.442    66.9218 1.1178e+03     6.4112      0.146      0.211    26.2780 0.0000e+00
      0.141      0.003     8.7553    107.503     42.378  43.431146     7.7402     10.445    67.1439 1.1459e+03     6.3265      0.137      0.200    26.2559 0.0000e+00
      0.137      0.002     8.7711    107.498     42.371  43.419947     7.7819     10.448    67.4251 1.1817e+03     6.3315      0.131      0.191    26.2478 0.0000e+00
      0.138      0.001     8.7251    107.416     42.396  43.445149     7.8261     10.450    67.6550 1.1892e+03     6.4039      0.135      0.195    26.2443 0.0000e+00
      0.142      0.002     8.6823    107.320     42.432  43.481967     7.8675     10.451    67.6866 1.2002e+03     6.4166      0.141      0.205    26.2409 0.0000e+00
      0.144      0.003     8.6795    107.415     42.437  43.484275     8.0816     10.453    67.6361 1.1720e+03     6.3816      0.142      0.206    26.2363 0.0000e+00
