Data/DataNotYetUploadedToEDI/Raw_CTD/RawDownloads/061724_fcr30_S7809005.cnv
* Sea-Bird SBE19plus  Data File:
* FileName = C:\R\Reservoirs\Data\DataNotYetUploadedToEDI\Raw_CTD\RawDownloads\061724_fcr50_S7809_0005.hex
* Software version 2.8.0.119
* Temperature SN = 7809
* Conductivity SN = 7809
* System UpLoad Time = Jun 20 2024 16:10:07
* <ApplicationData>
* <Seaterm232>
# nquan = 15
# nvalues = 1166                        
# units = specified
# name 0 = depFM: Depth [fresh water, m]
# name 1 = dz/dtM: Descent Rate [m/s]
# name 2 = sbeox0Mg/L: Oxygen, SBE 43 [mg/l]
# name 3 = sbeox0PS: Oxygen, SBE 43 [% saturation]
# name 4 = specc: Specific Conductance [uS/cm]
# name 5 = c0uS/cm: Conductivity [uS/cm]
# name 6 = flECO-AFL: Fluorescence, WET Labs ECO-AFL/FL [mg/m^3]
# name 7 = ph: pH
# name 8 = orp: Oxidation Reduction Potential [mV]
# name 9 = par/sat/log: PAR/Logarithmic, Satlantic
# name 10 = turbWETntu0: Turbidity, WET Labs ECO [NTU]
# name 11 = prdM: Pressure, Strain Gauge [db]
# name 12 = prdE: Pressure, Strain Gauge [psi]
# name 13 = tv290C: Temperature [ITS-90, deg C]
# name 14 = flag:  0.000e+00
# span 0 =     -0.604,      5.386       
# span 1 =     -0.324,      0.211       
# span 2 =     0.5147,    14.3974       
# span 3 =      4.896,    172.990       
# span 4 =      1.733,     49.717       
# span 5 =   1.740708,  45.191853       
# span 6 =    -0.2949,    24.0489       
# span 7 =      9.563,     10.684       
# span 8 =    24.1197,   392.1994       
# span 9 = 4.6129e-01, 2.4472e+03       
# span 10 =    -5.5940,   953.3579      
# span 11 =     -0.593,      5.283      
# span 12 =     -0.859,      7.661      
# span 13 =    11.4284,    28.3732      
# span 14 = 0.0000e+00, 0.0000e+00      
# interval = seconds: 0.25
# start_time = Jun 17 2024 13:26:56 [Instrument's time stamp, header]
# bad_flag = -9.990e-29
*END*
[from data line 386]
      0.137      0.000    11.9238    146.415     42.953  43.782741     8.9796     10.611    97.5590 1.2827e+03     7.0962      0.133      0.193    25.9739 0.0000e+00
      0.137      0.001    11.9231    146.219     42.978  43.805708     8.9865     10.612    97.6400 1.2798e+03     7.0529      0.134      0.194    25.9744 0.0000e+00
      0.139      0.004    11.9129    146.114     42.991  43.817134     8.8939     10.611    97.7131 1.2803e+03     7.0084      0.137      0.199    25.9704 0.0000e+00
      0.140      0.008    11.9031    146.109     42.969  43.793939     8.7166     10.611    97.8411 1.2824e+03     7.0014      0.138      0.200    25.9647 0.0000e+00
      0.141      0.010    11.8869    146.122     42.956  43.779155     8.6241     10.610    97.9827 1.2767e+03     7.0375      0.137      0.199    25.9597 0.0000e+00
      0.144      0.008    11.8675    146.087     42.944  43.765335     8.6338     10.610    98.0492 1.2566e+03     7.1040      0.140      0.203    25.9550 0.0000e+00
      0.150      0.005    11.8598    146.042     42.933  43.753786     8.7335     10.610    98.1292 1.2406e+03     7.0872      0.147      0.214    25.9536 0.0000e+00
      0.155      0.003    11.8618    146.047     42.946  43.766460     8.9141     10.610    98.2612 1.2501e+03     6.9034      0.154      0.224    25.9545 0.0000e+00
      0.154      0.001    11.8668    146.121     42.975  43.791629     9.0191     10.610    98.3546 1.2647e+03     6.7261      0.153      0.223    25.9521 0.0000e+00
      0.149     -0.002    11.8617    146.233     42.991  43.804202     9.0300     10.609    98.4845 1.2652e+03     6.7531      0.145      0.211    25.9493 0.0000e+00
      0.145     -0.004    11.8564    146.344     42.980  43.791517     9.0205     10.609    98.6268 1.2530e+03     6.8543      0.139      0.202    25.9501 0.0000e+00
      0.145     -0.004    11.8559    146.475     42.954  43.765202     8.9127     10.609    98.6982 1.2493e+03     6.8224      0.141      0.204    25.9503 0.0000e+00
      0.147     -0.003    11.8641    146.658     42.930  43.739928     8.7257     10.608    98.7462 1.2740e+03     6.7432      0.145      0.209    25.9450 0.0000e+00
      0.147     -0.001    11.8768    146.808     42.931  43.739823     8.6313     10.607    98.8619 1.3188e+03     6.7507      0.144      0.210    25.9378 0.0000e+00
      0.146     -0.001    11.8850    146.815     42.958  43.763935     8.6208     10.607    98.9789 1.3285e+03     6.8446      0.142      0.207    25.9368 0.0000e+00
      0.145     -0.001    11.8930    146.734     42.974  43.777565     8.6320     10.606    99.0428 1.2797e+03     6.9902      0.142      0.206    25.9390 0.0000e+00
      0.144     -0.001    11.9106    146.649     42.975  43.777669     8.6660     10.605    99.1178 1.2466e+03     7.0768      0.142      0.205    25.9385 0.0000e+00
      0.144     -0.000    11.9297    146.553     42.961  43.765192     8.6833     10.605    99.1117 1.2447e+03     7.0373      0.141      0.204    25.9362 0.0000e+00
      0.145      0.001    11.9267    146.437     42.948  43.753662     8.6830     10.605    99.1405 1.2524e+03     6.9916      0.142      0.206    25.9335 0.0000e+00
      0.145      0.003    11.9176    146.348     42.959  43.765203     8.7460     10.605    99.2942 1.2676e+03     7.0368      0.143      0.207    25.9296 0.0000e+00
      0.145      0.005    11.9127    146.294     42.974  43.777793     8.8697     10.606    99.3356 1.2723e+03     7.1056      0.143      0.207    25.9273 0.0000e+00
      0.146      0.005    11.9051    146.274     42.978  43.778937     8.9302     10.606    99.2965 1.2668e+03     7.1055      0.144      0.208    25.9302 0.0000e+00
      0.149      0.003    11.8923    146.311     42.979  43.779031     8.9204     10.607    99.2521 1.2522e+03     7.0696      0.145      0.211    25.9331 0.0000e+00
      0.154     -0.001    11.8850    146.332     42.979  43.778927     8.8840     10.608    99.2292 1.2417e+03     7.0481      0.151      0.218    25.9324 0.0000e+00
      0.156     -0.003    11.8836    146.275     42.978  43.777679     8.8318     10.609    99.3632 1.2492e+03     7.0505      0.156      0.225    25.9295 0.0000e+00
      0.152     -0.003    11.8783    146.187     42.965  43.763935     8.8136     10.610    99.4106 1.2639e+03     7.0976      0.150      0.218    25.9262 0.0000e+00
      0.145     -0.003    11.8864    146.118     42.943  43.739701     8.8226     10.610    99.2851 1.2730e+03     7.1054      0.141      0.204    25.9239 0.0000e+00
      0.141     -0.003    11.8907    146.092     42.943  43.738556     8.8071     10.610    99.3088 1.2719e+03     7.0426      0.136      0.197    25.9246 0.0000e+00
      0.144     -0.003    11.8822    146.112     42.955  43.750086     8.7671     10.610    99.5240 1.2626e+03     7.0217      0.140      0.203    25.9261 0.0000e+00
      0.148     -0.002    11.8749    146.143     42.956  43.752166     8.7469     10.611    99.7366 1.2501e+03     7.0577      0.146      0.213    25.9245 0.0000e+00
      0.149      0.000    11.8687    146.146     42.966  43.763706     8.7549     10.611    99.8149 1.2436e+03     7.1015      0.147      0.213    25.9220 0.0000e+00
      0.147      0.001    11.8673    146.159     42.965  43.762665     8.7551     10.612    99.6963 1.2576e+03     7.1074      0.144      0.208    25.9194 0.0000e+00
      0.143      0.000    11.8699    146.237     42.943  43.739586     8.7581     10.614    99.5077 1.2760e+03     7.0606      0.139      0.202    25.9183 0.0000e+00
      0.143     -0.002    11.8742    146.327     42.943  43.738546     8.7825     10.615    99.5132 1.2730e+03     7.0145      0.138      0.200    25.9204 0.0000e+00
      0.146     -0.004    11.8727    146.377     42.952  43.750095     8.8002     10.615    99.5900 1.2550e+03     7.0275      0.143      0.207    25.9225 0.0000e+00
      0.149     -0.004    11.8696    146.385     42.952  43.752279     8.8140     10.615    99.4905 1.2460e+03     7.0817      0.149      0.216    25.9230 0.0000e+00
      0.147     -0.003    11.8803    146.340     42.963  43.764953     8.8746     10.615    99.4290 1.2616e+03     7.0884      0.146      0.211    25.9213 0.0000e+00
      0.140     -0.002    11.8896    146.273     42.975  43.776398     8.9754     10.616    99.5338 1.2767e+03     7.0400      0.136      0.197    25.9194 0.0000e+00
      0.135     -0.002    11.8914    146.214     42.964  43.763705     9.0342     10.616    99.6395 1.2724e+03     7.0096      0.130      0.188    25.9218 0.0000e+00
      0.136     -0.001    11.8936    146.174     42.939  43.738430     9.0357     10.616    99.6749 1.2691e+03     7.0283      0.133      0.193    25.9264 0.0000e+00
      0.141      0.002    11.8870    146.180     42.924  43.724695     9.0269     10.617    99.6170 1.2616e+03     7.0949      0.141      0.204    25.9289 0.0000e+00
      0.144      0.003    11.8808    146.211     42.924  43.724582     9.0113     10.617    99.4559 1.2401e+03     7.1325      0.144      0.209    25.9271 0.0000e+00
      0.144      0.003    11.8778    146.222     42.935  43.737067     8.9958     10.617    99.3617 1.2261e+03     7.0734      0.142      0.205    25.9242 0.0000e+00
      0.143      0.002    11.8720    146.239     42.946  43.748703     8.9981     10.617    99.5104 1.2295e+03     7.0292      0.141      0.204    25.9245 0.0000e+00
      0.142      0.002    11.8733    146.280     42.936  43.738325     9.0811     10.618    99.7051 1.2358e+03     7.0767      0.139      0.202    25.9262 0.0000e+00
      0.142      0.002    11.8782    146.287     42.937  43.738534     9.2418     10.620    99.8234 1.2380e+03     7.1350      0.138      0.200    25.9272 0.0000e+00
      0.144      0.003    11.8770    146.242     42.951  43.751229     9.3271     10.621    99.9937 1.2550e+03     7.1188      0.140      0.204    25.9285 0.0000e+00
      0.147      0.003    11.8767    146.205     42.965  43.764879     9.3220     10.621   100.1295 1.2765e+03     7.0849      0.145      0.210    25.9287 0.0000e+00
      0.149      0.002    11.8837    146.217     42.977  43.776621     9.1969     10.621   100.1753 1.2760e+03     7.1011      0.147      0.213    25.9272 0.0000e+00
      0.149      0.001    11.8853    146.281     42.967  43.766252     8.9704     10.621   100.2027 1.2851e+03     7.1441      0.146      0.212    25.9266 0.0000e+00
      0.148     -0.001    11.8788    146.372     42.968  43.766454     8.8648     10.621   100.2024 1.3005e+03     7.1943      0.145      0.210    25.9256 0.0000e+00
      0.147     -0.003    11.8751    146.419     42.980  43.779054     8.8520     10.621   100.1721 1.2912e+03     7.1623      0.144      0.209    25.9245 0.0000e+00
      0.145     -0.004    11.8763    146.401     42.994  43.791654     8.6576     10.620   100.1816 1.2914e+03     7.0647      0.142      0.206    25.9244 0.0000e+00
      0.144     -0.005    11.8815    146.385     42.995  43.791857     8.3035     10.619   100.3161 1.2938e+03     7.0384      0.141      0.204    25.9235 0.0000e+00
      0.144     -0.006    11.8922    146.395     42.984  43.781510     8.1170     10.617   100.5079 1.2678e+03     7.0842      0.140      0.203    25.9228 0.0000e+00
      0.143     -0.007    11.8978    146.413     42.994  43.793489     8.1082     10.617   100.6081 1.2421e+03     7.1398      0.141      0.204    25.9229 0.0000e+00
      0.142     -0.010    11.8922    146.451     43.007  43.809750     8.1061     10.617   100.6671 1.2465e+03     7.1303      0.139      0.202    25.9216 0.0000e+00
      0.139     -0.014    11.8913    146.543     43.041  43.851182     7.9825     10.616   100.7908 1.2695e+03     7.0709      0.136      0.197    25.9200 0.0000e+00
      0.134     -0.015    11.8935    146.726     43.085  43.913602     7.7373     10.615   100.8138 1.2779e+03     7.0374      0.132      0.191    25.9203 0.0000e+00
      0.129     -0.015    11.8930    146.976     43.075  43.929754     7.6054     10.613   100.7730 1.2869e+03     7.0666      0.128      0.184    25.9229 0.0000e+00
      0.123     -0.013    11.8953    147.225     43.039  43.919554     7.5947     10.613   100.8131 1.3175e+03     7.1173      0.121      0.175    25.9258 0.0000e+00
      0.117     -0.009    11.8996    147.432     43.019  43.917272     7.4412     10.613   100.8686 1.3543e+03     7.1030      0.113      0.164    25.9308 0.0000e+00
      0.116     -0.006    11.9106    147.593     42.998  43.902187     7.1483     10.614   100.9279 1.3693e+03     7.0648      0.112      0.163    25.9518 0.0000e+00
      0.118     -0.002    11.9265    147.708     42.964  43.864124     6.9911     10.614   101.0142 1.3442e+03     7.0318      0.117      0.170    25.9867 0.0000e+00
      0.120      0.002    11.9401    147.738     42.949  43.837891     6.9804     10.614   101.1374 1.3145e+03     7.0098      0.119      0.172    26.0196 0.0000e+00
      0.120      0.003    11.9522    147.666     42.964  43.838888     7.0934     10.614   101.2132 1.3105e+03     7.0379      0.117      0.170    26.0430 0.0000e+00
      0.120      0.003    11.9629    147.589     43.012  43.876159     7.3086     10.616   101.2422 1.3257e+03     7.0649      0.118      0.169    26.0495 0.0000e+00
      0.122      0.004    11.9753    147.595     43.105  43.971141     7.4266     10.616   101.3167 1.3417e+03     7.0631      0.120      0.173    26.0436 0.0000e+00
      0.123      0.005    11.9825    147.617     43.154  44.035188     7.4221     10.616   101.4254 1.3423e+03     7.0502      0.121      0.176    26.0301 0.0000e+00
      0.123      0.007    11.9769    147.587     43.116  44.015824     7.2211     10.616   101.5241 1.3342e+03     7.0462      0.121      0.175    26.0103 0.0000e+00
      0.124      0.008    11.9700    147.610     43.079  43.990944     6.8686     10.615   101.5639 1.3217e+03     7.0820      0.120      0.174    25.9933 0.0000e+00
      0.127      0.007    11.9742    147.758     43.071  43.988280     6.6724     10.614   101.5620 1.2986e+03     7.1073      0.124      0.179    25.9920 0.0000e+00
      0.132      0.004    11.9763    147.975     43.065  43.983625     6.6297     10.614   101.5865 1.2844e+03     7.1128      0.131      0.189    26.0124 0.0000e+00
      0.136      0.002    11.9615    148.199     43.078  43.998136     6.5105     10.614   101.6883 1.3056e+03     7.1152      0.135      0.195    26.0403 0.0000e+00
      0.135      0.000    11.9571    148.377     43.112  44.036790     6.3050     10.614   101.9327 1.3310e+03     7.1013      0.133      0.193    26.0557 0.0000e+00
      0.130     -0.003    11.9723    148.483     43.136  44.070140     6.1928     10.613   102.2185 1.3166e+03     7.0818      0.128      0.185    26.0600 0.0000e+00
      0.126     -0.005    11.9904    148.536     43.134  44.084014     6.1778     10.610   102.3910 1.2743e+03     7.0508      0.124      0.178    26.0593 0.0000e+00
      0.126     -0.006    12.0107    148.577     43.109  44.077612     6.1567     10.609   102.3828 1.2553e+03     7.0335      0.123      0.179    26.0610 0.0000e+00
      0.127     -0.004    12.0248    148.629     43.078  44.056238     6.0459     10.608   102.2919 1.2822e+03     7.0432      0.126      0.182    26.0644 0.0000e+00
      0.127     -0.001    12.0314    148.690     43.041  44.016024     5.8617     10.608   102.3242 1.3216e+03     7.0653      0.126      0.182    26.0713 0.0000e+00
      0.124      0.003    12.0293    148.760     43.009  43.972224     5.7693     10.608   102.4297 1.3154e+03     7.0961      0.121      0.175    26.0935 0.0000e+00
      0.122      0.008    12.0257    148.830     43.021  43.970966     5.7692     10.608   102.5342 1.2708e+03     7.0742      0.118      0.170    26.1208 0.0000e+00
      0.125      0.013    12.0270    148.848     43.062  44.000794     5.7437     10.609   102.6426 1.2479e+03     7.0052      0.122      0.176    26.1366 0.0000e+00
      0.131      0.019    12.0331    148.774     43.087  44.015472     5.6858     10.610   102.7069 1.2557e+03     6.9797      0.127      0.185    26.1302 0.0000e+00
      0.137      0.024    12.0425    148.678     43.101  44.021472     5.6523     10.611   102.7094 1.2608e+03     7.0044      0.134      0.195    26.1136 0.0000e+00
      0.145      0.026    12.0528    148.613     43.095  44.009853     5.6545     10.611   102.6726 1.2358e+03     7.0990      0.143      0.207    26.0981 0.0000e+00
      0.154      0.023    12.0610    148.521     43.088  44.001934     5.6708     10.611   102.7785 1.2094e+03     7.2018      0.151      0.219    26.0823 0.0000e+00
      0.162      0.014    12.0540    148.348     43.129  44.052671     5.6827     10.608   103.1291 1.1919e+03     7.1879      0.158      0.229    26.0689 0.0000e+00
      0.170      0.004    12.0458    148.170     43.164  44.115529     5.6734     10.603   103.5563 1.1719e+03     7.1018      0.166      0.241    26.0597 0.0000e+00
      0.173     -0.002    12.0451    148.105     43.133  44.127239     5.6416     10.599   103.8998 1.1754e+03     7.0823      0.175      0.254    26.0529 0.0000e+00
      0.163     -0.005    12.0405    148.158     43.105  44.130843     5.5310     10.595   104.0134 1.1170e+03     7.1918      0.165      0.238    26.0523 0.0000e+00
      0.148     -0.007    12.0223    148.208     43.123  44.159161     5.3440     10.594   103.8974 1.0610e+03     7.3333      0.139      0.201    26.0572 0.0000e+00
      0.143     -0.010    11.9973    148.267     43.112  44.152263     5.2362     10.594   103.7877 1.1266e+03     7.4266      0.133      0.193    26.0840 0.0000e+00
      0.153     -0.011    11.9761    148.496     43.065  44.110921     5.2173     10.595   103.8058 1.1322e+03     7.3966      0.151      0.219    26.1536 0.0000e+00
      0.162     -0.009    11.9763    148.860     43.057  44.103628     5.1829     10.595   103.9441 1.1043e+03     7.2450      0.164      0.239    26.2001 0.0000e+00
