Data/DataNotYetUploadedToEDI/Raw_CTD/RawDownloads/061724_bvr50_S8188005.cnv
* Sea-Bird SBE19plus  Data File:
* FileName = C:\R\Reservoirs\Data\DataNotYetUploadedToEDI\Raw_CTD\RawDownloads\060324_bvr50_S78188_0005.hex
* Software version 2.8.0.119
* Temperature SN = 8188
* Conductivity SN = 8188
* System UpLoad Time = Jun 20 2024 16:36:23
* <ApplicationData>
* <Seaterm232>
# nquan = 16
# nvalues = 1752                        
# units = specified
# name 0 = depFM: Depth [fresh water, m]
# name 1 = dz/dtM: Descent Rate [m/s]
# name 2 = sbeox0Mg/L: Oxygen, SBE 43 [mg/l]
# name 3 = sbeox0PS: Oxygen, SBE 43 [% saturation]
# name 4 = specc: Specific Conductance [uS/cm]
# name 5 = c0uS/cm: Conductivity [uS/cm]
# name 6 = wetCDOM: Fluorescence, WET Labs CDOM [mg/m^3]
# name 7 = flECO-AFL: Fluorescence, WET Labs ECO-AFL/FL [mg/m^3]
# name 8 = flECO-AFL1: Fluorescence, WET Labs ECO-AFL/FL, 2 [mg/m^3]
# name 9 = flECO-AFL2: Fluorescence, WET Labs ECO-AFL/FL, 3 [mg/m^3]
# name 10 = par/sat/log: PAR/Logarithmic, Satlantic
# name 11 = turbWETntu0: Turbidity, WET Labs ECO [NTU]
# name 12 = prdM: Pressure, Strain Gauge [db]
# name 13 = prdE: Pressure, Strain Gauge [psi]
# name 14 = tv290C: Temperature [ITS-90, deg C]
# name 15 = flag:  0.000e+00
# span 0 =     -0.661,      9.812       
# span 1 =     -0.287,      0.161       
# span 2 =    -0.0030,    13.7819       
# span 3 =     -0.032,    167.842       
# span 4 =      2.047,     95.048       
# span 5 =   1.796317,  66.737207       
# span 6 =    -4.5000,    41.2200       
# span 7 =    -1.0437,    12.1363       
# span 8 =    -2.1300,     3.7914       
# span 9 =    -3.4686,    13.4937       
# span 10 = 1.1585e-01, 2.1430e+03      
# span 11 =    -4.0559,    21.1869      
# span 12 =     -0.648,      9.622      
# span 13 =     -0.940,     13.955      
# span 14 =    10.0931,    26.2323      
# span 15 = 0.0000e+00, 0.0000e+00      
# interval = seconds: 0.25
# start_time = Jun 17 2024 07:57:39 [Instrument's time stamp, header]
# bad_flag = -9.990e-29
*END*
[from data line 995]
      1.962      0.051     0.0702      0.020     26.651  24.185353    28.9800     3.2021     0.1278     2.4534 3.3734e+00     2.9232      1.925      2.791    20.5883 0.0000e+00
      1.975      0.051     0.0511     -0.032     26.647  24.159258    28.9800     3.2326     0.1278     2.4534 3.2787e+00     2.9988      1.938      2.810    20.5310 0.0000e+00
      1.988      0.051     0.0311      0.001     26.636  24.129253    28.9800     3.1869     0.1278     2.4534 3.2355e+00     3.0441      1.950      2.828    20.4727 0.0000e+00
      2.001      0.051     0.0137      0.111     26.633  24.107246    28.8000     3.1983     0.1704     2.0727 3.1819e+00     3.0290      1.963      2.847    20.4178 0.0000e+00
      2.014      0.051     0.0017      0.275     26.650  24.103296    28.8000     2.5956     0.1704     2.0727 3.0926e+00     2.9384      1.975      2.865    20.3693 0.0000e+00
      2.027      0.052    -0.0030      0.466     26.705  24.132276    28.8000     2.6070     0.1704     2.0727 3.0452e+00     2.9535      1.988      2.883    20.3272 0.0000e+00
      2.040      0.053     0.0001      0.657     26.836  24.227796    28.8000     2.5956     0.1704     2.0727 3.0432e+00     3.0441      2.001      2.901    20.2895 0.0000e+00
      2.053      0.054     0.0100      0.834     27.072  24.413337    28.5300     2.5994     0.1278     1.9458 2.9720e+00     3.0290      2.014      2.920    20.2538 0.0000e+00
      2.067      0.055     0.0249      0.993     27.377  24.658736    28.5300     2.2179     0.1278     1.9458 2.9361e+00     2.7269      2.027      2.940    20.2184 0.0000e+00
      2.082      0.056     0.0423      1.131     27.714  24.931872    28.5300     2.2370     0.1278     1.9458 2.7911e+00     2.7269      2.042      2.961    20.1809 0.0000e+00
      2.096      0.056     0.0597      1.245     28.070  25.223949    28.5300     2.2294     0.1278     1.9458 2.6934e+00     2.7269      2.056      2.982    20.1383 0.0000e+00
      2.111      0.057     0.0758      1.333     28.425  25.517282    28.5300     2.2255     0.1278     1.9458 2.6811e+00     2.7269      2.070      3.003    20.0891 0.0000e+00
      2.126      0.056     0.0903      1.399     28.796  25.826377    28.4400     1.8517     0.1278     2.2419 2.6378e+00     2.7571      2.085      3.023    20.0353 0.0000e+00
      2.140      0.056     0.1030      1.451     29.201  26.167952    28.4400     1.8593     0.1278     2.2419 2.6281e+00     2.8175      2.099      3.044    19.9815 0.0000e+00
      2.154      0.055     0.1134      1.492     29.635  26.535527    28.4400     1.8670     0.1278     2.2419 2.5805e+00     2.7873      2.112      3.064    19.9313 0.0000e+00
      2.168      0.055     0.1215      1.522     30.110  26.937519    28.4400     1.8326     0.1278     2.2419 2.5465e+00     2.7571      2.126      3.084    19.8856 0.0000e+00
      2.182      0.055     0.1277      1.541     30.637  27.381564    28.2600     1.5656     0.1278     2.8764 2.5438e+00     2.5456      2.140      3.103    19.8441 0.0000e+00
      2.196      0.055     0.1325      1.551     31.194  27.846685    28.2600     1.5465     0.1278     2.8764 2.5245e+00     2.6060      2.153      3.123    19.8067 0.0000e+00
      2.210      0.055     0.1363      1.556     31.720  28.281675    28.2600     1.5236     0.1278     2.8764 2.5114e+00     2.5456      2.167      3.143    19.7715 0.0000e+00
      2.224      0.055     0.1392      1.556     32.178  28.659153    28.2600     1.5274     0.1278     2.8764 2.4093e+00     2.6060      2.181      3.163    19.7334 0.0000e+00
      2.238      0.055     0.1410      1.552     32.651  29.053890    28.1700     1.4283     0.1278     3.0456 2.3770e+00     2.3341      2.195      3.183    19.6884 0.0000e+00
      2.252      0.055     0.1421      1.542     33.252  29.565173    28.1700     1.4244     0.1278     3.0456 2.3869e+00     2.2435      2.209      3.203    19.6362 0.0000e+00
      2.266      0.055     0.1426      1.530     33.959  30.168036    28.1700     1.4130     0.1278     3.0456 2.3926e+00     2.2737      2.222      3.223    19.5818 0.0000e+00
      2.280      0.055     0.1428      1.524     34.689  30.790235    28.1700     1.4092     0.1278     3.0456 2.3853e+00     2.2586      2.236      3.243    19.5328 0.0000e+00
      2.294      0.055     0.1425      1.519     35.407  31.400521    27.9000     1.2871     0.1278     4.8645 2.3600e+00     1.8809      2.250      3.263    19.4926 0.0000e+00
      2.308      0.056     0.1417      1.512     36.031  31.928608    27.9000     1.2795     0.1278     4.8645 2.3734e+00     1.8054      2.263      3.283    19.4570 0.0000e+00
      2.322      0.056     0.1407      1.506     36.519  32.338055    27.9000     1.2947     0.1278     4.8645 2.3524e+00     1.8205      2.277      3.303    19.4200 0.0000e+00
      2.336      0.056     0.1402      1.503     37.017  32.757965    27.9000     1.3214     0.1278     4.8645 2.3843e+00     1.8658      2.291      3.323    19.3810 0.0000e+00
      2.351      0.056     0.1399      1.497     37.721  33.360067    27.9000     1.3100     0.1278     4.8645 2.3063e+00     1.7147      2.305      3.343    19.3431 0.0000e+00
      2.365      0.056     0.1394      1.488     38.673  34.177445    27.9000     1.3062     0.0852     5.3721 2.3023e+00     1.5637      2.320      3.364    19.3077 0.0000e+00
      2.379      0.056     0.1389      1.477     39.764  35.107374    27.9000     1.2871     0.0852     5.3721 2.3033e+00     1.5637      2.334      3.384    19.2757 0.0000e+00
      2.394      0.056     0.1387      1.461     40.797  35.977519    27.9000     1.2871     0.0852     5.3721 2.2789e+00     1.6845      2.347      3.404    19.2475 0.0000e+00
      2.408      0.056     0.1382      1.444     41.619  36.657354    27.9000     1.1154     0.0852     5.3721 2.2700e+00     1.3220      2.361      3.425    19.2209 0.0000e+00
      2.423      0.057     0.1375      1.432     42.213  37.140896    27.9000     1.1040     0.0852     6.1758 2.2357e+00     1.3673      2.376      3.445    19.1899 0.0000e+00
      2.437      0.057     0.1366      1.427     42.609  37.457476    27.9000     1.0964     0.0852     6.1758 2.1853e+00     1.3371      2.390      3.466    19.1481 0.0000e+00
      2.452      0.056     0.1352      1.428     42.839  37.635728    27.9000     1.1116     0.0852     6.1758 2.1608e+00     1.4277      2.404      3.487    19.0963 0.0000e+00
      2.466      0.056     0.1338      1.432     42.968  37.729162    27.9000     1.0620     0.0852     6.1758 2.1486e+00     1.1407      2.418      3.507    19.0414 0.0000e+00
      2.480      0.055     0.1328      1.434     43.071  37.802541    28.0800     1.0697     0.1278     6.5142 2.1212e+00     1.1860      2.432      3.528    18.9921 0.0000e+00
      2.494      0.055     0.1325      1.433     43.221  37.917270    28.0800     1.0735     0.1278     6.5142 2.0946e+00     1.2615      2.446      3.548    18.9536 0.0000e+00
      2.508      0.054     0.1326      1.428     43.447  38.093981    28.0800     1.0582     0.1278     6.5142 2.0756e+00     1.0652      2.460      3.567    18.9247 0.0000e+00
      2.522      0.054     0.1330      1.419     43.720  38.304090    28.0800     0.9819     0.1278     6.5142 2.0997e+00     0.8083      2.473      3.587    18.9014 0.0000e+00
      2.535      0.054     0.1333      1.406     44.018  38.527916    28.5300     1.0086     0.1278     5.6259 2.0518e+00     0.8386      2.486      3.606    18.8813 0.0000e+00
      2.549      0.055     0.1333      1.393     44.380  38.803227    28.5300     0.9857     0.1278     5.6259 1.9938e+00     0.8990      2.500      3.625    18.8619 0.0000e+00
      2.563      0.056     0.1329      1.378     44.873  39.189491    28.5300     0.9934     0.1278     5.6259 1.9847e+00     0.9443      2.513      3.645    18.8375 0.0000e+00
      2.577      0.057     0.1321      1.363     45.482  39.670165    28.5300     0.8026     0.1278     5.6259 2.0169e+00     0.8537      2.527      3.665    18.8038 0.0000e+00
      2.592      0.057     0.1311      1.349     46.102  40.154257    28.5300     0.8141     0.1278     5.6259 1.9633e+00     0.8688      2.542      3.686    18.7622 0.0000e+00
      2.607      0.058     0.1299      1.339     46.620  40.545698    29.6100     0.8217     0.1278     4.6953 1.9270e+00     0.9594      2.556      3.707    18.7160 0.0000e+00
      2.622      0.058     0.1287      1.335     47.072  40.883113    29.6100     0.8026     0.1278     4.6953 1.8729e+00     0.8688      2.571      3.729    18.6665 0.0000e+00
      2.637      0.058     0.1274      1.334     47.579  41.270424    29.6100     0.7569     0.1278     4.6953 1.8148e+00     0.6271      2.586      3.750    18.6114 0.0000e+00
      2.652      0.057     0.1262      1.335     48.081  41.651502    29.6100     0.7530     0.1278     4.6953 1.8120e+00     0.6724      2.600      3.771    18.5496 0.0000e+00
      2.666      0.057     0.1255      1.336     48.476  41.936672    31.0500     0.7683     0.1278     3.9762 1.8342e+00     0.5666      2.615      3.792    18.4861 0.0000e+00
      2.680      0.056     0.1253      1.334     48.731  42.096360    31.0500     0.7569     0.1278     3.9762 1.8148e+00     0.6120      2.628      3.812    18.4266 0.0000e+00
      2.694      0.055     0.1253      1.328     48.840  42.127315    31.0500     0.7454     0.1278     3.9762 1.7509e+00     0.6422      2.642      3.832    18.3705 0.0000e+00
      2.708      0.055     0.1255      1.322     48.850  42.071665    31.0500     0.7492     0.1278     3.9762 1.7429e+00     0.5817      2.656      3.852    18.3134 0.0000e+00
      2.722      0.055     0.1258      1.315     48.831  41.994277    31.5000     0.7378     0.0852     3.6801 1.7551e+00     0.6271      2.669      3.871    18.2534 0.0000e+00
      2.736      0.054     0.1258      1.307     48.817  41.928316    31.5000     0.7340     0.0852     3.6801 1.7482e+00     0.6724      2.683      3.891    18.1903 0.0000e+00
      2.750      0.054     0.1254      1.298     48.803  41.874126    31.5000     0.8217     0.0852     3.6801 1.6910e+00     0.9292      2.696      3.911    18.1249 0.0000e+00
      2.764      0.054     0.1249      1.288     48.796  41.835187    31.5000     0.8179     0.0852     3.6801 1.6590e+00     0.8990      2.710      3.931    18.0585 0.0000e+00
      2.778      0.054     0.1245      1.274     48.777  41.795137    31.5000     0.7874     0.0852     3.6801 1.6655e+00     0.8083      2.724      3.950    17.9953 0.0000e+00
      2.791      0.055     0.1239      1.259     48.719  41.725362    31.5900     0.8141     0.0852     3.2994 1.6497e+00     0.8386      2.737      3.970    17.9405 0.0000e+00
      2.805      0.055     0.1232      1.244     48.628  41.625188    31.5900     0.7492     0.0852     3.2994 1.6251e+00     0.9141      2.751      3.990    17.8965 0.0000e+00
      2.819      0.055     0.1223      1.230     48.532  41.511744    31.5900     0.7263     0.0852     3.2994 1.5947e+00     0.8688      2.764      4.009    17.8634 0.0000e+00
      2.833      0.056     0.1210      1.217     48.434  41.380682    31.5900     0.7492     0.0852     3.2994 1.5909e+00     0.7781      2.778      4.029    17.8386 0.0000e+00
      2.847      0.057     0.1197      1.211     48.336  41.230926    31.5000     0.7645     0.0852     3.1725 1.5604e+00     0.8386      2.792      4.050    17.8176 0.0000e+00
      2.862      0.058     0.1183      1.212     48.251  41.082317    31.5000     0.7569     0.0852     3.1725 1.5308e+00     0.9141      2.807      4.071    17.7947 0.0000e+00
      2.877      0.059     0.1170      1.217     48.167  40.937069    31.5000     0.7416     0.0852     3.1725 1.4782e+00     0.8839      2.822      4.092    17.7627 0.0000e+00
      2.893      0.060     0.1159      1.220     48.048  40.768400    31.5000     0.7378     0.0852     3.1725 1.4132e+00     0.8990      2.837      4.114    17.7139 0.0000e+00
      2.908      0.060     0.1154      1.217     47.885  40.561219    31.4100     0.7302     0.0852     2.8341 1.4339e+00     0.8688      2.852      4.137    17.6454 0.0000e+00
      2.924      0.060     0.1157      1.210     47.713  40.343966    31.4100     0.7645     0.0852     2.8341 1.3910e+00     0.8688      2.867      4.159    17.5658 0.0000e+00
      2.939      0.060     0.1164      1.201     47.521  40.112505    31.4100     0.7492     0.0852     2.8341 1.3700e+00     0.7932      2.882      4.181    17.4892 0.0000e+00
      2.955      0.060     0.1168      1.192     47.220  39.789168    31.4100     0.7645     0.0852     2.8341 1.3608e+00     0.8990      2.897      4.202    17.4184 0.0000e+00
      2.970      0.060     0.1167      1.185     46.794  39.351491    32.2200     0.7645     0.0852     2.6226 1.3449e+00     0.8839      2.912      4.224    17.3461 0.0000e+00
      2.985      0.059     0.1162      1.180     46.363  38.893966    32.2200     0.7263     0.0852     2.6226 1.3414e+00     0.5515      2.927      4.246    17.2708 0.0000e+00
      3.000      0.059     0.1156      1.181     46.010  38.495821    32.2200     0.7454     0.0852     2.6226 1.3283e+00     0.5817      2.942      4.267    17.1968 0.0000e+00
      3.015      0.058     0.1149      1.188     45.732  38.166436    32.2200     0.7569     0.0852     2.6226 1.3106e+00     0.5515      2.957      4.289    17.1229 0.0000e+00
      3.030      0.058     0.1144      1.200     45.479  37.871767    32.2200     0.7378     0.0852     2.6226 1.2746e+00     0.6573      2.972      4.310    17.0382 0.0000e+00
      3.045      0.058     0.1142      1.210     45.205  37.567102    32.4900     0.7302     0.0852     2.3265 1.2710e+00     0.5817      2.986      4.331    16.9356 0.0000e+00
      3.059      0.058     0.1146      1.217     44.921  37.256864    32.4900     0.7302     0.0852     2.3265 1.2614e+00     0.7026      3.000      4.351    16.8244 0.0000e+00
      3.074      0.058     0.1155      1.220     44.653  36.959928    32.4900     0.7454     0.0852     2.3265 1.2570e+00     0.5817      3.014      4.372    16.7197 0.0000e+00
      3.088      0.059     0.1168      1.218     44.387  36.666838    32.4900     0.7530     0.0852     2.3265 1.2257e+00     0.6271      3.029      4.393    16.6276 0.0000e+00
      3.103      0.059     0.1180      1.215     44.093  36.353224    33.2100     0.7569     0.0852     2.2842 1.1898e+00     1.1407      3.043      4.414    16.5439 0.0000e+00
      3.119      0.061     0.1189      1.211     43.765  36.013149    33.2100     0.7569     0.0852     2.2842 1.1728e+00     1.1407      3.059      4.436    16.4613 0.0000e+00
      3.135      0.062     0.1194      1.204     43.453  35.683422    33.2100     0.7645     0.0852     2.2842 1.1838e+00     1.0198      3.074      4.458    16.3776 0.0000e+00
      3.150      0.063     0.1195      1.196     43.201  35.401620    33.2100     0.7378     0.0852     2.2842 1.1703e+00     1.1256      3.090      4.481    16.2951 0.0000e+00
      3.167      0.063     0.1194      1.191     43.001  35.164308    33.5700     0.6729     0.0852     2.3265 1.1193e+00     0.6573      3.105      4.504    16.2153 0.0000e+00
      3.183      0.063     0.1192      1.187     42.816  34.944056    33.5700     0.6806     0.0852     2.3265 1.1089e+00     0.7026      3.122      4.527    16.1357 0.0000e+00
      3.200      0.063     0.1188      1.185     42.609  34.708026    33.5700     0.6996     0.0852     2.3265 1.1094e+00     0.7479      3.138      4.551    16.0525 0.0000e+00
      3.216      0.063     0.1182      1.184     42.397  34.468970    33.5700     0.6729     0.0852     2.3265 1.0895e+00     0.7026      3.154      4.574    15.9659 0.0000e+00
      3.232      0.062     0.1178      1.182     42.234  34.270708    35.2800     0.6157     0.0852     1.9035 1.1048e+00     0.3552      3.169      4.596    15.8808 0.0000e+00
