Data/DataNotYetUploadedToEDI/Raw_CTD/RawDownloads/061724_fcr30_S7809005.cnv
* Sea-Bird SBE19plus  Data File:
* FileName = C:\R\Reservoirs\Data\DataNotYetUploadedToEDI\Raw_CTD\RawDownloads\061724_fcr50_S7809_0005.hex
* Software version 2.8.0.119
* Temperature SN = 7809
* Conductivity SN = 7809
* System UpLoad Time = Jun 20 2024 16:10:07
* <ApplicationData>
* <Seaterm232>
# nquan = 15
# nvalues = 1166                        
# units = specified
# name 0 = depFM: Depth [fresh water, m]
# name 1 = dz/dtM: Descent Rate [m/s]
# name 2 = sbeox0Mg/L: Oxygen, SBE 43 [mg/l]
# name 3 = sbeox0PS: Oxygen, SBE 43 [% saturation]
# name 4 = specc: Specific Conductance [uS/cm]
# name 5 = c0uS/cm: Conductivity [uS/cm]
# name 6 = flECO-AFL: Fluorescence, WET Labs ECO-AFL/FL [mg/m^3]
# name 7 = ph: pH
# name 8 = orp: Oxidation Reduction Potential [mV]
# name 9 = par/sat/log: PAR/Logarithmic, Satlantic
# name 10 = turbWETntu0: Turbidity, WET Labs ECO [NTU]
# name 11 = prdM: Pressure, Strain Gauge [db]
# name 12 = prdE: Pressure, Strain Gauge [psi]
# name 13 = tv290C: Temperature [ITS-90, deg C]
# name 14 = flag:  0.000e+00
# span 0 =     -0.604,      5.386       
# span 1 =     -0.324,      0.211       
# span 2 =     0.5147,    14.3974       
# span 3 =      4.896,    172.990       
# span 4 =      1.733,     49.717       
# span 5 =   1.740708,  45.191853       
# span 6 =    -0.2949,    24.0489       
# span 7 =      9.563,     10.684       
# span 8 =    24.1197,   392.1994       
# span 9 = 4.6129e-01, 2.4472e+03       
# span 10 =    -5.5940,   953.3579      
# span 11 =     -0.593,      5.283      
# span 12 =     -0.859,      7.661      
# span 13 =    11.4284,    28.3732      
# span 14 = 0.0000e+00, 0.0000e+00      
# interval = seconds: 0.25
# start_time = Jun 17 2024 13:26:56 [Instrument's time stamp, header]
# bad_flag = -9.990e-29
*END*
[from data line 964]
      4.227     -0.129     4.5606     35.603     48.085  35.903502     1.4900      9.832   218.8921 4.7396e+00    23.3814      4.141      6.007    12.2629 0.0000e+00
      4.200     -0.123     4.3515     34.577     48.119  35.912494     1.5176      9.830   219.1523 4.8983e+00    23.5527      4.116      5.970    12.2852 0.0000e+00
      4.179     -0.122     4.1428     33.806     48.225  35.977249     1.5130      9.828   219.4049 5.0536e+00    23.5222      4.099      5.944    12.3176 0.0000e+00
      4.156     -0.125     3.9384     33.277     48.296  36.051904     1.4263      9.825   219.4515 5.2576e+00    23.3197      4.080      5.917    12.3397 0.0000e+00
      4.124     -0.132     3.7928     33.050     48.301  36.117192     1.2844      9.821   219.3720 5.5240e+00    23.0513      4.049      5.871    12.3361 0.0000e+00
      4.082     -0.139     3.6921     33.147     48.239  36.132198     1.2127      9.818   219.3034 5.8208e+00    22.9757      4.004      5.806    12.3161 0.0000e+00
      4.039     -0.144     3.6104     33.393     48.155  36.106509     1.2251      9.816   219.3095 6.0984e+00    23.0199      3.958      5.742    12.2835 0.0000e+00
      3.999     -0.144     3.5512     33.443     48.145  36.123891     1.2597      9.814   219.3610 6.3696e+00    22.4591      3.922      5.688    12.2980 0.0000e+00
      3.963     -0.139     3.5156     33.068     48.158  36.152029     1.2973      9.811   219.3231 6.6571e+00    21.3533      3.885      5.635    12.3890 0.0000e+00
      3.928     -0.133     3.5266     32.253     48.116  36.129482     1.3142      9.808   219.1096 6.9168e+00    20.7520      3.850      5.584    12.4609 0.0000e+00
      3.897     -0.126     3.5678     31.089     48.078  36.105097     1.3223      9.805   218.8437 7.1312e+00    20.6885      3.821      5.542    12.4897 0.0000e+00
      3.869     -0.122     3.5799     29.705     48.072  36.111002     1.3539      9.802   218.7763 7.3575e+00    20.7211      3.796      5.506    12.5133 0.0000e+00
      3.838     -0.124     3.5371     28.272     47.998  36.073995     1.3799      9.800   218.8113 7.5974e+00    20.7701      3.765      5.460    12.5358 0.0000e+00
      3.807     -0.131     3.4458     26.962     47.823  35.974922     1.3785      9.799   218.6640 7.7791e+00    20.8038      3.731      5.411    12.5444 0.0000e+00
      3.779     -0.140     3.3179     25.872     47.688  35.928393     1.4036      9.796   218.3722 7.9849e+00    20.8213      3.708      5.379    12.5411 0.0000e+00
      3.746     -0.145     3.1631     24.965     47.643  35.955642     1.6253      9.792   218.0360 8.3228e+00    20.2646      3.678      5.336    12.5536 0.0000e+00
      3.701     -0.144     3.0017     24.094     47.632  35.987207     2.0027      9.789   217.6962 8.7204e+00    19.0932      3.631      5.265    12.5730 0.0000e+00
      3.652     -0.137     2.8573     23.052     47.625  35.992827     2.1969      9.786   217.3616 9.0886e+00    18.3742      3.578      5.189    12.5970 0.0000e+00
      3.611     -0.125     2.7382     21.662     47.585  35.960156     2.2174      9.784   217.1732 9.3741e+00    18.2330      3.537      5.129    12.6637 0.0000e+00
      3.582     -0.110     2.6439     19.975     47.516  35.909432     2.4913      9.782   217.1396 9.5529e+00    17.5915      3.509      5.089    12.7427 0.0000e+00
      3.562     -0.095     2.5562     18.215     47.477  35.887157     3.0203      9.780   217.0406 9.6532e+00    16.3900      3.491      5.063    12.7853 0.0000e+00
      3.548     -0.087     2.4557     16.609     47.461  35.881184     3.3118      9.778   216.9240 9.7567e+00    15.7305      3.480      5.048    12.7911 0.0000e+00
      3.533     -0.093     2.3064     15.363     47.309  35.773769     3.3271      9.777   216.8484 9.9131e+00    15.6295      3.467      5.029    12.7773 0.0000e+00
      3.516     -0.109     2.1164     14.573     47.039  35.603640     3.3135      9.776   216.7279 1.0098e+01    15.5095      3.449      5.002    12.7805 0.0000e+00
      3.491     -0.128     1.9232     14.227     46.858  35.537391     3.3314      9.774   216.6711 1.0391e+01    15.0317      3.429      4.974    12.7920 0.0000e+00
      3.451     -0.143     1.7427     14.246     46.775  35.543900     3.3769      9.772   216.8503 1.0830e+01    14.2246      3.390      4.917    12.8003 0.0000e+00
      3.398     -0.147     1.6084     14.492     46.739  35.555516     3.4056      9.770   217.0883 1.1287e+01    13.7785      3.331      4.831    12.7971 0.0000e+00
      3.346     -0.143     1.5249     14.795     46.717  35.550989     3.4034      9.768   217.1392 1.1662e+01    13.7720      3.276      4.752    12.8186 0.0000e+00
      3.305     -0.134     1.4877     14.987     46.635  35.489172     3.4003      9.767   217.0356 1.1904e+01    14.0771      3.235      4.692    12.9202 0.0000e+00
      3.281     -0.121     1.4920     14.987     46.550  35.442601     3.4186      9.766   216.9542 1.2005e+01    14.6322      3.212      4.658    13.0090 0.0000e+00
      3.267     -0.106     1.5232     14.837     46.559  35.495524     3.4334      9.762   216.9293 1.2119e+01    14.9154      3.207      4.651    13.0408 0.0000e+00
      3.247     -0.091     1.5616     14.644     46.595  35.558060     3.4378      9.758   216.8210 1.2403e+01    14.9052      3.192      4.629    13.0552 0.0000e+00
      3.214     -0.076     1.5859     14.465     46.523  35.500813     3.4798      9.756   216.6772 1.2729e+01    15.1584      3.151      4.569    13.0372 0.0000e+00
      3.182     -0.063     1.5835     14.296     46.292  35.310948     3.5498      9.753   216.5672 1.2906e+01    15.7228      3.112      4.515    13.0479 0.0000e+00
      3.167     -0.051     1.5598     14.170     45.985  35.102452     3.5857      9.751   216.4376 1.2943e+01    16.0928      3.101      4.497    13.1216 0.0000e+00
      3.164     -0.043     1.5352     14.133     45.840  35.073762     3.5884      9.748   216.3997 1.2912e+01    16.2840      3.102      4.499    13.1738 0.0000e+00
      3.167     -0.043     1.5190     14.153     45.830  35.154511     3.3998      9.746   216.5396 1.2880e+01    17.9660      3.107      4.506    13.1571 0.0000e+00
      3.168     -0.057     1.5013     14.138     45.723  35.127152     3.0191      9.743   216.5810 1.2939e+01    21.0924      3.110      4.511    13.1186 0.0000e+00
      3.158     -0.082     1.4836     14.007     45.554  35.060272     2.8060      9.739   216.3837 1.3152e+01    22.7944      3.104      4.502    13.1325 0.0000e+00
      3.132     -0.108     1.4785     13.762     45.407  35.043883     2.7878      9.735   216.1329 1.3524e+01    22.8666      3.079      4.466    13.2517 0.0000e+00
      3.089     -0.130     1.4796     13.467     45.298  35.056006     2.7903      9.730   215.9574 1.3990e+01    21.5896      3.032      4.397    13.3780 0.0000e+00
      3.040     -0.147     1.4818     13.182     45.240  35.080076     2.7867      9.726   215.8970 1.4417e+01    19.1390      2.976      4.317    13.4018 0.0000e+00
      2.998     -0.157     1.4655     12.974     45.195  35.081190     2.7860      9.723   215.7465 1.4739e+01    17.7975      2.934      4.257    13.4554 0.0000e+00
      2.964     -0.159     1.4320     12.869     45.155  35.069515     2.7898      9.721   215.4288 1.5083e+01    17.7006      2.908      4.219    13.5922 0.0000e+00
      2.927     -0.154     1.3974     12.852     45.102  35.065830     2.7828      9.719   215.1536 1.5517e+01    17.5920      2.873      4.167    13.7022 0.0000e+00
      2.884     -0.146     1.3612     12.930     44.963  35.036675     2.7928      9.717   214.9999 1.5932e+01    16.3813      2.827      4.100    13.7827 0.0000e+00
      2.843     -0.136     1.3384     13.110     44.748  34.970896     2.8270      9.714   214.9473 1.6318e+01    14.1985      2.787      4.042    13.8165 0.0000e+00
      2.806     -0.121     1.3286     13.323     44.587  34.905111     2.8472      9.710   214.9469 1.6767e+01    13.0621      2.752      3.991    13.8193 0.0000e+00
      2.772     -0.101     1.3255     13.502     44.539  34.875831     2.8619      9.706   214.9089 1.7158e+01    13.0254      2.714      3.936    13.8552 0.0000e+00
      2.748     -0.079     1.3295     13.657     44.506  34.870671     2.9218      9.702   214.8327 1.7341e+01    12.5933      2.689      3.899    13.9387 0.0000e+00
      2.737     -0.056     1.3468     13.777     44.367  34.842735     3.0057      9.697   214.6277 1.7441e+01    11.6973      2.684      3.893    14.0956 0.0000e+00
      2.730     -0.041     1.3706     13.835     44.076  34.791942     3.0281      9.692   214.4092 1.7586e+01    11.1767      2.679      3.886    14.1749 0.0000e+00
      2.723     -0.040     1.3870     13.864     43.736  34.764336     3.0005      9.687   214.5994 1.7712e+01    11.1152      2.667      3.868    14.1331 0.0000e+00
      2.720     -0.054     1.4037     13.939     43.480  34.763040     2.9467      9.683   214.9493 1.7737e+01    10.9877      2.664      3.864    14.1530 0.0000e+00
      2.719     -0.079     1.4158     14.126     43.310  34.776520     2.8687      9.681   214.9395 1.7889e+01    10.6947      2.673      3.878    14.2199 0.0000e+00
      2.704     -0.105     1.4141     14.463     43.210  34.800595     2.8224      9.678   214.6533 1.8449e+01    10.4752      2.663      3.863    14.4198 0.0000e+00
      2.664     -0.129     1.4025     14.922     43.160  34.800473     2.8029      9.676   214.5001 1.9352e+01    10.3493      2.618      3.797    14.7806 0.0000e+00
      2.610     -0.149     1.4017     15.470     43.091  34.775092     2.8246      9.673   214.5495 2.0345e+01    10.0608      2.557      3.708    14.9926 0.0000e+00
      2.560     -0.163     1.4137     16.128     42.986  34.747531     2.8933      9.671   214.7345 2.1189e+01     9.5834      2.505      3.632    15.1491 0.0000e+00
      2.520     -0.168     1.4438     16.841     42.909  34.721108     2.9184      9.671   215.0161 2.1915e+01     9.2573      2.470      3.582    15.3107 0.0000e+00
      2.484     -0.166     1.4930     17.490     42.896  34.709451     2.9035      9.670   215.2013 2.2735e+01     9.1233      2.438      3.536    15.3129 0.0000e+00
      2.446     -0.161     1.5439     18.032     42.891  34.733463     2.9130      9.668   215.3395 2.3730e+01     8.8518      2.400      3.481    15.3191 0.0000e+00
      2.402     -0.156     1.6079     18.443     42.822  34.757678     2.9492      9.666   215.4825 2.4846e+01     8.4678      2.356      3.419    15.4277 0.0000e+00
      2.357     -0.149     1.6848     18.732     42.718  34.748547     2.9841      9.662   215.5529 2.5920e+01     8.3058      2.309      3.350    15.4865 0.0000e+00
      2.315     -0.137     1.7498     18.937     42.664  34.750057     2.9847      9.659   215.6744 2.6851e+01     8.3281      2.267      3.287    15.4346 0.0000e+00
      2.280     -0.119     1.8053     19.073     42.610  34.775981     2.9662      9.655   215.9189 2.7627e+01     8.3276      2.232      3.238    15.4509 0.0000e+00
      2.252     -0.101     1.8416     19.206     42.475  34.808282     2.9679      9.649   216.0143 2.8294e+01     8.4022      2.207      3.201    15.5886 0.0000e+00
      2.231     -0.088     1.8620     19.415     42.349  34.886983     2.9969      9.643   215.9670 2.8807e+01     8.6156      2.185      3.169    15.6916 0.0000e+00
      2.217     -0.085     1.8846     19.750     42.417  35.093301     3.0336      9.640   216.1225 2.9080e+01     8.7892      2.171      3.150    15.7113 0.0000e+00
      2.207     -0.090     1.8914     20.247     42.558  35.336136     3.0367      9.637   216.5179 2.9445e+01     8.8275      2.168      3.144    15.7623 0.0000e+00
      2.189     -0.102     1.8950     20.977     42.476  35.412191     3.0180      9.634   217.0474 3.0299e+01     9.0781      2.154      3.124    15.9474 0.0000e+00
      2.158     -0.117     1.9026     22.005     42.193  35.315108     3.0326      9.631   217.6212 3.1552e+01     9.6341      2.120      3.075    16.2151 0.0000e+00
      2.118     -0.136     1.9288     23.401     41.987  35.241133     3.0630      9.630   218.1209 3.2840e+01     9.9816      2.077      3.011    16.3780 0.0000e+00
      2.078     -0.154     1.9697     25.246     42.067  35.406170     3.1020      9.628   218.5284 3.4067e+01     9.9670      2.037      2.954    16.4897 0.0000e+00
      2.040     -0.168     2.0295     27.387     42.193  35.724430     3.5382      9.624   218.9345 3.5402e+01     9.3200      2.002      2.903    16.6840 0.0000e+00
      1.998     -0.175     2.1225     29.533     41.988  35.916954     4.3583      9.619   219.0735 3.7022e+01     8.2049      1.962      2.846    16.8698 0.0000e+00
      1.950     -0.177     2.2431     31.557     41.601  35.957847     4.8273      9.614   218.4884 3.9099e+01     7.6551      1.916      2.779    16.9765 0.0000e+00
      1.897     -0.175     2.4278     33.688     41.351  35.965547     5.0233      9.609   217.4528 4.1384e+01     7.6260      1.859      2.696    17.0268 0.0000e+00
      1.847     -0.170     2.6350     36.348     41.233  35.946891     6.6024      9.606   216.4470 4.3358e+01     7.3741      1.807      2.620    17.2329 0.0000e+00
      1.806     -0.164     2.8157     39.601     41.185  35.922726     9.4806      9.604   215.8776 4.5041e+01     6.8643      1.770      2.568    17.7669 0.0000e+00
      1.770     -0.156     2.9687     43.100     41.247  35.990640    11.0501      9.602   215.8163 4.6566e+01     6.5517      1.735      2.517    18.3071 0.0000e+00
      1.735     -0.151     3.1313     46.448     41.333  36.133534    11.2712      9.599   214.5873 4.8051e+01     6.5325      1.701      2.467    18.5418 0.0000e+00
      1.700     -0.152     3.3748     49.366     41.323  36.254619    12.1785      9.595   207.8148 4.9835e+01     6.5638      1.669      2.421    18.6113 0.0000e+00
      1.662     -0.158     3.6947     51.719     41.258  36.376164    13.8141      9.592   196.6533 5.1837e+01     6.5540      1.630      2.364    18.6114 0.0000e+00
      1.621     -0.166     4.0363     53.595     41.166  36.524672    14.7088      9.589   188.8187 5.3868e+01     6.5165      1.589      2.305    18.5936 0.0000e+00
      1.578     -0.173     4.3510     55.341     41.010  36.654569    14.7902      9.585   184.6713 5.6042e+01     6.5209      1.550      2.249    18.6746 0.0000e+00
      1.531     -0.176     4.6128     57.476     40.814  36.741500    14.8892      9.581   180.7517 5.8340e+01     6.5725      1.504      2.181    18.8503 0.0000e+00
      1.481     -0.173     4.8085     60.523     40.643  36.814670    16.1054      9.577   177.8225 6.0792e+01     6.5250      1.452      2.107    19.0561 0.0000e+00
      1.431     -0.165     4.9443     64.922     40.545  36.905037    18.3590      9.573   176.7009 6.3265e+01     6.3906      1.401      2.031    19.3329 0.0000e+00
      1.387     -0.154     5.0477     70.602     40.449  36.946018    19.5901      9.570   176.2239 6.5364e+01     6.3143      1.356      1.967    19.6952 0.0000e+00
      1.352     -0.141     5.1956     76.864     40.338  36.929623    19.7123      9.568   174.5500 6.7253e+01     6.2853      1.326      1.923    20.0215 0.0000e+00
      1.322     -0.130     5.4226     83.029     40.335  36.960735    20.0199      9.568   169.7986 6.9089e+01     6.3818      1.297      1.879    20.3077 0.0000e+00
      1.294     -0.126     5.7920     88.554     40.731  37.322241    20.5872      9.569   164.0316 7.0899e+01     6.5596      1.268      1.840    20.5305 0.0000e+00
      1.268     -0.129     6.3180     92.901     41.320  37.937393    20.8877      9.569   161.6081 7.2867e+01     6.5902      1.244      1.804    20.6805 0.0000e+00
      1.238     -0.134     6.8840     95.994     41.322  38.179933    20.8811      9.567   161.2307 7.5056e+01     6.5471      1.217      1.766    20.7904 0.0000e+00
      1.202     -0.139     7.4410     98.367     41.191  38.351487    20.6071      9.565   160.1577 7.7507e+01     6.6864      1.183      1.715    20.8419 0.0000e+00
