Data/DataNotYetUploadedToEDI/Raw_CTD/RawDownloads/061724_bvr50_S8188005.cnv
* Sea-Bird SBE19plus  Data File:
* FileName = C:\R\Reservoirs\Data\DataNotYetUploadedToEDI\Raw_CTD\RawDownloads\060324_bvr50_S78188_0005.hex
* Software version 2.8.0.119
* Temperature SN = 8188
* Conductivity SN = 8188
* System UpLoad Time = Jun 20 2024 16:36:23
* <ApplicationData>
* <Seaterm232>
# nquan = 16
# nvalues = 1752                        
# units = specified
# name 0 = depFM: Depth [fresh water, m]
# name 1 = dz/dtM: Descent Rate [m/s]
# name 2 = sbeox0Mg/L: Oxygen, SBE 43 [mg/l]
# name 3 = sbeox0PS: Oxygen, SBE 43 [% saturation]
# name 4 = specc: Specific Conductance [uS/cm]
# name 5 = c0uS/cm: Conductivity [uS/cm]
# name 6 = wetCDOM: Fluorescence, WET Labs CDOM [mg/m^3]
# name 7 = flECO-AFL: Fluorescence, WET Labs ECO-AFL/FL [mg/m^3]
# name 8 = flECO-AFL1: Fluorescence, WET Labs ECO-AFL/FL, 2 [mg/m^3]
# name 9 = flECO-AFL2: Fluorescence, WET Labs ECO-AFL/FL, 3 [mg/m^3]
# name 10 = par/sat/log: PAR/Logarithmic, Satlantic
# name 11 = turbWETntu0: Turbidity, WET Labs ECO [NTU]
# name 12 = prdM: Pressure, Strain Gauge [db]
# name 13 = prdE: Pressure, Strain Gauge [psi]
# name 14 = tv290C: Temperature [ITS-90, deg C]
# name 15 = flag:  0.000e+00
# span 0 =     -0.661,      9.812       
# span 1 =     -0.287,      0.161       
# span 2 =    -0.0030,    13.7819       
# span 3 =     -0.032,    167.842       
# span 4 =      2.047,     95.048       
# span 5 =   1.796317,  66.737207       
# span 6 =    -4.5000,    41.2200       
# span 7 =    -1.0437,    12.1363       
# span 8 =    -2.1300,     3.7914       
# span 9 =    -3.4686,    13.4937       
# span 10 = 1.1585e-01, 2.1430e+03      
# span 11 =    -4.0559,    21.1869      
# span 12 =     -0.648,      9.622      
# span 13 =     -0.940,     13.955      
# span 14 =    10.0931,    26.2323      
# span 15 = 0.0000e+00, 0.0000e+00      
# interval = seconds: 0.25
# start_time = Jun 17 2024 07:57:39 [Instrument's time stamp, header]
# bad_flag = -9.990e-29
*END*
[from data line 633]
      0.175      0.006    11.5181    140.163     35.852  36.169371    34.4700     1.8288     0.2556     8.4177 1.8375e+02    15.3558      0.172      0.249    25.4508 0.0000e+00
      0.176      0.006    11.5152    140.071     35.820  36.137175    34.4700     1.9089     0.2556     8.4177 1.8311e+02    15.5975      0.173      0.251    25.4446 0.0000e+00
      0.178      0.005    11.5093    140.054     35.783  36.100884    34.9200     1.8937     0.2556     8.5446 1.8367e+02    15.6278      0.174      0.253    25.4393 0.0000e+00
      0.179      0.005    11.4992    140.110     35.744  36.062773    34.9200     1.9585     0.2556     8.5446 1.8528e+02    15.5824      0.176      0.255    25.4368 0.0000e+00
      0.180      0.004    11.4879    140.220     35.708  36.026625    34.9200     1.9356     0.2556     8.5446 1.8624e+02    15.5975      0.177      0.256    25.4365 0.0000e+00
      0.181      0.004    11.4803    140.363     35.706  36.024633    34.9200     1.8860     0.2556     8.5446 1.8861e+02    16.0054      0.177      0.257    25.4371 0.0000e+00
      0.182      0.003    11.4787    140.511     35.741  36.058260    35.1000     1.8937     0.2556     8.5023 1.9038e+02    15.9752      0.178      0.258    25.4380 0.0000e+00
      0.182      0.003    11.4830    140.631     35.783  36.098622    35.1000     1.8898     0.2556     8.5023 1.9325e+02    16.1716      0.179      0.260    25.4393 0.0000e+00
      0.183      0.004    11.4918    140.688     35.818  36.132576    35.1000     1.9089     0.2556     8.5023 1.9536e+02    16.1112      0.180      0.261    25.4405 0.0000e+00
      0.184      0.004    11.5036    140.669     35.851  36.165194    35.1000     1.8441     0.2556     8.5023 1.9883e+02    15.0990      0.181      0.262    25.4403 0.0000e+00
      0.185      0.003    11.5161    140.591     35.889  36.203181    35.1000     1.8708     0.2556     8.5023 1.9788e+02    15.1141      0.182      0.263    25.4381 0.0000e+00
      0.186      0.003    11.5265    140.494     35.917  36.232761    34.5600     1.8593     0.2982     8.4177 1.9092e+02    15.0688      0.182      0.265    25.4351 0.0000e+00
      0.187      0.003    11.5318    140.415     35.921  36.239910    34.5600     1.8593     0.2982     8.4177 1.8918e+02    15.1595      0.183      0.266    25.4326 0.0000e+00
      0.188      0.003    11.5306    140.378     35.906  36.228525    34.5600     1.7945     0.2982     8.4177 1.8889e+02    14.8724      0.184      0.267    25.4311 0.0000e+00
      0.188      0.002    11.5242    140.389     35.885  36.211509    34.5600     1.7945     0.2982     8.4177 1.8865e+02    14.8422      0.184      0.268    25.4313 0.0000e+00
      0.189      0.002    11.5156    140.432     35.869  36.198269    34.7400     1.8135     0.2982     8.3754 1.9170e+02    14.9631      0.185      0.268    25.4338 0.0000e+00
      0.189      0.002    11.5082    140.487     35.855  36.185274    34.7400     1.7792     0.2982     8.3754 1.9528e+02    14.7818      0.185      0.269    25.4383 0.0000e+00
      0.190      0.002    11.5041    140.527     35.843  36.173043    34.7400     1.8708     0.2982     8.3754 2.0347e+02    15.3256      0.186      0.270    25.4434 0.0000e+00
      0.190      0.002    11.5039    140.534     35.845  36.174252    34.7400     1.8441     0.2982     8.3754 2.0839e+02    15.3407      0.186      0.270    25.4485 0.0000e+00
      0.190      0.002    11.5066    140.507     35.857  36.185239    34.5600     1.8364     0.2556     8.5446 2.1053e+02    15.3105      0.187      0.271    25.4525 0.0000e+00
      0.191      0.002    11.5106    140.463     35.869  36.196980    34.5600     1.8631     0.2556     8.5446 2.0961e+02    15.4163      0.187      0.271    25.4546 0.0000e+00
      0.191      0.002    11.5139    140.417     35.884  36.210615    34.5600     1.8097     0.2556     8.5446 2.0542e+02    15.0084      0.188      0.272    25.4547 0.0000e+00
      0.192      0.002    11.5147    140.372     35.884  36.209857    34.5600     1.8021     0.2556     8.5446 2.0232e+02    15.1292      0.188      0.273    25.4535 0.0000e+00
      0.192      0.002    11.5128    140.322     35.866  36.190521    34.5600     1.7907     0.2556     8.5446 1.9853e+02    15.1746      0.188      0.273    25.4518 0.0000e+00
      0.193      0.002    11.5096    140.268     35.847  36.169364    35.1000     1.7830     0.2982     8.4600 1.9609e+02    15.1443      0.189      0.274    25.4501 0.0000e+00
      0.193      0.002    11.5062    140.226     35.828  36.148712    35.1000     1.8441     0.2982     8.4600 1.9651e+02    15.3256      0.189      0.275    25.4487 0.0000e+00
      0.194      0.003    11.5028    140.215     35.818  36.137004    35.1000     1.8364     0.2982     8.4600 1.9857e+02    15.2501      0.190      0.276    25.4473 0.0000e+00
      0.194      0.003    11.4990    140.234     35.825  36.141076    35.1000     1.8555     0.2982     8.4600 2.0280e+02    15.3861      0.191      0.277    25.4457 0.0000e+00
      0.195      0.003    11.4950    140.268     35.843  36.158031    34.9200     1.8593     0.2982     8.5023 2.0839e+02    15.2954      0.191      0.278    25.4438 0.0000e+00
      0.196      0.003    11.4921    140.313     35.862  36.174462    34.9200     1.7945     0.2982     8.5023 2.1190e+02    15.1595      0.192      0.279    25.4415 0.0000e+00
      0.197      0.003    11.4917    140.372     35.862  36.172835    34.9200     1.7792     0.2982     8.5023 2.1454e+02    15.1141      0.193      0.280    25.4386 0.0000e+00
      0.197      0.003    11.4939    140.445     35.854  36.162679    34.9200     1.7983     0.2982     8.5023 2.1595e+02    15.1292      0.193      0.281    25.4356 0.0000e+00
      0.198      0.003    11.4973    140.507     35.849  36.155229    34.7400     1.7868     0.2556     8.4600 2.1510e+02    15.2350      0.194      0.282    25.4328 0.0000e+00
      0.199      0.003    11.5015    140.523     35.845  36.148498    34.7400     1.8555     0.2556     8.4600 2.1389e+02    15.7788      0.195      0.283    25.4302 0.0000e+00
      0.200      0.003    11.5070    140.486     35.838  36.140691    34.7400     1.8364     0.2556     8.4600 2.1246e+02    15.5824      0.196      0.284    25.4272 0.0000e+00
      0.200      0.003    11.5137    140.425     35.835  36.137696    34.7400     1.8441     0.2556     8.4600 2.1278e+02    15.5975      0.196      0.285    25.4240 0.0000e+00
      0.201      0.003    11.5195    140.376     35.839  36.142697    35.4600     1.8441     0.2982     8.5869 2.1399e+02    15.5975      0.197      0.286    25.4207 0.0000e+00
      0.202      0.003    11.5214    140.358     35.844  36.149059    35.4600     1.9318     0.2982     8.5869 2.1869e+02    15.4314      0.198      0.287    25.4179 0.0000e+00
      0.203      0.003    11.5187    140.370     35.835  36.140550    35.4600     1.9013     0.2982     8.5869 2.2451e+02    15.4012      0.199      0.288    25.4164 0.0000e+00
      0.204      0.003    11.5136    140.403     35.810  36.116894    35.4600     1.9051     0.2982     8.5869 2.3266e+02    15.3558      0.199      0.289    25.4168 0.0000e+00
      0.204      0.003    11.5093    140.445     35.795  36.101663    35.4600     1.9013     0.2982     8.5869 2.4141e+02    15.3105      0.200      0.291    25.4181 0.0000e+00
      0.205      0.003    11.5075    140.483     35.786  36.092789    35.3700     1.7907     0.2556     8.5446 2.5017e+02    15.2048      0.201      0.292    25.4195 0.0000e+00
      0.206      0.003    11.5082    140.508     35.785  36.091889    35.3700     1.7868     0.2556     8.5446 2.5768e+02    15.1141      0.202      0.293    25.4210 0.0000e+00
      0.207      0.003    11.5106    140.523     35.801  36.106691    35.3700     1.8021     0.2556     8.5446 2.6134e+02    15.0839      0.203      0.294    25.4224 0.0000e+00
      0.208      0.003    11.5139    140.528     35.819  36.125206    35.3700     1.7868     0.2556     8.5446 2.6604e+02    15.1595      0.204      0.295    25.4232 0.0000e+00
      0.209      0.004    11.5169    140.509     35.832  36.138427    35.2800     1.7754     0.2556     8.4600 2.6877e+02    14.5703      0.204      0.297    25.4232 0.0000e+00
      0.210      0.004    11.5191    140.461     35.840  36.147887    35.2800     1.8135     0.2556     8.4600 2.7432e+02    14.6609      0.205      0.298    25.4225 0.0000e+00
      0.211      0.004    11.5206    140.406     35.849  36.156108    35.2800     1.8021     0.2556     8.4600 2.8169e+02    14.6307      0.206      0.299    25.4216 0.0000e+00
      0.211      0.003    11.5210    140.374     35.851  36.157314    35.2800     1.7868     0.2556     8.4600 2.9172e+02    14.6458      0.207      0.301    25.4215 0.0000e+00
      0.212      0.003    11.5193    140.371     35.861  36.165772    35.3700     1.9280     0.3408     8.5446 3.0680e+02    13.9509      0.208      0.302    25.4222 0.0000e+00
      0.213      0.003    11.5153    140.373     35.886  36.189714    35.3700     1.9089     0.3408     8.5446 3.3626e+02    13.9358      0.209      0.303    25.4227 0.0000e+00
      0.214      0.003    11.5108    140.356     35.903  36.205643    35.3700     1.9394     0.3408     8.5446 3.5558e+02    14.0265      0.210      0.304    25.4225 0.0000e+00
      0.215      0.003    11.5084    140.313     35.901  36.203860    35.3700     1.9356     0.3408     8.5446 3.5759e+02    13.9509      0.210      0.305    25.4211 0.0000e+00
      0.215      0.002    11.5086    140.251     35.890  36.191860    34.6500     1.8441     0.2982     8.3754 3.5891e+02    13.2712      0.211      0.306    25.4191 0.0000e+00
      0.216      0.002    11.5093    140.162     35.864  36.166441    34.6500     1.8479     0.2982     8.3754 3.5288e+02    13.2107      0.211      0.307    25.4171 0.0000e+00
      0.216      0.002    11.5081    140.040     35.824  36.126803    34.6500     1.8631     0.2982     8.3754 3.4657e+02    13.2107      0.212      0.308    25.4156 0.0000e+00
      0.217      0.002    11.5047    139.901     35.793  36.096240    34.6500     1.8670     0.2982     8.3754 3.4060e+02    13.2560      0.213      0.309    25.4150 0.0000e+00
      0.217      0.002    11.4996    139.789     35.794  36.098476    34.6500     1.7945     0.2982     8.3754 3.3641e+02    14.8724      0.213      0.309    25.4149 0.0000e+00
      0.218      0.002    11.4923    139.743     35.811  36.116179    35.0100     1.8097     0.2982     8.2908 3.3437e+02    14.8422      0.214      0.310    25.4154 0.0000e+00
      0.219      0.002    11.4821    139.766     35.818  36.124188    35.0100     1.7830     0.2982     8.2908 3.3444e+02    14.8422      0.214      0.311    25.4164 0.0000e+00
      0.219      0.002    11.4704    139.836     35.824  36.130615    35.0100     1.7868     0.2982     8.2908 3.3612e+02    14.9026      0.215      0.312    25.4178 0.0000e+00
      0.220      0.002    11.4609    139.936     35.842  36.147135    35.0100     1.9280     0.2982     8.2908 3.3357e+02    15.2954      0.215      0.313    25.4192 0.0000e+00
      0.220      0.002    11.4568    140.067     35.866  36.168192    35.3700     1.8822     0.2982     8.4177 3.3068e+02    15.3256      0.216      0.313    25.4205 0.0000e+00
      0.221      0.002    11.4586    140.221     35.880  36.177489    35.3700     1.9165     0.2982     8.4177 3.3868e+02    15.3709      0.216      0.314    25.4214 0.0000e+00
      0.221      0.002    11.4643    140.365     35.892  36.183481    35.3700     1.9127     0.2982     8.4177 3.4402e+02    15.4314      0.216      0.314    25.4214 0.0000e+00
      0.221      0.002    11.4729    140.474     35.910  36.195733    35.3700     1.8975     0.2982     8.4177 3.4937e+02    15.6126      0.217      0.315    25.4197 0.0000e+00
      0.222      0.002    11.4845    140.549     35.907  36.189622    35.1000     1.9013     0.2982     8.5023 3.5511e+02    15.5975      0.217      0.315    25.4154 0.0000e+00
      0.222      0.002    11.4986    140.607     35.874  36.155550    35.1000     1.9013     0.2982     8.5023 3.6299e+02    15.6278      0.218      0.316    25.4083 0.0000e+00
      0.223      0.002    11.5123    140.653     35.838  36.120290    35.1000     1.9089     0.2982     8.5023 3.6529e+02    15.6429      0.218      0.316    25.3995 0.0000e+00
      0.223      0.002    11.5228    140.687     35.828  36.112290    35.1000     1.8479     0.2982     8.5023 3.6904e+02    15.7788      0.219      0.317    25.3917 0.0000e+00
      0.224      0.002    11.5300    140.706     35.840  36.125430    35.1900     1.8708     0.2982     8.4600 3.7161e+02    15.8846      0.219      0.318    25.3873 0.0000e+00
      0.224      0.002    11.5349    140.711     35.848  36.135327    35.1900     1.8593     0.2982     8.4600 3.6792e+02    15.7788      0.220      0.319    25.3865 0.0000e+00
      0.225      0.002    11.5384    140.707     35.841  36.128684    35.1900     1.8708     0.2982     8.4600 3.7250e+02    15.7335      0.220      0.320    25.3880 0.0000e+00
      0.225      0.002    11.5407    140.698     35.824  36.111696    35.1900     1.9280     0.2982     8.4600 3.7234e+02    15.8241      0.221      0.321    25.3901 0.0000e+00
      0.226      0.002    11.5418    140.694     35.818  36.103739    35.1900     1.9356     0.2982     8.4600 3.7616e+02    15.7788      0.222      0.322    25.3922 0.0000e+00
      0.227      0.002    11.5419    140.697     35.826  36.110660    35.1900     1.9013     0.2556     8.4600 3.7928e+02    15.7637      0.222      0.322    25.3939 0.0000e+00
      0.227      0.002    11.5413    140.694     35.836  36.118366    35.1900     1.9242     0.2556     8.4600 3.8185e+02    15.8090      0.223      0.323    25.3948 0.0000e+00
      0.228      0.002    11.5407    140.663     35.845  36.124929    35.1900     1.9432     0.2556     8.4600 3.8168e+02    16.5039      0.223      0.324    25.3946 0.0000e+00
      0.228      0.002    11.5406    140.595     35.857  36.136083    35.1900     1.9089     0.2556     8.4600 3.8077e+02    16.6701      0.224      0.325    25.3931 0.0000e+00
      0.229      0.002    11.5414    140.500     35.856  36.134882    35.5500     1.9204     0.2982     8.5869 3.8669e+02    16.6097      0.224      0.325    25.3905 0.0000e+00
      0.229      0.001    11.5418    140.400     35.842  36.121003    35.5500     1.8937     0.2982     8.5869 3.8686e+02    16.6399      0.225      0.326    25.3875 0.0000e+00
      0.230      0.001    11.5399    140.320     35.835  36.114653    35.5500     1.9165     0.2982     8.5869 3.9057e+02    15.1595      0.225      0.326    25.3847 0.0000e+00
      0.230      0.001    11.5347    140.272     35.833  36.114138    35.5500     1.9165     0.2982     8.5869 3.9330e+02    15.2199      0.225      0.327    25.3830 0.0000e+00
      0.230      0.001    11.5269    140.258     35.841  36.123306    35.6400     1.9356     0.3408     8.6292 4.0325e+02    15.1595      0.225      0.327    25.3827 0.0000e+00
      0.230      0.001    11.5186    140.276     35.870  36.152568    35.6400     1.8937     0.3408     8.6292 4.0089e+02    15.1595      0.226      0.328    25.3837 0.0000e+00
      0.231      0.001    11.5116    140.323     35.893  36.175862    35.6400     1.9165     0.3408     8.6292 3.9924e+02    15.9450      0.226      0.328    25.3852 0.0000e+00
      0.231      0.001    11.5074    140.388     35.899  36.181471    35.6400     1.9204     0.3408     8.6292 4.0351e+02    15.8846      0.226      0.328    25.3868 0.0000e+00
      0.231      0.001    11.5060    140.447     35.911  36.192805    35.6400     1.9089     0.3408     8.6292 4.0712e+02    15.7486      0.226      0.328    25.3879 0.0000e+00
      0.231      0.001    11.5074    140.471     35.923  36.204917    35.2800     1.9318     0.2556     8.4600 4.0633e+02    15.9450      0.226      0.328    25.3885 0.0000e+00
      0.231      0.000    11.5112    140.451     35.919  36.201115    35.2800     1.9890     0.2556     8.4600 4.0916e+02    17.2744      0.226      0.328    25.3884 0.0000e+00
