Data/DataNotYetUploadedToEDI/Raw_CTD/RawDownloads/061724_fcr40_S7809007.cnv
* Sea-Bird SBE19plus  Data File:
* FileName = C:\R\Reservoirs\Data\DataNotYetUploadedToEDI\Raw_CTD\RawDownloads\061724_fcr50_S7809_0007.hex
* Software version 2.8.0.119
* Temperature SN = 7809
* Conductivity SN = 7809
* System UpLoad Time = Jun 20 2024 16:10:38
* <ApplicationData>
* <Seaterm232>
# nquan = 15
# nvalues = 998                         
# units = specified
# name 0 = depFM: Depth [fresh water, m]
# name 1 = dz/dtM: Descent Rate [m/s]
# name 2 = sbeox0Mg/L: Oxygen, SBE 43 [mg/l]
# name 3 = sbeox0PS: Oxygen, SBE 43 [% saturation]
# name 4 = specc: Specific Conductance [uS/cm]
# name 5 = c0uS/cm: Conductivity [uS/cm]
# name 6 = flECO-AFL: Fluorescence, WET Labs ECO-AFL/FL [mg/m^3]
# name 7 = ph: pH
# name 8 = orp: Oxidation Reduction Potential [mV]
# name 9 = par/sat/log: PAR/Logarithmic, Satlantic
# name 10 = turbWETntu0: Turbidity, WET Labs ECO [NTU]
# name 11 = prdM: Pressure, Strain Gauge [db]
# name 12 = prdE: Pressure, Strain Gauge [psi]
# name 13 = tv290C: Temperature [ITS-90, deg C]
# name 14 = flag:  0.000e+00
# span 0 =     -0.597,      6.091       
# span 1 =     -0.322,      0.202       
# span 2 =     1.0461,    14.0776       
# span 3 =     10.206,    168.575       
# span 4 =      1.691,     49.017       
# span 5 =   1.610743,  44.734366       
# span 6 =    -0.1313,    26.4312       
# span 7 =      9.507,     10.651       
# span 8 =    46.0972,   236.4983       
# span 9 = 1.3610e-01, 2.4011e+03       
# span 10 =    -0.0007,    99.4904      
# span 11 =     -0.586,      5.973      
# span 12 =     -0.850,      8.663      
# span 13 =    11.4341,    27.6916      
# span 14 = 0.0000e+00, 0.0000e+00      
# interval = seconds: 0.25
# start_time = Jun 17 2024 13:34:37 [Instrument's time stamp, header]
# bad_flag = -9.990e-29
*END*
[from data line 772]
      4.368     -0.105     7.0086     64.073     48.228  35.444531     0.7055      9.821   223.5733 4.4322e+00    16.5474      4.281      6.209    11.7219 0.0000e+00
      4.339     -0.092     6.9944     63.935     48.217  35.419427     0.7167      9.820   223.8772 4.5818e+00    16.5931      4.253      6.168    11.7455 0.0000e+00
      4.315     -0.079     6.9733     63.765     48.232  35.408615     0.7471      9.819   224.3654 4.6772e+00    16.5667      4.228      6.132    11.7540 0.0000e+00
      4.300     -0.072     6.9564     63.539     48.298  35.440684     0.8075      9.816   224.8300 4.6973e+00    16.4332      4.213      6.110    11.7547 0.0000e+00
      4.292     -0.074     6.9446     63.332     48.450  35.553344     0.8388      9.813   225.2787 4.6764e+00    16.3115      4.208      6.104    11.7478 0.0000e+00
      4.284     -0.083     6.9322     63.197     48.603  35.692115     0.8425      9.810   225.5753 4.7183e+00    16.3255      4.206      6.101    11.7283 0.0000e+00
      4.266     -0.095     6.9224     63.130     48.587  35.722663     0.8279      9.807   225.4906 4.8971e+00    16.3625      4.191      6.077    11.7024 0.0000e+00
      4.233     -0.107     6.8954     63.070     48.462  35.668933     0.7865      9.804   225.4592 5.1538e+00    16.3495      4.154      6.024    11.6806 0.0000e+00
      4.192     -0.115     6.8706     62.739     48.365  35.613585     0.7575      9.801   225.7115 5.4067e+00    16.3405      4.110      5.960    11.6771 0.0000e+00
      4.154     -0.117     6.8546     61.859     48.302  35.561085     0.7447      9.798   225.9607 5.6220e+00    16.2869      4.069      5.903    11.7077 0.0000e+00
      4.124     -0.113     6.8347     60.455     48.379  35.605201     0.7898      9.796   226.0631 5.7977e+00    16.2135      4.042      5.862    11.7623 0.0000e+00
      4.101     -0.106     6.8364     58.807     48.587  35.766266     0.8864      9.794   226.1745 5.9742e+00    16.1696      4.022      5.833    11.8078 0.0000e+00
      4.080     -0.101     6.8123     57.273     48.638  35.858781     0.9301      9.791   226.4475 6.1570e+00    16.1326      4.000      5.802    11.8235 0.0000e+00
      4.060     -0.103     6.7159     56.112     48.505  35.835533     0.9275      9.787   226.6969 6.3491e+00    16.0741      3.981      5.774    11.8112 0.0000e+00
      4.036     -0.108     6.5556     55.265     48.411  35.802525     0.9214      9.785   226.8669 6.5966e+00    16.0087      3.961      5.745    11.7894 0.0000e+00
      4.005     -0.114     6.3634     54.328     48.386  35.776988     0.9313      9.783   226.9544 6.8941e+00    16.0247      3.931      5.700    11.7812 0.0000e+00
      3.970     -0.118     6.1762     52.938     48.317  35.717112     0.9727      9.780   226.9794 7.1898e+00    16.0968      3.893      5.647    11.8459 0.0000e+00
      3.935     -0.119     6.0356     51.125     48.207  35.649621     0.9894      9.777   227.1698 7.4432e+00    16.0950      3.857      5.595    11.9603 0.0000e+00
      3.903     -0.116     5.9593     49.164     48.187  35.658945     0.9829      9.774   227.3632 7.6371e+00    16.0372      3.827      5.549    11.9951 0.0000e+00
      3.876     -0.109     5.8813     47.308     48.230  35.702966     1.0940      9.771   227.4248 7.8105e+00    16.0120      3.801      5.513    11.9646 0.0000e+00
      3.850     -0.104     5.7291     45.733     48.187  35.674277     1.3180      9.768   227.6569 7.9995e+00    16.0299      3.775      5.476    11.9472 0.0000e+00
      3.825     -0.103     5.5172     44.535     48.018  35.565882     1.4511      9.765   228.1048 8.1741e+00    16.0837      3.749      5.438    11.9675 0.0000e+00
      3.803     -0.105     5.2931     43.870     47.841  35.471057     1.4632      9.763   228.5387 8.3406e+00    16.0815      3.730      5.410    12.0070 0.0000e+00
      3.781     -0.109     5.0836     43.886     47.805  35.479558     1.4977      9.761   228.7736 8.5747e+00    15.9340      3.711      5.383    12.0155 0.0000e+00
      3.751     -0.112     4.9146     44.427     47.868  35.541809     1.5936      9.758   228.7077 8.8961e+00    15.7700      3.681      5.338    12.0064 0.0000e+00
      3.715     -0.112     4.7774     45.021     47.934  35.589244     1.6652      9.757   228.6021 9.2255e+00    15.7722      3.643      5.283    12.0211 0.0000e+00
      3.681     -0.110     4.6907     45.188     47.966  35.608928     1.7072      9.756   228.7873 9.4758e+00    15.8575      3.607      5.232    12.0695 0.0000e+00
      3.652     -0.105     4.6933     44.722     47.924  35.589442     1.9422      9.753   229.1397 9.6549e+00    15.7092      3.580      5.192    12.1147 0.0000e+00
      3.630     -0.099     4.7716     43.808     47.829  35.544007     2.3599      9.749   229.4215 9.8035e+00    15.3800      3.560      5.163    12.1294 0.0000e+00
      3.610     -0.095     4.8561     42.835     47.737  35.503770     2.5871      9.747   229.5271 9.9415e+00    15.1900      3.541      5.136    12.1220 0.0000e+00
      3.588     -0.096     4.8851     42.052     47.667  35.483685     2.6091      9.745   229.5570 1.0086e+01    15.1537      3.519      5.103    12.1077 0.0000e+00
      3.566     -0.103     4.8249     41.490     47.548  35.428093     2.5504      9.742   229.4383 1.0234e+01    15.2139      3.497      5.071    12.1211 0.0000e+00
      3.542     -0.109     4.7035     41.108     47.372  35.339253     2.4107      9.739   228.9522 1.0419e+01    15.2696      3.477      5.042    12.1572 0.0000e+00
      3.512     -0.113     4.5874     40.884     47.227  35.297876     2.3179      9.737   228.4976 1.0675e+01    15.2804      3.448      5.001    12.1815 0.0000e+00
      3.475     -0.113     4.5003     40.762     47.149  35.308586     2.3274      9.735   228.4164 1.0968e+01    15.3104      3.409      4.944    12.2179 0.0000e+00
      3.439     -0.109     4.4394     40.594     47.145  35.341924     2.4668      9.732   228.4860 1.1185e+01    15.1875      3.369      4.886    12.2529 0.0000e+00
      3.411     -0.104     4.3949     40.183     47.110  35.320307     2.6888      9.729   228.3934 1.1274e+01    14.8881      3.341      4.846    12.2818 0.0000e+00
      3.391     -0.099     4.3647     39.464     46.891  35.174115     2.7981      9.727   228.1562 1.1327e+01    14.6627      3.325      4.822    12.3647 0.0000e+00
      3.372     -0.094     4.3475     38.612     46.617  35.033685     2.7887      9.726   228.0276 1.1425e+01    14.6144      3.307      4.798    12.4597 0.0000e+00
      3.351     -0.094     4.3360     37.878     46.472  35.018336     2.7913      9.723   228.0434 1.1605e+01    14.6456      3.287      4.768    12.4943 0.0000e+00
      3.327     -0.096     4.2971     37.313     46.412  35.052098     2.8551      9.719   228.0891 1.1895e+01    14.2877      3.264      4.732    12.4787 0.0000e+00
      3.300     -0.098     4.2129     36.755     46.370  35.061298     2.9443      9.715   227.9776 1.2302e+01    13.5327      3.238      4.696    12.4800 0.0000e+00
      3.271     -0.099     4.1013     36.028     46.293  35.002713     2.9797      9.712   227.7278 1.2807e+01    13.1005      3.208      4.653    12.5594 0.0000e+00
      3.242     -0.098     4.0104     35.071     46.101  34.851346     2.9659      9.710   227.4784 1.3334e+01    12.9902      3.177      4.607    12.6830 0.0000e+00
      3.218     -0.096     3.9514     33.978     45.813  34.690431     2.9941      9.708   227.1989 1.3844e+01    12.3353      3.154      4.575    12.7736 0.0000e+00
      3.198     -0.094     3.8948     32.874     45.487  34.579930     3.0621      9.704   226.9296 1.4389e+01    11.1263      3.137      4.550    12.8192 0.0000e+00
      3.178     -0.091     3.8223     31.806     45.108  34.467163     3.0900      9.699   226.8030 1.4973e+01    10.4650      3.117      4.522    12.8143 0.0000e+00
      3.153     -0.091     3.7193     30.757     44.707  34.342341     3.0805      9.694   226.7006 1.5538e+01    10.4199      3.093      4.486    12.7625 0.0000e+00
      3.128     -0.094     3.5938     29.715     44.303  34.212976     3.0645      9.690   226.3807 1.6015e+01    10.4103      3.066      4.447    12.8188 0.0000e+00
      3.104     -0.099     3.4613     28.670     43.914  34.108703     3.0551      9.687   226.1177 1.6369e+01    10.4513      3.043      4.413    12.9999 0.0000e+00
      3.082     -0.102     3.3357     27.601     43.623  34.096946     3.0578      9.683   226.0165 1.6678e+01    10.5048      3.024      4.386    13.1995 0.0000e+00
      3.057     -0.104     3.2110     26.478     43.447  34.134528     3.0474      9.678   225.5009 1.7060e+01    10.4092      3.001      4.353    13.4092 0.0000e+00
      3.025     -0.105     3.0883     25.218     43.380  34.182643     3.0120      9.675   224.7874 1.7456e+01     9.8076      2.967      4.303    13.6056 0.0000e+00
      2.995     -0.106     2.9678     23.813     43.350  34.234678     2.9798      9.673   224.6170 1.7739e+01     8.8331      2.933      4.253    13.8146 0.0000e+00
      2.970     -0.105     2.8389     22.432     43.254  34.256201     2.9737      9.669   224.7310 1.7972e+01     8.3619      2.911      4.223    14.0948 0.0000e+00
      2.945     -0.105     2.7142     21.287     43.104  34.252650     2.9804      9.665   224.5319 1.8261e+01     8.3466      2.890      4.191    14.3277 0.0000e+00
      2.917     -0.106     2.5838     20.521     42.868  34.191871     2.9779      9.662   224.1023 1.8552e+01     8.2383      2.859      4.147    14.3997 0.0000e+00
      2.892     -0.111     2.4280     20.201     42.528  34.092489     3.0101      9.658   223.7530 1.8821e+01     7.7348      2.834      4.110    14.4669 0.0000e+00
      2.867     -0.118     2.2728     20.361     42.159  34.066372     3.0953      9.653   223.5776 1.9221e+01     6.9379      2.815      4.082    14.5902 0.0000e+00
      2.838     -0.120     2.1450     20.978     41.831  34.130204     3.1501      9.647   223.6162 1.9876e+01     6.5288      2.787      4.042    14.7277 0.0000e+00
      2.800     -0.116     2.0596     21.945     41.669  34.230238     3.1484      9.642   223.6176 2.0707e+01     6.4437      2.748      3.986    14.8658 0.0000e+00
      2.760     -0.110     2.0186     23.158     41.768  34.324486     3.0918      9.638   223.4227 2.1485e+01     6.1146      2.705      3.923    15.0302 0.0000e+00
      2.728     -0.105     2.0197     24.520     42.041  34.381506     3.0146      9.637   223.2382 2.1941e+01     5.6571      2.668      3.870    15.3561 0.0000e+00
      2.709     -0.100     2.0661     25.894     42.317  34.411873     2.9883      9.638   223.1940 2.2136e+01     5.4896      2.654      3.849    15.8389 0.0000e+00
      2.698     -0.095     2.1492     27.139     42.446  34.437616     2.9906      9.638   223.3180 2.2565e+01     5.5237      2.650      3.843    16.1825 0.0000e+00
      2.679     -0.095     2.2712     28.135     42.325  34.438876     3.0348      9.636   223.3606 2.3415e+01     5.4890      2.630      3.816    16.1723 0.0000e+00
      2.650     -0.101     2.4255     28.877     42.029  34.427229     3.1317      9.632   223.1078 2.4473e+01     5.4121      2.600      3.771    15.8963 0.0000e+00
      2.620     -0.106     2.5816     29.483     41.739  34.423988     3.1967      9.628   222.9283 2.5625e+01     5.4141      2.569      3.726    15.6005 0.0000e+00
      2.589     -0.105     2.7179     30.064     41.557  34.399990     3.2211      9.624   222.9963 2.6991e+01     5.4782      2.540      3.683    15.4783 0.0000e+00
      2.557     -0.096     2.8104     30.741     41.592  34.391014     3.2859      9.622   223.0706 2.8551e+01     5.4702      2.507      3.637    15.6153 0.0000e+00
      2.527     -0.084     2.8553     31.515     41.832  34.442296     3.3806      9.620   223.2239 2.9747e+01     5.3514      2.472      3.586    15.9600 0.0000e+00
      2.509     -0.074     2.8947     32.245     42.027  34.512272     3.4176      9.619   223.4725 3.0325e+01     5.2372      2.456      3.562    16.2803 0.0000e+00
      2.502     -0.069     2.9337     32.841     42.057  34.602497     3.4250      9.618   223.5814 3.0810e+01     5.2171      2.455      3.561    16.4661 0.0000e+00
      2.494     -0.069     3.0021     33.232     41.981  34.708475     3.4200      9.614   223.6802 3.1628e+01     5.2448      2.451      3.554    16.4044 0.0000e+00
      2.478     -0.075     3.1061     33.427     41.845  34.778704     3.3648      9.610   223.8071 3.2793e+01     5.1968      2.433      3.529    16.1278 0.0000e+00
      2.454     -0.086     3.1873     33.585     41.737  34.880834     3.3148      9.608   223.8256 3.4088e+01     5.0806      2.405      3.490    15.9720 0.0000e+00
      2.427     -0.097     3.2430     33.895     41.652  35.055279     3.2992      9.604   223.9039 3.5327e+01     5.0351      2.379      3.451    16.0868 0.0000e+00
      2.400     -0.102     3.2647     34.493     41.424  35.175114     3.2930      9.599   224.0646 3.6628e+01     5.0566      2.355      3.415    16.3428 0.0000e+00
      2.372     -0.102     3.2612     35.439     41.075  35.188081     3.2891      9.594   224.3060 3.8027e+01     5.0666      2.327      3.375    16.5557 0.0000e+00
      2.342     -0.097     3.2575     36.769     40.807  35.149025     3.2775      9.591   224.4990 3.9301e+01     5.0201      2.296      3.330    16.7525 0.0000e+00
      2.316     -0.092     3.2612     38.414     40.762  35.147280     3.2601      9.588   224.5923 4.0179e+01     4.9379      2.267      3.288    17.0429 0.0000e+00
      2.296     -0.092     3.2924     40.217     41.050  35.357363     3.2543      9.585   224.9182 4.0604e+01     4.8927      2.249      3.261    17.4432 0.0000e+00
      2.281     -0.094     3.3472     41.931     41.442  35.722118     3.2736      9.583   225.3415 4.1084e+01     4.9181      2.239      3.247    17.8978 0.0000e+00
      2.262     -0.099     3.4600     43.306     41.575  36.004360     3.3102      9.580   225.6670 4.2089e+01     4.9723      2.222      3.222    18.1401 0.0000e+00
      2.234     -0.105     3.6195     44.311     41.514  36.168691     3.3305      9.576   226.1004 4.3478e+01     4.9669      2.192      3.179    18.1455 0.0000e+00
      2.200     -0.113     3.8055     45.066     41.397  36.249942     3.3534      9.572   226.6242 4.4927e+01     4.9205      2.158      3.130    18.0360 0.0000e+00
      2.166     -0.118     3.9845     45.796     41.285  36.289045     3.6781      9.570   227.0962 4.6173e+01     4.9590      2.122      3.079    17.9985 0.0000e+00
      2.136     -0.118     4.0865     46.641     41.235  36.324405     4.3025      9.567   227.4188 4.7280e+01     5.0897      2.093      3.036    18.2869 0.0000e+00
      2.107     -0.113     4.1551     47.580     41.229  36.360308     4.6686      9.564   227.0838 4.8603e+01     5.2027      2.069      3.000    18.5843 0.0000e+00
      2.076     -0.107     4.1974     48.600     41.242  36.405942     4.7752      9.560   226.2285 4.9880e+01     5.2318      2.035      2.951    18.7882 0.0000e+00
      2.047     -0.102     4.2430     49.713     41.213  36.432033     5.6077      9.558   225.2502 5.0485e+01     5.2711      2.004      2.906    18.9820 0.0000e+00
      2.027     -0.098     4.3197     50.908     41.137  36.422041     7.1689      9.555   223.9456 5.0600e+01     5.4391      1.987      2.880    19.0534 0.0000e+00
      2.008     -0.093     4.4015     52.093     41.086  36.412114     8.0461      9.553   223.1036 5.1046e+01     5.5556      1.972      2.859    19.0952 0.0000e+00
      1.983     -0.087     4.4944     53.199     41.030  36.375503     8.2651      9.550   222.2110 5.2018e+01     5.5179      1.946      2.823    19.1221 0.0000e+00
      1.956     -0.084     4.5892     54.249     40.977  36.296652     9.8168      9.548   220.1225 5.2730e+01     5.4958      1.916      2.779    19.1847 0.0000e+00
