Data/DataNotYetUploadedToEDI/Raw_CTD/RawDownloads/061724_fcr10_S7809003.cnv
* Sea-Bird SBE19plus  Data File:
* FileName = C:\R\Reservoirs\Data\DataNotYetUploadedToEDI\Raw_CTD\RawDownloads\061724_fcr50_S7809_0003.hex
* Software version 2.8.0.119
* Temperature SN = 7809
* Conductivity SN = 7809
* System UpLoad Time = Jun 20 2024 16:09:10
* <ApplicationData>
* <Seaterm232>
# nquan = 15
# nvalues = 1157                        
# units = specified
# name 0 = depFM: Depth [fresh water, m]
# name 1 = dz/dtM: Descent Rate [m/s]
# name 2 = sbeox0Mg/L: Oxygen, SBE 43 [mg/l]
# name 3 = sbeox0PS: Oxygen, SBE 43 [% saturation]
# name 4 = specc: Specific Conductance [uS/cm]
# name 5 = c0uS/cm: Conductivity [uS/cm]
# name 6 = flECO-AFL: Fluorescence, WET Labs ECO-AFL/FL [mg/m^3]
# name 7 = ph: pH
# name 8 = orp: Oxidation Reduction Potential [mV]
# name 9 = par/sat/log: PAR/Logarithmic, Satlantic
# name 10 = turbWETntu0: Turbidity, WET Labs ECO [NTU]
# name 11 = prdM: Pressure, Strain Gauge [db]
# name 12 = prdE: Pressure, Strain Gauge [psi]
# name 13 = tv290C: Temperature [ITS-90, deg C]
# name 14 = flag:  0.000e+00
# span 0 =     -0.602,      1.986       
# span 1 =     -0.334,      0.253       
# span 2 =     0.2895,    13.4856       
# span 3 =      3.708,    166.217       
# span 4 =      1.049,     44.364       
# span 5 =   1.081320,  45.115728       
# span 6 =    -1.2731,    67.8340       
# span 7 =     -2.031,     10.527       
# span 8 = -1127.4388,  1186.5049       
# span 9 = 2.8679e+01, 2.6606e+03       
# span 10 =    -0.1706,   931.9025      
# span 11 =     -0.591,      1.948      
# span 12 =     -0.857,      2.826      
# span 13 =    22.0431,    27.7684      
# span 14 = 0.0000e+00, 0.0000e+00      
# interval = seconds: 0.25
# start_time = Jun 17 2024 13:06:56 [Instrument's time stamp, header]
# bad_flag = -9.990e-29
*END*
[from data line 386]
      0.063      0.004    12.1069    149.693     43.648  44.512266     7.1958     10.219   148.0405 1.4440e+03     8.5502      0.062      0.090    26.0360 0.0000e+00
      0.065      0.002    12.1199    149.652     43.653  44.518020     7.2179     10.222   147.3407 1.3535e+03     8.5557      0.065      0.093    26.0259 0.0000e+00
      0.065      0.001    12.1354    149.487     43.648  44.513389     7.2260     10.226   146.7525 1.2818e+03     8.5578      0.064      0.094    26.0035 0.0000e+00
      0.064      0.000    12.1455    149.249     43.659  44.519747     7.2353     10.228   146.3494 1.2780e+03     8.6098      0.062      0.091    25.9868 0.0000e+00
      0.063     -0.001    12.1485    149.063     43.682  44.531415     7.2549     10.230   145.9075 1.3380e+03     8.6718      0.061      0.088    25.9809 0.0000e+00
      0.063     -0.001    12.1479    148.985     43.694  44.527494     7.2808     10.232   145.2812 1.3763e+03     8.7615      0.061      0.088    25.9853 0.0000e+00
      0.064     -0.001    12.1322    149.022     43.710  44.535784     7.3395     10.233   144.6278 1.3090e+03     8.7717      0.063      0.090    25.9888 0.0000e+00
      0.064      0.000    12.1088    149.181     43.735  44.568160     7.4329     10.236   144.1156 1.1730e+03     8.6246      0.063      0.091    25.9809 0.0000e+00
      0.063 3.6948e-08    12.0962    149.436     43.752  44.601580     7.4769     10.238   143.5620 1.0816e+03     8.4853      0.062      0.090    25.9692 0.0000e+00
      0.063 4.0642e-07    12.0943    149.651     43.757  44.622514     7.4721     10.239   143.0112 1.0648e+03     8.4543      0.061      0.089    25.9446 0.0000e+00
      0.063      0.000    12.1019    149.725     43.753  44.630862     7.4498     10.240   142.6178 1.0764e+03     8.5229      0.061      0.089    25.9287 0.0000e+00
      0.064      0.000    12.1097    149.698     43.749  44.639054     7.4071     10.242   142.2473 1.1062e+03     8.6656      0.062      0.090    25.9430 0.0000e+00
      0.064      0.001    12.1316    149.641     43.754  44.658105     7.3810     10.245   141.8011 1.1010e+03     8.7452      0.063      0.091    25.9654 0.0000e+00
      0.064      0.001    12.1496    149.601     43.750  44.670798     7.3752     10.247   141.3523 1.1296e+03     8.6992      0.063      0.091    25.9831 0.0000e+00
      0.064      0.000    12.1487    149.591     43.734  44.665595     7.3785     10.248   140.8650 1.2018e+03     8.6570      0.063      0.091    25.9972 0.0000e+00
      0.064      0.000    12.1432    149.621     43.724  44.658685     7.5457     10.250   140.3831 1.2051e+03     8.7126      0.062      0.090    26.0090 0.0000e+00
      0.064      0.000    12.1321    149.666     43.718  44.650735     7.8735     10.251   140.0863 1.1235e+03     8.7907      0.062      0.090    26.0255 0.0000e+00
      0.064      0.001    12.1251    149.711     43.705  44.632954     8.0546     10.252   139.7722 9.8784e+02     8.7816      0.063      0.091    26.0477 0.0000e+00
      0.064      0.001    12.1196    149.795     43.713  44.634109     8.0371     10.253   139.3375 9.0217e+02     8.7047      0.063      0.091    26.0622 0.0000e+00
      0.065      0.001    12.1229    149.893     43.748  44.664694     7.6866     10.255   138.9607 8.8598e+02     8.6473      0.064      0.092    26.0642 0.0000e+00
      0.065      0.001    12.1286    149.943     43.769  44.685360     7.0627     10.256   138.6582 8.5380e+02     8.6686      0.064      0.092    26.0628 0.0000e+00
      0.065      0.001    12.1298    149.939     43.776  44.693549     6.7445     10.256   138.4336 8.3455e+02     8.7569      0.064      0.093    26.0578 0.0000e+00
      0.065      0.001    12.1406    149.924     43.782  44.700230     6.7359     10.257   138.1378 8.8547e+02     8.7579      0.064      0.092    26.0469 0.0000e+00
      0.065      0.001    12.1528    149.933     43.783  44.702664     6.8009     10.257   137.6623 9.4899e+02     8.6464      0.064      0.093    26.0392 0.0000e+00
      0.066      0.001    12.1567    149.983     43.797  44.722975     6.9311     10.258   137.2444 9.5315e+02     8.6041      0.064      0.093    26.0399 0.0000e+00
      0.067      0.001    12.1541    150.086     43.817  44.755398     7.0111     10.260   136.9569 9.0513e+02     8.6913      0.065      0.094    26.0423 0.0000e+00
      0.067      0.001    12.1517    150.201     43.828  44.777321     7.0366     10.261   136.6815 8.2186e+02     8.7779      0.066      0.095    26.0420 0.0000e+00
      0.067      0.000    12.1532    150.265     43.838  44.797631     7.0970     10.261   136.4095 7.7176e+02     8.6952      0.066      0.096    26.0410 0.0000e+00
      0.067 2.1987e-08    12.1540    150.302     43.840  44.810544     7.1840     10.262   136.1637 7.7235e+02     8.5116      0.066      0.096    26.0483 0.0000e+00
      0.067 2.4185e-07    12.1594    150.352     43.827  44.806504     7.2314     10.264   135.9461 7.5471e+02     8.4360      0.066      0.095    26.0676 0.0000e+00
      0.066 6.1132e-07    12.1701    150.361     43.829  44.812280     7.2290     10.264   135.6717 7.8693e+02     8.4650      0.064      0.093    26.0782 0.0000e+00
      0.066      0.000    12.1719    150.335     43.834  44.816912     7.1219     10.264   135.3417 8.6109e+02     8.4519      0.065      0.094    26.0850 0.0000e+00
      0.067      0.000    12.1685    150.358     43.816  44.799034     6.9180     10.265   135.0526 8.3438e+02     8.3464      0.066      0.095    26.1012 0.0000e+00
      0.067      0.001    12.1736    150.413     43.801  44.786548     6.8027     10.266   134.7570 7.3914e+02     8.2479      0.066      0.095    26.1141 0.0000e+00
      0.067      0.001    12.1741    150.446     43.806  44.792905     6.8021     10.266   134.4347 7.1880e+02     8.2171      0.066      0.095    26.1166 0.0000e+00
      0.067      0.000    12.1669    150.469     43.823  44.812417     6.9352     10.267   134.2535 7.6644e+02     8.2817      0.066      0.096    26.1146 0.0000e+00
      0.067      0.000    12.1703    150.474     43.836  44.832040     7.1889     10.268   134.2008 7.3945e+02     8.4144      0.066      0.096    26.1165 0.0000e+00
      0.067      0.000    12.1773    150.432     43.835  44.839749     7.3228     10.268   134.0556 6.9425e+02     8.4552      0.066      0.096    26.1193 0.0000e+00
      0.067     -0.001    12.1775    150.345     43.827  44.842161     7.3135     10.268   133.7890 7.3588e+02     8.3996      0.066      0.096    26.1191 0.0000e+00
      0.067     -0.001    12.1797    150.233     43.837  44.861212     7.3177     10.269   133.4728 7.6699e+02     8.3906      0.065      0.095    26.1212 0.0000e+00
      0.067     -0.001    12.1800    150.135     43.847  44.879677     7.5404     10.271   133.1578 8.2335e+02     8.5506      0.066      0.095    26.1287 0.0000e+00
      0.067     -0.001    12.1736    150.077     43.838  44.875007     7.9426     10.272   132.9054 9.5760e+02     8.7639      0.065      0.095    26.1388 0.0000e+00
      0.066     -0.001    12.1638    150.056     43.831  44.868235     8.1525     10.273   132.7441 9.9534e+02     8.7833      0.064      0.093    26.1525 0.0000e+00
      0.066      0.000    12.1504    150.041     43.826  44.861273     8.1801     10.274   132.5845 9.3838e+02     8.7160      0.064      0.093    26.1632 0.0000e+00
      0.066 -1.863e-08    12.1403    150.022     43.821  44.854299     8.2855     10.275   132.3521 9.3253e+02     8.7019      0.064      0.093    26.1711 0.0000e+00
      0.066 -2.049e-07    12.1334    150.027     43.815  44.847383     8.4686     10.274   132.1714 9.3291e+02     8.7155      0.065      0.094    26.1793 0.0000e+00
      0.066 -2.052e-07    12.1335    150.070     43.807  44.841128     8.5799     10.274   132.0343 8.8616e+02     8.7775      0.065      0.095    26.1790 0.0000e+00
      0.066 -2.202e-08    12.1338    150.148     43.802  44.842157     8.5989     10.275   131.8133 8.3405e+02     8.8025      0.065      0.094    26.1742 0.0000e+00
      0.066 -3.895e-08    12.1311    150.220     43.811  44.859835     8.6571     10.276   131.5643 8.4416e+02     8.7448      0.065      0.095    26.1718 0.0000e+00
      0.066 -4.100e-07    12.1321    150.243     43.808  44.864447     8.7757     10.277   131.4315 9.4579e+02     8.6944      0.065      0.094    26.1701 0.0000e+00
      0.066     -0.000    12.1344    150.236     43.775  44.834452     8.8429     10.278   131.4121 1.0461e+03     8.7064      0.065      0.094    26.1721 0.0000e+00
      0.066      0.000    12.1407    150.239     43.759  44.814559     8.8620     10.279   131.2437 1.0508e+03     8.7530      0.064      0.093    26.1800 0.0000e+00
      0.066     -0.001    12.1461    150.214     43.769  44.814350     8.8821     10.279   130.8583 1.0016e+03     8.6767      0.064      0.093    26.1903 0.0000e+00
      0.067     -0.001    12.1449    150.095     43.802  44.831918     8.8944     10.281   130.5380 9.5396e+02     8.5015      0.065      0.095    26.2011 0.0000e+00
      0.067     -0.001    12.1406    149.952     43.821  44.836512     8.9028     10.283   130.4681 9.2484e+02     8.4115      0.065      0.095    26.2069 0.0000e+00
      0.066     -0.001    12.1429    149.862     43.799  44.806396     8.9164     10.283   130.5301 9.7800e+02     8.4081      0.064      0.093    26.2030 0.0000e+00
      0.064     -0.001    12.1482    149.796     43.779  44.785159     9.0257     10.283   130.5132 1.0523e+03     8.4605      0.062      0.090    26.1898 0.0000e+00
      0.063     -0.001    12.1396    149.745     43.764  44.770174     9.2171     10.283   130.3497 1.0213e+03     8.4982      0.062      0.089    26.1686 0.0000e+00
      0.064      0.000    12.1280    149.741     43.754  44.752163     9.3164     10.283   130.1018 1.0499e+03     8.4549      0.063      0.091    26.1494 0.0000e+00
      0.066 -1.834e-08    12.1267    149.766     43.773  44.757807     9.3269     10.283   129.9254 1.1607e+03     8.4151      0.064      0.093    26.1397 0.0000e+00
      0.066 -2.017e-07    12.1203    149.796     43.802  44.774913     9.3282     10.284   129.8511 1.1299e+03     8.4261      0.065      0.094    26.1423 0.0000e+00
      0.065 -1.681e-07    12.1127    149.822     43.803  44.768547     9.3569     10.283   129.8064 1.0689e+03     8.5196      0.064      0.092    26.1485 0.0000e+00
      0.065 3.8778e-07    12.1163    149.840     43.783  44.744301     9.4158     10.283   129.8150 1.0829e+03     8.6574      0.063      0.092    26.1370 0.0000e+00
      0.064      0.000    12.1237    149.863     43.778  44.735665     9.4493     10.284   129.7826 1.0957e+03     8.6917      0.062      0.091    26.1172 0.0000e+00
      0.064      0.000    12.1290    149.872     43.771  44.727592     9.4533     10.284   129.6736 1.1092e+03     8.6602      0.063      0.090    26.1021 0.0000e+00
      0.065      0.001    12.1336    149.850     43.751  44.710170     9.4073     10.285   129.6148 1.1504e+03     8.6877      0.063      0.092    26.0945 0.0000e+00
      0.066      0.001    12.1344    149.856     43.756  44.715446     9.3250     10.285   129.5880 1.1681e+03     8.7499      0.065      0.094    26.0930 0.0000e+00
      0.066      0.000    12.1380    149.917     43.779  44.727913     9.2821     10.285   129.6072 1.1527e+03     8.7634      0.065      0.094    26.0858 0.0000e+00
      0.066 -3.701e-12    12.1420    149.998     43.802  44.733941     9.2888     10.285   129.6751 1.1587e+03     8.7490      0.064      0.093    26.0832 0.0000e+00
      0.065 -4.071e-11    12.1340    150.098     43.810  44.724824     9.3480     10.285   129.6350 1.1637e+03     8.6779      0.064      0.093    26.0924 0.0000e+00
      0.065 -4.478e-10    12.1330    150.214     43.782  44.681136     9.4318     10.285   129.4669 1.2268e+03     8.5536      0.064      0.092    26.0961 0.0000e+00
      0.065 -4.926e-09    12.1440    150.300     43.766  44.650016     9.4858     10.285   129.2759 1.2905e+03     8.5096      0.063      0.092    26.0807 0.0000e+00
      0.065 -5.419e-08    12.1553    150.296     43.791  44.665918     9.5181     10.287   129.0468 1.2531e+03     8.5218      0.064      0.092    26.0553 0.0000e+00
      0.065 -5.960e-07    12.1669    150.189     43.806  44.682968     9.5812     10.288   128.7625 1.2556e+03     8.5638      0.064      0.093    26.0375 0.0000e+00
      0.065      0.000    12.1818    150.055     43.781  44.665729     9.6738     10.288   128.5915 1.3144e+03     8.6417      0.064      0.093    26.0208 0.0000e+00
      0.065      0.000    12.1951    149.970     43.751  44.647930     9.7146     10.287   128.5275 1.3012e+03     8.7121      0.064      0.092    26.0005 0.0000e+00
      0.065     -0.001    12.1983    149.919     43.747  44.658219     9.7328     10.287   128.4190 1.2597e+03     8.7656      0.064      0.093    25.9892 0.0000e+00
      0.065     -0.001    12.1867    149.853     43.747  44.663204     9.8774     10.287   128.3129 1.2463e+03     8.7426      0.064      0.093    25.9907 0.0000e+00
      0.065     -0.001    12.1695    149.748     43.737  44.644726    10.1063     10.287   128.1899 1.2082e+03     8.6386      0.064      0.093    26.0022 0.0000e+00
      0.064     -0.001    12.1610    149.636     43.733  44.625217    10.2113     10.288   128.0510 1.2926e+03     8.5339      0.063      0.091    26.0184 0.0000e+00
      0.064     -0.001    12.1540    149.581     43.740  44.617736    10.1982     10.289   128.0103 1.4482e+03     8.5004      0.062      0.090    26.0375 0.0000e+00
      0.064     -0.000    12.1473    149.607     43.747  44.617728    10.1973     10.289   128.0420 1.4872e+03     8.5078      0.062      0.090    26.0472 0.0000e+00
      0.064      0.000    12.1408    149.676     43.756  44.625107    10.3424     10.289   128.0901 1.4757e+03     8.5553      0.063      0.091    26.0354 0.0000e+00
      0.065      0.001    12.1335    149.755     43.772  44.643472    10.6041     10.289   128.1626 1.3559e+03     8.6978      0.063      0.092    26.0127 0.0000e+00
      0.065      0.001    12.1329    149.845     43.772  44.649360    10.7315     10.290   128.2298 1.4706e+03     8.7628      0.064      0.092    25.9940 0.0000e+00
      0.065      0.001    12.1382    149.905     43.747  44.632823    10.7178     10.290   128.2133 1.7401e+03     8.7264      0.064      0.092    25.9856 0.0000e+00
      0.065      0.001    12.1458    149.897     43.740  44.633965    10.6710     10.289   128.1357 1.5692e+03     8.7017      0.064      0.092    25.9857 0.0000e+00
      0.066      0.001    12.1498    149.854     43.765  44.663184    10.6065     10.288   128.0657 1.3122e+03     8.6352      0.065      0.094    25.9885 0.0000e+00
      0.066      0.000    12.1576    149.794     43.771  44.668730    10.5711     10.288   127.9691 1.2937e+03     8.5707      0.065      0.094    25.9944 0.0000e+00
      0.066     -0.001    12.1623    149.700     43.742  44.637545    10.5509     10.289   127.8283 1.3567e+03     8.5365      0.065      0.095    26.0066 0.0000e+00
      0.066     -0.001    12.1559    149.602     43.708  44.603506    10.4209     10.291   127.6541 1.3992e+03     8.5296      0.065      0.094    26.0190 0.0000e+00
      0.066     -0.001    12.1517    149.580     43.679  44.574552    10.2064     10.291   126.9815 1.3448e+03     8.5557      0.064      0.093    26.0231 0.0000e+00
      0.065      0.000    12.1485    149.668     43.649  44.541367    10.1039     10.290   119.7816 1.2648e+03     8.5452      0.064      0.092    26.0199 0.0000e+00
      0.064      0.002    12.1408    149.777     43.637  44.519650    10.1056     10.288   106.1622 1.2664e+03     8.5385      0.062      0.090    26.0171 0.0000e+00
      0.064      0.005    12.1299    149.821     43.634  44.502392    10.1519     10.286    98.0811 1.2857e+03     8.5432      0.061      0.089    26.0169 0.0000e+00
