Data/DataNotYetUploadedToEDI/Raw_CTD/RawDownloads/061724_fcr50_S7809002.cnv
* Sea-Bird SBE19plus  Data File:
* FileName = C:\R\Reservoirs\Data\DataNotYetUploadedToEDI\Raw_CTD\RawDownloads\061724_fcr50_S7809_0002.hex
* Software version 2.8.0.119
* Temperature SN = 7809
* Conductivity SN = 7809
* System UpLoad Time = Jun 20 2024 16:08:39
* <ApplicationData>
* <Seaterm232>
# nquan = 15
# nvalues = 1946                        
# units = specified
# name 0 = depFM: Depth [fresh water, m]
# name 1 = dz/dtM: Descent Rate [m/s]
# name 2 = sbeox0Mg/L: Oxygen, SBE 43 [mg/l]
# name 3 = sbeox0PS: Oxygen, SBE 43 [% saturation]
# name 4 = specc: Specific Conductance [uS/cm]
# name 5 = c0uS/cm: Conductivity [uS/cm]
# name 6 = flECO-AFL: Fluorescence, WET Labs ECO-AFL/FL [mg/m^3]
# name 7 = ph: pH
# name 8 = orp: Oxidation Reduction Potential [mV]
# name 9 = par/sat/log: PAR/Logarithmic, Satlantic
# name 10 = turbWETntu0: Turbidity, WET Labs ECO [NTU]
# name 11 = prdM: Pressure, Strain Gauge [db]
# name 12 = prdE: Pressure, Strain Gauge [psi]
# name 13 = tv290C: Temperature [ITS-90, deg C]
# name 14 = flag:  0.000e+00
# span 0 =     -0.593,      9.509       
# span 1 =     -0.364,      3.857       
# span 2 =     0.0854,    13.8808       
# span 3 =      0.870,    165.772       
# span 4 =      0.498,    410.993       
# span 5 =   0.552416, 300.352017       
# span 6 =    -2.2389,   227.6504       
# span 7 =      7.591,     10.249       
# span 8 =  -230.8889,   279.1619       
# span 9 = 1.2342e-01, 2.3577e+03       
# span 10 =    -1.0987,   152.8737      
# span 11 =     -0.581,      9.326      
# span 12 =     -0.843,     13.526      
# span 13 =    11.4084,    30.4334      
# span 14 = 0.0000e+00, 0.0000e+00      
# interval = seconds: 0.25
# start_time = Jun 17 2024 12:30:59 [Instrument's time stamp, header]
# bad_flag = -9.990e-29
*END*
[from data line 482]
      0.282 5.3960e-21    12.0010    145.450     42.645  42.883372    12.1656     10.053   115.4750 3.5100e+02     4.4144      0.277      0.401    25.2812 0.0000e+00
      0.281 4.9052e-22    11.9957    145.332     42.633  42.870792    12.1506     10.053   114.9850 3.5501e+02     4.3207      0.276      0.400    25.2788 0.0000e+00
      0.281 4.4593e-23    11.9863    145.323     42.614  42.851874    12.1352     10.053   115.3191 3.5706e+02     4.3585      0.276      0.400    25.2760 0.0000e+00
      0.281 4.0539e-24    11.9728    145.367     42.607  42.845051    12.0797     10.054   116.4172 3.5706e+02     4.4274      0.276      0.400    25.2746 0.0000e+00
      0.282 3.6854e-25    11.9546    145.412     42.614  42.851761    11.9955     10.054   116.9052 3.5661e+02     4.4706      0.277      0.401    25.2731 0.0000e+00
      0.282 3.3503e-26    11.9430    145.460     42.631  42.869533    11.9412     10.055   116.5736 3.5643e+02     4.4017      0.277      0.401    25.2721 0.0000e+00
      0.282 3.0458e-27    11.9453    145.485     42.626  42.869522    11.9064     10.055   115.9363 3.5823e+02     4.3118      0.276      0.401    25.2733 0.0000e+00
      0.282 2.7689e-28    11.9505    145.440     42.603  42.851633    11.8911     10.056   115.9966 3.6356e+02     4.3744      0.276      0.401    25.2736 0.0000e+00
      0.282 2.5172e-29    11.9536    145.356     42.591  42.843665    11.8727     10.056   116.8721 3.7172e+02     4.5442      0.276      0.400    25.2720 0.0000e+00
      0.282 2.2883e-30    11.9579    145.329     42.585  42.836650    11.8253     10.057   117.4021 3.8595e+02     4.6561      0.276      0.401    25.2728 0.0000e+00
      0.282 2.0803e-31    11.9613    145.361     42.581  42.830295    11.7920     10.058   117.2425 4.0715e+02     4.6345      0.277      0.401    25.2778 0.0000e+00
      0.282 1.8912e-32    11.9552    145.377     42.585  42.830285    11.7861     10.059   116.7489 4.3100e+02     4.5909      0.277      0.402    25.2865 0.0000e+00
      0.282 1.7192e-33    11.9423    145.397     42.595  42.836528    11.8707     10.060   116.5961 4.5695e+02     4.6072      0.276      0.401    25.2921 0.0000e+00
      0.281 1.5629e-34    11.9401    145.463     42.605  42.842304    12.0409     10.060   117.0297 4.8080e+02     4.6600      0.276      0.400    25.2901 0.0000e+00
      0.281 1.4209e-35    11.9490    145.529     42.603  42.836643    12.1375     10.061   117.4315 4.9735e+02     4.7171      0.276      0.400    25.2863 0.0000e+00
      0.282 1.2917e-36    11.9489    145.558     42.600  42.831545    12.1405     10.063   117.4972 5.0774e+02     4.6829      0.276      0.401    25.2820 0.0000e+00
      0.282 1.1743e-37    11.9491    145.557     42.613  42.844134    12.0430     10.064   117.3072 5.1149e+02     4.5540      0.277      0.402    25.2767 0.0000e+00
      0.282 1.0675e-38    11.9588    145.537     42.628  42.861908    11.8662     10.065   116.8544 5.1387e+02     4.4225      0.276      0.401    25.2716 0.0000e+00
      0.282 9.7050e-40    11.9661    145.516     42.620  42.856038    11.7844     10.066   116.5829 5.2027e+02     4.3915      0.276      0.401    25.2674 0.0000e+00
      0.282 8.8225e-41    11.9683    145.527     42.599  42.836642    11.8036     10.066   116.7776 5.2453e+02     4.4861      0.276      0.401    25.2650 0.0000e+00
      0.282 8.0205e-42    11.9680    145.562     42.580  42.817811    11.8819     10.066   117.0576 5.2653e+02     4.4727      0.276      0.401    25.2644 0.0000e+00
      0.282 7.2915e-43    11.9658    145.609     42.580  42.818766    12.0063     10.067   117.2155 5.2780e+02     4.2978      0.276      0.400    25.2674 0.0000e+00
      0.282 6.6285e-44    11.9609    145.699     42.608  42.848184    12.0675     10.068   116.7941 5.2273e+02     4.1825      0.276      0.401    25.2717 0.0000e+00
      0.282 6.0260e-45    11.9622    145.804     42.613  42.856152    12.0893     10.069   116.0061 5.0949e+02     4.1720      0.277      0.401    25.2735 0.0000e+00
      0.282 5.4780e-46    11.9663    145.867     42.606  42.851635    12.1778     10.070   115.8613 4.9584e+02     4.1704      0.276      0.401    25.2738 0.0000e+00
      0.282 4.9801e-47    11.9678    145.922     42.610  42.857046    12.2890     10.069   116.2480 4.8779e+02     4.1293      0.276      0.401    25.2739 0.0000e+00
      0.282 4.5273e-48    11.9754    145.976     42.611  42.858105    12.3266     10.069   116.6379 4.8180e+02     4.0849      0.276      0.401    25.2756 0.0000e+00
      0.282 4.1158e-49    11.9878    145.978     42.619  42.864445    12.3085     10.070   116.2734 4.7906e+02     4.0769      0.277      0.401    25.2788 0.0000e+00
      0.281 3.7416e-50    11.9889    145.950     42.626  42.870229    12.2106     10.070   115.1959 4.8077e+02     4.1364      0.276      0.400    25.2820 0.0000e+00
      0.281 3.4014e-51    11.9922    145.899     42.623  42.864559    12.0424     10.070   114.7090 4.8624e+02     4.2227      0.276      0.400    25.2838 0.0000e+00
      0.281 3.0918e-52    12.0007    145.773     42.620  42.859366    11.9474     10.071   115.1183 4.9684e+02     4.2318      0.276      0.400    25.2838 0.0000e+00
      0.282 2.7639e-53    11.9984    145.556     42.634  42.870906    11.9197     10.072   115.7571 5.0849e+02     4.1782      0.276      0.401    25.2827 0.0000e+00
      0.282 -2.641e-54    11.9961    145.318     42.644  42.877140    11.8906     10.073   115.6359 5.1827e+02     4.1211      0.277      0.401    25.2806 0.0000e+00
      0.282 -5.693e-53    11.9954    145.172     42.639  42.871262    11.7786     10.073   114.8571 5.2793e+02     4.1230      0.276      0.401    25.2780 0.0000e+00
      0.282 -6.288e-52    11.9862    145.180     42.631  42.863303    11.5806     10.073   114.5151 5.3511e+02     4.2011      0.276      0.401    25.2751 0.0000e+00
      0.282 -6.917e-51    11.9669    145.293     42.611  42.844384    11.4609     10.073   114.5117 5.3747e+02     4.2114      0.277      0.401    25.2713 0.0000e+00
      0.282 -7.608e-50    11.9443    145.415     42.599  42.832930    11.4215     10.073   114.5580 5.3888e+02     4.1453      0.277      0.401    25.2679 0.0000e+00
      0.282 -8.369e-49    11.9302    145.516     42.615  42.851762    11.3205     10.075   114.7300 5.3919e+02     4.1872      0.277      0.401    25.2662 0.0000e+00
      0.282 -9.206e-48    11.9325    145.628     42.642  42.881666    11.1727     10.077   114.6133 5.3772e+02     4.3418      0.277      0.401    25.2667 0.0000e+00
      0.282 -1.013e-46    11.9457    145.752     42.636  42.877149    11.1159     10.078   114.1798 5.3845e+02     4.4442      0.277      0.401    25.2674 0.0000e+00
      0.282 -1.114e-45    11.9565    145.872     42.620  42.860624    11.1326     10.078   113.8763 5.3706e+02     4.4346      0.277      0.401    25.2683 0.0000e+00
      0.282 -1.225e-44    11.9613    145.965     42.631  42.872269    11.3424     10.078   113.9548 5.2654e+02     4.3957      0.277      0.402    25.2712 0.0000e+00
      0.282 -1.348e-43    11.9710    145.988     42.651  42.891007    11.7634     10.078   114.3549 5.0982e+02     4.3839      0.277      0.401    25.2748 0.0000e+00
      0.282 -1.483e-42    11.9810    145.943     42.657  42.896764    12.0102     10.078   114.5842 4.9257e+02     4.3949      0.277      0.401    25.2769 0.0000e+00
      0.282 -1.631e-41    11.9910    145.895     42.638  42.878408    12.0376     10.079   114.4034 4.7623e+02     4.4590      0.277      0.401    25.2767 0.0000e+00
      0.282 -1.794e-40    12.0012    145.890     42.618  42.859480    11.9039     10.079   114.1483 4.6164e+02     4.5106      0.277      0.401    25.2760 0.0000e+00
      0.282 -1.973e-39    12.0031    145.889     42.616  42.858328    11.6332     10.079   114.0798 4.4975e+02     4.4727      0.277      0.401    25.2753 0.0000e+00
      0.282 -2.171e-38    11.9969    145.826     42.621  42.864474    11.4862     10.079   114.5225 4.4169e+02     4.4106      0.276      0.400    25.2748 0.0000e+00
      0.283 -2.388e-37    11.9909    145.725     42.629  42.870325    11.4992     10.079   115.1988 4.3947e+02     4.4081      0.277      0.402    25.2752 0.0000e+00
      0.283 -2.627e-36    11.9921    145.670     42.627  42.865600    11.5996     10.080   115.2886 4.4123e+02     4.4427      0.277      0.402    25.2765 0.0000e+00
      0.283 -2.889e-35    11.9938    145.612     42.636  42.870804    11.7432     10.081   114.9191 4.4563e+02     4.4198      0.277      0.402    25.2792 0.0000e+00
      0.282 -3.178e-34    11.9888    145.477     42.637  42.869764    11.8124     10.082   114.6032 4.5354e+02     4.3694      0.277      0.401    25.2804 0.0000e+00
      0.282 -3.496e-33    11.9751    145.362     42.621  42.853031    11.8122     10.083   115.0823 4.6219e+02     4.3464      0.277      0.401    25.2776 0.0000e+00
      0.282 -3.846e-32    11.9741    145.327     42.627  42.858901    11.8068     10.083   116.1513 4.6966e+02     4.3467      0.277      0.402    25.2732 0.0000e+00
      0.282 -4.230e-31    11.9762    145.317     42.645  42.877265    11.8471     10.083   116.5159 4.7651e+02     4.3737      0.277      0.401    25.2688 0.0000e+00
      0.282 -4.653e-30    11.9589    145.311     42.651  42.884653    11.9173     10.083   116.0498 4.8070e+02     4.3994      0.277      0.402    25.2660 0.0000e+00
      0.282 -5.119e-29    11.9475    145.333     42.651  42.884757    11.9397     10.083   115.4192 4.8009e+02     4.3834      0.277      0.401    25.2655 0.0000e+00
      0.282 -5.630e-28    11.9486    145.375     42.645  42.878524    11.9172     10.083   115.6029 4.7704e+02     4.3511      0.276      0.401    25.2659 0.0000e+00
      0.283 -6.194e-27    11.9474    145.382     42.639  42.872760    11.7127     10.083   116.4635 4.7256e+02     4.3844      0.277      0.402    25.2666 0.0000e+00
      0.283 -6.813e-26    11.9457    145.360     42.644  42.878535    11.3390     10.084   116.7906 4.6508e+02     4.4440      0.277      0.402    25.2673 0.0000e+00
      0.283 -7.494e-25    11.9473    145.401     42.649  42.884881    11.1278     10.084   116.6326 4.5417e+02     4.3895      0.277      0.402    25.2670 0.0000e+00
      0.282 -8.244e-24    11.9536    145.515     42.650  42.886026    11.0904     10.085   116.2751 4.3908e+02     4.2719      0.277      0.401    25.2660 0.0000e+00
      0.282 -9.068e-23    11.9551    145.639     42.655  42.892371    11.1282     10.086   116.0807 4.2186e+02     4.1496      0.277      0.402    25.2663 0.0000e+00
      0.282 -9.975e-22    11.9471    145.751     42.659  42.898136    11.2360     10.086   116.5197 4.0699e+02     4.0377      0.276      0.401    25.2684 0.0000e+00
      0.282 -1.097e-20    11.9508    145.859     42.652  42.892257    11.3115     10.087   116.9363 3.9438e+02     4.0123      0.276      0.401    25.2707 0.0000e+00
      0.282 -1.207e-19    11.9628    145.923     42.643  42.884765    11.3088     10.087   116.7295 3.8338e+02     3.9791      0.276      0.401    25.2715 0.0000e+00
      0.282 -1.328e-18    11.9731    145.855     42.628  42.871031    11.1273     10.086   116.2567 3.7596e+02     3.9426      0.277      0.402    25.2723 0.0000e+00
      0.282 -1.460e-17    11.9813    145.692     42.610  42.853144    10.8241     10.086   116.1250 3.7169e+02     3.9466      0.277      0.401    25.2743 0.0000e+00
      0.282 -1.606e-16    11.9898    145.571     42.617  42.858900    10.6802     10.086   116.3413 3.6993e+02     3.9601      0.277      0.402    25.2763 0.0000e+00
      0.282 -1.767e-15    12.0000    145.540     42.639  42.877151    10.6860     10.086   116.6348 3.7119e+02     4.0367      0.277      0.402    25.2782 0.0000e+00
      0.282 -1.944e-14    11.9924    145.552     42.650  42.883393    10.6857     10.087   116.9198 3.7484e+02     4.0876      0.277      0.402    25.2796 0.0000e+00
      0.282 -2.138e-13    11.9728    145.541     42.643  42.870899    10.6685     10.088   117.0345 3.7977e+02     4.0981      0.277      0.401    25.2801 0.0000e+00
      0.282 -3.920e-13    11.9622    145.476     42.629  42.853021    10.6699     10.088   116.5592 3.8500e+02     4.1292      0.277      0.402    25.2785 0.0000e+00
      0.282 -2.138e-13    11.9629    145.432     42.637  42.857643    10.6944     10.088   115.8184 3.9041e+02     4.1565      0.277      0.402    25.2741 0.0000e+00
      0.282 -1.944e-14    11.9669    145.482     42.644  42.863304    10.7068     10.088   115.6490 3.9616e+02     4.1887      0.277      0.402    25.2679 0.0000e+00
      0.282 -1.767e-15    11.9695    145.595     42.640  42.857997    10.7188     10.089   115.9738 4.0098e+02     4.1772      0.277      0.402    25.2621 0.0000e+00
      0.282 -1.606e-16    11.9621    145.722     42.639  42.856937    10.7492     10.091   116.3896 4.0375e+02     4.1199      0.277      0.401    25.2569 0.0000e+00
      0.282 -1.460e-17    11.9556    145.832     42.633  42.850494    10.7581     10.092   116.0303 4.0451e+02     4.0769      0.277      0.402    25.2526 0.0000e+00
      0.282 -1.328e-18    11.9632    145.876     42.627  42.843568    10.7510     10.092   114.9855 4.0245e+02     4.1009      0.277      0.402    25.2500 0.0000e+00
      0.282 -1.207e-19    11.9738    145.831     42.620  42.836658    10.6216     10.093   114.8552 3.9700e+02     4.1362      0.277      0.402    25.2488 0.0000e+00
      0.282 -1.097e-20    11.9849    145.735     42.614  42.830425    10.3416     10.093   115.5735 3.8955e+02     4.0594      0.277      0.402    25.2488 0.0000e+00
      0.282 -9.975e-22    11.9954    145.627     42.615  42.831675    10.1702     10.093   116.0133 3.8141e+02     3.9242      0.276      0.401    25.2487 0.0000e+00
      0.282 -9.065e-23    12.0008    145.543     42.635  42.851765    10.1810     10.094   115.5268 3.7345e+02     3.8683      0.277      0.402    25.2484 0.0000e+00
      0.282 -8.245e-24    11.9947    145.514     42.666  42.882918    10.5811     10.094   114.5103 3.6633e+02     3.9293      0.277      0.402    25.2482 0.0000e+00
      0.282 -7.495e-25    11.9859    145.501     42.674  42.890991    11.3129     10.093   114.2184 3.5999e+02     4.0130      0.277      0.402    25.2481 0.0000e+00
      0.282 -6.810e-26    11.9766    145.469     42.669  42.885903    11.6963     10.093   114.4930 3.5498e+02     3.9927      0.277      0.402    25.2482 0.0000e+00
      0.282 -6.195e-27    11.9669    145.435     42.667  42.884871    11.7029     10.093   114.8195 3.5217e+02     3.8890      0.277      0.402    25.2484 0.0000e+00
      0.282 -5.630e-28    11.9674    145.421     42.657  42.878524    11.6265     10.093   114.8096 3.5111e+02     3.8864      0.277      0.402    25.2484 0.0000e+00
      0.282 -5.120e-29    11.9677    145.408     42.647  42.872636    11.5056     10.094   114.2018 3.5151e+02     4.0290      0.277      0.401    25.2482 0.0000e+00
      0.282 -4.653e-30    11.9640    145.380     42.647  42.877152    11.4486     10.094   113.7516 3.5400e+02     4.1789      0.277      0.402    25.2476 0.0000e+00
      0.282 -4.230e-31    11.9599    145.348     42.637  42.869660    11.4274     10.095   113.8401 3.5777e+02     4.2290      0.277      0.402    25.2484 0.0000e+00
      0.283 -3.845e-32    11.9589    145.324     42.614  42.845531    11.2664     10.096   114.2399 3.6169e+02     4.1910      0.277      0.402    25.2526 0.0000e+00
      0.283 -3.496e-33    11.9572    145.340     42.609  42.839287    10.9992     10.096   114.4554 3.6740e+02     4.1635      0.277      0.402    25.2596 0.0000e+00
      0.282 -3.175e-34    11.9525    145.405     42.629  42.857642    10.8685     10.096   114.2952 3.7529e+02     4.2040      0.277      0.402    25.2653 0.0000e+00
      0.282 -2.599e-35    11.9500    145.509     42.650  42.877037    10.8678     10.095   114.0231 3.8326e+02     4.2707      0.277      0.401    25.2672 0.0000e+00
      0.283 2.9255e-35    11.9464    145.652     42.658  42.883374    10.8742     10.094   113.8321 3.8975e+02     4.2526      0.277      0.402    25.2669 0.0000e+00
