Data/DataNotYetUploadedToEDI/Raw_CTD/RawDownloads/061724_fcr10_S7809003.cnv
* Sea-Bird SBE19plus  Data File:
* FileName = C:\R\Reservoirs\Data\DataNotYetUploadedToEDI\Raw_CTD\RawDownloads\061724_fcr50_S7809_0003.hex
* Software version 2.8.0.119
* Temperature SN = 7809
* Conductivity SN = 7809
* System UpLoad Time = Jun 20 2024 16:09:10
* <ApplicationData>
* <Seaterm232>
# nquan = 15
# nvalues = 1157                        
# units = specified
# name 0 = depFM: Depth [fresh water, m]
# name 1 = dz/dtM: Descent Rate [m/s]
# name 2 = sbeox0Mg/L: Oxygen, SBE 43 [mg/l]
# name 3 = sbeox0PS: Oxygen, SBE 43 [% saturation]
# name 4 = specc: Specific Conductance [uS/cm]
# name 5 = c0uS/cm: Conductivity [uS/cm]
# name 6 = flECO-AFL: Fluorescence, WET Labs ECO-AFL/FL [mg/m^3]
# name 7 = ph: pH
# name 8 = orp: Oxidation Reduction Potential [mV]
# name 9 = par/sat/log: PAR/Logarithmic, Satlantic
# name 10 = turbWETntu0: Turbidity, WET Labs ECO [NTU]
# name 11 = prdM: Pressure, Strain Gauge [db]
# name 12 = prdE: Pressure, Strain Gauge [psi]
# name 13 = tv290C: Temperature [ITS-90, deg C]
# name 14 = flag:  0.000e+00
# span 0 =     -0.602,      1.986       
# span 1 =     -0.334,      0.253       
# span 2 =     0.2895,    13.4856       
# span 3 =      3.708,    166.217       
# span 4 =      1.049,     44.364       
# span 5 =   1.081320,  45.115728       
# span 6 =    -1.2731,    67.8340       
# span 7 =     -2.031,     10.527       
# span 8 = -1127.4388,  1186.5049       
# span 9 = 2.8679e+01, 2.6606e+03       
# span 10 =    -0.1706,   931.9025      
# span 11 =     -0.591,      1.948      
# span 12 =     -0.857,      2.826      
# span 13 =    22.0431,    27.7684      
# span 14 = 0.0000e+00, 0.0000e+00      
# interval = seconds: 0.25
# start_time = Jun 17 2024 13:06:56 [Instrument's time stamp, header]
# bad_flag = -9.990e-29
*END*
     -0.601 -1.287e-19     7.4067     92.541      1.074   1.107639    -0.0432      8.658 -1127.4388 2.6562e+03    -0.0972     -0.589     -0.855    26.5460 0.0000e+00
     -0.601 -3.674e-21     7.4099     92.722      1.062   1.094899    -0.0496      9.408  -891.5887 2.6590e+03    -0.1706     -0.590     -0.855    26.5458 0.0000e+00
     -0.601 8.7934e-20     7.4181     92.957      1.060   1.092722    -0.0621      8.878  -496.0560 2.6606e+03    -0.1226     -0.589     -0.855    26.5450 0.0000e+00
     -0.601 9.7894e-19     7.4236     93.191      1.049   1.081320    -0.0605      7.177   115.6889 2.6575e+03     0.1069     -0.590     -0.855    26.5462 0.0000e+00
     -0.601 1.0769e-17     7.4311     93.356      1.051   1.083718    -0.0468      4.550   645.9516 2.6465e+03     0.2822     -0.590     -0.855    26.5510 0.0000e+00
     -0.601 1.1846e-16     7.4453     93.426      1.088   1.121711    -0.0468      1.332   833.9125 2.6067e+03     0.2891     -0.590     -0.855    26.5546 0.0000e+00
     -0.602 1.3031e-15     7.4660     93.432      1.126   1.160659    -0.0594     -1.045   850.5281 2.5205e+03     0.3272     -0.590     -0.856    26.5553 0.0000e+00
     -0.602 1.4334e-14     7.4876     93.419      1.139   1.174594    -0.0584     -1.910   851.4961 2.4020e+03     1.1192     -0.590     -0.856    26.5525 0.0000e+00
     -0.601 1.5767e-13     7.5022     93.357      1.128   1.163514    -0.0511     -2.019   846.3037 2.2858e+03     2.5539     -0.590     -0.855    26.5469 0.0000e+00
     -0.601 1.7344e-12     7.5078     93.257      1.118   1.153378    -0.0627     -2.029   788.8659 2.2202e+03     3.3271     -0.590     -0.855    26.5440 0.0000e+00
     -0.601 1.9079e-11     7.5045     93.176      1.143   1.178716    -0.0653     -2.030   582.2267 2.1988e+03     3.3961     -0.589     -0.854    26.5455 0.0000e+00
     -0.601 2.0986e-10     7.5064     93.101      1.180   1.216512     0.0253     -2.030   190.4637 2.1265e+03     2.7401     -0.590     -0.855    26.5463 0.0000e+00
     -0.601 2.3085e-09     7.5019     93.034      1.193   1.230331     0.1841     -2.031  -256.9088 1.8847e+03     1.4078     -0.590     -0.856    26.5433 0.0000e+00
     -0.601 2.5394e-08     7.4901     92.992      1.183   1.219119     0.2737     -2.031  -316.9104 1.6384e+03     0.7123     -0.590     -0.855    26.5397 0.0000e+00
     -0.601 2.7933e-07     7.4870     92.951      1.172   1.207632     0.2839     -2.030    67.8667 1.6020e+03     0.7523     -0.589     -0.855    26.5351 0.0000e+00
     -0.601      0.000     7.4811     92.900      1.183   1.218118     0.2164     -2.022   314.4707 1.5852e+03     0.8659     -0.589     -0.854    26.5285 0.0000e+00
     -0.601      0.000     7.4750     92.820      1.184   1.219229     0.0742     -1.931   535.8017 1.5221e+03     0.9251     -0.589     -0.854    26.5237 0.0000e+00
     -0.601      0.000     7.4744     92.742      1.185   1.221068    -0.0131     -0.936   968.0242 1.4943e+03     0.9208     -0.589     -0.855    26.5193 0.0000e+00
     -0.601      0.004     7.4706     92.744      1.449   1.493712     0.0346      1.562  1186.5049 1.2762e+03     0.9503     -0.589     -0.854    26.5172 0.0000e+00
     -0.601      0.015     7.4679     92.791      4.616   4.769098     0.5934      4.373   916.5806 1.0272e+03     1.2138     -0.589     -0.855    26.5123 0.0000e+00
     -0.601      0.035     7.4624     92.860     14.066  14.593319     1.5828      6.378   376.4273 1.1253e+03     1.6479     -0.589     -0.853    26.5128 0.0000e+00
     -0.599      0.063     7.4502     92.988     27.883  29.078659     2.1168      7.644    70.2657 1.3451e+03     1.8947     -0.591     -0.856    26.5089 0.0000e+00
     -0.586      0.097     7.4540     93.142     38.806  40.667734     2.1815      8.431    35.6903 1.3540e+03     1.9780     -0.583     -0.846    26.5137 0.0000e+00
     -0.555      0.131     7.4607     93.438     42.626  44.845074     2.2401      8.924    34.3525 1.2789e+03     2.1429     -0.549     -0.797    26.5014 0.0000e+00
     -0.509      0.162     7.4465     94.086     42.737  45.068392     2.6754      9.235    36.1078 1.5164e+03     3.6145     -0.503     -0.730    26.6157 0.0000e+00
     -0.453      0.188     7.4085     94.832     42.610  44.954972     3.4667      9.419    37.0378 1.8931e+03     6.3121     -0.445     -0.645    27.0061 0.0000e+00
     -0.396      0.210     7.3684     95.312     42.506  44.806769     3.9005      9.527    38.6281 2.0529e+03     7.8416     -0.384     -0.557    27.3900 0.0000e+00
     -0.345      0.229     7.3455     95.706     42.445  44.672913     3.9918      9.597    41.1391 2.1042e+03     8.1022     -0.340     -0.493    27.6307 0.0000e+00
     -0.293      0.245     7.3896     96.262     42.402  44.542467     4.4375      9.647    43.7376 2.1674e+03     8.3357     -0.290     -0.421    27.7614 0.0000e+00
     -0.232      0.253     7.4682     96.956     42.327  44.371991     5.2113      9.686    46.0414 2.2133e+03     8.6157     -0.232     -0.336    27.7684 0.0000e+00
     -0.159      0.248     7.4987     97.646     42.239  44.198444     5.6234      9.720    48.0004 1.9765e+03     8.7202     -0.162     -0.235    27.7086 0.0000e+00
     -0.077      0.227     7.5337     98.201     42.196  44.094355     5.6839      9.750    49.7857 1.4656e+03     8.7115     -0.072     -0.104    27.6245 0.0000e+00
     -0.002      0.187     7.5940     98.573     42.204  44.065493     6.0589      9.774    51.3661 1.1571e+03     8.7493      0.008      0.011    27.5222 0.0000e+00
      0.049      0.135     7.6687     98.782     42.262  44.103320     6.7453      9.792    52.7409 1.0676e+03     8.8015      0.059      0.085    27.4055 0.0000e+00
      0.071      0.082     7.7421     98.847     42.296  44.107359     7.1158      9.804    53.9322 1.1803e+03     8.7962      0.078      0.114    27.3027 0.0000e+00
      0.068      0.038     7.7969     98.774     42.238  43.987330     7.1019      9.814    55.1877 1.5800e+03     8.7197      0.072      0.104    27.2311 0.0000e+00
      0.050      0.012     7.8311     98.622     42.187  43.857989     6.5854      9.824    56.3052 1.7171e+03     8.5254      0.048      0.070    27.1926 0.0000e+00
      0.035      0.005     7.8486     98.479     42.206  43.812867     5.6481      9.834    57.8077 1.5151e+03     8.2580      0.026      0.038    27.1745 0.0000e+00
      0.037      0.014     7.8591     98.413     42.256  43.822500     5.1487      9.844    59.9325 1.5270e+03     8.1505      0.032      0.047    27.1505 0.0000e+00
      0.052      0.029     7.8609     98.415     42.300  43.847445     5.1260      9.853    61.6047 1.6282e+03     8.1482      0.051      0.074    27.0728 0.0000e+00
      0.068      0.043     7.8625     98.426     42.319  43.860559     5.2812      9.861    76.6489 1.4280e+03     8.1275      0.066      0.096    26.9646 0.0000e+00
      0.083      0.050     7.8590     98.404     42.311  43.854097     5.5767      9.871   104.9429 1.1188e+03     8.1732      0.081      0.119    26.8857 0.0000e+00
      0.098      0.045     7.8611     98.343     42.348  43.896265     5.7447      9.883   118.8283 8.4895e+02     8.2567      0.098      0.141    26.8395 0.0000e+00
      0.110      0.034     7.8667     98.280     42.436  43.989574     5.7637      9.893   117.6292 5.6059e+02     8.3181      0.109      0.158    26.8171 0.0000e+00
      0.120      0.020     7.8691     98.247     42.475  44.030178     5.7987      9.897   105.8452 6.3567e+02     8.3336      0.120      0.174    26.8132 0.0000e+00
      0.125      0.005     7.8673     98.208     42.451  44.006361     6.1925      9.894    84.2422 1.1227e+03     8.1714      0.126      0.183    26.8179 0.0000e+00
      0.123     -0.009     7.8597     98.109     42.398  43.955503     6.9213      9.889    71.6992 1.3680e+03     7.9282      0.121      0.176    26.8229 0.0000e+00
      0.115     -0.020     7.8537     98.183     42.365  43.923058     7.3199      9.889    69.7395 1.2602e+03     7.8180      0.114      0.166    26.8254 0.0000e+00
      0.105     -0.025     7.8512     99.043     42.375  43.931449     7.3497      9.893    69.1512 1.1706e+03     7.8302      0.104      0.151    26.8237 0.0000e+00
      0.094     -0.025     7.8531    101.151     42.380  43.930009     7.2077      9.901    70.2653 1.1349e+03     8.0075      0.091      0.133    26.8239 0.0000e+00
      0.084     -0.020     7.8393    104.293     42.365  43.905635     6.9177      9.912    82.7797 1.0454e+03     8.2870      0.080      0.117    26.8321 0.0000e+00
      0.080     -0.014     7.8229    107.661     42.365  43.890622     6.7469      9.926   104.5670 9.6434e+02     8.4432      0.076      0.110    26.8357 0.0000e+00
      0.081     -0.007     7.8742    110.382     42.366  43.875422     6.7164      9.940   114.8956 1.0023e+03     8.4607      0.078      0.114    26.8306 0.0000e+00
      0.084     -0.002     8.0516    112.092     42.352  43.848776     6.6657      9.952   104.8454 1.0923e+03     8.4311      0.082      0.120    26.8249 0.0000e+00
      0.085      0.002     8.3295    112.957     42.335  43.822317     6.5832      9.961    85.3514 1.1153e+03     8.3588      0.084      0.122    26.8147 0.0000e+00
      0.084      0.003     8.6316    113.235     42.331  43.809390     6.5257      9.970    74.4182 1.0808e+03     8.2688      0.082      0.120    26.7945 0.0000e+00
      0.084      0.003     8.8627    113.075     42.350  43.819408     6.4869      9.976    72.5444 1.0468e+03     8.2316      0.081      0.118    26.7732 0.0000e+00
      0.084      0.003     8.9921    112.712     42.355  43.816484     6.2809      9.980    72.8483 1.0530e+03     8.2165      0.083      0.119    26.7593 0.0000e+00
      0.085      0.004     9.0551    112.717     42.319  43.774030     5.9249      9.984    84.4589 1.1822e+03     8.1542      0.085      0.122    26.7504 0.0000e+00
      0.087      0.006     9.0755    113.597     42.237  43.686930     5.7437      9.990   105.5510 1.3251e+03     8.0598      0.085      0.124    26.7402 0.0000e+00
      0.088      0.007     9.0628    115.147     42.144  43.588510     5.7387      9.998   116.5588 1.2751e+03     7.9968      0.086      0.125    26.7275 0.0000e+00
      0.090      0.007     9.0156    116.656     42.155  43.599616     5.8717     10.006   116.1992 1.1366e+03     8.0766      0.087      0.127    26.7175 0.0000e+00
      0.093      0.007     8.9960    117.611     42.247  43.694260     6.1373     10.012   105.8487 1.0342e+03     8.2385      0.091      0.132    26.7120 0.0000e+00
      0.096      0.006     9.0746    117.832     42.273  43.717273     6.2865     10.016    87.0876 1.0387e+03     8.2806      0.094      0.136    26.7092 0.0000e+00
      0.098      0.005     9.2266    117.277     42.250  43.687439     6.3023     10.014    77.4419 1.1850e+03     8.2436      0.096      0.139    26.7079 0.0000e+00
      0.098      0.004     9.3612    115.993     42.282  43.714369     6.2953     10.008    86.8775 1.2837e+03     8.2354      0.096      0.140    26.7074 0.0000e+00
      0.097      0.004     9.4397    114.155     42.364  43.788982     6.3514     10.004    97.2373 1.2675e+03     8.2502      0.095      0.138    26.7074 0.0000e+00
      0.097      0.005     9.4606    112.142     42.417  43.827879     6.4983     10.003    88.1838 1.3150e+03     8.2856      0.095      0.138    26.7034 0.0000e+00
      0.098      0.005     9.4152    110.341     42.409  43.803803     6.5978     10.001    76.8732 1.3530e+03     8.3220      0.096      0.139    26.6947 0.0000e+00
      0.101      0.004     9.3107    108.808     42.366  43.751755     6.6305     10.000    74.8286 1.2546e+03     8.3144      0.098      0.142    26.6886 0.0000e+00
      0.104      0.003     9.1530    107.438     42.323  43.706348     6.6690     10.001    74.2174 1.1957e+03     8.2615      0.102      0.149    26.6794 0.0000e+00
      0.107      0.001     8.9802    106.375     42.254  43.635628     6.7057     10.002    73.9571 1.2440e+03     8.2639      0.106      0.154    26.6560 0.0000e+00
      0.106     -0.001     8.8403    105.997     42.214  43.594892     6.7249     10.003    73.7463 1.3495e+03     8.3094      0.104      0.151    26.6329 0.0000e+00
      0.102     -0.002     8.7254    106.497     42.277  43.658123     6.7506     10.004    73.5611 1.4941e+03     8.2985      0.100      0.145    26.6266 0.0000e+00
      0.099     -0.002     8.6110    107.641     42.327  43.701945     6.8422     10.007    73.5256 1.5201e+03     8.2685      0.097      0.139    26.6280 0.0000e+00
      0.099     -0.001     8.5112    108.963     42.321  43.680424     6.9756     10.011    73.5746 1.3805e+03     8.2206      0.096      0.139    26.6286 0.0000e+00
      0.101      0.001     8.4730    110.051     42.317  43.651777     7.0311     10.016    73.5514 1.2637e+03     8.1971      0.098      0.143    26.6300 0.0000e+00
      0.103      0.001     8.5221    110.657     42.307  43.609429     7.0216     10.022    73.5893 1.2662e+03     8.2234      0.101      0.148    26.6293 0.0000e+00
      0.104     -0.001     8.6305    110.758     42.280  43.549191     7.0364     10.027    73.7744 1.3253e+03     8.2309      0.103      0.150    26.6213 0.0000e+00
      0.103     -0.004     8.7504    110.509     42.256  43.494651     7.0767     10.032    73.9824 1.4126e+03     8.2203      0.102      0.148    26.6050 0.0000e+00
      0.102     -0.009     8.8505    110.144     42.243  43.457733     7.0923     10.035    73.9537 1.4637e+03     8.1975      0.100      0.145    26.5729 0.0000e+00
      0.099     -0.014     8.9061    109.941     42.225  43.420147     7.0504     10.037    73.5996 1.4044e+03     8.1942      0.098      0.142    26.5316 0.0000e+00
      0.095     -0.018     8.9149    110.104     42.241  43.421006     6.7289     10.040    73.5727 1.3736e+03     8.1800      0.094      0.136    26.4927 0.0000e+00
      0.089     -0.019     8.8946    110.626     42.299  43.468100     6.1672     10.041    74.1445 1.4046e+03     8.1288      0.088      0.128    26.4570 0.0000e+00
      0.082     -0.018     8.8612    111.336     42.320  43.481754     5.8772     10.041    74.6622 1.4115e+03     8.0880      0.080      0.117    26.4291 0.0000e+00
      0.075     -0.016     8.8409    111.982     42.301  43.459134     5.8612     10.042    74.8422 1.4262e+03     8.0626      0.071      0.105    26.4067 0.0000e+00
      0.071     -0.013     8.8580    112.334     42.291  43.448496     5.9821     10.043    75.0300 1.3882e+03     8.1291      0.067      0.098    26.3896 0.0000e+00
      0.070     -0.008     8.9078    112.409     42.322  43.480077     6.2316     10.045    75.3845 1.3465e+03     8.2765      0.069      0.100    26.3753 0.0000e+00
      0.070     -0.003     8.9736    112.466     42.363  43.523602     6.3728     10.046    75.6869 1.4280e+03     8.3415      0.070      0.101    26.3638 0.0000e+00
      0.070      0.001     9.0352    112.686     42.364  43.530457     6.3989     10.047    75.7607 1.4655e+03     8.3340      0.068      0.099    26.3615 0.0000e+00
      0.070      0.001     9.0632    112.982     42.326  43.499496     6.4061     10.049    75.7605 1.3817e+03     8.3226      0.067      0.098    26.3622 0.0000e+00
      0.072     -0.003     9.0591    113.232     42.286  43.466626     6.3853     10.051    75.8566 1.3674e+03     8.3068      0.070      0.102    26.3604 0.0000e+00
      0.075     -0.007     9.0567    113.507     42.325  43.513878     6.3554     10.052    75.9770 1.5149e+03     8.3138      0.075      0.109    26.3614 0.0000e+00
      0.073     -0.010     9.0778    113.985     42.428  43.626518     6.3447     10.051    76.2699 1.5855e+03     8.3384      0.074      0.107    26.3698 0.0000e+00
      0.067     -0.011     9.1056    114.687     42.480  43.686039     6.3636     10.048    76.8162 1.4955e+03     8.3659      0.067      0.097    26.3818 0.0000e+00
      0.059     -0.011     9.1210    115.322     42.452  43.662299     6.4581     10.045    77.2481 1.5117e+03     8.3379      0.057      0.083    26.3910 0.0000e+00
