Data/DataNotYetUploadedToEDI/Raw_CTD/RawDownloads/061826_ccr30_S8188024.cnv
* Sea-Bird SBE19plus  Data File:
* FileName = C:\R\Reservoirs\Data\DataNotYetUploadedToEDI\Raw_CTD\RawDownloads\062526_ccr50_S8188_0024.hex
* Software version 2.8.0.119
* Temperature SN = 8188
* Conductivity SN = 8188
* System UpLoad Time = Jun 29 2026 18:18:27
* <ApplicationData>
* <Seaterm232>
# nquan = 16
# nvalues = 483                         
# units = specified
# name 0 = depFM: Depth [fresh water, m]
# name 1 = dz/dtM: Descent Rate [m/s]
# name 2 = sbeox0Mg/L: Oxygen, SBE 43 [mg/l]
# name 3 = sbeox0PS: Oxygen, SBE 43 [% saturation]
# name 4 = specc: Specific Conductance [uS/cm]
# name 5 = c0uS/cm: Conductivity [uS/cm]
# name 6 = wetCDOM: Fluorescence, WET Labs CDOM [mg/m^3]
# name 7 = flECO-AFL: Fluorescence, WET Labs ECO-AFL/FL [mg/m^3]
# name 8 = flECO-AFL1: Fluorescence, WET Labs ECO-AFL/FL, 2 [mg/m^3]
# name 9 = flECO-AFL2: Fluorescence, WET Labs ECO-AFL/FL, 3 [mg/m^3]
# name 10 = par/sat/log: PAR/Logarithmic, Satlantic
# name 11 = turbWETntu0: Turbidity, WET Labs ECO [NTU]
# name 12 = prdM: Pressure, Strain Gauge [db]
# name 13 = prdE: Pressure, Strain Gauge [psi]
# name 14 = tv290C: Temperature [ITS-90, deg C]
# name 15 = flag:  0.000e+00
# span 0 =     -0.426,      1.433       
# span 1 =     -0.014,      0.279       
# span 2 =     4.4030,     8.6398       
# span 3 =     53.968,    104.973       
# span 4 =   -436.405,    151.777       
# span 5 =-436.460762, 153.598484       
# span 6 =    -4.5000,     8.3700       
# span 7 =     0.1427,     0.5013       
# span 8 =    -2.1300,     0.1278       
# span 9 =    -3.3417,     0.2961       
# span 10 = 1.3209e+02, 1.4911e+03      
# span 11 =    -0.0829,     1.7147      
# span 12 =     -0.417,      1.406      
# span 13 =     -0.606,      2.038      
# span 14 =    22.7975,    25.7492      
# span 15 = 0.0000e+00, 0.0000e+00      
# interval = seconds: 0.25
# start_time = Jun 18 2026 11:11:58 [Instrument's time stamp, header]
# bad_flag = -9.990e-29
*END*
[from data line 272]
      1.372      0.003     8.6324    104.793    150.170 150.503552     8.2800     0.4097     0.0426     0.2115 1.8889e+02     1.4730      1.346      1.952    25.1060 0.0000e+00
      1.373      0.002     8.6346    104.802    150.169 150.504335     8.2800     0.4021     0.0426     0.2115 1.8832e+02     1.4881      1.346      1.952    25.1050 0.0000e+00
      1.373      0.002     8.6364    104.802    150.167 150.502115     8.3700     0.3945     0.0426     0.1692 1.8669e+02     1.4579      1.347      1.953    25.1044 0.0000e+00
      1.374      0.002     8.6378    104.797    150.160 150.496298     8.3700     0.4135     0.0426     0.1692 1.8750e+02     1.4579      1.347      1.954    25.1046 0.0000e+00
      1.375      0.002     8.6389    104.789    150.152 150.493348     8.3700     0.3868     0.0426     0.1692 1.8726e+02     1.4579      1.348      1.955    25.1051 0.0000e+00
      1.375      0.002     8.6395    104.780    150.141 150.492477     8.3700     0.4097     0.0426     0.1692 1.8632e+02     1.3975      1.348      1.956    25.1055 0.0000e+00
      1.375      0.002     8.6395    104.769    150.124 150.493453     8.2800     0.4173     0.0852     0.2115 1.8701e+02     1.2162      1.349      1.956    25.1056 0.0000e+00
      1.376      0.002     8.6390    104.756    150.109 150.500543     8.2800     0.4135     0.0852     0.2115 1.8738e+02     1.1709      1.349      1.957    25.1060 0.0000e+00
      1.376      0.002     8.6382    104.747    150.096 150.507629     8.2800     0.4097     0.0852     0.2115 1.8685e+02     1.1407      1.349      1.957    25.1075 0.0000e+00
      1.377      0.002     8.6369    104.749    150.086 150.512593     8.2800     0.4021     0.0852     0.2115 1.8730e+02     1.1558      1.350      1.958    25.1112 0.0000e+00
      1.378      0.003     8.6350    104.762    150.080 150.518763     8.2800     0.4021     0.0852     0.1269 1.8787e+02     1.4277      1.351      1.959    25.1171 0.0000e+00
      1.379      0.003     8.6328    104.775    150.072 150.521776     8.2800     0.4059     0.0852     0.1269 1.8807e+02     1.4428      1.352      1.961    25.1244 0.0000e+00
      1.379      0.002     8.6310    104.787    150.064 150.524438     8.2800     0.3983     0.0852     0.1269 1.8746e+02     1.5183      1.352      1.962    25.1310 0.0000e+00
      1.380      0.002     8.6304    104.798    150.062 150.533470     8.2800     0.4250     0.0852     0.1269 1.8726e+02     1.4428      1.353      1.962    25.1361 0.0000e+00
      1.380      0.002     8.6307    104.808    150.062 150.545270     8.1900     0.4708     0.0852     0.1692 1.8791e+02     1.0954      1.353      1.963    25.1403 0.0000e+00
      1.381      0.002     8.6313    104.815    150.055 150.550965     8.1900     0.4631     0.0852     0.1692 1.8844e+02     1.1709      1.354      1.964    25.1439 0.0000e+00
      1.381      0.002     8.6316    104.819    150.046 150.552075     8.1900     0.4479     0.0852     0.1692 1.8775e+02     1.1860      1.354      1.964    25.1475 0.0000e+00
      1.382      0.002     8.6320    104.823    150.044 150.556911     8.1900     0.4593     0.0852     0.1692 1.8608e+02     1.1860      1.355      1.965    25.1512 0.0000e+00
      1.383      0.003     8.6322    104.830    150.049 150.564760     8.1900     0.4212     0.0852     0.1692 1.8710e+02     1.3824      1.356      1.966    25.1552 0.0000e+00
      1.383      0.003     8.6321    104.841    150.056 150.571703     8.1900     0.4173     0.0426     0.0846 1.8787e+02     1.3673      1.357      1.967    25.1593 0.0000e+00
      1.384      0.002     8.6319    104.854    150.063 150.577589     8.1900     0.4135     0.0426     0.0846 1.8873e+02     1.3371      1.357      1.969    25.1628 0.0000e+00
      1.385      0.002     8.6318    104.868    150.070 150.585991     8.1900     0.4135     0.0426     0.0846 1.8758e+02     1.4277      1.358      1.970    25.1650 0.0000e+00
      1.385      0.002     8.6323    104.879    150.076 150.595143     8.1900     0.4288     0.0426     0.0846 1.8824e+02     1.2918      1.359      1.970    25.1659 0.0000e+00
      1.386      0.002     8.6332    104.886    150.073 150.595465     8.2800     0.4364     0.0852     0.1692 1.8902e+02     1.2464      1.359      1.971    25.1658 0.0000e+00
      1.386      0.002     8.6343    104.889    150.061 150.587044     8.2800     0.4364     0.0852     0.1692 1.8865e+02     1.1709      1.359      1.971    25.1656 0.0000e+00
      1.386      0.001     8.6354    104.885    150.049 150.579654     8.2800     0.4326     0.0852     0.1692 1.9009e+02     1.2011      1.359      1.972    25.1659 0.0000e+00
      1.387      0.001     8.6362    104.875    150.037 150.577333     8.2800     0.4059     0.0852     0.1692 1.8984e+02     1.3522      1.360      1.972    25.1668 0.0000e+00
      1.387      0.001     8.6366    104.862    150.027 150.579463     8.1900     0.4021     0.0852     0.1692 1.8951e+02     1.4881      1.360      1.972    25.1680 0.0000e+00
      1.387      0.002     8.6366    104.855    150.019 150.584610     8.1900     0.4250     0.0852     0.1692 1.9092e+02     1.3824      1.360      1.973    25.1691 0.0000e+00
      1.388      0.002     8.6360    104.853    150.013 150.590141     8.1900     0.4135     0.0852     0.1692 1.9013e+02     1.3522      1.361      1.973    25.1708 0.0000e+00
      1.388      0.002     8.6347    104.854    150.003 150.591522     8.1900     0.4135     0.0852     0.1692 1.9150e+02     1.3673      1.361      1.974    25.1739 0.0000e+00
      1.388      0.001     8.6330    104.856    149.987 150.587118     8.1900     0.4212     0.0852     0.1692 1.9025e+02     1.4730      1.361      1.974    25.1781 0.0000e+00
      1.389      0.001     8.6317    104.861    149.969 150.581764     8.1900     0.3945     0.0426     0.1692 1.9046e+02     1.3220      1.362      1.975    25.1826 0.0000e+00
      1.389      0.001     8.6309    104.866    149.958 150.582047     8.1900     0.4135     0.0426     0.1692 1.9083e+02     1.4579      1.362      1.975    25.1864 0.0000e+00
      1.389      0.001     8.6304    104.872    149.956 150.588044     8.1900     0.4059     0.0426     0.1692 1.9116e+02     1.5486      1.362      1.975    25.1899 0.0000e+00
      1.389      0.000     8.6300    104.878    149.953 150.591337     8.1900     0.4135     0.0426     0.1692 1.9021e+02     1.3975      1.362      1.976    25.1940 0.0000e+00
      1.389      0.000     8.6297    104.879    149.947 150.590800     8.2800     0.4212     0.0852     0.1692 1.9137e+02     1.3824      1.362      1.976    25.1984 0.0000e+00
      1.389      0.000     8.6295    104.879    149.941 150.592301     8.2800     0.4212     0.0852     0.1692 1.9092e+02     1.4126      1.362      1.976    25.2021 0.0000e+00
      1.389     -0.001     8.6296    104.880    149.941 150.598244     8.2800     0.4135     0.0852     0.1692 1.9038e+02     1.4428      1.362      1.975    25.2047 0.0000e+00
      1.388     -0.001     8.6297    104.880    149.947 150.610214     8.2800     0.4212     0.0852     0.1692 1.9162e+02     1.3069      1.361      1.975    25.2067 0.0000e+00
      1.388     -0.001     8.6295    104.874    149.949 150.619382     8.2800     0.4097     0.1278     0.0846 1.9087e+02     1.3975      1.361      1.974    25.2087 0.0000e+00
      1.388     -0.001     8.6291    104.859    149.936 150.616174     8.2800     0.4021     0.1278     0.0846 1.9146e+02     1.4881      1.361      1.974    25.2111 0.0000e+00
      1.387     -0.001     8.6289    104.841    149.919 150.611756     8.2800     0.4021     0.1278     0.0846 1.9133e+02     1.4277      1.360      1.973    25.2133 0.0000e+00
      1.387     -0.001     8.6285    104.833    149.912 150.616968     8.2800     0.4135     0.1278     0.0846 1.9129e+02     1.5335      1.360      1.972    25.2153 0.0000e+00
      1.386     -0.001     8.6277    104.835    149.914 150.629196     8.2800     0.4135     0.1278     0.0846 1.9046e+02     1.5183      1.359      1.972    25.2175 0.0000e+00
      1.386     -0.001     8.6260    104.840    149.923 150.641685     8.1900     0.4059     0.0852     0.2538 1.9092e+02     1.4277      1.359      1.972    25.2207 0.0000e+00
      1.387     -0.000     8.6239    104.844    149.938 150.651757     8.1900     0.4212     0.0852     0.2538 1.9254e+02     1.5183      1.360      1.972    25.2249 0.0000e+00
      1.387     -0.000     8.6225    104.846    149.964 150.662097     8.1900     0.4173     0.0852     0.2538 1.9183e+02     1.4881      1.360      1.973    25.2292 0.0000e+00
      1.387     -0.001     8.6222    104.852    150.001 150.671455     8.1900     0.4135     0.0852     0.2538 1.9129e+02     1.4277      1.360      1.972    25.2325 0.0000e+00
      1.386     -0.001     8.6224    104.860    150.040 150.674311     8.2800     0.4288     0.0852     0.2961 1.9175e+02     1.4579      1.359      1.972    25.2337 0.0000e+00
      1.386     -0.001     8.6229    104.862    150.070 150.667419     8.2800     0.4440     0.0852     0.2961 1.9062e+02     1.4277      1.359      1.971    25.2320 0.0000e+00
      1.386     -0.001     8.6240    104.851    150.091 150.656951     8.2800     0.4288     0.0852     0.2961 1.9179e+02     1.4730      1.359      1.971    25.2267 0.0000e+00
      1.385     -0.001     8.6260    104.834    150.112 150.652133     8.2800     0.4288     0.0852     0.2961 1.9067e+02     1.5183      1.358      1.970    25.2175 0.0000e+00
      1.385     -0.000     8.6285    104.821    150.129 150.651680     8.2800     0.4212     0.0852     0.2115 1.9087e+02     1.3824      1.358      1.970    25.2055 0.0000e+00
      1.385      0.000     8.6306    104.820    150.139 150.651463     8.2800     0.3983     0.0852     0.2115 1.9313e+02     1.4579      1.358      1.970    25.1933 0.0000e+00
      1.385      0.001     8.6313    104.827    150.146 150.655431     8.2800     0.4135     0.0852     0.2115 1.9162e+02     1.4126      1.358      1.970    25.1826 0.0000e+00
      1.385      0.002     8.6313    104.837    150.151 150.664641     8.2800     0.4135     0.0852     0.2115 1.9460e+02     1.4277      1.359      1.971    25.1741 0.0000e+00
      1.386      0.002     8.6312    104.853    150.148 150.669531     8.1900     0.3983     0.0426     0.2115 1.9146e+02     1.4579      1.359      1.972    25.1680 0.0000e+00
      1.387      0.002     8.6317    104.875    150.134 150.667399     8.1900     0.4250     0.0426     0.2115 1.9137e+02     1.3824      1.360      1.972    25.1647 0.0000e+00
      1.387      0.002     8.6323    104.899    150.123 150.671699     8.1900     0.4402     0.0426     0.2115 1.9388e+02     1.2918      1.360      1.973    25.1639 0.0000e+00
      1.388      0.001     8.6330    104.921    150.124 150.689588     8.1900     0.3754     0.0426     0.2115 1.9405e+02     1.3220      1.361      1.974    25.1651 0.0000e+00
      1.388      0.001     8.6339    104.941    150.127 150.707810     8.1900     0.4212     0.0426     0.2115 1.9329e+02     1.3975      1.361      1.975    25.1677 0.0000e+00
      1.388     -0.001     8.6351    104.960    150.129 150.721207     8.1900     0.4097     0.0852     0.2538 1.9221e+02     1.3824      1.361      1.975    25.1716 0.0000e+00
      1.388     -0.003     8.6363    104.973    150.143 150.741367     8.1900     0.4212     0.0852     0.2538 1.9329e+02     1.3673      1.361      1.974    25.1766 0.0000e+00
      1.388     -0.006     8.6372    104.964    150.175 150.769659     8.1900     0.3945     0.0852     0.2538 1.9363e+02     1.4428      1.361      1.974    25.1823 0.0000e+00
      1.386     -0.009     8.6380    104.917    150.212 150.801607     8.1900     0.4364     0.0852     0.2538 1.9405e+02     1.4730      1.359      1.972    25.1874 0.0000e+00
      1.383     -0.012     8.6390    104.836    150.232 150.833707     8.1900     0.3868     0.0426     0.0846 1.9292e+02     1.4730      1.357      1.968    25.1912 0.0000e+00
      1.379     -0.013     8.6398    104.738    150.207 150.850479     8.1900     0.4212     0.0426     0.0846 1.9005e+02     1.4126      1.352      1.961    25.1930 0.0000e+00
      1.374     -0.014     8.6392    104.644    150.149 150.848385     8.1900     0.4212     0.0426     0.0846 1.8918e+02     1.4428      1.347      1.954    25.1919 0.0000e+00
      1.369     -0.013     8.6356    104.566    150.111 150.850914     8.1900     0.3754     0.0426     0.0846 1.9034e+02     1.3673      1.343      1.947    25.1901 0.0000e+00
      1.366     -0.012     8.6283    104.504    150.129 150.870767     8.2800     0.4097     0.0426     0.1692 1.9100e+02     1.3975      1.340      1.943    25.1942 0.0000e+00
      1.364     -0.010     8.6180    104.458    150.193 150.901217     8.2800     0.4135     0.0426     0.1692 1.9162e+02     1.5486      1.338      1.941    25.2081 0.0000e+00
      1.363     -0.008     8.6073    104.429    150.270 150.934351     8.2800     0.4097     0.0426     0.1692 1.9154e+02     1.3673      1.337      1.939    25.2270 0.0000e+00
      1.361     -0.007     8.5987    104.412    150.328 150.958968     8.2800     0.4288     0.0426     0.1692 1.9021e+02     1.5183      1.334      1.936    25.2406 0.0000e+00
      1.358     -0.006     8.5935    104.404    150.347 150.965602     8.2800     0.4326     0.0426     0.1692 1.9208e+02     1.2766      1.332      1.932    25.2411 0.0000e+00
      1.356     -0.005     8.5915    104.402    150.344 150.964036     8.2800     0.4212     0.0852     0.2115 1.9342e+02     1.4126      1.330      1.930    25.2299 0.0000e+00
      1.355     -0.004     8.5915    104.404    150.345 150.969881     8.2800     0.4288     0.0852     0.2115 1.9200e+02     1.4126      1.329      1.928    25.2150 0.0000e+00
      1.355     -0.003     8.5918    104.408    150.353 150.984696     8.2800     0.4440     0.0852     0.2115 1.9196e+02     1.4126      1.328      1.927    25.2041 0.0000e+00
      1.355     -0.002     8.5918    104.408    150.370 151.008424     8.2800     0.4021     0.0852     0.2115 1.9317e+02     1.3824      1.328      1.927    25.1997 0.0000e+00
      1.355     -0.001     8.5916    104.392    150.399 151.047395     8.2800     0.4059     0.0426     0.2115 1.9046e+02     1.4126      1.328      1.927    25.2001 0.0000e+00
      1.354     -0.001     8.5916    104.349    150.449 151.112000     8.2800     0.3983     0.0426     0.2115 1.8799e+02     1.4730      1.328      1.927    25.2019 0.0000e+00
      1.354     -0.001     8.5916    104.264    150.532 151.219466     8.2800     0.4250     0.0426     0.2115 1.8726e+02     1.4579      1.328      1.926    25.2039 0.0000e+00
      1.353     -0.001     8.5912    104.109    150.670 151.402458     8.2800     0.4059     0.0426     0.2115 1.8419e+02     1.4277      1.327      1.925    25.2063 0.0000e+00
      1.353     -0.001     8.5895    103.835    150.903 151.713781     8.1900     0.4097     0.0852     0.2115 1.8184e+02     1.4277      1.327      1.925    25.2094 0.0000e+00
      1.353     -0.001     8.5852    103.367    151.257 152.206401     8.1900     0.4021     0.0852     0.2115 1.8200e+02     1.4730      1.327      1.924    25.2141 0.0000e+00
      1.353     -0.000     8.5771    102.498    151.615 152.783295     8.1900     0.4021     0.0852     0.2115 1.7945e+02     1.4126      1.327      1.924    25.2222 0.0000e+00
      1.352      0.000     8.5622    100.854    151.777 153.219658     8.1900     0.3906     0.0852     0.2115 1.7883e+02     1.4579      1.326      1.924    25.2366 0.0000e+00
      1.352      0.000     8.5359     98.184    151.745 153.451562     8.2800     0.4059     0.0426     0.2115 1.7659e+02     1.4277      1.326      1.924    25.2622 0.0000e+00
      1.352      0.001     8.4907     94.561    151.646 153.558899     8.2800     0.4326     0.0426     0.2115 1.7548e+02     1.4730      1.326      1.924    25.3072 0.0000e+00
