Data/DataNotYetUploadedToEDI/Raw_CTD/RawDownloads/061826_ccr88_S8188023.cnv
* Sea-Bird SBE19plus  Data File:
* FileName = C:\R\Reservoirs\Data\DataNotYetUploadedToEDI\Raw_CTD\RawDownloads\062526_ccr50_S8188_0023.hex
* Software version 2.8.0.119
* Temperature SN = 8188
* Conductivity SN = 8188
* System UpLoad Time = Jun 29 2026 18:18:17
* <ApplicationData>
* <Seaterm232>
# nquan = 16
# nvalues = 710                         
# units = specified
# name 0 = depFM: Depth [fresh water, m]
# name 1 = dz/dtM: Descent Rate [m/s]
# name 2 = sbeox0Mg/L: Oxygen, SBE 43 [mg/l]
# name 3 = sbeox0PS: Oxygen, SBE 43 [% saturation]
# name 4 = specc: Specific Conductance [uS/cm]
# name 5 = c0uS/cm: Conductivity [uS/cm]
# name 6 = wetCDOM: Fluorescence, WET Labs CDOM [mg/m^3]
# name 7 = flECO-AFL: Fluorescence, WET Labs ECO-AFL/FL [mg/m^3]
# name 8 = flECO-AFL1: Fluorescence, WET Labs ECO-AFL/FL, 2 [mg/m^3]
# name 9 = flECO-AFL2: Fluorescence, WET Labs ECO-AFL/FL, 3 [mg/m^3]
# name 10 = par/sat/log: PAR/Logarithmic, Satlantic
# name 11 = turbWETntu0: Turbidity, WET Labs ECO [NTU]
# name 12 = prdM: Pressure, Strain Gauge [db]
# name 13 = prdE: Pressure, Strain Gauge [psi]
# name 14 = tv290C: Temperature [ITS-90, deg C]
# name 15 = flag:  0.000e+00
# span 0 =     -0.553,      0.296       
# span 1 =     -0.027,      0.147       
# span 2 =     4.2099,     7.6767       
# span 3 =     51.062,     93.097       
# span 4 =   -434.617,    151.218       
# span 5 =-435.884508, 151.790098       
# span 6 =    -4.5000,     8.8200       
# span 7 =    -0.3303,     0.6081       
# span 8 =    -2.1300,     0.1278       
# span 9 =    -2.0304,     0.4653       
# span 10 = 1.5052e+02, 1.8418e+03      
# span 11 =    -1.1404,    48.7259      
# span 12 =     -0.542,      0.290      
# span 13 =     -0.786,      0.421      
# span 14 =    22.8251,    25.2827      
# span 15 = 0.0000e+00, 0.0000e+00      
# interval = seconds: 0.25
# start_time = Jun 18 2026 10:56:55 [Instrument's time stamp, header]
# bad_flag = -9.990e-29
*END*
[from data line 452]
      0.150      0.001     4.7796     59.586    150.592 150.762460     8.7300     0.2876     0.0426     0.0846 4.9819e+02     1.6543      0.147      0.213    25.0651 0.0000e+00
      0.150      0.001     4.8277     59.760    150.585 150.746906     8.7300     0.2800     0.0426     0.0846 3.8913e+02     1.9715      0.147      0.213    25.0620 0.0000e+00
      0.150      0.002     4.8669     59.881    150.579 150.736938     8.7300     0.3029     0.0426     0.0846 4.7607e+02     2.0169      0.147      0.214    25.0579 0.0000e+00
      0.151      0.002     4.8962     59.967    150.573 150.729899     8.7300     0.2838     0.0426     0.0846 3.5876e+02     1.9413      0.148      0.215    25.0539 0.0000e+00
      0.152      0.002     4.9171     60.012    150.560 150.719904     8.7300     0.3067     0.1278     0.1269 4.6645e+02     1.8809      0.149      0.216    25.0504 0.0000e+00
      0.152      0.003     4.9317     60.003    150.558 150.724321     8.7300     0.3029     0.1278     0.1269 4.5071e+02     1.7449      0.150      0.217    25.0479 0.0000e+00
      0.153      0.003     4.9419     59.945    150.570 150.744328     8.7300     0.2838     0.1278     0.1269 4.9302e+02     1.7449      0.150      0.218    25.0464 0.0000e+00
      0.154      0.003     4.9489     59.858    150.570 150.749204     8.7300     0.2876     0.1278     0.1269 4.7236e+02     1.6543      0.151      0.218    25.0460 0.0000e+00
      0.155      0.003     4.9526     59.753    150.545 150.724221     8.7300     0.2876     0.0852     0.1269 5.5876e+02     1.6241      0.151      0.219    25.0470 0.0000e+00
      0.155      0.004     4.9516     59.648    150.519 150.694770     8.7300     0.2876     0.0852     0.1269 4.8685e+02     1.9413      0.152      0.221    25.0492 0.0000e+00
      0.156      0.004     4.9466     59.589    150.515 150.683048     8.7300     0.2800     0.0852     0.1269 3.7129e+02     2.0018      0.153      0.222    25.0517 0.0000e+00
      0.157      0.005     4.9393     59.621    150.524 150.683923     8.7300     0.3143     0.0852     0.1269 4.7649e+02     1.8507      0.154      0.223    25.0533 0.0000e+00
      0.158      0.005     4.9306     59.749    150.534 150.687613     8.7300     0.3067     0.0852     0.3384 4.9014e+02     1.9111      0.155      0.225    25.0535 0.0000e+00
      0.160      0.007     4.9220     59.957    150.550 150.701111     8.7300     0.2876     0.0852     0.3384 4.6151e+02     1.6090      0.157      0.227    25.0522 0.0000e+00
      0.161      0.008     4.9174     60.238    150.567 150.720002     8.7300     0.2800     0.0852     0.3384 4.4284e+02     1.6241      0.158      0.229    25.0499 0.0000e+00
      0.164      0.011     4.9202     60.608    150.574 150.733298     8.7300     0.2991     0.0852     0.3384 4.0615e+02     1.7298      0.160      0.232    25.0473 0.0000e+00
      0.166      0.014     4.9310     61.076    150.564 150.740538     8.7300     0.3182     0.0852     0.3384 4.1643e+02     1.7147      0.163      0.236    25.0452 0.0000e+00
      0.170      0.018     4.9482     61.660    150.529 150.739644     8.7300     0.2457     0.0852     0.1692 4.1426e+02     1.7147      0.167      0.241    25.0442 0.0000e+00
      0.174      0.022     4.9714     62.418    150.477 150.734388     8.7300     0.2228     0.0852     0.1692 4.1988e+02     1.7903      0.171      0.248    25.0446 0.0000e+00
      0.180      0.027     5.0017     63.418    150.420 150.727379     8.7300     0.2304     0.0852     0.1692 3.9639e+02     1.5637      0.177      0.257    25.0469 0.0000e+00
      0.188      0.031     5.0397     64.680    150.372 150.720756     8.7300     0.2381     0.0852     0.1692 3.8585e+02     1.8356      0.185      0.268    25.0527 0.0000e+00
      0.197      0.034     5.0867     66.183    150.335 150.722772     8.8200     0.2381     0.0426     0.1269 4.3739e+02     1.6241      0.194      0.281    25.0639 0.0000e+00
      0.207      0.036     5.1478     67.875    150.313 150.739975     8.8200     0.2419     0.0426     0.1269 3.8736e+02     1.6845      0.204      0.295    25.0797 0.0000e+00
      0.217      0.038     5.2287     69.631    150.297 150.762931     8.8200     0.2686     0.0426     0.1269 3.7153e+02     1.6845      0.213      0.309    25.0960 0.0000e+00
      0.227      0.037     5.3314     71.272    150.289 150.783741     8.8200     0.2304     0.0426     0.1269 3.7258e+02     1.7298      0.223      0.323    25.1100 0.0000e+00
      0.237      0.033     5.4540     72.641    150.306 150.811965     8.8200     0.2876     0.0852     0.1692 3.4952e+02     1.6996      0.233      0.337    25.1227 0.0000e+00
      0.247      0.026     5.5921     73.671    150.343 150.847116     8.8200     0.2915     0.0852     0.1692 4.4448e+02     1.7147      0.243      0.352    25.1360 0.0000e+00
      0.256      0.016     5.7354     74.369    150.382 150.878532     8.8200     0.2991     0.0852     0.1692 3.7870e+02     1.7449      0.251      0.364    25.1490 0.0000e+00
      0.260      0.004     5.8696     74.763    150.416 150.902570     8.8200     0.2876     0.0852     0.1692 3.5728e+02     1.8507      0.255      0.370    25.1585 0.0000e+00
      0.259     -0.007     5.9820     74.887    150.441 150.921634     8.8200     0.2495     0.0852     0.1692 4.1068e+02     1.7601      0.254      0.369    25.1622 0.0000e+00
      0.253     -0.015     6.0669     74.804    150.456 150.936799     8.8200     0.2381     0.0426     0.1692 3.8168e+02     1.6996      0.248      0.360    25.1617 0.0000e+00
      0.243     -0.020     6.1248     74.595    150.466 150.948104     8.8200     0.2266     0.0426     0.1692 4.8442e+02     1.7147      0.239      0.346    25.1590 0.0000e+00
      0.234     -0.021     6.1576     74.332    150.476 150.958563     8.8200     0.2342     0.0426     0.1692 4.5991e+02     1.6845      0.230      0.333    25.1556 0.0000e+00
      0.228     -0.018     6.1680     74.062    150.470 150.954938     8.8200     0.2228     0.0426     0.1692 3.9976e+02     1.7449      0.224      0.325    25.1538 0.0000e+00
      0.226     -0.013     6.1611     73.791    150.443 150.932256     8.7300     0.2609     0.0426     0.2538 4.8033e+02     1.6996      0.221      0.321    25.1539 0.0000e+00
      0.225     -0.008     6.1438     73.498    150.421 150.912517     8.7300     0.2419     0.0426     0.2538 5.2157e+02     1.6543      0.220      0.320    25.1541 0.0000e+00
      0.224     -0.004     6.1222     73.168    150.418 150.906483     8.7300     0.2304     0.0426     0.2538 4.1238e+02     1.6694      0.220      0.319    25.1542 0.0000e+00
      0.224     -0.002     6.0998     72.816    150.424 150.904531     8.7300     0.2190     0.0426     0.2538 5.5694e+02     1.6543      0.219      0.318    25.1551 0.0000e+00
      0.223     -0.001     6.0773     72.483    150.423 150.894122     8.7300     0.2495     0.0852     0.1269 4.2855e+02     1.6845      0.219      0.318    25.1567 0.0000e+00
      0.224     -0.000     6.0531     72.192    150.410 150.872478     8.7300     0.2342     0.0852     0.1269 5.1247e+02     1.6694      0.220      0.319    25.1574 0.0000e+00
      0.224     -0.001     6.0261     71.925    150.399 150.853860     8.7300     0.2152     0.0852     0.1269 4.4198e+02     1.8054      0.220      0.319    25.1565 0.0000e+00
      0.224     -0.002     5.9974     71.650    150.405 150.853337     8.7300     0.2228     0.0852     0.1269 3.8694e+02     1.7903      0.220      0.319    25.1539 0.0000e+00
      0.224     -0.003     5.9703     71.340    150.416 150.858747     8.7300     0.2304     0.0852     0.1269 3.9432e+02     1.7449      0.220      0.319    25.1506 0.0000e+00
      0.223     -0.005     5.9467     70.967    150.416 150.851502     8.7300     0.2342     0.0852     0.1269 5.1852e+02     1.7147      0.219      0.317    25.1475 0.0000e+00
      0.222     -0.008     5.9250     70.515    150.402 150.829669     8.7300     0.2266     0.0852     0.1269 4.3229e+02     1.6845      0.217      0.315    25.1450 0.0000e+00
      0.220     -0.011     5.9025     69.993    150.385 150.803451     8.7300     0.2381     0.0852     0.1269 5.0375e+02     1.6241      0.215      0.313    25.1430 0.0000e+00
      0.217     -0.013     5.8772     69.436    150.368 150.777877     8.7300     0.2304     0.0852     0.1269 4.2180e+02     1.6845      0.213      0.309    25.1410 0.0000e+00
      0.213     -0.015     5.8467     68.900    150.351 150.754140     8.7300     0.2686     0.0852     0.1269 4.7339e+02     1.6694      0.209      0.304    25.1386 0.0000e+00
      0.208     -0.015     5.8097     68.449    150.347 150.745943     8.7300     0.2304     0.0852     0.1269 3.9493e+02     1.7147      0.204      0.296    25.1359 0.0000e+00
      0.202     -0.014     5.7671     68.118    150.357 150.751100     8.7300     0.2304     0.0852     0.1269 4.3796e+02     1.6694      0.198      0.287    25.1331 0.0000e+00
      0.197     -0.010     5.7215     67.921    150.370 150.758965     8.7300     0.1732     0.0852     0.1269 3.9142e+02     1.7601      0.193      0.280    25.1304 0.0000e+00
      0.194     -0.006     5.6776     67.867    150.392 150.775643     8.7300     0.2075     0.0852     0.2115 3.3169e+02     1.6543      0.191      0.277    25.1282 0.0000e+00
      0.195     -0.001     5.6405     67.953    150.425 150.805581     8.7300     0.1808     0.0852     0.2115 4.1399e+02     1.7147      0.191      0.277    25.1265 0.0000e+00
      0.196      0.003     5.6135     68.156    150.457 150.836728     8.7300     0.1846     0.0852     0.2115 4.5523e+02     1.5939      0.193      0.280    25.1250 0.0000e+00
      0.199      0.006     5.5974     68.445    150.476 150.857358     8.7300     0.2419     0.0852     0.2115 4.0465e+02     1.6694      0.195      0.283    25.1233 0.0000e+00
      0.201      0.008     5.5931     68.782    150.489 150.872972     8.7300     0.2342     0.0852     0.0846 5.1829e+02     1.6845      0.197      0.285    25.1215 0.0000e+00
      0.203      0.009     5.6002     69.123    150.502 150.887735     8.7300     0.2419     0.0852     0.0846 5.2134e+02     1.7147      0.199      0.288    25.1204 0.0000e+00
      0.205      0.009     5.6170     69.438    150.508 150.893563     8.7300     0.2228     0.0852     0.0846 3.9985e+02     1.6694      0.201      0.292    25.1202 0.0000e+00
      0.207      0.008     5.6408     69.713    150.505 150.888004     8.7300     0.2381     0.0852     0.0846 5.6930e+02     1.6392      0.204      0.295    25.1207 0.0000e+00
      0.210      0.008     5.6685     69.955    150.506 150.885601     8.7300     0.2419     0.0852     0.0846 4.3079e+02     1.6845      0.206      0.299    25.1215 0.0000e+00
      0.212      0.008     5.6966     70.174    150.510 150.885714     8.8200     0.1999     0.0426     0.1269 4.3201e+02     1.6392      0.208      0.301    25.1221 0.0000e+00
      0.214      0.007     5.7225     70.346    150.505 150.876353     8.8200     0.2075     0.0426     0.1269 5.8663e+02     1.6996      0.210      0.304    25.1220 0.0000e+00
      0.215      0.006     5.7452     70.434    150.499 150.867040     8.8200     0.1503     0.0426     0.1269 5.5164e+02     1.7449      0.211      0.306    25.1211 0.0000e+00
      0.217      0.006     5.7653     70.425    150.498 150.863306     8.8200     0.1579     0.0426     0.1269 5.0407e+02     1.6996      0.213      0.308    25.1200 0.0000e+00
      0.218      0.005     5.7835     70.319    150.489 150.852135     8.7300     0.1694     0.0852     0.2538 5.1069e+02     1.6543      0.214      0.310    25.1187 0.0000e+00
      0.220      0.005     5.7978     70.117    150.474 150.834554     8.7300     0.1999     0.0852     0.2538 4.9636e+02     1.7147      0.216      0.312    25.1174 0.0000e+00
      0.221      0.005     5.8052     69.827    150.459 150.817895     8.7300     0.2381     0.0852     0.2538 4.1220e+02     1.6694      0.217      0.314    25.1162 0.0000e+00
      0.222      0.004     5.8046     69.479    150.444 150.801723     8.7300     0.1846     0.0852     0.2538 5.6646e+02     1.6845      0.218      0.316    25.1152 0.0000e+00
      0.223      0.004     5.7960     69.121    150.429 150.785730     8.7300     0.2533     0.0852     0.1692 5.0145e+02     1.7601      0.219      0.317    25.1144 0.0000e+00
      0.224      0.004     5.7794     68.803    150.413 150.769659     8.7300     0.2152     0.0852     0.1692 4.8823e+02     1.7449      0.220      0.319    25.1138 0.0000e+00
      0.225      0.004     5.7555     68.565    150.404 150.761243     8.7300     0.2533     0.0852     0.1692 4.3210e+02     1.6694      0.221      0.320    25.1133 0.0000e+00
      0.226      0.004     5.7268     68.417    150.396 150.754233     8.7300     0.2190     0.0852     0.1692 5.0539e+02     1.7147      0.222      0.322    25.1129 0.0000e+00
      0.227      0.005     5.6973     68.324    150.388 150.746759     8.7300     0.2381     0.0426     0.2115 4.0580e+02     1.6694      0.223      0.323    25.1126 0.0000e+00
      0.228      0.005     5.6712     68.232    150.384 150.744841     8.7300     0.2571     0.0426     0.2115 4.8940e+02     1.6543      0.224      0.325    25.1125 0.0000e+00
      0.229      0.006     5.6516     68.098    150.373 150.735948     8.7300     0.2381     0.0426     0.2115 5.1863e+02     1.7903      0.225      0.327    25.1127 0.0000e+00
      0.231      0.006     5.6394     67.886    150.357 150.721716     8.7300     0.2495     0.0426     0.2115 5.4462e+02     1.7147      0.227      0.329    25.1130 0.0000e+00
      0.233      0.007     5.6316     67.589    150.347 150.714374     8.7300     0.2304     0.0426     0.2115 5.2418e+02     1.7147      0.229      0.331    25.1134 0.0000e+00
      0.235      0.007     5.6240     67.228    150.346 150.715973     8.7300     0.2381     0.0852     0.2115 5.2933e+02     1.6543      0.230      0.334    25.1140 0.0000e+00
      0.237      0.007     5.6129     66.827    150.347 150.718925     8.7300     0.2495     0.0852     0.2115 6.8420e+02     1.7147      0.232      0.337    25.1146 0.0000e+00
      0.239      0.007     5.5953     66.400    150.345 150.720012     8.7300     0.2419     0.0852     0.2115 5.7303e+02     1.6543      0.234      0.340    25.1153 0.0000e+00
      0.241      0.007     5.5707     65.968    150.342 150.719523     8.7300     0.2419     0.0852     0.2115 6.0200e+02     1.7449      0.236      0.343    25.1161 0.0000e+00
      0.243      0.006     5.5409     65.544    150.329 150.709314     8.8200     0.2457     0.0426     0.1692 6.8584e+02     1.7147      0.238      0.345    25.1170 0.0000e+00
      0.245      0.006     5.5078     65.121    150.312 150.694678     8.8200     0.2342     0.0426     0.1692 1.0292e+03     1.6543      0.240      0.348    25.1178 0.0000e+00
      0.246      0.005     5.4726     64.674    150.303 150.687737     8.8200     0.2152     0.0426     0.1692 1.0677e+03     1.8205      0.241      0.350    25.1187 0.0000e+00
      0.247      0.004     5.4368     64.180    150.303 150.690647     8.8200     0.2495     0.0426     0.1692 8.5008e+02     1.6543      0.242      0.351    25.1195 0.0000e+00
      0.248      0.004     5.4018     63.637    150.314 150.704184     8.8200     0.2266     0.0852     0.0846 1.0677e+03     1.6090      0.243      0.352    25.1203 0.0000e+00
      0.248      0.003     5.3668     63.067    150.328 150.719938     8.8200     0.1732     0.0852     0.0846 7.5678e+02     1.6241      0.244      0.353    25.1211 0.0000e+00
      0.249      0.003     5.3299     62.499    150.325 150.718071     8.8200     0.1923     0.0852     0.0846 6.1697e+02     1.6845      0.244      0.354    25.1220 0.0000e+00
      0.250      0.002     5.2891     61.963    150.300 150.694079     8.8200     0.1846     0.0852     0.0846 6.6775e+02     1.6543      0.245      0.355    25.1229 0.0000e+00
      0.250      0.002     5.2443     61.483    150.278 150.671614     8.8200     0.1541     0.0852     0.0846 1.0573e+03     1.6694      0.246      0.356    25.1237 0.0000e+00
