Data/DataNotYetUploadedToEDI/Raw_CTD/RawDownloads/061826_ccr50_S8188022.cnv
* Sea-Bird SBE19plus  Data File:
* FileName = C:\R\Reservoirs\Data\DataNotYetUploadedToEDI\Raw_CTD\RawDownloads\062526_ccr50_S8188_0022.hex
* Software version 2.8.0.119
* Temperature SN = 8188
* Conductivity SN = 8188
* System UpLoad Time = Jun 29 2026 18:18:05
* <ApplicationData>
* <Seaterm232>
# nquan = 16
# nvalues = 3064                        
# units = specified
# name 0 = depFM: Depth [fresh water, m]
# name 1 = dz/dtM: Descent Rate [m/s]
# name 2 = sbeox0Mg/L: Oxygen, SBE 43 [mg/l]
# name 3 = sbeox0PS: Oxygen, SBE 43 [% saturation]
# name 4 = specc: Specific Conductance [uS/cm]
# name 5 = c0uS/cm: Conductivity [uS/cm]
# name 6 = wetCDOM: Fluorescence, WET Labs CDOM [mg/m^3]
# name 7 = flECO-AFL: Fluorescence, WET Labs ECO-AFL/FL [mg/m^3]
# name 8 = flECO-AFL1: Fluorescence, WET Labs ECO-AFL/FL, 2 [mg/m^3]
# name 9 = flECO-AFL2: Fluorescence, WET Labs ECO-AFL/FL, 3 [mg/m^3]
# name 10 = par/sat/log: PAR/Logarithmic, Satlantic
# name 11 = turbWETntu0: Turbidity, WET Labs ECO [NTU]
# name 12 = prdM: Pressure, Strain Gauge [db]
# name 13 = prdE: Pressure, Strain Gauge [psi]
# name 14 = tv290C: Temperature [ITS-90, deg C]
# name 15 = flag:  0.000e+00
# span 0 =     -0.503,     16.676       
# span 1 =     -0.171,      0.203       
# span 2 =     0.2776,    11.2699       
# span 3 =      2.546,    118.425       
# span 4 =   -630.749,    167.476       
# span 5 =-473.490914, 152.569920       
# span 6 =    -4.5000,    21.3300       
# span 7 =    -0.2502,    16.9772       
# span 8 =    -2.1300,     0.4686       
# span 9 =    -2.0304,     0.8037       
# span 10 = 1.1580e-01, 2.1425e+03      
# span 11 =    -1.0346,   294.4774      
# span 12 =     -0.493,     16.354      
# span 13 =     -0.715,     23.719      
# span 14 =    11.4549,    25.3984      
# span 15 = 0.0000e+00, 0.0000e+00      
# interval = seconds: 0.25
# start_time = Jun 18 2026 10:19:28 [Instrument's time stamp, header]
# bad_flag = -9.990e-29
*END*
[from data line 2622]
     13.468     -0.169     8.3680     79.078    117.417  88.112387    16.4700     1.3748     0.0852     0.3807 1.1595e-01     1.6845     13.208     19.156    12.5121 0.0000e+00
     13.424     -0.171     8.3776     79.214     98.073  73.596636    16.4700     1.3558     0.0852     0.3807 1.1607e-01     1.6543     13.165     19.093    12.5145 0.0000e+00
     13.380     -0.171     8.3898     79.324     65.869  49.426944    16.4700     1.3596     0.0852     0.3807 1.1612e-01     1.7298     13.121     19.031    12.5167 0.0000e+00
     13.336     -0.171     8.4039     79.409     12.195   9.140068    16.4700     1.4397     0.0852     0.3807 1.1610e-01     1.6241     13.078     18.968    12.5187 0.0000e+00
     13.292     -0.171     8.4190     79.471    -77.323 -58.053147    16.4700     1.4511     0.0852     0.3384 1.1625e-01     1.6090     13.035     18.906    12.5205 0.0000e+00
     13.249     -0.170     8.4331     79.511   -226.571-170.082888    16.4700     1.4359     0.0852     0.3384 1.1600e-01     1.6241     12.993     18.844    12.5221 0.0000e+00
     13.205     -0.168     8.4446     79.534   -475.284-356.777765    16.4700     1.4206     0.0852     0.3384 1.1605e-01     1.6241     12.950     18.783    12.5236 0.0000e+00
     13.162     -0.166     8.4534     79.561   -630.695-473.433829    16.4700     1.4626     0.0852     0.3384 1.1602e-01     1.6845     12.908     18.721    12.5249 0.0000e+00
     13.120     -0.165     8.4599     79.616   -475.221-356.722098    16.3800     1.4855     0.0852     0.2961 1.1597e-01     1.6090     12.866     18.661    12.5264 0.0000e+00
     13.078     -0.163     8.4639     79.722   -226.503-170.016692    16.3800     1.5046     0.0852     0.2961 1.1605e-01     1.6241     12.826     18.602    12.5280 0.0000e+00
     13.038     -0.162     8.4663     79.895    -77.289 -58.004755    16.3800     1.4969     0.0852     0.2961 1.1633e-01     1.7147     12.786     18.544    12.5296 0.0000e+00
     12.997     -0.161     8.4691     80.138     12.228   9.195558    16.3800     1.3748     0.0852     0.2961 1.1617e-01     1.2011     12.746     18.487    12.5310 0.0000e+00
     12.957     -0.162     8.4745     80.446     65.931  49.512329    16.3800     1.3634     0.0852     0.2538 1.1605e-01     1.1860     12.706     18.429    12.5323 0.0000e+00
     12.916     -0.163     8.4854     80.813     98.169  73.716693    16.3800     1.3748     0.0852     0.2538 1.1605e-01     1.0954     12.666     18.371    12.5334 0.0000e+00
     12.874     -0.164     8.5034     81.228    117.536  88.259146    16.3800     1.3481     0.0852     0.2538 1.2560e-01     1.1407     12.625     18.311    12.5345 0.0000e+00
     12.832     -0.164     8.5289     81.667    129.129  96.965692    16.3800     1.3291     0.0852     0.2538 1.1696e-01     1.1407     12.584     18.251    12.5357 0.0000e+00
     12.789     -0.163     8.5614     82.127    136.052 102.166075    16.3800     1.2986     0.0852     0.2538 1.6175e-01     1.2011     12.542     18.190    12.5371 0.0000e+00
     12.747     -0.161     8.6001     82.616    140.206 105.287052    16.2900     1.3062     0.1278     0.2115 1.2002e-01     1.1256     12.500     18.130    12.5386 0.0000e+00
     12.705     -0.158     8.6440     83.133    142.700 107.160883    16.2900     1.3024     0.1278     0.2115 1.4112e-01     1.2313     12.459     18.071    12.5401 0.0000e+00
     12.665     -0.154     8.6904     83.662    144.211 108.295255    16.2900     1.2146     0.1278     0.2115 1.4964e-01     1.1860     12.420     18.014    12.5416 0.0000e+00
     12.627     -0.151     8.7392     84.177    145.134 108.988668    16.2900     1.2261     0.1278     0.2115 1.4964e-01     1.2313     12.383     17.960    12.5428 0.0000e+00
     12.590     -0.149     8.7910     84.639    145.689 109.406039    16.2900     1.2451     0.0852     0.2961 1.6341e-01     1.1407     12.347     17.907    12.5437 0.0000e+00
     12.554     -0.147     8.8459     85.003    146.019 109.654667    16.2900     1.2566     0.0852     0.2961 1.5514e-01     1.1558     12.311     17.856    12.5442 0.0000e+00
     12.517     -0.147     8.9021     85.235    146.227 109.812850    16.2900     1.2032     0.0852     0.2961 1.7264e-01     1.1558     12.275     17.803    12.5444 0.0000e+00
     12.479     -0.147     8.9569     85.317    146.371 109.922770    16.2900     1.1841     0.0852     0.2961 1.7325e-01     1.2615     12.238     17.750    12.5444 0.0000e+00
     12.441     -0.147     9.0060     85.265    146.448 109.981749    16.2900     1.1498     0.0852     0.2538 2.3561e-01     1.1407     12.200     17.695    12.5446 0.0000e+00
     12.403     -0.147     9.0448     85.119    146.489 110.013513    16.2900     1.1765     0.0852     0.2538 2.5740e-01     1.0954     12.163     17.641    12.5450 0.0000e+00
     12.365     -0.147     9.0693     84.925    146.543 110.054523    16.2900     1.1841     0.0852     0.2538 2.8267e-01     1.1709     12.125     17.587    12.5456 0.0000e+00
     12.328     -0.147     9.0779     84.727    146.613 110.107718    16.2900     1.1803     0.0852     0.2538 3.0714e-01     1.1709     12.089     17.534    12.5463 0.0000e+00
     12.291     -0.147     9.0722     84.556    146.690 110.167290    16.2900     1.1879     0.0852     0.3807 3.3707e-01     1.1407     12.053     17.482    12.5468 0.0000e+00
     12.254     -0.148     9.0566     84.435    146.738 110.207135    16.2900     1.1994     0.0852     0.3807 3.3343e-01     1.1558     12.017     17.429    12.5471 0.0000e+00
     12.216     -0.149     9.0360     84.372    146.744 110.215887    16.2900     1.2337     0.0852     0.3807 3.8493e-01     1.4277     11.980     17.375    12.5472 0.0000e+00
     12.178     -0.150     9.0148     84.367    146.746 110.221873    16.2900     1.2375     0.0852     0.3807 3.9407e-01     1.4277     11.942     17.321    12.5475 0.0000e+00
     12.139     -0.150     8.9965     84.422    146.757 110.234685    16.2900     1.2566     0.0852     0.3807 4.0387e-01     1.4428     11.904     17.265    12.5482 0.0000e+00
     12.099     -0.150     8.9834     84.547    146.754 110.235749    16.2900     1.2451     0.0852     0.3384 4.0098e-01     1.4428     11.865     17.209    12.5493 0.0000e+00
     12.061     -0.148     8.9765     84.753    146.728 110.219348    16.2900     1.3062     0.0852     0.3384 3.9347e-01     1.3522     11.827     17.154    12.5508 0.0000e+00
     12.023     -0.145     8.9756     85.038    146.683 110.187109    16.2900     1.3138     0.0852     0.3384 3.8011e-01     1.4730     11.790     17.100    12.5524 0.0000e+00
     11.986     -0.141     8.9811     85.384    146.639 110.154427    16.2900     1.2795     0.0852     0.3384 3.8502e-01     1.4277     11.754     17.048    12.5539 0.0000e+00
     11.951     -0.138     8.9942     85.755    146.625 110.144578    16.2900     1.3024     0.0852     0.2961 3.8804e-01     1.4277     11.720     16.998    12.5551 0.0000e+00
     11.916     -0.134     9.0159     86.107    146.648 110.162933    16.2900     1.2947     0.0852     0.2961 3.6103e-01     1.3220     11.686     16.949    12.5560 0.0000e+00
     11.883     -0.131     9.0461     86.391    146.680 110.188394    16.2900     1.3291     0.0852     0.2961 3.4613e-01     1.4881     11.653     16.901    12.5566 0.0000e+00
     11.850     -0.128     9.0829     86.567    146.685 110.193761    16.2900     1.2909     0.0852     0.2961 3.5143e-01     1.4277     11.621     16.855    12.5568 0.0000e+00
     11.818     -0.126     9.1223     86.623    146.674 110.188462    16.2900     1.3138     0.0852     0.2961 3.4276e-01     1.4277     11.589     16.809    12.5569 0.0000e+00
     11.786     -0.124     9.1597     86.576    146.674 110.191079    16.2900     1.2413     0.0852     0.2961 3.7202e-01     1.3220     11.559     16.764    12.5572 0.0000e+00
     11.756     -0.123     9.1898     86.473    146.704 110.216307    16.2900     1.2566     0.0852     0.2961 3.9041e-01     1.3824     11.528     16.720    12.5577 0.0000e+00
     11.725     -0.123     9.2084     86.363    146.760 110.260876    16.2900     1.2451     0.0852     0.2961 3.8711e-01     1.4579     11.498     16.676    12.5585 0.0000e+00
     11.693     -0.123     9.2141     86.281    146.813 110.302681    16.2900     1.2451     0.0852     0.2961 4.3239e-01     1.4881     11.467     16.632    12.5594 0.0000e+00
     11.662     -0.124     9.2089     86.247    146.841 110.324878    16.2900     1.5351     0.0852     0.1692 4.5140e-01     1.4277     11.436     16.587    12.5603 0.0000e+00
     11.630     -0.124     9.1978     86.271    146.833 110.319391    16.2900     1.5618     0.0852     0.1692 4.3192e-01     1.3220     11.405     16.542    12.5611 0.0000e+00
     11.598     -0.124     9.1860     86.345    146.799 110.294753    16.2900     1.5503     0.0852     0.1692 4.4993e-01     1.4277     11.374     16.496    12.5619 0.0000e+00
     11.566     -0.124     9.1771     86.446    146.752 110.260389    16.2900     1.5465     0.0852     0.1692 4.6292e-01     1.4126     11.342     16.451    12.5625 0.0000e+00
     11.534     -0.123     9.1735     86.551    146.698 110.221133    16.2900     1.2375     0.0852     0.2538 4.6838e-01     1.0803     11.311     16.405    12.5630 0.0000e+00
     11.503     -0.122     9.1760     86.641    146.655 110.190510    16.2900     1.2451     0.0852     0.2538 4.6222e-01     1.0803     11.280     16.360    12.5633 0.0000e+00
     11.471     -0.120     9.1837     86.717    146.654 110.192343    16.2900     1.2490     0.0852     0.2538 4.7412e-01     1.2615     11.250     16.316    12.5636 0.0000e+00
     11.441     -0.118     9.1944     86.790    146.694 110.225123    16.2900     1.2299     0.0852     0.2538 5.0628e-01     1.0954     11.219     16.272    12.5639 0.0000e+00
     11.410     -0.116     9.2055     86.843    146.722 110.249605    16.2900     1.3634     0.0426     0.2115 4.8013e-01     1.3220     11.190     16.229    12.5644 0.0000e+00
     11.381     -0.113     9.2149     86.859    146.721 110.252322    16.2900     1.3863     0.0426     0.2115 4.6061e-01     1.3220     11.161     16.188    12.5650 0.0000e+00
     11.353     -0.111     9.2229     86.856    146.710 110.247997    16.2900     1.3863     0.0426     0.2115 4.8855e-01     1.3975     11.134     16.148    12.5658 0.0000e+00
     11.326     -0.110     9.2304     86.853    146.703 110.247472    16.2900     1.3596     0.0426     0.2115 4.4827e-01     1.3975     11.107     16.109    12.5668 0.0000e+00
     11.298     -0.109     9.2358     86.854    146.712 110.258605    16.2900     1.2337     0.0852     0.2961 4.8160e-01     1.1709     11.080     16.070    12.5680 0.0000e+00
     11.270     -0.108     9.2373     86.856    146.715 110.266370    16.2900     1.2451     0.0852     0.2961 4.7722e-01     1.1256     11.052     16.030    12.5692 0.0000e+00
     11.243     -0.107     9.2366     86.856    146.695 110.256844    16.2900     1.2299     0.0852     0.2961 4.8296e-01     1.0954     11.025     15.991    12.5705 0.0000e+00
     11.215     -0.105     9.2360     86.853    146.676 110.247480    16.2900     1.2566     0.0852     0.2961 4.7412e-01     1.2313     10.998     15.952    12.5720 0.0000e+00
     11.188     -0.104     9.2358     86.854    146.678 110.253777    16.2900     1.3787     0.0852     0.2961 4.5317e-01     1.1407     10.972     15.913    12.5736 0.0000e+00
     11.162     -0.103     9.2356     86.862    146.693 110.269415    16.2000     1.3634     0.0852     0.3384 4.8887e-01     1.1709     10.946     15.876    12.5754 0.0000e+00
     11.137     -0.104     9.2352     86.870    146.714 110.288569    16.2000     1.3710     0.0852     0.3384 4.8013e-01     1.0652     10.922     15.841    12.5773 0.0000e+00
     11.112     -0.106     9.2345     86.874    146.715 110.292352    16.2000     1.3825     0.0852     0.3384 4.8317e-01     1.2313     10.897     15.805    12.5790 0.0000e+00
     11.086     -0.110     9.2342     86.876    146.678 110.265779    16.2000     1.2451     0.0852     0.3384 4.7350e-01     1.1709     10.872     15.768    12.5806 0.0000e+00
     11.058     -0.116     9.2348     86.874    146.633 110.233754    16.2900     1.2566     0.0852     0.2538 4.7701e-01     1.1407     10.844     15.728    12.5821 0.0000e+00
     11.027     -0.122     9.2354     86.862    146.622 110.225727    16.2900     1.2375     0.0852     0.2538 5.2624e-01     1.0954     10.814     15.685    12.5833 0.0000e+00
     10.994     -0.127     9.2357     86.840    146.637 110.237558    16.2900     1.2451     0.0852     0.2538 5.3839e-01     1.1709     10.782     15.638    12.5842 0.0000e+00
     10.960     -0.131     9.2357     86.813    146.659 110.254407    16.2900     1.3748     0.0852     0.2538 5.7204e-01     1.1709     10.748     15.589    12.5848 0.0000e+00
     10.925     -0.134     9.2354     86.790    146.688 110.276769    16.2900     1.3901     0.0852     0.2538 5.8804e-01     1.1709     10.714     15.539    12.5852 0.0000e+00
     10.890     -0.134     9.2342     86.771    146.713 110.296610    16.2900     1.3710     0.0852     0.2538 5.9927e-01     1.1709     10.680     15.490    12.5854 0.0000e+00
     10.856     -0.134     9.2317     86.758    146.730 110.311225    16.2900     1.3825     0.0852     0.2538 5.9979e-01     1.1860     10.646     15.441    12.5855 0.0000e+00
     10.821     -0.134     9.2289     86.752    146.748 110.326509    16.2900     1.2947     0.0852     0.2538 5.7503e-01     1.4277     10.612     15.392    12.5857 0.0000e+00
     10.788     -0.134     9.2263     86.745    146.754 110.332543    16.2900     1.3024     0.0852     0.2538 5.9241e-01     1.4277     10.579     15.344    12.5859 0.0000e+00
     10.754     -0.134     9.2243     86.732    146.734 110.320938    16.2900     1.2871     0.0852     0.2115 6.0450e-01     1.3975     10.546     15.296    12.5863 0.0000e+00
     10.720     -0.135     9.2228     86.711    146.694 110.294598    16.2900     1.3176     0.0852     0.2115 6.2820e-01     1.3824     10.513     15.248    12.5868 0.0000e+00
     10.685     -0.135     9.2220     86.686    146.650 110.266495    16.2900     1.3596     0.0852     0.2115 6.2331e-01     1.5183     10.479     15.198    12.5874 0.0000e+00
     10.650     -0.135     9.2211     86.670    146.639 110.263125    16.2900     1.3672     0.0852     0.2115 6.7096e-01     1.4428     10.444     15.148    12.5881 0.0000e+00
     10.615     -0.134     9.2196     86.671    146.669 110.289587    16.2900     1.3863     0.0852     0.3384 6.6616e-01     1.4277     10.409     15.098    12.5890 0.0000e+00
     10.580     -0.133     9.2170     86.683    146.685 110.304951    16.2900     1.3863     0.0852     0.3384 6.8317e-01     1.4428     10.376     15.049    12.5904 0.0000e+00
     10.547     -0.131     9.2141     86.701    146.666 110.293322    16.2900     1.4359     0.0852     0.3384 6.5440e-01     0.9292     10.343     15.001    12.5921 0.0000e+00
     10.514     -0.129     9.2120     86.726    146.653 110.287587    16.2900     1.4206     0.0852     0.3384 6.8614e-01     0.9745     10.311     14.955    12.5939 0.0000e+00
     10.482     -0.127     9.2118     86.760    146.664 110.300214    16.2900     1.4359     0.0852     0.2115 7.0183e-01     0.8083     10.279     14.909    12.5952 0.0000e+00
     10.450     -0.126     9.2128     86.796    146.679 110.316576    16.2900     1.4016     0.0852     0.2115 7.7325e-01     1.0047     10.248     14.863    12.5962 0.0000e+00
     10.418     -0.125     9.2145     86.829    146.689 110.329038    16.2900     1.4321     0.0852     0.2115 7.8869e-01     0.9443     10.216     14.818    12.5973 0.0000e+00
     10.386     -0.125     9.2170     86.859    146.685 110.330928    16.2900     1.4130     0.0852     0.2115 7.8903e-01     0.9443     10.185     14.772    12.5985 0.0000e+00
