Data/DataNotYetUploadedToEDI/Raw_CTD/RawDownloads/061826_ccr50_S8188022.cnv
* Sea-Bird SBE19plus  Data File:
* FileName = C:\R\Reservoirs\Data\DataNotYetUploadedToEDI\Raw_CTD\RawDownloads\062526_ccr50_S8188_0022.hex
* Software version 2.8.0.119
* Temperature SN = 8188
* Conductivity SN = 8188
* System UpLoad Time = Jun 29 2026 18:18:05
* <ApplicationData>
* <Seaterm232>
# nquan = 16
# nvalues = 3064                        
# units = specified
# name 0 = depFM: Depth [fresh water, m]
# name 1 = dz/dtM: Descent Rate [m/s]
# name 2 = sbeox0Mg/L: Oxygen, SBE 43 [mg/l]
# name 3 = sbeox0PS: Oxygen, SBE 43 [% saturation]
# name 4 = specc: Specific Conductance [uS/cm]
# name 5 = c0uS/cm: Conductivity [uS/cm]
# name 6 = wetCDOM: Fluorescence, WET Labs CDOM [mg/m^3]
# name 7 = flECO-AFL: Fluorescence, WET Labs ECO-AFL/FL [mg/m^3]
# name 8 = flECO-AFL1: Fluorescence, WET Labs ECO-AFL/FL, 2 [mg/m^3]
# name 9 = flECO-AFL2: Fluorescence, WET Labs ECO-AFL/FL, 3 [mg/m^3]
# name 10 = par/sat/log: PAR/Logarithmic, Satlantic
# name 11 = turbWETntu0: Turbidity, WET Labs ECO [NTU]
# name 12 = prdM: Pressure, Strain Gauge [db]
# name 13 = prdE: Pressure, Strain Gauge [psi]
# name 14 = tv290C: Temperature [ITS-90, deg C]
# name 15 = flag:  0.000e+00
# span 0 =     -0.503,     16.676       
# span 1 =     -0.171,      0.203       
# span 2 =     0.2776,    11.2699       
# span 3 =      2.546,    118.425       
# span 4 =   -630.749,    167.476       
# span 5 =-473.490914, 152.569920       
# span 6 =    -4.5000,    21.3300       
# span 7 =    -0.2502,    16.9772       
# span 8 =    -2.1300,     0.4686       
# span 9 =    -2.0304,     0.8037       
# span 10 = 1.1580e-01, 2.1425e+03      
# span 11 =    -1.0346,   294.4774      
# span 12 =     -0.493,     16.354      
# span 13 =     -0.715,     23.719      
# span 14 =    11.4549,    25.3984      
# span 15 = 0.0000e+00, 0.0000e+00      
# interval = seconds: 0.25
# start_time = Jun 18 2026 10:19:28 [Instrument's time stamp, header]
# bad_flag = -9.990e-29
*END*
     -0.503      0.042     7.7524     91.498     18.200  18.003729    -4.5000    -0.2426    -2.1300    -2.0304 5.6918e+02    -0.9742     -0.493     -0.715    23.6276 0.0000e+00
     -0.492      0.054     7.7513     91.522     29.939  29.623595    -4.5000    -0.2502    -2.1300    -2.0304 6.1938e+02    -1.0195     -0.483     -0.700    23.6370 0.0000e+00
     -0.478      0.070     7.7496     91.556     49.511  48.996460    -4.5000    -0.2350    -2.1300    -2.0304 6.1898e+02    -1.0346     -0.469     -0.680    23.6526 0.0000e+00
     -0.461      0.089     7.7468     91.610     76.629  75.916416     0.0000    -0.0709     0.0426     0.2115 6.0844e+02    -0.0678     -0.452     -0.655    23.6782 0.0000e+00
     -0.438      0.112     7.7421     91.699    103.227 102.522925     0.0000    -0.0595     0.0426     0.2115 5.6278e+02    -0.0225     -0.429     -0.622    23.7209 0.0000e+00
     -0.408      0.137     7.7337     91.843    122.127 121.678179     0.0000    -0.0557     0.0426     0.2115 5.1919e+02    -0.0527     -0.400     -0.581    23.7918 0.0000e+00
     -0.370      0.161     7.7193     92.072    133.623 133.523988     0.0000    -0.0709     0.0426     0.2115 5.2225e+02    -0.0527     -0.363     -0.527    23.9100 0.0000e+00
     -0.323      0.181     7.6966     92.408    140.472 140.700461     0.0000     0.3792     0.0426     0.2115 2.6111e+02     1.2011     -0.317     -0.460    24.0963 0.0000e+00
     -0.269      0.196     7.6686     92.859    144.487 144.979108     0.0000     0.3601     0.0852     0.6768 1.4272e+02     1.0954     -0.264     -0.383    24.3405 0.0000e+00
     -0.212      0.203     7.6443     93.412    146.783 147.468862     0.0000     0.3754     0.0852     0.6768 1.3635e+02     1.2766     -0.208     -0.301    24.5925 0.0000e+00
     -0.155      0.202     7.6322     94.033    148.028 148.845684     0.0000     0.3601     0.0852     0.6768 1.4111e+02     1.1407     -0.152     -0.221    24.8097 0.0000e+00
     -0.102      0.194     7.6359     94.679    148.668 149.566880     0.0000     0.3449     0.0852     0.6768 1.4044e+02     1.1256     -0.100     -0.145    24.9790 0.0000e+00
     -0.053      0.181     7.6554     95.301    148.990 149.932951     8.3700     0.3678     0.4686     0.1692 8.9527e+01     1.2918     -0.052     -0.075    25.1028 0.0000e+00
     -0.008      0.165     7.6886     95.854    149.143 150.101617     8.3700     0.3830     0.4686     0.1692 9.1513e+01     1.1709     -0.008     -0.011    25.1892 0.0000e+00
      0.031      0.148     7.7316     96.312    149.205 150.157920     8.3700     0.3563     0.4686     0.1692 8.7831e+01     1.1709      0.031      0.045    25.2465 0.0000e+00
      0.066      0.133     7.7797     96.672    149.229 150.158941     8.3700     0.4059     0.4686     0.1692 9.7593e+01     1.2313      0.065      0.094    25.2820 0.0000e+00
      0.096      0.119     7.8280     96.939    149.246 150.137005     8.0100     0.4364     0.0852     0.1269 8.7450e+01     1.3069      0.095      0.137    25.3016 0.0000e+00
      0.124      0.107     7.8722     97.131    149.277 150.112301     8.0100     0.3906     0.0852     0.1269 1.0275e+02     1.1105      0.122      0.177    25.3101 0.0000e+00
      0.149      0.096     7.9099     97.265    149.337 150.096270     8.0100     0.4059     0.0852     0.1269 9.4813e+01     1.1709      0.147      0.212    25.3102 0.0000e+00
      0.172      0.086     7.9404     97.356    149.409 150.074616     8.0100     0.4288     0.0852     0.1269 9.7933e+01     0.9745      0.169      0.245    25.3037 0.0000e+00
      0.193      0.077     7.9642     97.414    149.478 150.045565     8.0100     0.4021     0.0852     0.1269 8.5348e+01     0.9443      0.190      0.275    25.2914 0.0000e+00
      0.212      0.069     7.9827     97.443    149.540 150.033412     8.1900     0.4364     0.0426     0.0846 7.8209e+01     0.8386      0.208      0.302    25.2730 0.0000e+00
      0.229      0.061     7.9974     97.442    149.576 150.038919     8.1900     0.4212     0.0426     0.0846 8.0940e+01     1.0047      0.224      0.325    25.2479 0.0000e+00
      0.243      0.054     8.0094     97.415    149.566 150.039512     8.1900     0.3906     0.0426     0.0846 7.2892e+01     0.9443      0.238      0.345    25.2165 0.0000e+00
      0.255      0.047     8.0190     97.368    149.521 150.027341     8.1900     0.4364     0.0426     0.0846 7.7819e+01     0.8688      0.250      0.362    25.1838 0.0000e+00
      0.265      0.042     8.0250     97.305    149.484 150.027209     8.1900     0.4059     0.0426     0.1269 7.4089e+01     1.0047      0.260      0.377    25.1590 0.0000e+00
      0.274      0.039     8.0265     97.236    149.481 150.061120     8.1900     0.4288     0.0426     0.1269 6.7936e+01     1.0047      0.269      0.390    25.1489 0.0000e+00
      0.283      0.037     8.0237     97.168    149.511 150.128101     8.1900     0.4059     0.0426     0.1269 7.8226e+01     0.8688      0.278      0.403    25.1525 0.0000e+00
      0.292      0.038     8.0183     97.109    149.542 150.193932     8.1900     0.4326     0.0426     0.1269 7.4947e+01     0.9141      0.287      0.415    25.1633 0.0000e+00
      0.301      0.040     8.0113     97.079    149.514 150.192035     8.1000     0.4250     0.0426     0.1692 7.7162e+01     1.0198      0.295      0.428    25.1757 0.0000e+00
      0.310      0.043     8.0037     97.102    149.440 150.129916     8.1000     0.3906     0.0426     0.1692 8.1311e+01     0.8688      0.305      0.441    25.1881 0.0000e+00
      0.321      0.046     7.9963     97.185    149.420 150.105198     8.1000     0.4326     0.0426     0.1692 8.0642e+01     1.1709      0.315      0.457    25.2005 0.0000e+00
      0.334      0.048     7.9898     97.321    149.495 150.163372     8.1000     0.4250     0.0426     0.1692 8.3169e+01     1.1558      0.328      0.476    25.2119 0.0000e+00
      0.349      0.048     7.9860     97.486    149.618 150.277879     8.2800     0.4212     0.0426     0.2961 8.3332e+01     1.1105      0.342      0.496    25.2207 0.0000e+00
      0.363      0.046     7.9873     97.658    149.747 150.423162     8.2800     0.3945     0.0426     0.2961 7.8600e+01     1.2162      0.356      0.516    25.2249 0.0000e+00
      0.375      0.043     7.9944     97.809    149.859 150.573858     8.2800     0.4631     0.0426     0.2961 8.1311e+01     0.9745      0.368      0.534    25.2232 0.0000e+00
      0.385      0.038     8.0064     97.928    149.929 150.694033     8.2800     0.4860     0.0426     0.2961 7.4866e+01     1.0652      0.378      0.548    25.2176 0.0000e+00
      0.394      0.033     8.0204     98.008    149.936 150.749629     8.2800     0.4936     0.0426     0.2961 7.8498e+01     0.8688      0.386      0.560    25.2145 0.0000e+00
      0.400      0.029     8.0337     98.052    149.882 150.735440     8.1900     0.4708     0.0426     0.1692 7.1776e+01     0.9141      0.393      0.570    25.2196 0.0000e+00
      0.407      0.026     8.0443     98.073    149.825 150.705782     8.1900     0.4097     0.0426     0.1692 7.3305e+01     0.8688      0.399      0.578    25.2325 0.0000e+00
      0.412      0.023     8.0516     98.089    149.828 150.728872     8.1900     0.4212     0.0426     0.1692 7.0263e+01     0.8688      0.405      0.587    25.2491 0.0000e+00
      0.418      0.022     8.0559     98.110    149.886 150.802853     8.1900     0.4250     0.0426     0.1692 7.3400e+01     0.9443      0.410      0.595    25.2652 0.0000e+00
      0.424      0.021     8.0575     98.139    149.938 150.871329     8.1900     0.4250     0.0852     0.1269 7.1713e+01     0.9141      0.416      0.603    25.2784 0.0000e+00
      0.429      0.021     8.0578     98.180    149.963 150.910492     8.1900     0.4021     0.0852     0.1269 7.3720e+01     0.9141      0.421      0.610    25.2879 0.0000e+00
      0.434      0.020     8.0582     98.226    149.978 150.938798     8.1900     0.4364     0.0852     0.1269 7.3209e+01     0.9745      0.426      0.618    25.2944 0.0000e+00
      0.439      0.018     8.0591     98.263    150.004 150.975818     8.1900     0.4364     0.0852     0.1269 7.7128e+01     0.9594      0.431      0.625    25.2998 0.0000e+00
      0.444      0.017     8.0608     98.274    150.051 151.035430     8.1900     0.4135     0.0852     0.2538 7.7229e+01     0.9141      0.435      0.632    25.3051 0.0000e+00
      0.448      0.015     8.0634     98.232    150.112 151.109490     8.1900     0.4021     0.0852     0.2538 7.9736e+01     1.2615      0.440      0.638    25.3099 0.0000e+00
      0.452      0.014     8.0665     98.090    150.162 151.171674     8.1900     0.4212     0.0852     0.2538 7.8005e+01     1.0500      0.443      0.643    25.3141 0.0000e+00
      0.455      0.012     8.0690     97.753    150.187 151.206509     8.1900     0.4021     0.0852     0.2538 7.7363e+01     1.1407      0.446      0.647    25.3179 0.0000e+00
      0.458      0.010     8.0693     97.020    150.187 151.213269     8.1900     0.4440     0.0852     0.2538 7.6811e+01     1.1558      0.449      0.651    25.3220 0.0000e+00
      0.460      0.009     8.0652     95.612    150.173 151.203775     8.2800     0.4326     0.0426     0.2538 7.6661e+01     0.8688      0.451      0.654    25.3263 0.0000e+00
      0.462      0.008     8.0530     93.339    150.157 151.191520     8.2800     0.4212     0.0426     0.2538 7.3784e+01     0.8839      0.453      0.657    25.3302 0.0000e+00
      0.464      0.007     8.0248     90.244    150.145 151.183254     8.2800     0.4021     0.0426     0.2538 7.3977e+01     1.0047      0.455      0.660    25.3333 0.0000e+00
      0.466      0.006     7.9643     86.569    150.139 151.180780     8.2800     0.4021     0.0426     0.2538 7.6378e+01     0.8990      0.457      0.662    25.3355 0.0000e+00
      0.467      0.005     7.8485     82.639    150.132 151.177427     8.1900     0.4135     0.0426     0.0846 7.3273e+01     0.8386      0.458      0.664    25.3371 0.0000e+00
      0.468      0.005     7.6618     78.782    150.118 151.166291     8.1900     0.4250     0.0426     0.0846 7.7145e+01     1.0954      0.459      0.665    25.3384 0.0000e+00
      0.469      0.004     7.4076     75.282    150.100 151.150414     8.1900     0.4326     0.0426     0.0846 7.5487e+01     1.1256      0.460      0.667    25.3396 0.0000e+00
      0.470      0.004     7.1057     72.352    150.090 151.143591     8.1900     0.4326     0.0426     0.0846 7.9149e+01     1.0500      0.461      0.668    25.3409 0.0000e+00
      0.471      0.004     6.7831     70.088    150.100 151.156024     8.2800     0.3868     0.0852     0.0846 7.7532e+01     1.2313      0.462      0.670    25.3421 0.0000e+00
      0.472      0.004     6.4664     68.449    150.119 151.179007     8.2800     0.4021     0.0852     0.0846 8.1576e+01     1.2313      0.463      0.671    25.3431 0.0000e+00
      0.473      0.004     6.1790     67.297    150.134 151.196633     8.2800     0.4021     0.0852     0.0846 7.8073e+01     1.1709      0.464      0.673    25.3440 0.0000e+00
      0.474      0.004     5.9384     66.470    150.137 151.201583     8.2800     0.4326     0.0852     0.0846 7.8994e+01     1.1709      0.465      0.674    25.3449 0.0000e+00
      0.475      0.004     5.7524     65.839    150.135 151.199183     8.2800     0.4364     0.0852     0.1692 7.8328e+01     1.0652      0.466      0.675    25.3459 0.0000e+00
      0.476      0.005     5.6178     65.326    150.134 151.196807     8.2800     0.3983     0.0852     0.1692 7.7717e+01     1.1407      0.467      0.677    25.3469 0.0000e+00
      0.477      0.005     5.5231     64.909    150.135 151.195825     8.2800     0.4173     0.0852     0.1692 7.8481e+01     1.1709      0.468      0.679    25.3478 0.0000e+00
      0.479      0.005     5.4552     64.608    150.137 151.195973     8.2800     0.4135     0.0852     0.1692 7.6378e+01     1.1860      0.469      0.681    25.3484 0.0000e+00
      0.480      0.005     5.4034     64.457    150.141 151.197291     8.2800     0.4097     0.0852     0.1692 7.7903e+01     1.0954      0.471      0.683    25.3484 0.0000e+00
      0.482      0.005     5.3613     64.492    150.146 151.200131     8.2800     0.4288     0.0852     0.2538 7.6295e+01     0.9443      0.472      0.685    25.3479 0.0000e+00
      0.483      0.005     5.3272     64.743    150.152 151.205250     8.2800     0.4250     0.0852     0.2538 7.9476e+01     0.9896      0.474      0.687    25.3472 0.0000e+00
      0.484      0.005     5.3026     65.227    150.161 151.214013     8.2800     0.4173     0.0852     0.2538 7.7028e+01     0.9594      0.475      0.689    25.3463 0.0000e+00
      0.485      0.004     5.2902     65.926    150.173 151.226754     8.2800     0.4135     0.0852     0.2538 7.9011e+01     0.8990      0.476      0.690    25.3454 0.0000e+00
      0.486      0.004     5.2931     66.778    150.183 151.238855     8.2800     0.4860     0.0852     0.2115 7.6627e+01     0.9443      0.477      0.692    25.3448 0.0000e+00
      0.487      0.003     5.3138     67.693    150.186 151.243529     8.2800     0.4440     0.0852     0.2115 7.7734e+01     0.9443      0.478      0.693    25.3446 0.0000e+00
      0.488      0.003     5.3535     68.576    150.183 151.242022     8.2800     0.4517     0.0852     0.2115 7.7313e+01     0.9292      0.478      0.694    25.3446 0.0000e+00
      0.488      0.002     5.4109     69.344    150.180 151.241944     8.2800     0.4593     0.0852     0.2115 7.5964e+01     0.9745      0.479      0.695    25.3448 0.0000e+00
      0.489      0.002     5.4807     69.945    150.180 151.243276     8.2800     0.4936     0.0426     0.3384 7.8464e+01     0.8990      0.480      0.696    25.3452 0.0000e+00
      0.490      0.002     5.5558     70.359    150.174 151.238360     8.2800     0.4936     0.0426     0.3384 7.6146e+01     0.8839      0.480      0.696    25.3458 0.0000e+00
      0.490      0.001     5.6281     70.593    150.158 151.221877     8.2800     0.4708     0.0426     0.3384 7.6627e+01     0.9896      0.480      0.697    25.3465 0.0000e+00
      0.490      0.001     5.6911     70.676    150.132 151.193439     8.2800     0.4975     0.0426     0.3384 7.6761e+01     0.8688      0.481      0.697    25.3473 0.0000e+00
      0.491      0.001     5.7404     70.655    150.099 151.155480     8.2800     0.4059     0.0426     0.3384 7.5618e+01     0.8990      0.481      0.698    25.3479 0.0000e+00
      0.491      0.001     5.7744     70.578    150.060 151.109897     8.2800     0.4440     0.0426     0.1692 7.4622e+01     0.7932      0.481      0.698    25.3483 0.0000e+00
      0.491      0.001     5.7936     70.481    150.021 151.062564     8.2800     0.3945     0.0426     0.1692 7.4331e+01     0.9594      0.481      0.698    25.3482 0.0000e+00
      0.491      0.000     5.8005     70.381    149.989 151.020891     8.2800     0.4059     0.0426     0.1692 7.4138e+01     0.9443      0.481      0.699    25.3475 0.0000e+00
      0.491      0.000     5.7990     70.283    149.963 150.985786     8.2800     0.4975     0.0426     0.1692 7.6212e+01     0.9745      0.482      0.699    25.3461 0.0000e+00
      0.492      0.000     5.7929     70.184    149.935 150.951892     8.2800     0.4822     0.0852     0.1692 7.1309e+01     0.8839      0.482      0.699    25.3438 0.0000e+00
      0.492      0.000     5.7852     70.071    149.898 150.910172     8.2800     0.4708     0.0852     0.1692 7.3896e+01     0.9594      0.482      0.699    25.3410 0.0000e+00
      0.492      0.000     5.7773     69.924    149.848 150.857514     8.2800     0.4822     0.0852     0.1692 7.0938e+01     0.8990      0.482      0.699    25.3379 0.0000e+00
      0.492      0.000     5.7695     69.717    149.796 150.803914     8.2800     0.4784     0.0852     0.1692 7.2418e+01     1.0198      0.482      0.699    25.3350 0.0000e+00
      0.492      0.000     5.7616     69.428    149.758 150.763125     8.2800     0.4860     0.0852     0.1692 7.1527e+01     0.8990      0.482      0.699    25.3329 0.0000e+00
