Data/DataNotYetUploadedToEDI/Raw_CTD/RawDownloads/061826_ccr88_S8188023.cnv
* Sea-Bird SBE19plus  Data File:
* FileName = C:\R\Reservoirs\Data\DataNotYetUploadedToEDI\Raw_CTD\RawDownloads\062526_ccr50_S8188_0023.hex
* Software version 2.8.0.119
* Temperature SN = 8188
* Conductivity SN = 8188
* System UpLoad Time = Jun 29 2026 18:18:17
* <ApplicationData>
* <Seaterm232>
# nquan = 16
# nvalues = 710                         
# units = specified
# name 0 = depFM: Depth [fresh water, m]
# name 1 = dz/dtM: Descent Rate [m/s]
# name 2 = sbeox0Mg/L: Oxygen, SBE 43 [mg/l]
# name 3 = sbeox0PS: Oxygen, SBE 43 [% saturation]
# name 4 = specc: Specific Conductance [uS/cm]
# name 5 = c0uS/cm: Conductivity [uS/cm]
# name 6 = wetCDOM: Fluorescence, WET Labs CDOM [mg/m^3]
# name 7 = flECO-AFL: Fluorescence, WET Labs ECO-AFL/FL [mg/m^3]
# name 8 = flECO-AFL1: Fluorescence, WET Labs ECO-AFL/FL, 2 [mg/m^3]
# name 9 = flECO-AFL2: Fluorescence, WET Labs ECO-AFL/FL, 3 [mg/m^3]
# name 10 = par/sat/log: PAR/Logarithmic, Satlantic
# name 11 = turbWETntu0: Turbidity, WET Labs ECO [NTU]
# name 12 = prdM: Pressure, Strain Gauge [db]
# name 13 = prdE: Pressure, Strain Gauge [psi]
# name 14 = tv290C: Temperature [ITS-90, deg C]
# name 15 = flag:  0.000e+00
# span 0 =     -0.553,      0.296       
# span 1 =     -0.027,      0.147       
# span 2 =     4.2099,     7.6767       
# span 3 =     51.062,     93.097       
# span 4 =   -434.617,    151.218       
# span 5 =-435.884508, 151.790098       
# span 6 =    -4.5000,     8.8200       
# span 7 =    -0.3303,     0.6081       
# span 8 =    -2.1300,     0.1278       
# span 9 =    -2.0304,     0.4653       
# span 10 = 1.5052e+02, 1.8418e+03      
# span 11 =    -1.1404,    48.7259      
# span 12 =     -0.542,      0.290      
# span 13 =     -0.786,      0.421      
# span 14 =    22.8251,    25.2827      
# span 15 = 0.0000e+00, 0.0000e+00      
# interval = seconds: 0.25
# start_time = Jun 18 2026 10:56:55 [Instrument's time stamp, header]
# bad_flag = -9.990e-29
*END*
[from data line 633]
      0.290      0.001     5.4167     65.489    149.999 150.667238     8.7300     0.2304     0.0852     0.2115 2.8328e+02     1.6845      0.284      0.412    25.2176 0.0000e+00
      0.290      0.001     5.4236     65.128    150.003 150.668760     8.7300     0.2419     0.0852     0.2115 2.5208e+02     1.6392      0.285      0.413    25.2174 0.0000e+00
      0.291      0.001     5.4207     64.665    150.011 150.675086     8.7300     0.2190     0.0852     0.2115 2.8750e+02     1.6694      0.285      0.413    25.2173 0.0000e+00
      0.291      0.001     5.4087     64.119    150.014 150.675881     8.8200     0.2304     0.0426     0.1692 2.4342e+02     1.6845      0.285      0.413    25.2170 0.0000e+00
      0.291      0.001     5.3878     63.537    150.017 150.675364     8.8200     0.2457     0.0426     0.1692 2.6883e+02     1.6241      0.285      0.414    25.2166 0.0000e+00
      0.291      0.001     5.3581     62.964    150.029 150.685417     8.8200     0.2457     0.0426     0.1692 2.7018e+02     1.6543      0.286      0.414    25.2160 0.0000e+00
      0.292      0.001     5.3200     62.435    150.043 150.696701     8.8200     0.3143     0.0426     0.1692 2.7895e+02     1.6845      0.286      0.415    25.2153 0.0000e+00
      0.292      0.001     5.2753     61.977    150.037 150.688186     8.7300     0.2991     0.0852     0.2115 2.5428e+02     1.6543      0.287      0.415    25.2144 0.0000e+00
      0.292      0.001     5.2274     61.606    150.019 150.667616     8.7300     0.2876     0.0852     0.2115 3.0171e+02     1.6241      0.287      0.416    25.2135 0.0000e+00
      0.293      0.001     5.1804     61.321    150.005 150.651542     8.7300     0.3067     0.0852     0.2115 2.5473e+02     1.6845      0.287      0.416    25.2126 0.0000e+00
      0.293      0.001     5.1369     61.113    149.995 150.639686     8.7300     0.2228     0.0852     0.2115 2.4882e+02     1.6241      0.287      0.417    25.2118 0.0000e+00
      0.293      0.001     5.0993     60.968    149.990 150.632892     8.7300     0.2342     0.0852     0.2115 2.8869e+02     1.6241      0.288      0.417    25.2110 0.0000e+00
      0.294      0.001     5.0688     60.868    149.985 150.627345     8.7300     0.2304     0.0852     0.2115 2.5357e+02     1.7298      0.288      0.418    25.2102 0.0000e+00
      0.294      0.001     5.0455     60.796    149.979 150.619561     8.7300     0.2304     0.0852     0.2115 2.9897e+02     1.6543      0.288      0.418    25.2096 0.0000e+00
      0.294      0.001     5.0284     60.745    149.975 150.615479     8.7300     0.3029     0.0852     0.2115 2.5880e+02     1.4428      0.289      0.418    25.2089 0.0000e+00
      0.294      0.001     5.0165     60.709    149.973 150.614010     8.7300     0.2915     0.0852     0.2115 2.5622e+02     1.4881      0.289      0.419    25.2084 0.0000e+00
      0.295      0.001     5.0084     60.677    149.972 150.612760     8.7300     0.2876     0.0852     0.1692 2.6795e+02     1.4126      0.289      0.419    25.2080 0.0000e+00
      0.295      0.000     5.0025     60.631    149.974 150.613396     8.7300     0.2991     0.0852     0.1692 2.6668e+02     1.4428      0.290      0.420    25.2077 0.0000e+00
      0.296     -0.003     4.9982     60.577    149.976 150.614087     8.7300     0.3143     0.0852     0.1692 2.4005e+02     1.7449      0.290      0.421    25.2075 0.0000e+00
      0.296     -0.007     4.9953     60.555    149.980 150.617020     8.7300     0.3029     0.0852     0.1692 2.6219e+02     1.7298      0.290      0.421    25.2075 0.0000e+00
      0.294     -0.012     4.9927     60.653    149.992 150.626983     8.8200     0.3182     0.1278     0.1269 2.3110e+02     1.7601      0.289      0.419    25.2074 0.0000e+00
      0.291     -0.016     4.9889     60.996    150.007 150.638620     8.8200     0.3029     0.1278     0.1269 2.6813e+02     1.7298      0.285      0.413    25.2072 0.0000e+00
      0.284     -0.019     4.9845     61.689    150.023 150.647021     8.8200     0.2419     0.1278     0.1269 2.7236e+02     1.4881      0.279      0.404    25.2069 0.0000e+00
      0.276     -0.019     4.9828     62.767    150.046 150.658434     8.8200     0.2342     0.1278     0.1269 2.6265e+02     1.6090      0.271      0.393    25.2063 0.0000e+00
      0.269     -0.017     4.9909     64.218    150.071 150.671894     8.7300     0.2152     0.0426     0.1269 2.8551e+02     1.4730      0.264      0.383    25.2054 0.0000e+00
      0.265     -0.013     5.0192     65.996    150.084 150.678969     8.7300     0.2571     0.0426     0.1269 2.4941e+02     1.4881      0.260      0.376    25.2043 0.0000e+00
      0.263     -0.008     5.0765     67.976    150.092 150.685552     8.7300     0.2152     0.0426     0.1269 2.7509e+02     1.3975      0.258      0.374    25.2019 0.0000e+00
      0.263     -0.003     5.1655     69.943    150.100 150.697406     8.7300     0.2304     0.0426     0.1269 2.5346e+02     1.4277      0.258      0.374    25.1981 0.0000e+00
      0.264      0.001     5.2854     71.645    150.104 150.705671     8.7300     0.2190     0.0426     0.1269 2.7259e+02     1.4579      0.259      0.376    25.1943 0.0000e+00
      0.265      0.003     5.4318     72.871    150.098 150.704540     8.7300     0.2342     0.0852     0.1692 2.7118e+02     1.4126      0.260      0.377    25.1921 0.0000e+00
      0.266      0.005     5.5948     73.521    150.087 150.697717     8.7300     0.2838     0.0852     0.1692 2.6489e+02     1.3220      0.261      0.379    25.1919 0.0000e+00
      0.268      0.005     5.7566     73.617    150.085 150.699409     8.7300     0.3182     0.0852     0.1692 2.5852e+02     1.4277      0.263      0.381    25.1930 0.0000e+00
      0.269      0.005     5.8966     73.228    150.089 150.706062     8.7300     0.2991     0.0852     0.1692 2.6936e+02     1.4579      0.264      0.383    25.1945 0.0000e+00
      0.271      0.005     5.9973     72.438    150.077 150.695411     8.7300     0.2915     0.0852     0.2115 2.5970e+02     1.3673      0.266      0.385    25.1960 0.0000e+00
      0.272      0.005     6.0506     71.365    150.058 150.676633     8.7300     0.3029     0.0852     0.2115 2.9083e+02     1.7298      0.267      0.387    25.1975 0.0000e+00
      0.273      0.005     6.0584     70.142    150.054 150.672769     8.7300     0.2800     0.0852     0.2115 2.5340e+02     1.6996      0.268      0.389    25.1987 0.0000e+00
      0.274      0.004     6.0263     68.876    150.065 150.682788     8.7300     0.2800     0.0852     0.2115 2.7336e+02     1.6845      0.269      0.390    25.1994 0.0000e+00
      0.276      0.004     5.9612     67.644    150.069 150.685323     8.8200     0.2876     0.0852     0.2538 2.5723e+02     1.6694      0.270      0.392    25.1998 0.0000e+00
      0.277      0.004     5.8729     66.493    150.057 150.673035     8.8200     0.2953     0.0852     0.2538 3.0145e+02     1.6543      0.272      0.393    25.2001 0.0000e+00
      0.278      0.004     5.7723     65.453    150.052 150.666687     8.8200     0.2648     0.0852     0.2538 2.6569e+02     1.6543      0.273      0.395    25.2000 0.0000e+00
      0.279      0.004     5.6682     64.548    150.063 150.676606     8.8200     0.3258     0.0852     0.2538 2.8669e+02     1.6694      0.273      0.396    25.1997 0.0000e+00
      0.279      0.004     5.5668     63.784    150.081 150.693419     8.8200     0.2876     0.0852     0.2538 2.6500e+02     1.6392      0.274      0.397    25.1994 0.0000e+00
      0.280      0.003     5.4720     63.155    150.094 150.705580     8.7300     0.2838     0.0426     0.1269 3.0020e+02     1.3975      0.275      0.398    25.1991 0.0000e+00
      0.281      0.003     5.3865     62.656    150.096 150.708321     8.7300     0.3258     0.0426     0.1269 2.5773e+02     1.4881      0.276      0.399    25.1989 0.0000e+00
      0.282      0.003     5.3121     62.273    150.090 150.702373     8.7300     0.2953     0.0426     0.1269 2.7390e+02     1.6543      0.276      0.401    25.1985 0.0000e+00
      0.283      0.003     5.2492     61.984    150.081 150.694161     8.7300     0.2762     0.0426     0.1269 2.8551e+02     1.4881      0.277      0.402    25.1982 0.0000e+00
      0.283      0.002     5.1974     61.768    150.079 150.693517     8.7300     0.2876     0.0852     0.0846 2.5807e+02     1.7449      0.278      0.403    25.1980 0.0000e+00
      0.284      0.002     5.1564     61.596    150.074 150.692255     8.7300     0.2991     0.0852     0.0846 3.1484e+02     1.6241      0.278      0.403    25.1979 0.0000e+00
      0.284      0.002     5.1249     61.439    150.066 150.688036     8.7300     0.3105     0.0852     0.0846 2.4785e+02     1.6694      0.279      0.404    25.1980 0.0000e+00
      0.285      0.002     5.1011     61.283    150.059 150.685744     8.7300     0.3143     0.0852     0.0846 3.0907e+02     1.7752      0.279      0.405    25.1983 0.0000e+00
      0.285      0.002     5.0832     61.116    150.043 150.674752     8.7300     0.2800     0.0852     0.2961 2.4115e+02     1.7601      0.280      0.406    25.1989 0.0000e+00
      0.286      0.002     5.0690     60.935    150.019 150.654133     8.7300     0.2953     0.0852     0.2961 2.9407e+02     1.6996      0.280      0.406    25.1999 0.0000e+00
      0.286      0.002     5.0560     60.736    150.002 150.640424     8.7300     0.3258     0.0852     0.2961 2.8108e+02     1.6543      0.281      0.407    25.2012 0.0000e+00
      0.287      0.002     5.0430     60.520    150.002 150.643993     8.7300     0.2991     0.0852     0.2961 2.6489e+02     1.7449      0.281      0.408    25.2028 0.0000e+00
      0.287      0.002     5.0291     60.299    150.004 150.647763     8.7300     0.3067     0.0426     0.2538 3.1008e+02     1.6543      0.282      0.408    25.2044 0.0000e+00
      0.288      0.001     5.0141     60.084    149.993 150.638716     8.7300     0.2953     0.0426     0.2538 2.5857e+02     1.6392      0.282      0.409    25.2058 0.0000e+00
      0.288      0.001     4.9976     59.878    149.980 150.626459     8.7300     0.3029     0.0426     0.2538 2.9203e+02     1.6845      0.282      0.409    25.2069 0.0000e+00
      0.288      0.001     4.9798     59.693    149.979 150.625752     8.7300     0.2991     0.0426     0.2538 2.8831e+02     1.6996      0.282      0.410    25.2079 0.0000e+00
      0.289      0.001     4.9615     59.539    149.987 150.634405     8.7300     0.3143     0.0426     0.2538 2.5796e+02     1.6845      0.283      0.410    25.2087 0.0000e+00
      0.289      0.001     4.9437     59.409    149.990 150.636695     8.7300     0.2800     0.0426     0.2538 2.8557e+02     1.6845      0.283      0.410    25.2091 0.0000e+00
      0.289      0.001     4.9268     59.298    149.994 150.639243     8.7300     0.3029     0.0426     0.2538 2.6460e+02     1.6845      0.283      0.411    25.2094 0.0000e+00
      0.290      0.001     4.9115     59.209    150.014 150.654748     8.7300     0.2953     0.0426     0.2538 2.8656e+02     1.7601      0.284      0.411    25.2096 0.0000e+00
      0.290      0.001     4.8988     59.128    150.040 150.675326     8.7300     0.2876     0.0426     0.2538 2.8712e+02     1.6543      0.284      0.412    25.2096 0.0000e+00
      0.290      0.001     4.8882     59.035    150.051 150.678415     8.7300     0.2838     0.0852     0.1692 2.7372e+02     1.6392      0.284      0.412    25.2095 0.0000e+00
      0.290      0.001     4.8791     58.932    150.047 150.666844     8.7300     0.2838     0.0852     0.1692 2.9229e+02     1.6090      0.284      0.412    25.2090 0.0000e+00
      0.290      0.000     4.8718     58.833    150.045 150.659562     8.7300     0.3105     0.0852     0.1692 2.8483e+02     1.7903      0.284      0.413    25.2077 0.0000e+00
      0.290      0.000     4.8654     58.739    150.034 150.644611     8.7300     0.2762     0.0852     0.1692 2.8156e+02     1.7147      0.284      0.413    25.2056 0.0000e+00
      0.290      0.000     4.8579     58.660    150.003 150.611993     8.7300     0.2648     0.0426     0.2115 2.9825e+02     1.8205      0.284      0.413    25.2031 0.0000e+00
      0.290      0.000     4.8497     58.618    149.979 150.587066     8.7300     0.3143     0.0426     0.2115 2.5357e+02     1.6845      0.284      0.412    25.2006 0.0000e+00
      0.290      0.000     4.8417     58.627    149.980 150.589226     8.7300     0.2800     0.0426     0.2115 2.9638e+02     1.6090      0.284      0.412    25.1986 0.0000e+00
      0.290      0.000     4.8341     58.685    149.992 150.603023     8.7300     0.2724     0.0426     0.2115 2.4241e+02     1.6845      0.284      0.413    25.1973 0.0000e+00
      0.290      0.000     4.8276     58.777    149.999 150.612104     8.7300     0.3182     0.0426     0.2115 3.0099e+02     1.6996      0.284      0.413    25.1969 0.0000e+00
      0.290      0.000     4.8242     58.828    150.001 150.614884     8.8200     0.2991     0.0426     0.1692 2.9799e+02     1.6996      0.284      0.413    25.1969 0.0000e+00
      0.290 -9.990e-29     4.8249 -9.990e-29 -9.990e-29 -9.990e-29     8.8200 -9.990e-29     0.0426     0.1692 2.4073e+02 -9.990e-29      0.284      0.413    25.1973 0.0000e+00
      0.290 -9.990e-29     4.8297 -9.990e-29 -9.990e-29 -9.990e-29     8.8200 -9.990e-29     0.0426     0.1692 3.0867e+02 -9.990e-29      0.284      0.413    25.1978 0.0000e+00
      0.290 -9.990e-29     4.8372 -9.990e-29 -9.990e-29 -9.990e-29     8.8200 -9.990e-29     0.0426     0.1692 2.3891e+02 -9.990e-29      0.284      0.413    25.1984 0.0000e+00
      0.290 -9.990e-29     4.8414 -9.990e-29 -9.990e-29 -9.990e-29     8.7300 -9.990e-29     0.0852     0.1692 2.9197e+02 -9.990e-29      0.284      0.413    25.1986 0.0000e+00
