Data/DataNotYetUploadedToEDI/Raw_CTD/RawDownloads/061826_ccr30_S8188024.cnv
* Sea-Bird SBE19plus  Data File:
* FileName = C:\R\Reservoirs\Data\DataNotYetUploadedToEDI\Raw_CTD\RawDownloads\062526_ccr50_S8188_0024.hex
* Software version 2.8.0.119
* Temperature SN = 8188
* Conductivity SN = 8188
* System UpLoad Time = Jun 29 2026 18:18:27
* <ApplicationData>
* <Seaterm232>
# nquan = 16
# nvalues = 483                         
# units = specified
# name 0 = depFM: Depth [fresh water, m]
# name 1 = dz/dtM: Descent Rate [m/s]
# name 2 = sbeox0Mg/L: Oxygen, SBE 43 [mg/l]
# name 3 = sbeox0PS: Oxygen, SBE 43 [% saturation]
# name 4 = specc: Specific Conductance [uS/cm]
# name 5 = c0uS/cm: Conductivity [uS/cm]
# name 6 = wetCDOM: Fluorescence, WET Labs CDOM [mg/m^3]
# name 7 = flECO-AFL: Fluorescence, WET Labs ECO-AFL/FL [mg/m^3]
# name 8 = flECO-AFL1: Fluorescence, WET Labs ECO-AFL/FL, 2 [mg/m^3]
# name 9 = flECO-AFL2: Fluorescence, WET Labs ECO-AFL/FL, 3 [mg/m^3]
# name 10 = par/sat/log: PAR/Logarithmic, Satlantic
# name 11 = turbWETntu0: Turbidity, WET Labs ECO [NTU]
# name 12 = prdM: Pressure, Strain Gauge [db]
# name 13 = prdE: Pressure, Strain Gauge [psi]
# name 14 = tv290C: Temperature [ITS-90, deg C]
# name 15 = flag:  0.000e+00
# span 0 =     -0.426,      1.433       
# span 1 =     -0.014,      0.279       
# span 2 =     4.4030,     8.6398       
# span 3 =     53.968,    104.973       
# span 4 =   -436.405,    151.777       
# span 5 =-436.460762, 153.598484       
# span 6 =    -4.5000,     8.3700       
# span 7 =     0.1427,     0.5013       
# span 8 =    -2.1300,     0.1278       
# span 9 =    -3.3417,     0.2961       
# span 10 = 1.3209e+02, 1.4911e+03      
# span 11 =    -0.0829,     1.7147      
# span 12 =     -0.417,      1.406      
# span 13 =     -0.606,      2.038      
# span 14 =    22.7975,    25.7492      
# span 15 = 0.0000e+00, 0.0000e+00      
# interval = seconds: 0.25
# start_time = Jun 18 2026 11:11:58 [Instrument's time stamp, header]
# bad_flag = -9.990e-29
*END*
[from data line 91]
      1.145      0.011     8.4585    102.593    149.295 149.572467     8.1900     0.3639     0.0426     0.2115 1.5913e+02     1.1407      1.123      1.629    25.0958 0.0000e+00
      1.148      0.012     8.4592    102.597    149.059 149.337411     8.1900     0.4059     0.0426     0.2115 1.6277e+02     1.4428      1.126      1.633    25.0931 0.0000e+00
      1.151      0.014     8.4597    102.611    148.659 148.948428     8.2800     0.4212     0.0852     0.0846 1.6270e+02     1.4881      1.129      1.638    25.0904 0.0000e+00
      1.155      0.017     8.4602    102.640    147.991 148.305796     8.2800     0.4097     0.0852     0.0846 1.6323e+02     1.5183      1.132      1.643    25.0882 0.0000e+00
      1.159      0.020     8.4604    102.687    146.863 147.224124     8.2800     0.4097     0.0852     0.0846 1.6164e+02     1.4579      1.137      1.649    25.0869 0.0000e+00
      1.165      0.024     8.4606    102.760    144.948 145.378910     8.2800     0.4135     0.0852     0.0846 1.6516e+02     1.3673      1.142      1.656    25.0877 0.0000e+00
      1.171      0.028     8.4611    102.861    141.750 142.252059     8.2800     0.4059     0.0852     0.0846 1.6473e+02     1.4277      1.148      1.665    25.0917 0.0000e+00
      1.179      0.031     8.4620    102.987    136.473 137.013762     8.2800     0.4021     0.0852     0.2115 1.6242e+02     1.5032      1.156      1.676    25.1009 0.0000e+00
      1.188      0.032     8.4633    103.130    127.743 128.267143     8.2800     0.4364     0.0852     0.2115 1.6526e+02     1.4428      1.165      1.689    25.1179 0.0000e+00
      1.197      0.033     8.4653    103.277    113.220 113.671757     8.2800     0.4517     0.0852     0.2115 1.6373e+02     1.4730      1.174      1.703    25.1434 0.0000e+00
      1.207      0.032     8.4693    103.417     89.007  89.343510     8.2800     0.4135     0.0852     0.2115 1.6401e+02     1.3975      1.183      1.716    25.1712 0.0000e+00
      1.215      0.031     8.4767    103.538     48.631  48.802877     8.3700     0.4326     0.0852     0.2115 1.6523e+02     1.3673      1.191      1.728    25.1906 0.0000e+00
      1.222      0.029     8.4877    103.632    -18.692 -18.768990     8.3700     0.4288     0.0852     0.2115 1.6440e+02     1.3975      1.199      1.738    25.1954 0.0000e+00
      1.229      0.027     8.5009    103.701   -130.922-131.403277     8.3700     0.4021     0.0852     0.2115 1.6242e+02     1.4730      1.205      1.748    25.1888 0.0000e+00
      1.235      0.026     8.5139    103.752   -317.973-319.131783     8.3700     0.4173     0.0852     0.2115 1.6548e+02     1.3975      1.211      1.756    25.1793 0.0000e+00
      1.241      0.025     8.5249    103.791   -434.871-436.460762     8.2800     0.4173     0.0426     0.0846 1.6217e+02     1.4428      1.217      1.765    25.1729 0.0000e+00
      1.247      0.024     8.5331    103.825   -317.948-319.131270     8.2800     0.4364     0.0426     0.0846 1.6227e+02     1.3824      1.223      1.774    25.1707 0.0000e+00
      1.254      0.024     8.5389    103.858   -130.876-131.402116     8.2800     0.4097     0.0426     0.0846 1.6302e+02     1.2162      1.230      1.783    25.1705 0.0000e+00
      1.260      0.025     8.5436    103.895    -18.626 -18.762868     8.2800     0.4250     0.0426     0.0846 1.5986e+02     1.3069      1.236      1.792    25.1690 0.0000e+00
      1.266      0.025     8.5475    103.944     48.723  48.819598     8.2800     0.4326     0.0426     0.0846 1.6007e+02     1.2313      1.241      1.801    25.1657 0.0000e+00
      1.272      0.025     8.5509    104.009     89.126  89.367272     8.2800     0.4364     0.0852     0.2115 1.6227e+02     1.1105      1.248      1.810    25.1610 0.0000e+00
      1.279      0.025     8.5542    104.087    113.362 113.692867     8.2800     0.4173     0.0852     0.2115 1.5989e+02     1.4579      1.254      1.819    25.1555 0.0000e+00
      1.286      0.024     8.5579    104.173    127.908 128.287218     8.2800     0.4173     0.0852     0.2115 1.5906e+02     1.4277      1.261      1.829    25.1506 0.0000e+00
      1.292      0.022     8.5623    104.254    136.653 137.042154     8.2800     0.4440     0.0852     0.2115 1.6273e+02     1.3975      1.267      1.838    25.1477 0.0000e+00
      1.298      0.019     8.5677    104.317    141.928 142.292322     8.2800     0.4288     0.0852     0.1692 1.6423e+02     1.4126      1.273      1.846    25.1475 0.0000e+00
      1.303      0.016     8.5740    104.356    145.126 145.449784     8.2800     0.4212     0.0852     0.1692 1.6390e+02     1.4730      1.278      1.853    25.1484 0.0000e+00
      1.306      0.013     8.5812    104.372    147.063 147.352517     8.2800     0.4097     0.0852     0.1692 1.6423e+02     1.3220      1.281      1.858    25.1471 0.0000e+00
      1.308      0.010     8.5891    104.368    148.219 148.487882     8.2800     0.4250     0.0852     0.1692 1.6703e+02     1.3975      1.283      1.861    25.1398 0.0000e+00
      1.310      0.008     8.5966    104.353    148.903 149.162649     8.1900     0.4288     0.0852     0.1692 1.6904e+02     1.4428      1.285      1.864    25.1251 0.0000e+00
      1.312      0.006     8.6025    104.334    149.312 149.568774     8.1900     0.4440     0.0852     0.1692 1.6743e+02     1.3975      1.287      1.866    25.1076 0.0000e+00
      1.313      0.004     8.6059    104.309    149.554 149.814560     8.1900     0.4250     0.0852     0.1692 1.6689e+02     1.4277      1.288      1.868    25.0939 0.0000e+00
      1.314      0.002     8.6069    104.279    149.707 149.973561     8.1900     0.4212     0.0852     0.1692 1.6878e+02     1.3824      1.289      1.869    25.0859 0.0000e+00
      1.315      0.001     8.6063    104.250    149.811 150.084172     8.1900     0.4097     0.0852     0.2538 1.6577e+02     1.3371      1.289      1.870    25.0818 0.0000e+00
      1.314      0.000     8.6049    104.225    149.872 150.151851     8.1900     0.3945     0.0852     0.2538 1.6494e+02     1.2766      1.289      1.869    25.0806 0.0000e+00
      1.314     -0.001     8.6027    104.206    149.907 150.186635     8.1900     0.4364     0.0852     0.2538 1.6577e+02     1.3975      1.289      1.869    25.0815 0.0000e+00
      1.313     -0.003     8.6000    104.188    149.932 150.205812     8.1900     0.4059     0.0852     0.2538 1.6401e+02     1.3824      1.288      1.868    25.0832 0.0000e+00
      1.313     -0.004     8.5972    104.161    149.959 150.218502     8.1900     0.4212     0.0852     0.2538 1.6199e+02     1.4277      1.288      1.867    25.0855 0.0000e+00
      1.312     -0.006     8.5948    104.122    149.998 150.228089     8.2800     0.4364     0.0426     0.2115 1.6189e+02     1.2313      1.287      1.866    25.0873 0.0000e+00
      1.310     -0.007     8.5933    104.071    150.042 150.233122     8.2800     0.4212     0.0426     0.2115 1.6056e+02     1.1558      1.285      1.863    25.0874 0.0000e+00
      1.308     -0.008     8.5921    104.012    150.078 150.226928     8.2800     0.3945     0.0426     0.2115 1.5903e+02     1.2162      1.282      1.860    25.0854 0.0000e+00
      1.305     -0.008     8.5907    103.953    150.100 150.211857     8.2800     0.4250     0.0426     0.2115 1.5962e+02     1.2162      1.279      1.856    25.0804 0.0000e+00
      1.302     -0.007     8.5890    103.901    150.119 150.199915     8.1900     0.4250     0.0852     0.0846 1.5813e+02     1.1558      1.277      1.852    25.0709 0.0000e+00
      1.301     -0.005     8.5869    103.860    150.139 150.195930     8.1900     0.4059     0.0852     0.0846 1.5673e+02     1.2011      1.275      1.850    25.0577 0.0000e+00
      1.300     -0.003     8.5842    103.838    150.162 150.198837     8.1900     0.4021     0.0852     0.0846 1.5487e+02     1.2615      1.274      1.848    25.0438 0.0000e+00
      1.299     -0.000     8.5812    103.839    150.193 150.209411     8.1900     0.3945     0.0852     0.0846 1.5527e+02     1.2615      1.274      1.848    25.0314 0.0000e+00
      1.299      0.002     8.5785    103.862    150.233 150.226467     8.1900     0.4097     0.1278     0.2538 1.5356e+02     1.3975      1.274      1.848    25.0212 0.0000e+00
      1.301      0.004     8.5765    103.905    150.276 150.242531     8.1900     0.4173     0.1278     0.2538 1.5141e+02     1.3975      1.275      1.850    25.0131 0.0000e+00
      1.302      0.005     8.5758    103.958    150.317 150.253872     8.1900     0.4364     0.1278     0.2538 1.4971e+02     1.3824      1.277      1.852    25.0062 0.0000e+00
      1.304      0.005     8.5769    104.005    150.359 150.267521     8.1900     0.4212     0.1278     0.2538 1.4964e+02     1.3824      1.279      1.855    24.9995 0.0000e+00
      1.306      0.005     8.5800    104.041    150.396 150.287112     8.1900     0.3945     0.1278     0.2538 1.4703e+02     1.1709      1.281      1.858    24.9919 0.0000e+00
      1.307      0.005     8.5850    104.069    150.415 150.305851     8.2800     0.4135     0.0426     0.1692 1.4867e+02     1.2464      1.282      1.859    24.9830 0.0000e+00
      1.308      0.005     8.5909    104.091    150.414 150.320720     8.2800     0.4364     0.0426     0.1692 1.4967e+02     1.1558      1.282      1.860    24.9731 0.0000e+00
      1.309      0.005     8.5963    104.114    150.399 150.331681     8.2800     0.4135     0.0426     0.1692 1.5433e+02     1.2313      1.284      1.861    24.9638 0.0000e+00
      1.310      0.005     8.6002    104.137    150.377 150.333645     8.2800     0.4135     0.0426     0.1692 1.5782e+02     1.3975      1.285      1.864    24.9580 0.0000e+00
      1.312      0.004     8.6025    104.157    150.358 150.331145     8.2800     0.3868     0.0852     0.1269 1.6337e+02     1.3975      1.287      1.866    24.9579 0.0000e+00
      1.313      0.004     8.6036    104.170    150.347 150.331527     8.2800     0.4326     0.0852     0.1269 1.6875e+02     1.3975      1.288      1.868    24.9632 0.0000e+00
      1.314      0.004     8.6041    104.180    150.334 150.330888     8.2800     0.4173     0.0852     0.1269 1.7362e+02     1.3824      1.289      1.869    24.9717 0.0000e+00
      1.314      0.004     8.6047    104.194    150.320 150.333062     8.2800     0.4212     0.0852     0.1269 1.7640e+02     1.1407      1.289      1.869    24.9798 0.0000e+00
      1.315      0.003     8.6054    104.210    150.312 150.342637     8.2800     0.4326     0.0426     0.2115 1.7902e+02     1.2011      1.290      1.871    24.9850 0.0000e+00
      1.316      0.003     8.6059    104.223    150.303 150.350148     8.2800     0.4364     0.0426     0.2115 1.8110e+02     1.0803      1.291      1.872    24.9887 0.0000e+00
      1.317      0.003     8.6062    104.225    150.291 150.349586     8.2800     0.4326     0.0426     0.2115 1.8303e+02     1.1558      1.292      1.874    24.9929 0.0000e+00
      1.318      0.003     8.6064    104.220    150.277 150.344808     8.2800     0.3754     0.0426     0.2115 1.8169e+02     1.1105      1.293      1.875    24.9983 0.0000e+00
      1.318      0.003     8.6068    104.216    150.262 150.338547     8.2800     0.3830     0.0426     0.2115 1.7922e+02     1.2011      1.293      1.875    25.0041 0.0000e+00
      1.318      0.003     8.6070    104.217    150.253 150.333140     8.3700     0.3639     0.0852     0.1269 1.7640e+02     1.1860      1.293      1.875    25.0095 0.0000e+00
      1.319      0.003     8.6066    104.219    150.258 150.335159     8.3700     0.3334     0.0852     0.1269 1.7302e+02     1.0954      1.294      1.876    25.0134 0.0000e+00
      1.320      0.003     8.6057    104.217    150.278 150.345143     8.3700     0.3678     0.0852     0.1269 1.6970e+02     1.4881      1.295      1.878    25.0165 0.0000e+00
      1.321      0.003     8.6049    104.211    150.305 150.357740     8.3700     0.3563     0.0852     0.1269 1.6537e+02     1.2615      1.296      1.879    25.0193 0.0000e+00
      1.322      0.003     8.6048    104.209    150.329 150.368295     8.2800     0.3639     0.0426     0.1692 1.6355e+02     1.4579      1.296      1.880    25.0206 0.0000e+00
      1.322      0.003     8.6051    104.216    150.337 150.371607     8.2800     0.3716     0.0426     0.1692 1.6052e+02     1.4579      1.297      1.881    25.0197 0.0000e+00
      1.323      0.004     8.6055    104.232    150.339 150.372566     8.2800     0.3754     0.0426     0.1692 1.5827e+02     1.4126      1.297      1.881    25.0163 0.0000e+00
      1.324      0.004     8.6058    104.254    150.350 150.383449     8.2800     0.3563     0.0426     0.1692 1.5721e+02     1.3824      1.298      1.883    25.0114 0.0000e+00
      1.325      0.004     8.6062    104.278    150.368 150.395139     8.2800     0.4135     0.0426     0.1269 1.5598e+02     1.4730      1.299      1.885    25.0072 0.0000e+00
      1.327      0.004     8.6071    104.294    150.382 150.398732     8.2800     0.3563     0.0426     0.1269 1.5406e+02     1.4579      1.301      1.887    25.0054 0.0000e+00
      1.328      0.004     8.6085    104.301    150.393 150.403200     8.2800     0.3678     0.0426     0.1269 1.5490e+02     1.4126      1.302      1.889    25.0052 0.0000e+00
      1.328      0.004     8.6103    104.305    150.394 150.405725     8.2800     0.3525     0.0426     0.1269 1.5253e+02     1.3824      1.303      1.889    25.0049 0.0000e+00
      1.329      0.004     8.6126    104.312    150.386 150.402976     8.2800     0.3449     0.0852     0.1692 1.5042e+02     1.4730      1.303      1.890    25.0029 0.0000e+00
      1.330      0.003     8.6144    104.321    150.382 150.402233     8.2800     0.3525     0.0852     0.1692 1.4870e+02     1.3673      1.304      1.891    24.9995 0.0000e+00
      1.331      0.003     8.6154    104.329    150.393 150.407307     8.2800     0.3525     0.0852     0.1692 1.4919e+02     1.3371      1.305      1.893    24.9973 0.0000e+00
      1.332      0.003     8.6157    104.336    150.408 150.411535     8.2800     0.3716     0.0852     0.1692 1.4700e+02     1.4277      1.306      1.895    24.9978 0.0000e+00
      1.333      0.003     8.6160    104.345    150.412 150.408031     8.2800     0.3449     0.0852     0.1692 1.4368e+02     1.3371      1.307      1.896    24.9997 0.0000e+00
      1.333      0.003     8.6166    104.357    150.406 150.399867     8.2800     0.3563     0.0426     0.0846 1.4592e+02     1.4277      1.307      1.896    25.0006 0.0000e+00
      1.334      0.003     8.6175    104.368    150.399 150.392879     8.2800     0.3716     0.0426     0.0846 1.4633e+02     1.5183      1.308      1.897    24.9988 0.0000e+00
      1.335      0.003     8.6186    104.376    150.399 150.393216     8.2800     0.3411     0.0426     0.0846 1.4598e+02     1.3673      1.309      1.898    24.9953 0.0000e+00
      1.336      0.003     8.6197    104.379    150.407 150.400969     8.2800     0.3487     0.0426     0.0846 1.4443e+02     1.3069      1.310      1.900    24.9928 0.0000e+00
      1.337      0.003     8.6208    104.378    150.418 150.410192     8.2800     0.3487     0.0852     0.2115 1.4812e+02     1.4277      1.311      1.901    24.9920 0.0000e+00
      1.337      0.003     8.6218    104.375    150.423 150.411325     8.2800     0.3639     0.0852     0.2115 1.5029e+02     1.4126      1.311      1.902    24.9919 0.0000e+00
      1.338      0.003     8.6225    104.374    150.418 150.404669     8.2800     0.3411     0.0852     0.2115 1.5197e+02     1.3673      1.312      1.902    24.9921 0.0000e+00
      1.338      0.002     8.6227    104.382    150.419 150.404476     8.2800     0.3601     0.0852     0.2115 1.5493e+02     1.4277      1.312      1.903    24.9921 0.0000e+00
      1.339      0.002     8.6228    104.393    150.423 150.406687     8.2800     0.3372     0.0426     0.1269 1.5793e+02     1.3673      1.313      1.904    24.9913 0.0000e+00
