Data/DataNotYetUploadedToEDI/Raw_CTD/RawDownloads/061826_ccr88_S8188023.cnv
* Sea-Bird SBE19plus  Data File:
* FileName = C:\R\Reservoirs\Data\DataNotYetUploadedToEDI\Raw_CTD\RawDownloads\062526_ccr50_S8188_0023.hex
* Software version 2.8.0.119
* Temperature SN = 8188
* Conductivity SN = 8188
* System UpLoad Time = Jun 29 2026 18:18:17
* <ApplicationData>
* <Seaterm232>
# nquan = 16
# nvalues = 710                         
# units = specified
# name 0 = depFM: Depth [fresh water, m]
# name 1 = dz/dtM: Descent Rate [m/s]
# name 2 = sbeox0Mg/L: Oxygen, SBE 43 [mg/l]
# name 3 = sbeox0PS: Oxygen, SBE 43 [% saturation]
# name 4 = specc: Specific Conductance [uS/cm]
# name 5 = c0uS/cm: Conductivity [uS/cm]
# name 6 = wetCDOM: Fluorescence, WET Labs CDOM [mg/m^3]
# name 7 = flECO-AFL: Fluorescence, WET Labs ECO-AFL/FL [mg/m^3]
# name 8 = flECO-AFL1: Fluorescence, WET Labs ECO-AFL/FL, 2 [mg/m^3]
# name 9 = flECO-AFL2: Fluorescence, WET Labs ECO-AFL/FL, 3 [mg/m^3]
# name 10 = par/sat/log: PAR/Logarithmic, Satlantic
# name 11 = turbWETntu0: Turbidity, WET Labs ECO [NTU]
# name 12 = prdM: Pressure, Strain Gauge [db]
# name 13 = prdE: Pressure, Strain Gauge [psi]
# name 14 = tv290C: Temperature [ITS-90, deg C]
# name 15 = flag:  0.000e+00
# span 0 =     -0.553,      0.296       
# span 1 =     -0.027,      0.147       
# span 2 =     4.2099,     7.6767       
# span 3 =     51.062,     93.097       
# span 4 =   -434.617,    151.218       
# span 5 =-435.884508, 151.790098       
# span 6 =    -4.5000,     8.8200       
# span 7 =    -0.3303,     0.6081       
# span 8 =    -2.1300,     0.1278       
# span 9 =    -2.0304,     0.4653       
# span 10 = 1.5052e+02, 1.8418e+03      
# span 11 =    -1.1404,    48.7259      
# span 12 =     -0.542,      0.290      
# span 13 =     -0.786,      0.421      
# span 14 =    22.8251,    25.2827      
# span 15 = 0.0000e+00, 0.0000e+00      
# interval = seconds: 0.25
# start_time = Jun 18 2026 10:56:55 [Instrument's time stamp, header]
# bad_flag = -9.990e-29
*END*
     -0.551 -6.810e-10     7.6300     88.998      2.382   2.288564    -4.5000    -0.2426    -2.1300    -2.0304 5.2761e+02     3.0592     -0.541     -0.784    23.0206 0.0000e+00
     -0.551 -8.756e-10     7.6301     89.000      2.378   2.284003    -4.5000    -0.2426    -2.1300    -2.0304 5.1325e+02     3.1347     -0.541     -0.784    23.0204 0.0000e+00
     -0.551 -1.126e-09     7.6303     88.999      2.378   2.284476    -4.5000    -0.2388    -2.1300    -2.0304 4.8148e+02     3.0894     -0.541     -0.784    23.0202 0.0000e+00
     -0.551 -1.447e-09     7.6305     88.998      2.380   2.286132     0.0000    -0.2312     0.0852     0.1269 4.7278e+02     2.9837     -0.541     -0.784    23.0200 0.0000e+00
     -0.551 -1.861e-09     7.6309     88.998      2.379   2.285435     0.0000    -0.2350     0.0852     0.1269 4.5622e+02     3.0894     -0.541     -0.784    23.0198 0.0000e+00
     -0.551 -2.393e-09     7.6311     88.998      2.376   2.282200     0.0000    -0.2464     0.0852     0.1269 4.6382e+02     3.0139     -0.541     -0.784    23.0197 0.0000e+00
     -0.551 -3.076e-09     7.6310     89.002      2.369   2.275562     0.0000    -0.2426     0.0852     0.1269 4.5682e+02     3.0441     -0.541     -0.784    23.0197 0.0000e+00
     -0.551 -3.955e-09     7.6309     89.009      2.357   2.263753     0.0000    -0.2693     0.0852     0.1269 4.7670e+02     3.2103     -0.541     -0.784    23.0198 0.0000e+00
     -0.551 -5.085e-09     7.6309     89.015      2.344   2.251578     0.0000    -0.2502     0.0852     0.1692 4.8940e+02     2.9384     -0.541     -0.784    23.0196 0.0000e+00
     -0.551 -6.538e-09     7.6310     89.020      2.340   2.247723     0.0000    -0.2579     0.0852     0.1692 4.9646e+02     3.0894     -0.541     -0.784    23.0191 0.0000e+00
     -0.551 -8.406e-09     7.6314     89.024      2.340   2.247184     0.0000    -0.2617     0.0852     0.1692 4.9035e+02     3.0743     -0.540     -0.784    23.0182 0.0000e+00
     -0.551 -1.081e-08     7.6322     89.027      2.334   2.241861     0.0000    -0.2388     0.0852     0.1692 4.8950e+02     3.0743     -0.540     -0.784    23.0174 0.0000e+00
     -0.551 -1.390e-08     7.6328     89.029      2.331   2.238289     0.0000    -0.2502     0.1278     0.2115 4.9270e+02     3.1196     -0.540     -0.784    23.0167 0.0000e+00
     -0.551 -1.563e-08     7.6333     89.028      2.336   2.243471     0.0000    -0.2693     0.1278     0.2115 4.6594e+02     3.0894     -0.540     -0.784    23.0161 0.0000e+00
     -0.551 -1.390e-08     7.6338     89.024      2.344   2.250835     0.0000    -0.2312     0.1278     0.2115 4.5881e+02     3.1045     -0.540     -0.784    23.0152 0.0000e+00
     -0.551 -1.081e-08     7.6342     89.022      2.344   2.250410     0.0000    -0.2350     0.1278     0.2115 4.4758e+02     3.1196     -0.540     -0.784    23.0143 0.0000e+00
     -0.551 -8.409e-09     7.6345     89.021      2.339   2.246062     0.0000    -0.2655     0.0852     0.1269 4.7011e+02     3.0441     -0.540     -0.784    23.0137 0.0000e+00
     -0.551 -6.541e-09     7.6344     89.023      2.342   2.248563     0.0000    -0.2426     0.0852     0.1269 4.7278e+02     3.0894     -0.541     -0.784    23.0134 0.0000e+00
     -0.551 -5.088e-09     7.6341     89.027      2.348   2.254604     0.0000    -0.2655     0.0852     0.1269 4.6574e+02     3.1045     -0.541     -0.784    23.0133 0.0000e+00
     -0.551 -3.959e-09     7.6339     89.029      2.347   2.253861     0.0000    -0.2350     0.0852     0.1269 4.6645e+02     3.0290     -0.541     -0.784    23.0133 0.0000e+00
     -0.551 -3.081e-09     7.6338     89.033      2.339   2.246137     0.0000    -0.2350     0.0426     0.1692 4.7073e+02     2.9988     -0.541     -0.784    23.0132 0.0000e+00
     -0.551 -2.399e-09     7.6340     89.038      2.330   2.237328     0.0000    -0.2617     0.0426     0.1692 4.7587e+02     3.1498     -0.541     -0.784    23.0130 0.0000e+00
     -0.552 -1.869e-09     7.6343     89.043      2.326   2.233040     0.0000    -0.2655     0.0426     0.1692 4.6513e+02     3.0743     -0.541     -0.785    23.0128 0.0000e+00
     -0.552 -1.458e-09     7.6346     89.047      2.329   2.236106     0.0000    -0.2502     0.0426     0.1692 4.6362e+02     3.0894     -0.541     -0.785    23.0125 0.0000e+00
     -0.552 -1.139e-09     7.6350     89.052      2.336   2.243368     0.0000    -0.2769     0.0426     0.1692 4.5841e+02     3.1196     -0.541     -0.785    23.0120 0.0000e+00
     -0.552 -8.931e-10     7.6355     89.052      2.342   2.248805     0.0000    -0.2502     0.0852     0.0846 4.6231e+02     3.0441     -0.541     -0.785    23.0114 0.0000e+00
     -0.552 -7.035e-10     7.6360     89.050      2.343   2.249890     0.0000    -0.2350     0.0852     0.0846 4.6312e+02     3.0592     -0.541     -0.785    23.0109 0.0000e+00
     -0.552 -5.587e-10     7.6364     89.051      2.344   2.250890     0.0000    -0.2502     0.0852     0.0846 4.7742e+02     3.1498     -0.541     -0.785    23.0107 0.0000e+00
     -0.552 -4.493e-10     7.6368     89.057      2.346   2.252072     0.0000    -0.2579     0.0852     0.0846 4.8643e+02     3.1498     -0.541     -0.785    23.0107 0.0000e+00
     -0.552 -3.684e-10     7.6368     89.062      2.343   2.249774     0.0000    -0.2502     0.0852     0.1269 4.9993e+02     3.0441     -0.541     -0.785    23.0107 0.0000e+00
     -0.552 -3.109e-10     7.6367     89.064      2.340   2.247360     0.0000    -0.2769     0.0852     0.1269 4.8812e+02     3.1801     -0.541     -0.785    23.0106 0.0000e+00
     -0.552 -2.732e-10     7.6368     89.062      2.341   2.248165     0.0000    -0.2617     0.0852     0.1269 4.7144e+02     3.0743     -0.541     -0.785    23.0105 0.0000e+00
     -0.552 -2.528e-10     7.6373     89.060      2.346   2.252402     0.0000    -0.2808     0.0852     0.1269 4.6665e+02     3.0290     -0.541     -0.785    23.0104 0.0000e+00
     -0.552 -2.484e-10     7.6378     89.061      2.351   2.257224     0.0000    -0.2235     0.0852     0.2115 4.6352e+02     3.0290     -0.541     -0.785    23.0102 0.0000e+00
     -0.552 -2.598e-10     7.6380     89.059      2.354   2.259939     0.0000    -0.2388     0.0852     0.2115 4.6382e+02     3.0894     -0.541     -0.785    23.0098 0.0000e+00
     -0.552 -2.878e-10     7.6379     89.052      2.359   2.265250     0.0000    -0.2502     0.0852     0.2115 4.6302e+02     3.1045     -0.541     -0.785    23.0092 0.0000e+00
     -0.552 -3.340e-10     7.6379     89.047      2.369   2.274571     0.0000    -0.2502     0.0852     0.2115 4.7216e+02     3.1347     -0.541     -0.785    23.0084 0.0000e+00
     -0.552 -4.013e-10     7.6381     89.049      2.377   2.282434     0.0000    -0.2273     0.1278     0.1692 4.7339e+02     2.9535     -0.541     -0.785    23.0072 0.0000e+00
     -0.552 -4.942e-10     7.6383     89.055      2.382   2.286958     0.0000    -0.2502     0.1278     0.1692 4.7742e+02     3.0441     -0.541     -0.785    23.0054 0.0000e+00
     -0.552 -6.185e-10     7.6381     89.063      2.385   2.289350     0.0000    -0.2579     0.1278     0.1692 4.7638e+02     3.1498     -0.541     -0.785    23.0028 0.0000e+00
     -0.552 -7.878e-10     7.6381     89.071      2.386   2.290246     0.0000    -0.2426     0.1278     0.1692 4.7566e+02     3.0894     -0.541     -0.785    22.9994 0.0000e+00
     -0.552 -1.013e-09     7.6387     89.080      2.386   2.289886     0.0000    -0.2655     0.1278     0.1692 4.8148e+02     3.0894     -0.542     -0.785    22.9959 0.0000e+00
     -0.552 -1.302e-09     7.6398     89.089      2.384   2.288174     0.0000    -0.2655     0.0852     0.1692 4.7940e+02     3.0290     -0.542     -0.786    22.9929 0.0000e+00
     -0.552 -1.674e-09     7.6408     89.094      2.384   2.288631     0.0000    -0.2502     0.0852     0.1692 4.7226e+02     3.0894     -0.542     -0.786    22.9904 0.0000e+00
     -0.552 -2.153e-09     7.6418     89.095      2.392   2.295356     0.0000    -0.2502     0.0852     0.1692 4.5051e+02     3.0290     -0.542     -0.786    22.9877 0.0000e+00
     -0.552 -2.768e-09     7.6430     89.092      2.403   2.306166     0.0000    -0.2388     0.0852     0.1692 4.9960e+02     3.0592     -0.542     -0.786    22.9846 0.0000e+00
     -0.552 -3.558e-09     7.6442     89.091      2.409   2.312010     0.0000    -0.2426     0.1278     0.1269 5.1919e+02     3.0894     -0.542     -0.786    22.9818 0.0000e+00
     -0.552 -4.575e-09     7.6450     89.091      2.404   2.306491     0.0000    -0.2350     0.1278     0.1269 5.3488e+02     3.0139     -0.542     -0.786    22.9798 0.0000e+00
     -0.552 -5.882e-09     7.6451     89.092      2.397   2.300070     0.0000    -0.2579     0.1278     0.1269 5.4545e+02     2.9837     -0.542     -0.786    22.9786 0.0000e+00
     -0.552 -7.563e-09     7.6450     89.091      2.400   2.302969     0.0000    -0.2426     0.1278     0.1269 5.3581e+02     3.1196     -0.542     -0.786    22.9775 0.0000e+00
     -0.552 -9.724e-09     7.6451     89.087      2.405   2.308004     0.0000    -0.2541     0.0852     0.2538 5.2784e+02     2.9535     -0.542     -0.786    22.9765 0.0000e+00
     -0.553 -1.250e-08     7.6453     89.081      2.406   2.308563     0.0000    -0.2350     0.0852     0.2538 5.0726e+02     3.0441     -0.542     -0.786    22.9755 0.0000e+00
     -0.553 -1.607e-08     7.6454     89.075      2.406   2.308773     0.0000    -0.2502     0.0852     0.2538 5.1627e+02     3.1196     -0.542     -0.786    22.9748 0.0000e+00
     -0.553 -2.067e-08     7.6455     89.071      2.406   2.308689     0.0000    -0.2502     0.0852     0.2538 5.3780e+02     3.0290     -0.542     -0.786    22.9742 0.0000e+00
     -0.553 -2.657e-08     7.6452     89.070      2.402   2.304313     0.0000    -0.2464     0.0852     0.0846 5.3060e+02     2.9837     -0.542     -0.786    22.9739 0.0000e+00
     -0.553 -3.416e-08     7.6447     89.067      2.395   2.298454     0.0000    -0.2579     0.0852     0.0846 4.6756e+02     3.0139     -0.542     -0.786    22.9737 0.0000e+00
     -0.552 -4.392e-08     7.6442     89.064      2.390   2.293528     0.0000    -0.2426     0.0852     0.0846 4.9939e+02     3.1649     -0.542     -0.786    22.9737 0.0000e+00
     -0.552 -5.647e-08     7.6439     89.065      2.385   2.288221     0.0000    -0.2350     0.0852     0.0846 5.3908e+02     3.1196     -0.542     -0.786    22.9737 0.0000e+00
     -0.552 -7.261e-08     7.6437     89.070      2.377   2.281119     0.0000    -0.2350     0.0852     0.0846 5.2145e+02     3.1045     -0.542     -0.786    22.9735 0.0000e+00
     -0.552 -9.336e-08     7.6435     89.075      2.370   2.274303     0.0000    -0.2655     0.1278     0.0846 5.7129e+02     2.8175     -0.542     -0.786    22.9732 0.0000e+00
     -0.552 -1.200e-07     7.6434     89.079      2.370   2.273913     0.0000    -0.2273     0.1278     0.0846 5.7290e+02     2.8024     -0.542     -0.786    22.9726 0.0000e+00
     -0.552 -1.543e-07     7.6437     89.080      2.376   2.279845     0.0000    -0.2350     0.1278     0.0846 5.6095e+02     2.9081     -0.542     -0.786    22.9718 0.0000e+00
     -0.552 -1.984e-07     7.6442     89.079      2.382   2.285725     0.0000    -0.2350     0.1278     0.0846 4.9906e+02     2.7571     -0.542     -0.786    22.9708 0.0000e+00
     -0.552 -2.551e-07     7.6447     89.081      2.386   2.289142     0.0000    -0.2579     0.0426     0.1269 5.2750e+02     3.0743     -0.542     -0.786    22.9698 0.0000e+00
     -0.552 -3.280e-07     7.6452     89.084      2.388   2.291010     0.0000    -0.2502     0.0426     0.1269 5.5236e+02     2.9988     -0.542     -0.786    22.9689 0.0000e+00
     -0.552 -4.217e-07     7.6454     89.085      2.389   2.291825     0.0000    -0.2579     0.0426     0.1269 5.6733e+02     3.0894     -0.542     -0.786    22.9680 0.0000e+00
     -0.552 -4.217e-07     7.6455     89.088      2.389   2.291804     0.0000    -0.2273     0.0426     0.1269 5.7240e+02     3.1196     -0.542     -0.785    22.9672 0.0000e+00
     -0.552 -3.280e-07     7.6457     89.088      2.388   2.290943     0.0000    -0.2617     0.1278     0.2115 5.7979e+02     2.9837     -0.541     -0.785    22.9667 0.0000e+00
     -0.552 -2.551e-07     7.6460     89.083      2.386   2.289012     0.0000    -0.2579     0.1278     0.2115 5.7203e+02     2.9837     -0.541     -0.785    22.9665 0.0000e+00
     -0.552 -1.984e-07     7.6461     89.076      2.386   2.289474     0.0000    -0.2388     0.1278     0.2115 5.7992e+02     3.1196     -0.541     -0.785    22.9664 0.0000e+00
     -0.552 -1.543e-07     7.6464     89.071      2.389   2.292451     0.0000    -0.2693     0.1278     0.2115 5.8206e+02     3.0894     -0.541     -0.785    22.9660 0.0000e+00
     -0.552 -1.200e-07     7.6465     89.070      2.388   2.290782     0.0000    -0.2502     0.0852     0.0846 5.8702e+02     3.0592     -0.541     -0.785    22.9652 0.0000e+00
     -0.552 -9.336e-08     7.6462     89.071      2.381   2.284022     0.0000    -0.2502     0.0852     0.0846 5.8231e+02     3.0441     -0.541     -0.785    22.9645 0.0000e+00
     -0.552 -7.262e-08     7.6456     89.072      2.375   2.278323     0.0000    -0.2350     0.0852     0.0846 5.8206e+02     3.1196     -0.541     -0.785    22.9641 0.0000e+00
     -0.552 -5.648e-08     7.6452     89.074      2.372   2.276144     0.0000    -0.2197     0.0852     0.0846 5.8396e+02     3.0894     -0.541     -0.785    22.9641 0.0000e+00
     -0.552 -4.392e-08     7.6451     89.079      2.369   2.272926     0.0000    -0.2579     0.0852     0.0846 5.8422e+02     3.0592     -0.541     -0.785    22.9640 0.0000e+00
     -0.552 -3.416e-08     7.6452     89.086      2.364   2.267810     0.0000    -0.2502     0.0852     0.0000 5.8561e+02     3.1045     -0.541     -0.785    22.9639 0.0000e+00
     -0.552 -2.657e-08     7.6453     89.092      2.364   2.267389     0.0000    -0.2655     0.0852     0.0000 5.8523e+02     3.1045     -0.541     -0.785    22.9639 0.0000e+00
     -0.552 -2.067e-08     7.6455     89.097      2.368   2.271549     0.0000    -0.2541     0.0852     0.0000 5.8371e+02     3.0441     -0.541     -0.785    22.9640 0.0000e+00
     -0.552 -1.607e-08     7.6459     89.101      2.370   2.273444     0.0000    -0.2579     0.0852     0.0000 5.8371e+02     3.0894     -0.541     -0.785    22.9641 0.0000e+00
     -0.552 -1.250e-08     7.6465     89.103      2.366   2.269603     0.0000    -0.2579     0.0426     0.2115 5.8778e+02     3.0290     -0.541     -0.785    22.9641 0.0000e+00
     -0.552 -9.724e-09     7.6470     89.103      2.359   2.262978     0.0000    -0.2502     0.0426     0.2115 5.8880e+02     3.1498     -0.541     -0.785    22.9642 0.0000e+00
     -0.552 -7.562e-09     7.6474     89.097      2.355   2.259759     0.0000    -0.2426     0.0426     0.2115 5.9085e+02     3.1196     -0.541     -0.785    22.9643 0.0000e+00
     -0.552 -5.882e-09     7.6478     89.091      2.355   2.259087     0.0000    -0.2388     0.0426     0.2115 5.8983e+02     2.8779     -0.541     -0.785    22.9641 0.0000e+00
     -0.552 -4.575e-09     7.6480     89.087      2.352   2.256805     0.0000    -0.2426     0.0852     0.1692 5.8778e+02     2.7269     -0.541     -0.785    22.9640 0.0000e+00
     -0.552 -3.558e-09     7.6480     89.085      2.348   2.252304     0.0000    -0.2579     0.0852     0.1692 5.7866e+02     2.7873     -0.541     -0.785    22.9639 0.0000e+00
     -0.552 -2.768e-09     7.6476     89.083      2.339   2.244384     0.0000    -0.2617     0.0852     0.1692 5.1784e+02     2.8326     -0.541     -0.785    22.9637 0.0000e+00
     -0.552 -2.153e-09     7.6470     89.081      2.329   2.234910     0.0000    -0.2579     0.0852     0.1692 5.9485e+02     3.0139     -0.541     -0.785    22.9634 0.0000e+00
     -0.552 -1.674e-09     7.6467     89.084      2.324   2.229313     0.0000    -0.2426     0.0852     0.2538 5.9073e+02     3.1498     -0.541     -0.785    22.9630 0.0000e+00
     -0.552 -1.302e-09     7.6466     89.089      2.325   2.230076     0.0000    -0.2655     0.0852     0.2538 5.9227e+02     3.1347     -0.541     -0.785    22.9625 0.0000e+00
