Data/DataNotYetUploadedToEDI/Raw_CTD/RawDownloads/061826_ccr30_S8188024.cnv
* Sea-Bird SBE19plus  Data File:
* FileName = C:\R\Reservoirs\Data\DataNotYetUploadedToEDI\Raw_CTD\RawDownloads\062526_ccr50_S8188_0024.hex
* Software version 2.8.0.119
* Temperature SN = 8188
* Conductivity SN = 8188
* System UpLoad Time = Jun 29 2026 18:18:27
* <ApplicationData>
* <Seaterm232>
# nquan = 16
# nvalues = 483                         
# units = specified
# name 0 = depFM: Depth [fresh water, m]
# name 1 = dz/dtM: Descent Rate [m/s]
# name 2 = sbeox0Mg/L: Oxygen, SBE 43 [mg/l]
# name 3 = sbeox0PS: Oxygen, SBE 43 [% saturation]
# name 4 = specc: Specific Conductance [uS/cm]
# name 5 = c0uS/cm: Conductivity [uS/cm]
# name 6 = wetCDOM: Fluorescence, WET Labs CDOM [mg/m^3]
# name 7 = flECO-AFL: Fluorescence, WET Labs ECO-AFL/FL [mg/m^3]
# name 8 = flECO-AFL1: Fluorescence, WET Labs ECO-AFL/FL, 2 [mg/m^3]
# name 9 = flECO-AFL2: Fluorescence, WET Labs ECO-AFL/FL, 3 [mg/m^3]
# name 10 = par/sat/log: PAR/Logarithmic, Satlantic
# name 11 = turbWETntu0: Turbidity, WET Labs ECO [NTU]
# name 12 = prdM: Pressure, Strain Gauge [db]
# name 13 = prdE: Pressure, Strain Gauge [psi]
# name 14 = tv290C: Temperature [ITS-90, deg C]
# name 15 = flag:  0.000e+00
# span 0 =     -0.426,      1.433       
# span 1 =     -0.014,      0.279       
# span 2 =     4.4030,     8.6398       
# span 3 =     53.968,    104.973       
# span 4 =   -436.405,    151.777       
# span 5 =-436.460762, 153.598484       
# span 6 =    -4.5000,     8.3700       
# span 7 =     0.1427,     0.5013       
# span 8 =    -2.1300,     0.1278       
# span 9 =    -3.3417,     0.2961       
# span 10 = 1.3209e+02, 1.4911e+03      
# span 11 =    -0.0829,     1.7147      
# span 12 =     -0.417,      1.406      
# span 13 =     -0.606,      2.038      
# span 14 =    22.7975,    25.7492      
# span 15 = 0.0000e+00, 0.0000e+00      
# interval = seconds: 0.25
# start_time = Jun 18 2026 11:11:58 [Instrument's time stamp, header]
# bad_flag = -9.990e-29
*END*
[from data line 362]
      1.353      0.002     8.2606     85.736    151.446 153.598484     8.2800     0.4440     0.0426     0.2115 1.7055e+02     1.2313      1.327      1.925    25.4690 0.0000e+00
      1.354      0.002     8.0293     81.279    151.370 153.583370     8.2800     0.4135     0.0426     0.2115 1.7373e+02     1.2615      1.327      1.925    25.5562 0.0000e+00
      1.354      0.002     7.7234     77.254    151.315 153.565009     8.2800     0.4250     0.1278     0.2115 1.7533e+02     1.2011      1.328      1.926    25.6248 0.0000e+00
      1.355      0.002     7.3678     73.926    151.272 153.542515     8.2800     0.4097     0.1278     0.2115 1.7575e+02     1.1407      1.329      1.927    25.6730 0.0000e+00
      1.356      0.001     6.9920     71.433    151.241 153.521908     8.2800     0.4021     0.1278     0.2115 1.7782e+02     1.1407      1.329      1.928    25.7048 0.0000e+00
      1.356      0.001     6.6258     69.722    151.217 153.501702     8.2800     0.4021     0.1278     0.2115 1.7832e+02     1.1407      1.329      1.928    25.7250 0.0000e+00
      1.355      0.000     6.2961     68.597    151.197 153.480515     8.1900     0.4326     0.0426     0.2115 1.8125e+02     1.1407      1.329      1.928    25.7373 0.0000e+00
      1.355      0.000     6.0239     67.839    151.178 153.456703     8.1900     0.4212     0.0426     0.2115 1.8248e+02     1.2162      1.329      1.928    25.7443 0.0000e+00
      1.355      0.000     5.8202     67.272    151.148 153.419910     8.1900     0.4059     0.0426     0.2115 1.8224e+02     1.3975      1.329      1.928    25.7479 0.0000e+00
      1.355      0.000     5.6805     66.778    151.116 153.380359     8.1900     0.3983     0.0426     0.2115 1.8094e+02     1.4881      1.329      1.928    25.7492 0.0000e+00
      1.355      0.000     5.5888     66.285    151.094 153.351545     8.2800     0.3945     0.0852     0.1269 1.7945e+02     1.4126      1.329      1.927    25.7489 0.0000e+00
      1.355      0.000     5.5271     65.761    151.071 153.321778     8.2800     0.4135     0.0852     0.1269 1.7941e+02     1.4881      1.328      1.927    25.7474 0.0000e+00
      1.355      0.001     5.4811     65.201    151.040 153.283118     8.2800     0.4364     0.0852     0.1269 1.7659e+02     1.3824      1.328      1.927    25.7454 0.0000e+00
      1.355      0.001     5.4411     64.616    151.014 153.249299     8.2800     0.4135     0.0852     0.1269 1.7674e+02     1.4428      1.329      1.928    25.7432 0.0000e+00
      1.356      0.001     5.4011     64.027    151.003 153.231338     8.2800     0.4135     0.0852     0.1269 1.7567e+02     1.3975      1.329      1.928    25.7409 0.0000e+00
      1.356      0.001     5.3586     63.449    150.999 153.220438     8.2800     0.4288     0.0852     0.1692 1.7571e+02     1.4277      1.330      1.929    25.7386 0.0000e+00
      1.356      0.001     5.3132     62.896    150.992 153.205677     8.2800     0.4173     0.0852     0.1692 1.7690e+02     1.4579      1.330      1.929    25.7362 0.0000e+00
      1.357      0.002     5.2658     62.381    150.985 153.193136     8.2800     0.4097     0.0852     0.1692 1.7759e+02     1.4428      1.331      1.930    25.7338 0.0000e+00
      1.357      0.002     5.2180     61.919    150.989 153.191492     8.2800     0.4326     0.0852     0.1692 1.7848e+02     1.4730      1.331      1.930    25.7314 0.0000e+00
      1.358      0.003     5.1712     61.520    151.002 153.200307     8.2800     0.4288     0.0426     0.1269 1.7906e+02     1.4579      1.331      1.931    25.7291 0.0000e+00
      1.358      0.005     5.1263     61.185    151.015 153.209910     8.2800     0.4135     0.0426     0.1269 1.8188e+02     1.4126      1.332      1.932    25.7268 0.0000e+00
      1.359      0.007     5.0845     60.899    151.018 153.208837     8.2800     0.3983     0.0426     0.1269 1.8455e+02     1.3975      1.333      1.933    25.7248 0.0000e+00
      1.361      0.009     5.0470     60.647    151.012 153.200808     8.2800     0.4135     0.0426     0.1269 1.8323e+02     1.4881      1.335      1.936    25.7231 0.0000e+00
      1.364      0.012     5.0146     60.413    151.005 153.191696     8.2800     0.3983     0.0852     0.1692 1.8295e+02     1.4277      1.338      1.940    25.7217 0.0000e+00
      1.368      0.014     4.9874     60.181    150.994 153.181074     8.2800     0.4288     0.0852     0.1692 1.8252e+02     1.5183      1.341      1.946    25.7204 0.0000e+00
      1.372      0.015     4.9642     59.946    150.983 153.172122     8.2800     0.4517     0.0852     0.1692 1.8086e+02     1.2011      1.345      1.951    25.7193 0.0000e+00
      1.376      0.015     4.9437     59.709    150.974 153.166458     8.2800     0.4097     0.0852     0.1692 1.8094e+02     1.1256      1.349      1.957    25.7185 0.0000e+00
      1.380      0.015     4.9247     59.472    150.966 153.162573     8.2800     0.4364     0.0426     0.0846 1.7887e+02     1.0652      1.353      1.963    25.7180 0.0000e+00
      1.384      0.015     4.9058     59.245    150.951 153.153421     8.2800     0.3945     0.0426     0.0846 1.7828e+02     1.1860      1.357      1.968    25.7181 0.0000e+00
      1.388      0.014     4.8866     59.030    150.922 153.130549     8.2800     0.4250     0.0426     0.0846 1.7883e+02     1.4428      1.361      1.974    25.7187 0.0000e+00
      1.392      0.012     4.8671     58.814    150.890 153.101885     8.2800     0.3945     0.0426     0.0846 1.7809e+02     1.4579      1.365      1.979    25.7199 0.0000e+00
      1.395      0.011     4.8477     58.593    150.866 153.079821     8.2800     0.4135     0.0426     0.0846 1.7697e+02     1.4881      1.368      1.984    25.7215 0.0000e+00
      1.397      0.009     4.8290     58.373    150.854 153.068490     8.3700     0.4212     0.0852     0.1269 1.7617e+02     1.4277      1.370      1.987    25.7235 0.0000e+00
      1.399      0.007     4.8113     58.160    150.859 153.072885     8.3700     0.4135     0.0852     0.1269 1.7453e+02     1.2918      1.371      1.990    25.7255 0.0000e+00
      1.400      0.006     4.7936     57.960    150.878 153.090170     8.3700     0.4250     0.0852     0.1269 1.7328e+02     1.3673      1.373      1.991    25.7269 0.0000e+00
      1.401      0.005     4.7755     57.774    150.894 153.102916     8.3700     0.4364     0.0852     0.1269 1.7419e+02     1.3522      1.374      1.993    25.7277 0.0000e+00
      1.403      0.004     4.7576     57.600    150.889 153.094486     8.2800     0.4135     0.0852     0.1269 1.7460e+02     1.3220      1.375      1.995    25.7278 0.0000e+00
      1.404      0.004     4.7403     57.442    150.869 153.070647     8.2800     0.4135     0.0852     0.1269 1.7491e+02     1.2313      1.376      1.996    25.7274 0.0000e+00
      1.404      0.003     4.7240     57.306    150.852 153.049083     8.2800     0.4021     0.0852     0.1269 1.7373e+02     1.1558      1.377      1.997    25.7267 0.0000e+00
      1.405      0.002     4.7089     57.196    150.837 153.030054     8.2800     0.4326     0.0852     0.1269 1.7716e+02     1.1709      1.378      1.998    25.7258 0.0000e+00
      1.405      0.001     4.6949     57.118    150.824 153.012493     8.2800     0.4135     0.0852     0.2115 1.7701e+02     1.1709      1.378      1.999    25.7247 0.0000e+00
      1.406     -0.001     4.6821     57.082    150.834 153.019766     8.2800     0.4402     0.0852     0.2115 1.7605e+02     1.1860      1.379      2.000    25.7234 0.0000e+00
      1.406     -0.002     4.6711     57.093    150.866 153.047802     8.2800     0.4097     0.0852     0.2115 1.7643e+02     1.2313      1.379      1.999    25.7219 0.0000e+00
      1.405     -0.003     4.6623     57.136    150.878 153.053989     8.2800     0.4440     0.0852     0.2115 1.7809e+02     1.2011      1.378      1.998    25.7206 0.0000e+00
      1.403     -0.004     4.6560     57.193    150.868 153.037973     8.2800     0.4212     0.0852     0.2115 1.7844e+02     1.2464      1.376      1.996    25.7194 0.0000e+00
      1.402     -0.004     4.6532     57.256    150.858 153.021529     8.1900     0.4135     0.0852     0.1269 1.7953e+02     1.3975      1.375      1.994    25.7182 0.0000e+00
      1.401     -0.004     4.6542     57.313    150.847 153.004279     8.1900     0.4250     0.0852     0.1269 1.8236e+02     1.4428      1.374      1.992    25.7168 0.0000e+00
      1.400     -0.003     4.6578     57.349    150.843 152.993642     8.1900     0.4440     0.0852     0.1269 1.8228e+02     1.3220      1.373      1.991    25.7151 0.0000e+00
      1.399     -0.003     4.6627     57.359    150.851 152.994796     8.1900     0.4135     0.0852     0.1269 1.8467e+02     1.5183      1.372      1.990    25.7132 0.0000e+00
      1.398     -0.002     4.6680     57.349    150.862 153.000036     8.2800     0.4173     0.0426     0.1692 1.8820e+02     1.0954      1.372      1.989    25.7110 0.0000e+00
      1.398     -0.002     4.6728     57.334    150.872 153.002743     8.2800     0.4288     0.0426     0.1692 1.8685e+02     1.2313      1.372      1.989    25.7089 0.0000e+00
      1.398     -0.001     4.6760     57.317    150.879 153.003639     8.2800     0.3945     0.0426     0.1692 1.8540e+02     1.1558      1.372      1.989    25.7067 0.0000e+00
      1.398     -0.001     4.6769     57.282    150.888 153.006970     8.2800     0.4250     0.0426     0.1692 1.8536e+02     1.0349      1.371      1.988    25.7045 0.0000e+00
      1.398     -0.001     4.6763     57.214    150.891 153.005609     8.2800     0.4059     0.0852     0.1269 1.8256e+02     1.1709      1.371      1.988    25.7023 0.0000e+00
      1.397     -0.000     4.6753     57.103    150.893 153.003201     8.2800     0.4097     0.0852     0.1269 1.8268e+02     1.2615      1.371      1.988    25.7000 0.0000e+00
      1.397     -0.000     4.6740     56.951    150.894 153.001107     8.2800     0.4135     0.0852     0.1269 1.7941e+02     1.2011      1.371      1.988    25.6979 0.0000e+00
      1.398     -0.000     4.6714     56.762    150.877 152.980736     8.2800     0.4059     0.0852     0.1269 1.7632e+02     1.2615      1.371      1.988    25.6961 0.0000e+00
      1.398      0.000     4.6659     56.541    150.854 152.954688     8.3700     0.3983     0.0852     0.2115 1.7682e+02     1.2313      1.371      1.988    25.6946 0.0000e+00
      1.398      0.000     4.6570     56.299    150.847 152.946070     8.3700     0.4212     0.0852     0.2115 1.7422e+02     1.2464      1.371      1.988    25.6932 0.0000e+00
      1.398      0.000     4.6447     56.046    150.839 152.936555     8.3700     0.4135     0.0852     0.2115 1.7647e+02     1.2464      1.371      1.988    25.6921 0.0000e+00
      1.398      0.000     4.6294     55.794    150.819 152.915591     8.3700     0.4097     0.0852     0.2115 1.7571e+02     1.1860      1.371      1.988    25.6910 0.0000e+00
      1.398      0.000     4.6114     55.560    150.806 152.901630     8.3700     0.4135     0.0852     0.2115 1.7313e+02     1.1709      1.371      1.988    25.6901 0.0000e+00
      1.398      0.000     4.5918     55.355    150.799 152.894957     8.2800     0.4097     0.0426     0.1269 1.7351e+02     1.1407      1.371      1.989    25.6895 0.0000e+00
      1.398      0.000     4.5712     55.183    150.790 152.885777     8.2800     0.4250     0.0426     0.1269 1.7096e+02     1.1709      1.371      1.989    25.6890 0.0000e+00
      1.399      0.001     4.5506     55.042    150.785 152.879658     8.2800     0.4173     0.0426     0.1269 1.7115e+02     1.0954      1.372      1.989    25.6888 0.0000e+00
      1.399      0.001     4.5315     54.923    150.789 152.882982     8.2800     0.4173     0.0426     0.1269 1.7048e+02     1.4579      1.372      1.989    25.6887 0.0000e+00
      1.399      0.001     4.5148     54.811    150.791 152.884612     8.2800     0.4212     0.0426     0.1269 1.6772e+02     1.4428      1.372      1.989    25.6887 0.0000e+00
      1.399      0.001     4.5007     54.706    150.791 152.884985     8.2800     0.4059     0.0426     0.1269 1.6956e+02     1.4428      1.372      1.990    25.6887 0.0000e+00
      1.399      0.001     4.4893     54.616    150.802 152.896220     8.2800     0.4212     0.0426     0.1269 1.7234e+02     1.4428      1.372      1.990    25.6885 0.0000e+00
      1.400      0.001     4.4796     54.534    150.815 152.909293     8.2800     0.4364     0.0426     0.1269 1.7438e+02     1.5032      1.373      1.990    25.6883 0.0000e+00
      1.400      0.001     4.4704     54.450    150.818 152.911662     8.1900     0.3906     0.0852     0.2538 1.7659e+02     1.3824      1.373      1.990    25.6882 0.0000e+00
      1.400      0.001     4.4619     54.349    150.811 152.903958     8.1900     0.4212     0.0852     0.2538 1.7609e+02     1.4579      1.373      1.990    25.6882 0.0000e+00
      1.400      0.000     4.4546     54.238    150.804 152.896148     8.1900     0.4212     0.0852     0.2538 1.7813e+02     1.4428      1.373      1.990    25.6882 0.0000e+00
      1.400      0.000     4.4480     54.142    150.803 152.894163     8.1900     0.3678     0.0852     0.2538 1.7438e+02     1.1558      1.373      1.990    25.6881 0.0000e+00
      1.400      0.001     4.4411     54.078    150.812 152.901481     8.1900     0.3716     0.0852     0.2538 1.7419e+02     1.1709      1.373      1.991    25.6879 0.0000e+00
      1.400      0.001     4.4329     54.040    150.835 152.920055     8.2800     0.3563     0.0852     0.1269 1.7242e+02     1.2615      1.373      1.991    25.6877 0.0000e+00
      1.400      0.001     4.4238     54.008    150.857 152.934802     8.2800     0.3716     0.0852     0.1269 1.6974e+02     1.3220      1.373      1.991    25.6875 0.0000e+00
      1.400      0.002     4.4160     53.980    150.865 152.929619     8.2800     0.4364     0.0852     0.1269 1.6978e+02     1.2162      1.373      1.991    25.6872 0.0000e+00
      1.401      0.002     4.4108     53.968    150.868 152.915144     8.2800     0.4021     0.0852     0.1269 1.6867e+02     1.2011      1.374      1.992    25.6865 0.0000e+00
      1.401      0.002     4.4078     53.983    150.878 152.907551     8.2800     0.4288     0.0852     0.1692 1.7059e+02     1.2313      1.374      1.993    25.6851 0.0000e+00
      1.402      0.002     4.4055     54.042    150.887 152.904813     8.2800     0.4173     0.0852     0.1692 1.7201e+02     1.2464      1.375      1.994    25.6824 0.0000e+00
      1.403      0.002     4.4036     54.171    150.894 152.906201     8.2800     0.4212     0.0852     0.1692 1.7373e+02     1.1709      1.375      1.995    25.6780 0.0000e+00
      1.403      0.002     4.4030     54.396    150.908 152.916091     8.2800     0.4288     0.0852     0.1692 1.7759e+02     1.0803      1.376      1.995    25.6723 0.0000e+00
      1.403      0.002     4.4047     54.741    150.922 152.925099     8.1900     0.4288     0.0426     0.2538 1.8102e+02     1.1407      1.376      1.996    25.6666 0.0000e+00
      1.404      0.003     4.4098     55.238    150.924 152.923607     8.1900     0.4173     0.0426     0.2538 1.8184e+02     1.1709      1.377      1.996    25.6627 0.0000e+00
      1.405      0.003     4.4205     55.910    150.923 152.923237     8.1900     0.4669     0.0426     0.2538 1.8181e+02     1.1860      1.378      1.998    25.6605 0.0000e+00
      1.406      0.004     4.4390     56.750    150.927 152.931905     8.1900     0.5013     0.0426     0.2538 1.8331e+02     1.2313      1.379      1.999    25.6590 0.0000e+00
      1.407      0.004     4.4672     57.753    150.933 152.943907     8.1900     0.4708     0.0426     0.2538 1.8236e+02     1.1407      1.380      2.001    25.6576 0.0000e+00
      1.408      0.004     4.5079     58.924    150.945 152.962447     8.2800     0.4784     0.0426     0.2538 1.8288e+02     1.1709      1.381      2.002    25.6565 0.0000e+00
