Data/DataNotYetUploadedToEDI/Raw_CTD/RawDownloads/061826_ccr50_S8188022.cnv
* Sea-Bird SBE19plus  Data File:
* FileName = C:\R\Reservoirs\Data\DataNotYetUploadedToEDI\Raw_CTD\RawDownloads\062526_ccr50_S8188_0022.hex
* Software version 2.8.0.119
* Temperature SN = 8188
* Conductivity SN = 8188
* System UpLoad Time = Jun 29 2026 18:18:05
* <ApplicationData>
* <Seaterm232>
# nquan = 16
# nvalues = 3064                        
# units = specified
# name 0 = depFM: Depth [fresh water, m]
# name 1 = dz/dtM: Descent Rate [m/s]
# name 2 = sbeox0Mg/L: Oxygen, SBE 43 [mg/l]
# name 3 = sbeox0PS: Oxygen, SBE 43 [% saturation]
# name 4 = specc: Specific Conductance [uS/cm]
# name 5 = c0uS/cm: Conductivity [uS/cm]
# name 6 = wetCDOM: Fluorescence, WET Labs CDOM [mg/m^3]
# name 7 = flECO-AFL: Fluorescence, WET Labs ECO-AFL/FL [mg/m^3]
# name 8 = flECO-AFL1: Fluorescence, WET Labs ECO-AFL/FL, 2 [mg/m^3]
# name 9 = flECO-AFL2: Fluorescence, WET Labs ECO-AFL/FL, 3 [mg/m^3]
# name 10 = par/sat/log: PAR/Logarithmic, Satlantic
# name 11 = turbWETntu0: Turbidity, WET Labs ECO [NTU]
# name 12 = prdM: Pressure, Strain Gauge [db]
# name 13 = prdE: Pressure, Strain Gauge [psi]
# name 14 = tv290C: Temperature [ITS-90, deg C]
# name 15 = flag:  0.000e+00
# span 0 =     -0.503,     16.676       
# span 1 =     -0.171,      0.203       
# span 2 =     0.2776,    11.2699       
# span 3 =      2.546,    118.425       
# span 4 =   -630.749,    167.476       
# span 5 =-473.490914, 152.569920       
# span 6 =    -4.5000,    21.3300       
# span 7 =    -0.2502,    16.9772       
# span 8 =    -2.1300,     0.4686       
# span 9 =    -2.0304,     0.8037       
# span 10 = 1.1580e-01, 2.1425e+03      
# span 11 =    -1.0346,   294.4774      
# span 12 =     -0.493,     16.354      
# span 13 =     -0.715,     23.719      
# span 14 =    11.4549,    25.3984      
# span 15 = 0.0000e+00, 0.0000e+00      
# interval = seconds: 0.25
# start_time = Jun 18 2026 10:19:28 [Instrument's time stamp, header]
# bad_flag = -9.990e-29
*END*
[from data line 2080]
     12.109      0.056     9.2717     87.400    146.814 110.336116    16.2000     1.4893     0.0852     0.2538 1.8738e-01     1.4428     11.875     17.223    12.5775 0.0000e+00
     12.123      0.053     9.2775     87.436    146.808 110.331026    16.2000     1.4016     0.0852     0.2538 1.9664e-01     1.6694     11.889     17.243    12.5762 0.0000e+00
     12.136      0.051     9.2832     87.466    146.816 110.335879    16.2000     1.4283     0.0852     0.2538 1.7178e-01     1.6694     11.901     17.261    12.5752 0.0000e+00
     12.149      0.049     9.2888     87.500    146.838 110.351970    16.2000     1.4206     0.0852     0.2538 1.6073e-01     1.5788     11.914     17.279    12.5744 0.0000e+00
     12.161      0.047     9.2938     87.530    146.841 110.353598    16.2000     1.4016     0.0852     0.2538 1.6733e-01     1.6543     11.925     17.296    12.5739 0.0000e+00
     12.172      0.046     9.2976     87.539    146.812 110.331200    16.2000     1.5656     0.0852     0.2538 1.6476e-01     0.8083     11.936     17.312    12.5736 0.0000e+00
     12.183      0.046     9.3009     87.523    146.785 110.308795    16.2000     1.5580     0.1278     0.0846 1.7253e-01     0.9443     11.947     17.328    12.5733 0.0000e+00
     12.194      0.046     9.3045     87.487    146.784 110.304402    16.2000     1.5351     0.1278     0.0846 1.7026e-01     0.9292     11.958     17.344    12.5731 0.0000e+00
     12.206      0.047     9.3078     87.435    146.808 110.318847    16.2000     1.5656     0.1278     0.0846 1.7041e-01     1.0047     11.970     17.361    12.5729 0.0000e+00
     12.218      0.047     9.3088     87.377    146.844 110.341988    16.2000     1.7945     0.1278     0.0846 1.8592e-01     1.2011     11.982     17.378    12.5726 0.0000e+00
     12.231      0.047     9.3073     87.312    146.878 110.363999    16.2000     1.7945     0.1278     0.0846 1.7910e-01     1.1407     11.994     17.396    12.5719 0.0000e+00
     12.243      0.046     9.3037     87.235    146.882 110.364756    16.2000     1.7792     0.0426     0.2538 1.5273e-01     1.2011     12.007     17.414    12.5708 0.0000e+00
     12.255      0.045     9.2985     87.147    146.849 110.338463    16.2000     1.8135     0.0426     0.2538 1.6168e-01     1.1709     12.018     17.431    12.5694 0.0000e+00
     12.266      0.044     9.2925     87.059    146.830 110.322096    16.2000     1.5580     0.0426     0.2538 1.6729e-01     0.8235     12.029     17.447    12.5681 0.0000e+00
     12.277      0.042     9.2858     86.973    146.833 110.323287    16.2000     1.5389     0.0426     0.2538 1.3535e-01     0.8990     12.040     17.462    12.5670 0.0000e+00
     12.287      0.041     9.2778     86.891    146.831 110.320360    16.2900     1.5541     0.0852     0.2538 1.4118e-01     0.8990     12.050     17.477    12.5661 0.0000e+00
     12.298      0.041     9.2686     86.814    146.822 110.312534    16.2900     1.5351     0.0852     0.2538 1.9600e-01     0.9594     12.060     17.492    12.5655 0.0000e+00
     12.308      0.041     9.2593     86.750    146.809 110.301722    16.2900     1.7411     0.0852     0.2538 1.5951e-01     1.1709     12.070     17.506    12.5650 0.0000e+00
     12.318      0.041     9.2503     86.711    146.789 110.287040    16.2900     1.7144     0.0852     0.2538 1.5197e-01     1.1407     12.080     17.521    12.5646 0.0000e+00
     12.329      0.041     9.2417     86.704    146.767 110.270570    16.2000     1.7373     0.0852     0.2961 1.6394e-01     1.1105     12.090     17.535    12.5641 0.0000e+00
     12.339      0.040     9.2335     86.726    146.763 110.267916    16.2000     1.7487     0.0852     0.2961 1.6298e-01     1.1860     12.100     17.550    12.5637 0.0000e+00
     12.350      0.040     9.2267     86.767    146.789 110.288366    16.2000     1.6228     0.0852     0.2961 1.8451e-01     1.0803     12.111     17.565    12.5635 0.0000e+00
     12.360      0.041     9.2226     86.820    146.811 110.305383    16.2000     1.5999     0.0852     0.2961 1.4090e-01     1.2313     12.121     17.580    12.5634 0.0000e+00
     12.370      0.041     9.2219     86.880    146.813 110.307509    16.2000     1.6266     0.0852     0.2538 1.6824e-01     1.1407     12.131     17.594    12.5634 0.0000e+00
     12.380      0.042     9.2242     86.948    146.809 110.305308    16.2000     1.6190     0.0852     0.2538 1.5848e-01     1.1407     12.141     17.608    12.5636 0.0000e+00
     12.391      0.043     9.2285     87.016    146.788 110.290196    16.2000     1.7449     0.0852     0.2538 1.2648e-01     1.0954     12.151     17.624    12.5638 0.0000e+00
     12.402      0.044     9.2340     87.070    146.769 110.276138    16.2000     1.7487     0.0852     0.2538 1.6527e-01     1.1105     12.162     17.640    12.5640 0.0000e+00
     12.414      0.045     9.2404     87.103    146.773 110.279378    16.2000     1.7449     0.0852     0.2538 1.5817e-01     1.1709     12.174     17.657    12.5643 0.0000e+00
     12.426      0.046     9.2476     87.112    146.788 110.290785    16.2900     1.7563     0.0852     0.2961 1.4090e-01     1.1407     12.186     17.674    12.5645 0.0000e+00
     12.438      0.046     9.2548     87.099    146.820 110.315398    16.2900     1.6762     0.0852     0.2961 1.5844e-01     1.1558     12.198     17.691    12.5646 0.0000e+00
     12.450      0.045     9.2606     87.066    146.863 110.347785    16.2900     1.6877     0.0852     0.2961 1.4053e-01     1.0954     12.209     17.708    12.5647 0.0000e+00
     12.462      0.044     9.2640     87.015    146.890 110.368591    16.2900     1.6877     0.0852     0.2961 1.3579e-01     1.2011     12.221     17.724    12.5648 0.0000e+00
     12.473      0.043     9.2650     86.951    146.897 110.373366    16.2000     1.6648     0.0852     0.2538 1.4655e-01     1.1709     12.232     17.740    12.5649 0.0000e+00
     12.484      0.043     9.2636     86.888    146.874 110.355386    16.2000     1.5084     0.0852     0.2538 1.4735e-01     1.2766     12.242     17.756    12.5651 0.0000e+00
     12.494      0.042     9.2600     86.844    146.817 110.311856    16.2000     1.4931     0.0852     0.2538 1.3971e-01     1.0652     12.252     17.771    12.5653 0.0000e+00
     12.504      0.042     9.2546     86.827    146.776 110.279154    16.2000     1.4778     0.0852     0.2538 1.4713e-01     1.0954     12.262     17.785    12.5654 0.0000e+00
     12.515      0.042     9.2478     86.834    146.764 110.268553    16.2000     1.4511     0.0852     0.3384 1.2400e-01     1.0954     12.273     17.800    12.5654 0.0000e+00
     12.526      0.042     9.2411     86.863    146.754 110.259232    16.2000     1.5160     0.0852     0.3384 1.6729e-01     1.1105     12.283     17.816    12.5651 0.0000e+00
     12.537      0.042     9.2366     86.910    146.759 110.260701    16.2000     1.4969     0.0852     0.3384 1.2010e-01     1.1709     12.294     17.832    12.5647 0.0000e+00
     12.548      0.042     9.2349     86.965    146.759 110.259357    16.2000     1.4855     0.0852     0.3384 1.4443e-01     1.2313     12.305     17.848    12.5641 0.0000e+00
     12.559      0.042     9.2357     87.016    146.727 110.234847    16.2000     1.4664     0.0852     0.3384 1.2397e-01     1.2162     12.316     17.863    12.5635 0.0000e+00
     12.570      0.041     9.2389     87.049    146.693 110.208627    16.2900     1.3901     0.0852     0.3384 1.3739e-01     1.1558     12.326     17.878    12.5629 0.0000e+00
     12.580      0.041     9.2440     87.056    146.687 110.203696    16.2900     1.4206     0.0852     0.3384 1.2133e-01     1.0198     12.336     17.893    12.5623 0.0000e+00
     12.590      0.040     9.2499     87.047    146.708 110.218739    16.2900     1.4092     0.0852     0.3384 1.3733e-01     1.2011     12.346     17.907    12.5619 0.0000e+00
     12.600      0.040     9.2554     87.037    146.739 110.241771    16.2900     1.4283     0.0852     0.3384 1.1762e-01     1.1105     12.356     17.921    12.5616 0.0000e+00
     12.610      0.040     9.2590     87.036    146.773 110.266940    16.2000     1.4778     0.0852     0.2961 1.1607e-01     1.3975     12.366     17.936    12.5614 0.0000e+00
     12.620      0.041     9.2598     87.049    146.795 110.282960    16.2000     1.5084     0.0852     0.2961 1.2303e-01     1.4126     12.376     17.950    12.5612 0.0000e+00
     12.631      0.041     9.2588     87.074    146.791 110.280108    16.2000     1.5084     0.0852     0.2961 1.4951e-01     1.3522     12.387     17.965    12.5610 0.0000e+00
     12.641      0.042     9.2578     87.104    146.772 110.265622    16.2000     1.5122     0.0852     0.2961 1.1612e-01     1.3975     12.397     17.980    12.5609 0.0000e+00
     12.652      0.042     9.2578     87.131    146.736 110.237637    16.2000     1.4893     0.0852     0.2115 1.1628e-01     1.1105     12.407     17.995    12.5607 0.0000e+00
     12.663      0.043     9.2592     87.147    146.683 110.196689    16.2000     1.4893     0.0852     0.2115 1.3047e-01     1.2011     12.418     18.011    12.5607 0.0000e+00
     12.674      0.044     9.2618     87.144    146.641 110.163849    16.2000     1.4778     0.0852     0.2115 1.3453e-01     1.2162     12.429     18.027    12.5606 0.0000e+00
     12.685      0.045     9.2650     87.117    146.627 110.152353    16.2000     1.5084     0.0852     0.2115 1.3204e-01     1.1407     12.440     18.043    12.5604 0.0000e+00
     12.697      0.046     9.2680     87.064    146.637 110.159136    16.2000     1.7220     0.0852     0.3807 1.2055e-01     1.3975     12.452     18.059    12.5602 0.0000e+00
     12.709      0.047     9.2698     86.988    146.658 110.174010    16.2000     1.7373     0.0852     0.3807 1.1612e-01     1.4428     12.463     18.076    12.5598 0.0000e+00
     12.721      0.049     9.2695     86.899    146.684 110.192943    16.2000     1.7373     0.0852     0.3807 1.2634e-01     1.3371     12.475     18.093    12.5594 0.0000e+00
     12.733      0.052     9.2667     86.809    146.712 110.212987    16.2000     1.7449     0.0852     0.3807 1.2552e-01     1.4579     12.487     18.111    12.5591 0.0000e+00
     12.746      0.055     9.2612     86.730    146.721 110.219492    16.2000     1.4092     0.0852     0.3807 1.1615e-01     1.4730     12.500     18.129    12.5588 0.0000e+00
     12.760      0.058     9.2532     86.668    146.704 110.206196    16.2900     1.4397     0.0852     0.2961 1.1612e-01     1.4277     12.514     18.150    12.5586 0.0000e+00
     12.776      0.061     9.2437     86.622    146.688 110.193546    16.2900     1.4359     0.0852     0.2961 1.1628e-01     1.3975     12.529     18.172    12.5584 0.0000e+00
     12.793      0.063     9.2342     86.590    146.690 110.194163    16.2900     1.4244     0.0852     0.2961 1.1617e-01     1.3824     12.545     18.196    12.5581 0.0000e+00
     12.810      0.064     9.2259     86.570    146.699 110.200214    16.2900     1.6075     0.0852     0.2961 1.1617e-01     1.1860     12.562     18.220    12.5579 0.0000e+00
     12.827      0.064     9.2193     86.555    146.710 110.207315    16.2000     1.6381     0.0852     0.2961 1.1595e-01     1.1709     12.579     18.245    12.5576 0.0000e+00
     12.844      0.063     9.2145     86.533    146.687 110.189367    16.2000     1.6114     0.0852     0.2961 1.1602e-01     1.2464     12.596     18.269    12.5574 0.0000e+00
     12.860      0.062     9.2111     86.496    146.615 110.133586    16.2000     1.5923     0.0852     0.2961 1.1615e-01     1.1256     12.612     18.292    12.5572 0.0000e+00
     12.875      0.060     9.2090     86.449    146.552 110.085080    16.2000     1.4931     0.0852     0.2961 1.1605e-01     1.2011     12.627     18.313    12.5570 0.0000e+00
     12.890      0.059     9.2075     86.400    146.523 110.060904    16.2900     1.4740     0.0852     0.3384 1.1605e-01     1.1709     12.641     18.334    12.5567 0.0000e+00
     12.905      0.059     9.2052     86.354    146.491 110.034619    16.2900     1.4778     0.0852     0.3384 1.1597e-01     1.1407     12.655     18.355    12.5563 0.0000e+00
     12.920      0.060     9.2013     86.315    146.462 110.011211    16.2900     1.5007     0.0852     0.3384 1.1612e-01     1.1407     12.670     18.376    12.5559 0.0000e+00
     12.935      0.061     9.1964     86.282    146.451 110.000434    16.2900     1.5046     0.0852     0.3384 1.1605e-01     1.3975     12.685     18.398    12.5553 0.0000e+00
     12.951      0.062     9.1914     86.244    146.441 109.991415    16.2000     1.5046     0.0852     0.3384 1.1607e-01     1.5183     12.701     18.421    12.5546 0.0000e+00
     12.967      0.063     9.1867     86.186    146.446 109.993745    16.2000     1.5313     0.0852     0.3384 1.1602e-01     1.3975     12.717     18.444    12.5539 0.0000e+00
     12.984      0.064     9.1827     86.096    146.472 110.012046    16.2000     1.4931     0.0852     0.3384 1.1628e-01     1.3673     12.733     18.468    12.5532 0.0000e+00
     13.001      0.064     9.1793     85.975    146.488 110.023205    16.2000     1.6228     0.0852     0.3384 1.1617e-01     1.4428     12.749     18.491    12.5525 0.0000e+00
     13.017      0.064     9.1754     85.835    146.493 110.026199    16.2000     1.6152     0.0852     0.3384 1.1617e-01     1.3220     12.765     18.514    12.5519 0.0000e+00
     13.033      0.063     9.1693     85.692    146.499 110.029824    16.2000     1.6152     0.0852     0.2538 1.1623e-01     1.4277     12.781     18.537    12.5514 0.0000e+00
     13.049      0.063     9.1599     85.554    146.507 110.035047    16.2000     1.5923     0.0852     0.2538 1.1617e-01     1.4277     12.796     18.560    12.5510 0.0000e+00
     13.065      0.062     9.1471     85.433    146.513 110.039261    16.2000     1.5732     0.0852     0.2538 1.1612e-01     1.0954     12.812     18.583    12.5507 0.0000e+00
     13.081      0.061     9.1322     85.337    146.493 110.023597    16.2000     1.5503     0.0852     0.2538 1.1595e-01     1.1407     12.828     18.606    12.5505 0.0000e+00
     13.097      0.059     9.1169     85.279    146.456 109.995873    16.2000     1.5656     0.0426     0.2961 1.1612e-01     1.2011     12.843     18.628    12.5503 0.0000e+00
     13.112      0.058     9.1024     85.256    146.442 109.984686    16.2000     1.5351     0.0426     0.2961 1.1607e-01     1.0954     12.858     18.650    12.5500 0.0000e+00
     13.126      0.056     9.0895     85.250    146.440 109.983053    16.2000     1.5580     0.0426     0.2961 1.1612e-01     1.1407     12.873     18.670    12.5497 0.0000e+00
     13.140      0.054     9.0793     85.267    146.435 109.978544    16.2000     1.5808     0.0426     0.2961 1.1620e-01     1.1105     12.886     18.690    12.5495 0.0000e+00
     13.153      0.053     9.0732     85.303    146.419 109.965956    16.2000     1.5503     0.0852     0.2538 1.1612e-01     1.1558     12.899     18.708    12.5494 0.0000e+00
     13.166      0.052     9.0707     85.338    146.397 109.947930    16.2000     1.5427     0.0852     0.2538 1.1605e-01     1.2011     12.912     18.727    12.5493 0.0000e+00
     13.179      0.051     9.0702     85.371    146.406 109.953651    16.2000     1.3520     0.0852     0.2538 1.1610e-01     1.1105     12.925     18.746    12.5491 0.0000e+00
     13.193      0.050     9.0720     85.399    146.441 109.978644    16.2000     1.3405     0.0852     0.2538 1.1602e-01     1.1407     12.938     18.765    12.5489 0.0000e+00
     13.206      0.049     9.0759     85.427    146.455 109.987587    16.2000     1.3520     0.0852     0.2538 1.1612e-01     1.1407     12.951     18.783    12.5486 0.0000e+00
     13.218      0.047     9.0798     85.471    146.439 109.974867    16.2000     1.3748     0.0852     0.3384 1.1605e-01     1.1860     12.963     18.801    12.5482 0.0000e+00
