Data/DataNotYetUploadedToEDI/Raw_CTD/RawDownloads/061821_fcr50.cnv
* Sea-Bird SBE19plus  Data File:
* FileName = C:\R\Reservoirs\Data\DataNotYetUploadedToEDI\Raw_CTD\RawDownloads\061821_fcr50_0001.hex
* Software version 2.8.0.119
* Temperature SN = 7809
* Conductivity SN = 7809
* System UpLoad Time = Jun 18 2021 14:52:54
* <ApplicationData>
* <Seaterm232>
# nquan = 16
# nvalues = 2438                        
# units = specified
# name 0 = depFM: Depth [fresh water, m]
# name 1 = dz/dtM: Descent Rate [m/s]
# name 2 = orp: Oxidation Reduction Potential [mV]
# name 3 = sbeox0Mg/L: Oxygen, SBE 43 [mg/l]
# name 4 = sbeox0PS: Oxygen, SBE 43 [% saturation]
# name 5 = par/sat/log: PAR/Logarithmic, Satlantic
# name 6 = ph: pH
# name 7 = specc: Specific Conductance [uS/cm]
# name 8 = c0uS/cm: Conductivity [uS/cm]
# name 9 = flECO-AFL: Fluorescence, WET Labs ECO-AFL/FL [mg/m^3]
# name 10 = turbWETntu0: Turbidity, WET Labs ECO [NTU]
# name 11 = tv290C: Temperature [ITS-90, deg C]
# name 12 = density00: Density [density, kg/m^3]
# name 13 = prdE: Pressure, Strain Gauge [psi]
# name 14 = prdM: Pressure, Strain Gauge [db]
# name 15 = flag:  0.000e+00
# span 0 =     -0.628,      9.712       
# span 1 =     -0.335,      0.170       
# span 2 = -1240.7455,   330.1550       
# span 3 =     0.3461,    11.8773       
# span 4 =      3.127,    139.466       
# span 5 = 1.2339e-01, 2.3642e+03       
# span 6 =     -1.821,     16.090       
# span 7 =      1.136,    125.610       
# span 8 =   1.359288,  86.271813       
# span 9 =    -1.0187,     4.6323       
# span 10 =    -0.5068,   232.9944      
# span 11 =     9.3169,    34.8304      
# span 12 =   994.0996,   999.8544      
# span 13 =     -0.894,     13.816      
# span 14 =     -0.616,      9.526      
# span 15 = 0.0000e+00, 0.0000e+00      
# interval = seconds: 0.25
# start_time = Jun 17 2021 22:42:35 [Instrument's time stamp, header]
# bad_flag = -9.990e-29
*END*
[from data line 1718]
      9.264      0.016   270.0585     1.1398      9.979 1.2351e-01     16.070     40.768  27.985490    -0.5572     8.8789     9.3192   999.8185     13.176      9.085 0.0000e+00
      9.268      0.009   269.9564     1.1442      9.994 1.2351e-01     16.070     40.767  27.985614    -0.5417     8.9474     9.3201   999.8185     13.184      9.090 0.0000e+00
      9.269      0.008   269.7576     1.1361      9.964 1.2347e-01     16.071     40.801  28.009740    -0.5306     8.9517     9.3200   999.8185     13.184      9.090 0.0000e+00
      9.269      0.010   269.6335     1.1361      9.919 1.2344e-01     16.071     40.819  28.023457    -0.5276     8.9307     9.3194   999.8186     13.184      9.090 0.0000e+00
      9.270      0.013   269.5744     1.1477      9.915 1.2345e-01     16.070     40.821  28.024590    -0.5145     8.8999     9.3199   999.8185     13.186      9.091 0.0000e+00
      9.272      0.017   269.5598     1.1474      9.965 1.2348e-01     16.070     40.820  28.023446    -0.4960     8.8529     9.3214   999.8184     13.187      9.092 0.0000e+00
      9.277      0.021   269.6286     1.1442      9.986 1.2355e-01     16.070     40.800  28.009616    -0.4765     8.8774     9.3230   999.8183     13.194      9.097 0.0000e+00
      9.286      0.024   269.7173     1.1356      9.950 1.2359e-01     16.070     40.762  27.984242    -0.4693     8.9561     9.3246   999.8182     13.207      9.106 0.0000e+00
      9.295      0.024   269.7718     1.1334      9.947 1.2356e-01     16.069     40.742  27.970402    -0.4756     9.0496     9.3241   999.8183     13.221      9.116 0.0000e+00
      9.303      0.022   269.7728     1.1443     10.005 1.2354e-01     16.069     40.739  27.969144    -0.4769     9.1151     9.3230   999.8185     13.234      9.124 0.0000e+00
      9.309      0.019   269.7285     1.1507     10.067 1.2357e-01     16.069     40.737  27.969029    -0.4753     9.1297     9.3232   999.8184     13.241      9.129 0.0000e+00
      9.312      0.015   269.5807     1.1375     10.056 1.2358e-01     16.070     40.735  27.969019    -0.4748     9.1233     9.3236   999.8184     13.245      9.132 0.0000e+00
      9.314      0.014   269.4486     1.1382      9.977 1.2355e-01     16.070     40.734  27.969019    -0.4710     9.1068     9.3239   999.8184     13.247      9.133 0.0000e+00
      9.314      0.014   269.5078     1.1468      9.929 1.2358e-01     16.070     40.735  27.969029    -0.4678     9.1018     9.3246   999.8183     13.247      9.134 0.0000e+00
      9.316      0.015   269.6079     1.1577      9.929 1.2361e-01     16.070     40.736  27.969144    -0.4639     9.1316     9.3268   999.8182     13.249      9.135 0.0000e+00
      9.321      0.016   269.7126     1.1589      9.952 1.2359e-01     16.070     40.737  27.970401    -0.4626     9.0890     9.3291   999.8180     13.256      9.139 0.0000e+00
      9.329      0.018   269.7408     1.1396      9.962 1.2353e-01     16.069     40.756  27.984231    -0.4715     8.9304     9.3299   999.8180     13.269      9.148 0.0000e+00
      9.335      0.018   269.6911     1.1376      9.962 1.2349e-01     16.069     40.791  28.009492    -0.4761     8.8615     9.3289   999.8181     13.279      9.156 0.0000e+00
      9.339      0.017   269.6285     1.1369      9.997 1.2355e-01     16.070     40.808  28.022083    -0.4710     8.9082     9.3271   999.8182     13.283      9.158 0.0000e+00
      9.342      0.015   269.4991     1.1419     10.031 1.2362e-01     16.071     40.789  28.009605    -0.4668     8.9113     9.3272   999.8183     13.287      9.161 0.0000e+00
      9.345      0.015   269.5045     1.1450     10.037 1.2365e-01     16.071     40.755  27.985489    -0.4634     8.8650     9.3295   999.8181     13.293      9.165 0.0000e+00
      9.348      0.015   269.6072     1.1378     10.003 1.2360e-01     16.070     40.755  27.984243    -0.4674     8.8636     9.3311   999.8180     13.296      9.167 0.0000e+00
      9.351      0.016   269.7079     1.1483      9.924 1.2355e-01     16.069     40.773  27.994530    -0.4778     8.9287     9.3323   999.8179     13.298      9.169 0.0000e+00
      9.356      0.016   269.8616     1.1511      9.863 1.2356e-01     16.069     40.758  27.982996    -0.4838     8.9314     9.3327   999.8179     13.305      9.174 0.0000e+00
      9.361      0.016   269.8305     1.1519      9.882 1.2356e-01     16.070     40.744  27.971661    -0.4823     8.8966     9.3323   999.8179     13.316      9.181 0.0000e+00
      9.366      0.016   269.5897     1.1508      9.975 1.2350e-01     16.071     40.764  27.984346    -0.4789     8.9538     9.3310   999.8182     13.324      9.186 0.0000e+00
      9.369      0.015   269.4456     1.1362     10.042 1.2349e-01     16.071     40.801  28.009502    -0.4900     9.0392     9.3278   999.8184     13.326      9.188 0.0000e+00
      9.372      0.013   269.3788     1.1285     10.033 1.2359e-01     16.070     40.820  28.022075    -0.4929     9.1050     9.3254   999.8185     13.330      9.190 0.0000e+00
      9.376      0.012   269.3849     1.1282     10.017 1.2367e-01     16.069     40.803  28.009492    -0.4756     9.1312     9.3237   999.8187     13.338      9.196 0.0000e+00
      9.379      0.012   269.5196     1.1462     10.035 1.2364e-01     16.070     40.767  27.984232    -0.4718     9.1162     9.3225   999.8188     13.342      9.199 0.0000e+00
      9.381      0.013   269.6303     1.1566     10.052 1.2358e-01     16.070     40.748  27.970403    -0.4755     9.1289     9.3230   999.8188     13.343      9.199 0.0000e+00
      9.383      0.013   269.6054     1.1502     10.044 1.2356e-01     16.070     40.746  27.969155    -0.4720     9.1822     9.3229   999.8188     13.345      9.201 0.0000e+00
      9.387      0.013   269.4764     1.1466     10.031 1.2353e-01     16.070     40.744  27.969145    -0.4689     9.2801     9.3212   999.8190     13.351      9.205 0.0000e+00
      9.392      0.014   269.4464     1.1509      9.984 1.2351e-01     16.070     40.743  27.970278    -0.4756     9.3857     9.3199   999.8191     13.361      9.212 0.0000e+00
      9.397      0.014   269.5017     1.1561      9.938 1.2351e-01     16.070     40.758  27.982868    -0.4865     9.3950     9.3186   999.8192     13.367      9.217 0.0000e+00
      9.399      0.015   269.5426     1.1496      9.948 1.2347e-01     16.070     40.776  27.994496    -0.4760     9.3576     9.3179   999.8193     13.369      9.217 0.0000e+00
      9.402      0.016   269.5971     1.1540      9.970 1.2348e-01     16.070     40.764  27.984003    -0.4631     9.3455     9.3198   999.8191     13.371      9.218 0.0000e+00
      9.405      0.019   269.5573     1.1459      9.991 1.2355e-01     16.070     40.765  27.982858    -0.4648     9.3521     9.3235   999.8189     13.378      9.224 0.0000e+00
      9.410      0.024   269.4923     1.1344     10.024 1.2356e-01     16.071     40.763  27.980657    -0.4677     9.3685     9.3270   999.8186     13.383      9.227 0.0000e+00
      9.415      0.029   269.5860     1.1426     10.060 1.2351e-01     16.071     40.728  27.957382    -0.4792     9.3383     9.3257   999.8187     13.388      9.231 0.0000e+00
      9.425      0.034   269.7435     1.1429     10.087 1.2347e-01     16.071     40.723  27.955181    -0.4799     9.3293     9.3215   999.8191     13.405      9.243 0.0000e+00
      9.436      0.039   269.7614     1.1456     10.084 1.2349e-01     16.070     40.721  27.954045    -0.4668     9.3637     9.3191   999.8194     13.425      9.256 0.0000e+00
      9.446      0.042   269.6300     1.1494     10.024 1.2354e-01     16.069     40.707  27.943655    -0.4732     9.3416     9.3188   999.8195     13.437      9.265 0.0000e+00
      9.456      0.042   269.6175     1.1548      9.960 1.2359e-01     16.069     40.727  27.956427    -0.4907     9.3019     9.3203   999.8193     13.448      9.272 0.0000e+00
      9.469      0.038   269.8691     1.1572      9.956 1.2359e-01     16.069     40.764  27.981600    -0.5065     9.2273     9.3218   999.8193     13.467      9.285 0.0000e+00
      9.483      0.032   270.0907     1.1601      9.964 1.2354e-01     16.069     40.784  27.994280    -0.5209     9.0569     9.3222   999.8193     13.489      9.301 0.0000e+00
      9.493      0.026   270.0600     1.1509      9.967 1.2349e-01     16.070     40.768  27.982861    -0.5305     8.9254     9.3210   999.8194     13.505      9.312 0.0000e+00
      9.497      0.019   270.0144     1.1365      9.978 1.2355e-01     16.070     40.750  27.970403    -0.5475     8.9074     9.3195   999.8196     13.508      9.314 0.0000e+00
      9.497      0.013   270.0557     1.1434      9.981 1.2363e-01     16.070     40.750  27.970518    -0.5544     8.9076     9.3185   999.8197     13.506      9.312 0.0000e+00
      9.498      0.009   270.0431     1.1437     10.018 1.2364e-01     16.070     40.770  27.984253    -0.5374     8.9624     9.3175   999.8198     13.508      9.314 0.0000e+00
      9.498      0.010   270.0331     1.1412     10.068 1.2357e-01     16.070     40.806  28.009607    -0.5331     9.0888     9.3173   999.8198     13.510      9.315 0.0000e+00
      9.498      0.014   270.1078     1.1474     10.070 1.2352e-01     16.069     40.825  28.023332    -0.5397     9.1313     9.3170   999.8198     13.509      9.314 0.0000e+00
      9.501      0.019   270.1713     1.1421     10.074 1.2352e-01     16.069     40.825  28.023332    -0.5407     9.0995     9.3169   999.8198     13.512      9.315 0.0000e+00
      9.509      0.024   270.1991     1.1464     10.064 1.2353e-01     16.069     40.805  28.009606    -0.5264     9.1495     9.3177   999.8198     13.524      9.324 0.0000e+00
      9.518      0.028   270.2719     1.1613     10.037 1.2353e-01     16.070     40.768  27.984242    -0.4917     9.2555     9.3179   999.8199     13.540      9.335 0.0000e+00
      9.526      0.028   270.2773     1.1515     10.057 1.2351e-01     16.071     40.748  27.970394    -0.4734     9.2824     9.3184   999.8199     13.549      9.342 0.0000e+00
      9.535      0.026   270.1778     1.1569     10.089 1.2354e-01     16.071     40.746  27.969042    -0.4778     9.2691     9.3194   999.8198     13.560      9.349 0.0000e+00
      9.543      0.021   270.1876     1.1574     10.099 1.2358e-01     16.070     40.743  27.967902    -0.4782     9.2662     9.3194   999.8198     13.577      9.361 0.0000e+00
      9.548      0.018   270.3099     1.1458     10.063 1.2358e-01     16.070     40.725  27.956602    -0.4680     9.2473     9.3187   999.8199     13.584      9.366 0.0000e+00
      9.548      0.018   270.4519     1.1548      9.985 1.2355e-01     16.069     40.728  27.959294    -0.4592     9.2126     9.3181   999.8199     13.579      9.363 0.0000e+00
      9.548      0.023   270.6141     1.1583      9.978 1.2354e-01     16.069     40.787  28.000450    -0.4668     9.1553     9.3182   999.8198     13.579      9.362 0.0000e+00
      9.551      0.033   270.7221     1.1592     10.084 1.2353e-01     16.069     41.079  28.200474    -0.4742     9.1379     9.3198   999.8199     13.585      9.366 0.0000e+00
      9.557      0.043   270.7246     1.1591     10.205 1.2353e-01     16.069     44.069  30.250895    -0.4636     9.1740     9.3213   999.8196     13.589      9.369 0.0000e+00
      9.572      0.052   270.6446     1.1409     10.236 1.2355e-01     16.068     63.969  43.910100    -0.4618     9.1798     9.3222   999.8199     13.608      9.382 0.0000e+00
      9.596      0.057   270.6151     1.1375     10.129 1.2354e-01     16.068    100.332  68.872398    -0.4715     9.1395     9.3236   999.8195     13.651      9.412 0.0000e+00
      9.618      0.056   270.6262     1.1575     10.028 1.2352e-01     16.069    119.379  81.953251    -0.4770     9.0985     9.3226   999.8204     13.686      9.436 0.0000e+00
      9.632      0.050   270.5210     1.1728     10.098 1.2352e-01     16.070    114.139  78.363474    -0.4796     9.0958     9.3202   999.8193     13.701      9.446 0.0000e+00
      9.642      0.039   270.4611     1.1834     10.272 1.2352e-01     16.070    107.309  73.680391    -0.4751     9.1420     9.3184   999.8237     13.715      9.456 0.0000e+00
      9.650      0.027   270.5904     1.1620     10.350 1.2351e-01     16.070    105.159  72.204741    -0.4706     9.2107     9.3185   999.8455     13.728      9.465 0.0000e+00
      9.654      0.017   270.6222     1.1388     10.141 1.2350e-01     16.070    105.645  72.537311    -0.4724     9.2055     9.3219   999.8526     13.733      9.468 0.0000e+00
      9.656      0.011   270.5006     1.1536      9.629 1.2349e-01     16.070    104.188  71.535079    -0.4879     9.1475     9.3268   999.8441     13.734      9.469 0.0000e+00
      9.657      0.007   270.4972     1.1804      8.914 1.2351e-01     16.070     97.328  66.824290    -0.5242     9.1270     9.3295   999.8430     13.735      9.470 0.0000e+00
      9.657      0.004   270.5811     1.2010      8.108 1.2354e-01     16.070     87.123  59.819235    -0.5579     9.0953     9.3295   999.8416     13.736      9.471 0.0000e+00
      9.658      0.003   270.6547     1.1761      7.354 1.2348e-01     16.070     76.612  52.605681    -0.5619     9.0728     9.3283   999.8429     13.735      9.470 0.0000e+00
      9.659      0.003   270.6988     1.1105      6.708 1.2348e-01     16.070     70.303  48.276786    -0.5436     9.0617     9.3275   999.8432     13.737      9.471 0.0000e+00
      9.660      0.003   270.6841     1.0284      6.225 1.2360e-01     16.069     68.696  47.175452    -0.5276     8.9954     9.3270   999.8397     13.739      9.473 0.0000e+00
      9.660      0.002   270.6492     0.9243      5.952 1.2362e-01     16.069     67.382  46.274682    -0.5297     8.9237     9.3274   999.8365     13.740      9.473 0.0000e+00
      9.661      0.002   270.6211     0.8405      5.864 1.2358e-01     16.069     64.328  44.178935    -0.5408     8.8804     9.3302   999.8310     13.742      9.474 0.0000e+00
      9.662      0.003   270.6017     0.7630      5.970 1.2360e-01     16.069     79.767  54.783216    -0.5470     8.9185     9.3328   999.8291     13.742      9.475 0.0000e+00
      9.662      0.005   270.5873     0.7027      6.224 1.2362e-01     16.069    116.010  79.676608    -0.5483     9.0754     9.3345   999.8284     13.742      9.475 0.0000e+00
      9.662      0.007   270.6191     0.6779      6.592 1.2360e-01     16.069    125.610  86.271813    -0.5370     9.1985     9.3359   999.8296     13.742      9.475 0.0000e+00
      9.664      0.008   270.7282     0.6620      7.082 1.2354e-01     16.069    109.312  75.080095    -0.5250     9.2050     9.3366   999.8255     13.743      9.476 0.0000e+00
      9.667      0.009   270.8744     0.6790      7.580 1.2351e-01     16.069    101.605  69.788723    -0.5179     9.1545     9.3370   999.8255     13.750      9.480 0.0000e+00
      9.671      0.010   270.9232     0.7108      7.933 1.2357e-01     16.069     95.077  65.307322    -0.4981     9.1031     9.3377   999.8528     13.756      9.484 0.0000e+00
      9.674      0.010   270.8887     0.7481      8.144 1.2364e-01     16.070     91.860  63.100624    -0.4771     9.1319     9.3391   999.8544     13.760      9.487 0.0000e+00
      9.676      0.009   270.9728     0.8111      8.278 1.2364e-01     16.069     99.764  68.532444    -0.4733     9.1935     9.3399   999.8376     13.763      9.489 0.0000e+00
      9.678      0.007   271.0802     0.8767      8.250 1.2355e-01     16.069    106.204  72.956070    -0.4911     9.1967     9.3409   999.8425     13.766      9.491 0.0000e+00
      9.679      0.005   271.0680     0.9168      8.013 1.2349e-01     16.068    107.081  73.557822    -0.5202     9.1705     9.3424   999.8373     13.767      9.492 0.0000e+00
      9.680      0.004   270.9983     0.9328      7.708 1.2351e-01     16.068    103.879  71.357961    -0.5382     9.1162     9.3440   999.8333     13.768      9.493 0.0000e+00
