Data/DataNotYetUploadedToEDI/Raw_CTD/RawDownloads/061821_fcr50.cnv
* Sea-Bird SBE19plus  Data File:
* FileName = C:\R\Reservoirs\Data\DataNotYetUploadedToEDI\Raw_CTD\RawDownloads\061821_fcr50_0001.hex
* Software version 2.8.0.119
* Temperature SN = 7809
* Conductivity SN = 7809
* System UpLoad Time = Jun 18 2021 14:52:54
* <ApplicationData>
* <Seaterm232>
# nquan = 16
# nvalues = 2438                        
# units = specified
# name 0 = depFM: Depth [fresh water, m]
# name 1 = dz/dtM: Descent Rate [m/s]
# name 2 = orp: Oxidation Reduction Potential [mV]
# name 3 = sbeox0Mg/L: Oxygen, SBE 43 [mg/l]
# name 4 = sbeox0PS: Oxygen, SBE 43 [% saturation]
# name 5 = par/sat/log: PAR/Logarithmic, Satlantic
# name 6 = ph: pH
# name 7 = specc: Specific Conductance [uS/cm]
# name 8 = c0uS/cm: Conductivity [uS/cm]
# name 9 = flECO-AFL: Fluorescence, WET Labs ECO-AFL/FL [mg/m^3]
# name 10 = turbWETntu0: Turbidity, WET Labs ECO [NTU]
# name 11 = tv290C: Temperature [ITS-90, deg C]
# name 12 = density00: Density [density, kg/m^3]
# name 13 = prdE: Pressure, Strain Gauge [psi]
# name 14 = prdM: Pressure, Strain Gauge [db]
# name 15 = flag:  0.000e+00
# span 0 =     -0.628,      9.712       
# span 1 =     -0.335,      0.170       
# span 2 = -1240.7455,   330.1550       
# span 3 =     0.3461,    11.8773       
# span 4 =      3.127,    139.466       
# span 5 = 1.2339e-01, 2.3642e+03       
# span 6 =     -1.821,     16.090       
# span 7 =      1.136,    125.610       
# span 8 =   1.359288,  86.271813       
# span 9 =    -1.0187,     4.6323       
# span 10 =    -0.5068,   232.9944      
# span 11 =     9.3169,    34.8304      
# span 12 =   994.0996,   999.8544      
# span 13 =     -0.894,     13.816      
# span 14 =     -0.616,      9.526      
# span 15 = 0.0000e+00, 0.0000e+00      
# interval = seconds: 0.25
# start_time = Jun 17 2021 22:42:35 [Instrument's time stamp, header]
# bad_flag = -9.990e-29
*END*
[from data line 1176]
      5.906      0.018   243.1753     0.9579      8.376 2.8026e-01     16.080     40.817  28.024843    -0.4444     8.9955     9.3281   999.8021      8.403      5.794 0.0000e+00
      5.911      0.014   243.6582     0.9556      8.411 2.7315e-01     16.080     40.817  28.024833    -0.4429     8.9980     9.3273   999.8021      8.409      5.798 0.0000e+00
      5.912      0.010   243.9009     0.9576      8.402 2.5957e-01     16.080     40.816  28.024832    -0.4524     8.9152     9.3264   999.8022      8.409      5.798 0.0000e+00
      5.912      0.006   243.8728     0.9555      8.349 2.6501e-01     16.079     40.816  28.024833    -0.4739     8.7844     9.3263   999.8022      8.409      5.798 0.0000e+00
      5.913      0.003   243.9213     0.9594      8.282 2.7141e-01     16.079     40.816  28.024842    -0.4836     8.6864     9.3272   999.8022      8.410      5.798 0.0000e+00
      5.913      0.003   244.0562     0.9682      8.268 2.6382e-01     16.079     40.816  28.024947    -0.4641     8.6579     9.3279   999.8021      8.410      5.799 0.0000e+00
      5.913      0.004   244.0415     0.9641      8.296 2.5967e-01     16.080     40.816  28.026101    -0.4491     8.6446     9.3281   999.8021      8.411      5.799 0.0000e+00
      5.914      0.006   244.0011     0.9602      8.332 2.6248e-01     16.080     40.833  28.038787    -0.4541     8.6972     9.3282   999.8021      8.411      5.799 0.0000e+00
      5.915      0.008   244.1698     0.9453      8.383 2.6037e-01     16.080     40.848  28.051464    -0.4673     8.8140     9.3285   999.8021      8.411      5.799 0.0000e+00
      5.917      0.008   244.3616     0.9461      8.396 2.5291e-01     16.080     40.844  28.052512    -0.4759     8.8899     9.3291   999.8020      8.416      5.803 0.0000e+00
      5.922      0.009   244.5135     0.9533      8.365 2.4570e-01     16.080     40.833  28.051463    -0.4720     8.8936     9.3296   999.8020      8.423      5.809 0.0000e+00
      5.925      0.009   244.7149     0.9516      8.313 2.3534e-01     16.079     40.802  28.038784    -0.4675     8.7903     9.3311   999.8019      8.428      5.812 0.0000e+00
      5.926      0.010   244.8183     0.9653      8.282 2.2746e-01     16.079     40.772  28.026097    -0.4695     8.6703     9.3340   999.8017      8.429      5.812 0.0000e+00
      5.927      0.011   244.8166     0.9639      8.309 2.2962e-01     16.079     40.767  28.024943    -0.4682     8.6447     9.3376   999.8014      8.430      5.812 0.0000e+00
      5.929      0.013   244.8666     0.9597      8.347 2.3933e-01     16.079     40.776  28.024829    -0.4608     8.6525     9.3445   999.8009      8.432      5.814 0.0000e+00
      5.933      0.016   244.9074     0.9533      8.382 2.3877e-01     16.079     40.791  28.024717    -0.4572     8.6267     9.3572   999.7999      8.436      5.817 0.0000e+00
      5.938      0.018   244.9655     0.9433      8.402 2.3047e-01     16.079     40.801  28.023573    -0.4620     8.6081     9.3704   999.7988      8.444      5.822 0.0000e+00
      5.944      0.019   245.1390     0.9539      8.390 2.2937e-01     16.079     40.789  28.010991    -0.4714     8.6678     9.3734   999.7986      8.454      5.829 0.0000e+00
      5.951      0.019   245.3696     0.9555      8.363 2.2563e-01     16.080     40.774  27.999458    -0.4756     8.7299     9.3626   999.7995      8.465      5.836 0.0000e+00
      5.956      0.018   246.2055     0.9611      8.355 2.2943e-01     16.080     40.791  28.010991    -0.4745     8.7075     9.3486   999.8007      8.474      5.842 0.0000e+00
      5.959      0.015   246.9003     0.9653      8.375 2.4090e-01     16.079     40.810  28.023563    -0.4766     8.6710     9.3387   999.8015      8.476      5.844 0.0000e+00
      5.962      0.013   246.1123     0.9624      8.408 2.3581e-01     16.078     40.810  28.024602    -0.4733     8.6663     9.3329   999.8019      8.479      5.845 0.0000e+00
      5.965      0.013   245.1962     0.9585      8.452 2.2363e-01     16.078     40.806  28.023553    -0.4628     8.6849     9.3325   999.8020      8.486      5.851 0.0000e+00
      5.968      0.013   245.1158     0.9554      8.432 2.1469e-01     16.079     40.786  28.010876    -0.4546     8.6905     9.3323   999.8020      8.490      5.854 0.0000e+00
      5.970      0.013   245.3117     0.9621      8.357 2.1168e-01     16.080     40.768  27.998199    -0.4593     8.5969     9.3311   999.8021      8.489      5.853 0.0000e+00
      5.975      0.014   245.5001     0.9607      8.312 2.2112e-01     16.080     40.767  27.997151    -0.4713     8.4789     9.3330   999.8020      8.496      5.857 0.0000e+00
      5.980      0.016   245.4142     0.9735      8.302 2.2382e-01     16.080     40.770  27.998198    -0.4771     8.4319     9.3351   999.8019      8.508      5.866 0.0000e+00
      5.984      0.017   245.0484     0.9712      8.363 2.1064e-01     16.080     40.790  28.010867    -0.4726     8.4399     9.3368   999.8017      8.512      5.869 0.0000e+00
      5.987      0.018   244.7770     0.9530      8.450 2.0718e-01     16.080     40.810  28.023448    -0.4549     8.4735     9.3367   999.8017      8.512      5.869 0.0000e+00
      5.992      0.018   244.3696     0.9551      8.468 2.1297e-01     16.080     40.811  28.023448    -0.4525     8.4605     9.3350   999.8019      8.521      5.875 0.0000e+00
      5.997      0.017   243.2196     0.9468      8.443 2.1138e-01     16.079     40.794  28.010867    -0.4635     8.4200     9.3348   999.8019      8.532      5.883 0.0000e+00
      6.002      0.016   242.3156     0.9566      8.433 2.1084e-01     16.079     40.776  27.998198    -0.4538     8.4305     9.3334   999.8021      8.537      5.886 0.0000e+00
      6.005      0.016   243.0761     0.9750      8.449 2.0778e-01     16.080     40.775  27.997139    -0.4493     8.5187     9.3315   999.8023      8.541      5.889 0.0000e+00
      6.010      0.015   244.4134     0.9714      8.445 2.0623e-01     16.081     40.777  27.998073    -0.4670     8.6275     9.3314   999.8023      8.549      5.895 0.0000e+00
      6.013      0.013   244.8902     0.9682      8.421 2.1157e-01     16.081     40.793  28.009493    -0.4767     8.6816     9.3304   999.8024      8.553      5.897 0.0000e+00
      6.015      0.013   245.0552     0.9641      8.402 2.1550e-01     16.080     40.792  28.008340    -0.4716     8.6927     9.3286   999.8025      8.555      5.898 0.0000e+00
      6.019      0.014   245.2904     0.9707      8.377 2.2407e-01     16.079     40.758  27.984129    -0.4623     8.6923     9.3289   999.8025      8.561      5.903 0.0000e+00
      6.023      0.014   245.4105     0.9704      8.375 2.2290e-01     16.078     40.739  27.970508    -0.4597     8.6777     9.3290   999.8025      8.566      5.907 0.0000e+00
      6.026      0.014   245.5617     0.9629      8.374 2.0791e-01     16.079     40.740  27.970518    -0.4687     8.6534     9.3284   999.8026      8.569      5.908 0.0000e+00
      6.030      0.013   245.7420     0.9665      8.363 1.9818e-01     16.079     40.760  27.984245    -0.4672     8.6731     9.3280   999.8026      8.575      5.912 0.0000e+00
      6.035      0.011   245.9547     0.9578      8.378 1.9033e-01     16.078     40.797  28.009600    -0.4502     8.7782     9.3277   999.8027      8.584      5.919 0.0000e+00
      6.038      0.010   246.1549     0.9605      8.384 1.8724e-01     16.078     40.816  28.023344    -0.4446     8.8945     9.3267   999.8028      8.589      5.922 0.0000e+00
      6.038      0.010   246.1830     0.9633      8.390 1.9122e-01     16.078     40.815  28.023563    -0.4568     8.9115     9.3254   999.8029      8.587      5.920 0.0000e+00
      6.039      0.009   246.2093     0.9547      8.407 1.9197e-01     16.077     40.797  28.012249    -0.4647     8.8820     9.3256   999.8028      8.589      5.922 0.0000e+00
      6.041      0.008   246.3012     0.9636      8.413 1.9114e-01     16.077     40.797  28.013412    -0.4734     8.8799     9.3261   999.8029      8.593      5.924 0.0000e+00
      6.044      0.008   246.3475     0.9614      8.433 1.8795e-01     16.077     40.832  28.037624    -0.4850     8.8172     9.3264   999.8028      8.597      5.927 0.0000e+00
      6.047      0.009   246.5963     0.9600      8.409 1.8217e-01     16.078     40.853  28.051255    -0.4717     8.6734     9.3280   999.8027      8.602      5.931 0.0000e+00
      6.049      0.011   247.1592     0.9674      8.369 1.7848e-01     16.079     40.853  28.051350    -0.4561     8.5838     9.3294   999.8026      8.604      5.932 0.0000e+00
      6.050      0.014   247.5609     0.9611      8.436 1.7687e-01     16.079     40.836  28.038776    -0.4574     8.5919     9.3300   999.8026      8.604      5.932 0.0000e+00
      6.052      0.017   247.6672     0.9700      8.535 1.8337e-01     16.079     40.820  28.026090    -0.4500     8.5658     9.3308   999.8025      8.608      5.935 0.0000e+00
      6.057      0.019   247.6697     0.9685      8.556 1.8762e-01     16.079     40.822  28.024834    -0.4433     8.4388     9.3304   999.8026      8.614      5.939 0.0000e+00
      6.064      0.021   247.6773     0.9498      8.489 1.7892e-01     16.079     40.822  28.023585    -0.4513     8.3616     9.3299   999.8027      8.624      5.946 0.0000e+00
      6.074      0.021   247.7585     0.9672      8.395 1.7684e-01     16.078     40.803  28.010993    -0.4523     8.3880     9.3295   999.8027      8.639      5.956 0.0000e+00
      6.081      0.020   247.9640     0.9833      8.383 1.8425e-01     16.078     40.786  27.999448    -0.4455     8.4147     9.3268   999.8029      8.652      5.965 0.0000e+00
      6.084      0.019   248.3551     0.9843      8.437 1.8551e-01     16.078     40.802  28.010868    -0.4451     8.4436     9.3236   999.8032      8.654      5.967 0.0000e+00
      6.085      0.019   248.7010     0.9772      8.491 1.7807e-01     16.079     40.817  28.022201    -0.4567     8.4631     9.3219   999.8034      8.653      5.966 0.0000e+00
      6.087      0.022   248.8775     0.9560      8.476 1.6938e-01     16.079     40.799  28.009609    -0.4718     8.4451     9.3219   999.8034      8.658      5.969 0.0000e+00
      6.092      0.028   249.6282     0.9597      8.398 1.6416e-01     16.079     40.764  27.985493    -0.4656     8.6027     9.3227   999.8033      8.664      5.974 0.0000e+00
      6.100      0.034   250.5505     0.9677      8.407 1.5909e-01     16.079     40.764  27.984349    -0.4484     8.9261     9.3232   999.8033      8.674      5.980 0.0000e+00
      6.110      0.039   250.3068     0.9754      8.482 1.5921e-01     16.079     40.782  27.995780    -0.4452     9.0939     9.3240   999.8033      8.689      5.991 0.0000e+00
      6.125      0.041   249.7785     0.9799      8.522 1.5981e-01     16.079     40.784  27.996827    -0.4547     9.1218     9.3245   999.8034      8.711      6.006 0.0000e+00
      6.140      0.041   249.6699     0.9548      8.548 1.5383e-01     16.078     40.784  27.997017    -0.4684     9.0228     9.3234   999.8035      8.736      6.023 0.0000e+00
      6.151      0.038   249.5951     0.9608      8.540 1.4992e-01     16.078     40.786  27.998075    -0.4681     8.8235     9.3220   999.8037      8.752      6.034 0.0000e+00
      6.157      0.032   249.5632     0.9782      8.530 1.4587e-01     16.078     40.802  28.009618    -0.4603     8.7039     9.3211   999.8038      8.755      6.037 0.0000e+00
      6.163      0.026   249.5423     0.9746      8.577 1.4033e-01     16.078     40.801  28.009714    -0.4697     8.6411     9.3207   999.8038      8.764      6.043 0.0000e+00
      6.171      0.021   249.5139     0.9837      8.602 1.4063e-01     16.078     40.786  27.999238    -0.4776     8.6476     9.3210   999.8039      8.778      6.053 0.0000e+00
      6.176      0.020   249.3928     0.9807      8.549 1.4253e-01     16.078     40.802  28.009828    -0.4604     8.7821     9.3212   999.8039      8.785      6.057 0.0000e+00
      6.177      0.021   249.2823     0.9729      8.515 1.4006e-01     16.078     40.804  28.010877    -0.4421     8.9288     9.3216   999.8039      8.786      6.058 0.0000e+00
      6.180      0.022   249.3833     0.9848      8.533 1.4531e-01     16.078     40.806  28.011927    -0.4475     8.9443     9.3220   999.8038      8.786      6.058 0.0000e+00
      6.186      0.024   249.5808     0.9932      8.556 1.5652e-01     16.078     40.821  28.022515    -0.4585     8.9014     9.3221   999.8038      8.797      6.066 0.0000e+00
      6.195      0.029   249.9496     0.9778      8.595 1.5365e-01     16.078     40.806  28.012029    -0.4611     8.8566     9.3219   999.8039      8.813      6.077 0.0000e+00
      6.203      0.035   250.4868     0.9731      8.628 1.4160e-01     16.078     40.806  28.012012    -0.4592     8.7796     9.3218   999.8040      8.823      6.083 0.0000e+00
      6.210      0.040   250.3974     0.9809      8.617 1.3666e-01     16.078     40.821  28.022307    -0.4552     8.7610     9.3217   999.8040      8.830      6.088 0.0000e+00
      6.221      0.043   249.7292     0.9790      8.577 1.3562e-01     16.077     40.802  28.009630    -0.4604     8.7689     9.3214   999.8041      8.846      6.099 0.0000e+00
      6.235      0.044   249.2902     0.9861      8.517 1.3253e-01     16.077     40.767  27.985608    -0.4739     8.7714     9.3212   999.8041      8.868      6.114 0.0000e+00
      6.249      0.041   248.7033     0.9924      8.467 1.2867e-01     16.078     40.767  27.985607    -0.4760     8.8604     9.3215   999.8042      8.888      6.128 0.0000e+00
      6.263      0.036   247.7089     0.9891      8.492 1.2906e-01     16.078     40.802  28.009621    -0.4575     8.9176     9.3217   999.8042      8.908      6.142 0.0000e+00
      6.273      0.029   247.1620     0.9843      8.542 1.3176e-01     16.078     40.820  28.022203    -0.4407     8.8796     9.3216   999.8043      8.923      6.152 0.0000e+00
      6.278      0.021   247.1671     0.9784      8.544 1.2889e-01     16.077     40.804  28.010868    -0.4441     8.9500     9.3214   999.8043      8.931      6.157 0.0000e+00
      6.279      0.015   247.0825     0.9660      8.553 1.2516e-01     16.077     40.787  27.999448    -0.4602     9.1507     9.3214   999.8043      8.931      6.158 0.0000e+00
      6.280      0.011   246.9136     0.9719      8.579 1.2431e-01     16.078     40.804  28.010992    -0.4734     9.2467     9.3217   999.8043      8.930      6.157 0.0000e+00
      6.281      0.011   246.7600     0.9854      8.587 1.2575e-01     16.079     40.822  28.023574    -0.4694     9.1837     9.3219   999.8043      8.934      6.159 0.0000e+00
      6.283      0.012   246.5151     0.9774      8.572 1.2830e-01     16.079     40.824  28.024708    -0.4704     9.0067     9.3218   999.8043      8.936      6.161 0.0000e+00
      6.286      0.015   246.3613     0.9801      8.523 1.2769e-01     16.078     40.823  28.024698    -0.4763     8.7897     9.3219   999.8043      8.938      6.163 0.0000e+00
      6.291      0.018   246.3641     0.9856      8.487 1.2677e-01     16.077     40.821  28.023449    -0.4644     8.6881     9.3218   999.8044      8.948      6.169 0.0000e+00
      6.298      0.020   246.3763     0.9849      8.505 1.2727e-01     16.077     40.801  28.009609    -0.4591     8.6709     9.3219   999.8044      8.960      6.177 0.0000e+00
      6.304      0.022   246.2510     0.9856      8.525 1.2554e-01     16.078     40.763  27.984235    -0.4696     8.6512     9.3220   999.8044      8.966      6.182 0.0000e+00
      6.309      0.023   246.0538     0.9777      8.524 1.2373e-01     16.079     40.742  27.970405    -0.4769     8.6898     9.3222   999.8044      8.972      6.186 0.0000e+00
      6.315      0.024   246.0567     0.9687      8.537 1.2369e-01     16.079     40.739  27.969251    -0.4719     8.8280     9.3223   999.8044      8.981      6.192 0.0000e+00
