Data/DataNotYetUploadedToEDI/Raw_CTD/RawDownloads/061821_fcr50.cnv
* Sea-Bird SBE19plus  Data File:
* FileName = C:\R\Reservoirs\Data\DataNotYetUploadedToEDI\Raw_CTD\RawDownloads\061821_fcr50_0001.hex
* Software version 2.8.0.119
* Temperature SN = 7809
* Conductivity SN = 7809
* System UpLoad Time = Jun 18 2021 14:52:54
* <ApplicationData>
* <Seaterm232>
# nquan = 16
# nvalues = 2438                        
# units = specified
# name 0 = depFM: Depth [fresh water, m]
# name 1 = dz/dtM: Descent Rate [m/s]
# name 2 = orp: Oxidation Reduction Potential [mV]
# name 3 = sbeox0Mg/L: Oxygen, SBE 43 [mg/l]
# name 4 = sbeox0PS: Oxygen, SBE 43 [% saturation]
# name 5 = par/sat/log: PAR/Logarithmic, Satlantic
# name 6 = ph: pH
# name 7 = specc: Specific Conductance [uS/cm]
# name 8 = c0uS/cm: Conductivity [uS/cm]
# name 9 = flECO-AFL: Fluorescence, WET Labs ECO-AFL/FL [mg/m^3]
# name 10 = turbWETntu0: Turbidity, WET Labs ECO [NTU]
# name 11 = tv290C: Temperature [ITS-90, deg C]
# name 12 = density00: Density [density, kg/m^3]
# name 13 = prdE: Pressure, Strain Gauge [psi]
# name 14 = prdM: Pressure, Strain Gauge [db]
# name 15 = flag:  0.000e+00
# span 0 =     -0.628,      9.712       
# span 1 =     -0.335,      0.170       
# span 2 = -1240.7455,   330.1550       
# span 3 =     0.3461,    11.8773       
# span 4 =      3.127,    139.466       
# span 5 = 1.2339e-01, 2.3642e+03       
# span 6 =     -1.821,     16.090       
# span 7 =      1.136,    125.610       
# span 8 =   1.359288,  86.271813       
# span 9 =    -1.0187,     4.6323       
# span 10 =    -0.5068,   232.9944      
# span 11 =     9.3169,    34.8304      
# span 12 =   994.0996,   999.8544      
# span 13 =     -0.894,     13.816      
# span 14 =     -0.616,      9.526      
# span 15 = 0.0000e+00, 0.0000e+00      
# interval = seconds: 0.25
# start_time = Jun 17 2021 22:42:35 [Instrument's time stamp, header]
# bad_flag = -9.990e-29
*END*
[from data line 181]
     -0.136      0.169 -1240.7455     7.8761     94.455 1.0651e+02     15.713     39.773  38.514022     2.2516    17.4787    23.5840   997.4183     -0.191     -0.132 0.0000e+00
     -0.080      0.158 -1240.7455     7.9648     94.890 1.0608e+02     15.714     39.669  38.400354     2.2615    17.4209    23.4995   997.4392     -0.110     -0.076 0.0000e+00
     -0.035      0.137 -1240.7455     8.0208     96.151 1.0334e+02     15.717     39.651  38.336362     2.2395    17.0474    23.4348   997.4551     -0.037     -0.026 0.0000e+00
     -0.008      0.110 -1240.7455     8.0322     98.272 9.9934e+01     15.720     39.695  38.311426     2.2055    16.4993    23.4110   997.4608     -0.003     -0.003 0.0000e+00
      0.007      0.083 -1240.7455     8.0316    100.882 9.5298e+01     15.721     39.725  38.289139     2.2031    16.2522    23.4120   997.4606      0.008      0.005 0.0000e+00
      0.020      0.062 -1240.7455     8.0456    104.019 9.0798e+01     15.721     39.723  38.257214     2.2196    16.2570    23.4176   997.4593      0.029      0.020 0.0000e+00
      0.032      0.051 -1240.7455     8.1608    108.025 8.8529e+01     15.721     39.730  38.242711     2.2149    16.2832    23.3498   997.4757      0.050      0.034 0.0000e+00
      0.041      0.050 -1240.7455     8.3830    112.800 8.6287e+01     15.722     39.738  38.240682     2.2040    16.4658    23.2370   997.5027      0.059      0.040 0.0000e+00
      0.050      0.054 -1240.7455     8.6116    117.709 8.2758e+01     15.722     39.727  38.232665     2.2020    16.7826    23.1755   997.5174      0.067      0.046 0.0000e+00
      0.063      0.058 -1240.7455     8.8651    121.939 7.8792e+01     15.722     39.703  38.209252     2.1996    16.9553    23.1498   997.5236      0.087      0.060 0.0000e+00
      0.080      0.061 -1240.7455     9.2171    124.822 7.4207e+01     15.722     39.710  38.211450     2.2039    16.9745    23.1182   997.5312      0.109      0.076 0.0000e+00
      0.103      0.062 -1240.7455     9.6520    126.165 6.9608e+01     15.722     39.757  38.259232     2.1776    16.8434    23.1000   997.5358      0.146      0.101 0.0000e+00
      0.123      0.061 -1240.7455    10.0928    126.180 6.6959e+01     15.722     39.771  38.279268     2.1104    16.6061    23.1178   997.5315      0.183      0.126 0.0000e+00
      0.136      0.055 -1240.7455    10.4800    125.281 6.5337e+01     15.722     39.753  38.263318     2.0781    16.5081    23.1185   997.5314      0.193      0.133 0.0000e+00
      0.147      0.045 -1240.7455    10.7339    123.995 6.3199e+01     15.722     39.747  38.256775     2.0825    16.5172    23.0996   997.5359      0.205      0.141 0.0000e+00
      0.160      0.034 -1240.7455    10.8384    122.664 6.1571e+01     15.721     39.754  38.263622     2.0778    16.4070    23.1075   997.5341      0.231      0.159 0.0000e+00
      0.169      0.024 -1240.7455    10.8262    121.317 6.1070e+01     15.720     39.777  38.282645     2.0693    16.1705    23.1241   997.5303      0.243      0.168 0.0000e+00
      0.172      0.016 -1240.7455    10.7298    119.888 6.1165e+01     15.721     39.795  38.296376     2.0658    16.0275    23.1202   997.5312      0.244      0.168 0.0000e+00
      0.172      0.011 -1240.7455    10.6096    118.438 6.1396e+01     15.721     39.803  38.302720     2.0633    16.0160    23.1184   997.5317      0.244      0.169 0.0000e+00
      0.172      0.009 -1240.7455    10.4954    117.108 6.1642e+01     15.720     39.788  38.295871     2.0678    16.2039    23.1233   997.5304      0.245      0.169 0.0000e+00
      0.172      0.011 -1240.7455    10.3867    116.134 6.1921e+01     15.719     39.749  38.277051     2.0827    16.5823    23.1171   997.5319      0.244      0.168 0.0000e+00
      0.173      0.015 -1240.7455    10.2612    115.815 6.1981e+01     15.719     39.718  38.265592     2.0897    16.7461    23.1103   997.5336      0.244      0.169 0.0000e+00
      0.177      0.017 -1240.7455    10.1351    116.358 6.1315e+01     15.719     39.662  38.220812     2.0857    16.6733    23.1063   997.5345      0.248      0.172 0.0000e+00
      0.187      0.018 -1240.7455    10.0134    117.712 6.0200e+01     15.719     39.612  38.179887     2.1012    16.6980    23.1121   997.5332      0.266      0.184 0.0000e+00
      0.196      0.017 -1240.7455     9.9125    119.285 5.9605e+01     15.719     39.642  38.215023     2.1346    16.8048    23.1433   997.5258      0.283      0.196 0.0000e+00
      0.201      0.015 -1240.7455     9.8746    120.141 5.9574e+01     15.719     39.692  38.264860     2.1560    16.8312    23.1740   997.5185      0.287      0.198 0.0000e+00
      0.202      0.011 -1240.7455     9.9173    119.725 5.9621e+01     15.718     39.699  38.274744     2.1605    16.7769    23.1759   997.5180      0.288      0.198 0.0000e+00
      0.202      0.006 -1240.7455    10.0503    118.232 5.9593e+01     15.717     39.683  38.271068     2.1497    16.6975    23.1855   997.5157      0.288      0.199 0.0000e+00
      0.202      0.002 -1240.7455    10.2172    116.312 5.9407e+01     15.717     39.681  38.283896     2.1303    16.4207    23.1988   997.5126      0.287      0.198 0.0000e+00
      0.203      0.001 -1240.7455    10.3105    114.500 5.9088e+01     15.717     39.695  38.302936     2.1076    15.9371    23.1949   997.5135      0.288      0.199 0.0000e+00
      0.203      0.001 -1240.7455    10.2661    112.981 5.8780e+01     15.716     39.698  38.310905     2.0948    15.6564    23.1948   997.5135      0.288      0.199 0.0000e+00
      0.203      0.002 -1240.7455    10.1108    111.785 5.8542e+01     15.715     39.690  38.316786     2.0806    15.6015    23.2134   997.5090      0.289      0.199 0.0000e+00
      0.203      0.003 -1240.7455     9.9233    110.875 5.8251e+01     15.715     39.669  38.310598     2.0695    15.5831    23.2410   997.5024      0.288      0.198 0.0000e+00
      0.203      0.005 -1240.7455     9.7665    110.143 5.7767e+01     15.715     39.649  38.299578     2.1029    15.6054    23.2430   997.5020      0.289      0.199 0.0000e+00
      0.204      0.006 -1240.7455     9.6360    109.442 5.6683e+01     15.715     39.658  38.310482     2.1417    15.6313    23.2410   997.5025      0.290      0.200 0.0000e+00
      0.207      0.006 -1240.7455     9.5305    108.577 5.5218e+01     15.714     39.659  38.315505     2.1572    15.6545    23.2633   997.4972      0.293      0.202 0.0000e+00
      0.210      0.006 -1240.7455     9.4527    107.501 5.4423e+01     15.714     39.633  38.296851     2.1558    15.8512    23.2897   997.4909      0.299      0.206 0.0000e+00
      0.212      0.005 -1240.7455     9.3918    106.371 5.4260e+01     15.714     39.602  38.275342     2.1350    16.2248    23.2946   997.4896      0.302      0.208 0.0000e+00
      0.212      0.005 -1240.7455     9.3407    105.326 5.4173e+01     15.714     39.559  38.245851     2.1246    16.4642    23.2929   997.4901      0.302      0.208 0.0000e+00
      0.212      0.008 -1240.7455     9.2685    104.431 5.4143e+01     15.712     39.490  38.194152     2.1358    16.5484    23.3011   997.4881      0.302      0.208 0.0000e+00
      0.212      0.014 -1240.7455     9.1665    103.702 5.4142e+01     15.710     39.438  38.157992     2.1843    16.7623    23.3089   997.4863      0.303      0.209 0.0000e+00
      0.212      0.023 -1240.7455     9.0657    103.122 5.3919e+01     15.710     39.390  38.125989     2.2536    17.0598    23.3171   997.4843      0.302      0.208 0.0000e+00
      0.216      0.031 -1240.7455     8.9724    102.678 5.2974e+01     15.710     39.309  38.061088     2.2768    17.1578    23.3336   997.4803      0.303      0.209 0.0000e+00
      0.229      0.037 -1240.7455     8.8911    102.280 5.1222e+01     15.710     39.238  38.007929     2.2836    17.1918    23.3533   997.4757      0.321      0.222 0.0000e+00
      0.248      0.041 -1240.7455     8.8290    101.858 4.9561e+01     15.709     39.203  37.990988     2.3176    17.4710    23.3711   997.4714      0.354      0.245 0.0000e+00
      0.263      0.042 -1240.7455     8.7737    101.421 4.8686e+01     15.708     39.183  37.983214     2.3445    17.8902    23.3901   997.4669      0.378      0.260 0.0000e+00
      0.272      0.039 -1240.7455     8.7384    101.003 4.8261e+01     15.708     39.171  37.977422     2.3512    18.1059    23.4053   997.4632      0.388      0.267 0.0000e+00
      0.279      0.034 -1240.7455     8.7041    100.682 4.7974e+01     15.708     39.174  37.984418     2.3416    18.0883    23.4252   997.4584      0.397      0.274 0.0000e+00
      0.284      0.029 -1240.7455     8.6613    100.384 4.7834e+01     15.708     39.189  38.004341     2.3328    18.0197    23.4509   997.4523      0.405      0.279 0.0000e+00
      0.290      0.026 -1240.7455     8.6233     99.914 4.7666e+01     15.708     39.210  38.027936     2.3299    17.9632    23.4674   997.4483      0.411      0.284 0.0000e+00
      0.297      0.025 -1240.7455     8.5814     99.249 4.7503e+01     15.708     39.196  38.015848     2.3074    17.9201    23.4712   997.4474      0.422      0.291 0.0000e+00
      0.306      0.022 -1240.7455     8.5550     98.449 4.7521e+01     15.708     39.161  37.985118     2.2789    17.9107    23.4753   997.4465      0.436      0.300 0.0000e+00
      0.312      0.020 -1240.7455     8.5398     97.608 4.7720e+01     15.707     39.146  37.973703     2.2619    17.9178    23.4843   997.4443      0.446      0.307 0.0000e+00
      0.316      0.020 -1240.7455     8.4961     96.855 4.8182e+01     15.706     39.107  37.941293     2.2461    17.8001    23.4876   997.4435      0.451      0.311 0.0000e+00
      0.319      0.020 -1240.7455     8.4379     96.191 4.8848e+01     15.706     39.067  37.910578     2.2316    17.5866    23.4892   997.4432      0.454      0.314 0.0000e+00
      0.322      0.020 -1240.7455     8.3687     95.587 4.9395e+01     15.706     39.070  37.919669     2.2198    17.4653    23.4927   997.4423      0.456      0.315 0.0000e+00
      0.327      0.022 -1240.7455     8.2879     95.019 4.9766e+01     15.706     39.070  37.924290     2.2082    17.4328    23.4968   997.4413      0.462      0.319 0.0000e+00
      0.335      0.025 -1240.7455     8.2265     94.478 5.0156e+01     15.705     39.038  37.902987     2.2430    17.5017    23.5034   997.4398      0.477      0.329 0.0000e+00
      0.343      0.029 -1240.7455     8.1689     94.068 5.0677e+01     15.704     38.972  37.852506     2.3255    17.6800    23.5137   997.4373      0.489      0.337 0.0000e+00
      0.350      0.034 -1240.7455     8.1151     93.820 5.1481e+01     15.704     38.865  37.758191     2.3673    17.7688    23.5241   997.4348      0.496      0.342 0.0000e+00
      0.357      0.038 -1240.7455     8.0715     93.756 5.2560e+01     15.704     38.751  37.651139     2.3569    17.7173    23.5235   997.4350      0.507      0.349 0.0000e+00
      0.366      0.041 -1240.7455     8.0155     93.970 5.4318e+01     15.704     38.671  37.573567     2.3622    17.7787    23.5375   997.4317      0.521      0.359 0.0000e+00
      0.378      0.043 -1240.7455     7.9781     94.427 5.5734e+01     15.704     38.611  37.518356     2.4026    17.9621    23.5601   997.4263      0.536      0.369 0.0000e+00
      0.393      0.044 -1240.7455     7.9571     95.107 5.4948e+01     15.703     38.571  37.491287     2.4255    18.0463    23.5731   997.4231      0.561      0.387 0.0000e+00
      0.406      0.045 -1240.7455     7.9425     96.092 5.2877e+01     15.702     38.573  37.500152     2.4196    18.0756    23.5800   997.4214      0.581      0.401 0.0000e+00
      0.415      0.045 -1240.7455     7.9670     97.352 5.0666e+01     15.703     38.578  37.498627     2.3981    17.9390    23.5709   997.4236      0.590      0.407 0.0000e+00
      0.424      0.045 -1240.7455     8.0066     98.758 4.8522e+01     15.703     38.558  37.472844     2.3568    17.5965    23.5734   997.4232      0.602      0.415 0.0000e+00
      0.436      0.048 -1240.7455     8.0550    100.274 4.6817e+01     15.703     38.525  37.442253     2.3304    17.4025    23.5974   997.4173      0.619      0.427 0.0000e+00
      0.448      0.053 -1240.7455     8.1375    101.954 4.5658e+01     15.703     38.466  37.382607     2.3368    17.4125    23.6147   997.4132      0.638      0.440 0.0000e+00
      0.460      0.056 -1240.7455     8.2535    103.697 4.4818e+01     15.703     38.399  37.322817     2.3473    17.4430    23.5922   997.4187      0.653      0.450 0.0000e+00
      0.476      0.056 -1240.7455     8.3766    105.311 4.3778e+01     15.702     38.337  37.290504     2.3531    17.4963    23.5790   997.4219      0.670      0.462 0.0000e+00
      0.497      0.052 -1240.7455     8.4967    106.854 4.2779e+01     15.702     38.267  37.245804     2.3777    17.6105    23.5995   997.4170      0.708      0.488 0.0000e+00
      0.516      0.045 -1240.7455     8.6451    108.546 4.2527e+01     15.702     38.253  37.226618     2.4064    17.6907    23.5831   997.4212      0.742      0.511 0.0000e+00
      0.525      0.038 -1240.7455     8.8050    110.358 4.2762e+01     15.704     38.303  37.248900     2.4235    17.6762    23.5750   997.4231      0.749      0.516 0.0000e+00
      0.528      0.030 -1240.7455     8.9289    111.825 4.3002e+01     15.705     38.342  37.261322     2.4227    17.4361    23.6320   997.4093      0.752      0.518 0.0000e+00
      0.531      0.023 -1240.7455     9.0410    112.326 4.3157e+01     15.705     38.348  37.249856     2.3875    17.0181    23.6808   997.3974      0.755      0.520 0.0000e+00
      0.535      0.020 -1240.7455     9.1866    111.599 4.3207e+01     15.704     38.342  37.237161     2.3506    16.8119    23.6630   997.4017      0.758      0.523 0.0000e+00
      0.540      0.021 -1240.7455     9.3644    109.968 4.3282e+01     15.703     38.337  37.234749     2.3392    16.8314    23.6146   997.4135      0.768      0.529 0.0000e+00
      0.546      0.024 -1240.7455     9.5175    108.026 4.3380e+01     15.702     38.316  37.220693     2.3456    16.9095    23.5821   997.4214      0.778      0.537 0.0000e+00
      0.553      0.026 -1240.7455     9.5740    106.204 4.3420e+01     15.703     38.286  37.194146     2.3507    17.0697    23.5598   997.4269      0.786      0.543 0.0000e+00
      0.559      0.027 -1240.7455     9.5020    104.683 4.3423e+01     15.703     38.258  37.167614     2.3438    17.1891    23.5466   997.4301      0.796      0.549 0.0000e+00
      0.567      0.026 -1240.7455     9.3402    103.489 4.3328e+01     15.703     38.243  37.153754     2.3387    17.2200    23.5551   997.4281      0.804      0.556 0.0000e+00
      0.576      0.024 -1240.7455     9.1610    102.580 4.3208e+01     15.703     38.243  37.153486     2.3267    17.3055    23.5682   997.4250      0.819      0.566 0.0000e+00
      0.583      0.024 -1240.7455     9.0020    101.942 4.3255e+01     15.703     38.251  37.164367     2.3037    17.3999    23.5685   997.4249      0.832      0.573 0.0000e+00
      0.586      0.027 -1240.7455     8.8723    101.608 4.3377e+01     15.703     38.238  37.158396     2.2897    17.4340    23.5690   997.4248      0.834      0.575 0.0000e+00
      0.589      0.034 -1240.7455     8.7725    101.568 4.3453e+01     15.702     38.150  37.081296     2.2904    17.4777    23.5712   997.4243      0.838      0.578 0.0000e+00
      0.594      0.043 -1240.7455     8.6971    101.740 4.3277e+01     15.700     38.042  36.993704     2.3986    17.7219    23.5686   997.4249      0.841      0.580 0.0000e+00
      0.605      0.049 -1240.7455     8.6398    102.005 4.2384e+01     15.699     38.008  36.987814     2.6157    18.1214    23.5701   997.4245      0.852      0.588 0.0000e+00
      0.625      0.054 -1240.7455     8.6102    102.425 4.0968e+01     15.699     38.016  37.010119     2.7411    18.2907    23.5855   997.4209      0.888      0.613 0.0000e+00
      0.649      0.058 -1240.7455     8.6076    103.321 3.9840e+01     15.700     38.023  37.009564     2.7510    18.2920    23.5893   997.4201      0.928      0.640 0.0000e+00
