Data/DataNotYetUploadedToEDI/Raw_CTD/RawDownloads/061924_ccr50_S78188008.cnv
* Sea-Bird SBE19plus  Data File:
* FileName = C:\R\Reservoirs\Data\DataNotYetUploadedToEDI\Raw_CTD\RawDownloads\060324_bvr50_S78188_0008.hex
* Software version 2.8.0.119
* Temperature SN = 8188
* Conductivity SN = 8188
* System UpLoad Time = Jun 20 2024 16:52:15
* <ApplicationData>
* <Seaterm232>
# nquan = 16
# nvalues = 1797                        
# units = specified
# name 0 = depFM: Depth [fresh water, m]
# name 1 = dz/dtM: Descent Rate [m/s]
# name 2 = sbeox0Mg/L: Oxygen, SBE 43 [mg/l]
# name 3 = sbeox0PS: Oxygen, SBE 43 [% saturation]
# name 4 = specc: Specific Conductance [uS/cm]
# name 5 = c0uS/cm: Conductivity [uS/cm]
# name 6 = wetCDOM: Fluorescence, WET Labs CDOM [mg/m^3]
# name 7 = flECO-AFL: Fluorescence, WET Labs ECO-AFL/FL [mg/m^3]
# name 8 = flECO-AFL1: Fluorescence, WET Labs ECO-AFL/FL, 2 [mg/m^3]
# name 9 = flECO-AFL2: Fluorescence, WET Labs ECO-AFL/FL, 3 [mg/m^3]
# name 10 = par/sat/log: PAR/Logarithmic, Satlantic
# name 11 = turbWETntu0: Turbidity, WET Labs ECO [NTU]
# name 12 = prdM: Pressure, Strain Gauge [db]
# name 13 = prdE: Pressure, Strain Gauge [psi]
# name 14 = tv290C: Temperature [ITS-90, deg C]
# name 15 = flag:  0.000e+00
# span 0 =     -0.357,     12.545       
# span 1 =     -0.335,      0.183       
# span 2 =     4.2848,    10.9864       
# span 3 =     48.413,    120.031       
# span 4 =   -611.967,    126.829       
# span 5 =-486.770057, 118.193856       
# span 6 =    -4.5000,    27.5400       
# span 7 =    -1.9440,     4.2130       
# span 8 =    -2.1300,     0.5538       
# span 9 =    -2.0304,     2.4111       
# span 10 = 2.1436e-01, 1.1782e+03      
# span 11 =    -1.3670,    28.7099      
# span 12 =     -0.350,     12.303      
# span 13 =     -0.508,     17.844      
# span 14 =    10.7166,    26.2902      
# span 15 = 0.0000e+00, 0.0000e+00      
# interval = seconds: 0.25
# start_time = Jun 19 2024 06:14:00 [Instrument's time stamp, header]
# bad_flag = -9.990e-29
*END*
[from data line 724]
      7.238      0.013     9.0924     90.539    120.387  94.810548    26.2800     3.8430     0.1278     0.4653 3.3761e+01     0.6422      7.098     10.295    14.4271 0.0000e+00
      7.241      0.014     9.1348     90.701    120.392  94.755923    26.2800     3.8621     0.1278     0.4653 3.3783e+01     0.6573      7.102     10.300    14.4270 0.0000e+00
      7.244      0.016     9.1795     90.719    120.363  94.651361    26.2800     3.8239     0.1278     0.4653 3.4122e+01     0.6724      7.105     10.304    14.4126 0.0000e+00
      7.248      0.019     9.2197     90.576    120.372  94.556885    26.3700     3.8506     0.0852     0.6345 3.4263e+01     0.6724      7.108     10.309    14.3938 0.0000e+00
      7.252      0.022     9.2517     90.270    120.430  94.487253    26.3700     3.8430     0.0852     0.6345 3.4144e+01     0.8386      7.112     10.315    14.3741 0.0000e+00
      7.258      0.027     9.2731     89.815    120.494  94.401919    26.3700     3.8506     0.0852     0.6345 3.3959e+01     0.8688      7.118     10.324    14.3496 0.0000e+00
      7.266      0.031     9.2817     89.226    120.574  94.302097    26.3700     3.8659     0.0852     0.6345 3.3724e+01     0.8990      7.126     10.335    14.3158 0.0000e+00
      7.275      0.036     9.2756     88.516    120.672  94.225090    26.2800     3.8239     0.1278     0.4230 3.3389e+01     0.9443      7.135     10.348    14.2737 0.0000e+00
      7.286      0.040     9.2537     87.697    120.748  94.176324    26.2800     4.1520     0.1278     0.4230 3.2956e+01     0.8386      7.145     10.363    14.2262 0.0000e+00
      7.297      0.043     9.2183     86.781    120.753  94.106832    26.2800     4.1291     0.1278     0.4230 3.2835e+01     0.9594      7.156     10.378    14.1698 0.0000e+00
      7.308      0.047     9.1713     85.765    120.736  94.006078    26.2800     4.1596     0.1278     0.4230 3.2621e+01     0.9443      7.167     10.394    14.1027 0.0000e+00
      7.320      0.051     9.1109     84.644    120.767  93.915120    26.2800     4.1444     0.1278     0.5499 3.2885e+01     1.0198      7.178     10.411    14.0388 0.0000e+00
      7.332      0.055     9.0355     83.455    120.823  93.841660    26.2800     4.2130     0.1278     0.5499 3.2870e+01     0.9443      7.191     10.429    13.9941 0.0000e+00
      7.347      0.058     8.9471     82.259    120.864  93.776091    26.2800     4.1863     0.1278     0.5499 3.2192e+01     0.8688      7.205     10.450    13.9636 0.0000e+00
      7.364      0.059     8.8492     81.103    120.897  93.728895    26.2800     4.2016     0.1278     0.5499 3.1119e+01     1.0047      7.221     10.473    13.9274 0.0000e+00
      7.381      0.060     8.7428     80.011    120.941  93.705464    26.2800     4.2092     0.1278     0.5499 3.0331e+01     0.8688      7.238     10.498    13.8797 0.0000e+00
      7.397      0.059     8.6292     79.018    120.980  93.677574    26.2800     3.7781     0.1278     0.4230 3.0417e+01     0.9745      7.254     10.521    13.8311 0.0000e+00
      7.412      0.057     8.5131     78.160    120.990  93.609819    26.2800     3.7743     0.1278     0.4230 3.0503e+01     0.9896      7.269     10.542    13.7909 0.0000e+00
      7.425      0.054     8.3991     77.459    121.004  93.516093    26.2800     3.7781     0.1278     0.4230 3.0509e+01     1.0652      7.282     10.561    13.7607 0.0000e+00
      7.438      0.052     8.2905     76.907    121.055  93.435329    26.2800     3.7858     0.1278     0.4230 3.0245e+01     0.8990      7.294     10.579    13.7369 0.0000e+00
      7.451      0.050     8.1920     76.467    121.115  93.371954    26.2800     4.0337     0.1278     0.6345 2.9860e+01     1.0500      7.307     10.598    13.7129 0.0000e+00
      7.464      0.050     8.1086     76.096    121.161  93.317053    26.2800     4.0375     0.1278     0.6345 2.9435e+01     0.9292      7.320     10.616    13.6816 0.0000e+00
      7.477      0.050     8.0435     75.761    121.202  93.259980    26.2800     3.9994     0.1278     0.6345 2.9199e+01     0.9594      7.332     10.634    13.6386 0.0000e+00
      7.489      0.051     7.9950     75.434    121.245  93.187515    26.2800     4.0223     0.1278     0.6345 2.9129e+01     0.8386      7.344     10.651    13.5890 0.0000e+00
      7.501      0.052     7.9573     75.091    121.293  93.096312    26.2800     3.6599     0.1278     0.5499 2.9148e+01     0.9141      7.356     10.669    13.5438 0.0000e+00
      7.514      0.054     7.9253     74.719    121.346  93.000001    26.2800     3.6523     0.1278     0.5499 2.9148e+01     0.9745      7.369     10.687    13.5063 0.0000e+00
      7.528      0.057     7.8968     74.310    121.423  92.928831    26.2800     3.6561     0.1278     0.5499 2.8865e+01     0.8990      7.382     10.707    13.4698 0.0000e+00
      7.543      0.060     7.8703     73.850    121.521  92.891785    26.2800     3.6828     0.1278     0.5499 2.8367e+01     0.9443      7.397     10.729    13.4262 0.0000e+00
      7.560      0.061     7.8437     73.328    121.616  92.878978    26.3700     3.4806     0.1704     0.7614 2.8134e+01     0.9443      7.413     10.752    13.3735 0.0000e+00
      7.577      0.060     7.8146     72.751    121.689  92.882998    26.3700     3.4730     0.1704     0.7614 2.7434e+01     0.9292      7.430     10.776    13.3172 0.0000e+00
      7.593      0.057     7.7811     72.146    121.725  92.888933    26.3700     3.4806     0.1704     0.7614 2.6629e+01     0.9292      7.446     10.800    13.2638 0.0000e+00
      7.608      0.052     7.7408     71.540    121.737  92.900362    26.3700     3.4806     0.1704     0.7614 2.6716e+01     0.9292      7.461     10.822    13.2176 0.0000e+00
      7.621      0.045     7.6921     70.965    121.759  92.942309    26.3700     3.4653     0.1704     0.7614 2.6548e+01     0.8688      7.474     10.840    13.1824 0.0000e+00
      7.632      0.038     7.6353     70.475    121.781  93.007982    26.2800     3.4768     0.2130     0.7614 2.6279e+01     0.8990      7.484     10.855    13.1612 0.0000e+00
      7.640      0.031     7.5734     70.132    121.771  93.060956    26.2800     3.4730     0.2130     0.7614 2.6261e+01     0.9745      7.492     10.866    13.1523 0.0000e+00
      7.646      0.025     7.5097     69.991    121.735  93.087394    26.2800     3.4615     0.2130     0.7614 2.6560e+01     0.9141      7.498     10.875    13.1530 0.0000e+00
      7.650      0.020     7.4478     70.074    121.704  93.098346    26.2800     3.4882     0.2130     0.7614 2.6768e+01     0.9594      7.502     10.882    13.1634 0.0000e+00
      7.654      0.016     7.3930     70.366    121.691  93.104723    26.1900     3.7286     0.1278     0.6768 2.6514e+01     0.9292      7.506     10.887    13.1834 0.0000e+00
      7.658      0.013     7.3529     70.833    121.688  93.112221    26.1900     3.7019     0.1278     0.6768 2.6502e+01     0.8990      7.510     10.893    13.2083 0.0000e+00
      7.661      0.011     7.3346     71.423    121.672  93.110852    26.1900     3.7019     0.1278     0.6768 2.6290e+01     0.9443      7.513     10.897    13.2304 0.0000e+00
      7.664      0.009     7.3409     72.078    121.629  93.088265    26.1900     3.7171     0.1278     0.6768 2.6182e+01     0.8688      7.516     10.901    13.2445 0.0000e+00
      7.665      0.006     7.3704     72.728    121.580  93.058415    26.2800     3.4081     0.1704     0.7191 2.6359e+01     1.0047      7.517     10.903    13.2513 0.0000e+00
      7.666      0.004     7.4185     73.314    121.577  93.065282    26.2800     3.4081     0.1704     0.7191 2.6468e+01     0.8990      7.518     10.905    13.2553 0.0000e+00
      7.667      0.001     7.4796     73.804    121.645  93.142661    26.2800     3.4196     0.1704     0.7191 2.6364e+01     0.8688      7.519     10.906    13.2598 0.0000e+00
      7.668     -0.002     7.5474     74.189    121.744  93.283216    26.2800     3.4081     0.1704     0.7191 2.6142e+01     0.9443      7.520     10.907    13.2641 0.0000e+00
      7.668     -0.007     7.6150     74.486    121.812  93.450511    26.2800     3.6446     0.1704     0.7191 2.5882e+01     0.7026      7.520     10.907    13.2673 0.0000e+00
      7.667     -0.011     7.6757     74.737    121.799  93.599264    26.2800     3.6484     0.1278     0.6768 2.5619e+01     0.6724      7.518     10.905    13.2711 0.0000e+00
      7.663     -0.015     7.7252     75.008    121.693  93.691236    26.2800     3.6599     0.1278     0.6768 2.6006e+01     0.7026      7.515     10.899    13.2815 0.0000e+00
      7.657     -0.018     7.7609     75.365    121.505  93.697021    26.2800     3.6599     0.1278     0.6768 2.6832e+01     0.6120      7.509     10.891    13.3079 0.0000e+00
      7.650     -0.020     7.7837     75.860    121.306  93.644144    26.2800     3.2212     0.1278     0.6768 2.7333e+01     0.9141      7.502     10.881    13.3555 0.0000e+00
      7.644     -0.019     7.7987     76.508    121.199  93.606411    26.1900     3.2174     0.1704     0.6768 2.7404e+01     0.9745      7.496     10.872    13.4207 0.0000e+00
      7.639     -0.018     7.8145     77.290    121.188  93.603727    26.1900     3.2288     0.1704     0.6768 2.7250e+01     0.8990      7.491     10.865    13.4920 0.0000e+00
      7.635     -0.015     7.8410     78.146    121.211  93.607405    26.1900     3.2326     0.1704     0.6768 2.7161e+01     0.8386      7.487     10.859    13.5542 0.0000e+00
      7.632     -0.012     7.8853     78.987    121.226  93.598446    26.1900     3.4806     0.1704     0.6768 2.7244e+01     1.0047      7.484     10.855    13.5955 0.0000e+00
      7.630     -0.009     7.9495     79.708    121.217  93.566467    26.2800     3.4615     0.1704     0.7191 2.7279e+01     1.0349      7.482     10.852    13.6140 0.0000e+00
      7.628     -0.006     8.0304     80.229    121.203  93.518925    26.2800     3.4692     0.1704     0.7191 2.7279e+01     0.9745      7.480     10.849    13.6161 0.0000e+00
      7.627     -0.004     8.1204     80.498    121.222  93.483096    26.2800     3.4882     0.1704     0.7191 2.7226e+01     0.9443      7.479     10.848    13.6103 0.0000e+00
      7.626     -0.002     8.2093     80.503    121.252  93.445427    26.2800     3.3509     0.1704     0.7191 2.7273e+01     0.8688      7.478     10.846    13.6020 0.0000e+00
      7.626     -0.000     8.2862     80.268    121.267  93.385883    26.2800     3.3433     0.1278     0.5922 2.7309e+01     0.9141      7.478     10.846    13.5915 0.0000e+00
      7.626      0.002     8.3431     79.836    121.301  93.332535    26.2800     3.3662     0.1278     0.5922 2.7161e+01     0.9141      7.478     10.846    13.5763 0.0000e+00
      7.626      0.005     8.3748     79.253    121.358  93.291130    26.2800     3.3471     0.1278     0.5922 2.7244e+01     1.0198      7.479     10.847    13.5556 0.0000e+00
      7.627      0.008     8.3799     78.568    121.400  93.230648    26.2800     3.8010     0.1278     0.5922 2.7434e+01     0.8688      7.480     10.849    13.5304 0.0000e+00
      7.630      0.011     8.3608     77.823    121.421  93.146943    26.2800     3.7438     0.1278     0.5922 2.7464e+01     0.9745      7.482     10.852    13.5010 0.0000e+00
      7.633      0.013     8.3218     77.039    121.455  93.073627    26.2800     3.7858     0.1704     0.6345 2.7026e+01     0.8839      7.486     10.856    13.4683 0.0000e+00
      7.637      0.015     8.2674     76.231    121.529  93.041089    26.2800     3.7858     0.1704     0.6345 2.6938e+01     0.9443      7.490     10.863    13.4331 0.0000e+00
      7.642      0.016     8.2029     75.413    121.627  93.048638    26.2800     3.5836     0.1704     0.6345 2.6699e+01     0.6271      7.495     10.870    13.3949 0.0000e+00
      7.647      0.016     8.1324     74.602    121.701  93.062325    26.2800     3.6179     0.1704     0.6345 2.6594e+01     0.6573      7.499     10.877    13.3539 0.0000e+00
      7.651      0.016     8.0579     73.827    121.735  93.057831    26.2800     3.5798     0.1704     0.6768 2.6519e+01     0.7479      7.504     10.883    13.3131 0.0000e+00
      7.655      0.015     7.9800     73.123    121.735  93.033959    26.2800     3.5798     0.1704     0.6768 2.6623e+01     0.6422      7.507     10.888    13.2762 0.0000e+00
      7.659      0.014     7.8993     72.525    121.693  92.988335    26.2800     3.3700     0.1704     0.6768 2.6629e+01     0.8990      7.511     10.893    13.2485 0.0000e+00
      7.662      0.013     7.8174     72.058    121.645  92.944754    26.2800     3.3509     0.1704     0.6768 2.6433e+01     1.0047      7.514     10.898    13.2309 0.0000e+00
      7.665      0.013     7.7384     71.728    121.639  92.927555    26.1900     3.3166     0.1278     0.6345 2.6450e+01     0.9745      7.517     10.902    13.2183 0.0000e+00
      7.668      0.013     7.6663     71.533    121.673  92.928155    26.1900     3.3662     0.1278     0.6345 2.6496e+01     0.8839      7.519     10.906    13.2085 0.0000e+00
      7.671      0.014     7.6046     71.458    121.729  92.930734    26.1900     3.5378     0.1278     0.6345 2.6542e+01     0.9443      7.522     10.911    13.2030 0.0000e+00
      7.674      0.014     7.5562     71.465    121.782  92.923988    26.1900     3.5378     0.1278     0.6345 2.6353e+01     0.9896      7.526     10.915    13.1999 0.0000e+00
      7.678      0.014     7.5225     71.508    121.807  92.906117    26.1900     3.5226     0.1704     0.7191 2.6273e+01     0.9745      7.530     10.921    13.1948 0.0000e+00
      7.682      0.014     7.5038     71.556    121.779  92.872351    26.1900     3.5187     0.1704     0.7191 2.6040e+01     1.0047      7.534     10.927    13.1844 0.0000e+00
      7.686      0.014     7.4987     71.595    121.725  92.835661    26.1900     3.2403     0.1704     0.7191 2.5764e+01     1.0500      7.538     10.933    13.1681 0.0000e+00
      7.690      0.013     7.5026     71.615    121.701  92.828217    26.1900     3.1945     0.1704     0.7191 2.5686e+01     0.8537      7.541     10.938    13.1487 0.0000e+00
      7.693      0.011     7.5096     71.614    121.714  92.850033    26.1900     3.2288     0.1704     0.7191 2.5742e+01     0.9745      7.544     10.942    13.1337 0.0000e+00
      7.696      0.009     7.5156     71.598    121.750  92.884954    26.1900     3.2288     0.1704     0.6345 2.5753e+01     0.8688      7.547     10.946    13.1284 0.0000e+00
      7.698      0.008     7.5193     71.589    121.780  92.910327    26.1900     3.3280     0.1704     0.6345 2.5708e+01     0.7177      7.549     10.948    13.1303 0.0000e+00
      7.699      0.007     7.5206     71.610    121.792  92.916937    26.1900     3.3433     0.1704     0.6345 2.5686e+01     0.6120      7.550     10.951    13.1349 0.0000e+00
      7.701      0.006     7.5197     71.660    121.792  92.910542    26.1900     3.3471     0.1704     0.6345 2.5669e+01     0.7177      7.552     10.953    13.1396 0.0000e+00
      7.702      0.006     7.5176     71.725    121.764  92.881445    26.1900     3.3166     0.1704     0.8883 2.5764e+01     0.7026      7.553     10.954    13.1428 0.0000e+00
      7.703      0.006     7.5165     71.790    121.718  92.837868    26.1900     3.4157     0.1704     0.8883 2.5730e+01     0.9443      7.554     10.956    13.1436 0.0000e+00
      7.705      0.007     7.5188     71.843    121.676  92.798156    26.1900     3.3929     0.1704     0.8883 2.5803e+01     0.8839      7.555     10.958    13.1425 0.0000e+00
      7.706      0.008     7.5245     71.873    121.674  92.787680    26.1900     3.3929     0.1704     0.8883 2.5730e+01     0.9594      7.557     10.960    13.1400 0.0000e+00
      7.708      0.009     7.5319     71.870    121.735  92.819626    26.1900     3.4157     0.1704     0.7191 2.5652e+01     0.8839      7.559     10.963    13.1366 0.0000e+00
