Data/DataNotYetUploadedToEDI/Raw_CTD/RawDownloads/061924_ccr90_S78188010.cnv
* Sea-Bird SBE19plus  Data File:
* FileName = C:\R\Reservoirs\Data\DataNotYetUploadedToEDI\Raw_CTD\RawDownloads\060324_bvr50_S78188_0010.hex
* Software version 2.8.0.119
* Temperature SN = 8188
* Conductivity SN = 8188
* System UpLoad Time = Jun 20 2024 16:53:04
* <ApplicationData>
* <Seaterm232>
# nquan = 16
# nvalues = 975                         
# units = specified
# name 0 = depFM: Depth [fresh water, m]
# name 1 = dz/dtM: Descent Rate [m/s]
# name 2 = sbeox0Mg/L: Oxygen, SBE 43 [mg/l]
# name 3 = sbeox0PS: Oxygen, SBE 43 [% saturation]
# name 4 = specc: Specific Conductance [uS/cm]
# name 5 = c0uS/cm: Conductivity [uS/cm]
# name 6 = wetCDOM: Fluorescence, WET Labs CDOM [mg/m^3]
# name 7 = flECO-AFL: Fluorescence, WET Labs ECO-AFL/FL [mg/m^3]
# name 8 = flECO-AFL1: Fluorescence, WET Labs ECO-AFL/FL, 2 [mg/m^3]
# name 9 = flECO-AFL2: Fluorescence, WET Labs ECO-AFL/FL, 3 [mg/m^3]
# name 10 = par/sat/log: PAR/Logarithmic, Satlantic
# name 11 = turbWETntu0: Turbidity, WET Labs ECO [NTU]
# name 12 = prdM: Pressure, Strain Gauge [db]
# name 13 = prdE: Pressure, Strain Gauge [psi]
# name 14 = tv290C: Temperature [ITS-90, deg C]
# name 15 = flag:  0.000e+00
# span 0 =     -0.344,      5.344       
# span 1 =     -0.363,      0.109       
# span 2 =     4.5736,     9.2447       
# span 3 =     56.043,    114.132       
# span 4 =   -461.691,    118.537       
# span 5 =-468.338317, 121.260679       
# span 6 =    -4.5000,    30.0600       
# span 7 =    -1.0094,   245.1301       
# span 8 =    -3.1950,     0.3408       
# span 9 =    -2.0304,    11.4633       
# span 10 = 1.0556e+02, 2.9424e+03      
# span 11 =   -10.3855,    35.5531      
# span 12 =     -0.337,      5.240      
# span 13 =     -0.489,      7.600      
# span 14 =    21.2080,    26.3463      
# span 15 = 0.0000e+00, 0.0000e+00      
# interval = seconds: 0.25
# start_time = Jun 19 2024 07:17:56 [Instrument's time stamp, header]
# bad_flag = -9.990e-29
*END*
[from data line 91]
      0.264      0.005     6.0172     72.632    113.664 115.963728    13.3200     0.1007     0.0000     0.1269 8.1145e+02    -0.0527      0.259      0.376    26.0501 0.0000e+00
      0.265      0.005     5.9942     72.140    113.674 115.947284    13.3200     0.2037     0.0000     0.1269 1.1506e+03    -0.1585      0.260      0.378    26.0440 0.0000e+00
      0.266      0.005     5.9654     71.689    113.671 115.924050    13.2300     0.1808     0.0852     0.0846 1.0926e+03    -0.3549      0.261      0.379    26.0335 0.0000e+00
      0.267      0.005     5.9298     71.261    113.670 115.903828    13.2300     0.1846     0.0852     0.0846 1.0523e+03    -0.2491      0.262      0.380    26.0196 0.0000e+00
      0.269      0.004     5.8904     70.826    113.679 115.889225    13.2300     0.1846     0.0852     0.0846 1.4286e+03    -0.1434      0.263      0.382    26.0053 0.0000e+00
      0.270      0.003     5.8517     70.370    113.701 115.880348    13.2300     0.0931     0.0852     0.0846 1.1962e+03    -0.0527      0.265      0.384    25.9939 0.0000e+00
      0.271      0.001     5.8160     69.907    113.733 115.878826    13.2300     0.0969     0.0852     0.0846 1.2418e+03    -0.0074      0.266      0.386    25.9851 0.0000e+00
      0.272      0.000     5.7823     69.467    113.759 115.876251    13.2300     0.1084     0.0426     0.1269 1.2257e+03    -0.0678      0.266      0.386    25.9764 0.0000e+00
      0.271     -0.002     5.7480     69.098    113.769 115.867935    13.2300     0.0855     0.0426     0.1269 8.9773e+02     0.0228      0.265      0.386    25.9658 0.0000e+00
      0.270     -0.003     5.7124     68.837    113.773 115.859659    13.2300     0.1656     0.0426     0.1269 9.8523e+02    -0.0074      0.264      0.384    25.9522 0.0000e+00
      0.268     -0.003     5.6764     68.677    113.774 115.849216    13.2300     0.1694     0.0426     0.1269 8.7748e+02     0.0228      0.263      0.382    25.9371 0.0000e+00
      0.267     -0.003     5.6420     68.575    113.775 115.833822    13.4100     0.1541     0.0000     0.0000 7.9903e+02     0.0228      0.262      0.380    25.9243 0.0000e+00
      0.267     -0.002     5.6129     68.488    113.781 115.817372    13.4100     0.1656     0.0000     0.0000 5.0287e+02    -0.0225      0.262      0.380    25.9162 0.0000e+00
      0.267     -0.002     5.5923     68.401    113.792 115.803477    13.4100     0.1694     0.0000     0.0000 4.7432e+02     0.0228      0.262      0.380    25.9109 0.0000e+00
      0.267     -0.001     5.5798     68.321    113.806 115.796428    13.4100     0.1846     0.0000     0.0000 3.3473e+02    -0.0074      0.262      0.380    25.9057 0.0000e+00
      0.267     -0.001     5.5722     68.278    113.816 115.794344    13.3200     0.1732     0.0852    -0.0423 3.0481e+02    -0.0980      0.261      0.379    25.8986 0.0000e+00
      0.266     -0.001     5.5662     68.306    113.816 115.788670    13.3200     0.1503     0.0852    -0.0423 2.9580e+02    -0.0980      0.261      0.379    25.8887 0.0000e+00
      0.266     -0.001     5.5602     68.412    113.809 115.777893    13.3200     0.1846     0.0852    -0.0423 4.5198e+02    -0.0678      0.260      0.378    25.8775 0.0000e+00
      0.265     -0.000     5.5546     68.565    113.805 115.767140    13.3200     0.1846     0.0852    -0.0423 9.0439e+02    -0.0376      0.260      0.377    25.8682 0.0000e+00
      0.265      0.000     5.5517     68.706    113.802 115.753542    13.3200     0.1732     0.0426     0.0846 2.9968e+02    -0.0376      0.260      0.378    25.8627 0.0000e+00
      0.266      0.000     5.5542     68.787    113.791 115.729473    13.3200     0.1961     0.0426     0.0846 4.3351e+02    -0.0074      0.261      0.378    25.8604 0.0000e+00
      0.267      0.000     5.5630     68.798    113.777 115.700514    13.3200     0.1084     0.0426     0.0846 5.3990e+02     0.0228      0.261      0.379    25.8586 0.0000e+00
      0.267     -0.001     5.5758     68.775    113.768 115.678940    13.3200     0.1084     0.0426     0.0846 5.3523e+02    -0.0376      0.262      0.379    25.8557 0.0000e+00
      0.267     -0.001     5.5877     68.759    113.764 115.666997    13.3200     0.1007     0.0426     0.0846 6.2983e+02    -0.0376      0.261      0.379    25.8514 0.0000e+00
      0.266     -0.002     5.5949     68.754    113.761 115.657499    13.4100     0.1312     0.0426     0.0846 6.9801e+02    -0.1283      0.261      0.378    25.8456 0.0000e+00
      0.265     -0.003     5.5965     68.729    113.756 115.643914    13.4100     0.1045     0.0426     0.0846 1.0095e+03    -0.1434      0.260      0.377    25.8391 0.0000e+00
      0.264     -0.003     5.5952     68.654    113.752 115.630618    13.4100     0.1007     0.0426     0.0846 9.9405e+02    -0.0678      0.259      0.376    25.8337 0.0000e+00
      0.264     -0.004     5.5942     68.499    113.755 115.626065    13.4100     0.1084     0.0426     0.0846 1.0148e+03     0.0228      0.258      0.375    25.8300 0.0000e+00
      0.263     -0.004     5.5941     68.253    113.765 115.629040    13.3200     0.1160     0.0426     0.0000 1.0682e+03    -0.0678      0.258      0.374    25.8270 0.0000e+00
      0.262     -0.004     5.5925     67.937    113.771 115.628337    13.3200     0.1999     0.0426     0.0000 1.1389e+03    -0.0376      0.257      0.372    25.8234 0.0000e+00
      0.261     -0.003     5.5867     67.574    113.771 115.619768    13.3200     0.1694     0.0426     0.0000 1.0243e+03     0.0379      0.255      0.371    25.8195 0.0000e+00
      0.260     -0.003     5.5744     67.168    113.772 115.609049    13.3200     0.1923     0.0426     0.0000 1.0721e+03    -0.0074      0.254      0.369    25.8162 0.0000e+00
      0.259     -0.003     5.5547     66.721    113.771 115.597320    13.4100     0.1808     0.0426     0.0846 1.2893e+03     0.0077      0.254      0.368    25.8132 0.0000e+00
      0.259     -0.003     5.5293     66.241    113.770 115.585452    13.4100     0.1084     0.0426     0.0846 1.1308e+03    -0.0074      0.253      0.368    25.8101 0.0000e+00
      0.258     -0.004     5.5001     65.745    113.768 115.574279    13.4100     0.1160     0.0426     0.0846 9.6029e+02    -0.0678      0.253      0.367    25.8062 0.0000e+00
      0.257     -0.006     5.4675     65.246    113.768 115.564821    13.4100     0.1198     0.0426     0.0846 1.1310e+03     0.0228      0.252      0.366    25.8015 0.0000e+00
      0.256     -0.009     5.4316     64.762    113.775 115.562556    13.4100     0.1160     0.0426     0.0846 1.2345e+03    -0.0527      0.251      0.364    25.7965 0.0000e+00
      0.253     -0.012     5.3930     64.325    113.788 115.566878    13.3200     0.0244     0.0852     0.0423 1.1659e+03    -0.0074      0.248      0.360    25.7919 0.0000e+00
      0.250     -0.016     5.3530     63.988    113.803 115.570942    13.3200     0.0168     0.0852     0.0423 1.0073e+03    -0.0678      0.245      0.356    25.7878 0.0000e+00
      0.246     -0.020     5.3128     63.801    113.820 115.575829    13.3200     0.0473     0.0852     0.0423 1.2262e+03    -0.1283      0.241      0.349    25.7837 0.0000e+00
      0.240     -0.024     5.2737     63.809    113.852 115.590843    13.3200     0.0740     0.0852     0.0423 1.0261e+03    -0.0527      0.235      0.341    25.7796 0.0000e+00
      0.233     -0.029     5.2386     64.051    113.897 115.611988    13.4100     0.1351     0.0426     0.0846 1.4963e+03    -0.0980      0.229      0.332    25.7753 0.0000e+00
      0.226     -0.035     5.2116     64.580    113.935 115.620903    13.4100     0.1236     0.0426     0.0846 1.2085e+03     0.0681      0.222      0.321    25.7707 0.0000e+00
      0.217     -0.039     5.1969     65.470    113.953 115.619960    13.4100     0.1236     0.0426     0.0846 1.4995e+03    -0.0376      0.213      0.308    25.7651 0.0000e+00
      0.206     -0.043     5.1983     66.780    113.962 115.628906    13.4100     0.1236     0.0426     0.0846 1.4305e+03     0.0228      0.202      0.292    25.7574 0.0000e+00
      0.193     -0.044     5.2191     68.469    113.960 115.646127    13.4100     0.1198     0.0852     0.0846 1.4856e+03    -0.2642      0.189      0.274    25.7465 0.0000e+00
      0.179     -0.043     5.2634     70.340    113.947 115.660217    13.4100     0.0931     0.0852     0.0846 1.4203e+03    -0.3851      0.176      0.255    25.7340 0.0000e+00
      0.167     -0.039     5.3367     72.125    113.938 115.670939    13.4100     0.0931     0.0852     0.0846 1.4190e+03    -0.2793      0.164      0.237    25.7253 0.0000e+00
      0.157     -0.033     5.4434     73.634    113.939 115.677153    13.4100     0.1236     0.0852     0.0846 1.4129e+03    -0.3095      0.154      0.223    25.7254 0.0000e+00
      0.149     -0.027     5.5802     74.804    113.948 115.676518    13.3200     0.0969     0.0426     0.0846 1.4264e+03    -0.2944      0.147      0.212    25.7340 0.0000e+00
      0.144     -0.021     5.7315     75.657    113.953 115.668862    13.3200     0.1160     0.0426     0.0846 1.4386e+03    -0.3397      0.142      0.205    25.7457 0.0000e+00
      0.141     -0.016     5.8760     76.263    113.943 115.652141    13.3200     0.1007     0.0426     0.0846 1.4433e+03    -0.2944      0.138      0.200    25.7545 0.0000e+00
      0.138     -0.012     5.9988     76.708    113.919 115.629895    13.3200     0.1312     0.0426     0.0846 1.4339e+03    -0.4002      0.135      0.196    25.7565 0.0000e+00
      0.135     -0.008     6.0946     77.033    113.895 115.612192    13.3200     0.1274     0.0426     0.0846 1.4295e+03    -0.3246      0.133      0.193    25.7524 0.0000e+00
      0.134     -0.005     6.1647     77.204    113.876 115.598311    13.3200     0.1084     0.0852     0.1269 1.4320e+03    -0.3397      0.131      0.190    25.7468 0.0000e+00
      0.132     -0.001     6.2144     77.146    113.859 115.584552    13.3200     0.1045     0.0852     0.1269 1.4286e+03    -0.2340      0.130      0.188    25.7438 0.0000e+00
      0.132      0.003     6.2506     76.784    113.850 115.575245    13.3200     0.1045     0.0852     0.1269 1.4252e+03    -0.2944      0.130      0.188    25.7447 0.0000e+00
      0.133      0.007     6.2767     76.084    113.850 115.571908    13.3200     0.1045     0.0852     0.1269 1.4292e+03    -0.0829      0.131      0.189    25.7476 0.0000e+00
      0.136      0.012     6.2904     75.063    113.865 115.577652    13.3200     0.1084     0.0426     0.0000 1.4022e+03    -0.0376      0.133      0.193    25.7502 0.0000e+00
      0.140      0.016     6.2855     73.793    113.888 115.586007    13.3200     0.1274     0.0426     0.0000 1.4175e+03    -0.0980      0.137      0.198    25.7514 0.0000e+00
      0.145      0.020     6.2560     72.390    113.908 115.587201    13.3200     0.0969     0.0426     0.0000 1.4144e+03    -0.0074      0.142      0.206    25.7514 0.0000e+00
      0.151      0.023     6.1991     70.988    113.925 115.585553    13.3200     0.1732     0.0426     0.0000 1.4135e+03    -0.0980      0.148      0.215    25.7498 0.0000e+00
      0.157      0.025     6.1163     69.705    113.936 115.580619    13.4100     0.1961     0.0426     0.0000 1.4092e+03    -0.0678      0.154      0.224    25.7459 0.0000e+00
      0.164      0.026     6.0135     68.594    113.939 115.571085    13.4100     0.1503     0.0426     0.0000 1.4107e+03    -0.0527      0.161      0.233    25.7394 0.0000e+00
      0.171      0.027     5.9001     67.640    113.936 115.558407    13.4100     0.1732     0.0426     0.0000 1.3997e+03    -0.0980      0.168      0.243    25.7310 0.0000e+00
      0.178      0.028     5.7867     66.804    113.931 115.545203    13.4100     0.1274     0.0426     0.0000 1.3873e+03     0.0228      0.175      0.253    25.7227 0.0000e+00
      0.186      0.028     5.6828     66.051    113.927 115.533952    13.4100     0.1084     0.0426     0.0000 1.3723e+03    -0.0678      0.183      0.264    25.7157 0.0000e+00
      0.193      0.028     5.5929     65.360    113.927 115.525653    13.4100     0.1084     0.0426     0.1269 1.3469e+03     0.0379      0.190      0.274    25.7101 0.0000e+00
      0.200      0.028     5.5155     64.722    113.932 115.522092    13.4100     0.0931     0.0426     0.1269 1.3182e+03     0.0530      0.197      0.284    25.7058 0.0000e+00
      0.207      0.028     5.4477     64.121    113.937 115.518319    13.4100     0.1160     0.0426     0.1269 1.0703e+03    -0.0980      0.204      0.294    25.7023 0.0000e+00
      0.214      0.028     5.3866     63.542    113.941 115.515328    13.4100     0.1160     0.0426     0.1269 1.1751e+03    -0.2038      0.211      0.305    25.6989 0.0000e+00
      0.222      0.028     5.3306     62.988    113.950 115.518320    13.4100     0.1007     0.0426     0.0846 1.1105e+03     0.0077      0.218      0.315    25.6954 0.0000e+00
      0.229      0.028     5.2790     62.471    113.958 115.522093    13.4100     0.0855     0.0426     0.0846 1.0219e+03    -0.0074      0.225      0.325    25.6917 0.0000e+00
      0.236      0.028     5.2303     61.998    113.959 115.519655    13.4100     0.0969     0.0426     0.0846 1.1910e+03    -0.0678      0.231      0.335    25.6880 0.0000e+00
      0.243      0.028     5.1834     61.573    113.957 115.514353    13.4100     0.1122     0.0426     0.0846 1.0045e+03     0.0530      0.238      0.345    25.6847 0.0000e+00
      0.250      0.027     5.1384     61.197    113.956 115.510775    13.4100     0.1160     0.0426     0.1692 1.0019e+03    -0.0376      0.245      0.355    25.6821 0.0000e+00
      0.257      0.027     5.0964     60.871    113.956 115.507964    13.4100     0.1427     0.0426     0.1692 8.5881e+02     0.0228      0.252      0.365    25.6802 0.0000e+00
      0.264      0.026     5.0580     60.602    113.959 115.507173    13.4100     0.1160     0.0426     0.1692 1.2537e+03    -0.0829      0.259      0.375    25.6786 0.0000e+00
      0.271      0.025     5.0234     60.391    113.963 115.508189    13.4100     0.1465     0.0426     0.1692 9.7968e+02     0.0530      0.266      0.385    25.6772 0.0000e+00
      0.278      0.022     4.9929     60.227    113.966 115.507284    13.5000     0.1160     0.0426     0.0423 9.4251e+02     0.0983      0.272      0.395    25.6759 0.0000e+00
      0.284      0.019     4.9664     60.093    113.965 115.504216    13.5000     0.0855     0.0426     0.0423 1.0117e+03     0.0228      0.278      0.403    25.6746 0.0000e+00
      0.288      0.016     4.9446     59.971    113.963 115.500166    13.5000     0.1351     0.0426     0.0423 1.0580e+03    -0.2340      0.282      0.409    25.6732 0.0000e+00
      0.291      0.013     4.9275     59.844    113.962 115.498055    13.5000     0.0969     0.0426     0.0423 9.4190e+02    -0.3095      0.285      0.414    25.6716 0.0000e+00
      0.293      0.011     4.9143     59.690    113.966 115.501319    13.5000     0.1236     0.0426     0.0423 1.0203e+03    -0.3397      0.288      0.417    25.6701 0.0000e+00
      0.295      0.010     4.9035     59.491    113.969 115.504829    13.4100     0.1084     0.0426     0.2115 8.5862e+02    -0.2944      0.289      0.420    25.6690 0.0000e+00
      0.297      0.010     4.8936     59.247    113.967 115.505520    13.4100     0.1236     0.0426     0.2115 1.1278e+03     0.0077      0.291      0.423    25.6684 0.0000e+00
      0.299      0.012     4.8832     58.975    113.963 115.505579    13.4100     0.1007     0.0426     0.2115 9.0774e+02    -0.0527      0.293      0.426    25.6679 0.0000e+00
      0.302      0.015     4.8707     58.701    113.958 115.505019    13.4100     0.0969     0.0426     0.2115 9.3740e+02    -0.1434      0.296      0.430    25.6676 0.0000e+00
      0.306      0.019     4.8545     58.443    113.954 115.503693    13.4100     0.1236     0.0426     0.0846 1.2246e+03    -0.1131      0.300      0.435    25.6679 0.0000e+00
