Data/DataNotYetUploadedToEDI/Raw_CTD/RawDownloads/061923_bvr50_S8188004.cnv
* Sea-Bird SBE19plus  Data File:
* FileName = C:\R\Reservoirs\Data\DataNotYetUploadedToEDI\Raw_CTD\RawDownloads\061423_fcr50_S8188_0004.hex
* Software version 2.8.0.119
* Temperature SN = 8188
* Conductivity SN = 8188
* System UpLoad Time = Jun 19 2023 15:52:40
* <ApplicationData>
* <Seaterm232>
# nquan = 16
# nvalues = 2446                        
# units = specified
# name 0 = depFM: Depth [fresh water, m]
# name 1 = dz/dtM: Descent Rate [m/s]
# name 2 = sbeox0Mg/L: Oxygen, SBE 43 [mg/l]
# name 3 = sbeox0PS: Oxygen, SBE 43 [% saturation]
# name 4 = specc: Specific Conductance [uS/cm]
# name 5 = c0uS/cm: Conductivity [uS/cm]
# name 6 = wetCDOM: Fluorescence, WET Labs CDOM [mg/m^3]
# name 7 = flECO-AFL: Fluorescence, WET Labs ECO-AFL/FL [mg/m^3]
# name 8 = flECO-AFL1: Fluorescence, WET Labs ECO-AFL/FL, 2 [mg/m^3]
# name 9 = flECO-AFL2: Fluorescence, WET Labs ECO-AFL/FL, 3 [mg/m^3]
# name 10 = par/sat/log: PAR/Logarithmic, Satlantic
# name 11 = turbWETntu0: Turbidity, WET Labs ECO [NTU]
# name 12 = prdM: Pressure, Strain Gauge [db]
# name 13 = prdE: Pressure, Strain Gauge [psi]
# name 14 = tv290C: Temperature [ITS-90, deg C]
# name 15 = flag:  0.000e+00
# span 0 =     -0.767,      9.400       
# span 1 =     -0.434,      0.130       
# span 2 =     0.0999,     9.4772       
# span 3 =      0.896,    106.715       
# span 4 =      0.732,    109.179       
# span 5 =   0.693053,  73.189819       
# span 6 =    -4.5000,     8.2800       
# span 7 =    -0.2070,    56.0072       
# span 8 =    -2.1300,     0.5538       
# span 9 =    -2.0304,    24.7878       
# span 10 = 1.1590e-01, 1.0272e+03      
# span 11 =    -0.5286,    23.1439      
# span 12 =     -0.752,      9.218      
# span 13 =     -1.091,     13.370      
# span 14 =     8.5145,    22.5197      
# span 15 = 0.0000e+00, 0.0000e+00      
# interval = seconds: 0.25
# start_time = Jun 19 2023 10:24:12 [Instrument's time stamp, header]
# bad_flag = -9.990e-29
*END*
[from data line 452]
      0.554      0.024     8.4159     96.259     29.516  27.757816     2.6100     0.6703     0.0426     0.1269 1.8918e+02     0.5536      0.543      0.788    21.9640 0.0000e+00
      0.559      0.020     8.4200     96.185     29.517  27.767107     2.6100     0.6818     0.0426     0.1269 1.9866e+02     0.5686      0.548      0.795    21.9743 0.0000e+00
      0.564      0.018     8.4206     96.071     29.513  27.768958     2.6100     0.6894     0.0426     0.1269 1.8661e+02     0.4634      0.553      0.802    21.9873 0.0000e+00
      0.568      0.016     8.4181     95.924     29.512  27.771783     2.7000     0.6551     0.0000     0.1692 1.9304e+02     0.5686      0.557      0.808    22.0019 0.0000e+00
      0.571      0.014     8.4127     95.758     29.514  27.776334     2.7000     0.6856     0.0000     0.1692 2.0524e+02     0.4935      0.560      0.813    22.0167 0.0000e+00
      0.574      0.014     8.4041     95.598     29.512  27.775908     2.7000     0.6703     0.0000     0.1692 2.0127e+02     0.6438      0.563      0.817    22.0297 0.0000e+00
      0.577      0.013     8.3926     95.468     29.506  27.770390     2.7000     0.6703     0.0000     0.1692 1.9133e+02     0.6588      0.566      0.821    22.0396 0.0000e+00
      0.580      0.014     8.3787     95.377     29.502  27.766227     2.7000     0.6894     0.0426     0.2538 1.9125e+02     0.5536      0.569      0.826    22.0464 0.0000e+00
      0.584      0.015     8.3635     95.322     29.503  27.766269     2.7000     0.7276     0.0426     0.2538 1.9617e+02     0.6738      0.573      0.830    22.0508 0.0000e+00
      0.587      0.016     8.3491     95.294     29.504  27.766567     2.7000     0.7199     0.0426     0.2538 1.9541e+02     0.5536      0.576      0.836    22.0535 0.0000e+00
      0.591      0.018     8.3376     95.287     29.506  27.767202     2.7000     0.7123     0.0426     0.2538 1.9329e+02     0.4784      0.580      0.841    22.0544 0.0000e+00
      0.596      0.021     8.3298     95.288     29.513  27.772301     2.7000     0.7085     0.0000     0.1692 2.0311e+02     0.5536      0.585      0.848    22.0535 0.0000e+00
      0.602      0.023     8.3252     95.284     29.516  27.775305     2.7000     0.7505     0.0000     0.1692 1.9694e+02     0.5235      0.590      0.856    22.0518 0.0000e+00
      0.608      0.025     8.3231     95.272     29.514  27.773057     2.7000     0.7238     0.0000     0.1692 1.9042e+02     0.4935      0.597      0.865    22.0498 0.0000e+00
      0.616      0.027     8.3228     95.255     29.510  27.768915     2.7000     0.7123     0.0000     0.1692 1.8244e+02     0.6888      0.604      0.876    22.0477 0.0000e+00
      0.623      0.027     8.3232     95.249     29.507  27.765735     2.7000     0.7161     0.0000     0.1692 1.8407e+02     0.4333      0.611      0.886    22.0462 0.0000e+00
      0.631      0.027     8.3229     95.268     29.509  27.766628     2.7000     0.7238     0.0426     0.1692 1.7759e+02     0.5536      0.619      0.897    22.0455 0.0000e+00
      0.638      0.026     8.3219     95.309     29.507  27.763913     2.7000     0.7352     0.0426     0.1692 1.7400e+02     0.5987      0.626      0.907    22.0450 0.0000e+00
      0.645      0.025     8.3206     95.365     29.495  27.752908     2.7000     0.7428     0.0426     0.1692 1.6915e+02     0.6137      0.633      0.917    22.0442 0.0000e+00
      0.651      0.024     8.3203     95.427     29.484  27.742555     2.7000     0.7238     0.0426     0.1692 1.7506e+02     0.5235      0.638      0.925    22.0429 0.0000e+00
      0.656      0.024     8.3221     95.486     29.479  27.738013     2.7000     0.7238     0.0000     0.2115 1.8612e+02     0.4784      0.643      0.933    22.0418 0.0000e+00
      0.661      0.024     8.3257     95.533     29.476  27.734111     2.7000     0.7276     0.0000     0.2115 1.8315e+02     0.5235      0.648      0.940    22.0413 0.0000e+00
      0.667      0.026     8.3307     95.566     29.472  27.729809     2.7000     0.7085     0.0000     0.2115 1.8248e+02     0.5987      0.654      0.948    22.0412 0.0000e+00
      0.673      0.028     8.3361     95.577     29.472  27.727919     2.7000     0.7161     0.0000     0.2115 1.9439e+02     0.5686      0.660      0.958    22.0412 0.0000e+00
      0.681      0.030     8.3413     95.561     29.473  27.727936     2.7000     0.7314     0.0426     0.2115 1.8762e+02     0.4935      0.668      0.969    22.0409 0.0000e+00
      0.689      0.031     8.3455     95.529     29.477  27.729866     2.7000     0.7085     0.0426     0.2115 1.8403e+02     0.5686      0.676      0.981    22.0401 0.0000e+00
      0.698      0.031     8.3486     95.500     29.478  27.730263     2.7000     0.7428     0.0426     0.2115 1.8779e+02     0.5686      0.685      0.993    22.0386 0.0000e+00
      0.707      0.031     8.3499     95.487     29.478  27.729233     2.7000     0.7199     0.0426     0.2115 1.7875e+02     0.5686      0.693      1.006    22.0365 0.0000e+00
      0.715      0.030     8.3489     95.488     29.479  27.730461     2.7000     0.7886     0.0000     0.1692 1.7992e+02     0.6137      0.701      1.017    22.0340 0.0000e+00
      0.722      0.029     8.3465     95.494     29.479  27.730315     2.7000     0.8077     0.0000     0.1692 1.7415e+02     0.4935      0.708      1.027    22.0314 0.0000e+00
      0.729      0.029     8.3444     95.495     29.476  27.728756     2.7000     0.8115     0.0000     0.1692 1.7506e+02     0.4935      0.715      1.037    22.0293 0.0000e+00
      0.735      0.029     8.3434     95.487     29.480  27.733288     2.7000     0.7695     0.0000     0.1692 1.7506e+02     0.5536      0.721      1.046    22.0282 0.0000e+00
      0.742      0.031     8.3435     95.472     29.488  27.741159     2.7000     0.7390     0.0000     0.1692 1.7044e+02     0.5536      0.728      1.056    22.0280 0.0000e+00
      0.750      0.034     8.3440     95.458     29.490  27.742590     2.7000     0.7199     0.0426     0.1269 1.6588e+02     0.5836      0.736      1.067    22.0287 0.0000e+00
      0.759      0.039     8.3438     95.449     29.488  27.737963     2.7000     0.6970     0.0426     0.1269 1.6970e+02     0.5686      0.744      1.079    22.0300 0.0000e+00
      0.769      0.044     8.3428     95.447     29.484  27.730003     2.7000     0.7085     0.0426     0.1269 1.7430e+02     0.6588      0.754      1.093    22.0316 0.0000e+00
      0.780      0.048     8.3414     95.461     29.480  27.720547     2.7000     0.8039     0.0426     0.1269 1.6729e+02     0.5686      0.765      1.110    22.0324 0.0000e+00
      0.794      0.052     8.3404     95.502     29.476  27.711032     2.7000     0.7848     0.0000     0.1269 1.6234e+02     0.5686      0.779      1.129    22.0314 0.0000e+00
      0.809      0.055     8.3402     95.565     29.474  27.702880     2.7000     0.7772     0.0000     0.1269 1.4958e+02     0.4634      0.794      1.151    22.0274 0.0000e+00
      0.825      0.057     8.3411     95.634     29.471  27.693918     2.7000     0.7886     0.0000     0.1269 1.5098e+02     0.4935      0.809      1.173    22.0202 0.0000e+00
      0.840      0.058     8.3439     95.688     29.463  27.677795     2.7000     0.7238     0.0000     0.1269 1.5023e+02     0.6888      0.823      1.194    22.0108 0.0000e+00
      0.854      0.059     8.3491     95.714     29.458  27.662091     2.7000     0.7085     0.0000     0.2538 1.4841e+02     0.5385      0.837      1.215    22.0009 0.0000e+00
      0.868      0.058     8.3562     95.715     29.462  27.654494     2.7000     0.7314     0.0000     0.2538 1.4569e+02     0.5085      0.852      1.235    21.9908 0.0000e+00
      0.884      0.057     8.3641     95.709     29.471  27.652980     2.7000     0.7428     0.0000     0.2538 1.3916e+02     0.5686      0.866      1.257    21.9792 0.0000e+00
      0.899      0.056     8.3712     95.722     29.478  27.653183     2.7000     0.7924     0.0000     0.2538 1.3558e+02     0.4484      0.881      1.279    21.9646 0.0000e+00
      0.914      0.055     8.3764     95.775     29.476  27.647239     2.7000     0.7695     0.0000     0.2538 1.3255e+02     0.5536      0.896      1.300    21.9467 0.0000e+00
      0.928      0.053     8.3796     95.875     29.469  27.637522     2.7000     0.7924     0.0000     0.0846 1.3135e+02     0.5836      0.909      1.319    21.9275 0.0000e+00
      0.940      0.051     8.3819     96.000     29.469  27.633321     2.7000     0.7848     0.0000     0.0846 1.3206e+02     0.6137      0.922      1.337    21.9104 0.0000e+00
      0.952      0.050     8.3848     96.124     29.475  27.633513     2.7000     0.7276     0.0000     0.0846 1.3258e+02     0.6287      0.934      1.354    21.8988 0.0000e+00
      0.964      0.049     8.3905     96.237     29.479  27.634190     2.7000     0.7276     0.0000     0.0846 1.2733e+02     0.5836      0.946      1.372    21.8927 0.0000e+00
      0.976      0.049     8.4001     96.334     29.479  27.631574     2.7900     0.7085     0.0000     0.1692 1.2653e+02     0.4935      0.958      1.389    21.8876 0.0000e+00
      0.989      0.050     8.4123     96.401     29.476  27.624967     2.7900     0.7352     0.0000     0.1692 1.2626e+02     0.5987      0.970      1.407    21.8799 0.0000e+00
      1.002      0.051     8.4245     96.424     29.479  27.624486     2.7900     0.7428     0.0000     0.1692 1.2612e+02     0.5836      0.983      1.425    21.8714 0.0000e+00
      1.015      0.052     8.4354     96.409     29.487  27.630000     2.7900     0.7466     0.0000     0.1692 1.2430e+02     0.5235      0.996      1.444    21.8651 0.0000e+00
      1.029      0.053     8.4446     96.384     29.490  27.631104     2.7900     0.7390     0.0000     0.0846 1.2073e+02     0.6738      1.009      1.464    21.8605 0.0000e+00
      1.043      0.052     8.4513     96.373     29.487  27.628089     2.7900     0.7352     0.0000     0.0846 1.1821e+02     0.5235      1.023      1.484    21.8555 0.0000e+00
      1.057      0.052     8.4543     96.380     29.484  27.624114     2.7900     0.6932     0.0000     0.0846 1.1770e+02     0.8842      1.037      1.504    21.8498 0.0000e+00
      1.070      0.051     8.4537     96.391     29.480  27.618116     2.7900     0.6932     0.0000     0.0846 1.1691e+02     0.8091      1.049      1.522    21.8452 0.0000e+00
      1.082      0.050     8.4519     96.382     29.478  27.612457     2.7900     0.6780     0.0426     0.2115 1.1643e+02     0.7490      1.061      1.539    21.8428 0.0000e+00
      1.094      0.048     8.4511     96.341     29.480  27.609587     2.7900     0.6780     0.0426     0.2115 1.1469e+02     0.7640      1.073      1.557    21.8422 0.0000e+00
      1.107      0.046     8.4519     96.273     29.483  27.608740     2.7900     0.6742     0.0426     0.2115 1.1017e+02     0.8391      1.086      1.575    21.8409 0.0000e+00
      1.120      0.043     8.4535     96.191     29.491  27.613649     2.7900     0.6703     0.0426     0.2115 1.0785e+02     0.7790      1.098      1.593    21.8369 0.0000e+00
      1.131      0.039     8.4538     96.102     29.506  27.625624     2.7900     0.7009     0.0426     0.2115 1.0741e+02     0.8091      1.110      1.609    21.8303 0.0000e+00
      1.141      0.035     8.4514     96.019     29.518  27.635978     2.7900     0.6856     0.0426     0.2115 1.0704e+02     0.7941      1.119      1.622    21.8228 0.0000e+00
      1.149      0.030     8.4465     95.961     29.520  27.635596     2.7900     0.6703     0.0426     0.2115 1.0792e+02     0.7339      1.126      1.634    21.8165 0.0000e+00
      1.155      0.025     8.4400     95.938     29.513  27.628334     2.7900     0.7276     0.0426     0.2115 1.0830e+02     0.8241      1.133      1.643    21.8120 0.0000e+00
      1.161      0.021     8.4327     95.949     29.510  27.624134     2.7900     0.7352     0.0426     0.2115 1.0870e+02     0.9143      1.138      1.651    21.8088 0.0000e+00
      1.165      0.018     8.4259     95.991     29.507  27.621876     2.7900     0.7276     0.0426     0.2115 1.0955e+02     0.5987      1.143      1.657    21.8062 0.0000e+00
      1.169      0.016     8.4212     96.046     29.501  27.616998     2.7900     0.7352     0.0426     0.2115 1.1085e+02     0.8391      1.147      1.663    21.8038 0.0000e+00
      1.173      0.013     8.4195     96.100     29.498  27.616119     2.7900     0.6589     0.0426     0.2115 1.1102e+02     0.5536      1.150      1.668    21.8017 0.0000e+00
      1.176      0.012     8.4208     96.150     29.502  27.622963     2.7900     0.7085     0.0426     0.2115 1.1123e+02     0.6137      1.153      1.673    21.8002 0.0000e+00
      1.178      0.011     8.4244     96.198     29.506  27.631438     2.7900     0.6780     0.0426     0.2538 1.1140e+02     0.4634      1.156      1.676    21.8001 0.0000e+00
      1.181      0.010     8.4291     96.241     29.511  27.639843     2.7900     0.6818     0.0426     0.2538 1.1213e+02     0.5235      1.158      1.680    21.8015 0.0000e+00
      1.183      0.010     8.4332     96.278     29.513  27.646462     2.7900     0.6932     0.0426     0.2538 1.1215e+02     0.5836      1.160      1.682    21.8049 0.0000e+00
      1.185      0.010     8.4367     96.314     29.515  27.653058     2.7900     0.6589     0.0426     0.2538 1.1092e+02     0.5235      1.162      1.685    21.8106 0.0000e+00
      1.187      0.011     8.4397     96.352     29.518  27.661391     2.7900     0.6932     0.0000     0.1692 1.0951e+02     0.5536      1.164      1.689    21.8178 0.0000e+00
      1.190      0.013     8.4423     96.393     29.516  27.665764     2.7900     0.6818     0.0000     0.1692 1.0965e+02     0.5235      1.167      1.693    21.8251 0.0000e+00
      1.193      0.014     8.4444     96.429     29.513  27.667345     2.7900     0.6818     0.0000     0.1692 1.0915e+02     0.5686      1.171      1.698    21.8326 0.0000e+00
      1.197      0.016     8.4461     96.452     29.513  27.670515     2.7900     0.6780     0.0000     0.1692 1.0877e+02     0.5836      1.175      1.703    21.8411 0.0000e+00
      1.202      0.018     8.4479     96.459     29.512  27.672158     2.7900     0.6818     0.0000     0.1692 1.0790e+02     0.5686      1.179      1.710    21.8505 0.0000e+00
      1.207      0.020     8.4500     96.442     29.507  27.668755     2.7900     0.6856     0.0000     0.2538 1.0760e+02     0.5235      1.184      1.717    21.8597 0.0000e+00
      1.212      0.021     8.4518     96.394     29.502  27.663358     2.7900     0.7352     0.0000     0.2538 1.0731e+02     0.6588      1.189      1.724    21.8677 0.0000e+00
      1.217      0.023     8.4529     96.317     29.497  27.658485     2.7900     0.7505     0.0000     0.2538 1.0664e+02     0.5686      1.194      1.732    21.8736 0.0000e+00
      1.223      0.024     8.4528     96.224     29.492  27.652839     2.7900     0.7161     0.0000     0.2538 1.0556e+02     0.6137      1.200      1.740    21.8774 0.0000e+00
      1.230      0.025     8.4511     96.129     29.490  27.648872     2.7900     0.7009     0.0426     0.0846 1.0483e+02     0.5536      1.207      1.750    21.8790 0.0000e+00
      1.237      0.026     8.4469     96.043     29.492  27.649486     2.7900     0.6055     0.0426     0.0846 1.0394e+02     0.8091      1.213      1.760    21.8790 0.0000e+00
      1.244      0.026     8.4403     95.978     29.495  27.650886     2.7900     0.5902     0.0426     0.0846 1.0302e+02     0.8692      1.220      1.770    21.8778 0.0000e+00
      1.251      0.025     8.4325     95.941     29.491  27.645526     2.7900     0.6131     0.0426     0.0846 1.0311e+02     0.7941      1.227      1.779    21.8759 0.0000e+00
      1.257      0.025     8.4245     95.932     29.484  27.635936     2.7900     0.6360     0.0000     0.2961 1.0315e+02     0.7941      1.233      1.788    21.8738 0.0000e+00
      1.263      0.024     8.4174     95.941     29.479  27.627477     2.7900     0.7238     0.0000     0.2961 1.0408e+02     0.8091      1.239      1.797    21.8715 0.0000e+00
