Data/DataNotYetUploadedToEDI/Raw_CTD/RawDownloads/061923_fcr50_S8188005.cnv
* Sea-Bird SBE19plus  Data File:
* FileName = C:\R\Reservoirs\Data\DataNotYetUploadedToEDI\Raw_CTD\RawDownloads\061423_fcr50_S8188_0005.hex
* Software version 2.8.0.119
* Temperature SN = 8188
* Conductivity SN = 8188
* System UpLoad Time = Jun 19 2023 15:53:00
* <ApplicationData>
* <Seaterm232>
# nquan = 16
# nvalues = 1350                        
# units = specified
# name 0 = depFM: Depth [fresh water, m]
# name 1 = dz/dtM: Descent Rate [m/s]
# name 2 = sbeox0Mg/L: Oxygen, SBE 43 [mg/l]
# name 3 = sbeox0PS: Oxygen, SBE 43 [% saturation]
# name 4 = specc: Specific Conductance [uS/cm]
# name 5 = c0uS/cm: Conductivity [uS/cm]
# name 6 = wetCDOM: Fluorescence, WET Labs CDOM [mg/m^3]
# name 7 = flECO-AFL: Fluorescence, WET Labs ECO-AFL/FL [mg/m^3]
# name 8 = flECO-AFL1: Fluorescence, WET Labs ECO-AFL/FL, 2 [mg/m^3]
# name 9 = flECO-AFL2: Fluorescence, WET Labs ECO-AFL/FL, 3 [mg/m^3]
# name 10 = par/sat/log: PAR/Logarithmic, Satlantic
# name 11 = turbWETntu0: Turbidity, WET Labs ECO [NTU]
# name 12 = prdM: Pressure, Strain Gauge [db]
# name 13 = prdE: Pressure, Strain Gauge [psi]
# name 14 = tv290C: Temperature [ITS-90, deg C]
# name 15 = flag:  0.000e+00
# span 0 =     -0.671,      9.421       
# span 1 =     -0.320,      0.168       
# span 2 =     1.1581,    14.9176       
# span 3 =     11.007,    173.960       
# span 4 =      0.908,     63.302       
# span 5 =   0.883518,  45.423471       
# span 6 =    -4.5000,    27.5400       
# span 7 =    -0.2070,     3.1423       
# span 8 =    -2.1300,     1.5336       
# span 9 =    -2.0304,    15.6933       
# span 10 = 1.1582e-01, 7.3602e+02      
# span 11 =    -0.4835,   127.7837      
# span 12 =     -0.658,      9.239      
# span 13 =     -0.954,     13.400      
# span 14 =    10.4302,    23.8329      
# span 15 = 0.0000e+00, 0.0000e+00      
# interval = seconds: 0.25
# start_time = Jun 19 2023 12:18:17 [Instrument's time stamp, header]
# bad_flag = -9.990e-29
*END*
[from data line 1085]
      9.415      0.006     7.0944     61.525     54.839  38.899269     0.0000    -0.1269     0.0000    -0.0423 1.1610e-01    -0.2130      9.233     13.391    10.4617 0.0000e+00
      9.417      0.005     6.9390     60.927     51.648  36.636802     0.0000    -0.1346     0.0000     0.0423 1.1607e-01    -0.2881      9.234     13.393    10.4630 0.0000e+00
      9.418      0.005     6.8711     59.286     49.541  35.143809     0.0000    -0.1079     0.0000     0.0423 1.1623e-01    -0.4835      9.236     13.395    10.4637 0.0000e+00
      9.419      0.004     6.8664     56.774     48.167  34.170689     0.0000    -0.1079     0.0000     0.0423 1.1617e-01    -0.4534      9.237     13.397    10.4639 0.0000e+00
      9.420      0.003     6.8685     54.073     47.257  33.527257     0.0000    -0.1384     0.0000     0.0423 1.1623e-01    -0.4835      9.238     13.398    10.4643 0.0000e+00
      9.421      0.002     6.8018     52.010     46.652  33.099360     0.0000    -0.1346     0.0000     0.1692 1.1610e-01    -0.4084      9.238     13.399    10.4654 0.0000e+00
      9.421      0.002     6.6183     51.258     46.268  32.828339     0.0000    -0.1231     0.0000     0.1692 1.1625e-01    -0.3031      9.239     13.400    10.4669 0.0000e+00
      9.421      0.001     6.3376     52.214     46.056  32.679549     0.0000    -0.1422     0.0000     0.1692 1.1612e-01    -0.1528      9.239     13.400    10.4688 0.0000e+00
      9.421      0.000     6.0358     54.950     45.978  32.625193     0.0000    -0.1308     0.0000     0.1692 1.1612e-01    -0.2731      9.239     13.400    10.4707 0.0000e+00
      9.421     -0.001     5.8053     59.162     46.012  32.650776     0.0000    -0.1231     0.0000     0.1692 1.1605e-01    -0.1979      9.239     13.400    10.4726 0.0000e+00
      9.421     -0.002     5.7211     64.210     46.189  32.776983     0.0000    -0.1117     0.0000     0.0846 1.1623e-01    -0.2581      9.239     13.400    10.4743 0.0000e+00
      9.420     -0.003     5.8276     69.327     46.594  33.065192     0.0000    -0.1308     0.0000     0.0846 1.1623e-01    -0.1528      9.238     13.399    10.4758 0.0000e+00
      9.420     -0.004     6.1328     73.874     47.362  33.610081     0.0000    -0.1041     0.0000     0.0846 1.1628e-01    -0.2130      9.237     13.398    10.4770 0.0000e+00
      9.419     -0.006     6.6027     77.485     48.707  34.564874     0.0000    -0.1155     0.0000     0.0846 1.1597e-01    -0.1679      9.236     13.396    10.4780 0.0000e+00
      9.417     -0.008     7.1659     80.047     51.006  36.196066     0.0000    -0.1384     0.0000     0.0423 1.1582e-01    -0.1829      9.235     13.394    10.4788 0.0000e+00
      9.415     -0.010     7.7369     81.601     54.526  38.693067     0.0000    -0.1155     0.0000     0.0423 1.1595e-01    -0.1528      9.233     13.391    10.4793 0.0000e+00
      9.412     -0.014     8.2444     82.231     58.666  41.630354     0.0000    -0.1079     0.0000     0.0423 1.1612e-01    -0.2280      9.230     13.387    10.4796 0.0000e+00
      9.409     -0.018     8.6474     81.993     62.006  43.998315     0.0000    -0.1155     0.0000     0.0423 1.1628e-01    -0.2130      9.227     13.382    10.4797 0.0000e+00
      9.404     -0.023     8.9333     80.847     63.302  44.916513     0.0000    -0.1346     0.0000     0.0000 1.1628e-01     0.0726      9.222     13.376    10.4795 0.0000e+00
      9.398     -0.030     9.1067     78.612     62.096  44.059021     0.0000    -0.1193     0.0000     0.0000 1.1595e-01     0.0426      9.216     13.367    10.4790 0.0000e+00
      9.391     -0.039     9.1770     75.052     58.895  41.785780     0.0000    -0.1422     0.0000     0.0000 1.1595e-01    -0.0326      9.209     13.356    10.4781 0.0000e+00
      9.380     -0.051     9.1507     70.063     54.987  39.012416     0.0000    -0.1422     0.0000     0.0000 1.1605e-01    -0.0025      9.199     13.342    10.4768 0.0000e+00
      9.367     -0.066     9.0231     63.839     51.529  36.558550     0.0000    -0.1117     0.0000     0.0000 1.1623e-01     0.0576      9.186     13.323    10.4753 0.0000e+00
      9.350     -0.084     8.7739     56.969     48.917  34.704746     0.0000    -0.1155     0.0000     0.0000 1.1620e-01     0.1027      9.169     13.299    10.4736 0.0000e+00
      9.328     -0.106     8.3769     50.380     47.125  33.433934     0.0000    -0.1079     0.0000     0.0000 1.1615e-01    -0.0326      9.148     13.268    10.4723 0.0000e+00
      9.300     -0.133     7.8203     45.125     46.010  32.642886     0.0000    -0.1269     0.0000     0.0000 1.1623e-01     0.1027      9.120     13.228    10.4713 0.0000e+00
      9.265     -0.163     7.1258     42.132     45.354  32.178083     0.0000     0.3499     0.0000     0.0000 1.1620e-01    51.3554      9.086     13.177    10.4708 0.0000e+00
      9.221     -0.196     6.3590     41.995     44.976  31.911616     0.0000     0.3652     0.0000    -0.0423 1.1600e-01    51.3855      9.043     13.115    10.4707 0.0000e+00
      9.167     -0.230     5.6236     44.806     44.766  31.764507     0.0000     0.3575     0.0000    -0.0423 1.1610e-01    51.2953      8.990     13.039    10.4707 0.0000e+00
      9.104     -0.261     5.0369     50.116     44.640  31.677725     0.0000     0.3537     0.0000    -0.0423 1.1602e-01    51.4005      8.928     12.948    10.4711 0.0000e+00
      9.030     -0.288     4.7027     57.073     44.528  31.600407     0.0000     0.4186     0.0000    -0.0423 1.1623e-01    72.6832      8.855     12.843    10.4721 0.0000e+00
      8.948     -0.307     4.6872     64.651     44.419  31.523816     0.4500     0.4186     0.1278     0.6768 1.1607e-01    72.5630      8.775     12.727    10.4739 0.0000e+00
      8.861     -0.318     5.0007     71.893     44.340  31.467131     0.4500     0.4338     0.1278     0.6768 1.1617e-01    72.5028      8.690     12.603    10.4765 0.0000e+00
      8.774     -0.320     5.5930     78.090     44.302  31.438997     0.4500     0.4491     0.1278     0.6768 1.1602e-01    72.6231      8.604     12.479    10.4791 0.0000e+00
      8.690     -0.315     6.3691     82.879     44.284  31.423992     0.4500     0.4224     0.1278     0.6768 1.1592e-01    40.1430      8.522     12.360    10.4812 0.0000e+00
      8.611     -0.305     7.2148     86.204     44.268  31.410195     2.1600     0.4262     0.5112     1.6920 1.1607e-01    40.0227      8.444     12.247    10.4821 0.0000e+00
      8.536     -0.291     8.0230     88.221     44.260  31.401846     2.1600     0.4224     0.5112     1.6920 1.1605e-01    39.9776      8.371     12.140    10.4816 0.0000e+00
      8.463     -0.277     8.7150     89.200     44.251  31.392758     2.1600     0.4262     0.5112     1.6920 1.1625e-01    39.9476      8.299     12.037    10.4799 0.0000e+00
      8.393     -0.263     9.2501     89.423     44.231  31.376547     2.1600     0.2355     0.5112     1.6920 1.1623e-01    14.3362      8.231     11.937    10.4773 0.0000e+00
      8.327     -0.252     9.6217     89.138     44.218  31.364732     2.1600     0.2431     0.5112     1.6920 1.1615e-01    14.4565      8.166     11.844    10.4745 0.0000e+00
      8.267     -0.246     9.8475     88.540     44.234  31.373965     4.5000     0.2278     0.5112     0.9729 1.1628e-01    14.5316      8.107     11.759    10.4717 0.0000e+00
      8.210     -0.244     9.9574     87.762     44.271  31.398785     4.5000     0.2507     0.5112     0.9729 1.1612e-01    14.3963      8.052     11.678    10.4689 0.0000e+00
      8.153     -0.245     9.9829     86.895     44.300  31.418090     4.5000     0.2202     0.5112     0.9729 1.1602e-01    12.5176      7.995     11.596    10.4661 0.0000e+00
      8.091     -0.249     9.9516     86.000     44.310  31.425146     4.5000     0.2316     0.5112     0.9729 1.1617e-01    12.5777      7.934     11.508    10.4636 0.0000e+00
      8.024     -0.252     9.8853     85.114     44.312  31.425797     4.5000     0.2355     0.4686     0.5922 1.1612e-01    12.6228      7.869     11.413    10.4613 0.0000e+00
      7.954     -0.255     9.7989     84.263     44.316  31.428135     4.5000     0.2240     0.4686     0.5922 1.1610e-01    12.5176      7.801     11.314    10.4596 0.0000e+00
      7.886     -0.255     9.7024     83.468     44.312  31.424864     4.5000     0.1744     0.4686     0.5922 1.1620e-01     5.6789      7.734     11.216    10.4584 0.0000e+00
      7.821     -0.256     9.6026     82.743     44.289  31.407192     4.5000     0.1668     0.4686     0.5922 1.1610e-01     5.6638      7.670     11.124    10.4578 0.0000e+00
      7.760     -0.260     9.5038     82.097     44.266  31.390206     4.3200     0.1592     0.3834     0.3807 1.1595e-01     5.6939      7.611     11.038    10.4573 0.0000e+00
      7.699     -0.266     9.4089     81.538     44.259  31.385220     4.3200     0.1973     0.3834     0.3807 1.1623e-01     5.7239      7.551     10.951    10.4566 0.0000e+00
      7.634     -0.276     9.3204     81.069     44.256  31.382982     4.3200     0.1782     0.3834     0.3807 1.1628e-01     5.0175      7.487     10.858    10.4558 0.0000e+00
      7.561     -0.288     9.2396     80.679     44.245  31.374976     4.3200     0.1935     0.3834     0.3807 1.1602e-01     5.0476      7.415     10.755    10.4548 0.0000e+00
      7.483     -0.299     9.1676     80.362     44.227  31.363026     4.1400     0.1706     0.2556     0.1269 1.1610e-01     5.0476      7.338     10.643    10.4540 0.0000e+00
      7.400     -0.306     9.1053     80.105     44.211  31.351868     4.1400     0.1706     0.2556     0.1269 1.1612e-01     4.9724      7.258     10.526    10.4535 0.0000e+00
      7.318     -0.308     9.0529     79.899     44.198  31.342485     4.1400     0.2088     0.2556     0.1269 1.1600e-01     4.6869      7.177     10.409    10.4534 0.0000e+00
      7.238     -0.304     9.0094     79.735     44.183  31.332376     4.1400     0.1782     0.2556     0.1269 1.1607e-01     4.8071      7.098     10.295    10.4537 0.0000e+00
      7.160     -0.295     8.9738     79.607     44.170  31.322806     4.1400     0.1859     0.2556     0.1269 1.1620e-01     4.7620      7.022     10.185    10.4541 0.0000e+00
      7.086     -0.282     8.9451     79.507     44.166  31.319143     4.1400     0.1821     0.2130     0.2538 1.1605e-01     4.7770      6.950     10.079    10.4546 0.0000e+00
      7.015     -0.265     8.9220     79.429     44.169  31.320410     4.1400     0.1210     0.2130     0.2538 1.1612e-01     4.3412      6.880      9.978    10.4548 0.0000e+00
      6.947     -0.245     8.9037     79.370     44.169  31.319025     4.1400     0.1286     0.2130     0.2538 1.1628e-01     4.2810      6.813      9.881    10.4547 0.0000e+00
      6.884     -0.221     8.8896     79.324     44.165  31.314617     4.1400     0.1210     0.2130     0.2538 1.1617e-01     4.2660      6.751      9.791    10.4543 0.0000e+00
      6.829     -0.197     8.8786     79.291     44.160  31.309973     4.0500     0.1058     0.1704     0.3384 1.1620e-01     4.3111      6.697      9.714    10.4535 0.0000e+00
      6.784     -0.174     8.8701     79.269     44.159  31.307815     4.0500     0.1859     0.1704     0.3384 1.1607e-01     4.5666      6.653      9.650    10.4525 0.0000e+00
      6.747     -0.153     8.8637     79.250     44.166  31.311526     4.0500     0.1935     0.1704     0.3384 1.1612e-01     4.6418      6.616      9.596    10.4513 0.0000e+00
      6.714     -0.139     8.8589     79.222     44.177  31.318136     4.0500     0.1821     0.1704     0.3384 1.1612e-01     4.6267      6.584      9.550    10.4498 0.0000e+00
      6.684     -0.132     8.8556     79.182     44.189  31.325447     3.9600     0.2088     0.1704     0.1692 1.1617e-01     4.6267      6.555      9.507    10.4482 0.0000e+00
      6.654     -0.134     8.8534     79.133     44.199  31.331450     3.9600     0.1859     0.1704     0.1692 1.1615e-01     6.9564      6.526      9.465    10.4466 0.0000e+00
      6.624     -0.145     8.8516     79.081     44.203  31.333783     3.9600     0.1859     0.1704     0.1692 1.1623e-01     6.8211      6.496      9.421    10.4450 0.0000e+00
      6.589     -0.164     8.8488     79.033     44.208  31.337029     3.9600     0.2011     0.1704     0.1692 1.1623e-01     6.8963      6.462      9.372    10.4435 0.0000e+00
      6.548     -0.188     8.8446     78.997     44.215  31.342055     3.8700     0.2088     0.1278     0.0846 1.1602e-01     6.9564      6.422      9.314    10.4423 0.0000e+00
      6.499     -0.214     8.8393     78.980     44.214  31.342280     3.8700     0.1859     0.1278     0.0846 1.1612e-01     7.3773      6.373      9.243    10.4413 0.0000e+00
      6.438     -0.239     8.8336     78.982     44.206  31.337765     3.8700     0.1363     0.1278     0.0846 1.1592e-01     7.4073      6.314      9.157    10.4406 0.0000e+00
      6.369     -0.258     8.8283     78.996     44.201  31.335225     3.8700     0.2011     0.1278     0.0846 1.1623e-01     7.2720      6.246      9.059    10.4404 0.0000e+00
      6.295     -0.270     8.8242     79.021     44.198  31.333983     3.8700     0.1897     0.1278     0.0846 1.1625e-01     7.3923      6.173      8.954    10.4407 0.0000e+00
      6.220     -0.275     8.8222     79.047     44.196  31.333708     3.8700     0.1210     0.0852     0.2115 1.1612e-01     4.8071      6.100      8.847    10.4414 0.0000e+00
      6.147     -0.274     8.8221     79.068     44.202  31.338289     3.8700     0.1210     0.0852     0.2115 1.1605e-01     4.8372      6.029      8.744    10.4426 0.0000e+00
      6.079     -0.272     8.8234     79.078     44.211  31.344985     3.8700     0.1096     0.0852     0.2115 1.1612e-01     4.7320      5.961      8.646    10.4439 0.0000e+00
      6.014     -0.271     8.8259     79.078     44.221  31.351622     3.8700     0.1401     0.0852     0.2115 1.1610e-01     4.9273      5.897      8.553    10.4451 0.0000e+00
      5.949     -0.274     8.8287     79.073     44.227  31.356011     3.8700     0.1592     0.1278     0.1269 1.1587e-01     4.4915      5.835      8.462    10.4460 0.0000e+00
      5.882     -0.280     8.8309     79.070     44.220  31.351399     3.8700     0.1706     0.1278     0.1269 1.1600e-01     4.4013      5.769      8.366    10.4465 0.0000e+00
      5.809     -0.288     8.8321     79.076     44.199  31.336559     3.8700     0.1782     0.1278     0.1269 1.1623e-01     4.5366      5.697      8.262    10.4465 0.0000e+00
      5.730     -0.293     8.8321     79.087     44.174  31.319413     3.8700     0.1630     0.1278     0.1269 1.1617e-01     4.5516      5.620      8.151    10.4464 0.0000e+00
      5.650     -0.296     8.8315     79.095     44.159  31.309250     3.9600     0.0981     0.1278     0.2115 1.1625e-01     4.2961      5.541      8.037    10.4465 0.0000e+00
      5.572     -0.294     8.8312     79.093     44.159  31.309301     3.9600     0.1363     0.1278     0.2115 1.1628e-01     4.2810      5.464      7.925    10.4468 0.0000e+00
      5.497     -0.289     8.8317     79.080     44.165  31.313639     3.9600     0.1363     0.1278     0.2115 1.3506e-01     4.3111      5.390      7.818    10.4473 0.0000e+00
      5.425     -0.283     8.8328     79.058     44.165  31.313521     3.9600     0.1019     0.1278     0.2115 1.1628e-01     4.2360      5.320      7.716    10.4479 0.0000e+00
      5.356     -0.278     8.8336     79.029     44.153  31.304953     3.8700     0.1286     0.0852     0.1692 1.4322e-01     4.0406      5.253      7.618    10.4484 0.0000e+00
      5.288     -0.275     8.8334     78.994     44.140  31.295553     3.8700     0.1058     0.0852     0.1692 1.1610e-01     4.1007      5.186      7.522    10.4486 0.0000e+00
      5.219     -0.272     8.8319     78.953     44.136  31.292715     3.8700     0.1134     0.0852     0.1692 1.1623e-01     3.9804      5.118      7.423    10.4485 0.0000e+00
      5.147     -0.269     8.8295     78.916     44.138  31.293701     3.8700     0.1210     0.0852     0.1692 1.3784e-01     3.9654      5.048      7.321    10.4482 0.0000e+00
