Data/DataNotYetUploadedToEDI/Raw_CTD/RawDownloads/061924_ccr90_S78188010.cnv
* Sea-Bird SBE19plus  Data File:
* FileName = C:\R\Reservoirs\Data\DataNotYetUploadedToEDI\Raw_CTD\RawDownloads\060324_bvr50_S78188_0010.hex
* Software version 2.8.0.119
* Temperature SN = 8188
* Conductivity SN = 8188
* System UpLoad Time = Jun 20 2024 16:53:04
* <ApplicationData>
* <Seaterm232>
# nquan = 16
# nvalues = 975                         
# units = specified
# name 0 = depFM: Depth [fresh water, m]
# name 1 = dz/dtM: Descent Rate [m/s]
# name 2 = sbeox0Mg/L: Oxygen, SBE 43 [mg/l]
# name 3 = sbeox0PS: Oxygen, SBE 43 [% saturation]
# name 4 = specc: Specific Conductance [uS/cm]
# name 5 = c0uS/cm: Conductivity [uS/cm]
# name 6 = wetCDOM: Fluorescence, WET Labs CDOM [mg/m^3]
# name 7 = flECO-AFL: Fluorescence, WET Labs ECO-AFL/FL [mg/m^3]
# name 8 = flECO-AFL1: Fluorescence, WET Labs ECO-AFL/FL, 2 [mg/m^3]
# name 9 = flECO-AFL2: Fluorescence, WET Labs ECO-AFL/FL, 3 [mg/m^3]
# name 10 = par/sat/log: PAR/Logarithmic, Satlantic
# name 11 = turbWETntu0: Turbidity, WET Labs ECO [NTU]
# name 12 = prdM: Pressure, Strain Gauge [db]
# name 13 = prdE: Pressure, Strain Gauge [psi]
# name 14 = tv290C: Temperature [ITS-90, deg C]
# name 15 = flag:  0.000e+00
# span 0 =     -0.344,      5.344       
# span 1 =     -0.363,      0.109       
# span 2 =     4.5736,     9.2447       
# span 3 =     56.043,    114.132       
# span 4 =   -461.691,    118.537       
# span 5 =-468.338317, 121.260679       
# span 6 =    -4.5000,    30.0600       
# span 7 =    -1.0094,   245.1301       
# span 8 =    -3.1950,     0.3408       
# span 9 =    -2.0304,    11.4633       
# span 10 = 1.0556e+02, 2.9424e+03      
# span 11 =   -10.3855,    35.5531      
# span 12 =     -0.337,      5.240      
# span 13 =     -0.489,      7.600      
# span 14 =    21.2080,    26.3463      
# span 15 = 0.0000e+00, 0.0000e+00      
# interval = seconds: 0.25
# start_time = Jun 19 2024 07:17:56 [Instrument's time stamp, header]
# bad_flag = -9.990e-29
*END*
[from data line 362]
      1.663      0.037     6.6876    105.760    112.951 115.339038    13.5900     0.1732     0.0852     0.2538 4.2827e+02    -0.2642      1.631      2.365    25.9140 0.0000e+00
      1.672      0.036     7.1273    110.092    113.620 116.046598    13.6800     0.1503     0.0426     0.1692 4.3540e+02    -0.3397      1.640      2.379    25.9619 0.0000e+00
      1.681      0.034     7.6273    112.919    114.024 116.473862    13.6800     0.1656     0.0426     0.1692 4.3079e+02    -0.2189      1.649      2.391    26.0003 0.0000e+00
      1.689      0.033     8.1256    114.132    114.255 116.718766    13.6800     0.1541     0.0426     0.1692 4.1961e+02    -0.2491      1.657      2.403    26.0279 0.0000e+00
      1.697      0.033     8.5695    113.888    114.382 116.854619    13.6800     0.1694     0.0426     0.1692 4.2199e+02    -0.1585      1.665      2.414    26.0466 0.0000e+00
      1.705      0.033     8.9189    112.607    114.449 116.925649    13.5900     0.1618     0.0852     0.1269 5.0331e+02     0.0228      1.672      2.425    26.0587 0.0000e+00
      1.712      0.035     9.1470    110.820    114.483 116.962796    13.5900     0.1732     0.0852     0.1269 4.2976e+02    -0.0678      1.679      2.436    26.0663 0.0000e+00
      1.721      0.039     9.2447    108.949    114.494 116.975967    13.5900     0.1694     0.0852     0.1269 4.7473e+02    -0.0980      1.688      2.448    26.0710 0.0000e+00
      1.731      0.042     9.2246    107.240    114.490 116.972674    13.5900     0.1541     0.0852     0.1269 4.7483e+02    -0.0376      1.698      2.463    26.0738 0.0000e+00
      1.743      0.046     9.1206    105.798    114.481 116.964039    13.5900     0.1885     0.0852     0.1269 4.7073e+02    -0.0225      1.710      2.479    26.0756 0.0000e+00
      1.756      0.050     8.9758    104.646    114.457 116.939760    13.5900     0.1808     0.0426     0.1269 4.5208e+02    -0.0376      1.722      2.498    26.0767 0.0000e+00
      1.770      0.052     8.8242    103.758    114.430 116.911361    13.5900     0.1732     0.0426     0.1269 4.5771e+02     0.0228      1.736      2.517    26.0774 0.0000e+00
      1.784      0.054     8.6857    103.091    114.417 116.897269    13.5900     0.1846     0.0426     0.1269 4.5622e+02    -0.3246      1.749      2.537    26.0778 0.0000e+00
      1.798      0.056     8.5689    102.602    114.401 116.879726    13.5900     0.1579     0.0426     0.1269 4.6970e+02    -0.2793      1.763      2.558    26.0780 0.0000e+00
      1.813      0.057     8.4755    102.244    114.380 116.856055    13.6800     0.1579     0.0426     0.0846 4.5563e+02    -0.2038      1.777      2.578    26.0780 0.0000e+00
      1.827      0.058     8.4037    101.980    114.370 116.843942    13.6800     0.1885     0.0426     0.0846 4.2669e+02    -0.2189      1.792      2.599    26.0778 0.0000e+00
      1.842      0.060     8.3498    101.783    114.374 116.844159    13.6800     0.1846     0.0426     0.0846 4.1970e+02     0.0077      1.806      2.620    26.0774 0.0000e+00
      1.857      0.062     8.3102    101.630    114.389 116.856761    13.6800     0.1923     0.0426     0.0846 4.2697e+02    -0.0225      1.821      2.641    26.0769 0.0000e+00
      1.873      0.063     8.2813    101.498    114.421 116.885110    13.6800     0.1694     0.1278     0.0846 4.1363e+02    -0.0225      1.837      2.664    26.0761 0.0000e+00
      1.889      0.064     8.2601    101.367    114.455 116.916765    13.6800     0.1656     0.1278     0.0846 4.1498e+02    -0.0074      1.853      2.687    26.0751 0.0000e+00
      1.907      0.064     8.2443    101.228    114.476 116.936167    13.6800     0.2304     0.1278     0.0846 4.1843e+02    -0.0376      1.870      2.712    26.0738 0.0000e+00
      1.924      0.062     8.2322    101.086    114.486 116.944490    13.6800     0.2419     0.1278     0.0846 4.0651e+02    -0.0074      1.887      2.737    26.0723 0.0000e+00
      1.940      0.059     8.2217    100.953    114.511 116.967953    13.6800     0.2419     0.0426     0.2538 4.0492e+02    -0.0678      1.903      2.760    26.0707 0.0000e+00
      1.955      0.055     8.2113    100.845    114.550 117.006812    13.6800     0.2381     0.0426     0.2538 4.1229e+02    -0.0074      1.918      2.782    26.0693 0.0000e+00
      1.969      0.051     8.2002    100.764    114.565 117.021431    13.6800     0.2342     0.0426     0.2538 4.2530e+02    -0.2793      1.931      2.800    26.0682 0.0000e+00
      1.980      0.047     8.1888    100.710    114.562 117.017706    13.6800     0.2113     0.0426     0.2538 4.2199e+02    -0.2340      1.942      2.817    26.0673 0.0000e+00
      1.991      0.044     8.1781    100.691    114.569 117.024646    13.6800     0.2190     0.0426     0.2538 4.4651e+02    -0.2944      1.953      2.832    26.0666 0.0000e+00
      2.002      0.042     8.1694    100.707    114.577 117.032100    13.5900     0.2533     0.0852     0.1269 4.7329e+02    -0.2944      1.963      2.847    26.0660 0.0000e+00
      2.012      0.040     8.1629    100.747    114.575 117.030057    13.5900     0.2495     0.0852     0.1269 4.4700e+02    -0.3095      1.974      2.862    26.0657 0.0000e+00
      2.022      0.038     8.1586    100.805    114.572 117.025972    13.5900     0.2533     0.0852     0.1269 5.4877e+02    -0.2642      1.983      2.876    26.0655 0.0000e+00
      2.032      0.037     8.1571    100.878    114.549 117.002755    13.5900     0.2571     0.0852     0.1269 4.5811e+02    -0.3700      1.993      2.890    26.0653 0.0000e+00
      2.041      0.036     8.1584    100.969    114.502 116.954215    13.6800     0.2495     0.0852     0.0846 5.2407e+02    -0.2038      2.002      2.903    26.0652 0.0000e+00
      2.050      0.035     8.1616    101.077    114.457 116.907408    13.6800     0.2037     0.0852     0.0846 4.4121e+02    -0.0074      2.010      2.915    26.0651 0.0000e+00
      2.059      0.034     8.1664    101.192    114.413 116.861852    13.6800     0.1579     0.0852     0.0846 4.3644e+02    -0.0678      2.019      2.928    26.0650 0.0000e+00
      2.067      0.033     8.1724    101.292    114.367 116.815399    13.6800     0.1770     0.0852     0.0846 4.6950e+02    -0.0678      2.028      2.940    26.0648 0.0000e+00
      2.076      0.032     8.1798    101.360    114.344 116.791661    13.5900     0.1846     0.0852     0.2115 4.3578e+02    -0.0074      2.036      2.952    26.0646 0.0000e+00
      2.084      0.031     8.1886    101.393    114.353 116.800307    13.5900     0.2190     0.0852     0.2115 4.1453e+02    -0.2491      2.044      2.964    26.0643 0.0000e+00
      2.091      0.031     8.1979    101.396    114.388 116.835644    13.5900     0.2075     0.0852     0.2115 3.9381e+02    -0.3397      2.051      2.975    26.0641 0.0000e+00
      2.099      0.031     8.2060    101.371    114.437 116.885096    13.5900     0.2533     0.0852     0.2115 3.9236e+02    -0.2340      2.058      2.985    26.0641 0.0000e+00
      2.106      0.032     8.2115    101.323    114.478 116.925848    13.5900     0.2419     0.0852     0.2115 3.9510e+02    -0.2340      2.066      2.996    26.0641 0.0000e+00
      2.114      0.032     8.2142    101.262    114.497 116.944768    13.5900     0.2266     0.0426     0.1269 4.0589e+02    -0.0225      2.074      3.007    26.0640 0.0000e+00
      2.123      0.033     8.2145    101.202    114.505 116.950902    13.5900     0.2419     0.0426     0.1269 4.0395e+02    -0.0678      2.082      3.020    26.0639 0.0000e+00
      2.132      0.034     8.2125    101.159    114.512 116.957884    13.5900     0.2381     0.0426     0.1269 3.9898e+02    -0.0376      2.091      3.032    26.0636 0.0000e+00
      2.141      0.034     8.2087    101.151    114.507 116.951578    13.5900     0.2419     0.0426     0.1269 4.0037e+02    -0.0376      2.100      3.045    26.0631 0.0000e+00
      2.150      0.034     8.2038    101.182    114.478 116.922301    13.6800     0.2152     0.0426     0.1692 4.0272e+02    -0.2944      2.108      3.058    26.0625 0.0000e+00
      2.159      0.034     8.1990    101.235    114.455 116.898245    13.6800     0.2419     0.0426     0.1692 4.1779e+02    -0.3095      2.117      3.070    26.0620 0.0000e+00
      2.168      0.033     8.1956    101.274    114.450 116.892997    13.6800     0.2152     0.0426     0.1692 4.0828e+02    -0.3700      2.126      3.083    26.0617 0.0000e+00
      2.176      0.033     8.1950    101.291    114.458 116.901156    13.6800     0.2152     0.0426     0.1692 4.0677e+02    -0.3549      2.134      3.095    26.0614 0.0000e+00
      2.184      0.032     8.1976    101.303    114.478 116.920898    13.6800     0.2304     0.0852     0.3384 4.2985e+02    -0.3246      2.142      3.107    26.0612 0.0000e+00
      2.192      0.032     8.2019    101.307    114.511 116.953488    13.6800     0.2075     0.0852     0.3384 4.0237e+02    -0.3549      2.150      3.118    26.0610 0.0000e+00
      2.200      0.032     8.2051    101.287    114.539 116.981616    13.6800     0.2304     0.0852     0.3384 4.0997e+02    -0.2491      2.157      3.129    26.0609 0.0000e+00
      2.208      0.033     8.2064    101.249    114.537 116.978783    13.6800     0.2533     0.0852     0.3384 4.2669e+02    -0.2793      2.165      3.140    26.0607 0.0000e+00
      2.216      0.034     8.2074    101.217    114.506 116.946234    13.5900     0.2381     0.0852     0.0846 4.1184e+02    -0.0678      2.173      3.152    26.0605 0.0000e+00
      2.225      0.035     8.2078    101.199    114.464 116.901289    13.5900     0.2228     0.0852     0.0846 3.9398e+02    -0.0678      2.182      3.165    26.0603 0.0000e+00
      2.234      0.037     8.2062    101.187    114.447 116.881961    13.5900     0.2113     0.0852     0.0846 3.8888e+02    -0.0527      2.191      3.178    26.0600 0.0000e+00
      2.244      0.039     8.2032    101.171    114.469 116.901098    13.5900     0.2571     0.0852     0.0846 3.9159e+02    -0.0074      2.200      3.192    26.0596 0.0000e+00
      2.254      0.040     8.2006    101.163    114.490 116.917801    13.5900     0.2037     0.0852     0.0846 4.1050e+02    -0.3246      2.210      3.206    26.0591 0.0000e+00
      2.264      0.042     8.1993    101.163    114.487 116.910526    13.5900     0.2190     0.0426     0.0846 3.8627e+02    -0.3095      2.221      3.221    26.0585 0.0000e+00
      2.275      0.043     8.1984    101.154    114.482 116.901332    13.5900     0.1999     0.0426     0.0846 3.8956e+02    -0.1283      2.232      3.237    26.0576 0.0000e+00
      2.287      0.044     8.1974    101.105    114.488 116.903766    13.5900     0.2152     0.0426     0.0846 3.8326e+02    -0.3397      2.243      3.253    26.0562 0.0000e+00
      2.299      0.044     8.1970    100.987    114.496 116.910478    13.5900     0.2381     0.0426     0.0846 3.8669e+02    -0.0527      2.254      3.270    26.0543 0.0000e+00
      2.310      0.045     8.1973    100.811    114.513 116.927256    13.5900     0.2571     0.0426     0.1269 3.7396e+02    -0.0225      2.266      3.286    26.0522 0.0000e+00
      2.322      0.045     8.1969    100.618    114.535 116.950576    13.5900     0.2228     0.0426     0.1269 3.7364e+02    -0.0678      2.277      3.302    26.0504 0.0000e+00
      2.333      0.045     8.1931    100.444    114.539 116.954656    13.5900     0.2190     0.0426     0.1269 4.0334e+02    -0.1131      2.288      3.318    26.0491 0.0000e+00
      2.344      0.046     8.1836    100.315    114.534 116.950583    13.5900     0.2991     0.0426     0.1269 3.8027e+02    -0.0225      2.299      3.334    26.0484 0.0000e+00
      2.356      0.047     8.1694    100.258    114.562 116.979272    13.5900     0.2915     0.0852     0.0423 3.8535e+02     0.0379      2.310      3.351    26.0482 0.0000e+00
      2.368      0.048     8.1538    100.286    114.608 117.026374    13.5900     0.3067     0.0852     0.0423 3.8922e+02    -0.0678      2.322      3.368    26.0483 0.0000e+00
      2.381      0.048     8.1396    100.397    114.636 117.054448    13.5900     0.2915     0.0852     0.0423 3.7356e+02     0.0983      2.335      3.386    26.0484 0.0000e+00
      2.394      0.047     8.1291    100.564    114.649 117.066980    13.5900     0.3067     0.0852     0.0423 3.6808e+02    -0.0376      2.348      3.405    26.0486 0.0000e+00
      2.406      0.045     8.1245    100.743    114.646 117.063314    13.5900     0.2991     0.0852     0.0423 3.8686e+02     0.0077      2.360      3.423    26.0487 0.0000e+00
      2.418      0.042     8.1267    100.898    114.627 117.042471    13.5900     0.2915     0.0000     0.2115 3.9398e+02    -0.0829      2.372      3.439    26.0486 0.0000e+00
      2.429      0.039     8.1358    101.011    114.604 117.018892    13.5900     0.3067     0.0000     0.2115 3.9057e+02    -0.0678      2.382      3.454    26.0485 0.0000e+00
      2.438      0.036     8.1494    101.076    114.581 116.994291    13.5900     0.2800     0.0000     0.2115 3.9716e+02    -0.0376      2.391      3.468    26.0482 0.0000e+00
      2.446      0.033     8.1639    101.102    114.553 116.966108    13.5900     0.2876     0.0000     0.2115 4.0509e+02    -0.0225      2.399      3.480    26.0479 0.0000e+00
      2.454      0.031     8.1765    101.117    114.537 116.948825    13.5900     0.3067     0.0852     0.0846 4.3248e+02    -0.0376      2.406      3.490    26.0476 0.0000e+00
      2.461      0.030     8.1857    101.129    114.540 116.951836    13.5900     0.2991     0.0852     0.0846 4.4856e+02    -0.0980      2.413      3.500    26.0474 0.0000e+00
      2.468      0.029     8.1910    101.129    114.534 116.945942    13.5900     0.2266     0.0852     0.0846 4.1292e+02    -0.2189      2.420      3.510    26.0472 0.0000e+00
      2.475      0.030     8.1932    101.103    114.501 116.911572    13.5900     0.2571     0.0852     0.0846 4.0063e+02    -0.2340      2.427      3.521    26.0470 0.0000e+00
      2.483      0.031     8.1944    101.050    114.465 116.873560    13.5900     0.2075     0.0852     0.2115 4.0483e+02    -0.2340      2.435      3.532    26.0469 0.0000e+00
      2.491      0.031     8.1954    100.972    114.445 116.851770    13.5900     0.2381     0.0852     0.2115 4.1130e+02    -0.2491      2.443      3.543    26.0467 0.0000e+00
      2.500      0.032     8.1953    100.876    114.439 116.844391    13.5900     0.2266     0.0852     0.2115 4.1318e+02    -0.2944      2.451      3.555    26.0466 0.0000e+00
      2.508      0.032     8.1933    100.776    114.449 116.853455    13.5900     0.2495     0.0852     0.2115 3.8888e+02    -0.2038      2.459      3.567    26.0463 0.0000e+00
      2.517      0.032     8.1891    100.678    114.463 116.867380    13.6800     0.2113     0.0426     0.0846 4.0255e+02    -0.2944      2.468      3.579    26.0459 0.0000e+00
      2.524      0.032     8.1828    100.594    114.461 116.863878    13.6800     0.2495     0.0426     0.0846 4.1166e+02    -0.3095      2.475      3.590    26.0454 0.0000e+00
      2.532      0.033     8.1752    100.530    114.452 116.852016    13.6800     0.2419     0.0426     0.0846 4.4613e+02    -0.0678      2.483      3.601    26.0449 0.0000e+00
      2.540      0.034     8.1671    100.487    114.467 116.864630    13.6800     0.2304     0.0426     0.0846 4.3606e+02    -0.0678      2.491      3.612    26.0445 0.0000e+00
      2.549      0.036     8.1592    100.463    114.505 116.901084    13.6800     0.2113     0.0426     0.0846 3.9621e+02    -0.0225      2.499      3.625    26.0440 0.0000e+00
      2.558      0.037     8.1525    100.463    114.533 116.927098    13.5900     0.2075     0.0426     0.1692 3.6888e+02    -0.0074      2.509      3.639    26.0434 0.0000e+00
      2.568      0.039     8.1475    100.476    114.547 116.939609    13.5900     0.2953     0.0426     0.1692 3.8376e+02    -0.0074      2.519      3.653    26.0424 0.0000e+00
