Data/DataNotYetUploadedToEDI/Raw_CTD/RawDownloads/061924_ccr88_S8188009.cnv
* Sea-Bird SBE19plus  Data File:
* FileName = C:\R\Reservoirs\Data\DataNotYetUploadedToEDI\Raw_CTD\RawDownloads\060324_bvr50_S78188_0009.hex
* Software version 2.8.0.119
* Temperature SN = 8188
* Conductivity SN = 8188
* System UpLoad Time = Jun 20 2024 16:52:47
* <ApplicationData>
* <Seaterm232>
# nquan = 16
# nvalues = 2215                        
# units = specified
# name 0 = depFM: Depth [fresh water, m]
# name 1 = dz/dtM: Descent Rate [m/s]
# name 2 = sbeox0Mg/L: Oxygen, SBE 43 [mg/l]
# name 3 = sbeox0PS: Oxygen, SBE 43 [% saturation]
# name 4 = specc: Specific Conductance [uS/cm]
# name 5 = c0uS/cm: Conductivity [uS/cm]
# name 6 = wetCDOM: Fluorescence, WET Labs CDOM [mg/m^3]
# name 7 = flECO-AFL: Fluorescence, WET Labs ECO-AFL/FL [mg/m^3]
# name 8 = flECO-AFL1: Fluorescence, WET Labs ECO-AFL/FL, 2 [mg/m^3]
# name 9 = flECO-AFL2: Fluorescence, WET Labs ECO-AFL/FL, 3 [mg/m^3]
# name 10 = par/sat/log: PAR/Logarithmic, Satlantic
# name 11 = turbWETntu0: Turbidity, WET Labs ECO [NTU]
# name 12 = prdM: Pressure, Strain Gauge [db]
# name 13 = prdE: Pressure, Strain Gauge [psi]
# name 14 = tv290C: Temperature [ITS-90, deg C]
# name 15 = flag:  0.000e+00
# span 0 =     -0.333,     12.755       
# span 1 =     -0.327,      0.184       
# span 2 =     1.8090,    10.0285       
# span 3 =     16.452,    121.496       
# span 4 =   -688.568,    128.552       
# span 5 =-491.947129, 118.594080       
# span 6 =    -4.5000,    30.5100       
# span 7 =    -2.4857,     7.2801       
# span 8 =    -2.1300,     2.9394       
# span 9 =    -7.3179,     5.7951       
# span 10 = 3.1711e-01, 2.6326e+03      
# span 11 =   -12.1530,   970.9132      
# span 12 =     -0.327,     12.508      
# span 13 =     -0.475,     18.142      
# span 14 =    10.6821,    26.1994      
# span 15 = 0.0000e+00, 0.0000e+00      
# interval = seconds: 0.25
# start_time = Jun 19 2024 06:42:41 [Instrument's time stamp, header]
# bad_flag = -9.990e-29
*END*
[from data line 181]
      0.141      0.007     5.2456     63.823    113.973 114.918927    13.3200     0.0435     0.0426     0.0846 1.0019e+03    -0.3851      0.138      0.201    25.4145 0.0000e+00
      0.143      0.009     5.2373     63.799    113.978 114.920829    13.3200     0.0588     0.0426     0.0846 8.9890e+02    -0.2038      0.140      0.204    25.4131 0.0000e+00
      0.146      0.011     5.2336     63.736    113.977 114.916141    13.2300     0.0397     0.0426     0.1692 7.9091e+02    -0.2038      0.143      0.208    25.4119 0.0000e+00
      0.149      0.013     5.2328     63.634    113.967 114.903614    13.2300     0.0473     0.0426     0.1692 7.0671e+02    -0.2944      0.146      0.213    25.4106 0.0000e+00
      0.153      0.015     5.2326     63.518    113.961 114.895905    13.2300     0.0244     0.0426     0.1692 6.3907e+02    -0.2340      0.150      0.218    25.4091 0.0000e+00
      0.158      0.018     5.2308     63.415    113.959 114.892958    13.2300     0.0588     0.0426     0.1692 5.7377e+02    -0.2491      0.154      0.224    25.4074 0.0000e+00
      0.162      0.020     5.2258     63.334    113.955 114.887988    13.2300     0.0435     0.0426     0.1692 5.2509e+02    -0.3700      0.159      0.231    25.4059 0.0000e+00
      0.167      0.022     5.2176     63.262    113.950 114.881669    13.2300     0.0435     0.0852     0.0846 4.7794e+02    -0.3700      0.164      0.238    25.4046 0.0000e+00
      0.173      0.023     5.2081     63.184    113.952 114.882316    13.2300     0.0588     0.0852     0.0846 4.4342e+02    -0.2642      0.170      0.246    25.4039 0.0000e+00
      0.180      0.025     5.1997     63.094    113.958 114.886101    13.2300     0.0588     0.0852     0.0846 4.1852e+02    -0.2642      0.176      0.256    25.4035 0.0000e+00
      0.187      0.026     5.1931     63.004    113.958 114.884034    13.2300     0.0244     0.0852     0.0846 3.9604e+02    -0.3549      0.183      0.265    25.4033 0.0000e+00
      0.193      0.027     5.1872     62.936    113.956 114.881563    13.3200     0.0435     0.0852     0.0846 3.7953e+02    -0.3246      0.189      0.275    25.4028 0.0000e+00
      0.200      0.029     5.1809     62.910    113.955 114.880029    13.3200     0.0626     0.0852     0.0846 3.4179e+02    -0.2038      0.196      0.285    25.4021 0.0000e+00
      0.208      0.030     5.1736     62.921    113.954 114.879024    13.3200     0.0397     0.0852     0.0846 3.0881e+02    -0.3246      0.203      0.295    25.4011 0.0000e+00
      0.215      0.031     5.1663     62.942    113.964 114.886278    13.3200     0.0282     0.0852     0.0846 3.1184e+02    -0.2642      0.211      0.306    25.4002 0.0000e+00
      0.224      0.032     5.1608     62.946    113.980 114.899727    13.3200     0.0435     0.0852     0.0846 2.8378e+02    -0.2944      0.219      0.319    25.3998 0.0000e+00
      0.233      0.033     5.1587     62.921    113.995 114.910957    13.3200     0.0359     0.0852     0.0846 2.9962e+02    -0.2642      0.228      0.331    25.3999 0.0000e+00
      0.242      0.033     5.1596     62.874    114.007 114.918963    13.3200     0.0511     0.0852     0.0846 2.9715e+02    -0.3397      0.237      0.344    25.3996 0.0000e+00
      0.250      0.032     5.1614     62.824    114.014 114.923881    13.3200     0.0473     0.0852     0.0846 3.0309e+02    -0.2642      0.245      0.356    25.3987 0.0000e+00
      0.258      0.032     5.1618     62.776    114.016 114.925021    13.2300     0.0549     0.0852     0.0423 3.0907e+02    -0.2038      0.253      0.368    25.3973 0.0000e+00
      0.266      0.030     5.1600     62.713    114.014 114.922687    13.2300     0.0740     0.0852     0.0423 3.2078e+02    -0.3246      0.261      0.379    25.3955 0.0000e+00
      0.274      0.029     5.1562     62.622    114.008 114.916258    13.2300     0.0511     0.0852     0.0423 3.3256e+02    -0.2491      0.269      0.390    25.3938 0.0000e+00
      0.282      0.028     5.1522     62.502    113.997 114.906019    13.2300     0.0359     0.0852     0.0423 3.2527e+02    -0.2642      0.276      0.400    25.3929 0.0000e+00
      0.289      0.027     5.1484     62.358    113.981 114.891239    13.2300     0.0397     0.0852     0.0423 3.4425e+02    -0.2642      0.283      0.411    25.3925 0.0000e+00
      0.296      0.026     5.1432     62.204    113.968 114.879975    13.2300     0.0549     0.0426     0.0423 3.3234e+02    -0.3397      0.290      0.421    25.3921 0.0000e+00
      0.302      0.024     5.1358     62.057    113.968 114.879223    13.2300     0.0473     0.0426     0.0423 3.4380e+02    -0.3549      0.296      0.429    25.3920 0.0000e+00
      0.308      0.023     5.1259     61.920    113.970 114.878784    13.2300     0.0206     0.0426     0.0423 3.3191e+02    -0.3549      0.302      0.438    25.3925 0.0000e+00
      0.313      0.022     5.1140     61.789    113.971 114.876540    13.2300     0.0473     0.0426     0.0423 3.3444e+02    -0.3246      0.307      0.445    25.3933 0.0000e+00
      0.319      0.022     5.1013     61.667    113.974 114.877892    13.3200     0.0511     0.0426     0.1692 3.2782e+02    -0.2793      0.312      0.453    25.3940 0.0000e+00
      0.324      0.023     5.0892     61.561    113.978 114.883200    13.3200     0.0359     0.0426     0.1692 3.1724e+02    -0.2491      0.318      0.460    25.3939 0.0000e+00
      0.329      0.024     5.0781     61.490    113.985 114.893880    13.3200     0.0435     0.0426     0.1692 3.2968e+02    -0.2340      0.323      0.468    25.3927 0.0000e+00
      0.335      0.027     5.0675     61.480    113.991 114.906780    13.3200     0.0435     0.0426     0.1692 3.2739e+02    -0.2340      0.328      0.476    25.3911 0.0000e+00
      0.342      0.030     5.0576     61.543    113.988 114.913343    13.3200     0.0511     0.0852     0.0846 3.0901e+02    -0.3246      0.335      0.486    25.3903 0.0000e+00
      0.350      0.034     5.0488     61.668    113.978 114.915318    13.3200     0.0282     0.0852     0.0846 3.2697e+02    -0.2793      0.343      0.497    25.3908 0.0000e+00
      0.359      0.039     5.0429     61.822    113.970 114.919232    13.3200     0.0549     0.0852     0.0846 3.0520e+02    -0.2491      0.352      0.510    25.3925 0.0000e+00
      0.370      0.043     5.0418     61.969    113.958 114.920130    13.3200     0.0435     0.0852     0.0846 2.9988e+02    -0.4002      0.363      0.526    25.3955 0.0000e+00
      0.382      0.046     5.0465     62.096    113.938 114.912252    13.4100     0.0359     0.0426     0.2115 3.1002e+02    -0.0074      0.375      0.543    25.3998 0.0000e+00
      0.395      0.048     5.0563     62.210    113.913 114.899499    13.4100     0.0549     0.0426     0.2115 2.9229e+02    -0.0376      0.387      0.561    25.4049 0.0000e+00
      0.408      0.049     5.0684     62.303    113.895 114.890469    13.4100     0.0206     0.0426     0.2115 3.0540e+02    -0.0376      0.400      0.580    25.4104 0.0000e+00
      0.420      0.048     5.0799     62.347    113.885 114.888753    13.4100     0.0321     0.0426     0.2115 3.0500e+02    -0.0376      0.412      0.598    25.4160 0.0000e+00
      0.433      0.047     5.0898     62.326    113.879 114.889894    13.4100     0.0511     0.0426     0.2115 3.0487e+02    -0.2793      0.425      0.616    25.4216 0.0000e+00
      0.445      0.045     5.0987     62.259    113.872 114.890197    13.2300     0.0473     0.0426     0.1692 3.0713e+02    -0.2340      0.436      0.633    25.4269 0.0000e+00
      0.456      0.044     5.1059     62.181    113.864 114.889744    13.2300     0.0282     0.0426     0.1692 3.1116e+02    -0.3246      0.447      0.649    25.4311 0.0000e+00
      0.467      0.042     5.1092     62.110    113.860 114.892414    13.2300     0.0359     0.0426     0.1692 3.0961e+02    -0.3397      0.458      0.664    25.4346 0.0000e+00
      0.477      0.041     5.1072     62.039    113.863 114.900919    13.2300     0.0511     0.0426     0.1692 3.0814e+02    -0.3246      0.468      0.678    25.4379 0.0000e+00
      0.487      0.041     5.1014     61.953    113.863 114.905527    13.3200     0.0435     0.0426     0.0846 3.1621e+02    -0.2491      0.478      0.693    25.4412 0.0000e+00
      0.497      0.041     5.0947     61.836    113.857 114.903469    13.3200     0.0282     0.0426     0.0846 3.2463e+02    -0.3700      0.488      0.707    25.4446 0.0000e+00
      0.508      0.041     5.0885     61.694    113.851 114.902194    13.3200     0.0702     0.0426     0.0846 3.2210e+02    -0.2340      0.498      0.722    25.4475 0.0000e+00
      0.518      0.041     5.0826     61.547    113.844 114.899364    13.3200     0.1160     0.0426     0.0846 3.3913e+02    -0.3095      0.508      0.737    25.4499 0.0000e+00
      0.529      0.041     5.0754     61.403    113.836 114.894223    13.3200     0.1084     0.0000     0.0846 3.1110e+02    -0.3095      0.518      0.751    25.4518 0.0000e+00
      0.539      0.041     5.0656     61.248    113.831 114.889401    13.3200     0.1084     0.0000     0.0846 3.1286e+02    -0.2944      0.528      0.766    25.4536 0.0000e+00
      0.549      0.041     5.0538     61.070    113.825 114.883612    13.3200     0.1084     0.0000     0.0846 3.1952e+02    -0.2340      0.539      0.781    25.4554 0.0000e+00
      0.560      0.041     5.0416     60.865    113.818 114.875311    13.3200     0.1198     0.0000     0.0846 4.0194e+02    -0.2642      0.549      0.796    25.4573 0.0000e+00
      0.570      0.040     5.0297     60.639    113.806 114.862286    13.3200     0.1084     0.0000     0.0846 4.6362e+02    -0.2793      0.559      0.811    25.4586 0.0000e+00
      0.580      0.040     5.0170     60.410    113.798 114.853061    13.3200     0.1084     0.0852     0.0423 6.4102e+02    -0.1736      0.569      0.826    25.4591 0.0000e+00
      0.591      0.040     5.0024     60.184    113.804 114.857175    13.3200     0.1007     0.0852     0.0423 1.0188e+03    -0.2642      0.579      0.840    25.4589 0.0000e+00
      0.601      0.040     4.9856     59.962    113.820 114.871726    13.3200     0.0168     0.0852     0.0423 9.5509e+02    -0.3700      0.589      0.855    25.4585 0.0000e+00
      0.611      0.039     4.9672     59.741    113.844 114.892595    13.3200     0.0206     0.0852     0.0423 9.9859e+02    -0.2642      0.599      0.869    25.4580 0.0000e+00
      0.621      0.037     4.9484     59.523    113.863 114.907348    13.3200     0.0473     0.0426     0.1269 9.6175e+02    -0.3095      0.609      0.884    25.4575 0.0000e+00
      0.631      0.036     4.9300     59.316    113.865 114.905921    13.3200     0.0473     0.0426     0.1269 9.6301e+02    -0.2038      0.619      0.897    25.4568 0.0000e+00
      0.640      0.034     4.9119     59.138    113.859 114.897931    13.3200     0.0435     0.0426     0.1269 9.5904e+02    -0.2642      0.628      0.911    25.4558 0.0000e+00
      0.649      0.032     4.8939     59.011    113.856 114.895246    13.3200     0.0511     0.0426     0.1269 9.8331e+02    -0.3700      0.636      0.923    25.4543 0.0000e+00
      0.656      0.030     4.8762     58.937    113.858 114.897151    13.3200     0.0435     0.0852     0.0846 9.9535e+02    -0.2793      0.643      0.933    25.4524 0.0000e+00
      0.663      0.029     4.8594     58.894    113.860 114.900155    13.3200     0.0511     0.0852     0.0846 1.0883e+03    -0.3549      0.650      0.943    25.4509 0.0000e+00
      0.670      0.029     4.8449     58.849    113.864 114.905057    13.3200     0.0511     0.0852     0.0846 8.7102e+02    -0.2642      0.657      0.953    25.4502 0.0000e+00
      0.677      0.028     4.8344     58.771    113.867 114.909166    13.3200     0.0435     0.0852     0.0846 8.9306e+02    -0.3246      0.664      0.963    25.4502 0.0000e+00
      0.684      0.028     4.8284     58.643    113.865 114.909577    13.3200     0.0359     0.0426     0.1269 9.3152e+02    -0.2340      0.671      0.974    25.4504 0.0000e+00
      0.692      0.028     4.8249     58.469    113.864 114.910401    13.3200     0.0626     0.0426     0.1269 8.9326e+02    -0.2340      0.679      0.984    25.4505 0.0000e+00
      0.699      0.027     4.8212     58.262    113.868 114.915857    13.3200     0.0359     0.0426     0.1269 8.2103e+02    -0.2944      0.686      0.995    25.4508 0.0000e+00
      0.706      0.027     4.8147     58.047    113.874 114.923400    13.3200     0.0244     0.0426     0.1269 9.7564e+02    -0.2944      0.693      1.005    25.4517 0.0000e+00
      0.713      0.026     4.8041     57.846    113.879 114.929043    13.3200     0.0473     0.0426     0.1269 7.4942e+02    -0.2491      0.699      1.014    25.4526 0.0000e+00
      0.719      0.026     4.7898     57.662    113.884 114.932290    13.3200     0.0435     0.0426     0.1269 1.0333e+03    -0.2642      0.705      1.023    25.4533 0.0000e+00
      0.726      0.026     4.7728     57.486    113.888 114.934007    13.3200     0.0130     0.0426     0.1269 1.0698e+03    -0.4304      0.712      1.032    25.4540 0.0000e+00
      0.732      0.026     4.7551     57.305    113.888 114.932651    13.3200     0.0511     0.0426     0.1269 8.6330e+02    -0.2944      0.718      1.041    25.4546 0.0000e+00
      0.739      0.027     4.7386     57.119    113.881 114.925862    13.3200     0.0282     0.0426     0.1269 8.2175e+02    -0.3095      0.724      1.051    25.4547 0.0000e+00
      0.746      0.028     4.7237     56.923    113.866 114.911828    13.3200     0.0511     0.0426     0.0846 6.2738e+02    -0.3246      0.731      1.060    25.4539 0.0000e+00
      0.753      0.029     4.7093     56.716    113.850 114.896806    13.3200     0.0435     0.0426     0.0846 4.3013e+02     0.0228      0.738      1.070    25.4528 0.0000e+00
      0.760      0.031     4.6946     56.495    113.845 114.892790    13.3200     0.0702     0.0426     0.0846 3.9933e+02    -0.0829      0.745      1.081    25.4522 0.0000e+00
      0.768      0.032     4.6792     56.262    113.849 114.896709    13.3200     0.0244     0.0426     0.0846 4.2604e+02    -0.0376      0.753      1.092    25.4524 0.0000e+00
      0.776      0.034     4.6632     56.021    113.855 114.901608    13.4100     0.0435     0.0852     0.2115 5.7615e+02    -0.1131      0.761      1.104    25.4531 0.0000e+00
      0.785      0.036     4.6461     55.781    113.862 114.908794    13.4100     0.1503     0.0852     0.2115 6.4032e+02    -0.2340      0.770      1.117    25.4537 0.0000e+00
      0.795      0.038     4.6280     55.555    113.866 114.914183    13.4100     0.1084     0.0852     0.2115 9.2205e+02    -0.3700      0.779      1.130    25.4539 0.0000e+00
      0.805      0.040     4.6090     55.357    113.863 114.913213    13.4100     0.1007     0.0852     0.2115 8.7672e+02    -0.2642      0.789      1.145    25.4538 0.0000e+00
      0.815      0.041     4.5892     55.195    113.855 114.907625    13.4100     0.1198     0.0852     0.2115 9.3842e+02    -0.2642      0.799      1.159    25.4536 0.0000e+00
      0.826      0.043     4.5695     55.069    113.852 114.905929    13.4100     0.1007     0.0852     0.1692 9.1965e+02    -0.1887      0.810      1.174    25.4538 0.0000e+00
      0.837      0.044     4.5510     54.970    113.859 114.913672    13.4100     0.1007     0.0852     0.1692 8.3235e+02    -0.3095      0.820      1.190    25.4543 0.0000e+00
      0.848      0.045     4.5347     54.884    113.866 114.920918    13.4100     0.1007     0.0852     0.1692 8.5918e+02    -0.2189      0.831      1.206    25.4552 0.0000e+00
      0.860      0.046     4.5213     54.798    113.869 114.925602    13.4100     0.1084     0.0852     0.1692 8.4108e+02    -0.2340      0.843      1.223    25.4561 0.0000e+00
      0.872      0.046     4.5110     54.706    113.873 114.930972    13.3200     0.0855     0.0426     0.1692 8.2802e+02    -0.2642      0.855      1.240    25.4567 0.0000e+00
      0.884      0.045     4.5029     54.610    113.870 114.930461    13.3200     0.1198     0.0426     0.1692 9.0203e+02    -0.1887      0.867      1.257    25.4570 0.0000e+00
