Data/DataNotYetUploadedToEDI/Raw_CTD/RawDownloads/061923_bvr50_S8188004.cnv
* Sea-Bird SBE19plus  Data File:
* FileName = C:\R\Reservoirs\Data\DataNotYetUploadedToEDI\Raw_CTD\RawDownloads\061423_fcr50_S8188_0004.hex
* Software version 2.8.0.119
* Temperature SN = 8188
* Conductivity SN = 8188
* System UpLoad Time = Jun 19 2023 15:52:40
* <ApplicationData>
* <Seaterm232>
# nquan = 16
# nvalues = 2446                        
# units = specified
# name 0 = depFM: Depth [fresh water, m]
# name 1 = dz/dtM: Descent Rate [m/s]
# name 2 = sbeox0Mg/L: Oxygen, SBE 43 [mg/l]
# name 3 = sbeox0PS: Oxygen, SBE 43 [% saturation]
# name 4 = specc: Specific Conductance [uS/cm]
# name 5 = c0uS/cm: Conductivity [uS/cm]
# name 6 = wetCDOM: Fluorescence, WET Labs CDOM [mg/m^3]
# name 7 = flECO-AFL: Fluorescence, WET Labs ECO-AFL/FL [mg/m^3]
# name 8 = flECO-AFL1: Fluorescence, WET Labs ECO-AFL/FL, 2 [mg/m^3]
# name 9 = flECO-AFL2: Fluorescence, WET Labs ECO-AFL/FL, 3 [mg/m^3]
# name 10 = par/sat/log: PAR/Logarithmic, Satlantic
# name 11 = turbWETntu0: Turbidity, WET Labs ECO [NTU]
# name 12 = prdM: Pressure, Strain Gauge [db]
# name 13 = prdE: Pressure, Strain Gauge [psi]
# name 14 = tv290C: Temperature [ITS-90, deg C]
# name 15 = flag:  0.000e+00
# span 0 =     -0.767,      9.400       
# span 1 =     -0.434,      0.130       
# span 2 =     0.0999,     9.4772       
# span 3 =      0.896,    106.715       
# span 4 =      0.732,    109.179       
# span 5 =   0.693053,  73.189819       
# span 6 =    -4.5000,     8.2800       
# span 7 =    -0.2070,    56.0072       
# span 8 =    -2.1300,     0.5538       
# span 9 =    -2.0304,    24.7878       
# span 10 = 1.1590e-01, 1.0272e+03      
# span 11 =    -0.5286,    23.1439      
# span 12 =     -0.752,      9.218      
# span 13 =     -1.091,     13.370      
# span 14 =     8.5145,    22.5197      
# span 15 = 0.0000e+00, 0.0000e+00      
# interval = seconds: 0.25
# start_time = Jun 19 2023 10:24:12 [Instrument's time stamp, header]
# bad_flag = -9.990e-29
*END*
[from data line 1628]
      5.171      0.008     0.6734      6.859     34.033  26.226863     4.4100     1.3799     0.1278     0.1692 1.1982e+01     4.5666      5.071      7.355    13.4580 0.0000e+00
      5.173      0.010     0.6837      6.987     34.020  26.229175     4.4100     1.4066     0.1278     0.1692 1.1907e+01     4.6117      5.073      7.358    13.4712 0.0000e+00
      5.176      0.011     0.6934      7.130     33.996  26.217589     4.4100     1.3875     0.1278     0.1692 1.1843e+01     4.5666      5.076      7.362    13.4894 0.0000e+00
      5.179      0.013     0.7031      7.283     33.978  26.200894     4.5000     1.4028     0.1704     0.2115 1.1899e+01     4.4314      5.079      7.366    13.5089 0.0000e+00
      5.182      0.015     0.7142      7.439     33.971  26.178599     4.5000     1.3265     0.1704     0.2115 1.1915e+01     4.4915      5.082      7.371    13.5286 0.0000e+00
      5.186      0.017     0.7271      7.584     33.974  26.148717     4.5000     1.3303     0.1704     0.2115 1.1881e+01     4.5215      5.086      7.376    13.5466 0.0000e+00
      5.191      0.019     0.7419      7.693     33.995  26.123075     4.5000     1.3227     0.1704     0.2115 1.1699e+01     4.5967      5.091      7.383    13.5572 0.0000e+00
      5.196      0.020     0.7579      7.733     34.025  26.102751     4.4100     1.3570     0.1278     0.2961 1.1601e+01     4.6267      5.096      7.391    13.5531 0.0000e+00
      5.202      0.022     0.7747      7.675     34.048  26.078363     4.4100     1.4524     0.1278     0.2961 1.1593e+01     4.6718      5.102      7.399    13.5278 0.0000e+00
      5.208      0.023     0.7906      7.500     34.068  26.055284     4.4100     1.4829     0.1278     0.2961 1.1553e+01     4.5817      5.107      7.407    13.4800 0.0000e+00
      5.214      0.023     0.8030      7.209     34.090  26.039237     4.4100     1.4638     0.1278     0.2961 1.1568e+01     4.6117      5.113      7.415    13.4187 0.0000e+00
      5.219      0.024     0.8083      6.823     34.106  26.025940     4.4100     1.4638     0.1278     0.2115 1.1513e+01     4.6117      5.118      7.424    13.3553 0.0000e+00
      5.226      0.026     0.8033      6.376     34.117  26.015807     4.4100     1.3456     0.1278     0.2115 1.1415e+01     4.5666      5.124      7.433    13.2938 0.0000e+00
      5.232      0.027     0.7859      5.909     34.125  26.006134     4.4100     1.3494     0.1278     0.2115 1.1364e+01     4.5967      5.131      7.442    13.2368 0.0000e+00
      5.239      0.029     0.7562      5.468     34.130  25.994343     4.4100     1.3112     0.1278     0.2115 1.1327e+01     4.5366      5.138      7.452    13.1886 0.0000e+00
      5.247      0.030     0.7163      5.090     34.136  25.985207     4.4100     1.3417     0.1278     0.2115 1.1207e+01     4.4915      5.145      7.463    13.1518 0.0000e+00
      5.255      0.031     0.6697      4.796     34.144  25.980247     4.3200     1.4791     0.1278     0.3384 1.0949e+01     4.5366      5.154      7.475    13.1245 0.0000e+00
      5.264      0.031     0.6210      4.588     34.156  25.982101     4.3200     1.4447     0.1278     0.3384 1.0793e+01     4.5967      5.162      7.487    13.1012 0.0000e+00
      5.272      0.031     0.5749      4.458     34.164  25.983345     4.3200     1.4524     0.1278     0.3384 1.0798e+01     4.5666      5.170      7.498    13.0786 0.0000e+00
      5.280      0.030     0.5355      4.395     34.158  25.972432     4.3200     1.4447     0.1278     0.3384 1.0765e+01     4.5366      5.177      7.509    13.0578 0.0000e+00
      5.287      0.030     0.5047      4.377     34.153  25.958330     4.2300     1.5592     0.1278     0.3807 1.0686e+01     4.2059      5.185      7.520    13.0421 0.0000e+00
      5.294      0.030     0.4830      4.381     34.155  25.945197     4.2300     1.5172     0.1278     0.3807 1.0600e+01     4.3111      5.192      7.530    13.0317 0.0000e+00
      5.302      0.030     0.4694      4.391     34.152  25.925572     4.2300     1.5210     0.1278     0.3807 1.0479e+01     4.2810      5.199      7.541    13.0242 0.0000e+00
      5.310      0.030     0.4629      4.395     34.149  25.904117     4.2300     1.5287     0.1278     0.3807 1.0227e+01     4.4013      5.207      7.552    13.0148 0.0000e+00
      5.318      0.029     0.4612      4.389     34.157  25.888968     4.2300     2.1085     0.1278     0.3807 1.0194e+01     4.4163      5.215      7.563    12.9993 0.0000e+00
      5.325      0.029     0.4619      4.373     34.168  25.874106     4.2300     2.0971     0.1278     0.3807 1.0092e+01     4.2660      5.222      7.574    12.9780 0.0000e+00
      5.332      0.028     0.4632      4.340     34.166  25.849627     4.2300     2.0780     0.1278     0.3807 1.0033e+01     4.3412      5.229      7.584    12.9531 0.0000e+00
      5.339      0.027     0.4638      4.291     34.157  25.818900     4.2300     2.0856     0.1278     0.3807 9.9204e+00     4.4314      5.236      7.594    12.9253 0.0000e+00
      5.346      0.026     0.4635      4.233     34.159  25.797487     4.2300     3.0012     0.1278     0.3807 9.8796e+00     4.0406      5.243      7.604    12.8941 0.0000e+00
      5.353      0.025     0.4621      4.175     34.183  25.793535     4.2300     3.0126     0.1704     0.4653 9.8196e+00     4.0706      5.249      7.613    12.8604 0.0000e+00
      5.359      0.024     0.4590      4.125     34.214  25.798069     4.2300     3.0240     0.1704     0.4653 9.7389e+00     4.1007      5.255      7.622    12.8262 0.0000e+00
      5.365      0.023     0.4542      4.084     34.237  25.800419     4.2300     3.0012     0.1704     0.4653 9.6567e+00     4.0105      5.261      7.630    12.7921 0.0000e+00
      5.370      0.022     0.4484      4.059     34.247  25.797254     4.2300     3.0012     0.1704     0.4653 9.6651e+00     4.1458      5.267      7.639    12.7582 0.0000e+00
      5.376      0.021     0.4426      4.058     34.256  25.795648     4.1400     2.9859     0.0852     0.6768 9.6148e+00     4.1157      5.272      7.646    12.7256 0.0000e+00
      5.381      0.021     0.4375      4.083     34.268  25.797152     4.1400     2.9897     0.0852     0.6768 9.5648e+00     4.2209      5.277      7.654    12.6974 0.0000e+00
      5.386      0.021     0.4334      4.133     34.276  25.796227     4.1400     3.0240     0.0852     0.6768 9.5482e+00     4.0406      5.282      7.661    12.6757 0.0000e+00
      5.391      0.022     0.4309      4.195     34.286  25.794606     4.1400     3.2606     0.0852     0.6768 9.5316e+00     3.9804      5.287      7.669    12.6600 0.0000e+00
      5.397      0.022     0.4309      4.260     34.293  25.789878     4.1400     3.2453     0.1278     0.9306 9.5254e+00     4.1758      5.293      7.676    12.6480 0.0000e+00
      5.402      0.024     0.4337      4.321     34.292  25.776822     4.1400     3.2453     0.1278     0.9306 9.4266e+00     4.2209      5.298      7.684    12.6374 0.0000e+00
      5.409      0.025     0.4391      4.377     34.284  25.759875     4.1400     3.2377     0.1278     0.9306 9.4061e+00     4.0556      5.304      7.693    12.6265 0.0000e+00
      5.415      0.026     0.4458      4.420     34.284  25.750354     4.1400     3.9014     0.1278     0.9306 9.3227e+00     4.1307      5.311      7.702    12.6140 0.0000e+00
      5.422      0.027     0.4528      4.446     34.290  25.749677     4.2300     3.9167     0.0852     0.8883 9.2199e+00     4.0406      5.318      7.712    12.5989 0.0000e+00
      5.430      0.027     0.4596      4.460     34.298  25.753706     4.2300     3.9091     0.0852     0.8883 8.9378e+00     4.0406      5.325      7.723    12.5820 0.0000e+00
      5.438      0.026     0.4657      4.470     34.305  25.759556     4.2300     3.9281     0.0852     0.8883 8.8875e+00     4.1007      5.333      7.734    12.5653 0.0000e+00
      5.444      0.024     0.4705      4.481     34.310  25.764827     4.2300     3.1995     0.0852     0.8883 8.8605e+00     4.0706      5.339      7.744    12.5518 0.0000e+00
      5.450      0.022     0.4733      4.496     34.316  25.770925     4.2300     3.1805     0.0852     0.8883 8.8605e+00     4.0556      5.345      7.752    12.5439 0.0000e+00
      5.456      0.019     0.4748      4.517     34.328  25.779477     4.1400     3.1881     0.1278     0.7614 8.7762e+00     4.0706      5.350      7.760    12.5411 0.0000e+00
      5.460      0.017     0.4758      4.537     34.351  25.792764     4.1400     3.2148     0.1278     0.7614 8.7514e+00     4.1458      5.354      7.766    12.5418 0.0000e+00
      5.464      0.015     0.4769      4.553     34.378  25.806409     4.1400     3.3445     0.1278     0.7614 8.6870e+00     3.8903      5.358      7.771    12.5441 0.0000e+00
      5.467      0.013     0.4785      4.560     34.393  25.810195     4.1400     3.3025     0.1278     0.7614 8.6945e+00     3.8151      5.361      7.776    12.5461 0.0000e+00
      5.470      0.011     0.4807      4.554     34.392  25.803149     4.1400     3.3140     0.1278     0.7191 8.6456e+00     3.9354      5.364      7.780    12.5452 0.0000e+00
      5.472      0.010     0.4830      4.540     34.391  25.797251     4.1400     3.3254     0.1278     0.7191 8.6249e+00     3.8903      5.366      7.783    12.5396 0.0000e+00
      5.475      0.009     0.4848      4.521     34.395  25.796867     4.1400     4.5919     0.1278     0.7191 8.5856e+00     3.8151      5.369      7.786    12.5303 0.0000e+00
      5.477      0.008     0.4856      4.499     34.393  25.793975     4.1400     4.5767     0.1278     0.7191 8.5745e+00     3.9804      5.371      7.789    12.5195 0.0000e+00
      5.479      0.008     0.4852      4.482     34.385  25.787805     4.1400     4.6110     0.1278     1.1421 8.5317e+00     3.8752      5.373      7.792    12.5098 0.0000e+00
      5.481      0.008     0.4837      4.477     34.380  25.784628     4.1400     4.5957     0.1278     1.1421 8.5095e+00     3.8903      5.375      7.795    12.5028 0.0000e+00
      5.483      0.008     0.4817      4.476     34.385  25.787559     4.1400     4.9734     0.1278     1.1421 8.4947e+00     3.8602      5.377      7.798    12.4985 0.0000e+00
      5.485      0.008     0.4794      4.479     34.391  25.789459     4.1400     4.9581     0.1278     1.1421 8.4763e+00     3.9354      5.379      7.801    12.4965 0.0000e+00
      5.486      0.008     0.4776      4.485     34.395  25.786876     4.1400     4.9543     0.1278     1.1844 8.4634e+00     3.9203      5.380      7.803    12.4961 0.0000e+00
      5.488      0.008     0.4770      4.490     34.408  25.787040     4.1400     4.9391     0.1278     1.1844 8.4304e+00     3.8903      5.382      7.806    12.4962 0.0000e+00
      5.490      0.008     0.4770      4.498     34.419  25.786035     4.1400     4.6949     0.1278     1.1844 8.4157e+00     4.1157      5.384      7.809    12.4954 0.0000e+00
      5.492      0.009     0.4773      4.505     34.422  25.779632     4.1400     4.6949     0.1278     1.1844 8.3792e+00     4.0857      5.386      7.812    12.4915 0.0000e+00
      5.494      0.009     0.4780      4.505     34.420  25.774043     4.1400     4.7064     0.1278     1.1844 8.3356e+00     4.1758      5.388      7.815    12.4828 0.0000e+00
      5.497      0.009     0.4788      4.499     34.414  25.771736     4.0500     4.7102     0.1704     1.1844 8.3338e+00     4.0857      5.390      7.818    12.4698 0.0000e+00
      5.499      0.009     0.4798      4.490     34.404  25.768137     4.0500     4.0235     0.1704     1.1844 8.3248e+00     3.8452      5.393      7.822    12.4554 0.0000e+00
      5.502      0.009     0.4806      4.479     34.385  25.754368     4.0500     4.0350     0.1704     1.1844 8.2707e+00     3.8001      5.395      7.825    12.4433 0.0000e+00
      5.504      0.009     0.4806      4.468     34.359  25.730717     4.0500     4.0311     0.1704     1.1844 8.2473e+00     3.8452      5.398      7.829    12.4375 0.0000e+00
      5.507      0.010     0.4800      4.456     34.334  25.702755     4.0500     4.0578     0.1278     0.9729 8.2384e+00     3.8903      5.400      7.832    12.4401 0.0000e+00
      5.509      0.010     0.4790      4.436     34.308  25.666985     4.0500     3.4208     0.1278     0.9729 8.2241e+00     3.8602      5.402      7.835    12.4458 0.0000e+00
      5.511      0.010     0.4778      4.410     34.280  25.625744     4.0500     3.4475     0.1278     0.9729 8.2581e+00     3.9504      5.405      7.839    12.4471 0.0000e+00
      5.514      0.010     0.4767      4.382     34.266  25.595748     4.0500     3.4284     0.1278     0.9729 8.2152e+00     3.8452      5.407      7.842    12.4411 0.0000e+00
      5.517      0.011     0.4755      4.348     34.275  25.588792     4.1400     3.4399     0.1278     1.0575 8.1052e+00     3.8301      5.410      7.846    12.4272 0.0000e+00
      5.520      0.011     0.4736      4.307     34.299  25.599063     4.1400     3.6916     0.1278     1.0575 8.0263e+00     3.9203      5.413      7.851    12.4039 0.0000e+00
      5.523      0.010     0.4712      4.256     34.323  25.613462     4.1400     3.6726     0.1278     1.0575 8.0159e+00     3.8752      5.416      7.855    12.3742 0.0000e+00
      5.526      0.010     0.4685      4.198     34.344  25.627911     4.1400     3.6726     0.1278     1.0575 7.9465e+00     3.9203      5.419      7.859    12.3457 0.0000e+00
      5.528      0.009     0.4652      4.137     34.360  25.642303     4.0500     3.6611     0.1278     1.1844 7.9241e+00     3.9203      5.421      7.862    12.3254 0.0000e+00
      5.530      0.008     0.4608      4.074     34.367  25.652558     4.0500     3.6230     0.1278     1.1844 7.9310e+00     3.7851      5.423      7.865    12.3146 0.0000e+00
      5.531      0.008     0.4554      4.010     34.365  25.657452     4.0500     3.6039     0.1278     1.1844 7.9396e+00     3.8903      5.424      7.867    12.3097 0.0000e+00
      5.533      0.008     0.4492      3.952     34.362  25.662250     4.0500     3.6153     0.1278     1.1844 7.9500e+00     3.8301      5.426      7.870    12.3084 0.0000e+00
      5.535      0.008     0.4427      3.910     34.365  25.672191     4.0500     3.6001     0.1278     1.1844 7.9017e+00     3.7249      5.428      7.872    12.3112 0.0000e+00
      5.537      0.008     0.4359      3.892     34.369  25.682007     4.0500     3.5657     0.1278     1.1421 7.8198e+00     3.9354      5.430      7.875    12.3183 0.0000e+00
      5.539      0.008     0.4290      3.898     34.363  25.682438     4.0500     3.5657     0.1278     1.1421 7.8164e+00     3.9504      5.432      7.878    12.3277 0.0000e+00
      5.541      0.008     0.4227      3.923     34.343  25.669641     4.0500     3.5429     0.1278     1.1421 7.7909e+00     3.7700      5.434      7.881    12.3381 0.0000e+00
      5.543      0.008     0.4180      3.969     34.317  25.648121     4.0500     3.5619     0.1278     1.1421 7.7808e+00     3.7851      5.436      7.884    12.3492 0.0000e+00
      5.545      0.008     0.4160      4.032     34.298  25.627978     4.0500     3.2072     0.1278     1.1844 7.7858e+00     3.8903      5.438      7.886    12.3591 0.0000e+00
      5.546      0.008     0.4166      4.097     34.287  25.611758     4.0500     3.1881     0.1278     1.1844 7.7420e+00     3.9804      5.439      7.889    12.3662 0.0000e+00
      5.548      0.008     0.4192      4.151     34.284  25.599093     4.0500     3.1881     0.1278     1.1844 7.6900e+00     3.8903      5.441      7.892    12.3691 0.0000e+00
      5.551      0.008     0.4242      4.189     34.287  25.590566     4.0500     3.2110     0.1278     1.1844 7.6650e+00     3.8001      5.444      7.895    12.3663 0.0000e+00
      5.553      0.007     0.4310      4.208     34.286  25.579942     4.0500     3.6344     0.0852     0.9729 7.6533e+00     3.6047      5.446      7.898    12.3580 0.0000e+00
