Data/DataNotYetUploadedToEDI/Raw_CTD/RawDownloads/061924_ccr50_S78188008.cnv
* Sea-Bird SBE19plus  Data File:
* FileName = C:\R\Reservoirs\Data\DataNotYetUploadedToEDI\Raw_CTD\RawDownloads\060324_bvr50_S78188_0008.hex
* Software version 2.8.0.119
* Temperature SN = 8188
* Conductivity SN = 8188
* System UpLoad Time = Jun 20 2024 16:52:15
* <ApplicationData>
* <Seaterm232>
# nquan = 16
# nvalues = 1797                        
# units = specified
# name 0 = depFM: Depth [fresh water, m]
# name 1 = dz/dtM: Descent Rate [m/s]
# name 2 = sbeox0Mg/L: Oxygen, SBE 43 [mg/l]
# name 3 = sbeox0PS: Oxygen, SBE 43 [% saturation]
# name 4 = specc: Specific Conductance [uS/cm]
# name 5 = c0uS/cm: Conductivity [uS/cm]
# name 6 = wetCDOM: Fluorescence, WET Labs CDOM [mg/m^3]
# name 7 = flECO-AFL: Fluorescence, WET Labs ECO-AFL/FL [mg/m^3]
# name 8 = flECO-AFL1: Fluorescence, WET Labs ECO-AFL/FL, 2 [mg/m^3]
# name 9 = flECO-AFL2: Fluorescence, WET Labs ECO-AFL/FL, 3 [mg/m^3]
# name 10 = par/sat/log: PAR/Logarithmic, Satlantic
# name 11 = turbWETntu0: Turbidity, WET Labs ECO [NTU]
# name 12 = prdM: Pressure, Strain Gauge [db]
# name 13 = prdE: Pressure, Strain Gauge [psi]
# name 14 = tv290C: Temperature [ITS-90, deg C]
# name 15 = flag:  0.000e+00
# span 0 =     -0.357,     12.545       
# span 1 =     -0.335,      0.183       
# span 2 =     4.2848,    10.9864       
# span 3 =     48.413,    120.031       
# span 4 =   -611.967,    126.829       
# span 5 =-486.770057, 118.193856       
# span 6 =    -4.5000,    27.5400       
# span 7 =    -1.9440,     4.2130       
# span 8 =    -2.1300,     0.5538       
# span 9 =    -2.0304,     2.4111       
# span 10 = 2.1436e-01, 1.1782e+03      
# span 11 =    -1.3670,    28.7099      
# span 12 =     -0.350,     12.303      
# span 13 =     -0.508,     17.844      
# span 14 =    10.7166,    26.2902      
# span 15 = 0.0000e+00, 0.0000e+00      
# interval = seconds: 0.25
# start_time = Jun 19 2024 06:14:00 [Instrument's time stamp, header]
# bad_flag = -9.990e-29
*END*
[from data line 91]
      0.353      0.003     5.8487     69.905    114.022 116.911694    13.0500     0.2342     0.0426     0.1269 1.1336e+02    -0.1585      0.346      0.502    26.2714 0.0000e+00
      0.354      0.003     5.7858     69.591    114.020 116.899152    13.0500     0.2190     0.0426     0.1269 1.1400e+02    -0.3246      0.347      0.503    26.2698 0.0000e+00
      0.355      0.002     5.7288     69.407    114.022 116.889684    12.9600     0.2381     0.0426     0.1269 1.1494e+02    -0.2642      0.348      0.504    26.2676 0.0000e+00
      0.355      0.001     5.6803     69.295    114.028 116.884765    12.9600     0.2304     0.0426     0.1269 1.1519e+02    -0.2944      0.348      0.504    26.2647 0.0000e+00
      0.354     -0.001     5.6431     69.189    114.037 116.883083    12.9600     0.2648     0.0426     0.1269 1.1562e+02    -0.1887      0.348      0.504    26.2609 0.0000e+00
      0.354     -0.002     5.6182     69.039    114.047 116.884187    12.9600     0.2381     0.0426     0.1269 1.1514e+02    -0.2340      0.347      0.504    26.2563 0.0000e+00
      0.354     -0.002     5.6038     68.823    114.056 116.884373    12.9600     0.2419     0.0426     0.1269 1.1585e+02    -0.3397      0.347      0.503    26.2513 0.0000e+00
      0.353     -0.003     5.5953     68.546    114.058 116.879690    12.9600     0.2342     0.0852     0.1269 1.1605e+02    -0.2944      0.346      0.502    26.2465 0.0000e+00
      0.352     -0.004     5.5872     68.219    114.053 116.868889    12.9600     0.2190     0.0852     0.1269 1.1709e+02    -0.3095      0.345      0.501    26.2418 0.0000e+00
      0.351     -0.004     5.5755     67.861    114.046 116.857088    12.9600     0.1503     0.0852     0.1269 1.1818e+02    -0.2491      0.344      0.499    26.2374 0.0000e+00
      0.349     -0.004     5.5585     67.515    114.042 116.849141    12.9600     0.1732     0.0852     0.1269 1.1803e+02    -0.2642      0.342      0.497    26.2337 0.0000e+00
      0.348     -0.003     5.5364     67.235    114.036 116.838929    13.0500     0.1885     0.0426     0.1269 1.1878e+02    -0.2642      0.341      0.495    26.2306 0.0000e+00
      0.347     -0.002     5.5102     67.035    114.029 116.827728    13.0500     0.1618     0.0426     0.1269 1.1883e+02    -0.2340      0.340      0.493    26.2281 0.0000e+00
      0.347     -0.001     5.4816     66.873    114.032 116.824551    13.0500     0.2495     0.0426     0.1269 1.1880e+02    -0.2642      0.340      0.493    26.2260 0.0000e+00
      0.347      0.000     5.4538     66.686    114.041 116.824551    13.0500     0.2457     0.0426     0.1269 1.1862e+02    -0.2340      0.340      0.493    26.2243 0.0000e+00
      0.348      0.001     5.4313     66.431    114.048 116.819727    12.9600     0.2113     0.0426     0.0846 1.1765e+02    -0.2793      0.341      0.495    26.2228 0.0000e+00
      0.349      0.001     5.4153     66.116    114.057 116.812793    12.9600     0.2419     0.0426     0.0846 1.1783e+02    -0.2793      0.342      0.496    26.2209 0.0000e+00
      0.349     -0.000     5.4025     65.776    114.067 116.805899    12.9600     0.1770     0.0426     0.0846 1.1916e+02    -0.2038      0.342      0.496    26.2182 0.0000e+00
      0.349     -0.001     5.3877     65.431    114.079 116.801205    12.9600     0.1923     0.0426     0.0846 1.1945e+02    -0.3246      0.342      0.496    26.2143 0.0000e+00
      0.348     -0.003     5.3677     65.072    114.096 116.801458    12.9600     0.1618     0.0426     0.1269 1.1927e+02    -0.3549      0.341      0.495    26.2087 0.0000e+00
      0.347     -0.004     5.3429     64.691    114.110 116.798725    12.9600     0.1923     0.0426     0.1269 1.1927e+02    -0.2642      0.341      0.494    26.2017 0.0000e+00
      0.346     -0.006     5.3162     64.303    114.112 116.784278    12.9600     0.2304     0.0426     0.1269 1.1813e+02    -0.2038      0.340      0.493    26.1942 0.0000e+00
      0.345     -0.008     5.2890     63.953    114.109 116.766262    12.9600     0.2228     0.0426     0.1269 1.1924e+02    -0.3246      0.338      0.490    26.1867 0.0000e+00
      0.342     -0.008     5.2607     63.686    114.110 116.755872    12.9600     0.2533     0.0426     0.1269 1.2039e+02    -0.2642      0.336      0.487    26.1792 0.0000e+00
      0.339     -0.009     5.2306     63.519    114.119 116.756336    13.0500     0.2228     0.0426     0.1269 1.2068e+02    -0.2038      0.333      0.482    26.1718 0.0000e+00
      0.336     -0.008     5.1999     63.430    114.130 116.761779    13.0500     0.2266     0.0426     0.1269 1.2096e+02    -0.3246      0.330      0.478    26.1646 0.0000e+00
      0.334     -0.007     5.1723     63.380    114.138 116.765651    13.0500     0.2228     0.0426     0.1269 1.1974e+02    -0.2642      0.327      0.475    26.1582 0.0000e+00
      0.332     -0.006     5.1512     63.335    114.148 116.772986    13.0500     0.2304     0.0426     0.1269 1.1883e+02    -0.2491      0.326      0.473    26.1531 0.0000e+00
      0.332     -0.006     5.1379     63.285    114.158 116.779739    13.0500     0.2304     0.0426     0.0846 1.1385e+02    -0.3397      0.325      0.472    26.1494 0.0000e+00
      0.331     -0.006     5.1310     63.258    114.157 116.773710    13.0500     0.2152     0.0426     0.0846 1.1274e+02    -0.2491      0.325      0.472    26.1468 0.0000e+00
      0.330     -0.008     5.1271     63.294    114.148 116.757294    13.0500     0.2228     0.0426     0.0846 1.1304e+02    -0.2793      0.324      0.470    26.1449 0.0000e+00
      0.328     -0.009     5.1236     63.416    114.137 116.742109    13.0500     0.2152     0.0426     0.0846 1.1277e+02    -0.2944      0.322      0.467    26.1434 0.0000e+00
      0.325     -0.010     5.1197     63.615    114.123 116.728108    12.9600     0.2533     0.0426     0.1269 1.2075e+02    -0.2642      0.319      0.463    26.1418 0.0000e+00
      0.321     -0.010     5.1177     63.846    114.101 116.709556    12.9600     0.2075     0.0426     0.1269 1.2226e+02    -0.0074      0.315      0.457    26.1396 0.0000e+00
      0.318     -0.009     5.1209     64.052    114.074 116.689506    12.9600     0.2304     0.0426     0.1269 1.2031e+02     0.0379      0.312      0.452    26.1368 0.0000e+00
      0.316     -0.007     5.1309     64.173    114.054 116.676612    12.9600     0.2457     0.0426     0.1269 1.2333e+02    -0.0074      0.309      0.449    26.1349 0.0000e+00
      0.314     -0.005     5.1470     64.153    114.045 116.675436    13.0500     0.2228     0.0426     0.0846 1.1974e+02    -0.1283      0.308      0.447    26.1351 0.0000e+00
      0.314     -0.003     5.1655     63.962    114.034 116.671665    13.0500     0.2304     0.0426     0.0846 1.2086e+02    -0.1887      0.308      0.447    26.1369 0.0000e+00
      0.314     -0.003     5.1819     63.617    114.014 116.658294    13.0500     0.2304     0.0426     0.0846 1.1896e+02    -0.3397      0.308      0.447    26.1400 0.0000e+00
      0.314     -0.002     5.1914     63.159    113.997 116.645758    13.0500     0.2457     0.0426     0.0846 1.1834e+02    -0.2944      0.308      0.446    26.1436 0.0000e+00
      0.313     -0.003     5.1894     62.638    113.980 116.632714    13.0500     0.2571     0.0426     0.0846 1.1836e+02    -0.2642      0.307      0.445    26.1472 0.0000e+00
      0.312     -0.003     5.1737     62.103    113.965 116.619684    12.9600     0.2457     0.0426     0.1692 1.2269e+02    -0.2793      0.306      0.444    26.1505 0.0000e+00
      0.311     -0.004     5.1455     61.588    113.955 116.611192    12.9600     0.2190     0.0426     0.1692 1.2343e+02    -0.3095      0.305      0.442    26.1534 0.0000e+00
      0.310     -0.004     5.1082     61.117    113.944 116.600976    12.9600     0.2381     0.0426     0.1692 1.2041e+02    -0.3246      0.304      0.441    26.1557 0.0000e+00
      0.309     -0.004     5.0659     60.704    113.926 116.582309    12.9600     0.2113     0.0426     0.1692 1.2041e+02    -0.2340      0.303      0.439    26.1575 0.0000e+00
      0.308     -0.004     5.0225     60.346    113.907 116.562215    12.9600     0.2266     0.0426     0.0423 1.2384e+02    -0.0376      0.302      0.438    26.1586 0.0000e+00
      0.307     -0.004     4.9808     60.027    113.897 116.551334    12.9600     0.2152     0.0426     0.0423 1.2290e+02     0.1286      0.301      0.437    26.1593 0.0000e+00
      0.306     -0.003     4.9427     59.732    113.893 116.546765    12.9600     0.2190     0.0426     0.0423 1.2530e+02     0.0228      0.300      0.435    26.1594 0.0000e+00
      0.305     -0.003     4.9093     59.447    113.894 116.547289    12.9600     0.2152     0.0426     0.0423 1.2368e+02    -0.0376      0.299      0.434    26.1593 0.0000e+00
      0.304     -0.002     4.8803     59.164    113.904 116.557046    12.9600     0.2152     0.0426     0.0846 1.2659e+02    -0.2491      0.298      0.433    26.1591 0.0000e+00
      0.303     -0.002     4.8546     58.881    113.918 116.570638    12.9600     0.2228     0.0426     0.0846 1.2584e+02    -0.1434      0.297      0.432    26.1589 0.0000e+00
      0.303     -0.001     4.8308     58.597    113.925 116.575689    12.9600     0.2228     0.0426     0.0846 1.2524e+02    -0.3095      0.297      0.432    26.1589 0.0000e+00
      0.304     -0.001     4.8078     58.307    113.924 116.573548    12.9600     0.2266     0.0426     0.0846 1.2582e+02    -0.4153      0.298      0.432    26.1587 0.0000e+00
      0.304     -0.000     4.7849     58.008    113.927 116.575641    12.9600     0.2266     0.0426     0.0846 1.2582e+02    -0.2491      0.298      0.432    26.1583 0.0000e+00
      0.303     -0.000     4.7621     57.704    113.931 116.578528    12.9600     0.2304     0.0000     0.1692 1.2481e+02    -0.2944      0.297      0.432    26.1577 0.0000e+00
      0.303      0.000     4.7392     57.396    113.930 116.574978    12.9600     0.2228     0.0000     0.1692 1.2373e+02    -0.2944      0.297      0.431    26.1571 0.0000e+00
      0.303      0.001     4.7157     57.086    113.925 116.568046    12.9600     0.2304     0.0000     0.1692 1.2424e+02    -0.2340      0.297      0.431    26.1565 0.0000e+00
      0.303      0.001     4.6916     56.782    113.923 116.563881    12.9600     0.2571     0.0000     0.1692 1.2234e+02    -0.2642      0.297      0.431    26.1559 0.0000e+00
      0.303      0.002     4.6671     56.491    113.923 116.561374    12.9600     0.2304     0.0426     0.0846 1.2170e+02    -0.3549      0.297      0.432    26.1552 0.0000e+00
      0.304      0.002     4.6422     56.218    113.916 116.551855    12.9600     0.2495     0.0426     0.0846 1.1878e+02    -0.2038      0.298      0.432    26.1545 0.0000e+00
      0.305      0.002     4.6172     55.965    113.899 116.532787    12.9600     0.2075     0.0426     0.0846 1.2047e+02    -0.3246      0.299      0.434    26.1536 0.0000e+00
      0.306      0.002     4.5927     55.730    113.880 116.511083    12.9600     0.1732     0.0426     0.0846 1.2010e+02    -0.0678      0.300      0.435    26.1527 0.0000e+00
      0.306      0.001     4.5693     55.508    113.868 116.496956    12.9600     0.1732     0.0426     0.1269 1.2065e+02    -0.0225      0.300      0.436    26.1517 0.0000e+00
      0.306      0.001     4.5473     55.297    113.863 116.490639    12.9600     0.1770     0.0426     0.1269 1.2000e+02     0.0681      0.300      0.436    26.1508 0.0000e+00
      0.306      0.000     4.5269     55.088    113.861 116.486446    12.9600     0.1846     0.0426     0.1269 1.2120e+02    -0.0678      0.300      0.436    26.1499 0.0000e+00
      0.306      0.000     4.5079     54.866    113.860 116.483261    12.9600     0.1541     0.0426     0.1269 1.2136e+02    -0.0829      0.300      0.436    26.1490 0.0000e+00
      0.306     -0.001     4.4900     54.635    113.860 116.480232    12.9600     0.1770     0.0426     0.0846 1.2139e+02     0.0228      0.300      0.436    26.1482 0.0000e+00
      0.306     -0.001     4.4730     54.403    113.864 116.480553    12.9600     0.1656     0.0426     0.0846 1.2049e+02    -0.0678      0.300      0.436    26.1475 0.0000e+00
      0.306     -0.002     4.4562     54.173    113.871 116.484309    12.9600     0.1618     0.0426     0.0846 1.2041e+02     0.0228      0.300      0.435    26.1466 0.0000e+00
      0.306     -0.002     4.4384     53.949    113.875 116.484501    12.9600     0.1732     0.0426     0.0846 1.2096e+02    -0.3095      0.300      0.435    26.1454 0.0000e+00
      0.305     -0.003     4.4198     53.737    113.879 116.485181    12.9600     0.1503     0.0426     0.0846 1.2026e+02    -0.2491      0.299      0.434    26.1440 0.0000e+00
      0.304     -0.003     4.4011     53.543    113.887 116.490529    13.0500     0.1656     0.0000     0.2115 1.1992e+02    -0.2944      0.298      0.432    26.1425 0.0000e+00
      0.303     -0.004     4.3826     53.377    113.889 116.489972    13.0500     0.1579     0.0000     0.2115 1.1987e+02    -0.3246      0.297      0.431    26.1410 0.0000e+00
      0.302     -0.005     4.3646     53.240    113.885 116.483361    13.0500     0.1656     0.0000     0.2115 1.1935e+02    -0.1887      0.296      0.430    26.1395 0.0000e+00
      0.301     -0.006     4.3475     53.126    113.885 116.480932    13.0500     0.1656     0.0000     0.2115 1.2031e+02    -0.3095      0.295      0.428    26.1380 0.0000e+00
      0.299     -0.007     4.3320     53.039    113.888 116.482038    12.9600     0.1579     0.0852     0.0423 1.2044e+02    -0.2944      0.293      0.426    26.1366 0.0000e+00
      0.297     -0.008     4.3187     52.980    113.890 116.482974    12.9600     0.1732     0.0852     0.0423 1.2123e+02    -0.1434      0.292      0.423    26.1354 0.0000e+00
      0.295     -0.010     4.3076     52.954    113.896 116.487989    12.9600     0.2266     0.0852     0.0423 1.2018e+02    -0.3549      0.289      0.420    26.1342 0.0000e+00
      0.293     -0.012     4.2986     52.984    113.912 116.502420    12.9600     0.2037     0.0852     0.0423 1.1562e+02    -0.3851      0.287      0.416    26.1332 0.0000e+00
      0.290     -0.016     4.2916     53.105    113.930 116.518117    12.9600     0.2495     0.0426     0.2115 1.1615e+02    -0.2340      0.284      0.412    26.1324 0.0000e+00
      0.286     -0.020     4.2868     53.353    113.944 116.527266    12.9600     0.2342     0.0426     0.2115 1.1539e+02    -0.2642      0.280      0.407    26.1319 0.0000e+00
      0.281     -0.026     4.2848     53.763    113.957 116.532305    12.9600     0.1923     0.0426     0.2115 1.1449e+02    -0.2642      0.275      0.400    26.1314 0.0000e+00
      0.274     -0.033     4.2872     54.377    113.964 116.526578    12.9600     0.1999     0.0426     0.2115 1.1696e+02    -0.3246      0.268      0.390    26.1306 0.0000e+00
      0.265     -0.040     4.2971     55.220    113.970 116.516559    12.9600     0.1503     0.0426     0.2115 1.1587e+02    -0.2189      0.260      0.377    26.1294 0.0000e+00
      0.254     -0.047     4.3174     56.276    113.988 116.519573    12.9600     0.1579     0.0426     0.0846 1.1790e+02    -0.2944      0.249      0.361    26.1273 0.0000e+00
      0.240     -0.053     4.3508     57.535    114.001 116.520423    12.9600     0.1808     0.0426     0.0846 1.3278e+02    -0.3246      0.236      0.342    26.1237 0.0000e+00
      0.225     -0.058     4.4010     59.024    113.985 116.495337    12.9600     0.1694     0.0426     0.0846 1.3319e+02    -0.3246      0.221      0.320    26.1181 0.0000e+00
      0.208     -0.060     4.4698     60.782    113.948 116.453623    12.9600     0.1732     0.0426     0.0846 1.6087e+02    -0.2189      0.204      0.297    26.1109 0.0000e+00
      0.191     -0.058     4.5559     62.790    113.913 116.420156    12.9600     0.1923     0.0426     0.1692 1.6448e+02    -0.3246      0.188      0.272    26.1040 0.0000e+00
