Data/DataNotYetUploadedToEDI/Raw_CTD/RawDownloads/061924_ccr90_S78188010.cnv
* Sea-Bird SBE19plus  Data File:
* FileName = C:\R\Reservoirs\Data\DataNotYetUploadedToEDI\Raw_CTD\RawDownloads\060324_bvr50_S78188_0010.hex
* Software version 2.8.0.119
* Temperature SN = 8188
* Conductivity SN = 8188
* System UpLoad Time = Jun 20 2024 16:53:04
* <ApplicationData>
* <Seaterm232>
# nquan = 16
# nvalues = 975                         
# units = specified
# name 0 = depFM: Depth [fresh water, m]
# name 1 = dz/dtM: Descent Rate [m/s]
# name 2 = sbeox0Mg/L: Oxygen, SBE 43 [mg/l]
# name 3 = sbeox0PS: Oxygen, SBE 43 [% saturation]
# name 4 = specc: Specific Conductance [uS/cm]
# name 5 = c0uS/cm: Conductivity [uS/cm]
# name 6 = wetCDOM: Fluorescence, WET Labs CDOM [mg/m^3]
# name 7 = flECO-AFL: Fluorescence, WET Labs ECO-AFL/FL [mg/m^3]
# name 8 = flECO-AFL1: Fluorescence, WET Labs ECO-AFL/FL, 2 [mg/m^3]
# name 9 = flECO-AFL2: Fluorescence, WET Labs ECO-AFL/FL, 3 [mg/m^3]
# name 10 = par/sat/log: PAR/Logarithmic, Satlantic
# name 11 = turbWETntu0: Turbidity, WET Labs ECO [NTU]
# name 12 = prdM: Pressure, Strain Gauge [db]
# name 13 = prdE: Pressure, Strain Gauge [psi]
# name 14 = tv290C: Temperature [ITS-90, deg C]
# name 15 = flag:  0.000e+00
# span 0 =     -0.344,      5.344       
# span 1 =     -0.363,      0.109       
# span 2 =     4.5736,     9.2447       
# span 3 =     56.043,    114.132       
# span 4 =   -461.691,    118.537       
# span 5 =-468.338317, 121.260679       
# span 6 =    -4.5000,    30.0600       
# span 7 =    -1.0094,   245.1301       
# span 8 =    -3.1950,     0.3408       
# span 9 =    -2.0304,    11.4633       
# span 10 = 1.0556e+02, 2.9424e+03      
# span 11 =   -10.3855,    35.5531      
# span 12 =     -0.337,      5.240      
# span 13 =     -0.489,      7.600      
# span 14 =    21.2080,    26.3463      
# span 15 = 0.0000e+00, 0.0000e+00      
# interval = seconds: 0.25
# start_time = Jun 19 2024 07:17:56 [Instrument's time stamp, header]
# bad_flag = -9.990e-29
*END*
[from data line 543]
      3.594      0.033     8.0195     98.378    114.436 116.580351    14.4900     0.4326     0.0426     0.0846 2.8010e+02     0.5213      3.525      5.112    25.9372 0.0000e+00
      3.602      0.033     8.0126     98.303    114.429 116.571213    14.4900     0.4364     0.0426     0.0846 2.7515e+02     0.4156      3.533      5.124    25.9356 0.0000e+00
      3.611      0.034     8.0054     98.282    114.423 116.563654    14.4900     0.3868     0.0426     0.0846 2.7539e+02     0.4609      3.541      5.135    25.9340 0.0000e+00
      3.619      0.035     7.9975     98.313    114.404 116.541660    14.4900     0.4326     0.0426     0.0846 2.7737e+02     0.4458      3.550      5.148    25.9324 0.0000e+00
      3.629      0.037     7.9893     98.373    114.396 116.529364    14.4900     0.5013     0.0852     0.1692 2.7384e+02     0.5213      3.559      5.161    25.9310 0.0000e+00
      3.638      0.039     7.9833     98.447    114.417 116.545489    14.4900     0.4746     0.0852     0.1692 2.8169e+02     0.4458      3.568      5.175    25.9300 0.0000e+00
      3.649      0.041     7.9817     98.519    114.437 116.560332    14.4900     0.4669     0.0852     0.1692 2.8334e+02     0.4458      3.578      5.190    25.9290 0.0000e+00
      3.659      0.042     7.9843     98.581    114.416 116.531854    14.4900     0.4975     0.0852     0.1692 2.7593e+02     0.4307      3.589      5.205    25.9279 0.0000e+00
      3.670      0.044     7.9895     98.635    114.364 116.470459    14.4000     0.5165     0.0426     0.1692 2.6918e+02     0.5213      3.600      5.220    25.9263 0.0000e+00
      3.682      0.045     7.9958     98.669    114.311 116.405775    14.4000     0.5280     0.0426     0.1692 2.6865e+02     0.3400      3.611      5.237    25.9241 0.0000e+00
      3.693      0.046     8.0020     98.679    114.274 116.356551    14.4000     0.5547     0.0426     0.1692 2.7336e+02     0.4458      3.622      5.253    25.9215 0.0000e+00
      3.705      0.047     8.0075     98.662    114.254 116.321660    14.4000     0.5203     0.0426     0.1692 2.7248e+02     0.4458      3.634      5.270    25.9184 0.0000e+00
      3.718      0.048     8.0124     98.602    114.238 116.289796    14.4000     0.6119     0.0426     0.1692 2.7599e+02     0.6724      3.646      5.288    25.9147 0.0000e+00
      3.731      0.047     8.0159     98.480    114.233 116.270461    14.6700     0.6272     0.0852     0.2115 2.6761e+02     0.7177      3.659      5.306    25.9102 0.0000e+00
      3.743      0.046     8.0175     98.288    114.236 116.264497    14.6700     0.6348     0.0852     0.2115 2.6231e+02     0.7177      3.671      5.324    25.9048 0.0000e+00
      3.755      0.044     8.0170     98.013    114.237 116.260314    14.6700     0.6500     0.0852     0.2115 2.6494e+02     0.6422      3.682      5.341    25.8984 0.0000e+00
      3.766      0.041     8.0131     97.656    114.234 116.256797    14.6700     0.6310     0.0852     0.2115 2.6679e+02     0.6875      3.694      5.357    25.8917 0.0000e+00
      3.777      0.038     8.0041     97.254    114.255 116.279007    14.6700     0.6424     0.0852     0.1692 2.6259e+02     0.6875      3.704      5.371    25.8857 0.0000e+00
      3.786      0.036     7.9891     96.877    114.303 116.330866    14.6700     0.6272     0.0852     0.1692 2.5790e+02     0.7177      3.712      5.384    25.8816 0.0000e+00
      3.794      0.034     7.9671     96.587    114.324 116.354206    14.6700     0.6348     0.0852     0.1692 2.6004e+02     0.7026      3.720      5.396    25.8796 0.0000e+00
      3.801      0.033     7.9381     96.422    114.289 116.319253    14.6700     0.6500     0.0852     0.1692 2.5567e+02     0.9443      3.728      5.407    25.8791 0.0000e+00
      3.809      0.032     7.9054     96.382    114.238 116.266683    14.6700     0.6348     0.0426     0.1692 2.5164e+02     0.8839      3.735      5.418    25.8797 0.0000e+00
      3.817      0.033     7.8746     96.442    114.210 116.234478    14.6700     0.6195     0.0426     0.1692 2.5034e+02     0.9292      3.743      5.429    25.8807 0.0000e+00
      3.826      0.033     7.8509     96.564    114.216 116.234047    14.6700     0.6348     0.0426     0.1692 2.5001e+02     0.8990      3.752      5.441    25.8816 0.0000e+00
      3.834      0.034     7.8373     96.707    114.242 116.253278    14.6700     0.6806     0.0426     0.1692 2.4522e+02     1.0652      3.760      5.454    25.8820 0.0000e+00
      3.843      0.034     7.8341     96.827    114.262 116.265297    14.6700     0.7073     0.0426     0.1692 2.4141e+02     0.9896      3.769      5.467    25.8815 0.0000e+00
      3.852      0.034     7.8392     96.889    114.281 116.277310    14.7600     0.6920     0.0426     0.0846 2.4084e+02     0.9745      3.778      5.479    25.8800 0.0000e+00
      3.861      0.034     7.8496     96.867    114.311 116.302520    14.7600     0.6996     0.0426     0.0846 2.4141e+02     0.9443      3.787      5.492    25.8774 0.0000e+00
      3.870      0.033     7.8616     96.764    114.326 116.313649    14.7600     0.6882     0.0426     0.0846 2.4005e+02     0.8688      3.795      5.504    25.8741 0.0000e+00
      3.878      0.033     7.8719     96.627    114.303 116.287667    14.7600     0.7302     0.0426     0.0846 2.4379e+02     0.9443      3.803      5.516    25.8705 0.0000e+00
      3.886      0.033     7.8774     96.511    114.274 116.255642    14.9400     0.6920     0.0852     0.1692 2.4828e+02     0.9896      3.811      5.527    25.8673 0.0000e+00
      3.894      0.034     7.8760     96.445    114.257 116.235035    14.9400     0.6920     0.0852     0.1692 2.4490e+02     0.8839      3.819      5.539    25.8649 0.0000e+00
      3.903      0.035     7.8678     96.432    114.223 116.196351    14.9400     0.7035     0.0852     0.1692 2.4299e+02     0.8990      3.827      5.551    25.8633 0.0000e+00
      3.912      0.036     7.8568     96.457    114.179 116.145273    14.9400     0.7073     0.0852     0.1692 2.4099e+02     1.0047      3.836      5.564    25.8621 0.0000e+00
      3.921      0.037     7.8476     96.494    114.142 116.100180    14.7600     0.7187     0.0426     0.0846 2.4141e+02     0.9745      3.845      5.578    25.8610 0.0000e+00
      3.931      0.039     7.8424     96.533    114.120 116.067046    14.7600     0.7149     0.0426     0.0846 2.4105e+02     0.9443      3.855      5.592    25.8596 0.0000e+00
      3.941      0.040     7.8417     96.570    114.116 116.051033    14.7600     0.6806     0.0426     0.0846 2.3964e+02     1.2313      3.865      5.606    25.8576 0.0000e+00
      3.952      0.042     7.8440     96.591    114.116 116.035873    14.7600     0.6920     0.0426     0.0846 2.4331e+02     1.2011      3.875      5.621    25.8550 0.0000e+00
      3.962      0.044     7.8475     96.572    114.115 116.017521    14.8500     0.6806     0.0852     0.1692 2.3964e+02     1.2313      3.886      5.636    25.8516 0.0000e+00
      3.973      0.045     7.8513     96.507    114.137 116.019081    14.8500     0.6996     0.0852     0.1692 2.4126e+02     1.0954      3.897      5.652    25.8472 0.0000e+00
      3.985      0.046     7.8552     96.405    114.181 116.040968    14.8500     0.7187     0.0852     0.1692 2.4011e+02     1.1860      3.908      5.669    25.8418 0.0000e+00
      3.998      0.046     7.8578     96.282    114.219 116.057020    14.8500     0.6882     0.0852     0.1692 2.3736e+02     1.2011      3.920      5.686    25.8351 0.0000e+00
      4.010      0.046     7.8574     96.150    114.234 116.053515    14.8500     0.7187     0.0852     0.1692 2.3622e+02     1.2313      3.933      5.704    25.8273 0.0000e+00
      4.023      0.044     7.8533     96.018    114.226 116.031519    14.8500     0.7073     0.0426     0.1269 2.3474e+02     1.0652      3.945      5.722    25.8184 0.0000e+00
      4.034      0.043     7.8464     95.892    114.204 115.999163    14.8500     0.7797     0.0426     0.1269 2.3236e+02     0.9292      3.956      5.738    25.8086 0.0000e+00
      4.044      0.041     7.8378     95.786    114.185 115.969820    14.8500     0.7569     0.0426     0.1269 2.3674e+02     0.8990      3.966      5.752    25.7987 0.0000e+00
      4.054      0.039     7.8283     95.707    114.180 115.955663    14.8500     0.7645     0.0426     0.1269 2.3474e+02     0.9745      3.975      5.766    25.7905 0.0000e+00
      4.063      0.039     7.8184     95.657    114.175 115.942916    15.3000     0.7645     0.0426     0.2961 2.3530e+02     0.9141      3.985      5.779    25.7843 0.0000e+00
      4.073      0.039     7.8088     95.624    114.157 115.914181    15.3000     0.7683     0.0426     0.2961 2.3019e+02     1.2918      3.994      5.793    25.7796 0.0000e+00
      4.082      0.040     7.8007     95.580    114.134 115.875795    15.3000     0.7912     0.0426     0.2961 2.2706e+02     1.1709      4.003      5.806    25.7755 0.0000e+00
      4.093      0.043     7.7948     95.511    114.116 115.839520    15.3000     0.7797     0.0426     0.2961 2.2662e+02     1.1709      4.013      5.821    25.7717 0.0000e+00
      4.103      0.046     7.7913     95.429    114.112 115.815680    15.6600     0.7721     0.0852     0.2115 2.2840e+02     1.1860      4.024      5.836    25.7680 0.0000e+00
      4.115      0.050     7.7893     95.343    114.124 115.805917    15.6600     0.7607     0.0852     0.2115 2.2825e+02     1.1407      4.035      5.853    25.7634 0.0000e+00
      4.128      0.054     7.7865     95.275    114.136 115.795625    15.6600     0.7797     0.0852     0.2115 2.2687e+02     1.1256      4.048      5.871    25.7571 0.0000e+00
      4.142      0.058     7.7821     95.244    114.124 115.762061    15.6600     0.7607     0.0852     0.2115 2.2485e+02     1.2918      4.062      5.892    25.7492 0.0000e+00
      4.158      0.061     7.7766     95.237    114.098 115.716271    15.6600     0.7645     0.0852     0.2115 2.2339e+02     1.1407      4.078      5.914    25.7402 0.0000e+00
      4.175      0.064     7.7710     95.235    114.078 115.678043    15.7500     0.8255     0.0852     0.2538 2.1831e+02     1.5335      4.094      5.938    25.7306 0.0000e+00
      4.192      0.065     7.7669     95.225    114.061 115.645182    15.7500     0.8103     0.0852     0.2538 2.1807e+02     1.4277      4.111      5.962    25.7209 0.0000e+00
      4.209      0.065     7.7657     95.194    114.049 115.620922    15.7500     0.8446     0.0852     0.2538 2.1926e+02     1.4730      4.128      5.987    25.7115 0.0000e+00
      4.226      0.063     7.7664     95.134    114.043 115.606792    15.7500     0.8293     0.0852     0.2538 2.1628e+02     1.3824      4.145      6.011    25.7027 0.0000e+00
      4.243      0.060     7.7673     95.046    114.038 115.599025    15.9300     0.8293     0.0426     0.2115 2.1380e+02     1.6845      4.161      6.035    25.6949 0.0000e+00
      4.258      0.056     7.7675     94.940    114.051 115.613548    15.9300     0.8713     0.0426     0.2115 2.1021e+02     1.5788      4.176      6.057    25.6883 0.0000e+00
      4.273      0.052     7.7657     94.840    114.098 115.664233    15.9300     0.8789     0.0426     0.2115 2.0943e+02     1.6845      4.190      6.077    25.6830 0.0000e+00
      4.285      0.047     7.7612     94.778    114.140 115.710601    15.9300     0.8637     0.0426     0.2115 2.0861e+02     1.6543      4.202      6.095    25.6795 0.0000e+00
      4.296      0.042     7.7542     94.767    114.164 115.737017    16.6500     0.8713     0.0852     0.1269 2.1030e+02     1.6996      4.213      6.110    25.6781 0.0000e+00
      4.306      0.038     7.7455     94.804    114.195 115.768525    16.6500     0.9590     0.0852     0.1269 2.1338e+02     1.8809      4.222      6.124    25.6787 0.0000e+00
      4.314      0.035     7.7371     94.884    114.214 115.787529    16.6500     0.9590     0.0852     0.1269 2.1044e+02     1.9262      4.231      6.136    25.6803 0.0000e+00
      4.322      0.032     7.7319     94.993    114.208 115.781098    16.6500     0.9362     0.0852     0.1269 2.0766e+02     1.8809      4.239      6.148    25.6818 0.0000e+00
      4.330      0.030     7.7309     95.103    114.196 115.767516    16.7400     0.9285     0.1278     0.2538 2.0984e+02     1.9866      4.246      6.159    25.6827 0.0000e+00
      4.337      0.028     7.7339     95.189    114.180 115.747161    16.7400     0.8942     0.1278     0.2538 2.0939e+02     1.9262      4.253      6.169    25.6828 0.0000e+00
      4.344      0.027     7.7404     95.238    114.154 115.716604    16.7400     0.8789     0.1278     0.2538 2.0939e+02     1.8960      4.260      6.179    25.6828 0.0000e+00
      4.351      0.026     7.7493     95.246    114.133 115.689694    16.7400     0.8980     0.1278     0.2538 2.0807e+02     1.8809      4.267      6.189    25.6825 0.0000e+00
      4.357      0.026     7.7584     95.216    114.114 115.665256    16.7400     0.8713     0.1278     0.2538 2.0578e+02     1.8960      4.273      6.198    25.6817 0.0000e+00
      4.364      0.025     7.7656     95.155    114.110 115.656771    16.8300     0.8789     0.0852     0.2115 2.0627e+02     1.5788      4.279      6.207    25.6802 0.0000e+00
      4.370      0.024     7.7699     95.072    114.128 115.671976    16.8300     0.9018     0.0852     0.2115 2.0547e+02     1.6090      4.285      6.216    25.6782 0.0000e+00
      4.376      0.024     7.7709     94.981    114.130 115.672926    16.8300     0.9056     0.0852     0.2115 2.0578e+02     1.7298      4.292      6.225    25.6760 0.0000e+00
      4.383      0.023     7.7687     94.903    114.115 115.659876    16.8300     0.8942     0.0852     0.2115 2.0471e+02     1.7147      4.298      6.234    25.6738 0.0000e+00
      4.388      0.022     7.7640     94.853    114.102 115.651343    16.7400     0.8942     0.0852     0.3384 2.0070e+02     1.3673      4.303      6.242    25.6718 0.0000e+00
      4.394      0.021     7.7575     94.838    114.084 115.635055    16.7400     0.8713     0.0852     0.3384 1.9927e+02     1.4579      4.309      6.250    25.6702 0.0000e+00
      4.399      0.021     7.7502     94.856    114.081 115.630667    16.7400     0.8713     0.0852     0.3384 2.0035e+02     1.4730      4.314      6.257    25.6698 0.0000e+00
      4.404      0.021     7.7436     94.899    114.117 115.663006    16.7400     0.9285     0.0852     0.3384 1.9974e+02     1.3371      4.319      6.264    25.6708 0.0000e+00
      4.409      0.021     7.7393     94.951    114.153 115.690699    16.6500     0.8866     0.0852     0.2961 2.0096e+02     1.5939      4.324      6.271    25.6726 0.0000e+00
      4.414      0.023     7.7380     94.997    114.153 115.675134    16.6500     0.8866     0.0852     0.2961 2.0026e+02     1.6845      4.329      6.278    25.6736 0.0000e+00
      4.419      0.025     7.7395     95.020    114.136 115.636158    16.6500     0.9133     0.0852     0.2961 1.9647e+02     1.6090      4.334      6.286    25.6730 0.0000e+00
      4.426      0.027     7.7433     95.003    114.115 115.583376    16.6500     0.8827     0.0852     0.2961 1.9460e+02     1.6845      4.340      6.295    25.6710 0.0000e+00
      4.433      0.030     7.7481     94.928    114.089 115.520711    16.8300     0.9552     0.0426     0.2961 1.9363e+02     1.9413      4.347      6.305    25.6672 0.0000e+00
      4.441      0.032     7.7527     94.777    114.067 115.463445    16.8300     0.9705     0.0426     0.2961 1.9183e+02     1.9564      4.355      6.317    25.6608 0.0000e+00
      4.450      0.034     7.7560     94.551    114.057 115.426304    16.8300     0.9438     0.0426     0.2961 1.8898e+02     1.8658      4.364      6.330    25.6509 0.0000e+00
      4.460      0.035     7.7565     94.264    114.068 115.417380    16.8300     0.9705     0.0426     0.2961 1.8750e+02     1.8507      4.373      6.343    25.6373 0.0000e+00
