Data/DataNotYetUploadedToEDI/Raw_CTD/RawDownloads/061924_ccr50_S78188008.cnv
* Sea-Bird SBE19plus  Data File:
* FileName = C:\R\Reservoirs\Data\DataNotYetUploadedToEDI\Raw_CTD\RawDownloads\060324_bvr50_S78188_0008.hex
* Software version 2.8.0.119
* Temperature SN = 8188
* Conductivity SN = 8188
* System UpLoad Time = Jun 20 2024 16:52:15
* <ApplicationData>
* <Seaterm232>
# nquan = 16
# nvalues = 1797                        
# units = specified
# name 0 = depFM: Depth [fresh water, m]
# name 1 = dz/dtM: Descent Rate [m/s]
# name 2 = sbeox0Mg/L: Oxygen, SBE 43 [mg/l]
# name 3 = sbeox0PS: Oxygen, SBE 43 [% saturation]
# name 4 = specc: Specific Conductance [uS/cm]
# name 5 = c0uS/cm: Conductivity [uS/cm]
# name 6 = wetCDOM: Fluorescence, WET Labs CDOM [mg/m^3]
# name 7 = flECO-AFL: Fluorescence, WET Labs ECO-AFL/FL [mg/m^3]
# name 8 = flECO-AFL1: Fluorescence, WET Labs ECO-AFL/FL, 2 [mg/m^3]
# name 9 = flECO-AFL2: Fluorescence, WET Labs ECO-AFL/FL, 3 [mg/m^3]
# name 10 = par/sat/log: PAR/Logarithmic, Satlantic
# name 11 = turbWETntu0: Turbidity, WET Labs ECO [NTU]
# name 12 = prdM: Pressure, Strain Gauge [db]
# name 13 = prdE: Pressure, Strain Gauge [psi]
# name 14 = tv290C: Temperature [ITS-90, deg C]
# name 15 = flag:  0.000e+00
# span 0 =     -0.357,     12.545       
# span 1 =     -0.335,      0.183       
# span 2 =     4.2848,    10.9864       
# span 3 =     48.413,    120.031       
# span 4 =   -611.967,    126.829       
# span 5 =-486.770057, 118.193856       
# span 6 =    -4.5000,    27.5400       
# span 7 =    -1.9440,     4.2130       
# span 8 =    -2.1300,     0.5538       
# span 9 =    -2.0304,     2.4111       
# span 10 = 2.1436e-01, 1.1782e+03      
# span 11 =    -1.3670,    28.7099      
# span 12 =     -0.350,     12.303      
# span 13 =     -0.508,     17.844      
# span 14 =    10.7166,    26.2902      
# span 15 = 0.0000e+00, 0.0000e+00      
# interval = seconds: 0.25
# start_time = Jun 19 2024 06:14:00 [Instrument's time stamp, header]
# bad_flag = -9.990e-29
*END*
[from data line 543]
      4.686      0.048     8.9049    106.902    113.974 111.400035    17.4600     1.2528     0.0852     0.2538 1.2492e+02     0.4911      4.595      6.665    23.9507 0.0000e+00
      4.698      0.047     8.9288    107.141    113.998 111.356971    17.4600     1.2490     0.0852     0.2538 1.2430e+02     0.5515      4.607      6.682    23.9362 0.0000e+00
      4.710      0.048     8.9583    107.318    114.003 111.302618    17.4600     1.2604     0.0852     0.2538 1.2149e+02     0.3854      4.619      6.700    23.9175 0.0000e+00
      4.723      0.048     8.9895    107.433    114.016 111.268466    17.4600     1.2566     0.0852     0.2538 1.2091e+02     0.3854      4.631      6.717    23.8933 0.0000e+00
      4.735      0.048     9.0188    107.501    114.047 111.267399    17.2800     1.2947     0.0852     0.2538 1.2065e+02     0.4760      4.644      6.735    23.8651 0.0000e+00
      4.748      0.048     9.0439    107.545    114.070 111.265143    17.2800     1.3214     0.0852     0.2538 1.2089e+02     0.4458      4.656      6.753    23.8361 0.0000e+00
      4.760      0.049     9.0633    107.597    114.064 111.227105    17.2800     1.3329     0.0852     0.2538 1.2128e+02     0.3552      4.667      6.770    23.8098 0.0000e+00
      4.772      0.051     9.0765    107.674    114.033 111.145142    17.2800     1.3138     0.0852     0.2538 1.2089e+02     0.3854      4.679      6.787    23.7895 0.0000e+00
      4.784      0.053     9.0845    107.761    114.006 111.045382    17.6400     1.3672     0.0426     0.2115 1.1992e+02     0.6271      4.691      6.804    23.7759 0.0000e+00
      4.797      0.056     9.0901    107.835    114.008 110.963201    17.6400     1.3825     0.0426     0.2115 1.1909e+02     0.6271      4.704      6.824    23.7651 0.0000e+00
      4.812      0.058     9.0969    107.893    114.040 110.908670    17.6400     1.3863     0.0426     0.2115 1.1911e+02     0.7328      4.719      6.845    23.7506 0.0000e+00
      4.828      0.060     9.1074    107.951    114.089 110.879238    17.6400     1.3863     0.0426     0.2115 1.1549e+02     0.5817      4.735      6.868    23.7279 0.0000e+00
      4.845      0.062     9.1202    108.032    114.121 110.849058    17.6400     1.3977     0.0426     0.2115 1.1509e+02     0.7177      4.751      6.891    23.6961 0.0000e+00
      4.861      0.064     9.1328    108.158    114.116 110.794085    17.8200     1.3672     0.0426     0.2961 1.1519e+02     0.6724      4.767      6.914    23.6589 0.0000e+00
      4.877      0.065     9.1441    108.330    114.095 110.723651    17.8200     1.3825     0.0426     0.2961 1.1326e+02     0.7630      4.783      6.937    23.6215 0.0000e+00
      4.893      0.067     9.1548    108.529    114.062 110.626973    17.8200     1.3787     0.0426     0.2961 1.1457e+02     0.7177      4.798      6.959    23.5879 0.0000e+00
      4.909      0.070     9.1664    108.732    113.990 110.454277    17.8200     1.3787     0.0426     0.2961 1.1529e+02     0.8990      4.815      6.983    23.5607 0.0000e+00
      4.927      0.074     9.1809    108.910    113.902 110.201497    18.5400     1.3863     0.0852     0.2115 1.1264e+02     0.8386      4.832      7.008    23.5386 0.0000e+00
      4.946      0.079     9.1993    109.030    113.879 109.943175    18.5400     1.3977     0.0852     0.2115 1.1208e+02     0.9745      4.851      7.035    23.5167 0.0000e+00
      4.967      0.083     9.2212    109.093    113.936 109.726374    18.5400     1.3710     0.0852     0.2115 1.1080e+02     0.9443      4.871      7.065    23.4883 0.0000e+00
      4.990      0.087     9.2463    109.162    114.028 109.547242    18.5400     1.4855     0.0852     0.2115 1.0875e+02     0.8537      4.893      7.097    23.4434 0.0000e+00
      5.014      0.088     9.2743    109.334    114.125 109.401982    18.9000     1.5007     0.0426     0.3384 1.0708e+02     0.7479      4.917      7.131    23.3701 0.0000e+00
      5.038      0.088     9.3028    109.677    114.208 109.275837    18.9000     1.4664     0.0426     0.3384 1.0510e+02     0.7479      4.941      7.166    23.2667 0.0000e+00
      5.062      0.086     9.3292    110.195    114.261 109.147159    18.9000     1.5236     0.0426     0.3384 1.0231e+02     0.6120      4.964      7.199    23.1474 0.0000e+00
      5.084      0.083     9.3558    110.859    114.283 109.003618    18.9000     1.4511     0.0426     0.3384 1.0226e+02     0.6724      4.985      7.230    23.0304 0.0000e+00
      5.104      0.078     9.3893    111.621    114.310 108.866909    19.9800     1.4397     0.0852     0.2538 1.0186e+02     0.5817      5.005      7.259    22.9258 0.0000e+00
      5.123      0.074     9.4349    112.409    114.374 108.762547    19.9800     1.4435     0.0852     0.2538 1.0191e+02     0.5817      5.024      7.286    22.8355 0.0000e+00
      5.141      0.070     9.4937    113.142    114.443 108.674690    19.9800     1.4664     0.0852     0.2538 1.0072e+02     0.6724      5.041      7.312    22.7570 0.0000e+00
      5.158      0.066     9.5640    113.767    114.503 108.597892    19.9800     1.5084     0.0852     0.2538 9.9976e+01     0.6724      5.058      7.336    22.6851 0.0000e+00
      5.174      0.063     9.6429    114.263    114.557 108.529665    19.9800     1.5198     0.0852     0.2538 9.8402e+01     0.5817      5.074      7.359    22.6140 0.0000e+00
      5.190      0.060     9.7243    114.647    114.600 108.455808    19.9800     1.4931     0.0852     0.2961 9.8039e+01     0.7781      5.089      7.381    22.5419 0.0000e+00
      5.204      0.059     9.8003    114.947    114.615 108.360620    19.9800     1.5007     0.0852     0.2961 9.7593e+01     0.6875      5.104      7.403    22.4746 0.0000e+00
      5.218      0.057     9.8653    115.190    114.594 108.222713    19.9800     1.5084     0.0852     0.2961 9.8061e+01     0.8537      5.118      7.423    22.4163 0.0000e+00
      5.233      0.056     9.9182    115.385    114.614 108.093273    19.9800     1.5007     0.0852     0.2961 9.7170e+01     0.9745      5.131      7.443    22.3641 0.0000e+00
      5.247      0.054     9.9609    115.515    114.708 108.029736    19.7100     1.5046     0.0852     0.2961 9.5911e+01     0.9443      5.145      7.463    22.3141 0.0000e+00
      5.261      0.053     9.9961    115.600    114.773 107.977161    19.7100     1.4931     0.0852     0.2961 9.4484e+01     0.9594      5.159      7.483    22.2666 0.0000e+00
      5.274      0.051    10.0271    115.711    114.764 107.885541    19.7100     1.5007     0.0852     0.2961 9.3931e+01     0.6120      5.173      7.502    22.2149 0.0000e+00
      5.287      0.049    10.0566    115.882    114.766 107.790420    19.7100     1.5313     0.0852     0.2961 9.4136e+01     0.6875      5.185      7.521    22.1501 0.0000e+00
      5.300      0.047    10.0807    116.060    114.806 107.704416    19.9800     1.4931     0.0426     0.4230 9.3748e+01     0.7781      5.197      7.538    22.0838 0.0000e+00
      5.311      0.045    10.0975    116.188    114.846 107.604587    19.9800     1.5046     0.0426     0.4230 9.3422e+01     0.6724      5.208      7.555    22.0346 0.0000e+00
      5.323      0.043    10.1144    116.264    114.872 107.480298    19.9800     1.5084     0.0426     0.4230 9.2714e+01     0.7479      5.219      7.571    21.9981 0.0000e+00
      5.334      0.041    10.1375    116.311    114.885 107.316396    19.9800     1.5122     0.0426     0.4230 9.1653e+01     0.7479      5.230      7.586    21.9562 0.0000e+00
      5.344      0.039    10.1637    116.329    114.910 107.129138    19.9800     1.5160     0.0426     0.4230 9.1653e+01     0.6724      5.240      7.601    21.9021 0.0000e+00
      5.353      0.037    10.1867    116.293    114.983 106.956541    20.4300     1.5007     0.0852     0.2115 9.1275e+01     0.6422      5.249      7.614    21.8423 0.0000e+00
      5.362      0.035    10.2061    116.197    115.128 106.840525    20.4300     1.4397     0.0852     0.2115 9.1414e+01     0.4458      5.258      7.627    21.7777 0.0000e+00
      5.371      0.032    10.2254    116.087    115.311 106.808104    20.4300     1.4435     0.0852     0.2115 9.0721e+01     0.4458      5.267      7.639    21.7012 0.0000e+00
      5.379      0.029    10.2450    116.067    115.453 106.826631    20.4300     1.4321     0.0852     0.2115 9.0112e+01     0.3703      5.275      7.650    21.6099 0.0000e+00
      5.386      0.027    10.2625    116.222    115.525 106.855066    20.3400     1.4435     0.0426     0.2961 8.8829e+01     0.5515      5.282      7.661    21.5054 0.0000e+00
      5.393      0.024    10.2757    116.548    115.541 106.869011    20.3400     1.3748     0.0426     0.2961 8.8694e+01     0.4458      5.288      7.670    21.3964 0.0000e+00
      5.398      0.021    10.2835    116.976    115.517 106.850201    20.3400     1.3825     0.0426     0.2961 8.9081e+01     0.4609      5.294      7.678    21.3085 0.0000e+00
      5.403      0.019    10.2915    117.416    115.502 106.827604    20.3400     1.3787     0.0426     0.2961 8.9333e+01     0.4911      5.298      7.684    21.2595 0.0000e+00
      5.406      0.017    10.3085    117.789    115.519 106.829178    20.3400     1.3977     0.0852     0.2961 8.9236e+01     0.4005      5.302      7.690    21.2428 0.0000e+00
      5.410      0.016    10.3376    118.050    115.551 106.855339    20.3400     1.3939     0.0852     0.2961 8.9236e+01     0.3854      5.305      7.695    21.2424 0.0000e+00
      5.414      0.015    10.3753    118.188    115.598 106.925055    20.3400     1.3748     0.0852     0.2961 8.8598e+01     0.5817      5.309      7.701    21.2436 0.0000e+00
      5.418      0.014    10.4151    118.218    115.627 107.010939    20.3400     1.4016     0.0852     0.2961 8.8041e+01     0.4005      5.313      7.706    21.2398 0.0000e+00
      5.421      0.015    10.4494    118.187    115.605 107.061934    20.8800     1.3596     0.1278     0.2538 8.8175e+01     0.3854      5.316      7.711    21.2338 0.0000e+00
      5.425      0.015    10.4728    118.144    115.555 107.071655    20.8800     1.4626     0.1278     0.2538 8.8195e+01     0.5213      5.320      7.716    21.2324 0.0000e+00
      5.428      0.016    10.4828    118.096    115.512 107.064688    20.8800     1.4359     0.1278     0.2538 8.9042e+01     0.4911      5.323      7.720    21.2435 0.0000e+00
      5.432      0.018    10.4802    118.029    115.527 107.103143    20.8800     1.4664     0.1278     0.2538 8.8675e+01     0.3854      5.327      7.726    21.2693 0.0000e+00
      5.436      0.021    10.4712    117.938    115.542 107.167285    20.8800     1.4435     0.1278     0.2538 8.7736e+01     0.3854      5.331      7.732    21.3000 0.0000e+00
      5.442      0.024    10.4624    117.836    115.453 107.150277    21.0600     1.4435     0.0852     0.2538 8.8118e+01     0.5213      5.336      7.740    21.3244 0.0000e+00
      5.448      0.029    10.4553    117.721    115.297 107.007619    21.0600     1.4244     0.0852     0.2538 8.8694e+01     0.4307      5.342      7.748    21.3385 0.0000e+00
      5.455      0.035    10.4472    117.508    115.157 106.735264    21.0600     1.4664     0.0852     0.2538 8.8080e+01     0.3854      5.350      7.759    21.3494 0.0000e+00
      5.464      0.041    10.4346    117.087    115.102 106.370533    21.0600     1.4435     0.0852     0.2538 8.7469e+01     0.3703      5.359      7.772    21.3711 0.0000e+00
      5.476      0.048    10.4198    116.451    115.194 106.006053    21.8700     1.4397     0.0852     0.2538 8.7717e+01     0.4911      5.370      7.788    21.3996 0.0000e+00
      5.489      0.055    10.4093    115.700    115.403 105.714511    21.8700     1.4283     0.0852     0.2538 8.6411e+01     0.4911      5.383      7.807    21.4007 0.0000e+00
      5.505      0.060    10.4028    115.000    115.629 105.494088    21.8700     1.4435     0.0852     0.2538 8.4922e+01     0.4005      5.398      7.829    21.3393 0.0000e+00
      5.522      0.065    10.3929    114.545    115.814 105.315969    21.8700     1.4283     0.0852     0.2538 8.3749e+01     0.4458      5.415      7.853    21.2033 0.0000e+00
      5.539      0.069    10.3755    114.470    115.962 105.180615    21.3300     1.4473     0.0852     0.2538 8.3749e+01     0.4005      5.432      7.879    21.0090 0.0000e+00
      5.558      0.072    10.3510    114.817    116.063 105.073910    21.3300     1.4359     0.0852     0.2538 8.3115e+01     0.3854      5.450      7.905    20.7995 0.0000e+00
      5.576      0.073    10.3261    115.547    116.109 104.971392    21.3300     1.4435     0.0852     0.2538 8.2360e+01     0.3552      5.469      7.931    20.6143 0.0000e+00
      5.595      0.074    10.3158    116.549    116.132 104.873704    21.3300     1.4511     0.0852     0.2538 8.1523e+01     0.3854      5.487      7.959    20.4642 0.0000e+00
      5.615      0.075    10.3332    117.651    116.153 104.774785    21.3300     1.4206     0.0852     0.2538 8.0554e+01     0.4005      5.506      7.986    20.3475 0.0000e+00
      5.634      0.075    10.3822    118.680    116.145 104.628266    22.0500     1.5770     0.0852     0.2961 7.9961e+01     0.4760      5.525      8.014    20.2618 0.0000e+00
      5.653      0.074    10.4614    119.483    116.097 104.391077    22.0500     1.5580     0.0852     0.2961 7.8926e+01     0.4458      5.544      8.041    20.1995 0.0000e+00
      5.672      0.074    10.5629    119.949    116.084 104.099905    22.0500     1.5465     0.0852     0.2961 7.8926e+01     0.4156      5.562      8.068    20.1483 0.0000e+00
      5.691      0.074    10.6736    120.031    116.191 103.846991    22.0500     1.5656     0.0852     0.2961 7.8617e+01     0.3854      5.581      8.094    20.0975 0.0000e+00
      5.709      0.072    10.7798    119.759    116.384 103.674798    24.7500     1.5770     0.0852     0.3384 7.7920e+01     0.4156      5.599      8.120    20.0374 0.0000e+00
      5.728      0.070    10.8707    119.235    116.578 103.569366    24.7500     1.5541     0.0852     0.3384 7.6162e+01     0.4458      5.618      8.147    19.9542 0.0000e+00
      5.747      0.067    10.9391    118.596    116.735 103.514560    24.7500     1.5656     0.0852     0.3384 7.4218e+01     0.3854      5.636      8.174    19.8341 0.0000e+00
      5.765      0.063    10.9791    117.960    116.848 103.491760    24.7500     1.5580     0.0852     0.3384 7.3800e+01     0.3249      5.654      8.200    19.6846 0.0000e+00
      5.781      0.059    10.9864    117.406    116.912 103.474898    25.1100     1.6381     0.0852     0.3807 7.3592e+01     0.3552      5.669      8.222    19.5366 0.0000e+00
      5.794      0.055    10.9644    116.978    116.947 103.447487    25.1100     1.6190     0.0852     0.3807 7.3832e+01     0.3854      5.682      8.242    19.4172 0.0000e+00
      5.807      0.051    10.9239    116.695    116.966 103.398222    25.1100     1.6228     0.0852     0.3807 7.3832e+01     0.3854      5.694      8.259    19.3335 0.0000e+00
      5.819      0.049    10.8767    116.551    116.964 103.307968    25.1100     1.6152     0.0852     0.3807 7.3752e+01     0.3854      5.706      8.276    19.2809 0.0000e+00
      5.830      0.049    10.8326    116.501    116.942 103.158653    25.2000     1.5656     0.0852     0.2961 7.3352e+01     0.2645      5.718      8.293    19.2490 0.0000e+00
      5.842      0.050    10.7985    116.457    116.937 102.962423    25.2000     1.5694     0.0852     0.2961 7.2892e+01     0.2041      5.729      8.310    19.2242 0.0000e+00
      5.855      0.053    10.7786    116.315    116.987 102.748892    25.2000     1.5961     0.0852     0.2961 7.2718e+01     0.2343      5.742      8.328    19.1958 0.0000e+00
      5.869      0.056    10.7736    116.017    117.090 102.531059    25.2000     1.5580     0.0852     0.2961 7.2387e+01     0.1890      5.755      8.347    19.1579 0.0000e+00
