Data/DataNotYetUploadedToEDI/Raw_CTD/RawDownloads/061923_bvr50_S8188004.cnv
* Sea-Bird SBE19plus  Data File:
* FileName = C:\R\Reservoirs\Data\DataNotYetUploadedToEDI\Raw_CTD\RawDownloads\061423_fcr50_S8188_0004.hex
* Software version 2.8.0.119
* Temperature SN = 8188
* Conductivity SN = 8188
* System UpLoad Time = Jun 19 2023 15:52:40
* <ApplicationData>
* <Seaterm232>
# nquan = 16
# nvalues = 2446                        
# units = specified
# name 0 = depFM: Depth [fresh water, m]
# name 1 = dz/dtM: Descent Rate [m/s]
# name 2 = sbeox0Mg/L: Oxygen, SBE 43 [mg/l]
# name 3 = sbeox0PS: Oxygen, SBE 43 [% saturation]
# name 4 = specc: Specific Conductance [uS/cm]
# name 5 = c0uS/cm: Conductivity [uS/cm]
# name 6 = wetCDOM: Fluorescence, WET Labs CDOM [mg/m^3]
# name 7 = flECO-AFL: Fluorescence, WET Labs ECO-AFL/FL [mg/m^3]
# name 8 = flECO-AFL1: Fluorescence, WET Labs ECO-AFL/FL, 2 [mg/m^3]
# name 9 = flECO-AFL2: Fluorescence, WET Labs ECO-AFL/FL, 3 [mg/m^3]
# name 10 = par/sat/log: PAR/Logarithmic, Satlantic
# name 11 = turbWETntu0: Turbidity, WET Labs ECO [NTU]
# name 12 = prdM: Pressure, Strain Gauge [db]
# name 13 = prdE: Pressure, Strain Gauge [psi]
# name 14 = tv290C: Temperature [ITS-90, deg C]
# name 15 = flag:  0.000e+00
# span 0 =     -0.767,      9.400       
# span 1 =     -0.434,      0.130       
# span 2 =     0.0999,     9.4772       
# span 3 =      0.896,    106.715       
# span 4 =      0.732,    109.179       
# span 5 =   0.693053,  73.189819       
# span 6 =    -4.5000,     8.2800       
# span 7 =    -0.2070,    56.0072       
# span 8 =    -2.1300,     0.5538       
# span 9 =    -2.0304,    24.7878       
# span 10 = 1.1590e-01, 1.0272e+03      
# span 11 =    -0.5286,    23.1439      
# span 12 =     -0.752,      9.218      
# span 13 =     -1.091,     13.370      
# span 14 =     8.5145,    22.5197      
# span 15 = 0.0000e+00, 0.0000e+00      
# interval = seconds: 0.25
# start_time = Jun 19 2023 10:24:12 [Instrument's time stamp, header]
# bad_flag = -9.990e-29
*END*
[from data line 1266]
      3.502      0.014     9.0997     97.721     30.308  26.555372     3.6000     1.2159     0.0426     0.1269 4.0023e+01     1.5155      3.435      4.982    18.9153 0.0000e+00
      3.506      0.013     9.0983     97.699     30.313  26.549961     3.6000     1.0137     0.0426     0.1269 3.9892e+01     1.5606      3.439      4.987    18.8829 0.0000e+00
      3.509      0.013     9.0976     97.684     30.324  26.552966     3.6000     1.0480     0.0426     0.1269 3.9910e+01     1.5907      3.442      4.992    18.8532 0.0000e+00
      3.512      0.012     9.0983     97.685     30.335  26.561229     3.6000     1.0060     0.0426     0.1692 4.0066e+01     1.5907      3.445      4.996    18.8270 0.0000e+00
      3.515      0.012     9.0996     97.708     30.344  26.569036     3.6000     1.0251     0.0426     0.1692 4.0110e+01     1.5305      3.447      5.000    18.8047 0.0000e+00
      3.518      0.011     9.1007     97.745     30.357  26.578468     3.6000     1.2120     0.0426     0.1692 4.0040e+01     2.0115      3.450      5.004    18.7877 0.0000e+00
      3.520      0.011     9.1012     97.783     30.367  26.584124     3.6000     1.2235     0.0426     0.1692 4.0040e+01     2.0115      3.452      5.007    18.7779 0.0000e+00
      3.523      0.011     9.1019     97.811     30.374  26.583551     3.6900     1.2159     0.0426     0.2115 3.9875e+01     1.9814      3.455      5.011    18.7748 0.0000e+00
      3.526      0.011     9.1041     97.821     30.381  26.580555     3.6900     1.1968     0.0426     0.2115 3.9832e+01     2.0265      3.458      5.016    18.7744 0.0000e+00
      3.529      0.011     9.1080     97.812     30.386  26.574338     3.6900     1.2044     0.0426     0.2115 3.9642e+01     1.7560      3.461      5.020    18.7721 0.0000e+00
      3.532      0.011     9.1126     97.788     30.397  26.571159     3.6900     1.2044     0.0426     0.2115 3.9642e+01     1.7410      3.464      5.024    18.7661 0.0000e+00
      3.535      0.010     9.1171     97.749     30.414  26.574129     3.6900     1.2082     0.0852     0.1692 3.9702e+01     1.7710      3.467      5.028    18.7558 0.0000e+00
      3.537      0.010     9.1208     97.704     30.431  26.580081     3.6900     1.2235     0.0852     0.1692 3.9633e+01     1.7560      3.469      5.031    18.7411 0.0000e+00
      3.540      0.009     9.1233     97.679     30.441  26.586640     3.6900     1.1586     0.0852     0.1692 3.9625e+01     1.5907      3.471      5.035    18.7227 0.0000e+00
      3.542      0.009     9.1248     97.699     30.434  26.583680     3.6900     1.1510     0.0852     0.1692 3.9427e+01     1.5907      3.474      5.038    18.7025 0.0000e+00
      3.545      0.010     9.1247     97.774     30.415  26.570411     3.6900     1.1510     0.0852     0.1692 3.9401e+01     1.4253      3.476      5.042    18.6830 0.0000e+00
      3.547      0.010     9.1233     97.887     30.393  26.551214     3.6900     1.1548     0.0426     0.2538 3.9642e+01     1.6057      3.478      5.045    18.6687 0.0000e+00
      3.549      0.011     9.1216     98.002     30.374  26.528889     3.6900     1.0747     0.0426     0.2538 3.9728e+01     1.8462      3.480      5.048    18.6649 0.0000e+00
      3.552      0.013     9.1226     98.084     30.370  26.513319     3.6900     1.0976     0.0426     0.2538 3.9607e+01     1.6808      3.483      5.052    18.6699 0.0000e+00
      3.555      0.014     9.1285     98.107     30.378  26.504312     3.6900     1.0785     0.0426     0.2538 3.9599e+01     1.7560      3.486      5.057    18.6757 0.0000e+00
      3.559      0.015     9.1390     98.055     30.392  26.499463     3.6900     1.1014     0.0426     0.2115 3.9685e+01     1.7109      3.490      5.062    18.6758 0.0000e+00
      3.564      0.016     9.1515     97.925     30.413  26.505397     3.6900     1.1052     0.0426     0.2115 3.9496e+01     1.7860      3.495      5.069    18.6665 0.0000e+00
      3.568      0.015     9.1628     97.733     30.436  26.519737     3.6900     1.0976     0.0426     0.2115 3.9043e+01     1.7860      3.499      5.076    18.6468 0.0000e+00
      3.573      0.013     9.1699     97.512     30.450  26.534427     3.6900     1.0747     0.0426     0.2115 3.8496e+01     1.7259      3.504      5.082    18.6198 0.0000e+00
      3.577      0.011     9.1703     97.300     30.462  26.553387     3.6900     1.0862     0.0426     0.1692 3.8722e+01     1.7560      3.507      5.087    18.5920 0.0000e+00
      3.579      0.009     9.1620     97.117     30.480  26.577714     3.6900     1.0938     0.0426     0.1692 3.9069e+01     1.7259      3.510      5.090    18.5713 0.0000e+00
      3.580      0.007     9.1457     96.965     30.494  26.598058     3.6900     1.0938     0.0426     0.1692 3.9282e+01     1.7259      3.511      5.092    18.5623 0.0000e+00
      3.581      0.005     9.1243     96.852     30.496  26.607967     3.6900     1.0976     0.0426     0.1692 3.9154e+01     1.6808      3.512      5.093    18.5665 0.0000e+00
      3.582      0.005     9.1020     96.795     30.485  26.606124     3.6900     1.1014     0.0426     0.1692 3.8882e+01     1.7560      3.513      5.095    18.5798 0.0000e+00
      3.583      0.004     9.0821     96.795     30.470  26.599956     3.6900     1.1548     0.0426     0.1692 3.9001e+01     2.0866      3.514      5.097    18.5945 0.0000e+00
      3.584      0.005     9.0655     96.843     30.461  26.595737     3.6900     1.1548     0.0426     0.1692 3.9273e+01     2.0716      3.515      5.098    18.6077 0.0000e+00
      3.585      0.005     9.0524     96.921     30.451  26.588385     3.6900     1.1319     0.0426     0.1692 3.9307e+01     2.0716      3.516      5.100    18.6212 0.0000e+00
      3.587      0.006     9.0447     97.012     30.438  26.575938     3.6900     1.1586     0.0426     0.1692 3.9256e+01     2.0866      3.518      5.101    18.6344 0.0000e+00
      3.588      0.007     9.0429     97.097     30.427  26.562995     3.6900     1.0709     0.0426     0.2115 3.9333e+01     1.6508      3.519      5.104    18.6446 0.0000e+00
      3.590      0.008     9.0462     97.155     30.420  26.550064     3.6900     1.0671     0.0426     0.2115 3.9496e+01     1.7860      3.521      5.106    18.6506 0.0000e+00
      3.592      0.009     9.0531     97.172     30.416  26.537656     3.6900     1.0938     0.0426     0.2115 3.9333e+01     1.6959      3.523      5.109    18.6530 0.0000e+00
      3.595      0.010     9.0619     97.143     30.421  26.530380     3.6900     1.0709     0.0426     0.2115 3.9120e+01     1.7710      3.526      5.113    18.6512 0.0000e+00
      3.598      0.011     9.0709     97.069     30.435  26.530255     3.6900     1.2311     0.0426     0.2115 3.9094e+01     1.7710      3.528      5.117    18.6452 0.0000e+00
      3.601      0.012     9.0782     96.959     30.452  26.533287     3.6900     1.2006     0.0426     0.2115 3.9513e+01     1.8462      3.531      5.121    18.6350 0.0000e+00
      3.604      0.014     9.0825     96.819     30.463  26.532367     3.6900     1.2082     0.0426     0.2115 3.9461e+01     1.7560      3.534      5.125    18.6199 0.0000e+00
      3.607      0.016     9.0834     96.656     30.468  26.527247     3.6900     1.2159     0.0426     0.2115 3.9316e+01     1.8161      3.537      5.130    18.6007 0.0000e+00
      3.611      0.018     9.0802     96.486     30.471  26.520522     3.6900     1.0747     0.0852     0.2115 3.9273e+01     1.8161      3.541      5.136    18.5805 0.0000e+00
      3.615      0.021     9.0734     96.298     30.474  26.510400     3.6900     1.0823     0.0852     0.2115 3.9239e+01     1.8462      3.546      5.142    18.5615 0.0000e+00
      3.621      0.024     9.0634     96.064     30.481  26.502098     3.6900     1.1052     0.0852     0.2115 3.9128e+01     1.7860      3.551      5.150    18.5447 0.0000e+00
      3.628      0.027     9.0509     95.775     30.497  26.501319     3.6900     1.0785     0.0852     0.2115 3.8899e+01     1.7710      3.558      5.160    18.5292 0.0000e+00
      3.635      0.030     9.0380     95.441     30.514  26.503897     3.6900     1.1586     0.0426     0.2961 3.8605e+01     1.6808      3.565      5.171    18.5130 0.0000e+00
      3.644      0.032     9.0241     95.064     30.531  26.506560     3.6900     1.1434     0.0426     0.2961 3.8446e+01     1.8161      3.574      5.183    18.4928 0.0000e+00
      3.653      0.033     9.0065     94.644     30.543  26.502099     3.6900     1.1281     0.0426     0.2961 3.8179e+01     1.8161      3.582      5.195    18.4687 0.0000e+00
      3.662      0.034     8.9837     94.190     30.540  26.481404     3.6900     1.1434     0.0426     0.2961 3.8055e+01     1.7410      3.591      5.208    18.4453 0.0000e+00
      3.671      0.034     8.9562     93.720     30.531  26.450836     3.6900     1.2921     0.0426     0.2961 3.7873e+01     1.7860      3.599      5.221    18.4247 0.0000e+00
      3.679      0.034     8.9244     93.257     30.529  26.422037     3.6900     1.2845     0.0426     0.1269 3.7685e+01     1.7860      3.608      5.234    18.4047 0.0000e+00
      3.688      0.033     8.8892     92.820     30.541  26.401185     3.6900     1.2654     0.0426     0.1269 3.7497e+01     1.8311      3.617      5.246    18.3812 0.0000e+00
      3.696      0.033     8.8520     92.420     30.565  26.388656     3.6900     1.2807     0.0426     0.1269 3.7472e+01     1.7860      3.625      5.258    18.3512 0.0000e+00
      3.704      0.032     8.8145     92.071     30.596  26.385068     3.6900     1.1510     0.0426     0.1269 3.7537e+01     1.9063      3.633      5.269    18.3137 0.0000e+00
      3.712      0.032     8.7788     91.793     30.629  26.389461     3.7800     1.1510     0.0426     0.2538 3.7497e+01     1.8011      3.640      5.280    18.2693 0.0000e+00
      3.721      0.031     8.7468     91.600     30.648  26.389147     3.7800     1.1434     0.0426     0.2538 3.7221e+01     1.7860      3.648      5.292    18.2187 0.0000e+00
      3.729      0.030     8.7187     91.502     30.648  26.380085     3.7800     1.1930     0.0426     0.2538 3.6915e+01     1.8161      3.657      5.304    18.1649 0.0000e+00
      3.737      0.029     8.6947     91.497     30.645  26.371734     3.7800     1.4600     0.0426     0.2538 3.6659e+01     1.9664      3.664      5.315    18.1146 0.0000e+00
      3.744      0.028     8.6756     91.571     30.644  26.367808     3.7800     1.4638     0.0426     0.1692 3.6651e+01     1.9814      3.672      5.325    18.0748 0.0000e+00
      3.751      0.026     8.6622     91.706     30.645  26.367258     3.7800     1.4600     0.0426     0.1692 3.6699e+01     2.1017      3.678      5.335    18.0482 0.0000e+00
      3.757      0.025     8.6557     91.880     30.648  26.367960     3.7800     1.4562     0.0426     0.1692 3.6603e+01     2.0416      3.684      5.343    18.0326 0.0000e+00
      3.762      0.024     8.6567     92.064     30.650  26.368120     3.7800     1.3570     0.0426     0.1692 3.6579e+01     1.7710      3.689      5.351    18.0239 0.0000e+00
      3.768      0.024     8.6646     92.225     30.655  26.369761     3.7800     1.3227     0.0426     0.2538 3.6540e+01     1.7109      3.695      5.359    18.0189 0.0000e+00
      3.774      0.024     8.6779     92.343     30.661  26.373320     3.7800     1.3265     0.0426     0.2538 3.6413e+01     1.8011      3.701      5.368    18.0161 0.0000e+00
      3.780      0.024     8.6948     92.415     30.661  26.375787     3.7800     1.3532     0.0426     0.2538 3.6223e+01     1.7710      3.707      5.376    18.0140 0.0000e+00
      3.786      0.024     8.7128     92.447     30.656  26.375840     3.7800     1.2960     0.0426     0.2538 3.6019e+01     1.8011      3.713      5.385    18.0106 0.0000e+00
      3.792      0.024     8.7289     92.457     30.650  26.373493     3.7800     1.2731     0.0426     0.2538 3.6176e+01     1.7860      3.719      5.394    18.0058 0.0000e+00
      3.799      0.024     8.7405     92.459     30.644  26.368122     3.7800     1.2578     0.0852     0.0846 3.6098e+01     1.7259      3.725      5.403    18.0036 0.0000e+00
      3.805      0.024     8.7467     92.451     30.642  26.358294     3.7800     1.2845     0.0852     0.0846 3.6004e+01     1.7710      3.731      5.412    18.0071 0.0000e+00
      3.811      0.025     8.7485     92.421     30.643  26.343368     3.7800     1.6355     0.0852     0.0846 3.5824e+01     1.9664      3.737      5.421    18.0140 0.0000e+00
      3.817      0.025     8.7485     92.342     30.650  26.327281     3.7800     1.6469     0.0852     0.0846 3.5661e+01     2.0265      3.743      5.430    18.0196 0.0000e+00
      3.824      0.025     8.7488     92.181     30.663  26.315641     3.7800     1.6431     0.0426     0.2961 3.5607e+01     2.0265      3.750      5.439    18.0185 0.0000e+00
      3.830      0.025     8.7503     91.926     30.675  26.305341     3.7800     1.6393     0.0426     0.2961 3.5475e+01     2.0115      3.756      5.448    18.0059 0.0000e+00
      3.836      0.026     8.7521     91.581     30.676  26.289676     3.7800     1.4638     0.0426     0.2961 3.5314e+01     1.6959      3.762      5.457    17.9800 0.0000e+00
      3.843      0.026     8.7510     91.156     30.675  26.276345     3.7800     1.4295     0.0426     0.2961 3.5062e+01     1.8161      3.769      5.466    17.9445 0.0000e+00
      3.850      0.026     8.7425     90.688     30.684  26.273669     3.7800     1.4371     0.0426     0.2538 3.4910e+01     1.7860      3.775      5.475    17.9066 0.0000e+00
      3.857      0.026     8.7243     90.235     30.697  26.276977     3.7800     1.4714     0.0426     0.2538 3.4623e+01     1.7109      3.782      5.485    17.8731 0.0000e+00
      3.863      0.027     8.6963     89.852     30.704  26.279231     3.7800     1.4981     0.0426     0.2538 3.4442e+01     1.9514      3.788      5.495    17.8465 0.0000e+00
      3.870      0.027     8.6598     89.578     30.700  26.273114     3.7800     1.5248     0.0426     0.2538 3.4130e+01     2.0716      3.795      5.505    17.8254 0.0000e+00
      3.877      0.027     8.6182     89.427     30.697  26.264914     3.7800     1.5248     0.0852     0.2538 3.3982e+01     2.0416      3.802      5.514    17.8086 0.0000e+00
      3.884      0.027     8.5772     89.381     30.708  26.264322     3.7800     1.5172     0.0852     0.2538 3.3834e+01     1.9514      3.808      5.524    17.7969 0.0000e+00
      3.891      0.027     8.5420     89.401     30.719  26.259303     3.7800     1.5058     0.0852     0.2538 3.3498e+01     2.0416      3.815      5.533    17.7904 0.0000e+00
      3.898      0.027     8.5169     89.436     30.721  26.244557     3.7800     1.5020     0.0852     0.2538 3.3215e+01     2.0115      3.822      5.543    17.7858 0.0000e+00
      3.904      0.027     8.5040     89.419     30.728  26.231988     3.7800     1.5248     0.0852     0.2538 3.3078e+01     2.0416      3.829      5.553    17.7771 0.0000e+00
      3.911      0.027     8.5025     89.289     30.740  26.222203     3.7800     1.5096     0.0426     0.2538 3.2949e+01     1.9514      3.836      5.563    17.7605 0.0000e+00
      3.918      0.027     8.5085     89.007     30.751  26.208634     3.7800     1.5058     0.0426     0.2538 3.2928e+01     1.9965      3.842      5.573    17.7370 0.0000e+00
      3.925      0.027     8.5167     88.550     30.762  26.191621     3.7800     1.5210     0.0426     0.2538 3.2728e+01     2.0115      3.849      5.583    17.7098 0.0000e+00
      3.932      0.027     8.5202     87.918     30.781  26.178502     3.7800     1.5096     0.0426     0.2538 3.2501e+01     2.0115      3.856      5.593    17.6803 0.0000e+00
      3.939      0.026     8.5135     87.134     30.808  26.173697     3.8700     1.5134     0.0852     0.2538 3.2353e+01     2.0115      3.863      5.603    17.6476 0.0000e+00
