Data/DataNotYetUploadedToEDI/Raw_CTD/RawDownloads/061924_ccr88_S8188009.cnv
* Sea-Bird SBE19plus  Data File:
* FileName = C:\R\Reservoirs\Data\DataNotYetUploadedToEDI\Raw_CTD\RawDownloads\060324_bvr50_S78188_0009.hex
* Software version 2.8.0.119
* Temperature SN = 8188
* Conductivity SN = 8188
* System UpLoad Time = Jun 20 2024 16:52:47
* <ApplicationData>
* <Seaterm232>
# nquan = 16
# nvalues = 2215                        
# units = specified
# name 0 = depFM: Depth [fresh water, m]
# name 1 = dz/dtM: Descent Rate [m/s]
# name 2 = sbeox0Mg/L: Oxygen, SBE 43 [mg/l]
# name 3 = sbeox0PS: Oxygen, SBE 43 [% saturation]
# name 4 = specc: Specific Conductance [uS/cm]
# name 5 = c0uS/cm: Conductivity [uS/cm]
# name 6 = wetCDOM: Fluorescence, WET Labs CDOM [mg/m^3]
# name 7 = flECO-AFL: Fluorescence, WET Labs ECO-AFL/FL [mg/m^3]
# name 8 = flECO-AFL1: Fluorescence, WET Labs ECO-AFL/FL, 2 [mg/m^3]
# name 9 = flECO-AFL2: Fluorescence, WET Labs ECO-AFL/FL, 3 [mg/m^3]
# name 10 = par/sat/log: PAR/Logarithmic, Satlantic
# name 11 = turbWETntu0: Turbidity, WET Labs ECO [NTU]
# name 12 = prdM: Pressure, Strain Gauge [db]
# name 13 = prdE: Pressure, Strain Gauge [psi]
# name 14 = tv290C: Temperature [ITS-90, deg C]
# name 15 = flag:  0.000e+00
# span 0 =     -0.333,     12.755       
# span 1 =     -0.327,      0.184       
# span 2 =     1.8090,    10.0285       
# span 3 =     16.452,    121.496       
# span 4 =   -688.568,    128.552       
# span 5 =-491.947129, 118.594080       
# span 6 =    -4.5000,    30.5100       
# span 7 =    -2.4857,     7.2801       
# span 8 =    -2.1300,     2.9394       
# span 9 =    -7.3179,     5.7951       
# span 10 = 3.1711e-01, 2.6326e+03      
# span 11 =   -12.1530,   970.9132      
# span 12 =     -0.327,     12.508      
# span 13 =     -0.475,     18.142      
# span 14 =    10.6821,    26.1994      
# span 15 = 0.0000e+00, 0.0000e+00      
# interval = seconds: 0.25
# start_time = Jun 19 2024 06:42:41 [Instrument's time stamp, header]
# bad_flag = -9.990e-29
*END*
[from data line 543]
      3.333      0.031     8.0363     99.117    114.563 116.948578    14.0400     0.3601     0.0426     0.0846 2.9936e+02     0.0379      3.268      4.741    26.0394 0.0000e+00
      3.341      0.032     8.0338     99.152    114.512 116.891478    14.0400     0.3525     0.0426     0.0846 2.9241e+02    -0.0678      3.277      4.752    26.0388 0.0000e+00
      3.349      0.032     8.0322     99.180    114.491 116.865373    14.0400     0.3449     0.0426     0.0846 2.8976e+02    -0.0376      3.285      4.764    26.0379 0.0000e+00
      3.357      0.033     8.0321     99.191    114.530 116.899303    14.0400     0.3487     0.0426     0.0846 2.9761e+02    -0.0527      3.293      4.776    26.0366 0.0000e+00
      3.366      0.033     8.0341     99.187    114.600 116.966314    14.1300     0.3449     0.0426     0.1269 2.8938e+02     0.0228      3.301      4.787    26.0349 0.0000e+00
      3.374      0.034     8.0371     99.164    114.645 117.008277    14.1300     0.3525     0.0426     0.1269 2.9140e+02    -0.0678      3.309      4.799    26.0329 0.0000e+00
      3.383      0.034     8.0398     99.119    114.644 117.002382    14.1300     0.3296     0.0426     0.1269 2.8794e+02    -0.0376      3.318      4.812    26.0307 0.0000e+00
      3.392      0.035     8.0410     99.063    114.631 116.983056    14.1300     0.3601     0.0426     0.1269 2.8982e+02     0.0228      3.326      4.825    26.0283 0.0000e+00
      3.401      0.035     8.0410     99.009    114.633 116.977145    14.1300     0.4021     0.0426     0.1269 2.9032e+02     0.1890      3.335      4.838    26.0262 0.0000e+00
      3.410      0.036     8.0394     98.946    114.629 116.963074    14.1300     0.4021     0.0426     0.1692 2.8193e+02     0.1588      3.344      4.850    26.0243 0.0000e+00
      3.419      0.036     8.0360     98.865    114.604 116.925090    14.1300     0.4440     0.0426     0.1692 2.8193e+02     0.2192      3.353      4.863    26.0224 0.0000e+00
      3.428      0.036     8.0319     98.766    114.577 116.885062    14.1300     0.4250     0.0426     0.1692 2.8551e+02     0.2796      3.362      4.876    26.0198 0.0000e+00
      3.438      0.035     8.0279     98.643    114.574 116.872314    14.1300     0.4250     0.0426     0.1692 2.8150e+02     0.3552      3.371      4.890    26.0164 0.0000e+00
      3.447      0.034     8.0235     98.500    114.584 116.875448    14.0400     0.4059     0.0426     0.1692 2.7913e+02     0.5062      3.381      4.903    26.0118 0.0000e+00
      3.456      0.033     8.0177     98.353    114.572 116.859299    14.0400     0.4288     0.0426     0.1692 2.7876e+02     0.4005      3.389      4.916    26.0065 0.0000e+00
      3.464      0.032     8.0105     98.225    114.546 116.827560    14.0400     0.4212     0.0426     0.1692 2.7919e+02     0.5213      3.397      4.928    26.0010 0.0000e+00
      3.472      0.030     8.0012     98.135    114.535 116.809768    14.0400     0.4364     0.0426     0.1692 2.7683e+02     0.2645      3.405      4.938    25.9965 0.0000e+00
      3.479      0.029     7.9900     98.090    114.550 116.815179    14.2200     0.4097     0.0426     0.0846 2.8022e+02     0.1286      3.411      4.948    25.9936 0.0000e+00
      3.486      0.028     7.9783     98.076    114.578 116.835233    14.2200     0.3906     0.0426     0.0846 2.7659e+02     0.1437      3.418      4.958    25.9919 0.0000e+00
      3.493      0.027     7.9682     98.084    114.595 116.845278    14.2200     0.4288     0.0426     0.0846 2.7593e+02     0.1890      3.425      4.968    25.9899 0.0000e+00
      3.500      0.028     7.9614     98.122    114.569 116.811993    14.2200     0.4593     0.0426     0.0846 2.7569e+02     0.1890      3.432      4.978    25.9866 0.0000e+00
      3.507      0.028     7.9583     98.199    114.514 116.748502    14.2200     0.4860     0.0426     0.1269 2.7426e+02     0.2041      3.439      4.988    25.9826 0.0000e+00
      3.514      0.029     7.9578     98.304    114.479 116.701872    14.2200     0.4975     0.0426     0.1269 2.7390e+02     0.2041      3.446      4.998    25.9787 0.0000e+00
      3.521      0.030     7.9589     98.414    114.472 116.683670    14.2200     0.4708     0.0426     0.1269 2.7774e+02     0.2192      3.453      5.008    25.9756 0.0000e+00
      3.529      0.032     7.9624     98.502    114.476 116.675040    14.2200     0.4860     0.0426     0.1269 2.7041e+02     0.2796      3.460      5.019    25.9728 0.0000e+00
      3.537      0.033     7.9691     98.562    114.476 116.657680    14.2200     0.4936     0.0426     0.1269 2.7018e+02     0.1437      3.469      5.031    25.9693 0.0000e+00
      3.546      0.034     7.9783     98.604    114.450 116.610962    14.3100     0.5089     0.0426     0.1692 2.6965e+02     0.0681      3.478      5.043    25.9648 0.0000e+00
      3.555      0.035     7.9880     98.637    114.410 116.548426    14.3100     0.4860     0.0426     0.1692 2.7402e+02     0.2192      3.486      5.056    25.9597 0.0000e+00
      3.564      0.035     7.9960     98.680    114.384 116.503392    14.3100     0.4708     0.0426     0.1692 2.6288e+02     0.2343      3.495      5.069    25.9540 0.0000e+00
      3.573      0.036     8.0019     98.762    114.372 116.475851    14.3100     0.4860     0.0426     0.1692 2.6854e+02     0.1890      3.504      5.082    25.9468 0.0000e+00
      3.582      0.036     8.0066     98.904    114.370 116.462458    14.3100     0.5013     0.0852     0.1269 2.6743e+02     0.2343      3.513      5.095    25.9378 0.0000e+00
      3.591      0.036     8.0106     99.100    114.375 116.459639    14.3100     0.4746     0.0852     0.1269 2.6587e+02     0.2494      3.522      5.108    25.9283 0.0000e+00
      3.600      0.036     8.0153     99.322    114.362 116.442643    14.3100     0.4708     0.0852     0.1269 2.6089e+02     0.1437      3.531      5.121    25.9201 0.0000e+00
      3.610      0.036     8.0229     99.541    114.329 116.406939    14.3100     0.4708     0.0852     0.1269 2.6282e+02     0.1588      3.540      5.134    25.9136 0.0000e+00
      3.619      0.035     8.0352     99.734    114.305 116.379005    14.3100     0.4936     0.0426     0.1692 2.6026e+02     0.2343      3.549      5.147    25.9085 0.0000e+00
      3.628      0.035     8.0517     99.880    114.311 116.375392    14.3100     0.4669     0.0426     0.1692 2.6077e+02     0.2041      3.558      5.160    25.9049 0.0000e+00
      3.636      0.035     8.0699     99.967    114.331 116.379137    14.3100     0.4784     0.0426     0.1692 2.5528e+02     0.1588      3.566      5.172    25.9033 0.0000e+00
      3.645      0.034     8.0878     99.999    114.336 116.363237    14.3100     0.4936     0.0426     0.1692 2.5807e+02     0.2041      3.575      5.185    25.9026 0.0000e+00
      3.654      0.033     8.1038    100.002    114.328 116.331452    14.4000     0.4784     0.0852     0.2538 2.5925e+02     0.2645      3.583      5.197    25.9010 0.0000e+00
      3.663      0.032     8.1163    100.011    114.316 116.299302    14.4000     0.5013     0.0852     0.2538 2.5762e+02     0.1286      3.592      5.209    25.8969 0.0000e+00
      3.671      0.030     8.1244    100.046    114.301 116.266215    14.4000     0.4631     0.0852     0.2538 2.5595e+02    -0.0678      3.600      5.221    25.8898 0.0000e+00
      3.678      0.029     8.1284    100.109    114.277 116.223365    14.4000     0.4936     0.0852     0.2538 2.5384e+02    -0.0527      3.607      5.231    25.8803 0.0000e+00
      3.685      0.028     8.1301    100.182    114.253 116.177325    14.4000     0.4860     0.0852     0.2538 2.5197e+02    -0.1131      3.614      5.241    25.8702 0.0000e+00
      3.692      0.026     8.1321    100.242    114.244 116.143815    14.4900     0.4898     0.0426     0.1692 2.5650e+02    -0.0376      3.620      5.251    25.8612 0.0000e+00
      3.698      0.026     8.1361    100.286    114.252 116.127899    14.4900     0.5356     0.0426     0.1692 2.4914e+02    -0.0376      3.626      5.260    25.8534 0.0000e+00
      3.704      0.025     8.1424    100.334    114.269 116.127329    14.4900     0.5127     0.0426     0.1692 2.5484e+02    -0.1736      3.633      5.269    25.8453 0.0000e+00
      3.710      0.025     8.1498    100.399    114.287 116.135952    14.4900     0.5661     0.0426     0.1692 2.5055e+02    -0.0829      3.639      5.277    25.8358 0.0000e+00
      3.717      0.026     8.1563    100.475    114.305 116.152069    14.4900     0.5165     0.0426     0.0846 2.5428e+02     0.0077      3.645      5.286    25.8252 0.0000e+00
      3.723      0.026     8.1614    100.550    114.324 116.173976    14.4900     0.4784     0.0426     0.0846 2.4758e+02    -0.0376      3.651      5.296    25.8150 0.0000e+00
      3.730      0.027     8.1665    100.615    114.323 116.177517    14.4900     0.4822     0.0426     0.0846 2.5104e+02    -0.1131      3.658      5.305    25.8071 0.0000e+00
      3.737      0.028     8.1724    100.660    114.283 116.139639    14.4900     0.4822     0.0426     0.0846 2.5225e+02    -0.0829      3.665      5.315    25.8028 0.0000e+00
      3.744      0.029     8.1787    100.673    114.237 116.092239    14.5800     0.4555     0.0426     0.2538 2.4968e+02    -0.0980      3.672      5.326    25.8017 0.0000e+00
      3.752      0.030     8.1847    100.652    114.213 116.064675    14.5800     0.4784     0.0426     0.2538 2.4677e+02    -0.0376      3.680      5.337    25.8029 0.0000e+00
      3.760      0.031     8.1897    100.606    114.200 116.041598    14.5800     0.4936     0.0426     0.2538 2.5044e+02    -0.1434      3.687      5.348    25.8048 0.0000e+00
      3.768      0.031     8.1932    100.546    114.185 116.010855    14.5800     0.4631     0.0426     0.2538 2.4629e+02    -0.0829      3.695      5.360    25.8059 0.0000e+00
      3.776      0.032     8.1942    100.482    114.166 115.970245    14.5800     0.4822     0.0426     0.2538 2.4432e+02    -0.0376      3.704      5.372    25.8058 0.0000e+00
      3.785      0.032     8.1928    100.420    114.148 115.928937    14.7600     0.5394     0.0426     0.1269 2.4607e+02    -0.0074      3.712      5.383    25.8043 0.0000e+00
      3.793      0.033     8.1896    100.362    114.155 115.911913    14.7600     0.5203     0.0426     0.1269 2.4394e+02    -0.0074      3.720      5.395    25.8003 0.0000e+00
      3.801      0.034     8.1857    100.314    114.195 115.930631    14.7600     0.5394     0.0426     0.1269 2.4656e+02    -0.0678      3.728      5.406    25.7935 0.0000e+00
      3.809      0.035     8.1819    100.285    114.236 115.954082    14.7600     0.5432     0.0426     0.1269 2.4141e+02    -0.0678      3.736      5.418    25.7843 0.0000e+00
      3.818      0.036     8.1784    100.274    114.242 115.944521    14.7600     0.5585     0.0852     0.2115 2.4310e+02    -0.0225      3.745      5.431    25.7739 0.0000e+00
      3.828      0.039     8.1752    100.277    114.203 115.887399    14.7600     0.5318     0.0852     0.2115 2.4063e+02    -0.0678      3.754      5.444    25.7635 0.0000e+00
      3.838      0.042     8.1728    100.285    114.128 115.787483    14.7600     0.5509     0.0852     0.2115 2.4089e+02    -0.0074      3.763      5.458    25.7539 0.0000e+00
      3.848      0.045     8.1716    100.290    114.056 115.684125    14.7600     0.5432     0.0852     0.2115 2.4063e+02    -0.0074      3.774      5.474    25.7459 0.0000e+00
      3.860      0.048     8.1718    100.284    114.030 115.621755    14.6700     0.5585     0.0426     0.1692 2.4058e+02     0.0228      3.785      5.490    25.7389 0.0000e+00
      3.873      0.051     8.1731    100.252    114.043 115.595740    14.6700     0.5203     0.0426     0.1692 2.3628e+02     0.1890      3.798      5.508    25.7311 0.0000e+00
      3.887      0.053     8.1753    100.183    114.044 115.563142    14.6700     0.5699     0.0426     0.1692 2.3505e+02     0.1134      3.812      5.528    25.7209 0.0000e+00
      3.902      0.054     8.1777    100.086    114.024 115.519265    14.6700     0.5165     0.0426     0.1692 2.3190e+02     0.2041      3.826      5.550    25.7077 0.0000e+00
      3.917      0.054     8.1796     99.983    114.023 115.500403    14.5800     0.5394     0.0852     0.0846 2.2588e+02     0.2192      3.841      5.571    25.6918 0.0000e+00
      3.931      0.052     8.1795     99.896    114.058 115.519527    14.5800     0.5966     0.0852     0.0846 2.2687e+02     0.5364      3.855      5.591    25.6749 0.0000e+00
      3.944      0.050     8.1760     99.830    114.108 115.555738    14.5800     0.5890     0.0852     0.0846 2.2979e+02     0.4156      3.868      5.610    25.6601 0.0000e+00
      3.956      0.047     8.1697     99.782    114.143 115.578693    14.5800     0.5814     0.0852     0.0846 2.2378e+02     0.4156      3.880      5.627    25.6494 0.0000e+00
      3.968      0.044     8.1625     99.740    114.158 115.584514    14.5800     0.5776     0.0852     0.0846 2.2373e+02     0.4156      3.891      5.643    25.6415 0.0000e+00
      3.979      0.041     8.1564     99.702    114.158 115.578752    14.9400     0.6005     0.0426     0.1269 2.2045e+02     0.5515      3.901      5.659    25.6346 0.0000e+00
      3.989      0.038     8.1520     99.665    114.147 115.563870    14.9400     0.5928     0.0426     0.1269 2.1993e+02     0.5213      3.911      5.673    25.6282 0.0000e+00
      3.998      0.035     8.1489     99.621    114.134 115.547900    14.9400     0.6043     0.0426     0.1269 2.1741e+02     0.4458      3.921      5.687    25.6227 0.0000e+00
      4.007      0.032     8.1461     99.569    114.128 115.536581    14.9400     0.5852     0.0426     0.1269 2.2127e+02     0.3854      3.929      5.699    25.6187 0.0000e+00
      4.014      0.029     8.1434     99.530    114.122 115.524896    15.0300     0.5852     0.0852     0.1269 2.1954e+02     0.2041      3.937      5.710    25.6160 0.0000e+00
      4.021      0.027     8.1406     99.521    114.101 115.495730    15.0300     0.5699     0.0852     0.1269 2.2117e+02     0.1890      3.944      5.720    25.6144 0.0000e+00
      4.027      0.026     8.1372     99.543    114.073 115.453303    15.0300     0.5966     0.0852     0.1269 2.1935e+02     0.1588      3.950      5.729    25.6131 0.0000e+00
      4.033      0.026     8.1333     99.578    114.064 115.418302    15.0300     0.5585     0.0852     0.1269 2.2194e+02     0.1134      3.956      5.737    25.6111 0.0000e+00
      4.039      0.026     8.1304     99.598    114.074 115.391389    15.1200     0.5738     0.0426     0.2115 2.1793e+02     0.2343      3.961      5.745    25.6085 0.0000e+00
      4.045      0.027     8.1302     99.590    114.095 115.373384    15.1200     0.5928     0.0426     0.2115 2.2050e+02     0.3249      3.967      5.754    25.6050 0.0000e+00
      4.053      0.029     8.1329     99.561    114.108 115.357483    15.1200     0.5890     0.0426     0.2115 2.1703e+02     0.2192      3.975      5.764    25.5988 0.0000e+00
      4.061      0.031     8.1375     99.522    114.069 115.299446    15.1200     0.5699     0.0426     0.2115 2.1149e+02     0.2494      3.982      5.776    25.5874 0.0000e+00
      4.069      0.033     8.1415     99.482    113.993 115.207796    15.1200     0.6386     0.0426     0.2115 2.1375e+02     0.1437      3.991      5.788    25.5712 0.0000e+00
      4.078      0.035     8.1434     99.443    113.944 115.138086    15.1200     0.6310     0.0426     0.1269 2.1361e+02     0.1739      3.999      5.800    25.5543 0.0000e+00
      4.086      0.037     8.1430     99.404    113.937 115.101725    15.1200     0.6806     0.0426     0.1269 2.1287e+02     0.1890      4.007      5.812    25.5412 0.0000e+00
      4.096      0.039     8.1410     99.361    113.966 115.093015    15.1200     0.6348     0.0426     0.1269 2.1273e+02     0.3098      4.016      5.825    25.5333 0.0000e+00
