Data/DataNotYetUploadedToEDI/Raw_CTD/RawDownloads/061923_fcr50_S8188005.cnv
* Sea-Bird SBE19plus  Data File:
* FileName = C:\R\Reservoirs\Data\DataNotYetUploadedToEDI\Raw_CTD\RawDownloads\061423_fcr50_S8188_0005.hex
* Software version 2.8.0.119
* Temperature SN = 8188
* Conductivity SN = 8188
* System UpLoad Time = Jun 19 2023 15:53:00
* <ApplicationData>
* <Seaterm232>
# nquan = 16
# nvalues = 1350                        
# units = specified
# name 0 = depFM: Depth [fresh water, m]
# name 1 = dz/dtM: Descent Rate [m/s]
# name 2 = sbeox0Mg/L: Oxygen, SBE 43 [mg/l]
# name 3 = sbeox0PS: Oxygen, SBE 43 [% saturation]
# name 4 = specc: Specific Conductance [uS/cm]
# name 5 = c0uS/cm: Conductivity [uS/cm]
# name 6 = wetCDOM: Fluorescence, WET Labs CDOM [mg/m^3]
# name 7 = flECO-AFL: Fluorescence, WET Labs ECO-AFL/FL [mg/m^3]
# name 8 = flECO-AFL1: Fluorescence, WET Labs ECO-AFL/FL, 2 [mg/m^3]
# name 9 = flECO-AFL2: Fluorescence, WET Labs ECO-AFL/FL, 3 [mg/m^3]
# name 10 = par/sat/log: PAR/Logarithmic, Satlantic
# name 11 = turbWETntu0: Turbidity, WET Labs ECO [NTU]
# name 12 = prdM: Pressure, Strain Gauge [db]
# name 13 = prdE: Pressure, Strain Gauge [psi]
# name 14 = tv290C: Temperature [ITS-90, deg C]
# name 15 = flag:  0.000e+00
# span 0 =     -0.671,      9.421       
# span 1 =     -0.320,      0.168       
# span 2 =     1.1581,    14.9176       
# span 3 =     11.007,    173.960       
# span 4 =      0.908,     63.302       
# span 5 =   0.883518,  45.423471       
# span 6 =    -4.5000,    27.5400       
# span 7 =    -0.2070,     3.1423       
# span 8 =    -2.1300,     1.5336       
# span 9 =    -2.0304,    15.6933       
# span 10 = 1.1582e-01, 7.3602e+02      
# span 11 =    -0.4835,   127.7837      
# span 12 =     -0.658,      9.239      
# span 13 =     -0.954,     13.400      
# span 14 =    10.4302,    23.8329      
# span 15 = 0.0000e+00, 0.0000e+00      
# interval = seconds: 0.25
# start_time = Jun 19 2023 12:18:17 [Instrument's time stamp, header]
# bad_flag = -9.990e-29
*END*
[from data line 181]
      0.377      0.037    11.9611    125.782     43.895  41.359953     6.2100     3.1385     0.2982    15.6933 9.1117e+01    15.4785      0.369      0.535    22.2688 0.0000e+00
      0.385      0.035    11.6311    124.819     43.810  41.185842     6.2100     3.1156     0.2982    15.6933 9.1018e+01    15.3583      0.377      0.547    22.2352 0.0000e+00
      0.393      0.034    11.3440    124.853     43.778  41.057524     6.1200     3.1232     0.2556    14.3397 8.7641e+01    15.4935      0.385      0.559    22.2166 0.0000e+00
      0.402      0.033    11.1199    125.849     43.724  40.917001     6.1200     3.1270     0.2556    14.3397 8.2217e+01    14.9374      0.394      0.572    22.1811 0.0000e+00
      0.411      0.033    10.9734    127.554     43.634  40.748589     6.1200     3.1232     0.2556    14.3397 8.0362e+01    14.9675      0.402      0.584    22.1058 0.0000e+00
      0.419      0.033    10.9125    129.604     43.577  40.606426     6.1200     3.1423     0.2556    14.3397 7.9875e+01    14.8773      0.410      0.596    21.9986 0.0000e+00
      0.427      0.033    10.9397    131.711     43.596  40.531840     6.0300     3.1118     0.2982    13.9590 7.9996e+01    14.9224      0.418      0.607    21.8862 0.0000e+00
      0.435      0.033    11.0494    133.722     43.687  40.530689     6.0300     3.0660     0.2982    13.9590 7.7633e+01    16.3653      0.426      0.618    21.7840 0.0000e+00
      0.443      0.034    11.2206    135.575     43.797  40.563039     6.0300     3.0736     0.2982    13.9590 7.3896e+01    16.3803      0.434      0.630    21.6872 0.0000e+00
      0.452      0.035    11.4236    137.229     43.848  40.560256     6.0300     3.0584     0.2982    13.9590 7.1046e+01    16.5156      0.443      0.643    21.5861 0.0000e+00
      0.461      0.037    11.6329    138.603     43.839  40.509712     5.6700     3.0546     0.2982    13.4091 7.1635e+01    16.4254      0.451      0.655    21.4811 0.0000e+00
      0.469      0.041    11.8330    139.622     43.802  40.433585     5.6700     2.9516     0.2982    13.4091 7.3928e+01    14.9374      0.460      0.668    21.3823 0.0000e+00
      0.479      0.045    12.0151    140.318     43.723  40.321479     5.6700     2.9554     0.2982    13.4091 7.2528e+01    14.8773      0.470      0.682    21.3030 0.0000e+00
      0.491      0.051    12.1749    140.816     43.564  40.139535     5.6700     2.9439     0.2982    13.4091 6.9263e+01    14.9524      0.481      0.698    21.2454 0.0000e+00
      0.504      0.058    12.3080    141.190     43.284  39.847158     5.6700     2.9325     0.2556    13.3668 6.4442e+01    14.8923      0.494      0.717    21.1969 0.0000e+00
      0.519      0.066    12.4097    141.404     42.875  39.431750     5.6700     2.9287     0.2556    13.3668 6.4596e+01    14.4565      0.509      0.739    21.1490 0.0000e+00
      0.537      0.076    12.4825    141.330     42.353  38.899414     5.6700     2.9516     0.2556    13.3668 6.3538e+01    14.5917      0.526      0.763    21.1032 0.0000e+00
      0.557      0.087    12.5367    140.778     41.739  38.264680     5.6700     2.9478     0.2556    13.3668 5.9322e+01    14.5767      0.546      0.792    21.0614 0.0000e+00
      0.580      0.098    12.5796    139.550     41.119  37.605886     5.6700     2.9439     0.2556    13.3668 5.3632e+01    14.5166      0.569      0.825    21.0212 0.0000e+00
      0.606      0.109    12.6098    137.460     40.569  36.998905     5.7600     2.3450     0.2556    13.3668 5.0149e+01    11.8562      0.595      0.862    20.9743 0.0000e+00
      0.636      0.119    12.6182    134.333     40.099  36.460131     5.7600     2.3221     0.2556    13.3668 4.3345e+01    11.9614      0.624      0.905    20.9107 0.0000e+00
      0.669      0.127    12.5895    130.047     39.716  36.000373     5.7600     2.3183     0.2556    13.3668 3.7253e+01    11.9765      0.656      0.952    20.8239 0.0000e+00
      0.704      0.132    12.5057    124.607     39.444  35.645564     5.7600     2.3641     0.2556    13.3668 3.1207e+01    11.8562      0.691      1.001    20.7135 0.0000e+00
      0.740      0.134    12.3480    118.187     39.287  35.406051     5.2200     1.5859     0.2130    10.0674 2.6187e+01     4.5516      0.726      1.053    20.5855 0.0000e+00
      0.776      0.132    12.0984    111.105     39.215  35.259549     5.2200     1.5897     0.2130    10.0674 2.1804e+01     4.5666      0.762      1.105    20.4484 0.0000e+00
      0.811      0.127    11.7433    103.795     39.190  35.174909     5.2200     1.5935     0.2130    10.0674 1.8417e+01     4.4915      0.796      1.154    20.3090 0.0000e+00
      0.844      0.120    11.2812     96.745     39.199  35.137481     5.2200     1.5783     0.2130    10.0674 1.6997e+01     4.5366      0.828      1.200    20.1738 0.0000e+00
      0.873      0.113    10.7256     90.446     39.235  35.141242     4.4100     1.5859     0.1278     3.4686 1.6513e+01     3.2440      0.856      1.242    20.0513 0.0000e+00
      0.900      0.107    10.1036     85.335     39.247  35.137683     4.4100     1.5859     0.1278     3.4686 1.6556e+01     3.1087      0.882      1.279    19.9492 0.0000e+00
      0.924      0.105     9.4543     81.713     39.189  35.074362     4.4100     1.5783     0.1278     3.4686 1.6137e+01     3.0786      0.906      1.315    19.8702 0.0000e+00
      0.949      0.106     8.8231     79.669     39.088  34.962124     4.4100     1.6011     0.1278     3.4686 1.5987e+01     3.0636      0.930      1.349    19.8138 0.0000e+00
      0.974      0.112     8.2557     79.056     38.984  34.822531     4.4100     1.7003     0.1278     3.4686 1.5863e+01     2.7931      0.955      1.385    19.7779 0.0000e+00
      1.002      0.121     7.7931     79.479     38.887  34.657968     4.3200     1.7156     0.0852     2.5803 1.5221e+01     2.7179      0.982      1.424    19.7588 0.0000e+00
      1.033      0.133     7.4654     80.327     38.811  34.476040     4.3200     1.7003     0.0852     2.5803 1.4146e+01     2.7480      1.013      1.469    19.7447 0.0000e+00
      1.069      0.145     7.2834     80.883     38.753  34.277739     4.3200     1.7232     0.0852     2.5803 1.1760e+01     2.7931      1.048      1.519    19.7162 0.0000e+00
      1.108      0.155     7.2363     80.487     38.704  34.063648     4.3200     1.8377     0.0852     2.5803 9.8367e+00     1.5305      1.087      1.576    19.6567 0.0000e+00
      1.151      0.163     7.2898     78.671     38.670  33.855883     4.2300     1.8110     0.0852     1.9881 7.9362e+00     1.4854      1.129      1.637    19.5562 0.0000e+00
      1.196      0.167     7.3886     75.271     38.641  33.660423     4.2300     1.8453     0.0852     1.9881 6.5052e+00     1.3802      1.173      1.701    19.4096 0.0000e+00
      1.241      0.168     7.4668     70.453     38.588  33.458804     4.2300     1.8262     0.0852     1.9881 5.8469e+00     1.5305      1.217      1.765    19.2193 0.0000e+00
      1.284      0.167     7.4611     64.650     38.515  33.252703     4.2300     1.2731     0.0852     1.9881 5.5257e+00     0.7490      1.260      1.827    18.9989 0.0000e+00
      1.326      0.164     7.3240     58.440     38.453  33.066368     4.1400     1.2693     0.0852     0.6345 5.2381e+00     0.7490      1.301      1.886    18.7695 0.0000e+00
      1.367      0.160     7.0361     52.426     38.424  32.921396     4.1400     1.2807     0.0852     0.6345 4.8429e+00     0.7941      1.341      1.944    18.5496 0.0000e+00
      1.407      0.155     6.6104     47.126     38.422  32.814765     4.1400     1.2693     0.0852     0.6345 4.4214e+00     0.7339      1.380      2.001    18.3475 0.0000e+00
      1.447      0.149     6.0871     42.884     38.415  32.723980     4.1400     1.0785     0.0852     0.6345 4.1262e+00     0.5836      1.419      2.058    18.1622 0.0000e+00
      1.486      0.143     5.5209     39.838     38.387  32.632747     4.2300     1.0671     0.0426     0.3807 3.8700e+00     0.5085      1.457      2.113    17.9906 0.0000e+00
      1.522      0.137     4.9686     37.936     38.349  32.542480     4.2300     1.0823     0.0426     0.3807 3.7054e+00     0.5536      1.492      2.164    17.8342 0.0000e+00
      1.555      0.131     4.4796     37.007     38.314  32.458809     4.2300     1.1205     0.0426     0.3807 3.7934e+00     0.4183      1.525      2.211    17.6985 0.0000e+00
      1.586      0.125     4.0871     36.843     38.282  32.379225     4.2300     1.0213     0.0426     0.3807 3.6974e+00     0.5235      1.555      2.256    17.5881 0.0000e+00
      1.616      0.120     3.8053     37.233     38.252  32.302303     4.2300     1.0442     0.0426     0.3807 3.5263e+00     0.6137      1.585      2.299    17.5000 0.0000e+00
      1.647      0.115     3.6307     37.961     38.231  32.233274     4.2300     1.0251     0.0852     0.2961 3.3138e+00     0.5536      1.615      2.342    17.4246 0.0000e+00
      1.677      0.110     3.5482     38.827     38.236  32.185411     4.2300     1.0404     0.0852     0.2961 3.1832e+00     0.4784      1.644      2.385    17.3540 0.0000e+00
      1.705      0.103     3.5384     39.676     38.272  32.167729     4.2300     0.8306     0.0852     0.2961 3.1027e+00     0.7189      1.672      2.425    17.2858 0.0000e+00
      1.732      0.095     3.5815     40.407     38.324  32.175512     4.2300     0.8649     0.0852     0.2961 3.0281e+00     0.7039      1.698      2.463    17.2190 0.0000e+00
      1.756      0.085     3.6571     40.965     38.380  32.202911     4.2300     0.8344     0.0852     0.2961 2.9791e+00     0.8091      1.722      2.497    17.1519 0.0000e+00
      1.777      0.075     3.7459     41.350     38.428  32.241390     4.2300     0.8687     0.0852     0.2961 2.9418e+00     0.7189      1.742      2.527    17.0845 0.0000e+00
      1.794      0.064     3.8329     41.622     38.456  32.279430     4.2300     0.8000     0.0852     0.2961 2.9431e+00     0.6738      1.759      2.551    17.0220 0.0000e+00
      1.808      0.055     3.9073     41.892     38.466  32.311332     4.2300     0.7733     0.0852     0.2961 2.9208e+00     0.8391      1.773      2.571    16.9743 0.0000e+00
      1.819      0.046     3.9632     42.284     38.458  32.331744     4.1400     0.7810     0.0426     0.2115 2.9005e+00     0.7490      1.784      2.588    16.9487 0.0000e+00
      1.829      0.040     4.0005     42.895     38.432  32.334231     4.1400     0.7695     0.0426     0.2115 2.9113e+00     0.8091      1.794      2.602    16.9466 0.0000e+00
      1.838      0.036     4.0252     43.767     38.405  32.327377     4.1400     0.9145     0.0426     0.2115 2.9031e+00     0.4784      1.803      2.615    16.9646 0.0000e+00
      1.846      0.033     4.0486     44.879     38.395  32.325198     4.1400     0.9221     0.0426     0.2115 2.9087e+00     0.5987      1.811      2.626    16.9955 0.0000e+00
      1.854      0.031     4.0834     46.152     38.398  32.331073     4.1400     0.9107     0.0426     0.2538 2.9189e+00     0.4634      1.818      2.637    17.0309 0.0000e+00
      1.862      0.030     4.1397     47.471     38.411  32.346566     4.1400     0.9221     0.0426     0.2538 2.8204e+00     0.4333      1.826      2.648    17.0626 0.0000e+00
      1.870      0.029     4.2221     48.710     38.424  32.363930     4.1400     0.8725     0.0426     0.2538 2.7850e+00     0.7189      1.833      2.659    17.0830 0.0000e+00
      1.877      0.029     4.3286     49.775     38.417  32.364032     4.1400     0.8496     0.0426     0.2538 2.7814e+00     0.7790      1.841      2.669    17.0913 0.0000e+00
      1.884      0.030     4.4510     50.618     38.385  32.338979     4.1400     0.8496     0.0426     0.2538 2.7706e+00     0.7339      1.847      2.679    17.0957 0.0000e+00
      1.891      0.031     4.5776     51.232     38.350  32.301893     4.1400     0.8725     0.0426     0.2538 2.8130e+00     0.7941      1.854      2.689    17.1015 0.0000e+00
      1.898      0.033     4.6964     51.632     38.325  32.262687     4.1400     0.8382     0.0426     0.2538 2.7911e+00     0.5686      1.862      2.700    17.1094 0.0000e+00
      1.907      0.037     4.7983     51.830     38.293  32.206945     4.1400     0.8267     0.0426     0.2538 2.7681e+00     0.5235      1.870      2.712    17.1175 0.0000e+00
      1.916      0.041     4.8793     51.831     38.244  32.125742     4.1400     0.8267     0.0426     0.2538 2.7110e+00     0.6588      1.879      2.725    17.1200 0.0000e+00
      1.927      0.047     4.9395     51.623     38.203  32.040986     4.1400     0.8344     0.0426     0.2961 2.7270e+00     0.4784      1.890      2.741    17.1107 0.0000e+00
      1.939      0.054     4.9804     51.185     38.179  31.967697     4.1400     0.7848     0.0426     0.2961 2.7293e+00     0.8542      1.902      2.758    17.0871 0.0000e+00
      1.953      0.062     5.0035     50.496     38.151  31.894250     4.1400     0.8229     0.0426     0.2961 2.6493e+00     0.8391      1.916      2.778    17.0491 0.0000e+00
      1.970      0.070     5.0090     49.539     38.126  31.822839     4.1400     0.8000     0.0426     0.2961 2.6206e+00     0.7790      1.932      2.801    16.9962 0.0000e+00
      1.989      0.077     4.9956     48.313     38.135  31.777982     4.1400     0.7810     0.0852     0.3807 2.6025e+00     0.7941      1.951      2.829    16.9303 0.0000e+00
      2.011      0.082     4.9603     46.857     38.172  31.763558     4.1400     0.6169     0.0852     0.3807 2.4961e+00     0.8842      1.972      2.860    16.8611 0.0000e+00
      2.035      0.085     4.9001     45.252     38.206  31.759875     4.1400     0.6360     0.0852     0.3807 2.3729e+00     0.7490      1.995      2.894    16.7953 0.0000e+00
      2.058      0.085     4.8137     43.596     38.205  31.740208     4.1400     0.6246     0.0852     0.3807 2.3295e+00     0.7490      2.018      2.927    16.7291 0.0000e+00
      2.080      0.085     4.7011     41.999     38.143  31.671592     4.0500     0.6093     0.0426     0.2115 2.3775e+00     0.7189      2.040      2.958    16.6612 0.0000e+00
      2.100      0.086     4.5651     40.575     38.027  31.545629     4.0500     0.6856     0.0426     0.2115 2.3345e+00     0.7640      2.060      2.987    16.6017 0.0000e+00
      2.120      0.087     4.4127     39.406     37.914  31.398037     4.0500     0.6551     0.0426     0.2115 2.3554e+00     0.8091      2.079      3.016    16.5603 0.0000e+00
      2.141      0.089     4.2535     38.515     37.853  31.270640     4.0500     0.6894     0.0426     0.2115 2.3559e+00     0.8391      2.100      3.045    16.5350 0.0000e+00
      2.164      0.092     4.0996     37.874     37.851  31.182926     4.0500     0.6742     0.0426     0.2115 2.3003e+00     0.8091      2.122      3.077    16.5126 0.0000e+00
      2.189      0.093     3.9638     37.401     37.898  31.143181     4.0500     0.5635     0.0852     0.2115 2.2460e+00     0.9894      2.146      3.113    16.4735 0.0000e+00
      2.215      0.091     3.8552     36.992     37.969  31.144760     4.0500     0.5826     0.0852     0.2115 2.1901e+00     1.0947      2.173      3.151    16.4022 0.0000e+00
      2.241      0.086     3.7762     36.557     38.039  31.176203     4.0500     0.5788     0.0852     0.2115 2.1042e+00     1.0345      2.198      3.188    16.3013 0.0000e+00
      2.264      0.078     3.7223     36.060     38.102  31.228071     4.0500     0.5445     0.0852     0.2115 2.0924e+00     0.9744      2.221      3.221    16.1877 0.0000e+00
      2.283      0.068     3.6841     35.539     38.149  31.286476     4.0500     0.5597     0.0426     0.2538 2.0951e+00     1.0045      2.239      3.247    16.0839 0.0000e+00
      2.298      0.057     3.6497     35.095     38.184  31.345213     4.0500     0.5521     0.0426     0.2538 2.0581e+00     0.9744      2.254      3.269    16.0100 0.0000e+00
      2.310      0.047     3.6097     34.845     38.206  31.400145     4.0500     0.5254     0.0426     0.2538 2.0756e+00     1.1398      2.265      3.285    15.9753 0.0000e+00
