Data/DataNotYetUploadedToEDI/Raw_CTD/RawDownloads/061924_ccr88_S8188009.cnv
* Sea-Bird SBE19plus  Data File:
* FileName = C:\R\Reservoirs\Data\DataNotYetUploadedToEDI\Raw_CTD\RawDownloads\060324_bvr50_S78188_0009.hex
* Software version 2.8.0.119
* Temperature SN = 8188
* Conductivity SN = 8188
* System UpLoad Time = Jun 20 2024 16:52:47
* <ApplicationData>
* <Seaterm232>
# nquan = 16
# nvalues = 2215                        
# units = specified
# name 0 = depFM: Depth [fresh water, m]
# name 1 = dz/dtM: Descent Rate [m/s]
# name 2 = sbeox0Mg/L: Oxygen, SBE 43 [mg/l]
# name 3 = sbeox0PS: Oxygen, SBE 43 [% saturation]
# name 4 = specc: Specific Conductance [uS/cm]
# name 5 = c0uS/cm: Conductivity [uS/cm]
# name 6 = wetCDOM: Fluorescence, WET Labs CDOM [mg/m^3]
# name 7 = flECO-AFL: Fluorescence, WET Labs ECO-AFL/FL [mg/m^3]
# name 8 = flECO-AFL1: Fluorescence, WET Labs ECO-AFL/FL, 2 [mg/m^3]
# name 9 = flECO-AFL2: Fluorescence, WET Labs ECO-AFL/FL, 3 [mg/m^3]
# name 10 = par/sat/log: PAR/Logarithmic, Satlantic
# name 11 = turbWETntu0: Turbidity, WET Labs ECO [NTU]
# name 12 = prdM: Pressure, Strain Gauge [db]
# name 13 = prdE: Pressure, Strain Gauge [psi]
# name 14 = tv290C: Temperature [ITS-90, deg C]
# name 15 = flag:  0.000e+00
# span 0 =     -0.333,     12.755       
# span 1 =     -0.327,      0.184       
# span 2 =     1.8090,    10.0285       
# span 3 =     16.452,    121.496       
# span 4 =   -688.568,    128.552       
# span 5 =-491.947129, 118.594080       
# span 6 =    -4.5000,    30.5100       
# span 7 =    -2.4857,     7.2801       
# span 8 =    -2.1300,     2.9394       
# span 9 =    -7.3179,     5.7951       
# span 10 = 3.1711e-01, 2.6326e+03      
# span 11 =   -12.1530,   970.9132      
# span 12 =     -0.327,     12.508      
# span 13 =     -0.475,     18.142      
# span 14 =    10.6821,    26.1994      
# span 15 = 0.0000e+00, 0.0000e+00      
# interval = seconds: 0.25
# start_time = Jun 19 2024 06:42:41 [Instrument's time stamp, header]
# bad_flag = -9.990e-29
*END*
[from data line 362]
      1.675      0.032     5.4598    106.751    114.708 117.200482    13.5000     0.2457     0.0426     0.0846 5.2738e+02     0.1437      1.642      2.382    25.8642 0.0000e+00
      1.683      0.033     6.1731    114.257    114.702 117.235187    13.5000     0.2190     0.0852     0.0846 5.1672e+02     0.2494      1.650      2.394    25.9437 0.0000e+00
      1.692      0.035     7.0162    119.224    114.712 117.268558    13.5000     0.2419     0.0852     0.0846 6.0633e+02     0.2343      1.659      2.406    26.0068 0.0000e+00
      1.701      0.036     7.8739    121.496    114.712 117.281494    13.5000     0.2686     0.0852     0.0846 7.3826e+02     0.1739      1.668      2.419    26.0513 0.0000e+00
      1.711      0.037     8.6425    121.323    114.694 117.269442    13.5000     0.2648     0.0852     0.0846 9.3192e+02    -0.3246      1.677      2.433    26.0803 0.0000e+00
      1.720      0.037     9.2485    119.381    114.675 117.253190    13.5000     0.2342     0.0426     0.1692 6.8405e+02    -0.2642      1.687      2.447    26.0981 0.0000e+00
      1.730      0.038     9.6496    116.554    114.662 117.240404    13.5000     0.2342     0.0426     0.1692 7.1459e+02    -0.3246      1.696      2.461    26.1083 0.0000e+00
      1.740      0.038     9.8330    113.575    114.648 117.225674    13.5000     0.2381     0.0426     0.1692 5.5998e+02    -0.3246      1.705      2.474    26.1139 0.0000e+00
      1.749      0.039     9.8188    110.867    114.628 117.205072    13.5000     0.2342     0.0426     0.1692 5.9783e+02    -0.0980      1.715      2.487    26.1167 0.0000e+00
      1.759      0.039     9.6616    108.603    114.610 117.185105    13.5000     0.2228     0.0426     0.1692 6.5967e+02     0.0530      1.724      2.501    26.1179 0.0000e+00
      1.769      0.040     9.4329    106.786    114.600 117.174446    13.5000     0.2381     0.0426     0.1692 5.0969e+02     0.0983      1.734      2.516    26.1183 0.0000e+00
      1.780      0.041     9.1919    105.354    114.594 117.168255    13.5000     0.2228     0.0426     0.1692 5.4854e+02     0.0228      1.745      2.531    26.1181 0.0000e+00
      1.791      0.040     8.9729    104.241    114.584 117.158880    13.5000     0.2075     0.0426     0.1692 5.4214e+02    -0.0074      1.756      2.547    26.1177 0.0000e+00
      1.801      0.039     8.7897    103.399    114.575 117.149820    13.5000     0.2228     0.0426     0.1692 5.6315e+02    -0.0376      1.766      2.562    26.1173 0.0000e+00
      1.811      0.038     8.6428    102.777    114.578 117.152661    13.5000     0.2419     0.0426     0.1692 5.0232e+02    -0.0678      1.776      2.576    26.1171 0.0000e+00
      1.821      0.036     8.5268    102.329    114.603 117.178160    13.5000     0.2190     0.0426     0.1692 6.7607e+02    -0.0074      1.785      2.589    26.1171 0.0000e+00
      1.829      0.034     8.4368    102.022    114.640 117.215116    13.5000     0.2419     0.0426     0.1692 5.8996e+02    -0.0074      1.794      2.602    26.1171 0.0000e+00
      1.838      0.032     8.3686    101.824    114.651 117.225383    13.5000     0.2495     0.0426     0.1692 4.7432e+02    -0.0527      1.802      2.614    26.1173 0.0000e+00
      1.846      0.030     8.3183    101.702    114.630 117.203700    13.5000     0.2152     0.0426     0.1269 5.3465e+02    -0.0980      1.810      2.626    26.1173 0.0000e+00
      1.854      0.028     8.2820    101.624    114.613 117.184285    13.5000     0.1999     0.0426     0.1269 5.1886e+02     0.0077      1.818      2.636    26.1173 0.0000e+00
      1.861      0.027     8.2572    101.562    114.608 117.177960    13.5000     0.2304     0.0426     0.1269 5.2157e+02    -0.3095      1.824      2.646    26.1170 0.0000e+00
      1.867      0.025     8.2412    101.498    114.592 117.161039    13.5000     0.2381     0.0426     0.1269 5.5622e+02    -0.3095      1.830      2.655    26.1167 0.0000e+00
      1.872      0.024     8.2315    101.429    114.576 117.143008    13.5000     0.2495     0.0426     0.1269 6.0699e+02    -0.2793      1.836      2.663    26.1162 0.0000e+00
      1.878      0.024     8.2252    101.364    114.587 117.153062    13.5900     0.2228     0.0852     0.0846 5.9887e+02    -0.3095      1.842      2.671    26.1157 0.0000e+00
      1.884      0.025     8.2203    101.305    114.608 117.173879    13.5900     0.2571     0.0852     0.0846 6.4493e+02    -0.3700      1.847      2.680    26.1151 0.0000e+00
      1.891      0.026     8.2152    101.243    114.614 117.179012    13.5900     0.2113     0.0852     0.0846 5.3071e+02    -0.2642      1.854      2.689    26.1146 0.0000e+00
      1.897      0.028     8.2096    101.180    114.618 117.181828    13.5900     0.2342     0.0852     0.0846 5.2589e+02    -0.3095      1.860      2.698    26.1141 0.0000e+00
      1.904      0.030     8.2045    101.114    114.630 117.193079    13.5000     0.2228     0.0426     0.2115 5.3733e+02    -0.3549      1.867      2.709    26.1136 0.0000e+00
      1.912      0.032     8.1997    101.058    114.632 117.193765    13.5000     0.2457     0.0426     0.2115 5.1459e+02    -0.2944      1.875      2.719    26.1131 0.0000e+00
      1.920      0.034     8.1948    101.030    114.619 117.180069    13.5000     0.2304     0.0426     0.2115 4.8505e+02    -0.2038      1.883      2.731    26.1126 0.0000e+00
      1.929      0.036     8.1897    101.041    114.608 117.168338    13.5000     0.2075     0.0426     0.2115 4.7752e+02    -0.2793      1.892      2.744    26.1122 0.0000e+00
      1.939      0.038     8.1845    101.091    114.614 117.173445    13.5900     0.2228     0.0426     0.0846 5.3967e+02    -0.3246      1.901      2.758    26.1118 0.0000e+00
      1.949      0.040     8.1800    101.171    114.628 117.186750    13.5900     0.2190     0.0426     0.0846 5.3920e+02     0.0681      1.911      2.772    26.1114 0.0000e+00
      1.960      0.042     8.1778    101.259    114.642 117.199802    13.5900     0.2495     0.0426     0.0846 5.2624e+02    -0.0074      1.922      2.787    26.1110 0.0000e+00
      1.971      0.043     8.1787    101.333    114.667 117.224082    13.5900     0.2075     0.0426     0.0846 5.3326e+02    -0.0829      1.933      2.803    26.1106 0.0000e+00
      1.982      0.043     8.1829    101.398    114.695 117.252063    13.5900     0.2571     0.0426     0.0846 5.1897e+02    -0.0074      1.944      2.819    26.1102 0.0000e+00
      1.993      0.044     8.1893    101.454    114.708 117.265207    13.5900     0.2266     0.0426     0.0846 5.3164e+02    -0.0225      1.955      2.835    26.1098 0.0000e+00
      2.004      0.045     8.1965    101.485    114.706 117.263019    13.5900     0.2304     0.0426     0.0846 4.8013e+02    -0.0527      1.966      2.851    26.1093 0.0000e+00
      2.016      0.045     8.2026    101.501    114.691 117.246915    13.5900     0.2533     0.0426     0.0846 5.2032e+02     0.0228      1.977      2.867    26.1089 0.0000e+00
      2.027      0.046     8.2080    101.508    114.682 117.236602    13.5900     0.2609     0.0426     0.0846 4.8738e+02    -0.0678      1.988      2.883    26.1085 0.0000e+00
      2.039      0.047     8.2125    101.506    114.702 117.255330    13.5900     0.2381     0.0426     0.0846 4.6838e+02    -0.0829      1.999      2.899    26.1083 0.0000e+00
      2.051      0.049     8.2151    101.506    114.734 117.286091    13.5900     0.2342     0.0426     0.0846 5.8042e+02    -0.0829      2.011      2.917    26.1081 0.0000e+00
      2.064      0.049     8.2164    101.513    114.766 117.317090    13.5900     0.2113     0.0426     0.0846 4.6879e+02    -0.0980      2.024      2.935    26.1079 0.0000e+00
      2.077      0.050     8.2170    101.524    114.788 117.338591    13.5900     0.2304     0.0426     0.0846 5.1931e+02    -0.0225      2.037      2.954    26.1075 0.0000e+00
      2.090      0.049     8.2169    101.530    114.791 117.340327    13.5900     0.2838     0.0426     0.0423 4.9582e+02    -0.1283      2.050      2.973    26.1069 0.0000e+00
      2.103      0.048     8.2170    101.521    114.790 117.338763    13.5900     0.2876     0.0426     0.0423 4.6231e+02    -0.0074      2.062      2.991    26.1062 0.0000e+00
      2.115      0.047     8.2176    101.501    114.784 117.331480    13.5900     0.3067     0.0426     0.0423 5.0781e+02    -0.0376      2.074      3.009    26.1055 0.0000e+00
      2.127      0.045     8.2187    101.472    114.774 117.320538    13.5900     0.3143     0.0426     0.0423 5.3129e+02    -0.0678      2.086      3.025    26.1049 0.0000e+00
      2.138      0.043     8.2193    101.441    114.783 117.329017    13.5900     0.2915     0.0426     0.1692 4.4303e+02    -0.0376      2.097      3.041    26.1043 0.0000e+00
      2.149      0.041     8.2186    101.418    114.800 117.345180    13.5900     0.2915     0.0426     0.1692 4.4768e+02    -0.0376      2.107      3.056    26.1039 0.0000e+00
      2.159      0.039     8.2171    101.409    114.787 117.331335    13.5900     0.3067     0.0426     0.1692 4.5120e+02    -0.0527      2.117      3.071    26.1035 0.0000e+00
      2.168      0.037     8.2147    101.423    114.748 117.289790    13.5900     0.2915     0.0426     0.1692 4.7545e+02    -0.0829      2.126      3.084    26.1032 0.0000e+00
      2.177      0.037     8.2122    101.462    114.717 117.257467    13.5900     0.3220     0.0426     0.2538 4.6513e+02    -0.2340      2.135      3.097    26.1029 0.0000e+00
      2.186      0.037     8.2104    101.505    114.702 117.239748    13.5900     0.3029     0.0426     0.2538 4.7494e+02    -0.3246      2.144      3.109    26.1025 0.0000e+00
      2.195      0.037     8.2098    101.523    114.688 117.223906    13.5900     0.2991     0.0426     0.2538 5.2032e+02    -0.4304      2.153      3.122    26.1021 0.0000e+00
      2.204      0.037     8.2111    101.492    114.662 117.195718    13.5900     0.2953     0.0426     0.2538 4.5464e+02    -0.2038      2.162      3.135    26.1016 0.0000e+00
      2.214      0.037     8.2143    101.411    114.618 117.149666    13.5900     0.3029     0.0426     0.2538 4.6161e+02    -0.0829      2.172      3.150    26.1010 0.0000e+00
      2.225      0.036     8.2179    101.298    114.582 117.111469    13.5000     0.2915     0.0426     0.1692 4.3370e+02    -0.0527      2.182      3.164    26.1003 0.0000e+00
      2.234      0.035     8.2194    101.179    114.568 117.096943    13.5000     0.2991     0.0426     0.1692 4.3853e+02    -0.1434      2.191      3.178    26.0995 0.0000e+00
      2.243      0.034     8.2170    101.093    114.566 117.094213    13.5000     0.2686     0.0426     0.1692 4.4787e+02    -0.0527      2.200      3.191    26.0988 0.0000e+00
      2.251      0.034     8.2106    101.055    114.564 117.090551    13.5000     0.2800     0.0426     0.1692 4.7319e+02    -0.2340      2.208      3.202    26.0982 0.0000e+00
      2.259      0.033     8.2015    101.050    114.559 117.084982    13.5900     0.3067     0.0426     0.1692 4.7370e+02    -0.2793      2.215      3.213    26.0977 0.0000e+00
      2.267      0.034     8.1919    101.062    114.563 117.088019    13.5900     0.2915     0.0426     0.1692 4.4613e+02    -0.3095      2.223      3.224    26.0973 0.0000e+00
      2.276      0.035     8.1850    101.077    114.580 117.104472    13.5900     0.3105     0.0426     0.1692 4.5751e+02    -0.2944      2.232      3.237    26.0970 0.0000e+00
      2.285      0.037     8.1820    101.094    114.599 117.122730    13.5900     0.2876     0.0426     0.1692 4.4159e+02    -0.0980      2.241      3.250    26.0966 0.0000e+00
      2.295      0.039     8.1817    101.100    114.601 117.123661    13.5900     0.3182     0.0000     0.0423 4.7442e+02     0.0681      2.250      3.264    26.0962 0.0000e+00
      2.305      0.041     8.1826    101.080    114.582 117.103512    13.5900     0.2876     0.0000     0.0423 4.6201e+02    -0.1585      2.260      3.278    26.0958 0.0000e+00
      2.315      0.044     8.1840    101.047    114.562 117.080910    13.5900     0.2876     0.0000     0.0423 4.7011e+02    -0.0678      2.271      3.293    26.0954 0.0000e+00
      2.327      0.046     8.1854    101.027    114.549 117.065829    13.5900     0.3067     0.0000     0.0423 4.2623e+02     0.0077      2.282      3.309    26.0949 0.0000e+00
      2.339      0.047     8.1859    101.025    114.539 117.054246    13.5900     0.2800     0.0000     0.0423 4.2985e+02    -0.0376      2.294      3.327    26.0945 0.0000e+00
      2.352      0.047     8.1844    101.045    114.544 117.059074    13.5900     0.2838     0.0426     0.0846 4.1112e+02    -0.1434      2.306      3.345    26.0939 0.0000e+00
      2.365      0.047     8.1818    101.091    114.579 117.093598    13.5900     0.2991     0.0426     0.0846 4.3361e+02     0.0530      2.319      3.364    26.0933 0.0000e+00
      2.377      0.045     8.1803    101.156    114.624 117.139026    13.5900     0.2991     0.0426     0.0846 4.1130e+02     0.0983      2.331      3.381    26.0927 0.0000e+00
      2.388      0.043     8.1802    101.230    114.661 117.175472    13.5900     0.3105     0.0426     0.0846 4.3911e+02    -0.0678      2.342      3.397    26.0921 0.0000e+00
      2.399      0.041     8.1819    101.310    114.686 117.200654    13.5900     0.2800     0.0852     0.1269 4.2098e+02    -0.1131      2.352      3.411    26.0916 0.0000e+00
      2.408      0.039     8.1857    101.397    114.681 117.195286    13.5900     0.3143     0.0852     0.1269 4.0712e+02    -0.0376      2.362      3.425    26.0912 0.0000e+00
      2.418      0.039     8.1910    101.483    114.644 117.155938    13.5900     0.2991     0.0852     0.1269 4.2484e+02    -0.1131      2.371      3.439    26.0908 0.0000e+00
      2.427      0.039     8.1970    101.560    114.612 117.122117    13.5900     0.2762     0.0852     0.1269 3.9176e+02    -0.0829      2.380      3.452    26.0905 0.0000e+00
      2.437      0.040     8.2036    101.613    114.599 117.106804    13.5900     0.2876     0.0426     0.0846 4.2199e+02     0.0530      2.390      3.466    26.0901 0.0000e+00
      2.447      0.041     8.2107    101.633    114.589 117.093915    13.5900     0.2876     0.0426     0.0846 4.2052e+02    -0.1131      2.399      3.480    26.0896 0.0000e+00
      2.457      0.042     8.2177    101.617    114.571 117.072013    13.5900     0.2838     0.0426     0.0846 4.1489e+02    -0.1887      2.410      3.495    26.0891 0.0000e+00
      2.468      0.043     8.2241    101.558    114.558 117.055258    13.5900     0.2915     0.0426     0.0846 3.9219e+02    -0.0980      2.421      3.511    26.0884 0.0000e+00
      2.480      0.043     8.2285    101.469    114.581 117.075181    13.5900     0.3029     0.0852     0.2115 4.0686e+02    -0.1131      2.432      3.527    26.0876 0.0000e+00
      2.491      0.043     8.2303    101.370    114.618 117.111095    13.5900     0.2876     0.0852     0.2115 3.9227e+02     0.0228      2.443      3.543    26.0865 0.0000e+00
      2.502      0.042     8.2292    101.257    114.631 117.122576    13.5900     0.3487     0.0852     0.2115 4.1390e+02    -0.0678      2.454      3.559    26.0851 0.0000e+00
      2.513      0.040     8.2246    101.140    114.632 117.122687    13.5900     0.3716     0.0852     0.2115 3.9321e+02    -0.0678      2.465      3.575    26.0836 0.0000e+00
      2.523      0.039     8.2177    101.050    114.632 117.123456    13.5900     0.3372     0.0852     0.2115 4.5692e+02    -0.0678      2.474      3.589    26.0821 0.0000e+00
      2.533      0.037     8.2098    101.005    114.623 117.115089    13.5900     0.3411     0.0852     0.1692 3.9176e+02    -0.0376      2.484      3.603    26.0810 0.0000e+00
      2.542      0.035     8.2007    101.001    114.613 117.105355    13.5900     0.3449     0.0852     0.1692 3.9820e+02    -0.0678      2.493      3.616    26.0804 0.0000e+00
