Data/DataNotYetUploadedToEDI/Raw_CTD/RawDownloads/061923_fcr50_S8188005.cnv
* Sea-Bird SBE19plus  Data File:
* FileName = C:\R\Reservoirs\Data\DataNotYetUploadedToEDI\Raw_CTD\RawDownloads\061423_fcr50_S8188_0005.hex
* Software version 2.8.0.119
* Temperature SN = 8188
* Conductivity SN = 8188
* System UpLoad Time = Jun 19 2023 15:53:00
* <ApplicationData>
* <Seaterm232>
# nquan = 16
# nvalues = 1350                        
# units = specified
# name 0 = depFM: Depth [fresh water, m]
# name 1 = dz/dtM: Descent Rate [m/s]
# name 2 = sbeox0Mg/L: Oxygen, SBE 43 [mg/l]
# name 3 = sbeox0PS: Oxygen, SBE 43 [% saturation]
# name 4 = specc: Specific Conductance [uS/cm]
# name 5 = c0uS/cm: Conductivity [uS/cm]
# name 6 = wetCDOM: Fluorescence, WET Labs CDOM [mg/m^3]
# name 7 = flECO-AFL: Fluorescence, WET Labs ECO-AFL/FL [mg/m^3]
# name 8 = flECO-AFL1: Fluorescence, WET Labs ECO-AFL/FL, 2 [mg/m^3]
# name 9 = flECO-AFL2: Fluorescence, WET Labs ECO-AFL/FL, 3 [mg/m^3]
# name 10 = par/sat/log: PAR/Logarithmic, Satlantic
# name 11 = turbWETntu0: Turbidity, WET Labs ECO [NTU]
# name 12 = prdM: Pressure, Strain Gauge [db]
# name 13 = prdE: Pressure, Strain Gauge [psi]
# name 14 = tv290C: Temperature [ITS-90, deg C]
# name 15 = flag:  0.000e+00
# span 0 =     -0.671,      9.421       
# span 1 =     -0.320,      0.168       
# span 2 =     1.1581,    14.9176       
# span 3 =     11.007,    173.960       
# span 4 =      0.908,     63.302       
# span 5 =   0.883518,  45.423471       
# span 6 =    -4.5000,    27.5400       
# span 7 =    -0.2070,     3.1423       
# span 8 =    -2.1300,     1.5336       
# span 9 =    -2.0304,    15.6933       
# span 10 = 1.1582e-01, 7.3602e+02      
# span 11 =    -0.4835,   127.7837      
# span 12 =     -0.658,      9.239      
# span 13 =     -0.954,     13.400      
# span 14 =    10.4302,    23.8329      
# span 15 = 0.0000e+00, 0.0000e+00      
# interval = seconds: 0.25
# start_time = Jun 19 2023 12:18:17 [Instrument's time stamp, header]
# bad_flag = -9.990e-29
*END*
[from data line 362]
      3.011      0.084     1.1645     11.335     39.732  30.559260     4.1400     0.4415     0.0426     0.1269 1.3396e+00     2.8532      2.953      4.283    13.8404 0.0000e+00
      3.035      0.084     1.1622     11.374     39.802  30.566500     4.1400     0.4224     0.0426     0.1269 1.3396e+00     2.9734      2.976      4.317    13.7535 0.0000e+00
      3.057      0.083     1.1657     11.364     39.856  30.580017     4.1400     0.4148     0.0426     0.1269 1.2721e+00     2.9734      2.998      4.348    13.6477 0.0000e+00
      3.078      0.080     1.1735     11.300     39.895  30.587575     4.1400     0.4300     0.0426     0.1269 1.3214e+00     3.0486      3.018      4.377    13.5416 0.0000e+00
      3.097      0.079     1.1822     11.197     39.947  30.591192     4.1400     0.4186     0.0852     0.1692 1.3143e+00     2.8382      3.037      4.404    13.4553 0.0000e+00
      3.115      0.079     1.1879     11.089     40.036  30.595793     4.1400     0.4033     0.0852     0.1692 1.3246e+00     2.9434      3.055      4.430    13.3969 0.0000e+00
      3.134      0.079     1.1877     11.017     40.154  30.598641     4.1400     0.4300     0.0852     0.1692 1.2860e+00     3.1989      3.073      4.457    13.3613 0.0000e+00
      3.155      0.080     1.1817     11.007     40.270  30.596532     4.1400     0.4300     0.0852     0.1692 1.2699e+00     3.0486      3.093      4.487    13.3329 0.0000e+00
      3.177      0.079     1.1721     11.065     40.349  30.584936     4.1400     0.4186     0.0852     0.1269 1.2655e+00     3.0486      3.115      4.518    13.2881 0.0000e+00
      3.199      0.076     1.1628     11.186     40.389  30.572639     4.1400     0.4148     0.0852     0.1269 1.1634e+00     3.1538      3.137      4.550    13.2087 0.0000e+00
      3.220      0.071     1.1581     11.352     40.409  30.572199     4.1400     0.3804     0.0852     0.1269 1.1908e+00     3.0786      3.158      4.580    13.1003 0.0000e+00
      3.238      0.064     1.1599     11.543     40.422  30.583502     4.1400     0.3652     0.0852     0.1269 1.1609e+00     3.0335      3.175      4.605    12.9880 0.0000e+00
      3.252      0.056     1.1684     11.746     40.425  30.597681     4.0500     0.3842     0.0852     0.1269 1.1784e+00     3.1087      3.189      4.626    12.8986 0.0000e+00
      3.264      0.049     1.1826     11.948     40.416  30.606638     4.0500     0.3881     0.0852     0.1269 1.1800e+00     3.1388      3.201      4.643    12.8458 0.0000e+00
      3.275      0.043     1.2006     12.147     40.399  30.608803     4.0500     0.4148     0.0852     0.1269 1.1479e+00     3.1538      3.212      4.658    12.8257 0.0000e+00
      3.284      0.039     1.2208     12.344     40.387  30.608714     4.0500     0.4186     0.0852     0.1269 1.1705e+00     3.1087      3.221      4.671    12.8274 0.0000e+00
      3.293      0.036     1.2418     12.537     40.390  30.610309     4.0500     0.4224     0.0852     0.1269 1.1486e+00     3.1237      3.230      4.684    12.8417 0.0000e+00
      3.302      0.034     1.2627     12.720     40.407  30.614012     4.0500     0.4376     0.0852     0.0423 1.1536e+00     3.1087      3.238      4.697    12.8617 0.0000e+00
      3.311      0.033     1.2832     12.893     40.426  30.620809     4.0500     0.4338     0.0852     0.0423 1.1494e+00     3.1688      3.247      4.709    12.8802 0.0000e+00
      3.319      0.031     1.3037     13.061     40.434  30.628552     4.0500     0.4224     0.0852     0.0423 1.1246e+00     3.0486      3.255      4.721    12.8911 0.0000e+00
      3.327      0.029     1.3241     13.229     40.437  30.639306     4.0500     0.4415     0.0852     0.0423 1.1476e+00     3.1388      3.263      4.732    12.8901 0.0000e+00
      3.334      0.027     1.3437     13.399     40.448  30.655940     4.0500     0.4567     0.0852     0.0846 1.1352e+00     3.2139      3.270      4.742    12.8789 0.0000e+00
      3.340      0.026     1.3623     13.569     40.475  30.674970     4.0500     0.4376     0.0852     0.0846 1.1539e+00     3.1538      3.276      4.751    12.8695 0.0000e+00
      3.346      0.026     1.3800     13.735     40.523  30.697511     4.0500     0.4338     0.0852     0.0846 1.1159e+00     3.1388      3.282      4.759    12.8715 0.0000e+00
      3.352      0.027     1.3974     13.894     40.580  30.721653     4.0500     0.4491     0.0852     0.0846 1.1459e+00     3.0786      3.288      4.768    12.8824 0.0000e+00
      3.359      0.029     1.4151     14.041     40.648  30.749872     4.0500     0.4262     0.0852     0.1269 1.1494e+00     3.0786      3.294      4.778    12.8927 0.0000e+00
      3.366      0.032     1.4331     14.169     40.751  30.797613     4.0500     0.4186     0.0852     0.1269 1.1222e+00     3.0937      3.301      4.788    12.8910 0.0000e+00
      3.374      0.037     1.4511     14.283     40.923  30.881568     4.0500     0.3881     0.0852     0.1269 1.0738e+00     3.1688      3.309      4.799    12.8745 0.0000e+00
      3.384      0.043     1.4688     14.381     41.162  30.994422     4.0500     0.3728     0.0852     0.1269 1.1149e+00     3.1989      3.318      4.813    12.8507 0.0000e+00
      3.395      0.050     1.4852     14.459     41.397  31.089042     4.0500     0.3690     0.0852     0.1269 1.1534e+00     3.0486      3.329      4.829    12.8230 0.0000e+00
      3.409      0.055     1.5001     14.523     41.563  31.135211     4.0500     0.3575     0.0852     0.0846 1.1295e+00     3.1087      3.343      4.848    12.7865 0.0000e+00
      3.425      0.059     1.5140     14.587     41.654  31.145238     4.0500     0.3728     0.0852     0.0846 1.0629e+00     4.3111      3.358      4.871    12.7312 0.0000e+00
      3.443      0.061     1.5272     14.674     41.687  31.137633     4.0500     0.3537     0.0852     0.0846 1.0188e+00     4.3261      3.376      4.897    12.6493 0.0000e+00
      3.461      0.061     1.5390     14.812     41.694  31.132151     4.0500     0.3690     0.0852     0.0846 1.0056e+00     4.4013      3.394      4.922    12.5497 0.0000e+00
      3.477      0.060     1.5491     15.012     41.716  31.149112     4.1400     0.3537     0.0852     0.2115 9.6658e-01     4.2660      3.409      4.945    12.4548 0.0000e+00
      3.491      0.057     1.5583     15.262     41.791  31.204920     4.1400     0.3003     0.0852     0.2115 1.0130e+00     5.0326      3.423      4.965    12.3841 0.0000e+00
      3.504      0.055     1.5690     15.529     41.952  31.314460     4.1400     0.3079     0.0852     0.2115 1.0248e+00     5.1077      3.436      4.984    12.3450 0.0000e+00
      3.517      0.055     1.5842     15.780     42.204  31.473280     4.1400     0.3232     0.0852     0.2115 1.0159e+00     5.0776      3.449      5.002    12.3322 0.0000e+00
      3.530      0.055     1.6056     15.984     42.489  31.634624     4.2300     0.3003     0.1278     0.2115 9.6890e-01     4.8823      3.462      5.021    12.3324 0.0000e+00
      3.544      0.056     1.6323     16.121     42.722  31.744486     4.2300     0.2851     0.1278     0.2115 9.8097e-01     5.6789      3.475      5.040    12.3324 0.0000e+00
      3.559      0.058     1.6614     16.195     42.879  31.802455     4.2300     0.2545     0.1278     0.2115 9.5220e-01     5.6939      3.490      5.062    12.3205 0.0000e+00
      3.575      0.059     1.6896     16.236     43.001  31.847749     4.2300     0.2545     0.1278     0.2115 8.9191e-01     5.7841      3.506      5.085    12.2861 0.0000e+00
      3.591      0.059     1.7138     16.273     43.132  31.908288     4.2300     0.2622     0.1278     0.1692 9.1767e-01     5.6939      3.522      5.107    12.2259 0.0000e+00
      3.606      0.059     1.7314     16.343     43.296  31.992295     4.2300     0.2278     0.1278     0.1692 9.2971e-01     5.9795      3.536      5.128    12.1516 0.0000e+00
      3.620      0.058     1.7421     16.479     43.494  32.090487     4.2300     0.2545     0.1278     0.1692 9.2166e-01     5.9494      3.550      5.149    12.0829 0.0000e+00
      3.634      0.058     1.7485     16.693     43.691  32.175583     4.2300     0.2431     0.1278     0.1692 8.9424e-01     6.1147      3.564      5.169    12.0300 0.0000e+00
      3.649      0.058     1.7542     17.003     43.857  32.234626     4.2300     0.2660     0.1278     0.1692 8.9696e-01     6.0245      3.579      5.190    11.9877 0.0000e+00
      3.664      0.059     1.7636     17.470     43.998  32.281378     4.3200     0.2584     0.1278     0.1269 9.0107e-01     5.8442      3.593      5.212    11.9446 0.0000e+00
      3.679      0.059     1.7806     18.170     44.124  32.320384     4.3200     0.2507     0.1278     0.1269 8.3345e-01     5.9043      3.609      5.234    11.8899 0.0000e+00
      3.695      0.060     1.8066     19.157     44.225  32.338282     4.3200     0.2240     0.1278     0.1269 8.8112e-01     5.9494      3.623      5.255    11.8207 0.0000e+00
      3.710      0.060     1.8434     20.436     44.301  32.335881     4.3200     0.2164     0.1278     0.1269 8.1748e-01     5.9644      3.638      5.276    11.7483 0.0000e+00
      3.725      0.058     1.8969     21.985     44.366  32.328381     4.2300     0.1897     0.1278     0.2115 8.5398e-01     5.7841      3.653      5.298    11.6834 0.0000e+00
      3.741      0.056     1.9759     23.782     44.413  32.321701     4.2300     0.1897     0.1278     0.2115 8.1535e-01     5.7991      3.669      5.321    11.6230 0.0000e+00
      3.756      0.053     2.0864     25.823     44.433  32.310096     4.2300     0.1935     0.1278     0.2115 7.4020e-01     5.6939      3.684      5.343    11.5599 0.0000e+00
      3.770      0.049     2.2291     28.073     44.424  32.290473     4.2300     0.1630     0.1278     0.2115 7.5498e-01     5.7390      3.697      5.362    11.4937 0.0000e+00
      3.782      0.045     2.4013     30.427     44.404  32.269478     4.1400     0.1935     0.1278     0.2115 7.9092e-01     5.7540      3.709      5.379    11.4320 0.0000e+00
      3.792      0.042     2.6001     32.732     44.386  32.249437     4.1400     0.2011     0.1278     0.2115 7.5729e-01     5.8141      3.719      5.393    11.3852 0.0000e+00
      3.801      0.039     2.8247     34.850     44.383  32.234905     4.1400     0.1935     0.1278     0.2115 7.6439e-01     5.7540      3.728      5.407    11.3561 0.0000e+00
      3.810      0.037     3.0717     36.665     44.400  32.231908     4.1400     0.2011     0.1278     0.2115 7.1834e-01     5.7690      3.737      5.419    11.3408 0.0000e+00
      3.819      0.036     3.3296     38.112     44.407  32.229745     4.1400     0.1897     0.1278     0.0846 7.2808e-01     5.4684      3.746      5.433    11.3334 0.0000e+00
      3.829      0.036     3.5825     39.203     44.387  32.219917     4.1400     0.1821     0.1278     0.0846 7.4813e-01     5.4985      3.755      5.446    11.3260 0.0000e+00
      3.838      0.036     3.8154     40.002     44.350  32.207723     4.1400     0.1859     0.1278     0.0846 7.2303e-01     5.4985      3.764      5.459    11.3119 0.0000e+00
      3.847      0.037     4.0156     40.573     44.309  32.195855     4.1400     0.1973     0.1278     0.0846 6.9818e-01     5.4684      3.772      5.472    11.2948 0.0000e+00
      3.856      0.038     4.1747     40.950     44.259  32.175209     4.1400     0.1706     0.1278     0.0846 6.7961e-01     5.1678      3.781      5.484    11.2864 0.0000e+00
      3.865      0.041     4.2934     41.137     44.191  32.132358     4.1400     0.1897     0.1278     0.1269 7.0504e-01     5.3031      3.790      5.497    11.2920 0.0000e+00
      3.875      0.047     4.3792     41.130     44.108  32.059838     4.1400     0.1935     0.1278     0.1269 7.1460e-01     5.2430      3.800      5.511    11.3079 0.0000e+00
      3.886      0.054     4.4396     40.931     44.020  31.958113     4.1400     0.1706     0.1278     0.1269 7.1398e-01     5.1378      3.811      5.527    11.3285 0.0000e+00
      3.900      0.064     4.4789     40.576     43.940  31.833720     4.1400     0.2088     0.1278     0.1269 7.3491e-01     4.9724      3.825      5.547    11.3463 0.0000e+00
      3.916      0.073     4.4987     40.207     43.888  31.706949     4.1400     0.1821     0.1704     0.1269 6.9454e-01     4.9875      3.841      5.571    11.3532 0.0000e+00
      3.937      0.082     4.4993     40.127     43.888  31.607358     4.1400     0.2164     0.1704     0.1269 7.0213e-01     4.8823      3.861      5.600    11.3398 0.0000e+00
      3.961      0.089     4.4819     40.776     43.931  31.546007     4.1400     0.1782     0.1704     0.1269 6.3493e-01     4.9875      3.884      5.634    11.2967 0.0000e+00
      3.987      0.092     4.4509     42.626     43.989  31.514453     4.1400     0.1859     0.1704     0.1269 5.9667e-01     4.3412      3.910      5.672    11.2212 0.0000e+00
      4.014      0.092     4.4210     46.024     44.046  31.504279     4.0500     0.1782     0.0852     0.1269 5.8131e-01     4.2209      3.936      5.709    11.1197 0.0000e+00
      4.039      0.089     4.4242     51.038     44.105  31.512769     4.0500     0.1859     0.0852     0.1269 5.6647e-01     4.2810      3.960      5.744    11.0068 0.0000e+00
      4.060      0.084     4.5072     57.386     44.153  31.530307     4.0500     0.1782     0.0852     0.1269 5.7854e-01     4.3412      3.982      5.775    10.9019 0.0000e+00
      4.080      0.079     4.7211     64.516     44.169  31.537807     4.0500     0.1821     0.0852     0.1269 5.7179e-01     4.0706      4.001      5.803    10.8191 0.0000e+00
      4.098      0.075     5.1044     71.731     44.146  31.521428     3.7800     0.1782     0.1278     0.0846 5.8397e-01     4.0406      4.019      5.829    10.7607 0.0000e+00
      4.116      0.074     5.6651     78.319     44.108  31.488685     3.7800     0.1859     0.1278     0.0846 5.5550e-01     4.1758      4.037      5.855    10.7230 0.0000e+00
      4.134      0.074     6.3721     83.667     44.087  31.462530     3.7800     0.1973     0.1278     0.0846 5.7216e-01     4.0105      4.054      5.879    10.7036 0.0000e+00
      4.152      0.074     7.1641     87.399     44.085  31.447866     3.7800     0.1744     0.1278     0.0846 5.8334e-01     4.1307      4.071      5.905    10.6987 0.0000e+00
      4.172      0.074     7.9652     89.480     44.084  31.436824     3.7800     0.1744     0.1278     0.0846 5.4700e-01     4.0406      4.091      5.933    10.6984 0.0000e+00
      4.192      0.073     8.6979     90.174     44.085  31.430418     3.8700     0.1782     0.0426     0.1692 4.8496e-01     4.0857      4.111      5.963    10.6927 0.0000e+00
      4.213      0.071     9.2946     89.895     44.089  31.430899     3.8700     0.2011     0.0426     0.1692 4.7114e-01     4.1007      4.131      5.992    10.6798 0.0000e+00
      4.231      0.068     9.7125     89.052     44.091  31.434437     3.8700     0.1859     0.0426     0.1692 4.7992e-01     4.0406      4.149      6.018    10.6650 0.0000e+00
      4.247      0.064     9.9464     87.962     44.089  31.438014     3.8700     0.1935     0.0426     0.1692 4.7443e-01     4.0406      4.165      6.041    10.6528 0.0000e+00
      4.262      0.062    10.0253     86.824     44.083  31.438624     3.7800     0.2011     0.0852     0.0846 5.0716e-01     4.0105      4.179      6.062    10.6447 0.0000e+00
      4.276      0.061     9.9947     85.723     44.070  31.428511     3.7800     0.1744     0.0852     0.0846 4.7764e-01     4.1007      4.193      6.082    10.6422 0.0000e+00
      4.290      0.062     9.9003     84.648     44.051  31.404977     3.7800     0.2011     0.0852     0.0846 4.8369e-01     3.9354      4.207      6.102    10.6449 0.0000e+00
      4.305      0.065     9.7777     83.534     44.034  31.373628     3.7800     0.1935     0.0852     0.0846 4.7217e-01     3.9654      4.222      6.124    10.6506 0.0000e+00
