Data/DataNotYetUploadedToEDI/Raw_CTD/RawDownloads/062022_fcr50_0005.cnv
* Sea-Bird SBE19plus  Data File:
* FileName = C:\R\Reservoirs\Data\DataNotYetUploadedToEDI\Raw_CTD\RawDownloads\062022_bvr01_0005.hex
* Software version 2.8.0.119
* Temperature SN = 7809
* Conductivity SN = 7809
* System UpLoad Time = Jun 21 2022 11:24:37
* <ApplicationData>
* <Seaterm232>
# nquan = 15
# nvalues = 975                         
# units = specified
# name 0 = depFM: Depth [fresh water, m]
# name 1 = dz/dtM: Descent Rate [m/s]
# name 2 = sbeox0Mg/L: Oxygen, SBE 43 [mg/l]
# name 3 = sbeox0PS: Oxygen, SBE 43 [% saturation]
# name 4 = specc: Specific Conductance [uS/cm]
# name 5 = c0uS/cm: Conductivity [uS/cm]
# name 6 = flECO-AFL: Fluorescence, WET Labs ECO-AFL/FL [mg/m^3]
# name 7 = ph: pH
# name 8 = orp: Oxidation Reduction Potential [mV]
# name 9 = par/sat/log: PAR/Logarithmic, Satlantic
# name 10 = turbWETntu0: Turbidity, WET Labs ECO [NTU]
# name 11 = prdM: Pressure, Strain Gauge [db]
# name 12 = prdE: Pressure, Strain Gauge [psi]
# name 13 = tv290C: Temperature [ITS-90, deg C]
# name 14 = flag:  0.000e+00
# span 0 =     -0.591,      9.489       
# span 1 =     -0.554,      0.214       
# span 2 =     0.0573,    10.7993       
# span 3 =      0.514,    126.080       
# span 4 =      0.091,    291.764       
# span 5 =   0.084033, 203.614358       
# span 6 =    -0.1388,     4.5168       
# span 7 =     -2.471,     10.003       
# span 8 = -1240.7455,   207.6897       
# span 9 = 1.2358e-01, 5.8307e+02       
# span 10 =    -0.2803,   349.9707      
# span 11 =     -0.580,      9.307      
# span 12 =     -0.840,     13.498      
# span 13 =     9.7380,    23.3639      
# span 14 = 0.0000e+00, 0.0000e+00      
# interval = seconds: 0.25
# start_time = Jun 20 2022 11:46:03 [Instrument's time stamp, header]
# bad_flag = -9.990e-29
*END*
[from data line 579]
      6.739      0.071     0.4056      3.790     47.224  33.063747     3.2419      7.359    -6.7577 1.2383e-01     6.7612      6.614      9.592    10.0174 0.0000e+00
      6.755      0.071     0.4080      3.841     47.207  33.049954     3.2768      7.354    -6.2104 1.2387e-01     6.8729      6.625      9.609    10.0136 0.0000e+00
      6.770      0.067     0.4167      3.882     47.241  33.072126     3.2754      7.350    -5.5702 1.2386e-01     6.8847      6.637      9.625    10.0098 0.0000e+00
      6.789      0.062     0.4238      3.902     47.253  33.078197     3.2498      7.348    -4.9543 1.2382e-01     6.8013      6.660      9.660    10.0069 0.0000e+00
      6.805      0.059     0.4264      3.913     47.231  33.059949     3.2337      7.346    -4.3562 1.2384e-01     6.6848      6.677      9.684    10.0050 0.0000e+00
      6.816      0.058     0.4341      3.928     47.208  33.041712     3.2391      7.343    -3.6736 1.2386e-01     6.6368      6.683      9.692    10.0031 0.0000e+00
      6.829      0.057     0.4398      3.970     47.218  33.047906     3.2562      7.340    -2.9811 1.2383e-01     6.6648      6.694      9.708    10.0006 0.0000e+00
      6.846      0.056     0.4401      4.028     47.252  33.071439     3.2663      7.337    -2.4371 1.2376e-01     6.6480      6.715      9.739     9.9986 0.0000e+00
      6.861      0.055     0.4426      4.069     47.252  33.072624     3.2612      7.332    -1.9999 1.2371e-01     6.6049      6.730      9.761     9.9960 0.0000e+00
      6.874      0.054     0.4413      4.100     47.236  33.062233     3.2536      7.328    -1.6530 1.2369e-01     6.5865      6.739      9.775     9.9933 0.0000e+00
      6.889      0.053     0.4472      4.146     47.248  33.072618     3.2487      7.325    -1.4259 1.2371e-01     6.5970      6.756      9.799     9.9920 0.0000e+00
      6.903      0.052     0.4562      4.206     47.244  33.071371     3.2103      7.323    -1.0610 1.2372e-01     6.6289      6.771      9.820     9.9923 0.0000e+00
      6.913      0.052     0.4597      4.258     47.210  33.047163     3.1294      7.321    -0.4247 1.2369e-01     6.6312      6.779      9.831     9.9935 0.0000e+00
      6.925      0.052     0.4620      4.294     47.194  33.033538     3.0787      7.318     0.3313 1.2368e-01     6.6584      6.790      9.848     9.9942 0.0000e+00
      6.939      0.051     0.4667      4.316     47.199  33.033433     3.0798      7.316     1.0235 1.2378e-01     6.6846      6.805      9.870     9.9961 0.0000e+00
      6.953      0.048     0.4757      4.334     47.222  33.045896     3.1093      7.313     1.3200 1.2385e-01     6.6062      6.818      9.889     9.9986 0.0000e+00
      6.968      0.043     0.4811      4.352     47.242  33.057415     3.1448      7.310     1.5085 1.2384e-01     6.4621      6.833      9.910     9.9986 0.0000e+00
      6.982      0.038     0.4857      4.373     47.226  33.045887     3.1508      7.308     2.0972 1.2381e-01     6.3772      6.850      9.935     9.9959 0.0000e+00
      6.990      0.033     0.4871      4.403     47.205  33.033320     3.1400      7.305     2.7598 1.2381e-01     6.4000      6.857      9.946     9.9914 0.0000e+00
      6.991      0.027     0.4894      4.433     47.200  33.032280     3.1308      7.301     3.3248 1.2386e-01     6.4301      6.854      9.941     9.9867 0.0000e+00
      6.995      0.022     0.4914      4.456     47.201  33.033320     3.1226      7.298     3.9384 1.2388e-01     6.3990      6.857      9.946     9.9841 0.0000e+00
      7.004      0.017     0.4930      4.478     47.222  33.045896     3.1330      7.297     4.2420 1.2387e-01     6.3653      6.870      9.964     9.9835 0.0000e+00
      7.010      0.013     0.4973      4.503     47.242  33.057529     3.1480      7.294     4.2416 1.2383e-01     6.3646      6.878      9.975     9.9858 0.0000e+00
      7.012      0.011     0.5005      4.512     47.227  33.047154     3.1465      7.290     4.5364 1.2382e-01     6.3906      6.877      9.974     9.9915 0.0000e+00
      7.012      0.008     0.5034      4.509     47.224  33.047263     3.1565      7.287     4.9665 1.2383e-01     6.4413      6.876      9.973     9.9915 0.0000e+00
      7.012      0.006     0.5047      4.513     47.235  33.058843     3.1852      7.284     5.3989 1.2379e-01     6.4307      6.878      9.975     9.9863 0.0000e+00
      7.013      0.004     0.5096      4.501     47.232  33.060368     3.2022      7.281     5.9784 1.2374e-01     6.3307      6.877      9.974     9.9837 0.0000e+00
      7.015      0.004     0.5106      4.482     47.237  33.065713     3.2042      7.278     6.3812 1.2370e-01     6.2912      6.878      9.976     9.9846 0.0000e+00
      7.018      0.004     0.5075      4.483     47.227  33.060064     3.2337      7.276     6.5687 1.2368e-01     6.3623      6.883      9.983     9.9874 0.0000e+00
      7.019      0.004     0.5110      4.492     47.216  33.055465     3.2926      7.273     6.7823 1.2371e-01     6.4391      6.884      9.985     9.9915 0.0000e+00
      7.019      0.003     0.5087      4.492     47.236  33.073510     3.3174      7.271     7.1578 1.2372e-01     6.4341      6.882      9.983     9.9959 0.0000e+00
      7.019      0.002     0.5040      4.488     47.250  33.088038     3.3087      7.268     7.5808 1.2369e-01     6.3705      6.882      9.982     9.9979 0.0000e+00
      7.020      0.001     0.5060      4.490     47.267  33.104324     3.3122      7.265     7.9394 1.2372e-01     6.3532      6.884      9.985     9.9982 0.0000e+00
      7.020      0.001     0.5074      4.498     47.314  33.143619     3.3263      7.261     8.3954 1.2379e-01     6.3962      6.884      9.985    10.0016 0.0000e+00
      7.020      0.001     0.5072      4.489     47.357  33.182721     3.3376      7.258     8.9655 1.2382e-01     6.4456      6.884      9.984    10.0065 0.0000e+00
      7.021      0.001     0.5060      4.472     47.358  33.196678     3.3408      7.255     9.4116 1.2377e-01     6.4381      6.885      9.986    10.0110 0.0000e+00
      7.021      0.001     0.5058      4.463     47.318  33.185574     3.3397      7.253     9.6595 1.2370e-01     6.3736      6.885      9.987    10.0161 0.0000e+00
      7.022      0.001     0.5088      4.447     47.283  33.175304     3.3575      7.251     9.9831 1.2369e-01     6.3496      6.886      9.987    10.0216 0.0000e+00
      7.022      0.001     0.5068      4.422     47.308  33.199325     3.3901      7.249    10.7433 1.2368e-01     6.3870      6.886      9.987    10.0304 0.0000e+00
      7.022      0.001     0.5030      4.399     47.338  33.222391     3.4100      7.246    11.6238 1.2368e-01     6.4153      6.886      9.987    10.0446 0.0000e+00
      7.022      0.001     0.5038      4.369     47.302  33.200574     3.4062      7.243    12.1116 1.2368e-01     6.3847      6.886      9.988    10.0656 0.0000e+00
      7.022      0.001     0.5014      4.332     47.282  33.189159     3.3937      7.241    12.3392 1.2372e-01     6.3237      6.886      9.988    10.0832 0.0000e+00
      7.023      0.002     0.4975      4.299     47.312  33.211198     3.3918      7.239    12.4827 1.2378e-01     6.3272      6.887      9.988    10.0869 0.0000e+00
      7.023      0.004     0.4961      4.273     47.314  33.213414     3.3914      7.236    12.7282 1.2382e-01     6.3927      6.887      9.988    10.0873 0.0000e+00
      7.023      0.005     0.4922      4.247     47.319  33.215962     3.3891      7.233    13.3287 1.2385e-01     6.4329      6.887      9.988    10.0920 0.0000e+00
      7.025      0.006     0.4875      4.216     47.360  33.242001     3.3724      7.230    14.1512 1.2386e-01     6.4028      6.888      9.990    10.0951 0.0000e+00
      7.028      0.007     0.4839      4.180     47.406  33.274620     3.3304      7.227    14.7567 1.2383e-01     6.3358      6.892      9.996    10.0955 0.0000e+00
      7.030      0.007     0.4812      4.135     47.420  33.293326     3.3061      7.226    15.1436 1.2380e-01     6.3404      6.895     10.001    10.0973 0.0000e+00
      7.032      0.006     0.4786      4.088     47.375  33.277965     3.3124      7.224    15.5593 1.2378e-01     6.3914      6.896     10.002    10.0981 0.0000e+00
      7.033      0.005     0.4749      4.046     47.352  33.279133     3.3059      7.220    15.8248 1.2378e-01     6.4403      6.897     10.003    10.0913 0.0000e+00
      7.034      0.005     0.4711      4.003     47.372  33.307458     3.2694      7.218    16.0311 1.2379e-01     6.5212      6.898     10.004    10.0885 0.0000e+00
      7.034      0.005     0.4661      3.963     47.355  33.303434     3.2378      7.217    16.5046 1.2378e-01     6.5839      6.898     10.004    10.0999 0.0000e+00
      7.034      0.006     0.4594      3.938     47.340  33.293892     3.2401      7.214    17.0765 1.2374e-01     6.6174      6.898     10.004    10.1188 0.0000e+00
      7.036      0.006     0.4553      3.915     47.376  33.318906     3.2551      7.210    17.4388 1.2371e-01     6.6188      6.900     10.007    10.1388 0.0000e+00
      7.040      0.006     0.4504      3.904     47.416  33.352244     3.2528      7.208    17.6156 1.2372e-01     6.5671      6.904     10.014    10.1548 0.0000e+00
      7.043      0.006     0.4441      3.924     47.440  33.379956     3.2458      7.207    17.8378 1.2377e-01     6.5723      6.908     10.019    10.1642 0.0000e+00
      7.043      0.005     0.4432      3.954     47.457  33.400351     3.2447      7.204    18.1468 1.2382e-01     6.6137      6.907     10.017    10.1630 0.0000e+00
      7.043      0.003     0.4402      3.969     47.467  33.408636     3.2227      7.201    18.4262 1.2377e-01     6.6229      6.907     10.018    10.1578 0.0000e+00
      7.043      0.001     0.4366      3.961     47.481  33.416727     3.1800      7.198    18.7215 1.2372e-01     6.6503      6.908     10.019    10.1644 0.0000e+00
      7.043      0.000     0.4410      3.942     47.505  33.434777     3.1440      7.198    19.1358 1.2377e-01     6.6370      6.907     10.018    10.1814 0.0000e+00
      7.044 2.2336e-08     0.4450      3.934     47.492  33.436659     3.1297      7.196    19.5638 1.2382e-01     6.6340      6.908     10.019    10.1898 0.0000e+00
      7.044 2.4570e-07     0.4468      3.918     47.475  33.439494     3.1312      7.194    19.8526 1.2382e-01     6.6471      6.908     10.019    10.1904 0.0000e+00
      7.044 2.4570e-07     0.4461      3.884     47.505  33.469063     3.1461      7.191    19.9597 1.2381e-01     6.5567      6.908     10.019    10.1860 0.0000e+00
      7.044 2.2343e-08     0.4416      3.852     47.515  33.477143     3.1597      7.188    20.0842 1.2378e-01     6.4289      6.907     10.018    10.1829 0.0000e+00
      7.044 2.1014e-09     0.4425      3.822     47.514  33.473790     3.1454      7.185    20.4115 1.2376e-01     6.3663      6.908     10.019    10.1983 0.0000e+00
      7.044 9.6326e-10     0.4412      3.792     47.544  33.491934     3.1235      7.182    20.7332 1.2380e-01     6.3807      6.908     10.019    10.2182 0.0000e+00
      7.044 8.5821e-09     0.4353      3.772     47.569  33.506297     3.1283      7.180    21.0486 1.2378e-01     6.4322      6.908     10.019    10.2274 0.0000e+00
      7.044 9.4220e-08     0.4323      3.767     47.593  33.520632     3.1443      7.179    21.4722 1.2377e-01     6.4424      6.908     10.019    10.2265 0.0000e+00
      7.044      0.000     0.4294      3.747     47.620  33.538441     3.1429      7.177    21.7253 1.2379e-01     6.3674      6.908     10.019    10.2233 0.0000e+00
      7.044      0.000     0.4254      3.717     47.606  33.531408     3.1368      7.176    21.7851 1.2376e-01     6.3095      6.908     10.019    10.2204 0.0000e+00
      7.044      0.000     0.4220      3.701     47.551  33.499003     3.1446      7.173    22.0231 1.2376e-01     6.3581      6.908     10.019    10.2157 0.0000e+00
      7.044      0.001     0.4245      3.692     47.490  33.463678     3.1620      7.170    22.4529 1.2380e-01     6.4424      6.908     10.019    10.2132 0.0000e+00
      7.044      0.005     0.4219      3.682     47.425  33.421329     3.1642      7.168    22.8517 1.2374e-01     6.4407      6.908     10.019    10.2122 0.0000e+00
      7.044      0.012     0.4157      3.652     47.364  33.367413     3.1379      7.168    23.1455 1.2373e-01     6.3716      6.909     10.020    10.2123 0.0000e+00
      7.045      0.021     0.4159      3.609     47.334  33.319014     3.1028      7.167    23.3380 1.2379e-01     6.3587      6.908     10.019    10.2219 0.0000e+00
      7.050      0.032     0.4138      3.592     47.322  33.279950     3.0808      7.165    23.5438 1.2381e-01     6.4209      6.911     10.024    10.2315 0.0000e+00
      7.060      0.042     0.4145      3.600     47.348  33.275503     3.0797      7.164    23.8278 1.2379e-01     6.4750      6.922     10.038    10.2382 0.0000e+00
      7.076      0.051     0.4111      3.602     47.345  33.265215     3.0899      7.163    24.1033 1.2372e-01     6.4663      6.938     10.063    10.2300 0.0000e+00
      7.094      0.059     0.4036      3.609     47.279  33.218958     3.1458      7.162    24.3806 1.2365e-01     6.4867      6.957     10.090    10.1929 0.0000e+00
      7.110      0.065     0.4026      3.649     47.380  33.286855     3.2554      7.161    24.6846 1.2371e-01     6.5842      6.973     10.114    10.1575 0.0000e+00
      7.125      0.070     0.4061      3.715     47.618  33.452099     3.3171      7.160    24.9398 1.2381e-01     6.6558      6.986     10.133    10.1299 0.0000e+00
      7.141      0.075     0.4055      3.795     47.681  33.504944     3.3171      7.158    25.1432 1.2380e-01     6.6693      7.001     10.154    10.1220 0.0000e+00
      7.161      0.081     0.4037      3.872     47.543  33.418560     3.3141      7.157    25.3376 1.2378e-01     6.6453      7.021     10.183    10.1334 0.0000e+00
      7.182      0.087     0.4100      3.934     47.371  33.295339     3.3062      7.156    25.5687 1.2385e-01     6.6039      7.042     10.215    10.1263 0.0000e+00
      7.206      0.089     0.4174      3.976     47.287  33.219799     3.3130      7.155    25.7875 1.2391e-01     6.6126      7.065     10.247    10.1158 0.0000e+00
      7.233      0.089     0.4271      3.994     47.296  33.202652     3.3370      7.153    26.0042 1.2393e-01     6.6475      7.093     10.287    10.1318 0.0000e+00
      7.260      0.085     0.4362      3.969     47.338  33.214806     3.3477      7.151    26.2959 1.2383e-01     6.6501      7.122     10.329    10.1493 0.0000e+00
      7.281      0.077     0.4433      3.911     47.389  33.239915     3.3429      7.148    26.7330 1.2367e-01     6.6106      7.144     10.361    10.1466 0.0000e+00
      7.298      0.065     0.4479      3.865     47.419  33.252614     3.3286      7.145    27.3308 1.2365e-01     6.5796      7.158     10.381    10.1264 0.0000e+00
      7.314      0.051     0.4514      3.842     47.409  33.241519     3.3242      7.143    27.7601 1.2370e-01     6.6163      7.173     10.403    10.0948 0.0000e+00
      7.328      0.039     0.4496      3.830     47.395  33.232576     3.3315      7.143    27.9658 1.2372e-01     6.6443      7.190     10.427    10.0766 0.0000e+00
      7.335      0.032     0.4393      3.818     47.453  33.271299     3.3078      7.141    28.0968 1.2375e-01     6.5770      7.196     10.436    10.0699 0.0000e+00
      7.335      0.028     0.4349      3.809     47.554  33.329284     3.2456      7.138    28.1394 1.2383e-01     6.4185      7.192     10.431    10.0584 0.0000e+00
      7.337      0.026     0.4326      3.825     47.634  33.363003     3.1951      7.135    28.3092 1.2385e-01     6.3334      7.193     10.432    10.0540 0.0000e+00
      7.345      0.027     0.4317      3.844     47.749  33.425348     3.1886      7.133    28.6868 1.2383e-01     6.4009      7.202     10.446    10.0569 0.0000e+00
