Data/DataNotYetUploadedToEDI/Raw_CTD/RawDownloads/062022_fcr50_0005.cnv
* Sea-Bird SBE19plus  Data File:
* FileName = C:\R\Reservoirs\Data\DataNotYetUploadedToEDI\Raw_CTD\RawDownloads\062022_bvr01_0005.hex
* Software version 2.8.0.119
* Temperature SN = 7809
* Conductivity SN = 7809
* System UpLoad Time = Jun 21 2022 11:24:37
* <ApplicationData>
* <Seaterm232>
# nquan = 15
# nvalues = 975                         
# units = specified
# name 0 = depFM: Depth [fresh water, m]
# name 1 = dz/dtM: Descent Rate [m/s]
# name 2 = sbeox0Mg/L: Oxygen, SBE 43 [mg/l]
# name 3 = sbeox0PS: Oxygen, SBE 43 [% saturation]
# name 4 = specc: Specific Conductance [uS/cm]
# name 5 = c0uS/cm: Conductivity [uS/cm]
# name 6 = flECO-AFL: Fluorescence, WET Labs ECO-AFL/FL [mg/m^3]
# name 7 = ph: pH
# name 8 = orp: Oxidation Reduction Potential [mV]
# name 9 = par/sat/log: PAR/Logarithmic, Satlantic
# name 10 = turbWETntu0: Turbidity, WET Labs ECO [NTU]
# name 11 = prdM: Pressure, Strain Gauge [db]
# name 12 = prdE: Pressure, Strain Gauge [psi]
# name 13 = tv290C: Temperature [ITS-90, deg C]
# name 14 = flag:  0.000e+00
# span 0 =     -0.591,      9.489       
# span 1 =     -0.554,      0.214       
# span 2 =     0.0573,    10.7993       
# span 3 =      0.514,    126.080       
# span 4 =      0.091,    291.764       
# span 5 =   0.084033, 203.614358       
# span 6 =    -0.1388,     4.5168       
# span 7 =     -2.471,     10.003       
# span 8 = -1240.7455,   207.6897       
# span 9 = 1.2358e-01, 5.8307e+02       
# span 10 =    -0.2803,   349.9707      
# span 11 =     -0.580,      9.307      
# span 12 =     -0.840,     13.498      
# span 13 =     9.7380,    23.3639      
# span 14 = 0.0000e+00, 0.0000e+00      
# interval = seconds: 0.25
# start_time = Jun 20 2022 11:46:03 [Instrument's time stamp, header]
# bad_flag = -9.990e-29
*END*
[from data line 675]
      7.364      0.038     0.4269      3.822     47.926  33.528058     3.1175      7.131    29.4182 1.2383e-01     6.4043      7.222     10.475    10.0461 0.0000e+00
      7.372      0.044     0.4320      3.741     47.864  33.487630     3.0726      7.129    29.6234 1.2380e-01     6.3378      7.227     10.482    10.0145 0.0000e+00
      7.383      0.048     0.4352      3.597     47.816  33.467449     3.0740      7.128    29.6803 1.2375e-01     6.2934      7.238     10.498     9.9959 0.0000e+00
      7.398      0.052     0.4336      3.410     47.806  33.474285     3.1599      7.126    29.7623 1.2375e-01     6.3118      7.255     10.523     9.9855 0.0000e+00
      7.414      0.056     0.4349      3.156     47.844  33.506889     3.3036      7.124    30.0127 1.2379e-01     6.3552      7.272     10.546     9.9718 0.0000e+00
      7.429      0.056     0.4254      2.855     47.909  33.544643     3.3631      7.123    30.2984 1.2377e-01     6.3403      7.285     10.566     9.9741 0.0000e+00
      7.444      0.051     0.4064      2.576     47.944  33.550309     3.3634      7.120    30.5487 1.2370e-01     6.3368      7.299     10.586     9.9942 0.0000e+00
      7.459      0.046     0.3880      2.326     48.007  33.575381     3.4067      7.118    30.8024 1.2369e-01     6.3468      7.316     10.610    10.0114 0.0000e+00
      7.472      0.043     0.3590      2.099     48.144  33.657543     3.4708      7.117    31.0428 1.2374e-01     6.2899      7.331     10.632    10.0202 0.0000e+00
      7.478      0.041     0.3196      1.905     48.245  33.719420     3.4977      7.115    31.2186 1.2379e-01     6.1959      7.336     10.640    10.0113 0.0000e+00
      7.482      0.041     0.2899      1.734     48.302  33.752860     3.4907      7.112    31.3791 1.2380e-01     6.0983      7.334     10.639     9.9852 0.0000e+00
      7.492      0.042     0.2626      1.590     48.387  33.808234     3.4859      7.110    31.5202 1.2380e-01     6.0655      7.344     10.652     9.9643 0.0000e+00
      7.507      0.045     0.2348      1.474     48.497  33.881676     3.5063      7.108    31.6351 1.2379e-01     6.0731      7.363     10.681     9.9523 0.0000e+00
      7.521      0.047     0.2151      1.348     48.589  33.943356     3.5459      7.106    31.9932 1.2379e-01     6.0192      7.377     10.700     9.9428 0.0000e+00
      7.533      0.048     0.1949      1.209     48.649  33.983329     3.5650      7.103    32.4945 1.2376e-01     5.9612      7.387     10.713     9.9363 0.0000e+00
      7.546      0.047     0.1773      1.077     48.743  34.047942     3.5543      7.102    32.7064 1.2381e-01     5.9181      7.400     10.733     9.9322 0.0000e+00
      7.559      0.046     0.1682      0.953     48.896  34.153918     3.5251      7.101    32.8339 1.2393e-01     5.9073      7.415     10.754     9.9294 0.0000e+00
      7.568      0.047     0.1530      0.843     49.036  34.250134     3.4862      7.099    33.0035 1.2394e-01     5.9674      7.423     10.767     9.9270 0.0000e+00
      7.577      0.049     0.1358      0.742     49.141  34.323569     3.4506      7.097    33.0369 1.2384e-01     5.9619      7.428     10.774     9.9250 0.0000e+00
      7.590      0.051     0.1218      0.664     49.352  34.471132     3.4268      7.095    33.4099 1.2378e-01     5.8739      7.441     10.792     9.9236 0.0000e+00
      7.607      0.054     0.1070      0.640     49.683  34.702715     3.4481      7.093    34.1581 1.2379e-01     5.8266      7.460     10.820     9.9223 0.0000e+00
      7.622      0.055     0.0952      0.650     49.881  34.840855     3.5084      7.091    34.6837 1.2380e-01     5.8682      7.475     10.842     9.9212 0.0000e+00
      7.635      0.052     0.0837      0.663     49.838  34.809769     3.5479      7.089    34.8612 1.2382e-01     5.9672      7.485     10.857     9.9206 0.0000e+00
      7.650      0.047     0.0720      0.682     49.783  34.770720     3.5515      7.087    34.8410 1.2380e-01     5.9648      7.502     10.880     9.9214 0.0000e+00
      7.664      0.044     0.0708      0.689     50.025  34.939416     3.5450      7.085    34.9555 1.2373e-01     5.8729      7.520     10.907     9.9220 0.0000e+00
      7.672      0.042     0.0749      0.690     50.399  35.200770     3.5431      7.082    35.4712 1.2370e-01     5.8464      7.527     10.917     9.9211 0.0000e+00
      7.676      0.040     0.0733      0.700     50.494  35.267460     3.5541      7.080    36.1718 1.2375e-01     5.8849      7.526     10.915     9.9203 0.0000e+00
      7.685      0.039     0.0785      0.692     50.542  35.301881     3.5697      7.079    36.6300 1.2376e-01     5.9617      7.533     10.927     9.9196 0.0000e+00
      7.700      0.040     0.0781      0.670     50.991  35.616954     3.5576      7.076    36.7088 1.2372e-01     5.9901      7.553     10.954     9.9193 0.0000e+00
      7.712      0.042     0.0766      0.669     51.586  36.033146     3.4986      7.075    36.6078 1.2373e-01     5.9544      7.567     10.974     9.9195 0.0000e+00
      7.720      0.043     0.0807      0.681     51.843  36.212148     3.4306      7.074    36.6140 1.2379e-01     5.9056      7.569     10.978     9.9197 0.0000e+00
      7.730      0.042     0.0789      0.682     51.912  36.259326     3.4096      7.071    36.7835 1.2381e-01     5.8780      7.580     10.992     9.9208 0.0000e+00
      7.745      0.042     0.0745      0.687     52.043  36.349908     3.4193      7.069    37.0222 1.2376e-01     5.9280      7.597     11.018     9.9227 0.0000e+00
      7.755      0.044     0.0745      0.693     52.143  36.419556     3.4067      7.067    37.2641 1.2372e-01     5.9980      7.607     11.034     9.9237 0.0000e+00
      7.761      0.048     0.0788      0.695     52.213  36.467281     3.3739      7.064    37.3856 1.2370e-01     6.0757      7.611     11.039     9.9227 0.0000e+00
      7.771      0.051     0.0760      0.692     52.328  36.546461     3.3638      7.061    37.4586 1.2365e-01     6.1493      7.618     11.048     9.9213 0.0000e+00
      7.788      0.052     0.0778      0.693     52.520  36.679328     3.3933      7.060    37.4579 1.2365e-01     6.2057      7.637     11.076     9.9203 0.0000e+00
      7.806      0.053     0.0788      0.707     52.702  36.805443     3.5795      7.059    37.3764 1.2374e-01     6.3476      7.659     11.108     9.9198 0.0000e+00
      7.821      0.052     0.0784      0.709     52.789  36.866384     3.8927      7.056    37.4209 1.2381e-01     6.5322      7.671     11.126     9.9192 0.0000e+00
      7.834      0.048     0.0789      0.701     52.849  36.908829     4.0504      7.052    37.4790 1.2382e-01     6.5933      7.682     11.143     9.9182 0.0000e+00
      7.845      0.044     0.0764      0.696     52.891  36.938140     4.0634      7.048    37.5624 1.2383e-01     6.6082      7.694     11.161     9.9171 0.0000e+00
      7.855      0.043     0.0816      0.691     52.933  36.967114     4.0992      7.046    37.5691 1.2381e-01     6.7124      7.704     11.173     9.9165 0.0000e+00
      7.861      0.045     0.0804      0.690     52.991  37.005483     4.1591      7.045    37.3885 1.2372e-01     6.8281      7.709     11.180     9.9164 0.0000e+00
      7.869      0.048     0.0786      0.680     53.018  37.021544     4.1881      7.042    37.3575 1.2368e-01     6.8457      7.714     11.188     9.9166 0.0000e+00
      7.883      0.049     0.0796      0.662     53.040  37.034473     4.1755      7.039    37.4522 1.2371e-01     6.8227      7.729     11.210     9.9168 0.0000e+00
      7.902      0.049     0.0767      0.639     53.044  37.034963     4.0733      7.037    37.6729 1.2371e-01     6.8579      7.751     11.241     9.9165 0.0000e+00
      7.920      0.048     0.0796      0.631     53.035  37.027474     3.8932      7.034    38.0469 1.2375e-01     6.8950      7.770     11.269     9.9152 0.0000e+00
      7.932      0.044     0.0764      0.639     53.098  37.070749     3.7950      7.032    38.1024 1.2382e-01     6.8958      7.781     11.285     9.9121 0.0000e+00
      7.938      0.038     0.0757      0.631     53.161  37.114279     3.7768      7.029    37.8277 1.2385e-01     6.8676      7.785     11.291     9.9087 0.0000e+00
      7.944      0.033     0.0717      0.626     53.156  37.109868     3.7405      7.027    37.6514 1.2385e-01     6.7931      7.789     11.297     9.9065 0.0000e+00
      7.952      0.030     0.0695      0.641     53.208  37.144250     3.6810      7.024    37.6052 1.2388e-01     6.7465      7.797     11.309     9.9056 0.0000e+00
      7.961      0.032     0.0747      0.661     53.308  37.212900     3.6308      7.022    37.6132 1.2385e-01     6.7149      7.808     11.325     9.9057 0.0000e+00
      7.967      0.037     0.0705      0.665     53.352  37.242306     3.6167      7.021    37.5758 1.2377e-01     6.6491      7.814     11.333     9.9058 0.0000e+00
      7.972      0.042     0.0700      0.661     53.361  37.246124     3.6178      7.018    37.4112 1.2380e-01     6.5997      7.815     11.334     9.9046 0.0000e+00
      7.983      0.046     0.0715      0.651     53.384  37.259061     3.6360      7.014    37.2585 1.2387e-01     6.5960      7.826     11.351     9.9022 0.0000e+00
      8.001      0.050     0.0767      0.638     53.406  37.271882     3.6870      7.011    37.1919 1.2381e-01     6.6395      7.846     11.382     9.9011 0.0000e+00
      8.018      0.052     0.0749      0.633     53.411  37.274305     3.7275      7.009    37.1221 1.2371e-01     6.6466      7.865     11.407     9.9009 0.0000e+00
      8.032      0.052     0.0748      0.620     53.432  37.288356     3.7337      7.008    37.0164 1.2369e-01     6.6134      7.878     11.425     9.8980 0.0000e+00
      8.043      0.049     0.0750      0.618     53.472  37.314933     3.6952      7.005    36.9472 1.2369e-01     6.6480      7.888     11.441     9.8945 0.0000e+00
      8.054      0.045     0.0702      0.632     53.513  37.341971     3.6286      7.002    36.8879 1.2375e-01     6.7575      7.898     11.455     9.8924 0.0000e+00
      8.067      0.043     0.0734      0.626     53.543  37.361588     3.6022      7.000    36.8155 1.2386e-01     6.8441      7.911     11.473     9.8915 0.0000e+00
      8.078      0.043     0.0692      0.616     53.635  37.425287     3.6180      6.998    36.6735 1.2386e-01     6.8421      7.924     11.492     9.8911 0.0000e+00
      8.085      0.045     0.0683      0.628     53.803  37.541375     3.6447      6.996    36.4625 1.2381e-01     6.8009      7.929     11.500     9.8896 0.0000e+00
      8.093      0.047     0.0738      0.644     53.923  37.623664     3.6748      6.995    36.4147 1.2377e-01     6.7909      7.934     11.508     9.8881 0.0000e+00
      8.108      0.047     0.0709      0.641     53.975  37.659195     3.6904      6.994    36.5259 1.2372e-01     6.8233      7.950     11.531     9.8870 0.0000e+00
      8.126      0.047     0.0681      0.613     53.969  37.653883     3.7007      6.991    36.6026 1.2375e-01     6.8849      7.971     11.561     9.8863 0.0000e+00
      8.139      0.045     0.0709      0.599     53.924  37.622861     3.6917      6.989    36.6533 1.2379e-01     6.9548      7.984     11.579     9.8855 0.0000e+00
      8.148      0.042     0.0736      0.619     53.892  37.601215     3.6389      6.988    36.7947 1.2377e-01     7.0193      7.990     11.588     9.8841 0.0000e+00
      8.158      0.040     0.0745      0.625     53.954  37.645840     3.6043      6.987    36.9361 1.2375e-01     7.0848      8.001     11.603     9.8831 0.0000e+00
      8.167      0.040     0.0687      0.604     54.328  37.908739     3.6061      6.985    36.9855 1.2374e-01     7.1311      8.011     11.618     9.8828 0.0000e+00
      8.173      0.043     0.0650      0.588     54.806  38.243075     3.5931      6.983    37.0480 1.2379e-01     7.0664      8.014     11.624     9.8830 0.0000e+00
      8.181      0.045     0.0715      0.590     54.926  38.326981     3.5637      6.982    37.0034 1.2389e-01     6.9177      8.020     11.632     9.8833 0.0000e+00
      8.196      0.048     0.0724      0.594     55.049  38.415882     3.5430      6.980    36.7899 1.2388e-01     6.8368      8.036     11.655     9.8844 0.0000e+00
      8.215      0.052     0.0676      0.595     55.608  38.810588     3.5428      6.978    36.6188 1.2382e-01     6.8736      8.059     11.689     9.8863 0.0000e+00
      8.229      0.055     0.0655      0.597     56.208  39.230563     3.5524      6.976    36.5691 1.2381e-01     6.9185      8.073     11.710     9.8872 0.0000e+00
      8.238      0.053     0.0670      0.608     56.412  39.371233     3.5849      6.973    36.6190 1.2383e-01     6.9700      8.076     11.713     9.8862 0.0000e+00
      8.251      0.047     0.0675      0.639     56.321  39.306356     3.6356      6.970    36.6199 1.2390e-01     7.0867      8.089     11.731     9.8886 0.0000e+00
      8.269      0.042     0.0671      0.665     56.541  39.460932     3.6495      6.968    36.4082 1.2393e-01     7.0995      8.112     11.765     9.8956 0.0000e+00
      8.283      0.042     0.0677      0.670     57.269  39.971670     3.6437      6.967    36.1233 1.2386e-01     7.0569      8.128     11.788     9.8967 0.0000e+00
      8.286      0.043     0.0669      0.655     57.800  40.344134     3.6161      6.965    35.9286 1.2376e-01     7.1179      8.127     11.787     9.8927 0.0000e+00
      8.289      0.042     0.0731      0.630     57.810  40.349049     3.5489      6.963    35.7751 1.2375e-01     7.1883      8.123     11.782     9.8914 0.0000e+00
      8.301      0.039     0.0762      0.612     57.631  40.221379     3.5050      6.961    35.6441 1.2377e-01     7.1561      8.137     11.802     9.8929 0.0000e+00
      8.320      0.035     0.0765      0.592     57.505  40.132472     3.4929      6.959    35.5498 1.2371e-01     7.0706      8.161     11.837     9.8963 0.0000e+00
      8.335      0.032     0.0749      0.585     57.365  40.035202     3.4525      6.957    35.4085 1.2370e-01     7.0089      8.177     11.861     9.8980 0.0000e+00
      8.341      0.027     0.0700      0.592     57.127  39.869857     3.3831      6.955    35.2270 1.2380e-01     6.9561      8.181     11.865     9.8955 0.0000e+00
      8.341      0.020     0.0706      0.594     57.002  39.782396     3.3450      6.952    35.0754 1.2384e-01     6.9446      8.178     11.862     9.8928 0.0000e+00
      8.342      0.014     0.0658      0.596     57.031  39.802260     3.3332      6.950    34.9521 1.2385e-01     6.9038      8.180     11.865     9.8922 0.0000e+00
      8.345      0.010     0.0651      0.599     56.926  39.729477     3.2813      6.949    34.8553 1.2384e-01     6.8043      8.184     11.870     9.8930 0.0000e+00
      8.348      0.009     0.0682      0.605     56.650  39.536635     3.1999      6.948    34.7654 1.2374e-01     6.8006      8.186     11.873     9.8933 0.0000e+00
      8.352      0.009     0.0665      0.615     56.505  39.436825     3.1574      6.946    34.7259 1.2363e-01     6.8931      8.190     11.879     9.8930 0.0000e+00
      8.355      0.008     0.0678      0.620     56.557  39.474061     3.1504      6.944    34.8074 1.2358e-01     6.9665      8.194     11.886     9.8932 0.0000e+00
      8.356      0.008     0.0677      0.617     56.563  39.479450     3.1479      6.944    34.8894 1.2366e-01     6.9366      8.195     11.887     9.8933 0.0000e+00
      8.357      0.009     0.0678      0.612     56.502  39.438565     3.1439      6.943    34.7714 1.2381e-01     6.8390      8.194     11.885     9.8932 0.0000e+00
      8.358      0.014     0.0702      0.626     56.567  39.487118     3.1443      6.942    34.4996 1.2390e-01     6.8102      8.196     11.887     9.8942 0.0000e+00
      8.359      0.023     0.0701      0.639     57.209  39.939662     3.1519      6.940    34.2701 1.2389e-01     6.8623      8.197     11.889     9.8957 0.0000e+00
      8.363      0.035     0.0706      0.629     59.055  41.231457     3.1528      6.938    34.1480 1.2384e-01     6.8885      8.200     11.893     9.8961 0.0000e+00
