Data/DataNotYetUploadedToEDI/Raw_CTD/RawDownloads/062022_bvr50_0004.cnv
* Sea-Bird SBE19plus  Data File:
* FileName = C:\R\Reservoirs\Data\DataNotYetUploadedToEDI\Raw_CTD\RawDownloads\062022_bvr01_0004.hex
* Software version 2.8.0.119
* Temperature SN = 7809
* Conductivity SN = 7809
* System UpLoad Time = Jun 21 2022 11:24:11
* <ApplicationData>
* <Seaterm232>
# nquan = 15
# nvalues = 1594                        
# units = specified
# name 0 = depFM: Depth [fresh water, m]
# name 1 = dz/dtM: Descent Rate [m/s]
# name 2 = sbeox0Mg/L: Oxygen, SBE 43 [mg/l]
# name 3 = sbeox0PS: Oxygen, SBE 43 [% saturation]
# name 4 = specc: Specific Conductance [uS/cm]
# name 5 = c0uS/cm: Conductivity [uS/cm]
# name 6 = flECO-AFL: Fluorescence, WET Labs ECO-AFL/FL [mg/m^3]
# name 7 = ph: pH
# name 8 = orp: Oxidation Reduction Potential [mV]
# name 9 = par/sat/log: PAR/Logarithmic, Satlantic
# name 10 = turbWETntu0: Turbidity, WET Labs ECO [NTU]
# name 11 = prdM: Pressure, Strain Gauge [db]
# name 12 = prdE: Pressure, Strain Gauge [psi]
# name 13 = tv290C: Temperature [ITS-90, deg C]
# name 14 = flag:  0.000e+00
# span 0 =     -0.666,      8.368       
# span 1 =     -0.264,      0.219       
# span 2 =     0.0397,     8.1611       
# span 3 =      0.383,     96.237       
# span 4 =      0.224,    231.681       
# span 5 =   0.225428, 160.119778       
# span 6 =    -0.7764,     5.0292       
# span 7 =      5.940,     12.609       
# span 8 = -1240.7449,  1207.6824       
# span 9 = 1.2361e-01, 1.6525e+03       
# span 10 =   -12.2161,    42.7027      
# span 11 =     -0.654,      8.206      
# span 12 =     -0.948,     11.903      
# span 13 =     9.5480,    25.2709      
# span 14 = 0.0000e+00, 0.0000e+00      
# interval = seconds: 0.25
# start_time = Jun 20 2022 09:57:13 [Instrument's time stamp, header]
# bad_flag = -9.990e-29
*END*
[from data line 1543]
      0.168     -0.112     4.2578     52.813     29.972  27.829187     2.7885      8.783   -26.9956 5.8012e+02    14.6319      0.167      0.242    21.2773 0.0000e+00
      0.166     -0.093     4.3630     53.532     30.065  27.941862     2.8045      8.810   -32.7749 6.1579e+02    14.6703      0.173      0.251    21.3138 0.0000e+00
      0.141     -0.083     4.4844     54.156     30.171  28.069367     2.8438      8.836   -46.9629 6.8956e+02    14.7497      0.146      0.213    21.3485 0.0000e+00
      0.097     -0.082     4.5952     54.744     30.243  28.166536     2.9048      8.862   -43.4130 8.6213e+02    14.9091      0.091      0.133    21.3818 0.0000e+00
      0.058     -0.082     4.6799     55.195     30.275  28.229343     2.9436      8.891   -23.0650 9.6476e+02    15.0251      0.047      0.069    21.4183 0.0000e+00
      0.038     -0.081     4.7298     55.421     30.270  28.258326     2.9626      8.922    -7.1723 9.4710e+02    15.0945      0.031      0.046    21.4629 0.0000e+00
      0.036     -0.076     4.7791     55.442     30.239  28.263471     3.0019      8.950    -2.5132 9.3470e+02    14.9277      0.034      0.050    21.5105 0.0000e+00
      0.035     -0.075     4.8317     55.395     30.236  28.291593     3.0613      8.975    -2.6103 9.7202e+02    14.5115      0.041      0.060    21.5614 0.0000e+00
      0.017     -0.083     4.8686     55.384     30.262  28.344833     3.0973      8.997    -3.8729 1.0481e+03    14.2978      0.025      0.035    21.6147 0.0000e+00
     -0.014     -0.098     4.8839     55.442     30.292  28.400141     3.1135      9.015    -4.7004 1.2062e+03    14.3589     -0.015     -0.022    21.6720 0.0000e+00
     -0.048     -0.117     4.8736     55.666     30.319  28.453253     3.0902      9.034    -5.0449 1.4639e+03    14.4995     -0.049     -0.071    21.7320 0.0000e+00
     -0.080     -0.135     4.8610     56.176     30.319  28.479941     3.0149      9.056    -6.6606 1.4954e+03    14.5969     -0.077     -0.111    21.7817 0.0000e+00
     -0.115     -0.155     4.8573     56.934     30.280  28.469315     2.9602      9.081   -10.8146 1.3586e+03    14.6481     -0.112     -0.162    21.8266 0.0000e+00
     -0.151     -0.182     4.8542     57.777     30.236  28.451583     2.9454      9.104   -14.6594 1.4598e+03    14.7439     -0.149     -0.216    21.8729 0.0000e+00
     -0.189     -0.210     4.8642     58.580     30.015  28.265578     2.9113      9.125   -17.0973 1.6362e+03    15.3107     -0.182     -0.263    21.9180 0.0000e+00
     -0.240     -0.230     4.9055     59.256     29.620  27.931822     2.5726      9.140   -24.9762 1.6525e+03    22.3897     -0.222     -0.323    21.9633 0.0000e+00
     -0.319     -0.236     4.9757     59.754     31.183  29.487093     1.9553      9.145   -40.8337 1.5874e+03    35.5690     -0.306     -0.444    22.0056 0.0000e+00
     -0.410     -0.230     5.0480     60.154     33.074  31.346893     1.6063      9.141   -55.3342 1.5333e+03    42.7027     -0.411     -0.597    22.0440 0.0000e+00
     -0.481     -0.208     5.1173     60.629     31.076  29.434170     1.5238      9.139   -56.1849 1.4479e+03    42.5438     -0.483     -0.701    22.0785 0.0000e+00
     -0.523     -0.159     5.1763     61.335     28.297  26.710968     0.9336      9.144   -39.1603 1.2180e+03    33.3738     -0.517     -0.750    22.1124 0.0000e+00
     -0.550     -0.078     5.2025     62.267     27.497  25.870177    -0.1701      9.159   -16.5795 9.7470e+02    16.4083     -0.536     -0.779    22.2489 0.0000e+00
     -0.576      0.024     5.2119     62.964     27.206  25.542947    -0.7764      9.184    -3.8531 9.2261e+02     7.1873     -0.567     -0.823    22.4448 0.0000e+00
     -0.586      0.121     5.2523     62.624     27.040  25.352928    -0.7548      9.209     0.3680 9.0565e+02     6.5996     -0.593     -0.861    22.3992 0.0000e+00
     -0.548      0.190     5.3346     60.944     26.917  25.220465     0.2249      9.231     2.6235 9.0015e+02     9.0292     -0.565     -0.820    22.1689 0.0000e+00
     -0.447      0.219     5.4443     58.455     26.619  24.955367     2.0384      9.252     2.6810 9.9465e+02    13.5394     -0.449     -0.652    22.0112 0.0000e+00
     -0.320      0.198     5.5488     55.898     26.282  24.682752     3.0194      9.271    -2.4638 1.0331e+03    15.9400     -0.297     -0.432    21.9274 0.0000e+00
     -0.228      0.124     5.5382     53.692     26.078  24.522828     3.0724      9.280   -13.7230 1.0364e+03    16.1585     -0.199     -0.289    21.8690 0.0000e+00
     -0.198      0.008     5.3712     51.922     26.167  24.606177     2.7621      9.279   -29.0869 1.2326e+03    16.2491     -0.174     -0.251    21.8207 0.0000e+00
     -0.231     -0.120     5.1255     50.632     26.468  24.866620     2.1898      9.279   -43.6820 1.5690e+03    16.2839     -0.207     -0.302    21.8387 0.0000e+00
     -0.315     -0.219     4.8759     49.991     24.368  22.855144     1.8702      9.284   -51.8398 1.5093e+03    16.2035     -0.299     -0.434    21.9684 0.0000e+00
     -0.426     -0.264     4.6774     50.208     17.230  16.125909     1.7857      9.290   -53.8150 9.9590e+02    15.5155     -0.419     -0.607    22.0421 0.0000e+00
     -0.536     -0.258     4.5250     51.401      9.041   8.440319     1.3438      9.296   -52.4206 6.2609e+02     8.4439     -0.537     -0.778    22.0163 0.0000e+00
     -0.615     -0.214     4.4076     53.392      5.019   4.671942     0.5713      9.298   -50.3814 6.2669e+02    -4.4645     -0.625     -0.906    21.9894 0.0000e+00
     -0.649     -0.151     4.3542     55.765      4.033   3.746954     0.1531      9.303   -51.3576 6.5873e+02   -11.5383     -0.645     -0.936    21.8885 0.0000e+00
     -0.655     -0.088     4.3795     57.986      3.592   3.334319     0.0991      9.336   -69.2141 4.4475e+02   -12.2161     -0.642     -0.930    21.7308 0.0000e+00
     -0.655     -0.039     4.5034     59.560      3.275   3.038194     0.0854      9.529  -259.3136 2.3622e+02   -11.9762     -0.642     -0.932    21.5939 0.0000e+00
     -0.655     -0.011     4.7017     60.389      3.047   2.825482     0.0791      9.837  -361.5525 1.9557e+02    -8.6374     -0.641     -0.929    21.4976 0.0000e+00
     -0.655     -0.001     4.9312     60.779      2.872   2.661660     0.0558      9.892     7.9280 2.8418e+02    -2.5568     -0.642     -0.931    21.4444 0.0000e+00
     -0.654 5.8412e-10     5.1523     61.224      2.713   2.513494     0.0444      9.659   356.9258 5.1256e+02     0.8088     -0.642     -0.930    21.4095 0.0000e+00
     -0.654 6.4253e-09     5.2958     62.226      2.552   2.363449     0.0829      9.586    91.7813 7.1386e+02     1.2436     -0.642     -0.930    21.3836 0.0000e+00
     -0.654 7.0678e-08     5.3593     63.989      2.352   2.176902     0.5053      9.837  -398.3657 7.8764e+02     2.1192     -0.642     -0.931    21.3602 0.0000e+00
     -0.654 3.6810e-08     5.3821     66.347      2.126   1.967211     1.2727     10.198  -443.3535 8.1029e+02     3.6758     -0.642     -0.930    21.3383 0.0000e+00
     -0.654 -4.031e-07     5.4037     69.027      1.936   1.790545     1.6717     10.598  -483.1355 8.2299e+02     4.5227     -0.642     -0.930    21.3179 0.0000e+00
     -0.654     -0.000     5.4880     71.740      1.687   1.560146     1.6666     11.081  -831.0985 8.1838e+02     4.5705     -0.642     -0.931    21.2984 0.0000e+00
     -0.654     -0.000     5.6549     74.193      1.375   1.270485     1.3442     11.734 -1008.6746 8.0748e+02     4.0820     -0.641     -0.930    21.2790 0.0000e+00
     -0.654     -0.001     5.8751     76.118      1.163   1.073604     0.7364     12.365  -945.8033 8.0324e+02     3.1261     -0.641     -0.930    21.2594 0.0000e+00
     -0.654     -0.001     6.1218     76.913      1.100   1.015437     0.4273     12.609  -884.6857 8.0252e+02     2.6459     -0.642     -0.931    21.2411 0.0000e+00
     -0.655 -9.990e-29     6.3790 -9.990e-29 -9.990e-29 -9.990e-29 -9.990e-29 -9.990e-29 -9.990e-29 8.0120e+02 -9.990e-29     -0.642     -0.931    21.2207 0.0000e+00
     -0.655 -9.990e-29     6.5991 -9.990e-29 -9.990e-29 -9.990e-29 -9.990e-29 -9.990e-29 -9.990e-29 8.0147e+02 -9.990e-29     -0.643     -0.932    21.2024 0.0000e+00
     -0.655 -9.990e-29     6.7936 -9.990e-29 -9.990e-29 -9.990e-29 -9.990e-29 -9.990e-29 -9.990e-29 8.0504e+02 -9.990e-29     -0.643     -0.932    21.1793 0.0000e+00
     -0.655 -9.990e-29     6.8984 -9.990e-29 -9.990e-29 -9.990e-29 -9.990e-29 -9.990e-29 -9.990e-29 8.0780e+02 -9.990e-29     -0.643     -0.932    21.1623 0.0000e+00
