Data/DataNotYetUploadedToEDI/Raw_CTD/RawDownloads/062022_bvr50_0004.cnv
* Sea-Bird SBE19plus  Data File:
* FileName = C:\R\Reservoirs\Data\DataNotYetUploadedToEDI\Raw_CTD\RawDownloads\062022_bvr01_0004.hex
* Software version 2.8.0.119
* Temperature SN = 7809
* Conductivity SN = 7809
* System UpLoad Time = Jun 21 2022 11:24:11
* <ApplicationData>
* <Seaterm232>
# nquan = 15
# nvalues = 1594                        
# units = specified
# name 0 = depFM: Depth [fresh water, m]
# name 1 = dz/dtM: Descent Rate [m/s]
# name 2 = sbeox0Mg/L: Oxygen, SBE 43 [mg/l]
# name 3 = sbeox0PS: Oxygen, SBE 43 [% saturation]
# name 4 = specc: Specific Conductance [uS/cm]
# name 5 = c0uS/cm: Conductivity [uS/cm]
# name 6 = flECO-AFL: Fluorescence, WET Labs ECO-AFL/FL [mg/m^3]
# name 7 = ph: pH
# name 8 = orp: Oxidation Reduction Potential [mV]
# name 9 = par/sat/log: PAR/Logarithmic, Satlantic
# name 10 = turbWETntu0: Turbidity, WET Labs ECO [NTU]
# name 11 = prdM: Pressure, Strain Gauge [db]
# name 12 = prdE: Pressure, Strain Gauge [psi]
# name 13 = tv290C: Temperature [ITS-90, deg C]
# name 14 = flag:  0.000e+00
# span 0 =     -0.666,      8.368       
# span 1 =     -0.264,      0.219       
# span 2 =     0.0397,     8.1611       
# span 3 =      0.383,     96.237       
# span 4 =      0.224,    231.681       
# span 5 =   0.225428, 160.119778       
# span 6 =    -0.7764,     5.0292       
# span 7 =      5.940,     12.609       
# span 8 = -1240.7449,  1207.6824       
# span 9 = 1.2361e-01, 1.6525e+03       
# span 10 =   -12.2161,    42.7027      
# span 11 =     -0.654,      8.206      
# span 12 =     -0.948,     11.903      
# span 13 =     9.5480,    25.2709      
# span 14 = 0.0000e+00, 0.0000e+00      
# interval = seconds: 0.25
# start_time = Jun 20 2022 09:57:13 [Instrument's time stamp, header]
# bad_flag = -9.990e-29
*END*
     -0.665 8.6275e-20     6.8605     83.418      0.278   0.279748    -0.1044      6.650 -1240.7449 2.6916e+02    -0.2578     -0.652     -0.946    25.2649 0.0000e+00
     -0.665 7.8435e-21     6.8611     83.408      0.277   0.278588    -0.1149      6.332 -1240.7391 2.5149e+02    -0.2895     -0.653     -0.947    25.2647 0.0000e+00
     -0.665 7.1305e-22     6.8579     83.418      0.277   0.278378    -0.1162      6.027 -1240.6746 2.3944e+02    -0.2896     -0.652     -0.946    25.2648 0.0000e+00
     -0.665 6.4832e-23     6.8595     83.439      0.276   0.277218    -0.1212      5.940 -1239.9654 2.2950e+02    -0.2593     -0.652     -0.947    25.2647 0.0000e+00
     -0.666 6.0217e-24     6.8601     83.454      0.263   0.264558    -0.1162      6.088 -1232.1647 2.1958e+02    -0.1969     -0.653     -0.948    25.2646 0.0000e+00
     -0.666 1.9516e-24     6.8568     83.458      0.250   0.251908    -0.0972      6.273 -1201.5942 2.1701e+02    -0.1160     -0.653     -0.947    25.2648 0.0000e+00
     -0.666 1.5623e-23     6.8589     83.447      0.249   0.250861    -0.0831      6.389 -1150.1389 2.1868e+02    -0.0663     -0.653     -0.947    25.2649 0.0000e+00
     -0.666 1.7133e-22     6.8612     83.436      0.250   0.251898    -0.0877      6.459 -1105.8677 2.1868e+02    -0.1421     -0.653     -0.947    25.2649 0.0000e+00
     -0.666 1.8845e-21     6.8621     83.433      0.263   0.264443    -0.0947      6.506 -1080.9379 2.1535e+02    -0.2471     -0.653     -0.947    25.2650 0.0000e+00
     -0.666 2.0730e-20     6.8631     83.437      0.274   0.275950    -0.0847      6.538 -1068.6313 2.1013e+02    -0.2429     -0.653     -0.947    25.2653 0.0000e+00
     -0.666 2.2803e-19     6.8611     83.456      0.263   0.264432    -0.0825      6.561 -1065.6518 2.0541e+02    -0.2628     -0.653     -0.947    25.2658 0.0000e+00
     -0.666 2.5083e-18     6.8602     83.484      0.250   0.251774    -0.0933      6.573 -1067.6269 2.0248e+02    -0.2828     -0.653     -0.947    25.2661 0.0000e+00
     -0.666 2.7591e-17     6.8602     83.502      0.248   0.249501    -0.0908      6.577 -1071.1741 1.9823e+02    -0.2447     -0.653     -0.947    25.2664 0.0000e+00
     -0.666 3.0351e-16     6.8598     83.502      0.235   0.236947    -0.0847      6.579 -1078.2556 1.9250e+02    -0.2798     -0.653     -0.947    25.2666 0.0000e+00
     -0.666 3.3386e-15     6.8616     83.486      0.225   0.226579    -0.0859      6.581 -1090.0089 1.8959e+02    -0.3313     -0.653     -0.947    25.2668 0.0000e+00
     -0.666 3.6724e-14     6.8647     83.464      0.250   0.250746    -0.0814      6.583 -1102.2055 1.8739e+02    -0.2871     -0.652     -0.946    25.2673 0.0000e+00
     -0.666 4.0397e-13     6.8663     83.461      0.275   0.275950    -0.0715      6.581 -1107.4203 1.8397e+02    -0.2237     -0.653     -0.947    25.2676 0.0000e+00
     -0.666 4.4436e-12     6.8658     83.468      0.277   0.278128    -0.0665      6.576 -1104.4488 1.7967e+02    -0.2492     -0.652     -0.947    25.2679 0.0000e+00
     -0.666 4.8880e-11     6.8649     83.465      0.276   0.277082    -0.0716      6.575 -1103.4458 1.7476e+02    -0.2875     -0.653     -0.946    25.2686 0.0000e+00
     -0.666 5.3768e-10     6.8611     83.454      0.262   0.263300    -0.0822      6.578 -1115.6845 1.7071e+02    -0.2762     -0.653     -0.947    25.2689 0.0000e+00
     -0.666 5.9145e-09     6.8617     83.443      0.237   0.238088    -0.0871      6.582 -1137.5631 1.6525e+02    -0.2828     -0.653     -0.947    25.2693 0.0000e+00
     -0.666 6.5059e-08     6.8633     83.454      0.224   0.225428    -0.0810      6.581 -1151.7619 1.5926e+02    -0.2995     -0.654     -0.948    25.2699 0.0000e+00
     -0.666 7.1565e-07     6.8620     83.484      0.236   0.236833    -0.0830      6.577 -1153.8283 1.6531e+02    -0.3079     -0.653     -0.947    25.2702 0.0000e+00
     -0.666      0.000     6.8618     83.504      0.248   0.249388    -0.0936      6.577 -1159.6222 1.9303e+02    -0.2814     -0.653     -0.947    25.2704 0.0000e+00
     -0.666      0.000     6.8594     83.503      0.249   0.250638    -0.0938      6.584 -1171.8271 2.4378e+02    -0.1840     -0.653     -0.948    25.2705 0.0000e+00
     -0.666      0.001     6.8604     83.491      0.250   0.251946    -0.0937      6.584 -1140.6749 3.2306e+02    -0.1214     -0.653     -0.947    25.2708 0.0000e+00
     -0.666      0.005     6.8642     83.473      0.263   0.265205    -0.1000      6.598  -550.9161 4.3204e+02    -0.1052     -0.653     -0.948    25.2709 0.0000e+00
     -0.666      0.015     6.8664     83.473      0.283   0.284345    -0.0952      6.823   564.5790 5.4484e+02    -0.0559     -0.653     -0.948    25.2708 0.0000e+00
     -0.666      0.028     6.8651     83.502      0.483   0.483378    -0.0856      7.209  1176.3756 6.3202e+02    -0.0376     -0.654     -0.948    25.2707 0.0000e+00
     -0.662      0.041     6.8652     83.523      3.312   3.304668    -0.0918      7.409  1207.6824 6.9321e+02    -0.0551     -0.653     -0.948    25.2707 0.0000e+00
     -0.647      0.056     6.8621     83.526     11.077  11.033086    -0.0956      7.559   943.1059 7.2998e+02    -0.0631     -0.639     -0.926    25.2701 0.0000e+00
     -0.624      0.074     6.8614     83.529     21.300  21.165299    -0.0649      7.917   443.4618 7.4391e+02     0.0372     -0.610     -0.884    25.2708 0.0000e+00
     -0.603      0.098     6.8680     83.530     28.699  28.446082     0.2381      8.366   159.1275 7.5118e+02     1.3958     -0.591     -0.857    25.2543 0.0000e+00
     -0.583      0.123     6.8856     83.526     30.721  30.372001     0.7881      8.751   121.4410 7.6235e+02     3.8956     -0.575     -0.834    25.1286 0.0000e+00
     -0.556      0.146     6.9128     83.541     30.175  29.748506     1.0920      9.041   112.0376 7.7918e+02     5.2233     -0.550     -0.797    24.9097 0.0000e+00
     -0.515      0.167     6.9367     83.617     29.773  29.275304     1.1900      9.253   106.4331 8.0256e+02     5.5614     -0.511     -0.740    24.7225 0.0000e+00
     -0.460      0.184     6.9574     83.801     29.579  29.024440     1.9230      9.398   103.4949 8.2951e+02     8.4627     -0.452     -0.654    24.5682 0.0000e+00
     -0.400      0.197     6.9742     84.088     29.530  28.933885     3.2546      9.502   103.5282 8.5545e+02    13.7257     -0.389     -0.566    24.4238 0.0000e+00
     -0.345      0.204     6.9934     84.446     29.566  28.941017     3.9819      9.575   105.4587 8.6821e+02    16.5907     -0.337     -0.489    24.2829 0.0000e+00
     -0.295      0.204     7.0147     84.875     29.691  29.047243     4.0413      9.610   108.5965 8.5276e+02    16.8348     -0.288     -0.418    24.1468 0.0000e+00
     -0.248      0.196     7.0444     85.357     29.861  29.203997     4.0392      9.616   111.7842 7.8967e+02    16.8136     -0.244     -0.354    24.0445 0.0000e+00
     -0.198      0.181     7.0794     85.834     29.911  29.251570     4.0978      9.621   113.8877 6.4965e+02    16.7787     -0.197     -0.285    23.9768 0.0000e+00
     -0.145      0.161     7.1144     86.248     29.834  29.178711     4.2174      9.636   114.8426 4.7775e+02    16.7204     -0.140     -0.201    23.9321 0.0000e+00
     -0.097      0.136     7.1549     86.568     29.731  29.083747     4.2787      9.655   115.4992 3.6546e+02    16.6544     -0.088     -0.128    23.9048 0.0000e+00
     -0.063      0.108     7.1991     86.775     29.631  28.990823     4.2821      9.677   116.4064 3.1826e+02    16.6304     -0.056     -0.082    23.8909 0.0000e+00
     -0.045      0.078     7.2420     86.875     29.512  28.879252     4.3662      9.700   117.3804 2.9669e+02    16.7715     -0.040     -0.059    23.8881 0.0000e+00
     -0.036      0.051     7.2765     86.898     29.376  28.748979     4.5289      9.724   117.4665 2.8861e+02    17.0627     -0.034     -0.050    23.8948 0.0000e+00
     -0.031      0.032     7.3029     86.863     29.246  28.620085     4.6101      9.746   116.9322 2.8716e+02    17.2132     -0.030     -0.044    23.9045 0.0000e+00
     -0.028      0.023     7.3186     86.773     29.157  28.525192     4.6067      9.762   117.4589 2.8222e+02    17.1572     -0.025     -0.037    23.9140 0.0000e+00
     -0.027      0.022     7.3254     86.608     29.131  28.489052     4.5716      9.772   119.0167 2.7330e+02    17.0001     -0.026     -0.038    23.9224 0.0000e+00
     -0.025      0.023     7.3249     86.193     29.151  28.500041     4.5023      9.779   120.3662 2.6434e+02    16.8171     -0.028     -0.040    23.9292 0.0000e+00
     -0.017      0.023     7.3235     85.410     29.186  28.531269     4.4596      9.784   121.2140 2.5300e+02    16.7213     -0.018     -0.026    23.9298 0.0000e+00
     -0.004      0.023     7.3155     84.535     29.206  28.549681     4.4461      9.789   121.9537 2.3464e+02    16.6949     -0.002     -0.003    23.9138 0.0000e+00
      0.005      0.022     7.3111     83.855     29.190  28.532506     4.4051      9.791   122.5125 2.1792e+02    16.8059      0.007      0.011    23.8901 0.0000e+00
      0.009      0.018     7.2885     83.351     29.174  28.513762     4.3555      9.791   122.5509 2.0937e+02    17.0722      0.009      0.013    23.8756 0.0000e+00
      0.010      0.011     7.2080     82.845     29.178  28.513206     4.3460      9.792   122.5039 2.0268e+02    17.2152      0.009      0.013    23.8699 0.0000e+00
      0.012      0.005     7.1236     82.202     29.197  28.525780     4.3574      9.796   122.6316 1.9776e+02    17.2038      0.011      0.016    23.8696 0.0000e+00
      0.013      0.001     7.0696     81.401     29.217  28.539008     4.3681      9.802   122.8046 1.9841e+02    16.8658      0.014      0.020    23.8696 0.0000e+00
      0.012      0.001     7.0337     80.432     29.230  28.546356     4.3836      9.808   123.1334 2.0583e+02    16.2034      0.012      0.018    23.8643 0.0000e+00
      0.008      0.002     6.9977     79.374     29.238  28.551227     4.3953      9.814   123.5955 2.1646e+02    15.8553      0.007      0.011    23.8547 0.0000e+00
      0.007      0.004     6.9433     78.490     29.222  28.534522     4.4016      9.819   124.0894 2.1931e+02    15.8342      0.006      0.009    23.8437 0.0000e+00
      0.009      0.007     6.8776     77.882     29.222  28.534523     4.4008      9.823   124.7171 2.1230e+02    15.7777      0.008      0.012    23.8329 0.0000e+00
      0.014      0.009     6.7986     77.422     29.238  28.551245     4.3942      9.826   125.4202 2.0332e+02    15.7180      0.014      0.020    23.8235 0.0000e+00
      0.019      0.011     6.6962     77.059     29.231  28.546543     4.3967      9.829   125.7932 1.9847e+02    15.7271      0.019      0.029    23.8171 0.0000e+00
      0.022      0.011     6.6183     76.799     29.222  28.541066     4.4057      9.831   125.9577 1.9711e+02    15.7521      0.022      0.032    23.8150 0.0000e+00
      0.024      0.010     6.5760     76.547     29.226  28.548413     4.4119      9.833   126.2910 1.9211e+02    15.7464      0.024      0.034    23.8168 0.0000e+00
      0.025      0.008     6.5358     76.176     29.248  28.571997     4.4138      9.835   126.7250 1.8732e+02    15.6578      0.024      0.035    23.8202 0.0000e+00
      0.027      0.008     6.5035     75.658     29.246  28.572674     4.4033      9.837   127.1621 1.8750e+02    15.5352      0.025      0.038    23.8245 0.0000e+00
      0.028      0.008     6.4838     75.028     29.227  28.556594     4.3931      9.837   127.7896 1.8755e+02    15.4942      0.027      0.040    23.8293 0.0000e+00
      0.030      0.008     6.4684     74.385     29.237  28.567741     4.3992      9.837   128.6333 1.8585e+02    15.5033      0.030      0.043    23.8340 0.0000e+00
      0.033      0.007     6.4352     73.865     29.249  28.580681     4.3768      9.837   129.1902 1.8010e+02    15.6798      0.033      0.047    23.8386 0.0000e+00
      0.036      0.005     6.3905     73.469     29.253  28.586272     4.3143      9.837   129.3610 1.7413e+02    16.0216      0.035      0.051    23.8430 0.0000e+00
      0.038      0.002     6.3347     73.108     29.238  28.571959     4.2753      9.839   129.4939 1.7306e+02    16.2200      0.037      0.054    23.8470 0.0000e+00
      0.038     -0.002     6.2729     72.761     29.198  28.534398     4.2798      9.844   129.5920 1.7401e+02    16.2344      0.037      0.054    23.8500 0.0000e+00
      0.037     -0.006     6.2302     72.464     29.175  28.512458     4.3022      9.848   129.6015 1.7581e+02    15.7856      0.036      0.052    23.8523 0.0000e+00
      0.034     -0.007     6.2007     72.274     29.157  28.496851     4.3220      9.853   129.6082 1.7890e+02    14.8926      0.033      0.048    23.8543 0.0000e+00
      0.029     -0.007     6.1700     72.273     29.131  28.472467     4.3351      9.859   129.7588 1.8565e+02    14.3874      0.028      0.042    23.8557 0.0000e+00
      0.025     -0.005     6.1392     72.513     29.128  28.471196     4.3442      9.864   129.4434 1.9143e+02    14.3576      0.025      0.035    23.8572 0.0000e+00
      0.024     -0.002     6.1129     72.994     29.138  28.481471     4.3485      9.863   118.9116 1.9198e+02    14.6350      0.023      0.033    23.8593 0.0000e+00
      0.025      0.000     6.0932     73.687     29.125  28.469934     4.3455      9.857    97.3216 1.9147e+02    15.1104      0.023      0.034    23.8617 0.0000e+00
      0.027     -0.005     6.0912     74.474     29.112  28.458482     4.3339      9.850    84.1001 1.8687e+02    15.2893      0.026      0.037    23.8641 0.0000e+00
      0.030     -0.016     6.1119     75.169     29.122  28.469786     4.3333      9.844    93.0152 1.7764e+02    15.2612      0.029      0.043    23.8665 0.0000e+00
      0.032     -0.034     6.1520     75.701     29.131  28.479834     4.3377      9.842   110.2116 1.7843e+02    15.2823      0.034      0.049    23.8684 0.0000e+00
      0.026     -0.056     6.2134     76.131     29.103  28.453201     4.3197      9.838   113.4892 2.0570e+02    15.0322      0.032      0.047    23.8701 0.0000e+00
      0.006     -0.081     6.2877     76.489     29.050  28.401318     4.2992      9.831   115.4365 2.6797e+02    14.4581      0.011      0.016    23.8716 0.0000e+00
     -0.024     -0.108     6.3478     76.654     29.007  28.359620     4.2895      9.832   126.4432 3.5997e+02    14.0797     -0.023     -0.034    23.8740 0.0000e+00
     -0.057     -0.131     6.3892     76.479     28.976  28.329362     4.2860      9.842   133.5997 4.7027e+02    14.0775     -0.056     -0.081    23.8771 0.0000e+00
     -0.093     -0.145     6.4230     75.966     28.934  28.289014     4.3566      9.850   135.2857 5.8188e+02    14.2953     -0.087     -0.127    23.8786 0.0000e+00
     -0.136     -0.149     6.4579     75.198     28.896  28.252104     4.4861      9.855   135.2122 6.5972e+02    14.5266     -0.129     -0.188    23.8780 0.0000e+00
     -0.183     -0.141     6.4787     74.245     28.906  28.263409     4.5448      9.862   135.0342 7.0185e+02    14.5852     -0.184     -0.265    23.8777 0.0000e+00
     -0.225     -0.123     6.4620     73.186     28.939  28.298925     4.5425      9.867   136.1457 7.3592e+02    14.5606     -0.224     -0.324    23.8793 0.0000e+00
     -0.257     -0.096     6.4154     72.116     28.937  28.301208     4.4993      9.862   137.2082 7.6586e+02    14.5702     -0.254     -0.369    23.8804 0.0000e+00
     -0.281     -0.065     6.3491     71.106     28.921  28.291022     4.4128      9.854   136.9535 7.8534e+02    14.5995     -0.282     -0.409    23.8805 0.0000e+00
     -0.290     -0.037     6.2664     70.248     28.927  28.302556     4.3546      9.855   137.1963 7.9659e+02    14.6072     -0.291     -0.421    23.8817 0.0000e+00
     -0.286     -0.016     6.1731     69.661     28.933  28.313891     4.3371      9.864   139.0252 8.0759e+02    14.5943     -0.281     -0.407    23.8862 0.0000e+00
     -0.278     -0.004     6.0802     69.358     28.916  28.301306     4.3760      9.873   140.6534 8.0857e+02    14.5802     -0.270     -0.392    23.8939 0.0000e+00
