Data/DataNotYetUploadedToEDI/Raw_CTD/RawDownloads/062022_fcr50_0005.cnv
* Sea-Bird SBE19plus  Data File:
* FileName = C:\R\Reservoirs\Data\DataNotYetUploadedToEDI\Raw_CTD\RawDownloads\062022_bvr01_0005.hex
* Software version 2.8.0.119
* Temperature SN = 7809
* Conductivity SN = 7809
* System UpLoad Time = Jun 21 2022 11:24:37
* <ApplicationData>
* <Seaterm232>
# nquan = 15
# nvalues = 975                         
# units = specified
# name 0 = depFM: Depth [fresh water, m]
# name 1 = dz/dtM: Descent Rate [m/s]
# name 2 = sbeox0Mg/L: Oxygen, SBE 43 [mg/l]
# name 3 = sbeox0PS: Oxygen, SBE 43 [% saturation]
# name 4 = specc: Specific Conductance [uS/cm]
# name 5 = c0uS/cm: Conductivity [uS/cm]
# name 6 = flECO-AFL: Fluorescence, WET Labs ECO-AFL/FL [mg/m^3]
# name 7 = ph: pH
# name 8 = orp: Oxidation Reduction Potential [mV]
# name 9 = par/sat/log: PAR/Logarithmic, Satlantic
# name 10 = turbWETntu0: Turbidity, WET Labs ECO [NTU]
# name 11 = prdM: Pressure, Strain Gauge [db]
# name 12 = prdE: Pressure, Strain Gauge [psi]
# name 13 = tv290C: Temperature [ITS-90, deg C]
# name 14 = flag:  0.000e+00
# span 0 =     -0.591,      9.489       
# span 1 =     -0.554,      0.214       
# span 2 =     0.0573,    10.7993       
# span 3 =      0.514,    126.080       
# span 4 =      0.091,    291.764       
# span 5 =   0.084033, 203.614358       
# span 6 =    -0.1388,     4.5168       
# span 7 =     -2.471,     10.003       
# span 8 = -1240.7455,   207.6897       
# span 9 = 1.2358e-01, 5.8307e+02       
# span 10 =    -0.2803,   349.9707      
# span 11 =     -0.580,      9.307      
# span 12 =     -0.840,     13.498      
# span 13 =     9.7380,    23.3639      
# span 14 = 0.0000e+00, 0.0000e+00      
# interval = seconds: 0.25
# start_time = Jun 20 2022 11:46:03 [Instrument's time stamp, header]
# bad_flag = -9.990e-29
*END*
[from data line 868]
      8.188     -0.508     0.0601      0.525    290.201 202.528704     2.9230      6.887   -19.9411 1.2368e-01     6.4358      8.029     11.646     9.8956 0.0000e+00
      8.063     -0.509     0.0614      0.514    280.631 195.856990     2.9097      6.896   -19.5453 1.2371e-01     6.4131      7.908     11.469     9.8939 0.0000e+00
      7.940     -0.513     0.0615      0.518    259.578 181.172068     2.8682      6.906   -19.2261 1.2381e-01     6.4140      7.786     11.293     9.8911 0.0000e+00
      7.815     -0.523     0.0597      0.534    229.543 160.217280     2.7887      6.915   -18.9215 1.2384e-01     6.4121      7.670     11.123     9.8909 0.0000e+00
      7.681     -0.534     0.0601      0.538    186.390 130.104718     2.7383      6.924   -18.4435 1.2375e-01     6.3910      7.536     10.929     9.8920 0.0000e+00
      7.541     -0.543     0.0573      0.528    127.637  89.103738     2.7258      6.934   -17.9211 1.2370e-01     6.3296      7.396     10.727     9.8935 0.0000e+00
      7.394     -0.549     0.0575      0.530     76.910  53.711109     2.6542      6.943   -17.4232 1.2378e-01     6.2507      7.256     10.523     9.8951 0.0000e+00
      7.242     -0.554     0.0614      0.547     54.707  38.240055     2.5211      6.951   -16.8968 1.2383e-01     6.1880      7.096     10.292     9.8970 0.0000e+00
      7.102     -0.554     0.0617      0.562     50.267  35.173301     2.4565      6.957   -16.3751 1.2384e-01     6.1866      6.958     10.091     9.8990 0.0000e+00
      6.972     -0.550     0.0588      0.569     49.375  34.579152     2.4475      6.962   -15.8466 1.2382e-01     6.1997      6.845      9.929     9.9021 0.0000e+00
      6.835     -0.542     0.0591      0.586     48.934  34.290234     2.4209      6.967   -15.1537 1.2379e-01     6.2092      6.704      9.724     9.9167 0.0000e+00
      6.691     -0.533     0.0620      0.654     48.810  34.216401     2.3927      6.971   -14.2785 1.2378e-01     6.2332      6.557      9.510     9.9482 0.0000e+00
      6.550     -0.531     0.0640      0.794     48.947  34.320557     2.3803      6.975   -13.4379 1.2376e-01     6.2163      6.425      9.318     9.9865 0.0000e+00
      6.414     -0.534     0.0643      1.006     48.883  34.281418     2.3801      6.978   -12.8204 1.2374e-01     6.2100      6.285      9.115    10.0184 0.0000e+00
      6.289     -0.536     0.0635      1.259     48.651  34.123635     2.3482      6.981   -12.4901 1.2377e-01     6.1911      6.165      8.941    10.0377 0.0000e+00
      6.164     -0.534     0.0712      1.517     48.553  34.061450     2.2779      6.986   -12.1980 1.2378e-01     6.1248      6.056      8.784    10.0498 0.0000e+00
      6.020     -0.528     0.0859      1.767     48.596  34.100226     2.2371      6.990   -11.3532 1.2380e-01     6.0915      5.907      8.567    10.0580 0.0000e+00
      5.869     -0.520     0.1117      1.995     48.652  34.148628     2.2391      6.992   -10.2773 1.2398e-01     6.0951      5.749      8.338    10.0623 0.0000e+00
      5.729     -0.516     0.1425      2.185     48.717  34.202837     2.2431      6.994    -9.7719 1.2582e-01     6.1010      5.615      8.143    10.0669 0.0000e+00
      5.603     -0.515     0.1706      2.325     48.950  34.375217     2.2105      6.996    -9.6304 1.2811e-01     5.9923      5.487      7.958    10.0740 0.0000e+00
      5.492     -0.514     0.2001      2.423     49.225  34.584240     2.1528      6.997    -9.6851 1.3036e-01     5.8060      5.387      7.813    10.0832 0.0000e+00
      5.377     -0.516     0.2260      2.490     49.358  34.701035     2.1364      7.000   -10.0035 1.4291e-01     5.7266      5.287      7.668    10.0926 0.0000e+00
      5.237     -0.523     0.2484      2.525     49.602  34.899673     2.1453      7.001    -9.9528 1.7130e-01     5.6802      5.136      7.451    10.1014 0.0000e+00
      5.087     -0.531     0.2635      2.520     49.914  35.147082     2.1025      7.001    -9.5020 2.0612e-01     5.2794      4.983      7.228    10.1079 0.0000e+00
      4.944     -0.539     0.2737      2.485     50.067  35.282856     2.0184      7.000    -9.3714 2.3867e-01     4.6048      4.849      7.033    10.1223 0.0000e+00
      4.805     -0.542     0.2812      2.439     50.377  35.526752     1.9773      6.999    -9.4921 2.7236e-01     4.2872      4.709      6.829    10.1502 0.0000e+00
      4.674     -0.537     0.2855      2.369     50.930  35.939998     1.9798      6.998    -9.7567 3.0562e-01     4.2742      4.583      6.646    10.1773 0.0000e+00
      4.544     -0.532     0.2847      2.270     51.560  36.411208     1.8996      6.998   -10.3342 3.3020e-01     3.9348      4.462      6.472    10.2041 0.0000e+00
      4.405     -0.527     0.2783      2.149     52.313  36.975345     1.7393      6.996   -10.7961 3.5313e-01     3.2924      4.318      6.263    10.2354 0.0000e+00
      4.268     -0.523     0.2751      2.013     52.637  37.243721     1.6562      6.993   -11.1251 3.8255e-01     2.9965      4.183      6.068    10.2593 0.0000e+00
      4.133     -0.522     0.2667      1.881     52.499  37.182914     1.6523      6.991   -11.8176 4.1782e-01     3.0565      4.055      5.882    10.2796 0.0000e+00
      3.999     -0.523     0.2552      1.749     53.009  37.571962     1.5668      6.990   -12.6295 4.6092e-01     2.9585      3.915      5.680    10.3061 0.0000e+00
      3.874     -0.523     0.2418      1.619     54.122  38.396188     1.3803      6.989   -13.3708 5.1466e-01     2.6318      3.797      5.509    10.3340 0.0000e+00
      3.748     -0.522     0.2243      1.499     54.748  38.903953     1.2618      6.987   -14.4128 5.7888e-01     2.3853      3.685      5.344    10.3743 0.0000e+00
      3.609     -0.519     0.2105      1.386     54.701  38.954792     1.2416      6.986   -15.6787 6.5536e-01     2.3009      3.541      5.134    10.4189 0.0000e+00
      3.467     -0.514     0.1955      1.274     54.480  38.884126     1.2858      6.986   -17.0602 7.4300e-01     2.2272      3.396      4.925    10.4342 0.0000e+00
      3.332     -0.511     0.1801      1.174     54.272  38.810718     1.3878      6.987   -18.3829 8.4074e-01     2.1775      3.268      4.739    10.4555 0.0000e+00
      3.204     -0.507     0.1669      1.082     53.759  38.511273     1.4432      6.988   -18.9381 9.4830e-01     2.1777      3.137      4.550    10.5215 0.0000e+00
      3.085     -0.502     0.1546      1.002     52.965  38.054166     1.4309      6.990   -19.0404 1.0670e+00     2.1608      3.023      4.385    10.6052 0.0000e+00
      2.967     -0.497     0.1407      0.941     52.413  37.850328     1.4228      6.992   -19.6196 1.2072e+00     2.2809      2.918      4.233    10.6868 0.0000e+00
      2.835     -0.494     0.1298      0.889     52.061  37.822700     1.4193      6.992   -20.8647 1.3599e+00     2.5707      2.782      4.034    10.7617 0.0000e+00
      2.700     -0.494     0.1199      0.842     51.647  37.720365     1.4059      6.995   -22.0492 1.5288e+00     2.6937      2.641      3.830    10.8034 0.0000e+00
      2.574     -0.499     0.1095      0.798     51.123  37.501098     1.3854      7.000   -22.0679 1.7586e+00     2.6406      2.525      3.661    10.8830 0.0000e+00
      2.452     -0.504     0.1037      0.763     50.072  36.884052     1.3539      7.005   -21.1779 2.0660e+00     2.6455      2.404      3.487    11.0936 0.0000e+00
      2.331     -0.504     0.0968      0.737     48.520  35.967330     1.3336      7.010   -20.2354 2.5164e+00     2.7186      2.286      3.315    11.3418 0.0000e+00
      2.205     -0.503     0.0919      0.712     47.304  35.422297     1.3320      7.014   -19.3626 3.3001e+00     2.7738      2.171      3.148    11.5251 0.0000e+00
      2.065     -0.504     0.0863      0.706     46.615  35.304242     1.3340      7.017   -18.7989 4.4531e+00     2.7327      2.024      2.936    11.6856 0.0000e+00
      1.926     -0.505     0.0818      0.722     46.077  35.237922     1.3320      7.018   -19.1847 5.7919e+00     2.6994      1.879      2.725    11.8075 0.0000e+00
      1.803     -0.509     0.0801      0.762     45.406  35.001285     1.4249      7.020   -19.8977 7.4375e+00     3.2933      1.769      2.566    11.9943 0.0000e+00
      1.683     -0.511     0.0746      0.852     44.302  34.409117     1.6259      7.025   -19.9341 9.7072e+00     4.4142      1.653      2.398    12.4289 0.0000e+00
      1.558     -0.511     0.0739      1.049     42.979  33.721730     1.7396      7.032   -21.0011 1.2992e+01     5.0132      1.528      2.217    12.9025 0.0000e+00
      1.425     -0.515     0.0752      1.435     42.017  33.411738     1.7584      7.041   -23.5923 1.8117e+01     5.1042      1.404      2.036    13.2576 0.0000e+00
      1.285     -0.523     0.0775      2.055     41.287  33.261253     1.8873      7.051   -28.1192 2.5038e+01     5.9589      1.257      1.823    13.5593 0.0000e+00
      1.148     -0.531     0.0850      2.874     40.407  32.917209     2.1248      7.064   -37.7926 3.3552e+01     7.6610      1.120      1.624    13.7971 0.0000e+00
      1.017     -0.537     0.1006      3.855     39.520  32.549363     2.2576      7.088   -48.9209 4.5795e+01     8.6730      1.004      1.456    14.1619 0.0000e+00
      0.882     -0.541     0.1361      5.054     38.712  32.237846     2.2781      7.128   -56.6698 6.2873e+01     8.8353      0.865      1.256    14.7808 0.0000e+00
      0.744     -0.540     0.1989      6.662     37.933  31.940791     2.4304      7.182   -64.8035 8.6621e+01     9.5546      0.728      1.055    15.3257 0.0000e+00
      0.603     -0.538     0.2806      8.906     37.271  31.747751     2.7249      7.242   -75.8530 1.2301e+02    10.9476      0.598      0.867    15.7198 0.0000e+00
      0.456     -0.534     0.3729     11.830     36.786  31.679482     2.8931      7.303   -87.1066 1.7113e+02    11.7761      0.444      0.643    16.1826 0.0000e+00
      0.318     -0.522     0.4794     15.354     36.462  31.686393     2.9165      7.361   -98.9993 2.3319e+02    12.1589      0.304      0.442    16.6463 0.0000e+00
      0.192     -0.505     0.6190     19.428     36.146  31.641487     2.9316      7.420  -112.3556 3.2876e+02    15.0296      0.194      0.281    17.0836 0.0000e+00
      0.063     -0.482     0.8261     23.948     35.798  31.517213     3.2423      7.484  -120.9998 4.2393e+02    46.5546      0.062      0.090    17.5986 0.0000e+00
     -0.062     -0.452     1.0997     28.767     35.962  31.768998     3.8518      7.556  -124.0160 4.5529e+02   104.4044     -0.069     -0.101    18.0954 0.0000e+00
     -0.174     -0.415     1.4201     33.540     37.104  32.720533     4.1925      7.633  -128.4330 4.4120e+02   135.7572     -0.170     -0.247    18.4714 0.0000e+00
     -0.281     -0.371     1.7954     37.528     38.884  33.892318     4.1483      7.708  -133.1915 4.2290e+02   135.8305     -0.275     -0.399    18.7856 0.0000e+00
     -0.380     -0.318     2.2092     39.978     40.864  34.840877     3.0847      7.773  -133.3691 4.0998e+02   104.7778     -0.385     -0.557    19.0511 0.0000e+00
     -0.454     -0.258     2.6515     40.447     42.731  35.501738     1.1042      7.827  -131.5266 4.0230e+02    47.3774     -0.454     -0.657    19.2217 0.0000e+00
     -0.507     -0.198     3.1205     38.830     43.459  35.286933     0.0361      7.867  -131.1333 3.9512e+02    16.1289     -0.497     -0.720    19.2599 0.0000e+00
     -0.551     -0.140     3.5477     35.549     35.467  28.374523    -0.0082      7.898  -131.6249 3.7943e+02    13.5523     -0.547     -0.794    18.8046 0.0000e+00
     -0.577     -0.090     3.8742     31.609     19.136  15.165034     0.3519      7.921  -130.6741 3.5172e+02    15.5752     -0.574     -0.833    17.7045 0.0000e+00
     -0.583     -0.053     4.0245     28.229      9.473   7.440307     1.0019      7.937  -127.9831 3.2223e+02    19.7158     -0.571     -0.829    16.5049 0.0000e+00
     -0.583     -0.027     3.9360     26.345      7.998   6.260512     1.3516      7.948  -125.2441 2.9746e+02    22.6251     -0.571     -0.829    15.5024 0.0000e+00
     -0.582     -0.009     3.6295     26.422      7.629   5.965915     1.4505      7.955  -123.1107 2.8214e+02    30.4608     -0.571     -0.828    14.7414 0.0000e+00
     -0.582     -0.001     3.2108     28.445      7.309   5.714608     2.2150      7.960  -121.2027 2.7667e+02   114.0458     -0.570     -0.827    14.3272 0.0000e+00
     -0.582     -0.000     2.8415     32.038      6.875   5.374763     3.5947      7.963  -119.2974 2.7423e+02   267.1172     -0.571     -0.828    14.1653 0.0000e+00
     -0.582     -0.000     2.6340     36.603      6.750   5.276010     4.3324      7.964  -118.5720 2.8136e+02   349.9707     -0.571     -0.828    14.1113 0.0000e+00
     -0.582     -0.001     2.6454     41.481      7.162   5.596987     4.3092      7.963  -117.9382 3.1953e+02   349.7268     -0.571     -0.829    14.0936 0.0000e+00
     -0.582     -0.001     2.8680     46.112      7.712   6.026487     3.3308      7.960  -115.9358 3.9372e+02   263.3482     -0.571     -0.828    14.0870 0.0000e+00
     -0.582     -0.000     3.2604     50.107      7.970   6.226752     1.5257      7.959  -114.5803 4.8056e+02   103.7429     -0.572     -0.829    14.0839 0.0000e+00
     -0.582 -1.848e-08     3.7559     53.280      7.914   6.182150     0.5532      7.960  -114.1968 5.4806e+02    16.7010     -0.571     -0.829    14.0800 0.0000e+00
     -0.583 -2.032e-07     4.2777     55.607      7.513   5.867118     0.4781      7.961  -113.4495 5.7956e+02     8.8282     -0.572     -0.828    14.0745 0.0000e+00
     -0.583 -2.035e-07     4.7696     57.152      6.746   5.267041     0.4502      7.963  -111.9985 5.8307e+02     7.9047     -0.572     -0.829    14.0679 0.0000e+00
     -0.583 -2.217e-08     5.1875     58.022      5.763   4.498570     0.2826      7.964  -110.2474 5.7825e+02     5.7059     -0.571     -0.828    14.0606 0.0000e+00
     -0.583 -4.235e-08     5.5154     58.399      4.942   3.856806     0.0085      7.967  -109.3121 5.7883e+02     1.9523     -0.571     -0.829    14.0530 0.0000e+00
     -0.583 -4.475e-07     5.7526     58.483      4.758   3.712231    -0.1259      7.969  -108.9497 5.7547e+02    -0.0068     -0.571     -0.828    14.0447 0.0000e+00
     -0.583     -0.000     5.9105     58.402      4.906   3.826855    -0.1266      7.970  -108.6185 5.5097e+02    -0.1845     -0.572     -0.829    14.0355 0.0000e+00
     -0.582      0.000     5.9939     58.264      4.856   3.786549    -0.1331      7.969  -108.2336 5.1562e+02    -0.2307     -0.571     -0.828    14.0259 0.0000e+00
     -0.582     -0.001     6.0251     58.170      4.705   3.668069    -0.1388      7.965  -106.8775 4.9507e+02    -0.1894     -0.571     -0.828    14.0166 0.0000e+00
     -0.583     -0.002     6.0323     58.152      4.616   3.597247    -0.1199      7.961  -105.2140 4.8698e+02    -0.1293     -0.572     -0.829    14.0070 0.0000e+00
     -0.583     -0.002     6.0214     58.206      4.574   3.563363    -0.1130      7.959  -103.6931 4.7544e+02    -0.1537     -0.573     -0.830    13.9965 0.0000e+00
     -0.584     -0.003     6.0040     58.336      4.509   3.511627    -0.1217      7.959  -102.1689 4.5830e+02    -0.2104     -0.572     -0.829    13.9858 0.0000e+00
     -0.585     -0.003     5.9947     58.519      4.223   3.288262    -0.1163      7.959  -100.7230 4.3357e+02    -0.2001     -0.575     -0.834    13.9746 0.0000e+00
     -0.587     -0.002     5.9961     58.731      3.955   3.078521    -0.1145      7.957   -98.1710 4.0702e+02    -0.2006     -0.576     -0.836    13.9631 0.0000e+00
     -0.587     -0.002     6.0012     58.952      4.183   3.254819    -0.1170      7.954   -95.4039 3.9485e+02    -0.2496     -0.575     -0.834    13.9513 0.0000e+00
     -0.587     -0.001     6.0185     59.167      4.689   3.647181    -0.1215      7.950   -93.5936 4.1279e+02    -0.2803     -0.576     -0.835    13.9394 0.0000e+00
