Data/DataNotYetUploadedToEDI/Raw_CTD/RawDownloads/062022_bvr40_0003.cnv
* Sea-Bird SBE19plus  Data File:
* FileName = C:\R\Reservoirs\Data\DataNotYetUploadedToEDI\Raw_CTD\RawDownloads\062022_bvr01_0003.hex
* Software version 2.8.0.119
* Temperature SN = 7809
* Conductivity SN = 7809
* System UpLoad Time = Jun 21 2022 11:23:29
* <ApplicationData>
* <Seaterm232>
# nquan = 15
# nvalues = 1133                        
# units = specified
# name 0 = depFM: Depth [fresh water, m]
# name 1 = dz/dtM: Descent Rate [m/s]
# name 2 = sbeox0Mg/L: Oxygen, SBE 43 [mg/l]
# name 3 = sbeox0PS: Oxygen, SBE 43 [% saturation]
# name 4 = specc: Specific Conductance [uS/cm]
# name 5 = c0uS/cm: Conductivity [uS/cm]
# name 6 = flECO-AFL: Fluorescence, WET Labs ECO-AFL/FL [mg/m^3]
# name 7 = ph: pH
# name 8 = orp: Oxidation Reduction Potential [mV]
# name 9 = par/sat/log: PAR/Logarithmic, Satlantic
# name 10 = turbWETntu0: Turbidity, WET Labs ECO [NTU]
# name 11 = prdM: Pressure, Strain Gauge [db]
# name 12 = prdE: Pressure, Strain Gauge [psi]
# name 13 = tv290C: Temperature [ITS-90, deg C]
# name 14 = flag:  0.000e+00
# span 0 =     -0.665,      3.164       
# span 1 =     -0.333,      0.188       
# span 2 =     0.0432,     8.0056       
# span 3 =      0.450,     93.285       
# span 4 =      0.058,    258.336       
# span 5 =   0.059348, 210.311380       
# span 6 =    -0.1446,     6.7188       
# span 7 =     -2.322,      9.876       
# span 8 =  -206.3475,  1228.5075       
# span 9 = 1.2363e-01, 9.3495e+02       
# span 10 =    -0.3447,   163.6964      
# span 11 =     -0.654,      3.104      
# span 12 =     -0.948,      4.503      
# span 13 =    15.6765,    25.7430      
# span 14 = 0.0000e+00, 0.0000e+00      
# interval = seconds: 0.25
# start_time = Jun 20 2022 08:39:46 [Instrument's time stamp, header]
# bad_flag = -9.990e-29
*END*
[from data line 290]
      1.190      0.032     7.0509     81.548     28.108  26.588277     1.7325      9.646   148.9231 1.7768e+01    15.1891      1.167      1.692    22.2946 0.0000e+00
      1.196      0.030     7.0553     81.673     28.117  26.595610     1.7124      9.646   149.1524 1.7616e+01    15.0012      1.172      1.700    22.2923 0.0000e+00
      1.203      0.027     7.0624     81.738     28.136  26.612895     1.7167      9.645   149.1851 1.7409e+01    15.0268      1.180      1.711    22.2913 0.0000e+00
      1.210      0.025     7.0763     81.733     28.130  26.607124     1.7430      9.644   149.0603 1.7212e+01    15.0203      1.187      1.721    22.2919 0.0000e+00
      1.216      0.025     7.0900     81.687     28.111  26.589210     1.7725      9.643   149.0201 1.7091e+01    14.9233      1.193      1.731    22.2915 0.0000e+00
      1.221      0.026     7.1024     81.622     28.109  26.586444     1.7821      9.642   149.0427 1.6990e+01    14.8443      1.197      1.737    22.2897 0.0000e+00
      1.227      0.027     7.1095     81.534     28.097  26.573682     1.7841      9.642   149.1624 1.6818e+01    14.8510      1.202      1.743    22.2881 0.0000e+00
      1.235      0.028     7.1069     81.411     28.087  26.561668     1.8045      9.642   149.4345 1.6595e+01    14.9696      1.211      1.756    22.2874 0.0000e+00
      1.243      0.030     7.1029     81.277     28.096  26.567934     1.8377      9.641   149.6651 1.6410e+01    15.1860      1.220      1.769    22.2868 0.0000e+00
      1.250      0.030     7.0974     81.186     28.116  26.586067     1.8444      9.640   149.7135 1.6218e+01    15.3145      1.225      1.777    22.2854 0.0000e+00
      1.259      0.029     7.0908     81.140     28.122  26.590772     1.8353      9.639   149.6763 1.5981e+01    15.2937      1.233      1.789    22.2828 0.0000e+00
      1.268      0.029     7.0802     81.099     28.091  26.561434     1.8355      9.639   149.7308 1.5788e+01    15.1735      1.244      1.804    22.2793 0.0000e+00
      1.274      0.029     7.0660     81.068     28.078  26.548248     1.8223      9.639   149.9433 1.5649e+01    14.9547      1.249      1.812    22.2754 0.0000e+00
      1.279      0.031     7.0588     81.069     28.091  26.558100     1.8006      9.638   150.1798 1.5477e+01    14.8001      1.253      1.817    22.2731 0.0000e+00
      1.286      0.033     7.0571     81.073     28.088  26.553792     1.7888      9.637   150.1822 1.5285e+01    14.7736      1.261      1.829    22.2729 0.0000e+00
      1.294      0.035     7.0533     81.053     28.097  26.559536     1.7716      9.636   150.0577 1.5040e+01    14.8051      1.269      1.841    22.2723 0.0000e+00
      1.304      0.038     7.0486     81.034     28.103  26.564162     1.7505      9.636   150.1371 1.4662e+01    14.8732      1.278      1.853    22.2703 0.0000e+00
      1.317      0.040     7.0514     81.030     28.084  26.546344     1.7418      9.635   150.3680 1.4286e+01    14.8802      1.293      1.874    22.2676 0.0000e+00
      1.329      0.040     7.0533     81.014     28.070  26.534244     1.7338      9.635   150.6129 1.4031e+01    14.8208      1.305      1.893    22.2639 0.0000e+00
      1.337      0.038     7.0507     80.973     28.080  26.544634     1.7282      9.634   150.6885 1.3786e+01    14.7702      1.311      1.901    22.2596 0.0000e+00
      1.347      0.034     7.0486     80.933     28.080  26.545201     1.7412      9.632   150.5937 1.3478e+01    14.6094      1.320      1.914    22.2560 0.0000e+00
      1.357      0.030     7.0496     80.900     28.075  26.541105     1.7571      9.632   150.5854 1.3217e+01    14.3455      1.331      1.932    22.2560 0.0000e+00
      1.364      0.027     7.0493     80.889     28.094  26.558495     1.7538      9.631   150.6735 1.3079e+01    14.1755      1.339      1.944    22.2589 0.0000e+00
      1.369      0.025     7.0428     80.912     28.101  26.565314     1.7343      9.630   150.7985 1.2987e+01    14.0912      1.343      1.948    22.2608 0.0000e+00
      1.374      0.025     7.0401     80.947     28.096  26.560172     1.7218      9.630   150.9785 1.2859e+01    14.1802      1.346      1.952    22.2624 0.0000e+00
      1.379      0.025     7.0365     80.980     28.097  26.559699     1.7358      9.629   151.1292 1.2675e+01    14.4663      1.351      1.960    22.2632 0.0000e+00
      1.385      0.026     7.0344     80.975     28.100  26.559595     1.7449      9.629   151.1578 1.2461e+01    14.6120      1.358      1.969    22.2623 0.0000e+00
      1.392      0.026     7.0384     80.909     28.102  26.558906     1.7324      9.628   151.0670 1.2212e+01    14.5760      1.364      1.979    22.2618 0.0000e+00
      1.402      0.025     7.0409     80.849     28.094  26.551362     1.7093      9.626   150.8919 1.1943e+01    14.5772      1.375      1.994    22.2619 0.0000e+00
      1.411      0.024     7.0454     80.849     28.073  26.531771     1.6822      9.625   150.7611 1.1758e+01    14.6266      1.385      2.009    22.2599 0.0000e+00
      1.416      0.023     7.0478     80.878     28.053  26.512171     1.6798      9.625   150.7759 1.1660e+01    14.6610      1.389      2.015    22.2531 0.0000e+00
      1.418      0.023     7.0396     80.922     28.050  26.504525     1.6803      9.624   150.8981 1.1570e+01    14.6518      1.390      2.016    22.2478 0.0000e+00
      1.421      0.022     7.0312     80.972     28.055  26.502702     1.6633      9.623   150.9482 1.1410e+01    14.5501      1.392      2.018    22.2489 0.0000e+00
      1.427      0.021     7.0341     80.992     28.046  26.490121     1.6655      9.623   150.8656 1.1147e+01    14.3534      1.398      2.027    22.2516 0.0000e+00
      1.436      0.020     7.0364     80.987     28.034  26.479163     1.6891      9.624   150.6740 1.0893e+01    14.1855      1.409      2.044    22.2511 0.0000e+00
      1.444      0.020     7.0407     80.943     28.049  26.496971     1.6997      9.624   150.3519 1.0735e+01    14.1604      1.418      2.057    22.2416 0.0000e+00
      1.448      0.020     7.0501     80.824     28.065  26.515304     1.7027      9.623   150.2407 1.0663e+01    14.1863      1.421      2.061    22.2273 0.0000e+00
      1.449      0.020     7.0519     80.690     28.061  26.510687     1.7163      9.622   150.4486 1.0609e+01    14.1577      1.422      2.062    22.2185 0.0000e+00
      1.451      0.020     7.0508     80.618     28.057  26.504518     1.7310      9.620   150.5422 1.0467e+01    14.1556      1.421      2.061    22.2181 0.0000e+00
      1.456      0.020     7.0492     80.580     28.058  26.504102     1.7385      9.619   150.4258 1.0214e+01    14.1604      1.426      2.069    22.2296 0.0000e+00
      1.465      0.021     7.0345     80.527     28.060  26.505652     1.7335      9.619   150.2455 9.9376e+00    14.1141      1.438      2.084    22.2382 0.0000e+00
      1.474      0.024     7.0193     80.471     28.077  26.523258     1.7120      9.620   149.9974 9.7303e+00    14.1420      1.448      2.100    22.2324 0.0000e+00
      1.480      0.027     7.0168     80.452     28.078  26.526830     1.6782      9.620   149.9213 9.6050e+00    14.2926      1.452      2.107    22.2269 0.0000e+00
      1.482      0.031     7.0150     80.450     28.033  26.485457     1.6575      9.619   150.1005 9.4891e+00    14.3985      1.454      2.108    22.2256 0.0000e+00
      1.487      0.033     7.0103     80.424     28.014  26.466705     1.6613      9.616   150.1852 9.2776e+00    14.3965      1.457      2.111    22.2250 0.0000e+00
      1.497      0.034     7.0027     80.394     28.042  26.490244     1.6829      9.614   150.0844 8.9485e+00    14.4735      1.466      2.126    22.2263 0.0000e+00
      1.511      0.033     7.0013     80.381     28.072  26.516529     1.7189      9.612   149.9146 8.5902e+00    14.6809      1.481      2.149    22.2311 0.0000e+00
      1.525      0.032     7.0032     80.361     28.087  26.530991     1.7467      9.612   149.8527 8.3304e+00    14.8544      1.499      2.173    22.2372 0.0000e+00
      1.534      0.028     6.9990     80.320     28.093  26.538332     1.7530      9.612   149.9377 8.2274e+00    14.8986      1.508      2.186    22.2358 0.0000e+00
      1.536      0.023     6.9968     80.263     28.097  26.541913     1.7452      9.612   149.9106 8.1883e+00    14.6339      1.507      2.187    22.2261 0.0000e+00
      1.537      0.021     6.9980     80.208     28.067  26.510904     1.7360      9.611   149.7826 8.1064e+00    14.1474      1.506      2.184    22.2209 0.0000e+00
      1.540      0.022     6.9958     80.191     28.037  26.480304     1.7332      9.611   149.7670 7.9735e+00    13.9352      1.509      2.188    22.2258 0.0000e+00
      1.546      0.027     6.9914     80.213     28.050  26.488840     1.7357      9.611   149.8935 7.8236e+00    13.9808      1.516      2.198    22.2303 0.0000e+00
      1.553      0.033     6.9868     80.234     28.053  26.487354     1.7243      9.610   150.0224 7.6386e+00    13.9809      1.522      2.207    22.2277 0.0000e+00
      1.563      0.038     6.9802     80.237     28.033  26.462320     1.6863      9.608   150.0352 7.3922e+00    13.9369      1.532      2.221    22.2241 0.0000e+00
      1.576      0.041     6.9795     80.235     28.016  26.439670     1.6686      9.607   149.9613 7.1415e+00    13.8932      1.546      2.242    22.2203 0.0000e+00
      1.589      0.042     6.9845     80.216     27.984  26.403632     1.6851      9.607   149.9031 6.9280e+00    13.8968      1.560      2.262    22.2120 0.0000e+00
      1.600      0.044     6.9881     80.135     27.928  26.343490     1.6778      9.606   149.9342 6.7480e+00    14.1509      1.570      2.276    22.2029 0.0000e+00
      1.608      0.046     6.9887     79.984     27.872  26.282930     1.6373      9.606   149.9932 6.5865e+00    14.5745      1.577      2.287    22.1924 0.0000e+00
      1.617      0.047     6.9900     79.775     27.835  26.241813     1.6042      9.605   150.0998 6.3881e+00    14.8166      1.585      2.299    22.1807 0.0000e+00
      1.630      0.048     6.9927     79.505     27.824  26.226623     1.6021      9.604   150.2768 6.1421e+00    14.8582      1.597      2.317    22.1695 0.0000e+00
      1.646      0.048     6.9871     79.157     27.828  26.226026     1.6209      9.602   150.4126 5.9296e+00    14.8380      1.615      2.342    22.1569 0.0000e+00
      1.661      0.046     6.9746     78.726     27.841  26.234586     1.6390      9.600   150.5368 5.7596e+00    14.8120      1.629      2.363    22.1434 0.0000e+00
      1.674      0.042     6.9586     78.251     27.877  26.266737     1.6541      9.599   150.6608 5.6034e+00    14.8175      1.642      2.382    22.1318 0.0000e+00
      1.684      0.036     6.9364     77.801     27.911  26.297850     1.6623      9.600   150.6212 5.4987e+00    14.8702      1.653      2.398    22.1226 0.0000e+00
      1.691      0.031     6.9082     77.434     27.906  26.293874     1.6719      9.600   150.5747 5.4260e+00    14.9028      1.658      2.405    22.1157 0.0000e+00
      1.696      0.028     6.8695     77.155     27.892  26.282040     1.6960      9.599   150.6999 5.3452e+00    14.8696      1.662      2.411    22.1103 0.0000e+00
      1.701      0.027     6.8263     76.958     27.891  26.281532     1.7208      9.598   150.7583 5.2671e+00    14.8104      1.668      2.419    22.1056 0.0000e+00
      1.707      0.028     6.7854     76.878     27.899  26.287729     1.7296      9.597   150.7651 5.1771e+00    14.7682      1.673      2.427    22.1042 0.0000e+00
      1.714      0.029     6.7525     76.908     27.909  26.293587     1.7273      9.596   150.8685 5.0415e+00    14.8027      1.679      2.436    22.1065 0.0000e+00
      1.724      0.031     6.7298     76.982     27.908  26.288968     1.7346      9.596   151.0613 4.8990e+00    14.9542      1.691      2.452    22.1103 0.0000e+00
      1.733      0.033     6.7093     77.066     27.917  26.295263     1.7435      9.595   151.3754 4.8009e+00    15.0636      1.699      2.466    22.1117 0.0000e+00
      1.740      0.033     6.7032     77.156     27.929  26.306315     1.7348      9.594   151.6552 4.7071e+00    14.9980      1.706      2.474    22.1066 0.0000e+00
      1.749      0.033     6.7103     77.267     27.919  26.295830     1.7298      9.592   151.7767 4.5923e+00    14.9463      1.716      2.488    22.0992 0.0000e+00
      1.757      0.032     6.7177     77.402     27.920  26.295254     1.7242      9.590   151.8972 4.4897e+00    14.7462      1.723      2.501    22.0936 0.0000e+00
      1.765      0.031     6.7258     77.528     27.926  26.299348     1.7004      9.589   152.0802 4.4011e+00    14.2859      1.730      2.510    22.0899 0.0000e+00
      1.774      0.030     6.7329     77.603     27.906  26.281948     1.6752      9.587   152.2696 4.3204e+00    13.9932      1.740      2.524    22.0903 0.0000e+00
      1.782      0.029     6.7423     77.653     27.899  26.275017     1.6607      9.585   152.3796 4.2691e+00    13.9054      1.749      2.536    22.0898 0.0000e+00
      1.788      0.029     6.7561     77.742     27.904  26.278923     1.6833      9.583   152.4635 4.2291e+00    13.9073      1.754      2.544    22.0844 0.0000e+00
      1.793      0.030     6.7690     77.845     27.891  26.265794     1.7319      9.579   152.5965 4.1650e+00    13.9473      1.758      2.551    22.0821 0.0000e+00
      1.800      0.031     6.7755     77.931     27.867  26.243040     1.7399      9.576   152.6972 4.0845e+00    13.9111      1.764      2.559    22.0846 0.0000e+00
      1.809      0.032     6.7743     77.978     27.882  26.257330     1.7144      9.575   152.8202 4.0017e+00    13.8799      1.774      2.574    22.0858 0.0000e+00
      1.819      0.033     6.7862     77.978     27.941  26.311806     1.7062      9.573   152.9654 3.9233e+00    13.9119      1.784      2.588    22.0835 0.0000e+00
      1.829      0.033     6.7955     77.960     27.962  26.331272     1.7071      9.571   153.0759 3.8495e+00    14.1273      1.793      2.601    22.0807 0.0000e+00
      1.838      0.032     6.8031     77.924     27.931  26.302557     1.7007      9.568   153.2100 3.7930e+00    14.4691      1.802      2.614    22.0797 0.0000e+00
      1.845      0.031     6.8101     77.928     27.909  26.281517     1.6865      9.566   153.3829 3.7437e+00    14.5939      1.809      2.624    22.0799 0.0000e+00
      1.852      0.030     6.8046     77.963     27.895  26.267019     1.6686      9.566   153.4444 3.6848e+00    14.5437      1.816      2.634    22.0799 0.0000e+00
      1.860      0.029     6.8090     78.013     27.885  26.254023     1.6768      9.564   153.4384 3.6423e+00    14.5451      1.824      2.646    22.0797 0.0000e+00
      1.867      0.028     6.7983     78.053     27.885  26.251142     1.7100      9.562   153.4816 3.6038e+00    14.5758      1.831      2.656    22.0798 0.0000e+00
      1.874      0.027     6.8020     77.957     27.870  26.232178     1.7291      9.562   153.5368 3.5568e+00    14.5742      1.838      2.666    22.0797 0.0000e+00
      1.881      0.027     6.8064     77.733     27.856  26.214875     1.7251      9.561   153.6761 3.5152e+00    14.5934      1.845      2.676    22.0781 0.0000e+00
      1.887      0.026     6.8076     77.498     27.879  26.232066     1.7021      9.559   153.8744 3.4774e+00    14.6371      1.851      2.684    22.0723 0.0000e+00
      1.894      0.025     6.8228     77.333     27.900  26.249885     1.6758      9.558   154.0423 3.4440e+00    14.6588      1.858      2.694    22.0643 0.0000e+00
      1.900      0.024     6.8118     77.229     27.890  26.240175     1.6657      9.557   154.1569 3.4040e+00    14.6508      1.863      2.703    22.0567 0.0000e+00
      1.907      0.023     6.7897     77.126     27.890  26.241420     1.6636      9.555   154.3138 3.3670e+00    14.6084      1.870      2.713    22.0488 0.0000e+00
