Data/DataNotYetUploadedToEDI/Raw_CTD/RawDownloads/062022_bvr40_0003.cnv
* Sea-Bird SBE19plus  Data File:
* FileName = C:\R\Reservoirs\Data\DataNotYetUploadedToEDI\Raw_CTD\RawDownloads\062022_bvr01_0003.hex
* Software version 2.8.0.119
* Temperature SN = 7809
* Conductivity SN = 7809
* System UpLoad Time = Jun 21 2022 11:23:29
* <ApplicationData>
* <Seaterm232>
# nquan = 15
# nvalues = 1133                        
# units = specified
# name 0 = depFM: Depth [fresh water, m]
# name 1 = dz/dtM: Descent Rate [m/s]
# name 2 = sbeox0Mg/L: Oxygen, SBE 43 [mg/l]
# name 3 = sbeox0PS: Oxygen, SBE 43 [% saturation]
# name 4 = specc: Specific Conductance [uS/cm]
# name 5 = c0uS/cm: Conductivity [uS/cm]
# name 6 = flECO-AFL: Fluorescence, WET Labs ECO-AFL/FL [mg/m^3]
# name 7 = ph: pH
# name 8 = orp: Oxidation Reduction Potential [mV]
# name 9 = par/sat/log: PAR/Logarithmic, Satlantic
# name 10 = turbWETntu0: Turbidity, WET Labs ECO [NTU]
# name 11 = prdM: Pressure, Strain Gauge [db]
# name 12 = prdE: Pressure, Strain Gauge [psi]
# name 13 = tv290C: Temperature [ITS-90, deg C]
# name 14 = flag:  0.000e+00
# span 0 =     -0.665,      3.164       
# span 1 =     -0.333,      0.188       
# span 2 =     0.0432,     8.0056       
# span 3 =      0.450,     93.285       
# span 4 =      0.058,    258.336       
# span 5 =   0.059348, 210.311380       
# span 6 =    -0.1446,     6.7188       
# span 7 =     -2.322,      9.876       
# span 8 =  -206.3475,  1228.5075       
# span 9 = 1.2363e-01, 9.3495e+02       
# span 10 =    -0.3447,   163.6964      
# span 11 =     -0.654,      3.104      
# span 12 =     -0.948,      4.503      
# span 13 =    15.6765,    25.7430      
# span 14 = 0.0000e+00, 0.0000e+00      
# interval = seconds: 0.25
# start_time = Jun 20 2022 08:39:46 [Instrument's time stamp, header]
# bad_flag = -9.990e-29
*END*
[from data line 868]
      1.742     -0.029     6.3005     70.868     27.626  25.821262     1.6467      8.074    74.5682 5.1324e+00    15.3885      1.702      2.468    21.7343 0.0000e+00
      1.740     -0.012     6.2967     70.674     27.679  25.877411     1.6604      8.091    75.6495 5.0654e+00    15.8256      1.704      2.471    21.7308 0.0000e+00
      1.745      0.005     6.2748     70.532     27.734  25.942217     1.6752      8.107    76.6783 4.9837e+00    16.5589      1.711      2.482    21.7279 0.0000e+00
      1.753      0.019     6.2507     70.480     27.744  25.971050     1.6764      8.122    77.4572 4.9142e+00    16.9100      1.719      2.494    21.7244 0.0000e+00
      1.761      0.026     6.2259     70.617     27.723  25.972524     1.6827      8.134    78.0125 4.8425e+00    16.9272      1.727      2.505    21.7250 0.0000e+00
      1.768      0.026     6.2087     70.943     27.690  25.960068     1.7263      8.143    78.4880 4.7532e+00    17.0410      1.734      2.515    21.7386 0.0000e+00
      1.776      0.022     6.1935     71.378     27.661  25.947233     1.7788      8.151    78.8189 4.6721e+00    17.2271      1.742      2.527    21.7618 0.0000e+00
      1.783      0.014     6.1784     71.888     27.649  25.944119     1.7856      8.158    78.6573 4.6365e+00    17.3327      1.751      2.540    21.7967 0.0000e+00
      1.787      0.001     6.1865     72.418     27.620  25.922433     1.7666      8.164    78.3410 4.6172e+00    17.2925      1.753      2.543    21.8393 0.0000e+00
      1.788     -0.015     6.2147     72.853     27.569  25.875176     1.7321      8.172    78.5219 4.6338e+00    16.6730      1.755      2.545    21.8758 0.0000e+00
      1.785     -0.031     6.2498     73.123     27.510  25.816396     1.6678      8.179    79.2954 4.7673e+00    15.5475      1.754      2.544    21.9005 0.0000e+00
      1.774     -0.047     6.2938     73.284     27.481  25.782141     1.6216      8.186    80.3800 4.9893e+00    14.9218      1.742      2.526    21.9141 0.0000e+00
      1.756     -0.061     6.3437     73.360     27.486  25.777892     1.5983      8.192    81.3113 5.2273e+00    14.8131      1.723      2.498    21.9230 0.0000e+00
      1.735     -0.073     6.3848     73.285     27.482  25.765009     1.5778      8.197    81.7799 5.4572e+00    14.7452      1.701      2.467    21.9259 0.0000e+00
      1.714     -0.079     6.4059     73.080     27.479  25.753119     1.5484      8.206    82.0881 5.6967e+00    14.6822      1.681      2.438    21.9189 0.0000e+00
      1.693     -0.076     6.4190     72.814     27.495  25.760879     1.5172      8.220    82.5420 5.9927e+00    14.6316      1.662      2.410    21.9049 0.0000e+00
      1.670     -0.065     6.4343     72.519     27.537  25.795439     1.5086      8.235    82.9670 6.3756e+00    14.6117      1.639      2.377    21.8875 0.0000e+00
      1.647     -0.050     6.4268     72.239     27.601  25.854083     1.5033      8.249    83.3544 6.7055e+00    14.6132      1.612      2.337    21.8703 0.0000e+00
      1.632     -0.033     6.4082     71.997     27.644  25.899527     1.5439      8.261    83.9568 6.8137e+00    14.9224      1.594      2.312    21.8532 0.0000e+00
      1.630     -0.019     6.3871     71.817     27.636  25.901245     1.6338      8.271    84.7437 6.7666e+00    15.4813      1.595      2.314    21.8393 0.0000e+00
      1.636     -0.009     6.3598     71.742     27.599  25.874863     1.6738      8.278    85.5553 6.6692e+00    15.7339      1.603      2.326    21.8296 0.0000e+00
      1.644     -0.006     6.3360     71.818     27.551  25.834079     1.6704      8.283    86.2850 6.5971e+00    15.7560      1.614      2.342    21.8256 0.0000e+00
      1.646     -0.012     6.3126     72.058     27.503  25.788417     1.6592      8.288    86.7691 6.6143e+00    15.6465      1.617      2.346    21.8356 0.0000e+00
      1.641     -0.024     6.2929     72.381     27.485  25.766421     1.6375      8.292    87.0203 6.7348e+00    15.3318      1.611      2.337    21.8560 0.0000e+00
      1.629     -0.038     6.2825     72.614     27.485  25.758261     1.6241      8.296    87.2564 6.9451e+00    15.1283      1.599      2.319    21.8742 0.0000e+00
      1.614     -0.049     6.2877     72.683     27.487  25.753117     1.6150      8.299    87.6456 7.1752e+00    15.0982      1.583      2.296    21.8823 0.0000e+00
      1.599     -0.056     6.3103     72.660     27.507  25.767606     1.6275      8.302    87.9400 7.4061e+00    14.9341      1.568      2.275    21.8792 0.0000e+00
      1.583     -0.058     6.3479     72.592     27.550  25.806670     1.6663      8.305    87.9775 7.6587e+00    14.6126      1.552      2.252    21.8685 0.0000e+00
      1.568     -0.054     6.3733     72.478     27.589  25.845159     1.6847      8.310    88.0989 7.9235e+00    14.4221      1.537      2.230    21.8545 0.0000e+00
      1.553     -0.045     6.3754     72.355     27.592  25.852701     1.6747      8.319    88.5484 8.2166e+00    14.4066      1.523      2.210    21.8410 0.0000e+00
      1.538     -0.030     6.3741     72.291     27.567  25.834481     1.6703      8.330    89.3682 8.4839e+00    14.9037      1.508      2.187    21.8312 0.0000e+00
      1.527     -0.012     6.3694     72.336     27.543  25.815016     1.6987      8.339    90.6111 8.5939e+00    15.8893      1.495      2.167    21.8282 0.0000e+00
      1.525      0.004     6.3574     72.481     27.533  25.807489     1.7352      8.345    91.8749 8.5086e+00    16.4516      1.492      2.164    21.8326 0.0000e+00
      1.534      0.016     6.3428     72.669     27.533  25.806855     1.7453      8.350    92.5161 8.2637e+00    16.5098      1.502      2.177    21.8430 0.0000e+00
      1.549      0.021     6.3343     72.844     27.535  25.807355     1.7300      8.354    92.6000 7.9695e+00    16.4571      1.520      2.204    21.8536 0.0000e+00
      1.564      0.014     6.3373     72.934     27.543  25.813532     1.6998      8.359    92.5453 7.7819e+00    16.0873      1.537      2.230    21.8604 0.0000e+00
      1.570     -0.003     6.3526     72.903     27.550  25.818161     1.6791      8.366    92.8009 7.7409e+00    15.4888      1.543      2.238    21.8638 0.0000e+00
      1.568     -0.027     6.3700     72.762     27.533  25.799932     1.6802      8.374    93.4533 7.8575e+00    15.1988      1.541      2.235    21.8616 0.0000e+00
      1.557     -0.051     6.3889     72.561     27.516  25.783266     1.6787      8.379    94.1531 8.1955e+00    15.1425      1.532      2.223    21.8575 0.0000e+00
      1.536     -0.071     6.3984     72.399     27.541  25.806795     1.6613      8.385    94.8087 8.7230e+00    14.8083      1.508      2.187    21.8541 0.0000e+00
      1.507     -0.084     6.3952     72.337     27.566  25.830890     1.6445      8.390    95.3570 9.3050e+00    14.2663      1.477      2.141    21.8502 0.0000e+00
      1.480     -0.089     6.3830     72.349     27.554  25.821088     1.6341      8.395    95.7067 9.8473e+00    13.9866      1.451      2.104    21.8468 0.0000e+00
      1.457     -0.084     6.3609     72.444     27.547  25.815040     1.6272      8.402    96.0250 1.0374e+01    13.9549      1.429      2.074    21.8445 0.0000e+00
      1.435     -0.071     6.3446     72.665     27.553  25.821141     1.6362      8.411    96.3667 1.0949e+01    14.1563      1.409      2.043    21.8448 0.0000e+00
      1.414     -0.051     6.3405     72.907     27.564  25.831484     1.6596      8.421    96.5690 1.1447e+01    14.5768      1.385      2.009    21.8470 0.0000e+00
      1.400     -0.031     6.3428     73.048     27.609  25.876713     1.6767      8.431    96.7502 1.1656e+01    14.8366      1.367      1.983    21.8500 0.0000e+00
      1.395     -0.012     6.3449     73.111     27.653  25.924343     1.6762      8.441    97.1806 1.1592e+01    14.8724      1.366      1.981    21.8520 0.0000e+00
      1.400      0.000     6.3704     73.137     27.621  25.900351     1.6785      8.448    97.5573 1.1352e+01    14.9417      1.370      1.989    21.8501 0.0000e+00
      1.411      0.004     6.3980     73.187     27.551  25.840156     1.7048      8.453    97.6047 1.1002e+01    15.1625      1.381      2.005    21.8495 0.0000e+00
      1.421     -0.003     6.4053     73.298     27.539  25.830340     1.7361      8.458    97.5815 1.0771e+01    15.3215      1.397      2.025    21.8556 0.0000e+00
      1.425     -0.017     6.4099     73.430     27.558  25.845041     1.7487      8.463    97.7928 1.0841e+01    15.2929      1.402      2.032    21.8674 0.0000e+00
      1.416     -0.033     6.4077     73.540     27.545  25.827758     1.6999      8.469    98.2667 1.1191e+01    14.7487      1.392      2.018    21.8817 0.0000e+00
      1.397     -0.044     6.4088     73.612     27.533  25.811510     1.6035      8.477    98.7516 1.1697e+01    13.7292      1.371      1.989    21.8928 0.0000e+00
      1.375     -0.047     6.4205     73.612     27.564  25.838716     1.5569      8.487    99.0957 1.2198e+01    13.1792      1.346      1.953    21.8955 0.0000e+00
      1.357     -0.040     6.4346     73.526     27.630  25.903185     1.5610      8.498    99.2434 1.2566e+01    13.1875      1.326      1.923    21.8882 0.0000e+00
      1.347     -0.026     6.4453     73.410     27.680  25.957208     1.5615      8.510    99.4194 1.2734e+01    13.2490      1.318      1.912    21.8761 0.0000e+00
      1.344     -0.008     6.4542     73.313     27.701  25.984871     1.5955      8.524    99.8465 1.2749e+01    13.5818      1.317      1.910    21.8668 0.0000e+00
      1.347      0.008     6.4564     73.278     27.691  25.984156     1.6735      8.537   100.3636 1.2679e+01    14.2057      1.320      1.913    21.8633 0.0000e+00
      1.354      0.018     6.4448     73.365     27.646  25.948569     1.7222      8.548   100.7672 1.2541e+01    14.5755      1.328      1.927    21.8671 0.0000e+00
      1.363      0.021     6.4320     73.556     27.627  25.934875     1.7426      8.557   101.1129 1.2350e+01    14.6714      1.337      1.939    21.8810 0.0000e+00
      1.372      0.020     6.4209     73.771     27.637  25.945360     1.7461      8.565   101.6185 1.2135e+01    14.6477      1.345      1.950    21.8987 0.0000e+00
      1.379      0.017     6.4123     73.956     27.640  25.948580     1.7301      8.572   102.2346 1.2000e+01    14.5279      1.355      1.965    21.9135 0.0000e+00
      1.381      0.012     6.4192     74.071     27.667  25.973796     1.7324      8.579   102.7979 1.1980e+01    14.4865      1.357      1.968    21.9254 0.0000e+00
      1.380      0.006     6.4391     74.105     27.690  25.996736     1.7405      8.587   103.2660 1.1926e+01    14.4540      1.351      1.960    21.9324 0.0000e+00
      1.380     -0.003     6.4582     74.072     27.661  25.972422     1.7205      8.592   103.5074 1.1795e+01    14.2038      1.352      1.961    21.9351 0.0000e+00
      1.381     -0.014     6.4760     74.006     27.616  25.933347     1.6819      8.597   103.6506 1.1676e+01    13.8186      1.356      1.966    21.9349 0.0000e+00
      1.381     -0.028     6.4870     73.964     27.585  25.904568     1.6653      8.603   103.8793 1.1630e+01    13.6570      1.355      1.966    21.9334 0.0000e+00
      1.376     -0.046     6.4882     73.954     27.560  25.877980     1.6696      8.609   104.1209 1.1825e+01    13.6840      1.354      1.963    21.9362 0.0000e+00
      1.363     -0.066     6.4848     73.966     27.550  25.865392     1.6257      8.616   104.3357 1.2369e+01    13.4970      1.341      1.945    21.9439 0.0000e+00
      1.341     -0.083     6.4744     74.022     27.568  25.879117     1.5332      8.623   104.4114 1.3197e+01    13.1039      1.317      1.910    21.9502 0.0000e+00
      1.312     -0.093     6.4715     74.091     27.612  25.917164     1.4834      8.631   104.4331 1.4232e+01    12.8929      1.287      1.866    21.9503 0.0000e+00
      1.281     -0.092     6.4727     74.119     27.643  25.945134     1.4896      8.638   104.3402 1.5366e+01    12.9271      1.255      1.821    21.9447 0.0000e+00
      1.250     -0.080     6.4718     74.086     27.661  25.963780     1.5419      8.645   104.1483 1.6543e+01    13.2781      1.224      1.777    21.9368 0.0000e+00
      1.224     -0.060     6.4800     74.026     27.711  26.015845     1.6247      8.652   104.4365 1.7447e+01    13.8232      1.196      1.734    21.9302 0.0000e+00
      1.212     -0.038     6.4882     74.005     27.758  26.067616     1.6665      8.658   105.0716 1.7677e+01    14.0527      1.182      1.714    21.9254 0.0000e+00
      1.213     -0.019     6.4918     74.046     27.764  26.082702     1.6731      8.663   105.4603 1.7458e+01    14.0712      1.187      1.722    21.9218 0.0000e+00
      1.219     -0.004     6.4879     74.153     27.743  26.071510     1.6797      8.670   105.4366 1.7205e+01    14.1500      1.196      1.735    21.9253 0.0000e+00
      1.225      0.006     6.4778     74.355     27.721  26.059069     1.6710      8.678   105.1284 1.7120e+01    14.0822      1.203      1.744    21.9358 0.0000e+00
      1.226      0.012     6.4745     74.662     27.714  26.059050     1.6345      8.686   105.0035 1.7194e+01    13.7978      1.205      1.747    21.9479 0.0000e+00
      1.224      0.013     6.4761     75.011     27.724  26.071288     1.6041      8.693   105.3044 1.7183e+01    13.6155      1.199      1.740    21.9652 0.0000e+00
      1.224      0.011     6.4819     75.291     27.733  26.080279     1.6116      8.698   105.8408 1.6903e+01    13.6205      1.198      1.736    21.9841 0.0000e+00
      1.229      0.006     6.4967     75.426     27.691  26.040992     1.6260      8.701   106.3261 1.6413e+01    13.4816      1.204      1.746    21.9986 0.0000e+00
      1.239     -0.004     6.5245     75.438     27.622  25.976564     1.6198      8.703   106.7844 1.5966e+01    13.1325      1.216      1.765    22.0104 0.0000e+00
      1.246     -0.020     6.5584     75.382     27.579  25.935089     1.6028      8.708   107.1665 1.5883e+01    12.9175      1.225      1.778    22.0151 0.0000e+00
      1.241     -0.040     6.5858     75.278     27.568  25.919796     1.5962      8.714   107.3325 1.6316e+01    12.8979      1.222      1.772    22.0135 0.0000e+00
      1.224     -0.060     6.5963     75.165     27.573  25.918417     1.5982      8.718   107.5014 1.7135e+01    12.9294      1.203      1.744    22.0146 0.0000e+00
      1.198     -0.076     6.5941     75.088     27.580  25.918406     1.5843      8.722   107.6599 1.8157e+01    12.9568      1.175      1.704    22.0183 0.0000e+00
      1.171     -0.086     6.5900     75.010     27.587  25.919653     1.5614      8.728   107.8712 1.9329e+01    12.9218      1.148      1.665    22.0172 0.0000e+00
      1.145     -0.086     6.5809     74.894     27.604  25.933491     1.5552      8.735   108.1637 2.0546e+01    12.9508      1.122      1.627    22.0075 0.0000e+00
      1.120     -0.076     6.5699     74.764     27.633  25.958947     1.5919      8.740   108.3567 2.1755e+01    13.2042      1.098      1.592    21.9934 0.0000e+00
      1.100     -0.060     6.5669     74.629     27.649  25.973930     1.6560      8.746   108.4841 2.2875e+01    13.5257      1.077      1.563    21.9808 0.0000e+00
      1.085     -0.041     6.5640     74.516     27.664  25.987882     1.6814      8.752   108.6719 2.3614e+01    13.6619      1.061      1.539    21.9718 0.0000e+00
      1.076     -0.021     6.5511     74.486     27.677  26.000881     1.6736      8.759   108.9924 2.3900e+01    13.6559      1.053      1.527    21.9675 0.0000e+00
      1.076     -0.003     6.5408     74.506     27.679  26.004339     1.6867      8.764   109.3484 2.3884e+01    13.6581      1.054      1.528    21.9656 0.0000e+00
      1.081      0.012     6.5292     74.505     27.704  26.029691     1.7242      8.770   109.7064 2.3564e+01    13.6878      1.058      1.535    21.9651 0.0000e+00
