Data/DataNotYetUploadedToEDI/Raw_CTD/RawDownloads/062022_bvr40_0003.cnv
* Sea-Bird SBE19plus  Data File:
* FileName = C:\R\Reservoirs\Data\DataNotYetUploadedToEDI\Raw_CTD\RawDownloads\062022_bvr01_0003.hex
* Software version 2.8.0.119
* Temperature SN = 7809
* Conductivity SN = 7809
* System UpLoad Time = Jun 21 2022 11:23:29
* <ApplicationData>
* <Seaterm232>
# nquan = 15
# nvalues = 1133                        
# units = specified
# name 0 = depFM: Depth [fresh water, m]
# name 1 = dz/dtM: Descent Rate [m/s]
# name 2 = sbeox0Mg/L: Oxygen, SBE 43 [mg/l]
# name 3 = sbeox0PS: Oxygen, SBE 43 [% saturation]
# name 4 = specc: Specific Conductance [uS/cm]
# name 5 = c0uS/cm: Conductivity [uS/cm]
# name 6 = flECO-AFL: Fluorescence, WET Labs ECO-AFL/FL [mg/m^3]
# name 7 = ph: pH
# name 8 = orp: Oxidation Reduction Potential [mV]
# name 9 = par/sat/log: PAR/Logarithmic, Satlantic
# name 10 = turbWETntu0: Turbidity, WET Labs ECO [NTU]
# name 11 = prdM: Pressure, Strain Gauge [db]
# name 12 = prdE: Pressure, Strain Gauge [psi]
# name 13 = tv290C: Temperature [ITS-90, deg C]
# name 14 = flag:  0.000e+00
# span 0 =     -0.665,      3.164       
# span 1 =     -0.333,      0.188       
# span 2 =     0.0432,     8.0056       
# span 3 =      0.450,     93.285       
# span 4 =      0.058,    258.336       
# span 5 =   0.059348, 210.311380       
# span 6 =    -0.1446,     6.7188       
# span 7 =     -2.322,      9.876       
# span 8 =  -206.3475,  1228.5075       
# span 9 = 1.2363e-01, 9.3495e+02       
# span 10 =    -0.3447,   163.6964      
# span 11 =     -0.654,      3.104      
# span 12 =     -0.948,      4.503      
# span 13 =    15.6765,    25.7430      
# span 14 = 0.0000e+00, 0.0000e+00      
# interval = seconds: 0.25
# start_time = Jun 20 2022 08:39:46 [Instrument's time stamp, header]
# bad_flag = -9.990e-29
*END*
     -0.665 -4.313e-20     6.9707     85.515      0.081   0.082279    -0.0745      6.426   563.8967 4.2986e+02    -0.3126     -0.652     -0.945    25.7343 0.0000e+00
     -0.665 -3.921e-21     6.9717     85.515      0.068   0.069818    -0.0694      5.006   936.8330 4.5916e+02    -0.2392     -0.652     -0.946    25.7352 0.0000e+00
     -0.665 -3.541e-22     6.9719     85.522      0.058   0.059348    -0.0668      1.445   881.2165 4.6485e+02     0.0148     -0.652     -0.946    25.7371 0.0000e+00
     -0.665 -6.852e-24     6.9700     85.531      0.081   0.082281    -0.0010     -1.337   865.7507 4.4765e+02     2.7928     -0.652     -0.946    25.7395 0.0000e+00
     -0.665 2.7814e-22     6.9709     85.536      0.092   0.093902     0.1436     -2.233   860.9999 4.5032e+02     7.9692     -0.652     -0.946    25.7417 0.0000e+00
     -0.665 3.0917e-21     6.9696     85.545      0.072   0.073272     0.2255     -2.314   844.8551 4.5238e+02    10.7827     -0.652     -0.946    25.7430 0.0000e+00
     -0.665 3.4011e-20     6.9708     85.553      0.085   0.086036     0.2147     -2.322   733.6121 4.4128e+02    10.8152     -0.652     -0.946    25.7429 0.0000e+00
     -0.665 3.7412e-19     6.9719     85.551      0.120   0.121626     0.1373     -2.322   637.3197 4.3878e+02     8.4306     -0.652     -0.946    25.7422 0.0000e+00
     -0.665 4.1153e-18     6.9718     85.539      0.122   0.123807     0.0137     -2.322   741.4563 4.4400e+02     3.9486     -0.653     -0.947    25.7415 0.0000e+00
     -0.665 4.5269e-17     6.9732     85.529      0.111   0.112402    -0.0568     -2.322   852.1818 4.5242e+02     1.4411     -0.652     -0.946    25.7410 0.0000e+00
     -0.665 4.9796e-16     6.9739     85.531      0.109   0.110327    -0.0731     -2.322   862.1433 4.5924e+02     1.1706     -0.652     -0.946    25.7405 0.0000e+00
     -0.665 5.4775e-15     6.9742     85.538      0.097   0.098716    -0.0760     -2.322   862.9319 4.6163e+02     0.8144     -0.652     -0.946    25.7396 0.0000e+00
     -0.665 6.0253e-14     6.9724     85.547      0.097   0.098602    -0.0666     -2.322   862.9214 4.6903e+02     0.1741     -0.652     -0.946    25.7387 0.0000e+00
     -0.665 6.6278e-13     6.9715     85.545      0.107   0.108959    -0.0680     -2.322   862.8769 4.8552e+02    -0.2176     -0.653     -0.947    25.7378 0.0000e+00
     -0.665 7.2906e-12     6.9725     85.532      0.095   0.097346    -0.0842     -2.322   862.8240 4.9872e+02    -0.2999     -0.652     -0.945    25.7364 0.0000e+00
     -0.665 8.0197e-11     6.9730     85.534      0.083   0.084781    -0.0870     -2.322   862.7974 4.9980e+02    -0.2407     -0.653     -0.946    25.7348 0.0000e+00
     -0.665 8.8216e-10     6.9742     85.541      0.082   0.083640    -0.0770     -2.322   862.8133 4.9372e+02    -0.1162     -0.652     -0.947    25.7334 0.0000e+00
     -0.665 9.7038e-09     6.9752     85.541      0.082   0.083547    -0.0802     -2.322   862.8438 4.8925e+02    -0.0585     -0.652     -0.946    25.7322 0.0000e+00
     -0.665 1.0674e-07     6.9716     85.538      0.082   0.083652    -0.0929     -2.322   862.8222 4.9127e+02    -0.0554     -0.652     -0.945    25.7313 0.0000e+00
     -0.665      0.000     6.9734     85.532      0.083   0.084907    -0.0965     -2.322   862.7250 5.0932e+02    -0.0448     -0.652     -0.946    25.7310 0.0000e+00
     -0.665      0.000     6.9745     85.535      0.097   0.098725    -0.0909     -2.322   862.7010 5.4775e+02    -0.0324     -0.652     -0.946    25.7299 0.0000e+00
     -0.665      0.000     6.9735     85.542      0.122   0.124132    -0.0914     -2.318   863.3928 5.7344e+02    -0.0434     -0.652     -0.946    25.7309 0.0000e+00
     -0.665      0.002     6.9746     85.542      0.137   0.138908    -0.0946     -2.279   871.7775 5.7674e+02    -0.0405     -0.652     -0.946    25.7296 0.0000e+00
     -0.665      0.007     6.9722     85.539      0.149   0.150780    -0.0872     -1.851   965.3703 5.9984e+02    -0.0307     -0.651     -0.944    25.7323 0.0000e+00
     -0.665      0.019     6.9739     85.552      0.396   0.394279    -0.0777     -0.250  1136.9457 6.4257e+02    -0.0626     -0.652     -0.945    25.7282 0.0000e+00
     -0.665      0.035     6.9736     85.577      3.367   3.336218    -0.0790      2.352  1228.5075 6.8475e+02    -0.0840     -0.652     -0.946    25.7337 0.0000e+00
     -0.660      0.051     6.9756     85.593      9.558   9.445273    -0.0867      4.640  1213.5054 7.3448e+02    -0.0507     -0.653     -0.948    25.7219 0.0000e+00
     -0.642      0.066     6.9721     85.599     15.622  15.372143    -0.0870      6.146   955.5572 7.7626e+02    -0.0021     -0.636     -0.922    25.7386 0.0000e+00
     -0.611      0.081     6.9847     85.601     21.729  21.292041    -0.0833      7.201   480.8334 7.9716e+02     0.0599     -0.596     -0.865    25.6464 0.0000e+00
     -0.582      0.097     7.0537     85.612     27.219  26.596291    -0.0835      7.949   218.2090 8.1077e+02     0.1525     -0.567     -0.823    25.1396 0.0000e+00
     -0.562      0.110     7.1295     85.626     29.354  28.619433    -0.0812      8.459   188.5136 8.2308e+02     0.4347     -0.552     -0.800    24.5631 0.0000e+00
     -0.541      0.115     7.1754     85.625     29.492  28.705456    -0.0472      8.805   184.4258 8.3178e+02     3.0276     -0.535     -0.776    24.2246 0.0000e+00
     -0.509      0.116     7.2037     85.620     29.472  28.650536     0.2452      9.047   182.0337 8.3732e+02    31.1275     -0.505     -0.733    24.0073 0.0000e+00
     -0.468      0.117     7.2255     85.635     29.445  28.589238     0.7661      9.228   173.3566 8.5026e+02    82.5576     -0.457     -0.663    23.8533 0.0000e+00
     -0.431      0.119     7.2446     85.680     29.421  28.534753     1.0477      9.367   162.1095 8.6961e+02   110.3893     -0.419     -0.608    23.7304 0.0000e+00
     -0.405      0.121     7.2544     85.791     29.405  28.498810     1.0783      9.460   139.6566 8.8438e+02   110.7257     -0.395     -0.574    23.6527 0.0000e+00
     -0.384      0.123     7.2595     85.985     29.386  28.471561     1.1533      9.519   107.9442 9.0233e+02    86.5570     -0.379     -0.549    23.6031 0.0000e+00
     -0.358      0.129     7.2698     86.228     29.375  28.458826     1.2802      9.566    92.2054 9.2605e+02    41.7742     -0.354     -0.514    23.5391 0.0000e+00
     -0.324      0.141     7.2804     86.547     29.386  28.471603     1.3479      9.602    94.0784 9.3495e+02    17.2964     -0.318     -0.461    23.4813 0.0000e+00
     -0.287      0.155     7.2927     86.972     29.411  28.499274     1.3642      9.621   113.1236 9.1796e+02    15.0598     -0.283     -0.410    23.4473 0.0000e+00
     -0.244      0.158     7.3145     87.410     29.452  28.539849     1.4022      9.629   145.5828 8.6126e+02    14.9367     -0.244     -0.353    23.4323 0.0000e+00
     -0.193      0.146     7.3336     87.726     29.490  28.581872     1.4577      9.643   164.1503 7.4234e+02    15.0562     -0.192     -0.279    23.4336 0.0000e+00
     -0.139      0.122     7.3570     87.874     29.450  28.563647     1.4774      9.668   166.5763 5.8429e+02    15.1046     -0.130     -0.189    23.4365 0.0000e+00
     -0.099      0.095     7.3964     87.899     29.370  28.509694     1.4661      9.694   166.5693 4.6613e+02    15.0433     -0.086     -0.124    23.4479 0.0000e+00
     -0.089      0.069     7.4382     87.861     29.350  28.500062     1.4697      9.718   167.1638 4.3701e+02    14.9976     -0.079     -0.116    23.4460 0.0000e+00
     -0.098      0.041     7.4679     87.785     29.357  28.510587     1.4711      9.741   168.2574 4.4675e+02    14.7917     -0.099     -0.143    23.4400 0.0000e+00
     -0.101      0.013     7.4711     87.653     29.332  28.510179     1.4418      9.767   168.9504 4.2354e+02    14.3977     -0.108     -0.156    23.4878 0.0000e+00
     -0.089     -0.007     7.4638     87.444     29.267  28.495161     1.4149      9.790   169.4345 3.8325e+02    14.1969     -0.086     -0.125    23.5428 0.0000e+00
     -0.077     -0.017     7.4579     87.189     29.182  28.455853     1.4126      9.808   169.3788 4.0602e+02    14.1403     -0.067     -0.097    23.5548 0.0000e+00
     -0.085     -0.022     7.4548     86.924     29.119  28.415294     1.4064      9.822   169.3095 4.7975e+02    14.0538     -0.076     -0.111    23.5378 0.0000e+00
     -0.106     -0.024     7.4402     86.501     29.091  28.385120     1.3889      9.832   170.2311 5.2804e+02    13.9711     -0.107     -0.155    23.5706 0.0000e+00
     -0.125     -0.023     7.4056     85.744     29.071  28.344567     1.3767      9.838   171.7456 5.4586e+02    13.8916     -0.127     -0.185    23.6825 0.0000e+00
     -0.133     -0.015     7.3699     84.946     29.061  28.305262     1.3753      9.841   172.9947 5.4346e+02    13.8796     -0.134     -0.195    23.7670 0.0000e+00
     -0.131      0.001     7.3454     84.374     29.075  28.290177     1.3967      9.844   173.5470 5.3079e+02    13.9624     -0.132     -0.190    23.7997 0.0000e+00
     -0.123      0.020     7.3259     83.697     29.099  28.288903     1.4266      9.849   173.6909 5.2583e+02    14.0721     -0.120     -0.174    23.7939 0.0000e+00
     -0.113      0.035     7.2528     82.666     29.121  28.289821     1.4374      9.853   173.9595 5.2720e+02    14.1128     -0.111     -0.162    23.7489 0.0000e+00
     -0.103      0.044     7.1752     81.466     29.152  28.301251     1.4355      9.856   174.6439 5.0467e+02    14.0792     -0.102     -0.148    23.6926 0.0000e+00
     -0.090      0.047     7.1557     80.303     29.168  28.300300     1.4452      9.858   174.4809 4.3555e+02    14.1097     -0.089     -0.130    23.6406 0.0000e+00
     -0.075      0.047     7.1135     79.328     29.158  28.278302     1.4718      9.859   165.2776 3.7089e+02    14.2089     -0.073     -0.105    23.6002 0.0000e+00
     -0.060      0.050     7.0175     78.672     29.178  28.288797     1.4907      9.860   154.1390 3.4406e+02    14.2199     -0.057     -0.083    23.5670 0.0000e+00
     -0.048      0.059     6.9159     78.422     29.198  28.300416     1.4988      9.857   148.1285 3.2697e+02    14.1396     -0.047     -0.069    23.5352 0.0000e+00
     -0.039      0.073     6.8175     78.797     29.198  28.291998     1.5040      9.851   135.1093 3.0876e+02    14.0914     -0.039     -0.055    23.5052 0.0000e+00
     -0.029      0.085     6.7301     79.828     29.227  28.313771     1.5449      9.841   125.3525 2.9105e+02    14.3892     -0.032     -0.047    23.4853 0.0000e+00
     -0.007      0.089     6.6792     81.056     29.215  28.310117     1.6266      9.830   130.3950 2.6275e+02    15.0069     -0.015     -0.022    23.4702 0.0000e+00
      0.032      0.076     6.6489     81.979     29.130  28.247829     1.6679      9.822   147.5516 2.2427e+02    15.3433      0.030      0.045    23.4583 0.0000e+00
      0.074      0.044     6.6763     82.384     29.052  28.194554     1.6622      9.823   167.5962 1.9423e+02    15.2798      0.081      0.117    23.4433 0.0000e+00
      0.099     -0.001     6.7878     82.256     29.020  28.173094     1.6327      9.833   176.8422 1.8528e+02    14.7168      0.108      0.157    23.4214 0.0000e+00
      0.094     -0.051     6.9071     81.614     29.034  28.178535     1.5847      9.844   178.1225 2.0212e+02    13.7976      0.106      0.152    23.4336 0.0000e+00
      0.057     -0.096     6.9842     80.480     29.070  28.196946     1.5564      9.852   178.0007 2.5805e+02    13.3202      0.063      0.091    23.4800 0.0000e+00
      0.000     -0.124     7.0122     78.997     29.096  28.205523     1.5403      9.859   177.4346 3.4494e+02    13.2483     -0.002     -0.003    23.5248 0.0000e+00
     -0.055     -0.129     6.9971     77.404     29.121  28.218825     1.4986      9.867   177.2146 4.2992e+02    13.3049     -0.061     -0.088    23.5474 0.0000e+00
     -0.091     -0.112     6.9462     75.886     29.126  28.230980     1.4518      9.874   177.4915 4.9260e+02    13.5264     -0.096     -0.140    23.5278 0.0000e+00
     -0.110     -0.080     6.8506     74.574     29.096  28.225725     1.4404      9.876   178.1147 5.1895e+02    13.6724     -0.111     -0.161    23.4901 0.0000e+00
     -0.120     -0.045     6.7184     73.654     29.071  28.218713     1.4440      9.875   178.8999 5.1932e+02    13.6691     -0.120     -0.173    23.4654 0.0000e+00
     -0.123     -0.016     6.5819     73.295     29.065  28.209618     1.4373      9.872   179.3268 5.1452e+02    13.6908     -0.122     -0.179    23.4329 0.0000e+00
     -0.121      0.004     6.4498     73.429     29.047  28.179134     1.4259      9.871   179.4898 5.0551e+02    13.7989     -0.120     -0.174    23.4382 0.0000e+00
     -0.116      0.016     6.3237     73.738     29.047  28.167044     1.4227      9.871   179.7533 4.9386e+02    13.9171     -0.115     -0.166    23.5088 0.0000e+00
     -0.108      0.022     6.2340     73.900     29.080  28.190200     1.4322      9.871   179.9316 4.6847e+02    13.9590     -0.106     -0.155    23.5435 0.0000e+00
     -0.100      0.023     6.2074     73.779     29.103  28.205551     1.4321      9.871   180.1831 4.3081e+02    13.9628     -0.099     -0.143    23.5262 0.0000e+00
     -0.092      0.023     6.2339     73.460     29.129  28.225868     1.4215      9.869   180.7293 4.2159e+02    14.0320     -0.090     -0.129    23.5009 0.0000e+00
     -0.087      0.022     6.2736     73.203     29.154  28.245688     1.4209      9.865   181.2870 4.4139e+02    14.1464     -0.084     -0.122    23.4767 0.0000e+00
     -0.085      0.021     6.2931     73.181     29.166  28.255023     1.4243      9.861   181.6770 4.4744e+02    14.2179     -0.084     -0.122    23.4617 0.0000e+00
     -0.081      0.018     6.2816     73.307     29.190  28.275340     1.4216      9.858   181.9179 4.2367e+02    14.1798     -0.081     -0.118    23.4535 0.0000e+00
     -0.074      0.014     6.2458     73.499     29.219  28.301181     1.4128      9.855   181.9632 3.9139e+02    13.9598     -0.072     -0.105    23.4442 0.0000e+00
     -0.068      0.010     6.2166     73.830     29.235  28.313914     1.4176      9.853   181.8807 3.7538e+02    13.6413     -0.066     -0.095    23.4356 0.0000e+00
     -0.065      0.006     6.2222     74.353     29.228  28.302508     1.4382      9.851   181.9520 3.7666e+02    13.5056     -0.062     -0.090    23.4316 0.0000e+00
     -0.065      0.001     6.2369     74.979     29.219  28.290039     1.4453      9.850   182.2226 3.8497e+02    13.5488     -0.063     -0.091    23.4276 0.0000e+00
     -0.068     -0.003     6.2487     75.504     29.223  28.289927     1.4535      9.849   182.4859 3.9048e+02    13.6845     -0.067     -0.097    23.4244 0.0000e+00
     -0.072     -0.005     6.2757     75.752     29.236  28.301139     1.4706      9.847   182.6403 3.9084e+02    13.9165     -0.071     -0.103    23.4204 0.0000e+00
     -0.074     -0.006     6.3233     75.683     29.234  28.298834     1.4782      9.846   182.4540 3.9253e+02    14.0655     -0.073     -0.106    23.4127 0.0000e+00
     -0.074     -0.006     6.3854     75.435     29.196  28.262058     1.4870      9.846   182.0411 3.9668e+02    14.1195     -0.072     -0.105    23.4039 0.0000e+00
     -0.075     -0.004     6.4365     75.240     29.171  28.236798     1.4767      9.847   181.9503 3.9740e+02    14.1260     -0.072     -0.106    23.3976 0.0000e+00
     -0.076     -0.001     6.4596     75.211     29.183  28.246970     1.4374      9.849   182.1307 3.9351e+02    14.0758     -0.074     -0.108    23.3945 0.0000e+00
     -0.079      0.004     6.4495     75.297     29.196  28.258267     1.4184      9.849   182.4150 3.9056e+02    14.0597     -0.077     -0.112    23.3943 0.0000e+00
     -0.079      0.010     6.4190     75.363     29.184  28.246609     1.4305      9.849   182.8924 3.8754e+02    14.1020     -0.079     -0.115    23.3946 0.0000e+00
     -0.076      0.016     6.3992     75.283     29.169  28.232791     1.4586      9.849   183.2563 3.8036e+02    14.1765     -0.076     -0.110    23.3929 0.0000e+00
