Data/DataNotYetUploadedToEDI/Raw_CTD/RawDownloads/062022_bvr40_0003.cnv
* Sea-Bird SBE19plus  Data File:
* FileName = C:\R\Reservoirs\Data\DataNotYetUploadedToEDI\Raw_CTD\RawDownloads\062022_bvr01_0003.hex
* Software version 2.8.0.119
* Temperature SN = 7809
* Conductivity SN = 7809
* System UpLoad Time = Jun 21 2022 11:23:29
* <ApplicationData>
* <Seaterm232>
# nquan = 15
# nvalues = 1133                        
# units = specified
# name 0 = depFM: Depth [fresh water, m]
# name 1 = dz/dtM: Descent Rate [m/s]
# name 2 = sbeox0Mg/L: Oxygen, SBE 43 [mg/l]
# name 3 = sbeox0PS: Oxygen, SBE 43 [% saturation]
# name 4 = specc: Specific Conductance [uS/cm]
# name 5 = c0uS/cm: Conductivity [uS/cm]
# name 6 = flECO-AFL: Fluorescence, WET Labs ECO-AFL/FL [mg/m^3]
# name 7 = ph: pH
# name 8 = orp: Oxidation Reduction Potential [mV]
# name 9 = par/sat/log: PAR/Logarithmic, Satlantic
# name 10 = turbWETntu0: Turbidity, WET Labs ECO [NTU]
# name 11 = prdM: Pressure, Strain Gauge [db]
# name 12 = prdE: Pressure, Strain Gauge [psi]
# name 13 = tv290C: Temperature [ITS-90, deg C]
# name 14 = flag:  0.000e+00
# span 0 =     -0.665,      3.164       
# span 1 =     -0.333,      0.188       
# span 2 =     0.0432,     8.0056       
# span 3 =      0.450,     93.285       
# span 4 =      0.058,    258.336       
# span 5 =   0.059348, 210.311380       
# span 6 =    -0.1446,     6.7188       
# span 7 =     -2.322,      9.876       
# span 8 =  -206.3475,  1228.5075       
# span 9 = 1.2363e-01, 9.3495e+02       
# span 10 =    -0.3447,   163.6964      
# span 11 =     -0.654,      3.104      
# span 12 =     -0.948,      4.503      
# span 13 =    15.6765,    25.7430      
# span 14 = 0.0000e+00, 0.0000e+00      
# interval = seconds: 0.25
# start_time = Jun 20 2022 08:39:46 [Instrument's time stamp, header]
# bad_flag = -9.990e-29
*END*
[from data line 1061]
      0.343     -0.020     6.7837     77.824     27.957  26.389798     1.7497      9.202   122.6061 1.0465e+02    14.3950      0.334      0.485    22.1853 0.0000e+00
      0.345     -0.007     6.7812     77.877     27.939  26.373761     1.7386      9.205   122.8890 1.0359e+02    14.3305      0.338      0.490    22.1869 0.0000e+00
      0.347      0.003     6.7757     77.930     27.944  26.379019     1.7231      9.208   122.8908 1.0255e+02    14.1896      0.341      0.495    22.1883 0.0000e+00
      0.349      0.010     6.7729     77.973     27.955  26.389996     1.7294      9.211   122.7136 1.0137e+02    14.1251      0.342      0.496    22.1891 0.0000e+00
      0.351      0.013     6.7793     77.983     27.944  26.379711     1.7477      9.214   122.8104 9.9669e+01    14.1318      0.345      0.500    22.1904 0.0000e+00
      0.355      0.013     6.7831     77.982     27.945  26.381429     1.7449      9.217   123.0286 9.7709e+01    14.1344      0.347      0.504    22.1920 0.0000e+00
      0.360      0.012     6.7872     78.014     27.976  26.410773     1.7450      9.222   123.2867 9.5642e+01    14.1561      0.352      0.511    22.1943 0.0000e+00
      0.365      0.011     6.7932     78.079     27.982  26.417594     1.7746      9.226   123.6090 9.3899e+01    14.2243      0.360      0.521    22.1960 0.0000e+00
      0.368      0.014     6.7920     78.092     27.963  26.400528     1.7948      9.229   123.8277 9.3369e+01    14.3099      0.364      0.528    22.1967 0.0000e+00
      0.367      0.021     6.7910     78.071     27.956  26.394574     1.7974      9.233   123.9528 9.4796e+01    14.3711      0.361      0.523    22.1974 0.0000e+00
      0.366      0.031     6.7915     78.113     27.970  26.408989     1.7805      9.235   124.1754 9.6038e+01    14.4867      0.354      0.513    22.1977 0.0000e+00
      0.372      0.041     6.8028     78.163     28.008  26.448049     1.7495      9.236   124.6263 9.4055e+01    14.7162      0.361      0.523    22.1982 0.0000e+00
      0.389      0.049     6.8043     78.192     28.043  26.486560     1.7390      9.236   125.0157 8.9950e+01    14.8918      0.381      0.551    22.1998 0.0000e+00
      0.412      0.053     6.7932     78.244     28.047  26.494337     1.7455      9.238   125.0980 8.5865e+01    14.9013      0.404      0.586    22.2017 0.0000e+00
      0.433      0.051     6.8039     78.318     28.027  26.478714     1.7439      9.240   125.1910 8.3226e+01    14.5587      0.428      0.621    22.2033 0.0000e+00
      0.448      0.043     6.8076     78.412     28.034  26.487810     1.7276      9.242   125.5376 8.2092e+01    13.9601      0.442      0.642    22.2082 0.0000e+00
      0.454      0.029     6.8052     78.523     28.088  26.540938     1.7238      9.242   125.8480 8.1034e+01    13.6760      0.446      0.648    22.2184 0.0000e+00
      0.455      0.008     6.8108     78.656     28.093  26.550649     1.7400      9.242   125.5882 7.9906e+01    13.6853      0.446      0.646    22.2287 0.0000e+00
      0.456     -0.020     6.8148     78.790     28.009  26.478467     1.7142      9.247   124.8911 7.8446e+01    13.6290      0.445      0.647    22.2352 0.0000e+00
      0.457     -0.052     6.8239     78.896     27.954  26.428779     1.6456      9.254   124.3036 7.7386e+01    13.4730      0.450      0.653    22.2367 0.0000e+00
      0.452     -0.082     6.8329     79.021     27.984  26.456932     1.6098      9.261   124.0765 8.0958e+01    13.3702      0.452      0.656    22.2369 0.0000e+00
      0.425     -0.104     6.8431     79.176     28.032  26.501956     1.6144      9.268   124.1239 9.1990e+01    13.4107      0.426      0.618    22.2479 0.0000e+00
      0.375     -0.114     6.8554     79.284     28.058  26.529488     1.6511      9.273   124.1893 1.0650e+02    13.5873      0.367      0.533    22.2653 0.0000e+00
      0.324     -0.112     6.8608     79.318     28.128  26.599687     1.7041      9.278   124.2649 1.1814e+02    13.7978      0.313      0.453    22.2708 0.0000e+00
      0.286     -0.097     6.8706     79.307     28.245  26.716907     1.7226      9.283   124.3490 1.2386e+02    13.8713      0.274      0.397    22.2653 0.0000e+00
      0.269     -0.070     6.8899     79.293     28.327  26.805919     1.7246      9.287   124.6898 1.2512e+02    13.8953      0.258      0.375    22.2626 0.0000e+00
      0.267     -0.041     6.8981     79.333     28.357  26.851971     1.7368      9.288   125.2883 1.2647e+02    13.9171      0.261      0.380    22.2685 0.0000e+00
      0.267     -0.023     6.8991     79.460     28.313  26.830062     1.7535      9.288   125.3051 1.2836e+02    13.8280      0.262      0.379    22.2764 0.0000e+00
      0.268     -0.024     6.8959     79.670     28.193  26.731191     1.7761      9.290   124.7204 1.2900e+02    13.7059      0.261      0.378    22.2852 0.0000e+00
      0.271     -0.042     6.8900     79.982     28.124  26.670672     1.7858      9.296   124.4990 1.3268e+02    13.6367      0.266      0.386    22.3053 0.0000e+00
      0.270     -0.069     6.8872     80.403     28.190  26.732163     1.7883      9.304   124.4349 1.4606e+02    13.6402      0.273      0.395    22.3408 0.0000e+00
      0.250     -0.098     6.8940     80.848     28.370  26.904229     1.7811      9.314   123.8599 1.7129e+02    13.7142      0.255      0.369    22.3803 0.0000e+00
      0.209     -0.123     6.9082     81.233     28.568  27.103168     1.7406      9.325   123.3976 2.0849e+02    13.7792      0.206      0.298    22.4084 0.0000e+00
      0.162     -0.140     6.9320     81.503     28.684  27.236037     1.7059      9.338   123.2329 2.5900e+02    13.8121      0.158      0.229    22.4154 0.0000e+00
      0.118     -0.145     6.9742     81.657     28.727  27.306481     1.7113      9.353   122.7294 3.1385e+02    13.8382      0.116      0.169    22.4077 0.0000e+00
      0.077     -0.139     7.0157     81.793     28.709  27.321094     1.7634      9.369   122.2144 3.6409e+02    13.9238      0.072      0.104    22.4036 0.0000e+00
      0.042     -0.125     7.0478     82.002     28.644  27.286001     1.8379      9.383   122.4263 4.0993e+02    14.0617      0.039      0.055    22.4220 0.0000e+00
      0.017     -0.113     7.0668     82.293     28.598  27.262525     1.8629      9.393   122.9681 4.5056e+02    14.1048      0.017      0.024    22.4670 0.0000e+00
     -0.005     -0.108     7.0680     82.647     28.613  27.290813     1.8479      9.401   123.0874 4.9021e+02    14.1033     -0.005     -0.006    22.5230 0.0000e+00
     -0.027     -0.113     7.0683     83.056     28.690  27.374513     1.8241      9.408   122.8363 5.2988e+02    14.0102     -0.028     -0.039    22.5801 0.0000e+00
     -0.049     -0.136     7.0810     83.541     28.823  27.513929     1.7908      9.416   121.8245 5.8287e+02    13.7639     -0.047     -0.067    22.6286 0.0000e+00
     -0.078     -0.179     7.1014     84.040     28.941  27.645424     1.7780      9.424   119.8014 6.7081e+02    13.8580     -0.071     -0.103    22.6635 0.0000e+00
     -0.120     -0.238     7.1304     84.423     28.966  27.696745     1.8695      9.429   114.6368 7.6109e+02    17.1643     -0.113     -0.165    22.6862 0.0000e+00
     -0.176     -0.295     7.1609     84.586     28.927  27.690796     3.0973      9.430   104.1201 8.0551e+02    54.5936     -0.164     -0.237    22.7013 0.0000e+00
     -0.261     -0.330     7.2021     84.400     28.780  27.573534     5.3792      9.430    94.8599 8.1170e+02   123.2802     -0.241     -0.349    22.7180 0.0000e+00
     -0.383     -0.333     7.2475     83.905     28.554  27.356511     6.6212      9.431    92.9268 8.0489e+02   160.6689     -0.369     -0.534    22.7513 0.0000e+00
     -0.518     -0.305     7.2727     83.357     28.440  27.221874     6.7188      9.431    94.2553 8.0152e+02   163.6964     -0.522     -0.757    22.8025 0.0000e+00
     -0.617     -0.252     7.2866     82.882     28.403  27.149919     6.5847      9.428    94.9203 8.0403e+02   160.5345     -0.633     -0.919    22.8602 0.0000e+00
     -0.657     -0.183     7.2627     82.313     28.207  26.930138     5.0493      9.424    95.2879 8.0474e+02   122.6771     -0.654     -0.948    22.9139 0.0000e+00
     -0.663     -0.109     7.2074     81.307     26.083  24.881395     2.2540      9.423    97.1518 8.0938e+02    53.2312     -0.649     -0.941    22.9181 0.0000e+00
     -0.663     -0.049     7.1641     79.652     18.980  18.095091     0.7279      9.422    98.9585 8.1817e+02    15.2963     -0.651     -0.944    22.8594 0.0000e+00
     -0.663     -0.014     7.1392     77.523     10.035   9.563195     0.5630      9.417    96.9985 8.1690e+02    11.5483     -0.650     -0.942    22.7849 0.0000e+00
     -0.664     -0.002     7.1104     75.306      5.471   5.211290     0.3772      9.412    94.1889 8.0169e+02     8.4605     -0.652     -0.946    22.7267 0.0000e+00
     -0.664 -1.045e-09     7.0392     73.261      4.384   4.174245     0.0711      9.409    93.8114 7.8565e+02     3.3080     -0.651     -0.945    22.6841 0.0000e+00
     -0.664 -1.149e-08     6.8934     71.518      3.990   3.798796    -0.1006      9.407    94.4132 7.7755e+02     0.4553     -0.651     -0.944    22.6516 0.0000e+00
     -0.664 -1.264e-07     6.6964     70.147      3.831   3.647419    -0.1164      9.405    95.0125 7.6849e+02     0.3401     -0.651     -0.944    22.6309 0.0000e+00
     -0.664 -1.264e-07     6.5011     69.216      3.659   3.483528     0.0045      9.404    95.5508 7.5214e+02     1.7783     -0.651     -0.944    22.6187 0.0000e+00
     -0.664 -1.149e-08     6.3206     68.751      3.438   3.273317     0.2290      9.403    95.9314 7.3803e+02     4.3853     -0.651     -0.944    22.6111 0.0000e+00
     -0.664 -1.044e-09     6.1698     68.662      3.156   3.005027     0.3424      9.401    96.1724 7.3109e+02     5.7640     -0.651     -0.945    22.6061 0.0000e+00
     -0.664 -9.495e-11     6.0495     68.820      2.912   2.771964     0.3353      9.400    96.1421 7.2670e+02     5.7068     -0.651     -0.944    22.6023 0.0000e+00
     -0.664 -8.635e-12     5.9666     69.075      2.740   2.607816     0.2347      9.398    95.6510 7.2190e+02     4.3766     -0.651     -0.945    22.5996 0.0000e+00
     -0.664 -7.850e-13     5.9317     69.330      2.601   2.476384     0.0586      9.397    95.5685 7.2093e+02     1.9441     -0.651     -0.944    22.5972 0.0000e+00
     -0.664 -7.135e-14     5.9268     69.568      2.506   2.385640    -0.0463      9.391    96.6080 7.2492e+02     0.5830     -0.650     -0.943    22.5953 0.0000e+00
     -0.664 -6.485e-15     5.9467     69.777      2.518   2.396916    -0.0678      9.376    97.2920 7.2984e+02     0.4550     -0.651     -0.944    22.5936 0.0000e+00
     -0.664 -5.895e-16     5.9718     69.943      2.612   2.486113    -0.0777      9.365    96.6120 7.3523e+02     0.3973     -0.651     -0.944    22.5923 0.0000e+00
     -0.664 -5.360e-17     5.9933     70.073      2.709   2.577835    -0.0986      9.363    96.1285 7.3625e+02     0.1584     -0.651     -0.944    22.5909 0.0000e+00
     -0.664 -4.914e-18     6.0150     70.165      2.819   2.682937    -0.1296      9.350    96.3509 7.2309e+02    -0.1790     -0.651     -0.944    22.5889 0.0000e+00
     -0.664 -8.861e-19     6.0337     70.200      2.883   2.743988    -0.1446      9.340    96.4618 6.9363e+02    -0.3340     -0.651     -0.944    22.5869 0.0000e+00
     -0.663 -9.990e-29     6.0481 -9.990e-29 -9.990e-29 -9.990e-29 -9.990e-29 -9.990e-29 -9.990e-29 6.6725e+02 -9.990e-29     -0.650     -0.943    22.5849 0.0000e+00
     -0.663 -9.990e-29     6.0589 -9.990e-29 -9.990e-29 -9.990e-29 -9.990e-29 -9.990e-29 -9.990e-29 6.6015e+02 -9.990e-29     -0.650     -0.943    22.5831 0.0000e+00
     -0.664 -9.990e-29     6.0685 -9.990e-29 -9.990e-29 -9.990e-29 -9.990e-29 -9.990e-29 -9.990e-29 6.6242e+02 -9.990e-29     -0.651     -0.944    22.5809 0.0000e+00
     -0.664 -9.990e-29     6.0721 -9.990e-29 -9.990e-29 -9.990e-29 -9.990e-29 -9.990e-29 -9.990e-29 6.6350e+02 -9.990e-29     -0.651     -0.944    22.5793 0.0000e+00
