Data/DataNotYetUploadedToEDI/Raw_CTD/RawDownloads/062022_bvr50_0004.cnv
* Sea-Bird SBE19plus  Data File:
* FileName = C:\R\Reservoirs\Data\DataNotYetUploadedToEDI\Raw_CTD\RawDownloads\062022_bvr01_0004.hex
* Software version 2.8.0.119
* Temperature SN = 7809
* Conductivity SN = 7809
* System UpLoad Time = Jun 21 2022 11:24:11
* <ApplicationData>
* <Seaterm232>
# nquan = 15
# nvalues = 1594                        
# units = specified
# name 0 = depFM: Depth [fresh water, m]
# name 1 = dz/dtM: Descent Rate [m/s]
# name 2 = sbeox0Mg/L: Oxygen, SBE 43 [mg/l]
# name 3 = sbeox0PS: Oxygen, SBE 43 [% saturation]
# name 4 = specc: Specific Conductance [uS/cm]
# name 5 = c0uS/cm: Conductivity [uS/cm]
# name 6 = flECO-AFL: Fluorescence, WET Labs ECO-AFL/FL [mg/m^3]
# name 7 = ph: pH
# name 8 = orp: Oxidation Reduction Potential [mV]
# name 9 = par/sat/log: PAR/Logarithmic, Satlantic
# name 10 = turbWETntu0: Turbidity, WET Labs ECO [NTU]
# name 11 = prdM: Pressure, Strain Gauge [db]
# name 12 = prdE: Pressure, Strain Gauge [psi]
# name 13 = tv290C: Temperature [ITS-90, deg C]
# name 14 = flag:  0.000e+00
# span 0 =     -0.666,      8.368       
# span 1 =     -0.264,      0.219       
# span 2 =     0.0397,     8.1611       
# span 3 =      0.383,     96.237       
# span 4 =      0.224,    231.681       
# span 5 =   0.225428, 160.119778       
# span 6 =    -0.7764,     5.0292       
# span 7 =      5.940,     12.609       
# span 8 = -1240.7449,  1207.6824       
# span 9 = 1.2361e-01, 1.6525e+03       
# span 10 =   -12.2161,    42.7027      
# span 11 =     -0.654,      8.206      
# span 12 =     -0.948,     11.903      
# span 13 =     9.5480,    25.2709      
# span 14 = 0.0000e+00, 0.0000e+00      
# interval = seconds: 0.25
# start_time = Jun 20 2022 09:57:13 [Instrument's time stamp, header]
# bad_flag = -9.990e-29
*END*
[from data line 1157]
      8.338      0.015     0.0553      0.496    114.293  79.235447     0.8416      7.133  -119.1984 1.2363e-01     1.9088      8.177     11.861     9.6588 0.0000e+00
      8.343      0.017     0.0558      0.493    111.994  77.638965     0.8422      7.133  -119.5457 1.2361e-01     1.8606      8.183     11.868     9.6601 0.0000e+00
      8.344      0.018     0.0601      0.503    110.751  76.779064     0.8545      7.132  -119.7160 1.2368e-01     1.8854      8.183     11.869     9.6625 0.0000e+00
      8.346      0.018     0.0577      0.515    110.381  76.527649     0.8485      7.132  -119.8812 1.2372e-01     1.8664      8.184     11.870     9.6635 0.0000e+00
      8.352      0.016     0.0560      0.513    110.065  76.314770     0.8201      7.131  -120.0808 1.2372e-01     1.8369      8.190     11.879     9.6611 0.0000e+00
      8.361      0.011     0.0554      0.502    109.488  75.920800     0.7938      7.130  -119.9780 1.2375e-01     1.8350      8.201     11.896     9.6586 0.0000e+00
      8.367      0.005     0.0568      0.487    108.066  74.941210     0.7884      7.128  -119.8420 1.2375e-01     1.8439      8.206     11.901     9.6599 0.0000e+00
      8.368     -0.004     0.0596      0.463    106.793  74.064667     0.7806      7.127  -120.0717 1.2372e-01     1.8769      8.206     11.903     9.6628 0.0000e+00
      8.365     -0.015     0.0586      0.455    111.586  77.394312     0.7820      7.126  -120.3464 1.2369e-01     1.9943      8.204     11.899     9.6656 0.0000e+00
      8.357     -0.025     0.0569      0.467    129.724  89.968447     0.8140      7.127  -120.5822 1.2367e-01     2.1354      8.197     11.888     9.6685 0.0000e+00
      8.347     -0.032     0.0566      0.479    155.637 107.898652     0.8432      7.128  -120.7715 1.2369e-01     2.1824      8.187     11.874     9.6716 0.0000e+00
      8.336     -0.036     0.0514      0.485    176.257 122.119327     0.8603      7.128  -120.8289 1.2376e-01     2.1868      8.175     11.855     9.6741 0.0000e+00
      8.325     -0.037     0.0506      0.475    190.638 132.000324     0.8711      7.128  -120.8460 1.2376e-01     2.1548      8.163     11.839     9.6774 0.0000e+00
      8.315     -0.036     0.0539      0.460    202.528 140.163367     0.8653      7.130  -120.9781 1.2374e-01     2.0002      8.153     11.825     9.6800 0.0000e+00
      8.307     -0.034     0.0540      0.469    211.599 146.384712     0.8570      7.130  -121.1352 1.2375e-01     1.8883      8.146     11.815     9.6678 0.0000e+00
      8.299     -0.030     0.0567      0.491    218.426 151.059569     0.8540      7.131  -121.1107 1.2377e-01     1.8963      8.138     11.804     9.6409 0.0000e+00
      8.290     -0.027     0.0544      0.502    224.066 154.918779     0.8451      7.132  -121.1123 1.2377e-01     1.8575      8.130     11.791     9.6173 0.0000e+00
      8.284     -0.025     0.0506      0.498    228.610 158.030011     0.8409      7.132  -121.2399 1.2369e-01     1.8290      8.123     11.781     9.6004 0.0000e+00
      8.280     -0.024     0.0530      0.494    231.166 159.779303     0.8369      7.131  -121.2774 1.2364e-01     1.8596      8.119     11.775     9.5869 0.0000e+00
      8.275     -0.024     0.0564      0.489    231.681 160.119778     0.8385      7.131  -121.2216 1.2368e-01     1.8511      8.116     11.770     9.5770 0.0000e+00
      8.269     -0.024     0.0584      0.488    230.111 159.020365     0.8518      7.132  -121.1674 1.2374e-01     1.7607      8.110     11.762     9.5666 0.0000e+00
      8.263     -0.027     0.0561      0.497    225.188 155.609526     0.8487      7.133  -121.1384 1.2372e-01     1.6541      8.103     11.752     9.5593 0.0000e+00
      8.256     -0.032     0.0565      0.498    217.084 150.010345     0.8342      7.133  -121.1295 1.2366e-01     1.6208      8.096     11.743     9.5574 0.0000e+00
      8.249     -0.037     0.0559      0.494    206.532 142.727628     0.8260      7.132  -121.1451 1.2368e-01     1.6323      8.090     11.735     9.5540 0.0000e+00
      8.239     -0.042     0.0545      0.497    185.938 128.511308     0.8322      7.132  -121.0693 1.2373e-01     1.7249      8.081     11.720     9.5499 0.0000e+00
      8.225     -0.048     0.0576      0.508    151.168 104.508868     0.8508      7.132  -120.8158 1.2374e-01     1.8859      8.067     11.699     9.5480 0.0000e+00
      8.211     -0.058     0.0570      0.518    120.556  83.400621     0.8596      7.131  -120.6604 1.2375e-01     1.9744      8.052     11.679     9.5481 0.0000e+00
      8.198     -0.077     0.0559      0.513    107.427  74.387495     0.8559      7.129  -120.6538 1.2377e-01     2.0089      8.040     11.661     9.5508 0.0000e+00
      8.185     -0.104     0.0563      0.501    105.736  73.276924     0.8476      7.128  -120.5637 1.2378e-01     2.0983      8.028     11.644     9.5545 0.0000e+00
      8.165     -0.137     0.0579      0.496    108.142  74.991677     0.8341      7.127  -120.4306 1.2377e-01     2.2351      8.013     11.622     9.5622 0.0000e+00
      8.130     -0.169     0.0600      0.500    109.172  75.742512     0.8256      7.127  -120.3351 1.2374e-01     2.3301      7.982     11.577     9.5883 0.0000e+00
      8.073     -0.197     0.0588      0.513    108.317  75.176477     0.8362      7.127  -120.1833 1.2375e-01     2.3941      7.923     11.491     9.6238 0.0000e+00
      8.003     -0.218     0.0565      0.516    108.695  75.454802     0.8702      7.126  -120.0587 1.2380e-01     2.4612      7.848     11.381     9.6503 0.0000e+00
      7.935     -0.232     0.0564      0.510    109.830  76.248362     0.9043      7.126  -120.1192 1.2380e-01     2.4924      7.776     11.278     9.6716 0.0000e+00
      7.876     -0.237     0.0557      0.523    109.108  75.748723     0.9070      7.125  -120.1397 1.2376e-01     2.4641      7.721     11.198     9.6891 0.0000e+00
      7.825     -0.227     0.0590      0.534    107.300  74.496773     0.8950      7.124  -120.0492 1.2376e-01     2.3917      7.677     11.134     9.7020 0.0000e+00
      7.769     -0.202     0.0599      0.510    105.586  73.310517     0.8921      7.123  -120.1435 1.2376e-01     2.3691      7.625     11.058     9.7088 0.0000e+00
      7.704     -0.172     0.0561      0.479    102.436  71.126287     0.9046      7.123  -120.3333 1.2376e-01     2.4638      7.553     10.956     9.7100 0.0000e+00
      7.646     -0.142     0.0593      0.474     99.261  68.924002     0.9224      7.124  -120.3650 1.2380e-01     2.6153      7.487     10.858     9.7103 0.0000e+00
      7.616     -0.117     0.0630      0.478     98.608  68.471459     0.9236      7.125  -120.2683 1.2380e-01     2.6978      7.459     10.818     9.7118 0.0000e+00
      7.611     -0.102     0.0584      0.469     99.034  68.767277     0.9199      7.125  -120.1967 1.2373e-01     2.6755      7.464     10.825     9.7140 0.0000e+00
      7.611     -0.099     0.0525      0.452     98.556  68.435630     0.9023      7.124  -120.2732 1.2367e-01     2.6191      7.469     10.833     9.7153 0.0000e+00
      7.597     -0.110     0.0538      0.441     97.587  67.764447     0.8692      7.123  -120.4192 1.2367e-01     2.6304      7.456     10.815     9.7162 0.0000e+00
      7.562     -0.133     0.0553      0.451     97.035  67.384726     0.8516      7.124  -120.5002 1.2374e-01     2.6754      7.421     10.764     9.7169 0.0000e+00
      7.511     -0.160     0.0535      0.469     97.052  67.401244     0.8484      7.124  -120.4777 1.2380e-01     2.6517      7.368     10.687     9.7167 0.0000e+00
      7.456     -0.181     0.0516      0.466     96.574  67.075001     0.8637      7.124  -120.4915 1.2381e-01     2.6167      7.310     10.603     9.7165 0.0000e+00
      7.405     -0.191     0.0488      0.464     95.263  66.171071     0.8947      7.125  -120.5811 1.2383e-01     2.5938      7.261     10.530     9.7175 0.0000e+00
      7.358     -0.192     0.0503      0.474     94.363  65.553942     0.9076      7.126  -120.7010 1.2387e-01     2.5449      7.217     10.467     9.7192 0.0000e+00
      7.311     -0.186     0.0554      0.483     94.028  65.329258     0.8939      7.127  -120.9085 1.2385e-01     2.5034      7.171     10.400     9.7216 0.0000e+00
      7.262     -0.178     0.0523      0.488     93.785  65.169140     0.8791      7.128  -121.1112 1.2377e-01     2.5025      7.121     10.329     9.7248 0.0000e+00
      7.215     -0.169     0.0517      0.490     94.007  65.332648     0.8701      7.128  -121.2589 1.2376e-01     2.4998      7.075     10.261     9.7284 0.0000e+00
      7.172     -0.161     0.0545      0.488     94.274  65.527999     0.8596      7.129  -121.3179 1.2379e-01     2.4706      7.031     10.196     9.7324 0.0000e+00
      7.134     -0.154     0.0548      0.475     93.579  65.054325     0.8444      7.130  -121.3070 1.2379e-01     2.4227      6.994     10.143     9.7371 0.0000e+00
      7.099     -0.147     0.0557      0.472     92.578  64.368466     0.8191      7.132  -121.3858 1.2375e-01     2.2624      6.963     10.098     9.7418 0.0000e+00
      7.064     -0.140     0.0552      0.477     92.077  64.030450     0.7960      7.133  -121.5822 1.2372e-01     2.0015      6.929     10.049     9.7466 0.0000e+00
      7.028     -0.135     0.0567      0.469     91.858  63.888584     0.7898      7.135  -121.7037 1.2373e-01     1.8650      6.892      9.997     9.7513 0.0000e+00
      6.991     -0.132     0.0531      0.460     91.711  63.796226     0.8017      7.136  -121.6501 1.2377e-01     1.9098      6.854      9.942     9.7564 0.0000e+00
      6.958     -0.132     0.0527      0.453     91.524  63.675792     0.8312      7.136  -121.6219 1.2374e-01     1.9627      6.822      9.893     9.7620 0.0000e+00
      6.929     -0.134     0.0557      0.442     91.275  63.511962     0.8565      7.138  -121.7925 1.2367e-01     1.9233      6.795      9.856     9.7676 0.0000e+00
      6.900     -0.134     0.0529      0.441     91.106  63.402915     0.8495      7.140  -121.9925 1.2370e-01     1.8780      6.767      9.816     9.7733 0.0000e+00
      6.865     -0.131     0.0517      0.449     91.051  63.373332     0.8370      7.141  -121.9757 1.2378e-01     1.8928      6.736      9.769     9.7788 0.0000e+00
      6.824     -0.125     0.0524      0.459     90.905  63.281291     0.8482      7.143  -122.0186 1.2382e-01     1.9309      6.694      9.708     9.7841 0.0000e+00
      6.784     -0.119     0.0491      0.468     90.655  63.115567     0.8599      7.144  -122.2531 1.2385e-01     1.9634      6.646      9.640     9.7893 0.0000e+00
      6.755     -0.111     0.0495      0.476     90.506  63.020585     0.8532      7.145  -122.4030 1.2384e-01     1.9449      6.619      9.600     9.7939 0.0000e+00
      6.737     -0.103     0.0513      0.493     90.405  62.958381     0.8417      7.146  -122.4545 1.2378e-01     1.8772      6.608      9.584     9.7985 0.0000e+00
      6.718     -0.097     0.0515      0.504     90.177  62.807968     0.8375      7.146  -122.4449 1.2377e-01     1.8282      6.591      9.558     9.8036 0.0000e+00
      6.693     -0.095     0.0541      0.506     89.955  62.662443     0.8436      7.147  -122.5450 1.2381e-01     1.8646      6.563      9.519     9.8087 0.0000e+00
      6.666     -0.098     0.0527      0.516     89.847  62.595828     0.8585      7.148  -122.7189 1.2383e-01     1.9416      6.537      9.482     9.8135 0.0000e+00
      6.640     -0.102     0.0564      0.528     89.804  62.574031     0.8667      7.149  -122.7397 1.2381e-01     1.9390      6.513      9.446     9.8181 0.0000e+00
      6.613     -0.104     0.0579      0.524     89.817  62.589398     0.8674      7.150  -122.7963 1.2377e-01     1.9020      6.486      9.406     9.8226 0.0000e+00
      6.586     -0.103     0.0566      0.513     89.811  62.591138     0.8587      7.150  -122.9740 1.2371e-01     1.9037      6.459      9.368     9.8275 0.0000e+00
      6.559     -0.102     0.0581      0.509     89.719  62.531573     0.8450      7.150  -123.1674 1.2366e-01     1.9252      6.433      9.330     9.8326 0.0000e+00
      6.533     -0.104     0.0612      0.507     89.582  62.440699     0.8438      7.151  -123.2415 1.2370e-01     1.9567      6.404      9.289     9.8369 0.0000e+00
      6.509     -0.106     0.0596      0.502     89.492  62.381363     0.8441      7.152  -123.0964 1.2377e-01     1.9778      6.382      9.257     9.8406 0.0000e+00
      6.486     -0.105     0.0574      0.487     89.492  62.385621     0.8398      7.152  -123.0478 1.2382e-01     1.9070      6.363      9.229     9.8437 0.0000e+00
      6.458     -0.100     0.0581      0.479     89.548  62.428692     0.8343      7.153  -123.1693 1.2383e-01     1.7156      6.336      9.191     9.8464 0.0000e+00
      6.424     -0.092     0.0573      0.486     89.585  62.457656     0.8263      7.155  -123.1888 1.2381e-01     1.5771      6.300      9.138     9.8485 0.0000e+00
      6.393     -0.087     0.0578      0.495     89.526  62.418340     0.8263      7.157  -123.1116 1.2380e-01     1.5642      6.263      9.083     9.8508 0.0000e+00
      6.375     -0.086     0.0546      0.497     89.402  62.334315     0.8264      7.158  -123.0962 1.2380e-01     1.5938      6.246      9.059     9.8535 0.0000e+00
      6.368     -0.086     0.0535      0.487     89.303  62.267175     0.8112      7.159  -123.2609 1.2380e-01     1.6277      6.248      9.063     9.8557 0.0000e+00
      6.356     -0.090     0.0551      0.473     89.265  62.241530     0.8004      7.159  -123.3816 1.2377e-01     1.6658      6.240      9.049     9.8571 0.0000e+00
      6.330     -0.098     0.0564      0.475     89.225  62.214747     0.7969      7.159  -123.3508 1.2373e-01     1.6797      6.209      9.005     9.8583 0.0000e+00
      6.297     -0.106     0.0566      0.484     89.108  62.133828     0.8021      7.160  -123.4058 1.2375e-01     1.6591      6.174      8.956     9.8597 0.0000e+00
      6.262     -0.108     0.0559      0.475     89.041  62.088603     0.8298      7.162  -123.5302 1.2380e-01     1.6891      6.143      8.909     9.8607 0.0000e+00
      6.228     -0.100     0.0522      0.465     89.072  62.112422     0.8566      7.162  -123.6507 1.2382e-01     1.7351      6.106      8.856     9.8612 0.0000e+00
      6.198     -0.083     0.0533      0.461     89.057  62.104343     0.8683      7.163  -123.8303 1.2376e-01     1.7375      6.073      8.808     9.8614 0.0000e+00
      6.180     -0.063     0.0564      0.458     88.982  62.054420     0.8632      7.163  -123.9804 1.2371e-01     1.7525      6.057      8.785     9.8618 0.0000e+00
      6.171     -0.045     0.0534      0.459     88.832  61.953275     0.8611      7.162  -124.0032 1.2374e-01     2.2577      6.051      8.776     9.8627 0.0000e+00
      6.168     -0.035     0.0522      0.464     88.566  61.770356     0.8767      7.162  -124.0196 1.2374e-01     3.2001      6.048      8.772     9.8638 0.0000e+00
      6.166     -0.038     0.0526      0.465     88.347  61.620656     0.8933      7.163  -124.0928 1.2372e-01     3.6854      6.048      8.770     9.8653 0.0000e+00
      6.163     -0.052     0.0514      0.455     88.318  61.603653     0.9120      7.165  -124.1997 1.2372e-01     3.7532      6.045      8.767     9.8669 0.0000e+00
      6.156     -0.072     0.0520      0.440     88.439  61.691771     0.9112      7.165  -124.3659 1.2370e-01     3.6778      6.043      8.765     9.8684 0.0000e+00
      6.134     -0.092     0.0525      0.436     88.584  61.797161     0.8762      7.165  -124.5532 1.2368e-01     3.3887      6.023      8.736     9.8700 0.0000e+00
      6.095     -0.109     0.0534      0.441     88.673  61.862001     0.8459      7.166  -124.6579 1.2374e-01     3.1608      5.978      8.670     9.8717 0.0000e+00
      6.055     -0.121     0.0519      0.447     88.731  61.904283     0.8444      7.168  -124.6851 1.2382e-01     3.1436      5.934      8.607     9.8736 0.0000e+00
      6.022     -0.126     0.0488      0.457     88.761  61.927419     0.8584      7.168  -124.7963 1.2379e-01     3.0100      5.905      8.564     9.8760 0.0000e+00
