Data/DataNotYetUploadedToEDI/Raw_CTD/RawDownloads/062121_fcr50.cnv
* Sea-Bird SBE19plus  Data File:
* FileName = C:\R\Reservoirs\Data\DataNotYetUploadedToEDI\Raw_CTD\RawDownloads\062121_fcr50_0001.hex
* Software version 2.8.0.119
* Temperature SN = 7809
* Conductivity SN = 7809
* System UpLoad Time = Jun 21 2021 16:43:29
* <ApplicationData>
* <Seaterm232>
# nquan = 16
# nvalues = 768                         
# units = specified
# name 0 = depFM: Depth [fresh water, m]
# name 1 = dz/dtM: Descent Rate [m/s]
# name 2 = orp: Oxidation Reduction Potential [mV]
# name 3 = sbeox0Mg/L: Oxygen, SBE 43 [mg/l]
# name 4 = sbeox0PS: Oxygen, SBE 43 [% saturation]
# name 5 = par/sat/log: PAR/Logarithmic, Satlantic
# name 6 = ph: pH
# name 7 = specc: Specific Conductance [uS/cm]
# name 8 = c0uS/cm: Conductivity [uS/cm]
# name 9 = flECO-AFL: Fluorescence, WET Labs ECO-AFL/FL [mg/m^3]
# name 10 = turbWETntu0: Turbidity, WET Labs ECO [NTU]
# name 11 = tv290C: Temperature [ITS-90, deg C]
# name 12 = density00: Density [density, kg/m^3]
# name 13 = prdE: Pressure, Strain Gauge [psi]
# name 14 = prdM: Pressure, Strain Gauge [db]
# name 15 = flag:  0.000e+00
# span 0 =     -0.717,      9.620       
# span 1 =     -0.510,      0.143       
# span 2 = -1240.7455,   249.4487       
# span 3 =     0.4882,    11.4889       
# span 4 =      4.347,    137.466       
# span 5 = 1.2346e-01, 1.2176e+03       
# span 6 =     -2.290,     16.024       
# span 7 =      0.625,    241.003       
# span 8 =   0.634317, 166.590824       
# span 9 =    -1.3182,   259.8203       
# span 10 =    -7.3991,    57.9520      
# span 11 =     9.4786,    25.8126      
# span 12 =   996.8411,   999.8737      
# span 13 =     -1.020,     13.684      
# span 14 =     -0.704,      9.435      
# span 15 = 0.0000e+00, 0.0000e+00      
# interval = seconds: 0.25
# start_time = Jun 20 2021 20:06:58 [Instrument's time stamp, header]
# bad_flag = -9.990e-29
*END*
[from data line 362]
      4.020      0.117  -580.6150     1.8335     16.534 1.3373e+00     16.006     50.307  35.867921     1.8203     2.2991    10.9951   999.6465      5.715      3.941 0.0000e+00
      4.049      0.116  -559.8895     1.8467     16.520 1.2986e+00     16.008     48.796  34.696946     1.7876     2.2954    10.9129   999.6553      5.759      3.970 0.0000e+00
      4.077      0.115  -540.1714     1.8304     16.469 1.2571e+00     16.010     45.923  32.576081     1.5448     2.2837    10.8367   999.6633      5.801      4.000 0.0000e+00
      4.104      0.112  -520.0483     1.8252     16.350 1.2276e+00     16.012     43.850  31.036965     1.0488     2.1232    10.7476   999.6715      5.835      4.023 0.0000e+00
      4.134      0.108  -499.6744     1.8441     16.186 1.2053e+00     16.014     43.521  30.744500     0.7589     1.9680    10.6459   999.6814      5.877      4.052 0.0000e+00
      4.166      0.102  -480.1072     1.8393     16.106 1.1818e+00     16.016     43.331  30.562610     0.7297     1.9180    10.5412   999.6914      5.929      4.088 0.0000e+00
      4.195      0.097  -462.3379     1.8427     16.117 1.1561e+00     16.017     42.565  29.979647     0.6578     1.8965    10.4584   999.6978      5.972      4.118 0.0000e+00
      4.216      0.093  -446.0650     1.8327     16.103 1.1288e+00     16.017     41.815  29.405701     0.5096     1.8793    10.3856   999.7039      5.999      4.136 0.0000e+00
      4.233      0.092  -430.3941     1.8080     16.031 1.0986e+00     16.018     41.412  29.078952     0.4159     1.8471    10.3123   999.7111      6.019      4.150 0.0000e+00
      4.251      0.095  -414.6547     1.8014     15.967 1.0693e+00     16.019     41.191  28.883684     0.3930     1.8508    10.2603   999.7159      6.046      4.169 0.0000e+00
      4.274      0.101  -398.0705     1.8121     15.923 1.0433e+00     16.021     40.981  28.694089     0.3752     1.9586    10.2181   999.7194      6.078      4.191 0.0000e+00
      4.303      0.107  -381.2186     1.8152     15.963 1.0211e+00     16.021     40.847  28.562784     0.3542     2.1201    10.1571   999.7248      6.116      4.218 0.0000e+00
      4.337      0.113  -365.9430     1.8022     16.160 1.0002e+00     16.022     40.794  28.501360     0.3485     2.1904    10.1031   999.7297      6.169      4.254 0.0000e+00
      4.371      0.118  -352.5001     1.7998     16.423 9.7710e-01     16.022     40.760  28.458890     0.3449     2.1561    10.0631   999.7334      6.221      4.289 0.0000e+00
      4.400      0.121  -339.4806     1.7956     16.749 9.5895e-01     16.022     40.750  28.429878     0.3297     2.2543    10.0046   999.7386      6.260      4.317 0.0000e+00
      4.425      0.121  -325.7116     1.7922     17.217 9.3576e-01     16.022     40.744  28.404302     0.2508     3.5150     9.9527   999.7432      6.292      4.339 0.0000e+00
      4.455      0.118  -311.5506     1.8278     17.813 9.1519e-01     16.023     40.769  28.403387     0.0966     5.7606     9.9295   999.7453      6.332      4.366 0.0000e+00
      4.489      0.114  -298.0088     1.8564     18.510 9.0285e-01     16.024     40.813  28.418788    -0.0004     6.9530     9.9101   999.7472      6.386      4.403 0.0000e+00
      4.523      0.110  -285.3595     1.8874     19.233 8.8284e-01     16.024     40.803  28.400196    -0.0157     7.0477     9.8800   999.7500      6.438      4.439 0.0000e+00
      4.551      0.106  -273.3854     1.9464     19.853 8.6829e-01     16.023     40.767  28.368889    -0.0502     7.3522     9.8532   999.7524      6.477      4.466 0.0000e+00
      4.573      0.103  -261.8120     2.0135     20.328 8.5617e-01     16.022     40.749  28.357426    -0.1219     7.9571     9.8316   999.7543      6.505      4.485 0.0000e+00
      4.594      0.103  -250.3941     2.0964     20.705 8.4239e-01     16.022     40.700  28.325032    -0.1675     8.2842     9.8127   999.7561      6.535      4.505 0.0000e+00
      4.617      0.105  -238.8380     2.1861     20.950 8.3513e-01     16.022     40.668  28.294402    -0.1813     8.2866     9.7975   999.7576      6.566      4.527 0.0000e+00
      4.643      0.108  -227.0563     2.2601     21.077 8.1998e-01     16.022     40.698  28.304253    -0.2418     8.3628     9.7860   999.7586      6.600      4.550 0.0000e+00
      4.676      0.109  -215.4911     2.3068     21.185 7.9748e-01     16.023     40.720  28.317253    -0.3353     8.5878     9.7919   999.7582      6.649      4.584 0.0000e+00
      4.711      0.108  -204.9188     2.3539     21.304 7.8653e-01     16.022     40.726  28.324711    -0.3687     8.7406     9.8031   999.7575      6.706      4.624 0.0000e+00
      4.741      0.103  -195.5060     2.3838     21.464 7.8038e-01     16.021     40.733  28.330987    -0.3691     8.7345     9.7874   999.7589      6.747      4.652 0.0000e+00
      4.763      0.093  -186.6881     2.3891     21.569 7.6118e-01     16.021     40.735  28.329705    -0.3778     8.6169     9.7651   999.7609      6.775      4.671 0.0000e+00
      4.784      0.083  -178.1461     2.4066     21.514 7.3807e-01     16.021     40.712  28.309206    -0.3688     8.4509     9.7661   999.7609      6.804      4.691 0.0000e+00
      4.804      0.073  -169.9194     2.4132     21.384 7.2193e-01     16.021     40.667  28.273438    -0.3653     8.3414     9.7747   999.7603      6.835      4.713 0.0000e+00
      4.820      0.066  -161.7299     2.4359     21.234 7.1169e-01     16.021     40.680  28.277857    -0.3746     8.2893     9.7775   999.7601      6.859      4.729 0.0000e+00
      4.834      0.063  -153.2072     2.4597     21.117 7.0685e-01     16.020     40.716  28.299195    -0.3753     8.3359     9.7713   999.7608      6.875      4.741 0.0000e+00
      4.849      0.063  -144.5654     2.4404     21.018 6.9344e-01     16.019     40.691  28.277688    -0.3747     8.4589     9.7661   999.7613      6.896      4.755 0.0000e+00
      4.864      0.064  -136.2265     2.4308     20.872 6.6661e-01     16.019     40.691  28.271553    -0.3675     8.5404     9.7598   999.7618      6.919      4.770 0.0000e+00
      4.880      0.067  -128.2692     2.4078     20.732 6.4862e-01     16.019     40.723  28.288447    -0.3644     8.5650     9.7530   999.7625      6.939      4.784 0.0000e+00
      4.899      0.071  -120.5417     2.3947     20.629 6.4417e-01     16.019     40.730  28.291631    -0.3846     8.5503     9.7512   999.7628      6.967      4.804 0.0000e+00
      4.919      0.077  -113.0873     2.3922     20.537 6.3654e-01     16.020     40.756  28.310056    -0.4111     8.6378     9.7457   999.7633      6.998      4.825 0.0000e+00
      4.937      0.083  -105.9376     2.3679     20.414 6.2838e-01     16.020     40.773  28.320912    -0.4267     8.8669     9.7366   999.7641      7.022      4.841 0.0000e+00
      4.956      0.090   -98.9692     2.3538     20.257 6.2038e-01     16.020     40.743  28.296013    -0.4303     8.9865     9.7287   999.7649      7.046      4.858 0.0000e+00
      4.979      0.095   -92.3300     2.3423     20.076 5.9574e-01     16.020     40.701  28.262747    -0.4355     8.9850     9.7273   999.7651      7.078      4.879 0.0000e+00
      5.007      0.099   -85.9773     2.3348     19.893 5.6239e-01     16.020     40.668  28.235866    -0.4430     8.9518     9.7300   999.7650      7.122      4.910 0.0000e+00
      5.037      0.101   -79.4613     2.3204     19.778 5.4124e-01     16.020     40.657  28.224734    -0.4348     8.9292     9.7298   999.7652      7.165      4.940 0.0000e+00
      5.065      0.101   -72.8266     2.3019     19.752 5.2209e-01     16.020     40.702  28.255021    -0.4224     8.9861     9.7216   999.7660      7.204      4.967 0.0000e+00
      5.090      0.100   -66.4153     2.2827     19.727 4.9570e-01     16.019     40.745  28.284883    -0.4259     9.0206     9.7173   999.7665      7.241      4.993 0.0000e+00
      5.112      0.097   -60.1058     2.2571     19.627 4.7346e-01     16.019     40.724  28.268620    -0.4389     9.0034     9.7134   999.7669      7.272      5.014 0.0000e+00
      5.133      0.093   -53.9268     2.2426     19.450 4.5159e-01     16.020     40.699  28.248698    -0.4461     9.0189     9.7060   999.7676      7.297      5.031 0.0000e+00
      5.158      0.091   -48.1478     2.2452     19.268 4.3174e-01     16.020     40.683  28.234307    -0.4456     9.0368     9.7062   999.7677      7.335      5.057 0.0000e+00
      5.185      0.089   -42.8884     2.2461     19.184 4.2307e-01     16.019     40.672  28.221483    -0.4431     8.9788     9.7095   999.7676      7.379      5.087 0.0000e+00
      5.208      0.089   -38.0875     2.2336     19.155 4.1277e-01     16.018     40.674  28.220515    -0.4446     8.9699     9.7062   999.7679      7.409      5.109 0.0000e+00
      5.228      0.092   -33.4642     2.2125     19.059 4.0068e-01     16.017     40.674  28.222592    -0.4446     9.1010     9.7013   999.7684      7.433      5.125 0.0000e+00
      5.248      0.098   -28.8042     2.1840     18.936 3.9066e-01     16.016     40.707  28.246604    -0.4337     9.2255     9.6995   999.7686      7.464      5.146 0.0000e+00
      5.269      0.106   -23.9889     2.1766     18.847 3.7384e-01     16.016     40.727  28.257099    -0.4262     9.2736     9.6907   999.7694      7.494      5.167 0.0000e+00
      5.294      0.113   -19.1227     2.1852     18.803 3.4451e-01     16.017     40.686  28.222604    -0.4398     9.2709     9.6863   999.7700      7.524      5.188 0.0000e+00
      5.329      0.117   -14.6214     2.1663     18.788 3.0038e-01     16.017     40.669  28.210135    -0.4651     9.2262     9.6920   999.7696      7.575      5.222 0.0000e+00
      5.371      0.118   -10.8635     2.1510     18.733 2.7149e-01     16.017     40.694  28.233210    -0.4653     9.1798     9.6946   999.7697      7.641      5.268 0.0000e+00
      5.407      0.118    -7.7572     2.1416     18.614 2.6623e-01     16.016     40.709  28.247863    -0.4427     9.1904     9.6899   999.7703      7.699      5.309 0.0000e+00
      5.430      0.115    -4.7684     2.1355     18.497 2.5577e-01     16.015     40.728  28.260435    -0.4389     9.2164     9.6779   999.7714      7.727      5.328 0.0000e+00
      5.450      0.109    -1.6569     2.1396     18.423 2.3952e-01     16.015     40.731  28.258345    -0.4480     9.1861     9.6759   999.7716      7.745      5.340 0.0000e+00
      5.476      0.103     1.2131     2.1333     18.337 2.2002e-01     16.015     40.685  28.222592    -0.4490     9.1329     9.6882   999.7707      7.786      5.369 0.0000e+00
      5.508      0.098     3.7770     2.1168     18.262 2.0995e-01     16.015     40.669  28.208764    -0.4501     9.1219     9.6954   999.7703      7.838      5.404 0.0000e+00
      5.536      0.097     6.3701     2.0978     18.226 2.1700e-01     16.015     40.686  28.218019    -0.4428     9.1909     9.6926   999.7706      7.876      5.431 0.0000e+00
      5.559      0.098     8.8187     2.0984     18.195 2.0732e-01     16.015     40.673  28.207619    -0.4370     9.1776     9.6859   999.7714      7.905      5.451 0.0000e+00
      5.580      0.099    10.8412     2.0847     18.164 1.7847e-01     16.015     40.678  28.209888    -0.4470     9.0291     9.6816   999.7717      7.937      5.473 0.0000e+00
      5.601      0.103    12.6699     2.0731     18.079 1.6444e-01     16.015     40.734  28.245452    -0.4494     8.9751     9.6784   999.7721      7.967      5.493 0.0000e+00
      5.625      0.108    14.6677     2.0758     17.958 1.6479e-01     16.015     40.758  28.256996    -0.4459     9.0052     9.6754   999.7725      7.996      5.513 0.0000e+00
      5.655      0.113    16.9273     2.0665     17.897 1.5545e-01     16.015     40.709  28.222586    -0.4439     8.9815     9.6732   999.7728      8.038      5.542 0.0000e+00
      5.691      0.116    19.1701     2.0698     17.893 1.3712e-01     16.014     40.686  28.210022    -0.4429     8.9630     9.6733   999.7730      8.095      5.582 0.0000e+00
      5.727      0.117    21.1353     2.0597     17.904 1.2730e-01     16.014     40.713  28.231964    -0.4433     9.0223     9.6700   999.7734      8.150      5.619 0.0000e+00
      5.756      0.115    22.7923     2.0381     17.892 1.2501e-01     16.014     40.714  28.234148    -0.4388     9.0802     9.6601   999.7744      8.189      5.646 0.0000e+00
      5.781      0.110    24.1479     2.0345     17.799 1.2379e-01     16.014     40.718  28.236426    -0.4363     9.1128     9.6584   999.7746      8.222      5.669 0.0000e+00
      5.806      0.105    25.5665     2.0353     17.656 1.2363e-01     16.014     40.754  28.259492    -0.4422     9.1424     9.6663   999.7740      8.257      5.693 0.0000e+00
      5.832      0.102    27.2106     2.0360     17.521 1.2361e-01     16.014     40.757  28.259293    -0.4536     9.1297     9.6716   999.7738      8.295      5.719 0.0000e+00
      5.859      0.104    28.6248     2.0403     17.398 1.2363e-01     16.013     40.722  28.234016    -0.4597     9.1312     9.6714   999.7739      8.334      5.746 0.0000e+00
      5.885      0.109    29.6742     2.0269     17.293 1.2364e-01     16.013     40.685  28.207612    -0.4491     9.1600     9.6709   999.7741      8.371      5.771 0.0000e+00
      5.910      0.114    30.6063     2.0063     17.195 1.2367e-01     16.013     40.670  28.193791    -0.4401     9.1688     9.6683   999.7744      8.404      5.794 0.0000e+00
      5.938      0.118    31.7214     1.9943     17.151 1.2367e-01     16.013     40.676  28.193772    -0.4457     9.1683     9.6647   999.7748      8.442      5.820 0.0000e+00
      5.971      0.120    33.4342     1.9771     17.193 1.2362e-01     16.013     40.699  28.207384    -0.4502     9.1550     9.6647   999.7750      8.490      5.853 0.0000e+00
      6.007      0.121    35.6572     1.9684     17.216 1.2358e-01     16.012     40.733  28.231489    -0.4471     9.1446     9.6647   999.7752      8.546      5.892 0.0000e+00
      6.041      0.121    37.7778     1.9547     17.115 1.2360e-01     16.011     40.732  28.231489    -0.4560     9.1454     9.6605   999.7757      8.596      5.928 0.0000e+00
      6.069      0.120    39.6283     1.9454     16.895 1.2361e-01     16.012     40.696  28.207382    -0.4915     9.1649     9.6522   999.7765      8.632      5.953 0.0000e+00
      6.095      0.116    41.5128     1.9582     16.675 1.2361e-01     16.013     40.676  28.193760    -0.5135     9.2093     9.6498   999.7768      8.665      5.975 0.0000e+00
      6.124      0.111    44.6457     1.9650     16.573 1.2362e-01     16.013     40.678  28.193656    -0.5027     9.2353     9.6518   999.7768      8.709      6.005 0.0000e+00
      6.156      0.106    61.3317     1.9540     16.564 1.2361e-01     16.014     40.700  28.206126    -0.4752     9.2402     9.6529   999.7769      8.759      6.039 0.0000e+00
      6.186      0.103    96.9096     1.9223     16.507 1.2356e-01     16.019     40.721  28.217650    -0.4484     9.2342     9.6547   999.7768      8.801      6.068 0.0000e+00
      6.210      0.102   128.0764     1.8913     16.337 1.2355e-01     16.022     40.707  28.206115    -0.4456     9.1967     9.6545   999.7770      8.834      6.091 0.0000e+00
      6.230      0.103   140.7293     1.8807     16.177 1.2360e-01     16.021     40.692  28.193535    -0.4508     9.1637     9.6532   999.7772      8.861      6.109 0.0000e+00
      6.252      0.104   143.8091     1.8876     16.133 1.2365e-01     16.017     40.694  28.192410    -0.4440     9.2467     9.6499   999.7775      8.889      6.129 0.0000e+00
      6.279      0.107   144.6645     1.8865     16.153 1.2365e-01     16.014     40.695  28.192514    -0.4400     9.3765     9.6439   999.7782      8.927      6.155 0.0000e+00
      6.311      0.109   145.1344     1.8584     16.140 1.2360e-01     16.011     40.697  28.194792    -0.4497     9.4291     9.6425   999.7784      8.974      6.188 0.0000e+00
