Data/DataNotYetUploadedToEDI/Raw_CTD/RawDownloads/062121_fcr50.cnv
* Sea-Bird SBE19plus  Data File:
* FileName = C:\R\Reservoirs\Data\DataNotYetUploadedToEDI\Raw_CTD\RawDownloads\062121_fcr50_0001.hex
* Software version 2.8.0.119
* Temperature SN = 7809
* Conductivity SN = 7809
* System UpLoad Time = Jun 21 2021 16:43:29
* <ApplicationData>
* <Seaterm232>
# nquan = 16
# nvalues = 768                         
# units = specified
# name 0 = depFM: Depth [fresh water, m]
# name 1 = dz/dtM: Descent Rate [m/s]
# name 2 = orp: Oxidation Reduction Potential [mV]
# name 3 = sbeox0Mg/L: Oxygen, SBE 43 [mg/l]
# name 4 = sbeox0PS: Oxygen, SBE 43 [% saturation]
# name 5 = par/sat/log: PAR/Logarithmic, Satlantic
# name 6 = ph: pH
# name 7 = specc: Specific Conductance [uS/cm]
# name 8 = c0uS/cm: Conductivity [uS/cm]
# name 9 = flECO-AFL: Fluorescence, WET Labs ECO-AFL/FL [mg/m^3]
# name 10 = turbWETntu0: Turbidity, WET Labs ECO [NTU]
# name 11 = tv290C: Temperature [ITS-90, deg C]
# name 12 = density00: Density [density, kg/m^3]
# name 13 = prdE: Pressure, Strain Gauge [psi]
# name 14 = prdM: Pressure, Strain Gauge [db]
# name 15 = flag:  0.000e+00
# span 0 =     -0.717,      9.620       
# span 1 =     -0.510,      0.143       
# span 2 = -1240.7455,   249.4487       
# span 3 =     0.4882,    11.4889       
# span 4 =      4.347,    137.466       
# span 5 = 1.2346e-01, 1.2176e+03       
# span 6 =     -2.290,     16.024       
# span 7 =      0.625,    241.003       
# span 8 =   0.634317, 166.590824       
# span 9 =    -1.3182,   259.8203       
# span 10 =    -7.3991,    57.9520      
# span 11 =     9.4786,    25.8126      
# span 12 =   996.8411,   999.8737      
# span 13 =     -1.020,     13.684      
# span 14 =     -0.704,      9.435      
# span 15 = 0.0000e+00, 0.0000e+00      
# interval = seconds: 0.25
# start_time = Jun 20 2021 20:06:58 [Instrument's time stamp, header]
# bad_flag = -9.990e-29
*END*
[from data line 91]
     -0.364      0.060 -1240.7455     8.4142    103.571 1.1696e+03     -2.109     40.756  40.782895     1.7010    32.0475    25.1041   997.0379     -0.511     -0.352 0.0000e+00
     -0.358      0.041 -1240.7455     8.4564    103.590 1.0141e+03     -2.109     40.706  40.725145     1.8517    21.4638    25.0765   997.0450     -0.508     -0.351 0.0000e+00
     -0.354      0.025 -1240.7455     8.5168    103.585 8.4462e+02     -2.109     40.643  40.654885     1.9275    15.6976    25.0560   997.0502     -0.501     -0.346 0.0000e+00
     -0.351      0.015 -1240.7455     8.5428    103.621 9.7562e+02     -2.109     40.559  40.568085     1.9402    15.2017    25.0361   997.0554     -0.498     -0.344 0.0000e+00
     -0.351      0.013 -1240.7455     8.5583    103.612 1.1657e+03     -2.109     40.487  40.500795     1.9667    15.3649    25.0245   997.0583     -0.499     -0.344 0.0000e+00
     -0.350      0.018 -1240.7455     8.5569    103.563 1.2074e+03     -2.109     40.453  40.476007     1.9992    15.7825    25.0172   997.0601     -0.498     -0.343 0.0000e+00
     -0.348      0.027 -1240.7455     8.5525    103.528 1.2084e+03     -2.109     40.429  40.458812     1.9997    16.0278    25.0078   997.0625     -0.497     -0.343 0.0000e+00
     -0.343      0.037 -1240.7455     8.5652    103.517 1.2005e+03     -2.109     40.388  40.419839     1.9922    16.0644    24.9998   997.0645     -0.493     -0.340 0.0000e+00
     -0.330      0.045 -1240.7455     8.5603    103.574 1.1910e+03     -2.108     40.352  40.385611     2.0040    16.1226    25.0076   997.0626     -0.472     -0.326 0.0000e+00
     -0.312      0.050 -1240.7455     8.5510    103.705 1.1865e+03     -2.108     40.327  40.362320     2.0283    16.3190    25.0255   997.0581     -0.444     -0.306 0.0000e+00
     -0.293      0.050 -1240.7455     8.5490    103.856 1.1866e+03     -2.108     40.292  40.328649     2.0569    16.5846    25.0321   997.0565     -0.413     -0.285 0.0000e+00
     -0.279      0.046 -1240.7455     8.5451    103.994 1.1872e+03     -2.108     40.259  40.295854     2.0634    16.6569    25.0311   997.0569     -0.393     -0.271 0.0000e+00
     -0.270      0.039 -1240.7455     8.5492    104.101 1.1885e+03     -2.108     40.247  40.283157     2.0679    16.6435    25.0338   997.0562     -0.384     -0.264 0.0000e+00
     -0.263      0.032 -1240.7455     8.5619    104.158 1.1902e+03     -2.108     40.269  40.302073     2.0830    16.4914    25.0377   997.0552     -0.373     -0.257 0.0000e+00
     -0.258      0.026 -1240.7455     8.5750    104.175 1.1914e+03     -2.109     40.305  40.334153     2.0844    16.0879    25.0395   997.0548     -0.367     -0.253 0.0000e+00
     -0.252      0.021 -1240.7455     8.5861    104.129 1.1946e+03     -2.109     40.328  40.353673     2.0846    15.8499    25.0405   997.0545     -0.361     -0.248 0.0000e+00
     -0.246      0.017 -1240.7455     8.5967    103.903 1.1984e+03     -2.109     40.325  40.347658     2.0858    15.8462    25.0392   997.0548     -0.350     -0.241 0.0000e+00
     -0.241      0.013 -1240.7455     8.6008    103.730 1.1904e+03     -2.109     40.304  40.324900     2.0982    15.8715    25.0352   997.0559     -0.341     -0.235 0.0000e+00
     -0.238      0.010 -1240.7455     8.6033    104.960 1.0713e+03     -2.109     40.312  40.332393     2.1389    15.8810    25.0301   997.0573     -0.337     -0.232 0.0000e+00
     -0.237      0.007 -1240.7455     8.6038    108.929 7.6959e+02     -2.109     40.356  40.374784     2.1687    15.8920    25.0251   997.0586     -0.337     -0.232 0.0000e+00
     -0.237      0.004 -1240.7455     8.5918    114.850 5.5712e+02     -2.109     40.376  40.393149     2.1626    15.9363    25.0215   997.0595     -0.336     -0.232 0.0000e+00
     -0.237      0.002 -1240.7455     8.5322    120.297 7.0192e+02     -2.109     40.349  40.364020     2.1611    16.3137    25.0197   997.0599     -0.337     -0.232 0.0000e+00
     -0.236      0.002 -1240.7455     8.5664    123.068 9.9558e+02     -2.109     40.326  40.339943     2.1975    17.0564    25.0190   997.0601     -0.335     -0.231 0.0000e+00
     -0.235      0.002 -1240.7455     8.9298    122.525 1.1621e+03     -2.109     40.343  40.355909     2.2308    17.5000    25.0174   997.0605     -0.334     -0.230 0.0000e+00
     -0.235      0.003 -1240.7455     9.5027    119.843 1.2036e+03     -2.109     40.352  40.366652     2.2304    17.5579    25.0154   997.0611     -0.335     -0.231 0.0000e+00
     -0.235      0.004 -1240.7455    10.0239    116.808 1.2059e+03     -2.109     40.388  40.406364     2.2311    17.7897    25.0132   997.0617     -0.334     -0.230 0.0000e+00
     -0.234      0.005 -1240.7455    10.2773    114.763 1.2030e+03     -2.109     40.557  40.582179     2.2486    18.2771    25.0112   997.0621     -0.333     -0.229 0.0000e+00
     -0.233      0.007 -1240.7455    10.1851    114.556 1.2005e+03     -2.108     40.747  40.778691     2.2701    18.5760    25.0092   997.0627     -0.331     -0.228 0.0000e+00
     -0.231      0.009 -1240.7455     9.9040    116.728 1.1997e+03     -2.108     40.778  40.814757     2.2907    18.6232    25.0114   997.0621     -0.328     -0.226 0.0000e+00
     -0.228      0.011 -1240.7455     9.6165    121.211 1.1997e+03     -2.108     40.728  40.764363     2.2968    18.6072    25.0161   997.0608     -0.324     -0.224 0.0000e+00
     -0.224      0.011 -1240.7455     9.4236    126.616 1.1992e+03     -2.108     40.706  40.740641     2.2966    18.4513    25.0231   997.0592     -0.319     -0.220 0.0000e+00
     -0.220      0.010 -1240.7455     9.3886    130.707 1.1992e+03     -2.108     40.684  40.718347     2.3078    18.2141    25.0349   997.0562     -0.313     -0.215 0.0000e+00
     -0.217      0.009 -1240.7455     9.5597    132.130 1.1998e+03     -2.108     40.651  40.685222     2.3266    18.1090    25.0404   997.0548     -0.307     -0.212 0.0000e+00
     -0.215      0.007 -1240.7455     9.9706    131.076 1.2004e+03     -2.108     40.624  40.657493     2.3524    18.1417    25.0393   997.0551     -0.306     -0.211 0.0000e+00
     -0.214      0.005 -1240.7455    10.5019    128.662 1.2015e+03     -2.108     40.604  40.636970     2.3823    18.1281    25.0361   997.0558     -0.306     -0.211 0.0000e+00
     -0.213      0.003 -1240.7455    10.8804    126.008 1.2031e+03     -2.108     40.597  40.627499     2.4106    18.0131    25.0351   997.0562     -0.304     -0.209 0.0000e+00
     -0.213      0.002 -1240.7455    10.9863    123.693 1.2054e+03     -2.109     40.578  40.606444     2.4180    17.9181    25.0366   997.0559     -0.303     -0.209 0.0000e+00
     -0.212      0.001 -1240.7455    10.8609    121.922 1.2068e+03     -2.109     40.548  40.572808     2.4149    17.9076    25.0364   997.0558     -0.302     -0.208 0.0000e+00
     -0.212      0.001 -1240.7455    10.6240    120.744 1.2068e+03     -2.109     40.516  40.538167     2.4205    17.7485    25.0350   997.0562     -0.302     -0.208 0.0000e+00
     -0.212      0.000 -1240.7455    10.3929    120.010 1.2078e+03     -2.109     40.485  40.504952     2.4193    17.3684    25.0322   997.0569     -0.302     -0.208 0.0000e+00
     -0.212      0.000 -1240.7455    10.1986    119.506 1.2085e+03     -2.109     40.471  40.488562     2.4093    17.1216    25.0280   997.0579     -0.303     -0.209 0.0000e+00
     -0.212      0.000 -1240.7455    10.0499    119.147 1.2070e+03     -2.109     40.451  40.466944     2.4043    17.0304    25.0234   997.0592     -0.302     -0.208 0.0000e+00
     -0.212      0.001 -1240.7455     9.9584    118.859 1.2042e+03     -2.109     40.419  40.433976     2.3983    16.7123    25.0209   997.0598     -0.301     -0.208 0.0000e+00
     -0.212      0.001 -1240.7455     9.9076    118.540 1.2018e+03     -2.109     40.391  40.407302     2.3841    16.1939    25.0192   997.0602     -0.302     -0.208 0.0000e+00
     -0.212      0.001 -1240.7455     9.8656    118.124 1.2000e+03     -2.109     40.381  40.398320     2.3756    15.9126    25.0157   997.0611     -0.302     -0.208 0.0000e+00
     -0.211      0.001 -1240.7455     9.8393    117.624 1.1991e+03     -2.109     40.371  40.388855     2.3722    15.8519    25.0131   997.0618     -0.300     -0.207 0.0000e+00
     -0.211      0.001 -1240.7455     9.8196    117.189 1.1994e+03     -2.109     40.338  40.356326     2.3526    15.8030    25.0124   997.0619     -0.300     -0.207 0.0000e+00
     -0.211      0.002 -1240.7455     9.7939    116.926 1.1999e+03     -2.109     40.303  40.322367     2.3192    15.8021    25.0136   997.0616     -0.300     -0.207 0.0000e+00
     -0.211      0.002 -1240.7455     9.7610    116.756 1.1999e+03     -2.109     40.273  40.295622     2.3022    15.8420    25.0153   997.0612     -0.301     -0.207 0.0000e+00
     -0.210      0.002 -1240.7455     9.7130    116.540 1.1999e+03     -2.109     40.260  40.286841     2.2993    15.8726    25.0162   997.0610     -0.299     -0.206 0.0000e+00
     -0.209      0.002 -1240.7455     9.6722    116.212 1.2000e+03     -2.108     40.247  40.279671     2.2934    15.8630    25.0172   997.0607     -0.297     -0.205 0.0000e+00
     -0.208      0.002 -1240.7455     9.6545    115.839 1.2006e+03     -2.108     40.236  40.272420     2.2980    15.8973    25.0184   997.0604     -0.296     -0.204 0.0000e+00
     -0.208      0.002 -1240.7455     9.6448    115.568 1.2016e+03     -2.108     40.223  40.262647     2.3269    16.0477    25.0206   997.0598     -0.295     -0.204 0.0000e+00
     -0.207      0.001 -1240.7455     9.6274    115.451 1.2021e+03     -2.108     40.183  40.224977     2.3568    16.1709    25.0276   997.0581     -0.295     -0.203 0.0000e+00
     -0.207      0.001 -1240.7455     9.5980    115.423 1.2028e+03     -2.108     40.152  40.197791     2.3629    16.1501    25.0357   997.0559     -0.295     -0.203 0.0000e+00
     -0.207      0.001 -1240.7455     9.5588    115.287 1.2041e+03     -2.108     40.139  40.187826     2.3539    15.8994    25.0397   997.0549     -0.295     -0.203 0.0000e+00
     -0.207      0.001 -1240.7455     9.5364    114.880 1.2049e+03     -2.108     40.118  40.167962     2.3434    15.5089    25.0428   997.0542     -0.294     -0.203 0.0000e+00
     -0.206      0.001 -1240.7455     9.5264    114.269 1.2044e+03     -2.108     40.097  40.148029     2.3409    15.3423    25.0460   997.0532     -0.294     -0.203 0.0000e+00
     -0.205      0.001 -1240.7455     9.5301    113.643 1.2027e+03     -2.108     40.083  40.137230     2.3521    15.3959    25.0511   997.0519     -0.292     -0.201 0.0000e+00
     -0.205      0.001 -1240.7455     9.5260    113.165 1.2017e+03     -2.108     40.045  40.100872     2.3544    15.4700    25.0566   997.0505     -0.291     -0.201 0.0000e+00
     -0.205      0.000 -1240.7455     9.4870    112.811 1.2014e+03     -2.108     39.970  40.025790     2.3495    15.5516    25.0567   997.0505     -0.292     -0.201 0.0000e+00
     -0.205 1.0800e-07 -1240.7455     9.4324    112.447 1.2008e+03     -2.108     39.935  39.991057     2.3499    15.5933    25.0569   997.0505     -0.292     -0.201 0.0000e+00
     -0.205      0.000 -1240.7455     9.3717    111.989 1.1997e+03     -2.107     39.941  39.998270     2.3406    15.5968    25.0618   997.0492     -0.292     -0.201 0.0000e+00
     -0.205      0.000 -1240.7455     9.3343    111.400 1.1952e+03     -2.107     39.928  39.986064     2.3605    15.6276    25.0647   997.0484     -0.293     -0.202 0.0000e+00
     -0.205      0.000 -1240.7455     9.3109    110.730 1.1907e+03     -2.107     39.912  39.970413     2.3997    15.6221    25.0637   997.0486     -0.292     -0.201 0.0000e+00
     -0.205      0.001 -1240.7455     9.2818    110.080 1.1922e+03     -2.107     39.877  39.935982     2.4051    15.5656    25.0637   997.0487     -0.291     -0.201 0.0000e+00
     -0.205      0.004 -1240.7455     9.2463    109.535 1.1964e+03     -2.107     39.764  39.823639     2.4067    15.5625    25.0657   997.0481     -0.291     -0.201 0.0000e+00
     -0.205      0.008 -1240.7455     9.1951    109.138 1.1995e+03     -2.107     39.630  39.691059     2.4667    15.8595    25.0664   997.0480     -0.291     -0.201 0.0000e+00
     -0.204      0.012 -1240.7455     9.1365    108.868 1.2032e+03     -2.107     39.605  39.665824     2.5777    16.4432    25.0673   997.0478     -0.291     -0.201 0.0000e+00
     -0.200      0.014 -1240.7455     9.0800    108.660 1.2092e+03     -2.107     39.649  39.708944     2.6324    16.7492    25.0683   997.0475     -0.288     -0.198 0.0000e+00
     -0.192      0.014 -1240.7455     9.0337    108.470 1.2160e+03     -2.107     39.708  39.768128     2.6224    16.7092    25.0686   997.0474     -0.272     -0.188 0.0000e+00
     -0.185      0.013 -1240.7455     9.0012    108.294 1.2176e+03     -2.107     39.812  39.873656     2.6192    16.7161    25.0710   997.0468     -0.260     -0.180 0.0000e+00
     -0.182      0.011 -1240.7455     8.9813    108.127 1.2161e+03     -2.107     39.904  39.969363     2.6031    16.6953    25.0711   997.0468     -0.259     -0.178 0.0000e+00
     -0.182      0.007 -1240.7455     8.9664    108.022 1.2141e+03     -2.107     39.969  40.036753     2.5705    16.5257    25.0683   997.0475     -0.259     -0.179 0.0000e+00
     -0.182      0.002 -1240.7455     8.9497    108.128 1.2054e+03     -2.107     40.049  40.117226     2.5587    16.3818    25.0682   997.0474     -0.260     -0.179 0.0000e+00
     -0.181     -0.003 -1240.7455     8.9358    108.692 1.1675e+03     -2.107     40.113  40.180719     2.5565    16.2954    25.0715   997.0467     -0.257     -0.177 0.0000e+00
     -0.180     -0.006 -1240.7455     8.9203    110.062 1.0179e+03     -2.107     40.166  40.233207     2.4868    16.2014    25.0748   997.0459     -0.255     -0.176 0.0000e+00
     -0.183     -0.008 -1240.7455     8.9059    112.304 7.4115e+02     -2.107     40.242  40.307565     2.3639    16.1387    25.0785   997.0449     -0.258     -0.178 0.0000e+00
     -0.188     -0.008 -1240.7455     8.9092    114.974 6.2789e+02     -2.107     40.318  40.381589     2.3101    16.1199    25.0799   997.0446     -0.268     -0.185 0.0000e+00
     -0.193     -0.008 -1240.7455     8.9427    117.501 8.5340e+02     -2.107     40.367  40.430034     2.3040    16.0774    25.0781   997.0450     -0.275     -0.190 0.0000e+00
     -0.194     -0.007 -1240.7455     9.0489    119.431 1.1083e+03     -2.107     40.386  40.449006     2.2424    15.7969    25.0783   997.0451     -0.277     -0.191 0.0000e+00
     -0.194     -0.004 -1240.7455     9.2550    120.761 1.1865e+03     -2.107     40.421  40.484034     2.1371    15.3378    25.0753   997.0458     -0.276     -0.190 0.0000e+00
     -0.194      0.001 -1240.7455     9.4904    122.061 1.1893e+03     -2.107     40.475  40.536204     2.0803    15.1276    25.0716   997.0468     -0.275     -0.190 0.0000e+00
     -0.194      0.006 -1240.7455     9.7145    123.886 1.1854e+03     -2.107     40.513  40.572007     2.0897    15.1775    25.0718   997.0468     -0.276     -0.190 0.0000e+00
     -0.193      0.011 -1240.7455     9.8791    126.394 1.1815e+03     -2.108     40.542  40.599568     2.1272    15.3566    25.0714   997.0469     -0.274     -0.189 0.0000e+00
     -0.191      0.017 -1240.7455     9.9622    129.272 1.1818e+03     -2.108     40.559  40.615555     2.1717    15.6449    25.0714   997.0469     -0.272     -0.188 0.0000e+00
     -0.186      0.025 -1240.7455    10.0548    131.970 1.1839e+03     -2.108     40.582  40.638358     2.1980    15.8136    25.0702   997.0472     -0.265     -0.182 0.0000e+00
     -0.179      0.032 -1240.7455    10.1993    134.000 1.1869e+03     -2.108     40.630  40.684856     2.2166    15.8525    25.0670   997.0481     -0.256     -0.178 0.0000e+00
     -0.169      0.038 -1240.7455    10.4175    135.105 1.1890e+03     -2.108     40.680  40.733446     2.3111    16.1151    25.0648   997.0487     -0.242     -0.168 0.0000e+00
