Data/DataNotYetUploadedToEDI/Raw_CTD/RawDownloads/062121_fcr50.cnv
* Sea-Bird SBE19plus  Data File:
* FileName = C:\R\Reservoirs\Data\DataNotYetUploadedToEDI\Raw_CTD\RawDownloads\062121_fcr50_0001.hex
* Software version 2.8.0.119
* Temperature SN = 7809
* Conductivity SN = 7809
* System UpLoad Time = Jun 21 2021 16:43:29
* <ApplicationData>
* <Seaterm232>
# nquan = 16
# nvalues = 768                         
# units = specified
# name 0 = depFM: Depth [fresh water, m]
# name 1 = dz/dtM: Descent Rate [m/s]
# name 2 = orp: Oxidation Reduction Potential [mV]
# name 3 = sbeox0Mg/L: Oxygen, SBE 43 [mg/l]
# name 4 = sbeox0PS: Oxygen, SBE 43 [% saturation]
# name 5 = par/sat/log: PAR/Logarithmic, Satlantic
# name 6 = ph: pH
# name 7 = specc: Specific Conductance [uS/cm]
# name 8 = c0uS/cm: Conductivity [uS/cm]
# name 9 = flECO-AFL: Fluorescence, WET Labs ECO-AFL/FL [mg/m^3]
# name 10 = turbWETntu0: Turbidity, WET Labs ECO [NTU]
# name 11 = tv290C: Temperature [ITS-90, deg C]
# name 12 = density00: Density [density, kg/m^3]
# name 13 = prdE: Pressure, Strain Gauge [psi]
# name 14 = prdM: Pressure, Strain Gauge [db]
# name 15 = flag:  0.000e+00
# span 0 =     -0.717,      9.620       
# span 1 =     -0.510,      0.143       
# span 2 = -1240.7455,   249.4487       
# span 3 =     0.4882,    11.4889       
# span 4 =      4.347,    137.466       
# span 5 = 1.2346e-01, 1.2176e+03       
# span 6 =     -2.290,     16.024       
# span 7 =      0.625,    241.003       
# span 8 =   0.634317, 166.590824       
# span 9 =    -1.3182,   259.8203       
# span 10 =    -7.3991,    57.9520      
# span 11 =     9.4786,    25.8126      
# span 12 =   996.8411,   999.8737      
# span 13 =     -1.020,     13.684      
# span 14 =     -0.704,      9.435      
# span 15 = 0.0000e+00, 0.0000e+00      
# interval = seconds: 0.25
# start_time = Jun 20 2021 20:06:58 [Instrument's time stamp, header]
# bad_flag = -9.990e-29
*END*
     -0.716 3.9857e-19 -1240.7455     8.3006    101.868 1.1693e+03     15.525      0.656   0.665842    -0.9189    -0.2516    25.7460   996.8586     -1.018     -0.702 0.0000e+00
     -0.716 3.4431e-18 -1240.7455     8.3073    101.891 1.1710e+03     15.527      0.665   0.675066    -0.9299    -0.1952    25.7471   996.8582     -1.019     -0.702 0.0000e+00
     -0.716 3.7788e-17 -1240.7455     8.3036    101.906 1.1724e+03     15.529      0.665   0.674858    -0.9262    -0.1976    25.7480   996.8580     -1.018     -0.702 0.0000e+00
     -0.716 4.1566e-16 -1240.7455     8.3016    101.904 1.1728e+03     15.530      0.654   0.663331    -0.9321    -0.2119    25.7496   996.8576     -1.019     -0.703 0.0000e+00
     -0.716 4.5723e-15 -1240.7455     8.3004    101.895 1.1733e+03     15.531      0.653   0.662387    -0.9337    -0.0935    25.7530   996.8567     -1.019     -0.702 0.0000e+00
     -0.716 5.0295e-14 -1240.7455     8.3037    101.876 1.1741e+03     15.534      0.654   0.663444    -0.9177     0.0319    25.7563   996.8558     -1.018     -0.702 0.0000e+00
     -0.716 5.5324e-13 -1240.7455     8.3047    101.879 1.1735e+03     15.534      0.666   0.676104    -0.9193     0.0347    25.7597   996.8550     -1.019     -0.702 0.0000e+00
     -0.716 6.0857e-12 -1240.7455     8.3024    101.889 1.1720e+03     15.532      0.678   0.688772    -0.9342    -0.0262    25.7635   996.8540     -1.018     -0.702 0.0000e+00
     -0.716 6.6943e-11 -1240.7455     8.3031    101.877 1.1720e+03     15.530      0.679   0.689923    -0.9264    -0.0527    25.7676   996.8529     -1.019     -0.702 0.0000e+00
     -0.717 7.3637e-10 -1240.7455     8.2980    101.864 1.1730e+03     15.529      0.679   0.690018    -0.9202    -0.0457    25.7720   996.8517     -1.018     -0.703 0.0000e+00
     -0.717 8.1001e-09 -1240.7455     8.2984    101.853 1.1704e+03     15.528      0.679   0.689923    -0.9259    -0.0437    25.7753   996.8508     -1.019     -0.703 0.0000e+00
     -0.716 8.9101e-08 -1240.7455     8.3014    101.845 1.1432e+03     15.528      0.678   0.688772    -0.9189    -0.0285    25.7777   996.8502     -1.019     -0.703 0.0000e+00
     -0.716 -1.753e-07 -1240.7455     8.2975    101.862 8.9103e+02     15.529      0.666   0.676104    -0.9117    -0.0330    25.7806   996.8494     -1.018     -0.702 0.0000e+00
     -0.716      0.000 -1240.7455     8.2967    101.877 4.3627e+02     15.525      0.654   0.663444    -0.9153    -0.0647    25.7817   996.8491     -1.018     -0.702 0.0000e+00
     -0.716      0.000 -1240.7455     8.2978    101.878 1.8584e+02     15.501      0.653   0.662397    -0.9246    -0.0680    25.7771   996.8504     -1.019     -0.703 0.0000e+00
     -0.716     -0.001 -1240.7455     8.2957    101.875 1.5943e+02     15.431      0.654   0.663443    -0.9282    -0.0393    25.7660   996.8534     -1.018     -0.702 0.0000e+00
     -0.717     -0.001 -1240.7455     8.3028    101.874 1.5666e+02     15.294      0.667   0.676093    -0.9203     0.0078    25.7489   996.8578     -1.019     -0.703 0.0000e+00
     -0.717      0.000 -1240.7455     8.3059    101.874 1.5764e+02     15.092      0.680   0.688658    -0.9154     0.0215    25.7305   996.8626     -1.020     -0.703 0.0000e+00
     -0.717 -1.847e-08 -1240.7455     8.3082    101.877 1.5928e+02     14.845      0.680   0.688666    -0.9262    -0.0448    25.7153   996.8666     -1.020     -0.704 0.0000e+00
     -0.717 -2.032e-07 -1240.7455     8.3097    101.900 1.6070e+02     14.568      0.667   0.676196    -0.9272    -0.1418    25.7045   996.8695     -1.019     -0.703 0.0000e+00
     -0.717 -2.032e-07 -1240.7455     8.3100    101.920 1.6133e+02     14.276      0.656   0.664575    -0.9084    -0.1898    25.6977   996.8712     -1.019     -0.703 0.0000e+00
     -0.717 -1.847e-08 -1240.7455     8.3123    101.914 1.6081e+02     13.987      0.666   0.674847    -0.9083    -0.2131    25.6916   996.8728     -1.020     -0.703 0.0000e+00
     -0.717 -1.680e-09 -1240.7455     8.3110    101.878 1.5932e+02     13.704      0.665   0.673704    -0.9255    -0.2518    25.6847   996.8747     -1.019     -0.703 0.0000e+00
     -0.717 -1.527e-10 -1240.7455     8.3164    101.855 1.5710e+02     13.427      0.642   0.650754    -0.9265    -0.2468    25.6786   996.8763     -1.019     -0.703 0.0000e+00
     -0.717 -1.388e-11 -1240.7455     8.3189    101.865 1.5446e+02     13.162      0.642   0.650745    -0.9195    -0.1872    25.6702   996.8784     -1.019     -0.703 0.0000e+00
     -0.717 -1.262e-12 -1240.7455     8.3215    101.883 1.5201e+02     12.921      0.665   0.673591    -0.9183    -0.1140    25.6579   996.8816     -1.019     -0.703 0.0000e+00
     -0.716 -1.147e-13 -1240.7455     8.3182    101.897 1.5026e+02     12.704      0.665   0.673591    -0.9114    -0.0481    25.6454   996.8850     -1.019     -0.703 0.0000e+00
     -0.716 -1.043e-14 -1240.7455     8.3166    101.904 1.4938e+02     12.484      0.643   0.650756    -0.9037    -0.0089    25.6359   996.8874     -1.019     -0.703 0.0000e+00
     -0.717 -9.323e-16 -1240.7455     8.3204    101.908 1.4915e+02     12.254      0.643   0.650868    -0.9198    -0.0179    25.6308   996.8888     -1.020     -0.703 0.0000e+00
     -0.717 8.6164e-17 -1240.7455     8.3215    101.906 1.4891e+02     12.015      0.667   0.674950    -0.9439    -0.0536    25.6289   996.8893     -1.020     -0.703 0.0000e+00
     -0.717 1.8882e-15 -1240.7455     8.3237    101.909 1.4696e+02     11.780      0.680   0.688553    -0.9370    -0.0630    25.6276   996.8897     -1.020     -0.703 0.0000e+00
     -0.717 2.0855e-14 -1240.7455     8.3237    101.907 1.3997e+02     11.595      0.680   0.688649    -0.9225    -0.0290    25.6230   996.8908     -1.019     -0.703 0.0000e+00
     -0.717 2.2941e-13 -1240.7455     8.3266    101.889 1.3245e+02     11.364      0.667   0.676112    -0.9311     0.0485    25.6152   996.8929     -1.020     -0.703 0.0000e+00
     -0.717 2.5236e-12 -1240.7455     8.3253    101.854 1.3223e+02     10.889      0.655   0.663662    -0.9457     0.1533    25.6134   996.8933     -1.020     -0.704 0.0000e+00
     -0.717 2.7759e-11 -1240.7455     8.3257    101.825 1.3755e+02     10.437      0.656   0.664797    -0.9365     0.2429    25.6178   996.8922     -1.020     -0.703 0.0000e+00
     -0.717 3.0535e-10 -1240.7455     8.3257    101.833 1.4627e+02     10.469      0.681   0.689839    -0.9148     0.2734    25.6205   996.8914     -1.020     -0.704 0.0000e+00
     -0.717 3.3589e-09 -1240.7455     8.3237    101.864 1.5892e+02     10.868      0.704   0.713063    -0.9222     0.1786    25.6210   996.8913     -1.019     -0.703 0.0000e+00
     -0.717 3.6947e-08 -1240.7455     8.3209    101.913 1.8539e+02     11.166      0.683   0.692208    -0.9507     0.0236    25.6218   996.8911     -1.019     -0.703 0.0000e+00
     -0.717 4.0642e-07 -1240.7455     8.3155    101.937 3.8334e+02     11.134      0.682   0.691066    -0.9534    -0.0553    25.6238   996.8906     -1.019     -0.703 0.0000e+00
     -0.717      0.000 -1240.7455     8.3182    101.917 5.7069e+02     10.876      0.690   0.699261    -0.9264    -0.0890    25.6273   996.8897     -1.019     -0.703 0.0000e+00
     -0.717      0.000 -1240.7455     8.3182    101.920 4.4834e+02     10.511      0.656   0.664595    -0.9194    -0.1087    25.6346   996.8878     -1.020     -0.703 0.0000e+00
     -0.716      0.001 -1240.7455     8.3221    101.926 5.1725e+02     10.030      0.643   0.652002    -0.9260    -0.0878    25.6446   996.8852     -1.019     -0.703 0.0000e+00
     -0.716      0.001 -1240.7455     8.3258    101.923 9.0549e+02      9.470      0.665   0.673693    -0.9108    -0.0422    25.6537   996.8827     -1.018     -0.702 0.0000e+00
     -0.716      0.000 -1240.7455     8.3167    101.930 1.0979e+03      8.916      0.665   0.673475    -0.9077    -0.0381    25.6606   996.8809     -1.019     -0.703 0.0000e+00
     -0.716 1.8474e-08 -1240.7455     8.3199    101.918 1.0982e+03      8.417      0.641   0.649374    -0.9171    -0.1068    25.6659   996.8796     -1.018     -0.702 0.0000e+00
     -0.716 2.0321e-07 -1240.7455     8.3203    101.910 1.1168e+03      7.988      0.627   0.635666    -0.9099    -0.1178    25.6699   996.8786     -1.018     -0.702 0.0000e+00
     -0.716 2.0321e-07 -1240.7455     8.3166    101.907 1.1607e+03      7.632      0.626   0.634421    -0.8971    -0.0336    25.6702   996.8785     -1.018     -0.702 0.0000e+00
     -0.716 1.8474e-08 -1240.7455     8.3219    101.885 1.1728e+03      7.332      0.626   0.634317    -0.8952    -0.0155    25.6682   996.8789     -1.019     -0.703 0.0000e+00
     -0.716 1.6794e-09 -1240.7455     8.3174    101.882 9.5632e+02      7.073      0.626   0.634411    -0.9161    -0.0710    25.6707   996.8783     -1.018     -0.702 0.0000e+00
     -0.716 1.5267e-10 -1240.7455     8.3158    101.899 7.5452e+02      6.848      0.626   0.635562    -0.9303    -0.1205    25.6782   996.8763     -1.019     -0.703 0.0000e+00
     -0.716 1.3880e-11 -1240.7455     8.3167    101.909 9.8248e+02      6.652      0.639   0.648231    -0.9145    -0.1683    25.6874   996.8740     -1.019     -0.703 0.0000e+00
     -0.716 1.2618e-12 -1240.7455     8.3100    101.909 1.2116e+03      6.477      0.651   0.660900    -0.9159    -0.2033    25.6961   996.8716     -1.018     -0.702 0.0000e+00
     -0.716 1.1471e-13 -1240.7455     8.3098    101.900 1.0764e+03      6.303      0.652   0.662051    -0.9378    -0.2340    25.7021   996.8701     -1.018     -0.702 0.0000e+00
     -0.716 1.0428e-14 -1240.7455     8.3123    101.893 7.0714e+02      6.123      0.652   0.662147    -0.9317    -0.2647    25.7052   996.8693     -1.018     -0.702 0.0000e+00
     -0.716 9.4800e-16 -1240.7455     8.3114    101.869 3.6636e+02      5.986      0.652   0.662062    -0.9180    -0.2994    25.7088   996.8683     -1.018     -0.702 0.0000e+00
     -0.716 8.6180e-17 -1240.7455     8.3119    101.849 2.4450e+02      5.989      0.651   0.661025    -0.9243    -0.3107    25.7139   996.8670     -1.017     -0.701 0.0000e+00
     -0.716 7.8345e-18 -1240.7455     8.3083    101.868 3.4031e+02      6.230      0.640   0.649602    -0.9224    -0.2637    25.7193   996.8656     -1.018     -0.702 0.0000e+00
     -0.716 7.1230e-19 -1240.7455     8.3091    101.905 4.8615e+02      6.444      0.641   0.650640    -0.9141    -0.2463    25.7250   996.8641     -1.018     -0.702 0.0000e+00
     -0.715 6.5247e-20 -1240.7455     8.3057    101.949 4.0518e+02      6.166      0.664   0.673570    -0.9193    -0.2715    25.7303   996.8627     -1.017     -0.702 0.0000e+00
     -0.715 1.1354e-20 -1240.7455     8.3002    101.970 2.1053e+02      5.560      0.664   0.673465    -0.9280    -0.2604    25.7350   996.8615     -1.017     -0.701 0.0000e+00
     -0.715 6.0675e-20 -1240.7455     8.3042    101.962 1.2435e+02      5.031      0.640   0.649383    -0.9238    -0.2148    25.7404   996.8600     -1.017     -0.701 0.0000e+00
     -0.715 6.6159e-19 -1240.7455     8.3047    101.942 1.0628e+02      4.640      0.626   0.635780    -0.9071    -0.2007    25.7459   996.8586     -1.017     -0.701 0.0000e+00
     -0.715 7.2769e-18 -1240.7455     8.3098    101.917 9.9486e+01      4.330      0.626   0.635676    -0.9068    -0.2616    25.7507   996.8573     -1.017     -0.701 0.0000e+00
     -0.716 8.0046e-17 -1240.7455     8.3108    101.916 9.5054e+01      4.095      0.639   0.648127    -0.9297    -0.3331    25.7556   996.8561     -1.018     -0.702 0.0000e+00
     -0.716 8.8051e-16 -1240.7455     8.3079    101.930 9.2752e+01      3.965      0.649   0.659635    -0.9361    -0.3093    25.7599   996.8549     -1.018     -0.702 0.0000e+00
     -0.716 9.6856e-15 -1240.7455     8.3073    101.929 9.2945e+01      4.034      0.637   0.648127    -0.9167    -0.2497    25.7639   996.8538     -1.018     -0.702 0.0000e+00
     -0.715 1.0654e-13 -1240.7455     8.3019    101.914 9.6553e+01      4.275      0.625   0.635667    -0.9142    -0.2639    25.7674   996.8529     -1.017     -0.701 0.0000e+00
     -0.715 1.1720e-12 -1240.7455     8.3026    101.904 1.2393e+02      4.624      0.625   0.635686    -0.9262    -0.3089    25.7708   996.8520     -1.017     -0.701 0.0000e+00
     -0.715 1.2892e-11 -1240.7455     8.3041    101.922 3.8097e+02      5.147      0.638   0.648356    -0.9187    -0.3144    25.7749   996.8509     -1.017     -0.701 0.0000e+00
     -0.715 1.4181e-10 -1240.7455     8.3031    101.965 8.4207e+02      5.652      0.651   0.662158    -0.9006    -0.2951    25.7793   996.8498     -1.016     -0.701 0.0000e+00
     -0.715 1.5599e-09 -1240.7455     8.3005    101.963 1.0913e+03      5.947      0.665   0.675883    -0.8974    -0.3157    25.7836   996.8487     -1.017     -0.701 0.0000e+00
     -0.715 1.7159e-08 -1240.7455     8.2986    101.912 1.1200e+03      6.071      0.677   0.687610    -0.9088    -0.3240    25.7883   996.8474     -1.017     -0.701 0.0000e+00
     -0.715 1.8875e-07 -1240.7455     8.2982    101.908 1.1157e+03      5.644      0.667   0.677256    -0.9136    -0.2580    25.7921   996.8464     -1.016     -0.700 0.0000e+00
     -0.715      0.000 -1240.7455     8.3047    101.946 9.6474e+02      4.448      0.667   0.677379    -0.9179    -0.2042    25.7948   996.8457     -1.017     -0.701 0.0000e+00
     -0.715      0.000 -1240.7455     8.3063    101.975 6.1488e+02      3.154      0.678   0.689100    -0.9805     0.0863    25.7983   996.8448     -1.016     -0.701 0.0000e+00
     -0.715      0.000 -1240.7455     8.2940    101.965 3.8987e+02      2.098      0.681   0.692281    -1.1357     0.6792    25.8020   996.8438     -1.016     -0.700 0.0000e+00
     -0.715      0.003 -1240.7455     8.2963    101.915 5.8988e+02      0.599      0.705   0.715850    -1.2501     0.9565    25.8053   996.8429     -1.017     -0.701 0.0000e+00
     -0.715      0.010 -1240.7455     8.3003    101.878 9.5634e+02     -1.161      1.086   1.100758    -0.7704     0.8990    25.8080   996.8422     -1.017     -0.701 0.0000e+00
     -0.715      0.024 -1240.7455     8.3022    101.879 1.1241e+03     -2.004      5.976   6.042964     5.2746     1.0140    25.8105   996.8416     -1.016     -0.701 0.0000e+00
     -0.713      0.043 -1240.7455     8.3034    101.911 1.1343e+03     -2.084     17.769  17.946374    71.8303     2.4495    25.8116   996.8412     -1.016     -0.700 0.0000e+00
     -0.706      0.064 -1240.7455     8.2947    101.921 1.1300e+03     -2.095     30.607  30.863384   193.8071     5.0711    25.8126   996.8411     -1.013     -0.698 0.0000e+00
     -0.685      0.086 -1240.7455     8.2938    101.907 1.1252e+03     -2.099     38.805  39.070638   259.8203     6.6186    25.8079   996.8421     -0.984     -0.679 0.0000e+00
     -0.650      0.107 -1240.7455     8.3044    101.914 9.9275e+02     -2.101     41.505  41.740579   259.8008     7.7706    25.7279   996.8639     -0.924     -0.637 0.0000e+00
     -0.615      0.123 -1240.7455     8.3344    101.944 6.6160e+02     -2.103     41.500  41.696357   193.7629    18.8975    25.5678   996.9097     -0.870     -0.600 0.0000e+00
     -0.583      0.132 -1240.7455     8.3566    101.994 4.1018e+02     -2.104     41.354  41.519272    71.7889    39.2868    25.4280   996.9504     -0.832     -0.574 0.0000e+00
     -0.548      0.135 -1240.7455     8.3655    102.000 4.7027e+02     -2.104     41.234  41.376722     5.2604    50.3934    25.3355   996.9775     -0.783     -0.539 0.0000e+00
     -0.511      0.133 -1240.7455     8.3789    101.997 7.4177e+02     -2.105     41.124  41.242256    -0.7156    51.1494    25.2725   996.9942     -0.723     -0.499 0.0000e+00
     -0.476      0.127 -1240.7455     8.3848    102.151 1.0133e+03     -2.106     41.007  41.099421    -0.5326    47.9466    25.2260   997.0060     -0.675     -0.465 0.0000e+00
     -0.445      0.116 -1240.7455     8.4003    102.563 1.1354e+03     -2.107     40.913  40.982627     0.7686    41.8471    25.1907   997.0154     -0.635     -0.438 0.0000e+00
     -0.412      0.100 -1240.7455     8.4025    103.074 1.1580e+03     -2.108     40.858  40.909120     1.5035    38.5133    25.1676   997.0214     -0.587     -0.405 0.0000e+00
