Data/DataNotYetUploadedToEDI/Raw_CTD/RawDownloads/062226_bvr50_S8188025.cnv
* Sea-Bird SBE19plus  Data File:
* FileName = C:\R\Reservoirs\Data\DataNotYetUploadedToEDI\Raw_CTD\RawDownloads\062526_ccr50_S8188_0025.hex
* Software version 2.8.0.119
* Temperature SN = 8188
* Conductivity SN = 8188
* System UpLoad Time = Jun 29 2026 18:18:34
* <ApplicationData>
* <Seaterm232>
# nquan = 16
# nvalues = 322                         
# units = specified
# name 0 = depFM: Depth [fresh water, m]
# name 1 = dz/dtM: Descent Rate [m/s]
# name 2 = sbeox0Mg/L: Oxygen, SBE 43 [mg/l]
# name 3 = sbeox0PS: Oxygen, SBE 43 [% saturation]
# name 4 = specc: Specific Conductance [uS/cm]
# name 5 = c0uS/cm: Conductivity [uS/cm]
# name 6 = wetCDOM: Fluorescence, WET Labs CDOM [mg/m^3]
# name 7 = flECO-AFL: Fluorescence, WET Labs ECO-AFL/FL [mg/m^3]
# name 8 = flECO-AFL1: Fluorescence, WET Labs ECO-AFL/FL, 2 [mg/m^3]
# name 9 = flECO-AFL2: Fluorescence, WET Labs ECO-AFL/FL, 3 [mg/m^3]
# name 10 = par/sat/log: PAR/Logarithmic, Satlantic
# name 11 = turbWETntu0: Turbidity, WET Labs ECO [NTU]
# name 12 = prdM: Pressure, Strain Gauge [db]
# name 13 = prdE: Pressure, Strain Gauge [psi]
# name 14 = tv290C: Temperature [ITS-90, deg C]
# name 15 = flag:  0.000e+00
# span 0 =     -0.727,     -0.087       
# span 1 =     -0.006,      0.100       
# span 2 =     4.8682,     7.4727       
# span 3 =     61.267,     93.750       
# span 4 =     -0.006,     40.732       
# span 5 =  -0.006552,  41.848199       
# span 6 =    -4.5000,    18.9000       
# span 7 =    -0.9064,     2.2217       
# span 8 =    -2.1300,     0.3408       
# span 9 =    -2.0304,     4.1454       
# span 10 = 1.8391e+02, 2.5515e+03      
# span 11 =    -1.4576,     8.8752      
# span 12 =     -0.713,     -0.086      
# span 13 =     -1.034,     -0.124      
# span 14 =    26.2829,    30.1819      
# span 15 = 0.0000e+00, 0.0000e+00      
# interval = seconds: 0.25
# start_time = Jun 22 2026 10:54:05 [Instrument's time stamp, header]
# bad_flag = -9.990e-29
*END*
[from data line 272]
     -0.087     -0.001     6.2566     74.555     39.348  40.961215    18.6300     2.0157     0.1704     3.7224 1.5516e+03     7.8630     -0.086     -0.124    27.0227 0.0000e+00
     -0.088     -0.002     6.1534     73.973     39.327  40.946445    18.6300     2.0310     0.1704     3.7224 1.3729e+03     7.8630     -0.086     -0.124    27.0264 0.0000e+00
     -0.088     -0.004     6.0660     73.508     39.305  40.931024    18.6300     2.0348     0.1704     3.7224 9.6238e+02     7.9084     -0.086     -0.125    27.0307 0.0000e+00
     -0.089     -0.005     5.9939     73.146     39.285  40.918811    18.6300     2.0234     0.1704     3.7224 1.4740e+03     7.9688     -0.087     -0.127    27.0361 0.0000e+00
     -0.091     -0.005     5.9354     72.869     39.278  40.918506    18.6300     1.9928     0.1704     3.9339 1.4811e+03     7.9537     -0.089     -0.129    27.0431 0.0000e+00
     -0.093     -0.006     5.8881     72.649     39.280  40.926041    18.6300     1.9814     0.1704     3.9339 1.5550e+03     7.9537     -0.091     -0.132    27.0522 0.0000e+00
     -0.095     -0.006     5.8500     72.455     39.273  40.923500    18.6300     1.9738     0.1704     3.9339 1.5737e+03     7.8782     -0.093     -0.135    27.0627 0.0000e+00
     -0.096     -0.005     5.8201     72.258     39.257  40.910207    18.6300     1.9776     0.1704     3.9339 1.6163e+03     7.9235     -0.094     -0.137    27.0732 0.0000e+00
     -0.097     -0.005     5.7971     72.024     39.242  40.898558    18.6300     2.0157     0.1704     3.9339 1.4376e+03     8.1501     -0.095     -0.138    27.0823 0.0000e+00
     -0.098     -0.004     5.7789     71.738     39.230  40.889431    18.6300     2.0310     0.1278     4.0185 1.5405e+03     8.1501     -0.096     -0.140    27.0892 0.0000e+00
     -0.099     -0.003     5.7629     71.405     39.214  40.876407    18.6300     2.0348     0.1278     4.0185 1.5215e+03     8.1954     -0.097     -0.141    27.0946 0.0000e+00
     -0.100     -0.002     5.7467     71.046     39.200  40.863983    18.6300     2.0386     0.1278     4.0185 1.6128e+03     8.0443     -0.098     -0.142    27.0996 0.0000e+00
     -0.100     -0.002     5.7276     70.696     39.192  40.856817    18.6300     2.0844     0.1278     4.0185 1.5232e+03     8.4069     -0.098     -0.143    27.1045 0.0000e+00
     -0.101     -0.001     5.7044     70.398     39.192  40.856984    18.6300     2.0882     0.1704     3.8493 1.4126e+03     8.3465     -0.099     -0.143    27.1089 0.0000e+00
     -0.101     -0.001     5.6775     70.169     39.199  40.864527    18.6300     2.0806     0.1704     3.8493 1.6128e+03     8.3616     -0.099     -0.144    27.1129 0.0000e+00
     -0.101     -0.001     5.6486     69.999     39.203  40.869504    18.6300     2.0615     0.1704     3.8493 1.5005e+03     8.2860     -0.099     -0.144    27.1160 0.0000e+00
     -0.101     -0.000     5.6206     69.871     39.202  40.869255    18.6300     2.0081     0.1704     3.8493 1.4632e+03     7.9235     -0.099     -0.144    27.1176 0.0000e+00
     -0.101      0.000     5.5969     69.766     39.201  40.867700    18.5400     2.0768     0.2130     4.0608 1.4837e+03     8.0141     -0.099     -0.144    27.1180 0.0000e+00
     -0.101      0.000     5.5787     69.657     39.197  40.864424    18.5400     2.0310     0.2130     4.0608 1.6110e+03     7.8328     -0.099     -0.144    27.1182 0.0000e+00
     -0.101      0.000     5.5651     69.509     39.191  40.858553    18.5400     2.0310     0.2130     4.0608 1.6414e+03     7.9386     -0.099     -0.144    27.1187 0.0000e+00
     -0.101      0.000     5.5549     69.302     39.185  40.852506    18.5400     2.0539     0.2130     4.0608 1.6673e+03     7.9235     -0.099     -0.143    27.1193 0.0000e+00
     -0.101      0.000     5.5465     69.038     39.185  40.852642    18.6300     2.0462     0.1278     3.9762 1.5179e+03     7.9235     -0.099     -0.143    27.1196 0.0000e+00
     -0.101      0.000     5.5378     68.734     39.190  40.858998    18.6300     2.0234     0.1278     3.9762 1.5702e+03     7.8933     -0.099     -0.143    27.1200 0.0000e+00
     -0.101      0.000     5.5260     68.397     39.195  40.865297    18.6300     2.0501     0.1278     3.9762 1.4581e+03     7.9537     -0.099     -0.143    27.1206 0.0000e+00
     -0.100      0.000     5.5094     68.023     39.194  40.865249    18.6300     1.9585     0.1278     3.9762 1.5015e+03     8.3918     -0.098     -0.143    27.1212 0.0000e+00
     -0.100      0.000     5.4885     67.619     39.187  40.858842    18.6300     1.9852     0.1278     3.9762 1.6040e+03     8.4371     -0.098     -0.143    27.1218 0.0000e+00
     -0.100      0.001     5.4642     67.199     39.177  40.848351    18.7200     1.9623     0.1278     3.8916 1.5422e+03     8.3313     -0.098     -0.142    27.1225 0.0000e+00
     -0.100      0.001     5.4373     66.773     39.163  40.834965    18.7200     1.9432     0.1278     3.8916 1.5133e+03     8.3918     -0.098     -0.142    27.1235 0.0000e+00
     -0.100      0.001     5.4075     66.351     39.151  40.823084    18.7200     2.0997     0.1278     3.8916 1.3940e+03     8.2256     -0.098     -0.142    27.1248 0.0000e+00
     -0.100      0.001     5.3752     65.931     39.140  40.813525    18.7200     2.0958     0.1278     3.8916 1.7140e+03     8.0594     -0.098     -0.142    27.1261 0.0000e+00
     -0.100      0.001     5.3417     65.512     39.135  40.809716    18.7200     2.0768     0.1704     3.9339 1.5675e+03     8.1501     -0.098     -0.142    27.1272 0.0000e+00
     -0.099      0.001     5.3078     65.100     39.137  40.812635    18.7200     2.0958     0.1704     3.9339 1.5499e+03     8.2558     -0.097     -0.142    27.1283 0.0000e+00
     -0.099      0.001     5.2741     64.706     39.136  40.813098    18.7200     2.1645     0.1704     3.9339 1.4521e+03     8.7090     -0.097     -0.141    27.1295 0.0000e+00
     -0.099      0.001     5.2406     64.339     39.132  40.809234    18.7200     2.1454     0.1704     3.9339 1.6258e+03     8.6033     -0.097     -0.141    27.1310 0.0000e+00
     -0.099      0.000     5.2071     63.993     39.126  40.804000    18.5400     2.1378     0.1278     3.8493 1.4747e+03     8.6486     -0.097     -0.141    27.1328 0.0000e+00
     -0.099      0.000     5.1741     63.658     39.117  40.795999    18.5400     2.1683     0.1278     3.8493 1.5295e+03     8.6486     -0.097     -0.141    27.1345 0.0000e+00
     -0.099      0.000     5.1427     63.331     39.108  40.787084    18.5400     2.1378     0.1278     3.8493 1.5469e+03     8.4069     -0.097     -0.141    27.1359 0.0000e+00
     -0.099      0.000     5.1134     63.017     39.099  40.778861    18.5400     2.1187     0.1278     3.8493 1.4911e+03     8.5126     -0.097     -0.140    27.1369 0.0000e+00
     -0.099      0.000     5.0858     62.720     39.091  40.771131    18.7200     2.1569     0.1704     3.9339 1.5232e+03     8.4069     -0.097     -0.140    27.1379 0.0000e+00
     -0.099      0.000     5.0592     62.437     39.086  40.765817    18.7200     2.1454     0.1704     3.9339 1.4252e+03     8.3767     -0.097     -0.140    27.1389 0.0000e+00
     -0.099      0.000     5.0331     62.166     39.083  40.763494    18.7200     2.1302     0.1704     3.9339 1.5120e+03     8.4069     -0.097     -0.140    27.1399 0.0000e+00
     -0.099      0.000     5.0080     61.907     39.082  40.763543    18.7200     2.1607     0.1704     3.9339 1.5176e+03     8.2407     -0.097     -0.140    27.1409 0.0000e+00
     -0.099      0.000     4.9843     61.668     39.083  40.765979    18.7200     2.1454     0.1704     3.9339 1.5067e+03     8.3767     -0.097     -0.140    27.1418 0.0000e+00
     -0.099      0.000     4.9617     61.465     39.085  40.769457    18.7200     2.1378     0.2130     4.0608 1.6006e+03     8.3918     -0.097     -0.140    27.1429 0.0000e+00
     -0.098      0.000     4.9401     61.322     39.086  40.770919    18.7200     2.2217     0.2130     4.0608 1.6568e+03     8.3918     -0.096     -0.140    27.1442 0.0000e+00
     -0.098      0.000     4.9194     61.267     39.085  40.770757    18.7200     2.2065     0.2130     4.0608 1.6251e+03     8.3465     -0.096     -0.140    27.1457 0.0000e+00
     -0.098 -9.990e-29     4.9003 -9.990e-29 -9.990e-29 -9.990e-29    18.7200 -9.990e-29     0.2130     4.0608 1.5723e+03 -9.990e-29     -0.096     -0.140    27.1471 0.0000e+00
     -0.098 -9.990e-29     4.8841 -9.990e-29 -9.990e-29 -9.990e-29    18.6300 -9.990e-29     0.1704     4.0185 1.5442e+03 -9.990e-29     -0.096     -0.140    27.1484 0.0000e+00
     -0.098 -9.990e-29     4.8726 -9.990e-29 -9.990e-29 -9.990e-29    18.6300 -9.990e-29     0.1704     4.0185 1.4830e+03 -9.990e-29     -0.096     -0.140    27.1493 0.0000e+00
     -0.098 -9.990e-29     4.8682 -9.990e-29 -9.990e-29 -9.990e-29    18.6300 -9.990e-29     0.1704     4.0185 1.4747e+03 -9.990e-29     -0.096     -0.140    27.1497 0.0000e+00
