Data/DataNotYetUploadedToEDI/Raw_CTD/RawDownloads/062226_bvr50_S8188025.cnv
* Sea-Bird SBE19plus  Data File:
* FileName = C:\R\Reservoirs\Data\DataNotYetUploadedToEDI\Raw_CTD\RawDownloads\062526_ccr50_S8188_0025.hex
* Software version 2.8.0.119
* Temperature SN = 8188
* Conductivity SN = 8188
* System UpLoad Time = Jun 29 2026 18:18:34
* <ApplicationData>
* <Seaterm232>
# nquan = 16
# nvalues = 322                         
# units = specified
# name 0 = depFM: Depth [fresh water, m]
# name 1 = dz/dtM: Descent Rate [m/s]
# name 2 = sbeox0Mg/L: Oxygen, SBE 43 [mg/l]
# name 3 = sbeox0PS: Oxygen, SBE 43 [% saturation]
# name 4 = specc: Specific Conductance [uS/cm]
# name 5 = c0uS/cm: Conductivity [uS/cm]
# name 6 = wetCDOM: Fluorescence, WET Labs CDOM [mg/m^3]
# name 7 = flECO-AFL: Fluorescence, WET Labs ECO-AFL/FL [mg/m^3]
# name 8 = flECO-AFL1: Fluorescence, WET Labs ECO-AFL/FL, 2 [mg/m^3]
# name 9 = flECO-AFL2: Fluorescence, WET Labs ECO-AFL/FL, 3 [mg/m^3]
# name 10 = par/sat/log: PAR/Logarithmic, Satlantic
# name 11 = turbWETntu0: Turbidity, WET Labs ECO [NTU]
# name 12 = prdM: Pressure, Strain Gauge [db]
# name 13 = prdE: Pressure, Strain Gauge [psi]
# name 14 = tv290C: Temperature [ITS-90, deg C]
# name 15 = flag:  0.000e+00
# span 0 =     -0.727,     -0.087       
# span 1 =     -0.006,      0.100       
# span 2 =     4.8682,     7.4727       
# span 3 =     61.267,     93.750       
# span 4 =     -0.006,     40.732       
# span 5 =  -0.006552,  41.848199       
# span 6 =    -4.5000,    18.9000       
# span 7 =    -0.9064,     2.2217       
# span 8 =    -2.1300,     0.3408       
# span 9 =    -2.0304,     4.1454       
# span 10 = 1.8391e+02, 2.5515e+03      
# span 11 =    -1.4576,     8.8752      
# span 12 =     -0.713,     -0.086      
# span 13 =     -1.034,     -0.124      
# span 14 =    26.2829,    30.1819      
# span 15 = 0.0000e+00, 0.0000e+00      
# interval = seconds: 0.25
# start_time = Jun 22 2026 10:54:05 [Instrument's time stamp, header]
# bad_flag = -9.990e-29
*END*
[from data line 181]
     -0.135      0.002     5.9264     71.731     39.834  40.957790    18.3600     2.0272     0.1704     3.8070 1.7877e+03     8.3918     -0.133     -0.193    26.3897 0.0000e+00
     -0.135      0.001     5.8779     71.393     39.827  40.953356    18.5400     2.0348     0.1704     3.5955 1.6973e+03     8.3162     -0.132     -0.192    26.3918 0.0000e+00
     -0.134      0.001     5.8387     71.057     39.826  40.954077    18.5400     2.0424     0.1704     3.5955 1.6655e+03     8.4673     -0.132     -0.191    26.3947 0.0000e+00
     -0.134      0.001     5.8058     70.722     39.846  40.976086    18.5400     2.0997     0.1704     3.5955 1.7143e+03     8.3767     -0.132     -0.191    26.3990 0.0000e+00
     -0.134      0.001     5.7766     70.376     39.869  41.001341    18.5400     2.0882     0.1704     3.5955 1.9378e+03     8.3767     -0.132     -0.191    26.4040 0.0000e+00
     -0.134      0.000     5.7489     69.998     39.866  41.000710    18.5400     2.0997     0.1704     3.5955 1.8014e+03     8.4069     -0.132     -0.191    26.4081 0.0000e+00
     -0.134      0.000     5.7216     69.585     39.841  40.978010    18.5400     2.0768     0.1704     3.5955 1.7654e+03     8.4069     -0.131     -0.190    26.4105 0.0000e+00
     -0.134      0.000     5.6945     69.155     39.825  40.963055    18.5400     2.1264     0.1704     3.5955 1.6518e+03     8.4069     -0.131     -0.190    26.4119 0.0000e+00
     -0.133      0.000     5.6664     68.728     39.832  40.971782    18.5400     2.1073     0.1704     3.5955 1.6640e+03     8.4069     -0.131     -0.190    26.4140 0.0000e+00
     -0.133      0.000     5.6356     68.311     39.855  40.998549    18.5400     2.0920     0.1704     3.5955 1.8777e+03     8.3918     -0.131     -0.190    26.4171 0.0000e+00
     -0.134      0.000     5.6021     67.896     39.878  41.026581    18.5400     2.0958     0.2130     3.6801 1.8737e+03     8.4975     -0.131     -0.190    26.4201 0.0000e+00
     -0.134      0.001     5.5672     67.482     39.885  41.039443    18.5400     2.0501     0.2130     3.6801 1.9248e+03     8.4069     -0.131     -0.190    26.4224 0.0000e+00
     -0.133      0.001     5.5326     67.076     39.876  41.036581    18.5400     2.0501     0.2130     3.6801 1.8486e+03     8.3616     -0.131     -0.190    26.4247 0.0000e+00
     -0.133      0.002     5.4987     66.697     39.860  41.025203    18.5400     2.0234     0.2130     3.6801 1.7357e+03     8.3162     -0.130     -0.189    26.4283 0.0000e+00
     -0.132      0.003     5.4648     66.353     39.845  41.014229    18.4500     2.0234     0.1704     3.8916 1.7804e+03     8.3767     -0.130     -0.188    26.4339 0.0000e+00
     -0.132      0.003     5.4307     66.043     39.841  41.012690    18.4500     2.1950     0.1704     3.8916 1.6611e+03     8.1803     -0.129     -0.187    26.4410 0.0000e+00
     -0.131      0.004     5.3974     65.763     39.845  41.020174    18.4500     2.1798     0.1704     3.8916 1.7619e+03     8.2407     -0.128     -0.186    26.4486 0.0000e+00
     -0.130      0.004     5.3662     65.518     39.847  41.026723    18.4500     2.1798     0.1704     3.8916 1.7263e+03     8.1803     -0.127     -0.185    26.4555 0.0000e+00
     -0.129      0.004     5.3380     65.314     39.838  41.022126    18.4500     2.1798     0.1704     3.9339 1.6969e+03     8.0896     -0.126     -0.183    26.4609 0.0000e+00
     -0.128      0.004     5.3126     65.151     39.820  41.009145    18.4500     2.1759     0.1704     3.9339 1.7278e+03     8.1501     -0.125     -0.181    26.4651 0.0000e+00
     -0.126      0.004     5.2897     65.022     39.812  41.004242    18.4500     2.1531     0.1704     3.9339 1.6764e+03     8.1803     -0.124     -0.180    26.4692 0.0000e+00
     -0.125      0.003     5.2696     64.915     39.823  41.018068    18.4500     2.1492     0.1704     3.9339 1.6269e+03     8.1199     -0.123     -0.178    26.4745 0.0000e+00
     -0.125      0.002     5.2526     64.824     39.843  41.042352    18.4500     2.1531     0.1704     3.9339 1.6735e+03     8.0896     -0.122     -0.177    26.4806 0.0000e+00
     -0.124      0.002     5.2389     64.755     39.857  41.059659    18.5400     2.1111     0.1704     4.0185 1.5788e+03     7.9839     -0.122     -0.177    26.4865 0.0000e+00
     -0.124      0.001     5.2280     64.712     39.856  41.062651    18.5400     2.0920     0.1704     4.0185 1.6436e+03     7.8630     -0.122     -0.176    26.4911 0.0000e+00
     -0.124      0.000     5.2191     64.692     39.849  41.060094    18.5400     2.0882     0.1704     4.0185 1.6347e+03     7.9688     -0.121     -0.176    26.4945 0.0000e+00
     -0.124     -0.001     5.2116     64.686     39.848  41.063263    18.5400     2.0997     0.1704     4.0185 1.6482e+03     7.9537     -0.121     -0.176    26.4980 0.0000e+00
     -0.124     -0.001     5.2056     64.690     39.854  41.073003    18.4500     2.0958     0.2130     3.9762 1.6800e+03     7.8328     -0.122     -0.177    26.5024 0.0000e+00
     -0.125     -0.002     5.2016     64.699     39.861  41.083942    18.4500     2.0997     0.2130     3.9762 1.6393e+03     7.9235     -0.122     -0.177    26.5076 0.0000e+00
     -0.125     -0.003     5.1995     64.717     39.863  41.091026    18.4500     2.1073     0.2130     3.9762 1.6691e+03     8.0292     -0.123     -0.178    26.5128 0.0000e+00
     -0.126     -0.004     5.1986     64.754     39.855  41.088173    18.4500     2.1187     0.2130     3.9762 1.6749e+03     7.9235     -0.124     -0.179    26.5177 0.0000e+00
     -0.127     -0.005     5.1984     64.818     39.837  41.074624    18.6300     2.0234     0.1704     3.8493 1.6829e+03     8.1199     -0.125     -0.181    26.5226 0.0000e+00
     -0.129     -0.006     5.1986     64.901     39.822  41.062707    18.6300     2.0310     0.1704     3.8493 1.6677e+03     8.1350     -0.126     -0.183    26.5280 0.0000e+00
     -0.130     -0.006     5.1995     64.988     39.829  41.073154    18.6300     2.0462     0.1704     3.8493 1.6511e+03     8.1199     -0.128     -0.185    26.5342 0.0000e+00
     -0.132     -0.006     5.2018     65.078     39.858  41.108751    18.6300     2.0348     0.1704     3.8493 1.8302e+03     8.1199     -0.130     -0.188    26.5408 0.0000e+00
     -0.134     -0.006     5.2064     65.193     39.879  41.143125    18.6300     2.0386     0.1704     3.8493 1.9492e+03     7.8933     -0.132     -0.191    26.5468 0.0000e+00
     -0.136     -0.005     5.2126     65.363     39.867  41.153559    18.4500     2.0424     0.1704     3.9762 1.9624e+03     7.8933     -0.133     -0.194    26.5513 0.0000e+00
     -0.137     -0.004     5.2192     65.579     39.831  41.146822    18.4500     2.0310     0.1704     3.9762 2.1626e+03     7.9537     -0.135     -0.195    26.5551 0.0000e+00
     -0.138     -0.003     5.2257     65.795     39.801  41.145033    18.4500     2.0081     0.1704     3.9762 1.8570e+03     7.8630     -0.135     -0.196    26.5622 0.0000e+00
     -0.138     -0.002     5.2335     65.983     39.782  41.151700    18.4500     2.1302     0.1704     3.9762 2.0372e+03     8.6788     -0.136     -0.197    26.5781 0.0000e+00
     -0.139     -0.002     5.2444     66.150     39.758  41.152662    18.6300     2.1531     0.1704     4.0608 2.1425e+03     8.6788     -0.136     -0.198    26.6068 0.0000e+00
     -0.139     -0.001     5.2581     66.316     39.728  41.148177    18.6300     2.1302     0.1704     4.0608 1.7166e+03     8.6939     -0.136     -0.198    26.6447 0.0000e+00
     -0.139     -0.001     5.2719     66.473     39.711  41.152991    18.6300     2.1683     0.1704     4.0608 1.6873e+03     8.6033     -0.136     -0.198    26.6825 0.0000e+00
     -0.140     -0.001     5.2838     66.596     39.713  41.168389    18.6300     2.1454     0.1704     4.0608 1.8382e+03     8.3918     -0.137     -0.198    26.7158 0.0000e+00
     -0.140     -0.001     5.2941     66.675     39.718  41.176561    18.5400     2.1798     0.1704     4.1454 2.1060e+03     8.3465     -0.137     -0.199    26.7480 0.0000e+00
     -0.141     -0.001     5.3043     66.729     39.715  41.169722    18.5400     2.1454     0.1704     4.1454 2.1161e+03     8.3465     -0.138     -0.200    26.7808 0.0000e+00
     -0.141     -0.001     5.3142     66.780     39.711  41.159995    18.5400     2.1378     0.1704     4.1454 1.7928e+03     8.4069     -0.138     -0.200    26.8092 0.0000e+00
     -0.141     -0.001     5.3224     66.833     39.707  41.150763    18.5400     2.0539     0.1704     4.1454 1.8207e+03     8.3616     -0.138     -0.200    26.8260 0.0000e+00
     -0.141     -0.001     5.3283     66.900     39.699  41.139565    18.5400     2.0234     0.1704     4.0185 1.7395e+03     8.3767     -0.138     -0.200    26.8302 0.0000e+00
     -0.141     -0.001     5.3331     67.038     39.696  41.135369    18.5400     2.0310     0.1704     4.0185 1.8623e+03     8.3162     -0.138     -0.200    26.8257 0.0000e+00
     -0.141     -0.001     5.3378     67.331     39.705  41.145027    18.5400     2.0386     0.1704     4.0185 1.8522e+03     8.4824     -0.138     -0.201    26.8181 0.0000e+00
     -0.142     -0.001     5.3426     67.823     39.717  41.159158    18.5400     2.0729     0.1704     4.0185 1.8326e+03     8.2860     -0.139     -0.202    26.8120 0.0000e+00
     -0.142     -0.001     5.3484     68.494     39.712  41.155628    18.5400     2.1111     0.1704     4.0185 1.8258e+03     8.4220     -0.139     -0.202    26.8083 0.0000e+00
     -0.142     -0.001     5.3596     69.296     39.686  41.131503    18.4500     2.1035     0.1704     3.8493 1.8422e+03     8.4522     -0.139     -0.202    26.8064 0.0000e+00
     -0.142     -0.002     5.3830     70.201     39.664  41.110238    18.4500     2.0997     0.1704     3.8493 1.6980e+03     8.3465     -0.139     -0.202    26.8065 0.0000e+00
     -0.142     -0.003     5.4222     71.195     39.661  41.108082    18.4500     2.1073     0.1704     3.8493 1.6350e+03     8.1350     -0.139     -0.202    26.8084 0.0000e+00
     -0.143     -0.004     5.4755     72.225     39.671  41.120475    18.4500     2.0997     0.1704     3.8493 1.7638e+03     8.1199     -0.140     -0.204    26.8111 0.0000e+00
     -0.145     -0.004     5.5393     73.165     39.679  41.130794    18.5400     2.1149     0.1704     3.9762 1.8583e+03     8.1048     -0.142     -0.206    26.8141 0.0000e+00
     -0.146     -0.004     5.6114     73.880     39.670  41.125852    18.5400     2.0920     0.1704     3.9762 1.8724e+03     8.2256     -0.144     -0.208    26.8166 0.0000e+00
     -0.148     -0.004     5.6907     74.314     39.647  41.108315    18.5400     2.0844     0.1704     3.9762 1.8917e+03     8.0443     -0.145     -0.210    26.8185 0.0000e+00
     -0.149     -0.004     5.7728     74.508     39.628  41.093434    18.5400     2.1073     0.1704     3.9762 1.8603e+03     8.0896     -0.146     -0.212    26.8204 0.0000e+00
     -0.150     -0.002     5.8476     74.562     39.623  41.093183    18.4500     2.0882     0.1704     3.9762 1.8546e+03     8.1501     -0.147     -0.213    26.8234 0.0000e+00
     -0.151     -0.000     5.9042     74.581     39.631  41.107493    18.4500     2.1073     0.1704     3.9762 1.8426e+03     8.1803     -0.148     -0.214    26.8290 0.0000e+00
     -0.151      0.002     5.9381     74.644     39.635  41.120254    18.4500     1.9585     0.1704     3.9762 1.8290e+03     8.3616     -0.148     -0.215    26.8363 0.0000e+00
     -0.151      0.005     5.9529     74.830     39.612  41.106974    18.4500     1.9623     0.1704     3.9762 1.8482e+03     8.3465     -0.148     -0.214    26.8430 0.0000e+00
     -0.149      0.008     5.9566     75.273     39.570  41.072083    18.5400     1.9585     0.1704     3.9339 1.8659e+03     8.3767     -0.146     -0.212    26.8489 0.0000e+00
     -0.146      0.012     5.9574     76.168     39.558  41.058085    18.5400     1.9585     0.1704     3.9339 1.8814e+03     8.4069     -0.143     -0.208    26.8561 0.0000e+00
     -0.143      0.016     5.9613     77.632     39.591  41.081174    18.5400     1.9051     0.1704     3.9339 1.8378e+03     8.4824     -0.140     -0.203    26.8665 0.0000e+00
     -0.138      0.019     5.9746     79.613     39.614  41.101672    18.5400     1.8860     0.1704     3.9339 1.8136e+03     8.3918     -0.136     -0.197    26.8806 0.0000e+00
     -0.133      0.021     6.0088     81.975     39.594  41.095157    18.5400     1.9089     0.1704     3.9339 1.9253e+03     8.4371     -0.130     -0.189    26.8920 0.0000e+00
     -0.126      0.022     6.0804     84.582     39.563  41.081813    18.6300     1.9089     0.1278     3.8493 2.5515e+03     8.4220     -0.123     -0.179    26.8895 0.0000e+00
     -0.119      0.021     6.1987     87.245     39.554  41.083986    18.6300     2.0920     0.1278     3.8493 1.4092e+03     8.0745     -0.117     -0.169    26.8760 0.0000e+00
     -0.113      0.020     6.3572     89.677     39.566  41.102257    18.6300     2.1149     0.1278     3.8493 1.5764e+03     8.0594     -0.111     -0.161    26.8722 0.0000e+00
     -0.109      0.018     6.5438     91.580     39.571  41.113601    18.6300     2.1111     0.1278     3.8493 1.5985e+03     8.1501     -0.107     -0.155    26.8889 0.0000e+00
     -0.105      0.015     6.7490     92.831     39.545  41.097132    18.8100     2.1073     0.1704     3.9762 1.4683e+03     8.2105     -0.103     -0.149    26.9127 0.0000e+00
     -0.101      0.012     6.9597     93.514     39.504  41.064400    18.8100     2.1302     0.1704     3.9762 7.4714e+02     8.4824     -0.099     -0.144    26.9278 0.0000e+00
     -0.098      0.009     7.1528     93.750     39.480  41.042545    18.8100     2.1569     0.1704     3.9762 9.5716e+02     8.4220     -0.096     -0.140    26.9352 0.0000e+00
     -0.096      0.007     7.3035     93.569     39.475  41.037694    18.8100     2.1569     0.1704     3.9762 1.5850e+03     8.3767     -0.094     -0.137    26.9434 0.0000e+00
     -0.095      0.005     7.4016     92.957     39.479  41.040582    18.9000     2.1721     0.2130     4.0185 1.3457e+03     8.4069     -0.093     -0.135    26.9563 0.0000e+00
     -0.095      0.003     7.4545     91.948     39.481  41.044008    18.9000     2.0997     0.2130     4.0185 1.4527e+03     8.4824     -0.093     -0.135    26.9683 0.0000e+00
     -0.095      0.002     7.4727     90.621     39.476  41.040917    18.9000     2.1302     0.2130     4.0185 1.6669e+03     8.3465     -0.093     -0.135    26.9732 0.0000e+00
     -0.094      0.002     7.4584     89.054     39.465  41.034468    18.9000     2.1149     0.2130     4.0185 1.2964e+03     8.4069     -0.093     -0.134    26.9729 0.0000e+00
     -0.094      0.003     7.4098     87.293     39.455  41.030913    18.9000     2.0997     0.2130     4.0185 1.5614e+03     8.3162     -0.092     -0.134    26.9719 0.0000e+00
     -0.093      0.004     7.3293     85.411     39.439  41.021335    18.5400     2.0272     0.1278     3.9339 1.4651e+03     8.3767     -0.091     -0.133    26.9724 0.0000e+00
     -0.092      0.004     7.2232     83.517     39.411  40.999193    18.5400     2.0310     0.1278     3.9339 1.5186e+03     8.3465     -0.090     -0.131    26.9754 0.0000e+00
     -0.090      0.004     7.0975     81.708     39.383  40.974526    18.5400     2.0043     0.1278     3.9339 1.4785e+03     8.3918     -0.089     -0.129    26.9818 0.0000e+00
     -0.089      0.004     6.9561     80.044     39.362  40.956695    18.5400     2.0386     0.1278     3.9339 1.1900e+03     8.4220     -0.087     -0.127    26.9906 0.0000e+00
     -0.088      0.003     6.8049     78.560     39.352  40.948916    18.7200     2.0997     0.1704     3.9762 1.4016e+03     8.1652     -0.086     -0.125    26.9998 0.0000e+00
     -0.087      0.002     6.6531     77.271     39.353  40.953101    18.7200     2.0882     0.1704     3.9762 1.2871e+03     8.1199     -0.086     -0.125    27.0080 0.0000e+00
     -0.087      0.001     6.5082     76.179     39.359  40.962393    18.7200     2.0806     0.1704     3.9762 1.4578e+03     8.1652     -0.086     -0.124    27.0144 0.0000e+00
