Data/DataNotYetUploadedToEDI/Raw_CTD/RawDownloads/062226_bvr50_S8188025.cnv
* Sea-Bird SBE19plus  Data File:
* FileName = C:\R\Reservoirs\Data\DataNotYetUploadedToEDI\Raw_CTD\RawDownloads\062526_ccr50_S8188_0025.hex
* Software version 2.8.0.119
* Temperature SN = 8188
* Conductivity SN = 8188
* System UpLoad Time = Jun 29 2026 18:18:34
* <ApplicationData>
* <Seaterm232>
# nquan = 16
# nvalues = 322                         
# units = specified
# name 0 = depFM: Depth [fresh water, m]
# name 1 = dz/dtM: Descent Rate [m/s]
# name 2 = sbeox0Mg/L: Oxygen, SBE 43 [mg/l]
# name 3 = sbeox0PS: Oxygen, SBE 43 [% saturation]
# name 4 = specc: Specific Conductance [uS/cm]
# name 5 = c0uS/cm: Conductivity [uS/cm]
# name 6 = wetCDOM: Fluorescence, WET Labs CDOM [mg/m^3]
# name 7 = flECO-AFL: Fluorescence, WET Labs ECO-AFL/FL [mg/m^3]
# name 8 = flECO-AFL1: Fluorescence, WET Labs ECO-AFL/FL, 2 [mg/m^3]
# name 9 = flECO-AFL2: Fluorescence, WET Labs ECO-AFL/FL, 3 [mg/m^3]
# name 10 = par/sat/log: PAR/Logarithmic, Satlantic
# name 11 = turbWETntu0: Turbidity, WET Labs ECO [NTU]
# name 12 = prdM: Pressure, Strain Gauge [db]
# name 13 = prdE: Pressure, Strain Gauge [psi]
# name 14 = tv290C: Temperature [ITS-90, deg C]
# name 15 = flag:  0.000e+00
# span 0 =     -0.727,     -0.087       
# span 1 =     -0.006,      0.100       
# span 2 =     4.8682,     7.4727       
# span 3 =     61.267,     93.750       
# span 4 =     -0.006,     40.732       
# span 5 =  -0.006552,  41.848199       
# span 6 =    -4.5000,    18.9000       
# span 7 =    -0.9064,     2.2217       
# span 8 =    -2.1300,     0.3408       
# span 9 =    -2.0304,     4.1454       
# span 10 = 1.8391e+02, 2.5515e+03      
# span 11 =    -1.4576,     8.8752      
# span 12 =     -0.713,     -0.086      
# span 13 =     -1.034,     -0.124      
# span 14 =    26.2829,    30.1819      
# span 15 = 0.0000e+00, 0.0000e+00      
# interval = seconds: 0.25
# start_time = Jun 22 2026 10:54:05 [Instrument's time stamp, header]
# bad_flag = -9.990e-29
*END*
[from data line 91]
     -0.661      0.064     6.6296     87.357     29.498  30.796941     0.0000     0.9857     0.0426     0.1269 1.4651e+03     8.6335     -0.648     -0.940    29.6408 0.0000e+00
     -0.642      0.074     6.6734     87.447     33.602  34.947200     0.0000     1.0086     0.0426     0.1269 1.5499e+03     8.6184     -0.630     -0.914    29.2854 0.0000e+00
     -0.621      0.083     6.7356     87.557     36.109  37.431255     0.0000     0.9781    -0.7242     0.0846 1.5422e+03     8.7090     -0.609     -0.883    28.7880 0.0000e+00
     -0.597      0.091     6.8053     87.696     37.637  38.913502     0.0000     1.0010    -0.7242     0.0846 1.6461e+03     8.6335     -0.586     -0.849    28.2427 0.0000e+00
     -0.572      0.096     6.8699     87.869     38.570  39.797173     0.0000     1.2299    -0.7242     0.0846 1.6579e+03     8.5126     -0.561     -0.814    27.7554 0.0000e+00
     -0.546      0.099     6.9245     88.070     39.153  40.337835     0.0000     1.2337    -0.7242     0.0846 1.6848e+03     8.4824     -0.536     -0.777    27.3629 0.0000e+00
     -0.520      0.100     6.9700     88.293     39.525  40.675678     0.0000     1.2299     0.3408    -1.7343 1.8761e+03     8.3465     -0.510     -0.739    27.0619 0.0000e+00
     -0.493      0.099     7.0085     88.527     39.760  40.884850     0.0000     1.2375     0.3408    -1.7343 2.0095e+03     8.5126     -0.484     -0.702    26.8391 0.0000e+00
     -0.468      0.097     7.0422     88.764     39.907  41.013159     0.0000     1.3596     0.3408    -1.7343 2.0314e+03     8.4069     -0.459     -0.665    26.6785 0.0000e+00
     -0.443      0.094     7.0725     88.992     39.988  41.080873     0.0000     1.3825     0.3408    -1.7343 2.0751e+03     8.3465     -0.434     -0.630    26.5647 0.0000e+00
     -0.419      0.091     7.1003     89.196     40.017  41.100070    14.6700     1.3710     0.2556     2.7495 2.0796e+03     8.3767     -0.411     -0.596    26.4854 0.0000e+00
     -0.397      0.087     7.1260     89.367     40.024  41.097787    14.6700     1.3710     0.2556     2.7495 2.0558e+03     8.3918     -0.389     -0.564    26.4307 0.0000e+00
     -0.375      0.082     7.1498     89.503     40.037  41.103306    14.6700     1.5923     0.2556     2.7495 2.0630e+03     8.6335     -0.368     -0.533    26.3937 0.0000e+00
     -0.354      0.078     7.1713     89.607     40.063  41.122081    14.6700     1.6075     0.2556     2.7495 2.1369e+03     8.7241     -0.348     -0.504    26.3689 0.0000e+00
     -0.335      0.074     7.1899     89.685     40.091  41.143179    17.6400     1.5999     0.1704     3.0033 2.2494e+03     8.6788     -0.329     -0.476    26.3515 0.0000e+00
     -0.316      0.069     7.2054     89.745     40.126  41.172226    17.6400     1.6114     0.1704     3.0033 2.3068e+03     8.7543     -0.311     -0.450    26.3380 0.0000e+00
     -0.300      0.065     7.2178     89.793     40.183  41.224938    17.6400     1.7220     0.1704     3.0033 2.3209e+03     8.4220     -0.294     -0.426    26.3267 0.0000e+00
     -0.284      0.062     7.2275     89.843     40.275  41.315370    17.6400     1.7334     0.1704     3.0033 2.3534e+03     8.3465     -0.279     -0.404    26.3166 0.0000e+00
     -0.270      0.060     7.2351     89.908     40.412  41.453690    17.6400     1.7373     0.1704     3.0033 2.3682e+03     8.4522     -0.265     -0.384    26.3070 0.0000e+00
     -0.255      0.057     7.2410     90.005     40.532  41.577151    17.7300     1.7258     0.1278     3.0456 2.3508e+03     8.3465     -0.251     -0.363    26.2981 0.0000e+00
     -0.240      0.055     7.2459     90.131     40.556  41.603101    17.7300     1.9700     0.1278     3.0456 2.3780e+03     8.7845     -0.236     -0.342    26.2908 0.0000e+00
     -0.226      0.051     7.2506     90.258     40.520  41.568353    17.7300     1.9509     0.1278     3.0456 2.3416e+03     8.8752     -0.221     -0.321    26.2856 0.0000e+00
     -0.212      0.047     7.2563     90.366     40.512  41.563272    17.7300     1.9623     0.1278     3.0456 2.2567e+03     8.8601     -0.208     -0.301    26.2830 0.0000e+00
     -0.200      0.042     7.2641     90.446     40.571  41.630340    18.0000     1.9738     0.1704     3.2148 2.1697e+03     8.8601     -0.196     -0.285    26.2829 0.0000e+00
     -0.191      0.037     7.2740     90.496     40.669  41.743606    18.0000     1.9776     0.1704     3.2148 2.0496e+03     8.3918     -0.187     -0.272    26.2847 0.0000e+00
     -0.183      0.032     7.2840     90.517     40.732  41.831647    18.0000     1.9928     0.1704     3.2148 2.0496e+03     8.4371     -0.180     -0.261    26.2872 0.0000e+00
     -0.176      0.027     7.2922     90.507     40.715  41.848199    18.0000     1.9890     0.1704     3.2148 2.1198e+03     8.3465     -0.173     -0.251    26.2910 0.0000e+00
     -0.170      0.023     7.2976     90.471     40.632  41.801665    18.0900     1.9967     0.2130     3.4686 2.2212e+03     8.3767     -0.167     -0.242    26.2992 0.0000e+00
     -0.164      0.020     7.2994     90.417     40.530  41.729455    18.0900     1.9127     0.2130     3.4686 2.2933e+03     8.4069     -0.161     -0.234    26.3156 0.0000e+00
     -0.160      0.017     7.2973     90.357     40.442  41.656156    18.0900     1.9089     0.2130     3.4686 2.3188e+03     8.3767     -0.157     -0.227    26.3438 0.0000e+00
     -0.156      0.014     7.2910     90.295     40.370  41.584140    18.0900     1.9013     0.2130     3.4686 2.3008e+03     8.4975     -0.153     -0.222    26.3857 0.0000e+00
     -0.153      0.012     7.2817     90.229     40.309  41.510145    18.0900     1.9127     0.2130     3.4686 2.2715e+03     8.3162     -0.150     -0.218    26.4343 0.0000e+00
     -0.150      0.010     7.2721     90.159     40.244  41.426391    17.9100     1.6686     0.1704     3.4263 2.2498e+03     8.4371     -0.147     -0.214    26.4746 0.0000e+00
     -0.148      0.008     7.2645     90.093     40.165  41.326485    17.9100     1.6724     0.1704     3.4263 2.2440e+03     8.3465     -0.145     -0.211    26.4958 0.0000e+00
     -0.147      0.007     7.2593     90.032     40.073  41.213673    17.9100     1.6495     0.1704     3.4263 2.2670e+03     8.4069     -0.144     -0.209    26.4973 0.0000e+00
     -0.145      0.006     7.2556     89.970     39.975  41.097723    17.9100     1.6571     0.1704     3.4263 2.2818e+03     8.3162     -0.142     -0.206    26.4845 0.0000e+00
     -0.144      0.005     7.2528     89.897     39.890  40.997528    18.0000     1.7983     0.2130     3.3840 2.2893e+03     8.3767     -0.141     -0.204    26.4633 0.0000e+00
     -0.142      0.005     7.2505     89.800     39.834  40.930205    18.0000     1.7830     0.2130     3.3840 2.2863e+03     8.3162     -0.140     -0.203    26.4395 0.0000e+00
     -0.141      0.004     7.2487     89.663     39.804  40.893744    18.0000     1.8097     0.2130     3.3840 2.2769e+03     8.4220     -0.139     -0.201    26.4168 0.0000e+00
     -0.140      0.004     7.2462     89.478     39.786  40.870449    18.0000     1.8135     0.2130     3.3840 2.2734e+03     8.3767     -0.138     -0.200    26.3972 0.0000e+00
     -0.140      0.003     7.2423     89.240     39.770  40.852116    18.0900     1.6762     0.1278     3.3417 2.2734e+03     8.1048     -0.137     -0.199    26.3816 0.0000e+00
     -0.139      0.003     7.2360     88.946     39.767  40.847804    18.0900     1.6724     0.1278     3.3417 2.2764e+03     8.1501     -0.136     -0.198    26.3699 0.0000e+00
     -0.138      0.003     7.2261     88.598     39.778  40.858357    18.0900     1.6610     0.1278     3.3417 2.2863e+03     8.1199     -0.136     -0.197    26.3618 0.0000e+00
     -0.137      0.003     7.2119     88.200     39.791  40.872640    18.0900     1.6571     0.1278     3.3417 2.2903e+03     8.0443     -0.135     -0.196    26.3566 0.0000e+00
     -0.137      0.003     7.1931     87.744     39.797  40.878523    18.0000     1.6495     0.1704     3.2571 1.8761e+03     8.4522     -0.134     -0.195    26.3536 0.0000e+00
     -0.136      0.002     7.1696     87.203     39.788  40.869602    18.0000     1.6648     0.1704     3.2571 1.7270e+03     8.4220     -0.134     -0.194    26.3522 0.0000e+00
     -0.136      0.002     7.1416     86.534     39.771  40.851470    18.0000     1.6724     0.1704     3.2571 1.7734e+03     8.4371     -0.133     -0.193    26.3520 0.0000e+00
     -0.135      0.002     7.1095     85.699     39.752  40.831247    18.0000     1.6800     0.1704     3.2571 1.8486e+03     8.4069     -0.133     -0.192    26.3522 0.0000e+00
     -0.135      0.002     7.0727     84.715     39.733  40.811510    18.0000     1.7792     0.1704     3.2571 1.7222e+03     8.4220     -0.132     -0.191    26.3525 0.0000e+00
     -0.134      0.001     7.0291     83.712     39.719  40.796959    18.1800     1.7868     0.1278     3.4686 1.7084e+03     8.4673     -0.132     -0.191    26.3524 0.0000e+00
     -0.134      0.001     6.9752     82.877     39.712  40.789692    18.1800     1.7945     0.1278     3.4686 1.7210e+03     8.3767     -0.131     -0.190    26.3522 0.0000e+00
     -0.134      0.001     6.9079     82.327     39.708  40.785777    18.1800     1.7945     0.1278     3.4686 1.6884e+03     8.4371     -0.131     -0.190    26.3518 0.0000e+00
     -0.134      0.001     6.8286     82.044     39.705  40.782178    18.1800     1.7945     0.1278     3.4686 1.7184e+03     8.3162     -0.131     -0.190    26.3514 0.0000e+00
     -0.133      0.000     6.7478     81.902     39.702  40.779928    18.1800     1.7792     0.1704     3.5955 1.7623e+03     8.3465     -0.131     -0.190    26.3509 0.0000e+00
     -0.133      0.000     6.6806     81.745     39.702  40.780420    18.1800     1.7868     0.1704     3.5955 1.7342e+03     8.4371     -0.131     -0.190    26.3507 0.0000e+00
     -0.133      0.000     6.6363     81.444     39.703  40.781792    18.1800     1.8021     0.1704     3.5955 1.7184e+03     8.3918     -0.130     -0.190    26.3506 0.0000e+00
     -0.133      0.000     6.6135     80.925     39.703  40.782418    18.1800     1.8517     0.1704     3.5955 1.7222e+03     8.7090     -0.130     -0.189    26.3508 0.0000e+00
     -0.133      0.000     6.6020     80.175     39.702  40.782465    18.3600     1.8708     0.1278     3.6801 1.7482e+03     8.6033     -0.130     -0.189    26.3513 0.0000e+00
     -0.133      0.000     6.5892     79.249     39.701  40.783937    18.3600     1.8402     0.1278     3.6801 1.7436e+03     8.6788     -0.130     -0.189    26.3519 0.0000e+00
     -0.133     -0.001     6.5649     78.261     39.706  40.791213    18.3600     1.8441     0.1278     3.6801 1.7414e+03     8.6033     -0.130     -0.190    26.3528 0.0000e+00
     -0.133     -0.001     6.5229     77.354     39.720  40.808225    18.3600     1.9204     0.1278     3.6801 1.7106e+03     8.4220     -0.131     -0.190    26.3539 0.0000e+00
     -0.133     -0.002     6.4623     76.659     39.742  40.833533    18.1800     1.8975     0.1278     3.5955 1.7323e+03     8.3465     -0.131     -0.190    26.3554 0.0000e+00
     -0.134     -0.002     6.3874     76.254     39.755  40.849974    18.1800     1.9127     0.1278     3.5955 1.6984e+03     8.4220     -0.131     -0.190    26.3575 0.0000e+00
     -0.134     -0.003     6.3074     76.155     39.746  40.844001    18.1800     1.8937     0.1278     3.5955 1.7711e+03     8.3465     -0.132     -0.191    26.3602 0.0000e+00
     -0.135     -0.004     6.2340     76.347     39.727  40.825975    18.1800     1.9204     0.1278     3.5955 1.7010e+03     8.1199     -0.133     -0.192    26.3633 0.0000e+00
     -0.137     -0.004     6.1776     76.784     39.709  40.809023    18.1800     1.9165     0.1278     3.5955 1.7696e+03     8.1501     -0.134     -0.194    26.3668 0.0000e+00
     -0.138     -0.003     6.1445     77.373     39.699  40.800580    18.2700     1.9280     0.1278     3.4686 1.8647e+03     8.1803     -0.136     -0.196    26.3707 0.0000e+00
     -0.139     -0.002     6.1361     77.981     39.699  40.802380    18.2700     1.9280     0.1278     3.4686 1.8466e+03     8.1803     -0.137     -0.198    26.3746 0.0000e+00
     -0.140     -0.001     6.1512     78.506     39.702  40.806932    18.2700     1.8517     0.1278     3.4686 1.8422e+03     8.0594     -0.137     -0.199    26.3773 0.0000e+00
     -0.140      0.001     6.1863     78.910     39.699  40.805487    18.2700     1.8441     0.1278     3.4686 1.8235e+03     8.1501     -0.137     -0.199    26.3791 0.0000e+00
     -0.139      0.002     6.2335     79.204     39.694  40.799654    18.2700     1.8288     0.1704     3.6378 1.8199e+03     8.1501     -0.136     -0.197    26.3811 0.0000e+00
     -0.138      0.003     6.2822     79.418     39.689  40.793854    18.2700     1.8212     0.1704     3.6378 1.9207e+03     8.2709     -0.135     -0.196    26.3835 0.0000e+00
     -0.137      0.003     6.3242     79.587     39.682  40.784549    18.2700     2.0348     0.1704     3.6378 1.6727e+03     8.1350     -0.134     -0.195    26.3856 0.0000e+00
     -0.136      0.003     6.3567     79.744     39.672  40.771248    18.2700     2.0501     0.1704     3.6378 1.7222e+03     8.1501     -0.133     -0.193    26.3868 0.0000e+00
     -0.135      0.002     6.3803     79.900     39.664  40.760367    18.3600     2.0157     0.2130     3.6801 1.7117e+03     8.2105     -0.133     -0.192    26.3868 0.0000e+00
     -0.134      0.001     6.3976     80.030     39.667  40.760961    18.3600     2.0272     0.2130     3.6801 1.6702e+03     8.0594     -0.132     -0.191    26.3856 0.0000e+00
     -0.134      0.000     6.4116     80.091     39.687  40.779165    18.3600     1.9852     0.2130     3.6801 1.6386e+03     8.1803     -0.132     -0.191    26.3829 0.0000e+00
     -0.134      0.000     6.4247     80.024     39.717  40.809871    18.3600     1.9700     0.2130     3.6801 1.6862e+03     8.1652     -0.132     -0.191    26.3793 0.0000e+00
     -0.134     -0.001     6.4377     79.771     39.739  40.833371    18.3600     1.9661     0.2130     3.6801 1.6914e+03     8.0443     -0.132     -0.191    26.3758 0.0000e+00
     -0.135     -0.002     6.4485     79.303     39.746  40.841983    18.3600     1.9776     0.1278     3.7224 1.7920e+03     8.1652     -0.133     -0.192    26.3727 0.0000e+00
     -0.136     -0.002     6.4537     78.637     39.756  40.853945    18.3600     1.9776     0.1278     3.7224 1.6826e+03     8.4069     -0.133     -0.193    26.3704 0.0000e+00
     -0.136     -0.002     6.4484     77.829     39.781  40.880418    18.3600     1.9738     0.1278     3.7224 1.9416e+03     8.4069     -0.134     -0.194    26.3697 0.0000e+00
     -0.137     -0.002     6.4279     76.944     39.807  40.908535    18.3600     1.9661     0.1278     3.7224 2.0603e+03     8.3767     -0.134     -0.195    26.3709 0.0000e+00
     -0.138     -0.001     6.3899     76.032     39.817  40.921883    18.3600     1.9661     0.1704     3.5955 2.0496e+03     8.3162     -0.135     -0.196    26.3729 0.0000e+00
     -0.138      0.000     6.3361     75.137     39.809  40.916052    18.3600     1.9776     0.1704     3.5955 2.0505e+03     8.3465     -0.135     -0.196    26.3742 0.0000e+00
     -0.138      0.000     6.2709     74.303     39.788  40.897456    18.3600     1.9585     0.1704     3.5955 2.1739e+03     8.3616     -0.135     -0.196    26.3752 0.0000e+00
     -0.137      0.001     6.1993     73.573     39.775  40.885049    18.3600     1.9814     0.1704     3.5955 1.8006e+03     8.3465     -0.135     -0.195    26.3773 0.0000e+00
     -0.137      0.001     6.1255     72.973     39.783  40.895446    18.3600     1.9890     0.1704     3.8070 1.7781e+03     8.4371     -0.134     -0.195    26.3807 0.0000e+00
     -0.136      0.002     6.0530     72.490     39.808  40.923451    18.3600     2.0310     0.1704     3.8070 1.9459e+03     8.3616     -0.134     -0.194    26.3844 0.0000e+00
