Data/DataNotYetUploadedToEDI/Raw_CTD/RawDownloads/062226_fcr50_S7809013.cnv
* Sea-Bird SBE19plus  Data File:
* FileName = C:\R\Reservoirs\Data\DataNotYetUploadedToEDI\Raw_CTD\RawDownloads\062926_fcr50_S7809_0013.hex
* Software version 2.8.0.119
* Temperature SN = 7809
* Conductivity SN = 7809
* System UpLoad Time = Jun 30 2026 09:06:56
* <ApplicationData>
* <Seaterm232>
# nquan = 15
# nvalues = 1313                        
# units = specified
# name 0 = depFM: Depth [fresh water, m]
# name 1 = dz/dtM: Descent Rate [m/s]
# name 2 = sbeox0Mg/L: Oxygen, SBE 43 [mg/l]
# name 3 = sbeox0PS: Oxygen, SBE 43 [% saturation]
# name 4 = specc: Specific Conductance [uS/cm]
# name 5 = c0uS/cm: Conductivity [uS/cm]
# name 6 = flECO-AFL: Fluorescence, WET Labs ECO-AFL/FL [mg/m^3]
# name 7 = ph: pH
# name 8 = orp: Oxidation Reduction Potential [mV]
# name 9 = par/sat/log: PAR/Logarithmic, Satlantic
# name 10 = turbWETntu0: Turbidity, WET Labs ECO [NTU]
# name 11 = prdM: Pressure, Strain Gauge [db]
# name 12 = prdE: Pressure, Strain Gauge [psi]
# name 13 = tv290C: Temperature [ITS-90, deg C]
# name 14 = flag:  0.000e+00
# span 0 =     -0.641,      9.585       
# span 1 =     -0.115,      0.161       
# span 2 =    -0.5688,    11.9676       
# span 3 =     -4.812,    143.677       
# span 4 =      0.810,    189.262       
# span 5 =   0.984890, 131.051801       
# span 6 =    -1.8154,     4.9594       
# span 7 =      8.229,     12.678       
# span 8 = -1240.7455,   249.9080       
# span 9 = 1.2315e-01, 2.1250e+03       
# span 10 =    -0.4553,    80.7477      
# span 11 =     -0.629,      9.401      
# span 12 =     -0.912,     13.635      
# span 13 =     9.6144,    35.9253      
# span 14 = 0.0000e+00, 0.0000e+00      
# interval = seconds: 0.25
# start_time = Jun 22 2026 11:34:10 [Instrument's time stamp, header]
# bad_flag = -9.990e-29
*END*
[from data line 482]
      2.057      0.025     0.0198      0.043     43.965  38.419324     4.5213     11.558    17.3811 7.6956e+00     1.9377      2.016      2.924    18.7766 0.0000e+00
      2.062      0.020     0.0258     -0.067     43.940  38.390067     4.3939     11.551    15.2126 7.6215e+00     1.8107      2.021      2.931    18.7622 0.0000e+00
      2.067      0.015     0.0267     -0.157     43.875  38.356991     4.3732     11.543    14.9907 7.5525e+00     1.8151      2.029      2.943    18.7978 0.0000e+00
      2.072      0.011     0.0162     -0.224     43.822  38.336726     4.3451     11.536    16.5052 7.5199e+00     1.9225      2.033      2.949    18.7500 0.0000e+00
      2.073      0.008     0.0031     -0.278     43.797  38.335446     4.3046     11.530    17.2627 7.5141e+00     1.9818      2.033      2.949    18.6619 0.0000e+00
      2.074      0.005    -0.0064     -0.311     43.792  38.341551     4.2746     11.522    16.0621 7.5090e+00     1.8832      2.034      2.950    18.6667 0.0000e+00
      2.074      0.003    -0.0160     -0.315     43.805  38.347096     4.2647     11.514    13.9483 7.5065e+00     1.7891      2.034      2.951    18.7119 0.0000e+00
      2.074      0.001    -0.0209     -0.313     43.817  38.339025     4.2517     11.508    13.2143 7.5161e+00     1.8346      2.034      2.950    18.7358 0.0000e+00
      2.074      0.001    -0.0264     -0.325     43.813  38.307408     4.2506     11.503    13.4691 7.5257e+00     1.9557      2.034      2.950    18.7663 0.0000e+00
      2.075      0.001    -0.0305     -0.334     43.814  38.282062     4.2434     11.497    14.0169 7.5293e+00     1.9548      2.035      2.951    18.7802 0.0000e+00
      2.075      0.001    -0.0294     -0.315     43.828  38.286364     4.2230     11.490    14.2451 7.5306e+00     1.8576      2.035      2.951    18.7692 0.0000e+00
      2.075      0.002    -0.0282     -0.272     43.822  38.295958     4.2121     11.485    13.2177 7.5227e+00     1.8393      2.035      2.951    18.7514 0.0000e+00
      2.075      0.004    -0.0304     -0.227     43.833  38.334619     4.1859     11.479    12.3494 7.5109e+00     1.9052      2.035      2.952    18.7121 0.0000e+00
      2.076      0.006    -0.0326     -0.182     43.833  38.373104     4.1476     11.473    12.1783 7.4990e+00     2.0056      2.036      2.953    18.6726 0.0000e+00
      2.077      0.008    -0.0301     -0.127     43.785  38.380577     4.1151     11.466    12.2669 7.4759e+00     1.9942      2.037      2.954    18.6631 0.0000e+00
      2.080      0.011    -0.0254     -0.081     43.805  38.425032     4.0855     11.461    12.7325 7.4195e+00     1.8700      2.040      2.958    18.6864 0.0000e+00
      2.085      0.014    -0.0204     -0.033     43.896  38.466445     4.0886     11.457    13.1624 7.3465e+00     1.8014      2.044      2.965    18.7220 0.0000e+00
      2.089      0.016    -0.0182      0.029     43.980  38.437042     4.1363     11.453    13.0762 7.3045e+00     1.8481      2.047      2.970    18.7572 0.0000e+00
      2.092      0.017    -0.0111      0.057     44.071  38.386674     4.1789     11.449    12.5504 7.2740e+00     1.9566      2.051      2.975    18.8299 0.0000e+00
      2.097      0.018    -0.0069      0.050     44.186  38.364944     4.1793     11.446    12.0531 7.2182e+00     1.9516      2.057      2.982    18.8885 0.0000e+00
      2.102      0.018    -0.0053      0.040     44.300  38.364523     4.1163     11.443    11.7964 7.1541e+00     1.8216      2.062      2.991    18.8400 0.0000e+00
      2.106      0.018     0.0052      0.009     44.408  38.381460     4.0165     11.439    12.8021 7.0981e+00     1.7516      2.066      2.997    18.7046 0.0000e+00
      2.111      0.019     0.0067     -0.060     44.467  38.379251     3.9716     11.434    14.5764 7.0369e+00     1.8216      2.069      3.002    18.5411 0.0000e+00
      2.116      0.020     0.0038     -0.147     44.398  38.274291     3.9891     11.430    14.9239 6.9642e+00     1.9852      2.075      3.009    18.3981 0.0000e+00
      2.120      0.023     0.0049     -0.239     44.228  38.064216     3.9951     11.426    13.9917 6.8983e+00     2.0222      2.080      3.018    18.2895 0.0000e+00
      2.125      0.027     0.0024     -0.347     44.097  37.869811     3.9690     11.424    12.9416 6.8421e+00     1.8927      2.082      3.020    18.1982 0.0000e+00
      2.132      0.032    -0.0051     -0.462     44.139  37.827375     3.9485     11.422    13.5843 6.7549e+00     1.8199      2.087      3.028    18.1453 0.0000e+00
      2.142      0.038    -0.0141     -0.547     44.269  37.868310     3.9469     11.418    15.6541 6.6359e+00     1.8596      2.101      3.046    18.1128 0.0000e+00
      2.153      0.043    -0.0221     -0.602     44.329  37.857009     3.8584     11.413    16.3706 6.5120e+00     1.9626      2.111      3.062    18.0349 0.0000e+00
      2.164      0.046    -0.0320     -0.649     44.349  37.817579     3.6526     11.408    15.4510 6.3809e+00     1.9724      2.121      3.077    17.9308 0.0000e+00
      2.178      0.047    -0.0456     -0.683     44.351  37.772236     3.5146     11.403    14.1712 6.2567e+00     1.8409      2.136      3.098    17.8430 0.0000e+00
      2.193      0.046    -0.0532     -0.698     44.302  37.689449     3.5046     11.398    13.5445 6.1464e+00     1.8076      2.151      3.120    17.7658 0.0000e+00
      2.205      0.046    -0.0572     -0.713     44.223  37.578032     3.4477     11.393    14.2410 6.0528e+00     1.9459      2.164      3.138    17.6924 0.0000e+00
      2.214      0.045    -0.0624     -0.731     44.204  37.503798     3.2928     11.387    15.4513 5.9858e+00     2.0789      2.172      3.149    17.6286 0.0000e+00
      2.223      0.043    -0.0663     -0.736     44.268  37.489838     3.1803     11.381    15.7018 5.8989e+00     2.0490      2.178      3.160    17.5759 0.0000e+00
      2.234      0.041    -0.0666     -0.741     44.325  37.472614     3.1363     11.376    15.3770 5.7870e+00     1.8924      2.190      3.177    17.5323 0.0000e+00
      2.248      0.040    -0.0675     -0.746     44.337  37.422377     3.1354     11.371    14.9665 5.7114e+00     1.8593      2.206      3.199    17.4904 0.0000e+00
      2.258      0.038    -0.0711     -0.747     44.366  37.389996     3.1440     11.364    14.6961 5.6526e+00     1.9898      2.215      3.214    17.4235 0.0000e+00
      2.267      0.037    -0.0702     -0.748     44.441  37.398306     3.1071     11.357    15.0331 5.5705e+00     2.0691      2.222      3.223    17.3366 0.0000e+00
      2.275      0.034    -0.0711     -0.738     44.506  37.395869     3.0639     11.352    15.3410 5.4889e+00     1.9979      2.232      3.237    17.2634 0.0000e+00
      2.282      0.032    -0.0723     -0.715     44.535  37.360463     3.0298     11.347    15.3216 5.4125e+00     1.8470      2.238      3.246    17.1967 0.0000e+00
      2.290      0.032    -0.0715     -0.701     44.597  37.350873     2.9438     11.342    15.0561 5.3279e+00     1.7819      2.245      3.256    17.1320 0.0000e+00
      2.298      0.033    -0.0726     -0.709     44.738  37.406745     2.8157     11.337    14.6261 5.2520e+00     1.7579      2.255      3.270    17.0739 0.0000e+00
      2.307      0.034    -0.0722     -0.731     44.885  37.464835     2.7457     11.332    14.2528 5.1828e+00     1.6929      2.262      3.281    17.0099 0.0000e+00
      2.315      0.034    -0.0683     -0.737     44.974  37.482053     2.7214     11.327    13.9841 5.1053e+00     1.6454      2.269      3.291    16.9404 0.0000e+00
      2.325      0.033    -0.0675     -0.730     45.022  37.487941     2.7222     11.322    13.8723 5.0187e+00     1.6606      2.278      3.304    16.8711 0.0000e+00
      2.336      0.031    -0.0677     -0.735     45.017  37.472529     2.7807     11.316    13.7616 4.9281e+00     1.7748      2.291      3.323    16.8053 0.0000e+00
      2.345      0.029    -0.0720     -0.747     44.954  37.422614     2.8294     11.311    13.4197 4.8514e+00     1.7964      2.302      3.339    16.7292 0.0000e+00
      2.350      0.029    -0.0727     -0.747     44.912  37.392068     2.8281     11.305    12.4056 4.7960e+00     1.7166      2.305      3.344    16.6546 0.0000e+00
      2.353      0.030    -0.0700     -0.732     44.952  37.420487     2.7557     11.299    10.9645 4.7491e+00     1.6984      2.306      3.345    16.6192 0.0000e+00
      2.358      0.031    -0.0715     -0.723     44.977  37.448940     2.6362     11.292    10.1922 4.6837e+00     1.7125      2.310      3.351    16.6141 0.0000e+00
      2.367      0.034    -0.0731     -0.733     44.875  37.418806     2.5917     11.283    10.0362 4.5883e+00     1.7846      2.322      3.367    16.6153 0.0000e+00
      2.378      0.039    -0.0739     -0.750     44.734  37.373493     2.6087     11.276     9.8534 4.4816e+00     1.7855      2.332      3.382    16.6319 0.0000e+00
      2.390      0.041    -0.0708     -0.766     44.649  37.345348     2.5912     11.270     9.5304 4.3898e+00     1.6542      2.344      3.399    16.6189 0.0000e+00
      2.403      0.041    -0.0694     -0.769     44.616  37.332385     2.5299     11.263     8.9700 4.3365e+00     1.5638      2.359      3.420    16.5975 0.0000e+00
      2.414      0.040    -0.0714     -0.754     44.629  37.343680     2.4673     11.256     8.3261 4.2969e+00     1.6145      2.367      3.433    16.6803 0.0000e+00
      2.424      0.037    -0.0729     -0.742     44.674  37.355010     2.4504     11.251     7.9402 4.2392e+00     1.7553      2.377      3.448    16.7880 0.0000e+00
      2.433      0.032    -0.0745     -0.743     44.725  37.342429     2.4669     11.246     7.6595 4.1769e+00     1.7629      2.388      3.463    16.8293 0.0000e+00
      2.440      0.027    -0.0758     -0.752     44.769  37.318408     2.4921     11.240     7.4269 4.1176e+00     1.7066      2.393      3.470    16.8337 0.0000e+00
      2.447      0.022    -0.0727     -0.755     44.839  37.318320     2.5294     11.234     7.3658 4.0687e+00     1.7921      2.400      3.481    16.8447 0.0000e+00
      2.454      0.017    -0.0713     -0.748     44.932  37.341298     2.5594     11.229     7.3506 4.0336e+00     1.9422      2.408      3.492    16.8230 0.0000e+00
      2.457      0.012    -0.0719     -0.738     44.977  37.342333     2.5813     11.223     7.2431 4.0027e+00     2.0530      2.410      3.495    16.7382 0.0000e+00
      2.458      0.008    -0.0733     -0.735     44.991  37.330798     2.5865     11.218     7.0982 3.9842e+00     2.0046      2.410      3.496    16.6733 0.0000e+00
      2.458      0.004    -0.0742     -0.746     45.022  37.328712     2.5640     11.212     6.8895 3.9759e+00     1.8688      2.411      3.496    16.6131 0.0000e+00
      2.459      0.002    -0.0727     -0.753     45.037  37.317074     2.5672     11.207     6.5265 3.9645e+00     1.8797      2.411      3.497    16.5384 0.0000e+00
      2.459      0.002    -0.0722     -0.751     45.051  37.316962     2.6081     11.202     6.1506 3.9481e+00     2.0006      2.412      3.498    16.5023 0.0000e+00
      2.459      0.003    -0.0707     -0.759     45.089  37.327347     2.6251     11.197     5.8720 3.9291e+00     2.0667      2.412      3.498    16.4888 0.0000e+00
      2.460      0.003    -0.0731     -0.762     45.132  37.315711     2.5988     11.192     5.8256 3.9140e+00     1.9949      2.413      3.499    16.4541 0.0000e+00
      2.461      0.004    -0.0748     -0.747     45.165  37.303119     2.5645     11.187     5.8478 3.9039e+00     1.8502      2.413      3.500    16.4132 0.0000e+00
      2.462      0.005    -0.0721     -0.744     45.155  37.301954     2.5690     11.182     5.5387 3.8861e+00     1.8194      2.415      3.501    16.4162 0.0000e+00
      2.464      0.008    -0.0746     -0.756     45.098  37.301624     2.6362     11.176     4.6686 3.8632e+00     1.8624      2.417      3.505    16.4095 0.0000e+00
      2.465      0.011    -0.0759     -0.749     45.077  37.299199     2.7117     11.171     3.6732 3.8477e+00     1.8235      2.417      3.507    16.3314 0.0000e+00
      2.466      0.016    -0.0727     -0.731     45.118  37.272661     2.7237     11.168     3.3118 3.8339e+00     1.7250      2.418      3.507    16.2734 0.0000e+00
      2.470      0.021    -0.0716     -0.728     45.176  37.234504     2.6981     11.165     3.5697 3.8062e+00     1.6284      2.420      3.510    16.2755 0.0000e+00
      2.477      0.026    -0.0756     -0.713     45.248  37.218466     2.7687     11.162     3.9517 3.7660e+00     1.7138      2.428      3.521    16.3645 0.0000e+00
      2.487      0.030    -0.0743     -0.703     45.309  37.205564     2.9278     11.158     3.8861 3.7190e+00     1.9033      2.439      3.537    16.4172 0.0000e+00
      2.497      0.031    -0.0694     -0.725     45.359  37.205330     3.0072     11.154     2.6908 3.6690e+00     1.9390      2.449      3.552    16.3032 0.0000e+00
      2.506      0.030    -0.0734     -0.743     45.386  37.215591     2.9971     11.149     0.9425 3.6383e+00     1.9053      2.459      3.565    16.1981 0.0000e+00
      2.514      0.027    -0.0701     -0.744     45.369  37.202709     2.9799     11.144     0.2134 3.6189e+00     1.8379      2.465      3.575    16.1248 0.0000e+00
      2.520      0.023    -0.0668     -0.754     45.348  37.176488     3.0576     11.140     0.6727 3.6033e+00     1.8758      2.472      3.586    16.0417 0.0000e+00
      2.525      0.019    -0.0724     -0.768     45.348  37.152366     3.2122     11.136     1.3330 3.5959e+00     2.0565      2.478      3.593    15.9958 0.0000e+00
      2.528      0.016    -0.0744     -0.772     45.398  37.164843     3.2930     11.131     0.6263 3.5846e+00     2.1437      2.478      3.595    15.9879 0.0000e+00
      2.530      0.014    -0.0726     -0.768     45.465  37.200393     3.3018     11.126    -1.1612 3.5658e+00     2.1447      2.480      3.596    16.0022 0.0000e+00
      2.534      0.013    -0.0740     -0.761     45.484  37.201443     3.3932     11.121    -2.1256 3.5401e+00     2.2048      2.485      3.603    15.9964 0.0000e+00
      2.539      0.013    -0.0768     -0.760     45.463  37.177529     3.6081     11.115    -2.3433 3.5154e+00     2.3913      2.490      3.612    15.9601 0.0000e+00
      2.542      0.014    -0.0762     -0.755     45.433  37.165064     3.7603     11.109    -2.1596 3.4961e+00     2.4869      2.493      3.615    15.9227 0.0000e+00
      2.545      0.014    -0.0765     -0.747     45.419  37.177648     3.7935     11.104    -1.7108 3.4800e+00     2.4045      2.495      3.619    15.9064 0.0000e+00
      2.548      0.014    -0.0746     -0.746     45.424  37.202800     3.9091     11.100    -2.2516 3.4685e+00     2.4207      2.499      3.625    15.8893 0.0000e+00
      2.551      0.013    -0.0756     -0.756     45.427  37.215385     4.1434     11.096    -3.7951 3.4570e+00     2.6139      2.502      3.629    15.8748 0.0000e+00
      2.555      0.013    -0.0750     -0.781     45.409  37.202911     4.2954     11.092    -4.9719 3.4365e+00     2.7930      2.506      3.633    15.8923 0.0000e+00
      2.560      0.012    -0.0733     -0.799     45.380  37.178893     4.3494     11.087    -5.3814 3.4175e+00     2.8097      2.511      3.642    15.9254 0.0000e+00
      2.563      0.010    -0.0737     -0.797     45.381  37.178800     4.4629     11.081    -5.4763 3.4116e+00     2.7472      2.514      3.646    15.9519 0.0000e+00
      2.565      0.009    -0.0736     -0.787     45.407  37.201781     4.6439     11.076    -5.5168 3.4066e+00     2.7553      2.515      3.647    15.9620 0.0000e+00
      2.566      0.009    -0.0776     -0.782     45.417  37.202936     4.7399     11.071    -5.9571 3.3974e+00     2.8403      2.516      3.649    15.9604 0.0000e+00
      2.566      0.013    -0.0801     -0.783     45.462  37.192776     4.7248     11.067    -7.1863 3.3989e+00     2.9202      2.517      3.650    15.9615 0.0000e+00
      2.567      0.019    -0.0790     -0.772     45.576  37.205787     4.4609     11.065    -8.4197 3.3986e+00     2.8674      2.517      3.650    15.9587 0.0000e+00
