Data/DataNotYetUploadedToEDI/Raw_CTD/RawDownloads/062226_fcr50_S7809013.cnv
* Sea-Bird SBE19plus  Data File:
* FileName = C:\R\Reservoirs\Data\DataNotYetUploadedToEDI\Raw_CTD\RawDownloads\062926_fcr50_S7809_0013.hex
* Software version 2.8.0.119
* Temperature SN = 7809
* Conductivity SN = 7809
* System UpLoad Time = Jun 30 2026 09:06:56
* <ApplicationData>
* <Seaterm232>
# nquan = 15
# nvalues = 1313                        
# units = specified
# name 0 = depFM: Depth [fresh water, m]
# name 1 = dz/dtM: Descent Rate [m/s]
# name 2 = sbeox0Mg/L: Oxygen, SBE 43 [mg/l]
# name 3 = sbeox0PS: Oxygen, SBE 43 [% saturation]
# name 4 = specc: Specific Conductance [uS/cm]
# name 5 = c0uS/cm: Conductivity [uS/cm]
# name 6 = flECO-AFL: Fluorescence, WET Labs ECO-AFL/FL [mg/m^3]
# name 7 = ph: pH
# name 8 = orp: Oxidation Reduction Potential [mV]
# name 9 = par/sat/log: PAR/Logarithmic, Satlantic
# name 10 = turbWETntu0: Turbidity, WET Labs ECO [NTU]
# name 11 = prdM: Pressure, Strain Gauge [db]
# name 12 = prdE: Pressure, Strain Gauge [psi]
# name 13 = tv290C: Temperature [ITS-90, deg C]
# name 14 = flag:  0.000e+00
# span 0 =     -0.641,      9.585       
# span 1 =     -0.115,      0.161       
# span 2 =    -0.5688,    11.9676       
# span 3 =     -4.812,    143.677       
# span 4 =      0.810,    189.262       
# span 5 =   0.984890, 131.051801       
# span 6 =    -1.8154,     4.9594       
# span 7 =      8.229,     12.678       
# span 8 = -1240.7455,   249.9080       
# span 9 = 1.2315e-01, 2.1250e+03       
# span 10 =    -0.4553,    80.7477      
# span 11 =     -0.629,      9.401      
# span 12 =     -0.912,     13.635      
# span 13 =     9.6144,    35.9253      
# span 14 = 0.0000e+00, 0.0000e+00      
# interval = seconds: 0.25
# start_time = Jun 22 2026 11:34:10 [Instrument's time stamp, header]
# bad_flag = -9.990e-29
*END*
[from data line 97]
     -0.350      0.122     7.4742     95.607     43.326  44.445707     2.2611     10.081   -39.4726 3.0013e+02    10.8023     -0.347     -0.502    27.2476 0.0000e+00
     -0.324      0.103     7.5441     95.989     43.448  44.492707     2.2856     10.244   -33.8250 3.1489e+02    10.9729     -0.321     -0.466    26.8700 0.0000e+00
     -0.290      0.089     7.6030     96.314     43.492  44.489916     2.2776     10.378   -31.3335 3.5165e+02    10.9457     -0.281     -0.409    26.6073 0.0000e+00
     -0.263      0.079     7.6638     96.545     43.521  44.475362     2.2805     10.484   -33.4400 4.0436e+02    10.4049     -0.251     -0.365    26.4144 0.0000e+00
     -0.248      0.069     7.7205     96.654     43.537  44.443632     2.3116     10.588   -38.0432 4.1326e+02     9.5575     -0.243     -0.351    26.2631 0.0000e+00
     -0.238      0.060     7.7622     96.676     43.565  44.423577     2.3456     10.703   -41.1305 3.5220e+02     9.1722     -0.235     -0.339    26.1840 0.0000e+00
     -0.228      0.056     7.7954     96.686     43.607  44.423222     2.3754     10.819   -40.4821 3.0665e+02     9.2637     -0.224     -0.324    26.1410 0.0000e+00
     -0.218      0.057     7.8232     96.731     43.653  44.439281     2.4555     10.922   -38.0338 3.0298e+02     9.4000     -0.214     -0.309    26.0942 0.0000e+00
     -0.205      0.062     7.8373     96.803     43.658  44.427263     2.5817     11.009   -36.0498 3.0548e+02     9.4540     -0.204     -0.296    26.0355 0.0000e+00
     -0.186      0.065     7.8472     96.894     43.593  44.341363     2.6364     11.087   -34.8193 3.0839e+02     9.3701     -0.187     -0.270    25.9790 0.0000e+00
     -0.162      0.065     7.8499     96.975     43.526  44.225835     2.6499     11.160   -34.1702 3.1021e+02     9.3766     -0.157     -0.228    25.9250 0.0000e+00
     -0.140      0.062     7.8674     96.814     43.486  44.109445     2.8121     11.230   -33.9657 3.1129e+02     9.7034     -0.133     -0.193    25.8842 0.0000e+00
     -0.126      0.057     7.8625     95.291     43.487  44.013056     3.1001     11.293   -33.7229 3.1196e+02    10.0760     -0.121     -0.176    25.8776 0.0000e+00
     -0.116      0.051     7.8907     93.893     43.523  43.948904     3.2433     11.345   -32.8690 3.1219e+02    10.1577     -0.113     -0.163    25.8651 0.0000e+00
     -0.107      0.045     7.8780     96.461     43.551  43.904902     3.2292     11.385   -32.4177 3.1113e+02    10.0771     -0.105     -0.152    25.8100 0.0000e+00
     -0.097      0.042     7.9476    101.630     43.533  43.861772     3.2709     11.420   -32.8260 2.9507e+02    10.0927     -0.096     -0.139    25.7203 0.0000e+00
     -0.086      0.042     7.8446    105.711     43.481  43.808228     3.3806     11.454   -33.5045 2.6469e+02    10.2096     -0.084     -0.122    25.6039 0.0000e+00
     -0.074      0.044     7.4897    108.089     43.440  43.765306     3.4405     11.487   -33.5656 2.4534e+02    10.2945     -0.073     -0.105    25.4700 0.0000e+00
     -0.063      0.045     7.8307    109.340     43.404  43.723641     3.4290     11.515   -32.0163 2.3808e+02    10.2310     -0.063     -0.091    25.3753 0.0000e+00
     -0.051      0.044     8.4183    109.861     43.374  43.685293     3.4336     11.539   -29.6564 2.2989e+02    10.1929     -0.051     -0.073    25.3621 0.0000e+00
     -0.038      0.040     8.7151    109.693     43.379  43.682470     3.5122     11.563   -28.0049 2.2131e+02    10.4151     -0.037     -0.054    25.3739 0.0000e+00
     -0.025      0.034     8.9054    108.423     43.386  43.689502     3.5884     11.590   -28.2237 2.1723e+02    10.6975     -0.023     -0.035    25.3675 0.0000e+00
     -0.016      0.028     8.9889    105.817     43.333  43.643370     3.6060     11.619   -29.7209 2.1508e+02    10.8060     -0.013     -0.020    25.3632 0.0000e+00
     -0.012      0.021     9.0361    102.707     43.256  43.569016     3.5921     11.644   -30.9640 2.1194e+02    10.7020     -0.011     -0.016    25.3534 0.0000e+00
     -0.010      0.016     9.0335    100.004     43.244  43.552185     3.5621     11.667   -31.8965 2.1104e+02    10.1919     -0.010     -0.015    25.3383 0.0000e+00
     -0.009      0.012     8.9563     97.901     43.270  43.566807     3.5589     11.690   -32.6504 2.1058e+02     9.4885     -0.008     -0.012    25.3412 0.0000e+00
     -0.006      0.011     8.6977     96.421     43.276  43.555372     3.5954     11.712   -32.8519 2.0697e+02     9.2345     -0.006     -0.009    25.3548 0.0000e+00
     -0.002      0.011     8.4090     95.521     43.284  43.540851     3.6200     11.732   -32.5261 2.0331e+02     9.3070     -0.002     -0.003    25.3602 0.0000e+00
      0.001      0.011     8.1943     95.027     43.280  43.518141     3.5980     11.750   -32.1531 2.0342e+02     9.2715      0.002      0.002    25.3531 0.0000e+00
      0.003      0.010     8.0189     94.757     43.246  43.471175     3.5542     11.768   -31.8694 2.0577e+02     9.1479      0.003      0.005    25.3403 0.0000e+00
      0.006      0.008     7.9025     94.532     43.198  43.417286     3.5491     11.783   -31.5910 2.0725e+02     9.1442      0.006      0.009    25.3182 0.0000e+00
      0.008      0.006     7.8385     94.136     43.153  43.374343     3.5781     11.795   -30.7651 2.0708e+02     9.2607      0.009      0.012    25.2891 0.0000e+00
      0.010      0.004     7.8071     93.553     43.102  43.332800     3.5961     11.805   -29.4552 2.0669e+02     9.2596      0.010      0.014    25.2656 0.0000e+00
      0.010      0.003     7.7906     93.238     43.055  43.295846     3.5837     11.816   -29.6919 2.0621e+02     9.0966      0.010      0.015    25.2512 0.0000e+00
      0.010      0.001     7.7804     93.728     43.065  43.308384     3.5534     11.829   -31.4765 2.0702e+02     8.9285      0.010      0.015    25.2446 0.0000e+00
      0.010      0.001     7.7531     95.192     43.120  43.357453     3.5374     11.847   -31.5015 2.1078e+02     8.8674      0.011      0.015    25.2468 0.0000e+00
      0.010      0.002     7.6850     97.406     43.155  43.381347     3.5401     11.869   -29.5635 2.1566e+02     9.0068      0.009      0.013    25.2617 0.0000e+00
      0.010      0.004     7.6371    100.019     43.124  43.343368     3.5526     11.891   -28.4355 2.2077e+02     9.2475      0.010      0.014    25.2790 0.0000e+00
      0.011      0.005     7.6737    102.801     43.059  43.279082     3.5385     11.912   -28.8765 2.2499e+02     9.2839      0.011      0.016    25.2812 0.0000e+00
      0.013      0.007     7.8023    105.504     43.016  43.238804     3.5034     11.933   -30.0774 2.3129e+02     9.1736      0.013      0.018    25.2717 0.0000e+00
      0.016      0.009     8.0021    107.905     43.013  43.237212     3.5189     11.953   -30.3075 2.5049e+02     9.2118      0.016      0.023    25.2527 0.0000e+00
      0.019      0.010     8.2201    109.886     43.031  43.259826     3.5843     11.973   -28.9913 3.2622e+02     9.4720      0.018      0.027    25.2434 0.0000e+00
      0.021      0.010     8.4567    111.331     43.014  43.258342     3.6453     11.992   -27.7588 4.0802e+02     9.7241      0.020      0.030    25.2504 0.0000e+00
      0.023      0.010     8.6868    112.230     42.949  43.219297     3.6581     12.009   -27.5361 4.3996e+02     9.7319      0.023      0.033    25.2543 0.0000e+00
      0.026      0.010     8.8834    112.667     42.871  43.168617     3.6221     12.029   -28.1055 4.9467e+02     9.6012      0.025      0.036    25.2542 0.0000e+00
      0.029      0.009     9.0538    112.825     42.830  43.153384     3.5932     12.051   -29.2232 5.7935e+02     9.4413      0.029      0.042    25.2532 0.0000e+00
      0.032      0.009     9.1679    112.970     42.815  43.162109     3.6082     12.075   -29.7788 6.7237e+02     9.3018      0.032      0.046    25.2729 0.0000e+00
      0.034      0.008     9.2330    113.190     42.779  43.147192     3.6447     12.099   -29.0587 7.4366e+02     9.3147      0.033      0.048    25.3101 0.0000e+00
      0.035      0.007     9.2600    113.407     42.708  43.099997     3.6432     12.119   -28.1735 7.1801e+02     9.2905      0.034      0.050    25.3421 0.0000e+00
      0.036      0.006     9.2561    113.633     42.616  43.035823     3.5818     12.138   -27.7663 6.1724e+02     9.0774      0.036      0.052    25.3722 0.0000e+00
      0.038      0.005     9.2609    113.917     42.568  43.006027     3.5108     12.157   -28.6085 6.0122e+02     8.8894      0.037      0.054    25.4007 0.0000e+00
      0.039      0.004     9.2817    114.211     42.560  42.993647     3.4920     12.172   -30.2699 6.9154e+02     8.8966      0.039      0.056    25.4222 0.0000e+00
      0.041      0.004     9.2925    114.431     42.535  42.949610     3.5209     12.184   -30.5594 7.7956e+02     9.0275      0.040      0.058    25.4484 0.0000e+00
      0.041      0.003     9.3012    114.494     42.522  42.917842     3.5347     12.194   -29.3563 8.3451e+02     9.0377      0.041      0.059    25.4904 0.0000e+00
      0.042      0.002     9.3222    114.346     42.538  42.926872     3.5090     12.202   -28.1979 8.6980e+02     8.9167      0.040      0.058    25.5199 0.0000e+00
      0.042      0.002     9.3501    114.001     42.541  42.931845     3.4852     12.209   -29.2878 8.9645e+02     8.8289      0.041      0.061    25.5113 0.0000e+00
      0.042      0.001     9.3758    113.439     42.520  42.914501     3.4969     12.219   -31.9513 8.7167e+02     8.8641      0.042      0.060    25.4792 0.0000e+00
      0.043      0.001     9.3882    112.626     42.505  42.907578     3.5262     12.228   -33.1269 8.4898e+02     8.9323      0.042      0.061    25.4529 0.0000e+00
      0.043      0.001     9.3749    111.651     42.493  42.911632     3.5314     12.237   -32.5752 9.6434e+02     8.8008      0.043      0.062    25.4476 0.0000e+00
      0.043      0.001     9.3462    110.629     42.463  42.900069     3.5013     12.246   -31.5619 1.0247e+03     8.6059      0.042      0.061    25.4526 0.0000e+00
      0.043      0.001     9.3032    109.597     42.440  42.894739     3.4778     12.255   -31.3724 8.4251e+02     8.5913      0.043      0.062    25.4557 0.0000e+00
      0.043      0.002     9.2308    108.577     42.437  42.910697     3.4970     12.261   -32.3482 7.9326e+02     8.6924      0.042      0.061    25.4639 0.0000e+00
      0.044      0.002     9.1429    107.597     42.412  42.902620     3.5342     12.265   -33.4666 9.0581e+02     8.8035      0.043      0.062    25.4852 0.0000e+00
      0.045      0.002     9.0558    106.669     42.352  42.860581     3.5365     12.270   -34.1399 8.4547e+02     8.8069      0.044      0.064    25.5089 0.0000e+00
      0.046      0.002     8.9670    105.772     42.321  42.846729     3.5083     12.277   -34.2930 7.7054e+02     8.6991      0.045      0.065    25.5295 0.0000e+00
      0.047      0.002     8.8790    104.820     42.319  42.862105     3.4919     12.284   -33.5972 7.6837e+02     8.6625      0.046      0.066    25.5512 0.0000e+00
      0.047      0.002     8.7954    103.766     42.297  42.856108     3.5058     12.290   -32.9554 7.1123e+02     8.8080      0.046      0.066    25.5726 0.0000e+00
      0.047      0.001     8.7157    102.668     42.264  42.837710     3.5340     12.298   -33.4156 6.4986e+02     9.0236      0.046      0.067    25.5935 0.0000e+00
      0.047      0.001     8.6426    101.563     42.244  42.830092     3.5339     12.306   -33.7407 6.4277e+02     9.0493      0.046      0.067    25.6151 0.0000e+00
      0.048      0.001     8.5642    100.420     42.229  42.827494     3.5040     12.315   -33.3586 6.4346e+02     8.9130      0.047      0.068    25.6358 0.0000e+00
      0.048     -0.001     8.4714     99.219     42.196  42.806324     3.4727     12.320   -32.4093 6.0810e+02     8.8444      0.047      0.068    25.6555 0.0000e+00
      0.048     -0.011     8.3781     98.065     42.142  42.764554     3.4623     12.322   -32.0712 5.7191e+02     8.9031      0.047      0.068    25.6715 0.0000e+00
      0.048     -0.035     8.2873     97.442     41.978  42.639823     3.4786     12.332   -33.5737 5.7795e+02     9.0428      0.047      0.068    25.6883 0.0000e+00
      0.047     -0.070     8.1926     98.336     41.663  42.440733     3.4697     12.350   -34.7447 6.4565e+02     9.0639      0.047      0.068    25.7008 0.0000e+00
      0.041     -0.100     8.0911    101.557     41.513  42.452071     3.3889     12.364   -35.0437 6.7857e+02     8.8857      0.049      0.070    25.7191 0.0000e+00
      0.009     -0.115     7.9844    106.614     41.618  42.650240     3.2914     12.374   -34.3497 5.4927e+02     8.6978      0.028      0.040    25.7295 0.0000e+00
     -0.056     -0.114     7.9006    111.839     41.672  42.678939     3.2729     12.379   -32.0319 3.8292e+02     8.6711     -0.054     -0.078    25.7360 0.0000e+00
     -0.121     -0.100     7.9161    115.942     41.622  42.545149     3.3078     12.381   -31.1105 3.0820e+02     8.8012     -0.138     -0.200    25.8952 0.0000e+00
     -0.146     -0.080     8.1492    118.735     41.592  42.428804     3.3140     12.388   -32.7593 3.7171e+02     8.8709     -0.155     -0.225    26.1703 0.0000e+00
     -0.138     -0.055     8.6034    120.392     41.710  42.478012     3.2972     12.401   -34.6734 7.0511e+02     8.8305     -0.138     -0.200    26.2967 0.0000e+00
     -0.122     -0.028     9.0779    120.738     42.108  42.822660     3.2957     12.412   -34.5511 9.7808e+02     8.8256     -0.115     -0.167    26.2194 0.0000e+00
     -0.117     -0.011     9.4278    120.143     42.607  43.231880     3.3135     12.422   -32.6575 7.4097e+02     8.9136     -0.104     -0.150    26.0983 0.0000e+00
     -0.133     -0.008     9.6592    120.442     42.953  43.427024     3.3705     12.433   -31.3094 3.8159e+02     9.0411     -0.132     -0.190    25.9960 0.0000e+00
     -0.149     -0.013     9.8208    122.973     43.146  43.468142     3.4352     12.444   -31.1564 2.7417e+02     9.0352     -0.154     -0.223    25.8997 0.0000e+00
     -0.151     -0.014     9.8671    127.198     43.256  43.474906     3.4385     12.453   -31.6688 2.8362e+02     8.9098     -0.148     -0.214    25.8605 0.0000e+00
     -0.148     -0.009     9.7562    131.991     43.351  43.508653     3.4273     12.462   -32.1699 3.2001e+02     8.8570     -0.144     -0.209    25.7670 0.0000e+00
     -0.147     -0.002     9.7683    136.462     43.436  43.558725     3.4583     12.468   -31.9666 3.4288e+02     9.0470     -0.145     -0.210    25.5400 0.0000e+00
     -0.147      0.003    10.0502    140.040     43.477  43.572481     3.4964     12.474   -31.2766 3.1697e+02     9.3960     -0.144     -0.208    25.3389 0.0000e+00
     -0.146      0.003    10.4500    142.478     43.483  43.547987     3.4808     12.482   -30.9681 2.6637e+02     9.4895     -0.143     -0.208    25.2309 0.0000e+00
     -0.146      0.003    10.8825    143.657     43.484  43.516423     3.4348     12.489   -31.0752 2.3986e+02     9.3239     -0.143     -0.207    25.1662 0.0000e+00
     -0.145      0.004    11.2764    143.677     43.508  43.508168     3.4242     12.495   -31.9692 2.3641e+02     9.2378     -0.142     -0.207    25.1321 0.0000e+00
     -0.144      0.005    11.5784    142.894     43.537  43.511589     3.4442     12.499   -33.0873 2.3736e+02     9.2680     -0.142     -0.207    25.1084 0.0000e+00
     -0.142      0.005    11.7943    141.779     43.532  43.494269     3.4685     12.502   -32.8066 2.4743e+02     9.3140     -0.140     -0.203    25.0707 0.0000e+00
     -0.140      0.005    11.8978    140.803     43.532  43.489161     3.4672     12.504   -32.1029 3.3437e+02     9.2478     -0.137     -0.198    25.0299 0.0000e+00
     -0.138      0.005    11.8946    140.182     43.566  43.513292     3.4374     12.506   -31.6343 5.9475e+02     9.0829     -0.135     -0.195    24.9937 0.0000e+00
