Data/DataNotYetUploadedToEDI/Raw_CTD/RawDownloads/062226_fcr50_S7809013.cnv
* Sea-Bird SBE19plus  Data File:
* FileName = C:\R\Reservoirs\Data\DataNotYetUploadedToEDI\Raw_CTD\RawDownloads\062926_fcr50_S7809_0013.hex
* Software version 2.8.0.119
* Temperature SN = 7809
* Conductivity SN = 7809
* System UpLoad Time = Jun 30 2026 09:06:56
* <ApplicationData>
* <Seaterm232>
# nquan = 15
# nvalues = 1313                        
# units = specified
# name 0 = depFM: Depth [fresh water, m]
# name 1 = dz/dtM: Descent Rate [m/s]
# name 2 = sbeox0Mg/L: Oxygen, SBE 43 [mg/l]
# name 3 = sbeox0PS: Oxygen, SBE 43 [% saturation]
# name 4 = specc: Specific Conductance [uS/cm]
# name 5 = c0uS/cm: Conductivity [uS/cm]
# name 6 = flECO-AFL: Fluorescence, WET Labs ECO-AFL/FL [mg/m^3]
# name 7 = ph: pH
# name 8 = orp: Oxidation Reduction Potential [mV]
# name 9 = par/sat/log: PAR/Logarithmic, Satlantic
# name 10 = turbWETntu0: Turbidity, WET Labs ECO [NTU]
# name 11 = prdM: Pressure, Strain Gauge [db]
# name 12 = prdE: Pressure, Strain Gauge [psi]
# name 13 = tv290C: Temperature [ITS-90, deg C]
# name 14 = flag:  0.000e+00
# span 0 =     -0.641,      9.585       
# span 1 =     -0.115,      0.161       
# span 2 =    -0.5688,    11.9676       
# span 3 =     -4.812,    143.677       
# span 4 =      0.810,    189.262       
# span 5 =   0.984890, 131.051801       
# span 6 =    -1.8154,     4.9594       
# span 7 =      8.229,     12.678       
# span 8 = -1240.7455,   249.9080       
# span 9 = 1.2315e-01, 2.1250e+03       
# span 10 =    -0.4553,    80.7477      
# span 11 =     -0.629,      9.401      
# span 12 =     -0.912,     13.635      
# span 13 =     9.6144,    35.9253      
# span 14 = 0.0000e+00, 0.0000e+00      
# interval = seconds: 0.25
# start_time = Jun 22 2026 11:34:10 [Instrument's time stamp, header]
# bad_flag = -9.990e-29
*END*
     -0.640 2.1851e-89     6.0161     88.861      0.908   1.106587    -0.0693      8.734 -1240.7455 2.1223e+03     6.4402     -0.628     -0.911    35.9253 0.0000e+00
     -0.640 2.4036e-88     6.0323     89.117      0.919   1.120075    -0.0743      8.647 -1240.7455 2.1250e+03     6.4761     -0.628     -0.910    35.9240 0.0000e+00
     -0.640 2.6439e-87     6.0504     89.348      0.919   1.119952    -0.0679      8.647 -1240.7455 2.1128e+03     6.5953     -0.627     -0.909    35.9222 0.0000e+00
     -0.640 2.9083e-86     6.0647     89.541      0.907   1.105093    -0.0585      8.689 -1240.7455 2.0779e+03     6.6181     -0.628     -0.910    35.9202 0.0000e+00
     -0.640 3.1992e-85     6.0834     89.693      0.876   1.067103    -0.0694      8.701 -1240.7455 2.0345e+03     6.5135     -0.628     -0.910    35.9179 0.0000e+00
     -0.640 3.5191e-84     6.1016     89.825      0.854   1.040637    -0.0655      8.710 -1240.7455 1.9951e+03     6.5257     -0.628     -0.910    35.9167 0.0000e+00
     -0.640 3.8710e-83     6.1177     89.959      0.852   1.038437    -0.0370      8.728 -1240.7455 1.9347e+03     6.6627     -0.628     -0.910    35.9161 0.0000e+00
     -0.640 4.2581e-82     6.1311     90.077      0.854   1.040502    -0.0325      8.722 -1240.7455 1.5297e+03     6.4959     -0.628     -0.911    35.9153 0.0000e+00
     -0.640 4.6839e-81     6.1414     90.198      0.875   1.065608    -0.0440      8.689 -1240.7455 8.2148e+02     6.0806     -0.628     -0.910    35.9141 0.0000e+00
     -0.640 5.1523e-80     6.1489     90.328      0.894   1.088647    -0.0350      8.646 -1240.7455 7.6706e+02     5.9448     -0.628     -0.911    35.9125 0.0000e+00
     -0.640 5.6675e-79     6.1603     90.413      0.875   1.065719    -0.0308      8.606 -1240.7455 1.4322e+03     5.9476     -0.628     -0.910    35.9109 0.0000e+00
     -0.640 6.2343e-78     6.1676     90.486      0.855   1.041736    -0.0519      8.571 -1240.7455 1.8780e+03     5.8416     -0.628     -0.910    35.9093 0.0000e+00
     -0.641 6.8577e-77     6.1741     90.592      0.863   1.052015    -0.0577      8.544 -1240.7455 1.9437e+03     5.8248     -0.628     -0.911    35.9075 0.0000e+00
     -0.641 7.5435e-76     6.1878     90.702      0.873   1.063332    -0.0340      8.527 -1240.7455 1.9127e+03     5.9152     -0.628     -0.911    35.9058 0.0000e+00
     -0.640 8.2978e-75     6.1908     90.783      0.864   1.051902    -0.0321      8.516 -1240.7455 1.8522e+03     5.9093     -0.628     -0.910    35.9043 0.0000e+00
     -0.640 9.1276e-74     6.1945     90.852      0.854   1.040479    -0.0593      8.490 -1240.7455 1.7741e+03     5.7874     -0.628     -0.910    35.9030 0.0000e+00
     -0.640 1.0040e-72     6.2037     90.943      0.863   1.051889    -0.0631      8.438 -1240.7455 1.6830e+03     5.7395     -0.628     -0.910    35.9017 0.0000e+00
     -0.640 1.1044e-71     6.2118     91.041      0.873   1.063198    -0.0368      8.413 -1240.7455 1.5804e+03     5.8434     -0.628     -0.911    35.9005 0.0000e+00
     -0.640 1.2149e-70     6.2178     91.127      0.862   1.050532    -0.0160      8.449 -1240.7455 1.4685e+03     5.8818     -0.627     -0.910    35.8994 0.0000e+00
     -0.640 1.3364e-69     6.2201     91.210      0.841   1.025415    -0.0281      8.445 -1240.7455 1.3631e+03     5.7938     -0.628     -0.910    35.8984 0.0000e+00
     -0.640 1.4700e-68     6.2279     91.281      0.831   1.012861    -0.0421      8.366 -1240.7455 1.2988e+03     5.8384     -0.628     -0.911    35.8973 0.0000e+00
     -0.640 1.6170e-67     6.2355     91.346      0.842   1.025414    -0.0270      8.337 -1240.7455 1.3003e+03     5.9768     -0.628     -0.911    35.8963 0.0000e+00
     -0.640 1.7787e-66     6.2402     91.405      0.863   1.050521    -0.0363      8.402 -1240.7455 1.3413e+03     5.9643     -0.628     -0.911    35.8951 0.0000e+00
     -0.640 1.9566e-65     6.2472     91.460      0.873   1.063084    -0.0711      8.488 -1240.7455 1.1811e+03     5.8238     -0.628     -0.911    35.8942 0.0000e+00
     -0.640 2.1522e-64     6.2515     91.523      0.862   1.050634    -0.0651      8.536 -1240.7452 8.1608e+02     5.5083     -0.628     -0.911    35.8934 0.0000e+00
     -0.640 2.3675e-63     6.2560     91.596      0.842   1.026659    -0.0473      8.532 -1240.7420 8.0994e+02     4.9842     -0.628     -0.910    35.8923 0.0000e+00
     -0.641 2.6042e-62     6.2606     91.668      0.842   1.026557    -0.0635      8.500 -1240.7074 1.2854e+03     4.6116     -0.628     -0.911    35.8915 0.0000e+00
     -0.641 2.8646e-61     6.2632     91.730      0.862   1.049400    -0.0697      8.457 -1240.3261 1.7321e+03     4.6241     -0.629     -0.912    35.8934 0.0000e+00
     -0.641 3.1511e-60     6.2677     91.780      0.862   1.049503    -0.0473      8.398 -1236.1318 1.9005e+03     5.0666     -0.628     -0.911    35.8962 0.0000e+00
     -0.641 3.4662e-59     6.2726     91.823      0.844   1.027812    -0.0430      8.294 -1189.9949 1.9311e+03     5.6913     -0.628     -0.912    35.8972 0.0000e+00
     -0.641 3.8128e-58     6.2777     91.864      0.855   1.040479    -0.0675      8.229 -1147.7027 1.9485e+03     5.9944     -0.629     -0.911    35.8984 0.0000e+00
     -0.640 4.1941e-57     6.2820     91.895      0.884   1.075980    -0.0766      8.315 -1189.9949 1.9554e+03     5.9984     -0.628     -0.910    35.8993 0.0000e+00
     -0.640 4.6135e-56     6.2854     91.901      0.885   1.077027    -0.0536      8.465 -1236.1318 1.8654e+03     5.3301     -0.628     -0.911    35.8971 0.0000e+00
     -0.641 5.0749e-55     6.2890     91.899      0.865   1.053147    -0.0388      8.553 -1240.3260 1.4320e+03     3.9269     -0.628     -0.911    35.8888 0.0000e+00
     -0.641 5.5823e-54     6.2932     91.928      0.855   1.040602    -0.0553      8.553 -1240.7074 8.4455e+02     3.0714     -0.628     -0.911    35.8768 0.0000e+00
     -0.641 6.1406e-53     6.2970     91.984      0.865   1.052016    -0.0627      8.508 -1240.7421 6.2665e+02     2.9798     -0.628     -0.911    35.8665 0.0000e+00
     -0.641 6.7546e-52     6.2984     92.042      0.875   1.064466    -0.0443      8.474 -1240.7452 7.6583e+02     2.6147     -0.628     -0.911    35.8563 0.0000e+00
     -0.641 7.4301e-51     6.2976     92.083      0.875   1.064465    -0.0410      8.470 -1240.7455 9.1313e+02     1.8340     -0.628     -0.911    35.8430 0.0000e+00
     -0.641 8.1731e-50     6.3016     92.110      0.865   1.051995    -0.0563      8.480 -1240.7455 8.7040e+02     1.4309     -0.629     -0.912    35.8301 0.0000e+00
     -0.640 8.9904e-49     6.3074     92.146      0.856   1.040375    -0.0549      8.485 -1240.7455 7.0013e+02     1.4978     -0.628     -0.911    35.8196 0.0000e+00
     -0.640 9.8895e-48     6.3122     92.186      0.864   1.050635    -0.0487      8.482 -1240.7455 4.8863e+02     1.5158     -0.628     -0.911    35.8124 0.0000e+00
     -0.640 1.0878e-46     6.3159     92.224      0.863   1.049380    -0.0645      8.472 -1240.7455 3.4422e+02     1.3404     -0.629     -0.912    35.8087 0.0000e+00
     -0.640 1.1966e-45     6.3164     92.258      0.843   1.025196    -0.0635      8.467 -1240.7455 3.1831e+02     1.1879     -0.628     -0.910    35.8064 0.0000e+00
     -0.641 1.3163e-44     6.3201     92.288      0.832   1.011585    -0.0355      8.480 -1240.7455 3.2180e+02     1.2096     -0.629     -0.911    35.8040 0.0000e+00
     -0.641 1.4479e-43     6.3229     92.319      0.832   1.011480    -0.0345      8.497 -1240.7455 3.2868e+02     1.2272     -0.629     -0.912    35.8012 0.0000e+00
     -0.641 1.5927e-42     6.3259     92.354      0.842   1.023929    -0.0593      8.495 -1240.7455 3.5324e+02     1.2635     -0.628     -0.911    35.7989 0.0000e+00
     -0.641 1.7520e-41     6.3286     92.392      0.852   1.035424    -0.0779      8.474 -1240.7455 4.6973e+02     1.4784     -0.629     -0.912    35.7972 0.0000e+00
     -0.641 1.9272e-40     6.3301     92.432      0.842   1.023804    -0.0678      8.452 -1240.7455 6.9433e+02     1.7070     -0.628     -0.911    35.7958 0.0000e+00
     -0.641 2.1199e-39     6.3330     92.479      0.831   1.010100    -0.0370      8.446 -1240.7455 8.6727e+02     1.7388     -0.629     -0.912    35.7944 0.0000e+00
     -0.641 2.3319e-38     6.3349     92.517      0.820   0.996405    -0.1050      8.434 -1240.7455 8.6768e+02     1.6242     -0.628     -0.911    35.7925 0.0000e+00
     -0.641 2.5651e-37     6.3388     92.540      0.810   0.984890    -0.2574      8.415 -1240.7455 7.0534e+02     1.6187     -0.628     -0.911    35.7890 0.0000e+00
     -0.640 2.8216e-36     6.3406     92.561      0.821   0.997548    -0.3234      8.421 -1240.7455 5.1684e+02     1.7409     -0.628     -0.910    35.7852 0.0000e+00
     -0.640 3.1037e-35     6.3453     92.581      0.842   1.022776    -0.3199      8.442 -1240.7455 4.2875e+02     1.7013     -0.628     -0.910    35.7829 0.0000e+00
     -0.640 3.4141e-34     6.3483     92.604      0.853   1.036576    -0.2234      8.450 -1240.7455 3.8362e+02     1.1741     -0.628     -0.911    35.7825 0.0000e+00
     -0.640 3.7555e-33     6.3486     92.634      0.854   1.037727    -0.0224      8.448 -1240.7455 3.5176e+02     0.3882     -0.628     -0.910    35.7820 0.0000e+00
     -0.640 4.1311e-32     6.3512     92.676      0.853   1.036689     0.0786      8.442 -1240.7455 3.4926e+02    -0.0471     -0.628     -0.910    35.7809 0.0000e+00
     -0.640 4.5442e-31     6.3517     92.707      0.842   1.024032     0.0165      8.440 -1240.7455 3.5450e+02    -0.1610     -0.628     -0.911    35.7804 0.0000e+00
     -0.640 4.9986e-30     6.3541     92.729      0.832   1.011365    -0.4645      8.448 -1240.7455 3.5523e+02     0.5489     -0.628     -0.910    35.7806 0.0000e+00
     -0.640 5.4985e-29     6.3548     92.768      0.831   1.010214    -1.2927      8.458 -1240.7455 3.4073e+02     2.0456     -0.628     -0.910    35.7815 0.0000e+00
     -0.640 6.0483e-28     6.3588     92.808      0.831   1.010110    -1.7500      8.465 -1240.7455 3.2173e+02     2.8032     -0.628     -0.911    35.7833 0.0000e+00
     -0.640 6.6531e-27     6.3611     92.838      0.831   1.010101    -1.8154      8.472 -1240.7455 3.1313e+02     2.7738     -0.628     -0.911    35.7848 0.0000e+00
     -0.640 7.3185e-26     6.3604     92.855      0.831   1.010109    -1.7924      8.476 -1240.7455 3.1241e+02     2.7152     -0.628     -0.911    35.7859 0.0000e+00
     -0.640 8.0503e-25     6.3648     92.866      0.831   1.010213    -1.3880      8.475 -1240.7455 3.1366e+02     2.5043     -0.628     -0.911    35.7883 0.0000e+00
     -0.640 8.8553e-24     6.3666     92.888      0.832   1.011355    -0.6715      8.471 -1240.7455 3.1591e+02     2.0347     -0.628     -0.911    35.7906 0.0000e+00
     -0.640 9.7409e-23     6.3690     92.912      0.842   1.023918    -0.3122      8.466 -1240.7455 3.1773e+02     1.6497     -0.627     -0.910    35.7928 0.0000e+00
     -0.640 1.0715e-21     6.3696     92.921      0.851   1.035434    -0.2977      8.458 -1240.7455 3.1237e+02     1.6070     -0.628     -0.911    35.7950 0.0000e+00
     -0.640 1.1786e-20     6.3696     92.920      0.842   1.023918    -0.2880      8.452 -1240.7455 3.0290e+02     1.4840     -0.628     -0.910    35.7965 0.0000e+00
     -0.640 1.2965e-19     6.3713     92.924      0.832   1.011355    -0.3036      8.451 -1240.7455 2.9728e+02     0.9824     -0.628     -0.911    35.7980 0.0000e+00
     -0.640 1.4262e-18     6.3736     92.942      0.831   1.010213    -0.3366      8.451 -1240.7455 2.9395e+02     0.6317     -0.628     -0.911    35.7986 0.0000e+00
     -0.640 1.5688e-17     6.3739     92.964      0.831   1.010110    -0.3367      8.452 -1240.7455 2.8905e+02     0.6932     -0.628     -0.910    35.7989 0.0000e+00
     -0.640 1.7257e-16     6.3732     92.977      0.831   1.010101    -0.2642      8.454 -1240.7455 2.7910e+02     0.8037     -0.628     -0.911    35.7994 0.0000e+00
     -0.640 1.8982e-15     6.3735     92.991      0.831   1.010110    -0.1507      8.457 -1240.7455 2.6572e+02     0.8071     -0.627     -0.910    35.7997 0.0000e+00
     -0.640 2.0880e-14     6.3743     92.997      0.831   1.010224    -0.0710      8.458 -1240.7455 2.5278e+02     0.8701     -0.628     -0.911    35.8006 0.0000e+00
     -0.640 2.2968e-13     6.3771     93.001      0.832   1.011470    -0.0249      8.463 -1240.7455 2.3119e+02     1.0191     -0.628     -0.910    35.8014 0.0000e+00
     -0.640 2.5265e-12     6.3764     93.018      0.843   1.025185    -0.0090      8.474 -1240.7455 1.9999e+02     1.3108     -0.627     -0.909    35.8023 0.0000e+00
     -0.640 2.7792e-11     6.3784     93.037      0.863   1.049368    -0.0294      8.485 -1240.7455 1.8103e+02     1.6985     -0.628     -0.910    35.8029 0.0000e+00
     -0.640 3.0571e-10     6.3786     93.055      0.864   1.050520    -0.0540      8.487 -1240.7455 1.7949e+02     1.8466     -0.627     -0.910    35.8039 0.0000e+00
     -0.640 3.3628e-09     6.3775     93.080      0.854   1.039109    -0.0487      8.482 -1240.7455 1.8200e+02     1.9066     -0.627     -0.910    35.8048 0.0000e+00
     -0.640 3.6991e-08     6.3800     93.105      0.854   1.038071    -0.0409      8.478 -1240.7455 1.8860e+02     2.0138     -0.627     -0.910    35.8040 0.0000e+00
     -0.640 4.0690e-07     6.3812     93.120      0.854   1.037976    -0.0927      8.483 -1240.7455 2.6309e+02     2.4931     -0.627     -0.910    35.8014 0.0000e+00
     -0.640      0.000     6.3824     93.127      0.854   1.037958    -0.1507      8.495 -1240.7455 4.3691e+02     3.5345     -0.628     -0.910    35.8000 0.0000e+00
     -0.640      0.000     6.3843     93.138      0.854   1.037854    -0.1432      8.505 -1240.7455 4.8512e+02     4.2201     -0.627     -0.910    35.7989 0.0000e+00
     -0.639      0.001     6.3864     93.159      0.853   1.036709    -0.1351      8.476 -1240.7451 3.2056e+02     4.2241     -0.627     -0.909    35.8004 0.0000e+00
     -0.639      0.001     6.3879     93.201      0.842   1.024123    -0.1354      8.418 -1240.7415 2.0346e+02     3.7545     -0.627     -0.909    35.7968 0.0000e+00
     -0.639      0.001     6.3873     93.243      0.832   1.012353    -0.0799      8.399 -1240.7015 1.9606e+02     3.1199     -0.627     -0.909    35.7981 0.0000e+00
     -0.639      0.001     6.3893     93.260      0.840   1.021071    -0.0144      8.417 -1240.2611 2.0313e+02     2.8367     -0.627     -0.909    35.7923 0.0000e+00
     -0.639      0.004     6.3886     93.288      0.936   1.129540     0.0245      8.426 -1235.4170 2.1344e+02     3.0286     -0.626     -0.908    35.8026 0.0000e+00
     -0.639      0.013     6.3934     93.391      2.099   2.450513     0.3569      8.434 -1182.1324 2.2248e+02     6.7043     -0.627     -0.910    35.7913 0.0000e+00
     -0.639      0.029     6.3949     93.600      9.594  10.848657     0.9916      8.455  -596.0019 2.3135e+02    13.6317     -0.626     -0.909    35.8200 0.0000e+00
     -0.636      0.055     6.3975     93.840     24.652  27.372854     1.3411      8.533   215.8656 2.4191e+02    17.4089     -0.627     -0.908    35.7870 0.0000e+00
     -0.626      0.088     6.3915     94.013     36.911  40.254729     1.3688      8.731   249.9080 2.5099e+02    17.5318     -0.620     -0.898    35.8538 0.0000e+00
     -0.602      0.121     6.4200     94.099     41.074  44.006976     1.4351      8.990   -17.9125 2.5796e+02    15.4594     -0.595     -0.863    35.6257 0.0000e+00
     -0.562      0.146     6.6379     94.153     41.823  44.185460     1.6016      9.205   -46.4902 2.7099e+02    11.8226     -0.558     -0.810    33.7682 0.0000e+00
     -0.506      0.159     6.9442     94.271     42.188  44.125601     1.7176      9.379   -46.0641 2.8672e+02     9.9732     -0.500     -0.725    31.2547 0.0000e+00
     -0.445      0.161     7.1621     94.490     42.482  44.107715     1.7477      9.553   -47.0045 2.9288e+02     9.8707     -0.431     -0.625    29.5615 0.0000e+00
     -0.399      0.154     7.3053     94.799     42.759  44.159133     1.8823      9.733   -49.2564 2.9474e+02    10.0715     -0.383     -0.557    28.4718 0.0000e+00
