Data/DataNotYetUploadedToEDI/Raw_CTD/RawDownloads/062226_bvr50_S8188025.cnv
* Sea-Bird SBE19plus  Data File:
* FileName = C:\R\Reservoirs\Data\DataNotYetUploadedToEDI\Raw_CTD\RawDownloads\062526_ccr50_S8188_0025.hex
* Software version 2.8.0.119
* Temperature SN = 8188
* Conductivity SN = 8188
* System UpLoad Time = Jun 29 2026 18:18:34
* <ApplicationData>
* <Seaterm232>
# nquan = 16
# nvalues = 322                         
# units = specified
# name 0 = depFM: Depth [fresh water, m]
# name 1 = dz/dtM: Descent Rate [m/s]
# name 2 = sbeox0Mg/L: Oxygen, SBE 43 [mg/l]
# name 3 = sbeox0PS: Oxygen, SBE 43 [% saturation]
# name 4 = specc: Specific Conductance [uS/cm]
# name 5 = c0uS/cm: Conductivity [uS/cm]
# name 6 = wetCDOM: Fluorescence, WET Labs CDOM [mg/m^3]
# name 7 = flECO-AFL: Fluorescence, WET Labs ECO-AFL/FL [mg/m^3]
# name 8 = flECO-AFL1: Fluorescence, WET Labs ECO-AFL/FL, 2 [mg/m^3]
# name 9 = flECO-AFL2: Fluorescence, WET Labs ECO-AFL/FL, 3 [mg/m^3]
# name 10 = par/sat/log: PAR/Logarithmic, Satlantic
# name 11 = turbWETntu0: Turbidity, WET Labs ECO [NTU]
# name 12 = prdM: Pressure, Strain Gauge [db]
# name 13 = prdE: Pressure, Strain Gauge [psi]
# name 14 = tv290C: Temperature [ITS-90, deg C]
# name 15 = flag:  0.000e+00
# span 0 =     -0.727,     -0.087       
# span 1 =     -0.006,      0.100       
# span 2 =     4.8682,     7.4727       
# span 3 =     61.267,     93.750       
# span 4 =     -0.006,     40.732       
# span 5 =  -0.006552,  41.848199       
# span 6 =    -4.5000,    18.9000       
# span 7 =    -0.9064,     2.2217       
# span 8 =    -2.1300,     0.3408       
# span 9 =    -2.0304,     4.1454       
# span 10 = 1.8391e+02, 2.5515e+03      
# span 11 =    -1.4576,     8.8752      
# span 12 =     -0.713,     -0.086      
# span 13 =     -1.034,     -0.124      
# span 14 =    26.2829,    30.1819      
# span 15 = 0.0000e+00, 0.0000e+00      
# interval = seconds: 0.25
# start_time = Jun 22 2026 10:54:05 [Instrument's time stamp, header]
# bad_flag = -9.990e-29
*END*
     -0.725 -4.882e-10     6.5656     87.054      0.048   0.053023    -4.5000    -0.2769    -2.1300    -2.0304 1.8474e+03     0.3703     -0.711     -1.032    30.1355 0.0000e+00
     -0.725 -6.277e-10     6.5654     87.057      0.053   0.058785    -4.5000    -0.2922    -2.1300    -2.0304 1.7680e+03     0.1890     -0.711     -1.032    30.1358 0.0000e+00
     -0.726 -8.071e-10     6.5650     87.064      0.055   0.060867    -4.5000    -0.2846    -2.1300    -2.0304 1.7665e+03     0.3552     -0.712     -1.032    30.1362 0.0000e+00
     -0.726 -1.038e-09     6.5645     87.074      0.050   0.055847     0.0000    -0.2693     0.0000     0.2961 1.8278e+03     0.1134     -0.712     -1.032    30.1367 0.0000e+00
     -0.726 -1.334e-09     6.5643     87.084      0.042   0.046365     0.0000    -0.2769     0.0000     0.2961 1.8390e+03     0.0983     -0.712     -1.032    30.1372 0.0000e+00
     -0.726 -1.715e-09     6.5645     87.092      0.034   0.037846     0.0000    -0.2731     0.0000     0.2961 1.8422e+03     0.1588     -0.712     -1.032    30.1378 0.0000e+00
     -0.726 -2.205e-09     6.5650     87.096      0.032   0.035973     0.0000    -0.2769     0.0000     0.2961 1.8466e+03     0.0228     -0.712     -1.032    30.1384 0.0000e+00
     -0.726 -2.835e-09     6.5657     87.097      0.036   0.040245     0.0000    -0.3036     0.0000     0.2961 1.8334e+03     0.1134     -0.712     -1.032    30.1389 0.0000e+00
     -0.726 -3.646e-09     6.5665     87.097      0.040   0.043849     0.0000    -0.2579     0.0426     0.4653 1.8310e+03     0.0228     -0.712     -1.032    30.1394 0.0000e+00
     -0.726 -4.687e-09     6.5670     87.094      0.039   0.043768     0.0000    -0.2846     0.0426     0.4653 1.8318e+03     0.0681     -0.712     -1.032    30.1399 0.0000e+00
     -0.726 -6.026e-09     6.5672     87.092      0.036   0.039980     0.0000    -0.2846     0.0426     0.4653 1.8362e+03     0.1437     -0.712     -1.033    30.1405 0.0000e+00
     -0.726 -7.748e-09     6.5672     87.091      0.032   0.035452     0.0000    -0.2731     0.0426     0.4653 1.8398e+03     0.3249     -0.712     -1.033    30.1410 0.0000e+00
     -0.726 -9.962e-09     6.5671     87.091      0.030   0.032954     0.0000    -0.2808     0.0426     0.0423 1.8434e+03     0.2947     -0.712     -1.033    30.1416 0.0000e+00
     -0.726 -1.281e-08     6.5669     87.091      0.029   0.031820     0.0000    -0.3151     0.0426     0.0423 1.8466e+03     0.3098     -0.712     -1.033    30.1421 0.0000e+00
     -0.726 -1.647e-08     6.5667     87.090      0.029   0.031747     0.0000    -0.2922     0.0426     0.0423 1.8474e+03     0.4005     -0.712     -1.033    30.1427 0.0000e+00
     -0.726 -2.117e-08     6.5666     87.090      0.030   0.032715     0.0000    -0.2846     0.0426     0.0423 1.8583e+03     0.3552     -0.712     -1.033    30.1432 0.0000e+00
     -0.726 -2.722e-08     6.5666     87.092      0.032   0.034984     0.0000    -0.2808     0.0852     0.0846 1.8518e+03     0.2947     -0.712     -1.033    30.1438 0.0000e+00
     -0.726 -3.500e-08     6.5665     87.094      0.032   0.035181     0.0000    -0.2884     0.0852     0.0846 1.8510e+03     0.3400     -0.712     -1.033    30.1443 0.0000e+00
     -0.726 -4.500e-08     6.5663     87.093      0.027   0.029381     0.0000    -0.2693     0.0852     0.0846 1.8418e+03     0.3400     -0.712     -1.033    30.1449 0.0000e+00
     -0.726 -5.786e-08     6.5662     87.090      0.018   0.020015     0.0000    -0.2808     0.0852     0.0846 1.8394e+03     0.0983     -0.712     -1.033    30.1454 0.0000e+00
     -0.726 -7.439e-08     6.5663     87.085      0.011   0.012540     0.0000    -0.2617     0.0852     0.1692 1.8438e+03     0.1588     -0.712     -1.033    30.1460 0.0000e+00
     -0.726 -9.564e-08     6.5664     87.081      0.008   0.008939     0.0000    -0.2579     0.0852     0.1692 1.8426e+03     0.1286     -0.712     -1.033    30.1466 0.0000e+00
     -0.726 -1.230e-07     6.5663     87.079      0.007   0.008252     0.0000    -0.2846     0.0852     0.1692 1.8378e+03     0.1588     -0.712     -1.033    30.1472 0.0000e+00
     -0.727 -1.581e-07     6.5661     87.079      0.009   0.010296     0.0000    -0.3113     0.0852     0.1692 1.8370e+03     0.2947     -0.713     -1.034    30.1478 0.0000e+00
     -0.727 -2.033e-07     6.5657     87.080      0.010   0.011638     0.0000    -0.2502     0.0852     0.1692 1.8406e+03     0.2192     -0.713     -1.034    30.1483 0.0000e+00
     -0.726 -2.614e-07     6.5654     87.082      0.007   0.008660     0.0000    -0.2846     0.0426     0.0846 1.8318e+03     0.2947     -0.712     -1.033    30.1489 0.0000e+00
     -0.726 -3.360e-07     6.5652     87.084      0.004   0.004544     0.0000    -0.2960     0.0426     0.0846 1.8542e+03     0.2041     -0.712     -1.033    30.1495 0.0000e+00
     -0.726 -4.320e-07     6.5651     87.087      0.002   0.002170     0.0000    -0.2808     0.0426     0.0846 1.8578e+03     0.4005     -0.712     -1.033    30.1501 0.0000e+00
     -0.726 -4.299e-07     6.5651     87.089      0.000   0.000904     0.0000    -0.2884     0.0426     0.0846 1.8458e+03     0.4156     -0.712     -1.033    30.1507 0.0000e+00
     -0.726 -3.294e-07     6.5652     87.090      0.000   0.000410     0.0000    -0.2922     0.0852     0.0846 1.8346e+03     0.3703     -0.712     -1.033    30.1513 0.0000e+00
     -0.726 -2.498e-07     6.5653     87.087      0.000   0.000555     0.0000    -0.2884     0.0852     0.0846 1.8286e+03     0.4156     -0.712     -1.033    30.1520 0.0000e+00
     -0.726 -1.861e-07     6.5655     87.083      0.001   0.001379     0.0000    -0.2655     0.0852     0.0846 1.8022e+03    -0.1887     -0.712     -1.033    30.1526 0.0000e+00
     -0.726 -1.343e-07     6.5656     87.081      0.002   0.003100     0.0000    -0.2922     0.0852     0.0846 1.7497e+03    -0.1131     -0.712     -1.033    30.1532 0.0000e+00
     -0.726 -9.093e-08     6.5656     87.081      0.005   0.006178     0.0000    -0.2922     0.0852     0.0000 1.6895e+03    -0.1585     -0.712     -1.033    30.1537 0.0000e+00
     -0.726 -5.337e-08     6.5653     87.082      0.006   0.007457     0.0000    -0.2846     0.0852     0.0000 1.6500e+03    -0.2642     -0.712     -1.033    30.1543 0.0000e+00
     -0.727 -1.919e-08     6.5649     87.085      0.002   0.003300     0.0000    -0.2693     0.0852     0.0000 1.7963e+03     1.0349     -0.713     -1.033    30.1548 0.0000e+00
     -0.727 1.3767e-08     6.5647     87.088     -0.004  -0.003423     0.0000    -0.2808     0.0852     0.0000 1.5785e+03     1.0652     -0.713     -1.033    30.1553 0.0000e+00
     -0.727 4.7597e-08     6.5646     87.090     -0.006  -0.006552     0.0000    -0.2960     0.0852     0.3384 2.0160e+03     1.1407     -0.713     -1.033    30.1558 0.0000e+00
     -0.727 8.4455e-08     6.5646     87.086     -0.003  -0.002945     0.0000    -0.2998     0.0852     0.3384 1.7955e+03     1.0500     -0.713     -1.033    30.1562 0.0000e+00
     -0.727 1.2667e-07     6.5648     87.082      0.004   0.004385     0.0000    -0.2846     0.0852     0.3384 1.6446e+03     1.9564     -0.713     -1.033    30.1567 0.0000e+00
     -0.727 1.7694e-07     6.5650     87.081      0.012   0.013414     0.0000    -0.2731     0.0852     0.3384 1.5999e+03     2.0169     -0.713     -1.033    30.1572 0.0000e+00
     -0.727 2.3843e-07     6.5651     87.081      0.020   0.022573     0.0000    -0.2769     0.0852     0.3384 1.4237e+03     2.0924     -0.713     -1.033    30.1576 0.0000e+00
     -0.727 3.1507e-07     6.5648     87.081      0.024   0.026351     0.0000    -0.2846     0.0000     0.3384 1.0420e+03     1.9413     -0.713     -1.033    30.1579 0.0000e+00
     -0.727 4.1171e-07     6.5644     87.082      0.023   0.025755     0.0000    -0.2846     0.0000     0.3384 6.7168e+02     0.2192     -0.713     -1.033    30.1581 0.0000e+00
     -0.727 5.3449e-07     6.5643     87.086      0.022   0.024603     0.0000    -0.2922     0.0000     0.3384 1.1374e+03     0.0983     -0.713     -1.033    30.1583 0.0000e+00
     -0.727 6.9120e-07     6.5642     87.095      0.020   0.022587     0.0000    -0.2922     0.0000     0.3384 1.5318e+03     0.0228     -0.713     -1.033    30.1584 0.0000e+00
     -0.727 8.9180e-07     6.5641     87.106      0.017   0.019170     0.0000    -0.2655     0.0852     0.1269 1.3596e+03     0.0983     -0.713     -1.033    30.1584 0.0000e+00
     -0.727      0.000     6.5642     87.113      0.012   0.013441     0.0000    -0.3418     0.0852     0.1269 1.3652e+03    -0.8987     -0.713     -1.033    30.1584 0.0000e+00
     -0.727      0.000     6.5645     87.118      0.007   0.007850     0.0000    -0.3418     0.0852     0.1269 1.3341e+03    -0.8685     -0.713     -1.033    30.1585 0.0000e+00
     -0.727      0.000     6.5652     87.122      0.004   0.004883     0.0000    -0.3342     0.0852     0.1269 1.2782e+03    -0.9138     -0.713     -1.033    30.1586 0.0000e+00
     -0.727      0.000     6.5661     87.123      0.003   0.003747     0.0000    -0.3342     0.0852     0.0846 3.1614e+02    -0.8080     -0.713     -1.033    30.1586 0.0000e+00
     -0.727      0.000     6.5667     87.119      0.003   0.004141     0.0000    -0.2998     0.0852     0.0846 7.2349e+02    -1.1706     -0.713     -1.033    30.1586 0.0000e+00
     -0.727      0.000     6.5672     87.113      0.005   0.006170     0.0000    -0.2769     0.0852     0.0846 1.1652e+03    -0.9742     -0.713     -1.033    30.1584 0.0000e+00
     -0.727      0.000     6.5675     87.108      0.009   0.010374     0.0000    -0.2617     0.0852     0.0846 3.0269e+02    -1.1404     -0.712     -1.033    30.1582 0.0000e+00
     -0.727      0.000     6.5675     87.105      0.013   0.013897     0.0000    -0.2502     0.0000     0.1692 4.7391e+02    -1.2159     -0.712     -1.033    30.1580 0.0000e+00
     -0.727      0.000     6.5673     87.101      0.012   0.013702     0.0000    -0.2922     0.0000     0.1692 2.6941e+02    -1.1706     -0.712     -1.033    30.1580 0.0000e+00
     -0.727      0.000     6.5668     87.097      0.012   0.013713     0.0000    -0.2617     0.0000     0.1692 5.4699e+02    -1.1706     -0.712     -1.033    30.1582 0.0000e+00
     -0.727      0.000     6.5663     87.095      0.013   0.013935     0.0000    -0.2884     0.0000     0.1692 1.2431e+03    -1.1404     -0.712     -1.033    30.1584 0.0000e+00
     -0.727      0.000     6.5660     87.096      0.010   0.010449     0.0000    -0.2769     0.0000     0.1692 1.2103e+03    -1.0951     -0.712     -1.033    30.1588 0.0000e+00
     -0.727      0.000     6.5657     87.100      0.006   0.006302     0.0000    -0.2922     0.0426     0.3384 1.2713e+03    -1.0951     -0.712     -1.033    30.1592 0.0000e+00
     -0.727      0.000     6.5653     87.104      0.004   0.004366     0.0000    -0.2960     0.0426     0.3384 1.2986e+03    -1.2310     -0.712     -1.033    30.1599 0.0000e+00
     -0.726      0.000     6.5651     87.107      0.004   0.004124     0.0000    -0.2960     0.0426     0.3384 1.2644e+03    -1.1404     -0.712     -1.033    30.1607 0.0000e+00
     -0.726      0.000     6.5651     87.111      0.005   0.005512     0.0000    -0.2884     0.0426     0.3384 1.1864e+03    -1.1404     -0.712     -1.033    30.1616 0.0000e+00
     -0.726      0.000     6.5653     87.118      0.008   0.008901     0.0000    -0.2960     0.0852     0.1269 1.1308e+03    -1.0800     -0.712     -1.033    30.1625 0.0000e+00
     -0.726      0.000     6.5655     87.124      0.010   0.011216     0.0000    -0.3227     0.0852     0.1269 1.0067e+03    -1.1857     -0.712     -1.033    30.1634 0.0000e+00
     -0.726      0.000     6.5657     87.130      0.008   0.009098     0.0000    -0.3113     0.0852     0.1269 9.2285e+02    -1.1555     -0.712     -1.033    30.1643 0.0000e+00
     -0.726      0.000     6.5658     87.132      0.005   0.005959     0.0000    -0.2922     0.0852     0.1269 3.7040e+02    -1.1404     -0.712     -1.033    30.1652 0.0000e+00
     -0.726      0.000     6.5662     87.130      0.004   0.004939     0.0000    -0.3342     0.1278     0.2538 5.4426e+02    -1.3670     -0.712     -1.033    30.1662 0.0000e+00
     -0.726      0.000     6.5665     87.126      0.005   0.005766     0.0000    -0.3494     0.1278     0.2538 2.2761e+02    -1.3821     -0.712     -1.032    30.1675 0.0000e+00
     -0.726      0.000     6.5667     87.124      0.008   0.008661     0.0000    -0.3227     0.1278     0.2538 1.8391e+02    -1.3821     -0.712     -1.032    30.1692 0.0000e+00
     -0.726      0.000     6.5667     87.121      0.009   0.010418     0.0000    -0.3342     0.1278     0.2538 1.9707e+02    -1.4576     -0.712     -1.032    30.1713 0.0000e+00
     -0.726      0.000     6.5663     87.117      0.007   0.007530     0.0000    -0.2769     0.0000    -0.0846 2.0471e+02    -1.1102     -0.712     -1.032    30.1737 0.0000e+00
     -0.725      0.001     6.5657     87.111      0.003   0.003203     0.0000    -0.2884     0.0000    -0.0846 2.0573e+02    -1.1857     -0.711     -1.032    30.1760 0.0000e+00
     -0.725      0.001     6.5653     87.103      0.000   0.000260     0.0000    -0.2693     0.0000    -0.0846 2.0798e+02    -1.1706     -0.711     -1.031    30.1781 0.0000e+00
     -0.725      0.001     6.5649     87.096     -0.002  -0.002084     0.0000    -0.2617     0.0000    -0.0846 2.0210e+02    -1.1253     -0.711     -1.031    30.1797 0.0000e+00
     -0.725      0.001     6.5645     87.090      0.000  -0.000476     0.0000    -0.2846     0.0000    -0.0846 2.1144e+02    -1.1857     -0.711     -1.031    30.1808 0.0000e+00
     -0.724      0.002     6.5640     87.082      0.009   0.009489     0.0000    -0.2960     0.0426     0.0000 3.2182e+02    -1.2159     -0.711     -1.031    30.1815 0.0000e+00
     -0.724      0.002     6.5634     87.073      0.025   0.026491     0.0000    -0.2502     0.0426     0.0000 4.7525e+02    -1.1706     -0.710     -1.030    30.1818 0.0000e+00
     -0.724      0.003     6.5628     87.068      0.049   0.051088     0.0000    -0.2922     0.0426     0.0000 5.2669e+02    -1.1253     -0.710     -1.029    30.1819 0.0000e+00
     -0.723      0.004     6.5624     87.071      0.090   0.093816     0.0000    -0.2579     0.0426     0.0000 6.2060e+02    -1.1706     -0.709     -1.028    30.1818 0.0000e+00
     -0.722      0.005     6.5618     87.077      0.162   0.170046     0.0000    -0.2655     0.0852     0.0423 7.6621e+02    -1.1102     -0.708     -1.027    30.1813 0.0000e+00
     -0.721      0.006     6.5612     87.083      0.282   0.296129     0.0000    -0.2808     0.0852     0.0423 7.8475e+02    -1.1253     -0.707     -1.025    30.1804 0.0000e+00
     -0.719      0.008     6.5611     87.089      0.481   0.505687     0.0000    -0.2693     0.0852     0.0423 7.9643e+02    -1.1404     -0.705     -1.023    30.1787 0.0000e+00
     -0.717      0.010     6.5617     87.095      0.820   0.862555     0.0000    -0.2769     0.0852     0.0423 7.9868e+02    -1.2008     -0.703     -1.021    30.1756 0.0000e+00
     -0.715      0.013     6.5628     87.102      1.392   1.465877     0.0000    -0.3036     0.0000     0.0846 7.8356e+02    -1.0800     -0.701     -1.017    30.1701 0.0000e+00
     -0.712      0.016     6.5644     87.112      2.347   2.472561     0.0000    -0.2655     0.0000     0.0846 7.0441e+02    -1.2159     -0.698     -1.012    30.1604 0.0000e+00
     -0.707      0.021     6.5668     87.124      3.927   4.139124     0.0000    -0.3075     0.0000     0.0846 7.5876e+02    -1.2763     -0.694     -1.007    30.1437 0.0000e+00
     -0.702      0.027     6.5706     87.140      6.548   6.902029     0.0000    -0.9064     0.0000     0.0846 1.0649e+03     0.8235     -0.689     -0.999    30.1156 0.0000e+00
     -0.695      0.034     6.5766     87.168     10.913  11.502029     0.0000    -0.8873     0.0426     0.1269 1.0905e+03     0.7932     -0.682     -0.989    30.0684 0.0000e+00
     -0.686      0.043     6.5865     87.215     17.028  17.918394     0.0000    -0.8682     0.0426     0.1269 1.2244e+03     0.8839     -0.673     -0.977    29.9897 0.0000e+00
