Data/DataNotYetUploadedToEDI/Raw_CTD/RawDownloads/062325_fcr30_S7809004.cnv
* Sea-Bird SBE19plus  Data File:
* FileName = C:\R\Reservoirs\Data\DataNotYetUploadedToEDI\Raw_CTD\RawDownloads\062325_fcr50_S7809_0004.hex
* Software version 2.8.0.119
* Temperature SN = 7809
* Conductivity SN = 7809
* System UpLoad Time = Jun 24 2025 14:30:22
* <ApplicationData>
* <Seaterm232>
# nquan = 15
# nvalues = 1760                        
# units = specified
# name 0 = depFM: Depth [fresh water, m]
# name 1 = dz/dtM: Descent Rate [m/s]
# name 2 = sbeox0Mg/L: Oxygen, SBE 43 [mg/l]
# name 3 = sbeox0PS: Oxygen, SBE 43 [% saturation]
# name 4 = specc: Specific Conductance [uS/cm]
# name 5 = c0uS/cm: Conductivity [uS/cm]
# name 6 = flECO-AFL: Fluorescence, WET Labs ECO-AFL/FL [mg/m^3]
# name 7 = ph: pH
# name 8 = orp: Oxidation Reduction Potential [mV]
# name 9 = par/sat/log: PAR/Logarithmic, Satlantic
# name 10 = turbWETntu0: Turbidity, WET Labs ECO [NTU]
# name 11 = prdM: Pressure, Strain Gauge [db]
# name 12 = prdE: Pressure, Strain Gauge [psi]
# name 13 = tv290C: Temperature [ITS-90, deg C]
# name 14 = flag:  0.000e+00
# span 0 =     -0.564,      5.293       
# span 1 =     -0.368,      0.168       
# span 2 =    -0.1311,    17.0949       
# span 3 =     -1.054,    196.052       
# span 4 =      0.797,     60.174       
# span 5 =   0.814034,  46.904405       
# span 6 =    -0.6668,   227.5044       
# span 7 =      7.860,     11.475       
# span 8 =  -495.6469,   566.5968       
# span 9 = 4.9848e-01, 2.2692e+03       
# span 10 =    -8.8453,   239.1008      
# span 11 =     -0.554,      5.191      
# span 12 =     -0.803,      7.530      
# span 13 =    11.0953,    27.6928      
# span 14 = 0.0000e+00, 0.0000e+00      
# interval = seconds: 0.25
# start_time = Jun 23 2025 12:14:15 [Instrument's time stamp, header]
# bad_flag = -9.990e-29
*END*
     -0.564 -3.734e-20     7.5983     88.507      1.097   1.052524     0.0243      9.508   566.5968 1.2779e+03     0.6422     -0.552     -0.801    22.9449 0.0000e+00
     -0.564 5.9791e-20     7.5977     88.525      1.382   1.325074    -0.0110      9.490   426.2873 8.6772e+02     0.5106     -0.554     -0.803    22.9444 0.0000e+00
     -0.564 7.0048e-19     7.6003     88.532      1.349   1.293630    -0.0420      9.509   199.4915 4.6718e+02     0.4422     -0.553     -0.802    22.9438 0.0000e+00
     -0.563 7.7091e-18     7.5994     88.529      1.362   1.305743    -0.0428      9.530    61.0193 2.7842e+02     0.8398     -0.552     -0.801    22.9432 0.0000e+00
     -0.563 8.4801e-17     7.5989     88.524      1.402   1.344826    -0.0450      9.545    14.5713 2.2245e+02     1.5943     -0.552     -0.801    22.9427 0.0000e+00
     -0.563 9.3281e-16     7.6025     88.518      1.379   1.322772    -0.0602      9.555   -48.4081 1.9964e+02     2.0839     -0.553     -0.802    22.9421 0.0000e+00
     -0.563 1.0261e-14     7.6024     88.508      1.413   1.355795    -0.0527      9.577  -202.7217 1.8616e+02     2.2505     -0.552     -0.801    22.9414 0.0000e+00
     -0.563 1.1287e-13     7.6019     88.509      1.356   1.300723    -0.0373      9.613  -417.3772 1.8188e+02     2.2423     -0.552     -0.801    22.9414 0.0000e+00
     -0.563 1.2416e-12     7.6016     88.529      1.279   1.226996    -0.0405      9.615  -495.6469 1.8766e+02     2.1219     -0.552     -0.801    22.9415 0.0000e+00
     -0.564 1.3657e-11     7.6011     88.539      1.277   1.224473    -0.0328      9.538  -322.0639 2.0214e+02     2.1264     -0.553     -0.802    22.9414 0.0000e+00
     -0.564 1.5023e-10     7.6001     88.525      1.259   1.206881    -0.0032      9.431   -41.1934 2.2060e+02     2.2619     -0.553     -0.802    22.9413 0.0000e+00
     -0.564 1.6525e-09     7.5988     88.513      1.256   1.204312     0.0018      9.386   125.8269 3.1066e+02     2.2243     -0.552     -0.801    22.9414 0.0000e+00
     -0.564 1.8178e-08     7.6028     88.514      1.245   1.193413    -0.0141      9.407   166.1233 5.6559e+02     2.0469     -0.553     -0.802    22.9413 0.0000e+00
     -0.564 1.9996e-07     7.6038     88.511      1.254   1.201788    -0.0036      9.441   171.6486 8.5804e+02     2.0307     -0.552     -0.801    22.9418 0.0000e+00
     -0.564      0.000     7.6015     88.500      1.296   1.242225     0.0037      9.464   167.2516 8.2458e+02     2.1652     -0.553     -0.802    22.9406 0.0000e+00
     -0.564      0.000     7.5998     88.476      1.292   1.238949    -0.1674      9.490   118.8961 5.9860e+02     2.7163     -0.553     -0.802    22.9412 0.0000e+00
     -0.564      0.000     7.6014     88.453      1.278   1.225522    -0.4996      9.540    56.7603 8.1443e+02     3.6046     -0.553     -0.802    22.9399 0.0000e+00
     -0.564      0.003     7.6006     88.468      1.324   1.269900    -0.6668      9.597    78.5612 1.3469e+03     4.1260     -0.553     -0.802    22.9427 0.0000e+00
     -0.564      0.012     7.5999     88.493      1.710   1.648839    -0.6410      9.642   129.0166 1.6636e+03     4.3065     -0.553     -0.802    22.9390 0.0000e+00
     -0.564      0.029     7.5981     88.535      4.966   4.857129    -0.5946      9.682   138.7899 1.8068e+03     4.4202     -0.553     -0.801    22.9458 0.0000e+00
     -0.563      0.052     7.5935     88.664     14.090  13.957952    -0.2225      9.724   144.2451 1.9398e+03     5.3639     -0.554     -0.803    22.9352 0.0000e+00
     -0.553      0.077     7.5955     88.857     25.385  25.431259     0.5111      9.765   126.4879 2.0433e+03     7.2450     -0.549     -0.798    22.9526 0.0000e+00
     -0.526      0.105     7.6020     89.035     31.986  32.384685     0.9348      9.796    79.3041 2.1114e+03     8.2746     -0.521     -0.755    22.9236 0.0000e+00
     -0.488      0.131     7.5777     89.247     33.620  34.362993     0.9803      9.819    51.9560 2.1742e+03     8.3167     -0.478     -0.693    23.0877 0.0000e+00
     -0.448      0.153     7.4686     89.636     33.683  34.697593     0.9950      9.846    47.7467 2.2293e+03     8.3694     -0.439     -0.638    23.9432 0.0000e+00
     -0.405      0.166     7.3512     90.171     33.554  34.781153     1.0200      9.875    47.3389 2.2674e+03     8.5701     -0.399     -0.578    24.9415 0.0000e+00
     -0.357      0.168     7.2731     90.686     33.420  34.802625     1.0503      9.900    48.5746 2.2692e+03     8.7964     -0.351     -0.508    25.6239 0.0000e+00
     -0.309      0.163     7.2156     91.132     33.347  34.830567     1.0619      9.925    66.6446 1.8053e+03     8.8508     -0.302     -0.438    26.1316 0.0000e+00
     -0.265      0.154     7.1973     91.580     33.324  34.865365     1.0942      9.951    83.5050 8.7965e+02     8.6817     -0.256     -0.373    26.5267 0.0000e+00
     -0.226      0.148     7.2053     92.072     33.269  34.842779     1.1743      9.980    66.3287 3.5277e+02     8.4928     -0.219     -0.317    26.8516 0.0000e+00
     -0.195      0.148     7.2162     92.582     33.086  34.684426     1.2389     10.010    47.5653 3.4614e+02     8.5146     -0.190     -0.274    27.0936 0.0000e+00
     -0.168      0.153     7.2284     93.044     32.903  34.536900     1.2846     10.039    47.3878 8.5691e+02     8.6380     -0.166     -0.241    27.2442 0.0000e+00
     -0.136      0.158     7.2539     93.425     32.902  34.581795     1.3604     10.065    69.2586 1.3079e+03     8.6524     -0.141     -0.206    27.3141 0.0000e+00
     -0.089      0.162     7.2875     93.784     33.007  34.719771     1.4649     10.092   110.3274 9.4213e+02     8.6200     -0.092     -0.134    27.3619 0.0000e+00
     -0.033      0.160     7.3250     94.171     33.082  34.809411     1.5240     10.117   132.5069 5.3375e+02     8.6222     -0.028     -0.041    27.4005 0.0000e+00
      0.017      0.148     7.3537     94.539     33.109  34.840859     1.5338     10.141   133.6025 3.1118e+02     8.6791      0.021      0.031    27.4745 0.0000e+00
      0.057      0.124     7.3702     94.827     33.113  34.846224     1.5669     10.162   132.7808 1.2654e+02     8.6933      0.060      0.086    27.5597 0.0000e+00
      0.086      0.093     7.3911     95.020     33.136  34.874281     1.6003     10.182   130.9176 1.0305e+02     8.5551      0.090      0.129    27.5939 0.0000e+00
      0.102      0.062     7.4228     95.125     33.182  34.926318     1.5963     10.197   114.5163 1.0124e+02     8.4424      0.104      0.151    27.6071 0.0000e+00
      0.107      0.039     7.4531     95.145     33.227  34.967839     1.6093     10.207    98.8953 1.0536e+02     8.4922      0.107      0.155    27.6116 0.0000e+00
      0.107      0.027     7.4758     95.105     33.275  34.995634     1.6499     10.217   111.1124 1.1106e+02     8.6793      0.106      0.152    27.6085 0.0000e+00
      0.107      0.025     7.4911     95.140     33.311  35.008557     1.6624     10.225   109.5121 1.1541e+02     8.8601      0.104      0.150    27.6160 0.0000e+00
      0.108      0.027     7.4950     95.415     33.307  34.997160     1.6358     10.226    78.4276 1.1686e+02     8.8335      0.104      0.151    27.6271 0.0000e+00
      0.118      0.031     7.5021     96.417     33.287  34.984710     1.6035     10.224    59.2969 1.1714e+02     8.7667      0.112      0.161    27.6244 0.0000e+00
      0.135      0.032     7.4926     97.952     33.281  34.984939     1.6046     10.222    55.9607 1.1738e+02     8.8386      0.132      0.191    27.5842 0.0000e+00
      0.151      0.029     7.5085     98.548     33.294  34.999936     1.6319     10.222    54.7819 1.1408e+02     8.8148      0.152      0.221    27.5261 0.0000e+00
      0.158      0.021     7.5110     97.645     33.331  35.039148     1.6593     10.222    53.9068 1.0956e+02     8.6498      0.157      0.229    27.5217 0.0000e+00
      0.159      0.010     7.5697     95.885     33.366  35.078366     1.6773     10.223    53.2091 1.0723e+02     8.5851      0.156      0.226    27.5481 0.0000e+00
      0.158     -0.003     7.7693     93.713     33.375  35.093454     1.6674     10.225    52.7986 1.0532e+02     8.6824      0.155      0.224    27.5568 0.0000e+00
      0.155     -0.013     7.8250     91.224     33.369  35.094691     1.6472     10.227    52.3851 1.0354e+02     8.7677      0.153      0.221    27.5547 0.0000e+00
      0.150     -0.016     7.7205     88.577     33.360  35.093328     1.6329     10.228    51.8229 1.0239e+02     8.6594      0.148      0.215    27.5529 0.0000e+00
      0.142     -0.013     7.5732     86.088     33.340  35.076989     1.6104     10.231    51.3357 1.0214e+02     8.4654      0.140      0.203    27.5577 0.0000e+00
      0.134     -0.007     7.4008     84.228     33.286  35.024039     1.6003     10.234    50.9684 1.0286e+02     8.3696      0.130      0.189    27.5655 0.0000e+00
      0.130     -0.001     7.1994     83.410     33.221  34.960687     1.6687     10.237    50.5658 1.0354e+02     8.4915      0.124      0.180    27.5797 0.0000e+00
      0.133      0.005     6.9775     83.353     33.199  34.945469     1.7968     10.240    50.4260 1.0287e+02     8.7784      0.128      0.186    27.5948 0.0000e+00
      0.142      0.010     6.7727     83.553     33.209  34.966947     1.8509     10.243    50.4819 1.0050e+02     8.8667      0.140      0.203    27.5986 0.0000e+00
      0.149      0.014     6.6006     83.863     33.198  34.966613     1.8317     10.245    50.2954 9.7016e+01     8.7393      0.149      0.216    27.6012 0.0000e+00
      0.150      0.015     6.5522     84.144     33.168  34.941439     1.8226     10.247    50.0634 9.2893e+01     8.6733      0.148      0.215    27.6092 0.0000e+00
      0.150      0.014     6.5660     84.175     33.140  34.916373     1.8407     10.250    50.0004 8.9996e+01     8.7172      0.146      0.211    27.6222 0.0000e+00
      0.152      0.011     6.5763     83.885     33.138  34.917327     1.8672     10.252    49.7917 8.9548e+01     8.8256      0.147      0.213    27.6405 0.0000e+00
      0.157      0.007     6.6036     83.380     33.168  34.952981     1.8599     10.254    49.4336 8.9298e+01     8.8567      0.153      0.223    27.6582 0.0000e+00
      0.163      0.004     6.6327     82.825     33.178  34.966792     1.8356     10.254    49.1980 8.7754e+01     8.7855      0.161      0.234    27.6691 0.0000e+00
      0.166      0.002     6.6366     82.376     33.171  34.957431     1.8563     10.256    49.0942 8.6048e+01     8.8182      0.165      0.239    27.6740 0.0000e+00
      0.163      0.000     6.6086     82.038     33.186  34.966680     1.9107     10.258    49.1249 8.4968e+01     8.9448      0.161      0.233    27.6782 0.0000e+00
      0.157     -0.001     6.5644     81.665     33.179  34.951724     1.9353     10.259    49.2251 8.4591e+01     8.9847      0.153      0.221    27.6856 0.0000e+00
      0.154     -0.001     6.5134     81.174     33.138  34.903476     1.9211     10.260    49.2728 8.4663e+01     8.8912      0.148      0.215    27.6928 0.0000e+00
      0.155      0.000     6.4781     80.624     33.125  34.890881     1.9059     10.261    49.2717 8.3925e+01     8.8045      0.152      0.220    27.6894 0.0000e+00
      0.160      0.002     6.4599     80.172     33.154  34.926335     1.9178     10.262    49.2112 8.2048e+01     8.8250      0.157      0.228    27.6755 0.0000e+00
      0.163      0.003     6.4341     80.002     33.174  34.951485     1.9402     10.264    49.2299 8.0067e+01     8.7967      0.160      0.233    27.6620 0.0000e+00
      0.163      0.003     6.3944     80.163     33.164  34.941186     1.9515     10.267    49.4114 7.8632e+01     8.7357      0.161      0.234    27.6557 0.0000e+00
      0.161      0.002     6.3464     80.470     33.157  34.928706     1.9548     10.267    49.4268 7.7802e+01     8.7367      0.158      0.229    27.6572 0.0000e+00
      0.160      0.001     6.3036     80.679     33.165  34.927470     1.9554     10.267    49.3306 7.7265e+01     8.7752      0.156      0.226    27.6671 0.0000e+00
      0.161      0.001     6.2863     80.704     33.173  34.926223     1.9672     10.268    49.3666 7.6798e+01     8.8590      0.157      0.228    27.6762 0.0000e+00
      0.163      0.001     6.3059     80.610     33.167  34.913621     1.9894     10.270    49.4320 7.6144e+01     8.8271      0.160      0.232    27.6756 0.0000e+00
      0.164      0.002     6.3397     80.497     33.159  34.901971     2.0079     10.271    49.5192 7.5537e+01     8.6975      0.161      0.234    27.6666 0.0000e+00
      0.163      0.002     6.3598     80.427     33.170  34.912249     2.0066     10.271    49.6468 7.4950e+01     8.6581      0.160      0.233    27.6502 0.0000e+00
      0.163      0.002     6.3611     80.470     33.170  34.911001     1.9990     10.271    49.7693 7.4462e+01     8.7263      0.159      0.231    27.6331 0.0000e+00
      0.163      0.002     6.3511     80.721     33.148  34.886881     2.0159     10.271    49.8823 7.4280e+01     8.8396      0.160      0.232    27.6233 0.0000e+00
      0.164      0.001     6.3420     81.295     33.137  34.874399     2.0270     10.272    49.9807 7.3660e+01     8.8327      0.161      0.234    27.6207 0.0000e+00
      0.166      0.001     6.3341     82.199     33.150  34.886972     2.0085     10.273    50.0988 7.3009e+01     8.7110      0.163      0.236    27.6209 0.0000e+00
      0.166      0.001     6.3358     83.289     33.176  34.912008     1.9931     10.275    50.2775 7.2731e+01     8.6664      0.164      0.237    27.6191 0.0000e+00
      0.166      0.001     6.3511     84.346     33.189  34.923325     1.9903     10.275    50.4208 7.2309e+01     8.7711      0.163      0.236    27.6158 0.0000e+00
      0.165      0.001     6.3962     85.178     33.167  34.896909     1.9913     10.275    50.4549 7.1737e+01     8.9175      0.161      0.234    27.6142 0.0000e+00
      0.165      0.000     6.4724     85.781     33.122  34.846380     1.9799     10.276    50.5173 7.1233e+01     8.8995      0.161      0.234    27.6139 0.0000e+00
      0.166      0.000     6.5645     86.291     33.099  34.819954     1.9527     10.277    50.6590 7.0935e+01     8.7588      0.163      0.236    27.6112 0.0000e+00
      0.166      0.001     6.6558     86.764     33.109  34.831166     1.9536     10.277    50.7060 7.0540e+01     8.7187      0.164      0.237    27.6061 0.0000e+00
      0.166      0.002     6.7214     87.144     33.131  34.855056     1.9660     10.278    50.6550 7.0413e+01     8.7217      0.163      0.237    27.6015 0.0000e+00
      0.165      0.004     6.7637     87.344     33.131  34.855025     1.9615     10.279    50.4730 7.0675e+01     8.7621      0.161      0.234    27.5958 0.0000e+00
      0.164      0.006     6.8027     87.266     33.112  34.830790     1.9574     10.279    50.1402 7.0570e+01     8.8998      0.160      0.232    27.5919 0.0000e+00
      0.167      0.006     6.8428     86.896     33.103  34.815814     1.9410     10.280    49.9869 6.9687e+01     8.9512      0.163      0.236    27.5931 0.0000e+00
      0.172      0.005     6.8739     86.389     33.091  34.800827     1.9469     10.281    49.9958 6.7985e+01     8.9735      0.168      0.244    27.5959 0.0000e+00
      0.176      0.002     6.8934     85.943     33.067  34.776470     1.9860     10.281    49.9903 6.6538e+01     8.8970      0.172      0.251    27.5960 0.0000e+00
      0.176     -0.002     6.8896     85.618     33.064  34.775096     2.0228     10.281    50.1782 6.5894e+01     8.6406      0.174      0.252    27.5895 0.0000e+00
      0.174     -0.006     6.8562     85.363     33.071  34.784216     2.0342     10.281    50.3746 6.5629e+01     8.5031      0.170      0.247    27.5790 0.0000e+00
      0.169     -0.008     6.8096     85.088     33.049  34.759858     2.0074     10.281    50.2997 6.5472e+01     8.5327      0.166      0.240    27.5739 0.0000e+00
      0.164     -0.009     6.7731     84.654     33.027  34.734364     1.9814     10.282    50.3047 6.5512e+01     8.6569      0.160      0.232    27.5772 0.0000e+00
