Data/DataNotYetUploadedToEDI/Raw_CTD/RawDownloads/062325_fcr30_S7809004.cnv
* Sea-Bird SBE19plus  Data File:
* FileName = C:\R\Reservoirs\Data\DataNotYetUploadedToEDI\Raw_CTD\RawDownloads\062325_fcr50_S7809_0004.hex
* Software version 2.8.0.119
* Temperature SN = 7809
* Conductivity SN = 7809
* System UpLoad Time = Jun 24 2025 14:30:22
* <ApplicationData>
* <Seaterm232>
# nquan = 15
# nvalues = 1760                        
# units = specified
# name 0 = depFM: Depth [fresh water, m]
# name 1 = dz/dtM: Descent Rate [m/s]
# name 2 = sbeox0Mg/L: Oxygen, SBE 43 [mg/l]
# name 3 = sbeox0PS: Oxygen, SBE 43 [% saturation]
# name 4 = specc: Specific Conductance [uS/cm]
# name 5 = c0uS/cm: Conductivity [uS/cm]
# name 6 = flECO-AFL: Fluorescence, WET Labs ECO-AFL/FL [mg/m^3]
# name 7 = ph: pH
# name 8 = orp: Oxidation Reduction Potential [mV]
# name 9 = par/sat/log: PAR/Logarithmic, Satlantic
# name 10 = turbWETntu0: Turbidity, WET Labs ECO [NTU]
# name 11 = prdM: Pressure, Strain Gauge [db]
# name 12 = prdE: Pressure, Strain Gauge [psi]
# name 13 = tv290C: Temperature [ITS-90, deg C]
# name 14 = flag:  0.000e+00
# span 0 =     -0.564,      5.293       
# span 1 =     -0.368,      0.168       
# span 2 =    -0.1311,    17.0949       
# span 3 =     -1.054,    196.052       
# span 4 =      0.797,     60.174       
# span 5 =   0.814034,  46.904405       
# span 6 =    -0.6668,   227.5044       
# span 7 =      7.860,     11.475       
# span 8 =  -495.6469,   566.5968       
# span 9 = 4.9848e-01, 2.2692e+03       
# span 10 =    -8.8453,   239.1008      
# span 11 =     -0.554,      5.191      
# span 12 =     -0.803,      7.530      
# span 13 =    11.0953,    27.6928      
# span 14 = 0.0000e+00, 0.0000e+00      
# interval = seconds: 0.25
# start_time = Jun 23 2025 12:14:15 [Instrument's time stamp, header]
# bad_flag = -9.990e-29
*END*
[from data line 1639]
      1.423      0.025     7.9894     88.116     36.263  31.167227     5.3939     10.195   -70.9869 5.5370e+01     6.2134      1.396      2.024    17.7069 0.0000e+00
      1.430      0.020     8.0557     89.670     36.172  31.161279     5.1994     10.215   -69.6939 5.4798e+01     6.9080      1.401      2.032    17.7175 0.0000e+00
      1.439      0.009     8.1394     91.510     36.200  31.229227     5.1095     10.233   -69.6572 5.4018e+01     7.3779      1.411      2.046    17.7502 0.0000e+00
      1.446     -0.015     8.2338     93.762     36.330  31.354479     5.0890     10.258   -71.9195 5.3230e+01     7.3851      1.421      2.060    17.8411 0.0000e+00
      1.448     -0.051     8.3386     96.350     36.413  31.406984     4.9770     10.294   -74.5920 5.2632e+01     7.1318      1.423      2.064    17.9774 0.0000e+00
      1.441     -0.092     8.4644     98.882     36.405  31.356551     4.8294     10.340   -77.3629 5.2769e+01     6.8763      1.419      2.058    18.0885 0.0000e+00
      1.416     -0.125     8.6223    100.914     36.397  31.315563     4.7857     10.394   -80.1263 5.4332e+01     6.8238      1.400      2.031    18.1409 0.0000e+00
      1.362     -0.141     8.8301    102.089     36.372  31.291980     4.8143     10.449   -81.2460 5.7037e+01     6.9074      1.344      1.949    18.1649 0.0000e+00
      1.292     -0.138     9.0974    102.303     36.289  31.261711     4.8009     10.496   -81.8663 5.9324e+01     6.9310      1.261      1.828    18.1390 0.0000e+00
      1.238     -0.118     9.3658    101.870     36.192  31.266811     4.6983     10.545   -83.0663 6.0265e+01     7.3134      1.201      1.742    18.0552 0.0000e+00
      1.215     -0.084     9.5825    101.369     36.148  31.353763     4.5734     10.604   -83.5368 6.0619e+01     8.2182      1.183      1.717    17.9965 0.0000e+00
      1.214     -0.045     9.7009    101.501     36.121  31.488524     4.5392     10.669   -82.9953 6.0974e+01     8.8190      1.188      1.723    17.9949 0.0000e+00
      1.222     -0.012     9.6984    102.952     35.993  31.564242     4.5424     10.727   -82.0259 6.1317e+01     8.9753      1.199      1.739    18.0396 0.0000e+00
      1.231      0.006     9.6104    106.047     35.875  31.635140     4.3625     10.774   -80.9355 6.1662e+01     9.4928      1.209      1.753    18.1783 0.0000e+00
      1.236      0.006     9.5077    110.774     35.812  31.711610     4.0197     10.813   -80.0502 6.1814e+01    10.4308      1.213      1.759    18.3505 0.0000e+00
      1.236     -0.010     9.4520    116.991     35.581  31.600880     3.8433     10.851   -79.5814 6.1608e+01    11.0239      1.213      1.759    18.5583 0.0000e+00
      1.235     -0.040     9.5207    124.215     35.487  31.565171     3.8529     10.893   -79.4839 6.1233e+01    11.1306      1.211      1.757    18.8535 0.0000e+00
      1.232     -0.079     9.7619    131.601     35.937  31.977711     3.8526     10.935   -79.2158 6.1215e+01    10.7314      1.211      1.756    19.1160 0.0000e+00
      1.217     -0.115    10.1657    138.288     36.352  32.401975     3.8062     10.972   -78.3182 6.2051e+01     9.9879      1.203      1.744    19.2806 0.0000e+00
      1.180     -0.137    10.7223    143.565     36.183  32.381188     3.7583     11.000   -77.4933 6.3716e+01     9.6222      1.169      1.694    19.4242 0.0000e+00
      1.117     -0.140    11.4004    147.184     35.745  32.107205     3.7646     11.022   -76.8992 6.5414e+01     9.6582      1.098      1.592    19.5082 0.0000e+00
      1.050     -0.123    12.1171    149.604     35.526  31.944177     3.7826     11.045   -76.1255 6.6058e+01     9.7397      1.018      1.475    19.4567 0.0000e+00
      1.009     -0.092    12.7443    151.376     35.686  32.059468     3.7512     11.068   -75.2802 6.5798e+01     9.7868      0.977      1.416    19.5021 0.0000e+00
      1.000     -0.052    13.1762    152.589     35.902  32.232373     3.7017     11.088   -74.4220 6.5555e+01     9.8184      0.974      1.412    19.7572 0.0000e+00
      1.012     -0.013    13.4282    153.096     35.917  32.258446     3.6670     11.104   -73.5784 6.5397e+01     9.8487      0.989      1.434    19.9637 0.0000e+00
      1.031      0.015    13.6179    152.851     35.947  32.311304     3.5974     11.117   -72.7375 6.5435e+01     9.9134      1.014      1.471    19.9886 0.0000e+00
      1.044      0.025    13.8044    152.185     36.112  32.490868     3.4677     11.127   -71.8268 6.5780e+01     9.9518      1.029      1.492    19.9059 0.0000e+00
      1.048      0.022    13.9346    151.694     36.236  32.653275     3.3728     11.136   -70.8268 6.5950e+01     9.8684      1.028      1.491    19.8555 0.0000e+00
      1.047      0.012    13.9718    151.703     36.204  32.689032     3.3572     11.142   -69.9383 6.5845e+01     9.8618      1.026      1.487    19.9033 0.0000e+00
      1.047     -0.008    13.9301    152.242     36.118  32.669535     3.3700     11.146   -69.1725 6.5612e+01     9.9404      1.026      1.489    19.9400 0.0000e+00
      1.049     -0.038    13.8344    153.294     36.203  32.798250     3.3867     11.147   -68.2784 6.5235e+01     9.8970      1.029      1.492    19.9668 0.0000e+00
      1.050     -0.079    13.7601    154.860     36.532  33.166892     3.3917     11.145   -67.3875 6.4955e+01     9.7814      1.032      1.497    20.0450 0.0000e+00
      1.040     -0.121    13.7365    156.985     36.917  33.637575     3.3726     11.139   -66.5741 6.5321e+01     9.6699      1.029      1.492    20.1443 0.0000e+00
      1.004     -0.152    13.7604    159.585     37.029  33.921553     3.3559     11.133   -65.4995 6.6319e+01     9.6754      0.999      1.449    20.2295 0.0000e+00
      0.935     -0.164    13.8439    162.498     36.887  33.999525     3.3813     11.129   -64.1165 6.7147e+01     9.8480      0.922      1.338    20.2843 0.0000e+00
      0.854     -0.156    13.9573    165.549     36.990  34.263405     3.4294     11.128   -62.5005 6.7279e+01    10.0144      0.825      1.197    20.3653 0.0000e+00
      0.799     -0.128    14.1107    168.375     37.448  34.828309     3.4465     11.124   -60.7589 6.7157e+01    10.0142      0.768      1.114    20.5169 0.0000e+00
      0.779     -0.087    14.2789    170.754     37.778  35.310107     3.4301     11.117   -59.4921 6.7553e+01     9.9137      0.758      1.099    20.7782 0.0000e+00
      0.783     -0.042    14.4436    172.940     37.649  35.393957     3.3803     11.112   -58.7135 6.8503e+01     9.9943      0.766      1.111    21.1176 0.0000e+00
      0.793     -0.007    14.6685    175.040     37.345  35.271409     3.3113     11.109   -57.8837 6.9546e+01    10.2370      0.778      1.129    21.3314 0.0000e+00
      0.801      0.007    14.8943    176.734     37.200  35.224484     3.2773     11.105   -57.1170 7.0195e+01    10.3551      0.788      1.142    21.4633 0.0000e+00
      0.806     -0.002    15.0170    177.973     37.054  35.143950     3.2779     11.098   -56.6705 7.0139e+01    10.2948      0.792      1.149    21.7055 0.0000e+00
      0.807     -0.030    15.1062    178.980     36.770  34.932230     3.2774     11.086   -56.2711 6.9533e+01    10.1577      0.792      1.148    22.0269 0.0000e+00
      0.804     -0.066    15.2421    179.768     36.551  34.758425     3.2960     11.070   -55.2989 6.8800e+01    10.1315      0.790      1.146    22.2678 0.0000e+00
      0.792     -0.101    15.3636    180.172     36.472  34.692156     3.3362     11.052   -53.6063 6.8314e+01    10.2511      0.785      1.138    22.3485 0.0000e+00
      0.758     -0.124    15.4415    180.113     36.477  34.702006     3.3383     11.032   -52.0668 6.7721e+01    10.2718      0.754      1.092    22.4078 0.0000e+00
      0.702     -0.129    15.4982    179.528     36.588  34.814085     3.3301     11.016   -51.2251 6.6590e+01    10.1426      0.690      1.001    22.5143 0.0000e+00
      0.641     -0.116    15.5618    178.366     36.727  34.968708     3.3619     11.004   -50.6566 6.5373e+01    10.0546      0.620      0.900    22.5584 0.0000e+00
      0.601     -0.089    15.6003    176.890     36.811  35.112301     3.4065     10.991   -50.0979 6.4642e+01    10.1306      0.579      0.839    22.5498 0.0000e+00
      0.590     -0.054    15.5895    175.541     36.809  35.217953     3.4446     10.978   -49.4601 6.4887e+01    10.2761      0.573      0.832    22.5661 0.0000e+00
      0.598     -0.019    15.5481    174.627     36.682  35.231132     3.4401     10.965   -48.7098 6.6042e+01    10.2771      0.585      0.848    22.5640 0.0000e+00
      0.612      0.006    15.4322    174.095     36.536  35.208399     3.4023     10.951   -47.9953 6.7288e+01    10.2097      0.601      0.871    22.5764 0.0000e+00
      0.623      0.017    15.2633    173.524     36.461  35.197058     3.3955     10.939   -47.2746 6.7996e+01    10.2477      0.615      0.891    22.6663 0.0000e+00
      0.626      0.017    15.0937    172.594     36.400  35.157535     3.4158     10.926   -46.4479 6.7986e+01    10.3610      0.617      0.894    22.8145 0.0000e+00
      0.623      0.013    14.9550    171.477     36.317  35.111232     3.4398     10.914   -45.6582 6.7539e+01    10.4864      0.611      0.886    23.0238 0.0000e+00
      0.621      0.008    14.8743    170.645     36.193  35.081382     3.4610     10.903   -44.9538 6.7068e+01    10.4654      0.607      0.881    23.2133 0.0000e+00
      0.624      0.001    14.8172    170.189     36.038  35.050551     3.4640     10.892   -44.0393 6.6682e+01    10.3472      0.610      0.884    23.2848 0.0000e+00
      0.629     -0.014    14.7337    169.494     35.914  34.992421     3.4595     10.879   -42.8614 6.6165e+01    10.3896      0.618      0.896    23.2828 0.0000e+00
      0.633     -0.040    14.6124    167.744     35.828  34.886211     3.4806     10.863   -41.8102 6.5392e+01    10.5335      0.623      0.904    23.2968 0.0000e+00
      0.631     -0.078    14.4997    165.039     35.783  34.781486     3.4869     10.847   -41.2246 6.4524e+01    10.5160      0.624      0.905    23.4330 0.0000e+00
      0.615     -0.117    14.4188    162.554     35.780  34.741231     3.4276     10.828   -40.8576 6.3773e+01    10.2803      0.613      0.888    23.6638 0.0000e+00
      0.575     -0.145    14.3680    161.193     35.786  34.780113     3.3621     10.808   -40.2119 6.2968e+01    10.0749      0.574      0.832    23.7630 0.0000e+00
      0.510     -0.155    14.2403    160.967     35.756  34.870974     3.3443     10.788   -39.3538 6.2004e+01    10.0819      0.503      0.728    23.6971 0.0000e+00
      0.441     -0.145    13.9871    161.320     35.647  34.951756     3.2289     10.767   -38.6556 6.1351e+01    10.1601      0.422      0.611    23.5840 0.0000e+00
      0.394     -0.118    13.7700    161.440     35.491  34.995757     2.9821     10.745   -38.2233 6.1645e+01    10.1326      0.374      0.543    23.5032 0.0000e+00
      0.378     -0.080    13.6458    160.537     35.345  35.022603     2.8239     10.725   -37.8269 6.2915e+01    10.0219      0.365      0.529    23.5467 0.0000e+00
      0.378     -0.041    13.6031    158.508     35.191  35.022817     2.7654     10.706   -37.3904 6.4425e+01     9.9146      0.370      0.536    23.7161 0.0000e+00
      0.383     -0.012    13.5785    155.891     35.023  34.998562     2.6747     10.688   -36.9035 6.5640e+01     9.7239      0.377      0.547    24.0167 0.0000e+00
      0.388     -0.004    13.5422    152.856     34.889  34.983341     2.5346     10.673   -36.4990 6.6272e+01     9.3890      0.382      0.553    24.3215 0.0000e+00
      0.390     -0.020    13.4187    149.168     34.811  34.965859     2.4444     10.660   -36.6305 6.6389e+01     9.1447      0.383      0.555    24.5401 0.0000e+00
      0.392     -0.051    13.1628    144.861     34.773  34.914184     2.4334     10.649   -36.9449 6.6400e+01     9.0934      0.385      0.558    24.7623 0.0000e+00
      0.388     -0.089    12.8982    140.718     34.781  34.866085     2.4343     10.642   -36.7729 6.6935e+01     9.1109      0.387      0.563    24.9642 0.0000e+00
      0.363     -0.125    12.6113    137.818     34.847  34.891780     2.4468     10.640   -36.4426 6.7215e+01     9.1515      0.367      0.532    25.1615 0.0000e+00
      0.313     -0.152    12.2900    136.810     34.877  34.970997     2.4516     10.638   -36.4789 6.6663e+01     9.1058      0.310      0.449    25.2630 0.0000e+00
      0.253     -0.163    11.9199    137.690     34.816  35.062611     2.4259     10.634   -36.5243 7.0469e+01     8.9340      0.247      0.360    25.2153 0.0000e+00
      0.193     -0.155    11.5587    139.321     34.726  35.174911     2.3940     10.629   -36.0453 7.9454e+01     8.8505      0.186      0.270    25.1191 0.0000e+00
      0.145     -0.130    11.3316    140.116     34.596  35.250517     2.3067     10.623   -35.0743 8.6087e+01     8.9509      0.132      0.192    25.0036 0.0000e+00
      0.118     -0.091    11.2256    139.432     34.393  35.215712     2.1528     10.616   -33.9043 8.8302e+01     9.0881      0.110      0.160    25.0618 0.0000e+00
      0.109     -0.048    11.2779    137.276     34.234  35.135037     2.0483     10.607   -32.8262 8.8475e+01     9.0751      0.106      0.153    25.3355 0.0000e+00
      0.107     -0.010    11.4148    133.766     34.223  35.100020     2.0088     10.600   -32.0196 8.6668e+01     8.9300      0.104      0.151    25.6342 0.0000e+00
      0.112      0.017    11.4210    129.575     34.317  35.109510     2.0323     10.595   -31.5518 8.1743e+01     8.8367      0.107      0.155    25.9540 0.0000e+00
      0.123      0.032    11.2995    125.990     34.408  35.122754     2.1332     10.593   -31.3000 7.5213e+01     8.8689      0.118      0.171    26.2453 0.0000e+00
      0.141      0.035    11.1053    124.205     34.447  35.133119     2.2133     10.589   -31.1260 7.0042e+01     8.9783      0.138      0.201    26.3711 0.0000e+00
      0.156      0.026    10.8141    124.482     34.466  35.171348     2.2104     10.584   -30.9956 6.7201e+01     8.9987      0.157      0.229    26.3119 0.0000e+00
      0.164      0.002    10.4677    126.076     34.451  35.204326     2.1389     10.580   -30.9291 6.5573e+01     8.8754      0.163      0.236    26.1430 0.0000e+00
      0.166     -0.042    10.1619    127.944     34.395  35.214697     2.0658     10.575   -30.2348 6.4680e+01     8.7864      0.164      0.237    25.9990 0.0000e+00
      0.162     -0.103    10.0176    129.548     34.384  35.296850     2.0507     10.567   -29.0547 6.7511e+01     8.8105      0.163      0.237    25.9620 0.0000e+00
      0.142     -0.176    10.0573    130.688     34.380  35.436402     2.0394     10.554   -29.0507 7.8930e+01     8.8586      0.151      0.219    26.0073 0.0000e+00
      0.092     -0.252    10.2111    130.995     34.263  35.506390     1.8454     10.536   -27.6905 1.1145e+02     8.8211      0.103      0.150    26.0778 0.0000e+00
      0.008     -0.318    10.3576    130.117     34.107  35.508907     1.4950     10.519   -21.1267 1.9180e+02     8.7335      0.013      0.019    26.1778 0.0000e+00
     -0.100     -0.360    10.4599    127.625     33.975  35.467097     1.3145     10.505   -19.6377 3.3232e+02     8.7564     -0.091     -0.133    26.2970 0.0000e+00
     -0.222     -0.368    10.5357    123.345     33.831  35.381689     1.3035     10.491   -30.1656 3.9663e+02     8.7555     -0.215     -0.312    26.4882 0.0000e+00
     -0.344     -0.343    10.4993    117.921     33.517  35.110821     1.0286     10.478   -38.8900 3.0562e+02     8.5181     -0.349     -0.506    26.8270 0.0000e+00
     -0.440     -0.289    10.3917    112.379     30.342  31.811465     0.4788     10.467   -40.2028 2.2916e+02     8.2426     -0.445     -0.645    27.1038 0.0000e+00
     -0.501     -0.221    10.1918    107.622     21.287  22.319425     0.2083     10.455   -39.7579 2.1993e+02     8.2262     -0.499     -0.724    27.1955 0.0000e+00
