Data/DataNotYetUploadedToEDI/Raw_CTD/RawDownloads/062325_bvr50_S8188005.cnv
* Sea-Bird SBE19plus  Data File:
* FileName = C:\R\Reservoirs\Data\DataNotYetUploadedToEDI\Raw_CTD\RawDownloads\060925_bvr50_S8188_0005.hex
* Software version 2.8.0.119
* Temperature SN = 8188
* Conductivity SN = 8188
* System UpLoad Time = Jun 25 2025 16:14:25
* <ApplicationData>
* <Seaterm232>
# nquan = 16
# nvalues = 1661                        
# units = specified
# name 0 = depFM: Depth [fresh water, m]
# name 1 = dz/dtM: Descent Rate [m/s]
# name 2 = sbeox0Mg/L: Oxygen, SBE 43 [mg/l]
# name 3 = sbeox0PS: Oxygen, SBE 43 [% saturation]
# name 4 = specc: Specific Conductance [uS/cm]
# name 5 = c0uS/cm: Conductivity [uS/cm]
# name 6 = wetCDOM: Fluorescence, WET Labs CDOM [mg/m^3]
# name 7 = flECO-AFL: Fluorescence, WET Labs ECO-AFL/FL [mg/m^3]
# name 8 = flECO-AFL1: Fluorescence, WET Labs ECO-AFL/FL, 2 [mg/m^3]
# name 9 = flECO-AFL2: Fluorescence, WET Labs ECO-AFL/FL, 3 [mg/m^3]
# name 10 = par/sat/log: PAR/Logarithmic, Satlantic
# name 11 = turbWETntu0: Turbidity, WET Labs ECO [NTU]
# name 12 = prdM: Pressure, Strain Gauge [db]
# name 13 = prdE: Pressure, Strain Gauge [psi]
# name 14 = tv290C: Temperature [ITS-90, deg C]
# name 15 = flag:  0.000e+00
# span 0 =     -0.628,      6.471       
# span 1 =     -0.243,      0.181       
# span 2 =    -0.1257,     9.5210       
# span 3 =     -1.298,    116.287       
# span 4 =   -653.505,    195.986       
# span 5 =-489.458892, 143.149188       
# span 6 =    -4.9500,    43.6500       
# span 7 =    -0.3418,    15.0546       
# span 8 =    -5.7084,     4.8564       
# span 9 =   -10.4058,    11.1249       
# span 10 = 1.1577e-01, 1.7704e+03      
# span 11 =    -1.1706,    36.7314      
# span 12 =     -0.616,      6.346      
# span 13 =     -0.893,      9.203      
# span 14 =    11.5067,    28.4420      
# span 15 = 0.0000e+00, 0.0000e+00      
# interval = seconds: 0.25
# start_time = Jun 23 2025 09:17:34 [Instrument's time stamp, header]
# bad_flag = -9.990e-29
*END*
[from data line 1176]
      4.688      0.012     0.0408      0.397    120.483  90.481767    38.6100     0.6996     0.1278     0.7614 1.1590e-01     7.1984      4.597      6.668    12.5481 0.0000e+00
      4.691      0.012     0.0406      0.400    120.497  90.490859    38.7900     0.6729     0.1278     0.6345 1.1595e-01     7.2437      4.600      6.672    12.5470 0.0000e+00
      4.694      0.012     0.0408      0.401    120.511  90.497169    38.7900     0.6806     0.1278     0.6345 1.1605e-01     7.2739      4.603      6.676    12.5462 0.0000e+00
      4.696      0.012     0.0416      0.401    120.531  90.506377    38.7900     0.6806     0.1278     0.6345 1.1600e-01     7.3041      4.605      6.680    12.5462 0.0000e+00
      4.699      0.012     0.0422      0.403    120.567  90.526928    38.7900     0.6157     0.1278     0.6345 1.1595e-01     7.4250      4.608      6.684    12.5465 0.0000e+00
      4.702      0.013     0.0425      0.405    120.606  90.550322    38.9700     0.6424     0.1278     0.7191 1.1610e-01     7.5458      4.612      6.689    12.5460 0.0000e+00
      4.706      0.013     0.0426      0.404    120.643  90.572807    38.9700     0.6500     0.1278     0.7191 1.1600e-01     7.4099      4.615      6.694    12.5443 0.0000e+00
      4.709      0.014     0.0427      0.406    120.680  90.596385    38.9700     0.6081     0.1278     0.7191 1.1597e-01     7.4703      4.618      6.698    12.5417 0.0000e+00
      4.713      0.014     0.0429      0.412    120.739  90.637332    38.9700     0.6195     0.1278     0.7191 1.1612e-01     7.4099      4.622      6.703    12.5390 0.0000e+00
      4.716      0.014     0.0431      0.416    120.828  90.700572    38.9700     0.6272     0.1278     0.7191 1.1605e-01     7.4703      4.625      6.708    12.5366 0.0000e+00
      4.720      0.015     0.0430      0.412    120.907  90.757028    38.9700     0.6157     0.1278     0.7614 1.1612e-01     7.3947      4.629      6.714    12.5345 0.0000e+00
      4.724      0.015     0.0432      0.404    120.968  90.799781    38.9700     0.6157     0.1278     0.7614 1.1615e-01     7.4854      4.633      6.719    12.5328 0.0000e+00
      4.728      0.015     0.0439      0.398    121.020  90.836237    38.9700     0.6920     0.1278     0.7614 1.1587e-01     7.6062      4.636      6.724    12.5313 0.0000e+00
      4.732      0.015     0.0443      0.397    121.071  90.872122    38.9700     0.6729     0.1278     0.7614 1.1590e-01     7.6365      4.640      6.730    12.5300 0.0000e+00
      4.736      0.015     0.0439      0.398    121.128  90.913010    38.9700     0.6806     0.1278     0.7191 1.1607e-01     7.6818      4.644      6.736    12.5287 0.0000e+00
      4.739      0.016     0.0430      0.399    121.194  90.961815    38.9700     0.6920     0.1278     0.7191 1.1595e-01     7.6516      4.648      6.741    12.5275 0.0000e+00
      4.743      0.016     0.0424      0.401    121.295  91.035547    38.9700     0.5661     0.1278     0.7191 1.1592e-01     7.4703      4.652      6.747    12.5263 0.0000e+00
      4.747      0.016     0.0423      0.407    121.410  91.119909    38.9700     0.5585     0.1278     0.7191 1.1600e-01     7.4854      4.656      6.752    12.5254 0.0000e+00
      4.751      0.016     0.0424      0.416    121.490  91.177469    38.8800     0.5699     0.1278     0.8037 1.1592e-01     7.3947      4.660      6.758    12.5247 0.0000e+00
      4.756      0.017     0.0424      0.421    121.535  91.209595    38.8800     0.5585     0.1278     0.8037 1.1590e-01     7.4250      4.664      6.764    12.5242 0.0000e+00
      4.760      0.017     0.0426      0.418    121.556  91.224853    38.8800     0.6157     0.1278     0.8037 1.1595e-01     7.7875      4.668      6.771    12.5235 0.0000e+00
      4.765      0.017     0.0434      0.410    121.558  91.227312    38.8800     0.6043     0.1278     0.8037 1.1595e-01     7.7573      4.673      6.777    12.5227 0.0000e+00
      4.769      0.017     0.0443      0.401    121.542  91.217627    38.8800     0.6272     0.1278     0.6768 1.1602e-01     7.7422      4.677      6.783    12.5219 0.0000e+00
      4.773      0.017     0.0448      0.393    121.466  91.165250    38.8800     0.6157     0.1278     0.6768 1.1600e-01     7.6969      4.682      6.789    12.5212 0.0000e+00
      4.778      0.016     0.0445      0.383    121.348  91.086177    38.8800     0.6157     0.1278     0.6768 1.1633e-01     7.7271      4.686      6.796    12.5208 0.0000e+00
      4.782      0.016     0.0437      0.374    121.262  91.033231    38.8800     0.6157     0.1278     0.6768 1.1605e-01     7.6516      4.690      6.802    12.5210 0.0000e+00
      4.786      0.015     0.0427      0.369    121.198  91.000286    38.8800     0.6157     0.1278     0.6768 1.1595e-01     7.8177      4.694      6.808    12.5219 0.0000e+00
      4.790      0.015     0.0419      0.367    121.123  90.958582    38.7900     0.6424     0.1704     0.7191 1.1590e-01     7.6516      4.698      6.813    12.5241 0.0000e+00
      4.794      0.015     0.0408      0.369    121.044  90.912978    38.7900     0.6005     0.1704     0.7191 1.1615e-01     7.4401      4.701      6.818    12.5278 0.0000e+00
      4.797      0.015     0.0398      0.375    120.996  90.889267    38.7900     0.6500     0.1704     0.7191 1.1605e-01     7.4250      4.705      6.823    12.5328 0.0000e+00
      4.801      0.016     0.0393      0.383    120.988  90.895108    38.7900     0.6081     0.1704     0.7191 1.1607e-01     7.3947      4.708      6.829    12.5389 0.0000e+00
      4.805      0.016     0.0390      0.391    121.019  90.928067    38.4300     0.6348     0.1278     0.7614 1.1605e-01     7.4703      4.712      6.834    12.5451 0.0000e+00
      4.810      0.017     0.0392      0.399    121.100  90.992936    38.4300     0.6920     0.1278     0.7614 1.1595e-01     7.7724      4.716      6.840    12.5507 0.0000e+00
      4.814      0.018     0.0399      0.404    121.224  91.081047    38.4300     0.6806     0.1278     0.7614 1.1585e-01     7.6969      4.721      6.847    12.5558 0.0000e+00
      4.818      0.019     0.0407      0.409    121.333  91.151973    38.4300     0.6729     0.1278     0.7614 1.1595e-01     7.6969      4.725      6.854    12.5607 0.0000e+00
      4.823      0.020     0.0416      0.412    121.399  91.186675    38.3400     0.6767     0.1278     0.6345 1.1600e-01     7.7422      4.730      6.861    12.5648 0.0000e+00
      4.829      0.022     0.0424      0.412    121.447  91.206389    38.3400     0.6233     0.1278     0.6345 1.1605e-01     7.5005      4.735      6.868    12.5664 0.0000e+00
      4.834      0.023     0.0430      0.412    121.480  91.216373    38.3400     0.6386     0.1278     0.6345 1.1600e-01     7.5911      4.741      6.876    12.5644 0.0000e+00
      4.840      0.024     0.0435      0.418    121.508  91.223283    38.3400     0.5928     0.1278     0.6345 1.1577e-01     7.4703      4.747      6.885    12.5598 0.0000e+00
      4.847      0.025     0.0438      0.426    121.525  91.224966    38.8800     0.6272     0.1704     0.5922 1.1605e-01     7.4401      4.753      6.894    12.5536 0.0000e+00
      4.853      0.025     0.0438      0.432    121.507  91.201895    38.8800     0.6500     0.1704     0.5922 1.1612e-01     7.8026      4.760      6.903    12.5470 0.0000e+00
      4.860      0.025     0.0438      0.439    121.467  91.163899    38.8800     0.6005     0.1704     0.5922 1.1592e-01     7.7271      4.766      6.913    12.5406 0.0000e+00
      4.867      0.024     0.0445      0.445    121.442  91.138798    38.8800     0.6081     0.1704     0.5922 1.1592e-01     7.6365      4.773      6.922    12.5350 0.0000e+00
      4.873      0.024     0.0453      0.448    121.453  91.141872    38.8800     0.6424     0.1704     0.5922 1.1585e-01     7.7573      4.778      6.931    12.5303 0.0000e+00
      4.879      0.024     0.0460      0.447    121.468  91.147972    38.8800     0.5585     0.1704     0.6345 1.1600e-01     7.2286      4.784      6.939    12.5264 0.0000e+00
      4.885      0.024     0.0467      0.441    121.455  91.132756    38.8800     0.5585     0.1704     0.6345 1.1595e-01     7.2437      4.790      6.947    12.5232 0.0000e+00
      4.891      0.024     0.0474      0.430    121.448  91.122131    38.8800     0.5432     0.1704     0.6345 1.1592e-01     7.3494      4.796      6.956    12.5207 0.0000e+00
      4.897      0.025     0.0477      0.414    121.472  91.135235    38.8800     0.5661     0.1704     0.6345 1.1600e-01     7.1530      4.802      6.965    12.5184 0.0000e+00
      4.903      0.025     0.0476      0.397    121.503  91.153591    38.7000     0.7454     0.1278     0.7191 1.1602e-01     7.5307      4.808      6.974    12.5161 0.0000e+00
      4.910      0.025     0.0470      0.382    121.525  91.164114    38.7000     0.7721     0.1278     0.7191 1.1605e-01     7.4099      4.815      6.983    12.5139 0.0000e+00
      4.916      0.026     0.0458      0.370    121.546  91.173606    38.7000     0.7225     0.1278     0.7191 1.1595e-01     7.5156      4.821      6.992    12.5118 0.0000e+00
      4.923      0.026     0.0441      0.362    121.573  91.188593    38.7000     0.7416     0.1278     0.7191 1.1615e-01     7.4099      4.828      7.002    12.5098 0.0000e+00
      4.930      0.026     0.0423      0.358    121.611  91.213071    38.6100     0.7149     0.1278     0.6768 1.1605e-01     7.7120      4.834      7.012    12.5077 0.0000e+00
      4.936      0.026     0.0407      0.358    121.668  91.253566    38.6100     0.7492     0.1278     0.6768 1.1607e-01     7.6818      4.841      7.021    12.5053 0.0000e+00
      4.943      0.026     0.0394      0.363    121.766  91.324874    38.6100     0.7149     0.1278     0.6768 1.1600e-01     7.6969      4.847      7.030    12.5028 0.0000e+00
      4.949      0.026     0.0386      0.369    121.898  91.422039    38.6100     0.7416     0.1278     0.6768 1.1600e-01     7.7271      4.853      7.039    12.5007 0.0000e+00
      4.955      0.026     0.0381      0.376    122.026  91.515038    38.6100     0.6920     0.1278     0.6768 1.1595e-01     7.7271      4.860      7.048    12.4991 0.0000e+00
      4.962      0.026     0.0382      0.384    122.140  91.596711    38.9700     0.6958     0.1278     0.6768 1.1600e-01     7.7573      4.866      7.058    12.4980 0.0000e+00
      4.969      0.027     0.0386      0.396    122.243  91.670857    38.9700     0.6844     0.1278     0.6768 1.1607e-01     7.8177      4.873      7.067    12.4972 0.0000e+00
      4.975      0.027     0.0393      0.406    122.336  91.737272    38.9700     0.6806     0.1278     0.6768 1.1610e-01     7.7724      4.879      7.077    12.4963 0.0000e+00
      4.982      0.028     0.0400      0.409    122.433  91.807674    38.9700     0.6729     0.1278     0.6768 1.1625e-01     7.7422      4.886      7.087    12.4951 0.0000e+00
      4.990      0.028     0.0409      0.407    122.533  91.880860    39.3300     0.6691     0.1278     0.7191 1.1600e-01     7.8630      4.893      7.097    12.4937 0.0000e+00
      4.997      0.029     0.0421      0.404    122.591  91.922410    39.3300     0.6920     0.1278     0.7191 1.1607e-01     7.7422      4.900      7.108    12.4923 0.0000e+00
      5.004      0.030     0.0432      0.404    122.596  91.925426    39.3300     0.6767     0.1278     0.7191 1.1605e-01     7.7422      4.908      7.118    12.4911 0.0000e+00
      5.012      0.030     0.0436      0.403    122.612  91.936656    39.3300     0.6233     0.1278     0.7191 1.1602e-01     7.5156      4.915      7.129    12.4901 0.0000e+00
      5.020      0.031     0.0433      0.397    122.663  91.973081    39.5100     0.6310     0.1278     0.8460 1.1595e-01     7.5156      4.923      7.140    12.4893 0.0000e+00
      5.028      0.032     0.0430      0.387    122.730  92.020441    39.5100     0.6233     0.1278     0.8460 1.1600e-01     7.5307      4.931      7.151    12.4887 0.0000e+00
      5.036      0.033     0.0430      0.376    122.819  92.083375    39.5100     0.6081     0.1278     0.8460 1.1587e-01     7.4703      4.939      7.163    12.4882 0.0000e+00
      5.044      0.034     0.0430      0.369    122.930  92.160686    39.5100     0.8141     0.1278     0.8460 1.1602e-01     7.9235      4.947      7.175    12.4877 0.0000e+00
      5.053      0.035     0.0423      0.367    123.030  92.229041    39.4200     0.8103     0.1278     0.6768 1.1592e-01     7.9235      4.956      7.188    12.4870 0.0000e+00
      5.062      0.036     0.0412      0.369    123.115  92.284695    39.4200     0.8065     0.1278     0.6768 1.1607e-01     7.9386      4.965      7.201    12.4860 0.0000e+00
      5.072      0.036     0.0401      0.374    123.214  92.350477    39.4200     0.7874     0.1278     0.6768 1.1595e-01     7.9839      4.974      7.214    12.4844 0.0000e+00
      5.081      0.036     0.0393      0.385    123.313  92.415964    39.4200     0.6157     0.1278     0.6768 1.1595e-01     7.7573      4.983      7.227    12.4821 0.0000e+00
      5.091      0.036     0.0391      0.399    123.375  92.454667    39.4200     0.6195     0.1278     0.6768 1.1602e-01     7.6969      4.992      7.241    12.4793 0.0000e+00
      5.100      0.036     0.0393      0.411    123.400  92.464921    39.6000     0.6157     0.1278     0.5922 1.1595e-01     7.5760      5.001      7.254    12.4761 0.0000e+00
      5.109      0.035     0.0398      0.417    123.384  92.445465    39.6000     0.6157     0.1278     0.5922 1.1610e-01     7.6969      5.010      7.267    12.4727 0.0000e+00
      5.118      0.035     0.0410      0.417    123.348  92.411088    39.6000     0.6233     0.1278     0.5922 1.1605e-01     7.6667      5.019      7.279    12.4693 0.0000e+00
      5.127      0.034     0.0425      0.412    123.321  92.384584    39.6000     0.6386     0.1278     0.5922 1.1595e-01     7.7573      5.027      7.292    12.4659 0.0000e+00
      5.135      0.033     0.0438      0.403    123.288  92.354892    39.6000     0.6081     0.1704     0.5076 1.1610e-01     7.6969      5.036      7.304    12.4626 0.0000e+00
      5.143      0.033     0.0445      0.393    123.222  92.302106    39.6000     0.6157     0.1704     0.5076 1.1595e-01     7.7573      5.044      7.315    12.4594 0.0000e+00
      5.151      0.032     0.0445      0.383    123.094  92.204159    39.6000     0.6500     0.1704     0.5076 1.1612e-01     7.5005      5.052      7.327    12.4565 0.0000e+00
      5.160      0.031     0.0439      0.378    122.862  92.030936    39.6000     0.6272     0.1704     0.5076 1.1605e-01     7.4401      5.060      7.338    12.4539 0.0000e+00
      5.168      0.030     0.0430      0.379    122.502  91.764212    39.6900     0.6195     0.1278     0.6768 1.1612e-01     7.5005      5.068      7.350    12.4519 0.0000e+00
      5.175      0.029     0.0419      0.384    121.964  91.364824    39.6900     0.6500     0.1278     0.6768 1.1595e-01     7.5005      5.075      7.361    12.4504 0.0000e+00
      5.183      0.028     0.0409      0.392    121.101  90.722274    39.6900     0.5966     0.1278     0.6768 1.1602e-01     7.5005      5.083      7.372    12.4499 0.0000e+00
      5.190      0.027     0.0403      0.402    119.636  89.629256    39.6900     0.6310     0.1278     0.6768 1.1600e-01     7.5005      5.089      7.382    12.4501 0.0000e+00
      5.196      0.025     0.0404      0.408    117.137  87.762337    39.6900     0.5852     0.1278     0.6768 1.1623e-01     7.4552      5.096      7.391    12.4511 0.0000e+00
      5.202      0.024     0.0409      0.405    112.940  84.623670    39.3300     0.6005     0.1704     0.6768 1.1595e-01     7.4401      5.102      7.400    12.4525 0.0000e+00
      5.208      0.024     0.0418      0.396    105.962  79.400252    39.3300     0.6729     0.1704     0.6768 1.1602e-01     7.4401      5.107      7.408    12.4541 0.0000e+00
