Data/DataNotYetUploadedToEDI/Raw_CTD/RawDownloads/062325_fcr40_S7809005.cnv
* Sea-Bird SBE19plus  Data File:
* FileName = C:\R\Reservoirs\Data\DataNotYetUploadedToEDI\Raw_CTD\RawDownloads\062325_fcr50_S7809_0005.hex
* Software version 2.8.0.119
* Temperature SN = 7809
* Conductivity SN = 7809
* System UpLoad Time = Jun 24 2025 14:31:11
* <ApplicationData>
* <Seaterm232>
# nquan = 15
# nvalues = 1870                        
# units = specified
# name 0 = depFM: Depth [fresh water, m]
# name 1 = dz/dtM: Descent Rate [m/s]
# name 2 = sbeox0Mg/L: Oxygen, SBE 43 [mg/l]
# name 3 = sbeox0PS: Oxygen, SBE 43 [% saturation]
# name 4 = specc: Specific Conductance [uS/cm]
# name 5 = c0uS/cm: Conductivity [uS/cm]
# name 6 = flECO-AFL: Fluorescence, WET Labs ECO-AFL/FL [mg/m^3]
# name 7 = ph: pH
# name 8 = orp: Oxidation Reduction Potential [mV]
# name 9 = par/sat/log: PAR/Logarithmic, Satlantic
# name 10 = turbWETntu0: Turbidity, WET Labs ECO [NTU]
# name 11 = prdM: Pressure, Strain Gauge [db]
# name 12 = prdE: Pressure, Strain Gauge [psi]
# name 13 = tv290C: Temperature [ITS-90, deg C]
# name 14 = flag:  0.000e+00
# span 0 =     -0.568,      5.912       
# span 1 =     -0.311,      0.274       
# span 2 =     0.0254,    17.8080       
# span 3 =      0.267,    203.519       
# span 4 =      1.327,     59.017       
# span 5 =   1.252713,  46.346902       
# span 6 =    -0.3676,    18.5044       
# span 7 =      7.847,     11.444       
# span 8 =   -84.6216,   322.9403       
# span 9 = 1.2360e-01, 2.4285e+03       
# span 10 =    -0.0081,   240.3217      
# span 11 =     -0.557,      5.798      
# span 12 =     -0.808,      8.410      
# span 13 =    10.8168,    27.9057      
# span 14 = 0.0000e+00, 0.0000e+00      
# interval = seconds: 0.25
# start_time = Jun 23 2025 12:27:04 [Instrument's time stamp, header]
# bad_flag = -9.990e-29
*END*
[from data line 1639]
      3.286      0.016     4.5049     36.015     45.682  33.370340     1.7865      7.885   153.8592 1.1710e+01     9.7874      3.223      4.674    11.4724 0.0000e+00
      3.290      0.010     4.4070     34.737     45.579  33.312947     1.8063      7.886   153.5182 1.1605e+01     9.6863      3.225      4.677    11.4812 0.0000e+00
      3.296     -0.009     4.2541     33.733     45.347  33.154012     1.8384      7.886   153.1780 1.1476e+01     9.3397      3.232      4.687    11.4856 0.0000e+00
      3.302     -0.044     4.0825     32.996     45.097  32.971331     1.8423      7.886   152.9295 1.1407e+01     9.0461      3.241      4.699    11.5003 0.0000e+00
      3.302     -0.089     3.9168     32.430     45.072  32.944024     1.8366      7.886   152.5788 1.1526e+01     9.0062      3.244      4.705    11.5213 0.0000e+00
      3.282     -0.129     3.7707     31.934     45.182  33.014171     1.8351      7.887   151.9490 1.2084e+01     9.1648      3.231      4.686    11.5445 0.0000e+00
      3.232     -0.156     3.6607     31.474     45.251  33.058149     1.8073      7.888   151.0793 1.3206e+01     9.3241      3.182      4.614    11.5581 0.0000e+00
      3.156     -0.162     3.5855     31.141     45.477  33.221987     1.7670      7.888   150.2358 1.4565e+01     9.3259      3.095      4.487    11.5576 0.0000e+00
      3.084     -0.146     3.5286     31.059     45.892  33.535911     1.7230      7.888   149.4939 1.5480e+01     9.2212      3.010      4.366    11.5445 0.0000e+00
      3.044     -0.110     3.4786     31.237     46.141  33.745010     1.6996      7.888   148.7347 1.5673e+01     9.3904      2.974      4.313    11.5290 0.0000e+00
      3.034     -0.062     3.4249     31.650     46.058  33.719990     1.7089      7.888   147.9394 1.5489e+01     9.8343      2.971      4.309    11.5231 0.0000e+00
      3.041     -0.016     3.3807     32.263     45.964  33.677556     1.7028      7.889   147.0192 1.5227e+01    10.0108      2.980      4.323    11.5204 0.0000e+00
      3.053      0.012     3.3737     32.918     46.029  33.739540     1.6751      7.889   145.9547 1.4972e+01     9.9203      2.994      4.343    11.5261 0.0000e+00
      3.067      0.011     3.3915     33.347     46.059  33.771554     1.6901      7.890   144.7904 1.4748e+01     9.7988      3.008      4.362    11.5597 0.0000e+00
      3.079     -0.019     3.4317     33.331     46.015  33.747418     1.7591      7.892   143.5245 1.4573e+01     9.5994      3.020      4.380    11.6100 0.0000e+00
      3.084     -0.065     3.5026     32.822     46.121  33.828393     1.8190      7.893   142.0928 1.4575e+01     9.4229      3.028      4.392    11.6390 0.0000e+00
      3.074     -0.108     3.5848     31.956     46.511  34.116158     1.8149      7.895   140.3860 1.5165e+01     9.3042      3.027      4.389    11.6473 0.0000e+00
      3.030     -0.135     3.6401     30.913     47.102  34.562029     1.7764      7.898   138.5469 1.6680e+01     9.1888      2.988      4.333    11.6588 0.0000e+00
      2.955     -0.141     3.6392     29.859     47.784  35.095322     1.7701      7.900   136.7202 1.8497e+01     9.1891      2.896      4.201    11.6698 0.0000e+00
      2.885     -0.126     3.5773     28.994     48.415  35.615184     1.7965      7.900   134.9043 1.9489e+01     9.3086      2.811      4.076    11.6719 0.0000e+00
      2.850     -0.094     3.4752     28.474     48.703  35.898581     1.8200      7.901   133.1972 1.9509e+01     9.3353      2.784      4.039    11.6687 0.0000e+00
      2.849     -0.050     3.3574     28.309     48.811  36.047344     1.8136      7.902   131.7396 1.9171e+01     9.2041      2.790      4.048    11.6771 0.0000e+00
      2.862     -0.009     3.2313     28.352     49.384  36.525612     1.8776      7.904   130.4438 1.8788e+01     8.7815      2.805      4.068    11.7104 0.0000e+00
      2.877      0.011     3.1257     28.333     50.017  37.049177     2.0451      7.906   129.0593 1.8451e+01     8.1541      2.823      4.094    11.7722 0.0000e+00
      2.888      0.003     3.0647     28.065     49.751  36.920706     2.1483      7.908   127.3887 1.8279e+01     7.8351      2.835      4.111    11.8524 0.0000e+00
      2.892     -0.031     3.0452     27.521     49.023  36.431840     2.1601      7.910   125.4737 1.8295e+01     7.7257      2.838      4.116    11.9312 0.0000e+00
      2.888     -0.079     3.0602     26.729     48.636  36.151320     2.1458      7.913   123.5434 1.8506e+01     7.6170      2.836      4.113    11.9797 0.0000e+00
      2.871     -0.123     3.0630     25.725     48.462  36.003664     2.1500      7.916   121.6009 1.9260e+01     7.7160      2.825      4.098    12.0204 0.0000e+00
      2.827     -0.150     3.0263     24.561     48.375  35.915566     2.1862      7.921   119.7116 2.0929e+01     7.9327      2.786      4.040    12.1105 0.0000e+00
      2.756     -0.156     2.9637     23.390     48.737  36.164796     2.2092      7.925   118.0797 2.3098e+01     8.0163      2.704      3.920    12.1781 0.0000e+00
      2.684     -0.141     2.8758     22.413     49.498  36.732742     2.2701      7.929   116.6692 2.4647e+01     7.8045      2.619      3.798    12.1707 0.0000e+00
      2.642     -0.110     2.7708     21.788     50.150  37.262082     2.3901      7.934   115.3055 2.5078e+01     7.4214      2.581      3.743    12.1426 0.0000e+00
      2.632     -0.068     2.6402     21.578     50.429  37.552097     2.4779      7.938   113.9804 2.4917e+01     7.3124      2.576      3.736    12.1195 0.0000e+00
      2.637     -0.024     2.5070     21.688     50.424  37.637671     2.5324      7.942   112.6933 2.4575e+01     7.4091      2.584      3.748    12.0928 0.0000e+00
      2.648      0.009     2.3974     21.946     50.621  37.852658     2.6833      7.945   111.1863 2.4283e+01     7.0538      2.599      3.770    12.0846 0.0000e+00
      2.658      0.024     2.3231     22.204     51.074  38.247813     2.9039      7.948   109.4395 2.4187e+01     6.2272      2.609      3.784    12.1315 0.0000e+00
      2.663      0.019     2.3007     22.310     51.129  38.354160     2.9946      7.952   107.8347 2.4133e+01     5.6814      2.611      3.787    12.2274 0.0000e+00
      2.668     -0.006     2.3149     22.154     50.648  38.059762     3.0054      7.955   106.5812 2.3950e+01     5.6471      2.614      3.792    12.3305 0.0000e+00
      2.677     -0.051     2.3437     21.752     50.079  37.670922     3.0261      7.958   105.3831 2.3733e+01     5.7100      2.626      3.808    12.3910 0.0000e+00
      2.679     -0.105     2.3746     21.117     49.635  37.333354     2.9532      7.961   103.7592 2.4104e+01     5.7581      2.636      3.823    12.4319 0.0000e+00
      2.657     -0.152     2.3888     20.232     49.359  37.087647     2.8230      7.965   101.8315 2.5885e+01     5.9220      2.621      3.802    12.5026 0.0000e+00
      2.594     -0.180     2.3646     19.229     49.289  36.984475     2.7670      7.971   100.0575 2.9270e+01     6.0513      2.558      3.710    12.5826 0.0000e+00
      2.501     -0.185     2.3182     18.349     49.495  37.101139     2.7920      7.976    98.7435 3.3133e+01     6.1603      2.449      3.552    12.6252 0.0000e+00
      2.419     -0.165     2.2556     17.765     50.001  37.482883     2.9005      7.979    98.0751 3.5588e+01     6.4538      2.354      3.413    12.6176 0.0000e+00
      2.378     -0.123     2.1576     17.556     50.503  37.919621     3.0312      7.982    97.7413 3.6082e+01     6.7306      2.321      3.365    12.5707 0.0000e+00
      2.371     -0.068     2.0424     17.727     50.631  38.130130     3.0650      7.985    97.2026 3.5614e+01     6.7749      2.320      3.366    12.5108 0.0000e+00
      2.381     -0.018     1.9447     18.190     50.535  38.187973     3.0679      7.989    96.3796 3.4922e+01     6.7164      2.332      3.383    12.4625 0.0000e+00
      2.396      0.013     1.8802     18.766     50.544  38.301856     3.2998      7.992    95.4486 3.4339e+01     6.3295      2.351      3.410    12.4573 0.0000e+00
      2.408      0.020     1.8549     19.248     50.491  38.364928     3.7378      7.995    94.3766 3.4103e+01     5.5812      2.364      3.428    12.5168 0.0000e+00
      2.414      0.004     1.8709     19.463     50.094  38.189183     3.9608      7.999    93.3995 3.4105e+01     5.0813      2.369      3.436    12.6437 0.0000e+00
      2.415     -0.031     1.9207     19.322     49.471  37.827005     3.9400      8.005    92.9266 3.4177e+01     4.9993      2.369      3.435    12.7984 0.0000e+00
      2.413     -0.080     1.9857     18.807     49.023  37.539657     3.8948      8.012    92.7024 3.4471e+01     5.2730      2.368      3.435    12.8892 0.0000e+00
      2.401     -0.127     2.0397     17.952     48.914  37.443635     3.8634      8.017    92.2369 3.5753e+01     5.6927      2.364      3.428    12.9689 0.0000e+00
      2.363     -0.159     2.0586     16.821     48.886  37.364025     3.8680      8.022    91.6010 3.9083e+01     5.8380      2.333      3.382    13.1213 0.0000e+00
      2.291     -0.170     2.0381     15.561     48.764  37.211585     3.8666      8.026    90.9505 4.4444e+01     5.7323      2.252      3.266    13.2548 0.0000e+00
      2.207     -0.159     1.9802     14.442     48.346  36.869545     3.8546      8.028    90.3089 4.9287e+01     5.7470      2.151      3.120    13.3091 0.0000e+00
      2.152     -0.128     1.8894     13.708     47.690  36.401155     3.8569      8.029    89.7795 5.1208e+01     5.9816      2.095      3.038    13.2931 0.0000e+00
      2.134     -0.083     1.7707     13.428     47.161  36.117049     3.8612      8.032    89.3676 5.0977e+01     6.1435      2.085      3.025    13.2107 0.0000e+00
      2.139     -0.033     1.6289     13.552     46.304  35.655462     3.8815      8.036    88.9425 5.0090e+01     6.0983      2.095      3.039    13.1345 0.0000e+00
      2.153      0.008     1.5014     13.977     44.910  34.817727     3.8941      8.038    88.4255 4.9307e+01     5.9478      2.112      3.064    13.1146 0.0000e+00
      2.165      0.030     1.4226     14.527     44.128  34.490543     4.0725      8.039    87.9343 4.8952e+01     5.8948      2.125      3.082    13.1242 0.0000e+00
      2.173      0.034     1.3923     14.991     44.291  34.872296     4.4647      8.039    87.3916 4.8639e+01     6.0037      2.131      3.090    13.2507 0.0000e+00
      2.181      0.019     1.4001     15.179     44.529  35.182784     4.6996      8.039    86.7681 4.8012e+01     6.1041      2.137      3.100    13.5003 0.0000e+00
      2.191     -0.015     1.4438     14.950     44.861  35.453081     4.7156      8.041    86.3327 4.7285e+01     6.1176      2.149      3.117    13.7382 0.0000e+00
      2.199     -0.066     1.4983     14.285     45.529  35.919671     4.5919      8.045    85.9124 4.7089e+01     6.0643      2.161      3.134    14.0729 0.0000e+00
      2.195     -0.120     1.5394     13.282     46.038  36.192296     4.3690      8.051    84.7846 4.8584e+01     6.1086      2.162      3.137    14.4381 0.0000e+00
      2.160     -0.162     1.5619     12.129     46.015  36.020818     4.2674      8.056    83.1068 5.3523e+01     6.2786      2.135      3.098    14.5476 0.0000e+00
      2.084     -0.182     1.5391     11.070     45.630  35.622790     4.2799      8.061    82.4905 6.2021e+01     6.2743      2.053      2.976    14.5252 0.0000e+00
      1.990     -0.176     1.4691     10.330     45.233  35.313635     4.2538      8.066    83.5278 7.0131e+01     6.0910      1.938      2.809    14.4801 0.0000e+00
      1.922     -0.144     1.3652     10.032     44.586  34.884350     4.1925      8.075    84.8936 7.3922e+01     6.0094      1.867      2.708    14.3174 0.0000e+00
      1.896     -0.095     1.2432     10.219     43.744  34.366200     4.1797      8.084    85.4956 7.3983e+01     6.1064      1.851      2.684    14.1117 0.0000e+00
      1.901     -0.040     1.1287     10.864     43.190  34.124710     4.2245      8.091    85.3006 7.2422e+01     6.2744      1.859      2.696    13.9816 0.0000e+00
      1.919      0.005     1.0478     11.865     42.878  34.058516     4.3671      8.097    84.7730 7.0587e+01     6.2301      1.882      2.730    14.0094 0.0000e+00
      1.938      0.029     1.0142     13.058     42.818  34.137073     4.5969      8.104    84.3643 6.9667e+01     5.9461      1.904      2.762    14.0965 0.0000e+00
      1.948      0.033     1.0300     14.219     42.955  34.313342     4.7226      8.112    84.2313 6.9680e+01     5.7776      1.914      2.775    14.2414 0.0000e+00
      1.951      0.024     1.0945     15.177     43.067  34.413372     4.7470      8.119    83.9393 6.9625e+01     5.8329      1.913      2.775    14.5176 0.0000e+00
      1.954      0.004     1.1950     15.853     43.066  34.394828     4.8170      8.126    83.2423 6.9125e+01     5.8976      1.914      2.778    14.7396 0.0000e+00
      1.957     -0.026     1.3219     16.238     43.015  34.342891     4.8946      8.133    82.9454 6.8629e+01     5.7743      1.920      2.784    14.8808 0.0000e+00
      1.959     -0.064     1.4429     16.379     43.111  34.419859     4.9032      8.141    83.6190 6.8933e+01     5.6066      1.924      2.789    14.9657 0.0000e+00
      1.949     -0.107     1.5412     16.342     43.315  34.564097     4.8962      8.150    84.4181 7.1445e+01     5.5779      1.920      2.784    14.9608 0.0000e+00
      1.919     -0.146     1.6125     16.194     43.457  34.627556     4.9929      8.158    84.5192 7.7323e+01     5.7687      1.892      2.744    14.9225 0.0000e+00
      1.863     -0.171     1.6485     15.985     43.510  34.616049     5.1900      8.166    84.5836 8.6618e+01     6.1027      1.833      2.658    14.9069 0.0000e+00
      1.790     -0.175     1.6609     15.795     43.372  34.488356     5.2907      8.173    85.1111 9.8174e+01     6.1998      1.755      2.544    14.9261 0.0000e+00
      1.720     -0.157     1.6539     15.721     43.165  34.352537     5.2613      8.180    85.6483 1.0770e+02     6.0898      1.677      2.432    14.9147 0.0000e+00
      1.676     -0.121     1.6410     15.857     43.359  34.560069     5.2591      8.187    86.0019 1.1135e+02     6.1044      1.632      2.366    14.8389 0.0000e+00
      1.662     -0.074     1.6200     16.320     43.761  34.903915     5.3881      8.195    86.0313 1.1114e+02     6.1025      1.625      2.356    14.7590 0.0000e+00
      1.664     -0.027     1.5968     17.186     43.372  34.576235     5.5893      8.205    86.0897 1.0981e+02     5.9312      1.631      2.365    14.7327 0.0000e+00
      1.671      0.011     1.5868     18.538     42.323  33.770328     5.6777      8.215    86.8798 1.0802e+02     5.7415      1.638      2.376    14.7743 0.0000e+00
      1.679      0.033     1.5908     20.486     41.695  33.407775     5.6751      8.223    87.8408 1.0620e+02     5.6193      1.646      2.387    14.8645 0.0000e+00
      1.690      0.036     1.6346     22.921     41.417  33.365153     5.8732      8.232    87.9004 1.0353e+02     5.6828      1.655      2.400    14.9097 0.0000e+00
      1.705      0.018     1.7234     25.549     41.412  33.508997     6.2676      8.243    87.4289 9.9822e+01     5.7923      1.671      2.423    14.8358 0.0000e+00
      1.723     -0.019     1.8534     28.328     41.685  33.814805     6.4811      8.255    86.8719 9.7203e+01     5.7811      1.693      2.455    14.8226 0.0000e+00
      1.731     -0.065     2.0423     31.342     41.531  33.700222     6.4662      8.273    84.3493 9.8365e+01     5.7526      1.705      2.473    15.0461 0.0000e+00
      1.715     -0.105     2.2943     34.409     40.846  33.138708     6.1867      8.298    80.0727 1.0626e+02     5.8917      1.695      2.458    15.2995 0.0000e+00
      1.664     -0.128     2.5470     37.269     40.023  32.545127     5.7162      8.330    76.7207 1.2180e+02     6.2686      1.643      2.383    15.4733 0.0000e+00
