Data/DataNotYetUploadedToEDI/Raw_CTD/RawDownloads/062325_fcr50_S7809001.cnv
* Sea-Bird SBE19plus  Data File:
* FileName = C:\R\Reservoirs\Data\DataNotYetUploadedToEDI\Raw_CTD\RawDownloads\062325_fcr50_S7809_0001.hex
* Software version 2.8.0.119
* Temperature SN = 7809
* Conductivity SN = 7809
* System UpLoad Time = Jun 24 2025 14:28:30
* <ApplicationData>
* <Seaterm232>
# nquan = 15
# nvalues = 2077                        
# units = specified
# name 0 = depFM: Depth [fresh water, m]
# name 1 = dz/dtM: Descent Rate [m/s]
# name 2 = sbeox0Mg/L: Oxygen, SBE 43 [mg/l]
# name 3 = sbeox0PS: Oxygen, SBE 43 [% saturation]
# name 4 = specc: Specific Conductance [uS/cm]
# name 5 = c0uS/cm: Conductivity [uS/cm]
# name 6 = flECO-AFL: Fluorescence, WET Labs ECO-AFL/FL [mg/m^3]
# name 7 = ph: pH
# name 8 = orp: Oxidation Reduction Potential [mV]
# name 9 = par/sat/log: PAR/Logarithmic, Satlantic
# name 10 = turbWETntu0: Turbidity, WET Labs ECO [NTU]
# name 11 = prdM: Pressure, Strain Gauge [db]
# name 12 = prdE: Pressure, Strain Gauge [psi]
# name 13 = tv290C: Temperature [ITS-90, deg C]
# name 14 = flag:  0.000e+00
# span 0 =     -0.566,      9.753       
# span 1 =     -0.374,      0.166       
# span 2 =    -0.0975,    16.6698       
# span 3 =     -0.855,    188.933       
# span 4 =      0.643,    146.716       
# span 5 =   0.731647, 105.976165       
# span 6 =    -0.8920,    17.7694       
# span 7 =      7.148,     11.322       
# span 8 = -1240.7430,   877.9111       
# span 9 = 1.2342e-01, 2.4918e+03       
# span 10 =    -8.1795,   932.0519      
# span 11 =     -0.555,      9.566      
# span 12 =     -0.806,     13.874      
# span 13 =    10.8188,    31.9999      
# span 14 = 0.0000e+00, 0.0000e+00      
# interval = seconds: 0.25
# start_time = Jun 23 2025 11:23:46 [Instrument's time stamp, header]
# bad_flag = -9.990e-29
*END*
     -0.565 4.3363e-17     6.6108     91.213      0.665   0.757914    -0.0138      7.761 -1240.4921 3.4052e+02     0.3502     -0.554     -0.803    31.9968 0.0000e+00
     -0.565 4.7653e-16     6.6343     91.388      0.654   0.745352     0.0011      7.453 -1240.2809 6.2291e+02     0.4054     -0.555     -0.805    31.9975 0.0000e+00
     -0.565 5.2417e-15     6.6453     91.557      0.643   0.732702     0.0466      7.338 -1240.4921 9.8396e+02     0.9000     -0.554     -0.804    31.9981 0.0000e+00
     -0.565 5.7659e-14     6.6511     91.698      0.643   0.731647     0.0631      7.311 -1240.7224 1.3424e+03     1.4791     -0.554     -0.804    31.9995 0.0000e+00
     -0.565 6.3425e-13     6.6618     91.801      0.644   0.732590     0.0331      7.316 -1240.7430 1.6579e+03     1.6349     -0.554     -0.804    31.9999 0.0000e+00
     -0.565 6.9767e-12     6.6773     91.868      0.655   0.744105    -0.0160      7.324 -1240.7408 1.8435e+03     1.5883     -0.554     -0.803    31.9897 0.0000e+00
     -0.565 7.6744e-11     6.6938     91.947      0.655   0.744200    -0.0230      7.280 -1240.6960 1.8966e+03     1.7007     -0.554     -0.803    31.9570 0.0000e+00
     -0.565 8.4419e-10     6.7099     92.015      0.646   0.733731    -0.0011      7.188 -1240.2011 1.9023e+03     1.7647     -0.553     -0.803    31.9015 0.0000e+00
     -0.565 9.2860e-09     6.7261     92.049      0.656   0.744201    -0.0099      7.148 -1234.7570 1.9253e+03     1.6440     -0.554     -0.804    31.8420 0.0000e+00
     -0.565 1.0215e-07     6.7318     92.078      0.656   0.744117    -0.0043      7.158 -1174.8720 1.9781e+03     1.6429     -0.554     -0.804    31.7970 0.0000e+00
     -0.565      0.000     6.7437     92.114      0.646   0.732714     0.0250      7.159 -1028.2424 2.0398e+03     1.8189     -0.554     -0.804    31.7660 0.0000e+00
     -0.565      0.000     6.7519     92.164      0.646   0.733004     0.0446      7.169  -870.3332 2.0897e+03     2.3722     -0.554     -0.804    31.7466 0.0000e+00
     -0.565      0.000     6.7545     92.232      0.660   0.747621     0.0748      7.196  -769.9156 2.1167e+03     3.3789     -0.554     -0.804    31.7270 0.0000e+00
     -0.565      0.001     6.7588     92.313      0.692   0.782776     0.1154      7.236  -725.6018 2.1242e+03     4.0511     -0.554     -0.804    31.7127 0.0000e+00
     -0.566      0.006     6.7625     92.395      1.147   1.284727     0.1610      7.278  -676.2868 2.1217e+03     4.1801     -0.555     -0.806    31.6993 0.0000e+00
     -0.566      0.016     6.7664     92.487      6.479   7.196690     0.3263      7.357  -191.4633 2.0104e+03     5.0416     -0.554     -0.804    31.6963 0.0000e+00
     -0.565      0.031     6.7738     92.609     17.196  19.029698     0.6078      7.519   676.4273 1.5200e+03     6.8150     -0.555     -0.805    31.6761 0.0000e+00
     -0.560      0.051     6.7799     92.738     27.568  30.341605     0.7851      7.602   877.9111 1.1312e+03     7.8933     -0.554     -0.804    31.6803 0.0000e+00
     -0.545      0.076     6.7923     92.840     35.182  38.523557     0.8471      7.455   403.0764 1.5073e+03     8.1391     -0.538     -0.778    31.6239 0.0000e+00
     -0.523      0.103     6.8500     92.920     37.989  41.444800     0.9067      7.257   132.6145 2.0139e+03     8.1466     -0.515     -0.747    31.1721 0.0000e+00
     -0.493      0.128     6.9352     93.034     37.517  40.794621     0.9737      7.179   118.3193 1.9799e+03     7.9841     -0.488     -0.707    30.5350 0.0000e+00
     -0.453      0.148     7.0020     93.289     37.127  40.245605     1.0075      7.211   122.5130 1.5470e+03     7.8821     -0.446     -0.647    30.0686 0.0000e+00
     -0.406      0.161     7.0480     93.654     36.777  39.756610     1.0245      7.308   130.0616 1.4902e+03     7.9387     -0.397     -0.576    29.7453 0.0000e+00
     -0.359      0.166     7.0812     93.990     36.388  39.260866     1.0464      7.422   132.9284 2.0645e+03     8.0191     -0.351     -0.509    29.5240 0.0000e+00
     -0.315      0.161     7.1047     94.283     36.011  38.820594     1.0727      7.536   119.9196 2.4573e+03     7.9665     -0.309     -0.449    29.3586 0.0000e+00
     -0.271      0.149     7.1458     94.564     35.776  38.558068     1.1345      7.648   105.5317 2.4918e+03     7.9179     -0.263     -0.383    29.1890 0.0000e+00
     -0.231      0.132     7.2024     94.821     35.665  38.434604     1.1775      7.757   100.4147 2.4785e+03     7.9425     -0.223     -0.323    29.0227 0.0000e+00
     -0.200      0.115     7.2396     95.086     35.591  38.343103     1.2002      7.857    96.0794 2.4567e+03     8.0253     -0.193     -0.281    28.9186 0.0000e+00
     -0.176      0.102     7.2649     95.369     35.546  38.276649     1.2517      7.958    89.7672 2.4493e+03     8.0995     -0.170     -0.248    28.8804 0.0000e+00
     -0.157      0.097     7.2893     95.652     35.551  38.265645     1.2755      8.065    86.3004 2.4592e+03     8.0204     -0.152     -0.221    28.8807 0.0000e+00
     -0.141      0.099     7.3061     95.972     35.571  38.273477     1.2556      8.173    85.8244 2.4658e+03     7.9562     -0.139     -0.202    28.8820 0.0000e+00
     -0.121      0.104     7.3289     96.337     35.558  38.244413     1.2691      8.280    85.2177 2.4550e+03     8.0413     -0.124     -0.180    28.8624 0.0000e+00
     -0.091      0.108     7.3571     96.698     35.501  38.168040     1.3297      8.384    83.0079 2.3973e+03     8.1617     -0.094     -0.137    28.8307 0.0000e+00
     -0.051      0.106     7.3788     96.998     35.397  38.048049     1.3727      8.474    79.9277 2.1044e+03     8.1816     -0.048     -0.070    28.8077 0.0000e+00
     -0.013      0.097     7.4054     97.203     35.293  37.935795     1.3640      8.546    78.2610 1.5259e+03     8.0419     -0.008     -0.012    28.7958 0.0000e+00
      0.012      0.081     7.4382     97.320     35.252  37.889522     1.3330      8.610    77.8261 1.2752e+03     7.9083      0.016      0.024    28.7717 0.0000e+00
      0.027      0.059     7.4712     97.366     35.241  37.869291     1.3320      8.666    77.9399 1.8525e+03     7.8982      0.029      0.042    28.7444 0.0000e+00
      0.035      0.037     7.4974     97.356     35.203  37.818081     1.3591      8.717    78.9480 2.4222e+03     7.9531      0.036      0.052    28.7321 0.0000e+00
      0.038      0.020     7.5119     97.308     35.115  37.714509     1.3781      8.767    79.9481 2.2146e+03     7.9580      0.039      0.057    28.7375 0.0000e+00
      0.038      0.010     7.5204     97.236     34.985  37.568807     1.3700      8.817    80.2237 1.8193e+03     7.8206      0.037      0.054    28.7375 0.0000e+00
      0.036      0.006     7.5252     97.157     34.876  37.452387     1.3533      8.867    79.8716 1.7900e+03     7.7268      0.034      0.049    28.7251 0.0000e+00
      0.036      0.005     7.5264     97.083     34.809  37.385604     1.3674      8.916    79.2188 1.8850e+03     7.8144      0.034      0.050    28.7079 0.0000e+00
      0.040      0.006     7.5243     97.026     34.755  37.332422     1.3734      8.958    78.8696 1.6634e+03     7.8200      0.039      0.057    28.6913 0.0000e+00
      0.043      0.007     7.5194     96.992     34.739  37.316995     1.3518      8.993    78.5740 1.3208e+03     7.6920      0.043      0.062    28.6831 0.0000e+00
      0.045      0.008     7.5128     96.968     34.749  37.325984     1.3396      9.024    78.3125 1.2448e+03     7.6680      0.044      0.063    28.6846 0.0000e+00
      0.045      0.008     7.5057     96.951     34.739  37.314204     1.3421      9.051    78.4616 1.2862e+03     7.8372      0.044      0.064    28.6954 0.0000e+00
      0.046      0.007     7.4993     96.952     34.726  37.301461     1.3567      9.072    78.7418 1.1958e+03     8.0981      0.045      0.065    28.7030 0.0000e+00
      0.049      0.006     7.4976     96.957     34.721  37.298824     1.3492      9.089    79.1191 1.3029e+03     8.1576      0.048      0.069    28.7041 0.0000e+00
      0.053      0.004     7.4962     96.953     34.706  37.282333     1.3347      9.105    79.4956 1.7063e+03     8.0112      0.053      0.075    28.7012 0.0000e+00
      0.054      0.003     7.4944     96.938     34.658  37.228968     1.3401      9.122    79.7663 1.8564e+03     7.8651      0.055      0.079    28.6970 0.0000e+00
      0.054      0.002     7.4953     96.925     34.595  37.161215     1.3474      9.137    80.2413 1.5834e+03     7.8255      0.054      0.078    28.7002 0.0000e+00
      0.052      0.002     7.4949     96.931     34.533  37.097663     1.3650      9.151    81.1083 1.2332e+03     7.9085      0.051      0.075    28.7059 0.0000e+00
      0.051      0.003     7.4950     96.957     34.470  37.031644     1.3530      9.162    81.9905 1.3958e+03     7.8771      0.049      0.071    28.7051 0.0000e+00
      0.051      0.003     7.4939     96.982     34.439  36.997514     1.3109      9.173    81.8737 1.5916e+03     7.7882      0.049      0.072    28.7007 0.0000e+00
      0.054      0.003     7.4921     96.992     34.446  37.002251     1.3049      9.187    81.1584 1.3789e+03     7.7907      0.053      0.077    28.7015 0.0000e+00
      0.058      0.002     7.4918     96.977     34.470  37.025465     1.3308      9.206    81.2577 1.2867e+03     7.8037      0.057      0.083    28.7071 0.0000e+00
      0.060      0.001     7.4943     96.921     34.467  37.024378     1.3573      9.224    81.9560 1.3667e+03     7.8776      0.060      0.087    28.7103 0.0000e+00
      0.059      0.001     7.4966     96.841     34.430  36.989117     1.3590      9.236    82.2018 1.4327e+03     7.8984      0.060      0.086    28.7095 0.0000e+00
      0.055      0.000     7.4986     96.721     34.423  36.979839     1.3342      9.244    81.9924 1.2996e+03     7.8499      0.054      0.079    28.7035 0.0000e+00
      0.053      0.000     7.4980     96.262     34.426  36.975657     1.3163      9.254    81.9199 1.1604e+03     7.8387      0.050      0.073    28.6976 0.0000e+00
      0.054      0.001     7.4947     95.473     34.399  36.938542     1.3176      9.266    82.0128 1.2810e+03     7.8310      0.051      0.076    28.7023 0.0000e+00
      0.057      0.002     7.4813     95.014     34.378  36.911776     1.3340      9.279    82.1695 1.4210e+03     7.8245      0.057      0.083    28.7130 0.0000e+00
      0.060      0.003     7.4856     95.044     34.372  36.905825     1.3393      9.290    82.3521 1.3545e+03     7.7598      0.059      0.085    28.7108 0.0000e+00
      0.060      0.004     7.4622     95.003     34.336  36.866591     1.3226      9.300    82.5000 1.1811e+03     7.7663      0.058      0.085    28.6957 0.0000e+00
      0.059      0.004     7.3661     94.345     34.293  36.818107     1.3323      9.310    82.8394 1.0827e+03     7.9031      0.058      0.084    28.6813 0.0000e+00
      0.059      0.004     7.3294     92.880     34.305  36.827220     1.3643      9.320    83.1861 1.2787e+03     7.9793      0.057      0.083    28.6757 0.0000e+00
      0.060      0.004     7.3546     90.870     34.330  36.849864     1.3684      9.329    82.9057 1.5168e+03     7.9021      0.058      0.084    28.6794 0.0000e+00
      0.062      0.004     7.3644     88.622     34.322  36.838089     1.3487      9.337    82.4607 1.3098e+03     7.7554      0.060      0.087    28.6803 0.0000e+00
      0.065      0.003     7.3236     86.170     34.298  36.811742     1.3262      9.346    82.7097 1.0611e+03     7.7761      0.065      0.094    28.6739 0.0000e+00
      0.067      0.002     7.1988     83.605     34.272  36.785111     1.3293      9.355    83.1631 1.0221e+03     7.9480      0.067      0.097    28.6684 0.0000e+00
      0.065      0.002     7.0321     81.309     34.257  36.769904     1.3613      9.363    83.5544 9.7159e+02     8.0920      0.065      0.093    28.6635 0.0000e+00
      0.064      0.002     6.8627     79.753     34.244  36.754784     1.3630      9.371    84.2580 9.8535e+02     8.1169      0.061      0.088    28.6572 0.0000e+00
      0.064      0.002     6.6728     79.250     34.223  36.729184     1.3260      9.379    84.8732 1.2028e+03     8.0096      0.062      0.089    28.6560 0.0000e+00
      0.065      0.002     6.4607     79.816     34.211  36.714186     1.3046      9.385    84.8841 1.3919e+03     7.9900      0.064      0.092    28.6611 0.0000e+00
      0.067      0.003     6.2692     81.205     34.198  36.700340     1.3204      9.392    84.5619 1.2130e+03     8.0505      0.067      0.096    28.6631 0.0000e+00
      0.068      0.003     6.1394     82.990     34.185  36.688679     1.3341      9.399    84.5045 9.9446e+02     7.9208      0.068      0.098    28.6591 0.0000e+00
      0.068      0.003     6.1014     84.680     34.194  36.700101     1.3211      9.405    84.8785 1.0997e+03     7.7203      0.067      0.096    28.6529 0.0000e+00
      0.068      0.002     6.1526     85.927     34.204  36.711541     1.3117      9.410    85.5558 1.3788e+03     7.6764      0.067      0.096    28.6491 0.0000e+00
      0.069      0.002     6.2719     86.607     34.195  36.700101     1.3207      9.415    86.3265 1.4418e+03     7.7996      0.067      0.097    28.6507 0.0000e+00
      0.070      0.002     6.4246     86.733     34.186  36.688678     1.3386      9.419    86.8836 1.2869e+03     7.9465      0.069      0.099    28.6545 0.0000e+00
      0.070      0.002     6.5649     86.381     34.199  36.700329     1.3371      9.423    87.2156 1.5215e+03     7.8805      0.069      0.100    28.6576 0.0000e+00
      0.070      0.002     6.6634     85.691     34.214  36.714059     1.3105      9.426    87.5882 1.7950e+03     7.7187      0.069      0.100    28.6588 0.0000e+00
      0.071      0.002     6.7151     84.768     34.227  36.727789     1.2912      9.430    88.0329 1.4598e+03     7.6647      0.070      0.101    28.6575 0.0000e+00
      0.071      0.001     6.7245     83.685     34.237  36.739429     1.3038      9.435    88.4631 1.2679e+03     7.7059      0.070      0.101    28.6533 0.0000e+00
      0.072      0.001     6.6924     82.582     34.226  36.727891     1.3384      9.440    88.7451 1.4023e+03     7.8066      0.070      0.102    28.6485 0.0000e+00
      0.072      0.001     6.6362     81.512     34.213  36.715191     1.3436      9.444    88.8613 1.3143e+03     7.8235      0.071      0.103    28.6454 0.0000e+00
      0.072      0.001     6.5656     80.431     34.209  36.712778     1.3327      9.447    88.9218 1.3113e+03     7.8071      0.071      0.102    28.6446 0.0000e+00
      0.072      0.001     6.4748     79.343     34.195  36.698715     1.3400      9.449    88.7893 1.2918e+03     7.8478      0.071      0.103    28.6460 0.0000e+00
      0.072      0.001     6.3881     78.316     34.170  36.672067     1.3485      9.452    88.6357 1.1411e+03     7.8717      0.071      0.102    28.6478 0.0000e+00
      0.073      0.001     6.3085     77.467     34.144  36.644379     1.3605      9.455    88.6986 1.2981e+03     7.8907      0.072      0.103    28.6498 0.0000e+00
      0.073      0.001     6.2230     76.839     34.119  36.617749     1.3518      9.458    88.6033 1.4066e+03     7.8391      0.072      0.104    28.6522 0.0000e+00
      0.073      0.001     6.1383     76.373     34.105  36.603894     1.3348      9.462    88.4302 1.2662e+03     7.8622      0.072      0.104    28.6541 0.0000e+00
      0.074      0.002     6.0535     75.981     34.105  36.603755     1.3385      9.467    88.4127 1.5122e+03     8.0679      0.073      0.105    28.6544 0.0000e+00
      0.074      0.002     5.9865     75.546     34.116  36.616069     1.3458      9.471    88.2187 2.0624e+03     8.1737      0.073      0.106    28.6542 0.0000e+00
      0.074      0.003     5.9413     75.044     34.125  36.625879     1.3651      9.474    87.9787 2.1057e+03     8.1171      0.073      0.106    28.6551 0.0000e+00
      0.075      0.003     5.9056     74.547     34.097  36.595463     1.3645      9.477    87.9188 1.6381e+03     7.9650      0.074      0.107    28.6564 0.0000e+00
