Data/DataNotYetUploadedToEDI/Raw_CTD/RawDownloads/062325_fcr10_S7809002.cnv
* Sea-Bird SBE19plus  Data File:
* FileName = C:\R\Reservoirs\Data\DataNotYetUploadedToEDI\Raw_CTD\RawDownloads\062325_fcr50_S7809_0002.hex
* Software version 2.8.0.119
* Temperature SN = 7809
* Conductivity SN = 7809
* System UpLoad Time = Jun 24 2025 14:29:01
* <ApplicationData>
* <Seaterm232>
# nquan = 15
# nvalues = 1152                        
# units = specified
# name 0 = depFM: Depth [fresh water, m]
# name 1 = dz/dtM: Descent Rate [m/s]
# name 2 = sbeox0Mg/L: Oxygen, SBE 43 [mg/l]
# name 3 = sbeox0PS: Oxygen, SBE 43 [% saturation]
# name 4 = specc: Specific Conductance [uS/cm]
# name 5 = c0uS/cm: Conductivity [uS/cm]
# name 6 = flECO-AFL: Fluorescence, WET Labs ECO-AFL/FL [mg/m^3]
# name 7 = ph: pH
# name 8 = orp: Oxidation Reduction Potential [mV]
# name 9 = par/sat/log: PAR/Logarithmic, Satlantic
# name 10 = turbWETntu0: Turbidity, WET Labs ECO [NTU]
# name 11 = prdM: Pressure, Strain Gauge [db]
# name 12 = prdE: Pressure, Strain Gauge [psi]
# name 13 = tv290C: Temperature [ITS-90, deg C]
# name 14 = flag:  0.000e+00
# span 0 =     -0.569,      2.501       
# span 1 =     -0.342,      0.188       
# span 2 =     0.0262,    10.3358       
# span 3 =      0.282,    121.310       
# span 4 =      1.206,    158.941       
# span 5 =   1.202214, 131.261028       
# span 6 =    -1.6944,   227.6086       
# span 7 =      7.072,     10.138       
# span 8 = -1240.7455,   184.1987       
# span 9 = 7.0720e+00, 2.5721e+03       
# span 10 =   -11.0256,   144.9280      
# span 11 =     -0.558,      2.453      
# span 12 =     -0.810,      3.558      
# span 13 =    16.2661,    26.5290      
# span 14 = 0.0000e+00, 0.0000e+00      
# interval = seconds: 0.25
# start_time = Jun 23 2025 11:52:34 [Instrument's time stamp, header]
# bad_flag = -9.990e-29
*END*
[from data line 290]
      0.675      0.011     8.5094    101.201     36.346  36.633074     2.5868      9.877   117.3124 1.2624e+02     9.9709      0.661      0.960    25.3191 0.0000e+00
      0.678      0.011     8.4507    101.051     36.324  36.617267     2.5669      9.874   118.0435 1.2912e+02     9.8629      0.665      0.965    25.3227 0.0000e+00
      0.681      0.011     8.3952    101.136     36.310  36.606307     2.5323      9.871   118.8394 1.3201e+02     9.9190      0.668      0.968    25.3476 0.0000e+00
      0.685      0.010     8.3337    101.361     36.269  36.564010     2.4849      9.867   119.4497 1.3446e+02    10.1023      0.671      0.974    25.3752 0.0000e+00
      0.687      0.009     8.2921    101.684     36.319  36.613471     2.4516      9.861   119.9165 1.3638e+02    10.1324      0.675      0.979    25.3912 0.0000e+00
      0.689      0.008     8.2807    102.051     36.531  36.823620     2.4127      9.855   120.2670 1.3785e+02    10.0099      0.676      0.980    25.3999 0.0000e+00
      0.691      0.008     8.2913    102.346     36.734  37.010981     2.3812      9.850   120.5902 1.3901e+02    10.0564      0.678      0.982    25.4025 0.0000e+00
      0.692      0.007     8.3104    102.487     36.793  37.038708     2.3952      9.844   121.0709 1.3995e+02    10.3185      0.679      0.984    25.4008 0.0000e+00
      0.693      0.006     8.3373    102.452     36.819  37.031916     2.4314      9.839   121.6054 1.4106e+02    10.5820      0.679      0.985    25.3999 0.0000e+00
      0.696      0.006     8.3726    102.315     36.930  37.119160     2.4279      9.833   122.0622 1.4287e+02    10.6466      0.682      0.989    25.4006 0.0000e+00
      0.698      0.006     8.4010    102.180     37.100  37.268639     2.3945      9.827   122.4646 1.4543e+02    10.5531      0.685      0.993    25.3824 0.0000e+00
      0.699      0.006     8.4225    102.010     37.233  37.379803     2.4183      9.821   122.8571 1.4849e+02    10.5451      0.685      0.994    25.3277 0.0000e+00
      0.700      0.006     8.4254    101.680     37.328  37.447947     2.4914      9.814   123.3660 1.5213e+02    10.6514      0.686      0.995    25.2761 0.0000e+00
      0.701      0.005     8.4131    101.212     37.495  37.584890     2.5290      9.806   123.9715 1.5638e+02    10.7109      0.687      0.997    25.2491 0.0000e+00
      0.703      0.004     8.4079    100.764     37.777  37.829878     2.5071      9.798   124.4991 1.6080e+02    10.6163      0.689      1.000    25.2221 0.0000e+00
      0.704      0.004     8.4044    100.389     38.055  38.062185     2.4592      9.789   124.9271 1.6494e+02    10.4976      0.691      1.002    25.1915 0.0000e+00
      0.705      0.004     8.3824    100.035     38.218  38.172688     2.4494      9.781   125.3610 1.6866e+02    10.5744      0.691      1.002    25.1582 0.0000e+00
      0.705      0.004     8.3421     99.697     38.308  38.214043     2.4885      9.773   125.7870 1.7249e+02    10.6907      0.692      1.003    25.1155 0.0000e+00
      0.706      0.004     8.3117     99.389     38.376  38.244850     2.5245      9.764   126.2069 1.7624e+02    10.6737      0.692      1.004    25.0681 0.0000e+00
      0.707      0.005     8.2935     99.094     38.385  38.227833     2.5180      9.755   126.6521 1.7980e+02    10.6417      0.693      1.006    25.0086 0.0000e+00
      0.708      0.006     8.2743     98.765     38.370  38.198613     2.4773      9.747   127.1262 1.8387e+02    10.7143      0.695      1.008    24.9333 0.0000e+00
      0.710      0.007     8.2570     98.403     38.384  38.208822     2.4641      9.738   127.6375 1.8918e+02    10.8685      0.696      1.010    24.8648 0.0000e+00
      0.712      0.007     8.2380     98.075     38.403  38.224352     2.4923      9.728   128.0155 1.9563e+02    10.9002      0.698      1.012    24.8181 0.0000e+00
      0.714      0.008     8.2220     97.835     38.445  38.259470     2.5269      9.718   128.2550 2.0213e+02    10.7560      0.701      1.016    24.7827 0.0000e+00
      0.716      0.008     8.1971     97.620     38.508  38.316133     2.5409      9.706   128.5537 2.0882e+02    10.6276      0.703      1.019    24.7637 0.0000e+00
      0.718      0.009     8.1644     97.363     38.532  38.338342     2.5206      9.694   128.8745 2.1818e+02    10.6461      0.704      1.021    24.7667 0.0000e+00
      0.720      0.010     8.1346     97.154     38.530  38.337619     2.5142      9.682   129.2079 2.2913e+02    10.7745      0.706      1.023    24.7643 0.0000e+00
      0.723      0.010     8.1191     97.048     38.558  38.370859     2.5140      9.669   129.5734 2.3875e+02    10.8482      0.708      1.027    24.7506 0.0000e+00
      0.726      0.010     8.1078     96.954     38.603  38.422965     2.4844      9.656   129.8519 2.5054e+02    10.8199      0.712      1.033    24.7429 0.0000e+00
      0.730      0.010     8.0802     96.805     38.638  38.459985     2.4643      9.642   130.1669 2.6544e+02    10.8082      0.716      1.039    24.7416 0.0000e+00
      0.732      0.009     8.0607     96.592     38.687  38.501175     2.4540      9.628   130.5425 2.7592e+02    10.9110      0.718      1.042    24.7414 0.0000e+00
      0.734      0.008     8.0557     96.270     38.740  38.540237     2.4593      9.614   130.7795 2.8103e+02    11.1403      0.720      1.044    24.7489 0.0000e+00
      0.735      0.008     8.0478     95.838     38.765  38.551515     2.4701      9.602   130.9676 2.8816e+02    11.2584      0.721      1.045    24.7649 0.0000e+00
      0.736      0.008     8.0327     95.420     38.731  38.510601     2.4681      9.589   131.0965 2.9630e+02    11.1433      0.722      1.047    24.7698 0.0000e+00
      0.737      0.009     8.0204     95.158     38.648  38.426279     2.4681      9.576   130.9605 3.0152e+02    11.0464      0.723      1.049    24.7558 0.0000e+00
      0.740      0.010     7.9972     95.070     38.581  38.356932     2.4544      9.563   130.7864 3.0229e+02    11.0438      0.725      1.052    24.7355 0.0000e+00
      0.744      0.010     7.9596     95.128     38.539  38.306701     2.4430      9.550   130.7129 3.0307e+02    11.1120      0.730      1.058    24.7166 0.0000e+00
      0.748      0.009     7.9205     95.322     38.504  38.263117     2.4306      9.537   130.5019 3.0837e+02    11.1879      0.735      1.065    24.7052 0.0000e+00
      0.751      0.008     7.8993     95.584     38.454  38.210699     2.3968      9.525   130.2995 3.1222e+02    11.1416      0.737      1.069    24.7081 0.0000e+00
      0.751      0.007     7.8938     95.854     38.423  38.180567     2.3750      9.513   130.3315 3.1338e+02    11.0649      0.737      1.069    24.7080 0.0000e+00
      0.752      0.006     7.8991     96.114     38.454  38.216072     2.3922      9.500   130.6302 3.1098e+02    11.0801      0.737      1.069    24.6926 0.0000e+00
      0.753      0.005     7.9207     96.355     38.424  38.195801     2.4382      9.488   131.0712 3.0668e+02    11.1550      0.738      1.072    24.6787 0.0000e+00
      0.755      0.005     7.9449     96.572     38.344  38.125860     2.4478      9.477   131.4479 3.0854e+02    11.1163      0.740      1.074    24.6757 0.0000e+00
      0.756      0.005     7.9668     96.784     38.407  38.195369     2.4082      9.466   131.8294 3.1354e+02    10.9530      0.742      1.075    24.6793 0.0000e+00
      0.758      0.004     7.9881     96.971     38.543  38.338219     2.3760      9.457   132.1567 3.1668e+02    10.8549      0.744      1.077    24.6828 0.0000e+00
      0.760      0.003     8.0071     97.024     38.523  38.330092     2.3667      9.448   132.3079 3.1874e+02    10.9200      0.745      1.080    24.6946 0.0000e+00
      0.761      0.002     8.0214     96.908     38.406  38.224036     2.3793      9.441   132.4532 3.1735e+02    11.0570      0.746      1.082    24.7121 0.0000e+00
      0.761      0.001     8.0373     96.768     38.372  38.198145     2.3697      9.434   132.7087 3.1213e+02    11.0427      0.746      1.082    24.7187 0.0000e+00
      0.760      0.000     8.0570     96.736     38.373  38.207434     2.3339      9.426   132.9880 3.0731e+02    10.9865      0.745      1.081    24.7254 0.0000e+00
      0.759      0.000     8.0615     96.782     38.366  38.209447     2.3462      9.419   133.2484 3.0158e+02    11.0945      0.744      1.079    24.7433 0.0000e+00
      0.759      0.001     8.0423     96.835     38.368  38.222496     2.3855      9.413   133.5339 2.9675e+02    11.1867      0.744      1.079    24.7604 0.0000e+00
      0.759      0.002     8.0243     96.892     38.307  38.174853     2.3923      9.408   133.7731 2.9600e+02    11.1795      0.745      1.080    24.7681 0.0000e+00
      0.760      0.004     8.0230     96.961     38.192  38.077604     2.3785      9.403   133.9892 2.8823e+02    11.1097      0.745      1.081    24.7772 0.0000e+00
      0.761      0.005     8.0279     97.018     38.095  37.998539     2.3760      9.398   134.3401 2.7460e+02    11.0264      0.746      1.081    24.7908 0.0000e+00
      0.762      0.006     8.0294     97.007     37.998  37.916938     2.4040      9.393   134.6602 2.6821e+02    11.0611      0.748      1.084    24.8035 0.0000e+00
      0.765      0.006     8.0311     96.830     37.854  37.789005     2.4343      9.388   134.8483 2.6795e+02    11.1188      0.750      1.088    24.8203 0.0000e+00
      0.768      0.005     8.0347     96.491     37.704  37.657385     2.4263      9.383   135.0659 2.7042e+02    11.0409      0.753      1.092    24.8444 0.0000e+00
      0.770      0.004     8.0359     96.121     37.628  37.594657     2.3827      9.378   135.3119 2.7053e+02    10.8023      0.755      1.095    24.8687 0.0000e+00
      0.770      0.003     8.0370     95.783     37.638  37.601686     2.3400      9.373   135.5856 2.6513e+02    10.6244      0.756      1.096    24.8879 0.0000e+00
      0.770      0.002     8.0209     95.529     37.728  37.678910     2.3425      9.368   135.7951 2.5959e+02    10.6667      0.755      1.095    24.9047 0.0000e+00
      0.769      0.002     7.9811     95.469     37.955  37.893791     2.3710      9.363   135.9518 2.5404e+02    10.6648      0.755      1.094    24.9331 0.0000e+00
      0.769      0.003     7.9470     95.699     38.239  38.169203     2.3687      9.359   136.1038 2.4671e+02    10.4990      0.754      1.093    24.9593 0.0000e+00
      0.769      0.005     7.9192     96.247     38.354  38.280275     2.3396      9.355   136.0834 2.3947e+02    10.3702      0.753      1.092    24.9515 0.0000e+00
      0.770      0.006     7.8973     97.015     38.296  38.221454     2.3268      9.350   136.1362 2.2988e+02    10.4401      0.755      1.094    24.9278 0.0000e+00
      0.773      0.006     7.8921     97.783     38.232  38.156022     2.3475      9.345   136.4833 2.1527e+02    10.6256      0.758      1.100    24.9119 0.0000e+00
      0.777      0.005     7.9107     98.303     38.207  38.123707     2.3728      9.341   136.8386 2.0087e+02    10.6325      0.763      1.107    24.9025 0.0000e+00
      0.779      0.004     7.9600     98.423     38.179  38.084558     2.3745      9.337   137.0770 1.9123e+02    10.4215      0.765      1.110    24.8966 0.0000e+00
      0.778      0.004     8.0305     98.153     38.106  37.999943     2.3682      9.333   137.3003 1.8532e+02    10.2944      0.764      1.108    24.8969 0.0000e+00
      0.777      0.004     8.1018     97.624     37.981  37.862081     2.3881      9.330   137.5600 1.8154e+02    10.3939      0.761      1.103    24.8996 0.0000e+00
      0.776      0.005     8.1513     96.975     37.882  37.750225     2.4326      9.325   137.8080 1.7902e+02    10.6336      0.760      1.102    24.8881 0.0000e+00
      0.778      0.007     8.1637     96.329     37.807  37.662769     2.4397      9.321   137.8898 1.7780e+02    10.7671      0.762      1.105    24.8695 0.0000e+00
      0.783      0.009     8.1382     95.820     37.725  37.566100     2.3997      9.316   137.8604 1.7712e+02    10.6764      0.768      1.114    24.8546 0.0000e+00
      0.787      0.009     8.0935     95.569     37.710  37.533209     2.3729      9.311   137.9691 1.7563e+02    10.5951      0.773      1.121    24.8370 0.0000e+00
      0.790      0.008     8.0389     95.617     37.777  37.582330     2.3735      9.307   138.2578 1.7382e+02    10.7757      0.775      1.123    24.8185 0.0000e+00
      0.791      0.005     7.9838     95.963     37.924  37.715811     2.3828      9.303   138.5974 1.7183e+02    11.0832      0.775      1.124    24.8041 0.0000e+00
      0.791      0.002     7.9399     96.585     38.091  37.878001     2.3681      9.299   138.8921 1.6868e+02    11.1363      0.775      1.124    24.7862 0.0000e+00
      0.790      0.001     7.9220     97.347     38.103  37.893506     2.3295      9.294   139.1528 1.6450e+02    11.0424      0.775      1.123    24.7599 0.0000e+00
      0.790      0.001     7.9310     98.097     37.981  37.776382     2.3157      9.289   139.5128 1.6025e+02    11.0408      0.774      1.123    24.7335 0.0000e+00
      0.789      0.002     7.9608     98.743     37.872  37.667521     2.3512      9.285   139.9753 1.5650e+02    11.0137      0.774      1.122    24.7152 0.0000e+00
      0.789      0.004     8.0187     99.192     37.802  37.592564     2.4177      9.283   140.4435 1.5320e+02    10.8861      0.774      1.122    24.7104 0.0000e+00
      0.790      0.007     8.0861     99.348     37.783  37.568074     2.4367      9.279   140.8715 1.5031e+02    10.7280      0.774      1.123    24.7195 0.0000e+00
      0.793      0.009     8.1478     99.191     37.781  37.561764     2.3983      9.274   141.2787 1.4815e+02    10.6389      0.778      1.129    24.7287 0.0000e+00
      0.797      0.010     8.2053     98.867     37.737  37.516265     2.3776      9.270   141.7526 1.4675e+02    10.6964      0.781      1.133    24.7272 0.0000e+00
      0.799      0.011     8.2466     98.611     37.687  37.462129     2.3942      9.266   142.2131 1.4580e+02    10.8432      0.783      1.137    24.7185 0.0000e+00
      0.802      0.011     8.2630     98.520     37.650  37.414835     2.4244      9.262   142.5454 1.4509e+02    10.8427      0.787      1.141    24.7079 0.0000e+00
      0.805      0.011     8.2466     98.585     37.645  37.388608     2.4266      9.259   142.8458 1.4436e+02    10.6897      0.790      1.144    24.7026 0.0000e+00
      0.807      0.011     8.2092     98.740     37.683  37.398815     2.4216      9.256   143.1775 1.4361e+02    10.7363      0.791      1.147    24.7025 0.0000e+00
      0.810      0.010     8.1878     98.929     37.723  37.411299     2.4457      9.254   143.4583 1.4299e+02    10.9954      0.794      1.151    24.6997 0.0000e+00
      0.813      0.010     8.1822     99.208     37.748  37.412592     2.4600      9.251   143.7462 1.4219e+02    11.1240      0.797      1.156    24.6862 0.0000e+00
      0.816      0.009     8.1935     99.609     37.771  37.414414     2.4530      9.246   144.0770 1.4089e+02    11.0273      0.801      1.160    24.6581 0.0000e+00
      0.818      0.008     8.2171    100.108     37.809  37.433294     2.4114      9.241   144.3610 1.3934e+02    10.8167      0.803      1.165    24.6179 0.0000e+00
      0.820      0.006     8.2338    100.650     37.844  37.450489     2.3565      9.239   144.5980 1.3752e+02    10.7298      0.804      1.167    24.5785 0.0000e+00
      0.821      0.005     8.2613    101.124     37.844  37.431927     2.3625      9.238   144.8780 1.3531e+02    10.8318      0.805      1.167    24.5489 0.0000e+00
      0.822      0.005     8.3009    101.549     37.822  37.399196     2.3928      9.234   145.2507 1.3310e+02    10.8873      0.806      1.169    24.5194 0.0000e+00
      0.823      0.006     8.3453    102.013     37.794  37.371992     2.3898      9.230   145.6634 1.3114e+02    10.7526      0.807      1.171    24.4960 0.0000e+00
