Data/DataNotYetUploadedToEDI/Raw_CTD/RawDownloads/062325_fcr30_S7809004.cnv
* Sea-Bird SBE19plus  Data File:
* FileName = C:\R\Reservoirs\Data\DataNotYetUploadedToEDI\Raw_CTD\RawDownloads\062325_fcr50_S7809_0004.hex
* Software version 2.8.0.119
* Temperature SN = 7809
* Conductivity SN = 7809
* System UpLoad Time = Jun 24 2025 14:30:22
* <ApplicationData>
* <Seaterm232>
# nquan = 15
# nvalues = 1760                        
# units = specified
# name 0 = depFM: Depth [fresh water, m]
# name 1 = dz/dtM: Descent Rate [m/s]
# name 2 = sbeox0Mg/L: Oxygen, SBE 43 [mg/l]
# name 3 = sbeox0PS: Oxygen, SBE 43 [% saturation]
# name 4 = specc: Specific Conductance [uS/cm]
# name 5 = c0uS/cm: Conductivity [uS/cm]
# name 6 = flECO-AFL: Fluorescence, WET Labs ECO-AFL/FL [mg/m^3]
# name 7 = ph: pH
# name 8 = orp: Oxidation Reduction Potential [mV]
# name 9 = par/sat/log: PAR/Logarithmic, Satlantic
# name 10 = turbWETntu0: Turbidity, WET Labs ECO [NTU]
# name 11 = prdM: Pressure, Strain Gauge [db]
# name 12 = prdE: Pressure, Strain Gauge [psi]
# name 13 = tv290C: Temperature [ITS-90, deg C]
# name 14 = flag:  0.000e+00
# span 0 =     -0.564,      5.293       
# span 1 =     -0.368,      0.168       
# span 2 =    -0.1311,    17.0949       
# span 3 =     -1.054,    196.052       
# span 4 =      0.797,     60.174       
# span 5 =   0.814034,  46.904405       
# span 6 =    -0.6668,   227.5044       
# span 7 =      7.860,     11.475       
# span 8 =  -495.6469,   566.5968       
# span 9 = 4.9848e-01, 2.2692e+03       
# span 10 =    -8.8453,   239.1008      
# span 11 =     -0.554,      5.191      
# span 12 =     -0.803,      7.530      
# span 13 =    11.0953,    27.6928      
# span 14 = 0.0000e+00, 0.0000e+00      
# interval = seconds: 0.25
# start_time = Jun 23 2025 12:14:15 [Instrument's time stamp, header]
# bad_flag = -9.990e-29
*END*
[from data line 964]
      3.618      0.025     0.0395      0.342     57.438  43.477535     2.2667      8.345   -77.2644 6.1721e+00     2.6946      3.547      5.144    12.8763 0.0000e+00
      3.627      0.024     0.0482      0.326     57.642  43.615640     2.2919      8.343   -77.5614 6.1398e+00     2.7231      3.557      5.157    12.8651 0.0000e+00
      3.635      0.024     0.0473      0.335     57.773  43.711054     2.3077      8.342   -77.7622 6.1040e+00     2.8774      3.565      5.172    12.8665 0.0000e+00
      3.641      0.024     0.0418      0.331     57.897  43.805987     2.3239      8.340   -77.8855 6.0774e+00     3.0234      3.571      5.180    12.8629 0.0000e+00
      3.645      0.025     0.0345      0.331     57.998  43.874793     2.3224      8.339   -78.0194 6.0624e+00     3.0187      3.575      5.186    12.8442 0.0000e+00
      3.649      0.026     0.0327      0.339     58.059  43.908198     2.2815      8.337   -78.2619 6.0331e+00     2.8896      3.577      5.189    12.8243 0.0000e+00
      3.655      0.027     0.0375      0.349     58.140  43.955970     2.2530      8.334   -78.4090 5.9928e+00     2.8276      3.583      5.197    12.8247 0.0000e+00
      3.663      0.028     0.0341      0.361     58.238  44.008050     2.2442      8.332   -78.5077 5.9668e+00     2.8838      3.593      5.211    12.8330 0.0000e+00
      3.672      0.030     0.0348      0.376     58.310  44.030048     2.2506      8.332   -78.7669 5.9435e+00     3.0231      3.601      5.223    12.8237 0.0000e+00
      3.681      0.030     0.0362      0.399     58.355  44.031468     2.2556      8.331   -79.0479 5.9074e+00     3.1114      3.611      5.237    12.8087 0.0000e+00
      3.689      0.030     0.0364      0.402     58.392  44.025185     2.2376      8.329   -79.3246 5.8716e+00     3.0631      3.619      5.248    12.8022 0.0000e+00
      3.696      0.029     0.0388      0.399     58.439  44.017526     2.2325      8.327   -79.5307 5.8476e+00     3.0201      3.624      5.256    12.7841 0.0000e+00
      3.703      0.027     0.0383      0.419     58.483  44.002289     2.2516      8.326   -79.4756 5.8296e+00     3.1034      3.631      5.266    12.7510 0.0000e+00
      3.710      0.025     0.0440      0.428     58.488  43.967858     2.2781      8.324   -79.3465 5.8084e+00     3.2846      3.639      5.277    12.7232 0.0000e+00
      3.717      0.025     0.0435      0.405     58.451  43.918565     2.2774      8.322   -79.4321 5.7779e+00     3.3321      3.644      5.286    12.6984 0.0000e+00
      3.722      0.024     0.0396      0.370     58.376  43.850611     2.2516      8.320   -79.5645 5.7468e+00     3.2691      3.650      5.294    12.6610 0.0000e+00
      3.728      0.024     0.0459      0.348     58.296  43.780987     2.1917      8.318   -79.5703 5.7308e+00     3.7182      3.656      5.302    12.6132 0.0000e+00
      3.734      0.024     0.0469      0.341     58.212  43.711504     2.0939      8.316   -79.5885 5.7145e+00     4.6632      3.661      5.310    12.5768 0.0000e+00
      3.740      0.025     0.0438      0.354     58.140  43.645258     2.0509      8.315   -79.6985 5.6875e+00     5.2666      3.667      5.319    12.5638 0.0000e+00
      3.746      0.025     0.0384      0.378     58.133  43.614765     2.0386      8.315   -79.8682 5.6655e+00     5.3775      3.673      5.327    12.5564 0.0000e+00
      3.752      0.025     0.0367      0.384     58.150  43.596693     1.9616      8.314   -80.0053 5.6418e+00     5.7648      3.679      5.336    12.5457 0.0000e+00
      3.760      0.025     0.0355      0.388     58.118  43.553658     1.8601      8.313   -80.0654 5.6130e+00     6.6358      3.687      5.347    12.5432 0.0000e+00
      3.767      0.026     0.0366      0.402     58.099  43.538740     1.8277      8.311   -80.0779 5.5918e+00     7.2325      3.695      5.359    12.5382 0.0000e+00
      3.773      0.027     0.0421      0.403     58.180  43.606755     1.8532      8.309   -80.1568 5.5760e+00     7.4109      3.701      5.368    12.5121 0.0000e+00
      3.778      0.027     0.0404      0.369     58.280  43.677795     1.8513      8.307   -80.3308 5.5621e+00     7.4605      3.704      5.373    12.4787 0.0000e+00
      3.785      0.026     0.0409      0.337     58.334  43.699441     1.7624      8.305   -80.4618 5.5395e+00     7.9695      3.710      5.381    12.4604 0.0000e+00
      3.794      0.025     0.0428      0.327     58.419  43.741502     1.6364      8.304   -80.5357 5.5071e+00     9.0899      3.721      5.396    12.4634 0.0000e+00
      3.803      0.023     0.0456      0.317     58.521  43.805462     1.5934      8.304   -80.6213 5.4862e+00     9.8372      3.731      5.410    12.4769 0.0000e+00
      3.809      0.020     0.0390      0.317     58.566  43.837989     1.6244      8.303   -80.6372 5.4767e+00    10.0716      3.736      5.418    12.4752 0.0000e+00
      3.811      0.015     0.0342      0.341     58.626  43.880874     1.6204      8.300   -80.6417 5.4708e+00    10.2495      3.737      5.420    12.4537 0.0000e+00
      3.814      0.011     0.0359      0.365     58.709  43.943121     1.5536      8.298   -80.7618 5.4710e+00    10.3490      3.740      5.424    12.4309 0.0000e+00
      3.816      0.010     0.0333      0.380     58.708  43.955838     1.4903      8.298   -80.8855 5.4711e+00    10.3170      3.743      5.429    12.4204 0.0000e+00
      3.816      0.013     0.0323      0.395     58.616  43.907700     1.4878      8.297   -80.9323 5.4591e+00    10.3410      3.742      5.428    12.4242 0.0000e+00
      3.818      0.018     0.0367      0.398     58.374  43.741975     1.5648      8.297   -80.9832 5.4303e+00    10.4350      3.743      5.429    12.4226 0.0000e+00
      3.823      0.028     0.0400      0.388     57.760  43.285102     1.6644      8.297   -81.0702 5.4047e+00    10.4630      3.749      5.437    12.4150 0.0000e+00
      3.828      0.038     0.0397      0.383     56.763  42.509579     1.6936      8.297   -81.2102 5.3799e+00    10.4392      3.753      5.443    12.4310 0.0000e+00
      3.838      0.047     0.0434      0.397     56.306  42.108899     1.6598      8.296   -81.2132 5.3322e+00    10.4551      3.761      5.454    12.4537 0.0000e+00
      3.855      0.051     0.0426      0.400     56.901  42.502678     1.5721      8.295   -80.8489 5.2704e+00    11.5776      3.779      5.480    12.4650 0.0000e+00
      3.876      0.050     0.0417      0.371     57.356  42.827630     1.4406      8.294   -80.5046 5.2155e+00    13.7295      3.802      5.515    12.4777 0.0000e+00
      3.895      0.047     0.0393      0.361     56.537  42.229535     1.3681      8.293   -80.4918 5.1884e+00    14.8841      3.823      5.547    12.4550 0.0000e+00
      3.905      0.043     0.0425      0.372     54.596  40.793130     1.3448      8.292   -80.6947 5.1873e+00    14.9153      3.832      5.558    12.3856 0.0000e+00
      3.908      0.039     0.0459      0.372     52.704  39.359888     1.3334      8.290   -80.8927 5.1896e+00    14.8576      3.832      5.558    12.3318 0.0000e+00
      3.911      0.036     0.0371      0.364     51.942  38.735859     1.3802      8.289   -80.9932 5.1754e+00    14.9380      3.833      5.559    12.3217 0.0000e+00
      3.920      0.035     0.0378      0.369     52.326  38.959660     1.4439      8.288   -81.0492 5.1395e+00    15.0673      3.843      5.573    12.3430 0.0000e+00
      3.933      0.036     0.0405      0.382     52.892  39.336948     1.4542      8.287   -80.9676 5.0985e+00    15.0548      3.858      5.596    12.3697 0.0000e+00
      3.947      0.036     0.0400      0.379     52.785  39.236016     1.4217      8.286   -80.9527 5.0666e+00    14.9233      3.872      5.615    12.3525 0.0000e+00
      3.958      0.034     0.0385      0.375     52.145  38.754657     1.4002      8.283   -81.1270 5.0422e+00    14.9469      3.883      5.632    12.2860 0.0000e+00
      3.965      0.030     0.0383      0.391     51.587  38.339958     1.4193      8.281   -81.1829 5.0097e+00    15.2376      3.889      5.641    12.2183 0.0000e+00
      3.969      0.025     0.0428      0.401     51.092  37.966123     1.4613      8.280   -81.1114 4.9828e+00    15.4997      3.891      5.644    12.1762 0.0000e+00
      3.974      0.023     0.0405      0.381     50.348  37.407560     1.4667      8.280   -81.1234 4.9888e+00    15.4867      3.898      5.654    12.1564 0.0000e+00
      3.979      0.023     0.0388      0.370     49.604  36.853380     1.4185      8.279   -81.1568 5.0003e+00    15.4894      3.904      5.662    12.1559 0.0000e+00
      3.984      0.025     0.0419      0.393     49.090  36.468976     1.3686      8.277   -81.0848 4.9876e+00    15.7368      3.905      5.664    12.1608 0.0000e+00
      3.989      0.027     0.0452      0.392     48.896  36.313209     1.3636      8.276   -81.0270 4.9683e+00    15.9851      3.911      5.673    12.1527 0.0000e+00
      3.998      0.028     0.0409      0.359     49.160  36.492899     1.3907      8.275   -80.9738 4.9510e+00    16.1688      3.920      5.685    12.1420 0.0000e+00
      4.008      0.027     0.0364      0.358     49.676  36.864848     1.3390      8.272   -80.8727 4.9320e+00    16.6937      3.930      5.700    12.1456 0.0000e+00
      4.018      0.025     0.0440      0.373     49.952  37.066598     1.2128      8.270   -80.9230 4.9199e+00    17.6177      3.941      5.716    12.1475 0.0000e+00
      4.024      0.024     0.0447      0.389     49.638  36.838224     1.1466      8.270   -81.0653 4.9038e+00    18.1858      3.947      5.725    12.1328 0.0000e+00
      4.026      0.024     0.0353      0.428     49.108  36.451409     1.1464      8.269   -81.1308 4.8752e+00    18.2680      3.948      5.727    12.1113 0.0000e+00
      4.027      0.026     0.0380      0.455     49.113  36.450749     1.1768      8.268   -81.1978 4.8528e+00    18.5091      3.948      5.726    12.0997 0.0000e+00
      4.031      0.028     0.0416      0.464     49.561  36.766794     1.1978      8.267   -81.2734 4.8286e+00    18.9155      3.952      5.730    12.0966 0.0000e+00
      4.041      0.030     0.0390      0.498     50.116  37.163417     1.1833      8.266   -81.2700 4.7772e+00    19.1502      3.961      5.744    12.1011 0.0000e+00
      4.055      0.031     0.0473      0.563     50.662  37.565847     1.1686      8.265   -81.2434 4.7265e+00    19.2288      3.977      5.770    12.1173 0.0000e+00
      4.067      0.030     0.0503      0.631     50.566  37.507858     1.1867      8.264   -81.2960 4.7070e+00    19.2508      3.991      5.789    12.1121 0.0000e+00
      4.075      0.029     0.0483      0.695     49.727  36.906454     1.2272      8.263   -81.3900 4.7028e+00    19.2458      3.997      5.797    12.0879 0.0000e+00
      4.078      0.027     0.0522      0.763     49.270  36.576471     1.2251      8.262   -81.3472 4.7058e+00    19.2025      3.999      5.801    12.0699 0.0000e+00
      4.080      0.027     0.0607      0.823     49.520  36.754324     1.1869      8.260   -81.2077 4.6983e+00    19.2054      4.000      5.802    12.0655 0.0000e+00
      4.085      0.028     0.0686      0.873     49.810  36.962861     1.1724      8.259   -81.1665 4.6608e+00    19.2464      4.004      5.805    12.0813 0.0000e+00
      4.095      0.029     0.0737      0.918     50.113  37.194230     1.1915      8.256   -81.1944 4.6188e+00    19.2206      4.015      5.823    12.1113 0.0000e+00
      4.107      0.029     0.0830      0.942     50.534  37.521204     1.2190      8.253   -81.2004 4.5916e+00    19.1324      4.029      5.844    12.1254 0.0000e+00
      4.117      0.026     0.0889      0.935     50.984  37.870388     1.2133      8.249   -81.1531 4.5755e+00    19.0000      4.039      5.858    12.1064 0.0000e+00
      4.124      0.020     0.0935      0.906     51.385  38.179852     1.1811      8.246   -81.1391 4.5656e+00    18.9522      4.045      5.867    12.0936 0.0000e+00
      4.127      0.015     0.0998      0.881     51.502  38.280372     1.1710      8.243   -81.1170 4.5600e+00    19.0321      4.048      5.871    12.1056 0.0000e+00
      4.127      0.010     0.1025      0.882     51.111  38.006973     1.1826      8.240   -80.9712 4.5591e+00    19.1463      4.049      5.872    12.1228 0.0000e+00
      4.127      0.010     0.1013      0.904     50.121  37.285639     1.1882      8.236   -80.7531 4.5643e+00    19.1720      4.046      5.868    12.1375 0.0000e+00
      4.128      0.013     0.0973      0.925     49.119  36.539046     1.1721      8.235   -80.4591 4.5760e+00    19.0351      4.047      5.869    12.1476 0.0000e+00
      4.130      0.019     0.0933      0.941     48.713  36.213931     1.1627      8.234   -80.0833 4.5736e+00    18.9604      4.049      5.872    12.1578 0.0000e+00
      4.135      0.027     0.0936      0.952     48.502  36.019762     1.1989      8.232   -79.8234 4.5440e+00    19.0539      4.054      5.880    12.1788 0.0000e+00
      4.144      0.033     0.0976      0.972     48.139  35.714168     1.2274      8.231   -79.7259 4.5126e+00    19.0729      4.064      5.894    12.1992 0.0000e+00
      4.156      0.037     0.0992      1.027     47.800  35.437768     1.2158      8.230   -79.5931 4.4828e+00    18.9844      4.074      5.909    12.1995 0.0000e+00
      4.169      0.037     0.1013      1.127     47.784  35.406190     1.1584      8.229   -79.3361 4.4492e+00    18.7708      4.088      5.929    12.1731 0.0000e+00
      4.181      0.035     0.1021      1.271     47.882  35.459224     1.0741      8.226   -78.9411 4.4249e+00    18.5056      4.102      5.949    12.1279 0.0000e+00
      4.189      0.032     0.1029      1.461     47.454  35.127192     1.0461      8.224   -78.6026 4.4082e+00    18.4415      4.107      5.957    12.0854 0.0000e+00
      4.195      0.030     0.1087      1.713     46.795  34.627554     1.0351      8.223   -78.4268 4.4038e+00    18.3717      4.114      5.967    12.0642 0.0000e+00
      4.200      0.030     0.1196      2.021     46.290  34.240279     0.9920      8.222   -78.2790 4.3940e+00    18.1399      4.119      5.974    12.0474 0.0000e+00
      4.205      0.031     0.1357      2.343     45.813  33.870819     0.9579      8.219   -78.1917 4.3635e+00    17.9618      4.122      5.978    12.0210 0.0000e+00
      4.213      0.032     0.1548      2.637     45.463  33.586520     0.9555      8.216   -78.1453 4.3365e+00    17.9602      4.130      5.992    12.0070 0.0000e+00
      4.224      0.033     0.1819      2.870     45.348  33.467523     0.9799      8.214   -78.0621 4.3190e+00    18.0180      4.141      6.008    11.9986 0.0000e+00
      4.234      0.033     0.2177      3.094     45.363  33.447117     0.9857      8.212   -77.8741 4.3052e+00    17.9776      4.153      6.023    11.9819 0.0000e+00
      4.244      0.032     0.2532      3.421     45.336  33.403198     0.9590      8.209   -77.5932 4.2982e+00    17.9504      4.163      6.038    11.9672 0.0000e+00
      4.251      0.029     0.2878      3.923     45.249  33.317149     0.9400      8.207   -77.4196 4.2887e+00    18.0641      4.170      6.048    11.9406 0.0000e+00
      4.256      0.028     0.3116      4.617     45.155  33.231456     0.9393      8.205   -77.3230 4.2637e+00    18.2254      4.174      6.053    11.8955 0.0000e+00
      4.261      0.029     0.3290      5.439     45.026  33.128389     0.9592      8.203   -77.1997 4.2453e+00    18.3977      4.178      6.059    11.8595 0.0000e+00
      4.267      0.031     0.3639      6.294     44.892  33.022610     0.9231      8.201   -77.2196 4.2451e+00    18.6780      4.185      6.070    11.8362 0.0000e+00
      4.275      0.034     0.4160      7.112     44.831  32.967579     0.8018      8.198   -77.3914 4.2410e+00    18.9844      4.192      6.080    11.8110 0.0000e+00
      4.285      0.035     0.4948      7.821     44.846  32.970553     0.7494      8.194   -77.4708 4.2178e+00    19.1993      4.201      6.092    11.7895 0.0000e+00
      4.297      0.034     0.5887      8.439     44.970  33.058551     0.7724      8.191   -77.4054 4.1811e+00    19.3975      4.215      6.113    11.7851 0.0000e+00
