Data/DataNotYetUploadedToEDI/Raw_CTD/RawDownloads/062325_fcr20_S7809003.cnv
* Sea-Bird SBE19plus  Data File:
* FileName = C:\R\Reservoirs\Data\DataNotYetUploadedToEDI\Raw_CTD\RawDownloads\062325_fcr50_S7809_0003.hex
* Software version 2.8.0.119
* Temperature SN = 7809
* Conductivity SN = 7809
* System UpLoad Time = Jun 24 2025 14:29:36
* <ApplicationData>
* <Seaterm232>
# nquan = 15
# nvalues = 1311                        
# units = specified
# name 0 = depFM: Depth [fresh water, m]
# name 1 = dz/dtM: Descent Rate [m/s]
# name 2 = sbeox0Mg/L: Oxygen, SBE 43 [mg/l]
# name 3 = sbeox0PS: Oxygen, SBE 43 [% saturation]
# name 4 = specc: Specific Conductance [uS/cm]
# name 5 = c0uS/cm: Conductivity [uS/cm]
# name 6 = flECO-AFL: Fluorescence, WET Labs ECO-AFL/FL [mg/m^3]
# name 7 = ph: pH
# name 8 = orp: Oxidation Reduction Potential [mV]
# name 9 = par/sat/log: PAR/Logarithmic, Satlantic
# name 10 = turbWETntu0: Turbidity, WET Labs ECO [NTU]
# name 11 = prdM: Pressure, Strain Gauge [db]
# name 12 = prdE: Pressure, Strain Gauge [psi]
# name 13 = tv290C: Temperature [ITS-90, deg C]
# name 14 = flag:  0.000e+00
# span 0 =     -0.568,      3.410       
# span 1 =     -0.349,      0.179       
# span 2 =     0.0260,    14.2592       
# span 3 =      0.275,    158.148       
# span 4 =      1.008,     95.258       
# span 5 =   0.986185,  77.341038       
# span 6 =    -1.7624,   233.8496       
# span 7 =      8.134,     11.228       
# span 8 =  -166.9628,  1240.2295       
# span 9 = 3.6321e+00, 2.4804e+03       
# span 10 =     0.9885,    32.1370      
# span 11 =     -0.557,      3.345      
# span 12 =     -0.808,      4.852      
# span 13 =    13.4935,    27.0309      
# span 14 = 0.0000e+00, 0.0000e+00      
# interval = seconds: 0.25
# start_time = Jun 23 2025 12:04:46 [Instrument's time stamp, header]
# bad_flag = -9.990e-29
*END*
[from data line 1254]
      0.422      0.002    10.7622    126.748     35.407  35.036616     3.3388     10.436   -22.4982 8.4953e+02     9.9423      0.412      0.599    24.2405 0.0000e+00
      0.428      0.012    10.7221    126.195     35.439  35.078455     3.3252     10.443   -22.0060 7.6605e+02    10.1775      0.419      0.608    24.3125 0.0000e+00
      0.437      0.017    10.6737    125.316     35.451  35.093771     3.2985     10.449   -22.2789 6.9385e+02    10.2593      0.428      0.620    24.3745 0.0000e+00
      0.447      0.010    10.6238    123.826     35.440  35.094915     3.2583     10.452   -23.2162 6.6115e+02    10.1115      0.440      0.638    24.4362 0.0000e+00
      0.455     -0.009    10.5722    121.770     35.423  35.092304     3.2386     10.449   -23.7031 6.4286e+02     9.8942      0.448      0.650    24.4831 0.0000e+00
      0.460     -0.031    10.5333    119.411     35.388  35.062227     3.2596     10.443   -23.7779 6.4522e+02     9.7493      0.454      0.659    24.4895 0.0000e+00
      0.451     -0.052    10.4754    117.132     35.314  34.985055     3.2966     10.438   -23.8622 7.1900e+02     9.7947      0.452      0.655    24.4836 0.0000e+00
      0.421     -0.072    10.3416    115.246     35.259  34.920572     3.2945     10.436   -23.9480 8.5035e+02     9.7944      0.416      0.602    24.5030 0.0000e+00
      0.385     -0.091    10.1574    113.801     35.276  34.917020     3.2585     10.439   -23.9550 9.1101e+02     9.6429      0.369      0.534    24.5368 0.0000e+00
      0.362     -0.107     9.9481    112.771     35.321  34.942075     3.2530     10.445   -23.7755 9.4871e+02     9.6701      0.354      0.513    24.5393 0.0000e+00
      0.345     -0.117     9.7475    112.120     35.343  34.969698     3.2864     10.451   -23.6700 9.8886e+02     9.8503      0.344      0.499    24.5271 0.0000e+00
      0.320     -0.118     9.5938    111.777     35.333  34.997231     3.3119     10.455   -23.5397 9.6029e+02     9.9093      0.317      0.460    24.5252 0.0000e+00
      0.282     -0.113     9.4800    111.663     35.297  35.021236     3.2869     10.459   -23.3188 1.0527e+03     9.8021      0.280      0.405    24.4860 0.0000e+00
      0.239     -0.102     9.4028    111.707     35.206  35.006248     3.0927     10.463   -23.2362 1.0936e+03     9.5791      0.232      0.336    24.4409 0.0000e+00
      0.202     -0.082     9.3498    111.829     35.046  34.943016     2.7949     10.465   -23.1428 8.7568e+02     9.3996      0.190      0.277    24.4482 0.0000e+00
      0.182     -0.056     9.3125    111.929     34.884  34.891309     2.6664     10.469   -22.7922 7.3362e+02     9.3049      0.171      0.249    24.5091 0.0000e+00
      0.179     -0.027     9.2901    111.931     34.776  34.888797     2.6789     10.475   -22.0942 7.6341e+02     9.2881      0.171      0.248    24.5985 0.0000e+00
      0.187     -0.001     9.2783    111.884     34.726  34.912800     2.7714     10.483   -21.2429 8.3068e+02     9.4364      0.183      0.266    24.6961 0.0000e+00
      0.197      0.019     9.2678    111.939     34.725  34.927867     2.9519     10.491   -20.5873 9.5213e+02     9.6289      0.196      0.284    24.8400 0.0000e+00
      0.202      0.029     9.2500    112.121     34.781  34.944107     3.0720     10.500   -20.2759 1.0918e+03     9.7704      0.199      0.289    25.0065 0.0000e+00
      0.207      0.029     9.2227    112.282     34.885  34.982194     3.1081     10.506   -20.1447 1.1265e+03     9.7810      0.200      0.291    25.1665 0.0000e+00
      0.218      0.019     9.1889    112.342     34.982  35.007592     3.1389     10.510   -19.6024 1.0840e+03     9.6554      0.212      0.307    25.2995 0.0000e+00
      0.231     -0.002     9.1890    112.417     35.034  34.997304     3.1526     10.511   -18.5384 1.0736e+03     9.5493      0.229      0.332    25.3176 0.0000e+00
      0.237     -0.035     9.2250    112.741     35.058  34.984590     3.1327     10.506   -17.5174 1.1727e+03     9.5912      0.238      0.344    25.2392 0.0000e+00
      0.232     -0.082     9.2574    113.270     35.054  34.980720     3.1151     10.495   -16.8086 1.2623e+03     9.7179      0.231      0.336    25.1364 0.0000e+00
      0.211     -0.138     9.2791    113.646     34.992  34.950512     2.8814     10.477   -16.5935 1.1748e+03     9.4750      0.215      0.312    25.0274 0.0000e+00
      0.168     -0.202     9.2906    113.626     34.862  34.873183     2.4039     10.457   -16.9824 1.0046e+03     8.9091      0.173      0.252    24.9263 0.0000e+00
      0.101     -0.266     9.3274    113.234     34.736  34.807179     2.1355     10.440   -16.6059 1.1423e+03     8.6149      0.103      0.149    24.8708 0.0000e+00
      0.020     -0.319     9.3869    112.602     34.666  34.787023     2.1165     10.427   -13.8479 1.6538e+03     8.6510      0.022      0.032    24.8732 0.0000e+00
     -0.070     -0.349     9.4158    111.867     34.586  34.756431     2.1082     10.416   -11.0822 1.8877e+03     8.7310     -0.063     -0.090    24.9267 0.0000e+00
     -0.178     -0.348     9.3985    111.097     34.473  34.691151     1.9769     10.407   -14.5695 1.8125e+03     8.6932     -0.168     -0.242    25.0021 0.0000e+00
     -0.296     -0.321     9.3440    110.385     34.381  34.568835     1.7443     10.401   -22.9736 1.8172e+03     8.6392     -0.300     -0.435    25.1095 0.0000e+00
     -0.395     -0.281     9.2759    110.103     34.366  34.419486     1.6266     10.398   -27.6888 1.8080e+03     8.7261     -0.403     -0.584    25.1726 0.0000e+00
     -0.454     -0.231     9.2059    110.604     34.478  34.344403     1.5524     10.398   -28.6471 1.7515e+03     8.8211     -0.457     -0.664    25.2178 0.0000e+00
     -0.483     -0.174     9.1193    111.014     34.624  34.295180     0.6884     10.399   -29.4849 1.7344e+03     8.3537     -0.476     -0.689    25.3633 0.0000e+00
     -0.506     -0.120     9.0542    108.976     34.317  33.824051    -0.9047     10.399   -29.3864 1.7331e+03     7.3451     -0.488     -0.707    25.3354 0.0000e+00
     -0.536     -0.080     9.0516    103.026     29.030  28.520880    -1.7624     10.398   -28.4885 1.6891e+03     6.7368     -0.532     -0.771    25.0867 0.0000e+00
     -0.558     -0.054     9.1547     94.251     17.376  17.036209    -1.5582     10.395   -28.2650 1.6456e+03     6.9083     -0.555     -0.805    24.8074 0.0000e+00
     -0.564     -0.037     9.3349     84.778      8.059   7.887039     1.4978     10.391   -28.8345 1.6556e+03     9.3165     -0.554     -0.803    24.5043 0.0000e+00
     -0.565     -0.022     9.2711     76.197      4.919   4.807769     7.0798     10.390   -28.9210 1.6068e+03    13.5480     -0.554     -0.804    24.2461 0.0000e+00
     -0.565     -0.009     8.7472     69.326      4.104   4.009704    10.5271     10.391   -27.8483 1.4467e+03    15.9180     -0.553     -0.803    24.0666 0.0000e+00
     -0.565     -0.002     7.9542     64.411      3.708   3.622465    15.8456     10.390   -26.3614 1.3207e+03    16.5893     -0.554     -0.804    23.9497 0.0000e+00
     -0.565     -0.001     7.1208     61.557      3.565   3.483170    71.3177     10.383   -24.7099 1.2867e+03    20.0593     -0.554     -0.803    23.8860 0.0000e+00
     -0.565     -0.001     6.3761     60.820      3.613   3.529117   172.9270     10.372   -22.7642 1.3127e+03    26.1732     -0.555     -0.804    23.8536 0.0000e+00
     -0.566     -0.001     5.7958     61.800      3.758   3.671224   228.3271     10.364   -21.2487 1.3589e+03    29.3319     -0.555     -0.805    23.8408 0.0000e+00
     -0.566     -0.000     5.3795     63.725      3.833   3.744373   233.3377     10.354   -20.6687 1.3662e+03    29.0105     -0.555     -0.805    23.8373 0.0000e+00
     -0.566 -1.864e-08     5.1313     66.173      3.675   3.590028   233.8006     10.333   -20.6564 1.3584e+03    22.6286     -0.555     -0.805    23.8370 0.0000e+00
     -0.566 -2.050e-07     5.0802     69.144      3.405   3.325397   233.8496     10.299   -20.6695 1.3967e+03    10.6505     -0.555     -0.805    23.8371 0.0000e+00
     -0.566 -2.050e-07     5.1948     72.616      3.347   3.268670   233.7963     10.274   -20.9991 1.1703e+03     4.0146     -0.555     -0.804    23.8370 0.0000e+00
     -0.566 -1.863e-08     5.3701     76.405      3.752   3.664307   233.3649     10.280   -21.9738 5.9106e+02     3.4376     -0.555     -0.805    23.8364 0.0000e+00
     -0.566 -1.694e-09     5.5687     80.230      4.412   4.308138   228.5995     10.306   -22.5605 2.4674e+02     3.5383     -0.555     -0.805    23.8352 0.0000e+00
     -0.566 -1.553e-10     5.8252     83.696      4.703   4.591580   175.8873     10.329   -22.5857 2.1298e+02     4.4796     -0.555     -0.805    23.8332 0.0000e+00
     -0.566 -2.800e-11     6.1175     85.278      4.668   4.557389   127.5569     10.338   -22.6234 1.9272e+02     5.3231     -0.555     -0.805    23.8309 0.0000e+00
     -0.566 -9.990e-29     6.4579 -9.990e-29 -9.990e-29 -9.990e-29 -9.990e-29 -9.990e-29 -9.990e-29 1.6942e+02 -9.990e-29     -0.555     -0.804    23.8267 0.0000e+00
     -0.566 -9.990e-29     6.7726 -9.990e-29 -9.990e-29 -9.990e-29 -9.990e-29 -9.990e-29 -9.990e-29 1.4383e+02 -9.990e-29     -0.555     -0.805    23.8218 0.0000e+00
     -0.566 -9.990e-29     7.1155 -9.990e-29 -9.990e-29 -9.990e-29 -9.990e-29 -9.990e-29 -9.990e-29 1.1801e+02 -9.990e-29     -0.555     -0.804    23.8140 0.0000e+00
     -0.566 -9.990e-29     7.3378 -9.990e-29 -9.990e-29 -9.990e-29 -9.990e-29 -9.990e-29 -9.990e-29 1.0739e+02 -9.990e-29     -0.555     -0.805    23.8079 0.0000e+00
