Data/DataNotYetUploadedToEDI/Raw_CTD/RawDownloads/062325_fcr10_S7809002.cnv
* Sea-Bird SBE19plus  Data File:
* FileName = C:\R\Reservoirs\Data\DataNotYetUploadedToEDI\Raw_CTD\RawDownloads\062325_fcr50_S7809_0002.hex
* Software version 2.8.0.119
* Temperature SN = 7809
* Conductivity SN = 7809
* System UpLoad Time = Jun 24 2025 14:29:01
* <ApplicationData>
* <Seaterm232>
# nquan = 15
# nvalues = 1152                        
# units = specified
# name 0 = depFM: Depth [fresh water, m]
# name 1 = dz/dtM: Descent Rate [m/s]
# name 2 = sbeox0Mg/L: Oxygen, SBE 43 [mg/l]
# name 3 = sbeox0PS: Oxygen, SBE 43 [% saturation]
# name 4 = specc: Specific Conductance [uS/cm]
# name 5 = c0uS/cm: Conductivity [uS/cm]
# name 6 = flECO-AFL: Fluorescence, WET Labs ECO-AFL/FL [mg/m^3]
# name 7 = ph: pH
# name 8 = orp: Oxidation Reduction Potential [mV]
# name 9 = par/sat/log: PAR/Logarithmic, Satlantic
# name 10 = turbWETntu0: Turbidity, WET Labs ECO [NTU]
# name 11 = prdM: Pressure, Strain Gauge [db]
# name 12 = prdE: Pressure, Strain Gauge [psi]
# name 13 = tv290C: Temperature [ITS-90, deg C]
# name 14 = flag:  0.000e+00
# span 0 =     -0.569,      2.501       
# span 1 =     -0.342,      0.188       
# span 2 =     0.0262,    10.3358       
# span 3 =      0.282,    121.310       
# span 4 =      1.206,    158.941       
# span 5 =   1.202214, 131.261028       
# span 6 =    -1.6944,   227.6086       
# span 7 =      7.072,     10.138       
# span 8 = -1240.7455,   184.1987       
# span 9 = 7.0720e+00, 2.5721e+03       
# span 10 =   -11.0256,   144.9280      
# span 11 =     -0.558,      2.453      
# span 12 =     -0.810,      3.558      
# span 13 =    16.2661,    26.5290      
# span 14 = 0.0000e+00, 0.0000e+00      
# interval = seconds: 0.25
# start_time = Jun 23 2025 11:52:34 [Instrument's time stamp, header]
# bad_flag = -9.990e-29
*END*
[from data line 482]
      1.172      0.013     8.0224     90.376     38.850  36.778944     1.8082      8.916   162.1615 5.1950e+01    11.0492      1.149      1.667    22.3220 0.0000e+00
      1.175      0.016     7.9755     90.058     38.754  36.685438     1.8317      8.913   162.2988 5.1688e+01    10.9762      1.152      1.671    22.3232 0.0000e+00
      1.179      0.020     7.9329     89.804     38.644  36.578644     1.8239      8.909   162.5875 5.1456e+01    10.9405      1.154      1.675    22.3254 0.0000e+00
      1.184      0.024     7.8867     89.561     38.500  36.439493     1.8387      8.906   163.0709 5.1118e+01    11.0273      1.160      1.682    22.3294 0.0000e+00
      1.193      0.025     7.8460     89.307     38.335  36.272007     1.8612      8.902   163.5839 5.0741e+01    11.1711      1.169      1.695    22.3302 0.0000e+00
      1.202      0.023     7.8228     89.053     38.218  36.139851     1.8296      8.899   164.0578 5.0289e+01    11.1417      1.179      1.711    22.3246 0.0000e+00
      1.210      0.019     7.8025     88.892     38.148  36.047141     1.7972      8.896   164.3274 4.9701e+01    11.0821      1.187      1.722    22.3218 0.0000e+00
      1.215      0.013     7.7818     88.944     38.098  35.975877     1.8274      8.893   164.5199 4.9061e+01    11.0311      1.192      1.729    22.3216 0.0000e+00
      1.216      0.008     7.7618     89.239     38.049  35.912677     1.8864      8.891   164.8367 4.8456e+01    10.9355      1.194      1.732    22.3101 0.0000e+00
      1.214      0.005     7.7415     89.738     37.998  35.854017     1.9037      8.888   164.9738 4.7914e+01    10.8144      1.191      1.727    22.2788 0.0000e+00
      1.212      0.005     7.7283     90.426     37.987  35.837650     1.8783      8.885   164.9738 4.7475e+01    10.6596      1.187      1.722    22.2387 0.0000e+00
      1.212      0.006     7.7365     91.275     37.994  35.841675     1.8872      8.881   165.0948 4.7123e+01    10.6016      1.188      1.723    22.2074 0.0000e+00
      1.215      0.008     7.7690     92.216     37.992  35.839237     1.9610      8.877   165.2328 4.6807e+01    10.6938      1.191      1.727    22.1834 0.0000e+00
      1.220      0.009     7.8135     93.165     38.025  35.871623     2.0296      8.874   165.2649 4.6551e+01    10.8178      1.196      1.735    22.1700 0.0000e+00
      1.224      0.009     7.8751     94.060     38.070  35.915998     2.0258      8.870   165.3114 4.6346e+01    10.8019      1.202      1.742    22.1657 0.0000e+00
      1.227      0.008     7.9522     94.894     38.085  35.931630     1.9821      8.868   165.4505 4.6170e+01    10.6731      1.204      1.746    22.1602 0.0000e+00
      1.228      0.006     8.0367     95.659     38.084  35.933730     1.9676      8.865   165.5700 4.6020e+01    10.6953      1.204      1.746    22.1600 0.0000e+00
      1.227      0.006     8.1220     96.339     38.089  35.941400     1.9753      8.862   165.6383 4.5840e+01    10.8308      1.204      1.746    22.1635 0.0000e+00
      1.227      0.007     8.1980     96.899     38.105  35.960918     1.9744      8.859   165.7607 4.5583e+01    10.8764      1.204      1.746    22.1649 0.0000e+00
      1.228      0.008     8.2717     97.239     38.119  35.979374     1.9573      8.857   166.0162 4.5253e+01    10.8033      1.203      1.745    22.1676 0.0000e+00
      1.231      0.009     8.3375     97.264     38.108  35.974208     1.9268      8.855   166.2329 4.4875e+01    10.6644      1.207      1.751    22.1723 0.0000e+00
      1.236      0.011     8.3966     96.994     38.091  35.961912     1.9304      8.852   166.3158 4.4499e+01    10.6657      1.212      1.758    22.1757 0.0000e+00
      1.240      0.011     8.4487     96.599     38.082  35.957609     1.9683      8.849   166.4167 4.4160e+01    10.8184      1.215      1.764    22.1806 0.0000e+00
      1.242      0.010     8.4804     96.233     38.038  35.922185     1.9849      8.847   166.5055 4.3818e+01    10.8709      1.218      1.767    22.1881 0.0000e+00
      1.244      0.007     8.4819     95.913     37.961  35.850867     1.9807      8.845   166.5293 4.3485e+01    10.7203      1.220      1.770    22.1954 0.0000e+00
      1.246      0.005     8.4507     95.630     37.906  35.793251     1.9763      8.842   166.6184 4.3194e+01    10.5689      1.221      1.772    22.2003 0.0000e+00
      1.246      0.005     8.4090     95.442     37.921  35.796597     1.9979      8.839   166.8093 4.2886e+01    10.6118      1.222      1.773    22.2045 0.0000e+00
      1.247      0.006     8.3770     95.408     37.965  35.827857     2.0421      8.838   167.0301 4.2520e+01    10.6236      1.223      1.774    22.2152 0.0000e+00
      1.247      0.008     8.3491     95.533     37.933  35.790501     2.0776      8.837   167.2235 4.2146e+01    10.5406      1.222      1.773    22.2202 0.0000e+00
      1.248      0.011     8.3238     95.809     37.803  35.662165     2.0947      8.835   167.3395 4.1855e+01    10.5648      1.223      1.774    22.2094 0.0000e+00
      1.252      0.013     8.3076     96.234     37.552  35.418232     2.0912      8.832   167.4867 4.1595e+01    10.7120      1.227      1.779    22.1925 0.0000e+00
      1.258      0.015     8.3074     96.719     37.254  35.125271     2.1100      8.829   167.7133 4.1299e+01    10.8519      1.234      1.790    22.1780 0.0000e+00
      1.264      0.015     8.3208     97.161     37.182  35.038586     2.1553      8.828   167.8423 4.0995e+01    10.7522      1.240      1.799    22.1695 0.0000e+00
      1.268      0.015     8.3435     97.563     37.304  35.131476     2.1803      8.826   167.9268 4.0682e+01    10.4972      1.243      1.804    22.1641 0.0000e+00
      1.271      0.015     8.3861     97.977     37.293  35.106321     2.1963      8.825   168.0477 4.0396e+01    10.3648      1.246      1.807    22.1551 0.0000e+00
      1.273      0.015     8.4353     98.472     37.039  34.861301     2.2076      8.823   168.0991 4.0193e+01    10.3822      1.248      1.810    22.1412 0.0000e+00
      1.274      0.014     8.4764     99.181     36.685  34.516484     2.2086      8.822   168.1188 4.0009e+01    10.2286      1.249      1.811    22.1161 0.0000e+00
      1.279      0.013     8.5156    100.176     36.355  34.172908     2.2086      8.821   168.1998 3.9735e+01     9.7030      1.252      1.816    22.0796 0.0000e+00
      1.286      0.011     8.5549    101.336     36.103  33.879353     2.1994      8.819   168.3898 3.9453e+01     9.2879      1.263      1.831    22.0557 0.0000e+00
      1.292      0.008     8.5922    102.478     35.912  33.631702     2.2137      8.817   168.6087 3.9273e+01     9.2752      1.269      1.840    22.0589 0.0000e+00
      1.292      0.006     8.6511    103.580     35.684  33.335560     2.2398      8.815   168.6955 3.9157e+01     9.3095      1.268      1.839    22.0521 0.0000e+00
      1.290      0.003     8.7512    104.752     35.529  33.090064     2.2823      8.814   168.7505 3.9040e+01     9.2583      1.265      1.834    22.0071 0.0000e+00
      1.288      0.001     8.8748    105.974     35.612  33.074076     2.3617      8.814   168.8438 3.8891e+01     9.2372      1.263      1.832    21.9186 0.0000e+00
      1.288      0.001     8.9930    107.159     35.814  33.205559     2.3917      8.813   168.8776 3.8759e+01     9.1922      1.262      1.831    21.8239 0.0000e+00
      1.290      0.005     9.1000    108.320     35.848  33.220585     2.4039      8.812   168.9012 3.8629e+01     9.2266      1.265      1.834    21.7185 0.0000e+00
      1.291      0.010     9.2340    109.544     35.616  33.001975     2.4517      8.811   168.9570 3.8483e+01     9.4141      1.267      1.838    21.5585 0.0000e+00
      1.292      0.016     9.3746    110.939     35.408  32.782790     2.4859      8.811   168.9502 3.8258e+01     9.6483      1.266      1.837    21.4085 0.0000e+00
      1.295      0.021     9.4904    112.433     35.334  32.663960     2.4852      8.810   168.8195 3.7895e+01     9.7689      1.269      1.840    21.3300 0.0000e+00
      1.302      0.025     9.5948    113.718     35.242  32.516734     2.4597      8.809   168.7529 3.7535e+01     9.6772      1.277      1.851    21.3203 0.0000e+00
      1.312      0.027     9.6922    114.551     35.332  32.525155     2.4935      8.809   168.9190 3.7239e+01     9.3932      1.286      1.866    21.3428 0.0000e+00
      1.322      0.027     9.8242    114.928     35.581  32.702230     2.5774      8.808   169.1069 3.6989e+01     8.9308      1.297      1.882    21.3052 0.0000e+00
      1.330      0.026     9.9876    114.968     35.694  32.817902     2.5924      8.807   169.1321 3.6748e+01     8.5612      1.304      1.892    21.2137 0.0000e+00
      1.335      0.023    10.1244    114.878     35.742  32.908726     2.5665      8.807   169.1373 3.6518e+01     8.4437      1.309      1.899    21.1457 0.0000e+00
      1.340      0.020    10.2224    114.888     35.707  32.912267     2.5801      8.807   169.1697 3.6289e+01     8.3641      1.314      1.906    21.0143 0.0000e+00
      1.344      0.018    10.2748    115.036     35.580  32.797333     2.6160      8.808   169.1803 3.6038e+01     8.2131      1.319      1.912    20.9016 0.0000e+00
      1.347      0.016    10.2633    115.210     35.543  32.724433     2.6183      8.809   169.2657 3.5840e+01     8.0181      1.321      1.916    20.9503 0.0000e+00
      1.350      0.016    10.2259    115.324     35.554  32.665188     2.5828      8.810   169.3419 3.5654e+01     7.8174      1.323      1.919    21.0401 0.0000e+00
      1.355      0.017    10.2160    115.335     35.561  32.588435     2.5268      8.811   169.3267 3.5444e+01     7.6998      1.330      1.929    21.0971 0.0000e+00
      1.360      0.019    10.2321    115.175     35.613  32.557586     2.4748      8.814   169.4255 3.5290e+01     7.6544      1.335      1.936    21.1083 0.0000e+00
      1.364      0.023    10.2633    114.797     35.676  32.545848     2.4614      8.817   169.5910 3.5194e+01     7.6449      1.336      1.939    21.0436 0.0000e+00
      1.368      0.027    10.2934    114.172     35.804  32.573305     2.4399      8.819   169.6930 3.5047e+01     7.5851      1.341      1.945    20.9422 0.0000e+00
      1.375      0.031    10.3245    113.297     35.996  32.635690     2.3889      8.820   169.7975 3.4711e+01     7.4091      1.346      1.952    20.8127 0.0000e+00
      1.385      0.035    10.3358    112.270     36.126  32.665576     2.3530      8.821   169.8227 3.4264e+01     7.2938      1.357      1.968    20.6906 0.0000e+00
      1.398      0.036    10.3153    111.117     36.182  32.680775     2.3382      8.822   169.8254 3.3903e+01     7.3176      1.372      1.991    20.6233 0.0000e+00
      1.409      0.035    10.2868    109.707     36.195  32.692539     2.3357      8.824   169.9165 3.3582e+01     7.3555      1.382      2.004    20.5037 0.0000e+00
      1.418      0.031    10.2391    107.815     36.182  32.680934     2.3143      8.826   169.8059 3.3257e+01     7.2737      1.390      2.016    20.3140 0.0000e+00
      1.426      0.026    10.1745    105.280     36.184  32.667334     2.2218      8.829   169.3479 3.3029e+01     7.1831      1.399      2.029    20.1725 0.0000e+00
      1.431      0.022    10.0814    102.248     36.194  32.654973     2.1158      8.834   169.0257 3.2919e+01     7.2503      1.405      2.036    20.1376 0.0000e+00
      1.434      0.019     9.9569     99.148     36.218  32.658324     2.0981      8.841   169.0931 3.2805e+01     7.3007      1.407      2.040    20.1606 0.0000e+00
      1.437      0.019     9.7921     96.418     36.285  32.707827     2.1156      8.848   169.3024 3.2610e+01     7.2801      1.409      2.044    20.1679 0.0000e+00
      1.441      0.020     9.5630     94.298     36.338  32.745969     2.0690      8.853   169.5778 3.2365e+01     7.3424      1.412      2.049    20.1403 0.0000e+00
      1.447      0.021     9.2782     92.797     36.348  32.738843     1.9760      8.858   169.9280 3.2096e+01     7.5416      1.418      2.058    20.1021 0.0000e+00
      1.454      0.024     8.9867     91.822     36.382  32.748527     1.9399      8.863   170.1815 3.1804e+01     7.7758      1.426      2.068    20.0776 0.0000e+00
      1.461      0.026     8.7332     91.347     36.458  32.799591     1.9734      8.867   170.3192 3.1478e+01     7.8175      1.432      2.077    20.0632 0.0000e+00
      1.467      0.028     8.5425     91.290     36.527  32.848710     1.9485      8.869   170.4749 3.1171e+01     7.7385      1.439      2.087    20.0563 0.0000e+00
      1.474      0.028     8.4157     91.402     36.601  32.898312     1.8474      8.871   170.4293 3.0883e+01     7.7430      1.445      2.096    20.0347 0.0000e+00
      1.482      0.028     8.3314     91.374     36.692  32.955226     1.7910      8.873   170.1976 3.0566e+01     7.8372      1.452      2.106    19.9977 0.0000e+00
      1.489      0.028     8.2942     91.078     36.738  32.965847     1.8071      8.873   170.1677 3.0259e+01     7.9888      1.461      2.118    19.9743 0.0000e+00
      1.496      0.027     8.2992     90.563     36.768  32.963252     1.8101      8.873   170.2406 2.9970e+01     8.0731      1.468      2.128    19.9616 0.0000e+00
      1.502      0.025     8.3258     89.894     36.824  32.987242     1.7601      8.873   170.2186 2.9634e+01     8.0364      1.472      2.136    19.9416 0.0000e+00
      1.510      0.022     8.3325     89.079     36.868  33.002103     1.7434      8.872   170.2465 2.9298e+01     8.0574      1.480      2.148    19.9071 0.0000e+00
      1.517      0.018     8.3093     88.044     36.907  33.016031     1.7752      8.871   170.3189 2.9126e+01     8.1904      1.490      2.160    19.8604 0.0000e+00
      1.521      0.015     8.2679     86.746     36.938  33.028730     1.7700      8.870   170.3203 2.9106e+01     8.2105      1.493      2.165    19.8188 0.0000e+00
      1.522      0.013     8.2105     85.283     36.946  33.028742     1.7384      8.868   170.2629 2.9123e+01     8.0605      1.493      2.165    19.7861 0.0000e+00
      1.523      0.011     8.1458     83.763     36.931  33.016160     1.7345      8.865   170.2274 2.9118e+01     7.9830      1.493      2.165    19.7504 0.0000e+00
      1.525      0.010     8.0589     82.184     36.912  33.003491     1.7643      8.865   170.3211 2.9087e+01     8.0931      1.495      2.168    19.7199 0.0000e+00
      1.529      0.011     7.9391     80.564     36.909  33.002453     1.7990      8.865   170.5361 2.9049e+01     8.2647      1.500      2.174    19.7005 0.0000e+00
      1.533      0.012     7.8007     79.005     36.914  33.003617     1.8130      8.862   170.7619 2.9002e+01     8.3152      1.503      2.181    19.6913 0.0000e+00
      1.536      0.013     7.6646     77.699     36.938  33.017555     1.7924      8.860   170.9004 2.8965e+01     8.1918      1.506      2.185    19.6925 0.0000e+00
      1.538      0.013     7.5177     76.847     36.976  33.044087     1.7487      8.859   171.0050 2.8915e+01     8.0705      1.508      2.188    19.7024 0.0000e+00
      1.542      0.012     7.3656     76.434     37.018  33.070628     1.7514      8.858   171.1661 2.8855e+01     8.1128      1.512      2.193    19.7070 0.0000e+00
      1.546      0.011     7.2188     76.262     37.048  33.084679     1.7834      8.856   171.3865 2.8807e+01     8.1564      1.516      2.199    19.6986 0.0000e+00
      1.549      0.010     7.0909     76.188     37.064  33.087083     1.7608      8.856   171.6906 2.8758e+01     8.0518      1.520      2.204    19.6880 0.0000e+00
      1.551      0.010     7.0150     76.143     37.087  33.099679     1.7199      8.855   172.0892 2.8717e+01     7.9748      1.522      2.206    19.6805 0.0000e+00
      1.553      0.010     6.9886     76.023     37.104  33.110081     1.7135      8.853   172.5071 2.8678e+01     7.9770      1.522      2.208    19.6668 0.0000e+00
      1.554      0.011     6.9802     75.748     37.079  33.085964     1.7415      8.852   172.7847 2.8651e+01     8.0430      1.523      2.210    19.6448 0.0000e+00
