Data/DataNotYetUploadedToEDI/Raw_CTD/RawDownloads/062325_fcr30_S7809004.cnv
* Sea-Bird SBE19plus  Data File:
* FileName = C:\R\Reservoirs\Data\DataNotYetUploadedToEDI\Raw_CTD\RawDownloads\062325_fcr50_S7809_0004.hex
* Software version 2.8.0.119
* Temperature SN = 7809
* Conductivity SN = 7809
* System UpLoad Time = Jun 24 2025 14:30:22
* <ApplicationData>
* <Seaterm232>
# nquan = 15
# nvalues = 1760                        
# units = specified
# name 0 = depFM: Depth [fresh water, m]
# name 1 = dz/dtM: Descent Rate [m/s]
# name 2 = sbeox0Mg/L: Oxygen, SBE 43 [mg/l]
# name 3 = sbeox0PS: Oxygen, SBE 43 [% saturation]
# name 4 = specc: Specific Conductance [uS/cm]
# name 5 = c0uS/cm: Conductivity [uS/cm]
# name 6 = flECO-AFL: Fluorescence, WET Labs ECO-AFL/FL [mg/m^3]
# name 7 = ph: pH
# name 8 = orp: Oxidation Reduction Potential [mV]
# name 9 = par/sat/log: PAR/Logarithmic, Satlantic
# name 10 = turbWETntu0: Turbidity, WET Labs ECO [NTU]
# name 11 = prdM: Pressure, Strain Gauge [db]
# name 12 = prdE: Pressure, Strain Gauge [psi]
# name 13 = tv290C: Temperature [ITS-90, deg C]
# name 14 = flag:  0.000e+00
# span 0 =     -0.564,      5.293       
# span 1 =     -0.368,      0.168       
# span 2 =    -0.1311,    17.0949       
# span 3 =     -1.054,    196.052       
# span 4 =      0.797,     60.174       
# span 5 =   0.814034,  46.904405       
# span 6 =    -0.6668,   227.5044       
# span 7 =      7.860,     11.475       
# span 8 =  -495.6469,   566.5968       
# span 9 = 4.9848e-01, 2.2692e+03       
# span 10 =    -8.8453,   239.1008      
# span 11 =     -0.554,      5.191      
# span 12 =     -0.803,      7.530      
# span 13 =    11.0953,    27.6928      
# span 14 = 0.0000e+00, 0.0000e+00      
# interval = seconds: 0.25
# start_time = Jun 23 2025 12:14:15 [Instrument's time stamp, header]
# bad_flag = -9.990e-29
*END*
[from data line 386]
      1.308      0.011    16.8226    189.720     38.005  35.182260     4.9046     11.432    43.4684 6.1276e+01     9.1596      1.284      1.862    21.3638 0.0000e+00
      1.310      0.011    16.8090    189.510     37.900  35.070180     4.9134     11.433    43.5076 6.1062e+01     9.0933      1.284      1.863    21.3538 0.0000e+00
      1.313      0.011    16.8136    189.214     37.885  35.043330     4.9079     11.434    43.6567 6.0737e+01     9.1290      1.286      1.866    21.3291 0.0000e+00
      1.316      0.011    16.8225    188.879     37.899  35.047944     4.9037     11.434    43.7224 6.0429e+01     8.9756      1.291      1.873    21.2990 0.0000e+00
      1.319      0.011    16.8232    188.460     37.852  34.999060     4.8954     11.434    43.7860 6.0252e+01     8.6395      1.294      1.877    21.2800 0.0000e+00
      1.321      0.012    16.8093    187.935     37.814  34.959846     4.8997     11.435    43.9086 6.0021e+01     8.4810      1.296      1.879    21.2625 0.0000e+00
      1.324      0.012    16.7861    187.435     37.808  34.954493     4.9217     11.436    44.0011 5.9710e+01     8.5281      1.299      1.883    21.2408 0.0000e+00
      1.328      0.012    16.7631    187.075     37.788  34.934330     4.9123     11.437    43.9571 5.9436e+01     8.4234      1.302      1.889    21.2309 0.0000e+00
      1.331      0.013    16.7296    186.814     37.697  34.842950     4.8533     11.440    43.8939 5.9210e+01     8.1033      1.305      1.893    21.2267 0.0000e+00
      1.334      0.014    16.6800    186.589     37.533  34.674429     4.7909     11.442    43.9251 5.8966e+01     7.8353      1.307      1.896    21.2168 0.0000e+00
      1.337      0.014    16.6290    186.418     37.428  34.546331     4.7657     11.443    43.9900 5.8643e+01     7.7789      1.311      1.901    21.2215 0.0000e+00
      1.342      0.014    16.5994    186.279     37.418  34.499565     4.7477     11.444    44.1629 5.8343e+01     7.6945      1.316      1.909    21.2232 0.0000e+00
      1.346      0.013    16.5838    186.097     37.438  34.489612     4.6897     11.445    44.2940 5.8142e+01     7.3613      1.321      1.915    21.2122 0.0000e+00
      1.350      0.012    16.5652    185.777     37.387  34.425954     4.6218     11.446    44.2845 5.7961e+01     7.0630      1.324      1.920    21.1972 0.0000e+00
      1.352      0.011    16.5675    185.253     37.195  34.237422     4.5929     11.447    44.2200 5.7842e+01     6.9915      1.326      1.923    21.1486 0.0000e+00
      1.353      0.009    16.5768    184.542     37.012  34.049975     4.5982     11.448    44.1172 5.7791e+01     7.0441      1.327      1.925    21.0881 0.0000e+00
      1.355      0.009    16.5762    183.687     36.920  33.935967     4.6120     11.451    44.1598 5.7691e+01     7.1517      1.329      1.927    21.0499 0.0000e+00
      1.358      0.009    16.5565    182.707     36.822  33.810587     4.5934     11.454    44.3055 5.7561e+01     7.1660      1.332      1.931    21.0320 0.0000e+00
      1.360      0.010    16.5105    181.566     36.651  33.612507     4.5558     11.456    44.3298 5.7505e+01     7.0462      1.334      1.935    21.0239 0.0000e+00
      1.362      0.011    16.4548    180.271     36.448  33.380793     4.5480     11.458    44.2808 5.7444e+01     6.9330      1.335      1.937    20.9988 0.0000e+00
      1.365      0.012    16.3898    178.868     36.326  33.229386     4.5826     11.462    44.3154 5.7267e+01     6.9244      1.338      1.941    20.9552 0.0000e+00
      1.368      0.013    16.3212    177.416     36.365  33.240966     4.6414     11.463    44.4903 5.7060e+01     6.9758      1.342      1.946    20.9087 0.0000e+00
      1.372      0.014    16.2351    175.937     36.477  33.330451     4.6505     11.464    44.6749 5.6911e+01     6.9396      1.347      1.953    20.8548 0.0000e+00
      1.376      0.014    16.1404    174.394     36.447  33.296251     4.6103     11.467    44.8258 5.6791e+01     6.7946      1.350      1.958    20.7837 0.0000e+00
      1.379      0.013    16.0323    172.817     36.222  33.081212     4.5708     11.469    45.0238 5.6673e+01     6.6569      1.352      1.962    20.7228 0.0000e+00
      1.383      0.012    15.9081    171.350     35.966  32.823998     4.5403     11.471    45.1770 5.6526e+01     6.6409      1.356      1.968    20.6962 0.0000e+00
      1.386      0.012    15.7844    170.185     35.831  32.660467     4.5400     11.473    45.2157 5.6319e+01     6.7376      1.359      1.972    20.6799 0.0000e+00
      1.389      0.012    15.6472    169.315     35.778  32.563037     4.5265     11.475    45.2336 5.6124e+01     6.7332      1.361      1.975    20.6706 0.0000e+00
      1.391      0.013    15.5034    168.482     35.657  32.407198     4.4770     11.475    45.3072 5.5986e+01     6.6567      1.364      1.978    20.6669 0.0000e+00
      1.394      0.014    15.3718    167.449     35.516  32.235274     4.4658     11.472    45.4174 5.5848e+01     6.7006      1.366      1.982    20.6357 0.0000e+00
      1.398      0.014    15.2837    166.138     35.455  32.133674     4.4988     11.469    45.4478 5.5641e+01     6.7853      1.370      1.988    20.5776 0.0000e+00
      1.403      0.014    15.2422    164.588     35.356  32.003395     4.5178     11.464    45.3312 5.5409e+01     6.8272      1.376      1.996    20.4964 0.0000e+00
      1.408      0.014    15.1929    162.868     35.246  31.865351     4.5125     11.461    45.2122 5.5259e+01     6.7625      1.382      2.004    20.4360 0.0000e+00
      1.411      0.013    15.1173    160.958     35.208  31.796742     4.5016     11.457    45.2122 5.5158e+01     6.6529      1.383      2.007    20.3831 0.0000e+00
      1.412      0.012    15.0212    158.886     35.100  31.681309     4.5108     11.451    45.2456 5.5028e+01     6.6974      1.385      2.010    20.3038 0.0000e+00
      1.415      0.012    14.8911    156.812     34.968  31.548058     4.5491     11.441    45.2716 5.4911e+01     6.7540      1.387      2.012    20.2549 0.0000e+00
      1.418      0.013    14.7534    154.780     34.964  31.517776     4.6065     11.431    45.3547 5.4780e+01     6.6543      1.390      2.016    20.2017 0.0000e+00
      1.421      0.015    14.6012    152.814     34.986  31.505448     4.6551     11.421    45.5622 5.4574e+01     6.5501      1.394      2.022    20.1383 0.0000e+00
      1.426      0.017    14.4070    151.013     34.966  31.462390     4.6631     11.410    45.8008 5.4387e+01     6.5875      1.399      2.028    20.1216 0.0000e+00
      1.431      0.018    14.2214    149.343     34.958  31.441190     4.6774     11.399    45.9168 5.4241e+01     6.7315      1.403      2.035    20.1165 0.0000e+00
      1.436      0.018    14.0523    147.850     34.965  31.439406     4.7039     11.389    46.0187 5.4045e+01     6.7883      1.407      2.041    20.0717 0.0000e+00
      1.442      0.017    13.8791    146.640     34.975  31.440818     4.7421     11.380    46.1720 5.3780e+01     6.7276      1.413      2.050    20.0146 0.0000e+00
      1.447      0.015    13.7327    145.643     34.999  31.458248     4.8228     11.371    46.3079 5.3478e+01     6.7144      1.420      2.060    19.9792 0.0000e+00
      1.451      0.013    13.5832    144.864     34.992  31.459834     4.8726     11.361    46.2850 5.3263e+01     6.7651      1.425      2.066    19.9627 0.0000e+00
      1.453      0.011    13.4403    144.444     34.908  31.396568     4.8949     11.350    46.1532 5.3142e+01     6.8631      1.426      2.068    19.9550 0.0000e+00
      1.453      0.010    13.3423    144.382     34.830  31.327680     4.9507     11.339    46.1774 5.2953e+01     6.9762      1.425      2.067    19.9414 0.0000e+00
      1.455      0.010    13.2548    144.567     34.839  31.324713     4.9978     11.327    46.3190 5.2703e+01     7.0392      1.426      2.069    19.9280 0.0000e+00
      1.458      0.011    13.1706    144.926     34.892  31.360683     5.0224     11.315    46.4890 5.2441e+01     7.1131      1.430      2.073    19.9441 0.0000e+00
      1.462      0.014    13.1258    145.357     34.923  31.381956     5.0572     11.303    46.6846 5.2268e+01     7.2200      1.435      2.079    19.9758 0.0000e+00
      1.466      0.016    13.1263    145.712     34.932  31.391603     5.1027     11.291    46.8767 5.2214e+01     7.4434      1.438      2.085    19.9740 0.0000e+00
      1.469      0.016    13.1493    145.922     34.951  31.413898     5.1313     11.281    47.0052 5.2093e+01     7.7309      1.440      2.090    19.9516 0.0000e+00
      1.474      0.015    13.1903    146.036     34.997  31.461213     5.1202     11.274    47.0332 5.1887e+01     7.7934      1.446      2.097    19.9330 0.0000e+00
      1.479      0.013    13.2384    146.134     35.050  31.519641     5.1185     11.266    47.0436 5.1731e+01     7.7885      1.453      2.105    19.9210 0.0000e+00
      1.483      0.010    13.2728    146.262     35.064  31.549432     5.1684     11.258    47.0449 5.1683e+01     8.0144      1.456      2.110    19.9246 0.0000e+00
      1.485      0.007    13.2856    146.473     35.063  31.567693     5.2078     11.251    47.0485 5.1682e+01     8.2692      1.457      2.113    19.9370 0.0000e+00
      1.485      0.003    13.2917    146.834     35.094  31.613583     5.1952     11.245    47.0872 5.1650e+01     8.2722      1.457      2.113    19.9422 0.0000e+00
      1.485      0.002    13.2968    147.384     35.129  31.660256     5.1822     11.240    47.1685 5.1550e+01     8.1882      1.456      2.112    19.9532 0.0000e+00
      1.485      0.002    13.2991    148.109     35.145  31.687970     5.1840     11.235    47.3431 5.1438e+01     8.3460      1.457      2.113    19.9827 0.0000e+00
      1.484      0.004    13.3075    148.936     35.214  31.758377     5.1830     11.231    47.6498 5.1387e+01     8.6775      1.456      2.112    20.0132 0.0000e+00
      1.484      0.007    13.3331    149.766     35.335  31.877180     5.1709     11.227    48.0381 5.1312e+01     8.7803      1.456      2.111    20.0365 0.0000e+00
      1.485      0.011    13.3770    150.555     35.434  31.982543     5.1382     11.226    48.4243 5.1089e+01     8.6665      1.456      2.111    20.0593 0.0000e+00
      1.490      0.015    13.4402    151.339     35.519  32.080768     5.1120     11.225    48.8775 5.0806e+01     8.6690      1.460      2.118    20.0787 0.0000e+00
      1.496      0.017    13.5168    152.182     35.598  32.176708     5.1037     11.224    49.3874 5.0631e+01     8.9121      1.467      2.128    20.0890 0.0000e+00
      1.502      0.018    13.5910    153.141     35.655  32.254441     5.0878     11.223    49.8575 5.0471e+01     9.2492      1.473      2.136    20.0981 0.0000e+00
      1.508      0.018    13.6550    154.245     35.700  32.322836     5.0524     11.223    50.3451 5.0269e+01     9.3289      1.479      2.145    20.1209 0.0000e+00
      1.513      0.016    13.7143    155.457     35.724  32.369326     5.0166     11.225    50.8957 5.0149e+01     9.1921      1.485      2.153    20.1534 0.0000e+00
      1.516      0.014    13.7808    156.792     35.703  32.372503     5.0291     11.228    51.3521 5.0084e+01     9.1321      1.488      2.158    20.1871 0.0000e+00
      1.518      0.012    13.8536    158.266     35.673  32.361275     5.0880     11.229    51.5617 5.0006e+01     9.1502      1.489      2.159    20.2269 0.0000e+00
      1.520      0.010    13.9467    159.750     35.663  32.360469     5.1297     11.231    51.6227 4.9922e+01     9.1723      1.490      2.162    20.2655 0.0000e+00
      1.523      0.009    14.0459    161.089     35.662  32.362776     5.1254     11.234    51.6596 4.9829e+01     9.1271      1.494      2.167    20.3006 0.0000e+00
      1.526      0.009    14.1531    162.144     35.691  32.389170     5.0947     11.236    51.6633 4.9743e+01     9.0136      1.497      2.171    20.3330 0.0000e+00
      1.528      0.009    14.2879    162.855     35.731  32.425845     5.0905     11.236    51.6685 4.9602e+01     8.9601      1.499      2.174    20.3569 0.0000e+00
      1.529      0.009    14.4210    163.245     35.731  32.425567     5.1160     11.237    51.6358 4.9388e+01     8.8906      1.500      2.175    20.3688 0.0000e+00
      1.531      0.009    14.5478    163.375     35.687  32.385817     5.1205     11.239    51.5261 4.9161e+01     8.7886      1.501      2.177    20.3705 0.0000e+00
      1.534      0.009    14.6448    163.335     35.621  32.325857     5.0701     11.240    51.4608 4.8976e+01     8.5462      1.504      2.182    20.3701 0.0000e+00
      1.536      0.009    14.7065    163.144     35.564  32.271544     4.9981     11.242    51.4486 4.8884e+01     8.1119      1.507      2.185    20.3697 0.0000e+00
      1.539      0.009    14.7423    162.826     35.530  32.236639     4.9816     11.243    51.4642 4.8779e+01     7.9444      1.509      2.188    20.3698 0.0000e+00
      1.542      0.009    14.7472    162.485     35.520  32.221018     4.9961     11.244    51.4776 4.8615e+01     7.9213      1.513      2.193    20.3708 0.0000e+00
      1.545      0.009    14.7457    162.162     35.518  32.209538     4.8990     11.246    51.6097 4.8510e+01     7.5938      1.516      2.198    20.3707 0.0000e+00
      1.546      0.009    14.7291    161.760     35.405  32.097813     4.7060     11.251    52.0297 4.8448e+01     7.1943      1.516      2.199    20.3674 0.0000e+00
      1.546      0.010    14.6973    161.187     35.192  31.885160     4.6109     11.256    52.5126 4.8340e+01     7.0875      1.515      2.198    20.3614 0.0000e+00
      1.548      0.010    14.6662    160.464     35.061  31.731794     4.6223     11.262    52.8878 4.8209e+01     7.1574      1.518      2.201    20.3537 0.0000e+00
      1.552      0.010    14.6469    159.623     35.000  31.639060     4.6274     11.268    52.9525 4.8034e+01     7.1164      1.522      2.207    20.3363 0.0000e+00
      1.557      0.011    14.6179    158.608     34.981  31.588547     4.5479     11.272    52.6061 4.7762e+01     6.8314      1.526      2.214    20.3275 0.0000e+00
      1.561      0.011    14.5678    157.234     35.060  31.628499     4.4265     11.276    52.3132 4.7537e+01     6.5120      1.532      2.221    20.3102 0.0000e+00
      1.562      0.011    14.5213    155.454     35.066  31.614578     4.3828     11.279    52.3367 4.7409e+01     6.4668      1.533      2.223    20.2446 0.0000e+00
      1.563      0.011    14.4608    153.523     34.936  31.483641     4.3945     11.280    52.4606 4.7217e+01     6.5233      1.532      2.222    20.1880 0.0000e+00
      1.565      0.010    14.3889    151.695     34.847  31.377504     4.4181     11.281    52.4350 4.6916e+01     6.3751      1.534      2.226    20.1489 0.0000e+00
      1.570      0.010    14.2856    150.117     34.850  31.346226     4.4435     11.283    52.3706 4.6619e+01     6.0761      1.540      2.233    20.0918 0.0000e+00
      1.574      0.011    14.1169    148.782     34.892  31.359160     4.4675     11.283    52.3711 4.6395e+01     5.9481      1.544      2.239    20.0666 0.0000e+00
      1.576      0.011    13.9347    147.522     34.892  31.343549     4.5097     11.281    52.2681 4.6215e+01     6.0226      1.546      2.242    20.0673 0.0000e+00
      1.578      0.011    13.7762    146.255     34.839  31.284326     4.5874     11.278    52.1581 4.6039e+01     6.0211      1.548      2.245    20.0225 0.0000e+00
      1.580      0.011    13.6479    145.067     34.778  31.214001     4.6664     11.275    52.1589 4.5831e+01     5.8272      1.549      2.247    19.9598 0.0000e+00
      1.583      0.011    13.5445    144.047     34.708  31.127600     4.6827     11.271    52.1920 4.5598e+01     5.6257      1.552      2.250    19.9286 0.0000e+00
      1.586      0.011    13.4377    143.131     34.671  31.064287     4.6925     11.266    52.3003 4.5383e+01     5.6680      1.555      2.256    19.9085 0.0000e+00
