Data/DataNotYetUploadedToEDI/Raw_CTD/RawDownloads/062325_fcr40_S7809005.cnv
* Sea-Bird SBE19plus  Data File:
* FileName = C:\R\Reservoirs\Data\DataNotYetUploadedToEDI\Raw_CTD\RawDownloads\062325_fcr50_S7809_0005.hex
* Software version 2.8.0.119
* Temperature SN = 7809
* Conductivity SN = 7809
* System UpLoad Time = Jun 24 2025 14:31:11
* <ApplicationData>
* <Seaterm232>
# nquan = 15
# nvalues = 1870                        
# units = specified
# name 0 = depFM: Depth [fresh water, m]
# name 1 = dz/dtM: Descent Rate [m/s]
# name 2 = sbeox0Mg/L: Oxygen, SBE 43 [mg/l]
# name 3 = sbeox0PS: Oxygen, SBE 43 [% saturation]
# name 4 = specc: Specific Conductance [uS/cm]
# name 5 = c0uS/cm: Conductivity [uS/cm]
# name 6 = flECO-AFL: Fluorescence, WET Labs ECO-AFL/FL [mg/m^3]
# name 7 = ph: pH
# name 8 = orp: Oxidation Reduction Potential [mV]
# name 9 = par/sat/log: PAR/Logarithmic, Satlantic
# name 10 = turbWETntu0: Turbidity, WET Labs ECO [NTU]
# name 11 = prdM: Pressure, Strain Gauge [db]
# name 12 = prdE: Pressure, Strain Gauge [psi]
# name 13 = tv290C: Temperature [ITS-90, deg C]
# name 14 = flag:  0.000e+00
# span 0 =     -0.568,      5.912       
# span 1 =     -0.311,      0.274       
# span 2 =     0.0254,    17.8080       
# span 3 =      0.267,    203.519       
# span 4 =      1.327,     59.017       
# span 5 =   1.252713,  46.346902       
# span 6 =    -0.3676,    18.5044       
# span 7 =      7.847,     11.444       
# span 8 =   -84.6216,   322.9403       
# span 9 = 1.2360e-01, 2.4285e+03       
# span 10 =    -0.0081,   240.3217      
# span 11 =     -0.557,      5.798      
# span 12 =     -0.808,      8.410      
# span 13 =    10.8168,    27.9057      
# span 14 = 0.0000e+00, 0.0000e+00      
# interval = seconds: 0.25
# start_time = Jun 23 2025 12:27:04 [Instrument's time stamp, header]
# bad_flag = -9.990e-29
*END*
     -0.568 4.0981e-07     8.0465     92.460      1.485   1.401984     0.0160      9.553   223.5752 8.5141e+02     0.1959     -0.557     -0.808    22.2023 0.0000e+00
     -0.568      0.000     8.0476     92.488      1.500   1.415433     0.0223      9.564   201.9974 1.7250e+03     0.1993     -0.557     -0.807    22.2016 0.0000e+00
     -0.568      0.000     8.0487     92.508      1.525   1.439583    -0.0054      9.564   205.5712 2.1403e+03     0.2028     -0.557     -0.807    22.2007 0.0000e+00
     -0.567      0.001     8.0514     92.498      1.526   1.440617    -0.0114      9.551   215.2475 2.0706e+03     0.4772     -0.556     -0.807    22.1994 0.0000e+00
     -0.567      0.001     8.0527     92.488      1.512   1.427933     0.0166      9.529   220.1338 1.8440e+03     0.7502     -0.556     -0.807    22.1975 0.0000e+00
     -0.567      0.001     8.0556     92.501      1.497   1.412905     0.0167      9.497   253.8103 1.3403e+03     0.7371     -0.557     -0.807    22.1954 0.0000e+00
     -0.567      0.001     8.0600     92.515      1.468   1.385605    -0.0182      9.471   311.0508 7.0681e+02     0.7283     -0.556     -0.806    22.1938 0.0000e+00
     -0.566      0.001     8.0567     92.511      1.431   1.351204    -0.0390      9.466   322.9403 3.1494e+02     1.1554     -0.555     -0.805    22.1929 0.0000e+00
     -0.565      0.001     8.0552     92.500      1.391   1.313665    -0.0520      9.485   258.0962 2.1494e+02     1.8711     -0.554     -0.804    22.1920 0.0000e+00
     -0.565      0.001     8.0576     92.490      1.389   1.311770    -0.0760      9.511   149.1765 2.5198e+02     2.1740     -0.554     -0.804    22.1911 0.0000e+00
     -0.566      0.000     8.0599     92.483      1.407   1.328291    -0.0708      9.518    81.6640 3.6843e+02     2.1878     -0.555     -0.805    22.1908 0.0000e+00
     -0.566 1.8691e-08     8.0586     92.471      1.402   1.323397    -0.0378      9.497   115.3245 4.9092e+02     2.3104     -0.555     -0.805    22.1909 0.0000e+00
     -0.565 2.0560e-07     8.0574     92.455      1.394   1.315941    -0.0274      9.469   201.4221 5.5097e+02     2.3926     -0.554     -0.804    22.1904 0.0000e+00
     -0.565 6.5184e-08     8.0570     92.445      1.379   1.301486    -0.0536      9.456   261.8406 5.6958e+02     2.3286     -0.554     -0.804    22.1903 0.0000e+00
     -0.566      0.000     8.0562     92.434      1.351   1.275302    -0.0968      9.455   286.3261 5.8943e+02     2.1856     -0.555     -0.805    22.1893 0.0000e+00
     -0.566      0.000     8.0559     92.430      1.327   1.252713    -0.1752      9.452   296.5712 5.9257e+02     2.2342     -0.555     -0.805    22.1909 0.0000e+00
     -0.566      0.000     8.0529     92.435      1.357   1.281734    -0.2940      9.446   278.1651 5.0891e+02     2.4042     -0.555     -0.805    22.1897 0.0000e+00
     -0.566      0.003     8.0530     92.423      1.718   1.626188    -0.3676      9.447   233.0184 4.1528e+02     2.3959     -0.555     -0.805    22.1928 0.0000e+00
     -0.566      0.015     8.0521     92.412      5.086   4.847404    -0.3410      9.481   177.0316 4.9868e+02     2.5781     -0.555     -0.805    22.1885 0.0000e+00
     -0.566      0.041     8.0495     92.387     14.881  14.379115    -0.0467      9.549   112.8221 7.6875e+02     4.9491     -0.555     -0.805    22.1963 0.0000e+00
     -0.565      0.080     8.0544     92.269     26.853  26.369197     0.4351      9.624    76.4084 1.0619e+03     9.0995     -0.556     -0.806    22.1845 0.0000e+00
     -0.554      0.125     8.0489     92.145     33.310  33.294899     0.6649      9.693    70.9333 1.0371e+03    11.2907     -0.554     -0.804    22.2045 0.0000e+00
     -0.516      0.171     8.0509     92.147     34.438  35.018757     0.6677      9.755    68.9923 7.8241e+02    11.4942     -0.519     -0.753    22.1727 0.0000e+00
     -0.449      0.215     7.9992     92.261     34.178  35.223139     0.6780      9.811    68.6856 6.7823e+02    11.4565     -0.441     -0.640    22.5426 0.0000e+00
     -0.373      0.251     7.8009     92.511     33.917  35.259199     0.8059      9.868    69.1180 6.8393e+02    10.7663     -0.363     -0.528    23.7728 0.0000e+00
     -0.301      0.272     7.6069     92.921     33.742  35.264882     1.0231      9.923    68.6274 8.1654e+02     9.5033     -0.296     -0.430    24.9940 0.0000e+00
     -0.231      0.274     7.4879     93.456     33.648  35.292122     1.1233      9.972    68.0019 9.1101e+02     8.8248     -0.229     -0.331    25.9035 0.0000e+00
     -0.156      0.258     7.3949     94.087     33.620  35.334952     1.1354     10.014    68.0088 1.1322e+03     8.8136     -0.154     -0.221    26.6305 0.0000e+00
     -0.083      0.231     7.3623     94.737     33.594  35.338713     1.2609     10.048    68.0225 1.4230e+03     8.8202     -0.076     -0.110    27.0268 0.0000e+00
     -0.021      0.196     7.3642     95.309     33.526  35.274198     1.4758     10.075    67.9959 1.2795e+03     8.8025     -0.017     -0.024    27.2744 0.0000e+00
      0.028      0.156     7.3807     95.754     33.382  35.125933     1.5701     10.097    68.1170 1.0476e+03     8.7709      0.033      0.048    27.4663 0.0000e+00
      0.060      0.116     7.4207     96.066     33.193  34.941883     1.5438     10.117    68.1097 8.1691e+02     8.7801      0.066      0.096    27.5636 0.0000e+00
      0.076      0.080     7.4697     96.251     33.062  34.825376     1.5151     10.133    67.8218 8.2400e+02     8.8448      0.076      0.111    27.6017 0.0000e+00
      0.084      0.051     7.5161     96.340     33.028  34.795874     1.4980     10.148    67.6479 1.3415e+03     8.8367      0.082      0.119    27.6046 0.0000e+00
      0.090      0.031     7.5516     96.355     33.082  34.838965     1.4787     10.162    67.6423 1.6849e+03     8.7158      0.088      0.128    27.5940 0.0000e+00
      0.096      0.019     7.5734     96.278     33.219  34.965691     1.4563     10.173    67.4949 1.6594e+03     8.5439      0.095      0.138    27.6220 0.0000e+00
      0.100      0.013     7.5795     96.137     33.378  35.122604     1.4602     10.181    67.1569 1.6531e+03     8.5697      0.098      0.142    27.6720 0.0000e+00
      0.102      0.010     7.5839     95.995     33.463  35.213465     1.4842     10.188    66.9102 1.5926e+03     8.8226      0.100      0.145    27.6845 0.0000e+00
      0.102      0.009     7.5916     95.886     33.476  35.239491     1.4892     10.195    66.8353 1.5003e+03     8.9704      0.100      0.144    27.6478 0.0000e+00
      0.102      0.008     7.5892     95.852     33.462  35.246956     1.4789     10.202    66.8541 1.5548e+03     8.8879      0.098      0.142    27.6181 0.0000e+00
      0.104      0.008     7.5763     96.069     33.432  35.240318     1.4844     10.208    66.8787 1.5577e+03     8.7139      0.102      0.147    27.6025 0.0000e+00
      0.108      0.008     7.5669     96.994     33.397  35.222726     1.5302     10.213    66.8748 1.4351e+03     8.6774      0.106      0.154    27.6010 0.0000e+00
      0.112      0.007     7.5515     98.357     33.391  35.224618     1.5836     10.218    66.8934 1.3716e+03     8.8218      0.110      0.161    27.6228 0.0000e+00
      0.113      0.006     7.5462     98.817     33.426  35.263206     1.5806     10.223    66.8453 1.4203e+03     8.8538      0.112      0.162    27.6604 0.0000e+00
      0.113      0.004     7.5359     97.813     33.469  35.308610     1.5356     10.228    66.6378 1.4952e+03     8.7230      0.111      0.161    27.7011 0.0000e+00
      0.113      0.002     7.5986     95.959     33.487  35.329469     1.5139     10.233    66.3624 1.5740e+03     8.6758      0.111      0.161    27.7331 0.0000e+00
      0.114      0.002     7.7702     93.890     33.476  35.325069     1.5435     10.237    66.2691 1.6767e+03     8.7610      0.112      0.162    27.7453 0.0000e+00
      0.114      0.004     7.8191     91.898     33.458  35.318874     1.5857     10.242    66.2841 1.7164e+03     8.8992      0.112      0.163    27.7414 0.0000e+00
      0.114      0.008     7.7113     90.272     33.442  35.318028     1.5828     10.247    66.2864 1.5519e+03     8.9115      0.111      0.162    27.7386 0.0000e+00
      0.115      0.012     7.5478     89.337     33.426  35.314860     1.5997     10.251    66.2969 1.3345e+03     8.8065      0.112      0.162    27.7423 0.0000e+00
      0.119      0.014     7.3787     89.159     33.385  35.280598     1.6648     10.255    66.0668 1.2218e+03     8.8259      0.116      0.166    27.7534 0.0000e+00
      0.126      0.014     7.2142     89.615     33.322  35.221010     1.6953     10.260    65.8267 1.3200e+03     8.9414      0.123      0.179    27.7711 0.0000e+00
      0.132      0.012     7.0674     90.290     33.260  35.165419     1.7108     10.265    65.8887 1.5324e+03     8.9730      0.130      0.189    27.7975 0.0000e+00
      0.136      0.009     6.9944     90.596     33.202  35.116044     1.7028     10.269    65.9566 1.4861e+03     8.8664      0.134      0.194    27.8234 0.0000e+00
      0.138      0.004     6.9789     90.286     33.149  35.068156     1.6739     10.272    65.9591 1.4336e+03     8.8135      0.137      0.199    27.8338 0.0000e+00
      0.137     -0.002     7.0248     89.403     33.110  35.030555     1.6688     10.275    66.1773 1.6339e+03     8.8811      0.135      0.196    27.8405 0.0000e+00
      0.133     -0.007     7.0994     88.043     33.123  35.042095     1.6658     10.278    68.9383 1.6593e+03     8.8986      0.129      0.187    27.8566 0.0000e+00
      0.130     -0.012     7.1241     86.383     33.163  35.080785     1.6213     10.282    85.7480 1.4280e+03     8.8532      0.127      0.184    27.8772 0.0000e+00
      0.128     -0.013     7.0954     84.673     33.202  35.117674     1.5311     10.288   100.7853 1.4461e+03     8.7760      0.127      0.184    27.8917 0.0000e+00
      0.124     -0.012     7.0236     83.103     33.257  35.170877     1.4901     10.294   103.0240 1.6444e+03     8.7852      0.123      0.178    27.8969 0.0000e+00
      0.118     -0.011     6.9130     81.760     33.307  35.216477     1.5082     10.299   104.4705 1.7434e+03     8.8624      0.115      0.166    27.8914 0.0000e+00
      0.114     -0.011     6.7761     80.715     33.317  35.224883     1.5088     10.303    90.5704 1.7456e+03     8.8210      0.110      0.159    27.8824 0.0000e+00
      0.113     -0.012     6.6355     79.995     33.300  35.209066     1.4726     10.303    74.7721 1.4935e+03     8.6600      0.111      0.161    27.8811 0.0000e+00
      0.113     -0.012     6.5143     79.720     33.302  35.215581     1.4276     10.303    71.9389 1.2860e+03     8.4879      0.112      0.163    27.8713 0.0000e+00
      0.112     -0.010     6.4056     80.100     33.322  35.240211     1.4230     10.303    70.3384 1.3303e+03     8.4824      0.110      0.160    27.8559 0.0000e+00
      0.107     -0.005     6.3260     81.161     33.276  35.189641     1.4340     10.303    69.2737 1.5004e+03     8.5588      0.106      0.154    27.8534 0.0000e+00
      0.100      0.002     6.2661     82.738     33.146  35.048256     1.4273     10.304    68.6154 1.9191e+03     8.5578      0.098      0.142    27.8585 0.0000e+00
      0.095      0.007     6.2345     84.706     33.027  34.926550     1.4415     10.304    67.9723 1.9983e+03     8.6068      0.088      0.129    27.8667 0.0000e+00
      0.101      0.009     6.2624     86.831     33.013  34.923583     1.4718     10.304    67.3478 1.5372e+03     8.6738      0.094      0.136    27.8758 0.0000e+00
      0.116      0.008     6.3539     88.596     33.088  35.012400     1.5025     10.304    67.0022 1.3447e+03     8.7181      0.116      0.168    27.8714 0.0000e+00
      0.127      0.006     6.4819     89.622     33.183  35.112207     1.5388     10.304    66.8051 1.3006e+03     8.8014      0.131      0.190    27.8545 0.0000e+00
      0.125      0.003     6.6369     89.839     33.255  35.178642     1.5359     10.305    66.7716 1.1852e+03     8.7924      0.126      0.182    27.8624 0.0000e+00
      0.115     -0.002     6.8214     89.261     33.270  35.181189     1.4923     10.306    66.8544 1.2477e+03     8.6771      0.110      0.160    27.8900 0.0000e+00
      0.106     -0.006     6.9686     87.995     33.240  35.142978     1.4693     10.307    66.7734 1.3693e+03     8.6029      0.100      0.145    27.9056 0.0000e+00
      0.105     -0.007     7.0471     86.250     33.200  35.097307     1.4916     10.307    66.5667 1.5033e+03     8.6814      0.101      0.146    27.9057 0.0000e+00
      0.109     -0.003     7.0682     84.305     33.175  35.073103     1.5283     10.307    66.3342 1.6742e+03     8.8059      0.107      0.156    27.8867 0.0000e+00
      0.113      0.001     7.0225     82.493     33.200  35.104116     1.5215     10.307    66.1130 1.7297e+03     8.7765      0.113      0.164    27.8629 0.0000e+00
      0.114      0.003     6.9180     81.026     33.244  35.155062     1.4854     10.307    65.9577 1.7945e+03     8.7703      0.112      0.163    27.8524 0.0000e+00
      0.111      0.003     6.7755     79.917     33.268  35.181520     1.4987     10.307    65.9191 1.7430e+03     8.9008      0.109      0.157    27.8485 0.0000e+00
      0.110      0.002     6.6108     79.104     33.259  35.170245     1.5576     10.308    65.9903 1.2744e+03     8.9542      0.107      0.155    27.8503 0.0000e+00
      0.111      0.002     6.4617     78.585     33.238  35.145624     1.5908     10.309    65.9585 9.4019e+02     8.8697      0.110      0.158    27.8607 0.0000e+00
      0.114      0.002     6.3460     78.418     33.231  35.137603     1.5755     10.311    65.7920 9.7959e+02     8.7675      0.112      0.163    27.8695 0.0000e+00
      0.116      0.003     6.2617     78.618     33.231  35.136717     1.5889     10.311    65.6981 1.0682e+03     8.7773      0.114      0.166    27.8710 0.0000e+00
      0.116      0.003     6.1986     79.111     33.230  35.134912     1.6691     10.311    65.6842 1.1825e+03     8.8855      0.115      0.166    27.8674 0.0000e+00
      0.115      0.002     6.1554     79.745     33.213  35.115767     1.7211     10.312    65.7107 1.4715e+03     8.9476      0.113      0.164    27.8622 0.0000e+00
      0.115      0.002     6.1424     80.348     33.196  35.095579     1.7181     10.312    65.6735 1.6717e+03     8.8799      0.113      0.164    27.8602 0.0000e+00
      0.116      0.002     6.1597     80.845     33.184  35.081150     1.6991     10.313    65.5780 1.4478e+03     8.7506      0.113      0.164    27.8611 0.0000e+00
      0.118      0.002     6.2030     81.233     33.171  35.068208     1.6908     10.314    65.5886 1.2320e+03     8.8187      0.115      0.167    27.8607 0.0000e+00
      0.119      0.002     6.2588     81.486     33.169  35.065979     1.7101     10.314    65.6299 1.2672e+03     9.0886      0.117      0.169    27.8580 0.0000e+00
      0.119      0.002     6.3086     81.581     33.157  35.054201     1.7078     10.314    65.6470 1.4295e+03     9.1786      0.117      0.169    27.8542 0.0000e+00
      0.119      0.002     6.3461     81.505     33.156  35.052702     1.6713     10.314    65.7093 1.6238e+03     9.0187      0.116      0.169    27.8519 0.0000e+00
      0.119      0.001     6.3784     81.251     33.153  35.047848     1.6595     10.314    65.7808 1.6619e+03     8.7947      0.117      0.169    27.8516 0.0000e+00
      0.119      0.001     6.3989     80.877     33.110  34.995509     1.6986     10.314    65.7370 1.6012e+03     8.6231      0.117      0.169    27.8527 0.0000e+00
      0.120      0.001     6.4057     80.457     33.058  34.927441     1.7450     10.315    65.6108 1.5226e+03     8.6168      0.116      0.169    27.8540 0.0000e+00
      0.121      0.001     6.4012     79.977     33.010  34.859278     1.7460     10.317    65.5455 1.4585e+03     8.6159      0.118      0.171    27.8548 0.0000e+00
      0.121      0.001     6.3795     79.419     32.977  34.805780     1.7186     10.318    65.5493 1.4230e+03     8.5445      0.118      0.172    27.8533 0.0000e+00
