Data/DataNotYetUploadedToEDI/Raw_CTD/RawDownloads/062325_fcr50_S7809001.cnv
* Sea-Bird SBE19plus  Data File:
* FileName = C:\R\Reservoirs\Data\DataNotYetUploadedToEDI\Raw_CTD\RawDownloads\062325_fcr50_S7809_0001.hex
* Software version 2.8.0.119
* Temperature SN = 7809
* Conductivity SN = 7809
* System UpLoad Time = Jun 24 2025 14:28:30
* <ApplicationData>
* <Seaterm232>
# nquan = 15
# nvalues = 2077                        
# units = specified
# name 0 = depFM: Depth [fresh water, m]
# name 1 = dz/dtM: Descent Rate [m/s]
# name 2 = sbeox0Mg/L: Oxygen, SBE 43 [mg/l]
# name 3 = sbeox0PS: Oxygen, SBE 43 [% saturation]
# name 4 = specc: Specific Conductance [uS/cm]
# name 5 = c0uS/cm: Conductivity [uS/cm]
# name 6 = flECO-AFL: Fluorescence, WET Labs ECO-AFL/FL [mg/m^3]
# name 7 = ph: pH
# name 8 = orp: Oxidation Reduction Potential [mV]
# name 9 = par/sat/log: PAR/Logarithmic, Satlantic
# name 10 = turbWETntu0: Turbidity, WET Labs ECO [NTU]
# name 11 = prdM: Pressure, Strain Gauge [db]
# name 12 = prdE: Pressure, Strain Gauge [psi]
# name 13 = tv290C: Temperature [ITS-90, deg C]
# name 14 = flag:  0.000e+00
# span 0 =     -0.566,      9.753       
# span 1 =     -0.374,      0.166       
# span 2 =    -0.0975,    16.6698       
# span 3 =     -0.855,    188.933       
# span 4 =      0.643,    146.716       
# span 5 =   0.731647, 105.976165       
# span 6 =    -0.8920,    17.7694       
# span 7 =      7.148,     11.322       
# span 8 = -1240.7430,   877.9111       
# span 9 = 1.2342e-01, 2.4918e+03       
# span 10 =    -8.1795,   932.0519      
# span 11 =     -0.555,      9.566      
# span 12 =     -0.806,     13.874      
# span 13 =    10.8188,    31.9999      
# span 14 = 0.0000e+00, 0.0000e+00      
# interval = seconds: 0.25
# start_time = Jun 23 2025 11:23:46 [Instrument's time stamp, header]
# bad_flag = -9.990e-29
*END*
[from data line 1543]
      8.249     -0.064     3.8583     35.148    142.877 102.678435     0.8242      8.940   172.9392 1.2360e-01    48.5307      8.086     11.727    10.9275 0.0000e+00
      8.264     -0.045     3.8550     35.170    142.871 102.675771     0.8159      8.926   173.4372 1.2359e-01    49.6777      8.106     11.757    10.9282 0.0000e+00
      8.276     -0.050     3.8605     35.151    142.896 102.695722     0.8051      8.912   173.3894 1.2359e-01    51.7053      8.119     11.776    10.9288 0.0000e+00
      8.278     -0.080     3.8732     35.106    142.940 102.728682     0.8184      8.899   173.9957 1.2355e-01    52.8239      8.124     11.783    10.9293 0.0000e+00
      8.260     -0.116     3.8834     35.027    142.975 102.755995     0.8359      8.884   175.0887 1.2359e-01    52.9207      8.113     11.768    10.9299 0.0000e+00
      8.210     -0.138     3.8845     34.924    142.994 102.771305     0.8418      8.866   175.6778 1.2364e-01    52.8415      8.065     11.698    10.9305 0.0000e+00
      8.131     -0.140     3.8810     34.797    143.013 102.786472     0.8564      8.848   176.7309 1.2359e-01    52.6866      7.970     11.558    10.9311 0.0000e+00
      8.066     -0.123     3.8781     34.656    143.047 102.812055     0.8625      8.832   178.0994 1.2356e-01    52.5847      7.889     11.443    10.9316 0.0000e+00
      8.043     -0.094     3.8673     34.521    143.064 102.825975     0.8408      8.816   179.1458 1.2361e-01    52.5655      7.877     11.425    10.9322 0.0000e+00
      8.048     -0.067     3.8567     34.377    143.064 102.827457     0.8268      8.799   180.9509 1.2362e-01    52.4546      7.892     11.447    10.9328 0.0000e+00
      8.058     -0.058     3.8426     34.239    143.065 102.829984     0.8351      8.783   182.0284 1.2358e-01    51.9269      7.905     11.464    10.9333 0.0000e+00
      8.063     -0.074     3.8246     34.132    143.100 102.856530     0.8321      8.768   182.1935 1.2363e-01    51.1721      7.912     11.475    10.9339 0.0000e+00
      8.052     -0.103     3.8120     34.021    143.149 102.893790     0.8238      8.752   182.9469 1.2365e-01    50.7756      7.906     11.467    10.9346 0.0000e+00
      8.012     -0.125     3.7951     33.856    143.154 102.898516     0.8184      8.736   183.1358 1.2358e-01    50.4466      7.870     11.414    10.9349 0.0000e+00
      7.944     -0.131     3.7773     33.654    143.173 102.913670     0.8336      8.721   183.0152 1.2354e-01    48.0484      7.790     11.299    10.9355 0.0000e+00
      7.878     -0.118     3.7679     33.477    143.221 102.949686     0.8831      8.706   183.7262 1.2354e-01    43.7774      7.709     11.180    10.9362 0.0000e+00
      7.847     -0.092     3.7584     33.321    143.222 102.952011     0.8998      8.691   183.8165 1.2357e-01    41.4030      7.683     11.144    10.9367 0.0000e+00
      7.848     -0.058     3.7396     33.144    143.206 102.941787     0.8858      8.676   183.3328 1.2364e-01    41.1671      7.695     11.162    10.9373 0.0000e+00
      7.857     -0.031     3.7128     32.964    143.220 102.953401     0.8805      8.662   183.1265 1.2364e-01    41.5407      7.706     11.176    10.9377 0.0000e+00
      7.863     -0.029     3.6939     32.808    143.235 102.965101     0.8852      8.649   182.5268 1.2360e-01    42.3676      7.712     11.187    10.9382 0.0000e+00
      7.864     -0.051     3.6803     32.660    143.220 102.955938     0.9095      8.634   182.8793 1.2362e-01    42.9333      7.714     11.189    10.9388 0.0000e+00
      7.856     -0.080     3.6584     32.518    143.237 102.969941     0.9330      8.619   183.6874 1.2363e-01    42.9483      7.709     11.180    10.9392 0.0000e+00
      7.829     -0.098     3.6370     32.386    143.287 103.007096     0.9290      8.605   183.3492 1.2357e-01    41.7628      7.690     11.153    10.9397 0.0000e+00
      7.776     -0.101     3.6215     32.238    143.308 103.023197     0.9108      8.591   183.3510 1.2350e-01    39.5989      7.629     11.064    10.9401 0.0000e+00
      7.721     -0.091     3.6051     32.066    143.326 103.037289     0.9043      8.577   183.7952 1.2353e-01    38.3394      7.557     10.960    10.9407 0.0000e+00
      7.696     -0.070     3.5879     31.893    143.342 103.050156     0.8997      8.563   183.7301 1.2359e-01    38.0124      7.538     10.933    10.9412 0.0000e+00
      7.697     -0.043     3.5760     31.740    143.342 103.051445     0.9636      8.551   184.2846 1.2359e-01    37.4222      7.548     10.948    10.9417 0.0000e+00
      7.706     -0.018     3.5596     31.614    143.342 103.052870     1.1200      8.538   185.4225 1.2356e-01    36.5659      7.557     10.961    10.9422 0.0000e+00
      7.713     -0.013     3.5390     31.494    143.360 103.067396     1.2165      8.524   186.5617 1.2356e-01    36.1307      7.566     10.973    10.9426 0.0000e+00
      7.716     -0.033     3.5195     31.363    143.403 103.099755     1.2239      8.511   188.0784 1.2356e-01    36.1565      7.569     10.978    10.9431 0.0000e+00
      7.713     -0.066     3.5014     31.214    143.438 103.125809     1.1337      8.499   188.6175 1.2356e-01    36.1260      7.567     10.974    10.9436 0.0000e+00
      7.698     -0.094     3.4897     31.069    143.438 103.127765     0.9583      8.488   188.6922 1.2354e-01    35.8985      7.558     10.963    10.9440 0.0000e+00
      7.660     -0.107     3.4762     30.962    143.430 103.123404     0.8596      8.475   189.5832 1.2354e-01    35.7288      7.523     10.911    10.9445 0.0000e+00
      7.601     -0.106     3.4624     30.873    143.447 103.136747     0.8471      8.462   190.0988 1.2358e-01    35.6455      7.449     10.804    10.9448 0.0000e+00
      7.552     -0.092     3.4456     30.791    143.480 103.161763     0.8416      8.452   190.2803 1.2361e-01    35.0628      7.391     10.719    10.9454 0.0000e+00
      7.536     -0.067     3.4259     30.731    143.492 103.171220     0.8340      8.441   190.8307 1.2361e-01    34.0459      7.384     10.710    10.9458 0.0000e+00
      7.541     -0.037     3.4170     30.711    143.513 103.187425     0.8383      8.430   191.1622 1.2358e-01    33.5303      7.395     10.726    10.9462 0.0000e+00
      7.548     -0.010     3.4071     30.715    143.571 103.230373     0.8442      8.419   190.9324 1.2356e-01    33.6099      7.403     10.737    10.9468 0.0000e+00
      7.552      0.006     3.3975     30.702    143.590 103.244857     0.8385      8.410   190.2036 1.2356e-01    34.4281      7.408     10.746    10.9473 0.0000e+00
      7.552      0.009     3.3895     30.680    143.575 103.235225     0.8534      8.400   189.4047 1.2359e-01    35.8740      7.407     10.743    10.9476 0.0000e+00
      7.550      0.006     3.3875     30.675    143.581 103.241238     0.8902      8.390   189.7056 1.2360e-01    36.7446      7.403     10.737    10.9480 0.0000e+00
      7.551      0.004     3.3915     30.664    143.597 103.253896     0.9090      8.380   190.1417 1.2355e-01    36.8929      7.404     10.739    10.9485 0.0000e+00
      7.554      0.004     3.3887     30.620    143.606 103.260946     0.8894      8.371   189.6867 1.2350e-01    36.8821      7.409     10.746    10.9487 0.0000e+00
      7.557      0.004     3.3842     30.553    143.607 103.262811     0.8779      8.362   189.6250 1.2354e-01    37.6051      7.411     10.749    10.9491 0.0000e+00
      7.557      0.004     3.3853     30.473    143.624 103.276461     0.9117      8.353   189.9123 1.2359e-01    39.1437      7.411     10.749    10.9495 0.0000e+00
      7.558     -0.001     3.3861     30.388    143.654 103.298659     0.9229      8.344   190.1484 1.2354e-01    39.9771      7.412     10.751    10.9500 0.0000e+00
      7.559     -0.017     3.3794     30.298    143.710 103.340215     0.8971      8.334   190.7599 1.2353e-01    39.9276      7.412     10.751    10.9503 0.0000e+00
      7.560     -0.045     3.3722     30.198    143.787 103.396929     0.8746      8.323   191.5400 1.2358e-01    38.8176      7.415     10.753    10.9507 0.0000e+00
      7.559     -0.072     3.3628     30.095    143.806 103.411413     0.8417      8.312   192.5257 1.2356e-01    36.7358      7.418     10.757    10.9512 0.0000e+00
      7.543     -0.088     3.3536     29.997    143.772 103.388017     0.8167      8.302   193.5582 1.2355e-01    35.5263      7.410     10.748    10.9514 0.0000e+00
      7.498     -0.091     3.3441     29.910    143.744 103.368698     0.8294      8.293   193.6124 1.2360e-01    35.0903      7.362     10.678    10.9518 0.0000e+00
      7.439     -0.082     3.3321     29.830    143.743 103.368824     0.8369      8.283   193.6111 1.2358e-01    31.6352      7.281     10.560    10.9522 0.0000e+00
      7.408     -0.064     3.3210     29.753    143.771 103.389544     0.8002      8.275   194.4893 1.2352e-01    25.2119      7.249     10.514    10.9525 0.0000e+00
      7.411     -0.040     3.3094     29.679    143.822 103.428230     0.7680      8.267   195.1112 1.2356e-01    21.6122      7.268     10.541    10.9529 0.0000e+00
      7.425     -0.021     3.3000     29.613    143.857 103.454594     0.7645      8.259   195.5370 1.2361e-01    21.3477      7.284     10.564    10.9532 0.0000e+00
      7.436     -0.021     3.2918     29.550    143.855 103.453646     0.7745      8.251   196.0245 1.2361e-01    22.5267      7.294     10.580    10.9535 0.0000e+00
      7.440     -0.046     3.2827     29.490    143.891 103.480442     0.7966      8.241   196.1017 1.2361e-01    24.6981      7.300     10.589    10.9538 0.0000e+00
      7.431     -0.080     3.2746     29.441    143.950 103.523922     0.8069      8.233   196.1259 1.2357e-01    25.8417      7.294     10.579    10.9543 0.0000e+00
      7.401     -0.102     3.2676     29.388    143.963 103.533715     0.8167      8.226   196.6611 1.2352e-01    25.7648      7.268     10.542    10.9546 0.0000e+00
      7.349     -0.107     3.2607     29.323    143.963 103.535183     0.8237      8.219   196.7226 1.2354e-01    23.8709      7.211     10.458    10.9549 0.0000e+00
      7.292     -0.096     3.2529     29.260    143.971 103.541670     0.7995      8.210   196.1809 1.2362e-01    20.2953      7.138     10.352    10.9553 0.0000e+00
      7.262     -0.073     3.2489     29.219    143.979 103.548489     0.7820      8.203   195.9619 1.2362e-01    18.2287      7.107     10.308    10.9556 0.0000e+00
      7.264     -0.043     3.2432     29.191    143.986 103.553972     0.7777      8.197   195.5371 1.2360e-01    17.8763      7.123     10.330    10.9559 0.0000e+00
      7.275     -0.016     3.2355     29.162    143.971 103.544295     0.7562      8.192   195.5190 1.2359e-01    16.8208      7.135     10.350    10.9563 0.0000e+00
      7.282     -0.005     3.2271     29.115    143.990 103.558817     0.7474      8.186   196.0873 1.2356e-01    14.8606      7.141     10.357    10.9566 0.0000e+00
      7.285     -0.019     3.2237     29.050    144.049 103.602226     0.7633      8.179   196.3003 1.2358e-01    13.7483      7.146     10.365    10.9569 0.0000e+00
      7.285     -0.051     3.2208     28.999    144.078 103.623498     0.7736      8.171   196.8037 1.2361e-01    13.7567      7.147     10.365    10.9571 0.0000e+00
      7.275     -0.083     3.2182     28.962    144.079 103.625023     0.7634      8.165   197.4412 1.2359e-01    14.4507      7.140     10.355    10.9574 0.0000e+00
      7.249     -0.102     3.2139     28.923    144.071 103.620674     0.7311      8.160   197.4687 1.2360e-01    15.5809      7.119     10.325    10.9579 0.0000e+00
      7.199     -0.105     3.2037     28.875    144.089 103.634581     0.7079      8.154   197.6536 1.2361e-01    16.1830      7.063     10.245    10.9582 0.0000e+00
      7.143     -0.093     3.1994     28.837    144.131 103.665832     0.7079      8.149   198.1279 1.2359e-01    16.1627      6.991     10.141    10.9585 0.0000e+00
      7.112     -0.070     3.1950     28.826    144.151 103.680210     0.6888      8.143   198.8151 1.2357e-01    14.9262      6.963     10.098    10.9588 0.0000e+00
      7.112     -0.042     3.1924     28.837    144.151 103.681100     0.6689      8.138   199.8533 1.2356e-01    12.7092      6.973     10.113    10.9590 0.0000e+00
      7.124     -0.016     3.1851     28.845    144.143 103.676592     0.6925      8.134   200.3560 1.2357e-01    11.6298      6.987     10.132    10.9594 0.0000e+00
      7.134     -0.007     3.1805     28.845    144.159 103.689364     0.7158      8.129   200.5906 1.2361e-01    11.6098      6.998     10.149    10.9597 0.0000e+00
      7.139     -0.024     3.1788     28.840    144.185 103.708195     0.7004      8.125   201.2277 1.2363e-01    11.5799      7.003     10.158    10.9599 0.0000e+00
      7.136     -0.057     3.1820     28.825    144.191 103.713295     0.6980      8.120   201.6057 1.2357e-01    12.0882      7.000     10.152    10.9602 0.0000e+00
      7.124     -0.086     3.1831     28.839    144.243 103.751035     0.7289      8.114   201.6336 1.2351e-01    13.1778      6.993     10.143    10.9605 0.0000e+00
      7.090     -0.100     3.1815     28.887    144.285 103.782512     0.7327      8.109   201.8231 1.2353e-01    13.7207      6.965     10.102    10.9608 0.0000e+00
      7.034     -0.096     3.1840     28.952    144.274 103.775559     0.7184      8.104   201.9183 1.2361e-01    13.7335      6.896     10.001    10.9610 0.0000e+00
      6.984     -0.079     3.1776     29.036    144.299 103.794297     0.7226      8.099   201.8383 1.2365e-01    14.6985      6.831      9.908    10.9612 0.0000e+00
      6.968     -0.052     3.1806     29.134    144.331 103.818069     0.7085      8.095   201.7158 1.2361e-01    16.5760      6.824      9.897    10.9615 0.0000e+00
      6.978     -0.020     3.1868     29.252    144.317 103.808324     0.6898      8.092   201.5564 1.2358e-01    17.6119      6.844      9.926    10.9618 0.0000e+00
      6.992      0.005     3.1929     29.401    144.310 103.803794     0.7123      8.088   201.8037 1.2359e-01    17.6925      6.857      9.947    10.9620 0.0000e+00
      7.005      0.006     3.2032     29.565    144.341 103.826974     0.7474      8.084   202.2971 1.2364e-01    16.7305      6.870      9.965    10.9623 0.0000e+00
      7.013     -0.022     3.2133     29.710    144.350 103.833925     0.7649      8.080   202.6181 1.2358e-01    14.7945      6.879      9.979    10.9626 0.0000e+00
      7.013     -0.065     3.2259     29.835    144.335 103.824186     0.7739      8.075   202.9307 1.2350e-01    13.7208      6.880      9.979    10.9630 0.0000e+00
      7.000     -0.105     3.2423     29.947    144.351 103.836555     0.7726      8.071   203.1522 1.2352e-01    13.6543      6.874      9.969    10.9632 0.0000e+00
      6.960     -0.129     3.2636     30.047    144.378 103.856154     0.7412      8.067   203.2303 1.2353e-01    14.0596      6.839      9.920    10.9633 0.0000e+00
      6.892     -0.134     3.2779     30.139    144.397 103.870157     0.6941      8.064   203.3589 1.2353e-01    14.8634      6.756      9.801    10.9635 0.0000e+00
      6.827     -0.123     3.2919     30.220    144.407 103.878531     0.6767      8.060   203.5897 1.2359e-01    15.3110      6.678      9.686    10.9638 0.0000e+00
      6.797     -0.098     3.3046     30.288    144.427 103.893735     0.6807      8.058   203.9547 1.2366e-01    15.3049      6.657      9.655    10.9640 0.0000e+00
      6.794     -0.062     3.3145     30.331    144.472 103.926664     0.6935      8.055   204.2448 1.2366e-01    14.8236      6.662      9.663    10.9643 0.0000e+00
      6.798     -0.027     3.3258     30.357    144.515 103.958345     0.7226      8.053   204.3439 1.2364e-01    13.9324      6.667      9.670    10.9645 0.0000e+00
      6.801     -0.003     3.3336     30.372    144.515 103.958452     0.7421      8.050   204.4649 1.2367e-01    13.4448      6.671      9.675    10.9646 0.0000e+00
