Data/DataNotYetUploadedToEDI/Raw_CTD/RawDownloads/062325_fcr40_S7809005.cnv
* Sea-Bird SBE19plus  Data File:
* FileName = C:\R\Reservoirs\Data\DataNotYetUploadedToEDI\Raw_CTD\RawDownloads\062325_fcr50_S7809_0005.hex
* Software version 2.8.0.119
* Temperature SN = 7809
* Conductivity SN = 7809
* System UpLoad Time = Jun 24 2025 14:31:11
* <ApplicationData>
* <Seaterm232>
# nquan = 15
# nvalues = 1870                        
# units = specified
# name 0 = depFM: Depth [fresh water, m]
# name 1 = dz/dtM: Descent Rate [m/s]
# name 2 = sbeox0Mg/L: Oxygen, SBE 43 [mg/l]
# name 3 = sbeox0PS: Oxygen, SBE 43 [% saturation]
# name 4 = specc: Specific Conductance [uS/cm]
# name 5 = c0uS/cm: Conductivity [uS/cm]
# name 6 = flECO-AFL: Fluorescence, WET Labs ECO-AFL/FL [mg/m^3]
# name 7 = ph: pH
# name 8 = orp: Oxidation Reduction Potential [mV]
# name 9 = par/sat/log: PAR/Logarithmic, Satlantic
# name 10 = turbWETntu0: Turbidity, WET Labs ECO [NTU]
# name 11 = prdM: Pressure, Strain Gauge [db]
# name 12 = prdE: Pressure, Strain Gauge [psi]
# name 13 = tv290C: Temperature [ITS-90, deg C]
# name 14 = flag:  0.000e+00
# span 0 =     -0.568,      5.912       
# span 1 =     -0.311,      0.274       
# span 2 =     0.0254,    17.8080       
# span 3 =      0.267,    203.519       
# span 4 =      1.327,     59.017       
# span 5 =   1.252713,  46.346902       
# span 6 =    -0.3676,    18.5044       
# span 7 =      7.847,     11.444       
# span 8 =   -84.6216,   322.9403       
# span 9 = 1.2360e-01, 2.4285e+03       
# span 10 =    -0.0081,   240.3217      
# span 11 =     -0.557,      5.798      
# span 12 =     -0.808,      8.410      
# span 13 =    10.8168,    27.9057      
# span 14 = 0.0000e+00, 0.0000e+00      
# interval = seconds: 0.25
# start_time = Jun 23 2025 12:27:04 [Instrument's time stamp, header]
# bad_flag = -9.990e-29
*END*
[from data line 97]
      0.121      0.001     6.3185     78.299     32.972  34.772804     1.7218     10.319    65.3670 1.3650e+03     8.7640      0.118      0.172    27.8242 0.0000e+00
      0.121      0.001     6.2853     77.807     32.956  34.747283     1.7646     10.319    65.2440 1.6958e+03     8.8984      0.118      0.171    27.7946 0.0000e+00
      0.121      0.001     6.2423     77.345     32.950  34.733324     1.7903     10.318    65.1174 1.9355e+03     8.8997      0.119      0.173    27.7639 0.0000e+00
      0.121      0.001     6.1975     76.899     32.954  34.730912     1.7992     10.318    65.1269 1.8150e+03     8.8140      0.119      0.173    27.7397 0.0000e+00
      0.122      0.001     6.1567     76.444     32.948  34.718108     1.8056     10.319    65.1864 1.7574e+03     8.8534      0.119      0.173    27.7231 0.0000e+00
      0.122      0.001     6.1205     75.969     32.943  34.705392     1.8009     10.321    65.1484 1.7740e+03     8.9315      0.119      0.173    27.7108 0.0000e+00
      0.122      0.001     6.0849     75.489     32.948  34.704047     1.7927     10.321    65.0971 1.7151e+03     8.8707      0.120      0.174    27.6998 0.0000e+00
      0.122      0.002     6.0525     75.013     32.952  34.701827     1.7728     10.321    64.9970 1.6450e+03     8.6987      0.120      0.174    27.6894 0.0000e+00
      0.122      0.003     6.0179     74.543     32.936  34.678548     1.7770     10.321    64.7979 1.4785e+03     8.6617      0.119      0.173    27.6792 0.0000e+00
      0.123      0.005     5.9808     74.063     32.879  34.612901     1.8181     10.322    64.6684 1.3545e+03     8.8327      0.119      0.173    27.6684 0.0000e+00
      0.124      0.007     5.9443     73.533     32.817  34.542526     1.8289     10.323    64.5503 1.4075e+03     9.0256      0.121      0.176    27.6572 0.0000e+00
      0.127      0.009     5.9076     72.966     32.805  34.525537     1.7831     10.324    64.4032 1.4371e+03     9.0811      0.124      0.180    27.6465 0.0000e+00
      0.130      0.011     5.8717     72.408     32.819  34.534373     1.7306     10.325    64.3522 1.3266e+03     8.9907      0.127      0.184    27.6373 0.0000e+00
      0.133      0.012     5.8368     71.879     32.813  34.522469     1.7261     10.325    64.2772 1.2390e+03     8.9917      0.130      0.189    27.6294 0.0000e+00
      0.136      0.012     5.7956     71.393     32.803  34.508480     1.7537     10.326    64.0997 1.2115e+03     9.0936      0.132      0.192    27.6217 0.0000e+00
      0.139      0.011     5.7487     70.933     32.792  34.492120     1.7396     10.328    63.8407 1.5495e+03     9.0604      0.136      0.198    27.6150 0.0000e+00
      0.143      0.008     5.7068     70.502     32.757  34.451538     1.6719     10.330    63.6393 2.0653e+03     8.8976      0.142      0.205    27.6076 0.0000e+00
      0.146      0.004     5.6640     70.111     32.711  34.398458     1.6182     10.331    63.6438 1.8469e+03     8.7651      0.144      0.209    27.5989 0.0000e+00
      0.147      0.001     5.6277     69.712     32.676  34.357886     1.6230     10.332    63.6373 1.3611e+03     8.7901      0.144      0.209    27.5922 0.0000e+00
      0.146     -0.001     5.5923     69.299     32.665  34.341642     1.6711     10.333    63.4745 1.3259e+03     8.8934      0.143      0.207    27.5875 0.0000e+00
      0.143     -0.003     5.5568     68.901     32.658  34.328943     1.6926     10.336    63.4822 1.4436e+03     8.8521      0.140      0.203    27.5797 0.0000e+00
      0.140     -0.003     5.5303     68.499     32.665  34.331219     1.6663     10.337    63.6445 1.5434e+03     8.7014      0.137      0.199    27.5718 0.0000e+00
      0.140     -0.002     5.4991     68.094     32.709  34.369150     1.6445     10.338    63.6308 1.5581e+03     8.6086      0.137      0.198    27.5664 0.0000e+00
      0.141      0.000     5.4650     67.720     32.752  34.406892     1.6206     10.339    63.4885 1.3660e+03     8.6186      0.138      0.200    27.5595 0.0000e+00
      0.141      0.002     5.4364     67.409     32.758  34.406873     1.5769     10.340    63.3000 1.1342e+03     8.6165      0.138      0.200    27.5533 0.0000e+00
      0.142      0.002     5.4050     67.181     32.727  34.368921     1.5319     10.340    63.1581 1.1053e+03     8.4806      0.139      0.201    27.5452 0.0000e+00
      0.143      0.002     5.3727     67.011     32.693  34.328661     1.4933     10.340    63.1499 1.2418e+03     8.4445      0.140      0.203    27.5314 0.0000e+00
      0.144      0.002     5.3444     66.837     32.672  34.300756     1.4838     10.341    63.2874 1.3321e+03     8.6578      0.141      0.205    27.5183 0.0000e+00
      0.144      0.002     5.3191     66.624     32.661  34.285281     1.5093     10.343    63.4429 1.3127e+03     8.8736      0.141      0.205    27.5098 0.0000e+00
      0.144      0.002     5.3030     66.385     32.647  34.268445     1.5283     10.344    63.3955 1.3680e+03     8.8676      0.141      0.205    27.5031 0.0000e+00
      0.144      0.003     5.2920     66.133     32.608  34.224077     1.5124     10.345    63.2310 1.4329e+03     8.7214      0.142      0.206    27.4951 0.0000e+00
      0.144      0.004     5.2810     65.856     32.584  34.192923     1.5008     10.345    63.1749 1.3152e+03     8.7461      0.141      0.205    27.4852 0.0000e+00
      0.145      0.005     5.2634     65.574     32.605  34.208978     1.5207     10.346    63.3189 1.1710e+03     8.9274      0.142      0.206    27.4789 0.0000e+00
      0.147      0.006     5.2439     65.289     32.628  34.227852     1.5362     10.346    63.5091 1.1949e+03     9.0005      0.144      0.210    27.4780 0.0000e+00
      0.150      0.008     5.2263     64.993     32.637  34.230792     1.5306     10.346    63.5818 1.2977e+03     8.9123      0.147      0.213    27.4727 0.0000e+00
      0.152      0.008     5.2036     64.735     32.657  34.244519     1.5118     10.347    63.5108 1.3376e+03     8.7497      0.149      0.216    27.4612 0.0000e+00
      0.154      0.009     5.1820     64.537     32.683  34.266924     1.4923     10.349    63.2528 1.3699e+03     8.7072      0.150      0.218    27.4528 0.0000e+00
      0.157      0.012     5.1620     64.429     32.666  34.247909     1.4772     10.349    62.9565 1.5123e+03     8.8083      0.154      0.223    27.4459 0.0000e+00
      0.159      0.020     5.1362     64.491     32.625  34.204933     1.4539     10.349    62.8545 1.6645e+03     8.8109      0.157      0.227    27.4347 0.0000e+00
      0.160      0.034     5.1168     64.697     32.613  34.191417     1.4354     10.350    62.7926 1.5811e+03     8.7397      0.154      0.224    27.4244 0.0000e+00
      0.165      0.054     5.1028     64.943     32.572  34.147917     1.4949     10.353    62.6389 1.4521e+03     8.8351      0.159      0.229    27.4147 0.0000e+00
      0.178      0.079     5.0892     65.137     32.483  34.059645     1.6399     10.356    62.7164 1.4202e+03     9.1107      0.173      0.251    27.4122 0.0000e+00
      0.200      0.105     5.0956     65.184     32.428  34.012337     1.7485     10.360    63.1276 1.2321e+03     9.3388      0.192      0.278    27.4187 0.0000e+00
      0.233      0.127     5.1159     65.021     32.433  34.020032     1.7605     10.364    63.5668 9.9687e+02     9.3382      0.225      0.326    27.4125 0.0000e+00
      0.278      0.140     5.1377     64.665     32.463  34.025816     1.7846     10.368    63.8112 9.1823e+02     9.2744      0.271      0.394    27.4092 0.0000e+00
      0.325      0.142     5.1555     64.209     32.502  34.018772     1.8817     10.372    64.0175 8.7276e+02     9.3190      0.319      0.463    27.4159 0.0000e+00
      0.367      0.134     5.1592     63.776     32.521  33.998222     1.9602     10.375    64.3403 8.2395e+02     9.4328      0.363      0.527    27.4382 0.0000e+00
      0.402      0.117     5.1440     63.476     32.510  33.967618     2.0022     10.378    64.6171 8.0624e+02     9.5229      0.396      0.574    27.4620 0.0000e+00
      0.427      0.094     5.1163     63.338     32.514  33.965935     2.0390     10.380    64.8686 7.7138e+02     9.3498      0.420      0.609    27.4171 0.0000e+00
      0.446      0.070     5.0865     63.315     32.527  33.977875     2.0806     10.382    65.2301 7.7781e+02     9.0824      0.440      0.638    27.3181 0.0000e+00
      0.460      0.049     5.0542     63.369     32.535  33.985087     2.1070     10.383    65.5462 8.3454e+02     9.0574      0.455      0.659    27.2478 0.0000e+00
      0.468      0.033     5.0315     63.451     32.544  33.989681     2.0993     10.384    65.7663 8.1641e+02     9.1158      0.460      0.667    27.2292 0.0000e+00
      0.471      0.022     5.0235     63.503     32.531  33.969978     2.0789     10.385    65.9985 7.5281e+02     9.0364      0.462      0.671    27.2248 0.0000e+00
      0.473      0.015     5.0220     63.482     32.510  33.937173     2.0355     10.386    66.1158 7.2670e+02     8.8143      0.464      0.673    27.2236 0.0000e+00
      0.474      0.010     5.0279     63.359     32.496  33.910238     2.0158     10.386    66.0663 7.2770e+02     8.7536      0.464      0.674    27.2222 0.0000e+00
      0.477      0.007     5.0371     63.133     32.497  33.898060     2.0393     10.386    65.9168 7.5169e+02     8.9168      0.469      0.680    27.2145 0.0000e+00
      0.480      0.005     5.0427     62.839     32.526  33.916798     2.0378     10.385    65.7703 8.1903e+02     8.9441      0.472      0.684    27.2069 0.0000e+00
      0.481      0.005     5.0435     62.534     32.561  33.946455     2.0138     10.384    65.8438 9.0941e+02     8.8104      0.472      0.685    27.1915 0.0000e+00
      0.481      0.005     5.0359     62.282     32.556  33.939410     2.0070     10.384    66.1168 9.8269e+02     8.7006      0.473      0.686    27.1693 0.0000e+00
      0.481      0.006     5.0187     62.098     32.513  33.895057     2.0226     10.386    66.3185 9.9724e+02     8.7101      0.472      0.684    27.1472 0.0000e+00
      0.481      0.009     4.9953     61.928     32.476  33.854289     2.0530     10.387    66.3895 8.9079e+02     8.8218      0.471      0.683    27.1292 0.0000e+00
      0.484      0.012     4.9700     61.731     32.453  33.827136     2.0585     10.386    66.3735 7.8118e+02     8.8215      0.473      0.686    27.1187 0.0000e+00
      0.489      0.014     4.9490     61.493     32.448  33.820518     2.0216     10.385    66.3834 7.4929e+02     8.7060      0.479      0.695    27.1175 0.0000e+00
      0.495      0.015     4.9368     61.223     32.466  33.837715     1.9986     10.386    66.5089 7.0077e+02     8.6555      0.486      0.705    27.1204 0.0000e+00
      0.500      0.015     4.9247     60.980     32.475  33.844727     2.0220     10.386    66.5995 6.5229e+02     8.7234      0.491      0.712    27.1170 0.0000e+00
      0.504      0.014     4.9096     60.812     32.475  33.841862     2.0536     10.387    66.7047 6.5168e+02     8.8097      0.494      0.717    27.1092 0.0000e+00
      0.506      0.013     4.8915     60.711     32.500  33.866509     2.0478     10.387    66.8349 7.1697e+02     8.7766      0.496      0.719    27.1066 0.0000e+00
      0.508      0.013     4.8676     60.652     32.523  33.888954     2.0185     10.387    66.9685 8.7347e+02     8.7668      0.497      0.721    27.1066 0.0000e+00
      0.511      0.017     4.8469     60.650     32.495  33.859474     2.0078     10.388    67.1160 9.2375e+02     8.7939      0.501      0.727    27.1018 0.0000e+00
      0.513      0.023     4.8347     60.698     32.462  33.827280     2.0673     10.389    67.1560 7.7394e+02     8.8998      0.503      0.730    27.0976 0.0000e+00
      0.517      0.028     4.8279     60.714     32.451  33.816919     2.1805     10.391    67.1939 6.8636e+02     9.1585      0.505      0.733    27.0962 0.0000e+00
      0.527      0.033     4.8230     60.678     32.432  33.797639     2.2283     10.393    67.2290 6.8755e+02     9.2239      0.515      0.747    27.0921 0.0000e+00
      0.540      0.033     4.8213     60.605     32.419  33.784496     2.2210     10.394    67.1511 6.5331e+02     9.2119      0.530      0.769    27.0914 0.0000e+00
      0.552      0.031     4.8294     60.435     32.422  33.784901     2.3576     10.394    67.1125 6.9732e+02     9.4579      0.542      0.785    27.0967 0.0000e+00
      0.562      0.026     4.8311     60.227     32.443  33.802526     2.6241     10.394    67.1923 7.7487e+02     9.7726      0.552      0.801    27.0989 0.0000e+00
      0.567      0.022     4.8246     60.142     32.451  33.807266     2.7551     10.395    67.1694 7.3757e+02     9.8401      0.559      0.812    27.0991 0.0000e+00
      0.566      0.018     4.8246     60.226     32.425  33.778755     2.7427     10.396    67.0942 6.7303e+02     9.6927      0.556      0.806    27.1007 0.0000e+00
      0.565      0.015     4.8089     60.387     32.419  33.775016     2.7248     10.397    67.2296 6.1565e+02     9.5961      0.552      0.800    27.0979 0.0000e+00
      0.570      0.012     4.7859     60.513     32.467  33.825505     2.7874     10.398    67.4291 5.6151e+02     9.7317      0.557      0.809    27.0873 0.0000e+00
      0.579      0.011     4.7793     60.607     32.773  34.135440     2.9259     10.399    67.5272 5.5687e+02    10.0343      0.569      0.825    27.0807 0.0000e+00
      0.586      0.017     4.7891     61.243     33.350  34.730868     3.0006     10.400    67.5555 5.8533e+02    10.1121      0.578      0.839    27.0790 0.0000e+00
      0.585      0.029     4.8060     64.251     33.726  35.124445     2.9910     10.403    67.5127 6.2065e+02     9.9541      0.577      0.837    27.0833 0.0000e+00
      0.580      0.044     4.8151     71.524     33.841  35.214358     2.9762     10.409    67.2678 6.4577e+02    10.0380      0.566      0.820    27.0962 0.0000e+00
      0.584      0.059     4.8192     82.351     33.964  35.246938     2.9884     10.418    66.8319 6.4264e+02    10.3740      0.565      0.818    27.0702 0.0000e+00
      0.609      0.069     4.8170     94.109     34.114  35.264426     2.9894     10.428    66.5452 6.0331e+02    10.4988      0.592      0.858    27.0516 0.0000e+00
      0.645      0.072     4.9678    105.476     34.228  35.298695     2.9792     10.435    66.5540 5.6161e+02    10.3856      0.633      0.919    27.0840 0.0000e+00
      0.679      0.067     5.5743    116.603     34.233  35.343904     3.0733     10.440    66.6805 5.4277e+02    10.4398      0.671      0.974    27.0607 0.0000e+00
      0.699      0.055     6.5642    126.972     34.143  35.366977     3.2703     10.442    66.8702 5.3955e+02    10.7452      0.692      1.004    26.9184 0.0000e+00
      0.701      0.039     7.5695    134.732     34.050  35.387522     3.3970     10.442    67.0405 5.6338e+02    11.0028      0.691      1.000    26.6516 0.0000e+00
      0.696      0.026     8.4817    138.203     33.980  35.402150     3.3976     10.442    67.0188 5.7696e+02    10.9925      0.681      0.987    26.4703 0.0000e+00
      0.694      0.021     9.3699    137.566     33.962  35.417090     3.3610     10.443    66.9516 5.4417e+02    10.8255      0.678      0.983    26.5763 0.0000e+00
      0.699      0.024    10.2244    134.391     34.049  35.441322     3.3463     10.444    67.0021 5.1918e+02    10.7255      0.684      0.991    26.7966 0.0000e+00
      0.709      0.030    10.8765    130.270     34.211  35.441256     3.3613     10.449    67.1137 5.1187e+02    10.7406      0.694      1.006    26.9725 0.0000e+00
      0.721      0.036    11.1133    126.570     34.378  35.416025     3.3924     10.455    67.0962 4.9592e+02    10.8032      0.706      1.025    27.1065 0.0000e+00
      0.735      0.039    10.9885    124.446     34.499  35.389728     3.4062     10.462    66.9627 4.9222e+02    10.6957      0.722      1.048    27.1915 0.0000e+00
