Data/DataNotYetUploadedToEDI/Raw_CTD/RawDownloads/062325_fcr20_S7809003.cnv
* Sea-Bird SBE19plus  Data File:
* FileName = C:\R\Reservoirs\Data\DataNotYetUploadedToEDI\Raw_CTD\RawDownloads\062325_fcr50_S7809_0003.hex
* Software version 2.8.0.119
* Temperature SN = 7809
* Conductivity SN = 7809
* System UpLoad Time = Jun 24 2025 14:29:36
* <ApplicationData>
* <Seaterm232>
# nquan = 15
# nvalues = 1311                        
# units = specified
# name 0 = depFM: Depth [fresh water, m]
# name 1 = dz/dtM: Descent Rate [m/s]
# name 2 = sbeox0Mg/L: Oxygen, SBE 43 [mg/l]
# name 3 = sbeox0PS: Oxygen, SBE 43 [% saturation]
# name 4 = specc: Specific Conductance [uS/cm]
# name 5 = c0uS/cm: Conductivity [uS/cm]
# name 6 = flECO-AFL: Fluorescence, WET Labs ECO-AFL/FL [mg/m^3]
# name 7 = ph: pH
# name 8 = orp: Oxidation Reduction Potential [mV]
# name 9 = par/sat/log: PAR/Logarithmic, Satlantic
# name 10 = turbWETntu0: Turbidity, WET Labs ECO [NTU]
# name 11 = prdM: Pressure, Strain Gauge [db]
# name 12 = prdE: Pressure, Strain Gauge [psi]
# name 13 = tv290C: Temperature [ITS-90, deg C]
# name 14 = flag:  0.000e+00
# span 0 =     -0.568,      3.410       
# span 1 =     -0.349,      0.179       
# span 2 =     0.0260,    14.2592       
# span 3 =      0.275,    158.148       
# span 4 =      1.008,     95.258       
# span 5 =   0.986185,  77.341038       
# span 6 =    -1.7624,   233.8496       
# span 7 =      8.134,     11.228       
# span 8 =  -166.9628,  1240.2295       
# span 9 = 3.6321e+00, 2.4804e+03       
# span 10 =     0.9885,    32.1370      
# span 11 =     -0.557,      3.345      
# span 12 =     -0.808,      4.852      
# span 13 =    13.4935,    27.0309      
# span 14 = 0.0000e+00, 0.0000e+00      
# interval = seconds: 0.25
# start_time = Jun 23 2025 12:04:46 [Instrument's time stamp, header]
# bad_flag = -9.990e-29
*END*
[from data line 868]
      3.408      0.002     0.0360      0.383     89.137  68.982130    10.8596      8.614  -130.0598 3.6346e+00    18.5505      3.342      4.847    13.6553 0.0000e+00
      3.408      0.002     0.0346      0.350     89.375  69.210851    10.9017      8.614  -130.3935 3.6373e+00    18.6917      3.342      4.847    13.6509 0.0000e+00
      3.408      0.002     0.0406      0.345     89.518  69.358703    10.9931      8.613  -130.6516 3.6369e+00    18.7455      3.342      4.848    13.6648 0.0000e+00
      3.409      0.001     0.0447      0.357     89.582  69.435158    11.1242      8.613  -131.0301 3.6327e+00    18.7569      3.343      4.848    13.6687 0.0000e+00
      3.409      0.001     0.0401      0.368     89.632  69.499728    11.1880      8.613  -131.4417 3.6321e+00    18.7953      3.343      4.849    13.6867 0.0000e+00
      3.409      0.001     0.0344      0.362     89.685  69.567423    11.1740      8.612  -131.7563 3.6361e+00    18.7992      3.343      4.848    13.7205 0.0000e+00
      3.409      0.000     0.0356      0.351     89.720  69.618110    11.1714      8.611  -132.0813 3.6351e+00    19.1108      3.343      4.849    13.7383 0.0000e+00
      3.409 1.8642e-08     0.0366      0.356     89.510  69.477033    11.2152      8.611  -132.3599 3.6342e+00    19.7966      3.343      4.849    13.7510 0.0000e+00
      3.409 2.0506e-07     0.0393      0.375     88.813  68.942160    11.2786      8.612  -132.6289 3.6409e+00    20.2591      3.343      4.849    13.7656 0.0000e+00
      3.409 2.0506e-07     0.0378      0.388     88.021  68.299027    11.2888      8.612  -133.0110 3.6501e+00    20.2965      3.343      4.849    13.7822 0.0000e+00
      3.409 1.8642e-08     0.0352      0.378     87.695  67.992858    11.2053      8.612  -133.3667 3.6590e+00    20.0438      3.343      4.849    13.7942 0.0000e+00
      3.409 1.6947e-09     0.0364      0.366     87.732  67.973052    11.1008      8.612  -133.6597 3.6550e+00    19.7320      3.344      4.850    13.8073 0.0000e+00
      3.409 1.5406e-10     0.0388      0.364     87.791  67.995951    11.0662      8.613  -133.9722 3.6442e+00    19.6688      3.343      4.849    13.8196 0.0000e+00
      3.409 1.4006e-11     0.0415      0.349     87.722  67.951932    11.0787      8.613  -134.2203 3.6476e+00    19.7236      3.343      4.849    13.7990 0.0000e+00
      3.409 1.2732e-12     0.0393      0.334     87.541  67.822151    11.0936      8.613  -134.5077 3.6531e+00    19.5749      3.343      4.849    13.7616 0.0000e+00
      3.409 1.1575e-13     0.0365      0.346     87.404  67.697840    11.1135      8.613  -134.8664 3.6521e+00    19.3050      3.344      4.850    13.7309 0.0000e+00
      3.409 1.0523e-14     0.0391      0.359     87.387  67.656357    11.1113      8.613  -135.1155 3.6555e+00    19.1247      3.343      4.849    13.7131 0.0000e+00
      3.409 9.5660e-16     0.0367      0.348     87.467  67.701862    11.0830      8.612  -135.2830 3.6634e+00    19.0011      3.343      4.849    13.7282 0.0000e+00
      3.409 8.6965e-17     0.0325      0.340     87.526  67.739604    11.0536      8.612  -135.5154 3.6751e+00    18.9375      3.344      4.850    13.7438 0.0000e+00
      3.409 7.9060e-18     0.0361      0.348     87.376  67.604269    11.0391      8.612  -135.8605 3.6844e+00    19.0040      3.343      4.849    13.7251 0.0000e+00
      3.409 7.1870e-19     0.0389      0.350     87.082  67.336549    11.0492      8.612  -136.1861 3.6943e+00    19.1570      3.343      4.849    13.7026 0.0000e+00
      3.409 6.5340e-20     0.0360      0.361     86.859  67.108169    11.0598      8.612  -136.5261 3.7053e+00    19.2499      3.344      4.850    13.6963 0.0000e+00
      3.409 5.9391e-21     0.0338      0.378     86.802  67.003583    11.0503      8.612  -136.9604 3.6929e+00    19.1705      3.343      4.849    13.6954 0.0000e+00
      3.409 5.3019e-22     0.0374      0.369     86.893  67.025178    11.0504      8.612  -137.3073 3.6736e+00    19.1201      3.343      4.849    13.6878 0.0000e+00
      3.410 -5.875e-23     0.0356      0.355     87.043  67.115033    11.0861      8.612  -137.6231 3.6675e+00    19.2546      3.344      4.850    13.6632 0.0000e+00
      3.410 -1.182e-21     0.0362      0.353     87.163  67.200286    11.1158      8.612  -137.9392 3.6830e+00    19.3963      3.344      4.850    13.6287 0.0000e+00
      3.410 -1.305e-20     0.0419      0.348     87.284  67.293355    11.1355      8.612  -138.1181 3.7068e+00    19.5009      3.344      4.850    13.5904 0.0000e+00
      3.410 -1.435e-19     0.0380      0.343     87.443  67.414169    11.1576      8.612  -138.3238 3.7046e+00    19.6316      3.344      4.850    13.5584 0.0000e+00
      3.410 -1.579e-18     0.0360      0.355     87.504  67.453574    11.1499      8.611  -138.6189 3.6979e+00    19.7124      3.344      4.850    13.5459 0.0000e+00
      3.410 -1.737e-17     0.0372      0.356     87.436  67.388480    11.1170      8.610  -138.8466 3.7075e+00    19.6588      3.344      4.850    13.5445 0.0000e+00
      3.410 -1.910e-16     0.0369      0.346     87.373  67.326168    11.0759      8.611  -139.0121 3.7277e+00    19.5303      3.343      4.849    13.5457 0.0000e+00
      3.410 -2.102e-15     0.0338      0.346     87.323  67.272103    11.0360      8.611  -139.2435 3.7439e+00    19.3878      3.344      4.850    13.5458 0.0000e+00
      3.410 -2.312e-14     0.0380      0.341     87.224  67.179630    11.0259      8.610  -139.4931 3.7314e+00    19.3031      3.344      4.850    13.5408 0.0000e+00
      3.410 -2.543e-13     0.0380      0.347     87.135  67.097770    11.0537      8.610  -139.7072 3.7108e+00    19.3259      3.344      4.850    13.5330 0.0000e+00
      3.410 -2.797e-12     0.0343      0.364     87.151  67.108473    11.0643      8.610  -140.0257 3.7223e+00    19.2877      3.345      4.851    13.5246 0.0000e+00
      3.410 -3.077e-11     0.0377      0.359     87.224  67.181930    11.0705      8.609  -140.4191 3.7298e+00    19.2505      3.344      4.851    13.5159 0.0000e+00
      3.410 -3.385e-10     0.0346      0.338     87.237  67.223359    11.0874      8.609  -140.7633 3.7130e+00    19.3544      3.344      4.851    13.5068 0.0000e+00
      3.410 -3.723e-09     0.0351      0.315     87.197  67.228123    11.0693      8.608  -141.0036 3.7116e+00    19.4850      3.344      4.850    13.4969 0.0000e+00
      3.410 -4.095e-08     0.0397      0.290     87.173  67.239566    11.0593      8.608  -141.2592 3.7341e+00    19.5315      3.344      4.851    13.4935 0.0000e+00
      3.410 -4.505e-07     0.0382      0.292     87.147  67.234650    11.0836      8.608  -141.6173 3.7645e+00    19.4390      3.344      4.851    13.5046 0.0000e+00
      3.410     -0.000     0.0343      0.323     87.062  67.168702    11.1130      8.607  -141.8913 3.7691e+00    19.2887      3.345      4.852    13.5252 0.0000e+00
      3.410     -0.000     0.0342      0.350     86.957  67.077692    11.1146      8.606  -142.1635 3.7533e+00    19.1149      3.344      4.850    13.5479 0.0000e+00
      3.410     -0.001     0.0284      0.361     86.902  67.023947    11.0696      8.606  -142.4998 3.7590e+00    18.9419      3.345      4.851    13.5666 0.0000e+00
      3.410     -0.002     0.0288      0.364     86.918  67.027264    10.8775      8.607  -142.7735 3.7806e+00    18.7694      3.344      4.850    13.5758 0.0000e+00
      3.410     -0.003     0.0343      0.375     87.051  67.117779    10.5734      8.607  -143.0630 3.7941e+00    18.6348      3.345      4.851    13.5744 0.0000e+00
      3.409     -0.003     0.0367      0.380     87.293  67.292192    10.4138      8.606  -143.3336 3.8159e+00    18.6804      3.344      4.850    13.5666 0.0000e+00
      3.408     -0.004     0.0385      0.368     87.459  67.420212    10.3956      8.605  -143.6366 3.8624e+00    18.7403      3.342      4.847    13.5584 0.0000e+00
      3.406     -0.006     0.0366      0.355     87.572  67.521747    10.3456      8.604  -144.1452 3.9022e+00    18.6076      3.339      4.843    13.5552 0.0000e+00
      3.405     -0.011     0.0397      0.343     88.018  67.884352     9.8006      8.603  -144.5786 3.9039e+00    17.8610      3.338      4.842    13.5492 0.0000e+00
      3.405     -0.022     0.0407      0.335     88.945  68.626838     8.8246      8.602  -144.8328 3.9015e+00    16.6480      3.339      4.843    13.5374 0.0000e+00
      3.403     -0.037     0.0377      0.338     89.919  69.444628     8.2916      8.600  -145.1548 3.9942e+00    15.9992      3.339      4.843    13.5369 0.0000e+00
      3.396     -0.048     0.0371      0.354     90.842  70.272718     8.1174      8.598  -145.4599 4.2408e+00    15.8576      3.335      4.836    13.5488 0.0000e+00
      3.379     -0.052     0.0355      0.374     91.759  71.139371     6.5179      8.597  -145.7688 4.5963e+00    14.0144      3.318      4.812    13.5602 0.0000e+00
      3.351     -0.047     0.0346      0.381     92.196  71.660500     3.5432      8.597  -146.1367 4.9351e+00    10.4167      3.287      4.768    13.5652 0.0000e+00
      3.325     -0.036     0.0345      0.375     92.089  71.743142     1.8973      8.596  -146.4665 5.0706e+00     8.3966      3.252      4.717    13.6011 0.0000e+00
      3.316     -0.021     0.0363      0.361     91.814  71.630260     1.7158      8.596  -146.8306 4.9788e+00     8.6506      3.244      4.706    13.6681 0.0000e+00
      3.324     -0.006     0.0396      0.332     91.702  71.567059     1.7725      8.597  -147.2696 4.8512e+00    14.6149      3.260      4.728    13.7522 0.0000e+00
      3.336      0.008     0.0398      0.300     91.623  71.487537     1.9750      8.599  -147.7304 4.7818e+00    25.7194      3.273      4.747    13.8638 0.0000e+00
      3.344      0.015     0.0388      0.300     91.410  71.304375     2.1167      8.600  -148.0994 4.7711e+00    31.8274      3.282      4.760    13.9625 0.0000e+00
      3.346      0.015     0.0379      0.325     91.279  71.195777     2.1459      8.602  -148.3757 4.8054e+00    32.1370      3.283      4.761    14.0230 0.0000e+00
      3.346      0.010     0.0348      0.337     91.272  71.191482     2.1040      8.602  -148.6619 4.8212e+00    29.2231      3.279      4.756    14.0268 0.0000e+00
      3.346      0.006     0.0293      0.342     91.346  71.252447     1.9921      8.603  -148.9789 4.8076e+00    23.8207      3.280      4.757    14.0052 0.0000e+00
      3.347      0.002     0.0291      0.347     91.481  71.360832     1.9084      8.605  -149.2844 4.7782e+00    20.9257      3.282      4.760    13.9974 0.0000e+00
      3.350     -0.006     0.0352      0.337     91.798  71.612082     1.8909      8.606  -149.6016 4.7347e+00    20.7616      3.285      4.765    13.9934 0.0000e+00
      3.353     -0.023     0.0347      0.325     92.190  71.938428     1.8886      8.605  -149.9755 4.7047e+00    21.2217      3.288      4.769    13.9959 0.0000e+00
      3.353     -0.052     0.0344      0.323     92.453  72.192028     1.8976      8.604  -150.3626 4.7381e+00    22.1166      3.290      4.772    13.9985 0.0000e+00
      3.344     -0.086     0.0372      0.328     92.849  72.580745     1.9166      8.603  -150.7551 4.9136e+00    22.5981      3.285      4.765    14.0002 0.0000e+00
      3.320     -0.117     0.0344      0.340     93.174  72.951591     1.9105      8.603  -151.0211 5.2589e+00    22.2956      3.263      4.733    13.9990 0.0000e+00
      3.275     -0.136     0.0333      0.354     93.122  73.052726     1.8985      8.604  -151.1700 5.7064e+00    18.8349      3.217      4.665    14.0058 0.0000e+00
      3.217     -0.138     0.0328      0.361     92.774  72.913772     1.9212      8.606  -151.4374 6.1626e+00    12.6252      3.155      4.576    14.0349 0.0000e+00
      3.162     -0.123     0.0334      0.350     92.197  72.543015     1.9685      8.610  -151.7585 6.5067e+00     9.3165      3.094      4.487    14.0735 0.0000e+00
      3.126     -0.094     0.0348      0.328     92.152  72.511188     2.0126      8.612  -152.0403 6.6392e+00     9.1288      3.055      4.430    14.1380 0.0000e+00
      3.116     -0.058     0.0365      0.326     92.947  73.101045     2.0130      8.612  -152.3496 6.6235e+00     9.1267      3.052      4.427    14.2223 0.0000e+00
      3.121     -0.023     0.0374      0.341     93.544  73.572351     2.0653      8.613  -152.6592 6.6017e+00     9.0858      3.062      4.439    14.3013 0.0000e+00
      3.126      0.007     0.0369      0.343     93.474  73.569236     2.2115      8.614  -152.9452 6.6056e+00     9.2162      3.065      4.446    14.3584 0.0000e+00
      3.132      0.026     0.0321      0.342     93.224  73.444871     2.2917      8.615  -153.2262 6.6023e+00     9.4046      3.071      4.455    14.3504 0.0000e+00
      3.138      0.035     0.0322      0.353     93.154  73.467295     2.2944      8.615  -153.4755 6.5653e+00     9.3477      3.076      4.460    14.3080 0.0000e+00
      3.147      0.036     0.0365      0.384     93.218  73.586162     2.2852      8.616  -153.6356 6.4651e+00     8.2207      3.083      4.471    14.3102 0.0000e+00
      3.161      0.033     0.0348      0.415     93.196  73.610767     2.2717      8.617  -153.7859 6.3262e+00     6.1969      3.099      4.495    14.3479 0.0000e+00
      3.176      0.028     0.0345      0.397     93.137  73.574146     2.2652      8.619  -154.0025 6.2373e+00     5.0668      3.118      4.523    14.3863 0.0000e+00
      3.185      0.024     0.0354      0.360     92.937  73.397664     2.2397      8.621  -154.1895 6.2442e+00     5.0091      3.127      4.536    14.4314 0.0000e+00
      3.185      0.019     0.0380      0.363     92.170  72.748297     2.1462      8.622  -154.3251 6.2992e+00     5.5333      3.124      4.530    14.4721 0.0000e+00
      3.182      0.012     0.0454      0.380     91.205  71.888688     2.0334      8.623  -154.4384 6.3212e+00     6.5545      3.119      4.523    14.4955 0.0000e+00
      3.183      0.002     0.0419      0.380     91.194  71.712649     2.0082      8.623  -154.6128 6.2681e+00     7.1763      3.119      4.524    14.5002 0.0000e+00
      3.189     -0.013     0.0333      0.362     92.262  72.399458     2.0328      8.623  -154.7990 6.1846e+00     7.2789      3.128      4.537    14.4862 0.0000e+00
      3.195     -0.033     0.0374      0.347     93.249  73.136857     2.0143      8.623  -154.9690 6.1651e+00     7.6249      3.138      4.551    14.4696 0.0000e+00
      3.192     -0.057     0.0394      0.353     93.550  73.445406     1.9597      8.623  -155.2914 6.2806e+00     8.2851      3.137      4.550    14.4278 0.0000e+00
      3.173     -0.078     0.0400      0.377     93.504  73.523889     1.9381      8.623  -155.6002 6.5584e+00     8.6686      3.118      4.523    14.3139 0.0000e+00
      3.138     -0.092     0.0369      0.392     93.432  73.577366     1.9607      8.623  -155.7772 6.9539e+00     8.7091      3.079      4.466    14.2035 0.0000e+00
      3.096     -0.092     0.0346      0.376     93.396  73.647132     2.0344      8.623  -155.9689 7.3611e+00     8.1595      3.033      4.400    14.1901 0.0000e+00
      3.061     -0.078     0.0354      0.354     93.394  73.731843     2.1466      8.624  -156.1964 7.6225e+00     7.0108      2.995      4.344    14.2454 0.0000e+00
      3.043     -0.055     0.0384      0.334     93.439  73.838852     2.1927      8.625  -156.3776 7.6718e+00     6.2977      2.978      4.319    14.3153 0.0000e+00
      3.040     -0.030     0.0425      0.315     93.562  73.987494     2.1592      8.626  -156.5242 7.6070e+00     6.0966      2.980      4.321    14.3742 0.0000e+00
      3.046     -0.010     0.0378      0.308     93.704  74.130554     2.0921      8.627  -156.6795 7.4996e+00     5.9460      2.986      4.330    14.4252 0.0000e+00
      3.053      0.003     0.0361      0.310     93.813  74.233626     2.0391      8.627  -156.7923 7.4397e+00     5.9109      2.995      4.344    14.4734 0.0000e+00
