Data/DataNotYetUploadedToEDI/Raw_CTD/RawDownloads/062325_fcr20_S7809003.cnv
* Sea-Bird SBE19plus  Data File:
* FileName = C:\R\Reservoirs\Data\DataNotYetUploadedToEDI\Raw_CTD\RawDownloads\062325_fcr50_S7809_0003.hex
* Software version 2.8.0.119
* Temperature SN = 7809
* Conductivity SN = 7809
* System UpLoad Time = Jun 24 2025 14:29:36
* <ApplicationData>
* <Seaterm232>
# nquan = 15
# nvalues = 1311                        
# units = specified
# name 0 = depFM: Depth [fresh water, m]
# name 1 = dz/dtM: Descent Rate [m/s]
# name 2 = sbeox0Mg/L: Oxygen, SBE 43 [mg/l]
# name 3 = sbeox0PS: Oxygen, SBE 43 [% saturation]
# name 4 = specc: Specific Conductance [uS/cm]
# name 5 = c0uS/cm: Conductivity [uS/cm]
# name 6 = flECO-AFL: Fluorescence, WET Labs ECO-AFL/FL [mg/m^3]
# name 7 = ph: pH
# name 8 = orp: Oxidation Reduction Potential [mV]
# name 9 = par/sat/log: PAR/Logarithmic, Satlantic
# name 10 = turbWETntu0: Turbidity, WET Labs ECO [NTU]
# name 11 = prdM: Pressure, Strain Gauge [db]
# name 12 = prdE: Pressure, Strain Gauge [psi]
# name 13 = tv290C: Temperature [ITS-90, deg C]
# name 14 = flag:  0.000e+00
# span 0 =     -0.568,      3.410       
# span 1 =     -0.349,      0.179       
# span 2 =     0.0260,    14.2592       
# span 3 =      0.275,    158.148       
# span 4 =      1.008,     95.258       
# span 5 =   0.986185,  77.341038       
# span 6 =    -1.7624,   233.8496       
# span 7 =      8.134,     11.228       
# span 8 =  -166.9628,  1240.2295       
# span 9 = 3.6321e+00, 2.4804e+03       
# span 10 =     0.9885,    32.1370      
# span 11 =     -0.557,      3.345      
# span 12 =     -0.808,      4.852      
# span 13 =    13.4935,    27.0309      
# span 14 = 0.0000e+00, 0.0000e+00      
# interval = seconds: 0.25
# start_time = Jun 23 2025 12:04:46 [Instrument's time stamp, header]
# bad_flag = -9.990e-29
*END*
[from data line 1157]
      1.542     -0.074     7.2004     81.397     36.733  32.346965     3.6943     10.440  -123.8934 1.1041e+02     5.3373      1.515      2.198    19.0901 0.0000e+00
      1.521     -0.104     7.2718     83.608     36.798  32.380645     3.6017     10.496  -122.7538 1.1781e+02     5.2778      1.499      2.174    19.1537 0.0000e+00
      1.482     -0.119     7.3215     86.682     36.770  32.345784     3.4211     10.555  -121.6923 1.2999e+02     5.4081      1.459      2.117    19.1198 0.0000e+00
      1.431     -0.119     7.3945     90.184     36.639  32.242653     3.3255     10.611  -120.6961 1.4327e+02     5.6142      1.402      2.033    19.0660 0.0000e+00
      1.385     -0.108     7.5186     93.499     36.484  32.148736     3.3452     10.661  -119.5709 1.5210e+02     5.8231      1.350      1.958    19.0215 0.0000e+00
      1.359     -0.087     7.7231     96.094     36.405  32.161876     3.3843     10.703  -118.1539 1.5515e+02     6.1236      1.326      1.924    18.9870 0.0000e+00
      1.350     -0.060     8.0309     97.649     36.388  32.274756     3.4067     10.739  -116.6418 1.5600e+02     6.4799      1.323      1.919    18.9697 0.0000e+00
      1.346     -0.034     8.3747     98.175     36.374  32.435262     3.4078     10.769  -115.1399 1.5715e+02     6.6815      1.320      1.915    18.9804 0.0000e+00
      1.344     -0.015     8.6899     97.897     36.319  32.580232     3.4238     10.795  -113.4172 1.5778e+02     6.8540      1.317      1.910    19.0359 0.0000e+00
      1.343     -0.008     8.9235     97.089     36.247  32.695602     3.5331     10.816  -111.6441 1.5788e+02     7.5399      1.317      1.910    19.1451 0.0000e+00
      1.343     -0.013     9.0330     96.134     36.151  32.751957     3.6803     10.833  -110.3069 1.5868e+02     8.4839      1.318      1.911    19.3199 0.0000e+00
      1.343     -0.027     9.0278     95.574     35.969  32.690847     3.7301     10.849  -109.2083 1.5940e+02     8.8748      1.317      1.910    19.5685 0.0000e+00
      1.342     -0.048     8.9423     96.028     35.721  32.527827     3.7362     10.864  -107.8258 1.6063e+02     8.9188      1.317      1.910    19.8577 0.0000e+00
      1.335     -0.070     8.8134     98.150     35.457  32.303527     3.7377     10.878  -106.2384 1.6650e+02     8.7762      1.315      1.907    20.1155 0.0000e+00
      1.312     -0.084     8.6721    102.455     35.307  32.135818     3.6985     10.888  -104.6417 1.7868e+02     8.3120      1.294      1.877    20.3144 0.0000e+00
      1.272     -0.087     8.5808    109.189     35.313  32.086000     3.6528     10.898  -103.1470 1.9459e+02     7.9520      1.248      1.811    20.4565 0.0000e+00
      1.230     -0.077     8.5820    118.114     35.367  32.081731     3.6187     10.908  -101.7597 2.0734e+02     7.8048      1.199      1.739    20.5488 0.0000e+00
      1.203     -0.057     8.7521    128.233     35.419  32.084129     3.6442     10.918  -100.3438 2.1100e+02     7.9668      1.171      1.699    20.5765 0.0000e+00
      1.197     -0.029     9.1426    138.211     35.492  32.114936     3.7355     10.927   -98.9345 2.0740e+02     8.3745      1.169      1.695    20.5151 0.0000e+00
      1.206     -0.003     9.7671    146.903     35.606  32.200415     3.7906     10.935   -97.6251 2.0098e+02     8.5668      1.181      1.712    20.4208 0.0000e+00
      1.220      0.015    10.6253    153.288     35.696  32.292918     3.7772     10.941   -96.4720 1.9531e+02     8.5494      1.196      1.735    20.3451 0.0000e+00
      1.231      0.022    11.6001    156.627     35.717  32.345248     3.7402     10.947   -95.3175 1.9274e+02     8.4717      1.209      1.755    20.2837 0.0000e+00
      1.236      0.020    12.5489    156.930     35.719  32.389110     3.7264     10.955   -93.9049 1.9292e+02     8.5151      1.215      1.762    20.2293 0.0000e+00
      1.235      0.015    13.3748    154.727     35.724  32.442677     3.7522     10.962   -92.4699 1.9363e+02     8.6985      1.211      1.756    20.1954 0.0000e+00
      1.235      0.008    13.9811    150.828     35.715  32.485469     3.7610     10.968   -91.2173 1.9307e+02     8.7419      1.209      1.753    20.2168 0.0000e+00
      1.238     -0.005    14.2592    146.226     35.710  32.525940     3.7241     10.974   -89.3422 1.9197e+02     8.6648      1.214      1.762    20.2731 0.0000e+00
      1.243     -0.025    14.2536    141.865     35.693  32.551426     3.6556     10.980   -86.9194 1.9243e+02     8.5515      1.220      1.771    20.3303 0.0000e+00
      1.244     -0.053    14.0111    138.489     35.637  32.539917     3.5904     10.986   -84.9823 1.9489e+02     8.4302      1.222      1.772    20.4006 0.0000e+00
      1.235     -0.083    13.6024    136.432     35.572  32.513724     3.5849     10.989   -82.9567 2.0207e+02     8.3262      1.217      1.765    20.4780 0.0000e+00
      1.208     -0.105    13.1459    135.845     35.523  32.488529     3.5892     10.987   -80.4108 2.2031e+02     8.2170      1.195      1.733    20.5404 0.0000e+00
      1.160     -0.113    12.7100    136.745     35.518  32.489072     3.6006     10.981   -77.7752 2.4651e+02     8.2375      1.139      1.653    20.5930 0.0000e+00
      1.105     -0.105    12.3886    138.831     35.551  32.520305     3.6476     10.975   -75.1804 2.6835e+02     8.3682      1.074      1.558    20.6517 0.0000e+00
      1.068     -0.083    12.1853    141.546     35.643  32.612410     3.6749     10.968   -73.0423 2.7678e+02     8.4317      1.039      1.507    20.7063 0.0000e+00
      1.056     -0.052    12.1231    144.250     35.793  32.777988     3.6965     10.962   -71.3683 2.7178e+02     8.3901      1.031      1.496    20.7312 0.0000e+00
      1.061     -0.018    12.2154    146.554     35.843  32.872889     3.7104     10.956   -69.7392 2.6324e+02     8.3432      1.037      1.504    20.7313 0.0000e+00
      1.071      0.010    12.4191    148.407     35.722  32.808316     3.7183     10.948   -68.3160 2.5802e+02     8.4451      1.051      1.524    20.7309 0.0000e+00
      1.081      0.027    12.6859    149.784     35.584  32.695148     3.7499     10.939   -67.5820 2.5562e+02     8.5973      1.062      1.539    20.7352 0.0000e+00
      1.087      0.030    12.9327    150.541     35.547  32.646534     3.7684     10.931   -66.9736 2.5427e+02     8.6460      1.065      1.544    20.7668 0.0000e+00
      1.093      0.019    13.1146    150.696     35.587  32.664583     3.7164     10.922   -65.5196 2.5141e+02     8.5554      1.069      1.552    20.8538 0.0000e+00
      1.104     -0.007    13.2566    150.519     35.592  32.659596     3.6134     10.911   -63.6831 2.4685e+02     8.3555      1.083      1.570    20.9394 0.0000e+00
      1.114     -0.042    13.3847    150.210     35.513  32.586230     3.5704     10.899   -61.8900 2.4544e+02     8.2795      1.096      1.590    20.9523 0.0000e+00
      1.111     -0.077    13.4627    149.839     35.461  32.538794     3.5883     10.886   -59.9281 2.5490e+02     8.3878      1.098      1.594    20.9165 0.0000e+00
      1.083     -0.101    13.4722    149.532     35.514  32.593567     3.5799     10.871   -58.1163 2.7828e+02     8.4008      1.074      1.557    20.8817 0.0000e+00
      1.029     -0.109    13.4528    149.432     35.649  32.740971     3.5442     10.855   -56.5896 3.0967e+02     8.3003      1.012      1.467    20.8721 0.0000e+00
      0.969     -0.099    13.4255    149.542     35.804  32.925398     3.5228     10.834   -55.0631 3.3235e+02     8.3342      0.940      1.363    20.8751 0.0000e+00
      0.932     -0.076    13.3881    149.746     35.939  33.110623     3.5370     10.809   -53.5106 3.3488e+02     8.5030      0.901      1.306    20.8714 0.0000e+00
      0.928     -0.044    13.3542    149.968     36.014  33.267686     3.5742     10.782   -52.1022 3.2488e+02     8.6676      0.903      1.309    20.8736 0.0000e+00
      0.945     -0.011    13.3364    150.202     36.014  33.365393     3.6063     10.753   -50.8539 3.1618e+02     8.6848      0.928      1.345    20.9063 0.0000e+00
      0.960      0.013    13.3356    150.432     36.034  33.467390     3.6257     10.725   -49.6893 3.1487e+02     8.5400      0.947      1.374    20.9691 0.0000e+00
      0.965      0.022    13.3372    150.671     36.108  33.612850     3.6423     10.700   -48.6031 3.1384e+02     8.4195      0.948      1.375    21.0429 0.0000e+00
      0.965      0.017    13.3218    150.876     36.139  33.728504     3.6653     10.678   -47.5293 3.1523e+02     8.4925      0.944      1.370    21.1709 0.0000e+00
      0.967      0.007    13.3026    150.911     36.111  33.787342     3.6958     10.658   -46.5147 3.2199e+02     8.6705      0.947      1.374    21.3349 0.0000e+00
      0.971     -0.008    13.2941    150.682     36.070  33.816823     3.7029     10.639   -45.1969 3.2023e+02     8.6596      0.953      1.382    21.4380 0.0000e+00
      0.973     -0.029    13.2926    150.280     35.970  33.767842     3.6851     10.621   -43.3829 3.1344e+02     8.4966      0.956      1.387    21.5284 0.0000e+00
      0.969     -0.054    13.2821    149.867     35.812  33.639280     3.6882     10.603   -42.0485 3.1633e+02     8.5103      0.952      1.381    21.6629 0.0000e+00
      0.958     -0.078    13.2565    149.446     35.707  33.531270     3.6658     10.583   -41.5385 3.3151e+02     8.7238      0.945      1.370    21.7885 0.0000e+00
      0.931     -0.093    13.2106    149.011     35.678  33.476976     3.5890     10.564   -41.2606 3.5672e+02     8.8913      0.921      1.337    21.8813 0.0000e+00
      0.886     -0.093    13.1486    148.589     35.658  33.426877     3.5259     10.547   -40.7527 3.8612e+02     8.8618      0.870      1.263    21.9457 0.0000e+00
      0.841     -0.080    13.1092    148.105     35.635  33.369577     3.4933     10.532   -39.9585 4.0424e+02     8.7420      0.814      1.182    21.9760 0.0000e+00
      0.817     -0.058    13.0770    147.517     35.656  33.355095     3.5275     10.520   -39.1438 4.0800e+02     8.8779      0.791      1.148    21.9586 0.0000e+00
      0.817     -0.033    13.0467    146.814     35.706  33.378605     3.6239     10.509   -38.3873 4.1250e+02     9.1731      0.798      1.156    21.9102 0.0000e+00
      0.828     -0.010    13.0264    145.946     35.738  33.400039     3.6759     10.498   -37.5228 4.0629e+02     9.2708      0.812      1.176    21.8683 0.0000e+00
      0.838      0.004    12.9967    144.958     35.761  33.423913     3.6489     10.487   -36.4353 3.9003e+02     9.2390      0.823      1.194    21.8192 0.0000e+00
      0.842      0.006    12.9585    143.912     35.797  33.476941     3.5975     10.476   -35.3902 3.8810e+02     9.1647      0.828      1.201    21.7588 0.0000e+00
      0.840      0.001    12.9094    142.857     35.888  33.597136     3.5790     10.464   -34.6092 3.9419e+02     9.1585      0.825      1.197    21.7276 0.0000e+00
      0.834     -0.009    12.8321    142.024     36.103  33.862136     3.5911     10.452   -34.0473 4.0352e+02     9.1976      0.817      1.185    21.7196 0.0000e+00
      0.829     -0.025    12.7422    141.647     36.352  34.206822     3.5865     10.439   -33.2424 4.0728e+02     9.1592      0.811      1.176    21.7168 0.0000e+00
      0.827     -0.048    12.6465    141.733     36.412  34.402338     3.5484     10.428   -31.6749 3.9795e+02     9.1379      0.810      1.175    21.7469 0.0000e+00
      0.826     -0.075    12.5313    142.168     36.268  34.386419     3.4545     10.418   -29.9793 3.9844e+02     9.1795      0.814      1.181    21.7950 0.0000e+00
      0.811     -0.099    12.4332    142.888     36.063  34.268299     3.3340     10.406   -28.9162 4.1816e+02     9.2863      0.804      1.167    21.8612 0.0000e+00
      0.775     -0.113    12.3629    143.840     35.929  34.179718     3.2896     10.392   -28.4574 4.5408e+02     9.3019      0.767      1.112    22.0230 0.0000e+00
      0.720     -0.113    12.3212    144.833     35.929  34.203665     3.2918     10.378   -28.2178 5.0961e+02     9.1983      0.706      1.023    22.2513 0.0000e+00
      0.669     -0.101    12.3198    145.649     36.001  34.304098     3.3020     10.365   -27.7402 5.7436e+02     9.2624      0.645      0.934    22.4270 0.0000e+00
      0.641     -0.078    12.3574    146.083     36.035  34.378975     3.3383     10.351   -27.0712 5.9497e+02     9.4965      0.619      0.898    22.5245 0.0000e+00
      0.639     -0.048    12.4378    145.816     36.032  34.411166     3.3730     10.339   -26.4097 5.5454e+02     9.7062      0.626      0.907    22.5676 0.0000e+00
      0.645     -0.019    12.5270    144.672     36.040  34.439585     3.4050     10.327   -25.7643 5.1999e+02     9.7821      0.635      0.920    22.5858 0.0000e+00
      0.650      0.001    12.5887    142.779     36.058  34.468832     3.4099     10.316   -25.2053 5.2147e+02     9.6966      0.639      0.927    22.6300 0.0000e+00
      0.651      0.010    12.6236    140.456     36.088  34.511027     3.3904     10.305   -24.7262 5.2880e+02     9.6970      0.640      0.928    22.7016 0.0000e+00
      0.651      0.010    12.5932    138.027     36.122  34.569111     3.3845     10.291   -24.1017 5.3238e+02     9.8217      0.638      0.926    22.7559 0.0000e+00
      0.652      0.005    12.4842    135.742     36.112  34.600149     3.3894     10.275   -23.2471 5.4133e+02     9.8380      0.639      0.926    22.7788 0.0000e+00
      0.656     -0.007    12.3077    133.754     36.039  34.569136     3.3916     10.260   -22.6528 5.4586e+02     9.6554      0.644      0.932    22.7904 0.0000e+00
      0.661     -0.031    12.0934    132.130     35.960  34.511416     3.3774     10.247   -22.5943 5.4041e+02     9.3216      0.648      0.941    22.8040 0.0000e+00
      0.661     -0.061    11.8718    130.981     35.920  34.473306     3.3760     10.237   -22.7119 5.2803e+02     9.1843      0.651      0.945    22.8349 0.0000e+00
      0.650     -0.090    11.6532    130.295     35.933  34.489018     3.3996     10.233   -22.7851 5.2994e+02     9.2928      0.646      0.937    22.9005 0.0000e+00
      0.616     -0.110    11.4697    129.878     36.002  34.574499     3.4044     10.241   -22.9627 5.8240e+02     9.3008      0.614      0.890    22.9713 0.0000e+00
      0.561     -0.119    11.3191    129.607     36.077  34.682084     3.3590     10.259   -23.7406 6.8789e+02     9.3497      0.549      0.796    22.9903 0.0000e+00
      0.509     -0.114    11.2222    129.408     36.118  34.774749     3.2914     10.281   -25.4792 8.5282e+02     9.6106      0.489      0.710    22.9777 0.0000e+00
      0.479     -0.097    11.1743    129.241     36.133  34.870177     3.2615     10.303   -27.2064 9.6884e+02     9.8928      0.464      0.672    22.9772 0.0000e+00
      0.467     -0.070    11.1343    129.110     36.102  34.947764     3.2728     10.323   -27.4168 8.9495e+02    10.0978      0.456      0.662    23.0031 0.0000e+00
      0.463     -0.042    11.1020    128.976     35.978  34.951651     3.3021     10.339   -26.3886 7.6672e+02    10.0399      0.453      0.657    23.0568 0.0000e+00
      0.460     -0.023    11.0742    128.826     35.806  34.917351     3.3326     10.353   -25.6153 6.9480e+02     9.7739      0.452      0.655    23.1205 0.0000e+00
      0.457     -0.017    11.0340    128.688     35.665  34.913913     3.3426     10.368   -25.5520 6.4333e+02     9.6140      0.448      0.650    23.2300 0.0000e+00
      0.456     -0.019    10.9924    128.558     35.542  34.910278     3.3651     10.384   -25.3650 6.2669e+02     9.6439      0.446      0.647    23.3930 0.0000e+00
      0.454     -0.022    10.9456    128.383     35.418  34.873573     3.4129     10.399   -24.8171 6.4302e+02     9.8273      0.447      0.649    23.5649 0.0000e+00
      0.447     -0.022    10.8927    128.091     35.336  34.850921     3.4215     10.410   -24.3483 6.9550e+02     9.9195      0.444      0.643    23.7512 0.0000e+00
      0.433     -0.017    10.8413    127.691     35.329  34.890258     3.3858     10.419   -23.8265 7.8693e+02     9.8359      0.423      0.614    23.9510 0.0000e+00
