Data/DataNotYetUploadedToEDI/Raw_CTD/RawDownloads/062325_fcr10_S7809002.cnv
* Sea-Bird SBE19plus  Data File:
* FileName = C:\R\Reservoirs\Data\DataNotYetUploadedToEDI\Raw_CTD\RawDownloads\062325_fcr50_S7809_0002.hex
* Software version 2.8.0.119
* Temperature SN = 7809
* Conductivity SN = 7809
* System UpLoad Time = Jun 24 2025 14:29:01
* <ApplicationData>
* <Seaterm232>
# nquan = 15
# nvalues = 1152                        
# units = specified
# name 0 = depFM: Depth [fresh water, m]
# name 1 = dz/dtM: Descent Rate [m/s]
# name 2 = sbeox0Mg/L: Oxygen, SBE 43 [mg/l]
# name 3 = sbeox0PS: Oxygen, SBE 43 [% saturation]
# name 4 = specc: Specific Conductance [uS/cm]
# name 5 = c0uS/cm: Conductivity [uS/cm]
# name 6 = flECO-AFL: Fluorescence, WET Labs ECO-AFL/FL [mg/m^3]
# name 7 = ph: pH
# name 8 = orp: Oxidation Reduction Potential [mV]
# name 9 = par/sat/log: PAR/Logarithmic, Satlantic
# name 10 = turbWETntu0: Turbidity, WET Labs ECO [NTU]
# name 11 = prdM: Pressure, Strain Gauge [db]
# name 12 = prdE: Pressure, Strain Gauge [psi]
# name 13 = tv290C: Temperature [ITS-90, deg C]
# name 14 = flag:  0.000e+00
# span 0 =     -0.569,      2.501       
# span 1 =     -0.342,      0.188       
# span 2 =     0.0262,    10.3358       
# span 3 =      0.282,    121.310       
# span 4 =      1.206,    158.941       
# span 5 =   1.202214, 131.261028       
# span 6 =    -1.6944,   227.6086       
# span 7 =      7.072,     10.138       
# span 8 = -1240.7455,   184.1987       
# span 9 = 7.0720e+00, 2.5721e+03       
# span 10 =   -11.0256,   144.9280      
# span 11 =     -0.558,      2.453      
# span 12 =     -0.810,      3.558      
# span 13 =    16.2661,    26.5290      
# span 14 = 0.0000e+00, 0.0000e+00      
# interval = seconds: 0.25
# start_time = Jun 23 2025 11:52:34 [Instrument's time stamp, header]
# bad_flag = -9.990e-29
*END*
[from data line 964]
      1.303     -0.088     2.1571     25.105     46.745  40.789592     2.3199      8.815   -25.6946 6.6135e+01    13.9986      1.266      1.836    18.3155 0.0000e+00
      1.293     -0.058     2.1486     27.131     46.980  41.007051     2.3693      8.819   -23.7171 6.5726e+01    13.8849      1.265      1.835    18.4213 0.0000e+00
      1.298     -0.024     2.1537     30.006     46.489  40.578306     2.3718      8.822   -21.7985 6.5335e+01    13.9137      1.273      1.847    18.5470 0.0000e+00
      1.305     -0.002     2.2110     33.523     45.365  39.603956     2.3750      8.825   -20.1346 6.5214e+01    14.1759      1.281      1.858    18.6050 0.0000e+00
      1.313     -0.007     2.3213     37.206     44.415  38.809276     2.3666      8.829   -18.4839 6.5081e+01    14.5613      1.287      1.866    18.6274 0.0000e+00
      1.320     -0.035     2.5035     40.420     43.722  38.268046     2.3448      8.832   -16.6388 6.4810e+01    14.6452      1.297      1.879    18.6468 0.0000e+00
      1.322     -0.070     2.7816     42.723     42.803  37.565638     2.3449      8.832   -14.7762 6.5578e+01    14.6442      1.302      1.888    18.6359 0.0000e+00
      1.305     -0.096     3.1248     44.132     42.247  37.233394     2.3513      8.831   -12.9989 6.9297e+01    14.7202      1.292      1.874    18.6334 0.0000e+00
      1.257     -0.107     3.4900     44.907     42.837  37.931594     2.3053      8.831   -11.4110 7.5970e+01    14.7452      1.241      1.800    18.6731 0.0000e+00
      1.192     -0.103     3.8031     45.437     43.812  38.900546     2.2305      8.831   -10.2036 8.1471e+01    14.7748      1.157      1.678    18.7474 0.0000e+00
      1.150     -0.085     4.0040     46.261     43.973  39.049630     2.1789      8.831    -9.2412 8.3030e+01    14.7013      1.113      1.614    18.8514 0.0000e+00
      1.141     -0.056     4.1102     47.900     43.349  38.465037     2.1557      8.831    -8.2074 8.2679e+01    14.8135      1.114      1.616    19.0443 0.0000e+00
      1.149     -0.025     4.1501     50.753     42.376  37.607017     2.1086      8.829    -6.9958 8.2140e+01    16.6102      1.126      1.634    19.3032 0.0000e+00
      1.160     -0.009     4.1662     54.768     41.453  36.861313     2.0253      8.825    -5.6043 8.1666e+01    19.7556      1.140      1.653    19.4421 0.0000e+00
      1.169     -0.019     4.2295     59.107     41.104  36.682767     1.9733      8.821    -4.0300 8.1439e+01    21.3486      1.148      1.666    19.4091 0.0000e+00
      1.171     -0.045     4.3714     62.732     41.108  36.844431     1.9451      8.816    -2.5025 8.1849e+01    21.1481      1.151      1.669    19.3426 0.0000e+00
      1.161     -0.071     4.6291     65.221     41.001  36.912611     1.9343      8.811    -1.1604 8.4469e+01    18.9717      1.147      1.663    19.3351 0.0000e+00
      1.129     -0.086     5.0238     66.899     40.791  36.872816     1.9593      8.806     0.1524 8.9925e+01    15.1201      1.116      1.619    19.4317 0.0000e+00
      1.079     -0.087     5.4450     68.436     40.521  36.744201     1.9802      8.801     1.4969 9.5315e+01    13.0072      1.056      1.531    19.6086 0.0000e+00
      1.039     -0.075     5.7669     70.240     40.292  36.626739     1.9787      8.796     2.7057 9.8090e+01    12.7256      1.008      1.462    19.8045 0.0000e+00
      1.024     -0.051     5.9562     72.280     40.273  36.721762     1.9425      8.791     3.7549 9.9164e+01    12.4319      0.998      1.447    20.0176 0.0000e+00
      1.027     -0.022     6.0582     74.448     40.243  36.878008     1.9090      8.786     4.8903 1.0010e+02    12.1544      1.006      1.459    20.2095 0.0000e+00
      1.035      0.001     6.1645     76.719     39.978  36.866378     1.9225      8.780     5.9364 1.0128e+02    12.1719      1.015      1.472    20.3518 0.0000e+00
      1.045      0.003     6.3240     79.115     39.719  36.835280     1.9308      8.774     6.8536 1.0236e+02    12.3020      1.025      1.486    20.4421 0.0000e+00
      1.054     -0.020     6.4970     81.565     39.752  37.009927     1.9175      8.767     8.1498 1.0320e+02    12.3615      1.036      1.502    20.5413 0.0000e+00
      1.059     -0.057     6.6618     83.861     39.932  37.264970     1.9115      8.762     9.7360 1.0467e+02    12.4123      1.042      1.511    20.7853 0.0000e+00
      1.049     -0.092     6.8172     85.780     40.005  37.380959     1.9335      8.759    11.1472 1.0908e+02    12.5406      1.039      1.506    21.1236 0.0000e+00
      1.011     -0.115     6.9936     87.169     40.067  37.460588     1.9674      8.757    12.3069 1.1779e+02    12.7171      1.005      1.457    21.3988 0.0000e+00
      0.949     -0.122     7.1955     88.036     40.121  37.529778     1.9634      8.754    13.2608 1.2718e+02    12.7017      0.928      1.347    21.5712 0.0000e+00
      0.891     -0.113     7.3890     88.483     40.077  37.519554     2.0101      8.751    14.1628 1.3294e+02    12.6963      0.859      1.246    21.6705 0.0000e+00
      0.862     -0.088     7.5569     88.538     40.178  37.654297     2.1576      8.749    15.1258 1.3577e+02    12.9590      0.837      1.214    21.7283 0.0000e+00
      0.857     -0.053     7.6746     88.165     40.440  37.953331     2.2732      8.745    15.9558 1.3792e+02    13.2478      0.838      1.216    21.7435 0.0000e+00
      0.861     -0.018     7.7454     87.445     40.504  38.089329     2.3175      8.740    16.5414 1.4043e+02    13.4216      0.843      1.223    21.7542 0.0000e+00
      0.868      0.004     7.7748     86.568     40.354  38.029637     2.2685      8.737    17.0438 1.4329e+02    13.1811      0.852      1.236    21.8054 0.0000e+00
      0.873      0.006     7.7778     85.742     40.239  37.993189     2.1478      8.736    17.6417 1.4563e+02    12.5616      0.857      1.243    21.8493 0.0000e+00
      0.877     -0.011     7.7331     85.094     40.141  37.966027     2.0891      8.734    18.4358 1.4683e+02    12.2152      0.859      1.246    21.9036 0.0000e+00
      0.880     -0.039     7.6474     84.612     39.921  37.828222     2.1084      8.732    19.4181 1.4757e+02    12.2391      0.864      1.253    22.0141 0.0000e+00
      0.878     -0.068     7.5486     84.289     39.663  37.659678     2.1476      8.732    20.3986 1.5072e+02    12.1674      0.867      1.257    22.1220 0.0000e+00
      0.858     -0.088     7.4585     84.141     39.503  37.578138     2.1478      8.734    21.4283 1.5911e+02    11.7574      0.852      1.235    22.2063 0.0000e+00
      0.813     -0.096     7.3948     84.180     39.475  37.603891     2.1105      8.737    22.7488 1.7090e+02    11.3806      0.801      1.162    22.2850 0.0000e+00
      0.761     -0.091     7.3398     84.436     39.486  37.653848     2.0965      8.738    24.1465 1.8107e+02    11.3007      0.736      1.067    22.3683 0.0000e+00
      0.729     -0.074     7.2974     85.020     39.390  37.611118     2.1693      8.737    25.2502 1.8748e+02    11.4068      0.705      1.023    22.4716 0.0000e+00
      0.721     -0.048     7.2699     85.989     39.230  37.531508     2.3159      8.735    26.1994 1.9202e+02    11.5366      0.705      1.021    22.5693 0.0000e+00
      0.726     -0.019     7.2655     87.204     39.125  37.516306     2.3796      8.733    27.1911 1.9784e+02    11.5030      0.711      1.031    22.6320 0.0000e+00
      0.734      0.004     7.2776     88.495     39.093  37.554347     2.3495      8.730    28.0341 2.0504e+02    11.4780      0.719      1.044    22.6698 0.0000e+00
      0.740      0.015     7.3167     89.805     39.109  37.610832     2.3509      8.727    28.8206 2.1184e+02    11.5083      0.727      1.054    22.7200 0.0000e+00
      0.743      0.017     7.3928     91.087     39.118  37.628227     2.3966      8.725    29.7317 2.1636e+02    11.4248      0.729      1.057    22.8241 0.0000e+00
      0.745      0.015     7.4854     92.271     39.069  37.574310     2.4445      8.722    30.6187 2.1775e+02    11.2542      0.731      1.060    22.9501 0.0000e+00
      0.749      0.009     7.5839     93.302     39.020  37.530005     2.4465      8.719    31.2857 2.1905e+02    11.0854      0.734      1.065    23.0387 0.0000e+00
      0.754     -0.001     7.6887     94.100     39.010  37.536731     2.4130      8.716    31.6874 2.2099e+02    11.0244      0.739      1.072    23.0947 0.0000e+00
      0.757     -0.016     7.8014     94.621     38.981  37.528751     2.4139      8.713    32.1200 2.2222e+02    10.9944      0.744      1.078    23.1000 0.0000e+00
      0.756     -0.032     7.9064     94.892     38.916  37.496998     2.4573      8.710    32.8163 2.2921e+02    10.9282      0.745      1.080    23.0729 0.0000e+00
      0.746     -0.043     7.9978     94.956     38.838  37.470121     2.4967      8.707    33.6541 2.4587e+02    10.8041      0.738      1.071    23.0786 0.0000e+00
      0.724     -0.048     8.0632     94.891     38.783  37.457681     2.4908      8.705    34.4200 2.7145e+02    10.6547      0.713      1.033    23.1085 0.0000e+00
      0.698     -0.047     8.1029     94.820     38.791  37.473555     2.4612      8.704    35.0212 2.9682e+02    10.6939      0.680      0.985    23.1279 0.0000e+00
      0.682     -0.040     8.1206     94.785     38.826  37.471703     2.4545      8.703    35.5022 3.0303e+02    10.8683      0.664      0.963    23.1575 0.0000e+00
      0.677     -0.034     8.1126     94.729     38.875  37.435239     2.4520      8.703    35.9345 3.0301e+02    10.9186      0.663      0.962    23.2355 0.0000e+00
      0.679     -0.034     8.0913     94.575     38.962  37.413283     2.4467      8.703    36.4621 3.2021e+02    10.7894      0.666      0.965    23.3047 0.0000e+00
      0.681     -0.044     8.0819     94.221     39.004  37.396429     2.4326      8.703    37.1494 3.4558e+02    10.5363      0.668      0.968    23.3125 0.0000e+00
      0.678     -0.062     8.0887     93.645     38.925  37.358286     2.4150      8.702    37.8772 3.6195e+02    10.3521      0.669      0.971    23.2762 0.0000e+00
      0.660     -0.080     8.1016     92.940     38.792  37.332881     2.4340      8.701    38.7234 3.7778e+02    10.3724      0.656      0.951    23.1608 0.0000e+00
      0.623     -0.089     8.1216     92.227     38.689  37.343235     2.4619      8.700    39.6370 4.5176e+02    10.4405      0.613      0.890    22.9814 0.0000e+00
      0.580     -0.088     8.1069     91.620     38.616  37.356723     2.4781      8.699    40.4055 5.5718e+02    10.4916      0.565      0.820    22.8806 0.0000e+00
      0.547     -0.075     8.0433     91.275     38.581  37.369187     2.4882      8.699    41.0462 5.6340e+02    10.5466      0.531      0.769    22.9499 0.0000e+00
      0.532     -0.053     7.9539     91.357     38.574  37.367095     2.5082      8.700    41.6188 4.8686e+02    10.6277      0.517      0.749    23.1166 0.0000e+00
      0.532     -0.028     7.8667     91.839     38.569  37.331429     2.5532      8.702    42.1661 4.4404e+02    10.7542      0.518      0.752    23.2690 0.0000e+00
      0.537     -0.007     7.7955     92.514     38.618  37.318624     2.5998      8.702    42.6736 4.3761e+02    10.7097      0.526      0.765    23.3797 0.0000e+00
      0.542      0.006     7.7477     93.174     38.728  37.339100     2.6392      8.702    43.2816 4.3227e+02    10.4657      0.532      0.772    23.4448 0.0000e+00
      0.544      0.011     7.7564     93.699     38.816  37.325064     2.6628      8.705    44.0958 4.3614e+02    10.3317      0.533      0.774    23.4482 0.0000e+00
      0.546      0.012     7.8118     94.014     38.862  37.275669     2.6856      8.707    44.9469 4.4780e+02    10.3881      0.536      0.777    23.4002 0.0000e+00
      0.548      0.012     7.8875     94.041     38.911  37.249373     2.6989      8.707    45.5699 4.5280e+02    10.4295      0.537      0.779    23.3237 0.0000e+00
      0.550      0.012     7.9643     93.787     38.969  37.260832     2.6495      8.708    45.9503 4.4748e+02    10.3541      0.540      0.781    23.2091 0.0000e+00
      0.554      0.012     8.0310     93.316     39.004  37.287244     2.5791      8.708    46.4497 4.3488e+02    10.2970      0.543      0.787    23.0709 0.0000e+00
      0.559      0.012     8.0821     92.736     38.999  37.314895     2.5547      8.708    47.1334 4.2477e+02    10.3193      0.548      0.795    22.9427 0.0000e+00
      0.563      0.008     8.0976     92.179     38.971  37.341390     2.5796      8.708    47.6784 4.1358e+02    10.4184      0.552      0.800    22.8465 0.0000e+00
      0.566     -0.001     8.0830     91.701     38.927  37.353853     2.6301      8.708    47.8757 3.7893e+02    10.5044      0.556      0.805    22.7883 0.0000e+00
      0.567     -0.016     8.0424     91.387     38.860  37.338751     2.6491      8.708    47.8846 3.3836e+02    10.4376      0.558      0.809    22.7725 0.0000e+00
      0.565     -0.032     7.9775     91.345     38.769  37.285780     2.6345      8.708    48.0439 3.1945e+02    10.3965      0.557      0.808    22.8268 0.0000e+00
      0.556     -0.046     7.9184     91.595     38.684  37.221068     2.6288      8.708    48.5119 3.5768e+02    10.4855      0.549      0.797    22.9083 0.0000e+00
      0.537     -0.054     7.8643     92.018     38.647  37.190883     2.6129      8.708    49.1553 4.3340e+02    10.5567      0.530      0.768    22.9737 0.0000e+00
      0.513     -0.055     7.8225     92.418     38.636  37.174636     2.5678      8.708    49.8001 5.1890e+02    10.5408      0.502      0.728    23.0442 0.0000e+00
      0.491     -0.050     7.8115     92.754     38.623  37.151534     2.5241      8.709    50.4575 5.6591e+02    10.4642      0.478      0.693    23.0926 0.0000e+00
      0.479     -0.039     7.8331     93.055     38.648  37.165359     2.5175      8.711    50.9948 4.9688e+02    10.4499      0.467      0.675    23.1065 0.0000e+00
      0.475     -0.024     7.8780     93.263     38.696  37.214859     2.5545      8.712    51.3918 4.3231e+02    10.6061      0.466      0.675    23.1156 0.0000e+00
      0.474     -0.008     7.9131     93.343     38.697  37.242419     2.6057      8.713    51.8173 4.2762e+02    10.8156      0.466      0.675    23.1061 0.0000e+00
      0.474      0.004     7.9411     93.332     38.652  37.244795     2.6124      8.715    52.0093 3.9981e+02    10.8318      0.464      0.673    23.0886 0.0000e+00
      0.477      0.006     7.9739     93.262     38.592  37.243662     2.5849      8.716    51.6474 3.7439e+02    10.6653      0.467      0.677    23.0716 0.0000e+00
      0.484      0.000     7.9933     93.175     38.517  37.228799     2.6068      8.718    51.2283 3.5907e+02    10.5798      0.473      0.686    23.0657 0.0000e+00
      0.491     -0.010     7.9921     93.165     38.429  37.192074     2.6683      8.721    51.5018 3.2553e+02    10.6508      0.482      0.700    23.1062 0.0000e+00
      0.491     -0.019     7.9810     93.261     38.378  37.180416     2.6885      8.724    52.2864 3.1942e+02    10.7047      0.488      0.707    23.1685 0.0000e+00
      0.479     -0.025     7.9633     93.424     38.382  37.214812     2.6591      8.726    53.0583 3.5111e+02    10.6159      0.475      0.688    23.2456 0.0000e+00
      0.459     -0.028     7.9389     93.676     38.375  37.227280     2.6295      8.729    53.6931 3.8339e+02    10.4993      0.446      0.648    23.3284 0.0000e+00
      0.445     -0.026     7.9277     94.014     38.347  37.204290     2.6464      8.731    54.1970 4.2009e+02    10.5251      0.431      0.625    23.3879 0.0000e+00
      0.442     -0.018     7.9326     94.340     38.342  37.190655     2.6892      8.733    54.5053 4.4129e+02    10.6196      0.432      0.627    23.4367 0.0000e+00
      0.444     -0.005     7.9375     94.576     38.357  37.189306     2.6969      8.736    54.6678 4.4473e+02    10.6518      0.435      0.633    23.4798 0.0000e+00
      0.445      0.006     7.9536     94.644     38.377  37.187958     2.6649      8.739    54.9573 4.9248e+02    10.5729      0.436      0.632    23.5078 0.0000e+00
