Data/DataNotYetUploadedToEDI/Raw_CTD/RawDownloads/062325_fcr40_S7809005.cnv
* Sea-Bird SBE19plus  Data File:
* FileName = C:\R\Reservoirs\Data\DataNotYetUploadedToEDI\Raw_CTD\RawDownloads\062325_fcr50_S7809_0005.hex
* Software version 2.8.0.119
* Temperature SN = 7809
* Conductivity SN = 7809
* System UpLoad Time = Jun 24 2025 14:31:11
* <ApplicationData>
* <Seaterm232>
# nquan = 15
# nvalues = 1870                        
# units = specified
# name 0 = depFM: Depth [fresh water, m]
# name 1 = dz/dtM: Descent Rate [m/s]
# name 2 = sbeox0Mg/L: Oxygen, SBE 43 [mg/l]
# name 3 = sbeox0PS: Oxygen, SBE 43 [% saturation]
# name 4 = specc: Specific Conductance [uS/cm]
# name 5 = c0uS/cm: Conductivity [uS/cm]
# name 6 = flECO-AFL: Fluorescence, WET Labs ECO-AFL/FL [mg/m^3]
# name 7 = ph: pH
# name 8 = orp: Oxidation Reduction Potential [mV]
# name 9 = par/sat/log: PAR/Logarithmic, Satlantic
# name 10 = turbWETntu0: Turbidity, WET Labs ECO [NTU]
# name 11 = prdM: Pressure, Strain Gauge [db]
# name 12 = prdE: Pressure, Strain Gauge [psi]
# name 13 = tv290C: Temperature [ITS-90, deg C]
# name 14 = flag:  0.000e+00
# span 0 =     -0.568,      5.912       
# span 1 =     -0.311,      0.274       
# span 2 =     0.0254,    17.8080       
# span 3 =      0.267,    203.519       
# span 4 =      1.327,     59.017       
# span 5 =   1.252713,  46.346902       
# span 6 =    -0.3676,    18.5044       
# span 7 =      7.847,     11.444       
# span 8 =   -84.6216,   322.9403       
# span 9 = 1.2360e-01, 2.4285e+03       
# span 10 =    -0.0081,   240.3217      
# span 11 =     -0.557,      5.798      
# span 12 =     -0.808,      8.410      
# span 13 =    10.8168,    27.9057      
# span 14 = 0.0000e+00, 0.0000e+00      
# interval = seconds: 0.25
# start_time = Jun 23 2025 12:27:04 [Instrument's time stamp, header]
# bad_flag = -9.990e-29
*END*
[from data line 290]
      1.445      0.031    13.6818    151.792     34.861  31.517892     5.1973     11.312    49.5429 1.6950e+02     6.7862      1.417      2.056    20.5952 0.0000e+00
      1.453      0.029    13.7644    150.378     34.762  31.395573     5.2236     11.301    49.3865 1.6723e+02     6.7906      1.425      2.066    20.4569 0.0000e+00
      1.460      0.025    13.8259    148.747     34.650  31.258759     5.2250     11.293    49.0962 1.6615e+02     6.5956      1.432      2.077    20.3238 0.0000e+00
      1.466      0.020    13.8354    147.053     34.626  31.195799     5.1971     11.287    48.7865 1.6460e+02     6.3063      1.439      2.087    20.2462 0.0000e+00
      1.471      0.015    13.7649    145.349     34.680  31.205193     5.2031     11.280    48.6538 1.6271e+02     6.2990      1.443      2.093    20.1991 0.0000e+00
      1.473      0.010    13.6331    143.747     34.748  31.245415     5.2225     11.274    48.5240 1.6198e+02     6.3020      1.445      2.096    20.1539 0.0000e+00
      1.475      0.006    13.4953    142.298     34.808  31.301473     5.2072     11.268    48.3352 1.6200e+02     6.2064      1.446      2.098    20.1073 0.0000e+00
      1.475      0.005    13.3593    141.048     34.809  31.312068     5.1840     11.261    48.2642 1.6204e+02     6.2364      1.447      2.098    20.0436 0.0000e+00
      1.475      0.006    13.2164    140.092     34.666  31.183227     5.1921     11.254    48.4392 1.6150e+02     6.3574      1.447      2.099    19.9726 0.0000e+00
      1.475      0.011    13.0786    139.447     34.436  30.948938     5.2221     11.245    48.7302 1.6072e+02     6.5081      1.446      2.098    19.9411 0.0000e+00
      1.475      0.018    12.9435    139.048     34.307  30.762925     5.2224     11.237    48.9442 1.5937e+02     6.5206      1.445      2.096    19.9546 0.0000e+00
      1.478      0.025    12.8174    138.710     34.368  30.710244     5.1960     11.227    49.1329 1.5662e+02     6.3040      1.447      2.100    19.9784 0.0000e+00
      1.488      0.031    12.7308    138.105     34.538  30.755871     5.1856     11.216    49.2055 1.5282e+02     6.1091      1.457      2.114    19.9820 0.0000e+00
      1.502      0.034    12.6796    136.906     34.665  30.806973     5.1885     11.204    49.1332 1.4920e+02     6.1457      1.474      2.137    19.9567 0.0000e+00
      1.515      0.034    12.6739    134.949     34.692  30.820554     5.2059     11.192    49.0333 1.4690e+02     6.2692      1.488      2.158    19.8554 0.0000e+00
      1.525      0.032    12.7008    132.370     34.651  30.793200     5.2128     11.181    49.0303 1.4553e+02     6.0650      1.497      2.172    19.6757 0.0000e+00
      1.530      0.029    12.7032    129.666     34.580  30.729995     5.1878     11.170    49.1825 1.4502e+02     5.5900      1.501      2.177    19.4932 0.0000e+00
      1.533      0.025    12.6226    127.340     34.559  30.690693     5.1878     11.160    49.3252 1.4451e+02     5.4096      1.502      2.179    19.3991 0.0000e+00
      1.537      0.023    12.4381    125.532     34.614  30.698583     5.2206     11.151    49.5510 1.4268e+02     5.5244      1.506      2.185    19.4072 0.0000e+00
      1.544      0.023    12.1753    124.255     34.661  30.698465     5.2850     11.142    49.9336 1.4027e+02     5.6113      1.514      2.196    19.4345 0.0000e+00
      1.553      0.026    11.9034    123.495     34.684  30.689202     5.3588     11.129    50.5095 1.3810e+02     5.5713      1.524      2.210    19.4393 0.0000e+00
      1.558      0.031    11.6967    123.012     34.749  30.713424     5.3635     11.113    51.7825 1.3635e+02     5.4166      1.529      2.218    19.4120 0.0000e+00
      1.563      0.035    11.5483    122.522     34.841  30.737556     5.3755     11.094    53.4517 1.3447e+02     5.3807      1.533      2.222    19.3403 0.0000e+00
      1.571      0.037    11.4427    121.878     34.910  30.727168     5.6367     11.076    54.4307 1.3205e+02     5.4111      1.540      2.233    19.2658 0.0000e+00
      1.583      0.037    11.3911    120.935     34.956  30.714594     6.0837     11.057    54.9297 1.2927e+02     5.3404      1.553      2.252    19.2361 0.0000e+00
      1.597      0.035    11.3651    119.623     34.978  30.712321     6.3099     11.039    55.6997 1.2627e+02     5.2769      1.567      2.273    19.2056 0.0000e+00
      1.609      0.030    11.3407    118.078     34.970  30.699659     6.2912     11.021    56.5984 1.2390e+02     5.1902      1.579      2.291    19.1175 0.0000e+00
      1.617      0.025    11.3159    116.525     34.963  30.688356     6.2063     11.004    57.3638 1.2272e+02     5.1798      1.588      2.303    18.9941 0.0000e+00
      1.621      0.020    11.2527    115.208     34.987  30.702524     6.0988     10.986    57.8126 1.2269e+02     5.2547      1.590      2.306    18.9057 0.0000e+00
      1.621      0.018    11.1272    114.286     35.047  30.744088     6.0318     10.966    57.9819 1.2304e+02     5.2072      1.589      2.305    18.8910 0.0000e+00
      1.621      0.020    10.9760    113.699     35.147  30.810280     5.9965     10.946    58.2058 1.2249e+02     5.1176      1.589      2.304    18.8929 0.0000e+00
      1.624      0.024    10.8262    113.321     35.259  30.868479     5.9793     10.926    58.4548 1.2081e+02     5.1272      1.591      2.307    18.8814 0.0000e+00
      1.633      0.029    10.6974    113.106     35.327  30.876794     6.0066     10.909    58.6689 1.1830e+02     5.1872      1.601      2.321    18.8737 0.0000e+00
      1.645      0.032    10.6179    112.864     35.343  30.847323     6.0608     10.895    58.9876 1.1579e+02     5.1260      1.614      2.340    18.8636 0.0000e+00
      1.657      0.032    10.5764    112.364     35.348  30.829253     6.0773     10.880    59.3840 1.1357e+02     4.9675      1.625      2.356    18.8368 0.0000e+00
      1.667      0.030    10.5503    111.609     35.377  30.848597     6.0567     10.864    59.8479 1.1166e+02     4.9791      1.636      2.372    18.7780 0.0000e+00
      1.674      0.026    10.5556    110.666     35.430  30.890899     6.0691     10.847    60.2942 1.1091e+02     5.1300      1.645      2.385    18.6929 0.0000e+00
      1.677      0.024    10.5617    109.664     35.448  30.896666     6.1357     10.830    60.5644 1.1062e+02     5.2204      1.646      2.387    18.6209 0.0000e+00
      1.678      0.023    10.5148    108.803     35.420  30.854884     6.1968     10.814    60.7049 1.0967e+02     5.1837      1.645      2.386    18.5948 0.0000e+00
      1.683      0.023    10.4433    108.141     35.422  30.829739     6.2001     10.799    60.8745 1.0817e+02     5.0278      1.649      2.392    18.5972 0.0000e+00
      1.691      0.024    10.3534    107.665     35.472  30.846339     6.2421     10.787    61.1532 1.0639e+02     4.9743      1.658      2.406    18.5925 0.0000e+00
      1.700      0.026    10.2512    107.378     35.513  30.865253     6.3714     10.774    61.4937 1.0474e+02     5.0838      1.668      2.419    18.5788 0.0000e+00
      1.708      0.026    10.1760    107.233     35.527  30.868106     6.4402     10.761    62.0655 1.0332e+02     5.0888      1.675      2.429    18.5574 0.0000e+00
      1.714      0.026    10.1245    107.153     35.551  30.880831     6.4328     10.747    62.9049 1.0207e+02     4.9662      1.682      2.440    18.5129 0.0000e+00
      1.719      0.027    10.0876    107.088     35.577  30.892224     6.4653     10.733    63.7272 1.0111e+02     4.8653      1.687      2.447    18.4669 0.0000e+00
      1.723      0.030    10.0665    106.998     35.586  30.878965     6.5414     10.719    64.3498 1.0027e+02     4.8249      1.689      2.450    18.4482 0.0000e+00
      1.729      0.032    10.0584    106.841     35.583  30.847366     6.6043     10.705    64.5822 9.8562e+01     4.8874      1.693      2.456    18.4387 0.0000e+00
      1.740      0.033    10.0538    106.597     35.595  30.827300     6.6177     10.691    64.7312 9.5888e+01     4.9030      1.704      2.473    18.4286 0.0000e+00
      1.754      0.033    10.0509    106.255     35.620  30.826613     6.7207     10.678    65.0325 9.3838e+01     4.7745      1.721      2.497    18.4184 0.0000e+00
      1.764      0.031    10.0514    105.892     35.646  30.839030     6.9667     10.666    65.2994 9.2508e+01     4.6675      1.731      2.511    18.3872 0.0000e+00
      1.770      0.027    10.0449    105.586     35.662  30.850549     7.1294     10.656    65.7218 9.1265e+01     4.7015      1.736      2.518    18.3408 0.0000e+00
      1.775      0.022    10.0344    105.307     35.652  30.839015     7.1813     10.645    66.3533 9.0320e+01     4.8443      1.742      2.526    18.2949 0.0000e+00
      1.779      0.020    10.0056    105.094     35.642  30.826442     7.1943     10.633    66.7399 8.9519e+01     4.8573      1.745      2.532    18.2605 0.0000e+00
      1.782      0.022     9.9676    104.990     35.654  30.825394     7.2280     10.622    66.6103 8.8713e+01     4.7552      1.748      2.537    18.2508 0.0000e+00
      1.785      0.026     9.9447    104.930     35.689  30.826334     7.3560     10.611    66.3354 8.7658e+01     4.8400      1.750      2.538    18.2504 0.0000e+00
      1.790      0.030     9.9166    104.855     35.759  30.837759     7.4590     10.601    66.5989 8.5806e+01     5.0631      1.754      2.542    18.2439 0.0000e+00
      1.801      0.032     9.8931    104.720     35.817  30.836613     7.4839     10.591    67.5598 8.3378e+01     5.1979      1.766      2.561    18.2422 0.0000e+00
      1.815      0.032     9.8899    104.494     35.828  30.812407     7.4815     10.581    68.6614 8.1212e+01     5.1034      1.782      2.584    18.2356 0.0000e+00
      1.825      0.031     9.8937    104.217     35.828  30.798779     7.4644     10.571    69.5942 7.9879e+01     4.8772      1.792      2.599    18.1931 0.0000e+00
      1.831      0.029     9.9036    103.918     35.832  30.798684     7.4768     10.562    70.2337 7.9001e+01     4.8201      1.797      2.606    18.1154 0.0000e+00
      1.836      0.026     9.9110    103.626     35.852  30.811258     7.5233     10.553    70.5432 7.7985e+01     4.8910      1.800      2.611    18.0313 0.0000e+00
      1.841      0.022     9.8953    103.381     35.878  30.823936     7.5600     10.545    70.8409 7.6794e+01     4.8464      1.805      2.619    17.9830 0.0000e+00
      1.847      0.019     9.8713    103.168     35.896  30.825092     7.5629     10.537    71.1661 7.5531e+01     4.6560      1.811      2.627    17.9729 0.0000e+00
      1.853      0.017     9.8427    102.963     35.910  30.825215     7.5331     10.528    71.3772 7.4619e+01     4.5019      1.818      2.636    17.9724 0.0000e+00
      1.857      0.017     9.8124    102.790     35.921  30.825412     7.5328     10.521    71.5012 7.4175e+01     4.5205      1.823      2.643    17.9703 0.0000e+00
      1.860      0.018     9.7943    102.678     35.932  30.827458     7.6178     10.514    71.3746 7.3840e+01     4.5395      1.824      2.645    17.9537 0.0000e+00
      1.861      0.019     9.7795    102.580     35.970  30.849946     7.7282     10.506    71.0509 7.3190e+01     4.4245      1.824      2.646    17.9307 0.0000e+00
      1.866      0.022     9.7630    102.471     36.058  30.906998     7.7689     10.498    70.8565 7.2125e+01     4.3594      1.829      2.653    17.9150 0.0000e+00
      1.874      0.024     9.7460    102.373     36.135  30.946332     7.7693     10.491    70.8319 7.0980e+01     4.4355      1.837      2.665    17.9010 0.0000e+00
      1.883      0.026     9.7407    102.240     36.167  30.944877     7.8570     10.485    71.0969 6.9936e+01     4.5585      1.846      2.677    17.8926 0.0000e+00
      1.890      0.026     9.7346    102.013     36.202  30.952805     8.0057     10.479    71.6522 6.8926e+01     4.5840      1.853      2.688    17.8848 0.0000e+00
      1.897      0.026     9.7258    101.618     36.244  30.978723     8.0613     10.472    72.2114 6.8034e+01     4.4701      1.861      2.698    17.8578 0.0000e+00
      1.903      0.025     9.7287    100.971     36.283  31.004507     8.0546     10.464    72.6950 6.7629e+01     4.4453      1.868      2.709    17.8180 0.0000e+00
      1.906      0.024     9.7261    100.099     36.304  31.010806     8.1073     10.455    73.1978 6.7297e+01     4.5911      1.870      2.711    17.7722 0.0000e+00
      1.911      0.023     9.7135     99.127     36.294  30.991427     8.2072     10.447    73.6441 6.6378e+01     4.6957      1.873      2.715    17.7356 0.0000e+00
      1.920      0.021     9.6822     98.162     36.264  30.960487     8.2564     10.438    73.8759 6.5328e+01     4.6167      1.884      2.733    17.7318 0.0000e+00
      1.928      0.021     9.6191     97.189     36.259  30.953884     8.2354     10.429    74.0222 6.4688e+01     4.4559      1.893      2.745    17.7287 0.0000e+00
      1.933      0.021     9.5371     96.192     36.288  30.975023     8.2204     10.421    74.2073 6.4393e+01     4.4263      1.895      2.750    17.7026 0.0000e+00
      1.935      0.022     9.4414     95.266     36.288  30.962338     8.2244     10.414    74.3934 6.4218e+01     4.5316      1.897      2.752    17.6876 0.0000e+00
      1.938      0.025     9.3530     94.492     36.278  30.927353     8.1921     10.406    74.4648 6.3845e+01     4.5674      1.900      2.755    17.6826 0.0000e+00
      1.943      0.029     9.2636     93.853     36.328  30.932609     8.1463     10.398    74.3821 6.2930e+01     4.4837      1.905      2.762    17.6786 0.0000e+00
      1.953      0.032     9.1622     93.248     36.408  30.962403     8.1198     10.389    74.2550 6.1589e+01     4.4072      1.913      2.775    17.6803 0.0000e+00
      1.965      0.032     9.0748     92.617     36.457  30.970360     7.9802     10.383    74.3039 6.0233e+01     4.4622      1.927      2.794    17.6639 0.0000e+00
      1.976      0.027     9.0078     91.945     36.472  30.965345     7.7313     10.376    74.9737 5.9178e+01     4.6025      1.940      2.813    17.6256 0.0000e+00
      1.985      0.021     8.9626     91.243     36.468  30.965177     7.5828     10.367    75.9863 5.8593e+01     4.6000      1.949      2.826    17.5718 0.0000e+00
      1.990      0.016     8.9165     90.536     36.458  30.968334     7.5332     10.358    76.5673 5.8617e+01     4.4670      1.953      2.833    17.5153 0.0000e+00
      1.988      0.016     8.8654     89.818     36.499  31.003539     7.4553     10.350    76.7493 5.9203e+01     4.3941      1.950      2.830    17.4644 0.0000e+00
      1.984      0.019     8.8078     89.213     36.609  31.073660     7.3662     10.341    76.8965 5.9453e+01     4.4701      1.943      2.818    17.4340 0.0000e+00
      1.985      0.024     8.7343     88.863     36.711  31.118334     7.3461     10.332    77.1425 5.8510e+01     4.6353      1.942      2.817    17.4466 0.0000e+00
      1.996      0.028     8.6656     88.610     36.731  31.099585     7.3453     10.326    77.4868 5.6816e+01     4.6484      1.955      2.836    17.4750 0.0000e+00
      2.012      0.030     8.5913     88.146     36.669  31.037233     7.2730     10.320    77.9627 5.5297e+01     4.4928      1.976      2.865    17.4808 0.0000e+00
      2.026      0.030     8.5280     87.212     36.608  30.998786     7.1883     10.313    78.4223 5.4489e+01     4.3938      1.990      2.885    17.4473 0.0000e+00
      2.033      0.027     8.5172     85.767     36.607  31.015348     7.1784     10.306    78.6561 5.4391e+01     4.4068      1.995      2.895    17.3773 0.0000e+00
      2.035      0.021     8.5148     84.160     36.631  31.047204     7.1953     10.300    78.7238 5.4444e+01     4.4455      1.996      2.894    17.3136 0.0000e+00
      2.035      0.016     8.4809     82.850     36.648  31.066791     7.1587     10.294    78.7247 5.4144e+01     4.3839      1.994      2.891    17.3045 0.0000e+00
