Data/DataNotYetUploadedToEDI/Raw_CTD/RawDownloads/062325_fcr50_S7809001.cnv
* Sea-Bird SBE19plus  Data File:
* FileName = C:\R\Reservoirs\Data\DataNotYetUploadedToEDI\Raw_CTD\RawDownloads\062325_fcr50_S7809_0001.hex
* Software version 2.8.0.119
* Temperature SN = 7809
* Conductivity SN = 7809
* System UpLoad Time = Jun 24 2025 14:28:30
* <ApplicationData>
* <Seaterm232>
# nquan = 15
# nvalues = 2077                        
# units = specified
# name 0 = depFM: Depth [fresh water, m]
# name 1 = dz/dtM: Descent Rate [m/s]
# name 2 = sbeox0Mg/L: Oxygen, SBE 43 [mg/l]
# name 3 = sbeox0PS: Oxygen, SBE 43 [% saturation]
# name 4 = specc: Specific Conductance [uS/cm]
# name 5 = c0uS/cm: Conductivity [uS/cm]
# name 6 = flECO-AFL: Fluorescence, WET Labs ECO-AFL/FL [mg/m^3]
# name 7 = ph: pH
# name 8 = orp: Oxidation Reduction Potential [mV]
# name 9 = par/sat/log: PAR/Logarithmic, Satlantic
# name 10 = turbWETntu0: Turbidity, WET Labs ECO [NTU]
# name 11 = prdM: Pressure, Strain Gauge [db]
# name 12 = prdE: Pressure, Strain Gauge [psi]
# name 13 = tv290C: Temperature [ITS-90, deg C]
# name 14 = flag:  0.000e+00
# span 0 =     -0.566,      9.753       
# span 1 =     -0.374,      0.166       
# span 2 =    -0.0975,    16.6698       
# span 3 =     -0.855,    188.933       
# span 4 =      0.643,    146.716       
# span 5 =   0.731647, 105.976165       
# span 6 =    -0.8920,    17.7694       
# span 7 =      7.148,     11.322       
# span 8 = -1240.7430,   877.9111       
# span 9 = 1.2342e-01, 2.4918e+03       
# span 10 =    -8.1795,   932.0519      
# span 11 =     -0.555,      9.566      
# span 12 =     -0.806,     13.874      
# span 13 =    10.8188,    31.9999      
# span 14 = 0.0000e+00, 0.0000e+00      
# interval = seconds: 0.25
# start_time = Jun 23 2025 11:23:46 [Instrument's time stamp, header]
# bad_flag = -9.990e-29
*END*
[from data line 964]
      6.239      0.022     9.0586     81.894     43.940  31.526669     0.5840      7.861   193.5564 1.2363e-01     6.7083      6.119      8.875    10.8649 0.0000e+00
      6.245      0.022     9.0640     81.902     43.952  31.536539     0.5658      7.861   193.8859 1.2356e-01     6.5860      6.124      8.883    10.8658 0.0000e+00
      6.250      0.021     9.0573     81.910     43.952  31.535924     0.5765      7.861   194.3238 1.2347e-01     6.6584      6.128      8.889    10.8677 0.0000e+00
      6.255      0.021     9.0554     81.916     43.930  31.519239     0.6137      7.861   194.9798 1.2344e-01     6.7303      6.134      8.896    10.8703 0.0000e+00
      6.259      0.021     9.0561     81.926     43.940  31.525109     0.6415      7.860   195.3643 1.2345e-01     6.6687      6.138      8.903    10.8731 0.0000e+00
      6.263      0.022     9.0566     81.945     43.967  31.543460     0.6299      7.860   195.1007 1.2348e-01     6.5628      6.143      8.910    10.8745 0.0000e+00
      6.268      0.024     9.0579     81.965     43.978  31.550806     0.5984      7.859   194.9761 1.2350e-01     6.6108      6.146      8.914    10.8736 0.0000e+00
      6.274      0.025     9.0589     81.980     43.978  31.550484     0.5937      7.858   195.1485 1.2352e-01     6.7715      6.150      8.920    10.8713 0.0000e+00
      6.284      0.025     9.0597     81.990     43.963  31.539574     0.6146      7.857   195.3785 1.2354e-01     6.7293      6.163      8.939    10.8700 0.0000e+00
      6.293      0.026     9.0630     81.990     43.971  31.545766     0.6339      7.856   196.2070 1.2358e-01     6.5106      6.173      8.955    10.8690 0.0000e+00
      6.298      0.027     9.0649     81.975     43.991  31.561915     0.6435      7.856   197.2508 1.2363e-01     6.4160      6.175      8.957    10.8680 0.0000e+00
      6.302      0.027     9.0671     81.968     43.963  31.544519     0.6400      7.856   197.4162 1.2359e-01     6.5080      6.179      8.962    10.8676 0.0000e+00
      6.308      0.027     9.0684     81.979     43.935  31.525745     0.6413      7.855   197.1745 1.2355e-01     6.6663      6.185      8.971    10.8672 0.0000e+00
      6.315      0.027     9.0688     81.989     43.934  31.525233     0.6256      7.854   196.9102 1.2361e-01     6.6901      6.192      8.980    10.8676 0.0000e+00
      6.325      0.028     9.0654     82.002     43.950  31.538335     0.5838      7.854   196.6294 1.2360e-01     6.5567      6.203      8.997    10.8700 0.0000e+00
      6.333      0.028     9.0623     82.027     43.975  31.557290     0.5686      7.855   197.7366 1.2353e-01     6.4542      6.213      9.011    10.8745 0.0000e+00
      6.339      0.027     9.0662     82.042     43.984  31.564105     0.6077      7.855   199.7146 1.2352e-01     6.5097      6.216      9.015    10.8752 0.0000e+00
      6.345      0.026     9.0661     82.032     43.974  31.557289     0.6737      7.854   200.4124 1.2350e-01     6.6812      6.221      9.024    10.8750 0.0000e+00
      6.351      0.025     9.0659     82.037     43.945  31.538315     0.6932      7.853   200.3228 1.2344e-01     6.7182      6.229      9.035    10.8779 0.0000e+00
      6.358      0.024     9.0702     82.060     43.923  31.525014     0.6597      7.853   199.9224 1.2347e-01     6.5812      6.235      9.043    10.8783 0.0000e+00
      6.364      0.024     9.0734     82.077     43.917  31.523341     0.6353      7.853   199.1852 1.2354e-01     6.4592      6.241      9.051    10.8779 0.0000e+00
      6.371      0.025     9.0690     82.088     43.910  31.518093     0.6476      7.853   200.0982 1.2353e-01     6.4727      6.249      9.063    10.8788 0.0000e+00
      6.376      0.028     9.0690     82.071     43.924  31.525003     0.6836      7.853   202.3577 1.2353e-01     6.6068      6.253      9.069    10.8806 0.0000e+00
      6.381      0.033     9.0738     82.036     43.954  31.543448     0.6871      7.853   203.3607 1.2355e-01     6.6122      6.255      9.073    10.8837 0.0000e+00
      6.389      0.037     9.0724     82.023     43.968  31.550785     0.6576      7.854   203.2774 1.2350e-01     6.5379      6.264      9.086    10.8878 0.0000e+00
      6.400      0.038     9.0760     82.011     43.972  31.550266     0.6846      7.854   202.8984 1.2348e-01     6.6657      6.275      9.102    10.8881 0.0000e+00
      6.414      0.037     9.0753     81.973     43.958  31.537172     0.7477      7.852   202.3060 1.2352e-01     6.7906      6.289      9.122    10.8836 0.0000e+00
      6.427      0.034     9.0680     81.935     43.936  31.519343     0.7709      7.850   202.6538 1.2357e-01     6.7500      6.306      9.146    10.8801 0.0000e+00
      6.436      0.027     9.0696     81.903     43.946  31.525006     0.7734      7.849   203.9198 1.2360e-01     6.7212      6.314      9.159    10.8765 0.0000e+00
      6.441      0.020     9.0716     81.867     43.970  31.542202     0.7783      7.849   204.7939 1.2360e-01     6.7840      6.316      9.161    10.8722 0.0000e+00
      6.443      0.017     9.0648     81.840     43.962  31.536946     0.7964      7.849   204.9626 1.2359e-01     6.9292      6.319      9.165    10.8688 0.0000e+00
      6.443      0.020     9.0617     81.820     43.945  31.524891     0.7933      7.848   204.8408 1.2357e-01     6.9393      6.320      9.166    10.8663 0.0000e+00
      6.441      0.028     9.0601     81.819     43.943  31.523331     0.7569      7.847   204.7848 1.2349e-01     6.7692      6.315      9.159    10.8647 0.0000e+00
      6.445      0.038     9.0535     81.831     43.936  31.518084     0.7151      7.847   204.6291 1.2347e-01     6.6830      6.316      9.161    10.8646 0.0000e+00
      6.460      0.046     9.0519     81.822     43.945  31.524882     0.6788      7.847   204.5925 1.2357e-01     6.7519      6.333      9.185    10.8657 0.0000e+00
      6.482      0.051     9.0487     81.805     43.965  31.542087     0.6756      7.847   205.0314 1.2362e-01     6.8846      6.358      9.220    10.8660 0.0000e+00
      6.503      0.051     9.0478     81.809     43.954  31.535800     0.6762      7.847   205.4612 1.2354e-01     6.8869      6.380      9.253    10.8654 0.0000e+00
      6.517      0.047     9.0529     81.816     43.921  31.512298     0.6691      7.846   205.6594 1.2348e-01     6.7793      6.394      9.273    10.8650 0.0000e+00
      6.523      0.040     9.0502     81.833     43.920  31.511683     0.6985      7.846   205.7079 1.2348e-01     6.7449      6.398      9.280    10.8658 0.0000e+00
      6.528      0.034     9.0451     81.877     43.942  31.528360     0.7405      7.846   205.2727 1.2348e-01     6.7454      6.400      9.283    10.8688 0.0000e+00
      6.534      0.029     9.0478     81.931     43.934  31.523633     0.7520      7.846   204.6137 1.2352e-01     6.7501      6.407      9.292    10.8715 0.0000e+00
      6.543      0.028     9.0476     81.987     43.925  31.517971     0.7291      7.846   204.7085 1.2359e-01     6.6994      6.417      9.307    10.8716 0.0000e+00
      6.552      0.029     9.0479     82.036     43.933  31.523332     0.6809      7.846   205.3006 1.2360e-01     6.7473      6.425      9.319    10.8711 0.0000e+00
      6.559      0.029     9.0548     82.075     43.936  31.525014     0.6600      7.845   205.9216 1.2351e-01     7.0220      6.432      9.328    10.8721 0.0000e+00
      6.567      0.029     9.0595     82.098     43.955  31.538307     0.6837      7.844   206.5388 1.2351e-01     7.1166      6.440      9.340    10.8739 0.0000e+00
      6.574      0.028     9.0668     82.096     43.980  31.557186     0.7012      7.843   205.9664 1.2365e-01     7.0377      6.446      9.350    10.8742 0.0000e+00
      6.580      0.025     9.0720     82.096     43.986  31.562963     0.6964      7.843   204.5074 1.2371e-01     6.9905      6.452      9.358    10.8734 0.0000e+00
      6.588      0.023     9.0767     82.103     43.960  31.544718     0.6920      7.843   204.2127 1.2366e-01     6.9211      6.460      9.370    10.8727 0.0000e+00
      6.594      0.023     9.0807     82.103     43.934  31.526901     0.7149      7.842   204.7260 1.2356e-01     6.9506      6.468      9.382    10.8722 0.0000e+00
      6.598      0.025     9.0780     82.113     43.946  31.537860     0.7489      7.842   205.3797 1.2352e-01     6.9367      6.471      9.386    10.8740 0.0000e+00
      6.601      0.030     9.0767     82.137     43.958  31.550338     0.7543      7.842   206.3509 1.2355e-01     6.7875      6.472      9.387    10.8768 0.0000e+00
      6.606      0.034     9.0797     82.165     43.953  31.550894     0.7638      7.842   206.9188 1.2356e-01     6.7862      6.476      9.393    10.8765 0.0000e+00
      6.618      0.038     9.0776     82.203     43.940  31.544592     0.8056      7.841   206.0519 1.2353e-01     6.9216      6.487      9.410    10.8759 0.0000e+00
      6.633      0.044     9.0782     82.232     43.932  31.537586     0.8271      7.841   204.3014 1.2349e-01     6.9556      6.506      9.436    10.8789 0.0000e+00
      6.647      0.049     9.0813     82.233     43.928  31.529617     0.7730      7.841   203.7352 1.2346e-01     6.8549      6.521      9.458    10.8836 0.0000e+00
      6.657      0.054     9.0815     82.224     43.911  31.511673     0.6758      7.841   204.4535 1.2348e-01     6.7291      6.528      9.467    10.8895 0.0000e+00
      6.667      0.055     9.0864     82.219     43.917  31.510936     0.6425      7.841   205.4151 1.2358e-01     6.7666      6.535      9.478    10.8936 0.0000e+00
      6.683      0.055     9.0912     82.205     43.936  31.520703     0.6781      7.841   205.9845 1.2362e-01     6.9321      6.553      9.504    10.8922 0.0000e+00
      6.702      0.054     9.0912     82.200     43.915  31.502881     0.6983      7.841   205.5726 1.2355e-01     6.9545      6.574      9.534    10.8854 0.0000e+00
      6.719      0.053     9.0907     82.190     43.893  31.485769     0.6708      7.840   204.4793 1.2351e-01     6.8326      6.591      9.559    10.8776 0.0000e+00
      6.731      0.050     9.0939     82.183     43.919  31.504119     0.6288      7.839   203.7784 1.2352e-01     6.7909      6.603      9.575    10.8717 0.0000e+00
      6.740      0.045     9.0902     82.213     43.963  31.534428     0.6311      7.840   203.8952 1.2352e-01     6.8944      6.609      9.587    10.8676 0.0000e+00
      6.750      0.041     9.0919     82.223     43.965  31.535043     0.6486      7.840   204.5151 1.2352e-01     6.8882      6.619      9.601    10.8653 0.0000e+00
      6.760      0.037     9.0924     82.207     43.933  31.511549     0.6321      7.840   205.0788 1.2352e-01     6.6470      6.631      9.617    10.8641 0.0000e+00
      6.770      0.034     9.0858     82.226     43.923  31.504118     0.6146      7.840   205.2039 1.2348e-01     6.4376      6.639      9.630    10.8630 0.0000e+00
      6.780      0.032     9.0960     82.232     43.930  31.508628     0.6118      7.839   204.9094 1.2346e-01     6.4403      6.649      9.644    10.8621 0.0000e+00
      6.788      0.029     9.0978     82.196     43.922  31.502644     0.6323      7.838   204.5295 1.2351e-01     6.5773      6.658      9.657    10.8614 0.0000e+00
      6.794      0.025     9.0891     82.197     43.912  31.495203     0.6547      7.837   204.5676 1.2362e-01     6.6929      6.663      9.664    10.8607 0.0000e+00
      6.799      0.022     9.0964     82.220     43.894  31.482100     0.6407      7.838   204.9396 1.2362e-01     6.7108      6.667      9.669    10.8602 0.0000e+00
      6.804      0.020     9.1009     82.224     43.878  31.471085     0.6460      7.838   205.4145 1.2353e-01     6.7604      6.673      9.678    10.8598 0.0000e+00
      6.809      0.019     9.0883     82.241     43.903  31.488907     0.6689      7.837   206.0077 1.2357e-01     6.8824      6.678      9.686    10.8596 0.0000e+00
      6.813      0.019     9.0909     82.222     43.928  31.507266     0.6768      7.836   206.4333 1.2364e-01     6.9563      6.681      9.691    10.8594 0.0000e+00
      6.818      0.018     9.0990     82.162     43.922  31.502747     0.6911      7.836   206.4298 1.2359e-01     6.9019      6.686      9.698    10.8593 0.0000e+00
      6.823      0.017     9.0917     82.143     43.915  31.497709     0.6921      7.836   206.3960 1.2353e-01     6.7370      6.692      9.706    10.8594 0.0000e+00
      6.827      0.017     9.1002     82.143     43.931  31.509792     0.6968      7.835   206.3690 1.2350e-01     6.7052      6.695      9.711    10.8595 0.0000e+00
      6.832      0.018     9.0987     82.107     43.947  31.521962     0.7154      7.835   206.2756 1.2352e-01     6.7909      6.700      9.718    10.8596 0.0000e+00
      6.836      0.018     9.0843     82.062     43.939  31.517972     0.7164      7.835   207.0740 1.2359e-01     6.8174      6.705      9.724    10.8597 0.0000e+00
      6.840      0.018     9.0860     82.041     43.940  31.524995     0.6848      7.834   208.3642 1.2362e-01     6.8200      6.706      9.728    10.8599 0.0000e+00
      6.845      0.017     9.0890     82.030     43.952  31.543450     0.6412      7.833   208.7117 1.2354e-01     6.7538      6.712      9.734    10.8599 0.0000e+00
      6.851      0.016     9.0831     82.032     43.954  31.550795     0.6469      7.832   208.5220 1.2347e-01     6.7343      6.719      9.744    10.8604 0.0000e+00
      6.856      0.014     9.0750     82.044     43.953  31.550380     0.6873      7.831   208.1354 1.2351e-01     6.7883      6.725      9.754    10.8614 0.0000e+00
      6.859      0.012     9.0742     82.058     43.939  31.538431     0.6879      7.831   207.5644 1.2355e-01     6.7579      6.727      9.757    10.8680 0.0000e+00
      6.860      0.009     9.0679     82.079     43.935  31.533193     0.6454      7.831   208.3299 1.2353e-01     6.7085      6.727      9.757    10.8835 0.0000e+00
      6.861      0.008     9.0669     82.084     43.962  31.550495     0.6151      7.831   210.1641 1.2351e-01     6.7042      6.728      9.759    10.8916 0.0000e+00
      6.863      0.009     9.0701     82.078     43.974  31.557301     0.6217      7.830   210.8122 1.2350e-01     6.7393      6.730      9.762    10.8886 0.0000e+00
      6.865      0.011     9.0698     82.088     43.968  31.552045     0.6419      7.830   210.1432 1.2353e-01     6.6898      6.732      9.764    10.8866 0.0000e+00
      6.866      0.014     9.0757     82.108     43.967  31.550382     0.6345      7.830   209.3027 1.2359e-01     6.5157      6.732      9.765    10.8845 0.0000e+00
      6.870      0.016     9.0761     82.116     43.952  31.537185     0.6070      7.830   208.9960 1.2358e-01     6.5122      6.736      9.770    10.8810 0.0000e+00
      6.876      0.016     9.0740     82.101     43.931  31.519355     0.6095      7.830   209.9625 1.2353e-01     6.7499      6.743      9.780    10.8791 0.0000e+00
      6.882      0.015     9.0762     82.082     43.943  31.525122     0.6315      7.830   211.7816 1.2352e-01     6.9640      6.750      9.790    10.8787 0.0000e+00
      6.887      0.013     9.0792     82.067     43.969  31.543472     0.6226      7.829   212.6650 1.2350e-01     6.9495      6.756      9.797    10.8779 0.0000e+00
      6.889      0.011     9.0819     82.049     43.977  31.550912     0.5927      7.829   212.2982 1.2349e-01     6.7788      6.757      9.799    10.8747 0.0000e+00
      6.889      0.011     9.0793     82.051     43.975  31.551641     0.6115      7.828   211.6486 1.2353e-01     6.7788      6.756      9.799    10.8709 0.0000e+00
      6.890      0.011     9.0774     82.070     43.972  31.552285     0.6750      7.828   211.3494 1.2356e-01     6.9163      6.757      9.799    10.8675 0.0000e+00
      6.893      0.014     9.0779     82.085     43.978  31.558695     0.7042      7.829   211.8642 1.2355e-01     6.9380      6.758      9.802    10.8663 0.0000e+00
      6.897      0.018     9.0726     82.095     43.985  31.565710     0.6815      7.829   212.9687 1.2350e-01     6.8710      6.762      9.808    10.8690 0.0000e+00
