Data/DataNotYetUploadedToEDI/Raw_CTD/RawDownloads/062325_fcr20_S7809003.cnv
* Sea-Bird SBE19plus  Data File:
* FileName = C:\R\Reservoirs\Data\DataNotYetUploadedToEDI\Raw_CTD\RawDownloads\062325_fcr50_S7809_0003.hex
* Software version 2.8.0.119
* Temperature SN = 7809
* Conductivity SN = 7809
* System UpLoad Time = Jun 24 2025 14:29:36
* <ApplicationData>
* <Seaterm232>
# nquan = 15
# nvalues = 1311                        
# units = specified
# name 0 = depFM: Depth [fresh water, m]
# name 1 = dz/dtM: Descent Rate [m/s]
# name 2 = sbeox0Mg/L: Oxygen, SBE 43 [mg/l]
# name 3 = sbeox0PS: Oxygen, SBE 43 [% saturation]
# name 4 = specc: Specific Conductance [uS/cm]
# name 5 = c0uS/cm: Conductivity [uS/cm]
# name 6 = flECO-AFL: Fluorescence, WET Labs ECO-AFL/FL [mg/m^3]
# name 7 = ph: pH
# name 8 = orp: Oxidation Reduction Potential [mV]
# name 9 = par/sat/log: PAR/Logarithmic, Satlantic
# name 10 = turbWETntu0: Turbidity, WET Labs ECO [NTU]
# name 11 = prdM: Pressure, Strain Gauge [db]
# name 12 = prdE: Pressure, Strain Gauge [psi]
# name 13 = tv290C: Temperature [ITS-90, deg C]
# name 14 = flag:  0.000e+00
# span 0 =     -0.568,      3.410       
# span 1 =     -0.349,      0.179       
# span 2 =     0.0260,    14.2592       
# span 3 =      0.275,    158.148       
# span 4 =      1.008,     95.258       
# span 5 =   0.986185,  77.341038       
# span 6 =    -1.7624,   233.8496       
# span 7 =      8.134,     11.228       
# span 8 =  -166.9628,  1240.2295       
# span 9 = 3.6321e+00, 2.4804e+03       
# span 10 =     0.9885,    32.1370      
# span 11 =     -0.557,      3.345      
# span 12 =     -0.808,      4.852      
# span 13 =    13.4935,    27.0309      
# span 14 = 0.0000e+00, 0.0000e+00      
# interval = seconds: 0.25
# start_time = Jun 23 2025 12:04:46 [Instrument's time stamp, header]
# bad_flag = -9.990e-29
*END*
[from data line 290]
      0.993      0.038     6.6681     84.786     32.349  33.119949     3.0060     10.381    89.0664 2.8892e+02    10.0758      0.973      1.410    26.2577 0.0000e+00
      1.002      0.041     6.6956     85.612     32.403  33.162471     3.0207     10.374    88.3665 2.8443e+02    10.0378      0.980      1.421    26.2410 0.0000e+00
      1.016      0.043     6.7374     86.432     32.408  33.145661     3.0761     10.366    87.9306 2.7912e+02     9.8068      0.996      1.444    26.2192 0.0000e+00
      1.032      0.044     6.7880     87.041     32.531  33.233866     3.2094     10.357    88.4430 2.7159e+02     9.5713      1.014      1.472    26.2007 0.0000e+00
      1.045      0.041     6.8535     87.266     32.749  33.404159     3.3094     10.347    88.5381 2.6670e+02     9.5479      1.025      1.487    26.1856 0.0000e+00
      1.054      0.036     6.9219     87.181     32.899  33.491675     3.3532     10.337    88.0485 2.6388e+02     9.6945      1.034      1.500    26.1726 0.0000e+00
      1.062      0.031     6.9995     86.936     33.007  33.530622     3.3564     10.328    88.0296 2.6143e+02     9.7381      1.043      1.512    26.1408 0.0000e+00
      1.068      0.028     7.0648     86.572     33.102  33.557754     3.3642     10.320    88.2240 2.5986e+02     9.5970      1.048      1.519    26.0806 0.0000e+00
      1.072      0.027     7.0876     86.050     33.182  33.565851     3.4556     10.311    88.2490 2.5761e+02     9.5251      1.051      1.523    26.0048 0.0000e+00
      1.077      0.028     7.0886     85.331     33.323  33.628406     3.5459     10.302    88.3311 2.5370e+02     9.6203      1.054      1.529    25.8980 0.0000e+00
      1.086      0.029     7.0837     84.515     33.526  33.743013     3.5576     10.294    88.6138 2.4923e+02     9.6897      1.064      1.543    25.7827 0.0000e+00
      1.096      0.029     7.0676     83.853     33.690  33.809468     3.5305     10.287    89.0008 2.4656e+02     9.6811      1.076      1.560    25.6841 0.0000e+00
      1.104      0.029     7.0411     83.480     33.834  33.860772     3.5004     10.279    89.4818 2.4596e+02     9.6525      1.083      1.570    25.5774 0.0000e+00
      1.112      0.028     6.9965     83.354     34.032  33.982527     3.5021     10.270    90.1268 2.4406e+02     9.6854      1.090      1.581    25.4542 0.0000e+00
      1.119      0.025     6.9351     83.443     34.261  34.139514     3.5348     10.261    90.8637 2.4101e+02     9.8050      1.098      1.592    25.3272 0.0000e+00
      1.124      0.022     6.8961     83.734     34.503  34.299577     3.5382     10.254    91.5087 2.3862e+02     9.8693      1.103      1.600    25.1703 0.0000e+00
      1.128      0.020     6.8887     84.120     34.685  34.395061     3.4848     10.249    92.0746 2.3616e+02     9.7803      1.106      1.604    25.0182 0.0000e+00
      1.132      0.019     6.8909     84.393     34.838  34.469098     3.4300     10.245    92.6290 2.3356e+02     9.6517      1.109      1.610    24.9214 0.0000e+00
      1.137      0.017     6.9097     84.410     35.070  34.623635     3.4334     10.240    93.1365 2.3101e+02     9.6804      1.115      1.618    24.8250 0.0000e+00
      1.142      0.016     6.9527     84.291     35.271  34.740766     3.4672     10.236    93.4777 2.2903e+02     9.6485      1.121      1.626    24.7033 0.0000e+00
      1.147      0.016     7.0085     84.209     35.416  34.806631     3.4643     10.232    93.6567 2.2763e+02     9.3686      1.126      1.633    24.5685 0.0000e+00
      1.150      0.015     7.0533     84.181     35.592  34.912324     3.4320     10.230    93.8392 2.2655e+02     9.1658      1.128      1.636    24.4623 0.0000e+00
      1.153      0.014     7.0603     84.211     35.751  35.003447     3.4178     10.230    93.9623 2.2562e+02     9.1437      1.131      1.640    24.3674 0.0000e+00
      1.157      0.014     7.0598     84.382     35.829  35.020049     3.4507     10.238    93.9416 2.2387e+02     9.1698      1.135      1.646    24.2374 0.0000e+00
      1.161      0.015     7.0699     84.758     35.856  34.986088     3.5130     10.260    93.8471 2.2207e+02     9.1391      1.139      1.652    24.1257 0.0000e+00
      1.165      0.017     7.0790     85.296     35.919  34.973421     3.5219     10.296    93.7664 2.1990e+02     9.0112      1.142      1.656    24.0420 0.0000e+00
      1.169      0.017     7.0909     85.878     36.028  34.993679     3.4835     10.341    93.7398 2.1758e+02     8.9227      1.145      1.660    23.9455 0.0000e+00
      1.174      0.016     7.1130     86.402     36.106  34.977113     3.4817     10.389    93.6983 2.1611e+02     8.9558      1.150      1.668    23.8655 0.0000e+00
      1.179      0.013     7.1571     86.892     36.116  34.899877     3.5169     10.435    93.7803 2.1449e+02     9.0358      1.157      1.678    23.7904 0.0000e+00
      1.184      0.011     7.2199     87.363     36.111  34.821059     3.5428     10.480    94.0427 2.1265e+02     9.0363      1.162      1.686    23.6835 0.0000e+00
      1.186      0.010     7.2916     87.799     36.132  34.785376     3.5287     10.528    94.2037 2.1121e+02     8.9613      1.163      1.688    23.5629 0.0000e+00
      1.185      0.010     7.3513     88.219     36.108  34.722143     3.4960     10.580    94.2643 2.1074e+02     8.9488      1.162      1.686    23.4279 0.0000e+00
      1.185      0.014     7.4095     88.625     36.050  34.627478     3.4975     10.633    94.3456 2.1110e+02     9.1252      1.161      1.684    23.3034 0.0000e+00
      1.186      0.020     7.4672     89.087     36.059  34.592413     3.5377     10.682    94.2396 2.1085e+02     9.4211      1.161      1.684    23.1999 0.0000e+00
      1.193      0.025     7.5119     89.621     36.061  34.551908     3.5830     10.722    93.2413 2.0742e+02     9.5536      1.167      1.693    23.1203 0.0000e+00
      1.203      0.029     7.5579     90.097     35.996  34.454898     3.5865     10.756    90.6206 2.0152e+02     9.4631      1.180      1.710    23.0754 0.0000e+00
      1.215      0.031     7.5955     90.507     35.941  34.371094     3.5892     10.784    86.9886 1.9650e+02     9.2834      1.192      1.728    23.0263 0.0000e+00
      1.225      0.031     7.6424     91.032     35.898  34.299949     3.6401     10.809    83.4843 1.9388e+02     9.0894      1.203      1.745    22.9570 0.0000e+00
      1.232      0.029     7.7048     91.739     35.866  34.229097     3.6699     10.834    80.2570 1.9307e+02     8.9954      1.209      1.753    22.8984 0.0000e+00
      1.236      0.025     7.7539     92.445     35.838  34.148820     3.6663     10.856    77.0486 1.9114e+02     8.9326      1.212      1.758    22.8512 0.0000e+00
      1.241      0.021     7.7862     92.958     35.769  34.027125     3.6550     10.875    74.0321 1.8796e+02     8.8093      1.217      1.765    22.8073 0.0000e+00
      1.247      0.019     7.8330     93.312     35.694  33.899608     3.6491     10.892    71.7468 1.8546e+02     8.8021      1.222      1.774    22.7753 0.0000e+00
      1.252      0.019     7.9103     93.715     35.661  33.812377     3.6624     10.908    70.3255 1.8308e+02     8.9141      1.228      1.782    22.7208 0.0000e+00
      1.256      0.020     7.9916     94.308     35.635  33.733667     3.6485     10.923    69.4949 1.8132e+02     8.8995      1.232      1.787    22.6382 0.0000e+00
      1.260      0.020     8.0471     95.090     35.594  33.645723     3.6479     10.938    69.0169 1.8026e+02     8.8990      1.236      1.792    22.5576 0.0000e+00
      1.266      0.020     8.0794     95.952     35.564  33.573748     3.7130     10.953    68.6756 1.7857e+02     9.1466      1.242      1.800    22.4826 0.0000e+00
      1.273      0.021     8.1241     96.822     35.523  33.497788     3.7865     10.967    68.3798 1.7627e+02     9.4337      1.249      1.810    22.4009 0.0000e+00
      1.278      0.021     8.1863     97.726     35.480  33.425115     3.8299     10.980    68.1075 1.7365e+02     9.6033      1.254      1.818    22.3236 0.0000e+00
      1.283      0.021     8.2707     98.698     35.483  33.392880     3.8219     10.992    67.8787 1.7120e+02     9.5921      1.259      1.825    22.2570 0.0000e+00
      1.288      0.020     8.3585     99.645     35.498  33.361763     3.7728     11.003    67.7651 1.6959e+02     9.5029      1.264      1.833    22.1904 0.0000e+00
      1.293      0.018     8.4404    100.370     35.491  33.302582     3.7272     11.013    67.6796 1.6837e+02     9.5500      1.268      1.840    22.1417 0.0000e+00
      1.298      0.015     8.5249    100.839     35.490  33.248230     3.7274     11.023    67.5329 1.6724e+02     9.6832      1.274      1.847    22.0989 0.0000e+00
      1.303      0.013     8.6173    101.079     35.507  33.212060     3.7670     11.033    67.4546 1.6642e+02     9.8156      1.278      1.854    22.0553 0.0000e+00
      1.306      0.011     8.7233    101.177     35.529  33.182381     3.7654     11.043    67.5074 1.6580e+02     9.6472      1.280      1.858    21.9907 0.0000e+00
      1.307      0.009     8.7973    101.308     35.536  33.143081     3.7244     11.051    67.5693 1.6512e+02     9.1851      1.281      1.859    21.9081 0.0000e+00
      1.308      0.009     8.8505    101.700     35.548  33.117474     3.7293     11.058    67.5999 1.6460e+02     9.0106      1.282      1.860    21.8359 0.0000e+00
      1.310      0.008     8.8844    102.896     35.584  33.126474     3.7752     11.065    67.5337 1.6399e+02     9.1427      1.285      1.864    21.7606 0.0000e+00
      1.312      0.004     8.8939    105.341     35.601  33.124987     3.8126     11.072    67.2852 1.6269e+02     9.1765      1.287      1.866    21.6930 0.0000e+00
      1.315     -0.001     8.9195    108.797     35.589  33.099482     3.8153     11.079    66.8327 1.6104e+02     8.9755      1.289      1.870    21.6227 0.0000e+00
      1.318     -0.007     8.9406    112.536     35.576  33.071841     3.7830     11.085    66.2786 1.6069e+02     8.7271      1.294      1.878    21.5670 0.0000e+00
      1.317     -0.012     9.0297    115.855     35.566  33.044522     3.7795     11.091    65.9191 1.6280e+02     8.7352      1.295      1.878    21.5411 0.0000e+00
      1.309     -0.013     9.2627    118.374     35.561  33.022915     3.7985     11.098    65.8420 1.6608e+02     8.9711      1.285      1.864    21.5145 0.0000e+00
      1.299     -0.010     9.5943    119.901     35.555  33.000885     3.7878     11.108    65.9493 1.6923e+02     9.1542      1.272      1.845    21.4991 0.0000e+00
      1.292     -0.003     9.9564    120.537     35.531  32.968464     3.7592     11.116    66.0973 1.7050e+02     9.1043      1.263      1.832    21.4798 0.0000e+00
      1.292      0.005    10.2596    120.621     35.512  32.948107     3.7266     11.123    66.2546 1.6863e+02     8.9490      1.263      1.832    21.4491 0.0000e+00
      1.299      0.014    10.4988    120.688     35.510  32.945061     3.7598     11.130    66.3882 1.6551e+02     9.1209      1.273      1.846    21.4255 0.0000e+00
      1.309      0.022    10.6330    121.425     35.500  32.931633     3.8606     11.137    66.4221 1.6299e+02     9.5427      1.285      1.864    21.4000 0.0000e+00
      1.317      0.027    10.6811    123.095     35.492  32.912630     3.9140     11.144    66.4922 1.6110e+02     9.7447      1.294      1.877    21.3855 0.0000e+00
      1.322      0.029    10.6760    125.021     35.507  32.905607     3.8974     11.150    66.5479 1.5944e+02     9.7188      1.297      1.881    21.3838 0.0000e+00
      1.326      0.027    10.6526    126.232     35.538  32.910129     3.8601     11.156    66.4929 1.5747e+02     9.5368      1.299      1.884    21.3840 0.0000e+00
      1.335      0.024    10.7074    126.745     35.551  32.903824     3.8544     11.162    66.4303 1.5467e+02     9.3210      1.308      1.897    21.3823 0.0000e+00
      1.345      0.022    10.8779    127.095     35.553  32.892789     3.8868     11.167    66.3933 1.5230e+02     9.1591      1.321      1.916    21.3675 0.0000e+00
      1.351      0.022    11.1101    127.679     35.576  32.903575     3.8933     11.171    66.3897 1.5104e+02     8.9804      1.327      1.925    21.3327 0.0000e+00
      1.354      0.021    11.2106    128.869     35.596  32.907339     3.8496     11.175    66.3857 1.4983e+02     8.9017      1.327      1.925    21.2937 0.0000e+00
      1.356      0.019    11.2397    131.005     35.582  32.874841     3.7745     11.180    66.3460 1.4825e+02     8.9928      1.330      1.928    21.2690 0.0000e+00
      1.361      0.019    11.2686    134.270     35.559  32.827825     3.7172     11.184    66.3392 1.4641e+02     9.1257      1.334      1.935    21.2518 0.0000e+00
      1.366      0.020    11.3064    138.409     35.546  32.782916     3.7146     11.188    66.4754 1.4496e+02     9.1081      1.340      1.943    21.2407 0.0000e+00
      1.371      0.021    11.4109    142.906     35.508  32.712448     3.6937     11.192    66.7019 1.4347e+02     8.9515      1.345      1.950    21.2215 0.0000e+00
      1.378      0.020    11.5909    147.107     35.436  32.610154     3.5979     11.195    66.8410 1.4098e+02     8.8378      1.350      1.959    21.1931 0.0000e+00
      1.386      0.018    11.9062    150.655     35.353  32.497634     3.4710     11.198    66.9534 1.3847e+02     8.7913      1.360      1.973    21.1592 0.0000e+00
      1.391      0.016    12.2958    153.579     35.250  32.366964     3.4002     11.201    67.1139 1.3743e+02     8.7652      1.366      1.981    21.1106 0.0000e+00
      1.393      0.015    12.7357    155.832     35.140  32.235529     3.3989     11.204    67.2330 1.3797e+02     8.6932      1.367      1.983    21.0575 0.0000e+00
      1.393      0.015    13.1376    157.341     35.099  32.177189     3.3807     11.207    67.2746 1.3843e+02     8.5021      1.366      1.981    21.0068 0.0000e+00
      1.394      0.015    13.4532    158.046     35.172  32.232503     3.3466     11.211    67.3593 1.3730e+02     8.3672      1.365      1.980    20.9602 0.0000e+00
      1.399      0.015    13.7403    158.148     35.287  32.333364     3.3529     11.213    67.4818 1.3493e+02     8.4283      1.371      1.988    20.9014 0.0000e+00
      1.408      0.016    13.9497    157.973     35.346  32.381665     3.3656     11.214    67.4659 1.3273e+02     8.4892      1.381      2.003    20.8549 0.0000e+00
      1.415      0.016    14.1006    157.748     35.347  32.372432     3.3338     11.215    67.4259 1.3190e+02     8.3525      1.388      2.015    20.8302 0.0000e+00
      1.417      0.016    14.1610    157.783     35.333  32.348595     3.2759     11.216    67.5138 1.3210e+02     8.1079      1.390      2.015    20.8091 0.0000e+00
      1.417      0.015    14.1531    158.013     35.341  32.347190     3.2652     11.218    67.5827 1.3173e+02     8.0589      1.389      2.014    20.8109 0.0000e+00
      1.420      0.014    14.1414    157.997     35.353  32.355435     3.2959     11.220    67.5711 1.3045e+02     8.1701      1.392      2.019    20.8070 0.0000e+00
      1.425      0.016    14.1075    157.768     35.316  32.321398     3.2893     11.221    67.4594 1.2920e+02     8.1204      1.396      2.026    20.7861 0.0000e+00
      1.430      0.021    14.1151    157.667     35.245  32.252850     3.2434     11.222    67.2641 1.2817e+02     7.8677      1.402      2.034    20.7711 0.0000e+00
      1.434      0.029    14.1670    157.620     35.159  32.161006     3.2071     11.225    67.3607 1.2707e+02     7.6082      1.406      2.039    20.7568 0.0000e+00
      1.438      0.036    14.1631    157.353     35.046  32.035604     3.2171     11.227    67.7672 1.2527e+02     7.5790      1.409      2.042    20.7517 0.0000e+00
      1.448      0.039    14.1179    156.613     34.907  31.878484     3.2477     11.227    68.0487 1.2159e+02     7.7199      1.416      2.053    20.7579 0.0000e+00
