Data/DataNotYetUploadedToEDI/Raw_CTD/RawDownloads/062325_bvr50_S8188005.cnv
* Sea-Bird SBE19plus  Data File:
* FileName = C:\R\Reservoirs\Data\DataNotYetUploadedToEDI\Raw_CTD\RawDownloads\060925_bvr50_S8188_0005.hex
* Software version 2.8.0.119
* Temperature SN = 8188
* Conductivity SN = 8188
* System UpLoad Time = Jun 25 2025 16:14:25
* <ApplicationData>
* <Seaterm232>
# nquan = 16
# nvalues = 1661                        
# units = specified
# name 0 = depFM: Depth [fresh water, m]
# name 1 = dz/dtM: Descent Rate [m/s]
# name 2 = sbeox0Mg/L: Oxygen, SBE 43 [mg/l]
# name 3 = sbeox0PS: Oxygen, SBE 43 [% saturation]
# name 4 = specc: Specific Conductance [uS/cm]
# name 5 = c0uS/cm: Conductivity [uS/cm]
# name 6 = wetCDOM: Fluorescence, WET Labs CDOM [mg/m^3]
# name 7 = flECO-AFL: Fluorescence, WET Labs ECO-AFL/FL [mg/m^3]
# name 8 = flECO-AFL1: Fluorescence, WET Labs ECO-AFL/FL, 2 [mg/m^3]
# name 9 = flECO-AFL2: Fluorescence, WET Labs ECO-AFL/FL, 3 [mg/m^3]
# name 10 = par/sat/log: PAR/Logarithmic, Satlantic
# name 11 = turbWETntu0: Turbidity, WET Labs ECO [NTU]
# name 12 = prdM: Pressure, Strain Gauge [db]
# name 13 = prdE: Pressure, Strain Gauge [psi]
# name 14 = tv290C: Temperature [ITS-90, deg C]
# name 15 = flag:  0.000e+00
# span 0 =     -0.628,      6.471       
# span 1 =     -0.243,      0.181       
# span 2 =    -0.1257,     9.5210       
# span 3 =     -1.298,    116.287       
# span 4 =   -653.505,    195.986       
# span 5 =-489.458892, 143.149188       
# span 6 =    -4.9500,    43.6500       
# span 7 =    -0.3418,    15.0546       
# span 8 =    -5.7084,     4.8564       
# span 9 =   -10.4058,    11.1249       
# span 10 = 1.1577e-01, 1.7704e+03      
# span 11 =    -1.1706,    36.7314      
# span 12 =     -0.616,      6.346      
# span 13 =     -0.893,      9.203      
# span 14 =    11.5067,    28.4420      
# span 15 = 0.0000e+00, 0.0000e+00      
# interval = seconds: 0.25
# start_time = Jun 23 2025 09:17:34 [Instrument's time stamp, header]
# bad_flag = -9.990e-29
*END*
[from data line 1628]
      0.064     -0.120     6.5803     83.264     30.823  31.098231    21.0600     3.5264     0.1278     2.6649 1.0822e+03     7.0473      0.063      0.092    24.4924 0.0000e+00
      0.030     -0.109     6.6025     85.249     30.569  30.997781    21.0600     3.4959     0.1278     2.6649 1.0330e+03     6.9869      0.030      0.043    24.6714 0.0000e+00
      0.003     -0.093     6.6481     87.464     30.372  30.915051    20.7000     3.5149     0.1278     2.4534 1.0436e+03     6.9869      0.003      0.004    24.9014 0.0000e+00
     -0.017     -0.076     6.7187     89.714     30.174  30.794128    20.7000     3.3204     0.1278     2.4534 1.1733e+03     6.9718     -0.017     -0.024    25.1757 0.0000e+00
     -0.031     -0.062     6.8181     91.773     29.976  30.656539    20.7000     3.3433     0.1278     2.4534 1.0505e+03     7.0473     -0.030     -0.044    25.4614 0.0000e+00
     -0.041     -0.052     6.9488     93.459     29.792  30.529325    20.7000     3.3089     0.1278     2.4534 8.7121e+02     7.0473     -0.040     -0.058    25.7124 0.0000e+00
     -0.050     -0.047     7.1054     94.682     29.584  30.382547    20.7000     3.3394     0.1278     2.4534 6.7299e+02     7.0473     -0.049     -0.071    25.9000 0.0000e+00
     -0.060     -0.049     7.2713     95.441     29.332  30.200964    20.5200     3.2937     0.1278     2.1150 1.1273e+03     7.0775     -0.058     -0.085    26.0318 0.0000e+00
     -0.071     -0.056     7.4246     95.829     29.101  30.051665    20.5200     3.2479     0.1278     2.1150 1.6881e+03     7.0171     -0.070     -0.101    26.1368 0.0000e+00
     -0.085     -0.068     7.5474     96.024     28.937  29.968530    20.5200     3.2822     0.1278     2.1150 1.1720e+03     7.0322     -0.083     -0.121    26.2392 0.0000e+00
     -0.102     -0.085     7.6311     96.200     28.812  29.907490    20.5200     3.2784     0.1278     2.1150 1.0252e+03     7.0171     -0.100     -0.145    26.3514 0.0000e+00
     -0.123     -0.106     7.6745     96.437     28.680  29.822398    20.5200     2.9732     0.1704     2.4957 8.9656e+02     7.0020     -0.121     -0.175    26.4831 0.0000e+00
     -0.151     -0.128     7.6850     96.707     28.530  29.716452    20.5200     2.9580     0.1704     2.4957 1.0339e+03     7.0473     -0.148     -0.215    26.6342 0.0000e+00
     -0.187     -0.150     7.6804     96.900     28.391  29.629110    20.5200     2.9694     0.1704     2.4957 1.2340e+03     6.8358     -0.183     -0.265    26.7814 0.0000e+00
     -0.231     -0.168     7.6784     96.854     28.285  29.574923    20.5200     2.9503     0.1704     2.4957 1.2477e+03     7.0322     -0.226     -0.328    26.8988 0.0000e+00
     -0.281     -0.179     7.6849     96.391     28.215  29.543431    20.4300     2.0424     0.1704     2.3265 1.0337e+03     6.9869     -0.275     -0.399    26.9886 0.0000e+00
     -0.334     -0.181     7.6944     95.372     28.182  29.526237    20.4300     2.0424     0.1704     2.3265 7.2491e+02     7.1682     -0.327     -0.475    27.0756 0.0000e+00
     -0.385     -0.175     7.6959     93.773     28.177  29.514776    20.4300     2.0577     0.1704     2.3265 5.3605e+02     7.0775     -0.377     -0.547    27.1763 0.0000e+00
     -0.431     -0.160     7.6784     91.754     28.192  29.505989    20.4300     2.0157     0.1704     2.3265 5.0892e+02     6.9869     -0.423     -0.613    27.2764 0.0000e+00
     -0.470     -0.140     7.6318     89.627     28.238  29.509482     3.1500     3.0076     4.8564     4.2723 6.1790e+02    36.6559     -0.461     -0.669    27.3484 0.0000e+00
     -0.502     -0.118     7.5468     87.733     28.313  29.522200     3.1500     3.0152     4.8564     4.2723 5.8549e+02    36.6408     -0.492     -0.714    27.3787 0.0000e+00
     -0.527     -0.097     7.4212     86.294     28.387  29.519651     3.1500     3.0152     4.8564     4.2723 7.3666e+02    36.7314     -0.517     -0.750    27.3691 0.0000e+00
     -0.547     -0.079     7.2669     85.358     28.430  29.481234     3.1500     3.0037     4.8564     4.2723 9.0537e+02    36.6710     -0.536     -0.777    27.3247 0.0000e+00
     -0.562     -0.064     7.1083     84.885     28.413  29.384753     3.1500     0.4402     4.8564     4.2723 1.0212e+03     3.6332     -0.550     -0.798    27.2457 0.0000e+00
     -0.573     -0.052     6.9723     84.833     28.296  29.196507     0.0000     0.4402    -5.7084   -10.4058 1.0139e+03     3.6786     -0.562     -0.815    27.1311 0.0000e+00
     -0.582     -0.044     6.8755     85.148     28.033  28.870278     0.0000     0.4746    -5.7084   -10.4058 1.0128e+03     3.7239     -0.571     -0.827    26.9901 0.0000e+00
     -0.589     -0.038     6.8194     85.704     27.546  28.327033     0.0000     0.4440    -5.7084   -10.4058 1.1644e+03     3.6181     -0.577     -0.837    26.8412 0.0000e+00
     -0.594     -0.035     6.7991     86.269     26.698  27.429873     0.0000     0.2915    -5.7084   -10.4058 1.1222e+03    -0.3851     -0.582     -0.844    26.7013 0.0000e+00
     -0.598     -0.034     6.8102     86.516     26.162  26.871240     0.0000     0.2838     0.0852    -0.8037 1.0484e+03    -0.2944     -0.586     -0.850    26.5792 0.0000e+00
     -0.601 -9.990e-29     6.8481 -9.990e-29 -9.990e-29 -9.990e-29     0.0000 -9.990e-29     0.0852    -0.8037 9.9081e+02 -9.990e-29     -0.589     -0.854    26.4785 0.0000e+00
     -0.603 -9.990e-29     6.9027 -9.990e-29 -9.990e-29 -9.990e-29     0.0000 -9.990e-29     0.0852    -0.8037 9.9383e+02 -9.990e-29     -0.591     -0.856    26.4011 0.0000e+00
     -0.604 -9.990e-29     6.9546 -9.990e-29 -9.990e-29 -9.990e-29     0.0000 -9.990e-29     0.0852    -0.8037 9.5571e+02 -9.990e-29     -0.592     -0.858    26.3500 0.0000e+00
     -0.604 -9.990e-29     6.9769 -9.990e-29 -9.990e-29 -9.990e-29     0.0000 -9.990e-29     0.1278    -0.5922 9.4313e+02 -9.990e-29     -0.592     -0.858    26.3315 0.0000e+00
