Data/DataNotYetUploadedToEDI/Raw_CTD/RawDownloads/062325_bvr50_S8188005.cnv
* Sea-Bird SBE19plus  Data File:
* FileName = C:\R\Reservoirs\Data\DataNotYetUploadedToEDI\Raw_CTD\RawDownloads\060925_bvr50_S8188_0005.hex
* Software version 2.8.0.119
* Temperature SN = 8188
* Conductivity SN = 8188
* System UpLoad Time = Jun 25 2025 16:14:25
* <ApplicationData>
* <Seaterm232>
# nquan = 16
# nvalues = 1661                        
# units = specified
# name 0 = depFM: Depth [fresh water, m]
# name 1 = dz/dtM: Descent Rate [m/s]
# name 2 = sbeox0Mg/L: Oxygen, SBE 43 [mg/l]
# name 3 = sbeox0PS: Oxygen, SBE 43 [% saturation]
# name 4 = specc: Specific Conductance [uS/cm]
# name 5 = c0uS/cm: Conductivity [uS/cm]
# name 6 = wetCDOM: Fluorescence, WET Labs CDOM [mg/m^3]
# name 7 = flECO-AFL: Fluorescence, WET Labs ECO-AFL/FL [mg/m^3]
# name 8 = flECO-AFL1: Fluorescence, WET Labs ECO-AFL/FL, 2 [mg/m^3]
# name 9 = flECO-AFL2: Fluorescence, WET Labs ECO-AFL/FL, 3 [mg/m^3]
# name 10 = par/sat/log: PAR/Logarithmic, Satlantic
# name 11 = turbWETntu0: Turbidity, WET Labs ECO [NTU]
# name 12 = prdM: Pressure, Strain Gauge [db]
# name 13 = prdE: Pressure, Strain Gauge [psi]
# name 14 = tv290C: Temperature [ITS-90, deg C]
# name 15 = flag:  0.000e+00
# span 0 =     -0.628,      6.471       
# span 1 =     -0.243,      0.181       
# span 2 =    -0.1257,     9.5210       
# span 3 =     -1.298,    116.287       
# span 4 =   -653.505,    195.986       
# span 5 =-489.458892, 143.149188       
# span 6 =    -4.9500,    43.6500       
# span 7 =    -0.3418,    15.0546       
# span 8 =    -5.7084,     4.8564       
# span 9 =   -10.4058,    11.1249       
# span 10 = 1.1577e-01, 1.7704e+03      
# span 11 =    -1.1706,    36.7314      
# span 12 =     -0.616,      6.346      
# span 13 =     -0.893,      9.203      
# span 14 =    11.5067,    28.4420      
# span 15 = 0.0000e+00, 0.0000e+00      
# interval = seconds: 0.25
# start_time = Jun 23 2025 09:17:34 [Instrument's time stamp, header]
# bad_flag = -9.990e-29
*END*
[from data line 724]
      2.132      0.022     0.0049      0.624     34.444  28.830764    22.7700     3.6027     0.1704     6.0489 1.2884e+01     6.7452      2.091      3.033    16.8735 0.0000e+00
      2.138      0.023     0.0218      0.715     34.605  28.962467    22.7700     3.5607     0.1704     6.0489 1.2806e+01     6.6999      2.097      3.041    16.8713 0.0000e+00
      2.144      0.024     0.0367      0.785     34.754  29.082718    22.7700     3.4577     0.1704     6.0489 1.2643e+01     6.8207      2.102      3.050    16.8644 0.0000e+00
      2.150      0.025     0.0496      0.835     34.909  29.205661    22.7700     3.4615     0.1704     6.0489 1.2596e+01     6.8056      2.108      3.058    16.8557 0.0000e+00
      2.156      0.025     0.0605      0.864     35.085  29.344166    22.7700     3.4806     0.1704     6.2181 1.2431e+01     6.6545      2.115      3.067    16.8486 0.0000e+00
      2.163      0.026     0.0692      0.876     35.297  29.509277    22.7700     3.4692     0.1704     6.2181 1.2238e+01     6.7603      2.121      3.076    16.8433 0.0000e+00
      2.170      0.027     0.0761      0.876     35.570  29.721125    22.7700     4.0070     0.1704     6.2181 1.2211e+01     5.9899      2.128      3.086    16.8372 0.0000e+00
      2.177      0.028     0.0809      0.868     35.875  29.954551    22.7700     3.9994     0.1704     6.2181 1.1904e+01     6.0654      2.135      3.096    16.8280 0.0000e+00
      2.184      0.028     0.0838      0.856     36.159  30.166248    22.7700     4.0299     0.1704     6.2181 1.1840e+01     6.0352      2.142      3.107    16.8150 0.0000e+00
      2.192      0.028     0.0850      0.841     36.442  30.376820    23.1300     4.0147     0.1704     7.4448 1.1654e+01     6.0805      2.149      3.117    16.7977 0.0000e+00
      2.199      0.028     0.0850      0.826     36.730  30.592628    23.1300     3.9384     0.1704     7.4448 1.1458e+01     5.8086      2.156      3.128    16.7750 0.0000e+00
      2.206      0.028     0.0844      0.811     36.954  30.755706    23.1300     3.9498     0.1704     7.4448 1.1334e+01     5.8690      2.164      3.138    16.7454 0.0000e+00
      2.214      0.028     0.0832      0.797     37.115  30.867715    23.1300     3.9574     0.1704     7.4448 1.1192e+01     5.8237      2.171      3.148    16.7110 0.0000e+00
      2.221      0.027     0.0819      0.786     37.288  30.992383    23.7600     3.9422     0.1704     9.9828 1.0909e+01     5.7481      2.178      3.158    16.6762 0.0000e+00
      2.228      0.026     0.0804      0.777     37.536  31.182870    23.7600     3.4730     0.1704     9.9828 1.0772e+01     5.9445      2.185      3.168    16.6427 0.0000e+00
      2.234      0.025     0.0790      0.771     37.890  31.464080    23.7600     3.4653     0.1704     9.9828 1.0730e+01     5.8388      2.191      3.178    16.6103 0.0000e+00
      2.240      0.024     0.0777      0.768     38.274  31.769591    23.7600     3.4692     0.1704     9.9828 1.0781e+01     5.7481      2.197      3.186    16.5804 0.0000e+00
      2.246      0.024     0.0767      0.765     38.551  31.985684    23.9400     3.4386     0.1704     9.8136 1.0772e+01     5.7784      2.203      3.194    16.5549 0.0000e+00
      2.252      0.023     0.0758      0.761     38.697  32.092304    23.9400     3.3967     0.1704     9.8136 1.0598e+01     6.0956      2.208      3.203    16.5344 0.0000e+00
      2.258      0.023     0.0753      0.756     38.778  32.145767    23.9400     3.3738     0.1704     9.8136 1.0341e+01     6.0201      2.214      3.212    16.5171 0.0000e+00
      2.264      0.022     0.0750      0.751     38.846  32.190208    23.9400     3.3776     0.1704     9.8136 1.0198e+01     6.0654      2.220      3.221    16.4999 0.0000e+00
      2.270      0.021     0.0747      0.748     38.937  32.257394    23.9400     3.3852     0.1278     9.4329 1.0066e+01     6.0352      2.226      3.229    16.4812 0.0000e+00
      2.276      0.021     0.0744      0.743     39.100  32.385158    23.9400     3.4501     0.1278     9.4329 1.0009e+01     6.1107      2.232      3.237    16.4621 0.0000e+00
      2.281      0.020     0.0739      0.734     39.327  32.563752    23.9400     3.4463     0.1278     9.4329 9.9247e+00     6.0050      2.236      3.244    16.4445 0.0000e+00
      2.285      0.019     0.0735      0.726     39.529  32.721293    23.9400     3.4577     0.1278     9.4329 9.8603e+00     6.1409      2.241      3.250    16.4301 0.0000e+00
      2.290      0.019     0.0732      0.725     39.665  32.824100    23.9400     3.4196     0.1278     9.4329 9.8881e+00     6.1409      2.245      3.256    16.4192 0.0000e+00
      2.294      0.019     0.0727      0.730     39.757  32.891623    23.6700     3.4539     0.1704     9.6021 9.7495e+00     6.1107      2.250      3.263    16.4096 0.0000e+00
      2.299      0.019     0.0718      0.734     39.838  32.949833    23.6700     3.4806     0.1704     9.6021 9.5794e+00     6.0503      2.255      3.270    16.3981 0.0000e+00
      2.304      0.020     0.0710      0.737     39.948  33.030188    23.6700     3.4806     0.1704     9.6021 9.4717e+00     6.0805      2.259      3.277    16.3849 0.0000e+00
      2.309      0.021     0.0710      0.740     40.100  33.142164    23.6700     3.4386     0.1704     9.6021 9.5295e+00     6.0503      2.264      3.284    16.3724 0.0000e+00
      2.314      0.022     0.0715      0.744     40.266  33.265826    24.2100     3.5302     0.1278     9.5175 9.4327e+00     6.0654      2.270      3.292    16.3615 0.0000e+00
      2.320      0.022     0.0719      0.741     40.414  33.374391    24.2100     3.5302     0.1278     9.5175 9.3450e+00     6.1107      2.275      3.300    16.3505 0.0000e+00
      2.326      0.023     0.0722      0.730     40.535  33.462948    24.2100     3.5378     0.1278     9.5175 9.1999e+00     6.0956      2.281      3.308    16.3372 0.0000e+00
      2.332      0.023     0.0726      0.714     40.649  33.547145    24.2100     3.5340     0.1278     9.5175 9.0946e+00     6.1107      2.287      3.316    16.3209 0.0000e+00
      2.337      0.024     0.0730      0.700     40.774  33.641466    24.6600     3.0953     0.1704    10.6173 9.0512e+00     6.2769      2.292      3.325    16.3034 0.0000e+00
      2.343      0.024     0.0727      0.690     40.926  33.757119    24.6600     3.1182     0.1704    10.6173 9.0315e+00     6.2013      2.298      3.333    16.2869 0.0000e+00
      2.349      0.025     0.0716      0.682     41.085  33.877139    24.6600     3.0839     0.1704    10.6173 8.9690e+00     6.2013      2.304      3.342    16.2726 0.0000e+00
      2.356      0.025     0.0701      0.677     41.266  34.013611    24.6600     3.0686     0.1704    10.6173 8.9204e+00     6.2618      2.310      3.351    16.2605 0.0000e+00
      2.362      0.026     0.0687      0.673     41.547  34.228823    25.0200     2.8893     0.1704    11.1249 8.7647e+00     5.8539      2.317      3.360    16.2497 0.0000e+00
      2.369      0.028     0.0678      0.673     41.972  34.558253    25.0200     2.9236     0.1704    11.1249 8.6493e+00     5.8539      2.323      3.370    16.2385 0.0000e+00
      2.376      0.029     0.0670      0.679     42.505  34.970229    25.0200     2.8893     0.1704    11.1249 8.5894e+00     5.7481      2.330      3.380    16.2254 0.0000e+00
      2.384      0.031     0.0665      0.687     43.012  35.353493    25.0200     2.9046     0.1704    11.1249 8.4505e+00     5.8086      2.338      3.390    16.2095 0.0000e+00
      2.392      0.032     0.0662      0.697     43.394  35.628971    25.0200     2.8359     0.1704    11.1249 8.3556e+00     5.6424      2.345      3.402    16.1903 0.0000e+00
      2.400      0.033     0.0662      0.707     43.666  35.816334    25.2000     2.8473     0.1704    10.9557 8.0490e+00     5.5518      2.354      3.414    16.1662 0.0000e+00
      2.409      0.034     0.0668      0.714     43.849  35.935660    25.2000     2.8283     0.1704    10.9557 7.7218e+00     5.5971      2.363      3.426    16.1347 0.0000e+00
      2.418      0.034     0.0677      0.719     43.938  35.984901    25.2000     2.8435     0.1704    10.9557 7.6733e+00     5.6122      2.371      3.439    16.0951 0.0000e+00
      2.427      0.033     0.0687      0.723     43.933  35.965234    25.2000     2.5879     0.1704    10.9557 7.6268e+00     5.6122      2.380      3.451    16.0511 0.0000e+00
      2.435      0.033     0.0698      0.725     43.808  35.855478    26.5500     2.5879     0.1704    10.8711 7.5149e+00     5.5820      2.388      3.463    16.0091 0.0000e+00
      2.443      0.032     0.0705      0.723     43.562  35.656245    26.5500     2.5727     0.1704    10.8711 7.3374e+00     5.5216      2.396      3.475    15.9739 0.0000e+00
      2.452      0.031     0.0711      0.715     43.241  35.406047    26.5500     2.5994     0.1704    10.8711 7.2565e+00     5.5971      2.404      3.487    15.9472 0.0000e+00
      2.460      0.030     0.0715      0.705     42.925  35.169642    26.5500     2.4697     0.1704    10.8711 7.1719e+00     5.3856      2.412      3.498    15.9292 0.0000e+00
      2.467      0.030     0.0717      0.694     42.732  35.037382    26.9100     2.4544     0.1278     9.7290 7.0667e+00     5.3705      2.420      3.509    15.9208 0.0000e+00
      2.475      0.029     0.0715      0.680     42.702  35.035751    26.9100     2.4697     0.1278     9.7290 6.9449e+00     5.3705      2.427      3.520    15.9234 0.0000e+00
      2.482      0.028     0.0708      0.666     42.815  35.142404    26.9100     2.4888     0.1278     9.7290 6.9767e+00     5.3101      2.434      3.530    15.9378 0.0000e+00
      2.489      0.028     0.0697      0.655     43.084  35.365863    26.9100     2.5307     0.1278     9.7290 7.0116e+00     5.0684      2.441      3.540    15.9634 0.0000e+00
      2.496      0.029     0.0685      0.650     43.471  35.672090    26.9100     2.5155     0.1278     9.7290 7.0284e+00     5.1137      2.448      3.550    15.9938 0.0000e+00
      2.503      0.030     0.0671      0.653     43.852  35.959471    27.0000     2.5422     0.1278    10.5327 6.9645e+00     5.0986      2.454      3.560    16.0203 0.0000e+00
      2.510      0.031     0.0657      0.667     44.144  36.165190    27.0000     2.5155     0.1278    10.5327 7.0208e+00     5.1137      2.462      3.570    16.0369 0.0000e+00
      2.519      0.032     0.0646      0.690     44.361  36.308245    27.0000     2.5918     0.1278    10.5327 6.6959e+00     5.1137      2.470      3.582    16.0401 0.0000e+00
      2.528      0.033     0.0641      0.715     44.539  36.424789    27.0000     2.6299     0.1278    10.5327 6.4056e+00     5.1590      2.479      3.595    16.0272 0.0000e+00
      2.537      0.033     0.0645      0.734     44.679  36.516015    27.9000     2.5803     0.1704     9.7290 6.3667e+00     5.2043      2.488      3.608    15.9983 0.0000e+00
      2.545      0.033     0.0658      0.746     44.783  36.584337    27.9000     2.6108     0.1704     9.7290 6.2611e+00     5.0533      2.496      3.620    15.9599 0.0000e+00
      2.554      0.032     0.0681      0.755     44.887  36.655942    27.9000     2.5345     0.1704     9.7290 6.1465e+00     5.3101      2.504      3.632    15.9212 0.0000e+00
      2.562      0.031     0.0707      0.757     45.024  36.757892    27.9000     2.5422     0.1704     9.7290 6.0275e+00     5.3554      2.512      3.644    15.8881 0.0000e+00
      2.570      0.030     0.0726      0.747     45.176  36.871552    30.6900     2.5383     0.1704     8.7138 5.9429e+00     5.4158      2.520      3.655    15.8622 0.0000e+00
      2.577      0.029     0.0739      0.727     45.286  36.951528    30.6900     2.5307     0.1704     8.7138 5.8621e+00     5.2798      2.527      3.665    15.8427 0.0000e+00
      2.584      0.028     0.0748      0.702     45.360  37.001216    30.6900     2.4086     0.1704     8.7138 5.7900e+00     5.0835      2.534      3.676    15.8281 0.0000e+00
      2.591      0.027     0.0749      0.676     45.416  37.037849    30.6900     2.4086     0.1704     8.7138 5.6275e+00     5.1137      2.541      3.686    15.8164 0.0000e+00
      2.598      0.026     0.0740      0.655     45.451  37.059243    30.6000     2.4239     0.1704     7.4025 5.5293e+00     5.1288      2.548      3.696    15.8056 0.0000e+00
      2.605      0.024     0.0721      0.642     45.515  37.104969    30.6000     2.3896     0.1704     7.4025 5.4743e+00     5.0986      2.554      3.705    15.7943 0.0000e+00
      2.611      0.023     0.0696      0.636     45.660  37.217107    30.6000     2.4163     0.1704     7.4025 5.4210e+00     5.0986      2.560      3.713    15.7829 0.0000e+00
      2.616      0.022     0.0670      0.636     45.860  37.369776    30.6000     2.4354     0.1704     7.4025 5.4010e+00     5.0381      2.566      3.721    15.7727 0.0000e+00
      2.621      0.022     0.0649      0.637     46.099  37.549896    30.6000     2.4163     0.1704     7.4025 5.4234e+00     5.0684      2.571      3.729    15.7645 0.0000e+00
      2.627      0.022     0.0637      0.635     46.399  37.773622    29.7000     2.4086     0.1704     6.9795 5.3322e+00     5.0079      2.576      3.736    15.7582 0.0000e+00
      2.632      0.022     0.0631      0.632     46.711  38.002991    29.7000     2.4125     0.1704     6.9795 5.2369e+00     4.9928      2.581      3.744    15.7512 0.0000e+00
      2.637      0.022     0.0631      0.625     46.982  38.195564    29.7000     2.4239     0.1704     6.9795 5.2689e+00     5.1741      2.587      3.752    15.7406 0.0000e+00
      2.643      0.022     0.0632      0.618     47.209  38.354876    29.7000     2.4239     0.1704     6.9795 5.1927e+00     5.0684      2.592      3.759    15.7245 0.0000e+00
      2.649      0.023     0.0631      0.613     47.390  38.481568    31.7700     2.4086     0.1704     7.6563 5.0756e+00     5.0986      2.598      3.768    15.7030 0.0000e+00
      2.655      0.023     0.0628      0.615     47.517  38.571568    31.7700     2.4735     0.1704     7.6563 4.9795e+00     5.4762      2.604      3.776    15.6764 0.0000e+00
      2.661      0.023     0.0622      0.622     47.607  38.636921    31.7700     2.4773     0.1704     7.6563 4.9096e+00     5.3252      2.610      3.785    15.6468 0.0000e+00
      2.667      0.023     0.0615      0.631     47.686  38.695054    31.7700     2.4773     0.1704     7.6563 4.8502e+00     5.3252      2.615      3.793    15.6195 0.0000e+00
      2.673      0.023     0.0611      0.641     47.768  38.753502    32.5800     2.4735     0.1704     7.7832 4.7937e+00     5.4158      2.621      3.802    15.5982 0.0000e+00
      2.679      0.023     0.0613      0.648     47.862  38.819879    32.5800     2.3629     0.1704     7.7832 4.7625e+00     5.6877      2.627      3.810    15.5839 0.0000e+00
      2.684      0.023     0.0620      0.650     47.983  38.905910    32.5800     2.3209     0.1704     7.7832 4.7398e+00     5.5367      2.633      3.819    15.5759 0.0000e+00
      2.690      0.023     0.0629      0.645     48.123  39.006640    32.5800     2.3667     0.1704     7.7832 4.6460e+00     5.6424      2.639      3.827    15.5694 0.0000e+00
      2.696      0.023     0.0638      0.636     48.260  39.103105    35.3700     2.3400     0.1704     6.0066 4.5491e+00     5.6424      2.644      3.835    15.5607 0.0000e+00
      2.703      0.023     0.0646      0.625     48.396  39.197118    35.3700     2.4048     0.1704     6.0066 4.4746e+00     5.6424      2.650      3.844    15.5501 0.0000e+00
      2.709      0.023     0.0648      0.615     48.555  39.307773    35.3700     2.4163     0.1704     6.0066 4.4041e+00     5.5669      2.656      3.853    15.5379 0.0000e+00
      2.714      0.022     0.0644      0.605     48.707  39.412770    35.3700     2.4201     0.1704     6.0066 4.3660e+00     5.7481      2.662      3.861    15.5246 0.0000e+00
