Data/DataNotYetUploadedToEDI/Raw_CTD/RawDownloads/062424_fcr40_S7809005.cnv
* Sea-Bird SBE19plus  Data File:
* FileName = C:\R\Reservoirs\Data\DataNotYetUploadedToEDI\Raw_CTD\RawDownloads\062424_fcr50_S7809_0005.hex
* Software version 2.8.0.119
* Temperature SN = 7809
* Conductivity SN = 7809
* System UpLoad Time = Jun 26 2024 15:04:20
* <ApplicationData>
* <Seaterm232>
# nquan = 15
# nvalues = 1870                        
# units = specified
# name 0 = depFM: Depth [fresh water, m]
# name 1 = dz/dtM: Descent Rate [m/s]
# name 2 = sbeox0Mg/L: Oxygen, SBE 43 [mg/l]
# name 3 = sbeox0PS: Oxygen, SBE 43 [% saturation]
# name 4 = specc: Specific Conductance [uS/cm]
# name 5 = c0uS/cm: Conductivity [uS/cm]
# name 6 = flECO-AFL: Fluorescence, WET Labs ECO-AFL/FL [mg/m^3]
# name 7 = ph: pH
# name 8 = orp: Oxidation Reduction Potential [mV]
# name 9 = par/sat/log: PAR/Logarithmic, Satlantic
# name 10 = turbWETntu0: Turbidity, WET Labs ECO [NTU]
# name 11 = prdM: Pressure, Strain Gauge [db]
# name 12 = prdE: Pressure, Strain Gauge [psi]
# name 13 = tv290C: Temperature [ITS-90, deg C]
# name 14 = flag:  0.000e+00
# span 0 =     -0.695,      6.067       
# span 1 =     -0.306,      0.185       
# span 2 =     0.2472,    16.2232       
# span 3 =      2.553,    198.119       
# span 4 =      1.524,     50.832       
# span 5 =   1.429197,  51.737113       
# span 6 =    -1.7706,    27.0468       
# span 7 =      8.258,     10.876       
# span 8 =  -208.1421,   242.7535       
# span 9 = 1.2356e-01, 2.6289e+03       
# span 10 =    -0.3319,   324.3922      
# span 11 =     -0.681,      5.952      
# span 12 =     -0.988,      8.632      
# span 13 =    11.5065,    28.1516      
# span 14 = 0.0000e+00, 0.0000e+00      
# interval = seconds: 0.25
# start_time = Jun 24 2024 13:10:15 [Instrument's time stamp, header]
# bad_flag = -9.990e-29
*END*
[from data line 868]
      2.955      0.033     1.6068     16.668     40.443  34.147250     2.4455      9.793   177.9847 4.4841e+00     7.5529      2.898      4.203    17.2867 0.0000e+00
      2.962      0.033     1.6062     16.630     40.480  34.135552     2.4448      9.793   178.1377 4.4876e+00     7.5607      2.904      4.213    17.2688 0.0000e+00
      2.970      0.033     1.6077     16.580     40.535  34.146587     2.4768      9.793   178.3174 4.4643e+00     7.6066      2.910      4.221    17.2616 0.0000e+00
      2.980      0.033     1.6054     16.505     40.570  34.153730     2.5321      9.793   178.6087 4.4210e+00     7.5959      2.922      4.238    17.2579 0.0000e+00
      2.990      0.032     1.6033     16.390     40.597  34.158441     2.5642      9.792   178.9061 4.3822e+00     7.5672      2.934      4.255    17.2212 0.0000e+00
      2.997      0.029     1.6028     16.256     40.595  34.140089     2.5570      9.791   179.1599 4.3578e+00     7.5326      2.939      4.262    17.1533 0.0000e+00
      3.004      0.024     1.5989     16.136     40.588  34.122153     2.5533      9.789   179.4400 4.3387e+00     7.5880      2.946      4.273    17.1093 0.0000e+00
      3.011      0.019     1.5942     16.010     40.612  34.131902     2.5603      9.785   179.7115 4.3325e+00     7.7235      2.954      4.284    17.0859 0.0000e+00
      3.016      0.015     1.5824     15.856     40.634  34.131062     2.5503      9.782   179.8625 4.3364e+00     7.7706      2.958      4.290    17.0677 0.0000e+00
      3.018      0.013     1.5681     15.706     40.640  34.111964     2.5408      9.780   179.8880 4.3374e+00     7.7479      2.959      4.292    17.0428 0.0000e+00
      3.018      0.013     1.5584     15.594     40.636  34.091298     2.5789      9.779   179.9336 4.3369e+00     7.7560      2.960      4.293    17.0285 0.0000e+00
      3.020      0.016     1.5482     15.496     40.634  34.071505     2.6533      9.778   180.0704 4.3216e+00     7.8011      2.961      4.296    17.0251 0.0000e+00
      3.023      0.021     1.5318     15.351     40.655  34.062963     2.6918      9.776   180.2514 4.3060e+00     7.8146      2.965      4.301    16.9987 0.0000e+00
      3.028      0.026     1.5176     15.166     40.683  34.051421     2.6860      9.774   180.4015 4.3020e+00     7.7836      2.968      4.305    16.9576 0.0000e+00
      3.037      0.028     1.5074     14.956     40.732  34.058799     2.6749      9.772   180.4230 4.2843e+00     7.7673      2.977      4.317    16.9425 0.0000e+00
      3.049      0.028     1.5027     14.684     40.786  34.088683     2.6735      9.770   180.4255 4.2497e+00     7.7886      2.990      4.337    16.9276 0.0000e+00
      3.060      0.026     1.4883     14.350     40.793  34.095498     2.6856      9.768   180.5170 4.2206e+00     7.8363      3.002      4.355    16.8911 0.0000e+00
      3.067      0.022     1.4696     13.962     40.771  34.077761     2.6878      9.766   180.6694 4.2125e+00     7.8316      3.009      4.364    16.8484 0.0000e+00
      3.069      0.018     1.4554     13.549     40.761  34.064562     2.6754      9.765   180.9772 4.2168e+00     7.7660      3.010      4.366    16.7917 0.0000e+00
      3.070      0.015     1.4268     13.187     40.774  34.062798     2.6353      9.763   181.3987 4.2133e+00     7.7596      3.009      4.365    16.7777 0.0000e+00
      3.071      0.013     1.3951     12.932     40.781  34.056417     2.5614      9.761   181.8086 4.2035e+00     7.8227      3.012      4.368    16.7898 0.0000e+00
      3.075      0.012     1.3567     12.781     40.781  34.050839     2.5225      9.759   182.2336 4.1881e+00     7.8805      3.015      4.372    16.7886 0.0000e+00
      3.081      0.012     1.3129     12.666     40.791  34.058789     2.5150      9.757   182.5786 4.1653e+00     7.8774      3.020      4.381    16.7876 0.0000e+00
      3.087      0.013     1.2768     12.563     40.831  34.089100     2.5045      9.756   182.7113 4.1617e+00     7.8879      3.029      4.393    16.7643 0.0000e+00
      3.088      0.015     1.2516     12.489     40.858  34.100096     2.5277      9.755   182.8049 4.1699e+00     8.0078      3.029      4.393    16.7486 0.0000e+00
      3.087      0.017     1.2416     12.427     40.835  34.064839     2.5706      9.754   183.0225 4.1644e+00     8.0973      3.025      4.388    16.7440 0.0000e+00
      3.090      0.018     1.2307     12.370     40.832  34.043454     2.5906      9.752   183.1911 4.1509e+00     8.1153      3.028      4.392    16.7421 0.0000e+00
      3.098      0.020     1.2186     12.324     40.845  34.031844     2.6119      9.750   183.2945 4.1213e+00     8.1228      3.039      4.407    16.7482 0.0000e+00
      3.107      0.024     1.2135     12.267     40.815  33.987889     2.6530      9.749   183.4986 4.0919e+00     8.0862      3.049      4.422    16.7259 0.0000e+00
      3.114      0.027     1.2086     12.184     40.808  33.956083     2.6797      9.749   183.7663 4.0856e+00     8.0484      3.055      4.431    16.7080 0.0000e+00
      3.118      0.027     1.2021     12.071     40.863  33.964481     2.6852      9.748   184.1226 4.0702e+00     8.0416      3.056      4.433    16.6884 0.0000e+00
      3.124      0.025     1.2005     11.926     40.899  33.962489     2.6773      9.747   184.4505 4.0401e+00     8.0714      3.060      4.440    16.6474 0.0000e+00
      3.134      0.022     1.1955     11.752     40.889  33.931951     2.6596      9.745   184.5470 4.0193e+00     8.1363      3.075      4.461    16.6371 0.0000e+00
      3.142      0.019     1.1875     11.522     40.890  33.912446     2.6542      9.742   184.5160 4.0026e+00     8.2117      3.083      4.472    16.6116 0.0000e+00
      3.145      0.015     1.1797     11.239     40.917  33.916968     2.6705      9.740   184.5045 3.9893e+00     8.2993      3.084      4.473    16.5477 0.0000e+00
      3.147      0.010     1.1641     10.959     40.936  33.923163     2.6560      9.737   184.6670 3.9872e+00     8.3069      3.087      4.476    16.5124 0.0000e+00
      3.148      0.006     1.1504     10.721     40.941  33.923891     2.5878      9.735   184.9315 3.9925e+00     8.2355      3.088      4.479    16.4902 0.0000e+00
      3.148      0.003     1.1284     10.521     40.953  33.925772     2.5538      9.733   185.1214 3.9974e+00     8.2563      3.087      4.477    16.4629 0.0000e+00
      3.148      0.002     1.0985     10.364     40.995  33.945893     2.5690      9.730   185.2427 3.9907e+00     8.3532      3.086      4.475    16.4382 0.0000e+00
      3.149      0.002     1.0701     10.287     41.045  33.976823     2.5891      9.727   185.3653 3.9752e+00     8.3826      3.088      4.479    16.4241 0.0000e+00
      3.150      0.005     1.0470     10.267     41.050  33.982500     2.6050      9.726   185.5713 3.9720e+00     8.3379      3.089      4.481    16.4317 0.0000e+00
      3.150      0.011     1.0289     10.273     41.002  33.951091     2.6026      9.725   185.8404 3.9816e+00     8.2574      3.090      4.481    16.4218 0.0000e+00
      3.150      0.016     1.0101     10.322     40.960  33.914292     2.6110      9.723   186.1243 3.9851e+00     8.2293      3.088      4.479    16.3944 0.0000e+00
      3.153      0.022     1.0052     10.408     40.992  33.918229     2.6310      9.723   186.3364 3.9659e+00     8.2709      3.089      4.481    16.3800 0.0000e+00
      3.163      0.028     1.0054     10.522     41.064  33.935220     2.6610      9.723   186.5121 3.9274e+00     8.3502      3.101      4.498    16.3825 0.0000e+00
      3.174      0.032     1.0027     10.617     41.115  33.929343     2.7161      9.723   186.7868 3.8966e+00     8.4717      3.115      4.518    16.4039 0.0000e+00
      3.183      0.032     1.0093     10.621     41.124  33.910559     2.7395      9.722   187.0758 3.8781e+00     8.4753      3.121      4.527    16.4045 0.0000e+00
      3.193      0.028     1.0174     10.491     41.109  33.898408     2.7522      9.720   187.2536 3.8610e+00     8.4273      3.131      4.542    16.3758 0.0000e+00
      3.202      0.023     1.0316     10.239     41.109  33.909318     2.9032      9.717   187.3873 3.8457e+00     8.4729      3.144      4.559    16.3223 0.0000e+00
      3.207      0.019     1.0460      9.897     41.106  33.915595     3.1502      9.714   187.5740 3.8432e+00     8.5144      3.146      4.563    16.2446 0.0000e+00
      3.207      0.017     1.0483      9.498     41.096  33.910866     3.2663      9.712   187.7908 3.8465e+00     8.5187      3.145      4.561    16.2110 0.0000e+00
      3.209      0.015     1.0353      9.140     41.104  33.915593     3.2584      9.710   187.9429 3.8341e+00     8.4909      3.146      4.563    16.2238 0.0000e+00
      3.213      0.014     1.0072      8.873     41.111  33.909308     3.2551      9.708   188.0365 3.8192e+00     8.4861      3.151      4.570    16.2423 0.0000e+00
      3.218      0.014     0.9756      8.695     41.115  33.898294     3.2677      9.707   188.1485 3.8156e+00     8.5290      3.157      4.579    16.2515 0.0000e+00
      3.222      0.014     0.9298      8.628     41.128  33.909300     3.2697      9.704   188.2649 3.8076e+00     8.5308      3.161      4.584    16.2536 0.0000e+00
      3.227      0.013     0.8930      8.614     41.120  33.915492     3.2456      9.701   188.4110 3.7941e+00     8.5081      3.164      4.588    16.2603 0.0000e+00
      3.231      0.010     0.8702      8.607     41.098  33.909722     3.1095      9.698   188.6245 3.7895e+00     8.5280      3.170      4.597    16.2410 0.0000e+00
      3.233      0.008     0.8483      8.627     41.078  33.902999     2.8814      9.696   188.8670 3.7940e+00     8.5655      3.172      4.600    16.2079 0.0000e+00
      3.233      0.007     0.8465      8.638     41.064  33.897654     2.7595      9.693   189.1060 3.7928e+00     8.5523      3.170      4.598    16.2149 0.0000e+00
      3.233      0.008     0.8471      8.598     41.071  33.908555     2.7336      9.690   189.2776 3.7813e+00     8.5048      3.170      4.598    16.2380 0.0000e+00
      3.234      0.009     0.8427      8.541     41.058  33.907917     2.6850      9.689   189.3069 3.7760e+00     8.5037      3.171      4.599    16.2515 0.0000e+00
      3.237      0.012     0.8466      8.503     41.028  33.889958     2.6210      9.688   189.3744 3.7732e+00     8.5389      3.174      4.603    16.2651 0.0000e+00
      3.241      0.014     0.8510      8.494     41.025  33.881761     2.5850      9.686   189.5769 3.7550e+00     8.5544      3.179      4.609    16.2722 0.0000e+00
      3.247      0.015     0.8436      8.526     41.039  33.872240     2.5743      9.684   189.7769 3.7343e+00     8.5209      3.184      4.617    16.2729 0.0000e+00
      3.252      0.016     0.8367      8.560     41.050  33.838265     2.5669      9.683   189.9855 3.7303e+00     8.4748      3.190      4.627    16.2888 0.0000e+00
      3.255      0.017     0.8334      8.565     41.077  33.788143     2.5953      9.683   190.1205 3.7368e+00     8.5442      3.193      4.631    16.3053 0.0000e+00
      3.258      0.018     0.8306      8.539     41.162  33.773688     2.6594      9.682   190.1183 3.7341e+00     8.7109      3.194      4.632    16.2950 0.0000e+00
      3.262      0.018     0.8367      8.432     41.262  33.790263     2.6923      9.681   190.2169 3.7251e+00     8.8161      3.198      4.638    16.2723 0.0000e+00
      3.268      0.019     0.8429      8.227     41.311  33.798135     2.6931      9.679   190.4524 3.7121e+00     8.7921      3.204      4.647    16.2267 0.0000e+00
      3.274      0.020     0.8425      7.968     41.332  33.805380     2.7268      9.678   190.6419 3.6849e+00     8.6935      3.211      4.657    16.1333 0.0000e+00
      3.279      0.020     0.8460      7.656     41.351  33.814410     2.8007      9.676   190.8740 3.6581e+00     8.6834      3.216      4.663    16.0106 0.0000e+00
      3.284      0.021     0.8380      7.308     41.408  33.843876     2.8552      9.675   191.1084 3.6351e+00     8.7729      3.219      4.669    15.9251 0.0000e+00
      3.289      0.021     0.8141      6.987     41.528  33.907846     2.8612      9.674   191.2384 3.6236e+00     8.7835      3.225      4.678    15.8942 0.0000e+00
      3.294      0.020     0.7905      6.702     41.628  33.953377     2.8155      9.674   191.4133 3.6322e+00     8.7091      3.230      4.684    15.8893 0.0000e+00
      3.299      0.020     0.7596      6.435     41.655  33.950233     2.7510      9.673   191.5884 3.6235e+00     8.6592      3.233      4.690    15.8890 0.0000e+00
      3.305      0.019     0.7216      6.219     41.652  33.933249     2.7310      9.670   191.7210 3.5995e+00     8.6928      3.242      4.702    15.8708 0.0000e+00
      3.311      0.018     0.6898      6.036     41.671  33.938336     2.7481      9.668   191.8981 3.5966e+00     8.8080      3.248      4.711    15.8248 0.0000e+00
      3.315      0.018     0.6659      5.827     41.693  33.948283     2.7754      9.666   192.0941 3.5986e+00     8.8571      3.249      4.714    15.7705 0.0000e+00
      3.318      0.020     0.6356      5.607     41.683  33.926620     2.8111      9.666   192.3701 3.5814e+00     8.8081      3.254      4.720    15.7420 0.0000e+00
      3.321      0.025     0.6155      5.407     41.659  33.866727     2.8383      9.666   192.7403 3.5514e+00     8.7618      3.257      4.724    15.7305 0.0000e+00
      3.326      0.031     0.6019      5.239     41.662  33.795082     2.8547      9.666   192.9577 3.5287e+00     8.7753      3.260      4.729    15.7148 0.0000e+00
      3.334      0.036     0.5787      5.138     41.723  33.758167     2.9092      9.666   193.0202 3.5143e+00     8.9712      3.268      4.739    15.7085 0.0000e+00
      3.346      0.038     0.5560      5.103     41.784  33.737511     2.9899      9.665   193.1510 3.4905e+00     9.2521      3.279      4.756    15.7063 0.0000e+00
      3.362      0.038     0.5370      5.090     41.826  33.735573     3.0231      9.662   193.3349 3.4551e+00     9.4047      3.298      4.783    15.6601 0.0000e+00
      3.375      0.033     0.5193      5.119     41.897  33.798142     3.0190      9.659   193.5227 3.4283e+00     9.4498      3.313      4.805    15.5628 0.0000e+00
      3.383      0.027     0.5099      5.216     41.922  33.859586     3.0155      9.656   193.7870 3.4098e+00     9.4221      3.319      4.813    15.4427 0.0000e+00
      3.386      0.020     0.5114      5.355     41.837  33.844090     3.0220      9.653   194.1205 3.3836e+00     9.3427      3.322      4.818    15.3520 0.0000e+00
      3.387      0.015     0.5082      5.493     41.754  33.801182     3.0314      9.650   194.3715 3.3701e+00     9.2410      3.322      4.819    15.3092 0.0000e+00
      3.387      0.012     0.5094      5.608     41.758  33.784935     3.0290      9.649   194.5853 3.3639e+00     9.1830      3.320      4.816    15.3120 0.0000e+00
      3.389      0.012     0.5201      5.705     41.794  33.774502     3.0261      9.648   194.8986 3.3506e+00     9.2225      3.322      4.818    15.3745 0.0000e+00
      3.396      0.014     0.5351      5.789     41.864  33.801879     3.0216      9.647   195.2337 3.3433e+00     9.2739      3.330      4.830    15.4582 0.0000e+00
      3.402      0.018     0.5491      5.855     42.040  33.925584     3.0076      9.644   195.3678 3.3374e+00     9.2919      3.337      4.840    15.4957 0.0000e+00
      3.405      0.023     0.5604      5.900     42.263  34.064738     2.9909      9.642   195.3158 3.3339e+00     9.2703      3.340      4.844    15.4584 0.0000e+00
      3.408      0.027     0.5709      5.931     42.457  34.151977     2.9854      9.642   195.3794 3.3303e+00     9.2514      3.341      4.845    15.3930 0.0000e+00
      3.414      0.030     0.5796      5.940     42.623  34.218950     3.0905      9.641   195.6214 3.3127e+00     9.4051      3.345      4.852    15.3573 0.0000e+00
