Data/DataNotYetUploadedToEDI/Raw_CTD/RawDownloads/062424_fcr40_S7809005.cnv
* Sea-Bird SBE19plus  Data File:
* FileName = C:\R\Reservoirs\Data\DataNotYetUploadedToEDI\Raw_CTD\RawDownloads\062424_fcr50_S7809_0005.hex
* Software version 2.8.0.119
* Temperature SN = 7809
* Conductivity SN = 7809
* System UpLoad Time = Jun 26 2024 15:04:20
* <ApplicationData>
* <Seaterm232>
# nquan = 15
# nvalues = 1870                        
# units = specified
# name 0 = depFM: Depth [fresh water, m]
# name 1 = dz/dtM: Descent Rate [m/s]
# name 2 = sbeox0Mg/L: Oxygen, SBE 43 [mg/l]
# name 3 = sbeox0PS: Oxygen, SBE 43 [% saturation]
# name 4 = specc: Specific Conductance [uS/cm]
# name 5 = c0uS/cm: Conductivity [uS/cm]
# name 6 = flECO-AFL: Fluorescence, WET Labs ECO-AFL/FL [mg/m^3]
# name 7 = ph: pH
# name 8 = orp: Oxidation Reduction Potential [mV]
# name 9 = par/sat/log: PAR/Logarithmic, Satlantic
# name 10 = turbWETntu0: Turbidity, WET Labs ECO [NTU]
# name 11 = prdM: Pressure, Strain Gauge [db]
# name 12 = prdE: Pressure, Strain Gauge [psi]
# name 13 = tv290C: Temperature [ITS-90, deg C]
# name 14 = flag:  0.000e+00
# span 0 =     -0.695,      6.067       
# span 1 =     -0.306,      0.185       
# span 2 =     0.2472,    16.2232       
# span 3 =      2.553,    198.119       
# span 4 =      1.524,     50.832       
# span 5 =   1.429197,  51.737113       
# span 6 =    -1.7706,    27.0468       
# span 7 =      8.258,     10.876       
# span 8 =  -208.1421,   242.7535       
# span 9 = 1.2356e-01, 2.6289e+03       
# span 10 =    -0.3319,   324.3922      
# span 11 =     -0.681,      5.952      
# span 12 =     -0.988,      8.632      
# span 13 =    11.5065,    28.1516      
# span 14 = 0.0000e+00, 0.0000e+00      
# interval = seconds: 0.25
# start_time = Jun 24 2024 13:10:15 [Instrument's time stamp, header]
# bad_flag = -9.990e-29
*END*
[from data line 1639]
      2.714     -0.057     1.9236     18.729     42.045  34.925874     2.0052      8.346   143.5524 6.1738e+00     9.2742      2.666      3.866    16.6635 0.0000e+00
      2.701     -0.096     1.8879     18.654     42.063  34.967868     1.9577      8.346   143.7478 6.3381e+00     9.1511      2.657      3.854    16.6162 0.0000e+00
      2.669     -0.133     1.8557     18.635     42.021  34.984901     1.9508      8.345   143.9146 6.6301e+00     9.1769      2.624      3.807    16.5890 0.0000e+00
      2.619     -0.162     1.8363     18.692     41.983  35.004993     1.9136      8.343   144.0207 7.0123e+00     8.9030      2.571      3.729    16.5371 0.0000e+00
      2.560     -0.179     1.8279     18.807     42.034  35.083968     1.8326      8.339   144.0845 7.4423e+00     8.3330      2.508      3.639    16.5064 0.0000e+00
      2.503     -0.181     1.8174     18.945     42.184  35.241893     1.7951      8.336   144.1696 7.8363e+00     8.0238      2.451      3.554    16.5527 0.0000e+00
      2.455     -0.167     1.8123     19.088     42.269  35.391713     1.8009      8.332   144.2749 8.1657e+00     8.0341      2.404      3.486    16.6258 0.0000e+00
      2.416     -0.138     1.8155     19.243     42.304  35.563101     1.8447      8.324   144.2393 8.4858e+00     8.0131      2.367      3.435    16.6921 0.0000e+00
      2.382     -0.101     1.8271     19.411     42.567  35.981851     1.9256      8.316   143.8250 8.8342e+00     7.8729      2.335      3.387    16.7380 0.0000e+00
      2.353     -0.061     1.8406     19.582     42.830  36.521055     1.9551      8.310   143.0519 9.0767e+00     7.7391      2.300      3.336    16.7445 0.0000e+00
      2.341     -0.021     1.8510     19.761     42.655  36.816465     1.9595      8.305   142.2049 9.0862e+00     7.7276      2.287      3.318    16.8228 0.0000e+00
      2.347      0.015     1.8579     19.964     42.237  36.889220     2.0534      8.301   141.4131 8.9858e+00     7.6992      2.301      3.337    17.0265 0.0000e+00
      2.362      0.044     1.8676     20.142     41.897  36.893676     2.2004      8.297   140.7917 8.8463e+00     7.4989      2.315      3.357    17.2067 0.0000e+00
      2.383      0.061     1.8716     20.233     41.683  36.870731     2.2636      8.295   140.4562 8.6198e+00     7.3213      2.333      3.384    17.5460 0.0000e+00
      2.409      0.064     1.8617     20.214     41.588  36.865819     2.2520      8.295   140.1957 8.3668e+00     7.2937      2.363      3.427    18.1729 0.0000e+00
      2.432      0.052     1.8624     20.072     41.503  36.834384     2.2344      8.294   140.1368 8.2020e+00     7.3359      2.389      3.466    18.7346 0.0000e+00
      2.446      0.024     1.8687     19.849     41.386  36.744521     2.2175      8.294   140.5193 8.1377e+00     7.3537      2.401      3.483    19.0840 0.0000e+00
      2.452     -0.020     1.8696     19.602     41.354  36.667661     2.2053      8.294   141.0346 8.1030e+00     7.3377      2.404      3.486    19.2618 0.0000e+00
      2.452     -0.074     1.8675     19.332     41.478  36.666454     2.1955      8.295   141.5494 8.1767e+00     7.3470      2.410      3.495    19.3238 0.0000e+00
      2.434     -0.129     1.8503     19.059     41.673  36.729765     2.1907      8.296   142.0968 8.5423e+00     7.3302      2.399      3.480    19.3782 0.0000e+00
      2.388     -0.177     1.8254     18.854     41.809  36.798475     2.2302      8.297   142.5768 9.1766e+00     7.3732      2.350      3.408    19.4185 0.0000e+00
      2.319     -0.213     1.8059     18.764     41.881  36.862627     2.3068      8.298   142.9653 9.9264e+00     7.4912      2.276      3.301    19.3651 0.0000e+00
      2.244     -0.234     1.7870     18.801     41.997  36.997801     2.3522      8.299   143.2669 1.0705e+01     7.5616      2.198      3.188    19.1917 0.0000e+00
      2.173     -0.235     1.7638     18.973     42.185  37.227269     2.4534      8.298   143.7286 1.1454e+01     7.5746      2.126      3.085    19.0295 0.0000e+00
      2.112     -0.214     1.7452     19.288     42.344  37.479739     3.7051      8.295   144.5036 1.2156e+01     7.5126      2.069      3.000    18.9819 0.0000e+00
      2.059     -0.173     1.7367     19.793     42.484  37.766166     6.0427      8.290   145.1521 1.2883e+01     7.4606      2.019      2.928    18.9945 0.0000e+00
      2.011     -0.118     1.7377     20.587     42.599  38.088949     7.3540      8.285   145.5458 1.3588e+01     7.4246      1.968      2.855    19.0337 0.0000e+00
      1.977     -0.059     1.7527     21.840     42.540  38.336834     7.6744      8.281   145.9085 1.3947e+01     7.3498      1.928      2.797    19.0962 0.0000e+00
      1.969     -0.007     1.7748     23.800     42.265  38.415807    10.0160      8.277   146.1827 1.3797e+01     7.3081      1.922      2.787    19.2281 0.0000e+00
      1.988      0.033     1.8113     26.704     41.940  38.346228    14.3345      8.273   146.3660 1.3293e+01     7.3310      1.945      2.820    19.4290 0.0000e+00
      2.023      0.057     1.8710     30.770     41.693  38.193911    16.7091      8.272   146.4890 1.2689e+01     7.3868      1.985      2.880    19.6574 0.0000e+00
      2.058      0.064     1.9613     35.950     41.498  37.970316    16.9118      8.272   146.7241 1.2273e+01     7.4025      2.025      2.936    20.0293 0.0000e+00
      2.078      0.055     2.1132     41.561     41.319  37.673308    16.5605      8.273   147.2295 1.2101e+01     7.3502      2.044      2.964    20.5016 0.0000e+00
      2.083      0.039     2.3541     46.564     41.309  37.458157    15.8742      8.275   147.7822 1.2051e+01     7.2667      2.045      2.966    20.7832 0.0000e+00
      2.079      0.019     2.7088     49.934     41.559  37.462698    15.5061      8.277   148.1577 1.2006e+01     7.2469      2.038      2.956    20.8458 0.0000e+00
      2.076     -0.006     3.2034     50.964     41.871  37.601001    15.4804      8.279   148.5871 1.1849e+01     7.3153      2.033      2.950    20.7767 0.0000e+00
      2.081     -0.040     3.7518     49.588     42.034  37.734145    15.4463      8.280   149.4460 1.1610e+01     7.3428      2.039      2.958    20.6190 0.0000e+00
      2.087     -0.082     4.2557     46.200     41.937  37.739948    15.3770      8.280   150.7125 1.1527e+01     7.2714      2.052      2.977    20.3503 0.0000e+00
      2.076     -0.131     4.6184     41.580     41.742  37.671303    15.3499      8.279   152.1133 1.1882e+01     7.2374      2.049      2.973    20.0257 0.0000e+00
      2.033     -0.180     4.7253     36.956     41.669  37.665793    15.3685      8.278   153.2185 1.2748e+01     7.3079      2.006      2.909    19.8412 0.0000e+00
      1.962     -0.215     4.5904     33.729     41.689  37.736859    15.4940      8.276   153.3206 1.3963e+01     7.3384      1.927      2.797    19.8218 0.0000e+00
      1.879     -0.225     4.2436     32.770     41.681  37.832590    16.9830      8.272   153.0900 1.5353e+01     7.2989      1.842      2.673    19.9907 0.0000e+00
      1.799     -0.207     3.7712     34.078     41.546  37.871566    19.7305      8.267   153.6136 1.6789e+01     7.2743      1.759      2.550    20.1564 0.0000e+00
      1.735     -0.164     3.2987     37.297     41.411  37.891071    21.2303      8.264   154.4032 1.7806e+01     7.3136      1.688      2.448    20.1932 0.0000e+00
      1.703     -0.107     2.9721     42.216     41.464  38.005165    21.4506      8.262   155.4957 1.8082e+01     7.3644      1.660      2.408    20.2307 0.0000e+00
      1.698     -0.049     2.8859     48.430     41.546  38.172379    22.4447      8.260   157.0137 1.8045e+01     7.3427      1.663      2.412    20.3418 0.0000e+00
      1.704     -0.003     3.0069     54.950     41.415  38.263069    24.2522      8.260   158.4748 1.7967e+01     7.2900      1.670      2.422    20.5792 0.0000e+00
      1.717      0.026     3.2835     60.806     41.155  38.277049    25.2444      8.260   159.7399 1.7759e+01     7.2397      1.681      2.438    20.8065 0.0000e+00
      1.734      0.037     3.7295     65.979     40.945  38.278312    25.3603      8.260   160.7806 1.7534e+01     7.2814      1.702      2.468    20.8136 0.0000e+00
      1.748      0.035     4.3195     71.422     40.825  38.278618    25.6790      8.259   161.5076 1.7437e+01     7.3834      1.718      2.492    20.8490 0.0000e+00
      1.756      0.023     4.9098     77.916     40.795  38.280903    26.2600      8.258   161.3023 1.7396e+01     7.3804      1.723      2.500    21.1795 0.0000e+00
      1.760      0.001     5.3938     84.957     40.794  38.242521    26.5666      8.258   160.6219 1.7332e+01     7.3132      1.727      2.505    21.5379 0.0000e+00
      1.763     -0.033     5.7844     91.273     40.760  38.131766    26.4651      8.259   160.8522 1.7268e+01     7.2883      1.730      2.509    21.7704 0.0000e+00
      1.760     -0.073     6.2092     96.034     40.776  38.020447    25.1906      8.262   161.6780 1.7421e+01     7.3869      1.730      2.510    21.9154 0.0000e+00
      1.743     -0.114     6.7935     98.797     40.894  37.975169    22.8835      8.264   162.6053 1.8155e+01     7.5494      1.717      2.491    21.9446 0.0000e+00
      1.706     -0.150     7.4761     99.179     41.018  37.964839    21.6252      8.265   163.5455 1.9538e+01     7.6120      1.681      2.437    21.8776 0.0000e+00
      1.649     -0.172     8.0598     96.962     41.085  37.958826    21.4540      8.265   162.4626 2.1434e+01     7.5979      1.621      2.351    21.7929 0.0000e+00
      1.584     -0.175     8.5143     92.377     41.107  37.965828    20.8474      8.264   156.8255 2.3614e+01     7.5834      1.551      2.250    21.6395 0.0000e+00
      1.523     -0.155     8.8117     86.442     41.089  37.986019    19.7675      8.262   149.2487 2.5572e+01     7.5729      1.487      2.157    21.4050 0.0000e+00
      1.478     -0.119     8.8789     80.567     41.039  38.012638    19.1917      8.261   144.5877 2.6847e+01     7.5742      1.441      2.090    21.2473 0.0000e+00
      1.456     -0.076     8.6955     75.880     40.948  38.033956    19.1462      8.260   142.3707 2.7461e+01     7.5993      1.420      2.060    21.1706 0.0000e+00
      1.455     -0.036     8.2544     73.062     40.794  38.053551    19.1172      8.260   140.9423 2.7688e+01     7.6033      1.423      2.064    21.1500 0.0000e+00
      1.464     -0.006     7.6689     72.427     40.559  38.059401    18.8494      8.260   140.6529 2.7779e+01     7.5536      1.436      2.083    21.2051 0.0000e+00
      1.472      0.013     7.0999     73.988     40.295  38.041551    18.3728      8.259   140.9363 2.7931e+01     7.5447      1.447      2.098    21.2966 0.0000e+00
      1.477      0.021     6.6504     77.775     40.127  38.028434    18.1313      8.259   140.6693 2.8080e+01     7.5987      1.449      2.101    21.4147 0.0000e+00
      1.480      0.022     6.3669     83.895     40.088  38.027919    18.1187      8.260   139.5754 2.8134e+01     7.6259      1.450      2.104    21.5987 0.0000e+00
      1.485      0.022     6.2774     91.901     40.113  38.035374    18.1288      8.261   137.6048 2.8107e+01     7.6006      1.456      2.111    21.9049 0.0000e+00
      1.491      0.024     6.3732    100.316     40.135  38.055083    18.1700      8.263   134.9108 2.7987e+01     7.5662      1.462      2.120    22.2475 0.0000e+00
      1.497      0.028     6.6684    107.461     40.122  38.075840    18.2000      8.264   132.0402 2.7772e+01     7.5857      1.468      2.128    22.4377 0.0000e+00
      1.504      0.031     7.2047    112.640     40.084  38.096021    18.2165      8.266   129.3098 2.7413e+01     7.6308      1.475      2.139    22.4476 0.0000e+00
      1.514      0.032     7.9583    116.074     40.039  38.108798    18.2951      8.269   127.4527 2.6875e+01     7.5997      1.483      2.152    22.3925 0.0000e+00
      1.525      0.031     8.7554    118.249     39.996  38.103497    18.4267      8.272   126.7940 2.6313e+01     7.5169      1.497      2.171    22.3836 0.0000e+00
      1.535      0.028     9.3817    119.535     39.969  38.095433    18.5009      8.275   126.5072 2.5934e+01     7.4833      1.508      2.187    22.4355 0.0000e+00
      1.540      0.024     9.8038    120.143     39.932  38.074779    18.5350      8.279   125.7926 2.5672e+01     7.5348      1.510      2.190    22.5137 0.0000e+00
      1.544      0.020    10.0692    120.324     39.891  38.044157    18.8467      8.284   124.6056 2.5419e+01     7.6278      1.514      2.196    22.5959 0.0000e+00
      1.548      0.019    10.2356    120.370     39.896  38.042484    19.4066      8.287   123.2554 2.5232e+01     7.6513      1.518      2.202    22.6391 0.0000e+00
      1.551      0.021    10.3429    120.443     39.915  38.054542    19.7041      8.288   122.0291 2.5121e+01     7.5794      1.521      2.206    22.6482 0.0000e+00
      1.556      0.026    10.3822    120.508     39.917  38.063022    19.7710      8.289   121.0497 2.5015e+01     7.5108      1.526      2.213    22.6707 0.0000e+00
      1.561      0.031    10.3833    120.387     39.923  38.081574    20.2243      8.290   120.3621 2.4820e+01     7.5387      1.530      2.219    22.6915 0.0000e+00
      1.569      0.035    10.3870    120.027     39.908  38.088495    21.0486      8.291   120.1673 2.4440e+01     7.6436      1.537      2.229    22.6702 0.0000e+00
      1.582      0.036    10.3966    119.622     39.872  38.083277    21.4966      8.291   120.0713 2.3936e+01     7.6520      1.551      2.249    22.6538 0.0000e+00
      1.596      0.031    10.4064    119.341     39.849  38.081991    21.5131      8.292   119.0294 2.3489e+01     7.5378      1.567      2.272    22.6740 0.0000e+00
      1.607      0.013    10.3986    119.308     39.839  38.072966    21.4562      8.292   117.5500 2.3180e+01     7.4922      1.577      2.287    22.6832 0.0000e+00
      1.613     -0.023    10.3511    119.568     39.823  38.037625    21.0163      8.292   117.1550 2.2971e+01     7.5453      1.582      2.294    22.7074 0.0000e+00
      1.614     -0.078    10.3035    119.967     39.807  37.971937    20.2157      8.293   117.3507 2.2896e+01     7.5650      1.585      2.299    22.7582 0.0000e+00
      1.604     -0.141    10.2704    120.297     39.830  37.913241    19.7665      8.296   117.2500 2.3859e+01     7.5246      1.584      2.298    22.7848 0.0000e+00
      1.564     -0.200    10.2623    120.291     39.904  37.898926    19.6633      8.303   115.8511 2.7032e+01     7.5011      1.550      2.249    22.7860 0.0000e+00
      1.486     -0.241    10.2979    119.670     40.054  37.989098    19.1674      8.310   110.5028 3.2193e+01     7.5544      1.464      2.123    22.7657 0.0000e+00
      1.389     -0.255    10.3479    118.283     40.312  38.241946    18.2975      8.318   103.2618 3.8315e+01     7.6909      1.359      1.972    22.7049 0.0000e+00
      1.295     -0.236    10.4081    116.345     40.533  38.544733    17.8350      8.327    99.5405 4.4470e+01     7.8184      1.263      1.832    22.5924 0.0000e+00
      1.222     -0.186    10.4421    114.484     40.681  38.858070    17.7872      8.339    98.6344 4.8947e+01     7.8664      1.184      1.718    22.4640 0.0000e+00
      1.183     -0.114    10.4085    113.387     40.735  39.111628    17.7938      8.356    97.3827 5.0770e+01     7.9987      1.148      1.664    22.3935 0.0000e+00
      1.175     -0.042    10.2859    113.733     40.565  39.135849    17.8492      8.379    95.3328 5.1061e+01     8.2907      1.147      1.664    22.3870 0.0000e+00
      1.186      0.010    10.0700    116.056     40.434  39.151213    17.8902      8.405    92.2613 5.0309e+01     8.4942      1.159      1.681    22.5007 0.0000e+00
      1.211      0.027     9.8443    120.263     40.434  39.234137    17.8660      8.431    88.7252 4.7942e+01     8.5454      1.184      1.717    22.7453 0.0000e+00
