Data/DataNotYetUploadedToEDI/Raw_CTD/RawDownloads/062424_fcr50_S8188003.cnv
* Sea-Bird SBE19plus  Data File:
* FileName = C:\R\Reservoirs\Data\DataNotYetUploadedToEDI\Raw_CTD\RawDownloads\062424_bvr50_S8188_0003.hex
* Software version 2.8.0.119
* Temperature SN = 8188
* Conductivity SN = 8188
* System UpLoad Time = Jul 02 2024 12:04:00
* <ApplicationData>
* <Seaterm232>
# nquan = 16
# nvalues = 2137                        
# units = specified
# name 0 = depFM: Depth [fresh water, m]
# name 1 = dz/dtM: Descent Rate [m/s]
# name 2 = sbeox0Mg/L: Oxygen, SBE 43 [mg/l]
# name 3 = sbeox0PS: Oxygen, SBE 43 [% saturation]
# name 4 = specc: Specific Conductance [uS/cm]
# name 5 = c0uS/cm: Conductivity [uS/cm]
# name 6 = wetCDOM: Fluorescence, WET Labs CDOM [mg/m^3]
# name 7 = flECO-AFL: Fluorescence, WET Labs ECO-AFL/FL [mg/m^3]
# name 8 = flECO-AFL1: Fluorescence, WET Labs ECO-AFL/FL, 2 [mg/m^3]
# name 9 = flECO-AFL2: Fluorescence, WET Labs ECO-AFL/FL, 3 [mg/m^3]
# name 10 = par/sat/log: PAR/Logarithmic, Satlantic
# name 11 = turbWETntu0: Turbidity, WET Labs ECO [NTU]
# name 12 = prdM: Pressure, Strain Gauge [db]
# name 13 = prdE: Pressure, Strain Gauge [psi]
# name 14 = tv290C: Temperature [ITS-90, deg C]
# name 15 = flag:  0.000e+00
# span 0 =     -0.705,      9.282       
# span 1 =     -0.217,      0.185       
# span 2 =     0.3974,    16.1709       
# span 3 =      3.821,    201.457       
# span 4 =     -0.031,    340.007       
# span 5 =  -0.028105, 249.119116       
# span 6 =    -4.5000,   233.1000       
# span 7 =    -0.8873,    19.3195       
# span 8 =    -2.1300,     0.4686       
# span 9 =    -2.0304,    11.8863       
# span 10 = 1.1582e-01, 2.6418e+03      
# span 11 =    -4.2976,   112.2938      
# span 12 =     -0.691,      9.102      
# span 13 =     -1.002,     13.202      
# span 14 =    11.5720,    28.1856      
# span 15 = 0.0000e+00, 0.0000e+00      
# interval = seconds: 0.25
# start_time = Jun 24 2024 12:02:32 [Instrument's time stamp, header]
# bad_flag = -9.990e-29
*END*
[from data line 1537]
      3.002      0.098     2.2762     20.734     39.594  32.605422    35.5500     2.2446     0.0852     0.2538 3.6495e+00     1.0954      2.944      4.270    16.5818 0.0000e+00
      3.028      0.098     2.2345     19.801     39.682  32.598585    35.5500     2.3743     0.0852     0.2538 3.5944e+00     1.4881      2.969      4.307    16.4754 0.0000e+00
      3.053      0.097     2.1813     18.812     39.796  32.611843    35.5500     2.3514     0.0852     0.2538 3.5741e+00     1.4579      2.994      4.342    16.3700 0.0000e+00
      3.077      0.096     2.1155     17.810     39.943  32.652711    35.5500     2.3705     0.0852     0.2538 3.5440e+00     1.4579      3.018      4.377    16.2693 0.0000e+00
      3.102      0.095     2.0375     16.829     40.131  32.728101    35.3700     2.3400     0.0852     0.2961 3.4950e+00     1.5032      3.042      4.412    16.1724 0.0000e+00
      3.126      0.095     1.9498     15.904     40.361  32.836206    35.3700     2.2637     0.0852     0.2961 3.4625e+00     1.6543      3.065      4.446    16.0736 0.0000e+00
      3.150      0.094     1.8563     15.054     40.611  32.958046    35.3700     2.2370     0.0852     0.2961 3.4206e+00     1.7449      3.089      4.480    15.9725 0.0000e+00
      3.173      0.093     1.7610     14.295     40.850  33.068344    35.3700     2.2446     0.0852     0.2961 3.3984e+00     1.6845      3.112      4.514    15.8731 0.0000e+00
      3.197      0.093     1.6674     13.649     41.062  33.156673    34.5600     2.2179     0.0852     0.3384 3.3369e+00     1.7298      3.135      4.548    15.7763 0.0000e+00
      3.221      0.093     1.5790     13.145     41.241  33.216707    34.5600     1.9967     0.0852     0.3384 3.2610e+00     3.2556      3.158      4.581    15.6785 0.0000e+00
      3.245      0.093     1.4980     12.820     41.384  33.244533    34.5600     2.0005     0.0852     0.3384 3.2688e+00     3.3764      3.182      4.615    15.5776 0.0000e+00
      3.268      0.093     1.4257     12.711     41.519  33.263503    34.5600     1.9852     0.0852     0.3384 3.2264e+00     3.2707      3.205      4.648    15.4756 0.0000e+00
      3.292      0.094     1.3643     12.807     41.692  33.310542    34.5600     2.0005     0.0852     0.3384 3.1681e+00     3.3160      3.228      4.682    15.3739 0.0000e+00
      3.315      0.094     1.3170     13.022     41.927  33.406160    34.2900     2.0119     0.0426     0.4230 3.1770e+00     4.4943      3.251      4.716    15.2713 0.0000e+00
      3.339      0.095     1.2876     13.211     42.183  33.518084    34.2900     1.9890     0.0426     0.4230 3.0926e+00     4.5547      3.275      4.750    15.1657 0.0000e+00
      3.364      0.095     1.2798     13.225     42.384  33.586522    34.2900     2.0005     0.0426     0.4230 3.0598e+00     4.4188      3.299      4.784    15.0575 0.0000e+00
      3.388      0.095     1.2926     12.974     42.542  33.621754    34.2900     2.0195     0.0426     0.4230 3.0064e+00     4.4339      3.323      4.819    14.9485 0.0000e+00
      3.412      0.095     1.3176     12.430     42.715  33.673010    33.4800     2.1187     0.0426     0.4653 2.9585e+00     5.1590      3.346      4.854    14.8392 0.0000e+00
      3.437      0.095     1.3397     11.591     42.903  33.738020    33.4800     2.1302     0.0426     0.4653 2.9469e+00     5.1137      3.370      4.888    14.7298 0.0000e+00
      3.461      0.094     1.3440     10.475     43.075  33.794278    33.4800     2.1225     0.0426     0.4653 2.9208e+00     5.1288      3.394      4.922    14.6215 0.0000e+00
      3.485      0.094     1.3213      9.157     43.223  33.834872    33.4800     2.1111     0.0426     0.4653 2.8661e+00     5.2345      3.417      4.956    14.5161 0.0000e+00
      3.508      0.094     1.2683      7.776     43.355  33.866642    33.2100     1.8593     0.1278     0.4230 2.8555e+00     6.1560      3.441      4.990    14.4151 0.0000e+00
      3.532      0.095     1.1848      6.491     43.494  33.906023    33.2100     1.8746     0.1278     0.4230 2.7796e+00     6.1107      3.464      5.024    14.3185 0.0000e+00
      3.556      0.095     1.0726      5.426     43.663  33.967501    33.2100     1.8670     0.1278     0.4230 2.7311e+00     6.2467      3.487      5.058    14.2263 0.0000e+00
      3.580      0.097     0.9392      4.638     43.864  34.051531    33.2100     1.8631     0.1278     0.4230 2.7424e+00     6.1258      3.511      5.092    14.1391 0.0000e+00
      3.605      0.098     0.7988      4.126     44.072  34.140678    33.3900     1.7868     0.1278     0.2961 2.6852e+00     7.1228      3.535      5.127    14.0564 0.0000e+00
      3.630      0.100     0.6678      3.863     44.283  34.234809    33.3900     1.7868     0.1278     0.2961 2.6435e+00     7.0775      3.560      5.163    13.9764 0.0000e+00
      3.656      0.101     0.5592      3.821     44.513  34.345080    33.3900     1.8021     0.1278     0.2961 2.6110e+00     7.1228      3.586      5.200    13.8961 0.0000e+00
      3.682      0.102     0.4790      3.966     44.737  34.453085    33.3900     1.7830     0.1278     0.2961 2.5738e+00     7.1833      3.611      5.237    13.8141 0.0000e+00
      3.709      0.103     0.4271      4.252     44.960  34.561727    33.3900     1.7029     0.1278     0.2961 2.4934e+00     7.7724      3.637      5.275    13.7327 0.0000e+00
      3.735      0.104     0.4008      4.641     45.224  34.699976    33.2100     1.6877     0.1704     0.3807 2.4627e+00     7.8177      3.663      5.312    13.6540 0.0000e+00
      3.761      0.104     0.3974      5.113     45.523  34.858880    33.2100     1.6762     0.1704     0.3807 2.4040e+00     7.8328      3.689      5.350    13.5784 0.0000e+00
      3.788      0.105     0.4133      5.667     45.831  35.017066    33.2100     1.7029     0.1704     0.3807 2.3936e+00     7.7573      3.714      5.387    13.5063 0.0000e+00
      3.814      0.106     0.4440      6.311     46.119  35.152968    33.2100     1.5999     0.1704     0.3807 2.3350e+00     9.4643      3.741      5.426    13.4363 0.0000e+00
      3.842      0.106     0.4856      7.049     46.367  35.257003    33.3000     1.6419     0.1704     0.2961 2.2680e+00     9.5399      3.768      5.465    13.3649 0.0000e+00
      3.869      0.106     0.5360      7.884     46.601  35.352928    33.3000     1.6419     0.1704     0.2961 2.2207e+00     9.4794      3.795      5.504    13.2877 0.0000e+00
      3.897      0.106     0.5954      8.828     46.850  35.464327    33.3000     1.6457     0.1704     0.2961 2.1565e+00     9.4945      3.821      5.543    13.2027 0.0000e+00
      3.923      0.105     0.6644      9.914     47.142  35.610945    33.3000     1.5847     0.1704     0.2961 2.1157e+00    10.9145      3.848      5.581    13.1118 0.0000e+00
      3.950      0.104     0.7437     11.169     47.454  35.774104    33.3000     1.5961     0.1704     0.4653 2.1061e+00    11.0354      3.874      5.619    13.0197 0.0000e+00
      3.976      0.103     0.8333     12.611     47.701  35.887743    33.3000     1.5656     0.1704     0.4653 2.0536e+00    10.9145      3.899      5.656    12.9315 0.0000e+00
      4.002      0.102     0.9348     14.237     47.845  35.926382    33.3000     1.5503     0.1704     0.4653 1.9938e+00    10.9448      3.925      5.693    12.8490 0.0000e+00
      4.029      0.100     1.0515     16.041     47.940  35.934189    33.3000     1.3787     0.1704     0.4653 1.9299e+00    13.4524      3.951      5.730    12.7704 0.0000e+00
      4.055      0.096     1.1867     18.034     48.035  35.955079    33.3000     1.3520     0.1704     0.4653 1.8522e+00    13.4675      3.976      5.767    12.6933 0.0000e+00
      4.080      0.092     1.3420     20.261     48.117  35.982669    33.8400     1.3672     0.2130     0.2961 1.7758e+00    13.5280      4.001      5.803    12.6169 0.0000e+00
      4.103      0.088     1.5173     22.776     48.177  36.004393    33.8400     1.3748     0.2130     0.2961 1.7516e+00    13.4071      4.024      5.836    12.5431 0.0000e+00
      4.125      0.084     1.7118     25.595     48.229  36.022060    33.8400     1.1879     0.2130     0.2961 1.7095e+00    14.6609      4.045      5.867    12.4768 0.0000e+00
      4.144      0.080     1.9265     28.655     48.278  36.032412    33.8400     1.1956     0.2130     0.2961 1.6991e+00    14.6307      4.064      5.895    12.4243 0.0000e+00
      4.163      0.079     2.1657     31.817     48.350  36.050164    34.3800     1.1803     0.2556     0.3807 1.6786e+00    14.7667      4.083      5.921    12.3890 0.0000e+00
      4.182      0.080     2.4357     34.917     48.470  36.088016    34.3800     1.2032     0.2556     0.3807 1.6550e+00    14.7063      4.101      5.948    12.3648 0.0000e+00
      4.201      0.083     2.7386     37.810     48.595  36.114226    34.3800     0.8789     0.2556     0.3807 1.6969e+00    16.3982      4.120      5.975    12.3423 0.0000e+00
      4.222      0.089     3.0680     40.438     48.710  36.125818    34.3800     0.8789     0.2556     0.3807 1.6637e+00    16.3378      4.140      6.005    12.3155 0.0000e+00
      4.245      0.095     3.4095     42.920     48.842  36.153770    34.9200     0.9285     0.2130     0.2538 1.5971e+00    16.3680      4.163      6.037    12.2786 0.0000e+00
      4.270      0.102     3.7464     45.567     48.965  36.181627    34.9200     0.8942     0.2130     0.2538 1.5482e+00    16.3075      4.188      6.074    12.2254 0.0000e+00
      4.298      0.109     4.0631     48.754     49.061  36.194902    34.9200     0.5356     0.2130     0.2538 1.4817e+00    19.3590      4.215      6.113    12.1566 0.0000e+00
      4.327      0.116     4.3528     52.738     49.125  36.189164    34.9200     0.5356     0.2130     0.2538 1.4449e+00    19.4346      4.243      6.154    12.0811 0.0000e+00
      4.358      0.121     4.6274     57.561     49.148  36.160890    35.5500     0.5432     0.2556     0.2961 1.3463e+00    19.4195      4.274      6.198    12.0091 0.0000e+00
      4.390      0.125     4.9198     63.088     49.153  36.128436    35.5500     0.5318     0.2556     0.2961 1.3100e+00    19.4044      4.305      6.244    11.9447 0.0000e+00
      4.423      0.128     5.2708     69.054     49.166  36.109045    35.5500     0.4593     0.2556     0.2961 1.2394e+00    20.8848      4.337      6.291    11.8859 0.0000e+00
      4.456      0.129     5.7082     75.071     49.204  36.113483    35.5500     0.3945     0.2556     0.2961 1.1374e+00    20.8697      4.370      6.338    11.8321 0.0000e+00
      4.490      0.130     6.2363     80.676     49.249  36.126996    35.5500     0.4173     0.2556     0.2961 1.1094e+00    20.9150      4.403      6.386    11.7860 0.0000e+00
      4.523      0.130     6.8404     85.450     49.289  36.141234    36.1800     0.4135     0.2982     0.2961 1.1123e+00    20.8395      4.436      6.433    11.7488 0.0000e+00
      4.556      0.130     7.4916     89.137     49.336  36.163976    36.1800     0.3601     0.2982     0.2961 1.0391e+00    21.3380      4.468      6.480    11.7191 0.0000e+00
      4.589      0.129     8.1482     91.679     49.378  36.185350    36.1800     0.3449     0.2982     0.2961 9.5884e-01    21.4437      4.501      6.527    11.6952 0.0000e+00
      4.622      0.128     8.7598     93.143     49.388  36.185157    36.1800     0.3792     0.2982     0.2961 9.3072e-01    21.4437      4.533      6.574    11.6756 0.0000e+00
      4.655      0.126     9.2809     93.653     49.359  36.157367    36.9900     0.3449     0.3834     0.1692 8.6443e-01    21.3682      4.565      6.621    11.6600 0.0000e+00
      4.688      0.125     9.6837     93.371     49.331  36.132422    36.9900     0.2991     0.3834     0.1692 8.0061e-01    21.7912      4.597      6.667    11.6477 0.0000e+00
      4.719      0.122     9.9616     92.495     49.338  36.133554    36.9900     0.3029     0.3834     0.1692 7.8170e-01    21.8063      4.628      6.712    11.6381 0.0000e+00
      4.750      0.120    10.1221     91.227     49.358  36.145125    36.9900     0.2915     0.3834     0.1692 7.1538e-01    21.7912      4.658      6.756    11.6304 0.0000e+00
      4.780      0.117    10.1789     89.742     49.374  36.154285    37.5300     0.2991     0.4260     0.2115 6.7814e-01    21.7459      4.688      6.799    11.6243 0.0000e+00
      4.810      0.115    10.1492     88.170     49.386  36.161482    37.5300     0.3372     0.4260     0.2115 6.3382e-01    22.0329      4.717      6.841    11.6194 0.0000e+00
      4.839      0.113    10.0547     86.608     49.400  36.170630    37.5300     0.3563     0.4260     0.2115 6.4368e-01    22.1235      4.745      6.882    11.6156 0.0000e+00
      4.867      0.111     9.9176     85.126     49.428  36.190143    37.5300     0.3525     0.4260     0.2115 5.7241e-01    22.1235      4.773      6.923    11.6126 0.0000e+00
      4.895      0.110     9.7566     83.769     49.464  36.215264    37.7100     0.3372     0.4260     0.2115 5.5865e-01    22.1235      4.801      6.962    11.6103 0.0000e+00
      4.923      0.109     9.5861     82.548     49.486  36.230778    37.7100     0.2953     0.4260     0.2115 5.3757e-01    22.1235      4.828      7.002    11.6086 0.0000e+00
      4.950      0.108     9.4165     81.465     49.503  36.242814    37.7100     0.3067     0.4260     0.2115 5.1672e-01    21.9876      4.855      7.041    11.6072 0.0000e+00
      4.978      0.107     9.2556     80.518     49.531  36.262550    37.7100     0.2800     0.4260     0.2115 4.8045e-01    22.1537      4.881      7.080    11.6060 0.0000e+00
      5.005      0.106     9.1082     79.694     49.547  36.273335    37.7100     0.2686     0.4260     0.2115 4.6182e-01    22.0178      4.908      7.119    11.6052 0.0000e+00
      5.032      0.104     8.9756     78.974     49.549  36.274060    37.7100     0.2991     0.4260     0.1692 4.3512e-01    21.9725      4.935      7.158    11.6045 0.0000e+00
      5.059      0.103     8.8580     78.344     49.556  36.278865    37.7100     0.2838     0.4260     0.1692 4.2642e-01    22.0631      4.961      7.195    11.6038 0.0000e+00
      5.085      0.101     8.7552     77.788     49.567  36.287038    37.7100     0.2838     0.4260     0.1692 3.8003e-01    22.1386      4.986      7.232    11.6031 0.0000e+00
      5.110      0.100     8.6657     77.290     49.572  36.290798    37.7100     0.2953     0.4260     0.1692 3.6190e-01    22.0782      5.011      7.269    11.6025 0.0000e+00
      5.136      0.099     8.5875     76.845     49.557  36.279194    37.7100     0.2800     0.4260     0.2115 3.4643e-01    22.0933      5.036      7.304    11.6020 0.0000e+00
      5.161      0.098     8.5190     76.454     49.522  36.253116    37.7100     0.2800     0.4260     0.2115 3.4321e-01    22.0933      5.061      7.340    11.6016 0.0000e+00
      5.186      0.097     8.4586     76.116     49.482  36.223541    37.7100     0.2838     0.4260     0.2115 3.0654e-01    22.1084      5.085      7.375    11.6015 0.0000e+00
      5.210      0.097     8.4045     75.833     49.459  36.206487    37.7100     0.3067     0.4260     0.2115 2.2840e-01    22.1084      5.110      7.411    11.6013 0.0000e+00
      5.235      0.096     8.3562     75.607     49.458  36.205377    37.8900     0.2876     0.3834     0.1692 2.9491e-01    22.1386      5.134      7.446    11.6010 0.0000e+00
      5.259      0.097     8.3139     75.435     49.446  36.196006    37.8900     0.2915     0.3834     0.1692 2.9242e-01    22.1235      5.157      7.480    11.6004 0.0000e+00
      5.283      0.097     8.2772     75.310     49.413  36.171892    37.8900     0.2876     0.3834     0.1692 2.6186e-01    22.0933      5.181      7.514    11.5999 0.0000e+00
      5.308      0.098     8.2464     75.229     49.390  36.154496    37.8900     0.3105     0.3834     0.1692 2.2855e-01    22.0933      5.205      7.550    11.5994 0.0000e+00
      5.333      0.098     8.2220     75.173     49.364  36.135193    37.8900     0.2876     0.4260     0.1269 2.1099e-01    22.3048      5.230      7.586    11.5991 0.0000e+00
