Data/DataNotYetUploadedToEDI/Raw_CTD/RawDownloads/062424_fcr50_S8188003.cnv
* Sea-Bird SBE19plus  Data File:
* FileName = C:\R\Reservoirs\Data\DataNotYetUploadedToEDI\Raw_CTD\RawDownloads\062424_bvr50_S8188_0003.hex
* Software version 2.8.0.119
* Temperature SN = 8188
* Conductivity SN = 8188
* System UpLoad Time = Jul 02 2024 12:04:00
* <ApplicationData>
* <Seaterm232>
# nquan = 16
# nvalues = 2137                        
# units = specified
# name 0 = depFM: Depth [fresh water, m]
# name 1 = dz/dtM: Descent Rate [m/s]
# name 2 = sbeox0Mg/L: Oxygen, SBE 43 [mg/l]
# name 3 = sbeox0PS: Oxygen, SBE 43 [% saturation]
# name 4 = specc: Specific Conductance [uS/cm]
# name 5 = c0uS/cm: Conductivity [uS/cm]
# name 6 = wetCDOM: Fluorescence, WET Labs CDOM [mg/m^3]
# name 7 = flECO-AFL: Fluorescence, WET Labs ECO-AFL/FL [mg/m^3]
# name 8 = flECO-AFL1: Fluorescence, WET Labs ECO-AFL/FL, 2 [mg/m^3]
# name 9 = flECO-AFL2: Fluorescence, WET Labs ECO-AFL/FL, 3 [mg/m^3]
# name 10 = par/sat/log: PAR/Logarithmic, Satlantic
# name 11 = turbWETntu0: Turbidity, WET Labs ECO [NTU]
# name 12 = prdM: Pressure, Strain Gauge [db]
# name 13 = prdE: Pressure, Strain Gauge [psi]
# name 14 = tv290C: Temperature [ITS-90, deg C]
# name 15 = flag:  0.000e+00
# span 0 =     -0.705,      9.282       
# span 1 =     -0.217,      0.185       
# span 2 =     0.3974,    16.1709       
# span 3 =      3.821,    201.457       
# span 4 =     -0.031,    340.007       
# span 5 =  -0.028105, 249.119116       
# span 6 =    -4.5000,   233.1000       
# span 7 =    -0.8873,    19.3195       
# span 8 =    -2.1300,     0.4686       
# span 9 =    -2.0304,    11.8863       
# span 10 = 1.1582e-01, 2.6418e+03      
# span 11 =    -4.2976,   112.2938      
# span 12 =     -0.691,      9.102      
# span 13 =     -1.002,     13.202      
# span 14 =    11.5720,    28.1856      
# span 15 = 0.0000e+00, 0.0000e+00      
# interval = seconds: 0.25
# start_time = Jun 24 2024 12:02:32 [Instrument's time stamp, header]
# bad_flag = -9.990e-29
*END*
[from data line 362]
      0.301      0.007     8.9246    162.888     47.052  49.792898    30.1500     2.0882     0.2130    10.9557 1.1499e+02    12.3194      0.296      0.429    26.9184 0.0000e+00
      0.303      0.007     9.7532    172.846     47.053  49.880304    30.1500     2.1149     0.2130    10.9557 1.1549e+02    12.3648      0.298      0.431    27.2638 0.0000e+00
      0.305      0.007    10.7585    179.603     47.080  49.961845    30.1500     2.1988     0.2130    10.9557 1.1449e+02    11.8209      0.299      0.434    27.5507 0.0000e+00
      0.306      0.006    11.8017    182.934     47.121  50.037338    30.1500     2.1645     0.2130    10.9557 1.1504e+02    11.9116      0.301      0.436    27.7605 0.0000e+00
      0.308      0.006    12.7527    183.127     47.150  50.085053    29.9700     2.1798     0.2130    11.1672 1.1482e+02    11.8511      0.302      0.438    27.9032 0.0000e+00
      0.309      0.005    13.5163    180.964     47.155  50.097777    29.9700     2.1798     0.2130    11.1672 1.1452e+02    11.8209      0.303      0.440    27.9959 0.0000e+00
      0.311      0.005    14.0349    177.499     47.150  50.094851    29.9700     2.1950     0.2130    11.1672 1.1539e+02    11.3224      0.305      0.442    28.0536 0.0000e+00
      0.312      0.004    14.2898    173.671     47.139  50.083470    29.9700     2.1798     0.2130    11.1672 1.1552e+02    11.4735      0.306      0.444    28.0876 0.0000e+00
      0.313      0.004    14.3023    170.079     47.129  50.072558    29.9700     2.1836     0.2130    11.1672 1.1489e+02    11.3980      0.307      0.445    28.1057 0.0000e+00
      0.314      0.004    14.1326    167.020     47.127  50.071165    29.9700     2.1836     0.2130    11.1672 1.1439e+02    11.4282      0.308      0.446    28.1136 0.0000e+00
      0.314      0.003    13.8622    164.594     47.128  50.074934    29.9700     2.2294     0.2130    11.1672 1.1462e+02    11.4584      0.308      0.447    28.1159 0.0000e+00
      0.315      0.003    13.5637    162.772     47.142  50.092843    29.9700     2.2294     0.2130    11.1672 1.1472e+02    11.3375      0.309      0.448    28.1160 0.0000e+00
      0.316      0.003    13.2835    161.462     47.177  50.133656    29.9700     2.2179     0.2130    11.1672 1.1459e+02    11.3677      0.310      0.449    28.1159 0.0000e+00
      0.317      0.003    13.0445    160.565     47.212  50.174367    29.9700     2.2294     0.2556    10.9134 1.1405e+02    11.4282      0.311      0.450    28.1168 0.0000e+00
      0.317      0.003    12.8546    159.977     47.212  50.175996    29.9700     2.2027     0.2556    10.9134 1.1348e+02    10.6880      0.311      0.451    28.1192 0.0000e+00
      0.318      0.003    12.7116    159.573     47.186  50.148945    29.9700     2.1950     0.2556    10.9134 1.1321e+02    10.6577      0.312      0.453    28.1227 0.0000e+00
      0.319      0.003    12.6085    159.247     47.174  50.135838    29.9700     2.1759     0.2556    10.9134 1.1308e+02    10.6275      0.313      0.454    28.1266 0.0000e+00
      0.320      0.003    12.5377    158.945     47.180  50.141152    29.9700     2.1874     0.2130    10.7865 1.1333e+02    10.5671      0.314      0.455    28.1299 0.0000e+00
      0.320      0.003    12.4913    158.672     47.187  50.146370    29.9700     2.1531     0.2130    10.7865 1.1323e+02    10.5822      0.314      0.456    28.1320 0.0000e+00
      0.321      0.003    12.4596    158.469     47.195  50.152884    29.9700     2.1264     0.2130    10.7865 1.1257e+02    10.3707      0.315      0.457    28.1327 0.0000e+00
      0.322      0.003    12.4343    158.360     47.197  50.154456    29.9700     2.1340     0.2130    10.7865 1.1264e+02    10.4916      0.316      0.458    28.1322 0.0000e+00
      0.323      0.003    12.4109    158.348     47.177  50.131571    30.0600     2.1111     0.2130    10.6596 1.1237e+02    10.2952      0.317      0.459    28.1308 0.0000e+00
      0.324      0.003    12.3901    158.406     47.156  50.108028    30.0600     2.1378     0.2130    10.6596 1.1162e+02    10.4462      0.318      0.461    28.1290 0.0000e+00
      0.325      0.003    12.3745    158.494     47.153  50.103463    30.0600     2.1378     0.2130    10.6596 1.1203e+02    10.4462      0.319      0.462    28.1274 0.0000e+00
      0.326      0.004    12.3663    158.582     47.146  50.094732    30.0600     2.1225     0.2130    10.6596 1.1264e+02    10.4160      0.319      0.463    28.1264 0.0000e+00
      0.327      0.004    12.3656    158.659     47.147  50.095454    29.9700     2.1340     0.2556    10.9980 1.1206e+02    10.3707      0.320      0.464    28.1252 0.0000e+00
      0.327      0.004    12.3705    158.699     47.188  50.139709    29.9700     2.0806     0.2556    10.9980 1.1162e+02    10.3556      0.321      0.466    28.1235 0.0000e+00
      0.328      0.004    12.3777    158.693     47.249  50.205411    29.9700     2.0501     0.2556    10.9980 1.1160e+02    10.9297      0.322      0.467    28.1217 0.0000e+00
      0.330      0.004    12.3849    158.666     47.289  50.248283    29.9700     2.0577     0.2556    10.9980 1.1085e+02    10.8541      0.323      0.469    28.1206 0.0000e+00
      0.331      0.004    12.3909    158.662     47.300  50.259823    29.9700     2.0729     0.2556    10.9980 1.1070e+02    10.9297      0.324      0.470    28.1202 0.0000e+00
      0.332      0.004    12.3940    158.703     47.291  50.251081    29.8800     2.0577     0.2130    11.3787 1.1068e+02    10.8843      0.325      0.472    28.1205 0.0000e+00
      0.333      0.004    12.3933    158.771     47.272  50.231688    29.8800     2.1073     0.2130    11.3787 1.1080e+02    11.0807      0.326      0.473    28.1215 0.0000e+00
      0.334      0.003    12.3911    158.825     47.254  50.212421    29.8800     2.1111     0.2130    11.3787 1.1005e+02    11.1714      0.327      0.474    28.1222 0.0000e+00
      0.334      0.003    12.3907    158.844     47.249  50.208075    29.8800     2.1187     0.2130    11.3787 1.0922e+02    11.1109      0.328      0.475    28.1225 0.0000e+00
      0.335      0.002    12.3938    158.846     47.262  50.221480    29.9700     2.1035     0.2556    11.1249 1.0962e+02    11.0807      0.328      0.476    28.1228 0.0000e+00
      0.335      0.002    12.3989    158.848     47.270  50.228300    29.9700     2.1225     0.2556    11.1249 1.0967e+02    11.6246      0.329      0.477    28.1235 0.0000e+00
      0.336      0.002    12.4030    158.842     47.262  50.218395    29.9700     2.1225     0.2556    11.1249 1.0858e+02    11.6397      0.329      0.477    28.1241 0.0000e+00
      0.336      0.002    12.4046    158.816     47.247  50.201083    29.9700     2.1035     0.2556    11.1249 1.0868e+02    11.7001      0.329      0.478    28.1242 0.0000e+00
      0.336      0.001    12.4048    158.785     47.229  50.179721    29.9700     2.0768     0.1704    11.0403 1.0861e+02    11.6548      0.330      0.478    28.1238 0.0000e+00
      0.336      0.001    12.4051    158.767     47.209  50.156587    29.9700     2.1149     0.1704    11.0403 1.0877e+02    11.6246      0.330      0.479    28.1230 0.0000e+00
      0.337      0.001    12.4049    158.772     47.192  50.137471    29.9700     2.1149     0.1704    11.0403 1.0910e+02    11.5490      0.330      0.479    28.1216 0.0000e+00
      0.337      0.001    12.4034    158.806     47.185  50.129238    29.9700     2.1454     0.1704    11.0403 1.0934e+02    11.7454      0.330      0.479    28.1196 0.0000e+00
      0.337      0.001    12.4014    158.884     47.177  50.121718    29.9700     2.1378     0.1704    11.0403 1.0842e+02    11.5490      0.331      0.479    28.1173 0.0000e+00
      0.337      0.001    12.4005    159.008     47.160  50.104932    29.7000     2.0501     0.2130    10.9980 1.0879e+02    11.3375      0.331      0.480    28.1152 0.0000e+00
      0.337      0.001    12.4013    159.152     47.142  50.086364    29.7000     2.0653     0.2130    10.9980 1.0905e+02    11.3526      0.331      0.480    28.1136 0.0000e+00
      0.338      0.001    12.4040    159.291     47.138  50.080999    29.7000     2.0539     0.2130    10.9980 1.0920e+02    11.3677      0.331      0.480    28.1133 0.0000e+00
      0.338      0.000    12.4098    159.419     47.155  50.095379    29.7000     2.0424     0.2130    10.9980 1.0884e+02    11.3980      0.331      0.480    28.1144 0.0000e+00
      0.338      0.000    12.4192    159.530     47.174  50.109417    29.8800     1.9852     0.2130    10.2789 1.0924e+02    10.8239      0.331      0.480    28.1159 0.0000e+00
      0.338      0.001    12.4304    159.606     47.178  50.106921    29.8800     1.9852     0.2130    10.2789 1.0927e+02    10.8843      0.331      0.481    28.1162 0.0000e+00
      0.338      0.001    12.4416    159.634     47.177  50.099186    29.8800     2.0005     0.2130    10.2789 1.0813e+02    10.9145      0.332      0.481    28.1146 0.0000e+00
      0.338      0.001    12.4524    159.605     47.182  50.100096    29.8800     1.9928     0.2130    10.2789 1.0806e+02    10.9750      0.332      0.481    28.1107 0.0000e+00
      0.339      0.001    12.4623    159.523     47.200  50.117868    29.7900     2.0768     0.2556     9.9828 1.0846e+02    10.8692      0.332      0.481    28.1047 0.0000e+00
      0.339      0.000    12.4699    159.414     47.225  50.145280    29.7900     2.0577     0.2556     9.9828 1.0879e+02    10.8843      0.332      0.482    28.0975 0.0000e+00
      0.339      0.000    12.4737    159.293     47.233  50.157747    29.7900     2.0424     0.2556     9.9828 1.0792e+02    10.8390      0.333      0.482    28.0906 0.0000e+00
      0.339      0.000    12.4725    159.163     47.233  50.162581    29.7900     2.0501     0.2556     9.9828 1.0767e+02    10.9145      0.333      0.482    28.0856 0.0000e+00
      0.339      0.000    12.4664    159.035     47.235  50.169044    29.5200     2.0729     0.2556    10.4904 1.0792e+02    11.2318      0.333      0.483    28.0840 0.0000e+00
      0.339      0.000    12.4575    158.928     47.222  50.158926    29.5200     2.0348     0.2556    10.4904 1.0769e+02    11.2167      0.333      0.483    28.0858 0.0000e+00
      0.339     -0.001    12.4472    158.848     47.199  50.137502    29.5200     2.0539     0.2556    10.4904 1.0736e+02    11.1563      0.333      0.482    28.0896 0.0000e+00
      0.339     -0.001    12.4360    158.795     47.174  50.111022    29.5200     2.0577     0.2556    10.4904 1.0748e+02    11.2318      0.332      0.482    28.0943 0.0000e+00
      0.338     -0.001    12.4249    158.774     47.142  50.076411    29.5200     2.0577     0.2556    10.4904 1.0690e+02    11.1109      0.332      0.481    28.0993 0.0000e+00
      0.338     -0.001    12.4156    158.791     47.122  50.054340    29.5200     2.0424     0.2130    10.9980 1.0734e+02    11.1411      0.331      0.480    28.1035 0.0000e+00
      0.337     -0.001    12.4089    158.840     47.130  50.060851    29.5200     2.0653     0.2130    10.9980 1.0875e+02    11.0656      0.331      0.480    28.1058 0.0000e+00
      0.337     -0.001    12.4046    158.909     47.147  50.075754    29.5200     2.0577     0.2130    10.9980 1.0809e+02    11.2016      0.331      0.479    28.1063 0.0000e+00
      0.337     -0.001    12.4031    158.985     47.149  50.073121    29.5200     1.9890     0.2130    10.9980 1.0830e+02    11.5641      0.330      0.479    28.1058 0.0000e+00
      0.337      0.000    12.4047    159.043     47.142  50.062215    29.6100     2.0119     0.2130    11.1249 1.0825e+02    11.6094      0.330      0.479    28.1046 0.0000e+00
      0.337      0.000    12.4090    159.041     47.158  50.074018    29.6100     2.0081     0.2130    11.1249 1.0908e+02    11.5641      0.330      0.479    28.1023 0.0000e+00
      0.337      0.000    12.4152    158.962     47.192  50.105696    29.6100     2.0005     0.2130    11.1249 1.0903e+02    11.5792      0.330      0.479    28.0988 0.0000e+00
      0.337      0.001    12.4220    158.840     47.211  50.123834    29.6100     2.0081     0.2130    11.1249 1.0889e+02    11.3375      0.330      0.479    28.0948 0.0000e+00
      0.337      0.001    12.4275    158.736     47.205  50.117320    29.6100     2.0195     0.2130    10.8288 1.0901e+02    11.3375      0.330      0.480    28.0903 0.0000e+00
      0.338      0.002    12.4285    158.669     47.199  50.110333    29.6100     2.0005     0.2130    10.8288 1.0851e+02    11.2771      0.331      0.480    28.0852 0.0000e+00
      0.338      0.002    12.4232    158.622     47.211  50.122938    29.6100     2.0043     0.2130    10.8288 1.0823e+02    11.3375      0.331      0.481    28.0808 0.0000e+00
      0.338      0.003    12.4143    158.595     47.226  50.136567    29.6100     2.0691     0.2130    10.8288 1.0863e+02    11.1109      0.332      0.482    28.0785 0.0000e+00
      0.339      0.004    12.4063    158.592     47.221  50.128942    29.6100     2.0653     0.2556    10.6173 1.0868e+02    11.2318      0.332      0.483    28.0779 0.0000e+00
      0.340      0.005    12.4010    158.614     47.201  50.106001    29.6100     2.0577     0.2556    10.6173 1.0844e+02    11.1109      0.333      0.484    28.0778 0.0000e+00
      0.341      0.006    12.3976    158.653     47.174  50.077574    29.6100     2.0501     0.2556    10.6173 1.0875e+02    11.1260      0.335      0.486    28.0771 0.0000e+00
      0.343      0.007    12.3958    158.698     47.144  50.048041    29.6100     1.9928     0.2556    10.6173 1.0830e+02    11.6397      0.336      0.488    28.0754 0.0000e+00
      0.345      0.008    12.3961    158.745     47.121  50.025475    29.6100     1.9738     0.2556    10.6173 1.0781e+02    11.6246      0.338      0.491    28.0730 0.0000e+00
      0.347      0.009    12.3983    158.807     47.111  50.013827    29.5200     1.9852     0.2130    11.0403 1.0755e+02    11.5339      0.341      0.494    28.0708 0.0000e+00
      0.350      0.009    12.4013    158.901     47.109  50.007996    29.5200     1.9890     0.2130    11.0403 1.0652e+02    11.6548      0.344      0.498    28.0707 0.0000e+00
      0.353      0.010    12.4043    159.021     47.106  50.000448    29.5200     2.1225     0.2130    11.0403 1.0804e+02    11.8360      0.346      0.502    28.0732 0.0000e+00
      0.356      0.009    12.4075    159.152     47.100  49.991161    29.5200     2.1225     0.2130    11.0403 1.0708e+02    11.8209      0.349      0.506    28.0754 0.0000e+00
      0.358      0.009    12.4127    159.266     47.098  49.987626    30.0600     2.1225     0.2130    10.8288 1.0729e+02    11.8814      0.351      0.509    28.0740 0.0000e+00
      0.360      0.009    12.4209    159.330     47.115  50.004850    30.0600     2.1378     0.2130    10.8288 1.0811e+02    11.9116      0.353      0.512    28.0698 0.0000e+00
      0.362      0.009    12.4313    159.329     47.149  50.039450    30.0600     2.0501     0.2130    10.8288 1.0816e+02    11.8511      0.355      0.515    28.0652 0.0000e+00
      0.364      0.009    12.4422    159.283     47.167  50.056799    30.0600     2.0539     0.2130    10.8288 1.0917e+02    11.8814      0.357      0.518    28.0623 0.0000e+00
      0.367      0.010    12.4514    159.219     47.157  50.043580    29.7900     2.0691     0.2130    10.9980 1.0872e+02    11.8360      0.360      0.522    28.0610 0.0000e+00
      0.369      0.010    12.4566    159.150     47.146  50.030157    29.7900     2.0310     0.2130    10.9980 1.1027e+02    11.9871      0.362      0.526    28.0600 0.0000e+00
      0.372      0.010    12.4568    159.086     47.154  50.038866    29.7900     2.0424     0.2130    10.9980 1.1039e+02    11.8663      0.365      0.529    28.0586 0.0000e+00
      0.375      0.011    12.4537    159.049     47.170  50.058074    29.7900     2.0424     0.2130    10.9980 1.1010e+02    11.8965      0.368      0.533    28.0564 0.0000e+00
