Data/DataNotYetUploadedToEDI/Raw_CTD/RawDownloads/062424_fcr10_S7809002.cnv
* Sea-Bird SBE19plus  Data File:
* FileName = C:\R\Reservoirs\Data\DataNotYetUploadedToEDI\Raw_CTD\RawDownloads\062424_fcr50_S7809_0002.hex
* Software version 2.8.0.119
* Temperature SN = 7809
* Conductivity SN = 7809
* System UpLoad Time = Jun 26 2024 15:02:24
* <ApplicationData>
* <Seaterm232>
# nquan = 15
# nvalues = 865                         
# units = specified
# name 0 = depFM: Depth [fresh water, m]
# name 1 = dz/dtM: Descent Rate [m/s]
# name 2 = sbeox0Mg/L: Oxygen, SBE 43 [mg/l]
# name 3 = sbeox0PS: Oxygen, SBE 43 [% saturation]
# name 4 = specc: Specific Conductance [uS/cm]
# name 5 = c0uS/cm: Conductivity [uS/cm]
# name 6 = flECO-AFL: Fluorescence, WET Labs ECO-AFL/FL [mg/m^3]
# name 7 = ph: pH
# name 8 = orp: Oxidation Reduction Potential [mV]
# name 9 = par/sat/log: PAR/Logarithmic, Satlantic
# name 10 = turbWETntu0: Turbidity, WET Labs ECO [NTU]
# name 11 = prdM: Pressure, Strain Gauge [db]
# name 12 = prdE: Pressure, Strain Gauge [psi]
# name 13 = tv290C: Temperature [ITS-90, deg C]
# name 14 = flag:  0.000e+00
# span 0 =     -0.705,      2.078       
# span 1 =     -0.400,      0.189       
# span 2 =     0.1292,    14.4712       
# span 3 =      1.483,    182.052       
# span 4 =      1.458,    109.600       
# span 5 =   1.470114, 101.400354       
# span 6 =    -0.2832,    57.5435       
# span 7 =     -2.063,     10.720       
# span 8 = -1240.7286,  1239.9427       
# span 9 = 4.1403e+00, 2.8438e+03       
# span 10 =   -11.8699,    55.4376      
# span 11 =     -0.693,      2.039      
# span 12 =     -1.004,      2.957      
# span 13 =    21.2048,    28.1449      
# span 14 = 0.0000e+00, 0.0000e+00      
# interval = seconds: 0.25
# start_time = Jun 24 2024 12:30:53 [Instrument's time stamp, header]
# bad_flag = -9.990e-29
*END*
[from data line 193]
     -0.131      0.003    13.7122    168.478     48.286  50.776755     4.1738     10.596    71.1287 1.0493e+02    12.7780     -0.129     -0.187    27.5052 0.0000e+00
     -0.130      0.004    13.5496    167.733     48.227  50.718408     4.1322     10.596    70.9497 1.0629e+02    12.8505     -0.127     -0.185    27.5307 0.0000e+00
     -0.129      0.006    13.4390    167.140     48.279  50.770748     3.9812     10.597    70.8404 1.0748e+02    12.8506     -0.126     -0.183    27.5447 0.0000e+00
     -0.129      0.008    13.3548    166.750     48.344  50.838120     3.6891     10.597    70.9257 1.0843e+02    12.7791     -0.126     -0.183    27.5592 0.0000e+00
     -0.127      0.008    13.2813    166.565     48.341  50.834544     3.5136     10.596    71.0343 1.0568e+02    12.7044     -0.125     -0.181    27.5773 0.0000e+00
     -0.123      0.007    13.2224    166.546     48.304  50.791014     3.5155     10.595    71.0349 1.0035e+02    12.7671     -0.120     -0.175    27.5794 0.0000e+00
     -0.119      0.005    13.1739    166.651     48.279  50.756269     3.8192     10.594    71.0196 9.8745e+01    13.4685     -0.115     -0.167    27.5729 0.0000e+00
     -0.117      0.004    13.1442    166.831     48.269  50.731905     4.4723     10.594    71.1072 9.8798e+01    14.6602     -0.113     -0.164    27.5728 0.0000e+00
     -0.119      0.002    13.1308    167.086     48.241  50.686899     4.9960     10.594    71.1473 9.7762e+01    15.2539     -0.115     -0.169    27.5732 0.0000e+00
     -0.121      0.000    13.1304    167.373     48.226  50.656540     5.1484     10.594    71.1611 9.9751e+01    15.2494     -0.118     -0.172    27.5697 0.0000e+00
     -0.121      0.000    13.1438    167.594     48.259  50.682297     5.1165     10.594    71.1871 1.0453e+02    15.1874     -0.119     -0.173    27.5613 0.0000e+00
     -0.120      0.001    13.1601    167.725     48.262  50.680822     4.7766     10.595    71.0325 1.0908e+02    14.6751     -0.118     -0.172    27.5453 0.0000e+00
     -0.119      0.002    13.1849    167.774     48.167  50.575204     4.1860     10.596    70.9275 1.0963e+02    13.7693     -0.117     -0.170    27.5274 0.0000e+00
     -0.117      0.002    13.2165    167.748     48.030  50.421201     3.8760     10.596    71.0349 1.0501e+02    13.3221     -0.115     -0.168    27.5115 0.0000e+00
     -0.117      0.002    13.2355    167.705     47.912  50.279142     3.8330     10.596    71.1261 1.0028e+02    13.2639     -0.114     -0.166    27.5010 0.0000e+00
     -0.116      0.001    13.2460    167.696     47.854  50.190931     3.6582     10.597    71.1696 9.8943e+01    13.3051     -0.114     -0.165    27.4988 0.0000e+00
     -0.116      0.001    13.2515    167.758     47.877  50.180025     3.3604     10.597    71.2170 1.0015e+02    13.5123     -0.114     -0.165    27.4968 0.0000e+00
     -0.117      0.001    13.2491    167.942     47.931  50.210724     3.2206     10.596    71.2690 1.0238e+02    13.6853     -0.113     -0.164    27.4853 0.0000e+00
     -0.118      0.002    13.2488    168.280     47.972  50.244596     3.2493     10.596    71.2815 1.0450e+02    13.7922     -0.116     -0.168    27.4675 0.0000e+00
     -0.119      0.002    13.2543    168.770     47.998  50.272088     3.4738     10.596    71.1975 1.0501e+02    14.0875     -0.117     -0.170    27.4397 0.0000e+00
     -0.117      0.001    13.2673    169.313     48.015  50.289158     3.8803     10.598    71.1132 1.0456e+02    14.5575     -0.115     -0.167    27.3961 0.0000e+00
     -0.114      0.001    13.2892    169.733     48.051  50.323994     4.1022     10.600    71.1227 1.0496e+02    14.7950     -0.111     -0.161    27.3631 0.0000e+00
     -0.112      0.001    13.3166    169.956     48.161  50.439306     4.1175     10.600    71.2261 1.0547e+02    14.8409     -0.109     -0.158    27.3582 0.0000e+00
     -0.114      0.000    13.3560    170.058     48.311  50.603971     3.9909     10.601    71.3306 1.0557e+02    14.8043     -0.112     -0.162    27.3641 0.0000e+00
     -0.115     -0.002    13.4066    170.159     48.471  50.791089     3.7363     10.602    71.3544 1.0622e+02    14.6262     -0.115     -0.166    27.3633 0.0000e+00
     -0.115     -0.004    13.4429    170.309     48.572  50.923893     3.5942     10.603    71.3409 1.0656e+02    14.4632     -0.113     -0.164    27.3582 0.0000e+00
     -0.115     -0.005    13.4582    170.441     48.503  50.876323     3.5625     10.604    71.3396 1.0717e+02    14.3376     -0.112     -0.162    27.3543 0.0000e+00
     -0.117     -0.005    13.4605    170.502     48.409  50.787428     3.4615     10.605    71.3395 1.0761e+02    14.0291     -0.114     -0.165    27.3628 0.0000e+00
     -0.120     -0.004    13.4612    170.549     48.428  50.801528     3.2968     10.607    71.3395 1.0634e+02    13.5345     -0.118     -0.172    27.3846 0.0000e+00
     -0.123     -0.004    13.4693    170.664     48.490  50.856302     3.2115     10.609    71.3396 1.0484e+02    13.2424     -0.122     -0.176    27.4131 0.0000e+00
     -0.123     -0.003    13.4743    170.887     48.516  50.878216     3.2200     10.612    71.2544 1.0405e+02    13.1956     -0.121     -0.176    27.4466 0.0000e+00
     -0.122      0.000    13.4736    171.168     48.516  50.875999     3.2335     10.614    71.1699 1.0668e+02    13.1740     -0.119     -0.173    27.4574 0.0000e+00
     -0.121      0.002    13.4779    171.389     48.533  50.892989     3.3090     10.616    71.1780 1.1166e+02    13.1522     -0.119     -0.172    27.4442 0.0000e+00
     -0.121      0.004    13.4892    171.521     48.593  50.956647     3.4578     10.619    71.1804 1.1281e+02    13.1027     -0.120     -0.174    27.4310 0.0000e+00
     -0.120      0.005    13.5086    171.636     48.699  51.074216     3.5429     10.621    71.1994 1.1091e+02    13.0196     -0.118     -0.172    27.4250 0.0000e+00
     -0.119      0.007    13.5363    171.792     48.775  51.171585     3.5806     10.623    71.3210 1.1036e+02    13.0357     -0.116     -0.169    27.4254 0.0000e+00
     -0.117      0.007    13.5547    171.991     48.764  51.181503     3.8047     10.623    71.5329 1.0961e+02    13.5026     -0.115     -0.166    27.4256 0.0000e+00
     -0.115      0.004    13.5616    172.168     48.764  51.194160     4.1972     10.619    71.7821 1.0673e+02    14.2920     -0.113     -0.164    27.4244 0.0000e+00
     -0.111     -0.003    13.5688    172.240     48.827  51.261142     4.4224     10.614    72.0101 1.0593e+02    14.7226     -0.110     -0.160    27.4280 0.0000e+00
     -0.108     -0.011    13.5762    172.221     48.859  51.292915     4.5555     10.610    72.1397 1.0806e+02    14.8839     -0.104     -0.151    27.4465 0.0000e+00
     -0.110     -0.017    13.5864    172.201     48.831  51.260840     5.6312     10.606    72.2310 1.0771e+02    15.4565     -0.104     -0.151    27.4774 0.0000e+00
     -0.121     -0.020    13.6008    172.214     48.769  51.190808     7.5572     10.604    72.4252 1.0362e+02    16.3173     -0.117     -0.170    27.4904 0.0000e+00
     -0.134     -0.020    13.6072    172.272     48.729  51.144619     8.5754     10.604    72.6803 1.0050e+02    16.7169     -0.134     -0.194    27.4845 0.0000e+00
     -0.143     -0.016    13.6021    172.423     48.728  51.146846     8.5614     10.602    72.9071 1.0097e+02    16.6671     -0.142     -0.207    27.4839 0.0000e+00
     -0.145     -0.010    13.5997    172.573     48.727  51.154242     7.6206     10.599    73.1023 1.0397e+02    16.5348     -0.144     -0.209    27.4823 0.0000e+00
     -0.142     -0.004    13.6051    172.610     48.732  51.170560     5.8897     10.595    73.2333 1.0517e+02    16.3813     -0.140     -0.204    27.4750 0.0000e+00
     -0.137      0.001    13.6052    172.492     48.768  51.217177     4.9377     10.592    73.2862 1.0229e+02    16.2808     -0.133     -0.194    27.4687 0.0000e+00
     -0.135      0.001    13.6217    172.186     48.814  51.273415     4.8247     10.590    73.3980 1.0049e+02    16.1734     -0.130     -0.189    27.4725 0.0000e+00
     -0.136     -0.000    13.6355    171.850     48.814  51.279063     4.5228     10.589    73.6388 1.0147e+02    15.3228     -0.132     -0.192    27.4849 0.0000e+00
     -0.139     -0.002    13.6321    171.581     48.756  51.221979     3.9842     10.589    73.7883 1.0568e+02    13.8186     -0.137     -0.199    27.4962 0.0000e+00
     -0.142     -0.002    13.6284    171.289     48.691  51.154705     3.6974     10.590    73.7429 1.1063e+02    13.0506     -0.141     -0.204    27.5049 0.0000e+00
     -0.142     -0.001    13.5921    170.959     48.642  51.100624     3.6770     10.591    73.6926 1.1035e+02    13.0044     -0.140     -0.203    27.5127 0.0000e+00
     -0.141      0.002    13.5607    170.657     48.625  51.076061     3.6714     10.593    73.6960 1.0598e+02    12.9527     -0.138     -0.201    27.5195 0.0000e+00
     -0.140      0.004    13.5449    170.411     48.665  51.111694     3.5469     10.596    73.6123 1.0358e+02    12.9038     -0.137     -0.199    27.5240 0.0000e+00
     -0.138      0.004    13.5206    170.226     48.703  51.150468     3.3192     10.599    73.4543 1.0281e+02    12.9598     -0.136     -0.197    27.5249 0.0000e+00
     -0.135      0.003    13.4929    170.149     48.712  51.163886     3.1988     10.601    73.4216 1.0096e+02    13.0156     -0.132     -0.191    27.5216 0.0000e+00
     -0.134      0.002    13.4699    170.174     48.750  51.210445     3.1893     10.604    73.4747 1.0074e+02    12.9973     -0.130     -0.188    27.5136 0.0000e+00
     -0.134      0.001    13.4543    170.257     48.801  51.268947     3.1722     10.606    73.4940 9.9158e+01    12.9436     -0.131     -0.190    27.5044 0.0000e+00
     -0.137      0.001    13.4367    170.362     48.827  51.299762     3.1244     10.608    73.4830 9.8154e+01    12.8103     -0.134     -0.195    27.5032 0.0000e+00
     -0.138      0.002    13.4298    170.484     48.791  51.265543     3.0946     10.610    73.4271 1.0243e+02    12.6828     -0.136     -0.197    27.5104 0.0000e+00
     -0.137      0.003    13.4315    170.661     48.702  51.172691     3.0948     10.612    73.4206 1.0648e+02    12.6658     -0.134     -0.195    27.5177 0.0000e+00
     -0.134      0.005    13.4377    170.866     48.665  51.129555     3.0943     10.615    73.4041 1.0730e+02    12.8442     -0.131     -0.190    27.5221 0.0000e+00
     -0.131      0.005    13.4463    171.001     48.728  51.188465     3.0873     10.618    73.3142 1.0794e+02    13.1318     -0.129     -0.187    27.5257 0.0000e+00
     -0.129      0.005    13.4521    171.021     48.849  51.313488     3.0852     10.621    73.1935 1.0815e+02    13.2745     -0.127     -0.185    27.5304 0.0000e+00
     -0.128      0.004    13.4662    170.989     48.960  51.434744     3.0950     10.624    73.0640 1.0589e+02    13.2707     -0.126     -0.183    27.5331 0.0000e+00
     -0.128      0.003    13.4883    170.964     49.022  51.511618     3.0554     10.626    73.0380 1.0489e+02    13.2227     -0.126     -0.182    27.5256 0.0000e+00
     -0.127      0.002    13.5027    170.895     49.039  51.544503     2.9643     10.628    73.0511 1.0675e+02    13.2076     -0.125     -0.181    27.5166 0.0000e+00
     -0.127      0.002    13.5024    170.742     49.058  51.578387     2.9258     10.629    73.0510 1.0734e+02    13.2239     -0.125     -0.181    27.5133 0.0000e+00
     -0.127      0.002    13.4963    170.604     49.132  51.667332     2.9311     10.631    73.0371 1.0674e+02    13.2492     -0.125     -0.181    27.5167 0.0000e+00
     -0.127      0.003    13.4932    170.594     49.182  51.730975     2.9205     10.633    72.8822 1.0727e+02    13.3762     -0.125     -0.181    27.5312 0.0000e+00
     -0.126      0.004    13.4862    170.709     49.154  51.712925     2.9051     10.634    72.6411 1.0787e+02    13.5300     -0.124     -0.179    27.5495 0.0000e+00
     -0.126      0.007    13.4665    170.824     49.138  51.703094     2.9033     10.636    72.5313 1.1015e+02    13.6065     -0.123     -0.178    27.5632 0.0000e+00
     -0.125      0.010    13.4491    170.795     49.169  51.739114     2.9069     10.636    72.5869 1.1227e+02    13.6520     -0.123     -0.179    27.5726 0.0000e+00
     -0.122      0.012    13.4460    170.634     49.193  51.767460     2.9322     10.636    72.7117 1.0752e+02    13.7375     -0.120     -0.174    27.5847 0.0000e+00
     -0.117      0.012    13.4552    170.480     49.211  51.791844     2.9932     10.636    72.8360 1.0279e+02    13.8554     -0.116     -0.167    27.5982 0.0000e+00
     -0.112      0.011    13.4691    170.422     49.253  51.843444     3.0274     10.636    72.8849 1.0730e+02    13.8814     -0.109     -0.159    27.6046 0.0000e+00
     -0.107      0.009    13.4653    170.418     49.281  51.883366     3.0134     10.635    72.8717 1.1080e+02    13.8471     -0.103     -0.151    27.6063 0.0000e+00
     -0.105      0.007    13.4467    170.382     49.280  51.893557     2.9988     10.634    72.9352 1.0648e+02    13.8508     -0.102     -0.148    27.6097 0.0000e+00
     -0.106      0.004    13.4296    170.315     49.279  51.903183     3.0176     10.633    73.1359 1.0148e+02    13.8922     -0.105     -0.151    27.6158 0.0000e+00
     -0.107      0.002    13.4259    170.270     49.304  51.936278     3.0486     10.633    73.3199 1.0188e+02    13.9369     -0.107     -0.155    27.6216 0.0000e+00
     -0.107      0.001    13.4266    170.216     49.335  51.976220     3.0499     10.633    73.3525 1.0861e+02    13.9134     -0.106     -0.154    27.6320 0.0000e+00
     -0.106      0.001    13.4204    170.109     49.355  52.005136     3.0335     10.633    73.3587 1.1210e+02    13.8474     -0.104     -0.151    27.6463 0.0000e+00
     -0.105      0.002    13.4090    169.949     49.372  52.031914     3.0490     10.633    73.3949 1.0731e+02    13.7881     -0.103     -0.149    27.6568 0.0000e+00
     -0.104      0.002    13.4060    169.721     49.379  52.046009     3.1040     10.633    73.4456 1.0106e+02    13.7439     -0.102     -0.148    27.6625 0.0000e+00
     -0.104      0.002    13.4030    169.500     49.379  52.048560     3.1500     10.633    73.5416 9.9355e+01    13.7561     -0.102     -0.148    27.6684 0.0000e+00
     -0.104      0.002    13.3894    169.316     49.394  52.062760     3.1636     10.633    73.6096 1.0391e+02    13.7641     -0.102     -0.147    27.6780 0.0000e+00
     -0.103      0.003    13.3786    169.101     49.424  52.090701     3.1435     10.633    73.7522 1.0934e+02    13.6023     -0.101     -0.147    27.6884 0.0000e+00
     -0.103      0.003    13.3539    168.876     49.468  52.132390     3.0988     10.630    74.0607 1.0839e+02    13.3027     -0.101     -0.146    27.6954 0.0000e+00
     -0.102      0.001    13.3341    168.760     49.523  52.185812     3.0722     10.623    74.5000 1.0387e+02    13.1481     -0.100     -0.145    27.6987 0.0000e+00
     -0.099     -0.004    13.3250    168.799     49.571  52.228627     3.0884     10.616    74.9335 1.0203e+02    13.2014     -0.099     -0.143    27.6971 0.0000e+00
     -0.098     -0.008    13.3084    168.959     49.616  52.269050     3.1694     10.611    75.1725 1.0388e+02    13.4358     -0.094     -0.137    27.6906 0.0000e+00
     -0.101     -0.011    13.2868    169.286     49.646  52.293546     3.2785     10.609    75.2389 1.0937e+02    13.7609     -0.096     -0.139    27.6876 0.0000e+00
     -0.109     -0.011    13.2762    169.760     49.633  52.270793     3.3169     10.609    75.2203 1.1382e+02    13.8877     -0.108     -0.156    27.6839 0.0000e+00
     -0.116     -0.010    13.2865    170.250     49.618  52.247929     3.3004     10.610    75.2063 1.1421e+02    13.8752     -0.116     -0.169    27.6734 0.0000e+00
     -0.119     -0.006    13.2958    170.667     49.645  52.271093     3.2541     10.611    75.2412 1.1302e+02    13.8152     -0.118     -0.171    27.6673 0.0000e+00
     -0.119      0.000    13.3233    170.951     49.680  52.296859     3.1900     10.611    75.3840 1.1091e+02    13.6741     -0.117     -0.170    27.6624 0.0000e+00
