Data/DataNotYetUploadedToEDI/Raw_CTD/RawDownloads/062424_fcr40_S7809005.cnv
* Sea-Bird SBE19plus  Data File:
* FileName = C:\R\Reservoirs\Data\DataNotYetUploadedToEDI\Raw_CTD\RawDownloads\062424_fcr50_S7809_0005.hex
* Software version 2.8.0.119
* Temperature SN = 7809
* Conductivity SN = 7809
* System UpLoad Time = Jun 26 2024 15:04:20
* <ApplicationData>
* <Seaterm232>
# nquan = 15
# nvalues = 1870                        
# units = specified
# name 0 = depFM: Depth [fresh water, m]
# name 1 = dz/dtM: Descent Rate [m/s]
# name 2 = sbeox0Mg/L: Oxygen, SBE 43 [mg/l]
# name 3 = sbeox0PS: Oxygen, SBE 43 [% saturation]
# name 4 = specc: Specific Conductance [uS/cm]
# name 5 = c0uS/cm: Conductivity [uS/cm]
# name 6 = flECO-AFL: Fluorescence, WET Labs ECO-AFL/FL [mg/m^3]
# name 7 = ph: pH
# name 8 = orp: Oxidation Reduction Potential [mV]
# name 9 = par/sat/log: PAR/Logarithmic, Satlantic
# name 10 = turbWETntu0: Turbidity, WET Labs ECO [NTU]
# name 11 = prdM: Pressure, Strain Gauge [db]
# name 12 = prdE: Pressure, Strain Gauge [psi]
# name 13 = tv290C: Temperature [ITS-90, deg C]
# name 14 = flag:  0.000e+00
# span 0 =     -0.695,      6.067       
# span 1 =     -0.306,      0.185       
# span 2 =     0.2472,    16.2232       
# span 3 =      2.553,    198.119       
# span 4 =      1.524,     50.832       
# span 5 =   1.429197,  51.737113       
# span 6 =    -1.7706,    27.0468       
# span 7 =      8.258,     10.876       
# span 8 =  -208.1421,   242.7535       
# span 9 = 1.2356e-01, 2.6289e+03       
# span 10 =    -0.3319,   324.3922      
# span 11 =     -0.681,      5.952      
# span 12 =     -0.988,      8.632      
# span 13 =    11.5065,    28.1516      
# span 14 = 0.0000e+00, 0.0000e+00      
# interval = seconds: 0.25
# start_time = Jun 24 2024 13:10:15 [Instrument's time stamp, header]
# bad_flag = -9.990e-29
*END*
[from data line 1735]
      1.268     -0.040     9.6431    131.232     40.036  38.889189    16.9488      8.472    86.4567 4.4197e+01     8.8118      1.256      1.821    23.2569 0.0000e+00
      1.258     -0.098     9.8104    136.239     40.015  38.815764    16.6313      8.493    86.2021 4.6930e+01     8.9549      1.249      1.812    23.4387 0.0000e+00
      1.209     -0.155    10.1798    140.076     40.270  38.996892    16.5969      8.515    84.7763 5.2761e+01     9.0014      1.194      1.732    23.5217 0.0000e+00
      1.135     -0.196    10.6492    142.494     40.482  39.175303    16.4499      8.539    82.2085 5.9720e+01     8.7924      1.112      1.612    23.5835 0.0000e+00
      1.060     -0.209    11.1498    143.388     40.556  39.259473    16.1781      8.563    80.3643 6.6825e+01     8.3413      1.035      1.501    23.5917 0.0000e+00
      0.995     -0.192    11.6128    142.979     40.734  39.443461    16.0236      8.587    79.3419 7.4034e+01     8.0555      0.971      1.409    23.5026 0.0000e+00
      0.944     -0.151    11.9660    141.914     40.898  39.623007    15.9799      8.612    79.0529 8.0619e+01     8.0357      0.919      1.334    23.3910 0.0000e+00
      0.910     -0.100    12.1876    140.924     41.065  39.843868    15.5911      8.634    79.2794 8.5968e+01     8.2037      0.884      1.282    23.3546 0.0000e+00
      0.896     -0.052    12.2454    140.403     41.352  40.210103    14.8519      8.652    78.8976 8.8875e+01     8.4820      0.873      1.266    23.4088 0.0000e+00
      0.900     -0.013    12.1890    140.518     41.666  40.624261    14.4251      8.668    78.3088 8.9219e+01     8.5995      0.880      1.276    23.4088 0.0000e+00
      0.910      0.016    12.0716    141.424     42.036  41.107208    14.3594      8.684    78.1833 8.9670e+01     8.5310      0.893      1.295    23.4090 0.0000e+00
      0.921      0.032    11.9567    143.159     42.476  41.670446    14.2815      8.701    78.1542 9.0134e+01     8.5085      0.904      1.311    23.5024 0.0000e+00
      0.933      0.038    11.8901    145.804     42.830  42.166769    13.4251      8.719    78.0432 8.8865e+01     8.7710      0.914      1.326    23.5994 0.0000e+00
      0.944      0.034    11.8582    149.347     42.798  42.284837    11.8287      8.735    78.1317 8.7768e+01     9.2118      0.928      1.345    23.7388 0.0000e+00
      0.953      0.018    11.9063    153.457     42.360  41.955787    10.9435      8.749    78.3641 8.7074e+01     9.4312      0.936      1.358    23.8885 0.0000e+00
      0.961     -0.014    12.0152    157.778     41.734  41.361838    10.8702      8.762    78.6151 8.5058e+01     9.4423      0.940      1.364    24.0337 0.0000e+00
      0.968     -0.059    12.1926    162.053     41.360  40.942477    11.1513      8.773    78.8439 8.3377e+01     9.4144      0.953      1.382    24.2136 0.0000e+00
      0.962     -0.111    12.4571    165.842     41.580  41.074022    11.6955      8.788    78.9795 8.6293e+01     9.3676      0.956      1.387    24.4177 0.0000e+00
      0.926     -0.161    12.7794    168.447     42.050  41.492504    11.9900      8.805    79.0505 9.6293e+01     9.3541      0.918      1.332    24.5535 0.0000e+00
      0.861     -0.201    13.1365    169.325     42.339  41.813462    12.0143      8.824    78.7555 1.1102e+02     9.3202      0.847      1.229    24.5805 0.0000e+00
      0.784     -0.222    13.5204    168.568     42.667  42.225670    12.1892      8.844    78.1657 1.2842e+02     9.4013      0.767      1.112    24.5153 0.0000e+00
      0.710     -0.216    13.8997    166.884     43.818  43.493535    12.5486      8.863    77.9425 1.5033e+02     9.7195      0.694      1.007    24.3640 0.0000e+00
      0.645     -0.183    14.1560    165.039     45.613  45.527649    12.7471      8.881    77.9488 1.7934e+02     9.9573      0.629      0.914    24.2886 0.0000e+00
      0.594     -0.134    14.2129    163.653     47.110  47.459985    12.6588      8.900    77.8985 2.0803e+02    10.0557      0.573      0.832    24.3509 0.0000e+00
      0.569     -0.082    14.0867    163.124     47.881  48.765553    11.4474      8.920    77.9360 2.2304e+02    10.8408      0.549      0.796    24.4785 0.0000e+00
      0.569     -0.036    13.9004    163.384     47.706  49.061003     9.2282      8.940    77.8864 2.2433e+02    12.3104      0.555      0.806    24.5745 0.0000e+00
      0.579     -0.001    13.6727    163.996     46.771  48.430026     8.0164      8.962    77.8158 2.2294e+02    13.1367      0.568      0.825    24.7983 0.0000e+00
      0.589      0.020    13.4110    164.435     45.832  47.612785     7.8906      8.986    78.2860 2.2042e+02    13.2134      0.578      0.839    25.3261 0.0000e+00
      0.599      0.029    13.2233    164.292     45.670  47.433385     7.8063      9.010    79.0977 2.1315e+02    13.2724      0.587      0.853    25.9383 0.0000e+00
      0.607      0.031    13.1304    163.491     45.785  47.467185     7.6794      9.032    79.5421 2.0391e+02    13.4057      0.595      0.864    26.4732 0.0000e+00
      0.613      0.028    13.1094    162.371     45.526  47.132468     7.6046      9.047    79.6151 1.9246e+02    13.4243      0.601      0.871    26.8377 0.0000e+00
      0.618      0.019    13.1160    161.240     45.526  47.068370     7.5934      9.057    79.6361 1.8330e+02    13.3958      0.605      0.878    27.0092 0.0000e+00
      0.624     -0.002    13.1217    160.178     45.704  47.200014     7.5940      9.066    79.8831 1.7760e+02    13.4360      0.610      0.885    26.9600 0.0000e+00
      0.634     -0.036    13.0806    159.347     45.402  46.883037     7.5868      9.077    80.2783 1.6980e+02    13.2953      0.623      0.904    26.7975 0.0000e+00
      0.637     -0.079    12.9871    158.924     44.833  46.283037     7.5737      9.090    80.3708 1.6959e+02    12.9921      0.634      0.919    26.7683 0.0000e+00
      0.617     -0.127    12.9173    158.790     44.483  45.849335     7.5606      9.106    80.0546 1.8295e+02    12.8107      0.616      0.893    26.6931 0.0000e+00
      0.568     -0.170    12.8503    158.640     44.623  45.892321     7.5522      9.123    79.5523 2.0928e+02    12.7418      0.564      0.817    26.5885 0.0000e+00
      0.501     -0.200    12.7645    158.385     44.828  46.040829     7.7057      9.139    79.1158 2.5113e+02    12.7058      0.491      0.712    26.6342 0.0000e+00
      0.429     -0.206    12.7332    158.218     44.608  45.803877     8.0182      9.154    78.9064 2.9884e+02    12.7177      0.418      0.606    26.6435 0.0000e+00
      0.364     -0.184    12.7575    158.216     44.321  45.503106     8.1922      9.169    78.8282 3.6789e+02    12.7819      0.355      0.514    26.5437 0.0000e+00
      0.309     -0.142    12.7838    158.261     44.424  45.578245     8.1367      9.186    78.8584 4.6228e+02    12.8331      0.296      0.429    26.3963 0.0000e+00
      0.275     -0.092    12.7703    158.220     45.172  46.331409     7.2723      9.204    79.0997 5.1026e+02    13.3031      0.258      0.374    26.3152 0.0000e+00
      0.268     -0.045    12.7499    158.102     46.047  47.309109     5.6897      9.221    79.6797 4.8018e+02    14.2628      0.259      0.375    26.3401 0.0000e+00
      0.278     -0.007    12.7552    158.168     46.305  47.750269     4.8406      9.235    80.4513 4.2116e+02    14.8034      0.272      0.394    26.3404 0.0000e+00
      0.291      0.016    12.7717    158.578     46.125  47.729702     4.8043      9.247    81.0288 3.6463e+02    14.8534      0.285      0.414    26.2967 0.0000e+00
      0.304      0.026    12.7872    159.083     45.827  47.505102     5.1093      9.258    81.5001 3.0829e+02    14.6271      0.299      0.434    26.2309 0.0000e+00
      0.312      0.027    12.7473    159.314     45.577  47.256764     5.6652      9.268    81.9345 2.5239e+02    14.1507      0.309      0.448    26.3098 0.0000e+00
      0.315      0.026    12.6860    159.232     45.747  47.393464     5.9496      9.277    82.1513 2.1566e+02    13.9097      0.311      0.451    26.5681 0.0000e+00
      0.315      0.028    12.6816    159.023     46.316  47.951594     5.9265      9.286    82.1419 2.0077e+02    14.0023      0.308      0.447    26.7727 0.0000e+00
      0.317      0.033    12.7199    158.891     46.779  48.481729     5.4943      9.295    81.9931 1.9262e+02    14.3828      0.307      0.446    26.8506 0.0000e+00
      0.327      0.042    12.7350    159.002     46.958  48.787881     4.6855      9.306    81.8156 1.9271e+02    14.9233      0.319      0.461    26.8587 0.0000e+00
      0.343      0.052    12.7347    159.317     47.091  49.050402     4.2452      9.318    81.8017 1.9862e+02    15.1400      0.337      0.488    26.7977 0.0000e+00
      0.360      0.058    12.7334    159.685     47.300  49.370389     4.2081      9.328    81.9972 2.0412e+02    15.0908      0.353      0.514    26.7154 0.0000e+00
      0.377      0.057    12.6997    160.040     47.325  49.482435     4.1870      9.336    82.3735 2.1319e+02    15.0791      0.371      0.538    26.7785 0.0000e+00
      0.395      0.047    12.6733    160.363     47.117  49.325946     4.0974      9.343    82.9100 2.1589e+02    14.8957      0.387      0.560    26.9491 0.0000e+00
      0.412      0.032    12.6730    160.559     46.907  49.129166     3.9491      9.351    83.3212 2.0474e+02    14.5136      0.405      0.587    27.0858 0.0000e+00
      0.422      0.021    12.6807    160.506     46.985  49.198404     3.8666      9.360    83.4732 1.9412e+02    14.2848      0.420      0.609    27.1847 0.0000e+00
      0.420      0.016    12.6865    160.208     47.436  49.655146     3.8746      9.369    83.5436 1.8952e+02    14.2129      0.415      0.602    27.2822 0.0000e+00
      0.409      0.014    12.6986    159.796     47.819  50.080157     4.1205      9.378    83.6566 1.8364e+02    14.1915      0.397      0.576    27.3522 0.0000e+00
      0.405      0.015    12.7145    159.464     47.880  50.210207     4.5754      9.383    83.9784 1.7415e+02    14.1968      0.392      0.566    27.3762 0.0000e+00
      0.415      0.023    12.7140    159.344     47.943  50.338784     4.8214      9.385    84.5950 1.6707e+02    14.1738      0.405      0.585    27.3551 0.0000e+00
      0.430      0.038    12.6962    159.358     48.047  50.491975     4.8234      9.385    85.2613 1.6920e+02    14.2215      0.427      0.619    27.3123 0.0000e+00
      0.440      0.048    12.6529    159.394     47.932  50.411641     4.4497      9.387    85.6681 1.7935e+02    14.4312      0.434      0.628    27.3351 0.0000e+00
      0.448      0.043    12.5982    159.434     47.639  50.129468     3.7326      9.390    85.7273 1.8631e+02    14.7291      0.432      0.626    27.4333 0.0000e+00
      0.467      0.016    12.5779    159.402     47.285  49.747031     3.3357      9.392    84.9443 1.8376e+02    14.8852      0.455      0.660    27.5022 0.0000e+00
      0.491     -0.034    12.5766    159.196     47.133  49.533691     3.3136      9.395    83.3423 1.7970e+02    14.9178      0.489      0.710    27.5347 0.0000e+00
      0.497     -0.095    12.5652    158.846     47.358  49.708650     3.3733      9.400    82.1026 1.8332e+02    14.7468      0.497      0.722    27.5861 0.0000e+00
      0.471     -0.159    12.5636    158.529     47.617  49.957575     3.4498      9.408    81.3130 2.2870e+02    14.2532      0.478      0.693    27.6219 0.0000e+00
      0.404     -0.223    12.5670    158.416     47.763  50.130678     3.4737      9.421    80.4205 3.7161e+02    13.9032      0.411      0.595    27.6157 0.0000e+00
      0.307     -0.277    12.5642    158.465     47.988  50.404811     3.4868      9.437    79.3995 5.8170e+02    13.8619      0.296      0.430    27.5480 0.0000e+00
      0.217     -0.306    12.5533    158.588     48.126  50.605400     3.6739      9.456    78.4320 8.7420e+02    14.0278      0.205      0.297    27.4531 0.0000e+00
      0.140     -0.302    12.5238    158.749     48.053  50.587752     4.0055      9.477    77.6700 1.4565e+03    14.3376      0.143      0.207    27.4333 0.0000e+00
      0.057     -0.271    12.5112    158.843     48.004  50.572499     4.1757      9.498    77.2418 2.2605e+03    14.4651      0.058      0.085    27.4704 0.0000e+00
     -0.026     -0.226    12.5113    158.778     48.144  50.738509     4.1833      9.518    77.2985 2.5259e+03    14.3736     -0.037     -0.054    27.5026 0.0000e+00
     -0.084     -0.179    12.5048    158.576     48.314  50.944108     4.1718      9.533    77.7530 1.9603e+03    14.3250     -0.093     -0.136    27.5649 0.0000e+00
     -0.112     -0.139    12.5061    158.401     48.292  50.963065     3.9867      9.542    78.2636 1.3054e+03    14.3888     -0.114     -0.165    27.6433 0.0000e+00
     -0.126     -0.109    12.5069    158.327     48.142  50.840805     3.6434      9.548    78.2235 9.6863e+02    14.4616     -0.125     -0.181    27.6795 0.0000e+00
     -0.136     -0.100    12.5029    158.202     48.150  50.862840     3.4589      9.553    77.7845 7.6368e+02    14.4886     -0.134     -0.194    27.6804 0.0000e+00
     -0.147     -0.115    12.4743    157.970     48.425  51.166004     3.4371      9.555    77.7734 1.0441e+03    14.4752     -0.140     -0.203    27.7055 0.0000e+00
     -0.170     -0.145    12.4440    157.831     48.643  51.458514     3.3470      9.556    78.6919 1.9457e+03    14.3686     -0.159     -0.230    27.7620 0.0000e+00
     -0.214     -0.178    12.4359    157.919     48.562  51.478795     3.1767      9.561    87.9442 2.5299e+03    14.2243     -0.203     -0.295    27.8090 0.0000e+00
     -0.276     -0.201    12.4281    158.091     48.356  51.347914     3.0752      9.570    96.6333 2.5464e+03    14.1653     -0.267     -0.388    27.8156 0.0000e+00
     -0.348     -0.205    12.4038    158.058     48.191  51.209634     3.0442      9.583    87.9035 1.9889e+03    14.1679     -0.342     -0.496    27.7988 0.0000e+00
     -0.416     -0.190    12.3737    157.592     48.068  51.076861     2.8344      9.598    77.2942 9.9616e+02    14.2897     -0.413     -0.599    27.8633 0.0000e+00
     -0.471     -0.158    12.3544    156.712     47.960  50.948995     2.4366      9.615    74.6162 5.1821e+02    14.4770     -0.471     -0.684    28.0090 0.0000e+00
     -0.504     -0.118    12.3543    155.644     47.834  50.806524     2.2049      9.632    73.1615 4.9841e+02    14.5875     -0.502     -0.727    28.1096 0.0000e+00
     -0.518     -0.083    12.3539    154.675     47.792  50.751150     2.1803      9.647    71.8374 4.1772e+02    14.6355     -0.509     -0.738    28.1389 0.0000e+00
     -0.523     -0.061    12.3185    153.978     47.837  50.787416     2.1723      9.658    64.0264 3.7782e+02    14.5105     -0.513     -0.746    28.1282 0.0000e+00
     -0.526     -0.058    12.2476    153.380     47.721  50.673536     2.1498      9.670    49.6163 4.0765e+02    14.2721     -0.514     -0.746    28.1036 0.0000e+00
     -0.531     -0.070    12.1564    152.434     47.439  50.390172     2.1324      9.685    40.2585 4.8260e+02    14.1440     -0.516     -0.749    28.1028 0.0000e+00
     -0.548     -0.086    12.0753    151.018     47.177  50.091594     2.1285      9.703    37.4382 9.6472e+02    14.0879     -0.531     -0.770    28.0950 0.0000e+00
     -0.580     -0.096    12.0314    149.792     47.013  49.857154     2.2023      9.722    36.4242 1.8059e+03    14.0040     -0.564     -0.818    28.0651 0.0000e+00
     -0.621     -0.097    11.9990    149.402     46.943  49.714233     2.3510      9.740    36.0855 2.3452e+03    13.9496     -0.610     -0.884    28.0781 0.0000e+00
     -0.660     -0.089    11.9246    149.575     46.862  49.569793     2.4363      9.756    35.4077 2.4763e+03    13.9776     -0.654     -0.950    28.1221 0.0000e+00
     -0.684     -0.072    11.7955    149.257     46.429  49.063035     2.4346      9.770    34.6815 2.3610e+03    13.9668     -0.677     -0.984    28.1012 0.0000e+00
     -0.690     -0.049    11.6837    146.105     42.483  44.856828     2.3639      9.783    34.1021 1.8563e+03    13.7503     -0.676     -0.981    28.0189 0.0000e+00
