Data/DataNotYetUploadedToEDI/Raw_CTD/RawDownloads/062424_fcr50_S7809001.cnv
* Sea-Bird SBE19plus  Data File:
* FileName = C:\R\Reservoirs\Data\DataNotYetUploadedToEDI\Raw_CTD\RawDownloads\062424_fcr50_S7809_0001.hex
* Software version 2.8.0.119
* Temperature SN = 7809
* Conductivity SN = 7809
* System UpLoad Time = Jun 26 2024 15:01:59
* <ApplicationData>
* <Seaterm232>
# nquan = 15
# nvalues = 4784                        
# units = specified
# name 0 = depFM: Depth [fresh water, m]
# name 1 = dz/dtM: Descent Rate [m/s]
# name 2 = sbeox0Mg/L: Oxygen, SBE 43 [mg/l]
# name 3 = sbeox0PS: Oxygen, SBE 43 [% saturation]
# name 4 = specc: Specific Conductance [uS/cm]
# name 5 = c0uS/cm: Conductivity [uS/cm]
# name 6 = flECO-AFL: Fluorescence, WET Labs ECO-AFL/FL [mg/m^3]
# name 7 = ph: pH
# name 8 = orp: Oxidation Reduction Potential [mV]
# name 9 = par/sat/log: PAR/Logarithmic, Satlantic
# name 10 = turbWETntu0: Turbidity, WET Labs ECO [NTU]
# name 11 = prdM: Pressure, Strain Gauge [db]
# name 12 = prdE: Pressure, Strain Gauge [psi]
# name 13 = tv290C: Temperature [ITS-90, deg C]
# name 14 = flag:  0.000e+00
# span 0 =     -0.697,      9.454       
# span 1 =     -4.098,      4.504       
# span 2 =     0.5619,    16.7877       
# span 3 =      5.471,    206.123       
# span 4 =      1.667,    335.754       
# span 5 =   1.500803, 245.667809       
# span 6 =    -0.8753,    23.1670       
# span 7 =      5.993,     12.094       
# span 8 = -1233.9440,   392.5205       
# span 9 = 1.2336e-01, 1.6387e+03       
# span 10 =    -2.2505,   137.9579      
# span 11 =     -0.684,      9.272      
# span 12 =     -0.992,     13.447      
# span 13 =    11.5456,    33.7394      
# span 14 = 0.0000e+00, 0.0000e+00      
# interval = seconds: 0.25
# start_time = Jun 24 2024 11:28:45 [Instrument's time stamp, header]
# bad_flag = -9.990e-29
*END*
     -0.696 -5.117e-14     6.7648     95.397      2.529   2.971129    -0.0639     10.112 -1016.4636 1.9451e+02     3.2229     -0.683     -0.990    33.7394 0.0000e+00
     -0.696 -5.629e-13     6.7653     95.422      2.496   2.933019    -0.0777     10.276  -930.1353 1.9438e+02     3.1468     -0.683     -0.991    33.7392 0.0000e+00
     -0.696 -1.032e-12     6.7677     95.443      2.463   2.893956    -0.0778     10.927  -851.8002 1.9306e+02     3.1203     -0.683     -0.990    33.7387 0.0000e+00
     -0.696 -5.630e-13     6.7671     95.460      2.450   2.878888    -0.0730     11.457  -787.3186 1.8827e+02     3.1405     -0.683     -0.990    33.7384 0.0000e+00
     -0.696 -5.120e-14     6.7686     95.462      2.449   2.877519    -0.0777     11.712  -756.6397 1.7250e+02     3.1171     -0.683     -0.990    33.7371 0.0000e+00
     -0.696 -4.654e-15     6.7713     95.455      2.449   2.877404    -0.0765     11.748  -703.1038 1.4999e+02     3.1113     -0.684     -0.991    33.7351 0.0000e+00
     -0.696 -4.231e-16     6.7724     95.457      2.449   2.877497    -0.0673     11.628  -698.5876 1.3280e+02     3.1732     -0.683     -0.990    33.7339 0.0000e+00
     -0.697 -3.846e-17     6.7743     95.469      2.450   2.878648    -0.0665     11.551  -840.3860 1.1780e+02     3.2503     -0.683     -0.991    33.7329 0.0000e+00
     -0.697 -3.496e-18     6.7745     95.485      2.461   2.891316    -0.0754     11.660  -939.4212 1.0300e+02     3.3268     -0.684     -0.991    33.7320 0.0000e+00
     -0.697 -3.178e-19     6.7731     95.497      2.472   2.903985    -0.0746     11.835  -918.0062 9.5978e+01     3.4142     -0.683     -0.990    33.7313 0.0000e+00
     -0.697 -2.889e-20     6.7737     95.507      2.473   2.905136    -0.0567     11.972  -890.1675 9.8787e+01     3.4535     -0.684     -0.991    33.7305 0.0000e+00
     -0.697 -2.626e-21     6.7746     95.523      2.473   2.905230    -0.0505     12.061  -893.8962 1.0972e+02     3.3577     -0.683     -0.991    33.7295 0.0000e+00
     -0.697 -2.383e-22     6.7764     95.547      2.473   2.905126    -0.0660     12.079  -910.3482 1.2067e+02     3.2131     -0.683     -0.991    33.7281 0.0000e+00
     -0.697 -1.649e-23     6.7771     95.567      2.472   2.903881    -0.0773     12.025  -913.7387 1.2411e+02     3.2081     -0.684     -0.992    33.7268 0.0000e+00
     -0.697 5.5405e-23     6.7776     95.570      2.460   2.890175    -0.0713     11.901  -905.6375 1.2786e+02     3.2630     -0.684     -0.991    33.7254 0.0000e+00
     -0.696 6.3098e-22     6.7792     95.583      2.440   2.866094    -0.0511     11.693  -918.2259 1.3974e+02     3.1932     -0.683     -0.990    33.7242 0.0000e+00
     -0.696 6.9428e-21     6.7808     95.618      2.440   2.866085    -0.0335     11.426  -942.9069 1.5219e+02     3.1152     -0.683     -0.990    33.7226 0.0000e+00
     -0.697 7.6371e-20     6.7839     95.632      2.461   2.890073    -0.0243     11.030  -902.0560 1.5730e+02     3.1400     -0.683     -0.991    33.7208 0.0000e+00
     -0.697 8.4008e-19     6.7829     95.626      2.472   2.902750    -0.0068     10.481  -848.4752 1.5748e+02     3.1173     -0.684     -0.991    33.7193 0.0000e+00
     -0.697 9.2408e-18     6.7829     95.629      2.463   2.892679    -0.0054     10.029  -884.0039 1.5795e+02     2.7386     -0.684     -0.992    33.7173 0.0000e+00
     -0.697 1.0165e-16     6.7881     95.644      2.465   2.894991    -0.0319      9.803  -946.8636 1.6055e+02     2.1471     -0.684     -0.991    33.7155 0.0000e+00
     -0.697 1.1181e-15     6.7889     95.665      2.496   2.930703    -0.0448      9.513 -1025.5041 1.6420e+02     1.9095     -0.683     -0.990    33.7149 0.0000e+00
     -0.697 1.2300e-14     6.7869     95.680      2.508   2.944410    -0.0526      8.813 -1112.6261 1.6688e+02     1.9158     -0.684     -0.991    33.7140 0.0000e+00
     -0.697 1.3530e-13     6.7882     95.686      2.499   2.934035    -0.0684      7.104  -716.3714 1.6749e+02     1.8813     -0.684     -0.992    33.7119 0.0000e+00
     -0.697 1.4882e-12     6.7890     95.693      2.497   2.931940    -0.0614      5.993  -201.9504 1.6426e+02     2.3811     -0.684     -0.991    33.7095 0.0000e+00
     -0.697 1.6371e-11     6.7916     95.712      2.486   2.919083    -0.0338      7.746  -444.4877 1.6089e+02     3.4494     -0.684     -0.991    33.7065 0.0000e+00
     -0.697 1.8008e-10     6.7929     95.748      2.474   2.905263    -0.0103     10.256  -808.9721 1.6297e+02     4.0718     -0.683     -0.991    33.7044 0.0000e+00
     -0.697 1.9809e-09     6.7930     95.781      2.463   2.891536    -0.0088     11.505  -850.1035 1.6276e+02     4.1333     -0.684     -0.992    33.7036 0.0000e+00
     -0.697 2.1789e-08     6.7939     95.797      2.453   2.879801    -0.0403     11.979  -865.5717 1.6171e+02     4.1250     -0.684     -0.991    33.7022 0.0000e+00
     -0.697 2.3968e-07     6.7943     95.805      2.461   2.890063    -0.0841     12.094  -883.8873 1.6901e+02     4.1429     -0.684     -0.992    33.7007 0.0000e+00
     -0.697 4.3942e-07     6.7984     95.823      2.460   2.888920    -0.1132     12.075  -910.8349 1.7970e+02     4.1444     -0.684     -0.992    33.7002 0.0000e+00
     -0.697 2.3968e-07     6.8008     95.839      2.441   2.865980    -0.1265     12.000  -934.7381 1.8405e+02     4.0744     -0.684     -0.992    33.6997 0.0000e+00
     -0.697 2.1789e-08     6.8018     95.839      2.441   2.866084    -0.1115     11.905  -949.7991 1.8470e+02     3.9464     -0.684     -0.992    33.6996 0.0000e+00
     -0.697 1.9808e-09     6.8016     95.841      2.462   2.890176    -0.0738     11.798  -963.0170 1.8984e+02     3.7570     -0.683     -0.991    33.6990 0.0000e+00
     -0.697 1.8008e-10     6.8034     95.851      2.474   2.903893    -0.0622     11.696  -975.0466 1.9384e+02     3.5951     -0.684     -0.991    33.6975 0.0000e+00
     -0.697 1.6371e-11     6.8058     95.869      2.475   2.905243    -0.0794     11.610  -980.6432 1.9239e+02     3.6287     -0.683     -0.991    33.6962 0.0000e+00
     -0.697 1.4882e-12     6.8044     95.902      2.476   2.906498    -0.0816     11.524  -930.2780 1.8900e+02     3.8222     -0.684     -0.991    33.6954 0.0000e+00
     -0.697 1.3529e-13     6.8051     95.945      2.487   2.919072    -0.0640     11.487  -865.5430 1.8596e+02     3.9537     -0.683     -0.991    33.6948 0.0000e+00
     -0.697 1.2300e-14     6.8056     95.974      2.497   2.930589    -0.0579     11.556  -883.4121 1.8470e+02     3.9540     -0.683     -0.991    33.6938 0.0000e+00
     -0.697 1.1182e-15     6.8073     96.001      2.487   2.919063    -0.0655     11.678  -914.5423 1.8908e+02     3.8946     -0.684     -0.992    33.6918 0.0000e+00
     -0.697 1.0165e-16     6.8095     96.053      2.476   2.906394    -0.0640     11.819  -871.5365 1.9949e+02     3.6455     -0.683     -0.991    33.6890 0.0000e+00
     -0.697 9.2410e-18     6.8143     96.097      2.475   2.904099    -0.0575     11.785  -670.9367 2.0204e+02     3.2306     -0.684     -0.991    33.6856 0.0000e+00
     -0.697 8.4005e-19     6.8165     96.109      2.464   2.891319    -0.0620     11.419  -455.3631 1.8893e+02     2.9766     -0.684     -0.992    33.6814 0.0000e+00
     -0.697 7.6370e-20     6.8168     96.120      2.453   2.878546    -0.0767     11.089  -478.5000 1.7404e+02     2.9320     -0.684     -0.992    33.6773 0.0000e+00
     -0.697 6.9430e-21     6.8231     96.150      2.451   2.876356    -0.0769     11.013  -601.1907 1.6933e+02     2.9305     -0.684     -0.991    33.6733 0.0000e+00
     -0.697 6.3115e-22     6.8276     96.184      2.441   2.864839    -0.0645     11.020  -676.6104 1.6917e+02     2.4460     -0.684     -0.991    33.6700 0.0000e+00
     -0.697 5.7380e-23     6.8270     96.209      2.442   2.865981    -0.0682     11.140  -653.9842 1.6219e+02     1.4455     -0.684     -0.992    33.6688 0.0000e+00
     -0.697 5.2160e-24     6.8271     96.226      2.463   2.890156    -0.0720     11.440  -537.7270 1.4828e+02     0.8771     -0.684     -0.992    33.6680 0.0000e+00
     -0.697 4.7420e-25     6.8306     96.229      2.475   2.903766    -0.0598     11.742  -440.5712 1.3666e+02     0.8685     -0.684     -0.992    33.6656 0.0000e+00
     -0.697 4.3109e-26     6.8334     96.224      2.475   2.903861    -0.0541     11.906  -363.4214 1.2981e+02     0.8974     -0.684     -0.992    33.6626 0.0000e+00
     -0.697 3.9190e-27     6.8351     96.222      2.464   2.891297    -0.0526     11.956  -340.3798 1.2475e+02     0.8852     -0.684     -0.992    33.6605 0.0000e+00
     -0.697 3.5627e-28     6.8369     96.222      2.453   2.878544    -0.0507     11.928  -373.8049 1.2193e+02     0.8907     -0.683     -0.991    33.6600 0.0000e+00
     -0.697 3.2388e-29     6.8370     96.219      2.451   2.876355    -0.0560     11.853  -404.0457 1.2220e+02     0.8957     -0.684     -0.992    33.6611 0.0000e+00
     -0.697 2.9444e-30     6.8356     96.209      2.442   2.864829    -0.0583     11.765  -435.0817 1.2536e+02     0.8099     -0.683     -0.991    33.6616 0.0000e+00
     -0.697 2.6767e-31     6.8362     96.207      2.443   2.865867    -0.0701     11.682  -465.0432 1.3143e+02     0.6385     -0.684     -0.991    33.6614 0.0000e+00
     -0.697 2.4334e-32     6.8359     96.217      2.463   2.888910    -0.0738     11.594  -488.5717 1.3718e+02     0.5660     -0.684     -0.991    33.6605 0.0000e+00
     -0.697 2.2122e-33     6.8365     96.247      2.463   2.890061    -0.0537     11.504  -512.8967 1.4157e+02     0.6163     -0.684     -0.992    33.6598 0.0000e+00
     -0.697 2.0111e-34     6.8348     96.282      2.455   2.879790    -0.0517     11.421  -541.4752 1.5070e+02     0.7004     -0.684     -0.991    33.6593 0.0000e+00
     -0.697 1.8283e-35     6.8352     96.293      2.465   2.891410    -0.0739     11.346  -570.4020 1.8085e+02     0.7970     -0.683     -0.991    33.6578 0.0000e+00
     -0.697 1.6620e-36     6.8357     96.295      2.475   2.903871    -0.0814     11.275  -598.4218 4.1590e+02     0.8615     -0.684     -0.991    33.6561 0.0000e+00
     -0.697 1.5110e-37     6.8379     96.302      2.475   2.903767    -0.0667     11.209  -625.1536 6.6740e+02     0.8660     -0.683     -0.991    33.6542 0.0000e+00
     -0.697 1.3736e-38     6.8429     96.326      2.464   2.890154    -0.0624     11.147  -653.3063 7.4257e+02     0.8169     -0.684     -0.991    33.6526 0.0000e+00
     -0.697 1.2487e-39     6.8417     96.354      2.443   2.865968    -0.0724     11.087  -683.9657 1.1801e+03     0.8140     -0.684     -0.991    33.6515 0.0000e+00
     -0.697 1.1352e-40     6.8427     96.369      2.442   2.864698    -0.0714     11.030  -713.0417 1.4353e+03     0.8996     -0.684     -0.991    33.6499 0.0000e+00
     -0.697 1.0320e-41     6.8425     96.379      2.451   2.874803    -0.0584     10.975  -739.8613 8.3676e+02     0.9639     -0.683     -0.991    33.6482 0.0000e+00
     -0.697 9.3820e-43     6.8447     96.386      2.439   2.861458    -0.0562     10.919  -767.8455 2.8232e+02     0.9420     -0.683     -0.991    33.6473 0.0000e+00
     -0.697 8.5290e-44     6.8479     96.387      2.412   2.830037    -0.0694     10.864  -798.9566 1.6312e+02     0.8398     -0.683     -0.991    33.6466 0.0000e+00
     -0.697 7.7535e-45     6.8480     96.390      2.397   2.811604    -0.0764     10.817  -830.2866 1.3972e+02     0.7184     -0.683     -0.990    33.6457 0.0000e+00
     -0.697 7.0489e-46     6.8490     96.394      2.411   2.828620    -0.0660     10.774  -858.2510 1.3005e+02     0.6362     -0.683     -0.991    33.6454 0.0000e+00
     -0.697 6.4468e-47     6.8498     96.390      2.426   2.845743    -0.0603     10.731  -882.9980 1.2744e+02     0.5973     -0.683     -0.991    33.6452 0.0000e+00
     -0.696 1.0088e-47     6.8494     96.382      2.412   2.828608    -0.0569     10.687  -905.7986 1.2853e+02     0.6580     -0.683     -0.990    33.6451 0.0000e+00
     -0.696 4.7421e-47     6.8496     96.376      2.397   2.811474    -0.0421     10.644  -927.0923 1.2999e+02     0.8245     -0.683     -0.990    33.6454 0.0000e+00
     -0.696 5.1585e-46     6.8504     96.374      2.411   2.828608    -0.0476     10.601  -947.8159 1.3025e+02     0.9015     -0.683     -0.990    33.6453 0.0000e+00
     -0.696 5.6738e-45     6.8495     96.367      2.426   2.845740    -0.0648     10.559  -969.1444 1.3141e+02     0.8382     -0.683     -0.990    33.6459 0.0000e+00
     -0.696 6.2412e-44     6.8491     96.366      2.412   2.828592    -0.0585     10.518  -990.5255 1.3400e+02     0.7764     -0.683     -0.990    33.6471 0.0000e+00
     -0.696 6.8653e-43     6.8481     96.369      2.397   2.811306    -0.0550     10.478 -1012.0558 1.3446e+02     0.7001     -0.683     -0.990    33.6477 0.0000e+00
     -0.696 7.5519e-42     6.8488     96.364      2.410   2.826763    -0.0721     10.439 -1033.0373 1.3156e+02     0.5990     -0.684     -0.991    33.6483 0.0000e+00
     -0.696 8.3071e-41     6.8476     96.359      2.408   2.825452    -0.0746     10.401 -1052.2576 1.2844e+02     0.5795     -0.683     -0.990    33.6486 0.0000e+00
     -0.696 9.1378e-40     6.8471     96.356      2.383   2.795456    -0.0593     10.361 -1071.0785 1.2778e+02     0.6346     -0.683     -0.991    33.6491 0.0000e+00
     -0.696 1.0052e-38     6.8485     96.355      2.371   2.780796    -0.0543     10.320 -1089.3808 1.2865e+02     0.6504     -0.683     -0.990    33.6497 0.0000e+00
     -0.696 1.1057e-37     6.8472     96.369      2.366   2.774881    -0.0641     10.271 -1116.9569 1.2884e+02     0.5996     -0.683     -0.990    33.6497 0.0000e+00
     -0.696 1.2162e-36     6.8469     96.384      2.376   2.787290    -0.0780     10.211 -1149.9098 1.2710e+02     0.5331     -0.683     -0.990    33.6497 0.0000e+00
     -0.696 1.3379e-35     6.8471     96.393      2.390   2.804150    -0.0725     10.152 -1135.5658 1.2472e+02     0.5296     -0.683     -0.990    33.6495 0.0000e+00
     -0.696 1.4716e-34     6.8462     96.399      2.377   2.788691    -0.0550     10.106 -1100.4606 1.2448e+02     0.6251     -0.683     -0.991    33.6490 0.0000e+00
     -0.696 1.6188e-33     6.8479     96.402      2.379   2.790415    -0.0585     10.070 -1110.9113 1.2501e+02     0.7310     -0.683     -0.990    33.6485 0.0000e+00
     -0.696 1.7807e-32     6.8495     96.402      2.409   2.824994    -0.0735     10.039 -1125.4665 1.2268e+02     0.7853     -0.683     -0.990    33.6478 0.0000e+00
     -0.696 1.9588e-31     6.8496     96.394      2.410   2.826723    -0.0705     10.011 -1135.0843 1.1780e+02     0.8377     -0.683     -0.990    33.6464 0.0000e+00
     -0.696 2.1546e-30     6.8507     96.387      2.397   2.811318    -0.0625      9.980 -1157.5931 1.1225e+02     0.8185     -0.683     -0.990    33.6461 0.0000e+00
     -0.696 2.3701e-29     6.8502     96.401      2.412   2.828765    -0.0772      9.943 -1176.7559 1.0640e+02     0.6550     -0.682     -0.989    33.6459 0.0000e+00
     -0.696 2.6071e-28     6.8512     96.421      2.429   2.847635    -0.0894      9.901 -1197.9706 1.0091e+02     0.5348     -0.683     -0.990    33.6440 0.0000e+00
     -0.696 2.8678e-27     6.8507     96.436      2.430   2.849454    -0.0939      9.856 -1214.9174 9.7341e+01     0.4932     -0.683     -0.990    33.6417 0.0000e+00
     -0.696 3.1546e-26     6.8494     96.457      2.431   2.850753    -0.2899      9.815 -1223.9487 9.5886e+01    -0.1899     -0.682     -0.989    33.6385 0.0000e+00
     -0.696 3.4701e-25     6.8517     96.484      2.442   2.863340    -0.6698      9.777 -1232.1402 9.5629e+01    -1.5412     -0.683     -0.991    33.6342 0.0000e+00
     -0.696 3.8171e-24     6.8542     96.520      2.452   2.874963    -0.8753      9.742 -1233.9440 9.7263e+01    -2.2505     -0.683     -0.990    33.6294 0.0000e+00
     -0.696 4.1988e-23     6.8549     96.558      2.443   2.864588    -0.8602      9.706 -1190.3497 1.0117e+02    -2.1046     -0.682     -0.989    33.6256 0.0000e+00
     -0.696 4.6187e-22     6.8571     96.576      2.443   2.864589    -0.5362      9.637  -754.8616 1.0496e+02    -0.6652     -0.683     -0.990    33.6224 0.0000e+00
