Data/DataNotYetUploadedToEDI/Raw_CTD/RawDownloads/062424_fcr50_S8188003.cnv
* Sea-Bird SBE19plus  Data File:
* FileName = C:\R\Reservoirs\Data\DataNotYetUploadedToEDI\Raw_CTD\RawDownloads\062424_bvr50_S8188_0003.hex
* Software version 2.8.0.119
* Temperature SN = 8188
* Conductivity SN = 8188
* System UpLoad Time = Jul 02 2024 12:04:00
* <ApplicationData>
* <Seaterm232>
# nquan = 16
# nvalues = 2137                        
# units = specified
# name 0 = depFM: Depth [fresh water, m]
# name 1 = dz/dtM: Descent Rate [m/s]
# name 2 = sbeox0Mg/L: Oxygen, SBE 43 [mg/l]
# name 3 = sbeox0PS: Oxygen, SBE 43 [% saturation]
# name 4 = specc: Specific Conductance [uS/cm]
# name 5 = c0uS/cm: Conductivity [uS/cm]
# name 6 = wetCDOM: Fluorescence, WET Labs CDOM [mg/m^3]
# name 7 = flECO-AFL: Fluorescence, WET Labs ECO-AFL/FL [mg/m^3]
# name 8 = flECO-AFL1: Fluorescence, WET Labs ECO-AFL/FL, 2 [mg/m^3]
# name 9 = flECO-AFL2: Fluorescence, WET Labs ECO-AFL/FL, 3 [mg/m^3]
# name 10 = par/sat/log: PAR/Logarithmic, Satlantic
# name 11 = turbWETntu0: Turbidity, WET Labs ECO [NTU]
# name 12 = prdM: Pressure, Strain Gauge [db]
# name 13 = prdE: Pressure, Strain Gauge [psi]
# name 14 = tv290C: Temperature [ITS-90, deg C]
# name 15 = flag:  0.000e+00
# span 0 =     -0.705,      9.282       
# span 1 =     -0.217,      0.185       
# span 2 =     0.3974,    16.1709       
# span 3 =      3.821,    201.457       
# span 4 =     -0.031,    340.007       
# span 5 =  -0.028105, 249.119116       
# span 6 =    -4.5000,   233.1000       
# span 7 =    -0.8873,    19.3195       
# span 8 =    -2.1300,     0.4686       
# span 9 =    -2.0304,    11.8863       
# span 10 = 1.1582e-01, 2.6418e+03      
# span 11 =    -4.2976,   112.2938      
# span 12 =     -0.691,      9.102      
# span 13 =     -1.002,     13.202      
# span 14 =    11.5720,    28.1856      
# span 15 = 0.0000e+00, 0.0000e+00      
# interval = seconds: 0.25
# start_time = Jun 24 2024 12:02:32 [Instrument's time stamp, header]
# bad_flag = -9.990e-29
*END*
[from data line 1266]
      0.425     -0.010    12.3706    158.776     47.084  50.021391    29.3400     2.2713     0.1704    10.2789 1.0673e+02    11.2318      0.417      0.605    28.1142 0.0000e+00
      0.423     -0.007    12.3756    158.908     47.064  50.000635    29.3400     2.2484     0.1704    10.2789 1.0690e+02    11.1411      0.415      0.602    28.1164 0.0000e+00
      0.422     -0.006    12.3828    159.015     47.051  49.988160    29.3400     2.2408     0.2130    10.4481 1.0722e+02    11.1109      0.413      0.600    28.1162 0.0000e+00
      0.421     -0.004    12.3917    159.075     47.063  50.004560    29.3400     2.2294     0.2130    10.4481 1.0785e+02    12.0626      0.412      0.598    28.1143 0.0000e+00
      0.420     -0.003    12.4018    159.111     47.073  50.018328    29.3400     2.2294     0.2130    10.4481 1.0788e+02    12.1986      0.412      0.597    28.1125 0.0000e+00
      0.419     -0.002    12.4120    159.155     47.054  49.999247    29.3400     2.2637     0.2130    10.4481 1.0818e+02    12.1835      0.411      0.596    28.1127 0.0000e+00
      0.418     -0.002    12.4199    159.215     47.026  49.970136    30.2400     2.2370     0.2556    10.8711 1.0757e+02    12.0022      0.410      0.596    28.1150 0.0000e+00
      0.418     -0.001    12.4238    159.289     47.015  49.957121    30.2400     2.2217     0.2556    10.8711 1.0818e+02    12.3799      0.410      0.595    28.1184 0.0000e+00
      0.418     -0.001    12.4260    159.363     47.028  49.968693    30.2400     2.2408     0.2556    10.8711 1.0724e+02    12.3799      0.410      0.594    28.1214 0.0000e+00
      0.418     -0.001    12.4291    159.393     47.068  50.009930    30.2400     2.2255     0.2556    10.8711 1.0713e+02    12.3346      0.410      0.594    28.1230 0.0000e+00
      0.418     -0.001    12.4337    159.352     47.115  50.057940    30.3300     2.2446     0.2130    10.4904 1.0692e+02    12.3799      0.409      0.594    28.1231 0.0000e+00
      0.417     -0.001    12.4397    159.260     47.137  50.081670    30.3300     2.1836     0.2130    10.4904 1.0669e+02    12.2439      0.409      0.594    28.1222 0.0000e+00
      0.417     -0.000    12.4459    159.155     47.137  50.081468    30.3300     2.1645     0.2130    10.4904 1.0636e+02    12.0626      0.409      0.594    28.1203 0.0000e+00
      0.417     -0.000    12.4487    159.065     47.135  50.079207    30.3300     2.1645     0.2130    10.4904 1.0592e+02    12.0928      0.409      0.594    28.1183 0.0000e+00
      0.417     -0.000    12.4458    159.004     47.132  50.076278    30.3300     2.1874     0.2130    10.4904 1.0576e+02    12.0928      0.409      0.594    28.1169 0.0000e+00
      0.417 -5.532e-10    12.4387    158.981     47.112  50.053959    30.5100     2.2599     0.2556    10.3212 1.0606e+02    11.8511      0.409      0.593    28.1163 0.0000e+00
      0.417 -7.112e-10    12.4305    159.000     47.085  50.024240    30.5100     2.2637     0.2556    10.3212 1.0565e+02    11.9116      0.409      0.593    28.1165 0.0000e+00
      0.417 -9.144e-10    12.4235    159.056     47.076  50.013084    30.5100     2.2446     0.2556    10.3212 1.0599e+02    11.8814      0.409      0.593    28.1167 0.0000e+00
      0.417 -1.176e-09    12.4188    159.122     47.076  50.011536    30.5100     2.2370     0.2556    10.3212 1.0599e+02    11.8511      0.409      0.593    28.1165 0.0000e+00
      0.417 -1.512e-09    12.4171    159.155     47.060  49.993268    30.4200     2.2370     0.2130    10.8711 1.0613e+02    11.5943      0.409      0.593    28.1156 0.0000e+00
      0.417 -1.943e-09    12.4189    159.123     47.035  49.965368    30.4200     2.2294     0.2130    10.8711 1.0622e+02    11.6246      0.409      0.593    28.1141 0.0000e+00
      0.417 -2.499e-09    12.4237    159.030     47.018  49.946311    30.4200     2.2866     0.2130    10.8711 1.0650e+02    11.5037      0.409      0.593    28.1122 0.0000e+00
      0.417 -3.213e-09    12.4292    158.912     46.995  49.921050    30.4200     2.2294     0.2130    10.8711 1.0659e+02    11.5641      0.409      0.593    28.1104 0.0000e+00
      0.417 -4.131e-09    12.4321    158.787     46.961  49.882846    30.1500     2.2675     0.2556    11.0403 1.0692e+02    12.3346      0.409      0.593    28.1092 0.0000e+00
      0.417 -5.311e-09    12.4298    158.651     46.949  49.869355    30.1500     2.2332     0.2556    11.0403 1.0687e+02    12.2741      0.409      0.593    28.1082 0.0000e+00
      0.417 -6.828e-09    12.4228    158.518     46.964  49.884954    30.1500     2.2294     0.2556    11.0403 1.0694e+02    12.3950      0.409      0.593    28.1072 0.0000e+00
      0.417 -8.779e-09    12.4138    158.425     46.972  49.891939    30.1500     2.2294     0.2556    11.0403 1.0706e+02    12.3043      0.409      0.593    28.1061 0.0000e+00
      0.417 -1.129e-08    12.4043    158.403     46.975  49.894167    30.0600     2.2332     0.2130    10.9134 1.0652e+02    11.9418      0.409      0.593    28.1050 0.0000e+00
      0.417 -1.451e-08    12.3939    158.450     46.978  49.896219    30.0600     2.2713     0.2130    10.9134 1.0650e+02    11.8360      0.409      0.593    28.1039 0.0000e+00
      0.417 -1.866e-08    12.3837    158.530     46.975  49.892661    30.0600     2.2522     0.2130    10.9134 1.0639e+02    11.8511      0.409      0.593    28.1029 0.0000e+00
      0.417 -2.399e-08    12.3766    158.605     46.990  49.908459    30.0600     2.2446     0.2130    10.9134 1.0618e+02    11.8511      0.409      0.593    28.1019 0.0000e+00
      0.417 -3.084e-08    12.3752    158.660     47.015  49.935865    30.0600     2.1798     0.2130    10.9134 1.0625e+02    11.3677      0.409      0.593    28.1007 0.0000e+00
      0.417 -3.966e-08    12.3792    158.712     47.017  49.938333    29.6100     2.1645     0.2130    11.2518 1.0581e+02    11.4584      0.409      0.593    28.0995 0.0000e+00
      0.417 -5.099e-08    12.3856    158.777     47.011  49.932468    29.6100     2.1874     0.2130    11.2518 1.0581e+02    11.5037      0.409      0.593    28.0988 0.0000e+00
      0.417 -6.556e-08    12.3914    158.849     47.025  49.946607    29.6100     2.1721     0.2130    11.2518 1.0567e+02    11.3375      0.409      0.593    28.0988 0.0000e+00
      0.417 -8.429e-08    12.3956    158.913     47.050  49.972561    29.6100     2.0997     0.2130    11.2518 1.0569e+02    12.3043      0.409      0.593    28.0993 0.0000e+00
      0.417 -1.084e-07    12.3996    158.970     47.069  49.993330    29.8800     2.1225     0.2130    10.8711 1.0515e+02    12.2892      0.409      0.593    28.0999 0.0000e+00
      0.417 -1.393e-07    12.4046    159.017     47.068  49.992522    29.8800     2.1187     0.2130    10.8711 1.0535e+02    12.3346      0.409      0.593    28.1004 0.0000e+00
      0.417 -1.791e-07    12.4102    159.044     47.051  49.975904    29.8800     2.1454     0.2130    10.8711 1.0579e+02    12.3950      0.409      0.593    28.1004 0.0000e+00
      0.417 -2.303e-07    12.4153    159.036     47.029  49.954992    29.8800     2.1225     0.2130    10.8711 1.0563e+02    12.6065      0.409      0.593    28.0999 0.0000e+00
      0.417 -1.824e-07    12.4198    158.968     47.012  49.938162    30.1500     2.1607     0.2130    10.4904 1.0611e+02    12.5611      0.409      0.593    28.0997 0.0000e+00
      0.417 -3.220e-08    12.4233    158.829     47.008  49.934881    30.1500     2.1264     0.2130    10.4904 1.0586e+02    12.5763      0.409      0.593    28.1002 0.0000e+00
      0.417 1.1592e-07    12.4251    158.636     47.010  49.936302    30.1500     2.1073     0.2130    10.4904 1.0581e+02    12.5309      0.409      0.593    28.1018 0.0000e+00
      0.417 2.7140e-07    12.4239    158.430     47.006  49.930842    30.1500     2.1798     0.2130    10.4904 1.0650e+02    13.0597      0.409      0.593    28.1040 0.0000e+00
      0.417 4.4410e-07    12.4182    158.250     46.999  49.921032    30.1500     2.1874     0.2130    10.6596 1.0604e+02    12.9539      0.409      0.593    28.1059 0.0000e+00
      0.417 6.4499e-07    12.4072    158.102     47.004  49.924189    30.1500     2.1683     0.2130    10.6596 1.0641e+02    13.0143      0.409      0.593    28.1067 0.0000e+00
      0.417 8.8685e-07    12.3923    157.979     47.016  49.935177    30.1500     2.1836     0.2130    10.6596 1.0625e+02    13.1201      0.409      0.593    28.1061 0.0000e+00
      0.417      0.000    12.3766    157.885     47.022  49.940976    30.1500     2.1607     0.2130    10.6596 1.0641e+02    11.8360      0.409      0.593    28.1044 0.0000e+00
      0.417      0.000    12.3630    157.840     47.026  49.945127    30.1500     2.1874     0.2130    10.6596 1.0632e+02    11.8511      0.409      0.593    28.1022 0.0000e+00
      0.417      0.000    12.3519    157.848     47.024  49.942757    30.1500     2.1721     0.2130    10.7019 1.0599e+02    11.8814      0.409      0.593    28.1001 0.0000e+00
      0.417      0.000    12.3426    157.910     47.009  49.927253    30.1500     2.1798     0.2130    10.7019 1.0622e+02    11.8511      0.409      0.593    28.0982 0.0000e+00
      0.417      0.000    12.3356    158.030     46.995  49.912422    30.1500     2.1111     0.2130    10.7019 1.0572e+02    10.8692      0.409      0.593    28.0970 0.0000e+00
      0.417      0.000    12.3322    158.207     46.995  49.912250    30.1500     2.1073     0.2130    10.7019 1.0581e+02    10.8088      0.409      0.593    28.0964 0.0000e+00
      0.417      0.000    12.3329    158.410     47.004  49.922704    30.0600     2.1187     0.2130    10.9134 1.0558e+02    10.9750      0.409      0.593    28.0963 0.0000e+00
      0.417      0.000    12.3376    158.586     47.028  49.948565    30.0600     2.1149     0.2130    10.9134 1.0565e+02    10.7937      0.409      0.593    28.0966 0.0000e+00
      0.417      0.000    12.3469    158.704     47.065  49.988756    30.0600     2.1645     0.2130    10.9134 1.0544e+02    12.0022      0.409      0.593    28.0970 0.0000e+00
      0.417      0.000    12.3606    158.772     47.095  50.022100    30.0600     2.1950     0.2130    10.9134 1.0528e+02    12.0475      0.409      0.593    28.0973 0.0000e+00
      0.417      0.000    12.3765    158.817     47.095  50.023599    29.7000     2.1645     0.2130    10.9134 1.0540e+02    12.1080      0.409      0.593    28.0975 0.0000e+00
      0.417      0.000    12.3901    158.862     47.075  50.003620    29.7000     2.1798     0.2130    10.9134 1.0528e+02    12.2137      0.409      0.593    28.0981 0.0000e+00
      0.417      0.000    12.3990    158.911     47.062  49.990724    29.7000     2.1912     0.2130    10.9134 1.0558e+02    11.7454      0.409      0.593    28.0994 0.0000e+00
      0.417      0.000    12.4040    158.949     47.052  49.981473    29.7000     2.2027     0.2130    10.9134 1.0560e+02    11.8209      0.409      0.593    28.1010 0.0000e+00
      0.417      0.000    12.4072    158.965     47.049  49.979380    29.7000     2.1721     0.2130    10.9134 1.0556e+02    11.9418      0.409      0.593    28.1025 0.0000e+00
      0.417      0.000    12.4105    158.956     47.060  49.991860    29.8800     2.1798     0.2130    10.9980 1.0625e+02    11.8511      0.409      0.593    28.1035 0.0000e+00
      0.417      0.000    12.4141    158.918     47.065  49.998321    29.8800     2.1454     0.2130    10.9980 1.0629e+02    12.0777      0.409      0.593    28.1045 0.0000e+00
      0.417      0.000    12.4168    158.858     47.054  49.986532    29.8800     2.2027     0.2130    10.9980 1.0646e+02    12.1835      0.409      0.593    28.1058 0.0000e+00
      0.417      0.000    12.4177    158.791     47.047  49.979263    29.8800     2.1759     0.2130    10.9980 1.0629e+02    12.0173      0.409      0.593    28.1073 0.0000e+00
      0.417      0.000    12.4167    158.731     47.052  49.984543    30.2400     2.1950     0.2556    10.8711 1.0634e+02    12.0777      0.409      0.593    28.1087 0.0000e+00
      0.417      0.000    12.4136    158.700     47.049  49.981853    30.2400     2.1569     0.2556    10.8711 1.0613e+02    12.1382      0.409      0.593    28.1094 0.0000e+00
      0.417      0.000    12.4089    158.727     47.041  49.974461    30.2400     2.1264     0.2556    10.8711 1.0604e+02    12.1533      0.409      0.593    28.1095 0.0000e+00
      0.417      0.000    12.4036    158.813     47.047  49.980332    30.2400     2.1073     0.2556    10.8711 1.0641e+02    12.1382      0.409      0.593    28.1095 0.0000e+00
      0.417      0.000    12.3988    158.920     47.059  49.993057    30.5100     2.1378     0.2130    11.0403 1.0625e+02    12.1835      0.409      0.593    28.1100 0.0000e+00
      0.417      0.001    12.3962    158.999     47.062  49.996095    30.5100     2.0997     0.2130    11.0403 1.0639e+02    11.6246      0.409      0.594    28.1106 0.0000e+00
      0.418      0.001    12.3983    159.014     47.069  50.002218    30.5100     2.1302     0.2130    11.0403 1.0609e+02    11.5943      0.410      0.594    28.1111 0.0000e+00
      0.418      0.001    12.4050    158.961     47.101  50.036978    30.5100     2.1073     0.2130    11.0403 1.0616e+02    11.5641      0.410      0.594    28.1113 0.0000e+00
      0.418      0.001    12.4134    158.875     47.154  50.093697    30.5100     2.1302     0.2130    11.0403 1.0629e+02    11.6548      0.410      0.594    28.1110 0.0000e+00
      0.418      0.001    12.4197    158.808     47.188  50.131683    30.5100     2.0653     0.2130    11.0403 1.0597e+02    12.0777      0.410      0.595    28.1104 0.0000e+00
      0.419      0.002    12.4209    158.802     47.189  50.135152    30.5100     2.0577     0.2130    11.0403 1.0606e+02    12.0324      0.411      0.595    28.1100 0.0000e+00
      0.419      0.002    12.4168    158.868     47.181  50.128951    30.5100     2.0806     0.2130    11.0403 1.0583e+02    12.0928      0.411      0.596    28.1100 0.0000e+00
      0.420      0.003    12.4099    158.984     47.177  50.127373    30.5100     2.0348     0.2130    11.0403 1.0632e+02    12.0928      0.412      0.597    28.1108 0.0000e+00
      0.420      0.004    12.4043    159.120     47.180  50.133985    30.4200     2.1149     0.2130    11.1249 1.0629e+02    12.3799      0.412      0.598    28.1125 0.0000e+00
      0.421      0.004    12.4034    159.257     47.190  50.146563    30.4200     2.1302     0.2130    11.1249 1.0604e+02    12.3799      0.413      0.599    28.1146 0.0000e+00
      0.423      0.005    12.4079    159.372     47.188  50.144541    30.4200     2.1225     0.2130    11.1249 1.0597e+02    12.3648      0.415      0.601    28.1171 0.0000e+00
      0.424      0.005    12.4163    159.447     47.175  50.127378    30.4200     2.0997     0.2130    11.1249 1.0569e+02    12.3194      0.416      0.603    28.1202 0.0000e+00
      0.426      0.006    12.4262    159.480     47.166  50.114419    30.3300     2.1378     0.2130    11.1672 1.0567e+02    12.6065      0.418      0.605    28.1237 0.0000e+00
      0.427      0.006    12.4364    159.485     47.155  50.098222    30.3300     2.1264     0.2130    11.1672 1.0540e+02    12.5914      0.419      0.608    28.1260 0.0000e+00
      0.429      0.006    12.4454    159.479     47.138  50.078454    30.3300     2.1149     0.2130    11.1672 1.0540e+02    12.5158      0.421      0.610    28.1259 0.0000e+00
      0.430      0.005    12.4519    159.452     47.128  50.065790    30.3300     2.0806     0.2130    11.1672 1.0572e+02    12.5611      0.422      0.612    28.1229 0.0000e+00
      0.431      0.005    12.4554    159.387     47.117  50.052868    30.1500     2.1683     0.2130    11.1672 1.0510e+02    12.6971      0.423      0.613    28.1184 0.0000e+00
      0.433      0.005    12.4567    159.286     47.095  50.028268    30.1500     2.1912     0.2130    11.1672 1.0560e+02    12.8633      0.424      0.615    28.1145 0.0000e+00
