Data/DataNotYetUploadedToEDI/Raw_CTD/RawDownloads/062424_fcr20_S7809003.cnv
* Sea-Bird SBE19plus  Data File:
* FileName = C:\R\Reservoirs\Data\DataNotYetUploadedToEDI\Raw_CTD\RawDownloads\062424_fcr50_S7809_0003.hex
* Software version 2.8.0.119
* Temperature SN = 7809
* Conductivity SN = 7809
* System UpLoad Time = Jun 26 2024 15:02:54
* <ApplicationData>
* <Seaterm232>
# nquan = 15
# nvalues = 1089                        
# units = specified
# name 0 = depFM: Depth [fresh water, m]
# name 1 = dz/dtM: Descent Rate [m/s]
# name 2 = sbeox0Mg/L: Oxygen, SBE 43 [mg/l]
# name 3 = sbeox0PS: Oxygen, SBE 43 [% saturation]
# name 4 = specc: Specific Conductance [uS/cm]
# name 5 = c0uS/cm: Conductivity [uS/cm]
# name 6 = flECO-AFL: Fluorescence, WET Labs ECO-AFL/FL [mg/m^3]
# name 7 = ph: pH
# name 8 = orp: Oxidation Reduction Potential [mV]
# name 9 = par/sat/log: PAR/Logarithmic, Satlantic
# name 10 = turbWETntu0: Turbidity, WET Labs ECO [NTU]
# name 11 = prdM: Pressure, Strain Gauge [db]
# name 12 = prdE: Pressure, Strain Gauge [psi]
# name 13 = tv290C: Temperature [ITS-90, deg C]
# name 14 = flag:  0.000e+00
# span 0 =     -0.700,      3.257       
# span 1 =     -0.394,      0.230       
# span 2 =    -0.1540,    15.9610       
# span 3 =     -1.530,    196.845       
# span 4 =      1.509,     96.690       
# span 5 =   1.482888,  82.264297       
# span 6 =    -0.1327,    37.2963       
# span 7 =      8.897,     10.840       
# span 8 =  -195.2374,   162.1713       
# span 9 = 2.6939e+00, 2.7772e+03       
# span 10 =    -5.5423,   931.6411      
# span 11 =     -0.687,      3.195      
# span 12 =     -0.996,      4.633      
# span 13 =    16.1031,    27.9655      
# span 14 = 0.0000e+00, 0.0000e+00      
# interval = seconds: 0.25
# start_time = Jun 24 2024 12:42:05 [Instrument's time stamp, header]
# bad_flag = -9.990e-29
*END*
[from data line 772]
      3.217      0.014     0.0870      0.925     94.494  78.169092     0.2837      9.268  -169.0983 2.8487e+00    12.7408      3.155      4.576    16.4530 0.0000e+00
      3.218      0.013     0.0878      0.936     94.379  78.071963    -0.0323      9.265  -169.3202 2.8472e+00     2.7924      3.155      4.577    16.4037 0.0000e+00
      3.221      0.013     0.0881      0.931     94.124  77.848485    -0.0636      9.262  -169.5532 2.8253e+00     1.9004      3.159      4.581    16.3815 0.0000e+00
      3.225      0.014     0.0866      0.933     93.846  77.565270    -0.0701      9.259  -169.8495 2.8047e+00     1.7842      3.163      4.587    16.3624 0.0000e+00
      3.229      0.014     0.0918      0.937     93.893  77.508780    -0.0684      9.255  -170.2362 2.7939e+00     1.2857      3.166      4.592    16.3548 0.0000e+00
      3.234      0.013     0.0924      0.923     94.178  77.674018    -0.0516      9.251  -170.5288 2.7805e+00     0.3827      3.171      4.600    16.3590 0.0000e+00
      3.238      0.011     0.0906      0.898     94.300  77.782744    -0.0501      9.248  -170.6338 2.7632e+00    -0.1503      3.176      4.607    16.3591 0.0000e+00
      3.241      0.008     0.0911      0.890     94.220  77.742501    -0.0670      9.245  -170.6456 2.7607e+00    -0.3092      3.179      4.610    16.3338 0.0000e+00
      3.241      0.006     0.0930      0.898     94.214  77.696136    -0.0729      9.242  -170.7574 2.7789e+00    -0.3765      3.179      4.611    16.2685 0.0000e+00
      3.241      0.004     0.0914      0.908     94.359  77.730766    -0.0625      9.239  -171.0398 2.7842e+00    -0.3154      3.178      4.610    16.2097 0.0000e+00
      3.242      0.002     0.0870      0.916     94.487  77.779598    -0.0499      9.235  -171.3068 2.7718e+00    -0.2187      3.179      4.611    16.2345 0.0000e+00
      3.243      0.001     0.0869      0.912     94.481  77.777829    -0.0462      9.232  -171.4903 2.7598e+00    -0.1644      3.180      4.612    16.2724 0.0000e+00
      3.245      0.001     0.0882      0.896     94.356  77.709388    -0.0508      9.230  -171.7089 2.7523e+00    -0.1368      3.182      4.615    16.2399 0.0000e+00
      3.245      0.001     0.0889      0.866     94.191  77.587954    -0.0556      9.227  -171.9718 2.7549e+00    -0.1248      3.183      4.616    16.1770 0.0000e+00
      3.244      0.001     0.0908      0.841     94.142  77.517673    -0.0618      9.225  -172.2593 2.7617e+00    -0.1213      3.181      4.613    16.1402 0.0000e+00
      3.243      0.001     0.0899      0.844     94.255  77.558987    -0.0678      9.223  -172.6047 2.7624e+00    -0.0944      3.179      4.611    16.1511 0.0000e+00
      3.243      0.001     0.0889      0.858     94.396  77.642333    -0.0623      9.220  -172.7920 2.7535e+00     0.0287      3.179      4.611    16.1794 0.0000e+00
      3.244      0.001     0.0852      0.858     94.462  77.698794    -0.0448      9.218  -172.8033 2.7449e+00     0.2059      3.181      4.614    16.1939 0.0000e+00
      3.246      0.002     0.0810      0.858     94.477  77.732995    -0.0304      9.216  -172.8270 2.7428e+00     0.2722      3.183      4.617    16.1723 0.0000e+00
      3.246      0.002     0.0828      0.874     94.543  77.801553    -0.0388      9.213  -172.8206 2.7443e+00     0.2492      3.183      4.617    16.1335 0.0000e+00
      3.245      0.001     0.0853      0.898     94.653  77.891914    -0.0627      9.210  -172.8122 2.7422e+00     0.2010      3.182      4.615    16.1154 0.0000e+00
      3.245      0.000     0.0846      0.914     94.710  77.935379    -0.0787      9.208  -172.8968 2.7352e+00     0.1340      3.182      4.615    16.1182 0.0000e+00
      3.246      0.000     0.0833      0.910     94.736  77.945584    -0.0817      9.205  -173.0693 2.7328e+00     0.1220      3.183      4.617    16.1372 0.0000e+00
      3.246      0.000     0.0858      0.895     94.772  77.951703    -0.0744      9.203  -173.1779 2.7417e+00     0.1929      3.183      4.617    16.1464 0.0000e+00
      3.246      0.001     0.0885      0.891     94.787  77.945747    -0.0569      9.201  -173.1764 2.7552e+00     0.2734      3.183      4.616    16.1412 0.0000e+00
      3.246      0.001     0.0910      0.906     94.773  77.937131    -0.0444      9.198  -173.2235 2.7587e+00     0.2769      3.182      4.616    16.1416 0.0000e+00
      3.246      0.001     0.0902      0.924     94.721  77.911113    -0.0562      9.196  -173.3170 2.7527e+00     0.2005      3.183      4.617    16.1392 0.0000e+00
      3.246      0.001     0.0875      0.921     94.676  77.885520    -0.0749      9.193  -173.4465 2.7377e+00     0.1352      3.183      4.617    16.1209 0.0000e+00
      3.246      0.001     0.0868      0.901     94.685  77.882043    -0.0789      9.190  -173.5857 2.7219e+00     0.1362      3.184      4.618    16.1066 0.0000e+00
      3.246      0.001     0.0890      0.880     94.695  77.869065    -0.0722      9.189  -173.6232 2.7304e+00     0.1781      3.183      4.617    16.1115 0.0000e+00
      3.247      0.000     0.0920      0.858     94.688  77.855737    -0.0602      9.187  -173.7280 2.7508e+00     0.2323      3.184      4.618    16.1238 0.0000e+00
      3.247     -0.001     0.0915      0.845     94.666  77.848049    -0.0497      9.185  -173.9914 2.7504e+00     0.3134      3.184      4.619    16.1343 0.0000e+00
      3.247     -0.010     0.0882      0.845     94.716  77.903294    -0.0459      9.183  -174.3131 2.7473e+00     0.6803      3.184      4.618    16.1259 0.0000e+00
      3.247     -0.037     0.0872      0.834     95.188  78.332962    -0.0055      9.181  -174.6927 2.7518e+00     4.8055      3.183      4.618    16.1082 0.0000e+00
      3.246     -0.090     0.0842      0.822     96.051  79.228053     0.0893      9.177  -175.1396 2.7515e+00    12.4784      3.184      4.617    16.1031 0.0000e+00
      3.241     -0.162     0.0821      0.815     96.590  80.078257     0.1595      9.171  -175.5004 2.8067e+00    16.7649      3.185      4.619    16.1133 0.0000e+00
      3.213     -0.240     0.0844      0.798     96.345  80.410365     0.2523      9.163  -175.8724 3.0623e+00    17.6906      3.171      4.598    16.1230 0.0000e+00
      3.134     -0.313     0.0819      0.770     95.348  80.128320     1.2114      9.156  -176.4537 3.6061e+00    23.3988      3.095      4.489    16.1166 0.0000e+00
      3.008     -0.369     0.0801      0.736     93.909  79.466725     2.9751      9.149  -177.1085 4.3186e+00    33.8253      2.950      4.277    16.1840 0.0000e+00
      2.873     -0.394     0.0806      0.707     92.809  79.025009     3.9402      9.143  -177.5944 5.0346e+00    39.4687      2.808      4.072    16.4255 0.0000e+00
      2.756     -0.376     0.0776      0.703     92.523  79.112165     4.0162      9.138  -177.6828 5.7746e+00    39.3343      2.701      3.918    16.7332 0.0000e+00
      2.651     -0.319     0.0745      0.721     92.409  79.185625     3.8775      9.134  -178.1778 6.5243e+00    32.5762      2.594      3.762    17.0119 0.0000e+00
      2.568     -0.241     0.0708      0.736     91.359  78.387331     3.6196      9.129  -180.0506 7.0498e+00    20.2343      2.502      3.629    17.3158 0.0000e+00
      2.523     -0.166     0.0663      0.748     89.823  77.217291     3.4865      9.124  -181.4842 7.2825e+00    13.5608      2.463      3.571    17.6082 0.0000e+00
      2.509     -0.113     0.0660      0.774     89.224  76.928946     3.4924      9.119  -180.7125 7.3582e+00    12.8621      2.457      3.563    17.7821 0.0000e+00
      2.510     -0.090     0.0688      0.807     88.882  76.808931     3.5159      9.117  -179.1513 7.3448e+00    11.1031      2.460      3.569    17.8543 0.0000e+00
      2.515     -0.097     0.0702      0.827     87.843  75.957128     3.5455      9.118  -177.5798 7.3828e+00     7.9730      2.469      3.582    17.8881 0.0000e+00
      2.505     -0.127     0.0699      0.819     86.022  74.386419     3.5678      9.123  -175.5639 7.6987e+00     6.3061      2.470      3.582    17.9491 0.0000e+00
      2.464     -0.159     0.0731      0.801     83.276  72.057853     3.6104      9.129  -173.4479 8.3595e+00     6.1501      2.428      3.523    18.1187 0.0000e+00
      2.394     -0.178     0.0762      0.785     80.590  69.860523     4.1937      9.134  -171.7839 9.1602e+00     6.6665      2.348      3.406    18.2445 0.0000e+00
      2.317     -0.177     0.0792      0.761     78.238  68.031793     5.2853      9.139  -170.5016 9.8725e+00     7.8024      2.267      3.288    18.2320 0.0000e+00
      2.255     -0.155     0.0774      0.760     75.855  66.216923     5.8897      9.140  -168.9568 1.0334e+01     8.4754      2.200      3.192    18.2230 0.0000e+00
      2.221     -0.116     0.0747      0.796     73.881  64.757913     5.9824      9.139  -166.9580 1.0454e+01     8.6202      2.166      3.143    18.2427 0.0000e+00
      2.213     -0.072     0.0752      0.842     73.151  64.371103     6.3902      9.138  -164.6607 1.0392e+01     9.6221      2.169      3.145    18.3178 0.0000e+00
      2.215     -0.033     0.0701      0.879     72.565  64.081768     7.1411      9.138  -162.2607 1.0340e+01    11.5371      2.174      3.153    18.4656 0.0000e+00
      2.216     -0.007     0.0695      0.911     69.105  61.195787     7.5630      9.137  -159.9647 1.0324e+01    12.6445      2.173      3.152    18.6435 0.0000e+00
      2.216      0.005     0.0739      0.918     64.042  56.858733     7.6213      9.136  -157.8078 1.0322e+01    12.7973      2.172      3.151    18.8300 0.0000e+00
      2.217      0.009     0.0789      0.882     60.854  54.204667     7.7122      9.137  -155.7992 1.0299e+01    12.7353      2.173      3.152    18.9928 0.0000e+00
      2.221      0.011     0.0809      0.824     59.512  53.178622     8.7122      9.137  -153.6608 1.0239e+01    12.3053      2.176      3.158    19.1690 0.0000e+00
      2.226      0.011     0.0845      0.774     58.723  52.582097    10.5729      9.137  -150.8811 1.0204e+01    11.6634      2.183      3.167    19.2884 0.0000e+00
      2.229      0.005     0.0866      0.748     59.224  53.088587    11.6002      9.138  -147.0553 1.0225e+01    11.3620      2.187      3.172    19.3695 0.0000e+00
      2.232     -0.011     0.0813      0.741     62.454  56.000097    11.6857      9.140  -142.3358 1.0231e+01    11.2913      2.187      3.173    19.5376 0.0000e+00
      2.236     -0.037     0.0750      0.746     67.014  60.029743    11.5313      9.143  -137.8699 1.0253e+01    10.7740      2.194      3.182    19.6995 0.0000e+00
      2.233     -0.066     0.0697      0.774     70.139  62.682811    11.2327      9.145  -133.9264 1.0486e+01     9.9236      2.197      3.187    19.7832 0.0000e+00
      2.213     -0.091     0.0677      0.831     71.457  63.683780    11.0463      9.145  -129.8461 1.1008e+01     9.4807      2.178      3.159    19.8215 0.0000e+00
      2.174     -0.105     0.0671      0.882     71.836  63.872595    10.9258      9.145  -126.2213 1.1711e+01     9.4506      2.136      3.097    19.8499 0.0000e+00
      2.127     -0.105     0.0677      0.900     70.955  62.995885    10.0330      9.145  -123.6543 1.2445e+01     9.7983      2.084      3.023    19.8168 0.0000e+00
      2.085     -0.091     0.0690      0.899     67.827  60.199278     8.4170      9.144  -121.5230 1.2960e+01    10.4745      2.036      2.955    19.6874 0.0000e+00
      2.060     -0.066     0.0764      0.891     63.351  56.295894     7.5415      9.142  -119.0360 1.3106e+01    10.8623      2.012      2.919    19.5467 0.0000e+00
      2.057     -0.036     0.0831      0.886     59.498  53.023879     7.4459      9.139  -115.7825 1.3031e+01    10.8661      2.014      2.921    19.4392 0.0000e+00
      2.065     -0.010     0.0830      0.881     56.592  50.615325     7.1855      9.135  -111.5244 1.2946e+01    10.2476      2.026      2.939    19.3692 0.0000e+00
      2.073      0.008     0.0833      0.897     54.413  48.828340     6.7240      9.131  -106.2690 1.2946e+01     9.1231      2.035      2.952    19.3479 0.0000e+00
      2.076      0.018     0.0815      0.984     52.696  47.418554     6.4772      9.128  -100.3367 1.2967e+01     8.5763      2.036      2.953    19.4011 0.0000e+00
      2.078      0.019     0.0815      1.170     51.361  46.331103     6.4491      9.124   -94.2604 1.2919e+01     8.5552      2.036      2.955    19.5508 0.0000e+00
      2.082      0.016     0.0803      1.455     50.699  45.837899     6.2760      9.120   -88.5546 1.2843e+01     8.1845      2.041      2.961    19.7290 0.0000e+00
      2.088      0.009     0.0789      1.844     50.882  46.089680     5.9318      9.117   -82.7130 1.2750e+01     7.4761      2.047      2.968    19.8755 0.0000e+00
      2.094     -0.005     0.0862      2.341     52.212  47.343993     5.7254      9.115   -76.2855 1.2643e+01     7.0615      2.054      2.979    19.9941 0.0000e+00
      2.099     -0.028     0.1032      2.916     54.893  49.766813     5.7119      9.113   -70.1221 1.2623e+01     7.0318      2.060      2.988    20.1012 0.0000e+00
      2.096     -0.057     0.1286      3.515     58.448  52.907641     5.8009      9.111   -64.7200 1.2816e+01     7.3899      2.061      2.989    20.2071 0.0000e+00
      2.079     -0.087     0.1628      4.061     60.957  55.030145     5.9451      9.109   -59.9259 1.3299e+01     8.0779      2.045      2.966    20.2966 0.0000e+00
      2.045     -0.113     0.2089      4.483     60.864  54.790719     6.0072      9.107   -55.5207 1.4028e+01     8.4502      2.009      2.913    20.3536 0.0000e+00
      2.001     -0.131     0.2623      4.755     59.878  53.823086     6.0027      9.104   -50.6902 1.4843e+01     8.4407      1.962      2.846    20.3510 0.0000e+00
      1.957     -0.137     0.3189      4.863     59.924  53.872936     6.0736      9.100   -44.9711 1.5552e+01     8.4069      1.916      2.778    20.2811 0.0000e+00
      1.919     -0.128     0.3732      4.867     60.100  54.060032     6.9052      9.094   -39.3715 1.6152e+01     8.2126      1.880      2.726    20.1439 0.0000e+00
      1.886     -0.106     0.4119      4.969     59.928  53.926158     8.4341      9.089   -34.6951 1.6845e+01     7.8337      1.850      2.684    19.9733 0.0000e+00
      1.856     -0.077     0.4384      5.332     59.669  53.714981     9.2781      9.083   -30.6755 1.7450e+01     7.5834      1.816      2.633    19.9039 0.0000e+00
      1.837     -0.049     0.4480      5.953     58.884  53.030870     9.4687      9.077   -27.0790 1.7618e+01     7.4746      1.794      2.602    19.9489 0.0000e+00
      1.835     -0.025     0.4387      6.751     57.775  52.068588    10.8223      9.072   -24.1633 1.7502e+01     7.2356      1.796      2.607    19.9758 0.0000e+00
      1.841     -0.007     0.4417      7.626     56.840  51.288098    13.3014      9.066   -22.1801 1.7330e+01     6.8798      1.805      2.619    19.9835 0.0000e+00
      1.847      0.007     0.4764      8.515     56.250  50.833143    14.6562      9.060   -20.7385 1.7168e+01     6.7255      1.812      2.628    20.0101 0.0000e+00
      1.851      0.015     0.5350      9.459     55.877  50.568265    14.7942      9.054   -19.2943 1.7104e+01     6.6685      1.817      2.635    20.0197 0.0000e+00
      1.852      0.017     0.6109     10.525     55.317  50.117477    14.9944      9.047   -17.8826 1.7079e+01     6.4979      1.815      2.633    20.0470 0.0000e+00
      1.854      0.016     0.6926     11.700     55.070  49.954424    15.3461      9.039   -16.5761 1.6987e+01     6.3361      1.816      2.634    20.1065 0.0000e+00
      1.860      0.009     0.7699     12.931     55.470  50.374733    15.5338      9.031   -15.3704 1.6844e+01     6.2833      1.822      2.643    20.1801 0.0000e+00
      1.868     -0.009     0.8505     14.231     55.589  50.500843    15.5409      9.022   -14.4031 1.6714e+01     6.3384      1.832      2.658    20.2553 0.0000e+00
