Data/DataNotYetUploadedToEDI/Raw_CTD/RawDownloads/062424_fcr30_S7809004.cnv
* Sea-Bird SBE19plus  Data File:
* FileName = C:\R\Reservoirs\Data\DataNotYetUploadedToEDI\Raw_CTD\RawDownloads\062424_fcr50_S7809_0004.hex
* Software version 2.8.0.119
* Temperature SN = 7809
* Conductivity SN = 7809
* System UpLoad Time = Jun 26 2024 15:03:32
* <ApplicationData>
* <Seaterm232>
# nquan = 15
# nvalues = 1432                        
# units = specified
# name 0 = depFM: Depth [fresh water, m]
# name 1 = dz/dtM: Descent Rate [m/s]
# name 2 = sbeox0Mg/L: Oxygen, SBE 43 [mg/l]
# name 3 = sbeox0PS: Oxygen, SBE 43 [% saturation]
# name 4 = specc: Specific Conductance [uS/cm]
# name 5 = c0uS/cm: Conductivity [uS/cm]
# name 6 = flECO-AFL: Fluorescence, WET Labs ECO-AFL/FL [mg/m^3]
# name 7 = ph: pH
# name 8 = orp: Oxidation Reduction Potential [mV]
# name 9 = par/sat/log: PAR/Logarithmic, Satlantic
# name 10 = turbWETntu0: Turbidity, WET Labs ECO [NTU]
# name 11 = prdM: Pressure, Strain Gauge [db]
# name 12 = prdE: Pressure, Strain Gauge [psi]
# name 13 = tv290C: Temperature [ITS-90, deg C]
# name 14 = flag:  0.000e+00
# span 0 =     -0.700,      5.397       
# span 1 =     -0.320,      0.207       
# span 2 =    -0.0641,    16.3443       
# span 3 =     -0.535,    202.855       
# span 4 =      1.415,     77.997       
# span 5 =   1.364074,  56.816382       
# span 6 =    -2.0643,    27.5880       
# span 7 =      8.835,     10.886       
# span 8 = -1230.4796,   477.8187       
# span 9 = 1.2356e-01, 2.6172e+03       
# span 10 =    -4.9634,    95.3908      
# span 11 =     -0.686,      5.293      
# span 12 =     -0.996,      7.677      
# span 13 =    11.4120,    27.9314      
# span 14 = 0.0000e+00, 0.0000e+00      
# interval = seconds: 0.25
# start_time = Jun 24 2024 12:59:42 [Instrument's time stamp, header]
# bad_flag = -9.990e-29
*END*
[from data line 579]
      1.740      0.039    11.1989    125.766     40.127  38.352472    27.0045     10.578   116.5598 1.9742e+01     5.8735      1.707      2.476    23.0026 0.0000e+00
      1.749      0.034    11.1482    123.981     40.148  38.383522    27.0792     10.573   116.9307 1.9468e+01     5.8684      1.714      2.486    22.8937 0.0000e+00
      1.757      0.029    11.0887    122.456     40.101  38.355935    27.2111     10.568   117.0582 1.9237e+01     5.9224      1.724      2.500    22.8312 0.0000e+00
      1.762      0.026    10.9897    121.301     40.081  38.336231    27.2838     10.564   117.3269 1.9131e+01     5.9802      1.729      2.508    22.7921 0.0000e+00
      1.767      0.024    10.8382    120.499     40.111  38.335656    27.2836     10.560   118.1152 1.9014e+01     5.9512      1.732      2.512    22.7695 0.0000e+00
      1.772      0.024    10.6641    120.010     40.175  38.348936    27.2759     10.557   119.0173 1.8870e+01     5.8461      1.738      2.520    22.7923 0.0000e+00
      1.778      0.025    10.5252    119.678     40.252  38.369824    27.2823     10.553   119.7168 1.8712e+01     5.7337      1.744      2.528    22.8316 0.0000e+00
      1.785      0.027    10.4273    119.273     40.324  38.397759    27.3022     10.548   120.4637 1.8546e+01     5.6850      1.751      2.538    22.8301 0.0000e+00
      1.792      0.031    10.3655    118.624     40.389  38.432805    27.3165     10.543   121.3362 1.8424e+01     5.7021      1.757      2.548    22.7898 0.0000e+00
      1.798      0.036    10.3411    117.661     40.469  38.476244    27.3145     10.539   122.0923 1.8252e+01     5.7012      1.763      2.557    22.7263 0.0000e+00
      1.807      0.041    10.3363    116.467     40.595  38.542181    27.3691     10.535   122.7223 1.7966e+01     5.6743      1.771      2.569    22.6498 0.0000e+00
      1.819      0.046    10.3160    115.131     40.728  38.595386    27.4944     10.532   123.2757 1.7644e+01     5.6505      1.783      2.586    22.5963 0.0000e+00
      1.832      0.050    10.2669    113.570     40.828  38.611772    27.5724     10.527   123.5342 1.7279e+01     5.6524      1.796      2.605    22.5786 0.0000e+00
      1.847      0.053    10.1875    111.680     40.893  38.613275    27.5880     10.523   123.4399 1.6876e+01     5.6972      1.811      2.626    22.5432 0.0000e+00
      1.863      0.054    10.0907    109.433     40.926  38.613467    27.5075     10.519   123.2534 1.6548e+01     5.6796      1.828      2.651    22.4737 0.0000e+00
      1.878      0.054     9.9994    106.903     40.950  38.614055    27.3324     10.515   123.6891 1.6321e+01     5.6449      1.842      2.673    22.3823 0.0000e+00
      1.890      0.054     9.8866    104.300     40.994  38.620355    27.2269     10.512   124.7497 1.6112e+01     5.6868      1.854      2.689    22.2725 0.0000e+00
      1.902      0.054     9.7395    101.927     41.041  38.626130    27.1727     10.508   126.0103 1.5881e+01     5.7080      1.865      2.704    22.1889 0.0000e+00
      1.915      0.054     9.5462     99.955     41.059  38.620364    26.5682     10.502   127.4022 1.5654e+01     5.6623      1.878      2.723    22.1653 0.0000e+00
      1.929      0.052     9.3211     98.262     41.062  38.614073    25.4113     10.496   128.2424 1.5349e+01     5.5787      1.889      2.739    22.1540 0.0000e+00
      1.946      0.048     9.0930     96.716     41.072  38.613503    24.7462     10.490   128.4255 1.4971e+01     5.5505      1.906      2.765    22.1013 0.0000e+00
      1.964      0.042     8.8871     95.346     41.085  38.613463    24.6441     10.486   128.4973 1.4723e+01     5.6292      1.929      2.797    22.0431 0.0000e+00
      1.974      0.035     8.7275     94.146     41.095  38.613573    24.2349     10.482   128.5085 1.4635e+01     5.6766      1.939      2.812    22.0178 0.0000e+00
      1.977      0.028     8.5856     93.048     41.101  38.614822    23.4607     10.478   128.5611 1.4614e+01     5.5766      1.939      2.813    22.0154 0.0000e+00
      1.978      0.022     8.4479     92.055     41.117  38.628558    23.0241     10.474   128.7895 1.4589e+01     5.4455      1.940      2.813    22.0053 0.0000e+00
      1.981      0.021     8.3321     91.245     41.146  38.652736    22.8921     10.471   128.7748 1.4509e+01     5.4231      1.943      2.818    21.9832 0.0000e+00
      1.986      0.024     8.2324     90.687     41.158  38.653321    21.9899     10.468   128.3823 1.4407e+01     5.5111      1.948      2.824    21.9750 0.0000e+00
      1.992      0.031     8.1364     90.378     41.156  38.635606    20.3715     10.466   128.1746 1.4287e+01     5.6550      1.952      2.831    21.9703 0.0000e+00
      2.001      0.038     8.0474     90.233     41.157  38.628903    19.4887     10.464   128.3286 1.4106e+01     5.7280      1.961      2.845    21.9663 0.0000e+00
      2.013      0.043     7.9728     90.080     41.164  38.635728    19.3807     10.463   128.6946 1.3883e+01     5.6762      1.974      2.863    21.9708 0.0000e+00
      2.026      0.048     7.9269     89.785     41.195  38.654664    19.2075     10.460   129.2448 1.3663e+01     5.6098      1.987      2.882    21.9561 0.0000e+00
      2.040      0.052     7.9063     89.381     41.258  38.667467    17.6274     10.458   129.7325 1.3442e+01     5.5743      2.000      2.901    21.9275 0.0000e+00
      2.054      0.054     7.9009     88.886     41.349  38.663547    14.7501     10.457   129.7733 1.3214e+01     5.5203      2.014      2.922    21.9174 0.0000e+00
      2.067      0.052     7.8929     88.118     41.462  38.670604    13.1741     10.456   129.3942 1.2964e+01     5.4690      2.026      2.938    21.9275 0.0000e+00
      2.082      0.048     7.8632     86.664     41.551  38.689180    12.9537     10.454   129.1923 1.2684e+01     5.4335      2.040      2.960    21.9262 0.0000e+00
      2.098      0.042     7.8323     83.938     41.590  38.697688    12.0446     10.452   129.5695 1.2478e+01     5.3984      2.059      2.987    21.8815 0.0000e+00
      2.109      0.037     7.8147     79.673     41.612  38.709987    10.3973     10.449   130.3409 1.2388e+01     5.4191      2.070      3.003    21.7535 0.0000e+00
      2.115      0.033     7.7812     74.491     41.609  38.710955     9.4915     10.446   131.1203 1.2345e+01     5.4442      2.075      3.010    21.6053 0.0000e+00
      2.119      0.029     7.6845     69.437     41.595  38.709400     9.3565     10.442   131.8508 1.2320e+01     5.4294      2.078      3.014    21.5340 0.0000e+00
      2.123      0.028     7.4647     65.241     41.653  38.754662     8.8069     10.439   132.4633 1.2262e+01     5.4448      2.081      3.018    21.5118 0.0000e+00
      2.130      0.030     7.0639     62.257     41.785  38.813997     7.8151     10.437   132.6750 1.2121e+01     5.4596      2.087      3.028    21.5042 0.0000e+00
      2.140      0.034     6.5655     60.562     41.941  38.855592     7.2771     10.435   132.6896 1.1943e+01     5.4718      2.099      3.044    21.5048 0.0000e+00
      2.150      0.035     6.0982     60.147     42.057  38.876679     7.1721     10.434   132.6406 1.1781e+01     5.4556      2.110      3.059    21.5316 0.0000e+00
      2.161      0.035     5.7131     60.773     42.094  38.878458     6.5115     10.430   132.5123 1.1629e+01     5.3325      2.119      3.073    21.5471 0.0000e+00
      2.171      0.033     5.4610     61.639     42.072  38.877047     5.3073     10.425   132.5157 1.1508e+01     5.1789      2.130      3.090    21.4610 0.0000e+00
      2.180      0.029     5.3263     61.718     42.003  38.859649     4.6401     10.422   132.7667 1.1427e+01     5.1360      2.139      3.102    21.3058 0.0000e+00
      2.186      0.025     5.3029     60.427     41.960  38.858549     4.5527     10.419   133.3099 1.1362e+01     5.1893      2.144      3.110    21.1883 0.0000e+00
      2.190      0.023     5.3916     57.910     41.963  38.863807     4.2173     10.415   133.8354 1.1310e+01     5.1399      2.148      3.116    21.1510 0.0000e+00
      2.194      0.023     5.5027     54.838     41.882  38.732851     3.5893     10.413   133.9588 1.1277e+01     4.9830      2.153      3.122    21.1865 0.0000e+00
      2.198      0.026     5.5222     51.956     41.735  38.480813     3.2442     10.411   134.0264 1.1240e+01     4.8971      2.155      3.126    21.2564 0.0000e+00
      2.203      0.030     5.3946     49.661     41.755  38.354613     3.2068     10.407   134.5666 1.1115e+01     4.9213      2.158      3.129    21.3153 0.0000e+00
      2.213      0.032     5.1468     47.916     41.930  38.412474     3.1790     10.402   135.5861 1.0909e+01     4.9686      2.168      3.145    21.3271 0.0000e+00
      2.226      0.033     4.8534     46.447     42.036  38.482231     3.0417     10.395   136.7180 1.0735e+01     4.9565      2.184      3.168    21.2644 0.0000e+00
      2.238      0.032     4.5991     44.846     42.036  38.499965     2.8036     10.387   137.5829 1.0632e+01     4.9120      2.196      3.185    21.1135 0.0000e+00
      2.246      0.029     4.4164     42.661     42.016  38.500012     2.6720     10.380   138.2994 1.0570e+01     4.8748      2.204      3.197    20.9028 0.0000e+00
      2.251      0.025     4.2824     39.926     41.994  38.482825     2.6571     10.373   138.8428 1.0532e+01     4.8824      2.209      3.203    20.7594 0.0000e+00
      2.255      0.022     4.1624     37.223     41.939  38.419072     2.5989     10.365   138.9047 1.0512e+01     4.9355      2.212      3.208    20.7500 0.0000e+00
      2.259      0.022     4.0355     34.971     41.846  38.300297     2.4758     10.358   139.0481 1.0495e+01     4.9357      2.215      3.212    20.7950 0.0000e+00
      2.262      0.023     3.8413     33.321     41.792  38.188919     2.3920     10.353   139.9740 1.0444e+01     4.8849      2.217      3.215    20.8177 0.0000e+00
      2.268      0.025     3.5653     32.351     41.828  38.151101     2.3681     10.346   141.3236 1.0320e+01     4.8682      2.222      3.222    20.8195 0.0000e+00
      2.277      0.026     3.3146     32.020     41.883  38.160231     2.3455     10.338   142.4606 1.0175e+01     4.9037      2.234      3.240    20.8069 0.0000e+00
      2.287      0.029     3.1133     32.113     41.836  38.108881     2.3102     10.331   143.2241 1.0097e+01     4.9733      2.245      3.256    20.7744 0.0000e+00
      2.293      0.036     2.9648     32.223     41.565  37.847504     2.2732     10.325   143.6714 1.0055e+01     4.9925      2.249      3.262    20.6934 0.0000e+00
      2.298      0.043     2.8874     31.988     41.232  37.474727     2.2481     10.319   144.0832 9.9987e+00     4.9315      2.253      3.268    20.5801 0.0000e+00
      2.304      0.048     2.8645     31.333     41.161  37.282005     2.2237     10.314   144.4172 9.8697e+00     4.9188      2.257      3.274    20.5331 0.0000e+00
      2.319      0.050     2.8885     30.387     41.313  37.293890     2.1864     10.310   144.6992 9.6071e+00     4.9754      2.269      3.291    20.5408 0.0000e+00
      2.343      0.050     2.9113     29.267     41.474  37.364444     2.1633     10.304   145.3416 9.3478e+00     4.9999      2.301      3.336    20.5510 0.0000e+00
      2.363      0.049     2.8959     28.047     41.511  37.373506     2.1517     10.298   145.9039 9.2305e+00     4.9767      2.324      3.370    20.4729 0.0000e+00
      2.373      0.046     2.8410     26.827     41.411  37.276517     2.1047     10.292   146.0779 9.1904e+00     5.0358      2.328      3.378    20.2774 0.0000e+00
      2.376      0.044     2.7618     25.708     41.226  37.080122     2.0528     10.287   146.2405 9.1620e+00     5.2023      2.330      3.380    20.1062 0.0000e+00
      2.381      0.046     2.6635     24.748     41.045  36.839043     2.0490     10.283   146.1494 9.0770e+00     5.2822      2.333      3.383    20.0154 0.0000e+00
      2.392      0.052     2.5499     23.997     40.980  36.645884     2.0580     10.279   145.7508 8.9166e+00     5.2500      2.344      3.399    20.0023 0.0000e+00
      2.407      0.059     2.4339     23.461     41.019  36.521158     2.0459     10.275   145.6360 8.7259e+00     5.1889      2.360      3.422    20.0145 0.0000e+00
      2.426      0.064     2.3333     23.055     41.119  36.472915     2.0024     10.271   145.7943 8.4740e+00     5.1587      2.376      3.447    19.9877 0.0000e+00
      2.450      0.062     2.2475     22.668     41.257  36.506575     1.9481     10.267   146.0298 8.2168e+00     5.1919      2.403      3.486    19.8999 0.0000e+00
      2.472      0.054     2.1856     22.217     41.411  36.610756     1.9211     10.262   146.5044 8.0681e+00     5.1801      2.428      3.522    19.7198 0.0000e+00
      2.486      0.043     2.1505     21.692     41.503  36.717280     1.9178     10.255   147.0591 8.0095e+00     5.1190      2.441      3.539    19.5018 0.0000e+00
      2.491      0.032     2.1235     21.136     41.440  36.715877     1.9335     10.249   147.4886 7.9957e+00     5.0684      2.444      3.544    19.3219 0.0000e+00
      2.492      0.023     2.0965     20.620     41.271  36.593877     1.9605     10.243   147.7387 8.0086e+00     5.0120      2.444      3.545    19.2168 0.0000e+00
      2.492      0.020     2.0556     20.218     41.131  36.447821     1.9868     10.238   147.7598 8.0081e+00     4.9832      2.442      3.543    19.1728 0.0000e+00
      2.495      0.021     2.0049     19.969     41.083  36.345854     1.9937     10.233   147.7438 7.9581e+00     4.9594      2.444      3.545    19.2116 0.0000e+00
      2.502      0.024     1.9468     19.884     41.118  36.312695     1.9604     10.228   147.8041 7.8692e+00     4.8950      2.452      3.557    19.3152 0.0000e+00
      2.512      0.028     1.8946     19.922     41.202  36.364074     1.9174     10.223   147.8859 7.7873e+00     4.8530      2.464      3.574    19.3516 0.0000e+00
      2.522      0.032     1.8585     20.017     41.216  36.395971     1.9139     10.218   148.0444 7.7223e+00     4.8966      2.475      3.589    19.3196 0.0000e+00
      2.529      0.034     1.8374     20.118     41.170  36.381133     1.9356     10.213   148.2586 7.6720e+00     5.0122      2.481      3.597    19.2355 0.0000e+00
      2.535      0.034     1.8356     20.192     41.153  36.375062     1.9630     10.209   148.4107 7.6165e+00     5.1230      2.485      3.604    19.1275 0.0000e+00
      2.544      0.033     1.8425     20.238     41.103  36.322581     1.9952     10.204   148.5067 7.5203e+00     5.1774      2.494      3.618    19.1006 0.0000e+00
      2.554      0.033     1.8510     20.293     41.060  36.254194     2.0093     10.200   148.6447 7.4096e+00     5.1923      2.505      3.633    19.1487 0.0000e+00
      2.564      0.033     1.8596     20.355     41.098  36.246127     2.0256     10.196   148.7892 7.3179e+00     5.2004      2.515      3.648    19.1902 0.0000e+00
      2.573      0.032     1.8674     20.425     41.169  36.288435     2.0754     10.191   148.9622 7.2540e+00     5.1731      2.524      3.661    19.1962 0.0000e+00
      2.579      0.029     1.8684     20.531     41.186  36.321555     2.1199     10.186   149.3603 7.2089e+00     5.1355      2.529      3.668    19.1919 0.0000e+00
      2.586      0.028     1.8765     20.651     41.152  36.329341     2.1317     10.182   149.9033 7.1433e+00     5.1554      2.535      3.678    19.1505 0.0000e+00
      2.593      0.028     1.8855     20.756     41.054  36.255731     2.1352     10.180   150.3645 7.0637e+00     5.1747      2.544      3.689    19.0812 0.0000e+00
      2.599      0.029     1.8901     20.833     40.896  36.066067     2.1527     10.180   150.7213 7.0138e+00     5.1978      2.548      3.697    19.0468 0.0000e+00
      2.604      0.031     1.9013     20.887     40.799  35.876148     2.1930     10.180   150.9479 6.9552e+00     5.2296      2.551      3.701    19.0801 0.0000e+00
