Data/DataNotYetUploadedToEDI/Raw_CTD/RawDownloads/062424_fcr10_S7809002.cnv
* Sea-Bird SBE19plus  Data File:
* FileName = C:\R\Reservoirs\Data\DataNotYetUploadedToEDI\Raw_CTD\RawDownloads\062424_fcr50_S7809_0002.hex
* Software version 2.8.0.119
* Temperature SN = 7809
* Conductivity SN = 7809
* System UpLoad Time = Jun 26 2024 15:02:24
* <ApplicationData>
* <Seaterm232>
# nquan = 15
# nvalues = 865                         
# units = specified
# name 0 = depFM: Depth [fresh water, m]
# name 1 = dz/dtM: Descent Rate [m/s]
# name 2 = sbeox0Mg/L: Oxygen, SBE 43 [mg/l]
# name 3 = sbeox0PS: Oxygen, SBE 43 [% saturation]
# name 4 = specc: Specific Conductance [uS/cm]
# name 5 = c0uS/cm: Conductivity [uS/cm]
# name 6 = flECO-AFL: Fluorescence, WET Labs ECO-AFL/FL [mg/m^3]
# name 7 = ph: pH
# name 8 = orp: Oxidation Reduction Potential [mV]
# name 9 = par/sat/log: PAR/Logarithmic, Satlantic
# name 10 = turbWETntu0: Turbidity, WET Labs ECO [NTU]
# name 11 = prdM: Pressure, Strain Gauge [db]
# name 12 = prdE: Pressure, Strain Gauge [psi]
# name 13 = tv290C: Temperature [ITS-90, deg C]
# name 14 = flag:  0.000e+00
# span 0 =     -0.705,      2.078       
# span 1 =     -0.400,      0.189       
# span 2 =     0.1292,    14.4712       
# span 3 =      1.483,    182.052       
# span 4 =      1.458,    109.600       
# span 5 =   1.470114, 101.400354       
# span 6 =    -0.2832,    57.5435       
# span 7 =     -2.063,     10.720       
# span 8 = -1240.7286,  1239.9427       
# span 9 = 4.1403e+00, 2.8438e+03       
# span 10 =   -11.8699,    55.4376      
# span 11 =     -0.693,      2.039      
# span 12 =     -1.004,      2.957      
# span 13 =    21.2048,    28.1449      
# span 14 = 0.0000e+00, 0.0000e+00      
# interval = seconds: 0.25
# start_time = Jun 24 2024 12:30:53 [Instrument's time stamp, header]
# bad_flag = -9.990e-29
*END*
[from data line 386]
     -0.158     -0.006    13.6680    173.350     49.178  51.687039     3.3086     10.674    78.2731 1.2018e+02    13.3707     -0.157     -0.227    27.5256 0.0000e+00
     -0.158     -0.002    13.6953    173.190     49.186  51.681623     3.3224     10.676    78.2899 1.1323e+02    13.4543     -0.156     -0.227    27.5343 0.0000e+00
     -0.156      0.002    13.6875    173.056     49.167  51.653766     3.3235     10.679    78.2538 1.0730e+02    13.3872     -0.154     -0.223    27.5592 0.0000e+00
     -0.153      0.003    13.6819    172.961     49.128  51.604203     3.3295     10.683    78.1803 1.0380e+02    13.2764     -0.150     -0.217    27.5654 0.0000e+00
     -0.151      0.003    13.6809    172.881     49.124  51.590327     3.3290     10.686    78.0890 1.0568e+02    13.2080     -0.147     -0.214    27.5427 0.0000e+00
     -0.151      0.002    13.6661    172.810     49.153  51.612979     3.3164     10.688    78.0109 1.1297e+02    13.1751     -0.147     -0.213    27.5280 0.0000e+00
     -0.152      0.002    13.6586    172.784     49.171  51.624087     3.3690     10.690    77.9240 1.1705e+02    13.2198     -0.149     -0.216    27.5228 0.0000e+00
     -0.153      0.002    13.6534    172.846     49.152  51.597617     3.4909     10.691    77.8131 1.1493e+02    13.3379     -0.151     -0.218    27.5138 0.0000e+00
     -0.153      0.002    13.6503    172.984     49.112  51.546922     3.5666     10.693    77.7882 1.1284e+02    13.4421     -0.151     -0.219    27.5027 0.0000e+00
     -0.152      0.003    13.6458    173.153     49.093  51.519112     3.5686     10.696    77.7946 1.1497e+02    13.4895     -0.149     -0.216    27.4951 0.0000e+00
     -0.149      0.003    13.6425    173.279     49.096  51.515347     3.5071     10.698    77.7188 1.1547e+02    13.4329     -0.146     -0.212    27.4886 0.0000e+00
     -0.147      0.003    13.6511    173.329     49.086  51.501377     3.4061     10.700    77.5606 1.1352e+02    13.2703     -0.144     -0.209    27.4807 0.0000e+00
     -0.147      0.002    13.6638    173.330     49.065  51.477198     3.3625     10.702    77.4304 1.1977e+02    13.1977     -0.143     -0.208    27.4734 0.0000e+00
     -0.149      0.002    13.6830    173.286     49.066  51.476986     3.3790     10.704    77.4350 1.2422e+02    13.2727     -0.146     -0.212    27.4635 0.0000e+00
     -0.150      0.002    13.6958    173.181     49.086  51.498814     3.4308     10.705    77.4442 1.2044e+02    13.2542     -0.148     -0.214    27.4560 0.0000e+00
     -0.148      0.002    13.6984    173.047     49.071  51.487125     3.5064     10.707    77.4558 1.1646e+02    13.0767     -0.145     -0.211    27.4537 0.0000e+00
     -0.146      0.002    13.6992    172.989     49.044  51.462661     3.5357     10.708    77.4888 1.0926e+02    12.9358     -0.143     -0.208    27.4524 0.0000e+00
     -0.145      0.002    13.6968    173.059     49.038  51.457012     3.5351     10.710    77.4997 1.0812e+02    12.9174     -0.142     -0.206    27.4503 0.0000e+00
     -0.145      0.002    13.6885    173.187     49.003  51.418831     3.5745     10.712    77.5009 1.1617e+02    12.9905     -0.142     -0.206    27.4508 0.0000e+00
     -0.145      0.001    13.6722    173.343     48.971  51.381994     3.6534     10.713    77.4179 1.2165e+02    13.0685     -0.142     -0.206    27.4564 0.0000e+00
     -0.145      0.000    13.6641    173.524     48.985  51.392603     3.7149     10.716    77.3563 1.2159e+02    13.0413     -0.141     -0.205    27.4599 0.0000e+00
     -0.145      0.000    13.6742    173.707     49.012  51.420100     3.7275     10.718    77.3586 1.1717e+02    12.9348     -0.142     -0.206    27.4602 0.0000e+00
     -0.145      0.001    13.6843    173.894     49.050  51.460465     3.7228     10.720    77.2730 1.1278e+02    12.9081     -0.142     -0.206    27.4601 0.0000e+00
     -0.146      0.002    13.6967    174.038     49.085  51.499678     3.7160     10.720    77.0958 1.1156e+02    13.0257     -0.143     -0.207    27.4556 0.0000e+00
     -0.146      0.005    13.7151    174.068     49.095  51.513229     3.7117     10.720    77.1093 1.1539e+02    13.1610     -0.143     -0.208    27.4491 0.0000e+00
     -0.145      0.008    13.7277    174.018     49.082  51.497320     3.7209     10.720    77.2634 1.2324e+02    13.2118     -0.143     -0.207    27.4487 0.0000e+00
     -0.143      0.011    13.7435    173.955     49.030  51.434325     3.7197     10.719    77.2386 1.2734e+02    13.1962     -0.141     -0.204    27.4509 0.0000e+00
     -0.138      0.012    13.7585    173.921     48.933  51.323016     3.6805     10.718    77.2388 1.2249e+02    13.0398     -0.136     -0.197    27.4535 0.0000e+00
     -0.133      0.009    13.7570    173.926     48.854  51.230946     3.6299     10.717    77.4382 1.1406e+02    12.7902     -0.129     -0.187    27.4580 0.0000e+00
     -0.128      0.004    13.7513    173.882     48.848  51.210052     3.6238     10.716    77.7576 1.1231e+02    12.7408     -0.124     -0.180    27.4562 0.0000e+00
     -0.126     -0.002    13.7489    173.772     48.911  51.260865     3.7304     10.714    78.0893 1.1579e+02    12.8180     -0.122     -0.177    27.4453 0.0000e+00
     -0.128     -0.008    13.7459    173.717     48.991  51.337312     4.7449     10.712    78.2649 1.1682e+02    12.6988     -0.123     -0.179    27.4356 0.0000e+00
     -0.135     -0.013    13.7528    173.741     49.024  51.372396     6.5842     10.710    78.2456 1.1949e+02    12.4263     -0.132     -0.191    27.4289 0.0000e+00
     -0.142     -0.014    13.7557    173.773     49.019  51.367574     7.6174     10.708    78.1151 1.2656e+02    12.2558     -0.139     -0.203    27.4113 0.0000e+00
     -0.148     -0.012    13.7446    173.780     48.995  51.342513     8.1396     10.708    78.0628 1.3047e+02    12.2769     -0.145     -0.211    27.3915 0.0000e+00
     -0.150     -0.008    13.7421    173.769     48.973  51.323370    12.8563     10.708    78.1296 1.2536e+02    12.5798     -0.149     -0.216    27.3853 0.0000e+00
     -0.150     -0.004    13.7466    173.764     48.971  51.326614    21.4586     10.708    78.1485 1.1451e+02    13.0478     -0.148     -0.215    27.3889 0.0000e+00
     -0.148     -0.001    13.7489    173.809     48.959  51.318250    26.0885     10.709    78.1199 1.0894e+02    13.2567     -0.145     -0.210    27.3904 0.0000e+00
     -0.146      0.001    13.7501    173.885     48.926  51.285745    26.0137     10.710    78.1276 1.1026e+02    13.2258     -0.143     -0.207    27.3872 0.0000e+00
     -0.146      0.001    13.7475    173.908     48.892  51.251082    20.7623     10.711    78.1554 1.1528e+02    13.1872     -0.142     -0.206    27.3926 0.0000e+00
     -0.147      0.000    13.7435    173.867     48.861  51.216637    11.0766     10.713    78.1982 1.1826e+02    13.1314     -0.144     -0.209    27.3996 0.0000e+00
     -0.148     -0.001    13.7458    173.811     48.840  51.186761     5.7936     10.714    78.2148 1.1475e+02    13.0635     -0.146     -0.211    27.4032 0.0000e+00
     -0.149     -0.002    13.7560    173.782     48.870  51.207324     5.3263     10.715    78.1834 1.1405e+02    12.9809     -0.146     -0.212    27.4066 0.0000e+00
     -0.148     -0.004    13.7569    173.794     48.940  51.274747     5.2936     10.716    78.1629 1.1475e+02    12.9189     -0.146     -0.210    27.4063 0.0000e+00
     -0.148     -0.005    13.7520    173.789     48.962  51.303485     5.3977     10.717    78.1395 1.1431e+02    13.0651     -0.143     -0.208    27.4057 0.0000e+00
     -0.148     -0.005    13.7485    173.708     48.951  51.300818     5.6028     10.718    78.1581 1.1757e+02    13.3480     -0.144     -0.209    27.3994 0.0000e+00
     -0.152     -0.004    13.7487    173.591     48.953  51.306017     5.7178     10.717    78.2159 1.2094e+02    13.4702     -0.149     -0.215    27.3822 0.0000e+00
     -0.156     -0.004    13.7549    173.513     48.952  51.302852     5.8484     10.717    78.2362 1.2144e+02    13.4840     -0.154     -0.223    27.3728 0.0000e+00
     -0.157     -0.003    13.7540    173.473     48.977  51.326032     7.1312     10.718    78.2311 1.2100e+02    13.7198     -0.155     -0.225    27.3836 0.0000e+00
     -0.155     -0.001    13.7433    173.468     48.981  51.332292     9.4677     10.718    78.3259 1.2278e+02    14.1344     -0.152     -0.220    27.3965 0.0000e+00
     -0.154      0.004    13.7296    173.535     48.906  51.251558    10.7530     10.715    78.6087 1.2652e+02    14.3294     -0.149     -0.217    27.3984 0.0000e+00
     -0.154      0.009    13.7254    173.617     48.786  51.111845    10.9265     10.712    78.8110 1.2646e+02    14.3699     -0.151     -0.218    27.3943 0.0000e+00
     -0.154      0.013    13.7251    173.671     48.680  50.976441    11.4082     10.710    78.7934 1.1678e+02    14.6583     -0.153     -0.223    27.3890 0.0000e+00
     -0.150      0.015    13.7198    173.795     48.675  50.947792    12.2496     10.710    78.7393 1.1281e+02    15.1181     -0.149     -0.216    27.3934 0.0000e+00
     -0.142      0.015    13.7267    174.018     48.755  51.019399    12.6849     10.709    78.7590 1.2311e+02    15.3176     -0.138     -0.201    27.3990 0.0000e+00
     -0.135      0.015    13.7412    174.217     48.814  51.080266    12.6098     10.708    78.9457 1.2639e+02    15.2252     -0.131     -0.191    27.3813 0.0000e+00
     -0.130      0.013    13.7471    174.354     48.837  51.112259    11.5911     10.708    79.1045 1.1973e+02    14.5826     -0.128     -0.184    27.3506 0.0000e+00
     -0.128      0.010    13.7610    174.457     48.866  51.152252     9.7471     10.707    79.1292 1.1445e+02    13.4572     -0.125     -0.182    27.3251 0.0000e+00
     -0.128      0.006    13.7896    174.522     48.889  51.182850     8.7425     10.707    79.2446 1.1255e+02    12.8560     -0.125     -0.182    27.3104 0.0000e+00
     -0.128      0.002    13.8053    174.597     48.866  51.164741     8.5581     10.707    79.2961 1.1297e+02    12.7790     -0.126     -0.182    27.3109 0.0000e+00
     -0.127      0.000    13.8104    174.685     48.822  51.123803     7.4421     10.707    79.2356 1.1300e+02    12.6631     -0.125     -0.181    27.3228 0.0000e+00
     -0.127     -0.001    13.8186    174.688     48.830  51.132350     5.4119     10.706    79.2872 1.1476e+02    12.5476     -0.124     -0.180    27.3347 0.0000e+00
     -0.127     -0.001    13.8190    174.578     48.900  51.204592     4.3027     10.705    79.4897 1.1943e+02    12.5437     -0.124     -0.180    27.3400 0.0000e+00
     -0.128     -0.002    13.8229    174.447     48.982  51.298797     4.1940     10.704    79.7053 1.2158e+02    12.5822     -0.126     -0.182    27.3451 0.0000e+00
     -0.129     -0.003    13.8326    174.314     49.043  51.382430     4.1639     10.703    79.6573 1.1947e+02    12.5689     -0.127     -0.184    27.3534 0.0000e+00
     -0.129     -0.004    13.8349    174.103     49.026  51.390360     3.9800     10.703    79.4251 1.1802e+02    12.6221     -0.127     -0.184    27.3514 0.0000e+00
     -0.130     -0.004    13.8226    173.820     48.949  51.331220     3.6608     10.703    79.3926 1.2013e+02    12.8155     -0.127     -0.184    27.3453 0.0000e+00
     -0.131     -0.003    13.8085    173.470     48.915  51.302375     3.4999     10.704    79.5224 1.2203e+02    12.9256     -0.127     -0.185    27.3557 0.0000e+00
     -0.133     -0.002    13.7990    173.051     48.911  51.295605     3.4996     10.706    79.5321 1.2080e+02    12.9289     -0.131     -0.190    27.3751 0.0000e+00
     -0.134     -0.000    13.7718    172.682     48.931  51.312860     3.5406     10.707    79.4238 1.1911e+02    13.0949     -0.133     -0.193    27.4058 0.0000e+00
     -0.134      0.001    13.7421    172.499     49.001  51.383998     3.5879     10.708    79.3318 1.1812e+02    13.3264     -0.131     -0.191    27.4355 0.0000e+00
     -0.133      0.003    13.7164    172.538     49.068  51.457261     3.5967     10.710    79.3667 1.1720e+02    13.3708     -0.130     -0.189    27.4380 0.0000e+00
     -0.131      0.004    13.6797    172.697     49.098  51.500196     3.5887     10.710    79.5873 1.1598e+02    13.3240     -0.127     -0.186    27.4291 0.0000e+00
     -0.129      0.005    13.6473    172.831     49.101  51.522159     3.5421     10.709    79.7617 1.1694e+02    13.2396     -0.125     -0.182    27.4284 0.0000e+00
     -0.127      0.006    13.6314    172.851     49.033  51.468855     3.4571     10.709    79.6687 1.2041e+02    13.1023     -0.125     -0.181    27.4254 0.0000e+00
     -0.127      0.010    13.6393    172.692     48.866  51.300215     3.4105     10.708    79.5805 1.2127e+02    13.0301     -0.125     -0.181    27.4219 0.0000e+00
     -0.126      0.016    13.6532    172.315     48.719  51.134087     3.3944     10.705    79.8137 1.2046e+02    13.0163     -0.125     -0.181    27.4378 0.0000e+00
     -0.123      0.023    13.6598    171.865     48.662  51.047629     3.3456     10.700    79.9081 1.1809e+02    13.2084     -0.122     -0.177    27.4596 0.0000e+00
     -0.117      0.031    13.6576    171.530     48.662  51.016767     3.2867     10.695    79.5169 1.1373e+02    13.6439     -0.116     -0.169    27.4814 0.0000e+00
     -0.106      0.041    13.6451    171.328     48.686  51.014878     3.2727     10.687    79.2137 1.0713e+02    13.9443     -0.105     -0.152    27.4934 0.0000e+00
     -0.092      0.051    13.6153    171.353     48.711  51.024738     3.2849     10.679    79.2534 9.6643e+01    14.0048     -0.090     -0.130    27.4784 0.0000e+00
     -0.079      0.061    13.5761    171.671     48.705  51.008965     3.3508     10.671    79.5667 8.9373e+01    13.7609     -0.077     -0.111    27.4472 0.0000e+00
     -0.064      0.072    13.5656    172.242     48.598  50.887653     3.4701     10.661    80.0770 8.4903e+01    13.3180     -0.065     -0.096    27.4094 0.0000e+00
     -0.045      0.083    13.5503    173.024     48.435  50.700870     3.5381     10.652    80.4335 7.7609e+01    13.1588     -0.043     -0.065    27.3801 0.0000e+00
     -0.024      0.092    13.5523    173.783     48.110  50.337963     3.5567     10.646    80.6075 7.1096e+01    13.1688     -0.024     -0.034    27.3660 0.0000e+00
      0.003      0.099    13.5858    174.261     47.507  49.674430     3.6533     10.641    80.8036 6.6634e+01    12.6527     -0.002     -0.002    27.3575 0.0000e+00
      0.036      0.103    13.6267    174.366     46.932  49.027396     3.8239     10.637    80.9974 6.2934e+01    11.6670      0.037      0.053    27.3520 0.0000e+00
      0.066      0.103    13.7041    174.078     46.341  48.355900     3.9047     10.634    81.2306 6.0436e+01    11.0889      0.066      0.096    27.3355 0.0000e+00
      0.091      0.101    13.7774    173.317     45.596  47.523235     3.8981     10.632    81.5578 5.9547e+01    11.0602      0.090      0.129    27.3106 0.0000e+00
      0.114      0.096    13.8248    172.091     45.111  46.958948     3.8936     10.631    81.8559 6.0376e+01    11.0811      0.113      0.164    27.2823 0.0000e+00
      0.136      0.088    13.8445    170.487     44.954  46.738889     3.9500     10.632    82.0821 6.1830e+01    10.9309      0.133      0.192    27.2287 0.0000e+00
      0.159      0.079    13.8412    168.412     44.839  46.576482     4.0727     10.632    82.2273 6.3391e+01    10.7124      0.156      0.227    27.1656 0.0000e+00
      0.182      0.072    13.7972    165.871     44.564  46.264887     4.1617     10.631    83.0099 6.5366e+01    10.5920      0.180      0.262    27.1082 0.0000e+00
      0.201      0.067    13.7059    163.092     44.164  45.828040     4.4184     10.628    84.7465 6.7622e+01    10.6022      0.200      0.290    27.0426 0.0000e+00
      0.212      0.065    13.6051    160.363     43.857  45.484300     7.3512     10.623    86.2746 6.9456e+01    11.2801      0.209      0.305    26.9716 0.0000e+00
