Data/DataNotYetUploadedToEDI/Raw_CTD/RawDownloads/062424_fcr30_S7809004.cnv
* Sea-Bird SBE19plus  Data File:
* FileName = C:\R\Reservoirs\Data\DataNotYetUploadedToEDI\Raw_CTD\RawDownloads\062424_fcr50_S7809_0004.hex
* Software version 2.8.0.119
* Temperature SN = 7809
* Conductivity SN = 7809
* System UpLoad Time = Jun 26 2024 15:03:32
* <ApplicationData>
* <Seaterm232>
# nquan = 15
# nvalues = 1432                        
# units = specified
# name 0 = depFM: Depth [fresh water, m]
# name 1 = dz/dtM: Descent Rate [m/s]
# name 2 = sbeox0Mg/L: Oxygen, SBE 43 [mg/l]
# name 3 = sbeox0PS: Oxygen, SBE 43 [% saturation]
# name 4 = specc: Specific Conductance [uS/cm]
# name 5 = c0uS/cm: Conductivity [uS/cm]
# name 6 = flECO-AFL: Fluorescence, WET Labs ECO-AFL/FL [mg/m^3]
# name 7 = ph: pH
# name 8 = orp: Oxidation Reduction Potential [mV]
# name 9 = par/sat/log: PAR/Logarithmic, Satlantic
# name 10 = turbWETntu0: Turbidity, WET Labs ECO [NTU]
# name 11 = prdM: Pressure, Strain Gauge [db]
# name 12 = prdE: Pressure, Strain Gauge [psi]
# name 13 = tv290C: Temperature [ITS-90, deg C]
# name 14 = flag:  0.000e+00
# span 0 =     -0.700,      5.397       
# span 1 =     -0.320,      0.207       
# span 2 =    -0.0641,    16.3443       
# span 3 =     -0.535,    202.855       
# span 4 =      1.415,     77.997       
# span 5 =   1.364074,  56.816382       
# span 6 =    -2.0643,    27.5880       
# span 7 =      8.835,     10.886       
# span 8 = -1230.4796,   477.8187       
# span 9 = 1.2356e-01, 2.6172e+03       
# span 10 =    -4.9634,    95.3908      
# span 11 =     -0.686,      5.293      
# span 12 =     -0.996,      7.677      
# span 13 =    11.4120,    27.9314      
# span 14 = 0.0000e+00, 0.0000e+00      
# interval = seconds: 0.25
# start_time = Jun 24 2024 12:59:42 [Instrument's time stamp, header]
# bad_flag = -9.990e-29
*END*
[from data line 386]
     -0.186      0.001    12.6259    161.011     48.833  51.670175     2.6402     10.817    72.6957 1.8155e+02    13.0272     -0.182     -0.264    27.8999 0.0000e+00
     -0.185      0.002    12.6261    161.076     48.845  51.682759     2.6259     10.817    72.6816 1.8106e+02    12.9411     -0.182     -0.264    27.8983 0.0000e+00
     -0.185      0.003    12.6193    161.086     48.845  51.683789     2.6499     10.818    72.5648 1.7937e+02    13.0257     -0.182     -0.264    27.8973 0.0000e+00
     -0.185      0.003    12.6172    161.059     48.844  51.682632     2.7147     10.820    72.4873 1.7784e+02    13.2298     -0.182     -0.264    27.8980 0.0000e+00
     -0.184      0.003    12.6234    161.022     48.833  51.668767     2.7527     10.820    72.5202 1.7715e+02    13.3256     -0.180     -0.261    27.8989 0.0000e+00
     -0.182      0.004    12.6316    160.951     48.813  51.643140     2.7592     10.820    72.5320 1.7629e+02    13.2617     -0.179     -0.259    27.8990 0.0000e+00
     -0.181      0.004    12.6307    160.845     48.804  51.626768     2.7923     10.820    72.6295 1.7407e+02    13.1406     -0.178     -0.258    27.8991 0.0000e+00
     -0.180      0.004    12.6270    160.689     48.784  51.597803     2.8621     10.821    72.7529 1.7076e+02    13.1599     -0.177     -0.256    27.8990 0.0000e+00
     -0.180      0.003    12.6267    160.482     48.746  51.546901     2.9045     10.822    72.7334 1.6805e+02    13.2556     -0.176     -0.256    27.8975 0.0000e+00
     -0.179      0.003    12.6211    160.381     48.736  51.519291     2.9131     10.822    72.7384 1.6751e+02    13.2731     -0.176     -0.255    27.8941 0.0000e+00
     -0.177      0.003    12.6142    160.477     48.751  51.517929     2.9167     10.822    72.8125 1.6904e+02    13.1320     -0.174     -0.252    27.8864 0.0000e+00
     -0.177      0.003    12.6077    160.646     48.774  51.530401     2.9057     10.822    72.8552 1.7044e+02    12.8468     -0.173     -0.251    27.8760 0.0000e+00
     -0.177      0.003    12.5859    160.822     48.790  51.543080     2.9052     10.822    72.9966 1.7034e+02    12.7286     -0.175     -0.253    27.8681 0.0000e+00
     -0.177      0.003    12.5768    161.105     48.793  51.544233     2.9112     10.822    73.1452 1.6881e+02    12.7962     -0.174     -0.252    27.8519 0.0000e+00
     -0.176      0.002    12.5974    161.509     48.794  51.544339     2.8951     10.823    73.1033 1.6614e+02    12.8788     -0.172     -0.250    27.8272 0.0000e+00
     -0.174      0.001    12.6155    161.885     48.794  51.544359     2.8769     10.825    73.0927 1.6399e+02    12.9756     -0.170     -0.246    27.8150 0.0000e+00
     -0.173      0.000    12.6246    162.198     48.794  51.544465     2.8664     10.826    73.1895 1.6366e+02    13.0098     -0.169     -0.245    27.8143 0.0000e+00
     -0.175     -0.001    12.6449    162.506     48.796  51.545620     2.8514     10.826    73.2409 1.6431e+02    12.9851     -0.171     -0.248    27.8134 0.0000e+00
     -0.177     -0.001    12.6851    162.733     48.808  51.558329     2.8200     10.826    73.2829 1.6438e+02    13.0527     -0.173     -0.251    27.8102 0.0000e+00
     -0.177      0.000    12.7160    162.833     48.818  51.571132     2.7940     10.826    73.3537 1.6347e+02    13.2125     -0.174     -0.252    27.8103 0.0000e+00
     -0.177      0.002    12.7336    162.794     48.817  51.573430     2.8040     10.826    73.4097 1.6216e+02    13.2774     -0.174     -0.252    27.8126 0.0000e+00
     -0.176      0.005    12.7647    162.598     48.827  51.586120     2.8232     10.824    73.7012 1.6390e+02    13.2569     -0.172     -0.250    27.8108 0.0000e+00
     -0.174      0.009    12.7827    162.352     48.836  51.597571     2.8102     10.818    74.3835 2.0596e+02    13.2374     -0.170     -0.247    27.8107 0.0000e+00
     -0.171      0.014    12.7887    162.145     48.818  51.584889     2.7636     10.810    75.0349 6.8870e+02    13.2473     -0.168     -0.244    27.8130 0.0000e+00
     -0.167      0.018    12.7892    161.958     48.786  51.559794     2.7350     10.805    75.3817 1.1467e+03    13.3763     -0.164     -0.238    27.8160 0.0000e+00
     -0.163      0.020    12.7668    161.761     48.771  51.548144     2.7470     10.801    75.5653 9.2196e+02    13.4989     -0.161     -0.234    27.8186 0.0000e+00
     -0.156      0.022    12.7451    161.658     48.791  51.571034     2.7583     10.797    75.7919 6.6008e+02    13.4999     -0.153     -0.224    27.8201 0.0000e+00
     -0.147      0.022    12.7282    161.800     48.802  51.582570     2.7214     10.793    76.0563 4.4291e+02    13.3547     -0.143     -0.207    27.8265 0.0000e+00
     -0.142      0.021    12.7137    162.135     48.783  51.560634     2.6504     10.791    76.2665 2.6722e+02    13.1092     -0.139     -0.201    27.8367 0.0000e+00
     -0.137      0.019    12.6940    162.445     48.783  51.559793     2.6245     10.792    76.3548 7.3049e+02    13.0256     -0.136     -0.197    27.8430 0.0000e+00
     -0.132      0.016    12.6779    162.561     48.792  51.572397     2.6416     10.792    76.2636 1.5572e+03    13.0954     -0.130     -0.188    27.8436 0.0000e+00
     -0.127      0.015    12.6923    162.504     48.802  51.586042     2.6577     10.792    76.1962 1.9605e+03    13.0999     -0.123     -0.178    27.8430 0.0000e+00
     -0.125      0.017    12.7261    162.396     48.814  51.597776     2.6693     10.793    76.3146 2.0174e+03    13.0113     -0.122     -0.178    27.8408 0.0000e+00
     -0.125      0.022    12.7573    162.238     48.808  51.587281     2.6643     10.795    77.3501 1.9979e+03    12.9120     -0.124     -0.180    27.8375 0.0000e+00
     -0.121      0.029    12.7638    161.889     48.811  51.586136     2.6554     10.797    90.1799 1.8906e+03    12.8896     -0.120     -0.175    27.8411 0.0000e+00
     -0.113      0.037    12.7534    161.444     48.807  51.583918     2.6877     10.804   107.0257 1.8002e+03    13.0136     -0.112     -0.162    27.8472 0.0000e+00
     -0.100      0.044    12.7430    161.153     48.781  51.560473     2.7553     10.812   120.9984 1.6189e+03    13.2161     -0.100     -0.144    27.8470 0.0000e+00
     -0.085      0.052    12.7409    161.003     48.775  51.556661     2.7902     10.817   144.8619 1.4317e+03    13.2884     -0.084     -0.122    27.8401 0.0000e+00
     -0.070      0.061    12.7136    160.986     48.760  51.537826     2.7847     10.820   143.5481 1.6181e+03    13.2393     -0.067     -0.097    27.8336 0.0000e+00
     -0.056      0.073    12.6617    161.085     48.696  51.459733     2.8044     10.819   109.2440 1.9021e+03    13.3736     -0.053     -0.078    27.8371 0.0000e+00
     -0.042      0.086    12.6461    161.187     48.637  51.374393     2.8627     10.814    88.2749 1.7179e+03    13.7170     -0.045     -0.065    27.8436 0.0000e+00
     -0.021      0.099    12.6315    161.346     48.631  51.331420     2.9069     10.809    84.4616 1.3896e+03    13.9410     -0.024     -0.035    27.8461 0.0000e+00
      0.009      0.108    12.6281    161.643     48.659  51.321077     2.9143     10.807    82.7544 1.2292e+03    13.9287      0.006      0.007    27.8446 0.0000e+00
      0.046      0.113    12.6474    162.067     48.680  51.312777     2.9195     10.808    81.5724 1.0476e+03    13.6375      0.045      0.065    27.8364 0.0000e+00
      0.084      0.110    12.6545    162.627     48.680  51.294516     2.9365     10.809    80.7522 9.3151e+02    13.1866      0.086      0.125    27.8127 0.0000e+00
      0.115      0.099    12.6747    163.372     48.680  51.290740     2.9442     10.810    80.1511 9.2014e+02    12.9866      0.115      0.167    27.7707 0.0000e+00
      0.138      0.081    12.7088    164.202     48.716  51.330611     2.9551     10.810    79.6393 8.8608e+02    13.0289      0.139      0.200    27.7267 0.0000e+00
      0.153      0.060    12.7513    164.931     48.773  51.395614     2.9766     10.810    79.1237 8.3818e+02    13.0493      0.151      0.219    27.6915 0.0000e+00
      0.164      0.039    12.7945    165.458     48.805  51.441714     3.0046     10.810    78.7353 7.9700e+02    12.9593      0.161      0.233    27.6739 0.0000e+00
      0.172      0.024    12.8573    165.753     48.788  51.443540     3.0273     10.810    78.4707 7.8692e+02    12.7955      0.172      0.249    27.6735 0.0000e+00
      0.175      0.015    12.9294    165.823     48.746  51.417732     3.0174     10.810    78.2480 7.9928e+02    12.7087      0.173      0.252    27.6765 0.0000e+00
      0.172      0.013    12.9869    165.628     48.705  51.383684     3.0102     10.810    78.1938 8.0392e+02    12.7639      0.167      0.244    27.6789 0.0000e+00
      0.168      0.017    13.0283    165.199     48.675  51.349377     3.0312     10.811    78.3313 8.0647e+02    12.9499      0.162      0.236    27.6905 0.0000e+00
      0.170      0.027    13.0426    164.712     48.660  51.320407     3.0472     10.812    78.5338 7.9883e+02    13.1815      0.165      0.239    27.7156 0.0000e+00
      0.178      0.038    13.0463    164.334     48.645  51.287381     3.0375     10.811    78.7502 7.7992e+02    13.2760      0.174      0.251    27.7379 0.0000e+00
      0.193      0.047    13.0289    164.139     48.640  51.267517     3.0134     10.810    78.9682 7.5928e+02    13.2376      0.186      0.270    27.7478 0.0000e+00
      0.213      0.053    12.9886    164.105     48.653  51.270697     3.0054     10.809    79.2765 7.3593e+02    13.1271      0.210      0.304    27.7448 0.0000e+00
      0.233      0.058    12.9497    164.186     48.650  51.262323     3.0160     10.807    79.7253 7.1562e+02    13.0331      0.232      0.335    27.7291 0.0000e+00
      0.246      0.066    12.9218    164.348     48.624  51.229753     3.0328     10.804    80.0919 7.0817e+02    13.0586      0.244      0.353    27.7094 0.0000e+00
      0.253      0.076    12.9119    164.558     48.600  51.194376     3.0424     10.802    80.2673 7.0337e+02    13.0591      0.249      0.360    27.6928 0.0000e+00
      0.264      0.087    12.9138    164.848     48.572  51.152045     3.0815     10.802    80.4695 6.6828e+02    13.2436      0.250      0.362    27.6809 0.0000e+00
      0.290      0.100    12.9203    165.217     48.532  51.098889     3.1729     10.804    80.7294 5.8728e+02    13.7530      0.281      0.407    27.6782 0.0000e+00
      0.327      0.111    12.9365    165.547     48.504  51.059628     3.2319     10.806    80.8295 5.1338e+02    14.0936      0.325      0.470    27.6764 0.0000e+00
      0.363      0.116    12.9536    165.703     48.510  51.058305     3.2455     10.807    80.8185 4.7273e+02    14.1515      0.356      0.515    27.6633 0.0000e+00
      0.398      0.113    12.9789    165.613     48.538  51.082883     3.2379     10.808    80.8544 4.4626e+02    13.9747      0.392      0.568    27.6479 0.0000e+00
      0.428      0.099    13.0153    165.325     48.558  51.102804     3.2144     10.810    80.9201 4.2739e+02    13.5962      0.422      0.612    27.6373 0.0000e+00
      0.452      0.080    13.0472    164.985     48.564  51.108680     3.2031     10.812    80.9250 4.0811e+02    13.4003      0.445      0.645    27.6275 0.0000e+00
      0.470      0.062    13.0642    164.726     48.546  51.090431     3.1924     10.813    80.9132 3.9608e+02    13.4509      0.463      0.671    27.6189 0.0000e+00
      0.481      0.050    13.0565    164.551     48.528  51.072641     3.1856     10.813    81.1215 3.9073e+02    13.4909      0.473      0.686    27.6147 0.0000e+00
      0.487      0.046    13.0294    164.396     48.539  51.084073     3.1874     10.813    81.4641 3.8314e+02    13.3362      0.479      0.695    27.6136 0.0000e+00
      0.490      0.051    12.9977    164.254     48.555  51.101663     3.1890     10.813    81.7005 3.7387e+02    13.0833      0.479      0.695    27.6134 0.0000e+00
      0.496      0.061    12.9777    164.160     48.549  51.094825     3.1889     10.813    81.8285 3.6410e+02    12.9610      0.483      0.701    27.6141 0.0000e+00
      0.512      0.074    12.9670    164.135     48.520  51.064901     3.1859     10.812    81.8939 3.4740e+02    12.9511      0.497      0.721    27.6149 0.0000e+00
      0.540      0.086    12.9544    164.183     48.514  51.057340     3.2358     10.812    81.9745 3.2211e+02    13.2028      0.528      0.766    27.6152 0.0000e+00
      0.574      0.095    12.9415    164.253     48.526  51.066892     3.3338     10.811    82.1145 2.9956e+02    13.7165      0.566      0.821    27.6157 0.0000e+00
      0.602      0.100    12.9339    164.224     48.516  51.053400     3.3814     10.810    82.2967 2.8231e+02    14.0032      0.592      0.859    27.6163 0.0000e+00
      0.624      0.099    12.9315    164.087     48.487  51.021192     3.3785     10.810    82.4564 2.6575e+02    13.9710      0.610      0.885    27.6161 0.0000e+00
      0.646      0.096    12.9358    163.967     48.404  50.931442     3.3980     10.810    82.5831 2.4996e+02    13.9071      0.633      0.917    27.6145 0.0000e+00
      0.671      0.092    12.9479    163.912     48.279  50.793693     3.4425     10.810    82.7957 2.3620e+02    13.9139      0.660      0.956    27.6121 0.0000e+00
      0.694      0.090    12.9465    163.806     48.192  50.689082     3.4752     10.809    83.0484 2.2339e+02    13.9514      0.681      0.987    27.6095 0.0000e+00
      0.717      0.086    12.9307    163.567     48.082  50.555515     3.5104     10.810    83.1432 2.1045e+02    13.9501      0.703      1.019    27.6063 0.0000e+00
      0.742      0.081    12.9197    163.287     48.001  50.448615     3.6853     10.811    83.1679 1.9878e+02    13.6251      0.727      1.055    27.6042 0.0000e+00
      0.764      0.072    12.9212    163.010     48.110  50.539420     3.9915     10.812    83.1748 1.8942e+02    13.0277      0.751      1.089    27.6010 0.0000e+00
      0.781      0.062    12.9204    162.641     48.276  50.700978     4.1588     10.813    83.0533 1.8252e+02    12.7395      0.768      1.113    27.5866 0.0000e+00
      0.796      0.051    12.9006    162.183     48.319  50.751109     4.1763     10.814    82.9903 1.7749e+02    12.7707      0.781      1.132    27.5666 0.0000e+00
      0.807      0.041    12.8808    161.804     48.262  50.701100     4.2861     10.815    83.1872 1.7397e+02    12.6540      0.792      1.149    27.5461 0.0000e+00
      0.814      0.034    12.8720    161.616     48.232  50.667796     4.4794     10.816    83.3687 1.7202e+02    12.3186      0.799      1.159    27.5141 0.0000e+00
      0.819      0.030    12.8477    161.605     48.367  50.792905     4.5746     10.817    83.2926 1.7044e+02    12.0629      0.803      1.164    27.4948 0.0000e+00
      0.824      0.029    12.8013    161.844     48.714  51.134318     4.5956     10.818    83.2996 1.6777e+02    11.9530      0.807      1.170    27.5090 0.0000e+00
      0.831      0.031    12.7633    162.519     49.152  51.557438     4.7261     10.818    83.5391 1.6483e+02    11.5700      0.814      1.180    27.5263 0.0000e+00
      0.839      0.035    12.7519    163.628     49.489  51.844930     4.9620     10.818    83.7796 1.6216e+02    10.8828      0.823      1.194    27.5250 0.0000e+00
      0.849      0.039    12.7555    165.330     49.609  51.879843     5.0920     10.819    83.8843 1.5860e+02    10.4761      0.831      1.206    27.5015 0.0000e+00
      0.860      0.041    12.7694    168.393     49.561  51.725423     5.0994     10.821    83.8590 1.5387e+02    10.4103      0.842      1.221    27.4798 0.0000e+00
      0.873      0.040    12.8302    173.207     49.453  51.501663     5.1178     10.824    83.8178 1.4902e+02    10.3600      0.857      1.243    27.4554 0.0000e+00
      0.885      0.039    12.9407    179.125     49.268  51.206152     5.4226     10.828    83.7306 1.4505e+02    10.0055      0.870      1.262    27.3813 0.0000e+00
