Data/DataNotYetUploadedToEDI/Raw_CTD/RawDownloads/062424_bvr50_S8188001.cnv
* Sea-Bird SBE19plus  Data File:
* FileName = C:\R\Reservoirs\Data\DataNotYetUploadedToEDI\Raw_CTD\RawDownloads\062424_bvr50_S8188_0001.hex
* Software version 2.8.0.119
* Temperature SN = 8188
* Conductivity SN = 8188
* System UpLoad Time = Jul 02 2024 12:02:47
* <ApplicationData>
* <Seaterm232>
# nquan = 16
# nvalues = 1877                        
# units = specified
# name 0 = depFM: Depth [fresh water, m]
# name 1 = dz/dtM: Descent Rate [m/s]
# name 2 = sbeox0Mg/L: Oxygen, SBE 43 [mg/l]
# name 3 = sbeox0PS: Oxygen, SBE 43 [% saturation]
# name 4 = specc: Specific Conductance [uS/cm]
# name 5 = c0uS/cm: Conductivity [uS/cm]
# name 6 = wetCDOM: Fluorescence, WET Labs CDOM [mg/m^3]
# name 7 = flECO-AFL: Fluorescence, WET Labs ECO-AFL/FL [mg/m^3]
# name 8 = flECO-AFL1: Fluorescence, WET Labs ECO-AFL/FL, 2 [mg/m^3]
# name 9 = flECO-AFL2: Fluorescence, WET Labs ECO-AFL/FL, 3 [mg/m^3]
# name 10 = par/sat/log: PAR/Logarithmic, Satlantic
# name 11 = turbWETntu0: Turbidity, WET Labs ECO [NTU]
# name 12 = prdM: Pressure, Strain Gauge [db]
# name 13 = prdE: Pressure, Strain Gauge [psi]
# name 14 = tv290C: Temperature [ITS-90, deg C]
# name 15 = flag:  0.000e+00
# span 0 =     -0.619,      9.567       
# span 1 =     -0.235,      0.084       
# span 2 =    -4.4279,     9.9446       
# span 3 =    -43.804,    126.114       
# span 4 =     26.817,    106.541       
# span 5 =  28.262387,  74.728293       
# span 6 =    -4.5000,    44.4600       
# span 7 =     0.1656,     3.3089       
# span 8 =    -2.1300,     0.4260       
# span 9 =    -2.0304,    12.9861       
# span 10 = 1.1580e-01, 1.5146e+03      
# span 11 =    -0.6872,    23.3320      
# span 12 =     -0.607,      9.382      
# span 13 =     -0.881,     13.607      
# span 14 =    10.0668,    27.9822      
# span 15 = 0.0000e+00, 0.0000e+00      
# interval = seconds: 0.25
# start_time = Jun 24 2024 09:44:03 [Instrument's time stamp, header]
# bad_flag = -9.990e-29
*END*
     -0.370      0.074     7.2486     93.689     38.278  40.506739    -4.5000     1.6495    -2.1300    -2.0304 1.5146e+03    23.1961     -0.363     -0.526    27.8283 0.0000e+00
     -0.348      0.081     7.2611     94.216     38.118  40.343869    -4.5000     1.6343    -2.1300    -2.0304 1.3900e+03    23.2565     -0.341     -0.495    27.8503 0.0000e+00
     -0.323      0.084     7.2811     94.740     38.031  40.254809    -4.5000     1.6114    -2.1300    -2.0304 5.9111e+02    23.1659     -0.317     -0.459    27.8734 0.0000e+00
     -0.298      0.083     7.3093     95.210     37.978  40.199872    39.1500     1.7449     0.3408    10.5750 4.5316e+02    22.7127     -0.293     -0.424    27.8924 0.0000e+00
     -0.276      0.078     7.3449     95.583     37.904  40.122564    39.1500     1.7373     0.3408    10.5750 2.6772e+02    22.7882     -0.271     -0.392    27.9056 0.0000e+00
     -0.256      0.069     7.3852     95.833     37.785  39.996292    39.1500     1.7449     0.3408    10.5750 2.3705e+02    22.6976     -0.251     -0.364    27.9135 0.0000e+00
     -0.240      0.059     7.4257     95.957     37.659  39.863098    39.1500     1.7601     0.3408    10.5750 2.5930e+02    22.8335     -0.235     -0.341    27.9175 0.0000e+00
     -0.227      0.049     7.4623     95.976     37.562  39.761185    39.1500     1.6075     0.3408    10.5750 2.5914e+02    20.5827     -0.222     -0.322    27.9193 0.0000e+00
     -0.216      0.040     7.4916     95.934     37.489  39.685292    38.7900     1.6228     0.2556    10.7865 2.5511e+02    20.5827     -0.212     -0.307    27.9198 0.0000e+00
     -0.208      0.032     7.5112     95.892     37.432  39.627138    38.7900     1.6381     0.2556    10.7865 2.4661e+02    20.5978     -0.204     -0.296    27.9197 0.0000e+00
     -0.201      0.025     7.5208     95.922     37.387  39.583168    38.7900     1.6457     0.2556    10.7865 2.4752e+02    20.6280     -0.197     -0.286    27.9197 0.0000e+00
     -0.196      0.019     7.5222     96.111     37.352  39.549628    38.7900     1.6877     0.2556    10.7865 2.7035e+02    20.1144     -0.192     -0.279    27.9206 0.0000e+00
     -0.192      0.015     7.5187     96.579     37.321  39.521557    37.8900     1.6800     0.2982    10.8288 2.6540e+02    20.0690     -0.189     -0.274    27.9228 0.0000e+00
     -0.189      0.012     7.5149     97.516     37.289  39.491472    37.8900     1.6991     0.2982    10.8288 2.5428e+02    20.1295     -0.186     -0.269    27.9261 0.0000e+00
     -0.187      0.009     7.5166     99.144     37.256  39.459319    37.8900     1.6724     0.2982    10.8288 2.5307e+02    20.0690     -0.183     -0.266    27.9305 0.0000e+00
     -0.185      0.007     7.5307    101.429     37.225  39.428479    37.8900     1.6953     0.2982    10.8288 2.5628e+02    20.4316     -0.182     -0.264    27.9358 0.0000e+00
     -0.184      0.005     7.5667    103.868     37.195  39.398698    38.1600     1.6877     0.3408    11.1672 2.5181e+02    20.4467     -0.180     -0.262    27.9412 0.0000e+00
     -0.183      0.004     7.6394    105.826     37.167  39.370003    38.1600     1.6762     0.3408    11.1672 2.5723e+02    20.3410     -0.179     -0.260    27.9462 0.0000e+00
     -0.182      0.004     7.7664    106.939     37.140  39.342713    38.1600     1.6686     0.3408    11.1672 2.6906e+02    20.2201     -0.178     -0.259    27.9502 0.0000e+00
     -0.181      0.003     7.9450    107.152     37.116  39.317519    38.1600     1.7945     0.3408    11.1672 2.6083e+02    21.2927     -0.177     -0.258    27.9532 0.0000e+00
     -0.180      0.003     8.1357    106.596     37.095  39.295674    38.7000     1.8212     0.2982    11.0826 2.5639e+02    21.3531     -0.177     -0.257    27.9554 0.0000e+00
     -0.180      0.002     8.2888    105.469     37.082  39.281314    38.7000     1.7792     0.2982    11.0826 2.5930e+02    21.2776     -0.176     -0.256    27.9571 0.0000e+00
     -0.179      0.002     8.3759    103.944     37.079  39.278578    38.7000     1.7945     0.2982    11.0826 2.4742e+02    21.1416     -0.176     -0.255    27.9583 0.0000e+00
     -0.179      0.002     8.3924    102.169     37.069  39.266813    38.7000     1.7296     0.2982    11.0826 2.5236e+02    22.3501     -0.175     -0.254    27.9591 0.0000e+00
     -0.178      0.002     8.3488    100.321     37.024  39.218973    38.7000     1.7373     0.2982    11.0826 2.5740e+02    22.2746     -0.175     -0.254    27.9594 0.0000e+00
     -0.178      0.002     8.2606     98.564     36.963  39.154178    39.1500     1.7449     0.3408    11.4633 2.4985e+02    22.2142     -0.175     -0.253    27.9593 0.0000e+00
     -0.178      0.002     8.1412     96.983     36.914  39.102969    39.1500     1.7334     0.3408    11.4633 2.5606e+02    22.2444     -0.174     -0.253    27.9590 0.0000e+00
     -0.177      0.002     8.0023     95.577     36.879  39.065635    39.1500     1.6610     0.3408    11.4633 2.4347e+02    20.8848     -0.174     -0.252    27.9586 0.0000e+00
     -0.177      0.001     7.8575     94.320     36.851  39.036206    39.1500     1.6877     0.3408    11.4633 2.4898e+02    20.7790     -0.173     -0.251    27.9583 0.0000e+00
     -0.176      0.001     7.7200     93.231     36.827  39.010819    39.5100     1.6800     0.3834    11.5902 2.5225e+02    20.7942     -0.173     -0.251    27.9581 0.0000e+00
     -0.176      0.000     7.5961     92.400     36.800  38.982704    39.5100     1.6991     0.3834    11.5902 2.5247e+02    20.8093     -0.173     -0.250    27.9579 0.0000e+00
     -0.176     -0.001     7.4860     91.921     36.771  38.952334    39.5100     1.7220     0.3834    11.5902 2.4871e+02    21.7005     -0.173     -0.250    27.9579 0.0000e+00
     -0.177     -0.001     7.3875     91.843     36.747  38.927547    39.5100     1.7487     0.3834    11.5902 2.4887e+02    21.7912     -0.173     -0.251    27.9581 0.0000e+00
     -0.177     -0.002     7.3022     92.212     36.725  38.905720    39.4200     1.7373     0.3408    11.6748 2.4790e+02    21.8214     -0.173     -0.252    27.9584 0.0000e+00
     -0.178     -0.002     7.2370     93.114     36.697  38.877047    39.4200     1.7220     0.3408    11.6748 2.5093e+02    21.8063     -0.174     -0.253    27.9590 0.0000e+00
     -0.178     -0.002     7.1994     94.603     36.667  38.845836    39.4200     1.6648     0.3408    11.6748 2.5611e+02    21.9876     -0.175     -0.254    27.9597 0.0000e+00
     -0.179     -0.002     7.1932     96.620     36.641  38.819704    39.4200     1.7067     0.3408    11.6748 2.5511e+02    22.0933     -0.176     -0.255    27.9607 0.0000e+00
     -0.180     -0.002     7.2219     98.999     36.618  38.795666    39.4200     1.6800     0.3408    11.6748 2.5700e+02    22.0480     -0.176     -0.256    27.9619 0.0000e+00
     -0.180     -0.002     7.2924    101.534     36.596  38.773289    39.4200     1.6228     0.2982    11.9286 2.5478e+02    21.9876     -0.177     -0.256    27.9631 0.0000e+00
     -0.180     -0.002     7.4089    104.012     36.579  38.756569    39.4200     1.6991     0.2982    11.9286 2.5401e+02    21.0510     -0.177     -0.257    27.9645 0.0000e+00
     -0.181     -0.002     7.5666    106.237     36.567  38.745030    39.4200     1.6877     0.2982    11.9286 2.5258e+02    20.9603     -0.178     -0.257    27.9659 0.0000e+00
     -0.181     -0.002     7.7528    108.036     36.559  38.737588    39.4200     1.6762     0.2982    11.9286 2.5628e+02    21.0963     -0.178     -0.258    27.9673 0.0000e+00
     -0.182     -0.003     7.9510    109.306     36.553  38.732260    39.0600     1.6800     0.3408    11.5902 2.4210e+02    21.0208     -0.179     -0.259    27.9688 0.0000e+00
     -0.182     -0.003     8.1449    110.031     36.546  38.725631    39.0600     1.6953     0.3408    11.5902 2.4979e+02    21.0056     -0.179     -0.260    27.9701 0.0000e+00
     -0.183     -0.003     8.3189    110.269     36.537  38.715934    39.0600     1.6838     0.3408    11.5902 2.4458e+02    21.0208     -0.180     -0.261    27.9714 0.0000e+00
     -0.185     -0.003     8.4596    110.119     36.526  38.704568    39.0600     1.6762     0.3408    11.5902 2.5401e+02    20.9754     -0.181     -0.263    27.9726 0.0000e+00
     -0.186     -0.002     8.5589    109.701     36.516  38.694480    39.0600     1.6686     0.3408    11.3787 2.6117e+02    21.0963     -0.182     -0.264    27.9737 0.0000e+00
     -0.186     -0.002     8.6156    109.135     36.506  38.684970    39.0600     1.6953     0.3408    11.3787 2.6454e+02    20.8546     -0.183     -0.265    27.9747 0.0000e+00
     -0.187     -0.001     8.6340    108.546     36.498  38.677488    39.0600     1.6457     0.3408    11.3787 2.6982e+02    20.7488     -0.183     -0.265    27.9755 0.0000e+00
     -0.187     -0.000     8.6222    108.024     36.495  38.674024    39.0600     1.6762     0.3408    11.3787 2.5143e+02    20.8093     -0.183     -0.266    27.9762 0.0000e+00
     -0.187      0.000     8.5894    107.606     36.494  38.673654    38.8800     1.6838     0.3834    10.1943 2.5484e+02    20.8848     -0.183     -0.265    27.9768 0.0000e+00
     -0.186      0.000     8.5450    107.300     36.492  38.672294    38.8800     1.6648     0.3834    10.1943 2.4747e+02    20.4014     -0.183     -0.265    27.9775 0.0000e+00
     -0.186      0.000     8.4988    107.103     36.485  38.665597    38.8800     1.6533     0.3834    10.1943 2.3891e+02    20.3561     -0.183     -0.264    27.9781 0.0000e+00
     -0.186      0.000     8.4578    106.991     36.476  38.655762    38.8800     1.6838     0.3834    10.1943 2.4517e+02    20.3107     -0.182     -0.264    27.9787 0.0000e+00
     -0.186      0.000     8.4250    106.909     36.465  38.644152    38.8800     1.6648     0.3834    10.1943 2.4310e+02    20.2956     -0.182     -0.264    27.9794 0.0000e+00
     -0.186      0.000     8.4010    106.787     36.449  38.627669    38.7000     1.6800     0.3408    10.4481 2.3306e+02    20.2503     -0.182     -0.264    27.9800 0.0000e+00
     -0.186      0.000     8.3855    106.574     36.428  38.605904    38.7000     1.6648     0.3408    10.4481 2.5517e+02    20.3561     -0.183     -0.265    27.9806 0.0000e+00
     -0.186      0.001     8.3766    106.254     36.405  38.581022    38.7000     1.7067     0.3408    10.4481 2.4162e+02    20.3410     -0.183     -0.265    27.9810 0.0000e+00
     -0.186      0.001     8.3701    105.845     36.383  38.558341    38.7000     1.6571     0.3408    10.4481 2.5556e+02    20.2956     -0.182     -0.265    27.9814 0.0000e+00
     -0.186      0.001     8.3605    105.353     36.370  38.543767    39.2400     1.6266     0.3408    11.1249 2.4914e+02    21.0510     -0.182     -0.264    27.9816 0.0000e+00
     -0.185      0.002     8.3438    104.766     36.360  38.533414    39.2400     1.6266     0.3408    11.1249 2.5001e+02    20.9905     -0.181     -0.263    27.9818 0.0000e+00
     -0.184      0.002     8.3188    104.071     36.348  38.520536    39.2400     1.6152     0.3408    11.1249 2.3607e+02    21.1114     -0.181     -0.262    27.9820 0.0000e+00
     -0.184      0.002     8.2867    103.270     36.334  38.505684    39.2400     1.6152     0.3408    11.1249 2.3700e+02    21.1114     -0.180     -0.261    27.9821 0.0000e+00
     -0.183      0.001     8.2481    102.380     36.325  38.496851    39.6900     1.6800     0.3834    11.0826 2.4005e+02    20.6280     -0.180     -0.261    27.9822 0.0000e+00
     -0.183      0.000     8.2022    101.429     36.324  38.495666    39.6900     1.6724     0.3834    11.0826 2.3792e+02    20.5525     -0.179     -0.260    27.9822 0.0000e+00
     -0.183     -0.001     8.1478    100.447     36.319  38.489860    39.6900     1.6724     0.3834    11.0826 2.4026e+02    20.5525     -0.179     -0.260    27.9822 0.0000e+00
     -0.184     -0.002     8.0851     99.459     36.304  38.473899    39.6900     1.6648     0.3834    11.0826 2.4273e+02    20.6280     -0.180     -0.261    27.9821 0.0000e+00
     -0.184     -0.003     8.0154     98.477     36.283  38.451497    39.4200     1.6877     0.3408    11.1249 2.3230e+02    20.8395     -0.180     -0.262    27.9819 0.0000e+00
     -0.185     -0.004     7.9410     97.502     36.258  38.424649    39.4200     1.6762     0.3408    11.1249 2.3782e+02    20.7790     -0.181     -0.263    27.9818 0.0000e+00
     -0.186     -0.004     7.8641     96.528     36.229  38.394165    39.4200     1.6724     0.3408    11.1249 2.3602e+02    20.6582     -0.183     -0.265    27.9817 0.0000e+00
     -0.188     -0.005     7.7868     95.539     36.197  38.359884    39.4200     1.6877     0.3408    11.1249 2.4063e+02    20.7942     -0.184     -0.267    27.9815 0.0000e+00
     -0.189     -0.006     7.7099     94.514     36.161  38.320635    39.4200     1.6953     0.3408    11.1249 2.3592e+02    21.0510     -0.185     -0.269    27.9813 0.0000e+00
     -0.190     -0.008     7.6336     93.433     36.114  38.269936    39.1500     1.6762     0.3408    10.4481 2.4289e+02    21.0812     -0.186     -0.271    27.9811 0.0000e+00
     -0.192     -0.011     7.5574     92.289     36.053  38.204228    39.1500     1.6762     0.3408    10.4481 2.3556e+02    21.0359     -0.188     -0.273    27.9808 0.0000e+00
     -0.195     -0.014     7.4801     91.089     35.988  38.133882    39.1500     1.6953     0.3408    10.4481 2.2642e+02    21.0510     -0.191     -0.277    27.9803 0.0000e+00
     -0.198     -0.018     7.3999     89.866     35.930  38.070023    39.1500     1.7487     0.3408    10.4481 2.4448e+02    20.1446     -0.194     -0.282    27.9797 0.0000e+00
     -0.203     -0.021     7.3154     88.688     35.885  38.019530    39.1500     1.7373     0.3408    10.6173 2.1935e+02    20.0690     -0.199     -0.289    27.9787 0.0000e+00
     -0.210     -0.024     7.2260     87.644     35.859  37.988860    39.1500     1.7411     0.3408    10.6173 3.0613e+02    20.0388     -0.205     -0.298    27.9772 0.0000e+00
     -0.217     -0.025     7.1323     86.811     35.854  37.981787    39.1500     1.7411     0.3408    10.6173 3.4907e+02    20.0237     -0.213     -0.309    27.9750 0.0000e+00
     -0.225     -0.024     7.0370     86.239     35.873  38.000410    39.1500     1.7334     0.3408    10.6173 3.7177e+02    20.5978     -0.221     -0.320    27.9717 0.0000e+00
     -0.232     -0.021     6.9452     85.938     35.905  38.033758    38.8800     1.7373     0.3834    10.7865 3.7543e+02    20.5978     -0.228     -0.330    27.9674 0.0000e+00
     -0.238     -0.017     6.8639     85.879     35.933  38.062830    38.8800     1.7105     0.3834    10.7865 3.7641e+02    20.6733     -0.233     -0.338    27.9633 0.0000e+00
     -0.242     -0.011     6.7991     86.006     35.952  38.083425    38.8800     1.7640     0.3834    10.7865 3.7616e+02    20.5525     -0.237     -0.344    27.9602 0.0000e+00
     -0.244     -0.004     6.7546     86.255     35.970  38.101037    38.8800     1.7411     0.3834    10.7865 3.7994e+02    20.0086     -0.239     -0.347    27.9583 0.0000e+00
     -0.244      0.004     6.7311     86.566     35.989  38.120361    38.8800     1.7220     0.3834    10.7865 3.8176e+02    20.0690     -0.239     -0.347    27.9574 0.0000e+00
     -0.242      0.013     6.7265     86.903     36.013  38.142565    39.3300     1.7601     0.3408    10.9557 3.7747e+02    20.1597     -0.237     -0.344    27.9572 0.0000e+00
     -0.238      0.021     6.7365     87.251     36.035  38.161618    39.3300     1.7296     0.3408    10.9557 3.7218e+02    20.1748     -0.233     -0.338    27.9571 0.0000e+00
     -0.231      0.029     6.7561     87.598     36.048  38.170646    39.3300     1.7640     0.3408    10.9557 3.6473e+02    21.5646     -0.227     -0.329    27.9563 0.0000e+00
     -0.223      0.037     6.7807     87.938     36.050  38.168072    39.3300     1.7601     0.3408    10.9557 3.3824e+02    21.5193     -0.219     -0.317    27.9541 0.0000e+00
     -0.212      0.044     6.8076     88.308     36.040  38.153208    40.0500     1.7525     0.2556    11.5056 2.5835e+02    21.6099     -0.208     -0.302    27.9499 0.0000e+00
