Data/DataNotYetUploadedToEDI/Raw_CTD/RawDownloads/062424_fcr20_S7809003.cnv
* Sea-Bird SBE19plus  Data File:
* FileName = C:\R\Reservoirs\Data\DataNotYetUploadedToEDI\Raw_CTD\RawDownloads\062424_fcr50_S7809_0003.hex
* Software version 2.8.0.119
* Temperature SN = 7809
* Conductivity SN = 7809
* System UpLoad Time = Jun 26 2024 15:02:54
* <ApplicationData>
* <Seaterm232>
# nquan = 15
# nvalues = 1089                        
# units = specified
# name 0 = depFM: Depth [fresh water, m]
# name 1 = dz/dtM: Descent Rate [m/s]
# name 2 = sbeox0Mg/L: Oxygen, SBE 43 [mg/l]
# name 3 = sbeox0PS: Oxygen, SBE 43 [% saturation]
# name 4 = specc: Specific Conductance [uS/cm]
# name 5 = c0uS/cm: Conductivity [uS/cm]
# name 6 = flECO-AFL: Fluorescence, WET Labs ECO-AFL/FL [mg/m^3]
# name 7 = ph: pH
# name 8 = orp: Oxidation Reduction Potential [mV]
# name 9 = par/sat/log: PAR/Logarithmic, Satlantic
# name 10 = turbWETntu0: Turbidity, WET Labs ECO [NTU]
# name 11 = prdM: Pressure, Strain Gauge [db]
# name 12 = prdE: Pressure, Strain Gauge [psi]
# name 13 = tv290C: Temperature [ITS-90, deg C]
# name 14 = flag:  0.000e+00
# span 0 =     -0.700,      3.257       
# span 1 =     -0.394,      0.230       
# span 2 =    -0.1540,    15.9610       
# span 3 =     -1.530,    196.845       
# span 4 =      1.509,     96.690       
# span 5 =   1.482888,  82.264297       
# span 6 =    -0.1327,    37.2963       
# span 7 =      8.897,     10.840       
# span 8 =  -195.2374,   162.1713       
# span 9 = 2.6939e+00, 2.7772e+03       
# span 10 =    -5.5423,   931.6411      
# span 11 =     -0.687,      3.195      
# span 12 =     -0.996,      4.633      
# span 13 =    16.1031,    27.9655      
# span 14 = 0.0000e+00, 0.0000e+00      
# interval = seconds: 0.25
# start_time = Jun 24 2024 12:42:05 [Instrument's time stamp, header]
# bad_flag = -9.990e-29
*END*
[from data line 964]
      0.485     -0.167    15.1899    184.136     45.550  46.228570     5.2263      9.665    36.2024 1.1099e+02     9.4223      0.475      0.689    25.8475 0.0000e+00
      0.424     -0.167    15.1647    183.956     45.929  46.643746     5.2690      9.686    35.9581 1.1541e+02     9.3698      0.412      0.598    25.8104 0.0000e+00
      0.372     -0.149    15.1180    184.275     46.221  47.011741     5.2916      9.706    35.9366 1.1690e+02     9.3360      0.360      0.522    25.7674 0.0000e+00
      0.334     -0.117    15.0553    184.879     46.301  47.186485     5.2835      9.725    36.0294 1.1435e+02     9.3898      0.321      0.465    25.7350 0.0000e+00
      0.312     -0.078    14.9990    185.485     46.205  47.169608     5.1300      9.740    36.3064 1.0952e+02     9.7122      0.302      0.438    25.7233 0.0000e+00
      0.304     -0.042    14.9724    185.883     46.183  47.188720     4.8337      9.752    36.8758 1.0350e+02    10.1937      0.297      0.431    25.7561 0.0000e+00
      0.304     -0.014    14.9842    185.946     46.513  47.544599     4.6721      9.762    37.7518 9.7721e+01    10.3966      0.296      0.430    25.8388 0.0000e+00
      0.309      0.003    15.0114    185.778     47.071  48.171259     4.6408      9.770    38.7241 9.1908e+01    10.3892      0.302      0.436    25.9545 0.0000e+00
      0.315      0.012    15.0366    185.651     47.427  48.670964     4.4969      9.776    39.5117 8.6151e+01    10.7536      0.309      0.448    26.0564 0.0000e+00
      0.320      0.015    15.0641    185.651     47.462  48.888595     4.2715      9.783    40.2188 8.1939e+01    11.4542      0.314      0.457    26.0979 0.0000e+00
      0.324      0.017    15.0673    185.370     47.377  48.961719     4.1635      9.793    40.8218 7.8708e+01    11.8228      0.318      0.462    26.0893 0.0000e+00
      0.327      0.018    15.0355    184.250     47.295  48.983934     4.1568      9.805    41.2098 7.6409e+01    11.8290      0.320      0.465    26.1215 0.0000e+00
      0.329      0.017    14.9741    182.239     47.223  48.966890     4.1648      9.818    41.6401 7.5050e+01    11.7004      0.322      0.467    26.2851 0.0000e+00
      0.334      0.015    14.9279    179.864     47.177  48.946198     4.1859      9.832    42.1536 7.4062e+01    11.4971      0.327      0.473    26.5091 0.0000e+00
      0.342      0.010    14.8793    177.670     47.146  48.924263     4.1950      9.845    42.5999 7.2651e+01    11.3856      0.335      0.487    26.6893 0.0000e+00
      0.349      0.005    14.7622    175.871     47.114  48.892155     4.1929      9.859    42.9926 6.9872e+01    11.3440      0.344      0.500    26.7980 0.0000e+00
      0.349      0.000    14.5676    174.498     47.099  48.875435     4.1933      9.873    43.3732 6.6796e+01    11.2665      0.344      0.501    26.8516 0.0000e+00
      0.343     -0.004    14.3535    173.573     47.134  48.912575     4.1826      9.886    43.7606 6.4340e+01    11.1324      0.337      0.488    26.8740 0.0000e+00
      0.337     -0.007    14.1734    173.080     47.239  49.023762     4.1713      9.901    44.2347 6.2537e+01    11.0880      0.330      0.478    26.8824 0.0000e+00
      0.334     -0.007    14.0297    172.921     47.339  49.140451     4.1735      9.914    44.8047 6.1903e+01    11.1064      0.327      0.473    26.8817 0.0000e+00
      0.334     -0.005    13.9210    173.002     47.353  49.180649     4.1678      9.924    45.3167 6.1794e+01    11.1497      0.325      0.472    26.8776 0.0000e+00
      0.336     -0.002    13.8444    173.156     47.218  49.065394     4.1513      9.932    45.7801 6.1741e+01    11.2695      0.329      0.478    26.8817 0.0000e+00
      0.337      0.000    13.8114    173.141     46.991  48.826292     4.1414      9.939    46.2768 6.1733e+01    11.2906      0.332      0.481    26.8778 0.0000e+00
      0.336      0.002    13.7965    172.854     46.857  48.638811     4.1316      9.948    46.8488 6.1128e+01    11.2344      0.331      0.480    26.8900 0.0000e+00
      0.335      0.003    13.7983    172.472     46.875  48.576208     4.1157      9.957    47.4480 6.0509e+01    11.2403      0.328      0.477    26.9244 0.0000e+00
      0.334      0.003    13.8122    172.462     46.953  48.577146     4.0909      9.966    47.8421 6.0062e+01    11.2929      0.327      0.474    26.9590 0.0000e+00
      0.336     -0.002    13.8108    173.209     47.008  48.586536     4.0569      9.975    47.9149 5.9635e+01    11.3236      0.329      0.477    26.9668 0.0000e+00
      0.341     -0.013    13.7999    174.646     47.058  48.626182     4.0284      9.984    47.6401 5.9479e+01    11.3043      0.335      0.486    26.9090 0.0000e+00
      0.344     -0.033    13.7776    176.403     47.145  48.739038     4.0041      9.990    47.4443 5.9265e+01    11.2987      0.340      0.494    26.8079 0.0000e+00
      0.340     -0.055    13.7866    178.096     47.222  48.871786     3.8966      9.995    47.7853 5.9125e+01    11.4264      0.338      0.490    26.7093 0.0000e+00
      0.322     -0.071    13.8638    179.358     47.245  48.961523     3.7191     10.000    48.2352 5.8542e+01    11.6524      0.321      0.466    26.6572 0.0000e+00
      0.290     -0.076    13.9937    179.863     47.231  48.998785     3.6390     10.008    48.3232 5.7392e+01    11.7770      0.291      0.422    26.6489 0.0000e+00
      0.249     -0.071    14.1400    179.489     47.212  49.004952     3.6275     10.020    48.2468 5.7277e+01    11.7714      0.240      0.349    26.6691 0.0000e+00
      0.220     -0.058    14.2674    178.375     47.236  49.036127     3.5795     10.035    48.2581 5.8456e+01    11.7901      0.203      0.294    26.7366 0.0000e+00
      0.216     -0.040    14.3600    176.934     47.248  49.058264     3.5168     10.051    48.2882 5.9587e+01    11.9005      0.207      0.301    26.8160 0.0000e+00
      0.225     -0.020    14.3871    175.639     47.259  49.082159     3.4939     10.068    48.3525 6.0109e+01    12.0132      0.222      0.322    26.8767 0.0000e+00
      0.230     -0.004    14.3472    174.619     47.361  49.198072     3.5100     10.083    48.5191 5.9798e+01    12.0933      0.229      0.332    26.9022 0.0000e+00
      0.229      0.004    14.2494    173.842     47.518  49.380435     3.4965     10.098    48.7543 5.8527e+01    12.1856      0.227      0.329    26.8941 0.0000e+00
      0.224      0.006    14.1110    173.355     47.600  49.509368     3.4473     10.110    49.0462 5.7412e+01    12.2753      0.219      0.317    26.9069 0.0000e+00
      0.222      0.007    14.0031    173.155     47.582  49.550723     3.4140     10.118    49.6386 5.7034e+01    12.2901      0.215      0.313    26.9271 0.0000e+00
      0.225      0.013    13.9245    173.111     47.607  49.626591     3.4179     10.122    50.4100 5.7303e+01    12.2971      0.219      0.318    26.9307 0.0000e+00
      0.231      0.020    13.8551    172.975     47.674  49.728342     3.4779     10.123    50.7151 5.8002e+01    12.3586      0.227      0.329    26.9411 0.0000e+00
      0.236      0.017    13.8058    172.576     47.626  49.701670     3.5731     10.123    50.6615 5.8609e+01    12.3854      0.232      0.336    26.9901 0.0000e+00
      0.245     -0.006    13.7718    171.942     47.471  49.558100     3.6206     10.125    51.2243 5.9647e+01    12.3477      0.236      0.342    27.0691 0.0000e+00
      0.259     -0.050    13.7652    171.250     47.355  49.452797     3.6111     10.130    58.5517 6.1154e+01    12.2778      0.256      0.370    27.1234 0.0000e+00
      0.265     -0.102    13.7527    170.656     47.333  49.444356     3.5831     10.141    85.7400 6.3211e+01    12.2240      0.274      0.397    27.1492 0.0000e+00
      0.237     -0.150    13.7141    170.249     47.395  49.519566     3.4648     10.156   111.9435 6.4320e+01    12.2438      0.249      0.361    27.1738 0.0000e+00
      0.167     -0.181    13.6528    170.082     47.522  49.663766     3.2714     10.169   103.5783 6.4045e+01    12.3122      0.171      0.248    27.1936 0.0000e+00
      0.078     -0.187    13.5883    170.030     47.615  49.791059     3.1674     10.173    80.0148 6.6033e+01    12.2999      0.070      0.103    27.2082 0.0000e+00
      0.003     -0.165    13.5381    169.985     47.628  49.852346     3.1399     10.173    65.7978 6.9375e+01    12.2319     -0.010     -0.015    27.2260 0.0000e+00
     -0.040     -0.118    13.4963    169.875     47.626  49.896912     3.0218     10.175    59.7088 6.8476e+01    12.3440     -0.052     -0.074    27.2355 0.0000e+00
     -0.051     -0.060    13.4910    169.549     47.646  49.949019     2.8123     10.182    57.7586 6.3009e+01    12.5960     -0.058     -0.082    27.2387 0.0000e+00
     -0.040     -0.015    13.4823    169.047     47.651  49.974478     2.6966     10.189    56.5871 5.7709e+01    12.7160     -0.041     -0.059    27.2687 0.0000e+00
     -0.020      0.000    13.4616    168.489     47.612  49.950793     2.6961     10.197    55.5242 5.3853e+01    12.7366     -0.018     -0.026    27.3314 0.0000e+00
     -0.002     -0.019    13.4504    167.869     47.563  49.916634     2.7567     10.205    54.7156 5.1491e+01    12.6742      0.001      0.001    27.3849 0.0000e+00
      0.006     -0.065    13.4143    167.290     47.570  49.942449     2.8720     10.213    54.3821 5.5491e+01    12.5077      0.013      0.019    27.4129 0.0000e+00
     -0.009     -0.128    13.3629    166.841     47.610  50.008983     2.9412     10.218    55.1048 7.0499e+01    12.4316      0.004      0.005    27.4319 0.0000e+00
     -0.057     -0.198    13.3205    166.437     47.588  50.022711     2.9442     10.223    68.4445 1.3422e+02    12.4714     -0.046     -0.068    27.4494 0.0000e+00
     -0.128     -0.263    13.2620    165.990     47.572  50.045002     2.8592     10.232    81.1919 6.9236e+02    12.5113     -0.125     -0.181    27.4663 0.0000e+00
     -0.211     -0.307    13.2063    165.353     47.638  50.151585     2.6780     10.243    68.7303 1.6330e+03    12.5043     -0.202     -0.293    27.4860 0.0000e+00
     -0.307     -0.318    13.1730    164.294     47.668  50.232068     2.5591     10.254    54.6609 1.6485e+03    12.4897     -0.296     -0.429    27.5066 0.0000e+00
     -0.412     -0.294    13.1307    162.661     47.577  50.192768     2.5377     10.264    52.6142 9.9883e+02    12.5048     -0.408     -0.592    27.5491 0.0000e+00
     -0.507     -0.246    13.0885    160.512     47.406  50.057464     2.5023     10.275    51.6416 1.3048e+03    12.8580     -0.507     -0.736    27.5982 0.0000e+00
     -0.573     -0.188    13.0390    157.938     47.266  49.929558     2.4392     10.285    51.6772 2.2367e+03    13.5483     -0.577     -0.838    27.6256 0.0000e+00
     -0.600     -0.133    12.9500    155.059     47.137  49.789176     2.4071     10.293    53.1303 2.6637e+03    13.9167     -0.597     -0.867    27.6765 0.0000e+00
     -0.600     -0.093    12.8018    152.334     46.466  49.058526     2.3974     10.303    53.4658 2.6853e+03    13.6572     -0.589     -0.854    27.7492 0.0000e+00
     -0.593     -0.071    12.6163    149.977     39.784  41.984202     2.3721     10.317    50.7434 2.6443e+03    10.5475     -0.581     -0.841    27.7982 0.0000e+00
     -0.596     -0.063    12.4143    147.766     25.059  26.434929     2.2508     10.332    48.4344 2.6051e+03     4.4315     -0.572     -0.829    27.8214 0.0000e+00
     -0.625     -0.063    12.1693    146.171     12.618  13.303478     2.0461     10.347    48.2638 2.6075e+03     0.3077     -0.605     -0.877    27.8151 0.0000e+00
     -0.667     -0.065    11.9497    146.287      8.033   8.460286     1.9281     10.365    48.3358 2.6115e+03    -0.6438     -0.666     -0.966    27.7825 0.0000e+00
     -0.693     -0.060    11.7952    148.372      7.664   8.059212     1.8643     10.382    48.7033 2.5886e+03    -0.8218     -0.687     -0.996    27.7506 0.0000e+00
     -0.699     -0.046    11.6110    151.329      9.077   9.531344     1.3497     10.396    50.5553 2.4521e+03    -1.6740     -0.684     -0.993    27.7290 0.0000e+00
     -0.699     -0.026    11.4469    154.000     18.040  18.909761     0.4080     10.408    52.3162 1.7909e+03    -3.1253     -0.686     -0.995    27.7063 0.0000e+00
     -0.699     -0.009    11.4533    156.002     34.455  36.089561    -0.1073     10.419    52.2697 7.5972e+02    -2.1098     -0.685     -0.993    27.6537 0.0000e+00
     -0.699     -0.001    11.6780    157.112     44.053  46.134794    -0.1034     10.426    51.9724 2.1664e+02    19.4167     -0.685     -0.994    27.5744 0.0000e+00
     -0.699 -9.417e-10    11.9665    156.917     44.752  46.873782     0.5133     10.431    51.7334 1.5532e+02   257.9360     -0.685     -0.994    27.5086 0.0000e+00
     -0.699 -1.036e-08    12.1884    154.218     38.372  40.199939     1.6556     10.436    51.4439 1.4745e+02   695.0925     -0.685     -0.994    27.4452 0.0000e+00
     -0.699 -1.140e-07    12.3718    147.093     24.422  25.587046     2.2726     10.440    51.9138 1.9103e+02   931.6411     -0.686     -0.995    27.3708 0.0000e+00
     -0.699 -1.140e-07    12.4729    135.363     12.697  13.299976     2.2791     10.441    52.1667 7.2283e+02   931.5833     -0.686     -0.995    27.3423 0.0000e+00
     -0.699 -1.036e-08    12.4746    121.367      7.583   7.939916     1.7597     10.439    51.6623 1.2444e+03   694.1542     -0.686     -0.995    27.3658 0.0000e+00
     -0.699 -9.420e-10    12.3396    107.508      6.063   6.345540     0.8125     10.438    50.9777 9.1368e+02   255.4101     -0.686     -0.995    27.3812 0.0000e+00
     -0.699 -8.565e-11    11.7935     95.157      6.096   6.378172     0.3063     10.440    50.3419 8.1031e+02    16.0459     -0.686     -0.995    27.3792 0.0000e+00
     -0.700 -7.775e-12    10.7695     85.138      6.091   6.370443     0.2418     10.442    50.2555 1.5194e+03    -5.5423     -0.686     -0.995    27.3676 0.0000e+00
     -0.700 -6.024e-13     9.5978     77.859      5.495   5.745245     0.1502     10.442    49.3306 1.8363e+03    -5.3383     -0.686     -0.995    27.3454 0.0000e+00
     -0.699 1.0923e-12     8.4744     73.404      4.871   5.090999     0.0303     10.437    47.6769 1.3763e+03    -1.4356     -0.685     -0.994    27.3234 0.0000e+00
     -0.699 1.2718e-11     7.4724     71.595      4.833   5.048749    -0.0337     10.424    47.9851 8.7062e+02     0.7568     -0.685     -0.994    27.3067 0.0000e+00
     -0.699 1.3995e-10     6.6714     71.789      5.136   5.361129    -0.0580     10.411    49.1858 4.6161e+02     0.9130     -0.685     -0.994    27.2924 0.0000e+00
     -0.699 1.5395e-09     6.0944     72.998      5.403   5.637000    -0.0721     10.402    49.8912 2.0839e+02     0.9995     -0.685     -0.994    27.2776 0.0000e+00
     -0.699 1.6934e-08     5.7455     74.473      5.488   5.723464    -0.0212     10.397    50.3195 1.8839e+02     2.1771     -0.685     -0.994    27.2610 0.0000e+00
     -0.699 1.8627e-07     5.6218     75.851      5.234   5.456237     0.0742     10.396    50.4916 1.8963e+02     4.3575     -0.685     -0.993    27.2311 0.0000e+00
     -0.699 1.8627e-07     5.6764     77.008      4.923   5.130154     0.1158     10.396    50.5951 1.8953e+02     5.4998     -0.685     -0.994    27.1908 0.0000e+00
     -0.699 1.6934e-08     5.7948     77.966      4.873   5.075157     0.1079     10.397    50.7115 1.8864e+02     5.5705     -0.685     -0.994    27.1603 0.0000e+00
     -0.699 1.5395e-09     5.9229     78.760      4.846   5.044696     0.0790     10.398    50.8664 1.8820e+02     5.7933     -0.686     -0.995    27.1377 0.0000e+00
     -0.699 1.3995e-10     6.0394     79.391      4.637   4.825198     0.0315     10.399    51.0908 1.8849e+02     6.1438     -0.685     -0.994    27.1111 0.0000e+00
     -0.699 1.2723e-11     6.1315     79.863      4.338   4.511808    -0.0004     10.401    51.5322 1.8920e+02     6.2893     -0.685     -0.994    27.0825 0.0000e+00
     -0.698 1.1566e-12     6.2103     80.234      4.071   4.232991    -0.0059     10.403    51.9874 1.8960e+02     6.3573     -0.685     -0.993    27.0591 0.0000e+00
