Data/DataNotYetUploadedToEDI/Raw_CTD/RawDownloads/062424_fcr50_S7809001.cnv
* Sea-Bird SBE19plus  Data File:
* FileName = C:\R\Reservoirs\Data\DataNotYetUploadedToEDI\Raw_CTD\RawDownloads\062424_fcr50_S7809_0001.hex
* Software version 2.8.0.119
* Temperature SN = 7809
* Conductivity SN = 7809
* System UpLoad Time = Jun 26 2024 15:01:59
* <ApplicationData>
* <Seaterm232>
# nquan = 15
# nvalues = 4784                        
# units = specified
# name 0 = depFM: Depth [fresh water, m]
# name 1 = dz/dtM: Descent Rate [m/s]
# name 2 = sbeox0Mg/L: Oxygen, SBE 43 [mg/l]
# name 3 = sbeox0PS: Oxygen, SBE 43 [% saturation]
# name 4 = specc: Specific Conductance [uS/cm]
# name 5 = c0uS/cm: Conductivity [uS/cm]
# name 6 = flECO-AFL: Fluorescence, WET Labs ECO-AFL/FL [mg/m^3]
# name 7 = ph: pH
# name 8 = orp: Oxidation Reduction Potential [mV]
# name 9 = par/sat/log: PAR/Logarithmic, Satlantic
# name 10 = turbWETntu0: Turbidity, WET Labs ECO [NTU]
# name 11 = prdM: Pressure, Strain Gauge [db]
# name 12 = prdE: Pressure, Strain Gauge [psi]
# name 13 = tv290C: Temperature [ITS-90, deg C]
# name 14 = flag:  0.000e+00
# span 0 =     -0.697,      9.454       
# span 1 =     -4.098,      4.504       
# span 2 =     0.5619,    16.7877       
# span 3 =      5.471,    206.123       
# span 4 =      1.667,    335.754       
# span 5 =   1.500803, 245.667809       
# span 6 =    -0.8753,    23.1670       
# span 7 =      5.993,     12.094       
# span 8 = -1233.9440,   392.5205       
# span 9 = 1.2336e-01, 1.6387e+03       
# span 10 =    -2.2505,   137.9579      
# span 11 =     -0.684,      9.272      
# span 12 =     -0.992,     13.447      
# span 13 =    11.5456,    33.7394      
# span 14 = 0.0000e+00, 0.0000e+00      
# interval = seconds: 0.25
# start_time = Jun 24 2024 11:28:45 [Instrument's time stamp, header]
# bad_flag = -9.990e-29
*END*
[from data line 4145]
      5.075      0.022     7.8392     72.413     50.304  36.829174     0.6985      8.929   286.6965 1.2349e-01    23.2240      4.979      7.221    11.6112 0.0000e+00
      5.080      0.022     7.8469     72.480     50.320  36.841647     0.7115      8.926   286.7385 1.2355e-01    23.0798      4.982      7.225    11.6068 0.0000e+00
      5.084      0.024     7.8609     72.556     50.338  36.853174     0.7050      8.924   286.0120 1.2358e-01    22.8406      4.985      7.230    11.6035 0.0000e+00
      5.089      0.026     7.8708     72.616     50.323  36.841636     0.6862      8.923   285.4846 1.2353e-01    22.7235      4.989      7.237    11.6028 0.0000e+00
      5.096      0.029     7.8715     72.671     50.303  36.829060     0.6839      8.922   285.5237 1.2348e-01    22.7564      4.996      7.246    11.6042 0.0000e+00
      5.105      0.030     7.8804     72.727     50.298  36.828019     0.6938      8.920   285.9684 1.2351e-01    22.7604      5.006      7.260    11.6054 0.0000e+00
      5.115      0.030     7.8906     72.761     50.297  36.829059     0.6973      8.920   286.4736 1.2354e-01    22.7725      5.017      7.276    11.6032 0.0000e+00
      5.125      0.029     7.8963     72.762     50.314  36.841636     0.6935      8.919   286.7286 1.2350e-01    22.8683      5.027      7.289    11.6014 0.0000e+00
      5.133      0.027     7.9015     72.771     50.332  36.853173     0.6818      8.918   286.6424 1.2349e-01    22.9287      5.035      7.303    11.6035 0.0000e+00
      5.138      0.026     7.9076     72.775     50.314  36.841647     0.6807      8.916   286.3773 1.2353e-01    22.9554      5.040      7.310    11.6071 0.0000e+00
      5.141      0.027     7.9136     72.752     50.290  36.829174     0.6887      8.914   286.1045 1.2353e-01    22.9526      5.040      7.310    11.6105 0.0000e+00
      5.145      0.030     7.9084     72.729     50.286  36.829288     0.6863      8.913   286.0111 1.2348e-01    22.8950      5.044      7.316    11.6094 0.0000e+00
      5.153      0.034     7.9128     72.705     50.306  36.843028     0.6777      8.910   286.7109 1.2352e-01    22.8727      5.052      7.327    11.6057 0.0000e+00
      5.163      0.037     7.9147     72.694     50.345  36.868392     0.6757      8.908   287.7674 1.2357e-01    22.8878      5.063      7.341    11.6076 0.0000e+00
      5.177      0.039     7.9073     72.724     50.366  36.882131     0.6858      8.907   287.8586 1.2364e-01    22.8733      5.078      7.365    11.6155 0.0000e+00
      5.191      0.039     7.9057     72.758     50.363  36.882235     0.6928      8.906   287.5557 1.2369e-01    22.7999      5.094      7.388    11.6198 0.0000e+00
      5.200      0.038     7.9033     72.770     50.343  36.869648     0.6852      8.904   287.4616 1.2364e-01    22.6840      5.101      7.398    11.6162 0.0000e+00
      5.205      0.035     7.8999     72.785     50.324  36.856863     0.6762      8.902   287.8386 1.2354e-01    22.6326      5.104      7.402    11.6122 0.0000e+00
      5.213      0.031     7.9065     72.799     50.318  36.854557     0.6761      8.901   288.9310 1.2346e-01    22.7596      5.111      7.412    11.6099 0.0000e+00
      5.223      0.029     7.9119     72.783     50.298  36.841762     0.6921      8.901   289.5709 1.2342e-01    22.9560      5.124      7.430    11.6125 0.0000e+00
      5.231      0.029     7.9088     72.745     50.282  36.829081     0.7044      8.900   289.4664 1.2346e-01    22.9914      5.132      7.442    11.6174 0.0000e+00
      5.236      0.029     7.9118     72.705     50.286  36.828145     0.6905      8.899   288.9571 1.2350e-01    22.9480      5.133      7.445    11.6163 0.0000e+00
      5.243      0.030     7.9151     72.661     50.292  36.830443     0.6822      8.898   288.3178 1.2352e-01    23.1141      5.139      7.454    11.6179 0.0000e+00
      5.251      0.033     7.9116     72.637     50.333  36.856856     0.6960      8.896   288.6198 1.2350e-01    23.3944      5.150      7.470    11.6229 0.0000e+00
      5.258      0.036     7.9062     72.648     50.391  36.893671     0.7077      8.894   289.6833 1.2346e-01    23.5022      5.156      7.478    11.6203 0.0000e+00
      5.266      0.040     7.9042     72.662     50.397  36.894834     0.7067      8.893   290.1635 1.2350e-01    23.4615      5.162      7.487    11.6150 0.0000e+00
      5.279      0.043     7.8980     72.669     50.366  36.870919     0.7002      8.893   289.9513 1.2357e-01    23.3799      5.177      7.508    11.6148 0.0000e+00
      5.294      0.045     7.8942     72.689     50.350  36.858343     0.7051      8.893   289.6126 1.2355e-01    23.1999      5.192      7.531    11.6111 0.0000e+00
      5.305      0.046     7.9001     72.729     50.365  36.869681     0.7160      8.891   289.6821 1.2350e-01    22.9580      5.202      7.545    11.6034 0.0000e+00
      5.315      0.045     7.9017     72.767     50.378  36.881094     0.7148      8.887   290.1901 1.2351e-01    22.8463      5.212      7.558    11.6006 0.0000e+00
      5.328      0.044     7.9020     72.786     50.360  36.869433     0.7070      8.886   290.5061 1.2360e-01    22.8056      5.225      7.577    11.5999 0.0000e+00
      5.339      0.041     7.9033     72.790     50.341  36.855607     0.6802      8.885   290.5780 1.2360e-01    22.7732      5.236      7.595    11.5990 0.0000e+00
      5.349      0.037     7.9091     72.769     50.321  36.840827     0.6493      8.883   290.7146 1.2350e-01    22.8652      5.246      7.609    11.5992 0.0000e+00
      5.359      0.033     7.9141     72.712     50.290  36.817639     0.6492      8.882   290.7820 1.2348e-01    22.9960      5.256      7.623    11.6011 0.0000e+00
      5.369      0.029     7.9144     72.638     50.307  36.829062     0.6537      8.880   290.4465 1.2351e-01    23.0559      5.266      7.638    11.6041 0.0000e+00
      5.374      0.027     7.9161     72.578     50.340  36.852022     0.6382      8.878   290.0134 1.2352e-01    23.0427      5.271      7.645    11.6030 0.0000e+00
      5.377      0.025     7.9143     72.526     50.325  36.841430     0.6196      8.877   290.0184 1.2352e-01    22.9734      5.272      7.646    11.6019 0.0000e+00
      5.382      0.022     7.9075     72.496     50.305  36.827908     0.6211      8.875   290.4215 1.2346e-01    22.9703      5.276      7.652    11.6029 0.0000e+00
      5.391      0.018     7.8969     72.498     50.281  36.815444     0.6311      8.873   290.9292 1.2345e-01    23.0393      5.288      7.670    11.6021 0.0000e+00
      5.398      0.017     7.8928     72.518     50.276  36.817638     0.6481      8.871   290.6513 1.2348e-01    23.0560      5.296      7.681    11.6001 0.0000e+00
      5.401      0.017     7.8861     72.563     50.322  36.854443     0.6771      8.870   289.8145 1.2347e-01    23.0014      5.297      7.682    11.5997 0.0000e+00
      5.402      0.020     7.8813     72.631     50.357  36.879718     0.6829      8.868   289.7595 1.2347e-01    22.9246      5.297      7.683    11.6010 0.0000e+00
      5.402      0.027     7.8831     72.693     50.341  36.869420     0.6847      8.867   290.1580 1.2350e-01    22.9475      5.298      7.684    11.6051 0.0000e+00
      5.406      0.037     7.8818     72.746     50.321  36.856843     0.7072      8.865   290.6751 1.2350e-01    23.1077      5.298      7.685    11.6141 0.0000e+00
      5.417      0.049     7.8863     72.797     50.322  36.854566     0.7049      8.865   291.2792 1.2355e-01    23.2222      5.307      7.699    11.6174 0.0000e+00
      5.436      0.061     7.8961     72.822     50.314  36.841877     0.6814      8.864   290.9242 1.2362e-01    23.2037      5.330      7.732    11.6144 0.0000e+00
      5.457      0.071     7.9027     72.809     50.307  36.830322     0.6733      8.861   289.9096 1.2356e-01    23.1577      5.353      7.764    11.6168 0.0000e+00
      5.477      0.077     7.9055     72.759     50.330  36.841763     0.6816      8.859   289.5945 1.2345e-01    23.1790      5.371      7.790    11.6216 0.0000e+00
      5.498      0.078     7.9148     72.694     50.352  36.853300     0.6986      8.858   289.9538 1.2342e-01    23.2550      5.391      7.819    11.6177 0.0000e+00
      5.519      0.076     7.9186     72.631     50.343  36.842899     0.7045      8.857   290.3820 1.2346e-01    23.2579      5.414      7.852    11.6081 0.0000e+00
      5.540      0.072     7.9188     72.585     50.347  36.842899     0.6941      8.855   290.2115 1.2348e-01    23.1799      5.434      7.881    11.6023 0.0000e+00
      5.558      0.067     7.9131     72.578     50.363  36.853303     0.6813      8.855   289.5278 1.2348e-01    23.1320      5.449      7.904    11.5978 0.0000e+00
      5.574      0.062     7.9055     72.581     50.348  36.841777     0.6826      8.853   289.2554 1.2351e-01    23.1226      5.465      7.927    11.5922 0.0000e+00
      5.589      0.059     7.9009     72.595     50.333  36.830449     0.7011      8.851   289.2410 1.2356e-01    23.1006      5.483      7.952    11.5883 0.0000e+00
      5.601      0.057     7.8923     72.645     50.351  36.843252     0.7058      8.849   289.3546 1.2358e-01    23.0367      5.494      7.968    11.5862 0.0000e+00
      5.612      0.057     7.8959     72.717     50.387  36.869665     0.6885      8.848   289.8544 1.2355e-01    22.9306      5.501      7.979    11.5848 0.0000e+00
      5.627      0.058     7.8954     72.777     50.422  36.895982     0.6754      8.847   290.2080 1.2352e-01    22.8759      5.516      8.001    11.5839 0.0000e+00
      5.645      0.060     7.8953     72.811     50.434  36.907623     0.6811      8.845   290.1024 1.2350e-01    22.9220      5.538      8.032    11.5836 0.0000e+00
      5.660      0.062     7.9016     72.845     50.394  36.883508     0.6990      8.843   289.9545 1.2346e-01    22.9761      5.552      8.052    11.5834 0.0000e+00
      5.675      0.062     7.9109     72.889     50.355  36.858241     0.7006      8.841   289.9690 1.2346e-01    22.9500      5.563      8.068    11.5832 0.0000e+00
      5.693      0.062     7.9192     72.939     50.350  36.855944     0.6841      8.840   289.9332 1.2349e-01    22.9138      5.583      8.098    11.5832 0.0000e+00
      5.710      0.063     7.9193     72.994     50.350  36.855734     0.6731      8.839   290.2091 1.2351e-01    22.9480      5.602      8.126    11.5862 0.0000e+00
      5.722      0.063     7.9226     73.047     50.353  36.855707     0.6766      8.837   290.7237 1.2352e-01    22.9874      5.612      8.139    11.5934 0.0000e+00
      5.736      0.063     7.9268     73.086     50.358  36.855611     0.6932      8.836   290.8209 1.2351e-01    23.0146      5.623      8.155    11.5962 0.0000e+00
      5.754      0.061     7.9321     73.096     50.360  36.854571     0.6987      8.835   290.6096 1.2350e-01    23.0041      5.643      8.185    11.5967 0.0000e+00
      5.774      0.059     7.9379     73.081     50.347  36.843128     0.6848      8.832   290.3207 1.2347e-01    22.9625      5.664      8.215    11.5983 0.0000e+00
      5.790      0.058     7.9447     73.047     50.349  36.844168     0.6839      8.831   290.2533 1.2344e-01    22.9896      5.679      8.237    11.5947 0.0000e+00
      5.803      0.058     7.9508     73.016     50.380  36.867138     0.7039      8.830   290.8266 1.2345e-01    23.0591      5.690      8.253    11.5900 0.0000e+00
      5.814      0.057     7.9518     72.993     50.380  36.867043     0.7187      8.829   291.6594 1.2347e-01    23.0851      5.701      8.269    11.5877 0.0000e+00
      5.826      0.056     7.9505     72.963     50.348  36.843014     0.7123      8.827   291.8911 1.2347e-01    23.0650      5.711      8.284    11.5865 0.0000e+00
      5.842      0.057     7.9457     72.943     50.332  36.830428     0.6939      8.826   291.6494 1.2347e-01    23.0202      5.728      8.307    11.5860 0.0000e+00
      5.860      0.058     7.9416     72.936     50.348  36.841766     0.6879      8.825   291.3183 1.2352e-01    23.0227      5.749      8.337    11.5862 0.0000e+00
      5.876      0.058     7.9412     72.925     50.363  36.853189     0.6885      8.822   291.4152 1.2354e-01    23.0264      5.763      8.358    11.5864 0.0000e+00
      5.888      0.057     7.9362     72.921     50.346  36.841642     0.6857      8.820   292.1322 1.2353e-01    23.0311      5.773      8.373    11.5858 0.0000e+00
      5.902      0.056     7.9337     72.914     50.326  36.829066     0.6877      8.819   292.5031 1.2356e-01    23.1140      5.786      8.393    11.5847 0.0000e+00
      5.917      0.055     7.9358     72.913     50.322  36.828035     0.6864      8.818   292.4583 1.2352e-01    23.1738      5.804      8.418    11.5842 0.0000e+00
      5.931      0.052     7.9313     72.925     50.320  36.829179     0.6878      8.816   292.2784 1.2348e-01    23.2075      5.816      8.435    11.5848 0.0000e+00
      5.944      0.049     7.9332     72.936     50.335  36.842899     0.6793      8.814   291.9619 1.2348e-01    23.1465      5.828      8.453    11.5861 0.0000e+00
      5.959      0.047     7.9311     72.947     50.365  36.867022     0.6501      8.813   292.0731 1.2343e-01    23.0165      5.845      8.477    11.5877 0.0000e+00
      5.971      0.046     7.9291     72.939     50.364  36.867022     0.6337      8.810   292.5902 1.2343e-01    22.9682      5.858      8.496    11.5888 0.0000e+00
      5.978      0.045     7.9330     72.921     50.332  36.842910     0.6315      8.808   292.9670 1.2355e-01    22.9385      5.862      8.502    11.5925 0.0000e+00
      5.985      0.045     7.9306     72.911     50.315  36.829304     0.6476      8.807   293.1014 1.2360e-01    22.9644      5.865      8.507    11.5959 0.0000e+00
      5.999      0.046     7.9350     72.886     50.315  36.829409     0.6796      8.806   293.0961 1.2351e-01    23.0076      5.881      8.531    11.5965 0.0000e+00
      6.016      0.050     7.9322     72.841     50.335  36.844179     0.6846      8.805   292.9884 1.2343e-01    22.9491      5.904      8.563    11.5986 0.0000e+00
      6.026      0.054     7.9291     72.830     50.389  36.880982     0.6759      8.802   292.8314 1.2348e-01    22.8716      5.911      8.573    11.5974 0.0000e+00
      6.035      0.054     7.9304     72.857     50.409  36.893665     0.6819      8.800   292.8337 1.2353e-01    22.8905      5.914      8.578    11.5938 0.0000e+00
      6.052      0.053     7.9286     72.870     50.378  36.870609     0.6998      8.799   293.1018 1.2347e-01    22.9720      5.934      8.606    11.5963 0.0000e+00
      6.071      0.053     7.9195     72.880     50.358  36.856038     0.7165      8.799   293.4060 1.2343e-01    22.9696      5.958      8.641    11.5975 0.0000e+00
      6.084      0.052     7.9180     72.904     50.341  36.844396     0.7094      8.797   293.5007 1.2347e-01    22.8955      5.968      8.656    11.5936 0.0000e+00
      6.093      0.051     7.9270     72.929     50.358  36.856756     0.6886      8.794   293.1285 1.2347e-01    22.7931      5.972      8.662    11.5912 0.0000e+00
      6.107      0.048     7.9252     72.940     50.387  36.878562     0.6819      8.793   292.6048 1.2347e-01    22.6889      5.989      8.686    11.5905 0.0000e+00
      6.120      0.047     7.9263     72.967     50.352  36.854238     0.6864      8.792   292.5890 1.2350e-01    22.6948      6.005      8.709    11.5909 0.0000e+00
      6.130      0.047     7.9288     73.008     50.297  36.816479     0.6928      8.790   292.7659 1.2345e-01    22.7270      6.010      8.716    11.5921 0.0000e+00
      6.141      0.048     7.9338     73.018     50.277  36.802757     0.6932      8.789   292.9373 1.2344e-01    22.7020      6.020      8.731    11.5921 0.0000e+00
      6.155      0.048     7.9323     72.992     50.296  36.815230     0.6905      8.788   293.1980 1.2350e-01    22.7685      6.037      8.757    11.5920 0.0000e+00
