Data/DataNotYetUploadedToEDI/Raw_CTD/RawDownloads/062424_fcr50_S7809001.cnv
* Sea-Bird SBE19plus  Data File:
* FileName = C:\R\Reservoirs\Data\DataNotYetUploadedToEDI\Raw_CTD\RawDownloads\062424_fcr50_S7809_0001.hex
* Software version 2.8.0.119
* Temperature SN = 7809
* Conductivity SN = 7809
* System UpLoad Time = Jun 26 2024 15:01:59
* <ApplicationData>
* <Seaterm232>
# nquan = 15
# nvalues = 4784                        
# units = specified
# name 0 = depFM: Depth [fresh water, m]
# name 1 = dz/dtM: Descent Rate [m/s]
# name 2 = sbeox0Mg/L: Oxygen, SBE 43 [mg/l]
# name 3 = sbeox0PS: Oxygen, SBE 43 [% saturation]
# name 4 = specc: Specific Conductance [uS/cm]
# name 5 = c0uS/cm: Conductivity [uS/cm]
# name 6 = flECO-AFL: Fluorescence, WET Labs ECO-AFL/FL [mg/m^3]
# name 7 = ph: pH
# name 8 = orp: Oxidation Reduction Potential [mV]
# name 9 = par/sat/log: PAR/Logarithmic, Satlantic
# name 10 = turbWETntu0: Turbidity, WET Labs ECO [NTU]
# name 11 = prdM: Pressure, Strain Gauge [db]
# name 12 = prdE: Pressure, Strain Gauge [psi]
# name 13 = tv290C: Temperature [ITS-90, deg C]
# name 14 = flag:  0.000e+00
# span 0 =     -0.697,      9.454       
# span 1 =     -4.098,      4.504       
# span 2 =     0.5619,    16.7877       
# span 3 =      5.471,    206.123       
# span 4 =      1.667,    335.754       
# span 5 =   1.500803, 245.667809       
# span 6 =    -0.8753,    23.1670       
# span 7 =      5.993,     12.094       
# span 8 = -1233.9440,   392.5205       
# span 9 = 1.2336e-01, 1.6387e+03       
# span 10 =    -2.2505,   137.9579      
# span 11 =     -0.684,      9.272      
# span 12 =     -0.992,     13.447      
# span 13 =    11.5456,    33.7394      
# span 14 = 0.0000e+00, 0.0000e+00      
# interval = seconds: 0.25
# start_time = Jun 24 2024 11:28:45 [Instrument's time stamp, header]
# bad_flag = -9.990e-29
*END*
[from data line 4049]
      4.507      0.028     6.6716     60.524     49.624  36.772011     0.8722      9.073   276.5026 1.9188e-01    20.8917      4.419      6.410    11.9992 0.0000e+00
      4.513      0.028     6.6557     59.656     49.587  36.771904     0.8682      9.070   276.4007 1.8650e-01    20.9071      4.424      6.417    12.0250 0.0000e+00
      4.522      0.028     6.6431     58.703     49.570  36.771901     0.8382      9.068   276.4521 1.7515e-01    20.8547      4.434      6.432    11.9927 0.0000e+00
      4.531      0.029     6.6025     57.789     49.572  36.771995     0.8163      9.067   277.1239 1.8359e-01    20.8384      4.444      6.446    12.0026 0.0000e+00
      4.539      0.030     6.5231     57.050     49.608  36.773039     0.8202      9.066   278.0699 1.9506e-01    20.8813      4.451      6.455    12.0546 0.0000e+00
      4.544      0.029     6.4186     56.558     49.690  36.784497     0.8270      9.064   278.1674 1.9153e-01    21.0309      4.456      6.463    12.0806 0.0000e+00
      4.551      0.027     6.3119     56.294     49.748  36.783557     0.8076      9.062   277.9597 1.8295e-01    21.2132      4.462      6.471    12.0915 0.0000e+00
      4.560      0.025     6.2064     56.295     49.753  36.761630     0.7850      9.061   277.8820 1.7696e-01    21.2753      4.472      6.485    12.0958 0.0000e+00
      4.568      0.024     6.1259     56.650     49.801  36.773170     0.7788      9.060   278.5190 1.7821e-01    21.2683      4.482      6.500    12.0741 0.0000e+00
      4.572      0.023     6.0867     57.328     49.872  36.796153     0.7827      9.059   279.9820 1.6874e-01    21.3333      4.485      6.504    12.0059 0.0000e+00
      4.575      0.020     6.0624     58.123     49.884  36.785659     0.7983      9.057   280.5148 1.5289e-01    21.4808      4.487      6.507    11.9571 0.0000e+00
      4.580      0.016     6.0601     58.898     49.844  36.773174     0.8018      9.055   280.2283 1.5850e-01    21.5492      4.491      6.513    11.9434 0.0000e+00
      4.586      0.014     6.1000     59.670     49.798  36.772139     0.7903      9.053   279.7014 1.7863e-01    21.5459      4.498      6.524    11.9205 0.0000e+00
      4.591      0.012     6.1905     60.463     49.776  36.773178     0.8013      9.051   278.9628 1.8084e-01    21.5773      4.504      6.533    11.8878 0.0000e+00
      4.592      0.010     6.2875     61.248     49.786  36.785755     0.8183      9.049   279.6428 1.7658e-01    21.5871      4.503      6.530    11.8487 0.0000e+00
      4.593      0.008     6.3638     61.950     49.809  36.797302     0.8133      9.046   281.5568 1.8422e-01    21.5622      4.505      6.533    11.8780 0.0000e+00
      4.595      0.008     6.4382     62.479     49.816  36.785880     0.7993      9.043   282.4875 1.8583e-01    21.5142      4.507      6.537    11.9325 0.0000e+00
      4.595      0.008     6.5246     62.809     49.823  36.774545     0.7822      9.042   282.0344 1.7456e-01    21.4507      4.506      6.536    11.9356 0.0000e+00
      4.597      0.010     6.6108     62.973     49.858  36.787133     0.7646      9.041   281.1542 1.5921e-01    21.4789      4.508      6.538    11.9444 0.0000e+00
      4.600      0.012     6.6916     63.008     49.916  36.811155     0.7528      9.040   281.2239 1.5250e-01    21.6160      4.512      6.543    11.9426 0.0000e+00
      4.604      0.015     6.7531     62.976     49.949  36.811158     0.7471      9.039   282.3608 1.5808e-01    21.7075      4.516      6.550    11.9181 0.0000e+00
      4.608      0.019     6.7891     62.916     49.939  36.787141     0.7376      9.037   283.1126 1.6418e-01    21.6633      4.518      6.553    11.8994 0.0000e+00
      4.613      0.021     6.8083     62.900     49.937  36.774566     0.7212      9.035   283.0863 1.5990e-01    21.6961      4.524      6.560    11.8924 0.0000e+00
      4.619      0.021     6.8101     62.999     49.962  36.786018     0.7241      9.034   282.8166 1.5374e-01    21.9338      4.529      6.569    11.8741 0.0000e+00
      4.626      0.020     6.8126     63.218     49.981  36.798692     0.7476      9.031   282.6915 1.5543e-01    22.0777      4.536      6.579    11.8414 0.0000e+00
      4.632      0.020     6.8050     63.582     49.982  36.800885     0.7639      9.029   282.5201 1.5930e-01    22.0692      4.545      6.591    11.8275 0.0000e+00
      4.637      0.020     6.7998     64.112     50.006  36.812537     0.7458      9.028   282.2934 1.6804e-01    22.1045      4.548      6.596    11.8182 0.0000e+00
      4.639      0.021     6.8150     64.722     50.034  36.812663     0.7039      9.026   282.5314 1.7464e-01    22.1968      4.549      6.598    11.8067 0.0000e+00
      4.641      0.022     6.8364     65.287     50.052  36.802387     0.6903      9.025   283.1614 1.5857e-01    22.2978      4.550      6.600    11.8093 0.0000e+00
      4.647      0.024     6.8728     65.789     50.087  36.815175     0.7060      9.025   283.8019 1.3487e-01    22.3001      4.555      6.608    11.8134 0.0000e+00
      4.657      0.029     6.9344     66.306     50.141  36.840358     0.7185      9.025   283.3914 1.2757e-01    22.1907      4.569      6.627    11.8116 0.0000e+00
      4.665      0.033     7.0111     66.922     50.201  36.853035     0.7165      9.025   282.3289 1.3147e-01    22.1368      4.577      6.638    11.7888 0.0000e+00
      4.672      0.035     7.0782     67.645     50.231  36.841502     0.6986      9.023   282.4847 1.3622e-01    22.1949      4.578      6.641    11.7516 0.0000e+00
      4.682      0.035     7.1290     68.363     50.244  36.827794     0.6857      9.021   283.1242 1.3524e-01    22.2783      4.590      6.657    11.7486 0.0000e+00
      4.693      0.034     7.1824     69.016     50.242  36.814170     0.6944      9.020   283.6071 1.3117e-01    22.3250      4.605      6.679    11.7447 0.0000e+00
      4.703      0.031     7.2541     69.678     50.237  36.803674     0.7039      9.019   284.2803 1.3312e-01    22.3503      4.613      6.690    11.7028 0.0000e+00
      4.711      0.026     7.3462     70.373     50.271  36.827788     0.7089      9.018   283.6927 1.3394e-01    22.3792      4.620      6.701    11.6630 0.0000e+00
      4.718      0.021     7.4318     71.013     50.285  36.851908     0.7204      9.016   282.0945 1.2794e-01    22.4012      4.629      6.713    11.6427 0.0000e+00
      4.721      0.018     7.4976     71.536     50.240  36.841512     0.7274      9.013   281.6486 1.2393e-01    22.4104      4.631      6.716    11.6325 0.0000e+00
      4.722      0.017     7.5699     71.926     50.207  36.829029     0.7180      9.011   282.3446 1.2365e-01    22.4219      4.631      6.717    11.6257 0.0000e+00
      4.724      0.018     7.6520     72.175     50.214  36.827894     0.6978      9.009   283.1972 1.2456e-01    22.4381      4.632      6.718    11.6197 0.0000e+00
      4.729      0.020     7.7209     72.295     50.234  36.827783     0.6829      9.009   282.9225 1.2561e-01    22.4351      4.636      6.724    11.6342 0.0000e+00
      4.736      0.023     7.7717     72.316     50.249  36.827672     0.6800      9.008   281.4320 1.2671e-01    22.4204      4.644      6.735    11.6693 0.0000e+00
      4.745      0.025     7.8119     72.233     50.258  36.826527     0.6960      9.007   280.5770 1.2987e-01    22.4311      4.653      6.749    11.6832 0.0000e+00
      4.752      0.025     7.8418     72.108     50.248  36.813942     0.7181      9.005   280.6721 1.3050e-01    22.4622      4.661      6.760    11.6701 0.0000e+00
      4.758      0.024     7.8547     72.059     50.234  36.802405     0.7230      9.004   281.2911 1.2645e-01    22.4548      4.665      6.767    11.6518 0.0000e+00
      4.764      0.022     7.8611     72.063     50.247  36.813942     0.7302      9.001   282.1254 1.2381e-01    22.4448      4.672      6.777    11.6411 0.0000e+00
      4.769      0.021     7.8523     72.074     50.267  36.826528     0.7385      8.999   282.2409 1.2360e-01    22.5114      4.678      6.784    11.6346 0.0000e+00
      4.772      0.021     7.8300     72.117     50.277  36.827664     0.7234      8.997   281.6554 1.2357e-01    22.5769      4.679      6.786    11.6274 0.0000e+00
      4.777      0.021     7.8298     72.177     50.286  36.827665     0.6972      8.995   281.2416 1.2350e-01    22.5535      4.684      6.793    11.6265 0.0000e+00
      4.783      0.022     7.8316     72.218     50.291  36.826540     0.6797      8.994   281.2814 1.2345e-01    22.4685      4.691      6.804    11.6325 0.0000e+00
      4.790      0.023     7.8298     72.236     50.277  36.814059     0.6864      8.992   281.4482 1.2344e-01    22.4370      4.697      6.813    11.6303 0.0000e+00
      4.795      0.023     7.8378     72.236     50.265  36.803666     0.7115      8.989   281.8822 1.2347e-01    22.5132      4.701      6.819    11.6206 0.0000e+00
      4.801      0.023     7.8475     72.228     50.296  36.827789     0.7260      8.989   282.7432 1.2354e-01    22.5702      4.707      6.828    11.6143 0.0000e+00
      4.808      0.023     7.8522     72.217     50.317  36.851912     0.7199      8.988   283.0817 1.2417e-01    22.5456      4.716      6.840    11.6105 0.0000e+00
      4.813      0.022     7.8545     72.203     50.283  36.841527     0.6873      8.986   282.6203 1.2481e-01    22.4887      4.721      6.847    11.6079 0.0000e+00
      4.818      0.022     7.8546     72.213     50.247  36.829149     0.6480      8.984   282.1545 1.2420e-01    22.4640      4.723      6.851    11.6070 0.0000e+00
      4.824      0.022     7.8528     72.233     50.232  36.829167     0.6447      8.983   281.9232 1.2346e-01    22.4858      4.730      6.861    11.6062 0.0000e+00
      4.829      0.022     7.8518     72.213     50.230  36.841752     0.6554      8.982   282.5771 1.2337e-01    22.5127      4.736      6.870    11.6132 0.0000e+00
      4.834      0.021     7.8438     72.127     50.229  36.854422     0.6448      8.980   283.8651 1.2340e-01    22.5154      4.739      6.875    11.6330 0.0000e+00
      4.841      0.021     7.8436     72.006     50.216  36.855468     0.6240      8.979   284.3321 1.2346e-01    22.5180      4.748      6.886    11.6470 0.0000e+00
      4.847      0.022     7.8468     71.870     50.199  36.854418     0.6200      8.977   284.2671 1.2346e-01    22.6128      4.755      6.897    11.6546 0.0000e+00
      4.851      0.025     7.8436     71.705     50.164  36.841726     0.6381      8.975   283.8535 1.2339e-01    22.7396      4.757      6.900    11.6693 0.0000e+00
      4.855      0.028     7.8290     71.513     50.144  36.828931     0.6438      8.974   283.1166 1.2340e-01    22.7535      4.760      6.904    11.6865 0.0000e+00
      4.862      0.031     7.8131     71.298     50.166  36.826635     0.6390      8.974   283.7893 1.2342e-01    22.6790      4.766      6.914    11.6937 0.0000e+00
      4.872      0.033     7.7987     71.063     50.190  36.813949     0.6547      8.973   285.5337 1.2344e-01    22.6581      4.777      6.929    11.7025 0.0000e+00
      4.883      0.033     7.7765     70.861     50.210  36.802414     0.6842      8.971   286.2263 1.2346e-01    22.7055      4.789      6.946    11.7233 0.0000e+00
      4.893      0.031     7.7542     70.775     50.249  36.814057     0.7124      8.969   285.7972 1.2346e-01    22.7393      4.800      6.961    11.7290 0.0000e+00
      4.903      0.026     7.7358     70.805     50.279  36.827789     0.7125      8.968   285.0769 1.2351e-01    22.7253      4.809      6.974    11.7059 0.0000e+00
      4.909      0.022     7.7151     70.923     50.302  36.841519     0.6862      8.966   285.3468 1.2357e-01    22.6731      4.815      6.983    11.6700 0.0000e+00
      4.912      0.019     7.6923     71.127     50.321  36.853160     0.6775      8.965   286.8229 1.2352e-01    22.6544      4.817      6.986    11.6415 0.0000e+00
      4.912      0.017     7.6869     71.369     50.311  36.841634     0.6897      8.964   287.7824 1.2350e-01    22.7051      4.817      6.987    11.6259 0.0000e+00
      4.915      0.016     7.6943     71.583     50.299  36.829059     0.7003      8.962   287.5692 1.2360e-01    22.7740      4.817      6.988    11.6186 0.0000e+00
      4.921      0.017     7.7049     71.741     50.301  36.828019     0.6979      8.960   286.9984 1.2364e-01    22.7697      4.825      6.999    11.6173 0.0000e+00
      4.927      0.019     7.7303     71.852     50.305  36.829059     0.6863      8.958   286.8183 1.2354e-01    22.6870      4.835      7.012    11.6162 0.0000e+00
      4.931      0.021     7.7606     71.928     50.324  36.841637     0.6767      8.956   286.9399 1.2351e-01    22.6284      4.836      7.014    11.6115 0.0000e+00
      4.935      0.022     7.7853     71.985     50.341  36.853184     0.6811      8.956   287.1781 1.2355e-01    22.6072      4.838      7.016    11.6069 0.0000e+00
      4.942      0.023     7.8024     72.056     50.322  36.841761     0.6983      8.954   287.6331 1.2355e-01    22.5676      4.848      7.030    11.6048 0.0000e+00
      4.949      0.024     7.8137     72.149     50.295  36.830433     0.7015      8.952   288.1400 1.2353e-01    22.5254      4.855      7.041    11.6035 0.0000e+00
      4.954      0.025     7.8231     72.254     50.299  36.843131     0.6867      8.950   288.4022 1.2352e-01    22.4726      4.857      7.044    11.6012 0.0000e+00
      4.961      0.025     7.8265     72.346     50.320  36.868397     0.6774      8.950   287.7917 1.2347e-01    22.4415      4.864      7.055    11.5999 0.0000e+00
      4.970      0.025     7.8349     72.406     50.323  36.882117     0.6887      8.950   286.8679 1.2344e-01    22.5255      4.875      7.072    11.6010 0.0000e+00
      4.975      0.026     7.8430     72.422     50.300  36.882115     0.7065      8.948   287.0409 1.2345e-01    22.6686      4.879      7.077    11.6104 0.0000e+00
      4.979      0.027     7.8535     72.384     50.260  36.868392     0.7011      8.946   287.5602 1.2345e-01    22.7369      4.881      7.079    11.6234 0.0000e+00
      4.986      0.027     7.8632     72.316     50.216  36.843124     0.6816      8.944   287.8977 1.2353e-01    22.7026      4.889      7.091    11.6297 0.0000e+00
      4.995      0.028     7.8674     72.233     50.206  36.830424     0.6781      8.942   288.4552 1.2357e-01    22.6293      4.899      7.106    11.6408 0.0000e+00
      5.003      0.029     7.8677     72.142     50.237  36.841744     0.6928      8.941   288.1054 1.2347e-01    22.5674      4.907      7.117    11.6595 0.0000e+00
      5.010      0.029     7.8577     72.067     50.264  36.853064     0.7101      8.941   286.8523 1.2339e-01    22.5344      4.912      7.124    11.6788 0.0000e+00
      5.017      0.029     7.8489     72.018     50.253  36.840383     0.7121      8.940   286.2962 1.2341e-01    22.5042      4.921      7.136    11.6861 0.0000e+00
      5.025      0.030     7.8411     71.979     50.233  36.815325     0.7078      8.939   286.7160 1.2350e-01    22.5096      4.928      7.149    11.6793 0.0000e+00
      5.030      0.030     7.8334     71.980     50.237  36.803893     0.7251      8.937   287.4535 1.2352e-01    22.6343      4.931      7.152    11.6632 0.0000e+00
      5.038      0.030     7.8251     72.040     50.285  36.829058     0.7464      8.936   287.1254 1.2345e-01    22.7822      4.938      7.162    11.6531 0.0000e+00
      5.048      0.030     7.8223     72.110     50.343  36.865759     0.7489      8.935   285.7602 1.2346e-01    22.8293      4.952      7.182    11.6554 0.0000e+00
      5.057      0.029     7.8181     72.187     50.351  36.866904     0.7309      8.933   285.2303 1.2355e-01    22.8962      4.960      7.194    11.6442 0.0000e+00
      5.063      0.027     7.8188     72.284     50.322  36.842894     0.6950      8.930   285.4512 1.2355e-01    23.0781      4.964      7.200    11.6249 0.0000e+00
