Data/DataNotYetUploadedToEDI/Raw_CTD/RawDownloads/062424_fcr50_S8188003.cnv
* Sea-Bird SBE19plus  Data File:
* FileName = C:\R\Reservoirs\Data\DataNotYetUploadedToEDI\Raw_CTD\RawDownloads\062424_bvr50_S8188_0003.hex
* Software version 2.8.0.119
* Temperature SN = 8188
* Conductivity SN = 8188
* System UpLoad Time = Jul 02 2024 12:04:00
* <ApplicationData>
* <Seaterm232>
# nquan = 16
# nvalues = 2137                        
# units = specified
# name 0 = depFM: Depth [fresh water, m]
# name 1 = dz/dtM: Descent Rate [m/s]
# name 2 = sbeox0Mg/L: Oxygen, SBE 43 [mg/l]
# name 3 = sbeox0PS: Oxygen, SBE 43 [% saturation]
# name 4 = specc: Specific Conductance [uS/cm]
# name 5 = c0uS/cm: Conductivity [uS/cm]
# name 6 = wetCDOM: Fluorescence, WET Labs CDOM [mg/m^3]
# name 7 = flECO-AFL: Fluorescence, WET Labs ECO-AFL/FL [mg/m^3]
# name 8 = flECO-AFL1: Fluorescence, WET Labs ECO-AFL/FL, 2 [mg/m^3]
# name 9 = flECO-AFL2: Fluorescence, WET Labs ECO-AFL/FL, 3 [mg/m^3]
# name 10 = par/sat/log: PAR/Logarithmic, Satlantic
# name 11 = turbWETntu0: Turbidity, WET Labs ECO [NTU]
# name 12 = prdM: Pressure, Strain Gauge [db]
# name 13 = prdE: Pressure, Strain Gauge [psi]
# name 14 = tv290C: Temperature [ITS-90, deg C]
# name 15 = flag:  0.000e+00
# span 0 =     -0.705,      9.282       
# span 1 =     -0.217,      0.185       
# span 2 =     0.3974,    16.1709       
# span 3 =      3.821,    201.457       
# span 4 =     -0.031,    340.007       
# span 5 =  -0.028105, 249.119116       
# span 6 =    -4.5000,   233.1000       
# span 7 =    -0.8873,    19.3195       
# span 8 =    -2.1300,     0.4686       
# span 9 =    -2.0304,    11.8863       
# span 10 = 1.1582e-01, 2.6418e+03      
# span 11 =    -4.2976,   112.2938      
# span 12 =     -0.691,      9.102      
# span 13 =     -1.002,     13.202      
# span 14 =    11.5720,    28.1856      
# span 15 = 0.0000e+00, 0.0000e+00      
# interval = seconds: 0.25
# start_time = Jun 24 2024 12:02:32 [Instrument's time stamp, header]
# bad_flag = -9.990e-29
*END*
[from data line 1085]
      0.433      0.000    12.4605    159.959     47.299  50.294659    30.6000     2.0462     0.2130    10.9134 1.0019e+02    12.5309      0.424      0.616    28.1666 0.0000e+00
      0.433      0.000    12.4656    159.920     47.297  50.290945    30.6000     2.0462     0.2130    10.9134 9.9976e+01    12.5611      0.425      0.616    28.1651 0.0000e+00
      0.433      0.000    12.4729    159.831     47.299  50.291198    30.6000     2.0501     0.2130    10.9134 9.9802e+01    12.5763      0.425      0.616    28.1636 0.0000e+00
      0.433      0.000    12.4802    159.742     47.301  50.293492    30.4200     2.1035     0.2130    10.9980 9.9845e+01    12.5914      0.425      0.616    28.1623 0.0000e+00
      0.433      0.000    12.4836    159.682     47.283  50.276510    30.4200     2.1454     0.2130    10.9980 1.0045e+02    12.6820      0.425      0.616    28.1604 0.0000e+00
      0.433      0.000    12.4811    159.657     47.247  50.241705    30.4200     2.1225     0.2130    10.9980 9.9976e+01    12.6216      0.425      0.616    28.1578 0.0000e+00
      0.433      0.000    12.4746    159.665     47.219  50.213685    30.4200     2.0958     0.2130    10.9980 1.0050e+02    12.5914      0.425      0.616    28.1559 0.0000e+00
      0.433      0.000    12.4677    159.704     47.205  50.200925    30.4200     2.1073     0.2130    10.9980 1.0002e+02    12.4856      0.425      0.617    28.1561 0.0000e+00
      0.434      0.000    12.4624    159.772     47.222  50.219959    30.3300     2.1225     0.1704    10.8711 1.0015e+02    12.6367      0.425      0.617    28.1586 0.0000e+00
      0.434      0.001    12.4597    159.849     47.271  50.271874    30.3300     2.1149     0.1704    10.8711 1.0048e+02    12.4856      0.425      0.617    28.1620 0.0000e+00
      0.434      0.001    12.4598    159.901     47.319  50.322670    30.3300     2.1416     0.1704    10.8711 9.9694e+01    12.6971      0.426      0.617    28.1647 0.0000e+00
      0.434      0.001    12.4624    159.902     47.356  50.361973    30.3300     2.0729     0.1704    10.8711 1.0067e+02    12.2741      0.426      0.618    28.1664 0.0000e+00
      0.434      0.001    12.4675    159.856     47.382  50.390296    30.0600     2.0806     0.2130    10.6596 9.9954e+01    12.3950      0.426      0.618    28.1673 0.0000e+00
      0.435      0.001    12.4735    159.788     47.375  50.383295    30.0600     2.0653     0.2130    10.6596 1.0035e+02    12.3799      0.426      0.618    28.1675 0.0000e+00
      0.435      0.001    12.4776    159.733     47.333  50.339104    30.0600     2.0577     0.2130    10.6596 9.9889e+01    12.4101      0.426      0.618    28.1674 0.0000e+00
      0.435      0.001    12.4777    159.707     47.294  50.297769    30.0600     2.0424     0.2130    10.6596 1.0030e+02    12.6065      0.426      0.619    28.1673 0.0000e+00
      0.435      0.001    12.4741    159.703     47.276  50.278168    30.6000     2.0653     0.2130    10.7442 9.9607e+01    12.6518      0.427      0.619    28.1676 0.0000e+00
      0.436      0.001    12.4686    159.727     47.262  50.263116    30.6000     2.0501     0.2130    10.7442 1.0008e+02    12.5914      0.427      0.619    28.1681 0.0000e+00
      0.436      0.001    12.4641    159.779     47.257  50.256571    30.6000     2.0310     0.2130    10.7442 9.9976e+01    12.5763      0.427      0.620    28.1687 0.0000e+00
      0.436      0.001    12.4620    159.842     47.258  50.256789    30.6000     2.0615     0.2130    10.7442 1.0017e+02    12.7726      0.427      0.620    28.1689 0.0000e+00
      0.437      0.001    12.4618    159.905     47.259  50.255853    30.6900     2.0539     0.2130    10.9134 1.0035e+02    12.8784      0.428      0.621    28.1688 0.0000e+00
      0.437      0.001    12.4638    159.951     47.269  50.265474    30.6900     2.0653     0.2130    10.9134 9.9932e+01    12.8784      0.428      0.621    28.1683 0.0000e+00
      0.437      0.001    12.4681    159.956     47.284  50.280245    30.6900     2.0653     0.2130    10.9134 9.9976e+01    12.8331      0.428      0.622    28.1672 0.0000e+00
      0.438      0.001    12.4733    159.914     47.300  50.296130    30.6900     2.0653     0.2130    10.9134 9.9845e+01    12.8331      0.429      0.622    28.1658 0.0000e+00
      0.438      0.001    12.4785    159.843     47.307  50.303410    30.6900     2.0577     0.2130    10.9134 1.0035e+02    12.8482      0.429      0.622    28.1642 0.0000e+00
      0.438      0.001    12.4824    159.769     47.302  50.298047    30.6900     2.0691     0.2556    10.7865 1.0021e+02    12.7726      0.429      0.623    28.1628 0.0000e+00
      0.438      0.001    12.4831    159.725     47.305  50.300539    30.6900     2.0806     0.2556    10.7865 1.0006e+02    12.8935      0.429      0.623    28.1617 0.0000e+00
      0.439      0.001    12.4800    159.729     47.310  50.305570    30.6900     2.0386     0.2556    10.7865 9.9932e+01    12.5611      0.430      0.623    28.1608 0.0000e+00
      0.439      0.001    12.4746    159.765     47.299  50.294547    30.6900     2.0577     0.2556    10.7865 9.9911e+01    12.5309      0.430      0.624    28.1602 0.0000e+00
      0.439      0.001    12.4689    159.813     47.290  50.284464    30.6900     2.0615     0.2130    10.9557 9.9456e+01    12.5007      0.430      0.624    28.1599 0.0000e+00
      0.439      0.001    12.4655    159.854     47.296  50.290575    30.6900     2.0729     0.2130    10.9557 1.0011e+02    12.6669      0.430      0.625    28.1598 0.0000e+00
      0.439      0.001    12.4658    159.873     47.299  50.292580    30.6900     2.1073     0.2130    10.9557 9.9629e+01    12.2439      0.431      0.625    28.1596 0.0000e+00
      0.440      0.001    12.4687    159.868     47.307  50.300983    30.6900     2.1264     0.2130    10.9557 9.9932e+01    12.2439      0.431      0.625    28.1595 0.0000e+00
      0.440      0.001    12.4725    159.836     47.337  50.331978    30.6900     2.1302     0.2556    10.9557 9.9564e+01    12.3799      0.431      0.625    28.1594 0.0000e+00
      0.440      0.001    12.4757    159.773     47.361  50.355953    30.6900     2.1149     0.2556    10.9557 9.9889e+01    12.3194      0.431      0.626    28.1592 0.0000e+00
      0.440      0.001    12.4773    159.697     47.362  50.357375    30.6900     2.0958     0.2556    10.9557 9.9283e+01    12.8633      0.431      0.626    28.1587 0.0000e+00
      0.440      0.001    12.4771    159.635     47.356  50.350577    30.6900     2.1149     0.2556    10.9557 9.9932e+01    12.8331      0.432      0.626    28.1578 0.0000e+00
      0.440      0.001    12.4748    159.598     47.346  50.339726    30.6900     2.1378     0.2130    10.9557 9.9456e+01    12.8029      0.432      0.626    28.1567 0.0000e+00
      0.441      0.000    12.4701    159.571     47.329  50.321930    30.6900     2.1111     0.2130    10.9557 9.9240e+01    12.7122      0.432      0.626    28.1559 0.0000e+00
      0.441      0.000    12.4642    159.538     47.313  50.304402    30.6900     2.2446     0.2130    10.9557 9.9780e+01    13.2712      0.432      0.627    28.1555 0.0000e+00
      0.441      0.000    12.4594    159.492     47.308  50.298416    30.6900     2.2637     0.2130    10.9557 9.9932e+01    13.2107      0.432      0.627    28.1554 0.0000e+00
      0.441      0.000    12.4565    159.438     47.312  50.302378    30.6900     2.2446     0.2130    10.9557 9.9650e+01    13.2560      0.432      0.627    28.1552 0.0000e+00
      0.441      0.000    12.4545    159.371     47.307  50.297407    30.6900     2.2255     0.2130    10.7442 9.9521e+01    13.2863      0.432      0.627    28.1548 0.0000e+00
      0.441      0.000    12.4520    159.288     47.290  50.278192    30.6900     2.2446     0.2130    10.7442 9.9564e+01    14.7063      0.432      0.627    28.1545 0.0000e+00
      0.441      0.000    12.4484    159.204     47.277  50.263530    30.6900     2.2446     0.2130    10.7442 9.9326e+01    14.7516      0.433      0.627    28.1543 0.0000e+00
      0.441      0.000    12.4443    159.150     47.283  50.269446    30.6900     2.2332     0.2130    10.7442 9.9456e+01    14.6609      0.433      0.627    28.1540 0.0000e+00
      0.441      0.000    12.4392    159.147     47.295  50.281570    30.7800     2.2332     0.2130    10.8288 9.9889e+01    14.6912      0.433      0.628    28.1535 0.0000e+00
      0.441      0.000    12.4329    159.194     47.290  50.275226    30.7800     2.1874     0.2130    10.8288 9.9564e+01    14.1020      0.433      0.628    28.1526 0.0000e+00
      0.441      0.000    12.4266    159.272     47.258  50.240749    30.7800     2.1645     0.2130    10.8288 9.9694e+01    13.9660      0.433      0.628    28.1516 0.0000e+00
      0.441      0.000    12.4226    159.354     47.218  50.198847    30.7800     2.1721     0.2130    10.8288 9.9564e+01    13.9358      0.433      0.628    28.1508 0.0000e+00
      0.441      0.000    12.4225    159.430     47.203  50.184195    30.6000     2.1950     0.2556    10.9134 9.9521e+01    14.0869      0.433      0.628    28.1503 0.0000e+00
      0.442      0.000    12.4262    159.491     47.209  50.190893    30.6000     2.1912     0.2556    10.9134 9.9802e+01    11.8058      0.433      0.628    28.1499 0.0000e+00
      0.442      0.000    12.4323    159.544     47.219  50.202787    30.6000     2.1721     0.2556    10.9134 9.9521e+01    11.8360      0.433      0.628    28.1499 0.0000e+00
      0.442      0.000    12.4386    159.590     47.222  50.207100    30.6000     2.1607     0.2556    10.9134 9.9997e+01    11.7605      0.433      0.628    28.1503 0.0000e+00
      0.442      0.000    12.4444    159.593     47.219  50.204983    30.6000     2.1874     0.2556    10.9134 9.9889e+01    11.8058      0.433      0.628    28.1511 0.0000e+00
      0.442      0.000    12.4489    159.541     47.231  50.219791    30.5100     2.1721     0.2556    10.9134 9.9477e+01    11.4886      0.434      0.628    28.1520 0.0000e+00
      0.442      0.000    12.4528    159.471     47.256  50.247501    30.5100     2.1950     0.2556    10.9134 1.0002e+02    11.5943      0.434      0.629    28.1531 0.0000e+00
      0.442      0.000    12.4561    159.427     47.281  50.275568    30.5100     2.1721     0.2556    10.9134 9.9564e+01    11.7152      0.434      0.629    28.1544 0.0000e+00
      0.442      0.000    12.4560    159.423     47.299  50.295527    30.5100     2.1836     0.2556    10.9134 9.9932e+01    11.6246      0.434      0.629    28.1559 0.0000e+00
      0.442      0.000    12.4517    159.447     47.306  50.304728    30.6000     2.1950     0.2556    11.1249 9.9650e+01    11.5943      0.434      0.629    28.1574 0.0000e+00
      0.442      0.000    12.4459    159.501     47.310  50.309611    30.6000     2.1759     0.2556    11.1249 9.9499e+01    11.5641      0.434      0.629    28.1587 0.0000e+00
      0.442      0.000    12.4423    159.597     47.312  50.311479    30.6000     2.1950     0.2556    11.1249 9.9845e+01    11.5792      0.434      0.629    28.1599 0.0000e+00
      0.442      0.000    12.4416    159.733     47.308  50.306842    30.6000     2.1721     0.2556    11.1249 1.0013e+02    11.7001      0.434      0.629    28.1612 0.0000e+00
      0.442      0.000    12.4432    159.888     47.297  50.294464    30.6000     2.1721     0.2130    10.9980 9.9889e+01    11.8511      0.434      0.629    28.1624 0.0000e+00
      0.442      0.001    12.4473    160.037     47.278  50.273038    30.6000     2.1721     0.2130    10.9980 9.9737e+01    11.8814      0.434      0.629    28.1632 0.0000e+00
      0.443      0.001    12.4548    160.159     47.251  50.242830    30.6000     2.1798     0.2130    10.9980 1.0019e+02    11.9720      0.434      0.630    28.1633 0.0000e+00
      0.443      0.001    12.4655    160.254     47.224  50.213727    30.6000     2.1836     0.2130    10.9980 9.9845e+01    11.8360      0.434      0.630    28.1626 0.0000e+00
      0.443      0.001    12.4778    160.333     47.196  50.183947    30.5100     2.1378     0.2130    10.8288 9.9694e+01    11.6850      0.435      0.630    28.1615 0.0000e+00
      0.443      0.001    12.4897    160.392     47.175  50.161498    30.5100     2.1073     0.2130    10.8288 9.9889e+01    11.6699      0.435      0.630    28.1603 0.0000e+00
      0.443      0.001    12.4995    160.411     47.186  50.172287    30.5100     2.0958     0.2130    10.8288 9.9824e+01    11.5641      0.435      0.631    28.1592 0.0000e+00
      0.444      0.001    12.5071    160.375     47.213  50.201252    30.5100     2.1340     0.2130    10.8288 9.9997e+01    11.6397      0.435      0.631    28.1583 0.0000e+00
      0.444      0.001    12.5134    160.282     47.222  50.210265    30.5100     2.1225     0.2130    10.8288 9.9759e+01    11.2016      0.435      0.631    28.1580 0.0000e+00
      0.444      0.001    12.5179    160.153     47.216  50.203724    30.6900     2.1149     0.2130    10.7865 9.9456e+01    11.1714      0.436      0.632    28.1579 0.0000e+00
      0.445      0.001    12.5195    160.015     47.211  50.197826    30.6900     2.1187     0.2130    10.7865 9.9521e+01    11.0807      0.436      0.632    28.1580 0.0000e+00
      0.445      0.001    12.5166    159.872     47.213  50.198972    30.6900     2.1225     0.2130    10.7865 1.0006e+02    11.1411      0.436      0.633    28.1579 0.0000e+00
      0.445      0.001    12.5094    159.723     47.226  50.211455    30.6900     2.1454     0.2130    10.7865 9.9672e+01    10.8088      0.436      0.633    28.1576 0.0000e+00
      0.445      0.001    12.4995    159.579     47.245  50.230629    30.6000     2.1340     0.2556    10.8288 9.9845e+01    10.7635      0.437      0.634    28.1572 0.0000e+00
      0.446      0.001    12.4889    159.453     47.268  50.253635    30.6000     2.1149     0.2556    10.8288 9.9650e+01    10.7484      0.437      0.634    28.1566 0.0000e+00
      0.446      0.001    12.4779    159.342     47.290  50.274645    30.6000     2.1149     0.2556    10.8288 9.9629e+01    10.7182      0.438      0.635    28.1558 0.0000e+00
      0.446      0.001    12.4665    159.240     47.295  50.277335    30.6000     2.1302     0.2556    10.8288 9.9629e+01    11.3828      0.438      0.635    28.1546 0.0000e+00
      0.447      0.001    12.4556    159.160     47.270  50.248466    30.8700     2.0997     0.2130    10.9980 9.9889e+01    11.4433      0.438      0.635    28.1529 0.0000e+00
      0.447      0.001    12.4462    159.134     47.228  50.202268    30.8700     2.1149     0.2130    10.9980 9.9759e+01    11.4131      0.438      0.636    28.1507 0.0000e+00
      0.447      0.001    12.4382    159.165     47.178  50.148350    30.8700     2.1225     0.2130    10.9980 9.9650e+01    11.3375      0.439      0.636    28.1481 0.0000e+00
      0.447      0.000    12.4307    159.220     47.130  50.098250    30.8700     2.1378     0.2130    10.9980 9.9845e+01    11.5037      0.439      0.636    28.1456 0.0000e+00
      0.447      0.000    12.4250    159.268     47.106  50.072495    30.7800     2.0997     0.2130    10.9557 9.9911e+01    11.5943      0.439      0.636    28.1435 0.0000e+00
      0.447      0.000    12.4232    159.320     47.101  50.068204    30.7800     2.1035     0.2130    10.9557 9.9932e+01    11.6699      0.439      0.636    28.1420 0.0000e+00
      0.447      0.000    12.4258    159.394     47.115  50.084235    30.7800     2.0997     0.2130    10.9557 9.9434e+01    11.5188      0.439      0.636    28.1413 0.0000e+00
      0.447      0.000    12.4302    159.477     47.147  50.118881    30.7800     2.1874     0.2130    10.9557 1.0006e+02    11.6246      0.439      0.636    28.1414 0.0000e+00
      0.447      0.000    12.4337    159.546     47.177  50.151480    30.7800     2.1950     0.2130    10.9557 9.9889e+01    11.6246      0.439      0.636    28.1421 0.0000e+00
      0.447      0.000    12.4375    159.581     47.191  50.166802    30.8700     2.2027     0.1704    10.7019 9.9889e+01    11.6397      0.439      0.636    28.1432 0.0000e+00
