Data/DataNotYetUploadedToEDI/Raw_CTD/RawDownloads/062424_bvr50_S8188001.cnv
* Sea-Bird SBE19plus  Data File:
* FileName = C:\R\Reservoirs\Data\DataNotYetUploadedToEDI\Raw_CTD\RawDownloads\062424_bvr50_S8188_0001.hex
* Software version 2.8.0.119
* Temperature SN = 8188
* Conductivity SN = 8188
* System UpLoad Time = Jul 02 2024 12:02:47
* <ApplicationData>
* <Seaterm232>
# nquan = 16
# nvalues = 1877                        
# units = specified
# name 0 = depFM: Depth [fresh water, m]
# name 1 = dz/dtM: Descent Rate [m/s]
# name 2 = sbeox0Mg/L: Oxygen, SBE 43 [mg/l]
# name 3 = sbeox0PS: Oxygen, SBE 43 [% saturation]
# name 4 = specc: Specific Conductance [uS/cm]
# name 5 = c0uS/cm: Conductivity [uS/cm]
# name 6 = wetCDOM: Fluorescence, WET Labs CDOM [mg/m^3]
# name 7 = flECO-AFL: Fluorescence, WET Labs ECO-AFL/FL [mg/m^3]
# name 8 = flECO-AFL1: Fluorescence, WET Labs ECO-AFL/FL, 2 [mg/m^3]
# name 9 = flECO-AFL2: Fluorescence, WET Labs ECO-AFL/FL, 3 [mg/m^3]
# name 10 = par/sat/log: PAR/Logarithmic, Satlantic
# name 11 = turbWETntu0: Turbidity, WET Labs ECO [NTU]
# name 12 = prdM: Pressure, Strain Gauge [db]
# name 13 = prdE: Pressure, Strain Gauge [psi]
# name 14 = tv290C: Temperature [ITS-90, deg C]
# name 15 = flag:  0.000e+00
# span 0 =     -0.619,      9.567       
# span 1 =     -0.235,      0.084       
# span 2 =    -4.4279,     9.9446       
# span 3 =    -43.804,    126.114       
# span 4 =     26.817,    106.541       
# span 5 =  28.262387,  74.728293       
# span 6 =    -4.5000,    44.4600       
# span 7 =     0.1656,     3.3089       
# span 8 =    -2.1300,     0.4260       
# span 9 =    -2.0304,    12.9861       
# span 10 = 1.1580e-01, 1.5146e+03      
# span 11 =    -0.6872,    23.3320      
# span 12 =     -0.607,      9.382      
# span 13 =     -0.881,     13.607      
# span 14 =    10.0668,    27.9822      
# span 15 = 0.0000e+00, 0.0000e+00      
# interval = seconds: 0.25
# start_time = Jun 24 2024 09:44:03 [Instrument's time stamp, header]
# bad_flag = -9.990e-29
*END*
[from data line 1808]
      0.369     -0.049     9.3483    122.966     34.876  36.413031    42.0300     1.5503     0.4260    12.5631 2.8171e+01    18.8756      0.361      0.524    27.3003 0.0000e+00
      0.355     -0.054     9.4892    122.839     34.935  36.452651    41.9400     1.5694     0.3834    12.1401 2.9692e+01    18.9059      0.348      0.504    27.2994 0.0000e+00
      0.338     -0.057     9.6181    122.144     35.099  36.616180    41.9400     1.5999     0.3834    12.1401 3.4152e+01    19.6612      0.332      0.481    27.2772 0.0000e+00
      0.321     -0.057     9.7140    121.098     35.296  36.831685    41.9400     1.5656     0.3834    12.1401 4.1322e+01    19.6461      0.314      0.456    27.2393 0.0000e+00
      0.304     -0.055     9.7628    120.006     35.463  37.029135    41.9400     1.5999     0.3834    12.1401 4.2774e+01    19.5856      0.298      0.432    27.1970 0.0000e+00
      0.290     -0.050     9.7583    119.164     35.571  37.171538    41.3100     1.6037     0.3408    12.0978 4.0372e+01    19.6461      0.285      0.413    27.1649 0.0000e+00
      0.279     -0.046     9.7050    118.762     35.627  37.259020    41.3100     1.6075     0.3408    12.0978 3.9496e+01    20.0690      0.274      0.397    27.1543 0.0000e+00
      0.270     -0.042     9.6195    118.848     35.640  37.294989    41.3100     1.5923     0.3408    12.0978 3.9910e+01    20.0690      0.265      0.384    27.1681 0.0000e+00
      0.261     -0.040     9.5271    119.342     35.623  37.291030    41.3100     1.6114     0.3408    12.0978 3.9771e+01    20.1144      0.256      0.371    27.2014 0.0000e+00
      0.252     -0.041     9.4531    120.088     35.609  37.279956    41.3100     1.6114     0.3408    12.0978 3.6939e+01    20.1446      0.247      0.358    27.2435 0.0000e+00
      0.242     -0.043     9.4144    120.914     35.622  37.290689    41.5800     1.5351     0.3834    12.3516 3.6460e+01    19.3893      0.237      0.344    27.2834 0.0000e+00
      0.230     -0.045     9.4159    121.664     35.680  37.348004    41.5800     1.5427     0.3834    12.3516 3.8747e+01    19.4195      0.226      0.328    27.3148 0.0000e+00
      0.217     -0.045     9.4517    122.217     35.770  37.443278    41.5800     1.5427     0.3834    12.3516 4.6497e+01    19.3741      0.213      0.308    27.3343 0.0000e+00
      0.203     -0.044     9.5097    122.523     35.844  37.530197    41.5800     1.5389     0.3834    12.3516 5.0675e+01    19.3590      0.199      0.289    27.3405 0.0000e+00
      0.191     -0.042     9.5758    122.625     35.887  37.590103    41.3100     1.6037     0.3834    12.2247 5.1474e+01    20.2805      0.187      0.271    27.3366 0.0000e+00
      0.181     -0.038     9.6361    122.612     35.914  37.632996    41.3100     1.5999     0.3834    12.2247 4.4957e+01    20.4618      0.178      0.257    27.3312 0.0000e+00
      0.173     -0.034     9.6795    122.576     35.938  37.668323    41.3100     1.5999     0.3834    12.2247 4.3790e+01    20.3259      0.170      0.246    27.3332 0.0000e+00
      0.166     -0.031     9.7015    122.588     35.979  37.719450    41.3100     1.5808     0.3834    12.2247 4.4384e+01    20.4467      0.163      0.236    27.3463 0.0000e+00
      0.158     -0.027     9.7061    122.672     36.054  37.803996    41.7600     1.5427     0.4260    12.3516 4.6215e+01    19.9180      0.156      0.225    27.3664 0.0000e+00
      0.151     -0.024     9.7016    122.822     36.138  37.900678    41.7600     1.5580     0.4260    12.3516 5.2274e+01    19.8878      0.148      0.214    27.3861 0.0000e+00
      0.144     -0.020     9.6962    123.032     36.219  37.997424    41.7600     1.5389     0.4260    12.3516 5.2696e+01    20.0086      0.141      0.205    27.4010 0.0000e+00
      0.139     -0.015     9.6953    123.293     36.308  38.108080    41.7600     1.5427     0.4260    12.3516 4.8194e+01    19.8122      0.136      0.198    27.4114 0.0000e+00
      0.136     -0.010     9.7004    123.596     36.377  38.200393    41.3100     1.5274     0.3834    12.3093 4.8142e+01    21.1718      0.133      0.193    27.4204 0.0000e+00
      0.135     -0.004     9.7102    123.940     36.379  38.223275    41.3100     1.5427     0.3834    12.3093 4.6205e+01    21.0963      0.132      0.192    27.4317 0.0000e+00
      0.135      0.000     9.7240    124.317     36.317  38.172868    41.3100     1.5580     0.3834    12.3093 4.3800e+01    21.0812      0.132      0.192    27.4485 0.0000e+00
      0.136      0.003     9.7405    124.707     36.221  38.077569    41.3100     1.5541     0.3834    12.3093 4.4665e+01    21.0208      0.133      0.193    27.4719 0.0000e+00
      0.138      0.005     9.7595    125.069     36.148  37.997635    41.3100     1.5923     0.3834    12.3093 4.0663e+01    22.2142      0.135      0.196    27.5002 0.0000e+00
      0.139      0.006     9.7817    125.336     36.132  37.971517    41.9400     1.5999     0.3834    12.5631 3.9213e+01    22.0027      0.137      0.199    27.5285 0.0000e+00
      0.141      0.006     9.8078    125.437     36.139  37.970334    41.9400     1.6037     0.3834    12.5631 4.1818e+01    21.9725      0.138      0.201    27.5493 0.0000e+00
      0.143      0.006     9.8373    125.338     36.157  37.983809    41.9400     1.5961     0.3834    12.5631 3.8638e+01    22.0631      0.140      0.203    27.5569 0.0000e+00
      0.144      0.006     9.8669    125.066     36.211  38.039442    41.9400     1.5808     0.3834    12.5631 3.8840e+01    21.2776      0.141      0.205    27.5515 0.0000e+00
      0.145      0.006     9.8901    124.690     36.290  38.126168    41.8500     1.5389     0.3834    12.4785 3.9358e+01    21.3531      0.142      0.207    27.5395 0.0000e+00
      0.147      0.006     9.9001    124.294     36.355  38.203361    41.8500     1.5427     0.3834    12.4785 3.8806e+01    21.2776      0.144      0.209    27.5279 0.0000e+00
      0.148      0.006     9.8937    123.963     36.389  38.249770    41.8500     1.5236     0.3834    12.4785 3.7685e+01    21.2625      0.145      0.211    27.5201 0.0000e+00
      0.150      0.007     9.8725    123.774     36.400  38.269801    41.8500     1.5427     0.3834    12.4785 3.8908e+01    21.2927      0.147      0.213    27.5180 0.0000e+00
      0.152      0.007     9.8419    123.772     36.411  38.286728    41.4000     1.6343     0.3834    12.5208 3.9009e+01    20.9603      0.149      0.216    27.5236 0.0000e+00
      0.153      0.007     9.8085    123.962     36.423  38.303072    41.4000     1.6114     0.3834    12.5208 3.7067e+01    21.0661      0.150      0.218    27.5358 0.0000e+00
      0.155      0.008     9.7799    124.305     36.422  38.305261    41.4000     1.5999     0.3834    12.5208 3.7627e+01    21.0359      0.152      0.221    27.5496 0.0000e+00
      0.157      0.008     9.7631    124.732     36.418  38.303840    41.4000     1.6228     0.3834    12.5208 3.9556e+01    21.0510      0.154      0.223    27.5610 0.0000e+00
      0.159      0.008     9.7615    125.172     36.421  38.310384    41.5800     1.6152     0.4260    12.2670 3.7570e+01    21.7459      0.156      0.226    27.5692 0.0000e+00
      0.161      0.006     9.7755    125.564     36.422  38.314684    41.5800     1.6228     0.4260    12.2670 3.6931e+01    21.8214      0.158      0.230    27.5746 0.0000e+00
      0.164      0.002     9.8019    125.863     36.404  38.297964    41.5800     1.6266     0.4260    12.2670 3.4152e+01    21.7761      0.161      0.234    27.5783 0.0000e+00
      0.167     -0.006     9.8349    126.049     36.371  38.259752    41.5800     1.5808     0.4260    12.2670 3.0669e+01    21.7912      0.164      0.238    27.5819 0.0000e+00
      0.167     -0.018     9.8688    126.114     36.331  38.209780    41.5800     1.6075     0.4260    12.2670 3.0036e+01    22.0933      0.164      0.238    27.5868 0.0000e+00
      0.163     -0.033     9.8988    126.067     36.280  38.142692    42.5700     1.5923     0.3834    12.6477 3.0285e+01    22.0933      0.160      0.232    27.5920 0.0000e+00
      0.153     -0.051     9.9221    125.941     36.213  38.054542    42.5700     1.6114     0.3834    12.6477 3.2164e+01    22.0933      0.151      0.218    27.5939 0.0000e+00
      0.138     -0.069     9.9375    125.769     36.153  37.973622    42.5700     1.6152     0.3834    12.6477 3.2928e+01    22.0178      0.136      0.197    27.5897 0.0000e+00
      0.118     -0.087     9.9446    125.571     36.137  37.942104    42.5700     1.5541     0.3834    12.6477 3.4600e+01    20.4769      0.116      0.167    27.5783 0.0000e+00
      0.092     -0.102     9.9441    125.350     36.159  37.957560    41.3100     1.5313     0.3834    12.2670 4.0460e+01    20.3712      0.090      0.131    27.5597 0.0000e+00
      0.062     -0.115     9.9384    125.078     36.186  37.986256    41.3100     1.5541     0.3834    12.2670 4.8890e+01    20.4014      0.061      0.088    27.5359 0.0000e+00
      0.030     -0.125     9.9293    124.741     36.225  38.033855    41.3100     1.5084     0.3834    12.2670 6.5019e+01    20.2050      0.029      0.043    27.5108 0.0000e+00
     -0.002     -0.134     9.9173    124.378     36.289  38.113048    41.3100     1.5961     0.3834    12.2670 7.0019e+01    20.4920     -0.003     -0.004    27.4902 0.0000e+00
     -0.036     -0.140     9.9017    124.071     36.366  38.213078    41.5800     1.6075     0.3834    12.5631 6.8499e+01    20.5827     -0.035     -0.051    27.4797 0.0000e+00
     -0.071     -0.146     9.8802    123.884     36.452  38.326753    41.5800     1.6343     0.3834    12.5631 9.4957e+01    20.6129     -0.069     -0.101    27.4801 0.0000e+00
     -0.108     -0.153     9.8520    123.836     36.515  38.418641    41.5800     1.6228     0.3834    12.5631 2.0605e+02    20.5525     -0.106     -0.154    27.4893 0.0000e+00
     -0.146     -0.162     9.8202    123.946     36.527  38.453478    41.5800     1.6533     0.3834    12.5631 1.6077e+02    21.0812     -0.143     -0.208    27.5069 0.0000e+00
     -0.184     -0.173     9.7915    124.238     36.486  38.428600    41.5800     1.6686     0.3834    12.5631 1.3886e+02    21.0208     -0.180     -0.261    27.5329 0.0000e+00
     -0.222     -0.185     9.7711    124.688     36.373  38.323429    41.6700     1.6648     0.3408    12.7746 1.4938e+02    21.0812     -0.218     -0.316    27.5649 0.0000e+00
     -0.265     -0.198     9.7614    125.184     36.129  38.076049    41.6700     1.6495     0.3408    12.7746 2.1599e+02    21.0056     -0.260     -0.377    27.5989 0.0000e+00
     -0.312     -0.211     9.7646    125.553     35.668  37.596585    41.6700     1.7487     0.3408    12.7746 4.9206e+02    20.9905     -0.306     -0.444    27.6303 0.0000e+00
     -0.363     -0.223     9.7832    125.649     34.874  36.761164    41.6700     1.7525     0.3408    12.7746 5.9666e+02    21.2020     -0.356     -0.516    27.6552 0.0000e+00
     -0.414     -0.231     9.8154    125.406     33.537  35.350993    41.6700     1.7411     0.4260    12.9861 5.3210e+02    21.1718     -0.406     -0.589    27.6739 0.0000e+00
     -0.463     -0.235     9.8521    124.863     31.295  32.986040    41.6700     1.7296     0.4260    12.9861 6.1536e+02    21.0661     -0.454     -0.659    27.6876 0.0000e+00
     -0.508     -0.235     9.8797    124.225     28.355  29.884134    41.6700     0.9056     0.4260    12.9861 6.2601e+02     9.6305     -0.498     -0.723    27.6954 0.0000e+00
     -0.547     -0.235     9.8870    123.921     26.817  28.262387    41.6700     0.9514     0.4260    12.9861 6.2901e+02     9.7060     -0.537     -0.778    27.6968 0.0000e+00
     -0.579 -9.990e-29     9.8685 -9.990e-29 -9.990e-29 -9.990e-29    24.5700 -9.990e-29     0.0426     7.5717 6.0818e+02 -9.990e-29     -0.567     -0.823    27.6936 0.0000e+00
     -0.601 -9.990e-29     9.8268 -9.990e-29 -9.990e-29 -9.990e-29    24.5700 -9.990e-29     0.0426     7.5717 2.9929e+02 -9.990e-29     -0.590     -0.855    27.6875 0.0000e+00
     -0.615 -9.990e-29     9.7779 -9.990e-29 -9.990e-29 -9.990e-29    24.5700 -9.990e-29     0.0426     7.5717 2.0449e+02 -9.990e-29     -0.603     -0.875    27.6801 0.0000e+00
     -0.619 -9.990e-29     9.7547 -9.990e-29 -9.990e-29 -9.990e-29    24.5700 -9.990e-29     0.0426     7.5717 1.5724e+02 -9.990e-29     -0.607     -0.881    27.6764 0.0000e+00
