Data/DataNotYetUploadedToEDI/Raw_CTD/RawDownloads/062424_fcr20_S7809003.cnv
* Sea-Bird SBE19plus  Data File:
* FileName = C:\R\Reservoirs\Data\DataNotYetUploadedToEDI\Raw_CTD\RawDownloads\062424_fcr50_S7809_0003.hex
* Software version 2.8.0.119
* Temperature SN = 7809
* Conductivity SN = 7809
* System UpLoad Time = Jun 26 2024 15:02:54
* <ApplicationData>
* <Seaterm232>
# nquan = 15
# nvalues = 1089                        
# units = specified
# name 0 = depFM: Depth [fresh water, m]
# name 1 = dz/dtM: Descent Rate [m/s]
# name 2 = sbeox0Mg/L: Oxygen, SBE 43 [mg/l]
# name 3 = sbeox0PS: Oxygen, SBE 43 [% saturation]
# name 4 = specc: Specific Conductance [uS/cm]
# name 5 = c0uS/cm: Conductivity [uS/cm]
# name 6 = flECO-AFL: Fluorescence, WET Labs ECO-AFL/FL [mg/m^3]
# name 7 = ph: pH
# name 8 = orp: Oxidation Reduction Potential [mV]
# name 9 = par/sat/log: PAR/Logarithmic, Satlantic
# name 10 = turbWETntu0: Turbidity, WET Labs ECO [NTU]
# name 11 = prdM: Pressure, Strain Gauge [db]
# name 12 = prdE: Pressure, Strain Gauge [psi]
# name 13 = tv290C: Temperature [ITS-90, deg C]
# name 14 = flag:  0.000e+00
# span 0 =     -0.700,      3.257       
# span 1 =     -0.394,      0.230       
# span 2 =    -0.1540,    15.9610       
# span 3 =     -1.530,    196.845       
# span 4 =      1.509,     96.690       
# span 5 =   1.482888,  82.264297       
# span 6 =    -0.1327,    37.2963       
# span 7 =      8.897,     10.840       
# span 8 =  -195.2374,   162.1713       
# span 9 = 2.6939e+00, 2.7772e+03       
# span 10 =    -5.5423,   931.6411      
# span 11 =     -0.687,      3.195      
# span 12 =     -0.996,      4.633      
# span 13 =    16.1031,    27.9655      
# span 14 = 0.0000e+00, 0.0000e+00      
# interval = seconds: 0.25
# start_time = Jun 24 2024 12:42:05 [Instrument's time stamp, header]
# bad_flag = -9.990e-29
*END*
[from data line 675]
      3.072      0.037     0.1386      1.456     96.302  81.501753     2.6280      9.586  -124.8179 3.1913e+00     4.9323      3.015      4.372    17.5129 0.0000e+00
      3.082      0.034     0.1393      1.427     95.507  80.680351     2.6001      9.581  -125.6121 3.1671e+00     4.9388      3.024      4.386    17.5319 0.0000e+00
      3.090      0.031     0.1400      1.412     94.846  79.919746     2.5349      9.576  -126.4856 3.1616e+00     4.9566      3.030      4.394    17.4708 0.0000e+00
      3.095      0.028     0.1409      1.416     94.817  79.681639     2.4975      9.572  -127.3783 3.1652e+00     4.9425      3.035      4.402    17.3718 0.0000e+00
      3.101      0.026     0.1413      1.396     95.198  79.836027     2.4890      9.568  -128.1458 3.1613e+00     4.9050      3.040      4.410    17.3123 0.0000e+00
      3.107      0.026     0.1362      1.366     95.453  79.942151     2.4560      9.563  -128.7092 3.1505e+00     4.9810      3.048      4.421    17.2505 0.0000e+00
      3.115      0.026     0.1346      1.378     95.526  79.947231     2.4069      9.557  -129.3719 3.1393e+00     5.1441      3.055      4.430    17.1291 0.0000e+00
      3.122      0.026     0.1383      1.405     95.564  79.960965     2.3945      9.551  -130.1359 3.1307e+00     5.2370      3.062      4.441    17.0014 0.0000e+00
      3.129      0.026     0.1365      1.384     95.434  79.853830     2.4231      9.546  -130.8925 3.1275e+00     5.2500      3.069      4.451    16.9177 0.0000e+00
      3.136      0.025     0.1294      1.330     95.044  79.542105     2.6362      9.541  -131.6370 3.1224e+00     5.0967      3.075      4.460    16.8610 0.0000e+00
      3.142      0.024     0.1326      1.294     94.822  79.371372     3.0157      9.536  -132.2534 3.1174e+00     4.7841      3.081      4.469    16.8337 0.0000e+00
      3.148      0.022     0.1390      1.275     94.992  79.506415     3.2238      9.531  -132.8394 3.1172e+00     4.6130      3.087      4.477    16.8305 0.0000e+00
      3.153      0.020     0.1357      1.258     95.124  79.585203     3.2703      9.525  -133.5596 3.1077e+00     4.5995      3.093      4.486    16.8306 0.0000e+00
      3.158      0.018     0.1276      1.231     95.069  79.497313     3.5540      9.520  -134.5080 3.0957e+00     4.3134      3.098      4.492    16.8393 0.0000e+00
      3.162      0.016     0.1247      1.184     95.074  79.461097     4.0735      9.516  -135.6164 3.0899e+00     3.7154      3.101      4.498    16.8542 0.0000e+00
      3.166      0.014     0.1241      1.145     95.189  79.528802     4.3590      9.512  -136.6363 3.0727e+00     3.3482      3.106      4.505    16.8510 0.0000e+00
      3.170      0.013     0.1217      1.120     95.222  79.552825     4.3832      9.507  -137.4619 3.0628e+00     3.2549      3.109      4.509    16.8296 0.0000e+00
      3.172      0.012     0.1214      1.088     95.137  79.497206     4.4581      9.502  -138.2852 3.0710e+00     3.2023      3.110      4.511    16.8057 0.0000e+00
      3.175      0.012     0.1139      1.074     95.120  79.492219     5.4566      9.498  -139.2770 3.0641e+00     3.2924      3.114      4.516    16.7838 0.0000e+00
      3.179      0.012     0.1102      1.075     95.250  79.619712     7.3161      9.495  -140.2475 3.0625e+00     3.5246      3.117      4.521    16.7640 0.0000e+00
      3.181      0.012     0.1104      1.072     95.423  79.830548     8.3564      9.490  -141.0712 3.0775e+00     3.7219      3.120      4.526    16.7629 0.0000e+00
      3.184      0.012     0.1040      1.064     95.420  79.943068     8.6291      9.484  -141.8374 3.0755e+00     3.9351      3.122      4.529    16.7800 0.0000e+00
      3.187      0.013     0.1037      1.059     95.160  79.835737    10.5058      9.478  -142.5428 3.0674e+00     5.4883      3.126      4.534    16.7819 0.0000e+00
      3.190      0.015     0.1047      1.058     94.921  79.677567    13.9258      9.473  -143.2330 3.0623e+00     8.3258      3.128      4.537    16.7793 0.0000e+00
      3.194      0.016     0.1041      1.055     94.892  79.620420    15.8307      9.469  -143.9882 3.0542e+00     9.9578      3.131      4.542    16.8148 0.0000e+00
      3.199      0.017     0.1032      1.052     94.908  79.589849    16.4417      9.466  -144.7037 3.0370e+00    10.7717      3.137      4.549    16.8862 0.0000e+00
      3.204      0.017     0.1022      1.048     94.883  79.562233    21.4048      9.461  -145.2587 3.0123e+00    17.9621      3.142      4.557    16.9588 0.0000e+00
      3.209      0.016     0.1025      1.045     94.863  79.540862    30.5035      9.456  -145.7947 2.9950e+00    31.1730      3.147      4.564    16.9860 0.0000e+00
      3.213      0.016     0.1017      1.043     94.839  79.458640    35.4326      9.452  -146.3658 2.9914e+00    38.5114      3.151      4.570    16.9498 0.0000e+00
      3.216      0.015     0.1020      1.037     94.841  79.331075    35.3243      9.448  -146.8298 2.9945e+00    39.8062      3.154      4.575    16.9137 0.0000e+00
      3.219      0.014     0.1014      1.029     94.861  79.206481    29.0780      9.446  -147.2749 2.9810e+00    46.4177      3.157      4.578    16.9206 0.0000e+00
      3.222      0.014     0.1007      1.031     94.860  79.096575    17.5463      9.443  -147.7906 2.9529e+00    58.4667      3.159      4.582    16.9346 0.0000e+00
      3.226      0.013     0.1013      1.050     94.972  79.083061    11.2377      9.440  -148.3324 2.9398e+00    64.9076      3.164      4.589    16.9026 0.0000e+00
      3.230      0.013     0.1006      1.062     95.250  79.170123    10.4377      9.437  -148.9214 2.9434e+00    64.0699      3.168      4.594    16.8215 0.0000e+00
      3.233      0.013     0.0998      1.045     95.495  79.258828     7.7417      9.433  -149.4915 2.9466e+00    48.2361      3.171      4.599    16.7336 0.0000e+00
      3.237      0.012     0.0993      1.021     95.604  79.328807     2.8690      9.429  -149.9772 2.9432e+00    19.0497      3.174      4.605    16.6844 0.0000e+00
      3.239      0.010     0.1021      0.995     95.628  79.380339     0.2118      9.426  -150.4060 2.9332e+00     3.1070      3.177      4.608    16.6468 0.0000e+00
      3.242      0.009     0.1058      0.973     95.639  79.436834    -0.0330      9.423  -150.8041 2.9256e+00     1.5738      3.179      4.611    16.5504 0.0000e+00
      3.244      0.008     0.1013      0.966     95.616  79.503234    -0.0660      9.419  -151.2628 2.9293e+00     0.9559      3.181      4.614    16.4677 0.0000e+00
      3.246      0.007     0.1001      0.956     95.487  79.547395    -0.0695      9.415  -151.7365 2.9351e+00     0.1458      3.184      4.617    16.4783 0.0000e+00
      3.248      0.006     0.0973      0.955     95.308  79.589439    -0.0598      9.411  -152.1445 2.9329e+00    -0.2618      3.185      4.619    16.5015 0.0000e+00
      3.249      0.005     0.0935      0.985     95.203  79.630301    -0.0487      9.407  -152.5817 2.9322e+00    -0.2503      3.185      4.620    16.5181 0.0000e+00
      3.250      0.004     0.0951      1.016     95.208  79.660088    -0.0428      9.404  -152.9792 2.9327e+00    -0.1934      3.187      4.622    16.5576 0.0000e+00
      3.251      0.004     0.0931      1.027     95.253  79.695268    -0.0381      9.400  -153.2504 2.9305e+00    -0.1885      3.188      4.624    16.6345 0.0000e+00
      3.252      0.003     0.0906      1.029     95.258  79.737698    -0.0416      9.397  -153.4515 2.9280e+00    -0.2589      3.189      4.625    16.7666 0.0000e+00
      3.252      0.003     0.0958      1.020     95.241  79.791621    -0.0606      9.394  -153.6901 2.9167e+00    -0.3274      3.189      4.625    16.8437 0.0000e+00
      3.253      0.002     0.0999      1.004     95.240  79.838628    -0.0681      9.391  -154.0697 2.9082e+00    -0.3335      3.190      4.627    16.8341 0.0000e+00
      3.254      0.002     0.0991      0.989     95.261  79.860993    -0.0577      9.388  -154.4279 2.9109e+00    -0.2643      3.191      4.628    16.8172 0.0000e+00
      3.254      0.002     0.1006      0.981     95.302  79.871268    -0.0430      9.384  -154.6656 2.9135e+00    -0.1734      3.191      4.628    16.8421 0.0000e+00
      3.254      0.002     0.0987      0.973     95.296  79.835658    -0.0323      9.381  -154.8790 2.9139e+00    -0.1578      3.192      4.629    16.8913 0.0000e+00
      3.255      0.001     0.0973      0.965     95.263  79.748348    -0.0353      9.380  -155.1155 2.9143e+00    -0.2119      3.192      4.629    16.9194 0.0000e+00
      3.255      0.001     0.0952      0.958     95.355  79.705777    -0.0549      9.377  -155.3739 2.9051e+00    -0.2814      3.193      4.630    16.9207 0.0000e+00
      3.255      0.001     0.0951      0.958     95.598  79.765903    -0.0699      9.374  -155.5944 2.8839e+00    -0.3147      3.192      4.630    16.8969 0.0000e+00
      3.255      0.001     0.0943      0.960     95.783  79.839256    -0.0663      9.371  -155.8029 2.8581e+00    -0.2729      3.193      4.630    16.8883 0.0000e+00
      3.255      0.000     0.0934      0.956     95.737  79.829503    -0.0619      9.368  -156.0015 2.8415e+00    -0.2195      3.193      4.630    16.8694 0.0000e+00
      3.256 1.8629e-08     0.0928      0.953     95.550  79.775201    -0.0574      9.364  -156.1891 2.8474e+00    -0.2165      3.193      4.631    16.7956 0.0000e+00
      3.256 2.0492e-07     0.0929      0.954     95.420  79.755141    -0.0452      9.362  -156.5225 2.8514e+00    -0.2357      3.193      4.631    16.7037 0.0000e+00
      3.255 2.0492e-07     0.0940      0.951     95.381  79.777841    -0.0395      9.359  -156.9347 2.8385e+00    -0.2477      3.193      4.629    16.6480 0.0000e+00
      3.255 1.8629e-08     0.0927      0.946     95.340  79.795365    -0.0475      9.355  -157.2151 2.8317e+00    -0.2590      3.192      4.630    16.6713 0.0000e+00
      3.255 1.6961e-09     0.0924      0.954     95.295  79.776322    -0.0578      9.352  -157.4173 2.8402e+00    -0.2690      3.193      4.631    16.7480 0.0000e+00
      3.255 1.8193e-10     0.0926      0.962     95.321  79.738390    -0.0643      9.350  -157.6590 2.8382e+00    -0.2318      3.193      4.630    16.7984 0.0000e+00
      3.256 3.2166e-10     0.0929      0.956     95.431  79.718190    -0.0596      9.349  -157.9860 2.8156e+00    -0.1849      3.193      4.631    16.8116 0.0000e+00
      3.256 3.3856e-09     0.0906      0.943     95.574  79.722711    -0.0436      9.346  -158.3605 2.7989e+00    -0.1801      3.193      4.631    16.8478 0.0000e+00
      3.256 3.7227e-08     0.0925      0.937     95.686  79.729310    -0.0451      9.344  -158.6594 2.7997e+00    -0.2085      3.193      4.631    16.8741 0.0000e+00
      3.256 4.0950e-07     0.0942      0.942     95.746  79.734282    -0.0607      9.341  -158.9327 2.8016e+00    -0.2548      3.193      4.630    16.8319 0.0000e+00
      3.256      0.000     0.0929      0.953     95.749  79.719192    -0.0658      9.338  -159.2565 2.7968e+00    -0.2954      3.193      4.631    16.7620 0.0000e+00
      3.256      0.000     0.0914      0.955     95.727  79.674017    -0.0647      9.336  -159.5628 2.7946e+00    -0.2901      3.193      4.631    16.6988 0.0000e+00
      3.256      0.001     0.0905      0.943     95.746  79.633158    -0.0558      9.335  -159.8825 2.7955e+00    -0.2243      3.193      4.631    16.6487 0.0000e+00
      3.256      0.001     0.0916      0.947     95.792  79.606632    -0.0423      9.333  -160.1967 2.7854e+00    -0.1833      3.193      4.631    16.6276 0.0000e+00
      3.256      0.001     0.0929      0.964     95.826  79.607557    -0.0422      9.331  -160.6939 2.7705e+00    -0.2043      3.194      4.632    16.6283 0.0000e+00
      3.257      0.000     0.0943      0.969     95.822  79.644307    -0.0469      9.328  -161.3344 2.7651e+00    -0.2394      3.194      4.632    16.6184 0.0000e+00
      3.257 1.8614e-08     0.0909      0.965     95.746  79.669502    -0.0490      9.324  -161.5740 2.7580e+00    -0.2666      3.194      4.633    16.5850 0.0000e+00
      3.257 2.0475e-07     0.0915      0.955     95.626  79.657943    -0.0588      9.322  -161.6122 2.7531e+00    -0.2596      3.194      4.632    16.5406 0.0000e+00
      3.256 2.0475e-07     0.0954      0.948     95.511  79.631841    -0.0659      9.319  -161.7962 2.7546e+00    -0.2223      3.194      4.632    16.5187 0.0000e+00
      3.256 1.8610e-08     0.0942      0.947     95.403  79.608344    -0.0596      9.316  -161.9920 2.7440e+00    -0.1922      3.194      4.632    16.5435 0.0000e+00
      3.257 1.6582e-09     0.0946      0.948     95.361  79.628277    -0.0495      9.315  -162.1724 2.7291e+00    -0.1685      3.194      4.633    16.6026 0.0000e+00
      3.257 -2.193e-10     0.0926      0.952     95.435  79.682157    -0.0519      9.313  -162.4286 2.7283e+00    -0.1752      3.194      4.632    16.6536 0.0000e+00
      3.257 -4.090e-09     0.0919      0.950     95.563  79.687500    -0.0629      9.311  -162.7676 2.7287e+00    -0.2392      3.194      4.633    16.6814 0.0000e+00
      3.257 -4.515e-08     0.0923      0.936     95.680  79.629157    -0.0744      9.310  -163.0867 2.7220e+00    -0.3273      3.195      4.633    16.7180 0.0000e+00
      3.257 -4.966e-07     0.0916      0.928     95.760  79.548836    -0.0829      9.309  -163.3624 2.7223e+00    -0.3520      3.195      4.633    16.7591 0.0000e+00
      3.257      0.000     0.0926      0.927     95.810  79.479225    -0.0740      9.307  -163.6050 2.7224e+00    -0.2648      3.194      4.633    16.7639 0.0000e+00
      3.257      0.000     0.0932      0.931     95.838  79.423249    -0.0505      9.305  -163.9545 2.7180e+00    -0.1603      3.194      4.632    16.7017 0.0000e+00
      3.257     -0.001     0.0905      0.941     95.832  79.380631    -0.0325      9.303  -164.4912 2.7100e+00    -0.1482      3.194      4.632    16.6023 0.0000e+00
      3.257     -0.002     0.0903      0.931     95.744  79.345406    -0.0308      9.301  -165.0184 2.6947e+00    -0.1865      3.195      4.633    16.5243 0.0000e+00
      3.257     -0.005     0.0911      0.908     95.504  79.251754    -0.0468      9.299  -165.5106 2.6939e+00    -0.2138      3.194      4.632    16.4676 0.0000e+00
      3.256     -0.010     0.0897      0.903     95.195  79.075067    -0.0588      9.297  -166.0542 2.7050e+00    -0.2052      3.194      4.633    16.4274 0.0000e+00
      3.255     -0.018     0.0938      0.914     95.151  79.053221    -0.0521      9.296  -166.5140 2.7195e+00    -0.1164      3.193      4.630    16.3978 0.0000e+00
      3.251     -0.027     0.0916      0.922     95.406  79.305547     0.0345      9.294  -166.8550 2.7468e+00     0.8932      3.190      4.625    16.4118 0.0000e+00
      3.245     -0.034     0.0877      0.923     95.504  79.518889     0.9876      9.291  -167.1660 2.7813e+00    12.5155      3.184      4.618    16.4957 0.0000e+00
      3.233     -0.036     0.0874      0.916     95.278  79.470925     2.7255      9.288  -167.4343 2.8368e+00    33.8990      3.173      4.603    16.5518 0.0000e+00
      3.216     -0.032     0.0896      0.896     94.893  79.170920     3.6519      9.285  -167.6048 2.8984e+00    45.5327      3.153      4.574    16.5295 0.0000e+00
      3.201     -0.024     0.0905      0.889     94.542  78.753004     3.6486      9.284  -167.7642 2.9172e+00    46.3947      3.135      4.547    16.5320 0.0000e+00
      3.196     -0.013     0.0895      0.899     94.446  78.487300     2.9941      9.282  -168.0711 2.9107e+00    45.2777      3.132      4.543    16.6234 0.0000e+00
      3.199     -0.003     0.0904      0.898     94.575  78.437930     1.8220      9.279  -168.3906 2.9001e+00    43.1974      3.135      4.547    16.7280 0.0000e+00
      3.205      0.007     0.0861      0.896     94.660  78.410221     1.1960      9.276  -168.5287 2.8756e+00    42.0107      3.142      4.557    16.7463 0.0000e+00
      3.211      0.013     0.0853      0.896     94.645  78.342910     1.1350      9.274  -168.6236 2.8521e+00    41.0058      3.151      4.570    16.6543 0.0000e+00
