Data/DataNotYetUploadedToEDI/Raw_CTD/RawDownloads/062424_fcr40_S7809005.cnv
* Sea-Bird SBE19plus  Data File:
* FileName = C:\R\Reservoirs\Data\DataNotYetUploadedToEDI\Raw_CTD\RawDownloads\062424_fcr50_S7809_0005.hex
* Software version 2.8.0.119
* Temperature SN = 7809
* Conductivity SN = 7809
* System UpLoad Time = Jun 26 2024 15:04:20
* <ApplicationData>
* <Seaterm232>
# nquan = 15
# nvalues = 1870                        
# units = specified
# name 0 = depFM: Depth [fresh water, m]
# name 1 = dz/dtM: Descent Rate [m/s]
# name 2 = sbeox0Mg/L: Oxygen, SBE 43 [mg/l]
# name 3 = sbeox0PS: Oxygen, SBE 43 [% saturation]
# name 4 = specc: Specific Conductance [uS/cm]
# name 5 = c0uS/cm: Conductivity [uS/cm]
# name 6 = flECO-AFL: Fluorescence, WET Labs ECO-AFL/FL [mg/m^3]
# name 7 = ph: pH
# name 8 = orp: Oxidation Reduction Potential [mV]
# name 9 = par/sat/log: PAR/Logarithmic, Satlantic
# name 10 = turbWETntu0: Turbidity, WET Labs ECO [NTU]
# name 11 = prdM: Pressure, Strain Gauge [db]
# name 12 = prdE: Pressure, Strain Gauge [psi]
# name 13 = tv290C: Temperature [ITS-90, deg C]
# name 14 = flag:  0.000e+00
# span 0 =     -0.695,      6.067       
# span 1 =     -0.306,      0.185       
# span 2 =     0.2472,    16.2232       
# span 3 =      2.553,    198.119       
# span 4 =      1.524,     50.832       
# span 5 =   1.429197,  51.737113       
# span 6 =    -1.7706,    27.0468       
# span 7 =      8.258,     10.876       
# span 8 =  -208.1421,   242.7535       
# span 9 = 1.2356e-01, 2.6289e+03       
# span 10 =    -0.3319,   324.3922      
# span 11 =     -0.681,      5.952      
# span 12 =     -0.988,      8.632      
# span 13 =    11.5065,    28.1516      
# span 14 = 0.0000e+00, 0.0000e+00      
# interval = seconds: 0.25
# start_time = Jun 24 2024 13:10:15 [Instrument's time stamp, header]
# bad_flag = -9.990e-29
*END*
[from data line 1254]
      5.986      0.003     7.4394     68.508     49.955  36.608858     5.0358      9.093   240.0107 1.2379e-01   252.2681      5.870      8.514    11.6319 0.0000e+00
      5.987      0.003     7.4346     68.541     49.959  36.616380     5.0081      9.091   240.3653 1.2379e-01   247.6187      5.871      8.516    11.6335 0.0000e+00
      5.988      0.003     7.4380     68.555     49.929  36.605639     4.5283      9.091   240.7442 1.2378e-01   209.0227      5.872      8.517    11.6360 0.0000e+00
      5.989      0.004     7.4398     68.556     49.911  36.605900     3.6621      9.091   241.3227 1.2375e-01   138.5414      5.873      8.518    11.6374 0.0000e+00
      5.990      0.004     7.4425     68.529     49.917  36.619550     3.1908      9.091   241.9386 1.2372e-01   100.0426      5.874      8.519    11.6377 0.0000e+00
      5.991      0.005     7.4487     68.469     49.944  36.643788     3.0916      9.089   242.3403 1.2374e-01    94.9351      5.874      8.520    11.6399 0.0000e+00
      5.992      0.006     7.4454     68.405     49.942  36.645149     2.4629      9.089   242.5659 1.2376e-01    76.3770      5.876      8.523    11.6534 0.0000e+00
      5.994      0.008     7.4440     68.347     49.926  36.636018     1.3151      9.090   242.6875 1.2373e-01    42.9021      5.878      8.525    11.6714 0.0000e+00
      5.995      0.011     7.4409     68.294     49.953  36.660291     0.6921      9.090   242.6060 1.2369e-01    24.6484      5.879      8.527    11.6788 0.0000e+00
      5.997      0.013     7.4307     68.237     49.984  36.684825     0.6475      9.091   242.3551 1.2371e-01    23.0198      5.880      8.529    11.6819 0.0000e+00
      6.002      0.015     7.4243     68.189     49.986  36.678838     0.6174      9.091   242.0634 1.2373e-01    22.8352      5.884      8.535    11.6861 0.0000e+00
      6.008      0.015     7.4169     68.167     50.056  36.714803     0.5443      9.090   241.7462 1.2373e-01    22.6548      5.892      8.546    11.6859 0.0000e+00
      6.014      0.014     7.4114     68.136     50.287  36.865831     0.5040      9.090   241.4446 1.2377e-01    22.5468      5.899      8.555    11.6925 0.0000e+00
      6.018      0.013     7.4043     68.089     50.553  37.045426     0.5212      9.090   241.2564 1.2376e-01    22.6578      5.902      8.559    11.6977 0.0000e+00
      6.020      0.010     7.3973     68.038     50.658  37.109504     0.5867      9.089   241.1908 1.2370e-01    23.9273      5.904      8.563    11.6892 0.0000e+00
      6.022      0.007     7.4022     67.977     50.618  37.069475     0.6637      9.087   241.1681 1.2370e-01    26.1793      5.905      8.565    11.6718 0.0000e+00
      6.022      0.005     7.4011     67.897     50.542  37.005620     0.6865      9.086   241.1549 1.2370e-01    27.3415      5.906      8.565    11.6516 0.0000e+00
      6.023      0.005     7.3976     67.778     50.499  36.971990     0.6866      9.084   241.2027 1.2365e-01    27.4595      5.907      8.567    11.6369 0.0000e+00
      6.024      0.004     7.3954     67.604     50.507  36.980128     0.6991      9.082   241.2297 1.2364e-01    27.9805      5.909      8.570    11.6242 0.0000e+00
      6.026      0.004     7.3904     67.403     50.502  36.977116     0.7796      9.079   241.1376 1.2364e-01    33.6750      5.910      8.572    11.6126 0.0000e+00
      6.027      0.004     7.3843     67.211     50.448  36.935563     0.9274      9.077   241.1209 1.2367e-01    44.1164      5.910      8.572    11.6035 0.0000e+00
      6.028      0.004     7.3726     67.032     50.349  36.858441     1.0123      9.075   241.2856 1.2374e-01    49.7325      5.912      8.573    11.6019 0.0000e+00
      6.028      0.003     7.3516     66.880     50.282  36.806102     1.0234      9.074   241.4950 1.2379e-01    49.7586      5.912      8.574    11.6077 0.0000e+00
      6.029      0.003     7.3272     66.792     50.285  36.810374     0.9708      9.071   241.5870 1.2377e-01    44.7745      5.913      8.575    11.6079 0.0000e+00
      6.030      0.003     7.3076     66.780     50.243  36.783179     0.8758      9.068   241.6240 1.2368e-01    35.5513      5.914      8.577    11.6058 0.0000e+00
      6.031      0.003     7.2886     66.827     50.169  36.731115     0.8228      9.066   241.7705 1.2361e-01    30.4714      5.914      8.578    11.6009 0.0000e+00
      6.032      0.003     7.2710     66.920     50.109  36.688520     0.7973      9.066   241.8959 1.2360e-01    29.7759      5.915      8.578    11.5944 0.0000e+00
      6.033      0.003     7.2601     67.038     50.053  36.648893     0.7498      9.065   241.9352 1.2365e-01    27.9619      5.916      8.580    11.5984 0.0000e+00
      6.033      0.003     7.2596     67.179     50.031  36.632723     0.6908      9.062   242.0732 1.2375e-01    24.7997      5.916      8.581    11.6033 0.0000e+00
      6.034      0.003     7.2639     67.343     50.018  36.619915     0.6653      9.057   242.2743 1.2380e-01    23.0710      5.918      8.582    11.6042 0.0000e+00
      6.035      0.004     7.2758     67.504     50.023  36.620933     0.6495      9.052   242.3876 1.2378e-01    22.8765      5.919      8.584    11.6060 0.0000e+00
      6.035      0.004     7.2880     67.664     50.059  36.645035     0.6075      9.047   242.4975 1.2378e-01    22.7554      5.918      8.584    11.6080 0.0000e+00
      6.036      0.005     7.3019     67.828     50.077  36.657514     0.5820      9.041   242.6559 1.2376e-01    22.6308      5.919      8.585    11.6082 0.0000e+00
      6.038      0.005     7.3238     67.999     50.061  36.644903     0.5911      9.034   242.7535 1.2371e-01    22.6000      5.922      8.589    11.6047 0.0000e+00
      6.040      0.005     7.3396     68.174     50.026  36.619464     0.6021      9.027   242.7314 1.2375e-01    22.6223      5.924      8.591    11.6005 0.0000e+00
      6.041      0.005     7.3586     68.343     50.005  36.603743     0.5977      9.019   242.1309 1.2380e-01    22.5248      5.924      8.593    11.5987 0.0000e+00
      6.043      0.005     7.3756     68.470     49.975  36.581723     0.5882      9.011   234.2020 1.2379e-01    22.3429      5.926      8.595    11.5984 0.0000e+00
      6.044      0.004     7.3946     68.503     49.924  36.543588     0.5868      9.002   210.8772 1.2373e-01    22.2669      5.927      8.596    11.5980 0.0000e+00
      6.044      0.004     7.4143     68.498     49.898  36.523383     0.5980      8.993   179.1691 1.2368e-01    22.2214      5.927      8.597    11.5975 0.0000e+00
      6.045      0.004     7.4323     68.507     49.906  36.527789     0.6064      8.982   150.3241 1.2370e-01    22.1349      5.928      8.598    11.5976 0.0000e+00
      6.047      0.003     7.4524     68.517     49.915  36.533400     0.5971      8.970   125.0506 1.2374e-01    22.0407      5.930      8.600    11.5979 0.0000e+00
      6.048      0.003     7.4503     68.511     49.908  36.527777     0.5776      8.957   101.3365 1.2373e-01    21.9364      5.931      8.602    11.5971 0.0000e+00
      6.048      0.003     7.4482     68.499     49.902  36.523250     0.5696      8.943    78.5243 1.2372e-01    21.8983      5.931      8.603    11.5950 0.0000e+00
      6.049      0.003     7.4511     68.480     49.929  36.542129     0.5840      8.928    56.9294 1.2372e-01    21.9213      5.932      8.604    11.5931 0.0000e+00
      6.049      0.002     7.4531     68.460     49.964  36.565676     0.6021      8.911    37.3507 1.2368e-01    21.9418      5.932      8.604    11.5921 0.0000e+00
      6.050      0.002     7.4516     68.441     49.949  36.554135     0.6050      8.892    20.5037 1.2366e-01    21.9073      5.933      8.605    11.5924 0.0000e+00
      6.050      0.003     7.4500     68.395     49.917  36.529487     0.5856      8.873     7.1568 1.2373e-01    21.8459      5.933      8.605    11.5924 0.0000e+00
      6.051      0.003     7.4491     68.326     49.907  36.521481     0.5758      8.855    -3.5708 1.2379e-01    21.8475      5.934      8.607    11.5911 0.0000e+00
      6.052      0.003     7.4447     68.245     49.910  36.520785     0.5947      8.838   -12.9251 1.2376e-01    21.7905      5.935      8.608    11.5891 0.0000e+00
      6.053      0.003     7.4472     68.160     49.916  36.521073     0.5979      8.821   -22.6587 1.2377e-01    21.6344      5.936      8.609    11.5883 0.0000e+00
      6.054      0.003     7.4398     68.085     49.926  36.524958     0.5805      8.804   -35.5638 1.2384e-01    21.5661      5.937      8.611    11.5878 0.0000e+00
      6.054      0.003     7.4328     68.010     49.903  36.504296     0.5676      8.786   -49.7091 1.2383e-01    21.5797      5.937      8.610    11.5867 0.0000e+00
      6.054      0.003     7.4245     67.935     49.846  36.461615     0.5753      8.770   -60.8445 1.2384e-01    21.7299      5.937      8.611    11.5845 0.0000e+00
      6.055      0.003     7.4139     67.881     49.832  36.453077     0.5986      8.755   -69.4481 1.2389e-01    21.9811      5.938      8.613    11.5804 0.0000e+00
      6.056      0.003     7.4086     67.869     49.842  36.464517     0.5999      8.741   -77.9327 1.2383e-01    22.0561      5.938      8.613    11.5760 0.0000e+00
      6.057      0.003     7.4001     67.878     49.849  36.473036     0.5832      8.727   -87.8894 1.2376e-01    22.0214      5.940      8.615    11.5716 0.0000e+00
      6.058      0.002     7.3925     67.891     49.872  36.492622     0.5887      8.712   -99.0624 1.2370e-01    22.0400      5.941      8.617    11.5703 0.0000e+00
      6.058      0.002     7.3836     67.923     49.893  36.510975     0.6240      8.699  -109.4329 1.2361e-01    22.0765      5.941      8.617    11.5733 0.0000e+00
      6.059      0.002     7.3837     67.976     49.879  36.504583     0.6514      8.686  -117.5174 1.2364e-01    22.0527      5.942      8.618    11.5771 0.0000e+00
      6.059      0.002     7.3853     68.060     49.840  36.478795     0.6540      8.674  -123.4196 1.2374e-01    21.9914      5.942      8.618    11.5810 0.0000e+00
      6.060      0.002     7.3839     68.174     49.805  36.452998     0.6476      8.663  -129.6883 1.2377e-01    21.9840      5.942      8.619    11.5831 0.0000e+00
      6.061      0.002     7.3885     68.273     49.801  36.446492     0.6405      8.653  -138.8492 1.2376e-01    21.9969      5.944      8.620    11.5855 0.0000e+00
      6.061      0.002     7.3924     68.334     49.830  36.463570     0.6426      8.644  -148.6598 1.2374e-01    21.9768      5.944      8.621    11.5908 0.0000e+00
      6.061      0.002     7.3998     68.366     49.842  36.469123     0.6490      8.635  -155.6428 1.2372e-01    21.9122      5.944      8.621    11.5945 0.0000e+00
      6.061      0.002     7.4158     68.382     49.817  36.450181     0.6427      8.627  -160.1281 1.2371e-01    21.8637      5.945      8.622    11.5934 0.0000e+00
      6.061      0.001     7.4280     68.392     49.784  36.424903     0.6417      8.619  -163.4844 1.2370e-01    21.9712      5.944      8.621    11.5891 0.0000e+00
      6.062      0.001     7.4342     68.394     49.779  36.417299     0.6525      8.611  -166.2828 1.2371e-01    22.1195      5.945      8.622    11.5842 0.0000e+00
      6.063      0.001     7.4385     68.394     49.790  36.421702     0.6573      8.605  -168.7539 1.2370e-01    22.1535      5.946      8.624    11.5813 0.0000e+00
      6.064      0.001     7.4387     68.393     49.784  36.414675     0.6578      8.600  -170.9057 1.2366e-01    22.1437      5.946      8.624    11.5826 0.0000e+00
      6.064      0.001     7.4413     68.378     49.760  36.395781     0.6503      8.594  -172.8546 1.2364e-01    22.1719      5.946      8.624    11.5812 0.0000e+00
      6.064      0.000     7.4416     68.353     49.744  36.383618     0.6502      8.588  -174.6797 1.2366e-01    22.2889      5.946      8.624    11.5755 0.0000e+00
      6.064 1.8628e-08     7.4416     68.330     49.761  36.394521     0.6642      8.584  -176.3676 1.2371e-01    22.3975      5.946      8.624    11.5714 0.0000e+00
      6.064 2.0491e-07     7.4440     68.320     49.772  36.400706     0.6697      8.579  -178.0336 1.2371e-01    22.4258      5.946      8.624    11.5689 0.0000e+00
      6.064 2.0491e-07     7.4409     68.321     49.768  36.394937     0.6586      8.574  -179.6809 1.2371e-01    22.4606      5.947      8.625    11.5687 0.0000e+00
      6.064 1.8628e-08     7.4386     68.317     49.764  36.388225     0.6383      8.569  -181.2284 1.2378e-01    22.5103      5.946      8.624    11.5688 0.0000e+00
      6.064 1.6962e-09     7.4353     68.302     49.764  36.382996     0.6322      8.565  -182.7189 1.2378e-01    22.5829      5.947      8.625    11.5673 0.0000e+00
      6.064 1.8443e-10     7.4345     68.279     49.788  36.395158     0.6434      8.561  -184.0229 1.2374e-01    22.6550      5.947      8.625    11.5650 0.0000e+00
      6.064 3.4930e-10     7.4364     68.248     49.813  36.408370     0.6489      8.558  -185.1210 1.2375e-01    22.5289      5.947      8.625    11.5620 0.0000e+00
      6.063 3.6897e-09     7.4366     68.193     49.828  36.415823     0.6401      8.555  -186.1018 1.2377e-01    22.2526      5.946      8.624    11.5581 0.0000e+00
      6.063 4.0572e-08     7.4359     68.124     49.838  36.421816     0.6286      8.551  -187.0191 1.2378e-01    22.0809      5.946      8.624    11.5527 0.0000e+00
      6.064 4.4629e-07     7.4336     68.072     49.833  36.417373     0.6350      8.548  -188.0384 1.2373e-01    22.0594      5.946      8.624    11.5466 0.0000e+00
      6.064      0.000     7.4333     68.042     49.845  36.425558     0.6427      8.545  -189.1345 1.2363e-01    22.0949      5.946      8.624    11.5414 0.0000e+00
      6.064      0.000     7.4263     68.004     49.888  36.457333     0.6133      8.540  -190.1189 1.2362e-01    22.1344      5.946      8.624    11.5385 0.0000e+00
      6.063      0.001     7.4183     67.971     50.013  36.547735     0.5783      8.535  -191.2507 1.2366e-01    22.1949      5.946      8.624    11.5373 0.0000e+00
      6.063      0.002     7.4114     67.964     50.213  36.693705     0.5779      8.532  -194.0440 1.2371e-01    22.2462      5.946      8.623    11.5362 0.0000e+00
      6.063      0.002     7.4114     67.955     50.223  36.699338     0.5919      8.529  -198.1663 1.2378e-01    22.3110      5.946      8.623    11.5363 0.0000e+00
      6.064      0.001     7.4057     67.920     50.112  36.615842     0.5976      8.525  -201.0841 1.2385e-01    22.4659      5.947      8.625    11.5367 0.0000e+00
      6.066     -0.003     7.4000     67.854     50.319  36.762873     0.5885      8.523  -202.5647 1.2386e-01    22.6504      5.949      8.628    11.5357 0.0000e+00
      6.067     -0.008     7.4029     67.754     50.586  36.954157     0.5730      8.521  -203.3352 1.2378e-01    22.7307      5.951      8.630    11.5344 0.0000e+00
      6.066     -0.012     7.4011     67.602     50.511  36.898077     0.5692      8.520  -203.7742 1.2378e-01    22.7541      5.952      8.632    11.5338 0.0000e+00
      6.060     -0.014     7.3993     67.402     50.352  36.782830     0.6010      8.519  -204.3453 1.2384e-01    22.9331      5.946      8.624    11.5324 0.0000e+00
      6.050     -0.014     7.3912     67.188     50.325  36.766367     0.6576      8.516  -205.0783 1.2379e-01    23.2214      5.932      8.603    11.5265 0.0000e+00
      6.043     -0.013     7.3838     66.979     50.403  36.825940     0.6707      8.512  -206.0123 1.2369e-01    23.3361      5.923      8.590    11.5217 0.0000e+00
      6.043     -0.010     7.3668     66.758     50.459  36.868580     0.6434      8.508  -207.2050 1.2368e-01    23.3301      5.927      8.595    11.5208 0.0000e+00
      6.045     -0.008     7.3431     66.523     50.331  36.774275     0.6348      8.507  -208.1421 1.2373e-01    23.8998      5.930      8.600    11.5219 0.0000e+00
