Data/DataNotYetUploadedToEDI/Raw_CTD/RawDownloads/062424_fcr10_S7809002.cnv
* Sea-Bird SBE19plus  Data File:
* FileName = C:\R\Reservoirs\Data\DataNotYetUploadedToEDI\Raw_CTD\RawDownloads\062424_fcr50_S7809_0002.hex
* Software version 2.8.0.119
* Temperature SN = 7809
* Conductivity SN = 7809
* System UpLoad Time = Jun 26 2024 15:02:24
* <ApplicationData>
* <Seaterm232>
# nquan = 15
# nvalues = 865                         
# units = specified
# name 0 = depFM: Depth [fresh water, m]
# name 1 = dz/dtM: Descent Rate [m/s]
# name 2 = sbeox0Mg/L: Oxygen, SBE 43 [mg/l]
# name 3 = sbeox0PS: Oxygen, SBE 43 [% saturation]
# name 4 = specc: Specific Conductance [uS/cm]
# name 5 = c0uS/cm: Conductivity [uS/cm]
# name 6 = flECO-AFL: Fluorescence, WET Labs ECO-AFL/FL [mg/m^3]
# name 7 = ph: pH
# name 8 = orp: Oxidation Reduction Potential [mV]
# name 9 = par/sat/log: PAR/Logarithmic, Satlantic
# name 10 = turbWETntu0: Turbidity, WET Labs ECO [NTU]
# name 11 = prdM: Pressure, Strain Gauge [db]
# name 12 = prdE: Pressure, Strain Gauge [psi]
# name 13 = tv290C: Temperature [ITS-90, deg C]
# name 14 = flag:  0.000e+00
# span 0 =     -0.705,      2.078       
# span 1 =     -0.400,      0.189       
# span 2 =     0.1292,    14.4712       
# span 3 =      1.483,    182.052       
# span 4 =      1.458,    109.600       
# span 5 =   1.470114, 101.400354       
# span 6 =    -0.2832,    57.5435       
# span 7 =     -2.063,     10.720       
# span 8 = -1240.7286,  1239.9427       
# span 9 = 4.1403e+00, 2.8438e+03       
# span 10 =   -11.8699,    55.4376      
# span 11 =     -0.693,      2.039      
# span 12 =     -1.004,      2.957      
# span 13 =    21.2048,    28.1449      
# span 14 = 0.0000e+00, 0.0000e+00      
# interval = seconds: 0.25
# start_time = Jun 24 2024 12:30:53 [Instrument's time stamp, header]
# bad_flag = -9.990e-29
*END*
[from data line 97]
     -0.096      0.003     9.6895    124.444     47.422  49.877540     3.4341     10.572    60.9240 9.1683e+01    13.4630     -0.088     -0.129    27.5747 0.0000e+00
     -0.100     -0.018     9.7473    125.428     47.433  49.892141     3.4389     10.573    61.5859 9.1678e+01    13.4950     -0.096     -0.140    27.5789 0.0000e+00
     -0.112     -0.041     9.7488    126.163     47.410  49.871221     3.3502     10.571    62.0273 9.3388e+01    13.5063     -0.109     -0.158    27.5840 0.0000e+00
     -0.128     -0.056     9.7456    126.113     47.414  49.878577     3.1843     10.566    62.2169 9.5833e+01    13.5661     -0.123     -0.179    27.5818 0.0000e+00
     -0.148     -0.060     9.7980    125.247     47.264  49.727117     3.1230     10.556    60.3503 1.0127e+02    13.7401     -0.145     -0.209    27.5816 0.0000e+00
     -0.172     -0.051     9.8964    123.840     46.923  49.373261     3.3495     10.546    57.4403 1.0895e+02    14.6527     -0.168     -0.244    27.5851 0.0000e+00
     -0.193     -0.035     9.9726    122.060     46.651  49.092182     5.7731     10.541    57.0602 1.1370e+02    23.9855     -0.194     -0.281    27.5877 0.0000e+00
     -0.202     -0.016     9.9664    119.935     46.495  48.931762    10.2124     10.540    59.1109 1.1354e+02    41.1498     -0.205     -0.297    27.5921 0.0000e+00
     -0.197      0.001     9.8855    117.621     46.399  48.830416    12.6298     10.541    62.0151 1.1333e+02    50.4998     -0.195     -0.283    27.5986 0.0000e+00
     -0.185      0.012     9.7690    115.438     46.392  48.819156    12.7038     10.541    63.8677 1.1272e+02    50.5097     -0.181     -0.263    27.6045 0.0000e+00
     -0.172      0.017     9.6301    113.624     46.436  48.859102    11.1316     10.542    63.6150 1.0827e+02    41.2017     -0.166     -0.241    27.6097 0.0000e+00
     -0.164      0.016     9.4580    112.249     46.449  48.868976     8.2277     10.545    62.5740 1.0631e+02    24.0385     -0.157     -0.227    27.6144 0.0000e+00
     -0.166      0.013     9.2639    111.304     46.335  48.748065     6.6414     10.547    62.2070 1.0870e+02    14.6768     -0.161     -0.234    27.6153 0.0000e+00
     -0.171      0.012     9.0859    110.702     46.140  48.539977     6.4830     10.547    63.2219 1.1041e+02    13.7839     -0.170     -0.247    27.6097 0.0000e+00
     -0.173      0.014     8.9435    110.248     46.057  48.448132     6.3959     10.543    64.9507 1.0898e+02    13.6531     -0.173     -0.251    27.6015 0.0000e+00
     -0.167      0.019     8.8362    109.789     46.135  48.526402     5.7961     10.538    65.8153 1.0580e+02    13.6417     -0.165     -0.240    27.5977 0.0000e+00
     -0.156      0.026     8.7628    109.346     46.144  48.534007     4.7323     10.535    65.6753 1.0435e+02    13.6806     -0.151     -0.219    27.5976 0.0000e+00
     -0.147      0.030     8.7229    109.002     45.910  48.286126     4.1628     10.535    65.2367 1.0257e+02    13.7471     -0.142     -0.206    27.5944 0.0000e+00
     -0.140      0.028     8.6935    108.722     45.644  48.005310     4.1955     10.536    65.0720 9.7448e+01    13.7630     -0.139     -0.201    27.5884 0.0000e+00
     -0.130      0.020     8.6563    108.402     45.578  47.932127     5.2864     10.538    65.7483 9.1789e+01    13.9060     -0.128     -0.185    27.5854 0.0000e+00
     -0.120      0.011     8.6171    108.015     45.684  48.036155     7.3316     10.540    66.5303 8.9718e+01    14.3155     -0.114     -0.165    27.5836 0.0000e+00
     -0.119      0.004     8.5924    107.650     45.831  48.183807     8.4657     10.541    66.6115 9.1853e+01    14.6148     -0.114     -0.164    27.5802 0.0000e+00
     -0.126     -0.002     8.5748    107.425     45.903  48.257162     8.6188     10.542    66.5586 9.5013e+01    14.6894     -0.124     -0.179    27.5803 0.0000e+00
     -0.132     -0.007     8.5499    107.289     45.933  48.288216     9.0826     10.544    66.5788 9.6738e+01    14.7739     -0.133     -0.192    27.5791 0.0000e+00
     -0.133     -0.010     8.5193    107.076     46.009  48.368816     9.9125     10.547    66.5120 9.6378e+01    14.9184     -0.131     -0.190    27.5676 0.0000e+00
     -0.132     -0.009     8.4856    106.744     46.166  48.533320    10.3559     10.552    66.5251 9.5495e+01    15.0017     -0.127     -0.184    27.5581 0.0000e+00
     -0.133     -0.006     8.4703    106.382     46.373  48.753490    10.2569     10.558    66.4791 9.7275e+01    14.9953     -0.129     -0.187    27.5568 0.0000e+00
     -0.138     -0.004     8.4668    106.122     46.540  48.935753     8.6059     10.563    66.4724 1.0011e+02    14.6373     -0.135     -0.196    27.5575 0.0000e+00
     -0.140     -0.004     8.4503    106.050     46.674  49.086333     5.5514     10.566    66.6154 1.0100e+02    13.8833     -0.139     -0.201    27.5576 0.0000e+00
     -0.140     -0.003     8.4214    106.151     46.871  49.304358     3.8704     10.567    66.6589 1.0057e+02    13.4276     -0.137     -0.199    27.5564 0.0000e+00
     -0.138     -0.001     8.3884    106.421     47.145  49.603675     3.6954     10.567    66.6547 1.0050e+02    13.3634     -0.135     -0.196    27.5581 0.0000e+00
     -0.138      0.002     8.3635    106.971     47.367  49.848255     3.5602     10.567    66.7368 1.0230e+02    13.4828     -0.135     -0.195    27.5660 0.0000e+00
     -0.139      0.005     8.3575    107.831     47.421  49.912359     3.3430     10.567    66.8763 1.0488e+02    13.7789     -0.136     -0.198    27.5773 0.0000e+00
     -0.140      0.008     8.3657    108.756     47.378  49.870822     3.2247     10.565    67.0516 1.0425e+02    13.9030     -0.139     -0.201    27.5891 0.0000e+00
     -0.138      0.010     8.3804    109.571     47.360  49.853981     3.2114     10.563    67.2218 1.0031e+02    13.8564     -0.137     -0.198    27.6015 0.0000e+00
     -0.132      0.010     8.4174    110.420     47.341  49.835724     3.2247     10.561    67.2996 9.8719e+01    13.9330     -0.130     -0.188    27.6138 0.0000e+00
     -0.127      0.009     8.4950    111.547     47.283  49.777064     3.4187     10.558    67.3036 1.0009e+02    14.8625     -0.124     -0.180    27.6218 0.0000e+00
     -0.123      0.007     8.5754    113.127     47.281  49.779665     3.7846     10.557    67.3556 1.0000e+02    16.6235     -0.120     -0.173    27.6249 0.0000e+00
     -0.122      0.004     8.6312    115.117     47.358  49.867179     4.0110     10.556    67.4991 9.8733e+01    17.5990     -0.118     -0.171    27.6262 0.0000e+00
     -0.124      0.000     8.6916    117.215     47.429  49.946292     4.2090     10.556    67.6620 9.7145e+01    17.6390     -0.121     -0.176    27.6272 0.0000e+00
     -0.126     -0.002     8.7739    119.031     47.453  49.974308     6.0867     10.555    67.6902 9.5490e+01    17.6879     -0.124     -0.180    27.6293 0.0000e+00
     -0.127     -0.004     8.8977    120.256     47.430  49.951957     9.5183     10.554    67.5825 9.4806e+01    17.8142     -0.125     -0.181    27.6351 0.0000e+00
     -0.127     -0.004     9.0638    120.778     47.408  49.930027    11.3925     10.554    67.5630 9.4166e+01    17.9023     -0.124     -0.180    27.6432 0.0000e+00
     -0.128     -0.004     9.2389    120.640     47.438  49.963128    11.5608     10.554    67.8000 9.4341e+01    17.8998     -0.124     -0.181    27.6484 0.0000e+00
     -0.129     -0.003     9.3920    119.965     47.443  49.971219    11.3696     10.554    68.1245 9.3426e+01    17.0666     -0.126     -0.184    27.6502 0.0000e+00
     -0.131     -0.003     9.4901    118.955     47.375  49.900874    10.9624     10.553    68.3028 9.0353e+01    15.4115     -0.128     -0.186    27.6516 0.0000e+00
     -0.131     -0.003     9.5291    117.850     47.351  49.874500    10.7158     10.552    68.3217 8.9163e+01    14.4550     -0.129     -0.187    27.6533 0.0000e+00
     -0.131     -0.003     9.5151    116.820     47.383  49.906307    10.5853     10.552    68.3526 9.1843e+01    14.3482     -0.129     -0.187    27.6556 0.0000e+00
     -0.131     -0.001     9.4554    116.004     47.383  49.904487     9.3670     10.552    68.5036 9.7026e+01    14.2919     -0.128     -0.185    27.6582 0.0000e+00
     -0.132      0.002     9.3682    115.518     47.332  49.852500     7.1057     10.551    68.6856 9.9055e+01    14.1844     -0.129     -0.187    27.6602 0.0000e+00
     -0.134      0.003     9.2766    115.328     47.146  49.658698     5.8751     10.547    69.0036 9.3373e+01    14.1070     -0.133     -0.193    27.6592 0.0000e+00
     -0.134      0.002     9.1945    115.318     46.903  49.402513     5.9152     10.543    69.5095 8.4759e+01    14.1414     -0.133     -0.193    27.6545 0.0000e+00
     -0.130      0.001     9.1234    115.248     46.922  49.421630     7.7153     10.540    69.8124 8.3480e+01    14.9071     -0.127     -0.184    27.6519 0.0000e+00
     -0.125      0.000     9.0890    114.946     47.124  49.635876    11.0514     10.539    69.8264 8.9857e+01    16.3296     -0.120     -0.175    27.6557 0.0000e+00
     -0.125      0.000     9.0746    114.590     47.190  49.707254    12.8854     10.539    69.8510 9.3052e+01    17.1304     -0.121     -0.176    27.6593 0.0000e+00
     -0.129      0.000     9.0806    114.316     47.073  49.586259    13.0600     10.541    69.8514 9.0614e+01    17.2101     -0.127     -0.184    27.6577 0.0000e+00
     -0.134      0.001     9.0871    114.043     46.754  49.252290    13.0134     10.545    69.9174 8.8828e+01    17.1571     -0.133     -0.192    27.6568 0.0000e+00
     -0.134      0.002     9.0498    113.600     46.305  48.780323    12.4796     10.547    70.2191 8.9210e+01    16.8988     -0.132     -0.193    27.6587 0.0000e+00
     -0.130      0.002     9.0188    112.835     45.932  48.387528    11.5412     10.549    70.4017 9.0158e+01    16.5132     -0.129     -0.187    27.6606 0.0000e+00
     -0.125      0.001     9.0001    111.760     45.683  48.121918    11.0382     10.551    70.3180 8.9438e+01    16.3550     -0.123     -0.178    27.6631 0.0000e+00
     -0.122     -0.002     8.9826    110.539     45.560  47.981369    10.8679     10.553    70.3256 8.9871e+01    16.2832     -0.118     -0.171    27.6662 0.0000e+00
     -0.124     -0.007     8.9541    109.349     45.551  47.957892     9.1826     10.557    70.5797 9.5249e+01    15.5089     -0.119     -0.173    27.6664 0.0000e+00
     -0.130     -0.010     8.8926    108.412     45.569  47.965012     6.0593     10.566    71.0675 1.0003e+02    14.1666     -0.126     -0.183    27.6676 0.0000e+00
     -0.137     -0.011     8.8026    108.039     45.554  47.940467     4.3412     10.578    71.3192 1.0009e+02    13.4443     -0.135     -0.196    27.6664 0.0000e+00
     -0.142     -0.010     8.7036    108.393     45.536  47.915057     4.2144     10.589    71.1284 1.0135e+02    13.4032     -0.141     -0.204    27.6510 0.0000e+00
     -0.144     -0.007     8.6091    109.388     45.537  47.911706     4.4774     10.598    71.0832 1.0579e+02    13.3956     -0.142     -0.206    27.6333 0.0000e+00
     -0.143     -0.003     8.5246    110.769     45.530  47.899943     4.9569     10.603    71.0305 1.0631e+02    13.2837     -0.140     -0.202    27.6215 0.0000e+00
     -0.141      0.001     8.4924    112.154     45.533  47.899808     5.2262     10.605    70.8360 1.0409e+02    13.2121     -0.138     -0.200    27.6125 0.0000e+00
     -0.140      0.003     8.5247    113.169     45.545  47.910070     5.4359     10.605    70.5384 1.0164e+02    13.4524     -0.138     -0.200    27.6056 0.0000e+00
     -0.139      0.004     8.6105    113.629     45.535  47.897049     7.7757     10.601    70.0131 9.8777e+01    16.4962     -0.137     -0.198    27.5998 0.0000e+00
     -0.139      0.004     8.7317    113.519     45.510  47.869337    12.0922     10.600    69.7331 9.9311e+01    22.1062     -0.136     -0.198    27.5958 0.0000e+00
     -0.139      0.004     8.8527    112.875     45.474  47.828945    14.4720     10.601    69.7351 1.0130e+02    25.1590     -0.136     -0.198    27.5929 0.0000e+00
     -0.138      0.003     8.9386    111.802     45.439  47.789584    14.9841     10.602    69.6929 1.0046e+02    25.3275     -0.135     -0.196    27.5902 0.0000e+00
     -0.136      0.001     8.9734    110.479     45.427  47.774344    18.3921     10.602    69.7387 9.6913e+01    24.4517     -0.132     -0.193    27.5878 0.0000e+00
     -0.135      0.001     8.9653    109.073     45.427  47.771645    24.6492     10.603    69.8577 9.5496e+01    22.9389     -0.131     -0.191    27.5859 0.0000e+00
     -0.135      0.001     8.9118    107.707     45.415  47.756953    28.0488     10.604    69.8419 9.7943e+01    22.1693     -0.131     -0.191    27.5836 0.0000e+00
     -0.137      0.001     8.8220    106.446     45.385  47.723665    28.1179     10.606    69.7194 9.9592e+01    21.9095     -0.134     -0.195    27.5807 0.0000e+00
     -0.138      0.002     8.7140    105.301     45.351  47.686600    25.5760     10.608    69.6674 9.9315e+01    19.4901     -0.136     -0.197    27.5767 0.0000e+00
     -0.136      0.002     8.5996    104.278     45.356  47.689711    20.8699     10.609    69.9014 9.8367e+01    15.0860     -0.134     -0.195    27.5732 0.0000e+00
     -0.134      0.002     8.4911    103.473     45.728  48.078708    18.3000     10.607    70.3112 9.5787e+01    12.7253     -0.132     -0.191    27.5712 0.0000e+00
     -0.132      0.001     8.3910    103.634     46.572  48.961559    18.0418     10.602    70.5797 9.3742e+01    12.5699     -0.130     -0.188    27.5701 0.0000e+00
     -0.132     -0.002     8.3029    107.443     47.260  49.666223    17.7144     10.598    70.7383 9.5029e+01    12.5243     -0.128     -0.186    27.5675 0.0000e+00
     -0.132     -0.004     8.2184    117.785     47.486  49.868794    14.4169     10.596    70.9382 1.0237e+02    12.3111     -0.127     -0.185    27.5665 0.0000e+00
     -0.135     -0.006     8.1511    133.226     47.601  49.950469     8.3932     10.595    71.1030 1.1198e+02    12.0410     -0.132     -0.191    27.5628 0.0000e+00
     -0.140     -0.006     8.0908    149.194     47.750  50.082248     5.1163     10.595    71.0967 1.1403e+02    11.9227     -0.139     -0.201    27.5631 0.0000e+00
     -0.143     -0.005     8.2512    162.579     47.802  50.128725     4.8762     10.596    70.8620 1.1224e+02    11.9401     -0.142     -0.206    27.5501 0.0000e+00
     -0.142     -0.002     9.1326    172.433     47.802  50.131445     5.4984     10.597    70.6746 1.1109e+02    12.0126     -0.139     -0.202    27.5011 0.0000e+00
     -0.142      0.003    10.5394    178.828     47.845  50.178628     6.6875     10.597    70.7231 1.0729e+02    12.0813     -0.138     -0.200    27.4553 0.0000e+00
     -0.141      0.006    11.8772    181.950     47.914  50.254762     7.3273     10.598    70.8465 1.0412e+02    12.0544     -0.139     -0.202    27.4286 0.0000e+00
     -0.139      0.007    12.9601    182.052     48.063  50.417044     7.3409     10.600    70.9622 1.0480e+02    11.9939     -0.136     -0.198    27.4238 0.0000e+00
     -0.136      0.007    13.7242    179.897     48.242  50.616907     7.0436     10.601    70.9172 1.0591e+02    12.1011     -0.133     -0.192    27.4321 0.0000e+00
     -0.132      0.006    14.2269    176.785     48.304  50.702967     6.5287     10.601    70.8192 1.0492e+02    12.3601     -0.128     -0.186    27.4317 0.0000e+00
     -0.131      0.005    14.4712    173.970     48.272  50.695690     6.2676     10.600    70.8958 1.0378e+02    12.5297     -0.127     -0.185    27.4345 0.0000e+00
     -0.131      0.003    14.4551    171.905     48.273  50.719447     6.2090     10.598    71.0685 1.0433e+02    12.5801     -0.129     -0.187    27.4417 0.0000e+00
     -0.132      0.002    14.2455    170.451     48.334  50.799753     5.6706     10.596    71.1860 1.0485e+02    12.6273     -0.129     -0.188    27.4509 0.0000e+00
