Data/DataNotYetUploadedToEDI/Raw_CTD/RawDownloads/062424_fcr30_S7809004.cnv
* Sea-Bird SBE19plus  Data File:
* FileName = C:\R\Reservoirs\Data\DataNotYetUploadedToEDI\Raw_CTD\RawDownloads\062424_fcr50_S7809_0004.hex
* Software version 2.8.0.119
* Temperature SN = 7809
* Conductivity SN = 7809
* System UpLoad Time = Jun 26 2024 15:03:32
* <ApplicationData>
* <Seaterm232>
# nquan = 15
# nvalues = 1432                        
# units = specified
# name 0 = depFM: Depth [fresh water, m]
# name 1 = dz/dtM: Descent Rate [m/s]
# name 2 = sbeox0Mg/L: Oxygen, SBE 43 [mg/l]
# name 3 = sbeox0PS: Oxygen, SBE 43 [% saturation]
# name 4 = specc: Specific Conductance [uS/cm]
# name 5 = c0uS/cm: Conductivity [uS/cm]
# name 6 = flECO-AFL: Fluorescence, WET Labs ECO-AFL/FL [mg/m^3]
# name 7 = ph: pH
# name 8 = orp: Oxidation Reduction Potential [mV]
# name 9 = par/sat/log: PAR/Logarithmic, Satlantic
# name 10 = turbWETntu0: Turbidity, WET Labs ECO [NTU]
# name 11 = prdM: Pressure, Strain Gauge [db]
# name 12 = prdE: Pressure, Strain Gauge [psi]
# name 13 = tv290C: Temperature [ITS-90, deg C]
# name 14 = flag:  0.000e+00
# span 0 =     -0.700,      5.397       
# span 1 =     -0.320,      0.207       
# span 2 =    -0.0641,    16.3443       
# span 3 =     -0.535,    202.855       
# span 4 =      1.415,     77.997       
# span 5 =   1.364074,  56.816382       
# span 6 =    -2.0643,    27.5880       
# span 7 =      8.835,     10.886       
# span 8 = -1230.4796,   477.8187       
# span 9 = 1.2356e-01, 2.6172e+03       
# span 10 =    -4.9634,    95.3908      
# span 11 =     -0.686,      5.293      
# span 12 =     -0.996,      7.677      
# span 13 =    11.4120,    27.9314      
# span 14 = 0.0000e+00, 0.0000e+00      
# interval = seconds: 0.25
# start_time = Jun 24 2024 12:59:42 [Instrument's time stamp, header]
# bad_flag = -9.990e-29
*END*
[from data line 675]
      2.625      0.030     1.9194     20.946     40.861  35.702878     2.2049     10.178   151.1357 6.7352e+00     5.1260      2.576      3.735    19.1835 0.0000e+00
      2.635      0.028     1.9278     20.960     41.151  35.857199     2.2102     10.175   151.2549 6.6773e+00     5.1759      2.586      3.750    19.1207 0.0000e+00
      2.641      0.023     1.9398     20.929     41.515  36.142306     2.2293     10.170   151.3626 6.6375e+00     5.2754      2.589      3.755    18.9600 0.0000e+00
      2.646      0.016     1.9478     20.874     41.746  36.421646     2.2280     10.165   151.4911 6.6123e+00     5.2694      2.596      3.765    18.8172 0.0000e+00
      2.650      0.010     1.9544     20.842     41.801  36.633266     2.2115     10.159   151.7771 6.6017e+00     5.1724      2.599      3.770    18.6882 0.0000e+00
      2.650      0.005     1.9654     20.842     41.698  36.734171     2.2035     10.153   152.2381 6.5973e+00     5.1265      2.599      3.770    18.5329 0.0000e+00
      2.648      0.005     1.9628     20.868     41.401  36.626696     2.1977     10.147   152.5914 6.6075e+00     5.1588      2.597      3.767    18.4695 0.0000e+00
      2.646      0.008     1.9513     20.954     41.093  36.412698     2.1831     10.143   152.7793 6.6174e+00     5.2210      2.594      3.762    18.5813 0.0000e+00
      2.646      0.013     1.9396     21.115     40.953  36.240743     2.1770     10.141   153.0468 6.5790e+00     5.2290      2.593      3.761    18.8028 0.0000e+00
      2.651      0.020     1.9307     21.320     40.813  36.006938     2.1741     10.141   153.5030 6.5006e+00     5.1876      2.598      3.769    19.0564 0.0000e+00
      2.659      0.028     1.9226     21.538     40.598  35.679502     2.1812     10.142   153.9938 6.4330e+00     5.1992      2.608      3.783    19.2754 0.0000e+00
      2.668      0.036     1.9262     21.698     40.444  35.390631     2.2136     10.142   154.4213 6.3815e+00     5.2317      2.617      3.794    19.3570 0.0000e+00
      2.677      0.042     1.9473     21.714     40.376  35.178901     2.2241     10.141   154.7139 6.3105e+00     5.2049      2.624      3.806    19.2641 0.0000e+00
      2.689      0.044     1.9717     21.579     40.371  35.022760     2.2080     10.140   154.8642 6.2136e+00     5.1485      2.637      3.825    19.1160 0.0000e+00
      2.704      0.044     2.0012     21.329     40.405  34.898409     2.2100     10.139   155.0347 6.1271e+00     5.0630      2.652      3.846    18.9472 0.0000e+00
      2.718      0.043     2.0285     20.983     40.400  34.753794     2.2410     10.138   155.2258 6.0575e+00     4.9555      2.666      3.866    18.7445 0.0000e+00
      2.729      0.040     2.0376     20.572     40.355  34.606440     2.2829     10.135   155.3682 5.9958e+00     4.9428      2.677      3.883    18.5565 0.0000e+00
      2.738      0.036     2.0300     20.149     40.334  34.512470     2.2914     10.133   155.4653 5.9552e+00     4.9777      2.685      3.894    18.3759 0.0000e+00
      2.745      0.032     2.0150     19.778     40.320  34.442318     2.2702     10.130   155.5397 5.9328e+00     5.0359      2.692      3.904    18.1789 0.0000e+00
      2.751      0.029     1.9891     19.512     40.333  34.392619     2.2504     10.127   155.5799 5.9128e+00     5.1348      2.698      3.913    17.9897 0.0000e+00
      2.758      0.027     1.9531     19.331     40.446  34.419059     2.2354     10.124   155.6074 5.8856e+00     5.1828      2.705      3.923    17.8567 0.0000e+00
      2.766      0.025     1.9152     19.218     40.603  34.508124     2.2382     10.121   155.6995 5.8565e+00     5.2062      2.712      3.934    17.7728 0.0000e+00
      2.773      0.025     1.8785     19.187     40.683  34.581196     2.2343     10.116   155.9196 5.8266e+00     5.1778      2.719      3.944    17.7061 0.0000e+00
      2.778      0.025     1.8583     19.215     40.606  34.541212     2.2133     10.112   156.1175 5.7953e+00     5.1469      2.725      3.952    17.6423 0.0000e+00
      2.783      0.027     1.8459     19.307     40.440  34.405404     2.2088     10.110   156.2860 5.7786e+00     5.2086      2.730      3.960    17.5372 0.0000e+00
      2.788      0.031     1.8355     19.437     40.397  34.334974     2.2218     10.108   156.5799 5.7625e+00     5.2748      2.734      3.966    17.4559 0.0000e+00
      2.795      0.034     1.8349     19.547     40.453  34.324072     2.2377     10.106   156.8317 5.7169e+00     5.2979      2.740      3.973    17.4904 0.0000e+00
      2.806      0.036     1.8334     19.632     40.454  34.273510     2.2591     10.103   156.9214 5.6475e+00     5.2498      2.750      3.988    17.5383 0.0000e+00
      2.820      0.036     1.8423     19.684     40.453  34.231131     2.2895     10.100   156.9755 5.5860e+00     5.2049      2.768      4.015    17.5553 0.0000e+00
      2.831      0.035     1.8606     19.686     40.452  34.192291     2.3133     10.097   157.1418 5.5530e+00     5.2332      2.778      4.030    17.5088 0.0000e+00
      2.838      0.032     1.8732     19.637     40.416  34.121091     2.3228     10.094   157.2975 5.5410e+00     5.2509      2.782      4.036    17.4086 0.0000e+00
      2.845      0.029     1.8842     19.541     40.411  34.068101     2.2796     10.091   157.3948 5.5310e+00     5.2816      2.791      4.048    17.3553 0.0000e+00
      2.851      0.027     1.8923     19.405     40.448  34.059092     2.1906     10.088   157.5446 5.5033e+00     5.3321      2.795      4.054    17.3031 0.0000e+00
      2.856      0.025     1.8939     19.253     40.495  34.075553     2.1538     10.085   157.7323 5.4693e+00     5.4169      2.800      4.060    17.2575 0.0000e+00
      2.862      0.025     1.8905     19.083     40.510  34.076763     2.1666     10.084   158.1153 5.4435e+00     5.5554      2.807      4.070    17.2166 0.0000e+00
      2.870      0.028     1.8849     18.888     40.499  34.073717     2.1631     10.084   158.7343 5.4129e+00     5.6068      2.814      4.082    17.1411 0.0000e+00
      2.877      0.035     1.8716     18.669     40.589  34.165624     2.1439     10.084   159.2790 5.4044e+00     5.5599      2.823      4.095    17.0880 0.0000e+00
      2.882      0.043     1.8587     18.442     40.832  34.363238     2.1348     10.084   159.6253 5.3969e+00     5.5346      2.825      4.098    17.0696 0.0000e+00
      2.891      0.051     1.8431     18.229     41.123  34.559666     2.1523     10.085   159.9960 5.3200e+00     5.6080      2.830      4.105    17.0481 0.0000e+00
      2.908      0.061     1.8239     18.001     41.312  34.637165     2.2316     10.086   160.4918 5.2135e+00     5.7641      2.850      4.134    17.0506 0.0000e+00
      2.929      0.069     1.8017     17.714     41.388  34.602254     2.3353     10.087   160.8879 5.1374e+00     5.8509      2.875      4.170    17.0983 0.0000e+00
      2.948      0.073     1.7765     17.260     41.471  34.581559     2.3746     10.086   161.0856 5.0655e+00     5.8379      2.891      4.193    17.0963 0.0000e+00
      2.968      0.072     1.7617     16.473     41.531  34.577170     2.3734     10.084   161.3327 4.9702e+00     5.8461      2.909      4.218    17.0282 0.0000e+00
      2.990      0.067     1.7434     15.324     41.523  34.549121     2.3713     10.080   161.6382 4.8862e+00     5.8477      2.935      4.256    16.9288 0.0000e+00
      3.009      0.061     1.7233     13.923     41.460  34.496182     2.3901     10.077   161.8547 4.8407e+00     5.8918      2.954      4.283    16.7942 0.0000e+00
      3.021      0.055     1.6930     12.448     41.393  34.444671     2.4271     10.076   162.0572 4.8047e+00     6.0378      2.962      4.295    16.6703 0.0000e+00
      3.032      0.049     1.6182     11.102     41.393  34.433877     2.4353     10.073   162.2798 4.7541e+00     6.1098      2.973      4.313    16.6113 0.0000e+00
      3.042      0.043     1.5021     10.017     41.337  34.365661     2.4394     10.069   162.5674 4.7140e+00     6.1133      2.984      4.329    16.5921 0.0000e+00
      3.052      0.039     1.3607      9.263     41.156  34.190856     2.4344     10.066   162.9534 4.6917e+00     6.1475      2.992      4.341    16.5915 0.0000e+00
      3.062      0.038     1.2068      8.876     41.021  34.033344     2.3919     10.064   163.3334 4.6629e+00     6.1478      3.004      4.357    16.6145 0.0000e+00
      3.071      0.039     1.0730      8.831     41.056  33.983833     2.3504     10.062   163.6343 4.6290e+00     6.1168      3.013      4.370    16.5946 0.0000e+00
      3.080      0.040     0.9655      9.034     41.237  34.036247     2.3230     10.060   163.9238 4.6005e+00     6.1479      3.020      4.379    16.5579 0.0000e+00
      3.090      0.040     0.8908      9.348     41.415  34.095943     2.3185     10.059   164.2532 4.5778e+00     6.2851      3.030      4.395    16.5443 0.0000e+00
      3.101      0.039     0.8548      9.650     41.445  34.071044     2.3304     10.056   164.5196 4.5461e+00     6.4094      3.040      4.410    16.4965 0.0000e+00
      3.113      0.037     0.8554      9.868     41.341  33.988924     2.3334     10.053   164.6493 4.5046e+00     6.3868      3.053      4.428    16.3916 0.0000e+00
      3.125      0.035     0.8833      9.948     41.232  33.927834     2.3303     10.050   164.7032 4.4782e+00     6.3190      3.066      4.448    16.2607 0.0000e+00
      3.132      0.033     0.9207      9.877     41.200  33.903457     2.3257     10.048   164.7409 4.4732e+00     6.4445      3.071      4.455    16.1454 0.0000e+00
      3.137      0.030     0.9539      9.724     41.217  33.884519     2.3282     10.045   164.9336 4.4724e+00     6.7430      3.076      4.461    16.0708 0.0000e+00
      3.143      0.028     0.9768      9.563     41.278  33.889144     2.3268     10.041   165.3120 4.4579e+00     6.8870      3.083      4.470    16.0900 0.0000e+00
      3.151      0.028     0.9852      9.430     41.419  33.959324     2.3172     10.039   165.6166 4.4297e+00     6.8531      3.090      4.482    16.1591 0.0000e+00
      3.159      0.029     0.9738      9.356     41.737  34.161999     2.3532     10.037   165.7772 4.4109e+00     6.8801      3.098      4.493    16.1582 0.0000e+00
      3.166      0.031     0.9576      9.335     42.177  34.436224     2.4452     10.035   165.8767 4.4056e+00     7.0091      3.105      4.503    16.1041 0.0000e+00
      3.173      0.033     0.9422      9.308     42.431  34.546676     2.5143     10.033   165.9587 4.3983e+00     7.1148      3.111      4.512    16.0434 0.0000e+00
      3.182      0.035     0.9284      9.218     42.456  34.482205     2.5234     10.031   165.9956 4.3858e+00     7.1328      3.120      4.525    15.9944 0.0000e+00
      3.192      0.035     0.9221      8.994     42.463  34.417965     2.5634     10.029   165.9784 4.3645e+00     7.1246      3.130      4.540    15.9405 0.0000e+00
      3.202      0.035     0.9253      8.535     42.510  34.404336     3.2899     10.026   166.0079 4.3399e+00     7.2202      3.140      4.554    15.8252 0.0000e+00
      3.212      0.034     0.9266      7.812     42.583  34.444254     4.6560     10.022   166.1812 4.3177e+00     7.4345      3.150      4.568    15.6950 0.0000e+00
      3.221      0.031     0.9213      6.936     42.668  34.519906     5.4145     10.017   166.4391 4.2991e+00     7.5637      3.159      4.582    15.5997 0.0000e+00
      3.228      0.029     0.9056      6.060     42.708  34.557681     5.5036     10.014   166.5447 4.2886e+00     7.5530      3.166      4.592    15.5180 0.0000e+00
      3.233      0.027     0.8631      5.276     42.668  34.520318     5.6664     10.013   166.5115 4.2755e+00     7.8175      3.171      4.599    15.4463 0.0000e+00
      3.238      0.027     0.7862      4.616     42.600  34.448834     5.9598     10.012   166.5538 4.2501e+00     8.4383      3.176      4.606    15.4261 0.0000e+00
      3.244      0.027     0.6917      4.107     42.652  34.454716     6.1208     10.009   166.6253 4.2153e+00     8.8079      3.180      4.613    15.4532 0.0000e+00
      3.251      0.027     0.6012      3.779     42.811  34.527947     6.0821     10.007   166.6885 4.1795e+00     8.8364      3.187      4.624    15.4588 0.0000e+00
      3.261      0.027     0.5230      3.613     42.846  34.509385     5.5082     10.004   166.8020 4.1529e+00     8.8509      3.199      4.639    15.4506 0.0000e+00
      3.270      0.026     0.4559      3.525     42.755  34.420566     4.4670     10.001   166.7927 4.1369e+00     8.9154      3.208      4.651    15.4385 0.0000e+00
      3.277      0.024     0.4036      3.444     42.731  34.405727     3.9046      9.998   166.6618 4.1286e+00     8.9677      3.214      4.661    15.3978 0.0000e+00
      3.282      0.023     0.3720      3.366     42.798  34.456880     3.8442      9.996   166.6827 4.1233e+00     8.9707      3.219      4.669    15.3206 0.0000e+00
      3.285      0.021     0.3597      3.304     42.912  34.531466     3.6125      9.992   166.7864 4.1082e+00     9.0200      3.221      4.672    15.2479 0.0000e+00
      3.289      0.021     0.3546      3.257     43.043  34.609605     3.1756      9.988   166.7978 4.0829e+00     9.1193      3.224      4.676    15.2413 0.0000e+00
      3.295      0.022     0.3451      3.249     43.195  34.703707     2.9316      9.984   166.8204 4.0704e+00     9.1804      3.231      4.686    15.2614 0.0000e+00
      3.302      0.023     0.3365      3.283     43.476  34.907832     2.9007      9.982   166.9742 4.0558e+00     9.2467      3.238      4.697    15.2582 0.0000e+00
      3.309      0.026     0.3316      3.328     43.832  35.174195     2.7601      9.980   167.2804 4.0181e+00     9.3064      3.244      4.705    15.2361 0.0000e+00
      3.315      0.030     0.3250      3.332     44.212  35.449766     2.5130      9.979   167.5971 3.9905e+00     9.3214      3.252      4.716    15.2013 0.0000e+00
      3.321      0.035     0.3248      3.274     44.668  35.765173     2.3937      9.978   167.7918 3.9850e+00     9.3601      3.257      4.724    15.1614 0.0000e+00
      3.328      0.040     0.3295      3.172     45.055  36.005518     2.3828      9.976   168.0008 3.9738e+00     9.4331      3.262      4.731    15.1418 0.0000e+00
      3.339      0.045     0.3363      3.029     45.300  36.134894     2.3728      9.974   168.3159 3.9407e+00     9.4864      3.272      4.745    15.1246 0.0000e+00
      3.355      0.050     0.3383      2.833     45.509  36.250690     2.3141      9.973   168.6763 3.8925e+00     9.5595      3.290      4.771    15.0954 0.0000e+00
      3.371      0.054     0.3305      2.584     45.663  36.326850     2.2062      9.972   169.0890 3.8511e+00     9.6680      3.307      4.797    15.0431 0.0000e+00
      3.384      0.056     0.3219      2.329     45.683  36.294248     2.1419      9.969   169.6067 3.8126e+00     9.7061      3.318      4.813    14.9499 0.0000e+00
      3.399      0.056     0.3078      2.095     45.673  36.237168     2.1282      9.967   170.0321 3.7709e+00     9.7127      3.333      4.834    14.8724 0.0000e+00
      3.414      0.053     0.2897      1.875     45.778  36.271167     2.0985      9.965   170.1019 3.7382e+00     9.7480      3.349      4.857    14.8239 0.0000e+00
      3.428      0.050     0.2616      1.693     46.065  36.451457     2.0324      9.962   170.0201 3.6988e+00     9.7225      3.362      4.877    14.7751 0.0000e+00
      3.440      0.047     0.2348      1.554     46.435  36.703747     1.9860      9.958   170.0754 3.6599e+00     9.6432      3.375      4.895    14.7216 0.0000e+00
      3.452      0.044     0.2133      1.457     46.580  36.783382     1.9780      9.954   170.1690 3.6429e+00     9.6433      3.385      4.910    14.6673 0.0000e+00
      3.462      0.043     0.1884      1.391     46.378  36.589383     1.9697      9.951   170.2919 3.6342e+00     9.7923      3.396      4.926    14.6120 0.0000e+00
      3.471      0.043     0.1712      1.344     46.012  36.261700     1.9518      9.948   170.5288 3.6098e+00     9.9761      3.405      4.939    14.5589 0.0000e+00
