Data/DataNotYetUploadedToEDI/Raw_CTD/RawDownloads/062424_bvr50_S8188001.cnv
* Sea-Bird SBE19plus  Data File:
* FileName = C:\R\Reservoirs\Data\DataNotYetUploadedToEDI\Raw_CTD\RawDownloads\062424_bvr50_S8188_0001.hex
* Software version 2.8.0.119
* Temperature SN = 8188
* Conductivity SN = 8188
* System UpLoad Time = Jul 02 2024 12:02:47
* <ApplicationData>
* <Seaterm232>
# nquan = 16
# nvalues = 1877                        
# units = specified
# name 0 = depFM: Depth [fresh water, m]
# name 1 = dz/dtM: Descent Rate [m/s]
# name 2 = sbeox0Mg/L: Oxygen, SBE 43 [mg/l]
# name 3 = sbeox0PS: Oxygen, SBE 43 [% saturation]
# name 4 = specc: Specific Conductance [uS/cm]
# name 5 = c0uS/cm: Conductivity [uS/cm]
# name 6 = wetCDOM: Fluorescence, WET Labs CDOM [mg/m^3]
# name 7 = flECO-AFL: Fluorescence, WET Labs ECO-AFL/FL [mg/m^3]
# name 8 = flECO-AFL1: Fluorescence, WET Labs ECO-AFL/FL, 2 [mg/m^3]
# name 9 = flECO-AFL2: Fluorescence, WET Labs ECO-AFL/FL, 3 [mg/m^3]
# name 10 = par/sat/log: PAR/Logarithmic, Satlantic
# name 11 = turbWETntu0: Turbidity, WET Labs ECO [NTU]
# name 12 = prdM: Pressure, Strain Gauge [db]
# name 13 = prdE: Pressure, Strain Gauge [psi]
# name 14 = tv290C: Temperature [ITS-90, deg C]
# name 15 = flag:  0.000e+00
# span 0 =     -0.619,      9.567       
# span 1 =     -0.235,      0.084       
# span 2 =    -4.4279,     9.9446       
# span 3 =    -43.804,    126.114       
# span 4 =     26.817,    106.541       
# span 5 =  28.262387,  74.728293       
# span 6 =    -4.5000,    44.4600       
# span 7 =     0.1656,     3.3089       
# span 8 =    -2.1300,     0.4260       
# span 9 =    -2.0304,    12.9861       
# span 10 = 1.1580e-01, 1.5146e+03      
# span 11 =    -0.6872,    23.3320      
# span 12 =     -0.607,      9.382      
# span 13 =     -0.881,     13.607      
# span 14 =    10.0668,    27.9822      
# span 15 = 0.0000e+00, 0.0000e+00      
# interval = seconds: 0.25
# start_time = Jun 24 2024 09:44:03 [Instrument's time stamp, header]
# bad_flag = -9.990e-29
*END*
[from data line 452]
      4.289      0.051     0.1015      0.911     41.408  31.251428    30.6000     0.3334     0.0426     0.5922 1.6714e-01    -0.3095      4.206      6.100    12.7982 0.0000e+00
      4.301      0.052     0.0998      0.908     41.392  31.229099    30.6000     0.3067     0.0426     0.5922 1.6711e-01    -0.3246      4.218      6.118    12.7772 0.0000e+00
      4.315      0.053     0.0985      0.910     41.316  31.158348    30.6000     0.3525     0.0426     0.5922 1.7567e-01    -0.3246      4.231      6.137    12.7594 0.0000e+00
      4.328      0.055     0.0974      0.915     41.197  31.048193    30.6000     0.3372     0.0426     0.5922 1.7019e-01    -0.4002      4.245      6.157    12.7449 0.0000e+00
      4.343      0.057     0.0966      0.918     41.065  30.921044    30.6900     0.3258     0.0852     0.9306 1.6458e-01    -0.4002      4.259      6.178    12.7329 0.0000e+00
      4.358      0.059     0.0963      0.915     40.934  30.790793    30.6900     0.3067     0.0852     0.9306 1.6718e-01    -0.3549      4.274      6.199    12.7205 0.0000e+00
      4.374      0.061     0.0966      0.910     40.845  30.690422    30.6900     0.2876     0.0852     0.9306 1.5253e-01    -0.3700      4.289      6.221    12.7039 0.0000e+00
      4.389      0.061     0.0971      0.905     40.814  30.634988    30.6900     0.2838     0.0852     0.9306 1.5831e-01    -0.2642      4.305      6.243    12.6790 0.0000e+00
      4.405      0.061     0.0975      0.903     40.811  30.605726    30.7800     0.3029     0.0852     0.6768 1.4396e-01    -0.3700      4.320      6.266    12.6452 0.0000e+00
      4.422      0.060     0.0972      0.900     40.809  30.582879    30.7800     0.2648     0.0852     0.6768 1.6157e-01    -0.4002      4.336      6.289    12.6061 0.0000e+00
      4.437      0.058     0.0967      0.897     40.800  30.560357    30.7800     0.2648     0.0852     0.6768 1.4729e-01    -0.3549      4.351      6.311    12.5653 0.0000e+00
      4.452      0.056     0.0964      0.899     40.804  30.552067    30.7800     0.2838     0.0852     0.6768 1.5841e-01    -0.3549      4.366      6.332    12.5268 0.0000e+00
      4.466      0.054     0.0962      0.905     40.839  30.567751    30.7800     0.2724     0.0426     0.8883 1.6696e-01    -0.3700      4.379      6.352    12.4937 0.0000e+00
      4.479      0.052     0.0959      0.910     40.886  30.591673    30.7800     0.2724     0.0426     0.8883 1.3520e-01    -0.3549      4.392      6.370    12.4677 0.0000e+00
      4.491      0.050     0.0957      0.907     40.923  30.606313    30.7800     0.2533     0.0426     0.8883 1.6462e-01    -0.3851      4.404      6.388    12.4487 0.0000e+00
      4.503      0.049     0.0959      0.900     40.946  30.611590    30.7800     0.2571     0.0426     0.8883 1.7902e-01    -0.4455      4.416      6.405    12.4347 0.0000e+00
      4.516      0.049     0.0966      0.893     40.960  30.612895    30.7800     0.2800     0.0426     0.8883 1.4378e-01    -0.4304      4.428      6.423    12.4221 0.0000e+00
      4.528      0.050     0.0971      0.886     40.979  30.618542    30.6900     0.2800     0.0852     0.8883 1.5477e-01    -0.3397      4.441      6.440    12.4079 0.0000e+00
      4.541      0.051     0.0969      0.879     41.011  30.632030    30.6900     0.2724     0.0852     0.8883 1.5889e-01    -0.3549      4.453      6.458    12.3923 0.0000e+00
      4.554      0.052     0.0962      0.873     41.025  30.629070    30.6900     0.2876     0.0852     0.8883 1.3647e-01    -0.4304      4.466      6.477    12.3778 0.0000e+00
      4.567      0.053     0.0954      0.871     41.010  30.600906    30.6900     0.2762     0.0852     0.8883 1.4063e-01    -0.2793      4.479      6.496    12.3661 0.0000e+00
      4.581      0.054     0.0946      0.870     40.998  30.571895    30.4200     0.2724     0.0426     0.8037 1.1904e-01    -0.3397      4.492      6.515    12.3559 0.0000e+00
      4.595      0.055     0.0939      0.864     41.009  30.560190    30.4200     0.2953     0.0426     0.8037 1.4078e-01    -0.4455      4.506      6.535    12.3435 0.0000e+00
      4.609      0.055     0.0934      0.853     41.037  30.566652    30.4200     0.2991     0.0426     0.8037 1.3739e-01    -0.2189      4.520      6.556    12.3272 0.0000e+00
      4.624      0.055     0.0932      0.840     41.056  30.573088    30.4200     0.2686     0.0426     0.8037 1.4396e-01    -0.2038      4.535      6.577    12.3064 0.0000e+00
      4.638      0.055     0.0932      0.827     41.041  30.555321    30.1500     0.2915     0.0426     0.8460 1.2886e-01    -0.4153      4.549      6.597    12.2818 0.0000e+00
      4.652      0.055     0.0926      0.821     40.987  30.502641    30.1500     0.2915     0.0426     0.8460 1.2002e-01    -0.3549      4.562      6.616    12.2576 0.0000e+00
      4.665      0.056     0.0914      0.823     40.917  30.430873    30.1500     0.2724     0.0426     0.8460 1.4072e-01    -0.3246      4.575      6.635    12.2401 0.0000e+00
      4.678      0.057     0.0900      0.829     40.883  30.380628    30.1500     0.2800     0.0426     0.8460 1.4412e-01    -0.3549      4.588      6.654    12.2305 0.0000e+00
      4.693      0.059     0.0887      0.841     40.915  30.376347    29.7900     0.2800     0.0426     0.7191 1.5517e-01    -0.4455      4.602      6.675    12.2225 0.0000e+00
      4.709      0.061     0.0881      0.854     40.992  30.406929    29.7900     0.2648     0.0426     0.7191 1.4425e-01    -0.4002      4.618      6.697    12.2074 0.0000e+00
      4.726      0.061     0.0883      0.864     41.078  30.446670    29.7900     0.2609     0.0426     0.7191 1.1597e-01    -0.4002      4.634      6.721    12.1832 0.0000e+00
      4.743      0.061     0.0890      0.869     41.135  30.470318    29.7900     0.2724     0.0426     0.7191 1.7004e-01    -0.3851      4.651      6.746    12.1526 0.0000e+00
      4.759      0.059     0.0904      0.868     41.163  30.476211    29.7900     0.2571     0.0426     0.7191 1.1605e-01    -0.6872      4.667      6.769    12.1188 0.0000e+00
      4.774      0.055     0.0918      0.862     41.180  30.477871    29.6100     0.2724     0.0426     0.8037 1.2626e-01    -0.5361      4.681      6.790    12.0858 0.0000e+00
      4.787      0.051     0.0930      0.857     41.197  30.483705    29.6100     0.2876     0.0426     0.8037 1.3745e-01    -0.6117      4.695      6.809    12.0572 0.0000e+00
      4.800      0.047     0.0936      0.854     41.226  30.503236    29.6100     0.2724     0.0426     0.8037 1.2637e-01    -0.6117      4.707      6.827    12.0341 0.0000e+00
      4.811      0.043     0.0935      0.853     41.253  30.525740    29.6100     0.2190     0.0426     0.8037 1.3432e-01    -0.3549      4.718      6.843    12.0162 0.0000e+00
      4.821      0.039     0.0929      0.853     41.264  30.537300    29.5200     0.2152     0.0426     0.6345 1.4415e-01    -0.2642      4.728      6.857    12.0029 0.0000e+00
      4.830      0.037     0.0923      0.850     41.271  30.544985    29.5200     0.2228     0.0426     0.6345 1.3178e-01    -0.4002      4.737      6.870    11.9946 0.0000e+00
      4.839      0.035     0.0920      0.846     41.288  30.558808    29.5200     0.2304     0.0426     0.6345 1.3532e-01    -0.3246      4.745      6.882    11.9923 0.0000e+00
      4.847      0.034     0.0919      0.845     41.328  30.590424    29.5200     0.2228     0.0426     0.6345 1.6408e-01    -0.5966      4.753      6.894    11.9949 0.0000e+00
      4.856      0.034     0.0919      0.841     41.373  30.628347    29.5200     0.2075     0.0426     0.6768 1.3529e-01    -0.6570      4.762      6.906    11.9995 0.0000e+00
      4.864      0.034     0.0915      0.833     41.406  30.658789    29.5200     0.1923     0.0426     0.6768 1.1932e-01    -0.6268      4.770      6.918    12.0024 0.0000e+00
      4.873      0.035     0.0912      0.823     41.453  30.697835    29.5200     0.1885     0.0426     0.6768 1.5184e-01    -0.5663      4.778      6.930    12.0037 0.0000e+00
      4.881      0.037     0.0911      0.815     41.545  30.763866    29.5200     0.2991     0.0426     0.6768 1.4247e-01    -0.3851      4.787      6.943    12.0064 0.0000e+00
      4.890      0.039     0.0907      0.809     41.663  30.840632    29.5200     0.2953     0.0852     0.8460 1.2330e-01    -0.3549      4.796      6.955    12.0123 0.0000e+00
      4.900      0.042     0.0898      0.807     41.773  30.904785    29.5200     0.2648     0.0852     0.8460 1.4403e-01    -0.3246      4.805      6.969    12.0197 0.0000e+00
      4.911      0.044     0.0887      0.807     41.899  30.979407    29.5200     0.2648     0.0852     0.8460 1.5184e-01    -0.4304      4.816      6.985    12.0246 0.0000e+00
      4.924      0.045     0.0878      0.811     42.071  31.088381    29.5200     0.3029     0.0852     0.8460 1.4287e-01    -0.2944      4.828      7.003    12.0222 0.0000e+00
      4.936      0.046     0.0872      0.818     42.282  31.224914    29.5200     0.2724     0.0852     0.8460 1.3447e-01    -0.3700      4.841      7.021    12.0093 0.0000e+00
      4.949      0.046     0.0869      0.826     42.499  31.363673    29.5200     0.2800     0.0852     0.6768 1.6857e-01    -0.5059      4.853      7.039    11.9885 0.0000e+00
      4.960      0.046     0.0870      0.829     42.671  31.469957    29.5200     0.2991     0.0852     0.6768 1.5820e-01    -0.3549      4.865      7.055    11.9663 0.0000e+00
      4.972      0.044     0.0875      0.827     42.765  31.522313    29.5200     0.2113     0.0852     0.6768 1.6700e-01    -0.5966      4.875      7.071    11.9450 0.0000e+00
      4.982      0.043     0.0883      0.823     42.808  31.542669    29.5200     0.2152     0.0852     0.6768 1.9330e-01    -0.5512      4.886      7.087    11.9225 0.0000e+00
      4.993      0.042     0.0892      0.815     42.864  31.576289    29.5200     0.2304     0.0426     0.7614 2.0749e-01    -0.6268      4.897      7.102    11.8977 0.0000e+00
      5.004      0.041     0.0896      0.803     42.926  31.618195    29.5200     0.2228     0.0426     0.7614 1.8383e-01    -0.5512      4.907      7.117    11.8734 0.0000e+00
      5.014      0.040     0.0894      0.789     42.962  31.641718    29.5200     0.2075     0.0426     0.7614 1.9326e-01    -0.3700      4.917      7.132    11.8532 0.0000e+00
      5.024      0.039     0.0890      0.774     43.001  31.667075    29.5200     0.2113     0.0426     0.7614 1.6380e-01    -0.3397      4.927      7.146    11.8392 0.0000e+00
      5.034      0.039     0.0882      0.755     43.070  31.714969    29.5200     0.2152     0.0426     0.7614 1.8383e-01    -0.3549      4.937      7.160    11.8308 0.0000e+00
      5.043      0.038     0.0869      0.741     43.149  31.768295    29.5200     0.2152     0.0426     0.7614 1.7883e-01    -0.3397      4.946      7.174    11.8259 0.0000e+00
      5.053      0.038     0.0854      0.736     43.212  31.809405    29.5200     0.2266     0.0426     0.7614 1.7052e-01    -0.5814      4.955      7.187    11.8224 0.0000e+00
      5.063      0.038     0.0837      0.737     43.262  31.839303    29.5200     0.1923     0.0426     0.7614 1.5858e-01    -0.5966      4.965      7.201    11.8190 0.0000e+00
      5.072      0.038     0.0818      0.739     43.319  31.873928    29.5200     0.2190     0.0426     0.7614 1.7617e-01    -0.6117      4.974      7.214    11.8151 0.0000e+00
      5.081      0.038     0.0802      0.743     43.403  31.926498    29.5200     0.2228     0.0426     0.7191 1.4770e-01    -0.6570      4.983      7.228    11.8099 0.0000e+00
      5.091      0.039     0.0797      0.750     43.509  31.995096    29.5200     0.2876     0.0426     0.7191 1.3508e-01    -0.3700      4.993      7.242    11.8034 0.0000e+00
      5.101      0.039     0.0798      0.759     43.637  32.078097    29.5200     0.2838     0.0426     0.7191 1.4204e-01    -0.4153      5.003      7.256    11.7957 0.0000e+00
      5.112      0.039     0.0801      0.768     43.777  32.169749    29.5200     0.2762     0.0426     0.7191 1.2886e-01    -0.3246      5.013      7.271    11.7868 0.0000e+00
      5.122      0.038     0.0805      0.775     43.893  32.244696    29.5200     0.2800     0.0426     0.6345 1.5896e-01    -0.3549      5.023      7.285    11.7766 0.0000e+00
      5.131      0.037     0.0812      0.781     43.976  32.297032    29.5200     0.2228     0.0426     0.6345 1.5290e-01    -0.6872      5.033      7.299    11.7655 0.0000e+00
      5.141      0.036     0.0823      0.785     44.055  32.348678    29.5200     0.2152     0.0426     0.6345 1.5200e-01    -0.6721      5.042      7.313    11.7533 0.0000e+00
      5.150      0.035     0.0833      0.788     44.131  32.399464    29.5200     0.2190     0.0426     0.6345 1.4700e-01    -0.6268      5.051      7.326    11.7404 0.0000e+00
      5.158      0.033     0.0841      0.788     44.196  32.445007    29.7900     0.2075     0.0426     0.8037 1.6052e-01    -0.6117      5.059      7.338    11.7284 0.0000e+00
      5.166      0.032     0.0847      0.782     44.281  32.505419    29.7900     0.1923     0.0426     0.8037 1.4681e-01    -0.4455      5.067      7.349    11.7186 0.0000e+00
      5.174      0.031     0.0852      0.776     44.396  32.588842    29.7900     0.2075     0.0426     0.8037 1.2881e-01    -0.3095      5.074      7.360    11.7111 0.0000e+00
      5.182      0.031     0.0855      0.772     44.501  32.663742    29.7900     0.2342     0.0426     0.8037 1.4977e-01    -0.3700      5.082      7.371    11.7058 0.0000e+00
      5.189      0.031     0.0854      0.768     44.557  32.702288    29.7900     0.2228     0.0426     0.5922 1.3503e-01    -0.3549      5.089      7.381    11.7028 0.0000e+00
      5.197      0.032     0.0848      0.764     44.581  32.714759    29.7900     0.2152     0.0426     0.5922 1.4381e-01    -0.6872      5.096      7.392    11.7012 0.0000e+00
      5.205      0.034     0.0841      0.760     44.591  32.716433    29.7900     0.2228     0.0426     0.5922 1.4687e-01    -0.6570      5.104      7.404    11.6997 0.0000e+00
      5.214      0.036     0.0837      0.756     44.588  32.707754    29.7900     0.2152     0.0426     0.5922 1.2869e-01    -0.5512      5.113      7.416    11.6976 0.0000e+00
      5.224      0.038     0.0833      0.755     44.573  32.688400    29.7900     0.2113     0.0426     0.5922 1.4655e-01    -0.5814      5.122      7.430    11.6941 0.0000e+00
      5.233      0.040     0.0829      0.757     44.562  32.671137    29.9700     0.2419     0.0852     0.5922 1.4857e-01    -0.2944      5.132      7.444    11.6888 0.0000e+00
      5.244      0.042     0.0825      0.761     44.590  32.681239    29.9700     0.2190     0.0852     0.5922 1.3999e-01    -0.2944      5.143      7.459    11.6823 0.0000e+00
      5.255      0.044     0.0821      0.766     44.656  32.719407    29.9700     0.2152     0.0852     0.5922 1.2722e-01    -0.3851      5.153      7.474    11.6745 0.0000e+00
      5.267      0.045     0.0820      0.773     44.720  32.755981    29.9700     0.2304     0.0852     0.5922 1.3766e-01    -0.4002      5.165      7.491    11.6654 0.0000e+00
      5.279      0.045     0.0822      0.781     44.770  32.784779    30.0600     0.1961     0.0426     0.6768 1.1605e-01    -0.2944      5.177      7.509    11.6549 0.0000e+00
      5.291      0.045     0.0827      0.788     44.808  32.807505    30.0600     0.1999     0.0426     0.6768 1.1605e-01    -0.3700      5.189      7.526    11.6436 0.0000e+00
      5.303      0.043     0.0832      0.790     44.824  32.816276    30.0600     0.2152     0.0426     0.6768 1.4063e-01    -0.5210      5.201      7.543    11.6317 0.0000e+00
      5.314      0.040     0.0840      0.788     44.828  32.819407    30.0600     0.2304     0.0426     0.6768 1.2892e-01    -0.4455      5.211      7.558    11.6207 0.0000e+00
      5.324      0.037     0.0849      0.782     44.834  32.825700    30.1500     0.2419     0.0426     0.5922 1.2628e-01    -0.4606      5.221      7.572    11.6118 0.0000e+00
