Data/DataNotYetUploadedToEDI/Raw_CTD/RawDownloads/062424_fcr30_S7809004.cnv
* Sea-Bird SBE19plus  Data File:
* FileName = C:\R\Reservoirs\Data\DataNotYetUploadedToEDI\Raw_CTD\RawDownloads\062424_fcr50_S7809_0004.hex
* Software version 2.8.0.119
* Temperature SN = 7809
* Conductivity SN = 7809
* System UpLoad Time = Jun 26 2024 15:03:32
* <ApplicationData>
* <Seaterm232>
# nquan = 15
# nvalues = 1432                        
# units = specified
# name 0 = depFM: Depth [fresh water, m]
# name 1 = dz/dtM: Descent Rate [m/s]
# name 2 = sbeox0Mg/L: Oxygen, SBE 43 [mg/l]
# name 3 = sbeox0PS: Oxygen, SBE 43 [% saturation]
# name 4 = specc: Specific Conductance [uS/cm]
# name 5 = c0uS/cm: Conductivity [uS/cm]
# name 6 = flECO-AFL: Fluorescence, WET Labs ECO-AFL/FL [mg/m^3]
# name 7 = ph: pH
# name 8 = orp: Oxidation Reduction Potential [mV]
# name 9 = par/sat/log: PAR/Logarithmic, Satlantic
# name 10 = turbWETntu0: Turbidity, WET Labs ECO [NTU]
# name 11 = prdM: Pressure, Strain Gauge [db]
# name 12 = prdE: Pressure, Strain Gauge [psi]
# name 13 = tv290C: Temperature [ITS-90, deg C]
# name 14 = flag:  0.000e+00
# span 0 =     -0.700,      5.397       
# span 1 =     -0.320,      0.207       
# span 2 =    -0.0641,    16.3443       
# span 3 =     -0.535,    202.855       
# span 4 =      1.415,     77.997       
# span 5 =   1.364074,  56.816382       
# span 6 =    -2.0643,    27.5880       
# span 7 =      8.835,     10.886       
# span 8 = -1230.4796,   477.8187       
# span 9 = 1.2356e-01, 2.6172e+03       
# span 10 =    -4.9634,    95.3908      
# span 11 =     -0.686,      5.293      
# span 12 =     -0.996,      7.677      
# span 13 =    11.4120,    27.9314      
# span 14 = 0.0000e+00, 0.0000e+00      
# interval = seconds: 0.25
# start_time = Jun 24 2024 12:59:42 [Instrument's time stamp, header]
# bad_flag = -9.990e-29
*END*
[from data line 193]
     -0.198     -0.004    13.2195    162.335     48.634  51.381609     2.5475     10.676    60.1916 2.3765e+03    12.2196     -0.194     -0.281    27.8200 0.0000e+00
     -0.198     -0.004    13.0342    161.695     48.633  51.379883     2.5405     10.678    60.3153 2.3823e+03    12.2707     -0.195     -0.282    27.8213 0.0000e+00
     -0.197     -0.003    12.9065    161.255     48.601  51.343466     2.5454     10.680    60.4548 2.3826e+03    12.4785     -0.194     -0.280    27.8201 0.0000e+00
     -0.197     -0.002    12.8118    160.998     48.586  51.322271     2.5488     10.682    60.5010 2.3773e+03    12.6829     -0.193     -0.280    27.8176 0.0000e+00
     -0.198     -0.001    12.7365    160.966     48.584  51.314102     2.5474     10.684    60.5303 2.3714e+03    12.7269     -0.194     -0.282    27.8171 0.0000e+00
     -0.200     -0.000    12.6912    161.063     48.582  51.308185     2.5540     10.686    60.5510 2.3691e+03    12.7020     -0.196     -0.285    27.8184 0.0000e+00
     -0.200 -3.396e-07    12.6580    161.170     48.589  51.314218     2.5538     10.687    60.4929 2.3701e+03    12.7585     -0.197     -0.286    27.8157 0.0000e+00
     -0.200     -0.000    12.6347    161.307     48.598  51.323546     2.5537     10.690    60.4308 2.3705e+03    12.9312     -0.196     -0.284    27.8089 0.0000e+00
     -0.199     -0.000    12.6384    161.488     48.628  51.357477     2.5603     10.692    60.4018 2.3680e+03    13.0484     -0.195     -0.283    27.8025 0.0000e+00
     -0.198     -0.000    12.6522    161.685     48.673  51.406994     2.5675     10.693    60.4868 2.3644e+03    13.0487     -0.193     -0.281    27.7988 0.0000e+00
     -0.198      0.000    12.6578    161.890     48.677  51.414277     2.5658     10.694    60.6843 2.3590e+03    13.0025     -0.194     -0.280    27.7965 0.0000e+00
     -0.200      0.004    12.6683    162.094     48.641  51.382035     2.5223     10.694    60.9819 2.3473e+03    12.9680     -0.196     -0.285    27.7969 0.0000e+00
     -0.202      0.009    12.6836    162.238     48.594  51.334652     2.4663     10.692    61.4187 2.3400e+03    13.0065     -0.198     -0.288    27.7998 0.0000e+00
     -0.201      0.017    12.6985    162.248     48.610  51.349353     2.4544     10.688    61.8359 2.2413e+03    13.0590     -0.200     -0.290    27.8012 0.0000e+00
     -0.195      0.025    12.7138    162.147     48.690  51.432786     2.4616     10.684    62.1540 2.0143e+03    13.0555     -0.194     -0.281    27.8039 0.0000e+00
     -0.185      0.029    12.7296    162.049     48.704  51.454464     2.4784     10.680    62.4260 1.8984e+03    12.8961     -0.182     -0.264    27.8129 0.0000e+00
     -0.173      0.027    12.7431    162.019     48.663  51.420984     2.5169     10.677    63.0587 1.9174e+03    12.6342     -0.170     -0.247    27.8170 0.0000e+00
     -0.161      0.015    12.7452    162.044     48.647  51.408985     2.5435     10.673    63.8682 1.8908e+03    12.5195     -0.156     -0.226    27.8094 0.0000e+00
     -0.152     -0.005    12.7332    162.037     48.669  51.436395     2.5507     10.669    64.0393 1.8811e+03    12.5345     -0.145     -0.210    27.8058 0.0000e+00
     -0.152     -0.027    12.7214    161.843     48.717  51.498405     2.5041     10.667    64.0088 2.0334e+03    12.4737     -0.144     -0.209    27.8165 0.0000e+00
     -0.165     -0.047    12.7174    161.483     48.720  51.523790     2.3957     10.667    64.1027 2.2510e+03    12.2969     -0.158     -0.228    27.8296 0.0000e+00
     -0.189     -0.059    12.7184    161.139     48.668  51.489370     2.3224     10.667    63.9689 2.3262e+03    12.2076     -0.184     -0.265    27.8345 0.0000e+00
     -0.217     -0.063    12.7265    160.856     48.637  51.463253     2.3000     10.671    63.7676 2.2782e+03    12.2478     -0.216     -0.313    27.8327 0.0000e+00
     -0.239     -0.058    12.7086    160.556     48.640  51.462014     2.2670     10.674    63.6476 2.0384e+03    12.4751     -0.238     -0.346    27.8410 0.0000e+00
     -0.252     -0.046    12.6644    160.216     48.659  51.474383     2.2220     10.676    63.6371 1.5714e+03    12.8731     -0.248     -0.359    27.8713 0.0000e+00
     -0.257     -0.031    12.6315    159.945     48.675  51.485795     2.1976     10.678    63.7271 1.3242e+03    13.0281     -0.252     -0.367    27.8983 0.0000e+00
     -0.259     -0.018    12.6116    159.883     48.667  51.473000     2.1965     10.680    63.7901 1.5377e+03    12.9493     -0.254     -0.368    27.9044 0.0000e+00
     -0.261     -0.008    12.5914    160.035     48.646  51.446667     2.2173     10.683    63.7098 1.8989e+03    12.9790     -0.257     -0.371    27.8952 0.0000e+00
     -0.263     -0.002    12.5632    160.251     48.626  51.421382     2.2497     10.686    63.5305 2.1213e+03    13.1485     -0.259     -0.375    27.8847 0.0000e+00
     -0.263      0.003    12.5380    160.447     48.634  51.421270     2.2714     10.690    63.3427 2.1852e+03    13.2904     -0.258     -0.374    27.8804 0.0000e+00
     -0.262      0.007    12.5325    160.653     48.665  51.445298     2.2800     10.693    63.2467 2.1780e+03    13.3288     -0.257     -0.373    27.8765 0.0000e+00
     -0.259      0.010    12.5527    160.909     48.684  51.457894     2.2710     10.696    63.2297 2.1530e+03    13.2709     -0.255     -0.370    27.8730 0.0000e+00
     -0.256      0.011    12.5724    161.207     48.679  51.446558     2.2950     10.699    63.2223 2.1210e+03    13.0684     -0.251     -0.364    27.8694 0.0000e+00
     -0.251      0.011    12.5878    161.480     48.675  51.435221     2.3793     10.701    63.3294 2.1036e+03    12.8611     -0.246     -0.356    27.8601 0.0000e+00
     -0.247      0.010    12.6061    161.720     48.693  51.447808     2.4416     10.702    63.4062 2.1053e+03    12.8147     -0.241     -0.351    27.8476 0.0000e+00
     -0.244      0.007    12.6263    161.970     48.718  51.471737     2.4572     10.704    63.3772 2.1293e+03    12.8146     -0.239     -0.348    27.8413 0.0000e+00
     -0.244      0.004    12.6550    162.183     48.716  51.470552     2.4513     10.707    63.4084 2.1830e+03    12.7233     -0.239     -0.347    27.8369 0.0000e+00
     -0.244      0.003    12.6779    162.280     48.682  51.433478     2.4370     10.710    63.4398 2.2258e+03    12.5650     -0.239     -0.347    27.8283 0.0000e+00
     -0.244      0.003    12.6956    162.245     48.660  51.404466     2.4419     10.711    63.4992 2.2177e+03    12.5055     -0.238     -0.345    27.8205 0.0000e+00
     -0.245      0.005    12.7179    162.105     48.641  51.373753     2.4439     10.712    63.6095 2.1412e+03    12.5514     -0.239     -0.347    27.8189 0.0000e+00
     -0.245      0.006    12.7377    161.951     48.597  51.316098     2.4122     10.713    63.6552 2.0458e+03    12.6751     -0.241     -0.350    27.8207 0.0000e+00
     -0.242      0.003    12.7443    161.859     48.573  51.278822     2.3661     10.713    63.7077 1.9928e+03    12.8406     -0.239     -0.347    27.8208 0.0000e+00
     -0.237     -0.005    12.7433    161.826     48.607  51.304021     2.3278     10.713    63.9004 1.9554e+03    12.8781     -0.232     -0.337    27.8152 0.0000e+00
     -0.232     -0.015    12.7321    161.896     48.671  51.366775     2.3069     10.713    64.1778 1.9274e+03    12.8891     -0.227     -0.327    27.8024 0.0000e+00
     -0.234     -0.025    12.7184    162.095     48.701  51.402590     2.2960     10.712    64.3945 1.9245e+03    12.9406     -0.226     -0.328    27.7911 0.0000e+00
     -0.246     -0.033    12.7175    162.335     48.706  51.419583     2.2871     10.710    64.6278 1.9056e+03    12.9188     -0.238     -0.346    27.7796 0.0000e+00
     -0.264     -0.035    12.7147    162.497     48.715  51.445257     2.2826     10.707    64.9331 1.8191e+03    12.8311     -0.260     -0.377    27.7648 0.0000e+00
     -0.282     -0.030    12.7207    162.532     48.712  51.459040     2.2760     10.705    65.2470 1.7242e+03    12.7339     -0.279     -0.405    27.7582 0.0000e+00
     -0.293     -0.019    12.7376    162.402     48.701  51.459269     2.2812     10.704    66.0996 1.7902e+03    12.7000     -0.291     -0.422    27.7641 0.0000e+00
     -0.293     -0.005    12.7584    162.109     48.685  51.448037     2.3043     10.704    66.8970 1.9915e+03    12.7289     -0.291     -0.422    27.7774 0.0000e+00
     -0.287      0.007    12.7672    161.743     48.685  51.450242     2.3218     10.704    66.4556 2.1210e+03    12.7759     -0.282     -0.409    27.7952 0.0000e+00
     -0.278      0.014    12.7662    161.343     48.717  51.485936     2.3278     10.705    65.8391 2.1538e+03    12.7900     -0.271     -0.394    27.8151 0.0000e+00
     -0.271      0.015    12.7557    160.956     48.726  51.498625     2.3016     10.707    65.9826 2.1705e+03    12.7284     -0.265     -0.383    27.8272 0.0000e+00
     -0.267      0.012    12.7252    160.687     48.703  51.476670     2.2461     10.707    66.4695 2.1781e+03    12.6804     -0.260     -0.377    27.8323 0.0000e+00
     -0.267      0.010    12.6978    160.598     48.699  51.474483     2.2140     10.706    66.9075 2.1676e+03    12.7214     -0.259     -0.377    27.8332 0.0000e+00
     -0.269      0.013    12.6647    160.627     48.697  51.472184     2.2132     10.702    67.2349 2.1478e+03    12.8153     -0.263     -0.381    27.8338 0.0000e+00
     -0.270      0.022    12.6298    160.699     48.679  51.448870     2.2193     10.698    68.0192 2.1279e+03    12.8586     -0.266     -0.386    27.8391 0.0000e+00
     -0.267      0.037    12.6049    160.856     48.685  51.446572     2.2635     10.696    69.0762 1.9825e+03    12.8006     -0.265     -0.385    27.8421 0.0000e+00
     -0.256      0.052    12.6008    161.111     48.690  51.444388     2.3402     10.695    69.2599 1.7803e+03    12.7298     -0.255     -0.369    27.8420 0.0000e+00
     -0.236      0.066    12.6068    161.407     48.673  51.422445     2.3720     10.694    68.8644 1.7272e+03    12.7199     -0.234     -0.339    27.8436 0.0000e+00
     -0.211      0.075    12.6091    161.713     48.685  51.435247     2.3815     10.693    68.6818 1.6810e+03    12.7487     -0.208     -0.301    27.8417 0.0000e+00
     -0.186      0.076    12.6240    162.008     48.716  51.472189     2.4301     10.690    68.6012 1.6356e+03    12.7702     -0.182     -0.264    27.8292 0.0000e+00
     -0.164      0.069    12.6493    162.235     48.724  51.488122     2.4855     10.689    68.8367 1.6922e+03    12.7749     -0.158     -0.230    27.8185 0.0000e+00
     -0.146      0.057    12.6732    162.349     48.729  51.500916     2.4932     10.690    72.5622 1.7529e+03    12.7711     -0.140     -0.203    27.8165 0.0000e+00
     -0.134      0.043    12.6975    162.326     48.721  51.499895     2.4738     10.693    76.3897 1.7503e+03    12.7593     -0.130     -0.188    27.8162 0.0000e+00
     -0.127      0.032    12.7218    162.176     48.694  51.475787     2.4678     10.696    73.9022 1.7715e+03    12.7351     -0.124     -0.180    27.8204 0.0000e+00
     -0.124      0.022    12.7384    161.988     48.683  51.463425     2.4792     10.697    70.7930 1.7817e+03    12.7521     -0.121     -0.176    27.8309 0.0000e+00
     -0.122      0.011    12.7461    161.837     48.703  51.477423     2.5031     10.693    70.3733 1.6310e+03    12.8275     -0.121     -0.175    27.8388 0.0000e+00
     -0.118     -0.001    12.7437    161.642     48.744  51.518029     2.5071     10.688    70.2039 1.3044e+03    12.8272     -0.116     -0.169    27.8445 0.0000e+00
     -0.113     -0.011    12.7272    161.373     48.786  51.573403     2.4603     10.683    70.2935 8.5532e+02    12.7487     -0.108     -0.156    27.8515 0.0000e+00
     -0.115     -0.021    12.7081    161.176     48.829  51.638977     2.3948     10.679    70.3383 9.3628e+02    12.6973     -0.108     -0.155    27.8522 0.0000e+00
     -0.128     -0.030    12.7030    161.097     48.843  51.675926     2.3719     10.678    70.1435 1.7089e+03    12.6835     -0.124     -0.181    27.8410 0.0000e+00
     -0.143     -0.035    12.6932    161.040     48.793  51.639199     2.3839     10.679    69.8311 2.1146e+03    12.7193     -0.142     -0.207    27.8324 0.0000e+00
     -0.153     -0.035    12.6605    160.961     48.727  51.575922     2.3573     10.682    69.5725 2.0162e+03    12.7535     -0.150     -0.217    27.8456 0.0000e+00
     -0.163     -0.028    12.6382    160.842     48.702  51.545840     2.2825     10.688    69.4250 2.0909e+03    12.7214     -0.160     -0.232    27.8707 0.0000e+00
     -0.172     -0.016    12.6329    160.693     48.696  51.529460     2.2375     10.693    69.2527 2.2545e+03    12.6726     -0.172     -0.249    27.8937 0.0000e+00
     -0.176     -0.004    12.6229    160.548     48.683  51.504864     2.2461     10.698    68.9518 2.3116e+03    12.7111     -0.175     -0.253    27.9131 0.0000e+00
     -0.172      0.004    12.6168    160.404     48.693  51.502421     2.2623     10.703    68.7125 2.4926e+03    12.7768     -0.171     -0.248    27.9204 0.0000e+00
     -0.165      0.010    12.6084    160.229     48.703  51.499902     2.2997     10.707    68.6830 2.5753e+03    12.7157     -0.162     -0.235    27.9139 0.0000e+00
     -0.157      0.012    12.5975    160.080     48.687  51.474390     2.3735     10.711    68.9385 2.2751e+03    12.6212     -0.152     -0.222    27.9036 0.0000e+00
     -0.153      0.012    12.5886    160.058     48.669  51.447931     2.4225     10.715    71.4578 1.9971e+03    12.6245     -0.149     -0.216    27.8917 0.0000e+00
     -0.153      0.009    12.5828    160.103     48.668  51.433966     2.4339     10.721    93.7230 1.9516e+03    12.6878     -0.150     -0.218    27.8770 0.0000e+00
     -0.153      0.005    12.5717    160.223     48.683  51.432521     2.4695     10.730   116.9377 1.9475e+03    12.8054     -0.151     -0.219    27.8619 0.0000e+00
     -0.152      0.003    12.5541    160.508     48.696  51.430430     2.5370     10.737   103.2337 1.9137e+03    12.9537     -0.149     -0.217    27.8558 0.0000e+00
     -0.152      0.003    12.5589    160.833     48.685  51.408657     2.5759     10.737    90.5567 1.9054e+03    13.0115     -0.149     -0.216    27.8522 0.0000e+00
     -0.151      0.005    12.5669    161.091     48.642  51.359747     2.5822     10.734    94.4416 1.9007e+03    12.9921     -0.148     -0.214    27.8363 0.0000e+00
     -0.150      0.010    12.5721    161.353     48.632  51.347032     2.5892     10.731    86.0196 1.8506e+03    12.9584     -0.146     -0.211    27.8162 0.0000e+00
     -0.150      0.016    12.6065    161.632     48.670  51.381916     2.6022     10.728    76.6597 1.8093e+03    12.9113     -0.148     -0.215    27.7991 0.0000e+00
     -0.148      0.023    12.6389    161.887     48.691  51.400533     2.6142     10.726    74.8823 1.7747e+03    12.8668     -0.147     -0.215    27.7886 0.0000e+00
     -0.139      0.031    12.6535    162.153     48.674  51.381633     2.6251     10.726    74.3376 1.7083e+03    12.7960     -0.137     -0.198    27.7875 0.0000e+00
     -0.128      0.037    12.6750    162.464     48.639  51.343878     2.6680     10.726    74.2039 1.6825e+03    12.7722     -0.125     -0.181    27.7870 0.0000e+00
     -0.117      0.037    12.7009    162.754     48.623  51.325023     2.7410     10.725    73.8682 1.6838e+03    12.8866     -0.116     -0.168    27.7800 0.0000e+00
     -0.104      0.030    12.7207    162.959     48.646  51.344146     2.7844     10.724    73.2905 1.6443e+03    13.0179     -0.103     -0.149    27.7740 0.0000e+00
     -0.091      0.015    12.7388    163.074     48.686  51.384600     2.7921     10.723    72.9825 1.4701e+03    13.0277     -0.088     -0.127    27.7749 0.0000e+00
     -0.083     -0.003    12.7667    163.087     48.726  51.433164     2.8094     10.722    72.8980 1.0487e+03    12.9023     -0.077     -0.112    27.7748 0.0000e+00
     -0.087     -0.020    12.7925    163.032     48.761  51.486851     2.8271     10.722    72.6992 9.8418e+02    12.7317     -0.080     -0.116    27.7723 0.0000e+00
