Data/DataNotYetUploadedToEDI/Raw_CTD/RawDownloads/062424_bvr50_S8188001.cnv
* Sea-Bird SBE19plus  Data File:
* FileName = C:\R\Reservoirs\Data\DataNotYetUploadedToEDI\Raw_CTD\RawDownloads\062424_bvr50_S8188_0001.hex
* Software version 2.8.0.119
* Temperature SN = 8188
* Conductivity SN = 8188
* System UpLoad Time = Jul 02 2024 12:02:47
* <ApplicationData>
* <Seaterm232>
# nquan = 16
# nvalues = 1877                        
# units = specified
# name 0 = depFM: Depth [fresh water, m]
# name 1 = dz/dtM: Descent Rate [m/s]
# name 2 = sbeox0Mg/L: Oxygen, SBE 43 [mg/l]
# name 3 = sbeox0PS: Oxygen, SBE 43 [% saturation]
# name 4 = specc: Specific Conductance [uS/cm]
# name 5 = c0uS/cm: Conductivity [uS/cm]
# name 6 = wetCDOM: Fluorescence, WET Labs CDOM [mg/m^3]
# name 7 = flECO-AFL: Fluorescence, WET Labs ECO-AFL/FL [mg/m^3]
# name 8 = flECO-AFL1: Fluorescence, WET Labs ECO-AFL/FL, 2 [mg/m^3]
# name 9 = flECO-AFL2: Fluorescence, WET Labs ECO-AFL/FL, 3 [mg/m^3]
# name 10 = par/sat/log: PAR/Logarithmic, Satlantic
# name 11 = turbWETntu0: Turbidity, WET Labs ECO [NTU]
# name 12 = prdM: Pressure, Strain Gauge [db]
# name 13 = prdE: Pressure, Strain Gauge [psi]
# name 14 = tv290C: Temperature [ITS-90, deg C]
# name 15 = flag:  0.000e+00
# span 0 =     -0.619,      9.567       
# span 1 =     -0.235,      0.084       
# span 2 =    -4.4279,     9.9446       
# span 3 =    -43.804,    126.114       
# span 4 =     26.817,    106.541       
# span 5 =  28.262387,  74.728293       
# span 6 =    -4.5000,    44.4600       
# span 7 =     0.1656,     3.3089       
# span 8 =    -2.1300,     0.4260       
# span 9 =    -2.0304,    12.9861       
# span 10 = 1.1580e-01, 1.5146e+03      
# span 11 =    -0.6872,    23.3320      
# span 12 =     -0.607,      9.382      
# span 13 =     -0.881,     13.607      
# span 14 =    10.0668,    27.9822      
# span 15 = 0.0000e+00, 0.0000e+00      
# interval = seconds: 0.25
# start_time = Jun 24 2024 09:44:03 [Instrument's time stamp, header]
# bad_flag = -9.990e-29
*END*
[from data line 1537]
      4.410     -0.082     0.0431      0.371     42.192  31.551331    31.4100     0.2838     0.0426     0.8460 1.1605e-01    -0.3246      4.324      6.272    12.2749 0.0000e+00
      4.387     -0.082     0.0418      0.367     42.181  31.568601    31.4100     0.2724     0.0426     0.8460 1.2549e-01    -0.3851      4.303      6.240    12.3101 0.0000e+00
      4.367     -0.081     0.0406      0.365     42.161  31.582165    31.4100     0.2953     0.0426     0.8460 1.1607e-01    -0.3397      4.283      6.212    12.3374 0.0000e+00
      4.349     -0.080     0.0400      0.369     42.160  31.611576    31.4100     0.2800     0.0852     0.8883 1.1612e-01    -0.4002      4.265      6.185    12.3612 0.0000e+00
      4.330     -0.079     0.0396      0.377     42.181  31.652726    31.4100     0.3372     0.0852     0.8883 1.1605e-01    -0.3549      4.247      6.159    12.3868 0.0000e+00
      4.310     -0.078     0.0391      0.383     42.195  31.682732    31.4100     0.3487     0.0852     0.8883 1.1623e-01    -0.3851      4.227      6.131    12.4173 0.0000e+00
      4.289     -0.077     0.0389      0.389     42.200  31.699636    31.4100     0.3563     0.0852     0.8883 1.3763e-01    -0.3549      4.206      6.100    12.4516 0.0000e+00
      4.267     -0.075     0.0394      0.398     42.194  31.707945    31.5900     0.3334     0.0852     0.7191 1.1600e-01    -0.4153      4.184      6.069    12.4866 0.0000e+00
      4.247     -0.073     0.0402      0.411     42.169  31.705893    31.5900     0.3220     0.0852     0.7191 1.1617e-01     0.0228      4.165      6.041    12.5174 0.0000e+00
      4.230     -0.072     0.0408      0.421     42.131  31.698907    31.5900     0.3449     0.0852     0.7191 1.1605e-01    -0.1131      4.148      6.016    12.5400 0.0000e+00
      4.214     -0.072     0.0414      0.423     42.086  31.691101    31.5900     0.3220     0.0852     0.7191 1.1617e-01    -0.2038      4.133      5.994    12.5562 0.0000e+00
      4.198     -0.073     0.0424      0.420     42.045  31.688362    31.5900     0.3296     0.0852     0.7191 1.2328e-01    -0.1131      4.117      5.971    12.5716 0.0000e+00
      4.180     -0.076     0.0437      0.416     42.024  31.697926    31.7700     0.3449     0.0852     0.8883 1.1617e-01    -0.4455      4.099      5.945    12.5912 0.0000e+00
      4.159     -0.079     0.0447      0.412     42.016  31.712387    31.7700     0.3334     0.0852     0.8883 1.1610e-01    -0.4908      4.078      5.915    12.6168 0.0000e+00
      4.136     -0.081     0.0449      0.407     42.007  31.721660    31.7700     0.3754     0.0852     0.8883 1.1620e-01    -0.2793      4.056      5.883    12.6477 0.0000e+00
      4.114     -0.082     0.0446      0.401     41.982  31.720250    31.7700     0.3258     0.0852     0.8883 1.1617e-01    -0.3397      4.034      5.851    12.6809 0.0000e+00
      4.093     -0.082     0.0442      0.395     41.927  31.701806    32.0400     0.3296     0.0426     0.7614 1.1605e-01    -0.3246      4.014      5.821    12.7113 0.0000e+00
      4.073     -0.083     0.0437      0.390     41.849  31.673361    32.0400     0.3487     0.0426     0.7614 1.3198e-01    -0.3700      3.995      5.794    12.7356 0.0000e+00
      4.054     -0.084     0.0431      0.384     41.772  31.647250    32.0400     0.3525     0.0426     0.7614 1.2097e-01    -0.3700      3.976      5.766    12.7549 0.0000e+00
      4.033     -0.084     0.0425      0.381     41.726  31.638419    32.0400     0.3182     0.0426     0.7614 1.1595e-01    -0.3549      3.955      5.737    12.7755 0.0000e+00
      4.010     -0.084     0.0418      0.383     41.716  31.650490    32.5800     0.3868     0.0852     0.8460 1.3745e-01    -0.0678      3.933      5.704    12.8038 0.0000e+00
      3.986     -0.083     0.0412      0.390     41.713  31.664774    32.5800     0.3945     0.0852     0.8460 1.4643e-01    -0.0376      3.909      5.670    12.8404 0.0000e+00
      3.964     -0.080     0.0406      0.399     41.724  31.691054    32.5800     0.3868     0.0852     0.8460 1.2872e-01    -0.0678      3.887      5.638    12.8785 0.0000e+00
      3.944     -0.078     0.0402      0.406     41.761  31.742314    32.5800     0.3983     0.0852     0.8460 1.4932e-01    -0.1283      3.868      5.610    12.9099 0.0000e+00
      3.926     -0.075     0.0403      0.409     41.813  31.812306    33.0300     0.4135     0.0852     0.8037 1.3212e-01    -0.1434      3.851      5.585    12.9332 0.0000e+00
      3.910     -0.074     0.0411      0.410     41.850  31.877869    33.0300     0.4250     0.0852     0.8037 1.2881e-01    -0.0678      3.834      5.561    12.9528 0.0000e+00
      3.892     -0.074     0.0421      0.410     41.849  31.912669    33.0300     0.3716     0.0852     0.8037 1.4932e-01    -0.0980      3.817      5.536    12.9738 0.0000e+00
      3.873     -0.074     0.0428      0.406     41.836  31.931964    33.0300     0.3983     0.0852     0.8037 1.3310e-01    -0.0376      3.798      5.509    13.0012 0.0000e+00
      3.852     -0.073     0.0431      0.399     41.844  31.962810    33.0300     0.4936     0.0852     0.8037 1.5882e-01    -0.0678      3.778      5.479    13.0381 0.0000e+00
      3.831     -0.072     0.0432      0.397     41.881  32.015423    33.7500     0.4631     0.0426     0.8460 1.4409e-01    -0.0980      3.757      5.449    13.0822 0.0000e+00
      3.813     -0.069     0.0431      0.403     41.932  32.081925    33.7500     0.4708     0.0426     0.8460 1.3192e-01    -0.2340      3.739      5.423    13.1251 0.0000e+00
      3.797     -0.067     0.0427      0.408     41.991  32.158141    33.7500     0.4898     0.0426     0.8460 1.4864e-01    -0.0829      3.723      5.400    13.1601 0.0000e+00
      3.782     -0.066     0.0419      0.407     42.061  32.244478    33.7500     0.5280     0.0426     0.8460 1.2317e-01    -0.1585      3.709      5.378    13.1893 0.0000e+00
      3.766     -0.068     0.0416      0.399     42.128  32.330101    33.5700     0.5242     0.0852     0.8460 1.3432e-01    -0.1585      3.694      5.357    13.2188 0.0000e+00
      3.750     -0.074     0.0421      0.388     42.183  32.405974    33.5700     0.5127     0.0852     0.8460 1.6133e-01    -0.1283      3.678      5.334    13.2516 0.0000e+00
      3.732     -0.082     0.0427      0.378     42.206  32.454488    33.5700     0.5127     0.0852     0.8460 1.3432e-01    -0.1283      3.660      5.308    13.2878 0.0000e+00
      3.711     -0.092     0.0425      0.371     42.195  32.468661    33.5700     0.5203     0.0852     0.8460 1.4403e-01    -0.0678      3.640      5.278    13.3266 0.0000e+00
      3.687     -0.101     0.0416      0.368     42.199  32.490119    34.0200     0.5432     0.0852     0.9306 1.4864e-01    -0.2038      3.615      5.243    13.3673 0.0000e+00
      3.657     -0.109     0.0404      0.369     42.232  32.534544    34.0200     0.5356     0.0852     0.9306 1.4337e-01    -0.1283      3.587      5.202    13.4079 0.0000e+00
      3.625     -0.114     0.0394      0.377     42.255  32.575937    34.0200     0.5203     0.0852     0.9306 1.4614e-01    -0.2038      3.555      5.156    13.4438 0.0000e+00
      3.593     -0.117     0.0386      0.390     42.282  32.623345    34.0200     0.5509     0.0852     0.9306 1.8185e-01     0.1588      3.524      5.111    13.4711 0.0000e+00
      3.564     -0.118     0.0383      0.404     42.311  32.675469    34.0200     0.5470     0.0852     0.9306 1.5207e-01     0.0681      3.495      5.069    13.4926 0.0000e+00
      3.535     -0.118     0.0384      0.415     42.339  32.728284    35.1000     0.5585     0.0852     0.9729 1.3553e-01     0.1890      3.467      5.028    13.5155 0.0000e+00
      3.506     -0.117     0.0392      0.421     42.399  32.803842    35.1000     0.5623     0.0852     0.9729 1.4393e-01     0.1890      3.439      4.987    13.5434 0.0000e+00
      3.476     -0.115     0.0406      0.424     42.471  32.888431    35.1000     0.5966     0.0852     0.9729 1.7690e-01     0.0983      3.408      4.943    13.5752 0.0000e+00
      3.444     -0.112     0.0420      0.425     42.518  32.954813    35.1000     0.6424     0.0852     0.9729 1.7922e-01     0.1134      3.377      4.898    13.6102 0.0000e+00
      3.414     -0.108     0.0431      0.420     42.557  33.016707    35.2800     0.6157     0.0852     1.0575 1.6534e-01     0.1286      3.348      4.856    13.6468 0.0000e+00
      3.388     -0.105     0.0437      0.409     42.621  33.098586    35.2800     0.6157     0.0852     1.0575 1.9342e-01     0.2192      3.322      4.818    13.6816 0.0000e+00
      3.364     -0.101     0.0440      0.393     42.684  33.180456    35.2800     0.6081     0.0852     1.0575 1.6707e-01     0.0379      3.298      4.784    13.7152 0.0000e+00
      3.341     -0.098     0.0440      0.379     42.710  33.232361    35.2800     0.6844     0.0852     1.0575 1.5827e-01     0.1286      3.276      4.751    13.7505 0.0000e+00
      3.316     -0.095     0.0435      0.371     42.707  33.250219    36.9000     0.7073     0.0426     0.9729 1.8718e-01     0.2343      3.252      4.716    13.7874 0.0000e+00
      3.290     -0.092     0.0423      0.369     42.697  33.252735    36.9000     0.6920     0.0426     0.9729 1.7575e-01     0.1437      3.226      4.679    13.8249 0.0000e+00
      3.264     -0.089     0.0406      0.373     42.711  33.270458    36.9000     0.6806     0.0426     0.9729 2.2697e-01     0.1890      3.201      4.642    13.8644 0.0000e+00
      3.241     -0.085     0.0391      0.381     42.743  33.306123    36.9000     0.7302     0.0426     0.9729 2.0699e-01     0.4156      3.178      4.610    13.9012 0.0000e+00
      3.221     -0.081     0.0383      0.394     42.783  33.351311    37.2600     0.7340     0.0426     0.8883 1.9355e-01     0.3249      3.159      4.582    13.9255 0.0000e+00
      3.203     -0.077     0.0382      0.408     42.789  33.372261    37.2600     0.7302     0.0426     0.8883 1.9154e-01     0.3854      3.141      4.556    13.9369 0.0000e+00
      3.185     -0.074     0.0385      0.418     42.717  33.324763    37.2600     0.7302     0.0426     0.8883 1.9326e-01     0.3552      3.124      4.530    13.9454 0.0000e+00
      3.166     -0.070     0.0393      0.426     42.621  33.239974    37.2600     0.8103     0.0426     0.8883 2.0789e-01     0.6875      3.105      4.503    13.9575 0.0000e+00
      3.147     -0.066     0.0407      0.430     42.557  33.165000    37.2600     0.7950     0.0426     0.8883 2.3165e-01     0.6271      3.086      4.475    13.9743 0.0000e+00
      3.128     -0.062     0.0421      0.430     42.528  33.113709    35.4600     0.8217     0.0852     0.9306 2.1436e-01     0.5213      3.068      4.450    13.9930 0.0000e+00
      3.113     -0.058     0.0431      0.427     42.527  33.092338    35.4600     0.8255     0.0852     0.9306 2.3587e-01     0.5817      3.053      4.428    14.0027 0.0000e+00
      3.101     -0.055     0.0439      0.426     42.540  33.095188    35.4600     0.9819     0.0852     0.9306 2.0925e-01     0.8688      3.041      4.410    13.9915 0.0000e+00
      3.090     -0.053     0.0443      0.426     42.582  33.130987    35.4600     0.9667     0.0852     0.9306 2.4769e-01     0.8235      3.030      4.395    13.9617 0.0000e+00
      3.078     -0.054     0.0444      0.427     42.656  33.203304    36.5400     1.0010     0.0852     1.1421 2.2950e-01     0.9141      3.019      4.378    13.9279 0.0000e+00
      3.065     -0.056     0.0441      0.430     42.747  33.297563    36.5400     0.9781     0.0852     1.1421 1.9901e-01     0.8386      3.006      4.360    13.9041 0.0000e+00
      3.049     -0.059     0.0440      0.431     42.880  33.428943    36.5400     0.9857     0.0852     1.1421 2.4443e-01     0.9443      2.990      4.337    13.8947 0.0000e+00
      3.032     -0.062     0.0440      0.430     43.050  33.598616    36.5400     0.9934     0.0852     1.1421 2.5012e-01     0.8990      2.973      4.312    13.8986 0.0000e+00
      3.014     -0.064     0.0441      0.425     43.220  33.786094    35.5500     0.9896     0.0852     0.9729 2.7414e-01     0.8839      2.956      4.287    13.9159 0.0000e+00
      2.998     -0.065     0.0443      0.414     43.401  33.995559    35.5500     0.9781     0.0852     0.9729 2.5039e-01     0.8235      2.940      4.265    13.9430 0.0000e+00
      2.983     -0.066     0.0444      0.398     43.524  34.161362    35.5500     1.2184     0.0852     0.9729 2.5335e-01     1.1709      2.926      4.243    13.9750 0.0000e+00
      2.968     -0.066     0.0443      0.380     43.518  34.214177    35.5500     1.2108     0.0852     0.9729 2.6152e-01     1.0954      2.910      4.221    14.0185 0.0000e+00
      2.950     -0.065     0.0437      0.362     43.510  34.239803    38.3400     1.2642     0.0852     1.1421 2.5324e-01     1.1709      2.893      4.196    14.0817 0.0000e+00
      2.931     -0.062     0.0425      0.348     43.596  34.322764    38.3400     1.2299     0.0852     1.1421 3.1348e-01     1.0954      2.875      4.170    14.1594 0.0000e+00
      2.914     -0.059     0.0408      0.342     43.714  34.433387    38.3400     1.2223     0.0852     1.1421 2.8888e-01     1.4881      2.857      4.144    14.2402 0.0000e+00
      2.899     -0.055     0.0388      0.342     43.794  34.525477    38.3400     1.2490     0.0852     1.1421 3.0881e-01     1.3069      2.842      4.123    14.3064 0.0000e+00
      2.887     -0.051     0.0370      0.346     43.828  34.589727    38.3400     1.2566     0.0852     1.1421 3.2435e-01     1.3673      2.831      4.105    14.3432 0.0000e+00
      2.877     -0.048     0.0356      0.350     43.878  34.669169    40.3200     1.2528     0.0852     1.2267 2.7714e-01     1.3673      2.821      4.091    14.3610 0.0000e+00
      2.867     -0.046     0.0349      0.356     43.976  34.788974    40.3200     1.2490     0.0852     1.2267 3.1883e-01     1.3220      2.811      4.077    14.3816 0.0000e+00
      2.856     -0.046     0.0348      0.364     44.087  34.921329    40.3200     1.2566     0.0852     1.2267 2.8329e-01     1.3673      2.801      4.062    14.4146 0.0000e+00
      2.843     -0.048     0.0352      0.373     44.210  35.067665    40.3200     1.2299     0.0852     1.2267 3.2534e-01     1.3220      2.788      4.044    14.4567 0.0000e+00
      2.829     -0.049     0.0356      0.382     44.337  35.225175    39.0600     1.2528     0.0852     0.9729 2.9242e-01     1.2615      2.775      4.024    14.5022 0.0000e+00
      2.816     -0.050     0.0362      0.386     44.407  35.344225    39.0600     1.2375     0.0852     0.9729 3.1876e-01     1.8356      2.761      4.005    14.5503 0.0000e+00
      2.803     -0.052     0.0369      0.384     44.415  35.406763    39.0600     1.2375     0.0852     0.9729 2.9465e-01     1.8809      2.749      3.987    14.6007 0.0000e+00
      2.791     -0.054     0.0379      0.376     44.455  35.483258    39.0600     1.2223     0.0852     0.9729 3.2071e-01     1.7903      2.737      3.970    14.6555 0.0000e+00
      2.779     -0.057     0.0387      0.367     44.576  35.614028    40.4100     1.2604     0.0426     1.1421 3.1559e-01     1.8507      2.725      3.952    14.7203 0.0000e+00
      2.764     -0.060     0.0391      0.362     44.705  35.746292    40.4100     1.2413     0.0426     1.1421 3.1450e-01     1.5788      2.711      3.932    14.7912 0.0000e+00
      2.748     -0.063     0.0388      0.359     44.842  35.883451    40.4100     1.2375     0.0426     1.1421 3.2563e-01     1.5939      2.694      3.908    14.8554 0.0000e+00
      2.729     -0.065     0.0380      0.360     45.036  36.070047    40.4100     1.2375     0.0426     1.1421 3.3090e-01     1.5637      2.676      3.882    14.9048 0.0000e+00
      2.711     -0.067     0.0371      0.372     45.209  36.252246    40.7700     1.2146     0.0852     1.1844 3.2747e-01     1.6543      2.658      3.856    14.9431 0.0000e+00
      2.694     -0.068     0.0365      0.391     45.233  36.321253    40.7700     1.1727     0.0852     1.1844 3.4261e-01     1.8054      2.642      3.831    14.9764 0.0000e+00
