Data/DataNotYetUploadedToEDI/Raw_CTD/RawDownloads/062526_ccr88_S8188026.cnv
* Sea-Bird SBE19plus  Data File:
* FileName = C:\R\Reservoirs\Data\DataNotYetUploadedToEDI\Raw_CTD\RawDownloads\062526_ccr50_S8188_0026.hex
* Software version 2.8.0.119
* Temperature SN = 8188
* Conductivity SN = 8188
* System UpLoad Time = Jun 29 2026 18:18:39
* <ApplicationData>
* <Seaterm232>
# nquan = 16
# nvalues = 231                         
# units = specified
# name 0 = depFM: Depth [fresh water, m]
# name 1 = dz/dtM: Descent Rate [m/s]
# name 2 = sbeox0Mg/L: Oxygen, SBE 43 [mg/l]
# name 3 = sbeox0PS: Oxygen, SBE 43 [% saturation]
# name 4 = specc: Specific Conductance [uS/cm]
# name 5 = c0uS/cm: Conductivity [uS/cm]
# name 6 = wetCDOM: Fluorescence, WET Labs CDOM [mg/m^3]
# name 7 = flECO-AFL: Fluorescence, WET Labs ECO-AFL/FL [mg/m^3]
# name 8 = flECO-AFL1: Fluorescence, WET Labs ECO-AFL/FL, 2 [mg/m^3]
# name 9 = flECO-AFL2: Fluorescence, WET Labs ECO-AFL/FL, 3 [mg/m^3]
# name 10 = par/sat/log: PAR/Logarithmic, Satlantic
# name 11 = turbWETntu0: Turbidity, WET Labs ECO [NTU]
# name 12 = prdM: Pressure, Strain Gauge [db]
# name 13 = prdE: Pressure, Strain Gauge [psi]
# name 14 = tv290C: Temperature [ITS-90, deg C]
# name 15 = flag:  0.000e+00
# span 0 =     -0.423,      0.299       
# span 1 =     -0.001,      0.151       
# span 2 =     3.9252,     7.8481       
# span 3 =     47.835,     95.566       
# span 4 =     16.622,    150.974       
# span 5 =  16.425614, 153.322222       
# span 6 =    -4.5000,    12.3300       
# span 7 =    -0.8835,     0.2533       
# span 8 =    -2.1300,     0.1704       
# span 9 =    -2.0304,     0.9306       
# span 10 = 2.6819e+02, 2.3033e+03      
# span 11 =    -1.2914,     1.2313      
# span 12 =     -0.415,      0.293      
# span 13 =     -0.602,      0.425      
# span 14 =    22.6948,    25.7739      
# span 15 = 0.0000e+00, 0.0000e+00      
# interval = seconds: 0.25
# start_time = Jun 25 2026 10:06:22 [Instrument's time stamp, header]
# bad_flag = -9.990e-29
*END*
[from data line 91]
      0.256      0.000     5.7819     69.886    150.752 152.989837     7.6500     0.1465     0.0852     0.1269 4.3436e+02     0.6120      0.251      0.364    25.7615 0.0000e+00
      0.256      0.000     5.7732     69.482    150.720 152.944431     7.6500     0.1732     0.0852     0.1269 3.8201e+02     0.7177      0.251      0.364    25.7559 0.0000e+00
      0.256      0.000     5.7539     69.093    150.681 152.893693     7.6500     0.1503     0.0852     0.0846 5.4320e+02     0.7177      0.251      0.365    25.7489 0.0000e+00
      0.256      0.000     5.7266     68.734    150.637 152.840123     7.6500     0.1579     0.0852     0.0846 6.4816e+02     0.6724      0.251      0.365    25.7419 0.0000e+00
      0.256      0.000     5.6951     68.408    150.595 152.789467     7.6500     0.1427     0.0852     0.0846 9.4067e+02     0.6724      0.251      0.365    25.7361 0.0000e+00
      0.256      0.000     5.6626     68.099    150.558 152.744247     7.6500     0.1923     0.0852     0.0846 9.7607e+02     0.6724      0.251      0.365    25.7317 0.0000e+00
      0.256      0.000     5.6312     67.788    150.523 152.700417     7.6500     0.1732     0.0852     0.0846 5.3756e+02     0.7328      0.251      0.365    25.7282 0.0000e+00
      0.256      0.000     5.6023     67.458    150.493 152.662317     7.6500     0.1732     0.0852     0.0846 6.6226e+02     0.7026      0.251      0.365    25.7252 0.0000e+00
      0.256      0.000     5.5760     67.089    150.466 152.627801     7.6500     0.1808     0.0852     0.0846 6.0831e+02     0.7177      0.251      0.365    25.7224 0.0000e+00
      0.257      0.000     5.5511     66.669    150.436 152.587662     7.6500     0.1389     0.0852     0.0846 5.5465e+02     0.8990      0.252      0.366    25.7198 0.0000e+00
      0.257      0.000     5.5260     66.198    150.408 152.549230     7.6500     0.1846     0.0852     0.0846 6.2533e+02     0.9292      0.252      0.366    25.7173 0.0000e+00
      0.257      0.001     5.4993     65.683    150.386 152.516279     7.6500     0.1656     0.0426     0.1269 7.3251e+02     0.9594      0.252      0.366    25.7147 0.0000e+00
      0.257      0.001     5.4695     65.138    150.361 152.480022     7.6500     0.1846     0.0426     0.1269 6.1189e+02     0.9443      0.252      0.366    25.7121 0.0000e+00
      0.257      0.000     5.4356     64.587    150.328 152.436800     7.6500     0.1694     0.0426     0.1269 4.5801e+02     0.6271      0.252      0.366    25.7092 0.0000e+00
      0.257      0.000     5.3975     64.046    150.286 152.385103     7.6500     0.1846     0.0426     0.1269 8.8958e+02     0.6875      0.252      0.367    25.7057 0.0000e+00
      0.258      0.001     5.3558     63.527    150.243 152.331182     7.6500     0.1503     0.0852     0.0846 1.0014e+03     0.7177      0.253      0.367    25.7020 0.0000e+00
      0.258      0.001     5.3118     63.032    150.213 152.288703     7.6500     0.1579     0.0852     0.0846 8.7273e+02     0.6271      0.253      0.367    25.6983 0.0000e+00
      0.258      0.001     5.2671     62.563    150.188 152.250347     7.6500     0.1808     0.0852     0.0846 7.7914e+02     0.8990      0.253      0.367    25.6951 0.0000e+00
      0.258      0.001     5.2233     62.113    150.158 152.205885     7.6500     0.1503     0.0852     0.0846 9.1447e+02     0.9292      0.253      0.368    25.6920 0.0000e+00
      0.259      0.001     5.1813     61.680    150.134 152.167499     7.6500     0.1656     0.0852     0.0846 9.2105e+02     0.9745      0.254      0.368    25.6887 0.0000e+00
      0.259      0.001     5.1413     61.268    150.130 152.148995     7.5600     0.1732     0.0426     0.2961 9.2466e+02     1.0349      0.254      0.369    25.6848 0.0000e+00
      0.260      0.000     5.1035     60.882    150.139 152.145438     7.5600     0.1618     0.0426     0.2961 9.5633e+02     0.6724      0.254      0.369    25.6804 0.0000e+00
      0.260      0.000     5.0672     60.525    150.130 152.127829     7.5600     0.1732     0.0426     0.2961 8.0216e+02     0.7630      0.255      0.370    25.6758 0.0000e+00
      0.260     -0.001     5.0323     60.204    150.077 152.067431     7.5600     0.1656     0.0426     0.2961 6.9017e+02     0.7328      0.254      0.369    25.6710 0.0000e+00
      0.259     -0.001     4.9992     59.922    150.000 151.982198     7.6500     0.1541     0.0852     0.2961 8.1996e+02     0.7781      0.254      0.368    25.6662 0.0000e+00
      0.258     -0.001     4.9680     59.670    149.954 151.925529     7.6500     0.1465     0.0852     0.2961 7.7948e+02     0.7479      0.253      0.368    25.6621 0.0000e+00
      0.258     -0.001     4.9391     59.437    149.952 151.912363     7.6500     0.0931     0.0852     0.2961 7.2728e+02     0.7177      0.253      0.367    25.6592 0.0000e+00
      0.257     -0.001     4.9131     59.220    149.958 151.909139     7.6500     0.1122     0.0852     0.2961 5.5937e+02     0.6724      0.252      0.366    25.6570 0.0000e+00
      0.257     -0.001     4.8903     59.016    149.947 151.886949     7.6500     0.1274     0.0852     0.0000 5.5901e+02     0.6120      0.252      0.366    25.6545 0.0000e+00
      0.257     -0.001     4.8700     58.826    149.922 151.847889     7.6500     0.1885     0.0852     0.0000 7.3045e+02     0.8386      0.252      0.366    25.6511 0.0000e+00
      0.257      0.000     4.8514     58.641    149.902 151.809589     7.6500     0.1732     0.0852     0.0000 6.2792e+02     1.0500      0.252      0.366    25.6475 0.0000e+00
      0.257     -0.000     4.8339     58.455    149.892 151.779866     7.6500     0.1923     0.0852     0.0000 5.2270e+02     0.9141      0.252      0.366    25.6443 0.0000e+00
      0.257      0.000     4.8177     58.274    149.892 151.758806     7.6500     0.1770     0.0852     0.0846 4.9399e+02     1.0198      0.252      0.366    25.6407 0.0000e+00
      0.257      0.000     4.8025     58.102    149.898 151.744799     7.6500     0.1656     0.0852     0.0846 3.7266e+02     1.0500      0.252      0.366    25.6360 0.0000e+00
      0.257      0.001     4.7879     57.937    149.897 151.726096     7.6500     0.2037     0.0852     0.0846 3.3299e+02     0.9443      0.252      0.366    25.6301 0.0000e+00
      0.257      0.001     4.7733     57.779    149.877 151.689694     7.6500     0.1579     0.0852     0.0846 3.3068e+02     0.9594      0.252      0.367    25.6234 0.0000e+00
      0.258      0.000     4.7591     57.628    149.847 151.641913     7.6500     0.1427     0.0852     0.0846 3.5166e+02     0.9745      0.253      0.367    25.6165 0.0000e+00
      0.258      0.000     4.7456     57.482    149.829 151.606071     7.6500     0.1541     0.0426     0.0846 3.5534e+02     0.9745      0.253      0.367    25.6099 0.0000e+00
      0.258      0.000     4.7327     57.340    149.834 151.592645     7.6500     0.1541     0.0426     0.0846 3.2015e+02     0.9896      0.253      0.367    25.6040 0.0000e+00
      0.258      0.000     4.7203     57.205    149.848 151.590038     7.6500     0.1808     0.0426     0.0846 3.2562e+02     0.9594      0.253      0.367    25.5985 0.0000e+00
      0.258      0.000     4.7084     57.080    149.858 151.585534     7.6500     0.1846     0.0426     0.0846 3.2725e+02     0.8839      0.253      0.367    25.5929 0.0000e+00
      0.258      0.000     4.6970     56.963    149.865 151.577933     7.6500     0.1846     0.0426     0.2538 3.3575e+02     0.9141      0.253      0.367    25.5869 0.0000e+00
      0.258      0.000     4.6859     56.848    149.871 151.569213     7.6500     0.1732     0.0426     0.2538 3.7755e+02     0.9292      0.253      0.367    25.5809 0.0000e+00
      0.258      0.000     4.6754     56.733    149.873 151.557048     7.6500     0.1656     0.0426     0.2538 3.5265e+02     0.8688      0.253      0.367    25.5752 0.0000e+00
      0.258      0.000     4.6656     56.620    149.872 151.542200     7.6500     0.1961     0.0426     0.2538 3.4157e+02     1.0047      0.253      0.367    25.5701 0.0000e+00
      0.258      0.000     4.6564     56.512    149.865 151.520710     7.7400     0.1579     0.0426     0.1269 3.4763e+02     1.0349      0.253      0.367    25.5652 0.0000e+00
      0.258      0.000     4.6474     56.408    149.850 151.490853     7.7400     0.1618     0.0426     0.1269 3.2975e+02     0.9141      0.253      0.367    25.5605 0.0000e+00
      0.258      0.000     4.6384     56.307    149.834 151.460693     7.7400     0.1503     0.0426     0.1269 3.3707e+02     0.8688      0.253      0.368    25.5558 0.0000e+00
      0.258      0.000     4.6296     56.210    149.818 151.430201     7.7400     0.1732     0.0426     0.1269 3.3047e+02     0.8839      0.253      0.368    25.5510 0.0000e+00
      0.258      0.000     4.6212     56.115    149.802 151.399257     7.7400     0.1579     0.0426     0.1269 3.3942e+02     0.9141      0.253      0.368    25.5462 0.0000e+00
      0.259      0.001     4.6131     56.015    149.792 151.375638     7.7400     0.1885     0.1278     0.0846 3.4740e+02     0.9745      0.254      0.368    25.5414 0.0000e+00
      0.259      0.001     4.6052     55.911    149.791 151.361056     7.7400     0.1694     0.1278     0.0846 3.4877e+02     0.9896      0.254      0.368    25.5366 0.0000e+00
      0.259      0.001     4.5977     55.812    149.794 151.351623     7.7400     0.1732     0.1278     0.0846 3.5473e+02     0.9141      0.254      0.369    25.5319 0.0000e+00
      0.259      0.001     4.5904     55.718    149.798 151.344823     7.7400     0.1427     0.1278     0.0846 3.8060e+02     0.7026      0.254      0.369    25.5272 0.0000e+00
      0.260      0.001     4.5825     55.626    149.802 151.338842     7.7400     0.1885     0.0426     0.0846 3.5250e+02     0.7177      0.254      0.370    25.5225 0.0000e+00
      0.260      0.001     4.5744     55.531    149.801 151.328077     7.7400     0.1770     0.0426     0.0846 3.2932e+02     0.6724      0.255      0.370    25.5180 0.0000e+00
      0.260      0.002     4.5666     55.430    149.793 151.309659     7.7400     0.1999     0.0426     0.0846 3.3090e+02     0.6573      0.255      0.371    25.5139 0.0000e+00
      0.261      0.002     4.5593     55.327    149.785 151.290695     7.7400     0.1541     0.0426     0.0846 3.2789e+02     0.7177      0.256      0.371    25.5102 0.0000e+00
      0.261      0.002     4.5520     55.222    149.785 151.280151     7.6500     0.1846     0.0852     0.2961 3.3386e+02     0.6724      0.256      0.372    25.5069 0.0000e+00
      0.262      0.002     4.5445     55.114    149.793 151.277218     7.6500     0.1923     0.0852     0.2961 3.7616e+02     0.7479      0.257      0.373    25.5037 0.0000e+00
      0.262      0.002     4.5366     55.001    149.792 151.267090     7.6500     0.1694     0.0852     0.2961 3.8326e+02     0.6724      0.257      0.373    25.5003 0.0000e+00
      0.263      0.001     4.5284     54.886    149.779 151.245062     7.6500     0.1618     0.0852     0.2961 3.5527e+02     0.6724      0.257      0.374    25.4966 0.0000e+00
      0.263      0.001     4.5201     54.771    149.767 151.223290     7.7400     0.1732     0.0852     0.1692 3.3126e+02     0.7479      0.258      0.374    25.4929 0.0000e+00
      0.263      0.001     4.5116     54.651    149.759 151.205984     7.7400     0.1579     0.0852     0.1692 3.3758e+02     0.7177      0.258      0.374    25.4894 0.0000e+00
      0.263      0.001     4.5026     54.524    149.755 151.192537     7.7400     0.1618     0.0852     0.1692 3.4485e+02     0.6422      0.258      0.374    25.4863 0.0000e+00
      0.264      0.001     4.4934     54.393    149.760 151.189377     7.7400     0.1694     0.0852     0.1692 3.5150e+02     0.9141      0.259      0.375    25.4833 0.0000e+00
      0.264      0.001     4.4843     54.261    149.774 151.197666     7.7400     0.1618     0.0852     0.1692 3.5242e+02     0.9594      0.259      0.375    25.4801 0.0000e+00
      0.264      0.000     4.4746     54.134    149.783 151.205590     7.8300     0.1694     0.1278     0.0000 4.5901e+02     0.8990      0.259      0.375    25.4769 0.0000e+00
      0.264      0.000     4.4645     54.019    149.770 151.195229     7.8300     0.1618     0.1278     0.0000 5.9163e+02     0.9292      0.259      0.375    25.4737 0.0000e+00
      0.264      0.001     4.4540     53.919    149.732 151.159813     7.8300     0.1427     0.1278     0.0000 5.5081e+02     0.9292      0.259      0.375    25.4710 0.0000e+00
      0.264      0.001     4.4434     53.831    149.691 151.117946     7.8300     0.1732     0.1278     0.0000 4.3958e+02     0.9594      0.259      0.375    25.4691 0.0000e+00
      0.264      0.002     4.4330     53.748    149.676 151.100532     7.6500     0.1694     0.0426     0.0423 4.4092e+02     0.9745      0.259      0.376    25.4687 0.0000e+00
      0.265      0.002     4.4236     53.662    149.695 151.118955     7.6500     0.1351     0.0426     0.0423 4.1166e+02     0.8990      0.260      0.377    25.4696 0.0000e+00
      0.266      0.003     4.4153     53.573    149.723 151.152082     7.6500     0.1579     0.0426     0.0423 3.5082e+02     0.9292      0.261      0.378    25.4705 0.0000e+00
      0.267      0.003     4.4081     53.483    149.727 151.164675     7.6500     0.1732     0.0426     0.0423 3.7879e+02     0.8990      0.262      0.380    25.4703 0.0000e+00
      0.268      0.004     4.4013     53.393    149.694 151.138056     7.8300     0.1579     0.0426     0.2961 3.3184e+02     0.9594      0.263      0.381    25.4696 0.0000e+00
      0.268      0.004     4.3942     53.303    149.653 151.099185     7.8300     0.1923     0.0426     0.2961 3.2975e+02     0.9745      0.263      0.382    25.4696 0.0000e+00
      0.269      0.003     4.3869     53.211    149.644 151.089782     7.8300     0.1656     0.0426     0.2961 3.3299e+02     0.9443      0.264      0.383    25.4712 0.0000e+00
      0.270      0.003     4.3793     53.116    149.661 151.105337     7.8300     0.1656     0.0426     0.2961 3.8326e+02     0.9292      0.265      0.384    25.4739 0.0000e+00
      0.271      0.003     4.3717     53.024    149.671 151.113937     7.8300     0.1503     0.0426     0.2961 4.5228e+02     0.8537      0.266      0.386    25.4763 0.0000e+00
      0.272      0.003     4.3643     52.935    149.661 151.099846     7.7400     0.1618     0.0426     0.2115 3.3597e+02     0.9443      0.267      0.387    25.4772 0.0000e+00
      0.273      0.002     4.3568     52.842    149.641 151.069324     7.7400     0.1808     0.0426     0.2115 3.4930e+02     0.8235      0.268      0.388    25.4769 0.0000e+00
      0.273      0.002     4.3490     52.742    149.630 151.044280     7.7400     0.2304     0.0426     0.2115 4.0518e+02     0.8235      0.268      0.388    25.4765 0.0000e+00
      0.273      0.002     4.3415     52.629    149.641 151.040071     7.7400     0.2266     0.0426     0.2115 4.6342e+02     1.0047      0.268      0.389    25.4760 0.0000e+00
      0.274      0.001     4.3344     52.496    149.667 151.051567     7.6500     0.2228     0.0852     0.2115 6.3313e+02     0.8839      0.268      0.389    25.4744 0.0000e+00
      0.274      0.001     4.3270     52.347    149.690 151.061801     7.6500     0.2419     0.0852     0.2115 8.1889e+02     0.9443      0.269      0.390    25.4711 0.0000e+00
      0.274      0.001     4.3191     52.187    149.703 151.061481     7.6500     0.2304     0.0852     0.2115 9.2587e+02     0.9745      0.269      0.390    25.4664 0.0000e+00
      0.275      0.001     4.3103     52.018    149.712 151.054527     7.6500     0.2304     0.0852     0.2115 1.0163e+03     0.8537      0.269      0.391    25.4613 0.0000e+00
      0.275      0.001     4.2998     51.845    149.718 151.043093     7.7400     0.2495     0.0852     0.2538 1.0677e+03     0.9443      0.270      0.391    25.4565 0.0000e+00
