Data/DataNotYetUploadedToEDI/Raw_CTD/RawDownloads/062526_ccr50_S8188027.cnv
* Sea-Bird SBE19plus  Data File:
* FileName = C:\R\Reservoirs\Data\DataNotYetUploadedToEDI\Raw_CTD\RawDownloads\062526_ccr50_S8188_0027.hex
* Software version 2.8.0.119
* Temperature SN = 8188
* Conductivity SN = 8188
* System UpLoad Time = Jun 29 2026 18:18:45
* <ApplicationData>
* <Seaterm232>
# nquan = 16
# nvalues = 205                         
# units = specified
# name 0 = depFM: Depth [fresh water, m]
# name 1 = dz/dtM: Descent Rate [m/s]
# name 2 = sbeox0Mg/L: Oxygen, SBE 43 [mg/l]
# name 3 = sbeox0PS: Oxygen, SBE 43 [% saturation]
# name 4 = specc: Specific Conductance [uS/cm]
# name 5 = c0uS/cm: Conductivity [uS/cm]
# name 6 = wetCDOM: Fluorescence, WET Labs CDOM [mg/m^3]
# name 7 = flECO-AFL: Fluorescence, WET Labs ECO-AFL/FL [mg/m^3]
# name 8 = flECO-AFL1: Fluorescence, WET Labs ECO-AFL/FL, 2 [mg/m^3]
# name 9 = flECO-AFL2: Fluorescence, WET Labs ECO-AFL/FL, 3 [mg/m^3]
# name 10 = par/sat/log: PAR/Logarithmic, Satlantic
# name 11 = turbWETntu0: Turbidity, WET Labs ECO [NTU]
# name 12 = prdM: Pressure, Strain Gauge [db]
# name 13 = prdE: Pressure, Strain Gauge [psi]
# name 14 = tv290C: Temperature [ITS-90, deg C]
# name 15 = flag:  0.000e+00
# span 0 =     -0.450,      0.283       
# span 1 =     -0.020,      0.162       
# span 2 =     7.4182,     7.8534       
# span 3 =     89.429,     93.935       
# span 4 =      1.993,    150.616       
# span 5 =   1.869607, 151.746030       
# span 6 =    -4.5000,     8.0100       
# span 7 =    -0.2808,     0.7187       
# span 8 =    -2.1300,     0.1278       
# span 9 =    -2.0304,     0.3807       
# span 10 = 9.5786e+01, 2.0942e+03      
# span 11 =    -2.2432,     2.3945      
# span 12 =     -0.441,      0.278      
# span 13 =     -0.640,      0.403      
# span 14 =    21.8245,    25.6889      
# span 15 = 0.0000e+00, 0.0000e+00      
# interval = seconds: 0.25
# start_time = Jun 25 2026 10:21:38 [Instrument's time stamp, header]
# bad_flag = -9.990e-29
*END*
[from data line 181]
      0.277      0.001     7.7610     93.453    150.608 149.565148     7.6500     0.1732     0.0852     0.0846 1.0439e+02     0.7328      0.271      0.393    24.6472 0.0000e+00
      0.277      0.000     7.7623     93.464    150.616 149.582312     7.6500     0.1846     0.0852     0.0846 1.0535e+02     0.7630      0.272      0.394    24.6474 0.0000e+00
      0.277      0.000     7.7648     93.465    150.598 149.582919     7.6500     0.1694     0.0426     0.2961 1.0599e+02     0.7479      0.271      0.393    24.6474 0.0000e+00
      0.276      0.000     7.7674     93.462    150.557 149.567132     7.6500     0.1808     0.0426     0.2961 1.0697e+02     0.6120      0.270      0.392    24.6474 0.0000e+00
      0.275      0.000     7.7693     93.460    150.510 149.546767     7.6500     0.2304     0.0426     0.2961 1.0792e+02     0.7177      0.270      0.392    24.6480 0.0000e+00
      0.275      0.000     7.7698     93.457    150.479 149.536430     7.6500     0.2152     0.0426     0.2961 1.0729e+02     0.6422      0.270      0.391    24.6509 0.0000e+00
      0.276      0.000     7.7690     93.451    150.473 149.541376     7.6500     0.2190     0.0426     0.2961 1.0701e+02     0.6422      0.270      0.392    24.6571 0.0000e+00
      0.276      0.000     7.7676     93.443    150.488 149.558921     7.6500     0.2419     0.0852     0.2538 1.0708e+02     0.7328      0.270      0.392    24.6655 0.0000e+00
      0.276      0.001     7.7662     93.434    150.510 149.581721     7.6500     0.2266     0.0852     0.2538 1.0776e+02     0.9745      0.271      0.393    24.6740 0.0000e+00
      0.276      0.001     7.7649     93.426    150.516 149.595824     7.6500     0.2381     0.0852     0.2538 1.0804e+02     0.9292      0.270      0.392    24.6809 0.0000e+00
      0.276      0.001     7.7639     93.419    150.500 149.592971     7.6500     0.2381     0.0852     0.2538 1.0795e+02     1.0198      0.270      0.392    24.6846 0.0000e+00
      0.276      0.002     7.7631     93.417    150.474 149.576412     7.6500     0.2571     0.0852     0.3807 1.0804e+02     0.9141      0.270      0.392    24.6855 0.0000e+00
      0.276      0.003     7.7623     93.422    150.449 149.553749     7.6500     0.1808     0.0852     0.3807 1.0781e+02     0.9443      0.271      0.393    24.6859 0.0000e+00
      0.277      0.003     7.7612     93.433    150.438 149.538971     7.6500     0.1808     0.0852     0.3807 1.0734e+02     0.9141      0.272      0.395    24.6885 0.0000e+00
      0.279      0.004     7.7600     93.455    150.450 149.544162     7.6500     0.1846     0.0852     0.3807 1.0724e+02     0.9745      0.273      0.396    24.6928 0.0000e+00
      0.280      0.004     7.7594     93.483    150.481 149.566700     7.6500     0.1846     0.0852     0.1692 1.0685e+02     0.8537      0.275      0.398    24.6960 0.0000e+00
      0.281      0.004     7.7597     93.509    150.518 149.592562     7.6500     0.1541     0.0852     0.1692 1.0683e+02     0.7328      0.275      0.399    24.6966 0.0000e+00
      0.281      0.003     7.7609     93.527    150.539 149.604606     7.6500     0.1732     0.0852     0.1692 1.0764e+02     0.6724      0.276      0.400    24.6953 0.0000e+00
      0.281      0.003     7.7630     93.538    150.537 149.598029     7.6500     0.1618     0.0852     0.1692 1.0760e+02     0.6875      0.276      0.400    24.6931 0.0000e+00
      0.282      0.003     7.7658     93.542    150.532 149.591110     7.6500     0.1732     0.0852     0.1692 1.0828e+02     0.7781      0.276      0.401    24.6902 0.0000e+00
      0.282 -9.990e-29     7.7684 -9.990e-29 -9.990e-29 -9.990e-29     7.6500 -9.990e-29     0.0426     0.2115 1.0750e+02 -9.990e-29      0.277      0.402    24.6868 0.0000e+00
      0.283 -9.990e-29     7.7703 -9.990e-29 -9.990e-29 -9.990e-29     7.6500 -9.990e-29     0.0426     0.2115 1.0748e+02 -9.990e-29      0.277      0.402    24.6838 0.0000e+00
      0.283 -9.990e-29     7.7715 -9.990e-29 -9.990e-29 -9.990e-29     7.6500 -9.990e-29     0.0426     0.2115 1.0849e+02 -9.990e-29      0.278      0.403    24.6820 0.0000e+00
      0.283 -9.990e-29     7.7719 -9.990e-29 -9.990e-29 -9.990e-29     7.6500 -9.990e-29     0.0426     0.2115 1.0830e+02 -9.990e-29      0.278      0.403    24.6814 0.0000e+00
