Data/DataNotYetUploadedToEDI/Raw_CTD/RawDownloads/062526_ccr10_S8188029.cnv
* Sea-Bird SBE19plus  Data File:
* FileName = C:\R\Reservoirs\Data\DataNotYetUploadedToEDI\Raw_CTD\RawDownloads\062526_ccr50_S8188_0029.hex
* Software version 2.8.0.119
* Temperature SN = 8188
* Conductivity SN = 8188
* System UpLoad Time = Jun 29 2026 18:18:56
* <ApplicationData>
* <Seaterm232>
# nquan = 16
# nvalues = 196                         
# units = specified
# name 0 = depFM: Depth [fresh water, m]
# name 1 = dz/dtM: Descent Rate [m/s]
# name 2 = sbeox0Mg/L: Oxygen, SBE 43 [mg/l]
# name 3 = sbeox0PS: Oxygen, SBE 43 [% saturation]
# name 4 = specc: Specific Conductance [uS/cm]
# name 5 = c0uS/cm: Conductivity [uS/cm]
# name 6 = wetCDOM: Fluorescence, WET Labs CDOM [mg/m^3]
# name 7 = flECO-AFL: Fluorescence, WET Labs ECO-AFL/FL [mg/m^3]
# name 8 = flECO-AFL1: Fluorescence, WET Labs ECO-AFL/FL, 2 [mg/m^3]
# name 9 = flECO-AFL2: Fluorescence, WET Labs ECO-AFL/FL, 3 [mg/m^3]
# name 10 = par/sat/log: PAR/Logarithmic, Satlantic
# name 11 = turbWETntu0: Turbidity, WET Labs ECO [NTU]
# name 12 = prdM: Pressure, Strain Gauge [db]
# name 13 = prdE: Pressure, Strain Gauge [psi]
# name 14 = tv290C: Temperature [ITS-90, deg C]
# name 15 = flag:  0.000e+00
# span 0 =     -0.453,      0.318       
# span 1 =     -0.002,      0.164       
# span 2 =     7.4788,     7.9465       
# span 3 =     90.166,     94.855       
# span 4 =      2.821,    153.322       
# span 5 =   2.630704, 154.111207       
# span 6 =    -4.5000,    21.4200       
# span 7 =    -0.2846,     1.9051       
# span 8 =    -2.1300,     0.4686       
# span 9 =    -2.0304,     1.0575       
# span 10 = 5.7432e+01, 2.3299e+03      
# span 11 =    -9.9172,    43.7710      
# span 12 =     -0.445,      0.312      
# span 13 =     -0.645,      0.452      
# span 14 =    21.5938,    25.3343      
# span 15 = 0.0000e+00, 0.0000e+00      
# interval = seconds: 0.25
# start_time = Jun 25 2026 11:34:13 [Instrument's time stamp, header]
# bad_flag = -9.990e-29
*END*
[from data line 91]
      0.289      0.000     7.7810     94.245    152.256 152.242970    17.0100     1.3405     0.2556     0.3384 1.1880e+02    18.9361      0.283      0.410    25.0206 0.0000e+00
      0.289      0.000     7.7822     94.247    152.244 152.217260    17.0100     1.3939     0.2556     0.3384 1.2384e+02    19.1929      0.283      0.411    25.0120 0.0000e+00
      0.288      0.000     7.7836     94.245    152.234 152.192556    17.1000     1.3787     0.2982     0.4230 1.2234e+02    19.1173      0.283      0.410    25.0029 0.0000e+00
      0.288     -0.001     7.7848     94.240    152.234 152.178297    17.1000     1.3825     0.2982     0.4230 1.2459e+02    19.2231      0.283      0.410    24.9953 0.0000e+00
      0.288     -0.001     7.7858     94.232    152.238 152.170679    17.1000     1.3863     0.2982     0.4230 1.2351e+02    19.2231      0.283      0.410    24.9898 0.0000e+00
      0.288     -0.001     7.7867     94.227    152.245 152.167670    17.1000     1.3787     0.2982     0.4230 1.1929e+02    18.7397      0.283      0.409    24.9852 0.0000e+00
      0.287     -0.002     7.7872     94.224    152.253 152.168468    17.1000     1.3787     0.2982     0.4230 1.1953e+02    18.6793      0.282      0.409    24.9803 0.0000e+00
      0.287     -0.002     7.7874     94.217    152.259 152.169278    17.1000     1.3787     0.2982     0.4230 1.1547e+02    18.6188      0.282      0.408    24.9756 0.0000e+00
      0.286     -0.002     7.7873     94.203    152.252 152.158296    17.1000     1.3977     0.2982     0.4230 1.1929e+02    18.6490      0.281      0.408    24.9717 0.0000e+00
      0.286     -0.002     7.7874     94.184    152.230 152.128587    17.1000     1.2680     0.2982     0.4230 1.1935e+02    18.3469      0.281      0.407    24.9687 0.0000e+00
      0.285     -0.001     7.7875     94.166    152.204 152.088255    17.1000     1.2719     0.2982     0.4230 1.1992e+02    18.3016      0.280      0.406    24.9663 0.0000e+00
      0.285     -0.001     7.7871     94.156    152.184 152.046580    17.1000     1.2566     0.2982     0.4653 1.2427e+02    18.2261      0.280      0.406    24.9646 0.0000e+00
      0.285     -0.001     7.7861     94.151    152.169 152.004468    17.1000     1.2871     0.2982     0.4653 1.2979e+02    18.3016      0.280      0.405    24.9631 0.0000e+00
      0.285     -0.001     7.7849     94.151    152.154 151.962707    17.1000     1.1765     0.2982     0.4653 1.3172e+02    17.9541      0.280      0.405    24.9606 0.0000e+00
      0.285     -0.000     7.7842     94.156    152.146 151.928191    17.1000     1.1765     0.2982     0.4653 1.4084e+02    17.9239      0.280      0.405    24.9560 0.0000e+00
      0.285     -0.000     7.7843     94.164    152.151 151.907741    17.1900     1.1994     0.2982     0.5499 1.4293e+02    17.9995      0.280      0.405    24.9489 0.0000e+00
      0.284     -0.000     7.7852     94.170    152.170 151.899910    17.1900     1.1917     0.2982     0.5499 1.4655e+02    17.9541      0.279      0.405    24.9401 0.0000e+00
      0.284     -0.000     7.7865     94.173    152.193 151.896598    17.1900     1.2566     0.2982     0.5499 1.5223e+02    18.3771      0.279      0.404    24.9311 0.0000e+00
      0.284     -0.000     7.7882     94.177    152.216 151.892914    17.1900     1.2528     0.2982     0.5499 1.5303e+02    18.5131      0.279      0.404    24.9225 0.0000e+00
      0.284     -0.000     7.7900     94.183    152.239 151.891881    16.9200     1.2490     0.3408     0.5076 1.5343e+02    18.4527      0.279      0.404    24.9140 0.0000e+00
      0.284      0.000     7.7917     94.192    152.269 151.899232    16.9200     1.2528     0.3408     0.5076 1.6021e+02    18.4224      0.279      0.404    24.9053 0.0000e+00
      0.284      0.000     7.7933     94.202    152.304 151.912920    16.9200     1.3596     0.3408     0.5076 1.6813e+02    18.7850      0.279      0.404    24.8965 0.0000e+00
      0.284      0.001     7.7948     94.214    152.341 151.930585    16.9200     1.3138     0.3408     0.5076 1.6871e+02    18.8001      0.279      0.405    24.8880 0.0000e+00
      0.285      0.001     7.7965     94.226    152.385 151.956936    16.9200     1.3176     0.3408     0.5076 1.8117e+02    18.6793      0.279      0.405    24.8800 0.0000e+00
      0.285      0.001     7.7983     94.238    152.430 151.984976    17.1000     1.3214     0.2982     0.5922 1.9914e+02    18.7095      0.280      0.405    24.8725 0.0000e+00
      0.285      0.000     7.8002     94.246    152.467 152.004149    17.1000     1.2070     0.2982     0.5922 2.1997e+02    17.6822      0.280      0.405    24.8655 0.0000e+00
      0.285      0.000     7.8020     94.250    152.517 152.029588    17.1000     1.1917     0.2982     0.5922 2.2751e+02    17.7427      0.280      0.405    24.8591 0.0000e+00
      0.285      0.000     7.8039     94.260    152.593 152.070078    17.1000     1.1994     0.2982     0.5922 2.6311e+02    17.6671      0.280      0.405    24.8534 0.0000e+00
      0.285      0.001     7.8057     94.279    152.685 152.106365    17.1000     1.2070     0.2982     0.5076 3.2414e+02    17.8182      0.280      0.406    24.8480 0.0000e+00
      0.285      0.001     7.8071     94.306    152.778 152.118073    17.1000     1.1383     0.2982     0.5076 4.3163e+02    18.7095      0.280      0.406    24.8422 0.0000e+00
      0.286      0.001     7.8086     94.331    152.866 152.100306    17.1000     1.1650     0.2982     0.5076 8.3852e+02    18.6641      0.280      0.406    24.8344 0.0000e+00
      0.286      0.001     7.8111     94.351    152.957 152.072361    17.1000     1.1193     0.2982     0.5076 8.3145e+02    18.7246      0.281      0.407    24.8227 0.0000e+00
      0.286      0.002     7.8153     94.370    153.062 152.054829    17.1000     1.1421     0.2982     0.5076 7.2412e+02    18.6490      0.281      0.407    24.8047 0.0000e+00
      0.287      0.002     7.8213     94.390    153.165 152.039020    17.1000     1.1727     0.2982     0.5076 7.5826e+02    19.0116      0.282      0.408    24.7783 0.0000e+00
      0.287      0.002     7.8284     94.410    153.229 152.004683    17.1000     1.2108     0.2982     0.5076 7.5909e+02    18.9965      0.282      0.408    24.7439 0.0000e+00
      0.288      0.001     7.8356     94.424    153.247 151.958684    17.1000     1.2223     0.2982     0.5076 8.5156e+02    19.0418      0.283      0.409    24.7051 0.0000e+00
      0.288      0.001     7.8429     94.425    153.236 151.922810    17.1000     1.2108     0.2982     0.5076 8.1641e+02    18.9965      0.283      0.410    24.6652 0.0000e+00
      0.288      0.000     7.8502     94.414    153.215 151.903523    16.7400     1.2070     0.2556     0.4653 8.1570e+02    18.5433      0.283      0.410    24.6267 0.0000e+00
      0.288      0.000     7.8566     94.393    153.190 151.893678    16.7400     1.2108     0.2556     0.4653 8.5769e+02    18.3922      0.283      0.410    24.5946 0.0000e+00
      0.288     -0.001     7.8607     94.364    153.163 151.884644    16.7400     1.2108     0.2556     0.4653 9.1387e+02    18.4376      0.283      0.410    24.5739 0.0000e+00
      0.288     -0.001     7.8621     94.331    153.131 151.872006    16.7400     1.2223     0.2556     0.4653 7.1273e+02    18.4980      0.282      0.409    24.5655 0.0000e+00
      0.287     -0.001     7.8610     94.295    153.081 151.854399    16.6500     1.1193     0.2982     0.5499 7.5843e+02    18.6490      0.282      0.409    24.5663 0.0000e+00
      0.287     -0.001     7.8585     94.258    153.009 151.829132    16.6500     1.1498     0.2982     0.5499 8.2246e+02    18.6188      0.282      0.408    24.5712 0.0000e+00
      0.287     -0.001     7.8554     94.226    152.925 151.797484    16.6500     1.1269     0.2982     0.5499 7.3442e+02    18.7095      0.282      0.408    24.5768 0.0000e+00
      0.287     -0.001     7.8517     94.200    152.853 151.771053    16.6500     1.1193     0.2982     0.5499 8.2928e+02    18.6793      0.281      0.407    24.5832 0.0000e+00
      0.286     -0.001     7.8472     94.182    152.808 151.758821    16.9200     1.1650     0.2982     0.5499 7.0503e+02    19.4346      0.281      0.407    24.5935 0.0000e+00
      0.286     -0.001     7.8419     94.169    152.781 151.757527    16.9200     1.1956     0.2982     0.5499 8.8919e+02    19.5856      0.281      0.406    24.6087 0.0000e+00
      0.285     -0.001     7.8367     94.158    152.763 151.758813    16.9200     1.1956     0.2982     0.5499 7.7223e+02    19.4497      0.280      0.406    24.6256 0.0000e+00
      0.285     -0.001     7.8325     94.144    152.747 151.759016    16.9200     1.1879     0.2982     0.5499 9.3010e+02    19.4195      0.280      0.406    24.6401 0.0000e+00
      0.285     -0.000     7.8295     94.130    152.734 151.762197    16.8300     1.2528     0.2556     0.5076 7.0472e+02    29.3897      0.280      0.406    24.6510 0.0000e+00
      0.285      0.000     7.8272     94.118    152.727 151.777217    16.8300     1.2680     0.2556     0.5076 9.2627e+02    29.3897      0.280      0.406    24.6591 0.0000e+00
      0.285      0.001     7.8253     94.112    152.722 151.808081    16.8300     1.2909     0.2556     0.5076 7.5399e+02    29.3293      0.280      0.406    24.6653 0.0000e+00
      0.286      0.002     7.8235     94.112    152.713 151.851002    16.8300     1.2528     0.2556     0.5076 9.1110e+02    29.3595      0.280      0.406    24.6705 0.0000e+00
      0.286      0.003     7.8215     94.118    152.698 151.905405    16.8300     1.1498     0.2556     0.5076 8.7121e+02    28.8912      0.281      0.407    24.6760 0.0000e+00
      0.287      0.004     7.8194     94.132    152.687 151.975785    16.9200     1.1574     0.2556     0.7191 8.5825e+02    28.8006      0.282      0.408    24.6834 0.0000e+00
      0.288      0.005     7.8173     94.154    152.683 152.060880    16.9200     1.1421     0.2556     0.7191 8.4676e+02    28.8157      0.283      0.409    24.6949 0.0000e+00
      0.289      0.005     7.8148     94.183    152.682 152.153336    16.9200     1.1345     0.2556     0.7191 8.3652e+02    28.9365      0.284      0.411    24.7121 0.0000e+00
      0.291      0.006     7.8120     94.214    152.681 152.241750    16.9200     1.2566     0.2556     0.7191 8.8188e+02    29.4048      0.285      0.414    24.7347 0.0000e+00
      0.292      0.007     7.8094     94.246    152.667 152.303626    17.1000     1.2451     0.3408     0.4653 7.6571e+02    29.3595      0.287      0.416    24.7611 0.0000e+00
      0.294      0.007     7.8070     94.277    152.637 152.325417    17.1000     1.2795     0.3408     0.4653 8.6517e+02    29.2689      0.289      0.419    24.7903 0.0000e+00
      0.296      0.007     7.8050     94.307    152.611 152.326961    17.1000     1.2642     0.3408     0.4653 1.0137e+03    29.3746      0.291      0.421    24.8208 0.0000e+00
      0.298      0.006     7.8033     94.333    152.611 152.338720    17.1000     1.3253     0.3408     0.4653 7.7509e+02    24.1025      0.292      0.424    24.8503 0.0000e+00
      0.299      0.006     7.8024     94.354    152.637 152.375850    17.1900     1.2986     0.2982     0.5076 9.1487e+02    24.0571      0.294      0.426    24.8749 0.0000e+00
      0.301      0.005     7.8026     94.368    152.673 152.432223    17.1900     1.3291     0.2982     0.5076 7.8988e+02    23.9665      0.295      0.428    24.8919 0.0000e+00
      0.302      0.005     7.8037     94.376    152.704 152.494825    17.1900     1.3367     0.2982     0.5076 8.4217e+02    24.0722      0.297      0.430    24.9009 0.0000e+00
      0.303      0.004     7.8053     94.379    152.728 152.558313    17.1900     1.2490     0.2982     0.5076 1.0691e+03    25.2657      0.298      0.432    24.9049 0.0000e+00
      0.305      0.004     7.8065     94.380    152.747 152.619585    17.1900     1.2451     0.2982     0.5076 8.1587e+02    25.3261      0.299      0.433    24.9084 0.0000e+00
      0.306      0.004     7.8067     94.379    152.764 152.676950    17.1900     1.2909     0.3408     0.5076 8.7901e+02    25.2808      0.300      0.435    24.9150 0.0000e+00
      0.306      0.003     7.8059     94.375    152.779 152.729682    17.1900     1.2719     0.3408     0.5076 9.5488e+02    25.2959      0.300      0.436    24.9255 0.0000e+00
      0.307      0.003     7.8043     94.372    152.800 152.783829    17.1900     1.3176     0.3408     0.5076 7.5252e+02    26.4137      0.301      0.437    24.9385 0.0000e+00
      0.308      0.003     7.8024     94.371    152.832 152.845817    17.1900     1.3367     0.3408     0.5076 9.6384e+02    26.5950      0.302      0.438    24.9522 0.0000e+00
      0.309      0.003     7.8004     94.369    152.864 152.904130    17.1900     1.3176     0.2982     0.6345 8.2802e+02    26.5044      0.303      0.439    24.9655 0.0000e+00
      0.310      0.003     7.7983     94.369    152.881 152.946269    17.1900     1.3367     0.2982     0.6345 9.3212e+02    26.4742      0.304      0.440    24.9778 0.0000e+00
      0.310      0.003     7.7965     94.371    152.893 152.979466    17.1900     1.3367     0.2982     0.6345 9.1209e+02    29.6616      0.304      0.442    24.9888 0.0000e+00
      0.311      0.003     7.7950     94.376    152.908 153.012574    17.1900     1.3214     0.2982     0.6345 8.8092e+02    29.6163      0.305      0.443    24.9985 0.0000e+00
      0.312      0.003     7.7936     94.383    152.928 153.046409    17.2800     1.3176     0.2556     0.5076 9.8245e+02    29.5861      0.306      0.444    25.0073 0.0000e+00
      0.313      0.003     7.7924     94.390    152.956 153.085986    17.2800     1.3367     0.2556     0.5076 8.8073e+02    29.6918      0.307      0.445    25.0154 0.0000e+00
      0.314      0.002     7.7915     94.399    152.991 153.131842    17.2800     1.4740     0.2556     0.5076 9.1248e+02    33.9367      0.308      0.446    25.0224 0.0000e+00
      0.314      0.002     7.7911     94.409    153.028 153.176171    17.2800     1.4588     0.2556     0.5076 9.2105e+02    33.9216      0.308      0.447    25.0281 0.0000e+00
      0.315      0.002     7.7910     94.419    153.063 153.216770    17.4600     1.4511     0.2982     0.6345 1.1449e+03    33.9065      0.309      0.447    25.0327 0.0000e+00
      0.315      0.002     7.7911     94.429    153.096 153.252443    17.4600     1.4511     0.2982     0.6345 8.2246e+02    33.8763      0.309      0.448    25.0366 0.0000e+00
      0.315      0.001     7.7914     94.436    153.122 153.280683    17.4600     1.4359     0.2982     0.6345 9.1606e+02    33.8159      0.309      0.448    25.0398 0.0000e+00
      0.316      0.001     7.7918     94.437    153.142 153.301005    17.4600     1.4588     0.2982     0.6345 1.1067e+03    36.0517      0.310      0.449    25.0424 0.0000e+00
      0.316      0.001     7.7924     94.435    153.155 153.314822    17.4600     1.4626     0.2982     0.6345 7.7880e+02    35.9610      0.310      0.449    25.0442 0.0000e+00
      0.316      0.001     7.7930     94.434    153.172 153.333833    17.4600     1.4511     0.2982     0.4230 8.5601e+02    35.9761      0.310      0.450    25.0452 0.0000e+00
      0.316      0.001     7.7935     94.432    153.202 153.367113    17.4600     1.4168     0.2982     0.4230 1.0843e+03    36.0214      0.310      0.450    25.0457 0.0000e+00
      0.316      0.001     7.7936     94.428    153.235 153.403503    17.4600     1.3901     0.2982     0.4230 8.8919e+02    38.4234      0.310      0.450    25.0459 0.0000e+00
      0.317      0.001     7.7934     94.424    153.258 153.428664    17.4600     1.3672     0.2982     0.4230 1.1377e+03    38.5140      0.311      0.450    25.0462 0.0000e+00
      0.317      0.001     7.7932     94.422    153.269 153.441292    17.1900     1.3710     0.2982     0.5922 9.0027e+02    38.4234      0.311      0.451    25.0468 0.0000e+00
