Data/DataNotYetUploadedToEDI/Raw_CTD/RawDownloads/062526_ccr10_S8188029.cnv
* Sea-Bird SBE19plus  Data File:
* FileName = C:\R\Reservoirs\Data\DataNotYetUploadedToEDI\Raw_CTD\RawDownloads\062526_ccr50_S8188_0029.hex
* Software version 2.8.0.119
* Temperature SN = 8188
* Conductivity SN = 8188
* System UpLoad Time = Jun 29 2026 18:18:56
* <ApplicationData>
* <Seaterm232>
# nquan = 16
# nvalues = 196                         
# units = specified
# name 0 = depFM: Depth [fresh water, m]
# name 1 = dz/dtM: Descent Rate [m/s]
# name 2 = sbeox0Mg/L: Oxygen, SBE 43 [mg/l]
# name 3 = sbeox0PS: Oxygen, SBE 43 [% saturation]
# name 4 = specc: Specific Conductance [uS/cm]
# name 5 = c0uS/cm: Conductivity [uS/cm]
# name 6 = wetCDOM: Fluorescence, WET Labs CDOM [mg/m^3]
# name 7 = flECO-AFL: Fluorescence, WET Labs ECO-AFL/FL [mg/m^3]
# name 8 = flECO-AFL1: Fluorescence, WET Labs ECO-AFL/FL, 2 [mg/m^3]
# name 9 = flECO-AFL2: Fluorescence, WET Labs ECO-AFL/FL, 3 [mg/m^3]
# name 10 = par/sat/log: PAR/Logarithmic, Satlantic
# name 11 = turbWETntu0: Turbidity, WET Labs ECO [NTU]
# name 12 = prdM: Pressure, Strain Gauge [db]
# name 13 = prdE: Pressure, Strain Gauge [psi]
# name 14 = tv290C: Temperature [ITS-90, deg C]
# name 15 = flag:  0.000e+00
# span 0 =     -0.453,      0.318       
# span 1 =     -0.002,      0.164       
# span 2 =     7.4788,     7.9465       
# span 3 =     90.166,     94.855       
# span 4 =      2.821,    153.322       
# span 5 =   2.630704, 154.111207       
# span 6 =    -4.5000,    21.4200       
# span 7 =    -0.2846,     1.9051       
# span 8 =    -2.1300,     0.4686       
# span 9 =    -2.0304,     1.0575       
# span 10 = 5.7432e+01, 2.3299e+03      
# span 11 =    -9.9172,    43.7710      
# span 12 =     -0.445,      0.312      
# span 13 =     -0.645,      0.452      
# span 14 =    21.5938,    25.3343      
# span 15 = 0.0000e+00, 0.0000e+00      
# interval = seconds: 0.25
# start_time = Jun 25 2026 11:34:13 [Instrument's time stamp, header]
# bad_flag = -9.990e-29
*END*
[from data line 181]
      0.317      0.001     7.7925     94.434    153.274 153.443980    17.1900     1.3634     0.2982     0.5922 8.9054e+02    40.8555      0.311      0.451    25.0488 0.0000e+00
      0.317      0.001     7.7920     94.444    153.280 153.446778    17.1900     1.3787     0.2982     0.5922 8.7216e+02    40.9008      0.311      0.451    25.0497 0.0000e+00
      0.317      0.000     7.7918     94.458    153.292 153.453895    17.1900     1.3710     0.2556     0.5076 8.7824e+02    40.8555      0.311      0.451    25.0502 0.0000e+00
      0.318      0.000     7.7921     94.473    153.302 153.459214    17.1900     1.3672     0.2556     0.5076 8.2407e+02    40.7649      0.312      0.452    25.0502 0.0000e+00
      0.318      0.000     7.7928     94.484    153.309 153.460144    17.1900     1.3939     0.2556     0.5076 9.3091e+02    42.7740      0.312      0.452    25.0495 0.0000e+00
      0.318      0.000     7.7938     94.489    153.315 153.460943    17.1900     1.3939     0.2556     0.5076 8.5490e+02    42.7438      0.312      0.452    25.0484 0.0000e+00
      0.318      0.000     7.7952     94.488    153.322 153.461821    17.1900     1.3863     0.2556     0.5076 1.0398e+03    42.7740      0.312      0.452    25.0469 0.0000e+00
      0.318      0.000     7.7967     94.481    153.318 153.450992    17.1900     1.3787     0.2130     0.4653 8.0164e+02    42.7287      0.312      0.452    25.0453 0.0000e+00
      0.318      0.000     7.7978     94.471    153.303 153.429576    17.1900     1.3977     0.2130     0.4653 7.8988e+02    43.7710      0.312      0.452    25.0435 0.0000e+00
      0.318      0.000     7.7985     94.465    153.290 153.411895    17.1900     1.3977     0.2130     0.4653 9.3761e+02    43.7106      0.312      0.452    25.0416 0.0000e+00
      0.317      0.000     7.7987     94.464    153.286 153.405256    17.1900     1.3939     0.2130     0.4653 9.4415e+02    43.7408      0.311      0.452    25.0397 0.0000e+00
      0.317 -9.990e-29     7.7984 -9.990e-29 -9.990e-29 -9.990e-29    17.1900 -9.990e-29     0.3408     0.5499 9.3456e+02 -9.990e-29      0.311      0.452    25.0376 0.0000e+00
      0.317 -9.990e-29     7.7979 -9.990e-29 -9.990e-29 -9.990e-29    17.1900 -9.990e-29     0.3408     0.5499 1.2469e+03 -9.990e-29      0.311      0.452    25.0354 0.0000e+00
      0.317 -9.990e-29     7.7977 -9.990e-29 -9.990e-29 -9.990e-29    17.1900 -9.990e-29     0.3408     0.5499 8.9754e+02 -9.990e-29      0.311      0.452    25.0336 0.0000e+00
      0.317 -9.990e-29     7.7977 -9.990e-29 -9.990e-29 -9.990e-29    17.1900 -9.990e-29     0.3408     0.5499 1.0355e+03 -9.990e-29      0.311      0.452    25.0328 0.0000e+00
