Data/DataNotYetUploadedToEDI/Raw_CTD/RawDownloads/062526_ccr50_S8188027.cnv
* Sea-Bird SBE19plus  Data File:
* FileName = C:\R\Reservoirs\Data\DataNotYetUploadedToEDI\Raw_CTD\RawDownloads\062526_ccr50_S8188_0027.hex
* Software version 2.8.0.119
* Temperature SN = 8188
* Conductivity SN = 8188
* System UpLoad Time = Jun 29 2026 18:18:45
* <ApplicationData>
* <Seaterm232>
# nquan = 16
# nvalues = 205                         
# units = specified
# name 0 = depFM: Depth [fresh water, m]
# name 1 = dz/dtM: Descent Rate [m/s]
# name 2 = sbeox0Mg/L: Oxygen, SBE 43 [mg/l]
# name 3 = sbeox0PS: Oxygen, SBE 43 [% saturation]
# name 4 = specc: Specific Conductance [uS/cm]
# name 5 = c0uS/cm: Conductivity [uS/cm]
# name 6 = wetCDOM: Fluorescence, WET Labs CDOM [mg/m^3]
# name 7 = flECO-AFL: Fluorescence, WET Labs ECO-AFL/FL [mg/m^3]
# name 8 = flECO-AFL1: Fluorescence, WET Labs ECO-AFL/FL, 2 [mg/m^3]
# name 9 = flECO-AFL2: Fluorescence, WET Labs ECO-AFL/FL, 3 [mg/m^3]
# name 10 = par/sat/log: PAR/Logarithmic, Satlantic
# name 11 = turbWETntu0: Turbidity, WET Labs ECO [NTU]
# name 12 = prdM: Pressure, Strain Gauge [db]
# name 13 = prdE: Pressure, Strain Gauge [psi]
# name 14 = tv290C: Temperature [ITS-90, deg C]
# name 15 = flag:  0.000e+00
# span 0 =     -0.450,      0.283       
# span 1 =     -0.020,      0.162       
# span 2 =     7.4182,     7.8534       
# span 3 =     89.429,     93.935       
# span 4 =      1.993,    150.616       
# span 5 =   1.869607, 151.746030       
# span 6 =    -4.5000,     8.0100       
# span 7 =    -0.2808,     0.7187       
# span 8 =    -2.1300,     0.1278       
# span 9 =    -2.0304,     0.3807       
# span 10 = 9.5786e+01, 2.0942e+03      
# span 11 =    -2.2432,     2.3945      
# span 12 =     -0.441,      0.278      
# span 13 =     -0.640,      0.403      
# span 14 =    21.8245,    25.6889      
# span 15 = 0.0000e+00, 0.0000e+00      
# interval = seconds: 0.25
# start_time = Jun 25 2026 10:21:38 [Instrument's time stamp, header]
# bad_flag = -9.990e-29
*END*
[from data line 91]
      0.228      0.002     7.6310     92.692    150.334 150.117902     7.5600     0.1923     0.0000     0.1692 1.1269e+02     0.7479      0.223      0.324    24.9905 0.0000e+00
      0.228      0.002     7.6409     92.752    150.310 150.069338     7.5600     0.1618     0.0000     0.1692 1.1434e+02     0.9443      0.224      0.325    24.9683 0.0000e+00
      0.229      0.001     7.6506     92.801    150.282 150.019942     7.6500     0.2075     0.0426     0.2115 1.1301e+02     0.9443      0.224      0.325    24.9484 0.0000e+00
      0.229      0.001     7.6595     92.842    150.264 149.980579     7.6500     0.1579     0.0426     0.2115 1.1336e+02     0.9443      0.224      0.326    24.9332 0.0000e+00
      0.229      0.000     7.6671     92.876    150.251 149.950769     7.6500     0.1846     0.0426     0.2115 1.1395e+02     0.8990      0.225      0.326    24.9223 0.0000e+00
      0.230      0.000     7.6733     92.902    150.241 149.930574     7.6500     0.1732     0.0426     0.2115 1.1269e+02     1.2615      0.225      0.326    24.9140 0.0000e+00
      0.229     -0.001     7.6784     92.923    150.227 149.910601     7.6500     0.1808     0.0426     0.2115 1.1237e+02     1.2615      0.225      0.326    24.9066 0.0000e+00
      0.229     -0.002     7.6828     92.937    150.202 149.881518     7.5600     0.1579     0.0852     0.2115 1.1235e+02     1.2464      0.224      0.325    24.8997 0.0000e+00
      0.228     -0.002     7.6863     92.946    150.182 149.855602     7.5600     0.1999     0.0852     0.2115 1.1169e+02     1.1105      0.223      0.324    24.8941 0.0000e+00
      0.227     -0.003     7.6890     92.950    150.175 149.841967     7.5600     0.2457     0.0852     0.2115 1.1189e+02     0.9896      0.223      0.323    24.8906 0.0000e+00
      0.227     -0.004     7.6909     92.946    150.176 149.836978     7.5600     0.2266     0.0852     0.2115 1.1228e+02     1.0652      0.222      0.322    24.8887 0.0000e+00
      0.226     -0.005     7.6923     92.935    150.191 149.851322     7.7400     0.2495     0.0426     0.2115 1.1380e+02     1.0047      0.221      0.321    24.8873 0.0000e+00
      0.224     -0.005     7.6933     92.915    150.232 149.900842     7.7400     0.2419     0.0426     0.2115 1.1169e+02     0.9292      0.220      0.319    24.8854 0.0000e+00
      0.223     -0.006     7.6940     92.885    150.266 149.960683     7.7400     0.1579     0.0426     0.2115 1.1240e+02     1.0198      0.218      0.317    24.8831 0.0000e+00
      0.221     -0.006     7.6940     92.848    150.242 149.978692     7.7400     0.1846     0.0426     0.2115 1.1407e+02     0.8990      0.216      0.314    24.8811 0.0000e+00
      0.219     -0.005     7.6931     92.811    150.172 149.951664     7.4700     0.1656     0.0426     0.0846 1.1749e+02     0.8688      0.214      0.311    24.8808 0.0000e+00
      0.217     -0.004     7.6910     92.786    150.132 149.928488     7.4700     0.1656     0.0426     0.0846 1.1777e+02     0.9292      0.213      0.309    24.8838 0.0000e+00
      0.216     -0.003     7.6873     92.772    150.177 149.949062     7.4700     0.1694     0.0426     0.0846 1.1660e+02     0.7177      0.212      0.308    24.8924 0.0000e+00
      0.217     -0.002     7.6822     92.764    150.283 150.008850     7.4700     0.1999     0.0426     0.0846 1.1196e+02     0.7630      0.212      0.308    24.9065 0.0000e+00
      0.217     -0.002     7.6772     92.753    150.364 150.063692     7.6500     0.1618     0.0852     0.2115 1.1382e+02     0.7328      0.212      0.308    24.9207 0.0000e+00
      0.216     -0.001     7.6743     92.739    150.357 150.070113     7.6500     0.1694     0.0852     0.2115 1.1281e+02     0.7177      0.212      0.307    24.9263 0.0000e+00
      0.215     -0.001     7.6743     92.728    150.282 150.025824     7.6500     0.1503     0.0852     0.2115 1.1719e+02     0.3854      0.211      0.306    24.9182 0.0000e+00
      0.214     -0.000     7.6758     92.727    150.200 149.961088     7.6500     0.1923     0.0852     0.2115 1.1437e+02     0.4760      0.210      0.305    24.9028 0.0000e+00
      0.214      0.001     7.6762     92.738    150.168 149.910731     7.6500     0.1770     0.0852     0.2115 1.1605e+02     0.5062      0.210      0.305    24.8942 0.0000e+00
      0.215      0.002     7.6744     92.755    150.213 149.895379     7.7400     0.1694     0.0852     0.1269 1.1077e+02     0.5666      0.211      0.306    24.8986 0.0000e+00
      0.217      0.002     7.6720     92.773    150.302 149.902919     7.7400     0.1961     0.0852     0.1269 1.0818e+02     0.7781      0.212      0.308    24.9089 0.0000e+00
      0.218      0.003     7.6711     92.793    150.369 149.905305     7.7400     0.1923     0.0852     0.1269 1.0823e+02     0.6875      0.213      0.310    24.9145 0.0000e+00
      0.219      0.003     7.6728     92.815    150.382 149.885138     7.7400     0.1694     0.0852     0.1269 1.0802e+02     0.6875      0.214      0.311    24.9084 0.0000e+00
      0.219      0.003     7.6771     92.838    150.356 149.843051     7.6500     0.1808     0.0852     0.0846 1.0870e+02     0.7328      0.215      0.311    24.8883 0.0000e+00
      0.219      0.003     7.6824     92.857    150.321 149.793865     7.6500     0.1732     0.0852     0.0846 1.0842e+02     0.6271      0.215      0.312    24.8615 0.0000e+00
      0.220      0.003     7.6871     92.870    150.303 149.756516     7.6500     0.1656     0.0852     0.0846 1.0715e+02     0.7328      0.216      0.313    24.8400 0.0000e+00
      0.221      0.003     7.6905     92.875    150.306 149.737067     7.6500     0.2037     0.0852     0.0846 1.0586e+02     0.6724      0.217      0.314    24.8287 0.0000e+00
      0.222      0.003     7.6932     92.880    150.321 149.726325     7.7400     0.1618     0.0426     0.1269 1.0816e+02     0.6573      0.218      0.316    24.8235 0.0000e+00
      0.222      0.003     7.6955     92.887    150.341 149.717418     7.7400     0.1732     0.0426     0.1269 1.0809e+02     0.7177      0.218      0.317    24.8185 0.0000e+00
      0.223      0.003     7.6974     92.897    150.357 149.703963     7.7400     0.1923     0.0426     0.1269 1.1008e+02     0.7177      0.219      0.317    24.8122 0.0000e+00
      0.223      0.002     7.6989     92.910    150.368 149.686376     7.7400     0.1656     0.0426     0.1269 1.1080e+02     0.5969      0.219      0.318    24.8049 0.0000e+00
      0.224      0.002     7.7005     92.921    150.388 149.679999     7.7400     0.1656     0.0426     0.1269 1.1068e+02     0.7177      0.220      0.319    24.7963 0.0000e+00
      0.225      0.002     7.7024     92.925    150.423 149.695149     7.7400     0.2571     0.0426     0.2538 1.1092e+02     0.7026      0.221      0.320    24.7869 0.0000e+00
      0.226      0.002     7.7046     92.923    150.461 149.719838     7.7400     0.2571     0.0426     0.2538 1.1053e+02     0.6724      0.221      0.321    24.7771 0.0000e+00
      0.226      0.003     7.7071     92.917    150.479 149.732605     7.7400     0.2342     0.0426     0.2538 1.1257e+02     0.8386      0.222      0.322    24.7675 0.0000e+00
      0.226      0.004     7.7092     92.908    150.469 149.724835     7.7400     0.2533     0.0426     0.2538 1.1355e+02     0.7177      0.222      0.322    24.7588 0.0000e+00
      0.227      0.006     7.7105     92.905    150.442 149.702470     7.7400     0.2648     0.0852     0.0423 1.1375e+02     0.9745      0.222      0.323    24.7521 0.0000e+00
      0.228      0.008     7.7110     92.916    150.410 149.675572     7.7400     0.2342     0.0852     0.0423 1.1375e+02     0.8990      0.224      0.325    24.7477 0.0000e+00
      0.231      0.010     7.7107     92.949    150.386 149.652995     7.7400     0.2495     0.0852     0.0423 1.1196e+02     0.9292      0.226      0.328    24.7460 0.0000e+00
      0.234      0.012     7.7099     93.002    150.384 149.644743     7.7400     0.2190     0.0852     0.0423 1.1215e+02     0.9443      0.229      0.333    24.7467 0.0000e+00
      0.237      0.013     7.7094     93.068    150.409 149.652625     7.6500     0.2381     0.0852     0.2115 1.1286e+02     0.9443      0.233      0.338    24.7484 0.0000e+00
      0.241      0.014     7.7102     93.134    150.444 149.662713     7.6500     0.2075     0.0852     0.2115 1.1316e+02     0.9745      0.237      0.344    24.7499 0.0000e+00
      0.245      0.013     7.7128     93.190    150.468 149.661671     7.6500     0.2419     0.0852     0.2115 1.1311e+02     1.0198      0.240      0.349    24.7504 0.0000e+00
      0.249      0.013     7.7175     93.249    150.471 149.645213     7.6500     0.2304     0.0852     0.2115 1.0941e+02     0.9745      0.244      0.354    24.7483 0.0000e+00
      0.252      0.012     7.7238     93.306    150.459 149.616962     7.6500     0.1732     0.0426     0.1269 1.1044e+02     0.9745      0.247      0.358    24.7426 0.0000e+00
      0.255      0.011     7.7304     93.346    150.448 149.593422     7.6500     0.1923     0.0426     0.1269 1.0781e+02     0.8990      0.250      0.362    24.7344 0.0000e+00
      0.257      0.010     7.7363     93.362    150.448 149.584341     7.6500     0.1427     0.0426     0.1269 1.0655e+02     0.9141      0.252      0.366    24.7262 0.0000e+00
      0.260      0.009     7.7421     93.369    150.451 149.583289     7.6500     0.1656     0.0426     0.1269 1.0451e+02     1.0047      0.255      0.370    24.7195 0.0000e+00
      0.262      0.009     7.7476     93.379    150.455 149.585980     7.6500     0.1846     0.0426     0.1269 1.0244e+02     0.7630      0.257      0.373    24.7142 0.0000e+00
      0.264      0.008     7.7515     93.403    150.458 149.589126     7.5600     0.1618     0.0426     0.1692 1.0120e+02     0.6875      0.259      0.376    24.7101 0.0000e+00
      0.266      0.008     7.7533     93.438    150.452 149.585553     7.5600     0.1732     0.0426     0.1692 1.0021e+02     0.6120      0.261      0.378    24.7073 0.0000e+00
      0.268      0.008     7.7540     93.463    150.435 149.570302     7.5600     0.1618     0.0426     0.1692 9.7742e+01     0.6724      0.263      0.381    24.7056 0.0000e+00
      0.270      0.008     7.7550     93.481    150.409 149.543313     7.5600     0.1656     0.0426     0.1692 9.7763e+01     0.4458      0.265      0.384    24.7051 0.0000e+00
      0.272      0.008     7.7570     93.503    150.385 149.517420     7.6500     0.1732     0.0852     0.2538 9.7593e+01     0.5515      0.267      0.387    24.7053 0.0000e+00
      0.274      0.007     7.7597     93.521    150.375 149.505750     7.6500     0.1846     0.0852     0.2538 9.7805e+01     0.4760      0.269      0.390    24.7060 0.0000e+00
      0.276      0.006     7.7618     93.526    150.377 149.505191     7.6500     0.1656     0.0852     0.2538 9.6392e+01     0.4458      0.271      0.393    24.7064 0.0000e+00
      0.278      0.005     7.7633     93.519    150.385 149.511587     7.6500     0.1427     0.0852     0.2538 9.6770e+01     0.6120      0.273      0.395    24.7063 0.0000e+00
      0.279      0.004     7.7652     93.509    150.397 149.522638     7.6500     0.1846     0.1278     0.1269 9.6812e+01     0.7177      0.274      0.397    24.7057 0.0000e+00
      0.280      0.004     7.7668     93.503    150.403 149.529270     7.6500     0.1808     0.1278     0.1269 9.6917e+01     0.5969      0.274      0.398    24.7049 0.0000e+00
      0.281      0.003     7.7673     93.500    150.393 149.521234     7.6500     0.1732     0.1278     0.1269 9.7043e+01     0.7479      0.275      0.399    24.7042 0.0000e+00
      0.281      0.003     7.7668     93.502    150.375 149.504400     7.6500     0.1770     0.1278     0.1269 9.8039e+01     0.6120      0.276      0.400    24.7036 0.0000e+00
      0.282      0.002     7.7660     93.508    150.366 149.494310     7.6500     0.1694     0.1278     0.1269 9.7699e+01     0.7177      0.276      0.401    24.7034 0.0000e+00
      0.282      0.002     7.7655     93.514    150.369 149.496286     7.5600     0.1503     0.0426     0.1692 9.6036e+01     0.7177      0.277      0.402    24.7037 0.0000e+00
      0.283      0.001     7.7652     93.519    150.384 149.510855     7.5600     0.1694     0.0426     0.1692 9.6350e+01     0.8386      0.278      0.403    24.7042 0.0000e+00
      0.283      0.000     7.7654     93.520    150.403 149.529884     7.5600     0.1541     0.0426     0.1692 9.5786e+01     0.7177      0.278      0.403    24.7045 0.0000e+00
      0.283      0.000     7.7658     93.517    150.408 149.534409     7.5600     0.1541     0.0426     0.1692 9.7720e+01     0.6724      0.278      0.402    24.7043 0.0000e+00
      0.283     -0.001     7.7664     93.514    150.401 149.525637     7.7400     0.1885     0.0852     0.2115 9.8103e+01     0.7177      0.277      0.402    24.7040 0.0000e+00
      0.282     -0.002     7.7668     93.511    150.404 149.521261     7.7400     0.1579     0.0852     0.2115 9.8445e+01     0.6875      0.277      0.401    24.7039 0.0000e+00
      0.282     -0.002     7.7668     93.507    150.420 149.524119     7.7400     0.1732     0.0852     0.2115 9.8702e+01     0.7328      0.276      0.401    24.7039 0.0000e+00
      0.282     -0.003     7.7666     93.495    150.447 149.530968     7.7400     0.1923     0.0852     0.2115 9.8917e+01     0.6724      0.276      0.401    24.7038 0.0000e+00
      0.281     -0.004     7.7664     93.474    150.479 149.539625     7.6500     0.1579     0.0852     0.1692 9.9412e+01     0.6724      0.276      0.400    24.7030 0.0000e+00
      0.280     -0.004     7.7665     93.449    150.506 149.544385     7.6500     0.1961     0.0852     0.1692 1.0013e+02     0.6422      0.274      0.398    24.7007 0.0000e+00
      0.278     -0.005     7.7668     93.424    150.518 149.538504     7.6500     0.1579     0.0852     0.1692 1.0091e+02     0.7177      0.273      0.396    24.6962 0.0000e+00
      0.276     -0.004     7.7668     93.400    150.519 149.524418     7.6500     0.1618     0.0852     0.1692 1.0286e+02     0.7328      0.271      0.393    24.6896 0.0000e+00
      0.275     -0.004     7.7662     93.380    150.526 149.518402     7.6500     0.1846     0.0426     0.0846 1.0184e+02     0.6573      0.270      0.392    24.6818 0.0000e+00
      0.274     -0.003     7.7651     93.367    150.544 149.526865     7.6500     0.1846     0.0426     0.0846 1.0297e+02     0.7479      0.269      0.391    24.6746 0.0000e+00
      0.274     -0.002     7.7639     93.357    150.566 149.540045     7.6500     0.2571     0.0426     0.0846 1.0293e+02     0.9443      0.269      0.390    24.6688 0.0000e+00
      0.274     -0.001     7.7627     93.348    150.583 149.549436     7.6500     0.2152     0.0426     0.0846 1.0448e+02     0.9292      0.268      0.389    24.6638 0.0000e+00
      0.273     -0.000     7.7616     93.343    150.594 149.553535     7.6500     0.2419     0.0426     0.0846 1.0426e+02     0.9896      0.268      0.389    24.6595 0.0000e+00
      0.273      0.000     7.7610     93.344    150.598 149.553436     7.5600     0.2419     0.0852     0.1692 1.0412e+02     0.9745      0.268      0.389    24.6561 0.0000e+00
      0.274      0.001     7.7606     93.347    150.595 149.549111     7.5600     0.2533     0.0852     0.1692 1.0453e+02     1.0500      0.268      0.389    24.6533 0.0000e+00
      0.274      0.002     7.7602     93.351    150.584 149.539408     7.5600     0.2495     0.0852     0.1692 1.0469e+02     0.9141      0.269      0.389    24.6507 0.0000e+00
      0.274      0.002     7.7601     93.368    150.574 149.529752     7.5600     0.2419     0.0852     0.1692 1.0639e+02     1.0047      0.269      0.390    24.6485 0.0000e+00
      0.275      0.002     7.7604     93.397    150.574 149.529587     7.6500     0.1999     0.0852     0.0846 1.0560e+02     0.9745      0.270      0.391    24.6472 0.0000e+00
