Data/DataNotYetUploadedToEDI/Raw_CTD/RawDownloads/062526_ccr30_S8188028.cnv
* Sea-Bird SBE19plus  Data File:
* FileName = C:\R\Reservoirs\Data\DataNotYetUploadedToEDI\Raw_CTD\RawDownloads\062526_ccr50_S8188_0028.hex
* Software version 2.8.0.119
* Temperature SN = 8188
* Conductivity SN = 8188
* System UpLoad Time = Jun 29 2026 18:18:51
* <ApplicationData>
* <Seaterm232>
# nquan = 16
# nvalues = 207                         
# units = specified
# name 0 = depFM: Depth [fresh water, m]
# name 1 = dz/dtM: Descent Rate [m/s]
# name 2 = sbeox0Mg/L: Oxygen, SBE 43 [mg/l]
# name 3 = sbeox0PS: Oxygen, SBE 43 [% saturation]
# name 4 = specc: Specific Conductance [uS/cm]
# name 5 = c0uS/cm: Conductivity [uS/cm]
# name 6 = wetCDOM: Fluorescence, WET Labs CDOM [mg/m^3]
# name 7 = flECO-AFL: Fluorescence, WET Labs ECO-AFL/FL [mg/m^3]
# name 8 = flECO-AFL1: Fluorescence, WET Labs ECO-AFL/FL, 2 [mg/m^3]
# name 9 = flECO-AFL2: Fluorescence, WET Labs ECO-AFL/FL, 3 [mg/m^3]
# name 10 = par/sat/log: PAR/Logarithmic, Satlantic
# name 11 = turbWETntu0: Turbidity, WET Labs ECO [NTU]
# name 12 = prdM: Pressure, Strain Gauge [db]
# name 13 = prdE: Pressure, Strain Gauge [psi]
# name 14 = tv290C: Temperature [ITS-90, deg C]
# name 15 = flag:  0.000e+00
# span 0 =     -0.456,      0.295       
# span 1 =     -0.004,      0.125       
# span 2 =     7.3025,     7.6687       
# span 3 =     88.030,     92.928       
# span 4 =      1.991,    151.748       
# span 5 =   1.899311, 152.954438       
# span 6 =    -4.5000,     7.8300       
# span 7 =    -1.9249,     0.2152       
# span 8 =    -2.3430,     0.2130       
# span 9 =    -7.2333,     3.7224       
# span 10 = 2.8715e+01, 2.2058e+03      
# span 11 =    -3.5272,     1.5032      
# span 12 =     -0.448,      0.289      
# span 13 =     -0.649,      0.419      
# span 14 =    22.6149,    25.5606      
# span 15 = 0.0000e+00, 0.0000e+00      
# interval = seconds: 0.25
# start_time = Jun 25 2026 11:09:55 [Instrument's time stamp, header]
# bad_flag = -9.990e-29
*END*
[from data line 91]
      0.292      0.002     7.6108     92.621    151.484 152.184110     7.8300     0.1732     0.0426     0.0423 7.9097e+01     1.2615      0.286      0.415    25.2451 0.0000e+00
      0.293      0.002     7.6127     92.629    151.456 152.138359     7.8300     0.0931     0.0426     0.0423 8.3568e+01     1.1860      0.287      0.416    25.2392 0.0000e+00
      0.293      0.002     7.6147     92.628    151.427 152.092639     7.8300     0.1084     0.0852     0.2115 7.7937e+01     1.2313      0.288      0.417    25.2346 0.0000e+00
      0.293      0.001     7.6168     92.625    151.428 152.080834     7.8300     0.1312     0.0852     0.2115 8.4114e+01     1.2313      0.288      0.417    25.2301 0.0000e+00
      0.293      0.001     7.6187     92.626    151.472 152.117827     7.8300     0.1007     0.0852     0.2115 8.0800e+01     1.2615      0.288      0.417    25.2251 0.0000e+00
      0.293      0.001     7.6201     92.632    151.549 152.187438     7.8300     0.1007     0.0852     0.2115 7.8158e+01     1.0954      0.288      0.417    25.2192 0.0000e+00
      0.294      0.001     7.6209     92.639    151.612 152.244121     7.8300     0.1351     0.0852     0.2115 8.4370e+01     1.2766      0.288      0.418    25.2135 0.0000e+00
      0.294      0.000     7.6211     92.641    151.621 152.244890     7.8300     0.1084     0.0852     0.1692 8.2092e+01     1.1558      0.289      0.418    25.2095 0.0000e+00
      0.294      0.000     7.6215     92.636    151.579 152.191955     7.8300     0.1351     0.0852     0.1692 8.0607e+01     1.2313      0.289      0.419    25.2070 0.0000e+00
      0.294     -0.001     7.6224     92.626    151.534 152.135309     7.8300     0.1084     0.0852     0.1692 8.2038e+01     1.2011      0.289      0.418    25.2047 0.0000e+00
      0.294     -0.001     7.6233     92.616    151.535 152.127961     7.8300     0.0969     0.0852     0.1692 7.9961e+01     1.2615      0.288      0.417    25.2024 0.0000e+00
      0.293     -0.001     7.6238     92.612    151.592 152.179973     7.6500     0.0893     0.0852     0.1692 8.1452e+01     1.2313      0.287      0.416    25.1997 0.0000e+00
      0.293      0.000     7.6239     92.614    151.670 152.253124     7.6500     0.1274     0.0852     0.1692 8.1985e+01     1.1709      0.287      0.416    25.1960 0.0000e+00
      0.293      0.000     7.6236     92.622    151.715 152.294799     7.6500     0.1656     0.0852     0.1692 8.2378e+01     1.2313      0.287      0.416    25.1923 0.0000e+00
      0.293      0.001     7.6232     92.633    151.696 152.272034     7.6500     0.1656     0.0852     0.1692 7.9927e+01     1.3220      0.288      0.417    25.1897 0.0000e+00
      0.294      0.001     7.6231     92.642    151.633 152.202801     7.6500     0.1846     0.0426     0.0846 8.3006e+01     1.2313      0.288      0.418    25.1879 0.0000e+00
      0.294      0.001     7.6235     92.652    151.578 152.140760     7.6500     0.1732     0.0426     0.0846 7.5981e+01     1.1860      0.289      0.418    25.1862 0.0000e+00
      0.294      0.000     7.6243     92.664    151.565 152.121456     7.6500     0.1656     0.0426     0.0846 8.3043e+01     1.2464      0.289      0.418    25.1850 0.0000e+00
      0.294      0.000     7.6254     92.676    151.595 152.145753     7.6500     0.1656     0.0426     0.0846 7.8039e+01     1.2766      0.289      0.418    25.1838 0.0000e+00
      0.294     -0.000     7.6264     92.682    151.647 152.190077     7.6500     0.2152     0.0426     0.0846 8.4041e+01     1.2615      0.288      0.418    25.1818 0.0000e+00
      0.294      0.000     7.6275     92.684    151.692 152.228182     7.6500     0.1732     0.0426     0.0846 7.2765e+01     1.2011      0.288      0.418    25.1795 0.0000e+00
      0.294      0.000     7.6288     92.683    151.715 152.246188     7.6500     0.1427     0.0426     0.0846 8.4462e+01     1.2162      0.288      0.418    25.1775 0.0000e+00
      0.294      0.000     7.6301     92.680    151.709 152.236875     7.6500     0.1503     0.0426     0.0846 7.4331e+01     1.2313      0.288      0.418    25.1755 0.0000e+00
      0.294     -0.001     7.6309     92.676    151.672 152.197761     7.6500     0.1236     0.0426     0.0846 8.3749e+01     1.2766      0.288      0.418    25.1731 0.0000e+00
      0.294     -0.001     7.6314     92.669    151.618 152.142456     7.6500     0.1236     0.0426     0.1692 7.6761e+01     1.2615      0.288      0.418    25.1708 0.0000e+00
      0.293     -0.002     7.6315     92.658    151.568 152.092273     7.6500     0.1808     0.0426     0.1692 8.1258e+01     1.2162      0.287      0.417    25.1692 0.0000e+00
      0.293     -0.002     7.6314     92.648    151.538 152.061879     7.6500     0.1732     0.0426     0.1692 7.5421e+01     1.2162      0.287      0.416    25.1682 0.0000e+00
      0.292     -0.003     7.6312     92.641    151.534 152.055190     7.6500     0.1961     0.0426     0.1692 8.0292e+01     1.3220      0.286      0.415    25.1675 0.0000e+00
      0.291     -0.003     7.6306     92.633    151.539 152.054395     7.5600     0.1923     0.0426     0.2115 7.9390e+01     1.1860      0.285      0.414    25.1671 0.0000e+00
      0.290     -0.004     7.6297     92.623    151.532 152.039246     7.5600     0.1656     0.0426     0.2115 7.7296e+01     1.1105      0.285      0.412    25.1670 0.0000e+00
      0.289     -0.004     7.6289     92.611    151.520 152.017725     7.5600     0.1999     0.0426     0.2115 8.0222e+01     1.1709      0.284      0.411    25.1669 0.0000e+00
      0.288     -0.004     7.6285     92.598    151.524 152.012139     7.5600     0.1846     0.0426     0.2115 7.9097e+01     1.2162      0.282      0.409    25.1660 0.0000e+00
      0.287     -0.003     7.6281     92.588    151.557 152.035024     7.6500     0.1770     0.0426     0.1269 7.8005e+01     1.1105      0.281      0.408    25.1641 0.0000e+00
      0.286     -0.003     7.6277     92.585    151.618 152.086469     7.6500     0.0931     0.0426     0.1269 8.2431e+01     1.1860      0.280      0.406    25.1613 0.0000e+00
      0.285     -0.002     7.6272     92.585    151.692 152.150144     7.6500     0.1274     0.0426     0.1269 7.8175e+01     1.2766      0.280      0.405    25.1581 0.0000e+00
      0.285     -0.001     7.6265     92.586    151.747 152.192940     7.6500     0.1160     0.0426     0.1269 8.1736e+01     1.1558      0.279      0.405    25.1548 0.0000e+00
      0.285     -0.001     7.6262     92.591    151.748 152.182194     7.6500     0.1084     0.0426     0.1269 8.2270e+01     1.2011      0.279      0.405    25.1517 0.0000e+00
      0.285     -0.000     7.6263     92.601    151.693 152.115040     7.5600     0.1312     0.0426     0.0846 8.0905e+01     1.3069      0.280      0.405    25.1484 0.0000e+00
      0.285      0.000     7.6269     92.612    151.616 152.025660     7.5600     0.1351     0.0426     0.0846 8.4132e+01     1.2313      0.280      0.405    25.1448 0.0000e+00
      0.285      0.000     7.6275     92.624    151.555 151.956329     7.5600     0.1122     0.0426     0.0846 7.6328e+01     1.2011      0.280      0.406    25.1410 0.0000e+00
      0.285      0.000     7.6285     92.636    151.535 151.928630     7.5600     0.1122     0.0426     0.0846 8.1205e+01     1.2615      0.280      0.406    25.1370 0.0000e+00
      0.285      0.000     7.6299     92.649    151.552 151.937178     7.5600     0.1198     0.0426     0.1692 7.5602e+01     1.5032      0.280      0.406    25.1329 0.0000e+00
      0.285      0.000     7.6314     92.662    151.588 151.962216     7.5600     0.1274     0.0426     0.1692 8.5218e+01     1.4277      0.280      0.406    25.1292 0.0000e+00
      0.285      0.001     7.6327     92.675    151.629 151.990386     7.5600     0.1274     0.0426     0.1692 7.4606e+01     1.4730      0.280      0.406    25.1263 0.0000e+00
      0.285      0.001     7.6341     92.686    151.670 152.019181     7.5600     0.1122     0.0426     0.1692 8.1187e+01     1.3975      0.280      0.406    25.1240 0.0000e+00
      0.285      0.001     7.6355     92.694    151.705 152.044259     7.6500     0.1732     0.0852     0.0423 7.7633e+01     1.1407      0.280      0.406    25.1211 0.0000e+00
      0.286      0.001     7.6371     92.701    151.730 152.060286     7.6500     0.1808     0.0852     0.0423 8.3713e+01     1.1407      0.280      0.407    25.1173 0.0000e+00
      0.286      0.001     7.6388     92.706    151.737 152.059516     7.6500     0.1885     0.0852     0.0423 7.6113e+01     1.1709      0.281      0.407    25.1131 0.0000e+00
      0.287      0.001     7.6402     92.708    151.719 152.033729     7.6500     0.1885     0.0852     0.0423 8.1896e+01     1.1407      0.281      0.408    25.1092 0.0000e+00
      0.287      0.001     7.6414     92.705    151.680 151.988069     7.6500     0.1007     0.0852     0.0423 7.4250e+01     1.2011      0.282      0.408    25.1058 0.0000e+00
      0.288      0.001     7.6424     92.701    151.633 151.934401     7.5600     0.1351     0.0852     0.1692 8.1099e+01     1.2615      0.282      0.409    25.1029 0.0000e+00
      0.288      0.001     7.6432     92.702    151.588 151.884458     7.5600     0.1122     0.0852     0.1692 7.5668e+01     1.3220      0.282      0.409    25.1003 0.0000e+00
      0.288      0.001     7.6437     92.706    151.556 151.848961     7.5600     0.1236     0.0852     0.1692 8.0083e+01     1.2162      0.282      0.409    25.0978 0.0000e+00
      0.288      0.001     7.6437     92.713    151.545 151.836475     7.5600     0.1122     0.0852     0.1692 7.9063e+01     1.2011      0.283      0.410    25.0955 0.0000e+00
      0.288      0.001     7.6437     92.723    151.563 151.851685     7.6500     0.1351     0.0426     0.0846 8.0414e+01     1.2464      0.283      0.410    25.0934 0.0000e+00
      0.289      0.001     7.6440     92.735    151.603 151.886626     7.6500     0.1160     0.0426     0.0846 7.8566e+01     1.1709      0.283      0.410    25.0917 0.0000e+00
      0.289      0.001     7.6445     92.750    151.646 151.924572     7.6500     0.1427     0.0426     0.0846 8.0835e+01     1.1407      0.283      0.411    25.0906 0.0000e+00
      0.289      0.001     7.6451     92.762    151.673 151.947592     7.6500     0.1007     0.0426     0.0846 7.7971e+01     1.2011      0.283      0.411    25.0899 0.0000e+00
      0.289      0.001     7.6461     92.766    151.669 151.939788     7.5600     0.1160     0.0426     0.0846 8.0100e+01     1.2313      0.284      0.411    25.0889 0.0000e+00
      0.289      0.000     7.6474     92.764    151.634 151.903085     7.5600     0.1427     0.0426     0.0846 7.6328e+01     1.3522      0.284      0.411    25.0875 0.0000e+00
      0.289      0.000     7.6488     92.763    151.589 151.857747     7.5600     0.1351     0.0426     0.0846 8.0642e+01     1.1407      0.284      0.411    25.0858 0.0000e+00
      0.289      0.000     7.6500     92.764    151.555 151.823739     7.5600     0.1923     0.0426     0.0846 7.8720e+01     1.1256      0.284      0.412    25.0844 0.0000e+00
      0.289      0.000     7.6505     92.768    151.549 151.818036     7.6500     0.1694     0.0426     0.1692 7.7532e+01     1.2011      0.284      0.412    25.0834 0.0000e+00
      0.290      0.000     7.6504     92.771    151.572 151.839118     7.6500     0.1656     0.0426     0.1692 8.0205e+01     1.1256      0.284      0.412    25.0829 0.0000e+00
      0.290      0.000     7.6503     92.775    151.598 151.862555     7.6500     0.1541     0.0426     0.1692 7.6245e+01     1.2615      0.284      0.412    25.0827 0.0000e+00
      0.290      0.000     7.6504     92.777    151.613 151.874562     7.6500     0.1236     0.0426     0.1692 8.0958e+01     1.2313      0.284      0.412    25.0827 0.0000e+00
      0.290      0.000     7.6507     92.781    151.620 151.878343     7.6500     0.1160     0.0426     0.1692 7.7464e+01     1.2615      0.285      0.413    25.0827 0.0000e+00
      0.290      0.000     7.6511     92.784    151.623 151.876907     7.6500     0.1198     0.0426     0.0423 7.8960e+01     1.1860      0.285      0.413    25.0823 0.0000e+00
      0.290      0.001     7.6515     92.785    151.614 151.863862     7.6500     0.1236     0.0426     0.0423 8.0362e+01     1.2464      0.285      0.413    25.0813 0.0000e+00
      0.290      0.001     7.6518     92.785    151.591 151.835729     7.6500     0.1885     0.0426     0.0423 7.6627e+01     1.2615      0.285      0.413    25.0802 0.0000e+00
      0.291      0.001     7.6522     92.786    151.569 151.809047     7.6500     0.1770     0.0426     0.0423 7.9805e+01     1.2011      0.285      0.413    25.0791 0.0000e+00
      0.291      0.001     7.6527     92.791    151.566 151.802743     7.5600     0.2037     0.0852     0.2115 7.8943e+01     1.2313      0.285      0.414    25.0778 0.0000e+00
      0.291      0.001     7.6530     92.805    151.583 151.815137     7.5600     0.1732     0.0852     0.2115 7.9407e+01     1.2615      0.286      0.414    25.0763 0.0000e+00
      0.292      0.001     7.6532     92.821    151.601 151.827497     7.5600     0.1122     0.0852     0.2115 7.7903e+01     0.9896      0.286      0.415    25.0748 0.0000e+00
      0.292      0.001     7.6535     92.832    151.601 151.823084     7.5600     0.1198     0.0852     0.2115 7.8669e+01     0.8990      0.287      0.416    25.0734 0.0000e+00
      0.293      0.001     7.6541     92.837    151.579 151.796714     7.6500     0.1236     0.0852     0.1692 7.5733e+01     0.9745      0.287      0.416    25.0721 0.0000e+00
      0.293      0.001     7.6555     92.840    151.550 151.765396     7.6500     0.0969     0.0852     0.1692 7.8703e+01     1.0047      0.287      0.417    25.0705 0.0000e+00
      0.293      0.000     7.6570     92.843    151.545 151.758843     7.6500     0.1007     0.0852     0.1692 7.9252e+01     0.9594      0.287      0.417    25.0687 0.0000e+00
      0.292      0.000     7.6582     92.843    151.569 151.779313     7.6500     0.1198     0.0852     0.1692 8.0153e+01     1.0500      0.287      0.416    25.0671 0.0000e+00
      0.292      0.000     7.6588     92.839    151.599 151.804219     7.6500     0.1084     0.0852     0.1692 7.9338e+01     0.8839      0.287      0.416    25.0659 0.0000e+00
      0.293      0.000     7.6592     92.833    151.621 151.820168     7.6500     0.0969     0.0426     0.1692 7.7195e+01     0.9745      0.287      0.416    25.0651 0.0000e+00
      0.293      0.000     7.6595     92.828    151.634 151.827406     7.6500     0.1236     0.0426     0.1692 7.8994e+01     0.9594      0.287      0.416    25.0644 0.0000e+00
      0.292      0.000     7.6597     92.826    151.634 151.821852     7.6500     0.1007     0.0426     0.1692 7.7717e+01     0.9292      0.287      0.416    25.0634 0.0000e+00
      0.292      0.000     7.6595     92.825    151.613 151.796014     7.6500     0.1236     0.0426     0.1692 7.8022e+01     0.9594      0.287      0.416    25.0618 0.0000e+00
      0.292      0.000     7.6593     92.824    151.570 151.749013     7.6500     0.1084     0.0426     0.0846 7.4250e+01     0.8990      0.287      0.416    25.0598 0.0000e+00
      0.292      0.000     7.6592     92.826    151.518 151.694359     7.6500     0.1084     0.0426     0.0846 8.0048e+01     0.8990      0.287      0.416    25.0578 0.0000e+00
      0.292      0.000     7.6593     92.833    151.482 151.657545     7.6500     0.1007     0.0426     0.0846 7.8158e+01     0.9745      0.287      0.416    25.0559 0.0000e+00
      0.292      0.000     7.6594     92.844    151.478 151.652794     7.6500     0.1236     0.0426     0.0846 7.8943e+01     0.9141      0.287      0.416    25.0542 0.0000e+00
      0.292      0.000     7.6596     92.854    151.498 151.670827     7.6500     0.1236     0.0852     0.1692 7.8430e+01     0.9443      0.287      0.416    25.0529 0.0000e+00
