Data/DataNotYetUploadedToEDI/Raw_CTD/RawDownloads/062526_ccr20_S8188030.cnv
* Sea-Bird SBE19plus  Data File:
* FileName = C:\R\Reservoirs\Data\DataNotYetUploadedToEDI\Raw_CTD\RawDownloads\062526_ccr50_S8188_0030.hex
* Software version 2.8.0.119
* Temperature SN = 8188
* Conductivity SN = 8188
* System UpLoad Time = Jun 29 2026 18:19:01
* <ApplicationData>
* <Seaterm232>
# nquan = 16
# nvalues = 136                         
# units = specified
# name 0 = depFM: Depth [fresh water, m]
# name 1 = dz/dtM: Descent Rate [m/s]
# name 2 = sbeox0Mg/L: Oxygen, SBE 43 [mg/l]
# name 3 = sbeox0PS: Oxygen, SBE 43 [% saturation]
# name 4 = specc: Specific Conductance [uS/cm]
# name 5 = c0uS/cm: Conductivity [uS/cm]
# name 6 = wetCDOM: Fluorescence, WET Labs CDOM [mg/m^3]
# name 7 = flECO-AFL: Fluorescence, WET Labs ECO-AFL/FL [mg/m^3]
# name 8 = flECO-AFL1: Fluorescence, WET Labs ECO-AFL/FL, 2 [mg/m^3]
# name 9 = flECO-AFL2: Fluorescence, WET Labs ECO-AFL/FL, 3 [mg/m^3]
# name 10 = par/sat/log: PAR/Logarithmic, Satlantic
# name 11 = turbWETntu0: Turbidity, WET Labs ECO [NTU]
# name 12 = prdM: Pressure, Strain Gauge [db]
# name 13 = prdE: Pressure, Strain Gauge [psi]
# name 14 = tv290C: Temperature [ITS-90, deg C]
# name 15 = flag:  0.000e+00
# span 0 =     -0.454,      0.509       
# span 1 =     -0.118,      0.166       
# span 2 =     7.4556,     7.9644       
# span 3 =     90.007,     96.926       
# span 4 =   -432.058,    151.866       
# span 5 =-434.153503, 152.853591       
# span 6 =    -4.5000,     7.9200       
# span 7 =    -0.2769,     0.2419       
# span 8 =    -2.1300,     1.7892       
# span 9 =    -2.0304,     4.7376       
# span 10 = 5.8540e+01, 2.5996e+03      
# span 11 =    -1.1706,     1.3069      
# span 12 =     -0.445,      0.499      
# span 13 =     -0.646,      0.724      
# span 14 =    22.3090,    25.5696      
# span 15 = 0.0000e+00, 0.0000e+00      
# interval = seconds: 0.25
# start_time = Jun 25 2026 11:43:55 [Instrument's time stamp, header]
# bad_flag = -9.990e-29
*END*
     -0.454 9.6631e-08     7.8294     90.114      2.362   2.234836    -4.5000    -0.2655    -2.1300    -2.0304 2.5771e+03    -1.0044     -0.445     -0.645    22.3090 0.0000e+00
     -0.454 1.2424e-07     7.8298     90.118      2.367   2.240281    -4.5000    -0.2426    -2.1300    -2.0304 2.5760e+03    -0.9440     -0.445     -0.645    22.3102 0.0000e+00
     -0.454 1.5974e-07     7.8303     90.120      2.366   2.239101    -4.5000    -0.2579    -2.1300    -2.0304 2.5816e+03    -1.1706     -0.445     -0.645    22.3115 0.0000e+00
     -0.454 2.0538e-07     7.8308     90.120      2.357   2.230980     0.0000    -0.2541     0.0852     0.2538 2.5827e+03    -0.9742     -0.445     -0.645    22.3129 0.0000e+00
     -0.454 2.6406e-07     7.8312     90.119      2.352   2.225686     0.0000    -0.2579     0.0852     0.2538 2.5855e+03    -1.0497     -0.445     -0.645    22.3144 0.0000e+00
     -0.454 3.3950e-07     7.8313     90.112      2.348   2.221806     0.0000    -0.2502     0.0852     0.2538 2.5889e+03    -1.0346     -0.445     -0.645    22.3161 0.0000e+00
     -0.454 4.3650e-07     7.8312     90.101      2.350   2.224272     0.0000    -0.2693     0.0852     0.2538 2.5940e+03    -1.1102     -0.445     -0.645    22.3176 0.0000e+00
     -0.454 5.6121e-07     7.8311     90.094      2.349   2.223799     0.0000    -0.2426     0.0852     0.2538 2.5996e+03    -0.9742     -0.445     -0.645    22.3188 0.0000e+00
     -0.454 7.2156e-07     7.8308     90.091      2.318   2.194404     0.0000    -0.2541     0.0000     0.5499 2.5699e+03    -1.0951     -0.445     -0.645    22.3198 0.0000e+00
     -0.454 9.2772e-07     7.8301     90.090      2.278   2.156093     0.0000    -0.2731     0.0000     0.5499 1.9044e+03    -0.9138     -0.445     -0.645    22.3209 0.0000e+00
     -0.454      0.000     7.8290     90.090      2.253   2.132459     0.0000    -0.2464     0.0000     0.5499 1.8065e+03    -1.1102     -0.445     -0.645    22.3219 0.0000e+00
     -0.454      0.000     7.8282     90.093      2.232   2.113222     0.0000    -0.2655     0.0000     0.5499 1.7792e+03    -1.0346     -0.445     -0.645    22.3229 0.0000e+00
     -0.454      0.000     7.8278     90.099      2.209   2.091265     0.0000    -0.2769     0.0000     0.0846 1.2198e+03    -0.9742     -0.445     -0.645    22.3238 0.0000e+00
     -0.454      0.000     7.8276     90.105      2.179   2.062720     0.0000    -0.2350     0.0000     0.0846 4.3427e+02    -1.0346     -0.445     -0.646    22.3248 0.0000e+00
     -0.454      0.000     7.8274     90.108      2.142   2.027931     0.0000    -0.2502     0.0000     0.0846 5.1392e+02    -1.0195     -0.445     -0.646    22.3261 0.0000e+00
     -0.454      0.000     7.8274     90.108      2.105   1.993530     0.0000    -0.2350     0.0000     0.0846 7.4633e+02    -1.0497     -0.445     -0.646    22.3276 0.0000e+00
     -0.454      0.000     7.8276     90.105      2.081   1.970232     0.0000    -0.2579     0.0000     0.1269 4.3540e+02    -0.9893     -0.445     -0.646    22.3294 0.0000e+00
     -0.454      0.000     7.8278     90.098      2.074   1.963757     0.0000    -0.2502     0.0000     0.1269 4.9722e+02    -1.0346     -0.445     -0.646    22.3316 0.0000e+00
     -0.454      0.000     7.8277     90.084      2.074   1.964424     0.0000    -0.2426     0.0000     0.1269 1.4414e+03    -1.0497     -0.445     -0.646    22.3345 0.0000e+00
     -0.454      0.000     7.8272     90.065      2.066   1.956499     0.0000    -0.2579     0.0000     0.1269 1.3006e+03    -1.0497     -0.445     -0.646    22.3377 0.0000e+00
     -0.454      0.000     7.8264     90.044      2.042   1.933891     0.0000    -0.2502     0.0852     0.2961 4.5851e+02    -1.0195     -0.445     -0.646    22.3410 0.0000e+00
     -0.454      0.000     7.8253     90.025      2.017   1.910460     0.0000    -0.2655     0.0852     0.2961 8.3816e+02    -1.0497     -0.445     -0.646    22.3441 0.0000e+00
     -0.454      0.000     7.8237     90.013      2.005   1.899846     0.0000    -0.2426     0.0852     0.2961 6.0990e+02    -0.9742     -0.445     -0.645    22.3470 0.0000e+00
     -0.454      0.000     7.8216     90.007      2.005   1.899218     0.0000    -0.2388     0.0852     0.2961 3.3957e+02    -0.8987     -0.445     -0.645    22.3498 0.0000e+00
     -0.454      0.000     7.8194     90.008      2.006   1.900454     0.0000    -0.2350     0.0852     0.2961 2.2175e+02    -1.0195     -0.445     -0.645    22.3524 0.0000e+00
     -0.454      0.000     7.8174     90.014      2.010   1.903883     0.0000    -0.2464     0.0426     0.1269 2.0902e+02    -1.0497     -0.445     -0.645    22.3548 0.0000e+00
     -0.454      0.000     7.8160     90.021      2.025   1.918374     0.0000    -0.2541     0.0426     0.1269 2.1140e+02    -1.0346     -0.445     -0.645    22.3571 0.0000e+00
     -0.453      0.000     7.8151     90.024      2.052   1.943814     0.0000    -0.2579     0.0426     0.1269 2.0236e+02    -1.0346     -0.445     -0.645    22.3597 0.0000e+00
     -0.453      0.000     7.8148     90.027      2.076   1.967099     0.0000    -0.2579     0.0426     0.1269 2.0223e+02    -1.0044     -0.445     -0.645    22.3623 0.0000e+00
     -0.453      0.000     7.8150     90.030      2.092   1.982507     0.0000    -0.2769    -0.2130     0.1692 2.0471e+02    -1.0497     -0.445     -0.645    22.3648 0.0000e+00
     -0.453      0.000     7.8152     90.029      2.109   1.998123     0.0000    -0.2464    -0.2130     0.1692 2.0109e+02    -0.9440     -0.445     -0.645    22.3671 0.0000e+00
     -0.453      0.000     7.8153     90.025      2.130   2.018111     0.0000    -0.2426    -0.2130     0.1692 1.8992e+02    -1.0649     -0.445     -0.645    22.3685 0.0000e+00
     -0.453      0.000     7.8156     90.025      2.153   2.039848     0.0000    -0.2769    -0.2130     0.1692 2.0109e+02    -0.9893     -0.445     -0.645    22.3682 0.0000e+00
     -0.453      0.000     7.8162     90.034      2.176   2.061174     0.0000    -0.2502     0.0000     0.3384 1.8363e+02    -1.0346     -0.445     -0.645    22.3659 0.0000e+00
     -0.453      0.000     7.8166     90.048      2.196   2.079820     0.0000    -0.2350     0.0000     0.3384 1.8939e+02    -0.9893     -0.445     -0.644    22.3622 0.0000e+00
     -0.453      0.001     7.8170     90.064      2.214   2.096782     0.0000    -0.2464     0.0000     0.3384 2.0645e+02    -1.0346     -0.444     -0.644    22.3578 0.0000e+00
     -0.453      0.001     7.8178     90.080      2.231   2.112605     0.0000    -0.2426     0.0000     0.3384 2.1750e+02    -1.0497     -0.444     -0.644    22.3524 0.0000e+00
     -0.452      0.001     7.8194     90.094      2.242   2.123554     0.0000    -0.2731     0.2556     0.2115 2.0587e+02    -1.0497     -0.444     -0.644    22.3465 0.0000e+00
     -0.452      0.001     7.8214     90.106      2.251   2.132547     0.0000    -0.2464     0.2556     0.2115 1.6864e+02    -1.0195     -0.444     -0.643    22.3413 0.0000e+00
     -0.452      0.002     7.8233     90.114      2.269   2.149938     0.0000    -0.2388     0.2556     0.2115 1.6284e+02    -1.0951     -0.443     -0.643    22.3378 0.0000e+00
     -0.452      0.002     7.8250     90.118      2.304   2.184344     0.0000    -0.2388     0.2556     0.2115 1.6559e+02    -1.0800     -0.443     -0.642    22.3359 0.0000e+00
     -0.451      0.003     7.8264     90.115      2.361   2.240960     0.0000    -0.2693     0.2556     0.2115 1.5793e+02    -1.0497     -0.442     -0.641    22.3348 0.0000e+00
     -0.451      0.004     7.8275     90.110      2.448   2.326930     0.0000    -0.2579     0.0852     0.2115 1.6462e+02    -1.0800     -0.442     -0.640    22.3341 0.0000e+00
     -0.450      0.005     7.8283     90.107      2.596   2.473133     0.0000    -0.2350     0.0852     0.2115 1.7242e+02    -1.0044     -0.441     -0.639    22.3337 0.0000e+00
     -0.448      0.006     7.8285     90.105      2.856   2.730491     0.0000    -0.2502     0.0852     0.2115 1.8173e+02    -1.0195     -0.440     -0.637    22.3345 0.0000e+00
     -0.447      0.008     7.8279     90.105      3.292   3.159676     0.0000    -0.2541     0.0852     0.2115 1.5951e+02    -1.0346     -0.438     -0.635    22.3367 0.0000e+00
     -0.445      0.010     7.8269     90.105      4.018   3.875138     0.0000    -0.2693     0.0426     0.3384 2.3927e+02    -0.9742     -0.436     -0.632    22.3405 0.0000e+00
     -0.442      0.013     7.8258     90.105      5.236   5.075622     0.0000    -0.2579     0.0426     0.3384 4.1211e+02    -1.0195     -0.433     -0.628    22.3462 0.0000e+00
     -0.439      0.017     7.8244     90.106      7.276   7.085235     0.0000    -0.2579     0.0426     0.3384 1.2891e+03    -1.0044     -0.430     -0.624    22.3544 0.0000e+00
     -0.435      0.022     7.8227     90.107     10.690  10.447829     0.0000    -0.2655     0.0426     0.3384 1.5275e+03    -0.9440     -0.426     -0.618    22.3660 0.0000e+00
     -0.429      0.028     7.8204     90.109     16.388  16.060095     0.0000    -0.2769     0.0000     0.2538 1.8724e+03    -1.0346     -0.421     -0.610    22.3820 0.0000e+00
     -0.422      0.036     7.8171     90.115     25.882  25.410683     0.0000     0.0359     0.0000     0.2538 6.6586e+02    -0.6570     -0.414     -0.600    22.4046 0.0000e+00
     -0.413      0.046     7.8122     90.129     41.708  40.997061     0.0000     0.0359     0.0000     0.2538 2.2427e+02    -0.7778     -0.405     -0.587    22.4381 0.0000e+00
     -0.401      0.058     7.8047     90.151     64.713  63.751891     0.0000     0.0511     0.0000     0.2538 1.0045e+03    -0.7174     -0.393     -0.570    22.4905 0.0000e+00
     -0.386      0.073     7.7925     90.182     90.934  89.946606     0.0000     0.0282     0.0426     0.1692 2.2335e+02    -0.7325     -0.378     -0.549    22.5750 0.0000e+00
     -0.366      0.090     7.7728     90.223    113.879 113.170658     0.0000     0.0435     0.0426     0.1692 2.2310e+02     0.1890     -0.359     -0.521    22.7135 0.0000e+00
     -0.341      0.107     7.7406     90.278    129.514 129.266515     0.0000     0.0359     0.0426     0.1692 2.2910e+02     0.2041     -0.335     -0.485    22.9421 0.0000e+00
     -0.311      0.123     7.6910     90.360    138.736 138.980710     0.0000     0.0435     0.0426     0.1692 1.4224e+03     0.1588     -0.305     -0.442    23.2952 0.0000e+00
     -0.275      0.137     7.6287     90.491    144.171 144.849633     0.0000     0.0359     0.0426     0.1692 2.5671e+03     0.1286     -0.270     -0.392    23.7433 0.0000e+00
     -0.236      0.149     7.5678     90.685    147.361 148.386262     0.0000     0.0359     1.7892     4.7376 2.5322e+03     0.9896     -0.232     -0.336    24.1913 0.0000e+00
     -0.195      0.157     7.5184     90.951    149.205 150.491637     0.0000     0.0740     1.7892     4.7376 1.8407e+02     0.9292     -0.191     -0.278    24.5708 0.0000e+00
     -0.153      0.162     7.4832     91.300    150.221 151.695143     0.0000     0.0282     1.7892     4.7376 1.8169e+02     0.8386     -0.150     -0.218    24.8692 0.0000e+00
     -0.111      0.165     7.4625     91.735    150.733 152.333751     0.0000     0.0435     1.7892     4.7376 1.7287e+02     0.9443     -0.109     -0.159    25.0939 0.0000e+00
     -0.069      0.166     7.4556     92.252    150.974 152.653894     5.0400     0.1389     0.1704    -1.0575 1.4111e+02     1.1860     -0.068     -0.098    25.2571 0.0000e+00
     -0.026      0.165     7.4614     92.836    151.075 152.799050     5.0400     0.1084     0.1704    -1.0575 1.0982e+02     1.2011     -0.026     -0.037    25.3726 0.0000e+00
      0.017      0.161     7.4789     93.452    151.098 152.841986     5.0400     0.1351     0.1704    -1.0575 9.2052e+01     1.2011      0.017      0.025    25.4525 0.0000e+00
      0.060      0.155     7.5071     94.062    151.099 152.846243     5.0400     0.1045     0.1704    -1.0575 5.8540e+01     1.2615      0.059      0.086    25.5056 0.0000e+00
      0.101      0.144     7.5449     94.622    151.110 152.851023     7.6500     0.1732     0.0852     0.0423 7.4089e+01     0.8688      0.099      0.144    25.5386 0.0000e+00
      0.138      0.131     7.5900     95.084    151.125 152.853591     7.6500     0.1656     0.0852     0.0423 7.4655e+01     0.9443      0.135      0.196    25.5575 0.0000e+00
      0.170      0.115     7.6390     95.414    151.120 152.830590     7.6500     0.1846     0.0852     0.0423 7.3880e+01     0.9443      0.167      0.242    25.5667 0.0000e+00
      0.197      0.100     7.6885     95.607    151.083 152.763865     7.6500     0.1694     0.0852     0.0423 7.3961e+01     0.8839      0.193      0.280    25.5696 0.0000e+00
      0.219      0.085     7.7345     95.676    151.034 152.663673     7.6500     0.0931     0.0852     0.0423 8.0659e+01     0.8839      0.215      0.311    25.5684 0.0000e+00
      0.237      0.074     7.7727     95.653    150.999 152.551377     7.6500     0.1465     0.0852     0.1269 7.8686e+01     0.8688      0.232      0.337    25.5647 0.0000e+00
      0.252      0.065     7.8005     95.578    150.957 152.405044     7.6500     0.1084     0.0852     0.1269 8.7279e+01     1.0198      0.247      0.359    25.5590 0.0000e+00
      0.267      0.059     7.8176     95.487    150.829 152.161602     7.6500     0.0931     0.0852     0.1269 8.3241e+01     0.9443      0.261      0.379    25.5494 0.0000e+00
      0.280      0.057     7.8256     95.409    150.520 151.752117     7.6500     0.1732     0.0852     0.1269 9.0073e+01     0.9141      0.275      0.398    25.5330 0.0000e+00
      0.294      0.056     7.8274     95.368    149.926 151.083414     7.6500     0.1846     0.0426     0.1269 8.7507e+01     0.8386      0.288      0.418    25.5074 0.0000e+00
      0.308      0.058     7.8262     95.382    148.854 149.961140     7.6500     0.1656     0.0426     0.1269 8.9255e+01     0.8990      0.302      0.437    25.4728 0.0000e+00
      0.322      0.060     7.8242     95.464    146.998 148.061982     7.6500     0.1770     0.0426     0.1269 8.5533e+01     1.0047      0.316      0.458    25.4350 0.0000e+00
      0.337      0.060     7.8226     95.614    143.893 144.895528     7.6500     0.2419     0.0426     0.1269 8.3350e+01     1.2313      0.331      0.480    25.4021 0.0000e+00
      0.354      0.058     7.8226     95.800    138.707 139.621396     7.7400     0.1885     0.0852     0.0846 7.7347e+01     1.2615      0.347      0.504    25.3783 0.0000e+00
      0.372      0.055     7.8259     95.973    130.017 130.833144     7.7400     0.2419     0.0852     0.0846 7.6727e+01     1.2011      0.365      0.529    25.3635 0.0000e+00
      0.387      0.050     7.8342     96.096    115.492 116.207267     7.7400     0.2075     0.0852     0.0846 7.7582e+01     1.2162      0.380      0.551    25.3524 0.0000e+00
      0.399      0.046     7.8487     96.164     91.249  91.843530     7.7400     0.1732     0.0852     0.0846 7.6911e+01     1.2162      0.391      0.567    25.3372 0.0000e+00
      0.407      0.042     7.8669     96.201     50.853  51.252955     7.8300     0.1770     0.0852     0.0846 7.8413e+01     1.1709      0.399      0.579    25.3168 0.0000e+00
      0.414      0.041     7.8838     96.226    -16.421 -16.364567     7.8300     0.1656     0.0852     0.0846 7.9528e+01     1.2011      0.406      0.589    25.2985 0.0000e+00
      0.424      0.041     7.8952     96.257   -128.503-129.032361     7.8300     0.1846     0.0852     0.0846 8.0257e+01     1.2011      0.415      0.603    25.2894 0.0000e+00
      0.435      0.042     7.9009     96.311   -315.302-316.795176     7.8300     0.1579     0.0852     0.0846 8.1771e+01     1.1558      0.427      0.619    25.2894 0.0000e+00
      0.448      0.043     7.9036     96.395   -432.058-434.153503     7.8300     0.1732     0.0852     0.0846 7.9805e+01     1.1558      0.439      0.637    25.2918 0.0000e+00
      0.460      0.043     7.9060     96.508   -315.317-316.833302     7.7400     0.1770     0.0852     0.0846 8.1046e+01     1.2011      0.451      0.654    25.2897 0.0000e+00
