Data/DataNotYetUploadedToEDI/Raw_CTD/RawDownloads/062526_ccr20_S8188030.cnv
* Sea-Bird SBE19plus  Data File:
* FileName = C:\R\Reservoirs\Data\DataNotYetUploadedToEDI\Raw_CTD\RawDownloads\062526_ccr50_S8188_0030.hex
* Software version 2.8.0.119
* Temperature SN = 8188
* Conductivity SN = 8188
* System UpLoad Time = Jun 29 2026 18:19:01
* <ApplicationData>
* <Seaterm232>
# nquan = 16
# nvalues = 136                         
# units = specified
# name 0 = depFM: Depth [fresh water, m]
# name 1 = dz/dtM: Descent Rate [m/s]
# name 2 = sbeox0Mg/L: Oxygen, SBE 43 [mg/l]
# name 3 = sbeox0PS: Oxygen, SBE 43 [% saturation]
# name 4 = specc: Specific Conductance [uS/cm]
# name 5 = c0uS/cm: Conductivity [uS/cm]
# name 6 = wetCDOM: Fluorescence, WET Labs CDOM [mg/m^3]
# name 7 = flECO-AFL: Fluorescence, WET Labs ECO-AFL/FL [mg/m^3]
# name 8 = flECO-AFL1: Fluorescence, WET Labs ECO-AFL/FL, 2 [mg/m^3]
# name 9 = flECO-AFL2: Fluorescence, WET Labs ECO-AFL/FL, 3 [mg/m^3]
# name 10 = par/sat/log: PAR/Logarithmic, Satlantic
# name 11 = turbWETntu0: Turbidity, WET Labs ECO [NTU]
# name 12 = prdM: Pressure, Strain Gauge [db]
# name 13 = prdE: Pressure, Strain Gauge [psi]
# name 14 = tv290C: Temperature [ITS-90, deg C]
# name 15 = flag:  0.000e+00
# span 0 =     -0.454,      0.509       
# span 1 =     -0.118,      0.166       
# span 2 =     7.4556,     7.9644       
# span 3 =     90.007,     96.926       
# span 4 =   -432.058,    151.866       
# span 5 =-434.153503, 152.853591       
# span 6 =    -4.5000,     7.9200       
# span 7 =    -0.2769,     0.2419       
# span 8 =    -2.1300,     1.7892       
# span 9 =    -2.0304,     4.7376       
# span 10 = 5.8540e+01, 2.5996e+03      
# span 11 =    -1.1706,     1.3069      
# span 12 =     -0.445,      0.499      
# span 13 =     -0.646,      0.724      
# span 14 =    22.3090,    25.5696      
# span 15 = 0.0000e+00, 0.0000e+00      
# interval = seconds: 0.25
# start_time = Jun 25 2026 11:43:55 [Instrument's time stamp, header]
# bad_flag = -9.990e-29
*END*
[from data line 91]
      0.481      0.036     7.9158     96.754    -16.492 -16.503763     7.7400     0.1770     0.0852     0.0846 8.1753e+01     1.1407      0.472      0.685    25.2722 0.0000e+00
      0.490      0.031     7.9237     96.848     50.718  51.053908     7.7400     0.1579     0.0852     0.0846 8.1718e+01     1.1407      0.481      0.698    25.2663 0.0000e+00
      0.498      0.024     7.9331     96.907     91.032  91.583638     7.9200     0.1923     0.0852     0.1269 8.3368e+01     1.2464      0.488      0.708    25.2646 0.0000e+00
      0.503      0.018     7.9432     96.926    115.202 115.893355     7.9200     0.1656     0.0852     0.1269 8.1842e+01     1.1709      0.494      0.716    25.2653 0.0000e+00
      0.507      0.011     7.9525     96.910    129.676 130.457637     7.9200     0.1465     0.0852     0.1269 8.3025e+01     1.1558      0.497      0.722    25.2676 0.0000e+00
      0.509      0.004     7.9597     96.868    138.334 139.172316     7.9200     0.1732     0.0852     0.1269 8.2844e+01     1.2918      0.499      0.724    25.2712 0.0000e+00
      0.509     -0.003     7.9638     96.806    143.530 144.397369     7.8300     0.1846     0.1278     0.1692 8.5813e+01     1.1407      0.499      0.724    25.2760 0.0000e+00
      0.507     -0.010     7.9644     96.729    146.663 147.542171     7.8300     0.1770     0.1278     0.1692 8.2970e+01     1.2011      0.498      0.722    25.2820 0.0000e+00
      0.504     -0.018     7.9622     96.642    148.555 149.433315     7.8300     0.1732     0.1278     0.1692 8.4444e+01     1.1860      0.494      0.717    25.2881 0.0000e+00
      0.499     -0.027     7.9581     96.545    149.707 150.571100     7.8300     0.1579     0.1278     0.1692 8.6261e+01     0.9292      0.490      0.710    25.2922 0.0000e+00
      0.492     -0.039     7.9529     96.433    150.440 151.266950     7.8300     0.1732     0.1278     0.1692 8.5236e+01     0.9896      0.483      0.700    25.2933 0.0000e+00
      0.482     -0.052     7.9467     96.278    150.935 151.694402     7.8300     0.1618     0.0852     0.1692 8.6731e+01     0.8386      0.473      0.686    25.2920 0.0000e+00
      0.469     -0.068     7.9400     96.041    151.269 151.947405     7.8300     0.1656     0.0852     0.1692 8.8907e+01     0.9292      0.460      0.667    25.2888 0.0000e+00
      0.450     -0.085     7.9331     95.695    151.479 152.093417     7.8300     0.1732     0.0852     0.1692 8.8964e+01     1.1256      0.442      0.641    25.2822 0.0000e+00
      0.426     -0.099     7.9258     95.237    151.596 152.175379     7.8300     0.1618     0.0852     0.1692 8.9624e+01     1.1860      0.418      0.606    25.2687 0.0000e+00
      0.396     -0.111     7.9164     94.689    151.664 152.219154     7.9200     0.1885     0.0852     0.0846 9.0210e+01     1.2011      0.388      0.563    25.2457 0.0000e+00
      0.362     -0.117     7.9009     94.090    151.710 152.236418     7.9200     0.1923     0.0852     0.0846 9.1792e+01     1.1256      0.355      0.514    25.2182 0.0000e+00
      0.327     -0.118     7.8754     93.491    151.738 152.235779     7.9200     0.1465     0.0852     0.0846 9.4033e+01     1.1709      0.321      0.466    25.1968 0.0000e+00
      0.295     -0.113     7.8394     92.936    151.749 152.229086     7.9200     0.1656     0.0852     0.0846 9.4299e+01     1.2011      0.290      0.420    25.1852 0.0000e+00
      0.266     -0.104     7.7955     92.465    151.741 152.218557     7.8300     0.1732     0.0426     0.0846 8.8945e+01     1.1709      0.261      0.379    25.1771 0.0000e+00
      0.241     -0.092     7.7476     92.104    151.719 152.205394     7.8300     0.1694     0.0426     0.0846 8.9119e+01     1.2011      0.237      0.343    25.1676 0.0000e+00
      0.219     -0.078     7.6996     91.861    151.691 152.194102     7.8300     0.2037     0.0426     0.0846 7.5882e+01     1.3069      0.215      0.312    25.1581 0.0000e+00
      0.201     -0.064     7.6547     91.734    151.674 152.185678     7.8300     0.1541     0.0426     0.0846 8.9119e+01     1.2011      0.197      0.286    25.1523 0.0000e+00
      0.186     -0.050     7.6162     91.715    151.679 152.177879     7.7400     0.1579     0.0852     0.2538 7.9287e+01     1.1860      0.183      0.265    25.1513 0.0000e+00
      0.176     -0.037     7.5860     91.786    151.706 152.172630     7.7400     0.1656     0.0852     0.2538 6.6332e+01     1.1709      0.172      0.250    25.1544 0.0000e+00
      0.169     -0.027     7.5652     91.928    151.741 152.172536     7.7400     0.1084     0.0852     0.2538 7.0723e+01     0.9292      0.166      0.241    25.1598 0.0000e+00
      0.166     -0.019     7.5544     92.127    151.774 152.173561     7.7400     0.1198     0.0852     0.2538 7.5882e+01     0.8688      0.163      0.236    25.1628 0.0000e+00
      0.164     -0.015     7.5534     92.344    151.801 152.171971     7.7400     0.1122     0.0852     0.2538 9.0919e+01     1.0047      0.161      0.233    25.1584 0.0000e+00
      0.163     -0.014     7.5607     92.541    151.824 152.171348     7.7400     0.1122     0.0852     0.2538 8.1205e+01     0.9745      0.160      0.232    25.1479 0.0000e+00
      0.161     -0.016     7.5740     92.695    151.843 152.175529     7.7400     0.1236     0.0852     0.2538 8.8656e+01     0.9896      0.158      0.228    25.1362 0.0000e+00
      0.156     -0.020     7.5918     92.788    151.858 152.181624     7.7400     0.1312     0.0852     0.2538 9.3402e+01     0.8990      0.153      0.222    25.1257 0.0000e+00
      0.150     -0.024     7.6110     92.813    151.866 152.179238     7.7400     0.0969     0.0852     0.2538 9.7530e+01     1.0198      0.147      0.214    25.1162 0.0000e+00
      0.144     -0.029     7.6284     92.776    151.866 152.163726     7.8300     0.1274     0.0426     0.2115 9.0978e+01     0.8386      0.141      0.205    25.1084 0.0000e+00
      0.137     -0.033     7.6418     92.683    151.859 152.142973     7.8300     0.1198     0.0426     0.2115 8.9585e+01     0.9292      0.134      0.195    25.1034 0.0000e+00
      0.130     -0.036     7.6498     92.541    151.843 152.123463     7.8300     0.1007     0.0426     0.2115 9.8274e+01     0.9443      0.127      0.184    25.1004 0.0000e+00
      0.121     -0.039     7.6524     92.371    151.816 152.103999     7.8300     0.0931     0.0426     0.2115 1.1595e+02     0.9745      0.118      0.171    25.0970 0.0000e+00
      0.111     -0.040     7.6500     92.199    151.786 152.087407     7.6500     0.1007     0.0852     0.2115 9.2533e+01     0.8990      0.108      0.157    25.0921 0.0000e+00
      0.101     -0.040     7.6430     92.042    151.762 152.077277     7.6500     0.1045     0.0852     0.2115 9.0328e+01     0.8990      0.099      0.144    25.0876 0.0000e+00
      0.093     -0.040     7.6314     91.919    151.740 152.066902     7.6500     0.1045     0.0852     0.2115 8.3205e+01     0.9745      0.090      0.131    25.0863 0.0000e+00
      0.086     -0.039     7.6171     91.843    151.725 152.057522     7.6500     0.1351     0.0852     0.2115 8.2270e+01     0.8990      0.084      0.122    25.0888 0.0000e+00
      0.082     -0.038     7.6023     91.817    151.721 152.054651     7.6500     0.1198     0.0852     0.2115 8.3986e+01     0.9443      0.080      0.116    25.0932 0.0000e+00
      0.079 -9.990e-29     7.5887 -9.990e-29 -9.990e-29 -9.990e-29     7.8300 -9.990e-29     0.0426     0.0423 8.0240e+01 -9.990e-29      0.077      0.111    25.0980 0.0000e+00
      0.077 -9.990e-29     7.5780 -9.990e-29 -9.990e-29 -9.990e-29     7.8300 -9.990e-29     0.0426     0.0423 7.7549e+01 -9.990e-29      0.075      0.109    25.1017 0.0000e+00
      0.075 -9.990e-29     7.5715 -9.990e-29 -9.990e-29 -9.990e-29     7.8300 -9.990e-29     0.0426     0.0423 7.9615e+01 -9.990e-29      0.073      0.107    25.1035 0.0000e+00
      0.075 -9.990e-29     7.5693 -9.990e-29 -9.990e-29 -9.990e-29     7.8300 -9.990e-29     0.0426     0.0423 8.0817e+01 -9.990e-29      0.073      0.106    25.1040 0.0000e+00
