Data/DataNotYetUploadedToEDI/Raw_CTD/RawDownloads/062526_ccr88_S8188026.cnv
* Sea-Bird SBE19plus  Data File:
* FileName = C:\R\Reservoirs\Data\DataNotYetUploadedToEDI\Raw_CTD\RawDownloads\062526_ccr50_S8188_0026.hex
* Software version 2.8.0.119
* Temperature SN = 8188
* Conductivity SN = 8188
* System UpLoad Time = Jun 29 2026 18:18:39
* <ApplicationData>
* <Seaterm232>
# nquan = 16
# nvalues = 231                         
# units = specified
# name 0 = depFM: Depth [fresh water, m]
# name 1 = dz/dtM: Descent Rate [m/s]
# name 2 = sbeox0Mg/L: Oxygen, SBE 43 [mg/l]
# name 3 = sbeox0PS: Oxygen, SBE 43 [% saturation]
# name 4 = specc: Specific Conductance [uS/cm]
# name 5 = c0uS/cm: Conductivity [uS/cm]
# name 6 = wetCDOM: Fluorescence, WET Labs CDOM [mg/m^3]
# name 7 = flECO-AFL: Fluorescence, WET Labs ECO-AFL/FL [mg/m^3]
# name 8 = flECO-AFL1: Fluorescence, WET Labs ECO-AFL/FL, 2 [mg/m^3]
# name 9 = flECO-AFL2: Fluorescence, WET Labs ECO-AFL/FL, 3 [mg/m^3]
# name 10 = par/sat/log: PAR/Logarithmic, Satlantic
# name 11 = turbWETntu0: Turbidity, WET Labs ECO [NTU]
# name 12 = prdM: Pressure, Strain Gauge [db]
# name 13 = prdE: Pressure, Strain Gauge [psi]
# name 14 = tv290C: Temperature [ITS-90, deg C]
# name 15 = flag:  0.000e+00
# span 0 =     -0.423,      0.299       
# span 1 =     -0.001,      0.151       
# span 2 =     3.9252,     7.8481       
# span 3 =     47.835,     95.566       
# span 4 =     16.622,    150.974       
# span 5 =  16.425614, 153.322222       
# span 6 =    -4.5000,    12.3300       
# span 7 =    -0.8835,     0.2533       
# span 8 =    -2.1300,     0.1704       
# span 9 =    -2.0304,     0.9306       
# span 10 = 2.6819e+02, 2.3033e+03      
# span 11 =    -1.2914,     1.2313      
# span 12 =     -0.415,      0.293      
# span 13 =     -0.602,      0.425      
# span 14 =    22.6948,    25.7739      
# span 15 = 0.0000e+00, 0.0000e+00      
# interval = seconds: 0.25
# start_time = Jun 25 2026 10:06:22 [Instrument's time stamp, header]
# bad_flag = -9.990e-29
*END*
     -0.423      0.032     7.8481     90.997     16.622  16.425614    -4.5000    -0.3380    -2.1300    -2.0304 6.2398e+02    -1.2008     -0.415     -0.602    22.6948 0.0000e+00
     -0.415      0.041     7.8451     91.017     27.267  26.959484    -4.5000    -0.3151    -2.1300    -2.0304 8.6724e+02    -1.2461     -0.407     -0.590    22.7148 0.0000e+00
     -0.404      0.053     7.8405     91.045     45.016  44.523992    -4.5000    -0.2960    -2.1300    -2.0304 9.7353e+02    -1.2914     -0.397     -0.575    22.7475 0.0000e+00
     -0.391      0.067     7.8336     91.081     69.952  69.311163    -2.0700    -0.8644     0.1704     0.0000 9.0125e+02    -0.2340     -0.383     -0.556    22.8011 0.0000e+00
     -0.373      0.083     7.8222     91.125     96.256  95.739205    -2.0700    -0.8835     0.1704     0.0000 8.5843e+02    -0.2793     -0.366     -0.531    22.8897 0.0000e+00
     -0.351      0.100     7.8024     91.185    117.567 117.469416    -2.0700    -0.8682     0.1704     0.0000 9.4950e+02    -0.2944     -0.344     -0.499    23.0366 0.0000e+00
     -0.322      0.116     7.7690     91.270    131.620 132.062036    -2.0700    -0.8377     0.1704     0.0000 1.1406e+03    -0.2793     -0.316     -0.459    23.2808 0.0000e+00
     -0.289      0.131     7.7187     91.394    139.865 140.822152    -2.0700     0.0321     0.1704     0.0000 1.3223e+03     0.8990     -0.283     -0.411    23.6468 0.0000e+00
     -0.251      0.142     7.6586     91.580    144.660 146.039748    12.3300     0.0511     0.0000     0.5922 1.4795e+03     0.8990     -0.247     -0.357    24.0877 0.0000e+00
     -0.211      0.149     7.6025     91.844    147.427 149.122231    12.3300     0.0511     0.0000     0.5922 1.6575e+03     0.9292     -0.207     -0.300    24.5134 0.0000e+00
     -0.170      0.151     7.5588     92.185    148.996 150.911646    12.3300     0.0588     0.0000     0.5922 1.8238e+03     0.8839     -0.167     -0.242    24.8698 0.0000e+00
     -0.130      0.150     7.5299     92.591    149.835 151.897197    12.3300     0.0549     0.0000     0.5922 1.9947e+03     1.0349     -0.127     -0.184    25.1470 0.0000e+00
     -0.091      0.145     7.5165     93.034    150.218 152.371756     6.7500     0.0588     0.0852     0.9306 2.0792e+03     0.8083     -0.089     -0.129    25.3509 0.0000e+00
     -0.055      0.138     7.5180     93.489    150.331 152.536006     6.7500     0.0588     0.0852     0.9306 2.1304e+03     0.8839     -0.054     -0.078    25.4941 0.0000e+00
     -0.020      0.129     7.5324     93.926    150.317 152.543941     6.7500     0.0664     0.0852     0.9306 2.1253e+03     1.0198     -0.020     -0.029    25.5911 0.0000e+00
      0.012      0.120     7.5566     94.327    150.241 152.471807     6.7500     0.0588     0.0852     0.9306 2.1097e+03     1.2313      0.011      0.017    25.6544 0.0000e+00
      0.042      0.110     7.5873     94.682    150.121 152.342441     7.7400     0.0435     0.0852     0.0846 2.0554e+03     1.1709      0.041      0.059    25.6941 0.0000e+00
      0.069      0.100     7.6211     94.977    149.989 152.193469     7.7400     0.0282     0.0852     0.0846 1.1181e+03     1.2162      0.067      0.098    25.7171 0.0000e+00
      0.093      0.090     7.6551     95.202    149.881 152.065302     7.7400     0.0397     0.0852     0.0846 2.6819e+02     1.1407      0.091      0.132    25.7286 0.0000e+00
      0.114      0.080     7.6873     95.361    149.812 151.975850     7.7400     0.0893     0.0852     0.0846 1.2933e+03     0.9292      0.112      0.162    25.7325 0.0000e+00
      0.133      0.071     7.7164     95.467    149.771 151.913279     7.5600     0.0702     0.0852     0.1692 1.8266e+03     0.9443      0.130      0.189    25.7315 0.0000e+00
      0.149      0.062     7.7410     95.532    149.734 151.850885     7.5600     0.1351     0.0852     0.1692 2.3033e+03     0.9594      0.146      0.212    25.7274 0.0000e+00
      0.163      0.055     7.7601     95.561    149.704 151.790060     7.5600     0.0931     0.0852     0.1692 1.2790e+03     0.9896      0.160      0.232    25.7219 0.0000e+00
      0.176      0.048     7.7739     95.566    149.712 151.764667     7.5600     0.1160     0.0852     0.1692 1.1362e+03     0.9292      0.173      0.250    25.7156 0.0000e+00
      0.187      0.042     7.7836     95.555    149.797 151.820018     7.5600     0.1084     0.0852     0.1692 7.0487e+02     0.8839      0.184      0.266    25.7087 0.0000e+00
      0.197      0.036     7.7900     95.531    149.970 151.974879     7.5600     0.1084     0.0426     0.2538 1.8073e+03     0.9745      0.193      0.280    25.7005 0.0000e+00
      0.205      0.031     7.7938     95.493    150.171 152.172379     7.5600     0.1122     0.0426     0.2538 1.3131e+03     0.9443      0.201      0.292    25.6905 0.0000e+00
      0.212      0.026     7.7959     95.442    150.311 152.314926     7.5600     0.0321     0.0426     0.2538 9.8759e+02     0.7328      0.208      0.302    25.6793 0.0000e+00
      0.218      0.022     7.7964     95.381    150.358 152.358396     7.5600     0.0244     0.0426     0.2538 1.2699e+03     0.7781      0.214      0.310    25.6690 0.0000e+00
      0.223      0.018     7.7953     95.315    150.356 152.342428     7.6500     0.0359     0.0426     0.1269 1.0735e+03     0.6724      0.218      0.317    25.6624 0.0000e+00
      0.227      0.015     7.7925     95.246    150.357 152.322868     7.6500     0.0511     0.0426     0.1269 1.2143e+03     0.6724      0.222      0.322    25.6603 0.0000e+00
      0.230      0.013     7.7883     95.178    150.368 152.316536     7.6500     0.0931     0.0426     0.1269 1.3188e+03     0.6724      0.225      0.327    25.6605 0.0000e+00
      0.233      0.011     7.7836     95.115    150.375 152.313728     7.6500     0.1007     0.0426     0.1269 1.2726e+03     0.7479      0.228      0.331    25.6591 0.0000e+00
      0.235      0.010     7.7788     95.062    150.357 152.287649     7.5600     0.1007     0.0426     0.1692 9.2627e+02     0.7781      0.231      0.335    25.6545 0.0000e+00
      0.238      0.009     7.7742     95.017    150.323 152.245370     7.5600     0.0931     0.0426     0.1692 1.1528e+03     0.6724      0.233      0.338    25.6478 0.0000e+00
      0.240      0.008     7.7695     94.980    150.338 152.255753     7.5600     0.0435     0.0426     0.1692 1.4104e+03     0.9594      0.235      0.341    25.6419 0.0000e+00
      0.242      0.008     7.7648     94.951    150.426 152.349612     7.5600     0.0511     0.0426     0.1692 8.4953e+02     0.9745      0.237      0.344    25.6383 0.0000e+00
      0.244      0.007     7.7607     94.929    150.539 152.485864     7.5600     0.0435     0.0426     0.1692 1.0993e+03     0.9594      0.239      0.347    25.6360 0.0000e+00
      0.246      0.006     7.7574     94.913    150.633 152.616699     7.6500     0.0206     0.0426     0.1269 8.0356e+02     0.9141      0.241      0.349    25.6334 0.0000e+00
      0.247      0.005     7.7547     94.900    150.696 152.720912     7.6500     0.1084     0.0426     0.1269 8.8322e+02     0.8688      0.242      0.351    25.6315 0.0000e+00
      0.248      0.005     7.7521     94.888    150.733 152.800250     7.6500     0.1007     0.0426     0.1269 7.5121e+02     0.9443      0.243      0.353    25.6332 0.0000e+00
      0.249      0.004     7.7493     94.877    150.754 152.859844     7.6500     0.1160     0.0426     0.1269 9.5758e+02     0.9292      0.244      0.355    25.6405 0.0000e+00
      0.250      0.003     7.7463     94.867    150.767 152.907575     7.5600     0.0931     0.0852     0.0846 1.0617e+03     0.9292      0.245      0.356    25.6522 0.0000e+00
      0.251      0.003     7.7434     94.857    150.782 152.952165     7.5600     0.0931     0.0852     0.0846 9.5737e+02     0.9745      0.246      0.357    25.6658 0.0000e+00
      0.251      0.002     7.7405     94.847    150.797 152.993484     7.5600     0.1045     0.0852     0.0846 8.3834e+02     0.9443      0.246      0.358    25.6795 0.0000e+00
      0.252      0.002     7.7377     94.837    150.814 153.034538     7.5600     0.1007     0.0852     0.0846 6.4549e+02     0.9292      0.247      0.358    25.6922 0.0000e+00
      0.252      0.001     7.7353     94.829    150.840 153.082268     7.5600     0.1045     0.0852     0.2961 3.6553e+02     0.8386      0.247      0.359    25.7035 0.0000e+00
      0.253      0.001     7.7331     94.825    150.870 153.131372     7.5600     0.1007     0.0852     0.2961 4.1318e+02     0.9141      0.248      0.359    25.7134 0.0000e+00
      0.253      0.001     7.7310     94.829    150.898 153.176914     7.5600     0.1160     0.0852     0.2961 5.4770e+02     0.8990      0.248      0.360    25.7222 0.0000e+00
      0.253      0.001     7.7291     94.846    150.930 153.223024     7.5600     0.0969     0.0852     0.2961 3.7649e+02     0.9443      0.248      0.360    25.7301 0.0000e+00
      0.254      0.001     7.7275     94.877    150.959 153.263968     7.5600     0.1160     0.0852     0.2961 4.3276e+02     0.9896      0.249      0.361    25.7372 0.0000e+00
      0.254      0.001     7.7263     94.921    150.970 153.284618     7.5600     0.1160     0.0852     0.2961 8.9306e+02     0.8990      0.249      0.361    25.7435 0.0000e+00
      0.254      0.001     7.7258     94.977    150.959 153.278460     7.5600     0.0702     0.0852     0.2961 6.7036e+02     0.9896      0.249      0.361    25.7489 0.0000e+00
      0.254      0.001     7.7265     95.033    150.929 153.251867     7.5600     0.1007     0.0852     0.2961 8.9773e+02     0.9594      0.249      0.362    25.7536 0.0000e+00
      0.254      0.001     7.7285     95.049    150.894 153.217781     7.5600     0.0931     0.0852     0.2961 8.6011e+02     0.9594      0.249      0.362    25.7574 0.0000e+00
      0.255      0.000     7.7317     94.962    150.866 153.189154     7.7400     0.1160     0.0852     0.2538 9.8331e+02     0.9141      0.250      0.362    25.7602 0.0000e+00
      0.255      0.000     7.7361     94.690    150.854 153.178385     7.7400     0.1274     0.0852     0.2538 7.5203e+02     0.8990      0.250      0.362    25.7621 0.0000e+00
      0.255      0.000     7.7404     94.100    150.863 153.190618     7.7400     0.1084     0.0852     0.2538 5.5622e+02     0.8839      0.250      0.362    25.7632 0.0000e+00
      0.255      0.000     7.7416     92.994    150.886 153.217093     7.7400     0.1351     0.0852     0.2538 5.9809e+02     0.9443      0.250      0.362    25.7637 0.0000e+00
      0.255      0.000     7.7346     91.186    150.911 153.246838     7.5600     0.1007     0.0852     0.1269 5.5646e+02     0.7630      0.250      0.362    25.7639 0.0000e+00
      0.255      0.000     7.7124     88.639    150.931 153.271758     7.5600     0.1007     0.0852     0.1269 3.4960e+02     0.7781      0.250      0.363    25.7643 0.0000e+00
      0.255      0.001     7.6642     85.492    150.945 153.290485     7.5600     0.0931     0.0852     0.1269 6.6818e+02     0.6422      0.250      0.363    25.7651 0.0000e+00
      0.255      0.001     7.5739     82.001    150.955 153.304004     7.5600     0.1007     0.0852     0.1269 5.0145e+02     0.7781      0.250      0.363    25.7664 0.0000e+00
      0.255      0.001     7.4265     78.452    150.956 153.307908     7.5600     0.1084     0.0852     0.1269 3.4642e+02     0.5817      0.250      0.363    25.7679 0.0000e+00
      0.255      0.001     7.2188     75.104    150.947 153.299230     7.5600     0.1579     0.0852     0.1269 4.8327e+02     0.6271      0.250      0.364    25.7694 0.0000e+00
      0.255      0.001     6.9624     72.163    150.928 153.279663     7.5600     0.1846     0.0852     0.1269 4.4613e+02     0.7781      0.250      0.364    25.7708 0.0000e+00
      0.256      0.001     6.6780     69.771    150.911 153.260018     7.5600     0.1808     0.0852     0.1269 6.2901e+02     0.6875      0.251      0.364    25.7719 0.0000e+00
      0.256      0.000     6.3889     67.983    150.904 153.251084     7.5600     0.1427     0.0852     0.1269 4.3135e+02     0.6724      0.251      0.364    25.7727 0.0000e+00
      0.256      0.000     6.1161     66.759    150.909 153.254485     7.6500     0.1084     0.0852     0.1269 3.5620e+02     0.9594      0.251      0.365    25.7730 0.0000e+00
      0.256      0.000     5.8766     66.006    150.926 153.271129     7.6500     0.1007     0.0852     0.1269 3.8998e+02     0.9443      0.251      0.365    25.7729 0.0000e+00
      0.256 1.7488e-07     5.6819     65.629    150.946 153.293433     7.6500     0.1045     0.0852     0.1269 4.3911e+02     0.8688      0.251      0.365    25.7723 0.0000e+00
      0.256 2.2485e-07     5.5364     65.545    150.957 153.307309     7.6500     0.0855     0.0852     0.1269 3.7502e+02     0.9141      0.251      0.365    25.7714 0.0000e+00
      0.256 2.8909e-07     5.4368     65.668    150.959 153.312450     7.7400     0.1656     0.0852     0.0846 3.2379e+02     1.0500      0.251      0.364    25.7708 0.0000e+00
      0.256 3.7168e-07     5.3755     65.911    150.963 153.318242     7.7400     0.1656     0.0852     0.0846 3.2997e+02     0.8537      0.251      0.364    25.7708 0.0000e+00
      0.256 4.7788e-07     5.3447     66.205    150.967 153.322222     7.7400     0.1923     0.0852     0.0846 3.2386e+02     1.0500      0.251      0.365    25.7715 0.0000e+00
      0.256 6.1442e-07     5.3378     66.506    150.962 153.317438     7.7400     0.1732     0.0852     0.0846 5.2078e+02     0.9292      0.251      0.365    25.7724 0.0000e+00
      0.256 7.8996e-07     5.3477     66.796    150.961 153.314635     7.7400     0.1694     0.0852     0.0846 3.6904e+02     0.7630      0.251      0.365    25.7732 0.0000e+00
      0.256      0.000     5.3675     67.086    150.965 153.317073     7.7400     0.1618     0.0852     0.0846 3.1786e+02     0.7479      0.251      0.365    25.7737 0.0000e+00
      0.256      0.000     5.3914     67.402    150.963 153.313380     7.7400     0.1579     0.0852     0.0846 3.9785e+02     0.7328      0.251      0.365    25.7739 0.0000e+00
      0.256      0.000     5.4159     67.774    150.958 153.306578     7.7400     0.1656     0.0852     0.0846 4.3144e+02     0.7026      0.251      0.365    25.7738 0.0000e+00
      0.256      0.000     5.4396     68.229    150.959 153.306876     7.7400     0.1656     0.0852     0.0846 4.7195e+02     0.8386      0.251      0.365    25.7735 0.0000e+00
      0.256      0.000     5.4632     68.768    150.967 153.314351     7.5600     0.1770     0.1278     0.1692 4.3872e+02     0.7177      0.251      0.365    25.7729 0.0000e+00
      0.256      0.000     5.4890     69.356    150.973 153.318977     7.5600     0.1694     0.1278     0.1692 3.2491e+02     0.7177      0.251      0.364    25.7722 0.0000e+00
      0.256      0.000     5.5193     69.925    150.974 153.317980     7.5600     0.1541     0.1278     0.1692 5.8485e+02     0.7479      0.251      0.364    25.7718 0.0000e+00
      0.256      0.000     5.5564     70.409    150.974 153.315100     7.5600     0.1656     0.1278     0.1692 3.7421e+02     0.6724      0.251      0.364    25.7715 0.0000e+00
      0.256      0.000     5.6003     70.757    150.961 153.297550     7.5600     0.1579     0.0000     0.1692 3.6632e+02     0.7932      0.251      0.365    25.7713 0.0000e+00
      0.256      0.000     5.6482     70.949    150.920 153.248627     7.5600     0.1808     0.0000     0.1692 3.5930e+02     0.6875      0.251      0.365    25.7709 0.0000e+00
      0.256      0.000     5.6947     70.984    150.861 153.177324     7.5600     0.1732     0.0000     0.1692 3.6968e+02     0.7177      0.251      0.364    25.7702 0.0000e+00
      0.256      0.000     5.7342     70.870    150.814 153.112712     7.5600     0.1808     0.0000     0.1692 4.9636e+02     0.7177      0.251      0.364    25.7692 0.0000e+00
      0.256      0.000     5.7628     70.624    150.791 153.067613     7.6500     0.1579     0.0852     0.1269 4.4342e+02     0.7479      0.251      0.364    25.7677 0.0000e+00
