Data/DataNotYetUploadedToEDI/Raw_CTD/RawDownloads/062526_ccr50_S8188027.cnv
* Sea-Bird SBE19plus  Data File:
* FileName = C:\R\Reservoirs\Data\DataNotYetUploadedToEDI\Raw_CTD\RawDownloads\062526_ccr50_S8188_0027.hex
* Software version 2.8.0.119
* Temperature SN = 8188
* Conductivity SN = 8188
* System UpLoad Time = Jun 29 2026 18:18:45
* <ApplicationData>
* <Seaterm232>
# nquan = 16
# nvalues = 205                         
# units = specified
# name 0 = depFM: Depth [fresh water, m]
# name 1 = dz/dtM: Descent Rate [m/s]
# name 2 = sbeox0Mg/L: Oxygen, SBE 43 [mg/l]
# name 3 = sbeox0PS: Oxygen, SBE 43 [% saturation]
# name 4 = specc: Specific Conductance [uS/cm]
# name 5 = c0uS/cm: Conductivity [uS/cm]
# name 6 = wetCDOM: Fluorescence, WET Labs CDOM [mg/m^3]
# name 7 = flECO-AFL: Fluorescence, WET Labs ECO-AFL/FL [mg/m^3]
# name 8 = flECO-AFL1: Fluorescence, WET Labs ECO-AFL/FL, 2 [mg/m^3]
# name 9 = flECO-AFL2: Fluorescence, WET Labs ECO-AFL/FL, 3 [mg/m^3]
# name 10 = par/sat/log: PAR/Logarithmic, Satlantic
# name 11 = turbWETntu0: Turbidity, WET Labs ECO [NTU]
# name 12 = prdM: Pressure, Strain Gauge [db]
# name 13 = prdE: Pressure, Strain Gauge [psi]
# name 14 = tv290C: Temperature [ITS-90, deg C]
# name 15 = flag:  0.000e+00
# span 0 =     -0.450,      0.283       
# span 1 =     -0.020,      0.162       
# span 2 =     7.4182,     7.8534       
# span 3 =     89.429,     93.935       
# span 4 =      1.993,    150.616       
# span 5 =   1.869607, 151.746030       
# span 6 =    -4.5000,     8.0100       
# span 7 =    -0.2808,     0.7187       
# span 8 =    -2.1300,     0.1278       
# span 9 =    -2.0304,     0.3807       
# span 10 = 9.5786e+01, 2.0942e+03      
# span 11 =    -2.2432,     2.3945      
# span 12 =     -0.441,      0.278      
# span 13 =     -0.640,      0.403      
# span 14 =    21.8245,    25.6889      
# span 15 = 0.0000e+00, 0.0000e+00      
# interval = seconds: 0.25
# start_time = Jun 25 2026 10:21:38 [Instrument's time stamp, header]
# bad_flag = -9.990e-29
*END*
     -0.450      0.002     7.8534     89.495      1.993   1.869607    -4.5000    -0.2808    -2.1300    -2.0304 2.1320e+02    -1.0497     -0.441     -0.640    21.8245 0.0000e+00
     -0.449      0.003     7.8528     89.481      2.038   1.913336    -4.5000    -0.2388    -2.1300    -2.0304 2.0320e+02    -1.1102     -0.440     -0.639    21.8252 0.0000e+00
     -0.449      0.004     7.8521     89.464      2.113   1.986557    -4.5000    -0.2426    -2.1300    -2.0304 2.1080e+02    -1.0951     -0.440     -0.637    21.8260 0.0000e+00
     -0.448      0.005     7.8515     89.449      2.234   2.104820     0.0000    -0.2502     0.0000    -0.0846 2.2194e+02    -2.2432     -0.439     -0.636    21.8267 0.0000e+00
     -0.447      0.006     7.8506     89.438      2.434   2.299659     0.0000    -0.2502     0.0000    -0.0846 2.2272e+02    -2.1827     -0.438     -0.634    21.8273 0.0000e+00
     -0.445      0.008     7.8493     89.431      2.756   2.615078     0.0000    -0.2502     0.0000    -0.0846 2.2900e+02    -2.1676     -0.436     -0.632    21.8279 0.0000e+00
     -0.443      0.010     7.8478     89.429      3.279   3.127234     0.0000    -0.2731     0.0000    -0.0846 2.7870e+02    -2.2432     -0.434     -0.629    21.8285 0.0000e+00
     -0.440      0.013     7.8463     89.433      4.145   3.976678     0.0000    -0.2693     0.0000    -0.0846 3.0894e+02    -0.9742     -0.432     -0.626    21.8295 0.0000e+00
     -0.437      0.017     7.8450     89.441      5.596   5.397884     0.0000    -0.2579     0.0000     0.3384 3.8728e+02    -0.9893     -0.428     -0.621    21.8316 0.0000e+00
     -0.433      0.021     7.8438     89.451      8.020   7.773818     0.0000    -0.2769     0.0000     0.3384 6.9650e+02    -0.9742     -0.424     -0.615    21.8356 0.0000e+00
     -0.427      0.027     7.8426     89.462     12.062  11.734085     0.0000    -0.2693     0.0000     0.3384 1.0113e+03    -1.0497     -0.419     -0.607    21.8429 0.0000e+00
     -0.420      0.035     7.8411     89.473     18.798  18.334756     0.0000    -0.2502     0.0000     0.3384 1.1632e+03    -1.0800     -0.412     -0.597    21.8557 0.0000e+00
     -0.411      0.045     7.8385     89.486     30.034  29.343964     2.2500    -0.2350     0.0426     0.1269 1.1685e+03    -1.0195     -0.403     -0.584    21.8775 0.0000e+00
     -0.400      0.058     7.8340     89.507     48.770  47.701477     2.2500    -0.2350     0.0426     0.1269 1.1332e+03    -1.0195     -0.392     -0.568    21.9143 0.0000e+00
     -0.385      0.074     7.8259     89.544     75.092  73.650894     2.2500    -0.2579     0.0426     0.1269 1.1444e+03    -0.9893     -0.377     -0.547    21.9761 0.0000e+00
     -0.365      0.092     7.8118     89.595    101.887 100.483310     2.2500     0.6920     0.0426     0.1269 1.1841e+03     2.3341     -0.358     -0.520    22.0794 0.0000e+00
     -0.341      0.112     7.7876     89.669    121.816 120.946272    -0.1800     0.6958     0.0000     0.0846 1.4355e+03     2.3945     -0.334     -0.484    22.2518 0.0000e+00
     -0.309      0.130     7.7473     89.780    134.056 133.930311    -0.1800     0.7187     0.0000     0.0846 1.6579e+03     2.2888     -0.303     -0.440    22.5394 0.0000e+00
     -0.271      0.146     7.6855     89.947    141.152 141.728297    -0.1800     0.7073     0.0000     0.0846 1.7054e+03     2.3190     -0.265     -0.385    22.9841 0.0000e+00
     -0.228      0.157     7.6083     90.193    145.243 146.377666    -0.1800     0.0511     0.0000     0.0846 1.7110e+03     1.2162     -0.223     -0.324    23.5475 0.0000e+00
     -0.183      0.162     7.5334     90.528    147.569 149.106255     1.3500     0.0130     0.0852     0.3384 1.7353e+03     1.1256     -0.179     -0.260    24.1141 0.0000e+00
     -0.137      0.160     7.4742     90.939    148.825 150.633686     1.3500     0.0435     0.0852     0.3384 1.8207e+03     1.2313     -0.134     -0.195    24.5970 0.0000e+00
     -0.095      0.153     7.4356     91.398    149.411 151.387318     1.3500     0.0702     0.0852     0.3384 1.6544e+02     1.2464     -0.093     -0.134    24.9709 0.0000e+00
     -0.056      0.141     7.4182     91.866    149.611 151.676313     1.3500     0.0664     0.0852     0.3384 1.8161e+02     1.1860     -0.055     -0.079    25.2406 0.0000e+00
     -0.022      0.128     7.4199     92.308    149.646 151.746030     1.3500     0.0435     0.0852     0.3384 1.9049e+03     1.1709     -0.021     -0.030    25.4254 0.0000e+00
      0.009      0.115     7.4367     92.696    149.631 151.733264     7.4700     0.0664     0.0852     0.2538 1.8611e+03     1.2615      0.008      0.012    25.5467 0.0000e+00
      0.035      0.103     7.4638     93.009    149.603 151.686695     7.4700     0.0435     0.0852     0.2538 2.2031e+02     1.2313      0.034      0.050    25.6219 0.0000e+00
      0.059      0.092     7.4962     93.245    149.572 151.623955     7.4700     0.0511     0.0852     0.2538 8.4254e+02     0.7177      0.057      0.083    25.6640 0.0000e+00
      0.080      0.083     7.5295     93.414    149.540 151.552353     7.4700     0.0435     0.0852     0.2538 2.0942e+03     0.7177      0.078      0.114    25.6835 0.0000e+00
      0.100      0.075     7.5604     93.531    149.527 151.496864     7.5600     0.0511     0.1278     0.0423 1.0647e+03     0.5969      0.098      0.142    25.6889 0.0000e+00
      0.118      0.067     7.5864     93.610    149.567 151.496781     7.5600     0.0321     0.1278     0.0423 1.5288e+03     0.5817      0.116      0.168    25.6858 0.0000e+00
      0.134      0.059     7.6068     93.662    149.666 151.566101     7.5600     0.0435     0.1278     0.0423 1.2947e+03     0.4307      0.132      0.191    25.6772 0.0000e+00
      0.149      0.051     7.6223     93.690    149.783 151.667214     7.5600     0.0397     0.1278     0.0423 1.3724e+02     0.4911      0.146      0.212    25.6651 0.0000e+00
      0.161      0.044     7.6337     93.690    149.855 151.728918     7.5600     0.0321     0.0852     0.0846 1.3727e+02     0.4156      0.158      0.229    25.6515 0.0000e+00
      0.171      0.037     7.6420     93.664    149.861 151.723593     7.5600     0.0435     0.0852     0.0846 1.2827e+02     0.4156      0.167      0.243    25.6386 0.0000e+00
      0.178      0.032     7.6476     93.620    149.824 151.669853     7.5600     0.1236     0.0852     0.0846 1.0280e+02     0.7781      0.175      0.254    25.6284 0.0000e+00
      0.185      0.028     7.6507     93.567    149.749 151.571398     7.5600     0.0893     0.0852     0.0846 1.0558e+02     0.6875      0.181      0.263    25.6225 0.0000e+00
      0.190      0.025     7.6511     93.522    149.674 151.450057     7.5600     0.0893     0.0852     0.0846 1.0315e+02     0.6120      0.187      0.271    25.6192 0.0000e+00
      0.196      0.024     7.6496     93.506    149.661 151.353606     8.0100     0.1236     0.0852     0.1269 1.0193e+02     0.6724      0.192      0.279    25.6152 0.0000e+00
      0.202      0.023     7.6467     93.519    149.729 151.298394     8.0100     0.1007     0.0852     0.1269 9.8809e+01     0.7781      0.198      0.287    25.6099 0.0000e+00
      0.208      0.023     7.6435     93.546    149.853 151.281707     8.0100     0.1122     0.0852     0.1269 1.0059e+02     0.7328      0.204      0.297    25.6022 0.0000e+00
      0.215      0.022     7.6420     93.579    149.995 151.299084     8.0100     0.1160     0.0852     0.1269 1.0560e+02     0.6573      0.211      0.306    25.5871 0.0000e+00
      0.220      0.021     7.6445     93.611    150.098 151.323096     7.6500     0.0931     0.0852     0.1692 1.0694e+02     0.7177      0.216      0.314    25.5593 0.0000e+00
      0.225      0.021     7.6514     93.629    150.103 151.294030     7.6500     0.0435     0.0852     0.1692 1.0648e+02     0.7781      0.221      0.320    25.5181 0.0000e+00
      0.229      0.021     7.6602     93.641    150.021 151.190115     7.6500     0.0435     0.0852     0.1692 1.1572e+02     0.6422      0.225      0.326    25.4709 0.0000e+00
      0.234      0.022     7.6688     93.656    149.954 151.067790     7.6500     0.0435     0.0852     0.1692 1.1914e+02     0.6724      0.229      0.333    25.4290 0.0000e+00
      0.239      0.021     7.6751     93.694    149.957 150.968556     7.6500     0.0626     0.0852     0.2961 1.1742e+02     0.7328      0.235      0.341    25.4022 0.0000e+00
      0.246      0.020     7.6782     93.758    150.008 150.897997     7.6500     0.1351     0.0852     0.2961 1.1572e+02     0.6724      0.242      0.351    25.3909 0.0000e+00
      0.253      0.017     7.6802     93.834    150.090 150.869338     7.6500     0.1160     0.0852     0.2961 1.1958e+02     0.7328      0.248      0.360    25.3836 0.0000e+00
      0.258      0.011     7.6841     93.899    150.178 150.874931     7.6500     0.0969     0.0852     0.2961 1.1434e+02     0.6875      0.254      0.368    25.3653 0.0000e+00
      0.261      0.004     7.6919     93.935    150.212 150.862172     7.4700     0.1160     0.0426     0.0423 1.1929e+02     0.6573      0.256      0.372    25.3314 0.0000e+00
      0.261     -0.003     7.7030     93.928    150.179 150.809627     7.4700     0.1732     0.0426     0.0423 1.2094e+02     0.7026      0.256      0.372    25.2907 0.0000e+00
      0.258     -0.010     7.7144     93.866    150.155 150.767395     7.4700     0.1732     0.0426     0.0423 1.2850e+02     0.8083      0.253      0.367    25.2537 0.0000e+00
      0.253     -0.016     7.7237     93.750    150.178 150.756269     7.4700     0.1694     0.0426     0.0423 1.2755e+02     0.7932      0.248      0.361    25.2261 0.0000e+00
      0.248     -0.019     7.7289     93.587    150.190 150.735214     7.4700     0.1656     0.0426     0.0423 1.3447e+02     0.6573      0.243      0.353    25.2104 0.0000e+00
      0.242     -0.020     7.7292     93.402    150.147 150.688594     7.5600     0.0931     0.0000     0.0846 1.2864e+02     0.6120      0.237      0.345    25.2042 0.0000e+00
      0.236     -0.019     7.7249     93.231    150.082 150.650052     7.5600     0.1160     0.0000     0.0846 1.2626e+02     0.6422      0.231      0.336    25.1982 0.0000e+00
      0.230     -0.016     7.7169     93.091    150.031 150.639364     7.5600     0.1160     0.0000     0.0846 1.2448e+02     0.7479      0.226      0.328    25.1865 0.0000e+00
      0.226     -0.013     7.7050     92.977    149.990 150.647672     7.5600     0.1084     0.0000     0.0846 1.3505e+02     0.6573      0.221      0.321    25.1756 0.0000e+00
      0.223     -0.008     7.6900     92.890    149.939 150.659163     7.7400     0.1846     0.0852     0.0846 1.2535e+02     0.9443      0.219      0.317    25.1746 0.0000e+00
      0.222     -0.003     7.6747     92.835    149.852 150.644852     7.7400     0.2037     0.0852     0.0846 1.2255e+02     0.9141      0.217      0.316    25.1833 0.0000e+00
      0.222      0.001     7.6613     92.791    149.743 150.598926     7.7400     0.1694     0.0852     0.0846 1.1811e+02     0.8990      0.218      0.316    25.1967 0.0000e+00
      0.224      0.004     7.6496     92.749    149.672 150.565235     7.7400     0.1618     0.0852     0.0846 1.0870e+02     1.0047      0.219      0.318    25.2131 0.0000e+00
      0.226      0.006     7.6395     92.731    149.676 150.580872     7.6500     0.1618     0.0426     0.2115 1.0715e+02     0.9292      0.221      0.321    25.2341 0.0000e+00
      0.228      0.006     7.6316     92.747    149.725 150.631976     7.6500     0.1656     0.0426     0.2115 1.0464e+02     0.9141      0.224      0.325    25.2584 0.0000e+00
      0.231      0.005     7.6250     92.789    149.750 150.672072     7.6500     0.1923     0.0426     0.2115 9.9521e+01     0.9443      0.226      0.328    25.2797 0.0000e+00
      0.233      0.004     7.6198     92.839    149.709 150.665776     7.6500     0.1579     0.0426     0.2115 1.0004e+02     1.0047      0.228      0.331    25.2923 0.0000e+00
      0.233      0.003     7.6177     92.874    149.635 150.625437     7.6500     0.1656     0.0426     0.2115 1.0385e+02     0.9443      0.228      0.331    25.2961 0.0000e+00
      0.233      0.001     7.6190     92.889    149.608 150.604408     7.6500     0.1656     0.0852     0.1269 1.0257e+02     0.8537      0.228      0.331    25.2967 0.0000e+00
      0.233     -0.001     7.6217     92.879    149.662 150.631141     7.6500     0.1694     0.0852     0.1269 1.0678e+02     1.0047      0.228      0.331    25.3019 0.0000e+00
      0.233     -0.001     7.6242     92.833    149.740 150.666683     7.6500     0.1503     0.0852     0.1269 1.0480e+02     0.8990      0.228      0.331    25.3136 0.0000e+00
      0.232     -0.001     7.6255     92.754    149.748 150.644381     7.6500     0.1694     0.0852     0.1269 1.0565e+02     0.9745      0.227      0.330    25.3248 0.0000e+00
      0.231     -0.001     7.6264     92.661    149.685 150.562292     7.9200     0.1122     0.0852     0.0846 1.1174e+02     0.9443      0.227      0.329    25.3272 0.0000e+00
      0.231     -0.001     7.6269     92.579    149.652 150.494689     7.9200     0.1236     0.0852     0.0846 1.1509e+02     0.9292      0.226      0.328    25.3179 0.0000e+00
      0.231     -0.002     7.6251     92.513    149.724 150.493659     7.9200     0.1160     0.0852     0.0846 1.0861e+02     0.9141      0.226      0.328    25.3037 0.0000e+00
      0.232     -0.002     7.6200     92.457    149.872 150.540896     7.9200     0.0855     0.0852     0.0846 1.0690e+02     1.0047      0.227      0.329    25.2935 0.0000e+00
      0.232     -0.003     7.6133     92.406    149.988 150.568852     7.5600     0.1160     0.0852     0.2115 1.0634e+02     1.0047      0.227      0.329    25.2870 0.0000e+00
      0.230     -0.004     7.6081     92.357    149.997 150.522873     7.5600     0.1160     0.0852     0.2115 1.0993e+02     0.9443      0.226      0.328    25.2755 0.0000e+00
      0.228     -0.004     7.6061     92.312    149.933 150.424754     7.5600     0.0931     0.0852     0.2115 1.1252e+02     0.9443      0.224      0.325    25.2512 0.0000e+00
      0.226     -0.005     7.6062     92.271    149.896 150.344492     7.5600     0.1274     0.0852     0.2115 1.1519e+02     0.9745      0.222      0.322    25.2175 0.0000e+00
      0.225     -0.004     7.6062     92.232    149.954 150.326792     7.7400     0.2152     0.0426     0.1269 1.1385e+02     0.9594      0.220      0.320    25.1877 0.0000e+00
      0.224     -0.003     7.6047     92.198    150.093 150.362923     7.7400     0.1846     0.0426     0.1269 1.1385e+02     0.9896      0.220      0.319    25.1695 0.0000e+00
      0.224     -0.002     7.6026     92.175    150.230 150.406419     7.7400     0.1503     0.0426     0.1269 1.1348e+02     0.9745      0.220      0.319    25.1583 0.0000e+00
      0.224     -0.001     7.6012     92.170    150.288 150.410775     7.7400     0.1923     0.0426     0.1269 1.1670e+02     0.9594      0.219      0.318    25.1438 0.0000e+00
      0.223     -0.000     7.6015     92.187    150.262 150.363129     7.7400     0.1846     0.0426     0.1269 1.1849e+02     0.7177      0.219      0.318    25.1184 0.0000e+00
      0.223      0.001     7.6035     92.229    150.214 150.296854     7.6500     0.1732     0.0426     0.0846 1.1953e+02     0.6573      0.218      0.317    25.0842 0.0000e+00
      0.223      0.002     7.6060     92.294    150.205 150.252373     7.6500     0.1732     0.0426     0.0846 1.1552e+02     0.6120      0.219      0.318    25.0530 0.0000e+00
      0.224      0.002     7.6081     92.371    150.241 150.229844     7.6500     0.1846     0.0426     0.0846 1.1382e+02     0.6422      0.220      0.319    25.0351 0.0000e+00
      0.226      0.003     7.6105     92.453    150.289 150.211236     7.6500     0.1999     0.0426     0.0846 1.1395e+02     0.6875      0.221      0.321    25.0278 0.0000e+00
      0.226      0.003     7.6148     92.536    150.325 150.187573     7.5600     0.1770     0.0000     0.1692 1.1683e+02     0.6875      0.222      0.322    25.0217 0.0000e+00
