Data/DataNotYetUploadedToEDI/Raw_CTD/RawDownloads/062525_ccr50_S8188006.cnv
* Sea-Bird SBE19plus  Data File:
* FileName = C:\R\Reservoirs\Data\DataNotYetUploadedToEDI\Raw_CTD\RawDownloads\060925_bvr50_S8188_0006.hex
* Software version 2.8.0.119
* Temperature SN = 8188
* Conductivity SN = 8188
* System UpLoad Time = Jun 25 2025 16:15:16
* <ApplicationData>
* <Seaterm232>
# nquan = 16
# nvalues = 3681                        
# units = specified
# name 0 = depFM: Depth [fresh water, m]
# name 1 = dz/dtM: Descent Rate [m/s]
# name 2 = sbeox0Mg/L: Oxygen, SBE 43 [mg/l]
# name 3 = sbeox0PS: Oxygen, SBE 43 [% saturation]
# name 4 = specc: Specific Conductance [uS/cm]
# name 5 = c0uS/cm: Conductivity [uS/cm]
# name 6 = wetCDOM: Fluorescence, WET Labs CDOM [mg/m^3]
# name 7 = flECO-AFL: Fluorescence, WET Labs ECO-AFL/FL [mg/m^3]
# name 8 = flECO-AFL1: Fluorescence, WET Labs ECO-AFL/FL, 2 [mg/m^3]
# name 9 = flECO-AFL2: Fluorescence, WET Labs ECO-AFL/FL, 3 [mg/m^3]
# name 10 = par/sat/log: PAR/Logarithmic, Satlantic
# name 11 = turbWETntu0: Turbidity, WET Labs ECO [NTU]
# name 12 = prdM: Pressure, Strain Gauge [db]
# name 13 = prdE: Pressure, Strain Gauge [psi]
# name 14 = tv290C: Temperature [ITS-90, deg C]
# name 15 = flag:  0.000e+00
# span 0 =     -0.381,     22.216       
# span 1 =     -0.277,      0.159       
# span 2 =    -0.4252,    10.7846       
# span 3 =     -3.753,    127.216       
# span 4 =   -690.893,    195.856       
# span 5 =-490.333227, 135.186135       
# span 6 =    -4.5000,    53.4600       
# span 7 =    -0.3113,     6.7651       
# span 8 =    -2.1300,     1.2780       
# span 9 =    -2.9610,     0.9306       
# span 10 = 1.1575e-01, 2.0860e+03      
# span 11 =    -1.2763,   285.6401      
# span 12 =     -0.373,     21.787      
# span 13 =     -0.541,     31.599      
# span 14 =     9.4709,    30.5306      
# span 15 = 0.0000e+00, 0.0000e+00      
# interval = seconds: 0.25
# start_time = Jun 25 2025 09:59:58 [Instrument's time stamp, header]
# bad_flag = -9.990e-29
*END*
[from data line 1808]
     12.327      0.064     7.6820     69.041    128.318  91.562898    23.6700     0.6729     0.0852     0.0423 1.2763e+00     0.0681     12.089     17.533    10.6765 0.0000e+00
     12.343      0.064     7.6774     69.018    128.305  91.552878    23.6700     0.7111     0.0852     0.0423 1.2619e+00     0.1134     12.104     17.556    10.6762 0.0000e+00
     12.358      0.064     7.6746     69.021    128.329  91.569427    23.6700     0.6615     0.0852     0.0846 1.2718e+00     0.0681     12.119     17.578    10.6759 0.0000e+00
     12.374      0.065     7.6715     69.063    128.348  91.582998    23.6700     0.6806     0.0852     0.0846 1.2600e+00     0.0832     12.135     17.600    10.6757 0.0000e+00
     12.391      0.067     7.6681     69.151    128.332  91.571240    23.6700     0.6119     0.0852     0.0846 1.2156e+00     0.3098     12.151     17.624    10.6755 0.0000e+00
     12.408      0.070     7.6656     69.295    128.301  91.548998    23.6700     0.6348     0.0852     0.0846 1.2020e+00     0.3400     12.168     17.649    10.6754 0.0000e+00
     12.427      0.072     7.6659     69.498    128.285  91.536308    23.6700     0.6081     0.0852     0.1269 1.2138e+00     0.2494     12.186     17.675    10.6752 0.0000e+00
     12.445      0.073     7.6706     69.750    128.288  91.537778    23.6700     0.6081     0.0852     0.1269 1.1849e+00     0.3854     12.205     17.702    10.6750 0.0000e+00
     12.465      0.074     7.6804     70.028    128.301  91.545807    23.6700     0.6195     0.0852     0.1269 1.1665e+00     0.3400     12.224     17.729    10.6749 0.0000e+00
     12.484      0.074     7.6965     70.305    128.309  91.550553    23.6700     0.6233     0.0852     0.1269 1.1459e+00     0.3400     12.243     17.757    10.6747 0.0000e+00
     12.504      0.073     7.7191     70.564    128.320  91.557276    23.6700     0.5928     0.0852     0.1692 1.1135e+00     0.3249     12.262     17.785    10.6744 0.0000e+00
     12.523      0.072     7.7471     70.798    128.341  91.571763    23.6700     0.6157     0.0852     0.1692 1.1169e+00     0.3098     12.280     17.811    10.6741 0.0000e+00
     12.541      0.070     7.7780     71.002    128.359  91.583894    23.6700     0.6920     0.0852     0.1692 1.1181e+00     0.4005     12.298     17.837    10.6737 0.0000e+00
     12.558      0.067     7.8089     71.167    128.356  91.580924    23.6700     0.6806     0.0852     0.1692 1.1144e+00     0.2192     12.315     17.862    10.6733 0.0000e+00
     12.575      0.065     7.8378     71.287    128.329  91.562059    23.6700     0.6691     0.0852     0.1692 1.1113e+00     0.3552     12.332     17.886    10.6729 0.0000e+00
     12.591      0.063     7.8638     71.369    128.301  91.542247    23.5800     0.6691     0.0852     0.0846 1.1101e+00     0.2494     12.348     17.909    10.6726 0.0000e+00
     12.607      0.061     7.8865     71.418    128.307  91.546167    23.5800     0.6577     0.0852     0.0846 1.0782e+00     0.5515     12.363     17.931    10.6723 0.0000e+00
     12.622      0.060     7.9048     71.438    128.334  91.564877    23.5800     0.6500     0.0852     0.0846 1.0335e+00     0.4156     12.378     17.952    10.6721 0.0000e+00
     12.637      0.059     7.9182     71.427    128.331  91.561417    23.5800     0.7149     0.0852     0.0846 1.0782e+00     0.5515     12.392     17.973    10.6720 0.0000e+00
     12.651      0.059     7.9272     71.382    128.299  91.536860    23.6700     0.6577     0.0852     0.2115 1.0346e+00     0.4609     12.406     17.994    10.6721 0.0000e+00
     12.666      0.059     7.9327     71.308    128.287  91.526609    23.6700     0.6577     0.0852     0.2115 1.0355e+00     0.2796     12.421     18.015    10.6721 0.0000e+00
     12.681      0.059     7.9350     71.209    128.325  91.551901    23.6700     0.6577     0.0852     0.2115 9.9644e-01     0.2645     12.436     18.037    10.6719 0.0000e+00
     12.696      0.059     7.9339     71.084    128.375  91.585520    23.6700     0.6653     0.0852     0.2115 1.0067e+00     0.3854     12.451     18.058    10.6714 0.0000e+00
     12.711      0.060     7.9290     70.930    128.400  91.602474    23.6700     0.6729     0.0852     0.1692 1.0353e+00     0.2947     12.465     18.080    10.6708 0.0000e+00
     12.727      0.060     7.9209     70.759    128.434  91.625261    23.6700     0.6844     0.0852     0.1692 1.0021e+00     0.3854     12.480     18.101    10.6700 0.0000e+00
     12.742      0.060     7.9100     70.594    128.479  91.655962    23.6700     0.6653     0.0852     0.1692 9.6974e-01     0.3552     12.495     18.123    10.6693 0.0000e+00
     12.757      0.060     7.8962     70.454    128.485  91.658817    23.6700     0.6844     0.0852     0.1692 9.6114e-01     0.3249     12.510     18.145    10.6687 0.0000e+00
     12.773      0.061     7.8792     70.356    128.444  91.628593    23.6700     0.6806     0.0852     0.1692 9.8353e-01     0.2947     12.526     18.167    10.6681 0.0000e+00
     12.788      0.061     7.8604     70.306    128.388  91.587196    23.6700     0.6081     0.0852     0.1269 9.8503e-01     0.4005     12.541     18.189    10.6675 0.0000e+00
     12.804      0.060     7.8421     70.297    128.334  91.547557    23.6700     0.6233     0.0852     0.1269 9.2327e-01     0.3098     12.556     18.211    10.6671 0.0000e+00
     12.819      0.060     7.8266     70.315    128.287  91.513090    23.6700     0.6043     0.0852     0.1269 9.2568e-01     0.2645     12.572     18.234    10.6666 0.0000e+00
     12.835      0.059     7.8159     70.345    128.263  91.494579    23.6700     0.6157     0.0852     0.1269 9.1946e-01     0.3249     12.587     18.256    10.6661 0.0000e+00
     12.850      0.058     7.8105     70.363    128.288  91.511059    23.6700     0.5432     0.0852     0.0423 8.9094e-01     0.2947     12.601     18.277    10.6656 0.0000e+00
     12.865      0.057     7.8095     70.350    128.342  91.548947    23.6700     0.5318     0.0852     0.0423 9.1269e-01     0.3249     12.616     18.298    10.6652 0.0000e+00
     12.879      0.055     7.8116     70.301    128.381  91.576395    23.6700     0.5738     0.0852     0.0423 8.9677e-01     0.2947     12.630     18.319    10.6647 0.0000e+00
     12.893      0.053     7.8150     70.227    128.393  91.584744    23.6700     0.5776     0.0852     0.0423 9.0519e-01     0.3552     12.644     18.338    10.6643 0.0000e+00
     12.906      0.051     7.8171     70.151    128.404  91.592199    23.6700     0.6119     0.0852     0.0846 8.7483e-01     0.1890     12.657     18.357    10.6639 0.0000e+00
     12.919      0.049     7.8157     70.083    128.438  91.616729    23.6700     0.5966     0.0852     0.0846 8.5994e-01     0.3552     12.669     18.375    10.6636 0.0000e+00
     12.931      0.047     7.8103     70.033    128.452  91.626921    23.6700     0.6272     0.0852     0.0846 8.7179e-01     0.2947     12.681     18.392    10.6633 0.0000e+00
     12.942      0.045     7.8021     70.012    128.404  91.593531    23.6700     0.6272     0.0852     0.0846 8.7807e-01     0.2645     12.692     18.408    10.6632 0.0000e+00
     12.953      0.044     7.7936     70.030    128.367  91.567583    23.6700     0.5966     0.0852     0.2538 8.5454e-01     0.3249     12.703     18.424    10.6632 0.0000e+00
     12.964      0.042     7.7860     70.092    128.386  91.582111    23.6700     0.6233     0.0852     0.2538 8.9075e-01     0.3249     12.713     18.439    10.6633 0.0000e+00
     12.975      0.041     7.7804     70.200    128.401  91.595042    23.6700     0.6043     0.0852     0.2538 8.7864e-01     0.2947     12.724     18.454    10.6634 0.0000e+00
     12.985      0.040     7.7781     70.346    128.386  91.587853    23.6700     0.6233     0.0852     0.2538 8.7826e-01     0.2645     12.734     18.469    10.6636 0.0000e+00
     12.995      0.039     7.7800     70.518    128.370  91.580599    23.6700     0.6195     0.0852     0.2538 8.4991e-01     0.3552     12.744     18.484    10.6639 0.0000e+00
     13.005      0.039     7.7868     70.704    128.365  91.581335    23.6700     0.6081     0.0852     0.0846 8.7160e-01     0.4005     12.753     18.497    10.6643 0.0000e+00
     13.014      0.038     7.7987     70.878    128.355  91.580269    23.6700     0.6043     0.0852     0.0846 8.4493e-01     0.2645     12.763     18.511    10.6651 0.0000e+00
     13.024      0.038     7.8147     71.016    128.345  91.579114    23.6700     0.6081     0.0852     0.0846 8.0392e-01     0.2192     12.772     18.524    10.6664 0.0000e+00
     13.033      0.039     7.8335     71.113    128.354  91.591546    23.6700     0.5738     0.0852     0.0846 8.0235e-01     0.0077     12.781     18.538    10.6680 0.0000e+00
     13.043      0.040     7.8538     71.167    128.363  91.602902    23.6700     0.5699     0.0852     0.0846 8.3128e-01     0.0681     12.791     18.552    10.6699 0.0000e+00
     13.053      0.041     7.8728     71.177    128.358  91.602228    23.6700     0.5356     0.0852     0.0846 8.3417e-01    -0.0074     12.801     18.566    10.6720 0.0000e+00
     13.064      0.043     7.8876     71.154    128.367  91.609318    23.6700     0.5509     0.0852     0.0846 8.3853e-01    -0.0074     12.811     18.581    10.6743 0.0000e+00
     13.075      0.045     7.8980     71.106    128.379  91.616077    23.6700     0.5165     0.0852     0.0846 7.6656e-01     0.3249     12.822     18.597    10.6767 0.0000e+00
     13.087      0.047     7.9036     71.042    128.374  91.608325    23.6700     0.5165     0.0852     0.0846 7.6639e-01     0.2645     12.834     18.614    10.6786 0.0000e+00
     13.099      0.049     7.9046     70.976    128.366  91.595982    23.6700     0.5013     0.0852     0.0846 7.6158e-01     0.3249     12.846     18.631    10.6797 0.0000e+00
     13.112      0.051     7.9019     70.917    128.356  91.581747    23.6700     0.5165     0.0852     0.0846 7.1444e-01     0.2494     12.858     18.649    10.6800 0.0000e+00
     13.125      0.053     7.8968     70.872    128.360  91.577805    23.6700     0.6348     0.0852     0.0846 7.3699e-01     0.2494     12.871     18.669    10.6793 0.0000e+00
     13.139      0.055     7.8900     70.851    128.391  91.593094    23.6700     0.6005     0.0852     0.0846 7.3747e-01     0.3400     12.885     18.688    10.6776 0.0000e+00
     13.154      0.057     7.8831     70.870    128.415  91.603723    23.6700     0.6119     0.0852     0.0846 7.3380e-01     0.3552     12.899     18.709    10.6750 0.0000e+00
     13.168      0.059     7.8771     70.938    128.405  91.590553    23.6700     0.6233     0.0852     0.0846 7.2650e-01     0.2796     12.913     18.730    10.6722 0.0000e+00
     13.183      0.061     7.8726     71.069    128.392  91.576039    23.6700     0.5928     0.0852     0.0846 7.3077e-01     0.2947     12.928     18.751    10.6695 0.0000e+00
     13.199      0.063     7.8707     71.280    128.410  91.584280    23.6700     0.6500     0.0852     0.0846 7.0320e-01     0.2494     12.944     18.774    10.6670 0.0000e+00
     13.216      0.065     7.8732     71.588    128.443  91.603487    23.6700     0.6424     0.0426     0.1692 6.8094e-01     0.2192     12.960     18.798    10.6646 0.0000e+00
     13.233      0.067     7.8812     72.001    128.486  91.630794    23.6700     0.6157     0.0426     0.1692 6.5825e-01     0.3098     12.977     18.822    10.6622 0.0000e+00
     13.250      0.068     7.8961     72.505    128.547  91.671484    23.6700     0.6348     0.0426     0.1692 6.6356e-01     0.6120     12.994     18.846    10.6600 0.0000e+00
     13.268      0.069     7.9199     73.059    128.574  91.688463    23.6700     0.5890     0.0426     0.1692 6.8406e-01     0.4911     13.011     18.871    10.6582 0.0000e+00
     13.286      0.070     7.9544     73.618    128.546  91.666283    23.6700     0.6081     0.0852     0.1692 6.7139e-01     0.5817     13.029     18.897    10.6566 0.0000e+00
     13.304      0.071     8.0006     74.135    128.522  91.646973    23.6700     0.6157     0.0852     0.1692 6.3080e-01     0.4760     13.046     18.922    10.6553 0.0000e+00
     13.322      0.071     8.0568     74.569    128.525  91.647358    23.6700     0.5509     0.0852     0.1692 6.4831e-01     0.5364     13.064     18.948    10.6542 0.0000e+00
     13.340      0.071     8.1186     74.891    128.524  91.645565    23.6700     0.5394     0.0852     0.1692 6.4005e-01     0.5213     13.082     18.974    10.6533 0.0000e+00
     13.359      0.071     8.1808     75.084    128.517  91.639119    23.6700     0.5585     0.0852     0.1692 6.5426e-01     0.5213     13.100     19.000    10.6525 0.0000e+00
     13.377      0.070     8.2384     75.153    128.522  91.642283    23.6700     0.5623     0.0852     0.1692 6.3631e-01     0.5666     13.118     19.026    10.6518 0.0000e+00
     13.394      0.070     8.2868     75.118    128.526  91.643914    23.6700     0.5432     0.0852     0.1692 6.3094e-01     0.4760     13.136     19.052    10.6511 0.0000e+00
     13.412      0.071     8.3226     75.006    128.537  91.650440    23.6700     0.5585     0.0852     0.1692 6.2060e-01     0.5213     13.153     19.077    10.6505 0.0000e+00
     13.430      0.071     8.3442     74.845    128.575  91.675586    23.6700     0.5509     0.0852     0.1692 6.2493e-01     0.4760     13.170     19.102    10.6501 0.0000e+00
     13.448      0.072     8.3520     74.659    128.598  91.690102    23.6700     0.5623     0.0426     0.0846 5.9784e-01     0.5817     13.188     19.128    10.6498 0.0000e+00
     13.467      0.074     8.3482     74.467    128.575  91.671888    23.6700     0.6653     0.0426     0.0846 5.9615e-01     0.3552     13.206     19.154    10.6494 0.0000e+00
     13.486      0.075     8.3358     74.281    128.519  91.630072    23.6700     0.6844     0.0426     0.0846 5.6072e-01     0.2796     13.225     19.181    10.6488 0.0000e+00
     13.505      0.076     8.3181     74.115    128.465  91.589459    23.6700     0.6691     0.0426     0.0846 5.9266e-01     0.3098     13.244     19.209    10.6480 0.0000e+00
     13.524      0.078     8.2976     73.977    128.439  91.569183    23.6700     0.6958     0.1278     0.0846 5.4926e-01     0.3552     13.263     19.236    10.6473 0.0000e+00
     13.544      0.078     8.2763     73.871    128.429  91.559843    23.6700     0.5280     0.1278     0.0846 5.5081e-01     0.2192     13.283     19.265    10.6466 0.0000e+00
     13.565      0.079     8.2558     73.786    128.419  91.550957    23.6700     0.5509     0.1278     0.0846 5.0903e-01     0.3249     13.302     19.294    10.6460 0.0000e+00
     13.585      0.079     8.2374     73.705    128.423  91.552140    23.6700     0.5738     0.1278     0.0846 5.3886e-01     0.3552     13.322     19.323    10.6452 0.0000e+00
     13.606      0.079     8.2223     73.613    128.447  91.567705    23.6700     0.5432     0.0852     0.1269 5.0948e-01     0.3552     13.342     19.351    10.6444 0.0000e+00
     13.626      0.078     8.2106     73.502    128.477  91.587817    23.6700     0.5470     0.0852     0.1269 5.7453e-01     0.2947     13.362     19.380    10.6437 0.0000e+00
     13.645      0.078     8.2013     73.364    128.488  91.593868    23.6700     0.5509     0.0852     0.1269 5.3280e-01     0.2796     13.381     19.408    10.6430 0.0000e+00
     13.665      0.079     8.1924     73.199    128.476  91.583477    23.6700     0.5394     0.0852     0.1269 5.3675e-01     0.2947     13.400     19.435    10.6423 0.0000e+00
     13.684      0.079     8.1824     73.010    128.470  91.577843    23.6700     0.5356     0.0852     0.0846 5.3338e-01     0.2343     13.420     19.463    10.6417 0.0000e+00
     13.705      0.079     8.1701     72.805    128.469  91.575466    23.6700     0.5280     0.0852     0.0846 5.0661e-01     0.2947     13.440     19.492    10.6411 0.0000e+00
     13.726      0.079     8.1549     72.587    128.451  91.561727    23.6700     0.5547     0.0852     0.0846 4.7722e-01     0.3249     13.460     19.522    10.6405 0.0000e+00
