Data/DataNotYetUploadedToEDI/Raw_CTD/RawDownloads/062525_ccr50_S8188006.cnv
* Sea-Bird SBE19plus  Data File:
* FileName = C:\R\Reservoirs\Data\DataNotYetUploadedToEDI\Raw_CTD\RawDownloads\060925_bvr50_S8188_0006.hex
* Software version 2.8.0.119
* Temperature SN = 8188
* Conductivity SN = 8188
* System UpLoad Time = Jun 25 2025 16:15:16
* <ApplicationData>
* <Seaterm232>
# nquan = 16
# nvalues = 3681                        
# units = specified
# name 0 = depFM: Depth [fresh water, m]
# name 1 = dz/dtM: Descent Rate [m/s]
# name 2 = sbeox0Mg/L: Oxygen, SBE 43 [mg/l]
# name 3 = sbeox0PS: Oxygen, SBE 43 [% saturation]
# name 4 = specc: Specific Conductance [uS/cm]
# name 5 = c0uS/cm: Conductivity [uS/cm]
# name 6 = wetCDOM: Fluorescence, WET Labs CDOM [mg/m^3]
# name 7 = flECO-AFL: Fluorescence, WET Labs ECO-AFL/FL [mg/m^3]
# name 8 = flECO-AFL1: Fluorescence, WET Labs ECO-AFL/FL, 2 [mg/m^3]
# name 9 = flECO-AFL2: Fluorescence, WET Labs ECO-AFL/FL, 3 [mg/m^3]
# name 10 = par/sat/log: PAR/Logarithmic, Satlantic
# name 11 = turbWETntu0: Turbidity, WET Labs ECO [NTU]
# name 12 = prdM: Pressure, Strain Gauge [db]
# name 13 = prdE: Pressure, Strain Gauge [psi]
# name 14 = tv290C: Temperature [ITS-90, deg C]
# name 15 = flag:  0.000e+00
# span 0 =     -0.381,     22.216       
# span 1 =     -0.277,      0.159       
# span 2 =    -0.4252,    10.7846       
# span 3 =     -3.753,    127.216       
# span 4 =   -690.893,    195.856       
# span 5 =-490.333227, 135.186135       
# span 6 =    -4.5000,    53.4600       
# span 7 =    -0.3113,     6.7651       
# span 8 =    -2.1300,     1.2780       
# span 9 =    -2.9610,     0.9306       
# span 10 = 1.1575e-01, 2.0860e+03      
# span 11 =    -1.2763,   285.6401      
# span 12 =     -0.373,     21.787      
# span 13 =     -0.541,     31.599      
# span 14 =     9.4709,    30.5306      
# span 15 = 0.0000e+00, 0.0000e+00      
# interval = seconds: 0.25
# start_time = Jun 25 2025 09:59:58 [Instrument's time stamp, header]
# bad_flag = -9.990e-29
*END*
[from data line 814]
      2.211      0.014     8.5060    109.693    106.641 113.750432    12.8700     0.8255     0.0426     0.1692 8.7507e+01    -0.3851      2.168      3.144    28.3663 0.0000e+00
      2.214      0.013     8.5111    109.811    107.002 114.146019    12.8700     0.7874     0.0426     0.1692 8.7717e+01    -0.4002      2.171      3.149    28.3462 0.0000e+00
      2.217      0.011     8.5173    109.911    107.204 114.368682    12.8700     0.7874     0.0426     0.1692 8.7946e+01    -0.3549      2.174      3.153    28.3322 0.0000e+00
      2.219      0.010     8.5252    109.990    107.337 114.511796    12.8700     0.7378     0.0426     0.0846 8.8080e+01    -0.6117      2.176      3.156    28.3266 0.0000e+00
      2.221      0.009     8.5342    110.044    107.437 114.617522    12.8700     0.7378     0.0426     0.0846 8.7793e+01    -0.6419      2.178      3.160    28.3280 0.0000e+00
      2.224      0.009     8.5428    110.071    107.505 114.690056    12.8700     0.7302     0.0426     0.0846 8.8061e+01    -0.5663      2.181      3.163    28.3321 0.0000e+00
      2.226      0.008     8.5501    110.074    107.540 114.728744    12.8700     0.7530     0.0426     0.0846 8.8791e+01    -0.5814      2.183      3.166    28.3353 0.0000e+00
      2.228      0.008     8.5561    110.063    107.542 114.733902    12.8700     0.7569     0.0426     0.2538 8.8463e+01    -0.5663      2.185      3.169    28.3359 0.0000e+00
      2.230      0.008     8.5605    110.041    107.525 114.712908    12.8700     0.7492     0.0426     0.2538 8.9081e+01    -0.6872      2.187      3.172    28.3351 0.0000e+00
      2.232      0.008     8.5626    110.016    107.506 114.682161    12.8700     0.7416     0.0426     0.2538 8.8559e+01    -0.6419      2.189      3.174    28.3349 0.0000e+00
      2.234      0.008     8.5627    109.994    107.495 114.651458    12.8700     0.7302     0.0426     0.2538 8.8810e+01    -0.6570      2.191      3.177    28.3359 0.0000e+00
      2.236      0.008     8.5616    109.984    107.498 114.632608    12.8700     0.8065     0.0426     0.2538 8.8656e+01    -0.4304      2.193      3.180    28.3370 0.0000e+00
      2.238      0.008     8.5601    109.999    107.504 114.620583    12.9600     0.7874     0.0426     0.1692 8.9236e+01    -0.4002      2.195      3.183    28.3359 0.0000e+00
      2.240      0.008     8.5589    110.042    107.503 114.608175    12.9600     0.8293     0.0426     0.1692 8.9391e+01    -0.2642      2.197      3.186    28.3309 0.0000e+00
      2.242      0.007     8.5585    110.111    107.510 114.612072    12.9600     0.7797     0.0426     0.1692 8.9702e+01    -0.4002      2.199      3.189    28.3221 0.0000e+00
      2.244      0.007     8.5593    110.190    107.523 114.629313    12.9600     0.8141     0.0426     0.1692 8.9371e+01    -0.4002      2.201      3.192    28.3118 0.0000e+00
      2.246      0.006     8.5618    110.259    107.521 114.636499    13.0500     0.8179     0.0426     0.2961 8.9605e+01    -0.4455      2.203      3.195    28.3032 0.0000e+00
      2.248      0.006     8.5659    110.309    107.513 114.639549    13.0500     0.8103     0.0426     0.2961 8.9917e+01    -0.4153      2.204      3.197    28.2978 0.0000e+00
      2.249      0.005     8.5716    110.344    107.511 114.651273    13.0500     0.7912     0.0426     0.2961 8.9488e+01    -0.3700      2.205      3.198    28.2960 0.0000e+00
      2.250      0.005     8.5775    110.364    107.505 114.658802    13.0500     0.8217     0.0426     0.2961 9.0034e+01    -0.4304      2.207      3.200    28.2977 0.0000e+00
      2.251      0.004     8.5822    110.358    107.496 114.664143    13.1400     0.8065     0.0426     0.0846 8.9956e+01    -0.4153      2.208      3.202    28.3019 0.0000e+00
      2.252      0.003     8.5852    110.316    107.495 114.676722    13.1400     0.8103     0.0426     0.0846 8.9741e+01    -0.4908      2.209      3.203    28.3075 0.0000e+00
      2.253      0.003     8.5871    110.230    107.498 114.691893    13.1400     0.8217     0.0426     0.0846 9.0426e+01    -0.4153      2.210      3.205    28.3138 0.0000e+00
      2.254      0.002     8.5876    110.096    107.506 114.709704    13.1400     0.7988     0.0426     0.0846 9.0230e+01    -0.4002      2.210      3.205    28.3205 0.0000e+00
      2.254      0.001     8.5861    109.927    107.508 114.718908    13.1400     0.7950     0.0426     0.0846 9.0505e+01    -0.4606      2.210      3.206    28.3273 0.0000e+00
      2.254      0.000     8.5819    109.763    107.509 114.725956    12.9600     0.7874     0.0426     0.1692 9.0250e+01    -0.4908      2.210      3.206    28.3337 0.0000e+00
      2.254      0.000     8.5743    109.659    107.530 114.756727    12.9600     0.7950     0.0426     0.1692 9.0269e+01    -0.4153      2.210      3.206    28.3393 0.0000e+00
      2.254     -0.001     8.5632    109.638    107.548 114.785431    12.9600     0.8179     0.0426     0.1692 8.9566e+01    -0.4455      2.210      3.205    28.3438 0.0000e+00
      2.253     -0.001     8.5496    109.676    107.543 114.785726    12.9600     0.7988     0.0426     0.1692 9.0426e+01    -0.4606      2.210      3.205    28.3470 0.0000e+00
      2.253     -0.001     8.5364    109.726    107.537 114.775690    12.7800     0.8217     0.0852     0.2538 8.9819e+01    -0.4757      2.209      3.204    28.3499 0.0000e+00
      2.253      0.000     8.5277    109.761    107.526 114.752648    12.7800     0.7874     0.0852     0.2538 9.0132e+01    -0.4757      2.209      3.204    28.3535 0.0000e+00
      2.252      0.000     8.5255    109.777    107.498 114.704454    12.7800     0.8065     0.0852     0.2538 8.9956e+01    -0.3851      2.209      3.203    28.3578 0.0000e+00
      2.252      0.001     8.5280    109.773    107.465 114.648251    12.7800     0.8141     0.0852     0.2538 9.0426e+01    -0.4606      2.209      3.203    28.3604 0.0000e+00
      2.252      0.001     8.5321    109.754    107.444 114.607046    12.9600     0.8065     0.0426     0.2115 8.9741e+01    -0.4304      2.209      3.204    28.3591 0.0000e+00
      2.253      0.002     8.5357    109.731    107.447 114.593847    12.9600     0.7988     0.0426     0.2115 8.9956e+01    -0.4455      2.209      3.204    28.3537 0.0000e+00
      2.253      0.002     8.5382    109.719    107.459 114.593135    12.9600     0.7454     0.0426     0.2115 8.9663e+01    -0.4455      2.210      3.205    28.3453 0.0000e+00
      2.254      0.003     8.5393    109.729    107.454 114.580722    12.9600     0.7378     0.0426     0.2115 9.0584e+01    -0.3851      2.211      3.206    28.3357 0.0000e+00
      2.255      0.003     8.5392    109.777    107.443 114.569295    13.1400     0.7225     0.0426     0.2538 9.0741e+01    -0.4455      2.212      3.208    28.3266 0.0000e+00
      2.256      0.002     8.5386    109.873    107.442 114.571805    13.1400     0.7645     0.0426     0.2538 9.0584e+01    -0.4304      2.213      3.209    28.3188 0.0000e+00
      2.256      0.002     8.5386    109.998    107.444 114.576925    13.1400     0.8141     0.0426     0.2538 9.0073e+01    -0.4304      2.213      3.209    28.3127 0.0000e+00
      2.256      0.002     8.5399    110.102    107.453 114.586020    13.1400     0.7950     0.0426     0.2538 8.9410e+01    -0.4304      2.213      3.210    28.3093 0.0000e+00
      2.257      0.002     8.5436    110.168    107.473 114.605515    13.1400     0.7797     0.0426     0.2538 9.0034e+01    -0.4455      2.213      3.210    28.3093 0.0000e+00
      2.257      0.001     8.5508    110.219    107.485 114.616611    13.1400     0.8217     0.0426     0.0846 8.9975e+01    -0.4153      2.214      3.211    28.3112 0.0000e+00
      2.258      0.001     8.5603    110.282    107.476 114.610268    13.1400     0.7607     0.0426     0.0846 9.0682e+01    -0.4606      2.215      3.212    28.3128 0.0000e+00
      2.258      0.000     8.5684    110.353    107.464 114.600793    13.1400     0.7454     0.0426     0.0846 9.0446e+01    -0.5512      2.215      3.212    28.3127 0.0000e+00
      2.258      0.000     8.5737    110.405    107.453 114.585661    13.1400     0.7416     0.0426     0.0846 9.0210e+01    -0.4606      2.215      3.213    28.3115 0.0000e+00
      2.258      0.000     8.5777    110.413    107.448 114.568836    13.1400     0.7569     0.0426     0.2115 8.9527e+01    -0.4002      2.215      3.212    28.3110 0.0000e+00
      2.258      0.000     8.5824    110.380    107.464 114.565827    13.1400     0.7416     0.0426     0.2115 8.9566e+01    -0.4757      2.214      3.211    28.3124 0.0000e+00
      2.257      0.000     8.5877    110.321    107.491 114.571833    13.1400     0.7454     0.0426     0.2115 8.9683e+01    -0.3700      2.214      3.211    28.3137 0.0000e+00
      2.258      0.001     8.5920    110.243    107.517 114.580452    13.1400     0.7378     0.0426     0.2115 8.9975e+01    -0.4002      2.214      3.211    28.3123 0.0000e+00
      2.258      0.002     8.5935    110.161    107.527 114.577983    13.0500     0.7492     0.0852     0.1269 8.9936e+01    -0.3700      2.215      3.212    28.3067 0.0000e+00
      2.259      0.002     8.5923    110.104    107.512 114.555769    13.0500     0.7530     0.0852     0.1269 8.9722e+01    -0.4455      2.216      3.213    28.2977 0.0000e+00
      2.260      0.003     8.5893    110.092    107.490 114.527884    13.0500     0.7492     0.0852     0.1269 8.9507e+01    -0.5059      2.216      3.214    28.2872 0.0000e+00
      2.260      0.004     8.5846    110.124    107.468 114.494892    13.0500     0.7645     0.0852     0.1269 8.9449e+01    -0.7174      2.217      3.215    28.2779 0.0000e+00
      2.261      0.005     8.5791    110.185    107.452 114.461993    13.0500     0.7492     0.0852     0.1269 8.9527e+01    -0.7778      2.218      3.216    28.2718 0.0000e+00
      2.262      0.006     8.5751    110.253    107.449 114.438411    13.0500     0.7569     0.0000     0.2538 8.9003e+01    -0.6872      2.219      3.218    28.2689 0.0000e+00
      2.264      0.007     8.5745    110.311    107.454 114.425854    13.0500     0.7569     0.0000     0.2538 9.0054e+01    -0.4455      2.221      3.220    28.2668 0.0000e+00
      2.266      0.007     8.5777    110.347    107.476 114.438968    13.0500     0.7416     0.0000     0.2538 8.9488e+01    -0.3851      2.223      3.223    28.2625 0.0000e+00
      2.268      0.007     8.5836    110.348    107.508 114.473253    13.0500     0.7607     0.0000     0.2538 8.9800e+01    -0.4757      2.225      3.226    28.2550 0.0000e+00
      2.270      0.007     8.5902    110.322    107.519 114.489857    13.1400     0.7454     0.0852     0.2961 9.0171e+01    -0.4606      2.227      3.229    28.2457 0.0000e+00
      2.272      0.007     8.5961    110.294    107.500 114.467213    13.1400     0.7569     0.0852     0.2961 9.0289e+01    -0.4304      2.228      3.231    28.2372 0.0000e+00
      2.273      0.007     8.5996    110.276    107.475 114.427281    13.1400     0.7187     0.0852     0.2961 8.9780e+01    -0.4606      2.230      3.233    28.2325 0.0000e+00
      2.275      0.007     8.5996    110.271    107.467 114.397405    13.1400     0.7302     0.0852     0.2961 8.9546e+01    -0.3851      2.231      3.235    28.2328 0.0000e+00
      2.276      0.006     8.5972    110.282    107.480 114.397612    13.1400     0.7225     0.0426     0.1269 8.9858e+01    -0.4606      2.233      3.238    28.2350 0.0000e+00
      2.279      0.006     8.5952    110.324    107.511 114.431954    13.1400     0.8065     0.0426     0.1269 9.1275e+01    -0.3549      2.235      3.241    28.2340 0.0000e+00
      2.281      0.005     8.5949    110.406    107.537 114.477593    13.1400     0.7988     0.0426     0.1269 9.0603e+01    -0.4002      2.237      3.244    28.2274 0.0000e+00
      2.282      0.003     8.5959    110.516    107.541 114.512706    13.1400     0.8255     0.0426     0.1269 9.0741e+01    -0.2793      2.238      3.245    28.2179 0.0000e+00
      2.282      0.002     8.5978    110.617    107.530 114.534661    13.1400     0.7874     0.0426     0.2538 9.0230e+01    -0.4304      2.238      3.246    28.2113 0.0000e+00
      2.282      0.001     8.6010    110.668    107.506 114.537316    13.1400     0.7721     0.0426     0.2538 8.9936e+01    -0.3549      2.238      3.246    28.2118 0.0000e+00
      2.282      0.001     8.6060    110.668    107.469 114.517381    13.1400     0.8141     0.0426     0.2538 8.9294e+01    -0.3700      2.238      3.245    28.2203 0.0000e+00
      2.282      0.001     8.6125    110.632    107.442 114.501538    13.1400     0.7950     0.0426     0.2538 9.0132e+01    -0.4606      2.238      3.245    28.2344 0.0000e+00
      2.282      0.001     8.6180    110.579    107.442 114.509558    13.1400     0.7950     0.0426     0.2538 9.0034e+01    -0.4606      2.238      3.246    28.2500 0.0000e+00
      2.283      0.001     8.6200    110.524    107.446 114.519584    13.2300     0.7836     0.0426     0.2115 9.0230e+01    -0.4606      2.239      3.247    28.2632 0.0000e+00
      2.283      0.001     8.6186    110.461    107.436 114.510293    13.2300     0.7950     0.0426     0.2115 8.9313e+01    -0.4304      2.239      3.247    28.2724 0.0000e+00
      2.283      0.001     8.6149    110.379    107.432 114.503204    13.2300     0.7912     0.0426     0.2115 8.9722e+01    -0.5210      2.239      3.248    28.2783 0.0000e+00
      2.284      0.001     8.6102    110.293    107.440 114.504425    13.2300     0.7797     0.0426     0.2115 8.9488e+01    -0.4757      2.239      3.248    28.2822 0.0000e+00
      2.284      0.001     8.6055    110.227    107.438 114.490286    13.2300     0.8026     0.0426     0.1692 9.0034e+01    -0.4304      2.240      3.249    28.2847 0.0000e+00
      2.284      0.002     8.6004    110.170    107.435 114.471012    13.2300     0.8141     0.0426     0.1692 8.9956e+01    -0.4455      2.240      3.249    28.2855 0.0000e+00
      2.285      0.002     8.5942    110.100    107.446 114.463462    13.2300     0.7950     0.0426     0.1692 8.9100e+01    -0.4153      2.241      3.250    28.2844 0.0000e+00
      2.285      0.002     8.5880    110.025    107.454 114.447623    13.2300     0.8026     0.0426     0.1692 8.9917e+01    -0.4153      2.241      3.250    28.2810 0.0000e+00
      2.286      0.003     8.5837    109.974    107.448 114.411271    13.2300     0.7797     0.0426     0.2961 8.8752e+01    -0.4606      2.242      3.251    28.2753 0.0000e+00
      2.286      0.004     8.5804    109.963    107.445 114.376707    13.2300     0.7950     0.0426     0.2961 8.9081e+01    -0.4304      2.242      3.252    28.2677 0.0000e+00
      2.288      0.005     8.5763    109.997    107.452 114.356707    13.2300     0.8255     0.0426     0.2961 8.9352e+01    -0.4002      2.243      3.254    28.2586 0.0000e+00
      2.289      0.005     8.5722    110.085    107.461 114.349937    13.2300     0.8026     0.0426     0.2961 8.9722e+01    -0.3246      2.245      3.256    28.2474 0.0000e+00
      2.291      0.005     8.5703    110.231    107.469 114.348591    13.2300     0.7912     0.0000     0.2115 9.0564e+01    -0.4153      2.247      3.259    28.2336 0.0000e+00
      2.293      0.005     8.5717    110.410    107.453 114.324313    13.2300     0.8141     0.0000     0.2115 8.9702e+01    -0.4606      2.248      3.261    28.2188 0.0000e+00
      2.294      0.005     8.5763    110.584    107.416 114.274630    13.2300     0.8065     0.0000     0.2115 8.9839e+01    -0.4908      2.250      3.263    28.2064 0.0000e+00
      2.295      0.005     8.5844    110.729    107.392 114.234287    13.2300     0.8065     0.0000     0.2115 8.9158e+01    -0.4304      2.251      3.264    28.1984 0.0000e+00
      2.296      0.005     8.5965    110.842    107.390 114.218520    13.2300     0.7874     0.0000     0.2115 8.9897e+01    -0.2642      2.252      3.266    28.1939 0.0000e+00
