Data/DataNotYetUploadedToEDI/Raw_CTD/RawDownloads/062525_ccr50_S8188006.cnv
* Sea-Bird SBE19plus  Data File:
* FileName = C:\R\Reservoirs\Data\DataNotYetUploadedToEDI\Raw_CTD\RawDownloads\060925_bvr50_S8188_0006.hex
* Software version 2.8.0.119
* Temperature SN = 8188
* Conductivity SN = 8188
* System UpLoad Time = Jun 25 2025 16:15:16
* <ApplicationData>
* <Seaterm232>
# nquan = 16
# nvalues = 3681                        
# units = specified
# name 0 = depFM: Depth [fresh water, m]
# name 1 = dz/dtM: Descent Rate [m/s]
# name 2 = sbeox0Mg/L: Oxygen, SBE 43 [mg/l]
# name 3 = sbeox0PS: Oxygen, SBE 43 [% saturation]
# name 4 = specc: Specific Conductance [uS/cm]
# name 5 = c0uS/cm: Conductivity [uS/cm]
# name 6 = wetCDOM: Fluorescence, WET Labs CDOM [mg/m^3]
# name 7 = flECO-AFL: Fluorescence, WET Labs ECO-AFL/FL [mg/m^3]
# name 8 = flECO-AFL1: Fluorescence, WET Labs ECO-AFL/FL, 2 [mg/m^3]
# name 9 = flECO-AFL2: Fluorescence, WET Labs ECO-AFL/FL, 3 [mg/m^3]
# name 10 = par/sat/log: PAR/Logarithmic, Satlantic
# name 11 = turbWETntu0: Turbidity, WET Labs ECO [NTU]
# name 12 = prdM: Pressure, Strain Gauge [db]
# name 13 = prdE: Pressure, Strain Gauge [psi]
# name 14 = tv290C: Temperature [ITS-90, deg C]
# name 15 = flag:  0.000e+00
# span 0 =     -0.381,     22.216       
# span 1 =     -0.277,      0.159       
# span 2 =    -0.4252,    10.7846       
# span 3 =     -3.753,    127.216       
# span 4 =   -690.893,    195.856       
# span 5 =-490.333227, 135.186135       
# span 6 =    -4.5000,    53.4600       
# span 7 =    -0.3113,     6.7651       
# span 8 =    -2.1300,     1.2780       
# span 9 =    -2.9610,     0.9306       
# span 10 = 1.1575e-01, 2.0860e+03      
# span 11 =    -1.2763,   285.6401      
# span 12 =     -0.373,     21.787      
# span 13 =     -0.541,     31.599      
# span 14 =     9.4709,    30.5306      
# span 15 = 0.0000e+00, 0.0000e+00      
# interval = seconds: 0.25
# start_time = Jun 25 2025 09:59:58 [Instrument's time stamp, header]
# bad_flag = -9.990e-29
*END*
[from data line 2803]
     17.438     -0.102     7.1903     66.163    130.075  92.372312    24.3900     0.6005     0.0852     0.1269 1.1620e-01     9.4492     17.101     24.803    10.5002 0.0000e+00
     17.411     -0.096     7.2517     66.228    129.979  92.309957    24.3900     0.5966     0.0852     0.1269 1.1620e-01     9.3737     17.075     24.765    10.5008 0.0000e+00
     17.387     -0.089     7.3082     66.146    129.911  92.268278    24.3900     0.6119     0.0852     0.1269 1.1607e-01     9.4341     17.052     24.731    10.5016 0.0000e+00
     17.367     -0.084     7.3519     65.967    129.868  92.244151    24.3900     0.5890     0.0852     0.1269 1.1605e-01     9.3888     17.031     24.702    10.5029 0.0000e+00
     17.348     -0.080     7.3777     65.773    129.841  92.231141    24.3900     0.6005     0.1278     0.1269 1.1628e-01     7.9537     17.013     24.675    10.5047 0.0000e+00
     17.331     -0.080     7.3846     65.650    129.817  92.219788    24.3900     0.6157     0.1278     0.1269 1.1607e-01     8.0594     16.996     24.651    10.5070 0.0000e+00
     17.312     -0.082     7.3750     65.658    129.796  92.209063    24.3900     0.6233     0.1278     0.1269 1.1607e-01     7.9537     16.978     24.624    10.5095 0.0000e+00
     17.292     -0.086     7.3547     65.808    129.784  92.204095    24.3900     0.6081     0.1278     0.1269 1.1587e-01     7.9688     16.958     24.595    10.5121 0.0000e+00
     17.268     -0.090     7.3326     66.074    129.768  92.195571    24.3900     0.6119     0.1278     0.1269 1.1605e-01     7.9839     16.934     24.561    10.5145 0.0000e+00
     17.243     -0.092     7.3185     66.399    129.744  92.181216    24.4800     0.6157     0.0852     0.0846 1.1628e-01     7.9235     16.909     24.525    10.5167 0.0000e+00
     17.217     -0.090     7.3190     66.713    129.706  92.157203    24.4800     0.6195     0.0852     0.0846 1.1602e-01     8.0443     16.884     24.488    10.5184 0.0000e+00
     17.192     -0.085     7.3356     66.962    129.639  92.113132    24.4800     0.6081     0.0852     0.0846 1.1623e-01     7.8479     16.859     24.452    10.5197 0.0000e+00
     17.169     -0.076     7.3651     67.116    129.561  92.063223    24.4800     0.5318     0.0852     0.0846 1.1590e-01     5.5216     16.837     24.420    10.5208 0.0000e+00
     17.150     -0.065     7.4011     67.168    129.511  92.034119    24.3000     0.5165     0.0852     0.1269 1.1605e-01     5.5367     16.818     24.393    10.5218 0.0000e+00
     17.135     -0.052     7.4360     67.139    129.479  92.020057    24.3000     0.5013     0.0852     0.1269 1.1597e-01     5.5064     16.804     24.372    10.5229 0.0000e+00
     17.124     -0.041     7.4634     67.076    129.450  92.009297    24.3000     0.5394     0.0852     0.1269 1.1605e-01     5.4913     16.793     24.357    10.5243 0.0000e+00
     17.117     -0.030     7.4802     67.034    129.413  91.992977    24.3000     0.6081     0.0852     0.1269 1.1600e-01     5.3856     16.786     24.346    10.5264 0.0000e+00
     17.112     -0.022     7.4856     67.051    129.371  91.972738    24.3000     0.6005     0.0852     0.0846 1.1597e-01     5.2647     16.781     24.339    10.5290 0.0000e+00
     17.108     -0.016     7.4818     67.152    129.377  91.985134    24.3000     0.6157     0.0852     0.0846 1.1600e-01     5.2496     16.777     24.334    10.5322 0.0000e+00
     17.105     -0.012     7.4741     67.345    129.423  92.025481    24.3000     0.6233     0.0852     0.0846 1.1605e-01     5.3252     16.774     24.329    10.5360 0.0000e+00
     17.103     -0.009     7.4687     67.619    129.411  92.024630    24.3000     0.9094     0.0852     0.0846 1.1592e-01    13.4373     16.772     24.326    10.5399 0.0000e+00
     17.101     -0.007     7.4700     67.954    129.320  91.966374    25.2900     0.8980     0.1278     0.1692 1.1615e-01    13.4373     16.770     24.324    10.5436 0.0000e+00
     17.100     -0.006     7.4806     68.320    129.252  91.923074    25.2900     0.9514     0.1278     0.1692 1.1597e-01    13.3920     16.769     24.322    10.5468 0.0000e+00
     17.099     -0.005     7.5016     68.681    129.238  91.917147    25.2900     0.9362     0.1278     0.1692 1.1610e-01    13.3769     16.768     24.320    10.5498 0.0000e+00
     17.098     -0.004     7.5317     69.004    129.231  91.915048    25.2900     0.8713     0.1278     0.1692 1.1610e-01    14.2229     16.767     24.319    10.5525 0.0000e+00
     17.097     -0.003     7.5685     69.275    129.229  91.916218    25.2900     0.8675     0.1278     0.1692 1.1605e-01    14.4343     16.766     24.318    10.5550 0.0000e+00
     17.096     -0.002     7.6090     69.489    129.239  91.924965    24.9300     0.8484     0.1278     0.1269 1.1605e-01    14.3588     16.765     24.316    10.5570 0.0000e+00
     17.095     -0.001     7.6489     69.639    129.259  91.939626    24.9300     0.8446     0.1278     0.1269 1.1623e-01    14.3588     16.765     24.315    10.5585 0.0000e+00
     17.095     -0.000     7.6847     69.732    129.276  91.952124    24.9300     0.7950     0.1278     0.1269 1.1602e-01    13.7999     16.764     24.315    10.5597 0.0000e+00
     17.095      0.001     7.7147     69.785    129.267  91.945815    24.9300     0.7912     0.1278     0.1269 1.1612e-01    13.9358     16.765     24.315    10.5606 0.0000e+00
     17.096      0.001     7.7384     69.820    129.235  91.923014    24.7500     0.7950     0.1278     0.2115 1.1620e-01    13.9207     16.766     24.316    10.5613 0.0000e+00
     17.097      0.002     7.7551     69.860    129.220  91.913596    24.7500     0.7683     0.1278     0.2115 1.1617e-01    13.9207     16.766     24.317    10.5617 0.0000e+00
     17.097      0.002     7.7653     69.920    129.243  91.931031    24.7500     0.7263     0.1278     0.2115 1.1612e-01    10.5822     16.767     24.318    10.5618 0.0000e+00
     17.098      0.002     7.7713     70.002    129.266  91.948008    24.7500     0.7340     0.1278     0.2115 1.1590e-01    10.6124     16.767     24.319    10.5618 0.0000e+00
     17.098      0.002     7.7752     70.099    129.272  91.953071    24.6600     0.7340     0.1278     0.1692 1.1623e-01    10.5520     16.768     24.320    10.5618 0.0000e+00
     17.099      0.001     7.7796     70.202    129.274  91.955561    24.6600     0.7454     0.1278     0.1692 1.1600e-01    10.5369     16.768     24.320    10.5621 0.0000e+00
     17.099      0.001     7.7862     70.306    129.262  91.948153    24.6600     0.4440     0.1278     0.1692 1.1615e-01     3.6786     16.769     24.321    10.5625 0.0000e+00
     17.099      0.000     7.7953     70.394    129.240  91.932865    24.6600     0.4479     0.1278     0.1692 1.1607e-01     3.7390     16.769     24.321    10.5629 0.0000e+00
     17.099     -0.001     7.8059     70.447    129.207  91.909617    24.3900     0.4517     0.0852     0.1269 1.1615e-01     3.6332     16.769     24.321    10.5633 0.0000e+00
     17.099     -0.003     7.8174     70.459    129.164  91.880199    24.3900     0.4784     0.0852     0.1269 1.1605e-01     3.6332     16.769     24.321    10.5636 0.0000e+00
     17.098     -0.006     7.8289     70.437    129.136  91.860738    24.3900     0.3296     0.0852     0.1269 1.1602e-01     0.4005     16.768     24.320    10.5639 0.0000e+00
     17.097     -0.008     7.8387     70.396    129.128  91.856034    24.3900     0.3220     0.0852     0.1269 1.1628e-01     0.3249     16.767     24.318    10.5642 0.0000e+00
     17.095     -0.012     7.8446     70.353    129.136  91.862833    24.3900     0.3334     0.0852     0.1269 1.1590e-01     0.3703     16.765     24.315    10.5644 0.0000e+00
     17.092     -0.016     7.8458     70.308    129.149  91.872961    24.2100     0.3220     0.1278     0.1692 1.1590e-01     0.3854     16.762     24.311    10.5647 0.0000e+00
     17.088     -0.021     7.8432     70.267    129.156  91.879131    24.2100     0.3258     0.1278     0.1692 1.1617e-01     0.5666     16.757     24.304    10.5650 0.0000e+00
     17.082     -0.027     7.8386     70.242    129.144  91.871001    24.2100     0.2991     0.1278     0.1692 1.1602e-01     0.4609     16.752     24.296    10.5654 0.0000e+00
     17.075     -0.035     7.8337     70.231    129.137  91.866381    24.2100     0.3334     0.1278     0.1692 1.1605e-01     0.6271     16.745     24.286    10.5659 0.0000e+00
     17.066     -0.045     7.8287     70.225    129.162  91.884016    24.2100     0.3220     0.1278     0.0846 1.1597e-01     0.6120     16.736     24.274    10.5662 0.0000e+00
     17.055     -0.056     7.8241     70.218    129.203  91.912627    24.2100     0.3792     0.1278     0.0846 1.1605e-01     1.3371     16.725     24.258    10.5665 0.0000e+00
     17.041     -0.068     7.8213     70.193    129.254  91.947856    24.2100     0.4021     0.1278     0.0846 1.1625e-01     1.2615     16.711     24.237    10.5666 0.0000e+00
     17.021     -0.080     7.8200     70.146    129.286  91.969135    24.2100     0.3906     0.1278     0.0846 1.1607e-01     1.3673     16.692     24.210    10.5667 0.0000e+00
     16.998     -0.090     7.8194     70.074    129.280  91.964159    24.1200     0.4021     0.0852     0.2115 1.1600e-01     1.3220     16.669     24.176    10.5667 0.0000e+00
     16.970     -0.095     7.8186     69.963    129.277  91.961565    24.1200     0.5242     0.0852     0.2115 1.1612e-01     4.8418     16.642     24.137    10.5665 0.0000e+00
     16.942     -0.094     7.8159     69.800    129.291  91.970650    24.1200     0.4975     0.0852     0.2115 1.1602e-01     4.9022     16.614     24.097    10.5661 0.0000e+00
     16.915     -0.088     7.8107     69.579    129.302  91.977857    24.1200     0.5394     0.0852     0.2115 1.1600e-01     4.9324     16.588     24.058    10.5657 0.0000e+00
     16.890     -0.076     7.8027     69.302    129.321  91.989101    24.1200     0.5165     0.0852     0.2115 1.1607e-01     4.8720     16.564     24.024    10.5654 0.0000e+00
     16.872     -0.061     7.7905     68.984    129.344  92.003386    24.3900     0.5852     0.0852     0.0846 1.1605e-01     4.6001     16.545     23.997    10.5652 0.0000e+00
     16.859     -0.046     7.7723     68.653    129.347  92.004545    24.3900     0.5432     0.0852     0.0846 1.1602e-01     4.6454     16.533     23.979    10.5649 0.0000e+00
     16.852     -0.031     7.7478     68.327    129.315  91.980900    24.3900     0.5623     0.0852     0.0846 1.1605e-01     4.7058     16.526     23.969    10.5645 0.0000e+00
     16.848     -0.019     7.7172     68.018    129.248  91.934137    24.3900     0.5432     0.0852     0.0846 1.1597e-01     4.5396     16.522     23.963    10.5638 0.0000e+00
     16.846     -0.010     7.6818     67.771    129.200  91.901727    24.3900     0.5699     0.0852     0.1269 1.1610e-01     5.3252     16.520     23.960    10.5630 0.0000e+00
     16.846     -0.005     7.6451     67.623    129.220  91.916978    24.3900     0.5547     0.0852     0.1269 1.1615e-01     5.2798     16.519     23.960    10.5624 0.0000e+00
     16.846     -0.002     7.6089     67.590    129.264  91.949997    24.3900     0.5470     0.0852     0.1269 1.1595e-01     5.3705     16.519     23.960    10.5623 0.0000e+00
     16.846     -0.001     7.5744     67.670    129.293  91.971633    24.3900     0.5776     0.0852     0.1269 1.1595e-01     5.3252     16.520     23.960    10.5625 0.0000e+00
     16.846     -0.001     7.5467     67.847    129.312  91.985659    24.8400     0.5432     0.0852     0.1692 1.1597e-01     4.7058     16.520     23.960    10.5630 0.0000e+00
     16.846     -0.002     7.5302     68.087    129.316  91.989821    24.8400     0.5966     0.0852     0.1692 1.1600e-01     4.5396     16.520     23.961    10.5636 0.0000e+00
     16.846     -0.003     7.5264     68.356    129.303  91.981236    24.8400     0.6233     0.0852     0.1692 1.1612e-01     4.6152     16.520     23.960    10.5641 0.0000e+00
     16.845     -0.006     7.5353     68.616    129.275  91.961607    24.8400     0.5966     0.0852     0.1692 1.1605e-01     4.6152     16.519     23.959    10.5645 0.0000e+00
     16.844     -0.010     7.5549     68.834    129.261  91.951672    24.8400     0.6272     0.1278     0.2115 1.1610e-01     4.6454     16.518     23.957    10.5649 0.0000e+00
     16.841     -0.015     7.5815     68.995    129.251  91.944785    24.8400     0.8026     0.1278     0.2115 1.1600e-01    12.6820     16.516     23.954    10.5653 0.0000e+00
     16.838     -0.022     7.6115     69.099    129.232  91.931118    24.8400     0.8141     0.1278     0.2115 1.1605e-01    12.7424     16.512     23.949    10.5655 0.0000e+00
     16.832     -0.031     7.6405     69.147    129.250  91.942985    24.8400     0.7912     0.1278     0.2115 1.1600e-01    12.6971     16.506     23.941    10.5657 0.0000e+00
     16.824     -0.043     7.6646     69.168    129.280  91.963573    24.8400     0.7874     0.1278     0.2115 1.1607e-01    12.7273     16.498     23.929    10.5657 0.0000e+00
     16.813     -0.056     7.6826     69.189    129.293  91.972405    25.2900     0.7149     0.1704     0.1269 1.1610e-01    16.8061     16.488     23.913    10.5657 0.0000e+00
     16.798     -0.072     7.6942     69.207    129.326  91.995806    25.2900     0.7149     0.1704     0.1269 1.1590e-01    16.8514     16.473     23.892    10.5656 0.0000e+00
     16.778     -0.089     7.6996     69.209    129.375  92.032027    25.2900     0.7149     0.1704     0.1269 1.1607e-01    16.7758     16.454     23.864    10.5654 0.0000e+00
     16.753     -0.104     7.7019     69.189    129.422  92.066755    25.2900     0.7225     0.1704     0.1269 1.1602e-01    16.8212     16.429     23.828    10.5652 0.0000e+00
     16.723     -0.115     7.7043     69.153    129.464  92.099263    24.9300     0.7988     0.1704     0.1269 1.1617e-01    18.1354     16.399     23.785    10.5650 0.0000e+00
     16.688     -0.120     7.7063     69.103    129.495  92.124235    24.9300     0.8026     0.1704     0.1269 1.1605e-01    18.0599     16.365     23.735    10.5650 0.0000e+00
     16.652     -0.117     7.7065     69.034    129.516  92.142339    24.9300     0.7988     0.1704     0.1269 1.1605e-01    18.1807     16.330     23.684    10.5653 0.0000e+00
     16.617     -0.108     7.7042     68.936    129.525  92.150412    24.9300     0.8141     0.1704     0.1269 1.1623e-01    18.1203     16.296     23.635    10.5659 0.0000e+00
     16.589     -0.093     7.7000     68.807    129.501  92.134624    25.2000     0.6081     0.1278     0.1269 1.1595e-01     7.6818     16.268     23.594    10.5669 0.0000e+00
     16.568     -0.076     7.6942     68.666    129.461  92.106746    25.2000     0.6043     0.1278     0.1269 1.1610e-01     7.6969     16.248     23.565    10.5681 0.0000e+00
     16.554     -0.061     7.6864     68.524    129.430  92.085316    25.2000     0.6233     0.1278     0.1269 1.1605e-01     7.6969     16.234     23.545    10.5692 0.0000e+00
     16.544     -0.050     7.6753     68.383    129.400  92.064617    25.2000     0.5890     0.1278     0.1269 1.1585e-01     7.7875     16.224     23.531    10.5700 0.0000e+00
     16.536     -0.046     7.6608     68.253    129.361  92.037132    25.2000     0.8141     0.1278     0.1269 1.1605e-01    13.1805     16.217     23.520    10.5705 0.0000e+00
     16.528     -0.048     7.6451     68.149    129.304  91.997529    26.0100     0.7797     0.1704     0.1692 1.1615e-01    13.1805     16.208     23.508    10.5708 0.0000e+00
     16.517     -0.057     7.6292     68.081    129.248  91.959221    26.0100     0.8141     0.1704     0.1692 1.1602e-01    13.1201     16.198     23.492    10.5710 0.0000e+00
     16.503     -0.071     7.6135     68.051    129.229  91.947950    26.0100     0.8065     0.1704     0.1692 1.1612e-01    13.2107     16.184     23.472    10.5711 0.0000e+00
