Data/DataNotYetUploadedToEDI/Raw_CTD/RawDownloads/062526_ccr10_S8188029.cnv
* Sea-Bird SBE19plus  Data File:
* FileName = C:\R\Reservoirs\Data\DataNotYetUploadedToEDI\Raw_CTD\RawDownloads\062526_ccr50_S8188_0029.hex
* Software version 2.8.0.119
* Temperature SN = 8188
* Conductivity SN = 8188
* System UpLoad Time = Jun 29 2026 18:18:56
* <ApplicationData>
* <Seaterm232>
# nquan = 16
# nvalues = 196                         
# units = specified
# name 0 = depFM: Depth [fresh water, m]
# name 1 = dz/dtM: Descent Rate [m/s]
# name 2 = sbeox0Mg/L: Oxygen, SBE 43 [mg/l]
# name 3 = sbeox0PS: Oxygen, SBE 43 [% saturation]
# name 4 = specc: Specific Conductance [uS/cm]
# name 5 = c0uS/cm: Conductivity [uS/cm]
# name 6 = wetCDOM: Fluorescence, WET Labs CDOM [mg/m^3]
# name 7 = flECO-AFL: Fluorescence, WET Labs ECO-AFL/FL [mg/m^3]
# name 8 = flECO-AFL1: Fluorescence, WET Labs ECO-AFL/FL, 2 [mg/m^3]
# name 9 = flECO-AFL2: Fluorescence, WET Labs ECO-AFL/FL, 3 [mg/m^3]
# name 10 = par/sat/log: PAR/Logarithmic, Satlantic
# name 11 = turbWETntu0: Turbidity, WET Labs ECO [NTU]
# name 12 = prdM: Pressure, Strain Gauge [db]
# name 13 = prdE: Pressure, Strain Gauge [psi]
# name 14 = tv290C: Temperature [ITS-90, deg C]
# name 15 = flag:  0.000e+00
# span 0 =     -0.453,      0.318       
# span 1 =     -0.002,      0.164       
# span 2 =     7.4788,     7.9465       
# span 3 =     90.166,     94.855       
# span 4 =      2.821,    153.322       
# span 5 =   2.630704, 154.111207       
# span 6 =    -4.5000,    21.4200       
# span 7 =    -0.2846,     1.9051       
# span 8 =    -2.1300,     0.4686       
# span 9 =    -2.0304,     1.0575       
# span 10 = 5.7432e+01, 2.3299e+03      
# span 11 =    -9.9172,    43.7710      
# span 12 =     -0.445,      0.312      
# span 13 =     -0.645,      0.452      
# span 14 =    21.5938,    25.3343      
# span 15 = 0.0000e+00, 0.0000e+00      
# interval = seconds: 0.25
# start_time = Jun 25 2026 11:34:13 [Instrument's time stamp, header]
# bad_flag = -9.990e-29
*END*
     -0.453      0.000     7.9464     90.179      3.171   2.955595    -4.5000    -0.2388    -2.1300    -2.0304 1.5289e+02     0.9443     -0.444     -0.644    21.5979 0.0000e+00
     -0.453      0.000     7.9462     90.179      3.094   2.883085    -4.5000    -0.2693    -2.1300    -2.0304 1.6498e+02     0.9745     -0.444     -0.644    21.5965 0.0000e+00
     -0.453      0.000     7.9462     90.180      3.013   2.808300    -4.5000    -0.2846    -2.1300    -2.0304 1.8117e+02     0.9443     -0.445     -0.645    21.5951 0.0000e+00
     -0.453      0.000     7.9464     90.178      2.943   2.743118     0.0000    -0.2350     0.0426     0.2115 1.4950e+03    -0.9591     -0.445     -0.645    21.5941 0.0000e+00
     -0.453      0.001     7.9465     90.174      2.888   2.692034     0.0000    -0.2426     0.0426     0.2115 1.2655e+03    -1.0044     -0.444     -0.644    21.5938 0.0000e+00
     -0.453      0.001     7.9465     90.169      2.846   2.653360     0.0000    -0.2350     0.0426     0.2115 1.4150e+03    -0.9440     -0.444     -0.644    21.5942 0.0000e+00
     -0.453      0.001     7.9464     90.166      2.821   2.630704     0.0000    -0.2579     0.0426     0.2115 1.4427e+03    -0.9440     -0.444     -0.644    21.5952 0.0000e+00
     -0.453      0.001     7.9460     90.167      2.824   2.633935     0.0000    -0.2731     0.0426     0.2115 1.3519e+03    -1.1102     -0.444     -0.644    21.5968 0.0000e+00
     -0.452      0.002     7.9452     90.172      2.877   2.683803     0.0000    -0.2350     0.0000     0.0846 1.3976e+03    -1.0195     -0.443     -0.643    21.5994 0.0000e+00
     -0.452      0.002     7.9442     90.178      2.987   2.787641     0.0000    -0.2426     0.0000     0.0846 1.6400e+03    -0.9440     -0.443     -0.643    21.6031 0.0000e+00
     -0.451      0.003     7.9432     90.186      3.129   2.921427     0.0000    -0.2655     0.0000     0.0846 1.9990e+03    -1.0497     -0.442     -0.642    21.6074 0.0000e+00
     -0.450      0.004     7.9426     90.197      3.299   3.083050     0.0000     0.0588     0.0000     0.0846 2.2616e+03     1.4881     -0.442     -0.641    21.6119 0.0000e+00
     -0.449      0.005     7.9422     90.210      3.520   3.293731     0.0000     0.0588     0.0852     0.0423 2.3299e+03     1.3975     -0.441     -0.639    21.6171 0.0000e+00
     -0.448      0.007     7.9418     90.220      3.782   3.546008     0.0000     0.0359     0.0852     0.0423 2.2284e+03     1.4579     -0.439     -0.638    21.6240 0.0000e+00
     -0.446      0.009     7.9409     90.230      4.062   3.819642     0.0000     0.0206     0.0852     0.0423 2.0434e+03     1.3975     -0.438     -0.635    21.6342 0.0000e+00
     -0.444      0.011     7.9395     90.238      4.361   4.119979     0.0000     1.4435     0.0852     0.0423 1.6644e+03     2.1377     -0.436     -0.632    21.6505 0.0000e+00
     -0.441      0.014     7.9366     90.249      4.718   4.489317     0.0000     1.4359     0.0426     0.0423 3.2078e+02     2.1679     -0.433     -0.628    21.6772 0.0000e+00
     -0.438      0.017     7.9310     90.263      5.231   5.026148     0.0000     1.4397     0.0426     0.0423 1.2214e+03     2.1226     -0.429     -0.623    21.7208 0.0000e+00
     -0.433      0.021     7.9211     90.279      6.094   5.919374     0.0000     1.4435     0.0426     0.0423 2.1129e+03     2.1377     -0.425     -0.616    21.7929 0.0000e+00
     -0.427      0.024     7.9039     90.295      7.580   7.433046     0.0000     1.4626     0.0426     0.0423 1.2388e+03    15.6882     -0.419     -0.608    21.9130 0.0000e+00
     -0.420      0.028     7.8749     90.306     10.063   9.933023     0.0900     1.4511     0.2130    -0.0846 1.3801e+03    15.7033     -0.412     -0.598    22.1133 0.0000e+00
     -0.412      0.032     7.8294     90.314     14.159  14.034255     0.0900     1.4588     0.2130    -0.0846 1.1784e+03    15.7184     -0.404     -0.586    22.4277 0.0000e+00
     -0.404      0.038     7.7704     90.325     20.901  20.770734     0.0900     1.4588     0.2130    -0.0846 2.2115e+03    15.5824     -0.396     -0.575    22.8347 0.0000e+00
     -0.395      0.046     7.7121     90.342     32.024  31.877195     0.0900     1.8708     0.2130    -0.0846 2.2347e+03    -9.8115     -0.388     -0.563    23.2391 0.0000e+00
     -0.385      0.057     7.6663     90.363     50.092  49.921486     0.0900     1.9051     0.2130    -0.0846 2.2188e+03    -9.9172     -0.378     -0.548    23.5584 0.0000e+00
     -0.371      0.071     7.6342     90.387     75.663  75.497173     3.2400     1.8517     0.1704     1.0575 2.1891e+03    -9.8417     -0.365     -0.529    23.7825 0.0000e+00
     -0.352      0.088     7.6114     90.424    102.589 102.523505     3.2400     1.8898     0.1704     1.0575 2.2188e+03    -9.7964     -0.346     -0.502    23.9457 0.0000e+00
     -0.328      0.107     7.5915     90.486    122.884 123.025426     3.2400     0.5776     0.1704     1.0575 1.5222e+03    26.9727     -0.322     -0.467    24.0932 0.0000e+00
     -0.298      0.126     7.5687     90.593    135.351 135.743776     3.2400     0.5890     0.1704     1.0575 3.4112e+02    27.0029     -0.292     -0.423    24.2645 0.0000e+00
     -0.262      0.142     7.5416     90.764    142.783 143.409048     0.0000     0.5928     0.0852     0.2961 1.1680e+03    26.9425     -0.257     -0.373    24.4681 0.0000e+00
     -0.222      0.154     7.5149     91.024    147.164 147.975165     0.0000     0.5776     0.0852     0.2961 7.7290e+02    26.9274     -0.218     -0.316    24.6763 0.0000e+00
     -0.178      0.162     7.4939     91.388    149.709 150.651750     0.0000     1.0163     0.0852     0.2961 1.3825e+03    22.9997     -0.175     -0.253    24.8617 0.0000e+00
     -0.133      0.164     7.4813     91.848    151.171 152.192641     0.0000     1.0010     0.0852     0.2961 1.5979e+02    23.0601     -0.130     -0.189    25.0145 0.0000e+00
     -0.088      0.161     7.4788     92.370    151.969 153.026777    16.2000     1.0239     0.3834     0.3384 1.1953e+02    23.1810     -0.086     -0.125    25.1330 0.0000e+00
     -0.046      0.153     7.4881     92.915    152.340 153.398634    16.2000     0.9781     0.3834     0.3384 1.2327e+02    22.9846     -0.045     -0.065    25.2193 0.0000e+00
     -0.007      0.142     7.5100     93.441    152.465 153.503548    16.2000     1.1231     0.3834     0.3384 1.5323e+02    18.1052     -0.007     -0.010    25.2774 0.0000e+00
      0.028      0.129     7.5429     93.915    152.492 153.501732    16.2000     1.1154     0.3834     0.3384 1.6045e+02    18.2110      0.027      0.039    25.3127 0.0000e+00
      0.059      0.115     7.5834     94.310    152.506 153.484865    21.4200     1.1269     0.4686     0.5499 1.2492e+02    18.1807      0.058      0.084    25.3301 0.0000e+00
      0.086      0.100     7.6275     94.600    152.551 153.498537    21.4200     1.1498     0.4686     0.5499 1.0877e+02    18.2261      0.085      0.123    25.3343 0.0000e+00
      0.110      0.086     7.6713     94.776    152.664 153.578449    21.4200     1.1841     0.4686     0.5499 9.7678e+01    16.7909      0.108      0.156    25.3302 0.0000e+00
      0.129      0.074     7.7113     94.855    152.842 153.725874    21.4200     1.1689     0.4686     0.5499 9.1216e+01    16.8665      0.127      0.184    25.3224 0.0000e+00
      0.146      0.062     7.7450     94.854    153.038 153.897976    21.4200     1.1727     0.4686     0.5499 9.3707e+01    16.8665      0.143      0.207    25.3133 0.0000e+00
      0.159      0.052     7.7702     94.791    153.199 154.040470    20.2500     1.1994     0.4260     0.6345 9.1952e+01    16.8665      0.156      0.226    25.3035 0.0000e+00
      0.170      0.045     7.7861     94.695    153.287 154.111207    20.2500     1.1994     0.4260     0.6345 9.7912e+01    16.9118      0.167      0.242    25.2929 0.0000e+00
      0.180      0.039     7.7941     94.589    153.295 154.098996    20.2500     1.1994     0.4260     0.6345 9.4484e+01    16.8061      0.176      0.255    25.2828 0.0000e+00
      0.188      0.034     7.7952     94.488    153.236 154.018614    20.2500     1.1994     0.4260     0.6345 8.4041e+01    16.8061      0.185      0.268    25.2747 0.0000e+00
      0.196      0.031     7.7908     94.401    153.134 153.894706    18.1800     1.2070     0.3408     0.5499 8.4646e+01    16.8363      0.192      0.279    25.2685 0.0000e+00
      0.203      0.030     7.7838     94.336    153.023 153.760350    18.1800     1.1879     0.3408     0.5499 7.9701e+01    16.9873      0.200      0.289    25.2627 0.0000e+00
      0.210      0.029     7.7760     94.300    152.934 153.643832    18.1800     1.1879     0.3408     0.5499 7.6378e+01    17.1233      0.206      0.299    25.2561 0.0000e+00
      0.217      0.029     7.7687     94.300    152.879 153.552148    18.1800     1.1650     0.3408     0.5499 7.2528e+01    17.0478      0.213      0.309    25.2491 0.0000e+00
      0.225      0.029     7.7626     94.336    152.849 153.476875    16.8300     1.2261     0.2982     0.4653 6.7597e+01    17.1535      0.221      0.320    25.2421 0.0000e+00
      0.233      0.029     7.7583     94.397    152.827 153.405954    16.8300     1.3787     0.2982     0.4653 6.5643e+01    19.7820      0.228      0.331    25.2348 0.0000e+00
      0.241      0.028     7.7566     94.468    152.813 153.348517    16.8300     1.3596     0.2982     0.4653 6.1742e+01    19.6612      0.236      0.342    25.2259 0.0000e+00
      0.248      0.027     7.7582     94.544    152.814 153.313289    16.8300     1.3634     0.2982     0.4653 6.0493e+01    19.6461      0.244      0.353    25.2141 0.0000e+00
      0.255      0.025     7.7634     94.615    152.808 153.274845    16.8300     1.3939     0.2982     0.4653 5.7432e+01    19.6461      0.251      0.363    25.1993 0.0000e+00
      0.261      0.022     7.7706     94.672    152.789 153.220930    17.1900     1.3520     0.2982     0.4653 6.0375e+01    19.2684      0.257      0.372    25.1835 0.0000e+00
      0.266      0.019     7.7786     94.712    152.778 153.167218    17.1900     1.3367     0.2982     0.4653 6.4624e+01    19.1778      0.261      0.379    25.1691 0.0000e+00
      0.270      0.016     7.7865     94.734    152.775 153.113411    17.1900     1.3138     0.2982     0.4653 7.4882e+01    19.1929      0.265      0.385    25.1572 0.0000e+00
      0.274      0.014     7.7939     94.741    152.778 153.049166    17.1900     1.3253     0.2982     0.4653 7.4850e+01    19.1173      0.269      0.390    25.1467 0.0000e+00
      0.277      0.011     7.8003     94.739    152.791 152.981389    16.8300     1.5236     0.2982     0.5076 8.1541e+01    19.7669      0.272      0.394    25.1351 0.0000e+00
      0.280      0.009     7.8055     94.724    152.814 152.922055    16.8300     1.5274     0.2982     0.5076 8.5775e+01    19.8122      0.275      0.398    25.1213 0.0000e+00
      0.281      0.007     7.8097     94.700    152.836 152.867357    16.8300     1.5160     0.2982     0.5076 8.8579e+01    19.6310      0.276      0.400    25.1046 0.0000e+00
      0.283      0.006     7.8134     94.675    152.848 152.806712    16.8300     1.5198     0.2982     0.5076 9.4566e+01    19.6159      0.278      0.402    25.0828 0.0000e+00
      0.284      0.004     7.8170     94.653    152.844 152.739973    16.8300     1.2909     0.2982     0.5499 9.5143e+01    18.7397      0.279      0.404    25.0564 0.0000e+00
      0.285      0.003     7.8197     94.633    152.830 152.677389    16.8300     1.2719     0.2982     0.5499 9.6706e+01    18.7397      0.280      0.405    25.0294 0.0000e+00
      0.286      0.003     7.8213     94.612    152.815 152.626310    16.8300     1.2604     0.2982     0.5499 9.7170e+01    18.6339      0.281      0.406    25.0041 0.0000e+00
      0.286      0.002     7.8227     94.587    152.803 152.587139    16.8300     1.2528     0.2982     0.5499 9.8616e+01    18.6641      0.281      0.407    24.9806 0.0000e+00
      0.287      0.001     7.8238     94.562    152.793 152.555440    16.8300     1.3329     0.2982     0.5499 9.6980e+01    19.0720      0.281      0.407    24.9600 0.0000e+00
      0.287      0.001     7.8245     94.542    152.778 152.522759    17.0100     1.3138     0.2982     0.5076 1.0050e+02    19.2231      0.281      0.407    24.9441 0.0000e+00
      0.287      0.001     7.8244     94.523    152.758 152.490397    17.0100     1.3024     0.2982     0.5076 1.0251e+02    19.1929      0.281      0.407    24.9324 0.0000e+00
      0.287      0.001     7.8236     94.502    152.738 152.467756    17.0100     1.3329     0.2982     0.5076 1.0302e+02    19.2080      0.282      0.408    24.9235 0.0000e+00
      0.287      0.001     7.8226     94.478    152.721 152.460816    17.0100     1.3176     0.2982     0.5076 1.0349e+02    19.1627      0.282      0.408    24.9163 0.0000e+00
      0.287      0.001     7.8217     94.455    152.697 152.461718    16.9200     1.3863     0.2556     0.5076 1.0634e+02    18.9663      0.282      0.408    24.9105 0.0000e+00
      0.287      0.001     7.8208     94.436    152.660 152.456679    16.9200     1.3710     0.2556     0.5076 1.0576e+02    18.9663      0.282      0.409    24.9064 0.0000e+00
      0.287      0.001     7.8192     94.420    152.622 152.450370    16.9200     1.3863     0.2556     0.5076 1.0870e+02    18.8454      0.282      0.409    24.9054 0.0000e+00
      0.287      0.001     7.8167     94.407    152.591 152.455133    16.9200     1.3634     0.2556     0.5076 1.1029e+02    18.9663      0.282      0.409    24.9089 0.0000e+00
      0.288      0.001     7.8137     94.397    152.563 152.472237    17.0100     1.3291     0.2982     0.5499 1.0967e+02    18.6793      0.282      0.409    24.9169 0.0000e+00
      0.288      0.001     7.8106     94.387    152.527 152.492223    17.0100     1.3062     0.2982     0.5499 1.1250e+02    18.7095      0.282      0.409    24.9274 0.0000e+00
      0.288      0.001     7.8077     94.372    152.483 152.504396    17.0100     1.3214     0.2982     0.5499 1.1094e+02    18.6793      0.283      0.410    24.9379 0.0000e+00
      0.288      0.000     7.8050     94.353    152.435 152.501988    17.0100     1.3024     0.2982     0.5499 1.1780e+02    18.7246      0.283      0.410    24.9494 0.0000e+00
      0.288      0.000     7.8020     94.333    152.388 152.486364    16.9200     1.3024     0.2982     0.5499 1.1279e+02    18.4980      0.283      0.410    24.9644 0.0000e+00
      0.288      0.000     7.7986     94.315    152.357 152.473394    16.9200     1.3138     0.2982     0.5499 1.1562e+02    18.4829      0.283      0.410    24.9827 0.0000e+00
      0.288      0.000     7.7947     94.300    152.347 152.469637    16.9200     1.3253     0.2982     0.5499 1.1237e+02    18.5131      0.283      0.410    25.0010 0.0000e+00
      0.288      0.000     7.7910     94.286    152.343 152.466075    16.9200     1.3062     0.2982     0.5499 1.1777e+02    18.4376      0.283      0.410    25.0159 0.0000e+00
      0.288      0.000     7.7879     94.271    152.336 152.455749    16.9200     1.3977     0.2982     0.5499 1.1770e+02    18.7699      0.283      0.410    25.0263 0.0000e+00
      0.288      0.000     7.7855     94.256    152.317 152.429895    17.0100     1.3710     0.2556     0.4653 1.1765e+02    18.6793      0.283      0.410    25.0321 0.0000e+00
      0.288      0.000     7.7840     94.245    152.287 152.387628    17.0100     1.3748     0.2556     0.4653 1.1842e+02    18.6037      0.283      0.410    25.0343 0.0000e+00
      0.288      0.000     7.7828     94.240    152.259 152.339715    17.0100     1.3863     0.2556     0.4653 1.1901e+02    18.7699      0.283      0.410    25.0344 0.0000e+00
      0.288      0.000     7.7817     94.240    152.243 152.297419    17.0100     1.3291     0.2556     0.4653 1.1953e+02    18.9663      0.283      0.410    25.0333 0.0000e+00
      0.288      0.000     7.7808     94.242    152.242 152.269495    17.0100     1.2986     0.2556     0.3384 1.1974e+02    18.9814      0.283      0.410    25.0311 0.0000e+00
