Data/DataNotYetUploadedToEDI/Raw_CTD/RawDownloads/062526_ccr30_S8188028.cnv
* Sea-Bird SBE19plus  Data File:
* FileName = C:\R\Reservoirs\Data\DataNotYetUploadedToEDI\Raw_CTD\RawDownloads\062526_ccr50_S8188_0028.hex
* Software version 2.8.0.119
* Temperature SN = 8188
* Conductivity SN = 8188
* System UpLoad Time = Jun 29 2026 18:18:51
* <ApplicationData>
* <Seaterm232>
# nquan = 16
# nvalues = 207                         
# units = specified
# name 0 = depFM: Depth [fresh water, m]
# name 1 = dz/dtM: Descent Rate [m/s]
# name 2 = sbeox0Mg/L: Oxygen, SBE 43 [mg/l]
# name 3 = sbeox0PS: Oxygen, SBE 43 [% saturation]
# name 4 = specc: Specific Conductance [uS/cm]
# name 5 = c0uS/cm: Conductivity [uS/cm]
# name 6 = wetCDOM: Fluorescence, WET Labs CDOM [mg/m^3]
# name 7 = flECO-AFL: Fluorescence, WET Labs ECO-AFL/FL [mg/m^3]
# name 8 = flECO-AFL1: Fluorescence, WET Labs ECO-AFL/FL, 2 [mg/m^3]
# name 9 = flECO-AFL2: Fluorescence, WET Labs ECO-AFL/FL, 3 [mg/m^3]
# name 10 = par/sat/log: PAR/Logarithmic, Satlantic
# name 11 = turbWETntu0: Turbidity, WET Labs ECO [NTU]
# name 12 = prdM: Pressure, Strain Gauge [db]
# name 13 = prdE: Pressure, Strain Gauge [psi]
# name 14 = tv290C: Temperature [ITS-90, deg C]
# name 15 = flag:  0.000e+00
# span 0 =     -0.456,      0.295       
# span 1 =     -0.004,      0.125       
# span 2 =     7.3025,     7.6687       
# span 3 =     88.030,     92.928       
# span 4 =      1.991,    151.748       
# span 5 =   1.899311, 152.954438       
# span 6 =    -4.5000,     7.8300       
# span 7 =    -1.9249,     0.2152       
# span 8 =    -2.3430,     0.2130       
# span 9 =    -7.2333,     3.7224       
# span 10 = 2.8715e+01, 2.2058e+03      
# span 11 =    -3.5272,     1.5032      
# span 12 =     -0.448,      0.289      
# span 13 =     -0.649,      0.419      
# span 14 =    22.6149,    25.5606      
# span 15 = 0.0000e+00, 0.0000e+00      
# interval = seconds: 0.25
# start_time = Jun 25 2026 11:09:55 [Instrument's time stamp, header]
# bad_flag = -9.990e-29
*END*
     -0.456      0.001     7.6137     88.146      1.991   1.899311    -4.5000    -0.2350    -2.1300    -2.0304 7.1901e+01    -1.0951     -0.448     -0.649    22.6654 0.0000e+00
     -0.456      0.002     7.6130     88.114      2.002   1.909834    -4.5000    -0.2121    -2.1300    -2.0304 7.2718e+01    -0.9440     -0.447     -0.649    22.6660 0.0000e+00
     -0.455      0.002     7.6120     88.081      2.029   1.936985    -4.5000    -0.2350    -2.1300    -2.0304 7.7667e+01    -1.0497     -0.447     -0.648    22.6669 0.0000e+00
     -0.455      0.003     7.6107     88.055      2.081   1.988003     0.0000    -0.2579     0.0426     0.2115 8.3604e+01    -1.0346     -0.446     -0.647    22.6672 0.0000e+00
     -0.454      0.003     7.6090     88.037      2.175   2.080472     0.0000    -0.2388     0.0426     0.2115 1.2112e+02    -0.9440     -0.446     -0.646    22.6651 0.0000e+00
     -0.453      0.004     7.6069     88.030      2.341   2.243026     0.0000    -0.2502     0.0426     0.2115 1.8035e+02    -0.9742     -0.445     -0.645    22.6603 0.0000e+00
     -0.452      0.006     7.6051     88.032      2.622   2.519014     0.0000    -0.2769     0.0426     0.2115 3.5697e+02    -0.9440     -0.444     -0.643    22.6533 0.0000e+00
     -0.451      0.007     7.6041     88.044      3.097   2.986009     0.0000    -0.4791     0.0426     0.2115 2.9484e+02    -1.0195     -0.442     -0.641    22.6447 0.0000e+00
     -0.449      0.009     7.6040     88.064      3.892   3.768545     0.0000    -0.4753     0.1278     0.9729 2.3891e+02    -1.0044     -0.441     -0.639    22.6349 0.0000e+00
     -0.446      0.012     7.6047     88.086      5.217   5.071319     0.0000    -0.4791     0.1278     0.9729 7.4866e+01    -0.9591     -0.438     -0.636    22.6255 0.0000e+00
     -0.443      0.015     7.6060     88.107      7.427   7.245716     0.0000    -0.4868     0.1278     0.9729 6.5615e+01    -0.9591     -0.436     -0.631    22.6182 0.0000e+00
     -0.439      0.020     7.6075     88.130     11.118  10.875552     0.0000     0.1236     0.1278     0.9729 4.4927e+01    -1.0044     -0.432     -0.626    22.6149 0.0000e+00
     -0.434      0.025     7.6089     88.157     17.271  16.928784     0.0000     0.1274     0.0852     0.2538 5.3597e+01    -0.9893     -0.427     -0.619    22.6170 0.0000e+00
     -0.428      0.033     7.6095     88.187     27.529  27.019607     0.0000     0.1236     0.0852     0.2538 4.0928e+01    -1.0649     -0.420     -0.609    22.6267 0.0000e+00
     -0.420      0.042     7.6083     88.221     44.628  43.838906     0.0000     0.1312     0.0852     0.2538 2.8715e+01    -1.1555     -0.412     -0.598    22.6476 0.0000e+00
     -0.409      0.054     7.6048     88.260     69.650  68.552499     0.0000    -1.9058     0.0852     0.2538 2.9092e+01    -3.4063     -0.402     -0.582    22.6861 0.0000e+00
     -0.395      0.068     7.5976     88.307     96.983  95.838653     0.0000    -1.8982    -0.2556    -0.0423 4.9888e+01    -3.3761     -0.388     -0.563    22.7528 0.0000e+00
     -0.378      0.083     7.5840     88.366    118.461 117.667908     0.0000    -1.9249    -0.2556    -0.0423 1.8244e+02    -3.5121     -0.371     -0.538    22.8660 0.0000e+00
     -0.355      0.098     7.5598     88.444    131.940 131.704633     0.0000    -1.8982    -0.2556    -0.0423 1.9480e+03    -3.5272     -0.348     -0.505    23.0565 0.0000e+00
     -0.326      0.111     7.5193     88.548    139.885 140.202202     0.0000     0.0015    -0.2556    -0.0423 2.2058e+03     0.5213     -0.320     -0.464    23.3647 0.0000e+00
     -0.293      0.120     7.4640     88.690    144.553 145.326498     0.0000    -0.0061    -2.3430     3.7224 1.1637e+03     0.4156     -0.287     -0.416    23.7837 0.0000e+00
     -0.257      0.125     7.4069     88.884    147.260 148.367890     0.0000    -0.0137    -2.3430     3.7224 1.4549e+03     0.4458     -0.252     -0.366    24.2275 0.0000e+00
     -0.222      0.124     7.3597     89.129    148.817 150.143440     0.0000     0.0015    -2.3430     3.7224 9.2970e+02     0.4307     -0.218     -0.316    24.6138 0.0000e+00
     -0.190      0.119     7.3266     89.408    149.734 151.184737     0.0000     0.1007    -2.3430     3.7224 2.9884e+02     1.2313     -0.186     -0.270    24.9170 0.0000e+00
     -0.160      0.110     7.3077     89.691    150.285 151.795507     0.0000     0.1007    -2.3430     3.7224 1.4333e+03     1.1709     -0.157     -0.228    25.1401 0.0000e+00
     -0.134      0.101     7.3025     89.945    150.620 152.154645     7.6500     0.1351    -1.2780    -7.2333 1.6910e+03     1.2313     -0.131     -0.190    25.2942 0.0000e+00
     -0.110      0.092     7.3092     90.154    150.853 152.404001     7.6500     0.1084    -1.2780    -7.2333 1.3493e+03     1.2011     -0.107     -0.156    25.3929 0.0000e+00
     -0.088      0.084     7.3243     90.316    151.047 152.624089     7.6500     0.1160    -1.2780    -7.2333 8.3452e+02     0.8537     -0.086     -0.125    25.4501 0.0000e+00
     -0.068      0.077     7.3435     90.428    151.191 152.809490     7.6500     0.1236    -1.2780    -7.2333 2.5942e+02     0.9141     -0.067     -0.097    25.4792 0.0000e+00
     -0.050      0.072     7.3624     90.498    151.259 152.923496     7.3800     0.1045     0.1704     0.0846 2.0144e+02     1.0198     -0.049     -0.071    25.4928 0.0000e+00
     -0.033      0.069     7.3783     90.550    151.254 152.954438     7.3800     0.1198     0.1704     0.0846 1.9922e+02     0.9443     -0.033     -0.047    25.5015 0.0000e+00
     -0.017      0.068     7.3900     90.614    151.209 152.924598     7.3800     0.1045     0.1704     0.0846 2.3100e+02     1.2011     -0.017     -0.024    25.5122 0.0000e+00
     -0.001      0.069     7.3972     90.716    151.171 152.874102     7.3800     0.0931     0.1704     0.0846 2.2084e+02     1.2011     -0.001     -0.001    25.5268 0.0000e+00
      0.016      0.070     7.4008     90.872    151.146 152.811524     7.7400     0.1084     0.2130     1.8612 1.9367e+02     1.1558      0.016      0.023    25.5427 0.0000e+00
      0.035      0.071     7.4034     91.076    151.119 152.732193     7.7400     0.1122     0.2130     1.8612 1.8791e+02     1.1860      0.034      0.049    25.5553 0.0000e+00
      0.054      0.072     7.4079     91.309    151.093 152.655020     7.7400     0.1084     0.2130     1.8612 1.8391e+02     1.0954      0.053      0.077    25.5606 0.0000e+00
      0.073      0.071     7.4167     91.554    151.066 152.587470     7.7400     0.1236     0.2130     1.8612 1.7984e+02     1.2615      0.072      0.105    25.5568 0.0000e+00
      0.092      0.068     7.4311     91.789    151.034 152.525552     7.7400     0.1007     0.2130     1.8612 1.2027e+03     1.1709      0.091      0.131    25.5445 0.0000e+00
      0.109      0.065     7.4501     91.989    150.998 152.468781     7.6500     0.0969     0.0852     0.2961 3.5496e+02     1.1860      0.108      0.156    25.5275 0.0000e+00
      0.126      0.060     7.4715     92.142    150.958 152.416041     7.6500     0.1160     0.0852     0.2961 1.7400e+02     1.1860      0.123      0.179    25.5108 0.0000e+00
      0.140      0.055     7.4933     92.243    150.924 152.377311     7.6500     0.1084     0.0852     0.2961 1.8783e+02     1.1709      0.138      0.199    25.4975 0.0000e+00
      0.153      0.050     7.5139     92.297    150.905 152.358289     7.6500     0.1122     0.0852     0.2961 1.8665e+02     1.1407      0.150      0.218    25.4877 0.0000e+00
      0.165      0.045     7.5313     92.312    150.891 152.349896     7.6500     0.1122     0.0852     0.1692 1.3926e+02     1.1558      0.162      0.234    25.4809 0.0000e+00
      0.176      0.041     7.5443     92.302    150.873 152.341881     7.6500     0.1084     0.0852     0.1692 1.1937e+02     1.2464      0.172      0.250    25.4769 0.0000e+00
      0.185      0.038     7.5528     92.283    150.846 152.324094     7.6500     0.1198     0.0852     0.1692 1.2606e+02     1.1709      0.182      0.263    25.4751 0.0000e+00
      0.194      0.035     7.5572     92.266    150.813 152.295800     7.6500     0.1312     0.0852     0.1692 1.2615e+02     1.1860      0.190      0.276    25.4752 0.0000e+00
      0.202      0.033     7.5582     92.260    150.786 152.265482     7.6500     0.1465     0.0426     0.2115 1.2889e+02     1.1709      0.198      0.287    25.4771 0.0000e+00
      0.210      0.031     7.5570     92.265    150.759 152.233067     7.6500     0.1236     0.0426     0.2115 1.1940e+02     1.2313      0.206      0.299    25.4805 0.0000e+00
      0.218      0.029     7.5549     92.282    150.731 152.197926     7.6500     0.1427     0.0426     0.2115 1.1790e+02     1.1709      0.214      0.310    25.4839 0.0000e+00
      0.225      0.028     7.5533     92.312    150.707 152.166714     7.6500     0.1160     0.0426     0.2115 1.1058e+02     1.1105      0.221      0.320    25.4854 0.0000e+00
      0.232      0.026     7.5529     92.352    150.689 152.139121     7.7400     0.1236     0.0426     0.0423 1.0932e+02     1.2011      0.227      0.330    25.4846 0.0000e+00
      0.238      0.024     7.5536     92.393    150.673 152.111796     7.7400     0.1885     0.0426     0.0423 1.0549e+02     1.2766      0.234      0.339    25.4826 0.0000e+00
      0.244      0.022     7.5553     92.431    150.660 152.085466     7.7400     0.1579     0.0426     0.0423 9.9737e+01     1.0954      0.239      0.347    25.4804 0.0000e+00
      0.249      0.019     7.5581     92.461    150.651 152.065128     7.7400     0.1923     0.0426     0.0423 9.5870e+01     1.3975      0.245      0.355    25.4781 0.0000e+00
      0.254      0.017     7.5617     92.477    150.653 152.061385     7.7400     0.1770     0.0426     0.0423 9.7784e+01     1.1860      0.249      0.361    25.4751 0.0000e+00
      0.258      0.014     7.5657     92.479    150.673 152.085259     7.7400     0.1618     0.0426     0.1269 9.0387e+01     1.1709      0.253      0.367    25.4712 0.0000e+00
      0.262      0.010     7.5694     92.463    150.718 152.143117     7.7400     0.1694     0.0426     0.1269 8.7717e+01     1.1860      0.257      0.372    25.4668 0.0000e+00
      0.264      0.008     7.5723     92.428    150.776 152.218333     7.7400     0.1999     0.0426     0.1269 8.8425e+01     1.2313      0.259      0.375    25.4631 0.0000e+00
      0.265      0.005     7.5739     92.386    150.820 152.274871     7.7400     0.1656     0.0426     0.1269 8.6374e+01     1.2162      0.260      0.377    25.4614 0.0000e+00
      0.265      0.003     7.5739     92.347    150.848 152.299763     7.6500     0.1236     0.0426     0.1269 8.2988e+01     1.2313      0.260      0.377    25.4625 0.0000e+00
      0.265      0.002     7.5720     92.313    150.880 152.311667     7.6500     0.1122     0.0426     0.1269 8.8348e+01     1.1709      0.260      0.377    25.4665 0.0000e+00
      0.266      0.002     7.5684     92.280    150.927 152.321770     7.6500     0.1312     0.0426     0.1269 8.0554e+01     1.2162      0.261      0.378    25.4720 0.0000e+00
      0.266      0.001     7.5644     92.254    150.972 152.316737     7.6500     0.1160     0.0426     0.1269 8.6449e+01     1.1558      0.261      0.378    25.4760 0.0000e+00
      0.267      0.002     7.5614     92.239    151.007 152.295221     7.7400     0.1923     0.0852     0.0846 7.7903e+01     1.3975      0.262      0.379    25.4751 0.0000e+00
      0.267      0.003     7.5595     92.235    151.036 152.275523     7.7400     0.1732     0.0852     0.0846 8.1682e+01     1.3975      0.262      0.380    25.4681 0.0000e+00
      0.267      0.003     7.5585     92.248    151.055 152.260400     7.7400     0.1999     0.0852     0.0846 8.4830e+01     1.3824      0.262      0.380    25.4559 0.0000e+00
      0.268      0.004     7.5587     92.273    151.061 152.241811     7.7400     0.1999     0.0852     0.0846 7.3050e+01     1.3522      0.263      0.381    25.4393 0.0000e+00
      0.269      0.005     7.5600     92.302    151.057 152.218805     7.7400     0.1656     0.0852     0.0846 8.7717e+01     1.3975      0.264      0.383    25.4205 0.0000e+00
      0.271      0.006     7.5620     92.333    151.049 152.193262     7.7400     0.1846     0.0426     0.0846 7.6411e+01     1.2011      0.266      0.386    25.4043 0.0000e+00
      0.273      0.006     7.5646     92.366    151.040 152.166382     7.7400     0.1808     0.0426     0.0846 8.3477e+01     1.2615      0.268      0.389    25.3929 0.0000e+00
      0.275      0.007     7.5678     92.398    151.031 152.139012     7.7400     0.1732     0.0426     0.0846 8.1011e+01     1.1407      0.269      0.391    25.3848 0.0000e+00
      0.276      0.007     7.5710     92.428    151.020 152.111865     7.7400     0.1694     0.0426     0.0846 7.7515e+01     1.0652      0.271      0.393    25.3785 0.0000e+00
      0.278      0.007     7.5743     92.459    151.017 152.097734     7.7400     0.1923     0.0426     0.0846 8.7298e+01     1.2313      0.272      0.395    25.3729 0.0000e+00
      0.280      0.007     7.5779     92.491    151.036 152.108879     7.7400     0.1694     0.0426     0.0846 7.2276e+01     1.2313      0.274      0.398    25.3668 0.0000e+00
      0.281      0.006     7.5814     92.522    151.073 152.136253     7.7400     0.1846     0.0426     0.0846 8.2790e+01     1.0500      0.276      0.400    25.3607 0.0000e+00
      0.283      0.006     7.5846     92.553    151.120 152.167120     7.7400     0.1427     0.0426     0.0846 7.7549e+01     1.1558      0.278      0.402    25.3554 0.0000e+00
      0.285      0.005     7.5877     92.578    151.163 152.185670     7.8300     0.1885     0.0852     0.1269 8.0100e+01     1.1860      0.279      0.405    25.3517 0.0000e+00
      0.286      0.004     7.5907     92.592    151.182 152.172807     7.8300     0.1732     0.0852     0.1269 7.7751e+01     1.2615      0.281      0.407    25.3491 0.0000e+00
      0.288      0.003     7.5937     92.592    151.177 152.133112     7.8300     0.1846     0.0852     0.1269 8.4812e+01     1.1105      0.282      0.409    25.3460 0.0000e+00
      0.288      0.002     7.5969     92.579    151.167 152.092060     7.8300     0.1923     0.0852     0.1269 7.7078e+01     1.1709      0.283      0.410    25.3405 0.0000e+00
      0.288      0.001     7.6001     92.558    151.170 152.072760     7.7400     0.1656     0.1278     0.0846 7.9770e+01     1.1709      0.283      0.410    25.3321 0.0000e+00
      0.288      0.001     7.6027     92.539    151.191 152.080081     7.7400     0.1694     0.1278     0.0846 7.7195e+01     1.2011      0.282      0.410    25.3215 0.0000e+00
      0.288      0.001     7.6044     92.525    151.228 152.105959     7.7400     0.1618     0.1278     0.0846 8.4206e+01     1.2011      0.282      0.409    25.3101 0.0000e+00
      0.288      0.001     7.6047     92.520    151.278 152.139264     7.7400     0.1732     0.1278     0.0846 7.6877e+01     1.2313      0.282      0.409    25.2998 0.0000e+00
      0.288      0.001     7.6040     92.525    151.312 152.152815     7.7400     0.1656     0.1278     0.0846 8.0993e+01     1.2615      0.283      0.410    25.2925 0.0000e+00
      0.289      0.001     7.6031     92.535    151.311 152.126183     7.7400     0.1732     0.0852     0.1269 7.8823e+01     1.2615      0.283      0.411    25.2880 0.0000e+00
      0.289      0.001     7.6025     92.546    151.297 152.082318     7.7400     0.1808     0.0852     0.1269 7.8447e+01     1.1407      0.283      0.411    25.2841 0.0000e+00
      0.289      0.002     7.6028     92.560    151.304 152.063610     7.7400     0.1694     0.0852     0.1269 8.3061e+01     1.3522      0.284      0.412    25.2788 0.0000e+00
      0.290      0.002     7.6042     92.574    151.347 152.089112     7.7400     0.1885     0.0852     0.1269 8.1187e+01     1.2011      0.284      0.412    25.2718 0.0000e+00
      0.290      0.002     7.6062     92.589    151.417 152.145589     7.8300     0.1732     0.0426     0.0423 8.4996e+01     1.2313      0.284      0.412    25.2631 0.0000e+00
