Data/DataNotYetUploadedToEDI/Raw_CTD/RawDownloads/062526_ccr30_S8188028.cnv
* Sea-Bird SBE19plus  Data File:
* FileName = C:\R\Reservoirs\Data\DataNotYetUploadedToEDI\Raw_CTD\RawDownloads\062526_ccr50_S8188_0028.hex
* Software version 2.8.0.119
* Temperature SN = 8188
* Conductivity SN = 8188
* System UpLoad Time = Jun 29 2026 18:18:51
* <ApplicationData>
* <Seaterm232>
# nquan = 16
# nvalues = 207                         
# units = specified
# name 0 = depFM: Depth [fresh water, m]
# name 1 = dz/dtM: Descent Rate [m/s]
# name 2 = sbeox0Mg/L: Oxygen, SBE 43 [mg/l]
# name 3 = sbeox0PS: Oxygen, SBE 43 [% saturation]
# name 4 = specc: Specific Conductance [uS/cm]
# name 5 = c0uS/cm: Conductivity [uS/cm]
# name 6 = wetCDOM: Fluorescence, WET Labs CDOM [mg/m^3]
# name 7 = flECO-AFL: Fluorescence, WET Labs ECO-AFL/FL [mg/m^3]
# name 8 = flECO-AFL1: Fluorescence, WET Labs ECO-AFL/FL, 2 [mg/m^3]
# name 9 = flECO-AFL2: Fluorescence, WET Labs ECO-AFL/FL, 3 [mg/m^3]
# name 10 = par/sat/log: PAR/Logarithmic, Satlantic
# name 11 = turbWETntu0: Turbidity, WET Labs ECO [NTU]
# name 12 = prdM: Pressure, Strain Gauge [db]
# name 13 = prdE: Pressure, Strain Gauge [psi]
# name 14 = tv290C: Temperature [ITS-90, deg C]
# name 15 = flag:  0.000e+00
# span 0 =     -0.456,      0.295       
# span 1 =     -0.004,      0.125       
# span 2 =     7.3025,     7.6687       
# span 3 =     88.030,     92.928       
# span 4 =      1.991,    151.748       
# span 5 =   1.899311, 152.954438       
# span 6 =    -4.5000,     7.8300       
# span 7 =    -1.9249,     0.2152       
# span 8 =    -2.3430,     0.2130       
# span 9 =    -7.2333,     3.7224       
# span 10 = 2.8715e+01, 2.2058e+03      
# span 11 =    -3.5272,     1.5032      
# span 12 =     -0.448,      0.289      
# span 13 =     -0.649,      0.419      
# span 14 =    22.6149,    25.5606      
# span 15 = 0.0000e+00, 0.0000e+00      
# interval = seconds: 0.25
# start_time = Jun 25 2026 11:09:55 [Instrument's time stamp, header]
# bad_flag = -9.990e-29
*END*
[from data line 181]
      0.292      0.000     7.6604     92.871    151.559 151.724374     7.6500     0.1351     0.0852     0.1692 7.5997e+01     1.0500      0.286      0.415    25.0518 0.0000e+00
      0.292      0.000     7.6613     92.877    151.590 151.750125     7.6500     0.1007     0.0852     0.1692 7.9770e+01     0.9292      0.286      0.415    25.0516 0.0000e+00
      0.292      0.000     7.6622     92.877    151.608 151.764511     7.6500     0.0931     0.0426     0.1269 7.5389e+01     1.0652      0.286      0.415    25.0511 0.0000e+00
      0.291      0.000     7.6631     92.872    151.611 151.763357     7.6500     0.1045     0.0426     0.1269 7.9666e+01     0.8839      0.286      0.415    25.0501 0.0000e+00
      0.291      0.000     7.6640     92.866    151.600 151.750359     7.6500     0.1160     0.0426     0.1269 7.9996e+01     1.0349      0.286      0.414    25.0486 0.0000e+00
      0.291      0.000     7.6647     92.861    151.573 151.722053     7.6500     0.1122     0.0426     0.1269 7.5143e+01     0.9745      0.286      0.414    25.0470 0.0000e+00
      0.292      0.000     7.6649     92.856    151.526 151.674895     7.6500     0.1084     0.0426     0.1269 8.0870e+01     1.0047      0.286      0.414    25.0455 0.0000e+00
      0.292      0.000     7.6647     92.851    151.478 151.628367     7.6500     0.1236     0.0426     0.1692 7.7971e+01     0.9594      0.286      0.415    25.0444 0.0000e+00
      0.292      0.000     7.6643     92.848    151.456 151.610126     7.6500     0.0969     0.0426     0.1692 8.0118e+01     0.8839      0.286      0.415    25.0435 0.0000e+00
      0.291      0.000     7.6639     92.853    151.469 151.627331     7.6500     0.1236     0.0426     0.1692 7.6811e+01     0.9141      0.286      0.415    25.0430 0.0000e+00
      0.291      0.000     7.6635     92.866    151.507 151.668542     7.6500     0.1122     0.0426     0.1692 7.7212e+01     0.9745      0.286      0.414    25.0430 0.0000e+00
      0.291      0.000     7.6630     92.883    151.554 151.716701     7.6500     0.1084     0.0852     0.0846 8.0100e+01     0.8839      0.286      0.414    25.0437 0.0000e+00
      0.291      0.000     7.6626     92.900    151.594 151.756605     7.6500     0.1427     0.0852     0.0846 7.8413e+01     0.9443      0.286      0.414    25.0449 0.0000e+00
      0.291      0.000     7.6629     92.916    151.616 151.778859     7.6500     0.1122     0.0852     0.0846 7.8464e+01     1.0198      0.286      0.415    25.0464 0.0000e+00
      0.291      0.000     7.6638     92.927    151.613 151.777376     7.6500     0.1160     0.0852     0.0846 7.8107e+01     0.8990      0.286      0.415    25.0475 0.0000e+00
      0.291      0.000     7.6651     92.928    151.585 151.751763     7.6500     0.1236     0.0852     0.1692 7.9166e+01     0.9896      0.286      0.415    25.0479 0.0000e+00
      0.291      0.000     7.6665     92.920    151.542 151.711216     7.6500     0.1427     0.0852     0.1692 7.6811e+01     1.0652      0.286      0.414    25.0478 0.0000e+00
      0.291      0.000     7.6679     92.904    151.491 151.664956     7.6500     0.1045     0.0852     0.1692 7.8926e+01     0.9594      0.286      0.414    25.0478 0.0000e+00
      0.291      0.000     7.6687     92.883    151.435 151.616675     7.6500     0.1122     0.0852     0.1692 7.7683e+01     0.9745      0.286      0.414    25.0482 0.0000e+00
      0.291      0.000     7.6687     92.864    151.382 151.573533     7.6500     0.1160     0.0852     0.1692 7.5339e+01     0.9443      0.286      0.414    25.0489 0.0000e+00
      0.292      0.001     7.6679     92.854    151.346 151.548064     7.6500     0.1732     0.0426     0.1692 8.0958e+01     0.8990      0.286      0.414    25.0500 0.0000e+00
      0.292      0.001     7.6664     92.852    151.334 151.541494     7.6500     0.1732     0.0426     0.1692 7.7582e+01     0.9443      0.286      0.415    25.0515 0.0000e+00
      0.293 -9.990e-29     7.6643 -9.990e-29 -9.990e-29 -9.990e-29     7.6500 -9.990e-29     0.0426     0.1692 7.8447e+01 -9.990e-29      0.287      0.416    25.0539 0.0000e+00
      0.294 -9.990e-29     7.6622 -9.990e-29 -9.990e-29 -9.990e-29     7.6500 -9.990e-29     0.0426     0.1692 7.9996e+01 -9.990e-29      0.288      0.417    25.0572 0.0000e+00
      0.295 -9.990e-29     7.6609 -9.990e-29 -9.990e-29 -9.990e-29     7.6500 -9.990e-29     0.0852     0.2115 7.7045e+01 -9.990e-29      0.289      0.418    25.0608 0.0000e+00
      0.295 -9.990e-29     7.6605 -9.990e-29 -9.990e-29 -9.990e-29     7.6500 -9.990e-29     0.0852     0.2115 7.6312e+01 -9.990e-29      0.289      0.419    25.0624 0.0000e+00
