Data/DataNotYetUploadedToEDI/Raw_CTD/RawDownloads/062526_ccr88_S8188026.cnv
* Sea-Bird SBE19plus  Data File:
* FileName = C:\R\Reservoirs\Data\DataNotYetUploadedToEDI\Raw_CTD\RawDownloads\062526_ccr50_S8188_0026.hex
* Software version 2.8.0.119
* Temperature SN = 8188
* Conductivity SN = 8188
* System UpLoad Time = Jun 29 2026 18:18:39
* <ApplicationData>
* <Seaterm232>
# nquan = 16
# nvalues = 231                         
# units = specified
# name 0 = depFM: Depth [fresh water, m]
# name 1 = dz/dtM: Descent Rate [m/s]
# name 2 = sbeox0Mg/L: Oxygen, SBE 43 [mg/l]
# name 3 = sbeox0PS: Oxygen, SBE 43 [% saturation]
# name 4 = specc: Specific Conductance [uS/cm]
# name 5 = c0uS/cm: Conductivity [uS/cm]
# name 6 = wetCDOM: Fluorescence, WET Labs CDOM [mg/m^3]
# name 7 = flECO-AFL: Fluorescence, WET Labs ECO-AFL/FL [mg/m^3]
# name 8 = flECO-AFL1: Fluorescence, WET Labs ECO-AFL/FL, 2 [mg/m^3]
# name 9 = flECO-AFL2: Fluorescence, WET Labs ECO-AFL/FL, 3 [mg/m^3]
# name 10 = par/sat/log: PAR/Logarithmic, Satlantic
# name 11 = turbWETntu0: Turbidity, WET Labs ECO [NTU]
# name 12 = prdM: Pressure, Strain Gauge [db]
# name 13 = prdE: Pressure, Strain Gauge [psi]
# name 14 = tv290C: Temperature [ITS-90, deg C]
# name 15 = flag:  0.000e+00
# span 0 =     -0.423,      0.299       
# span 1 =     -0.001,      0.151       
# span 2 =     3.9252,     7.8481       
# span 3 =     47.835,     95.566       
# span 4 =     16.622,    150.974       
# span 5 =  16.425614, 153.322222       
# span 6 =    -4.5000,    12.3300       
# span 7 =    -0.8835,     0.2533       
# span 8 =    -2.1300,     0.1704       
# span 9 =    -2.0304,     0.9306       
# span 10 = 2.6819e+02, 2.3033e+03      
# span 11 =    -1.2914,     1.2313      
# span 12 =     -0.415,      0.293      
# span 13 =     -0.602,      0.425      
# span 14 =    22.6948,    25.7739      
# span 15 = 0.0000e+00, 0.0000e+00      
# interval = seconds: 0.25
# start_time = Jun 25 2026 10:06:22 [Instrument's time stamp, header]
# bad_flag = -9.990e-29
*END*
[from data line 181]
      0.275      0.001     4.2752     51.511    149.727 151.017679     7.7400     0.2457     0.0852     0.2538 1.0214e+03     0.6120      0.270      0.392    25.4474 0.0000e+00
      0.276      0.001     4.2617     51.353    149.734 151.008940     7.7400     0.2495     0.0852     0.2538 9.5405e+02     0.6422      0.270      0.392    25.4423 0.0000e+00
      0.276      0.001     4.2480     51.201    149.732 150.991574     7.6500     0.2495     0.0852     0.1269 8.4327e+02     0.6724      0.271      0.393    25.4366 0.0000e+00
      0.277      0.001     4.2346     51.057    149.723 150.968960     7.6500     0.2152     0.0852     0.1269 9.5488e+02     0.5817      0.271      0.393    25.4306 0.0000e+00
      0.277      0.001     4.2215     50.922    149.714 150.947089     7.6500     0.1732     0.0852     0.1269 9.6615e+02     0.9443      0.271      0.393    25.4248 0.0000e+00
      0.277      0.001     4.2090     50.794    149.712 150.932148     7.6500     0.1694     0.0852     0.1269 9.7586e+02     1.0198      0.272      0.394    25.4196 0.0000e+00
      0.278      0.001     4.1970     50.669    149.719 150.928165     7.6500     0.1503     0.0852     0.1269 9.6783e+02     0.8839      0.272      0.394    25.4147 0.0000e+00
      0.278      0.001     4.1855     50.548    149.734 150.934076     7.6500     0.1427     0.0426     0.2538 9.6994e+02     0.9745      0.272      0.395    25.4101 0.0000e+00
      0.278      0.001     4.1748     50.433    149.750 150.943445     7.6500     0.2228     0.0426     0.2538 7.9903e+02     0.9745      0.273      0.396    25.4057 0.0000e+00
      0.279      0.001     4.1646     50.320    149.755 150.942743     7.6500     0.2304     0.0426     0.2538 7.9816e+02     0.8990      0.273      0.396    25.4015 0.0000e+00
      0.279      0.001     4.1546     50.206    149.746 150.927777     7.6500     0.2266     0.0426     0.2538 8.1040e+02     0.8688      0.274      0.396    25.3977 0.0000e+00
      0.279      0.001     4.1450     50.089    149.737 150.910583     7.7400     0.2342     0.0852     0.0846 7.6438e+02     1.0652      0.274      0.396    25.3947 0.0000e+00
      0.279      0.001     4.1357     49.973    149.736 150.902600     7.7400     0.2228     0.0852     0.0846 8.6180e+02     0.9141      0.274      0.396    25.3924 0.0000e+00
      0.279      0.001     4.1266     49.861    149.742 150.901700     7.7400     0.2228     0.0852     0.0846 9.2125e+02     0.9443      0.274      0.396    25.3905 0.0000e+00
      0.279      0.001     4.1174     49.754    149.746 150.899629     7.7400     0.2457     0.0852     0.0846 1.0172e+03     0.9896      0.274      0.397    25.3884 0.0000e+00
      0.279      0.001     4.1080     49.653    149.747 150.895834     7.7400     0.2228     0.0852     0.1269 1.0787e+03     0.8990      0.274      0.397    25.3859 0.0000e+00
      0.280      0.002     4.0987     49.556    149.753 150.897318     7.7400     0.1656     0.0852     0.1269 1.1649e+03     0.8839      0.274      0.398    25.3833 0.0000e+00
      0.280      0.002     4.0897     49.458    149.769 150.908482     7.7400     0.1732     0.0852     0.1269 1.1574e+03     1.0500      0.275      0.398    25.3809 0.0000e+00
      0.281      0.003     4.0810     49.359    149.789 150.924289     7.7400     0.1808     0.0852     0.1269 1.1411e+03     0.8839      0.275      0.399    25.3790 0.0000e+00
      0.281      0.003     4.0729     49.260    149.801 150.932927     7.7400     0.1656     0.0852     0.1269 1.1453e+03     0.8386      0.276      0.400    25.3774 0.0000e+00
      0.282      0.004     4.0651     49.157    149.800 150.928688     7.7400     0.2381     0.1278     0.1692 1.1680e+03     0.8688      0.277      0.401    25.3759 0.0000e+00
      0.283      0.004     4.0571     49.051    149.793 150.918454     7.7400     0.2304     0.1278     0.1692 1.1846e+03     0.8990      0.278      0.403    25.3743 0.0000e+00
      0.285      0.005     4.0491     48.948    149.801 150.923535     7.7400     0.2533     0.1278     0.1692 1.0261e+03     0.9292      0.279      0.405    25.3729 0.0000e+00
      0.286      0.005     4.0411     48.856    149.833 150.953299     7.7400     0.2266     0.1278     0.1692 1.1234e+03     0.9745      0.281      0.407    25.3718 0.0000e+00
      0.287      0.005     4.0327     48.778    149.862 150.983631     7.6500     0.2304     0.0852     0.0846 1.1436e+03     0.6422      0.282      0.409    25.3708 0.0000e+00
      0.289      0.005     4.0241     48.708    149.861 150.986558     7.6500     0.2152     0.0852     0.0846 1.1256e+03     0.7177      0.283      0.410    25.3697 0.0000e+00
      0.290      0.004     4.0157     48.640    149.834 150.962861     7.6500     0.2304     0.0852     0.0846 1.1237e+03     0.8083      0.284      0.412    25.3685 0.0000e+00
      0.291      0.004     4.0082     48.572    149.808 150.938275     7.6500     0.2304     0.0852     0.0846 1.1416e+03     0.7026      0.285      0.413    25.3679 0.0000e+00
      0.291      0.004     4.0018     48.510    149.799 150.930285     7.8300     0.1694     0.0852     0.0846 1.1967e+03     0.9745      0.286      0.415    25.3682 0.0000e+00
      0.292      0.004     3.9960     48.457    149.805 150.936758     7.8300     0.1351     0.0852     0.0846 1.1828e+03     0.9443      0.287      0.416    25.3694 0.0000e+00
      0.294      0.003     3.9903     48.412    149.816 150.951408     7.8300     0.1618     0.0852     0.0846 1.1332e+03     0.9443      0.288      0.417    25.3707 0.0000e+00
      0.295      0.003     3.9847     48.370    149.817 150.958107     7.8300     0.1503     0.0852     0.0846 1.0990e+03     0.8688      0.289      0.419    25.3713 0.0000e+00
      0.295      0.003     3.9796     48.326    149.799 150.942618     7.8300     0.1656     0.0852     0.0846 1.1695e+03     0.8990      0.290      0.420    25.3714 0.0000e+00
      0.296      0.002     3.9752     48.282    149.774 150.916835     7.6500     0.1732     0.0426     0.1269 1.1715e+03     0.9896      0.290      0.421    25.3718 0.0000e+00
      0.296      0.002     3.9714     48.241    149.763 150.901931     7.6500     0.1770     0.0426     0.1269 1.2790e+03     0.8688      0.291      0.421    25.3730 0.0000e+00
      0.297      0.002     3.9679     48.207    149.770 150.905950     7.6500     0.1694     0.0426     0.1269 1.2852e+03     0.8990      0.291      0.422    25.3747 0.0000e+00
      0.297      0.002     3.9642     48.174    149.781 150.913937     7.6500     0.1694     0.0426     0.1269 1.2458e+03     0.7479      0.292      0.422    25.3757 0.0000e+00
      0.298      0.001     3.9605     48.137    149.778 150.907989     7.7400     0.1999     0.0426     0.1692 1.1983e+03     0.7026      0.292      0.423    25.3755 0.0000e+00
      0.298      0.001     3.9573     48.091    149.765 150.890526     7.7400     0.1808     0.0426     0.1692 1.2944e+03     0.6120      0.292      0.423    25.3744 0.0000e+00
      0.298      0.001     3.9546     48.042    149.754 150.872918     7.7400     0.1694     0.0426     0.1692 1.1478e+03     0.7177      0.292      0.424    25.3732 0.0000e+00
      0.298      0.001     3.9520     47.993    149.752 150.862490     7.7400     0.2419     0.0426     0.1692 1.1439e+03     0.6422      0.292      0.424    25.3723 0.0000e+00
      0.298      0.001     3.9490     47.948    149.757 150.860465     7.7400     0.2266     0.1278     0.1692 1.1449e+03     0.6422      0.293      0.424    25.3714 0.0000e+00
      0.299      0.001     3.9453     47.908    149.765 150.862298     7.7400     0.2113     0.1278     0.1692 1.1478e+03     0.7932      0.293      0.424    25.3699 0.0000e+00
      0.299      0.001     3.9414     47.873    149.764 150.856456     7.7400     0.2228     0.1278     0.1692 1.2364e+03     0.7479      0.293      0.425    25.3676 0.0000e+00
      0.299      0.001     3.9377     47.846    149.753 150.841381     7.7400     0.1694     0.1278     0.1692 1.0940e+03     0.8537      0.293      0.425    25.3649 0.0000e+00
      0.299      0.001     3.9341     47.835    149.746 150.833087     7.7400     0.1770     0.1278     0.1692 1.1285e+03     0.9443      0.293      0.425    25.3624 0.0000e+00
      0.299 -9.990e-29     3.9310 -9.990e-29 -9.990e-29 -9.990e-29     7.7400 -9.990e-29     0.1278     0.1692 1.1672e+03 -9.990e-29      0.293      0.425    25.3602 0.0000e+00
      0.299 -9.990e-29     3.9282 -9.990e-29 -9.990e-29 -9.990e-29     7.7400 -9.990e-29     0.1278     0.1692 1.1944e+03 -9.990e-29      0.293      0.425    25.3585 0.0000e+00
      0.299 -9.990e-29     3.9260 -9.990e-29 -9.990e-29 -9.990e-29     7.7400 -9.990e-29     0.1278     0.1692 1.1105e+03 -9.990e-29      0.293      0.425    25.3573 0.0000e+00
      0.299 -9.990e-29     3.9252 -9.990e-29 -9.990e-29 -9.990e-29     7.7400 -9.990e-29     0.1278     0.1692 1.1664e+03 -9.990e-29      0.293      0.425    25.3568 0.0000e+00
