Data/DataNotYetUploadedToEDI/Raw_CTD/RawDownloads/062623_bvr50_S8188001.cnv
* Sea-Bird SBE19plus  Data File:
* FileName = C:\R\Reservoirs\Data\DataNotYetUploadedToEDI\Raw_CTD\RawDownloads\062623_fcr50_S8188_0001.hex
* Software version 2.8.0.119
* Temperature SN = 8188
* Conductivity SN = 8188
* System UpLoad Time = Jul 03 2023 16:30:31
* <ApplicationData>
* <Seaterm232>
# nquan = 16
# nvalues = 1797                        
# units = specified
# name 0 = depFM: Depth [fresh water, m]
# name 1 = dz/dtM: Descent Rate [m/s]
# name 2 = sbeox0Mg/L: Oxygen, SBE 43 [mg/l]
# name 3 = sbeox0PS: Oxygen, SBE 43 [% saturation]
# name 4 = specc: Specific Conductance [uS/cm]
# name 5 = c0uS/cm: Conductivity [uS/cm]
# name 6 = wetCDOM: Fluorescence, WET Labs CDOM [mg/m^3]
# name 7 = flECO-AFL: Fluorescence, WET Labs ECO-AFL/FL [mg/m^3]
# name 8 = flECO-AFL1: Fluorescence, WET Labs ECO-AFL/FL, 2 [mg/m^3]
# name 9 = flECO-AFL2: Fluorescence, WET Labs ECO-AFL/FL, 3 [mg/m^3]
# name 10 = par/sat/log: PAR/Logarithmic, Satlantic
# name 11 = turbWETntu0: Turbidity, WET Labs ECO [NTU]
# name 12 = prdM: Pressure, Strain Gauge [db]
# name 13 = prdE: Pressure, Strain Gauge [psi]
# name 14 = tv290C: Temperature [ITS-90, deg C]
# name 15 = flag:  0.000e+00
# span 0 =     -0.833,      9.485       
# span 1 =     -0.199,      0.121       
# span 2 =     0.0744,     8.2476       
# span 3 =      0.691,     95.839       
# span 4 =      0.233,    120.612       
# span 5 =   0.219220,  81.121862       
# span 6 =    -4.5000,     7.5600       
# span 7 =    -1.1989,    44.8567       
# span 8 =    -3.9618,     6.0492       
# span 9 =    -5.9643,    24.9570       
# span 10 = 1.1590e-01, 3.4206e+03      
# span 11 =    -6.9916,     8.6999      
# span 12 =     -0.817,      9.301      
# span 13 =     -1.185,     13.491      
# span 14 =     8.6243,    22.9694      
# span 15 = 0.0000e+00, 0.0000e+00      
# interval = seconds: 0.25
# start_time = Jun 26 2023 09:59:24 [Instrument's time stamp, header]
# bad_flag = -9.990e-29
*END*
[from data line 633]
      2.919      0.026     7.3224     79.631     29.483  26.482912     3.4200     1.2311     0.0426     0.2961 1.8507e+02     1.4854      2.862      4.151    19.9330 0.0000e+00
      2.925      0.027     7.3029     79.508     29.488  26.483605     3.4200     1.1930     0.0426     0.2115 1.8212e+02     1.4554      2.869      4.161    19.9254 0.0000e+00
      2.932      0.027     7.2832     79.390     29.485  26.479006     3.4200     1.2159     0.0426     0.2115 1.6448e+02     1.5606      2.876      4.171    19.9190 0.0000e+00
      2.940      0.027     7.2661     79.245     29.468  26.463928     3.4200     1.2120     0.0426     0.2115 1.7536e+02     1.5907      2.883      4.181    19.9130 0.0000e+00
      2.947      0.027     7.2528     79.060     29.456  26.454147     3.4200     1.0747     0.0426     0.2115 1.7354e+02     1.6357      2.890      4.191    19.9072 0.0000e+00
      2.954      0.027     7.2424     78.850     29.461  26.458933     3.3300     1.1052     0.0426     0.2961 1.6595e+02     1.5606      2.897      4.202    19.9019 0.0000e+00
      2.961      0.026     7.2322     78.643     29.471  26.467684     3.3300     1.0862     0.0426     0.2961 1.6838e+02     1.5606      2.903      4.211    19.8986 0.0000e+00
      2.967      0.025     7.2191     78.459     29.477  26.470858     3.3300     1.0938     0.0426     0.2961 1.7540e+02     1.4854      2.910      4.220    19.8979 0.0000e+00
      2.973      0.025     7.2020     78.319     29.478  26.469299     3.3300     1.0518     0.0426     0.2961 1.7559e+02     1.5907      2.916      4.229    19.8988 0.0000e+00
      2.979      0.025     7.1828     78.243     29.482  26.470510     3.4200     1.0213     0.0852     0.2538 1.7632e+02     1.5907      2.922      4.238    19.8995 0.0000e+00
      2.986      0.025     7.1640     78.236     29.490  26.474814     3.4200     1.0366     0.0852     0.2538 1.7867e+02     1.6508      2.928      4.247    19.8989 0.0000e+00
      2.992      0.025     7.1477     78.283     29.493  26.475440     3.4200     1.0137     0.0852     0.2538 1.6761e+02     1.5756      2.934      4.256    19.8964 0.0000e+00
      2.998      0.025     7.1355     78.349     29.493  26.472556     3.4200     1.2921     0.0852     0.2538 1.7052e+02     1.5606      2.941      4.265    19.8923 0.0000e+00
      3.005      0.025     7.1292     78.384     29.496  26.473310     3.4200     1.2769     0.0852     0.2538 1.5751e+02     1.4854      2.947      4.274    19.8876 0.0000e+00
      3.011      0.025     7.1292     78.365     29.503  26.477903     3.4200     1.3036     0.0000     0.2538 1.6394e+02     1.6057      2.953      4.283    19.8830 0.0000e+00
      3.017      0.024     7.1341     78.304     29.511  26.483600     3.4200     1.2578     0.0000     0.2538 1.6017e+02     1.4854      2.959      4.292    19.8788 0.0000e+00
      3.023      0.024     7.1407     78.226     29.521  26.491922     3.4200     1.1586     0.0000     0.2538 1.4886e+02     1.4854      2.965      4.300    19.8749 0.0000e+00
      3.030      0.025     7.1443     78.153     29.533  26.501127     3.4200     1.1663     0.0000     0.2538 1.5463e+02     1.4253      2.971      4.309    19.8714 0.0000e+00
      3.036      0.025     7.1430     78.107     29.539  26.505753     3.4200     1.1586     0.0426     0.2961 1.4841e+02     1.5305      2.977      4.318    19.8685 0.0000e+00
      3.042      0.025     7.1378     78.100     29.538  26.503073     3.4200     1.1853     0.0426     0.2961 1.4343e+02     1.5305      2.983      4.327    19.8662 0.0000e+00
      3.049      0.026     7.1310     78.130     29.533  26.496332     3.4200     1.2082     0.0426     0.2961 1.5128e+02     1.5305      2.990      4.336    19.8641 0.0000e+00
      3.055      0.027     7.1246     78.177     29.527  26.487691     3.4200     1.2120     0.0426     0.2961 1.4478e+02     1.5005      2.997      4.346    19.8621 0.0000e+00
      3.062      0.028     7.1207     78.205     29.527  26.482765     3.4200     1.2273     0.0426     0.2961 1.4665e+02     1.6357      3.003      4.356    19.8602 0.0000e+00
      3.070      0.029     7.1205     78.174     29.539  26.488157     3.4200     1.2273     0.0426     0.2961 1.4748e+02     1.5305      3.010      4.366    19.8578 0.0000e+00
      3.077      0.030     7.1237     78.061     29.551  26.493429     3.4200     1.1548     0.0426     0.2961 1.3727e+02     1.4854      3.018      4.377    19.8541 0.0000e+00
      3.085      0.031     7.1287     77.863     29.552  26.488108     3.4200     1.1777     0.0426     0.2961 1.2454e+02     1.5005      3.026      4.388    19.8486 0.0000e+00
      3.094      0.032     7.1323     77.606     29.548  26.478694     3.4200     1.1510     0.0852     0.2538 1.2565e+02     1.5456      3.034      4.400    19.8411 0.0000e+00
      3.102      0.033     7.1309     77.329     29.550  26.474552     3.4200     1.1510     0.0852     0.2538 1.1022e+02     1.5305      3.042      4.412    19.8317 0.0000e+00
      3.111      0.034     7.1219     77.063     29.557  26.474580     3.4200     1.1090     0.0852     0.2538 1.0750e+02     1.5305      3.051      4.424    19.8217 0.0000e+00
      3.119      0.034     7.1052     76.826     29.564  26.474823     3.4200     1.0900     0.0852     0.2538 1.0639e+02     1.5305      3.059      4.436    19.8118 0.0000e+00
      3.128      0.034     7.0832     76.628     29.574  26.479307     3.4200     1.0709     0.0852     0.2538 9.6664e+01     1.6357      3.068      4.449    19.8018 0.0000e+00
      3.137      0.035     7.0594     76.466     29.587  26.485268     3.4200     1.1167     0.0852     0.2538 9.8082e+01     1.4854      3.076      4.461    19.7912 0.0000e+00
      3.146      0.035     7.0367     76.317     29.594  26.486376     3.4200     1.1052     0.0852     0.2538 9.7614e+01     1.5606      3.085      4.474    19.7806 0.0000e+00
      3.154      0.034     7.0164     76.152     29.595  26.482926     3.4200     1.0747     0.0852     0.2538 9.6434e+01     1.6207      3.093      4.487    19.7709 0.0000e+00
      3.163      0.034     6.9996     75.952     29.584  26.470040     3.4200     1.0747     0.0852     0.2538 1.0360e+02     1.6207      3.102      4.499    19.7621 0.0000e+00
      3.172      0.033     6.9859     75.716     29.566  26.452198     3.4200     1.0938     0.0426     0.2961 1.0551e+02     1.5305      3.110      4.512    19.7538 0.0000e+00
      3.180      0.033     6.9734     75.456     29.555  26.440482     3.4200     1.2273     0.0426     0.2961 1.0629e+02     1.7259      3.119      4.524    19.7457 0.0000e+00
      3.189      0.032     6.9593     75.200     29.550  26.435724     3.4200     1.2464     0.0426     0.2961 1.1284e+02     1.7860      3.127      4.535    19.7383 0.0000e+00
      3.196      0.032     6.9419     74.978     29.553  26.436658     3.4200     1.2464     0.0426     0.2961 1.1333e+02     1.8161      3.135      4.547    19.7326 0.0000e+00
      3.204      0.031     6.9208     74.813     29.562  26.443531     3.5100     1.2311     0.0426     0.3384 1.2237e+02     1.8161      3.142      4.558    19.7290 0.0000e+00
      3.212      0.031     6.8973     74.711     29.580  26.458177     3.5100     1.1586     0.0426     0.3384 1.2115e+02     1.7560      3.150      4.569    19.7270 0.0000e+00
      3.220      0.030     6.8741     74.666     29.599  26.472624     3.5100     1.1624     0.0426     0.3384 1.2736e+02     1.8161      3.158      4.580    19.7253 0.0000e+00
      3.227      0.030     6.8541     74.653     29.609  26.478844     3.5100     1.1434     0.0426     0.3384 1.2370e+02     1.7860      3.165      4.591    19.7234 0.0000e+00
      3.235      0.029     6.8394     74.648     29.615  26.482457     3.5100     1.1586     0.0426     0.2115 1.2295e+02     1.6808      3.173      4.601    19.7210 0.0000e+00
      3.242      0.029     6.8305     74.636     29.621  26.484426     3.5100     1.0938     0.0426     0.2115 1.3013e+02     1.7710      3.180      4.612    19.7179 0.0000e+00
      3.250      0.029     6.8269     74.607     29.622  26.481318     3.5100     1.1052     0.0426     0.2115 1.2047e+02     1.8161      3.187      4.622    19.7140 0.0000e+00
      3.257      0.029     6.8263     74.569     29.617  26.472302     3.5100     1.0900     0.0426     0.2115 1.2239e+02     1.6959      3.194      4.632    19.7100 0.0000e+00
      3.264      0.029     6.8264     74.536     29.609  26.458934     3.5100     1.1014     0.0426     0.2115 1.2595e+02     1.7259      3.201      4.642    19.7058 0.0000e+00
      3.271      0.028     6.8259     74.501     29.602  26.445568     3.4200     1.1739     0.0426     0.3384 1.2078e+02     1.8762      3.208      4.653    19.7010 0.0000e+00
      3.279      0.028     6.8241     74.449     29.599  26.436556     3.4200     1.1853     0.0426     0.3384 1.2786e+02     1.8161      3.215      4.663    19.6945 0.0000e+00
      3.286      0.028     6.8218     74.361     29.603  26.433455     3.4200     1.1434     0.0426     0.3384 1.2897e+02     1.7860      3.223      4.674    19.6859 0.0000e+00
      3.293      0.027     6.8202     74.222     29.611  26.435438     3.4200     1.1815     0.0426     0.3384 1.2416e+02     1.7560      3.230      4.684    19.6755 0.0000e+00
      3.300      0.026     6.8186     74.034     29.624  26.443032     3.5100     1.1129     0.0426     0.2115 1.3502e+02     1.8462      3.236      4.694    19.6641 0.0000e+00
      3.307      0.025     6.8154     73.812     29.639  26.454304     3.5100     1.0900     0.0426     0.2115 1.2557e+02     1.6808      3.243      4.703    19.6527 0.0000e+00
      3.313      0.024     6.8088     73.576     29.652  26.464341     3.5100     1.1014     0.0426     0.2115 1.2430e+02     1.8161      3.249      4.712    19.6421 0.0000e+00
      3.318      0.023     6.7973     73.345     29.663  26.471861     3.5100     1.0823     0.0426     0.2115 1.2495e+02     1.7860      3.254      4.720    19.6332 0.0000e+00
      3.324      0.023     6.7809     73.141     29.674  26.478868     3.5100     1.0556     0.0426     0.2961 1.2052e+02     1.7259      3.260      4.728    19.6265 0.0000e+00
      3.330      0.022     6.7612     72.979     29.683  26.483272     3.5100     1.0442     0.0426     0.2961 1.1610e+02     1.6808      3.265      4.736    19.6222 0.0000e+00
      3.335      0.022     6.7399     72.863     29.687  26.482288     3.5100     1.0366     0.0426     0.2961 1.2078e+02     1.8612      3.271      4.744    19.6196 0.0000e+00
      3.341      0.022     6.7191     72.784     29.684  26.475653     3.5100     1.0289     0.0426     0.2961 1.1627e+02     1.7560      3.277      4.752    19.6168 0.0000e+00
      3.347      0.021     6.7011     72.722     29.677  26.465557     3.5100     1.0785     0.0426     0.2538 1.2000e+02     1.7410      3.282      4.760    19.6120 0.0000e+00
      3.352      0.021     6.6872     72.654     29.675  26.461185     3.5100     1.0823     0.0426     0.2538 1.1711e+02     1.6357      3.288      4.768    19.6053 0.0000e+00
      3.357      0.020     6.6775     72.567     29.677  26.461371     3.5100     1.1014     0.0426     0.2538 1.1464e+02     1.7560      3.293      4.776    19.5979 0.0000e+00
      3.362      0.019     6.6712     72.457     29.671  26.454288     3.5100     1.0823     0.0426     0.2538 1.0778e+02     1.8462      3.297      4.783    19.5910 0.0000e+00
      3.367      0.019     6.6663     72.327     29.665  26.447943     3.5100     1.0976     0.0426     0.2538 1.0738e+02     1.8161      3.302      4.789    19.5851 0.0000e+00
      3.372      0.019     6.6607     72.184     29.669  26.450544     3.5100     1.0862     0.0852     0.2538 1.0533e+02     1.7410      3.307      4.796    19.5804 0.0000e+00
      3.377      0.019     6.6532     72.046     29.674  26.452885     3.5100     1.0862     0.0852     0.2538 1.0217e+02     1.7560      3.311      4.803    19.5770 0.0000e+00
      3.381      0.019     6.6434     71.940     29.678  26.453612     3.5100     1.0862     0.0852     0.2538 9.8938e+01     1.7560      3.316      4.809    19.5748 0.0000e+00
      3.386      0.019     6.6316     71.889     29.681  26.452918     3.5100     1.0785     0.0852     0.2538 9.8809e+01     1.7560      3.321      4.816    19.5731 0.0000e+00
      3.391      0.020     6.6188     71.896     29.677  26.446659     3.5100     1.0862     0.0426     0.2538 1.0116e+02     1.7560      3.326      4.823    19.5712 0.0000e+00
      3.396      0.020     6.6066     71.944     29.674  26.441085     3.5100     1.0862     0.0426     0.2538 9.9976e+01     1.7410      3.331      4.831    19.5680 0.0000e+00
      3.401      0.021     6.5975     71.997     29.678  26.442626     3.5100     1.0747     0.0426     0.2538 1.0396e+02     1.7860      3.336      4.838    19.5634 0.0000e+00
      3.407      0.021     6.5935     72.025     29.685  26.447734     3.5100     1.0213     0.0426     0.2538 1.0620e+02     1.7259      3.341      4.846    19.5579 0.0000e+00
      3.412      0.021     6.5949     72.011     29.692  26.453813     3.5100     1.0442     0.0426     0.2115 1.0489e+02     1.7860      3.347      4.854    19.5522 0.0000e+00
      3.418      0.021     6.5999     71.953     29.702  26.462484     3.5100     1.0289     0.0426     0.2115 1.0664e+02     1.7560      3.352      4.862    19.5476 0.0000e+00
      3.424      0.021     6.6052     71.857     29.711  26.472099     3.5100     1.0137     0.0426     0.2115 1.0962e+02     1.7259      3.358      4.870    19.5445 0.0000e+00
      3.429      0.021     6.6080     71.738     29.716  26.477304     3.5100     1.0137     0.0426     0.2115 1.0858e+02     1.6808      3.363      4.877    19.5427 0.0000e+00
      3.434      0.022     6.6068     71.616     29.714  26.475528     3.5100     1.0022     0.0426     0.2115 1.1247e+02     1.7259      3.368      4.885    19.5418 0.0000e+00
      3.439      0.022     6.6014     71.516     29.710  26.470257     3.5100     1.0251     0.0426     0.1692 1.1567e+02     1.8612      3.373      4.892    19.5421 0.0000e+00
      3.445      0.023     6.5924     71.458     29.712  26.468004     3.5100     1.0213     0.0426     0.1692 1.1228e+02     1.7259      3.378      4.900    19.5436 0.0000e+00
      3.451      0.024     6.5813     71.446     29.725  26.472128     3.5100     1.0289     0.0426     0.1692 1.1454e+02     1.8011      3.384      4.908    19.5450 0.0000e+00
      3.457      0.025     6.5702     71.459     29.749  26.483727     3.5100     1.0251     0.0426     0.1692 1.1676e+02     1.7560      3.391      4.918    19.5450 0.0000e+00
      3.464      0.026     6.5612     71.471     29.784  26.501934     3.6000     1.0213     0.0852     0.2538 1.0977e+02     1.7410      3.397      4.927    19.5427 0.0000e+00
      3.471      0.027     6.5567     71.459     29.818  26.519727     3.6000     1.0213     0.0852     0.2538 1.0757e+02     1.7560      3.404      4.937    19.5364 0.0000e+00
      3.478      0.027     6.5572     71.404     29.843  26.529972     3.6000     1.1014     0.0852     0.2538 1.0579e+02     2.0416      3.411      4.947    19.5245 0.0000e+00
      3.485      0.026     6.5607     71.301     29.857  26.531442     3.6000     1.1014     0.0852     0.2538 1.0282e+02     1.9814      3.418      4.957    19.5070 0.0000e+00
      3.492      0.026     6.5646     71.160     29.868  26.532445     3.5100     1.0976     0.0426     0.1692 1.0067e+02     2.0416      3.424      4.967    19.4862 0.0000e+00
      3.498      0.025     6.5663     71.004     29.886  26.541167     3.5100     1.0747     0.0426     0.1692 1.0790e+02     2.0566      3.431      4.976    19.4647 0.0000e+00
      3.505      0.024     6.5639     70.871     29.909  26.555976     3.5100     1.0900     0.0426     0.1692 1.0699e+02     1.7860      3.437      4.985    19.4443 0.0000e+00
      3.511      0.023     6.5568     70.806     29.935  26.572901     3.5100     1.0862     0.0426     0.1692 1.0720e+02     1.7410      3.443      4.993    19.4264 0.0000e+00
