Data/DataNotYetUploadedToEDI/Raw_CTD/RawDownloads/062623_bvr50_S8188001.cnv
* Sea-Bird SBE19plus  Data File:
* FileName = C:\R\Reservoirs\Data\DataNotYetUploadedToEDI\Raw_CTD\RawDownloads\062623_fcr50_S8188_0001.hex
* Software version 2.8.0.119
* Temperature SN = 8188
* Conductivity SN = 8188
* System UpLoad Time = Jul 03 2023 16:30:31
* <ApplicationData>
* <Seaterm232>
# nquan = 16
# nvalues = 1797                        
# units = specified
# name 0 = depFM: Depth [fresh water, m]
# name 1 = dz/dtM: Descent Rate [m/s]
# name 2 = sbeox0Mg/L: Oxygen, SBE 43 [mg/l]
# name 3 = sbeox0PS: Oxygen, SBE 43 [% saturation]
# name 4 = specc: Specific Conductance [uS/cm]
# name 5 = c0uS/cm: Conductivity [uS/cm]
# name 6 = wetCDOM: Fluorescence, WET Labs CDOM [mg/m^3]
# name 7 = flECO-AFL: Fluorescence, WET Labs ECO-AFL/FL [mg/m^3]
# name 8 = flECO-AFL1: Fluorescence, WET Labs ECO-AFL/FL, 2 [mg/m^3]
# name 9 = flECO-AFL2: Fluorescence, WET Labs ECO-AFL/FL, 3 [mg/m^3]
# name 10 = par/sat/log: PAR/Logarithmic, Satlantic
# name 11 = turbWETntu0: Turbidity, WET Labs ECO [NTU]
# name 12 = prdM: Pressure, Strain Gauge [db]
# name 13 = prdE: Pressure, Strain Gauge [psi]
# name 14 = tv290C: Temperature [ITS-90, deg C]
# name 15 = flag:  0.000e+00
# span 0 =     -0.833,      9.485       
# span 1 =     -0.199,      0.121       
# span 2 =     0.0744,     8.2476       
# span 3 =      0.691,     95.839       
# span 4 =      0.233,    120.612       
# span 5 =   0.219220,  81.121862       
# span 6 =    -4.5000,     7.5600       
# span 7 =    -1.1989,    44.8567       
# span 8 =    -3.9618,     6.0492       
# span 9 =    -5.9643,    24.9570       
# span 10 = 1.1590e-01, 3.4206e+03      
# span 11 =    -6.9916,     8.6999      
# span 12 =     -0.817,      9.301      
# span 13 =     -1.185,     13.491      
# span 14 =     8.6243,    22.9694      
# span 15 = 0.0000e+00, 0.0000e+00      
# interval = seconds: 0.25
# start_time = Jun 26 2023 09:59:24 [Instrument's time stamp, header]
# bad_flag = -9.990e-29
*END*
[from data line 1266]
      7.557      0.028     0.1341      1.188     89.758  61.592836     6.1200     0.6780     0.0852     0.7191 6.5954e-01     2.5376      7.411     10.749     9.3343 0.0000e+00
      7.565      0.030     0.1340      1.195     89.730  61.571873     6.1200     0.6894     0.0852     0.7191 6.0819e-01     2.4925      7.418     10.759     9.3268 0.0000e+00
      7.572      0.031     0.1343      1.198     89.677  61.538062     6.1200     0.6665     0.0852     0.7191 5.9667e-01     2.4925      7.426     10.770     9.3189 0.0000e+00
      7.580      0.033     0.1352      1.198     89.605  61.494286     6.1200     0.6742     0.0852     0.7191 6.1416e-01     2.4474      7.434     10.782     9.3125 0.0000e+00
      7.589      0.034     0.1363      1.194     89.540  61.456634     6.1200     0.6589     0.0852     0.7191 5.8715e-01     2.5225      7.442     10.794     9.3085 0.0000e+00
      7.597      0.036     0.1371      1.181     89.520  61.450763     6.1200     0.6551     0.0852     0.7191 5.6943e-01     2.4624      7.451     10.806     9.3073 0.0000e+00
      7.607      0.038     0.1374      1.165     89.572  61.490972     6.1200     0.6742     0.0852     0.7191 5.1650e-01     2.5225      7.460     10.819     9.3086 0.0000e+00
      7.616      0.041     0.1375      1.152     89.713  61.587984     6.1200     0.6742     0.0426     0.8037 4.7515e-01     2.5376      7.469     10.833     9.3118 0.0000e+00
      7.627      0.044     0.1370      1.144     89.996  61.775602     6.1200     0.6780     0.0426     0.8037 4.9260e-01     2.5225      7.479     10.848     9.3160 0.0000e+00
      7.638      0.049     0.1355      1.144     90.432  62.058244     6.1200     0.6665     0.0426     0.8037 4.8003e-01     2.6578      7.490     10.863     9.3202 0.0000e+00
      7.650      0.053     0.1336      1.152     90.928  62.374444     6.1200     0.6703     0.0426     0.8037 4.6900e-01     2.7329      7.503     10.881     9.3229 0.0000e+00
      7.665      0.057     0.1320      1.164     91.442  62.699448     6.1200     0.6856     0.0426     0.8037 4.3721e-01     2.8231      7.517     10.902     9.3231 0.0000e+00
      7.681      0.060     0.1312      1.182     91.916  62.996959     6.1200     0.6665     0.0426     0.5922 3.4433e-01     2.7480      7.533     10.925     9.3193 0.0000e+00
      7.698      0.062     0.1313      1.202     92.240  63.193600     6.1200     0.6093     0.0426     0.5922 3.1511e-01     2.5826      7.549     10.949     9.3103 0.0000e+00
      7.715      0.063     0.1322      1.215     92.481  63.337843     6.1200     0.6093     0.0426     0.5922 3.1883e-01     2.5225      7.566     10.973     9.2970 0.0000e+00
      7.731      0.062     0.1336      1.216     92.740  63.495919     6.1200     0.6208     0.0426     0.5922 2.0807e-01     2.5225      7.582     10.996     9.2818 0.0000e+00
      7.746      0.061     0.1357      1.210     92.971  63.634615     6.1200     0.6360     0.0426     0.5499 2.3803e-01     2.4323      7.597     11.018     9.2668 0.0000e+00
      7.761      0.059     0.1381      1.201     93.126  63.721500     6.1200     0.5635     0.0426     0.5499 2.6174e-01     2.4774      7.611     11.039     9.2532 0.0000e+00
      7.776      0.058     0.1395      1.193     93.213  63.765859     6.1200     0.5788     0.0426     0.5499 2.2835e-01     2.6127      7.626     11.060     9.2415 0.0000e+00
      7.791      0.056     0.1398      1.186     93.261  63.789436     6.1200     0.5559     0.0426     0.5499 1.7506e-01     2.4624      7.640     11.082     9.2311 0.0000e+00
      7.806      0.054     0.1392      1.177     93.303  63.814386     6.1200     0.5521     0.0426     0.6768 1.9113e-01     2.5526      7.655     11.103     9.2206 0.0000e+00
      7.819      0.052     0.1381      1.170     93.393  63.873146     6.1200     0.5445     0.0426     0.6768 1.7272e-01     2.4925      7.668     11.122     9.2103 0.0000e+00
      7.832      0.051     0.1373      1.165     93.543  63.971468     6.1200     0.5483     0.0426     0.6768 1.7667e-01     2.5526      7.680     11.139     9.2021 0.0000e+00
      7.843      0.050     0.1365      1.158     93.713  64.080037     6.1200     0.5445     0.0426     0.6768 2.0197e-01     2.4323      7.692     11.156     9.1974 0.0000e+00
      7.856      0.050     0.1354      1.151     93.880  64.182189     6.1200     0.5559     0.0426     0.6768 1.6031e-01     2.5526      7.704     11.174     9.1952 0.0000e+00
      7.869      0.051     0.1345      1.145     94.026  64.267478     6.1200     0.5521     0.0426     0.5922 1.5507e-01     2.6127      7.717     11.192     9.1938 0.0000e+00
      7.882      0.052     0.1339      1.141     94.122  64.318981     6.1200     0.5559     0.0426     0.5922 1.3775e-01     2.5526      7.730     11.211     9.1915 0.0000e+00
      7.896      0.052     0.1332      1.141     94.164  64.334562     6.1200     0.5445     0.0426     0.5922 1.1681e-01     2.4624      7.744     11.231     9.1872 0.0000e+00
      7.910      0.052     0.1324      1.147     94.184  64.336228     6.1200     0.5368     0.0426     0.5922 1.1628e-01     2.5225      7.757     11.250     9.1808 0.0000e+00
      7.923      0.051     0.1317      1.159     94.192  64.330372     6.1200     0.6284     0.0426     0.4653 1.1628e-01     2.5376      7.770     11.270     9.1733 0.0000e+00
      7.936      0.049     0.1314      1.173     94.177  64.311465     6.1200     0.6284     0.0426     0.4653 1.1617e-01     2.4774      7.783     11.289     9.1658 0.0000e+00
      7.949      0.047     0.1314      1.182     94.161  64.294299     6.1200     0.5864     0.0426     0.4653 1.1620e-01     2.4624      7.796     11.307     9.1588 0.0000e+00
      7.961      0.044     0.1321      1.183     94.158  64.288180     6.1200     0.5940     0.0426     0.4653 1.1612e-01     2.5526      7.808     11.324     9.1522 0.0000e+00
      7.972      0.041     0.1334      1.177     94.167  64.291477     6.1200     0.5635     0.0852     0.5076 1.1617e-01     2.4925      7.818     11.339     9.1465 0.0000e+00
      7.982      0.038     0.1351      1.168     94.180  64.299118     6.1200     0.5559     0.0852     0.5076 1.1623e-01     2.5376      7.828     11.353     9.1418 0.0000e+00
      7.991      0.035     0.1362      1.158     94.185  64.301241     6.1200     0.5521     0.0852     0.5076 1.1620e-01     2.5075      7.836     11.366     9.1384 0.0000e+00
      7.999      0.032     0.1362      1.146     94.176  64.294446     6.1200     0.5216     0.0852     0.5076 1.1600e-01     2.4624      7.844     11.377     9.1361 0.0000e+00
      8.007      0.030     0.1355      1.135     94.159  64.280886     6.1200     0.5597     0.0426     0.4230 1.1617e-01     2.4774      7.852     11.388     9.1347 0.0000e+00
      8.014      0.028     0.1346      1.127     94.140  64.266864     6.1200     0.5788     0.0426     0.4230 1.1597e-01     2.4624      7.859     11.399     9.1339 0.0000e+00
      8.021      0.026     0.1334      1.121     94.137  64.264506     6.1200     0.5635     0.0426     0.4230 1.1617e-01     2.4925      7.866     11.409     9.1335 0.0000e+00
      8.028      0.024     0.1320      1.121     94.155  64.277151     6.1200     0.5712     0.0426     0.4230 1.1612e-01     2.4925      7.873     11.418     9.1330 0.0000e+00
      8.033      0.023     0.1307      1.127     94.183  64.296269     6.1200     0.6246     0.0426     0.4230 1.1605e-01     2.4624      7.878     11.426     9.1323 0.0000e+00
      8.038      0.023     0.1298      1.137     94.212  64.315061     6.1200     0.6475     0.0426     0.5499 1.1602e-01     2.4925      7.883     11.433     9.1316 0.0000e+00
      8.044      0.023     0.1292      1.150     94.235  64.328618     6.1200     0.6208     0.0426     0.5499 1.1607e-01     2.5676      7.888     11.441     9.1313 0.0000e+00
      8.049      0.023     0.1291      1.162     94.249  64.334608     6.1200     0.6131     0.0426     0.5499 1.1602e-01     2.5526      7.894     11.449     9.1315 0.0000e+00
      8.055      0.024     0.1298      1.168     94.269  64.344542     6.1200     0.5712     0.0426     0.5499 1.1617e-01     2.5225      7.900     11.458     9.1316 0.0000e+00
      8.062      0.025     0.1310      1.169     94.310  64.369005     6.0300     0.5445     0.0426     0.5922 1.1635e-01     2.6127      7.906     11.467     9.1311 0.0000e+00
      8.069      0.025     0.1325      1.170     94.340  64.386751     6.0300     0.5673     0.0426     0.5922 1.1617e-01     2.4624      7.913     11.476     9.1298 0.0000e+00
      8.075      0.025     0.1339      1.172     94.330  64.376729     6.0300     0.5368     0.0426     0.5922 1.1607e-01     2.4323      7.919     11.486     9.1279 0.0000e+00
      8.082      0.025     0.1347      1.172     94.304  64.356100     6.0300     0.6436     0.0426     0.5922 1.1612e-01     2.2670      7.926     11.495     9.1259 0.0000e+00
      8.088      0.025     0.1348      1.173     94.283  64.339197     6.0300     0.6551     0.0426     0.4653 1.1610e-01     2.2670      7.932     11.504     9.1241 0.0000e+00
      8.094      0.026     0.1349      1.179     94.262  64.321512     6.0300     0.6246     0.0426     0.4653 1.1610e-01     2.2820      7.938     11.513     9.1225 0.0000e+00
      8.101      0.027     0.1351      1.184     94.229  64.294363     6.0300     0.6360     0.0426     0.4653 1.1610e-01     2.2069      7.944     11.522     9.1209 0.0000e+00
      8.107      0.029     0.1351      1.183     94.159  64.238610     6.0300     0.6093     0.0426     0.4653 1.1610e-01     2.5225      7.951     11.531     9.1194 0.0000e+00
      8.114      0.031     0.1353      1.178     94.065  64.161201     6.0300     0.6246     0.0852     0.5922 1.1602e-01     2.5225      7.958     11.541     9.1179 0.0000e+00
      8.122      0.034     0.1359      1.171     94.033  64.122814     6.0300     0.5940     0.0852     0.5922 1.1620e-01     2.4474      7.965     11.553     9.1163 0.0000e+00
      8.131      0.037     0.1365      1.163     94.087  64.140977     6.0300     0.6284     0.0852     0.5922 1.1610e-01     2.5526      7.974     11.565     9.1138 0.0000e+00
      8.141      0.041     0.1364      1.156     94.146  64.163016     6.0300     0.6284     0.0852     0.5922 1.1628e-01     2.4323      7.984     11.580     9.1094 0.0000e+00
      8.152      0.043     0.1358      1.150     94.174  64.165056     6.0300     0.6169     0.0852     0.5922 1.1615e-01     2.4925      7.995     11.596     9.1026 0.0000e+00
      8.164      0.045     0.1349      1.144     94.215  64.177392     6.1200     0.6284     0.0426     0.5499 1.1605e-01     2.4323      8.007     11.613     9.0938 0.0000e+00
      8.177      0.046     0.1340      1.140     94.322  64.237030     6.1200     0.6322     0.0426     0.5499 1.1615e-01     2.6277      8.019     11.630     9.0840 0.0000e+00
      8.189      0.046     0.1333      1.140     94.486  64.338057     6.1200     0.6284     0.0426     0.5499 1.1610e-01     2.5526      8.031     11.648     9.0741 0.0000e+00
      8.201      0.046     0.1327      1.143     94.679  64.459810     6.1200     0.6208     0.0426     0.5499 1.1620e-01     2.5376      8.043     11.665     9.0649 0.0000e+00
      8.213      0.045     0.1320      1.147     94.879  64.587157     6.1200     0.6246     0.0426     0.5499 1.1617e-01     2.4774      8.054     11.681     9.0568 0.0000e+00
      8.224      0.044     0.1316      1.149     95.069  64.708436     6.1200     0.5864     0.0426     0.5499 1.1617e-01     2.5225      8.065     11.698     9.0498 0.0000e+00
      8.235      0.043     0.1317      1.149     95.247  64.822271     6.1200     0.5445     0.0426     0.5499 1.1607e-01     2.5225      8.076     11.713     9.0440 0.0000e+00
      8.246      0.042     0.1320      1.148     95.387  64.911415     6.1200     0.5750     0.0426     0.5499 1.1620e-01     2.4624      8.087     11.729     9.0390 0.0000e+00
      8.257      0.041     0.1324      1.150     95.473  64.965919     6.1200     0.5597     0.0852     0.5499 1.1610e-01     2.5977      8.097     11.744     9.0345 0.0000e+00
      8.267      0.041     0.1328      1.150     95.509  64.988419     6.1200     0.5483     0.0852     0.5499 1.1612e-01     2.4624      8.107     11.758     9.0304 0.0000e+00
      8.277      0.040     0.1327      1.145     95.505  64.984913     6.1200     0.5483     0.0852     0.5499 1.1605e-01     2.6578      8.117     11.773     9.0266 0.0000e+00
      8.287      0.039     0.1326      1.143     95.500  64.982236     6.1200     0.5292     0.0852     0.5499 1.1607e-01     2.7179      8.127     11.787     9.0234 0.0000e+00
      8.297      0.038     0.1328      1.146     95.518  64.995540     6.1200     0.5445     0.0852     0.5499 1.1607e-01     2.7480      8.137     11.801     9.0211 0.0000e+00
      8.307      0.037     0.1328      1.150     95.547  65.016474     6.1200     0.5445     0.0426     0.6345 1.1630e-01     2.8532      8.146     11.815     9.0199 0.0000e+00
      8.316      0.037     0.1323      1.153     95.572  65.034751     6.1200     0.5788     0.0426     0.6345 1.1615e-01     2.7179      8.156     11.828     9.0197 0.0000e+00
      8.325      0.036     0.1320      1.151     95.598  65.051280     6.1200     0.5712     0.0426     0.6345 1.1617e-01     2.7780      8.165     11.841     9.0199 0.0000e+00
      8.334      0.036     0.1323      1.144     95.638  65.074435     6.1200     0.5483     0.0426     0.6345 1.1617e-01     2.7630      8.173     11.854     9.0205 0.0000e+00
      8.343      0.035     0.1328      1.135     95.699  65.106424     6.1200     0.5483     0.0426     0.5499 1.1597e-01     2.8231      8.182     11.867     9.0212 0.0000e+00
      8.352      0.034     0.1331      1.128     95.780  65.147841     6.1200     0.5635     0.0426     0.5499 1.1602e-01     2.5376      8.191     11.880     9.0217 0.0000e+00
      8.361      0.034     0.1329      1.124     95.875  65.197832     6.1200     0.5521     0.0426     0.5499 1.1612e-01     2.4925      8.200     11.893     9.0213 0.0000e+00
      8.370      0.033     0.1321      1.128     95.985  65.257825     6.1200     0.5559     0.0426     0.5499 1.1590e-01     2.4925      8.208     11.904     9.0190 0.0000e+00
      8.378      0.033     0.1312      1.138     96.116  65.331916     6.1200     0.5406     0.0852     0.4653 1.1597e-01     2.4624      8.216     11.916     9.0141 0.0000e+00
      8.386      0.033     0.1304      1.151     96.266  65.418046     6.1200     0.5635     0.0852     0.4653 1.1612e-01     2.5676      8.224     11.927     9.0071 0.0000e+00
      8.394      0.034     0.1299      1.162     96.419  65.503478     6.1200     0.5445     0.0852     0.4653 1.1623e-01     2.4624      8.232     11.939     8.9993 0.0000e+00
      8.403      0.035     0.1303      1.172     96.551  65.573306     6.1200     0.5483     0.0852     0.4653 1.1612e-01     2.5826      8.240     11.951     8.9916 0.0000e+00
      8.411      0.036     0.1316      1.176     96.654  65.622350     6.1200     0.5712     0.0426     0.4653 1.1602e-01     2.6277      8.249     11.964     8.9838 0.0000e+00
      8.420      0.037     0.1330      1.171     96.748  65.663686     6.1200     0.5139     0.0426     0.4653 1.1612e-01     2.4624      8.258     11.977     8.9755 0.0000e+00
      8.430      0.039     0.1343      1.156     96.864  65.720238     6.1200     0.5368     0.0426     0.4653 1.1612e-01     2.5225      8.267     11.991     8.9661 0.0000e+00
      8.440      0.041     0.1355      1.138     96.999  65.791217     6.1200     0.5445     0.0426     0.4653 1.1623e-01     2.5526      8.277     12.005     8.9558 0.0000e+00
      8.451      0.042     0.1361      1.121     97.119  65.853896     6.1200     0.5330     0.0426     0.4653 1.1635e-01     2.4774      8.288     12.020     8.9447 0.0000e+00
