Data/DataNotYetUploadedToEDI/Raw_CTD/RawDownloads/062623_fcr50_S8188002.cnv
* Sea-Bird SBE19plus  Data File:
* FileName = C:\R\Reservoirs\Data\DataNotYetUploadedToEDI\Raw_CTD\RawDownloads\062623_fcr50_S8188_0002.hex
* Software version 2.8.0.119
* Temperature SN = 8188
* Conductivity SN = 8188
* System UpLoad Time = Jul 03 2023 16:31:01
* <ApplicationData>
* <Seaterm232>
# nquan = 16
# nvalues = 2038                        
# units = specified
# name 0 = depFM: Depth [fresh water, m]
# name 1 = dz/dtM: Descent Rate [m/s]
# name 2 = sbeox0Mg/L: Oxygen, SBE 43 [mg/l]
# name 3 = sbeox0PS: Oxygen, SBE 43 [% saturation]
# name 4 = specc: Specific Conductance [uS/cm]
# name 5 = c0uS/cm: Conductivity [uS/cm]
# name 6 = wetCDOM: Fluorescence, WET Labs CDOM [mg/m^3]
# name 7 = flECO-AFL: Fluorescence, WET Labs ECO-AFL/FL [mg/m^3]
# name 8 = flECO-AFL1: Fluorescence, WET Labs ECO-AFL/FL, 2 [mg/m^3]
# name 9 = flECO-AFL2: Fluorescence, WET Labs ECO-AFL/FL, 3 [mg/m^3]
# name 10 = par/sat/log: PAR/Logarithmic, Satlantic
# name 11 = turbWETntu0: Turbidity, WET Labs ECO [NTU]
# name 12 = prdM: Pressure, Strain Gauge [db]
# name 13 = prdE: Pressure, Strain Gauge [psi]
# name 14 = tv290C: Temperature [ITS-90, deg C]
# name 15 = flag:  0.000e+00
# span 0 =     -0.716,      9.444       
# span 1 =     -0.290,      0.204       
# span 2 =    -2.9410,    13.6980       
# span 3 =    -26.372,    154.593       
# span 4 =     11.820,    365.353       
# span 5 =  10.351405, 259.216951       
# span 6 =    -4.5000,    10.1700       
# span 7 =    -0.3291,   245.2610       
# span 8 =    -4.4304,     1.0650       
# span 9 =    -2.0304,    14.6358       
# span 10 = 1.1582e-01, 1.2380e+03      
# span 11 =    -0.3332,   480.6913      
# span 12 =     -0.703,      9.262      
# span 13 =     -1.019,     13.433      
# span 14 =    10.4687,    27.2021      
# span 15 = 0.0000e+00, 0.0000e+00      
# interval = seconds: 0.25
# start_time = Jun 26 2023 11:42:37 [Instrument's time stamp, header]
# bad_flag = -9.990e-29
*END*
[from data line 724]
      3.567      0.025     8.1980     82.364     44.791  32.078006     3.8700     0.1058     0.0852     0.2115 1.0940e+00     4.6869      3.498      5.073    10.8329 0.0000e+00
      3.573      0.025     8.4728     83.443     44.822  32.093139     3.8700     0.1210     0.0852     0.2115 1.0879e+00     4.6869      3.504      5.082    10.8345 0.0000e+00
      3.580      0.025     8.7270     84.024     44.882  32.137435     3.8700     0.1706     0.0852     0.2115 1.0373e+00     4.6869      3.510      5.092    10.8278 0.0000e+00
      3.587      0.024     8.9472     84.197     44.922  32.177160     3.8700     0.1782     0.0852     0.2115 1.0457e+00     4.8522      3.517      5.102    10.8177 0.0000e+00
      3.593      0.022     9.1224     84.120     44.936  32.197166     3.8700     0.1821     0.0852     0.2115 1.0310e+00     4.6869      3.524      5.111    10.8063 0.0000e+00
      3.599      0.020     9.2437     83.905     44.945  32.204769     3.8700     0.1668     0.0852     0.2115 1.0179e+00     4.7620      3.529      5.119    10.7978 0.0000e+00
      3.603      0.018     9.3076     83.547     44.958  32.207937     3.8700     0.1782     0.0852     0.2115 1.0315e+00     4.7470      3.533      5.126    10.7999 0.0000e+00
      3.607      0.016     9.3240     82.963     44.969  32.211474     3.8700     0.1859     0.0852     0.2115 1.0396e+00     4.6718      3.537      5.131    10.8123 0.0000e+00
      3.611      0.014     9.3131     82.080     44.973  32.216323     3.8700     0.1592     0.0852     0.2115 1.0373e+00     4.7620      3.541      5.136    10.8233 0.0000e+00
      3.614      0.013     9.2891     80.882     44.970  32.221797     3.8700     0.1897     0.0852     0.0846 1.0181e+00     4.6869      3.544      5.140    10.8243 0.0000e+00
      3.616      0.013     9.2508     79.408     44.959  32.221434     3.8700     0.1859     0.0852     0.0846 1.0177e+00     4.6869      3.547      5.144    10.8179 0.0000e+00
      3.619      0.013     9.1873     77.724     44.947  32.215140     3.8700     0.1935     0.0852     0.0846 1.0148e+00     4.7770      3.550      5.148    10.8127 0.0000e+00
      3.623      0.014     9.0891     75.927     44.942  32.209158     3.8700     0.1706     0.0852     0.0846 1.0279e+00     4.6568      3.553      5.153    10.8145 0.0000e+00
      3.626      0.015     8.9548     74.133     44.939  32.203870     3.8700     0.1706     0.0426     0.1692 1.0567e+00     4.7320      3.556      5.158    10.8229 0.0000e+00
      3.630      0.015     8.7897     72.477     44.940  32.201829     3.8700     0.1821     0.0426     0.1692 1.0148e+00     5.0175      3.560      5.164    10.8314 0.0000e+00
      3.635      0.015     8.6027     71.081     44.946  32.206448     3.8700     0.1935     0.0426     0.1692 1.0038e+00     4.8823      3.565      5.170    10.8342 0.0000e+00
      3.639      0.014     8.4042     70.023     44.952  32.215001     3.8700     0.1592     0.0426     0.1692 9.8183e-01     4.9574      3.569      5.176    10.8315 0.0000e+00
      3.643      0.013     8.2064     69.335     44.955  32.225806     3.7800     0.1706     0.0852     0.1692 1.0006e+00     4.9123      3.573      5.182    10.8276 0.0000e+00
      3.646      0.012     8.0235     68.998     44.955  32.239765     3.7800     0.1935     0.0852     0.1692 9.6553e-01     4.8071      3.576      5.186    10.8251 0.0000e+00
      3.649      0.011     7.8690     68.949     44.953  32.254662     3.7800     0.1859     0.0852     0.1692 9.6030e-01     4.7019      3.578      5.190    10.8251 0.0000e+00
      3.651      0.010     7.7512     69.079     44.951  32.266548     3.7800     0.1706     0.0852     0.1692 1.0181e+00     4.7320      3.581      5.194    10.8297 0.0000e+00
      3.654      0.009     7.6731     69.248     44.946  32.274633     3.7800     0.1782     0.0852     0.1692 9.8825e-01     4.7169      3.583      5.197    10.8399 0.0000e+00
      3.656      0.009     7.6331     69.304     44.937  32.277112     3.8700     0.1592     0.0852     0.1692 1.0174e+00     4.7169      3.585      5.200    10.8555 0.0000e+00
      3.658      0.009     7.6246     69.119     44.913  32.264745     3.8700     0.1592     0.0852     0.1692 1.0034e+00     4.7921      3.587      5.203    10.8730 0.0000e+00
      3.660      0.010     7.6362     68.629     44.880  32.236217     3.8700     0.1897     0.0852     0.1692 9.6428e-01     4.6869      3.589      5.206    10.8885 0.0000e+00
      3.663      0.011     7.6526     67.861     44.856  32.205702     3.8700     0.1706     0.0852     0.1692 9.8247e-01     4.6568      3.592      5.209    10.9011 0.0000e+00
      3.665      0.011     7.6569     66.940     44.855  32.188825     3.7800     0.1706     0.1278     0.0423 9.6721e-01     4.6267      3.594      5.213    10.9113 0.0000e+00
      3.669      0.012     7.6355     66.070     44.871  32.187024     3.7800     0.1668     0.1278     0.0423 9.8183e-01     4.7921      3.598      5.218    10.9163 0.0000e+00
      3.672      0.012     7.5822     65.466     44.890  32.191899     3.7800     0.1782     0.1278     0.0423 9.4560e-01     4.7770      3.601      5.223    10.9112 0.0000e+00
      3.676      0.011     7.4999     65.291     44.903  32.200787     3.7800     0.1706     0.1278     0.0423 9.4027e-01     4.8221      3.605      5.228    10.8964 0.0000e+00
      3.679      0.011     7.4013     65.618     44.910  32.212098     3.8700     0.1859     0.1278     0.0846 9.5989e-01     4.6117      3.607      5.232    10.8784 0.0000e+00
      3.681      0.010     7.3077     66.396     44.914  32.224888     3.8700     0.1782     0.1278     0.0846 9.7757e-01     4.7620      3.610      5.235    10.8633 0.0000e+00
      3.683      0.009     7.2424     67.464     44.924  32.242570     3.8700     0.1744     0.1278     0.0846 9.8353e-01     4.7169      3.612      5.239    10.8540 0.0000e+00
      3.685      0.008     7.2232     68.620     44.940  32.265897     3.8700     0.1821     0.1278     0.0846 9.6030e-01     4.7320      3.614      5.241    10.8529 0.0000e+00
      3.687      0.007     7.2582     69.663     44.955  32.291191     3.8700     0.1554     0.1278     0.1692 9.5572e-01     4.6568      3.616      5.244    10.8599 0.0000e+00
      3.689      0.006     7.3423     70.435     44.965  32.313313     3.8700     0.1706     0.1278     0.1692 9.5282e-01     4.7320      3.617      5.246    10.8711 0.0000e+00
      3.690      0.005     7.4584     70.844     44.967  32.328265     3.8700     0.1668     0.1278     0.1692 9.4068e-01     4.7320      3.619      5.248    10.8831 0.0000e+00
      3.691      0.004     7.5838     70.867     44.961  32.336072     3.8700     0.1782     0.1278     0.1692 9.2749e-01     4.6418      3.620      5.250    10.8964 0.0000e+00
      3.692      0.004     7.6963     70.538     44.951  32.338816     3.8700     0.1744     0.1278     0.1692 9.1767e-01     4.8522      3.620      5.251    10.9122 0.0000e+00
      3.693      0.003     7.7787     69.938     44.939  32.337230     3.8700     0.1935     0.0852     0.0846 9.2548e-01     5.0626      3.621      5.252    10.9288 0.0000e+00
      3.694      0.003     7.8212     69.154     44.934  32.334853     3.8700     0.1592     0.0852     0.0846 9.1647e-01     5.0025      3.622      5.253    10.9439 0.0000e+00
      3.694      0.003     7.8213     68.264     44.945  32.338970     3.8700     0.1668     0.0852     0.0846 9.5386e-01     4.9273      3.623      5.254    10.9573 0.0000e+00
      3.695      0.003     7.7830     67.332     44.965  32.346719     3.8700     0.1744     0.0852     0.0846 9.3762e-01     4.7620      3.624      5.255    10.9689 0.0000e+00
      3.696      0.003     7.7154     66.419     44.971  32.344324     3.8700     0.1782     0.1278     0.0846 9.7164e-01     4.7019      3.624      5.257    10.9763 0.0000e+00
      3.696      0.004     7.6287     65.585     44.958  32.331145     3.8700     0.1668     0.1278     0.0846 9.7481e-01     4.7019      3.625      5.258    10.9778 0.0000e+00
      3.697      0.004     7.5311     64.884     44.943  32.319511     3.8700     0.1668     0.1278     0.0846 9.7312e-01     4.7019      3.626      5.259    10.9738 0.0000e+00
      3.698      0.005     7.4296     64.351     44.936  32.314240     3.8700     0.1554     0.1278     0.0846 9.7227e-01     5.0025      3.627      5.261    10.9664 0.0000e+00
      3.700      0.006     7.3301     63.994     44.936  32.309967     3.8700     0.1515     0.0852     0.1269 9.7291e-01     4.9574      3.628      5.262    10.9591 0.0000e+00
      3.701      0.007     7.2389     63.809     44.932  32.297630     3.8700     0.1935     0.0852     0.1269 9.7291e-01     4.9123      3.630      5.265    10.9547 0.0000e+00
      3.703      0.009     7.1617     63.802     44.924  32.273941     3.8700     0.1706     0.0852     0.1269 9.6890e-01     4.9574      3.632      5.268    10.9537 0.0000e+00
      3.706      0.010     7.1030     63.967     44.931  32.254363     3.8700     0.1096     0.0852     0.1269 9.4478e-01     4.9875      3.634      5.271    10.9530 0.0000e+00
      3.709      0.012     7.0644     64.274     44.955  32.251498     3.8700     0.1248     0.0852     0.0846 9.5614e-01     4.9123      3.637      5.275    10.9486 0.0000e+00
      3.712      0.013     7.0457     64.717     44.978  32.256658     3.8700     0.0981     0.0852     0.0846 9.1567e-01     4.9123      3.641      5.280    10.9377 0.0000e+00
      3.716      0.013     7.0482     65.303     44.990  32.259338     3.8700     0.1134     0.0852     0.0846 9.2729e-01     5.0776      3.644      5.285    10.9177 0.0000e+00
      3.719      0.014     7.0708     66.009     44.991  32.254313     3.8700     0.1859     0.0852     0.0846 9.4027e-01     4.7620      3.648      5.290    10.8909 0.0000e+00
      3.723      0.014     7.1085     66.779     44.987  32.242222     3.8700     0.1515     0.0852     0.0846 9.2769e-01     4.7770      3.651      5.295    10.8683 0.0000e+00
      3.726      0.015     7.1595     67.554     44.987  32.229743     3.7800     0.1630     0.0852     0.0846 9.1767e-01     4.7470      3.654      5.300    10.8560 0.0000e+00
      3.730      0.016     7.2255     68.275     44.999  32.225429     3.7800     0.1554     0.0852     0.0846 9.0617e-01     4.6869      3.658      5.305    10.8494 0.0000e+00
      3.734      0.016     7.3048     68.912     45.019  32.228128     3.7800     0.1058     0.0852     0.0846 9.3376e-01     4.9875      3.662      5.311    10.8426 0.0000e+00
      3.739      0.017     7.3917     69.473     45.029  32.228658     3.7800     0.1019     0.0852     0.0846 8.9853e-01     4.9574      3.666      5.317    10.8327 0.0000e+00
      3.743      0.018     7.4798     69.979     45.019  32.219240     3.8700     0.1210     0.1278     0.1269 9.1250e-01     4.9123      3.671      5.324    10.8192 0.0000e+00
      3.748      0.018     7.5623     70.462     44.981  32.191421     3.8700     0.1096     0.1278     0.1269 9.1468e-01     4.9724      3.675      5.331    10.8043 0.0000e+00
      3.752      0.019     7.6350     70.943     44.929  32.149666     3.8700     0.1592     0.1278     0.1269 8.9657e-01     4.7019      3.680      5.337    10.7917 0.0000e+00
      3.757      0.020     7.6985     71.425     44.889  32.110563     3.8700     0.1706     0.1278     0.1269 9.3153e-01     4.6568      3.684      5.344    10.7838 0.0000e+00
      3.762      0.021     7.7551     71.903     44.873  32.085466     3.7800     0.2049     0.1278     0.0846 9.0716e-01     4.7320      3.689      5.351    10.7813 0.0000e+00
      3.768      0.023     7.8087     72.373     44.874  32.071643     3.7800     0.1897     0.1278     0.0846 9.0146e-01     4.7169      3.695      5.359    10.7809 0.0000e+00
      3.774      0.024     7.8629     72.845     44.878  32.061446     3.7800     0.1019     0.1278     0.0846 8.9191e-01     4.6568      3.701      5.368    10.7760 0.0000e+00
      3.780      0.026     7.9186     73.343     44.887  32.056118     3.7800     0.1058     0.1278     0.0846 8.9385e-01     4.6568      3.707      5.377    10.7643 0.0000e+00
      3.787      0.027     7.9745     73.887     44.901  32.054235     3.7800     0.0943     0.0852     0.1692 8.9288e-01     4.6718      3.714      5.387    10.7487 0.0000e+00
      3.794      0.027     8.0295     74.495     44.913  32.051336     3.7800     0.1019     0.0852     0.1692 8.7635e-01     4.6869      3.721      5.397    10.7329 0.0000e+00
      3.802      0.028     8.0846     75.178     44.921  32.046646     3.7800     0.1630     0.0852     0.1692 7.9368e-01     5.0175      3.728      5.407    10.7184 0.0000e+00
      3.809      0.028     8.1424     75.914     44.927  32.042876     3.7800     0.1782     0.0852     0.1692 8.8151e-01     5.0776      3.735      5.417    10.7049 0.0000e+00
      3.816      0.028     8.2052     76.651     44.936  32.042980     3.7800     0.1630     0.0852     0.1692 8.6275e-01     4.8973      3.742      5.428    10.6918 0.0000e+00
      3.823      0.027     8.2752     77.345     44.943  32.046985     3.8700     0.1935     0.0852     0.1692 8.0061e-01     4.9123      3.749      5.438    10.6794 0.0000e+00
      3.830      0.026     8.3533     77.968     44.949  32.055959     3.8700     0.1286     0.0852     0.1692 8.5342e-01     4.7620      3.756      5.448    10.6679 0.0000e+00
      3.837      0.025     8.4369     78.499     44.946  32.064375     3.8700     0.1134     0.0852     0.1692 7.9540e-01     4.7770      3.763      5.457    10.6583 0.0000e+00
      3.843      0.023     8.5201     78.925     44.931  32.066556     3.8700     0.1210     0.0852     0.1692 7.9144e-01     4.7320      3.769      5.466    10.6518 0.0000e+00
      3.849      0.021     8.5975     79.229     44.915  32.067046     3.7800     0.0752     0.0852     0.1692 7.9024e-01     4.6418      3.774      5.474    10.6503 0.0000e+00
      3.854      0.020     8.6657     79.400     44.904  32.065975     3.7800     0.1897     0.0852     0.1692 8.3345e-01     4.7320      3.779      5.481    10.6554 0.0000e+00
      3.858      0.018     8.7224     79.427     44.891  32.059098     3.7800     0.1973     0.0852     0.1692 7.9178e-01     4.7470      3.783      5.487    10.6671 0.0000e+00
      3.862      0.017     8.7666     79.310     44.873  32.048542     3.7800     0.1744     0.0852     0.1692 7.9282e-01     4.7470      3.788      5.493    10.6821 0.0000e+00
      3.866      0.017     8.7977     79.054     44.852  32.035451     3.7800     0.1782     0.0852     0.2538 7.6290e-01     4.6267      3.792      5.499    10.6950 0.0000e+00
      3.870      0.017     8.8151     78.689     44.830  32.020296     3.7800     0.2126     0.0852     0.2538 7.7123e-01     4.6267      3.795      5.505    10.7023 0.0000e+00
      3.874      0.018     8.8176     78.263     44.816  32.006957     3.7800     0.1706     0.0852     0.2538 7.7510e-01     4.7320      3.799      5.511    10.7054 0.0000e+00
      3.879      0.018     8.8041     77.835     44.821  32.003757     3.7800     0.1706     0.0852     0.2538 7.8732e-01     4.6718      3.804      5.517    10.7075 0.0000e+00
      3.883      0.019     8.7752     77.459     44.848  32.013803     3.7800     0.1935     0.0852     0.1692 7.7274e-01     4.6869      3.808      5.524    10.7100 0.0000e+00
      3.889      0.019     8.7346     77.178     44.873  32.023932     3.7800     0.2011     0.0852     0.1692 7.4521e-01     4.7169      3.814      5.531    10.7107 0.0000e+00
      3.894      0.019     8.6880     77.027     44.881  32.024963     3.7800     0.1782     0.0852     0.1692 7.4959e-01     4.6418      3.819      5.539    10.7071 0.0000e+00
      3.899      0.018     8.6420     77.010     44.872  32.017170     3.7800     0.1897     0.0852     0.1692 7.5171e-01     4.6568      3.824      5.546    10.6992 0.0000e+00
