Data/DataNotYetUploadedToEDI/Raw_CTD/RawDownloads/062623_fcr50_S8188002.cnv
* Sea-Bird SBE19plus  Data File:
* FileName = C:\R\Reservoirs\Data\DataNotYetUploadedToEDI\Raw_CTD\RawDownloads\062623_fcr50_S8188_0002.hex
* Software version 2.8.0.119
* Temperature SN = 8188
* Conductivity SN = 8188
* System UpLoad Time = Jul 03 2023 16:31:01
* <ApplicationData>
* <Seaterm232>
# nquan = 16
# nvalues = 2038                        
# units = specified
# name 0 = depFM: Depth [fresh water, m]
# name 1 = dz/dtM: Descent Rate [m/s]
# name 2 = sbeox0Mg/L: Oxygen, SBE 43 [mg/l]
# name 3 = sbeox0PS: Oxygen, SBE 43 [% saturation]
# name 4 = specc: Specific Conductance [uS/cm]
# name 5 = c0uS/cm: Conductivity [uS/cm]
# name 6 = wetCDOM: Fluorescence, WET Labs CDOM [mg/m^3]
# name 7 = flECO-AFL: Fluorescence, WET Labs ECO-AFL/FL [mg/m^3]
# name 8 = flECO-AFL1: Fluorescence, WET Labs ECO-AFL/FL, 2 [mg/m^3]
# name 9 = flECO-AFL2: Fluorescence, WET Labs ECO-AFL/FL, 3 [mg/m^3]
# name 10 = par/sat/log: PAR/Logarithmic, Satlantic
# name 11 = turbWETntu0: Turbidity, WET Labs ECO [NTU]
# name 12 = prdM: Pressure, Strain Gauge [db]
# name 13 = prdE: Pressure, Strain Gauge [psi]
# name 14 = tv290C: Temperature [ITS-90, deg C]
# name 15 = flag:  0.000e+00
# span 0 =     -0.716,      9.444       
# span 1 =     -0.290,      0.204       
# span 2 =    -2.9410,    13.6980       
# span 3 =    -26.372,    154.593       
# span 4 =     11.820,    365.353       
# span 5 =  10.351405, 259.216951       
# span 6 =    -4.5000,    10.1700       
# span 7 =    -0.3291,   245.2610       
# span 8 =    -4.4304,     1.0650       
# span 9 =    -2.0304,    14.6358       
# span 10 = 1.1582e-01, 1.2380e+03      
# span 11 =    -0.3332,   480.6913      
# span 12 =     -0.703,      9.262      
# span 13 =     -1.019,     13.433      
# span 14 =    10.4687,    27.2021      
# span 15 = 0.0000e+00, 0.0000e+00      
# interval = seconds: 0.25
# start_time = Jun 26 2023 11:42:37 [Instrument's time stamp, header]
# bad_flag = -9.990e-29
*END*
[from data line 995]
      4.843      0.021     8.7583     78.753     44.923  31.990731     3.8700     0.1706     0.0852     0.1269 2.4758e-01     5.0175      4.749      6.888    10.6098 0.0000e+00
      4.849      0.021     8.7603     78.747     44.932  31.994949     3.8700     0.1897     0.0852     0.1269 2.4758e-01     5.0626      4.755      6.896    10.6088 0.0000e+00
      4.854      0.021     8.7620     78.739     44.935  31.994218     3.8700     0.1363     0.1278     0.1269 2.3829e-01     4.8672      4.760      6.904    10.6075 0.0000e+00
      4.859      0.021     8.7632     78.737     44.935  31.992304     3.8700     0.2011     0.1278     0.1269 2.5346e-01     4.9574      4.765      6.911    10.6057 0.0000e+00
      4.865      0.020     8.7636     78.738     44.932  31.988698     3.8700     0.1821     0.1278     0.1269 2.3165e-01     4.6869      4.770      6.919    10.6035 0.0000e+00
      4.870      0.019     8.7634     78.733     44.930  31.986397     3.8700     0.1782     0.1278     0.1269 2.5296e-01     4.7770      4.775      6.926    10.6010 0.0000e+00
      4.875      0.019     8.7630     78.713     44.934  31.988749     3.8700     0.1477     0.1278     0.1692 2.2007e-01     4.6869      4.780      6.933    10.5985 0.0000e+00
      4.880      0.018     8.7632     78.683     44.938  31.992419     3.8700     0.1782     0.1278     0.1692 2.1642e-01     4.6869      4.785      6.940    10.5963 0.0000e+00
      4.884      0.017     8.7637     78.656     44.935  31.990467     3.8700     0.1515     0.1278     0.1692 2.0591e-01     4.7620      4.789      6.947    10.5945 0.0000e+00
      4.888      0.016     8.7634     78.640     44.928  31.986331     3.8700     0.1821     0.1278     0.1692 2.1722e-01     4.6267      4.793      6.952    10.5934 0.0000e+00
      4.892      0.015     8.7612     78.635     44.927  31.986831     3.8700     0.1515     0.1278     0.1692 2.4305e-01     4.7320      4.797      6.957    10.5930 0.0000e+00
      4.895      0.015     8.7579     78.642     44.927  31.988138     3.7800     0.1706     0.0852     0.1269 2.5600e-01     4.6568      4.800      6.962    10.5933 0.0000e+00
      4.898      0.015     8.7547     78.666     44.923  31.986640     3.7800     0.0943     0.0852     0.1269 2.2980e-01     4.8221      4.804      6.967    10.5939 0.0000e+00
      4.902      0.016     8.7527     78.707     44.916  31.981940     3.7800     0.1019     0.0852     0.1269 2.3793e-01     4.7169      4.807      6.972    10.5949 0.0000e+00
      4.906      0.018     8.7519     78.759     44.905  31.972782     3.7800     0.1134     0.0852     0.1269 2.6807e-01     4.7019      4.811      6.977    10.5961 0.0000e+00
      4.910      0.020     8.7524     78.808     44.892  31.960686     3.7800     0.1134     0.0852     0.1269 2.4427e-01     4.7620      4.815      6.984    10.5977 0.0000e+00
      4.916      0.022     8.7547     78.842     44.882  31.950347     3.7800     0.1859     0.0852     0.1269 2.4053e-01     4.7019      4.820      6.991    10.5993 0.0000e+00
      4.922      0.024     8.7591     78.862     44.881  31.946929     3.7800     0.1706     0.0852     0.1269 2.2603e-01     4.7320      4.826      7.000    10.5997 0.0000e+00
      4.929      0.026     8.7653     78.870     44.888  31.949519     3.7800     0.1821     0.0852     0.1269 2.0458e-01     4.7470      4.833      7.010    10.5982 0.0000e+00
      4.936      0.028     8.7714     78.866     44.893  31.950888     3.7800     0.1363     0.0852     0.2115 2.2618e-01     4.6267      4.840      7.020    10.5950 0.0000e+00
      4.943      0.029     8.7760     78.845     44.895  31.951400     3.7800     0.1630     0.0852     0.2115 2.3135e-01     4.7620      4.848      7.031    10.5913 0.0000e+00
      4.951      0.030     8.7788     78.807     44.897  31.951191     3.7800     0.1630     0.0852     0.2115 2.0018e-01     4.6568      4.855      7.041    10.5880 0.0000e+00
      4.959      0.030     8.7802     78.761     44.891  31.946247     3.7800     0.1630     0.0852     0.2115 2.2945e-01     4.6718      4.862      7.052    10.5854 0.0000e+00
      4.967      0.030     8.7801     78.713     44.887  31.943169     3.7800     0.1668     0.0852     0.1692 1.9875e-01     4.6418      4.870      7.064    10.5834 0.0000e+00
      4.975      0.030     8.7781     78.667     44.890  31.945097     3.7800     0.1706     0.0852     0.1692 2.0431e-01     4.9574      4.878      7.076    10.5818 0.0000e+00
      4.983      0.029     8.7742     78.626     44.889  31.944624     3.7800     0.1821     0.0852     0.1692 2.3332e-01     4.9724      4.886      7.087    10.5805 0.0000e+00
      4.990      0.028     8.7693     78.588     44.884  31.941623     3.7800     0.1935     0.0852     0.1692 2.1394e-01     5.0476      4.893      7.097    10.5797 0.0000e+00
      4.997      0.027     8.7640     78.557     44.882  31.939256     3.7800     0.1592     0.0852     0.1692 2.2272e-01     4.9273      4.900      7.107    10.5793 0.0000e+00
      5.004      0.026     8.7589     78.538     44.885  31.940852     3.8700     0.1782     0.1278     0.1269 2.0471e-01     4.9273      4.906      7.116    10.5795 0.0000e+00
      5.010      0.025     8.7542     78.532     44.894  31.946835     3.8700     0.1515     0.1278     0.1269 1.9588e-01     4.9574      4.913      7.126    10.5798 0.0000e+00
      5.016      0.024     8.7500     78.529     44.900  31.950881     3.8700     0.1630     0.1278     0.1269 1.8149e-01     5.0476      4.919      7.134    10.5797 0.0000e+00
      5.022      0.024     8.7466     78.527     44.906  31.954068     3.8700     0.1554     0.1278     0.1269 1.9005e-01     5.0326      4.925      7.143    10.5793 0.0000e+00
      5.028      0.024     8.7446     78.538     44.905  31.953286     3.8700     0.1592     0.0852     0.1692 1.9905e-01     5.0175      4.931      7.152    10.5787 0.0000e+00
      5.034      0.024     8.7441     78.564     44.894  31.944366     3.8700     0.1439     0.0852     0.1692 1.5521e-01     4.9123      4.937      7.160    10.5781 0.0000e+00
      5.040      0.024     8.7439     78.603     44.884  31.936811     3.8700     0.1515     0.0852     0.1692 1.8232e-01     4.8522      4.943      7.169    10.5774 0.0000e+00
      5.047      0.024     8.7439     78.651     44.878  31.932566     3.8700     0.1897     0.0852     0.1692 2.0219e-01     5.0025      4.949      7.178    10.5767 0.0000e+00
      5.053      0.024     8.7452     78.698     44.876  31.930499     3.8700     0.1554     0.0852     0.1269 1.9284e-01     5.0175      4.955      7.187    10.5759 0.0000e+00
      5.059      0.024     8.7482     78.743     44.881  31.934020     3.8700     0.1706     0.0852     0.1269 1.9100e-01     5.0175      4.961      7.196    10.5753 0.0000e+00
      5.065      0.023     8.7527     78.785     44.890  31.940107     3.8700     0.1706     0.0852     0.1269 1.7430e-01     5.0326      4.967      7.204    10.5747 0.0000e+00
      5.071      0.023     8.7581     78.818     44.893  31.942462     3.8700     0.1859     0.0852     0.1269 2.0210e-01     4.9724      4.973      7.213    10.5742 0.0000e+00
      5.077      0.023     8.7634     78.835     44.887  31.937753     3.8700     0.1935     0.0852     0.1269 1.8264e-01     4.7770      4.979      7.221    10.5738 0.0000e+00
      5.083      0.023     8.7685     78.832     44.880  31.932645     3.8700     0.1630     0.0852     0.1269 1.7586e-01     4.6718      4.985      7.230    10.5735 0.0000e+00
      5.089      0.023     8.7732     78.812     44.881  31.933697     3.8700     0.1592     0.0852     0.1269 1.6711e-01     4.6718      4.991      7.238    10.5733 0.0000e+00
      5.095      0.023     8.7769     78.781     44.886  31.937229     3.8700     0.1630     0.0852     0.1269 1.8677e-01     4.7470      4.996      7.246    10.5732 0.0000e+00
      5.101      0.023     8.7788     78.748     44.896  31.944182     3.8700     0.1325     0.0852     0.1269 1.7575e-01     4.6568      5.002      7.255    10.5732 0.0000e+00
      5.107      0.023     8.7785     78.722     44.907  31.952450     3.8700     0.0791     0.1278     0.1692 1.6469e-01     4.7019      5.008      7.263    10.5732 0.0000e+00
      5.113      0.023     8.7763     78.704     44.907  31.952357     3.8700     0.0791     0.1278     0.1692 1.7918e-01     4.7620      5.014      7.272    10.5732 0.0000e+00
      5.118      0.022     8.7728     78.695     44.901  31.947839     3.8700     0.1172     0.1278     0.1692 1.7264e-01     4.7620      5.020      7.280    10.5734 0.0000e+00
      5.124      0.022     8.7691     78.694     44.897  31.945610     3.8700     0.1134     0.1278     0.1692 1.6700e-01     4.8071      5.025      7.288    10.5735 0.0000e+00
      5.130      0.021     8.7661     78.703     44.896  31.945078     3.8700     0.0905     0.0852     0.1692 1.7586e-01     4.7019      5.031      7.297    10.5735 0.0000e+00
      5.135      0.020     8.7642     78.720     44.896  31.946100     3.8700     0.0943     0.0852     0.1692 1.7910e-01     4.7169      5.036      7.304    10.5736 0.0000e+00
      5.140      0.019     8.7631     78.737     44.894  31.944988     3.8700     0.1134     0.0852     0.1692 1.8836e-01     4.7169      5.041      7.311    10.5738 0.0000e+00
      5.145      0.018     8.7630     78.748     44.887  31.941447     3.8700     0.1019     0.0852     0.1692 1.6391e-01     4.7620      5.045      7.317    10.5740 0.0000e+00
      5.149      0.018     8.7640     78.750     44.887  31.942452     3.8700     0.1058     0.1278     0.1692 1.6182e-01     4.7019      5.049      7.324    10.5744 0.0000e+00
      5.153      0.018     8.7657     78.747     44.894  31.948271     3.8700     0.1058     0.1278     0.1692 1.7033e-01     4.7019      5.054      7.330    10.5750 0.0000e+00
      5.158      0.019     8.7674     78.744     44.905  31.956496     3.8700     0.1134     0.1278     0.1692 1.6868e-01     4.7320      5.058      7.336    10.5758 0.0000e+00
      5.163      0.020     8.7684     78.743     44.918  31.965360     3.8700     0.1592     0.1278     0.1692 1.7041e-01     4.9273      5.063      7.343    10.5771 0.0000e+00
      5.168      0.020     8.7684     78.747     44.923  31.969306     3.8700     0.1668     0.0852     0.0846 1.6703e-01     4.8973      5.068      7.351    10.5785 0.0000e+00
      5.173      0.020     8.7678     78.758     44.922  31.969386     3.8700     0.1630     0.0852     0.0846 1.5571e-01     4.9123      5.074      7.359    10.5794 0.0000e+00
      5.179      0.020     8.7674     78.784     44.916  31.965621     3.8700     0.1592     0.0852     0.0846 1.4896e-01     5.0175      5.079      7.366    10.5797 0.0000e+00
      5.184      0.019     8.7673     78.824     44.899  31.953046     3.8700     0.1515     0.0852     0.0846 1.8467e-01     4.8823      5.084      7.373    10.5797 0.0000e+00
      5.188      0.019     8.7677     78.869     44.881  31.940190     3.8700     0.1821     0.0852     0.0846 1.3817e-01     4.9574      5.088      7.380    10.5799 0.0000e+00
      5.193      0.019     8.7689     78.911     44.881  31.939467     3.8700     0.1592     0.0852     0.0846 1.6700e-01     4.9875      5.092      7.386    10.5805 0.0000e+00
      5.197      0.020     8.7716     78.940     44.892  31.946723     3.8700     0.1782     0.0852     0.0846 1.4412e-01     4.8973      5.097      7.392    10.5809 0.0000e+00
      5.202      0.021     8.7760     78.949     44.895  31.948051     3.8700     0.1134     0.0852     0.0846 1.6996e-01     4.8973      5.101      7.399    10.5810 0.0000e+00
      5.207      0.023     8.7812     78.937     44.890  31.943805     3.8700     0.1019     0.0852     0.0846 1.5575e-01     4.9123      5.106      7.406    10.5807 0.0000e+00
      5.213      0.025     8.7859     78.910     44.892  31.944734     3.8700     0.0943     0.0852     0.0846 1.3992e-01     4.9875      5.112      7.415    10.5802 0.0000e+00
      5.220      0.026     8.7892     78.875     44.896  31.947125     3.8700     0.1248     0.0852     0.0846 1.3751e-01     4.9424      5.119      7.425    10.5796 0.0000e+00
      5.228      0.027     8.7903     78.842     44.892  31.943696     3.8700     0.1515     0.0852     0.0846 1.5098e-01     4.7470      5.127      7.436    10.5790 0.0000e+00
      5.236      0.027     8.7892     78.817     44.890  31.941452     3.8700     0.1859     0.0852     0.0846 1.5578e-01     4.7921      5.134      7.447    10.5782 0.0000e+00
      5.243      0.027     8.7863     78.801     44.893  31.943755     3.8700     0.1592     0.1278     0.2538 1.5927e-01     4.7620      5.142      7.457    10.5773 0.0000e+00
      5.249      0.026     8.7826     78.800     44.898  31.947260     3.8700     0.1706     0.1278     0.2538 1.5827e-01     4.7169      5.148      7.466    10.5765 0.0000e+00
      5.255      0.024     8.7791     78.815     44.912  31.956861     3.8700     0.1592     0.1278     0.2538 1.7037e-01     4.6418      5.154      7.474    10.5759 0.0000e+00
      5.261      0.024     8.7764     78.841     44.932  31.971159     3.8700     0.1706     0.1278     0.2538 1.4870e-01     4.6568      5.159      7.483    10.5755 0.0000e+00
      5.266      0.023     8.7747     78.868     44.942  31.978124     3.8700     0.1592     0.0426     0.2115 1.5517e-01     4.7320      5.165      7.491    10.5752 0.0000e+00
      5.272      0.024     8.7745     78.892     44.939  31.975654     3.8700     0.1477     0.0426     0.2115 1.7011e-01     4.7019      5.170      7.499    10.5751 0.0000e+00
      5.278      0.024     8.7763     78.915     44.938  31.974970     3.8700     0.1019     0.0426     0.2115 1.3198e-01     4.7320      5.176      7.507    10.5750 0.0000e+00
      5.284      0.024     8.7792     78.938     44.945  31.979851     3.8700     0.1172     0.0426     0.2115 1.6416e-01     4.6117      5.182      7.516    10.5749 0.0000e+00
      5.291      0.025     8.7822     78.951     44.944  31.979717     3.8700     0.0943     0.0426     0.2115 1.6703e-01     4.6869      5.188      7.525    10.5747 0.0000e+00
      5.297      0.025     8.7849     78.947     44.937  31.974532     3.8700     0.1210     0.0852     0.2115 1.5062e-01     4.7320      5.195      7.535    10.5745 0.0000e+00
      5.304      0.025     8.7876     78.927     44.937  31.974796     3.8700     0.1821     0.0852     0.2115 1.4614e-01     4.7169      5.201      7.544    10.5743 0.0000e+00
      5.310      0.024     8.7901     78.899     44.945  31.980578     3.8700     0.1706     0.0852     0.2115 1.4368e-01     4.7019      5.207      7.552    10.5742 0.0000e+00
      5.316      0.024     8.7915     78.870     44.958  31.989459     3.8700     0.1515     0.0852     0.2115 1.3195e-01     4.7470      5.213      7.561    10.5743 0.0000e+00
      5.322      0.025     8.7910     78.849     44.967  31.995888     3.7800     0.1859     0.0852     0.1692 1.3659e-01     4.6718      5.219      7.569    10.5744 0.0000e+00
      5.328      0.025     8.7889     78.842     44.963  31.993658     3.7800     0.1210     0.0852     0.1692 1.3751e-01     4.5967      5.225      7.578    10.5746 0.0000e+00
      5.335      0.027     8.7858     78.849     44.953  31.986134     3.7800     0.1134     0.0852     0.1692 1.1739e-01     4.6568      5.232      7.588    10.5747 0.0000e+00
      5.342      0.028     8.7825     78.873     44.937  31.975270     3.7800     0.1172     0.0852     0.1692 1.1615e-01     4.7320      5.238      7.597    10.5747 0.0000e+00
      5.349      0.031     8.7802     78.909     44.918  31.962131     3.8700     0.1058     0.0852     0.2115 1.4090e-01     4.7169      5.245      7.607    10.5748 0.0000e+00
      5.356      0.033     8.7794     78.951     44.897  31.947172     3.8700     0.1210     0.0852     0.2115 1.4938e-01     4.7169      5.253      7.618    10.5748 0.0000e+00
