Data/DataNotYetUploadedToEDI/Raw_CTD/RawDownloads/062623_fcr50_S8188002.cnv
* Sea-Bird SBE19plus  Data File:
* FileName = C:\R\Reservoirs\Data\DataNotYetUploadedToEDI\Raw_CTD\RawDownloads\062623_fcr50_S8188_0002.hex
* Software version 2.8.0.119
* Temperature SN = 8188
* Conductivity SN = 8188
* System UpLoad Time = Jul 03 2023 16:31:01
* <ApplicationData>
* <Seaterm232>
# nquan = 16
# nvalues = 2038                        
# units = specified
# name 0 = depFM: Depth [fresh water, m]
# name 1 = dz/dtM: Descent Rate [m/s]
# name 2 = sbeox0Mg/L: Oxygen, SBE 43 [mg/l]
# name 3 = sbeox0PS: Oxygen, SBE 43 [% saturation]
# name 4 = specc: Specific Conductance [uS/cm]
# name 5 = c0uS/cm: Conductivity [uS/cm]
# name 6 = wetCDOM: Fluorescence, WET Labs CDOM [mg/m^3]
# name 7 = flECO-AFL: Fluorescence, WET Labs ECO-AFL/FL [mg/m^3]
# name 8 = flECO-AFL1: Fluorescence, WET Labs ECO-AFL/FL, 2 [mg/m^3]
# name 9 = flECO-AFL2: Fluorescence, WET Labs ECO-AFL/FL, 3 [mg/m^3]
# name 10 = par/sat/log: PAR/Logarithmic, Satlantic
# name 11 = turbWETntu0: Turbidity, WET Labs ECO [NTU]
# name 12 = prdM: Pressure, Strain Gauge [db]
# name 13 = prdE: Pressure, Strain Gauge [psi]
# name 14 = tv290C: Temperature [ITS-90, deg C]
# name 15 = flag:  0.000e+00
# span 0 =     -0.716,      9.444       
# span 1 =     -0.290,      0.204       
# span 2 =    -2.9410,    13.6980       
# span 3 =    -26.372,    154.593       
# span 4 =     11.820,    365.353       
# span 5 =  10.351405, 259.216951       
# span 6 =    -4.5000,    10.1700       
# span 7 =    -0.3291,   245.2610       
# span 8 =    -4.4304,     1.0650       
# span 9 =    -2.0304,    14.6358       
# span 10 = 1.1582e-01, 1.2380e+03      
# span 11 =    -0.3332,   480.6913      
# span 12 =     -0.703,      9.262      
# span 13 =     -1.019,     13.433      
# span 14 =    10.4687,    27.2021      
# span 15 = 0.0000e+00, 0.0000e+00      
# interval = seconds: 0.25
# start_time = Jun 26 2023 11:42:37 [Instrument's time stamp, header]
# bad_flag = -9.990e-29
*END*
[from data line 1899]
      2.374     -0.080     3.2831     23.507     43.282  32.203090     4.1400     0.2240     0.0852     0.2115 2.8817e+00     6.0095      2.328      3.377    11.9525 0.0000e+00
      2.352     -0.087     3.1659     20.818     43.242  32.190086     4.1400     0.2393     0.0852     0.2115 2.9431e+00     5.9795      2.306      3.345    12.0477 0.0000e+00
      2.326     -0.092     3.0025     18.215     43.174  32.160849     4.0500     0.2507     0.0852     0.1692 3.1081e+00     5.8893      2.281      3.308    12.1250 0.0000e+00
      2.298     -0.092     2.7862     16.055     43.093  32.129367     4.0500     0.2431     0.0852     0.1692 3.2752e+00     4.0105      2.254      3.269    12.1734 0.0000e+00
      2.272     -0.088     2.5227     14.593     43.012  32.105066     4.0500     0.2355     0.0852     0.1692 3.3851e+00     4.0406      2.228      3.231    12.1988 0.0000e+00
      2.248     -0.079     2.2333     13.917     42.935  32.089388     4.0500     0.2126     0.0852     0.1692 3.3406e+00     3.9955      2.205      3.198    12.2183 0.0000e+00
      2.229     -0.069     1.9530     13.939     42.869  32.082115     4.0500     0.2507     0.0852     0.0846 3.3851e+00     4.0255      2.186      3.171    12.2434 0.0000e+00
      2.214     -0.057     1.7201     14.432     42.814  32.077351     4.0500     0.3728     0.0852     0.0846 3.3109e+00     7.0466      2.171      3.149    12.2769 0.0000e+00
      2.202     -0.046     1.5618     15.107     42.757  32.065903     4.0500     0.3766     0.0852     0.0846 3.3683e+00     7.0917      2.160      3.133    12.3186 0.0000e+00
      2.193     -0.037     1.4876     15.712     42.688  32.048681     4.0500     0.3728     0.0852     0.0846 3.3355e+00     7.0767      2.150      3.119    12.3674 0.0000e+00
      2.186     -0.029     1.4880     16.091     42.616  32.036934     4.0500     0.3423     0.1278     0.1269 3.3196e+00     7.0165      2.143      3.109    12.4165 0.0000e+00
      2.180     -0.024     1.5389     16.210     42.548  32.031491     4.0500     0.3728     0.1278     0.1269 3.2952e+00     8.7600      2.137      3.100    12.4588 0.0000e+00
      2.175     -0.021     1.6095     16.110     42.495  32.026944     4.0500     0.3461     0.1278     0.1269 3.2539e+00     8.7300      2.133      3.093    12.4958 0.0000e+00
      2.171     -0.019     1.6724     15.852     42.472  32.026044     4.0500     0.3652     0.1278     0.1269 3.2610e+00     8.8202      2.128      3.087    12.5359 0.0000e+00
      2.167     -0.018     1.7110     15.499     42.473  32.028549     4.0500     0.3652     0.1278     0.1269 3.2709e+00     8.8352      2.125      3.082    12.5857 0.0000e+00
      2.163     -0.019     1.7216     15.144     42.476  32.027207     4.0500     0.3156     0.1278     0.1269 3.2405e+00     9.7520      2.121      3.076    12.6389 0.0000e+00
      2.158     -0.021     1.7094     14.892     42.474  32.025618     4.0500     0.2889     0.1278     0.1269 3.2405e+00     9.7971      2.117      3.070    12.6802 0.0000e+00
      2.153     -0.023     1.6813     14.817     42.474  32.031280     4.0500     0.2889     0.1278     0.1269 3.2264e+00     9.7971      2.112      3.062    12.7002 0.0000e+00
      2.147     -0.027     1.6438     14.941     42.473  32.037782     4.0500     0.2851     0.1278     0.1269 3.2313e+00     9.6919      2.106      3.054    12.7019 0.0000e+00
      2.140     -0.033     1.6063     15.241     42.475  32.042899     4.1400     0.3385     0.1278     0.1269 3.2082e+00     9.6919      2.098      3.043    12.6972 0.0000e+00
      2.131     -0.040     1.5796     15.666     42.478  32.047993     4.1400     0.3728     0.1278     0.1269 3.2250e+00     9.6769      2.090      3.031    12.6973 0.0000e+00
      2.121     -0.048     1.5714     16.164     42.461  32.042543     4.1400     0.3728     0.1278     0.1269 3.2334e+00     9.6919      2.080      3.017    12.7044 0.0000e+00
      2.109     -0.059     1.5843     16.680     42.414  32.025095     4.1400     0.3652     0.1278     0.1269 3.1694e+00     9.6318      2.069      3.000    12.7126 0.0000e+00
      2.094     -0.071     1.6159     17.152     42.349  32.006836     4.0500     0.2889     0.0852     0.1269 3.1639e+00    11.8262      2.054      2.978    12.7172 0.0000e+00
      2.075     -0.085     1.6608     17.531     42.271  31.990822     4.0500     0.3079     0.0852     0.1269 3.2419e+00    11.8562      2.035      2.951    12.7206 0.0000e+00
      2.052     -0.099     1.7131     17.778     42.187  31.976743     4.0500     0.3079     0.0852     0.1269 3.3297e+00    11.7059      2.012      2.918    12.7294 0.0000e+00
      2.024     -0.112     1.7670     17.871     42.104  31.964808     4.0500     0.3156     0.0852     0.1269 3.4192e+00    11.7961      1.985      2.878    12.7505 0.0000e+00
      1.992     -0.122     1.8156     17.809     42.026  31.955797     4.0500     0.2812     0.1278     0.1692 3.5540e+00     9.9324      1.953      2.833    12.7873 0.0000e+00
      1.957     -0.128     1.8535     17.604     41.950  31.951269     4.0500     0.3003     0.1278     0.1692 3.7704e+00    10.0226      1.919      2.783    12.8383 0.0000e+00
      1.921     -0.128     1.8773     17.281     41.864  31.946056     4.0500     0.3079     0.1278     0.1692 3.9809e+00     9.9624      1.884      2.732    12.8970 0.0000e+00
      1.885     -0.123     1.8847     16.874     41.762  31.938770     4.0500     0.2965     0.1278     0.1692 4.3339e+00     9.9775      1.848      2.681    12.9570 0.0000e+00
      1.851     -0.113     1.8757     16.420     41.653  31.931432     4.0500     0.3346     0.1278     0.1692 4.7151e+00     3.9504      1.816      2.633    13.0168 0.0000e+00
      1.822     -0.099     1.8517     15.950     41.548  31.926050     4.0500     0.3575     0.0852     0.1269 4.8608e+00     4.0406      1.787      2.592    13.0806 0.0000e+00
      1.800     -0.084     1.8148     15.490     41.456  31.925150     4.0500     0.3575     0.0852     0.1269 4.6480e+00     4.0857      1.765      2.560    13.1535 0.0000e+00
      1.782     -0.070     1.7690     15.049     41.371  31.924535     4.0500     0.3499     0.0852     0.1269 4.7244e+00     4.0406      1.748      2.535    13.2374 0.0000e+00
      1.768     -0.057     1.7180     14.623     41.290  31.924043     4.0500     0.3690     0.0852     0.1269 4.7460e+00     4.5366      1.734      2.515    13.3284 0.0000e+00
      1.756     -0.048     1.6655     14.196     41.219  31.931465     4.0500     0.3575     0.0426     0.1692 4.8114e+00     4.5366      1.723      2.499    13.4189 0.0000e+00
      1.746     -0.042     1.6144     13.757     41.153  31.944822     4.0500     0.3346     0.0426     0.1692 4.8051e+00     4.5666      1.713      2.484    13.5029 0.0000e+00
      1.737     -0.039     1.5658     13.307     41.080  31.955797     4.0500     0.3613     0.0426     0.1692 4.8798e+00     4.5215      1.704      2.472    13.5810 0.0000e+00
      1.729     -0.039     1.5189     12.875     41.001  31.963358     4.0500     0.4148     0.0426     0.1692 4.8936e+00     9.4063      1.696      2.459    13.6566 0.0000e+00
      1.720     -0.042     1.4721     12.505     40.919  31.965564     4.0500     0.4224     0.0852     0.2115 4.9396e+00     9.4514      1.687      2.447    13.7319 0.0000e+00
      1.711     -0.048     1.4241     12.233     40.841  31.963006     4.0500     0.4186     0.0852     0.2115 4.8661e+00     9.4364      1.678      2.433    13.8096 0.0000e+00
      1.699     -0.057     1.3750     12.082     40.781  31.962925     4.0500     0.3995     0.0852     0.2115 4.9805e+00     9.4815      1.667      2.417    13.8919 0.0000e+00
      1.685     -0.070     1.3279     12.063     40.748  31.969263     4.0500     0.3690     0.0852     0.2115 4.9784e+00    10.9093      1.653      2.397    13.9765 0.0000e+00
      1.667     -0.086     1.2875     12.166     40.739  31.983709     4.0500     0.3346     0.0852     0.2115 5.0558e+00    10.8642      1.635      2.371    14.0574 0.0000e+00
      1.644     -0.102     1.2573     12.375     40.747  32.010116     4.0500     0.3423     0.0852     0.2115 5.1534e+00    10.8492      1.612      2.338    14.1286 0.0000e+00
      1.615     -0.118     1.2401     12.671     40.766  32.051566     4.0500     0.3652     0.0852     0.2115 5.7038e+00    10.8642      1.584      2.297    14.1851 0.0000e+00
      1.581     -0.131     1.2370     13.037     40.781  32.107228     4.0500     0.3346     0.0852     0.2115 6.2137e+00     7.7680      1.550      2.248    14.2247 0.0000e+00
      1.542     -0.140     1.2467     13.485     40.772  32.168186     4.0500     0.3804     0.0852     0.2115 6.8119e+00     7.8883      1.513      2.194    14.2518 0.0000e+00
      1.503     -0.143     1.2673     14.041     40.722  32.220993     4.1400     0.3537     0.0852     0.1269 7.4127e+00     7.8432      1.474      2.138    14.2764 0.0000e+00
      1.463     -0.140     1.2964     14.728     40.646  32.265874     4.1400     0.3652     0.0852     0.1269 8.4029e+00     7.8432      1.435      2.081    14.3091 0.0000e+00
      1.425     -0.131     1.3321     15.568     40.570  32.310842     4.1400     0.4300     0.0852     0.1269 9.8026e+00     3.3792      1.397      2.026    14.3624 0.0000e+00
      1.391     -0.118     1.3751     16.571     40.511  32.361954     4.1400     0.4071     0.0852     0.1269 1.0730e+01     3.2740      1.364      1.978    14.4466 0.0000e+00
      1.362     -0.103     1.4280     17.725     40.473  32.426900     4.1400     0.4300     0.0852     0.1692 1.0238e+01     3.3792      1.336      1.938    14.5603 0.0000e+00
      1.340     -0.088     1.4934     18.986     40.436  32.495279     4.1400     0.3957     0.0852     0.1692 1.0452e+01     3.2740      1.314      1.905    14.6895 0.0000e+00
      1.321     -0.075     1.5740     20.289     40.368  32.545723     4.1400     0.4109     0.0852     0.1692 1.0433e+01     3.3492      1.295      1.879    14.8187 0.0000e+00
      1.305     -0.066     1.6710     21.574     40.274  32.575847     4.1400     0.4491     0.0852     0.1692 1.0612e+01     3.3041      1.280      1.856    14.9405 0.0000e+00
      1.291     -0.059     1.7828     22.798     40.181  32.597649     4.2300     0.4148     0.0852     0.2115 1.0700e+01     3.3342      1.266      1.836    15.0574 0.0000e+00
      1.278     -0.057     1.9046     23.937     40.100  32.612987     4.2300     0.4148     0.0852     0.2115 1.0763e+01     3.3642      1.253      1.817    15.1791 0.0000e+00
      1.265     -0.058     2.0298     24.970     40.024  32.614071     4.2300     0.4682     0.0852     0.2115 1.0949e+01     4.4464      1.241      1.799    15.3098 0.0000e+00
      1.251     -0.063     2.1525     25.878     39.966  32.609116     4.2300     0.4682     0.0852     0.2115 1.0980e+01     4.5516      1.227      1.780    15.4412 0.0000e+00
      1.236     -0.070     2.2692     26.636     39.943  32.612643     4.3200     0.4796     0.0000     0.2115 1.0968e+01     4.4915      1.212      1.758    15.5616 0.0000e+00
      1.218     -0.078     2.3778     27.225     39.949  32.625593     4.3200     0.4643     0.0000     0.2115 1.1381e+01     4.4614      1.195      1.732    15.6628 0.0000e+00
      1.197     -0.087     2.4767     27.629     39.967  32.643498     4.3200     0.4415     0.0000     0.2115 1.2621e+01     9.9174      1.174      1.702    15.7410 0.0000e+00
      1.172     -0.096     2.5643     27.824     39.991  32.667169     4.3200     0.4224     0.0000     0.2115 1.3908e+01     9.9925      1.149      1.667    15.7930 0.0000e+00
      1.146     -0.104     2.6382     27.818     40.016  32.698960     4.3200     0.4109     0.0000     0.2115 1.4501e+01     9.9775      1.123      1.629    15.8202 0.0000e+00
      1.118     -0.110     2.6963     27.655     40.042  32.739426     4.3200     0.4033     0.0426     0.3384 1.5178e+01     9.9925      1.096      1.590    15.8307 0.0000e+00
      1.089     -0.116     2.7362     27.405     40.077  32.795400     4.3200     0.4949     0.0426     0.3384 1.6299e+01     6.8362      1.068      1.549    15.8342 0.0000e+00
      1.058     -0.120     2.7553     27.152     40.133  32.877846     4.3200     0.4796     0.0426     0.3384 1.7695e+01     6.8512      1.038      1.505    15.8396 0.0000e+00
      1.027     -0.123     2.7540     26.973     40.195  32.979048     4.3200     0.4834     0.0426     0.3384 1.9176e+01     6.9714      1.007      1.460    15.8534 0.0000e+00
      0.994     -0.125     2.7365     26.938     40.223  33.070547     4.3200     0.4834     0.0426     0.4230 2.0899e+01     6.9113      0.975      1.414    15.8775 0.0000e+00
      0.961     -0.125     2.7098     27.106     40.206  33.137138     4.3200     0.4796     0.0426     0.4230 2.3142e+01     4.5666      0.943      1.367    15.9114 0.0000e+00
      0.928     -0.122     2.6821     27.513     40.167  33.186683     4.3200     0.4758     0.0426     0.4230 2.5803e+01     4.5516      0.910      1.320    15.9569 0.0000e+00
      0.896     -0.116     2.6607     28.174     40.131  33.232398     4.3200     0.4872     0.0426     0.4230 2.9148e+01     4.4314      0.879      1.275    16.0202 0.0000e+00
      0.866     -0.107     2.6524     29.080     40.101  33.272614     4.3200     0.4643     0.0852     0.5922 3.3078e+01     4.5516      0.849      1.231    16.1054 0.0000e+00
      0.838     -0.096     2.6630     30.190     40.072  33.304196     4.3200     0.7238     0.0852     0.5922 3.8538e+01     3.6348      0.822      1.192    16.2058 0.0000e+00
      0.815     -0.083     2.6970     31.424     40.065  33.347448     4.3200     0.6856     0.0852     0.5922 3.9376e+01     3.5746      0.799      1.159    16.3077 0.0000e+00
      0.796     -0.069     2.7563     32.688     40.095  33.421828     4.3200     0.7123     0.0852     0.5922 3.8672e+01     3.4995      0.780      1.132    16.4009 0.0000e+00
      0.781     -0.056     2.8399     33.892     40.150  33.527366     4.5000     0.7047     0.0852     0.7614 3.8005e+01     3.6348      0.766      1.111    16.4820 0.0000e+00
      0.770     -0.045     2.9439     34.968     40.194  33.642700     4.5000     0.7466     0.0852     0.7614 3.8171e+01     5.2430      0.755      1.095    16.5513 0.0000e+00
      0.761     -0.035     3.0603     35.886     40.194  33.739176     4.5000     0.7466     0.0852     0.7614 3.7775e+01     5.1829      0.746      1.082    16.6123 0.0000e+00
      0.753     -0.028     3.1793     36.665     40.146  33.800941     4.5000     0.7619     0.0852     0.7614 3.7415e+01     5.2430      0.739      1.072    16.6738 0.0000e+00
      0.748     -0.022     3.2913     37.371     40.062  33.824666     4.5000     0.7848     0.0852     0.7614 3.7302e+01     5.3031      0.733      1.064    16.7487 0.0000e+00
      0.743     -0.018     3.3888     38.091     39.971  33.820643     4.5900     0.7772     0.0852     1.2267 3.7342e+01     7.8582      0.729      1.057    16.8469 0.0000e+00
      0.740     -0.015     3.4691     38.887     39.876  33.787805     4.5900     0.7428     0.0852     1.2267 3.6987e+01     7.6929      0.725      1.052    16.9670 0.0000e+00
      0.737     -0.013     3.5350     39.754     39.765  33.717395     4.5900     0.7619     0.0852     1.2267 3.6715e+01     7.7981      0.722      1.047    17.0950 0.0000e+00
      0.734     -0.011     3.5945     40.619     39.666  33.636186     4.5900     0.7695     0.0852     1.2267 3.6779e+01     7.8131      0.720      1.044    17.2124 0.0000e+00
      0.731     -0.011     3.6571     41.363     39.617  33.577972     4.5900     0.6475     0.0852     1.3536 3.6627e+01     4.7320      0.717      1.040    17.3036 0.0000e+00
      0.729     -0.012     3.7292     41.853     39.601  33.537129     4.5900     0.6475     0.0852     1.3536 3.6619e+01     4.7320      0.715      1.037    17.3626 0.0000e+00
