Data/DataNotYetUploadedToEDI/Raw_CTD/RawDownloads/062623_bvr50_S8188001.cnv
* Sea-Bird SBE19plus  Data File:
* FileName = C:\R\Reservoirs\Data\DataNotYetUploadedToEDI\Raw_CTD\RawDownloads\062623_fcr50_S8188_0001.hex
* Software version 2.8.0.119
* Temperature SN = 8188
* Conductivity SN = 8188
* System UpLoad Time = Jul 03 2023 16:30:31
* <ApplicationData>
* <Seaterm232>
# nquan = 16
# nvalues = 1797                        
# units = specified
# name 0 = depFM: Depth [fresh water, m]
# name 1 = dz/dtM: Descent Rate [m/s]
# name 2 = sbeox0Mg/L: Oxygen, SBE 43 [mg/l]
# name 3 = sbeox0PS: Oxygen, SBE 43 [% saturation]
# name 4 = specc: Specific Conductance [uS/cm]
# name 5 = c0uS/cm: Conductivity [uS/cm]
# name 6 = wetCDOM: Fluorescence, WET Labs CDOM [mg/m^3]
# name 7 = flECO-AFL: Fluorescence, WET Labs ECO-AFL/FL [mg/m^3]
# name 8 = flECO-AFL1: Fluorescence, WET Labs ECO-AFL/FL, 2 [mg/m^3]
# name 9 = flECO-AFL2: Fluorescence, WET Labs ECO-AFL/FL, 3 [mg/m^3]
# name 10 = par/sat/log: PAR/Logarithmic, Satlantic
# name 11 = turbWETntu0: Turbidity, WET Labs ECO [NTU]
# name 12 = prdM: Pressure, Strain Gauge [db]
# name 13 = prdE: Pressure, Strain Gauge [psi]
# name 14 = tv290C: Temperature [ITS-90, deg C]
# name 15 = flag:  0.000e+00
# span 0 =     -0.833,      9.485       
# span 1 =     -0.199,      0.121       
# span 2 =     0.0744,     8.2476       
# span 3 =      0.691,     95.839       
# span 4 =      0.233,    120.612       
# span 5 =   0.219220,  81.121862       
# span 6 =    -4.5000,     7.5600       
# span 7 =    -1.1989,    44.8567       
# span 8 =    -3.9618,     6.0492       
# span 9 =    -5.9643,    24.9570       
# span 10 = 1.1590e-01, 3.4206e+03      
# span 11 =    -6.9916,     8.6999      
# span 12 =     -0.817,      9.301      
# span 13 =     -1.185,     13.491      
# span 14 =     8.6243,    22.9694      
# span 15 = 0.0000e+00, 0.0000e+00      
# interval = seconds: 0.25
# start_time = Jun 26 2023 09:59:24 [Instrument's time stamp, header]
# bad_flag = -9.990e-29
*END*
[from data line 91]
     -0.723      0.058     7.8574     90.586     27.785  26.472809     0.0900     0.4758    -0.5538     3.9339 7.5810e+02     0.5385     -0.709     -1.029    22.3946 0.0000e+00
     -0.709      0.059     7.8480     90.584     29.830  28.432423     0.0900     0.4987    -0.5538     3.9339 1.5469e+03     0.6137     -0.695     -1.008    22.4607 0.0000e+00
     -0.694      0.061     7.8408     90.581     30.535  29.116599     1.8000     0.5101     0.0852    -0.0423 1.2669e+03     0.6287     -0.680     -0.987    22.5158 0.0000e+00
     -0.678      0.061     7.8347     90.578     30.703  29.289970     1.8000     0.5178     0.0852    -0.0423 1.2437e+03     0.5235     -0.664     -0.964    22.5614 0.0000e+00
     -0.661      0.060     7.8292     90.573     30.690  29.291819     1.8000     0.4987     0.0852    -0.0423 5.5081e+02     0.5536     -0.648     -0.940    22.5989 0.0000e+00
     -0.644      0.057     7.8242     90.568     30.644  29.261234     1.8000     0.5139     0.0852    -0.0423 5.4628e+02     0.5235     -0.631     -0.916    22.6304 0.0000e+00
     -0.629      0.054     7.8197     90.566     30.610  29.239558     3.2400     0.5178     0.0000    -0.2115 8.8553e+02     0.4634     -0.617     -0.895    22.6590 0.0000e+00
     -0.616      0.049     7.8152     90.569     30.588  29.226951     3.2400     0.4987     0.0000    -0.2115 6.0135e+02     0.4935     -0.604     -0.876    22.6867 0.0000e+00
     -0.605      0.045     7.8109     90.577     30.570  29.216091     3.2400     0.5292     0.0000    -0.2115 5.5272e+02     0.5536     -0.593     -0.860    22.7131 0.0000e+00
     -0.595      0.041     7.8070     90.586     30.548  29.200124     3.2400     0.5139     0.0000    -0.2115 6.4032e+02     0.5987     -0.583     -0.846    22.7359 0.0000e+00
     -0.585      0.039     7.8041     90.605     30.518  29.174791     2.4300     0.5139     0.0852     0.3384 5.9433e+02     0.6287     -0.574     -0.833    22.7545 0.0000e+00
     -0.576      0.039     7.8023     90.640     30.472  29.133337     2.4300     0.4872     0.0852     0.3384 4.3777e+02     0.5686     -0.565     -0.820    22.7689 0.0000e+00
     -0.567      0.040     7.8013     90.692     30.415  29.080547     2.4300     0.4262     0.0852     0.3384 5.3628e+02     0.4935     -0.556     -0.807    22.7799 0.0000e+00
     -0.558      0.044     7.8010     90.764     30.387  29.055799     2.4300     0.4453     0.0852     0.3384 1.1048e+03     0.5836     -0.547     -0.793    22.7880 0.0000e+00
     -0.547      0.049     7.8017     90.870     30.439  29.105950     2.5200     0.4415     0.0426     0.1692 1.4740e+03     0.4935     -0.536     -0.778    22.7939 0.0000e+00
     -0.535      0.055     7.8040     91.026     30.572  29.234474     2.5200     0.4033     0.0426     0.1692 1.5302e+03     0.5536     -0.524     -0.760    22.7982 0.0000e+00
     -0.520      0.061     7.8080     91.237     30.729  29.384570     2.5200     0.5139     0.0426     0.1692 1.5730e+03     0.6137     -0.510     -0.739    22.8012 0.0000e+00
     -0.503      0.067     7.8139     91.502     30.820  29.471531     2.5200     0.4949     0.0426     0.1692 1.4759e+03     0.5536     -0.494     -0.715    22.8036 0.0000e+00
     -0.484      0.072     7.8228     91.805     30.792  29.445289     2.5200     0.5025     0.0426     0.1692 1.5209e+03     0.5235     -0.475     -0.689    22.8053 0.0000e+00
     -0.464      0.075     7.8359     92.114     30.652  29.310725     2.1600     0.4949     0.0000     0.0846 1.4673e+03     0.4935     -0.455     -0.660    22.8065 0.0000e+00
     -0.443      0.076     7.8541     92.383     30.445  29.113134     2.1600     0.5139     0.0000     0.0846 1.4110e+03     0.5536     -0.435     -0.631    22.8072 0.0000e+00
     -0.423      0.075     7.8768     92.548     30.222  28.900797     2.1600     0.4758     0.0000     0.0846 7.2208e+02     0.6738     -0.415     -0.601    22.8073 0.0000e+00
     -0.403      0.072     7.9029     92.537     30.012  28.700248     2.1600     0.4872     0.0000     0.0846 5.4830e+02     0.4333     -0.395     -0.573    22.8072 0.0000e+00
     -0.385      0.067     7.9295     92.259     29.832  28.529279     2.3400     0.4949     0.0000     0.0846 7.5760e+02     0.4935     -0.377     -0.547    22.8072 0.0000e+00
     -0.368      0.061     7.9527     91.589     29.694  28.397734     2.3400     0.5788     0.0000     0.0846 5.3384e+02     0.5987     -0.361     -0.523    22.8074 0.0000e+00
     -0.353      0.055     7.9668     90.405     29.593  28.302212     2.3400     0.5864     0.0000     0.0846 7.4019e+02     0.6287     -0.346     -0.502    22.8080 0.0000e+00
     -0.340      0.048     7.9656     88.769     29.521  28.235057     2.3400     0.5559     0.0000     0.0846 1.0436e+03     0.5836     -0.334     -0.483    22.8093 0.0000e+00
     -0.329      0.042     7.9415     86.906     29.473  28.190241     2.4300     0.5788     0.0426     0.2538 1.6826e+03     0.6137     -0.322     -0.467    22.8111 0.0000e+00
     -0.319      0.036     7.8835     84.947     29.441  28.159771     2.4300     0.5559     0.0426     0.2538 1.7312e+03     0.7039     -0.313     -0.454    22.8130 0.0000e+00
     -0.311      0.031     7.7814     82.953     29.415  28.135523     2.4300     0.5712     0.0426     0.2538 1.7297e+03     0.4935     -0.305     -0.442    22.8148 0.0000e+00
     -0.304      0.026     7.6403     81.078     29.392  28.114990     2.4300     0.5750     0.0426     0.2538 1.5999e+03     0.5987     -0.298     -0.432    22.8165 0.0000e+00
     -0.298      0.021     7.4797     79.539     29.381  28.104576     2.4300     0.5254     0.0426     0.2538 1.3012e+03     0.5836     -0.292     -0.424    22.8182 0.0000e+00
     -0.294      0.017     7.3109     78.490     29.386  28.109423     2.3400     0.5788     0.0000     0.1269 1.7128e+03     0.5085     -0.288     -0.417    22.8197 0.0000e+00
     -0.290      0.013     7.1391     77.949     29.400  28.122904     2.3400     0.5788     0.0000     0.1269 1.7569e+03     0.5235     -0.284     -0.412    22.8210 0.0000e+00
     -0.288      0.009     6.9776     77.774     29.414  28.136734     2.3400     0.5521     0.0000     0.1269 1.7850e+03     0.5385     -0.282     -0.409    22.8221 0.0000e+00
     -0.286      0.005     6.8450     77.752     29.424  28.146684     2.3400     0.5788     0.0000     0.1269 1.7858e+03     0.5836     -0.280     -0.406    22.8229 0.0000e+00
     -0.285      0.001     6.7547     77.718     29.414  28.137589     2.3400     0.5902     0.0426     0.1269 1.7516e+03     0.6137     -0.279     -0.405    22.8234 0.0000e+00
     -0.285     -0.003     6.7081     77.552     29.372  28.097123     2.3400     0.5559     0.0426     0.1269 1.4126e+03     0.5235     -0.279     -0.405    22.8237 0.0000e+00
     -0.286     -0.006     6.6930     77.157     29.317  28.044193     2.3400     0.5445     0.0426     0.1269 1.1072e+03     0.5836     -0.280     -0.407    22.8238 0.0000e+00
     -0.289     -0.009     6.6911     76.504     29.273  28.002299     2.3400     0.5712     0.0426     0.1269 9.5488e+02     0.5235     -0.283     -0.410    22.8238 0.0000e+00
     -0.292     -0.010     6.6882     75.642     29.246  27.976109     2.3400     0.5063     0.0000     0.0846 1.3655e+03     0.5836     -0.286     -0.415    22.8239 0.0000e+00
     -0.296     -0.011     6.6739     74.680     29.231  27.962598     2.3400     0.4949     0.0000     0.0846 1.3157e+03     0.5385     -0.290     -0.421    22.8239 0.0000e+00
     -0.299     -0.011     6.6399     73.748     29.223  27.954204     2.3400     0.4949     0.0000     0.0846 1.3071e+03     0.5836     -0.293     -0.425    22.8240 0.0000e+00
     -0.302     -0.010     6.5836     72.968     29.217  27.948687     2.3400     0.5178     0.0000     0.0846 1.3446e+03     0.4784     -0.296     -0.429    22.8241 0.0000e+00
     -0.304     -0.009     6.5095     72.427     29.217  27.948536     2.4300     0.5521     0.0000     0.0846 1.3711e+03     0.5536     -0.298     -0.432    22.8242 0.0000e+00
     -0.306     -0.009     6.4267     72.170     29.218  27.949752     2.4300     0.5635     0.0000     0.0846 1.3834e+03     0.4634     -0.300     -0.435    22.8243 0.0000e+00
     -0.308     -0.010     6.3465     72.195     29.221  27.952658     2.4300     0.5788     0.0000     0.0846 1.3909e+03     0.4935     -0.301     -0.438    22.8244 0.0000e+00
     -0.310     -0.013     6.2793     72.465     29.234  27.965950     2.4300     0.5597     0.0000     0.0846 1.3798e+03     0.5235     -0.304     -0.441    22.8246 0.0000e+00
     -0.313     -0.017     6.2328     72.899     29.263  27.993170     2.4300     0.6093     0.0000     0.0846 1.3249e+03     0.5385     -0.306     -0.445    22.8247 0.0000e+00
     -0.317     -0.024     6.2106     73.401     29.305  28.033659     2.4300     0.5940     0.0852     0.2538 1.3855e+03     0.5085     -0.310     -0.451    22.8249 0.0000e+00
     -0.322     -0.033     6.2128     73.888     29.352  28.078416     2.4300     0.6436     0.0852     0.2538 1.4153e+03     0.4935     -0.316     -0.459    22.8250 0.0000e+00
     -0.331     -0.045     6.2360     74.295     29.395  28.119579     2.4300     0.5902     0.0852     0.2538 1.4436e+03     0.6738     -0.324     -0.471    22.8250 0.0000e+00
     -0.343     -0.057     6.2733     74.566     29.458  28.180003     2.4300     0.5673     0.0852     0.2538 1.4502e+03     0.5536     -0.336     -0.488    22.8249 0.0000e+00
     -0.359     -0.071     6.3165     74.652     29.562  28.279760     2.3400     0.5445     0.0000     0.2115 1.5057e+03     0.6137     -0.352     -0.511    22.8249 0.0000e+00
     -0.380     -0.082     6.3585     74.543     29.700  28.413777     2.3400     0.5292     0.0000     0.2115 1.5624e+03     0.5536     -0.372     -0.540    22.8248 0.0000e+00
     -0.405     -0.090     6.3935     74.286     29.884  28.592055     2.3400     0.5445     0.0000     0.2115 1.3900e+03     0.5536     -0.397     -0.576    22.8249 0.0000e+00
     -0.432     -0.092     6.4167     73.973     30.160  28.860154     2.3400     0.4376     0.0000     0.2115 1.3744e+03     0.5536     -0.423     -0.614    22.8253 0.0000e+00
     -0.460     -0.087     6.4240     73.737     30.613  29.299466     2.4300     0.4415     0.0000     0.1269 1.4135e+03     0.6137     -0.450     -0.654    22.8264 0.0000e+00
     -0.485     -0.074     6.4144     73.726     31.299  29.965766     2.4300     0.4605     0.0000     0.1269 1.2597e+03     0.5085     -0.476     -0.690    22.8284 0.0000e+00
     -0.506     -0.054     6.3918     74.072     32.097  30.741728     2.4300     0.4567     0.0000     0.1269 9.1348e+02     0.4333     -0.496     -0.720    22.8320 0.0000e+00
     -0.520     -0.029     6.3642     74.814     32.707  31.341250     2.4300     0.4224     0.0000     0.1269 8.0216e+02     0.5686     -0.509     -0.739    22.8383 0.0000e+00
     -0.524      0.001     6.3426     75.860     32.915  31.557888     2.2500     0.4376     0.0426     0.1692 7.7999e+02     0.5536     -0.514     -0.746    22.8482 0.0000e+00
     -0.520      0.032     6.3400     77.033     32.786  31.449412     2.2500     0.4300     0.0426     0.1692 4.7752e+02     0.5536     -0.509     -0.739    22.8619 0.0000e+00
     -0.506      0.061     6.3674     78.176     32.496  31.180957     2.2500     0.4491     0.0426     0.1692 4.7607e+02     0.5686     -0.496     -0.720    22.8803 0.0000e+00
     -0.485      0.085     6.4282     79.216     32.065  30.768063     2.2500     0.5063     0.0426     0.1692 1.3094e+03     0.4183     -0.475     -0.689    22.9042 0.0000e+00
     -0.456      0.102     6.5147     80.140     31.387  30.110526     2.2500     0.4872     0.0426     0.1692 1.3988e+03     0.5987     -0.447     -0.649    22.9315 0.0000e+00
     -0.423      0.112     6.6124     81.035     30.566  29.310193     1.8900     0.5025     0.0426     0.0846 1.2466e+03     0.4333     -0.415     -0.601    22.9556 0.0000e+00
     -0.389      0.113     6.7090     82.151     29.913  28.668424     1.8900     0.4987     0.0426     0.0846 1.1166e+03     0.5686     -0.381     -0.553    22.9692 0.0000e+00
     -0.357      0.108     6.7983     83.765     29.520  28.277406     1.8900     0.5750     0.0426     0.0846 1.3732e+03     0.5836     -0.350     -0.508    22.9694 0.0000e+00
     -0.330      0.098     6.8793     85.933     29.284  28.038805     1.8900     0.5635     0.0426     0.0846 1.3274e+03     0.5235     -0.323     -0.469    22.9579 0.0000e+00
     -0.307      0.085     6.9589     88.447     29.137  27.888995     2.4300     0.5635     0.0426     0.1692 1.4830e+03     0.5385     -0.301     -0.437    22.9376 0.0000e+00
     -0.288      0.073     7.0581     90.965     29.047  27.795945     2.4300     0.5712     0.0426     0.1692 1.3165e+03     0.5235     -0.282     -0.409    22.9123 0.0000e+00
     -0.272      0.061     7.2003     93.147     28.991  27.738800     2.4300     0.4872     0.0426     0.1692 1.0208e+03     0.5987     -0.266     -0.387    22.8874 0.0000e+00
     -0.258      0.050     7.3895     94.754     28.960  27.706282     2.4300     0.5063     0.0426     0.1692 1.0194e+03     0.4333     -0.253     -0.367    22.8670 0.0000e+00
     -0.247      0.041     7.6078     95.658     28.940  27.685759     2.3400     0.5025     0.0426     0.0846 1.2172e+03     0.5686     -0.242     -0.352    22.8518 0.0000e+00
     -0.238      0.033     7.8259     95.839     28.923  27.667799     2.3400     0.4872     0.0426     0.0846 1.2760e+03     0.5536     -0.234     -0.339    22.8413 0.0000e+00
     -0.231      0.027     8.0146     95.432     28.911  27.655532     2.3400     0.5750     0.0426     0.0846 1.7032e+03     0.5536     -0.227     -0.329    22.8344 0.0000e+00
     -0.226      0.021     8.1535     94.675     28.906  27.649646     2.3400     0.5750     0.0426     0.0846 1.2551e+03     0.5385     -0.221     -0.321    22.8298 0.0000e+00
     -0.221      0.017     8.2317     93.804     28.906  27.648570     2.3400     0.5864     0.0000     0.2538 1.1084e+03     0.6888     -0.217     -0.315    22.8268 0.0000e+00
     -0.218      0.013     8.2476     92.979     28.906  27.648060     2.3400     0.5521     0.0000     0.2538 1.2434e+03     0.4935     -0.214     -0.310    22.8246 0.0000e+00
     -0.215      0.010     8.2128     92.265     28.906  27.647978     2.3400     0.5139     0.0000     0.2538 1.3554e+03     0.5085     -0.211     -0.306    22.8230 0.0000e+00
     -0.213      0.008     8.1479     91.656     28.910  27.652263     2.3400     0.5025     0.0000     0.2538 1.1536e+03     0.5836     -0.209     -0.304    22.8217 0.0000e+00
     -0.212      0.006     8.0731     91.121     28.916  27.658097     2.3400     0.5330     0.0000     0.2538 1.1581e+03     0.5987     -0.208     -0.302    22.8206 0.0000e+00
     -0.211      0.005     8.0022     90.639     28.921  27.663076     2.4300     0.4987     0.0000     0.2115 1.1670e+03     0.5385     -0.207     -0.300    22.8196 0.0000e+00
     -0.210      0.004     7.9409     90.209     28.927  27.668530     2.4300     0.5406     0.0000     0.2115 1.4095e+03     0.5536     -0.206     -0.299    22.8190 0.0000e+00
     -0.209      0.004     7.8885     89.844     28.934  27.675912     2.4300     0.5712     0.0000     0.2115 1.1680e+03     0.5385     -0.205     -0.297    22.8187 0.0000e+00
     -0.208      0.003     7.8424     89.544     28.942  27.683231     2.4300     0.5750     0.0000     0.2115 1.0782e+03     0.5686     -0.204     -0.296    22.8189 0.0000e+00
     -0.207      0.003     7.8008     89.313     28.943  27.684520     2.3400     0.5864     0.0426     0.2115 1.3037e+03     0.4634     -0.203     -0.295    22.8195 0.0000e+00
     -0.207      0.002     7.7637     89.167     28.934  27.676163     2.3400     0.5979     0.0426     0.2115 1.3157e+03     0.4935     -0.203     -0.294    22.8201 0.0000e+00
