Data/DataNotYetUploadedToEDI/Raw_CTD/RawDownloads/062723_fcrXX_S8188012.cnv
* Sea-Bird SBE19plus  Data File:
* FileName = C:\R\Reservoirs\Data\DataNotYetUploadedToEDI\Raw_CTD\RawDownloads\062623_fcr50_S8188_0012.hex
* Software version 2.8.0.119
* Temperature SN = 8188
* Conductivity SN = 8188
* System UpLoad Time = Jul 03 2023 16:33:41
* <ApplicationData>
* <Seaterm232>
# nquan = 16
# nvalues = 849                         
# units = specified
# name 0 = depFM: Depth [fresh water, m]
# name 1 = dz/dtM: Descent Rate [m/s]
# name 2 = sbeox0Mg/L: Oxygen, SBE 43 [mg/l]
# name 3 = sbeox0PS: Oxygen, SBE 43 [% saturation]
# name 4 = specc: Specific Conductance [uS/cm]
# name 5 = c0uS/cm: Conductivity [uS/cm]
# name 6 = wetCDOM: Fluorescence, WET Labs CDOM [mg/m^3]
# name 7 = flECO-AFL: Fluorescence, WET Labs ECO-AFL/FL [mg/m^3]
# name 8 = flECO-AFL1: Fluorescence, WET Labs ECO-AFL/FL, 2 [mg/m^3]
# name 9 = flECO-AFL2: Fluorescence, WET Labs ECO-AFL/FL, 3 [mg/m^3]
# name 10 = par/sat/log: PAR/Logarithmic, Satlantic
# name 11 = turbWETntu0: Turbidity, WET Labs ECO [NTU]
# name 12 = prdM: Pressure, Strain Gauge [db]
# name 13 = prdE: Pressure, Strain Gauge [psi]
# name 14 = tv290C: Temperature [ITS-90, deg C]
# name 15 = flag:  0.000e+00
# span 0 =     -0.729,      4.617       
# span 1 =     -0.179,      0.161       
# span 2 =     0.0621,    17.4728       
# span 3 =      0.618,    207.702       
# span 4 =      0.278,     49.428       
# span 5 =   0.263717,  48.571650       
# span 6 =    -4.5000,     7.0200       
# span 7 =    -0.1346,     4.9047       
# span 8 =    -2.1300,     0.5112       
# span 9 =    -2.0304,    21.1500       
# span 10 = 1.1585e-01, 7.5317e+02      
# span 11 =    -0.6037,    25.2481      
# span 12 =     -0.715,      4.528      
# span 13 =     -1.037,      6.567      
# span 14 =    10.6076,    24.8060      
# span 15 = 0.0000e+00, 0.0000e+00      
# interval = seconds: 0.25
# start_time = Jun 27 2023 15:03:14 [Instrument's time stamp, header]
# bad_flag = -9.990e-29
*END*
[from data line 91]
     -0.216     -0.002     9.4617    112.321     46.642  45.800371     6.7500     2.9134     0.3834    19.5003 1.5765e+02    20.3633     -0.212     -0.307    24.0874 0.0000e+00
     -0.216      0.000     9.4671    112.014     46.590  45.751168     6.7500     2.9592     0.3834    19.5003 1.4078e+02    20.3934     -0.212     -0.307    24.0839 0.0000e+00
     -0.216      0.002     9.4677    111.674     46.532  45.695267     6.8400     2.9439     0.3834    19.7964 1.3544e+02    20.4234     -0.212     -0.307    24.0848 0.0000e+00
     -0.215      0.003     9.4576    111.322     46.469  45.633613     6.8400     2.9439     0.3834    19.7964 1.5656e+02    20.3483     -0.211     -0.306    24.0883 0.0000e+00
     -0.215      0.004     9.4375    110.942     46.414  45.579487     6.8400     2.8791     0.3834    19.7964 1.8832e+02    21.1298     -0.211     -0.305    24.0919 0.0000e+00
     -0.214      0.005     9.4112    110.498     46.371  45.538268     6.8400     2.8943     0.3834    19.7964 2.1126e+02    21.1599     -0.209     -0.304    24.0942 0.0000e+00
     -0.212      0.007     9.3825    109.950     46.339  45.506893     6.8400     2.8867     0.4260    19.7964 2.1618e+02    21.1148     -0.208     -0.301    24.0952 0.0000e+00
     -0.210      0.008     9.3528    109.269     46.312  45.480956     6.8400     2.8982     0.4260    19.7964 2.3291e+02    21.0998     -0.206     -0.299    24.0955 0.0000e+00
     -0.208      0.009     9.3209    108.453     46.283  45.453542     6.8400     2.9363     0.4260    19.7964 2.3367e+02    21.5958     -0.204     -0.296    24.0956 0.0000e+00
     -0.206      0.010     9.2836    107.525     46.250  45.421302     6.8400     2.9401     0.4260    19.7964 2.3135e+02    21.5958     -0.201     -0.292    24.0959 0.0000e+00
     -0.203      0.010     9.2375    106.518     46.207  45.379604     6.8400     2.9516     0.4260    19.7964 2.4677e+02    21.5356     -0.199     -0.288    24.0964 0.0000e+00
     -0.200      0.010     9.1801    105.462     46.156  45.329216     6.7500     2.9592     0.4260    19.3734 3.1388e+02    21.5657     -0.196     -0.284    24.0971 0.0000e+00
     -0.197      0.010     9.1115    104.381     46.109  45.282459     6.7500     2.8524     0.4260    19.3734 3.3422e+02    21.5657     -0.194     -0.280    24.0979 0.0000e+00
     -0.195      0.009     9.0334    103.284     46.069  45.242718     6.7500     2.8943     0.4260    19.3734 3.3626e+02    21.6258     -0.191     -0.276    24.0985 0.0000e+00
     -0.192      0.007     8.9487    102.180     46.027  45.201376     6.7500     2.8943     0.4260    19.3734 3.2605e+02    21.5056     -0.188     -0.273    24.0987 0.0000e+00
     -0.190      0.005     8.8601    101.089     45.981  45.155333     6.6600     2.8867     0.4260    19.2042 3.1758e+02    21.5356     -0.186     -0.270    24.0985 0.0000e+00
     -0.189      0.003     8.7693    100.053     45.934  45.108163     6.6600     2.7608     0.4260    19.2042 3.0747e+02    20.9495     -0.185     -0.268    24.0981 0.0000e+00
     -0.188      0.000     8.6772     99.144     45.884  45.059176     6.6600     2.7608     0.4260    19.2042 3.0793e+02    20.8593     -0.185     -0.268    24.0978 0.0000e+00
     -0.189     -0.002     8.5845     98.446     45.836  45.011160     6.6600     2.7379     0.4260    19.2042 3.1157e+02    20.8142     -0.185     -0.268    24.0974 0.0000e+00
     -0.190     -0.005     8.4929     98.057     45.795  44.971125     6.7500     2.7837     0.3834    19.5849 3.0171e+02    20.9194     -0.186     -0.269    24.0968 0.0000e+00
     -0.191     -0.007     8.4060     98.069     45.760  44.936321     6.7500     2.7875     0.3834    19.5849 2.9994e+02    20.3332     -0.187     -0.272    24.0961 0.0000e+00
     -0.194     -0.009     8.3297     98.514     45.730  44.905393     6.7500     2.7456     0.3834    19.5849 3.2217e+02    20.3783     -0.190     -0.275    24.0955 0.0000e+00
     -0.197     -0.011     8.2711     99.334     45.711  44.885944     6.7500     2.7761     0.3834    19.5849 3.3817e+02    20.3934     -0.193     -0.280    24.0951 0.0000e+00
     -0.201     -0.011     8.2385    100.435     45.694  44.868824     6.6600     2.7379     0.4260    19.1196 3.4952e+02    20.3633     -0.197     -0.285    24.0946 0.0000e+00
     -0.204     -0.011     8.2397    101.711     45.653  44.829655     6.6600     2.7494     0.4260    19.1196 3.5403e+02    20.7240     -0.200     -0.289    24.0938 0.0000e+00
     -0.206     -0.009     8.2773    103.023     45.593  44.771861     6.6600     2.7570     0.4260    19.1196 3.4268e+02    20.9946     -0.202     -0.293    24.0926 0.0000e+00
     -0.209     -0.008     8.3463    104.196     45.539  44.719658     6.6600     2.7761     0.4260    19.1196 3.4710e+02    21.1449     -0.204     -0.297    24.0915 0.0000e+00
     -0.211     -0.006     8.4389    105.077     45.499  44.680921     6.6600     2.7723     0.4260    19.1196 3.4740e+02    21.0547     -0.206     -0.300    24.0912 0.0000e+00
     -0.212     -0.004     8.5460    105.582     45.472  44.653246     6.4800     2.7303     0.3834    17.8083 3.4276e+02    21.1449     -0.208     -0.301    24.0919 0.0000e+00
     -0.212     -0.002     8.6559    105.712     45.453  44.633215     6.4800     2.7646     0.3834    17.8083 3.3765e+02    21.1449     -0.208     -0.302    24.0934 0.0000e+00
     -0.212     -0.001     8.7543    105.520     45.441  44.619450     6.4800     2.7799     0.3834    17.8083 3.4164e+02    21.1298     -0.208     -0.302    24.0947 0.0000e+00
     -0.212      0.000     8.8283    105.074     45.435  44.612242     6.4800     2.7494     0.3834    17.8083 3.4417e+02    21.1599     -0.208     -0.302    24.0949 0.0000e+00
     -0.212      0.001     8.8709    104.451     45.434  44.609669     6.5700     2.7570     0.3834    18.2736 3.4194e+02    21.0847     -0.208     -0.301    24.0939 0.0000e+00
     -0.211      0.001     8.8821    103.739     45.437  44.611045     6.5700     2.7532     0.3834    18.2736 3.3780e+02    21.0096     -0.207     -0.301    24.0922 0.0000e+00
     -0.211      0.002     8.8663    103.019     45.436  44.608812     6.5700     2.7723     0.3834    18.2736 3.3437e+02    21.0847     -0.207     -0.300    24.0904 0.0000e+00
     -0.211      0.002     8.8290    102.337     45.423  44.594448     6.5700     2.7799     0.3834    18.2736 3.3018e+02    21.0096     -0.206     -0.299    24.0888 0.0000e+00
     -0.210      0.002     8.7769    101.709     45.401  44.572048     6.6600     2.7456     0.3834    18.4428 3.2925e+02    21.1148     -0.206     -0.299    24.0872 0.0000e+00
     -0.210      0.002     8.7174    101.138     45.382  44.551490     6.6600     2.7112     0.3834    18.4428 3.2832e+02    21.1148     -0.206     -0.298    24.0856 0.0000e+00
     -0.209      0.001     8.6571    100.620     45.371  44.539180     6.6600     2.6807     0.3834    18.4428 3.2882e+02    21.0847     -0.205     -0.298    24.0841 0.0000e+00
     -0.209      0.001     8.6000    100.136     45.365  44.531836     6.6600     2.7074     0.3834    18.4428 3.3162e+02    21.1148     -0.205     -0.297    24.0826 0.0000e+00
     -0.209      0.001     8.5475     99.648     45.358  44.523535     6.4800     2.7151     0.3834    17.8506 3.3306e+02    21.0697     -0.205     -0.297    24.0811 0.0000e+00
     -0.209      0.001     8.4998     99.118     45.347  44.512065     6.4800     2.6960     0.3834    17.8506 3.3357e+02    21.4605     -0.204     -0.297    24.0794 0.0000e+00
     -0.208      0.001     8.4566     98.524     45.334  44.498329     6.4800     2.6807     0.3834    17.8506 3.3314e+02    21.3102     -0.204     -0.296    24.0776 0.0000e+00
     -0.208      0.001     8.4162     97.862     45.323  44.486590     6.4800     2.6883     0.3834    17.8506 3.3097e+02    21.3403     -0.204     -0.296    24.0759 0.0000e+00
     -0.207      0.001     8.3754     97.139     45.315  44.477681     6.4800     2.6960     0.3834    17.8506 3.2747e+02    21.4004     -0.203     -0.295    24.0744 0.0000e+00
     -0.207      0.002     8.3310     96.372     45.308  44.469225     6.5700     2.7799     0.3834    17.9775 3.2301e+02    21.6859     -0.203     -0.294    24.0731 0.0000e+00
     -0.207      0.002     8.2813     95.582     45.298  44.458967     6.5700     2.7570     0.3834    17.9775 3.2091e+02    21.5356     -0.203     -0.294    24.0720 0.0000e+00
     -0.206      0.002     8.2258     94.787     45.288  44.448135     6.5700     2.7646     0.3834    17.9775 3.1218e+02    21.5657     -0.202     -0.293    24.0710 0.0000e+00
     -0.206      0.001     8.1652     94.010     45.279  44.437802     6.5700     2.7494     0.3834    17.9775 3.1056e+02    21.5958     -0.202     -0.293    24.0700 0.0000e+00
     -0.205      0.001     8.1009     93.268     45.271  44.429177     6.7500     2.7723     0.3834    18.6543 3.0975e+02    22.7230     -0.201     -0.292    24.0689 0.0000e+00
     -0.205      0.001     8.0346     92.565     45.267  44.423922     6.7500     2.7875     0.3834    18.6543 3.1029e+02    22.7381     -0.201     -0.292    24.0678 0.0000e+00
     -0.205      0.001     7.9680     91.903     45.265  44.420634     6.7500     2.7685     0.3834    18.6543 3.1110e+02    22.7681     -0.201     -0.291    24.0666 0.0000e+00
     -0.205      0.000     7.9029     91.282     45.264  44.418439     6.7500     2.7646     0.3834    18.6543 3.1628e+02    22.8733     -0.201     -0.291    24.0654 0.0000e+00
     -0.205      0.000     7.8407     90.700     45.263  44.416749     6.5700     2.7570     0.3834    17.8506 3.2224e+02    22.0617     -0.201     -0.291    24.0641 0.0000e+00
     -0.205      0.000     7.7817     90.158     45.262  44.415115     6.5700     2.7532     0.3834    17.8506 3.2400e+02    22.0918     -0.201     -0.291    24.0629 0.0000e+00
     -0.205      0.000     7.7262     89.658     45.257  44.409138     6.5700     2.7456     0.3834    17.8506 3.2470e+02    22.0918     -0.201     -0.291    24.0617 0.0000e+00
     -0.205      0.000     7.6742     89.197     45.250  44.401187     6.5700     2.7494     0.3834    17.8506 3.2336e+02    22.1068     -0.201     -0.290    24.0605 0.0000e+00
     -0.204      0.001     7.6255     88.783     45.251  44.401029     6.5700     2.7646     0.3834    17.8506 3.2238e+02    22.0166     -0.200     -0.290    24.0594 0.0000e+00
     -0.204      0.001     7.5801     88.431     45.264  44.412585     6.6600     2.7494     0.4260    17.5545 3.2147e+02    22.0918     -0.200     -0.290    24.0582 0.0000e+00
     -0.204      0.001     7.5382     88.164     45.292  44.438937     6.6600     2.7379     0.4260    17.5545 3.2029e+02    22.0467     -0.200     -0.290    24.0571 0.0000e+00
     -0.204      0.001     7.4996     88.018     45.338  44.483149     6.6600     2.7723     0.4260    17.5545 3.1911e+02    22.0767     -0.200     -0.289    24.0560 0.0000e+00
     -0.203      0.001     7.4649     88.059     45.410  44.553048     6.6600     2.7646     0.4260    17.5545 3.1683e+02    22.6028     -0.199     -0.289    24.0549 0.0000e+00
     -0.203      0.001     7.4355     88.401     45.531  44.671236     6.4800     2.7570     0.3834    17.9775 3.1607e+02    22.6328     -0.199     -0.288    24.0537 0.0000e+00
     -0.203      0.001     7.4132     89.235     45.738  44.873194     6.4800     2.7494     0.3834    17.9775 3.1436e+02    22.5276     -0.199     -0.288    24.0526 0.0000e+00
     -0.202      0.002     7.4011     90.877     46.085  45.212776     6.4800     2.7646     0.3834    17.9775 3.1347e+02    22.5727     -0.198     -0.287    24.0515 0.0000e+00
     -0.202      0.002     7.4047     93.849     46.668  45.784500     6.4800     2.7570     0.3834    17.9775 3.1150e+02    21.6258     -0.198     -0.286    24.0505 0.0000e+00
     -0.201      0.002     7.4335     99.028     47.441  46.542676     6.5700     2.7608     0.3834    17.4276 3.1029e+02    21.5356     -0.197     -0.286    24.0496 0.0000e+00
     -0.201      0.002     7.5038    107.563     48.135  47.223827     6.5700     2.7646     0.3834    17.4276 3.0934e+02    21.5958     -0.197     -0.285    24.0488 0.0000e+00
     -0.200      0.002     7.6419    120.154     48.604  47.684615     6.5700     2.7456     0.3834    17.4276 3.0767e+02    21.6258     -0.196     -0.284    24.0481 0.0000e+00
     -0.199      0.002     7.8917    136.237     48.902  47.980540     6.5700     2.8066     0.3834    17.4276 3.0627e+02    22.3623     -0.195     -0.283    24.0477 0.0000e+00
     -0.198      0.002     8.3271    154.099     49.088  48.170697     6.6600     2.8066     0.3834    17.6391 3.0487e+02    22.3322     -0.194     -0.282    24.0477 0.0000e+00
     -0.198      0.001     9.0446    171.642     49.188  48.280033     6.6600     2.8371     0.3834    17.6391 3.0381e+02    22.3322     -0.194     -0.281    24.0480 0.0000e+00
     -0.198      0.000    10.1030    186.945     49.230  48.325816     6.6600     2.8066     0.3834    17.6391 3.0217e+02    22.2721     -0.194     -0.281    24.0487 0.0000e+00
     -0.198      0.000    11.4543    198.524     49.244  48.332145     6.6600     2.7952     0.3834    17.6391 3.0086e+02    21.5356     -0.194     -0.281    24.0519 0.0000e+00
     -0.198     -0.001    12.9540    205.483     49.255  48.324489     6.6600     2.8448     0.3834    17.6391 3.0092e+02    21.6108     -0.194     -0.281    24.0601 0.0000e+00
     -0.198     -0.001    14.4260    207.702     49.275  48.322604     6.6600     2.8142     0.4260    17.7237 2.8938e+02    21.5807     -0.194     -0.282    24.0709 0.0000e+00
     -0.199     -0.001    15.7114    205.888     49.306  48.337874     6.6600     2.8333     0.4260    17.7237 2.8470e+02    21.5206     -0.195     -0.283    24.0760 0.0000e+00
     -0.200     -0.001    16.6875    201.310     49.344  48.372389     6.6600     2.6883     0.4260    17.7237 2.8750e+02    22.5276     -0.196     -0.284    24.0685 0.0000e+00
     -0.200     -0.001    17.2789    195.346     49.384  48.425443     6.6600     2.7074     0.4260    17.7237 2.8863e+02    22.5276     -0.196     -0.284    24.0498 0.0000e+00
     -0.200      0.000    17.4728    189.123     49.417  48.487403     6.6600     2.6883     0.4260    17.6814 2.8576e+02    22.5126     -0.196     -0.284    24.0280 0.0000e+00
     -0.200      0.000    17.3256    183.352     49.428  48.537142     6.6600     2.6769     0.4260    17.6814 2.8390e+02    22.5427     -0.196     -0.284    24.0123 0.0000e+00
     -0.200      0.000    16.9416    178.381     49.414  48.564144     6.6600     2.7646     0.4260    17.6814 2.8273e+02    22.0016     -0.196     -0.284    24.0095 0.0000e+00
     -0.200      0.000    16.4358    174.310     49.386  48.571650     6.6600     2.7646     0.4260    17.6814 2.8551e+02    22.1068     -0.196     -0.284    24.0233 0.0000e+00
     -0.200      0.000    15.9038    171.075     49.350  48.561664     6.6600     2.7570     0.3834    18.1044 2.8762e+02    22.0316     -0.196     -0.284    24.0532 0.0000e+00
     -0.200      0.001    15.4071    168.550     49.311  48.535487     6.6600     2.7379     0.3834    18.1044 2.9324e+02    22.1068     -0.196     -0.284    24.0934 0.0000e+00
     -0.199      0.001    14.9777    166.600     49.274  48.494067     6.6600     2.6960     0.3834    18.1044 2.9612e+02    22.3322     -0.195     -0.284    24.1347 0.0000e+00
     -0.199      0.001    14.6259    165.082     49.248  48.450139     6.6600     2.6998     0.3834    18.1044 2.9722e+02    22.3322     -0.195     -0.283    24.1702 0.0000e+00
     -0.199      0.001    14.3471    163.884     49.245  48.423696     6.6600     2.6655     0.4260    18.8235 2.9625e+02    22.3172     -0.195     -0.283    24.1959 0.0000e+00
     -0.199      0.001    14.1320    162.950     49.256  48.411647     6.6600     2.6883     0.4260    18.8235 2.9529e+02    22.3022     -0.195     -0.282    24.2075 0.0000e+00
