Data/DataNotYetUploadedToEDI/Raw_CTD/RawDownloads/062723_fcrXX_S8188014.cnv
* Sea-Bird SBE19plus  Data File:
* FileName = C:\R\Reservoirs\Data\DataNotYetUploadedToEDI\Raw_CTD\RawDownloads\062623_fcr50_S8188_0014.hex
* Software version 2.8.0.119
* Temperature SN = 8188
* Conductivity SN = 8188
* System UpLoad Time = Jul 03 2023 16:34:07
* <ApplicationData>
* <Seaterm232>
# nquan = 16
# nvalues = 847                         
# units = specified
# name 0 = depFM: Depth [fresh water, m]
# name 1 = dz/dtM: Descent Rate [m/s]
# name 2 = sbeox0Mg/L: Oxygen, SBE 43 [mg/l]
# name 3 = sbeox0PS: Oxygen, SBE 43 [% saturation]
# name 4 = specc: Specific Conductance [uS/cm]
# name 5 = c0uS/cm: Conductivity [uS/cm]
# name 6 = wetCDOM: Fluorescence, WET Labs CDOM [mg/m^3]
# name 7 = flECO-AFL: Fluorescence, WET Labs ECO-AFL/FL [mg/m^3]
# name 8 = flECO-AFL1: Fluorescence, WET Labs ECO-AFL/FL, 2 [mg/m^3]
# name 9 = flECO-AFL2: Fluorescence, WET Labs ECO-AFL/FL, 3 [mg/m^3]
# name 10 = par/sat/log: PAR/Logarithmic, Satlantic
# name 11 = turbWETntu0: Turbidity, WET Labs ECO [NTU]
# name 12 = prdM: Pressure, Strain Gauge [db]
# name 13 = prdE: Pressure, Strain Gauge [psi]
# name 14 = tv290C: Temperature [ITS-90, deg C]
# name 15 = flag:  0.000e+00
# span 0 =     -0.718,      6.696       
# span 1 =     -0.245,      0.168       
# span 2 =     0.0622,    14.6432       
# span 3 =      0.577,    161.615       
# span 4 =      0.439,     47.746       
# span 5 =   0.377055,  47.230262       
# span 6 =    -4.5000,     7.2900       
# span 7 =    -0.9891,     4.2333       
# span 8 =    -2.1300,     0.5112       
# span 9 =    -2.0304,    20.6847       
# span 10 = 1.1595e-01, 5.0113e+02      
# span 11 =    -0.6488,    57.8334      
# span 12 =     -0.705,      6.567      
# span 13 =     -1.022,      9.524      
# span 14 =    10.5909,    24.4905      
# span 15 = 0.0000e+00, 0.0000e+00      
# interval = seconds: 0.25
# start_time = Jun 27 2023 15:15:35 [Instrument's time stamp, header]
# bad_flag = -9.990e-29
*END*
[from data line 91]
     -0.718 5.8041e-22     8.7092     91.758      0.464   0.398489     0.2700    -0.3291     0.0000    -0.0423 4.7380e+02     3.1538     -0.704     -1.021    17.8791 0.0000e+00
     -0.718 7.4624e-22     8.7089     91.753      0.456   0.391127     0.2700    -0.3100     0.0000    -0.0423 4.7453e+02     3.0786     -0.704     -1.021    17.8797 0.0000e+00
     -0.718 9.5946e-22     8.7085     91.751      0.452   0.388246     0.0900    -0.3062     0.0000     0.0000 4.7483e+02     3.1538     -0.704     -1.021    17.8803 0.0000e+00
     -0.718 1.2336e-21     8.7080     91.752      0.453   0.389076     0.0900    -0.2910     0.0000     0.0000 4.7411e+02     3.1087     -0.704     -1.021    17.8809 0.0000e+00
     -0.718 1.5860e-21     8.7075     91.752      0.454   0.389885     0.0900     0.0562     0.0000     0.0000 4.7278e+02     3.1688     -0.704     -1.022    17.8815 0.0000e+00
     -0.718 2.0392e-21     8.7069     91.750      0.455   0.390889     0.0900     0.0638     0.0000     0.0000 4.7257e+02     3.2740     -0.704     -1.022    17.8821 0.0000e+00
     -0.718 2.6218e-21     8.7066     91.746      0.457   0.392355     0.0900     0.0447     0.0000     0.0000 4.7867e+02     3.1838     -0.705     -1.022    17.8828 0.0000e+00
     -0.718 3.3709e-21     8.7066     91.739      0.460   0.394675     0.0900     0.0714     0.0000     0.0000 4.7804e+02     3.2139     -0.705     -1.022    17.8834 0.0000e+00
     -0.718 4.3341e-21     8.7065     91.733      0.460   0.394513     0.0900    -0.0583     0.0000     0.0000 4.7236e+02     0.8391     -0.705     -1.022    17.8839 0.0000e+00
     -0.718 5.5724e-21     8.7062     91.734      0.457   0.391825     0.0900    -0.0430     0.0000     0.0000 4.6372e+02     0.7790     -0.704     -1.022    17.8845 0.0000e+00
     -0.718 7.1645e-21     8.7057     91.741      0.459   0.393804     0.3600    -0.0773     0.0000    -0.0423 4.6251e+02     0.8241     -0.704     -1.022    17.8852 0.0000e+00
     -0.718 9.2114e-21     8.7049     91.747      0.462   0.397023     0.3600    -0.0812     0.0000    -0.0423 4.7308e+02     0.7790     -0.704     -1.022    17.8858 0.0000e+00
     -0.718 1.1843e-20     8.7043     91.751      0.459   0.394432     0.3600    -0.2490     0.0000    -0.0423 4.8044e+02     2.4925     -0.704     -1.022    17.8864 0.0000e+00
     -0.718 1.5227e-20     8.7042     91.752      0.458   0.393248     0.3600    -0.2643     0.0000    -0.0423 4.8243e+02     2.4774     -0.704     -1.022    17.8870 0.0000e+00
     -0.718 1.9578e-20     8.7048     91.755      0.463   0.397110     0.3600    -0.2490     0.0000    -0.0423 4.8190e+02     2.4925     -0.704     -1.022    17.8876 0.0000e+00
     -0.718 2.5171e-20     8.7053     91.758      0.465   0.399139     0.0900    -0.2376     0.0000     0.0423 4.7971e+02     2.4774     -0.704     -1.022    17.8882 0.0000e+00
     -0.718 3.2363e-20     8.7055     91.756      0.461   0.395922     0.0900    -0.1155     0.0000     0.0423 4.7919e+02     2.4323     -0.704     -1.022    17.8888 0.0000e+00
     -0.718 4.1610e-20     8.7055     91.752      0.455   0.390556     0.0900    -0.1117     0.0000     0.0423 4.7908e+02     2.4023     -0.704     -1.022    17.8894 0.0000e+00
     -0.718 5.3498e-20     8.7056     91.749      0.454   0.389518     0.0900    -0.1117     0.0000     0.0423 4.7940e+02     2.4624     -0.704     -1.022    17.8900 0.0000e+00
     -0.718 6.8783e-20     8.7059     91.746      0.457   0.392531    -0.0900    -0.1155     0.0426    -0.0423 4.7711e+02     2.5075     -0.704     -1.022    17.8906 0.0000e+00
     -0.718 8.8436e-20     8.7056     91.742      0.457   0.392491    -0.0900    -0.1765     0.0426    -0.0423 4.7278e+02     1.0345     -0.704     -1.022    17.8913 0.0000e+00
     -0.718 1.1370e-19     8.7050     91.736      0.454   0.389385    -0.0900    -0.1575     0.0426    -0.0423 4.7011e+02     1.0646     -0.704     -1.022    17.8919 0.0000e+00
     -0.718 1.4619e-19     8.7046     91.730      0.455   0.390296    -0.0900    -0.1956     0.0426    -0.0423 4.7011e+02     1.0496     -0.704     -1.022    17.8925 0.0000e+00
     -0.718 1.8796e-19     8.7043     91.727      0.461   0.395465     0.3600    -0.1956     0.0426     0.0846 4.7103e+02     1.0345     -0.704     -1.022    17.8931 0.0000e+00
     -0.718 2.4166e-19     8.7039     91.730      0.464   0.398363     0.3600    -0.1193     0.0426     0.0846 4.7154e+02     2.7029     -0.704     -1.022    17.8937 0.0000e+00
     -0.718 3.1071e-19     8.7032     91.733      0.466   0.399762     0.3600    -0.1041     0.0426     0.0846 4.7298e+02     2.7179     -0.704     -1.022    17.8943 0.0000e+00
     -0.718 3.9948e-19     8.7024     91.738      0.471   0.403989     0.3600    -0.1346     0.0426     0.0846 4.7165e+02     2.7780     -0.704     -1.022    17.8950 0.0000e+00
     -0.718 5.1362e-19     8.7021     91.747      0.476   0.408219     0.0000    -0.1041     0.0426     0.0000 4.7134e+02     2.7780     -0.704     -1.022    17.8956 0.0000e+00
     -0.718 6.6036e-19     8.7022     91.755      0.477   0.409623     0.0000    -0.1117     0.0426     0.0000 4.6991e+02     2.5075     -0.704     -1.022    17.8962 0.0000e+00
     -0.718 8.4904e-19     8.7024     91.763      0.476   0.408578     0.0000    -0.1384     0.0426     0.0000 4.6807e+02     2.4925     -0.704     -1.022    17.8969 0.0000e+00
     -0.718 1.0916e-18     8.7028     91.769      0.472   0.404804     0.0000    -0.1346     0.0426     0.0000 4.6665e+02     2.5075     -0.704     -1.022    17.8975 0.0000e+00
     -0.718 1.4035e-18     8.7035     91.770      0.468   0.401250     0.0000    -0.1079     0.0426     0.0000 4.6726e+02     2.4323     -0.704     -1.022    17.8981 0.0000e+00
     -0.718 1.8045e-18     8.7042     91.767      0.467   0.400920     0.1800     0.1439     0.0000     0.0000 4.6817e+02     2.6728     -0.704     -1.022    17.8987 0.0000e+00
     -0.718 2.3201e-18     8.7048     91.760      0.466   0.399775     0.1800     0.1515     0.0000     0.0000 4.6838e+02     2.7179     -0.704     -1.022    17.8993 0.0000e+00
     -0.718 2.9830e-18     8.7053     91.752      0.463   0.397507     0.1800     0.1096     0.0000     0.0000 4.6909e+02     2.7780     -0.704     -1.022    17.8999 0.0000e+00
     -0.718 3.8353e-18     8.7053     91.744      0.463   0.397467     0.1800     0.1363     0.0000     0.0000 4.6889e+02     2.7480     -0.704     -1.022    17.9006 0.0000e+00
     -0.718 4.9310e-18     8.7048     91.735      0.461   0.395689     0.3600     0.1248     0.0000    -0.0423 4.7298e+02     2.8682     -0.704     -1.022    17.9012 0.0000e+00
     -0.718 6.3399e-18     8.7040     91.725      0.456   0.391699     0.3600     0.1286     0.0000    -0.0423 4.7380e+02     2.8832     -0.704     -1.022    17.9018 0.0000e+00
     -0.718 8.1513e-18     8.7031     91.716      0.457   0.392341     0.3600     0.1172     0.0000    -0.0423 4.7422e+02     2.9734     -0.704     -1.022    17.9024 0.0000e+00
     -0.718 1.0480e-17     8.7023     91.710      0.464   0.397788     0.3600     0.1172     0.0000    -0.0423 4.7298e+02     2.8832     -0.704     -1.022    17.9031 0.0000e+00
     -0.718 1.3475e-17     8.7013     91.706      0.468   0.401583     0.3600    -0.2414     0.0000     0.0423 4.7042e+02     1.0045     -0.704     -1.022    17.9037 0.0000e+00
     -0.718 1.7325e-17     8.7003     91.703      0.467   0.400783     0.3600    -0.2376     0.0000     0.0423 4.6838e+02     1.0045     -0.704     -1.022    17.9043 0.0000e+00
     -0.718 2.2274e-17     8.6994     91.705      0.465   0.399130     0.3600    -0.2566     0.0000     0.0423 4.6706e+02     0.9744     -0.704     -1.022    17.9050 0.0000e+00
     -0.718 2.8639e-17     8.6987     91.712      0.466   0.400138     0.3600    -0.2605     0.0000     0.0423 4.6696e+02     1.0195     -0.704     -1.022    17.9056 0.0000e+00
     -0.718 3.6821e-17     8.6981     91.722      0.466   0.400120     0.0900     0.2507     0.0000     0.0000 4.6675e+02     2.9434     -0.704     -1.022    17.9062 0.0000e+00
     -0.718 4.7341e-17     8.6978     91.732      0.465   0.399072     0.0900     0.2507     0.0000     0.0000 4.6564e+02     2.9434     -0.704     -1.022    17.9068 0.0000e+00
     -0.718 6.0867e-17     8.6979     91.741      0.467   0.400669     0.0900     0.2736     0.0000     0.0000 4.6402e+02     3.0185     -0.704     -1.022    17.9075 0.0000e+00
     -0.718 7.8258e-17     8.6984     91.748      0.468   0.401383     0.0900     0.2622     0.0000     0.0000 4.6201e+02     2.8832     -0.704     -1.022    17.9081 0.0000e+00
     -0.718 1.0062e-16     8.6992     91.756      0.468   0.401403     0.0900    -0.2147     0.0000     0.0000 4.6191e+02     1.4704     -0.704     -1.022    17.9087 0.0000e+00
     -0.718 1.2937e-16     8.7000     91.758      0.472   0.404690     0.3600    -0.2261     0.0426     0.0423 4.6111e+02     1.5155     -0.704     -1.022    17.9093 0.0000e+00
     -0.718 1.6633e-16     8.7007     91.753      0.476   0.408165     0.3600    -0.2490     0.0426     0.0423 4.6281e+02     1.5005     -0.704     -1.022    17.9100 0.0000e+00
     -0.718 2.1385e-16     8.7013     91.747      0.476   0.408801     0.3600    -0.2414     0.0426     0.0423 4.6031e+02     1.3652     -0.704     -1.022    17.9106 0.0000e+00
     -0.718 2.7495e-16     8.7019     91.742      0.474   0.406768     0.3600     0.0447     0.0426     0.0423 4.2475e+02     3.0786     -0.704     -1.022    17.9112 0.0000e+00
     -0.718 3.5350e-16     8.7020     91.737      0.473   0.405477     0.2700     0.0829     0.0000     0.0423 4.2419e+02     3.1087     -0.704     -1.022    17.9119 0.0000e+00
     -0.718 4.5451e-16     8.7015     91.733      0.476   0.408539     0.2700     0.0676     0.0000     0.0423 4.2419e+02     3.0786     -0.704     -1.021    17.9125 0.0000e+00
     -0.718 5.8436e-16     8.7008     91.728      0.481   0.412817     0.2700     0.0714     0.0000     0.0423 4.2883e+02     3.1838     -0.704     -1.021    17.9131 0.0000e+00
     -0.718 7.5133e-16     8.7001     91.726      0.484   0.415496     0.2700    -0.0773     0.0000     0.0423 4.1979e+02     2.5225     -0.704     -1.021    17.9138 0.0000e+00
     -0.718 9.6599e-16     8.6995     91.729      0.486   0.417290     0.1800    -0.0354     0.0000     0.0000 4.3521e+02     2.5075     -0.704     -1.021    17.9146 0.0000e+00
     -0.718 1.2420e-15     8.6990     91.735      0.488   0.418680     0.1800    -0.0392     0.0000     0.0000 4.2827e+02     2.4624     -0.704     -1.021    17.9153 0.0000e+00
     -0.718 1.5968e-15     8.6985     91.738      0.489   0.420034     0.1800    -0.0773     0.0000     0.0000 4.3939e+02     2.4023     -0.704     -1.021    17.9162 0.0000e+00
     -0.718 2.0531e-15     8.6981     91.737      0.491   0.421714     0.1800    -0.4703     0.0000     0.0000 4.3968e+02     0.9594     -0.704     -1.021    17.9171 0.0000e+00
     -0.718 2.6397e-15     8.6982     91.735      0.494   0.424168     0.2700    -0.5084     0.0000     0.0846 4.5821e+02     1.0045     -0.704     -1.021    17.9182 0.0000e+00
     -0.718 3.3939e-15     8.6985     91.734      0.499   0.428051     0.2700    -0.4932     0.0000     0.0846 4.6221e+02     0.9594     -0.704     -1.021    17.9197 0.0000e+00
     -0.718 4.3635e-15     8.6984     91.736      0.506   0.434397     0.2700    -0.4970     0.0000     0.0846 4.6574e+02     1.0345     -0.704     -1.021    17.9216 0.0000e+00
     -0.718 5.6103e-15     8.6978     91.741      0.518   0.444900     0.2700    -0.2414     0.0000     0.0846 4.7011e+02     1.8462     -0.704     -1.021    17.9245 0.0000e+00
     -0.718 7.2132e-15     8.6968     91.750      0.533   0.458406     0.2700    -0.2566     0.0000     0.0846 4.7206e+02     1.7560     -0.704     -1.021    17.9288 0.0000e+00
     -0.718 9.2741e-15     8.6955     91.766      0.544   0.468631     0.0000    -0.2490     0.0426     0.0000 4.7494e+02     1.6658     -0.704     -1.021    17.9357 0.0000e+00
     -0.718 1.1924e-14     8.6938     91.790      0.548   0.472371     0.0000    -0.2566     0.0426     0.0000 4.7525e+02     1.7710     -0.704     -1.021    17.9466 0.0000e+00
     -0.718 1.5331e-14     8.6911     91.828      0.548   0.472600     0.0000    -0.0773     0.0426     0.0000 4.7545e+02     3.0486     -0.704     -1.021    17.9644 0.0000e+00
     -0.718 1.9711e-14     8.6867     91.876      0.547   0.471356     0.0000    -0.0659     0.0426     0.0000 4.7473e+02     3.1388     -0.704     -1.021    17.9937 0.0000e+00
     -0.718 2.5343e-14     8.6807     91.924      0.543   0.468307     0.0900    -0.0735     0.0000     0.0423 4.7525e+02     3.1688     -0.704     -1.021    18.0355 0.0000e+00
     -0.718 3.2583e-14     8.6751     91.967      0.536   0.462641     0.0900    -0.0735     0.0000     0.0423 4.7494e+02     3.1388     -0.704     -1.021    18.0801 0.0000e+00
     -0.718 4.1893e-14     8.6726     92.001      0.530   0.456801     0.0900    -0.3711     0.0000     0.0423 4.7597e+02     0.5385     -0.704     -1.021    18.1142 0.0000e+00
     -0.718 5.3862e-14     8.6736     92.021      0.525   0.453183     0.0900    -0.3711     0.0000     0.0423 4.7473e+02     0.5536     -0.704     -1.021    18.1343 0.0000e+00
     -0.718 6.9251e-14     8.6764     92.028      0.522   0.450822     0.2700    -0.3711     0.0000    -0.0423 4.7370e+02     0.4634     -0.704     -1.021    18.1440 0.0000e+00
     -0.718 8.9038e-14     8.6798     92.024      0.520   0.449090     0.2700    -0.3749     0.0000    -0.0423 4.7298e+02     0.5686     -0.704     -1.021    18.1474 0.0000e+00
     -0.718 1.1448e-13     8.6830     92.012      0.518   0.447523     0.2700    -0.6648     0.0000    -0.0423 4.6302e+02     0.6588     -0.704     -1.021    18.1473 0.0000e+00
     -0.718 1.4718e-13     8.6853     91.993      0.516   0.445705     0.2700    -0.6724     0.0000    -0.0423 4.4178e+02     0.5686     -0.704     -1.021    18.1453 0.0000e+00
     -0.718 1.8924e-13     8.6865     91.971      0.513   0.443151     0.1800    -0.6648     0.0000     0.0423 4.3182e+02     0.5235     -0.704     -1.021    18.1424 0.0000e+00
     -0.718 2.4331e-13     8.6867     91.950      0.514   0.443132     0.1800    -0.6724     0.0000     0.0423 4.3079e+02     0.5085     -0.704     -1.021    18.1391 0.0000e+00
     -0.718 3.1282e-13     8.6861     91.932      0.517   0.445646     0.1800    -0.7182     0.0000     0.0423 4.3257e+02     0.4784     -0.704     -1.021    18.1356 0.0000e+00
     -0.718 4.0220e-13     8.6850     91.917      0.514   0.443453     0.1800    -0.7259     0.0000     0.0423 4.3787e+02     0.5536     -0.704     -1.021    18.1322 0.0000e+00
     -0.718 5.1711e-13     8.6836     91.905      0.506   0.435969     0.1800    -0.7411     0.0000     0.0423 4.4092e+02     0.5836     -0.704     -1.021    18.1288 0.0000e+00
     -0.718 6.6486e-13     8.6821     91.895      0.498   0.429106     0.0900    -0.7411     0.0000     0.0423 4.4016e+02     0.5836     -0.704     -1.022    18.1255 0.0000e+00
     -0.718 8.5482e-13     8.6810     91.889      0.493   0.424988     0.0900    -0.1269     0.0000     0.0423 4.4063e+02     2.9434     -0.704     -1.022    18.1223 0.0000e+00
     -0.718 1.0991e-12     8.6802     91.887      0.490   0.422518     0.0900    -0.1269     0.0000     0.0423 4.4217e+02     2.8983     -0.704     -1.022    18.1192 0.0000e+00
     -0.718 1.4131e-12     8.6795     91.893      0.489   0.421036     0.0900    -0.1155     0.0000     0.0423 4.4284e+02     2.8682     -0.704     -1.022    18.1162 0.0000e+00
     -0.718 1.8168e-12     8.6791     91.902      0.488   0.420148     0.0000    -0.1269     0.0000     0.0423 4.4429e+02     2.8983     -0.704     -1.022    18.1134 0.0000e+00
     -0.718 2.3359e-12     8.6790     91.910      0.487   0.419616     0.0000     0.1935     0.0000     0.0423 4.4294e+02     3.7851     -0.704     -1.021    18.1106 0.0000e+00
