Data/DataNotYetUploadedToEDI/Raw_CTD/RawDownloads/062723_fcrXX_S8188006.cnv
* Sea-Bird SBE19plus  Data File:
* FileName = C:\R\Reservoirs\Data\DataNotYetUploadedToEDI\Raw_CTD\RawDownloads\062623_fcr50_S8188_0006.hex
* Software version 2.8.0.119
* Temperature SN = 8188
* Conductivity SN = 8188
* System UpLoad Time = Jul 03 2023 16:32:16
* <ApplicationData>
* <Seaterm232>
# nquan = 16
# nvalues = 980                         
# units = specified
# name 0 = depFM: Depth [fresh water, m]
# name 1 = dz/dtM: Descent Rate [m/s]
# name 2 = sbeox0Mg/L: Oxygen, SBE 43 [mg/l]
# name 3 = sbeox0PS: Oxygen, SBE 43 [% saturation]
# name 4 = specc: Specific Conductance [uS/cm]
# name 5 = c0uS/cm: Conductivity [uS/cm]
# name 6 = wetCDOM: Fluorescence, WET Labs CDOM [mg/m^3]
# name 7 = flECO-AFL: Fluorescence, WET Labs ECO-AFL/FL [mg/m^3]
# name 8 = flECO-AFL1: Fluorescence, WET Labs ECO-AFL/FL, 2 [mg/m^3]
# name 9 = flECO-AFL2: Fluorescence, WET Labs ECO-AFL/FL, 3 [mg/m^3]
# name 10 = par/sat/log: PAR/Logarithmic, Satlantic
# name 11 = turbWETntu0: Turbidity, WET Labs ECO [NTU]
# name 12 = prdM: Pressure, Strain Gauge [db]
# name 13 = prdE: Pressure, Strain Gauge [psi]
# name 14 = tv290C: Temperature [ITS-90, deg C]
# name 15 = flag:  0.000e+00
# span 0 =     -0.717,      6.855       
# span 1 =     -0.548,      0.107       
# span 2 =     0.0675,    13.4426       
# span 3 =      0.644,    163.587       
# span 4 =    -16.682,     47.743       
# span 5 = -14.313824,  47.761875       
# span 6 =    -4.5000,     7.0200       
# span 7 =    -0.1498,     2.7761       
# span 8 =    -2.1300,     1.2780       
# span 9 =    -2.0304,    19.6272       
# span 10 = 1.1592e-01, 5.5888e+02      
# span 11 =    -0.5136,   397.7249      
# span 12 =     -0.703,      6.723      
# span 13 =     -1.020,      9.751      
# span 14 =    10.5830,    25.2955      
# span 15 = 0.0000e+00, 0.0000e+00      
# interval = seconds: 0.25
# start_time = Jun 27 2023 13:22:52 [Instrument's time stamp, header]
# bad_flag = -9.990e-29
*END*
[from data line 272]
      0.513      0.015     7.9125     80.369     38.440  34.337305     5.1300     1.4714     0.1704     6.3027 2.8559e+01     6.9414      0.502      0.729    19.7441 0.0000e+00
      0.516      0.015     7.7347     79.562     38.424  34.309321     5.1300     1.4638     0.1704     6.3027 2.8152e+01     6.8512      0.506      0.734    19.7250 0.0000e+00
      0.520      0.015     7.5785     78.942     38.417  34.291802     5.1300     1.4524     0.1704     6.3027 2.7963e+01     6.9264      0.510      0.740    19.7025 0.0000e+00
      0.524      0.016     7.4520     78.425     38.413  34.280077     5.1300     1.4791     0.1704     6.3027 2.7709e+01     7.0165      0.514      0.745    19.6797 0.0000e+00
      0.528      0.017     7.3560     77.959     38.411  34.271018     5.1300     1.4447     0.1704     6.2181 2.7866e+01     7.1217      0.517      0.750    19.6588 0.0000e+00
      0.532      0.018     7.2847     77.546     38.409  34.262209     5.1300     1.4638     0.1704     6.2181 2.8036e+01     7.2420      0.521      0.756    19.6410 0.0000e+00
      0.536      0.020     7.2301     77.222     38.397  34.243380     5.1300     1.4524     0.1704     6.2181 2.8177e+01     7.1969      0.526      0.762    19.6266 0.0000e+00
      0.541      0.022     7.1844     77.025     38.375  34.213471     5.1300     1.4409     0.1704     6.2181 2.7374e+01     7.1217      0.531      0.770    19.6153 0.0000e+00
      0.548      0.024     7.1431     76.972     38.353  34.182329     5.1300     1.4371     0.1704     6.2181 2.5547e+01     7.2270      0.537      0.779    19.6060 0.0000e+00
      0.554      0.025     7.1066     77.035     38.338  34.157491     5.1300     1.4562     0.1704     5.8374 2.3768e+01     7.1518      0.544      0.788    19.5969 0.0000e+00
      0.561      0.025     7.0784     77.158     38.334  34.142236     5.1300     1.4714     0.1704     5.8374 2.2172e+01     7.1668      0.550      0.798    19.5862 0.0000e+00
      0.568      0.025     7.0623     77.269     38.339  34.136456     5.1300     1.4638     0.1704     5.8374 2.1847e+01     7.1368      0.557      0.808    19.5730 0.0000e+00
      0.574      0.024     7.0595     77.291     38.348  34.134648     5.1300     1.7881     0.1704     5.8374 2.1695e+01     6.7009      0.563      0.816    19.5581 0.0000e+00
      0.580      0.023     7.0675     77.165     38.357  34.132369     5.0400     1.7575     0.1704     5.5413 2.1013e+01     6.7761      0.568      0.825    19.5426 0.0000e+00
      0.585      0.021     7.0809     76.876     38.367  34.129011     5.0400     1.7499     0.1704     5.5413 1.9984e+01     6.7610      0.574      0.833    19.5279 0.0000e+00
      0.591      0.020     7.0929     76.454     38.375  34.123679     5.0400     1.7728     0.1704     5.5413 1.9799e+01     6.7310      0.579      0.840    19.5147 0.0000e+00
      0.596      0.020     7.0967     75.937     38.385  34.118910     5.0400     2.1734     0.1704     5.5413 1.9239e+01     6.4754      0.584      0.848    19.5020 0.0000e+00
      0.601      0.019     7.0871     75.357     38.397  34.117393     5.0400     2.1543     0.1704     5.4567 1.8178e+01     6.5205      0.589      0.855    19.4883 0.0000e+00
      0.605      0.018     7.0627     74.725     38.406  34.114762     5.0400     2.1276     0.1704     5.4567 1.7962e+01     6.4304      0.594      0.861    19.4729 0.0000e+00
      0.610      0.017     7.0263     74.034     38.410  34.110315     5.0400     2.1581     0.1704     5.4567 1.8123e+01     6.4304      0.598      0.867    19.4557 0.0000e+00
      0.614      0.017     6.9813     73.293     38.415  34.106827     5.0400     2.3221     0.1704     5.4567 1.8123e+01     6.3101      0.602      0.873    19.4381 0.0000e+00
      0.618      0.018     6.9301     72.528     38.419  34.103367     4.9500     2.3221     0.1704     5.0337 1.7978e+01     6.2650      0.606      0.878    19.4223 0.0000e+00
      0.622      0.019     6.8737     71.768     38.425  34.102973     4.9500     2.3374     0.1704     5.0337 1.7606e+01     6.1748      0.610      0.884    19.4093 0.0000e+00
      0.627      0.021     6.8117     71.045     38.443  34.113461     4.9500     2.3374     0.1704     5.0337 1.7348e+01     6.2650      0.615      0.891    19.3983 0.0000e+00
      0.632      0.023     6.7449     70.391     38.476  34.137629     4.9500     2.2649     0.1704     5.0337 1.6328e+01     6.1748      0.620      0.899    19.3884 0.0000e+00
      0.639      0.025     6.6757     69.835     38.514  34.164097     4.9500     2.2725     0.1704     5.0337 1.5644e+01     6.1899      0.626      0.908    19.3796 0.0000e+00
      0.646      0.026     6.6068     69.393     38.539  34.180118     4.8600     2.2687     0.1704     4.6530 1.4650e+01     6.2049      0.633      0.918    19.3719 0.0000e+00
      0.653      0.026     6.5412     69.055     38.551  34.186005     4.8600     2.2573     0.1704     4.6530 1.2737e+01     6.2199      0.640      0.929    19.3648 0.0000e+00
      0.661      0.026     6.4819     68.779     38.556  34.187287     4.8600     1.8682     0.1704     4.6530 1.1712e+01     5.7540      0.648      0.940    19.3573 0.0000e+00
      0.668      0.024     6.4319     68.512     38.561  34.190249     4.8600     1.8720     0.1704     4.6530 1.1548e+01     5.8292      0.654      0.950    19.3485 0.0000e+00
      0.673      0.022     6.3922     68.236     38.570  34.197659     4.8600     1.9216     0.1704     4.5261 1.1631e+01     5.8292      0.660      0.958    19.3399 0.0000e+00
      0.678      0.019     6.3619     67.965     38.580  34.205552     4.8600     1.9025     0.1704     4.5261 1.1715e+01     5.8292      0.665      0.964    19.3338 0.0000e+00
      0.682      0.017     6.3370     67.723     38.593  34.214054     4.8600     1.8453     0.1704     4.5261 1.1322e+01     5.5586      0.669      0.970    19.3303 0.0000e+00
      0.686      0.016     6.3126     67.536     38.610  34.225431     4.8600     1.8148     0.1704     4.5261 1.1102e+01     5.4985      0.673      0.976    19.3285 0.0000e+00
      0.690      0.016     6.2873     67.420     38.633  34.240737     4.8600     1.8491     0.1278     4.2300 1.1030e+01     5.5736      0.676      0.982    19.3273 0.0000e+00
      0.694      0.016     6.2626     67.370     38.662  34.260093     4.8600     1.8033     0.1278     4.2300 1.0963e+01     5.5436      0.680      0.987    19.3256 0.0000e+00
      0.697      0.016     6.2407     67.366     38.691  34.278757     4.8600     2.1009     0.1278     4.2300 1.0817e+01     5.7390      0.683      0.992    19.3224 0.0000e+00
      0.701      0.016     6.2241     67.366     38.713  34.291805     4.8600     2.0704     0.1278     4.2300 1.0323e+01     5.6939      0.687      0.998    19.3175 0.0000e+00
      0.706      0.016     6.2142     67.316     38.729  34.298753     4.8600     2.1009     0.1278     4.2300 9.9247e+00     5.7540      0.692      1.004    19.3108 0.0000e+00
      0.710      0.016     6.2106     67.161     38.744  34.305417     4.8600     2.0780     0.1704     4.1454 9.6232e+00     5.8292      0.696      1.010    19.3028 0.0000e+00
      0.714      0.016     6.2113     66.870     38.761  34.313573     4.8600     1.8300     0.1704     4.1454 9.4491e+00     5.6939      0.700      1.016    19.2938 0.0000e+00
      0.718      0.016     6.2125     66.440     38.777  34.321435     4.8600     1.8453     0.1704     4.1454 9.2581e+00     5.6939      0.704      1.022    19.2845 0.0000e+00
      0.722      0.016     6.2090     65.889     38.795  34.331098     4.8600     1.8224     0.1704     4.1454 8.9885e+00     5.7239      0.708      1.028    19.2756 0.0000e+00
      0.726      0.015     6.1958     65.255     38.818  34.345140     4.7700     1.8262     0.1704     3.7224 8.9087e+00     5.7390      0.712      1.033    19.2669 0.0000e+00
      0.730      0.014     6.1700     64.572     38.844  34.363344     4.7700     1.5897     0.1704     3.7224 8.6380e+00     5.6187      0.715      1.038    19.2582 0.0000e+00
      0.734      0.013     6.1313     63.877     38.870  34.382643     4.7700     1.5744     0.1704     3.7224 8.3411e+00     5.5586      0.719      1.043    19.2497 0.0000e+00
      0.737      0.012     6.0815     63.206     38.890  34.396299     4.7700     1.5897     0.1704     3.7224 8.2581e+00     5.4684      0.722      1.048    19.2418 0.0000e+00
      0.740      0.011     6.0238     62.589     38.898  34.400034     4.7700     1.5783     0.1278     3.5955 8.1176e+00     5.4835      0.725      1.052    19.2347 0.0000e+00
      0.743      0.010     5.9615     62.048     38.900  34.398804     4.7700     1.7766     0.1278     3.5955 8.0473e+00     5.5887      0.728      1.056    19.2284 0.0000e+00
      0.745      0.009     5.8980     61.587     38.897  34.392281     4.7700     1.7728     0.1278     3.5955 8.0159e+00     5.5436      0.730      1.059    19.2231 0.0000e+00
      0.747      0.008     5.8365     61.206     38.890  34.382686     4.7700     1.7461     0.1278     3.5955 7.9207e+00     5.5436      0.732      1.062    19.2182 0.0000e+00
      0.748      0.007     5.7802     60.900     38.890  34.379342     4.7700     1.7804     0.1278     3.5955 7.8863e+00     5.5286      0.734      1.065    19.2136 0.0000e+00
      0.750      0.007     5.7307     60.652     38.896  34.381358     4.7700     1.9025     0.1278     3.5955 7.7538e+00     5.7841      0.735      1.067    19.2093 0.0000e+00
      0.752      0.007     5.6886     60.452     38.899  34.381350     4.7700     1.8873     0.1278     3.5955 7.6500e+00     5.7841      0.737      1.069    19.2052 0.0000e+00
      0.753      0.007     5.6539     60.301     38.899  34.379316     4.7700     1.8720     0.1278     3.5955 7.5739e+00     5.6939      0.739      1.072    19.2009 0.0000e+00
      0.755      0.008     5.6261     60.208     38.901  34.378673     4.7700     1.8720     0.1278     3.5955 7.4872e+00     5.6638      0.741      1.075    19.1966 0.0000e+00
      0.757      0.009     5.6037     60.180     38.900  34.375290     4.7700     1.6355     0.1278     3.5532 7.3566e+00     5.4985      0.743      1.078    19.1923 0.0000e+00
      0.760      0.009     5.5856     60.218     38.895  34.368264     4.7700     1.6355     0.1278     3.5532 7.2047e+00     5.4684      0.745      1.081    19.1885 0.0000e+00
      0.762      0.009     5.5721     60.308     38.891  34.363644     4.7700     1.6278     0.1278     3.5532 7.0223e+00     5.6037      0.747      1.084    19.1852 0.0000e+00
      0.765      0.009     5.5638     60.433     38.894  34.364157     4.7700     1.6431     0.1278     3.5532 6.9555e+00     5.5286      0.750      1.088    19.1822 0.0000e+00
      0.767      0.008     5.5616     60.579     38.902  34.369940     4.8600     1.6431     0.1278     3.5955 6.7882e+00     5.2881      0.752      1.091    19.1793 0.0000e+00
      0.769      0.008     5.5654     60.735     38.914  34.378575     4.8600     1.6469     0.1278     3.5955 6.7720e+00     5.2430      0.754      1.094    19.1765 0.0000e+00
      0.771      0.007     5.5740     60.892     38.922  34.384444     4.8600     1.6507     0.1278     3.5955 6.6712e+00     5.2730      0.756      1.097    19.1742 0.0000e+00
      0.773      0.007     5.5858     61.051     38.930  34.389110     4.8600     1.6507     0.1278     3.5955 6.6843e+00     5.2279      0.758      1.099    19.1721 0.0000e+00
      0.774      0.006     5.5995     61.215     38.942  34.397778     4.7700     1.4524     0.1278     3.4263 6.7412e+00     5.3031      0.759      1.102    19.1703 0.0000e+00
      0.776      0.006     5.6141     61.376     38.963  34.412761     4.7700     1.4714     0.1278     3.4263 6.6655e+00     5.2881      0.761      1.104    19.1684 0.0000e+00
      0.777      0.006     5.6289     61.519     38.987  34.430132     4.7700     1.4486     0.1278     3.4263 6.6265e+00     5.2881      0.762      1.106    19.1662 0.0000e+00
      0.779      0.005     5.6439     61.621     39.002  34.438679     4.7700     1.4867     0.1278     3.4263 6.6092e+00     5.2881      0.764      1.108    19.1636 0.0000e+00
      0.780      0.005     5.6595     61.647     39.011  34.440682     4.7700     1.4180     0.1278     3.2148 6.6380e+00     5.3632      0.765      1.110    19.1602 0.0000e+00
      0.781      0.006     5.6748     61.566     39.022  34.444597     4.7700     1.4142     0.1278     3.2148 6.5992e+00     5.3031      0.766      1.112    19.1560 0.0000e+00
      0.783      0.006     5.6886     61.363     39.031  34.447506     4.7700     1.4142     0.1278     3.2148 6.6959e+00     5.2881      0.767      1.113    19.1508 0.0000e+00
      0.784      0.007     5.6987     61.030     39.036  34.446223     4.7700     1.4066     0.1278     3.2148 6.7868e+00     5.3482      0.769      1.115    19.1448 0.0000e+00
      0.786      0.007     5.7019     60.581     39.040  34.444368     4.7700     1.5439     0.1278     3.2148 6.7207e+00     5.3031      0.770      1.118    19.1380 0.0000e+00
      0.788      0.008     5.6953     60.052     39.047  34.445405     4.7700     1.4981     0.1278     3.1302 6.6829e+00     5.2430      0.772      1.121    19.1306 0.0000e+00
      0.790      0.009     5.6772     59.485     39.053  34.445652     4.7700     1.5172     0.1278     3.1302 6.5420e+00     5.2580      0.775      1.124    19.1232 0.0000e+00
      0.793      0.010     5.6472     58.916     39.058  34.445173     4.7700     1.5172     0.1278     3.1302 6.5934e+00     5.3181      0.777      1.127    19.1160 0.0000e+00
      0.795      0.011     5.6065     58.382     39.071  34.451762     4.7700     1.5248     0.1278     3.1302 6.5791e+00     5.3632      0.780      1.131    19.1091 0.0000e+00
      0.798      0.011     5.5584     57.912     39.094  34.467177     4.7700     1.5668     0.1278     3.0879 6.5052e+00     5.2881      0.783      1.135    19.1023 0.0000e+00
      0.801      0.012     5.5066     57.520     39.118  34.483644     4.7700     1.5096     0.1278     3.0879 6.4014e+00     5.3031      0.785      1.139    19.0960 0.0000e+00
      0.804      0.013     5.4546     57.212     39.135  34.493673     4.7700     1.5096     0.1278     3.0879 6.3778e+00     5.2430      0.788      1.144    19.0899 0.0000e+00
      0.807      0.013     5.4058     56.982     39.144  34.495978     4.7700     1.4714     0.1278     3.0879 6.5250e+00     5.0626      0.792      1.149    19.0839 0.0000e+00
      0.811      0.014     5.3629     56.810     39.145  34.491172     4.7700     1.4905     0.1278     3.0033 6.4321e+00     5.1077      0.795      1.154    19.0780 0.0000e+00
      0.815      0.014     5.3273     56.669     39.145  34.485896     4.7700     1.4714     0.1278     3.0033 6.4545e+00     5.0626      0.799      1.159    19.0720 0.0000e+00
      0.819      0.013     5.2994     56.531     39.152  34.486663     4.7700     1.4676     0.1278     3.0033 6.6049e+00     5.0175      0.803      1.164    19.0657 0.0000e+00
      0.822      0.013     5.2789     56.377     39.157  34.485756     4.7700     1.3913     0.1278     3.0033 6.7397e+00     4.9123      0.806      1.169    19.0589 0.0000e+00
      0.825      0.012     5.2637     56.199     39.158  34.482934     4.7700     1.4219     0.1278     2.7918 6.8415e+00     5.0476      0.809      1.173    19.0517 0.0000e+00
      0.828      0.012     5.2513     55.992     39.165  34.485366     4.7700     1.4180     0.1278     2.7918 6.8968e+00     5.0476      0.811      1.177    19.0444 0.0000e+00
      0.830      0.012     5.2393     55.760     39.174  34.489738     4.7700     1.4066     0.1278     2.7918 6.9374e+00     5.1077      0.814      1.181    19.0373 0.0000e+00
      0.833      0.013     5.2257     55.522     39.185  34.497217     4.7700     1.3379     0.1278     2.7918 6.9918e+00     5.1077      0.817      1.185    19.0310 0.0000e+00
