Data/DataNotYetUploadedToEDI/Raw_CTD/RawDownloads/062722_fcr50_S8188003.cnv
* Sea-Bird SBE19plus  Data File:
* FileName = C:\R\Reservoirs\Data\DataNotYetUploadedToEDI\Raw_CTD\RawDownloads\SBE19plus_01908188_062722_fcr50_0003.hex
* Software version 2.8.0.119
* Temperature SN = 8188
* Conductivity SN = 8188
* System UpLoad Time = Jun 29 2022 16:04:39
* <ApplicationData>
* <Seaterm232>
# nquan = 16
# nvalues = 1593                        
# units = specified
# name 0 = depFM: Depth [fresh water, m]
# name 1 = dz/dtM: Descent Rate [m/s]
# name 2 = sbeox0Mg/L: Oxygen, SBE 43 [mg/l]
# name 3 = sbeox0PS: Oxygen, SBE 43 [% saturation]
# name 4 = specc: Specific Conductance [uS/cm]
# name 5 = c0uS/cm: Conductivity [uS/cm]
# name 6 = wetCDOM: Fluorescence, WET Labs CDOM [mg/m^3]
# name 7 = flECO-AFL: Fluorescence, WET Labs ECO-AFL/FL [mg/m^3]
# name 8 = flECO-AFL1: Fluorescence, WET Labs ECO-AFL/FL, 2 [mg/m^3]
# name 9 = flECO-AFL2: Fluorescence, WET Labs ECO-AFL/FL, 3 [mg/m^3]
# name 10 = par/sat/log: PAR/Logarithmic, Satlantic
# name 11 = turbWETntu0: Turbidity, WET Labs ECO [NTU]
# name 12 = prdM: Pressure, Strain Gauge [db]
# name 13 = prdE: Pressure, Strain Gauge [psi]
# name 14 = tv290C: Temperature [ITS-90, deg C]
# name 15 = flag:  0.000e+00
# span 0 =     -0.670,      9.543       
# span 1 =     -0.237,      0.212       
# span 2 =    -0.7445,    13.7868       
# span 3 =     -7.570,    164.293       
# span 4 =  -1552.769,    373.328       
# span 5 = -1.113e+03, 267.751339       
# span 6 =    -4.7835,    25.3318       
# span 7 =    -0.0076,     6.6580       
# span 8 =    -2.2563,     1.3131       
# span 9 =    -2.1444,    19.7123       
# span 10 = 1.1599e-01, 5.9533e+02      
# span 11 =     0.2728,     9.8126      
# span 12 =     -0.658,      9.358      
# span 13 =     -0.954,     13.573      
# span 14 =    10.2822,    25.9159      
# span 15 = 0.0000e+00, 0.0000e+00      
# interval = seconds: 0.25
# start_time = Jun 27 2022 12:00:56 [Instrument's time stamp, header]
# bad_flag = -9.990e-29
*END*
[from data line 995]
      9.533      0.003    -0.0205      0.263    346.150 247.635179     4.3106     0.0757     0.7200     2.1976 1.1622e-01     3.5758      9.349     13.560    10.7362 0.0000e+00
      9.534      0.003    -0.0012      0.341    347.879 248.929222     4.3321     0.0772     0.8296     2.1392 1.1619e-01     3.9071      9.349     13.560    10.7433 0.0000e+00
      9.536      0.004     0.0085      0.392    349.292 249.989447     4.3023     0.0834     1.1699     2.0678 1.1611e-01     4.5353      9.350     13.563    10.7513 0.0000e+00
      9.538      0.004     0.0181      0.440    350.421 250.833979     4.3476     0.0862     1.2911     1.7477 1.1607e-01     4.8718      9.353     13.566    10.7592 0.0000e+00
      9.538      0.004     0.0300      0.498    351.493 251.634762     4.2758     0.0853     1.1760     2.2683 1.1608e-01     4.8265      9.354     13.566    10.7669 0.0000e+00
      9.539      0.004     0.0393      0.554    352.754 252.575157     4.3917     0.0676     1.3131     1.4200 1.1608e-01     3.9873      9.354     13.567    10.7761 0.0000e+00
      9.540      0.003     0.0435      0.603    354.229 253.674314     4.2034     0.0343     1.1205     2.8034 1.1608e-01     2.4433      9.355     13.569    10.7834 0.0000e+00
      9.541      0.002     0.0478      0.639    355.389 254.551789     3.5552     0.0161     0.2403    10.2419 1.1608e-01     1.6004      9.356     13.570    10.7879 0.0000e+00
      9.542      0.002     0.0556      0.676    356.320 255.268322     3.2883     0.0137     0.0579    11.5535 1.1608e-01     1.5163      9.358     13.572    10.7923 0.0000e+00
      9.542      0.001     0.0612      0.727    357.069 255.854285     3.5804     0.0079     0.1722    10.8665 1.1611e-01     1.4244      9.358     13.572    10.7975 0.0000e+00
      9.542      0.001     0.0675      0.757    357.358 256.108418     3.1916    -0.0026     0.0979    11.0968 1.1611e-01     1.2684      9.357     13.572    10.8037 0.0000e+00
      9.542      0.000     0.0710      0.759    358.029 256.634824     1.4802    -0.0076     0.1051    10.0998 1.1608e-01     1.1837      9.357     13.572    10.8105 0.0000e+00
      9.542 1.8755e-08     0.0731      0.779    359.373 257.646014     1.1263    -0.0071     0.0730     9.7732 1.1611e-01     1.1735      9.357     13.572    10.8174 0.0000e+00
      9.542 2.0630e-07     0.0814      0.807    360.696 258.642404     1.3400    -0.0022     0.0928    10.3362 1.1614e-01     1.1456      9.357     13.572    10.8248 0.0000e+00
      9.542 2.0319e-07     0.0865      0.820    361.221 259.057677     1.2142     0.0078     0.0805     9.3992 1.1615e-01     1.0962      9.358     13.572    10.8311 0.0000e+00
      9.542 -1.884e-08     0.0813      0.831    353.851 253.793012     1.2829     0.0138     0.0883     4.1617 1.1613e-01     1.0699      9.358     13.572    10.8371 0.0000e+00
      9.542 -4.122e-07     0.0861      0.835    260.426 186.796029     1.2546     0.0147     0.0830     3.2989 1.1607e-01     1.0769      9.357     13.572    10.8440 0.0000e+00
      9.542      0.000     0.0908      0.835   -689.472 -494.442629     1.2494     0.0152     0.0871     3.6953 1.1605e-01     1.1853      9.358     13.572    10.8511 0.0000e+00
      9.543      0.000     0.0893      0.835  -1552.769 -1.113e+03     1.2892     0.0174     0.0831     3.6683 1.1611e-01     1.3851      9.358     13.573    10.8568 0.0000e+00
      9.543     -0.001     0.0933      0.825   -701.809 -503.209189     1.7779     0.0198     0.0879     6.1601 1.1616e-01     1.4949      9.358     13.573    10.8599 0.0000e+00
      9.542     -0.001     0.0918      0.817    215.191 154.324033     1.7873     0.0207     0.0812     6.2499 1.1616e-01     1.5141      9.358     13.572    10.8599 0.0000e+00
      9.542     -0.002     0.0927      0.824    296.834 212.882107     1.8506     0.0227     0.0915     6.3844 1.1616e-01     1.6191      9.357     13.572    10.8589 0.0000e+00
      9.541     -0.003     0.0928      0.839    333.092 238.893745     1.6991     0.0423     0.0751     5.9927 1.1616e-01     2.7605      9.356     13.570    10.8592 0.0000e+00
      9.540     -0.005     0.0914      0.857    362.130 259.733876     1.9759     0.0790     0.1016     6.7373 1.1616e-01     4.8523      9.355     13.569    10.8586 0.0000e+00
      9.539     -0.007     0.0892      0.877    371.048 266.142510     3.4162     0.1040     0.1488    11.7417 1.1615e-01     6.0004      9.355     13.568    10.8567 0.0000e+00
      9.538     -0.010     0.0907      0.888    372.281 267.031708     3.7267     0.1660     0.1971    12.3328 1.1611e-01     6.1882      9.354     13.566    10.8555 0.0000e+00
      9.535     -0.014     0.0932      0.883    372.630 267.275601     3.4995     0.8330     0.1320    12.2855 1.1610e-01     7.1169      9.351     13.563    10.8569 0.0000e+00
      9.532     -0.021     0.0939      0.867    372.805 267.384171     3.6988     2.0553     0.2298    11.8004 1.1614e-01     8.8019      9.348     13.557    10.8595 0.0000e+00
      9.527     -0.029     0.0979      0.862    372.927 267.456652     4.1472     2.7277     0.7534     8.4031 1.1620e-01     9.7204      9.342     13.550    10.8614 0.0000e+00
      9.520     -0.039     0.0982      0.867    373.132 267.605627     4.2786     2.8615     0.8365     7.4466 1.1620e-01     9.8034      9.338     13.544    10.8623 0.0000e+00
      9.509     -0.051     0.0988      0.868    373.328 267.751339     4.2039     3.6835     0.8045     8.4573 1.1614e-01     9.8108      9.329     13.529    10.8614 0.0000e+00
      9.493     -0.066     0.0947      0.874    373.223 267.647784     4.2401     5.1828     0.7934     7.1453 1.1614e-01     9.8115      9.310     13.503    10.8588 0.0000e+00
      9.475     -0.086     0.0947      0.888    372.760 267.241303     4.1379     5.9950     0.4887     1.4939 1.1619e-01     9.8116      9.291     13.475    10.8553 0.0000e+00
      9.456     -0.105     0.0964      0.892    372.111 266.660739     4.1400     6.0014     0.4604     0.3192 1.1620e-01     9.8118      9.276     13.453    10.8562 0.0000e+00
      9.430     -0.116     0.0955      0.886    368.187 263.701120     4.1420     5.2618     0.4670     1.0214 1.1621e-01     9.8118      9.254     13.423    10.8595 0.0000e+00
      9.390     -0.116     0.0960      0.881    345.113 247.023828     4.1354     3.8945     0.4804     0.6199 1.1618e-01     9.8115      9.213     13.361    10.8560 0.0000e+00
      9.344     -0.106     0.0990      0.884    285.303 204.088574     4.1483     3.1447     0.4436     0.8189 1.1611e-01     9.8112      9.160     13.284    10.8454 0.0000e+00
      9.307     -0.089     0.0992      0.894    196.444 140.421773     4.2215     3.0272     0.1963     0.2801 1.1612e-01     9.8110      9.120     13.227    10.8301 0.0000e+00
      9.290     -0.065     0.0978      0.885    114.073  81.429925     4.2351     2.4757     0.1553     0.3031 1.1612e-01     9.8111      9.105     13.205    10.8089 0.0000e+00
      9.288     -0.039     0.0978      0.871     69.132  49.224052     4.2269     1.4770     0.1783     0.2966 1.1608e-01     9.8109      9.108     13.209    10.7841 0.0000e+00
      9.289     -0.017     0.0966      0.881     55.938  39.733507     4.2319     0.9316     0.1678     0.2881 1.1609e-01     9.8073      9.112     13.215    10.7602 0.0000e+00
      9.289     -0.003     0.1007      0.889     53.343  37.832702     4.2288     0.8743     0.2136     0.1789 1.1611e-01     9.7683      9.109     13.212    10.7354 0.0000e+00
      9.288      0.001     0.0988      0.884     52.575  37.249321     4.2308     0.7833     0.2116     0.1632 1.1606e-01     9.3390      9.108     13.209    10.6687 0.0000e+00
      9.290      0.000     0.0948      0.901     52.169  36.934090     4.2295     0.6231     0.2154     0.1730 1.1605e-01     8.5520      9.112     13.214    10.5694 0.0000e+00
      9.291     -0.006     0.0988      0.978     51.707  36.587238     4.2303     0.5365     0.2090     0.1667 1.1610e-01     8.1253      9.113     13.217    10.5010 0.0000e+00
      9.291     -0.019     0.1005      1.116     51.222  36.229185     4.2299     0.5334     0.1744     0.1711 1.1610e-01     8.1201      9.111     13.214    10.4549 0.0000e+00
      9.291     -0.038     0.0978      1.297     50.979  36.048613     4.2301     0.5919     0.1680     0.1674 1.1610e-01     8.4906      9.111     13.215    10.4179 0.0000e+00
      9.286     -0.059     0.0980      1.490     50.850  35.956979     4.2300     0.7021     0.1718     0.1712 1.1614e-01     9.1756      9.112     13.215    10.3938 0.0000e+00
      9.269     -0.076     0.1070      1.677     50.715  35.863992     4.2301     0.7623     0.1697     0.1665 1.1616e-01     9.5485      9.097     13.193    10.3760 0.0000e+00
      9.234     -0.088     0.1231      1.867     50.722  35.869624     4.2300     0.7693     0.1704     0.1733 1.1617e-01     9.5710      9.058     13.137    10.3609 0.0000e+00
      9.196     -0.097     0.1448      2.053     50.942  36.025079     4.2300     0.7875     0.1709     0.2076 1.1618e-01     9.4451      9.012     13.070    10.3504 0.0000e+00
      9.169     -0.102     0.1678      2.226     51.081  36.123045     4.2300     0.8197     0.1692     0.2136 1.1617e-01     9.2090      8.987     13.034    10.3514 0.0000e+00
      9.153     -0.102     0.1868      2.380     50.963  36.041291     4.2300     0.8374     0.1724     0.2107 1.1611e-01     9.0793      8.978     13.021    10.3574 0.0000e+00
      9.136     -0.100     0.2091      2.496     50.878  35.981914     4.2300     0.8388     0.1670     0.2110 1.1611e-01     9.0531      8.964     13.001    10.3577 0.0000e+00
      9.109     -0.102     0.2305      2.562     50.825  35.945313     4.2300     0.8291     0.1309     0.2132 1.1617e-01     8.8890      8.935     12.958    10.3553 0.0000e+00
      9.078     -0.107     0.2496      2.599     50.622  35.801311     4.2300     0.8096     0.1269     0.2081 1.1619e-01     8.5903      8.900     12.909    10.3555 0.0000e+00
      9.048     -0.110     0.2680      2.641     50.518  35.726279     4.2300     0.7984     0.1268     0.2174 1.1617e-01     8.4273      8.875     12.871    10.3575 0.0000e+00
      9.018     -0.105     0.2812      2.670     50.598  35.780841     4.2300     0.7960     0.1310     0.2017 1.1612e-01     8.4092      8.847     12.830    10.3584 0.0000e+00
      8.984     -0.096     0.2889      2.685     50.607  35.785796     4.2300     0.7907     0.1668     0.0930 1.1609e-01     8.3702      8.808     12.775    10.3594 0.0000e+00
      8.958     -0.092     0.2891      2.727     50.419  35.651147     4.2300     0.7813     0.1726     0.0833 1.1608e-01     8.3018      8.779     12.732    10.3599 0.0000e+00
      8.945     -0.094     0.2963      2.785     50.022  35.368198     4.2300     0.7756     0.1689     0.0791 1.1611e-01     8.2648      8.771     12.721    10.3567 0.0000e+00
      8.935     -0.099     0.3010      2.863     49.694  35.133009     4.2300     0.7767     0.1715     0.0982 1.1616e-01     8.2597      8.767     12.716    10.3550 0.0000e+00
      8.914     -0.100     0.2972      2.974     49.849  35.238210     4.2300     0.7959     0.1695     0.2391 1.1615e-01     8.2392      8.748     12.689    10.3540 0.0000e+00
      8.878     -0.095     0.3058      3.074     50.307  35.559857     4.2300     0.8294     0.1714     0.2630 1.1613e-01     8.2022      8.709     12.632    10.3522 0.0000e+00
      8.834     -0.084     0.3115      3.137     50.617  35.781044     4.2300     0.8459     0.1691     0.2480 1.1607e-01     8.1850      8.659     12.559    10.3506 0.0000e+00
      8.801     -0.067     0.3176      3.191     50.669  35.819427     4.2300     0.8439     0.1723     0.2575 1.1599e-01     8.2202      8.621     12.503    10.3478 0.0000e+00
      8.790     -0.044     0.3340      3.223     50.579  35.753852     4.2300     0.8148     0.1674     0.2511 1.1599e-01     8.6249      8.613     12.493    10.3412 0.0000e+00
      8.797     -0.024     0.3467      3.224     50.456  35.663407     4.2300     0.7617     0.1301     0.2561 1.1610e-01     9.3665      8.627     12.513    10.3386 0.0000e+00
      8.807     -0.016     0.3504      3.226     50.280  35.536108     4.2300     0.7332     0.1283     0.2513 1.1617e-01     9.7710      8.640     12.530    10.3434 0.0000e+00
      8.812     -0.026     0.3581      3.235     50.036  35.362539     4.2300     0.7337     0.1243     0.2571 1.1617e-01     9.8082      8.643     12.536    10.3452 0.0000e+00
      8.809     -0.052     0.3632      3.239     49.785  35.185293     4.2300     0.7588     0.1350     0.2489 1.1613e-01     9.8116      8.642     12.533    10.3428 0.0000e+00
      8.795     -0.083     0.3598      3.239     49.636  35.081033     4.2300     0.8047     0.2055     0.2165 1.1609e-01     9.8114      8.631     12.518    10.3381 0.0000e+00
      8.765     -0.108     0.3611      3.249     49.586  35.047219     4.2300     0.8304     0.2175     0.2076 1.1612e-01     9.8110      8.601     12.475    10.3349 0.0000e+00
      8.722     -0.121     0.3626      3.271     49.585  35.046530     4.2300     0.8342     0.2104     0.2152 1.1618e-01     9.8110      8.555     12.407    10.3349 0.0000e+00
      8.675     -0.121     0.3633      3.320     49.622  35.072700     4.2300     0.8491     0.2142     0.2070 1.1623e-01     9.8112      8.504     12.333    10.3345 0.0000e+00
      8.636     -0.112     0.3615      3.380     49.653  35.093562     4.2300     0.8765     0.2128     0.1729 1.1621e-01     9.8114      8.463     12.273    10.3357 0.0000e+00
      8.613     -0.098     0.3641      3.413     49.753  35.163734     4.2300     0.8920     0.2122     0.1679 1.1615e-01     9.8113      8.441     12.243    10.3379 0.0000e+00
      8.601     -0.084     0.3647      3.438     49.870  35.245953     4.2300     0.8925     0.2150     0.1683 1.1614e-01     9.8114      8.435     12.234    10.3381 0.0000e+00
      8.590     -0.073     0.3705      3.478     49.913  35.277436     4.2300     0.8864     0.2094     0.1725 1.1616e-01     9.8119      8.427     12.223    10.3373 0.0000e+00
      8.574     -0.069     0.3810      3.526     49.906  35.274310     4.2300     0.8766     0.1738     0.2076 1.1616e-01     9.8120      8.411     12.200    10.3368 0.0000e+00
      8.551     -0.074     0.3822      3.571     49.811  35.208161     4.2300     0.8726     0.1687     0.2144 1.1619e-01     9.8119      8.387     12.164    10.3354 0.0000e+00
      8.529     -0.081     0.3840      3.615     49.730  35.152835     4.2300     0.8740     0.1706     0.2089 1.1619e-01     9.8121      8.361     12.127    10.3345 0.0000e+00
      8.511     -0.086     0.3891      3.638     49.718  35.145523     4.2300     0.8928     0.1716     0.2144 1.1615e-01     9.8124      8.346     12.105    10.3360 0.0000e+00
      8.491     -0.086     0.3955      3.654     49.681  35.119753     4.2300     0.9288     0.1675     0.2076 1.1614e-01     9.8123      8.330     12.083    10.3381 0.0000e+00
      8.464     -0.082     0.3987      3.669     49.670  35.111330     4.2300     0.9492     0.1306     0.1725 1.1617e-01     9.8116      8.301     12.040    10.3395 0.0000e+00
      8.437     -0.076     0.4068      3.669     49.767  35.178724     4.2300     0.9513     0.1273     0.1683 1.1618e-01     9.8109      8.269     11.992    10.3413 0.0000e+00
      8.418     -0.067     0.4073      3.661     49.882  35.259412     4.2300     0.9427     0.1263     0.1678 1.1613e-01     9.8109      8.252     11.969    10.3432 0.0000e+00
      8.405     -0.057     0.4083      3.653     49.911  35.276679     4.2300     0.9256     0.1317     0.1731 1.1610e-01     9.8109      8.244     11.957    10.3434 0.0000e+00
      8.393     -0.047     0.4126      3.665     49.881  35.252458     4.2300     0.9154     0.1659     0.2067 1.1613e-01     9.8112      8.231     11.938    10.3420 0.0000e+00
