Data/DataNotYetUploadedToEDI/Raw_CTD/RawDownloads/062723_fcrXX_S8188006.cnv
* Sea-Bird SBE19plus  Data File:
* FileName = C:\R\Reservoirs\Data\DataNotYetUploadedToEDI\Raw_CTD\RawDownloads\062623_fcr50_S8188_0006.hex
* Software version 2.8.0.119
* Temperature SN = 8188
* Conductivity SN = 8188
* System UpLoad Time = Jul 03 2023 16:32:16
* <ApplicationData>
* <Seaterm232>
# nquan = 16
# nvalues = 980                         
# units = specified
# name 0 = depFM: Depth [fresh water, m]
# name 1 = dz/dtM: Descent Rate [m/s]
# name 2 = sbeox0Mg/L: Oxygen, SBE 43 [mg/l]
# name 3 = sbeox0PS: Oxygen, SBE 43 [% saturation]
# name 4 = specc: Specific Conductance [uS/cm]
# name 5 = c0uS/cm: Conductivity [uS/cm]
# name 6 = wetCDOM: Fluorescence, WET Labs CDOM [mg/m^3]
# name 7 = flECO-AFL: Fluorescence, WET Labs ECO-AFL/FL [mg/m^3]
# name 8 = flECO-AFL1: Fluorescence, WET Labs ECO-AFL/FL, 2 [mg/m^3]
# name 9 = flECO-AFL2: Fluorescence, WET Labs ECO-AFL/FL, 3 [mg/m^3]
# name 10 = par/sat/log: PAR/Logarithmic, Satlantic
# name 11 = turbWETntu0: Turbidity, WET Labs ECO [NTU]
# name 12 = prdM: Pressure, Strain Gauge [db]
# name 13 = prdE: Pressure, Strain Gauge [psi]
# name 14 = tv290C: Temperature [ITS-90, deg C]
# name 15 = flag:  0.000e+00
# span 0 =     -0.717,      6.855       
# span 1 =     -0.548,      0.107       
# span 2 =     0.0675,    13.4426       
# span 3 =      0.644,    163.587       
# span 4 =    -16.682,     47.743       
# span 5 = -14.313824,  47.761875       
# span 6 =    -4.5000,     7.0200       
# span 7 =    -0.1498,     2.7761       
# span 8 =    -2.1300,     1.2780       
# span 9 =    -2.0304,    19.6272       
# span 10 = 1.1592e-01, 5.5888e+02      
# span 11 =    -0.5136,   397.7249      
# span 12 =     -0.703,      6.723      
# span 13 =     -1.020,      9.751      
# span 14 =    10.5830,    25.2955      
# span 15 = 0.0000e+00, 0.0000e+00      
# interval = seconds: 0.25
# start_time = Jun 27 2023 13:22:52 [Instrument's time stamp, header]
# bad_flag = -9.990e-29
*END*
[from data line 724]
      3.794      0.063     3.0989     51.269     45.745  32.870955     3.8700     0.1363     0.1704     0.1269 5.0452e-01     5.7239      3.721      5.396    11.1019 0.0000e+00
      3.810      0.064     3.6533     57.498     45.658  32.761462     3.8700     0.1439     0.1704     0.1269 5.3827e-01     5.7390      3.736      5.419    11.0513 0.0000e+00
      3.826      0.066     4.2782     63.263     45.603  32.671228     3.8700     0.1363     0.1704     0.1269 5.0716e-01     5.3031      3.752      5.442    11.0090 0.0000e+00
      3.843      0.067     4.9598     68.356     45.577  32.605893     3.8700     0.1248     0.1704     0.1269 4.9443e-01     5.3782      3.769      5.466    10.9694 0.0000e+00
      3.860      0.069     5.6680     72.756     45.560  32.555955     3.8700     0.1554     0.1278     0.2115 4.9464e-01     5.2730      3.786      5.490    10.9254 0.0000e+00
      3.878      0.072     6.3637     76.644     45.551  32.519977     3.8700     0.1363     0.1278     0.2115 4.9572e-01     5.3782      3.804      5.516    10.8738 0.0000e+00
      3.897      0.073     7.0097     80.308     45.548  32.496285     3.8700     0.1554     0.1278     0.2115 4.5702e-01     5.0476      3.822      5.542    10.8186 0.0000e+00
      3.916      0.075     7.5819     83.986     45.543  32.478560     3.8700     0.1363     0.1278     0.2115 4.7083e-01     4.9574      3.841      5.570    10.7676 0.0000e+00
      3.935      0.076     8.0766     87.777     45.544  32.469996     3.8700     0.1439     0.1278     0.2115 4.6686e-01     5.0175      3.860      5.598    10.7256 0.0000e+00
      3.955      0.077     8.5137     91.607     45.556  32.472271     3.8700     0.1096     0.1278     0.0846 4.4285e-01     5.0025      3.879      5.626    10.6935 0.0000e+00
      3.975      0.079     8.9246     95.256     45.566  32.474110     3.8700     0.1363     0.1278     0.0846 4.4266e-01     5.1077      3.898      5.654    10.6703 0.0000e+00
      3.995      0.080     9.3362     98.433     45.575  32.476002     3.8700     0.1363     0.1278     0.0846 4.6737e-01     5.0326      3.918      5.682    10.6544 0.0000e+00
      4.015      0.081     9.7595    100.861     45.595  32.486374     3.8700     0.1401     0.1278     0.0846 4.5692e-01     5.1077      3.937      5.711    10.6442 0.0000e+00
      4.036      0.082    10.1867    102.352     45.612  32.496109     3.7800     0.1286     0.1278     0.1269 4.3911e-01     5.0175      3.958      5.741    10.6371 0.0000e+00
      4.058      0.083    10.5937    102.866     45.620  32.499882     3.7800     0.1744     0.1278     0.1269 3.9399e-01     5.3332      3.979      5.772    10.6313 0.0000e+00
      4.080      0.083    10.9481    102.519     45.629  32.506620     3.7800     0.1935     0.1278     0.1269 4.2577e-01     5.2730      4.001      5.803    10.6265 0.0000e+00
      4.101      0.083    11.2190    101.506     45.638  32.514160     3.7800     0.1897     0.1278     0.1269 3.9760e-01     5.3181      4.022      5.834    10.6226 0.0000e+00
      4.123      0.082    11.3854    100.034     45.633  32.512629     3.7800     0.1859     0.0852     0.0846 3.9708e-01     5.2881      4.043      5.864    10.6197 0.0000e+00
      4.143      0.081    11.4430     98.289     45.621  32.505582     3.7800     0.1401     0.0852     0.0846 3.7986e-01     5.1378      4.063      5.893    10.6181 0.0000e+00
      4.163      0.081    11.4044     96.412     45.618  32.503021     3.7800     0.1477     0.0852     0.0846 3.6308e-01     5.0175      4.083      5.922    10.6180 0.0000e+00
      4.184      0.080    11.2913     94.486     45.623  32.504262     3.7800     0.1172     0.0852     0.0846 3.9596e-01     5.0626      4.103      5.951    10.6194 0.0000e+00
      4.204      0.080    11.1270     92.573     45.629  32.505677     3.7800     0.1286     0.1278     0.1269 3.4291e-01     5.0476      4.123      5.980    10.6215 0.0000e+00
      4.224      0.079    10.9326     90.728     45.630  32.503681     3.7800     0.1248     0.1278     0.1269 3.7283e-01     5.1378      4.143      6.009    10.6227 0.0000e+00
      4.245      0.079    10.7238     89.000     45.620  32.493781     3.7800     0.1134     0.1278     0.1269 3.3729e-01     5.0025      4.163      6.037    10.6224 0.0000e+00
      4.265      0.080    10.5101     87.434     45.605  32.481258     3.7800     0.1286     0.1278     0.1269 3.1967e-01     5.0025      4.182      6.066    10.6203 0.0000e+00
      4.284      0.082    10.2980     86.063     45.592  32.470695     3.7800     0.1401     0.1278     0.1269 3.3737e-01     5.0175      4.202      6.094    10.6172 0.0000e+00
      4.305      0.084    10.0935     84.908     45.579  32.459274     3.7800     0.1325     0.0852     0.1269 3.2155e-01     5.0175      4.222      6.123    10.6141 0.0000e+00
      4.326      0.087     9.9019     83.975     45.572  32.451871     3.7800     0.1515     0.0852     0.1269 3.3394e-01     5.1378      4.242      6.153    10.6115 0.0000e+00
      4.349      0.090     9.7282     83.249     45.579  32.454432     3.7800     0.1210     0.0852     0.1269 2.6117e-01     5.0175      4.265      6.186    10.6094 0.0000e+00
      4.373      0.093     9.5761     82.697     45.589  32.459720     3.7800     0.1286     0.0852     0.1269 3.1354e-01     5.0476      4.289      6.220    10.6073 0.0000e+00
      4.398      0.095     9.4481     82.272     45.587  32.457263     3.7800     0.1439     0.0852     0.2115 2.8236e-01     5.3031      4.313      6.255    10.6050 0.0000e+00
      4.423      0.097     9.3448     81.925     45.579  32.450365     3.7800     0.1630     0.0852     0.2115 2.6524e-01     5.3181      4.337      6.291    10.6026 0.0000e+00
      4.448      0.098     9.2645     81.616     45.572  32.445109     3.7800     0.1286     0.0852     0.2115 2.4427e-01     5.3933      4.361      6.326    10.6004 0.0000e+00
      4.472      0.099     9.2035     81.323     45.566  32.440093     3.7800     0.1286     0.0852     0.2115 2.3246e-01     5.2430      4.385      6.361    10.5984 0.0000e+00
      4.497      0.101     9.1565     81.032     45.563  32.437939     3.7800     0.1248     0.0852     0.1269 2.2935e-01     5.3181      4.410      6.396    10.5968 0.0000e+00
      4.523      0.103     9.1181     80.740     45.563  32.438075     3.7800     0.1439     0.0852     0.1269 2.2525e-01     5.3632      4.435      6.433    10.5956 0.0000e+00
      4.549      0.104     9.0839     80.460     45.561  32.436574     3.7800     0.1325     0.0852     0.1269 2.2306e-01     5.2580      4.461      6.470    10.5949 0.0000e+00
      4.577      0.106     9.0513     80.211     45.561  32.436997     3.7800     0.1286     0.0852     0.1269 2.0962e-01     5.2129      4.488      6.510    10.5946 0.0000e+00
      4.604      0.107     9.0190     80.005     45.565  32.439458     3.7800     0.1439     0.0852     0.1269 1.9918e-01     5.1528      4.515      6.549    10.5945 0.0000e+00
      4.632      0.107     8.9865     79.854     45.561  32.436690     3.7800     0.1439     0.1278     0.1692 1.8964e-01     5.0776      4.542      6.588    10.5944 0.0000e+00
      4.659      0.107     8.9554     79.765     45.555  32.431918     3.7800     0.1248     0.1278     0.1692 1.7594e-01     5.1077      4.569      6.627    10.5944 0.0000e+00
      4.686      0.106     8.9277     79.728     45.555  32.431789     3.7800     0.1019     0.1278     0.1692 1.9146e-01     5.0175      4.596      6.665    10.5943 0.0000e+00
      4.713      0.104     8.9047     79.732     45.556  32.432308     3.7800     0.1325     0.1278     0.1692 1.8244e-01     5.3031      4.622      6.703    10.5943 0.0000e+00
      4.740      0.101     8.8880     79.769     45.547  32.425693     3.8700     0.1210     0.1278     0.1692 1.6387e-01     5.2730      4.648      6.742    10.5942 0.0000e+00
      4.767      0.097     8.8781     79.817     45.531  32.414140     3.8700     0.1401     0.1278     0.1692 1.4403e-01     5.2730      4.674      6.779    10.5940 0.0000e+00
      4.791      0.093     8.8740     79.857     45.531  32.414370     3.8700     0.1363     0.1278     0.1692 1.4886e-01     5.3782      4.699      6.815    10.5938 0.0000e+00
      4.814      0.089     8.8746     79.883     45.548  32.426446     3.8700     0.1439     0.1278     0.1692 1.4977e-01     5.0626      4.721      6.847    10.5936 0.0000e+00
      4.836      0.084     8.8787     79.886     45.559  32.433784     3.8700     0.1134     0.0852     0.0846 1.6484e-01     5.0175      4.742      6.877    10.5934 0.0000e+00
      4.856      0.081     8.8840     79.857     45.554  32.430421     3.8700     0.1363     0.0852     0.0846 1.5524e-01     5.0927      4.762      6.906    10.5934 0.0000e+00
      4.876      0.078     8.8885     79.798     45.544  32.423381     3.8700     0.1477     0.0852     0.0846 1.5280e-01     5.2129      4.781      6.934    10.5933 0.0000e+00
      4.895      0.075     8.8915     79.719     45.543  32.422668     3.8700     0.1439     0.0852     0.0846 1.8504e-01     5.0476      4.800      6.962    10.5932 0.0000e+00
      4.914      0.073     8.8918     79.631     45.545  32.424131     3.7800     0.1134     0.1278     0.2115 1.3538e-01     5.1227      4.819      6.989    10.5930 0.0000e+00
      4.932      0.071     8.8886     79.546     45.539  32.420240     3.7800     0.1286     0.1278     0.2115 1.4434e-01     5.1077      4.837      7.015    10.5929 0.0000e+00
      4.950      0.069     8.8821     79.472     45.535  32.417878     3.7800     0.1210     0.1278     0.2115 1.5197e-01     5.1077      4.855      7.041    10.5930 0.0000e+00
      4.968      0.067     8.8732     79.412     45.543  32.424335     3.7800     0.1172     0.1278     0.2115 1.4176e-01     5.2881      4.871      7.065    10.5932 0.0000e+00
      4.984      0.066     8.8633     79.372     45.554  32.433413     3.7800     0.1515     0.1278     0.2115 1.4964e-01     5.4083      4.888      7.089    10.5935 0.0000e+00
      5.001      0.064     8.8538     79.354     45.562  32.439612     3.7800     0.1363     0.1278     0.0846 1.2557e-01     5.2430      4.904      7.112    10.5940 0.0000e+00
      5.017      0.064     8.8455     79.356     45.567  32.444585     3.7800     0.1363     0.1278     0.0846 1.1617e-01     5.3782      4.920      7.135    10.5945 0.0000e+00
      5.033      0.063     8.8387     79.372     45.566  32.445696     3.7800     0.1019     0.1278     0.0846 1.2883e-01     5.2430      4.935      7.158    10.5952 0.0000e+00
      5.049      0.063     8.8340     79.398     45.555  32.439283     3.7800     0.1592     0.1278     0.0846 1.1623e-01     5.2430      4.951      7.181    10.5959 0.0000e+00
      5.065      0.064     8.8318     79.438     45.542  32.431556     3.7800     0.1439     0.1278     0.2115 1.2664e-01     5.3031      4.967      7.204    10.5970 0.0000e+00
      5.081      0.064     8.8318     79.495     45.536  32.428375     3.7800     0.1363     0.1278     0.2115 1.3207e-01     5.2730      4.983      7.226    10.5985 0.0000e+00
      5.097      0.065     8.8331     79.562     45.531  32.424933     3.7800     0.1286     0.1278     0.2115 1.4365e-01     4.9875      4.998      7.249    10.6002 0.0000e+00
      5.113      0.066     8.8357     79.629     45.525  32.420311     3.7800     0.1439     0.1278     0.2115 1.1620e-01     5.0025      5.014      7.273    10.6019 0.0000e+00
      5.130      0.068     8.8398     79.692     45.533  32.425158     3.7800     0.1401     0.1278     0.1692 1.3129e-01     5.0476      5.031      7.297    10.6035 0.0000e+00
      5.148      0.069     8.8459     79.747     45.555  32.440766     3.7800     0.1363     0.1278     0.1692 1.2408e-01     5.1678      5.048      7.322    10.6048 0.0000e+00
      5.166      0.069     8.8532     79.791     45.571  32.451494     3.7800     0.1515     0.1278     0.1692 1.2814e-01     5.0626      5.066      7.348    10.6051 0.0000e+00
      5.184      0.069     8.8608     79.820     45.578  32.456244     3.7800     0.1286     0.1278     0.1692 1.1610e-01     5.1077      5.084      7.374    10.6046 0.0000e+00
      5.202      0.068     8.8679     79.830     45.584  32.460242     3.7800     0.1058     0.1278     0.1269 1.2015e-01     5.0025      5.101      7.399    10.6039 0.0000e+00
      5.219      0.066     8.8742     79.818     45.579  32.456634     3.7800     0.1439     0.1278     0.1269 1.1610e-01     5.0476      5.118      7.424    10.6034 0.0000e+00
      5.236      0.064     8.8791     79.786     45.568  32.448418     3.7800     0.1248     0.1278     0.1269 1.1617e-01     5.2881      5.134      7.447    10.6029 0.0000e+00
      5.252      0.063     8.8824     79.738     45.559  32.441323     3.7800     0.1515     0.1278     0.1269 1.1623e-01     5.3332      5.150      7.470    10.6026 0.0000e+00
      5.267      0.063     8.8836     79.678     45.555  32.437418     3.7800     0.1210     0.1278     0.1269 1.1625e-01     5.2129      5.165      7.491    10.6023 0.0000e+00
      5.282      0.062     8.8823     79.606     45.554  32.435662     3.7800     0.1401     0.0852     0.1269 1.1610e-01     5.4083      5.180      7.513    10.6022 0.0000e+00
      5.298      0.063     8.8788     79.525     45.545  32.427667     3.7800     0.1439     0.0852     0.1269 1.1607e-01     5.1077      5.196      7.536    10.6020 0.0000e+00
      5.314      0.063     8.8736     79.439     45.530  32.415259     3.7800     0.1325     0.0852     0.1269 1.1617e-01     5.0326      5.212      7.559    10.6013 0.0000e+00
      5.331      0.063     8.8672     79.347     45.525  32.410972     3.7800     0.1477     0.0852     0.1269 1.1595e-01     5.0326      5.228      7.583    10.6002 0.0000e+00
      5.347      0.063     8.8594     79.250     45.529  32.413664     3.7800     0.1554     0.1278     0.1269 1.1623e-01     5.1227      5.244      7.606    10.5987 0.0000e+00
      5.363      0.062     8.8508     79.149     45.526  32.412170     3.7800     0.1515     0.1278     0.1269 1.1612e-01     5.0927      5.260      7.628    10.5971 0.0000e+00
      5.379      0.061     8.8415     79.051     45.523  32.410052     3.7800     0.1286     0.1278     0.1269 1.1623e-01     4.9875      5.275      7.650    10.5957 0.0000e+00
      5.394      0.060     8.8314     78.970     45.530  32.414667     3.7800     0.1210     0.1278     0.1269 1.1615e-01     5.1378      5.290      7.672    10.5949 0.0000e+00
      5.410      0.059     8.8206     78.909     45.543  32.423285     3.7800     0.1401     0.0852     0.0846 1.1640e-01     5.0476      5.305      7.694    10.5947 0.0000e+00
      5.425      0.058     8.8093     78.867     45.554  32.430283     3.7800     0.1363     0.0852     0.0846 1.1607e-01     5.1378      5.320      7.716    10.5948 0.0000e+00
      5.440      0.057     8.7985     78.841     45.558  32.433566     3.7800     0.1019     0.0852     0.0846 1.1623e-01     5.1077      5.335      7.737    10.5947 0.0000e+00
      5.454      0.056     8.7896     78.828     45.553  32.430050     3.7800     0.1210     0.0852     0.0846 1.1623e-01     5.0776      5.349      7.758    10.5940 0.0000e+00
      5.468      0.055     8.7830     78.823     45.536  32.418796     3.7800     0.1363     0.0852     0.1692 1.1630e-01     5.0025      5.362      7.777    10.5933 0.0000e+00
      5.481      0.055     8.7784     78.822     45.515  32.404725     3.7800     0.1248     0.0852     0.1692 1.1623e-01     5.1077      5.375      7.796    10.5928 0.0000e+00
      5.494      0.056     8.7755     78.822     45.497  32.392006     3.7800     0.1286     0.0852     0.1692 1.1617e-01     5.0626      5.388      7.815    10.5928 0.0000e+00
      5.508      0.057     8.7739     78.829     45.488  32.385168     3.7800     0.1172     0.0852     0.1692 1.1617e-01     5.0025      5.402      7.835    10.5932 0.0000e+00
