Data/DataNotYetUploadedToEDI/Raw_CTD/RawDownloads/062723_fcrXX_S8188006.cnv
* Sea-Bird SBE19plus  Data File:
* FileName = C:\R\Reservoirs\Data\DataNotYetUploadedToEDI\Raw_CTD\RawDownloads\062623_fcr50_S8188_0006.hex
* Software version 2.8.0.119
* Temperature SN = 8188
* Conductivity SN = 8188
* System UpLoad Time = Jul 03 2023 16:32:16
* <ApplicationData>
* <Seaterm232>
# nquan = 16
# nvalues = 980                         
# units = specified
# name 0 = depFM: Depth [fresh water, m]
# name 1 = dz/dtM: Descent Rate [m/s]
# name 2 = sbeox0Mg/L: Oxygen, SBE 43 [mg/l]
# name 3 = sbeox0PS: Oxygen, SBE 43 [% saturation]
# name 4 = specc: Specific Conductance [uS/cm]
# name 5 = c0uS/cm: Conductivity [uS/cm]
# name 6 = wetCDOM: Fluorescence, WET Labs CDOM [mg/m^3]
# name 7 = flECO-AFL: Fluorescence, WET Labs ECO-AFL/FL [mg/m^3]
# name 8 = flECO-AFL1: Fluorescence, WET Labs ECO-AFL/FL, 2 [mg/m^3]
# name 9 = flECO-AFL2: Fluorescence, WET Labs ECO-AFL/FL, 3 [mg/m^3]
# name 10 = par/sat/log: PAR/Logarithmic, Satlantic
# name 11 = turbWETntu0: Turbidity, WET Labs ECO [NTU]
# name 12 = prdM: Pressure, Strain Gauge [db]
# name 13 = prdE: Pressure, Strain Gauge [psi]
# name 14 = tv290C: Temperature [ITS-90, deg C]
# name 15 = flag:  0.000e+00
# span 0 =     -0.717,      6.855       
# span 1 =     -0.548,      0.107       
# span 2 =     0.0675,    13.4426       
# span 3 =      0.644,    163.587       
# span 4 =    -16.682,     47.743       
# span 5 = -14.313824,  47.761875       
# span 6 =    -4.5000,     7.0200       
# span 7 =    -0.1498,     2.7761       
# span 8 =    -2.1300,     1.2780       
# span 9 =    -2.0304,    19.6272       
# span 10 = 1.1592e-01, 5.5888e+02      
# span 11 =    -0.5136,   397.7249      
# span 12 =     -0.703,      6.723      
# span 13 =     -1.020,      9.751      
# span 14 =    10.5830,    25.2955      
# span 15 = 0.0000e+00, 0.0000e+00      
# interval = seconds: 0.25
# start_time = Jun 27 2023 13:22:52 [Instrument's time stamp, header]
# bad_flag = -9.990e-29
*END*
[from data line 543]
      1.859      0.033     2.8047     28.105     39.478  33.219321     4.1400     0.3766     0.0426     0.3384 1.8729e+00     0.9594      1.824      2.644    17.1908 0.0000e+00
      1.868      0.033     2.7795     27.858     39.436  33.155036     4.1400     0.3804     0.0426     0.3384 1.8839e+00     0.9894      1.832      2.656    17.1646 0.0000e+00
      1.876      0.034     2.7559     27.604     39.393  33.088403     4.0500     0.3690     0.0426     0.2961 1.8647e+00     1.0345      1.840      2.669    17.1351 0.0000e+00
      1.885      0.034     2.7336     27.343     39.359  33.027395     4.0500     0.3652     0.0426     0.2961 1.8635e+00     1.0646      1.848      2.681    17.1030 0.0000e+00
      1.893      0.033     2.7120     27.075     39.347  32.983467     4.0500     0.3919     0.0426     0.2961 1.8394e+00     1.0195      1.857      2.693    17.0685 0.0000e+00
      1.902      0.033     2.6902     26.794     39.348  32.952823     4.0500     0.3881     0.0426     0.2961 1.8183e+00     1.0345      1.865      2.705    17.0319 0.0000e+00
      1.911      0.033     2.6678     26.504     39.351  32.927290     4.0500     0.3690     0.0426     0.3807 1.8342e+00     1.0796      1.874      2.718    16.9932 0.0000e+00
      1.919      0.033     2.6448     26.207     39.352  32.904019     4.0500     0.3919     0.0426     0.3807 1.7889e+00     0.9894      1.882      2.729    16.9521 0.0000e+00
      1.927      0.033     2.6212     25.910     39.343  32.876803     4.0500     0.3652     0.0426     0.3807 1.7839e+00     1.0796      1.890      2.741    16.9099 0.0000e+00
      1.935      0.033     2.5963     25.618     39.331  32.850267     4.0500     0.3804     0.0426     0.3807 1.7704e+00     1.0045      1.898      2.753    16.8696 0.0000e+00
      1.944      0.033     2.5701     25.335     39.328  32.833176     4.0500     0.3804     0.0426     0.3807 1.7376e+00     1.1398      1.906      2.765    16.8335 0.0000e+00
      1.952      0.032     2.5429     25.076     39.328  32.820971     4.0500     0.3766     0.0426     0.2115 1.6896e+00     1.0496      1.914      2.777    16.8030 0.0000e+00
      1.961      0.032     2.5154     24.854     39.328  32.810397     4.0500     0.3995     0.0426     0.2115 1.7043e+00     1.0796      1.923      2.789    16.7780 0.0000e+00
      1.969      0.032     2.4881     24.675     39.329  32.802594     4.0500     0.3804     0.0426     0.2115 1.6786e+00     1.0796      1.931      2.801    16.7571 0.0000e+00
      1.977      0.031     2.4616     24.544     39.328  32.795483     4.0500     0.3995     0.0426     0.2115 1.6717e+00     0.9444      1.939      2.812    16.7388 0.0000e+00
      1.985      0.030     2.4373     24.460     39.325  32.787166     4.0500     0.3766     0.0426     0.2961 1.6670e+00     1.0345      1.946      2.823    16.7227 0.0000e+00
      1.992      0.028     2.4164     24.415     39.318  32.775425     4.0500     0.3881     0.0426     0.2961 1.6479e+00     1.0345      1.954      2.834    16.7094 0.0000e+00
      2.000      0.027     2.3995     24.409     39.311  32.763071     4.0500     0.3728     0.0426     0.2961 1.6283e+00     1.0045      1.961      2.844    16.6992 0.0000e+00
      2.007      0.026     2.3872     24.441     39.310  32.754729     4.0500     0.3728     0.0426     0.2961 1.5850e+00     0.9894      1.968      2.854    16.6911 0.0000e+00
      2.013      0.024     2.3794     24.493     39.315  32.750154     4.0500     0.3690     0.0426     0.2115 1.5874e+00     1.0045      1.974      2.863    16.6839 0.0000e+00
      2.019      0.023     2.3754     24.547     39.320  32.746147     4.0500     0.3728     0.0426     0.2115 1.5885e+00     1.0796      1.980      2.872    16.6764 0.0000e+00
      2.024      0.021     2.3753     24.588     39.320  32.737677     4.0500     0.3690     0.0426     0.2115 1.5867e+00     1.0045      1.985      2.879    16.6678 0.0000e+00
      2.029      0.021     2.3789     24.605     39.314  32.722487     4.0500     0.3728     0.0426     0.2115 1.5563e+00     1.0796      1.990      2.886    16.6581 0.0000e+00
      2.034      0.020     2.3844     24.594     39.298  32.698505     3.9600     0.3919     0.0426     0.2115 1.5445e+00     1.0345      1.995      2.893    16.6477 0.0000e+00
      2.039      0.020     2.3903     24.556     39.280  32.671218     3.9600     0.3652     0.0426     0.2115 1.5723e+00     0.9744      2.000      2.900    16.6369 0.0000e+00
      2.045      0.020     2.3949     24.483     39.275  32.655130     3.9600     0.3575     0.0426     0.2115 1.5472e+00     1.0045      2.005      2.908    16.6256 0.0000e+00
      2.050      0.020     2.3971     24.373     39.283  32.651892     3.9600     0.3919     0.0426     0.2115 1.5332e+00     1.2750      2.010      2.916    16.6136 0.0000e+00
      2.055      0.020     2.3967     24.234     39.289  32.648759     3.9600     0.3881     0.0426     0.2115 1.5209e+00     1.3652      2.015      2.923    16.5999 0.0000e+00
      2.060      0.020     2.3938     24.083     39.284  32.636973     3.9600     0.3652     0.0426     0.2115 1.5222e+00     1.3051      2.020      2.930    16.5844 0.0000e+00
      2.065      0.020     2.3874     23.932     39.280  32.625273     3.9600     0.3919     0.0426     0.2115 1.4830e+00     1.2450      2.025      2.937    16.5691 0.0000e+00
      2.070      0.021     2.3773     23.786     39.281  32.618461     3.9600     0.3690     0.0426     0.2115 1.4918e+00     1.3051      2.030      2.945    16.5562 0.0000e+00
      2.076      0.021     2.3643     23.648     39.277  32.606798     3.9600     0.3766     0.0426     0.2115 1.4853e+00     1.3051      2.035      2.952    16.5455 0.0000e+00
      2.081      0.022     2.3500     23.525     39.263  32.587174     3.9600     0.3919     0.0426     0.1692 1.4782e+00     1.1999      2.041      2.960    16.5353 0.0000e+00
      2.087      0.023     2.3358     23.421     39.240  32.558315     3.9600     0.3728     0.0426     0.1692 1.4814e+00     1.3201      2.046      2.968    16.5248 0.0000e+00
      2.093      0.025     2.3220     23.335     39.205  32.516488     3.9600     0.3728     0.0426     0.1692 1.5071e+00     1.3051      2.052      2.977    16.5146 0.0000e+00
      2.099      0.026     2.3091     23.258     39.168  32.466379     3.9600     0.3919     0.0426     0.1692 1.4785e+00     1.2600      2.059      2.986    16.5047 0.0000e+00
      2.106      0.028     2.2976     23.176     39.141  32.418389     3.9600     0.3766     0.0852     0.2538 1.4718e+00     1.3051      2.065      2.995    16.4945 0.0000e+00
      2.113      0.029     2.2880     23.078     39.128  32.379521     3.9600     0.3728     0.0852     0.2538 1.4549e+00     1.3351      2.072      3.006    16.4822 0.0000e+00
      2.121      0.031     2.2805     22.956     39.127  32.351290     3.9600     0.3766     0.0852     0.2538 1.4721e+00     1.3051      2.080      3.017    16.4652 0.0000e+00
      2.129      0.032     2.2741     22.798     39.133  32.330127     3.9600     0.3881     0.0852     0.2538 1.4352e+00     1.2750      2.088      3.029    16.4406 0.0000e+00
      2.138      0.033     2.2675     22.592     39.138  32.310387     3.9600     0.3652     0.0852     0.2538 1.4405e+00     1.3652      2.097      3.041    16.4084 0.0000e+00
      2.146      0.034     2.2596     22.339     39.139  32.290768     3.9600     0.3461     0.0426     0.1692 1.4342e+00     1.3802      2.105      3.053    16.3724 0.0000e+00
      2.155      0.035     2.2494     22.042     39.139  32.273956     3.9600     0.3804     0.0426     0.1692 1.4411e+00     1.3351      2.114      3.066    16.3370 0.0000e+00
      2.164      0.035     2.2355     21.712     39.141  32.261409     3.9600     0.3842     0.0426     0.1692 1.3834e+00     1.2600      2.123      3.079    16.3038 0.0000e+00
      2.173      0.036     2.2167     21.367     39.149  32.253741     3.9600     0.3690     0.0426     0.1692 1.4181e+00     1.3502      2.132      3.091    16.2735 0.0000e+00
      2.183      0.036     2.1931     21.031     39.161  32.250886     3.9600     0.3766     0.0852     0.1692 1.4160e+00     1.2299      2.141      3.104    16.2476 0.0000e+00
      2.192      0.036     2.1649     20.723     39.174  32.250104     3.9600     0.3194     0.0852     0.1692 1.3970e+00     1.2299      2.150      3.118    16.2262 0.0000e+00
      2.201      0.036     2.1333     20.458     39.182  32.247224     3.9600     0.3156     0.0852     0.1692 1.3919e+00     1.1999      2.159      3.131    16.2076 0.0000e+00
      2.210      0.035     2.1003     20.239     39.184  32.239498     3.9600     0.3308     0.0852     0.1692 1.4274e+00     1.3201      2.167      3.143    16.1898 0.0000e+00
      2.219      0.035     2.0679     20.065     39.186  32.230806     3.9600     0.3156     0.0426     0.1269 1.3780e+00     1.2750      2.176      3.156    16.1731 0.0000e+00
      2.228      0.035     2.0383     19.928     39.193  32.224770     3.9600     0.3232     0.0426     0.1269 1.4246e+00     1.5606      2.185      3.169    16.1587 0.0000e+00
      2.237      0.035     2.0128     19.816     39.198  32.215821     3.9600     0.3118     0.0426     0.1269 1.4308e+00     1.4253      2.194      3.182    16.1463 0.0000e+00
      2.246      0.035     1.9918     19.713     39.198  32.203552     3.9600     0.3194     0.0426     0.1269 1.4355e+00     1.4854      2.203      3.194    16.1341 0.0000e+00
      2.255      0.036     1.9751     19.610     39.203  32.194590     3.8700     0.3003     0.0426     0.1692 1.4016e+00     1.6508      2.211      3.207    16.1207 0.0000e+00
      2.264      0.036     1.9623     19.499     39.216  32.190507     3.8700     0.2774     0.0426     0.1692 1.3825e+00     1.5456      2.220      3.220    16.1059 0.0000e+00
      2.273      0.036     1.9519     19.371     39.231  32.186253     3.8700     0.3118     0.0426     0.1692 1.4308e+00     1.5305      2.229      3.233    16.0903 0.0000e+00
      2.283      0.037     1.9424     19.223     39.244  32.180693     3.8700     0.3079     0.0426     0.1692 1.4305e+00     1.5305      2.238      3.247    16.0743 0.0000e+00
      2.292      0.037     1.9330     19.050     39.261  32.180264     3.8700     0.3232     0.0426     0.1692 1.3831e+00     1.5606      2.248      3.260    16.0576 0.0000e+00
      2.302      0.036     1.9228     18.846     39.282  32.184851     3.9600     0.3041     0.0426     0.2115 1.4016e+00     1.5456      2.258      3.274    16.0388 0.0000e+00
      2.311      0.036     1.9110     18.603     39.303  32.191716     3.9600     0.3232     0.0426     0.2115 1.4071e+00     1.4854      2.267      3.288    16.0181 0.0000e+00
      2.320      0.035     1.8973     18.321     39.320  32.198729     3.9600     0.3041     0.0426     0.2115 1.4107e+00     1.6207      2.275      3.300    15.9973 0.0000e+00
      2.329      0.034     1.8810     18.010     39.330  32.203799     3.9600     0.3232     0.0426     0.2115 1.3943e+00     1.5305      2.284      3.313    15.9783 0.0000e+00
      2.338      0.033     1.8614     17.688     39.337  32.208279     3.8700     0.3003     0.0852     0.2115 1.4246e+00     1.7860      2.292      3.325    15.9622 0.0000e+00
      2.346      0.032     1.8379     17.379     39.337  32.209402     3.8700     0.3232     0.0852     0.2115 1.4160e+00     1.8762      2.300      3.337    15.9495 0.0000e+00
      2.354      0.032     1.8104     17.105     39.329  32.203509     3.8700     0.3079     0.0852     0.2115 1.4055e+00     1.7560      2.308      3.348    15.9410 0.0000e+00
      2.362      0.031     1.7798     16.890     39.317  32.192988     3.8700     0.3156     0.0852     0.2115 1.4058e+00     1.7560      2.316      3.359    15.9365 0.0000e+00
      2.370      0.031     1.7481     16.751     39.306  32.178994     3.8700     0.3118     0.0426     0.2115 1.4367e+00     1.6207      2.324      3.370    15.9354 0.0000e+00
      2.377      0.030     1.7175     16.691     39.301  32.165718     3.8700     0.3156     0.0426     0.2115 1.4380e+00     1.8462      2.331      3.381    15.9365 0.0000e+00
      2.385      0.030     1.6903     16.692     39.312  32.161498     3.8700     0.3194     0.0426     0.2115 1.4374e+00     1.8762      2.339      3.392    15.9376 0.0000e+00
      2.393      0.030     1.6691     16.728     39.326  32.157287     3.8700     0.2965     0.0426     0.2115 1.3982e+00     1.7860      2.346      3.403    15.9365 0.0000e+00
      2.400      0.030     1.6557     16.754     39.335  32.148003     3.8700     0.3346     0.0852     0.2538 1.4197e+00     2.0416      2.354      3.414    15.9308 0.0000e+00
      2.408      0.030     1.6501     16.725     39.354  32.147011     3.8700     0.2965     0.0852     0.2538 1.3765e+00     2.0866      2.361      3.424    15.9188 0.0000e+00
      2.415      0.030     1.6509     16.611     39.390  32.158005     3.8700     0.3308     0.0852     0.2538 1.4330e+00     2.0716      2.368      3.435    15.9014 0.0000e+00
      2.422      0.031     1.6551     16.400     39.437  32.175997     3.8700     0.3079     0.0852     0.2538 1.4515e+00     1.9965      2.376      3.445    15.8816 0.0000e+00
      2.430      0.033     1.6584     16.091     39.488  32.193901     3.8700     0.3232     0.0852     0.2538 1.4141e+00     1.8913      2.383      3.456    15.8613 0.0000e+00
      2.438      0.034     1.6562     15.695     39.534  32.204611     3.8700     0.3156     0.0852     0.1692 1.4377e+00     1.7560      2.391      3.468    15.8398 0.0000e+00
      2.447      0.037     1.6457     15.228     39.578  32.207022     3.8700     0.3003     0.0852     0.1692 1.4587e+00     1.8161      2.400      3.481    15.8164 0.0000e+00
      2.457      0.039     1.6257     14.707     39.622  32.201775     3.8700     0.3118     0.0852     0.1692 1.4395e+00     1.8311      2.409      3.495    15.7903 0.0000e+00
      2.467      0.041     1.5960     14.150     39.670  32.195389     3.8700     0.3003     0.0852     0.1692 1.4203e+00     2.0416      2.420      3.509    15.7610 0.0000e+00
      2.479      0.042     1.5577     13.562     39.733  32.198043     3.8700     0.3041     0.0852     0.2538 1.3834e+00     2.0416      2.431      3.525    15.7268 0.0000e+00
      2.490      0.043     1.5126     12.936     39.806  32.206481     3.8700     0.2927     0.0852     0.2538 1.4019e+00     1.9814      2.442      3.542    15.6845 0.0000e+00
      2.502      0.043     1.4623     12.264     39.873  32.211069     3.8700     0.3079     0.0852     0.2538 1.4193e+00     1.9814      2.453      3.558    15.6333 0.0000e+00
      2.513      0.042     1.4086     11.542     39.929  32.213028     3.8700     0.3194     0.0852     0.2538 1.3813e+00     2.5376      2.464      3.574    15.5760 0.0000e+00
      2.524      0.040     1.3518     10.771     39.976  32.216841     3.8700     0.3079     0.0852     0.0846 1.3569e+00     2.4774      2.475      3.589    15.5146 0.0000e+00
      2.534      0.038     1.2911      9.954     40.014  32.219563     3.8700     0.3156     0.0852     0.0846 1.3463e+00     2.5225      2.485      3.604    15.4507 0.0000e+00
      2.543      0.036     1.2257      9.104     40.044  32.221917     3.8700     0.2927     0.0852     0.0846 1.3516e+00     2.5225      2.494      3.617    15.3887 0.0000e+00
      2.552      0.034     1.1549      8.250     40.077  32.228493     3.8700     0.3079     0.0852     0.0846 1.3549e+00     2.5225      2.503      3.630    15.3348 0.0000e+00
      2.560      0.032     1.0787      7.436     40.110  32.237082     3.7800     0.3041     0.0852     0.2538 1.3414e+00     2.4474      2.511      3.641    15.2915 0.0000e+00
      2.568      0.030     0.9976      6.706     40.144  32.246014     3.7800     0.3079     0.0852     0.2538 1.3160e+00     2.6127      2.518      3.652    15.2573 0.0000e+00
