Data/DataNotYetUploadedToEDI/Raw_CTD/RawDownloads/062723_fcr47.4_S8188015.cnv
* Sea-Bird SBE19plus  Data File:
* FileName = C:\R\Reservoirs\Data\DataNotYetUploadedToEDI\Raw_CTD\RawDownloads\062623_fcr50_S8188_0015.hex
* Software version 2.8.0.119
* Temperature SN = 8188
* Conductivity SN = 8188
* System UpLoad Time = Jul 03 2023 16:34:19
* <ApplicationData>
* <Seaterm232>
# nquan = 16
# nvalues = 682                         
# units = specified
# name 0 = depFM: Depth [fresh water, m]
# name 1 = dz/dtM: Descent Rate [m/s]
# name 2 = sbeox0Mg/L: Oxygen, SBE 43 [mg/l]
# name 3 = sbeox0PS: Oxygen, SBE 43 [% saturation]
# name 4 = specc: Specific Conductance [uS/cm]
# name 5 = c0uS/cm: Conductivity [uS/cm]
# name 6 = wetCDOM: Fluorescence, WET Labs CDOM [mg/m^3]
# name 7 = flECO-AFL: Fluorescence, WET Labs ECO-AFL/FL [mg/m^3]
# name 8 = flECO-AFL1: Fluorescence, WET Labs ECO-AFL/FL, 2 [mg/m^3]
# name 9 = flECO-AFL2: Fluorescence, WET Labs ECO-AFL/FL, 3 [mg/m^3]
# name 10 = par/sat/log: PAR/Logarithmic, Satlantic
# name 11 = turbWETntu0: Turbidity, WET Labs ECO [NTU]
# name 12 = prdM: Pressure, Strain Gauge [db]
# name 13 = prdE: Pressure, Strain Gauge [psi]
# name 14 = tv290C: Temperature [ITS-90, deg C]
# name 15 = flag:  0.000e+00
# span 0 =     -0.721,      6.566       
# span 1 =     -0.226,      0.138       
# span 2 =     0.0946,    16.6546       
# span 3 =      0.890,    197.559       
# span 4 =      0.557,     48.518       
# span 5 =   0.479790,  47.629582       
# span 6 =    -4.5000,     7.1100       
# span 7 =    -0.1498,     4.5347       
# span 8 =    -2.1300,     0.6390       
# span 9 =    -2.0304,    19.9656       
# span 10 = 1.1592e-01, 4.9679e+02      
# span 11 =    -0.5587,   542.1495      
# span 12 =     -0.707,      6.439      
# span 13 =     -1.026,      9.340      
# span 14 =    10.5861,    24.5894      
# span 15 = 0.0000e+00, 0.0000e+00      
# interval = seconds: 0.25
# start_time = Jun 27 2023 15:22:51 [Instrument's time stamp, header]
# bad_flag = -9.990e-29
*END*
[from data line 91]
     -0.083     -0.005    10.8686    124.697     47.704  46.933831     6.7500     3.1270     0.5112    18.2313 1.8738e+02    20.8443     -0.081     -0.118    24.3831 0.0000e+00
     -0.090     -0.017    10.6795    124.808     47.623  46.823538     6.7500     3.1232     0.5112    18.2313 2.8004e+02    20.9495     -0.088     -0.128    24.3395 0.0000e+00
     -0.099     -0.024    10.5451    124.956     47.567  46.746803     6.6600     3.1232     0.4260    19.1619 2.3494e+02    20.8893     -0.097     -0.140    24.2847 0.0000e+00
     -0.106     -0.026    10.4746    124.815     47.530  46.697032     6.6600     3.1309     0.4260    19.1619 2.8261e+02    20.8593     -0.104     -0.151    24.2300 0.0000e+00
     -0.113     -0.026    10.4587    124.216     47.507  46.668881     6.6600     2.6311     0.4260    19.1619 3.0627e+02    20.6940     -0.111     -0.161    24.1858 0.0000e+00
     -0.120     -0.024    10.4744    123.141     47.519  46.682582     6.6600     2.6311     0.4260    19.1619 3.1259e+02    20.7090     -0.117     -0.170    24.1538 0.0000e+00
     -0.125     -0.022    10.4912    121.683     47.588  46.761606     6.3900     2.6655     0.3834    17.4699 2.6971e+02    20.6639     -0.123     -0.178    24.1319 0.0000e+00
     -0.130     -0.021    10.4821    120.014     47.694  46.889375     6.3900     2.6082     0.3834    17.4699 2.6860e+02    20.6489     -0.128     -0.185    24.1181 0.0000e+00
     -0.135     -0.019    10.4331    118.348     47.787  47.016737     6.3900     2.7036     0.3834    17.4699 3.0256e+02    20.9194     -0.133     -0.192    24.1118 0.0000e+00
     -0.140     -0.018    10.3425    116.893     47.843  47.112263     6.3900     2.6807     0.3834    17.4699 3.3350e+02    20.8593     -0.138     -0.199    24.1137 0.0000e+00
     -0.145     -0.016    10.2179    115.791     47.867  47.175668     6.3900     2.6731     0.3834    17.4699 3.4276e+02    20.9344     -0.142     -0.206    24.1258 0.0000e+00
     -0.149     -0.014    10.0732    115.090     47.873  47.217919     6.3900     2.6922     0.4260    16.8354 3.3868e+02    20.9495     -0.146     -0.212    24.1508 0.0000e+00
     -0.153     -0.012     9.9266    114.742     47.876  47.252265     6.3900     2.5014     0.4260    16.8354 3.3011e+02    20.4986     -0.150     -0.217    24.1876 0.0000e+00
     -0.155     -0.009     9.7968    114.651     47.887  47.289848     6.3900     2.4976     0.4260    16.8354 3.0968e+02    20.3934     -0.152     -0.221    24.2303 0.0000e+00
     -0.157     -0.007     9.6967    114.721     47.911  47.338710     6.3900     2.5091     0.4260    16.8354 3.1690e+02    20.4384     -0.154     -0.224    24.2724 0.0000e+00
     -0.158     -0.004     9.6311    114.867     47.948  47.399991     6.3900     2.5167     0.3834    17.3007 3.2064e+02    20.3633     -0.155     -0.226    24.3101 0.0000e+00
     -0.159     -0.003     9.5962    115.020     47.991  47.464273     6.3900     2.5815     0.3834    17.3007 3.1538e+02    20.7390     -0.156     -0.227    24.3424 0.0000e+00
     -0.160     -0.001     9.5834    115.136     48.024  47.516992     6.3900     2.5472     0.3834    17.3007 3.1628e+02    20.6489     -0.156     -0.227    24.3708 0.0000e+00
     -0.160     -0.000     9.5845    115.190     48.042  47.552392     6.3900     2.5586     0.3834    17.3007 3.1883e+02    20.5286     -0.156     -0.227    24.3971 0.0000e+00
     -0.159      0.001     9.5922    115.180     48.052  47.575949     6.3000     2.5892     0.4686    17.1738 3.1848e+02    20.7390     -0.156     -0.226    24.4221 0.0000e+00
     -0.159      0.001     9.6008    115.166     48.058  47.593946     6.3000     2.5510     0.4686    17.1738 3.1897e+02    20.6489     -0.156     -0.226    24.4452 0.0000e+00
     -0.159      0.002     9.6068    115.239     48.058  47.603257     6.3000     2.6197     0.4686    17.1738 3.1966e+02    20.6188     -0.155     -0.225    24.4661 0.0000e+00
     -0.158      0.002     9.6081    115.469     48.042  47.594473     6.3000     2.6121     0.4686    17.1738 3.2182e+02    20.6639     -0.155     -0.225    24.4840 0.0000e+00
     -0.158      0.003     9.6046    115.880     48.012  47.569217     6.3900     2.6426     0.3834    17.1738 3.2238e+02    20.7240     -0.155     -0.225    24.4990 0.0000e+00
     -0.157      0.004     9.6012    116.454     47.976  47.536606     6.3900     2.6235     0.3834    17.1738 3.2126e+02    20.5887     -0.154     -0.224    24.5112 0.0000e+00
     -0.156      0.005     9.6056    117.143     47.937  47.499836     6.3900     2.6006     0.3834    17.1738 3.2001e+02    20.6639     -0.153     -0.222    24.5209 0.0000e+00
     -0.155      0.006     9.6235    117.882     47.889  47.453063     6.3900     2.5663     0.3834    17.1738 3.1779e+02    20.6940     -0.152     -0.220    24.5280 0.0000e+00
     -0.153      0.007     9.6569    118.578     47.814  47.379853     6.3900     2.5663     0.3834    17.1738 3.1600e+02    20.6489     -0.150     -0.218    24.5329 0.0000e+00
     -0.151      0.008     9.7041    119.115     47.703  47.268608     6.4800     2.5854     0.4260    17.2161 3.1538e+02    20.6338     -0.148     -0.215    24.5359 0.0000e+00
     -0.149      0.008     9.7612    119.371     47.584  47.147130     6.4800     2.8448     0.4260    17.2161 3.1538e+02    22.1519     -0.146     -0.212    24.5378 0.0000e+00
     -0.147      0.007     9.8226    119.243     47.511  47.068236     6.4800     2.8371     0.4260    17.2161 3.1607e+02    22.1519     -0.144     -0.209    24.5390 0.0000e+00
     -0.145      0.007     9.8805    118.692     47.496  47.046555     6.4800     2.8219     0.4260    17.2161 3.1443e+02    22.1819     -0.142     -0.206    24.5395 0.0000e+00
     -0.143      0.006     9.9255    117.746     47.492  47.036674     6.5700     2.8028     0.4260    17.5122 3.2210e+02    22.1068     -0.140     -0.204    24.5383 0.0000e+00
     -0.142      0.005     9.9475    116.501     47.450  46.988397     6.5700     4.1074     0.4260    17.5122 3.1987e+02    22.1669     -0.139     -0.202    24.5345 0.0000e+00
     -0.141      0.004     9.9380    115.082     47.377  46.910650     6.5700     4.1151     0.4260    17.5122 3.2154e+02    22.0617     -0.138     -0.200    24.5282 0.0000e+00
     -0.140      0.003     9.8933    113.616     47.319  46.846111     6.5700     4.1074     0.4260    17.5122 3.2217e+02    22.0767     -0.137     -0.199    24.5210 0.0000e+00
     -0.140      0.003     9.8157    112.219     47.283  46.803330     6.9300     4.0922     0.4260    19.9656 3.2287e+02    22.1068     -0.137     -0.199    24.5144 0.0000e+00
     -0.139      0.003     9.7129    110.990     47.244  46.757027     6.9300     4.5080     0.4260    19.9656 3.2287e+02    23.3693     -0.136     -0.198    24.5081 0.0000e+00
     -0.138      0.002     9.5958    109.987     47.193  46.698817     6.9300     4.5080     0.4260    19.9656 3.2252e+02    23.2791     -0.136     -0.197    24.5014 0.0000e+00
     -0.137      0.002     9.4749    109.206     47.154  46.652809     6.9300     4.4508     0.4260    19.9656 3.2231e+02    23.3543     -0.135     -0.196    24.4941 0.0000e+00
     -0.137      0.001     9.3598    108.600     47.149  46.640421     6.7500     4.4737     0.4260    19.4580 3.3736e+02    23.2641     -0.134     -0.195    24.4863 0.0000e+00
     -0.136      0.001     9.2587    108.105     47.171  46.654386     6.7500     4.2791     0.4260    19.4580 3.3619e+02    22.4375     -0.134     -0.194    24.4785 0.0000e+00
     -0.136      0.000     9.1763    107.673     47.180  46.656814     6.7500     4.2905     0.4260    19.4580 3.0707e+02    22.2721     -0.133     -0.194    24.4705 0.0000e+00
     -0.136     -0.001     9.1126    107.264     47.144  46.614665     6.7500     4.3211     0.4260    19.4580 3.0941e+02    22.3773     -0.134     -0.194    24.4623 0.0000e+00
     -0.137     -0.001     9.0634    106.837     47.086  46.550387     6.7500     4.2829     0.4260    19.4580 3.1834e+02    22.4074     -0.134     -0.195    24.4541 0.0000e+00
     -0.138     -0.002     9.0234    106.354     47.048  46.504303     6.5700     4.4927     0.4686    18.8235 3.2140e+02    20.1228     -0.135     -0.196    24.4465 0.0000e+00
     -0.138     -0.002     8.9885    105.799     47.027  46.476014     6.5700     4.5347     0.4686    18.8235 3.2217e+02    20.2581     -0.135     -0.196    24.4396 0.0000e+00
     -0.139     -0.002     8.9554    105.178     47.002  46.442124     6.5700     4.5309     0.4686    18.8235 3.2252e+02    20.1679     -0.136     -0.197    24.4328 0.0000e+00
     -0.139     -0.001     8.9210    104.500     46.965  46.397558     6.5700     4.5156     0.4686    18.8235 3.2147e+02    20.1679     -0.136     -0.197    24.4252 0.0000e+00
     -0.139     -0.001     8.8821    103.774     46.934  46.358173     6.5700     3.5543     0.4260    18.8235 3.1973e+02    20.7090     -0.136     -0.198    24.4168 0.0000e+00
     -0.139      0.000     8.8372    103.015     46.920  46.335262     6.5700     3.5810     0.4260    18.8235 3.1883e+02    20.6940     -0.136     -0.198    24.4079 0.0000e+00
     -0.139      0.000     8.7867    102.237     46.924  46.330642     6.5700     3.5429     0.4260    18.8235 3.1731e+02    20.5887     -0.136     -0.198    24.3990 0.0000e+00
     -0.139      0.000     8.7316    101.459     46.937  46.335155     6.5700     3.5429     0.4260    18.8235 3.1676e+02    20.5887     -0.136     -0.197    24.3900 0.0000e+00
     -0.139      0.000     8.6725    100.707     46.931  46.322262     6.7500     3.7336     0.4260    19.3734 3.1655e+02    22.7080     -0.136     -0.197    24.3806 0.0000e+00
     -0.139      0.000     8.6106     99.997     46.889  46.274652     6.7500     3.7107     0.4260    19.3734 3.1669e+02    22.6479     -0.136     -0.197    24.3711 0.0000e+00
     -0.138      0.000     8.5470     99.331     46.834  46.213317     6.7500     3.7221     0.4260    19.3734 3.1883e+02    22.6028     -0.136     -0.197    24.3619 0.0000e+00
     -0.138      0.001     8.4833     98.712     46.801  46.173421     6.7500     3.7489     0.4260    19.3734 3.2001e+02    22.6328     -0.136     -0.197    24.3534 0.0000e+00
     -0.138      0.001     8.4216     98.142     46.797  46.162158     6.7500     3.9892     0.4260    19.3734 3.2022e+02    22.4074     -0.135     -0.196    24.3460 0.0000e+00
     -0.138      0.001     8.3633     97.631     46.800  46.156708     6.7500     4.0006     0.4260    19.2465 3.1987e+02    22.3322     -0.135     -0.196    24.3390 0.0000e+00
     -0.138      0.001     8.3087     97.207     46.791  46.139765     6.7500     3.9816     0.4260    19.2465 3.1814e+02    22.3322     -0.135     -0.195    24.3318 0.0000e+00
     -0.137      0.001     8.2582     96.909     46.783  46.122665     6.7500     3.9663     0.4260    19.2465 3.1731e+02    22.3473     -0.134     -0.195    24.3239 0.0000e+00
     -0.137      0.001     8.2118     96.788     46.797  46.124624     6.7500     3.9854     0.4260    19.2465 3.1614e+02    19.9274     -0.134     -0.194    24.3157 0.0000e+00
     -0.136      0.001     8.1703     96.943     46.842  46.154090     6.7500     3.9968     0.4260    19.0773 3.1634e+02    19.9725     -0.134     -0.194    24.3074 0.0000e+00
     -0.136      0.001     8.1363     97.546     46.920  46.210995     6.7500     3.9930     0.4260    19.0773 3.1641e+02    19.9575     -0.134     -0.193    24.2987 0.0000e+00
     -0.136      0.000     8.1130     98.887     47.037  46.298625     6.7500     4.0083     0.4260    19.0773 3.2091e+02    19.8372     -0.133     -0.193    24.2886 0.0000e+00
     -0.136      0.000     8.1050    101.449     47.202  46.418549     6.7500     3.7450     0.4260    19.0773 3.2676e+02    21.0998     -0.133     -0.193    24.2762 0.0000e+00
     -0.136     -0.001     8.1207    105.980     47.419  46.567080     6.6600     3.7527     0.4260    18.8658 3.2647e+02    21.1298     -0.133     -0.193    24.2605 0.0000e+00
     -0.136     -0.002     8.1751    113.365     47.683  46.742210     6.6600     3.7260     0.4260    18.8658 3.2583e+02    21.0847     -0.133     -0.193    24.2396 0.0000e+00
     -0.137     -0.002     8.2929    124.065     47.959  46.933168     6.6600     3.7412     0.4260    18.8658 3.2590e+02    21.2350     -0.134     -0.194    24.2101 0.0000e+00
     -0.137     -0.003     8.5159    137.572     48.207  47.123494     6.6600     3.6497     0.4260    18.8658 3.2711e+02    20.9194     -0.134     -0.195    24.1659 0.0000e+00
     -0.138     -0.004     8.9086    152.530     48.389  47.284674     6.7500     3.6687     0.4260    18.5697 3.1758e+02    20.9194     -0.135     -0.196    24.0986 0.0000e+00
     -0.139     -0.004     9.5454    167.248     48.489  47.392315     6.7500     3.6916     0.4260    18.5697 3.1511e+02    21.0096     -0.137     -0.198    24.0110 0.0000e+00
     -0.141     -0.003    10.4617    180.110     48.518  47.441434     6.7500     3.6687     0.4260    18.5697 3.1641e+02    20.9194     -0.138     -0.200    23.9269 0.0000e+00
     -0.142     -0.002    11.6102    189.836     48.494  47.437207     6.7500     3.5657     0.4260    18.5697 3.1696e+02    21.8212     -0.140     -0.202    23.8724 0.0000e+00
     -0.143     -0.000    12.8742    195.675     48.446  47.398326     6.7500     3.5581     0.4260    18.5697 3.1834e+02    21.8513     -0.140     -0.203    23.8549 0.0000e+00
     -0.143      0.002    14.1120    197.559     48.376  47.326313     6.6600     3.5429     0.4260    18.6120 3.1952e+02    21.8362     -0.140     -0.203    23.8646 0.0000e+00
     -0.142      0.004    15.1903    196.114     48.283  47.219798     6.6600     3.5505     0.4260    18.6120 3.1779e+02    21.9114     -0.139     -0.202    23.8859 0.0000e+00
     -0.140      0.006    16.0047    192.411     48.175  47.088029     6.6600     3.9816     0.4260    18.6120 3.2008e+02    22.9034     -0.138     -0.200    23.9050 0.0000e+00
     -0.138      0.007    16.4944    187.578     48.062  46.941443     6.6600     3.9663     0.4260    18.6120 3.2301e+02    22.7531     -0.136     -0.197    23.9135 0.0000e+00
     -0.136      0.008    16.6546    182.532     47.983  46.822194     6.7500     3.9739     0.4686    18.5697 3.4824e+02    22.8282     -0.134     -0.194    23.9092 0.0000e+00
     -0.133      0.007    16.5376    177.884     47.960  46.757928     6.7500     4.0006     0.4686    18.5697 2.7135e+02    22.8733     -0.131     -0.190    23.8929 0.0000e+00
     -0.131      0.006    16.2334    173.976     47.973  46.735467     6.7500     4.1685     0.4686    18.5697 2.7438e+02    22.3473     -0.129     -0.186    23.8655 0.0000e+00
     -0.129      0.005    15.8365    170.928     47.996  46.730987     6.7500     4.1418     0.4686    18.5697 2.9039e+02    22.2571     -0.127     -0.184    23.8282 0.0000e+00
     -0.129      0.003    15.4231    168.683     48.039  46.755179     6.8400     4.1799     0.4686    19.1619 2.9318e+02    22.3623     -0.126     -0.183    23.7842 0.0000e+00
     -0.128      0.001    15.0429    167.096     48.151  46.858089     6.8400     4.1608     0.4686    19.1619 2.7491e+02    22.4976     -0.126     -0.182    23.7407 0.0000e+00
     -0.128     -0.001    14.7228    166.039     48.282  46.999783     6.8400     3.9243     0.4686    19.1619 2.5936e+02    20.9495     -0.126     -0.182    23.7040 0.0000e+00
     -0.129     -0.002    14.4728    165.430     48.312  47.057538     6.8400     3.9281     0.4686    19.1619 2.9197e+02    21.0246     -0.126     -0.183    23.6764 0.0000e+00
     -0.130     -0.001    14.2881    165.151     48.218  46.987310     6.8400     3.9434     0.4686    19.0350 3.2782e+02    20.8893     -0.128     -0.185    23.6576 0.0000e+00
     -0.131      0.002    14.1555    164.992     48.058  46.823882     6.8400     3.9243     0.4686    19.0350 3.4665e+02    20.9495     -0.129     -0.187    23.6516 0.0000e+00
