Data/DataNotYetUploadedToEDI/Raw_CTD/RawDownloads/062723_fcrXX_S8188003.cnv
* Sea-Bird SBE19plus  Data File:
* FileName = C:\R\Reservoirs\Data\DataNotYetUploadedToEDI\Raw_CTD\RawDownloads\062623_fcr50_S8188_0003.hex
* Software version 2.8.0.119
* Temperature SN = 8188
* Conductivity SN = 8188
* System UpLoad Time = Jul 03 2023 16:31:21
* <ApplicationData>
* <Seaterm232>
# nquan = 16
# nvalues = 1250                        
# units = specified
# name 0 = depFM: Depth [fresh water, m]
# name 1 = dz/dtM: Descent Rate [m/s]
# name 2 = sbeox0Mg/L: Oxygen, SBE 43 [mg/l]
# name 3 = sbeox0PS: Oxygen, SBE 43 [% saturation]
# name 4 = specc: Specific Conductance [uS/cm]
# name 5 = c0uS/cm: Conductivity [uS/cm]
# name 6 = wetCDOM: Fluorescence, WET Labs CDOM [mg/m^3]
# name 7 = flECO-AFL: Fluorescence, WET Labs ECO-AFL/FL [mg/m^3]
# name 8 = flECO-AFL1: Fluorescence, WET Labs ECO-AFL/FL, 2 [mg/m^3]
# name 9 = flECO-AFL2: Fluorescence, WET Labs ECO-AFL/FL, 3 [mg/m^3]
# name 10 = par/sat/log: PAR/Logarithmic, Satlantic
# name 11 = turbWETntu0: Turbidity, WET Labs ECO [NTU]
# name 12 = prdM: Pressure, Strain Gauge [db]
# name 13 = prdE: Pressure, Strain Gauge [psi]
# name 14 = tv290C: Temperature [ITS-90, deg C]
# name 15 = flag:  0.000e+00
# span 0 =     -0.739,      1.470       
# span 1 =     -0.240,      0.153       
# span 2 =     2.5771,    13.2391       
# span 3 =     27.392,    144.488       
# span 4 =     -0.154,     46.848       
# span 5 =  -0.156455,  46.609073       
# span 6 =    -4.5000,     6.3900       
# span 7 =    -1.2447,     4.0655       
# span 8 =    -2.1300,     2.2578       
# span 9 =    -2.0304,    17.1738       
# span 10 = 1.6576e+00, 2.7424e+03      
# span 11 =    -0.5887,    41.7061      
# span 12 =     -0.724,      1.441      
# span 13 =     -1.051,      2.091      
# span 14 =    18.0661,    26.0533      
# span 15 = 0.0000e+00, 0.0000e+00      
# interval = seconds: 0.25
# start_time = Jun 27 2023 12:44:42 [Instrument's time stamp, header]
# bad_flag = -9.990e-29
*END*
[from data line 1176]
      1.079     -0.041     4.0751     41.310     40.193  35.232923     4.5900     0.9679     0.0852     1.3536 3.6392e+00     3.3642      1.059      1.535    18.8207 0.0000e+00
      1.069     -0.055     4.0093     40.990     40.155  35.204679     4.5900     0.9717     0.0852     1.3536 3.7030e+00     3.3492      1.049      1.521    18.8202 0.0000e+00
      1.055     -0.072     3.9459     40.821     40.088  35.156297     4.5900     0.9641     0.0852     1.3536 3.8273e+00     3.2590      1.035      1.501    18.8200 0.0000e+00
      1.037     -0.093     3.8896     40.796     39.988  35.084776     4.5900     0.9641     0.0852     1.3536 3.7959e+00     3.4845      1.017      1.474    18.8211 0.0000e+00
      1.012     -0.116     3.8451     40.915     39.851  34.986891     4.5900     0.9793     0.0852     1.3536 3.8232e+00     3.6197      0.992      1.439    18.8247 0.0000e+00
      0.980     -0.139     3.8147     41.190     39.676  34.862286     4.5900     0.9374     0.0852     1.2690 4.1451e+00     3.5596      0.961      1.393    18.8323 0.0000e+00
      0.939     -0.158     3.7979     41.650     39.463  34.709420     4.5900     0.9755     0.0852     1.2690 5.2884e+00     3.6197      0.921      1.336    18.8455 0.0000e+00
      0.892     -0.169     3.7938     42.349     39.205  34.525161     4.5900     1.4905     0.0852     1.2690 7.7977e+00     5.0476      0.875      1.268    18.8660 0.0000e+00
      0.840     -0.170     3.8026     43.369     38.932  34.337609     4.5900     1.4791     0.0852     1.2690 1.2240e+01     5.0175      0.824      1.195    18.8944 0.0000e+00
      0.789     -0.160     3.8252     44.838     38.702  34.197754     4.5900     1.5287     0.0852     1.6074 2.1233e+01     4.9875      0.774      1.123    18.9306 0.0000e+00
      0.744     -0.140     3.8642     46.913     38.539  34.121776     4.5900     1.4981     0.0852     1.6074 3.0324e+01     5.0175      0.730      1.059    18.9749 0.0000e+00
      0.710     -0.113     3.9243     49.780     38.431  34.093377     4.5900     2.0932     0.0852     1.6074 2.6850e+01     7.3923      0.696      1.009    19.0295 0.0000e+00
      0.687     -0.084     4.0130     53.665     38.362  34.089146     4.5900     2.0856     0.0852     1.6074 2.2052e+01     7.3923      0.674      0.977    19.0973 0.0000e+00
      0.674     -0.058     4.1417     58.764     38.308  34.084191     5.0400     2.0818     0.1278     4.3146 1.8780e+01     7.3773      0.660      0.957    19.1784 0.0000e+00
      0.666     -0.036     4.3252     65.110     38.251  34.065311     5.0400     2.0551     0.1278     4.3146 1.7412e+01     7.3171      0.653      0.947    19.2672 0.0000e+00
      0.663     -0.021     4.5815     72.471     38.198  34.039355     5.0400     1.8720     0.1278     4.3146 1.5770e+01     7.8432      0.650      0.942    19.3533 0.0000e+00
      0.661     -0.011     4.9319     80.351     38.153  34.015244     5.0400     1.8567     0.1278     4.3146 1.5671e+01     7.9183      0.648      0.940    19.4271 0.0000e+00
      0.660     -0.006     5.3948     88.114     38.118  33.994471     5.2200     1.8720     0.1704     6.5142 1.5201e+01     7.8282      0.647      0.938    19.4838 0.0000e+00
      0.659     -0.003     5.9730     95.125     38.089  33.975457     5.2200     1.8796     0.1704     6.5142 1.5454e+01     7.8131      0.647      0.938    19.5245 0.0000e+00
      0.659     -0.003     6.6451    100.852     38.060  33.953132     5.2200     1.9292     0.1704     6.5142 1.5790e+01     7.7230      0.646      0.937    19.5530 0.0000e+00
      0.659     -0.004     7.3654    104.945     38.028  33.925504     5.2200     1.9407     0.1704     6.5142 1.4917e+01     7.8582      0.646      0.937    19.5729 0.0000e+00
      0.658     -0.007     8.0753    107.290     37.993  33.893126     5.2200     1.9788     0.1704     6.5142 1.4561e+01     7.8432      0.646      0.936    19.5866 0.0000e+00
      0.657     -0.012     8.7169    108.003     37.959  33.859246     5.2200     1.9521     0.2130     6.0066 1.3752e+01     7.8582      0.645      0.935    19.5955 0.0000e+00
      0.655     -0.021     9.2412    107.374     37.941  33.836613     5.2200     1.9635     0.2130     6.0066 1.3019e+01     6.8211      0.642      0.932    19.6004 0.0000e+00
      0.650     -0.033     9.6163    105.780     37.963  33.850876     5.2200     1.9635     0.2130     6.0066 1.2272e+01     6.9264      0.638      0.925    19.6018 0.0000e+00
      0.642     -0.050     9.8318    103.574     38.049  33.927622     5.2200     1.9368     0.2130     6.0066 1.1825e+01     6.8512      0.630      0.913    19.5998 0.0000e+00
      0.629     -0.070     9.8983    101.029     38.196  34.069493     5.1300     1.9368     0.1704     5.6259 1.1359e+01     6.9564      0.617      0.895    19.5943 0.0000e+00
      0.610     -0.093     9.8424     98.334     38.379  34.258871     5.1300     1.8796     0.1704     5.6259 1.1799e+01     7.2871      0.599      0.868    19.5860 0.0000e+00
      0.584     -0.116     9.6979     95.646     38.580  34.478926     5.1300     1.8873     0.1704     5.6259 1.3657e+01     7.2720      0.573      0.831    19.5785 0.0000e+00
      0.550     -0.138     9.4961     93.165     38.781  34.711104     5.1300     1.8796     0.1704     5.6259 1.8123e+01     7.3171      0.540      0.783    19.5781 0.0000e+00
      0.510     -0.156     9.2605     91.180     38.941  34.914341     5.0400     1.8682     0.1278     4.4415 2.5597e+01     7.3472      0.500      0.725    19.5926 0.0000e+00
      0.464     -0.170     9.0077     90.024     39.053  35.075501     5.0400     2.1695     0.1278     4.4415 3.7448e+01     9.2560      0.455      0.659    19.6261 0.0000e+00
      0.415     -0.177     8.7526     89.966     39.171  35.239543     5.0400     2.1962     0.1278     4.4415 5.2765e+01     9.3011      0.407      0.591    19.6781 0.0000e+00
      0.366     -0.179     8.5140     91.141     39.323  35.434371     5.0400     2.1962     0.1278     4.4415 6.9534e+01     9.2260      0.360      0.521    19.7456 0.0000e+00
      0.319     -0.179     8.3193     93.524     39.526  35.680252     5.2200     2.1962     0.2130     6.5565 8.7147e+01     9.2861      0.313      0.454    19.8225 0.0000e+00
      0.274     -0.178     8.2005     96.907     39.827  36.028893     5.2200     2.6426     0.2130     6.5565 8.8367e+01    11.5406      0.269      0.390    19.8991 0.0000e+00
      0.232     -0.180     8.1823    100.918     40.291  36.553459     5.2200     2.6082     0.2130     6.5565 8.2395e+01    11.7059      0.228      0.330    19.9711 0.0000e+00
      0.190     -0.186     8.2762    105.109     40.992  37.340364     5.2200     2.6159     0.2130     6.5565 7.5111e+01    11.6759      0.187      0.271    20.0425 0.0000e+00
      0.146     -0.195     8.4783    109.067     41.869  38.355832     5.2200     2.6311     0.2130     6.5565 7.8413e+01    11.6158      0.143      0.208    20.1193 0.0000e+00
      0.095     -0.206     8.7676    112.530     42.735  39.425009     5.7600     3.0584     0.2556    10.5750 1.1080e+02    14.1859      0.093      0.135    20.2107 0.0000e+00
      0.038     -0.216     9.1070    115.452     43.452  40.395259     5.7600     3.0355     0.2556    10.5750 2.2417e+02    14.2460      0.037      0.054    20.3331 0.0000e+00
     -0.023     -0.226     9.4511    117.961     43.912  41.129136     5.7600     3.0279     0.2556    10.5750 2.9324e+02    14.1709     -0.022     -0.032    20.5102 0.0000e+00
     -0.083     -0.234     9.7577    120.245     44.077  41.556892     5.7600     3.0279     0.2556    10.5750 3.9656e+02    14.2460     -0.081     -0.118    20.7638 0.0000e+00
     -0.143     -0.239    10.0042    122.419     44.056  41.756953     6.1200     3.3445     0.2556    13.8321 3.9604e+02    16.7861     -0.140     -0.202    21.0875 0.0000e+00
     -0.202     -0.240    10.1930    124.488     43.911  41.786639     6.1200     3.3483     0.2556    13.8321 4.2539e+02    16.8312     -0.198     -0.287    21.4469 0.0000e+00
     -0.264     -0.239    10.3440    126.312     43.572  41.580570     6.1200     3.3712     0.2556    13.8321 4.0845e+02    16.8312     -0.259     -0.375    21.8033 0.0000e+00
     -0.328     -0.235    10.4812    127.528     42.958  41.054081     6.1200     3.3559     0.2556    13.8321 3.6529e+02    16.8012     -0.322     -0.467    22.1200 0.0000e+00
     -0.392     -0.225    10.6196    127.714     42.076  40.199518     6.3900     1.8186     0.2982    15.0588 4.1292e+02    13.8402     -0.384     -0.557    22.3743 0.0000e+00
     -0.451     -0.210    10.7604    126.610     40.960  39.040599     6.3900     1.8071     0.2982    15.0588 4.2016e+02    13.6749     -0.443     -0.642    22.5656 0.0000e+00
     -0.505     -0.189    10.8908    124.134     39.869  37.836769     6.3900     1.8491     0.2982    15.0588 4.6807e+02    13.7801     -0.495     -0.718    22.6972 0.0000e+00
     -0.551     -0.165    10.9820    120.264     39.026  36.823596     6.3900     1.8071     0.2982    15.0588 4.8600e+02    13.7801     -0.541     -0.784    22.7606 0.0000e+00
     -0.590     -0.139    11.0018    114.898     37.967  35.600180     6.3900    -0.1346     0.2982    15.0588 4.7134e+02    -0.2130     -0.579     -0.839    22.7364 0.0000e+00
     -0.620     -0.114    10.9303    107.792     36.037  33.590703     6.2100    -0.1422     0.3408    14.8473 4.1166e+02    -0.3031     -0.609     -0.882    22.6119 0.0000e+00
     -0.644     -0.091    10.7578     98.812     32.664  30.296925     6.2100    -0.1155     0.3408    14.8473 3.9682e+02    -0.3031     -0.632     -0.916    22.3947 0.0000e+00
     -0.663     -0.072    10.4761     88.329     27.259  25.195015     6.2100    -0.1613     0.3408    14.8473 3.5728e+02    -0.2130     -0.650     -0.942    22.1083 0.0000e+00
     -0.677     -0.056    10.0663     77.199     20.486  18.894294     6.2100    -0.1269     0.3408    14.8473 3.5938e+02    -0.4985     -0.664     -0.963    21.7919 0.0000e+00
     -0.688     -0.044     9.4965     66.438     14.325  13.194087     5.0400    -0.1155     0.0852    13.5360 3.6545e+02    -0.5436     -0.675     -0.979    21.4886 0.0000e+00
     -0.697     -0.034     8.7476     57.011     10.165   9.350205     5.0400    -0.1002     0.0852    13.5360 3.7478e+02    -0.4534     -0.684     -0.991    21.2296 0.0000e+00
     -0.704     -0.027     7.8499     49.713      8.116   7.451030     5.0400    -0.1117     0.0852    13.5360 3.5150e+02    -0.4534     -0.690     -1.001    21.0298 0.0000e+00
     -0.709     -0.021     6.8805     45.066      7.203   6.600575     5.0400    -0.1994     0.0852    13.5360 2.8588e+02    -0.4534     -0.695     -1.008    20.8887 0.0000e+00
     -0.713     -0.016     5.9339     43.213      6.505   5.953125     0.2700    -0.2070    -0.0426     0.4230 2.4506e+02    -0.5436     -0.699     -1.014    20.7951 0.0000e+00
     -0.716     -0.013     5.0996     43.832      6.072   5.551592     0.2700    -0.1994    -0.0426     0.4230 2.4283e+02    -0.4384     -0.703     -1.019    20.7355 0.0000e+00
     -0.719     -0.010     4.4518     46.208      5.944   5.431294     0.2700    -0.1994    -0.0426     0.4230 2.4629e+02    -0.5136     -0.705     -1.022    20.6983 0.0000e+00
     -0.721     -0.008     4.0391     49.503      5.765   5.265500     0.2700    -0.1193    -0.0426     0.4230 2.4063e+02    -0.4985     -0.707     -1.025    20.6753 0.0000e+00
     -0.722     -0.006     3.8755     53.007      5.389   4.921009     0.0900    -0.1384     0.0000     0.2961 2.6271e+02    -0.5436     -0.708     -1.027    20.6609 0.0000e+00
     -0.724     -0.005     3.9328     56.225      4.933   4.503715     0.0900    -0.1269     0.0000     0.2961 2.5132e+02    -0.4534     -0.710     -1.029    20.6515 0.0000e+00
     -0.725     -0.004     4.1472     58.870      4.496   4.104047     0.0900    -0.1308     0.0000     0.2961 2.2900e+02    -0.4985     -0.711     -1.030    20.6447 0.0000e+00
     -0.725     -0.004     4.4439     60.817      4.122   3.761758     0.0900    -0.1498     0.0000     0.2961 1.8718e+02    -0.4084     -0.711     -1.031    20.6390 0.0000e+00
     -0.726     -0.003     4.7591     62.023      3.848   3.512123     0.0900    -0.1384     0.0000     0.2961 1.7204e+02    -0.5737     -0.712     -1.032    20.6338 0.0000e+00
     -0.726     -0.003     5.0486     62.436      3.742   3.415124     0.0900    -0.1269    -0.0426    -0.1692 1.7659e+02    -0.5286     -0.712     -1.032    20.6290 0.0000e+00
     -0.726 -9.990e-29     5.2866 -9.990e-29 -9.990e-29 -9.990e-29     0.0900 -9.990e-29    -0.0426    -0.1692 1.6537e+02 -9.990e-29     -0.712     -1.033    20.6248 0.0000e+00
     -0.727 -9.990e-29     5.4619 -9.990e-29 -9.990e-29 -9.990e-29     0.0900 -9.990e-29    -0.0426    -0.1692 1.3700e+02 -9.990e-29     -0.713     -1.033    20.6214 0.0000e+00
     -0.727 -9.990e-29     5.5704 -9.990e-29 -9.990e-29 -9.990e-29     0.0900 -9.990e-29    -0.0426    -0.1692 1.3290e+02 -9.990e-29     -0.713     -1.033    20.6191 0.0000e+00
     -0.727 -9.990e-29     5.6076 -9.990e-29 -9.990e-29 -9.990e-29     0.0000 -9.990e-29     0.0000    -0.0846 1.2239e+02 -9.990e-29     -0.713     -1.033    20.6183 0.0000e+00
