Data/DataNotYetUploadedToEDI/Raw_CTD/RawDownloads/062723_fcrXX_S8188021.cnv
* Sea-Bird SBE19plus  Data File:
* FileName = C:\R\Reservoirs\Data\DataNotYetUploadedToEDI\Raw_CTD\RawDownloads\062623_fcr50_S8188_0021.hex
* Software version 2.8.0.119
* Temperature SN = 8188
* Conductivity SN = 8188
* System UpLoad Time = Jul 03 2023 16:35:31
* <ApplicationData>
* <Seaterm232>
# nquan = 16
# nvalues = 659                         
# units = specified
# name 0 = depFM: Depth [fresh water, m]
# name 1 = dz/dtM: Descent Rate [m/s]
# name 2 = sbeox0Mg/L: Oxygen, SBE 43 [mg/l]
# name 3 = sbeox0PS: Oxygen, SBE 43 [% saturation]
# name 4 = specc: Specific Conductance [uS/cm]
# name 5 = c0uS/cm: Conductivity [uS/cm]
# name 6 = wetCDOM: Fluorescence, WET Labs CDOM [mg/m^3]
# name 7 = flECO-AFL: Fluorescence, WET Labs ECO-AFL/FL [mg/m^3]
# name 8 = flECO-AFL1: Fluorescence, WET Labs ECO-AFL/FL, 2 [mg/m^3]
# name 9 = flECO-AFL2: Fluorescence, WET Labs ECO-AFL/FL, 3 [mg/m^3]
# name 10 = par/sat/log: PAR/Logarithmic, Satlantic
# name 11 = turbWETntu0: Turbidity, WET Labs ECO [NTU]
# name 12 = prdM: Pressure, Strain Gauge [db]
# name 13 = prdE: Pressure, Strain Gauge [psi]
# name 14 = tv290C: Temperature [ITS-90, deg C]
# name 15 = flag:  0.000e+00
# span 0 =     -0.722,      8.681       
# span 1 =     -0.279,      0.245       
# span 2 =    -1.2909,    18.0933       
# span 3 =    -12.241,    211.892       
# span 4 =      6.540,     48.976       
# span 5 =   5.764794,  47.831807       
# span 6 =    -4.5000,     7.2900       
# span 7 =    -1.9733,     3.8824       
# span 8 =    -2.1300,     0.8946       
# span 9 =    -2.2419,    22.6305       
# span 10 = 1.1590e-01, 1.6969e+03      
# span 11 =    -3.3843,   148.1044      
# span 12 =     -0.708,      8.513      
# span 13 =     -1.027,     12.348      
# span 14 =    10.6020,    24.5883      
# span 15 = 0.0000e+00, 0.0000e+00      
# interval = seconds: 0.25
# start_time = Jun 27 2023 16:10:50 [Instrument's time stamp, header]
# bad_flag = -9.990e-29
*END*
[from data line 362]
      8.014      0.124     8.9661     80.842     45.604  32.484482     3.7800     0.1515     0.0852     0.0846 1.1612e-01     5.3782      7.859     11.399    10.6026 0.0000e+00
      8.042      0.115     8.9730     80.906     45.634  32.508857     3.7800     0.1401     0.0852     0.0846 1.1615e-01     5.2430      7.887     11.439    10.6039 0.0000e+00
      8.068      0.110     8.9801     80.961     45.643  32.518784     3.7800     0.1210     0.0852     0.0846 1.1617e-01     5.2730      7.913     11.476    10.6061 0.0000e+00
      8.094      0.109     8.9872     81.004     45.632  32.512950     3.7800     0.1363     0.0852     0.0846 1.1620e-01     5.3332      7.937     11.512    10.6090 0.0000e+00
      8.120      0.113     8.9940     81.034     45.610  32.497722     3.7800     0.1401     0.1278     0.1692 1.1617e-01     5.3332      7.962     11.549    10.6126 0.0000e+00
      8.147      0.120     9.0003     81.051     45.584  32.476959     3.7800     0.1286     0.1278     0.1692 1.1635e-01     5.3181      7.990     11.588    10.6165 0.0000e+00
      8.178      0.128     9.0057     81.048     45.567  32.460967     3.7800     0.1286     0.1278     0.1692 1.1605e-01     5.3632      8.020     11.632    10.6200 0.0000e+00
      8.213      0.136     9.0100     81.019     45.568  32.457362     3.7800     0.1363     0.1278     0.1692 1.1628e-01     5.3332      8.054     11.681    10.6223 0.0000e+00
      8.250      0.143     9.0133     80.973     45.573  32.457263     3.7800     0.1363     0.1278     0.1269 1.1620e-01     5.3031      8.091     11.735    10.6226 0.0000e+00
      8.290      0.146     9.0157     80.926     45.570  32.452720     3.7800     0.1477     0.1278     0.1269 1.1620e-01     5.2279      8.130     11.791    10.6203 0.0000e+00
      8.330      0.145     9.0162     80.898     45.558  32.442523     3.7800     0.1210     0.1278     0.1269 1.1623e-01     5.3933      8.169     11.847    10.6162 0.0000e+00
      8.368      0.141     9.0140     80.902     45.550  32.435833     3.7800     0.1286     0.1278     0.1269 1.1612e-01     5.6187      8.206     11.902    10.6116 0.0000e+00
      8.404      0.134     9.0097     80.943     45.560  32.442749     3.7800     0.1401     0.1278     0.1269 1.1617e-01     5.5887      8.241     11.953    10.6077 0.0000e+00
      8.437      0.127     9.0051     81.017     45.573  32.453232     3.7800     0.1401     0.0852     0.0846 1.1612e-01     5.5286      8.274     12.001    10.6049 0.0000e+00
      8.468      0.120     9.0023     81.107     45.579  32.458197     3.7800     0.1401     0.0852     0.0846 1.1600e-01     5.5736      8.304     12.044    10.6031 0.0000e+00
      8.496      0.112     9.0030     81.192     45.584  32.462929     3.7800     0.2088     0.0852     0.0846 1.1630e-01    11.7661      8.332     12.085    10.6021 0.0000e+00
      8.523      0.104     9.0075     81.251     45.597  32.472650     3.7800     0.1859     0.0852     0.0846 1.1623e-01    11.7210      8.359     12.124    10.6020 0.0000e+00
      8.550      0.096     9.0156     81.266     45.614  32.485992     3.7800     0.1973     0.0852     0.1269 1.1612e-01    11.7059      8.385     12.161    10.6028 0.0000e+00
      8.576      0.087     9.0254     81.229     45.624  32.494630     3.7800     0.1935     0.0852     0.1269 1.1628e-01    11.7059      8.410     12.198    10.6039 0.0000e+00
      8.598      0.077     9.0346     81.146     45.624  32.496908     3.7800     0.6131     0.0852     0.1269 1.1610e-01   114.5121      8.432     12.229    10.6048 0.0000e+00
      8.616      0.065     9.0410     81.025     45.627  32.501354     3.7800     0.6284     0.0852     0.1269 1.1623e-01   114.6173      8.449     12.255    10.6057 0.0000e+00
      8.631      0.054     9.0424     80.884     45.633  32.509154     3.0600     0.6322     0.8094     2.7918 1.1617e-01   114.4820      8.464     12.276    10.6069 0.0000e+00
      8.642      0.043     9.0379     80.739     45.647  32.522388     3.0600     0.6284     0.8094     2.7918 1.1630e-01   114.4219      8.475     12.292    10.6087 0.0000e+00
      8.651      0.034     9.0281     80.598     45.663  32.536664     3.0600     0.7924     0.8094     2.7918 1.1620e-01   119.6524      8.483     12.304    10.6111 0.0000e+00
      8.658      0.027     9.0141     80.461     45.664  32.539947     3.0600     0.7848     0.8094     2.7918 1.1617e-01   119.5923      8.490     12.314    10.6140 0.0000e+00
      8.663      0.021     8.9977     80.330     45.658  32.537073     1.6200     0.7924     0.6390     4.8222 1.1602e-01   119.5923      8.495     12.322    10.6175 0.0000e+00
      8.667      0.017     8.9808     80.209     45.654  32.535198     1.6200     0.7962     0.6390     4.8222 1.1628e-01   119.5321      8.500     12.328    10.6214 0.0000e+00
      8.671      0.013     8.9644     80.104     45.650  32.533820     1.6200     0.8573     0.6390     4.8222 1.1612e-01   126.8368      8.503     12.333    10.6248 0.0000e+00
      8.673      0.011     8.9487     80.016     45.641  32.528612     1.6200     0.8496     0.6390     4.8222 1.1625e-01   126.8969      8.505     12.337    10.6273 0.0000e+00
      8.676      0.008     8.9337     79.942     45.624  32.518186     1.6200     0.8802     0.6390     4.8222 1.1605e-01   127.0773      8.508     12.340    10.6290 0.0000e+00
      8.677      0.007     8.9199     79.887     45.607  32.507682     2.5200     0.8077     0.8946     5.7528 1.1617e-01   126.9871      8.509     12.342    10.6302 0.0000e+00
      8.679      0.005     8.9080     79.857     45.597  32.502219     2.5200     0.8573     0.8946     5.7528 1.1602e-01   148.0593      8.511     12.344    10.6314 0.0000e+00
      8.680      0.004     8.8979     79.854     45.587  32.496382     2.5200     0.8611     0.8946     5.7528 1.1612e-01   148.0593      8.512     12.346    10.6329 0.0000e+00
      8.681      0.003     8.8894     79.879     45.563  32.480692     2.5200     0.8420     0.8946     5.7528 1.1617e-01   147.9541      8.513     12.347    10.6346 0.0000e+00
      8.681      0.001     8.8829     79.931     45.541  32.466807     2.7900     0.8420     0.5112     5.6259 1.1617e-01   148.1044      8.513     12.347    10.6364 0.0000e+00
      8.681      0.000     8.8792     80.011     45.538  32.466868     2.7900     0.8458     0.5112     5.6259 1.1623e-01   146.9321      8.513     12.348    10.6381 0.0000e+00
      8.681     -0.001     8.8786     80.117     45.544  32.472969     2.7900     0.8382     0.5112     5.6259 1.1607e-01   146.9170      8.513     12.348    10.6396 0.0000e+00
      8.681     -0.003     8.8810     80.245     45.546  32.474856     2.7900     0.8725     0.5112     5.6259 1.1617e-01   146.8569      8.513     12.347    10.6413 0.0000e+00
      8.680     -0.005     8.8864     80.390     45.543  32.473031     1.2600     0.8649     0.2130     2.6649 1.1617e-01   146.8720      8.512     12.346    10.6433 0.0000e+00
      8.679     -0.007     8.8948     80.543     45.540  32.470970     1.2600     1.1090     0.2130     2.6649 1.1602e-01   142.1525      8.511     12.344    10.6455 0.0000e+00
      8.677     -0.009     8.9062     80.698     45.537  32.468123     1.2600     1.1014     0.2130     2.6649 1.1617e-01   142.2727      8.509     12.342    10.6472 0.0000e+00
      8.675     -0.012     8.9203     80.838     45.537  32.467690     1.2600     1.0785     0.2130     2.6649 1.1625e-01   142.2577      8.507     12.338    10.6483 0.0000e+00
      8.672     -0.015     8.9363     80.955     45.545  32.473516     1.3500     1.0785     0.3408     3.0033 1.1628e-01   142.1826      8.504     12.334    10.6487 0.0000e+00
      8.668     -0.020     8.9534     81.044     45.562  32.487156     1.3500     0.9107     0.3408     3.0033 1.1602e-01    89.5170      8.500     12.328    10.6485 0.0000e+00
      8.662     -0.024     8.9707     81.103     45.584  32.504325     1.3500     0.9145     0.3408     3.0033 1.1617e-01    89.5170      8.495     12.321    10.6478 0.0000e+00
      8.656     -0.030     8.9865     81.134     45.589  32.509799     1.3500     0.9069     0.3408     3.0033 1.1612e-01    89.5771      8.488     12.311    10.6472 0.0000e+00
      8.648     -0.036     8.9994     81.136     45.581  32.505039     1.3500     0.9412     0.3408     3.0033 1.1615e-01    89.4268      8.481     12.300    10.6473 0.0000e+00
      8.638     -0.044     9.0089     81.112     45.587  32.508576     3.0600     0.3079     0.6390     3.1302 1.1607e-01    26.4806      8.471     12.286    10.6486 0.0000e+00
      8.627     -0.054     9.0151     81.062     45.607  32.521356     3.0600     0.3118     0.6390     3.1302 1.1620e-01    26.5106      8.460     12.270    10.6507 0.0000e+00
      8.613     -0.067     9.0181     80.989     45.633  32.538864     3.0600     0.3346     0.6390     3.1302 1.1620e-01    26.5557      8.446     12.250    10.6527 0.0000e+00
      8.596     -0.083     9.0182     80.900     45.664  32.561809     3.0600     0.3461     0.6390     3.1302 1.1620e-01    26.4655      8.430     12.226    10.6536 0.0000e+00
      8.575     -0.102     9.0156     80.804     45.708  32.596308     3.3300     0.2622     0.3834     1.9035 1.1617e-01    18.0487      8.409     12.196    10.6530 0.0000e+00
      8.548     -0.123     9.0104     80.710     45.781  32.651563     3.3300     0.2507     0.3834     1.9035 1.1610e-01    17.9434      8.382     12.158    10.6515 0.0000e+00
      8.514     -0.143     9.0026     80.629     45.888  32.730427     3.3300     0.2507     0.3834     1.9035 1.1612e-01    18.0336      8.349     12.109    10.6505 0.0000e+00
      8.473     -0.159     8.9925     80.564     46.069  32.857892     3.3300     0.2469     0.3834     1.9035 1.1605e-01    18.0637      8.309     12.051    10.6512 0.0000e+00
      8.425     -0.169     8.9812     80.506     46.315  33.028340     3.4200     0.1706     0.2982     0.8460 1.1592e-01     6.9564      8.262     11.984    10.6542 0.0000e+00
      8.375     -0.172     8.9698     80.444     46.434  33.105032     3.4200     0.1363     0.2982     0.8460 1.1605e-01     6.9865      8.213     11.912    10.6583 0.0000e+00
      8.326     -0.169     8.9602     80.353     46.339  33.029202     3.4200     0.1401     0.2982     0.8460 1.1617e-01     7.0015      8.165     11.843    10.6609 0.0000e+00
      8.282     -0.161     8.9533     80.200     46.201  32.925196     3.4200     0.1286     0.2982     0.8460 1.1607e-01     6.9564      8.122     11.780    10.6596 0.0000e+00
      8.245     -0.150     8.9481     79.953     46.088  32.840534     3.6900     0.1935     0.1704     0.2115 1.1623e-01    11.0897      8.085     11.726    10.6538 0.0000e+00
      8.210     -0.141     8.9430     79.608     45.969  32.752641     3.6900     0.1935     0.1704     0.2115 1.1617e-01    11.0146      8.052     11.678    10.6451 0.0000e+00
      8.178     -0.133     8.9347     79.199     45.860  32.673723     3.6900     0.1973     0.1704     0.2115 1.1628e-01    10.9394      8.020     11.632    10.6364 0.0000e+00
      8.146     -0.127     8.9191     78.791     45.777  32.612441     3.6900     0.2011     0.1704     0.2115 1.1630e-01    10.9845      7.989     11.586    10.6295 0.0000e+00
      8.114     -0.121     8.8926     78.450     45.711  32.564333     3.6900     0.1096     0.1704     0.2115 1.1623e-01    11.1949      7.957     11.541    10.6250 0.0000e+00
      8.082     -0.116     8.8548     78.236     45.652  32.520533     3.7800     0.1058     0.1278     0.1269 1.1615e-01    11.2099      7.926     11.495    10.6222 0.0000e+00
      8.052     -0.110     8.8097     78.189     45.605  32.485202     3.7800     0.1477     0.1278     0.1269 1.1612e-01    11.2250      7.896     11.452    10.6203 0.0000e+00
      8.024     -0.105     8.7646     78.317     45.584  32.468720     3.7800     0.1515     0.1278     0.1269 1.1590e-01    11.1649      7.869     11.413    10.6186 0.0000e+00
      8.000     -0.103     8.7271     78.599     45.582  32.466694     3.7800     0.2164     0.1278     0.1269 1.1617e-01    25.0828      7.845     11.379    10.6168 0.0000e+00
      7.978     -0.105     8.7038     78.985     45.582  32.466700     3.8700     0.2164     0.2556     0.2538 1.1620e-01    24.9475      7.824     11.347    10.6149 0.0000e+00
      7.956     -0.113     8.6989     79.424     45.584  32.468741     3.8700     0.2164     0.2556     0.2538 1.1623e-01    24.9926      7.802     11.316    10.6130 0.0000e+00
      7.929     -0.126     8.7135     79.871     45.588  32.473361     3.8700     0.2126     0.2556     0.2538 1.1592e-01    24.9775      7.776     11.278    10.6115 0.0000e+00
      7.896     -0.141     8.7449     80.286     45.587  32.473870     3.8700     0.2011     0.2556     0.2538 1.1620e-01    15.8092      7.744     11.231    10.6107 0.0000e+00
      7.856     -0.154     8.7878     80.635     45.582  32.470406     3.8700     0.2011     0.1278     0.1692 1.1602e-01    15.7340      7.704     11.174    10.6108 0.0000e+00
      7.809     -0.164     8.8365     80.903     45.577  32.466005     3.8700     0.2011     0.1278     0.1692 1.1623e-01    15.7340      7.658     11.108    10.6119 0.0000e+00
      7.761     -0.170     8.8859     81.093     45.569  32.459493     3.8700     0.1744     0.1278     0.1692 1.1638e-01    15.7791      7.611     11.040    10.6135 0.0000e+00
      7.716     -0.173     8.9318     81.216     45.562  32.453094     3.8700     0.1325     0.1278     0.1692 1.1610e-01     8.8502      7.566     10.974    10.6149 0.0000e+00
      7.673     -0.175     8.9705     81.283     45.557  32.449062     3.8700     0.1134     0.1278     0.1269 1.1625e-01     8.8502      7.525     10.914    10.6153 0.0000e+00
      7.633     -0.176     9.0004     81.302     45.553  32.446322     3.8700     0.1248     0.1278     0.1269 1.1630e-01     8.8352      7.485     10.856    10.6146 0.0000e+00
      7.590     -0.177     9.0218     81.288     45.549  32.444144     3.8700     0.1286     0.1278     0.1269 1.1602e-01     8.8202      7.443     10.796    10.6133 0.0000e+00
      7.544     -0.178     9.0358     81.259     45.545  32.441946     3.8700     0.1172     0.1278     0.1269 1.1623e-01     8.1438      7.398     10.730    10.6121 0.0000e+00
      7.494     -0.177     9.0433     81.231     45.541  32.439144     3.8700     0.1363     0.1278     0.1269 1.1605e-01     8.2791      7.349     10.659    10.6115 0.0000e+00
      7.445     -0.172     9.0455     81.201     45.537  32.434989     3.8700     0.1096     0.1278     0.2115 1.1610e-01     8.0837      7.301     10.589    10.6116 0.0000e+00
      7.399     -0.165     9.0437     81.159     45.535  32.432334     3.8700     0.1210     0.1278     0.2115 1.1617e-01     8.1288      7.256     10.524    10.6123 0.0000e+00
      7.359     -0.158     9.0404     81.099     45.540  32.434432     3.8700     0.2088     0.1278     0.2115 1.1612e-01     7.0316      7.216     10.467    10.6130 0.0000e+00
      7.323     -0.153     9.0373     81.026     45.546  32.437880     3.8700     0.1935     0.1278     0.2115 1.1612e-01     7.0316      7.182     10.416    10.6129 0.0000e+00
      7.290     -0.153     9.0343     80.951     45.553  32.443600     3.8700     0.2164     0.1278     0.0846 1.1607e-01     6.9414      7.149     10.368    10.6117 0.0000e+00
      7.255     -0.159     9.0299     80.882     45.565  32.453115     3.8700     0.1859     0.1278     0.0846 1.1610e-01     6.9714      7.114     10.318    10.6101 0.0000e+00
      7.215     -0.167     9.0235     80.820     45.568  32.457083     3.8700     0.1096     0.1278     0.0846 1.1597e-01     7.5426      7.075     10.262    10.6086 0.0000e+00
      7.169     -0.174     9.0156     80.768     45.566  32.456561     3.8700     0.1286     0.1278     0.0846 1.1625e-01     7.5576      7.031     10.197    10.6078 0.0000e+00
