Data/DataNotYetUploadedToEDI/Raw_CTD/RawDownloads/062723_fcrXX_S8188011.cnv
* Sea-Bird SBE19plus  Data File:
* FileName = C:\R\Reservoirs\Data\DataNotYetUploadedToEDI\Raw_CTD\RawDownloads\062623_fcr50_S8188_0011.hex
* Software version 2.8.0.119
* Temperature SN = 8188
* Conductivity SN = 8188
* System UpLoad Time = Jul 03 2023 16:33:26
* <ApplicationData>
* <Seaterm232>
# nquan = 16
# nvalues = 792                         
# units = specified
# name 0 = depFM: Depth [fresh water, m]
# name 1 = dz/dtM: Descent Rate [m/s]
# name 2 = sbeox0Mg/L: Oxygen, SBE 43 [mg/l]
# name 3 = sbeox0PS: Oxygen, SBE 43 [% saturation]
# name 4 = specc: Specific Conductance [uS/cm]
# name 5 = c0uS/cm: Conductivity [uS/cm]
# name 6 = wetCDOM: Fluorescence, WET Labs CDOM [mg/m^3]
# name 7 = flECO-AFL: Fluorescence, WET Labs ECO-AFL/FL [mg/m^3]
# name 8 = flECO-AFL1: Fluorescence, WET Labs ECO-AFL/FL, 2 [mg/m^3]
# name 9 = flECO-AFL2: Fluorescence, WET Labs ECO-AFL/FL, 3 [mg/m^3]
# name 10 = par/sat/log: PAR/Logarithmic, Satlantic
# name 11 = turbWETntu0: Turbidity, WET Labs ECO [NTU]
# name 12 = prdM: Pressure, Strain Gauge [db]
# name 13 = prdE: Pressure, Strain Gauge [psi]
# name 14 = tv290C: Temperature [ITS-90, deg C]
# name 15 = flag:  0.000e+00
# span 0 =     -0.720,      3.677       
# span 1 =     -0.365,      0.122       
# span 2 =    -1.3796,    14.7186       
# span 3 =    -13.521,    173.098       
# span 4 =      4.916,     47.990       
# span 5 =   4.230591,  47.975799       
# span 6 =    -4.5000,     7.2900       
# span 7 =    -0.1575,     2.8333       
# span 8 =    -2.1300,     0.5112       
# span 9 =    -2.0304,    22.3767       
# span 10 = 2.3607e-01, 2.0778e+03      
# span 11 =    -0.5587,    27.3222      
# span 12 =     -0.706,      3.605      
# span 13 =     -1.024,      5.229      
# span 14 =    11.0560,    25.4889      
# span 15 = 0.0000e+00, 0.0000e+00      
# interval = seconds: 0.25
# start_time = Jun 27 2023 14:02:47 [Instrument's time stamp, header]
# bad_flag = -9.990e-29
*END*
[from data line 91]
     -0.681      0.027     8.6307     90.330      5.374   4.648238     4.7700     0.8496     0.3834    12.1824 5.6181e+02     9.2711     -0.668     -0.968    17.6032 0.0000e+00
     -0.675      0.030     8.6208     90.390      6.309   5.491813     4.7700     0.8229     0.3834    12.1824 5.4925e+02     9.2861     -0.662     -0.959    17.6246 0.0000e+00
     -0.667      0.034     8.6118     90.490      7.740   6.786555     6.1200     0.8267     0.3834    13.8321 6.0043e+02     9.3011     -0.654     -0.949    17.6521 0.0000e+00
     -0.658      0.039     8.6038     90.625     10.067   8.893549     6.1200     0.8496     0.3834    13.8321 6.4116e+02     9.3161     -0.645     -0.935    17.6917 0.0000e+00
     -0.647      0.044     8.5953     90.785     13.764  12.242162     6.1200     1.9063     0.3834    13.8321 6.6197e+02    20.5587     -0.634     -0.920    17.7528 0.0000e+00
     -0.635      0.050     8.5841     90.954     18.587  16.649364     6.1200     1.9025     0.3834    13.8321 6.6702e+02    20.5136     -0.622     -0.903    17.8504 0.0000e+00
     -0.622      0.056     8.5670     91.122     24.050  21.731668     6.1200     1.8911     0.3834    13.6629 6.5624e+02    20.4535     -0.609     -0.884    18.0039 0.0000e+00
     -0.607      0.062     8.5414     91.283     29.781  27.191999     6.1200     1.8987     0.3834    13.6629 6.5824e+02    20.4685     -0.595     -0.863    18.2271 0.0000e+00
     -0.591      0.067     8.5055     91.436     34.886  32.247624     6.1200     1.9635     0.3834    13.6629 7.0748e+02    20.9044     -0.579     -0.840    18.5255 0.0000e+00
     -0.573      0.073     8.4568     91.582     38.766  36.320251     6.1200     1.9864     0.3834    13.6629 7.2997e+02    20.8593     -0.561     -0.815    18.9075 0.0000e+00
     -0.553      0.078     8.3926     91.721     41.472  39.374877     6.1200     1.9521     0.4686    13.7052 7.4051e+02    20.9495     -0.542     -0.786    19.3848 0.0000e+00
     -0.531      0.081     8.3109     91.861     43.188  41.503036     6.1200     1.9635     0.4686    13.7052 6.7328e+02    20.9495     -0.521     -0.756    19.9705 0.0000e+00
     -0.509      0.084     8.2128     92.014     44.181  42.897814     6.1200     2.0665     0.4686    13.7052 6.2060e+02    20.2130     -0.499     -0.724    20.6616 0.0000e+00
     -0.487      0.085     8.1064     92.187     44.692  43.756818     6.1200     2.0971     0.4686    13.7052 5.9485e+02    20.2581     -0.478     -0.693    21.4115 0.0000e+00
     -0.466      0.085     8.0030     92.388     44.874  44.219967     6.1200     2.0627     0.4686    13.7052 6.0977e+02    20.2731     -0.456     -0.662    22.1506 0.0000e+00
     -0.444      0.084     7.9117     92.618     44.809  44.369171     6.1200     2.0704     0.5112    13.7052 6.2060e+02    20.2130     -0.435     -0.631    22.8231 0.0000e+00
     -0.422      0.082     7.8379     92.869     44.521  44.236300     6.1200     2.1238     0.5112    13.7052 5.9601e+02    22.0918     -0.413     -0.600    23.3952 0.0000e+00
     -0.401      0.080     7.7837     93.131     44.103  43.920658     6.1200     2.1352     0.5112    13.7052 5.6278e+02    22.1819     -0.393     -0.570    23.8551 0.0000e+00
     -0.381      0.076     7.7481     93.395     43.785  43.663015     6.1200     2.1505     0.5112    13.7052 5.4806e+02    22.0617     -0.373     -0.541    24.2089 0.0000e+00
     -0.362      0.072     7.7287     93.647     43.738  43.644310     6.0300     2.1238     0.4260    13.8321 5.2704e+02    22.1819     -0.354     -0.514    24.4714 0.0000e+00
     -0.344      0.067     7.7224     93.875     43.929  43.839740     6.0300     2.1505     0.4260    13.8321 5.1526e+02    21.3703     -0.337     -0.488    24.6573 0.0000e+00
     -0.327      0.062     7.7264     94.071     44.230  44.140938     6.0300     2.1238     0.4260    13.8321 5.4723e+02    21.3853     -0.321     -0.465    24.7795 0.0000e+00
     -0.312      0.057     7.7377     94.238     44.559  44.483589     6.0300     2.1200     0.4260    13.8321 5.6327e+02    21.4605     -0.306     -0.444    24.8515 0.0000e+00
     -0.298      0.052     7.7537     94.392     44.863  44.820371     6.0300     2.1505     0.3834    14.5512 5.2945e+02    21.3853     -0.292     -0.424    24.8851 0.0000e+00
     -0.285      0.047     7.7715     94.552     45.125  45.128157     6.0300     2.1352     0.3834    14.5512 4.8243e+02    20.4535     -0.280     -0.406    24.8919 0.0000e+00
     -0.273      0.042     7.7875     94.756     45.357  45.409772     6.0300     2.1505     0.3834    14.5512 4.6534e+02    20.5587     -0.268     -0.389    24.8923 0.0000e+00
     -0.263      0.037     7.7991     95.062     45.553  45.655113     6.0300     2.1314     0.3834    14.5512 4.4836e+02    20.4234     -0.258     -0.375    24.9081 0.0000e+00
     -0.255      0.032     7.8064     95.565     45.706  45.852329     6.1200     2.1276     0.4686    13.8321 4.4778e+02    20.5587     -0.250     -0.363    24.9453 0.0000e+00
     -0.248      0.027     7.8123     96.400     45.814  45.996550     6.1200     2.1200     0.4686    13.8321 4.4651e+02    20.5887     -0.243     -0.353    24.9960 0.0000e+00
     -0.242      0.023     7.8211     97.678     45.882  46.094534     6.1200     2.1505     0.4686    13.8321 4.4409e+02    20.3934     -0.237     -0.344    25.0512 0.0000e+00
     -0.237      0.019     7.8386     99.255     45.921  46.160519     6.1200     2.1467     0.4686    13.8321 4.4016e+02    20.4234     -0.232     -0.337    25.1048 0.0000e+00
     -0.233      0.016     7.8731    100.787     45.939  46.204178     6.1200     2.1238     0.4686    13.8321 4.3996e+02    20.4384     -0.228     -0.331    25.1526 0.0000e+00
     -0.229      0.013     7.9360    102.132     45.942  46.231208     6.2100     2.1505     0.4260    14.7204 4.4016e+02    21.0096     -0.225     -0.326    25.1923 0.0000e+00
     -0.226      0.011     8.0364    103.349     45.937  46.246838     6.2100     2.1238     0.4260    14.7204 4.4438e+02    20.9044     -0.222     -0.322    25.2251 0.0000e+00
     -0.224      0.010     8.1617    104.459     45.928  46.255237     6.2100     2.1276     0.4260    14.7204 4.4983e+02    20.9044     -0.220     -0.319    25.2544 0.0000e+00
     -0.222      0.009     8.2835    105.462     45.916  46.256664     6.2100     2.1505     0.4260    14.7204 4.4554e+02    21.0397     -0.218     -0.316    25.2821 0.0000e+00
     -0.220      0.008     8.3900    106.326     45.890  46.241592     6.1200     2.1238     0.4686    15.0165 4.4294e+02    21.1900     -0.216     -0.313    25.3081 0.0000e+00
     -0.218      0.007     8.4864    106.974     45.836  46.194114     6.1200     2.1276     0.4686    15.0165 4.3853e+02    21.2050     -0.214     -0.310    25.3312 0.0000e+00
     -0.216      0.006     8.5747    107.467     45.750  46.111476     6.1200     2.1505     0.4686    15.0165 4.3530e+02    21.1449     -0.212     -0.308    25.3502 0.0000e+00
     -0.215      0.005     8.6547    107.945     45.648  46.011272     6.1200     2.1123     0.4686    15.0165 4.3502e+02    21.1449     -0.211     -0.306    25.3654 0.0000e+00
     -0.214      0.005     8.7238    108.406     45.566  45.930190     6.1200     2.0704     0.4260    15.1857 4.3625e+02    20.7841     -0.210     -0.304    25.3768 0.0000e+00
     -0.213      0.004     8.7758    108.751     45.536  45.902088     6.1200     2.0818     0.4260    15.1857 4.3825e+02    20.8893     -0.209     -0.303    25.3845 0.0000e+00
     -0.212      0.004     8.8155    108.897     45.550  45.919473     6.1200     2.0894     0.4260    15.1857 4.3949e+02    20.9946     -0.208     -0.301    25.3891 0.0000e+00
     -0.211      0.004     8.8543    108.782     45.583  45.955277     6.1200     2.0665     0.4260    15.1857 4.3720e+02    20.9495     -0.207     -0.300    25.3918 0.0000e+00
     -0.210      0.004     8.8918    108.390     45.625  46.001215     6.1200     2.0780     0.3834    14.9319 4.3342e+02    21.4304     -0.206     -0.298    25.3938 0.0000e+00
     -0.209      0.003     8.9198    107.741     45.670  46.049723     6.1200     2.0894     0.3834    14.9319 4.3023e+02    21.4304     -0.205     -0.297    25.3961 0.0000e+00
     -0.208      0.003     8.9312    106.855     45.702  46.085995     6.1200     2.0780     0.3834    14.9319 4.3238e+02    21.3403     -0.204     -0.296    25.3990 0.0000e+00
     -0.207      0.003     8.9212    105.775     45.717  46.103852     6.1200     2.0665     0.3834    14.9319 4.3597e+02    21.5056     -0.203     -0.295    25.4024 0.0000e+00
     -0.207      0.003     8.8885    104.601     45.711  46.100128     6.1200     2.0818     0.3834    14.9319 4.3891e+02    19.9124     -0.203     -0.294    25.4061 0.0000e+00
     -0.207      0.003     8.8346    103.478     45.681  46.069870     6.1200     2.0665     0.4260    15.0588 4.3853e+02    19.9575     -0.203     -0.293    25.4099 0.0000e+00
     -0.206      0.004     8.7614    102.562     45.623  46.008970     6.1200     2.0627     0.4260    15.0588 4.4140e+02    19.9725     -0.202     -0.293    25.4135 0.0000e+00
     -0.205      0.005     8.6724    101.978     45.535  45.917041     6.1200     2.0589     0.4260    15.0588 4.5583e+02    19.9425     -0.202     -0.292    25.4167 0.0000e+00
     -0.204      0.007     8.5759    101.796     45.425  45.801273     6.1200     2.1695     0.4260    15.0588 4.7804e+02    20.3032     -0.200     -0.290    25.4188 0.0000e+00
     -0.202      0.011     8.4838    102.040     45.301  45.668443     6.1200     2.1581     0.4260    14.4243 5.3500e+02    20.3032     -0.199     -0.288    25.4190 0.0000e+00
     -0.200      0.015     8.4090    102.704     45.126  45.481147     6.1200     2.1200     0.4260    14.4243 5.5236e+02    20.1529     -0.196     -0.284    25.4171 0.0000e+00
     -0.196      0.021     8.3617    103.751     44.817  45.151791     6.1200     2.1314     0.4260    14.4243 5.2841e+02    20.1679     -0.192     -0.279    25.4132 0.0000e+00
     -0.191      0.026     8.3477    105.106     44.420  44.721338     6.1200     2.1352     0.4260    14.4243 5.0682e+02    21.6108     -0.187     -0.271    25.4072 0.0000e+00
     -0.183      0.031     8.3691    106.647     44.123  44.378154     6.1200     2.1314     0.4260    14.2974 5.3967e+02    21.5356     -0.180     -0.261    25.3990 0.0000e+00
     -0.173      0.035     8.4256    108.216     44.008  44.209045     6.1200     2.1428     0.4260    14.2974 4.4477e+02    21.5356     -0.170     -0.246    25.3866 0.0000e+00
     -0.162      0.037     8.5149    109.652     44.043  44.194666     6.1200     2.1276     0.4260    14.2974 2.7792e+02    21.7010     -0.159     -0.230    25.3661 0.0000e+00
     -0.150      0.036     8.6316    110.840     44.198  44.313348     6.1200     2.1314     0.4260    14.2974 2.2920e+02    20.4986     -0.147     -0.214    25.3322 0.0000e+00
     -0.141      0.034     8.7663    111.738     44.435  44.533335     6.1200     2.1619     0.4260    14.2974 2.1408e+02    20.4384     -0.138     -0.200    25.2824 0.0000e+00
     -0.133      0.032     8.9050    112.383     44.732  44.834037     6.2100     2.1505     0.2982    14.3397 2.3736e+02    20.4384     -0.130     -0.189    25.2225 0.0000e+00
     -0.126      0.029     9.0325    112.905     45.088  45.214405     6.2100     2.1505     0.2982    14.3397 2.3694e+02    20.5286     -0.124     -0.179    25.1657 0.0000e+00
     -0.120      0.028     9.1371    113.579     45.517  45.680768     6.2100     2.1123     0.2982    14.3397 2.2583e+02    20.4384     -0.118     -0.170    25.1239 0.0000e+00
     -0.114      0.028     9.2143    114.862     46.021  46.230681     6.2100     2.0894     0.2982    14.3397 2.2559e+02    20.4234     -0.112     -0.162    25.1036 0.0000e+00
     -0.107      0.029     9.2667    117.323     46.529  46.788858     6.3000     2.1047     0.5112    14.1282 2.2369e+02    20.4384     -0.105     -0.152    25.1069 0.0000e+00
     -0.100      0.030     9.3052    121.451     46.929  47.240603     6.3000     2.0589     0.5112    14.1282 2.0578e+02    20.4084     -0.098     -0.142    25.1316 0.0000e+00
     -0.091      0.031     9.3536    127.410     47.188  47.547854     6.3000     2.0856     0.5112    14.1282 1.7381e+02    20.3332     -0.089     -0.129    25.1708 0.0000e+00
     -0.082      0.031     9.4505    134.819     47.336  47.733098     6.3000     2.1161     0.5112    14.1282 1.5663e+02    21.5657     -0.080     -0.116    25.2182 0.0000e+00
     -0.073      0.030     9.6432    142.858     47.415  47.839789     6.2100     2.1543     0.4260    14.7627 1.5982e+02    21.6859     -0.072     -0.104    25.2704 0.0000e+00
     -0.066      0.028     9.9725    150.582     47.461  47.904307     6.2100     2.1505     0.4260    14.7627 1.6627e+02    21.6258     -0.065     -0.094    25.3238 0.0000e+00
     -0.059      0.027    10.4523    157.140     47.481  47.935929     6.2100     2.1505     0.4260    14.7627 1.6380e+02    21.6859     -0.059     -0.085    25.3729 0.0000e+00
     -0.053      0.025    11.0523    161.898     47.492  47.954979     6.2100     2.0818     0.4260    14.7627 1.5892e+02    20.2731     -0.053     -0.076    25.4126 0.0000e+00
     -0.048      0.024    11.7056    164.553     47.507  47.974464     5.8500     2.0894     0.4260    14.0436 1.5721e+02    20.1829     -0.047     -0.068    25.4411 0.0000e+00
     -0.042      0.023    12.3347    165.168     47.506  47.975799     5.8500     2.0856     0.4260    14.0436 1.4275e+02    20.1980     -0.041     -0.059    25.4602 0.0000e+00
     -0.036      0.023    12.8694    164.124     47.477  47.947450     5.8500     2.0665     0.4260    14.0436 1.4275e+02    20.2130     -0.035     -0.051    25.4725 0.0000e+00
     -0.030      0.023    13.2575    161.985     47.430  47.897712     5.8500     2.0589     0.4260    14.0436 1.3680e+02    20.4685     -0.029     -0.043    25.4805 0.0000e+00
     -0.024      0.024    13.4739    159.324     47.371  47.833137     5.8500     2.0780     0.4260    14.0436 1.3736e+02    20.3783     -0.024     -0.034    25.4857 0.0000e+00
     -0.019      0.026    13.5237    156.577     47.304  47.758303     6.1200     2.0780     0.3834    15.3126 1.3505e+02    20.3332     -0.018     -0.026    25.4885 0.0000e+00
     -0.012      0.028    13.4382    154.002     47.233  47.675055     6.1200     2.0513     0.3834    15.3126 1.3947e+02    20.5286     -0.012     -0.017    25.4889 0.0000e+00
     -0.005      0.031    13.2637    151.712     47.148  47.573081     6.1200     2.1467     0.3834    15.3126 1.4297e+02    21.6108     -0.005     -0.007    25.4866 0.0000e+00
      0.004      0.035    13.0470    149.722     47.046  47.446986     6.1200     2.1505     0.3834    15.3126 1.1494e+02    21.5958      0.004      0.005    25.4815 0.0000e+00
      0.013      0.039    12.8239    148.010     46.937  47.304760     6.1200     2.1657     0.4260    15.4818 1.1102e+02    21.6559      0.013      0.019    25.4731 0.0000e+00
      0.023      0.044    12.6159    146.553     46.826  47.148108     6.1200     2.1428     0.4260    15.4818 1.1345e+02    21.6559      0.023      0.034    25.4607 0.0000e+00
      0.035      0.050    12.4322    145.339     46.698  46.957053     6.1200     2.1238     0.4260    15.4818 1.1519e+02    20.1078      0.034      0.050    25.4434 0.0000e+00
      0.047      0.058    12.2746    144.328     46.574  46.742074     6.1200     2.1428     0.4260    15.4818 1.1345e+02    20.1829      0.047      0.067    25.4189 0.0000e+00
      0.062      0.067    12.1417    143.465     46.522  46.568699     6.1200     2.1238     0.4260    15.0165 1.1425e+02    20.1679      0.061      0.088    25.3847 0.0000e+00
      0.079      0.075    12.0326    142.789     46.568  46.479857     6.1200     2.1352     0.4260    15.0165 1.1368e+02    20.2130      0.078      0.113    25.3375 0.0000e+00
