Data/DataNotYetUploadedToEDI/Raw_CTD/RawDownloads/062723_fcrXX_S8188004.cnv
* Sea-Bird SBE19plus  Data File:
* FileName = C:\R\Reservoirs\Data\DataNotYetUploadedToEDI\Raw_CTD\RawDownloads\062623_fcr50_S8188_0004.hex
* Software version 2.8.0.119
* Temperature SN = 8188
* Conductivity SN = 8188
* System UpLoad Time = Jul 03 2023 16:31:31
* <ApplicationData>
* <Seaterm232>
# nquan = 16
# nvalues = 499                         
# units = specified
# name 0 = depFM: Depth [fresh water, m]
# name 1 = dz/dtM: Descent Rate [m/s]
# name 2 = sbeox0Mg/L: Oxygen, SBE 43 [mg/l]
# name 3 = sbeox0PS: Oxygen, SBE 43 [% saturation]
# name 4 = specc: Specific Conductance [uS/cm]
# name 5 = c0uS/cm: Conductivity [uS/cm]
# name 6 = wetCDOM: Fluorescence, WET Labs CDOM [mg/m^3]
# name 7 = flECO-AFL: Fluorescence, WET Labs ECO-AFL/FL [mg/m^3]
# name 8 = flECO-AFL1: Fluorescence, WET Labs ECO-AFL/FL, 2 [mg/m^3]
# name 9 = flECO-AFL2: Fluorescence, WET Labs ECO-AFL/FL, 3 [mg/m^3]
# name 10 = par/sat/log: PAR/Logarithmic, Satlantic
# name 11 = turbWETntu0: Turbidity, WET Labs ECO [NTU]
# name 12 = prdM: Pressure, Strain Gauge [db]
# name 13 = prdE: Pressure, Strain Gauge [psi]
# name 14 = tv290C: Temperature [ITS-90, deg C]
# name 15 = flag:  0.000e+00
# span 0 =     -0.728,     -0.180       
# span 1 =     -0.163,      0.140       
# span 2 =     4.8273,    15.5636       
# span 3 =     57.686,    184.094       
# span 4 =      0.319,     47.664       
# span 5 =   0.291786,  47.262741       
# span 6 =    -4.5000,     6.5700       
# span 7 =    -2.4921,     3.8023       
# span 8 =    -2.1300,     1.7466       
# span 9 =    -2.4111,    17.5968       
# span 10 = 2.6569e+02, 2.4499e+03      
# span 11 =    -3.4294,    22.5878      
# span 12 =     -0.714,     -0.177      
# span 13 =     -1.035,     -0.256      
# span 14 =    20.6966,    24.6988      
# span 15 = 0.0000e+00, 0.0000e+00      
# interval = seconds: 0.25
# start_time = Jun 27 2023 12:56:55 [Instrument's time stamp, header]
# bad_flag = -9.990e-29
*END*
[from data line 91]
     -0.266      0.061     7.9319     95.499     45.667  44.784431     6.5700     2.9401     0.3834    17.5122 3.9734e+02    19.6418     -0.261     -0.378    24.1395 0.0000e+00
     -0.253      0.050     7.9688     95.610     45.744  44.855432     6.5700     2.9287     0.3834    17.5122 4.0545e+02    19.6719     -0.248     -0.359    24.0982 0.0000e+00
     -0.243      0.041     7.9984     95.756     45.822  44.942417     6.5700     2.9439     0.4260    17.3007 4.0089e+02    19.6268     -0.238     -0.345    24.0657 0.0000e+00
     -0.234      0.033     8.0198     96.035     45.896  45.042823     6.5700     2.9363     0.4260    17.3007 4.0801e+02    19.7621     -0.230     -0.333    24.0418 0.0000e+00
     -0.228      0.027     8.0339     96.589     45.950  45.133892     6.5700     2.9287     0.4260    17.3007 3.6952e+02    19.7170     -0.223     -0.323    24.0264 0.0000e+00
     -0.222      0.023     8.0439     97.565     45.964  45.184433     6.5700     2.9325     0.4260    17.3007 3.5658e+02    19.7020     -0.217     -0.315    24.0221 0.0000e+00
     -0.217      0.019     8.0544     99.114     45.943  45.186131     6.4800     2.9439     0.4260    17.5968 3.8259e+02    19.6569     -0.212     -0.307    24.0338 0.0000e+00
     -0.212      0.015     8.0733    101.431     45.901  45.149348     6.4800     2.9363     0.4260    17.5968 3.7073e+02    19.6569     -0.208     -0.301    24.0642 0.0000e+00
     -0.209      0.012     8.1135    104.572     45.849  45.084089     6.4800     2.9439     0.4260    17.5968 3.7024e+02    18.6348     -0.204     -0.296    24.1063 0.0000e+00
     -0.206      0.010     8.1895    108.279     45.791  44.998710     6.4800     2.9363     0.4260    17.5968 3.9176e+02    18.6048     -0.202     -0.293    24.1457 0.0000e+00
     -0.205      0.008     8.3160    112.110     45.734  44.906105     6.3000     2.9439     0.3834    16.9200 4.1399e+02    18.6799     -0.201     -0.291    24.1701 0.0000e+00
     -0.204      0.006     8.5100    115.617     45.681  44.817245     6.3000     2.9478     0.3834    16.9200 4.1616e+02    18.7100     -0.200     -0.289    24.1747 0.0000e+00
     -0.202      0.005     8.7762    118.415     45.632  44.734187     6.3000     2.7685     0.3834    16.9200 4.0712e+02    19.3713     -0.198     -0.288    24.1599 0.0000e+00
     -0.201      0.005     9.0927    120.218     45.579  44.650634     6.3000     2.7494     0.3834    16.9200 3.9690e+02    19.4765     -0.197     -0.286    24.1292 0.0000e+00
     -0.200      0.004     9.4215    120.856     45.524  44.566098     6.3000     2.7608     0.3834    16.9200 3.8593e+02    19.3262     -0.196     -0.284    24.0892 0.0000e+00
     -0.199      0.004     9.7235    120.307     45.489  44.501626     6.4800     2.7379     0.3408    17.1315 3.8201e+02    19.2811     -0.194     -0.282    24.0484 0.0000e+00
     -0.198      0.003     9.9655    118.747     45.496  44.479650     6.4800     2.9363     0.3408    17.1315 3.8301e+02    18.6649     -0.194     -0.281    24.0106 0.0000e+00
     -0.197      0.003    10.1236    116.506     45.535  44.486384     6.4800     2.9287     0.3408    17.1315 3.8644e+02    18.6799     -0.193     -0.280    23.9752 0.0000e+00
     -0.196      0.003    10.1833    113.937     45.565  44.483996     6.4800     2.9592     0.3408    17.1315 3.9083e+02    18.5747     -0.192     -0.279    23.9415 0.0000e+00
     -0.196      0.003    10.1429    111.330     45.575  44.459959     6.3900     2.9439     0.3834    17.1315 3.9236e+02    18.5897     -0.192     -0.279    23.9091 0.0000e+00
     -0.195      0.003    10.0170    108.899     45.577  44.427675     6.3900     3.2377     0.3834    17.1315 4.0037e+02    18.7250     -0.192     -0.278    23.8770 0.0000e+00
     -0.195      0.004     9.8339    106.803     45.577  44.394384     6.3900     3.2224     0.3834    17.1315 4.0194e+02    18.6198     -0.191     -0.277    23.8434 0.0000e+00
     -0.194      0.005     9.6234    105.149     45.570  44.355171     6.3900     3.2567     0.3834    17.1315 4.0395e+02    18.6949     -0.190     -0.275    23.8079 0.0000e+00
     -0.192      0.005     9.4096    104.019     45.544  44.299577     6.3900     3.2148     0.3834    16.9623 3.8610e+02    18.6348     -0.189     -0.273    23.7710 0.0000e+00
     -0.191      0.006     9.2107    103.477     45.495  44.224663     6.3900     3.2567     0.3834    16.9623 3.6386e+02    19.1609     -0.187     -0.271    23.7338 0.0000e+00
     -0.189      0.006     9.0397    103.585     45.435  44.140172     6.3900     3.2377     0.3834    16.9623 3.2569e+02    19.2511     -0.185     -0.269    23.6972 0.0000e+00
     -0.187      0.006     8.9058    104.391     45.378  44.055274     6.3900     3.2606     0.3834    16.9623 3.1883e+02    19.1759     -0.184     -0.266    23.6616 0.0000e+00
     -0.185      0.005     8.8159    105.871     45.322  43.965161     6.3900     3.2377     0.3408    16.9623 3.2513e+02    19.2210     -0.182     -0.264    23.6280 0.0000e+00
     -0.184      0.004     8.7752    107.856     45.261  43.869575     6.3900     3.1270     0.3408    16.9623 3.3648e+02    18.5897     -0.180     -0.262    23.5977 0.0000e+00
     -0.183      0.003     8.7894    110.078     45.209  43.784634     6.3900     3.1080     0.3408    16.9623 3.5150e+02    18.6799     -0.180     -0.261    23.5687 0.0000e+00
     -0.183      0.002     8.8636    112.247     45.169  43.715422     6.3900     3.1232     0.3408    16.9623 3.5985e+02    18.5747     -0.179     -0.260    23.5358 0.0000e+00
     -0.182      0.002     8.9960    114.117     45.140  43.661313     6.3900     3.1309     0.3408    16.9623 3.6968e+02    18.6799     -0.179     -0.259    23.4969 0.0000e+00
     -0.182      0.001     9.1717    115.531     45.129  43.627691     6.3000     3.7374     0.3834    16.7931 3.6648e+02    18.6499     -0.179     -0.259    23.4564 0.0000e+00
     -0.182      0.001     9.3673    116.418     45.135  43.613513     6.3000     3.7489     0.3834    16.7931 3.6150e+02    18.7701     -0.179     -0.259    23.4189 0.0000e+00
     -0.181      0.001     9.5578    116.787     45.151  43.611036     6.3000     3.7527     0.3834    16.7931 3.4854e+02    18.7551     -0.178     -0.258    23.3855 0.0000e+00
     -0.181      0.001     9.7223    116.708     45.168  43.611673     6.3000     3.7374     0.3834    16.7931 3.7469e+02    18.6499     -0.178     -0.258    23.3561 0.0000e+00
     -0.182      0.001     9.8473    116.274     45.178  43.607668     6.3900     3.8023     0.3834    17.0046 3.8593e+02    18.5747     -0.178     -0.258    23.3305 0.0000e+00
     -0.182      0.001     9.9270    115.551     45.172  43.590028     6.3900     3.7870     0.3834    17.0046 3.9049e+02    18.7250     -0.178     -0.258    23.3082 0.0000e+00
     -0.181      0.001     9.9620    114.583     45.149  43.558010     6.3900     3.7794     0.3834    17.0046 3.8284e+02    18.7100     -0.178     -0.258    23.2888 0.0000e+00
     -0.181      0.001     9.9584    113.438     45.118  43.522889     6.3900     3.7984     0.3834    17.0046 3.7404e+02    18.7551     -0.178     -0.257    23.2719 0.0000e+00
     -0.181      0.000     9.9241    112.224     45.087  43.491148     6.4800     3.6077     0.3834    17.2584 3.6489e+02    18.6949     -0.177     -0.257    23.2569 0.0000e+00
     -0.180      0.000     9.8648    111.083     45.056  43.462250     6.4800     3.6153     0.3834    17.2584 3.6386e+02    18.8152     -0.177     -0.256    23.2435 0.0000e+00
     -0.181     -0.001     9.7841    110.158     45.028  43.436412     6.4800     3.6077     0.3834    17.2584 3.7283e+02    18.6649     -0.177     -0.257    23.2328 0.0000e+00
     -0.181     -0.002     9.6876    109.536     45.007  43.418633     6.4800     3.6077     0.3834    17.2584 4.2883e+02    18.6799     -0.178     -0.258    23.2263 0.0000e+00
     -0.182     -0.002     9.5843    109.238     44.998  43.412096     6.3900     3.6230     0.4260    16.8777 4.2957e+02    19.1459     -0.179     -0.259    23.2242 0.0000e+00
     -0.183     -0.002     9.4867    109.216     44.986  43.403172     6.3900     3.6115     0.4260    16.8777 4.7919e+02    19.1308     -0.179     -0.260    23.2252 0.0000e+00
     -0.183     -0.003     9.4073    109.353     44.961  43.381555     6.3900     3.6115     0.4260    16.8777 3.8251e+02    19.1008     -0.180     -0.261    23.2274 0.0000e+00
     -0.184     -0.003     9.3537    109.494     44.920  43.345444     6.3900     3.6153     0.4260    16.8777 3.7421e+02    19.1459     -0.180     -0.261    23.2299 0.0000e+00
     -0.184     -0.003     9.3277    109.503     44.859  43.289171     6.3900     3.3788     0.4260    16.8777 3.7097e+02    19.1609     -0.181     -0.262    23.2325 0.0000e+00
     -0.185     -0.004     9.3254    109.302     44.774  43.209619     6.3900     3.3712     0.3834    16.7508 3.7698e+02    19.1459     -0.182     -0.263    23.2354 0.0000e+00
     -0.187     -0.004     9.3365    108.884     44.656  43.097461     6.3900     3.3712     0.3834    16.7508 4.1130e+02    19.1759     -0.183     -0.265    23.2386 0.0000e+00
     -0.188     -0.003     9.3480    108.284     44.521  42.968356     6.3900     3.3369     0.3834    16.7508 3.9734e+02    19.2360     -0.185     -0.268    23.2421 0.0000e+00
     -0.189     -0.002     9.3482    107.550     44.419  42.869107     6.3900     3.3559     0.3834    16.7508 3.9751e+02    19.1459     -0.186     -0.269    23.2453 0.0000e+00
     -0.190     -0.001     9.3306    106.726     44.368  42.818816     6.3000     3.4170     0.3834    16.2009 3.9049e+02    19.4014     -0.186     -0.270    23.2481 0.0000e+00
     -0.189      0.000     9.2945    105.861     44.359  42.810015     6.3000     3.4170     0.3834    16.2009 4.0633e+02    19.3262     -0.186     -0.269    23.2500 0.0000e+00
     -0.189      0.001     9.2432    105.010     44.385  42.834412     6.3000     3.4093     0.3834    16.2009 3.9185e+02    19.4164     -0.185     -0.268    23.2505 0.0000e+00
     -0.188      0.002     9.1807    104.218     44.423  42.870779     6.3000     3.4208     0.3834    16.2009 3.9040e+02    19.3563     -0.184     -0.267    23.2499 0.0000e+00
     -0.187      0.002     9.1105    103.517     44.445  42.891168     6.3000     3.5963     0.3834    16.3278 3.8434e+02    19.1759     -0.184     -0.266    23.2491 0.0000e+00
     -0.187      0.002     9.0367    102.932     44.444  42.889131     6.3000     3.6459     0.3834    16.3278 3.8956e+02    19.1759     -0.183     -0.265    23.2486 0.0000e+00
     -0.186      0.002     8.9641    102.488     44.435  42.879973     6.3000     3.6192     0.3834    16.3278 3.9398e+02    19.3262     -0.183     -0.265    23.2482 0.0000e+00
     -0.186      0.001     8.8966    102.203     44.443  42.887007     6.3000     3.6001     0.3834    16.3278 3.7283e+02    19.1459     -0.182     -0.264    23.2476 0.0000e+00
     -0.185      0.000     8.8369    102.111     44.488  42.931923     6.3000     3.3140     0.3834    16.3278 3.7210e+02    19.0406     -0.182     -0.263    23.2467 0.0000e+00
     -0.185     -0.001     8.7871    102.265     44.577  43.022734     6.3000     3.2949     0.3834    16.1586 3.7323e+02    18.8753     -0.181     -0.263    23.2454 0.0000e+00
     -0.185     -0.002     8.7493    102.764     44.717  43.167808     6.3000     3.3025     0.3834    16.1586 3.7895e+02    18.9354     -0.182     -0.263    23.2441 0.0000e+00
     -0.186     -0.003     8.7250    103.786     44.952  43.413755     6.3000     3.2720     0.3834    16.1586 3.8317e+02    18.9054     -0.182     -0.264    23.2436 0.0000e+00
     -0.187     -0.004     8.7167    105.633     45.362  43.843991     6.3000     3.4246     0.3834    16.1586 3.8787e+02    19.2360     -0.183     -0.266    23.2448 0.0000e+00
     -0.188     -0.005     8.7287    108.822     45.914  44.432575     6.2100     3.4437     0.3408    15.8202 3.8905e+02    19.1759     -0.185     -0.268    23.2496 0.0000e+00
     -0.190     -0.006     8.7691    114.098     46.405  44.985769     6.2100     3.4170     0.3408    15.8202 3.8846e+02    19.0557     -0.186     -0.270    23.2604 0.0000e+00
     -0.191     -0.006     8.8521    122.048     46.704  45.361816     6.2100     3.4208     0.3408    15.8202 3.8863e+02    19.1759     -0.187     -0.272    23.2808 0.0000e+00
     -0.193     -0.006     9.0024    132.485     46.845  45.573817     6.2100     3.2796     0.3408    15.8202 3.9768e+02    18.9354     -0.189     -0.274    23.3170 0.0000e+00
     -0.195     -0.005     9.2623    144.396     46.910  45.690200     6.2100     3.2377     0.3834    15.4395 3.9993e+02    18.9204     -0.191     -0.277    23.3769 0.0000e+00
     -0.196     -0.004     9.6949    156.418     46.946  45.757853     6.2100     3.2224     0.3834    15.4395 4.0124e+02    18.9505     -0.193     -0.279    23.4612 0.0000e+00
     -0.198     -0.003    10.3519    167.248     46.967  45.794819     6.2100     3.2377     0.3834    15.4395 4.0002e+02    18.9505     -0.194     -0.281    23.5542 0.0000e+00
     -0.198     -0.002    11.2208    175.837     46.985  45.818880     6.2100     3.2987     0.3834    15.4395 4.0325e+02    19.6118     -0.194     -0.282    23.6352 0.0000e+00
     -0.198     -0.001    12.2179    181.516     47.012  45.848342     6.2100     3.2949     0.3834    14.8473 4.0011e+02    19.6268     -0.194     -0.282    23.6928 0.0000e+00
     -0.198      0.000    13.2284    184.094     47.047  45.887097     6.2100     3.3025     0.3834    14.8473 3.5728e+02    19.5968     -0.194     -0.282    23.7276 0.0000e+00
     -0.198      0.001    14.1411    183.930     47.077  45.925665     6.2100     3.3025     0.3834    14.8473 3.5511e+02    19.5817     -0.194     -0.282    23.7454 0.0000e+00
     -0.198      0.001    14.8666    181.809     47.091  45.954516     6.2100     3.2873     0.3834    14.8473 3.5128e+02    18.8453     -0.194     -0.281    23.7524 0.0000e+00
     -0.197      0.002    15.3466    178.624     47.098  45.977381     6.2100     3.3025     0.3834    14.8473 3.5181e+02    19.0106     -0.194     -0.281    23.7557 0.0000e+00
     -0.197      0.002    15.5636    175.093     47.113  46.008286     6.1200     3.3254     0.3408    14.6358 4.0011e+02    18.9054     -0.193     -0.280    23.7612 0.0000e+00
     -0.197      0.003    15.5470    171.684     47.143  46.051508     6.1200     3.3140     0.3408    14.6358 4.0098e+02    18.9054     -0.193     -0.280    23.7718 0.0000e+00
     -0.196      0.004    15.3635    168.653     47.168  46.090833     6.1200     3.2949     0.3408    14.6358 3.9976e+02    19.4314     -0.192     -0.279    23.7874 0.0000e+00
     -0.195      0.006    15.0896    166.097     47.167  46.105045     6.1200     3.3025     0.3408    14.6358 4.0124e+02    19.4465     -0.191     -0.277    23.8049 0.0000e+00
     -0.193      0.007    14.7868    164.009     47.145  46.093971     6.1200     3.3063     0.3834    14.7627 4.0019e+02    19.4615     -0.190     -0.275    23.8212 0.0000e+00
     -0.191      0.008    14.4949    162.304     47.126  46.078437     6.1200     3.2987     0.3834    14.7627 3.9690e+02    19.4765     -0.187     -0.272    23.8363 0.0000e+00
     -0.188      0.008    14.2346    160.894     47.125  46.078079     6.1200     3.1118     0.3834    14.7627 3.9304e+02    19.9575     -0.185     -0.268    23.8525 0.0000e+00
     -0.186      0.008    14.0147    159.736     47.150  46.104688     6.1200     3.1156     0.3834    14.7627 3.9364e+02    19.9274     -0.182     -0.264    23.8684 0.0000e+00
     -0.183      0.007    13.8356    158.830     47.202  46.165362     6.3000     3.1576     0.3834    15.7779 3.8418e+02    19.8673     -0.180     -0.261    23.8793 0.0000e+00
     -0.182      0.005    13.6906    158.196     47.264  46.246555     6.3000     3.1309     0.3834    15.7779 3.8635e+02    19.8823     -0.178     -0.258    23.8832 0.0000e+00
