Data/DataNotYetUploadedToEDI/Raw_CTD/RawDownloads/062723_fcr50.8_S8188008.cnv
* Sea-Bird SBE19plus  Data File:
* FileName = C:\R\Reservoirs\Data\DataNotYetUploadedToEDI\Raw_CTD\RawDownloads\062623_fcr50_S8188_0008.hex
* Software version 2.8.0.119
* Temperature SN = 8188
* Conductivity SN = 8188
* System UpLoad Time = Jul 03 2023 16:32:47
* <ApplicationData>
* <Seaterm232>
# nquan = 16
# nvalues = 682                         
# units = specified
# name 0 = depFM: Depth [fresh water, m]
# name 1 = dz/dtM: Descent Rate [m/s]
# name 2 = sbeox0Mg/L: Oxygen, SBE 43 [mg/l]
# name 3 = sbeox0PS: Oxygen, SBE 43 [% saturation]
# name 4 = specc: Specific Conductance [uS/cm]
# name 5 = c0uS/cm: Conductivity [uS/cm]
# name 6 = wetCDOM: Fluorescence, WET Labs CDOM [mg/m^3]
# name 7 = flECO-AFL: Fluorescence, WET Labs ECO-AFL/FL [mg/m^3]
# name 8 = flECO-AFL1: Fluorescence, WET Labs ECO-AFL/FL, 2 [mg/m^3]
# name 9 = flECO-AFL2: Fluorescence, WET Labs ECO-AFL/FL, 3 [mg/m^3]
# name 10 = par/sat/log: PAR/Logarithmic, Satlantic
# name 11 = turbWETntu0: Turbidity, WET Labs ECO [NTU]
# name 12 = prdM: Pressure, Strain Gauge [db]
# name 13 = prdE: Pressure, Strain Gauge [psi]
# name 14 = tv290C: Temperature [ITS-90, deg C]
# name 15 = flag:  0.000e+00
# span 0 =     -0.717,      5.884       
# span 1 =     -0.378,      0.128       
# span 2 =    -0.2188,    15.5070       
# span 3 =     -2.222,    176.202       
# span 4 =      0.330,     47.029       
# span 5 =   0.286637,  46.995059       
# span 6 =    -4.5000,     6.7500       
# span 7 =    -0.1498,     5.8126       
# span 8 =    -2.1300,     6.1344       
# span 9 =    -2.0304,    19.5426       
# span 10 = 1.1595e-01, 2.4345e+03      
# span 11 =    -0.5136,    54.9176      
# span 12 =     -0.703,      5.770      
# span 13 =     -1.020,      8.369      
# span 14 =    10.5987,    24.9742      
# span 15 = 0.0000e+00, 0.0000e+00      
# interval = seconds: 0.25
# start_time = Jun 27 2023 13:39:26 [Instrument's time stamp, header]
# bad_flag = -9.990e-29
*END*
[from data line 452]
      4.901      0.079     8.8620     79.723     45.530  32.428329     3.7800     0.1172     0.0852     0.1269 1.6780e-01     5.2430      4.806      6.971    10.6155 0.0000e+00
      4.921      0.079     8.8630     79.752     45.530  32.426836     3.7800     0.1019     0.0852     0.1269 1.6722e-01     5.3782      4.826      6.999    10.6134 0.0000e+00
      4.941      0.078     8.8647     79.778     45.545  32.436553     3.7800     0.1477     0.0852     0.1269 1.5927e-01     5.3332      4.846      7.028    10.6116 0.0000e+00
      4.961      0.078     8.8672     79.796     45.561  32.448188     3.8700     0.1439     0.0852     0.0846 1.6729e-01     5.2730      4.865      7.057    10.6103 0.0000e+00
      4.981      0.078     8.8704     79.800     45.561  32.449002     3.8700     0.1439     0.0852     0.0846 1.5507e-01     5.1979      4.885      7.085    10.6090 0.0000e+00
      5.001      0.078     8.8739     79.779     45.552  32.443173     3.8700     0.1325     0.0852     0.0846 1.7041e-01     5.3031      4.904      7.113    10.6078 0.0000e+00
      5.020      0.078     8.8768     79.729     45.549  32.441028     3.8700     0.1286     0.0852     0.0846 1.4890e-01     5.3332      4.923      7.141    10.6069 0.0000e+00
      5.040      0.078     8.8789     79.661     45.550  32.441995     3.8700     0.1210     0.0852     0.0846 1.6380e-01     5.3031      4.943      7.169    10.6069 0.0000e+00
      5.060      0.078     8.8793     79.593     45.551  32.442372     3.7800     0.1401     0.1278     0.1692 1.3192e-01     5.3031      4.962      7.197    10.6075 0.0000e+00
      5.080      0.079     8.8768     79.542     45.552  32.442259     3.7800     0.1363     0.1278     0.1692 1.2585e-01     5.2279      4.982      7.225    10.6082 0.0000e+00
      5.100      0.079     8.8712     79.514     45.563  32.449546     3.7800     0.1515     0.1278     0.1692 1.1628e-01     5.2730      5.001      7.254    10.6084 0.0000e+00
      5.120      0.079     8.8635     79.508     45.592  32.470139     3.7800     0.1248     0.1278     0.1692 1.4633e-01     5.3632      5.021      7.283    10.6084 0.0000e+00
      5.140      0.080     8.8560     79.528     45.620  32.489724     3.7800     0.1401     0.0852     0.1692 1.4418e-01     5.3031      5.041      7.312    10.6084 0.0000e+00
      5.161      0.080     8.8504     79.584     45.631  32.497684     3.7800     0.1325     0.0852     0.1692 1.2341e-01     5.2881      5.061      7.341    10.6079 0.0000e+00
      5.181      0.081     8.8474     79.666     45.629  32.496139     3.7800     0.1325     0.0852     0.1692 1.4078e-01     5.3332      5.081      7.370    10.6071 0.0000e+00
      5.202      0.082     8.8469     79.752     45.619  32.488639     3.7800     0.1363     0.0852     0.1692 1.2322e-01     5.3632      5.101      7.399    10.6064 0.0000e+00
      5.223      0.083     8.8493     79.825     45.604  32.477145     3.7800     0.1439     0.1278     0.1269 1.1770e-01     5.3031      5.122      7.428    10.6062 0.0000e+00
      5.244      0.085     8.8554     79.878     45.586  32.462552     3.7800     0.1363     0.1278     0.1269 1.2897e-01     5.2730      5.142      7.458    10.6063 0.0000e+00
      5.265      0.087     8.8646     79.904     45.580  32.456810     3.7800     0.1325     0.1278     0.1269 1.1617e-01     5.3181      5.164      7.489    10.6063 0.0000e+00
      5.288      0.088     8.8741     79.892     45.590  32.462350     3.7800     0.1210     0.1278     0.1269 1.2328e-01     5.3332      5.186      7.521    10.6059 0.0000e+00
      5.311      0.089     8.8825     79.834     45.600  32.468765     3.7800     0.1096     0.0852     0.1269 1.1997e-01     5.3632      5.209      7.554    10.6049 0.0000e+00
      5.335      0.089     8.8888     79.732     45.608  32.473806     3.7800     0.1325     0.0852     0.1269 1.1612e-01     5.2881      5.232      7.588    10.6033 0.0000e+00
      5.358      0.089     8.8921     79.607     45.603  32.470898     3.7800     0.1439     0.0852     0.1269 1.1628e-01     5.2730      5.255      7.621    10.6015 0.0000e+00
      5.381      0.087     8.8910     79.479     45.581  32.455303     3.7800     0.1286     0.0852     0.1269 1.1612e-01     5.3181      5.277      7.653    10.6001 0.0000e+00
      5.403      0.085     8.8847     79.363     45.556  32.438704     3.7800     0.1363     0.0852     0.1269 1.1612e-01     5.3181      5.298      7.684    10.5991 0.0000e+00
      5.424      0.084     8.8734     79.268     45.546  32.432519     3.7800     0.1782     0.1278     0.0846 1.1623e-01     5.2881      5.319      7.714    10.5987 0.0000e+00
      5.445      0.082     8.8595     79.196     45.549  32.435098     3.7800     0.1935     0.1278     0.0846 1.1595e-01     5.3332      5.339      7.744    10.5989 0.0000e+00
      5.465      0.081     8.8452     79.144     45.554  32.439208     3.7800     0.1935     0.1278     0.0846 1.1620e-01     5.4233      5.360      7.774    10.5996 0.0000e+00
      5.486      0.079     8.8321     79.106     45.553  32.438022     3.7800     0.1973     0.1278     0.0846 1.1628e-01     5.2430      5.380      7.803    10.6005 0.0000e+00
      5.506      0.078     8.8213     79.074     45.543  32.431225     3.7800     0.1286     0.1278     0.2115 1.1617e-01     5.6338      5.400      7.832    10.6015 0.0000e+00
      5.526      0.076     8.8131     79.047     45.535  32.424926     3.7800     0.1401     0.1278     0.2115 1.1623e-01     5.4384      5.419      7.859    10.6022 0.0000e+00
      5.545      0.073     8.8073     79.027     45.531  32.421405     3.7800     0.1286     0.1278     0.2115 1.1607e-01     5.6037      5.437      7.886    10.6026 0.0000e+00
      5.563      0.070     8.8030     79.016     45.534  32.423683     3.7800     0.1019     0.1278     0.2115 1.1620e-01     5.5436      5.455      7.912    10.6026 0.0000e+00
      5.581      0.067     8.7996     79.022     45.547  32.432369     3.7800     0.2126     0.1278     0.1269 1.1623e-01     7.5426      5.473      7.938    10.6024 0.0000e+00
      5.598      0.062     8.7966     79.049     45.554  32.437897     3.7800     0.1668     0.1278     0.1269 1.1612e-01     7.5125      5.490      7.963    10.6021 0.0000e+00
      5.614      0.057     8.7944     79.095     45.547  32.433820     3.7800     0.1782     0.1278     0.1269 1.1628e-01     7.4674      5.506      7.985    10.6016 0.0000e+00
      5.628      0.052     8.7933     79.154     45.542  32.430932     3.7800     0.2011     0.1278     0.1269 1.1600e-01     7.4374      5.519      8.005    10.6012 0.0000e+00
      5.640      0.047     8.7939     79.214     45.554  32.440346     3.7800     0.2584     0.1278     0.1269 1.1600e-01     9.3011      5.531      8.022    10.6011 0.0000e+00
      5.651      0.043     8.7968     79.261     45.570  32.452688     3.7800     0.2622     0.1278     0.1269 1.1610e-01     9.3161      5.542      8.038    10.6014 0.0000e+00
      5.660      0.039     8.8019     79.288     45.577  32.459370     3.7800     0.2851     0.1278     0.1269 1.1620e-01     9.3462      5.551      8.051    10.6020 0.0000e+00
      5.670      0.036     8.8083     79.292     45.584  32.466134     3.7800     0.2355     0.1278     0.1269 1.1612e-01     9.3612      5.560      8.064    10.6028 0.0000e+00
      5.678      0.033     8.8147     79.278     45.593  32.474783     3.7800     0.2202     0.1278     0.1269 1.1612e-01    11.7510      5.569      8.077    10.6038 0.0000e+00
      5.687      0.031     8.8197     79.255     45.603  32.483664     3.7800     0.2622     0.1278     0.0423 1.1623e-01    11.7360      5.577      8.088    10.6052 0.0000e+00
      5.694      0.029     8.8224     79.232     45.617  32.495144     3.7800     0.2584     0.1278     0.0423 1.1617e-01    11.7210      5.584      8.100    10.6070 0.0000e+00
      5.702      0.027     8.8223     79.220     45.633  32.508325     3.7800     0.2431     0.1278     0.0423 1.1625e-01    11.7210      5.592      8.110    10.6092 0.0000e+00
      5.708      0.024     8.8203     79.225     45.642  32.518800     3.7800     0.2774     0.1278     0.0423 1.1605e-01    12.8933      5.598      8.119    10.6113 0.0000e+00
      5.714      0.022     8.8174     79.252     45.637  32.521441     3.7800     0.2507     0.1278     0.0846 1.1612e-01    12.9685      5.603      8.127    10.6132 0.0000e+00
      5.719      0.020     8.8145     79.301     45.619  32.516954     3.7800     0.2393     0.1278     0.0846 1.1610e-01    12.9534      5.608      8.134    10.6150 0.0000e+00
      5.723      0.019     8.8126     79.373     45.605  32.516023     3.7800     0.2660     0.1278     0.0846 1.1605e-01    12.9384      5.613      8.141    10.6172 0.0000e+00
      5.728      0.018     8.8124     79.455     45.602  32.522362     3.7800     0.1859     0.1278     0.0846 1.1628e-01     8.6248      5.617      8.147    10.6212 0.0000e+00
      5.732      0.018     8.8140     79.537     45.598  32.525778     3.7800     0.1935     0.1278     0.0846 1.1612e-01     8.6698      5.622      8.154    10.6278 0.0000e+00
      5.737      0.018     8.8177     79.612     45.584  32.519264     3.7800     0.1935     0.1278     0.0846 1.1620e-01     8.6248      5.626      8.160    10.6368 0.0000e+00
      5.741      0.018     8.8236     79.680     45.563  32.505041     3.7800     0.1859     0.1278     0.0846 1.1615e-01     8.7300      5.631      8.166    10.6468 0.0000e+00
      5.746      0.019     8.8308     79.741     45.548  32.491200     3.7800     0.1401     0.1278     0.0846 1.1623e-01     6.7159      5.635      8.173    10.6560 0.0000e+00
      5.751      0.019     8.8384     79.794     45.542  32.481969     3.8700     0.1592     0.1278     0.2115 1.1628e-01     6.7009      5.640      8.179    10.6633 0.0000e+00
      5.756      0.020     8.8459     79.829     45.540  32.474887     3.8700     0.1248     0.1278     0.2115 1.1623e-01     6.7310      5.644      8.186    10.6674 0.0000e+00
      5.761      0.021     8.8534     79.836     45.545  32.472026     3.8700     0.1439     0.1278     0.2115 1.1623e-01     6.7610      5.649      8.194    10.6678 0.0000e+00
      5.766      0.021     8.8609     79.813     45.559  32.476582     3.8700     0.1897     0.1278     0.2115 1.1595e-01     5.9193      5.655      8.201    10.6648 0.0000e+00
      5.772      0.022     8.8679     79.769     45.578  32.485811     3.8700     0.2088     0.1278     0.2115 1.1612e-01     5.6939      5.660      8.209    10.6593 0.0000e+00
      5.778      0.022     8.8732     79.712     45.596  32.494253     3.7800     0.2011     0.1704     0.0846 1.1600e-01     5.8141      5.666      8.218    10.6525 0.0000e+00
      5.784      0.023     8.8753     79.645     45.608  32.500197     3.7800     0.1706     0.1704     0.0846 1.1607e-01     5.8442      5.672      8.226    10.6459 0.0000e+00
      5.789      0.023     8.8739     79.569     45.617  32.505229     3.7800     0.1592     0.1704     0.0846 1.1633e-01     5.6187      5.677      8.234    10.6402 0.0000e+00
      5.795      0.023     8.8700     79.488     45.627  32.510691     3.7800     0.1439     0.1704     0.0846 1.1600e-01     5.6338      5.683      8.243    10.6350 0.0000e+00
      5.801      0.023     8.8647     79.414     45.638  32.518038     3.6900     0.1515     0.1278     1.6920 1.1612e-01     5.5586      5.689      8.251    10.6305 0.0000e+00
      5.807      0.023     8.8579     79.354     45.643  32.521309     3.6900     0.1286     0.1278     1.6920 1.1617e-01     5.7390      5.694      8.259    10.6273 0.0000e+00
      5.812      0.023     8.8497     79.307     45.630  32.513456     3.6900     0.1172     0.1278     1.6920 1.1628e-01     5.2881      5.700      8.267    10.6254 0.0000e+00
      5.818      0.024     8.8411     79.266     45.615  32.504265     3.6900     0.1019     0.1278     1.6920 1.1620e-01     5.3482      5.705      8.275    10.6241 0.0000e+00
      5.824      0.025     8.8331     79.227     45.612  32.503168     3.3300     0.1286     0.1278     1.3536 1.1617e-01     5.4083      5.711      8.283    10.6231 0.0000e+00
      5.830      0.026     8.8263     79.191     45.610  32.501952     3.3300     0.1210     0.1278     1.3536 1.1630e-01     5.3181      5.717      8.293    10.6232 0.0000e+00
      5.837      0.026     8.8207     79.161     45.597  32.492370     3.3300     0.1363     0.1278     1.3536 1.1617e-01     5.3031      5.724      8.302    10.6247 0.0000e+00
      5.845      0.026     8.8159     79.135     45.582  32.479788     3.3300     0.1286     0.1278     1.3536 1.1615e-01     5.3031      5.731      8.313    10.6264 0.0000e+00
      5.852      0.025     8.8113     79.110     45.578  32.472733     3.2400     0.1248     0.3408     3.8916 1.1600e-01     5.3632      5.739      8.323    10.6275 0.0000e+00
      5.859      0.022     8.8071     79.084     45.586  32.473285     3.2400     0.1401     0.3408     3.8916 1.1623e-01     5.2730      5.745      8.333    10.6281 0.0000e+00
      5.864      0.019     8.8039     79.052     45.599  32.477629     3.2400     0.1248     0.3408     3.8916 1.1617e-01     5.2580      5.751      8.341    10.6277 0.0000e+00
      5.869      0.016     8.8016     79.012     45.606  32.479004     3.2400     0.1248     0.3408     3.8916 1.1605e-01     5.2430      5.755      8.347    10.6252 0.0000e+00
      5.872      0.013     8.7998     78.956     45.603  32.473814     3.2400     0.1515     0.3408     3.8916 1.1617e-01     5.4233      5.758      8.352    10.6205 0.0000e+00
      5.875      0.010     8.7979     78.877     45.593  32.464636     3.6900     0.1554     0.2130     2.8341 1.1612e-01     5.2881      5.761      8.356    10.6151 0.0000e+00
      5.877      0.008     8.7955     78.769     45.583  32.456943     3.6900     0.1401     0.2130     2.8341 1.1617e-01     5.3031      5.763      8.359    10.6101 0.0000e+00
      5.878      0.007     8.7918     78.623     45.582  32.456605     3.6900     0.1134     0.2130     2.8341 1.1617e-01     5.3782      5.764      8.361    10.6059 0.0000e+00
      5.880      0.005     8.7863     78.442     45.590  32.463533     3.6900     0.1363     0.2130     2.8341 1.1605e-01     5.3482      5.766      8.363    10.6027 0.0000e+00
      5.881      0.004     8.7780     78.243     45.598  32.471652     2.7900     0.1210     0.3408     2.7918 1.1617e-01     5.2129      5.767      8.364    10.6004 0.0000e+00
      5.882      0.003     8.7661     78.052     45.605  32.479167     2.7900     0.1286     0.3408     2.7918 1.1612e-01     5.2730      5.768      8.365    10.5994 0.0000e+00
      5.882      0.002     8.7498     77.893     45.608  32.484123     2.7900     0.1172     0.3408     2.7918 1.1625e-01     5.3031      5.768      8.366    10.5997 0.0000e+00
      5.883      0.002     8.7293     77.788     45.606  32.483878     2.7900     0.1019     0.3408     2.7918 1.1612e-01     5.4384      5.769      8.367    10.6015 0.0000e+00
      5.883      0.001     8.7067     77.750     45.602  32.482330     3.3300     0.1286     0.5112     3.4263 1.1607e-01     5.2730      5.769      8.367    10.6043 0.0000e+00
      5.883      0.001     8.6848     77.787     45.596  32.479066     3.3300     0.1325     0.5112     3.4263 1.1623e-01     5.3332      5.769      8.368    10.6072 0.0000e+00
      5.884      0.001     8.6666     77.900     45.588  32.473214     3.3300     0.1554     0.5112     3.4263 1.1620e-01     5.3031      5.770      8.368    10.6097 0.0000e+00
      5.884      0.001     8.6546     78.077     45.585  32.471136     3.3300     0.1286     0.5112     3.4263 1.1617e-01     5.3181      5.770      8.369    10.6114 0.0000e+00
      5.884      0.000     8.6501     78.293     45.586  32.472278     3.3300     0.1210     0.5112     3.4263 1.1615e-01     5.3933      5.770      8.369    10.6125 0.0000e+00
      5.884      0.000     8.6541     78.524     45.592  32.476943     2.7000     0.1286     0.5112     4.2723 1.1595e-01     5.2730      5.770      8.369    10.6132 0.0000e+00
