Data/DataNotYetUploadedToEDI/Raw_CTD/RawDownloads/062723_fcrXX_S8188021.cnv
* Sea-Bird SBE19plus  Data File:
* FileName = C:\R\Reservoirs\Data\DataNotYetUploadedToEDI\Raw_CTD\RawDownloads\062623_fcr50_S8188_0021.hex
* Software version 2.8.0.119
* Temperature SN = 8188
* Conductivity SN = 8188
* System UpLoad Time = Jul 03 2023 16:35:31
* <ApplicationData>
* <Seaterm232>
# nquan = 16
# nvalues = 659                         
# units = specified
# name 0 = depFM: Depth [fresh water, m]
# name 1 = dz/dtM: Descent Rate [m/s]
# name 2 = sbeox0Mg/L: Oxygen, SBE 43 [mg/l]
# name 3 = sbeox0PS: Oxygen, SBE 43 [% saturation]
# name 4 = specc: Specific Conductance [uS/cm]
# name 5 = c0uS/cm: Conductivity [uS/cm]
# name 6 = wetCDOM: Fluorescence, WET Labs CDOM [mg/m^3]
# name 7 = flECO-AFL: Fluorescence, WET Labs ECO-AFL/FL [mg/m^3]
# name 8 = flECO-AFL1: Fluorescence, WET Labs ECO-AFL/FL, 2 [mg/m^3]
# name 9 = flECO-AFL2: Fluorescence, WET Labs ECO-AFL/FL, 3 [mg/m^3]
# name 10 = par/sat/log: PAR/Logarithmic, Satlantic
# name 11 = turbWETntu0: Turbidity, WET Labs ECO [NTU]
# name 12 = prdM: Pressure, Strain Gauge [db]
# name 13 = prdE: Pressure, Strain Gauge [psi]
# name 14 = tv290C: Temperature [ITS-90, deg C]
# name 15 = flag:  0.000e+00
# span 0 =     -0.722,      8.681       
# span 1 =     -0.279,      0.245       
# span 2 =    -1.2909,    18.0933       
# span 3 =    -12.241,    211.892       
# span 4 =      6.540,     48.976       
# span 5 =   5.764794,  47.831807       
# span 6 =    -4.5000,     7.2900       
# span 7 =    -1.9733,     3.8824       
# span 8 =    -2.1300,     0.8946       
# span 9 =    -2.2419,    22.6305       
# span 10 = 1.1590e-01, 1.6969e+03      
# span 11 =    -3.3843,   148.1044      
# span 12 =     -0.708,      8.513      
# span 13 =     -1.027,     12.348      
# span 14 =    10.6020,    24.5883      
# span 15 = 0.0000e+00, 0.0000e+00      
# interval = seconds: 0.25
# start_time = Jun 27 2023 16:10:50 [Instrument's time stamp, header]
# bad_flag = -9.990e-29
*END*
[from data line 181]
      0.458      0.103    14.2353    150.318     42.040  39.047479     6.6600     3.4475     0.3408    17.7660 4.5172e+01    16.4404      0.449      0.651    21.6432 0.0000e+00
      0.483      0.108    13.8790    148.208     41.045  37.962815     6.6600     3.4437     0.3408    17.7660 4.4278e+01    16.5757      0.473      0.686    21.6427 0.0000e+00
      0.511      0.115    13.6075    145.125     40.413  37.199459     6.4800     3.4513     0.3408    17.3430 3.9376e+01    16.4855      0.501      0.726    21.6236 0.0000e+00
      0.542      0.121    13.4198    140.329     40.031  36.680601     6.4800     2.7112     0.3408    17.3430 3.1513e+01    10.9995      0.532      0.771    21.5514 0.0000e+00
      0.576      0.125    13.2857    133.340     39.761  36.287674     6.4800     2.7074     0.3408    17.3430 2.7037e+01    11.1198      0.565      0.819    21.4130 0.0000e+00
      0.610      0.128    13.1467    124.213     39.530  35.945604     6.4800     2.7456     0.3408    17.3430 2.3707e+01    11.0146      0.598      0.868    21.2183 0.0000e+00
      0.644      0.129    12.9251    113.556     39.311  35.616644     6.2100     2.7303     0.2982    16.2432 2.0450e+01    10.9845      0.631      0.915    21.0009 0.0000e+00
      0.676      0.130    12.5448    102.240     39.135  35.314073     6.2100     2.5777     0.2982    16.2432 1.9572e+01     7.0466      0.663      0.962    20.7961 0.0000e+00
      0.708      0.131    11.9581     91.062     39.087  35.107717     6.2100     2.6044     0.2982    16.2432 1.8305e+01     7.0316      0.695      1.007    20.6165 0.0000e+00
      0.741      0.132    11.1708     80.522     39.189  35.021762     6.2100     2.5892     0.2982    16.2432 1.6222e+01     6.9564      0.726      1.053    20.4536 0.0000e+00
      0.774      0.133    10.2404     70.719     39.364  35.003568     5.3100     2.5586     0.2130     8.1639 1.4282e+01     7.0165      0.759      1.101    20.2909 0.0000e+00
      0.809      0.134     9.2481     61.418     39.542  35.006687     5.3100     2.1047     0.2130     8.1639 1.0381e+01     4.5666      0.794      1.151    20.1115 0.0000e+00
      0.845      0.135     8.2665     52.279     39.697  35.016099     5.3100     2.0742     0.2130     8.1639 8.0229e+00     4.7019      0.829      1.202    19.9061 0.0000e+00
      0.881      0.134     7.3396     43.089     39.833  35.030349     5.3100     2.0589     0.2130     8.1639 7.4921e+00     4.5516      0.863      1.252    19.6820 0.0000e+00
      0.915      0.133     6.4732     33.938     39.955  35.049273     5.3100     2.0856     0.2130     8.1639 6.7779e+00     4.5215      0.897      1.300    19.4610 0.0000e+00
      0.948      0.132     5.6434     25.260     40.055  35.062071     4.9500     1.7728     0.1278     3.4263 6.4098e+00     3.6047      0.929      1.347    19.2650 0.0000e+00
      0.980      0.130     4.8190     17.666     40.128  35.064229     4.9500     1.7690     0.1278     3.4263 5.2987e+00     3.6648      0.961      1.394    19.1034 0.0000e+00
      1.013      0.129     3.9819     11.716     40.178  35.056322     4.9500     1.7728     0.1278     3.4263 4.7916e+00     3.5746      0.993      1.441    18.9706 0.0000e+00
      1.046      0.129     3.1425      7.775     40.202  35.032279     4.9500     1.7728     0.1278     3.4263 4.4833e+00     3.5897      1.026      1.487    18.8585 0.0000e+00
      1.079      0.128     2.3426      5.941     40.211  35.001531     4.7700     1.4066     0.1278     1.8189 4.3424e+00     3.1087      1.058      1.534    18.7645 0.0000e+00
      1.112      0.126     1.6402      6.006     40.217  34.975680     4.7700     1.4142     0.1278     1.8189 3.8000e+00     3.1388      1.090      1.581    18.6873 0.0000e+00
      1.145      0.124     1.0886      7.534     40.220  34.955755     4.7700     1.3875     0.1278     1.8189 3.3384e+00     3.0786      1.122      1.628    18.6226 0.0000e+00
      1.177      0.121     0.7232     10.007     40.220  34.940402     4.7700     1.3990     0.1278     1.8189 3.1114e+00     3.1688      1.154      1.673    18.5663 0.0000e+00
      1.207      0.119     0.5538     12.973     40.207  34.917605     4.6800     1.2693     0.0852     1.3536 2.9214e+00     2.7630      1.183      1.716    18.5179 0.0000e+00
      1.235      0.118     0.5616     16.108     40.173  34.873363     4.6800     1.2769     0.0852     1.3536 2.9138e+00     2.7780      1.212      1.757    18.4794 0.0000e+00
      1.263      0.121     0.7061     19.214     40.120  34.803801     4.6800     1.2769     0.0852     1.3536 2.8136e+00     2.7480      1.239      1.797    18.4515 0.0000e+00
      1.292      0.126     0.9390     22.158     40.062  34.716115     4.6800     1.3189     0.0852     1.3536 2.6286e+00     2.7931      1.267      1.838    18.4324 0.0000e+00
      1.324      0.134     1.2181     24.836     40.011  34.618608     4.6800     1.0213     0.0852     1.1844 2.5261e+00     2.4925      1.298      1.883    18.4171 0.0000e+00
      1.359      0.143     1.5134     27.163     39.966  34.511022     4.6800     1.0213     0.0852     1.1844 2.3993e+00     2.4774      1.332      1.932    18.3987 0.0000e+00
      1.397      0.152     1.8065     29.070     39.942  34.408234     4.6800     1.0404     0.0852     1.1844 2.2631e+00     2.4624      1.370      1.987    18.3695 0.0000e+00
      1.438      0.159     2.0854     30.505     39.956  34.334318     4.6800     1.0633     0.0852     1.1844 2.0372e+00     2.4774      1.410      2.046    18.3231 0.0000e+00
      1.482      0.164     2.3407     31.429     39.991  34.281444     4.6800     0.8000     0.0852     1.1844 1.8717e+00     1.5606      1.453      2.108    18.2566 0.0000e+00
      1.527      0.166     2.5644     31.811     40.012  34.223625     4.5900     0.7733     0.0852     0.9729 1.7437e+00     1.5155      1.497      2.171    18.1703 0.0000e+00
      1.570      0.165     2.7498     31.658     40.004  34.151382     4.5900     0.7886     0.0852     0.9729 1.6212e+00     1.4854      1.539      2.233    18.0686 0.0000e+00
      1.612      0.161     2.8915     31.020     39.971  34.065250     4.5900     0.7810     0.0852     0.9729 1.4680e+00     1.5155      1.581      2.293    17.9611 0.0000e+00
      1.653      0.158     2.9849     29.999     39.909  33.960084     4.5900     0.6970     0.0852     0.9729 1.3897e+00     1.2901      1.620      2.350    17.8573 0.0000e+00
      1.692      0.154     3.0265     28.751     39.825  33.835562     4.4100     0.7161     0.0426     0.4230 1.2818e+00     1.2149      1.659      2.406    17.7627 0.0000e+00
      1.730      0.152     3.0165     27.457     39.736  33.704027     4.4100     0.7314     0.0426     0.4230 1.2510e+00     1.3051      1.696      2.460    17.6799 0.0000e+00
      1.767      0.151     2.9596     26.273     39.661  33.581889     4.4100     0.7276     0.0426     0.4230 1.2117e+00     1.3351      1.733      2.513    17.6080 0.0000e+00
      1.805      0.151     2.8658     25.312     39.613  33.482124     4.4100     0.5712     0.0426     0.4230 1.1342e+00     1.5305      1.770      2.567    17.5416 0.0000e+00
      1.844      0.150     2.7502     24.625     39.585  33.401888     4.3200     0.5940     0.0852     0.3384 1.0546e+00     1.5756      1.808      2.622    17.4751 0.0000e+00
      1.883      0.150     2.6301     24.190     39.559  33.327706     4.3200     0.5635     0.0852     0.3384 9.5448e-01     1.5606      1.847      2.678    17.4051 0.0000e+00
      1.922      0.148     2.5205     23.934     39.522  33.247714     4.3200     0.5673     0.0852     0.3384 9.4334e-01     1.4854      1.885      2.734    17.3317 0.0000e+00
      1.960      0.145     2.4322     23.758     39.473  33.158402     4.3200     0.5063     0.0852     0.3384 9.1627e-01     1.2901      1.922      2.788    17.2574 0.0000e+00
      1.997      0.142     2.3698     23.574     39.428  33.067639     4.2300     0.5178     0.0000     0.3384 8.8862e-01     1.3051      1.958      2.840    17.1860 0.0000e+00
      2.033      0.139     2.3314     23.327     39.386  32.973002     4.2300     0.4987     0.0000     0.3384 8.7826e-01     1.2750      1.993      2.891    17.1197 0.0000e+00
      2.067      0.136     2.3097     23.000     39.341  32.865095     4.2300     0.5063     0.0000     0.3384 8.4843e-01     1.3351      2.027      2.940    17.0579 0.0000e+00
      2.100      0.133     2.2956     22.588     39.305  32.748807     4.2300     0.4491     0.0000     0.3384 8.0865e-01     1.5756      2.060      2.987    16.9964 0.0000e+00
      2.133      0.132     2.2809     22.086     39.300  32.640649     4.2300     0.4491     0.0000     0.3384 8.0287e-01     1.5606      2.092      3.034    16.9300 0.0000e+00
      2.167      0.130     2.2605     21.472     39.343  32.561283     4.1400     0.4338     0.0426     0.2115 7.8221e-01     1.4253      2.125      3.082    16.8547 0.0000e+00
      2.201      0.129     2.2328     20.693     39.440  32.525183     4.1400     0.4300     0.0426     0.2115 7.6058e-01     1.6508      2.158      3.130    16.7657 0.0000e+00
      2.234      0.126     2.1976     19.684     39.567  32.518757     4.1400     0.4376     0.0426     0.2115 7.2005e-01     1.6959      2.191      3.178    16.6564 0.0000e+00
      2.267      0.123     2.1545     18.410     39.674  32.504641     4.1400     0.4720     0.0426     0.2115 6.6385e-01     1.7710      2.223      3.224    16.5251 0.0000e+00
      2.298      0.118     2.1007     16.876     39.737  32.467186     3.8700     0.4491     0.0426     0.1269 7.0030e-01     1.7860      2.253      3.268    16.3796 0.0000e+00
      2.328      0.112     2.0304     15.127     39.766  32.420164     3.8700     0.4415     0.0426     0.1269 6.4144e-01     1.8011      2.283      3.311    16.2321 0.0000e+00
      2.356      0.106     1.9370     13.248     39.784  32.382716     3.8700     0.3919     0.0426     0.1269 6.2916e-01     2.0115      2.311      3.351    16.0916 0.0000e+00
      2.383      0.099     1.8163     11.366     39.815  32.368618     3.8700     0.3652     0.0426     0.1269 6.0332e-01     2.1317      2.337      3.389    15.9622 0.0000e+00
      2.407      0.092     1.6688      9.631     39.854  32.374108     3.7800     0.3728     0.0426     0.1269 6.2101e-01     2.1017      2.360      3.423    15.8500 0.0000e+00
      2.428      0.087     1.4987      8.184     39.887  32.384810     3.7800     0.3804     0.0426     0.1269 5.9992e-01     2.1017      2.382      3.454    15.7612 0.0000e+00
      2.449      0.084     1.3144      7.113     39.911  32.391694     3.7800     0.3995     0.0426     0.1269 6.1057e-01     2.2670      2.402      3.483    15.6946 0.0000e+00
      2.469      0.084     1.1289      6.445     39.935  32.392638     3.7800     0.3804     0.0426     0.1269 5.8753e-01     2.2670      2.421      3.511    15.6457 0.0000e+00
      2.488      0.088     0.9575      6.153     39.969  32.379974     3.8700     0.3881     0.0852     0.1692 5.5405e-01     2.2670      2.440      3.539    15.6124 0.0000e+00
      2.509      0.095     0.8142      6.173     40.005  32.334482     3.8700     0.3728     0.0852     0.1692 5.7804e-01     2.2971      2.461      3.569    15.5920 0.0000e+00
      2.533      0.104     0.7081      6.401     40.049  32.257892     3.8700     0.3728     0.0852     0.1692 5.4962e-01     2.4624      2.484      3.603    15.5771 0.0000e+00
      2.560      0.115     0.6420      6.690     40.111  32.169377     3.8700     0.3804     0.0852     0.1692 5.6968e-01     2.5526      2.511      3.642    15.5537 0.0000e+00
      2.592      0.127     0.6138      6.879     40.173  32.071071     3.8700     0.3728     0.0852     0.1692 5.2260e-01     2.5225      2.542      3.687    15.5031 0.0000e+00
      2.628      0.137     0.6173      6.830     40.233  31.972395     3.8700     0.3842     0.0426     0.1269 5.1616e-01     2.6578      2.577      3.738    15.4101 0.0000e+00
      2.666      0.145     0.6420      6.463     40.323  31.900497     3.8700     0.3881     0.0426     0.1269 4.9529e-01     2.7931      2.614      3.791    15.2711 0.0000e+00
      2.704      0.151     0.6733      5.775     40.462  31.867881     3.8700     0.3652     0.0426     0.1269 5.0716e-01     2.7630      2.652      3.847    15.0991 0.0000e+00
      2.744      0.155     0.6947      4.831     40.655  31.875746     3.8700     0.4033     0.0426     0.1269 4.8285e-01     2.8832      2.691      3.903    14.9152 0.0000e+00
      2.784      0.158     0.6918      3.746     40.908  31.930145     3.8700     0.3995     0.0852     0.2115 4.8128e-01     2.7780      2.730      3.960    14.7339 0.0000e+00
      2.825      0.160     0.6565      2.649     41.210  32.023797     3.8700     0.3804     0.0852     0.2115 4.7453e-01     3.3492      2.771      4.019    14.5573 0.0000e+00
      2.866      0.161     0.5882      1.653     41.515  32.124245     3.8700     0.3613     0.0852     0.2115 4.5901e-01     3.3041      2.811      4.077    14.3821 0.0000e+00
      2.908      0.163     0.4932      0.830     41.783  32.200844     3.8700     0.4109     0.0852     0.2115 4.6342e-01     3.3642      2.851      4.136    14.2064 0.0000e+00
      2.949      0.165     0.3831      0.203     42.014  32.254214     3.8700     0.3957     0.1278     0.0846 4.4613e-01     3.4243      2.892      4.195    14.0314 0.0000e+00
      2.991      0.167     0.2713     -0.245     42.255  32.314425     3.8700     0.3728     0.1278     0.0846 4.4885e-01     3.8301      2.933      4.255    13.8597 0.0000e+00
      3.033      0.169     0.1692     -0.557     42.547  32.409412     3.8700     0.4033     0.1278     0.0846 4.0554e-01     3.9053      2.975      4.315    13.6945 0.0000e+00
      3.076      0.171     0.0844     -0.770     42.899  32.544698     3.8700     0.3804     0.1278     0.0846 4.3211e-01     3.8903      3.017      4.376    13.5385 0.0000e+00
      3.121      0.173     0.0197     -0.897     43.286  32.704867     3.9600     0.3766     0.0852     0.3384 3.7049e-01     3.9203      3.060      4.439    13.3900 0.0000e+00
      3.166      0.175    -0.0268     -0.917     43.673  32.869257     3.9600     0.3308     0.0852     0.3384 3.7307e-01     4.8221      3.105      4.503    13.2429 0.0000e+00
      3.211      0.176    -0.0593     -0.797     44.053  33.036155     3.9600     0.3079     0.0852     0.3384 3.4016e-01     4.8522      3.149      4.568    13.0921 0.0000e+00
      3.257      0.177    -0.0817     -0.513     44.433  33.208476     3.9600     0.3156     0.0852     0.3384 3.5520e-01     4.8823      3.194      4.632    12.9379 0.0000e+00
      3.301      0.179    -0.0951     -0.061     44.804  33.376720     3.9600     0.3575     0.0852     0.3384 3.6339e-01     4.8221      3.237      4.695    12.7845 0.0000e+00
      3.346      0.183    -0.0971      0.557     45.150  33.522378     4.0500     0.2660     0.1278     0.2115 3.2211e-01     5.4835      3.281      4.759    12.6375 0.0000e+00
      3.391      0.189    -0.0842      1.351     45.432  33.612996     4.0500     0.2584     0.1278     0.2115 3.3671e-01     5.5286      3.325      4.823    12.5010 0.0000e+00
      3.439      0.197    -0.0537      2.347     45.608  33.615303     4.0500     0.2660     0.1278     0.2115 3.2471e-01     5.5887      3.372      4.891    12.3742 0.0000e+00
      3.490      0.206    -0.0049      3.606     45.676  33.531890     4.0500     0.2584     0.1278     0.2115 2.9261e-01     5.5286      3.422      4.963    12.2514 0.0000e+00
      3.544      0.216     0.0621      5.251     45.682  33.403880     4.0500     0.2088     0.1278     0.1269 2.9561e-01     7.1368      3.475      5.040    12.1264 0.0000e+00
      3.601      0.225     0.1484      7.505     45.673  33.272389     4.0500     0.2088     0.1278     0.1269 2.3824e-01     7.1518      3.531      5.122    11.9942 0.0000e+00
      3.660      0.233     0.2574     10.666     45.670  33.157796     4.0500     0.1782     0.1278     0.1269 2.7648e-01     7.1518      3.590      5.207    11.8528 0.0000e+00
