Data/DataNotYetUploadedToEDI/Raw_CTD/RawDownloads/062723_fcrXX_S8188020.cnv
* Sea-Bird SBE19plus  Data File:
* FileName = C:\R\Reservoirs\Data\DataNotYetUploadedToEDI\Raw_CTD\RawDownloads\062623_fcr50_S8188_0020.hex
* Software version 2.8.0.119
* Temperature SN = 8188
* Conductivity SN = 8188
* System UpLoad Time = Jul 03 2023 16:35:19
* <ApplicationData>
* <Seaterm232>
# nquan = 16
# nvalues = 411                         
# units = specified
# name 0 = depFM: Depth [fresh water, m]
# name 1 = dz/dtM: Descent Rate [m/s]
# name 2 = sbeox0Mg/L: Oxygen, SBE 43 [mg/l]
# name 3 = sbeox0PS: Oxygen, SBE 43 [% saturation]
# name 4 = specc: Specific Conductance [uS/cm]
# name 5 = c0uS/cm: Conductivity [uS/cm]
# name 6 = wetCDOM: Fluorescence, WET Labs CDOM [mg/m^3]
# name 7 = flECO-AFL: Fluorescence, WET Labs ECO-AFL/FL [mg/m^3]
# name 8 = flECO-AFL1: Fluorescence, WET Labs ECO-AFL/FL, 2 [mg/m^3]
# name 9 = flECO-AFL2: Fluorescence, WET Labs ECO-AFL/FL, 3 [mg/m^3]
# name 10 = par/sat/log: PAR/Logarithmic, Satlantic
# name 11 = turbWETntu0: Turbidity, WET Labs ECO [NTU]
# name 12 = prdM: Pressure, Strain Gauge [db]
# name 13 = prdE: Pressure, Strain Gauge [psi]
# name 14 = tv290C: Temperature [ITS-90, deg C]
# name 15 = flag:  0.000e+00
# span 0 =     -0.719,      3.840       
# span 1 =     -0.216,      0.193       
# span 2 =    -0.6766,    15.2678       
# span 3 =     -6.449,    172.887       
# span 4 =      1.866,     48.218       
# span 5 =   1.626788,  47.626418       
# span 6 =    -4.5000,     7.1100       
# span 7 =    -0.1346,     3.3712       
# span 8 =    -2.1300,     0.6816       
# span 9 =    -2.0304,    20.7693       
# span 10 = 1.6108e-01, 8.1978e+02      
# span 11 =    -0.4835,    59.2012      
# span 12 =     -0.705,      3.766      
# span 13 =     -1.022,      5.461      
# span 14 =    11.2583,    24.4461      
# span 15 = 0.0000e+00, 0.0000e+00      
# interval = seconds: 0.25
# start_time = Jun 27 2023 16:06:42 [Instrument's time stamp, header]
# bad_flag = -9.990e-29
*END*
[from data line 91]
     -0.163      0.002     9.3620    110.198     46.737  45.814815     6.6600     2.6426     0.4686    19.0773 3.5419e+02    21.8513     -0.159     -0.231    24.0946 0.0000e+00
     -0.162      0.002     9.3592    109.778     46.707  45.767377     6.6600     2.6311     0.4686    19.0773 3.5173e+02    21.9264     -0.159     -0.230    24.0761 0.0000e+00
     -0.161      0.002     9.3399    109.442     46.673  45.717559     6.7500     2.6426     0.4686    19.4580 3.5181e+02    21.8813     -0.158     -0.230    24.0536 0.0000e+00
     -0.161      0.001     9.3089    109.171     46.640  45.671888     6.7500     2.6197     0.4686    19.4580 3.5350e+02    21.8964     -0.158     -0.229    24.0293 0.0000e+00
     -0.161      0.000     9.2736    108.932     46.611  45.632057     6.7500     2.8333     0.4686    19.4580 3.5334e+02    22.5878     -0.158     -0.229    24.0070 0.0000e+00
     -0.161     -0.000     9.2417    108.706     46.579  45.591407     6.7500     2.8142     0.4686    19.4580 3.5380e+02    22.6930     -0.158     -0.228    23.9875 0.0000e+00
     -0.161     -0.001     9.2163    108.479     46.542  45.547022     6.7500     2.7952     0.4260    18.9081 3.5504e+02    22.6328     -0.158     -0.229    23.9704 0.0000e+00
     -0.161     -0.002     9.1960    108.229     46.508  45.506881     6.7500     2.8104     0.4260    18.9081 3.5396e+02    22.6328     -0.158     -0.229    23.9557 0.0000e+00
     -0.162     -0.003     9.1780    107.929     46.484  45.476133     6.7500     2.7494     0.4260    18.9081 3.5265e+02    22.2721     -0.159     -0.230    23.9436 0.0000e+00
     -0.163     -0.003     9.1606    107.561     46.468  45.454501     6.7500     2.7570     0.4260    18.9081 3.5112e+02    22.4074     -0.160     -0.232    23.9338 0.0000e+00
     -0.164     -0.003     9.1430    107.128     46.455  45.436219     6.7500     2.7723     0.4260    18.9081 3.4725e+02    22.3773     -0.161     -0.233    23.9255 0.0000e+00
     -0.165     -0.003     9.1232    106.657     46.429  45.404521     6.7500     2.7456     0.4260    18.8658 3.4387e+02    22.4074     -0.162     -0.234    23.9179 0.0000e+00
     -0.166     -0.002     9.0992    106.160     46.379  45.350955     6.7500     2.7723     0.4260    18.8658 3.4824e+02    22.2120     -0.163     -0.236    23.9105 0.0000e+00
     -0.166     -0.001     9.0693    105.629     46.320  45.286995     6.7500     2.7456     0.4260    18.8658 3.5059e+02    22.1819     -0.163     -0.237    23.9035 0.0000e+00
     -0.167      0.000     9.0339    105.049     46.270  45.231251     6.7500     2.7418     0.4260    18.8658 3.5166e+02    22.2120     -0.163     -0.237    23.8971 0.0000e+00
     -0.166      0.001     8.9951    104.417     46.239  45.194616     6.6600     2.7723     0.4686    18.6966 3.5296e+02    22.1970     -0.163     -0.236    23.8913 0.0000e+00
     -0.165      0.002     8.9542    103.753     46.223  45.171284     6.6600     2.7685     0.4686    18.6966 3.5021e+02    21.4004     -0.162     -0.235    23.8856 0.0000e+00
     -0.164      0.002     8.9105    103.078     46.205  45.147107     6.6600     2.7570     0.4686    18.6966 3.4740e+02    21.4304     -0.161     -0.234    23.8792 0.0000e+00
     -0.164      0.003     8.8627    102.406     46.181  45.115636     6.6600     2.7379     0.4686    18.6966 3.4410e+02    21.3403     -0.160     -0.233    23.8720 0.0000e+00
     -0.163      0.002     8.8107    101.747     46.154  45.080369     6.6600     2.7837     0.4260    18.9081 3.4164e+02    21.5056     -0.160     -0.232    23.8645 0.0000e+00
     -0.163      0.002     8.7559    101.115     46.129  45.047752     6.6600     2.8257     0.4260    18.9081 3.4001e+02    22.1519     -0.159     -0.231    23.8569 0.0000e+00
     -0.162      0.002     8.7002    100.524     46.111  45.020974     6.6600     2.8066     0.4260    18.9081 3.3986e+02    22.2120     -0.159     -0.230    23.8491 0.0000e+00
     -0.162      0.002     8.6449     99.985     46.095  44.996858     6.6600     2.8295     0.4260    18.9081 3.4179e+02    22.0467     -0.158     -0.230    23.8406 0.0000e+00
     -0.161      0.002     8.5907     99.495     46.075  44.968972     6.7500     2.8562     0.3834    19.0773 3.4380e+02    22.0767     -0.158     -0.229    23.8315 0.0000e+00
     -0.161      0.002     8.5388     99.041     46.051  44.937805     6.7500     2.8181     0.3834    19.0773 3.4387e+02    22.1218     -0.157     -0.228    23.8221 0.0000e+00
     -0.160      0.002     8.4904     98.614     46.032  44.910897     6.7500     2.8943     0.3834    19.0773 3.4567e+02    23.7902     -0.157     -0.227    23.8128 0.0000e+00
     -0.159      0.002     8.4463     98.214     46.018  44.888998     6.7500     2.8867     0.3834    19.0773 3.4537e+02    23.8653     -0.156     -0.227    23.8036 0.0000e+00
     -0.159      0.002     8.4064     97.837     46.003  44.866267     6.7500     2.8715     0.3834    19.0773 3.4500e+02    23.8653     -0.156     -0.226    23.7945 0.0000e+00
     -0.158      0.002     8.3694     97.482     45.984  44.840607     6.9300     2.8638     0.4260    19.7541 3.4097e+02    23.7902     -0.155     -0.225    23.7854 0.0000e+00
     -0.158      0.002     8.3348     97.147     45.968  44.817061     6.9300     2.8905     0.4260    19.7541 3.3810e+02    23.5497     -0.155     -0.224    23.7763 0.0000e+00
     -0.157      0.002     8.3023     96.824     45.959  44.801239     6.9300     2.9058     0.4260    19.7541 3.3634e+02    23.5347     -0.154     -0.224    23.7675 0.0000e+00
     -0.157      0.002     8.2718     96.513     45.954  44.788921     6.9300     2.8943     0.4260    19.7541 3.3422e+02    23.5948     -0.154     -0.223    23.7590 0.0000e+00
     -0.156      0.001     8.2431     96.217     45.946  44.774842     6.6600     2.8867     0.4686    18.9081 3.3408e+02    23.4745     -0.153     -0.223    23.7509 0.0000e+00
     -0.156      0.001     8.2160     95.938     45.945  44.767135     6.6600     2.8333     0.4686    18.9081 3.3495e+02    22.9785     -0.153     -0.222    23.7428 0.0000e+00
     -0.156      0.001     8.1899     95.680     45.954  44.771669     6.6600     2.8181     0.4686    18.9081 3.3699e+02    22.7831     -0.153     -0.222    23.7347 0.0000e+00
     -0.156      0.001     8.1648     95.448     45.960  44.773802     6.6600     2.7990     0.4686    18.9081 3.3619e+02    22.8282     -0.153     -0.221    23.7268 0.0000e+00
     -0.155      0.002     8.1409     95.243     45.936  44.748345     6.7500     2.8295     0.4686    18.9927 3.3546e+02    22.8132     -0.152     -0.221    23.7194 0.0000e+00
     -0.155      0.003     8.1183     95.069     45.879  44.690491     6.7500     2.8142     0.4686    18.9927 3.3459e+02    23.6248     -0.152     -0.221    23.7128 0.0000e+00
     -0.155      0.004     8.0973     94.914     45.816  44.624441     6.7500     2.8219     0.4686    18.9927 3.3634e+02    23.5347     -0.152     -0.220    23.7073 0.0000e+00
     -0.153      0.005     8.0782     94.763     45.771  44.574189     6.7500     2.8295     0.4686    18.9927 3.3780e+02    23.5647     -0.150     -0.218    23.7037 0.0000e+00
     -0.152      0.006     8.0613     94.604     45.755  44.550111     6.7500     2.8142     0.4686    18.9927 3.3220e+02    23.5347     -0.149     -0.216    23.7013 0.0000e+00
     -0.149      0.007     8.0469     94.427     45.757  44.541823     6.9300     2.8295     0.4686    19.7541 3.2697e+02    24.5417     -0.146     -0.213    23.6986 0.0000e+00
     -0.147      0.008     8.0344     94.231     45.761  44.531265     6.9300     2.8371     0.4686    19.7541 3.0395e+02    24.4515     -0.144     -0.209    23.6939 0.0000e+00
     -0.145      0.009     8.0227     94.018     45.768  44.519583     6.9300     2.8219     0.4686    19.7541 3.2661e+02    24.5417     -0.142     -0.206    23.6870 0.0000e+00
     -0.143      0.010     8.0106     93.787     45.777  44.507623     6.9300     2.8219     0.4686    19.7541 3.4127e+02    24.5717     -0.140     -0.204    23.6781 0.0000e+00
     -0.141      0.011     7.9974     93.536     45.779  44.488233     6.8400     2.7608     0.4260    20.0079 3.4186e+02    22.3773     -0.138     -0.200    23.6664 0.0000e+00
     -0.138      0.013     7.9831     93.267     45.775  44.464166     6.8400     2.7494     0.4260    20.0079 3.3561e+02    22.3924     -0.136     -0.197    23.6507 0.0000e+00
     -0.135      0.016     7.9680     92.977     45.770  44.440892     6.8400     2.7608     0.4260    20.0079 3.3004e+02    22.3473     -0.132     -0.192    23.6307 0.0000e+00
     -0.131      0.019     7.9518     92.661     45.763  44.416165     6.8400     2.7494     0.4260    20.0079 3.3047e+02    22.3924     -0.128     -0.186    23.6080 0.0000e+00
     -0.125      0.022     7.9341     92.315     45.748  44.387354     6.7500     2.8791     0.3834    19.2465 2.8588e+02    23.5497     -0.123     -0.178    23.5849 0.0000e+00
     -0.119      0.024     7.9145     91.938     45.732  44.358664     6.7500     2.8943     0.3834    19.2465 1.9801e+02    23.6699     -0.116     -0.169    23.5628 0.0000e+00
     -0.112      0.026     7.8929     91.546     45.720  44.334330     6.7500     2.8867     0.3834    19.2465 1.9125e+02    23.7451     -0.110     -0.159    23.5421 0.0000e+00
     -0.105      0.027     7.8689     91.173     45.707  44.311828     6.7500     2.8676     0.3834    19.2465 1.7063e+02    23.5196     -0.102     -0.149    23.5234 0.0000e+00
     -0.097      0.028     7.8419     90.875     45.691  44.289117     7.0200     2.8829     0.4686    19.6695 1.1602e+02    23.8954     -0.095     -0.138    23.5071 0.0000e+00
     -0.090      0.029     7.8121     90.723     45.673  44.268068     7.0200     2.8638     0.4686    19.6695 9.4156e+01    23.9254     -0.088     -0.128    23.4926 0.0000e+00
     -0.083      0.030     7.7807     90.788     45.660  44.256935     7.0200     2.8676     0.4686    19.6695 8.8233e+01    23.8353     -0.081     -0.118    23.4795 0.0000e+00
     -0.076      0.032     7.7506     91.142     45.672  44.276526     7.0200     2.8943     0.4686    19.6695 9.9694e+01    23.6699     -0.074     -0.108    23.4684 0.0000e+00
     -0.068      0.037     7.7265     91.865     45.705  44.324140     7.0200     2.7494     0.4686    19.6695 1.1888e+02    21.4004     -0.067     -0.097    23.4604 0.0000e+00
     -0.060      0.045     7.7142     93.050     45.692  44.335202     7.1100     2.7799     0.4260    20.1771 1.5493e+02    21.4154     -0.059     -0.086    23.4565 0.0000e+00
     -0.050      0.056     7.7195     94.756     45.598  44.265110     7.1100     2.7608     0.4260    20.1771 2.0911e+02    21.4605     -0.049     -0.071    23.4578 0.0000e+00
     -0.036      0.068     7.7485     96.966     45.484  44.162543     7.1100     2.7532     0.4260    20.1771 2.1912e+02    21.5056     -0.035     -0.051    23.4660 0.0000e+00
     -0.016      0.082     7.8076     99.637     45.410  44.081387     7.1100     3.0126     0.4260    20.1771 1.7852e+02    24.4064     -0.016     -0.023    23.4835 0.0000e+00
      0.008      0.096     7.9048    102.794     45.374  44.017830     6.8400     2.9821     0.4260    19.3734 1.4697e+02    24.2862      0.008      0.011    23.5086 0.0000e+00
      0.035      0.109     8.0469    106.561     45.315  43.913316     6.8400     2.9821     0.4260    19.3734 1.3030e+02    24.2711      0.035      0.051    23.5314 0.0000e+00
      0.066      0.122     8.2342    111.108     45.111  43.642886     6.8400     2.9935     0.4260    19.3734 1.2250e+02    24.3012      0.064      0.093    23.5403 0.0000e+00
      0.098      0.133     8.4643    116.571     44.623  43.045265     6.8400     3.3597     0.4260    19.3734 1.1509e+02    24.7972      0.096      0.139    23.5290 0.0000e+00
      0.133      0.142     8.7401    123.056     43.908  42.145341     7.1100     3.3216     0.4686    20.7693 1.0701e+02    24.7521      0.130      0.189    23.4956 0.0000e+00
      0.171      0.148     9.0728    130.623     43.320  41.287575     7.1100     3.3559     0.4686    20.7693 7.0985e+01    24.7671      0.167      0.243    23.4405 0.0000e+00
      0.212      0.152     9.4794    139.120     43.112  40.770184     7.1100     3.3712     0.4686    20.7693 5.4584e+01    24.7972      0.207      0.301    23.3545 0.0000e+00
      0.253      0.153     9.9781    147.996     43.247  40.623555     7.1100     3.1309     0.4686    20.7693 4.3251e+01    18.0787      0.248      0.360    23.2091 0.0000e+00
      0.295      0.150    10.5864    156.351     43.613  40.774896     7.1100     3.1270     0.4260    19.1619 3.3360e+01    18.0336      0.289      0.419    22.9682 0.0000e+00
      0.333      0.144    11.3118    163.315     43.931  40.967401     7.1100     3.1232     0.4260    19.1619 3.0437e+01    18.0036      0.327      0.474    22.6336 0.0000e+00
      0.369      0.138    12.1298    168.409     43.866  40.866099     7.1100     3.1270     0.4260    19.1619 2.7464e+01    18.0336      0.362      0.525    22.2710 0.0000e+00
      0.402      0.132    12.9753    171.561     43.400  40.406347     7.1100     3.1881     0.4260    19.1619 2.7208e+01    14.9825      0.394      0.572    21.9597 0.0000e+00
      0.433      0.128    13.7575    172.887     42.632  39.641870     7.1100     3.1766     0.4260    19.1619 2.8275e+01    14.9975      0.424      0.616    21.7422 0.0000e+00
      0.463      0.126    14.3955    172.473     41.757  38.733302     6.1200     3.1766     0.2982    14.0859 2.5730e+01    14.9675      0.454      0.659    21.6236 0.0000e+00
      0.495      0.125    14.8525    170.233     41.216  38.097962     6.1200     3.2072     0.2982    14.0859 2.2946e+01    15.0126      0.485      0.704    21.5742 0.0000e+00
      0.527      0.125    15.1357    166.004     41.174  37.928895     6.1200     2.6883     0.2982    14.0859 2.0045e+01    11.2550      0.517      0.750    21.5414 0.0000e+00
      0.561      0.123    15.2678    159.739     41.289  37.947289     6.1200     2.7189     0.2982    14.0859 1.4463e+01    11.3152      0.550      0.798    21.4800 0.0000e+00
      0.594      0.121    15.2626    151.674     41.203  37.821327     6.1200     2.6883     0.2982    13.8321 1.2105e+01    11.2550      0.582      0.845    21.3656 0.0000e+00
      0.625      0.119    15.1093    142.491     40.841  37.448095     6.1200     2.7036     0.2982    13.8321 1.2140e+01    11.2250      0.613      0.889    21.2063 0.0000e+00
      0.653      0.118    14.7773    133.166     40.323  36.904357     6.1200     2.6311     0.2982    13.8321 1.2668e+01     9.3011      0.640      0.929    21.0506 0.0000e+00
      0.680      0.119    14.2478    124.439     39.802  36.310531     6.1200     2.6311     0.2982    13.8321 1.2932e+01     9.4514      0.667      0.968    20.9452 0.0000e+00
      0.709      0.121    13.5420    116.491     39.422  35.799408     5.5800     2.6349     0.2130     9.3483 1.1483e+01     9.3011      0.695      1.008    20.8872 0.0000e+00
      0.740      0.123    12.7323    109.016     39.260  35.466400     5.5800     2.6426     0.2130     9.3483 9.1779e+00     9.3462      0.726      1.053    20.8355 0.0000e+00
      0.774      0.125    11.9160    101.406     39.262  35.301914     5.5800     2.4709     0.2130     9.3483 6.9615e+00     6.1748      0.759      1.101    20.7482 0.0000e+00
      0.809      0.126    11.1638     92.990     39.324  35.236329     5.5800     2.4366     0.2130     9.3483 5.4529e+00     6.1147      0.793      1.150    20.6014 0.0000e+00
      0.842      0.124    10.4907     83.414     39.373  35.196699     5.1300     2.4518     0.1704     5.5836 4.7677e+00     6.0847      0.826      1.198    20.3943 0.0000e+00
      0.873      0.122     9.8618     72.904     39.410  35.156615     5.1300     2.4671     0.1704     5.5836 4.7532e+00     6.0396      0.857      1.242    20.1598 0.0000e+00
