Data/DataNotYetUploadedToEDI/Raw_CTD/RawDownloads/062723_fcrXX_S8188010.cnv
* Sea-Bird SBE19plus  Data File:
* FileName = C:\R\Reservoirs\Data\DataNotYetUploadedToEDI\Raw_CTD\RawDownloads\062623_fcr50_S8188_0010.hex
* Software version 2.8.0.119
* Temperature SN = 8188
* Conductivity SN = 8188
* System UpLoad Time = Jul 03 2023 16:33:13
* <ApplicationData>
* <Seaterm232>
# nquan = 16
# nvalues = 799                         
# units = specified
# name 0 = depFM: Depth [fresh water, m]
# name 1 = dz/dtM: Descent Rate [m/s]
# name 2 = sbeox0Mg/L: Oxygen, SBE 43 [mg/l]
# name 3 = sbeox0PS: Oxygen, SBE 43 [% saturation]
# name 4 = specc: Specific Conductance [uS/cm]
# name 5 = c0uS/cm: Conductivity [uS/cm]
# name 6 = wetCDOM: Fluorescence, WET Labs CDOM [mg/m^3]
# name 7 = flECO-AFL: Fluorescence, WET Labs ECO-AFL/FL [mg/m^3]
# name 8 = flECO-AFL1: Fluorescence, WET Labs ECO-AFL/FL, 2 [mg/m^3]
# name 9 = flECO-AFL2: Fluorescence, WET Labs ECO-AFL/FL, 3 [mg/m^3]
# name 10 = par/sat/log: PAR/Logarithmic, Satlantic
# name 11 = turbWETntu0: Turbidity, WET Labs ECO [NTU]
# name 12 = prdM: Pressure, Strain Gauge [db]
# name 13 = prdE: Pressure, Strain Gauge [psi]
# name 14 = tv290C: Temperature [ITS-90, deg C]
# name 15 = flag:  0.000e+00
# span 0 =     -0.724,      8.030       
# span 1 =     -0.460,      0.143       
# span 2 =    -0.8955,    15.3002       
# span 3 =     -9.013,    182.837       
# span 4 =     -3.625,     61.963       
# span 5 =  -3.188353,  48.061474       
# span 6 =    -4.5000,     7.0200       
# span 7 =    -0.1460,     3.7641       
# span 8 =    -2.1300,     1.4484       
# span 9 =    -2.0304,    21.6576       
# span 10 = 1.1587e-01, 1.1632e+03      
# span 11 =    -0.4985,   154.1916      
# span 12 =     -0.710,      7.874      
# span 13 =     -1.029,     11.421      
# span 14 =    10.5158,    24.5655      
# span 15 = 0.0000e+00, 0.0000e+00      
# interval = seconds: 0.25
# start_time = Jun 27 2023 13:56:43 [Instrument's time stamp, header]
# bad_flag = -9.990e-29
*END*
[from data line 272]
      1.064      0.036     4.4806     49.277     39.516  34.773123     4.7700     1.1892     0.0852     2.1573 4.9439e+00     4.0406      1.044      1.513    19.0466 0.0000e+00
      1.073      0.036     4.4830     49.598     39.553  34.791485     4.7700     1.2197     0.0852     2.1573 4.7667e+00     4.1909      1.053      1.526    19.0362 0.0000e+00
      1.083      0.037     4.5046     49.837     39.593  34.810239     4.7700     1.2044     0.0852     2.1573 4.5195e+00     4.1307      1.062      1.540    19.0242 0.0000e+00
      1.092      0.037     4.5364     49.965     39.627  34.822505     4.7700     1.2349     0.0852     2.1573 4.3575e+00     4.0556      1.071      1.553    19.0102 0.0000e+00
      1.102      0.037     4.5710     49.962     39.651  34.827590     4.7700     1.0862     0.1278     1.9881 4.1767e+00     4.1458      1.080      1.567    18.9944 0.0000e+00
      1.111      0.037     4.6025     49.806     39.671  34.830811     4.7700     1.0785     0.1278     1.9881 4.0393e+00     4.0255      1.090      1.580    18.9763 0.0000e+00
      1.120      0.037     4.6265     49.493     39.687  34.833026     4.7700     1.0785     0.1278     1.9881 3.9353e+00     4.1157      1.099      1.594    18.9558 0.0000e+00
      1.130      0.037     4.6405     49.050     39.700  34.834826     4.7700     1.0938     0.1278     1.9881 3.7647e+00     4.1458      1.108      1.607    18.9340 0.0000e+00
      1.139      0.037     4.6421     48.528     39.725  34.848573     4.7700     0.9717     0.1278     1.9881 3.6416e+00     3.6047      1.117      1.620    18.9131 0.0000e+00
      1.148      0.037     4.6292     47.990     39.760  34.873972     4.6800     0.9565     0.0852     1.7766 3.5594e+00     3.5897      1.126      1.634    18.8950 0.0000e+00
      1.158      0.037     4.6016     47.487     39.793  34.897992     4.6800     0.9908     0.0852     1.7766 3.4229e+00     3.7249      1.136      1.647    18.8800 0.0000e+00
      1.167      0.037     4.5615     47.061     39.821  34.915154     4.6800     0.9450     0.0852     1.7766 3.3624e+00     3.6949      1.145      1.660    18.8676 0.0000e+00
      1.176      0.037     4.5138     46.735     39.841  34.922113     4.6800     1.0442     0.0852     1.7766 3.3246e+00     3.6197      1.154      1.673    18.8579 0.0000e+00
      1.186      0.037     4.4644     46.508     39.856  34.920724     4.6800     1.0289     0.0852     1.7343 3.2959e+00     3.6949      1.163      1.686    18.8507 0.0000e+00
      1.195      0.037     4.4183     46.340     39.872  34.918540     4.6800     1.0175     0.0852     1.7343 3.2187e+00     3.5897      1.172      1.700    18.8442 0.0000e+00
      1.205      0.038     4.3794     46.170     39.893  34.918936     4.6800     1.0442     0.0852     1.7343 3.1812e+00     3.6648      1.181      1.713    18.8353 0.0000e+00
      1.214      0.038     4.3503     45.936     39.915  34.918057     4.6800     0.9259     0.0852     1.7343 3.1832e+00     3.4243      1.191      1.727    18.8221 0.0000e+00
      1.224      0.038     4.3306     45.600     39.936  34.915669     4.6800     0.9297     0.0852     1.5228 3.0518e+00     3.4544      1.201      1.741    18.8045 0.0000e+00
      1.234      0.038     4.3168     45.146     39.964  34.919055     4.6800     0.9107     0.0852     1.5228 3.0274e+00     3.4394      1.210      1.755    18.7837 0.0000e+00
      1.244      0.039     4.3029     44.580     39.993  34.925156     4.6800     0.9069     0.0852     1.5228 3.0215e+00     3.3041      1.220      1.769    18.7608 0.0000e+00
      1.254      0.039     4.2833     43.923     40.015  34.927676     4.6800     0.7085     0.0852     1.5228 2.9772e+00     2.8532      1.229      1.783    18.7362 0.0000e+00
      1.264      0.039     4.2542     43.218     40.038  34.931247     4.6800     0.7238     0.0852     1.5228 2.8302e+00     2.9434      1.239      1.797    18.7101 0.0000e+00
      1.274      0.039     4.2140     42.519     40.064  34.936823     4.6800     0.7161     0.1278     1.2267 2.7935e+00     2.9885      1.249      1.812    18.6842 0.0000e+00
      1.284      0.039     4.1631     41.874     40.081  34.934006     4.6800     0.7123     0.1278     1.2267 2.7069e+00     3.0486      1.259      1.826    18.6603 0.0000e+00
      1.294      0.039     4.1036     41.310     40.083  34.918083     4.6800     0.6856     0.1278     1.2267 2.6614e+00     2.7630      1.269      1.841    18.6389 0.0000e+00
      1.304      0.039     4.0394     40.836     40.081  34.900650     4.6800     0.7085     0.1278     1.2267 2.6178e+00     2.7480      1.279      1.855    18.6185 0.0000e+00
      1.314      0.039     3.9758     40.451     40.084  34.888943     4.6800     0.6932     0.0426     1.1844 2.5856e+00     2.7029      1.289      1.869    18.5973 0.0000e+00
      1.324      0.039     3.9172     40.143     40.087  34.879837     4.6800     0.6818     0.0426     1.1844 2.4907e+00     2.7931      1.299      1.883    18.5751 0.0000e+00
      1.334      0.039     3.8662     39.896     40.091  34.874864     4.6800     0.6856     0.0426     1.1844 2.4388e+00     2.5526      1.309      1.898    18.5531 0.0000e+00
      1.344      0.038     3.8235     39.707     40.100  34.876661     4.6800     0.6780     0.0426     1.1844 2.3931e+00     2.6127      1.318      1.912    18.5326 0.0000e+00
      1.354      0.038     3.7889     39.570     40.117  34.885705     4.5900     0.7276     0.0852     1.0998 2.3417e+00     2.5676      1.328      1.925    18.5148 0.0000e+00
      1.363      0.037     3.7611     39.480     40.138  34.896486     4.5900     0.6856     0.0852     1.0998 2.3493e+00     2.4624      1.337      1.939    18.5005 0.0000e+00
      1.373      0.036     3.7388     39.435     40.150  34.896036     4.5900     0.6818     0.0852     1.0998 2.3340e+00     2.5075      1.346      1.953    18.4897 0.0000e+00
      1.382      0.035     3.7217     39.428     40.148  34.880274     4.5900     0.7047     0.0852     1.0998 2.2863e+00     2.6127      1.355      1.966    18.4820 0.0000e+00
      1.391      0.034     3.7093     39.433     40.142  34.856878     4.5900     0.6894     0.0852     0.9729 2.2562e+00     2.5376      1.364      1.978    18.4752 0.0000e+00
      1.399      0.032     3.7016     39.420     40.139  34.835453     4.5900     0.6703     0.0852     0.9729 2.2553e+00     2.5225      1.372      1.990    18.4663 0.0000e+00
      1.407      0.031     3.6984     39.368     40.142  34.818206     4.5900     0.6360     0.0852     0.9729 2.2006e+00     2.4624      1.380      2.002    18.4529 0.0000e+00
      1.415      0.030     3.6991     39.261     40.139  34.796576     4.5900     0.6436     0.0852     0.9729 2.2348e+00     2.4774      1.387      2.013    18.4346 0.0000e+00
      1.422      0.029     3.7013     39.093     40.129  34.768755     4.5900     0.6360     0.0852     0.9729 2.1891e+00     2.4925      1.395      2.023    18.4125 0.0000e+00
      1.429      0.028     3.7019     38.876     40.121  34.743167     4.5900     0.6284     0.0852     0.8883 2.2049e+00     2.4925      1.402      2.033    18.3885 0.0000e+00
      1.436      0.028     3.6988     38.636     40.117  34.720910     4.5900     0.6322     0.0852     0.8883 2.1920e+00     2.5826      1.408      2.043    18.3643 0.0000e+00
      1.443      0.028     3.6905     38.399     40.114  34.701988     4.5900     0.6093     0.0852     0.8883 2.1791e+00     2.6277      1.415      2.052    18.3403 0.0000e+00
      1.450      0.028     3.6765     38.185     40.117  34.689279     4.5900     0.6093     0.0852     0.8883 2.1360e+00     2.5376      1.422      2.062    18.3166 0.0000e+00
      1.457      0.029     3.6578     38.003     40.122  34.681371     4.5900     0.6436     0.0852     0.8460 2.1645e+00     2.5376      1.429      2.072    18.2932 0.0000e+00
      1.464      0.031     3.6368     37.857     40.133  34.680117     4.5900     0.6551     0.0852     0.8460 2.1421e+00     2.5526      1.436      2.082    18.2707 0.0000e+00
      1.472      0.033     3.6161     37.745     40.148  34.685182     4.5900     0.6360     0.0852     0.8460 2.1495e+00     2.5376      1.443      2.093    18.2498 0.0000e+00
      1.480      0.035     3.5973     37.671     40.159  34.688014     4.5900     0.6131     0.0852     0.8460 2.1184e+00     2.4925      1.452      2.105    18.2312 0.0000e+00
      1.489      0.038     3.5814     37.635     40.163  34.687387     4.5900     0.6436     0.0426     0.9306 2.0828e+00     2.5977      1.461      2.118    18.2152 0.0000e+00
      1.499      0.041     3.5686     37.634     40.168  34.689075     4.5900     0.6322     0.0426     0.9306 2.0594e+00     2.4774      1.470      2.132    18.2019 0.0000e+00
      1.510      0.043     3.5589     37.662     40.170  34.689568     4.5900     0.6131     0.0426     0.9306 1.9904e+00     2.5225      1.481      2.148    18.1917 0.0000e+00
      1.521      0.045     3.5524     37.715     40.163  34.683056     4.5900     0.6208     0.0426     0.9306 1.9899e+00     2.5977      1.492      2.164    18.1843 0.0000e+00
      1.534      0.046     3.5494     37.789     40.149  34.669783     4.6800     0.6360     0.0426     0.8460 1.8909e+00     2.6127      1.505      2.182    18.1794 0.0000e+00
      1.546      0.046     3.5495     37.876     40.131  34.652150     4.6800     0.5712     0.0426     0.8460 1.8664e+00     2.0416      1.517      2.200    18.1762 0.0000e+00
      1.558      0.046     3.5523     37.969     40.115  34.633378     4.6800     0.5445     0.0426     0.8460 1.8717e+00     1.9814      1.529      2.217    18.1742 0.0000e+00
      1.570      0.045     3.5574     38.058     40.102  34.612422     4.6800     0.5559     0.0426     0.8460 1.8765e+00     1.9514      1.540      2.233    18.1731 0.0000e+00
      1.581      0.045     3.5644     38.135     40.091  34.587654     4.6800     0.5521     0.0426     0.8460 1.8430e+00     2.1317      1.551      2.249    18.1721 0.0000e+00
      1.592      0.044     3.5728     38.188     40.093  34.568313     4.5000     0.5521     0.0426     0.5499 1.7831e+00     2.0265      1.562      2.265    18.1695 0.0000e+00
      1.604      0.043     3.5820     38.203     40.104  34.553199     4.5000     0.5483     0.0426     0.5499 1.7789e+00     2.0115      1.573      2.281    18.1631 0.0000e+00
      1.615      0.043     3.5914     38.161     40.104  34.526399     4.5000     0.5712     0.0426     0.5499 1.7566e+00     2.0716      1.584      2.297    18.1507 0.0000e+00
      1.626      0.042     3.6000     38.049     40.092  34.488688     4.5000     0.5521     0.0426     0.5499 1.7558e+00     2.0416      1.594      2.312    18.1316 0.0000e+00
      1.636      0.042     3.6070     37.858     40.071  34.441889     4.5000     0.5178     0.0852     0.5922 1.7058e+00     1.3051      1.604      2.327    18.1060 0.0000e+00
      1.646      0.043     3.6106     37.589     40.035  34.381446     4.5000     0.4911     0.0852     0.5922 1.7218e+00     1.2450      1.614      2.342    18.0755 0.0000e+00
      1.657      0.044     3.6091     37.261     39.975  34.299159     4.5000     0.5063     0.0852     0.5922 1.6925e+00     1.3802      1.625      2.357    18.0422 0.0000e+00
      1.668      0.047     3.6010     36.899     39.884  34.186947     4.5000     0.4987     0.0852     0.5922 1.7226e+00     1.3051      1.636      2.373    18.0073 0.0000e+00
      1.680      0.051     3.5855     36.510     39.792  34.066378     4.4100     0.5139     0.0000     0.4230 1.6980e+00     1.2299      1.647      2.389    17.9711 0.0000e+00
      1.692      0.055     3.5627     36.096     39.731  33.966690     4.4100     0.5292     0.0000     0.4230 1.7140e+00     1.2450      1.660      2.407    17.9341 0.0000e+00
      1.707      0.060     3.5344     35.662     39.701  33.892982     4.4100     0.4834     0.0000     0.4230 1.6720e+00     1.3351      1.674      2.428    17.8956 0.0000e+00
      1.724      0.064     3.5031     35.208     39.677  33.829559     4.4100     0.4911     0.0000     0.4230 1.6086e+00     1.2600      1.690      2.451    17.8524 0.0000e+00
      1.741      0.067     3.4699     34.736     39.631  33.751583     4.2300     0.4224     0.0426     0.2115 1.5590e+00     1.0195      1.708      2.477    17.8005 0.0000e+00
      1.759      0.070     3.4347     34.252     39.570  33.660044     4.2300     0.4376     0.0426     0.2115 1.5867e+00     1.1247      1.725      2.502    17.7408 0.0000e+00
      1.778      0.071     3.3976     33.760     39.525  33.578060     4.2300     0.4567     0.0426     0.2115 1.5638e+00     1.1398      1.743      2.528    17.6804 0.0000e+00
      1.796      0.071     3.3581     33.268     39.490  33.505550     4.2300     0.4224     0.0426     0.2115 1.5090e+00     1.1848      1.761      2.554    17.6264 0.0000e+00
      1.815      0.071     3.3164     32.792     39.450  33.431097     4.2300     0.3613     0.0426     0.2115 1.4792e+00     1.0045      1.779      2.581    17.5776 0.0000e+00
      1.833      0.070     3.2735     32.337     39.402  33.350688     4.2300     0.3842     0.0426     0.2538 1.4830e+00     1.0345      1.797      2.607    17.5271 0.0000e+00
      1.851      0.069     3.2302     31.897     39.341  33.254762     4.2300     0.3652     0.0426     0.2538 1.4676e+00     0.9744      1.815      2.632    17.4723 0.0000e+00
      1.868      0.068     3.1867     31.465     39.275  33.147443     4.2300     0.3652     0.0426     0.2538 1.4184e+00     1.0796      1.832      2.656    17.4179 0.0000e+00
      1.885      0.068     3.1444     31.030     39.234  33.055558     4.2300     0.4071     0.0426     0.2538 1.4187e+00     1.1097      1.849      2.681    17.3673 0.0000e+00
      1.902      0.067     3.1040     30.584     39.231  32.996188     4.1400     0.3804     0.0426     0.2538 1.4101e+00     1.0195      1.865      2.705    17.3166 0.0000e+00
      1.919      0.066     3.0654     30.108     39.252  32.965380     4.1400     0.3728     0.0426     0.2538 1.3275e+00     0.9894      1.882      2.730    17.2602 0.0000e+00
      1.936      0.065     3.0279     29.585     39.275  32.946995     4.1400     0.3919     0.0426     0.2538 1.3080e+00     0.9444      1.899      2.754    17.1949 0.0000e+00
      1.953      0.065     2.9906     29.015     39.282  32.924248     4.1400     0.3842     0.0426     0.2538 1.3200e+00     1.1247      1.915      2.777    17.1219 0.0000e+00
      1.969      0.065     2.9520     28.420     39.266  32.887111     4.0500     0.3728     0.0426     0.2115 1.3143e+00     1.1698      1.931      2.800    17.0495 0.0000e+00
      1.985      0.065     2.9099     27.835     39.242  32.841523     4.0500     0.3537     0.0426     0.2115 1.2788e+00     1.0947      1.946      2.823    16.9872 0.0000e+00
      2.001      0.065     2.8623     27.289     39.223  32.795130     4.0500     0.3804     0.0426     0.2115 1.3001e+00     1.0947      1.962      2.846    16.9394 0.0000e+00
      2.018      0.066     2.8092     26.798     39.194  32.735560     4.0500     0.3690     0.0426     0.2115 1.3472e+00     1.1097      1.979      2.869    16.9037 0.0000e+00
      2.035      0.067     2.7533     26.363     39.152  32.660787     4.0500     0.3728     0.0426     0.1692 1.3214e+00     1.0496      1.995      2.893    16.8734 0.0000e+00
      2.052      0.067     2.6985     25.969     39.122  32.590475     4.0500     0.3842     0.0426     0.1692 1.3475e+00     1.1097      2.012      2.918    16.8407 0.0000e+00
      2.069      0.067     2.6477     25.583     39.111  32.535578     4.0500     0.4071     0.0426     0.1692 1.3188e+00     1.0195      2.029      2.943    16.8020 0.0000e+00
      2.087      0.067     2.6026     25.167     39.119  32.501255     4.0500     0.3919     0.0426     0.1692 1.2964e+00     1.3351      2.047      2.968    16.7571 0.0000e+00
