Data/DataNotYetUploadedToEDI/Raw_CTD/RawDownloads/062723_fcr47.4_S8188015.cnv
* Sea-Bird SBE19plus  Data File:
* FileName = C:\R\Reservoirs\Data\DataNotYetUploadedToEDI\Raw_CTD\RawDownloads\062623_fcr50_S8188_0015.hex
* Software version 2.8.0.119
* Temperature SN = 8188
* Conductivity SN = 8188
* System UpLoad Time = Jul 03 2023 16:34:19
* <ApplicationData>
* <Seaterm232>
# nquan = 16
# nvalues = 682                         
# units = specified
# name 0 = depFM: Depth [fresh water, m]
# name 1 = dz/dtM: Descent Rate [m/s]
# name 2 = sbeox0Mg/L: Oxygen, SBE 43 [mg/l]
# name 3 = sbeox0PS: Oxygen, SBE 43 [% saturation]
# name 4 = specc: Specific Conductance [uS/cm]
# name 5 = c0uS/cm: Conductivity [uS/cm]
# name 6 = wetCDOM: Fluorescence, WET Labs CDOM [mg/m^3]
# name 7 = flECO-AFL: Fluorescence, WET Labs ECO-AFL/FL [mg/m^3]
# name 8 = flECO-AFL1: Fluorescence, WET Labs ECO-AFL/FL, 2 [mg/m^3]
# name 9 = flECO-AFL2: Fluorescence, WET Labs ECO-AFL/FL, 3 [mg/m^3]
# name 10 = par/sat/log: PAR/Logarithmic, Satlantic
# name 11 = turbWETntu0: Turbidity, WET Labs ECO [NTU]
# name 12 = prdM: Pressure, Strain Gauge [db]
# name 13 = prdE: Pressure, Strain Gauge [psi]
# name 14 = tv290C: Temperature [ITS-90, deg C]
# name 15 = flag:  0.000e+00
# span 0 =     -0.721,      6.566       
# span 1 =     -0.226,      0.138       
# span 2 =     0.0946,    16.6546       
# span 3 =      0.890,    197.559       
# span 4 =      0.557,     48.518       
# span 5 =   0.479790,  47.629582       
# span 6 =    -4.5000,     7.1100       
# span 7 =    -0.1498,     4.5347       
# span 8 =    -2.1300,     0.6390       
# span 9 =    -2.0304,    19.9656       
# span 10 = 1.1592e-01, 4.9679e+02      
# span 11 =    -0.5587,   542.1495      
# span 12 =     -0.707,      6.439      
# span 13 =     -1.026,      9.340      
# span 14 =    10.5861,    24.5894      
# span 15 = 0.0000e+00, 0.0000e+00      
# interval = seconds: 0.25
# start_time = Jun 27 2023 15:22:51 [Instrument's time stamp, header]
# bad_flag = -9.990e-29
*END*
[from data line 543]
      3.819     -0.207     8.7550     78.590     45.594  32.522957     3.8700     0.1248     0.1278     0.0846 1.8059e-01     6.2199      3.745      5.432    10.6446 0.0000e+00
      3.760     -0.216     8.7527     78.513     45.593  32.530648     3.8700     0.1172     0.1278     0.0846 2.4469e-01     6.1598      3.688      5.349    10.6453 0.0000e+00
      3.698     -0.219     8.7485     78.403     45.592  32.537630     3.8700     0.1286     0.1278     0.0846 2.5545e-01     5.5135      3.626      5.260    10.6486 0.0000e+00
      3.637     -0.218     8.7418     78.235     45.593  32.545763     3.8700     0.1401     0.1278     0.0846 3.0152e-01     5.4384      3.566      5.173    10.6549 0.0000e+00
      3.581     -0.213     8.7333     77.990     45.598  32.557218     3.8700     0.1401     0.1278     0.0846 2.9793e-01     5.5586      3.511      5.093    10.6634 0.0000e+00
      3.530     -0.207     8.7228     77.657     45.604  32.571088     3.8700     0.1248     0.1278     0.0846 2.8938e-01     5.5436      3.462      5.021    10.6726 0.0000e+00
      3.482     -0.203     8.7088     77.228     45.614  32.591072     3.8700     0.1019     0.1278     0.0846 2.7426e-01     5.6939      3.415      4.953    10.6813 0.0000e+00
      3.434     -0.200     8.6886     76.696     45.639  32.626461     3.8700     0.1210     0.1278     0.0846 3.0171e-01     5.8292      3.368      4.885    10.6892 0.0000e+00
      3.383     -0.199     8.6598     76.050     45.674  32.674811     3.8700     0.1286     0.1278     0.0846 3.2776e-01     5.6789      3.318      4.812    10.6974 0.0000e+00
      3.329     -0.196     8.6207     75.271     45.721  32.737132     3.8700     0.1325     0.1278     0.0846 3.3906e-01     5.8893      3.265      4.736    10.7079 0.0000e+00
      3.275     -0.189     8.5703     74.329     45.780  32.816183     3.8700     0.1325     0.1278     0.0846 4.2939e-01     5.4985      3.212      4.659    10.7223 0.0000e+00
      3.224     -0.178     8.5076     73.180     45.809  32.881557     3.9600     0.1439     0.1704     0.1692 4.3692e-01     5.6037      3.162      4.586    10.7418 0.0000e+00
      3.179     -0.164     8.4312     71.763     45.778  32.905142     3.9600     0.1401     0.1704     0.1692 4.1499e-01     5.5586      3.118      4.522    10.7668 0.0000e+00
      3.141     -0.149     8.3389     69.968     45.735  32.909073     3.9600     0.1630     0.1704     0.1692 4.4294e-01     5.4384      3.080      4.467    10.7982 0.0000e+00
      3.108     -0.137     8.2271     67.645     45.732  32.930045     3.9600     0.1172     0.1704     0.1692 3.8728e-01     5.4384      3.047      4.420    10.8383 0.0000e+00
      3.078     -0.128     8.0909     64.708     45.751  32.965730     3.9600     0.1286     0.1704     0.0846 4.1445e-01     5.6187      3.018      4.377    10.8878 0.0000e+00
      3.048     -0.126     7.9250     61.234     45.740  32.986035     3.9600     0.1363     0.1704     0.0846 4.2716e-01     5.5286      2.989      4.336    10.9379 0.0000e+00
      3.019     -0.129     7.7201     57.432     45.692  32.980535     3.9600     0.1172     0.1704     0.0846 4.4759e-01     5.4684      2.960      4.293    10.9760 0.0000e+00
      2.987     -0.136     7.4597     53.530     45.640  32.963609     3.9600     0.1058     0.1704     0.0846 4.2986e-01     5.4985      2.929      4.249    11.0010 0.0000e+00
      2.953     -0.145     7.1321     49.702     45.594  32.946584     4.0500     0.1439     0.1704     0.1269 4.4555e-01     5.5887      2.895      4.199    11.0252 0.0000e+00
      2.914     -0.153     6.7446     46.121     45.553  32.936804     4.0500     0.1096     0.1704     0.1269 4.6991e-01     5.5135      2.857      4.144    11.0562 0.0000e+00
      2.871     -0.158     6.3214     43.021     45.520  32.943541     4.0500     0.1286     0.1704     0.1269 5.2203e-01     5.4384      2.815      4.083    11.0874 0.0000e+00
      2.826     -0.158     5.8888     40.632     45.481  32.960672     4.0500     0.1325     0.1704     0.1269 5.2294e-01     5.8442      2.771      4.020    11.1103 0.0000e+00
      2.782     -0.156     5.4654     39.064     45.416  32.976922     4.0500     0.1325     0.1704     0.1269 5.7515e-01     5.8592      2.728      3.957    11.1279 0.0000e+00
      2.742     -0.152     5.0692     38.253     45.315  32.988706     4.0500     0.1210     0.1704     0.1269 6.0516e-01     5.7239      2.689      3.900    11.1498 0.0000e+00
      2.706     -0.150     4.7249     38.015     45.176  32.987288     4.0500     0.1325     0.1704     0.1269 6.1657e-01     5.7540      2.654      3.849    11.1837 0.0000e+00
      2.673     -0.150     4.4574     38.075     45.018  32.968334     4.0500     0.1363     0.1704     0.1269 5.6120e-01     5.8292      2.621      3.802    11.2340 0.0000e+00
      2.639     -0.156     4.2783     38.093     44.855  32.934714     4.0500     0.1134     0.1704     0.1269 5.6956e-01     5.7991      2.588      3.753    11.3044 0.0000e+00
      2.600     -0.165     4.1804     37.732     44.669  32.893308     3.9600     0.1210     0.1278     0.2538 5.8881e-01     5.6939      2.550      3.699    11.3985 0.0000e+00
      2.556     -0.174     4.1437     36.770     44.453  32.856838     3.9600     0.1401     0.1278     0.2538 6.2643e-01     5.7991      2.507      3.636    11.5099 0.0000e+00
      2.507     -0.182     4.1403     35.157     44.221  32.827465     3.9600     0.1859     0.1278     0.2538 6.6212e-01     5.5286      2.459      3.566    11.6172 0.0000e+00
      2.455     -0.185     4.1339     32.965     43.987  32.801323     3.9600     0.1744     0.1278     0.2538 7.3364e-01     5.4985      2.407      3.492    11.7132 0.0000e+00
      2.404     -0.184     4.0858     30.307     43.762  32.779369     3.9600     0.1706     0.1278     0.1269 7.7527e-01     5.5135      2.357      3.419    11.8207 0.0000e+00
      2.356     -0.181     3.9705     27.293     43.553  32.761693     3.9600     0.1821     0.1278     0.1269 8.5844e-01     5.5135      2.310      3.350    11.9594 0.0000e+00
      2.312     -0.177     3.7839     24.041     43.364  32.747549     3.9600     0.2507     0.1278     0.1269 8.1642e-01     5.2580      2.268      3.289    12.1207 0.0000e+00
      2.272     -0.176     3.5360     20.675     43.203  32.735149     3.9600     0.2507     0.1278     0.1269 8.4917e-01     5.2881      2.228      3.231    12.2884 0.0000e+00
      2.231     -0.178     3.2400     17.311     43.068  32.719210     3.9600     0.2088     0.0852     0.2115 7.8801e-01     5.2730      2.188      3.173    12.4545 0.0000e+00
      2.187     -0.182     2.9083     14.061     42.941  32.697465     3.9600     0.2507     0.0852     0.2115 8.7921e-01     5.3181      2.144      3.110    12.6138 0.0000e+00
      2.138     -0.187     2.5540     11.059     42.804  32.674016     3.9600     0.2431     0.0852     0.2115 8.8959e-01     5.0626      2.097      3.041    12.7607 0.0000e+00
      2.086     -0.188     2.1906      8.472     42.647  32.648552     3.9600     0.2431     0.0852     0.2115 1.0034e+00     5.0927      2.045      2.967    12.8865 0.0000e+00
      2.033     -0.187     1.8304      6.454     42.464  32.618248     3.9600     0.2469     0.0852     0.2115 1.0608e+00     5.1378      1.994      2.892    12.9863 0.0000e+00
      1.983     -0.181     1.4843      5.081     42.276  32.594829     3.8700     0.2431     0.0852     0.2115 1.1434e+00     5.0626      1.945      2.821    13.0730 0.0000e+00
      1.938     -0.175     1.1656      4.334     42.106  32.583937     3.8700     0.2316     0.0852     0.2115 1.1132e+00     4.7320      1.901      2.757    13.1673 0.0000e+00
      1.898     -0.171     0.8913      4.130     41.943  32.570790     3.8700     0.2278     0.0852     0.2115 1.1421e+00     4.8823      1.861      2.699    13.2786 0.0000e+00
      1.859     -0.170     0.6772      4.363     41.784  32.555848     3.8700     0.2622     0.0852     0.2115 1.1283e+00     4.7169      1.823      2.644    13.4086 0.0000e+00
      1.819     -0.174     0.5313      4.933     41.622  32.547008     3.8700     0.2469     0.0426     0.1269 1.1379e+00     4.8522      1.784      2.588    13.5520 0.0000e+00
      1.776     -0.180     0.4510      5.758     41.435  32.541916     3.8700     0.2927     0.0426     0.1269 1.1885e+00     3.8151      1.741      2.526    13.6946 0.0000e+00
      1.728     -0.186     0.4275      6.768     41.216  32.535259     3.8700     0.3156     0.0426     0.1269 1.2832e+00     3.8301      1.694      2.457    13.8286 0.0000e+00
      1.675     -0.189     0.4494      7.904     40.981  32.521307     3.8700     0.3079     0.0426     0.1269 1.4705e+00     3.8903      1.642      2.382    13.9594 0.0000e+00
      1.621     -0.188     0.5057      9.119     40.770  32.504273     3.9600     0.2965     0.0852     0.2115 1.6724e+00     3.8452      1.590      2.306    14.1012 0.0000e+00
      1.571     -0.182     0.5875     10.377     40.628  32.495463     3.9600     0.3079     0.0852     0.2115 1.8831e+00     2.9734      1.540      2.234    14.2716 0.0000e+00
      1.525     -0.175     0.6875     11.652     40.565  32.504412     3.9600     0.3003     0.0852     0.2115 1.8398e+00     2.9434      1.496      2.169    14.4730 0.0000e+00
      1.485     -0.169     0.7996     12.921     40.549  32.533507     3.9600     0.3499     0.0852     0.2115 1.8446e+00     2.9584      1.456      2.112    14.6825 0.0000e+00
      1.447     -0.167     0.9195     14.157     40.536  32.578622     4.1400     0.2851     0.0426     0.2961 1.7831e+00     2.9283      1.419      2.058    14.8653 0.0000e+00
      1.408     -0.168     1.0442     15.317     40.503  32.631984     4.1400     0.3957     0.0426     0.2961 1.8235e+00     2.8382      1.381      2.003    14.9927 0.0000e+00
      1.366     -0.172     1.1713     16.373     40.449  32.684066     4.1400     0.3881     0.0426     0.2961 1.9835e+00     2.8081      1.339      1.943    15.0641 0.0000e+00
      1.320     -0.175     1.2979     17.329     40.380  32.728958     4.1400     0.3423     0.0426     0.2961 2.3219e+00     2.7480      1.294      1.877    15.1145 0.0000e+00
      1.270     -0.176     1.4201     18.227     40.312  32.768734     4.1400     0.3575     0.0426     0.2961 2.7681e+00     2.7931      1.245      1.807    15.1828 0.0000e+00
      1.221     -0.173     1.5333     19.115     40.253  32.806085     4.3200     0.4415     0.0852     0.2115 3.3793e+00     2.0566      1.198      1.737    15.2813 0.0000e+00
      1.176     -0.168     1.6350     20.032     40.214  32.845034     4.3200     0.4300     0.0852     0.2115 3.6226e+00     2.0716      1.153      1.673    15.3997 0.0000e+00
      1.135     -0.162     1.7261     20.994     40.207  32.895968     4.3200     0.4338     0.0852     0.2115 3.5827e+00     2.0115      1.113      1.614    15.5235 0.0000e+00
      1.098     -0.158     1.8111     21.990     40.227  32.964551     4.3200     0.4300     0.0852     0.2115 3.4950e+00     2.1618      1.077      1.562    15.6418 0.0000e+00
      1.062     -0.158     1.8952     22.987     40.249  33.045308     4.4100     0.4224     0.0852     0.3384 3.3362e+00     1.7860      1.042      1.511    15.7474 0.0000e+00
      1.025     -0.161     1.9827     23.945     40.256  33.128090     4.4100     0.4224     0.0852     0.3384 3.4738e+00     1.8913      1.005      1.457    15.8348 0.0000e+00
      0.984     -0.165     2.0749     24.832     40.253  33.215174     4.4100     0.4338     0.0852     0.3384 4.0613e+00     1.7860      0.964      1.399    15.9044 0.0000e+00
      0.938     -0.168     2.1703     25.649     40.256  33.315922     4.4100     0.4186     0.0852     0.3384 5.1758e+00     1.8612      0.920      1.334    15.9696 0.0000e+00
      0.891     -0.169     2.2650     26.434     40.246  33.413639     4.5000     0.5025     0.0852     0.5076 7.0208e+00     1.8311      0.874      1.267    16.0471 0.0000e+00
      0.845     -0.167     2.3546     27.245     40.197  33.480918     4.5000     0.4796     0.0852     0.5076 9.0946e+00     1.7860      0.828      1.201    16.1431 0.0000e+00
      0.802     -0.164     2.4361     28.132     40.131  33.523823     4.5000     0.4872     0.0852     0.5076 9.4061e+00     1.7860      0.786      1.140    16.2546 0.0000e+00
      0.763     -0.161     2.5097     29.132     40.069  33.557759     4.5000     0.4796     0.0852     0.5076 8.7381e+00     1.7259      0.748      1.085    16.3772 0.0000e+00
      0.726     -0.161     2.5794     30.259     40.013  33.587820     4.5000     0.5559     0.0852     0.5076 8.1706e+00     1.8161      0.712      1.033    16.5090 0.0000e+00
      0.689     -0.164     2.6510     31.494     39.969  33.625982     4.6800     0.5673     0.1278     1.9881 8.2402e+00     1.7860      0.676      0.980    16.6431 0.0000e+00
      0.647     -0.168     2.7302     32.796     39.930  33.674504     4.6800     0.5635     0.1278     1.9881 1.0660e+01     1.7860      0.635      0.921    16.7657 0.0000e+00
      0.602     -0.171     2.8210     34.137     39.877  33.724542     4.6800     0.5597     0.1278     1.9881 1.5935e+01     1.8011      0.590      0.856    16.8720 0.0000e+00
      0.553     -0.170     2.9241     35.530     39.806  33.779542     4.6800     0.8420     0.1278     1.9881 2.3794e+01     2.7329      0.543      0.787    16.9681 0.0000e+00
      0.505     -0.165     3.0373     37.029     39.720  33.846252     4.8600     0.8344     0.1278     3.4263 3.3571e+01     2.7780      0.496      0.719    17.0621 0.0000e+00
      0.462     -0.156     3.1558     38.741     39.600  33.908799     4.8600     0.8306     0.1278     3.4263 3.9996e+01     2.7931      0.453      0.657    17.1641 0.0000e+00
      0.424     -0.145     3.2764     40.823     39.446  33.946246     4.8600     0.8229     0.1278     3.4263 3.8121e+01     2.7931      0.416      0.603    17.2843 0.0000e+00
      0.391     -0.135     3.3994     43.457     39.301  33.964628     4.8600     1.0862     0.1278     3.4263 3.6771e+01     3.1688      0.384      0.557    17.4286 0.0000e+00
      0.362     -0.127     3.5294     46.796     39.195  33.976776     5.1300     1.0823     0.1704     5.3298 3.6208e+01     3.1538      0.355      0.515    17.6052 0.0000e+00
      0.333     -0.122     3.6765     50.871     39.132  33.989893     5.1300     1.0862     0.1704     5.3298 3.5553e+01     3.2440      0.326      0.473    17.8141 0.0000e+00
      0.302     -0.117     3.8571     55.492     39.119  34.019361     5.1300     1.0823     0.1704     5.3298 4.1891e+01     3.1688      0.297      0.430    18.0284 0.0000e+00
      0.271     -0.112     4.0911     60.289     39.149  34.076997     5.1300     1.0862     0.1704     5.3298 6.0100e+01     3.2440      0.265      0.385    18.2098 0.0000e+00
      0.239     -0.103     4.3943     64.834     39.206  34.170248     5.5800     1.4676     0.2130     8.8830 9.3768e+01     4.1458      0.234      0.340    18.3412 0.0000e+00
      0.210     -0.091     4.7695     68.748     39.262  34.294274     5.5800     1.4829     0.2130     8.8830 1.0401e+02     4.0857      0.206      0.299    18.4265 0.0000e+00
      0.188     -0.077     5.1980     71.829     39.274  34.410857     5.5800     1.4447     0.2130     8.8830 9.9845e+01     4.2360      0.184      0.267    18.4784 0.0000e+00
      0.172     -0.062     5.6431     74.164     39.238  34.493662     5.5800     1.4333     0.2130     8.8830 8.8137e+01     4.1608      0.168      0.244    18.5183 0.0000e+00
      0.160     -0.048     6.0617     76.109     39.207  34.560817     5.5800     2.0208     0.2130     8.8830 8.9507e+01     5.5286      0.157      0.228    18.5740 0.0000e+00
      0.151     -0.037     6.4153     78.118     39.226  34.646078     6.3000     2.0208     0.3408    15.1011 9.3870e+01     5.5286      0.148      0.215    18.6691 0.0000e+00
