Data/DataNotYetUploadedToEDI/Raw_CTD/RawDownloads/062723_fcr47.2_S8188016.cnv
* Sea-Bird SBE19plus  Data File:
* FileName = C:\R\Reservoirs\Data\DataNotYetUploadedToEDI\Raw_CTD\RawDownloads\062623_fcr50_S8188_0016.hex
* Software version 2.8.0.119
* Temperature SN = 8188
* Conductivity SN = 8188
* System UpLoad Time = Jul 03 2023 16:34:33
* <ApplicationData>
* <Seaterm232>
# nquan = 16
# nvalues = 794                         
# units = specified
# name 0 = depFM: Depth [fresh water, m]
# name 1 = dz/dtM: Descent Rate [m/s]
# name 2 = sbeox0Mg/L: Oxygen, SBE 43 [mg/l]
# name 3 = sbeox0PS: Oxygen, SBE 43 [% saturation]
# name 4 = specc: Specific Conductance [uS/cm]
# name 5 = c0uS/cm: Conductivity [uS/cm]
# name 6 = wetCDOM: Fluorescence, WET Labs CDOM [mg/m^3]
# name 7 = flECO-AFL: Fluorescence, WET Labs ECO-AFL/FL [mg/m^3]
# name 8 = flECO-AFL1: Fluorescence, WET Labs ECO-AFL/FL, 2 [mg/m^3]
# name 9 = flECO-AFL2: Fluorescence, WET Labs ECO-AFL/FL, 3 [mg/m^3]
# name 10 = par/sat/log: PAR/Logarithmic, Satlantic
# name 11 = turbWETntu0: Turbidity, WET Labs ECO [NTU]
# name 12 = prdM: Pressure, Strain Gauge [db]
# name 13 = prdE: Pressure, Strain Gauge [psi]
# name 14 = tv290C: Temperature [ITS-90, deg C]
# name 15 = flag:  0.000e+00
# span 0 =     -0.718,      8.203       
# span 1 =     -0.192,      0.163       
# span 2 =    -0.0964,    15.5648       
# span 3 =     -0.932,    180.155       
# span 4 =      0.533,     48.303       
# span 5 =   0.454783,  47.680533       
# span 6 =    -4.5000,     8.0100       
# span 7 =    -0.1460,     3.8862       
# span 8 =    -2.1300,     3.6636       
# span 9 =    -2.0304,    19.7541       
# span 10 = 1.1595e-01, 4.5504e+02      
# span 11 =    -0.5436,   698.7786      
# span 12 =     -0.704,      8.044      
# span 13 =     -1.021,     11.668      
# span 14 =    10.5306,    24.6967      
# span 15 = 0.0000e+00, 0.0000e+00      
# interval = seconds: 0.25
# start_time = Jun 27 2023 15:30:14 [Instrument's time stamp, header]
# bad_flag = -9.990e-29
*END*
[from data line 91]
     -0.135      0.003     9.6497    117.669     47.587  47.292344     6.3900     2.5091     0.4260    17.3007 2.0699e+02    21.5657     -0.133     -0.192    24.6773 0.0000e+00
     -0.134      0.003     9.7793    116.417     47.506  47.207224     6.3900     2.5091     0.4260    17.3007 2.3418e+02    21.6258     -0.132     -0.191    24.6849 0.0000e+00
     -0.133      0.002     9.8414    114.742     47.488  47.188645     6.3900     2.5243     0.4686    17.4699 2.0623e+02    21.7611     -0.131     -0.190    24.6891 0.0000e+00
     -0.133      0.001     9.8375    112.815     47.528  47.231650     6.3900     2.5167     0.4686    17.4699 2.0857e+02    21.5356     -0.131     -0.189    24.6886 0.0000e+00
     -0.133      0.001     9.7784    110.879     47.578  47.286280     6.3900     2.5510     0.4686    17.4699 1.9473e+02    21.3703     -0.130     -0.189    24.6842 0.0000e+00
     -0.133      0.000     9.6752    109.160     47.621  47.333415     6.3900     2.5472     0.4686    17.4699 1.9892e+02    21.3703     -0.130     -0.189    24.6796 0.0000e+00
     -0.133      0.000     9.5362    107.827     47.663  47.377697     6.3900     2.5625     0.4260    17.5545 2.1973e+02    21.4755     -0.130     -0.189    24.6788 0.0000e+00
     -0.133      0.000     9.3756    106.979     47.693  47.409139     6.3900     2.5739     0.4260    17.5545 2.1599e+02    21.3703     -0.130     -0.189    24.6820 0.0000e+00
     -0.133     -0.001     9.2138    106.645     47.703  47.418289     6.3900     2.5052     0.4260    17.5545 2.1515e+02    22.2270     -0.131     -0.190    24.6870 0.0000e+00
     -0.134     -0.001     9.0702    106.799     47.691  47.403624     6.3900     2.5358     0.4260    17.5545 2.1779e+02    22.0767     -0.131     -0.190    24.6917 0.0000e+00
     -0.134      0.000     8.9588    107.388     47.665  47.373123     6.4800     2.5014     0.4260    17.1738 2.1389e+02    22.0767     -0.131     -0.190    24.6952 0.0000e+00
     -0.134      0.000     8.8882    108.353     47.635  47.338469     6.4800     2.5205     0.4260    17.1738 2.2267e+02    22.0166     -0.131     -0.190    24.6967 0.0000e+00
     -0.134      0.000     8.8606    109.652     47.606  47.304292     6.4800     2.5586     0.4260    17.1738 2.1712e+02    21.8964     -0.131     -0.190    24.6959 0.0000e+00
     -0.134      0.000     8.8738    111.265     47.580  47.273368     6.4800     2.5701     0.4260    17.1738 2.1945e+02    21.8513     -0.131     -0.190    24.6929 0.0000e+00
     -0.134      0.000     8.9235    113.164     47.555  47.243394     6.4800     2.5510     0.4260    17.1738 1.9737e+02    21.8212     -0.131     -0.190    24.6882 0.0000e+00
     -0.134      0.000     9.0047    115.287     47.521  47.204397     6.4800     2.5777     0.3834    17.3007 2.2045e+02    21.9865     -0.131     -0.190    24.6826 0.0000e+00
     -0.134     -0.001     9.1136    117.516     47.467  47.142013     6.4800     2.6311     0.3834    17.3007 2.2098e+02    22.5878     -0.131     -0.190    24.6771 0.0000e+00
     -0.134     -0.001     9.2485    119.708     47.374  47.039606     6.4800     2.6235     0.3834    17.3007 1.9196e+02    22.6479     -0.131     -0.190    24.6719 0.0000e+00
     -0.134     -0.002     9.4074    121.717     47.231  46.885721     6.4800     2.6464     0.3834    17.3007 1.5813e+02    22.5577     -0.131     -0.191    24.6666 0.0000e+00
     -0.134     -0.002     9.5849    123.405     47.040  46.684898     6.4800     2.6388     0.4686    17.2161 2.1954e+02    22.6479     -0.132     -0.191    24.6605 0.0000e+00
     -0.135     -0.004     9.7718    124.648     46.839  46.474735     6.4800     2.8219     0.4686    17.2161 1.9439e+02    24.3313     -0.132     -0.192    24.6521 0.0000e+00
     -0.136     -0.005     9.9562    125.338     46.647  46.276471     6.4800     2.8219     0.4686    17.2161 1.8568e+02    24.2711     -0.133     -0.193    24.6407 0.0000e+00
     -0.137     -0.008    10.1256    125.440     46.483  46.108569     6.4800     2.8371     0.4686    17.2161 1.6541e+02    24.4064     -0.134     -0.195    24.6283 0.0000e+00
     -0.139     -0.011    10.2683    125.029     46.412  46.035238     6.5700     2.8257     0.4260    17.0892 1.7163e+02    24.3763     -0.136     -0.197    24.6166 0.0000e+00
     -0.142     -0.014    10.3738    124.293     46.384  46.005219     6.5700     2.6845     0.4260    17.0892 1.7074e+02    21.4304     -0.139     -0.201    24.6056 0.0000e+00
     -0.146     -0.017    10.4329    123.453     46.271  45.889634     6.5700     2.6845     0.4260    17.0892 2.0324e+02    21.4304     -0.143     -0.208    24.5966 0.0000e+00
     -0.152     -0.018    10.4423    122.665     46.084  45.699274     6.5700     2.6998     0.4260    17.0892 2.5307e+02    21.4605     -0.149     -0.216    24.5913 0.0000e+00
     -0.158     -0.018    10.4087    122.019     45.899  45.512173     6.5700     2.6960     0.4260    17.0892 2.4517e+02    21.4755     -0.155     -0.225    24.5886 0.0000e+00
     -0.163     -0.016    10.3478    121.561     45.740  45.351752     6.4800     2.7532     0.4260    17.0046 2.3844e+02    21.2952     -0.161     -0.233    24.5863 0.0000e+00
     -0.167     -0.012    10.2786    121.258     45.606  45.216842     6.4800     2.7341     0.4260    17.0046 2.4720e+02    21.3703     -0.164     -0.238    24.5823 0.0000e+00
     -0.170     -0.007    10.2140    120.986     45.511  45.119021     6.4800     2.7570     0.4260    17.0046 2.4437e+02    21.3703     -0.167     -0.242    24.5770 0.0000e+00
     -0.171     -0.001    10.1610    120.583     45.461  45.065889     6.4800     2.7456     0.4260    17.0046 2.4315e+02    21.4004     -0.168     -0.244    24.5727 0.0000e+00
     -0.171      0.005    10.1233    119.935     45.413  45.013556     6.4800     2.8715     0.4260    16.7508 2.4021e+02    21.4004     -0.168     -0.243    24.5698 0.0000e+00
     -0.169      0.010    10.0986    119.022     45.347  44.940138     6.4800     2.8753     0.4260    16.7508 2.3927e+02    21.4605     -0.166     -0.240    24.5673 0.0000e+00
     -0.165      0.014    10.0765    117.906     45.339  44.923146     6.4800     2.8676     0.4260    16.7508 2.3505e+02    21.3703     -0.162     -0.235    24.5641 0.0000e+00
     -0.160      0.016    10.0437    116.701     45.450  45.021453     6.4800     2.8791     0.4260    16.7508 2.3160e+02    21.3403     -0.157     -0.228    24.5599 0.0000e+00
     -0.154      0.017     9.9908    115.562     45.661  45.219666     6.5700     2.8905     0.3834    17.5122 1.8268e+02    21.0847     -0.152     -0.220    24.5542 0.0000e+00
     -0.149      0.017     9.9162    114.676     45.919  45.465625     6.5700     2.8562     0.3834    17.5122 1.9191e+02    21.0998     -0.146     -0.212    24.5462 0.0000e+00
     -0.145      0.015     9.8251    114.191     46.160  45.698107     6.5700     2.9020     0.3834    17.5122 1.9866e+02    21.1449     -0.142     -0.206    24.5358 0.0000e+00
     -0.141      0.012     9.7269    114.115     46.358  45.889942     6.5700     2.8905     0.3834    17.5122 1.9216e+02    21.1599     -0.139     -0.201    24.5235 0.0000e+00
     -0.139      0.010     9.6342    114.294     46.522  46.042748     6.6600     2.8524     0.4260    18.0621 1.7709e+02    20.8443     -0.136     -0.197    24.5109 0.0000e+00
     -0.137      0.007     9.5622    114.525     46.657  46.159625     6.6600     2.8104     0.4260    18.0621 2.2156e+02    20.9194     -0.134     -0.195    24.5008 0.0000e+00
     -0.135      0.006     9.5229    114.664     46.759  46.240034     6.6600     2.8142     0.4260    18.0621 2.1581e+02    20.8593     -0.133     -0.193    24.4945 0.0000e+00
     -0.134      0.004     9.5175    114.630     46.825  46.283620     6.6600     2.8409     0.4260    18.0621 1.7438e+02    20.8743     -0.132     -0.191    24.4892 0.0000e+00
     -0.133      0.003     9.5343    114.413     46.858  46.298041     6.6600     2.7341     0.4260    18.0621 1.9793e+02    20.7090     -0.131     -0.190    24.4791 0.0000e+00
     -0.133      0.002     9.5567    114.086     46.870  46.295067     6.5700     2.7761     0.4260    18.2736 1.9801e+02    20.7240     -0.130     -0.189    24.4616 0.0000e+00
     -0.132      0.002     9.5722    113.771     46.863  46.277869     6.5700     2.7913     0.4260    18.2736 2.2481e+02    20.5737     -0.130     -0.189    24.4392 0.0000e+00
     -0.132      0.002     9.5734    113.607     46.841  46.245823     6.5700     2.7532     0.4260    18.2736 2.1459e+02    20.5887     -0.129     -0.188    24.4165 0.0000e+00
     -0.132      0.002     9.5588    113.686     46.804  46.200291     6.5700     2.7723     0.4260    18.2736 1.7844e+02    20.7541     -0.129     -0.187    24.3969 0.0000e+00
     -0.131      0.002     9.5341    114.016     46.752  46.141020     6.4800     2.6807     0.4260    17.7237 2.2272e+02    21.9264     -0.129     -0.187    24.3816 0.0000e+00
     -0.131      0.002     9.5099    114.534     46.685  46.066075     6.4800     2.6922     0.4260    17.7237 2.1163e+02    21.8813     -0.128     -0.186    24.3696 0.0000e+00
     -0.131      0.002     9.4981    115.151     46.601  45.975284     6.4800     2.6693     0.4260    17.7237 2.0748e+02    21.7912     -0.128     -0.186    24.3592 0.0000e+00
     -0.130      0.003     9.5064    115.765     46.501  45.868215     6.4800     2.6998     0.4260    17.7237 2.2579e+02    21.8212     -0.127     -0.185    24.3495 0.0000e+00
     -0.130      0.003     9.5357    116.264     46.391  45.750002     6.5700     2.6998     0.3834    17.8083 2.2751e+02    21.3403     -0.127     -0.184    24.3401 0.0000e+00
     -0.129      0.003     9.5806    116.561     46.300  45.648566     6.5700     2.6845     0.3834    17.8083 1.9974e+02    21.4004     -0.126     -0.183    24.3311 0.0000e+00
     -0.128      0.004     9.6338    116.607     46.250  45.586393     6.5700     2.6883     0.3834    17.8083 1.5751e+02    21.4906     -0.125     -0.182    24.3224 0.0000e+00
     -0.127      0.005     9.6868    116.403     46.216  45.538977     6.5700     2.6845     0.3834    17.8083 1.9439e+02    21.4455     -0.124     -0.180    24.3131 0.0000e+00
     -0.125      0.006     9.7305    115.989     46.163  45.473859     6.5700     2.5930     0.4260    17.7237 2.2593e+02    20.8893     -0.123     -0.178    24.3025 0.0000e+00
     -0.124      0.008     9.7576    115.420     46.101  45.401414     6.5700     2.5586     0.4260    17.7237 1.7871e+02    20.9044     -0.121     -0.176    24.2899 0.0000e+00
     -0.122      0.009     9.7640    114.783     46.036  45.326100     6.5700     2.5586     0.4260    17.7237 1.9087e+02    20.9795     -0.119     -0.173    24.2760 0.0000e+00
     -0.119      0.011     9.7495    114.196     45.915  45.196128     6.5700     2.5586     0.4260    17.7237 2.0943e+02    20.8593     -0.116     -0.169    24.2619 0.0000e+00
     -0.116      0.013     9.7172    113.811     45.753  45.024394     6.5700     2.6044     0.4260    17.7237 2.1940e+02    22.3322     -0.113     -0.165    24.2482 0.0000e+00
     -0.112      0.013     9.6719    113.777     45.669  44.927577     6.6600     2.5739     0.3834    17.7660 1.6552e+02    22.2721     -0.110     -0.160    24.2353 0.0000e+00
     -0.108      0.012     9.6206    114.250     45.734  44.974966     6.6600     2.5777     0.3834    17.7660 1.8303e+02    22.3623     -0.106     -0.154    24.2231 0.0000e+00
     -0.104      0.010     9.5736    115.457     45.963  45.187123     6.6600     2.5663     0.3834    17.7660 1.3316e+02    22.3473     -0.101     -0.148    24.2111 0.0000e+00
     -0.101      0.006     9.5435    117.738     46.388  45.600808     6.6600     2.6197     0.3834    17.7660 1.5520e+02    21.5958     -0.098     -0.143    24.1981 0.0000e+00
     -0.099      0.002     9.5435    121.513     46.935  46.148004     6.6600     2.6311     0.4260    17.7660 1.4424e+02    21.6108     -0.097     -0.141    24.1823 0.0000e+00
     -0.100     -0.002     9.5862    127.181     47.412  46.637779     6.6600     2.6502     0.4260    17.7660 1.6052e+02    21.6258     -0.098     -0.142    24.1646 0.0000e+00
     -0.102     -0.005     9.6898    134.835     47.736  46.982771     6.6600     2.6121     0.4260    17.7660 1.7617e+02    21.5807     -0.100     -0.145    24.1503 0.0000e+00
     -0.105     -0.005     9.8817    143.982     47.953  47.223460     6.6600     2.5625     0.4260    17.7660 2.1802e+02    21.1749     -0.103     -0.150    24.1457 0.0000e+00
     -0.108     -0.003    10.1963    153.676     48.094  47.388361     6.4800     2.5777     0.4260    17.5968 2.4736e+02    21.1749     -0.106     -0.153    24.1548 0.0000e+00
     -0.110      0.000    10.6671    162.857     48.176  47.493704     6.4800     2.6006     0.4260    17.5968 2.5439e+02    21.1749     -0.107     -0.156    24.1765 0.0000e+00
     -0.109      0.005    11.3029    170.583     48.233  47.571547     6.4800     2.5815     0.4260    17.5968 2.5712e+02    21.0697     -0.107     -0.155    24.2044 0.0000e+00
     -0.107      0.010    12.0633    176.187     48.279  47.634721     6.4800     2.5854     0.4260    17.5968 2.1793e+02    21.1749     -0.104     -0.151    24.2328 0.0000e+00
     -0.103      0.015    12.8692    179.359     48.303  47.672330     6.4800     2.5854     0.4260    17.5968 2.3090e+02    21.0998     -0.100     -0.146    24.2598 0.0000e+00
     -0.098      0.020    13.6321    180.155     48.301  47.680533     6.5700     2.5968     0.4260    17.8083 2.0699e+02    21.1599     -0.096     -0.139    24.2851 0.0000e+00
     -0.092      0.024    14.2733    178.977     48.275  47.657555     6.5700     2.5739     0.4260    17.8083 1.9300e+02    21.1749     -0.090     -0.131    24.3078 0.0000e+00
     -0.086      0.028    14.7375    176.478     48.216  47.595285     6.5700     2.6960     0.4260    17.8083 2.0135e+02    20.9044     -0.084     -0.122    24.3269 0.0000e+00
     -0.079      0.032    14.9990    173.351     48.122  47.490991     6.5700     2.6998     0.4260    17.8083 1.7655e+02    20.9044     -0.077     -0.112    24.3418 0.0000e+00
     -0.070      0.037    15.0631    170.139     48.003  47.352531     6.4800     2.6998     0.3834    17.3430 1.7445e+02    20.8893     -0.069     -0.100    24.3515 0.0000e+00
     -0.061      0.043    14.9638    167.168     47.846  47.164779     6.4800     2.7227     0.3834    17.3430 1.8303e+02    20.8142     -0.060     -0.086    24.3546 0.0000e+00
     -0.049      0.050    14.7560    164.581     47.659  46.933154     6.4800     2.8219     0.3834    17.3430 1.6849e+02    22.1369     -0.048     -0.070    24.3502 0.0000e+00
     -0.035      0.057    14.4979    162.397     47.473  46.689021     6.4800     2.8028     0.3834    17.3430 1.4700e+02    22.1519     -0.035     -0.050    24.3373 0.0000e+00
     -0.020      0.063    14.2350    160.573     47.218  46.371241     6.5700     2.8219     0.4260    17.5122 1.3919e+02    22.0166     -0.019     -0.028    24.3149 0.0000e+00
     -0.002      0.070    13.9953    159.046     46.800  45.877234     6.5700     2.8371     0.4260    17.5122 1.2942e+02    22.0767     -0.002     -0.003    24.2801 0.0000e+00
      0.016      0.077    13.7918    157.697     46.189  45.158492     6.5700     2.9401     0.4260    17.5122 1.1316e+02    21.6258      0.016      0.023    24.2290 0.0000e+00
      0.036      0.085    13.6252    156.355     45.466  44.273017     6.5700     2.9249     0.4260    17.5122 1.1567e+02    21.6559      0.036      0.052    24.1637 0.0000e+00
      0.058      0.092    13.4907    154.851     44.892  43.478031     6.4800     2.9439     0.4260    17.4276 1.0692e+02    21.7160      0.057      0.083    24.0896 0.0000e+00
      0.083      0.097    13.3853    153.137     44.689  43.027121     6.4800     2.9516     0.4260    17.4276 8.9294e+01    21.6859      0.081      0.118    23.9977 0.0000e+00
