Data/DataNotYetUploadedToEDI/Raw_CTD/RawDownloads/062723_fcrXX_S8188021.cnv
* Sea-Bird SBE19plus  Data File:
* FileName = C:\R\Reservoirs\Data\DataNotYetUploadedToEDI\Raw_CTD\RawDownloads\062623_fcr50_S8188_0021.hex
* Software version 2.8.0.119
* Temperature SN = 8188
* Conductivity SN = 8188
* System UpLoad Time = Jul 03 2023 16:35:31
* <ApplicationData>
* <Seaterm232>
# nquan = 16
# nvalues = 659                         
# units = specified
# name 0 = depFM: Depth [fresh water, m]
# name 1 = dz/dtM: Descent Rate [m/s]
# name 2 = sbeox0Mg/L: Oxygen, SBE 43 [mg/l]
# name 3 = sbeox0PS: Oxygen, SBE 43 [% saturation]
# name 4 = specc: Specific Conductance [uS/cm]
# name 5 = c0uS/cm: Conductivity [uS/cm]
# name 6 = wetCDOM: Fluorescence, WET Labs CDOM [mg/m^3]
# name 7 = flECO-AFL: Fluorescence, WET Labs ECO-AFL/FL [mg/m^3]
# name 8 = flECO-AFL1: Fluorescence, WET Labs ECO-AFL/FL, 2 [mg/m^3]
# name 9 = flECO-AFL2: Fluorescence, WET Labs ECO-AFL/FL, 3 [mg/m^3]
# name 10 = par/sat/log: PAR/Logarithmic, Satlantic
# name 11 = turbWETntu0: Turbidity, WET Labs ECO [NTU]
# name 12 = prdM: Pressure, Strain Gauge [db]
# name 13 = prdE: Pressure, Strain Gauge [psi]
# name 14 = tv290C: Temperature [ITS-90, deg C]
# name 15 = flag:  0.000e+00
# span 0 =     -0.722,      8.681       
# span 1 =     -0.279,      0.245       
# span 2 =    -1.2909,    18.0933       
# span 3 =    -12.241,    211.892       
# span 4 =      6.540,     48.976       
# span 5 =   5.764794,  47.831807       
# span 6 =    -4.5000,     7.2900       
# span 7 =    -1.9733,     3.8824       
# span 8 =    -2.1300,     0.8946       
# span 9 =    -2.2419,    22.6305       
# span 10 = 1.1590e-01, 1.6969e+03      
# span 11 =    -3.3843,   148.1044      
# span 12 =     -0.708,      8.513      
# span 13 =     -1.027,     12.348      
# span 14 =    10.6020,    24.5883      
# span 15 = 0.0000e+00, 0.0000e+00      
# interval = seconds: 0.25
# start_time = Jun 27 2023 16:10:50 [Instrument's time stamp, header]
# bad_flag = -9.990e-29
*END*
[from data line 452]
      7.067     -0.175     8.9992     80.700     45.588  32.471151     3.8700     0.1210     0.1278     0.1269 1.1623e-01     7.3773      6.931     10.052    10.6092 0.0000e+00
      7.019     -0.169     8.9920     80.669     45.588  32.470350     3.8700     0.1439     0.1278     0.1269 1.1628e-01     5.9644      6.884      9.984    10.6109 0.0000e+00
      6.978     -0.160     8.9860     80.632     45.588  32.468597     3.8700     0.1172     0.1278     0.1269 1.1620e-01     6.0396      6.843      9.925    10.6122 0.0000e+00
      6.942     -0.153     8.9818     80.583     45.591  32.469386     3.8700     0.1172     0.1278     0.1269 1.1612e-01     6.0245      6.808      9.874    10.6124 0.0000e+00
      6.909     -0.148     8.9786     80.526     45.584  32.465004     3.7800     0.1363     0.0852     0.0846 1.1633e-01     6.0546      6.775      9.826    10.6115 0.0000e+00
      6.875     -0.148     8.9754     80.460     45.568  32.454285     3.7800     0.1210     0.0852     0.0846 1.1620e-01     6.0396      6.742      9.778    10.6099 0.0000e+00
      6.837     -0.150     8.9716     80.389     45.555  32.446252     3.7800     0.1363     0.0852     0.0846 1.1617e-01     5.9193      6.705      9.725    10.6083 0.0000e+00
      6.796     -0.152     8.9664     80.320     45.554  32.446683     3.7800     0.1210     0.0852     0.0846 1.1605e-01     6.0245      6.665      9.667    10.6073 0.0000e+00
      6.754     -0.150     8.9600     80.265     45.555  32.447772     3.8700     0.1363     0.1278     0.1269 1.1592e-01     6.0245      6.623      9.606    10.6074 0.0000e+00
      6.712     -0.145     8.9525     80.224     45.552  32.445850     3.8700     0.1248     0.1278     0.1269 1.1617e-01     5.6939      6.582      9.547    10.6083 0.0000e+00
      6.674     -0.137     8.9443     80.199     45.551  32.444364     3.8700     0.1172     0.1278     0.1269 1.1633e-01     5.8592      6.544      9.492    10.6096 0.0000e+00
      6.641     -0.127     8.9364     80.195     45.551  32.442919     3.8700     0.1325     0.1278     0.1269 1.1610e-01     5.7841      6.512      9.445    10.6109 0.0000e+00
      6.612     -0.120     8.9301     80.212     45.560  32.449049     3.8700     0.1172     0.1278     0.1692 1.1615e-01     5.7841      6.484      9.405    10.6116 0.0000e+00
      6.587     -0.118     8.9256     80.249     45.582  32.464390     3.8700     0.1325     0.1278     0.1692 1.1595e-01     6.2500      6.459      9.369    10.6115 0.0000e+00
      6.561     -0.122     8.9230     80.301     45.599  32.477190     3.8700     0.1019     0.1278     0.1692 1.1625e-01     6.1748      6.434      9.332    10.6107 0.0000e+00
      6.532     -0.131     8.9228     80.366     45.600  32.478981     3.8700     0.1286     0.1278     0.1692 1.1623e-01     6.2650      6.406      9.291    10.6096 0.0000e+00
      6.498     -0.144     8.9249     80.440     45.586  32.470241     3.7800     0.1325     0.1278     0.2115 1.1617e-01     6.1748      6.373      9.243    10.6087 0.0000e+00
      6.459     -0.156     8.9289     80.513     45.569  32.460521     3.7800     0.1363     0.1278     0.2115 1.1620e-01     5.8141      6.334      9.187    10.6085 0.0000e+00
      6.414     -0.164     8.9346     80.576     45.559  32.455150     3.7800     0.1325     0.1278     0.2115 1.1610e-01     5.8592      6.290      9.123    10.6089 0.0000e+00
      6.367     -0.168     8.9417     80.625     45.554  32.452697     3.7800     0.1401     0.1278     0.2115 1.1623e-01     5.7089      6.244      9.056    10.6101 0.0000e+00
      6.320     -0.166     8.9495     80.658     45.554  32.452506     3.7800     0.1363     0.1278     0.2115 1.1605e-01     5.7239      6.198      8.989    10.6120 0.0000e+00
      6.276     -0.161     8.9571     80.682     45.552  32.450566     3.7800     0.1935     0.1278     0.0846 1.1623e-01     5.3031      6.155      8.927    10.6141 0.0000e+00
      6.238     -0.156     8.9638     80.698     45.542  32.442400     3.7800     0.1782     0.1278     0.0846 1.1612e-01     5.3332      6.117      8.872    10.6159 0.0000e+00
      6.203     -0.153     8.9690     80.706     45.530  32.433750     3.7800     0.1706     0.1278     0.0846 1.1635e-01     5.2279      6.083      8.823    10.6169 0.0000e+00
      6.168     -0.153     8.9728     80.705     45.524  32.430231     3.7800     0.1859     0.1278     0.0846 1.1623e-01     5.2279      6.049      8.773    10.6169 0.0000e+00
      6.131     -0.156     8.9755     80.699     45.517  32.426945     3.7800     0.1363     0.0852     0.1269 1.1602e-01     5.3031      6.013      8.720    10.6162 0.0000e+00
      6.090     -0.160     8.9775     80.691     45.504  32.419054     3.7800     0.1592     0.0852     0.1269 1.1605e-01     5.3332      5.973      8.662    10.6155 0.0000e+00
      6.046     -0.161     8.9783     80.683     45.487  32.408416     3.7800     0.1363     0.0852     0.1269 1.1615e-01     5.2129      5.929      8.599    10.6154 0.0000e+00
      6.000     -0.159     8.9781     80.679     45.475  32.400114     3.7800     0.1439     0.0852     0.1269 1.1607e-01     5.3181      5.884      8.534    10.6162 0.0000e+00
      5.957     -0.153     8.9771     80.685     45.466  32.391934     3.7800     0.1286     0.1278     0.1692 1.1612e-01     5.3031      5.842      8.472    10.6178 0.0000e+00
      5.918     -0.145     8.9758     80.706     45.460  32.385657     3.7800     0.1439     0.1278     0.1692 1.1620e-01     5.4083      5.803      8.417    10.6197 0.0000e+00
      5.884     -0.138     8.9746     80.746     45.471  32.391488     3.7800     0.1172     0.1278     0.1692 1.1617e-01     5.3332      5.770      8.369    10.6210 0.0000e+00
      5.854     -0.134     8.9742     80.809     45.489  32.403063     3.7800     0.1592     0.1278     0.1692 1.1612e-01     5.3332      5.741      8.326    10.6211 0.0000e+00
      5.824     -0.136     8.9751     80.886     45.501  32.411585     3.7800     0.1134     0.0852     0.0846 1.1612e-01     5.3031      5.712      8.284    10.6197 0.0000e+00
      5.793     -0.143     8.9779     80.970     45.511  32.419329     3.7800     0.1401     0.0852     0.0846 1.1610e-01     5.3181      5.681      8.239    10.6175 0.0000e+00
      5.757     -0.154     8.9829     81.054     45.516  32.424398     3.7800     0.1363     0.0852     0.0846 1.1625e-01     5.2580      5.645      8.188    10.6153 0.0000e+00
      5.715     -0.165     8.9901     81.127     45.513  32.424183     3.7800     0.1172     0.0852     0.0846 1.1625e-01     5.3031      5.604      8.129    10.6138 0.0000e+00
      5.668     -0.173     8.9988     81.184     45.509  32.422589     3.7800     0.1248     0.0852     0.0846 1.1607e-01     5.3782      5.558      8.062    10.6135 0.0000e+00
      5.618     -0.174     9.0079     81.218     45.509  32.423150     3.8700     0.1477     0.1278     0.0846 1.1602e-01     5.2430      5.510      7.991    10.6145 0.0000e+00
      5.569     -0.169     9.0168     81.223     45.515  32.426018     3.8700     0.1286     0.1278     0.0846 1.1605e-01     5.3782      5.461      7.920    10.6164 0.0000e+00
      5.523     -0.159     9.0246     81.197     45.520  32.427995     3.8700     0.1515     0.1278     0.0846 1.1605e-01     5.3632      5.416      7.856    10.6184 0.0000e+00
      5.484     -0.147     9.0306     81.147     45.525  32.429608     3.8700     0.1134     0.1278     0.0846 1.1605e-01     5.3482      5.378      7.800    10.6199 0.0000e+00
      5.451     -0.135     9.0343     81.083     45.540  32.439209     3.7800     0.1286     0.1278     0.1269 1.1617e-01     5.3332      5.346      7.753    10.6201 0.0000e+00
      5.422     -0.127     9.0351     81.010     45.558  32.451438     3.7800     0.1363     0.1278     0.1269 1.1612e-01     5.1979      5.317      7.712    10.6189 0.0000e+00
      5.394     -0.123     9.0326     80.935     45.567  32.457672     3.7800     0.1325     0.1278     0.1269 1.1612e-01     5.3782      5.290      7.672    10.6168 0.0000e+00
      5.365     -0.125     9.0275     80.863     45.570  32.459576     3.7800     0.1210     0.1278     0.1269 1.1612e-01     5.7540      5.262      7.632    10.6147 0.0000e+00
      5.334     -0.129     9.0207     80.796     45.566  32.457656     3.8700     0.1286     0.0852     0.0846 1.1623e-01     5.7540      5.231      7.587    10.6132 0.0000e+00
      5.300     -0.133     9.0128     80.738     45.562  32.455361     3.8700     0.1210     0.0852     0.0846 1.1628e-01     5.7841      5.197      7.538    10.6125 0.0000e+00
      5.262     -0.135     9.0046     80.691     45.563  32.456041     3.8700     0.1210     0.0852     0.0846 1.1699e-01     5.7540      5.160      7.485    10.6123 0.0000e+00
      5.225     -0.134     8.9964     80.652     45.568  32.459875     3.8700     0.1439     0.0852     0.0846 1.1607e-01     5.3031      5.124      7.431    10.6127 0.0000e+00
      5.189     -0.132     8.9888     80.620     45.575  32.463927     3.7800     0.1248     0.0852     0.0846 1.1612e-01     5.3332      5.089      7.381    10.6133 0.0000e+00
      5.157     -0.130     8.9822     80.592     45.578  32.465315     3.7800     0.1286     0.0852     0.0846 1.1714e-01     5.4233      5.057      7.335    10.6141 0.0000e+00
      5.127     -0.132     8.9768     80.563     45.577  32.464411     3.7800     0.1515     0.0852     0.0846 1.1600e-01     5.2430      5.028      7.293    10.6145 0.0000e+00
      5.098     -0.137     8.9726     80.537     45.571  32.460973     3.7800     0.1363     0.0852     0.0846 1.1628e-01     5.3031      4.999      7.251    10.6142 0.0000e+00
      5.066     -0.145     8.9692     80.522     45.565  32.458044     3.7800     0.1363     0.0852     0.0846 1.1623e-01     5.3031      4.968      7.205    10.6133 0.0000e+00
      5.027     -0.153     8.9662     80.522     45.559  32.454845     3.7800     0.1515     0.0852     0.1269 1.2306e-01     5.1829      4.930      7.151    10.6124 0.0000e+00
      4.983     -0.159     8.9631     80.541     45.546  32.446561     3.7800     0.1439     0.0852     0.1269 1.4356e-01     5.2279      4.887      7.088    10.6122 0.0000e+00
      4.936     -0.162     8.9601     80.575     45.540  32.442866     3.7800     0.1363     0.0852     0.1269 1.6274e-01     5.2881      4.841      7.021    10.6130 0.0000e+00
      4.891     -0.163     8.9581     80.616     45.552  32.450694     3.7800     0.1477     0.0852     0.1269 1.6747e-01     5.2580      4.797      6.957    10.6146 0.0000e+00
      4.851     -0.162     8.9578     80.653     45.560  32.456292     3.7800     0.1325     0.1278     0.0846 1.4886e-01     5.3782      4.757      6.900    10.6163 0.0000e+00
      4.814     -0.163     8.9596     80.682     45.549  32.449270     3.7800     0.1592     0.1278     0.0846 1.4075e-01     5.3031      4.722      6.848    10.6173 0.0000e+00
      4.778     -0.166     8.9634     80.702     45.534  32.439637     3.7800     0.1439     0.1278     0.0846 1.4409e-01     5.4083      4.685      6.795    10.6173 0.0000e+00
      4.737     -0.170     8.9681     80.708     45.533  32.440668     3.7800     0.1439     0.1278     0.0846 1.2886e-01     5.2730      4.645      6.737    10.6168 0.0000e+00
      4.690     -0.174     8.9722     80.705     45.543  32.448676     3.7800     0.1325     0.0852     0.1269 1.6736e-01     5.3031      4.600      6.670    10.6166 0.0000e+00
      4.639     -0.174     8.9752     80.704     45.556  32.457876     3.7800     0.1286     0.0852     0.1269 1.7937e-01     5.2580      4.550      6.599    10.6172 0.0000e+00
      4.590     -0.171     8.9772     80.712     45.569  32.466762     3.7800     0.1554     0.0852     0.1269 1.9359e-01     5.3332      4.501      6.528    10.6187 0.0000e+00
      4.545     -0.165     8.9776     80.728     45.574  32.469780     3.7800     0.1210     0.0852     0.1269 1.9359e-01     5.3031      4.457      6.464    10.6204 0.0000e+00
      4.506     -0.159     8.9770     80.740     45.572  32.467736     3.8700     0.1363     0.1278     0.0846 1.7926e-01     5.1378      4.419      6.409    10.6215 0.0000e+00
      4.471     -0.155     8.9768     80.740     45.566  32.464045     3.8700     0.1363     0.1278     0.0846 1.8320e-01     5.3332      4.385      6.359    10.6216 0.0000e+00
      4.437     -0.156     8.9778     80.725     45.560  32.461684     3.8700     0.1210     0.1278     0.0846 1.7937e-01     5.3632      4.351      6.310    10.6210 0.0000e+00
      4.399     -0.162     8.9798     80.690     45.558  32.463984     3.8700     0.1210     0.1278     0.0846 1.7430e-01     5.2730      4.314      6.256    10.6203 0.0000e+00
      4.356     -0.168     8.9811     80.635     45.564  32.471559     3.8700     0.1134     0.1278     0.0846 2.2579e-01     5.3782      4.272      6.196    10.6200 0.0000e+00
      4.309     -0.173     8.9810     80.557     45.574  32.482468     3.7800     0.1439     0.1278     0.1692 2.6726e-01     5.3332      4.226      6.129    10.6208 0.0000e+00
      4.260     -0.173     8.9789     80.455     45.577  32.487738     3.7800     0.1477     0.1278     0.1692 3.1897e-01     5.3332      4.177      6.059    10.6229 0.0000e+00
      4.211     -0.168     8.9744     80.328     45.575  32.488775     3.7800     0.1134     0.1278     0.1692 3.3693e-01     5.2129      4.130      5.989    10.6263 0.0000e+00
      4.167     -0.158     8.9674     80.171     45.579  32.493777     3.7800     0.1286     0.1278     0.1692 3.3693e-01     5.3482      4.086      5.926    10.6304 0.0000e+00
      4.128     -0.147     8.9579     79.979     45.586  32.500117     3.7800     0.1286     0.1278     0.0846 2.8626e-01     5.4083      4.048      5.872    10.6345 0.0000e+00
      4.095     -0.136     8.9457     79.743     45.591  32.505526     3.7800     0.1286     0.1278     0.0846 2.4958e-01     5.4985      4.016      5.825    10.6381 0.0000e+00
      4.066     -0.130     8.9310     79.454     45.596  32.511445     3.7800     0.1363     0.1278     0.0846 2.4053e-01     5.5736      3.987      5.783    10.6409 0.0000e+00
      4.037     -0.128     8.9132     79.111     45.604  32.519454     3.7800     0.1286     0.1278     0.0846 2.0475e-01     5.4835      3.959      5.742    10.6431 0.0000e+00
      4.006     -0.131     8.8914     78.727     45.611  32.527726     3.8700     0.1286     0.0852     0.1692 2.2311e-01     5.5736      3.929      5.698    10.6451 0.0000e+00
      3.973     -0.136     8.8647     78.327     45.615  32.534509     3.8700     0.1630     0.0852     0.1692 2.7059e-01     5.6939      3.896      5.651    10.6470 0.0000e+00
      3.936     -0.141     8.8322     77.935     45.617  32.541611     3.8700     0.1325     0.0852     0.1692 2.6237e-01     5.6338      3.860      5.599    10.6492 0.0000e+00
      3.897     -0.144     8.7935     77.568     45.616  32.546965     3.8700     0.1210     0.0852     0.1692 2.6397e-01     5.7089      3.822      5.543    10.6519 0.0000e+00
      3.858     -0.144     8.7501     77.232     45.614  32.551999     3.8700     0.1401     0.0852     0.1692 3.0660e-01     5.7540      3.783      5.487    10.6555 0.0000e+00
      3.819     -0.143     8.7047     76.923     45.618  32.562017     3.8700     0.1401     0.0852     0.2115 3.0807e-01     6.3251      3.745      5.432    10.6599 0.0000e+00
      3.783     -0.141     8.6601     76.615     45.632  32.579691     3.8700     0.1401     0.0852     0.2115 3.1925e-01     6.2650      3.710      5.381    10.6654 0.0000e+00
      3.750     -0.143     8.6180     76.263     45.664  32.613693     3.8700     0.1477     0.0852     0.2115 2.6709e-01     6.1899      3.678      5.334    10.6721 0.0000e+00
      3.718     -0.149     8.5793     75.826     45.716  32.669131     3.8700     0.1286     0.0852     0.2115 2.7462e-01     6.2801      3.647      5.288    10.6795 0.0000e+00
      3.684     -0.161     8.5434     75.284     45.770  32.735044     3.8700     0.0981     0.1278     0.1692 2.7456e-01     6.4905      3.613      5.239    10.6873 0.0000e+00
