Data/DataNotYetUploadedToEDI/Raw_CTD/RawDownloads/062723_fcrXX_S8188013.cnv
* Sea-Bird SBE19plus  Data File:
* FileName = C:\R\Reservoirs\Data\DataNotYetUploadedToEDI\Raw_CTD\RawDownloads\062623_fcr50_S8188_0013.hex
* Software version 2.8.0.119
* Temperature SN = 8188
* Conductivity SN = 8188
* System UpLoad Time = Jul 03 2023 16:33:53
* <ApplicationData>
* <Seaterm232>
# nquan = 16
# nvalues = 646                         
# units = specified
# name 0 = depFM: Depth [fresh water, m]
# name 1 = dz/dtM: Descent Rate [m/s]
# name 2 = sbeox0Mg/L: Oxygen, SBE 43 [mg/l]
# name 3 = sbeox0PS: Oxygen, SBE 43 [% saturation]
# name 4 = specc: Specific Conductance [uS/cm]
# name 5 = c0uS/cm: Conductivity [uS/cm]
# name 6 = wetCDOM: Fluorescence, WET Labs CDOM [mg/m^3]
# name 7 = flECO-AFL: Fluorescence, WET Labs ECO-AFL/FL [mg/m^3]
# name 8 = flECO-AFL1: Fluorescence, WET Labs ECO-AFL/FL, 2 [mg/m^3]
# name 9 = flECO-AFL2: Fluorescence, WET Labs ECO-AFL/FL, 3 [mg/m^3]
# name 10 = par/sat/log: PAR/Logarithmic, Satlantic
# name 11 = turbWETntu0: Turbidity, WET Labs ECO [NTU]
# name 12 = prdM: Pressure, Strain Gauge [db]
# name 13 = prdE: Pressure, Strain Gauge [psi]
# name 14 = tv290C: Temperature [ITS-90, deg C]
# name 15 = flag:  0.000e+00
# span 0 =     -0.718,      4.549       
# span 1 =     -0.240,      0.141       
# span 2 =    -0.2142,    16.0270       
# span 3 =     -1.983,    186.573       
# span 4 =      0.436,     48.093       
# span 5 =   0.395384,  47.323569       
# span 6 =    -4.5000,     7.0200       
# span 7 =    -0.1536,     5.2023       
# span 8 =    -2.1300,     0.9798       
# span 9 =    -2.0304,    21.9537       
# span 10 = 1.1587e-01, 5.2521e+02      
# span 11 =    -0.5136,    74.6071      
# span 12 =     -0.704,      4.461      
# span 13 =     -1.021,      6.470      
# span 14 =    10.6404,    24.1936      
# span 15 = 0.0000e+00, 0.0000e+00      
# interval = seconds: 0.25
# start_time = Jun 27 2023 15:09:33 [Instrument's time stamp, header]
# bad_flag = -9.990e-29
*END*
     -0.718      0.000     8.3201     92.126      0.437   0.396577    -4.5000    -0.1346    -2.1300    -2.0304 4.7206e+02     1.0345     -0.704     -1.021    20.3415 0.0000e+00
     -0.718      0.000     8.3200     92.130      0.436   0.395384    -4.5000    -0.1422    -2.1300    -2.0304 4.8054e+02     0.9744     -0.704     -1.021    20.3411 0.0000e+00
     -0.718      0.000     8.3199     92.137      0.445   0.403761    -4.5000    -0.1231    -2.1300    -2.0304 4.5642e+02     0.9293     -0.704     -1.021    20.3406 0.0000e+00
     -0.718      0.000     8.3198     92.142      0.463   0.419988     0.0000    -0.1193    -0.0426     0.0423 4.4778e+02     1.2299     -0.704     -1.021    20.3400 0.0000e+00
     -0.718      0.000     8.3198     92.144      0.481   0.436531     0.0000    -0.1308    -0.0426     0.0423 4.5692e+02     1.2901     -0.704     -1.021    20.3395 0.0000e+00
     -0.718      0.000     8.3203     92.144      0.491   0.445937     0.0000    -0.1422    -0.0426     0.0423 4.2641e+02     1.2750     -0.704     -1.021    20.3389 0.0000e+00
     -0.718      0.000     8.3209     92.145      0.492   0.446760     0.0000    -0.1346    -0.0426     0.0423 3.8956e+02     1.2149     -0.704     -1.020    20.3383 0.0000e+00
     -0.717      0.000     8.3215     92.145      0.489   0.443176     0.0000    -0.1193    -0.0426     0.0423 3.0988e+02    -0.1979     -0.703     -1.020    20.3378 0.0000e+00
     -0.717      0.000     8.3217     92.143      0.488   0.442135     0.0000    -0.1193    -0.0426     0.0423 2.8483e+02    -0.1078     -0.703     -1.020    20.3373 0.0000e+00
     -0.717      0.000     8.3218     92.138      0.493   0.447314     0.0000    -0.1346    -0.0426     0.0423 2.5550e+02    -0.2280     -0.703     -1.020    20.3368 0.0000e+00
     -0.717      0.000     8.3219     92.133      0.503   0.456142     0.0000    -0.1269    -0.0426     0.0423 2.2845e+02    -0.1979     -0.703     -1.020    20.3365 0.0000e+00
     -0.717      0.001     8.3220     92.128      0.510   0.463062     0.0000    -0.1155    -0.0426     0.0423 2.2741e+02    -0.3933     -0.703     -1.019    20.3362 0.0000e+00
     -0.716      0.001     8.3218     92.128      0.513   0.465967     0.0000    -0.1308     0.0000     0.0846 2.3220e+02    -0.3783     -0.702     -1.019    20.3361 0.0000e+00
     -0.716      0.001     8.3215     92.130      0.513   0.465632     0.0000    -0.1231     0.0000     0.0846 2.2979e+02    -0.3182     -0.702     -1.019    20.3360 0.0000e+00
     -0.716      0.001     8.3210     92.133      0.513   0.465920     0.0000    -0.1269     0.0000     0.0846 2.4026e+02    -0.3933     -0.702     -1.019    20.3359 0.0000e+00
     -0.716      0.002     8.3206     92.136      0.523   0.474818     0.0000    -0.1384     0.0000     0.0846 2.5796e+02    -0.4084     -0.702     -1.018    20.3358 0.0000e+00
     -0.716      0.002     8.3205     92.135      0.544   0.494697     0.0000    -0.1079     0.0000    -0.0423 2.7082e+02    -0.3783     -0.702     -1.018    20.3358 0.0000e+00
     -0.715      0.003     8.3207     92.134      0.578   0.526905     0.0000    -0.1155     0.0000    -0.0423 2.8995e+02    -0.4685     -0.701     -1.017    20.3359 0.0000e+00
     -0.715      0.004     8.3210     92.136      0.639   0.583985     0.0000    -0.1155     0.0000    -0.0423 3.1676e+02    -0.4534     -0.701     -1.016    20.3361 0.0000e+00
     -0.714      0.005     8.3212     92.138      0.748   0.685112     0.0000    -0.1079     0.0000    -0.0423 3.3335e+02    -0.4685     -0.700     -1.015    20.3364 0.0000e+00
     -0.713      0.006     8.3210     92.140      0.928   0.853299     0.0000    -0.1269     0.0000     0.0423 3.3517e+02    -0.4835     -0.699     -1.013    20.3369 0.0000e+00
     -0.711      0.008     8.3208     92.140      1.224   1.129443     0.0000    -0.1536     0.0000     0.0423 3.2861e+02    -0.3783     -0.697     -1.011    20.3380 0.0000e+00
     -0.709      0.010     8.3206     92.140      1.698   1.573341     0.0000    -0.1079     0.0000     0.0423 3.2428e+02    -0.3633     -0.695     -1.008    20.3398 0.0000e+00
     -0.706      0.013     8.3204     92.140      2.394   2.226259     0.0000    -0.1308     0.0000     0.0423 3.2982e+02    -0.4084     -0.693     -1.005    20.3431 0.0000e+00
     -0.703      0.016     8.3197     92.140      3.393   3.169383     0.0000    -0.1269     0.0000     0.0423 3.3220e+02    -0.4534     -0.689     -1.000    20.3486 0.0000e+00
     -0.699      0.021     8.3182     92.144      4.956   4.648283     0.0000    -0.1269     0.0000     0.0000 3.3626e+02    -0.4534     -0.685     -0.994    20.3579 0.0000e+00
     -0.693      0.027     8.3157     92.150      7.538   7.092921     0.0000    -0.1422     0.0000     0.0000 3.3517e+02    -0.3783     -0.680     -0.986    20.3737 0.0000e+00
     -0.686      0.035     8.3115     92.162     11.848  11.172993     0.0000    -0.1193     0.0000     0.0000 3.5365e+02    -0.3633     -0.673     -0.976    20.4001 0.0000e+00
     -0.677      0.045     8.3045     92.186     18.119  17.143886     0.0000    -0.1231     0.0000     0.0000 3.6150e+02    -0.4685     -0.664     -0.963    20.4445 0.0000e+00
     -0.666      0.057     8.2931     92.226     25.548  24.323121     0.0000    -0.1346     0.0000    -0.1269 3.5728e+02    -0.4835     -0.653     -0.947    20.5187 0.0000e+00
     -0.651      0.070     8.2741     92.280     32.832  31.498443     0.0000    -0.1346     0.0000    -0.1269 3.8745e+02    -0.4985     -0.638     -0.926    20.6426 0.0000e+00
     -0.632      0.084     8.2426     92.343     38.608  37.322286     0.0000     1.7003     0.0000    -0.1269 4.1238e+02    20.7841     -0.620     -0.899    20.8495 0.0000e+00
     -0.608      0.097     8.1908     92.415     42.391  41.252246     0.0000     1.7003     0.0000    -0.1269 4.2752e+02    20.8893     -0.596     -0.865    21.1914 0.0000e+00
     -0.580      0.111     8.1160     92.499     44.673  43.702326     4.2300     1.7080     0.2982     9.8136 4.3796e+02    20.9194     -0.569     -0.825    21.6906 0.0000e+00
     -0.549      0.122     8.0297     92.612     45.961  45.127734     4.2300     1.7308     0.2982     9.8136 4.3060e+02    20.8593     -0.539     -0.781    22.2766 0.0000e+00
     -0.517      0.132     7.9484     92.774     46.568  45.809507     4.2300     2.5548     0.2982     9.8136 4.4035e+02    23.0236     -0.507     -0.735    22.8413 0.0000e+00
     -0.481      0.139     7.8819     93.011     46.787  46.024574     4.2300     2.5586     0.2982     9.8136 4.4342e+02    23.0236     -0.472     -0.685    23.3195 0.0000e+00
     -0.443      0.141     7.8333     93.336     46.867  46.038355     6.6600     2.5586     0.4686    17.2161 4.1256e+02    22.9785     -0.435     -0.631    23.6905 0.0000e+00
     -0.404      0.139     7.8040     93.740     46.904  45.983320     6.6600     2.5739     0.4686    17.2161 4.2318e+02    23.0537     -0.396     -0.575    23.9500 0.0000e+00
     -0.365      0.131     7.7961     94.208     46.890  45.878470     6.6600     4.0807     0.4686    17.2161 3.8981e+02    18.5597     -0.359     -0.520    24.0943 0.0000e+00
     -0.330      0.119     7.8108     94.753     46.816  45.723581     6.6600     4.0922     0.4686    17.2161 3.9347e+02    18.4996     -0.324     -0.469    24.1276 0.0000e+00
     -0.300      0.103     7.8450     95.449     46.705  45.542734     6.6600     4.0960     0.4686    17.2161 3.8610e+02    18.5446     -0.295     -0.427    24.0794 0.0000e+00
     -0.276      0.085     7.8913     96.460     46.606  45.388757     6.3900     4.0998     0.2982    16.2009 3.8251e+02    18.4845     -0.271     -0.393    23.9942 0.0000e+00
     -0.258      0.066     7.9440     98.087     46.559  45.305788     6.3900     3.9701     0.2982    16.2009 3.9083e+02    17.6278     -0.253     -0.367    23.9039 0.0000e+00
     -0.245      0.049     8.0025    100.712     46.559  45.289532     6.3900     3.9701     0.2982    16.2009 3.9501e+02    17.5827     -0.240     -0.348    23.8200 0.0000e+00
     -0.236      0.035     8.0724    104.676     46.576  45.305934     6.3900     4.0235     0.2982    16.2009 3.9803e+02    17.6579     -0.231     -0.335    23.7457 0.0000e+00
     -0.230      0.023     8.1669    110.101     46.596  45.335590     6.3000     3.9854     0.3834    16.3278 4.0063e+02    17.5827     -0.226     -0.327    23.6855 0.0000e+00
     -0.226      0.015     8.3104    116.613     46.624  45.380467     6.3000     3.5505     0.3834    16.3278 4.0633e+02    19.4314     -0.222     -0.322    23.6464 0.0000e+00
     -0.225      0.009     8.5352    123.361     46.663  45.444605     6.3000     3.5543     0.3834    16.3278 4.1553e+02    19.3713     -0.221     -0.320    23.6300 0.0000e+00
     -0.225      0.006     8.8707    129.414     46.702  45.509445     6.3000     3.5581     0.3834    16.3278 4.1806e+02    19.4314     -0.221     -0.320    23.6303 0.0000e+00
     -0.225      0.006     9.3282    134.027     46.716  45.544723     6.3000     3.5543     0.3408    17.0892 4.1988e+02    19.4014     -0.221     -0.320    23.6411 0.0000e+00
     -0.224      0.007     9.8760    136.701     46.700  45.540035     6.3000     3.3025     0.3408    17.0892 4.1843e+02    19.9124     -0.220     -0.319    23.6607 0.0000e+00
     -0.222      0.008    10.4421    137.268     46.658  45.502057     6.3000     3.2949     0.3408    17.0892 4.1399e+02    19.9124     -0.217     -0.316    23.6880 0.0000e+00
     -0.219      0.009    10.9486    135.904     46.607  45.448400     6.3000     3.2720     0.3408    17.0892 4.0872e+02    19.8673     -0.214     -0.311    23.7173 0.0000e+00
     -0.215      0.010    11.3343    133.028     46.561  45.396460     6.3000     3.3178     0.3408    17.0892 4.0369e+02    19.9124     -0.211     -0.306    23.7402 0.0000e+00
     -0.212      0.009    11.5580    129.217     46.517  45.344274     6.3900     3.3559     0.3834    17.3007 4.0046e+02    19.2210     -0.208     -0.302    23.7528 0.0000e+00
     -0.210      0.008    11.6056    125.052     46.468  45.285852     6.3900     3.3788     0.3834    17.3007 4.0220e+02    19.1609     -0.206     -0.299    23.7558 0.0000e+00
     -0.208      0.006    11.4912    120.952     46.421  45.231371     6.3900     3.3750     0.3834    17.3007 4.0518e+02    19.2811     -0.204     -0.296    23.7519 0.0000e+00
     -0.207      0.005    11.2498    117.167     46.386  45.190080     6.3900     3.3712     0.3834    17.3007 4.0651e+02    19.2360     -0.203     -0.295    23.7438 0.0000e+00
     -0.206      0.003    10.9297    113.838     46.364  45.164838     6.4800     3.8251     0.3834    17.0892 4.0659e+02    19.3713     -0.202     -0.294    23.7335 0.0000e+00
     -0.205      0.002    10.5795    111.051     46.363  45.164766     6.4800     3.7946     0.3834    17.0892 4.0536e+02    19.4014     -0.201     -0.292    23.7228 0.0000e+00
     -0.205      0.001    10.2347    108.863     46.377  45.185879     6.4800     3.8099     0.3834    17.0892 4.0501e+02    19.4765     -0.201     -0.291    23.7127 0.0000e+00
     -0.205      0.001     9.9160    107.288     46.392  45.213996     6.4800     3.7832     0.3834    17.0892 4.0633e+02    19.5066     -0.201     -0.291    23.7046 0.0000e+00
     -0.205      0.000     9.6351    106.268     46.402  45.242744     6.4800     4.7292     0.3834    17.5122 4.0695e+02    19.4615     -0.201     -0.291    23.7004 0.0000e+00
     -0.205     -0.001     9.3991    105.691     46.409  45.269883     6.4800     4.7559     0.3834    17.5122 4.0695e+02    19.4164     -0.201     -0.292    23.7017 0.0000e+00
     -0.206     -0.002     9.2125    105.444     46.416  45.298688     6.4800     4.7712     0.3834    17.5122 4.0704e+02    19.3563     -0.201     -0.292    23.7096 0.0000e+00
     -0.206     -0.003     9.0768    105.466     46.432  45.334862     6.4800     4.7674     0.3834    17.5122 4.0721e+02    19.3563     -0.202     -0.293    23.7244 0.0000e+00
     -0.207     -0.003     8.9872    105.753     46.459  45.378145     6.4800     4.0502     0.3834    17.7237 4.0501e+02    19.1459     -0.202     -0.294    23.7444 0.0000e+00
     -0.207     -0.004     8.9346    106.334     46.482  45.412339     6.4800     4.0235     0.3834    17.7237 4.0624e+02    19.1308     -0.203     -0.295    23.7670 0.0000e+00
     -0.209     -0.004     8.9098    107.229     46.488  45.422785     6.4800     4.0426     0.3834    17.7237 4.0854e+02    19.2360     -0.205     -0.297    23.7901 0.0000e+00
     -0.210     -0.004     8.9080    108.414     46.489  45.424158     6.4800     4.0426     0.3834    17.7237 4.0890e+02    19.1459     -0.206     -0.298    23.8122 0.0000e+00
     -0.211     -0.004     8.9290    109.843     46.510  45.444564     6.4800     4.1799     0.3834    17.7237 4.0783e+02    19.4465     -0.207     -0.300    23.8308 0.0000e+00
     -0.212     -0.004     8.9761    111.462     46.548  45.481519     6.4800     4.1914     0.4260    18.0198 4.0739e+02    19.5366     -0.208     -0.301    23.8429 0.0000e+00
     -0.213     -0.004     9.0508    113.180     46.572  45.501285     6.4800     4.1799     0.4260    18.0198 4.0943e+02    19.4615     -0.209     -0.303    23.8480 0.0000e+00
     -0.214     -0.003     9.1507    114.832     46.569  45.493282     6.4800     4.1799     0.4260    18.0198 4.1086e+02    19.4465     -0.210     -0.305    23.8489 0.0000e+00
     -0.215     -0.002     9.2713    116.209     46.559  45.479152     6.4800     3.8557     0.4260    18.0198 4.1184e+02    20.4986     -0.211     -0.306    23.8489 0.0000e+00
     -0.215     -0.001     9.4080    117.173     46.556  45.474942     6.5700     3.8595     0.3834    17.4276 4.1112e+02    20.3934     -0.211     -0.306    23.8483 0.0000e+00
     -0.215     -0.001     9.5537    117.712     46.559  45.483490     6.5700     3.8519     0.3834    17.4276 4.0899e+02    20.4535     -0.211     -0.306    23.8449 0.0000e+00
     -0.215     -0.000     9.6942    117.909     46.564  45.499151     6.5700     3.8595     0.3834    17.4276 4.0925e+02    20.3032     -0.211     -0.306    23.8390 0.0000e+00
     -0.215     -0.000     9.8114    117.843     46.561  45.510251     6.5700     5.2023     0.3834    17.4276 4.1014e+02    19.1759     -0.211     -0.306    23.8340 0.0000e+00
     -0.215 7.0856e-07     9.8928    117.547     46.553  45.515788     6.5700     5.1794     0.4260    17.0469 4.1148e+02    19.1008     -0.211     -0.306    23.8332 0.0000e+00
     -0.215 9.1101e-07     9.9373    117.035     46.550  45.525165     6.5700     5.1908     0.4260    17.0469 4.1050e+02    19.1759     -0.211     -0.306    23.8390 0.0000e+00
     -0.215      0.000     9.9517    116.354     46.562  45.548809     6.5700     5.1794     0.4260    17.0469 4.0970e+02    19.1459     -0.211     -0.306    23.8510 0.0000e+00
     -0.215      0.000     9.9434    115.590     46.590  45.589062     6.5700     3.9243     0.4260    17.0469 4.0961e+02    19.8072     -0.211     -0.306    23.8659 0.0000e+00
     -0.215      0.000     9.9157    114.838     46.622  45.632880     6.4800     3.9129     0.3834    17.4699 4.1032e+02    19.8823     -0.211     -0.306    23.8804 0.0000e+00
     -0.215      0.000     9.8702    114.178     46.647  45.668173     6.4800     3.9091     0.3834    17.4699 4.1032e+02    20.0026     -0.211     -0.306    23.8933 0.0000e+00
     -0.215      0.000     9.8104    113.664     46.662  45.692463     6.4800     3.9053     0.3834    17.4699 4.1095e+02    19.9425     -0.211     -0.306    23.9060 0.0000e+00
     -0.215      0.000     9.7436    113.334     46.666  45.704302     6.4800     3.6039     0.3834    17.4699 4.1104e+02    20.1679     -0.211     -0.306    23.9194 0.0000e+00
     -0.215      0.000     9.6778    113.232     46.663  45.706847     6.4800     3.5886     0.3834    17.4699 4.1095e+02    20.1679     -0.211     -0.306    23.9329 0.0000e+00
     -0.215      0.000     9.6199    113.396     46.661  45.708704     6.7500     3.6230     0.4260    17.0892 4.1121e+02    20.2130     -0.211     -0.305    23.9452 0.0000e+00
