Data/DataNotYetUploadedToEDI/Raw_CTD/RawDownloads/062723_fcrXX_S8188013.cnv
* Sea-Bird SBE19plus  Data File:
* FileName = C:\R\Reservoirs\Data\DataNotYetUploadedToEDI\Raw_CTD\RawDownloads\062623_fcr50_S8188_0013.hex
* Software version 2.8.0.119
* Temperature SN = 8188
* Conductivity SN = 8188
* System UpLoad Time = Jul 03 2023 16:33:53
* <ApplicationData>
* <Seaterm232>
# nquan = 16
# nvalues = 646                         
# units = specified
# name 0 = depFM: Depth [fresh water, m]
# name 1 = dz/dtM: Descent Rate [m/s]
# name 2 = sbeox0Mg/L: Oxygen, SBE 43 [mg/l]
# name 3 = sbeox0PS: Oxygen, SBE 43 [% saturation]
# name 4 = specc: Specific Conductance [uS/cm]
# name 5 = c0uS/cm: Conductivity [uS/cm]
# name 6 = wetCDOM: Fluorescence, WET Labs CDOM [mg/m^3]
# name 7 = flECO-AFL: Fluorescence, WET Labs ECO-AFL/FL [mg/m^3]
# name 8 = flECO-AFL1: Fluorescence, WET Labs ECO-AFL/FL, 2 [mg/m^3]
# name 9 = flECO-AFL2: Fluorescence, WET Labs ECO-AFL/FL, 3 [mg/m^3]
# name 10 = par/sat/log: PAR/Logarithmic, Satlantic
# name 11 = turbWETntu0: Turbidity, WET Labs ECO [NTU]
# name 12 = prdM: Pressure, Strain Gauge [db]
# name 13 = prdE: Pressure, Strain Gauge [psi]
# name 14 = tv290C: Temperature [ITS-90, deg C]
# name 15 = flag:  0.000e+00
# span 0 =     -0.718,      4.549       
# span 1 =     -0.240,      0.141       
# span 2 =    -0.2142,    16.0270       
# span 3 =     -1.983,    186.573       
# span 4 =      0.436,     48.093       
# span 5 =   0.395384,  47.323569       
# span 6 =    -4.5000,     7.0200       
# span 7 =    -0.1536,     5.2023       
# span 8 =    -2.1300,     0.9798       
# span 9 =    -2.0304,    21.9537       
# span 10 = 1.1587e-01, 5.2521e+02      
# span 11 =    -0.5136,    74.6071      
# span 12 =     -0.704,      4.461      
# span 13 =     -1.021,      6.470      
# span 14 =    10.6404,    24.1936      
# span 15 = 0.0000e+00, 0.0000e+00      
# interval = seconds: 0.25
# start_time = Jun 27 2023 15:09:33 [Instrument's time stamp, header]
# bad_flag = -9.990e-29
*END*
[from data line 362]
      3.061      0.072     0.2156      1.947     44.734  33.943151     3.9600     0.3766     0.1278     0.2961 5.5045e-01     5.2129      3.002      4.355    13.1907 0.0000e+00
      3.080      0.075     0.2142      1.913     44.913  34.031974     3.9600     0.3613     0.1278     0.2961 5.3991e-01     5.1829      3.021      4.381    13.1286 0.0000e+00
      3.100      0.077     0.2119      1.887     45.090  34.120475     3.9600     0.3919     0.1278     0.2961 5.3442e-01     5.2430      3.040      4.409    13.0629 0.0000e+00
      3.120      0.080     0.2089      1.870     45.263  34.202546     3.9600     0.2088     0.1278     0.2961 5.0081e-01     5.9043      3.060      4.437    12.9976 0.0000e+00
      3.140      0.084     0.2054      1.864     45.436  34.276306     4.0500     0.2393     0.1704     0.2538 4.8633e-01     5.9795      3.080      4.466    12.9380 0.0000e+00
      3.161      0.087     0.2021      1.866     45.617  34.347561     4.0500     0.2355     0.1704     0.2538 4.7402e-01     5.9494      3.100      4.497    12.8854 0.0000e+00
      3.184      0.090     0.1995      1.873     45.783  34.403620     4.0500     0.2393     0.1704     0.2538 4.6484e-01     5.9945      3.123      4.529    12.8351 0.0000e+00
      3.208      0.092     0.1980      1.882     45.898  34.423783     4.0500     0.1782     0.1704     0.2538 4.6575e-01     7.4975      3.146      4.563    12.7808 0.0000e+00
      3.233      0.094     0.1976      1.891     45.950  34.405501     4.1400     0.1897     0.1704     0.1692 4.3968e-01     7.4674      3.171      4.599    12.7183 0.0000e+00
      3.258      0.094     0.1982      1.898     45.954  34.359741     4.1400     0.1706     0.1704     0.1692 4.1789e-01     7.3923      3.195      4.634    12.6467 0.0000e+00
      3.283      0.092     0.1993      1.904     45.930  34.298065     4.1400     0.1706     0.1704     0.1692 4.0528e-01     7.4223      3.219      4.669    12.5706 0.0000e+00
      3.306      0.090     0.2005      1.916     45.899  34.229771     4.1400     0.1744     0.1704     0.1692 4.0616e-01     6.6258      3.242      4.702    12.4983 0.0000e+00
      3.328      0.087     0.2018      1.942     45.881  34.168332     4.1400     0.1630     0.1704     0.1692 3.8510e-01     6.7460      3.264      4.734    12.4358 0.0000e+00
      3.350      0.084     0.2028      1.990     45.891  34.127069     4.1400     0.2011     0.1704     0.1269 3.8168e-01     6.6408      3.285      4.764    12.3826 0.0000e+00
      3.371      0.082     0.2036      2.063     45.922  34.102900     4.1400     0.1859     0.1704     0.1269 3.9399e-01     6.7761      3.305      4.794    12.3342 0.0000e+00
      3.391      0.080     0.2052      2.171     45.945  34.077494     4.1400     0.1935     0.1704     0.1269 3.7033e-01     6.7009      3.325      4.823    12.2852 0.0000e+00
      3.411      0.078     0.2083      2.335     45.948  34.040115     4.1400     0.1706     0.1704     0.1269 3.7194e-01     6.7610      3.345      4.852    12.2331 0.0000e+00
      3.431      0.077     0.2137      2.579     45.946  33.996637     4.0500     0.1515     0.1704     0.1269 3.4261e-01     6.7310      3.364      4.880    12.1797 0.0000e+00
      3.450      0.077     0.2218      2.930     45.950  33.955270     4.0500     0.1935     0.1704     0.1269 3.6371e-01     6.7310      3.383      4.907    12.1286 0.0000e+00
      3.469      0.077     0.2337      3.422     45.951  33.908942     4.0500     0.2088     0.1704     0.1269 3.4306e-01     6.4454      3.402      4.935    12.0824 0.0000e+00
      3.489      0.078     0.2517      4.101     45.922  33.837375     4.0500     0.1897     0.1704     0.1269 3.3379e-01     6.4905      3.421      4.962    12.0389 0.0000e+00
      3.508      0.079     0.2784      5.029     45.858  33.733366     3.9600     0.1744     0.1704     0.1692 3.3083e-01     6.4304      3.440      4.990    11.9937 0.0000e+00
      3.528      0.082     0.3168      6.263     45.801  33.622649     3.9600     0.2011     0.1704     0.1692 3.3598e-01     6.4754      3.460      5.018    11.9449 0.0000e+00
      3.549      0.085     0.3705      7.838     45.787  33.535108     3.9600     0.0981     0.1704     0.1692 3.2761e-01     6.6258      3.480      5.048    11.8937 0.0000e+00
      3.571      0.089     0.4448      9.785     45.800  33.465220     3.9600     0.1172     0.1704     0.1692 3.1402e-01     6.6859      3.502      5.079    11.8395 0.0000e+00
      3.595      0.092     0.5465     12.157     45.807  33.394345     3.9600     0.1058     0.1704     0.2115 2.8576e-01     6.6859      3.525      5.113    11.7771 0.0000e+00
      3.619      0.094     0.6818     15.037     45.797  33.319421     3.9600     0.1172     0.1704     0.2115 2.7408e-01     6.7761      3.549      5.148    11.7024 0.0000e+00
      3.644      0.095     0.8549     18.500     45.772  33.244233     3.9600     0.1019     0.1704     0.2115 3.0421e-01     6.3853      3.574      5.183    11.6182 0.0000e+00
      3.669      0.096     1.0690     22.563     45.743  33.174471     3.9600     0.0943     0.1704     0.2115 2.5362e-01     6.4304      3.598      5.219    11.5312 0.0000e+00
      3.693      0.095     1.3302     27.150     45.708  33.107374     3.9600     0.1210     0.1704     0.2115 2.3819e-01     6.5356      3.622      5.253    11.4483 0.0000e+00
      3.717      0.095     1.6474     32.109     45.663  33.034951     3.9600     0.1134     0.1704     0.0846 2.5999e-01     6.5656      3.646      5.287    11.3745 0.0000e+00
      3.741      0.094     2.0291     37.239     45.620  32.965612     3.9600     0.1363     0.1704     0.0846 2.1969e-01     5.9193      3.669      5.321    11.3118 0.0000e+00
      3.765      0.093     2.4769     42.323     45.601  32.916511     3.9600     0.1210     0.1704     0.0846 2.0771e-01     6.0245      3.692      5.355    11.2591 0.0000e+00
      3.789      0.092     2.9828     47.154     45.604  32.890396     3.9600     0.1210     0.1704     0.0846 2.4121e-01     5.9494      3.715      5.389    11.2130 0.0000e+00
      3.812      0.091     3.5303     51.599     45.603  32.868420     3.8700     0.1286     0.1704     0.1692 2.3798e-01     5.8592      3.738      5.422    11.1697 0.0000e+00
      3.835      0.090     4.0975     55.634     45.576  32.832840     3.8700     0.1019     0.1704     0.1692 1.8488e-01     5.4985      3.761      5.455    11.1278 0.0000e+00
      3.857      0.091     4.6602     59.312     45.526  32.778129     3.8700     0.1172     0.1704     0.1692 2.1099e-01     5.5286      3.783      5.486    11.0892 0.0000e+00
      3.879      0.092     5.1950     62.700     45.466  32.707521     3.8700     0.1325     0.1704     0.1692 2.2549e-01     5.5286      3.804      5.518    11.0578 0.0000e+00
      3.902      0.094     5.6870     65.817     45.419  32.637832     3.8700     0.1286     0.1278     0.0846 2.2613e-01     5.4083      3.827      5.550    11.0350 0.0000e+00
      3.926      0.096     6.1338     68.656     45.403  32.588101     3.8700     0.1134     0.1278     0.0846 1.9313e-01     5.1979      3.850      5.584    11.0170 0.0000e+00
      3.952      0.097     6.5423     71.260     45.413  32.560906     3.8700     0.1363     0.1278     0.0846 1.9363e-01     5.2430      3.875      5.621    10.9962 0.0000e+00
      3.978      0.098     6.9208     73.746     45.427  32.545035     3.8700     0.1325     0.1278     0.0846 2.0027e-01     5.3031      3.901      5.658    10.9661 0.0000e+00
      4.004      0.098     7.2713     76.262     45.436  32.532293     3.7800     0.1248     0.1278     0.2538 1.8694e-01     5.2730      3.927      5.695    10.9267 0.0000e+00
      4.029      0.097     7.5922     78.914     45.428  32.511361     3.7800     0.1286     0.1278     0.2538 1.7283e-01     5.0175      3.951      5.731    10.8846 0.0000e+00
      4.053      0.095     7.8866     81.709     45.402  32.476658     3.7800     0.1325     0.1278     0.2538 1.6703e-01     4.9574      3.975      5.765    10.8473 0.0000e+00
      4.077      0.093     8.1668     84.550     45.386  32.446651     3.7800     0.1172     0.1278     0.2538 1.5276e-01     5.0776      3.998      5.799    10.8185 0.0000e+00
      4.100      0.091     8.4494     87.276     45.398  32.437103     3.7800     0.1401     0.1278     0.2538 1.6703e-01     5.0626      4.021      5.832    10.7974 0.0000e+00
      4.124      0.089     8.7465     89.697     45.420  32.437546     3.7800     0.1248     0.0852     0.0846 1.3784e-01     5.3332      4.044      5.865    10.7803 0.0000e+00
      4.147      0.086     9.0599     91.646     45.430  32.432254     3.7800     0.1286     0.0852     0.0846 1.7571e-01     5.2730      4.067      5.898    10.7627 0.0000e+00
      4.169      0.084     9.3792     93.019     45.425  32.419816     3.7800     0.1019     0.0852     0.0846 1.4431e-01     5.2430      4.088      5.929    10.7428 0.0000e+00
      4.190      0.081     9.6859     93.812     45.414  32.404837     3.7800     0.1286     0.0852     0.0846 1.2670e-01     5.2279      4.109      5.959    10.7228 0.0000e+00
      4.209      0.078     9.9584     94.110     45.410  32.395203     3.7800     0.1325     0.1278     0.0846 1.3215e-01     5.4985      4.128      5.987    10.7056 0.0000e+00
      4.229      0.076    10.1777     94.043     45.414  32.392306     3.7800     0.1134     0.1278     0.0846 1.2392e-01     5.5286      4.147      6.015    10.6924 0.0000e+00
      4.248      0.073    10.3323     93.735     45.415  32.387451     3.7800     0.1286     0.1278     0.0846 1.1607e-01     5.4835      4.165      6.042    10.6825 0.0000e+00
      4.266      0.071    10.4222     93.265     45.415  32.383304     3.7800     0.1363     0.1278     0.0846 1.2985e-01     5.4684      4.184      6.068    10.6746 0.0000e+00
      4.284      0.067    10.4570     92.662     45.424  32.386680     3.7800     0.1744     0.0852     0.0423 1.2026e-01     7.6929      4.202      6.094    10.6674 0.0000e+00
      4.302      0.064    10.4511     91.945     45.433  32.390559     3.7800     0.1782     0.0852     0.0423 1.1628e-01     7.6328      4.219      6.119    10.6606 0.0000e+00
      4.318      0.059    10.4182     91.130     45.426  32.384094     3.7800     0.1821     0.0852     0.0423 1.1600e-01     7.7380      4.234      6.141    10.6547 0.0000e+00
      4.332      0.055    10.3671     90.234     45.413  32.373481     3.7800     0.1859     0.0852     0.0423 1.1597e-01     7.6177      4.248      6.162    10.6500 0.0000e+00
      4.345      0.050    10.3010     89.277     45.411  32.371732     3.7800     0.3804     0.0852     0.0423 1.3204e-01    13.8703      4.261      6.180    10.6464 0.0000e+00
      4.357      0.045    10.2219     88.281     45.421  32.378382     3.7800     0.3423     0.1278     0.1692 1.1693e-01    13.8703      4.273      6.197    10.6439 0.0000e+00
      4.368      0.040    10.1317     87.267     45.433  32.387281     3.7800     0.3652     0.1278     0.1692 1.1615e-01    13.8102      4.283      6.212    10.6422 0.0000e+00
      4.377      0.036    10.0324     86.264     45.439  32.392882     3.7800     0.3804     0.1278     0.1692 1.1605e-01    13.8252      4.292      6.226    10.6412 0.0000e+00
      4.386      0.032     9.9261     85.295     45.442  32.396680     3.7800     0.4949     0.1278     0.1692 1.1623e-01    18.6499      4.301      6.238    10.6406 0.0000e+00
      4.393      0.029     9.8154     84.389     45.447  32.403646     3.7800     0.4834     0.1278     0.0846 1.1633e-01    18.6198      4.308      6.249    10.6404 0.0000e+00
      4.400      0.026     9.7026     83.579     45.450  32.411678     3.7800     0.5101     0.1278     0.0846 1.1602e-01    18.7551      4.315      6.259    10.6408 0.0000e+00
      4.406      0.024     9.5908     82.885     45.454  32.422918     3.7800     0.4643     0.1278     0.0846 1.1602e-01    18.7851      4.321      6.267    10.6419 0.0000e+00
      4.412      0.022     9.4826     82.311     45.467  32.444325     3.7800     0.3003     0.1278     0.0846 1.1605e-01    13.7801      4.326      6.275    10.6440 0.0000e+00
      4.417      0.021     9.3812     81.839     45.481  32.469724     3.7800     0.3118     0.1704     0.1692 1.1605e-01    13.8402      4.332      6.282    10.6476 0.0000e+00
      4.422      0.020     9.2898     81.428     45.480  32.486088     3.7800     0.3003     0.1704     0.1692 1.1597e-01    13.9154      4.337      6.289    10.6536 0.0000e+00
      4.427      0.020     9.2107     81.032     45.470  32.493821     3.7800     0.3156     0.1704     0.1692 1.1600e-01    13.7500      4.341      6.297    10.6630 0.0000e+00
      4.432      0.019     9.1440     80.618     45.461  32.498946     3.7800     0.1782     0.1704     0.1692 1.1600e-01     9.7520      4.346      6.304    10.6766 0.0000e+00
      4.437      0.019     9.0880     80.152     45.455  32.502830     3.7800     0.1897     0.1704     0.1269 1.1610e-01     9.8272      4.351      6.310    10.6938 0.0000e+00
      4.442      0.020     9.0384     79.618     45.458  32.510468     3.7800     0.1859     0.1704     0.1269 1.1612e-01     9.7370      4.356      6.317    10.7121 0.0000e+00
      4.447      0.020     8.9910     79.026     45.460  32.515977     3.7800     0.1935     0.1704     0.1269 1.1625e-01     9.7670      4.361      6.325    10.7287 0.0000e+00
      4.452      0.020     8.9424     78.403     45.454  32.512906     3.7800     0.2049     0.1704     0.1269 1.1617e-01     6.0997      4.366      6.332    10.7413 0.0000e+00
      4.457      0.020     8.8889     77.775     45.447  32.508355     3.7800     0.1897     0.1704     0.1269 1.1607e-01     6.2500      4.371      6.339    10.7502 0.0000e+00
      4.462      0.020     8.8283     77.169     45.437  32.501113     3.7800     0.2164     0.0852     0.0846 1.1600e-01     6.3402      4.376      6.346    10.7565 0.0000e+00
      4.467      0.021     8.7618     76.605     45.421  32.489247     3.7800     0.1782     0.0852     0.0846 1.1607e-01     6.2199      4.381      6.354    10.7605 0.0000e+00
      4.473      0.021     8.6924     76.096     45.405  32.477514     3.7800     0.1935     0.0852     0.0846 1.1607e-01     6.1147      4.386      6.361    10.7623 0.0000e+00
      4.478      0.022     8.6227     75.665     45.397  32.470707     3.7800     0.1782     0.0852     0.0846 1.1615e-01     6.2199      4.392      6.370    10.7628 0.0000e+00
      4.484      0.022     8.5554     75.339     45.397  32.470971     3.7800     0.1935     0.0852     0.0846 1.1617e-01     6.2801      4.397      6.378    10.7628 0.0000e+00
      4.490      0.022     8.4930     75.126     45.412  32.482336     3.7800     0.1706     0.0852     0.0846 1.1617e-01     6.2801      4.403      6.386    10.7623 0.0000e+00
      4.496      0.022     8.4368     75.018     45.440  32.503872     3.7800     0.1782     0.0852     0.0846 1.1643e-01     5.5586      4.409      6.394    10.7614 0.0000e+00
      4.501      0.022     8.3892     74.987     45.456  32.517561     3.7800     0.1897     0.0852     0.0846 1.1600e-01     5.6338      4.414      6.402    10.7606 0.0000e+00
      4.507      0.022     8.3531     74.990     45.449  32.515169     3.7800     0.1973     0.1278     0.2961 1.1597e-01     5.5135      4.420      6.410    10.7604 0.0000e+00
      4.512      0.022     8.3293     74.971     45.442  32.511903     3.7800     0.1935     0.1278     0.2961 1.1620e-01     5.4684      4.425      6.418    10.7610 0.0000e+00
      4.518      0.021     8.3169     74.868     45.451  32.518772     3.7800     0.1058     0.1278     0.2961 1.1605e-01     5.3332      4.431      6.426    10.7630 0.0000e+00
      4.523      0.020     8.3130     74.629     45.470  32.533648     3.7800     0.1286     0.1278     0.2961 1.1610e-01     5.2279      4.436      6.434    10.7659 0.0000e+00
