Data/DataNotYetUploadedToEDI/Raw_CTD/RawDownloads/062723_fcrXX_S8188019.cnv
* Sea-Bird SBE19plus  Data File:
* FileName = C:\R\Reservoirs\Data\DataNotYetUploadedToEDI\Raw_CTD\RawDownloads\062623_fcr50_S8188_0019.hex
* Software version 2.8.0.119
* Temperature SN = 8188
* Conductivity SN = 8188
* System UpLoad Time = Jul 03 2023 16:35:11
* <ApplicationData>
* <Seaterm232>
# nquan = 16
# nvalues = 742                         
# units = specified
# name 0 = depFM: Depth [fresh water, m]
# name 1 = dz/dtM: Descent Rate [m/s]
# name 2 = sbeox0Mg/L: Oxygen, SBE 43 [mg/l]
# name 3 = sbeox0PS: Oxygen, SBE 43 [% saturation]
# name 4 = specc: Specific Conductance [uS/cm]
# name 5 = c0uS/cm: Conductivity [uS/cm]
# name 6 = wetCDOM: Fluorescence, WET Labs CDOM [mg/m^3]
# name 7 = flECO-AFL: Fluorescence, WET Labs ECO-AFL/FL [mg/m^3]
# name 8 = flECO-AFL1: Fluorescence, WET Labs ECO-AFL/FL, 2 [mg/m^3]
# name 9 = flECO-AFL2: Fluorescence, WET Labs ECO-AFL/FL, 3 [mg/m^3]
# name 10 = par/sat/log: PAR/Logarithmic, Satlantic
# name 11 = turbWETntu0: Turbidity, WET Labs ECO [NTU]
# name 12 = prdM: Pressure, Strain Gauge [db]
# name 13 = prdE: Pressure, Strain Gauge [psi]
# name 14 = tv290C: Temperature [ITS-90, deg C]
# name 15 = flag:  0.000e+00
# span 0 =     -0.723,      9.088       
# span 1 =     -0.282,      0.425       
# span 2 =    -0.0387,    17.8639       
# span 3 =     -0.366,    210.446       
# span 4 =      1.660,     55.235       
# span 5 =   1.453874,  48.107112       
# span 6 =    -4.5000,    13.4100       
# span 7 =    -0.1651,     3.9434       
# span 8 =    -2.1300,     1.7892       
# span 9 =    -2.0304,    20.8116       
# span 10 = 1.1587e-01, 4.9722e+02      
# span 11 =    -0.4835,   172.0174      
# span 12 =     -0.709,      8.912      
# span 13 =     -1.028,     12.927      
# span 14 =    10.6065,    24.4167      
# span 15 = 0.0000e+00, 0.0000e+00      
# interval = seconds: 0.25
# start_time = Jun 27 2023 15:59:08 [Instrument's time stamp, header]
# bad_flag = -9.990e-29
*END*
[from data line 724]
     -0.304     -0.052    11.6684    153.051     40.408  36.879516     6.4800     3.2148     0.3834    17.9352 3.6904e+02    20.2581     -0.298     -0.433    20.8702 0.0000e+00
     -0.313     -0.064    12.5185    150.124     40.789  37.223592     6.4800     3.1766     0.3834    17.9352 3.3256e+02    20.2731     -0.307     -0.446    20.8609 0.0000e+00
     -0.328     -0.082    13.2165    144.120     41.028  37.509594     6.4800     3.2262     0.3834    17.9352 3.0747e+02    17.2070     -0.322     -0.467    20.7913 0.0000e+00
     -0.350     -0.105    13.6522    136.297     40.844  37.469144     6.4800     3.2453     0.3834    17.9352 3.4320e+02    17.2220     -0.343     -0.498    20.7025 0.0000e+00
     -0.379     -0.127    13.7487    128.143     39.940  36.792354     6.4800     3.2377     0.3834    17.9352 3.8686e+02    17.1018     -0.372     -0.539    20.6364 0.0000e+00
     -0.414     -0.146    13.4892    120.939     38.034  35.175943     6.3000     3.2300     0.3834    15.9048 4.5267e+02    17.2070     -0.406     -0.589    20.6361 0.0000e+00
     -0.455     -0.159    12.9306    115.416     34.787  32.276040     6.3000     1.9712     0.3834    15.9048 4.7659e+02    80.5590     -0.446     -0.648    20.7260 0.0000e+00
     -0.500     -0.163    12.1919    111.717     29.498  27.424334     6.3000     1.9597     0.3834    15.9048 4.9722e+02    80.6792     -0.491     -0.712    20.8922 0.0000e+00
     -0.545     -0.160    11.4182    109.637     22.803  21.223446     6.3000     1.9559     0.3834    15.9048 4.5228e+02    80.5740     -0.534     -0.775    21.0942 0.0000e+00
     -0.583     -0.151    10.7344    108.829     17.274  16.087448     6.3900     1.9559     0.3834    17.8506 3.1731e+02    80.5740     -0.572     -0.830    21.2884 0.0000e+00
     -0.613     -0.138    10.2106    108.921     13.929  12.978242     6.3900    -0.1041     0.3834    17.8506 1.9896e+02    -0.4234     -0.602     -0.873    21.4438 0.0000e+00
     -0.636     -0.126     9.8604    109.542     12.080  11.256588     6.3900    -0.1155     0.3834    17.8506 1.5356e+02    -0.3482     -0.624     -0.906    21.5485 0.0000e+00
     -0.654     -0.116     9.6631    110.241     11.592  10.801571     6.3900    -0.1269     0.3834    17.8506 1.0823e+02    -0.4685     -0.641     -0.931    21.6087 0.0000e+00
     -0.667     -0.113     9.5850    110.545     11.722  10.922069    13.4100    -0.1269     0.9372     0.8037 9.2473e+01    -0.3332     -0.654     -0.949    21.6364 0.0000e+00
     -0.676 -9.990e-29     9.5909 -9.990e-29 -9.990e-29 -9.990e-29    13.4100 -9.990e-29     0.9372     0.8037 8.4059e+01 -9.990e-29     -0.663     -0.962    21.6423 0.0000e+00
     -0.682 -9.990e-29     9.6464 -9.990e-29 -9.990e-29 -9.990e-29    13.4100 -9.990e-29     0.9372     0.8037 7.1713e+01 -9.990e-29     -0.669     -0.971    21.6347 0.0000e+00
     -0.686 -9.990e-29     9.7098 -9.990e-29 -9.990e-29 -9.990e-29    13.4100 -9.990e-29     0.9372     0.8037 6.5929e+01 -9.990e-29     -0.673     -0.976    21.6227 0.0000e+00
     -0.687 -9.990e-29     9.7376 -9.990e-29 -9.990e-29 -9.990e-29     0.0000 -9.990e-29    -0.0852     0.4653 6.5075e+01 -9.990e-29     -0.674     -0.978    21.6169 0.0000e+00
