Data/DataNotYetUploadedToEDI/Raw_CTD/RawDownloads/062723_fcrXX_S8188020.cnv
* Sea-Bird SBE19plus  Data File:
* FileName = C:\R\Reservoirs\Data\DataNotYetUploadedToEDI\Raw_CTD\RawDownloads\062623_fcr50_S8188_0020.hex
* Software version 2.8.0.119
* Temperature SN = 8188
* Conductivity SN = 8188
* System UpLoad Time = Jul 03 2023 16:35:19
* <ApplicationData>
* <Seaterm232>
# nquan = 16
# nvalues = 411                         
# units = specified
# name 0 = depFM: Depth [fresh water, m]
# name 1 = dz/dtM: Descent Rate [m/s]
# name 2 = sbeox0Mg/L: Oxygen, SBE 43 [mg/l]
# name 3 = sbeox0PS: Oxygen, SBE 43 [% saturation]
# name 4 = specc: Specific Conductance [uS/cm]
# name 5 = c0uS/cm: Conductivity [uS/cm]
# name 6 = wetCDOM: Fluorescence, WET Labs CDOM [mg/m^3]
# name 7 = flECO-AFL: Fluorescence, WET Labs ECO-AFL/FL [mg/m^3]
# name 8 = flECO-AFL1: Fluorescence, WET Labs ECO-AFL/FL, 2 [mg/m^3]
# name 9 = flECO-AFL2: Fluorescence, WET Labs ECO-AFL/FL, 3 [mg/m^3]
# name 10 = par/sat/log: PAR/Logarithmic, Satlantic
# name 11 = turbWETntu0: Turbidity, WET Labs ECO [NTU]
# name 12 = prdM: Pressure, Strain Gauge [db]
# name 13 = prdE: Pressure, Strain Gauge [psi]
# name 14 = tv290C: Temperature [ITS-90, deg C]
# name 15 = flag:  0.000e+00
# span 0 =     -0.719,      3.840       
# span 1 =     -0.216,      0.193       
# span 2 =    -0.6766,    15.2678       
# span 3 =     -6.449,    172.887       
# span 4 =      1.866,     48.218       
# span 5 =   1.626788,  47.626418       
# span 6 =    -4.5000,     7.1100       
# span 7 =    -0.1346,     3.3712       
# span 8 =    -2.1300,     0.6816       
# span 9 =    -2.0304,    20.7693       
# span 10 = 1.6108e-01, 8.1978e+02      
# span 11 =    -0.4835,    59.2012      
# span 12 =     -0.705,      3.766      
# span 13 =     -1.022,      5.461      
# span 14 =    11.2583,    24.4461      
# span 15 = 0.0000e+00, 0.0000e+00      
# interval = seconds: 0.25
# start_time = Jun 27 2023 16:06:42 [Instrument's time stamp, header]
# bad_flag = -9.990e-29
*END*
[from data line 181]
      0.932      0.120     8.4728     52.412     39.508  35.094965     5.1300     2.1848     0.1704     5.5836 4.3462e+00     5.0776      0.914      1.325    19.7970 0.0000e+00
      0.961      0.121     7.6159     44.251     39.567  35.082698     5.1300     2.1962     0.1704     5.5836 3.7835e+00     5.0175      0.943      1.367    19.6915 0.0000e+00
      0.992      0.126     6.6673     38.144     39.643  35.085118     4.8600     2.2573     0.1704     2.6226 3.7102e+00     5.0476      0.973      1.411    19.5995 0.0000e+00
      1.023      0.133     5.7013     34.127     39.747  35.098906     4.8600     1.8377     0.1704     2.6226 3.5858e+00     4.0706      1.003      1.455    19.5032 0.0000e+00
      1.057      0.140     4.8104     31.875     39.867  35.107934     4.8600     1.8186     0.1704     2.6226 3.4051e+00     4.1608      1.036      1.503    19.4117 0.0000e+00
      1.094      0.148     4.0685     30.724     39.974  35.094798     4.8600     1.8415     0.1704     2.6226 2.6620e+00     4.2660      1.073      1.556    19.3305 0.0000e+00
      1.134      0.154     3.5135     29.883     40.057  35.063913     4.7700     1.8529     0.1278     2.3265 2.2518e+00     4.0857      1.112      1.613    19.2486 0.0000e+00
      1.176      0.158     3.1508     28.763     40.112  35.022879     4.7700     1.1472     0.1278     2.3265 1.9667e+00     2.7780      1.153      1.673    19.1500 0.0000e+00
      1.218      0.162     2.9510     27.183     40.134  34.968673     4.7700     1.1357     0.1278     2.3265 1.6375e+00     2.8382      1.195      1.733    19.0288 0.0000e+00
      1.260      0.164     2.8529     25.310     40.126  34.898722     4.7700     1.1434     0.1278     2.3265 1.5362e+00     2.7179      1.236      1.792    18.8948 0.0000e+00
      1.301      0.165     2.7826     23.428     40.101  34.814175     4.6800     1.1777     0.0852     1.1844 1.5405e+00     2.7931      1.276      1.851    18.7648 0.0000e+00
      1.342      0.167     2.6845     21.786     40.079  34.724172     4.6800     0.8649     0.0852     1.1844 1.4651e+00     2.3271      1.316      1.909    18.6526 0.0000e+00
      1.384      0.168     2.5418     20.580     40.073  34.642338     4.6800     0.8649     0.0852     1.1844 1.2694e+00     2.2219      1.358      1.969    18.5609 0.0000e+00
      1.429      0.170     2.3704     19.938     40.079  34.570613     4.6800     0.8420     0.0852     1.1844 1.1751e+00     2.2971      1.401      2.032    18.4821 0.0000e+00
      1.474      0.171     2.1976     19.875     40.081  34.499767     4.6800     0.8458     0.0852     1.1844 1.0680e+00     2.2069      1.445      2.096    18.4034 0.0000e+00
      1.518      0.171     2.0474     20.283     40.075  34.426750     4.5900     0.6055     0.0426     0.9729 1.0257e+00     1.5756      1.489      2.159    18.3155 0.0000e+00
      1.562      0.171     1.9382     20.968     40.058  34.347931     4.5900     0.6475     0.0426     0.9729 1.0303e+00     1.4404      1.532      2.221    18.2194 0.0000e+00
      1.605      0.170     1.8818     21.721     40.029  34.258135     4.5900     0.6322     0.0426     0.9729 9.3620e-01     1.5907      1.573      2.282    18.1235 0.0000e+00
      1.647      0.171     1.8799     22.370     39.991  34.153216     4.5900     0.6131     0.0426     0.9729 8.9813e-01     1.4854      1.615      2.343    18.0332 0.0000e+00
      1.690      0.172     1.9221     22.813     39.940  34.026981     4.4100     0.5521     0.0426     0.4230 9.2166e-01     1.5305      1.657      2.404    17.9487 0.0000e+00
      1.734      0.174     1.9906     23.014     39.874  33.881408     4.4100     0.5826     0.0426     0.4230 8.7845e-01     1.5305      1.700      2.466    17.8683 0.0000e+00
      1.778      0.178     2.0656     22.965     39.792  33.715303     4.4100     0.5750     0.0426     0.4230 7.9679e-01     1.6207      1.744      2.529    17.7869 0.0000e+00
      1.824      0.182     2.1312     22.673     39.695  33.529916     4.4100     0.5559     0.0426     0.4230 7.7023e-01     1.5756      1.789      2.595    17.6961 0.0000e+00
      1.871      0.186     2.1779     22.157     39.602  33.339177     4.2300     0.5063     0.0426     0.3384 7.5860e-01     1.3051      1.835      2.661    17.5925 0.0000e+00
      1.919      0.189     2.2019     21.444     39.524  33.155590     4.2300     0.4911     0.0426     0.3384 6.8317e-01     1.4103      1.881      2.729    17.4793 0.0000e+00
      1.968      0.191     2.2024     20.580     39.478  32.999503     4.2300     0.4987     0.0426     0.3384 6.4396e-01     1.3953      1.930      2.799    17.3584 0.0000e+00
      2.018      0.193     2.1799     19.613     39.479  32.888697     4.2300     0.4872     0.0426     0.3384 6.6399e-01     1.3351      1.979      2.870    17.2279 0.0000e+00
      2.068      0.192     2.1361     18.592     39.507  32.811440     4.0500     0.3652     0.0426     0.1692 6.0819e-01     1.3652      2.028      2.942    17.0870 0.0000e+00
      2.118      0.191     2.0735     17.562     39.537  32.747127     4.0500     0.4033     0.0426     0.1692 6.2033e-01     1.2901      2.077      3.013    16.9388 0.0000e+00
      2.167      0.188     1.9958     16.561     39.569  32.690488     4.0500     0.3804     0.0426     0.1692 5.7030e-01     1.1698      2.125      3.082    16.7902 0.0000e+00
      2.214      0.185     1.9075     15.610     39.613  32.644239     4.0500     0.3652     0.0426     0.1692 5.6402e-01     1.2299      2.171      3.149    16.6494 0.0000e+00
      2.260      0.183     1.8129     14.703     39.682  32.611885     4.0500     0.3957     0.0426     0.1692 5.3652e-01     1.6207      2.216      3.215    16.5231 0.0000e+00
      2.306      0.182     1.7164     13.816     39.797  32.604601     3.9600     0.3919     0.0426     0.1692 5.6647e-01     1.5005      2.261      3.280    16.4103 0.0000e+00
      2.351      0.181     1.6221     12.919     39.968  32.624401     3.9600     0.3881     0.0426     0.1692 5.5297e-01     1.5907      2.305      3.344    16.3053 0.0000e+00
      2.397      0.182     1.5321     11.973     40.178  32.656759     3.9600     0.3575     0.0426     0.1692 5.3188e-01     1.4854      2.351      3.409    16.2018 0.0000e+00
      2.444      0.183     1.4461     10.913     40.415  32.694456     3.9600     0.3728     0.0426     0.1692 5.0683e-01     2.7179      2.396      3.476    16.0911 0.0000e+00
      2.491      0.184     1.3621      9.680     40.666  32.729716     3.8700     0.3919     0.0426     0.1269 4.7114e-01     2.7630      2.443      3.543    15.9638 0.0000e+00
      2.538      0.185     1.2772      8.224     40.900  32.744212     3.8700     0.4071     0.0426     0.1269 5.0342e-01     2.7329      2.489      3.610    15.8151 0.0000e+00
      2.585      0.187     1.1872      6.513     41.092  32.723979     3.8700     0.3842     0.0426     0.1269 4.6041e-01     2.8832      2.536      3.677    15.6438 0.0000e+00
      2.633      0.188     1.0857      4.552     41.241  32.669556     3.8700     0.4987     0.0426     0.1269 4.5199e-01     3.9053      2.582      3.745    15.4524 0.0000e+00
      2.680      0.190     0.9661      2.405     41.392  32.617912     3.7800     0.4872     0.0426     0.2538 4.3721e-01     3.8452      2.629      3.813    15.2468 0.0000e+00
      2.729      0.191     0.8232      0.197     41.616  32.624578     3.7800     0.4758     0.0426     0.2538 4.5504e-01     3.9354      2.676      3.882    15.0345 0.0000e+00
      2.779      0.192     0.6532     -1.905     41.933  32.703208     3.7800     0.4949     0.0426     0.2538 3.8493e-01     3.9203      2.725      3.952    14.8219 0.0000e+00
      2.828      0.193     0.4564     -3.725     42.303  32.825258     3.7800     0.4567     0.0426     0.2538 3.9700e-01     4.1758      2.774      4.023    14.6126 0.0000e+00
      2.878      0.192     0.2390     -5.128     42.702  32.973760     3.8700     0.4224     0.0852     0.2961 4.2025e-01     4.1157      2.823      4.094    14.4069 0.0000e+00
      2.927      0.192     0.0137     -6.039     43.124  33.146725     3.8700     0.4148     0.0852     0.2961 3.7267e-01     4.1157      2.871      4.164    14.2038 0.0000e+00
      2.976      0.191    -0.2022     -6.449     43.557  33.332842     3.8700     0.4376     0.0852     0.2961 3.7445e-01     4.2360      2.918      4.233    14.0030 0.0000e+00
      3.024      0.190    -0.3905     -6.402     44.027  33.550053     3.8700     0.3919     0.0852     0.2961 3.8260e-01     5.0626      2.965      4.301    13.8066 0.0000e+00
      3.072      0.190    -0.5366     -5.988     44.549  33.810728     3.8700     0.3804     0.0852     0.2961 3.8796e-01     5.0927      3.012      4.369    13.6187 0.0000e+00
      3.120      0.190    -0.6326     -5.326     45.046  34.059610     3.9600     0.3575     0.0852     0.2961 3.3069e-01     5.0626      3.060      4.438    13.4415 0.0000e+00
      3.169      0.189    -0.6766     -4.535     45.425  34.228395     3.9600     0.3690     0.0852     0.2961 3.6103e-01     5.1077      3.108      4.508    13.2727 0.0000e+00
      3.218      0.187    -0.6731     -3.716     45.661  34.298715     3.9600     0.2431     0.0852     0.2961 3.0421e-01     6.7911      3.156      4.577    13.1106 0.0000e+00
      3.266      0.185    -0.6310     -2.930     45.796  34.303182     3.9600     0.2507     0.0852     0.2961 2.9806e-01     6.7610      3.203      4.645    12.9564 0.0000e+00
      3.313      0.183    -0.5624     -2.204     45.889  34.280613     4.0500     0.2278     0.1278     0.2538 2.9503e-01     6.7610      3.249      4.712    12.8124 0.0000e+00
      3.359      0.180    -0.4799     -1.543     45.962  34.240831     4.0500     0.2774     0.1278     0.2538 2.5701e-01     6.7310      3.294      4.777    12.6802 0.0000e+00
      3.404      0.177    -0.3940     -0.931     46.012  34.179167     4.0500     0.2049     0.1278     0.2538 3.0421e-01     7.7380      3.338      4.841    12.5608 0.0000e+00
      3.448      0.174    -0.3111     -0.332     46.042  34.098976     4.0500     0.1859     0.1278     0.2538 2.5324e-01     7.6628      3.382      4.904    12.4528 0.0000e+00
      3.493      0.170    -0.2342      0.319     46.051  34.000657     4.2300     0.1782     0.1704     0.1269 2.5099e-01     7.7380      3.425      4.968    12.3511 0.0000e+00
      3.537      0.165    -0.1639      1.109     46.058  33.897595     4.2300     0.2011     0.1704     0.1269 2.1445e-01     7.6779      3.469      5.031    12.2483 0.0000e+00
      3.579      0.158    -0.0985      2.156     46.075  33.801913     4.2300     0.2011     0.1704     0.1269 2.2648e-01     6.9264      3.510      5.091    12.1404 0.0000e+00
      3.619      0.149    -0.0341      3.612     46.080  33.701954     4.2300     0.2088     0.1704     0.1269 2.3597e-01     7.0767      3.549      5.148    12.0284 0.0000e+00
      3.657      0.139     0.0363      5.645     46.084  33.610666     4.1400     0.1935     0.2130     0.2961 2.2900e-01     6.9564      3.586      5.201    11.9138 0.0000e+00
      3.691      0.127     0.1223      8.416     46.122  33.557173     4.1400     0.2088     0.2130     0.2961 2.0825e-01     7.0015      3.620      5.250    11.7965 0.0000e+00
      3.722      0.113     0.2366     12.034     46.200  33.550971     4.1400     0.2393     0.2130     0.2961 2.0569e-01     8.2490      3.650      5.294    11.6788 0.0000e+00
      3.750      0.099     0.3959     16.527     46.283  33.574560     4.1400     0.2698     0.2130     0.2961 1.7317e-01     8.2039      3.677      5.333    11.5665 0.0000e+00
      3.774      0.084     0.6187     21.812     46.340  33.606504     4.1400     0.2393     0.2130     0.2961 1.6108e-01     8.1739      3.701      5.367    11.4643 0.0000e+00
      3.793      0.070     0.9226     27.652     46.380  33.647401     3.9600     0.2507     0.1704     0.0846 1.6387e-01     8.1588      3.720      5.395    11.3759 0.0000e+00
      3.808      0.056     1.3194     33.631     46.416  33.700235     3.9600     0.7848     0.1704     0.0846 1.8244e-01    26.0747      3.735      5.417    11.3085 0.0000e+00
      3.820      0.043     1.8118     39.206     46.443  33.757314     3.9600     0.7505     0.1704     0.0846 1.7030e-01    26.0146      3.746      5.433    11.2689 0.0000e+00
      3.829      0.031     2.3904     43.838     46.448  33.806134     3.9600     0.7924     0.1704     0.0846 1.7033e-01    25.9695      3.755      5.446    11.2583 0.0000e+00
      3.835      0.021     3.0284     47.101     46.429  33.841892     3.8700     0.7810     0.2130     0.1269 1.6401e-01    26.0146      3.760      5.454    11.2711 0.0000e+00
      3.838      0.011     3.6803     48.746     46.396  33.870165     3.8700     1.7614     0.2130     0.1269 1.6725e-01    58.0138      3.764      5.459    11.2999 0.0000e+00
      3.840      0.003     4.2867     48.713     46.361  33.898493     3.8700     1.7385     0.2130     0.1269 1.6642e-01    57.9837      3.766      5.461    11.3401 0.0000e+00
      3.839     -0.006     4.7884     47.137     46.323  33.930471     3.8700     1.7728     0.2130     0.1269 1.8000e-01    57.9537      3.765      5.461    11.3890 0.0000e+00
      3.837     -0.014     5.1395     44.322     46.272  33.962746     3.8700     1.7804     0.4686     0.2115 1.6923e-01    57.7883      3.762      5.457    11.4427 0.0000e+00
      3.832     -0.023     5.3136     40.664     46.192  33.992043     3.8700     0.8344     0.4686     0.2115 1.7291e-01    59.0809      3.758      5.451    11.4989 0.0000e+00
      3.825     -0.032     5.3045     36.564     46.073  34.018254     3.8700     0.8573     0.4686     0.2115 1.7636e-01    59.1561      3.752      5.441    11.5577 0.0000e+00
      3.816     -0.040     5.1273     32.332     45.910  34.032531     3.8700     0.8420     0.4686     0.2115 1.7026e-01    59.0509      3.743      5.428    11.6221 0.0000e+00
      3.804     -0.047     4.8148     28.132     45.733  34.034727     3.8700     0.8611     0.4686     0.2115 1.7605e-01    59.2012      3.731      5.411    11.6981 0.0000e+00
      3.790     -0.050     4.4100     23.986     45.584  34.033356     3.8700     0.2240     0.3834     0.6345 1.9330e-01     8.1288      3.716      5.390    11.7938 0.0000e+00
      3.774     -0.050     3.9562     19.842     45.473  34.028057     3.8700     0.1821     0.3834     0.6345 1.9609e-01     8.1739      3.701      5.368    11.9178 0.0000e+00
      3.759     -0.047     3.4882     15.673     45.400  34.021380     3.8700     0.1897     0.3834     0.6345 2.1441e-01     8.2039      3.686      5.346    12.0650 0.0000e+00
      3.746     -0.041     3.0258     11.527     45.343  34.011544     3.8700     0.1782     0.3834     0.6345 2.3195e-01     8.1588      3.674      5.328    12.2106 0.0000e+00
      3.737     -0.034     2.5729      7.533     45.276  33.991966     3.9600     0.2240     0.1704     0.4230 1.8383e-01     7.2119      3.665      5.316    12.3303 0.0000e+00
      3.731     -0.026     2.1241      3.868     45.190  33.961384     3.9600     0.2469     0.1704     0.4230 2.3798e-01     7.2570      3.659      5.306    12.4145 0.0000e+00
      3.726     -0.019     1.6757      0.715     45.088  33.923529     3.9600     0.2507     0.1704     0.4230 2.1637e-01     7.2871      3.654      5.299    12.4671 0.0000e+00
      3.722     -0.014     1.2318     -1.765     44.979  33.888109     3.9600     0.2469     0.1704     0.4230 1.8799e-01     7.2570      3.650      5.294    12.5030 0.0000e+00
      3.719     -0.009     0.8051     -3.478     44.876  33.861525     4.0500     0.2660     0.1704     0.1692 1.8043e-01     8.6248      3.647      5.290    12.5368 0.0000e+00
      3.717     -0.005     0.4141     -4.421     44.777  33.836690     4.0500     0.2355     0.1704     0.1692 2.0245e-01     8.5496      3.646      5.287    12.5741 0.0000e+00
      3.717     -0.002     0.0783     -4.690     44.684  33.810943     4.0500     0.2736     0.1704     0.1692 2.1680e-01     8.5646      3.645      5.287    12.6177 0.0000e+00
