Data/DataNotYetUploadedToEDI/Raw_CTD/RawDownloads/062723_fcr50.8_S8188008.cnv
* Sea-Bird SBE19plus  Data File:
* FileName = C:\R\Reservoirs\Data\DataNotYetUploadedToEDI\Raw_CTD\RawDownloads\062623_fcr50_S8188_0008.hex
* Software version 2.8.0.119
* Temperature SN = 8188
* Conductivity SN = 8188
* System UpLoad Time = Jul 03 2023 16:32:47
* <ApplicationData>
* <Seaterm232>
# nquan = 16
# nvalues = 682                         
# units = specified
# name 0 = depFM: Depth [fresh water, m]
# name 1 = dz/dtM: Descent Rate [m/s]
# name 2 = sbeox0Mg/L: Oxygen, SBE 43 [mg/l]
# name 3 = sbeox0PS: Oxygen, SBE 43 [% saturation]
# name 4 = specc: Specific Conductance [uS/cm]
# name 5 = c0uS/cm: Conductivity [uS/cm]
# name 6 = wetCDOM: Fluorescence, WET Labs CDOM [mg/m^3]
# name 7 = flECO-AFL: Fluorescence, WET Labs ECO-AFL/FL [mg/m^3]
# name 8 = flECO-AFL1: Fluorescence, WET Labs ECO-AFL/FL, 2 [mg/m^3]
# name 9 = flECO-AFL2: Fluorescence, WET Labs ECO-AFL/FL, 3 [mg/m^3]
# name 10 = par/sat/log: PAR/Logarithmic, Satlantic
# name 11 = turbWETntu0: Turbidity, WET Labs ECO [NTU]
# name 12 = prdM: Pressure, Strain Gauge [db]
# name 13 = prdE: Pressure, Strain Gauge [psi]
# name 14 = tv290C: Temperature [ITS-90, deg C]
# name 15 = flag:  0.000e+00
# span 0 =     -0.717,      5.884       
# span 1 =     -0.378,      0.128       
# span 2 =    -0.2188,    15.5070       
# span 3 =     -2.222,    176.202       
# span 4 =      0.330,     47.029       
# span 5 =   0.286637,  46.995059       
# span 6 =    -4.5000,     6.7500       
# span 7 =    -0.1498,     5.8126       
# span 8 =    -2.1300,     6.1344       
# span 9 =    -2.0304,    19.5426       
# span 10 = 1.1595e-01, 2.4345e+03      
# span 11 =    -0.5136,    54.9176      
# span 12 =     -0.703,      5.770      
# span 13 =     -1.020,      8.369      
# span 14 =    10.5987,    24.9742      
# span 15 = 0.0000e+00, 0.0000e+00      
# interval = seconds: 0.25
# start_time = Jun 27 2023 13:39:26 [Instrument's time stamp, header]
# bad_flag = -9.990e-29
*END*
[from data line 633]
      2.056     -0.367     4.0951     11.117     41.231  32.690247     3.9600     0.3079     0.1278     0.2538 3.3045e+00     2.2971      2.016      2.925    13.1638 0.0000e+00
      1.962     -0.372     3.2799      6.093     41.097  32.843569     3.9600     0.3079     0.0852     0.2115 3.5842e+00     2.2370      1.924      2.791    13.5679 0.0000e+00
      1.866     -0.375     2.5014      2.235     40.969  33.000537     3.9600     0.3118     0.0852     0.2115 4.0322e+00     2.3572      1.830      2.655    13.9744 0.0000e+00
      1.769     -0.377     1.7880     -0.409     40.830  33.123810     3.9600     0.3003     0.0852     0.2115 4.6258e+00     2.4023      1.735      2.517    14.3350 0.0000e+00
      1.672     -0.378     1.1602     -1.886     40.750  33.256174     3.9600     0.3881     0.0852     0.2115 5.2392e+00     1.4854      1.640      2.378    14.6548 0.0000e+00
      1.575     -0.377     0.6394     -2.222     40.768  33.458673     3.9600     0.3728     0.0852     0.2115 5.8114e+00     1.5606      1.544      2.240    14.9675 0.0000e+00
      1.478     -0.375     0.2423     -1.411     40.790  33.698171     4.0500     0.3842     0.0852     0.2538 6.4307e+00     1.6207      1.450      2.102    15.2813 0.0000e+00
      1.383     -0.371    -0.0288      0.473     40.702  33.882097     4.0500     0.3728     0.0852     0.2538 7.5986e+00     1.4854      1.356      1.966    15.5670 0.0000e+00
      1.288     -0.365    -0.1811      3.244     40.524  33.982276     4.0500     0.6513     0.0852     0.2538 9.1521e+00     2.2219      1.263      1.832    15.8074 0.0000e+00
      1.195     -0.360    -0.2188      6.698     40.363  34.055144     4.0500     0.6093     0.0852     0.2538 1.0781e+01     2.2820      1.172      1.699    16.0371 0.0000e+00
      1.104     -0.354    -0.1428     10.702     40.261  34.147864     4.3200     0.6055     0.0426     0.5076 1.1743e+01     2.2069      1.082      1.570    16.3093 0.0000e+00
      1.015     -0.347     0.0380     15.160     40.155  34.237633     4.3200     0.6093     0.0426     0.5076 1.2904e+01     2.2370      0.996      1.444    16.6251 0.0000e+00
      0.928     -0.341     0.3035     19.936     40.005  34.294926     4.3200     1.2349     0.0426     0.5076 1.6172e+01     3.8752      0.910      1.320    16.9319 0.0000e+00
      0.842     -0.334     0.6328     24.862     39.842  34.323148     4.3200     1.2235     0.0426     0.5076 2.2249e+01     3.8452      0.825      1.197    17.1890 0.0000e+00
      0.756     -0.328     1.0122     29.822     39.704  34.343696     4.6800     1.2044     0.0852     1.1421 2.7794e+01     3.8452      0.742      1.076    17.4102 0.0000e+00
      0.673     -0.320     1.4317     34.787     39.612  34.389777     4.6800     1.2197     0.0852     1.1421 3.3775e+01     3.9053      0.660      0.957    17.6338 0.0000e+00
      0.592     -0.311     1.8779     39.781     39.546  34.469722     4.6800     1.8224     0.0852     1.1421 4.8604e+01     7.3773      0.581      0.842    17.8646 0.0000e+00
      0.513     -0.299     2.3357     44.813     39.487  34.573166     4.6800     1.8338     0.0852     1.1421 7.3656e+01     7.5276      0.503      0.730    18.0750 0.0000e+00
      0.436     -0.285     2.7950     49.887     39.468  34.713840     5.0400     1.8377     0.1704     4.3569 1.1844e+02     7.4073      0.428      0.621    18.2492 0.0000e+00
      0.364     -0.270     3.2522     55.076     39.518  34.909460     5.0400     1.8300     0.1704     4.3569 1.7732e+02     7.4524      0.357      0.518    18.4067 0.0000e+00
      0.297     -0.257     3.7075     60.514     39.609  35.136940     5.0400     2.5167     0.1704     4.3569 2.0066e+02    10.4735      0.292      0.423    18.5800 0.0000e+00
      0.236     -0.247     4.1614     66.303     39.685  35.346040     5.0400     2.5052     0.1704     4.3569 1.9494e+02    10.4885      0.232      0.336    18.7744 0.0000e+00
      0.179     -0.243     4.6155     72.457     39.760  35.543015     5.0400     2.4938     0.1704     4.3569 1.7666e+02    10.4284      0.176      0.254    18.9724 0.0000e+00
      0.123     -0.246     5.0773     78.899     39.961  35.839812     5.8500     2.5014     0.2556    11.0826 1.6930e+02    10.5035      0.121      0.175    19.1631 0.0000e+00
      0.064     -0.255     5.5593     85.467     40.361  36.321517     5.8500     3.2567     0.2556    11.0826 1.8256e+02    12.2170      0.063      0.091    19.3478 0.0000e+00
     -0.000     -0.267     6.0707     91.934     40.792  36.863073     5.8500     3.2491     0.2556    11.0826 2.7112e+02    12.1869     -0.000     -0.000    19.5262 0.0000e+00
     -0.072     -0.279     6.6141     97.981     40.930  37.171177     5.8500     3.2606     0.2556    11.0826 5.7878e+02    12.2621     -0.071     -0.103    19.6888 0.0000e+00
     -0.150     -0.286     7.1824    103.219     40.542  37.005140     6.4800     3.2377     0.2982    16.2009 1.0673e+03    12.2621     -0.147     -0.214    19.8338 0.0000e+00
     -0.230     -0.285     7.7575    107.351     39.492  36.203829     6.4800     4.1074     0.2982    16.2009 9.9081e+02    19.4314     -0.225     -0.327    19.9863 0.0000e+00
     -0.307     -0.276     8.3136    110.267     37.564  34.551589     6.4800     4.1074     0.2982    16.2009 1.0380e+03    19.5517     -0.301     -0.437    20.1779 0.0000e+00
     -0.378     -0.258     8.8217    111.986     34.355  31.671217     6.4800     4.1151     0.2982    16.2009 1.0555e+03    19.4615     -0.371     -0.538    20.4082 0.0000e+00
     -0.443     -0.233     9.2529    112.598     29.922  27.618414     6.4800     4.1341     0.3408    17.0892 1.0427e+03    19.4765     -0.434     -0.630    20.6431 0.0000e+00
     -0.500     -0.204     9.5881    112.288     24.724  22.829336     6.4800     0.2774     0.3408    17.0892 8.7805e+02     2.4925     -0.491     -0.712    20.8460 0.0000e+00
     -0.549     -0.174     9.8223    111.366     18.955  17.497832     6.4800     0.2698     0.3408    17.0892 6.9650e+02     2.5075     -0.538     -0.780    20.9978 0.0000e+00
     -0.588     -0.144     9.9591    110.224     13.743  12.677523     6.4800     0.2507     0.3408    17.0892 5.5105e+02     2.4774     -0.576     -0.836    21.0935 0.0000e+00
     -0.618     -0.117    10.0073    109.263     10.401   9.583649     6.4800     0.2507     0.4260    19.4580 4.0952e+02     2.4925     -0.606     -0.879    21.1343 0.0000e+00
     -0.642     -0.093     9.9826    108.828      8.583   7.897634     6.4800    -0.1002     0.4260    19.4580 3.0296e+02    -0.4084     -0.629     -0.913    21.1249 0.0000e+00
     -0.660     -0.074     9.9100    109.077      7.564   6.950379     6.4800    -0.1041     0.4260    19.4580 2.4806e+02    -0.4534     -0.647     -0.939    21.0801 0.0000e+00
     -0.674     -0.059     9.8203    109.893      6.971   6.396325     6.4800    -0.1269     0.4260    19.4580 2.4591e+02    -0.3633     -0.661     -0.959    21.0209 0.0000e+00
     -0.685     -0.047     9.7463    110.966      6.582   6.032334     6.4800    -0.1155     0.4260    19.4580 2.5335e+02    -0.3482     -0.672     -0.974    20.9624 0.0000e+00
     -0.694     -0.038     9.7177    111.952      6.508   5.957124    -1.4400    -0.1384    -1.1076    -1.2267 2.6357e+02    -0.3482     -0.680     -0.987    20.9110 0.0000e+00
     -0.700     -0.032     9.7489    112.580      6.470   5.917294    -1.4400    -0.0850    -1.1076    -1.2267 2.9210e+02    -0.2581     -0.687     -0.996    20.8661 0.0000e+00
     -0.705     -0.028     9.8301    112.729      6.290   5.747963    -1.4400    -0.1079    -1.1076    -1.2267 3.1035e+02    -0.3783     -0.692     -1.003    20.8244 0.0000e+00
     -0.709     -0.026     9.9342    112.498      6.192   5.655125    -1.4400    -0.0926    -1.1076    -1.2267 2.2301e+02    -0.4534     -0.696     -1.009    20.7835 0.0000e+00
     -0.712     -0.025    10.0304    112.317      6.172   5.635785     0.0000    -0.1117    -0.5964     0.6345 1.8677e+02    -0.4685     -0.698     -1.013    20.7429 0.0000e+00
     -0.714 -9.990e-29    10.0943 -9.990e-29 -9.990e-29 -9.990e-29     0.0000 -9.990e-29    -0.5964     0.6345 1.5882e+02 -9.990e-29     -0.700     -1.016    20.7041 0.0000e+00
     -0.715 -9.990e-29    10.1143 -9.990e-29 -9.990e-29 -9.990e-29     0.0000 -9.990e-29    -0.5964     0.6345 1.5930e+02 -9.990e-29     -0.702     -1.018    20.6702 0.0000e+00
     -0.716 -9.990e-29    10.0984 -9.990e-29 -9.990e-29 -9.990e-29     0.0000 -9.990e-29    -0.5964     0.6345 1.6645e+02 -9.990e-29     -0.703     -1.019    20.6455 0.0000e+00
     -0.716 -9.990e-29    10.0840 -9.990e-29 -9.990e-29 -9.990e-29     0.0000 -9.990e-29    -0.1278    -0.6768 1.6401e+02 -9.990e-29     -0.703     -1.019    20.6361 0.0000e+00
