Data/DataNotYetUploadedToEDI/Raw_CTD/RawDownloads/062723_fcr50.6_S8188007.cnv
* Sea-Bird SBE19plus  Data File:
* FileName = C:\R\Reservoirs\Data\DataNotYetUploadedToEDI\Raw_CTD\RawDownloads\062623_fcr50_S8188_0007.hex
* Software version 2.8.0.119
* Temperature SN = 8188
* Conductivity SN = 8188
* System UpLoad Time = Jul 03 2023 16:32:35
* <ApplicationData>
* <Seaterm232>
# nquan = 16
# nvalues = 1208                        
# units = specified
# name 0 = depFM: Depth [fresh water, m]
# name 1 = dz/dtM: Descent Rate [m/s]
# name 2 = sbeox0Mg/L: Oxygen, SBE 43 [mg/l]
# name 3 = sbeox0PS: Oxygen, SBE 43 [% saturation]
# name 4 = specc: Specific Conductance [uS/cm]
# name 5 = c0uS/cm: Conductivity [uS/cm]
# name 6 = wetCDOM: Fluorescence, WET Labs CDOM [mg/m^3]
# name 7 = flECO-AFL: Fluorescence, WET Labs ECO-AFL/FL [mg/m^3]
# name 8 = flECO-AFL1: Fluorescence, WET Labs ECO-AFL/FL, 2 [mg/m^3]
# name 9 = flECO-AFL2: Fluorescence, WET Labs ECO-AFL/FL, 3 [mg/m^3]
# name 10 = par/sat/log: PAR/Logarithmic, Satlantic
# name 11 = turbWETntu0: Turbidity, WET Labs ECO [NTU]
# name 12 = prdM: Pressure, Strain Gauge [db]
# name 13 = prdE: Pressure, Strain Gauge [psi]
# name 14 = tv290C: Temperature [ITS-90, deg C]
# name 15 = flag:  0.000e+00
# span 0 =     -0.720,      9.223       
# span 1 =     -0.391,      0.117       
# span 2 =    -1.0543,    15.4908       
# span 3 =    -10.522,    184.484       
# span 4 =     -3.649,     48.771       
# span 5 =  -3.129125,  48.259966       
# span 6 =    -4.5000,     6.7500       
# span 7 =    -0.3139,     4.7254       
# span 8 =    -2.1300,     0.7668       
# span 9 =    -2.0304,    19.2042       
# span 10 = 1.1590e-01, 8.9793e+02      
# span 11 =    -0.5286,    44.2161      
# span 12 =     -0.706,      9.044      
# span 13 =     -1.025,     13.118      
# span 14 =    10.5944,    24.9640      
# span 15 = 0.0000e+00, 0.0000e+00      
# interval = seconds: 0.25
# start_time = Jun 27 2023 13:29:43 [Instrument's time stamp, header]
# bad_flag = -9.990e-29
*END*
[from data line 724]
      4.478      0.050     8.8380     79.217     45.513  32.443866     3.8700     0.1134     0.1278     0.1269 2.5351e-01     5.0776      4.392      6.369    10.6479 0.0000e+00
      4.492      0.051     8.8222     79.233     45.497  32.428331     3.8700     0.1325     0.1278     0.1269 2.0641e-01     5.0326      4.405      6.388    10.6465 0.0000e+00
      4.505      0.050     8.8120     79.244     45.491  32.420444     3.8700     0.1325     0.1278     0.1269 2.0245e-01     5.1378      4.418      6.407    10.6450 0.0000e+00
      4.518      0.049     8.8077     79.233     45.499  32.422063     3.8700     0.1325     0.1278     0.1269 2.0396e-01     5.1077      4.431      6.426    10.6427 0.0000e+00
      4.531      0.048     8.8078     79.218     45.520  32.433620     3.8700     0.1248     0.1278     0.1269 1.8407e-01     4.9574      4.443      6.444    10.6395 0.0000e+00
      4.543      0.047     8.8103     79.220     45.547  32.450274     3.7800     0.1286     0.0852     0.1269 2.2306e-01     5.0927      4.455      6.461    10.6355 0.0000e+00
      4.555      0.045     8.8125     79.244     45.564  32.460626     3.7800     0.1477     0.0852     0.1269 2.0462e-01     5.2881      4.466      6.478    10.6311 0.0000e+00
      4.566      0.044     8.8122     79.299     45.570  32.463474     3.7800     0.1172     0.0852     0.1269 2.2965e-01     5.2730      4.477      6.494    10.6270 0.0000e+00
      4.576      0.043     8.8112     79.389     45.571  32.463538     3.7800     0.1401     0.0852     0.1269 2.4136e-01     5.4083      4.488      6.509    10.6233 0.0000e+00
      4.587      0.043     8.8119     79.507     45.568  32.460837     3.8700     0.1515     0.0852     0.0846 2.0785e-01     5.2580      4.498      6.524    10.6205 0.0000e+00
      4.598      0.042     8.8151     79.638     45.571  32.462570     3.8700     0.1286     0.0852     0.0846 2.2623e-01     5.0476      4.509      6.539    10.6186 0.0000e+00
      4.608      0.043     8.8215     79.765     45.582  32.469200     3.8700     0.1248     0.0852     0.0846 2.0449e-01     4.9875      4.519      6.554    10.6174 0.0000e+00
      4.619      0.043     8.8317     79.865     45.585  32.470613     3.8700     0.1286     0.0852     0.0846 2.1666e-01     5.0476      4.530      6.570    10.6164 0.0000e+00
      4.630      0.044     8.8449     79.931     45.586  32.471147     3.7800     0.1363     0.0852     0.0846 2.0263e-01     5.0927      4.541      6.586    10.6156 0.0000e+00
      4.642      0.044     8.8597     79.967     45.592  32.474903     3.7800     0.1401     0.0852     0.0846 1.9397e-01     5.0476      4.552      6.602    10.6148 0.0000e+00
      4.653      0.045     8.8739     79.985     45.587  32.471003     3.7800     0.0943     0.0852     0.0846 1.9922e-01     5.0927      4.563      6.618    10.6141 0.0000e+00
      4.664      0.045     8.8853     79.995     45.569  32.458406     3.7800     0.1477     0.0852     0.0846 1.9905e-01     5.0476      4.574      6.634    10.6135 0.0000e+00
      4.676      0.046     8.8927     79.998     45.557  32.449594     3.7800     0.1134     0.0852     0.0846 1.9334e-01     5.1077      4.585      6.651    10.6129 0.0000e+00
      4.688      0.047     8.8968     80.000     45.552  32.446180     3.7800     0.1210     0.0852     0.0846 1.7790e-01     5.1077      4.597      6.667    10.6124 0.0000e+00
      4.700      0.048     8.8989     80.004     45.548  32.443291     3.7800     0.1554     0.0852     0.0846 1.9050e-01     5.0776      4.609      6.684    10.6121 0.0000e+00
      4.712      0.049     8.9000     80.005     45.538  32.436198     3.7800     0.1363     0.0852     0.0846 1.6401e-01     4.9574      4.621      6.702    10.6120 0.0000e+00
      4.724      0.049     8.9003     79.995     45.519  32.423007     3.7800     0.1477     0.0852     0.0846 2.0458e-01     5.1227      4.633      6.719    10.6120 0.0000e+00
      4.737      0.050     8.9005     79.967     45.505  32.412084     3.8700     0.1210     0.0852     0.1269 1.8439e-01     5.0326      4.645      6.738    10.6122 0.0000e+00
      4.750      0.050     8.9009     79.920     45.495  32.404477     3.8700     0.1325     0.0852     0.1269 2.0206e-01     5.1378      4.658      6.756    10.6124 0.0000e+00
      4.763      0.050     8.9010     79.863     45.482  32.394195     3.8700     0.1134     0.0852     0.1269 1.8411e-01     5.0927      4.671      6.775    10.6124 0.0000e+00
      4.776      0.050     8.8999     79.799     45.472  32.386418     3.8700     0.1401     0.0852     0.1269 2.2628e-01     5.0927      4.684      6.793    10.6122 0.0000e+00
      4.789      0.049     8.8969     79.728     45.475  32.386994     3.7800     0.1363     0.1278     0.1269 1.9059e-01     5.0776      4.696      6.811    10.6117 0.0000e+00
      4.801      0.048     8.8919     79.662     45.489  32.396076     3.7800     0.1286     0.1278     0.1269 1.9600e-01     5.1378      4.708      6.829    10.6109 0.0000e+00
      4.813      0.047     8.8858     79.610     45.507  32.408165     3.7800     0.1477     0.1278     0.1269 1.7145e-01     5.0175      4.720      6.846    10.6097 0.0000e+00
      4.825      0.046     8.8788     79.569     45.516  32.414602     3.7800     0.1325     0.1278     0.1269 1.6129e-01     5.1378      4.732      6.863    10.6084 0.0000e+00
      4.837      0.045     8.8712     79.537     45.526  32.421065     3.7800     0.1286     0.1278     0.1692 1.7059e-01     5.0476      4.743      6.880    10.6072 0.0000e+00
      4.848      0.045     8.8641     79.510     45.543  32.433237     3.7800     0.1515     0.1278     0.1692 1.6509e-01     5.0476      4.755      6.896    10.6062 0.0000e+00
      4.860      0.044     8.8584     79.483     45.560  32.446445     3.7800     0.1706     0.1278     0.1692 1.6733e-01     4.9875      4.766      6.912    10.6055 0.0000e+00
      4.871      0.043     8.8540     79.456     45.573  32.456288     3.7800     0.1134     0.1278     0.1692 1.5765e-01     5.0025      4.776      6.928    10.6050 0.0000e+00
      4.881      0.043     8.8505     79.430     45.573  32.457470     3.7800     0.1286     0.1278     0.2115 1.7302e-01     5.0476      4.787      6.943    10.6049 0.0000e+00
      4.892      0.043     8.8473     79.406     45.560  32.450307     3.7800     0.1706     0.1278     0.2115 1.6725e-01     5.0626      4.798      6.959    10.6052 0.0000e+00
      4.903      0.043     8.8442     79.390     45.545  32.440809     3.7800     0.1515     0.1278     0.2115 1.3778e-01     5.0776      4.808      6.974    10.6058 0.0000e+00
      4.914      0.044     8.8411     79.385     45.534  32.434366     3.7800     0.1248     0.1278     0.2115 1.5306e-01     5.0776      4.819      6.990    10.6068 0.0000e+00
      4.925      0.044     8.8379     79.398     45.531  32.433218     3.7800     0.1477     0.1278     0.2115 1.4729e-01     5.1227      4.830      7.006    10.6082 0.0000e+00
      4.937      0.045     8.8349     79.428     45.536  32.437062     3.7800     0.1210     0.1278     0.0846 1.7063e-01     5.0476      4.841      7.022    10.6098 0.0000e+00
      4.949      0.045     8.8327     79.474     45.544  32.442960     3.7800     0.1439     0.1278     0.0846 1.5507e-01     5.0175      4.853      7.038    10.6114 0.0000e+00
      4.960      0.046     8.8319     79.532     45.540  32.440603     3.7800     0.1363     0.1278     0.0846 1.8260e-01     5.0927      4.864      7.055    10.6128 0.0000e+00
      4.972      0.046     8.8331     79.588     45.525  32.429365     3.7800     0.1286     0.1278     0.0846 1.7899e-01     5.1077      4.876      7.072    10.6137 0.0000e+00
      4.984      0.047     8.8363     79.632     45.515  32.422089     3.7800     0.1401     0.1278     0.0000 1.7609e-01     5.0476      4.887      7.089    10.6144 0.0000e+00
      4.996      0.047     8.8414     79.657     45.518  32.424756     3.7800     0.1248     0.1278     0.0000 1.5256e-01     5.0476      4.899      7.106    10.6147 0.0000e+00
      5.008      0.048     8.8479     79.662     45.531  32.434117     3.7800     0.1058     0.1278     0.0000 1.4393e-01     5.0025      4.911      7.123    10.6147 0.0000e+00
      5.020      0.048     8.8542     79.648     45.546  32.444748     3.7800     0.1439     0.1278     0.0000 1.4864e-01     5.2430      4.923      7.140    10.6145 0.0000e+00
      5.032      0.049     8.8591     79.622     45.556  32.451562     3.8700     0.1210     0.1278     0.1269 1.4886e-01     5.2580      4.935      7.158    10.6145 0.0000e+00
      5.045      0.050     8.8619     79.593     45.557  32.452415     3.8700     0.1325     0.1278     0.1269 1.2642e-01     5.3332      4.947      7.175    10.6146 0.0000e+00
      5.058      0.052     8.8624     79.570     45.552  32.447536     3.8700     0.1134     0.1278     0.1269 1.3986e-01     5.3181      4.960      7.194    10.6148 0.0000e+00
      5.071      0.053     8.8608     79.558     45.537  32.435623     3.8700     0.1363     0.1278     0.1269 1.4093e-01     5.1077      4.973      7.213    10.6150 0.0000e+00
      5.085      0.054     8.8579     79.558     45.518  32.421420     3.7800     0.0981     0.0852     0.1692 1.4406e-01     5.0175      4.987      7.232    10.6150 0.0000e+00
      5.099      0.055     8.8548     79.569     45.514  32.416983     3.7800     0.1096     0.0852     0.1692 1.4087e-01     5.0776      5.000      7.252    10.6145 0.0000e+00
      5.113      0.057     8.8524     79.582     45.526  32.425087     3.7800     0.1134     0.0852     0.1692 1.3435e-01     5.0175      5.014      7.272    10.6136 0.0000e+00
      5.127      0.059     8.8513     79.586     45.538  32.432053     3.7800     0.1210     0.0852     0.1692 1.4877e-01     5.0175      5.028      7.293    10.6124 0.0000e+00
      5.142      0.061     8.8515     79.576     45.539  32.431817     3.7800     0.1134     0.0852     0.1692 1.2344e-01     5.1829      5.043      7.314    10.6111 0.0000e+00
      5.158      0.064     8.8530     79.550     45.547  32.436196     3.8700     0.1515     0.1278     0.1269 1.1617e-01     5.1528      5.058      7.336    10.6099 0.0000e+00
      5.174      0.066     8.8547     79.507     45.562  32.446360     3.8700     0.1286     0.1278     0.1269 1.3529e-01     5.1378      5.074      7.360    10.6088 0.0000e+00
      5.192      0.068     8.8554     79.454     45.573  32.453136     3.8700     0.1286     0.1278     0.1269 1.3129e-01     5.0476      5.091      7.384    10.6077 0.0000e+00
      5.210      0.070     8.8545     79.399     45.581  32.458332     3.8700     0.1286     0.1278     0.1269 1.1620e-01     5.1378      5.109      7.411    10.6065 0.0000e+00
      5.229      0.070     8.8518     79.353     45.582  32.459372     3.8700     0.1706     0.0852     0.1269 1.4403e-01     5.0326      5.128      7.437    10.6053 0.0000e+00
      5.247      0.070     8.8473     79.330     45.571  32.452574     3.8700     0.1248     0.0852     0.1269 1.1602e-01     5.1378      5.146      7.464    10.6041 0.0000e+00
      5.265      0.070     8.8415     79.331     45.559  32.444045     3.8700     0.1286     0.0852     0.1269 1.1612e-01     5.0326      5.163      7.489    10.6032 0.0000e+00
      5.282      0.071     8.8356     79.344     45.547  32.435471     3.8700     0.1286     0.0852     0.1269 1.1620e-01     5.0626      5.180      7.513    10.6028 0.0000e+00
      5.299      0.071     8.8305     79.360     45.532  32.424567     3.7800     0.1248     0.1278     0.1692 1.1623e-01     5.0476      5.197      7.537    10.6030 0.0000e+00
      5.317      0.073     8.8278     79.377     45.515  32.412386     3.7800     0.1477     0.1278     0.1692 1.1693e-01     5.0476      5.215      7.563    10.6036 0.0000e+00
      5.336      0.074     8.8278     79.392     45.510  32.407560     3.7800     0.1210     0.1278     0.1692 1.1615e-01     5.0476      5.233      7.590    10.6042 0.0000e+00
      5.356      0.076     8.8292     79.408     45.518  32.412764     3.7800     0.1592     0.1278     0.1692 1.1615e-01     5.0776      5.252      7.618    10.6043 0.0000e+00
      5.376      0.078     8.8310     79.425     45.531  32.421463     3.7800     0.1363     0.1278     0.0846 1.1623e-01     5.1678      5.272      7.646    10.6041 0.0000e+00
      5.396      0.079     8.8330     79.443     45.541  32.428057     3.7800     0.1401     0.1278     0.0846 1.1623e-01     5.0326      5.291      7.675    10.6035 0.0000e+00
      5.416      0.080     8.8348     79.469     45.539  32.426382     3.7800     0.1172     0.1278     0.0846 1.1612e-01     4.9875      5.311      7.704    10.6029 0.0000e+00
      5.436      0.080     8.8368     79.506     45.525  32.415991     3.7800     0.1210     0.1278     0.0846 1.1699e-01     4.9574      5.331      7.733    10.6023 0.0000e+00
      5.457      0.079     8.8388     79.554     45.517  32.409957     3.7800     0.1248     0.1278     0.0846 1.1600e-01     5.1378      5.351      7.762    10.6017 0.0000e+00
      5.478      0.079     8.8409     79.610     45.518  32.410631     3.8700     0.1592     0.1278     0.1269 1.1610e-01     5.0776      5.372      7.791    10.6011 0.0000e+00
      5.498      0.077     8.8439     79.668     45.512  32.406311     3.8700     0.1172     0.1278     0.1269 1.1620e-01     5.0326      5.392      7.820    10.6006 0.0000e+00
      5.518      0.076     8.8481     79.724     45.502  32.399804     3.8700     0.1134     0.1278     0.1269 1.1612e-01     5.0476      5.411      7.848    10.6001 0.0000e+00
      5.537      0.074     8.8535     79.779     45.498  32.397297     3.8700     0.1286     0.1278     0.1269 1.1625e-01     5.0175      5.430      7.875    10.5998 0.0000e+00
      5.555      0.071     8.8597     79.824     45.499  32.398122     3.7800     0.1477     0.1278     0.1692 1.1605e-01     5.0776      5.448      7.902    10.5996 0.0000e+00
      5.573      0.069     8.8661     79.847     45.499  32.398538     3.7800     0.1401     0.1278     0.1692 1.1602e-01     5.0175      5.465      7.927    10.5996 0.0000e+00
      5.591      0.066     8.8723     79.838     45.499  32.398655     3.7800     0.1706     0.1278     0.1692 1.1628e-01     5.0626      5.482      7.952    10.5998 0.0000e+00
      5.607      0.064     8.8784     79.800     45.510  32.406427     3.7800     0.1325     0.1278     0.1692 1.1628e-01     4.9724      5.498      7.975    10.6001 0.0000e+00
      5.623      0.062     8.8834     79.745     45.524  32.416004     3.8700     0.1286     0.1278     0.2115 1.1612e-01     5.0175      5.514      7.997    10.6004 0.0000e+00
      5.638      0.061     8.8859     79.676     45.528  32.418059     3.8700     0.1401     0.1278     0.2115 1.1628e-01     5.2881      5.529      8.019    10.6006 0.0000e+00
      5.653      0.060     8.8848     79.603     45.533  32.421062     3.8700     0.1210     0.1278     0.2115 1.1612e-01     5.3332      5.543      8.040    10.6008 0.0000e+00
      5.668      0.061     8.8806     79.541     45.547  32.429772     3.8700     0.1401     0.1278     0.2115 1.1617e-01     5.3482      5.558      8.062    10.6008 0.0000e+00
      5.683      0.062     8.8745     79.500     45.560  32.438593     3.8700     0.1210     0.1278     0.2115 1.1602e-01     5.3181      5.573      8.084    10.6006 0.0000e+00
      5.699      0.064     8.8669     79.481     45.576  32.449876     3.8700     0.1363     0.1278     0.2115 1.1612e-01     5.5286      5.589      8.106    10.6000 0.0000e+00
      5.716      0.066     8.8589     79.479     45.595  32.462668     3.8700     0.1554     0.1278     0.2115 1.1620e-01     5.5286      5.605      8.129    10.5992 0.0000e+00
      5.733      0.068     8.8522     79.485     45.598  32.464539     3.8700     0.1210     0.1278     0.2115 1.1620e-01     5.5436      5.622      8.154    10.5984 0.0000e+00
