Data/DataNotYetUploadedToEDI/Raw_CTD/RawDownloads/062723_fcrXX_S8188010.cnv
* Sea-Bird SBE19plus  Data File:
* FileName = C:\R\Reservoirs\Data\DataNotYetUploadedToEDI\Raw_CTD\RawDownloads\062623_fcr50_S8188_0010.hex
* Software version 2.8.0.119
* Temperature SN = 8188
* Conductivity SN = 8188
* System UpLoad Time = Jul 03 2023 16:33:13
* <ApplicationData>
* <Seaterm232>
# nquan = 16
# nvalues = 799                         
# units = specified
# name 0 = depFM: Depth [fresh water, m]
# name 1 = dz/dtM: Descent Rate [m/s]
# name 2 = sbeox0Mg/L: Oxygen, SBE 43 [mg/l]
# name 3 = sbeox0PS: Oxygen, SBE 43 [% saturation]
# name 4 = specc: Specific Conductance [uS/cm]
# name 5 = c0uS/cm: Conductivity [uS/cm]
# name 6 = wetCDOM: Fluorescence, WET Labs CDOM [mg/m^3]
# name 7 = flECO-AFL: Fluorescence, WET Labs ECO-AFL/FL [mg/m^3]
# name 8 = flECO-AFL1: Fluorescence, WET Labs ECO-AFL/FL, 2 [mg/m^3]
# name 9 = flECO-AFL2: Fluorescence, WET Labs ECO-AFL/FL, 3 [mg/m^3]
# name 10 = par/sat/log: PAR/Logarithmic, Satlantic
# name 11 = turbWETntu0: Turbidity, WET Labs ECO [NTU]
# name 12 = prdM: Pressure, Strain Gauge [db]
# name 13 = prdE: Pressure, Strain Gauge [psi]
# name 14 = tv290C: Temperature [ITS-90, deg C]
# name 15 = flag:  0.000e+00
# span 0 =     -0.724,      8.030       
# span 1 =     -0.460,      0.143       
# span 2 =    -0.8955,    15.3002       
# span 3 =     -9.013,    182.837       
# span 4 =     -3.625,     61.963       
# span 5 =  -3.188353,  48.061474       
# span 6 =    -4.5000,     7.0200       
# span 7 =    -0.1460,     3.7641       
# span 8 =    -2.1300,     1.4484       
# span 9 =    -2.0304,    21.6576       
# span 10 = 1.1587e-01, 1.1632e+03      
# span 11 =    -0.4985,   154.1916      
# span 12 =     -0.710,      7.874      
# span 13 =     -1.029,     11.421      
# span 14 =    10.5158,    24.5655      
# span 15 = 0.0000e+00, 0.0000e+00      
# interval = seconds: 0.25
# start_time = Jun 27 2023 13:56:43 [Instrument's time stamp, header]
# bad_flag = -9.990e-29
*END*
[from data line 633]
      7.690      0.113     8.6021     76.771     46.023  32.726732     3.7800     0.1134     0.0852     0.1692 1.1612e-01     7.6628      7.541     10.937    10.5677 0.0000e+00
      7.719      0.108     8.5924     76.537     46.259  32.887908     3.7800     0.1363     0.1278     0.0846 1.1623e-01     7.7680      7.570     10.979    10.5658 0.0000e+00
      7.747      0.101     8.5813     76.158     46.476  33.034719     3.7800     0.1439     0.1278     0.0846 1.1612e-01     7.7079      7.597     11.018    10.5630 0.0000e+00
      7.772      0.093     8.5689     75.556     46.689  33.180570     3.7800     0.1210     0.1278     0.0846 1.1595e-01     7.6628      7.622     11.055    10.5587 0.0000e+00
      7.795      0.084     8.5531     74.633     46.949  33.360395     3.7800     0.5521     0.1278     0.0846 1.1612e-01    23.5196      7.644     11.087    10.5525 0.0000e+00
      7.815      0.074     8.5285     73.315     47.270  33.584519     3.7800     0.5673     0.1278     0.0846 1.1605e-01    23.5196      7.664     11.116    10.5449 0.0000e+00
      7.833      0.065     8.4878     71.599     47.575  33.797847     3.8700     0.5559     0.1704     0.2961 1.1615e-01    23.5948      7.681     11.140    10.5373 0.0000e+00
      7.847      0.056     8.4219     69.539     47.767  33.932500     3.8700     0.5826     0.1704     0.2961 1.1617e-01    23.5647      7.695     11.162    10.5310 0.0000e+00
      7.860      0.048     8.3200     67.244     47.813  33.964973     3.8700     1.0823     0.1704     0.2961 1.1635e-01    69.4517      7.708     11.180    10.5260 0.0000e+00
      7.871      0.041     8.1739     64.856     47.717  33.897984     3.8700     1.1014     0.1704     0.2961 1.1600e-01    69.4968      7.718     11.195    10.5219 0.0000e+00
      7.880      0.035     7.9832     62.526     47.526  33.765160     4.2300     1.0785     1.0650     4.2723 1.1615e-01    69.4668      7.728     11.209    10.5184 0.0000e+00
      7.888      0.030     7.7539     60.414     47.284  33.598417     4.2300     1.0862     1.0650     4.2723 1.1617e-01    69.4668      7.735     11.220    10.5162 0.0000e+00
      7.895      0.026     7.4981     58.688     47.020  33.416663     4.2300     1.2807     1.0650     4.2723 1.1605e-01   110.7846      7.742     11.229    10.5158 0.0000e+00
      7.901      0.023     7.2316     57.487     46.778  33.250645     4.2300     1.2769     1.0650     4.2723 1.1617e-01   110.9048      7.748     11.237    10.5174 0.0000e+00
      7.906      0.020     6.9713     56.905     46.595  33.127386     2.8800     1.2807     1.2354     9.0522 1.1617e-01   110.8447      7.753     11.245    10.5208 0.0000e+00
      7.910      0.019     6.7351     56.990     46.470  33.043721     2.8800     1.2807     1.2354     9.0522 1.1623e-01   110.8597      7.757     11.252    10.5257 0.0000e+00
      7.915      0.017     6.5417     57.752     46.364  32.973380     2.8800     1.1930     1.2354     9.0522 1.1612e-01   154.1165      7.761     11.258    10.5319 0.0000e+00
      7.919      0.016     6.4068     59.150     46.269  32.909487     2.8800     1.2349     1.2354     9.0522 1.1612e-01   154.1916      7.765     11.263    10.5387 0.0000e+00
      7.923      0.016     6.3409     61.075     46.198  32.862728     2.8800     1.2197     1.2354     9.0522 1.1612e-01   154.1165      7.769     11.269    10.5455 0.0000e+00
      7.927      0.016     6.3495     63.351     46.156  32.836478     0.0000     1.2349     0.1278     0.0846 1.1625e-01   154.1616      7.773     11.274    10.5514 0.0000e+00
      7.931      0.016     6.4335     65.774     46.133  32.823735     0.0000     1.3456     0.1278     0.0846 1.1617e-01   137.1324      7.777     11.280    10.5565 0.0000e+00
      7.935      0.017     6.5885     68.148     46.119  32.817143     0.0000     1.3189     0.1278     0.0846 1.1617e-01   137.1925      7.781     11.285    10.5610 0.0000e+00
      7.939      0.018     6.8023     70.322     46.111  32.814941     0.0000     1.3646     0.1278     0.0846 1.1615e-01   137.1174      7.785     11.291    10.5651 0.0000e+00
      7.943      0.019     7.0552     72.200     46.107  32.816545     0.0000     1.3684     0.0000     0.0000 1.1607e-01   137.2076      7.789     11.297    10.5688 0.0000e+00
      7.948      0.021     7.3244     73.732     46.122  32.832282     0.0000     0.7428     0.0000     0.0000 1.1623e-01    42.3374      7.794     11.304    10.5722 0.0000e+00
      7.954      0.024     7.5882     74.914     46.167  32.868330     0.0000     0.7276     0.0000     0.0000 1.1617e-01    42.5177      7.799     11.312    10.5759 0.0000e+00
      7.960      0.027     7.8294     75.781     46.215  32.904597     0.0000     0.7390     0.0000     0.0000 1.1630e-01    42.4576      7.806     11.321    10.5803 0.0000e+00
      7.967      0.029     8.0376     76.396     46.206  32.899266     0.0000     0.7123     0.0000     0.0000 1.1617e-01    42.4275      7.813     11.331    10.5853 0.0000e+00
      7.975      0.030     8.2072     76.832     46.128  32.842994     0.0000     0.2812     0.0000     0.0000 1.1612e-01    14.9975      7.821     11.343    10.5903 0.0000e+00
      7.984      0.030     8.3380     77.143     46.057  32.790087     0.0000     0.2431     0.0000     0.0000 1.1607e-01    15.0577      7.829     11.355    10.5944 0.0000e+00
      7.992      0.029     8.4339     77.374     46.045  32.777924     0.0000     0.2622     0.0000     0.0000 1.1625e-01    14.9825      7.837     11.367    10.5973 0.0000e+00
      8.000      0.027     8.5023     77.564     46.065  32.789398     2.8800     0.2355     1.3206     1.2690 1.1623e-01    14.9975      7.845     11.378    10.5983 0.0000e+00
      8.006      0.024     8.5510     77.744     46.084  32.799846     2.8800     0.2240     1.3206     1.2690 1.1628e-01    18.4996      7.851     11.387    10.5972 0.0000e+00
      8.012      0.021     8.5862     77.928     46.104  32.812054     2.8800     0.2660     1.3206     1.2690 1.1612e-01    18.5296      7.857     11.396    10.5944 0.0000e+00
      8.017      0.018     8.6126     78.109     46.139  32.835217     2.8800     0.2278     1.3206     1.2690 1.1623e-01    18.4695      7.862     11.403    10.5909 0.0000e+00
      8.021      0.014     8.6344     78.262     46.173  32.857690     2.8800     0.2431     1.3206     1.2690 1.1602e-01    18.4394      7.866     11.408    10.5875 0.0000e+00
      8.024      0.011     8.6551     78.362     46.189  32.867643     4.2300     0.4300     1.4484     1.6920 1.1612e-01    52.1370      7.869     11.413    10.5847 0.0000e+00
      8.026      0.008     8.6761     78.396     46.197  32.871690     4.2300     0.4453     1.4484     1.6920 1.1605e-01    52.0919      7.871     11.416    10.5823 0.0000e+00
      8.028      0.006     8.6966     78.351     46.219  32.886753     4.2300     0.4453     1.4484     1.6920 1.1605e-01    52.1821      7.873     11.418    10.5803 0.0000e+00
      8.029      0.004     8.7139     78.214     46.283  32.930711     4.2300     0.4643     1.4484     1.6920 1.1605e-01    52.0769      7.874     11.420    10.5785 0.0000e+00
      8.029      0.002     8.7254     77.987     46.401  33.013305     4.2300     0.4415     0.5538     1.3959 1.1617e-01    74.2914      7.874     11.421    10.5769 0.0000e+00
      8.030      0.000     8.7295     77.684     46.568  33.130818     4.2300     0.4872     0.5538     1.3959 1.1607e-01    74.4117      7.874     11.421    10.5755 0.0000e+00
      8.029     -0.002     8.7247     77.321     46.780  33.280920     4.2300     0.4262     0.5538     1.3959 1.1633e-01    74.3816      7.874     11.420    10.5742 0.0000e+00
      8.029     -0.004     8.7097     76.910     47.061  33.479873     4.2300     0.4491     0.5538     1.3959 1.1612e-01    74.2313      7.873     11.419    10.5729 0.0000e+00
      8.027     -0.007     8.6847     76.458     47.474  33.772812     4.3200     0.3728     0.7242     1.0152 1.1612e-01    39.0908      7.872     11.417    10.5716 0.0000e+00
      8.025     -0.010     8.6513     75.956     48.046  34.178442     4.3200     0.3842     0.7242     1.0152 1.1615e-01    39.0307      7.870     11.415    10.5703 0.0000e+00
      8.023     -0.014     8.6111     75.390     48.677  34.626692     4.3200     0.3919     0.7242     1.0152 1.1620e-01    39.1810      7.868     11.411    10.5691 0.0000e+00
      8.019     -0.018     8.5655     74.751     49.216  35.009344     4.3200     0.3728     0.7242     1.0152 1.1615e-01    39.0908      7.864     11.406    10.5680 0.0000e+00
      8.015     -0.024     8.5153     74.024     49.718  35.365059     4.0500     0.3652     0.7668     1.0575 1.1617e-01    37.4526      7.860     11.400    10.5670 0.0000e+00
      8.009     -0.031     8.4595     73.181     50.565  35.964960     4.0500     0.4033     0.7668     1.0575 1.1592e-01    37.3624      7.853     11.391    10.5662 0.0000e+00
      8.000     -0.037     8.3967     72.193     52.200  37.125478     4.0500     0.3919     0.7668     1.0575 1.1617e-01    37.3023      7.845     11.378    10.5655 0.0000e+00
      7.989     -0.044     8.3257     71.048     55.001  39.114496     4.0500     0.3728     0.7668     1.0575 1.1602e-01    37.3774      7.834     11.363    10.5647 0.0000e+00
      7.976     -0.051     8.2449     69.760     59.108  42.032617     4.0500     0.2736     0.7668     1.0575 1.1633e-01    90.4639      7.822     11.345    10.5633 0.0000e+00
      7.962     -0.057     8.1514     68.344     61.963  44.059698     4.0500     0.1210     1.3206     0.1269 1.1623e-01    90.4639      7.808     11.325    10.5613 0.0000e+00
      7.947     -0.064     8.0418     66.768     60.795  43.227048     4.0500     0.1134     1.3206     0.1269 1.1623e-01    90.4338      7.793     11.303    10.5587 0.0000e+00
      7.930     -0.071     7.9147     64.917     58.011  41.249329     4.0500     0.1592     1.3206     0.1269 1.1612e-01    90.4789      7.777     11.279    10.5562 0.0000e+00
      7.912     -0.079     7.7716     62.608     56.685  40.310438     4.0500     0.1210     1.3206     0.1269 1.1612e-01    90.4188      7.759     11.254    10.5537 0.0000e+00
      7.892     -0.088     7.6143     59.709     56.492  40.179834     0.0000     0.0676     0.0852     0.0000 1.1617e-01    90.4188      7.739     11.225    10.5510 0.0000e+00
      7.869     -0.099     7.4391     56.316     56.131  39.929306     0.0000     0.0638     0.0852     0.0000 1.1607e-01    90.4789      7.717     11.192    10.5492 0.0000e+00
      7.843     -0.114     7.2328     52.784     55.250  39.307839     0.0000     0.0676     0.0852     0.0000 1.1605e-01    90.4338      7.691     11.155    10.5501 0.0000e+00
      7.814     -0.131     6.9750     49.529     54.403  38.710337     0.0000     0.0791     0.0852     0.0000 1.1595e-01    90.4188      7.663     11.114    10.5540 0.0000e+00
      7.780     -0.148     6.6512     46.861     53.989  38.419214     0.0000     0.3156     0.0000    -0.0423 1.1602e-01   100.1433      7.630     11.066    10.5596 0.0000e+00
      7.740     -0.162     6.2724     44.993     54.038  38.455879     0.0000     0.3079     0.0000    -0.0423 1.1620e-01   100.1282      7.590     11.009    10.5654 0.0000e+00
      7.693     -0.170     5.8783     44.094     54.280  38.628060     0.0000     0.3118     0.0000    -0.0423 1.1612e-01   100.1733      7.544     10.942    10.5706 0.0000e+00
      7.641     -0.171     5.5152     44.253     54.062  38.470588     0.0000     0.3346     0.0000    -0.0423 1.1617e-01   100.2184      7.493     10.868    10.5750 0.0000e+00
      7.591     -0.165     5.2177     45.373     53.170  37.832508     0.0900     0.2812     0.0000     0.0423 1.1607e-01    91.6663      7.444     10.796    10.5782 0.0000e+00
      7.547     -0.154     5.0095     47.155     52.372  37.262711     0.0900     0.2355     0.0000     0.0423 1.1623e-01    91.7264      7.401     10.735    10.5798 0.0000e+00
      7.513     -0.143     4.9095     49.227     51.829  36.874675     0.0900     0.2278     0.0000     0.0423 1.1605e-01    91.5611      7.367     10.685    10.5793 0.0000e+00
      7.484     -0.136     4.9274     51.343     51.141  36.384646     0.0900     0.2660     0.0000     0.0423 1.1623e-01    91.7264      7.339     10.645    10.5770 0.0000e+00
      7.456     -0.136     5.0525     53.439     50.633  36.024433     0.0900     0.2011     0.0000     0.0423 1.1600e-01    80.5740      7.312     10.606    10.5741 0.0000e+00
      7.426     -0.144     5.2512     55.530     50.283  35.777249     1.7100     0.1668     0.3834     0.0423 1.1623e-01    80.5139      7.282     10.562    10.5718 0.0000e+00
      7.390     -0.157     5.4821     57.609     49.737  35.391012     1.7100     0.1782     0.3834     0.0423 1.1620e-01    80.5891      7.247     10.511    10.5705 0.0000e+00
      7.347     -0.172     5.7177     59.653     49.134  34.962763     1.7100     0.2088     0.3834     0.0423 1.1612e-01    80.5891      7.205     10.449    10.5703 0.0000e+00
      7.296     -0.185     5.9510     61.637     48.640  34.612008     1.7100     0.3079     0.3834     0.0423 1.1605e-01    92.8536      7.155     10.378    10.5713 0.0000e+00
      7.243     -0.198     6.1835     63.532     48.236  34.324433     3.2400     0.3156     0.7668     0.6345 1.1615e-01    92.8536      7.103     10.302    10.5733 0.0000e+00
      7.192     -0.209     6.4147     65.329     47.899  34.084747     3.2400     0.3118     0.7668     0.6345 1.1612e-01    92.9288      7.053     10.229    10.5753 0.0000e+00
      7.141     -0.221     6.6422     67.038     47.603  33.874583     3.2400     0.3156     0.7668     0.6345 1.1623e-01    92.8086      7.003     10.156    10.5766 0.0000e+00
      7.087     -0.232     6.8629     68.669     47.281  33.645819     3.2400     0.3079     0.7668     0.6345 1.1623e-01    97.1372      6.950     10.080    10.5771 0.0000e+00
      7.027     -0.243     7.0740     70.224     46.963  33.420627     5.1300     0.3003     0.8520     0.5922 1.1623e-01    97.1222      6.891      9.995    10.5772 0.0000e+00
      6.960     -0.254     7.2741     71.711     46.739  33.261741     5.1300     0.3079     0.8520     0.5922 1.1628e-01    97.0921      6.825      9.899    10.5772 0.0000e+00
      6.889     -0.265     7.4643     73.149     46.602  33.164416     5.1300     0.3079     0.8520     0.5922 1.1617e-01    97.0020      6.756      9.798    10.5776 0.0000e+00
      6.818     -0.275     7.6459     74.551     46.473  33.072995     5.1300     0.3613     0.8520     0.5922 1.1620e-01    68.4898      6.687      9.698    10.5783 0.0000e+00
      6.750     -0.284     7.8188     75.918     46.321  32.965080     5.0400     0.3690     0.6390     0.4653 1.1625e-01    68.4748      6.620      9.601    10.5792 0.0000e+00
      6.680     -0.291     7.9843     77.215     46.163  32.853479     5.0400     0.3919     0.6390     0.4653 1.1620e-01    68.5349      6.551      9.502    10.5798 0.0000e+00
      6.605     -0.295     8.1443     78.381     46.028  32.757942     5.0400     0.3690     0.6390     0.4653 1.1612e-01    68.4748      6.478      9.395    10.5802 0.0000e+00
      6.524     -0.297     8.3003     79.373     45.941  32.696557     5.0400     0.2431     0.6390     0.4653 1.1620e-01    33.8904      6.398      9.280    10.5805 0.0000e+00
      6.442     -0.297     8.4525     80.193     45.894  32.662859     5.0400     0.2355     0.6390     0.4653 1.1623e-01    33.8453      6.318      9.163    10.5811 0.0000e+00
      6.365     -0.295     8.5968     80.861     45.856  32.635978     4.5900     0.2393     0.5538     0.3807 1.1615e-01    34.0107      6.242      9.053    10.5818 0.0000e+00
      6.294     -0.292     8.7264     81.396     45.817  32.608746     4.5900     0.2240     0.5538     0.3807 1.1623e-01    33.8453      6.172      8.952    10.5825 0.0000e+00
      6.225     -0.288     8.8368     81.809     45.773  32.577862     4.5900     0.2088     0.5538     0.3807 1.1623e-01    19.4915      6.104      8.854    10.5829 0.0000e+00
