Data/DataNotYetUploadedToEDI/Raw_CTD/RawDownloads/062723_fcrXX_S8188005.cnv
* Sea-Bird SBE19plus  Data File:
* FileName = C:\R\Reservoirs\Data\DataNotYetUploadedToEDI\Raw_CTD\RawDownloads\062623_fcr50_S8188_0005.hex
* Software version 2.8.0.119
* Temperature SN = 8188
* Conductivity SN = 8188
* System UpLoad Time = Jul 03 2023 16:32:00
* <ApplicationData>
* <Seaterm232>
# nquan = 16
# nvalues = 1981                        
# units = specified
# name 0 = depFM: Depth [fresh water, m]
# name 1 = dz/dtM: Descent Rate [m/s]
# name 2 = sbeox0Mg/L: Oxygen, SBE 43 [mg/l]
# name 3 = sbeox0PS: Oxygen, SBE 43 [% saturation]
# name 4 = specc: Specific Conductance [uS/cm]
# name 5 = c0uS/cm: Conductivity [uS/cm]
# name 6 = wetCDOM: Fluorescence, WET Labs CDOM [mg/m^3]
# name 7 = flECO-AFL: Fluorescence, WET Labs ECO-AFL/FL [mg/m^3]
# name 8 = flECO-AFL1: Fluorescence, WET Labs ECO-AFL/FL, 2 [mg/m^3]
# name 9 = flECO-AFL2: Fluorescence, WET Labs ECO-AFL/FL, 3 [mg/m^3]
# name 10 = par/sat/log: PAR/Logarithmic, Satlantic
# name 11 = turbWETntu0: Turbidity, WET Labs ECO [NTU]
# name 12 = prdM: Pressure, Strain Gauge [db]
# name 13 = prdE: Pressure, Strain Gauge [psi]
# name 14 = tv290C: Temperature [ITS-90, deg C]
# name 15 = flag:  0.000e+00
# span 0 =     -0.732,      9.366       
# span 1 =     -0.266,      0.086       
# span 2 =    -1.0729,    13.9410       
# span 3 =    -10.483,    160.213       
# span 4 =      0.098,    175.862       
# span 5 =   0.091096, 125.124400       
# span 6 =    -4.5000,     7.1100       
# span 7 =    -0.4512,     5.3930       
# span 8 =    -2.1300,     1.4910       
# span 9 =    -2.0304,    18.2736       
# span 10 = 1.1587e-01, 8.6348e+02      
# span 11 =    -1.2801,   316.0361      
# span 12 =     -0.718,      9.185      
# span 13 =     -1.041,     13.322      
# span 14 =    10.5553,    25.0100      
# span 15 = 0.0000e+00, 0.0000e+00      
# interval = seconds: 0.25
# start_time = Jun 27 2023 13:08:46 [Instrument's time stamp, header]
# bad_flag = -9.990e-29
*END*
[from data line 1356]
      6.303      0.047     8.8587     79.490     45.346  32.297952     3.8700     0.1363     0.0852     0.1692 1.1597e-01     4.7320      6.181      8.965    10.6098 0.0000e+00
      6.314      0.046     8.8546     79.444     45.344  32.296197     3.8700     0.1363     0.0852     0.1692 1.1617e-01     4.7921      6.192      8.981    10.6095 0.0000e+00
      6.325      0.045     8.8510     79.392     45.342  32.294576     3.8700     0.1248     0.0852     0.1692 1.1620e-01     4.8823      6.203      8.996    10.6095 0.0000e+00
      6.336      0.045     8.8480     79.344     45.343  32.294638     3.8700     0.1286     0.1278     0.0846 1.1607e-01     4.7921      6.213      9.011    10.6098 0.0000e+00
      6.347      0.046     8.8442     79.311     45.349  32.298380     3.8700     0.1554     0.1278     0.0846 1.1610e-01     4.9875      6.224      9.027    10.6101 0.0000e+00
      6.359      0.046     8.8391     79.295     45.357  32.302837     3.8700     0.1515     0.1278     0.0846 1.1600e-01     5.0776      6.236      9.044    10.6100 0.0000e+00
      6.371      0.046     8.8333     79.296     45.355  32.301279     3.8700     0.1172     0.1278     0.0846 1.1612e-01     4.9424      6.248      9.062    10.6096 0.0000e+00
      6.384      0.046     8.8282     79.314     45.349  32.297249     3.8700     0.1210     0.0852     0.0846 1.1602e-01     5.0476      6.260      9.080    10.6088 0.0000e+00
      6.396      0.045     8.8246     79.339     45.344  32.293634     3.8700     0.1248     0.0852     0.0846 1.1610e-01     5.0476      6.272      9.097    10.6081 0.0000e+00
      6.407      0.043     8.8230     79.359     45.344  32.293431     3.8700     0.1096     0.0852     0.0846 1.1620e-01     5.0025      6.283      9.113    10.6075 0.0000e+00
      6.418      0.040     8.8233     79.369     45.348  32.296585     3.8700     0.1210     0.0852     0.0846 1.1605e-01     5.0175      6.293      9.128    10.6070 0.0000e+00
      6.428      0.037     8.8253     79.374     45.353  32.299976     3.8700     0.1134     0.1278     0.0846 1.1607e-01     5.0476      6.303      9.142    10.6068 0.0000e+00
      6.437      0.034     8.8281     79.388     45.365  32.308470     3.8700     0.1134     0.1278     0.0846 1.1610e-01     4.9273      6.313      9.155    10.6067 0.0000e+00
      6.446      0.031     8.8303     79.413     45.381  32.320370     3.8700     0.1286     0.1278     0.0846 1.1623e-01     4.9724      6.321      9.167    10.6067 0.0000e+00
      6.453      0.028     8.8314     79.450     45.384  32.323009     3.8700     0.1363     0.1278     0.0846 1.1612e-01     5.0175      6.328      9.178    10.6067 0.0000e+00
      6.459      0.025     8.8320     79.500     45.375  32.317089     3.8700     0.1210     0.1278     0.0846 1.1600e-01     5.0776      6.334      9.187    10.6068 0.0000e+00
      6.465      0.023     8.8334     79.560     45.369  32.312915     3.8700     0.1134     0.1278     0.1692 1.1617e-01     4.9574      6.340      9.195    10.6071 0.0000e+00
      6.470      0.023     8.8361     79.621     45.369  32.313333     3.8700     0.0943     0.1278     0.1692 1.1610e-01     4.8973      6.345      9.202    10.6075 0.0000e+00
      6.475      0.023     8.8401     79.677     45.377  32.318454     3.8700     0.1363     0.1278     0.1692 1.1615e-01     4.9424      6.350      9.209    10.6082 0.0000e+00
      6.480      0.025     8.8456     79.716     45.383  32.321724     3.8700     0.1248     0.1278     0.1692 1.1610e-01     5.1077      6.355      9.217    10.6087 0.0000e+00
      6.486      0.027     8.8522     79.725     45.376  32.316093     3.8700     0.1248     0.0852     0.1269 1.1610e-01     4.9875      6.361      9.226    10.6089 0.0000e+00
      6.493      0.029     8.8591     79.704     45.367  32.309961     3.8700     0.0867     0.0852     0.1269 1.1620e-01     4.9875      6.368      9.236    10.6087 0.0000e+00
      6.501      0.031     8.8654     79.670     45.370  32.311595     3.8700     0.1019     0.0852     0.1269 1.1633e-01     5.0175      6.376      9.247    10.6082 0.0000e+00
      6.510      0.033     8.8699     79.638     45.375  32.315488     3.8700     0.1172     0.0852     0.1269 1.1620e-01     4.9574      6.384      9.260    10.6076 0.0000e+00
      6.519      0.035     8.8709     79.620     45.376  32.316738     3.8700     0.1363     0.1278     0.1269 1.1605e-01     5.0025      6.393      9.272    10.6070 0.0000e+00
      6.527      0.037     8.8687     79.617     45.380  32.319640     3.8700     0.1401     0.1278     0.1269 1.1617e-01     4.9273      6.401      9.284    10.6068 0.0000e+00
      6.536      0.039     8.8649     79.616     45.387  32.324967     3.8700     0.1363     0.1278     0.1269 1.1635e-01     5.0326      6.410      9.297    10.6068 0.0000e+00
      6.546      0.041     8.8613     79.624     45.395  32.330179     3.8700     0.1248     0.1278     0.1269 1.1612e-01     4.9273      6.419      9.311    10.6071 0.0000e+00
      6.557      0.043     8.8592     79.659     45.404  32.336665     3.8700     0.1439     0.1278     0.0846 1.1612e-01     4.9724      6.430      9.326    10.6075 0.0000e+00
      6.569      0.045     8.8588     79.719     45.406  32.338235     3.8700     0.1248     0.1278     0.0846 1.1605e-01     5.0776      6.442      9.343    10.6077 0.0000e+00
      6.581      0.047     8.8588     79.787     45.396  32.331347     3.8700     0.1058     0.1278     0.0846 1.1628e-01     5.1378      6.454      9.361    10.6077 0.0000e+00
      6.594      0.048     8.8596     79.846     45.383  32.322085     3.8700     0.1096     0.1278     0.0846 1.1628e-01     5.0476      6.466      9.378    10.6076 0.0000e+00
      6.606      0.049     8.8635     79.878     45.369  32.311939     3.8700     0.1096     0.1278     0.0846 1.1630e-01     4.9875      6.478      9.396    10.6075 0.0000e+00
      6.619      0.050     8.8702     79.888     45.355  32.302165     3.8700     0.1363     0.1278     0.0846 1.1617e-01     4.9875      6.491      9.414    10.6075 0.0000e+00
      6.632      0.051     8.8777     79.887     45.350  32.298077     3.8700     0.1134     0.1278     0.0846 1.1610e-01     4.9875      6.503      9.432    10.6077 0.0000e+00
      6.645      0.052     8.8842     79.860     45.351  32.298585     3.8700     0.1134     0.1278     0.0846 1.1612e-01     5.0476      6.516      9.451    10.6078 0.0000e+00
      6.658      0.052     8.8878     79.802     45.347  32.295904     3.8700     0.1210     0.1278     0.0846 1.1628e-01     5.0476      6.529      9.470    10.6077 0.0000e+00
      6.672      0.053     8.8890     79.721     45.341  32.291298     3.8700     0.1248     0.1278     0.0846 1.1610e-01     5.0025      6.542      9.489    10.6075 0.0000e+00
      6.685      0.053     8.8889     79.625     45.344  32.293441     3.8700     0.1058     0.1278     0.0846 1.1610e-01     4.9875      6.556      9.509    10.6072 0.0000e+00
      6.699      0.053     8.8861     79.535     45.354  32.300923     3.8700     0.1248     0.1278     0.0846 1.1635e-01     4.9875      6.569      9.528    10.6070 0.0000e+00
      6.712      0.052     8.8796     79.468     45.361  32.305839     3.8700     0.1439     0.1278     0.0846 1.1625e-01     4.9123      6.582      9.547    10.6069 0.0000e+00
      6.726      0.051     8.8705     79.426     45.361  32.305538     3.8700     0.1401     0.1704     0.1269 1.1610e-01     4.7770      6.595      9.566    10.6068 0.0000e+00
      6.739      0.051     8.8599     79.398     45.359  32.303902     3.8700     0.1172     0.1704     0.1269 1.1615e-01     4.7620      6.608      9.585    10.6068 0.0000e+00
      6.751      0.051     8.8498     79.388     45.360  32.304455     3.8700     0.1363     0.1704     0.1269 1.1595e-01     4.9574      6.620      9.602    10.6068 0.0000e+00
      6.763      0.051     8.8425     79.408     45.359  32.303383     3.8700     0.1210     0.1704     0.1269 1.1625e-01     5.0626      6.633      9.620    10.6068 0.0000e+00
      6.776      0.051     8.8378     79.453     45.355  32.300400     3.8700     0.1286     0.1704     0.1269 1.1623e-01     5.0175      6.645      9.638    10.6067 0.0000e+00
      6.789      0.051     8.8346     79.498     45.358  32.302633     3.8700     0.1134     0.0852     0.2115 1.1630e-01     5.0476      6.658      9.657    10.6067 0.0000e+00
      6.803      0.051     8.8336     79.522     45.370  32.310676     3.8700     0.1325     0.0852     0.2115 1.1617e-01     5.0025      6.671      9.676    10.6066 0.0000e+00
      6.817      0.051     8.8359     79.518     45.382  32.318754     3.8700     0.1363     0.0852     0.2115 1.1623e-01     5.0175      6.685      9.696    10.6063 0.0000e+00
      6.830      0.051     8.8409     79.499     45.390  32.325061     3.8700     0.1248     0.0852     0.2115 1.1623e-01     5.0776      6.698      9.715    10.6059 0.0000e+00
      6.842      0.050     8.8460     79.478     45.394  32.327316     3.8700     0.1210     0.0852     0.2115 1.1623e-01     4.9123      6.710      9.732    10.6055 0.0000e+00
      6.855      0.050     8.8488     79.455     45.387  32.322162     3.8700     0.1210     0.0852     0.2115 1.1620e-01     5.0175      6.722      9.750    10.6053 0.0000e+00
      6.867      0.049     8.8484     79.436     45.373  32.312183     3.8700     0.1058     0.0852     0.2115 1.1612e-01     4.9875      6.734      9.768    10.6052 0.0000e+00
      6.880      0.047     8.8462     79.431     45.360  32.302641     3.8700     0.1210     0.0852     0.2115 1.1600e-01     5.0326      6.747      9.786    10.6052 0.0000e+00
      6.892      0.046     8.8439     79.449     45.349  32.294951     3.8700     0.1210     0.0852     0.1269 1.1610e-01     4.9123      6.759      9.803    10.6051 0.0000e+00
      6.904      0.045     8.8414     79.487     45.340  32.289042     3.8700     0.1172     0.0852     0.1269 1.1623e-01     4.9273      6.770      9.820    10.6049 0.0000e+00
      6.915      0.043     8.8393     79.539     45.335  32.285320     3.8700     0.1134     0.0852     0.1269 1.1623e-01     5.0326      6.781      9.835    10.6047 0.0000e+00
      6.925      0.043     8.8388     79.593     45.331  32.282792     3.8700     0.1134     0.0852     0.1269 1.1605e-01     4.9574      6.791      9.850    10.6047 0.0000e+00
      6.935      0.042     8.8407     79.649     45.334  32.284745     3.8700     0.1210     0.0852     0.1269 1.1623e-01     4.9574      6.801      9.864    10.6049 0.0000e+00
      6.946      0.043     8.8449     79.706     45.342  32.289718     3.8700     0.1210     0.0852     0.1269 1.1615e-01     5.0326      6.811      9.879    10.6052 0.0000e+00
      6.957      0.043     8.8506     79.752     45.347  32.293097     3.8700     0.1248     0.0852     0.1269 1.1615e-01     5.0175      6.822      9.895    10.6053 0.0000e+00
      6.968      0.044     8.8566     79.783     45.351  32.295782     3.8700     0.1019     0.0852     0.1269 1.1623e-01     5.0927      6.834      9.911    10.6052 0.0000e+00
      6.980      0.044     8.8629     79.802     45.355  32.298491     3.8700     0.1058     0.0852     0.1269 1.1628e-01     4.9574      6.845      9.927    10.6049 0.0000e+00
      6.991      0.045     8.8694     79.815     45.360  32.301944     3.9600     0.1096     0.1278     0.1269 1.1633e-01     5.0025      6.856      9.944    10.6046 0.0000e+00
      7.002      0.045     8.8746     79.833     45.361  32.303103     3.9600     0.1172     0.1278     0.1269 1.1617e-01     5.0025      6.867      9.960    10.6043 0.0000e+00
      7.014      0.045     8.8780     79.852     45.354  32.298316     3.9600     0.1363     0.1278     0.1269 1.1623e-01     5.0025      6.878      9.976    10.6040 0.0000e+00
      7.025      0.044     8.8801     79.868     45.346  32.292248     3.9600     0.1286     0.1278     0.1269 1.1630e-01     5.0175      6.889      9.992    10.6039 0.0000e+00
      7.037      0.044     8.8817     79.890     45.347  32.293182     3.8700     0.1210     0.1278     0.1269 1.1602e-01     5.0476      6.901     10.008    10.6038 0.0000e+00
      7.048      0.044     8.8837     79.920     45.364  32.305327     3.8700     0.1325     0.1278     0.1269 1.1602e-01     5.0476      6.912     10.024    10.6038 0.0000e+00
      7.059      0.044     8.8857     79.948     45.384  32.320040     3.8700     0.1058     0.1278     0.1269 1.1650e-01     4.9875      6.923     10.040    10.6038 0.0000e+00
      7.070      0.044     8.8875     79.972     45.389  32.323422     3.8700     0.1210     0.1278     0.1269 1.1612e-01     5.1378      6.934     10.056    10.6038 0.0000e+00
      7.081      0.045     8.8900     79.988     45.388  32.322316     3.8700     0.1134     0.0852     0.0846 1.1605e-01     5.0175      6.945     10.072    10.6040 0.0000e+00
      7.093      0.045     8.8932     79.995     45.391  32.324348     3.8700     0.1248     0.0852     0.0846 1.1623e-01     4.9724      6.956     10.089    10.6042 0.0000e+00
      7.105      0.046     8.8964     80.001     45.388  32.322139     3.8700     0.1210     0.0852     0.0846 1.1607e-01     4.9724      6.967     10.105    10.6044 0.0000e+00
      7.117      0.046     8.8990     80.009     45.379  32.315100     3.8700     0.1363     0.0852     0.0846 1.1628e-01     4.9123      6.979     10.122    10.6046 0.0000e+00
      7.129      0.047     8.9007     80.021     45.372  32.309275     3.9600     0.1019     0.1278     0.1269 1.1620e-01     5.0175      6.991     10.139    10.6046 0.0000e+00
      7.141      0.047     8.9016     80.038     45.376  32.311032     3.9600     0.1439     0.1278     0.1269 1.1617e-01     5.0626      7.002     10.156    10.6044 0.0000e+00
      7.153      0.047     8.9023     80.062     45.390  32.320839     3.9600     0.1210     0.1278     0.1269 1.1595e-01     5.0175      7.014     10.173    10.6039 0.0000e+00
      7.165      0.047     8.9034     80.094     45.403  32.329429     3.9600     0.1210     0.1278     0.1269 1.1610e-01     5.0476      7.026     10.190    10.6033 0.0000e+00
      7.177      0.047     8.9048     80.134     45.406  32.331172     3.9600     0.0981     0.1278     0.1269 1.1610e-01     4.9875      7.038     10.208    10.6026 0.0000e+00
      7.189      0.046     8.9070     80.178     45.411  32.334453     3.8700     0.1172     0.1278     0.0846 1.1623e-01     5.0776      7.050     10.225    10.6018 0.0000e+00
      7.201      0.046     8.9098     80.216     45.425  32.344109     3.8700     0.1248     0.1278     0.0846 1.1610e-01     5.0626      7.062     10.242    10.6010 0.0000e+00
      7.213      0.044     8.9134     80.243     45.428  32.346873     3.8700     0.0905     0.1278     0.0846 1.1612e-01     4.9123      7.073     10.259    10.6003 0.0000e+00
      7.224      0.043     8.9181     80.262     45.418  32.339521     3.8700     0.1363     0.1278     0.0846 1.1607e-01     5.0626      7.084     10.275    10.5998 0.0000e+00
      7.234      0.042     8.9230     80.273     45.407  32.331973     3.8700     0.1210     0.0852     0.1269 1.1620e-01     4.9875      7.094     10.290    10.5996 0.0000e+00
      7.245      0.041     8.9272     80.274     45.401  32.328157     3.8700     0.1210     0.0852     0.1269 1.1605e-01     4.9574      7.105     10.305    10.5996 0.0000e+00
      7.255      0.040     8.9302     80.267     45.402  32.329038     3.8700     0.1286     0.0852     0.1269 1.1602e-01     4.9875      7.115     10.319    10.5997 0.0000e+00
      7.265      0.039     8.9322     80.255     45.402  32.328907     3.8700     0.0867     0.0852     0.1269 1.1597e-01     4.9574      7.124     10.333    10.5998 0.0000e+00
      7.274      0.038     8.9334     80.241     45.397  32.325752     3.8700     0.1210     0.1278     0.1692 1.1623e-01     4.9724      7.134     10.347    10.5999 0.0000e+00
      7.284      0.038     8.9335     80.226     45.393  32.322690     3.8700     0.0905     0.1278     0.1692 1.1623e-01     5.0175      7.143     10.361    10.6000 0.0000e+00
