Data/DataNotYetUploadedToEDI/Raw_CTD/RawDownloads/062723_fcrXX_S8188014.cnv
* Sea-Bird SBE19plus  Data File:
* FileName = C:\R\Reservoirs\Data\DataNotYetUploadedToEDI\Raw_CTD\RawDownloads\062623_fcr50_S8188_0014.hex
* Software version 2.8.0.119
* Temperature SN = 8188
* Conductivity SN = 8188
* System UpLoad Time = Jul 03 2023 16:34:07
* <ApplicationData>
* <Seaterm232>
# nquan = 16
# nvalues = 847                         
# units = specified
# name 0 = depFM: Depth [fresh water, m]
# name 1 = dz/dtM: Descent Rate [m/s]
# name 2 = sbeox0Mg/L: Oxygen, SBE 43 [mg/l]
# name 3 = sbeox0PS: Oxygen, SBE 43 [% saturation]
# name 4 = specc: Specific Conductance [uS/cm]
# name 5 = c0uS/cm: Conductivity [uS/cm]
# name 6 = wetCDOM: Fluorescence, WET Labs CDOM [mg/m^3]
# name 7 = flECO-AFL: Fluorescence, WET Labs ECO-AFL/FL [mg/m^3]
# name 8 = flECO-AFL1: Fluorescence, WET Labs ECO-AFL/FL, 2 [mg/m^3]
# name 9 = flECO-AFL2: Fluorescence, WET Labs ECO-AFL/FL, 3 [mg/m^3]
# name 10 = par/sat/log: PAR/Logarithmic, Satlantic
# name 11 = turbWETntu0: Turbidity, WET Labs ECO [NTU]
# name 12 = prdM: Pressure, Strain Gauge [db]
# name 13 = prdE: Pressure, Strain Gauge [psi]
# name 14 = tv290C: Temperature [ITS-90, deg C]
# name 15 = flag:  0.000e+00
# span 0 =     -0.718,      6.696       
# span 1 =     -0.245,      0.168       
# span 2 =     0.0622,    14.6432       
# span 3 =      0.577,    161.615       
# span 4 =      0.439,     47.746       
# span 5 =   0.377055,  47.230262       
# span 6 =    -4.5000,     7.2900       
# span 7 =    -0.9891,     4.2333       
# span 8 =    -2.1300,     0.5112       
# span 9 =    -2.0304,    20.6847       
# span 10 = 1.1595e-01, 5.0113e+02      
# span 11 =    -0.6488,    57.8334      
# span 12 =     -0.705,      6.567      
# span 13 =     -1.022,      9.524      
# span 14 =    10.5909,    24.4905      
# span 15 = 0.0000e+00, 0.0000e+00      
# interval = seconds: 0.25
# start_time = Jun 27 2023 15:15:35 [Instrument's time stamp, header]
# bad_flag = -9.990e-29
*END*
[from data line 362]
      0.089      0.091    10.4943    124.296     44.427  43.422337     7.2900     3.6840     0.4686    20.6847 9.9305e+01    21.8062      0.087      0.126    23.9391 0.0000e+00
      0.112      0.096    10.4962    125.156     44.425  43.388988     7.2900     3.6726     0.4686    20.6847 9.5329e+01    21.5958      0.110      0.159    23.9316 0.0000e+00
      0.137      0.102    10.4774    126.697     44.398  43.335222     7.2900     4.2143     0.4686    20.6847 7.3544e+01    21.6108      0.135      0.195    23.9181 0.0000e+00
      0.165      0.107    10.4651    128.676     44.357  43.276418     7.1100     4.2295     0.4686    19.4580 5.7382e+01    21.7160      0.162      0.235    23.8959 0.0000e+00
      0.195      0.112    10.4885    130.713     44.333  43.238502     7.1100     4.2219     0.4686    19.4580 5.1485e+01    21.6258      0.191      0.277    23.8638 0.0000e+00
      0.224      0.115    10.5682    132.454     44.332  43.223251     7.1100     4.2333     0.4686    19.4580 4.6476e+01    21.5958      0.220      0.319    23.8279 0.0000e+00
      0.254      0.118    10.7045    133.626     44.345  43.216692     7.1100     4.0922     0.4686    19.4580 4.2765e+01    16.9064      0.249      0.361    23.7974 0.0000e+00
      0.284      0.119    10.8760    134.041     44.374  43.215095     7.1100     4.1151     0.4686    19.4580 3.6105e+01    16.9815      0.279      0.404    23.7761 0.0000e+00
      0.315      0.121    11.0514    133.631     44.415  43.210106     6.6600     4.0769     0.3834    16.9623 3.2956e+01    16.8462      0.309      0.447    23.7604 0.0000e+00
      0.346      0.124    11.2018    132.493     44.442  43.176620     6.6600     4.1036     0.3834    16.9623 2.9505e+01    16.9064      0.339      0.491    23.7444 0.0000e+00
      0.377      0.126    11.3053    130.871     44.464  43.135421     6.6600     3.5009     0.3834    16.9623 2.7458e+01    13.7801      0.370      0.536    23.7223 0.0000e+00
      0.409      0.129    11.3474    129.018     44.482  43.101273     6.6600     3.5009     0.3834    16.9623 2.5128e+01    13.9755      0.401      0.582    23.6886 0.0000e+00
      0.443      0.130    11.3232    127.069     44.492  43.072994     5.8500     3.4742     0.2556    10.7865 1.9937e+01    13.9003      0.434      0.630    23.6380 0.0000e+00
      0.477      0.130    11.2408    125.056     44.518  43.066816     5.8500     3.4933     0.2556    10.7865 1.7168e+01    13.8703      0.468      0.678    23.5707 0.0000e+00
      0.512      0.129    11.1178    122.999     44.560  43.077128     5.8500     2.3870     0.2556    10.7865 1.3571e+01     9.2711      0.502      0.728    23.5001 0.0000e+00
      0.546      0.126    10.9723    120.935     44.610  43.090832     5.8500     2.3755     0.2556    10.7865 1.1666e+01     9.2560      0.535      0.776    23.4423 0.0000e+00
      0.578      0.122    10.8152    118.898     44.659  43.095730     5.4900     2.3870     0.2130     8.7561 1.0366e+01     9.2861      0.567      0.822    23.4001 0.0000e+00
      0.608      0.117    10.6507    116.930     44.708  43.089164     5.4900     2.3946     0.2130     8.7561 9.4532e+00     9.3612      0.597      0.865    23.3654 0.0000e+00
      0.637      0.111    10.4823    115.077     44.775  43.085232     5.4900     2.1352     0.2130     8.7561 8.7191e+00     8.5646      0.625      0.906    23.3311 0.0000e+00
      0.664      0.106    10.3138    113.408     44.852  43.078919     5.4900     2.1505     0.2130     8.7561 7.8658e+00     8.5797      0.651      0.944    23.2926 0.0000e+00
      0.690      0.101    10.1490    112.010     44.935  43.068539     5.4900     2.1238     0.2130     8.7561 7.0071e+00     8.7149      0.677      0.981    23.2453 0.0000e+00
      0.715      0.098     9.9924    110.949     45.029  43.057263     5.3100     2.1238     0.2130     7.6140 6.5321e+00     8.6999      0.701      1.017    23.1846 0.0000e+00
      0.739      0.095     9.8483    110.249     45.133  43.044061     5.3100     2.0742     0.2130     7.6140 6.1438e+00     7.3171      0.725      1.051    23.1085 0.0000e+00
      0.762      0.094     9.7220    109.916     45.256  43.043239     5.3100     2.0780     0.2130     7.6140 5.9857e+00     7.5125      0.748      1.084    23.0189 0.0000e+00
      0.786      0.094     9.6207    109.954     45.378  43.040703     5.3100     2.0665     0.2130     7.6140 5.7287e+00     7.3923      0.770      1.117    22.9187 0.0000e+00
      0.809      0.094     9.5503    110.356     45.465  43.002090     5.2200     2.0971     0.2130     6.6411 5.0284e+00     7.4524      0.793      1.151    22.8063 0.0000e+00
      0.834      0.094     9.5132    111.113     45.499  42.901252     5.2200     2.0627     0.2130     6.6411 4.5679e+00     6.5055      0.817      1.186    22.6813 0.0000e+00
      0.858      0.094     9.5088    112.204     45.450  42.707329     5.2200     2.0894     0.2130     6.6411 4.1128e+00     6.5055      0.842      1.221    22.5504 0.0000e+00
      0.883      0.093     9.5366    113.606     45.295  42.392380     5.2200     2.0665     0.2130     6.6411 3.8174e+00     6.5055      0.866      1.256    22.4192 0.0000e+00
      0.907      0.091     9.5973    115.330     45.003  41.925904     5.0400     2.0856     0.1278     4.9914 3.5394e+00     6.4003      0.890      1.290    22.2838 0.0000e+00
      0.930      0.089     9.6915    117.383     44.493  41.244916     5.0400     1.7003     0.1278     4.9914 3.2794e+00     5.3332      0.912      1.323    22.1361 0.0000e+00
      0.952      0.086     9.8190    119.726     43.816  40.405538     5.0400     1.7080     0.1278     4.9914 3.1584e+00     5.3933      0.934      1.354    21.9706 0.0000e+00
      0.974      0.083     9.9798    122.304     43.115  39.548443     5.0400     1.7080     0.1278     4.9914 2.9444e+00     5.3031      0.955      1.384    21.7789 0.0000e+00
      0.994      0.081    10.1756    125.048     42.346  38.643164     4.8600     1.6927     0.1704     2.8764 2.7128e+00     5.3332      0.975      1.414    21.5594 0.0000e+00
      1.014      0.078    10.4052    127.838     41.570  37.745406     4.8600     1.4447     0.1704     2.8764 2.5957e+00     3.8151      0.995      1.442    21.3233 0.0000e+00
      1.034      0.076    10.6643    130.511     40.965  37.013891     4.8600     1.4638     0.1704     2.8764 2.4072e+00     3.8151      1.014      1.470    21.0782 0.0000e+00
      1.053      0.074    10.9467    132.893     40.512  36.435768     4.8600     1.4562     0.1704     2.8764 2.2735e+00     3.8602      1.033      1.498    20.8324 0.0000e+00
      1.072      0.072    11.2441    134.805     40.198  36.001443     4.8600     1.4524     0.1704     2.8764 2.1355e+00     3.8903      1.051      1.524    20.5967 0.0000e+00
      1.090      0.070    11.5457    136.081     40.036  35.723829     4.6800     1.3837     0.1278     1.9881 1.9817e+00     3.4243      1.069      1.550    20.3704 0.0000e+00
      1.108      0.067    11.8371    136.614     39.977  35.556615     4.6800     1.3799     0.1278     1.9881 1.9770e+00     3.4694      1.086      1.575    20.1522 0.0000e+00
      1.124      0.065    12.1006    136.384     39.980  35.463131     4.6800     1.3990     0.1278     1.9881 1.9595e+00     3.4093      1.103      1.599    19.9484 0.0000e+00
      1.140      0.064    12.3182    135.480     40.015  35.414481     4.6800     1.3875     0.1278     1.9881 1.9835e+00     3.4243      1.118      1.622    19.7642 0.0000e+00
      1.156      0.064    12.4735    134.071     40.059  35.389769     4.6800     1.4295     0.0852     1.4382 1.9633e+00     3.1538      1.134      1.644    19.6023 0.0000e+00
      1.172      0.065    12.5559    132.360     40.100  35.374479     4.6800     1.4219     0.0852     1.4382 1.9809e+00     3.1688      1.149      1.666    19.4625 0.0000e+00
      1.188      0.067    12.5635    130.543     40.124  35.352651     4.6800     1.4333     0.0852     1.4382 2.0134e+00     3.0786      1.164      1.689    19.3435 0.0000e+00
      1.205      0.069    12.5039    128.798     40.142  35.326384     4.6800     1.4791     0.0852     1.4382 1.9173e+00     3.1838      1.181      1.713    19.2456 0.0000e+00
      1.223      0.071    12.3929    127.275     40.172  35.304519     4.5900     0.9069     0.0852     1.0575 1.8014e+00     2.5526      1.199      1.739    19.1668 0.0000e+00
      1.242      0.072    12.2501    126.052     40.219  35.289144     4.5900     0.8916     0.0852     1.0575 1.6702e+00     2.4925      1.218      1.767    19.1035 0.0000e+00
      1.262      0.072    12.0947    125.121     40.283  35.280118     4.5900     0.8878     0.0852     1.0575 1.5878e+00     2.4474      1.237      1.795    19.0500 0.0000e+00
      1.281      0.071    11.9457    124.419     40.350  35.271071     4.5900     0.9259     0.0852     1.0575 1.5375e+00     2.4624      1.256      1.822    18.9975 0.0000e+00
      1.299      0.070    11.8186    123.863     40.410  35.255625     4.4100     0.6703     0.0852     0.6768 1.5048e+00     2.3572      1.274      1.848    18.9381 0.0000e+00
      1.316      0.068    11.7218    123.362     40.458  35.233620     4.4100     0.6894     0.0852     0.6768 1.4811e+00     2.1317      1.291      1.872    18.8675 0.0000e+00
      1.333      0.067    11.6543    122.789     40.494  35.207108     4.4100     0.6551     0.0852     0.6768 1.4321e+00     2.1768      1.307      1.896    18.7870 0.0000e+00
      1.349      0.066    11.6089    121.950     40.514  35.172976     4.4100     0.6703     0.0852     0.6768 1.3894e+00     2.2520      1.323      1.919    18.7023 0.0000e+00
      1.365      0.066    11.5766    120.629     40.515  35.124102     4.4100     0.6665     0.0852     0.6768 1.3278e+00     1.9965      1.339      1.942    18.6187 0.0000e+00
      1.382      0.066    11.5482    118.615     40.494  35.055375     4.4100     0.7085     0.0852     0.5922 1.2515e+00     2.0866      1.356      1.966    18.5398 0.0000e+00
      1.399      0.065    11.5112    115.699     40.455  34.970249     4.4100     0.6703     0.0852     0.5922 1.2284e+00     2.0416      1.372      1.990    18.4682 0.0000e+00
      1.416      0.064    11.4472    111.838     40.414  34.885631     4.4100     0.6970     0.0852     0.5922 1.1846e+00     2.0566      1.389      2.014    18.4039 0.0000e+00
      1.433      0.062    11.3370    107.166     40.386  34.818564     4.4100     0.6131     0.0852     0.5922 1.1559e+00     1.8161      1.405      2.038    18.3428 0.0000e+00
      1.448      0.061    11.1614    101.751     40.373  34.772947     4.5000     0.6055     0.0426     0.5076 1.1571e+00     1.7860      1.421      2.060    18.2803 0.0000e+00
      1.463      0.060    10.9007     95.524     40.369  34.742554     4.5000     0.6322     0.0426     0.5076 1.1384e+00     1.7109      1.435      2.082    18.2164 0.0000e+00
      1.478      0.059    10.5497     88.332     40.365  34.717300     4.5000     0.6131     0.0426     0.5076 1.1337e+00     1.7710      1.449      2.102    18.1554 0.0000e+00
      1.492      0.059    10.1197     80.143     40.354  34.688470     4.5000     0.6551     0.0426     0.5076 1.1173e+00     1.8011      1.463      2.122    18.1025 0.0000e+00
      1.507      0.059     9.6166     71.209     40.330  34.648375     4.4100     0.6932     0.0426     0.4653 1.0738e+00     1.7860      1.478      2.143    18.0596 0.0000e+00
      1.522      0.060     9.0341     61.973     40.285  34.588304     4.4100     0.6894     0.0426     0.4653 1.0731e+00     1.7860      1.493      2.165    18.0260 0.0000e+00
      1.538      0.061     8.3582     52.902     40.223  34.508080     4.4100     0.6856     0.0426     0.4653 1.0434e+00     1.7860      1.508      2.187    17.9991 0.0000e+00
      1.553      0.062     7.5866     44.452     40.157  34.419978     4.4100     0.6093     0.0426     0.4653 1.0225e+00     1.6658      1.523      2.210    17.9754 0.0000e+00
      1.570      0.062     6.7435     37.046     40.099  34.336148     4.4100     0.6360     0.0426     0.3807 9.8076e-01     1.6207      1.539      2.232    17.9518 0.0000e+00
      1.586      0.064     5.8713     30.965     40.048  34.258000     4.4100     0.6208     0.0426     0.3807 1.0049e+00     1.6508      1.555      2.255    17.9248 0.0000e+00
      1.601      0.066     5.0146     26.271     39.987  34.168654     4.4100     0.6131     0.0426     0.3807 9.8012e-01     1.4704      1.570      2.277    17.8913 0.0000e+00
      1.617      0.070     4.2164     22.814     39.901  34.054186     4.4100     0.4911     0.0426     0.3807 9.7460e-01     1.3953      1.586      2.300    17.8520 0.0000e+00
      1.634      0.075     3.5166     20.338     39.815  33.931599     4.4100     0.4796     0.0426     0.3807 9.6030e-01     1.6508      1.603      2.324    17.8097 0.0000e+00
      1.653      0.080     2.9419     18.590     39.751  33.821671     4.3200     0.4949     0.0426     0.2538 8.9794e-01     1.4404      1.621      2.352    17.7662 0.0000e+00
      1.675      0.085     2.4983     17.415     39.708  33.724793     4.3200     0.4758     0.0426     0.2538 9.1667e-01     1.5606      1.643      2.383    17.7203 0.0000e+00
      1.699      0.090     2.1720     16.778     39.674  33.634929     4.3200     0.4605     0.0426     0.2538 8.4237e-01     1.0796      1.666      2.417    17.6680 0.0000e+00
      1.724      0.093     1.9389     16.660     39.642  33.549898     4.3200     0.4376     0.0426     0.2538 7.8698e-01     1.0947      1.691      2.452    17.6064 0.0000e+00
      1.749      0.094     1.7751     16.986     39.605  33.466826     4.2300     0.4224     0.0426     0.2538 7.5089e-01     1.0947      1.715      2.487    17.5365 0.0000e+00
      1.773      0.096     1.6658     17.652     39.558  33.379400     4.2300     0.4300     0.0426     0.2538 7.4813e-01     1.0496      1.738      2.521    17.4612 0.0000e+00
      1.796      0.097     1.6079     18.540     39.503  33.284110     4.2300     0.4529     0.0426     0.2538 7.5597e-01     1.0646      1.761      2.555    17.3842 0.0000e+00
      1.820      0.098     1.5994     19.518     39.444  33.179307     4.2300     0.4491     0.0426     0.2538 7.4117e-01     1.0646      1.785      2.589    17.3113 0.0000e+00
      1.846      0.099     1.6333     20.465     39.386  33.066748     4.1400     0.4376     0.0852     0.2538 7.0642e-01     1.0045      1.810      2.625    17.2460 0.0000e+00
      1.872      0.101     1.6997     21.296     39.344  32.959980     4.1400     0.4643     0.0852     0.2538 6.9666e-01     1.0496      1.836      2.662    17.1854 0.0000e+00
      1.898      0.102     1.7877     21.979     39.321  32.864194     4.1400     0.3613     0.0852     0.2538 6.5796e-01     1.3051      1.862      2.700    17.1231 0.0000e+00
      1.925      0.104     1.8849     22.513     39.296  32.761765     4.1400     0.3690     0.0852     0.2538 6.6443e-01     1.3351      1.888      2.737    17.0536 0.0000e+00
      1.951      0.105     1.9796     22.882     39.267  32.655080     4.0500     0.3728     0.0426     0.1692 6.7417e-01     1.2901      1.913      2.775    16.9732 0.0000e+00
      1.977      0.106     2.0638     23.051     39.253  32.559252     4.0500     0.3575     0.0426     0.1692 6.3493e-01     1.3502      1.939      2.812    16.8824 0.0000e+00
      2.004      0.108     2.1343     22.980     39.246  32.466545     4.0500     0.3690     0.0426     0.1692 6.3811e-01     1.5155      1.966      2.851    16.7845 0.0000e+00
      2.032      0.110     2.1906     22.658     39.259  32.381941     4.0500     0.3652     0.0426     0.1692 6.0005e-01     1.5305      1.993      2.890    16.6818 0.0000e+00
      2.060      0.112     2.2312     22.098     39.305  32.316537     4.0500     0.3690     0.0426     0.1692 5.9732e-01     1.5155      2.021      2.931    16.5762 0.0000e+00
