Data/DataNotYetUploadedToEDI/Raw_CTD/RawDownloads/062723_fcrXX_S8188012.cnv
* Sea-Bird SBE19plus  Data File:
* FileName = C:\R\Reservoirs\Data\DataNotYetUploadedToEDI\Raw_CTD\RawDownloads\062623_fcr50_S8188_0012.hex
* Software version 2.8.0.119
* Temperature SN = 8188
* Conductivity SN = 8188
* System UpLoad Time = Jul 03 2023 16:33:41
* <ApplicationData>
* <Seaterm232>
# nquan = 16
# nvalues = 849                         
# units = specified
# name 0 = depFM: Depth [fresh water, m]
# name 1 = dz/dtM: Descent Rate [m/s]
# name 2 = sbeox0Mg/L: Oxygen, SBE 43 [mg/l]
# name 3 = sbeox0PS: Oxygen, SBE 43 [% saturation]
# name 4 = specc: Specific Conductance [uS/cm]
# name 5 = c0uS/cm: Conductivity [uS/cm]
# name 6 = wetCDOM: Fluorescence, WET Labs CDOM [mg/m^3]
# name 7 = flECO-AFL: Fluorescence, WET Labs ECO-AFL/FL [mg/m^3]
# name 8 = flECO-AFL1: Fluorescence, WET Labs ECO-AFL/FL, 2 [mg/m^3]
# name 9 = flECO-AFL2: Fluorescence, WET Labs ECO-AFL/FL, 3 [mg/m^3]
# name 10 = par/sat/log: PAR/Logarithmic, Satlantic
# name 11 = turbWETntu0: Turbidity, WET Labs ECO [NTU]
# name 12 = prdM: Pressure, Strain Gauge [db]
# name 13 = prdE: Pressure, Strain Gauge [psi]
# name 14 = tv290C: Temperature [ITS-90, deg C]
# name 15 = flag:  0.000e+00
# span 0 =     -0.729,      4.617       
# span 1 =     -0.179,      0.161       
# span 2 =     0.0621,    17.4728       
# span 3 =      0.618,    207.702       
# span 4 =      0.278,     49.428       
# span 5 =   0.263717,  48.571650       
# span 6 =    -4.5000,     7.0200       
# span 7 =    -0.1346,     4.9047       
# span 8 =    -2.1300,     0.5112       
# span 9 =    -2.0304,    21.1500       
# span 10 = 1.1585e-01, 7.5317e+02      
# span 11 =    -0.6037,    25.2481      
# span 12 =     -0.715,      4.528      
# span 13 =     -1.037,      6.567      
# span 14 =    10.6076,    24.8060      
# span 15 = 0.0000e+00, 0.0000e+00      
# interval = seconds: 0.25
# start_time = Jun 27 2023 15:03:14 [Instrument's time stamp, header]
# bad_flag = -9.990e-29
*END*
     -0.729      0.001     7.9868     92.201      0.278   0.263717    -4.5000    -0.1002    -2.1300    -2.0304 4.4198e+02    -0.4985     -0.715     -1.037    22.4816 0.0000e+00
     -0.729      0.001     7.9866     92.203      0.280   0.265935    -4.5000    -0.1269    -2.1300    -2.0304 4.5801e+02    -0.4084     -0.715     -1.037    22.4817 0.0000e+00
     -0.729      0.001     7.9866     92.207      0.285   0.270883    -4.5000    -0.1117    -2.1300    -2.0304 4.2855e+02    -0.3332     -0.715     -1.037    22.4819 0.0000e+00
     -0.728      0.001     7.9868     92.211      0.295   0.279881     0.0000    -0.0926     0.0000     0.0423 3.9057e+02    -0.4234     -0.715     -1.037    22.4821 0.0000e+00
     -0.728      0.002     7.9869     92.212      0.307   0.291373     0.0000    -0.1155     0.0000     0.0423 3.9881e+02    -0.4384     -0.714     -1.036    22.4823 0.0000e+00
     -0.728      0.002     7.9870     92.209      0.324   0.308425     0.0000    -0.1002     0.0000     0.0423 3.8846e+02    -0.3783     -0.714     -1.036    22.4826 0.0000e+00
     -0.728      0.003     7.9873     92.204      0.348   0.331629     0.0000    -0.1193     0.0000     0.0423 3.4968e+02    -0.5436     -0.714     -1.035    22.4830 0.0000e+00
     -0.727      0.003     7.9875     92.201      0.381   0.363219     0.0000    -0.1079     0.0000     0.0423 3.2513e+02    -0.3633     -0.713     -1.034    22.4835 0.0000e+00
     -0.726      0.004     7.9875     92.200      0.431   0.411619     0.0000    -0.1041     0.0852     0.0000 2.9197e+02    -0.6037     -0.712     -1.033    22.4842 0.0000e+00
     -0.725      0.005     7.9871     92.202      0.507   0.485782     0.0000    -0.1308     0.0852     0.0000 2.7438e+02    -0.4234     -0.711     -1.031    22.4850 0.0000e+00
     -0.724      0.007     7.9865     92.209      0.621   0.597576     0.0000    -0.1269     0.0852     0.0000 2.9267e+02    -0.4534     -0.710     -1.029    22.4861 0.0000e+00
     -0.722      0.009     7.9861     92.217      0.797   0.768906     0.0000    -0.0888     0.0852     0.0000 3.2161e+02    -0.4985     -0.708     -1.027    22.4874 0.0000e+00
     -0.720      0.011     7.9857     92.224      1.080   1.045457     0.0000    -0.1231     0.0000     0.0846 3.8135e+02    -0.4534     -0.706     -1.024    22.4891 0.0000e+00
     -0.717      0.015     7.9856     92.224      1.549   1.504933     0.0000    -0.1155     0.0000     0.0846 4.9249e+02    -0.3783     -0.703     -1.020    22.4915 0.0000e+00
     -0.713      0.019     7.9856     92.219      2.327   2.265905     0.0000    -0.1269     0.0000     0.0846 5.6217e+02    -0.4384     -0.700     -1.015    22.4952 0.0000e+00
     -0.709      0.024     7.9854     92.215      3.625   3.535254     0.0000    -0.1269     0.0000     0.0846 6.0344e+02    -0.5436     -0.695     -1.008    22.5010 0.0000e+00
     -0.702      0.031     7.9846     92.213      5.797   5.659380     0.0000    -0.1308    -0.0426     0.0846 6.0109e+02    -0.4985     -0.689     -0.999    22.5104 0.0000e+00
     -0.695      0.040     7.9823     92.223      9.423   9.204719     0.0000    -0.1079    -0.0426     0.0846 6.2942e+02    -0.4685     -0.681     -0.988    22.5260 0.0000e+00
     -0.684      0.052     7.9780     92.252     15.308  14.964450     0.0000    -0.1079    -0.0426     0.0846 6.7314e+02    -0.4534     -0.671     -0.973    22.5519 0.0000e+00
     -0.671      0.066     7.9712     92.306     23.235  22.761464     0.0000     1.1663    -0.0426     0.0846 7.1661e+02    13.8102     -0.658     -0.954    22.5950 0.0000e+00
     -0.654      0.083     7.9604     92.394     31.345  30.824522     0.0000     1.1357     0.0000     0.0846 7.5317e+02    13.8102     -0.641     -0.930    22.6667 0.0000e+00
     -0.632      0.102     7.9433     92.523     37.847  37.384156     0.0000     1.1853     0.0000     0.0846 7.3939e+02    13.8102     -0.619     -0.898    22.7862 0.0000e+00
     -0.604      0.120     7.9161     92.705     42.158  41.806796     0.0000     1.1548     0.0000     0.0846 6.8005e+02    13.8402     -0.592     -0.858    22.9850 0.0000e+00
     -0.569      0.137     7.8760     92.962     44.729  44.489253     0.0000     2.2458     0.0000     0.0846 6.5595e+02    23.2341     -0.558     -0.809    23.2859 0.0000e+00
     -0.529      0.151     7.8285     93.321     46.258  46.095332     0.0000     2.2802     0.0000     0.0846 5.8206e+02    23.3543     -0.519     -0.753    23.6570 0.0000e+00
     -0.486      0.159     7.7852     93.790     47.155  47.023601     4.4100     2.2573     0.5112     8.6715 4.7154e+02    23.2341     -0.476     -0.691    24.0258 0.0000e+00
     -0.441      0.161     7.7549     94.346     47.663  47.517635     4.4100     2.2535     0.5112     8.6715 4.0404e+02    23.3393     -0.432     -0.628    24.3376 0.0000e+00
     -0.397      0.155     7.7425     94.942     47.936  47.742865     4.4100     2.8295     0.5112     8.6715 2.2751e+02    22.3022     -0.389     -0.564    24.5699 0.0000e+00
     -0.355      0.144     7.7506     95.515     48.083  47.822762     4.4100     2.8219     0.5112     8.6715 1.7370e+02    22.2571     -0.348     -0.505    24.7198 0.0000e+00
     -0.318      0.128     7.7786     96.003     48.165  47.832135     6.1200     2.8257     0.3834    15.2280 1.4253e+02    22.3322     -0.312     -0.452    24.7945 0.0000e+00
     -0.287      0.110     7.8231     96.355     48.205  47.801223     6.1200     2.8295     0.3834    15.2280 1.2628e+02    22.3773     -0.281     -0.408    24.8060 0.0000e+00
     -0.262      0.090     7.8775     96.546     48.213  47.743576     6.1200     2.8524     0.3834    15.2280 1.2714e+02    20.8893     -0.257     -0.373    24.7715 0.0000e+00
     -0.243      0.072     7.9339     96.576     48.204  47.675527     6.1200     2.8219     0.3834    15.2280 1.2459e+02    20.8593     -0.238     -0.346    24.7110 0.0000e+00
     -0.229      0.057     7.9847     96.479     48.200  47.620541     6.7500     2.7952     0.4686    18.8658 1.2322e+02    20.8292     -0.224     -0.325    24.6409 0.0000e+00
     -0.218      0.044     8.0244     96.306     48.214  47.587734     6.7500     2.7913     0.4686    18.8658 1.2777e+02    20.8443     -0.213     -0.310    24.5706 0.0000e+00
     -0.209      0.035     8.0501     96.107     48.224  47.556466     6.7500     2.5548     0.4686    18.8658 1.3235e+02    20.4234     -0.205     -0.298    24.5043 0.0000e+00
     -0.202      0.028     8.0614     95.942     48.215  47.518394     6.7500     2.5739     0.4686    18.8658 1.3435e+02    20.3032     -0.199     -0.288    24.4445 0.0000e+00
     -0.197      0.023     8.0612     95.878     48.196  47.495071     6.6600     2.5815     0.3834    18.7389 1.3284e+02    20.3332     -0.193     -0.280    24.3919 0.0000e+00
     -0.192      0.020     8.0537     95.988     48.182  47.504055     6.6600     2.5968     0.3834    18.7389 1.3013e+02    20.4084     -0.188     -0.273    24.3446 0.0000e+00
     -0.187      0.018     8.0434     96.365     48.172  47.535856     6.6600     2.5625     0.3834    18.7389 1.2836e+02    21.0697     -0.183     -0.266    24.3018 0.0000e+00
     -0.182      0.016     8.0341     97.141     48.153  47.567250     6.6600     2.5854     0.3834    18.7389 1.2541e+02    21.1749     -0.179     -0.260    24.2716 0.0000e+00
     -0.178      0.014     8.0294     98.522     48.121  47.586796     6.6600     2.5586     0.3834    18.7389 1.2178e+02    21.0847     -0.175     -0.254    24.2668 0.0000e+00
     -0.174      0.012     8.0349    100.754     48.086  47.599708     6.4800     2.5854     0.4260    17.6814 1.1587e+02    21.0397     -0.171     -0.248    24.2904 0.0000e+00
     -0.172      0.009     8.0598    103.930     48.047  47.605468     6.4800     2.4442     0.4260    17.6814 9.9694e+01    19.9274     -0.169     -0.244    24.3338 0.0000e+00
     -0.170      0.007     8.1167    107.792     47.995  47.593726     6.4800     2.4366     0.4260    17.6814 9.8809e+01    19.9124     -0.167     -0.242    24.3859 0.0000e+00
     -0.169      0.005     8.2237    111.813     47.941  47.573241     6.4800     2.4442     0.4260    17.6814 1.0244e+02    19.7621     -0.166     -0.240    24.4388 0.0000e+00
     -0.168      0.004     8.4020    115.419     47.905  47.566296     6.3900     2.4595     0.3834    18.2736 1.0704e+02    19.8523     -0.165     -0.239    24.4888 0.0000e+00
     -0.168      0.003     8.6593    118.137     47.886  47.571040     6.3900     2.3717     0.3834    18.2736 1.1058e+02    19.7020     -0.165     -0.238    24.5349 0.0000e+00
     -0.167      0.003     8.9743    119.671     47.861  47.564958     6.3900     2.3870     0.3834    18.2736 1.1247e+02    19.5968     -0.164     -0.238    24.5760 0.0000e+00
     -0.166      0.003     9.3032    119.914     47.815  47.530578     6.3900     2.3946     0.3834    18.2736 1.1082e+02    19.7020     -0.163     -0.237    24.6109 0.0000e+00
     -0.166      0.003     9.5983    118.945     47.746  47.466657     6.5700     2.4061     0.3834    18.5697 1.0811e+02    19.6418     -0.163     -0.236    24.6403 0.0000e+00
     -0.165      0.004     9.8201    117.056     47.682  47.401728     6.5700     2.4595     0.3834    18.5697 1.0483e+02    19.6268     -0.162     -0.234    24.6653 0.0000e+00
     -0.164      0.005     9.9442    114.716     47.652  47.370000     6.5700     2.4595     0.3834    18.5697 1.0282e+02    19.7320     -0.161     -0.233    24.6848 0.0000e+00
     -0.163      0.006     9.9624    112.413     47.665  47.380844     6.5700     2.4366     0.3834    18.5697 1.0383e+02    19.6268     -0.160     -0.231    24.6966 0.0000e+00
     -0.161      0.006     9.8813    110.497     47.710  47.423283     6.5700     2.4595     0.3834    18.5697 1.0567e+02    19.5817     -0.158     -0.229    24.7007 0.0000e+00
     -0.159      0.007     9.7246    109.150     47.762  47.472963     6.5700     2.5358     0.3834    18.4851 1.0917e+02    20.1829     -0.156     -0.226    24.7000 0.0000e+00
     -0.157      0.007     9.5306    108.423     47.803  47.509444     6.5700     2.5205     0.3834    18.4851 1.0715e+02    20.1228     -0.154     -0.223    24.6978 0.0000e+00
     -0.155      0.006     9.3396    108.300     47.825  47.526602     6.5700     2.5129     0.3834    18.4851 8.4922e+01    20.1228     -0.152     -0.220    24.6957 0.0000e+00
     -0.153      0.005     9.1808    108.733     47.827  47.525047     6.5700     2.4938     0.3834    18.4851 8.1011e+01    20.1078     -0.150     -0.218    24.6938 0.0000e+00
     -0.152      0.003     9.0694    109.650     47.816  47.512292     6.6600     2.5091     0.3408    19.2888 7.7785e+01    19.3863     -0.149     -0.216    24.6910 0.0000e+00
     -0.151      0.002     9.0097    110.980     47.799  47.496825     6.6600     2.5052     0.3408    19.2888 7.7937e+01    19.3713     -0.148     -0.215    24.6867 0.0000e+00
     -0.152      0.000     9.0003    112.686     47.772  47.470558     6.6600     2.5281     0.3408    19.2888 8.2521e+01    19.3863     -0.149     -0.216    24.6817 0.0000e+00
     -0.152     -0.002     9.0369    114.751     47.726  47.426487     6.6600     2.5091     0.3408    19.2888 8.4151e+01    19.4465     -0.149     -0.216    24.6779 0.0000e+00
     -0.153     -0.003     9.1134    117.096     47.679  47.380603     6.8400     2.7952     0.3834    19.3311 8.7052e+01    20.6940     -0.150     -0.217    24.6767 0.0000e+00
     -0.153     -0.005     9.2238    119.525     47.663  47.366249     6.8400     2.7990     0.3834    19.3311 7.5520e+01    20.5587     -0.150     -0.218    24.6776 0.0000e+00
     -0.154     -0.007     9.3653    121.760     47.690  47.393466     6.8400     2.8409     0.3834    19.3311 7.8806e+01    20.7541     -0.151     -0.220    24.6792 0.0000e+00
     -0.156     -0.009     9.5366    123.497     47.722  47.423937     6.8400     2.8295     0.3834    19.3311 7.8669e+01    20.5887     -0.153     -0.222    24.6806 0.0000e+00
     -0.159     -0.011     9.7313    124.458     47.733  47.428136     6.8400     2.8219     0.4260    18.9504 8.6243e+01    20.1078     -0.156     -0.227    24.6818 0.0000e+00
     -0.163     -0.012     9.9329    124.460     47.725  47.407184     6.8400     2.8219     0.4260    18.9504 8.3677e+01    20.0928     -0.160     -0.232    24.6830 0.0000e+00
     -0.167     -0.012    10.1185    123.463     47.707  47.371343     6.8400     2.8295     0.4260    18.9504 8.4904e+01    20.2280     -0.164     -0.238    24.6836 0.0000e+00
     -0.171     -0.011    10.2631    121.603     47.688  47.334837     6.8400     2.8295     0.4260    18.9504 8.9956e+01    20.1378     -0.168     -0.243    24.6821 0.0000e+00
     -0.174     -0.008    10.3443    119.178     47.668  47.299817     6.8400     2.5701     0.4260    18.9504 9.6099e+01    21.1148     -0.171     -0.248    24.6751 0.0000e+00
     -0.176     -0.005    10.3471    116.584     47.642  47.258927     6.7500     2.5663     0.3834    18.6966 8.9139e+01    21.0697     -0.173     -0.251    24.6609 0.0000e+00
     -0.177     -0.002    10.2677    114.219     47.622  47.225043     6.7500     2.5854     0.3834    18.6966 1.0300e+02    21.0246     -0.174     -0.252    24.6425 0.0000e+00
     -0.176      0.001    10.1164    112.395     47.623  47.208943     6.7500     2.5586     0.3834    18.6966 1.1880e+02    21.1449     -0.173     -0.251    24.6243 0.0000e+00
     -0.175      0.001     9.9176    111.294     47.628  47.192463     6.7500     2.8753     0.3834    18.6966 1.2005e+02    21.1449     -0.171     -0.249    24.6078 0.0000e+00
     -0.173      0.000     9.7045    110.947     47.628  47.161300     7.0200     2.8638     0.4260    19.8387 8.4206e+01    21.1298     -0.170     -0.246    24.5924 0.0000e+00
     -0.172     -0.002     9.5105    111.250     47.616  47.103180     7.0200     2.8524     0.4260    19.8387 7.5849e+01    21.1900     -0.169     -0.245    24.5769 0.0000e+00
     -0.173     -0.006     9.3618    111.995     47.573  47.000621     7.0200     2.8943     0.4260    19.8387 8.1665e+01    21.1148     -0.170     -0.247    24.5595 0.0000e+00
     -0.176     -0.009     9.2741    112.887     47.492  46.855994     7.0200     2.8409     0.4260    19.8387 8.1789e+01    20.5587     -0.172     -0.250    24.5368 0.0000e+00
     -0.179     -0.012     9.2510    113.621     47.397  46.706028     6.8400     2.8257     0.3834    19.2042 8.1240e+01    20.5437     -0.176     -0.255    24.5041 0.0000e+00
     -0.183     -0.014     9.2848    113.998     47.337  46.601882     6.8400     2.8371     0.3834    19.2042 9.1513e+01    20.5887     -0.180     -0.261    24.4560 0.0000e+00
     -0.188     -0.016     9.3581    113.973     47.325  46.553432     6.8400     2.8066     0.3834    19.2042 1.0315e+02    20.6038     -0.184     -0.266    24.3923 0.0000e+00
     -0.192     -0.017     9.4445    113.644     47.320  46.520014     6.8400     2.9783     0.3834    19.2042 1.2457e+02    20.6338     -0.188     -0.272    24.3241 0.0000e+00
     -0.196     -0.017     9.5163    113.197     47.286  46.464975     6.8400     2.9935     0.4260    19.2042 1.5273e+02    20.5737     -0.192     -0.279    24.2649 0.0000e+00
     -0.201     -0.017     9.5562    112.819     47.206  46.369672     6.8400     2.9935     0.4260    19.2042 1.7690e+02    20.7240     -0.197     -0.286    24.2174 0.0000e+00
     -0.206     -0.015     9.5608    112.621     47.076  46.230490     6.8400     3.0164     0.4260    19.2042 1.8918e+02    20.7541     -0.202     -0.293    24.1790 0.0000e+00
     -0.210     -0.013     9.5386    112.600     46.937  46.085610     6.8400     3.0355     0.4260    19.2042 2.0681e+02    21.1298     -0.206     -0.299    24.1485 0.0000e+00
     -0.213     -0.010     9.5051    112.658     46.830  45.977641     6.8400     3.0813     0.4260    19.2042 1.7305e+02    21.0096     -0.209     -0.303    24.1254 0.0000e+00
     -0.215     -0.007     9.4764    112.667     46.756  45.905531     6.7500     3.0469     0.3834    19.5003 1.6263e+02    21.1148     -0.211     -0.306    24.1082 0.0000e+00
