Data/DataNotYetUploadedToEDI/Raw_CTD/RawDownloads/062723_fcrXX_S8188009.cnv
* Sea-Bird SBE19plus  Data File:
* FileName = C:\R\Reservoirs\Data\DataNotYetUploadedToEDI\Raw_CTD\RawDownloads\062623_fcr50_S8188_0009.hex
* Software version 2.8.0.119
* Temperature SN = 8188
* Conductivity SN = 8188
* System UpLoad Time = Jul 03 2023 16:32:59
* <ApplicationData>
* <Seaterm232>
# nquan = 16
# nvalues = 668                         
# units = specified
# name 0 = depFM: Depth [fresh water, m]
# name 1 = dz/dtM: Descent Rate [m/s]
# name 2 = sbeox0Mg/L: Oxygen, SBE 43 [mg/l]
# name 3 = sbeox0PS: Oxygen, SBE 43 [% saturation]
# name 4 = specc: Specific Conductance [uS/cm]
# name 5 = c0uS/cm: Conductivity [uS/cm]
# name 6 = wetCDOM: Fluorescence, WET Labs CDOM [mg/m^3]
# name 7 = flECO-AFL: Fluorescence, WET Labs ECO-AFL/FL [mg/m^3]
# name 8 = flECO-AFL1: Fluorescence, WET Labs ECO-AFL/FL, 2 [mg/m^3]
# name 9 = flECO-AFL2: Fluorescence, WET Labs ECO-AFL/FL, 3 [mg/m^3]
# name 10 = par/sat/log: PAR/Logarithmic, Satlantic
# name 11 = turbWETntu0: Turbidity, WET Labs ECO [NTU]
# name 12 = prdM: Pressure, Strain Gauge [db]
# name 13 = prdE: Pressure, Strain Gauge [psi]
# name 14 = tv290C: Temperature [ITS-90, deg C]
# name 15 = flag:  0.000e+00
# span 0 =     -0.726,      6.014       
# span 1 =     -0.401,      0.107       
# span 2 =    -0.2638,    16.0800       
# span 3 =     -2.691,    183.519       
# span 4 =      1.492,     48.617       
# span 5 =   1.302388,  47.411422       
# span 6 =    -4.5000,     7.2000       
# span 7 =    -0.1346,     5.0268       
# span 8 =    -2.1300,     0.5964       
# span 9 =    -2.0304,    23.4342       
# span 10 = 1.1600e-01, 9.6741e+02      
# span 11 =    -0.4985,    33.9806      
# span 12 =     -0.712,      5.897      
# span 13 =     -1.032,      8.554      
# span 14 =    10.5740,    24.8522      
# span 15 = 0.0000e+00, 0.0000e+00      
# interval = seconds: 0.25
# start_time = Jun 27 2023 13:49:54 [Instrument's time stamp, header]
# bad_flag = -9.990e-29
*END*
[from data line 91]
     -0.646      0.027     7.8733     90.330     23.467  22.364800     6.0300     2.0360     0.4260    14.7204 9.2105e+02    20.7390     -0.633     -0.919    22.1797 0.0000e+00
     -0.638      0.028     7.8576     90.335     24.936  23.817377     6.0300     2.0131     0.4260    14.7204 9.2506e+02    20.7240     -0.626     -0.908    22.2724 0.0000e+00
     -0.631      0.028     7.8420     90.344     26.083  24.963482     6.0300     2.0437     0.4260    14.4243 9.0932e+02    20.6639     -0.618     -0.897    22.3700 0.0000e+00
     -0.623      0.028     7.8259     90.356     27.602  26.465037     6.0300     2.0284     0.4260    14.4243 9.0321e+02    20.7541     -0.611     -0.887    22.4751 0.0000e+00
     -0.616      0.028     7.8091     90.367     29.972  28.785807     6.0300     2.0665     0.4260    14.4243 8.9656e+02    20.4986     -0.604     -0.877    22.5874 0.0000e+00
     -0.609      0.028     7.7926     90.377     32.749  31.509227     6.0300     2.1047     0.4260    14.4243 8.8207e+02    20.3182     -0.598     -0.867    22.7005 0.0000e+00
     -0.603      0.029     7.7784     90.388     35.019  33.759760     6.0300     2.1085     0.4260    13.4091 8.7197e+02    20.4234     -0.591     -0.857    22.8012 0.0000e+00
     -0.596      0.031     7.7668     90.403     36.629  35.387121     6.0300     2.0932     0.4260    13.4091 8.8919e+02    20.4234     -0.584     -0.847    22.8861 0.0000e+00
     -0.588      0.035     7.7559     90.423     38.027  36.819335     6.0300     2.0093     0.4260    13.4091 9.1487e+02    20.4685     -0.577     -0.836    22.9664 0.0000e+00
     -0.579      0.039     7.7437     90.447     39.530  38.369006     6.0300     2.0208     0.4260    13.4091 9.1905e+02    20.4535     -0.568     -0.824    23.0546 0.0000e+00
     -0.569      0.046     7.7301     90.478     41.206  40.112661     6.0300     2.0284     0.3834    13.1553 9.1725e+02    20.3633     -0.558     -0.810    23.1541 0.0000e+00
     -0.558      0.053     7.7160     90.530     42.839  41.839802     6.0300     2.0208     0.3834    13.1553 9.2065e+02    20.4835     -0.547     -0.793    23.2594 0.0000e+00
     -0.544      0.062     7.7020     90.618     44.166  43.283964     6.0300     2.1505     0.3834    13.1553 9.2085e+02    21.1298     -0.533     -0.773    23.3670 0.0000e+00
     -0.527      0.071     7.6868     90.760     45.127  44.370621     6.0300     2.1581     0.3834    13.1553 9.4415e+02    21.1900     -0.517     -0.749    23.4854 0.0000e+00
     -0.507      0.080     7.6690     90.984     45.782  45.147824     6.0300     2.1657     0.3834    13.1553 9.5987e+02    21.0847     -0.497     -0.721    23.6271 0.0000e+00
     -0.485      0.089     7.6497     91.340     46.187  45.664317     6.0300     2.1352     0.4260    13.6629 9.6741e+02    21.0847     -0.476     -0.690    23.7918 0.0000e+00
     -0.461      0.097     7.6323     91.911     46.393  45.964703     6.0300     2.2077     0.4260    13.6629 9.6510e+02    21.6859     -0.452     -0.655    23.9651 0.0000e+00
     -0.435      0.103     7.6203     92.815     46.468  46.115221     6.0300     2.2153     0.4260    13.6629 9.6657e+02    21.6108     -0.426     -0.618    24.1320 0.0000e+00
     -0.407      0.106     7.6173     94.203     46.480  46.183752     6.0300     2.2115     0.4260    13.6629 9.6384e+02    21.5958     -0.399     -0.579    24.2840 0.0000e+00
     -0.377      0.107     7.6282     96.216     46.449  46.192536     6.1200     2.2115     0.4260    15.0165 9.6363e+02    21.6258     -0.370     -0.537    24.4161 0.0000e+00
     -0.348      0.106     7.6602     98.828     46.355  46.128066     6.1200     2.2115     0.4260    15.0165 9.2768e+02    20.3483     -0.341     -0.495    24.5250 0.0000e+00
     -0.320      0.103     7.7233    101.792     46.232  46.024669     6.1200     2.1924     0.4260    15.0165 9.3192e+02    20.5587     -0.314     -0.456    24.6095 0.0000e+00
     -0.294      0.097     7.8296    104.790     46.189  45.993478     6.1200     2.2001     0.4260    15.0165 9.3537e+02    20.4234     -0.289     -0.419    24.6720 0.0000e+00
     -0.270      0.089     7.9903    107.531     46.262  46.075712     6.2100     2.2001     0.3834    14.5935 9.1050e+02    20.4234     -0.265     -0.384    24.7168 0.0000e+00
     -0.247      0.080     8.2026    109.802     46.370  46.192245     6.2100     2.2535     0.3834    14.5935 8.2676e+02    20.4084     -0.242     -0.351    24.7482 0.0000e+00
     -0.226      0.069     8.4454    111.495     46.426  46.257244     6.2100     2.2687     0.3834    14.5935 6.6442e+02    20.3934     -0.222     -0.322    24.7690 0.0000e+00
     -0.210      0.058     8.6920    112.551     46.395  46.234540     6.2100     2.2878     0.3834    14.5935 7.8288e+02    20.3934     -0.206     -0.299    24.7826 0.0000e+00
     -0.197      0.045     8.9178    112.985     46.290  46.133933     6.1200     2.2764     0.4260    13.9167 6.7607e+02    20.4384     -0.193     -0.280    24.7929 0.0000e+00
     -0.188      0.033     9.1046    112.937     46.186  46.031632     6.1200     2.2611     0.4260    13.9167 6.3313e+02    19.9425     -0.184     -0.267    24.8028 0.0000e+00
     -0.181      0.021     9.2433    112.587     46.153  45.997452     6.1200     2.2649     0.4260    13.9167 6.2629e+02    19.9875     -0.178     -0.258    24.8125 0.0000e+00
     -0.178      0.011     9.3295    112.020     46.151  45.994536     6.1200     2.2725     0.4260    13.9167 6.1979e+02    19.9274     -0.175     -0.253    24.8207 0.0000e+00
     -0.178      0.004     9.3647    111.223     46.128  45.972570     6.1200     2.2725     0.4260    13.9167 7.7492e+02    19.9725     -0.174     -0.253    24.8259 0.0000e+00
     -0.179      0.000     9.3605    110.196     46.080  45.925696     6.2100     2.3412     0.4260    15.6510 8.1128e+02    20.4835     -0.176     -0.255    24.8272 0.0000e+00
     -0.182     -0.003     9.3318    108.984     46.019  45.865193     6.2100     2.3221     0.4260    15.6510 8.2264e+02    20.4685     -0.178     -0.258    24.8257 0.0000e+00
     -0.183     -0.003     9.2849    107.654     45.988  45.832391     6.2100     2.3527     0.4260    15.6510 8.2946e+02    20.3332     -0.180     -0.261    24.8246 0.0000e+00
     -0.184     -0.002     9.2187    106.316     46.015  45.858170     6.2100     2.3641     0.4260    15.6510 8.4144e+02    20.4986     -0.181     -0.262    24.8255 0.0000e+00
     -0.184      0.000     9.1334    105.098     46.083  45.925628     6.0300     2.3603     0.3834    15.1011 8.4035e+02    19.7320     -0.181     -0.262    24.8268 0.0000e+00
     -0.184      0.002     9.0329    104.103     46.160  46.005197     6.0300     2.3221     0.3834    15.1011 8.3434e+02    19.7921     -0.180     -0.262    24.8269 0.0000e+00
     -0.183      0.004     8.9230    103.388     46.220  46.068560     6.0300     2.3603     0.3834    15.1011 8.3253e+02    19.8072     -0.180     -0.260    24.8252 0.0000e+00
     -0.182      0.006     8.8124    102.947     46.244  46.096944     6.0300     2.3603     0.3834    15.1011 8.3145e+02    19.7621     -0.179     -0.259    24.8232 0.0000e+00
     -0.180      0.008     8.7115    102.698     46.238  46.093958     6.0300     2.3221     0.3834    13.4937 8.3507e+02    20.4535     -0.177     -0.257    24.8233 0.0000e+00
     -0.178      0.010     8.6285    102.536     46.204  46.062767     6.0300     2.3488     0.3834    13.4937 8.3543e+02    20.4384     -0.175     -0.254    24.8261 0.0000e+00
     -0.176      0.013     8.5686    102.388     46.139  45.999018     6.0300     2.3221     0.3834    13.4937 8.3362e+02    20.4986     -0.173     -0.250    24.8304 0.0000e+00
     -0.173      0.016     8.5314    102.246     46.040  45.901563     6.0300     2.3221     0.3834    13.4937 8.3343e+02    20.3934     -0.169     -0.246    24.8346 0.0000e+00
     -0.169      0.021     8.5102    102.183     45.910  45.772156     6.0300     2.3794     0.3834    13.2399 8.3163e+02    20.7240     -0.165     -0.240    24.8381 0.0000e+00
     -0.163      0.026     8.4964    102.324     45.749  45.609972     6.0300     2.3908     0.3834    13.2399 8.2928e+02    20.6038     -0.160     -0.232    24.8407 0.0000e+00
     -0.156      0.032     8.4838    102.789     45.596  45.453004     6.0300     2.3679     0.3834    13.2399 8.3036e+02    20.7240     -0.153     -0.222    24.8426 0.0000e+00
     -0.147      0.038     8.4719    103.646     45.538  45.390167     6.0300     2.3832     0.3834    13.2399 8.2068e+02    20.5887     -0.144     -0.209    24.8437 0.0000e+00
     -0.136      0.043     8.4666    104.911     45.571  45.418575     6.0300     2.3374     0.3834    13.2399 8.1040e+02    21.1449     -0.134     -0.194    24.8438 0.0000e+00
     -0.124      0.049     8.4786    106.539     45.575  45.418990     6.0300     2.3107     0.4260    13.1553 7.0579e+02    21.1749     -0.122     -0.176    24.8420 0.0000e+00
     -0.111      0.053     8.5178    108.400     45.534  45.375672     6.0300     2.3221     0.4260    13.1553 6.7431e+02    21.2200     -0.109     -0.157    24.8378 0.0000e+00
     -0.097      0.056     8.5897    110.296     45.543  45.382086     6.0300     2.3183     0.4260    13.1553 6.2615e+02    21.1749     -0.095     -0.137    24.8322 0.0000e+00
     -0.081      0.057     8.6953    112.057     45.618  45.457775     6.0300     2.5014     0.4260    13.1553 3.8301e+02    21.8513     -0.080     -0.115    24.8270 0.0000e+00
     -0.065      0.057     8.8309    113.565     45.716  45.559516     6.1200     2.5091     0.4260    13.5360 3.4975e+02    21.7912     -0.064     -0.092    24.8231 0.0000e+00
     -0.050      0.055     8.9858    114.709     45.794  45.643110     6.1200     2.5358     0.4260    13.5360 3.4952e+02    21.8513     -0.049     -0.070    24.8195 0.0000e+00
     -0.035      0.052     9.1434    115.377     45.835  45.689237     6.1200     2.5052     0.4260    13.5360 3.3198e+02    21.8964     -0.035     -0.050    24.8172 0.0000e+00
     -0.023      0.048     9.2891    115.477     45.858  45.716142     6.1200     2.6273     0.4260    13.5360 3.3553e+02    20.7390     -0.022     -0.032    24.8184 0.0000e+00
     -0.011      0.043     9.4133    114.981     45.884  45.744871     6.3000     2.6426     0.4260    15.4395 2.9897e+02    20.6338     -0.011     -0.015    24.8232 0.0000e+00
     -0.000      0.037     9.5069    113.970     45.920  45.785067     6.3000     2.6349     0.4260    15.4395 2.6726e+02    20.6188     -0.000      0.000    24.8297 0.0000e+00
      0.009      0.031     9.5613    112.621     45.968  45.835559     6.3000     2.6235     0.4260    15.4395 2.5993e+02    20.6639      0.009      0.013    24.8354 0.0000e+00
      0.016      0.025     9.5690    111.150     46.030  45.899906     6.3000     2.6159     0.4260    15.4395 2.5484e+02    20.7090      0.016      0.023    24.8393 0.0000e+00
      0.022      0.019     9.5273    109.804     46.107  45.975450     6.3000     2.7646     0.4260    15.4395 2.5412e+02    20.7240      0.021      0.031    24.8427 0.0000e+00
      0.025      0.014     9.4429    108.853     46.171  46.034783     6.1200     2.7799     0.4260    14.2551 2.6049e+02    20.7090      0.025      0.036    24.8466 0.0000e+00
      0.027      0.011     9.3305    108.544     46.220  46.073911     6.1200     2.7570     0.4260    14.2551 2.8053e+02    20.7240      0.027      0.039    24.8502 0.0000e+00
      0.028      0.009     9.2084    109.087     46.326  46.160730     6.1200     2.7570     0.4260    14.2551 2.8495e+02    20.7240      0.028      0.041    24.8522 0.0000e+00
      0.030      0.008     9.0971    110.722     46.573  46.381801     6.1200     2.8600     0.4260    14.2551 2.8218e+02    20.9495      0.029      0.042    24.8517 0.0000e+00
      0.031      0.008     9.0192    113.837     46.935  46.708885     6.1200     2.8943     0.4260    14.8896 2.7786e+02    20.8593      0.031      0.045    24.8473 0.0000e+00
      0.034      0.010     8.9958    118.921     47.277  47.009254     6.1200     2.8715     0.4260    14.8896 2.7743e+02    20.8593      0.033      0.048    24.8364 0.0000e+00
      0.036      0.012     9.0444    126.235     47.520  47.206457     6.1200     2.8905     0.4260    14.8896 2.8126e+02    20.8893      0.036      0.052    24.8173 0.0000e+00
      0.039      0.016     9.1852    135.472     47.683  47.319392     6.1200     2.8867     0.4260    14.8896 2.7864e+02    19.9124      0.039      0.056    24.7900 0.0000e+00
      0.043      0.020     9.4506    145.779     47.801  47.382136     6.3900     2.8943     0.4260    16.8777 2.8267e+02    20.0026      0.042      0.061    24.7549 0.0000e+00
      0.048      0.024     9.8813    156.095     47.900  47.411422     6.3900     2.8753     0.4260    16.8777 2.7551e+02    20.0026      0.047      0.069    24.7129 0.0000e+00
      0.055      0.029    10.4991    165.405     47.996  47.411093     6.3900     2.8600     0.4260    16.8777 2.6743e+02    20.0026      0.054      0.078    24.6659 0.0000e+00
      0.063      0.034    11.2787    172.887     48.090  47.385020     6.3900     3.0126     0.4260    16.8777 2.4437e+02    21.2050      0.062      0.090    24.6148 0.0000e+00
      0.073      0.038    12.1501    178.110     48.189  47.350025     6.6600     2.9783     0.4260    17.7237 2.2310e+02    21.1749      0.071      0.103    24.5578 0.0000e+00
      0.083      0.042    13.0275    181.118     48.299  47.322529     6.6600     3.0164     0.4260    17.7237 2.0717e+02    21.1148      0.082      0.119    24.4860 0.0000e+00
      0.095      0.044    13.8298    182.316     48.417  47.305101     6.6600     2.9935     0.4260    17.7237 1.9690e+02    21.1449      0.093      0.135    24.3870 0.0000e+00
      0.107      0.047    14.4878    182.335     48.515  47.275253     6.6600     3.7527     0.4260    17.7237 1.7832e+02    25.1429      0.105      0.152    24.2628 0.0000e+00
      0.119      0.049    14.9620    181.850     48.579  47.217094     6.6600     3.7260     0.4260    17.7237 1.7670e+02    25.0226      0.116      0.169    24.1261 0.0000e+00
      0.131      0.052    15.2527    181.348     48.617  47.138889     7.0200     3.7374     0.4686    21.7845 1.7848e+02    25.0076      0.128      0.186    23.9857 0.0000e+00
      0.144      0.054    15.3917    181.071     48.616  47.033648     7.0200     3.7527     0.4686    21.7845 1.7145e+02    25.0076      0.141      0.205    23.8478 0.0000e+00
      0.159      0.057    15.4297    181.098     48.562  46.889158     7.0200     5.0268     0.4686    21.7845 1.3388e+02    26.5707      0.155      0.226    23.7175 0.0000e+00
      0.174      0.059    15.4240    181.331     48.472  46.710480     7.0200     4.9810     0.4686    21.7845 1.2725e+02    26.4505      0.170      0.247    23.5929 0.0000e+00
      0.189      0.062    15.4156    181.548     48.346  46.495540     7.2000     5.0115     0.5112    23.4342 1.2314e+02    26.5858      0.186      0.269    23.4735 0.0000e+00
      0.205      0.064    15.4230    181.572     48.163  46.222686     7.2000     5.0039     0.5112    23.4342 1.1215e+02    26.4806      0.201      0.292    23.3662 0.0000e+00
      0.222      0.066    15.4533    181.336     47.883  45.852840     7.2000     3.9014     0.5112    23.4342 9.5371e+01    24.7521      0.218      0.316    23.2699 0.0000e+00
      0.239      0.069    15.5009    180.808     47.428  45.303225     7.2000     3.9243     0.5112    23.4342 8.8099e+01    24.8272      0.234      0.340    23.1750 0.0000e+00
      0.257      0.072    15.5482    179.920     46.809  44.569942     7.2000     3.9358     0.5112    21.3615 8.5088e+01    24.7671      0.252      0.365    23.0764 0.0000e+00
      0.275      0.076    15.5801    178.534     46.164  43.780420     7.2000     3.9358     0.5112    21.3615 8.4609e+01    24.7521      0.270      0.391    22.9741 0.0000e+00
