Data/DataNotYetUploadedToEDI/Raw_CTD/RawDownloads/062723_fcr50.1_S8188017.cnv
* Sea-Bird SBE19plus  Data File:
* FileName = C:\R\Reservoirs\Data\DataNotYetUploadedToEDI\Raw_CTD\RawDownloads\062623_fcr50_S8188_0017.hex
* Software version 2.8.0.119
* Temperature SN = 8188
* Conductivity SN = 8188
* System UpLoad Time = Jul 03 2023 16:34:45
* <ApplicationData>
* <Seaterm232>
# nquan = 16
# nvalues = 670                         
# units = specified
# name 0 = depFM: Depth [fresh water, m]
# name 1 = dz/dtM: Descent Rate [m/s]
# name 2 = sbeox0Mg/L: Oxygen, SBE 43 [mg/l]
# name 3 = sbeox0PS: Oxygen, SBE 43 [% saturation]
# name 4 = specc: Specific Conductance [uS/cm]
# name 5 = c0uS/cm: Conductivity [uS/cm]
# name 6 = wetCDOM: Fluorescence, WET Labs CDOM [mg/m^3]
# name 7 = flECO-AFL: Fluorescence, WET Labs ECO-AFL/FL [mg/m^3]
# name 8 = flECO-AFL1: Fluorescence, WET Labs ECO-AFL/FL, 2 [mg/m^3]
# name 9 = flECO-AFL2: Fluorescence, WET Labs ECO-AFL/FL, 3 [mg/m^3]
# name 10 = par/sat/log: PAR/Logarithmic, Satlantic
# name 11 = turbWETntu0: Turbidity, WET Labs ECO [NTU]
# name 12 = prdM: Pressure, Strain Gauge [db]
# name 13 = prdE: Pressure, Strain Gauge [psi]
# name 14 = tv290C: Temperature [ITS-90, deg C]
# name 15 = flag:  0.000e+00
# span 0 =     -0.725,      7.072       
# span 1 =     -0.268,      0.163       
# span 2 =    -0.1167,    17.5054       
# span 3 =     -1.131,    200.454       
# span 4 =      0.575,     49.373       
# span 5 =   0.501428,  49.368268       
# span 6 =    -4.5000,     7.2900       
# span 7 =    -0.1918,     3.3750       
# span 8 =    -2.1300,     0.6816       
# span 9 =    -2.0304,    20.6001       
# span 10 = 1.1590e-01, 5.8625e+02      
# span 11 =    -0.5436,    62.1621      
# span 12 =     -0.711,      6.935      
# span 13 =     -1.032,     10.058      
# span 14 =    10.5730,    25.0886      
# span 15 = 0.0000e+00, 0.0000e+00      
# interval = seconds: 0.25
# start_time = Jun 27 2023 15:42:37 [Instrument's time stamp, header]
# bad_flag = -9.990e-29
*END*
[from data line 91]
     -0.330      0.128     7.7420     94.965     47.461  47.326516     6.3900     2.4480     0.4260    15.8202 4.1961e+02    25.8643     -0.323     -0.469    24.6620 0.0000e+00
     -0.295      0.116     7.7503     95.634     47.487  47.326856     6.3900     2.4442     0.4260    15.8202 3.9364e+02    25.8042     -0.289     -0.419    24.7744 0.0000e+00
     -0.265      0.101     7.7755     96.345     47.569  47.393936     6.4800     2.4671     0.4260    16.0317 2.8077e+02    25.7140     -0.259     -0.376    24.8364 0.0000e+00
     -0.241      0.084     7.8163     97.135     47.699  47.527808     6.4800     2.4328     0.4260    16.0317 2.8495e+02    25.7291     -0.236     -0.343    24.8554 0.0000e+00
     -0.223      0.066     7.8687     98.108     47.842  47.694815     6.4800     2.1924     0.4260    16.0317 2.7943e+02    21.2050     -0.219     -0.318    24.8436 0.0000e+00
     -0.211      0.051     7.9275     99.472     47.958  47.846356     6.4800     2.1962     0.4260    16.0317 2.8261e+02    21.2200     -0.206     -0.300    24.8204 0.0000e+00
     -0.201      0.038     7.9884    101.455     48.028  47.953486     6.4800     2.2001     0.5112    17.1315 2.9696e+02    21.1449     -0.197     -0.286    24.8063 0.0000e+00
     -0.195      0.028     8.0527    104.092     48.055  48.013068     6.4800     2.2077     0.5112    17.1315 2.9305e+02    21.2050     -0.191     -0.277    24.8125 0.0000e+00
     -0.190      0.021     8.1293    107.193     48.057  48.040993     6.4800     2.1962     0.5112    17.1315 3.1042e+02    20.8443     -0.186     -0.269    24.8385 0.0000e+00
     -0.186      0.016     8.2364    110.429     48.060  48.064525     6.4800     2.2001     0.5112    17.1315 3.0283e+02    20.9194     -0.182     -0.264    24.8761 0.0000e+00
     -0.183      0.012     8.3945    113.300     48.076  48.097867     6.3900     2.2039     0.4260    16.5816 2.9845e+02    20.9194     -0.179     -0.260    24.9154 0.0000e+00
     -0.180      0.010     8.6072    115.315     48.094  48.130095     6.3900     2.2229     0.4260    16.5816 2.9715e+02    20.8593     -0.177     -0.256    24.9498 0.0000e+00
     -0.178      0.008     8.8592    116.210     48.095  48.142057     6.3900     2.1581     0.4260    16.5816 2.9388e+02    20.6489     -0.175     -0.253    24.9771 0.0000e+00
     -0.176      0.006     9.1230    115.993     48.068  48.125055     6.3900     2.1200     0.4260    16.5816 2.9503e+02    20.7240     -0.173     -0.251    24.9986 0.0000e+00
     -0.175      0.005     9.3574    114.883     48.015  48.078519     6.3900     2.1657     0.4260    16.5816 2.9599e+02    20.7090     -0.172     -0.249    25.0163 0.0000e+00
     -0.174      0.004     9.5214    113.223     47.934  48.001930     6.4800     2.1352     0.4260    17.2161 2.9407e+02    20.7240     -0.171     -0.248    25.0311 0.0000e+00
     -0.174      0.003     9.5933    111.353     47.842  47.912516     6.4800     2.2229     0.4260    17.2161 2.9401e+02    20.8893     -0.170     -0.247    25.0432 0.0000e+00
     -0.173      0.003     9.5737    109.539     47.784  47.857774     6.4800     2.2191     0.4260    17.2161 2.9343e+02    20.9645     -0.170     -0.246    25.0529 0.0000e+00
     -0.172      0.003     9.4810    107.942     47.781  47.858777     6.4800     2.1734     0.4260    17.2161 2.9356e+02    20.9495     -0.169     -0.245    25.0602 0.0000e+00
     -0.172      0.003     9.3432    106.586     47.798  47.880121     6.4800     2.2153     0.4686    17.2161 2.9134e+02    20.8743     -0.168     -0.244    25.0649 0.0000e+00
     -0.171      0.003     9.1884    105.397     47.815  47.901739     6.4800     2.2115     0.4686    17.2161 2.9077e+02    21.3403     -0.168     -0.243    25.0677 0.0000e+00
     -0.170      0.004     9.0382    104.322     47.848  47.937320     6.4800     2.2001     0.4686    17.2161 2.8856e+02    21.5206     -0.167     -0.242    25.0708 0.0000e+00
     -0.169      0.004     8.9058    103.391     47.890  47.980501     6.4800     2.2268     0.4686    17.2161 2.8501e+02    21.3853     -0.166     -0.241    25.0752 0.0000e+00
     -0.168      0.005     8.7931    102.691     47.914  48.003161     6.5700     2.2115     0.4260    16.9623 2.8384e+02    21.4304     -0.165     -0.239    25.0801 0.0000e+00
     -0.167      0.005     8.6943    102.323     47.906  47.991528     6.5700     2.2725     0.4260    16.9623 2.8273e+02    21.6258     -0.163     -0.237    25.0845 0.0000e+00
     -0.165      0.005     8.6051    102.380     47.875  47.954389     6.5700     2.2802     0.4260    16.9623 2.8218e+02    21.6409     -0.162     -0.236    25.0875 0.0000e+00
     -0.164      0.005     8.5282    102.921     47.841  47.913546     6.5700     2.2573     0.4260    16.9623 2.7907e+02    21.6559     -0.161     -0.234    25.0886 0.0000e+00
     -0.162      0.005     8.4706    103.967     47.822  47.889815     6.4800     2.2687     0.4260    16.8354 2.7557e+02    21.6559     -0.159     -0.232    25.0872 0.0000e+00
     -0.161      0.005     8.4409    105.485     47.821  47.884795     6.4800     2.3221     0.4260    16.8354 2.7147e+02    21.7310     -0.158     -0.229    25.0831 0.0000e+00
     -0.159      0.004     8.4465    107.370     47.823  47.885255     6.4800     2.3069     0.4260    16.8354 2.6830e+02    21.6859     -0.156     -0.227    25.0771 0.0000e+00
     -0.158      0.003     8.4922    109.480     47.821  47.883392     6.4800     2.3259     0.4260    16.8354 2.6720e+02    21.6859     -0.155     -0.226    25.0704 0.0000e+00
     -0.158      0.002     8.5794    111.681     47.815  47.878710     6.4800     2.3527     0.4260    16.8354 2.6500e+02    21.7461     -0.155     -0.225    25.0647 0.0000e+00
     -0.157      0.001     8.7052    113.866     47.801  47.865997     6.7500     2.5091     0.4686    17.8506 2.6737e+02    21.8813     -0.154     -0.224    25.0610 0.0000e+00
     -0.157      0.000     8.8611    115.963     47.776  47.841862     6.7500     2.4900     0.4686    17.8506 2.6691e+02    21.8513     -0.154     -0.224    25.0593 0.0000e+00
     -0.158     -0.001     9.0352    117.941     47.745  47.811759     6.7500     2.4976     0.4686    17.8506 2.6633e+02    21.8513     -0.154     -0.225    25.0594 0.0000e+00
     -0.158     -0.001     9.2166    119.794     47.713  47.779552     6.7500     2.5014     0.4686    17.8506 2.6854e+02    21.9565     -0.155     -0.225    25.0605 0.0000e+00
     -0.158     -0.001     9.3967    121.510     47.678  47.746560     6.7500     2.4518     0.4260    18.3159 2.6702e+02    21.4906     -0.155     -0.225    25.0619 0.0000e+00
     -0.159     -0.001     9.5696    123.058     47.650  47.719839     6.7500     2.4671     0.4260    18.3159 2.6616e+02    21.3703     -0.155     -0.226    25.0629 0.0000e+00
     -0.159     -0.001     9.7328    124.380     47.629  47.702171     6.7500     2.4595     0.4260    18.3159 2.6668e+02    21.4605     -0.156     -0.226    25.0635 0.0000e+00
     -0.159     -0.001     9.8855    125.406     47.614  47.688846     6.7500     2.4442     0.4260    18.3159 2.6581e+02    21.3703     -0.156     -0.226    25.0641 0.0000e+00
     -0.159     -0.001    10.0268    126.075     47.599  47.676310     6.8400     2.5739     0.4260    17.8506 2.6569e+02    22.2270     -0.156     -0.226    25.0654 0.0000e+00
     -0.160     -0.001    10.1542    126.352     47.579  47.657257     6.8400     2.5930     0.4260    17.8506 2.6483e+02    22.1819     -0.156     -0.227    25.0676 0.0000e+00
     -0.160     -0.001    10.2628    126.247     47.549  47.626606     6.8400     2.5586     0.4260    17.8506 2.6357e+02    22.1369     -0.156     -0.227    25.0702 0.0000e+00
     -0.160     -0.001    10.3470    125.823     47.515  47.592037     6.8400     2.5968     0.4260    17.8506 2.6339e+02    22.0467     -0.156     -0.227    25.0727 0.0000e+00
     -0.160     -0.001    10.4019    125.185     47.489  47.564149     6.8400     2.5091     0.4260    17.8506 2.6225e+02    22.6328     -0.157     -0.227    25.0746 0.0000e+00
     -0.160     -0.001    10.4245    124.451     47.476  47.547394     6.6600     2.5205     0.4686    17.7237 2.6191e+02    22.6930     -0.157     -0.227    25.0757 0.0000e+00
     -0.160     -0.001    10.4158    123.721     47.475  47.541267     6.6600     2.4976     0.4686    17.7237 2.6151e+02    22.6328     -0.157     -0.228    25.0760 0.0000e+00
     -0.161     -0.001    10.3810    123.047     47.476  47.536208     6.6600     2.5129     0.4686    17.7237 2.6231e+02    22.6629     -0.157     -0.228    25.0751 0.0000e+00
     -0.161     -0.000    10.3288    122.433     47.465  47.518977     6.6600     2.5854     0.4686    17.7237 2.6185e+02    22.4224     -0.157     -0.228    25.0727 0.0000e+00
     -0.161     -0.000    10.2690    121.870     47.437  47.484979     6.6600     2.5968     0.4260    18.0198 2.6163e+02    22.4074     -0.157     -0.228    25.0689 0.0000e+00
     -0.161     -0.000    10.2097    121.368     47.399  47.441001     6.6600     2.6082     0.4260    18.0198 2.6083e+02    22.3773     -0.157     -0.228    25.0637 0.0000e+00
     -0.161      0.000    10.1552    120.948     47.361  47.399096     6.6600     2.5625     0.4260    18.0198 2.6015e+02    22.4224     -0.157     -0.228    25.0577 0.0000e+00
     -0.161      0.000    10.1057    120.614     47.329  47.363940     6.6600     2.5930     0.4260    18.0198 2.6043e+02    22.1519     -0.157     -0.228    25.0512 0.0000e+00
     -0.161      0.000    10.0604    120.327     47.299  47.330123     6.6600     2.5548     0.4686    17.5968 2.6032e+02    22.1218     -0.158     -0.229    25.0447 0.0000e+00
     -0.161      0.000    10.0200    120.009     47.267  47.294572     6.6600     2.5625     0.4686    17.5968 2.6111e+02    22.0918     -0.158     -0.229    25.0390 0.0000e+00
     -0.161      0.000     9.9862    119.584     47.236  47.257714     6.6600     2.5586     0.4686    17.5968 2.6026e+02    22.1369     -0.158     -0.229    25.0345 0.0000e+00
     -0.161      0.000     9.9593    119.017     47.196  47.211702     6.6600     2.3946     0.4686    17.5968 2.5981e+02    22.0617     -0.158     -0.229    25.0310 0.0000e+00
     -0.161      0.000     9.9362    118.323     47.142  47.152192     6.5700     2.3794     0.4260    17.4699 2.5947e+02    22.0467     -0.158     -0.228    25.0275 0.0000e+00
     -0.161      0.001     9.9108    117.555     47.093  47.098984     6.5700     2.3908     0.4260    17.4699 2.5852e+02    22.0016     -0.157     -0.228    25.0231 0.0000e+00
     -0.160      0.001     9.8768    116.790     47.067  47.071575     6.5700     2.4022     0.4260    17.4699 2.5824e+02    22.1819     -0.157     -0.228    25.0172 0.0000e+00
     -0.160      0.001     9.8312    116.114     47.052  47.054730     6.5700     2.3717     0.4260    17.4699 2.5773e+02    22.1068     -0.157     -0.228    25.0105 0.0000e+00
     -0.160      0.001     9.7749    115.603     47.032  47.032068     6.5700     2.3298     0.4260    17.4699 2.5645e+02    21.5657     -0.157     -0.228    25.0047 0.0000e+00
     -0.160      0.001     9.7121    115.326     47.040  47.035197     6.5700     2.3450     0.4260    17.1315 2.5617e+02    21.6258     -0.157     -0.227    25.0009 0.0000e+00
     -0.159      0.001     9.6492    115.379     47.140  47.128360     6.5700     2.3259     0.4260    17.1315 2.5528e+02    21.7010     -0.156     -0.227    24.9989 0.0000e+00
     -0.159      0.001     9.5937    115.925     47.381  47.362162     6.5700     2.3107     0.4260    17.1315 2.5634e+02    21.6258     -0.156     -0.226    24.9974 0.0000e+00
     -0.159      0.001     9.5519    117.244     47.773  47.749409     6.5700     2.3221     0.4260    17.1315 2.5561e+02    20.8593     -0.156     -0.226    24.9946 0.0000e+00
     -0.159      0.000     9.5299    119.837     48.242  48.217000     6.5700     2.3145     0.3834    16.9623 2.5589e+02    20.8743     -0.156     -0.226    24.9894 0.0000e+00
     -0.159      0.000     9.5356    124.339     48.645  48.624078     6.5700     2.3298     0.3834    16.9623 2.5606e+02    20.9495     -0.156     -0.226    24.9821 0.0000e+00
     -0.159      0.000     9.5819    131.076     48.916  48.902824     6.5700     2.3374     0.3834    16.9623 2.5645e+02    20.8593     -0.156     -0.226    24.9747 0.0000e+00
     -0.159      0.000     9.6917    139.671     49.082  49.080005     6.5700     2.3221     0.3834    16.9623 2.5622e+02    21.4304     -0.156     -0.226    24.9697 0.0000e+00
     -0.159      0.000     9.9061    149.179     49.182  49.190981     6.4800     2.2954     0.4260    16.7931 2.5723e+02    21.4304     -0.156     -0.226    24.9685 0.0000e+00
     -0.159      0.001    10.2774    158.478     49.239  49.259400     6.4800     2.3374     0.4260    16.7931 2.6066e+02    21.3853     -0.156     -0.226    24.9720 0.0000e+00
     -0.159      0.001    10.8324    166.539     49.273  49.303508     6.4800     2.3527     0.4260    16.7931 2.6322e+02    21.5206     -0.156     -0.226    24.9800 0.0000e+00
     -0.159      0.003    11.5403    172.577     49.298  49.335068     6.4800     2.1924     0.4260    16.7931 2.6202e+02    20.9044     -0.155     -0.225    24.9911 0.0000e+00
     -0.158      0.005    12.3231    176.145     49.318  49.358532     6.3900     2.2191     0.4260    16.4970 2.6650e+02    20.9044     -0.155     -0.225    25.0033 0.0000e+00
     -0.158      0.008    13.0885    177.218     49.328  49.368268     6.3900     2.2001     0.4260    16.4970 2.7094e+02    20.9795     -0.154     -0.224    25.0150 0.0000e+00
     -0.156      0.011    13.7520    176.212     49.324  49.358943     6.3900     2.1924     0.4260    16.4970 2.7390e+02    20.9044     -0.153     -0.221    25.0249 0.0000e+00
     -0.153      0.016    14.2490    173.852     49.297  49.320143     6.3900     2.2649     0.4260    16.4970 2.7647e+02    21.6559     -0.149     -0.217    25.0319 0.0000e+00
     -0.148      0.021    14.5428    170.892     49.223  49.225669     6.3900     2.2458     0.4260    16.4970 2.6237e+02    21.5657     -0.145     -0.210    25.0353 0.0000e+00
     -0.142      0.027    14.6316    167.893     49.127  49.091944     6.4800     2.2420     0.4260    16.4547 2.5824e+02    21.5657     -0.139     -0.202    25.0346 0.0000e+00
     -0.135      0.030    14.5500    165.183     49.078  48.988342     6.4800     2.2611     0.4260    16.4547 2.4000e+02    21.6409     -0.132     -0.191    25.0290 0.0000e+00
     -0.125      0.032    14.3580    162.992     49.112  48.964523     6.4800     2.6159     0.4260    16.4547 1.0505e+02    24.1208     -0.123     -0.178    25.0175 0.0000e+00
     -0.114      0.031    14.1189    161.526     49.213  49.026020     6.4800     2.6502     0.4260    16.4547 1.2181e+02    23.9705     -0.112     -0.163    24.9963 0.0000e+00
     -0.104      0.028    13.8806    160.888     49.318  49.125810     6.5700     2.6235     0.4686    17.1738 1.3075e+02    24.0607     -0.102     -0.148    24.9582 0.0000e+00
     -0.097      0.022    13.6705    160.978     49.370  49.203305     6.5700     2.6426     0.4686    17.1738 1.3106e+02    24.0306     -0.095     -0.138    24.9029 0.0000e+00
     -0.093      0.016    13.5037    161.475     49.373  49.243502     6.5700     2.6349     0.4686    17.1738 1.4544e+02    21.4304     -0.091     -0.132    24.8445 0.0000e+00
     -0.091      0.011    13.3923    161.955     49.361  49.265051     6.5700     2.6502     0.4686    17.1738 1.7000e+02    21.3553     -0.089     -0.129    24.8047 0.0000e+00
     -0.090      0.006    13.3409    162.126     49.357  49.283611     6.7500     2.6426     0.4260    18.6543 1.7354e+02    21.3853     -0.088     -0.128    24.7995 0.0000e+00
     -0.090      0.003    13.3422    161.889     49.358  49.300168     6.7500     2.6349     0.4260    18.6543 1.7929e+02    21.4906     -0.088     -0.128    24.8255 0.0000e+00
