Data/DataNotYetUploadedToEDI/Raw_CTD/RawDownloads/062722_fcr50_S8188003.cnv
* Sea-Bird SBE19plus  Data File:
* FileName = C:\R\Reservoirs\Data\DataNotYetUploadedToEDI\Raw_CTD\RawDownloads\SBE19plus_01908188_062722_fcr50_0003.hex
* Software version 2.8.0.119
* Temperature SN = 8188
* Conductivity SN = 8188
* System UpLoad Time = Jun 29 2022 16:04:39
* <ApplicationData>
* <Seaterm232>
# nquan = 16
# nvalues = 1593                        
# units = specified
# name 0 = depFM: Depth [fresh water, m]
# name 1 = dz/dtM: Descent Rate [m/s]
# name 2 = sbeox0Mg/L: Oxygen, SBE 43 [mg/l]
# name 3 = sbeox0PS: Oxygen, SBE 43 [% saturation]
# name 4 = specc: Specific Conductance [uS/cm]
# name 5 = c0uS/cm: Conductivity [uS/cm]
# name 6 = wetCDOM: Fluorescence, WET Labs CDOM [mg/m^3]
# name 7 = flECO-AFL: Fluorescence, WET Labs ECO-AFL/FL [mg/m^3]
# name 8 = flECO-AFL1: Fluorescence, WET Labs ECO-AFL/FL, 2 [mg/m^3]
# name 9 = flECO-AFL2: Fluorescence, WET Labs ECO-AFL/FL, 3 [mg/m^3]
# name 10 = par/sat/log: PAR/Logarithmic, Satlantic
# name 11 = turbWETntu0: Turbidity, WET Labs ECO [NTU]
# name 12 = prdM: Pressure, Strain Gauge [db]
# name 13 = prdE: Pressure, Strain Gauge [psi]
# name 14 = tv290C: Temperature [ITS-90, deg C]
# name 15 = flag:  0.000e+00
# span 0 =     -0.670,      9.543       
# span 1 =     -0.237,      0.212       
# span 2 =    -0.7445,    13.7868       
# span 3 =     -7.570,    164.293       
# span 4 =  -1552.769,    373.328       
# span 5 = -1.113e+03, 267.751339       
# span 6 =    -4.7835,    25.3318       
# span 7 =    -0.0076,     6.6580       
# span 8 =    -2.2563,     1.3131       
# span 9 =    -2.1444,    19.7123       
# span 10 = 1.1599e-01, 5.9533e+02      
# span 11 =     0.2728,     9.8126      
# span 12 =     -0.658,      9.358      
# span 13 =     -0.954,     13.573      
# span 14 =    10.2822,    25.9159      
# span 15 = 0.0000e+00, 0.0000e+00      
# interval = seconds: 0.25
# start_time = Jun 27 2022 12:00:56 [Instrument's time stamp, header]
# bad_flag = -9.990e-29
*END*
[from data line 633]
      6.366      0.042     0.4966      4.451     48.949  34.550966     4.1399     1.0525     0.1266     0.2121 1.1619e-01     7.8016      6.238      9.049    10.2900 0.0000e+00
      6.386      0.041     0.4962      4.471     48.974  34.569108     4.1400     1.0530     0.1289     0.2111 1.1619e-01     7.7947      6.264      9.085    10.2900 0.0000e+00
      6.403      0.045     0.4997      4.503     49.010  34.595098     4.1400     1.0535     0.1266     0.2116 1.1612e-01     7.7822      6.285      9.116    10.2901 0.0000e+00
      6.409      0.047     0.4979      4.540     49.010  34.595138     4.1400     1.0535     0.1293     0.2116 1.1606e-01     7.7752      6.286      9.117    10.2903 0.0000e+00
      6.414      0.046     0.4982      4.577     48.975  34.569593     4.1400     1.0529     0.1255     0.2112 1.1608e-01     7.7747      6.285      9.114    10.2904 0.0000e+00
      6.428      0.041     0.5008      4.611     48.956  34.556312     4.1400     1.0523     0.1314     0.2121 1.1614e-01     7.7787      6.302      9.140    10.2911 0.0000e+00
      6.446      0.037     0.5047      4.641     48.975  34.569595     4.1400     1.0523     0.1673     0.2105 1.1617e-01     7.7859      6.325      9.174    10.2913 0.0000e+00
      6.458      0.034     0.5089      4.685     49.010  34.595164     4.1400     1.0524     0.1713     0.2132 1.1618e-01     7.7901      6.335      9.188    10.2910 0.0000e+00
      6.463      0.029     0.5129      4.737     49.010  34.595384     4.1400     1.0523     0.1716     0.2087 1.1618e-01     7.7941      6.338      9.192    10.2909 0.0000e+00
      6.468      0.021     0.5179      4.777     48.977  34.572262     4.1400     1.0540     0.1669     0.2160 1.1614e-01     7.8312      6.345      9.201    10.2909 0.0000e+00
      6.471      0.015     0.5190      4.807     48.995  34.585663     4.1400     1.0578     0.1319     0.2490 1.1609e-01     7.8987      6.347      9.205    10.2910 0.0000e+00
      6.473      0.010     0.5247      4.829     49.044  34.622379     4.1400     1.0598     0.1248     0.2574 1.1609e-01     7.9353      6.347      9.206    10.2910 0.0000e+00
      6.476      0.008     0.5320      4.846     49.024  34.611097     4.1401     1.0595     0.1305     0.2504 1.1614e-01     7.9382      6.351      9.212    10.2912 0.0000e+00
      6.479      0.007     0.5354      4.852     48.979  34.584291     4.1399     1.0553     0.1248     0.2578 1.1614e-01     7.9324      6.355      9.217    10.2915 0.0000e+00
      6.479      0.007     0.5393      4.846     48.949  34.568341     4.1401     1.0481     0.1319     0.2482 1.1612e-01     7.9211      6.354      9.215    10.2921 0.0000e+00
      6.480      0.012     0.5414      4.849     48.924  34.553286     4.1398     1.0444     0.1667     0.2175 1.1614e-01     7.9151      6.353      9.216    10.2937 0.0000e+00
      6.480      0.019     0.5432      4.853     48.906  34.537300     4.1404     1.0449     0.1718     0.2063 1.1612e-01     7.9156      6.355      9.218    10.2975 0.0000e+00
      6.482      0.026     0.5451      4.847     48.875  34.510080     4.1394     1.0514     0.1709     0.2172 1.1612e-01     7.9285      6.355      9.217    10.3022 0.0000e+00
      6.491      0.032     0.5417      4.837     48.858  34.494245     4.1411     1.0624     0.1678     0.2040 1.1615e-01     7.9522      6.361      9.225    10.3095 0.0000e+00
      6.506      0.038     0.5433      4.792     48.842  34.480862     4.1383     1.0677     0.1304     0.1330 1.1615e-01     7.9651      6.381      9.255    10.3136 0.0000e+00
      6.521      0.045     0.5450      4.718     48.847  34.483306     4.1428     1.0662     0.1272     0.1259 1.1612e-01     7.9642      6.399      9.282    10.3081 0.0000e+00
      6.529      0.050     0.5421      4.680     48.906  34.523794     4.1354     1.0564     0.1266     0.1230 1.1612e-01     7.9441      6.402      9.286    10.3005 0.0000e+00
      6.538      0.050     0.5442      4.692     48.966  34.565299     4.1475     1.0402     0.1311     0.1365 1.1616e-01     7.9077      6.407      9.292    10.2965 0.0000e+00
      6.553      0.046     0.5394      4.707     48.987  34.580031     4.2233     1.0325     0.1667     0.2437 1.1618e-01     7.8884      6.426      9.319    10.2955 0.0000e+00
      6.571      0.043     0.5264      4.722     48.966  34.566883     4.2321     1.0334     0.1726     0.2590 1.1615e-01     7.8917      6.447      9.351    10.2950 0.0000e+00
      6.585      0.041     0.5220      4.771     48.924  34.541357     4.2321     1.0418     0.1691     0.2521 1.1613e-01     7.9479      6.460      9.370    10.2937 0.0000e+00
      6.591      0.039     0.5263      4.821     48.920  34.541469     4.2232     1.0573     0.1713     0.2524 1.1616e-01     8.0514      6.465      9.376    10.2928 0.0000e+00
      6.594      0.036     0.5291      4.847     48.959  34.568245     4.1477     1.0658     0.1699     0.2139 1.1617e-01     8.1076      6.466      9.378    10.2918 0.0000e+00
      6.601      0.032     0.5259      4.855     48.998  34.595029     4.1351     1.0670     0.1707     0.2102 1.1617e-01     8.1088      6.470      9.384    10.2927 0.0000e+00
      6.613      0.031     0.5353      4.834     48.998  34.595239     4.1432     1.0678     0.1701     0.2121 1.1620e-01     8.0671      6.484      9.404    10.2997 0.0000e+00
      6.626      0.032     0.5419      4.805     48.964  34.570787     4.1377     1.0672     0.1706     0.2115 1.1615e-01     7.9901      6.501      9.429    10.3030 0.0000e+00
      6.633      0.035     0.5429      4.800     48.963  34.569450     4.1421     1.0661     0.1703     0.2108 1.1609e-01     7.9485      6.508      9.438    10.2997 0.0000e+00
      6.637      0.037     0.5463      4.803     48.979  34.579070     4.1376     1.0660     0.1706     0.2130 1.1614e-01     7.9469      6.507      9.437    10.3005 0.0000e+00
      6.642      0.037     0.5420      4.792     48.943  34.552065     4.1433     1.0685     0.1701     0.2090 1.1618e-01     7.9715      6.511      9.445    10.3002 0.0000e+00
      6.654      0.037     0.5371      4.791     48.888  34.513005     4.1351     1.0727     0.1708     0.2158 1.1614e-01     8.0177      6.523      9.462    10.2992 0.0000e+00
      6.670      0.039     0.5372      4.800     48.885  34.511908     4.1478     1.0748     0.1698     0.2044 1.1615e-01     8.0431      6.542      9.489    10.2997 0.0000e+00
      6.684      0.043     0.5400      4.791     48.924  34.538804     4.2229     1.0749     0.1714     0.1333 1.1621e-01     8.0484      6.558      9.514    10.2973 0.0000e+00
      6.691      0.043     0.5362      4.790     48.969  34.568124     4.2326     1.0741     0.1688     0.1247 1.1618e-01     8.0851      6.561      9.518    10.2947 0.0000e+00
      6.696      0.040     0.5356      4.809     49.011  34.596347     4.2313     1.0733     0.1730     0.1253 1.1612e-01     8.1523      6.562      9.518    10.2952 0.0000e+00
      6.708      0.038     0.5402      4.818     49.032  34.609970     4.2246     1.0735     0.1662     0.1326 1.1614e-01     8.1885      6.576      9.538    10.2978 0.0000e+00
      6.723      0.037     0.5364      4.821     49.015  34.597795     4.1454     1.0737     0.1319     0.2054 1.1614e-01     8.1848      6.597      9.568    10.2964 0.0000e+00
      6.732      0.036     0.5350      4.819     48.996  34.584183     4.1387     1.0731     0.1251     0.2142 1.1608e-01     8.1028      6.603      9.577    10.2932 0.0000e+00
      6.737      0.032     0.5408      4.796     48.990  34.580432     4.1374     1.0723     0.1295     0.2115 1.1606e-01     7.9519      6.604      9.579    10.2916 0.0000e+00
      6.747      0.026     0.5399      4.759     48.950  34.552440     4.1471     1.0731     0.1265     0.2087 1.1607e-01     7.8699      6.617      9.597    10.2909 0.0000e+00
      6.756      0.021     0.5404      4.730     48.897  34.515805     4.2222     1.0746     0.1289     0.1727 1.1611e-01     7.8661      6.629      9.614    10.2905 0.0000e+00
      6.759      0.017     0.5413      4.696     48.935  34.542575     4.2349     1.0763     0.1266     0.1666 1.1621e-01     7.9128      6.629      9.615    10.2902 0.0000e+00
      6.760      0.013     0.5387      4.657     49.024  34.606055     4.2267     1.0788     0.1293     0.1715 1.1625e-01     8.0004      6.628      9.613    10.2904 0.0000e+00
      6.762      0.010     0.5323      4.638     49.027  34.608157     4.2324     1.0802     0.1255     0.1667 1.1619e-01     8.0478      6.632      9.618    10.2916 0.0000e+00
      6.766      0.010     0.5306      4.602     48.969  34.567991     4.2278     1.0799     0.1315     0.1727 1.1613e-01     8.0474      6.635      9.624    10.2923 0.0000e+00
      6.767      0.014     0.5278      4.537     48.909  34.525511     4.2324     1.0747     0.1672     0.2089 1.1613e-01     7.9969      6.636      9.625    10.2923 0.0000e+00
      6.768      0.019     0.5196      4.522     48.874  34.499643     4.2267     1.0654     0.1714     0.2113 1.1618e-01     7.9037      6.635      9.624    10.2923 0.0000e+00
      6.771      0.024     0.5205      4.527     48.912  34.525294     4.2350     1.0602     0.1714     0.2145 1.1621e-01     7.8530      6.639      9.630    10.2920 0.0000e+00
      6.779      0.028     0.5195      4.491     48.970  34.565579     4.2222     1.0601     0.1672     0.2050 1.1616e-01     7.8541      6.647      9.642    10.2931 0.0000e+00
      6.791      0.032     0.5042      4.466     48.994  34.581617     4.1471     1.0641     0.1314     0.1334 1.1614e-01     7.9197      6.660      9.659    10.2939 0.0000e+00
      6.803      0.033     0.5050      4.461     48.998  34.584172     4.1374     1.0706     0.1256     0.1240 1.1617e-01     8.0410      6.673      9.678    10.2921 0.0000e+00
      6.811      0.032     0.5128      4.471     49.015  34.596477     4.1387     1.0736     0.1292     0.1269 1.1621e-01     8.1074      6.679      9.688    10.2905 0.0000e+00
      6.817      0.028     0.5001      4.512     49.013  34.595361     4.1453     1.0735     0.1270     0.1298 1.1623e-01     8.1156      6.685      9.695    10.2895 0.0000e+00
      6.825      0.023     0.5004      4.544     48.978  34.570682     4.2247     1.0745     0.1284     0.1652 1.1621e-01     8.1451      6.694      9.708    10.2890 0.0000e+00
      6.831      0.019     0.5000      4.542     48.974  34.568147     4.2311     1.0781     0.1274     0.1725 1.1617e-01     8.1988      6.699      9.717    10.2892 0.0000e+00
      6.835      0.015     0.4987      4.540     48.967  34.564717     4.2329     1.0816     0.1282     0.1657 1.1616e-01     8.2277      6.702      9.722    10.2891 0.0000e+00
      6.838      0.012     0.5066      4.550     48.916  34.529208     4.2223     1.0813     0.1273     0.1738 1.1618e-01     8.2228      6.706      9.727    10.2890 0.0000e+00
      6.840      0.010     0.5118      4.551     48.936  34.543916     4.1487     1.0749     0.1284     0.2074 1.1618e-01     8.1345      6.708      9.729    10.2892 0.0000e+00
      6.841      0.008     0.5088      4.547     49.027  34.607518     4.1335     1.0651     0.1268     0.2137 1.1616e-01     7.9714      6.708      9.730    10.2897 0.0000e+00
      6.842      0.008     0.5074      4.539     49.047  34.623032     4.1458     1.0606     0.1294     0.2107 1.1616e-01     7.8824      6.709      9.730    10.2911 0.0000e+00
      6.844      0.008     0.5116      4.537     49.006  34.596457     4.1336     1.0608     0.1253     0.2110 1.1618e-01     7.8757      6.712      9.733    10.2925 0.0000e+00
      6.848      0.012     0.5094      4.555     48.947  34.556289     4.1488     1.0634     0.1319     0.2133 1.1617e-01     7.8894      6.717      9.742    10.2925 0.0000e+00
      6.849      0.019     0.5104      4.584     48.930  34.542466     4.2224     1.0700     0.1663     0.2079 1.1613e-01     7.9160      6.718      9.743    10.2913 0.0000e+00
      6.850      0.027     0.5087      4.610     48.964  34.564352     4.2330     1.0755     0.1730     0.2178 1.1613e-01     7.9308      6.716      9.740    10.2925 0.0000e+00
      6.856      0.035     0.5073      4.619     48.946  34.550846     4.2311     1.0768     0.1689     0.2010 1.1612e-01     7.9313      6.720      9.747    10.2970 0.0000e+00
      6.869      0.041     0.5101      4.620     48.895  34.514201     4.2247     1.0780     0.1713     0.2288 1.1607e-01     7.9217      6.734      9.767    10.2982 0.0000e+00
      6.886      0.045     0.5139      4.638     48.912  34.526374     4.1454     1.0809     0.1698     0.4076 1.1605e-01     7.9038      6.754      9.795    10.2953 0.0000e+00
      6.903      0.046     0.5173      4.648     48.964  34.562999     4.1387     1.0829     0.1707     0.4274 1.1609e-01     7.8942      6.771      9.821    10.2933 0.0000e+00
      6.914      0.045     0.5188      4.616     48.949  34.551920     4.1375     1.0820     0.1702     0.4286 1.1615e-01     7.8947      6.781      9.836    10.2922 0.0000e+00
      6.921      0.042     0.5161      4.581     48.914  34.527457     4.1470     1.0808     0.1705     0.4061 1.1615e-01     7.9109      6.788      9.845    10.2914 0.0000e+00
      6.929      0.040     0.5198      4.566     48.929  34.537288     4.2224     1.0811     0.1703     0.2310 1.1616e-01     7.9410      6.794      9.854    10.2917 0.0000e+00
      6.938      0.039     0.5245      4.566     48.928  34.535750     4.2347     1.0809     0.1704     0.1976 1.1619e-01     7.9575      6.804      9.868    10.2917 0.0000e+00
      6.949      0.040     0.5166      4.569     48.890  34.508855     4.2271     1.0803     0.1703     0.2231 1.1612e-01     7.9612      6.815      9.884    10.2912 0.0000e+00
      6.961      0.043     0.5124      4.557     48.853  34.482180     4.2317     1.0803     0.1704     0.1993 1.1607e-01     7.9910      6.827      9.901    10.2911 0.0000e+00
      6.972      0.049     0.5115      4.554     48.855  34.483295     4.2289     1.0802     0.1704     0.1375 1.1608e-01     8.0450      6.839      9.919    10.2906 0.0000e+00
      6.982      0.055     0.5110      4.590     48.910  34.522336     4.2306     1.0795     0.1704     0.1204 1.1608e-01     8.0734      6.847      9.931    10.2901 0.0000e+00
      6.993      0.060     0.5138      4.610     48.948  34.549110     4.2296     1.0791     0.1704     0.1307 1.1610e-01     8.0704      6.855      9.942    10.2898 0.0000e+00
      7.011      0.060     0.5109      4.570     48.931  34.536945     4.2302     1.0806     0.1704     0.1247 1.1611e-01     8.0088      6.873      9.969    10.2894 0.0000e+00
      7.035      0.057     0.5074      4.522     48.893  34.510291     4.2299     1.0822     0.1704     0.1280 1.1614e-01     7.8947      6.899     10.007    10.2892 0.0000e+00
      7.057      0.052     0.5153      4.488     48.873  34.496911     4.2301     1.0824     0.1704     0.1267 1.1618e-01     7.8326      6.925     10.043    10.2892 0.0000e+00
      7.068      0.048     0.5212      4.463     48.891  34.510203     4.2300     1.0819     0.1704     0.1263 1.1619e-01     7.8326      6.935     10.058    10.2890 0.0000e+00
      7.070      0.043     0.5115      4.464     48.927  34.535973     4.2300     1.0813     0.1704     0.1284 1.1620e-01     7.8930      6.934     10.056    10.2889 0.0000e+00
      7.074      0.039     0.5058      4.462     48.931  34.538417     4.2301     1.0812     0.1704     0.1240 1.1625e-01     8.0036      6.936     10.058    10.2890 0.0000e+00
      7.084      0.038     0.5044      4.443     48.934  34.539753     4.2298     1.0808     0.1704     0.0868 1.1624e-01     8.0631      6.945     10.072    10.2895 0.0000e+00
      7.099      0.043     0.4975      4.443     48.952  34.552133     4.2302     1.0806     0.1704     0.0849 1.1617e-01     8.0653      6.963     10.099    10.2906 0.0000e+00
      7.113      0.048     0.5010      4.457     48.954  34.553059     4.2296     1.0812     0.1704     0.0816 1.1616e-01     8.0351      6.979     10.122    10.2909 0.0000e+00
