Data/DataNotYetUploadedToEDI/Raw_CTD/RawDownloads/062722_fcr50_S8188003.cnv
* Sea-Bird SBE19plus  Data File:
* FileName = C:\R\Reservoirs\Data\DataNotYetUploadedToEDI\Raw_CTD\RawDownloads\SBE19plus_01908188_062722_fcr50_0003.hex
* Software version 2.8.0.119
* Temperature SN = 8188
* Conductivity SN = 8188
* System UpLoad Time = Jun 29 2022 16:04:39
* <ApplicationData>
* <Seaterm232>
# nquan = 16
# nvalues = 1593                        
# units = specified
# name 0 = depFM: Depth [fresh water, m]
# name 1 = dz/dtM: Descent Rate [m/s]
# name 2 = sbeox0Mg/L: Oxygen, SBE 43 [mg/l]
# name 3 = sbeox0PS: Oxygen, SBE 43 [% saturation]
# name 4 = specc: Specific Conductance [uS/cm]
# name 5 = c0uS/cm: Conductivity [uS/cm]
# name 6 = wetCDOM: Fluorescence, WET Labs CDOM [mg/m^3]
# name 7 = flECO-AFL: Fluorescence, WET Labs ECO-AFL/FL [mg/m^3]
# name 8 = flECO-AFL1: Fluorescence, WET Labs ECO-AFL/FL, 2 [mg/m^3]
# name 9 = flECO-AFL2: Fluorescence, WET Labs ECO-AFL/FL, 3 [mg/m^3]
# name 10 = par/sat/log: PAR/Logarithmic, Satlantic
# name 11 = turbWETntu0: Turbidity, WET Labs ECO [NTU]
# name 12 = prdM: Pressure, Strain Gauge [db]
# name 13 = prdE: Pressure, Strain Gauge [psi]
# name 14 = tv290C: Temperature [ITS-90, deg C]
# name 15 = flag:  0.000e+00
# span 0 =     -0.670,      9.543       
# span 1 =     -0.237,      0.212       
# span 2 =    -0.7445,    13.7868       
# span 3 =     -7.570,    164.293       
# span 4 =  -1552.769,    373.328       
# span 5 = -1.113e+03, 267.751339       
# span 6 =    -4.7835,    25.3318       
# span 7 =    -0.0076,     6.6580       
# span 8 =    -2.2563,     1.3131       
# span 9 =    -2.1444,    19.7123       
# span 10 = 1.1599e-01, 5.9533e+02      
# span 11 =     0.2728,     9.8126      
# span 12 =     -0.658,      9.358      
# span 13 =     -0.954,     13.573      
# span 14 =    10.2822,    25.9159      
# span 15 = 0.0000e+00, 0.0000e+00      
# interval = seconds: 0.25
# start_time = Jun 27 2022 12:00:56 [Instrument's time stamp, header]
# bad_flag = -9.990e-29
*END*
[from data line 91]
      0.002      0.002    10.3916    127.015     42.874  43.664098     6.8372     2.5001     0.2960    16.0781 2.8448e+02     9.8110      0.002      0.002    25.9081 0.0000e+00
      0.004      0.002    10.3938    126.443     42.912  43.701855     6.8383     2.4745     0.3017    16.0774 2.8279e+02     9.8109      0.004      0.006    25.9123 0.0000e+00
      0.004      0.002    10.3907    125.828     42.938  43.727634     6.8465     2.4661     0.3377    16.1071 2.8198e+02     9.8109      0.005      0.007    25.9147 0.0000e+00
      0.004      0.002    10.3661    125.105     42.917  43.705611     6.8270     2.4669     0.3418    16.1310 2.8244e+02     9.8112      0.004      0.006    25.9154 0.0000e+00
      0.005      0.001    10.3208    124.223     42.785  43.570669     6.8627     2.4765     0.3418    16.0925 2.8268e+02     9.8118      0.005      0.007    25.9159 0.0000e+00
      0.005     -0.003    10.2735    123.204     42.466  43.244305     6.8022     2.4928     0.3376    16.1550 2.8272e+02     9.8122      0.005      0.007    25.9143 0.0000e+00
      0.005     -0.011    10.2269    122.084     42.165  42.934099     6.4248     2.5018     0.3018    16.5470 2.8302e+02     9.8118      0.005      0.007    25.9124 0.0000e+00
      0.005     -0.022    10.1703    120.905     42.096  42.859414     6.3773     2.5006     0.2961    16.5922 2.8445e+02     9.8113      0.005      0.007    25.9128 0.0000e+00
      0.003     -0.035    10.0967    119.742     42.122  42.881625     6.3837     2.4792     0.2996    16.5925 2.9533e+02     9.8114      0.005      0.008    25.9129 0.0000e+00
     -0.007     -0.049    10.0134    118.698     42.110  42.864941     6.4169     2.4412     0.2974    16.5466 3.1825e+02     9.8115     -0.003     -0.004    25.9112 0.0000e+00
     -0.027     -0.062     9.9227    117.868     42.110  42.860305     6.7179     2.4219     0.2987    16.1555 3.4175e+02     9.8114     -0.027     -0.039    25.9068 0.0000e+00
     -0.049     -0.071     9.8253    117.270     42.212  42.960653     6.7730     2.4234     0.2979    16.0917 3.6253e+02     9.8118     -0.049     -0.071    25.9007 0.0000e+00
     -0.070     -0.074     9.7292    116.888     42.383  43.132647     6.7304     2.4558     0.2984    16.1323 3.8019e+02     9.8122     -0.067     -0.097    25.8947 0.0000e+00
     -0.092     -0.069     9.6413    116.748     42.500  43.251312     6.7709     2.5171     0.2981    16.1051 3.8588e+02     9.8119     -0.090     -0.131    25.8896 0.0000e+00
     -0.113     -0.058     9.5748    116.811     42.561  43.314734     6.7226     2.5506     0.2982    16.1256 3.8000e+02     9.8116     -0.113     -0.163    25.8853 0.0000e+00
     -0.130     -0.045     9.5288    116.908     42.603  43.359133     6.5040     2.5532     0.2982    16.0619 3.7466e+02     9.8114     -0.131     -0.190    25.8802 0.0000e+00
     -0.138     -0.031     9.4960    116.818     42.626  43.382878     6.4699     2.5552     0.2982    16.0946 3.7614e+02     9.8115     -0.138     -0.200    25.8762 0.0000e+00
     -0.138     -0.017     9.4854    116.388     42.641  43.399212     6.4786     2.5590     0.2983    16.0400 3.8108e+02     9.8118     -0.136     -0.197    25.8762 0.0000e+00
     -0.138     -0.005     9.4955    115.591     42.662  43.421537     6.4933     2.5612     0.2981    16.1299 3.8387e+02     9.8115     -0.135     -0.196    25.8791 0.0000e+00
     -0.138      0.006     9.5102    114.507     42.687  43.450181     6.6425     2.5624     0.2983    16.6111 3.8327e+02     9.8108     -0.136     -0.197    25.8810 0.0000e+00
     -0.138      0.015     9.5074    113.300     42.707  43.475363     6.6748     2.5687     0.2980    16.6978 3.8259e+02     9.8105     -0.136     -0.197    25.8821 0.0000e+00
     -0.135      0.025     9.4729    112.142     42.684  43.455850     6.6442     2.5785     0.2986    16.6503 3.8392e+02     9.8108     -0.135     -0.196    25.8826 0.0000e+00
     -0.128      0.033     9.4056    111.179     42.510  43.281804     6.6807     2.5832     0.2976    16.6702 3.8630e+02     9.8114     -0.127     -0.184    25.8834 0.0000e+00
     -0.117      0.036     9.3113    110.467     42.225  42.992022     6.8204     2.5833     0.2992    16.5832 3.8718e+02     9.8118     -0.115     -0.166    25.8882 0.0000e+00
     -0.102      0.032     9.2072    109.891     42.027  42.788904     6.8524     2.5818     0.2966    16.5792 3.7739e+02     9.8118     -0.101     -0.147    25.8940 0.0000e+00
     -0.086      0.019     9.1081    109.281     41.961  42.717100     6.8319     2.5788     0.3009    16.5856 3.6595e+02     9.8117     -0.082     -0.119    25.8989 0.0000e+00
     -0.075      0.001     9.0260    108.552     41.990  42.731719     6.8458     2.5769     0.2938    16.5752 3.7316e+02     9.8116     -0.068     -0.098    25.9039 0.0000e+00
     -0.078     -0.017     8.9729    107.735     42.113  42.830558     6.8351     2.5783     0.3054    16.5920 3.8361e+02     9.8117     -0.073     -0.106    25.9035 0.0000e+00
     -0.093     -0.027     8.9329    107.025     42.334  43.034064     6.8452     2.5959     0.3769    16.6992 3.8267e+02     9.8123     -0.088     -0.126    25.8998 0.0000e+00
     -0.114     -0.024     8.8849    106.745     42.599  43.301082     6.8333     2.6279     0.3856    16.7111 3.7998e+02     9.8123     -0.114     -0.163    25.9000 0.0000e+00
     -0.134     -0.005     8.8280    107.153     42.779  43.492422     6.8500     2.6461     0.3850    16.7120 3.8117e+02     9.8117     -0.138     -0.199    25.8850 0.0000e+00
     -0.140      0.028     8.7627    108.262     42.743  43.456343     6.8243     2.6475     0.3777    16.6981 3.8365e+02     9.8117     -0.142     -0.206    25.8445 0.0000e+00
     -0.128      0.063     8.6995    109.926     42.438  43.135023     6.6742     2.6400     0.3043    16.5488 3.8508e+02     9.8118     -0.132     -0.192    25.8110 0.0000e+00
     -0.098      0.091     8.6672    112.093     42.105  42.781855     6.6548     2.6270     0.2954    16.5387 3.6856e+02     9.8117     -0.100     -0.146    25.8131 0.0000e+00
     -0.055      0.106     8.6976    114.838     41.966  42.630863     6.6575     2.6207     0.2983    16.5311 3.1761e+02     9.8118     -0.055     -0.079    25.8343 0.0000e+00
     -0.010      0.105     8.7942    118.043     41.932  42.592669     6.6709     2.6204     0.3007    16.5583 2.6339e+02     9.8120     -0.005     -0.008    25.8348 0.0000e+00
      0.022      0.090     8.9352    121.247     41.930  42.590202     6.8290     2.6222     0.3377    16.8192 2.3733e+02     9.8120      0.029      0.041    25.8151 0.0000e+00
      0.037      0.067     9.1092    123.931     41.940  42.601040     6.8426     2.6252     0.3427    16.8348 2.3095e+02     9.8116      0.037      0.054    25.7959 0.0000e+00
      0.043      0.044     9.3361    125.733     41.928  42.588628     6.8450     2.6263     0.3396    16.8529 2.2998e+02     9.8113      0.043      0.061    25.7830 0.0000e+00
      0.046      0.024     9.6149    126.570     41.914  42.575208     6.8261     2.6285     0.3415    16.7965 2.2836e+02     9.8113      0.046      0.066    25.7795 0.0000e+00
      0.048      0.012     9.8907    126.517     41.913  42.573868     6.6751     2.6612     0.3403    16.4114 2.2740e+02     9.8113      0.047      0.069    25.7805 0.0000e+00
      0.050      0.007    10.1206    125.556     41.912  42.572420     6.6508     2.7214     0.3412    16.3449 2.2768e+02     9.8115      0.049      0.072    25.7816 0.0000e+00
      0.051      0.004    10.2695    123.796     41.899  42.557699     6.6653     2.7534     0.3405    16.3855 2.2693e+02     9.8120      0.050      0.073    25.7824 0.0000e+00
      0.051      0.003    10.3304    121.583     41.873  42.530959     6.6571     2.7566     0.3412    16.3608 2.2650e+02     9.8121      0.050      0.073    25.7826 0.0000e+00
      0.051      0.002    10.3311    119.215     41.863  42.519279     6.6611     2.7591     0.3403    16.3755 2.2666e+02     9.8120      0.050      0.073    25.7820 0.0000e+00
      0.052      0.001    10.2516    116.909     41.895  42.551552     6.6605     2.7617     0.3417    16.3673 2.2660e+02     9.8120      0.051      0.074    25.7809 0.0000e+00
      0.053      0.001    10.0939    114.839     41.993  42.651012     6.6579     2.7622     0.3395    16.3712 2.2699e+02     9.8120      0.051      0.075    25.7799 0.0000e+00
      0.053      0.001     9.9068    113.074     42.117  42.776258     6.6642     2.7593     0.3430    16.3706 2.2709e+02     9.8122      0.051      0.075    25.7789 0.0000e+00
      0.053      0.001     9.7086    111.604     42.192  42.850151     6.6526     2.7254     0.3373    16.3679 2.2670e+02     9.8123      0.052      0.076    25.7781 0.0000e+00
      0.053      0.001     9.5146    110.423     42.213  42.869028     6.5768     2.6629     0.3014    16.3296 2.2680e+02     9.8120      0.051      0.075    25.7772 0.0000e+00
      0.053      0.001     9.3447    109.490     42.217  42.869417     6.5675     2.6293     0.2972    16.3286 2.2688e+02     9.8120      0.053      0.076    25.7766 0.0000e+00
      0.053      0.001     9.2024    108.739     42.207  42.854838     6.5688     2.6263     0.2972    16.3243 2.2623e+02     9.8119      0.052      0.075    25.7759 0.0000e+00
      0.054      0.001     9.0823    108.099     42.184  42.827834     6.5753     2.6197     0.3014    16.3348 2.2541e+02     9.8114      0.051      0.076    25.7740 0.0000e+00
      0.055      0.001     8.9877    107.479     42.171  42.813078     6.6549     2.6067     0.3372    16.4052 2.2476e+02     9.8112      0.053      0.078    25.7712 0.0000e+00
      0.055      0.001     8.9151    106.781     42.171  42.811504     6.6607     2.5990     0.3430    16.4163 2.2418e+02     9.8116      0.054      0.078    25.7659 0.0000e+00
      0.055      0.001     8.8562    105.944     42.169  42.808799     6.6636     2.5988     0.3392    16.4108 2.2404e+02     9.8118      0.054      0.078    25.7600 0.0000e+00
      0.055      0.003     8.8078    104.964     42.142  42.780376     6.6514     2.6060     0.3419    16.4119 2.2431e+02     9.8117      0.054      0.079    25.7565 0.0000e+00
      0.055      0.009     8.7601    103.909     42.102  42.738016     6.5804     2.6185     0.3398    16.4149 2.2453e+02     9.8115      0.054      0.079    25.7548 0.0000e+00
      0.055      0.021     8.7059    103.055     42.068  42.701865     6.5608     2.6254     0.3419    16.4072 2.2448e+02     9.8118      0.054      0.079    25.7536 0.0000e+00
      0.056      0.038     8.6370    102.783     41.986  42.613439     6.5802     2.6278     0.3392    16.4216 2.2274e+02     9.8121      0.054      0.079    25.7525 0.0000e+00
      0.062      0.057     8.5574    103.297     41.861  42.479340     6.5563     2.6429     0.3431    16.3970 2.0963e+02     9.8118      0.054      0.079    25.7507 0.0000e+00
      0.083      0.073     8.4639    104.689     41.757  42.363752     6.5906     2.6697     0.3372    16.4378 1.8343e+02     9.8116      0.075      0.109    25.7496 0.0000e+00
      0.114      0.083     8.3792    107.001     41.703  42.296512     6.7285     2.6836     0.3014    16.6402 1.6003e+02     9.8118      0.113      0.164    25.7479 0.0000e+00
      0.144      0.086     8.3546    110.045     41.691  42.274180     6.7667     2.6843     0.2972    16.6837 1.4233e+02     9.8119      0.141      0.204    25.7428 0.0000e+00
      0.171      0.085     8.3958    113.371     41.652  42.228805     6.7341     2.6833     0.2972    16.6529 1.2873e+02     9.8118      0.170      0.247    25.7348 0.0000e+00
      0.191      0.083     8.5078    116.677     41.452  42.018026     6.7690     2.6813     0.3014    16.6786 1.2358e+02     9.8116      0.194      0.282    25.7214 0.0000e+00
      0.201      0.079     8.7035    120.414     41.007  41.549209     6.9143     2.6796     0.3372    16.7415 1.2048e+02     9.8116      0.196      0.285    25.7048 0.0000e+00
      0.212      0.076     8.9701    125.770     40.647  41.152916     6.9354     2.6788     0.3430    16.7541 1.1156e+02     9.8119      0.201      0.290    25.6913 0.0000e+00
      0.235      0.074     9.2557    133.268     40.537  41.008517     6.9337     2.6835     0.3394    16.7528 9.8722e+01     9.8123      0.228      0.331    25.6848 0.0000e+00
      0.265      0.076     9.5164    141.860     39.909  40.343541     6.9163     2.6929     0.3417    16.7432 8.8753e+01     9.8121      0.263      0.383    25.6825 0.0000e+00
      0.288      0.081     9.7791    150.116     38.579  38.920445     6.7660     2.6982     0.3402    16.6313 8.3375e+01     9.8117      0.286      0.414    25.6618 0.0000e+00
      0.302      0.085    10.1940    156.997     37.288  37.443083     6.7387     2.6970     0.3413    16.6227 8.0507e+01     9.8121      0.298      0.433    25.6214 0.0000e+00
      0.315      0.084    10.8690    161.833     36.680  36.593677     6.7593     2.6784     0.3403    16.6193 7.5486e+01     9.8126      0.303      0.440    25.5609 0.0000e+00
      0.337      0.079    11.6140    164.293     36.851  36.550168     6.7405     2.6455     0.3414    16.6355 6.7206e+01     9.8124      0.325      0.472    25.5599 0.0000e+00
      0.367      0.077    12.3300    164.200     36.732  36.309088     6.7621     2.6278     0.3400    16.6025 6.0115e+01     9.8119      0.363      0.526    25.4951 0.0000e+00
      0.394      0.082    12.9812    162.018     35.924  35.434137     6.8280     2.6229     0.3421    16.5706 5.5972e+01     9.8119      0.390      0.566    25.2265 0.0000e+00
      0.409      0.089    13.4676    158.866     35.321  34.748505     6.8495     2.5780     0.3387    16.4956 5.4605e+01     9.8122      0.406      0.590    24.8687 0.0000e+00
      0.417      0.092    13.7732    155.614     35.228  34.568192     6.8306     2.4949     0.3441    16.6061 5.2667e+01     9.8124      0.405      0.588    24.5289 0.0000e+00
      0.437      0.092    13.7868    152.383     35.252  34.536653     6.8515     2.4494     0.3355    16.4332 4.6684e+01     9.8125      0.416      0.604    24.3921 0.0000e+00
      0.476      0.093    13.5769    148.967     35.109  34.367097     7.0146     2.4437     0.3044    16.2618 3.9749e+01     9.8121      0.468      0.679    24.3351 0.0000e+00
      0.512      0.098    13.3220    145.323     34.980  34.205912     7.0096     2.4314     0.2923    15.9216 3.6301e+01     9.8119      0.512      0.743    24.1817 0.0000e+00
      0.532      0.104    13.0859    141.492     35.114  34.275565     7.0488     2.4103     0.3052    16.4078 3.4748e+01     9.8121      0.522      0.757    24.0359 0.0000e+00
      0.547      0.105    12.8432    137.440     35.247  34.331508     6.9659     2.3984     0.2884    15.6568 3.2496e+01     9.8111      0.533      0.774    23.9638 0.0000e+00
      0.570      0.105    12.5583    133.282     35.190  34.207072     6.5397     2.3951     0.2228    12.3228 2.9423e+01     9.7993      0.556      0.806    23.9433 0.0000e+00
      0.602      0.110    12.2583    129.688     35.173  34.121195     6.4331     2.3712     0.2061    11.4900 2.6189e+01     9.6723      0.590      0.854    23.9051 0.0000e+00
      0.634      0.119    11.9578    127.438     35.298  34.170740     6.5256     2.3270     0.2188    12.1598 2.3667e+01     9.4397      0.624      0.905    23.8085 0.0000e+00
      0.665      0.124    11.6456    126.604     35.467  34.265905     6.4247     2.3027     0.2068    11.4893 2.1186e+01     9.3117      0.648      0.940    23.6875 0.0000e+00
      0.700      0.122    11.2883    126.671     35.596  34.326541     6.0811     2.2995     0.1757     9.4516 1.8576e+01     9.2844      0.685      0.993    23.5990 0.0000e+00
      0.736      0.113    10.9696    127.155     35.619  34.296175     5.9980     2.2933     0.1671     8.9503 1.6679e+01     9.1062      0.726      1.052    23.5066 0.0000e+00
