Data/DataNotYetUploadedToEDI/Raw_CTD/RawDownloads/062723_fcr47.2_S8188016.cnv
* Sea-Bird SBE19plus  Data File:
* FileName = C:\R\Reservoirs\Data\DataNotYetUploadedToEDI\Raw_CTD\RawDownloads\062623_fcr50_S8188_0016.hex
* Software version 2.8.0.119
* Temperature SN = 8188
* Conductivity SN = 8188
* System UpLoad Time = Jul 03 2023 16:34:33
* <ApplicationData>
* <Seaterm232>
# nquan = 16
# nvalues = 794                         
# units = specified
# name 0 = depFM: Depth [fresh water, m]
# name 1 = dz/dtM: Descent Rate [m/s]
# name 2 = sbeox0Mg/L: Oxygen, SBE 43 [mg/l]
# name 3 = sbeox0PS: Oxygen, SBE 43 [% saturation]
# name 4 = specc: Specific Conductance [uS/cm]
# name 5 = c0uS/cm: Conductivity [uS/cm]
# name 6 = wetCDOM: Fluorescence, WET Labs CDOM [mg/m^3]
# name 7 = flECO-AFL: Fluorescence, WET Labs ECO-AFL/FL [mg/m^3]
# name 8 = flECO-AFL1: Fluorescence, WET Labs ECO-AFL/FL, 2 [mg/m^3]
# name 9 = flECO-AFL2: Fluorescence, WET Labs ECO-AFL/FL, 3 [mg/m^3]
# name 10 = par/sat/log: PAR/Logarithmic, Satlantic
# name 11 = turbWETntu0: Turbidity, WET Labs ECO [NTU]
# name 12 = prdM: Pressure, Strain Gauge [db]
# name 13 = prdE: Pressure, Strain Gauge [psi]
# name 14 = tv290C: Temperature [ITS-90, deg C]
# name 15 = flag:  0.000e+00
# span 0 =     -0.718,      8.203       
# span 1 =     -0.192,      0.163       
# span 2 =    -0.0964,    15.5648       
# span 3 =     -0.932,    180.155       
# span 4 =      0.533,     48.303       
# span 5 =   0.454783,  47.680533       
# span 6 =    -4.5000,     8.0100       
# span 7 =    -0.1460,     3.8862       
# span 8 =    -2.1300,     3.6636       
# span 9 =    -2.0304,    19.7541       
# span 10 = 1.1595e-01, 4.5504e+02      
# span 11 =    -0.5436,   698.7786      
# span 12 =     -0.704,      8.044      
# span 13 =     -1.021,     11.668      
# span 14 =    10.5306,    24.6967      
# span 15 = 0.0000e+00, 0.0000e+00      
# interval = seconds: 0.25
# start_time = Jun 27 2023 15:30:14 [Instrument's time stamp, header]
# bad_flag = -9.990e-29
*END*
[from data line 543]
      7.938     -0.179     8.6428     78.648     45.741  32.618738     3.8700     0.1973     0.5112     0.4230 1.1605e-01     8.6999      7.785     11.291    10.6216 0.0000e+00
      7.886     -0.185     8.6730     78.854     45.708  32.595364     3.8700     0.1935     0.5112     0.4230 1.1595e-01     8.6097      7.733     11.216    10.6306 0.0000e+00
      7.834     -0.185     8.6978     79.069     45.701  32.588534     3.8700     0.2584     0.1704     0.2538 1.1615e-01    12.6528      7.683     11.143    10.6405 0.0000e+00
      7.787     -0.182     8.7199     79.300     45.721  32.600387     3.8700     0.2622     0.1704     0.2538 1.1615e-01    12.6829      7.636     11.075    10.6487 0.0000e+00
      7.743     -0.178     8.7417     79.539     45.760  32.626161     3.8700     0.2660     0.1704     0.2538 1.1628e-01    12.6077      7.594     11.014    10.6533 0.0000e+00
      7.702     -0.176     8.7645     79.766     45.803  32.656889     3.8700     0.2622     0.1704     0.2538 1.1612e-01    12.6378      7.553     10.955    10.6538 0.0000e+00
      7.660     -0.174     8.7888     79.956     45.827  32.675021     4.3200     0.2431     0.2982     0.1692 1.1620e-01    17.6579      7.512     10.895    10.6514 0.0000e+00
      7.615     -0.174     8.8151     80.089     45.828  32.675490     4.3200     0.2507     0.2982     0.1692 1.1615e-01    17.7180      7.468     10.832    10.6486 0.0000e+00
      7.568     -0.172     8.8421     80.148     45.832  32.676245     4.3200     0.2584     0.2982     0.1692 1.1615e-01    17.6278      7.422     10.765    10.6470 0.0000e+00
      7.521     -0.170     8.8673     80.123     45.858  32.691348     4.3200     0.2660     0.2982     0.1692 1.1623e-01    17.5827      7.376     10.698    10.6470 0.0000e+00
      7.477     -0.168     8.8882     80.013     45.881  32.703043     4.3200     0.1744     0.2982     0.1692 1.1615e-01     8.7300      7.332     10.635    10.6476 0.0000e+00
      7.436     -0.166     8.9030     79.838     45.863  32.686725     4.3200     0.1897     0.3408     0.3384 1.1610e-01     8.6248      7.293     10.577    10.6475 0.0000e+00
      7.398     -0.167     8.9101     79.618     45.826  32.657846     4.3200     0.2049     0.3408     0.3384 1.1617e-01     8.5045      7.255     10.523    10.6453 0.0000e+00
      7.360     -0.172     8.9081     79.373     45.802  32.640388     4.3200     0.1897     0.3408     0.3384 1.1617e-01     8.4895      7.218     10.468    10.6413 0.0000e+00
      7.317     -0.180     8.8969     79.118     45.785  32.627716     4.3200     0.1439     0.3408     0.3384 1.1605e-01     8.4594      7.176     10.408    10.6366 0.0000e+00
      7.269     -0.187     8.8782     78.877     45.764  32.612491     4.5000     0.1325     0.4260     0.5076 1.1623e-01     8.2340      7.129     10.339    10.6327 0.0000e+00
      7.217     -0.192     8.8543     78.675     45.740  32.594614     4.5000     0.1477     0.4260     0.5076 1.1612e-01     8.4143      7.077     10.264    10.6302 0.0000e+00
      7.162     -0.192     8.8273     78.524     45.719  32.577238     4.5000     0.1134     0.4260     0.5076 1.1610e-01     8.4143      7.023     10.186    10.6292 0.0000e+00
      7.109     -0.188     8.7989     78.422     45.703  32.563651     4.5000     0.1325     0.4260     0.5076 1.1623e-01     6.5055      6.971     10.111    10.6292 0.0000e+00
      7.061     -0.181     8.7721     78.359     45.688  32.550229     4.2300     0.1401     0.2982     0.3384 1.1600e-01     6.4153      6.925     10.044    10.6289 0.0000e+00
      7.019     -0.174     8.7499     78.327     45.672  32.537354     4.2300     0.1592     0.2982     0.3384 1.1625e-01     6.5356      6.883      9.984    10.6277 0.0000e+00
      6.980     -0.168     8.7336     78.311     45.657  32.525553     4.2300     0.1401     0.2982     0.3384 1.1638e-01     6.5055      6.845      9.928    10.6254 0.0000e+00
      6.940     -0.163     8.7228     78.305     45.649  32.519601     4.2300     0.1286     0.2982     0.3384 1.1597e-01     8.4143      6.806      9.871    10.6225 0.0000e+00
      6.898     -0.159     8.7164     78.310     45.653  32.521871     3.9600     0.1363     0.1704     0.2115 1.1635e-01     8.3392      6.765      9.812    10.6199 0.0000e+00
      6.855     -0.154     8.7131     78.321     45.659  32.525046     3.9600     0.1401     0.1704     0.2115 1.1617e-01     8.3242      6.722      9.750    10.6181 0.0000e+00
      6.813     -0.148     8.7115     78.336     45.668  32.529974     3.9600     0.1134     0.1704     0.2115 1.1615e-01     8.4444      6.681      9.690    10.6171 0.0000e+00
      6.774     -0.140     8.7110     78.349     45.683  32.537969     3.9600     0.1859     0.1704     0.2115 1.1612e-01     7.4825      6.643      9.635    10.6165 0.0000e+00
      6.741     -0.133     8.7116     78.360     45.693  32.543240     3.9600     0.1782     0.1704     0.2115 1.1617e-01     7.3472      6.611      9.588    10.6159 0.0000e+00
      6.712     -0.129     8.7132     78.370     45.700  32.547195     3.9600     0.2011     0.1704     0.1269 1.1617e-01     7.3773      6.583      9.547    10.6147 0.0000e+00
      6.684     -0.130     8.7152     78.379     45.711  32.554847     3.9600     0.1859     0.1704     0.1269 1.1625e-01     7.3472      6.555      9.508    10.6128 0.0000e+00
      6.655     -0.135     8.7171     78.380     45.722  32.564278     3.9600     0.1782     0.1704     0.1269 1.1617e-01    10.4284      6.526      9.465    10.6104 0.0000e+00
      6.620     -0.144     8.7188     78.370     45.722  32.566120     3.9600     0.1668     0.1704     0.1269 1.1605e-01    10.4133      6.492      9.416    10.6082 0.0000e+00
      6.581     -0.153     8.7202     78.355     45.701  32.552944     3.8700     0.1744     0.1704     0.2115 1.1612e-01    10.4584      6.453      9.360    10.6069 0.0000e+00
      6.537     -0.158     8.7211     78.340     45.672  32.533117     3.8700     0.1973     0.1704     0.2115 1.1612e-01    10.4133      6.410      9.298    10.6070 0.0000e+00
      6.491     -0.159     8.7210     78.326     45.655  32.521157     3.8700     0.2049     0.1704     0.2115 1.1607e-01     8.2791      6.366      9.233    10.6084 0.0000e+00
      6.447     -0.156     8.7195     78.315     45.652  32.517834     3.8700     0.1782     0.1704     0.2115 1.1630e-01     8.3392      6.323      9.171    10.6105 0.0000e+00
      6.408     -0.151     8.7174     78.301     45.648  32.514340     3.8700     0.1821     0.1278     0.0846 1.1612e-01     8.4143      6.284      9.115    10.6125 0.0000e+00
      6.373     -0.146     8.7154     78.285     45.649  32.513703     3.8700     0.1782     0.1278     0.0846 1.1612e-01     8.3843      6.250      9.065    10.6136 0.0000e+00
      6.340     -0.144     8.7140     78.273     45.657  32.519716     3.8700     0.1515     0.1278     0.0846 1.1628e-01    10.4885      6.218      9.018    10.6136 0.0000e+00
      6.307     -0.146     8.7130     78.277     45.665  32.526061     3.8700     0.1935     0.1278     0.0846 1.1607e-01    10.5336      6.185      8.971    10.6125 0.0000e+00
      6.270     -0.150     8.7117     78.303     45.669  32.530468     3.8700     0.1859     0.1278     0.1269 1.1623e-01    10.5035      6.149      8.919    10.6112 0.0000e+00
      6.230     -0.153     8.7100     78.349     45.666  32.530153     3.8700     0.1859     0.1278     0.1269 1.1605e-01    10.5035      6.110      8.862    10.6103 0.0000e+00
      6.187     -0.154     8.7087     78.405     45.658  32.525032     3.8700     0.1325     0.1278     0.1269 1.1628e-01     8.1438      6.067      8.800    10.6102 0.0000e+00
      6.144     -0.150     8.7090     78.464     45.649  32.517700     3.8700     0.1592     0.1278     0.1269 1.1623e-01     8.0536      6.025      8.739    10.6111 0.0000e+00
      6.103     -0.142     8.7116     78.523     45.640  32.510162     3.8700     0.1286     0.1278     0.1269 1.1607e-01     8.1288      5.985      8.681    10.6128 0.0000e+00
      6.068     -0.132     8.7164     78.575     45.635  32.504369     3.8700     0.1248     0.0852     0.0846 1.1612e-01     8.0837      5.951      8.631    10.6146 0.0000e+00
      6.038     -0.124     8.7224     78.612     45.630  32.498775     3.8700     0.1859     0.0852     0.0846 1.1612e-01     8.1588      5.922      8.589    10.6155 0.0000e+00
      6.012     -0.119     8.7291     78.636     45.628  32.495850     3.8700     0.1973     0.0852     0.0846 1.1625e-01     8.1889      5.895      8.551    10.6150 0.0000e+00
      5.986     -0.120     8.7360     78.646     45.628  32.494813     3.8700     0.2011     0.0852     0.0846 1.1617e-01     8.2340      5.870      8.514    10.6132 0.0000e+00
      5.958     -0.127     8.7422     78.638     45.629  32.495388     3.8700     0.1973     0.1704     0.1269 1.1610e-01     8.2039      5.843      8.474    10.6108 0.0000e+00
      5.926     -0.137     8.7469     78.615     45.631  32.497727     3.8700     0.1744     0.1704     0.1269 1.1612e-01     8.4143      5.812      8.429    10.6086 0.0000e+00
      5.889     -0.148     8.7499     78.581     45.625  32.494535     3.8700     0.1782     0.1704     0.1269 1.1623e-01     8.4745      5.776      8.377    10.6069 0.0000e+00
      5.848     -0.156     8.7511     78.541     45.610  32.484960     3.8700     0.1821     0.1704     0.1269 1.1607e-01     8.3392      5.735      8.318    10.6061 0.0000e+00
      5.803     -0.159     8.7502     78.503     45.600  32.478330     3.8700     0.1897     0.1278     0.1692 1.1612e-01     8.3993      5.691      8.254    10.6061 0.0000e+00
      5.758     -0.156     8.7475     78.479     45.605  32.480799     3.8700     0.1210     0.1278     0.1692 1.1612e-01     6.2801      5.646      8.189    10.6068 0.0000e+00
      5.715     -0.149     8.7435     78.472     45.614  32.485103     3.8700     0.1210     0.1278     0.1692 1.1617e-01     6.2951      5.605      8.129    10.6081 0.0000e+00
      5.679     -0.140     8.7388     78.484     45.616  32.484470     3.8700     0.1363     0.1278     0.1692 1.1620e-01     6.2199      5.569      8.077    10.6093 0.0000e+00
      5.647     -0.133     8.7346     78.509     45.609  32.478730     3.8700     0.1096     0.1278     0.1692 1.1623e-01     6.1899      5.538      8.032    10.6094 0.0000e+00
      5.619     -0.130     8.7321     78.541     45.598  32.470313     3.8700     0.1286     0.1278     0.1692 1.1605e-01     9.5717      5.510      7.991    10.6082 0.0000e+00
      5.589     -0.131     8.7318     78.573     45.591  32.464896     3.8700     0.1401     0.1278     0.1692 1.1617e-01     9.5717      5.481      7.950    10.6062 0.0000e+00
      5.558     -0.137     8.7334     78.597     45.590  32.464995     3.8700     0.1363     0.1278     0.1692 1.1605e-01     9.5115      5.450      7.905    10.6044 0.0000e+00
      5.522     -0.144     8.7365     78.607     45.589  32.466676     3.8700     0.1134     0.1278     0.1692 1.1610e-01     9.5717      5.415      7.854    10.6030 0.0000e+00
      5.482     -0.149     8.7402     78.611     45.580  32.462466     4.0500     0.1325     0.1704     0.1692 1.1612e-01     6.6258      5.376      7.797    10.6022 0.0000e+00
      5.439     -0.149     8.7438     78.618     45.563  32.451243     4.0500     0.1210     0.1704     0.1692 1.1620e-01     6.6558      5.334      7.736    10.6022 0.0000e+00
      5.396     -0.144     8.7462     78.632     45.551  32.441896     4.0500     0.1172     0.1704     0.1692 1.1605e-01     6.7761      5.292      7.675    10.6032 0.0000e+00
      5.357     -0.133     8.7470     78.654     45.550  32.439853     4.0500     0.1286     0.1704     0.1692 1.1605e-01     6.7159      5.253      7.619    10.6052 0.0000e+00
      5.324     -0.119     8.7469     78.682     45.554  32.440608     3.8700     0.1248     0.1704     0.1269 1.1605e-01     5.7239      5.221      7.573    10.6075 0.0000e+00
      5.298     -0.104     8.7474     78.713     45.556  32.440403     3.8700     0.1286     0.1704     0.1269 1.1617e-01     5.8141      5.195      7.536    10.6088 0.0000e+00
      5.277     -0.093     8.7491     78.750     45.562  32.443143     3.8700     0.1286     0.1704     0.1269 1.1612e-01     5.7239      5.175      7.505    10.6084 0.0000e+00
      5.258     -0.086     8.7519     78.794     45.573  32.449559     3.8700     0.1286     0.1704     0.1269 1.1615e-01     5.7239      5.156      7.478    10.6067 0.0000e+00
      5.239     -0.086     8.7554     78.833     45.580  32.453441     3.8700     0.1096     0.1278     0.1269 1.1617e-01     5.7239      5.138      7.452    10.6044 0.0000e+00
      5.219     -0.091     8.7593     78.852     45.579  32.451863     3.8700     0.1325     0.1278     0.1269 1.1617e-01     5.7540      5.118      7.423    10.6022 0.0000e+00
      5.197     -0.102     8.7638     78.852     45.573  32.448364     3.8700     0.1592     0.1278     0.1269 1.1607e-01     5.7991      5.097      7.392    10.6003 0.0000e+00
      5.172     -0.116     8.7691     78.837     45.573  32.449933     3.8700     0.1401     0.1278     0.1269 1.1612e-01     5.7690      5.072      7.356    10.5988 0.0000e+00
      5.141     -0.132     8.7736     78.812     45.574  32.453029     3.8700     0.1477     0.1278     0.1269 1.1623e-01     5.2430      5.042      7.312    10.5977 0.0000e+00
      5.105     -0.146     8.7758     78.779     45.572  32.454516     3.8700     0.1325     0.1278     0.2115 1.1607e-01     5.2279      5.006      7.261    10.5973 0.0000e+00
      5.063     -0.155     8.7757     78.737     45.569  32.454790     3.8700     0.1515     0.1278     0.2115 1.1628e-01     5.3482      4.965      7.201    10.5978 0.0000e+00
      5.017     -0.159     8.7737     78.699     45.554  32.446005     3.8700     0.1515     0.1278     0.2115 1.1602e-01     5.2430      4.920      7.136    10.5995 0.0000e+00
      4.971     -0.156     8.7704     78.687     45.536  32.433738     3.8700     0.1515     0.1278     0.2115 1.1612e-01     5.2279      4.875      7.070    10.6022 0.0000e+00
      4.929     -0.148     8.7661     78.698     45.526  32.426601     3.7800     0.1439     0.1278     0.1692 1.1620e-01     5.2279      4.834      7.011    10.6054 0.0000e+00
      4.893     -0.137     8.7608     78.710     45.520  32.422689     3.7800     0.1363     0.1278     0.1692 1.1600e-01     5.3181      4.798      6.960    10.6082 0.0000e+00
      4.863     -0.128     8.7562     78.711     45.517  32.420961     3.7800     0.1325     0.1278     0.1692 1.1612e-01     5.3332      4.769      6.916    10.6101 0.0000e+00
      4.835     -0.123     8.7547     78.692     45.521  32.424914     3.7800     0.1286     0.1278     0.1692 1.1617e-01     5.8592      4.742      6.878    10.6109 0.0000e+00
      4.808     -0.123     8.7558     78.649     45.534  32.435604     3.8700     0.1439     0.1278     0.0846 1.1605e-01     5.7540      4.715      6.839    10.6110 0.0000e+00
      4.779     -0.128     8.7572     78.588     45.542  32.444000     3.8700     0.1363     0.1278     0.0846 1.1602e-01     5.7841      4.687      6.798    10.6111 0.0000e+00
      4.747     -0.137     8.7573     78.504     45.551  32.452340     3.8700     0.1439     0.1278     0.0846 1.1615e-01     5.7390      4.655      6.752    10.6115 0.0000e+00
      4.710     -0.146     8.7549     78.396     45.568  32.466810     3.8700     0.1363     0.1278     0.0846 1.1617e-01     5.1077      4.619      6.699    10.6126 0.0000e+00
      4.669     -0.151     8.7498     78.276     45.577  32.475426     3.8700     0.1439     0.1278     0.0846 1.1602e-01     5.0175      4.579      6.641    10.6144 0.0000e+00
      4.626     -0.152     8.7424     78.165     45.571  32.472564     3.8700     0.1096     0.1278     0.0846 1.1605e-01     5.0476      4.536      6.579    10.6168 0.0000e+00
