Data/DataNotYetUploadedToEDI/Raw_CTD/RawDownloads/062723_fcr47.4_S8188015.cnv
* Sea-Bird SBE19plus  Data File:
* FileName = C:\R\Reservoirs\Data\DataNotYetUploadedToEDI\Raw_CTD\RawDownloads\062623_fcr50_S8188_0015.hex
* Software version 2.8.0.119
* Temperature SN = 8188
* Conductivity SN = 8188
* System UpLoad Time = Jul 03 2023 16:34:19
* <ApplicationData>
* <Seaterm232>
# nquan = 16
# nvalues = 682                         
# units = specified
# name 0 = depFM: Depth [fresh water, m]
# name 1 = dz/dtM: Descent Rate [m/s]
# name 2 = sbeox0Mg/L: Oxygen, SBE 43 [mg/l]
# name 3 = sbeox0PS: Oxygen, SBE 43 [% saturation]
# name 4 = specc: Specific Conductance [uS/cm]
# name 5 = c0uS/cm: Conductivity [uS/cm]
# name 6 = wetCDOM: Fluorescence, WET Labs CDOM [mg/m^3]
# name 7 = flECO-AFL: Fluorescence, WET Labs ECO-AFL/FL [mg/m^3]
# name 8 = flECO-AFL1: Fluorescence, WET Labs ECO-AFL/FL, 2 [mg/m^3]
# name 9 = flECO-AFL2: Fluorescence, WET Labs ECO-AFL/FL, 3 [mg/m^3]
# name 10 = par/sat/log: PAR/Logarithmic, Satlantic
# name 11 = turbWETntu0: Turbidity, WET Labs ECO [NTU]
# name 12 = prdM: Pressure, Strain Gauge [db]
# name 13 = prdE: Pressure, Strain Gauge [psi]
# name 14 = tv290C: Temperature [ITS-90, deg C]
# name 15 = flag:  0.000e+00
# span 0 =     -0.721,      6.566       
# span 1 =     -0.226,      0.138       
# span 2 =     0.0946,    16.6546       
# span 3 =      0.890,    197.559       
# span 4 =      0.557,     48.518       
# span 5 =   0.479790,  47.629582       
# span 6 =    -4.5000,     7.1100       
# span 7 =    -0.1498,     4.5347       
# span 8 =    -2.1300,     0.6390       
# span 9 =    -2.0304,    19.9656       
# span 10 = 1.1592e-01, 4.9679e+02      
# span 11 =    -0.5587,   542.1495      
# span 12 =     -0.707,      6.439      
# span 13 =     -1.026,      9.340      
# span 14 =    10.5861,    24.5894      
# span 15 = 0.0000e+00, 0.0000e+00      
# interval = seconds: 0.25
# start_time = Jun 27 2023 15:22:51 [Instrument's time stamp, header]
# bad_flag = -9.990e-29
*END*
     -0.714      0.000     8.1644     86.131      0.649   0.557238    -4.5000    -0.1498    -2.1300    -2.0304 2.8756e+02    -0.4234     -0.701     -1.016    17.9138 0.0000e+00
     -0.714      0.000     8.1647     86.138      0.610   0.524191    -4.5000    -0.1117    -2.1300    -2.0304 2.9845e+02    -0.4534     -0.701     -1.016    17.9166 0.0000e+00
     -0.714      0.000     8.1649     86.143      0.569   0.489588    -4.5000    -0.0888    -2.1300    -2.0304 2.8632e+02    -0.4534     -0.701     -1.016    17.9210 0.0000e+00
     -0.714      0.001     8.1648     86.147      0.557   0.479790     0.0000    -0.1117     0.0000     0.0000 2.6918e+02    -0.5587     -0.700     -1.015    17.9277 0.0000e+00
     -0.713      0.001     8.1640     86.154      0.592   0.509979     0.0000    -0.1269     0.0000     0.0000 2.3777e+02    -0.3482     -0.700     -1.015    17.9381 0.0000e+00
     -0.713      0.001     8.1621     86.158      0.673   0.580296     0.0000    -0.1041     0.0000     0.0000 2.1969e+02    -0.3783     -0.700     -1.015    17.9536 0.0000e+00
     -0.713      0.001     8.1589     86.155      0.803   0.693676     0.0000    -0.1193     0.0000     0.0000 2.2598e+02    -0.4835     -0.700     -1.015    17.9752 0.0000e+00
     -0.713      0.002     8.1546     86.144      1.009   0.872444     0.0000    -0.1231     0.0000     0.0000 2.3710e+02    -0.4534     -0.700     -1.014    18.0032 0.0000e+00
     -0.713      0.002     8.1499     86.131      1.343   1.162296     0.0000    -0.0926     0.0000     0.0846 2.4458e+02    -0.4534     -0.699     -1.014    18.0352 0.0000e+00
     -0.712      0.003     8.1449     86.122      1.886   1.632618     0.0000    -0.1193     0.0000     0.0846 2.4828e+02    -0.5136     -0.699     -1.013    18.0674 0.0000e+00
     -0.712      0.004     8.1397     86.120      2.770   2.398941     0.0000    -0.1422     0.0000     0.0846 2.5023e+02    -0.5136     -0.698     -1.012    18.0965 0.0000e+00
     -0.711      0.005     8.1346     86.128      4.222   3.657712     0.0000    -0.1384     0.0000     0.0846 2.3694e+02    -0.5136     -0.697     -1.011    18.1215 0.0000e+00
     -0.710      0.006     8.1300     86.146      6.210   5.382744     0.0000    -0.1346    -0.0426    -0.2961 2.2103e+02    -0.4234     -0.696     -1.009    18.1419 0.0000e+00
     -0.708      0.008     8.1264     86.184      8.104   7.031451     0.0000    -0.1231    -0.0426    -0.2961 2.0898e+02    -0.4234     -0.694     -1.007    18.1581 0.0000e+00
     -0.706      0.010     8.1242     86.247      9.354   8.133769     0.0000    -0.1269    -0.0426    -0.2961 2.0578e+02    -0.4384     -0.692     -1.004    18.1705 0.0000e+00
     -0.704      0.013     8.1232     86.339      9.995   8.726531     0.0000    -0.1231    -0.0426    -0.2961 2.1007e+02    -0.4685     -0.690     -1.001    18.1810 0.0000e+00
     -0.700      0.016     8.1232     86.466     10.387   9.129998     0.0000    -0.0964     0.0000    -0.0846 2.4779e+02    -0.3031     -0.687     -0.996    18.1924 0.0000e+00
     -0.696      0.021     8.1241     86.628     11.175   9.918532     0.0000    -0.1002     0.0000    -0.0846 2.9510e+02    -0.4534     -0.683     -0.990    18.2088 0.0000e+00
     -0.691      0.027     8.1256     86.811     13.092  11.751364     0.0000    -0.1041     0.0000    -0.0846 3.2057e+02    -0.4084     -0.677     -0.983    18.2368 0.0000e+00
     -0.684      0.035     8.1266     86.985     16.918  15.350607     0.0000     0.7848     0.0000    -0.0846 3.3437e+02    10.0526     -0.671     -0.973    18.2852 0.0000e+00
     -0.675      0.044     8.1259     87.113     22.962  21.054901     0.0000     0.7848     0.0000     0.2115 3.6150e+02    10.0226     -0.662     -0.960    18.3659 0.0000e+00
     -0.664      0.057     8.1206     87.153     30.176  28.005272     0.0000     0.7581     0.0000     0.2115 3.9066e+02    10.0226     -0.651     -0.944    18.4963 0.0000e+00
     -0.649      0.070     8.1047     87.080     36.760  34.563608     0.0000     0.7657     0.0000     0.2115 4.1354e+02    10.0226     -0.636     -0.923    18.7063 0.0000e+00
     -0.630      0.085     8.0677     86.895     41.480  39.490625     0.0000     2.0704     0.0000     0.2115 4.2678e+02    23.3994     -0.618     -0.896    19.0463 0.0000e+00
     -0.606      0.100     7.9948     86.620     44.370  42.705723     0.0000     2.0780     0.0000     0.2115 4.4836e+02    23.3543     -0.594     -0.862    19.5885 0.0000e+00
     -0.577      0.113     7.8810     86.287     46.049  44.721509     1.7100     2.0932     0.1278     3.3840 4.6594e+02    23.3092     -0.566     -0.821    20.3467 0.0000e+00
     -0.545      0.125     7.7430     85.953     46.928  45.895216     1.7100     2.0780     0.1278     3.3840 4.7773e+02    23.3393     -0.534     -0.775    21.2081 0.0000e+00
     -0.510      0.133     7.6038     85.690     47.270  46.464546     1.7100     2.3870     0.1278     3.3840 4.8961e+02    23.5347     -0.500     -0.725    22.0294 0.0000e+00
     -0.474      0.138     7.4766     85.559     47.282  46.632855     1.7100     2.3794     0.1278     3.3840 4.9679e+02    23.6098     -0.465     -0.674    22.7338 0.0000e+00
     -0.437      0.138     7.3663     85.594     47.141  46.585728     6.3900     2.4022     0.4260    15.0165 4.9110e+02    23.4745     -0.429     -0.622    23.3006 0.0000e+00
     -0.400      0.135     7.2762     85.789     46.980  46.471110     6.3900     2.4022     0.4260    15.0165 4.5672e+02    23.5647     -0.392     -0.568    23.7341 0.0000e+00
     -0.363      0.127     7.2102     86.112     46.858  46.363460     6.3900     2.6807     0.4260    15.0165 4.4159e+02    22.9034     -0.356     -0.517    24.0445 0.0000e+00
     -0.330      0.116     7.1705     86.517     46.779  46.281627     6.3900     2.6883     0.4260    15.0165 4.3342e+02    22.7230     -0.324     -0.469    24.2484 0.0000e+00
     -0.301      0.103     7.1563     86.956     46.732  46.225584     6.5700     2.7074     0.4260    17.7660 4.2939e+02    22.8733     -0.295     -0.429    24.3696 0.0000e+00
     -0.277      0.089     7.1638     87.387     46.707  46.192274     6.5700     2.6883     0.4260    17.7660 4.2144e+02    22.8282     -0.272     -0.394    24.4315 0.0000e+00
     -0.258      0.075     7.1874     87.787     46.734  46.214425     6.5700     2.6502     0.4260    17.7660 4.1489e+02    21.3703     -0.253     -0.366    24.4536 0.0000e+00
     -0.241      0.062     7.2208     88.171     46.869  46.349463     6.5700     2.6311     0.4260    17.7660 4.1211e+02    21.4004     -0.237     -0.343    24.4544 0.0000e+00
     -0.228      0.051     7.2583     88.592     47.114  46.603673     6.4800     2.6235     0.4260    17.8083 4.1247e+02    21.4304     -0.223     -0.324    24.4474 0.0000e+00
     -0.217      0.042     7.2951     89.149     47.390  46.896230     6.4800     2.6235     0.4260    17.8083 4.1462e+02    21.3703     -0.213     -0.308    24.4401 0.0000e+00
     -0.208      0.035     7.3290     90.004     47.606  47.132753     6.4800     2.6807     0.4260    17.8083 4.1372e+02    21.5657     -0.204     -0.295    24.4360 0.0000e+00
     -0.201      0.029     7.3606     91.407     47.741  47.291109     6.4800     2.7036     0.4260    17.8083 4.1256e+02    21.6559     -0.197     -0.285    24.4386 0.0000e+00
     -0.195      0.024     7.3940     93.581     47.818  47.387764     6.4800     2.6883     0.4260    17.8083 4.1363e+02    21.6859     -0.191     -0.277    24.4510 0.0000e+00
     -0.190      0.020     7.4374     96.524     47.843  47.428680     6.3900     2.7112     0.3834    17.3430 4.1211e+02    21.7461     -0.186     -0.270    24.4719 0.0000e+00
     -0.185      0.017     7.5053    100.114     47.850  47.446564     6.3900     2.6197     0.3834    17.3430 4.0054e+02    22.3322     -0.181     -0.263    24.4968 0.0000e+00
     -0.180      0.013     7.6187    104.284     47.871  47.475912     6.3900     2.6273     0.3834    17.3430 4.0925e+02    22.3773     -0.177     -0.256    24.5219 0.0000e+00
     -0.176      0.007     7.7966    108.841     47.877  47.486898     6.3900     2.6388     0.3834    17.3430 3.0441e+02    22.3322     -0.173     -0.251    24.5441 0.0000e+00
     -0.174      0.001     8.0394    113.381     47.844  47.456690     6.3900     2.6235     0.4260    17.5545 2.6414e+02    22.2421     -0.171     -0.248    24.5609 0.0000e+00
     -0.175     -0.007     8.3366    117.471     47.812  47.422813     6.3900     2.4747     0.4260    17.5545 2.7319e+02    20.4384     -0.171     -0.249    24.5725 0.0000e+00
     -0.177     -0.015     8.6825    120.794     47.780  47.384157     6.3900     2.4480     0.4260    17.5545 2.8969e+02    20.4986     -0.174     -0.253    24.5811 0.0000e+00
     -0.183     -0.023     9.0610    123.192     47.675  47.268984     6.3900     2.4366     0.4260    17.5545 2.2500e+02    20.3633     -0.179     -0.260    24.5873 0.0000e+00
     -0.191     -0.029     9.4386    124.679     47.467  47.044599     6.3900     2.4442     0.3834    17.6391 2.4624e+02    20.5286     -0.187     -0.272    24.5894 0.0000e+00
     -0.201     -0.033     9.7797    125.381     47.221  46.774025     6.3900     2.4099     0.3834    17.6391 2.7557e+02    20.8893     -0.197     -0.286    24.5866 0.0000e+00
     -0.211     -0.036    10.0578    125.434     47.015  46.533730     6.3900     2.3717     0.3834    17.6391 2.9625e+02    20.9645     -0.207     -0.301    24.5795 0.0000e+00
     -0.221     -0.037    10.2597    124.949     46.856  46.336914     6.3900     2.3908     0.3834    17.6391 3.6410e+02    20.8893     -0.217     -0.314    24.5675 0.0000e+00
     -0.230     -0.038    10.3872    124.007     46.739  46.182611     6.3900     2.4137     0.3834    17.6391 3.8393e+02    20.8893     -0.226     -0.327    24.5481 0.0000e+00
     -0.239     -0.039    10.4512    122.656     46.673  46.079209     6.4800     2.3374     0.4686    17.6814 4.0686e+02    20.4384     -0.234     -0.340    24.5193 0.0000e+00
     -0.249     -0.041    10.4628    120.964     46.661  46.022911     6.4800     2.3336     0.4686    17.6814 4.0730e+02    20.3633     -0.244     -0.354    24.4815 0.0000e+00
     -0.259     -0.043    10.4303    119.050     46.701  46.002669     6.4800     2.3183     0.4686    17.6814 4.0916e+02    20.3934     -0.254     -0.368    24.4394 0.0000e+00
     -0.270     -0.047    10.3594    117.077     46.761  45.977414     6.4800     2.3412     0.4686    17.6814 4.3276e+02    20.2581     -0.265     -0.384    24.3983 0.0000e+00
     -0.282     -0.050    10.2540    115.231     46.778  45.896816     6.4800     2.4137     0.3834    17.7660 4.5326e+02    21.2651     -0.277     -0.401    24.3578 0.0000e+00
     -0.295     -0.054    10.1210    113.696     46.744  45.769096     6.4800     2.4328     0.3834    17.7660 4.5543e+02    21.3102     -0.290     -0.420    24.3111 0.0000e+00
     -0.310     -0.056     9.9726    112.603     46.700  45.647375     6.4800     2.4366     0.3834    17.7660 4.4992e+02    21.3403     -0.304     -0.441    24.2467 0.0000e+00
     -0.326     -0.058     9.8235    111.986     46.678  45.564581     6.4800     2.4289     0.3834    17.7660 4.7083e+02    21.3703     -0.320     -0.464    24.1573 0.0000e+00
     -0.341     -0.060     9.6876    111.759     46.693  45.530336     6.3900     2.4480     0.4260    17.0892 4.4121e+02    20.8893     -0.335     -0.486    24.0523 0.0000e+00
     -0.356     -0.062     9.5768    111.714     46.735  45.527581     6.3900     2.4556     0.4260    17.0892 4.3616e+02    20.8893     -0.350     -0.507    23.9512 0.0000e+00
     -0.371     -0.064     9.5000    111.559     46.762  45.506046     6.3900     2.4556     0.4260    17.0892 4.6171e+02    20.9194     -0.364     -0.528    23.8667 0.0000e+00
     -0.387     -0.066     9.4599    110.986     46.711  45.404503     6.3900     2.4328     0.4260    17.0892 4.6382e+02    21.0096     -0.380     -0.550    23.8011 0.0000e+00
     -0.404     -0.066     9.4501    109.701     46.509  45.158223     6.3900     2.3145     0.4260    17.0469 4.4535e+02    21.4906     -0.397     -0.575    23.7495 0.0000e+00
     -0.423     -0.063     9.4548    107.394     46.154  44.772861     6.3900     2.3107     0.4260    17.0469 3.9527e+02    21.3553     -0.415     -0.602    23.7020 0.0000e+00
     -0.442     -0.056     9.4507    103.750     45.801  44.397290     6.3900     2.3221     0.4260    17.0469 3.1586e+02    21.4004     -0.434     -0.629    23.6504 0.0000e+00
     -0.459     -0.041     9.4120     98.693     45.627  44.202805     6.3900     2.3145     0.4260    17.0469 2.5656e+02    21.3102     -0.450     -0.653    23.5942 0.0000e+00
     -0.472     -0.021     9.3122     92.670     45.678  44.236607     6.3900     2.2916     0.4260    17.0469 1.3420e+02    20.9495     -0.463     -0.671    23.5405 0.0000e+00
     -0.477      0.003     9.1239     86.546     45.915  44.477986     6.3000     2.2573     0.4260    16.3701 1.3322e+02    20.8743     -0.467     -0.678    23.4958 0.0000e+00
     -0.472      0.030     8.8202     81.301     46.330  44.935834     6.3000     2.2497     0.4260    16.3701 2.2446e+02    20.8893     -0.463     -0.672    23.4597 0.0000e+00
     -0.459      0.057     8.3950     77.873     46.889  45.583642     6.3000     2.2687     0.4260    16.3701 9.6497e+01    20.9044     -0.450     -0.653    23.4299 0.0000e+00
     -0.439      0.081     7.8855     77.088     47.461  46.281102     6.3000     2.5052     0.4260    16.3701 1.3458e+02    21.6258     -0.430     -0.624    23.4122 0.0000e+00
     -0.412      0.100     7.3632     79.563     47.915  46.877356     6.3000     2.5129     0.4260    16.7085 1.4349e+02    21.6258     -0.404     -0.587    23.4233 0.0000e+00
     -0.382      0.113     6.9093     85.433     48.207  47.305514     6.3000     2.4785     0.4260    16.7085 2.4559e+02    21.6258     -0.374     -0.543    23.4817 0.0000e+00
     -0.348      0.120     6.6032     94.088     48.337  47.550952     6.3000     2.5014     0.4260    16.7085 2.5439e+02    21.5958     -0.341     -0.495    23.5929 0.0000e+00
     -0.314      0.121     6.5165    104.285     48.326  47.629582     6.3000     2.5777     0.4260    16.7085 2.7755e+02    21.6108     -0.308     -0.447    23.7422 0.0000e+00
     -0.281      0.118     6.7032    114.543     48.225  47.592102     6.3900     2.5854     0.4260    17.5122 3.1103e+02    21.5657     -0.276     -0.400    23.9035 0.0000e+00
     -0.251      0.111     7.1763    123.520     48.116  47.525622     6.3900     2.5892     0.4260    17.5122 2.3090e+02    21.5958     -0.246     -0.357    24.0532 0.0000e+00
     -0.224      0.104     7.8851    130.250     48.077  47.513480     6.3900     2.5892     0.4260    17.5122 2.0893e+02    21.6108     -0.220     -0.319    24.1774 0.0000e+00
     -0.200      0.096     8.7257    134.259     48.109  47.560364     6.3900     2.9363     0.4260    17.5122 1.9553e+02    22.8282     -0.196     -0.284    24.2711 0.0000e+00
     -0.177      0.090     9.5743    135.593     48.124  47.581675     6.3900     2.9668     0.4260    17.5122 1.8487e+02    22.7531     -0.174     -0.252    24.3364 0.0000e+00
     -0.156      0.083    10.3183    134.784     48.077  47.531574     6.4800     2.9287     0.4260    17.4276 1.6711e+02    22.7230     -0.153     -0.222    24.3795 0.0000e+00
     -0.135      0.074    10.8765    132.658     48.029  47.470021     6.4800     2.9439     0.4260    17.4276 1.8220e+02    22.7982     -0.132     -0.192    24.4071 0.0000e+00
     -0.114      0.062    11.2090    130.070     48.008  47.422219     6.4800     3.8442     0.4260    17.4276 1.4362e+02    22.8282     -0.111     -0.162    24.4233 0.0000e+00
     -0.096      0.046    11.3197    127.702     47.967  47.339750     6.4800     3.8557     0.4260    17.4276 1.0889e+02    22.7681     -0.094     -0.136    24.4299 0.0000e+00
     -0.084      0.029    11.2532    125.965     47.889  47.210526     6.7500     3.8747     0.5112    18.2313 1.3261e+02    22.8583     -0.082     -0.119    24.4264 0.0000e+00
