Data/DataNotYetUploadedToEDI/Raw_CTD/RawDownloads/062723_fcrXX_S8188011.cnv
* Sea-Bird SBE19plus  Data File:
* FileName = C:\R\Reservoirs\Data\DataNotYetUploadedToEDI\Raw_CTD\RawDownloads\062623_fcr50_S8188_0011.hex
* Software version 2.8.0.119
* Temperature SN = 8188
* Conductivity SN = 8188
* System UpLoad Time = Jul 03 2023 16:33:26
* <ApplicationData>
* <Seaterm232>
# nquan = 16
# nvalues = 792                         
# units = specified
# name 0 = depFM: Depth [fresh water, m]
# name 1 = dz/dtM: Descent Rate [m/s]
# name 2 = sbeox0Mg/L: Oxygen, SBE 43 [mg/l]
# name 3 = sbeox0PS: Oxygen, SBE 43 [% saturation]
# name 4 = specc: Specific Conductance [uS/cm]
# name 5 = c0uS/cm: Conductivity [uS/cm]
# name 6 = wetCDOM: Fluorescence, WET Labs CDOM [mg/m^3]
# name 7 = flECO-AFL: Fluorescence, WET Labs ECO-AFL/FL [mg/m^3]
# name 8 = flECO-AFL1: Fluorescence, WET Labs ECO-AFL/FL, 2 [mg/m^3]
# name 9 = flECO-AFL2: Fluorescence, WET Labs ECO-AFL/FL, 3 [mg/m^3]
# name 10 = par/sat/log: PAR/Logarithmic, Satlantic
# name 11 = turbWETntu0: Turbidity, WET Labs ECO [NTU]
# name 12 = prdM: Pressure, Strain Gauge [db]
# name 13 = prdE: Pressure, Strain Gauge [psi]
# name 14 = tv290C: Temperature [ITS-90, deg C]
# name 15 = flag:  0.000e+00
# span 0 =     -0.720,      3.677       
# span 1 =     -0.365,      0.122       
# span 2 =    -1.3796,    14.7186       
# span 3 =    -13.521,    173.098       
# span 4 =      4.916,     47.990       
# span 5 =   4.230591,  47.975799       
# span 6 =    -4.5000,     7.2900       
# span 7 =    -0.1575,     2.8333       
# span 8 =    -2.1300,     0.5112       
# span 9 =    -2.0304,    22.3767       
# span 10 = 2.3607e-01, 2.0778e+03      
# span 11 =    -0.5587,    27.3222      
# span 12 =     -0.706,      3.605      
# span 13 =     -1.024,      5.229      
# span 14 =    11.0560,    25.4889      
# span 15 = 0.0000e+00, 0.0000e+00      
# interval = seconds: 0.25
# start_time = Jun 27 2023 14:02:47 [Instrument's time stamp, header]
# bad_flag = -9.990e-29
*END*
[from data line 272]
      1.794      0.077     3.4349     36.242     39.699  33.842367     4.5000     0.4491     0.0852     0.4653 1.2941e+00     1.2750      1.760      2.552    17.8168 0.0000e+00
      1.814      0.078     3.4588     35.896     39.678  33.779265     4.5000     0.4224     0.0852     0.4653 1.2378e+00     1.2299      1.779      2.581    17.7757 0.0000e+00
      1.835      0.079     3.4718     35.396     39.659  33.717903     4.5000     0.4376     0.0852     0.4653 1.2114e+00     1.3051      1.800      2.610    17.7280 0.0000e+00
      1.856      0.079     3.4717     34.744     39.637  33.655778     4.5000     0.4338     0.0852     0.4653 1.1867e+00     1.3051      1.820      2.639    17.6750 0.0000e+00
      1.876      0.078     3.4573     33.953     39.599  33.580284     4.3200     0.3842     0.0426     0.3807 1.1496e+00     0.9744      1.840      2.668    17.6190 0.0000e+00
      1.896      0.077     3.4282     33.047     39.536  33.481190     4.3200     0.3919     0.0426     0.3807 1.1392e+00     0.9594      1.859      2.696    17.5619 0.0000e+00
      1.915      0.077     3.3843     32.064     39.466  33.365734     4.3200     0.3995     0.0426     0.3807 1.1541e+00     1.0345      1.878      2.724    17.5053 0.0000e+00
      1.934      0.076     3.3256     31.042     39.411  33.250655     4.3200     0.3728     0.0426     0.3807 1.1166e+00     1.0796      1.897      2.751    17.4500 0.0000e+00
      1.953      0.076     3.2534     30.008     39.380  33.146849     4.3200     0.3995     0.0426     0.3807 1.0773e+00     1.2600      1.916      2.778    17.3959 0.0000e+00
      1.973      0.077     3.1703     28.967     39.366  33.054354     4.2300     0.3652     0.0000     0.2961 1.0796e+00     1.2450      1.935      2.806    17.3377 0.0000e+00
      1.993      0.077     3.0803     27.900     39.363  32.970286     4.2300     0.3881     0.0000     0.2961 1.0747e+00     1.2299      1.954      2.834    17.2669 0.0000e+00
      2.012      0.078     2.9873     26.789     39.375  32.903908     4.2300     0.3652     0.0000     0.2961 1.0346e+00     1.2600      1.973      2.862    17.1802 0.0000e+00
      2.032      0.078     2.8936     25.621     39.398  32.857317     4.2300     0.3804     0.0000     0.2961 1.0225e+00     1.2299      1.993      2.891    17.0821 0.0000e+00
      2.052      0.077     2.7990     24.394     39.408  32.810166     4.0500     0.3728     0.0852     0.2961 1.0030e+00     1.3201      2.013      2.919    16.9790 0.0000e+00
      2.072      0.077     2.7017     23.125     39.399  32.755820     4.0500     0.3537     0.0852     0.2961 9.8760e-01     1.2901      2.032      2.948    16.8761 0.0000e+00
      2.092      0.077     2.5993     21.855     39.390  32.703550     4.0500     0.3804     0.0852     0.2961 9.8055e-01     1.3802      2.051      2.975    16.7792 0.0000e+00
      2.111      0.077     2.4904     20.643     39.389  32.653278     4.0500     0.3079     0.0852     0.2961 9.3153e-01     1.2299      2.070      3.002    16.6950 0.0000e+00
      2.130      0.078     2.3746     19.553     39.401  32.607439     3.9600     0.3079     0.0426     0.1692 9.4519e-01     1.3051      2.089      3.029    16.6255 0.0000e+00
      2.149      0.078     2.2540     18.629     39.425  32.565687     3.9600     0.3079     0.0426     0.1692 9.1468e-01     1.2901      2.108      3.057    16.5660 0.0000e+00
      2.170      0.079     2.1327     17.884     39.453  32.524809     3.9600     0.3079     0.0426     0.1692 9.1747e-01     1.2450      2.128      3.086    16.5085 0.0000e+00
      2.191      0.080     2.0170     17.297     39.484  32.489741     3.9600     0.3575     0.0426     0.1692 8.3963e-01     1.5155      2.148      3.116    16.4462 0.0000e+00
      2.212      0.081     1.9134     16.815     39.517  32.459051     3.9600     0.3652     0.0426     0.2115 8.2104e-01     1.5606      2.169      3.146    16.3753 0.0000e+00
      2.232      0.081     1.8260     16.371     39.544  32.424554     3.9600     0.3881     0.0426     0.2115 8.8535e-01     1.5756      2.189      3.175    16.2970 0.0000e+00
      2.253      0.081     1.7560     15.909     39.566  32.384969     3.9600     0.3690     0.0426     0.2115 8.7103e-01     1.5606      2.209      3.204    16.2167 0.0000e+00
      2.273      0.080     1.7013     15.387     39.588  32.345580     3.9600     0.3079     0.0426     0.2115 7.9922e-01     2.1167      2.230      3.233    16.1397 0.0000e+00
      2.294      0.080     1.6564     14.784     39.613  32.307762     3.9600     0.2965     0.0426     0.2115 8.6125e-01     2.0265      2.250      3.263    16.0666 0.0000e+00
      2.314      0.079     1.6152     14.099     39.644  32.275291     3.9600     0.2812     0.0852     0.1692 7.4472e-01     2.1017      2.270      3.292    15.9946 0.0000e+00
      2.334      0.079     1.5721     13.341     39.693  32.255347     3.9600     0.3156     0.0852     0.1692 7.8221e-01     2.0866      2.289      3.320    15.9221 0.0000e+00
      2.354      0.078     1.5228     12.532     39.758  32.248550     3.9600     0.3423     0.0852     0.1692 7.5449e-01     2.2520      2.309      3.349    15.8493 0.0000e+00
      2.374      0.077     1.4652     11.688     39.830  32.249125     3.9600     0.3118     0.0852     0.1692 7.3316e-01     2.2219      2.328      3.377    15.7765 0.0000e+00
      2.394      0.075     1.3994     10.818     39.903  32.253263     3.8700     0.2889     0.0426     0.2538 7.3491e-01     2.2370      2.348      3.405    15.7029 0.0000e+00
      2.413      0.073     1.3263      9.914     39.979  32.262065     3.8700     0.3079     0.0426     0.2538 6.8629e-01     2.2971      2.367      3.432    15.6281 0.0000e+00
      2.432      0.071     1.2477      8.972     40.059  32.275896     3.8700     0.3270     0.0426     0.2538 7.2539e-01     2.8682      2.385      3.458    15.5534 0.0000e+00
      2.449      0.069     1.1655      8.002     40.132  32.290523     3.8700     0.3003     0.0426     0.2538 6.8302e-01     2.6578      2.402      3.484    15.4810 0.0000e+00
      2.467      0.067     1.0802      7.023     40.195  32.305881     3.8700     0.3118     0.0852     0.0846 6.5184e-01     2.7931      2.419      3.508    15.4118 0.0000e+00
      2.483      0.065     0.9913      6.066     40.253  32.328047     3.8700     0.3385     0.0852     0.0846 6.7329e-01     2.8231      2.435      3.532    15.3455 0.0000e+00
      2.499      0.065     0.8983      5.159     40.316  32.356990     3.8700     0.3919     0.0852     0.0846 6.8006e-01     2.8231      2.451      3.555    15.2830 0.0000e+00
      2.515      0.066     0.8021      4.335     40.394  32.390528     3.8700     0.3881     0.0852     0.0846 6.6848e-01     2.8382      2.466      3.577    15.2274 0.0000e+00
      2.530      0.068     0.7047      3.639     40.487  32.425722     3.8700     0.3957     0.0852     0.2115 6.6457e-01     2.7179      2.482      3.599    15.1839 0.0000e+00
      2.547      0.071     0.6090      3.110     40.588  32.460074     3.8700     0.3537     0.0852     0.2115 6.4845e-01     2.7179      2.498      3.623    15.1535 0.0000e+00
      2.566      0.074     0.5183      2.745     40.697  32.498782     3.8700     0.4491     0.0852     0.2115 6.6068e-01     3.1087      2.517      3.650    15.1270 0.0000e+00
      2.586      0.079     0.4357      2.499     40.833  32.556127     3.8700     0.4224     0.0852     0.2115 6.2643e-01     3.1388      2.536      3.678    15.0913 0.0000e+00
      2.607      0.083     0.3661      2.318     41.021  32.643440     3.8700     0.4300     0.0852     0.2115 6.4214e-01     3.2440      2.556      3.708    15.0425 0.0000e+00
      2.628      0.088     0.3133      2.157     41.278  32.768160     3.8700     0.4224     0.0426     0.2538 6.3922e-01     3.1838      2.577      3.738    14.9859 0.0000e+00
      2.651      0.093     0.2769      1.982     41.652  32.967506     3.8700     0.4262     0.0426     0.2538 6.1711e-01     3.3342      2.599      3.770    14.9272 0.0000e+00
      2.675      0.098     0.2524      1.774     42.166  33.264926     3.8700     0.4376     0.0426     0.2538 6.1470e-01     3.4394      2.623      3.804    14.8653 0.0000e+00
      2.700      0.103     0.2344      1.519     42.768  33.626851     3.8700     0.4224     0.0426     0.2538 6.0319e-01     3.3642      2.648      3.841    14.7913 0.0000e+00
      2.728      0.108     0.2185      1.225     43.407  34.019089     3.8700     0.4186     0.0852     0.3807 6.0214e-01     3.4243      2.675      3.880    14.6968 0.0000e+00
      2.756      0.112     0.2012      0.916     44.066  34.431370     3.8700     0.3652     0.0852     0.3807 5.8258e-01     3.4243      2.703      3.920    14.5817 0.0000e+00
      2.786      0.116     0.1805      0.617     44.740  34.858768     3.8700     0.3804     0.0852     0.3807 5.3153e-01     3.3792      2.732      3.962    14.4536 0.0000e+00
      2.816      0.118     0.1548      0.341     45.386  35.264737     3.8700     0.3537     0.0852     0.3807 5.2899e-01     3.4243      2.762      4.005    14.3223 0.0000e+00
      2.847      0.120     0.1251      0.094     45.947  35.603053     3.9600     0.3652     0.0852     0.6345 5.6059e-01     3.4394      2.792      4.049    14.1958 0.0000e+00
      2.878      0.121     0.0937     -0.115     46.422  35.870842     3.9600     0.2927     0.0852     0.6345 5.0992e-01     3.5897      2.822      4.093    14.0771 0.0000e+00
      2.909      0.122     0.0631     -0.278     46.820  36.076133     3.9600     0.3385     0.0852     0.6345 5.1616e-01     3.6949      2.852      4.137    13.9654 0.0000e+00
      2.940      0.121     0.0348     -0.383     47.146  36.222171     3.9600     0.3156     0.0852     0.6345 5.0683e-01     3.6949      2.883      4.181    13.8573 0.0000e+00
      2.971      0.120     0.0094     -0.424     47.397  36.310263     3.9600     0.3575     0.0852     0.6345 4.8285e-01     3.6047      2.914      4.226    13.7496 0.0000e+00
      3.002      0.119    -0.0123     -0.399     47.550  36.328244     4.0500     0.3156     0.1278     0.2115 4.6635e-01     4.9724      2.944      4.270    13.6404 0.0000e+00
      3.033      0.117    -0.0292     -0.313     47.588  36.265060     4.0500     0.3079     0.1278     0.2115 4.4944e-01     5.0175      2.974      4.314    13.5293 0.0000e+00
      3.062      0.114    -0.0402     -0.175     47.491  36.097919     4.0500     0.2965     0.1278     0.2115 4.4429e-01     5.1077      3.003      4.356    13.4169 0.0000e+00
      3.091      0.112    -0.0444      0.004     47.276  35.829782     4.0500     0.3003     0.1278     0.2115 4.4555e-01     5.0175      3.031      4.396    13.3052 0.0000e+00
      3.118      0.111    -0.0418      0.211     47.053  35.541651     4.2300     0.1782     0.1278     0.2115 4.5327e-01     7.0917      3.058      4.435    13.1991 0.0000e+00
      3.145      0.109    -0.0328      0.432     46.903  35.299288     4.2300     0.2049     0.1278     0.2115 4.1662e-01     7.2570      3.085      4.474    13.1004 0.0000e+00
      3.173      0.109    -0.0181      0.660     46.806  35.093514     4.2300     0.1897     0.1278     0.2115 4.2716e-01     7.2420      3.112      4.513    13.0006 0.0000e+00
      3.201      0.108     0.0008      0.888     46.733  34.909061     4.2300     0.1859     0.1278     0.2115 4.0291e-01     7.2570      3.139      4.553    12.8892 0.0000e+00
      3.229      0.107     0.0228      1.127     46.690  34.754172     4.3200     0.1897     0.1704     0.2961 3.8276e-01     9.1057      3.166      4.593    12.7625 0.0000e+00
      3.257      0.106     0.0465      1.397     46.680  34.635068     4.3200     0.2049     0.1704     0.2961 3.8510e-01     9.1508      3.194      4.632    12.6249 0.0000e+00
      3.284      0.103     0.0709      1.729     46.677  34.537811     4.3200     0.2049     0.1704     0.2961 3.9330e-01     9.1057      3.220      4.671    12.4839 0.0000e+00
      3.311      0.099     0.0956      2.177     46.651  34.440422     4.3200     0.1859     0.1704     0.2961 3.6103e-01     9.1057      3.246      4.709    12.3453 0.0000e+00
      3.336      0.094     0.1215      2.817     46.594  34.328812     4.2300     0.1363     0.2556     0.1692 3.2541e-01     9.0907      3.271      4.744    12.2138 0.0000e+00
      3.359      0.089     0.1510      3.736     46.507  34.196983     4.2300     0.1172     0.2556     0.1692 3.3781e-01     9.0907      3.294      4.778    12.0948 0.0000e+00
      3.381      0.084     0.1872      5.020     46.427  34.067211     4.2300     0.1286     0.2556     0.1692 3.4945e-01     9.1508      3.315      4.809    11.9933 0.0000e+00
      3.401      0.078     0.2361      6.736     46.393  33.972223     4.2300     0.1363     0.2556     0.1692 3.3576e-01     9.1809      3.335      4.838    11.9091 0.0000e+00
      3.421      0.072     0.3060      8.941     46.379  33.900547     4.2300     0.1210     0.2556     0.1692 3.1300e-01     8.1137      3.354      4.865    11.8348 0.0000e+00
      3.438      0.065     0.4064     11.694     46.338  33.821186     4.1400     0.1286     0.2130     0.1692 3.2619e-01     8.1588      3.372      4.891    11.7615 0.0000e+00
      3.455      0.059     0.5468     15.033     46.265  33.728819     4.1400     0.1286     0.2130     0.1692 2.9484e-01     8.1137      3.388      4.914    11.6855 0.0000e+00
      3.469      0.052     0.7344     18.930     46.194  33.644363     4.1400     0.1592     0.2130     0.1692 3.2183e-01     8.1889      3.402      4.934    11.6104 0.0000e+00
      3.481      0.046     0.9757     23.268     46.186  33.612628     4.1400     0.1019     0.2130     0.1692 2.9484e-01     7.2420      3.414      4.951    11.5439 0.0000e+00
      3.492      0.039     1.2769     27.866     46.258  33.654855     3.8700     0.1286     0.1704     0.0846 3.3083e-01     7.1668      3.424      4.966    11.4908 0.0000e+00
      3.501      0.033     1.6423     32.544     46.365  33.746656     3.8700     0.1477     0.1704     0.0846 2.7396e-01     7.2119      3.433      4.979    11.4486 0.0000e+00
      3.508      0.028     2.0688     37.152     46.485  33.870925     3.8700     0.1363     0.1704     0.0846 3.0962e-01     7.2420      3.440      4.990    11.4129 0.0000e+00
      3.514      0.024     2.5435     41.508     46.603  34.013271     3.8700     0.1592     0.1704     0.0846 2.8090e-01     6.4604      3.446      4.999    11.3851 0.0000e+00
      3.519      0.020     3.0455     45.338     46.683  34.136402     3.9600     0.1859     0.1704     0.1692 2.8083e-01     6.3853      3.451      5.006    11.3742 0.0000e+00
      3.524      0.017     3.5545     48.311     46.718  34.225625     3.9600     0.1935     0.1704     0.1692 2.9696e-01     6.5055      3.455      5.012    11.3888 0.0000e+00
      3.527      0.014     4.0533     50.121     46.740  34.294833     3.9600     0.1821     0.1704     0.1692 3.2232e-01     6.5356      3.459      5.017    11.4290 0.0000e+00
      3.530      0.012     4.5221     50.533     46.751  34.346640     3.9600     0.2011     0.1704     0.1692 3.2120e-01     7.4674      3.462      5.021    11.4889 0.0000e+00
      3.533      0.011     4.9317     49.425     46.754  34.382981     4.1400     0.1859     0.2130     0.1692 2.8065e-01     7.4374      3.465      5.025    11.5588 0.0000e+00
      3.536      0.011     5.2478     46.830     46.753  34.409585     4.1400     0.1706     0.2130     0.1692 3.3423e-01     7.4674      3.467      5.029    11.6266 0.0000e+00
      3.538      0.010     5.4381     42.970     46.741  34.421665     4.1400     0.1973     0.2130     0.1692 3.2442e-01     7.4674      3.470      5.032    11.6841 0.0000e+00
      3.541      0.010     5.4780     38.216     46.713  34.414521     4.1400     0.1782     0.2130     0.1692 3.1870e-01     7.9033      3.472      5.036    11.7303 0.0000e+00
