Data/DataNotYetUploadedToEDI/Raw_CTD/RawDownloads/062723_fcrXX_S8188019.cnv
* Sea-Bird SBE19plus  Data File:
* FileName = C:\R\Reservoirs\Data\DataNotYetUploadedToEDI\Raw_CTD\RawDownloads\062623_fcr50_S8188_0019.hex
* Software version 2.8.0.119
* Temperature SN = 8188
* Conductivity SN = 8188
* System UpLoad Time = Jul 03 2023 16:35:11
* <ApplicationData>
* <Seaterm232>
# nquan = 16
# nvalues = 742                         
# units = specified
# name 0 = depFM: Depth [fresh water, m]
# name 1 = dz/dtM: Descent Rate [m/s]
# name 2 = sbeox0Mg/L: Oxygen, SBE 43 [mg/l]
# name 3 = sbeox0PS: Oxygen, SBE 43 [% saturation]
# name 4 = specc: Specific Conductance [uS/cm]
# name 5 = c0uS/cm: Conductivity [uS/cm]
# name 6 = wetCDOM: Fluorescence, WET Labs CDOM [mg/m^3]
# name 7 = flECO-AFL: Fluorescence, WET Labs ECO-AFL/FL [mg/m^3]
# name 8 = flECO-AFL1: Fluorescence, WET Labs ECO-AFL/FL, 2 [mg/m^3]
# name 9 = flECO-AFL2: Fluorescence, WET Labs ECO-AFL/FL, 3 [mg/m^3]
# name 10 = par/sat/log: PAR/Logarithmic, Satlantic
# name 11 = turbWETntu0: Turbidity, WET Labs ECO [NTU]
# name 12 = prdM: Pressure, Strain Gauge [db]
# name 13 = prdE: Pressure, Strain Gauge [psi]
# name 14 = tv290C: Temperature [ITS-90, deg C]
# name 15 = flag:  0.000e+00
# span 0 =     -0.723,      9.088       
# span 1 =     -0.282,      0.425       
# span 2 =    -0.0387,    17.8639       
# span 3 =     -0.366,    210.446       
# span 4 =      1.660,     55.235       
# span 5 =   1.453874,  48.107112       
# span 6 =    -4.5000,    13.4100       
# span 7 =    -0.1651,     3.9434       
# span 8 =    -2.1300,     1.7892       
# span 9 =    -2.0304,    20.8116       
# span 10 = 1.1587e-01, 4.9722e+02      
# span 11 =    -0.4835,   172.0174      
# span 12 =     -0.709,      8.912      
# span 13 =     -1.028,     12.927      
# span 14 =    10.6065,    24.4167      
# span 15 = 0.0000e+00, 0.0000e+00      
# interval = seconds: 0.25
# start_time = Jun 27 2023 15:59:08 [Instrument's time stamp, header]
# bad_flag = -9.990e-29
*END*
[from data line 181]
     -0.077      0.036    14.4355    166.769     48.916  47.520747     6.9300     3.2148     0.4686    20.0925 2.2510e+02    21.8513     -0.075     -0.110    23.7378 0.0000e+00
     -0.069      0.045    14.3041    166.382     48.844  47.335090     6.9300     3.1576     0.4686    20.0925 2.1873e+02    21.9114     -0.067     -0.098    23.7216 0.0000e+00
     -0.057      0.054    14.2163    166.072     48.827  47.190574     6.8400     3.2072     0.4686    19.2888 1.6000e+02    21.9264     -0.055     -0.081    23.6973 0.0000e+00
     -0.040      0.063    14.1684    166.033     48.795  47.040728     6.8400     3.6192     0.4686    19.2888 1.0820e+02    23.5497     -0.039     -0.057    23.6507 0.0000e+00
     -0.021      0.072    14.1509    166.478     48.719  46.857475     6.8400     3.6230     0.4686    19.2888 1.0096e+02    23.5948     -0.020     -0.029    23.5671 0.0000e+00
     -0.000      0.079    14.1497    167.429     48.605  46.641486     6.8400     3.6382     0.4686    19.2888 8.8791e+01    23.7000      0.000      0.000    23.4488 0.0000e+00
      0.021      0.084    14.1583    168.743     48.475  46.410461     6.9300     3.6077     0.4686    20.1771 8.6055e+01    23.5948      0.021      0.030    23.3182 0.0000e+00
      0.043      0.089    14.1883    170.224     48.366  46.197903     6.9300     3.8175     0.4686    20.1771 7.6162e+01    23.8353      0.042      0.061    23.1953 0.0000e+00
      0.065      0.092    14.2571    171.698     48.276  46.010535     6.9300     3.7984     0.4686    20.1771 7.0309e+01    23.8803      0.064      0.093    23.0826 0.0000e+00
      0.090      0.094    14.3686    173.029     48.179  45.830090     6.9300     3.7756     0.4686    20.1771 5.3737e+01    23.9254      0.088      0.128    22.9735 0.0000e+00
      0.115      0.096    14.5119    174.092     48.066  45.648077     7.1100     3.7946     0.4686    20.6847 4.4029e+01    23.7601      0.113      0.164    22.8633 0.0000e+00
      0.141      0.097    14.6702    174.786     47.945  45.469456     7.1100     3.8938     0.4686    20.6847 3.8329e+01    23.1138      0.138      0.201    22.7523 0.0000e+00
      0.166      0.097    14.8268    175.091     47.837  45.311982     7.1100     3.9358     0.4686    20.6847 3.5016e+01    22.9785      0.163      0.236    22.6473 0.0000e+00
      0.190      0.097    14.9676    175.089     47.736  45.167345     7.1100     3.9434     0.4686    20.6847 3.5684e+01    23.1890      0.186      0.271    22.5551 0.0000e+00
      0.214      0.097    15.0815    174.885     47.611  45.004897     7.1100     3.9243     0.4686    20.5155 3.2339e+01    23.1589      0.210      0.305    22.4776 0.0000e+00
      0.239      0.097    15.1603    174.553     47.448  44.807079     7.1100     3.8671     0.4686    20.5155 2.8528e+01    24.2260      0.234      0.340    22.4120 0.0000e+00
      0.264      0.098    15.2033    174.121     47.219  44.542932     7.1100     3.8442     0.4686    20.5155 2.6284e+01    24.3763      0.259      0.375    22.3543 0.0000e+00
      0.289      0.099    15.2178    173.566     46.865  44.153905     7.1100     3.8366     0.4686    20.5155 2.2600e+01    24.2711      0.283      0.411    22.3028 0.0000e+00
      0.314      0.100    15.2136    172.842     46.343  43.589755     7.1100     3.8633     0.4686    20.5155 2.0886e+01    24.3162      0.308      0.447    22.2555 0.0000e+00
      0.339      0.102    15.1984    171.873     45.658  42.850621     7.2000     3.7450     0.4686    20.8116 2.1164e+01    22.1218      0.333      0.483    22.2080 0.0000e+00
      0.365      0.104    15.1756    170.540     44.935  42.054418     7.2000     3.7298     0.4686    20.8116 1.9602e+01    22.1218      0.358      0.519    22.1562 0.0000e+00
      0.392      0.106    15.1448    168.678     44.358  41.385052     7.2000     3.7298     0.4686    20.8116 1.6891e+01    22.0166      0.384      0.557    22.0950 0.0000e+00
      0.420      0.108    15.1044    166.095     43.956  40.885904     7.2000     3.7603     0.4686    20.8116 1.4666e+01    22.1519      0.412      0.597    22.0149 0.0000e+00
      0.448      0.109    15.0500    162.641     43.624  40.467443     7.2000     3.3063     0.4260    20.0502 1.2227e+01    16.5456      0.440      0.638    21.9087 0.0000e+00
      0.477      0.109    14.9703    158.313     43.285  40.059676     7.2000     3.3369     0.4260    20.0502 1.0697e+01    16.3953      0.468      0.679    21.7777 0.0000e+00
      0.505      0.109    14.8476    153.332     42.878  39.599424     7.2000     3.2873     0.4260    20.0502 9.7770e+00    16.3352      0.495      0.719    21.6330 0.0000e+00
      0.532      0.109    14.6594    148.067     42.323  39.003570     7.2000     3.3063     0.4260    20.0502 9.4102e+00    16.4555      0.522      0.757    21.4920 0.0000e+00
      0.558      0.110    14.3884    142.848     41.634  38.277632     6.4800     3.0050     0.3834    16.8777 9.1104e+00    16.0346      0.547      0.794    21.3675 0.0000e+00
      0.585      0.112    14.0341    137.823     40.929  37.529107     6.4800     3.0050     0.3834    16.8777 8.7476e+00    16.0647      0.574      0.832    21.2595 0.0000e+00
      0.614      0.115    13.6179    132.932     40.322  36.865401     6.4800     2.9783     0.3834    16.8777 7.2597e+00    16.0346      0.602      0.873    21.1609 0.0000e+00
      0.645      0.119    13.1750    127.906     39.849  36.323431     6.4800     2.9935     0.3834    16.8777 5.7549e+00    15.8843      0.632      0.917    21.0615 0.0000e+00
      0.676      0.122    12.7369    122.329     39.462  35.859676     6.4800     2.9363     0.3834    16.8777 5.2666e+00    12.1418      0.663      0.962    20.9517 0.0000e+00
      0.708      0.125    12.3174    115.825     39.145  35.457415     6.2100     2.9287     0.2982    15.1857 4.7511e+00    12.2621      0.694      1.007    20.8291 0.0000e+00
      0.740      0.127    11.9099    108.288     38.919  35.136124     6.2100     2.9630     0.2982    15.1857 4.7398e+00    12.1268      0.725      1.052    20.6972 0.0000e+00
      0.772      0.129    11.4889     99.908     38.781  34.893302     6.2100     2.9478     0.2982    15.1857 4.0923e+00    12.1869      0.757      1.098    20.5608 0.0000e+00
      0.806      0.130    11.0163     91.033     38.746  34.741429     6.2100     2.5739     0.2982    15.1857 3.4543e+00     7.7680      0.790      1.146    20.4215 0.0000e+00
      0.840      0.131    10.4580     82.043     38.835  34.695452     5.7600     2.5586     0.2556    11.2095 2.9565e+00     7.6628      0.823      1.194    20.2778 0.0000e+00
      0.874      0.130     9.8036     73.277     39.020  34.733204     5.7600     2.5625     0.2556    11.2095 2.5688e+00     7.7380      0.857      1.243    20.1303 0.0000e+00
      0.908      0.129     9.0694     64.926     39.238  34.805333     5.7600     2.5739     0.2556    11.2095 2.2863e+00     7.7680      0.890      1.291    19.9806 0.0000e+00
      0.941      0.126     8.2868     56.972     39.437  34.867694     5.7600     2.0055     0.2556    11.2095 2.0196e+00     4.3111      0.922      1.338    19.8270 0.0000e+00
      0.973      0.123     7.4903     49.300     39.600  34.911166     5.3100     2.0093     0.1704     6.7257 1.7913e+00     4.3562      0.954      1.384    19.6677 0.0000e+00
      1.004      0.120     6.7102     41.852     39.724  34.935455     5.3100     1.9979     0.1704     6.7257 1.6177e+00     4.4314      0.984      1.428    19.5065 0.0000e+00
      1.034      0.116     5.9633     34.735     39.804  34.939112     5.3100     2.0246     0.1704     6.7257 1.4705e+00     4.3412      1.014      1.471    19.3508 0.0000e+00
      1.063      0.113     5.2477     28.231     39.852  34.931033     5.3100     1.4638     0.1704     6.7257 1.3180e+00     3.1688      1.043      1.512    19.2061 0.0000e+00
      1.091      0.111     4.5528     22.703     39.881  34.913022     4.7700     1.4562     0.1278     2.5803 1.2606e+00     3.1838      1.070      1.552    19.0778 0.0000e+00
      1.119      0.110     3.8736     18.483     39.908  34.888200     4.7700     1.4486     0.1278     2.5803 1.1929e+00     3.1989      1.097      1.591    18.9700 0.0000e+00
      1.145      0.111     3.2207     15.787     39.936  34.849946     4.7700     1.4600     0.1278     2.5803 1.1486e+00     3.0636      1.123      1.629    18.8856 0.0000e+00
      1.172      0.114     2.6215     14.631     39.954  34.784096     4.7700     1.3189     0.1278     2.5803 1.1609e+00     2.8532      1.149      1.668    18.8219 0.0000e+00
      1.201      0.117     2.1110     14.797     39.964  34.698832     4.7700     1.3570     0.1278     2.5803 1.1176e+00     2.6879      1.177      1.708    18.7674 0.0000e+00
      1.231      0.121     1.7214     15.873     39.976  34.611022     4.6800     1.3608     0.0852     1.4805 9.9926e-01     2.7480      1.207      1.751    18.7071 0.0000e+00
      1.264      0.125     1.4735     17.380     39.993  34.530913     4.6800     1.3646     0.0852     1.4805 8.7028e-01     2.7630      1.240      1.798    18.6279 0.0000e+00
      1.298      0.128     1.3696     18.917     40.015  34.464863     4.6800     0.9565     0.0852     1.4805 7.6025e-01     2.0115      1.273      1.846    18.5261 0.0000e+00
      1.331      0.129     1.3895     20.231     40.032  34.407138     4.6800     0.9717     0.0852     1.4805 7.3093e-01     2.1317      1.305      1.894    18.4084 0.0000e+00
      1.364      0.128     1.4950     21.222     40.034  34.350264     4.5900     0.9717     0.0852     0.9729 6.5213e-01     1.9814      1.338      1.941    18.2853 0.0000e+00
      1.397      0.126     1.6411     21.923     40.036  34.304817     4.5900     0.9565     0.0852     0.9729 6.4690e-01     2.1317      1.370      1.987    18.1667 0.0000e+00
      1.429      0.124     1.7901     22.452     40.043  34.272539     4.5900     0.8496     0.0852     0.9729 6.3080e-01     1.8462      1.401      2.032    18.0605 0.0000e+00
      1.460      0.122     1.9176     22.941     40.030  34.230961     4.5900     0.8496     0.0852     0.9729 6.0201e-01     1.8612      1.432      2.077    17.9705 0.0000e+00
      1.491      0.121     2.0142     23.487     39.992  34.168993     4.5000     0.8382     0.0426     0.4653 5.8245e-01     1.8462      1.462      2.121    17.8969 0.0000e+00
      1.521      0.120     2.0830     24.132     39.943  34.093875     4.5000     0.8306     0.0426     0.4653 6.1590e-01     1.6658      1.491      2.163    17.8378 0.0000e+00
      1.550      0.121     2.1351     24.849     39.898  34.015281     4.5000     0.6703     0.0426     0.4653 6.3245e-01     1.5456      1.520      2.205    17.7908 0.0000e+00
      1.581      0.122     2.1832     25.563     39.869  33.943936     4.5000     0.6856     0.0426     0.4653 5.7042e-01     1.5456      1.550      2.248    17.7522 0.0000e+00
      1.612      0.122     2.2368     26.183     39.850  33.876658     4.4100     0.7047     0.0852     0.4653 5.1639e-01     1.5907      1.581      2.293    17.7154 0.0000e+00
      1.644      0.123     2.3002     26.634     39.817  33.795502     4.4100     0.6856     0.0852     0.4653 4.9539e-01     1.6357      1.612      2.338    17.6736 0.0000e+00
      1.677      0.123     2.3710     26.874     39.764  33.696649     4.4100     0.5635     0.0852     0.4653 5.1370e-01     1.3502      1.644      2.384    17.6233 0.0000e+00
      1.708      0.123     2.4421     26.887     39.717  33.601263     4.4100     0.5559     0.0852     0.4653 4.8359e-01     1.3351      1.675      2.430    17.5647 0.0000e+00
      1.739      0.121     2.5045     26.686     39.694  33.529455     4.4100     0.5445     0.0852     0.4653 4.7124e-01     1.3502      1.706      2.474    17.5004 0.0000e+00
      1.770      0.120     2.5510     26.314     39.688  33.477915     4.2300     0.5635     0.0426     0.2961 4.7258e-01     1.2600      1.736      2.517    17.4338 0.0000e+00
      1.800      0.119     2.5775     25.832     39.669  33.421016     4.2300     0.4338     0.0426     0.2961 4.5673e-01     1.3502      1.765      2.560    17.3660 0.0000e+00
      1.830      0.120     2.5823     25.308     39.609  33.331703     4.2300     0.4224     0.0426     0.2961 4.7083e-01     1.3051      1.794      2.603    17.2967 0.0000e+00
      1.859      0.122     2.5664     24.807     39.522  33.213882     4.2300     0.4491     0.0426     0.2961 4.8327e-01     1.2750      1.823      2.645    17.2301 0.0000e+00
      1.889      0.125     2.5336     24.369     39.432  33.085640     4.1400     0.4376     0.0000     0.2961 4.8275e-01     1.3051      1.853      2.687    17.1713 0.0000e+00
      1.921      0.130     2.4898     24.008     39.349  32.956346     4.1400     0.4911     0.0000     0.2961 4.8076e-01     1.1999      1.884      2.732    17.1204 0.0000e+00
      1.955      0.134     2.4417     23.712     39.287  32.839044     4.1400     0.5216     0.0000     0.2961 4.3051e-01     1.0646      1.917      2.780    17.0711 0.0000e+00
      1.991      0.138     2.3962     23.453     39.264  32.749979     4.1400     0.4987     0.0000     0.2961 4.0064e-01     1.1097      1.952      2.832    17.0150 0.0000e+00
      2.028      0.141     2.3572     23.202     39.285  32.695101     4.0500     0.5216     0.0852     0.2961 4.2034e-01     1.1097      1.989      2.885    16.9482 0.0000e+00
      2.065      0.143     2.3259     22.927     39.320  32.655811     4.0500     0.4224     0.0852     0.2961 3.8737e-01     1.0496      2.025      2.937    16.8724 0.0000e+00
      2.102      0.143     2.3012     22.578     39.338  32.605787     4.0500     0.4148     0.0852     0.2961 3.7863e-01     1.0947      2.061      2.990    16.7897 0.0000e+00
      2.138      0.144     2.2803     22.099     39.338  32.539610     4.0500     0.4071     0.0852     0.2961 3.7437e-01     1.1097      2.097      3.042    16.7008 0.0000e+00
      2.174      0.146     2.2601     21.453     39.342  32.467355     4.0500     0.4376     0.0852     0.2961 3.2246e-01     1.1097      2.132      3.093    16.6096 0.0000e+00
      2.210      0.150     2.2373     20.627     39.358  32.397473     3.9600     0.3652     0.0426     0.2961 3.6158e-01     1.3051      2.168      3.144    16.5223 0.0000e+00
      2.248      0.155     2.2069     19.619     39.386  32.331129     3.9600     0.3461     0.0426     0.2961 3.6339e-01     1.3051      2.204      3.197    16.4399 0.0000e+00
      2.288      0.162     2.1637     18.441     39.437  32.280331     3.9600     0.4071     0.0426     0.2961 3.5273e-01     1.3502      2.244      3.254    16.3551 0.0000e+00
      2.330      0.169     2.1043     17.123     39.533  32.263212     3.9600     0.3728     0.0426     0.2961 3.2527e-01     1.2450      2.285      3.314    16.2601 0.0000e+00
      2.375      0.176     2.0274     15.710     39.655  32.263323     3.8700     0.3423     0.0426     0.1692 3.1573e-01     2.1167      2.329      3.377    16.1541 0.0000e+00
      2.421      0.182     1.9326     14.252     39.763  32.249007     3.8700     0.3919     0.0426     0.1692 2.9819e-01     2.0566      2.374      3.444    16.0415 0.0000e+00
      2.469      0.184     1.8207     12.778     39.855  32.224363     3.8700     0.3919     0.0426     0.1692 3.3343e-01     2.0416      2.422      3.512    15.9245 0.0000e+00
      2.519      0.182     1.6945     11.294     39.951  32.214497     3.8700     0.3881     0.0426     0.1692 2.6848e-01     2.0866      2.470      3.582    15.8036 0.0000e+00
      2.568      0.177     1.5585      9.801     40.043  32.220735     3.7800     0.3079     0.0000     0.2115 2.4780e-01     2.5225      2.518      3.652    15.6785 0.0000e+00
      2.615      0.168     1.4174      8.321     40.105  32.220975     3.7800     0.3079     0.0000     0.2115 2.4763e-01     2.5676      2.564      3.719    15.5502 0.0000e+00
      2.657      0.159     1.2741      6.896     40.134  32.201420     3.7800     0.3232     0.0000     0.2115 2.4990e-01     2.5225      2.605      3.779    15.4250 0.0000e+00
