Data/DataNotYetUploadedToEDI/Raw_CTD/RawDownloads/062723_fcrXX_S8188010.cnv
* Sea-Bird SBE19plus  Data File:
* FileName = C:\R\Reservoirs\Data\DataNotYetUploadedToEDI\Raw_CTD\RawDownloads\062623_fcr50_S8188_0010.hex
* Software version 2.8.0.119
* Temperature SN = 8188
* Conductivity SN = 8188
* System UpLoad Time = Jul 03 2023 16:33:13
* <ApplicationData>
* <Seaterm232>
# nquan = 16
# nvalues = 799                         
# units = specified
# name 0 = depFM: Depth [fresh water, m]
# name 1 = dz/dtM: Descent Rate [m/s]
# name 2 = sbeox0Mg/L: Oxygen, SBE 43 [mg/l]
# name 3 = sbeox0PS: Oxygen, SBE 43 [% saturation]
# name 4 = specc: Specific Conductance [uS/cm]
# name 5 = c0uS/cm: Conductivity [uS/cm]
# name 6 = wetCDOM: Fluorescence, WET Labs CDOM [mg/m^3]
# name 7 = flECO-AFL: Fluorescence, WET Labs ECO-AFL/FL [mg/m^3]
# name 8 = flECO-AFL1: Fluorescence, WET Labs ECO-AFL/FL, 2 [mg/m^3]
# name 9 = flECO-AFL2: Fluorescence, WET Labs ECO-AFL/FL, 3 [mg/m^3]
# name 10 = par/sat/log: PAR/Logarithmic, Satlantic
# name 11 = turbWETntu0: Turbidity, WET Labs ECO [NTU]
# name 12 = prdM: Pressure, Strain Gauge [db]
# name 13 = prdE: Pressure, Strain Gauge [psi]
# name 14 = tv290C: Temperature [ITS-90, deg C]
# name 15 = flag:  0.000e+00
# span 0 =     -0.724,      8.030       
# span 1 =     -0.460,      0.143       
# span 2 =    -0.8955,    15.3002       
# span 3 =     -9.013,    182.837       
# span 4 =     -3.625,     61.963       
# span 5 =  -3.188353,  48.061474       
# span 6 =    -4.5000,     7.0200       
# span 7 =    -0.1460,     3.7641       
# span 8 =    -2.1300,     1.4484       
# span 9 =    -2.0304,    21.6576       
# span 10 = 1.1587e-01, 1.1632e+03      
# span 11 =    -0.4985,   154.1916      
# span 12 =     -0.710,      7.874      
# span 13 =     -1.029,     11.421      
# span 14 =    10.5158,    24.5655      
# span 15 = 0.0000e+00, 0.0000e+00      
# interval = seconds: 0.25
# start_time = Jun 27 2023 13:56:43 [Instrument's time stamp, header]
# bad_flag = -9.990e-29
*END*
[from data line 724]
      6.078     -0.280     9.0024     82.286     45.678  32.510744     4.5900     0.1973     0.4260     0.2115 1.1590e-01    19.4314      5.961      8.646    10.5832 0.0000e+00
      6.002     -0.275     9.0619     82.363     45.641  32.484336     4.5900     0.1782     0.4260     0.2115 1.1620e-01    19.4465      5.886      8.537    10.5836 0.0000e+00
      5.930     -0.270     9.1077     82.345     45.619  32.468628     4.5900     0.1325     0.4260     0.2115 1.1612e-01     6.8813      5.815      8.434    10.5841 0.0000e+00
      5.863     -0.264     9.1404     82.242     45.617  32.467351     4.5900     0.1477     0.4260     0.2115 1.1612e-01     7.0466      5.750      8.340    10.5846 0.0000e+00
      5.801     -0.259     9.1606     82.066     45.617  32.468283     4.3200     0.1210     0.2982     0.2538 1.1612e-01     6.9865      5.689      8.251    10.5848 0.0000e+00
      5.739     -0.254     9.1692     81.835     45.599  32.455831     4.3200     0.1363     0.2982     0.2538 1.1623e-01     6.9564      5.629      8.164    10.5847 0.0000e+00
      5.675     -0.250     9.1672     81.574     45.569  32.434596     4.3200     0.1477     0.2982     0.2538 1.1610e-01     5.9494      5.565      8.072    10.5846 0.0000e+00
      5.608     -0.247     9.1558     81.302     45.546  32.418717     4.3200     0.1248     0.2982     0.2538 1.1623e-01     6.0997      5.499      7.976    10.5847 0.0000e+00
      5.542     -0.245     9.1361     81.036     45.537  32.411882     4.3200     0.1096     0.2982     0.2538 1.1617e-01     5.9795      5.435      7.883    10.5851 0.0000e+00
      5.481     -0.245     9.1103     80.785     45.538  32.412267     4.0500     0.1401     0.1704     0.1692 1.1600e-01     6.1899      5.375      7.796    10.5858 0.0000e+00
      5.423     -0.248     9.0811     80.547     45.543  32.416015     4.0500     0.1515     0.1704     0.1692 1.1617e-01     5.3482      5.319      7.714    10.5861 0.0000e+00
      5.365     -0.256     9.0508     80.323     45.548  32.420164     4.0500     0.0981     0.1704     0.1692 1.1623e-01     5.3332      5.262      7.631    10.5861 0.0000e+00
      5.302     -0.267     9.0213     80.113     45.555  32.425822     4.0500     0.1096     0.1704     0.1692 1.1587e-01     5.2580      5.200      7.542    10.5858 0.0000e+00
      5.232     -0.281     8.9935     79.913     45.566  32.434497     3.8700     0.1439     0.1704     0.0846 1.1610e-01     5.3181      5.131      7.442    10.5857 0.0000e+00
      5.155     -0.297     8.9669     79.722     45.590  32.452464     3.8700     0.1439     0.1704     0.0846 1.1607e-01     5.8141      5.056      7.332    10.5860 0.0000e+00
      5.075     -0.314     8.9418     79.538     45.623  32.476592     3.8700     0.1477     0.1704     0.0846 1.1612e-01     5.8292      4.977      7.218    10.5866 0.0000e+00
      4.994     -0.332     8.9183     79.361     45.640  32.489551     3.8700     0.1363     0.1704     0.0846 1.1602e-01     5.6638      4.898      7.103    10.5875 0.0000e+00
      4.910     -0.349     8.8958     79.200     45.635  32.486878     3.8700     0.1325     0.1278     0.1692 1.1615e-01     5.7540      4.816      6.984    10.5883 0.0000e+00
      4.821     -0.367     8.8744     79.055     45.617  32.475779     3.8700     0.1286     0.1278     0.1692 1.1602e-01     7.0165      4.729      6.858    10.5890 0.0000e+00
      4.725     -0.385     8.8537     78.923     45.593  32.461218     3.8700     0.1248     0.1278     0.1692 1.1625e-01     6.9564      4.634      6.721    10.5896 0.0000e+00
      4.622     -0.403     8.8339     78.806     45.575  32.451193     3.8700     0.1286     0.1278     0.1692 1.2892e-01     6.9865      4.533      6.574    10.5905 0.0000e+00
      4.515     -0.418     8.8157     78.703     45.564  32.446991     3.8700     0.1248     0.1278     0.0846 1.3558e-01     6.9714      4.427      6.421    10.5919 0.0000e+00
      4.404     -0.430     8.7991     78.615     45.559  32.447492     3.8700     0.1554     0.1278     0.0846 1.6295e-01     6.0245      4.319      6.264    10.5939 0.0000e+00
      4.292     -0.438     8.7840     78.541     45.569  32.460751     3.8700     0.1286     0.1278     0.0846 1.9579e-01     6.0847      4.209      6.104    10.5964 0.0000e+00
      4.178     -0.443     8.7704     78.469     45.588  32.482381     3.8700     0.1096     0.1278     0.0846 2.3808e-01     5.9945      4.098      5.943    10.5995 0.0000e+00
      4.065     -0.447     8.7582     78.385     45.611  32.510232     3.8700     0.0981     0.1278     0.0846 2.9780e-01     6.1298      3.986      5.782    10.6032 0.0000e+00
      3.951     -0.450     8.7475     78.272     45.651  32.555690     3.8700     0.1325     0.1278     0.0846 3.5358e-01     5.2580      3.875      5.619    10.6079 0.0000e+00
      3.836     -0.452     8.7379     78.097     45.717  32.626917     3.8700     0.1248     0.1278     0.0846 3.6387e-01     5.2580      3.762      5.456    10.6143 0.0000e+00
      3.720     -0.455     8.7282     77.818     45.834  32.742908     3.8700     0.1401     0.1278     0.0846 4.7753e-01     5.2730      3.648      5.291    10.6232 0.0000e+00
      3.603     -0.456     8.7165     77.376     46.007  32.912810     3.8700     0.1439     0.1278     0.0846 5.2819e-01     5.2730      3.534      5.125    10.6358 0.0000e+00
      3.486     -0.458     8.7005     76.690     46.211  33.122525     3.8700     0.1286     0.1278     0.1269 6.0476e-01     5.4684      3.419      4.959    10.6540 0.0000e+00
      3.369     -0.458     8.6763     75.657     46.438  33.368568     3.8700     0.1363     0.1278     0.1269 6.2984e-01     5.6338      3.304      4.793    10.6796 0.0000e+00
      3.253     -0.458     8.6388     74.145     46.715  33.672985     3.8700     0.1210     0.1278     0.1269 7.1305e-01     5.5586      3.190      4.626    10.7152 0.0000e+00
      3.136     -0.458     8.5808     72.001     47.045  34.045663     3.8700     0.1210     0.1278     0.1269 8.4604e-01     5.4384      3.075      4.460    10.7650 0.0000e+00
      3.019     -0.458     8.4929     69.088     47.322  34.419631     4.1400     0.1744     0.1704     0.1692 9.5780e-01     6.4754      2.960      4.294    10.8332 0.0000e+00
      2.903     -0.459     8.3635     65.314     47.387  34.680731     4.1400     0.1859     0.1704     0.1692 1.0893e+00     6.4454      2.846      4.128    10.9225 0.0000e+00
      2.786     -0.459     8.1781     60.602     47.164  34.759961     4.1400     0.1935     0.1704     0.1692 1.1617e+00     6.4754      2.732      3.963    11.0358 0.0000e+00
      2.669     -0.459     7.9194     54.864     46.717  34.686381     4.1400     0.2126     0.1704     0.1692 1.3001e+00     6.4905      2.617      3.796    11.1806 0.0000e+00
      2.551     -0.459     7.5720     48.053     46.160  34.537425     4.2300     0.2431     0.1278     0.1692 1.4740e+00     4.7470      2.502      3.629    11.3676 0.0000e+00
      2.434     -0.460     7.1270     40.248     45.551  34.354582     4.2300     0.2355     0.1278     0.1692 1.5412e+00     4.7620      2.387      3.462    11.5989 0.0000e+00
      2.318     -0.460     6.5805     31.706     44.924  34.160399     4.2300     0.2736     0.1278     0.1692 1.6797e+00     4.7320      2.273      3.296    11.8624 0.0000e+00
      2.200     -0.460     5.9279     22.842     44.304  33.966478     4.2300     0.2507     0.1278     0.1692 1.8954e+00     4.8522      2.158      3.130    12.1423 0.0000e+00
      2.083     -0.460     5.1673     14.183     43.688  33.776568     4.2300     0.3232     0.1278     0.1692 2.1070e+00     3.0486      2.042      2.962    12.4333 0.0000e+00
      1.965     -0.460     4.3089      6.312     43.100  33.619248     3.9600     0.3232     0.1278     0.4653 2.3361e+00     2.8682      1.927      2.795    12.7364 0.0000e+00
      1.848     -0.460     3.3821     -0.247     42.575  33.521891     3.9600     0.3003     0.1278     0.4653 2.5693e+00     2.9434      1.812      2.629    13.0481 0.0000e+00
      1.731     -0.458     2.4321     -5.111     42.141  33.496172     3.9600     0.3270     0.1278     0.4653 2.9062e+00     2.9434      1.698      2.462    13.3627 0.0000e+00
      1.614     -0.457     1.5143     -8.049     41.789  33.533265     3.9600     0.3881     0.1278     0.4653 3.2966e+00     1.6357      1.583      2.296    13.6860 0.0000e+00
      1.497     -0.455     0.6880     -9.013     41.481  33.605445     3.9600     0.3537     0.0852     0.2115 3.7127e+00     1.5756      1.468      2.130    14.0305 0.0000e+00
      1.382     -0.454     0.0058     -8.157     41.205  33.694346     3.9600     0.3995     0.0852     0.2115 4.1840e+00     1.4854      1.355      1.965    14.3948 0.0000e+00
      1.267     -0.451    -0.4957     -5.750     40.967  33.793983     3.9600     0.3766     0.0852     0.2115 5.3531e+00     1.6057      1.242      1.802    14.7669 0.0000e+00
      1.152     -0.448    -0.7965     -2.075     40.778  33.915093     3.9600     0.6208     0.0852     0.2115 6.7986e+00     2.5225      1.130      1.639    15.1434 0.0000e+00
      1.038     -0.445    -0.8955      2.596     40.621  34.056314     4.4100     0.6017     0.0852     0.5076 8.3883e+00     2.4925      1.018      1.476    15.5248 0.0000e+00
      0.925     -0.440    -0.8122      8.006     40.458  34.195901     4.4100     0.6208     0.0852     0.5076 1.0543e+01     2.4624      0.907      1.315    15.9008 0.0000e+00
      0.813     -0.434    -0.5773     13.941     40.313  34.355245     4.4100     0.6208     0.0852     0.5076 1.6467e+01     2.4925      0.798      1.157    16.2576 0.0000e+00
      0.703     -0.425    -0.2214     20.273     40.256  34.596652     4.4100     1.3570     0.0852     0.5076 2.4476e+01     4.5666      0.689      1.000    16.5943 0.0000e+00
      0.595     -0.415     0.2267     26.975     40.325  34.966683     4.7700     1.3379     0.1278     1.6920 3.3258e+01     4.6568      0.583      0.846    16.9260 0.0000e+00
      0.490     -0.401     0.7404     34.115     40.469  35.433313     4.7700     1.3265     0.1278     1.6920 4.2110e+01     4.5817      0.480      0.697    17.2653 0.0000e+00
      0.389     -0.386     1.2973     41.874     40.520  35.843719     4.7700     1.3494     0.1278     1.6920 6.5872e+01     4.5967      0.382      0.554    17.6117 0.0000e+00
      0.294     -0.369     1.8836     50.535     40.404  36.093464     4.7700     2.2802     0.1278     1.6920 8.9683e+01     9.8572      0.288      0.418    17.9688 0.0000e+00
      0.204     -0.354     2.4947     60.359     40.261  36.266993     4.7700     2.2268     0.1278     1.6920 1.1842e+02     9.8121      0.200      0.290    18.3519 0.0000e+00
      0.120     -0.344     3.1348     71.345     40.230  36.489816     5.7600     2.2687     0.2130     8.4600 1.1350e+02     9.7971      0.118      0.171    18.7746 0.0000e+00
      0.042     -0.338     3.8199     83.028     40.304  36.789669     5.7600     2.2725     0.2130     8.4600 1.0634e+02     9.7520      0.041      0.059    19.2292 0.0000e+00
     -0.036     -0.335     4.5781     94.521     40.127  36.876113     5.7600     2.2229     0.2130     8.4600 1.2763e+02    10.7290     -0.035     -0.051    19.6696 0.0000e+00
     -0.115     -0.334     5.4367    104.864     39.212  36.288905     5.7600     2.2077     0.2130     8.4600 3.9432e+02    10.7741     -0.113     -0.163    20.0463 0.0000e+00
     -0.197     -0.332     6.3956    113.315     37.382  34.808099     6.1200     2.2039     0.3408    13.7898 4.1318e+02    10.8342     -0.193     -0.280    20.3597 0.0000e+00
     -0.278     -0.327     7.4082    119.433     34.382  32.153722     6.1200     2.2077     0.3408    13.7898 5.4949e+02    10.7440     -0.273     -0.396    20.6545 0.0000e+00
     -0.355     -0.318     8.3893    123.133     29.536  27.689257     6.1200     2.0742     0.3408    13.7898 7.1973e+02    16.6809     -0.349     -0.506    20.9744 0.0000e+00
     -0.423     -0.304     9.2563    124.702     23.014  21.596272     6.1200     2.0856     0.3408    13.7898 5.7790e+02    16.7561     -0.415     -0.602    21.3081 0.0000e+00
     -0.480     -0.290     9.9569    124.727     16.873  15.836629     6.2100     2.0894     0.3408    15.2703 6.7960e+02    16.7110     -0.471     -0.682    21.5946 0.0000e+00
     -0.526     -0.278    10.4636    124.060     13.021  12.220569     6.2100     2.1161     0.3408    15.2703 6.2222e+02    16.7110     -0.516     -0.748    21.7917 0.0000e+00
     -0.563     -0.273    10.7731    123.677     11.778  11.053687     6.2100    -0.0506     0.3408    15.2703 3.7584e+02     0.2680     -0.552     -0.800    21.8970 0.0000e+00
     -0.590 -9.990e-29    10.9080 -9.990e-29 -9.990e-29 -9.990e-29     6.2100 -9.990e-29     0.3408    15.2703 3.0700e+02 -9.990e-29     -0.579     -0.839    21.9321 0.0000e+00
     -0.608 -9.990e-29    10.9136 -9.990e-29 -9.990e-29 -9.990e-29     2.2500 -9.990e-29     0.2556     5.9643 2.9375e+02 -9.990e-29     -0.596     -0.864    21.9297 0.0000e+00
     -0.619 -9.990e-29    10.8597 -9.990e-29 -9.990e-29 -9.990e-29     2.2500 -9.990e-29     0.2556     5.9643 3.0053e+02 -9.990e-29     -0.607     -0.879    21.9160 0.0000e+00
     -0.622 -9.990e-29    10.8282 -9.990e-29 -9.990e-29 -9.990e-29     2.2500 -9.990e-29     0.2556     5.9643 2.8787e+02 -9.990e-29     -0.610     -0.884    21.9087 0.0000e+00
