Data/DataNotYetUploadedToEDI/Raw_CTD/RawDownloads/062723_fcr50.4_S8188018.cnv
* Sea-Bird SBE19plus  Data File:
* FileName = C:\R\Reservoirs\Data\DataNotYetUploadedToEDI\Raw_CTD\RawDownloads\062623_fcr50_S8188_0018.hex
* Software version 2.8.0.119
* Temperature SN = 8188
* Conductivity SN = 8188
* System UpLoad Time = Jul 03 2023 16:34:58
* <ApplicationData>
* <Seaterm232>
# nquan = 16
# nvalues = 722                         
# units = specified
# name 0 = depFM: Depth [fresh water, m]
# name 1 = dz/dtM: Descent Rate [m/s]
# name 2 = sbeox0Mg/L: Oxygen, SBE 43 [mg/l]
# name 3 = sbeox0PS: Oxygen, SBE 43 [% saturation]
# name 4 = specc: Specific Conductance [uS/cm]
# name 5 = c0uS/cm: Conductivity [uS/cm]
# name 6 = wetCDOM: Fluorescence, WET Labs CDOM [mg/m^3]
# name 7 = flECO-AFL: Fluorescence, WET Labs ECO-AFL/FL [mg/m^3]
# name 8 = flECO-AFL1: Fluorescence, WET Labs ECO-AFL/FL, 2 [mg/m^3]
# name 9 = flECO-AFL2: Fluorescence, WET Labs ECO-AFL/FL, 3 [mg/m^3]
# name 10 = par/sat/log: PAR/Logarithmic, Satlantic
# name 11 = turbWETntu0: Turbidity, WET Labs ECO [NTU]
# name 12 = prdM: Pressure, Strain Gauge [db]
# name 13 = prdE: Pressure, Strain Gauge [psi]
# name 14 = tv290C: Temperature [ITS-90, deg C]
# name 15 = flag:  0.000e+00
# span 0 =     -0.722,      8.773       
# span 1 =     -0.236,      0.181       
# span 2 =    -0.3211,    17.1955       
# span 3 =     -3.123,    197.588       
# span 4 =      6.557,    257.438       
# span 5 =   5.881210, 182.955011       
# span 6 =    -4.5000,     7.5600       
# span 7 =    -0.1422,     3.5734       
# span 8 =    -2.1300,     0.7242       
# span 9 =    -2.0304,    21.9114       
# span 10 = 1.1587e-01, 5.1213e+02      
# span 11 =    -0.5136,   334.5533      
# span 12 =     -0.708,      8.603      
# span 13 =     -1.027,     12.478      
# span 14 =    10.5139,    24.9534      
# span 15 = 0.0000e+00, 0.0000e+00      
# interval = seconds: 0.25
# start_time = Jun 27 2023 15:50:22 [Instrument's time stamp, header]
# bad_flag = -9.990e-29
*END*
[from data line 362]
      5.253      0.063     9.0708     80.679     45.630  32.520155     3.7800     0.1515     0.1278     0.1269 1.1612e-01     5.0927      5.151      7.471    10.6484 0.0000e+00
      5.270      0.073     9.0304     80.603     45.640  32.522106     3.7800     0.1592     0.1278     0.1269 1.1625e-01     5.1378      5.168      7.495    10.6461 0.0000e+00
      5.290      0.082     9.0018     80.551     45.639  32.517107     3.7800     0.1325     0.1278     0.1269 1.1623e-01     5.3031      5.188      7.525    10.6429 0.0000e+00
      5.314      0.090     8.9832     80.525     45.636  32.511743     3.7800     0.1286     0.1278     0.1269 1.1638e-01     5.3482      5.211      7.558    10.6381 0.0000e+00
      5.339      0.096     8.9719     80.529     45.634  32.508547     3.7800     0.1554     0.1278     0.0846 1.1612e-01     5.3031      5.236      7.594    10.6320 0.0000e+00
      5.365      0.100     8.9647     80.561     45.627  32.502704     3.7800     0.1515     0.1278     0.0846 1.1617e-01     5.3031      5.262      7.631    10.6261 0.0000e+00
      5.391      0.104     8.9599     80.619     45.613  32.492656     3.7800     0.1363     0.1278     0.0846 1.1633e-01     5.3933      5.287      7.668    10.6215 0.0000e+00
      5.417      0.106     8.9576     80.697     45.601  32.483646     3.7800     0.1363     0.1278     0.0846 1.1605e-01     5.2279      5.313      7.705    10.6184 0.0000e+00
      5.444      0.109     8.9584     80.784     45.593  32.477231     3.7800     0.1363     0.0852     0.0846 1.1612e-01     5.2580      5.339      7.743    10.6166 0.0000e+00
      5.472      0.112     8.9622     80.865     45.592  32.475661     3.7800     0.1477     0.0852     0.0846 1.1612e-01     5.3782      5.366      7.783    10.6155 0.0000e+00
      5.501      0.115     8.9687     80.925     45.597  32.478518     3.7800     0.1210     0.0852     0.0846 1.1605e-01     5.3782      5.395      7.825    10.6149 0.0000e+00
      5.532      0.118     8.9775     80.956     45.599  32.478641     3.7800     0.1286     0.0852     0.0846 1.1620e-01     5.0776      5.425      7.868    10.6143 0.0000e+00
      5.562      0.121     8.9874     80.957     45.596  32.476065     3.7800     0.1363     0.0852     0.0846 1.1615e-01     5.0776      5.455      7.911    10.6136 0.0000e+00
      5.593      0.123     8.9966     80.940     45.600  32.478022     3.7800     0.1248     0.1278     0.0846 1.1612e-01     5.0476      5.485      7.955    10.6129 0.0000e+00
      5.625      0.124     9.0035     80.919     45.611  32.485036     3.7800     0.1286     0.1278     0.0846 1.1623e-01     5.0025      5.516      8.001    10.6120 0.0000e+00
      5.658      0.125     9.0071     80.898     45.620  32.491053     3.7800     0.1210     0.1278     0.0846 1.1630e-01     5.1378      5.548      8.047    10.6110 0.0000e+00
      5.690      0.125     9.0074     80.873     45.624  32.493720     3.7800     0.1439     0.1278     0.0846 1.1615e-01     5.0476      5.580      8.093    10.6100 0.0000e+00
      5.722      0.125     9.0057     80.846     45.625  32.493746     3.7800     0.1172     0.1278     0.0846 1.1623e-01     5.0776      5.611      8.138    10.6092 0.0000e+00
      5.753      0.126     9.0035     80.816     45.621  32.491140     3.7800     0.1439     0.1278     0.0846 1.1635e-01     5.0326      5.642      8.183    10.6085 0.0000e+00
      5.785      0.127     9.0012     80.783     45.619  32.489166     3.7800     0.1325     0.1278     0.0846 1.1617e-01     5.1979      5.673      8.228    10.6079 0.0000e+00
      5.817      0.128     8.9986     80.745     45.622  32.491259     3.7800     0.1363     0.1278     0.0846 1.1602e-01     5.2430      5.704      8.273    10.6076 0.0000e+00
      5.850      0.130     8.9955     80.697     45.620  32.490055     3.7800     0.1592     0.1278     0.2115 1.1628e-01     5.1829      5.736      8.320    10.6074 0.0000e+00
      5.883      0.133     8.9923     80.640     45.608  32.481273     3.7800     0.1286     0.1278     0.2115 1.1610e-01     4.9574      5.769      8.367    10.6073 0.0000e+00
      5.917      0.135     8.9887     80.576     45.594  32.470492     3.7800     0.1363     0.1278     0.2115 1.1610e-01     4.9875      5.802      8.416    10.6072 0.0000e+00
      5.952      0.136     8.9844     80.519     45.578  32.458798     3.7800     0.1286     0.1278     0.2115 1.1612e-01     5.0476      5.837      8.466    10.6070 0.0000e+00
      5.988      0.136     8.9792     80.478     45.567  32.450993     3.7800     0.1363     0.0852     0.0423 1.1628e-01     5.0776      5.872      8.517    10.6068 0.0000e+00
      6.023      0.135     8.9729     80.454     45.571  32.452917     3.7800     0.1515     0.0852     0.0423 1.1638e-01     5.0776      5.907      8.567    10.6064 0.0000e+00
      6.058      0.132     8.9659     80.449     45.577  32.457163     3.7800     0.1401     0.0852     0.0423 1.1610e-01     4.9875      5.941      8.617    10.6059 0.0000e+00
      6.092      0.128     8.9597     80.463     45.577  32.456940     3.7800     0.1325     0.0852     0.0423 1.1615e-01     5.1077      5.974      8.665    10.6054 0.0000e+00
      6.124      0.124     8.9552     80.494     45.576  32.456151     3.7800     0.1592     0.0852     0.0423 1.1612e-01     4.9875      6.005      8.710    10.6050 0.0000e+00
      6.154      0.120     8.9527     80.532     45.579  32.458545     3.7800     0.1286     0.1278     0.1269 1.1623e-01     5.1227      6.035      8.754    10.6046 0.0000e+00
      6.184      0.118     8.9521     80.567     45.583  32.460801     3.7800     0.1592     0.1278     0.1269 1.1623e-01     5.1678      6.064      8.795    10.6042 0.0000e+00
      6.212      0.117     8.9538     80.595     45.576  32.455599     3.7800     0.1210     0.1278     0.1269 1.1610e-01     5.0776      6.092      8.835    10.6040 0.0000e+00
      6.241      0.117     8.9572     80.618     45.562  32.445511     3.7800     0.1134     0.1278     0.1269 1.1620e-01     5.0776      6.120      8.876    10.6040 0.0000e+00
      6.271      0.117     8.9614     80.638     45.555  32.439730     3.7800     0.1210     0.1278     0.1269 1.1612e-01     5.0476      6.149      8.919    10.6040 0.0000e+00
      6.302      0.116     8.9654     80.650     45.556  32.440673     3.7800     0.1134     0.1278     0.1269 1.1628e-01     5.1077      6.180      8.963    10.6039 0.0000e+00
      6.333      0.114     8.9686     80.654     45.567  32.448594     3.7800     0.1286     0.1278     0.1269 1.1625e-01     5.0776      6.210      9.008    10.6036 0.0000e+00
      6.363      0.110     8.9712     80.654     45.580  32.457682     3.7800     0.1477     0.1278     0.1269 1.1605e-01     4.9875      6.240      9.051    10.6031 0.0000e+00
      6.392      0.104     8.9735     80.649     45.581  32.458481     3.7800     0.1286     0.0852     0.1692 1.1617e-01     5.1378      6.268      9.091    10.6027 0.0000e+00
      6.417      0.097     8.9749     80.642     45.570  32.451202     3.7800     0.1210     0.0852     0.1692 1.1623e-01     4.9875      6.293      9.127    10.6024 0.0000e+00
      6.440      0.090     8.9753     80.631     45.556  32.441826     3.7800     0.1134     0.0852     0.1692 1.1600e-01     5.0476      6.316      9.160    10.6024 0.0000e+00
      6.461      0.084     8.9752     80.617     45.541  32.431814     3.7800     0.1515     0.0852     0.1692 1.1617e-01     5.1077      6.336      9.190    10.6025 0.0000e+00
      6.481      0.081     8.9747     80.610     45.526  32.422455     3.7800     0.1668     0.0852     0.1692 1.1617e-01     5.0776      6.356      9.218    10.6028 0.0000e+00
      6.500      0.080     8.9739     80.614     45.520  32.419175     3.7800     0.1325     0.1278     0.2115 1.1628e-01     5.3782      6.374      9.245    10.6032 0.0000e+00
      6.519      0.082     8.9725     80.619     45.528  32.425061     3.7800     0.1401     0.1278     0.2115 1.1615e-01     5.2430      6.393      9.272    10.6039 0.0000e+00
      6.539      0.086     8.9706     80.612     45.541  32.433761     3.7800     0.1325     0.1278     0.2115 1.1623e-01     5.2580      6.412      9.301    10.6049 0.0000e+00
      6.561      0.092     8.9696     80.588     45.551  32.439674     3.7800     0.1248     0.1278     0.2115 1.1625e-01     5.2730      6.434      9.332    10.6062 0.0000e+00
      6.585      0.097     8.9698     80.550     45.559  32.444375     3.7800     0.1897     0.1278     0.0846 1.1620e-01     5.3332      6.458      9.367    10.6073 0.0000e+00
      6.612      0.103     8.9703     80.504     45.567  32.449119     3.7800     0.2355     0.1278     0.0846 1.1612e-01     5.3332      6.484      9.405    10.6075 0.0000e+00
      6.640      0.107     8.9698     80.457     45.577  32.455171     3.7800     0.2126     0.1278     0.0846 1.1623e-01     5.3031      6.512      9.444    10.6067 0.0000e+00
      6.668      0.111     8.9673     80.422     45.585  32.460184     3.7800     0.1897     0.1278     0.0846 1.1617e-01     5.2881      6.539      9.484    10.6055 0.0000e+00
      6.697      0.114     8.9633     80.410     45.587  32.461533     3.7800     0.1439     0.1278     0.0846 1.1617e-01     5.3332      6.567      9.525    10.6043 0.0000e+00
      6.726      0.116     8.9584     80.422     45.585  32.459580     3.7800     0.1592     0.1278     0.0846 1.1612e-01     5.3782      6.596      9.567    10.6033 0.0000e+00
      6.756      0.118     8.9534     80.458     45.582  32.457764     3.7800     0.1439     0.1278     0.0846 1.1625e-01     5.3632      6.625      9.609    10.6025 0.0000e+00
      6.786      0.120     8.9496     80.512     45.585  32.459560     3.7800     0.1515     0.1278     0.0846 1.1612e-01     5.2580      6.654      9.652    10.6019 0.0000e+00
      6.817      0.122     8.9483     80.573     45.587  32.461488     3.7800     0.1668     0.1278     0.1692 1.1612e-01     5.3332      6.685      9.696    10.6015 0.0000e+00
      6.849      0.123     8.9497     80.632     45.585  32.460100     3.7800     0.1439     0.1278     0.1692 1.1615e-01     5.2881      6.716      9.741    10.6013 0.0000e+00
      6.881      0.124     8.9538     80.681     45.584  32.458987     3.7800     0.1210     0.1278     0.1692 1.1615e-01     5.3332      6.747      9.786    10.6012 0.0000e+00
      6.912      0.124     8.9597     80.717     45.583  32.457853     3.7800     0.1210     0.1278     0.1692 1.1612e-01     5.4083      6.778      9.831    10.6012 0.0000e+00
      6.944      0.124     8.9665     80.743     45.575  32.452434     3.7800     0.1439     0.1278     0.1692 1.1617e-01     5.4233      6.809      9.876    10.6013 0.0000e+00
      6.975      0.124     8.9731     80.766     45.565  32.445246     3.8700     0.1019     0.1278     0.1269 1.1625e-01     5.3332      6.840      9.921    10.6012 0.0000e+00
      7.007      0.124     8.9785     80.783     45.556  32.438333     3.8700     0.1248     0.1278     0.1269 1.1612e-01     5.4083      6.871      9.966    10.6010 0.0000e+00
      7.038      0.125     8.9826     80.794     45.555  32.437773     3.8700     0.1134     0.1278     0.1269 1.1607e-01     5.2881      6.902     10.011    10.6008 0.0000e+00
      7.070      0.125     8.9856     80.800     45.574  32.451336     3.8700     0.1363     0.1278     0.1269 1.1623e-01     5.4534      6.933     10.056    10.6007 0.0000e+00
      7.102      0.125     8.9881     80.800     45.601  32.470758     3.7800     0.1096     0.1278     0.0846 1.1600e-01     5.3482      6.965     10.102    10.6006 0.0000e+00
      7.134      0.124     8.9901     80.792     45.621  32.485377     3.7800     0.1286     0.1278     0.0846 1.1620e-01     5.2730      6.996     10.147    10.6006 0.0000e+00
      7.166      0.124     8.9913     80.776     45.624  32.487208     3.7800     0.1363     0.1278     0.0846 1.1617e-01     5.3482      7.028     10.193    10.6006 0.0000e+00
      7.197      0.124     8.9919     80.757     45.604  32.472779     3.7800     0.1439     0.1278     0.0846 1.1628e-01     5.2580      7.058     10.237    10.6007 0.0000e+00
      7.228      0.125     8.9919     80.735     45.583  32.458046     3.8700     0.1439     0.1278     0.1692 1.1633e-01     5.3482      7.088     10.281    10.6007 0.0000e+00
      7.259      0.126     8.9910     80.712     45.579  32.454921     3.8700     0.1286     0.1278     0.1692 1.1617e-01     5.3632      7.119     10.325    10.6008 0.0000e+00
      7.292      0.128     8.9892     80.700     45.584  32.458612     3.8700     0.1248     0.1278     0.1692 1.1607e-01     5.3332      7.151     10.371    10.6008 0.0000e+00
      7.325      0.129     8.9870     80.700     45.589  32.462180     3.8700     0.1286     0.1278     0.1692 1.1623e-01     5.3632      7.183     10.418    10.6008 0.0000e+00
      7.359      0.131     8.9846     80.702     45.589  32.462618     3.7800     0.1286     0.1278     0.1692 1.1610e-01     5.3332      7.216     10.466    10.6008 0.0000e+00
      7.392      0.132     8.9821     80.696     45.585  32.460041     3.7800     0.1325     0.1278     0.1692 1.1617e-01     5.3332      7.249     10.514    10.6006 0.0000e+00
      7.426      0.132     8.9808     80.677     45.581  32.457722     3.7800     0.1286     0.1278     0.1692 1.1633e-01     5.3632      7.282     10.562    10.6005 0.0000e+00
      7.459      0.132     8.9808     80.654     45.582  32.459005     3.7800     0.1439     0.1278     0.1692 1.1612e-01     5.3332      7.315     10.609    10.6006 0.0000e+00
      7.493      0.132     8.9810     80.635     45.583  32.460270     3.7800     0.1439     0.1278     0.1692 1.1612e-01     5.3782      7.348     10.658    10.6008 0.0000e+00
      7.528      0.132     8.9802     80.623     45.584  32.461856     3.7800     0.1515     0.0852     0.1269 1.1605e-01     5.3482      7.382     10.707    10.6012 0.0000e+00
      7.561      0.133     8.9780     80.622     45.586  32.464184     3.7800     0.1439     0.0852     0.1269 1.1617e-01     5.3482      7.415     10.754    10.6017 0.0000e+00
      7.593      0.136     8.9753     80.643     45.585  32.463915     3.7800     0.1172     0.0852     0.1269 1.1612e-01     5.3031      7.446     10.800    10.6024 0.0000e+00
      7.626      0.140     8.9730     80.688     45.587  32.464938     3.7800     0.1363     0.0852     0.1269 1.1602e-01     5.3632      7.479     10.847    10.6031 0.0000e+00
      7.661      0.146     8.9715     80.747     45.592  32.467527     3.7800     0.1515     0.0852     0.1269 1.1628e-01     5.3933      7.513     10.897    10.6040 0.0000e+00
      7.699      0.153     8.9713     80.800     45.594  32.468410     3.7800     0.1325     0.0852     0.1269 1.1612e-01     5.3933      7.550     10.951    10.6049 0.0000e+00
      7.741      0.159     8.9735     80.830     45.600  32.471784     3.7800     0.1401     0.0852     0.1269 1.1607e-01     5.3031      7.591     11.010    10.6052 0.0000e+00
      7.784      0.164     8.9786     80.831     45.610  32.478548     3.7800     0.1363     0.0852     0.1269 1.1612e-01     5.4083      7.633     11.071    10.6050 0.0000e+00
      7.827      0.167     8.9853     80.801     45.617  32.482586     3.8700     0.1439     0.1278     0.1269 1.1617e-01     5.3332      7.675     11.133    10.6044 0.0000e+00
      7.871      0.169     8.9913     80.744     45.621  32.484972     3.8700     0.1439     0.1278     0.1269 1.1628e-01     5.3632      7.718     11.194    10.6036 0.0000e+00
      7.914      0.170     8.9949     80.671     45.629  32.490306     3.8700     0.1401     0.1278     0.1269 1.1638e-01     5.3632      7.761     11.256    10.6027 0.0000e+00
      7.957      0.172     8.9951     80.595     45.638  32.496047     3.8700     0.1401     0.1278     0.1269 1.1602e-01     5.3482      7.803     11.317    10.6020 0.0000e+00
