Data/DataNotYetUploadedToEDI/Raw_CTD/RawDownloads/062723_fcr50.6_S8188007.cnv
* Sea-Bird SBE19plus  Data File:
* FileName = C:\R\Reservoirs\Data\DataNotYetUploadedToEDI\Raw_CTD\RawDownloads\062623_fcr50_S8188_0007.hex
* Software version 2.8.0.119
* Temperature SN = 8188
* Conductivity SN = 8188
* System UpLoad Time = Jul 03 2023 16:32:35
* <ApplicationData>
* <Seaterm232>
# nquan = 16
# nvalues = 1208                        
# units = specified
# name 0 = depFM: Depth [fresh water, m]
# name 1 = dz/dtM: Descent Rate [m/s]
# name 2 = sbeox0Mg/L: Oxygen, SBE 43 [mg/l]
# name 3 = sbeox0PS: Oxygen, SBE 43 [% saturation]
# name 4 = specc: Specific Conductance [uS/cm]
# name 5 = c0uS/cm: Conductivity [uS/cm]
# name 6 = wetCDOM: Fluorescence, WET Labs CDOM [mg/m^3]
# name 7 = flECO-AFL: Fluorescence, WET Labs ECO-AFL/FL [mg/m^3]
# name 8 = flECO-AFL1: Fluorescence, WET Labs ECO-AFL/FL, 2 [mg/m^3]
# name 9 = flECO-AFL2: Fluorescence, WET Labs ECO-AFL/FL, 3 [mg/m^3]
# name 10 = par/sat/log: PAR/Logarithmic, Satlantic
# name 11 = turbWETntu0: Turbidity, WET Labs ECO [NTU]
# name 12 = prdM: Pressure, Strain Gauge [db]
# name 13 = prdE: Pressure, Strain Gauge [psi]
# name 14 = tv290C: Temperature [ITS-90, deg C]
# name 15 = flag:  0.000e+00
# span 0 =     -0.720,      9.223       
# span 1 =     -0.391,      0.117       
# span 2 =    -1.0543,    15.4908       
# span 3 =    -10.522,    184.484       
# span 4 =     -3.649,     48.771       
# span 5 =  -3.129125,  48.259966       
# span 6 =    -4.5000,     6.7500       
# span 7 =    -0.3139,     4.7254       
# span 8 =    -2.1300,     0.7668       
# span 9 =    -2.0304,    19.2042       
# span 10 = 1.1590e-01, 8.9793e+02      
# span 11 =    -0.5286,    44.2161      
# span 12 =     -0.706,      9.044      
# span 13 =     -1.025,     13.118      
# span 14 =    10.5944,    24.9640      
# span 15 = 0.0000e+00, 0.0000e+00      
# interval = seconds: 0.25
# start_time = Jun 27 2023 13:29:43 [Instrument's time stamp, header]
# bad_flag = -9.990e-29
*END*
[from data line 1085]
      7.841     -0.082     8.8901     79.917     45.623  32.487468     3.8700     0.1286     0.1278     0.1269 1.1628e-01     7.7380      7.690     11.153    10.5994 0.0000e+00
      7.822     -0.092     8.8896     79.939     45.626  32.489705     3.8700     0.1363     0.1278     0.1269 1.1612e-01     7.7079      7.671     11.126    10.5997 0.0000e+00
      7.800     -0.107     8.8902     79.956     45.629  32.492190     3.8700     0.1172     0.1278     0.1692 1.1617e-01    10.4735      7.649     11.094    10.6002 0.0000e+00
      7.773     -0.127     8.8915     79.956     45.628  32.491625     3.8700     0.0981     0.1278     0.1692 1.1623e-01    10.5787      7.622     11.055    10.6007 0.0000e+00
      7.739     -0.151     8.8935     79.942     45.611  32.479939     3.8700     0.1401     0.1278     0.1692 1.1617e-01    10.5486      7.589     11.007    10.6012 0.0000e+00
      7.698     -0.177     8.8959     79.921     45.585  32.461935     3.8700     0.1401     0.1278     0.1692 1.1612e-01    10.5636      7.549     10.949    10.6017 0.0000e+00
      7.650     -0.205     8.8976     79.896     45.561  32.444696     3.8700     0.1325     0.0852     0.0846 1.1600e-01     9.5115      7.502     10.881    10.6022 0.0000e+00
      7.594     -0.233     8.8976     79.873     45.543  32.431546     3.8700     0.1134     0.0852     0.0846 1.1623e-01     9.5416      7.447     10.801    10.6026 0.0000e+00
      7.530     -0.259     8.8960     79.857     45.531  32.422938     3.8700     0.1439     0.0852     0.0846 1.1623e-01     9.5416      7.385     10.711    10.6029 0.0000e+00
      7.459     -0.283     8.8936     79.857     45.522  32.416576     3.8700     0.1325     0.0852     0.0846 1.1597e-01     9.6017      7.315     10.610    10.6030 0.0000e+00
      7.382     -0.304     8.8908     79.877     45.519  32.414726     3.8700     0.1325     0.1278     0.0846 1.1610e-01     6.2049      7.239     10.500    10.6029 0.0000e+00
      7.300     -0.323     8.8882     79.912     45.527  32.420854     3.8700     0.1363     0.1278     0.0846 1.1623e-01     6.2801      7.159     10.384    10.6028 0.0000e+00
      7.215     -0.338     8.8865     79.950     45.538  32.428673     3.8700     0.1286     0.1278     0.0846 1.1638e-01     6.2350      7.076     10.263    10.6027 0.0000e+00
      7.127     -0.351     8.8865     79.982     45.543  32.432347     3.8700     0.1401     0.1278     0.0846 1.1600e-01     6.2350      6.989     10.137    10.6029 0.0000e+00
      7.035     -0.363     8.8887     80.007     45.543  32.432856     3.8700     0.1363     0.1278     0.0846 1.1607e-01     5.4985      6.899     10.007    10.6032 0.0000e+00
      6.941     -0.372     8.8926     80.024     45.539  32.430336     3.8700     0.1363     0.1278     0.0846 1.1623e-01     5.4684      6.807      9.872    10.6035 0.0000e+00
      6.844     -0.380     8.8967     80.028     45.535  32.428076     3.8700     0.1058     0.1278     0.0846 1.1623e-01     5.5135      6.712      9.734    10.6037 0.0000e+00
      6.745     -0.384     8.9001     80.017     45.531  32.425473     3.8700     0.1439     0.1278     0.0846 1.1612e-01     5.5286      6.615      9.594    10.6039 0.0000e+00
      6.645     -0.387     8.9029     80.002     45.525  32.421833     3.8700     0.1248     0.1278     0.0846 1.1623e-01     5.4083      6.516      9.451    10.6042 0.0000e+00
      6.545     -0.387     8.9047     79.993     45.527  32.424107     3.8700     0.1477     0.1278     0.0846 1.1607e-01     5.3181      6.418      9.309    10.6046 0.0000e+00
      6.445     -0.385     8.9050     79.997     45.538  32.432901     3.8700     0.0981     0.1278     0.0846 1.1615e-01     5.3332      6.321      9.168    10.6051 0.0000e+00
      6.348     -0.381     8.9037     80.012     45.550  32.442640     3.8700     0.1248     0.1278     0.0846 1.1625e-01     5.3933      6.225      9.029    10.6057 0.0000e+00
      6.251     -0.378     8.9019     80.035     45.557  32.447998     3.8700     0.1325     0.1278     0.0846 1.1623e-01     5.0326      6.130      8.891    10.6065 0.0000e+00
      6.156     -0.374     8.9007     80.062     45.555  32.446446     3.8700     0.1210     0.1278     0.1692 1.1623e-01     4.9724      6.037      8.756    10.6075 0.0000e+00
      6.062     -0.371     8.9009     80.087     45.547  32.441529     3.8700     0.1325     0.1278     0.1692 1.1617e-01     5.1077      5.944      8.622    10.6085 0.0000e+00
      5.968     -0.368     8.9024     80.108     45.537  32.435897     3.8700     0.1019     0.1278     0.1692 1.1612e-01     5.0626      5.852      8.488    10.6093 0.0000e+00
      5.874     -0.367     8.9049     80.120     45.525  32.428047     3.8700     0.1210     0.1278     0.1692 1.1628e-01     4.9574      5.761      8.356    10.6098 0.0000e+00
      5.781     -0.365     8.9077     80.114     45.518  32.423809     3.8700     0.1439     0.1278     0.0846 1.1615e-01     4.9875      5.670      8.223    10.6103 0.0000e+00
      5.689     -0.363     8.9104     80.091     45.520  32.426011     3.8700     0.1363     0.1278     0.0846 1.1612e-01     5.0476      5.579      8.091    10.6110 0.0000e+00
      5.596     -0.361     8.9126     80.055     45.515  32.423361     3.8700     0.1363     0.1278     0.0846 1.1615e-01     5.0776      5.488      7.959    10.6119 0.0000e+00
      5.504     -0.358     8.9137     80.005     45.503  32.415151     3.8700     0.1515     0.1278     0.0846 1.1607e-01     5.0776      5.397      7.828    10.6129 0.0000e+00
      5.413     -0.354     8.9129     79.936     45.490  32.407114     3.8700     0.1134     0.1278     0.1269 1.1625e-01     5.0626      5.308      7.698    10.6138 0.0000e+00
      5.323     -0.349     8.9101     79.848     45.481  32.401067     3.8700     0.1401     0.1278     0.1269 1.1623e-01     5.0476      5.220      7.571    10.6147 0.0000e+00
      5.234     -0.343     8.9059     79.747     45.484  32.403318     3.8700     0.1248     0.1278     0.1269 1.1615e-01     5.0175      5.133      7.445    10.6157 0.0000e+00
      5.147     -0.337     8.9001     79.647     45.493  32.410508     3.8700     0.1515     0.1278     0.1269 1.2653e-01     5.3181      5.047      7.320    10.6166 0.0000e+00
      5.061     -0.330     8.8922     79.560     45.501  32.416632     3.8700     0.1248     0.1278     0.1269 1.3129e-01     5.3632      4.963      7.199    10.6173 0.0000e+00
      4.978     -0.322     8.8823     79.487     45.510  32.423324     3.8700     0.1325     0.1278     0.2115 1.4732e-01     5.3782      4.882      7.080    10.6179 0.0000e+00
      4.897     -0.313     8.8710     79.428     45.511  32.424447     3.8700     0.1325     0.1278     0.2115 1.4409e-01     5.3332      4.802      6.965    10.6183 0.0000e+00
      4.818     -0.302     8.8598     79.382     45.499  32.416341     3.8700     0.1325     0.1278     0.2115 1.7740e-01     5.0626      4.725      6.852    10.6188 0.0000e+00
      4.741     -0.290     8.8500     79.349     45.489  32.408725     3.8700     0.1248     0.1278     0.2115 1.9380e-01     5.1829      4.649      6.743    10.6195 0.0000e+00
      4.667     -0.276     8.8418     79.323     45.487  32.407489     3.8700     0.1210     0.1278     0.0846 2.2900e-01     5.1227      4.577      6.639    10.6200 0.0000e+00
      4.598     -0.260     8.8352     79.300     45.494  32.412304     3.8700     0.1325     0.1278     0.0846 2.2036e-01     5.0927      4.509      6.540    10.6204 0.0000e+00
      4.533     -0.244     8.8301     79.281     45.506  32.420494     3.8700     0.1286     0.1278     0.0846 2.3367e-01     5.0626      4.446      6.448    10.6205 0.0000e+00
      4.473     -0.229     8.8264     79.276     45.520  32.430282     3.8700     0.1439     0.1278     0.0846 2.4990e-01     5.0175      4.387      6.362    10.6205 0.0000e+00
      4.419     -0.218     8.8236     79.292     45.539  32.444278     3.8700     0.1286     0.1278     0.1269 2.3597e-01     5.1227      4.333      6.285    10.6203 0.0000e+00
      4.369     -0.212     8.8211     79.310     45.558  32.458293     3.8700     0.1363     0.1278     0.1269 2.3618e-01     5.0175      4.284      6.214    10.6200 0.0000e+00
      4.320     -0.213     8.8190     79.310     45.564  32.464183     3.8700     0.1134     0.1278     0.1269 2.4469e-01     5.3332      4.237      6.144    10.6198 0.0000e+00
      4.269     -0.220     8.8184     79.285     45.560  32.463519     3.8700     0.1325     0.1278     0.1269 2.4780e-01     5.3332      4.187      6.073    10.6197 0.0000e+00
      4.213     -0.231     8.8202     79.227     45.557  32.464045     3.8700     0.1058     0.1278     0.1269 3.0125e-01     5.3332      4.132      5.993    10.6200 0.0000e+00
      4.152     -0.245     8.8219     79.140     45.559  32.469861     3.8700     0.1325     0.1278     0.1269 3.3737e-01     5.2279      4.072      5.905    10.6209 0.0000e+00
      4.085     -0.258     8.8217     79.033     45.567  32.482519     3.8700     0.1325     0.1278     0.1269 3.4968e-01     4.9875      4.006      5.811    10.6223 0.0000e+00
      4.016     -0.269     8.8185     78.902     45.585  32.505395     3.8700     0.1668     0.1278     0.1269 4.0598e-01     5.0927      3.939      5.713    10.6244 0.0000e+00
      3.946     -0.276     8.8114     78.737     45.608  32.536668     3.8700     0.1210     0.1278     0.1269 4.5752e-01     5.0326      3.869      5.612    10.6277 0.0000e+00
      3.873     -0.279     8.8008     78.525     45.627  32.568836     3.8700     0.1439     0.1278     0.1269 4.8086e-01     4.9875      3.798      5.509    10.6328 0.0000e+00
      3.800     -0.280     8.7874     78.228     45.645  32.602556     3.8700     0.1630     0.1278     0.1269 5.5153e-01     5.3031      3.727      5.405    10.6403 0.0000e+00
      3.727     -0.279     8.7706     77.775     45.667  32.642861     3.8700     0.1439     0.1278     0.1269 5.9460e-01     5.3482      3.655      5.301    10.6515 0.0000e+00
      3.656     -0.279     8.7492     77.081     45.693  32.692576     3.8700     0.1363     0.1278     0.1269 6.3769e-01     5.3782      3.585      5.200    10.6673 0.0000e+00
      3.587     -0.280     8.7217     76.083     45.719  32.753080     3.8700     0.1172     0.0852     0.1269 6.4606e-01     5.2730      3.517      5.101    10.6876 0.0000e+00
      3.519     -0.285     8.6843     74.755     45.745  32.828625     3.8700     0.1325     0.0852     0.1269 6.3728e-01     5.8292      3.450      5.005    10.7111 0.0000e+00
      3.448     -0.294     8.6290     73.085     45.739  32.905691     3.8700     0.1325     0.0852     0.1269 6.6385e-01     5.7239      3.382      4.905    10.7384 0.0000e+00
      3.373     -0.305     8.5459     71.049     45.620  32.931561     3.8700     0.1210     0.0852     0.1269 8.4365e-01     5.7841      3.308      4.798    10.7729 0.0000e+00
      3.293     -0.318     8.4274     68.572     45.352  32.873530     3.9600     0.1210     0.1704     0.1269 8.2498e-01     5.7841      3.230      4.685    10.8190 0.0000e+00
      3.209     -0.332     8.2698     65.476     44.965  32.749794     3.9600     0.2011     0.1704     0.1269 9.3072e-01     5.7239      3.147      4.565    10.8825 0.0000e+00
      3.121     -0.344     8.0704     61.506     44.503  32.598653     3.9600     0.1744     0.1704     0.1269 1.0496e+00     5.7239      3.061      4.440    10.9733 0.0000e+00
      3.031     -0.352     7.8260     56.434     44.025  32.462980     3.9600     0.1935     0.1704     0.1269 1.1110e+00     5.7089      2.973      4.311    11.0978 0.0000e+00
      2.939     -0.358     7.5305     50.164     43.592  32.369973     3.9600     0.2088     0.1704     0.1269 1.1823e+00     5.8442      2.882      4.180    11.2504 0.0000e+00
      2.846     -0.362     7.1662     42.724     43.235  32.316624     4.0500     0.2584     0.1704     0.0846 1.2802e+00     4.4464      2.791      4.048    11.4277 0.0000e+00
      2.752     -0.364     6.7053     34.266     42.928  32.278813     4.0500     0.2431     0.1704     0.0846 1.3584e+00     4.4013      2.699      3.915    11.6382 0.0000e+00
      2.659     -0.365     6.1248     25.159     42.620  32.242500     4.0500     0.2622     0.1704     0.0846 1.4626e+00     4.3562      2.608      3.782    11.8832 0.0000e+00
      2.566     -0.365     5.4193     16.031     42.290  32.221767     4.0500     0.2584     0.1704     0.0846 1.5166e+00     4.3863      2.517      3.650    12.1420 0.0000e+00
      2.474     -0.367     4.5976      7.608     41.958  32.236835     4.0500     0.3041     0.1278     0.1269 1.5881e+00     2.8682      2.426      3.519    12.3862 0.0000e+00
      2.381     -0.369     3.6781      0.463     41.673  32.295696     4.0500     0.3232     0.1278     0.1269 1.6258e+00     2.6879      2.335      3.387    12.6096 0.0000e+00
      2.288     -0.372     2.6984     -5.057     41.451  32.396235     4.0500     0.3003     0.1278     0.1269 1.7410e+00     2.7931      2.243      3.254    12.8390 0.0000e+00
      2.192     -0.377     1.7237     -8.734     41.251  32.529623     4.0500     0.3003     0.1278     0.1269 1.8794e+00     2.6879      2.150      3.118    13.1107 0.0000e+00
      2.096     -0.381     0.8307    -10.498     41.023  32.677973     3.9600     0.3690     0.0852     0.1269 1.9804e+00     1.5305      2.055      2.981    13.4296 0.0000e+00
      1.998     -0.386     0.0791    -10.522     40.768  32.811550     3.9600     0.3842     0.0852     0.1269 2.1872e+00     1.5305      1.959      2.842    13.7623 0.0000e+00
      1.898     -0.389    -0.4966     -9.143     40.529  32.918466     3.9600     0.3881     0.0852     0.1269 2.4250e+00     1.6057      1.861      2.700    14.0896 0.0000e+00
      1.797     -0.390    -0.8759     -6.670     40.384  33.043088     3.9600     0.3728     0.0852     0.1269 2.7573e+00     1.6508      1.762      2.556    14.4415 0.0000e+00
      1.696     -0.391    -1.0543     -3.306     40.385  33.248358     4.0500     0.4911     0.0852     0.1692 3.0333e+00     1.5606      1.663      2.413    14.8413 0.0000e+00
      1.596     -0.389    -1.0541      0.797     40.441  33.499901     4.0500     0.5216     0.0852     0.1692 3.2794e+00     1.5606      1.565      2.271    15.2528 0.0000e+00
      1.497     -0.387    -0.9141      5.439     40.409  33.692513     4.0500     0.5025     0.0852     0.1692 3.6471e+00     1.5005      1.469      2.130    15.6195 0.0000e+00
      1.399     -0.383    -0.6680     10.355     40.291  33.798357     4.0500     0.4605     0.0852     0.1692 4.4301e+00     1.4554      1.372      1.990    15.9164 0.0000e+00
      1.301     -0.378    -0.3372     15.321     40.190  33.879335     4.0500     0.6932     0.0852     0.1692 5.2769e+00     2.5075      1.276      1.851    16.1658 0.0000e+00
      1.205     -0.371     0.0633     20.209     40.160  33.994670     4.2300     0.7009     0.0426     0.2961 6.1706e+00     2.5676      1.181      1.714    16.4188 0.0000e+00
      1.110     -0.363     0.5131     24.927     40.133  34.119671     4.2300     0.6742     0.0426     0.2961 7.5937e+00     2.5225      1.088      1.579    16.6905 0.0000e+00
      1.018     -0.353     0.9862     29.389     40.034  34.198556     4.2300     0.6665     0.0426     0.2961 1.0062e+01     2.4774      0.998      1.448    16.9436 0.0000e+00
      0.928     -0.340     1.4613     33.563     39.886  34.226627     4.2300     1.3951     0.0426     0.2961 1.4787e+01     5.0175      0.910      1.320    17.1484 0.0000e+00
      0.842     -0.326     1.9260     37.515     39.759  34.241084     4.5900     1.4028     0.1278     0.8883 2.0304e+01     5.0776      0.826      1.198    17.3229 0.0000e+00
      0.760     -0.311     2.3703     41.358     39.693  34.289355     4.5900     1.4104     0.1278     0.8883 2.5145e+01     5.0175      0.746      1.082    17.5078 0.0000e+00
      0.683     -0.295     2.7860     45.167     39.681  34.398173     4.5900     1.3951     0.1278     0.8883 3.1078e+01     5.0326      0.670      0.972    17.7119 0.0000e+00
