Data/DataNotYetUploadedToEDI/Raw_CTD/RawDownloads/062723_fcrXX_S8188003.cnv
* Sea-Bird SBE19plus  Data File:
* FileName = C:\R\Reservoirs\Data\DataNotYetUploadedToEDI\Raw_CTD\RawDownloads\062623_fcr50_S8188_0003.hex
* Software version 2.8.0.119
* Temperature SN = 8188
* Conductivity SN = 8188
* System UpLoad Time = Jul 03 2023 16:31:21
* <ApplicationData>
* <Seaterm232>
# nquan = 16
# nvalues = 1250                        
# units = specified
# name 0 = depFM: Depth [fresh water, m]
# name 1 = dz/dtM: Descent Rate [m/s]
# name 2 = sbeox0Mg/L: Oxygen, SBE 43 [mg/l]
# name 3 = sbeox0PS: Oxygen, SBE 43 [% saturation]
# name 4 = specc: Specific Conductance [uS/cm]
# name 5 = c0uS/cm: Conductivity [uS/cm]
# name 6 = wetCDOM: Fluorescence, WET Labs CDOM [mg/m^3]
# name 7 = flECO-AFL: Fluorescence, WET Labs ECO-AFL/FL [mg/m^3]
# name 8 = flECO-AFL1: Fluorescence, WET Labs ECO-AFL/FL, 2 [mg/m^3]
# name 9 = flECO-AFL2: Fluorescence, WET Labs ECO-AFL/FL, 3 [mg/m^3]
# name 10 = par/sat/log: PAR/Logarithmic, Satlantic
# name 11 = turbWETntu0: Turbidity, WET Labs ECO [NTU]
# name 12 = prdM: Pressure, Strain Gauge [db]
# name 13 = prdE: Pressure, Strain Gauge [psi]
# name 14 = tv290C: Temperature [ITS-90, deg C]
# name 15 = flag:  0.000e+00
# span 0 =     -0.739,      1.470       
# span 1 =     -0.240,      0.153       
# span 2 =     2.5771,    13.2391       
# span 3 =     27.392,    144.488       
# span 4 =     -0.154,     46.848       
# span 5 =  -0.156455,  46.609073       
# span 6 =    -4.5000,     6.3900       
# span 7 =    -1.2447,     4.0655       
# span 8 =    -2.1300,     2.2578       
# span 9 =    -2.0304,    17.1738       
# span 10 = 1.6576e+00, 2.7424e+03      
# span 11 =    -0.5887,    41.7061      
# span 12 =     -0.724,      1.441      
# span 13 =     -1.051,      2.091      
# span 14 =    18.0661,    26.0533      
# span 15 = 0.0000e+00, 0.0000e+00      
# interval = seconds: 0.25
# start_time = Jun 27 2023 12:44:42 [Instrument's time stamp, header]
# bad_flag = -9.990e-29
*END*
[from data line 362]
     -0.170      0.025     8.9140    127.561     46.758  46.481728     6.0300     2.7952     0.3408    13.5783 2.0103e+03    18.7250     -0.167     -0.242    24.7129 0.0000e+00
     -0.164      0.027     9.3828    130.691     46.741  46.455317     6.0300     2.8257     0.3408    13.5783 2.0160e+03    18.6649     -0.161     -0.234    24.7090 0.0000e+00
     -0.158      0.030     9.8370    132.965     46.724  46.425723     6.0300     2.9401     0.3408    13.5783 1.9925e+03    19.6118     -0.155     -0.224    24.7070 0.0000e+00
     -0.150      0.034    10.2513    134.842     46.705  46.389017     6.0300     2.9401     0.3408    13.5783 1.9731e+03    19.6869     -0.147     -0.213    24.7041 0.0000e+00
     -0.141      0.040    10.5981    136.618     46.683  46.347300     5.9400     2.9363     0.3834    13.1976 1.8120e+03    19.6869     -0.138     -0.200    24.6985 0.0000e+00
     -0.131      0.047    10.8601    138.234     46.665  46.307279     5.9400     2.9439     0.3834    13.1976 1.1528e+03    19.6569     -0.128     -0.186    24.6888 0.0000e+00
     -0.118      0.055    11.0520    139.508     46.654  46.274133     5.9400     3.1080     0.3834    13.1976 5.4699e+02    20.7390     -0.116     -0.168    24.6744 0.0000e+00
     -0.104      0.062    11.2118    140.289     46.647  46.242986     5.9400     3.1156     0.3834    13.1976 6.7372e+02    20.7841     -0.102     -0.147    24.6560 0.0000e+00
     -0.086      0.069    11.3640    140.383     46.639  46.207512     5.9400     3.1118     0.3834    13.3245 1.5225e+03    20.8593     -0.084     -0.122    24.6345 0.0000e+00
     -0.066      0.075    11.5033    139.519     46.626  46.164195     5.9400     3.0927     0.3834    13.3245 1.5981e+03    20.8142     -0.065     -0.094    24.6113 0.0000e+00
     -0.045      0.079    11.6144    137.495     46.600  46.107427     5.9400     4.0655     0.3834    13.3245 9.7670e+02    20.5887     -0.044     -0.064    24.5868 0.0000e+00
     -0.024      0.082    11.6850    134.329     46.554  46.029995     5.9400     4.0426     0.3834    13.3245 9.1447e+02    20.5737     -0.023     -0.034    24.5603 0.0000e+00
     -0.002      0.082    11.6989    130.298     46.491  45.935027     6.2100     4.0426     0.3834    16.9200 7.7290e+02    20.4986     -0.002     -0.003    24.5312 0.0000e+00
      0.019      0.081    11.6335    125.820     46.435  45.846733     6.2100     4.0540     0.3834    16.9200 6.9333e+02    20.7090      0.019      0.027    24.4992 0.0000e+00
      0.040      0.079    11.4716    121.295     46.396  45.777234     6.2100     3.7069     0.3834    16.9200 6.4493e+02    18.0336      0.039      0.057    24.4651 0.0000e+00
      0.060      0.076    11.2144    117.044     46.356  45.711960     6.2100     3.7260     0.3834    16.9200 5.7640e+02    18.2440      0.059      0.086    24.4308 0.0000e+00
      0.080      0.072    10.8846    113.335     46.308  45.643408     6.2100     3.7107     0.3834    16.9200 5.2191e+02    18.1689      0.078      0.114    24.3962 0.0000e+00
      0.099      0.067    10.5173    110.389     46.269  45.586984     6.2100     3.7069     0.3408    17.1738 4.4073e+02    18.1689      0.097      0.140    24.3610 0.0000e+00
      0.116      0.062    10.1454    108.323     46.247  45.549436     6.2100     3.4284     0.3408    17.1738 3.9108e+02    13.0436      0.113      0.165    24.3276 0.0000e+00
      0.131      0.055     9.7952    107.112     46.232  45.520751     6.2100     3.4132     0.3408    17.1738 3.7624e+02    13.0887      0.128      0.186    24.2989 0.0000e+00
      0.144      0.049     9.4891    106.616     46.216  45.493279     6.2100     3.4246     0.3408    17.1738 3.8126e+02    13.1639      0.141      0.204    24.2757 0.0000e+00
      0.155      0.043     9.2461    106.628     46.189  45.455730     5.9400     3.4132     0.2982    12.6477 3.6048e+02    13.0286      0.152      0.220    24.2564 0.0000e+00
      0.165      0.039     9.0761    106.934     46.145  45.402055     5.9400     3.2072     0.2982    12.6477 3.4665e+02    12.3372      0.162      0.234    24.2394 0.0000e+00
      0.174      0.035     8.9773    107.359     46.090  45.333791     5.9400     3.2453     0.2982    12.6477 3.4075e+02    12.2921      0.170      0.247    24.2244 0.0000e+00
      0.181      0.032     8.9379    107.780     46.014  45.240661     5.9400     3.2453     0.2982    12.6477 3.2732e+02    12.3222      0.178      0.258    24.2118 0.0000e+00
      0.189      0.031     8.9410    108.134     45.895  45.097829     5.7600     3.2491     0.2556    11.5056 3.3112e+02    12.3823      0.185      0.269    24.2005 0.0000e+00
      0.196      0.031     8.9687    108.447     45.746  44.914761     5.7600     3.3712     0.2556    11.5056 3.3408e+02    13.0286      0.192      0.279    24.1887 0.0000e+00
      0.203      0.033     9.0069    108.835     45.605  44.727838     5.7600     3.3483     0.2556    11.5056 3.3004e+02    13.0436      0.199      0.289    24.1739 0.0000e+00
      0.211      0.035     9.0457    109.451     45.491  44.558542     5.7600     3.3521     0.2556    11.5056 3.3321e+02    13.0136      0.207      0.301    24.1536 0.0000e+00
      0.221      0.038     9.0802    110.481     45.416  44.425127     5.7600     3.3674     0.2982    11.0826 3.1911e+02    13.0887      0.216      0.314    24.1253 0.0000e+00
      0.231      0.040     9.1135    112.080     45.360  44.315789     5.7600     2.5472     0.2982    11.0826 2.7177e+02    11.8562      0.227      0.329    24.0854 0.0000e+00
      0.243      0.041     9.1553    114.210     45.304  44.217219     5.7600     2.5586     0.2982    11.0826 2.5083e+02    11.8111      0.238      0.345    24.0322 0.0000e+00
      0.254      0.040     9.2181    116.557     45.256  44.138793     5.7600     2.5930     0.2982    11.0826 2.0699e+02    11.8863      0.249      0.361    23.9691 0.0000e+00
      0.265      0.039     9.3165    118.674     45.213  44.073466     5.7600     2.5777     0.2982    11.0826 2.0066e+02    11.9765      0.260      0.376    23.9030 0.0000e+00
      0.274      0.038     9.4622    120.180     45.173  44.015705     5.6700     2.1810     0.2556    10.4904 1.9005e+02    10.9995      0.269      0.390    23.8424 0.0000e+00
      0.283      0.037     9.6507    120.875     45.137  43.961995     5.6700     2.2039     0.2556    10.4904 1.8996e+02    10.9394      0.278      0.403    23.7941 0.0000e+00
      0.292      0.037     9.8553    120.742     45.083  43.890089     5.6700     2.1810     0.2556    10.4904 1.8762e+02    10.9695      0.286      0.415    23.7593 0.0000e+00
      0.300      0.038    10.0388    119.914     45.006  43.794679     5.6700     2.1924     0.2556    10.4904 1.8335e+02    10.9695      0.295      0.427    23.7339 0.0000e+00
      0.310      0.040    10.1701    118.652     44.928  43.693911     5.5800     2.4328     0.2556     9.6021 1.7782e+02    11.1799      0.304      0.440    23.7128 0.0000e+00
      0.320      0.045    10.2326    117.294     44.833  43.568838     5.5800     2.4480     0.2556     9.6021 1.7790e+02    11.0446      0.314      0.455    23.6925 0.0000e+00
      0.331      0.050    10.2253    116.162     44.718  43.409883     5.5800     2.4328     0.2556     9.6021 1.7464e+02    11.1799      0.325      0.471    23.6711 0.0000e+00
      0.344      0.057    10.1595    115.504     44.633  43.259849     5.5800     2.4289     0.2556     9.6021 1.6740e+02    11.2701      0.338      0.489    23.6474 0.0000e+00
      0.359      0.066    10.0579    115.456     44.555  43.100521     5.5800     2.4289     0.2130     9.6444 1.5941e+02    11.1498      0.352      0.511    23.6195 0.0000e+00
      0.376      0.075     9.9496    116.043     44.451  42.909216     5.5800     2.3298     0.2130     9.6444 1.5817e+02    11.6308      0.369      0.535    23.5830 0.0000e+00
      0.396      0.086     9.8635    117.214     44.375  42.743883     5.5800     2.3031     0.2130     9.6444 1.4318e+02    11.6308      0.389      0.564    23.5302 0.0000e+00
      0.419      0.096     9.8219    118.807     44.286  42.578258     5.5800     2.3031     0.2130     9.6444 1.3161e+02    11.6007      0.411      0.596    23.4548 0.0000e+00
      0.445      0.107     9.8356    120.551     44.132  42.368168     5.5800     2.3221     0.2130     9.6444 1.2120e+02    11.6759      0.437      0.634    23.3610 0.0000e+00
      0.475      0.115     9.9050    122.168     43.999  42.186365     5.6700     2.0360     0.2130    10.0251 9.6812e+01     8.9254      0.466      0.675    23.2589 0.0000e+00
      0.507      0.122    10.0247    123.425     43.932  42.055693     5.6700     2.0208     0.2130    10.0251 7.7112e+01     9.0306      0.497      0.721    23.1562 0.0000e+00
      0.540      0.126    10.1784    124.163     43.887  41.933378     5.6700     2.0055     0.2130    10.0251 6.7862e+01     8.9554      0.530      0.768    23.0653 0.0000e+00
      0.574      0.128    10.3413    124.346     43.851  41.816514     5.6700     2.0093     0.2130    10.0251 5.8923e+01     8.9705      0.563      0.816    22.9957 0.0000e+00
      0.607      0.127    10.4922    124.051     43.811  41.691765     5.3100     2.0627     0.1704     6.8103 5.1184e+01     6.0396      0.596      0.864    22.9336 0.0000e+00
      0.640      0.125    10.6152    123.399     43.752  41.541710     5.3100     2.0742     0.1704     6.8103 4.3354e+01     5.9644      0.628      0.911    22.8580 0.0000e+00
      0.672      0.122    10.6967    122.512     43.679  41.371895     5.3100     2.0665     0.1704     6.8103 3.6787e+01     5.9494      0.659      0.956    22.7681 0.0000e+00
      0.703      0.118    10.7315    121.493     43.546  41.142975     5.3100     2.0780     0.1704     6.8103 3.2706e+01     5.9494      0.689      1.000    22.6729 0.0000e+00
      0.732      0.116    10.7261    120.425     43.290  40.797863     4.8600     2.7570     0.1278     3.8916 3.0529e+01     5.4384      0.718      1.042    22.5734 0.0000e+00
      0.760      0.115    10.6916    119.413     42.868  40.290090     4.8600     2.7227     0.1278     3.8916 2.8621e+01     5.5135      0.746      1.082    22.4656 0.0000e+00
      0.788      0.116    10.6383    118.619     42.229  39.555566     4.8600     2.7379     0.1278     3.8916 2.8386e+01     5.3632      0.773      1.121    22.3493 0.0000e+00
      0.816      0.121    10.5743    118.306     41.547  38.741105     4.8600     2.7379     0.1278     3.8916 2.7571e+01     5.4684      0.800      1.160    22.2287 0.0000e+00
      0.846      0.127    10.5066    118.873     41.057  38.079163     4.7700     2.3069     0.1278     3.1302 2.6704e+01     5.2430      0.829      1.202    22.1059 0.0000e+00
      0.878      0.132    10.4458    120.761     40.615  37.470472     4.7700     2.3069     0.1278     3.1302 2.4370e+01     5.1979      0.861      1.249    21.9738 0.0000e+00
      0.915      0.135    10.4101    124.206     40.170  36.863624     4.7700     2.3107     0.1278     3.1302 1.9945e+01     5.2129      0.897      1.301    21.8125 0.0000e+00
      0.955      0.132    10.4274    128.961     39.897  36.393886     4.7700     2.3221     0.1278     3.1302 1.2145e+01     5.1979      0.936      1.357    21.6009 0.0000e+00
      0.993      0.124    10.5306    134.282     39.778  36.054823     4.7700     0.8000     0.1278     3.1302 1.2097e+01     3.4093      0.974      1.412    21.3528 0.0000e+00
      1.026      0.111    10.7519    139.197     39.753  35.817404     4.5900     0.7657     0.1278     2.3688 1.1628e+01     3.3642      1.006      1.459    21.1093 0.0000e+00
      1.052      0.094    11.1144    142.811     39.781  35.659896     4.5900     0.7772     0.1278     2.3688 1.1331e+01     3.3792      1.032      1.497    20.8670 0.0000e+00
      1.072      0.077    11.6032    144.488     39.809  35.540290     4.5900     0.7733     0.1278     2.3688 1.1403e+01     3.3642      1.051      1.525    20.5961 0.0000e+00
      1.088      0.060    12.1498    143.970     39.847  35.466296     4.5900     0.8420     0.1278     2.3688 1.1381e+01     3.0035      1.066      1.547    20.3096 0.0000e+00
      1.100      0.047    12.6588    141.425     39.891  35.430061     4.5900     0.8306     0.0852     1.2690 1.1248e+01     3.0937      1.078      1.564    20.0417 0.0000e+00
      1.109      0.037    13.0425    137.385     39.917  35.402117     4.5900     0.8420     0.0852     1.2690 1.1381e+01     3.1388      1.087      1.577    19.8137 0.0000e+00
      1.116      0.029    13.2391    132.633     39.928  35.378971     4.5900     0.8306     0.0852     1.2690 1.1568e+01     3.0937      1.094      1.588    19.6333 0.0000e+00
      1.122      0.023    13.2240    127.985     39.933  35.362373     4.5900     0.8267     0.0852     1.2690 1.1649e+01     3.3342      1.100      1.596    19.4985 0.0000e+00
      1.127      0.018    13.0126    124.065     39.935  35.351857     4.5000     0.8649     0.0852     1.3113 1.1812e+01     3.3342      1.105      1.602    19.4036 0.0000e+00
      1.131      0.015    12.6557    121.231     39.935  35.344619     4.5000     0.8267     0.0852     1.3113 1.2076e+01     3.2590      1.108      1.607    19.3397 0.0000e+00
      1.134      0.013    12.2275    119.516     39.921  35.330807     4.5000     0.8229     0.0852     1.3113 1.2264e+01     3.3191      1.111      1.612    19.2983 0.0000e+00
      1.136      0.011    11.8050    118.647     39.892  35.306738     4.5000     1.0251     0.0852     1.3113 1.2449e+01     3.2289      1.114      1.616    19.2724 0.0000e+00
      1.139      0.009    11.4471    118.190     39.858  35.277876     4.5900     1.0404     0.0852     1.2267 1.2544e+01     3.3041      1.117      1.620    19.2565 0.0000e+00
      1.141      0.008    11.1876    117.704     39.837  35.254350     4.5900     1.0327     0.0852     1.2267 1.2544e+01     3.3943      1.119      1.623    19.2481 0.0000e+00
      1.143      0.007    11.0300    116.899     39.841  35.241772     4.5900     1.0251     0.0852     1.2267 1.2776e+01     3.3041      1.121      1.626    19.2458 0.0000e+00
      1.144      0.005    10.9494    115.634     39.866  35.238765     4.5900     1.0594     0.0852     1.2267 1.2952e+01     3.6197      1.122      1.628    19.2479 0.0000e+00
      1.145      0.004    10.9067    113.800     39.898  35.238585     4.5900     1.0900     0.0852     1.2267 1.2991e+01     3.5897      1.123      1.629    19.2501 0.0000e+00
      1.146      0.003    10.8632    111.285     39.925  35.233260     4.5900     1.0785     0.0852     1.2267 1.3022e+01     3.5145      1.124      1.630    19.2435 0.0000e+00
      1.147      0.003    10.7932    107.999     39.946  35.223350     4.5900     1.0976     0.0852     1.2267 1.3305e+01     3.4694      1.125      1.631    19.2230 0.0000e+00
      1.147      0.002    10.6826    103.907     39.963  35.212152     4.5900     0.7695     0.0852     1.2267 1.3404e+01     3.1388      1.125      1.632    19.1922 0.0000e+00
      1.148      0.002    10.5204     98.965     39.982  35.204602     4.5900     0.7657     0.0852     1.2267 1.3524e+01     3.0786      1.126      1.633    19.1570 0.0000e+00
      1.148      0.001    10.2952     93.140     40.007  35.204625     4.5900     0.7733     0.0852     1.2690 1.3498e+01     3.0486      1.126      1.633    19.1205 0.0000e+00
      1.149      0.001     9.9981     86.509     40.032  35.206287     4.5900     0.7657     0.0852     1.2690 1.3654e+01     3.0486      1.126      1.634    19.0848 0.0000e+00
      1.149      0.001     9.6255     79.296     40.048  35.202106     4.5900     0.8344     0.0852     1.2690 1.3836e+01     3.4845      1.126      1.634    19.0516 0.0000e+00
      1.149      0.001     9.1730     71.879     40.054  35.190969     4.5900     0.8344     0.0852     1.2690 1.3857e+01     3.3792      1.127      1.634    19.0214 0.0000e+00
