Data/DataNotYetUploadedToEDI/Raw_CTD/RawDownloads/062723_fcr50.8_S8188008.cnv
* Sea-Bird SBE19plus  Data File:
* FileName = C:\R\Reservoirs\Data\DataNotYetUploadedToEDI\Raw_CTD\RawDownloads\062623_fcr50_S8188_0008.hex
* Software version 2.8.0.119
* Temperature SN = 8188
* Conductivity SN = 8188
* System UpLoad Time = Jul 03 2023 16:32:47
* <ApplicationData>
* <Seaterm232>
# nquan = 16
# nvalues = 682                         
# units = specified
# name 0 = depFM: Depth [fresh water, m]
# name 1 = dz/dtM: Descent Rate [m/s]
# name 2 = sbeox0Mg/L: Oxygen, SBE 43 [mg/l]
# name 3 = sbeox0PS: Oxygen, SBE 43 [% saturation]
# name 4 = specc: Specific Conductance [uS/cm]
# name 5 = c0uS/cm: Conductivity [uS/cm]
# name 6 = wetCDOM: Fluorescence, WET Labs CDOM [mg/m^3]
# name 7 = flECO-AFL: Fluorescence, WET Labs ECO-AFL/FL [mg/m^3]
# name 8 = flECO-AFL1: Fluorescence, WET Labs ECO-AFL/FL, 2 [mg/m^3]
# name 9 = flECO-AFL2: Fluorescence, WET Labs ECO-AFL/FL, 3 [mg/m^3]
# name 10 = par/sat/log: PAR/Logarithmic, Satlantic
# name 11 = turbWETntu0: Turbidity, WET Labs ECO [NTU]
# name 12 = prdM: Pressure, Strain Gauge [db]
# name 13 = prdE: Pressure, Strain Gauge [psi]
# name 14 = tv290C: Temperature [ITS-90, deg C]
# name 15 = flag:  0.000e+00
# span 0 =     -0.717,      5.884       
# span 1 =     -0.378,      0.128       
# span 2 =    -0.2188,    15.5070       
# span 3 =     -2.222,    176.202       
# span 4 =      0.330,     47.029       
# span 5 =   0.286637,  46.995059       
# span 6 =    -4.5000,     6.7500       
# span 7 =    -0.1498,     5.8126       
# span 8 =    -2.1300,     6.1344       
# span 9 =    -2.0304,    19.5426       
# span 10 = 1.1595e-01, 2.4345e+03      
# span 11 =    -0.5136,    54.9176      
# span 12 =     -0.703,      5.770      
# span 13 =     -1.020,      8.369      
# span 14 =    10.5987,    24.9742      
# span 15 = 0.0000e+00, 0.0000e+00      
# interval = seconds: 0.25
# start_time = Jun 27 2023 13:39:26 [Instrument's time stamp, header]
# bad_flag = -9.990e-29
*END*
[from data line 272]
      2.064      0.048     2.3626     23.845     39.806  33.323537     3.9600     0.3766     0.0426     0.1692 4.6835e+00     1.2450      2.024      2.936    16.9432 0.0000e+00
      2.076      0.049     2.3492     23.696     39.777  33.270187     3.9600     0.3575     0.0426     0.1692 4.5412e+00     1.1999      2.036      2.953    16.9271 0.0000e+00
      2.089      0.050     2.3358     23.514     39.740  33.207562     3.9600     0.3766     0.0426     0.1692 4.4330e+00     1.3502      2.048      2.971    16.9090 0.0000e+00
      2.102      0.051     2.3233     23.272     39.699  33.140746     3.9600     0.3842     0.0426     0.1692 4.3424e+00     1.3051      2.061      2.989    16.8846 0.0000e+00
      2.115      0.053     2.3113     22.966     39.661  33.075682     3.9600     0.3995     0.0426     0.1692 4.2880e+00     1.2901      2.074      3.008    16.8530 0.0000e+00
      2.129      0.054     2.2986     22.610     39.628  33.016803     3.9600     0.3804     0.0426     0.1692 4.1740e+00     1.3502      2.087      3.028    16.8162 0.0000e+00
      2.143      0.055     2.2828     22.233     39.607  32.968208     3.9600     0.3881     0.0426     0.1692 4.0489e+00     1.3351      2.101      3.048    16.7765 0.0000e+00
      2.157      0.056     2.2612     21.872     39.592  32.924860     3.9600     0.3613     0.0426     0.1692 3.9524e+00     1.3351      2.115      3.068    16.7353 0.0000e+00
      2.171      0.057     2.2335     21.558     39.580  32.883119     3.9600     0.3957     0.0426     0.1692 3.8624e+00     1.3802      2.129      3.088    16.6939 0.0000e+00
      2.186      0.058     2.2007     21.307     39.580  32.847696     3.9600     0.3919     0.0426     0.2961 3.7557e+00     1.2750      2.144      3.109    16.6537 0.0000e+00
      2.201      0.059     2.1657     21.122     39.588  32.817064     3.9600     0.3652     0.0426     0.2961 3.7386e+00     1.2901      2.158      3.131    16.6151 0.0000e+00
      2.216      0.060     2.1323     20.981     39.595  32.787013     3.9600     0.3652     0.0426     0.2961 3.6574e+00     1.3652      2.173      3.153    16.5766 0.0000e+00
      2.232      0.060     2.1035     20.832     39.598  32.757450     3.9600     0.4071     0.0426     0.2961 3.6116e+00     1.5756      2.189      3.175    16.5358 0.0000e+00
      2.248      0.059     2.0809     20.622     39.596  32.726429     3.9600     0.3842     0.0426     0.1692 3.5263e+00     1.5907      2.204      3.197    16.4911 0.0000e+00
      2.263      0.059     2.0650     20.317     39.584  32.687660     3.9600     0.3690     0.0426     0.1692 3.4905e+00     1.4854      2.220      3.219    16.4439 0.0000e+00
      2.278      0.057     2.0532     19.919     39.558  32.638723     3.9600     0.3842     0.0426     0.1692 3.4415e+00     1.5456      2.234      3.240    16.3985 0.0000e+00
      2.292      0.056     2.0403     19.455     39.530  32.588350     3.9600     0.3766     0.0426     0.1692 3.3807e+00     1.5155      2.248      3.261    16.3580 0.0000e+00
      2.306      0.056     2.0213     18.959     39.506  32.540930     3.9600     0.3652     0.0426     0.0846 3.3218e+00     1.5456      2.262      3.281    16.3211 0.0000e+00
      2.320      0.056     1.9929     18.469     39.485  32.495698     3.9600     0.3804     0.0426     0.0846 3.2645e+00     1.5305      2.275      3.300    16.2852 0.0000e+00
      2.334      0.056     1.9553     18.024     39.475  32.456434     3.9600     0.3957     0.0426     0.0846 3.2208e+00     1.4554      2.289      3.320    16.2498 0.0000e+00
      2.348      0.056     1.9111     17.650     39.482  32.428508     3.9600     0.3346     0.0426     0.0846 3.1770e+00     1.5305      2.303      3.340    16.2154 0.0000e+00
      2.362      0.057     1.8637     17.351     39.506  32.412392     3.8700     0.3346     0.0852     0.2538 3.0725e+00     1.5305      2.317      3.360    16.1812 0.0000e+00
      2.377      0.058     1.8169     17.103     39.535  32.399828     3.8700     0.3041     0.0852     0.2538 3.0439e+00     1.5456      2.331      3.382    16.1454 0.0000e+00
      2.393      0.058     1.7746     16.870     39.566  32.391423     3.8700     0.3308     0.0852     0.2538 2.9668e+00     1.5907      2.346      3.403    16.1062 0.0000e+00
      2.408      0.058     1.7393     16.610     39.611  32.396816     3.8700     0.3575     0.0852     0.2538 2.8993e+00     1.7860      2.361      3.425    16.0635 0.0000e+00
      2.423      0.058     1.7115     16.291     39.667  32.413483     3.8700     0.3766     0.0852     0.2538 2.8611e+00     1.9213      2.376      3.446    16.0183 0.0000e+00
      2.438      0.057     1.6888     15.900     39.727  32.433988     3.8700     0.3919     0.0426     0.2115 2.8537e+00     1.7710      2.391      3.467    15.9728 0.0000e+00
      2.452      0.056     1.6672     15.438     39.789  32.455877     3.8700     0.3652     0.0426     0.2115 2.8002e+00     1.8462      2.405      3.488    15.9298 0.0000e+00
      2.466      0.056     1.6429     14.916     39.851  32.477064     3.8700     0.3041     0.0426     0.2115 2.7615e+00     1.9514      2.419      3.508    15.8903 0.0000e+00
      2.480      0.055     1.6126     14.338     39.923  32.503199     3.8700     0.3270     0.0426     0.2115 2.7537e+00     1.9514      2.432      3.527    15.8534 0.0000e+00
      2.494      0.055     1.5750     13.712     40.002  32.533328     3.8700     0.3079     0.0426     0.2961 2.7311e+00     2.0716      2.446      3.547    15.8178 0.0000e+00
      2.508      0.055     1.5303     13.042     40.068  32.551722     3.8700     0.3232     0.0426     0.2961 2.6724e+00     2.1017      2.460      3.567    15.7822 0.0000e+00
      2.522      0.054     1.4797     12.330     40.114  32.555364     3.8700     0.3270     0.0426     0.2961 2.6036e+00     2.2219      2.474      3.588    15.7446 0.0000e+00
      2.536      0.053     1.4236     11.584     40.151  32.553144     3.8700     0.3003     0.0426     0.2961 2.5152e+00     2.2069      2.487      3.608    15.7041 0.0000e+00
      2.550      0.052     1.3626     10.813     40.187  32.552389     3.8700     0.3194     0.0426     0.1692 2.4536e+00     2.3873      2.501      3.627    15.6613 0.0000e+00
      2.563      0.051     1.2971     10.039     40.235  32.560820     3.8700     0.3041     0.0426     0.1692 2.4622e+00     2.1768      2.513      3.645    15.6178 0.0000e+00
      2.576      0.050     1.2274      9.291     40.305  32.584644     3.8700     0.3079     0.0426     0.1692 2.4051e+00     2.8682      2.525      3.663    15.5755 0.0000e+00
      2.588      0.050     1.1541      8.594     40.396  32.622292     3.8700     0.3156     0.0426     0.1692 2.3853e+00     2.7480      2.538      3.681    15.5358 0.0000e+00
      2.600      0.050     1.0782      7.964     40.494  32.663999     3.7800     0.3079     0.0426     0.2538 2.3427e+00     2.7329      2.550      3.698    15.4982 0.0000e+00
      2.613      0.051     1.0017      7.397     40.586  32.699103     3.7800     0.3194     0.0426     0.2538 2.3611e+00     2.8081      2.562      3.716    15.4600 0.0000e+00
      2.626      0.053     0.9278      6.871     40.664  32.721122     3.7800     0.2889     0.0426     0.2538 2.3118e+00     3.1989      2.575      3.735    15.4191 0.0000e+00
      2.640      0.055     0.8590      6.354     40.724  32.726024     3.7800     0.2927     0.0426     0.2538 2.2968e+00     3.2440      2.588      3.754    15.3752 0.0000e+00
      2.654      0.057     0.7968      5.817     40.765  32.713135     3.7800     0.3118     0.0426     0.2538 2.2883e+00     3.1838      2.602      3.775    15.3290 0.0000e+00
      2.669      0.058     0.7408      5.243     40.801  32.690898     3.7800     0.3156     0.0852     0.3384 2.2661e+00     3.1688      2.617      3.796    15.2807 0.0000e+00
      2.684      0.059     0.6889      4.635     40.844  32.671204     3.7800     0.3728     0.0852     0.3384 2.2700e+00     3.6348      2.632      3.817    15.2304 0.0000e+00
      2.699      0.060     0.6377      4.006     40.900  32.660681     3.7800     0.3690     0.0852     0.3384 2.2839e+00     3.6197      2.647      3.839    15.1776 0.0000e+00
      2.715      0.060     0.5844      3.381     40.958  32.652560     3.7800     0.3613     0.0852     0.3384 2.2754e+00     3.6949      2.663      3.862    15.1206 0.0000e+00
      2.730      0.060     0.5274      2.797     41.006  32.636752     3.7800     0.3728     0.0852     0.0846 2.2809e+00     3.6498      2.678      3.884    15.0586 0.0000e+00
      2.746      0.060     0.4668      2.284     41.041  32.613000     3.7800     0.3232     0.0852     0.0846 2.2260e+00     5.2730      2.693      3.905    14.9924 0.0000e+00
      2.761      0.059     0.4039      1.861     41.062  32.578930     3.7800     0.3232     0.0852     0.0846 2.2111e+00     5.3933      2.708      3.927    14.9247 0.0000e+00
      2.776      0.059     0.3414      1.531     41.058  32.525454     3.7800     0.3232     0.0852     0.0846 2.1495e+00     5.2129      2.722      3.948    14.8577 0.0000e+00
      2.791      0.059     0.2828      1.289     41.038  32.458112     3.8700     0.3194     0.1278     0.1692 2.1509e+00     5.3933      2.737      3.969    14.7922 0.0000e+00
      2.806      0.059     0.2312      1.121     41.036  32.406472     3.8700     0.3194     0.1278     0.1692 2.0648e+00     5.7540      2.751      3.990    14.7287 0.0000e+00
      2.821      0.059     0.1886      1.017     41.073  32.388444     3.8700     0.3270     0.1278     0.1692 2.0060e+00     5.7239      2.766      4.012    14.6670 0.0000e+00
      2.836      0.059     0.1554      0.967     41.127  32.391298     3.8700     0.2774     0.1278     0.1692 1.9633e+00     5.8292      2.781      4.033    14.6054 0.0000e+00
      2.851      0.059     0.1310      0.967     41.172  32.392030     3.8700     0.3003     0.0852     0.2115 1.9434e+00     5.8292      2.796      4.055    14.5431 0.0000e+00
      2.866      0.059     0.1141      1.011     41.196  32.378954     3.8700     0.3385     0.0852     0.2115 1.9391e+00     5.2881      2.811      4.077    14.4817 0.0000e+00
      2.881      0.058     0.1037      1.093     41.198  32.348581     3.8700     0.3423     0.0852     0.2115 1.9578e+00     5.4083      2.825      4.098    14.4250 0.0000e+00
      2.896      0.058     0.0988      1.204     41.181  32.300734     3.8700     0.2851     0.0852     0.2115 1.9161e+00     5.2730      2.840      4.119    14.3764 0.0000e+00
      2.910      0.057     0.0989      1.334     41.153  32.242453     3.8700     0.3346     0.0852     0.2115 1.9099e+00     5.3332      2.854      4.140    14.3347 0.0000e+00
      2.925      0.056     0.1035      1.472     41.121  32.179979     3.8700     0.3919     0.0852     0.2115 1.8741e+00     3.7400      2.869      4.161    14.2957 0.0000e+00
      2.940      0.055     0.1120      1.608     41.097  32.124373     3.8700     0.3613     0.0852     0.2115 1.8418e+00     3.6197      2.883      4.181    14.2562 0.0000e+00
      2.954      0.054     0.1235      1.735     41.095  32.086548     3.8700     0.3652     0.0852     0.2115 1.8306e+00     3.6197      2.897      4.201    14.2148 0.0000e+00
      2.967      0.053     0.1370      1.852     41.105  32.060377     3.8700     0.3575     0.0852     0.2115 1.7746e+00     3.6648      2.910      4.221    14.1708 0.0000e+00
      2.981      0.052     0.1514      1.967     41.125  32.042841     3.9600     0.4148     0.0852     0.1269 1.7547e+00     3.6798      2.923      4.239    14.1254 0.0000e+00
      2.993      0.051     0.1655      2.089     41.163  32.037183     3.9600     0.4186     0.0852     0.1269 1.7543e+00     3.6949      2.935      4.257    14.0801 0.0000e+00
      3.006      0.050     0.1787      2.221     41.217  32.041893     3.9600     0.4491     0.0852     0.1269 1.7505e+00     3.6498      2.948      4.275    14.0367 0.0000e+00
      3.019      0.050     0.1909      2.361     41.294  32.062187     3.9600     0.4186     0.0852     0.1269 1.7095e+00     3.6197      2.960      4.293    13.9956 0.0000e+00
      3.031      0.050     0.2029      2.503     41.395  32.099514     3.9600     0.3728     0.1278     0.3384 1.7010e+00     3.6648      2.973      4.312    13.9550 0.0000e+00
      3.044      0.050     0.2157      2.636     41.511  32.144025     3.9600     0.3766     0.1278     0.3384 1.6984e+00     3.6949      2.985      4.330    13.9122 0.0000e+00
      3.057      0.051     0.2296      2.745     41.637  32.191746     3.9600     0.3804     0.1278     0.3384 1.6630e+00     3.6798      2.998      4.348    13.8670 0.0000e+00
      3.070      0.052     0.2444      2.815     41.776  32.245500     3.9600     0.3728     0.1278     0.3384 1.7062e+00     3.5746      3.010      4.366    13.8197 0.0000e+00
      3.083      0.053     0.2594      2.835     41.929  32.303778     3.9600     0.3842     0.1278     0.3384 1.6793e+00     4.1007      3.023      4.385    13.7697 0.0000e+00
      3.096      0.054     0.2735      2.804     42.093  32.368257     3.9600     0.3690     0.1278     0.3384 1.6479e+00     4.0556      3.037      4.404    13.7153 0.0000e+00
      3.110      0.055     0.2851      2.719     42.283  32.452168     3.9600     0.3690     0.1278     0.3384 1.6142e+00     4.1157      3.050      4.424    13.6563 0.0000e+00
      3.125      0.055     0.2927      2.585     42.523  32.573925     3.9600     0.3575     0.1278     0.3384 1.5682e+00     4.1458      3.064      4.444    13.5920 0.0000e+00
      3.139      0.056     0.2953      2.416     42.815  32.730350     3.9600     0.3118     0.1278     0.3384 1.5584e+00     4.8372      3.079      4.465    13.5214 0.0000e+00
      3.153      0.056     0.2924      2.225     43.138  32.907708     3.9600     0.3232     0.1278     0.4230 1.5679e+00     4.7921      3.093      4.485    13.4477 0.0000e+00
      3.168      0.057     0.2839      2.028     43.494  33.107744     3.9600     0.3156     0.1278     0.4230 1.5909e+00     4.8221      3.107      4.505    13.3751 0.0000e+00
      3.182      0.057     0.2704      1.845     43.856  33.306566     3.9600     0.3232     0.1278     0.4230 1.5805e+00     4.7620      3.121      4.526    13.3016 0.0000e+00
      3.197      0.056     0.2531      1.686     44.166  33.460156     3.9600     0.2431     0.1278     0.4230 1.5968e+00     6.2801      3.135      4.546    13.2238 0.0000e+00
      3.211      0.056     0.2334      1.561     44.408  33.563919     4.0500     0.2431     0.1278     0.3384 1.5727e+00     6.2801      3.149      4.567    13.1436 0.0000e+00
      3.226      0.056     0.2132      1.473     44.603  33.639580     4.0500     0.2355     0.1278     0.3384 1.5727e+00     6.2500      3.163      4.588    13.0617 0.0000e+00
      3.240      0.056     0.1942      1.415     44.770  33.701372     4.0500     0.2469     0.1278     0.3384 1.5415e+00     6.2801      3.178      4.608    12.9740 0.0000e+00
      3.254      0.056     0.1779      1.376     44.928  33.761810     4.0500     0.2355     0.1278     0.3384 1.5176e+00     6.7460      3.191      4.628    12.8811 0.0000e+00
      3.268      0.056     0.1651      1.347     45.078  33.819186     4.1400     0.2507     0.1704     0.2961 1.5048e+00     6.6708      3.205      4.648    12.7905 0.0000e+00
      3.282      0.056     0.1561      1.325     45.198  33.855131     4.1400     0.2507     0.1704     0.2961 1.4607e+00     6.7460      3.218      4.668    12.7092 0.0000e+00
      3.296      0.057     0.1502      1.307     45.297  33.875269     4.1400     0.2622     0.1704     0.2961 1.3988e+00     6.7911      3.232      4.688    12.6376 0.0000e+00
      3.311      0.057     0.1463      1.299     45.403  33.900812     4.1400     0.1973     0.1704     0.2961 1.3171e+00     6.9865      3.247      4.709    12.5724 0.0000e+00
