Data/DataNotYetUploadedToEDI/Raw_CTD/RawDownloads/062723_fcr50.1_S8188017.cnv
* Sea-Bird SBE19plus  Data File:
* FileName = C:\R\Reservoirs\Data\DataNotYetUploadedToEDI\Raw_CTD\RawDownloads\062623_fcr50_S8188_0017.hex
* Software version 2.8.0.119
* Temperature SN = 8188
* Conductivity SN = 8188
* System UpLoad Time = Jul 03 2023 16:34:45
* <ApplicationData>
* <Seaterm232>
# nquan = 16
# nvalues = 670                         
# units = specified
# name 0 = depFM: Depth [fresh water, m]
# name 1 = dz/dtM: Descent Rate [m/s]
# name 2 = sbeox0Mg/L: Oxygen, SBE 43 [mg/l]
# name 3 = sbeox0PS: Oxygen, SBE 43 [% saturation]
# name 4 = specc: Specific Conductance [uS/cm]
# name 5 = c0uS/cm: Conductivity [uS/cm]
# name 6 = wetCDOM: Fluorescence, WET Labs CDOM [mg/m^3]
# name 7 = flECO-AFL: Fluorescence, WET Labs ECO-AFL/FL [mg/m^3]
# name 8 = flECO-AFL1: Fluorescence, WET Labs ECO-AFL/FL, 2 [mg/m^3]
# name 9 = flECO-AFL2: Fluorescence, WET Labs ECO-AFL/FL, 3 [mg/m^3]
# name 10 = par/sat/log: PAR/Logarithmic, Satlantic
# name 11 = turbWETntu0: Turbidity, WET Labs ECO [NTU]
# name 12 = prdM: Pressure, Strain Gauge [db]
# name 13 = prdE: Pressure, Strain Gauge [psi]
# name 14 = tv290C: Temperature [ITS-90, deg C]
# name 15 = flag:  0.000e+00
# span 0 =     -0.725,      7.072       
# span 1 =     -0.268,      0.163       
# span 2 =    -0.1167,    17.5054       
# span 3 =     -1.131,    200.454       
# span 4 =      0.575,     49.373       
# span 5 =   0.501428,  49.368268       
# span 6 =    -4.5000,     7.2900       
# span 7 =    -0.1918,     3.3750       
# span 8 =    -2.1300,     0.6816       
# span 9 =    -2.0304,    20.6001       
# span 10 = 1.1590e-01, 5.8625e+02      
# span 11 =    -0.5436,    62.1621      
# span 12 =     -0.711,      6.935      
# span 13 =     -1.032,     10.058      
# span 14 =    10.5730,    25.0886      
# span 15 = 0.0000e+00, 0.0000e+00      
# interval = seconds: 0.25
# start_time = Jun 27 2023 15:42:37 [Instrument's time stamp, header]
# bad_flag = -9.990e-29
*END*
[from data line 272]
      2.225      0.107     1.8429     14.755     39.736  32.483502     3.9600     0.3919     0.0852     0.1692 7.8051e-01     2.0416      2.182      3.164    16.1797 0.0000e+00
      2.253      0.107     1.7592     13.619     39.806  32.465540     3.9600     0.3919     0.0852     0.1692 6.7388e-01     2.0416      2.209      3.204    16.1124 0.0000e+00
      2.281      0.106     1.6660     12.461     39.890  32.453414     3.9600     0.3728     0.0852     0.1692 7.0442e-01     2.1618      2.237      3.244    16.0391 0.0000e+00
      2.308      0.104     1.5649     11.300     39.984  32.447849     3.9600     0.3804     0.0852     0.1692 6.6529e-01     2.1017      2.263      3.282    15.9585 0.0000e+00
      2.334      0.103     1.4586     10.164     40.087  32.451316     3.8700     0.4148     0.0426     0.2538 6.4873e-01     2.5225      2.289      3.319    15.8712 0.0000e+00
      2.359      0.102     1.3488      9.070     40.188  32.452857     3.8700     0.4491     0.0426     0.2538 6.6414e-01     2.5376      2.314      3.356    15.7773 0.0000e+00
      2.384      0.102     1.2365      8.031     40.278  32.437039     3.8700     0.4262     0.0426     0.2538 6.6054e-01     2.5826      2.338      3.391    15.6769 0.0000e+00
      2.410      0.103     1.1236      7.051     40.370  32.415483     3.8700     0.4376     0.0426     0.2538 6.5170e-01     2.6277      2.363      3.427    15.5741 0.0000e+00
      2.436      0.103     1.0126      6.133     40.481  32.410157     3.8700     0.3804     0.0426     0.2538 6.5825e-01     2.5225      2.389      3.465    15.4742 0.0000e+00
      2.463      0.104     0.9054      5.263     40.595  32.419639     3.8700     0.3804     0.0852     0.2115 6.2589e-01     2.5977      2.416      3.503    15.3744 0.0000e+00
      2.491      0.105     0.8033      4.411     40.689  32.426652     3.8700     0.3613     0.0852     0.2115 6.3589e-01     2.5676      2.443      3.542    15.2650 0.0000e+00
      2.518      0.106     0.7070      3.551     40.754  32.417220     3.8700     0.3842     0.0852     0.2115 6.4916e-01     2.5075      2.469      3.581    15.1461 0.0000e+00
      2.544      0.107     0.6164      2.685     40.810  32.396751     3.8700     0.3079     0.0852     0.2115 5.9073e-01     2.5225      2.495      3.618    15.0300 0.0000e+00
      2.570      0.108     0.5300      1.841     40.887  32.383546     3.8700     0.3346     0.0852     0.3384 6.0647e-01     2.6277      2.521      3.656    14.9288 0.0000e+00
      2.597      0.109     0.4449      1.060     41.001  32.393883     3.8700     0.3079     0.0852     0.3384 6.0214e-01     2.4323      2.547      3.694    14.8448 0.0000e+00
      2.626      0.109     0.3586      0.383     41.145  32.430516     3.8700     0.3003     0.0852     0.3384 5.8372e-01     2.4925      2.575      3.735    14.7697 0.0000e+00
      2.655      0.109     0.2713     -0.163     41.300  32.483408     3.8700     0.4987     0.0852     0.3384 5.7578e-01     3.1688      2.604      3.776    14.6902 0.0000e+00
      2.684      0.108     0.1860     -0.564     41.453  32.542897     3.8700     0.5216     0.0852     0.2961 5.5297e-01     3.1087      2.632      3.817    14.5997 0.0000e+00
      2.711      0.106     0.1070     -0.829     41.615  32.612965     3.8700     0.4720     0.0852     0.2961 5.8422e-01     3.1838      2.659      3.856    14.5029 0.0000e+00
      2.737      0.104     0.0382     -0.987     41.805  32.704374     3.8700     0.5063     0.0852     0.2961 5.4203e-01     3.1838      2.684      3.894    14.4093 0.0000e+00
      2.763      0.102    -0.0174     -1.077     42.010  32.811793     3.8700     0.6208     0.0852     0.2961 5.3979e-01     3.6798      2.710      3.930    14.3257 0.0000e+00
      2.789      0.101    -0.0584     -1.124     42.234  32.942082     3.8700     0.5940     0.0852     0.4653 5.2214e-01     3.7249      2.735      3.966    14.2522 0.0000e+00
      2.814      0.099    -0.0855     -1.131     42.522  33.131962     3.8700     0.6169     0.0852     0.4653 5.2521e-01     3.6798      2.760      4.003    14.1832 0.0000e+00
      2.840      0.098    -0.1017     -1.099     42.945  33.430088     3.8700     0.6284     0.0852     0.4653 4.8983e-01     3.5897      2.785      4.039    14.1154 0.0000e+00
      2.864      0.098    -0.1111     -1.026     43.611  33.912000     3.8700     0.5788     0.0852     0.4653 5.0518e-01     3.9504      2.809      4.074    14.0524 0.0000e+00
      2.889      0.100    -0.1159     -0.911     44.589  34.621053     3.8700     0.5597     0.0852     0.4653 4.8601e-01     3.8301      2.833      4.109    14.0001 0.0000e+00
      2.913      0.102    -0.1167     -0.755     45.775  35.471051     3.9600     0.5368     0.0852     0.6345 4.8675e-01     3.9504      2.857      4.143    13.9597 0.0000e+00
      2.938      0.105    -0.1134     -0.562     46.936  36.282657     3.9600     0.5559     0.0852     0.6345 5.0518e-01     3.8903      2.881      4.179    13.9250 0.0000e+00
      2.966      0.108    -0.1059     -0.337     47.838  36.884091     3.9600     0.3690     0.0852     0.6345 4.7114e-01     3.1538      2.908      4.218    13.8856 0.0000e+00
      2.995      0.111    -0.0941     -0.095     48.400  37.225778     3.9600     0.3842     0.0852     0.6345 4.6879e-01     3.2740      2.937      4.260    13.8307 0.0000e+00
      3.025      0.113    -0.0780      0.149     48.717  37.388927     4.0500     0.3804     0.0852     0.3807 4.5022e-01     3.1989      2.966      4.302    13.7545 0.0000e+00
      3.054      0.113    -0.0581      0.387     48.882  37.444773     4.0500     0.3957     0.0852     0.3807 4.2172e-01     3.1838      2.995      4.344    13.6600 0.0000e+00
      3.083      0.113    -0.0348      0.613     48.952  37.429994     4.0500     0.3156     0.0852     0.3807 4.4652e-01     3.3642      3.024      4.385    13.5579 0.0000e+00
      3.111      0.113    -0.0096      0.820     48.996  37.392148     4.0500     0.3118     0.0852     0.3807 4.0651e-01     3.4995      3.051      4.426    13.4609 0.0000e+00
      3.140      0.112     0.0159      1.004     49.049  37.358776     4.2300     0.3079     0.0852     0.2961 3.9734e-01     3.4093      3.079      4.466    13.3759 0.0000e+00
      3.168      0.112     0.0408      1.165     49.108  37.332857     4.2300     0.3232     0.0852     0.2961 4.2725e-01     3.4394      3.107      4.507    13.3011 0.0000e+00
      3.197      0.111     0.0646      1.304     49.160  37.311440     4.2300     0.2927     0.0852     0.2961 4.0572e-01     4.3562      3.136      4.548    13.2301 0.0000e+00
      3.226      0.112     0.0864      1.422     49.208  37.292773     4.2300     0.2927     0.0852     0.2961 3.6736e-01     4.3111      3.164      4.589    13.1569 0.0000e+00
      3.254      0.112     0.1059      1.525     49.224  37.246128     4.2300     0.3346     0.0852     0.2961 3.7033e-01     4.4013      3.191      4.628    13.0807 0.0000e+00
      3.282      0.114     0.1229      1.612     49.120  37.095681     4.2300     0.3041     0.1278     0.2115 3.8669e-01     4.4464      3.218      4.668    13.0083 0.0000e+00
      3.310      0.116     0.1377      1.685     48.847  36.805272     4.2300     0.3194     0.1278     0.2115 3.7291e-01     5.4835      3.246      4.708    12.9457 0.0000e+00
      3.340      0.119     0.1503      1.744     48.495  36.449969     4.2300     0.3423     0.1278     0.2115 3.3817e-01     5.5135      3.275      4.750    12.8895 0.0000e+00
      3.371      0.121     0.1613      1.797     48.195  36.135070     4.2300     0.3194     0.1278     0.2115 3.6103e-01     5.5436      3.306      4.795    12.8287 0.0000e+00
      3.404      0.122     0.1709      1.848     47.917  35.843941     4.3200     0.3232     0.1278     0.1692 3.2804e-01     5.4684      3.338      4.841    12.7545 0.0000e+00
      3.436      0.123     0.1789      1.900     47.601  35.528652     4.3200     0.2011     0.1278     0.1692 3.4553e-01     7.1819      3.369      4.887    12.6677 0.0000e+00
      3.467      0.122     0.1856      1.956     47.323  35.241786     4.3200     0.2011     0.1278     0.1692 3.2218e-01     7.2270      3.400      4.932    12.5743 0.0000e+00
      3.498      0.121     0.1917      2.021     47.141  35.027655     4.3200     0.1744     0.1278     0.1692 3.1573e-01     7.1969      3.431      4.976    12.4816 0.0000e+00
      3.529      0.119     0.1975      2.104     47.024  34.868765     4.3200     0.1821     0.2130     0.2115 3.0171e-01     7.2119      3.460      5.019    12.3951 0.0000e+00
      3.559      0.117     0.2035      2.222     46.921  34.730664     4.3200     0.1286     0.2130     0.2115 3.0627e-01     8.8202      3.490      5.062    12.3128 0.0000e+00
      3.589      0.116     0.2099      2.398     46.803  34.586426     4.3200     0.1134     0.2130     0.2115 2.8298e-01     8.8051      3.520      5.105    12.2291 0.0000e+00
      3.618      0.114     0.2173      2.675     46.646  34.407491     4.3200     0.1210     0.2130     0.2115 2.8010e-01     8.9254      3.548      5.147    12.1459 0.0000e+00
      3.647      0.114     0.2268      3.121     46.440  34.179807     4.3200     0.1210     0.2556     0.0846 2.8029e-01     8.8652      3.576      5.187    12.0702 0.0000e+00
      3.675      0.115     0.2400      3.826     46.215  33.919897     4.3200     0.1248     0.2556     0.0846 2.8508e-01     9.1809      3.604      5.227    12.0046 0.0000e+00
      3.703      0.117     0.2596      4.932     45.958  33.621821     4.3200     0.1134     0.2556     0.0846 2.5959e-01     9.0907      3.631      5.267    11.9431 0.0000e+00
      3.733      0.121     0.2905      6.657     45.680  33.297187     4.3200     0.1248     0.2556     0.0846 2.6420e-01     9.1208      3.660      5.309    11.8758 0.0000e+00
      3.764      0.124     0.3400      9.306     45.477  33.023790     4.3200     0.1286     0.2556     0.0846 2.5684e-01     9.0907      3.691      5.353    11.7934 0.0000e+00
      3.796      0.128     0.4184     13.223     45.384  32.839617     4.2300     0.1325     0.2130     0.1269 2.3607e-01     5.5436      3.723      5.400    11.6909 0.0000e+00
      3.830      0.130     0.5410     18.716     45.342  32.713374     4.2300     0.1325     0.2130     0.1269 2.3276e-01     5.6338      3.757      5.448    11.5713 0.0000e+00
      3.865      0.132     0.7323     25.981     45.325  32.627234     4.2300     0.1363     0.2130     0.1269 2.4780e-01     5.5436      3.790      5.497    11.4392 0.0000e+00
      3.899      0.133     1.0260     34.985     45.333  32.578029     4.2300     0.1439     0.2130     0.1269 2.0857e-01     5.6037      3.824      5.546    11.3020 0.0000e+00
      3.933      0.133     1.4601     45.387     45.354  32.552636     3.8700     0.1706     0.1278     0.2115 2.2855e-01     4.8221      3.857      5.595    11.1749 0.0000e+00
      3.967      0.133     2.0689     56.568     45.376  32.536361     3.8700     0.1210     0.1278     0.2115 2.1988e-01     4.8071      3.890      5.642    11.0700 0.0000e+00
      4.000      0.134     2.8741     67.741     45.399  32.520905     3.8700     0.1515     0.1278     0.2115 1.9034e-01     4.7921      3.923      5.689    10.9889 0.0000e+00
      4.034      0.135     3.8722     78.096     45.417  32.502144     3.8700     0.1096     0.1278     0.2115 2.2069e-01     4.8823      3.956      5.737    10.9288 0.0000e+00
      4.068      0.136     5.0257     86.963     45.431  32.482995     3.7800     0.1210     0.0852     0.1269 2.2002e-01     4.8372      3.990      5.786    10.8848 0.0000e+00
      4.104      0.136     6.2665     93.943     45.443  32.470232     3.7800     0.1477     0.0852     0.1269 1.7201e-01     4.8372      4.025      5.837    10.8490 0.0000e+00
      4.140      0.136     7.5083     98.967     45.452  32.460451     3.7800     0.1363     0.0852     0.1269 1.7279e-01     4.8372      4.060      5.888    10.8142 0.0000e+00
      4.175      0.136     8.6612    102.224     45.456  32.451044     3.7800     0.1286     0.0852     0.1269 1.6649e-01     4.8672      4.094      5.938    10.7790 0.0000e+00
      4.209      0.135     9.6497    104.032     45.461  32.443463     3.7800     0.1401     0.1278     0.0846 1.6725e-01     4.8672      4.128      5.987    10.7476 0.0000e+00
      4.243      0.134    10.4284    104.725     45.466  32.435685     3.7800     0.1439     0.1278     0.0846 1.7510e-01     4.7921      4.161      6.035    10.7235 0.0000e+00
      4.277      0.133    10.9891    104.602     45.476  32.433557     3.7800     0.1515     0.1278     0.0846 1.4964e-01     4.8672      4.194      6.083    10.7062 0.0000e+00
      4.311      0.132    11.3535    103.906     45.495  32.440471     3.7800     0.1286     0.1278     0.0846 1.3215e-01     4.8522      4.227      6.132    10.6925 0.0000e+00
      4.345      0.131    11.5570    102.815     45.515  32.450351     3.7800     0.1172     0.1278     0.0846 1.2897e-01     5.1227      4.261      6.180    10.6798 0.0000e+00
      4.378      0.131    11.6369    101.442     45.530  32.457909     3.8700     0.1439     0.1278     0.1692 1.1617e-01     5.1077      4.294      6.228    10.6677 0.0000e+00
      4.411      0.131    11.6256     99.863     45.540  32.461200     3.8700     0.1363     0.1278     0.1692 1.4649e-01     5.0776      4.325      6.274    10.6578 0.0000e+00
      4.443      0.131    11.5499     98.161     45.546  32.461103     3.8700     0.1401     0.1278     0.1692 1.2667e-01     5.0025      4.357      6.320    10.6507 0.0000e+00
      4.476      0.131    11.4298     96.426     45.547  32.457591     3.8700     0.1286     0.1278     0.1692 1.2730e-01     5.0476      4.390      6.367    10.6459 0.0000e+00
      4.510      0.131    11.2782     94.727     45.547  32.453687     3.7800     0.1515     0.1278     0.1692 1.2010e-01     5.0175      4.423      6.415    10.6418 0.0000e+00
      4.545      0.131    11.1036     93.100     45.549  32.452311     3.7800     0.1439     0.1278     0.1692 1.1623e-01     5.1829      4.457      6.464    10.6377 0.0000e+00
      4.578      0.131    10.9155     91.565     45.558  32.457057     3.7800     0.1210     0.1278     0.1692 1.1775e-01     5.0326      4.490      6.512    10.6332 0.0000e+00
      4.612      0.131    10.7238     90.129     45.572  32.465230     3.7800     0.1210     0.1278     0.1692 1.1891e-01     5.0626      4.523      6.559    10.6285 0.0000e+00
      4.644      0.131    10.5358     88.795     45.577  32.467126     3.8700     0.1286     0.1278     0.1269 1.4867e-01     5.0025      4.555      6.606    10.6244 0.0000e+00
      4.677      0.131    10.3557     87.573     45.573  32.463253     3.8700     0.1134     0.1278     0.1269 1.1633e-01     4.9273      4.587      6.653    10.6212 0.0000e+00
      4.710      0.131    10.1855     86.467     45.571  32.460499     3.8700     0.1477     0.1278     0.1269 1.1602e-01     5.0776      4.619      6.700    10.6189 0.0000e+00
      4.744      0.131    10.0262     85.472     45.575  32.462088     3.8700     0.1592     0.1278     0.1269 1.1612e-01     5.1528      4.652      6.747    10.6171 0.0000e+00
      4.778      0.132     9.8782     84.578     45.580  32.464485     3.7800     0.1286     0.0852     0.1269 1.1605e-01     5.1077      4.685      6.795    10.6156 0.0000e+00
      4.812      0.132     9.7426     83.773     45.582  32.464367     3.7800     0.1325     0.0852     0.1269 1.1597e-01     5.0476      4.719      6.844    10.6143 0.0000e+00
      4.846      0.132     9.6198     83.050     45.580  32.461704     3.7800     0.1401     0.0852     0.1269 1.1623e-01     5.0326      4.752      6.892    10.6129 0.0000e+00
      4.880      0.131     9.5094     82.405     45.578  32.459746     3.7800     0.1019     0.0852     0.1269 1.1625e-01     4.9724      4.786      6.941    10.6114 0.0000e+00
