Data/DataNotYetUploadedToEDI/Raw_CTD/RawDownloads/062722_fcr50_S8188003.cnv
* Sea-Bird SBE19plus  Data File:
* FileName = C:\R\Reservoirs\Data\DataNotYetUploadedToEDI\Raw_CTD\RawDownloads\SBE19plus_01908188_062722_fcr50_0003.hex
* Software version 2.8.0.119
* Temperature SN = 8188
* Conductivity SN = 8188
* System UpLoad Time = Jun 29 2022 16:04:39
* <ApplicationData>
* <Seaterm232>
# nquan = 16
# nvalues = 1593                        
# units = specified
# name 0 = depFM: Depth [fresh water, m]
# name 1 = dz/dtM: Descent Rate [m/s]
# name 2 = sbeox0Mg/L: Oxygen, SBE 43 [mg/l]
# name 3 = sbeox0PS: Oxygen, SBE 43 [% saturation]
# name 4 = specc: Specific Conductance [uS/cm]
# name 5 = c0uS/cm: Conductivity [uS/cm]
# name 6 = wetCDOM: Fluorescence, WET Labs CDOM [mg/m^3]
# name 7 = flECO-AFL: Fluorescence, WET Labs ECO-AFL/FL [mg/m^3]
# name 8 = flECO-AFL1: Fluorescence, WET Labs ECO-AFL/FL, 2 [mg/m^3]
# name 9 = flECO-AFL2: Fluorescence, WET Labs ECO-AFL/FL, 3 [mg/m^3]
# name 10 = par/sat/log: PAR/Logarithmic, Satlantic
# name 11 = turbWETntu0: Turbidity, WET Labs ECO [NTU]
# name 12 = prdM: Pressure, Strain Gauge [db]
# name 13 = prdE: Pressure, Strain Gauge [psi]
# name 14 = tv290C: Temperature [ITS-90, deg C]
# name 15 = flag:  0.000e+00
# span 0 =     -0.670,      9.543       
# span 1 =     -0.237,      0.212       
# span 2 =    -0.7445,    13.7868       
# span 3 =     -7.570,    164.293       
# span 4 =  -1552.769,    373.328       
# span 5 = -1.113e+03, 267.751339       
# span 6 =    -4.7835,    25.3318       
# span 7 =    -0.0076,     6.6580       
# span 8 =    -2.2563,     1.3131       
# span 9 =    -2.1444,    19.7123       
# span 10 = 1.1599e-01, 5.9533e+02      
# span 11 =     0.2728,     9.8126      
# span 12 =     -0.658,      9.358      
# span 13 =     -0.954,     13.573      
# span 14 =    10.2822,    25.9159      
# span 15 = 0.0000e+00, 0.0000e+00      
# interval = seconds: 0.25
# start_time = Jun 27 2022 12:00:56 [Instrument's time stamp, header]
# bad_flag = -9.990e-29
*END*
[from data line 1085]
      8.376     -0.033     0.4109      3.723     49.843  35.220473     4.2301     0.8786     0.1665     0.2066 1.1617e-01     9.8120      8.215     11.915    10.3405 0.0000e+00
      8.369     -0.031     0.4075      3.743     49.805  35.192005     4.2299     0.8185     0.1754     0.2181 1.1618e-01     9.8117      8.208     11.905    10.3373 0.0000e+00
      8.361     -0.034     0.4099      3.745     49.765  35.162518     4.2301     0.7857     0.2083     0.2912 1.1615e-01     9.8118      8.199     11.892    10.3337 0.0000e+00
      8.355     -0.044     0.4138      3.726     49.724  35.134027     4.2298     0.7842     0.2159     0.2951 1.1609e-01     9.8122      8.193     11.883    10.3312 0.0000e+00
      8.349     -0.059     0.4172      3.706     49.698  35.117604     4.2304     0.7948     0.2112     0.3032 1.1608e-01     9.8122      8.190     11.879    10.3293 0.0000e+00
      8.337     -0.075     0.4201      3.715     49.669  35.098986     4.2294     0.8133     0.2141     0.2813 1.1612e-01     9.8118      8.181     11.865    10.3277 0.0000e+00
      8.314     -0.091     0.4202      3.735     49.589  35.043963     4.2311     0.8233     0.2123     0.1427 1.1618e-01     9.8111      8.157     11.831    10.3256 0.0000e+00
      8.281     -0.106     0.4179      3.738     49.514  34.992472     4.2283     0.8259     0.2135     0.1164 1.1618e-01     9.8109      8.122     11.780    10.3261 0.0000e+00
      8.246     -0.116     0.4129      3.744     49.548  35.016571     4.2328     0.8465     0.2125     0.1345 1.1611e-01     9.8115      8.084     11.725    10.3289 0.0000e+00
      8.215     -0.119     0.4156      3.776     49.616  35.065261     4.2254     0.8842     0.2135     0.1203 1.1611e-01     9.8119      8.057     11.685    10.3309 0.0000e+00
      8.184     -0.118     0.4197      3.802     49.581  35.041037     4.2375     0.9052     0.2123     0.1341 1.1616e-01     9.8103      8.028     11.644    10.3320 0.0000e+00
      8.152     -0.114     0.4188      3.808     49.513  34.993761     4.3133     0.9086     0.2140     0.1622 1.1616e-01     9.7939      7.992     11.591    10.3328 0.0000e+00
      8.125     -0.107     0.4168      3.802     49.569  35.033805     4.3221     0.9166     0.2114     0.1751 1.1611e-01     9.6134      7.966     11.553    10.3334 0.0000e+00
      8.101     -0.100     0.4238      3.786     49.691  35.120087     4.3221     0.9300     0.2155     0.1629 1.1610e-01     9.2818      7.947     11.528    10.3344 0.0000e+00
      8.074     -0.097     0.4268      3.784     49.652  35.091722     4.3133     0.9372     0.2089     0.1774 1.1612e-01     9.0993      7.917     11.484    10.3354 0.0000e+00
      8.048     -0.102     0.4263      3.791     49.466  34.960913     4.2375     0.9381     0.1745     0.2469 1.1616e-01     9.0674      7.886     11.438    10.3353 0.0000e+00
      8.030     -0.114     0.4271      3.779     49.360  34.888871     4.2254     0.9346     0.1678     0.2560 1.1619e-01     8.8960      7.874     11.421    10.3363 0.0000e+00
      8.012     -0.129     0.4228      3.774     49.365  34.895863     4.2328     0.9269     0.1719     0.2559 1.1615e-01     8.5840      7.865     11.408    10.3365 0.0000e+00
      7.978     -0.143     0.4227      3.794     49.381  34.910429     4.2283     0.9227     0.1695     0.2470 1.1610e-01     8.4148      7.830     11.357    10.3343 0.0000e+00
      7.928     -0.150     0.4264      3.814     49.409  34.929957     4.2310     0.9215     0.1710     0.1771 1.1610e-01     8.4082      7.775     11.277    10.3347 0.0000e+00
      7.875     -0.149     0.4226      3.840     49.509  34.996935     4.2294     0.9152     0.1701     0.1633 1.1611e-01     8.5018      7.721     11.198    10.3383 0.0000e+00
      7.828     -0.140     0.4202      3.877     49.584  35.045056     4.2304     0.9047     0.1706     0.1746 1.1611e-01     8.6758      7.672     11.128    10.3417 0.0000e+00
      7.792     -0.126     0.4261      3.912     49.484  34.971634     4.2297     0.8997     0.1703     0.1631 1.1611e-01     8.7701      7.634     11.072    10.3463 0.0000e+00
      7.772     -0.114     0.4263      3.942     49.319  34.851901     4.2301     0.9009     0.1705     0.1326 1.1607e-01     8.7725      7.618     11.049    10.3472 0.0000e+00
      7.760     -0.106     0.4290      3.966     49.267  34.812706     4.2299     0.9137     0.1704     0.1228 1.1609e-01     8.7059      7.613     11.042    10.3406 0.0000e+00
      7.740     -0.105     0.4349      3.988     49.297  34.835320     4.2300     0.9371     0.1705     0.1305 1.1613e-01     8.5823      7.596     11.017    10.3367 0.0000e+00
      7.708     -0.109     0.4379      4.006     49.322  34.855254     4.2299     0.9498     0.1704     0.1230 1.1608e-01     8.5146      7.561     10.967    10.3346 0.0000e+00
      7.671     -0.112     0.4420      4.008     49.315  34.851169     4.2300     0.9518     0.1704     0.1321 1.1602e-01     8.5043      7.522     10.908    10.3296 0.0000e+00
      7.636     -0.110     0.4441      4.005     49.322  34.853458     4.2300     0.9619     0.1704     0.1639 1.1603e-01     8.4556      7.487     10.859    10.3271 0.0000e+00
      7.605     -0.103     0.4465      4.009     49.370  34.882931     4.2300     0.9791     0.1704     0.1732 1.1607e-01     8.3670      7.456     10.814    10.3286 0.0000e+00
      7.580     -0.091     0.4498      4.008     49.356  34.869927     4.2300     0.9872     0.1704     0.1656 1.1608e-01     8.3188      7.431     10.776    10.3327 0.0000e+00
      7.564     -0.077     0.4489      3.991     49.306  34.831267     4.2300     0.9863     0.1704     0.1733 1.1611e-01     8.3154      7.417     10.757    10.3341 0.0000e+00
      7.550     -0.066     0.4479      3.978     49.293  34.820600     4.2300     0.9818     0.1704     0.2084 1.1616e-01     8.3259      7.406     10.741    10.3298 0.0000e+00
      7.533     -0.060     0.4489      3.976     49.277  34.808470     4.2300     0.9762     0.1704     0.2118 1.1618e-01     8.3458      7.386     10.713    10.3251 0.0000e+00
      7.517     -0.060     0.4505      3.986     49.293  34.819640     4.2300     0.9737     0.1704     0.2140 1.1615e-01     8.3571      7.370     10.689    10.3220 0.0000e+00
      7.506     -0.063     0.4463      4.016     49.389  34.888130     4.2300     0.9713     0.1704     0.2056 1.1614e-01     8.3623      7.362     10.677    10.3189 0.0000e+00
      7.493     -0.064     0.4449      4.042     49.493  34.961395     4.2300     0.9515     0.1705     0.1324 1.1616e-01     8.4078      7.351     10.662    10.3169 0.0000e+00
      7.474     -0.065     0.4457      4.060     49.494  34.962770     4.2300     0.9156     0.1703     0.1256 1.1621e-01     8.4907      7.332     10.634    10.3165 0.0000e+00
      7.451     -0.069     0.4446      4.082     49.412  34.904763     4.2300     0.8957     0.1706     0.1243 1.1624e-01     8.5355      7.306     10.595    10.3166 0.0000e+00
      7.432     -0.076     0.4507      4.087     49.359  34.867707     4.2300     0.8933     0.1701     0.1339 1.1620e-01     8.5337      7.286     10.566    10.3166 0.0000e+00
      7.419     -0.082     0.4536      4.075     49.336  34.852318     4.2300     0.9024     0.1709     0.2034 1.1616e-01     8.4713      7.278     10.554    10.3169 0.0000e+00
      7.403     -0.085     0.4535      4.071     49.336  34.853733     4.2300     0.9234     0.1696     0.2174 1.1615e-01     8.3573      7.264     10.536    10.3174 0.0000e+00
      7.378     -0.083     0.4585      4.063     49.377  34.884828     4.2301     0.9362     0.1717     0.2063 1.1612e-01     8.2954      7.236     10.496    10.3177 0.0000e+00
      7.347     -0.078     0.4592      4.048     49.386  34.890685     4.2299     0.9366     0.1683     0.2173 1.1607e-01     8.2899      7.204     10.448    10.3181 0.0000e+00
      7.319     -0.074     0.4548      4.048     49.340  34.857036     4.2302     0.9337     0.1739     0.2038 1.1604e-01     8.2907      7.173     10.404    10.3187 0.0000e+00
      7.301     -0.073     0.4569      4.066     49.282  34.815573     4.2297     0.9306     0.2100     0.1333 1.1606e-01     8.2932      7.154     10.377    10.3203 0.0000e+00
      7.295     -0.077     0.4556      4.084     49.251  34.794468     4.2305     0.9291     0.2138     0.1255 1.1609e-01     8.2942      7.154     10.376    10.3232 0.0000e+00
      7.290     -0.086     0.4526      4.079     49.262  34.804412     4.2292     0.9295     0.2144     0.1237 1.1611e-01     8.2894      7.154     10.377    10.3230 0.0000e+00
      7.271     -0.098     0.4523      4.053     49.253  34.800776     4.2313     0.9410     0.2092     0.1354 1.1613e-01     8.2343      7.136     10.351    10.3203 0.0000e+00
      7.236     -0.112     0.4556      4.049     49.179  34.750508     4.2278     0.9621     0.1750     0.2456 1.1614e-01     8.1331      7.099     10.296    10.3196 0.0000e+00
      7.193     -0.123     0.4585      4.072     49.158  34.736771     4.2336     0.9730     0.1666     0.2559 1.1610e-01     8.0775      7.053     10.229    10.3206 0.0000e+00
      7.153     -0.128     0.4585      4.080     49.205  34.769722     4.2242     0.9736     0.1745     0.2573 1.1606e-01     8.0709      7.009     10.166    10.3228 0.0000e+00
      7.121     -0.125     0.4529      4.079     49.169  34.743808     4.2395     0.9790     0.1652     0.2440 1.1615e-01     8.0579      6.981     10.125    10.3261 0.0000e+00
      7.095     -0.112     0.4508      4.087     49.100  34.693528     4.3101     0.9897     0.1329     0.1377 1.1629e-01     8.0349      6.959     10.093    10.3288 0.0000e+00
      7.068     -0.092     0.4587      4.119     49.116  34.701938     4.3274     0.9954     0.1241     0.1201 1.1626e-01     8.0222      6.932     10.054    10.3295 0.0000e+00
      7.041     -0.071     0.4562      4.158     49.135  34.710443     4.3135     0.9938     0.1309     0.1314 1.1616e-01     8.0226      6.903     10.012    10.3291 0.0000e+00
      7.019     -0.055     0.4572      4.180     49.072  34.661321     4.3273     0.9751     0.1245     0.1238 1.1615e-01     8.0432      6.879      9.977    10.3284 0.0000e+00
      7.009     -0.048     0.4559      4.196     49.058  34.648149     4.3100     0.9418     0.1321     0.1295 1.1616e-01     8.0810      6.869      9.962    10.3277 0.0000e+00
      7.013     -0.049     0.4608      4.199     49.113  34.686214     4.2394     0.9246     0.1667     0.1242 1.1616e-01     8.1012      6.877      9.974    10.3251 0.0000e+00
      7.017     -0.057     0.4678      4.189     49.153  34.716450     4.2242     0.9235     0.1718     0.1303 1.1613e-01     8.1026      6.888      9.991    10.3187 0.0000e+00
      7.005     -0.067     0.4673      4.186     49.186  34.743657     4.2335     0.9240     0.1709     0.1219 1.1611e-01     8.0993      6.879      9.977    10.3137 0.0000e+00
      6.973     -0.082     0.4714      4.195     49.185  34.745103     4.2278     0.9321     0.1679     0.1347 1.1610e-01     8.0597      6.842      9.923    10.3110 0.0000e+00
      6.934     -0.097     0.4708      4.201     49.168  34.733948     4.2314     0.9476     0.1303     0.2041 1.1614e-01     7.9871      6.794      9.853    10.3088 0.0000e+00
      6.906     -0.105     0.4692      4.209     49.182  34.743823     4.2292     0.9569     0.1272     0.2151 1.1617e-01     7.9481      6.768      9.817    10.3115 0.0000e+00
      6.887     -0.101     0.4677      4.214     49.162  34.729461     4.2305     0.9595     0.1266     0.2109 1.1617e-01     7.9491      6.758      9.802    10.3171 0.0000e+00
      6.863     -0.089     0.4711      4.219     49.114  34.695338     4.2297     0.9706     0.1311     0.2094 1.1616e-01     7.9966      6.732      9.764    10.3194 0.0000e+00
      6.834     -0.076     0.4697      4.232     49.174  34.736353     4.2302     0.9907     0.1667     0.1720 1.1615e-01     8.0841      6.699      9.715    10.3195 0.0000e+00
      6.813     -0.068     0.4721      4.225     49.295  34.820256     4.2299     1.0009     0.1728     0.1676 1.1615e-01     8.1312      6.677      9.685    10.3196 0.0000e+00
      6.801     -0.063     0.4724      4.199     49.314  34.832068     4.2301     1.0003     0.1689     0.1700 1.1617e-01     8.1317      6.667      9.671    10.3190 0.0000e+00
      6.794     -0.058     0.4710      4.170     49.286  34.811643     4.2298     0.9936     0.1716     0.1691 1.1620e-01     8.0944      6.664      9.665    10.3191 0.0000e+00
      6.783     -0.056     0.4759      4.155     49.332  34.843371     4.2303     0.9804     0.1694     0.1686 1.1616e-01     8.0256      6.656      9.653    10.3183 0.0000e+00
      6.767     -0.056     0.4739      4.146     49.382  34.878097     4.2297     0.9736     0.1715     0.1705 1.1615e-01     7.9882      6.635      9.623    10.3155 0.0000e+00
      6.749     -0.056     0.4707      4.141     49.406  34.893917     4.2305     0.9746     0.1688     0.1668 1.1622e-01     7.9830      6.618      9.599    10.3141 0.0000e+00
      6.731     -0.055     0.4662      4.146     49.417  34.899621     4.2293     0.9765     0.1727     0.1733 1.1616e-01     7.9605      6.603      9.577    10.3135 0.0000e+00
      6.713     -0.052     0.4653      4.161     49.391  34.879541     4.2312     0.9791     0.1668     0.1624 1.1603e-01     7.9197      6.580      9.543    10.3123 0.0000e+00
      6.703     -0.047     0.4647      4.179     49.356  34.853681     4.2280     0.9818     0.1310     0.0905 1.1603e-01     7.8974      6.570      9.528    10.3128 0.0000e+00
      6.698     -0.043     0.4633      4.185     49.361  34.857035     4.2332     0.9817     0.1268     0.0833 1.1610e-01     7.8967      6.572      9.532    10.3120 0.0000e+00
      6.689     -0.040     0.4640      4.176     49.451  34.920095     4.2248     0.9730     0.1268     0.0817 1.1612e-01     7.9172      6.562      9.517    10.3088 0.0000e+00
      6.676     -0.039     0.4661      4.176     49.576  35.008465     4.2385     0.9588     0.1310     0.0924 1.1610e-01     7.9562      6.544      9.491    10.3066 0.0000e+00
      6.665     -0.040     0.4686      4.187     49.631  35.047763     4.3116     0.9511     0.1668     0.1596 1.1612e-01     7.9776      6.534      9.477    10.3063 0.0000e+00
      6.656     -0.044     0.4701      4.189     49.548  34.990130     4.3249     0.9507     0.1725     0.1777 1.1614e-01     7.9798      6.528      9.468    10.3060 0.0000e+00
      6.646     -0.049     0.4673      4.179     49.444  34.919292     4.3175     0.9549     0.1690     0.1597 1.1614e-01     7.9837      6.517      9.453    10.3047 0.0000e+00
      6.636     -0.053     0.4671      4.178     49.459  34.933984     4.3208     0.9616     0.1712     0.1819 1.1613e-01     7.9905      6.509      9.440    10.3046 0.0000e+00
      6.623     -0.057     0.4698      4.188     49.499  34.965222     4.3207     0.9644     0.1699     0.2848 1.1613e-01     7.9939      6.499      9.426    10.3060 0.0000e+00
      6.602     -0.061     0.4702      4.201     49.489  34.959388     4.3175     0.9651     0.1707     0.3011 1.1615e-01     7.9909      6.475      9.391    10.3065 0.0000e+00
      6.581     -0.063     0.4675      4.212     49.544  34.998489     4.3249     0.9706     0.1702     0.2962 1.1613e-01     7.9555      6.449      9.353    10.3081 0.0000e+00
      6.567     -0.066     0.4675      4.197     49.593  35.032876     4.3116     0.9781     0.1705     0.2907 1.1612e-01     7.8903      6.440      9.341    10.3145 0.0000e+00
      6.554     -0.070     0.4696      4.176     49.504  34.970042     4.2386     0.9806     0.1703     0.2182 1.1615e-01     7.8546      6.431      9.328    10.3182 0.0000e+00
      6.537     -0.075     0.4696      4.172     49.423  34.913952     4.2247     0.9802     0.1706     0.2071 1.1616e-01     7.8517      6.409      9.297    10.3170 0.0000e+00
      6.520     -0.080     0.4740      4.171     49.393  34.894852     4.2332     0.9849     0.1701     0.2148 1.1615e-01     7.8560      6.393      9.273    10.3177 0.0000e+00
