Data/DataNotYetUploadedToEDI/Raw_CTD/RawDownloads/062723_fcrXX_S8188004.cnv
* Sea-Bird SBE19plus  Data File:
* FileName = C:\R\Reservoirs\Data\DataNotYetUploadedToEDI\Raw_CTD\RawDownloads\062623_fcr50_S8188_0004.hex
* Software version 2.8.0.119
* Temperature SN = 8188
* Conductivity SN = 8188
* System UpLoad Time = Jul 03 2023 16:31:31
* <ApplicationData>
* <Seaterm232>
# nquan = 16
# nvalues = 499                         
# units = specified
# name 0 = depFM: Depth [fresh water, m]
# name 1 = dz/dtM: Descent Rate [m/s]
# name 2 = sbeox0Mg/L: Oxygen, SBE 43 [mg/l]
# name 3 = sbeox0PS: Oxygen, SBE 43 [% saturation]
# name 4 = specc: Specific Conductance [uS/cm]
# name 5 = c0uS/cm: Conductivity [uS/cm]
# name 6 = wetCDOM: Fluorescence, WET Labs CDOM [mg/m^3]
# name 7 = flECO-AFL: Fluorescence, WET Labs ECO-AFL/FL [mg/m^3]
# name 8 = flECO-AFL1: Fluorescence, WET Labs ECO-AFL/FL, 2 [mg/m^3]
# name 9 = flECO-AFL2: Fluorescence, WET Labs ECO-AFL/FL, 3 [mg/m^3]
# name 10 = par/sat/log: PAR/Logarithmic, Satlantic
# name 11 = turbWETntu0: Turbidity, WET Labs ECO [NTU]
# name 12 = prdM: Pressure, Strain Gauge [db]
# name 13 = prdE: Pressure, Strain Gauge [psi]
# name 14 = tv290C: Temperature [ITS-90, deg C]
# name 15 = flag:  0.000e+00
# span 0 =     -0.728,     -0.180       
# span 1 =     -0.163,      0.140       
# span 2 =     4.8273,    15.5636       
# span 3 =     57.686,    184.094       
# span 4 =      0.319,     47.664       
# span 5 =   0.291786,  47.262741       
# span 6 =    -4.5000,     6.5700       
# span 7 =    -2.4921,     3.8023       
# span 8 =    -2.1300,     1.7466       
# span 9 =    -2.4111,    17.5968       
# span 10 = 2.6569e+02, 2.4499e+03      
# span 11 =    -3.4294,    22.5878      
# span 12 =     -0.714,     -0.177      
# span 13 =     -1.035,     -0.256      
# span 14 =    20.6966,    24.6988      
# span 15 = 0.0000e+00, 0.0000e+00      
# interval = seconds: 0.25
# start_time = Jun 27 2023 12:56:55 [Instrument's time stamp, header]
# bad_flag = -9.990e-29
*END*
[from data line 272]
     -0.726 -2.433e-07     7.0306     84.338      0.502   0.492537     0.0000    -0.1269     0.0000     0.0846 5.9744e+02    -0.4835     -0.712     -1.033    24.0825 0.0000e+00
     -0.726 -3.129e-07     7.0451     84.512      0.500   0.490734     0.0000    -0.1308     0.0000     0.0846 6.2901e+02    -0.4685     -0.712     -1.033    24.0766 0.0000e+00
     -0.726 -4.023e-07     7.0602     84.679      0.502   0.492295     0.0000    -0.1346     0.0000     0.0846 6.7534e+02    -0.3332     -0.712     -1.033    24.0708 0.0000e+00
     -0.726 -4.024e-07     7.0757     84.837      0.506   0.495661     0.0000    -0.1231     0.0000     0.0846 7.3426e+02    -0.4685     -0.712     -1.033    24.0651 0.0000e+00
     -0.726 -3.132e-07     7.0912     84.988      0.508   0.497775     0.0000    -0.1308    -0.0426    -0.1269 7.9505e+02    -0.5136     -0.712     -1.033    24.0596 0.0000e+00
     -0.726 -2.439e-07     7.1065     85.133      0.507   0.497224     0.0000    -0.1384    -0.0426    -0.1269 8.5082e+02    -0.5136     -0.712     -1.033    24.0543 0.0000e+00
     -0.726 -1.900e-07     7.1213     85.271      0.506   0.495837     0.0000    -0.1346    -0.0426    -0.1269 8.8707e+02    -0.4084     -0.712     -1.033    24.0491 0.0000e+00
     -0.726 -1.483e-07     7.1352     85.408      0.506   0.495223     0.0000    -0.1269    -0.0426    -0.1269 8.9656e+02    -0.6789     -0.712     -1.033    24.0440 0.0000e+00
     -0.726 -1.159e-07     7.1486     85.549      0.504   0.493239     0.0000    -0.1460    -0.1278     0.0846 8.8649e+02    -0.5136     -0.712     -1.033    24.0391 0.0000e+00
     -0.726 -9.091e-08     7.1615     85.694      0.500   0.489358     0.0000    -0.1460    -0.1278     0.0846 8.7406e+02    -0.4534     -0.712     -1.033    24.0342 0.0000e+00
     -0.726 -7.169e-08     7.1737     85.839      0.497   0.486498     0.0000    -0.1155    -0.1278     0.0846 8.7406e+02    -0.5136     -0.712     -1.033    24.0293 0.0000e+00
     -0.726 -5.701e-08     7.1859     85.982      0.496   0.485874     0.0000    -0.1041    -0.1278     0.0846 8.7653e+02    -0.5737     -0.712     -1.033    24.0245 0.0000e+00
     -0.726 -4.595e-08     7.1984     86.118      0.497   0.487319     0.0000    -0.1155    -0.1278     0.0846 8.8726e+02    -0.4685     -0.712     -1.033    24.0197 0.0000e+00
     -0.726 -3.782e-08     7.2112     86.246      0.499   0.489241     0.0000    -0.1155     0.0000     0.0846 8.7254e+02    -0.4534     -0.712     -1.033    24.0149 0.0000e+00
     -0.726 -3.208e-08     7.2241     86.364      0.500   0.490177     0.0000    -0.1002     0.0000     0.0846 8.4529e+02    -0.4835     -0.712     -1.033    24.0101 0.0000e+00
     -0.726 -2.839e-08     7.2368     86.477      0.501   0.490375     0.0000    -0.1231     0.0000     0.0846 8.2784e+02    -0.4534     -0.712     -1.033    24.0052 0.0000e+00
     -0.726 -2.649e-08     7.2489     86.584      0.500   0.489888     0.0000    -0.1269     0.0000     0.0846 8.1198e+02    -0.4534     -0.712     -1.033    24.0004 0.0000e+00
     -0.726 -2.628e-08     7.2603     86.691      0.498   0.488587     0.0000    -0.1117    -0.0426    -0.1269 7.8646e+02    -0.4985     -0.712     -1.033    23.9956 0.0000e+00
     -0.726 -2.773e-08     7.2709     86.798      0.496   0.486125     0.0000    -0.1422    -0.0426    -0.1269 7.6905e+02    -0.4985     -0.712     -1.033    23.9908 0.0000e+00
     -0.726 -3.095e-08     7.2810     86.904      0.494   0.483822     0.0000    -0.1002    -0.0426    -0.1269 7.5465e+02    -0.4685     -0.712     -1.033    23.9860 0.0000e+00
     -0.726 -3.613e-08     7.2907     87.010      0.491   0.481064     0.0000    -0.1422    -0.0426    -0.1269 7.4747e+02    -0.4534     -0.712     -1.033    23.9811 0.0000e+00
     -0.726 -4.360e-08     7.3003     87.117      0.485   0.475139     0.0000    -0.1422    -0.1278    -0.0423 7.5662e+02    -0.4534     -0.712     -1.033    23.9763 0.0000e+00
     -0.726 -5.385e-08     7.3100     87.226      0.477   0.466443     0.0000    -0.1193    -0.1278    -0.0423 7.6938e+02    -0.5436     -0.712     -1.033    23.9715 0.0000e+00
     -0.726 -5.940e-08     7.3196     87.333      0.469   0.458589     0.0000    -0.1193    -0.1278    -0.0423 7.7610e+02    -0.4835     -0.712     -1.033    23.9667 0.0000e+00
     -0.726 -5.251e-08     7.3292     87.436      0.467   0.457391     0.0000    -0.1231    -0.1278    -0.0423 7.6190e+02    -0.4835     -0.712     -1.033    23.9619 0.0000e+00
     -0.726 -4.084e-08     7.3389     87.538      0.473   0.462529     0.0000    -0.1193    -0.1278    -0.0423 7.3698e+02    -0.4534     -0.712     -1.033    23.9572 0.0000e+00
     -0.726 -3.176e-08     7.3487     87.639      0.478   0.467465     0.0000    -0.1575     0.0000    -0.2115 7.1661e+02    -0.5136     -0.712     -1.033    23.9526 0.0000e+00
     -0.726 -2.471e-08     7.3584     87.737      0.480   0.469561     0.0000    -0.1002     0.0000    -0.2115 7.2161e+02    -0.3933     -0.712     -1.033    23.9479 0.0000e+00
     -0.726 -1.922e-08     7.3677     87.836      0.480   0.469376     0.0000    -0.1384     0.0000    -0.2115 7.5072e+02    -0.4835     -0.712     -1.033    23.9434 0.0000e+00
     -0.726 -1.495e-08     7.3769     87.934      0.477   0.466861     0.0000    -0.1269     0.0000    -0.2115 7.8902e+02    -0.5286     -0.712     -1.033    23.9389 0.0000e+00
     -0.726 -1.162e-08     7.3860     88.032      0.475   0.465299     0.0000    -0.1002     0.0000    -0.1692 8.3325e+02    -0.5737     -0.712     -1.033    23.9346 0.0000e+00
     -0.726 -9.040e-09     7.3948     88.128      0.478   0.468227     0.0000    -0.1079     0.0000    -0.1692 8.8610e+02    -0.3933     -0.712     -1.033    23.9303 0.0000e+00
     -0.726 -7.032e-09     7.4037     88.222      0.483   0.472473     0.0000    -0.1269     0.0000    -0.1692 9.3761e+02    -0.4084     -0.712     -1.033    23.9262 0.0000e+00
     -0.726 -5.470e-09     7.4126     88.316      0.486   0.475215     0.0000    -0.1193     0.0000    -0.1692 9.7120e+02    -0.4534     -0.712     -1.033    23.9221 0.0000e+00
     -0.726 -4.254e-09     7.4214     88.405      0.488   0.477184     0.0000    -0.1308     0.1278    -0.2538 9.8888e+02    -0.4084     -0.712     -1.033    23.9182 0.0000e+00
     -0.726 -3.309e-09     7.4300     88.490      0.490   0.478906     0.0000    -0.1269     0.1278    -0.2538 9.9859e+02    -0.3633     -0.712     -1.033    23.9144 0.0000e+00
     -0.726 -2.574e-09     7.4385     88.573      0.492   0.480838     0.0000    -0.1041     0.1278    -0.2538 9.9859e+02    -0.4835     -0.712     -1.033    23.9106 0.0000e+00
     -0.726 -2.002e-09     7.4469     88.655      0.494   0.483497     0.0000    -0.1346     0.1278    -0.2538 9.9362e+02    -0.5136     -0.712     -1.033    23.9069 0.0000e+00
     -0.726 -1.557e-09     7.4549     88.737      0.497   0.485614     0.0000    -0.1384     0.0000    -0.1269 9.9038e+02    -0.4985     -0.712     -1.033    23.9033 0.0000e+00
     -0.726 -1.211e-09     7.4626     88.821      0.497   0.485776     0.0000    -0.1079     0.0000    -0.1269 9.8652e+02    -0.4534     -0.712     -1.033    23.8997 0.0000e+00
     -0.726 -9.418e-10     7.4701     88.905      0.495   0.484028     0.0000    -0.1422     0.0000    -0.1269 9.8716e+02    -0.4084     -0.712     -1.033    23.8961 0.0000e+00
     -0.726 -7.324e-10     7.4775     88.986      0.491   0.479903     0.0000    -0.1155     0.0000    -0.1269 9.9405e+02    -0.5436     -0.712     -1.033    23.8926 0.0000e+00
     -0.726 -5.697e-10     7.4850     89.063      0.485   0.474278     0.0000    -0.0850     0.0000    -0.1269 9.9599e+02    -0.4685     -0.712     -1.033    23.8891 0.0000e+00
     -0.726 -4.431e-10     7.4925     89.137      0.478   0.467630     0.0000    -0.0697     0.0000     0.0846 1.0032e+03    -0.3933     -0.712     -1.033    23.8856 0.0000e+00
     -0.726 -3.446e-10     7.5001     89.209      0.473   0.462140     0.0000    -0.1155     0.0000     0.0846 1.0117e+03    -0.4384     -0.712     -1.033    23.8821 0.0000e+00
     -0.726 -2.681e-10     7.5074     89.278      0.471   0.460299     0.0000    -0.1269     0.0000     0.0846 1.0290e+03    -0.4835     -0.712     -1.033    23.8787 0.0000e+00
     -0.726 -2.085e-10     7.5143     89.346      0.472   0.461615     0.0000    -0.1231     0.0000     0.0846 1.0407e+03    -0.3933     -0.712     -1.033    23.8753 0.0000e+00
     -0.726 -1.622e-10     7.5210     89.412      0.477   0.466439     0.0000    -0.1079     0.0000    -0.2115 1.0378e+03    -0.3633     -0.712     -1.033    23.8719 0.0000e+00
     -0.726 -1.261e-10     7.5276     89.478      0.483   0.472104     0.0000    -0.1231     0.0000    -0.2115 1.0303e+03    -0.5286     -0.712     -1.033    23.8685 0.0000e+00
     -0.726 -9.810e-11     7.5339     89.545      0.487   0.476167     0.0000    -0.1269     0.0000    -0.2115 1.0174e+03    -0.4835     -0.712     -1.033    23.8653 0.0000e+00
     -0.726 -7.630e-11     7.5401     89.614      0.491   0.479709     0.0000    -0.1193     0.0000    -0.2115 1.0053e+03    -0.4835     -0.712     -1.033    23.8620 0.0000e+00
     -0.726 -5.934e-11     7.5461     89.684      0.493   0.481700     0.0000    -0.1422     0.0000    -0.0423 9.9968e+02    -0.5436     -0.712     -1.033    23.8588 0.0000e+00
     -0.726 -4.615e-11     7.5521     89.751      0.492   0.480693     0.0000    -0.1422     0.0000    -0.0423 9.8909e+02    -0.4534     -0.712     -1.033    23.8556 0.0000e+00
     -0.726 -3.590e-11     7.5582     89.812      0.490   0.478396     0.0000    -0.1155     0.0000    -0.0423 9.7840e+02    -0.4835     -0.712     -1.033    23.8524 0.0000e+00
     -0.726 -2.792e-11     7.5646     89.864      0.487   0.476175     0.0000    -0.1269     0.0000    -0.0423 9.7692e+02    -0.4084     -0.712     -1.033    23.8491 0.0000e+00
     -0.726 -2.171e-11     7.5709     89.931      0.485   0.473436     0.0000    -0.1231     0.0000    -0.3384 9.7607e+02    -0.3933     -0.712     -1.033    23.8459 0.0000e+00
     -0.726 -1.689e-11     7.5770     90.021      0.481   0.469449     0.0000    -0.1193     0.0000    -0.3384 9.8438e+02    -0.4534     -0.712     -1.033    23.8427 0.0000e+00
     -0.726 -1.313e-11     7.5826     90.100      0.479   0.467105     0.0000    -0.1422     0.0000    -0.3384 9.9816e+02    -0.4534     -0.712     -1.033    23.8395 0.0000e+00
     -0.726 -1.022e-11     7.5874     90.161      0.481   0.469733     0.0000    -0.1117     0.0000    -0.3384 9.9903e+02    -0.4835     -0.712     -1.033    23.8363 0.0000e+00
     -0.726 -7.946e-12     7.5936     90.224      0.486   0.474081     0.0000    -0.1308     0.0000    -0.3384 9.9038e+02    -0.4084     -0.712     -1.033    23.8332 0.0000e+00
     -0.727 -6.181e-12     7.6016     90.284      0.489   0.477352     0.0000    -0.1422     0.0000     0.1692 9.7289e+02    -0.4985     -0.713     -1.033    23.8300 0.0000e+00
     -0.727 -4.807e-12     7.6087     90.339      0.492   0.480420     0.0000    -0.1117     0.0000     0.1692 9.6888e+02    -0.4234     -0.713     -1.034    23.8269 0.0000e+00
     -0.727 -3.739e-12     7.6143     90.388      0.494   0.482126     0.0000    -0.1384     0.0000     0.1692 9.6426e+02    -0.3783     -0.713     -1.034    23.8238 0.0000e+00
     -0.727 -2.908e-12     7.6200     90.431      0.493   0.480947     0.0000    -0.1193     0.0000     0.1692 9.6973e+02    -0.5286     -0.713     -1.033    23.8207 0.0000e+00
     -0.727 -2.262e-12     7.6256     90.478      0.490   0.478546     0.0000    -0.1308     0.0000    -0.0423 9.7798e+02    -0.4534     -0.713     -1.033    23.8176 0.0000e+00
     -0.727 -1.759e-12     7.6307     90.535      0.488   0.476261     0.0000    -0.1269     0.0000    -0.0423 9.8075e+02    -0.3783     -0.713     -1.033    23.8146 0.0000e+00
     -0.727 -1.368e-12     7.6352     90.598      0.485   0.473480     0.0000    -0.1498     0.0000    -0.0423 9.7883e+02    -0.3783     -0.713     -1.033    23.8116 0.0000e+00
     -0.726 -1.064e-12     7.6393     90.658      0.481   0.469464     0.0000    -0.1269     0.0000    -0.0423 9.7628e+02    -0.4685     -0.712     -1.033    23.8086 0.0000e+00
     -0.726 -8.277e-13     7.6436     90.714      0.479   0.467096     0.0000    -0.1422     0.0000     0.0846 9.6888e+02    -0.4084     -0.712     -1.033    23.8056 0.0000e+00
     -0.726 -6.437e-13     7.6489     90.765      0.482   0.469697     0.0000    -0.1155     0.0000     0.0846 9.5654e+02    -0.4534     -0.712     -1.033    23.8026 0.0000e+00
     -0.727 -5.007e-13     7.6546     90.809      0.484   0.472030     0.0000    -0.1155     0.0000     0.0846 9.4354e+02    -0.4234     -0.713     -1.034    23.7997 0.0000e+00
     -0.727 -3.894e-13     7.6601     90.845      0.484   0.472741     0.0000    -0.1002     0.0000     0.0846 9.3293e+02    -0.4384     -0.713     -1.034    23.7969 0.0000e+00
     -0.727 -3.029e-13     7.6653     90.877      0.488   0.475973     0.0000    -0.1231     0.0000     0.2538 9.2406e+02    -0.4835     -0.713     -1.034    23.7940 0.0000e+00
     -0.727 -2.356e-13     7.6700     90.910      0.490   0.478634     0.0000    -0.1079     0.0000     0.2538 9.3395e+02    -0.4384     -0.713     -1.034    23.7911 0.0000e+00
     -0.727 -1.832e-13     7.6742     90.950      0.491   0.479456     0.0000    -0.1155     0.0000     0.2538 9.6050e+02    -0.3783     -0.713     -1.034    23.7882 0.0000e+00
     -0.727 -1.425e-13     7.6777     90.991      0.493   0.480635     0.0000    -0.1498     0.0000     0.2538 9.7501e+02    -0.4985     -0.713     -1.034    23.7853 0.0000e+00
     -0.727 -1.108e-13     7.6807     91.033      0.495   0.482487     0.0000    -0.0926     0.0000     0.2538 9.3212e+02    -0.3482     -0.713     -1.034    23.7824 0.0000e+00
     -0.727 -8.621e-14     7.6840     91.078      0.498   0.485504     0.0000    -0.1117     0.0000    -0.0423 8.9093e+02    -0.4685     -0.713     -1.034    23.7795 0.0000e+00
     -0.727 -6.706e-14     7.6878     91.123      0.501   0.488515     0.0000    -0.1155     0.0000    -0.0423 8.7863e+02    -0.4685     -0.713     -1.034    23.7766 0.0000e+00
     -0.727 -5.216e-14     7.6917     91.164      0.501   0.488367     0.0000    -0.1155     0.0000    -0.0423 8.9871e+02    -0.4384     -0.713     -1.034    23.7735 0.0000e+00
     -0.727 -4.058e-14     7.6957     91.198      0.497   0.485023     0.0000    -0.1079     0.0000    -0.0423 9.2005e+02    -0.5737     -0.713     -1.034    23.7702 0.0000e+00
     -0.727 -3.157e-14     7.7000     91.227      0.494   0.481543     0.0000    -0.1079     0.0000    -0.3384 9.3354e+02    -0.3783     -0.713     -1.034    23.7668 0.0000e+00
     -0.727 -2.456e-14     7.7043     91.254      0.491   0.478978     0.0000    -0.1269     0.0000    -0.3384 9.3761e+02    -0.4835     -0.713     -1.034    23.7633 0.0000e+00
     -0.727 -1.911e-14     7.7083     91.284      0.488   0.476643     0.0000    -0.1155     0.0000    -0.3384 9.3050e+02    -0.3933     -0.713     -1.034    23.7598 0.0000e+00
     -0.727 -1.488e-14     7.7117     91.315      0.486   0.473916     0.0000    -0.1308     0.0000    -0.3384 9.2285e+02    -0.4084     -0.713     -1.034    23.7564 0.0000e+00
     -0.727 -1.159e-14     7.7146     91.348      0.482   0.470068     0.0000    -0.1269     0.0000     0.0846 9.1149e+02    -0.4835     -0.713     -1.034    23.7531 0.0000e+00
     -0.727 -9.040e-15     7.7174     91.381      0.480   0.468029     0.0000    -0.1193     0.0000     0.0846 8.9988e+02    -0.3783     -0.713     -1.034    23.7499 0.0000e+00
     -0.727 -7.062e-15     7.7203     91.413      0.483   0.471209     0.0000    -0.1002     0.0000     0.0846 8.7824e+02    -0.3783     -0.713     -1.034    23.7467 0.0000e+00
     -0.727 -5.531e-15     7.7234     91.446      0.489   0.476501     0.0000    -0.1193     0.0000     0.0846 9.3334e+02    -0.2731     -0.713     -1.034    23.7435 0.0000e+00
