Data/DataNotYetUploadedToEDI/Raw_CTD/RawDownloads/062723_fcrXX_S8188004.cnv
* Sea-Bird SBE19plus  Data File:
* FileName = C:\R\Reservoirs\Data\DataNotYetUploadedToEDI\Raw_CTD\RawDownloads\062623_fcr50_S8188_0004.hex
* Software version 2.8.0.119
* Temperature SN = 8188
* Conductivity SN = 8188
* System UpLoad Time = Jul 03 2023 16:31:31
* <ApplicationData>
* <Seaterm232>
# nquan = 16
# nvalues = 499                         
# units = specified
# name 0 = depFM: Depth [fresh water, m]
# name 1 = dz/dtM: Descent Rate [m/s]
# name 2 = sbeox0Mg/L: Oxygen, SBE 43 [mg/l]
# name 3 = sbeox0PS: Oxygen, SBE 43 [% saturation]
# name 4 = specc: Specific Conductance [uS/cm]
# name 5 = c0uS/cm: Conductivity [uS/cm]
# name 6 = wetCDOM: Fluorescence, WET Labs CDOM [mg/m^3]
# name 7 = flECO-AFL: Fluorescence, WET Labs ECO-AFL/FL [mg/m^3]
# name 8 = flECO-AFL1: Fluorescence, WET Labs ECO-AFL/FL, 2 [mg/m^3]
# name 9 = flECO-AFL2: Fluorescence, WET Labs ECO-AFL/FL, 3 [mg/m^3]
# name 10 = par/sat/log: PAR/Logarithmic, Satlantic
# name 11 = turbWETntu0: Turbidity, WET Labs ECO [NTU]
# name 12 = prdM: Pressure, Strain Gauge [db]
# name 13 = prdE: Pressure, Strain Gauge [psi]
# name 14 = tv290C: Temperature [ITS-90, deg C]
# name 15 = flag:  0.000e+00
# span 0 =     -0.728,     -0.180       
# span 1 =     -0.163,      0.140       
# span 2 =     4.8273,    15.5636       
# span 3 =     57.686,    184.094       
# span 4 =      0.319,     47.664       
# span 5 =   0.291786,  47.262741       
# span 6 =    -4.5000,     6.5700       
# span 7 =    -2.4921,     3.8023       
# span 8 =    -2.1300,     1.7466       
# span 9 =    -2.4111,    17.5968       
# span 10 = 2.6569e+02, 2.4499e+03      
# span 11 =    -3.4294,    22.5878      
# span 12 =     -0.714,     -0.177      
# span 13 =     -1.035,     -0.256      
# span 14 =    20.6966,    24.6988      
# span 15 = 0.0000e+00, 0.0000e+00      
# interval = seconds: 0.25
# start_time = Jun 27 2023 12:56:55 [Instrument's time stamp, header]
# bad_flag = -9.990e-29
*END*
[from data line 452]
     -0.727 -1.332e-07     7.8722     92.737      0.478   0.464771     0.0000    -0.1269     0.0000     0.0423 1.1882e+03    -0.5136     -0.713     -1.035    23.5447 0.0000e+00
     -0.727 -7.155e-08     7.8725     92.744      0.481   0.467044     0.0000    -0.1269     0.0000     0.0423 1.2064e+03    -0.4835     -0.713     -1.035    23.5442 0.0000e+00
     -0.727 -2.589e-08     7.8728     92.752      0.484   0.470319     0.0000    -0.1231     0.0000     0.0423 1.2193e+03    -0.4084     -0.713     -1.035    23.5437 0.0000e+00
     -0.727 -4.849e-09     7.8729     92.761      0.485   0.471515     0.0000    -0.1155     0.0000    -0.1269 1.2244e+03    -0.4234     -0.713     -1.035    23.5432 0.0000e+00
     -0.727 4.4097e-09     7.8733     92.768      0.485   0.470951     0.0000    -0.1346     0.0000    -0.1269 1.2233e+03    -0.4985     -0.713     -1.035    23.5428 0.0000e+00
     -0.727 1.3950e-08     7.8740     92.773      0.482   0.468477     0.0000    -0.1308     0.0000    -0.1269 1.2201e+03    -0.4835     -0.713     -1.035    23.5423 0.0000e+00
     -0.727 2.4375e-08     7.8748     92.779      0.477   0.463432     0.0000    -0.1155     0.0000    -0.1269 1.2161e+03    -0.4835     -0.713     -1.035    23.5419 0.0000e+00
     -0.727 3.6348e-08     7.8756     92.785      0.472   0.458426     0.0000    -0.1155     0.0000     0.1269 1.2106e+03    -0.4835     -0.713     -1.035    23.5414 0.0000e+00
     -0.727 5.0629e-08     7.8762     92.791      0.469   0.456078     0.0000    -0.1269     0.0000     0.1269 1.1988e+03    -0.4534     -0.713     -1.035    23.5408 0.0000e+00
     -0.727 5.9495e-08     7.8767     92.796      0.469   0.455762     0.0000    -0.1269     0.0000     0.1269 1.1812e+03    -0.4534     -0.713     -1.035    23.5403 0.0000e+00
     -0.727 5.4879e-08     7.8773     92.802      0.471   0.457393     0.0000    -0.1231     0.0000     0.1269 1.1508e+03    -0.4835     -0.713     -1.035    23.5396 0.0000e+00
     -0.727 4.5118e-08     7.8780     92.806      0.471   0.457453     0.0000    -0.1231     0.0000     0.1269 1.1019e+03    -0.4534     -0.713     -1.035    23.5389 0.0000e+00
     -0.727 3.8221e-08     7.8785     92.812      0.469   0.455956     0.0000    -0.1079     0.0000    -0.2961 1.0543e+03    -0.4534     -0.713     -1.035    23.5381 0.0000e+00
     -0.727 3.3751e-08     7.8792     92.818      0.470   0.456458     0.0000    -0.0926     0.0000    -0.2961 1.0102e+03    -0.4985     -0.713     -1.035    23.5371 0.0000e+00
     -0.727 3.1424e-08     7.8798     92.823      0.469   0.455140     0.0000    -0.1041     0.0000    -0.2961 9.7099e+02    -0.4084     -0.713     -1.035    23.5359 0.0000e+00
     -0.727 3.1092e-08     7.8804     92.823      0.465   0.451649     0.0000    -0.1041     0.0000    -0.2961 9.1586e+02    -0.4835     -0.713     -1.035    23.5344 0.0000e+00
     -0.727 3.2735e-08     7.8811     92.825      0.463   0.449009     0.0000    -0.0850     0.0000    -0.0846 8.6630e+02    -0.4534     -0.713     -1.035    23.5328 0.0000e+00
     -0.727 3.6455e-08     7.8820     92.831      0.460   0.446516     0.0000    -0.1231     0.0000    -0.0846 8.1517e+02    -0.4835     -0.713     -1.035    23.5310 0.0000e+00
     -0.727 4.2491e-08     7.8826     92.839      0.461   0.447458     0.0000    -0.1308     0.0000    -0.0846 6.5084e+02    -0.4384     -0.713     -1.035    23.5292 0.0000e+00
     -0.727 5.1224e-08     7.8829     92.847      0.466   0.452088     0.0000    -0.1155     0.0000    -0.0846 6.2222e+02    -0.4084     -0.713     -1.035    23.5274 0.0000e+00
     -0.727 4.8795e-08     7.8833     92.856      0.468   0.453731     0.0000    -0.1002    -0.0426    -0.2961 6.9695e+02    -0.5136     -0.713     -1.034    23.5257 0.0000e+00
     -0.727 2.0633e-08     7.8841     92.868      0.467   0.452825     0.0000    -0.1155    -0.0426    -0.2961 6.6211e+02    -0.4685     -0.713     -1.034    23.5242 0.0000e+00
     -0.727      0.000     7.8849     92.880      0.467   0.453084     0.0000    -0.1155    -0.0426    -0.2961 6.4269e+02    -0.4835     -0.713     -1.034    23.5228 0.0000e+00
     -0.727      0.000     7.8858     92.890      0.465   0.450623     0.0000    -0.1117    -0.0426    -0.2961 6.3299e+02    -0.4384     -0.713     -1.035    23.5215 0.0000e+00
     -0.727      0.000     7.8868     92.896      0.459   0.444784     0.0000    -0.1269     0.0000    -0.1269 6.3561e+02    -0.4084     -0.713     -1.035    23.5203 0.0000e+00
     -0.727      0.000     7.8879     92.899      0.456   0.441920     0.0000    -0.1117     0.0000    -0.1269 6.3810e+02    -0.4234     -0.713     -1.035    23.5192 0.0000e+00
     -0.727      0.000     7.8892     92.904      0.455   0.441267     0.0000    -0.1041     0.0000    -0.1269 6.3340e+02    -0.4534     -0.713     -1.035    23.5181 0.0000e+00
     -0.727      0.000     7.8902     92.911      0.452   0.438695     0.0000    -0.1422     0.0000    -0.1269 6.1616e+02    -0.5737     -0.713     -1.035    23.5170 0.0000e+00
     -0.727      0.000     7.8908     92.916      0.451   0.437474     0.0000    -0.1117     0.0000    -0.1269 5.9394e+02    -0.3933     -0.713     -1.035    23.5160 0.0000e+00
     -0.727      0.000     7.8912     92.920      0.455   0.441232     0.0000    -0.1269     0.0000     0.0846 5.7966e+02    -0.4835     -0.713     -1.035    23.5151 0.0000e+00
     -0.727      0.000     7.8918     92.922      0.461   0.447016     0.0000    -0.1231     0.0000     0.0846 5.6401e+02    -0.4084     -0.713     -1.035    23.5142 0.0000e+00
     -0.727      0.000     7.8925     92.924      0.462   0.448462     0.0000    -0.1269     0.0000     0.0846 5.5345e+02    -0.3482     -0.713     -1.035    23.5133 0.0000e+00
     -0.727      0.000     7.8930     92.922      0.460   0.445954     0.0000    -0.1155     0.0000     0.0846 5.5045e+02    -0.4685     -0.713     -1.035    23.5124 0.0000e+00
     -0.727      0.000     7.8934     92.918      0.461   0.446733     0.0000    -0.1155     0.0000     0.0846 5.5236e+02    -0.4084     -0.713     -1.035    23.5116 0.0000e+00
     -0.727      0.000     7.8938     92.914      0.465   0.451005     0.0000    -0.1269     0.0000     0.0846 5.6548e+02    -0.5136     -0.713     -1.035    23.5107 0.0000e+00
     -0.727      0.000     7.8940     92.912      0.466   0.452002     0.0000    -0.1346     0.0000     0.0846 5.7054e+02    -0.3933     -0.713     -1.035    23.5099 0.0000e+00
     -0.727      0.000     7.8940     92.913      0.464   0.449990     0.0000    -0.1269     0.0000     0.0846 5.6893e+02    -0.4835     -0.713     -1.035    23.5091 0.0000e+00
     -0.727      0.000     7.8938     92.915      0.462   0.448387     0.0000    -0.1231     0.0000     0.0000 5.5779e+02    -0.5136     -0.713     -1.035    23.5083 0.0000e+00
     -0.727      0.000     7.8936     92.918      0.461   0.446763     0.0000    -0.1079     0.0000     0.0000 5.3885e+02    -0.4534     -0.713     -1.035    23.5075 0.0000e+00
     -0.727      0.000     7.8936     92.924      0.459   0.444688     0.0000    -0.1002     0.0000     0.0000 5.1987e+02    -0.4534     -0.713     -1.035    23.5068 0.0000e+00
     -0.727      0.000     7.8938     92.931      0.455   0.441607     0.0000    -0.1117     0.0000     0.0000 4.9939e+02    -0.4685     -0.713     -1.035    23.5060 0.0000e+00
     -0.728      0.000     7.8941     92.937      0.454   0.440653     0.0000    -0.1155    -0.0852     0.0000 4.8096e+02    -0.4835     -0.714     -1.035    23.5053 0.0000e+00
     -0.728      0.000     7.8944     92.939      0.455   0.441571     0.0000    -0.1002    -0.0852     0.0000 4.6675e+02    -0.4835     -0.714     -1.035    23.5046 0.0000e+00
     -0.728 -9.990e-29     7.8950 -9.990e-29 -9.990e-29 -9.990e-29     0.0000 -9.990e-29    -0.0852     0.0000 4.5781e+02 -9.990e-29     -0.714     -1.035    23.5039 0.0000e+00
     -0.728 -9.990e-29     7.8957 -9.990e-29 -9.990e-29 -9.990e-29     0.0000 -9.990e-29    -0.0852     0.0000 4.3379e+02 -9.990e-29     -0.714     -1.035    23.5033 0.0000e+00
     -0.728 -9.990e-29     7.8962 -9.990e-29 -9.990e-29 -9.990e-29     0.0000 -9.990e-29    -0.0852     0.0000 4.2734e+02 -9.990e-29     -0.714     -1.035    23.5029 0.0000e+00
     -0.728 -9.990e-29     7.8964 -9.990e-29 -9.990e-29 -9.990e-29     0.0000 -9.990e-29     0.0000    -0.2961 4.1943e+02 -9.990e-29     -0.714     -1.035    23.5027 0.0000e+00
