Data/DataNotYetUploadedToEDI/Raw_CTD/RawDownloads/062723_fcrXX_S8188003.cnv
* Sea-Bird SBE19plus  Data File:
* FileName = C:\R\Reservoirs\Data\DataNotYetUploadedToEDI\Raw_CTD\RawDownloads\062623_fcr50_S8188_0003.hex
* Software version 2.8.0.119
* Temperature SN = 8188
* Conductivity SN = 8188
* System UpLoad Time = Jul 03 2023 16:31:21
* <ApplicationData>
* <Seaterm232>
# nquan = 16
# nvalues = 1250                        
# units = specified
# name 0 = depFM: Depth [fresh water, m]
# name 1 = dz/dtM: Descent Rate [m/s]
# name 2 = sbeox0Mg/L: Oxygen, SBE 43 [mg/l]
# name 3 = sbeox0PS: Oxygen, SBE 43 [% saturation]
# name 4 = specc: Specific Conductance [uS/cm]
# name 5 = c0uS/cm: Conductivity [uS/cm]
# name 6 = wetCDOM: Fluorescence, WET Labs CDOM [mg/m^3]
# name 7 = flECO-AFL: Fluorescence, WET Labs ECO-AFL/FL [mg/m^3]
# name 8 = flECO-AFL1: Fluorescence, WET Labs ECO-AFL/FL, 2 [mg/m^3]
# name 9 = flECO-AFL2: Fluorescence, WET Labs ECO-AFL/FL, 3 [mg/m^3]
# name 10 = par/sat/log: PAR/Logarithmic, Satlantic
# name 11 = turbWETntu0: Turbidity, WET Labs ECO [NTU]
# name 12 = prdM: Pressure, Strain Gauge [db]
# name 13 = prdE: Pressure, Strain Gauge [psi]
# name 14 = tv290C: Temperature [ITS-90, deg C]
# name 15 = flag:  0.000e+00
# span 0 =     -0.739,      1.470       
# span 1 =     -0.240,      0.153       
# span 2 =     2.5771,    13.2391       
# span 3 =     27.392,    144.488       
# span 4 =     -0.154,     46.848       
# span 5 =  -0.156455,  46.609073       
# span 6 =    -4.5000,     6.3900       
# span 7 =    -1.2447,     4.0655       
# span 8 =    -2.1300,     2.2578       
# span 9 =    -2.0304,    17.1738       
# span 10 = 1.6576e+00, 2.7424e+03      
# span 11 =    -0.5887,    41.7061      
# span 12 =     -0.724,      1.441      
# span 13 =     -1.051,      2.091      
# span 14 =    18.0661,    26.0533      
# span 15 = 0.0000e+00, 0.0000e+00      
# interval = seconds: 0.25
# start_time = Jun 27 2023 12:44:42 [Instrument's time stamp, header]
# bad_flag = -9.990e-29
*END*
[from data line 904]
      1.461     -0.000     3.4487     36.455     40.022  34.663050     4.5900     0.7085     0.0852     0.8037 6.2015e+00     2.7029      1.432      2.077    18.2825 0.0000e+00
      1.461     -0.000     3.4427     36.465     40.025  34.673904     4.5900     0.7238     0.0852     0.8037 6.2353e+00     2.6277      1.432      2.078    18.2850 0.0000e+00
      1.461     -0.000     3.4371     36.513     40.020  34.677540     4.5900     0.6589     0.0852     0.8037 6.2502e+00     2.4173      1.432      2.078    18.2878 0.0000e+00
      1.461     -0.000     3.4323     36.601     40.011  34.672950     4.5900     0.6627     0.0852     0.8037 6.3103e+00     2.3422      1.432      2.077    18.2928 0.0000e+00
      1.461      0.000     3.4295     36.730     39.999  34.660890     4.5900     0.6589     0.0426     0.8460 6.3654e+00     2.4023      1.432      2.077    18.3009 0.0000e+00
      1.460      0.000     3.4298     36.893     39.990  34.648045     4.5900     0.6475     0.0426     0.8460 6.4167e+00     2.4624      1.432      2.077    18.3113 0.0000e+00
      1.460      0.000     3.4336     37.074     39.991  34.640893     4.5900     0.6627     0.0426     0.8460 6.4939e+00     2.5225      1.432      2.077    18.3206 0.0000e+00
      1.461      0.000     3.4416     37.243     39.999  34.641486     4.5900     0.6856     0.0426     0.8460 6.5307e+00     2.4023      1.432      2.077    18.3252 0.0000e+00
      1.461      0.000     3.4538     37.367     40.006  34.642060     4.5900     0.6551     0.0852     0.7191 6.5963e+00     2.4774      1.432      2.077    18.3234 0.0000e+00
      1.461      0.000     3.4697     37.430     40.001  34.634846     4.5900     0.6589     0.0852     0.7191 6.6466e+00     2.4323      1.432      2.077    18.3163 0.0000e+00
      1.460     -0.001     3.4874     37.422     39.987  34.621881     4.5900     0.6513     0.0852     0.7191 6.7368e+00     2.6127      1.432      2.077    18.3069 0.0000e+00
      1.460     -0.001     3.5038     37.347     39.968  34.607631     4.5900     0.6665     0.0852     0.7191 6.8297e+00     2.6879      1.432      2.077    18.2981 0.0000e+00
      1.460     -0.002     3.5160     37.221     39.956  34.600176     4.5900     0.6742     0.0426     0.6768 6.8475e+00     2.6879      1.432      2.076    18.2915 0.0000e+00
      1.459     -0.002     3.5221     37.066     39.954  34.601490     4.5900     0.6589     0.0426     0.6768 6.9073e+00     2.6277      1.431      2.076    18.2879 0.0000e+00
      1.459     -0.002     3.5215     36.905     39.953  34.604004     4.5900     0.6665     0.0426     0.6768 7.0101e+00     2.7179      1.431      2.075    18.2872 0.0000e+00
      1.458     -0.002     3.5143     36.761     39.951  34.604426     4.5900     0.6589     0.0426     0.6768 7.1766e+00     2.7329      1.430      2.074    18.2891 0.0000e+00
      1.458     -0.001     3.5022     36.656     39.950  34.602868     4.5900     0.6513     0.0852     0.8460 7.2424e+00     2.6728      1.429      2.073    18.2929 0.0000e+00
      1.457     -0.001     3.4872     36.602     39.952  34.602877     4.5900     0.6665     0.0852     0.8460 7.2929e+00     2.6578      1.429      2.073    18.2976 0.0000e+00
      1.457     -0.001     3.4718     36.600     39.962  34.608416     4.5900     0.6665     0.0852     0.8460 7.3103e+00     2.6277      1.429      2.072    18.3018 0.0000e+00
      1.457     -0.001     3.4581     36.643     39.977  34.617001     4.5900     0.6589     0.0852     0.8460 7.3710e+00     2.7480      1.429      2.072    18.3041 0.0000e+00
      1.457     -0.001     3.4483     36.722     39.988  34.622998     4.5900     0.6589     0.0852     0.8460 7.4127e+00     2.6879      1.429      2.072    18.3039 0.0000e+00
      1.457     -0.001     3.4434     36.818     39.995  34.624047     4.5900     0.6513     0.0852     0.7614 7.4807e+00     2.6578      1.428      2.072    18.3015 0.0000e+00
      1.456     -0.001     3.4434     36.916     39.996  34.620426     4.5900     0.6742     0.0852     0.7614 7.4904e+00     2.3722      1.428      2.071    18.2973 0.0000e+00
      1.456     -0.001     3.4478     36.991     39.990  34.611169     4.5900     0.6589     0.0852     0.7614 7.4872e+00     2.4323      1.428      2.071    18.2923 0.0000e+00
      1.456     -0.001     3.4556     37.020     39.979  34.597769     4.5900     0.6780     0.0852     0.7614 7.5133e+00     2.4323      1.428      2.070    18.2870 0.0000e+00
      1.455     -0.001     3.4651     36.996     39.971  34.588535     4.5900     0.6780     0.0426     0.8037 7.4986e+00     2.4624      1.427      2.070    18.2815 0.0000e+00
      1.455     -0.002     3.4747     36.924     39.974  34.588927     4.5900     0.5940     0.0426     0.8037 7.5084e+00     2.4173      1.427      2.069    18.2757 0.0000e+00
      1.454     -0.002     3.4821     36.818     39.980  34.591127     4.5900     0.6093     0.0426     0.8037 7.4726e+00     2.4323      1.426      2.069    18.2705 0.0000e+00
      1.454     -0.003     3.4852     36.693     39.979  34.587799     4.5900     0.5940     0.0426     0.8037 7.4031e+00     2.3873      1.426      2.068    18.2663 0.0000e+00
      1.453     -0.003     3.4831     36.570     39.970  34.578057     4.5900     0.6131     0.0852     0.7191 7.3326e+00     2.3873      1.425      2.067    18.2628 0.0000e+00
      1.452     -0.004     3.4766     36.480     39.953  34.563263     4.5900     0.6513     0.0852     0.7191 7.2298e+00     2.3873      1.424      2.066    18.2595 0.0000e+00
      1.451     -0.004     3.4669     36.434     39.942  34.555315     4.5900     0.6703     0.0852     0.7191 7.2392e+00     2.3722      1.423      2.064    18.2560 0.0000e+00
      1.450     -0.004     3.4553     36.436     39.945  34.560015     4.5900     0.6780     0.0852     0.7191 7.2329e+00     2.4323      1.422      2.062    18.2529 0.0000e+00
      1.449     -0.003     3.4439     36.479     39.949  34.566735     4.5000     0.6818     0.0852     0.7191 7.1859e+00     2.4474      1.421      2.061    18.2509 0.0000e+00
      1.448     -0.003     3.4354     36.557     39.951  34.573306     4.5000     0.6589     0.0852     0.7191 7.0698e+00     2.4323      1.420      2.059    18.2504 0.0000e+00
      1.447     -0.002     3.4310     36.662     39.956  34.581480     4.5000     0.6627     0.0852     0.7191 7.0698e+00     2.4023      1.419      2.058    18.2519 0.0000e+00
      1.447     -0.001     3.4309     36.780     39.956  34.585516     4.5000     0.6551     0.0852     0.7191 6.9827e+00     2.4774      1.419      2.058    18.2551 0.0000e+00
      1.447     -0.000     3.4347     36.899     39.953  34.586491     4.5000     0.6818     0.0852     0.7191 6.9148e+00     2.4474      1.419      2.058    18.2596 0.0000e+00
      1.447      0.000     3.4417     37.021     39.953  34.588624     4.5900     0.6742     0.0852     0.7191 6.8833e+00     2.4323      1.419      2.058    18.2650 0.0000e+00
      1.448      0.000     3.4511     37.160     39.955  34.592486     4.5900     0.6513     0.0852     0.7191 6.9073e+00     2.3873      1.420      2.059    18.2707 0.0000e+00
      1.448      0.000     3.4619     37.321     39.956  34.595144     4.5900     0.6513     0.0852     0.7191 6.9449e+00     2.5225      1.420      2.059    18.2756 0.0000e+00
      1.448     -0.000     3.4728     37.498     39.952  34.593347     4.5900     0.6589     0.0852     0.7191 6.9842e+00     2.3572      1.420      2.059    18.2794 0.0000e+00
      1.448     -0.001     3.4841     37.682     39.943  34.586617     4.5900     0.6932     0.0852     0.8037 7.0437e+00     2.6728      1.420      2.059    18.2824 0.0000e+00
      1.447     -0.001     3.4970     37.864     39.931  34.577118     4.5900     0.7123     0.0852     0.8037 7.1548e+00     2.5826      1.419      2.058    18.2848 0.0000e+00
      1.447     -0.001     3.5120     38.045     39.927  34.574201     4.5900     0.7047     0.0852     0.8037 7.2707e+00     2.6428      1.419      2.058    18.2870 0.0000e+00
      1.447     -0.001     3.5285     38.218     39.933  34.581049     4.5900     0.6780     0.0852     0.8037 7.3726e+00     2.7480      1.419      2.058    18.2892 0.0000e+00
      1.446     -0.002     3.5456     38.367     39.940  34.591566     4.5900     0.6513     0.0426     0.7614 7.4791e+00     2.4173      1.418      2.057    18.2910 0.0000e+00
      1.446     -0.002     3.5628     38.485     39.942  34.600634     4.5900     0.6742     0.0426     0.7614 7.5789e+00     2.4023      1.418      2.057    18.2919 0.0000e+00
      1.445     -0.002     3.5797     38.571     39.941  34.606711     4.5900     0.6742     0.0426     0.7614 7.6251e+00     2.4624      1.417      2.056    18.2925 0.0000e+00
      1.445     -0.003     3.5958     38.628     39.937  34.611419     4.5900     0.6589     0.0426     0.7614 7.6967e+00     2.4624      1.417      2.055    18.2950 0.0000e+00
      1.444     -0.003     3.6094     38.672     39.932  34.616013     4.5900     0.6589     0.0426     0.7614 7.6716e+00     2.4323      1.416      2.054    18.3007 0.0000e+00
      1.443     -0.002     3.6199     38.718     39.928  34.621718     4.5900     0.6742     0.0852     0.8460 7.6766e+00     2.4023      1.415      2.053    18.3089 0.0000e+00
      1.442     -0.002     3.6273     38.775     39.922  34.626096     4.5900     0.6589     0.0852     0.8460 7.6301e+00     2.4173      1.414      2.052    18.3183 0.0000e+00
      1.442     -0.002     3.6319     38.849     39.912  34.626353     4.5900     0.6589     0.0852     0.8460 7.5608e+00     2.4023      1.414      2.052    18.3284 0.0000e+00
      1.442     -0.002     3.6352     38.947     39.903  34.626519     4.5900     0.6932     0.0852     0.8460 7.4450e+00     2.6879      1.414      2.051    18.3393 0.0000e+00
      1.441     -0.002     3.6387     39.066     39.899  34.630600     4.5900     0.6742     0.0852     0.7614 7.3422e+00     2.6428      1.414      2.051    18.3508 0.0000e+00
      1.441     -0.002     3.6432     39.189     39.897  34.635723     4.5900     0.6970     0.0852     0.7614 7.3040e+00     2.7029      1.413      2.050    18.3625 0.0000e+00
      1.440     -0.002     3.6493     39.294     39.895  34.639295     4.5900     0.6513     0.0852     0.7614 7.2597e+00     2.5977      1.413      2.049    18.3738 0.0000e+00
      1.440     -0.003     3.6577     39.372     39.898  34.646227     4.5900     0.7238     0.0852     0.7614 7.1052e+00     2.6728      1.412      2.048    18.3842 0.0000e+00
      1.439     -0.003     3.6682     39.425     39.906  34.658370     4.5900     0.6932     0.0852     0.8037 6.7647e+00     2.7780      1.411      2.047    18.3936 0.0000e+00
      1.438     -0.003     3.6791     39.464     39.909  34.667078     4.5900     0.7161     0.0852     0.8037 6.5137e+00     2.5977      1.411      2.046    18.4018 0.0000e+00
      1.438     -0.003     3.6885     39.498     39.904  34.670712     4.5900     0.7161     0.0852     0.8037 6.5378e+00     2.6428      1.410      2.045    18.4087 0.0000e+00
      1.437     -0.004     3.6953     39.538     39.897  34.672224     4.5900     0.7123     0.0852     0.8037 6.5805e+00     2.9283      1.409      2.043    18.4148 0.0000e+00
      1.436     -0.004     3.6999     39.595     39.885  34.670037     4.5900     0.7161     0.0852     0.8460 6.6814e+00     2.8081      1.408      2.042    18.4211 0.0000e+00
      1.435     -0.004     3.7030     39.676     39.878  34.669508     4.5900     0.7009     0.0852     0.8460 6.8788e+00     2.8231      1.407      2.040    18.4287 0.0000e+00
      1.433     -0.004     3.7055     39.780     39.876  34.672477     4.5900     0.7238     0.0852     0.8460 7.0391e+00     2.8832      1.405      2.038    18.4382 0.0000e+00
      1.432     -0.004     3.7084     39.892     39.872  34.671814     4.5900     0.7276     0.0852     0.8460 7.2251e+00     2.8231      1.404      2.037    18.4485 0.0000e+00
      1.431     -0.003     3.7130     40.001     39.869  34.671304     4.5900     0.7352     0.0852     0.8460 7.3966e+00     2.8382      1.403      2.035    18.4580 0.0000e+00
      1.430     -0.003     3.7201     40.096     39.875  34.678732     4.5900     0.6932     0.0852     0.8460 7.5018e+00     2.7480      1.402      2.034    18.4655 0.0000e+00
      1.430     -0.003     3.7294     40.168     39.882  34.688158     4.5900     0.7123     0.0852     0.8460 7.5476e+00     2.7931      1.402      2.033    18.4706 0.0000e+00
      1.429     -0.003     3.7397     40.213     39.886  34.694173     4.5900     0.7238     0.0852     0.8460 7.5986e+00     2.9133      1.401      2.033    18.4742 0.0000e+00
      1.429     -0.003     3.7497     40.234     39.887  34.698381     4.5900     0.7047     0.0852     0.8460 7.6317e+00     2.8081      1.401      2.032    18.4772 0.0000e+00
      1.428     -0.004     3.7584     40.239     39.887  34.701904     4.5900     0.7161     0.0852     0.8883 7.6417e+00     2.7480      1.400      2.031    18.4802 0.0000e+00
      1.427     -0.006     3.7648     40.237     39.887  34.705683     4.5900     0.7314     0.0852     0.8883 7.6650e+00     2.9133      1.399      2.030    18.4835 0.0000e+00
      1.426     -0.008     3.7687     40.235     39.889  34.710726     4.5900     0.7352     0.0852     0.8883 7.6833e+00     2.8682      1.398      2.028    18.4872 0.0000e+00
      1.423     -0.010     3.7704     40.237     39.894  34.716397     4.5900     0.8000     0.0852     0.8883 7.7994e+00     2.7931      1.396      2.024    18.4914 0.0000e+00
      1.420     -0.013     3.7705     40.246     39.897  34.716286     4.5900     0.7581     0.0426     0.8883 7.9863e+00     2.8532      1.393      2.020    18.4963 0.0000e+00
      1.417     -0.015     3.7699     40.264     39.898  34.710364     4.5900     0.7619     0.0426     0.8883 8.2599e+00     2.8983      1.389      2.015    18.5011 0.0000e+00
      1.412     -0.018     3.7695     40.286     39.904  34.706953     4.5900     0.7657     0.0426     0.8883 8.5336e+00     2.7931      1.385      2.009    18.5047 0.0000e+00
      1.407     -0.020     3.7696     40.297     39.911  34.705144     4.5900     0.7161     0.0426     0.8883 8.8067e+00     2.8081      1.380      2.002    18.5059 0.0000e+00
      1.402     -0.022     3.7706     40.288     39.915  34.702473     4.5900     0.7199     0.0852     0.9729 9.0788e+00     2.7931      1.375      1.994    18.5025 0.0000e+00
      1.396     -0.023     3.7730     40.254     39.918  34.698227     4.5900     0.7314     0.0852     0.9729 9.3734e+00     2.7931      1.369      1.985    18.4942 0.0000e+00
      1.390     -0.024     3.7759     40.188     39.915  34.689295     4.5900     0.7161     0.0852     0.9729 9.6044e+00     2.8682      1.363      1.977    18.4838 0.0000e+00
      1.383     -0.024     3.7777     40.090     39.910  34.679234     4.5900     0.7123     0.0852     0.9729 9.7877e+00     2.6728      1.357      1.968    18.4741 0.0000e+00
      1.377     -0.024     3.7775     39.964     39.906  34.669323     4.5900     0.7009     0.0852     0.9729 9.9075e+00     2.6127      1.351      1.959    18.4658 0.0000e+00
      1.371     -0.023     3.7748     39.817     39.901  34.658898     4.5900     0.7009     0.0426     0.8460 9.9442e+00     2.6728      1.345      1.950    18.4579 0.0000e+00
      1.365     -0.022     3.7692     39.660     39.903  34.655083     4.5900     0.6894     0.0426     0.8460 9.9226e+00     2.6879      1.339      1.942    18.4502 0.0000e+00
      1.360     -0.021     3.7606     39.500     39.911  34.658839     4.5900     0.6894     0.0426     0.8460 9.8196e+00     2.5526      1.334      1.934    18.4426 0.0000e+00
      1.354     -0.019     3.7494     39.338     39.920  34.667207     4.5900     0.7085     0.0426     0.8460 9.6630e+00     2.4023      1.328      1.926    18.4345 0.0000e+00
      1.350     -0.017     3.7363     39.181     39.926  34.676478     4.5900     0.6589     0.0852     0.7614 9.6504e+00     2.3722      1.324      1.920    18.4264 0.0000e+00
