Data/DataNotYetUploadedToEDI/Raw_CTD/RawDownloads/062723_fcr50.1_S8188017.cnv
* Sea-Bird SBE19plus  Data File:
* FileName = C:\R\Reservoirs\Data\DataNotYetUploadedToEDI\Raw_CTD\RawDownloads\062623_fcr50_S8188_0017.hex
* Software version 2.8.0.119
* Temperature SN = 8188
* Conductivity SN = 8188
* System UpLoad Time = Jul 03 2023 16:34:45
* <ApplicationData>
* <Seaterm232>
# nquan = 16
# nvalues = 670                         
# units = specified
# name 0 = depFM: Depth [fresh water, m]
# name 1 = dz/dtM: Descent Rate [m/s]
# name 2 = sbeox0Mg/L: Oxygen, SBE 43 [mg/l]
# name 3 = sbeox0PS: Oxygen, SBE 43 [% saturation]
# name 4 = specc: Specific Conductance [uS/cm]
# name 5 = c0uS/cm: Conductivity [uS/cm]
# name 6 = wetCDOM: Fluorescence, WET Labs CDOM [mg/m^3]
# name 7 = flECO-AFL: Fluorescence, WET Labs ECO-AFL/FL [mg/m^3]
# name 8 = flECO-AFL1: Fluorescence, WET Labs ECO-AFL/FL, 2 [mg/m^3]
# name 9 = flECO-AFL2: Fluorescence, WET Labs ECO-AFL/FL, 3 [mg/m^3]
# name 10 = par/sat/log: PAR/Logarithmic, Satlantic
# name 11 = turbWETntu0: Turbidity, WET Labs ECO [NTU]
# name 12 = prdM: Pressure, Strain Gauge [db]
# name 13 = prdE: Pressure, Strain Gauge [psi]
# name 14 = tv290C: Temperature [ITS-90, deg C]
# name 15 = flag:  0.000e+00
# span 0 =     -0.725,      7.072       
# span 1 =     -0.268,      0.163       
# span 2 =    -0.1167,    17.5054       
# span 3 =     -1.131,    200.454       
# span 4 =      0.575,     49.373       
# span 5 =   0.501428,  49.368268       
# span 6 =    -4.5000,     7.2900       
# span 7 =    -0.1918,     3.3750       
# span 8 =    -2.1300,     0.6816       
# span 9 =    -2.0304,    20.6001       
# span 10 = 1.1590e-01, 5.8625e+02      
# span 11 =    -0.5436,    62.1621      
# span 12 =     -0.711,      6.935      
# span 13 =     -1.032,     10.058      
# span 14 =    10.5730,    25.0886      
# span 15 = 0.0000e+00, 0.0000e+00      
# interval = seconds: 0.25
# start_time = Jun 27 2023 15:42:37 [Instrument's time stamp, header]
# bad_flag = -9.990e-29
*END*
[from data line 633]
      0.226     -0.085    11.5621    174.816     45.702  42.952903     5.6700     2.8638     0.2556    10.7019 6.8783e+01    21.4755      0.221      0.321    21.0895 0.0000e+00
      0.208     -0.076    12.4391    184.841     45.348  42.676434     5.6700     2.8638     0.2556    10.7019 6.5586e+01    21.4605      0.204      0.295    21.3847 0.0000e+00
      0.190     -0.068    13.3698    192.911     45.136  42.488634     6.9300     2.8829     0.4260    17.8506 7.3656e+01    21.3102      0.186      0.270    21.6446 0.0000e+00
      0.171     -0.061    14.3286    198.255     45.186  42.529611     6.9300     2.8676     0.4260    17.8506 1.0067e+02    21.5056      0.168      0.244    21.8489 0.0000e+00
      0.154     -0.053    15.2712    200.454     45.402  42.735005     6.9300     2.9935     0.4260    17.8506 1.1220e+02    21.1298      0.151      0.220    21.9830 0.0000e+00
      0.141     -0.044    16.1337    199.634     45.672  43.012984     6.9300     2.9935     0.4260    17.8506 1.0970e+02    21.0847      0.138      0.200    22.0477 0.0000e+00
      0.132     -0.035    16.8391    196.406     45.982  43.354466     7.1100     3.0164     0.4260    19.7118 1.0188e+02    21.1900      0.129      0.187    22.0610 0.0000e+00
      0.126     -0.026    17.3116    191.692     46.323  43.749471     7.1100     3.0088     0.4260    19.7118 9.5019e+01    21.0847      0.123      0.179    22.0533 0.0000e+00
      0.122     -0.019    17.5054    186.485     46.692  44.188424     7.1100     2.8791     0.4260    19.7118 9.6980e+01    21.5958      0.119      0.173    22.0550 0.0000e+00
      0.118     -0.014    17.4269    181.616     47.039  44.616009     7.1100     2.8715     0.4260    19.7118 1.0067e+02    21.7310      0.116      0.168    22.0813 0.0000e+00
      0.116     -0.012    17.1291    177.671     47.289  44.948115     7.1100     2.8676     0.4686    19.9656 9.7318e+01    21.5807      0.113      0.165    22.1346 0.0000e+00
      0.114     -0.013    16.6941    174.945     47.441  45.174241     7.1100     2.8791     0.4686    19.9656 1.0135e+02    21.7160      0.111      0.162    22.2129 0.0000e+00
      0.112     -0.018    16.2111    173.447     47.535  45.328930     7.1100     3.0775     0.4686    19.9656 8.8041e+01    24.7822      0.109      0.159    22.3096 0.0000e+00
      0.109     -0.025    15.7561    172.975     47.581  45.425695     7.1100     3.0584     0.4686    19.9656 8.0642e+01    24.6920      0.107      0.155    22.4147 0.0000e+00
      0.104     -0.037    15.3833    173.205     47.573  45.466563     7.2000     3.0660     0.4686    20.1771 8.0188e+01    24.7220      0.102      0.148    22.5163 0.0000e+00
      0.095     -0.053    15.1211    173.756     47.507  45.450545     7.2000     3.0584     0.4686    20.1771 8.0712e+01    24.7371      0.093      0.135    22.6034 0.0000e+00
      0.082     -0.075    14.9709    174.282     47.386  45.385260     7.2000     3.0164     0.4686    20.1771 7.3225e+01    23.0837      0.080      0.116    22.6729 0.0000e+00
      0.063     -0.104    14.9131    174.547     47.242  45.310761     7.2000     3.0202     0.4686    20.1771 6.8514e+01    23.0236      0.061      0.089    22.7301 0.0000e+00
      0.036     -0.137    14.9178    174.401     47.100  45.260682     7.2000     2.9821     0.4686    20.1771 6.9898e+01    23.1138      0.035      0.052    22.7819 0.0000e+00
      0.000     -0.172    14.9507    173.744     46.914  45.199875     7.2000     3.0240     0.4686    19.7964 7.3130e+01    23.0236     -0.000     -0.000    22.8329 0.0000e+00
     -0.048     -0.206    14.9805    172.466     46.582  45.028910     7.2000     2.7418     0.4686    19.7964 1.0646e+02    21.2200     -0.048     -0.069    22.8881 0.0000e+00
     -0.109     -0.235    14.9843    170.408     45.925  44.567459     7.2000     2.7646     0.4686    19.7964 2.7253e+02    21.0547     -0.107     -0.155    22.9572 0.0000e+00
     -0.178     -0.257    14.9454    167.434     44.632  43.498285     7.2000     2.7685     0.4686    19.7964 4.6817e+02    21.1599     -0.174     -0.253    23.0537 0.0000e+00
     -0.250     -0.268    14.8532    163.563     42.303  41.397577     7.0200     2.7685     0.4260    19.5003 5.2933e+02    21.1449     -0.246     -0.356    23.1860 0.0000e+00
     -0.322     -0.268    14.6987    159.002     38.406  37.709121     7.0200     1.6355     0.4260    19.5003 5.3932e+02    17.3573     -0.316     -0.459    23.3545 0.0000e+00
     -0.391     -0.257    14.4698    154.102     32.025  31.512753     7.0200     1.6278     0.4260    19.5003 5.3465e+02    17.3873     -0.384     -0.556    23.5563 0.0000e+00
     -0.455     -0.239    14.1590    149.320     23.991  23.632902     7.0200     1.6317     0.4260    19.5003 4.7463e+02    17.4174     -0.446     -0.647    23.7792 0.0000e+00
     -0.511     -0.216    13.7764    145.102     17.525  17.269779     6.6600     1.6736     0.2982    17.1738 4.0712e+02    17.3873     -0.502     -0.727    23.9942 0.0000e+00
     -0.558     -0.193    13.3475    141.759     14.162  13.956762     6.6600    -0.1231     0.2982    17.1738 5.1258e+02    -0.3933     -0.547     -0.793    24.1716 0.0000e+00
     -0.594     -0.171    12.9045    139.417     13.358  13.160446     6.6600    -0.0888     0.2982    17.1738 3.6904e+02    -0.4534     -0.583     -0.845    24.2987 0.0000e+00
     -0.622     -0.152    12.4852    137.954     14.870  14.642774     6.6600    -0.1384     0.2982    17.1738 2.6471e+02    -0.5136     -0.610     -0.885    24.3738 0.0000e+00
     -0.643     -0.140    12.1254    137.047     18.028  17.744643    -0.0900    -0.1155     0.2130     6.9372 1.7449e+02    -0.3933     -0.631     -0.915    24.3997 0.0000e+00
     -0.659     -0.136    11.8475    136.686     19.840  19.524967    -0.0900    -0.1422     0.2130     6.9372 1.1407e+02    -0.4384     -0.646     -0.937    24.3880 0.0000e+00
     -0.670 -9.990e-29    11.6581 -9.990e-29 -9.990e-29 -9.990e-29    -0.0900 -9.990e-29     0.2130     6.9372 7.5700e+01 -9.990e-29     -0.657     -0.953    24.3554 0.0000e+00
     -0.677 -9.990e-29    11.5437 -9.990e-29 -9.990e-29 -9.990e-29    -0.0900 -9.990e-29     0.2130     6.9372 6.9776e+01 -9.990e-29     -0.664     -0.964    24.3167 0.0000e+00
     -0.682 -9.990e-29    11.4743 -9.990e-29 -9.990e-29 -9.990e-29    -0.0900 -9.990e-29     0.2130     6.9372 6.3566e+01 -9.990e-29     -0.669     -0.970    24.2850 0.0000e+00
     -0.683 -9.990e-29    11.4466 -9.990e-29 -9.990e-29 -9.990e-29     0.0000 -9.990e-29     0.1704     0.0000 5.8528e+01 -9.990e-29     -0.670     -0.972    24.2726 0.0000e+00
