Data/DataNotYetUploadedToEDI/Raw_CTD/RawDownloads/062723_fcrXX_S8188020.cnv
* Sea-Bird SBE19plus  Data File:
* FileName = C:\R\Reservoirs\Data\DataNotYetUploadedToEDI\Raw_CTD\RawDownloads\062623_fcr50_S8188_0020.hex
* Software version 2.8.0.119
* Temperature SN = 8188
* Conductivity SN = 8188
* System UpLoad Time = Jul 03 2023 16:35:19
* <ApplicationData>
* <Seaterm232>
# nquan = 16
# nvalues = 411                         
# units = specified
# name 0 = depFM: Depth [fresh water, m]
# name 1 = dz/dtM: Descent Rate [m/s]
# name 2 = sbeox0Mg/L: Oxygen, SBE 43 [mg/l]
# name 3 = sbeox0PS: Oxygen, SBE 43 [% saturation]
# name 4 = specc: Specific Conductance [uS/cm]
# name 5 = c0uS/cm: Conductivity [uS/cm]
# name 6 = wetCDOM: Fluorescence, WET Labs CDOM [mg/m^3]
# name 7 = flECO-AFL: Fluorescence, WET Labs ECO-AFL/FL [mg/m^3]
# name 8 = flECO-AFL1: Fluorescence, WET Labs ECO-AFL/FL, 2 [mg/m^3]
# name 9 = flECO-AFL2: Fluorescence, WET Labs ECO-AFL/FL, 3 [mg/m^3]
# name 10 = par/sat/log: PAR/Logarithmic, Satlantic
# name 11 = turbWETntu0: Turbidity, WET Labs ECO [NTU]
# name 12 = prdM: Pressure, Strain Gauge [db]
# name 13 = prdE: Pressure, Strain Gauge [psi]
# name 14 = tv290C: Temperature [ITS-90, deg C]
# name 15 = flag:  0.000e+00
# span 0 =     -0.719,      3.840       
# span 1 =     -0.216,      0.193       
# span 2 =    -0.6766,    15.2678       
# span 3 =     -6.449,    172.887       
# span 4 =      1.866,     48.218       
# span 5 =   1.626788,  47.626418       
# span 6 =    -4.5000,     7.1100       
# span 7 =    -0.1346,     3.3712       
# span 8 =    -2.1300,     0.6816       
# span 9 =    -2.0304,    20.7693       
# span 10 = 1.6108e-01, 8.1978e+02      
# span 11 =    -0.4835,    59.2012      
# span 12 =     -0.705,      3.766      
# span 13 =     -1.022,      5.461      
# span 14 =    11.2583,    24.4461      
# span 15 = 0.0000e+00, 0.0000e+00      
# interval = seconds: 0.25
# start_time = Jun 27 2023 16:06:42 [Instrument's time stamp, header]
# bad_flag = -9.990e-29
*END*
     -0.719      0.000     8.5071     90.525      1.866   1.626788    -4.5000    -0.0850    -2.1300    -2.0304 2.2583e+02    -0.1528     -0.705     -1.022    18.3487 0.0000e+00
     -0.718      0.001     8.5006     90.520      2.633   2.296030    -4.5000    -0.0964    -2.1300    -2.0304 2.3922e+02    -0.1228     -0.705     -1.022    18.3919 0.0000e+00
     -0.718      0.001     8.4936     90.514      3.914   3.414460    -4.5000    -0.1346    -2.1300    -2.0304 2.6807e+02    -0.2130     -0.704     -1.022    18.4366 0.0000e+00
     -0.718      0.001     8.4869     90.513      5.673   4.950106     0.0000    -0.1155     0.0000     0.0000 2.6900e+02    -0.4384     -0.704     -1.022    18.4763 0.0000e+00
     -0.718      0.001     8.4806     90.520      7.318   6.385042     0.0000    -0.1079     0.0000     0.0000 2.8310e+02    -0.4534     -0.704     -1.021    18.5112 0.0000e+00
     -0.718      0.002     8.4747     90.539      8.379   7.310879     0.0000    -0.1079     0.0000     0.0000 2.9651e+02    -0.4084     -0.704     -1.021    18.5421 0.0000e+00
     -0.717      0.002     8.4695     90.574      8.897   7.762888     0.0000    -0.0926     0.0000     0.0000 3.6672e+02    -0.4084     -0.703     -1.020    18.5693 0.0000e+00
     -0.717      0.003     8.4658     90.628      9.177   8.007961     0.0000    -0.1002     0.0000     0.0000 3.4171e+02    -0.1829     -0.703     -1.020    18.5900 0.0000e+00
     -0.716      0.003     8.4644     90.699      9.449   8.247916     0.0000    -0.1117     0.0000     0.0846 3.2449e+02    -0.1228     -0.702     -1.019    18.6017 0.0000e+00
     -0.715      0.004     8.4653     90.782      9.596   8.378629     0.0000    -0.1193     0.0000     0.0846 3.4861e+02    -0.1378     -0.701     -1.017    18.6064 0.0000e+00
     -0.714      0.006     8.4681     90.874      9.467   8.270796     0.0000    -0.1079     0.0000     0.0846 3.9493e+02    -0.1829     -0.700     -1.016    18.6095 0.0000e+00
     -0.713      0.007     8.4724     90.971      9.139   7.992575     0.0000    -0.1079     0.0000     0.0846 4.2080e+02    -0.4234     -0.699     -1.014    18.6138 0.0000e+00
     -0.711      0.010     8.4782     91.063      8.770   7.683385     0.0000    -0.1193     0.0000    -0.2961 5.1191e+02    -0.3633     -0.697     -1.011    18.6184 0.0000e+00
     -0.709      0.012     8.4853     91.142      8.443   7.420983     0.0000    -0.1231     0.0000    -0.2961 5.7690e+02    -0.4835     -0.695     -1.008    18.6225 0.0000e+00
     -0.706      0.016     8.4932     91.201      8.388   7.410293     0.0000    -0.1269     0.0000    -0.2961 6.6341e+02    -0.4384     -0.692     -1.003    18.6271 0.0000e+00
     -0.702      0.020     8.5011     91.238      8.944   7.956982     0.0000    -0.1041     0.0000    -0.2961 6.9650e+02    -0.2130     -0.688     -0.997    18.6343 0.0000e+00
     -0.697      0.026     8.5077     91.253     10.286   9.232543    -0.5400    -0.1079     0.0000     0.1269 7.0243e+02    -0.1228     -0.683     -0.990    18.6470 0.0000e+00
     -0.690      0.033     8.5115     91.246     12.754  11.559325    -0.5400    -0.0850     0.0000     0.1269 7.1412e+02    -0.2130     -0.677     -0.981    18.6696 0.0000e+00
     -0.681      0.043     8.5105     91.219     17.254  15.775329    -0.5400    -0.1231     0.0000     0.1269 7.4019e+02    -0.0927     -0.668     -0.969    18.7094 0.0000e+00
     -0.670      0.055     8.5028     91.178     23.891  22.035384    -0.5400     0.3804     0.0000     0.1269 7.4277e+02     5.9795     -0.657     -0.953    18.7786 0.0000e+00
     -0.656      0.069     8.4849     91.128     31.149  29.041016     0.2700     0.3766     0.0000     0.8037 7.4455e+02     6.0847     -0.643     -0.933    18.8971 0.0000e+00
     -0.638      0.084     8.4514     91.070     37.419  35.299367     0.2700     0.3881     0.0000     0.8037 7.4342e+02     6.0245     -0.626     -0.907    19.0981 0.0000e+00
     -0.615      0.100     8.3937     91.010     41.850  39.922584     0.2700     0.3575     0.0000     0.8037 7.7745e+02     5.9193     -0.603     -0.874    19.4372 0.0000e+00
     -0.586      0.114     8.3025     90.953     44.577  42.945119     0.2700     2.0932     0.0000     0.8037 8.1481e+02    23.0086     -0.575     -0.833    19.9746 0.0000e+00
     -0.553      0.127     8.1824     90.917     46.213  44.883703     0.2700     2.0932     0.0000     0.8037 8.1978e+02    23.0837     -0.542     -0.786    20.6917 0.0000e+00
     -0.517      0.137     8.0535     90.925     47.122  46.057148     6.5700     2.0780     0.4686    15.5664 8.0741e+02    23.1138     -0.507     -0.735    21.4713 0.0000e+00
     -0.479      0.144     7.9342     91.013     47.551  46.693175     6.5700     2.0704     0.4686    15.5664 7.9834e+02    23.0236     -0.470     -0.682    22.2025 0.0000e+00
     -0.441      0.146     7.8331     91.215     47.702  46.991126     6.5700     2.5091     0.4686    15.5664 7.6688e+02    24.7671     -0.432     -0.627    22.8305 0.0000e+00
     -0.401      0.143     7.7534     91.552     47.699  47.083964     6.5700     2.5167     0.4686    15.5664 7.4148e+02    24.8272     -0.394     -0.571    23.3371 0.0000e+00
     -0.363      0.137     7.6961     92.036     47.655  47.097514     6.4800     2.5052     0.4260    17.1315 6.7563e+02    24.8272     -0.356     -0.516    23.7254 0.0000e+00
     -0.327      0.127     7.6618     92.674     47.684  47.156267     6.4800     2.5167     0.4260    17.1315 6.4199e+02    24.8573     -0.321     -0.465    24.0063 0.0000e+00
     -0.295      0.114     7.6506     93.478     47.804  47.285799     6.4800     2.7723     0.4260    17.1315 5.8778e+02    24.6018     -0.289     -0.419    24.1968 0.0000e+00
     -0.267      0.099     7.6609     94.512     47.947  47.423553     6.4800     2.7646     0.4260    17.1315 5.2089e+02    24.5717     -0.262     -0.380    24.3180 0.0000e+00
     -0.244      0.084     7.6907     95.921     48.057  47.517090     6.9300     2.7646     0.4260    19.8810 4.6767e+02    24.5717     -0.240     -0.348    24.3905 0.0000e+00
     -0.226      0.071     7.7382     97.917     48.135  47.573515     6.9300     2.7570     0.4260    19.8810 4.5287e+02    24.5417     -0.222     -0.322    24.4298 0.0000e+00
     -0.211      0.059     7.8029    100.576     48.192  47.611836     6.9300     2.6311     0.4260    19.8810 4.6787e+02    21.8513     -0.207     -0.301    24.4461 0.0000e+00
     -0.199      0.050     7.8894    103.809     48.218  47.626418     6.9300     2.6311     0.4260    19.8810 4.8211e+02    21.9264     -0.195     -0.283    24.4444 0.0000e+00
     -0.188      0.043     8.0093    107.529     48.207  47.609259     6.8400     2.6426     0.4686    19.9233 4.8128e+02    21.8964     -0.184     -0.268    24.4297 0.0000e+00
     -0.178      0.038     8.1790    111.537     48.160  47.559747     6.8400     2.6235     0.4686    19.9233 4.6523e+02    21.8062     -0.175     -0.254    24.4096 0.0000e+00
     -0.170      0.035     8.4039    115.468     48.068  47.464678     6.8400     2.5854     0.4686    19.9233 4.4719e+02    21.9565     -0.167     -0.242    24.3918 0.0000e+00
     -0.162      0.034     8.6758    119.021     47.897  47.290775     6.8400     2.5739     0.4686    19.9233 4.3154e+02    21.9264     -0.159     -0.231    24.3803 0.0000e+00
     -0.154      0.034     8.9876    122.009     47.646  47.033278     6.8400     2.5854     0.4686    19.9233 4.2687e+02    21.8062     -0.151     -0.220    24.3743 0.0000e+00
     -0.146      0.035     9.3232    124.307     47.401  46.778086     6.7500     2.5739     0.4686    20.0502 4.2613e+02    21.8362     -0.143     -0.208    24.3708 0.0000e+00
     -0.137      0.035     9.6524    125.943     47.258  46.619639     6.7500     2.6502     0.4686    20.0502 4.3219e+02    22.6328     -0.134     -0.195    24.3670 0.0000e+00
     -0.126      0.034     9.9506    127.009     47.199  46.543426     6.7500     2.6349     0.4686    20.0502 2.6575e+02    22.5427     -0.124     -0.180    24.3610 0.0000e+00
     -0.116      0.031    10.2022    127.476     47.183  46.509305     6.7500     2.6311     0.4686    20.0502 1.8771e+02    22.5126     -0.114     -0.165    24.3512 0.0000e+00
     -0.107      0.025    10.3972    127.296     47.244  46.551773     6.9300     2.6121     0.4686    20.6424 1.6974e+02    22.6028     -0.105     -0.152    24.3367 0.0000e+00
     -0.100      0.017    10.5376    126.481     47.396  46.686114     6.9300     2.4862     0.4686    20.6424 1.6182e+02    21.7010     -0.098     -0.143    24.3185 0.0000e+00
     -0.096      0.009    10.6306    125.070     47.563  46.835204     6.9300     2.4518     0.4686    20.6424 1.5524e+02    21.6258     -0.095     -0.138    24.2990 0.0000e+00
     -0.096      0.001    10.6733    123.183     47.681  46.933777     6.9300     2.4633     0.4686    20.6424 1.8240e+02    21.5657     -0.095     -0.137    24.2801 0.0000e+00
     -0.099     -0.006    10.6616    121.011     47.770  47.002173     6.8400     2.4328     0.4686    20.1348 2.0223e+02    21.6709     -0.097     -0.141    24.2623 0.0000e+00
     -0.103     -0.011    10.5965    118.773     47.860  47.074483     6.8400     2.4785     0.4686    20.1348 2.2315e+02    21.5807     -0.101     -0.147    24.2459 0.0000e+00
     -0.107     -0.013    10.4814    116.700     47.926  47.128374     6.8400     2.4518     0.4686    20.1348 2.1679e+02    21.6559     -0.105     -0.153    24.2294 0.0000e+00
     -0.111     -0.014    10.3268    115.016     47.927  47.122732     6.8400     2.4442     0.4686    20.1348 2.1793e+02    21.6258     -0.109     -0.159    24.2111 0.0000e+00
     -0.115     -0.013    10.1484    113.878     47.864  47.056051     6.8400     2.4633     0.4686    20.1348 2.1025e+02    21.6709     -0.113     -0.165    24.1915 0.0000e+00
     -0.119     -0.012     9.9639    113.326     47.793  46.983870     6.8400     2.3870     0.4260    19.9656 1.7219e+02    21.3403     -0.116     -0.169    24.1743 0.0000e+00
     -0.121     -0.011     9.7922    113.312     47.793  46.984038     6.8400     2.3870     0.4260    19.9656 1.8149e+02    21.4304     -0.119     -0.173    24.1625 0.0000e+00
     -0.123     -0.011     9.6523    113.753     47.872  47.068490     6.8400     2.3832     0.4260    19.9656 1.7597e+02    21.3703     -0.121     -0.175    24.1553 0.0000e+00
     -0.125     -0.011     9.5577    114.513     47.960  47.166612     6.8400     2.3794     0.4260    19.9656 2.2026e+02    21.4304     -0.122     -0.178    24.1503 0.0000e+00
     -0.128     -0.011     9.5119    115.398     47.988  47.207470     6.8400     2.4442     0.4686    20.0925 2.7557e+02    21.1148     -0.125     -0.182    24.1470 0.0000e+00
     -0.131     -0.012     9.5107    116.183     47.942  47.172237     6.8400     2.4518     0.4686    20.0925 2.0466e+02    21.1449     -0.129     -0.187    24.1475 0.0000e+00
     -0.135     -0.012     9.5464    116.668     47.865  47.101059     6.8400     2.4480     0.4686    20.0925 1.8992e+02    21.2050     -0.133     -0.192    24.1543 0.0000e+00
     -0.139     -0.012     9.6080    116.737     47.832  47.072054     6.8400     2.4595     0.4686    20.0925 2.0276e+02    21.1148     -0.136     -0.197    24.1667 0.0000e+00
     -0.142     -0.012     9.6798    116.412     47.860  47.105230     6.8400     2.5319     0.4686    19.6695 2.5093e+02    21.1599     -0.139     -0.201    24.1802 0.0000e+00
     -0.144     -0.011     9.7439    115.843     47.885  47.138096     6.8400     2.5167     0.4686    19.6695 2.8408e+02    21.1599     -0.141     -0.205    24.1904 0.0000e+00
     -0.147     -0.009     9.7835    115.241     47.841  47.102134     6.8400     2.5167     0.4686    19.6695 3.5658e+02    21.2050     -0.144     -0.209    24.1961 0.0000e+00
     -0.150     -0.007     9.7887    114.802     47.694  46.958030     6.8400     2.4709     0.4686    19.6695 3.7388e+02    21.0998     -0.147     -0.213    24.1997 0.0000e+00
     -0.152     -0.005     9.7604    114.650     47.490  46.750584     6.8400     2.5586     0.4260    19.7964 3.7797e+02    22.3773     -0.149     -0.217    24.2053 0.0000e+00
     -0.153     -0.003     9.7112    114.799     47.340  46.592912     6.8400     2.5815     0.4260    19.7964 3.6848e+02    22.3322     -0.150     -0.218    24.2140 0.0000e+00
     -0.153     -0.001     9.6594    115.144     47.305  46.546010     6.8400     2.5930     0.4260    19.7964 3.4283e+02    22.3773     -0.150     -0.218    24.2215 0.0000e+00
     -0.152      0.001     9.6225    115.524     47.379  46.603314     6.8400     2.5586     0.4260    19.7964 3.2329e+02    22.4074     -0.149     -0.216    24.2223 0.0000e+00
     -0.151      0.001     9.6109    115.796     47.518  46.726603     6.8400     2.6349     0.4260    19.7964 3.2861e+02    21.9415     -0.148     -0.215    24.2156 0.0000e+00
     -0.150      0.001     9.6253    115.861     47.661  46.859582     6.8400     2.6235     0.4686    19.9656 2.6214e+02    21.9264     -0.147     -0.214    24.2050 0.0000e+00
     -0.150     -0.000     9.6567    115.661     47.769  46.964393     6.8400     2.6311     0.4686    19.9656 2.8053e+02    21.8813     -0.147     -0.214    24.1918 0.0000e+00
     -0.151     -0.001     9.6914    115.168     47.833  47.027373     6.8400     2.6540     0.4686    19.9656 2.9229e+02    21.8813     -0.148     -0.215    24.1759 0.0000e+00
     -0.152     -0.002     9.7168    114.395     47.857  47.049463     6.8400     2.6426     0.4686    19.9656 2.8844e+02    21.6859     -0.149     -0.216    24.1613 0.0000e+00
     -0.152     -0.003     9.7237    113.413     47.854  47.044481     6.9300     2.6273     0.4686    20.1348 2.9159e+02    21.6859     -0.149     -0.217    24.1534 0.0000e+00
     -0.153     -0.003     9.7072    112.345     47.842  47.030915     6.9300     2.6578     0.4686    20.1348 3.0787e+02    21.5958     -0.150     -0.218    24.1519 0.0000e+00
     -0.154     -0.003     9.6657    111.320     47.836  47.024962     6.9300     2.6388     0.4686    20.1348 3.3641e+02    21.7160     -0.151     -0.219    24.1521 0.0000e+00
     -0.155     -0.003     9.6010    110.444     47.844  47.032961     6.9300     2.6121     0.4686    20.1348 3.3751e+02    21.8813     -0.152     -0.220    24.1510 0.0000e+00
     -0.156     -0.003     9.5190    109.810     47.851  47.041193     6.8400     2.6235     0.4686    19.3311 3.3721e+02    21.8062     -0.153     -0.222    24.1489 0.0000e+00
     -0.157     -0.004     9.4298    109.508     47.825  47.016184     6.8400     2.6235     0.4686    19.3311 3.4642e+02    21.8212     -0.154     -0.223    24.1468 0.0000e+00
     -0.158     -0.004     9.3439    109.574     47.744  46.935412     6.8400     2.6426     0.4686    19.3311 3.5643e+02    21.9264     -0.155     -0.224    24.1458 0.0000e+00
     -0.159     -0.004     9.2702    109.946     47.616  46.805081     6.8400     2.6960     0.4686    19.3311 3.5496e+02    21.5958     -0.156     -0.225    24.1464 0.0000e+00
     -0.160     -0.004     9.2168    110.464     47.491  46.673663     6.8400     2.7151     0.4686    19.3311 3.5891e+02    21.6258     -0.157     -0.227    24.1479 0.0000e+00
     -0.161     -0.004     9.1913    110.950     47.387  46.561596     6.6600     2.6960     0.4260    19.2888 3.6592e+02    21.6559     -0.158     -0.228    24.1487 0.0000e+00
     -0.162     -0.003     9.1971    111.287     47.237  46.401345     6.6600     2.6960     0.4260    19.2888 3.6576e+02    21.5657     -0.159     -0.230    24.1472 0.0000e+00
     -0.163     -0.002     9.2292    111.430     47.038  46.191790     6.6600     2.6845     0.4260    19.2888 3.5666e+02    22.0767     -0.160     -0.232    24.1423 0.0000e+00
     -0.164     -0.001     9.2742    111.358     46.880  46.019719     6.6600     2.6883     0.4260    19.2888 3.5158e+02    22.0918     -0.161     -0.233    24.1338 0.0000e+00
     -0.164     -0.000     9.3169    111.082     46.797  45.916525     6.6600     2.6998     0.4686    19.0773 3.5021e+02    22.1519     -0.161     -0.233    24.1227 0.0000e+00
