Data/DataNotYetUploadedToEDI/Raw_CTD/RawDownloads/062723_fcrXX_S8188014.cnv
* Sea-Bird SBE19plus  Data File:
* FileName = C:\R\Reservoirs\Data\DataNotYetUploadedToEDI\Raw_CTD\RawDownloads\062623_fcr50_S8188_0014.hex
* Software version 2.8.0.119
* Temperature SN = 8188
* Conductivity SN = 8188
* System UpLoad Time = Jul 03 2023 16:34:07
* <ApplicationData>
* <Seaterm232>
# nquan = 16
# nvalues = 847                         
# units = specified
# name 0 = depFM: Depth [fresh water, m]
# name 1 = dz/dtM: Descent Rate [m/s]
# name 2 = sbeox0Mg/L: Oxygen, SBE 43 [mg/l]
# name 3 = sbeox0PS: Oxygen, SBE 43 [% saturation]
# name 4 = specc: Specific Conductance [uS/cm]
# name 5 = c0uS/cm: Conductivity [uS/cm]
# name 6 = wetCDOM: Fluorescence, WET Labs CDOM [mg/m^3]
# name 7 = flECO-AFL: Fluorescence, WET Labs ECO-AFL/FL [mg/m^3]
# name 8 = flECO-AFL1: Fluorescence, WET Labs ECO-AFL/FL, 2 [mg/m^3]
# name 9 = flECO-AFL2: Fluorescence, WET Labs ECO-AFL/FL, 3 [mg/m^3]
# name 10 = par/sat/log: PAR/Logarithmic, Satlantic
# name 11 = turbWETntu0: Turbidity, WET Labs ECO [NTU]
# name 12 = prdM: Pressure, Strain Gauge [db]
# name 13 = prdE: Pressure, Strain Gauge [psi]
# name 14 = tv290C: Temperature [ITS-90, deg C]
# name 15 = flag:  0.000e+00
# span 0 =     -0.718,      6.696       
# span 1 =     -0.245,      0.168       
# span 2 =     0.0622,    14.6432       
# span 3 =      0.577,    161.615       
# span 4 =      0.439,     47.746       
# span 5 =   0.377055,  47.230262       
# span 6 =    -4.5000,     7.2900       
# span 7 =    -0.9891,     4.2333       
# span 8 =    -2.1300,     0.5112       
# span 9 =    -2.0304,    20.6847       
# span 10 = 1.1595e-01, 5.0113e+02      
# span 11 =    -0.6488,    57.8334      
# span 12 =     -0.705,      6.567      
# span 13 =     -1.022,      9.524      
# span 14 =    10.5909,    24.4905      
# span 15 = 0.0000e+00, 0.0000e+00      
# interval = seconds: 0.25
# start_time = Jun 27 2023 15:15:35 [Instrument's time stamp, header]
# bad_flag = -9.990e-29
*END*
[from data line 181]
     -0.718 3.8614e-12     8.6804     91.920      0.486   0.419111     0.0000     0.1706     0.0000     0.0423 4.4429e+02     3.8151     -0.704     -1.022    18.1053 0.0000e+00
     -0.718 4.9646e-12     8.6817     91.918      0.486   0.419003     0.0000     0.2011     0.0000     0.0000 4.4352e+02     3.8151     -0.704     -1.022    18.1027 0.0000e+00
     -0.718 6.3831e-12     8.6829     91.915      0.486   0.418947     0.0000     0.0562     0.0000     0.0000 4.4371e+02     4.1608     -0.704     -1.022    18.1002 0.0000e+00
     -0.718 8.2068e-12     8.6839     91.912      0.486   0.418928     0.0000     0.0791     0.0000     0.0000 4.4419e+02     4.1458     -0.704     -1.022    18.0978 0.0000e+00
     -0.718 1.0552e-11     8.6846     91.908      0.486   0.418939     0.0000     0.0867     0.0000     0.0000 4.4409e+02     4.1007     -0.704     -1.022    18.0954 0.0000e+00
     -0.718 1.3566e-11     8.6848     91.904      0.486   0.418985     0.2700     0.0714     0.0000     0.0423 4.4323e+02     4.1608     -0.704     -1.021    18.0932 0.0000e+00
     -0.718 1.7442e-11     8.6849     91.900      0.486   0.419077     0.2700    -0.1117     0.0000     0.0423 4.4227e+02     2.7931     -0.704     -1.021    18.0910 0.0000e+00
     -0.718 2.2426e-11     8.6850     91.896      0.486   0.419240     0.2700    -0.1422     0.0000     0.0423 4.4217e+02     2.7179     -0.704     -1.021    18.0889 0.0000e+00
     -0.718 2.8833e-11     8.6850     91.892      0.487   0.419518     0.2700    -0.1308     0.0000     0.0423 4.4178e+02     2.8081     -0.704     -1.021    18.0869 0.0000e+00
     -0.718 3.7072e-11     8.6850     91.887      0.487   0.419983     0.2700    -0.1079     0.0000     0.0423 4.4275e+02     2.7179     -0.704     -1.021    18.0849 0.0000e+00
     -0.718 4.7663e-11     8.6849     91.881      0.488   0.420762     0.4500    -0.0964     0.0426     0.0000 4.4294e+02     2.8231     -0.704     -1.021    18.0830 0.0000e+00
     -0.718 6.1282e-11     8.6849     91.873      0.490   0.422060     0.4500    -0.0697     0.0426     0.0000 4.4371e+02     2.6879     -0.704     -1.021    18.0811 0.0000e+00
     -0.718 7.8791e-11     8.6849     91.868      0.492   0.424226     0.4500    -0.0773     0.0426     0.0000 4.4390e+02     2.8532     -0.704     -1.021    18.0793 0.0000e+00
     -0.718 1.0130e-10     8.6847     91.872      0.497   0.427835     0.4500    -0.0278     0.0426     0.0000 4.4506e+02     2.7630     -0.704     -1.021    18.0776 0.0000e+00
     -0.718 1.3025e-10     8.6844     91.882      0.499   0.429896     0.0000    -0.1269     0.0000     0.0000 4.4438e+02     2.2370     -0.704     -1.021    18.0759 0.0000e+00
     -0.718 1.6746e-10     8.6839     91.890      0.495   0.427005     0.0000    -0.1384     0.0000     0.0000 4.4467e+02     2.1317     -0.704     -1.021    18.0743 0.0000e+00
     -0.718 2.1530e-10     8.6837     91.895      0.490   0.422345     0.0000    -0.1193     0.0000     0.0000 4.4448e+02     2.2971     -0.704     -1.021    18.0728 0.0000e+00
     -0.718 2.7682e-10     8.6844     91.898      0.486   0.418627     0.0000    -0.1422     0.0000     0.0000 4.4323e+02     2.2370     -0.704     -1.021    18.0713 0.0000e+00
     -0.718 3.5591e-10     8.6856     91.901      0.481   0.414859     0.1800    -0.1384     0.0000     0.0000 4.4265e+02     2.4624     -0.704     -1.021    18.0698 0.0000e+00
     -0.718 4.5760e-10     8.6867     91.905      0.476   0.410038     0.1800    -0.1193     0.0000     0.0000 4.4092e+02     2.4925     -0.704     -1.021    18.0684 0.0000e+00
     -0.718 5.8834e-10     8.6874     91.905      0.472   0.406832     0.1800    -0.1117     0.0000     0.0000 4.3949e+02     2.5676     -0.704     -1.021    18.0670 0.0000e+00
     -0.718 7.5644e-10     8.6879     91.902      0.474   0.408339     0.1800    -0.1308     0.0000     0.0000 4.4016e+02     2.5075     -0.704     -1.021    18.0657 0.0000e+00
     -0.718 9.7257e-10     8.6884     91.900      0.477   0.411009     0.1800     0.0485     0.0426     0.0846 4.4227e+02     3.1989     -0.704     -1.021    18.0645 0.0000e+00
     -0.718 1.2504e-09     8.6889     91.904      0.478   0.411598     0.1800     0.0752     0.0426     0.0846 4.4217e+02     3.0636     -0.704     -1.021    18.0632 0.0000e+00
     -0.718 1.6077e-09     8.6892     91.910      0.481   0.414218     0.1800     0.0676     0.0426     0.0846 4.4198e+02     3.2289     -0.704     -1.021    18.0621 0.0000e+00
     -0.718 2.0671e-09     8.6890     91.915      0.487   0.419567     0.1800     0.0447     0.0426     0.0846 4.4265e+02     3.1087     -0.704     -1.021    18.0609 0.0000e+00
     -0.718 2.6576e-09     8.6890     91.915      0.489   0.421163     0.1800    -0.1384     0.0426     0.0846 4.4332e+02     2.7630     -0.704     -1.021    18.0598 0.0000e+00
     -0.718 3.4170e-09     8.6896     91.912      0.487   0.419433     0.0900    -0.1498     0.0000     0.0846 4.4448e+02     2.7480     -0.704     -1.021    18.0587 0.0000e+00
     -0.718 4.3932e-09     8.6904     91.910      0.485   0.417868     0.0900    -0.1117     0.0000     0.0846 4.4429e+02     2.8081     -0.704     -1.021    18.0577 0.0000e+00
     -0.718 5.6485e-09     8.6910     91.908      0.483   0.416052     0.0900    -0.1613     0.0000     0.0846 4.4342e+02     2.7931     -0.704     -1.021    18.0567 0.0000e+00
     -0.718 7.2623e-09     8.6912     91.907      0.480   0.413500     0.0900    -0.1346     0.0000     0.0846 4.4313e+02     4.1458     -0.704     -1.021    18.0558 0.0000e+00
     -0.718 9.3373e-09     8.6911     91.906      0.475   0.409532     0.0900    -0.1117     0.0000     0.0000 4.4429e+02     4.1157     -0.704     -1.021    18.0549 0.0000e+00
     -0.718 1.2005e-08     8.6911     91.904      0.472   0.407044     0.0900    -0.1002     0.0000     0.0000 4.4467e+02     4.1007     -0.704     -1.021    18.0540 0.0000e+00
     -0.718 1.5435e-08     8.6911     91.903      0.475   0.409326     0.0900    -0.1231     0.0000     0.0000 4.4429e+02     4.1157     -0.704     -1.021    18.0532 0.0000e+00
     -0.718 1.9845e-08     8.6911     91.903      0.479   0.413033     0.0900    -0.1422     0.0000     0.0000 4.4342e+02     2.2971     -0.704     -1.021    18.0524 0.0000e+00
     -0.718 2.5515e-08     8.6911     91.902      0.482   0.415199     0.0000    -0.1269     0.0000     0.0423 4.4409e+02     2.2370     -0.704     -1.021    18.0516 0.0000e+00
     -0.718 3.2805e-08     8.6910     91.902      0.483   0.416402     0.0000    -0.1498     0.0000     0.0423 4.4467e+02     2.2820     -0.704     -1.021    18.0509 0.0000e+00
     -0.718 4.2178e-08     8.6910     91.904      0.484   0.416962     0.0000    -0.1346     0.0000     0.0423 4.4458e+02     2.2219     -0.704     -1.021    18.0502 0.0000e+00
     -0.718 5.4229e-08     8.6912     91.903      0.484   0.417029     0.0000     0.0714     0.0000     0.0423 4.4516e+02     2.8532     -0.704     -1.021    18.0496 0.0000e+00
     -0.718 6.9723e-08     8.6913     91.899      0.483   0.416621     0.0000     0.0638     0.0426     0.0846 4.4458e+02     2.7780     -0.704     -1.021    18.0489 0.0000e+00
     -0.718 8.9644e-08     8.6914     91.894      0.482   0.415629     0.0000     0.0180     0.0426     0.0846 4.4409e+02     2.7931     -0.704     -1.021    18.0482 0.0000e+00
     -0.718 1.1526e-07     8.6916     91.889      0.480   0.413788     0.0000     0.0485     0.0426     0.0846 4.4361e+02     2.7329     -0.704     -1.021    18.0476 0.0000e+00
     -0.718 1.4819e-07     8.6917     91.883      0.477   0.410608     0.0000    -0.1460     0.0426     0.0846 4.4323e+02     2.3121     -0.704     -1.021    18.0471 0.0000e+00
     -0.718 1.9053e-07     8.6914     91.880      0.470   0.405240     0.0000    -0.1041     0.0426     0.0846 4.4429e+02     2.2670     -0.704     -1.021    18.0465 0.0000e+00
     -0.718 2.4496e-07     8.6910     91.878      0.465   0.400208     0.0000    -0.1269     0.0000    -0.0423 4.4400e+02     2.2670     -0.704     -1.021    18.0460 0.0000e+00
     -0.718 3.1495e-07     8.6906     91.877      0.462   0.398123     0.0000    -0.1422     0.0000    -0.0423 4.4409e+02     2.3271     -0.704     -1.021    18.0455 0.0000e+00
     -0.718 4.0494e-07     8.6902     91.878      0.463   0.398430     0.0000     0.2507     0.0000    -0.0423 4.4400e+02     3.2440     -0.704     -1.021    18.0450 0.0000e+00
     -0.718 5.2063e-07     8.6900     91.882      0.470   0.405164     0.0000     0.2622     0.0000    -0.0423 4.4400e+02     3.1388     -0.704     -1.021    18.0445 0.0000e+00
     -0.718 6.6938e-07     8.6899     91.889      0.483   0.416168     0.0000     0.2507     0.0000     0.0846 4.4294e+02     3.1989     -0.704     -1.021    18.0441 0.0000e+00
     -0.718 8.6064e-07     8.6898     91.894      0.490   0.422512     0.0000     0.2431     0.0000     0.0846 4.4092e+02     3.1688     -0.704     -1.021    18.0436 0.0000e+00
     -0.718      0.000     8.6899     91.898      0.494   0.425890     0.0000    -0.4893     0.0000     0.0846 4.3540e+02     1.9965     -0.704     -1.021    18.0432 0.0000e+00
     -0.718      0.000     8.6904     91.905      0.496   0.427201     0.0000    -0.5008     0.0000     0.0846 4.2162e+02     2.0416     -0.704     -1.021    18.0428 0.0000e+00
     -0.718      0.000     8.6912     91.912      0.491   0.422841     0.0900    -0.5084     0.0000    -0.0423 4.1906e+02     1.9814     -0.704     -1.021    18.0425 0.0000e+00
     -0.718      0.000     8.6917     91.916      0.482   0.415601     0.0900    -0.4855     0.0000    -0.0423 4.3968e+02     2.0265     -0.704     -1.021    18.0421 0.0000e+00
     -0.718      0.000     8.6921     91.914      0.478   0.411459     0.0900     0.4338     0.0000    -0.0423 4.2336e+02     3.6949     -0.704     -1.021    18.0418 0.0000e+00
     -0.717      0.000     8.6928     91.909      0.480   0.413264     0.0900     0.4338     0.0000    -0.0423 4.1553e+02     3.6047     -0.704     -1.020    18.0415 0.0000e+00
     -0.717      0.000     8.6935     91.904      0.485   0.417545     0.1800     0.4300     0.0000     0.0846 4.1211e+02     3.6197     -0.704     -1.020    18.0412 0.0000e+00
     -0.717      0.000     8.6940     91.899      0.489   0.421489     0.1800     0.4376     0.0000     0.0846 3.1422e+02     3.5596     -0.704     -1.020    18.0410 0.0000e+00
     -0.718      0.000     8.6938     91.893      0.490   0.422192     0.1800    -0.9853     0.0000     0.0846 2.9324e+02    -0.4234     -0.704     -1.021    18.0408 0.0000e+00
     -0.718      0.000     8.6934     91.888      0.483   0.415889     0.1800    -0.9814     0.0000     0.0846 2.7925e+02    -0.4835     -0.704     -1.021    18.0405 0.0000e+00
     -0.718      0.000     8.6929     91.885      0.474   0.408806     0.1800    -0.9891     0.0000     0.0846 2.6668e+02    -0.4084     -0.704     -1.021    18.0403 0.0000e+00
     -0.717      0.000     8.6925     91.887      0.472   0.406963     0.3600    -0.9814     0.0426     0.0846 2.6483e+02    -0.2731     -0.704     -1.020    18.0400 0.0000e+00
     -0.717      0.000     8.6920     91.895      0.471   0.405916     0.3600    -0.0011     0.0426     0.0846 2.7515e+02     2.1167     -0.704     -1.020    18.0398 0.0000e+00
     -0.717      0.000     8.6916     91.904      0.471   0.405384     0.3600    -0.0125     0.0426     0.0846 3.4216e+02     2.0566     -0.704     -1.020    18.0396 0.0000e+00
     -0.717      0.000     8.6913     91.910      0.476   0.409180     0.3600    -0.0125     0.0426     0.0846 3.7153e+02     1.9965     -0.704     -1.020    18.0395 0.0000e+00
     -0.717      0.000     8.6916     91.915      0.482   0.414361     0.0900     0.0142     0.0000    -0.0423 3.6944e+02     2.0716     -0.704     -1.020    18.0393 0.0000e+00
     -0.717      0.000     8.6923     91.919      0.486   0.418356     0.0900    -0.0506     0.0000    -0.0423 3.6904e+02     1.3351     -0.704     -1.020    18.0392 0.0000e+00
     -0.718      0.000     8.6932     91.924      0.490   0.422230     0.0900    -0.0545     0.0000    -0.0423 3.7364e+02     1.3502     -0.704     -1.020    18.0391 0.0000e+00
     -0.718      0.000     8.6938     91.924      0.496   0.427016     0.0900    -0.0697     0.0000    -0.0423 3.7575e+02     1.1999     -0.704     -1.021    18.0390 0.0000e+00
     -0.718      0.000     8.6942     91.919      0.504   0.433989     0.1800    -0.0201     0.0000     0.0423 3.7331e+02     1.3351     -0.704     -1.021    18.0389 0.0000e+00
     -0.718      0.000     8.6947     91.912      0.521   0.448964     0.1800    -0.1079     0.0000     0.0423 3.7584e+02     1.0796     -0.704     -1.021    18.0389 0.0000e+00
     -0.718      0.000     8.6951     91.900      0.562   0.483843     0.1800    -0.1308     0.0000     0.0423 3.4179e+02     0.9594     -0.704     -1.020    18.0389 0.0000e+00
     -0.717      0.000     8.6951     91.886      0.636   0.547927     0.1800    -0.1231     0.0000     0.0423 2.9350e+02     1.1247     -0.704     -1.020    18.0389 0.0000e+00
     -0.717      0.000     8.6946     91.869      0.755   0.650395     0.1800    -0.1269     0.0426    -0.0423 2.6477e+02     1.0195     -0.704     -1.020    18.0389 0.0000e+00
     -0.717      0.000     8.6939     91.850      0.942   0.810665     0.1800    -0.0850     0.0426    -0.0423 2.7006e+02     2.0866     -0.704     -1.020    18.0390 0.0000e+00
     -0.717      0.001     8.6928     91.828      1.162   1.000298     0.1800    -0.0506     0.0426    -0.0423 2.7402e+02     2.0115     -0.703     -1.020    18.0390 0.0000e+00
     -0.716      0.001     8.6914     91.798      1.312   1.129486     0.1800    -0.0430     0.0426    -0.0423 2.6242e+02     2.0716     -0.703     -1.019    18.0391 0.0000e+00
     -0.716      0.001     8.6898     91.745      1.344   1.157547     0.1800    -0.0697     0.0426    -0.0423 2.4021e+02     1.8913     -0.703     -1.019    18.0392 0.0000e+00
     -0.716      0.001     8.6880     91.654      1.295   1.115689     2.0700    -0.0773     0.0000    -0.0846 2.3622e+02     1.0646     -0.703     -1.018    18.0394 0.0000e+00
     -0.716      0.002     8.6859     91.505      1.221   1.052067     2.0700    -0.0659     0.0000    -0.0846 1.8750e+02     0.4033     -0.702     -1.018    18.0396 0.0000e+00
     -0.715      0.002     8.6830     91.256      1.162   1.001121     2.0700    -0.0621     0.0000    -0.0846 1.4011e+02     0.3432     -0.702     -1.017    18.0399 0.0000e+00
     -0.715      0.003     8.6779     90.840      1.128   0.972991     2.0700    -0.0506     0.0000    -0.0846 1.2218e+02     0.2981     -0.701     -1.017    18.0404 0.0000e+00
     -0.714      0.003     8.6692     90.163      1.123   0.970062     0.6300    -0.0621     0.0000     0.0000 1.2683e+02     0.3432     -0.700     -1.016    18.0411 0.0000e+00
     -0.713      0.004     8.6549     89.135      1.155   0.999460     0.6300    -0.1155     0.0000     0.0000 1.3736e+02    -0.3933     -0.699     -1.014    18.0420 0.0000e+00
     -0.712      0.006     8.6312     87.731      1.245   1.080888     0.6300    -0.1155     0.0000     0.0000 1.2054e+02    -0.4985     -0.698     -1.013    18.0434 0.0000e+00
     -0.710      0.007     8.5915     86.026      1.419   1.236059     0.6300    -0.1269     0.0000     0.0000 1.2694e+02    -0.3783     -0.697     -1.010    18.0453 0.0000e+00
     -0.709      0.009     8.5270     84.172      1.669   1.460880     0.0000    -0.1117    -0.0426     0.0423 1.2000e+02    -0.4685     -0.695     -1.008    18.0482 0.0000e+00
     -0.706      0.012     8.4291     82.345      1.973   1.738191     0.0000    -0.1079    -0.0426     0.0423 1.0244e+02    -0.4234     -0.693     -1.004    18.0522 0.0000e+00
     -0.703      0.016     8.2955     80.723      2.375   2.110309     0.0000    -0.1117    -0.0426     0.0423 1.4757e+02    -0.4534     -0.690     -1.000    18.0579 0.0000e+00
     -0.699      0.020     8.1330     79.469      3.035   2.721941     0.0000    -0.1346    -0.0426     0.0423 2.3679e+02    -0.4084     -0.686     -0.994    18.0659 0.0000e+00
