Data/DataNotYetUploadedToEDI/Raw_CTD/RawDownloads/062723_fcrXX_S8188013.cnv
* Sea-Bird SBE19plus  Data File:
* FileName = C:\R\Reservoirs\Data\DataNotYetUploadedToEDI\Raw_CTD\RawDownloads\062623_fcr50_S8188_0013.hex
* Software version 2.8.0.119
* Temperature SN = 8188
* Conductivity SN = 8188
* System UpLoad Time = Jul 03 2023 16:33:53
* <ApplicationData>
* <Seaterm232>
# nquan = 16
# nvalues = 646                         
# units = specified
# name 0 = depFM: Depth [fresh water, m]
# name 1 = dz/dtM: Descent Rate [m/s]
# name 2 = sbeox0Mg/L: Oxygen, SBE 43 [mg/l]
# name 3 = sbeox0PS: Oxygen, SBE 43 [% saturation]
# name 4 = specc: Specific Conductance [uS/cm]
# name 5 = c0uS/cm: Conductivity [uS/cm]
# name 6 = wetCDOM: Fluorescence, WET Labs CDOM [mg/m^3]
# name 7 = flECO-AFL: Fluorescence, WET Labs ECO-AFL/FL [mg/m^3]
# name 8 = flECO-AFL1: Fluorescence, WET Labs ECO-AFL/FL, 2 [mg/m^3]
# name 9 = flECO-AFL2: Fluorescence, WET Labs ECO-AFL/FL, 3 [mg/m^3]
# name 10 = par/sat/log: PAR/Logarithmic, Satlantic
# name 11 = turbWETntu0: Turbidity, WET Labs ECO [NTU]
# name 12 = prdM: Pressure, Strain Gauge [db]
# name 13 = prdE: Pressure, Strain Gauge [psi]
# name 14 = tv290C: Temperature [ITS-90, deg C]
# name 15 = flag:  0.000e+00
# span 0 =     -0.718,      4.549       
# span 1 =     -0.240,      0.141       
# span 2 =    -0.2142,    16.0270       
# span 3 =     -1.983,    186.573       
# span 4 =      0.436,     48.093       
# span 5 =   0.395384,  47.323569       
# span 6 =    -4.5000,     7.0200       
# span 7 =    -0.1536,     5.2023       
# span 8 =    -2.1300,     0.9798       
# span 9 =    -2.0304,    21.9537       
# span 10 = 1.1587e-01, 5.2521e+02      
# span 11 =    -0.5136,    74.6071      
# span 12 =     -0.704,      4.461      
# span 13 =     -1.021,      6.470      
# span 14 =    10.6404,    24.1936      
# span 15 = 0.0000e+00, 0.0000e+00      
# interval = seconds: 0.25
# start_time = Jun 27 2023 15:09:33 [Instrument's time stamp, header]
# bad_flag = -9.990e-29
*END*
[from data line 633]
     -0.570     -0.153     5.5874     63.408     10.801   9.919721     6.1200     1.6088     0.3408    13.7898 3.1056e+02    18.4695     -0.559     -0.811    20.6977 0.0000e+00
     -0.604     -0.127     5.5523     64.764      7.466   6.853734     6.1200    -0.1536     0.3408    13.7898 2.4871e+02    -0.4234     -0.592     -0.859    20.8622 0.0000e+00
     -0.629     -0.104     5.5544     66.707      5.415   4.967913     3.4200    -0.1460     0.6390    10.4481 1.6845e+02    -0.5136     -0.617     -0.895    20.9192 0.0000e+00
     -0.649     -0.084     5.5910     69.054      4.102   3.759367     3.4200    -0.1193     0.6390    10.4481 1.6238e+02    -0.4084     -0.636     -0.923    20.9153 0.0000e+00
     -0.664     -0.069     5.6663     71.536      3.440   3.147040     3.4200    -0.1269     0.6390    10.4481 1.5721e+02    -0.4234     -0.651     -0.945    20.8852 0.0000e+00
     -0.676     -0.057     5.7926     73.890      3.375   3.082324     3.4200    -0.1155     0.6390    10.4481 1.5591e+02    -0.4985     -0.663     -0.962    20.8412 0.0000e+00
     -0.685     -0.050     5.9728     75.877      3.639   3.318600     0.0000    -0.1155    -0.0426     0.0000 1.5393e+02    -0.4985     -0.672     -0.975    20.7880 0.0000e+00
     -0.692     -0.045     6.1899     77.275      3.877   3.533302     0.0000    -0.1308    -0.0426     0.0000 1.5068e+02    -0.4234     -0.679     -0.984    20.7303 0.0000e+00
     -0.697     -0.044     6.4195     77.798      3.949   3.597817     0.0000    -0.1308    -0.0426     0.0000 1.4525e+02    -0.4234     -0.684     -0.992    20.6736 0.0000e+00
     -0.701 -9.990e-29     6.6370 -9.990e-29 -9.990e-29 -9.990e-29     0.0000 -9.990e-29    -0.0426     0.0000 1.4173e+02 -9.990e-29     -0.688     -0.997    20.6236 0.0000e+00
     -0.703 -9.990e-29     6.8205 -9.990e-29 -9.990e-29 -9.990e-29     0.0000 -9.990e-29    -0.0852    -0.0846 1.3998e+02 -9.990e-29     -0.690     -1.000    20.5847 0.0000e+00
     -0.705 -9.990e-29     6.9495 -9.990e-29 -9.990e-29 -9.990e-29     0.0000 -9.990e-29    -0.0852    -0.0846 1.3853e+02 -9.990e-29     -0.692     -1.002    20.5588 0.0000e+00
     -0.705 -9.990e-29     6.9978 -9.990e-29 -9.990e-29 -9.990e-29     0.0000 -9.990e-29    -0.0852    -0.0846 1.3916e+02 -9.990e-29     -0.692     -1.003    20.5493 0.0000e+00
