Data/DataNotYetUploadedToEDI/Raw_CTD/RawDownloads/062723_fcrXX_S8188019.cnv
* Sea-Bird SBE19plus  Data File:
* FileName = C:\R\Reservoirs\Data\DataNotYetUploadedToEDI\Raw_CTD\RawDownloads\062623_fcr50_S8188_0019.hex
* Software version 2.8.0.119
* Temperature SN = 8188
* Conductivity SN = 8188
* System UpLoad Time = Jul 03 2023 16:35:11
* <ApplicationData>
* <Seaterm232>
# nquan = 16
# nvalues = 742                         
# units = specified
# name 0 = depFM: Depth [fresh water, m]
# name 1 = dz/dtM: Descent Rate [m/s]
# name 2 = sbeox0Mg/L: Oxygen, SBE 43 [mg/l]
# name 3 = sbeox0PS: Oxygen, SBE 43 [% saturation]
# name 4 = specc: Specific Conductance [uS/cm]
# name 5 = c0uS/cm: Conductivity [uS/cm]
# name 6 = wetCDOM: Fluorescence, WET Labs CDOM [mg/m^3]
# name 7 = flECO-AFL: Fluorescence, WET Labs ECO-AFL/FL [mg/m^3]
# name 8 = flECO-AFL1: Fluorescence, WET Labs ECO-AFL/FL, 2 [mg/m^3]
# name 9 = flECO-AFL2: Fluorescence, WET Labs ECO-AFL/FL, 3 [mg/m^3]
# name 10 = par/sat/log: PAR/Logarithmic, Satlantic
# name 11 = turbWETntu0: Turbidity, WET Labs ECO [NTU]
# name 12 = prdM: Pressure, Strain Gauge [db]
# name 13 = prdE: Pressure, Strain Gauge [psi]
# name 14 = tv290C: Temperature [ITS-90, deg C]
# name 15 = flag:  0.000e+00
# span 0 =     -0.723,      9.088       
# span 1 =     -0.282,      0.425       
# span 2 =    -0.0387,    17.8639       
# span 3 =     -0.366,    210.446       
# span 4 =      1.660,     55.235       
# span 5 =   1.453874,  48.107112       
# span 6 =    -4.5000,    13.4100       
# span 7 =    -0.1651,     3.9434       
# span 8 =    -2.1300,     1.7892       
# span 9 =    -2.0304,    20.8116       
# span 10 = 1.1587e-01, 4.9722e+02      
# span 11 =    -0.4835,   172.0174      
# span 12 =     -0.709,      8.912      
# span 13 =     -1.028,     12.927      
# span 14 =    10.6065,    24.4167      
# span 15 = 0.0000e+00, 0.0000e+00      
# interval = seconds: 0.25
# start_time = Jun 27 2023 15:59:08 [Instrument's time stamp, header]
# bad_flag = -9.990e-29
*END*
[from data line 452]
      9.072      0.000     8.9417     80.420     45.992  32.774057     0.0000    -0.1269     0.0000     0.0000 1.1612e-01     4.4013      8.897     12.903    10.6308 0.0000e+00
      9.072      0.000     8.9410     80.448     45.963  32.751928     0.0000    -0.1079     0.0000     0.0000 1.1620e-01     4.3712      8.897     12.903    10.6300 0.0000e+00
      9.072      0.000     8.9411     80.478     45.923  32.722742     0.0000    -0.1384     0.0000     0.0000 1.1617e-01     4.4013      8.897     12.904    10.6292 0.0000e+00
      9.072      0.000     8.9420     80.503     45.901  32.706439     0.0000    -0.1193     0.0000     0.0000 1.1617e-01     4.3412      8.897     12.904    10.6283 0.0000e+00
      9.072      0.000     8.9441     80.525     45.893  32.700652     0.0000    -0.1308     0.0000     0.0000 1.1633e-01     4.3562      8.897     12.904    10.6273 0.0000e+00
      9.072      0.000     8.9474     80.543     45.891  32.699879     0.0000    -0.1155     0.0000     0.0000 1.1612e-01     4.1307      8.897     12.904    10.6263 0.0000e+00
      9.073      0.000     8.9510     80.556     45.897  32.703912     0.0000    -0.1346     0.0000     0.0000 1.1638e-01     4.0255      8.897     12.904    10.6255 0.0000e+00
      9.073      0.000     8.9539     80.562     45.910  32.713827     0.0000    -0.1269     0.0000     0.0000 1.1605e-01     4.1157      8.897     12.904    10.6250 0.0000e+00
      9.073      0.000     8.9563     80.561     45.930  32.728308     0.0000    -0.1193     0.0000     0.0000 1.1630e-01     4.0556      8.897     12.904    10.6248 0.0000e+00
      9.073      0.000     8.9583     80.555     45.950  32.743295     0.0000    -0.1079     0.0000     0.0000 1.1628e-01     4.0706      8.897     12.904    10.6249 0.0000e+00
      9.073      0.000     8.9597     80.556     45.968  32.756844     0.0000    -0.1079     0.0000     0.0000 1.1617e-01     4.1458      8.897     12.904    10.6251 0.0000e+00
      9.073      0.000     8.9603     80.570     45.986  32.770587     0.0000    -0.1460     0.0000     0.0000 1.1590e-01     4.1157      8.897     12.904    10.6255 0.0000e+00
      9.073      0.000     8.9600     80.592     46.013  32.790169     0.0000    -0.1460     0.0000     0.0423 1.1615e-01     4.1307      8.897     12.905    10.6260 0.0000e+00
      9.073      0.001     8.9592     80.617     46.068  32.830713     0.0000    -0.1384     0.0000     0.0423 1.1623e-01     3.9504      8.897     12.905    10.6267 0.0000e+00
      9.073      0.001     8.9592     80.636     46.153  32.893131     0.0000    -0.1346     0.0000     0.0423 1.1615e-01     3.8752      8.898     12.905    10.6275 0.0000e+00
      9.074      0.001     8.9605     80.641     46.257  32.968323     0.0000    -0.1079     0.0000     0.0423 1.1623e-01     3.9654      8.898     12.905    10.6283 0.0000e+00
      9.074      0.001     8.9628     80.628     46.426  33.090202     0.0000    -0.1079     0.0000     0.0423 1.1612e-01     3.8452      8.898     12.906    10.6293 0.0000e+00
      9.074      0.001     8.9653     80.595     46.728  33.307112     0.0000    -0.1422     0.0000     0.0423 1.1612e-01     3.7099      8.898     12.906    10.6306 0.0000e+00
      9.074      0.002     8.9671     80.537     47.231  33.666995     0.0000    -0.1079     0.0000     0.0423 1.1605e-01     3.5596      8.898     12.907    10.6322 0.0000e+00
      9.075      0.002     8.9673     80.453     48.017  34.228193     0.0000    -0.1117     0.0000     0.0423 1.1610e-01     3.6949      8.899     12.907    10.6338 0.0000e+00
      9.075      0.002     8.9656     80.342     49.065  34.975985     0.0000    -0.1155     0.0000     0.0423 1.1612e-01     3.6348      8.899     12.908    10.6352 0.0000e+00
      9.075      0.003     8.9615     80.197     50.136  35.739433     0.0000    -0.1269     0.0000     0.0846 1.1615e-01     3.4995      8.900     12.908    10.6366 0.0000e+00
      9.076      0.003     8.9548     79.994     51.066  36.401274     0.0000    -0.1193     0.0000     0.0846 1.1617e-01     3.3943      8.900     12.909    10.6381 0.0000e+00
      9.077      0.003     8.9452     79.681     51.935  37.019163     0.0000    -0.1231     0.0000     0.0846 1.1623e-01     3.3642      8.901     12.911    10.6393 0.0000e+00
      9.078      0.004     8.9327     79.187     52.879  37.690526     0.0000    -0.1231     0.0000     0.0846 1.1600e-01     3.4694      8.902     12.912    10.6400 0.0000e+00
      9.079      0.004     8.9166     78.449     54.088  38.550819     0.0000    -0.1269     0.0000     0.0423 1.1615e-01     4.3712      8.903     12.913    10.6398 0.0000e+00
      9.080      0.004     8.8942     77.438     55.156  39.310425     0.0000    -0.1041     0.0000     0.0423 1.1610e-01     4.3562      8.904     12.914    10.6389 0.0000e+00
      9.081      0.004     8.8596     76.149     55.235  39.365629     0.0000    -0.1079     0.0000     0.0423 1.1623e-01     4.4314      8.905     12.916    10.6377 0.0000e+00
      9.082      0.003     8.8049     74.583     54.290  38.691559     0.0000    -0.1079     0.0000     0.0423 1.1620e-01     4.3712      8.906     12.917    10.6363 0.0000e+00
      9.082      0.003     8.7231     72.745     53.025  37.789938     0.0000    -0.1269     0.0000     0.0000 1.1602e-01     3.1388      8.906     12.918    10.6347 0.0000e+00
      9.083      0.003     8.6110     70.672     52.100  37.131466     0.0000    -0.1193     0.0000     0.0000 1.1607e-01     3.1838      8.907     12.919    10.6331 0.0000e+00
      9.084      0.003     8.4679     68.483     51.736  36.873322     0.0000    -0.1079     0.0000     0.0000 1.1617e-01     3.1989      8.908     12.920    10.6319 0.0000e+00
      9.085      0.003     8.2939     66.397     51.469  36.685194     0.0000    -0.1155     0.0000     0.0000 1.1607e-01     3.1538      8.909     12.921    10.6313 0.0000e+00
      9.085      0.002     8.0896     64.680     50.641  36.096995     0.0000    -0.1155     0.0000     0.0000 1.1607e-01     2.1317      8.909     12.922    10.6315 0.0000e+00
      9.086      0.002     7.8589     63.550     49.451  35.250966     0.0000    -0.1193     0.0000     0.0000 1.1612e-01     2.0866      8.910     12.923    10.6325 0.0000e+00
      9.086      0.002     7.6152     63.117     48.473  34.555315     0.0000    -0.1079     0.0000     0.0000 1.1615e-01     2.1017      8.910     12.924    10.6340 0.0000e+00
      9.087      0.002     7.3829     63.385     47.804  34.080025     0.0000    -0.1079     0.0000     0.0000 1.1615e-01     1.9814      8.911     12.924    10.6359 0.0000e+00
      9.087      0.001     7.1917     64.292     47.375  33.775586     0.0000    -0.1117     0.0000     0.0000 1.1617e-01     1.7710      8.911     12.925    10.6380 0.0000e+00
      9.087      0.001     7.0657     65.750     47.123  33.596461     0.0000    -0.1155     0.0000    -0.0423 1.1607e-01     1.8913      8.912     12.926    10.6400 0.0000e+00
      9.088      0.001     7.0173     67.634     46.965  33.484983     0.0000    -0.1269     0.0000    -0.0423 1.1605e-01     1.6658      8.912     12.926    10.6419 0.0000e+00
      9.088      0.001     7.0467     69.777     46.884  33.427267     0.0000    -0.1346     0.0000    -0.0423 1.1620e-01     1.7560      8.912     12.926    10.6435 0.0000e+00
      9.088      0.001     7.1474     72.009     46.858  33.409902     0.0000    -0.1346     0.0000    -0.0423 1.1633e-01     1.5907      8.912     12.927    10.6447 0.0000e+00
      9.088      0.000     7.3094     74.202     46.836  33.394592     0.0000    -0.1384     0.0000     0.0423 1.1612e-01     1.5305      8.912     12.927    10.6456 0.0000e+00
      9.088      0.000     7.5187     76.272     46.792  33.363390     0.0000    -0.1346     0.0000     0.0423 1.1605e-01     1.5305      8.912     12.927    10.6464 0.0000e+00
      9.088      0.000     7.7568     78.146     46.719  33.311937     0.0000    -0.1002     0.0000     0.0423 1.1602e-01     1.5756      8.912     12.927    10.6470 0.0000e+00
      9.088     -0.001     8.0048     79.745     46.652  33.264140     0.0000    -0.1155     0.0000     0.0423 1.1607e-01     1.3201      8.912     12.927    10.6475 0.0000e+00
      9.088     -0.001     8.2485     81.001     46.633  33.250820     0.0000    -0.1384     0.0000    -0.0423 1.1612e-01     1.2600      8.912     12.927    10.6481 0.0000e+00
      9.088     -0.001     8.4785     81.883     46.672  33.278328     0.0000    -0.1346     0.0000    -0.0423 1.1617e-01     1.2600      8.912     12.926    10.6486 0.0000e+00
      9.088     -0.002     8.6868     82.411     46.802  33.369840     0.0000    -0.1193     0.0000    -0.0423 1.1600e-01     1.3201      8.912     12.926    10.6489 0.0000e+00
      9.087     -0.002     8.8646     82.640     47.095  33.577485     0.0000    -0.1079     0.0000    -0.0423 1.1635e-01     1.2149      8.911     12.926    10.6490 0.0000e+00
      9.087     -0.002     9.0042     82.643     47.640  33.964556     0.0000    -0.1155     0.0000    -0.0423 1.1615e-01     1.2750      8.911     12.925    10.6489 0.0000e+00
      9.086     -0.003     9.1024     82.491     48.539  34.604568     0.0000    -0.1308     0.0000     0.0000 1.1610e-01     1.1999      8.910     12.924    10.6483 0.0000e+00
      9.085     -0.004     9.1613     82.229     49.844  35.533523     0.0000    -0.1002     0.0000     0.0000 1.1615e-01     1.3051      8.910     12.923    10.6473 0.0000e+00
      9.084     -0.005     9.1870     81.874     50.928  36.305889     0.0000    -0.1079     0.0000     0.0000 1.1612e-01     1.2149      8.909     12.921    10.6460 0.0000e+00
      9.083     -0.007     9.1876     81.404     50.847  36.248174     0.0000    -0.1002     0.0000     0.0000 1.1600e-01     1.3201      8.907     12.919    10.6447 0.0000e+00
      9.081     -0.009     9.1709     80.746     49.827  35.521310     0.0000    -0.1346     0.0000     0.0000 1.1620e-01     1.3652      8.906     12.917    10.6435 0.0000e+00
      9.079     -0.011     9.1419     79.783     48.713  34.727744     0.0000    -0.1155     0.0000     0.0000 1.1615e-01     1.3051      8.904     12.914    10.6425 0.0000e+00
      9.076     -0.014     9.1025     78.421     47.827  34.097536     0.0000    -0.1269     0.0000     0.0000 1.1623e-01     1.0345      8.901     12.910    10.6418 0.0000e+00
      9.073     -0.017     9.0504     76.698     47.221  33.666611     0.0000    -0.1193     0.0000     0.0000 1.1600e-01     1.0496      8.898     12.905    10.6416 0.0000e+00
      9.068     -0.022     8.9772     74.832     46.809  33.373528     0.0000    -0.1155     0.0000     0.0846 1.1623e-01     1.0947      8.893     12.898    10.6419 0.0000e+00
      9.063     -0.027     8.8700     73.150     46.443  33.112405     0.0000    -0.1117     0.0000     0.0846 1.1628e-01     1.1999      8.888     12.890    10.6429 0.0000e+00
      9.055     -0.034     8.7183     71.964     46.135  32.892824     0.0000    -0.1002     0.0000     0.0846 1.1615e-01     1.8011      8.881     12.880    10.6443 0.0000e+00
      9.047     -0.042     8.5265     71.491     45.933  32.749304     0.0000    -0.1269     0.0000     0.0846 1.1620e-01     1.7860      8.872     12.867    10.6454 0.0000e+00
      9.036     -0.053     8.3189     71.827     45.816  32.667338     0.0000    -0.1155     0.0000     0.0846 1.1617e-01     1.8011      8.861     12.852    10.6459 0.0000e+00
      9.022     -0.066     8.1320     72.924     45.754  32.625068     0.0000    -0.1155     0.0000     0.0846 1.1620e-01     1.7560      8.848     12.832    10.6459 0.0000e+00
      9.005     -0.082     8.0001     74.599     45.724  32.607261     0.0000    -0.0506     0.0000     0.0846 1.1615e-01    78.9959      8.831     12.808    10.6458 0.0000e+00
      8.984     -0.102     7.9475     76.569     45.719  32.609169     0.0000    -0.0583     0.0000     0.0846 1.1612e-01    78.9658      8.810     12.778    10.6463 0.0000e+00
      8.957     -0.125     7.9845     78.539     45.734  32.627341     0.0000    -0.0583     0.0000     0.0846 1.1620e-01    78.8756      8.784     12.740    10.6477 0.0000e+00
      8.923     -0.150     8.1059     80.286     45.749  32.646819     0.0000    -0.0506     0.0000     0.0423 1.1620e-01    78.9207      8.751     12.692    10.6503 0.0000e+00
      8.882     -0.175     8.2912     81.692     45.739  32.649035     0.0000     0.6246     0.0000     0.0423 1.1607e-01   138.1996      8.710     12.632    10.6544 0.0000e+00
      8.832     -0.199     8.5091     82.728     45.713  32.638542     0.0000     0.6055     0.0000     0.0423 1.1612e-01   138.1695      8.661     12.562    10.6600 0.0000e+00
      8.776     -0.219     8.7264     83.415     45.693  32.628383     0.0000     0.6360     0.0000     0.0423 1.1605e-01   138.0192      8.606     12.482    10.6678 0.0000e+00
      8.714     -0.234     8.9184     83.798     45.673  32.615849     0.3600     0.6017     0.0000     0.8460 1.1630e-01   138.1695      8.546     12.395    10.6777 0.0000e+00
      8.650     -0.244     9.0723     83.929     45.654  32.601560     0.3600     0.3156     0.0000     0.8460 1.1617e-01    35.3333      8.483     12.303    10.6883 0.0000e+00
      8.584     -0.249     9.1856     83.865     45.640  32.589625     0.3600     0.3156     0.0000     0.8460 1.1625e-01    35.3634      8.418     12.209    10.6969 0.0000e+00
      8.519     -0.249     9.2610     83.661     45.632  32.580822     0.3600     0.2927     0.0000     0.8460 1.1605e-01    35.2281      8.354     12.117    10.7017 0.0000e+00
      8.455     -0.245     9.3031     83.374     45.637  32.580726     2.1600     0.2965     0.0852     1.5228 1.1623e-01    35.1830      8.292     12.026    10.7033 0.0000e+00
      8.392     -0.238     9.3179     83.052     45.656  32.589310     2.1600     0.1782     0.0852     1.5228 1.1617e-01    10.3683      8.230     11.936    10.7025 0.0000e+00
      8.331     -0.229     9.3113     82.730     45.680  32.600943     2.1600     0.1935     0.0852     1.5228 1.1617e-01    10.3683      8.170     11.849    10.7003 0.0000e+00
      8.273     -0.220     9.2894     82.428     45.702  32.610804     2.1600     0.1554     0.0852     1.5228 1.1623e-01    10.2781      8.113     11.767    10.6970 0.0000e+00
      8.219     -0.213     9.2584     82.156     45.713  32.613603     3.4200     0.1744     0.5112     0.8883 1.1630e-01    10.3081      8.060     11.690    10.6926 0.0000e+00
      8.168     -0.208     9.2238     81.910     45.710  32.606125     3.4200     0.1401     0.5112     0.8883 1.1612e-01     7.6478      8.010     11.618    10.6873 0.0000e+00
      8.118     -0.206     9.1893     81.684     45.694  32.590337     3.4200     0.1134     0.5112     0.8883 1.1617e-01     7.6177      7.961     11.547    10.6815 0.0000e+00
      8.068     -0.209     9.1571     81.473     45.676  32.573908     3.4200     0.1210     0.5112     0.8883 1.1628e-01     7.7981      7.912     11.475    10.6754 0.0000e+00
      8.016     -0.213     9.1281     81.273     45.666  32.564342     3.4200     0.1019     0.5112     0.8883 1.1617e-01     7.7680      7.861     11.401    10.6692 0.0000e+00
      7.961     -0.218     9.1021     81.087     45.656  32.555125     3.7800     0.1401     0.3834     0.6345 1.1607e-01     6.7159      7.807     11.323    10.6635 0.0000e+00
      7.903     -0.222     9.0780     80.920     45.642  32.543800     3.7800     0.1286     0.3834     0.6345 1.1605e-01     6.7310      7.750     11.240    10.6588 0.0000e+00
      7.842     -0.222     9.0553     80.782     45.645  32.543189     3.7800     0.1248     0.3834     0.6345 1.1605e-01     6.7610      7.691     11.154    10.6551 0.0000e+00
      7.783     -0.221     9.0337     80.670     45.663  32.553129     3.7800     0.1325     0.3834     0.6345 1.1635e-01     6.7911      7.632     11.069    10.6525 0.0000e+00
      7.726     -0.219     9.0134     80.581     45.677  32.560429     3.8700     0.1134     0.3834     0.4230 1.1617e-01     9.8422      7.577     10.989    10.6505 0.0000e+00
