Data/DataNotYetUploadedToEDI/Raw_CTD/RawDownloads/062723_fcr50.6_S8188007.cnv
* Sea-Bird SBE19plus  Data File:
* FileName = C:\R\Reservoirs\Data\DataNotYetUploadedToEDI\Raw_CTD\RawDownloads\062623_fcr50_S8188_0007.hex
* Software version 2.8.0.119
* Temperature SN = 8188
* Conductivity SN = 8188
* System UpLoad Time = Jul 03 2023 16:32:35
* <ApplicationData>
* <Seaterm232>
# nquan = 16
# nvalues = 1208                        
# units = specified
# name 0 = depFM: Depth [fresh water, m]
# name 1 = dz/dtM: Descent Rate [m/s]
# name 2 = sbeox0Mg/L: Oxygen, SBE 43 [mg/l]
# name 3 = sbeox0PS: Oxygen, SBE 43 [% saturation]
# name 4 = specc: Specific Conductance [uS/cm]
# name 5 = c0uS/cm: Conductivity [uS/cm]
# name 6 = wetCDOM: Fluorescence, WET Labs CDOM [mg/m^3]
# name 7 = flECO-AFL: Fluorescence, WET Labs ECO-AFL/FL [mg/m^3]
# name 8 = flECO-AFL1: Fluorescence, WET Labs ECO-AFL/FL, 2 [mg/m^3]
# name 9 = flECO-AFL2: Fluorescence, WET Labs ECO-AFL/FL, 3 [mg/m^3]
# name 10 = par/sat/log: PAR/Logarithmic, Satlantic
# name 11 = turbWETntu0: Turbidity, WET Labs ECO [NTU]
# name 12 = prdM: Pressure, Strain Gauge [db]
# name 13 = prdE: Pressure, Strain Gauge [psi]
# name 14 = tv290C: Temperature [ITS-90, deg C]
# name 15 = flag:  0.000e+00
# span 0 =     -0.720,      9.223       
# span 1 =     -0.391,      0.117       
# span 2 =    -1.0543,    15.4908       
# span 3 =    -10.522,    184.484       
# span 4 =     -3.649,     48.771       
# span 5 =  -3.129125,  48.259966       
# span 6 =    -4.5000,     6.7500       
# span 7 =    -0.3139,     4.7254       
# span 8 =    -2.1300,     0.7668       
# span 9 =    -2.0304,    19.2042       
# span 10 = 1.1590e-01, 8.9793e+02      
# span 11 =    -0.5286,    44.2161      
# span 12 =     -0.706,      9.044      
# span 13 =     -1.025,     13.118      
# span 14 =    10.5944,    24.9640      
# span 15 = 0.0000e+00, 0.0000e+00      
# interval = seconds: 0.25
# start_time = Jun 27 2023 13:29:43 [Instrument's time stamp, header]
# bad_flag = -9.990e-29
*END*
[from data line 181]
     -0.128      0.001    13.5211    160.028     48.583  48.062635     6.6600     3.2567     0.4686    18.7812 4.0351e+02    21.0096     -0.126     -0.182    24.1597 0.0000e+00
     -0.128      0.007    13.4872    159.453     48.563  48.118785     6.6600     3.2453     0.4686    18.7812 3.4216e+02    20.9645     -0.126     -0.182    24.2326 0.0000e+00
     -0.125      0.012    13.4516    158.742     48.523  48.151635     6.4800     3.2644     0.4260    18.2736 3.3076e+02    20.9044     -0.123     -0.178    24.3076 0.0000e+00
     -0.119      0.017    13.4092    157.920     48.481  48.169949     6.4800     3.3864     0.4260    18.2736 2.4688e+02    21.6258     -0.117     -0.169    24.3824 0.0000e+00
     -0.112      0.020    13.3548    156.987     48.454  48.182577     6.4800     3.3864     0.4260    18.2736 2.4699e+02    21.6108     -0.110     -0.160    24.4590 0.0000e+00
     -0.106      0.020    13.2875    155.919     48.444  48.192889     6.4800     3.3559     0.4260    18.2736 2.4347e+02    21.5807     -0.104     -0.151    24.5372 0.0000e+00
     -0.101      0.020    13.2100    154.725     48.451  48.203634     6.4800     3.3941     0.4260    17.7660 2.4469e+02    21.6258     -0.099     -0.143    24.6116 0.0000e+00
     -0.096      0.018    13.1266    153.476     48.469  48.209752     6.4800     3.3712     0.4260    17.7660 2.6106e+02    21.8212     -0.095     -0.137    24.6730 0.0000e+00
     -0.092      0.017    13.0389    152.267     48.495  48.208910     6.4800     3.3712     0.4260    17.7660 2.5484e+02    21.8513     -0.091     -0.132    24.7144 0.0000e+00
     -0.089      0.016    12.9451    151.172     48.544  48.212772     6.4800     3.3712     0.4260    17.7660 2.5401e+02    21.9264     -0.087     -0.127    24.7350 0.0000e+00
     -0.085      0.016    12.8450    150.252     48.613  48.222367     6.3900     3.3597     0.4686    17.3853 2.5550e+02    21.8513     -0.084     -0.122    24.7383 0.0000e+00
     -0.081      0.016    12.7440    149.574     48.683  48.232320     6.3900     3.9167     0.4686    17.3853 2.5296e+02    22.4525     -0.080     -0.116    24.7268 0.0000e+00
     -0.077      0.016    12.6500    149.226     48.741  48.245283     6.3900     3.9320     0.4686    17.3853 2.4157e+02    22.3773     -0.076     -0.110    24.6988 0.0000e+00
     -0.072      0.016    12.5696    149.290     48.771  48.256779     6.3900     3.9358     0.4686    17.3853 2.2900e+02    22.3322     -0.071     -0.103    24.6527 0.0000e+00
     -0.067      0.015    12.5069    149.810     48.768  48.259966     6.3900     3.9243     0.4260    17.7660 2.1670e+02    22.4224     -0.066     -0.096    24.5931 0.0000e+00
     -0.063      0.013    12.4645    150.765     48.739  48.251733     6.3900     3.5390     0.4260    17.7660 2.1567e+02    22.0617     -0.062     -0.090    24.5322 0.0000e+00
     -0.060      0.011    12.4461    152.061     48.692  48.229886     6.3900     3.5734     0.4260    17.7660 2.1694e+02    22.1519     -0.059     -0.086    24.4866 0.0000e+00
     -0.058      0.009    12.4558    153.529     48.640  48.204454     6.3900     3.5810     0.4260    17.7660 2.1750e+02    22.1369     -0.057     -0.083    24.4676 0.0000e+00
     -0.057      0.007    12.4978    154.962     48.597  48.186492     6.3900     3.5543     0.4260    17.7660 2.2373e+02    22.0467     -0.056     -0.081    24.4736 0.0000e+00
     -0.055      0.006    12.5726    156.156     48.559  48.171213     6.7500     3.1423     0.4260    18.8658 2.2320e+02    21.8212     -0.054     -0.079    24.4943 0.0000e+00
     -0.054      0.006    12.6745    156.950     48.528  48.158507     6.7500     3.1232     0.4260    18.8658 2.2180e+02    21.8813     -0.053     -0.077    24.5203 0.0000e+00
     -0.054      0.007    12.7907    157.262     48.503  48.144986     6.7500     3.1232     0.4260    18.8658 2.4084e+02    21.9114     -0.053     -0.076    24.5466 0.0000e+00
     -0.052      0.009    12.9042    157.107     48.472  48.119118     6.7500     3.1385     0.4260    18.8658 2.5528e+02    21.9415     -0.051     -0.075    24.5716 0.0000e+00
     -0.050      0.011    12.9981    156.581     48.442  48.089859     6.6600     3.0202     0.4686    19.2042 2.2706e+02    22.1519     -0.049     -0.072    24.5945 0.0000e+00
     -0.047      0.014    13.0597    155.811     48.422  48.069223     6.6600     2.9935     0.4686    19.2042 2.0636e+02    22.1068     -0.046     -0.067    24.6135 0.0000e+00
     -0.043      0.018    13.0829    154.927     48.417  48.059635     6.6600     3.0088     0.4686    19.2042 2.0649e+02    22.1369     -0.042     -0.060    24.6255 0.0000e+00
     -0.038      0.022    13.0688    154.043     48.420  48.050611     6.6600     3.0279     0.4686    19.2042 2.1057e+02    22.1970     -0.037     -0.053    24.6303 0.0000e+00
     -0.032      0.027    13.0249    153.238     48.417  48.023891     6.4800     3.1423     0.4260    17.7237 2.1025e+02    22.0617     -0.031     -0.045    24.6310 0.0000e+00
     -0.025      0.033    12.9613    152.547     48.420  47.988203     6.4800     3.1385     0.4260    17.7237 2.0355e+02    22.1519     -0.025     -0.035    24.6295 0.0000e+00
     -0.016      0.041    12.8889    151.966     48.443  47.949883     6.4800     3.1461     0.4260    17.7237 2.0228e+02    22.1068     -0.016     -0.023    24.6244 0.0000e+00
     -0.006      0.049    12.8183    151.456     48.457  47.874931     6.4800     3.1309     0.4260    17.7237 2.0794e+02    22.1068     -0.006     -0.008    24.6120 0.0000e+00
      0.007      0.058    12.7571    150.997     48.420  47.715613     6.4800     3.5314     0.4260    17.7237 1.9137e+02    24.5417      0.007      0.011    24.5877 0.0000e+00
      0.024      0.066    12.7092    150.619     48.285  47.425474     6.3900     3.5085     0.4260    17.9352 1.4614e+02    24.5266      0.023      0.034    24.5468 0.0000e+00
      0.043      0.072    12.6758    150.376     48.034  46.992533     6.3900     3.4933     0.4260    17.9352 1.3541e+02    24.4665      0.042      0.061    24.4835 0.0000e+00
      0.064      0.076    12.6552    150.367     47.700  46.455899     6.3900     3.5047     0.4260    17.9352 1.1617e+02    24.4816      0.063      0.091    24.3906 0.0000e+00
      0.086      0.077    12.6473    150.730     47.343  45.888453     6.3900     4.7216     0.4260    17.9352 9.5350e+01    20.6789      0.084      0.122    24.2623 0.0000e+00
      0.107      0.075    12.6548    151.501     47.056  45.394480     6.7500     4.6987     0.4260    19.1196 8.8386e+01    20.6489      0.105      0.152    24.0980 0.0000e+00
      0.127      0.071    12.6814    152.529     46.884  45.030484     6.7500     4.7254     0.4260    19.1196 7.9563e+01    20.6038      0.124      0.180    23.9012 0.0000e+00
      0.144      0.065    12.7339    153.551     46.798  44.776663     6.7500     4.7025     0.4260    19.1196 7.6961e+01    20.7240      0.142      0.205    23.6805 0.0000e+00
      0.160      0.057    12.8210    154.364     46.741  44.583158     6.7500     3.9167     0.4260    19.1196 7.7095e+01    17.6579      0.157      0.227    23.4488 0.0000e+00
      0.173      0.050    12.9424    154.953     46.636  44.374584     6.6600     3.9205     0.4686    18.6543 7.8840e+01    17.6579      0.170      0.247    23.2210 0.0000e+00
      0.185      0.043    13.0821    155.409     46.430  44.087394     6.6600     3.9434     0.4686    18.6543 7.8107e+01    17.6278      0.182      0.263    23.0111 0.0000e+00
      0.195      0.036    13.2147    155.881     46.137  43.724255     6.6600     3.9129     0.4686    18.6543 8.1293e+01    17.6579      0.191      0.277    22.8299 0.0000e+00
      0.203      0.030    13.3214    156.528     45.827  43.344854     6.6600     3.5276     0.4686    18.6543 8.3913e+01    16.8763      0.199      0.289    22.6830 0.0000e+00
      0.209      0.024    13.4016    157.418     45.554  43.002554     6.5700     3.5772     0.3834    17.5122 8.7033e+01    16.9214      0.205      0.298    22.5664 0.0000e+00
      0.214      0.020    13.4660    158.521     45.347  42.728906     6.5700     3.5848     0.3834    17.5122 9.0132e+01    16.8462      0.210      0.305    22.4680 0.0000e+00
      0.218      0.016    13.5308    159.680     45.187  42.508389     6.5700     3.5848     0.3834    17.5122 9.3952e+01    16.9214      0.214      0.311    22.3753 0.0000e+00
      0.221      0.013    13.6111    160.619     44.967  42.236629     6.5700     3.1919     0.3834    17.5122 9.7128e+01    13.6298      0.217      0.315    22.2821 0.0000e+00
      0.224      0.011    13.7128    161.073     44.610  41.831249     6.5700     3.2072     0.3834    17.5122 1.0039e+02    13.7049      0.220      0.319    22.1898 0.0000e+00
      0.227      0.009    13.8317    160.885     44.169  41.336695     6.5700     3.1805     0.3834    17.5545 1.0437e+02    13.4795      0.222      0.322    22.1037 0.0000e+00
      0.228      0.007    13.9531    160.000     43.758  40.866737     6.5700     3.1728     0.3834    17.5545 1.0764e+02    13.6148      0.224      0.325    22.0269 0.0000e+00
      0.230      0.006    14.0544    158.486     43.482  40.531790     6.5700     2.9210     0.3834    17.5545 1.0889e+02    12.8633      0.226      0.327    21.9544 0.0000e+00
      0.231      0.006    14.1155    156.508     43.387  40.383181     6.5700     2.9249     0.3834    17.5545 1.0927e+02    12.8332      0.227      0.329    21.8747 0.0000e+00
      0.233      0.005    14.1236    154.202     43.420  40.371372     6.4800     2.9439     0.3834    16.8354 1.1025e+02    12.8182      0.228      0.331    21.7827 0.0000e+00
      0.234      0.005    14.0717    151.648     43.496  40.411996     6.4800     2.9592     0.3834    16.8354 1.1039e+02    12.9083      0.229      0.333    21.6864 0.0000e+00
      0.235      0.004    13.9619    148.949     43.581  40.466361     6.4800     3.1385     0.3834    16.8354 1.0984e+02    12.8783      0.231      0.335    21.5991 0.0000e+00
      0.236      0.004    13.8059    146.228     43.650  40.507363     6.4800     3.1194     0.3834    16.8354 1.0760e+02    12.8783      0.232      0.336    21.5309 0.0000e+00
      0.237      0.004    13.6151    143.623     43.664  40.498392     6.2100     3.1537     0.2982    15.5241 1.0844e+02    12.8482      0.233      0.338    21.4830 0.0000e+00
      0.238      0.004    13.3985    141.308     43.632  40.444979     6.2100     3.1042     0.2982    15.5241 1.0982e+02    12.9083      0.234      0.339    21.4488 0.0000e+00
      0.239      0.003    13.1671    139.478     43.604  40.394290     6.2100     2.8791     0.2982    15.5241 1.0941e+02    12.5777      0.235      0.340    21.4209 0.0000e+00
      0.240      0.003    12.9331    138.288     43.618  40.386294     6.2100     2.8715     0.2982    15.5241 1.1008e+02    12.7580      0.235      0.341    21.3952 0.0000e+00
      0.241      0.003    12.7091    137.819     43.682  40.430741     6.0300     2.8676     0.3408    13.8744 1.1114e+02    12.6077      0.236      0.342    21.3696 0.0000e+00
      0.241      0.003    12.5110    138.036     43.768  40.503825     6.0300     2.8753     0.3408    13.8744 1.1215e+02    12.6077      0.237      0.343    21.3425 0.0000e+00
      0.242      0.003    12.3557    138.787     43.831  40.561646     6.0300     2.8295     0.3408    13.8744 1.1160e+02    12.8933      0.237      0.344    21.3147 0.0000e+00
      0.242      0.003    12.2564    139.847     43.865  40.593869     6.0300     2.8219     0.3408    13.8744 1.1102e+02    12.8783      0.238      0.345    21.2899 0.0000e+00
      0.243      0.003    12.2189    140.965     43.926  40.650689     6.0300     2.8295     0.3408    13.8744 1.1133e+02    12.8482      0.239      0.346    21.2729 0.0000e+00
      0.244      0.003    12.2399    141.917     44.048  40.769046     6.2100     2.8142     0.2982    14.7204 1.1179e+02    12.9234      0.239      0.347    21.2659 0.0000e+00
      0.245      0.003    12.3067    142.582     44.180  40.907207     6.2100     3.0736     0.2982    14.7204 1.1237e+02    14.0657      0.240      0.348    21.2655 0.0000e+00
      0.245      0.003    12.4007    142.958     44.259  41.002963     6.2100     3.0546     0.2982    14.7204 1.1230e+02    14.0957      0.241      0.349    21.2659 0.0000e+00
      0.246      0.003    12.4997    143.131     44.283  41.048173     6.2100     3.0927     0.2982    14.7204 1.1152e+02    14.0657      0.241      0.350    21.2663 0.0000e+00
      0.247      0.004    12.5824    143.247     44.282  41.070743     6.2100     3.0469     0.3834    15.1011 1.1075e+02    14.0957      0.242      0.351    21.2731 0.0000e+00
      0.248      0.004    12.6370    143.479     44.270  41.084617     6.2100     3.0088     0.3834    15.1011 1.1070e+02    14.2911      0.243      0.353    21.2911 0.0000e+00
      0.249      0.005    12.6641    143.994     44.210  41.055854     6.2100     3.0279     0.3834    15.1011 1.1075e+02    14.3512      0.245      0.354    21.3165 0.0000e+00
      0.250      0.005    12.6730    144.895     44.055  40.933205     6.2100     3.0164     0.3834    15.1011 1.0977e+02    14.3061      0.246      0.356    21.3425 0.0000e+00
      0.252      0.006    12.6769    146.144     43.801  40.703775     6.3900     3.0088     0.3834    16.4970 1.0977e+02    14.3512      0.247      0.358    21.3685 0.0000e+00
      0.253      0.008    12.6902    147.589     43.456  40.369777     6.3900     2.5701     0.3834    16.4970 1.1010e+02    12.3823      0.249      0.360    21.3977 0.0000e+00
      0.255      0.009    12.7283    149.006     43.066  39.972892     6.3900     2.5892     0.3834    16.4970 1.1046e+02    12.4424      0.250      0.363    21.4280 0.0000e+00
      0.258      0.012    12.8022    150.133     42.766  39.643013     6.3900     2.5739     0.3834    16.4970 1.1008e+02    12.3823      0.253      0.366    21.4512 0.0000e+00
      0.261      0.014    12.9110    150.724     42.650  39.480356     6.3900     2.5701     0.3834    16.4970 1.1005e+02    12.3673      0.255      0.371    21.4581 0.0000e+00
      0.264      0.018    13.0428    150.589     42.671  39.453426     6.3000     2.4862     0.3408    15.8202 1.1099e+02    12.3973      0.259      0.376    21.4424 0.0000e+00
      0.269      0.023    13.1784    149.638     42.692  39.442130     6.3000     2.5281     0.3408    15.8202 1.1235e+02    12.4124      0.263      0.382    21.4019 0.0000e+00
      0.275      0.029    13.2936    147.901     42.589  39.322620     6.3000     2.5205     0.3408    15.8202 1.1257e+02    12.3823      0.269      0.390    21.3419 0.0000e+00
      0.282      0.036    13.3625    145.496     42.331  39.051143     6.3000     2.5014     0.3408    15.8202 1.1189e+02    12.4274      0.277      0.401    21.2772 0.0000e+00
      0.292      0.043    13.3641    142.634     41.944  38.638505     6.0300     2.3145     0.2982    14.2974 1.0184e+02    11.4504      0.286      0.415    21.2237 0.0000e+00
      0.304      0.050    13.2887    139.601     41.502  38.154921     6.0300     2.3298     0.2982    14.2974 1.0239e+02    11.4053      0.298      0.433    21.1870 0.0000e+00
      0.319      0.055    13.1414    136.646     41.137  37.736856     6.0300     2.3145     0.2982    14.2974 9.2433e+01    11.3753      0.313      0.453    21.1578 0.0000e+00
      0.335      0.058    12.9373    133.931     40.881  37.427321     6.0300     2.3336     0.2982    14.2974 6.9807e+01    11.4655      0.329      0.477    21.1172 0.0000e+00
      0.352      0.059    12.6989    131.545     40.685  37.185363     5.8500     2.0170     0.2982    12.0132 6.7071e+01     9.8121      0.345      0.501    21.0498 0.0000e+00
      0.368      0.059    12.4511    129.519     40.532  36.993994     5.8500     2.0284     0.2982    12.0132 6.5772e+01     9.7971      0.361      0.523    20.9571 0.0000e+00
      0.382      0.057    12.2114    127.832     40.407  36.835853     5.8500     2.0284     0.2982    12.0132 6.6635e+01     9.8422      0.375      0.544    20.8573 0.0000e+00
