Data/DataNotYetUploadedToEDI/Raw_CTD/RawDownloads/062723_fcrXX_S8188009.cnv
* Sea-Bird SBE19plus  Data File:
* FileName = C:\R\Reservoirs\Data\DataNotYetUploadedToEDI\Raw_CTD\RawDownloads\062623_fcr50_S8188_0009.hex
* Software version 2.8.0.119
* Temperature SN = 8188
* Conductivity SN = 8188
* System UpLoad Time = Jul 03 2023 16:32:59
* <ApplicationData>
* <Seaterm232>
# nquan = 16
# nvalues = 668                         
# units = specified
# name 0 = depFM: Depth [fresh water, m]
# name 1 = dz/dtM: Descent Rate [m/s]
# name 2 = sbeox0Mg/L: Oxygen, SBE 43 [mg/l]
# name 3 = sbeox0PS: Oxygen, SBE 43 [% saturation]
# name 4 = specc: Specific Conductance [uS/cm]
# name 5 = c0uS/cm: Conductivity [uS/cm]
# name 6 = wetCDOM: Fluorescence, WET Labs CDOM [mg/m^3]
# name 7 = flECO-AFL: Fluorescence, WET Labs ECO-AFL/FL [mg/m^3]
# name 8 = flECO-AFL1: Fluorescence, WET Labs ECO-AFL/FL, 2 [mg/m^3]
# name 9 = flECO-AFL2: Fluorescence, WET Labs ECO-AFL/FL, 3 [mg/m^3]
# name 10 = par/sat/log: PAR/Logarithmic, Satlantic
# name 11 = turbWETntu0: Turbidity, WET Labs ECO [NTU]
# name 12 = prdM: Pressure, Strain Gauge [db]
# name 13 = prdE: Pressure, Strain Gauge [psi]
# name 14 = tv290C: Temperature [ITS-90, deg C]
# name 15 = flag:  0.000e+00
# span 0 =     -0.726,      6.014       
# span 1 =     -0.401,      0.107       
# span 2 =    -0.2638,    16.0800       
# span 3 =     -2.691,    183.519       
# span 4 =      1.492,     48.617       
# span 5 =   1.302388,  47.411422       
# span 6 =    -4.5000,     7.2000       
# span 7 =    -0.1346,     5.0268       
# span 8 =    -2.1300,     0.5964       
# span 9 =    -2.0304,    23.4342       
# span 10 = 1.1600e-01, 9.6741e+02      
# span 11 =    -0.4985,    33.9806      
# span 12 =     -0.712,      5.897      
# span 13 =     -1.032,      8.554      
# span 14 =    10.5740,    24.8522      
# span 15 = 0.0000e+00, 0.0000e+00      
# interval = seconds: 0.25
# start_time = Jun 27 2023 13:49:54 [Instrument's time stamp, header]
# bad_flag = -9.990e-29
*END*
     -0.724 8.6758e-12     8.4096     89.974      3.462   3.020695    -4.5000    -0.1079    -2.1300    -2.0304 2.7230e+02    -0.2881     -0.710     -1.030    18.6163 0.0000e+00
     -0.724 1.1155e-11     8.4097     89.977      4.002   3.491554    -4.5000    -0.1002    -2.1300    -2.0304 2.8613e+02    -0.2581     -0.710     -1.030    18.6166 0.0000e+00
     -0.724 1.4342e-11     8.4101     89.974      5.000   4.362651    -4.5000    -0.0964    -2.1300    -2.0304 2.8656e+02    -0.4685     -0.710     -1.030    18.6169 0.0000e+00
     -0.724 1.8439e-11     8.4104     89.966      6.603   5.761483     0.0000    -0.1002     0.0000     0.0846 2.8047e+02    -0.2881     -0.710     -1.030    18.6172 0.0000e+00
     -0.724 2.3708e-11     8.4107     89.958      8.416   7.343173     0.0000    -0.0850     0.0000     0.0846 2.7402e+02    -0.3783     -0.710     -1.030    18.6174 0.0000e+00
     -0.724 3.0481e-11     8.4109     89.953      9.376   8.180643     0.0000    -0.1002     0.0000     0.0846 2.7182e+02    -0.4384     -0.710     -1.030    18.6178 0.0000e+00
     -0.724 3.9190e-11     8.4105     89.953      9.636   8.408175     0.0000    -0.1002     0.0000     0.0846 2.7248e+02    -0.4084     -0.710     -1.030    18.6183 0.0000e+00
     -0.724 5.0387e-11     8.4096     89.961      9.953   8.685699     0.0000    -0.1041     0.0000     0.0846 2.6282e+02    -0.4084     -0.710     -1.030    18.6193 0.0000e+00
     -0.724 6.4784e-11     8.4085     89.975     10.025   8.749059     0.0000    -0.1079     0.0000    -0.1692 2.5880e+02    -0.3933     -0.710     -1.030    18.6207 0.0000e+00
     -0.724 8.3293e-11     8.4076     89.990      9.749   8.508440     0.0000    -0.1079     0.0000    -0.1692 2.7426e+02    -0.4985     -0.710     -1.030    18.6228 0.0000e+00
     -0.724 1.0709e-10     8.4072     90.003      9.617   8.394149     0.0000    -0.1269     0.0000    -0.1692 2.8894e+02    -0.3783     -0.710     -1.030    18.6256 0.0000e+00
     -0.724 1.3769e-10     8.4074     90.013      9.607   8.385507     0.0000    -0.1041     0.0000    -0.1692 3.0454e+02    -0.4084     -0.710     -1.030    18.6289 0.0000e+00
     -0.724 1.7703e-10     8.4082     90.019      9.203   8.033190     0.0000    -0.1079     0.0000     0.2115 3.0500e+02    -0.3482     -0.710     -1.030    18.6322 0.0000e+00
     -0.724 2.2761e-10     8.4090     90.018      8.720   7.611214     0.0000    -0.1193     0.0000     0.2115 2.7888e+02    -0.4685     -0.710     -1.030    18.6351 0.0000e+00
     -0.724 2.9264e-10     8.4099     90.013      8.367   7.303785     0.0000    -0.1079     0.0000     0.2115 2.7846e+02    -0.3933     -0.710     -1.030    18.6373 0.0000e+00
     -0.724 3.7625e-10     8.4106     90.009      7.900   6.896389     0.0000    -0.0926     0.0000     0.2115 2.8156e+02    -0.3933     -0.710     -1.030    18.6389 0.0000e+00
     -0.724 4.8375e-10     8.4109     90.006      7.439   6.493979     0.0000    -0.1117     0.0000     0.0000 2.8433e+02    -0.3482     -0.710     -1.030    18.6403 0.0000e+00
     -0.724 6.2196e-10     8.4106     90.001      6.732   5.876541     0.0000    -0.1079     0.0000     0.0000 2.8563e+02    -0.4534     -0.710     -1.030    18.6413 0.0000e+00
     -0.725 7.9967e-10     8.4100     89.997      5.818   5.079164     0.0000    -0.1041     0.0000     0.0000 2.8495e+02    -0.4685     -0.711     -1.031    18.6421 0.0000e+00
     -0.725 1.0281e-09     8.4096     89.991      5.196   4.535891     0.0000    -0.1155     0.0000     0.0000 2.8638e+02    -0.4384     -0.711     -1.031    18.6425 0.0000e+00
     -0.725 1.3219e-09     8.4093     89.985      4.964   4.333226     0.0000    -0.1117     0.0426    -0.0423 2.8812e+02    -0.3182     -0.711     -1.031    18.6427 0.0000e+00
     -0.725 1.6996e-09     8.4088     89.983      4.994   4.359783     0.0000    -0.1155     0.0426    -0.0423 2.8322e+02    -0.4084     -0.711     -1.031    18.6427 0.0000e+00
     -0.725 2.1852e-09     8.4085     89.987      5.116   4.466424     0.0000    -0.0812     0.0426    -0.0423 2.8163e+02    -0.4084     -0.711     -1.031    18.6427 0.0000e+00
     -0.725 2.8095e-09     8.4080     89.989      5.091   4.444290     0.0000    -0.1155     0.0426    -0.0423 2.8563e+02    -0.4084     -0.711     -1.031    18.6425 0.0000e+00
     -0.725 3.6122e-09     8.4074     89.987      4.830   4.216282     0.0000    -0.0888     0.0426    -0.0423 2.8495e+02    -0.4084     -0.711     -1.031    18.6424 0.0000e+00
     -0.725 4.6443e-09     8.4073     89.986      4.508   3.935171     0.0000    -0.1346    -0.0426     0.0423 2.8427e+02    -0.4084     -0.711     -1.031    18.6423 0.0000e+00
     -0.725 5.9712e-09     8.4077     89.989      4.277   3.733631     0.0000    -0.1155    -0.0426     0.0423 2.8402e+02    -0.3332     -0.711     -1.031    18.6422 0.0000e+00
     -0.725 7.6773e-09     8.4079     89.992      4.177   3.646900     0.0000    -0.0888    -0.0426     0.0423 2.8415e+02    -0.3182     -0.710     -1.030    18.6423 0.0000e+00
     -0.725 9.8708e-09     8.4076     89.990      4.104   3.582639     0.0000    -0.1002    -0.0426     0.0423 2.8557e+02    -0.4084     -0.710     -1.030    18.6424 0.0000e+00
     -0.725 1.2691e-08     8.4075     89.983      3.862   3.371449     0.0000    -0.1155     0.0426    -0.1269 2.8458e+02    -0.4384     -0.710     -1.030    18.6427 0.0000e+00
     -0.725 1.6317e-08     8.4078     89.975      3.514   3.067749     0.0000    -0.1041     0.0426    -0.1269 2.8483e+02    -0.4835     -0.711     -1.031    18.6430 0.0000e+00
     -0.725 2.0979e-08     8.4080     89.966      3.223   2.813997     0.0000    -0.1117     0.0426    -0.1269 2.8569e+02    -0.3482     -0.711     -1.031    18.6433 0.0000e+00
     -0.725 2.6973e-08     8.4077     89.960      3.023   2.639417     0.0000    -0.0964     0.0426    -0.1269 2.8520e+02    -0.4084     -0.711     -1.031    18.6437 0.0000e+00
     -0.725 3.4680e-08     8.4070     89.958      2.920   2.548863     0.0000    -0.1002    -0.0426    -0.1269 2.8744e+02    -0.4384     -0.711     -1.031    18.6442 0.0000e+00
     -0.725 4.4588e-08     8.4061     89.962      2.826   2.466776     0.0000    -0.1002    -0.0426    -0.1269 2.8230e+02    -0.4084     -0.711     -1.031    18.6447 0.0000e+00
     -0.725 5.7328e-08     8.4052     89.972      2.646   2.309969     0.0000    -0.1231    -0.0426    -0.1269 2.8230e+02    -0.3482     -0.711     -1.031    18.6452 0.0000e+00
     -0.725 7.3707e-08     8.4045     89.985      2.444   2.133515     0.0000    -0.1079    -0.0426    -0.1269 2.8938e+02    -0.4685     -0.711     -1.031    18.6458 0.0000e+00
     -0.725 9.4766e-08     8.4043     89.995      2.254   1.967475     0.0000    -0.0850     0.0000     0.2115 2.9039e+02    -0.4084     -0.711     -1.031    18.6464 0.0000e+00
     -0.725 1.2184e-07     8.4046     90.001      2.054   1.793275     0.0000    -0.1193     0.0000     0.2115 2.8969e+02    -0.4234     -0.711     -1.031    18.6471 0.0000e+00
     -0.725 1.5665e-07     8.4054     90.003      1.874   1.635644     0.0000    -0.1002     0.0000     0.2115 2.9127e+02    -0.3633     -0.711     -1.031    18.6478 0.0000e+00
     -0.725 2.0141e-07     8.4065     90.002      1.736   1.515816     0.0000    -0.1346     0.0000     0.2115 2.9375e+02    -0.4234     -0.711     -1.031    18.6486 0.0000e+00
     -0.725 2.5896e-07     8.4073     89.996      1.642   1.433472     0.0000    -0.1079     0.0000     0.2115 2.9484e+02    -0.3633     -0.711     -1.032    18.6494 0.0000e+00
     -0.725 3.3295e-07     8.4077     89.987      1.586   1.384449     0.0000    -0.0888     0.0000     0.0000 2.9683e+02    -0.3933     -0.711     -1.032    18.6501 0.0000e+00
     -0.725 4.2808e-07     8.4078     89.976      1.551   1.353697     0.0000    -0.0850     0.0000     0.0000 2.9748e+02    -0.4384     -0.711     -1.032    18.6509 0.0000e+00
     -0.725 5.5038e-07     8.4075     89.969      1.516   1.323128     0.0000    -0.1079     0.0000     0.0000 2.9787e+02    -0.4685     -0.711     -1.032    18.6516 0.0000e+00
     -0.725 7.0764e-07     8.4068     89.966      1.492   1.302388     0.0000    -0.1155     0.0000     0.0000 2.9761e+02    -0.2731     -0.711     -1.032    18.6524 0.0000e+00
     -0.725 9.0982e-07     8.4058     89.966      1.498   1.307693     0.0000    -0.0964     0.0000     0.0423 2.9715e+02    -0.3783     -0.711     -1.032    18.6531 0.0000e+00
     -0.725      0.000     8.4047     89.966      1.531   1.336503     0.0000    -0.1269     0.0000     0.0423 3.0047e+02    -0.4685     -0.711     -1.032    18.6538 0.0000e+00
     -0.725      0.000     8.4039     89.964      1.572   1.372775     0.0000    -0.0888     0.0000     0.0423 3.0554e+02    -0.3633     -0.711     -1.032    18.6544 0.0000e+00
     -0.725      0.000     8.4036     89.964      1.638   1.430137     0.0000    -0.1041     0.0000     0.0423 3.0793e+02    -0.2881     -0.711     -1.032    18.6550 0.0000e+00
     -0.725      0.000     8.4035     89.965      1.768   1.543657     0.0000    -0.1079     0.0000    -0.2538 3.0901e+02    -0.2881     -0.711     -1.032    18.6555 0.0000e+00
     -0.725      0.000     8.4033     89.965      1.979   1.727788     0.0000    -0.1155     0.0000    -0.2538 3.0881e+02    -0.4084     -0.711     -1.032    18.6561 0.0000e+00
     -0.725      0.000     8.4030     89.961      2.249   1.964407     0.0000    -0.1193     0.0000    -0.2538 3.0988e+02    -0.3783     -0.711     -1.032    18.6568 0.0000e+00
     -0.725      0.000     8.4029     89.955      2.539   2.217753     0.0000    -0.0850     0.0000    -0.2538 3.0975e+02    -0.3783     -0.711     -1.032    18.6575 0.0000e+00
     -0.725      0.000     8.4029     89.947      2.901   2.533635     0.0000    -0.0773     0.0000     0.0846 3.1015e+02    -0.4835     -0.711     -1.032    18.6584 0.0000e+00
     -0.725      0.000     8.4027     89.940      3.140   2.743172     0.0000    -0.1155     0.0000     0.0846 3.1096e+02    -0.4534     -0.711     -1.032    18.6594 0.0000e+00
     -0.725      0.000     8.4021     89.940      3.892   3.400248     0.0000    -0.0926     0.0000     0.0846 3.1245e+02    -0.3933     -0.711     -1.032    18.6606 0.0000e+00
     -0.725      0.000     8.4013     89.947      5.763   5.035603     0.0000    -0.1231     0.0000     0.0846 3.1395e+02    -0.3482     -0.711     -1.032    18.6621 0.0000e+00
     -0.726      0.000     8.4002     89.962      7.118   6.220711     0.0000    -0.0926     0.0000     0.0846 3.0014e+02    -0.4985     -0.712     -1.032    18.6641 0.0000e+00
     -0.726      0.000     8.3991     89.984      7.310   6.389996     0.0000    -0.0888     0.0000     0.0000 3.0481e+02    -0.4534     -0.712     -1.032    18.6668 0.0000e+00
     -0.726      0.000     8.3984     90.006      7.881   6.891935     0.0000    -0.0964     0.0000     0.0000 3.0680e+02    -0.3783     -0.712     -1.032    18.6708 0.0000e+00
     -0.725      0.000     8.3980     90.025      9.642   8.433907     0.0000    -0.1269     0.0000     0.0000 2.9510e+02    -0.3482     -0.711     -1.032    18.6767 0.0000e+00
     -0.725      0.000     8.3979     90.044     11.782  10.309663     0.0000    -0.1155     0.0000     0.0000 2.8875e+02    -0.3783     -0.711     -1.032    18.6855 0.0000e+00
     -0.726      0.000     8.3979     90.060     12.750  11.161988     0.0000    -0.1155     0.0000    -0.1692 3.2661e+02    -0.3182     -0.712     -1.032    18.6971 0.0000e+00
     -0.726      0.000     8.3977     90.074     12.021  10.529701     0.0000    -0.1117     0.0000    -0.1692 3.6497e+02    -0.3482     -0.712     -1.032    18.7103 0.0000e+00
     -0.726      0.000     8.3969     90.086     10.445   9.156270     0.0000    -0.1269     0.0000    -0.1692 3.3148e+02    -0.3783     -0.712     -1.032    18.7257 0.0000e+00
     -0.726      0.000     8.3949     90.101      8.784   7.706154     0.0000    -0.0850     0.0000    -0.1692 3.0640e+02    -0.4384     -0.712     -1.032    18.7473 0.0000e+00
     -0.726      0.000     8.3913     90.119      7.329   6.433483     0.0000    -0.1155    -0.1278    -0.2961 2.9503e+02    -0.2581     -0.712     -1.032    18.7775 0.0000e+00
     -0.725      0.001     8.3862     90.135      6.219   5.461662     0.0000    -0.1002    -0.1278    -0.2961 2.8150e+02    -0.1528     -0.711     -1.032    18.8151 0.0000e+00
     -0.725      0.001     8.3806     90.151      5.457   4.794551     0.0000    -0.1346    -0.1278    -0.2961 2.8976e+02    -0.1829     -0.711     -1.032    18.8552 0.0000e+00
     -0.725      0.001     8.3762     90.166      5.013   4.406519     0.0000    -0.1308    -0.1278    -0.2961 3.0461e+02    -0.1228     -0.711     -1.032    18.8892 0.0000e+00
     -0.725      0.002     8.3739     90.182      4.868   4.281097     0.0000    -0.0888     0.0000     0.3384 2.9677e+02    -0.3332     -0.711     -1.031    18.9130 0.0000e+00
     -0.724      0.002     8.3729     90.198      5.069   4.459977     0.0000    -0.1155     0.0000     0.3384 3.0014e+02    -0.3332     -0.710     -1.031    18.9282 0.0000e+00
     -0.724      0.003     8.3727     90.211      5.716   5.032387     0.0000    -0.0850     0.0000     0.3384 3.2911e+02    -0.2881     -0.710     -1.030    18.9378 0.0000e+00
     -0.723      0.004     8.3730     90.219      6.613   5.826648     0.0000    -0.1269     0.0000     0.3384 3.5814e+02    -0.4534     -0.709     -1.029    18.9446 0.0000e+00
     -0.723      0.005     8.3734     90.227      7.275   6.417784     0.0000    -0.1079     0.0000     0.3384 3.6936e+02    -0.2280     -0.709     -1.028    18.9507 0.0000e+00
     -0.721      0.006     8.3736     90.237      7.589   6.710309     0.0000    -0.1308     0.0000    -0.3384 3.9373e+02    -0.1528     -0.708     -1.026    18.9586 0.0000e+00
     -0.720      0.008     8.3728     90.252      7.910   7.019550     0.0000    -0.1269     0.0000    -0.3384 4.2070e+02    -0.1228     -0.706     -1.024    18.9709 0.0000e+00
     -0.718      0.010     8.3703     90.272      8.611   7.681115     0.0000    -0.1117     0.0000    -0.3384 4.4613e+02    -0.2130     -0.704     -1.021    18.9917 0.0000e+00
     -0.715      0.013     8.3652     90.297      9.906   8.895155     0.0000     0.4529     0.0000    -0.3384 4.8169e+02     4.9123     -0.701     -1.017    19.0273 0.0000e+00
     -0.712      0.016     8.3563     90.327     11.420  10.338601     2.5200     0.4453     0.2130     4.9491 5.1931e+02     4.8372     -0.698     -1.013    19.0877 0.0000e+00
     -0.708      0.019     8.3411     90.360     12.353  11.290667     2.5200     0.4376     0.2130     4.9491 5.5081e+02     4.8823     -0.694     -1.007    19.1897 0.0000e+00
     -0.702      0.022     8.3153     90.387     12.106  11.162501     2.5200     0.4529     0.2130     4.9491 5.8231e+02     4.8522     -0.689     -0.999    19.3595 0.0000e+00
     -0.695      0.024     8.2719     90.404     10.912  10.133416     2.5200     2.1505     0.2130     4.9491 6.3963e+02    21.0998     -0.682     -0.989    19.6404 0.0000e+00
     -0.688      0.024     8.2054     90.407     10.200   9.533238     6.0300     2.1352     0.4260    13.8744 8.0776e+02    21.0998     -0.674     -0.979    20.0673 0.0000e+00
     -0.681      0.024     8.1234     90.397     10.930  10.268169     6.0300     2.1428     0.4260    13.8744 8.3579e+02    21.1449     -0.668     -0.969    20.5951 0.0000e+00
     -0.675      0.024     8.0443     90.378     12.994  12.251385     6.0300     2.1390     0.4260    13.8744 8.5545e+02    21.1599     -0.662     -0.960    21.1070 0.0000e+00
     -0.670      0.023     7.9816     90.359     15.684  14.822950     6.0300     2.1200     0.4260    13.8744 8.3962e+02    20.4384     -0.657     -0.953    21.5139 0.0000e+00
     -0.665      0.023     7.9382     90.343     18.031  17.074142     6.0300     2.0742     0.4260    13.8744 8.5119e+02    20.3332     -0.652     -0.946    21.7917 0.0000e+00
     -0.660      0.024     7.9100     90.333     19.873  18.855465     6.0300     2.0780     0.4260    14.7204 8.6894e+02    20.3182     -0.647     -0.939    21.9652 0.0000e+00
