Data/DataNotYetUploadedToEDI/Raw_CTD/RawDownloads/062723_fcrXX_S8188005.cnv
* Sea-Bird SBE19plus  Data File:
* FileName = C:\R\Reservoirs\Data\DataNotYetUploadedToEDI\Raw_CTD\RawDownloads\062623_fcr50_S8188_0005.hex
* Software version 2.8.0.119
* Temperature SN = 8188
* Conductivity SN = 8188
* System UpLoad Time = Jul 03 2023 16:32:00
* <ApplicationData>
* <Seaterm232>
# nquan = 16
# nvalues = 1981                        
# units = specified
# name 0 = depFM: Depth [fresh water, m]
# name 1 = dz/dtM: Descent Rate [m/s]
# name 2 = sbeox0Mg/L: Oxygen, SBE 43 [mg/l]
# name 3 = sbeox0PS: Oxygen, SBE 43 [% saturation]
# name 4 = specc: Specific Conductance [uS/cm]
# name 5 = c0uS/cm: Conductivity [uS/cm]
# name 6 = wetCDOM: Fluorescence, WET Labs CDOM [mg/m^3]
# name 7 = flECO-AFL: Fluorescence, WET Labs ECO-AFL/FL [mg/m^3]
# name 8 = flECO-AFL1: Fluorescence, WET Labs ECO-AFL/FL, 2 [mg/m^3]
# name 9 = flECO-AFL2: Fluorescence, WET Labs ECO-AFL/FL, 3 [mg/m^3]
# name 10 = par/sat/log: PAR/Logarithmic, Satlantic
# name 11 = turbWETntu0: Turbidity, WET Labs ECO [NTU]
# name 12 = prdM: Pressure, Strain Gauge [db]
# name 13 = prdE: Pressure, Strain Gauge [psi]
# name 14 = tv290C: Temperature [ITS-90, deg C]
# name 15 = flag:  0.000e+00
# span 0 =     -0.732,      9.366       
# span 1 =     -0.266,      0.086       
# span 2 =    -1.0729,    13.9410       
# span 3 =    -10.483,    160.213       
# span 4 =      0.098,    175.862       
# span 5 =   0.091096, 125.124400       
# span 6 =    -4.5000,     7.1100       
# span 7 =    -0.4512,     5.3930       
# span 8 =    -2.1300,     1.4910       
# span 9 =    -2.0304,    18.2736       
# span 10 = 1.1587e-01, 8.6348e+02      
# span 11 =    -1.2801,   316.0361      
# span 12 =     -0.718,      9.185      
# span 13 =     -1.041,     13.322      
# span 14 =    10.5553,    25.0100      
# span 15 = 0.0000e+00, 0.0000e+00      
# interval = seconds: 0.25
# start_time = Jun 27 2023 13:08:46 [Instrument's time stamp, header]
# bad_flag = -9.990e-29
*END*
[from data line 91]
     -0.502      0.049     7.6752     92.439     44.983  44.625211     5.3100     2.3259     0.2982    14.4666 2.8812e+02    19.4765     -0.492     -0.714    24.2997 0.0000e+00
     -0.492      0.037     7.6740     92.527     44.961  44.590017     5.3100     2.3565     0.2982    14.4666 2.8077e+02    19.3563     -0.482     -0.700    24.4317 0.0000e+00
     -0.486      0.028     7.6792     92.567     44.930  44.531757     5.9400     2.3298     0.2982    15.1434 2.8059e+02    19.3412     -0.477     -0.692    24.5187 0.0000e+00
     -0.483      0.021     7.6872     92.568     44.897  44.468576     5.9400     2.3145     0.2982    15.1434 2.8285e+02    19.4765     -0.473     -0.687    24.5685 0.0000e+00
     -0.479      0.015     7.6961     92.539     44.850  44.395513     5.9400     2.3908     0.2982    15.1434 2.9134e+02    19.7771     -0.470     -0.682    24.5855 0.0000e+00
     -0.475      0.011     7.7049     92.493     44.790  44.312895     5.9400     2.3870     0.2982    15.1434 2.9439e+02    19.7471     -0.466     -0.676    24.5744 0.0000e+00
     -0.472      0.007     7.7123     92.439     44.727  44.232374     6.0300     2.4099     0.3834    15.2280 2.9286e+02    19.6869     -0.463     -0.672    24.5464 0.0000e+00
     -0.471      0.004     7.7169     92.380     44.666  44.156252     6.0300     2.3794     0.3834    15.2280 2.9343e+02    19.6268     -0.462     -0.670    24.5144 0.0000e+00
     -0.471      0.001     7.7187     92.317     44.614  44.089987     6.0300     2.3298     0.3834    15.2280 3.0073e+02    19.2060     -0.461     -0.669    24.4853 0.0000e+00
     -0.471     -0.001     7.7184     92.250     44.576  44.035721     6.0300     2.3450     0.3834    15.2280 3.0467e+02    19.2360     -0.462     -0.670    24.4605 0.0000e+00
     -0.473     -0.001     7.7168     92.184     44.540  43.978985     6.0300     2.3336     0.3408    15.1857 3.0467e+02    19.2060     -0.464     -0.673    24.4398 0.0000e+00
     -0.474      0.000     7.7144     92.126     44.493  43.908609     6.0300     2.3374     0.3408    15.1857 3.0447e+02    19.1459     -0.465     -0.675    24.4226 0.0000e+00
     -0.475      0.002     7.7114     92.083     44.446  43.839507     6.0300     2.4099     0.3408    15.1857 3.0547e+02    19.7320     -0.466     -0.675    24.4065 0.0000e+00
     -0.474      0.004     7.7084     92.067     44.417  43.792876     6.0300     2.3832     0.3408    15.1857 3.0720e+02    19.6268     -0.465     -0.674    24.3881 0.0000e+00
     -0.472      0.007     7.7062     92.080     44.397  43.764204     6.0300     2.3984     0.3408    15.1857 3.0793e+02    19.7170     -0.463     -0.672    24.3647 0.0000e+00
     -0.469      0.010     7.7053     92.118     44.363  43.733959     5.9400     2.3794     0.3408    15.2280 3.0867e+02    19.7621     -0.460     -0.668    24.3374 0.0000e+00
     -0.466      0.011     7.7055     92.173     44.298  43.684167     5.9400     2.4785     0.3408    15.2280 3.1049e+02    19.4014     -0.457     -0.663    24.3112 0.0000e+00
     -0.463      0.012     7.7069     92.239     44.205  43.611460     5.9400     2.4633     0.3408    15.2280 3.1157e+02    19.4014     -0.454     -0.658    24.2915 0.0000e+00
     -0.459      0.013     7.7094     92.310     44.111  43.536075     5.9400     2.4366     0.3408    15.2280 3.0747e+02    19.3713     -0.450     -0.653    24.2823 0.0000e+00
     -0.456      0.013     7.7120     92.384     44.041  43.479519     5.9400     2.4556     0.3408    15.5664 3.0250e+02    19.4615     -0.447     -0.649    24.2861 0.0000e+00
     -0.453      0.014     7.7143     92.451     43.994  43.442560     5.9400     2.4518     0.3408    15.5664 3.0158e+02    19.6869     -0.444     -0.644    24.3021 0.0000e+00
     -0.450      0.014     7.7167     92.507     43.959  43.415343     5.9400     2.4518     0.3408    15.5664 3.0171e+02    19.6569     -0.441     -0.639    24.3238 0.0000e+00
     -0.446      0.014     7.7199     92.557     43.940  43.402497     5.9400     2.4366     0.3408    15.5664 3.0276e+02    19.6869     -0.437     -0.634    24.3427 0.0000e+00
     -0.442      0.013     7.7241     92.600     43.942  43.412485     6.0300     2.4785     0.3408    15.3972 3.0243e+02    19.7020     -0.433     -0.628    24.3567 0.0000e+00
     -0.438      0.013     7.7281     92.634     43.951  43.436081     6.0300     2.4747     0.3408    15.3972 3.0060e+02    19.9725     -0.430     -0.624    24.3675 0.0000e+00
     -0.435      0.011     7.7317     92.654     43.955  43.459766     6.0300     2.4556     0.3408    15.3972 3.0527e+02    19.8372     -0.427     -0.620    24.3757 0.0000e+00
     -0.433      0.010     7.7348     92.664     43.955  43.481933     6.0300     2.4442     0.3408    15.3972 3.0613e+02    19.9124     -0.424     -0.615    24.3825 0.0000e+00
     -0.430      0.009     7.7372     92.664     43.967  43.516419     6.0300     2.4480     0.3408    15.1857 3.0693e+02    19.9124     -0.422     -0.612    24.3919 0.0000e+00
     -0.428      0.007     7.7377     92.654     44.008  43.580347     6.0300     2.4671     0.3408    15.1857 3.0773e+02    19.6569     -0.420     -0.609    24.4078 0.0000e+00
     -0.427      0.006     7.7361     92.636     44.076  43.674913     6.0300     2.4595     0.3408    15.1857 3.0827e+02    19.5968     -0.419     -0.607    24.4307 0.0000e+00
     -0.426      0.005     7.7332     92.619     44.161  43.793636     6.0300     2.4366     0.3408    15.1857 3.0867e+02    19.7170     -0.417     -0.606    24.4565 0.0000e+00
     -0.425      0.005     7.7295     92.606     44.261  43.930534     6.0300     2.4709     0.3408    15.1857 3.0887e+02    19.7471     -0.416     -0.604    24.4818 0.0000e+00
     -0.424      0.005     7.7249     92.598     44.365  44.074562     5.9400     2.4022     0.3408    15.3549 3.1002e+02    19.6719     -0.415     -0.602    24.5080 0.0000e+00
     -0.422      0.005     7.7190     92.596     44.467  44.216580     5.9400     2.3794     0.3408    15.3549 3.1096e+02    19.6719     -0.414     -0.600    24.5393 0.0000e+00
     -0.421      0.005     7.7121     92.601     44.561  44.346908     5.9400     2.3908     0.3408    15.3549 3.1042e+02    19.6869     -0.412     -0.599    24.5772 0.0000e+00
     -0.420      0.005     7.7049     92.608     44.637  44.454733     5.9400     2.3984     0.3408    15.3549 3.1123e+02    19.6569     -0.411     -0.597    24.6204 0.0000e+00
     -0.418      0.005     7.6977     92.616     44.693  44.537108     5.9400     2.4595     0.3408    15.2280 3.1116e+02    19.4765     -0.410     -0.595    24.6662 0.0000e+00
     -0.417      0.005     7.6911     92.627     44.730  44.596185     5.9400     2.4480     0.3408    15.2280 3.1211e+02    19.4465     -0.409     -0.593    24.7114 0.0000e+00
     -0.416      0.005     7.6856     92.636     44.756  44.639795     5.9400     2.4480     0.3408    15.2280 3.1218e+02    19.4014     -0.407     -0.591    24.7532 0.0000e+00
     -0.414      0.005     7.6810     92.642     44.776  44.675604     5.9400     2.4289     0.3408    15.2280 3.1306e+02    19.4615     -0.406     -0.589    24.7895 0.0000e+00
     -0.413      0.005     7.6774     92.649     44.788  44.699294     6.0300     2.4099     0.3834    15.1857 3.1130e+02    19.4615     -0.405     -0.587    24.8198 0.0000e+00
     -0.412      0.005     7.6748     92.659     44.785  44.705293     6.0300     2.4289     0.3834    15.1857 3.1056e+02    19.4314     -0.403     -0.585    24.8445 0.0000e+00
     -0.410      0.005     7.6726     92.670     44.771  44.695201     6.0300     2.4442     0.3834    15.1857 3.1218e+02    19.4465     -0.402     -0.584    24.8648 0.0000e+00
     -0.409      0.005     7.6707     92.679     44.757  44.682179     6.0300     2.4404     0.3834    15.1857 3.1340e+02    19.4014     -0.401     -0.582    24.8819 0.0000e+00
     -0.408      0.005     7.6694     92.685     44.753  44.676623     6.0300     2.3755     0.3408    15.2703 3.1388e+02    19.0106     -0.400     -0.581    24.8955 0.0000e+00
     -0.407      0.006     7.6688     92.685     44.756  44.677051     6.0300     2.3870     0.3408    15.2703 3.1395e+02    19.1459     -0.399     -0.579    24.9048 0.0000e+00
     -0.406      0.007     7.6691     92.685     44.775  44.695465     6.0300     2.4061     0.3408    15.2703 3.1157e+02    19.1459     -0.398     -0.577    24.9096 0.0000e+00
     -0.405      0.008     7.6698     92.689     44.822  44.744702     6.0300     2.3946     0.3408    15.2703 3.0627e+02    19.2511     -0.397     -0.575    24.9102 0.0000e+00
     -0.402      0.009     7.6705     92.696     44.893  44.822040     6.0300     2.4633     0.3408    15.2703 3.0687e+02    19.6569     -0.394     -0.572    24.9083 0.0000e+00
     -0.400      0.011     7.6709     92.708     44.978  44.918381     6.0300     2.4709     0.3408    15.1857 3.0874e+02    19.7471     -0.392     -0.568    24.9059 0.0000e+00
     -0.396      0.014     7.6710     92.726     45.060  45.011865     6.0300     2.4289     0.3408    15.1857 3.1029e+02    19.7170     -0.389     -0.564    24.9051 0.0000e+00
     -0.393      0.016     7.6709     92.752     45.114  45.077885     6.0300     2.4289     0.3408    15.1857 3.1069e+02    19.6569     -0.385     -0.558    24.9077 0.0000e+00
     -0.389      0.019     7.6704     92.792     45.142  45.114235     6.0300     2.4442     0.3408    15.1857 3.1015e+02    19.4615     -0.381     -0.552    24.9152 0.0000e+00
     -0.383      0.023     7.6697     92.845     45.159  45.138533     6.0300     2.4442     0.3834    15.3972 3.1015e+02    19.4615     -0.376     -0.545    24.9272 0.0000e+00
     -0.377      0.026     7.6693     92.910     45.191  45.177072     6.0300     2.4556     0.3834    15.3972 3.0860e+02    19.4164     -0.370     -0.536    24.9409 0.0000e+00
     -0.370      0.030     7.6697     92.988     45.232  45.226260     6.0300     2.4518     0.3834    15.3972 3.0767e+02    19.4164     -0.363     -0.526    24.9535 0.0000e+00
     -0.362      0.033     7.6716     93.081     45.241  45.243734     6.0300     2.5739     0.3834    15.3972 3.0587e+02    19.9575     -0.355     -0.514    24.9632 0.0000e+00
     -0.352      0.035     7.6749     93.190     45.218  45.226229     6.0300     2.5854     0.3834    15.3549 2.9375e+02    19.8974     -0.346     -0.501    24.9707 0.0000e+00
     -0.343      0.038     7.6792     93.319     45.217  45.228520     6.0300     2.5930     0.3834    15.3549 2.7864e+02    19.8673     -0.336     -0.487    24.9784 0.0000e+00
     -0.333      0.039     7.6843     93.475     45.281  45.292827     6.0300     2.5777     0.3834    15.3549 2.6174e+02    19.9575     -0.326     -0.473    24.9877 0.0000e+00
     -0.322      0.040     7.6907     93.674     45.401  45.414505     6.0300     2.6121     0.3834    15.3549 2.4416e+02    21.1148     -0.316     -0.458    24.9969 0.0000e+00
     -0.312      0.040     7.6988     93.946     45.560  45.574482     6.0300     2.7570     0.3834    15.3549 2.2687e+02    21.1148     -0.306     -0.443    25.0036 0.0000e+00
     -0.301      0.040     7.7090     94.335     45.745  45.757958     6.1200     2.7532     0.3408    15.5664 2.1779e+02    21.1599     -0.295     -0.428    25.0066 0.0000e+00
     -0.291      0.039     7.7217     94.918     45.940  45.948471     6.1200     2.7685     0.3408    15.5664 2.1450e+02    21.0998     -0.285     -0.414    25.0078 0.0000e+00
     -0.281      0.037     7.7380     95.818     46.142  46.141345     6.1200     2.7761     0.3408    15.5664 1.9901e+02    21.0998     -0.275     -0.399    25.0091 0.0000e+00
     -0.271      0.035     7.7603     97.255     46.375  46.362251     6.1200     3.0164     0.3408    15.5664 1.9776e+02    21.7912     -0.265     -0.385    25.0100 0.0000e+00
     -0.262      0.033     7.7927     99.583     46.635  46.606687     6.2100     3.0012     0.3408    15.6510 1.9380e+02    21.8513     -0.257     -0.373    25.0086 0.0000e+00
     -0.254      0.031     7.8416    103.226     46.848  46.805089     6.2100     3.0164     0.3408    15.6510 1.9133e+02    21.8813     -0.249     -0.361    25.0035 0.0000e+00
     -0.247      0.028     7.9175    108.368     46.979  46.923174     6.2100     3.0012     0.3408    15.6510 1.9005e+02    21.9264     -0.242     -0.351    24.9939 0.0000e+00
     -0.240      0.026     8.0384    114.657     47.055  46.988468     6.2100     3.1385     0.3408    15.6510 1.8992e+02    21.5958     -0.235     -0.341    24.9801 0.0000e+00
     -0.234      0.023     8.2334    121.302     47.103  47.026310     6.1200     3.1156     0.3408    15.6510 1.8889e+02    21.6409     -0.229     -0.332    24.9639 0.0000e+00
     -0.228      0.021     8.5371    127.417     47.132  47.042826     6.1200     3.1194     0.3408    15.6510 1.7759e+02    21.6108     -0.224     -0.324    24.9482 0.0000e+00
     -0.223      0.018     8.9646    132.301     47.148  47.042421     6.1200     3.1156     0.3408    15.6510 1.6649e+02    21.5958     -0.219     -0.317    24.9352 0.0000e+00
     -0.218      0.016     9.4868    135.532     47.159  47.032912     6.1200     3.1385     0.3408    15.6510 1.6616e+02    22.1519     -0.214     -0.311    24.9242 0.0000e+00
     -0.215      0.014    10.0386    136.946     47.166  47.019689     6.3000     3.1080     0.3834    16.2432 1.6945e+02    22.1819     -0.211     -0.305    24.9131 0.0000e+00
     -0.212      0.012    10.5472    136.633     47.168  47.003188     6.3000     3.1156     0.3834    16.2432 1.7230e+02    22.0617     -0.208     -0.301    24.8995 0.0000e+00
     -0.210      0.010    10.9550    134.938     47.165  46.986934     6.3000     3.1156     0.3834    16.2432 1.7122e+02    22.0467     -0.206     -0.298    24.8818 0.0000e+00
     -0.208      0.009    11.2267    132.375     47.165  46.978481     6.3000     3.0088     0.3834    16.2432 1.6809e+02    21.7461     -0.204     -0.295    24.8607 0.0000e+00
     -0.206      0.008    11.3482    129.452     47.162  46.971610     6.3000     2.9935     0.3834    16.2432 1.6516e+02    21.8513     -0.202     -0.293    24.8391 0.0000e+00
     -0.204      0.007    11.3261    126.552     47.142  46.952601     6.2100     3.0088     0.3834    16.0740 1.6405e+02    21.8964     -0.200     -0.290    24.8200 0.0000e+00
     -0.202      0.006    11.1886    123.938     47.110  46.924311     6.2100     2.9897     0.3834    16.0740 1.6287e+02    21.8663     -0.198     -0.288    24.8052 0.0000e+00
     -0.201      0.005    10.9779    121.807     47.082  46.899013     6.2100     3.0660     0.3834    16.0740 1.6319e+02    22.0166     -0.197     -0.286    24.7961 0.0000e+00
     -0.200      0.005    10.7362    120.305     47.059  46.877887     6.2100     3.0584     0.3834    16.0740 1.6430e+02    22.1669     -0.196     -0.284    24.7928 0.0000e+00
     -0.199      0.004    10.4956    119.491     47.039  46.859263     6.1200     3.0660     0.3834    16.0317 1.6562e+02    22.0918     -0.195     -0.283    24.7936 0.0000e+00
     -0.198      0.004    10.2783    119.321     47.028  46.846101     6.1200     3.0660     0.3834    16.0317 1.6562e+02    22.1068     -0.194     -0.282    24.7964 0.0000e+00
     -0.197      0.003    10.1009    119.671     47.029  46.842818     6.1200     3.0088     0.3834    16.0317 1.6480e+02    23.1890     -0.194     -0.280    24.7997 0.0000e+00
     -0.196      0.003     9.9759    120.391     47.046  46.852501     6.1200     2.9897     0.3834    16.0317 1.6295e+02    23.3092     -0.193     -0.279    24.8021 0.0000e+00
     -0.196      0.003     9.9083    121.336     47.074  46.869806     6.3000     3.0050     0.3408    16.1163 1.6118e+02    23.3994     -0.192     -0.278    24.8029 0.0000e+00
     -0.195      0.003     9.8944    122.390     47.109  46.891420     6.3000     3.0164     0.3408    16.1163 1.6097e+02    23.2341     -0.191     -0.277    24.8013 0.0000e+00
