Data/DataNotYetUploadedToEDI/Raw_CTD/RawDownloads/062723_fcrXX_S8188019.cnv
* Sea-Bird SBE19plus  Data File:
* FileName = C:\R\Reservoirs\Data\DataNotYetUploadedToEDI\Raw_CTD\RawDownloads\062623_fcr50_S8188_0019.hex
* Software version 2.8.0.119
* Temperature SN = 8188
* Conductivity SN = 8188
* System UpLoad Time = Jul 03 2023 16:35:11
* <ApplicationData>
* <Seaterm232>
# nquan = 16
# nvalues = 742                         
# units = specified
# name 0 = depFM: Depth [fresh water, m]
# name 1 = dz/dtM: Descent Rate [m/s]
# name 2 = sbeox0Mg/L: Oxygen, SBE 43 [mg/l]
# name 3 = sbeox0PS: Oxygen, SBE 43 [% saturation]
# name 4 = specc: Specific Conductance [uS/cm]
# name 5 = c0uS/cm: Conductivity [uS/cm]
# name 6 = wetCDOM: Fluorescence, WET Labs CDOM [mg/m^3]
# name 7 = flECO-AFL: Fluorescence, WET Labs ECO-AFL/FL [mg/m^3]
# name 8 = flECO-AFL1: Fluorescence, WET Labs ECO-AFL/FL, 2 [mg/m^3]
# name 9 = flECO-AFL2: Fluorescence, WET Labs ECO-AFL/FL, 3 [mg/m^3]
# name 10 = par/sat/log: PAR/Logarithmic, Satlantic
# name 11 = turbWETntu0: Turbidity, WET Labs ECO [NTU]
# name 12 = prdM: Pressure, Strain Gauge [db]
# name 13 = prdE: Pressure, Strain Gauge [psi]
# name 14 = tv290C: Temperature [ITS-90, deg C]
# name 15 = flag:  0.000e+00
# span 0 =     -0.723,      9.088       
# span 1 =     -0.282,      0.425       
# span 2 =    -0.0387,    17.8639       
# span 3 =     -0.366,    210.446       
# span 4 =      1.660,     55.235       
# span 5 =   1.453874,  48.107112       
# span 6 =    -4.5000,    13.4100       
# span 7 =    -0.1651,     3.9434       
# span 8 =    -2.1300,     1.7892       
# span 9 =    -2.0304,    20.8116       
# span 10 = 1.1587e-01, 4.9722e+02      
# span 11 =    -0.4835,   172.0174      
# span 12 =     -0.709,      8.912      
# span 13 =     -1.028,     12.927      
# span 14 =    10.6065,    24.4167      
# span 15 = 0.0000e+00, 0.0000e+00      
# interval = seconds: 0.25
# start_time = Jun 27 2023 15:59:08 [Instrument's time stamp, header]
# bad_flag = -9.990e-29
*END*
[from data line 633]
      3.056     -0.160     7.7144     64.717     45.762  32.904351     3.8700     0.1019     0.1278     0.1692 1.9927e-01     6.3101      2.997      4.347    10.8589 0.0000e+00
      3.014     -0.150     7.6056     62.961     45.763  32.926728     3.8700     0.1439     0.1278     0.1692 2.3180e-01     6.3402      2.956      4.287    10.8815 0.0000e+00
      2.975     -0.139     7.4765     61.076     45.757  32.939167     3.9600     0.1515     0.1704     0.1269 2.1149e-01     6.2350      2.918      4.232    10.9031 0.0000e+00
      2.941     -0.127     7.3226     59.107     45.745  32.941028     3.9600     0.1592     0.1704     0.1269 2.1441e-01     6.2500      2.884      4.183    10.9255 0.0000e+00
      2.912     -0.116     7.1446     57.108     45.740  32.940727     3.9600     0.1782     0.1704     0.1269 2.5434e-01     6.5055      2.856      4.141    10.9492 0.0000e+00
      2.886     -0.108     6.9470     55.156     45.747  32.946104     3.9600     0.1706     0.1704     0.1269 1.8702e-01     6.5205      2.831      4.105    10.9724 0.0000e+00
      2.863     -0.105     6.7359     53.359     45.752  32.954633     4.0500     0.2011     0.1278     0.1692 2.0614e-01     6.5055      2.808      4.072    10.9915 0.0000e+00
      2.840     -0.106     6.5169     51.851     45.749  32.968588     4.0500     0.1782     0.1278     0.1692 2.2315e-01     6.4754      2.785      4.039    11.0027 0.0000e+00
      2.814     -0.111     6.2959     50.737     45.733  32.983768     4.0500     0.2049     0.1278     0.1692 1.9703e-01     6.7911      2.760      4.003    11.0061 0.0000e+00
      2.785     -0.117     6.0806     50.026     45.694  32.988382     4.0500     0.1935     0.1278     0.1692 2.1675e-01     6.8512      2.732      3.962    11.0067 0.0000e+00
      2.752     -0.121     5.8819     49.604     45.645  32.983661     4.0500     0.1897     0.1278     0.2115 2.6208e-01     6.7159      2.699      3.915    11.0123 0.0000e+00
      2.717     -0.123     5.7135     49.272     45.601  32.976268     4.0500     0.1859     0.1278     0.2115 2.2870e-01     6.7310      2.665      3.865    11.0293 0.0000e+00
      2.683     -0.121     5.5869     48.843     45.567  32.972156     4.0500     0.1935     0.1278     0.2115 2.2930e-01     6.2049      2.631      3.816    11.0588 0.0000e+00
      2.651     -0.116     5.5041     48.196     45.542  32.974188     4.0500     0.1973     0.1278     0.2115 2.4147e-01     6.2049      2.600      3.771    11.0947 0.0000e+00
      2.623     -0.109     5.4533     47.297     45.523  32.982905     4.0500     0.1630     0.1704     0.2115 2.4173e-01     6.2951      2.573      3.732    11.1283 0.0000e+00
      2.597     -0.102     5.4136     46.176     45.508  32.996673     4.0500     0.1935     0.1704     0.2115 2.7094e-01     6.3101      2.547      3.695    11.1550 0.0000e+00
      2.573     -0.093     5.3637     44.920     45.491  33.011242     4.0500     0.2507     0.1704     0.2115 2.8286e-01     5.7841      2.523      3.660    11.1769 0.0000e+00
      2.549     -0.085     5.2900     43.662     45.466  33.022578     4.0500     0.2545     0.1704     0.2115 2.7142e-01     5.8592      2.500      3.626    11.1991 0.0000e+00
      2.528     -0.077     5.1885     42.527     45.424  33.025783     4.0500     0.2355     0.1704     0.2115 2.5970e-01     5.8292      2.479      3.595    11.2240 0.0000e+00
      2.509     -0.068     5.0625     41.569     45.359  33.021711     4.0500     0.2431     0.1278     0.1692 2.8169e-01     5.7089      2.460      3.568    11.2514 0.0000e+00
      2.493     -0.059     4.9215     40.729     45.276  33.013238     4.0500     0.2469     0.1278     0.1692 2.7396e-01     7.6328      2.444      3.545    11.2810 0.0000e+00
      2.479     -0.050     4.7802     39.874     45.177  32.998109     4.0500     0.2660     0.1278     0.1692 2.5606e-01     7.6779      2.431      3.526    11.3130 0.0000e+00
      2.468     -0.042     4.6520     38.841     45.078  32.984172     4.0500     0.2622     0.1278     0.1692 2.9491e-01     7.6328      2.420      3.511    11.3511 0.0000e+00
      2.459     -0.035     4.5423     37.495     45.003  32.983555     4.0500     0.2584     0.1278     0.2115 2.8913e-01     7.7079      2.412      3.498    11.3989 0.0000e+00
      2.452     -0.029     4.4448     35.775     44.965  32.996097     4.0500     0.2240     0.1278     0.2115 3.0415e-01    11.3452      2.404      3.487    11.4561 0.0000e+00
      2.445     -0.024     4.3452     33.691     44.964  33.013264     4.0500     0.1782     0.1278     0.2115 2.8588e-01    11.1649      2.398      3.478    11.5189 0.0000e+00
      2.440     -0.021     4.2264     31.334     44.991  33.027751     4.0500     0.1821     0.1278     0.2115 3.0139e-01    11.1649      2.393      3.471    11.5834 0.0000e+00
      2.436     -0.020     4.0742     28.901     45.040  33.043421     3.9600     0.1859     0.1278     0.2538 3.1539e-01    11.2400      2.388      3.464    11.6436 0.0000e+00
      2.432     -0.019     3.8830     26.702     45.096  33.060489     3.9600     0.1935     0.1278     0.2538 2.5690e-01    10.8642      2.384      3.458    11.6886 0.0000e+00
      2.427     -0.020     3.6548     25.079     45.144  33.071625     3.9600     0.2049     0.1278     0.2538 2.9491e-01     8.9554      2.380      3.452    11.7081 0.0000e+00
      2.423     -0.023     3.3991     24.323     45.183  33.079796     3.9600     0.2164     0.1278     0.2538 2.9832e-01     8.9404      2.375      3.445    11.7018 0.0000e+00
      2.417     -0.028     3.1365     24.597     45.214  33.087180     3.9600     0.1706     0.1278     0.2538 2.5993e-01     8.8803      2.370      3.438    11.6799 0.0000e+00
      2.411     -0.034     2.8996     25.877     45.223  33.083865     3.9600     0.1782     0.1278     0.2115 3.0112e-01     8.8803      2.363      3.428    11.6529 0.0000e+00
      2.402     -0.043     2.7250     27.973     45.204  33.065005     3.9600     0.1935     0.1278     0.2115 2.5001e-01     7.8883      2.355      3.417    11.6265 0.0000e+00
      2.391     -0.053     2.6444     30.578     45.160  33.037452     3.9600     0.2011     0.1278     0.2115 3.2591e-01     7.9334      2.344      3.401    11.6040 0.0000e+00
      2.376     -0.065     2.6753     33.329     45.093  33.005741     3.9600     0.2088     0.1278     0.2115 3.3474e-01     7.8432      2.330      3.380    11.5872 0.0000e+00
      2.358     -0.077     2.8153     35.865     44.999  32.969336     4.0500     0.1859     0.1278     0.1269 3.1925e-01     7.8883      2.312      3.354    11.5760 0.0000e+00
      2.336     -0.090     3.0435     37.904     44.883  32.934373     4.0500     0.1821     0.1278     0.1269 3.3408e-01     9.8422      2.291      3.323    11.5712 0.0000e+00
      2.311     -0.103     3.3264     39.290     44.770  32.915295     4.0500     0.1859     0.1278     0.1269 3.3957e-01     9.8272      2.267      3.288    11.5764 0.0000e+00
      2.284     -0.115     3.6239     39.965     44.673  32.910978     4.0500     0.1897     0.1278     0.1269 3.3707e-01     9.7370      2.240      3.248    11.5954 0.0000e+00
      2.252     -0.127     3.8964     39.924     44.571  32.900471     3.8700     0.1935     0.1278     0.1692 3.5435e-01     9.8121      2.209      3.204    11.6316 0.0000e+00
      2.218     -0.141     4.1128     39.230     44.445  32.873052     3.8700     0.2202     0.1278     0.1692 3.7682e-01    10.3232      2.176      3.155    11.6875 0.0000e+00
      2.182     -0.157     4.2567     38.013     44.295  32.841212     3.8700     0.1973     0.1278     0.1692 3.6072e-01    10.4434      2.140      3.104    11.7591 0.0000e+00
      2.142     -0.174     4.3229     36.450     44.135  32.822208     3.8700     0.1897     0.1278     0.1692 3.6593e-01    10.3232      2.101      3.047    11.8347 0.0000e+00
      2.097     -0.192     4.3124     34.709     43.969  32.816916     3.9600     0.1897     0.1278     0.1692 3.7666e-01    10.2180      2.057      2.983    11.9069 0.0000e+00
      2.045     -0.210     4.2313     32.898     43.793  32.817989     3.9600     0.1935     0.1278     0.1692 3.9365e-01     8.5646      2.006      2.909    11.9814 0.0000e+00
      1.987     -0.226     4.0927     31.080     43.604  32.823735     3.9600     0.1859     0.1278     0.1692 4.6951e-01     8.6097      1.949      2.826    12.0715 0.0000e+00
      1.925     -0.241     3.9154     29.313     43.384  32.831731     3.9600     0.1973     0.1278     0.1692 4.4574e-01     8.6398      1.888      2.738    12.1856 0.0000e+00
      1.861     -0.255     3.7180     27.656     43.128  32.854014     3.9600     0.1897     0.1278     0.1692 4.6242e-01     8.6698      1.825      2.646    12.3215 0.0000e+00
      1.795     -0.265     3.5129     26.161     42.851  32.914354     3.9600     0.2431     0.0852     0.1692 4.9421e-01     5.7690      1.760      2.553    12.4741 0.0000e+00
      1.726     -0.273     3.3072     24.844     42.568  33.018950     3.9600     0.2736     0.0852     0.1692 5.9061e-01     5.7841      1.693      2.455    12.6450 0.0000e+00
      1.655     -0.279     3.1063     23.691     42.274  33.148180     3.9600     0.2431     0.0852     0.1692 6.5142e-01     5.9193      1.622      2.353    12.8468 0.0000e+00
      1.580     -0.282     2.9153     22.703     41.957  33.273149     3.9600     0.2355     0.0852     0.1692 8.3508e-01     5.7991      1.549      2.247    13.1001 0.0000e+00
      1.505     -0.281     2.7391     21.925     41.648  33.389575     4.1400     0.4796     0.0852     0.1269 8.9560e-01     3.3792      1.476      2.141    13.4192 0.0000e+00
      1.432     -0.275     2.5800     21.422     41.386  33.500795     4.1400     0.5101     0.0852     0.1269 1.0803e+00     3.4394      1.404      2.036    13.7994 0.0000e+00
      1.360     -0.268     2.4374     21.256     41.158  33.590932     4.1400     0.5254     0.0852     0.1269 1.2297e+00     3.5596      1.334      1.935    14.2238 0.0000e+00
      1.293     -0.260     2.3125     21.479     40.946  33.648385     4.1400     0.4949     0.0852     0.1269 1.3513e+00     3.4544      1.268      1.839    14.6695 0.0000e+00
      1.231     -0.255     2.2113     22.107     40.762  33.684522     4.3200     1.0785     0.0426     0.3807 1.3661e+00     2.4624      1.207      1.750    15.1014 0.0000e+00
      1.171     -0.255     2.1411     23.110     40.629  33.720869     4.3200     1.0747     0.0426     0.3807 1.3634e+00     2.5225      1.148      1.665    15.4872 0.0000e+00
      1.110     -0.258     2.1079     24.439     40.556  33.777023     4.3200     1.1052     0.0426     0.3807 1.4610e+00     2.5676      1.088      1.579    15.8174 0.0000e+00
      1.045     -0.264     2.1159     26.032     40.516  33.858059     4.3200     1.0747     0.0426     0.3807 1.8518e+00     2.4624      1.025      1.486    16.0960 0.0000e+00
      0.975     -0.271     2.1659     27.816     40.458  33.942019     4.5900     1.1930     0.0852     1.0998 3.1756e+00     2.8832      0.956      1.386    16.3235 0.0000e+00
      0.901     -0.275     2.2547     29.751     40.354  34.009708     4.5900     1.2159     0.0852     1.0998 4.9417e+00     2.9133      0.883      1.281    16.5007 0.0000e+00
      0.827     -0.276     2.3764     31.866     40.212  34.063340     4.5900     1.2120     0.0852     1.0998 6.4559e+00     2.8983      0.811      1.176    16.6437 0.0000e+00
      0.755     -0.272     2.5230     34.265     40.046  34.105343     4.5900     1.2197     0.0852     1.0998 7.2660e+00     2.9434      0.740      1.074    16.7842 0.0000e+00
      0.686     -0.264     2.6860     37.109     39.891  34.142965     4.5900     2.1619     0.0852     1.0998 9.8924e+00     5.7690      0.672      0.975    16.9479 0.0000e+00
      0.618     -0.252     2.8608     40.570     39.776  34.184269     4.7700     2.1390     0.0852     1.3536 1.4267e+01     5.7540      0.606      0.879    17.1402 0.0000e+00
      0.555     -0.239     3.0500     44.733     39.701  34.230371     4.7700     2.1543     0.0852     1.3536 1.8602e+01     5.9043      0.544      0.789    17.3562 0.0000e+00
      0.496     -0.227     3.2641     49.445     39.656  34.285647     4.7700     2.0932     0.0852     1.3536 1.9483e+01     5.7239      0.486      0.705    17.5836 0.0000e+00
      0.441     -0.213     3.5198     54.370     39.614  34.339094     4.7700     2.5739     0.0852     1.3536 2.0606e+01     8.5346      0.433      0.627    17.7953 0.0000e+00
      0.389     -0.199     3.8349     59.170     39.552  34.375260     5.4000     2.5701     0.1704     4.7799 2.5608e+01     8.5646      0.382      0.553    17.9699 0.0000e+00
      0.339     -0.184     4.2171     63.646     39.482  34.399833     5.4000     2.5548     0.1704     4.7799 3.7221e+01     8.6698      0.333      0.482    18.1087 0.0000e+00
      0.292     -0.168     4.6510     67.742     39.426  34.427291     5.4000     2.6006     0.1704     4.7799 5.4041e+01     8.6999      0.287      0.415    18.2268 0.0000e+00
      0.250     -0.153     5.1033     71.427     39.402  34.472881     5.4000     2.7723     0.1704     4.7799 6.4330e+01     9.3763      0.245      0.355    18.3398 0.0000e+00
      0.214     -0.140     5.5422     74.626     39.406  34.540841     6.3000     2.7608     0.2982    13.2399 6.2172e+01     9.4815      0.209      0.304    18.4529 0.0000e+00
      0.183     -0.130     5.9497     77.274     39.418  34.621568     6.3000     2.7723     0.2982    13.2399 5.5844e+01     9.3462      0.180      0.260    18.5608 0.0000e+00
      0.156     -0.127     6.3214     79.402     39.451  34.724710     6.3000     2.7494     0.2982    13.2399 4.9964e+01     9.4063      0.153      0.222    18.6571 0.0000e+00
      0.128     -0.131     6.6550     81.160     39.564  34.893619     6.3000     2.8600     0.2982    13.2399 4.8742e+01     9.7520      0.126      0.182    18.7409 0.0000e+00
      0.098     -0.142     6.9426     82.746     39.798  35.169379     6.2100     2.9058     0.2982    14.2974 4.7922e+01     9.9324      0.096      0.139    18.8213 0.0000e+00
      0.062     -0.157     7.1766     84.324     40.144  35.560171     6.2100     2.8829     0.2982    14.2974 5.0697e+01     9.8272      0.061      0.088    18.9093 0.0000e+00
      0.019     -0.170     7.3608     86.059     40.581  36.065242     6.2100     2.8867     0.2982    14.2974 7.7028e+01     9.7971      0.018      0.027    19.0021 0.0000e+00
     -0.031     -0.178     7.5105     88.273     41.075  36.662820     6.2100     3.3140     0.2982    14.2974 1.7302e+02    16.2300     -0.030     -0.044    19.0886 0.0000e+00
     -0.084     -0.177     7.6438     91.470     41.530  37.266672     6.2100     3.3102     0.2982    14.2974 3.5219e+02    16.2601     -0.083     -0.120    19.1728 0.0000e+00
     -0.136     -0.168     7.7724     96.160     41.838  37.766482     6.2100     3.2987     0.2982    14.6358 3.9587e+02    16.1999     -0.133     -0.193    19.2763 0.0000e+00
     -0.181     -0.151     7.9078    102.668     41.932  38.073702     6.2100     3.3140     0.2982    14.6358 4.4467e+02    16.1398     -0.177     -0.257    19.4197 0.0000e+00
     -0.217     -0.128     8.0777    110.963     41.776  38.123691     6.2100     2.3717     0.2982    14.6358 4.6614e+02    20.8593     -0.213     -0.309    19.6120 0.0000e+00
     -0.245     -0.103     8.3277    120.569     41.366  37.886211     6.2100     2.3984     0.2982    14.6358 4.9571e+02    20.9344     -0.240     -0.349    19.8516 0.0000e+00
     -0.266     -0.080     8.7061    130.636     40.834  37.462348     6.4800     2.3832     0.4686    17.5968 4.9089e+02    20.8893     -0.261     -0.378    20.1216 0.0000e+00
     -0.281     -0.062     9.2460    140.066     40.407  37.063915     6.4800     2.3984     0.4686    17.5968 4.6716e+02    21.0096     -0.275     -0.399    20.3908 0.0000e+00
     -0.290     -0.050     9.9497    147.631     40.179  36.798577     6.4800     3.1995     0.4686    17.5968 4.3502e+02    20.1679     -0.285     -0.413    20.6241 0.0000e+00
