Data/DataNotYetUploadedToEDI/Raw_CTD/RawDownloads/062723_fcrXX_S8188009.cnv
* Sea-Bird SBE19plus  Data File:
* FileName = C:\R\Reservoirs\Data\DataNotYetUploadedToEDI\Raw_CTD\RawDownloads\062623_fcr50_S8188_0009.hex
* Software version 2.8.0.119
* Temperature SN = 8188
* Conductivity SN = 8188
* System UpLoad Time = Jul 03 2023 16:32:59
* <ApplicationData>
* <Seaterm232>
# nquan = 16
# nvalues = 668                         
# units = specified
# name 0 = depFM: Depth [fresh water, m]
# name 1 = dz/dtM: Descent Rate [m/s]
# name 2 = sbeox0Mg/L: Oxygen, SBE 43 [mg/l]
# name 3 = sbeox0PS: Oxygen, SBE 43 [% saturation]
# name 4 = specc: Specific Conductance [uS/cm]
# name 5 = c0uS/cm: Conductivity [uS/cm]
# name 6 = wetCDOM: Fluorescence, WET Labs CDOM [mg/m^3]
# name 7 = flECO-AFL: Fluorescence, WET Labs ECO-AFL/FL [mg/m^3]
# name 8 = flECO-AFL1: Fluorescence, WET Labs ECO-AFL/FL, 2 [mg/m^3]
# name 9 = flECO-AFL2: Fluorescence, WET Labs ECO-AFL/FL, 3 [mg/m^3]
# name 10 = par/sat/log: PAR/Logarithmic, Satlantic
# name 11 = turbWETntu0: Turbidity, WET Labs ECO [NTU]
# name 12 = prdM: Pressure, Strain Gauge [db]
# name 13 = prdE: Pressure, Strain Gauge [psi]
# name 14 = tv290C: Temperature [ITS-90, deg C]
# name 15 = flag:  0.000e+00
# span 0 =     -0.726,      6.014       
# span 1 =     -0.401,      0.107       
# span 2 =    -0.2638,    16.0800       
# span 3 =     -2.691,    183.519       
# span 4 =      1.492,     48.617       
# span 5 =   1.302388,  47.411422       
# span 6 =    -4.5000,     7.2000       
# span 7 =    -0.1346,     5.0268       
# span 8 =    -2.1300,     0.5964       
# span 9 =    -2.0304,    23.4342       
# span 10 = 1.1600e-01, 9.6741e+02      
# span 11 =    -0.4985,    33.9806      
# span 12 =     -0.712,      5.897      
# span 13 =     -1.032,      8.554      
# span 14 =    10.5740,    24.8522      
# span 15 = 0.0000e+00, 0.0000e+00      
# interval = seconds: 0.25
# start_time = Jun 27 2023 13:49:54 [Instrument's time stamp, header]
# bad_flag = -9.990e-29
*END*
[from data line 272]
      1.450      0.036     3.7960     39.394     40.034  34.552795     4.5900     0.6169     0.0426     0.7614 1.8354e+00     2.2670      1.422      2.063    18.3191 0.0000e+00
      1.460      0.041     3.7810     39.039     39.994  34.468508     4.5900     0.6208     0.0426     0.7614 1.8446e+00     2.3271      1.431      2.076    18.2821 0.0000e+00
      1.471      0.046     3.7631     38.625     39.955  34.377678     4.5900     0.6360     0.0426     0.7614 1.7478e+00     2.3722      1.442      2.091    18.2442 0.0000e+00
      1.483      0.051     3.7419     38.140     39.906  34.271926     4.5900     0.6322     0.0426     0.7614 1.6999e+00     2.3722      1.454      2.110    18.2016 0.0000e+00
      1.497      0.055     3.7171     37.573     39.850  34.156714     4.5900     0.4796     0.0426     0.8037 1.6695e+00     1.7560      1.468      2.130    18.1499 0.0000e+00
      1.513      0.058     3.6883     36.916     39.805  34.052806     4.5900     0.5101     0.0426     0.8037 1.6630e+00     1.8161      1.483      2.151    18.0874 0.0000e+00
      1.528      0.060     3.6545     36.175     39.769  33.958237     4.5900     0.4911     0.0426     0.8037 1.6290e+00     1.8462      1.499      2.173    18.0153 0.0000e+00
      1.544      0.062     3.6144     35.352     39.725  33.859667     4.5900     0.4796     0.0426     0.8037 1.6286e+00     1.6658      1.514      2.196    17.9356 0.0000e+00
      1.560      0.062     3.5667     34.458     39.681  33.762496     4.5900     0.4186     0.0426     0.8037 1.6051e+00     1.3652      1.530      2.219    17.8519 0.0000e+00
      1.576      0.062     3.5103     33.507     39.648  33.674475     4.4100     0.4453     0.0426     0.4230 1.6037e+00     1.3953      1.546      2.242    17.7691 0.0000e+00
      1.592      0.062     3.4453     32.517     39.632  33.603814     4.4100     0.4453     0.0426     0.4230 1.5584e+00     1.2299      1.562      2.265    17.6897 0.0000e+00
      1.608      0.061     3.3722     31.508     39.635  33.553453     4.4100     0.4491     0.0426     0.4230 1.5479e+00     1.3502      1.577      2.288    17.6131 0.0000e+00
      1.624      0.059     3.2920     30.502     39.647  33.517880     4.4100     0.3728     0.0426     0.4230 1.4937e+00     1.1097      1.593      2.310    17.5376 0.0000e+00
      1.639      0.057     3.2060     29.526     39.658  33.491569     4.2300     0.3728     0.0426     0.3384 1.4747e+00     1.0345      1.608      2.332    17.4630 0.0000e+00
      1.654      0.054     3.1160     28.614     39.666  33.471463     4.2300     0.3842     0.0426     0.3384 1.4734e+00     1.0496      1.622      2.353    17.3905 0.0000e+00
      1.667      0.051     3.0235     27.807     39.670  33.456159     4.2300     0.3766     0.0426     0.3384 1.4740e+00     1.0345      1.636      2.372    17.3238 0.0000e+00
      1.680      0.048     2.9305     27.141     39.666  33.437617     4.2300     0.4109     0.0426     0.3384 1.4352e+00     1.1247      1.648      2.390    17.2669 0.0000e+00
      1.691      0.045     2.8396     26.641     39.650  33.410890     4.0500     0.3804     0.0426     0.2115 1.4336e+00     1.0947      1.659      2.406    17.2215 0.0000e+00
      1.702      0.043     2.7540     26.323     39.624  33.372812     4.0500     0.3842     0.0426     0.2115 1.4129e+00     1.0496      1.670      2.421    17.1875 0.0000e+00
      1.712      0.043     2.6778     26.191     39.576  33.313230     4.0500     0.3881     0.0426     0.2115 1.4619e+00     1.1097      1.680      2.436    17.1630 0.0000e+00
      1.722      0.043     2.6147     26.223     39.513  33.234078     4.0500     0.3919     0.0426     0.2115 1.4766e+00     1.0195      1.690      2.450    17.1445 0.0000e+00
      1.733      0.046     2.5675     26.373     39.456  33.153852     4.0500     0.3804     0.0426     0.1692 1.4798e+00     1.0646      1.700      2.465    17.1273 0.0000e+00
      1.744      0.049     2.5380     26.583     39.409  33.076903     4.0500     0.3652     0.0426     0.1692 1.4718e+00     1.0195      1.711      2.481    17.1079 0.0000e+00
      1.757      0.053     2.5266     26.794     39.362  32.998550     4.0500     0.3766     0.0426     0.1692 1.4367e+00     1.0796      1.723      2.499    17.0832 0.0000e+00
      1.771      0.057     2.5314     26.957     39.321  32.925623     4.0500     0.3804     0.0426     0.1692 1.4246e+00     1.0496      1.737      2.520    17.0505 0.0000e+00
      1.787      0.062     2.5482     27.035     39.288  32.858476     4.0500     0.3652     0.0426     0.1692 1.4132e+00     0.9744      1.752      2.542    17.0090 0.0000e+00
      1.803      0.066     2.5710     27.009     39.256  32.791084     4.0500     0.4071     0.0000     0.2115 1.3711e+00     1.0947      1.768      2.565    16.9619 0.0000e+00
      1.821      0.070     2.5941     26.877     39.235  32.731216     4.0500     0.3461     0.0000     0.2115 1.3411e+00     1.1398      1.785      2.590    16.9126 0.0000e+00
      1.839      0.074     2.6125     26.651     39.231  32.682709     4.0500     0.3766     0.0000     0.2115 1.2964e+00     1.1999      1.804      2.616    16.8629 0.0000e+00
      1.859      0.077     2.6228     26.348     39.238  32.642529     4.0500     0.3652     0.0000     0.2115 1.2919e+00     1.1398      1.823      2.643    16.8129 0.0000e+00
      1.879      0.080     2.6230     25.981     39.257  32.611838     3.9600     0.3613     0.0426     0.2115 1.2724e+00     1.0496      1.843      2.672    16.7615 0.0000e+00
      1.900      0.081     2.6131     25.550     39.273  32.582452     3.9600     0.3842     0.0426     0.2115 1.2475e+00     1.0345      1.863      2.702    16.7073 0.0000e+00
      1.921      0.082     2.5942     25.046     39.282  32.550493     3.9600     0.3308     0.0426     0.2115 1.1800e+00     1.2450      1.884      2.733    16.6502 0.0000e+00
      1.943      0.083     2.5678     24.450     39.283  32.515358     3.9600     0.3308     0.0426     0.2115 1.1743e+00     1.3802      1.905      2.763    16.5914 0.0000e+00
      1.964      0.083     2.5351     23.752     39.277  32.475598     3.9600     0.3079     0.0426     0.2961 1.1571e+00     1.3201      1.926      2.793    16.5327 0.0000e+00
      1.985      0.083     2.4959     22.964     39.270  32.432490     3.9600     0.3346     0.0426     0.2961 1.1439e+00     1.2600      1.947      2.823    16.4776 0.0000e+00
      2.006      0.083     2.4491     22.118     39.257  32.382459     3.9600     0.3423     0.0426     0.2961 1.0876e+00     1.2750      1.967      2.853    16.4279 0.0000e+00
      2.027      0.083     2.3931     21.246     39.246  32.331963     3.9600     0.3079     0.0426     0.2961 1.0914e+00     1.4253      1.988      2.883    16.3822 0.0000e+00
      2.048      0.083     2.3269     20.376     39.251  32.293280     3.9600     0.3232     0.0000     0.1692 1.0455e+00     1.3502      2.009      2.913    16.3370 0.0000e+00
      2.069      0.082     2.2519     19.539     39.271  32.267972     3.9600     0.3079     0.0000     0.1692 1.0407e+00     1.2450      2.030      2.944    16.2899 0.0000e+00
      2.091      0.081     2.1712     18.760     39.298  32.251271     3.9600     0.3003     0.0000     0.1692 1.0248e+00     1.3652      2.050      2.974    16.2398 0.0000e+00
      2.111      0.079     2.0879     18.052     39.322  32.238719     3.9600     0.3041     0.0000     0.1692 9.8997e-01     1.2299      2.071      3.003    16.1870 0.0000e+00
      2.132      0.077     2.0047     17.415     39.333  32.224988     3.9600     0.3499     0.0000     0.1692 9.5947e-01     1.3802      2.091      3.032    16.1328 0.0000e+00
      2.151      0.074     1.9245     16.854     39.332  32.208397     3.8700     0.3232     0.0852     0.1692 9.2507e-01     1.2149      2.109      3.060    16.0795 0.0000e+00
      2.169      0.072     1.8498     16.375     39.332  32.198382     3.8700     0.3156     0.0852     0.1692 9.3640e-01     1.5155      2.127      3.086    16.0305 0.0000e+00
      2.187      0.070     1.7815     15.986     39.342  32.198213     3.8700     0.3232     0.0852     0.1692 9.1806e-01     1.5305      2.144      3.111    15.9898 0.0000e+00
      2.204      0.069     1.7199     15.697     39.350  32.195963     3.8700     0.2965     0.0852     0.1692 9.2648e-01     1.5155      2.161      3.135    15.9600 0.0000e+00
      2.221      0.068     1.6652     15.519     39.357  32.191034     3.8700     0.3041     0.0426     0.1692 9.1607e-01     1.4554      2.178      3.160    15.9406 0.0000e+00
      2.239      0.068     1.6184     15.453     39.368  32.190030     3.8700     0.3079     0.0426     0.1692 8.9288e-01     1.8161      2.195      3.184    15.9279 0.0000e+00
      2.256      0.068     1.5803     15.481     39.380  32.188723     3.8700     0.3003     0.0426     0.1692 8.4880e-01     1.8462      2.212      3.209    15.9172 0.0000e+00
      2.274      0.068     1.5522     15.573     39.387  32.182804     3.8700     0.3041     0.0426     0.1692 8.8323e-01     1.8462      2.229      3.234    15.9057 0.0000e+00
      2.291      0.068     1.5351     15.697     39.388  32.170695     3.8700     0.3079     0.0852     0.1692 7.9489e-01     1.7860      2.247      3.258    15.8929 0.0000e+00
      2.308      0.068     1.5290     15.826     39.392  32.157085     3.8700     0.3079     0.0852     0.1692 8.5844e-01     2.0716      2.264      3.283    15.8794 0.0000e+00
      2.326      0.068     1.5323     15.932     39.406  32.146268     3.8700     0.3079     0.0852     0.1692 8.6519e-01     2.1017      2.281      3.308    15.8655 0.0000e+00
      2.343      0.068     1.5419     15.989     39.428  32.135357     3.8700     0.3118     0.0852     0.1692 7.9385e-01     2.0866      2.298      3.333    15.8509 0.0000e+00
      2.360      0.068     1.5547     15.972     39.465  32.129364     3.8700     0.3461     0.0852     0.1692 7.9610e-01     2.0866      2.315      3.357    15.8346 0.0000e+00
      2.378      0.068     1.5681     15.855     39.528  32.134609     3.8700     0.2660     0.0852     0.2115 7.5302e-01     2.2971      2.332      3.382    15.8136 0.0000e+00
      2.395      0.068     1.5795     15.622     39.617  32.152490     3.8700     0.2431     0.0852     0.2115 7.7224e-01     2.2520      2.349      3.407    15.7853 0.0000e+00
      2.413      0.068     1.5864     15.257     39.732  32.187771     3.8700     0.2431     0.0852     0.2115 7.6772e-01     2.2971      2.367      3.432    15.7486 0.0000e+00
      2.430      0.067     1.5862     14.740     39.860  32.235998     3.8700     0.2622     0.0852     0.2115 7.2508e-01     2.3422      2.384      3.457    15.7025 0.0000e+00
      2.448      0.066     1.5765     14.048     39.972  32.274384     3.7800     0.2660     0.0426     0.2538 7.2476e-01     2.5826      2.400      3.482    15.6450 0.0000e+00
      2.464      0.064     1.5554     13.179     40.040  32.283460     3.7800     0.2584     0.0426     0.2538 7.1865e-01     2.4925      2.417      3.506    15.5766 0.0000e+00
      2.481      0.061     1.5213     12.158     40.064  32.269605     3.7800     0.2431     0.0426     0.2538 6.7784e-01     2.4474      2.433      3.529    15.5042 0.0000e+00
      2.496      0.059     1.4719     11.026     40.064  32.250904     3.7800     0.2431     0.0426     0.2538 6.7726e-01     2.5225      2.448      3.551    15.4341 0.0000e+00
      2.511      0.056     1.4047      9.852     40.058  32.238214     3.7800     0.3194     0.0852     0.2538 6.7125e-01     2.5225      2.462      3.571    15.3683 0.0000e+00
      2.525      0.053     1.3195      8.723     40.055  32.232109     3.7800     0.2927     0.0852     0.2538 6.8421e-01     2.4774      2.476      3.591    15.3113 0.0000e+00
      2.537      0.050     1.2183      7.732     40.062  32.228985     3.7800     0.3346     0.0852     0.2538 6.5198e-01     2.5225      2.489      3.609    15.2696 0.0000e+00
      2.550      0.048     1.1055      6.964     40.088  32.229987     3.7800     0.3079     0.0852     0.2538 6.5882e-01     2.5075      2.501      3.627    15.2456 0.0000e+00
      2.562      0.046     0.9881      6.464     40.127  32.227463     3.7800     0.3346     0.0852     0.2115 6.6097e-01     2.5526      2.512      3.644    15.2361 0.0000e+00
      2.573      0.045     0.8749      6.221     40.169  32.214797     3.7800     0.3308     0.0852     0.2115 6.4873e-01     2.4925      2.523      3.660    15.2319 0.0000e+00
      2.584      0.045     0.7758      6.169     40.226  32.202472     3.7800     0.3232     0.0852     0.2115 6.5397e-01     2.4474      2.534      3.675    15.2213 0.0000e+00
      2.594      0.045     0.6990      6.215     40.296  32.193139     3.7800     0.3041     0.0852     0.2115 6.6068e-01     2.5826      2.544      3.690    15.1961 0.0000e+00
      2.606      0.046     0.6495      6.259     40.371  32.184305     3.7800     0.4300     0.0852     0.2115 6.6994e-01     2.7931      2.555      3.706    15.1540 0.0000e+00
      2.618      0.047     0.6258      6.213     40.458  32.181534     3.7800     0.4376     0.0426     0.2115 6.4873e-01     2.7630      2.567      3.723    15.0960 0.0000e+00
      2.630      0.048     0.6216      6.020     40.560  32.188045     3.7800     0.4262     0.0426     0.2115 6.3617e-01     2.7931      2.580      3.741    15.0244 0.0000e+00
      2.643      0.048     0.6273      5.662     40.667  32.201611     3.7800     0.4376     0.0426     0.2115 6.0371e-01     2.8231      2.592      3.759    14.9440 0.0000e+00
      2.655      0.049     0.6328      5.154     40.764  32.211984     3.7800     0.5216     0.0426     0.2115 6.3108e-01     3.0786      2.604      3.776    14.8587 0.0000e+00
      2.667      0.049     0.6293      4.539     40.851  32.219949     3.7800     0.4911     0.1278     0.2115 6.2589e-01     3.1838      2.616      3.794    14.7691 0.0000e+00
      2.680      0.050     0.6109      3.871     40.941  32.235547     3.7800     0.5292     0.1278     0.2115 6.5227e-01     3.2289      2.628      3.811    14.6778 0.0000e+00
      2.692      0.051     0.5755      3.198     41.031  32.255016     3.7800     0.5063     0.1278     0.2115 6.6111e-01     3.1838      2.641      3.830    14.5899 0.0000e+00
      2.705      0.051     0.5247      2.558     41.115  32.271665     3.7800     0.3575     0.1278     0.2115 6.2875e-01     3.3642      2.653      3.848    14.5083 0.0000e+00
      2.719      0.052     0.4627      1.981     41.193  32.283992     3.8700     0.3881     0.0852     0.2961 6.1590e-01     3.5446      2.666      3.867    14.4336 0.0000e+00
      2.732      0.052     0.3950      1.486     41.265  32.293300     3.8700     0.3804     0.0852     0.2961 6.3520e-01     3.4394      2.679      3.886    14.3659 0.0000e+00
      2.746      0.052     0.3267      1.080     41.328  32.298111     3.8700     0.3652     0.0852     0.2961 5.9499e-01     3.3041      2.693      3.905    14.3035 0.0000e+00
      2.759      0.052     0.2616      0.761     41.380  32.299706     3.8700     0.3652     0.0852     0.2961 5.8971e-01     3.5596      2.706      3.925    14.2430 0.0000e+00
      2.773      0.051     0.2028      0.526     41.428  32.302468     3.8700     0.3575     0.1278     0.4230 5.8524e-01     3.7550      2.719      3.944    14.1833 0.0000e+00
      2.786      0.051     0.1523      0.363     41.469  32.303174     3.8700     0.3804     0.1278     0.4230 6.1630e-01     3.5897      2.732      3.962    14.1261 0.0000e+00
      2.798      0.050     0.1107      0.256     41.505  32.302010     3.8700     0.3652     0.1278     0.4230 6.1939e-01     3.6949      2.745      3.981    14.0730 0.0000e+00
      2.811      0.049     0.0781      0.199     41.549  32.306586     3.8700     0.3156     0.1278     0.4230 6.0266e-01     3.8903      2.757      3.998    14.0252 0.0000e+00
