Data/DataNotYetUploadedToEDI/Raw_CTD/RawDownloads/062723_fcr47.2_S8188016.cnv
* Sea-Bird SBE19plus  Data File:
* FileName = C:\R\Reservoirs\Data\DataNotYetUploadedToEDI\Raw_CTD\RawDownloads\062623_fcr50_S8188_0016.hex
* Software version 2.8.0.119
* Temperature SN = 8188
* Conductivity SN = 8188
* System UpLoad Time = Jul 03 2023 16:34:33
* <ApplicationData>
* <Seaterm232>
# nquan = 16
# nvalues = 794                         
# units = specified
# name 0 = depFM: Depth [fresh water, m]
# name 1 = dz/dtM: Descent Rate [m/s]
# name 2 = sbeox0Mg/L: Oxygen, SBE 43 [mg/l]
# name 3 = sbeox0PS: Oxygen, SBE 43 [% saturation]
# name 4 = specc: Specific Conductance [uS/cm]
# name 5 = c0uS/cm: Conductivity [uS/cm]
# name 6 = wetCDOM: Fluorescence, WET Labs CDOM [mg/m^3]
# name 7 = flECO-AFL: Fluorescence, WET Labs ECO-AFL/FL [mg/m^3]
# name 8 = flECO-AFL1: Fluorescence, WET Labs ECO-AFL/FL, 2 [mg/m^3]
# name 9 = flECO-AFL2: Fluorescence, WET Labs ECO-AFL/FL, 3 [mg/m^3]
# name 10 = par/sat/log: PAR/Logarithmic, Satlantic
# name 11 = turbWETntu0: Turbidity, WET Labs ECO [NTU]
# name 12 = prdM: Pressure, Strain Gauge [db]
# name 13 = prdE: Pressure, Strain Gauge [psi]
# name 14 = tv290C: Temperature [ITS-90, deg C]
# name 15 = flag:  0.000e+00
# span 0 =     -0.718,      8.203       
# span 1 =     -0.192,      0.163       
# span 2 =    -0.0964,    15.5648       
# span 3 =     -0.932,    180.155       
# span 4 =      0.533,     48.303       
# span 5 =   0.454783,  47.680533       
# span 6 =    -4.5000,     8.0100       
# span 7 =    -0.1460,     3.8862       
# span 8 =    -2.1300,     3.6636       
# span 9 =    -2.0304,    19.7541       
# span 10 = 1.1595e-01, 4.5504e+02      
# span 11 =    -0.5436,   698.7786      
# span 12 =     -0.704,      8.044      
# span 13 =     -1.021,     11.668      
# span 14 =    10.5306,    24.6967      
# span 15 = 0.0000e+00, 0.0000e+00      
# interval = seconds: 0.25
# start_time = Jun 27 2023 15:30:14 [Instrument's time stamp, header]
# bad_flag = -9.990e-29
*END*
[from data line 272]
      2.020      0.096     2.6420     25.688     38.940  32.312430     4.1400     0.3652     0.0426     0.1269 4.2181e-01     1.3051      1.981      2.874    16.9501 0.0000e+00
      2.045      0.094     2.6205     25.101     38.981  32.292180     4.1400     0.3919     0.0426     0.1269 4.1229e-01     1.3051      2.006      2.909    16.8111 0.0000e+00
      2.069      0.091     2.5928     24.474     39.029  32.285020     4.1400     0.3728     0.0426     0.1269 3.8686e-01     1.2299      2.029      2.943    16.6814 0.0000e+00
      2.091      0.088     2.5554     23.835     39.079  32.283098     4.1400     0.3804     0.0426     0.1269 4.0011e-01     1.2600      2.051      2.975    16.5725 0.0000e+00
      2.113      0.085     2.5088     23.207     39.127  32.277981     3.9600     0.3728     0.0426     0.1692 3.7789e-01     1.6508      2.072      3.005    16.4862 0.0000e+00
      2.133      0.084     2.4550     22.583     39.168  32.260381     3.9600     0.3690     0.0426     0.1692 3.9656e-01     1.6658      2.092      3.035    16.4167 0.0000e+00
      2.154      0.082     2.3966     21.926     39.219  32.239466     3.9600     0.3919     0.0426     0.1692 3.9700e-01     1.6508      2.113      3.064    16.3569 0.0000e+00
      2.175      0.082     2.3367     21.174     39.287  32.223517     3.9600     0.3690     0.0426     0.1692 3.9407e-01     1.5305      2.133      3.094    16.3013 0.0000e+00
      2.196      0.081     2.2777     20.259     39.355  32.208278     3.9600     0.3575     0.0426     0.1692 3.8753e-01     1.7860      2.153      3.124    16.2443 0.0000e+00
      2.217      0.081     2.2194     19.119     39.425  32.199583     3.9600     0.3919     0.0426     0.2115 3.7551e-01     1.7860      2.174      3.153    16.1788 0.0000e+00
      2.238      0.080     2.1583     17.720     39.510  32.205011     3.9600     0.3804     0.0426     0.2115 3.9648e-01     1.8462      2.194      3.183    16.0992 0.0000e+00
      2.258      0.079     2.0881     16.086     39.616  32.216110     3.9600     0.3652     0.0426     0.2115 3.9968e-01     1.8311      2.214      3.211    16.0083 0.0000e+00
      2.278      0.079     2.0014     14.300     39.735  32.225935     3.9600     0.3537     0.0426     0.2115 3.7904e-01     2.2971      2.234      3.240    15.9174 0.0000e+00
      2.297      0.078     1.8917     12.459     39.859  32.239082     3.8700     0.4071     0.0426     0.1692 3.8518e-01     2.3121      2.253      3.268    15.8347 0.0000e+00
      2.317      0.077     1.7558     10.622     39.971  32.255091     3.8700     0.3804     0.0426     0.1692 3.9450e-01     2.2670      2.273      3.296    15.7534 0.0000e+00
      2.337      0.076     1.5966      8.814     40.058  32.266347     3.8700     0.3766     0.0426     0.1692 3.7049e-01     2.2670      2.292      3.325    15.6592 0.0000e+00
      2.357      0.075     1.4222      7.063     40.123  32.271890     3.8700     0.3690     0.0426     0.1692 3.3423e-01     2.4474      2.312      3.353    15.5499 0.0000e+00
      2.376      0.073     1.2418      5.421     40.182  32.279137     3.7800     0.3499     0.0852     0.2115 3.7033e-01     2.4925      2.330      3.380    15.4401 0.0000e+00
      2.395      0.071     1.0607      3.953     40.243  32.292001     3.7800     0.3766     0.0852     0.2115 3.6474e-01     2.4774      2.348      3.406    15.3459 0.0000e+00
      2.412      0.069     0.8815      2.709     40.318  32.317870     3.7800     0.3957     0.0852     0.2115 3.5736e-01     2.4774      2.366      3.432    15.2725 0.0000e+00
      2.429      0.068     0.7072      1.718     40.431  32.369585     3.7800     0.6894     0.0852     0.2115 3.5427e-01     2.8832      2.382      3.456    15.2141 0.0000e+00
      2.446      0.067     0.5432      0.995     40.588  32.451033     3.7800     0.6856     0.0852     0.2115 3.4839e-01     2.8682      2.399      3.480    15.1635 0.0000e+00
      2.463      0.067     0.3964      0.549     40.778  32.554228     3.7800     0.6856     0.0852     0.2115 3.5798e-01     2.9734      2.415      3.504    15.1186 0.0000e+00
      2.480      0.067     0.2718      0.353     40.977  32.659162     3.7800     0.6894     0.0852     0.2115 3.4254e-01     2.9885      2.432      3.528    15.0759 0.0000e+00
      2.497      0.069     0.1723      0.335     41.168  32.754210     3.7800     0.6780     0.0852     0.2115 3.4239e-01     3.4093      2.449      3.552    15.0290 0.0000e+00
      2.514      0.071     0.0998      0.393     41.357  32.842932     3.7800     0.6856     0.0852     0.2115 3.4545e-01     3.3943      2.466      3.576    14.9749 0.0000e+00
      2.532      0.075     0.0550      0.441     41.555  32.929184     3.8700     0.6780     0.1278     0.8037 3.6680e-01     3.4995      2.483      3.602    14.9149 0.0000e+00
      2.551      0.080     0.0355      0.428     41.798  33.039924     3.8700     0.6780     0.1278     0.8037 3.6017e-01     3.3792      2.501      3.628    14.8502 0.0000e+00
      2.571      0.085     0.0338      0.334     42.147  33.226463     3.8700     0.4949     0.1278     0.8037 3.6960e-01     3.6348      2.521      3.657    14.7812 0.0000e+00
      2.594      0.091     0.0398      0.166     42.599  33.494974     3.8700     0.5063     0.1278     0.8037 3.4938e-01     3.5897      2.544      3.689    14.7066 0.0000e+00
      2.618      0.095     0.0448     -0.057     43.107  33.812100     3.8700     0.5292     0.1278     0.3807 3.4321e-01     3.6047      2.568      3.725    14.6220 0.0000e+00
      2.645      0.099     0.0434     -0.305     43.593  34.115855     3.8700     0.4834     0.1278     0.3807 3.0468e-01     3.7851      2.594      3.762    14.5248 0.0000e+00
      2.671      0.100     0.0339     -0.543     43.949  34.322865     3.8700     0.3613     0.1278     0.3807 3.3517e-01     3.4544      2.620      3.799    14.4203 0.0000e+00
      2.698      0.100     0.0167     -0.740     44.136  34.401191     3.8700     0.3499     0.1278     0.3807 3.1361e-01     3.4394      2.645      3.837    14.3176 0.0000e+00
      2.723      0.099    -0.0062     -0.873     44.123  34.326167     3.9600     0.3842     0.0852     0.4230 3.0574e-01     3.3943      2.670      3.874    14.2215 0.0000e+00
      2.748      0.097    -0.0316     -0.932     43.908  34.093627     3.9600     0.3919     0.0852     0.4230 3.1320e-01     3.4694      2.695      3.909    14.1320 0.0000e+00
      2.773      0.095    -0.0562     -0.911     43.585  33.774249     3.9600     0.3156     0.0852     0.4230 2.9832e-01     3.9053      2.719      3.944    14.0484 0.0000e+00
      2.796      0.093    -0.0765     -0.812     43.308  33.484865     3.9600     0.3079     0.0852     0.4230 3.4575e-01     3.8752      2.742      3.977    13.9703 0.0000e+00
      2.819      0.091    -0.0903     -0.647     43.212  33.330497     3.9600     0.3118     0.0852     0.4230 2.9684e-01     3.7550      2.765      4.010    13.8949 0.0000e+00
      2.842      0.089    -0.0964     -0.436     43.305  33.319484     3.9600     0.3156     0.1278     0.3384 2.9845e-01     3.8602      2.787      4.042    13.8191 0.0000e+00
      2.865      0.087    -0.0943     -0.196     43.506  33.393437     3.9600     0.3690     0.1278     0.3384 2.9503e-01     4.1458      2.809      4.074    13.7401 0.0000e+00
      2.887      0.085    -0.0841      0.056     43.727  33.488902     3.9600     0.3842     0.1278     0.3384 2.7083e-01     4.0857      2.831      4.106    13.6546 0.0000e+00
      2.909      0.082    -0.0671      0.304     43.899  33.560038     3.9600     0.3613     0.1278     0.3384 2.7094e-01     4.1758      2.853      4.138    13.5627 0.0000e+00
      2.930      0.079    -0.0451      0.535     44.033  33.615913     3.9600     0.3766     0.0852     0.2538 2.6645e-01     4.1157      2.873      4.167    13.4687 0.0000e+00
      2.950      0.076    -0.0202      0.744     44.182  33.697169     3.9600     0.2927     0.0852     0.2538 2.5368e-01     4.1458      2.893      4.195    13.3767 0.0000e+00
      2.968      0.074     0.0061      0.934     44.371  33.815573     3.9600     0.3308     0.0852     0.2538 2.7552e-01     4.0857      2.911      4.221    13.2925 0.0000e+00
      2.985      0.074     0.0321      1.105     44.617  33.974973     3.9600     0.3156     0.0852     0.2538 2.7390e-01     4.1007      2.927      4.246    13.2229 0.0000e+00
      3.002      0.077     0.0563      1.253     44.911  34.158465     4.1400     0.3194     0.1278     0.2115 2.7094e-01     4.1608      2.944      4.270    13.1703 0.0000e+00
      3.021      0.082     0.0783      1.384     45.165  34.290213     4.1400     0.3041     0.1278     0.2115 2.2108e-01     4.3111      2.963      4.297    13.1327 0.0000e+00
      3.042      0.088     0.0983      1.501     45.332  34.339992     4.1400     0.3079     0.1278     0.2115 2.3150e-01     4.4013      2.983      4.326    13.1036 0.0000e+00
      3.066      0.095     0.1163      1.602     45.459  34.354741     4.1400     0.3079     0.1278     0.2115 2.4474e-01     4.3412      3.006      4.360    13.0728 0.0000e+00
      3.092      0.101     0.1321      1.686     45.550  34.348291     4.1400     0.3003     0.1278     0.2538 2.5925e-01     4.3412      3.032      4.397    13.0276 0.0000e+00
      3.119      0.107     0.1461      1.752     45.576  34.299116     4.1400     0.2545     0.1278     0.2538 2.1478e-01     5.6789      3.059      4.437    12.9599 0.0000e+00
      3.148      0.112     0.1587      1.804     45.536  34.202022     4.1400     0.2545     0.1278     0.2538 2.0458e-01     5.7540      3.087      4.477    12.8741 0.0000e+00
      3.176      0.116     0.1697      1.846     45.443  34.068743     4.1400     0.2507     0.1278     0.2538 1.9355e-01     5.7239      3.115      4.518    12.7845 0.0000e+00
      3.206      0.119     0.1789      1.882     45.346  33.937011     4.1400     0.2851     0.1278     0.2538 1.8228e-01     5.6939      3.144      4.560    12.7018 0.0000e+00
      3.237      0.120     0.1863      1.917     45.296  33.844972     4.2300     0.1859     0.1278     0.1269 1.9317e-01     6.2049      3.175      4.605    12.6255 0.0000e+00
      3.269      0.121     0.1921      1.958     45.293  33.793826     4.2300     0.1897     0.1278     0.1269 1.9380e-01     6.2801      3.206      4.650    12.5522 0.0000e+00
      3.301      0.121     0.1968      2.013     45.319  33.769930     4.2300     0.2164     0.1278     0.1269 2.0925e-01     6.2801      3.237      4.695    12.4822 0.0000e+00
      3.332      0.121     0.2010      2.096     45.363  33.764933     4.2300     0.1592     0.1278     0.1269 1.8415e-01     6.1748      3.267      4.739    12.4167 0.0000e+00
      3.362      0.120     0.2050      2.214     45.420  33.773539     4.1400     0.1897     0.1704     0.1692 1.7156e-01     6.4304      3.297      4.782    12.3569 0.0000e+00
      3.392      0.119     0.2096      2.365     45.499  33.798042     4.1400     0.1782     0.1704     0.1692 1.8244e-01     6.5055      3.327      4.825    12.3032 0.0000e+00
      3.422      0.119     0.2158      2.550     45.617  33.846957     4.1400     0.2088     0.1704     0.1692 1.6696e-01     6.4905      3.356      4.867    12.2554 0.0000e+00
      3.452      0.120     0.2250      2.767     45.777  33.915504     4.1400     0.1706     0.1704     0.1692 1.6084e-01     6.4754      3.385      4.910    12.2140 0.0000e+00
      3.482      0.121     0.2378      3.027     45.950  33.980371     4.1400     0.1744     0.1704     0.0846 1.6624e-01     6.9714      3.415      4.952    12.1770 0.0000e+00
      3.513      0.123     0.2543      3.346     46.103  34.023207     4.1400     0.2011     0.1704     0.0846 1.6091e-01     7.0165      3.445      4.997    12.1397 0.0000e+00
      3.545      0.124     0.2744      3.764     46.219  34.039587     4.1400     0.2011     0.1704     0.0846 1.7067e-01     6.9714      3.477      5.042    12.0972 0.0000e+00
      3.578      0.124     0.2983      4.337     46.297  34.033876     4.1400     0.1935     0.1704     0.0846 1.6105e-01     7.0015      3.509      5.089    12.0430 0.0000e+00
      3.610      0.123     0.3268      5.136     46.354  34.020394     4.1400     0.1515     0.1704     0.0846 1.7268e-01     8.1137      3.541      5.135    11.9742 0.0000e+00
      3.642      0.120     0.3620      6.234     46.394  34.003465     4.1400     0.1363     0.1704     0.0846 1.6703e-01     8.2189      3.572      5.180    11.8976 0.0000e+00
      3.672      0.116     0.4079      7.686     46.394  33.966689     4.1400     0.1210     0.1704     0.0846 1.5494e-01     8.1438      3.601      5.224    11.8227 0.0000e+00
      3.701      0.113     0.4708      9.520     46.353  33.904221     4.1400     0.1134     0.1704     0.0846 1.4440e-01     8.1889      3.630      5.265    11.7540 0.0000e+00
      3.729      0.110     0.5583     11.712     46.287  33.823167     4.1400     0.1210     0.1704     0.0846 1.3438e-01     8.5346      3.657      5.304    11.6938 0.0000e+00
      3.756      0.108     0.6784     14.193     46.208  33.729637     4.1400     0.1134     0.2130     0.1269 1.1673e-01     8.6698      3.684      5.342    11.6443 0.0000e+00
      3.782      0.107     0.8372     16.876     46.130  33.628396     4.1400     0.1058     0.2130     0.1269 1.6091e-01     8.5646      3.709      5.379    11.6041 0.0000e+00
      3.808      0.107     1.0376     19.693     46.056  33.524130     4.1400     0.1515     0.2130     0.1269 1.1813e-01     8.6097      3.735      5.417    11.5687 0.0000e+00
      3.836      0.107     1.2775     22.633     45.992  33.426660     4.1400     0.1630     0.2130     0.1269 1.3535e-01     6.9865      3.762      5.456    11.5338 0.0000e+00
      3.864      0.107     1.5495     25.764     45.924  33.329796     4.0500     0.1439     0.2130     0.1692 1.1623e-01     6.9414      3.789      5.496    11.4942 0.0000e+00
      3.892      0.107     1.8443     29.214     45.820  33.211667     4.0500     0.1363     0.2130     0.1692 1.1602e-01     6.9414      3.817      5.536    11.4463 0.0000e+00
      3.920      0.106     2.1548     33.114     45.689  33.074436     4.0500     0.1592     0.2130     0.1692 1.1617e-01     7.0015      3.844      5.575    11.3918 0.0000e+00
      3.947      0.104     2.4794     37.538     45.581  32.950820     4.0500     0.1592     0.2130     0.1692 1.3189e-01     5.3782      3.870      5.613    11.3360 0.0000e+00
      3.973      0.102     2.8254     42.462     45.528  32.865282     3.9600     0.1554     0.1278     0.1269 1.3204e-01     5.2881      3.896      5.650    11.2841 0.0000e+00
      3.998      0.099     3.2070     47.781     45.519  32.816793     3.9600     0.1286     0.1278     0.1269 1.1602e-01     5.3031      3.921      5.687    11.2376 0.0000e+00
      4.024      0.096     3.6388     53.357     45.535  32.796381     3.9600     0.1210     0.1278     0.1269 1.1623e-01     5.2430      3.946      5.723    11.1920 0.0000e+00
      4.048      0.093     4.1294     59.035     45.544  32.780779     3.9600     0.1172     0.1278     0.1269 1.1602e-01     5.3031      3.970      5.757    11.1424 0.0000e+00
      4.071      0.092     4.6762     64.623     45.519  32.746023     3.7800     0.1019     0.1278     0.0846 1.2234e-01     5.1829      3.992      5.790    11.0905 0.0000e+00
      4.093      0.092     5.2668     69.880     45.483  32.698689     3.7800     0.1210     0.1278     0.0846 1.1605e-01     5.1829      4.014      5.821    11.0442 0.0000e+00
      4.115      0.093     5.8851     74.553     45.463  32.653878     3.7800     0.1248     0.1278     0.0846 1.1633e-01     5.2730      4.035      5.853    11.0094 0.0000e+00
      4.138      0.096     6.5142     78.450     45.459  32.613502     3.7800     0.1630     0.1278     0.0846 1.1612e-01     5.0476      4.058      5.886    10.9860 0.0000e+00
