Data/DataNotYetUploadedToEDI/Raw_CTD/RawDownloads/062723_fcr50.4_S8188018.cnv
* Sea-Bird SBE19plus  Data File:
* FileName = C:\R\Reservoirs\Data\DataNotYetUploadedToEDI\Raw_CTD\RawDownloads\062623_fcr50_S8188_0018.hex
* Software version 2.8.0.119
* Temperature SN = 8188
* Conductivity SN = 8188
* System UpLoad Time = Jul 03 2023 16:34:58
* <ApplicationData>
* <Seaterm232>
# nquan = 16
# nvalues = 722                         
# units = specified
# name 0 = depFM: Depth [fresh water, m]
# name 1 = dz/dtM: Descent Rate [m/s]
# name 2 = sbeox0Mg/L: Oxygen, SBE 43 [mg/l]
# name 3 = sbeox0PS: Oxygen, SBE 43 [% saturation]
# name 4 = specc: Specific Conductance [uS/cm]
# name 5 = c0uS/cm: Conductivity [uS/cm]
# name 6 = wetCDOM: Fluorescence, WET Labs CDOM [mg/m^3]
# name 7 = flECO-AFL: Fluorescence, WET Labs ECO-AFL/FL [mg/m^3]
# name 8 = flECO-AFL1: Fluorescence, WET Labs ECO-AFL/FL, 2 [mg/m^3]
# name 9 = flECO-AFL2: Fluorescence, WET Labs ECO-AFL/FL, 3 [mg/m^3]
# name 10 = par/sat/log: PAR/Logarithmic, Satlantic
# name 11 = turbWETntu0: Turbidity, WET Labs ECO [NTU]
# name 12 = prdM: Pressure, Strain Gauge [db]
# name 13 = prdE: Pressure, Strain Gauge [psi]
# name 14 = tv290C: Temperature [ITS-90, deg C]
# name 15 = flag:  0.000e+00
# span 0 =     -0.722,      8.773       
# span 1 =     -0.236,      0.181       
# span 2 =    -0.3211,    17.1955       
# span 3 =     -3.123,    197.588       
# span 4 =      6.557,    257.438       
# span 5 =   5.881210, 182.955011       
# span 6 =    -4.5000,     7.5600       
# span 7 =    -0.1422,     3.5734       
# span 8 =    -2.1300,     0.7242       
# span 9 =    -2.0304,    21.9114       
# span 10 = 1.1587e-01, 5.1213e+02      
# span 11 =    -0.5136,   334.5533      
# span 12 =     -0.708,      8.603      
# span 13 =     -1.027,     12.478      
# span 14 =    10.5139,    24.9534      
# span 15 = 0.0000e+00, 0.0000e+00      
# interval = seconds: 0.25
# start_time = Jun 27 2023 15:50:22 [Instrument's time stamp, header]
# bad_flag = -9.990e-29
*END*
[from data line 181]
      0.043      0.068    13.5218    161.455     47.943  47.154268     6.6600     2.8905     0.4686    18.0198 1.2612e+02    22.5126      0.042      0.061    24.3916 0.0000e+00
      0.060      0.078    13.5138    160.968     47.497  46.527723     6.6600     2.8867     0.4686    18.0198 1.1676e+02    22.6328      0.059      0.086    24.3749 0.0000e+00
      0.081      0.090    13.5221    160.223     47.060  45.828106     6.6600     2.8829     0.4686    18.1467 1.0799e+02    22.6028      0.079      0.115    24.3447 0.0000e+00
      0.105      0.101    13.5360    159.401     46.829  45.277030     6.6600     3.4551     0.4686    18.1467 1.0616e+02    27.1569      0.103      0.150    24.2814 0.0000e+00
      0.134      0.111    13.5483    158.903     46.778  44.897929     6.6600     3.4284     0.4686    18.1467 8.1842e+01    27.1118      0.131      0.190    24.1619 0.0000e+00
      0.166      0.119    13.5582    159.143     46.761  44.587709     6.6600     3.4322     0.4686    18.1467 5.9671e+01    27.2321      0.162      0.236    23.9625 0.0000e+00
      0.200      0.123    13.5686    160.292     46.709  44.297313     7.2900     3.4284     0.4686    20.3886 4.8583e+01    27.0968      0.196      0.284    23.6754 0.0000e+00
      0.233      0.124    13.5877    162.239     46.567  43.975051     7.2900     3.5581     0.4686    20.3886 4.0991e+01    27.4275      0.229      0.332    23.3298 0.0000e+00
      0.266      0.122    13.6363    164.669     46.265  43.542906     7.2900     3.5581     0.4686    20.3886 3.6843e+01    27.5477      0.261      0.378    22.9791 0.0000e+00
      0.296      0.119    13.7396    167.146     45.751  42.935169     7.2900     3.5734     0.4686    20.3886 3.4189e+01    27.3974      0.291      0.421    22.6653 0.0000e+00
      0.325      0.117    13.9079    169.165     45.014  42.120541     7.5600     3.5657     0.4686    21.9114 3.2735e+01    27.3824      0.319      0.463    22.4066 0.0000e+00
      0.353      0.116    14.1319    170.194     44.132  41.161135     7.5600     3.0965     0.4686    21.9114 3.1166e+01    24.3012      0.346      0.502    22.2029 0.0000e+00
      0.381      0.117    14.3875    169.746     43.190  40.133939     7.5600     3.1385     0.4686    21.9114 2.8195e+01    24.3162      0.374      0.543    22.0413 0.0000e+00
      0.410      0.119    14.6423    167.466     42.170  39.026524     7.5600     3.1118     0.4686    21.9114 2.6745e+01    24.3463      0.403      0.584    21.9010 0.0000e+00
      0.441      0.122    14.8577    163.164     41.137  37.894192     7.5600     3.1270     0.4686    21.9114 2.3748e+01    24.3763      0.432      0.627    21.7598 0.0000e+00
      0.473      0.126    14.9907    156.753     40.240  36.876693     7.2900     2.6578     0.4260    20.3040 2.1405e+01    15.0877      0.464      0.673    21.6033 0.0000e+00
      0.506      0.129    14.9983    148.218     39.559  36.053263     7.2900     2.6311     0.4260    20.3040 1.8961e+01    14.9675      0.496      0.719    21.4284 0.0000e+00
      0.539      0.131    14.8478    137.630     39.102  35.441977     7.2900     2.6273     0.4260    20.3040 1.6169e+01    15.0877      0.529      0.767    21.2356 0.0000e+00
      0.573      0.133    14.5216    125.202     38.833  35.022409     7.2900     2.6235     0.4260    20.3040 1.4807e+01    14.9825      0.562      0.816    21.0213 0.0000e+00
      0.607      0.135    14.0098    111.356     38.703  34.751983     6.4800     2.4595     0.3408    15.0165 1.3219e+01     8.3843      0.596      0.864    20.7853 0.0000e+00
      0.642      0.137    13.3060     96.708     38.681  34.602148     6.4800     2.4671     0.3408    15.0165 1.1646e+01     8.2941      0.630      0.913    20.5381 0.0000e+00
      0.677      0.139    12.4097     82.006     38.750  34.552747     6.4800     2.4671     0.3408    15.0165 1.0307e+01     8.3392      0.664      0.963    20.2961 0.0000e+00
      0.712      0.142    11.3347     68.017     38.884  34.574761     6.4800     2.4595     0.3408    15.0165 9.1560e+00     8.4143      0.698      1.013    20.0751 0.0000e+00
      0.749      0.145    10.1169     55.413     39.054  34.638409     5.4900     2.9783     0.2130     7.6140 8.0351e+00     7.2420      0.734      1.065    19.8829 0.0000e+00
      0.786      0.148     8.8128     44.682     39.230  34.715112     5.4900     2.9516     0.2130     7.6140 6.9043e+00     7.1217      0.771      1.118    19.7187 0.0000e+00
      0.825      0.150     7.4926     36.052     39.400  34.791653     5.4900     2.9516     0.2130     7.6140 5.8152e+00     7.1518      0.809      1.174    19.5781 0.0000e+00
      0.864      0.151     6.2287     29.492     39.574  34.876558     5.4900     2.9592     0.2130     7.6140 4.7511e+00     7.2720      0.848      1.230    19.4551 0.0000e+00
      0.904      0.151     5.0852     24.774     39.747  34.962760     4.9500     2.1428     0.1704     4.4838 3.8902e+00     5.3332      0.887      1.286    19.3441 0.0000e+00
      0.943      0.150     4.1088     21.579     39.900  35.031652     4.9500     2.1505     0.1704     4.4838 3.5041e+00     5.2730      0.925      1.341    19.2426 0.0000e+00
      0.981      0.149     3.3219     19.551     40.018  35.071898     4.9500     2.1390     0.1704     4.4838 3.2034e+00     5.2881      0.962      1.395    19.1496 0.0000e+00
      1.018      0.147     2.7229     18.335     40.093  35.076402     4.9500     2.1505     0.1704     4.4838 2.9966e+00     5.2730      0.998      1.448    19.0629 0.0000e+00
      1.055      0.146     2.2921     17.648     40.125  35.044382     4.9500     1.6393     0.1704     4.4838 2.7406e+00     3.5596      1.035      1.500    18.9790 0.0000e+00
      1.092      0.145     2.0009     17.321     40.126  34.985123     4.7700     1.6355     0.1278     2.3265 2.5114e+00     3.6648      1.071      1.553    18.8965 0.0000e+00
      1.129      0.145     1.8168     17.288     40.114  34.914507     4.7700     1.6431     0.1278     2.3265 2.2913e+00     3.6648      1.107      1.605    18.8167 0.0000e+00
      1.166      0.144     1.7074     17.543     40.096  34.841426     4.7700     1.6584     0.1278     2.3265 2.1453e+00     3.6798      1.143      1.658    18.7400 0.0000e+00
      1.203      0.144     1.6467     18.087     40.081  34.774118     4.7700     1.4714     0.1278     2.3265 1.9986e+00     2.8983      1.179      1.711    18.6647 0.0000e+00
      1.239      0.143     1.6192     18.914     40.071  34.716415     4.6800     1.4791     0.1278     1.3536 1.9169e+00     3.0185      1.216      1.763    18.5895 0.0000e+00
      1.276      0.142     1.6191     20.014     40.063  34.664812     4.6800     1.4791     0.1278     1.3536 1.7839e+00     2.9283      1.251      1.815    18.5149 0.0000e+00
      1.312      0.141     1.6457     21.364     40.052  34.615448     4.6800     1.4600     0.1278     1.3536 1.6951e+00     2.9133      1.287      1.866    18.4429 0.0000e+00
      1.348      0.140     1.6994     22.915     40.036  34.563079     4.6800     1.3494     0.1278     1.3536 1.6279e+00     2.4925      1.322      1.917    18.3755 0.0000e+00
      1.383      0.139     1.7795     24.586     40.023  34.513544     4.6800     1.3379     0.0852     1.0152 1.5202e+00     2.5526      1.357      1.968    18.3138 0.0000e+00
      1.419      0.138     1.8853     26.282     40.026  34.473438     4.6800     1.3494     0.0852     1.0152 1.4692e+00     2.5977      1.391      2.018    18.2583 0.0000e+00
      1.454      0.137     2.0147     27.908     40.029  34.428101     4.6800     1.3379     0.0852     1.0152 1.3988e+00     2.4925      1.426      2.068    18.2083 0.0000e+00
      1.488      0.136     2.1630     29.381     40.016  34.365444     4.6800     0.8763     0.0852     1.0152 1.2880e+00     2.1017      1.460      2.117    18.1609 0.0000e+00
      1.523      0.136     2.3231     30.623     39.991  34.288559     4.5900     0.8687     0.0852     0.8037 1.2660e+00     2.0716      1.494      2.166    18.1122 0.0000e+00
      1.557      0.135     2.4860     31.567     39.958  34.202687     4.5900     0.8496     0.0852     0.8037 1.2249e+00     2.0265      1.527      2.215    18.0589 0.0000e+00
      1.592      0.135     2.6430     32.167     39.925  34.116614     4.5900     0.8496     0.0852     0.8037 1.1869e+00     1.9965      1.561      2.264    17.9996 0.0000e+00
      1.626      0.134     2.7860     32.411     39.899  34.037089     4.5900     0.7009     0.0852     0.8037 1.1524e+00     1.7560      1.595      2.313    17.9347 0.0000e+00
      1.661      0.134     2.9078     32.325     39.876  33.962707     4.5900     0.6856     0.0852     0.8037 1.1017e+00     1.7860      1.629      2.362    17.8656 0.0000e+00
      1.695      0.133     3.0016     31.958     39.852  33.889474     4.5000     0.6742     0.0426     0.6345 1.0834e+00     1.6959      1.662      2.411    17.7937 0.0000e+00
      1.728      0.131     3.0629     31.376     39.820  33.813702     4.5000     0.6742     0.0426     0.6345 1.0624e+00     1.8462      1.695      2.458    17.7209 0.0000e+00
      1.761      0.130     3.0904     30.643     39.778  33.731028     4.5000     0.6284     0.0426     0.6345 1.0342e+00     1.2750      1.728      2.506    17.6494 0.0000e+00
      1.794      0.130     3.0863     29.827     39.717  33.635244     4.5000     0.6513     0.0426     0.6345 1.0080e+00     1.3351      1.760      2.553    17.5806 0.0000e+00
      1.827      0.129     3.0552     28.982     39.637  33.522593     4.4100     0.6208     0.0426     0.5076 9.3844e-01     1.1999      1.792      2.599    17.5150 0.0000e+00
      1.860      0.129     3.0032     28.153     39.551  33.402638     4.4100     0.6169     0.0426     0.5076 9.6009e-01     1.3351      1.824      2.645    17.4530 0.0000e+00
      1.892      0.129     2.9365     27.375     39.473  33.284978     4.4100     0.5483     0.0426     0.5076 9.2729e-01     1.3051      1.856      2.692    17.3944 0.0000e+00
      1.926      0.129     2.8615     26.673     39.396  33.161999     4.4100     0.5712     0.0426     0.5076 9.0953e-01     1.3201      1.888      2.739    17.3379 0.0000e+00
      1.959      0.129     2.7837     26.054     39.318  33.030608     4.2300     0.5445     0.0426     0.3384 8.1606e-01     1.3201      1.921      2.787    17.2813 0.0000e+00
      1.993      0.127     2.7073     25.513     39.255  32.903293     4.2300     0.5673     0.0426     0.3384 7.9627e-01     1.2901      1.954      2.834    17.2218 0.0000e+00
      2.026      0.125     2.6361     25.026     39.216  32.789667     4.2300     0.4987     0.0426     0.3384 7.8289e-01     1.2901      1.986      2.881    17.1568 0.0000e+00
      2.058      0.121     2.5724     24.554     39.194  32.687150     4.2300     0.5063     0.0426     0.3384 7.3523e-01     1.2299      2.018      2.927    17.0834 0.0000e+00
      2.088      0.117     2.5171     24.044     39.180  32.590183     4.2300     0.5101     0.0426     0.3384 7.0996e-01     1.2450      2.048      2.970    16.9991 0.0000e+00
      2.117      0.112     2.4696     23.438     39.176  32.500629     4.1400     0.4949     0.0426     0.2115 6.8495e-01     1.3051      2.076      3.012    16.9042 0.0000e+00
      2.145      0.106     2.4277     22.695     39.181  32.422326     4.1400     0.4415     0.0426     0.2115 7.0703e-01     1.5907      2.103      3.051    16.8017 0.0000e+00
      2.172      0.100     2.3872     21.789     39.195  32.358154     4.1400     0.4376     0.0426     0.2115 6.9424e-01     1.6508      2.129      3.089    16.6950 0.0000e+00
      2.197      0.094     2.3428     20.712     39.222  32.316738     4.1400     0.4643     0.0426     0.2115 7.0734e-01     1.4854      2.154      3.125    16.5861 0.0000e+00
      2.220      0.088     2.2890     19.505     39.253  32.289014     4.0500     0.4376     0.0426     0.1269 6.8644e-01     1.5155      2.177      3.158    16.4767 0.0000e+00
      2.242      0.083     2.2212     18.250     39.258  32.249763     4.0500     0.4567     0.0426     0.1269 6.6385e-01     1.7259      2.198      3.189    16.3709 0.0000e+00
      2.262      0.078     2.1367     17.042     39.250  32.204361     4.0500     0.4300     0.0426     0.1269 6.3094e-01     1.5756      2.218      3.217    16.2749 0.0000e+00
      2.280      0.074     2.0346     15.965     39.261  32.176342     4.0500     0.4262     0.0426     0.1269 6.1537e-01     1.5155      2.236      3.243    16.1931 0.0000e+00
      2.298      0.072     1.9187     15.078     39.295  32.164176     3.8700     0.4491     0.0426     0.1692 6.5611e-01     1.5907      2.253      3.268    16.1258 0.0000e+00
      2.315      0.071     1.7974     14.408     39.329  32.148773     3.8700     0.4491     0.0426     0.1692 6.4354e-01     1.5305      2.270      3.292    16.0702 0.0000e+00
      2.332      0.072     1.6802     13.939     39.363  32.129987     3.8700     0.4300     0.0426     0.1692 6.6169e-01     1.5606      2.287      3.317    16.0213 0.0000e+00
      2.350      0.076     1.5757     13.616     39.413  32.122608     3.8700     0.4224     0.0426     0.1692 6.4719e-01     1.6508      2.305      3.343    15.9738 0.0000e+00
      2.369      0.081     1.4898     13.350     39.483  32.128626     3.8700     0.4491     0.0426     0.2538 6.4354e-01     1.5907      2.324      3.370    15.9233 0.0000e+00
      2.390      0.087     1.4253     13.041     39.570  32.141725     3.8700     0.3652     0.0426     0.2538 6.7096e-01     1.7860      2.344      3.399    15.8683 0.0000e+00
      2.412      0.094     1.3807     12.604     39.669  32.157475     3.8700     0.3881     0.0426     0.2538 6.3589e-01     1.9514      2.366      3.431    15.8100 0.0000e+00
      2.437      0.101     1.3504     11.990     39.778  32.176112     3.8700     0.4148     0.0426     0.2538 6.5539e-01     1.6959      2.390      3.467    15.7490 0.0000e+00
      2.465      0.108     1.3258     11.179     39.904  32.202605     3.8700     0.3728     0.0426     0.2538 6.4326e-01     1.7109      2.417      3.506    15.6840 0.0000e+00
      2.494      0.114     1.2970     10.177     40.055  32.244015     3.8700     0.3881     0.0426     0.2961 6.2616e-01     2.1768      2.446      3.548    15.6117 0.0000e+00
      2.525      0.118     1.2555      9.020     40.247  32.311382     3.8700     0.3919     0.0426     0.2961 6.2643e-01     2.2820      2.476      3.591    15.5313 0.0000e+00
      2.556      0.120     1.1963      7.760     40.477  32.404846     3.8700     0.4224     0.0426     0.2961 5.8207e-01     2.2971      2.507      3.636    15.4437 0.0000e+00
      2.587      0.120     1.1172      6.443     40.713  32.501800     3.8700     0.3804     0.0426     0.2961 5.9966e-01     2.3873      2.537      3.680    15.3495 0.0000e+00
      2.618      0.120     1.0189      5.105     40.924  32.582551     3.8700     0.6284     0.0426     0.2115 6.0832e-01     2.9133      2.568      3.725    15.2490 0.0000e+00
      2.650      0.118     0.9047      3.772     41.108  32.648824     3.8700     0.6360     0.0426     0.2115 5.4380e-01     3.0185      2.599      3.769    15.1419 0.0000e+00
      2.680      0.116     0.7798      2.462     41.270  32.706410     3.8700     0.6169     0.0426     0.2115 5.8410e-01     3.0786      2.628      3.812    15.0295 0.0000e+00
      2.709      0.115     0.6486      1.198     41.421  32.762740     3.8700     0.6131     0.0426     0.2115 5.5033e-01     2.9133      2.657      3.853    14.9165 0.0000e+00
      2.737      0.115     0.5148      0.010     41.590  32.836795     3.8700     0.6208     0.0852     0.3807 5.6096e-01     3.1087      2.684      3.893    14.8089 0.0000e+00
      2.765      0.115     0.3807     -1.054     41.790  32.934459     3.8700     0.6436     0.0852     0.3807 5.3921e-01     3.1989      2.712      3.933    14.7112 0.0000e+00
      2.794      0.117     0.2485     -1.936     41.982  33.024345     3.8700     0.6284     0.0852     0.3807 5.6721e-01     3.0786      2.740      3.974    14.6248 0.0000e+00
