Data/DataNotYetUploadedToEDI/Raw_CTD/RawDownloads/062723_fcrXX_S8188012.cnv
* Sea-Bird SBE19plus  Data File:
* FileName = C:\R\Reservoirs\Data\DataNotYetUploadedToEDI\Raw_CTD\RawDownloads\062623_fcr50_S8188_0012.hex
* Software version 2.8.0.119
* Temperature SN = 8188
* Conductivity SN = 8188
* System UpLoad Time = Jul 03 2023 16:33:41
* <ApplicationData>
* <Seaterm232>
# nquan = 16
# nvalues = 849                         
# units = specified
# name 0 = depFM: Depth [fresh water, m]
# name 1 = dz/dtM: Descent Rate [m/s]
# name 2 = sbeox0Mg/L: Oxygen, SBE 43 [mg/l]
# name 3 = sbeox0PS: Oxygen, SBE 43 [% saturation]
# name 4 = specc: Specific Conductance [uS/cm]
# name 5 = c0uS/cm: Conductivity [uS/cm]
# name 6 = wetCDOM: Fluorescence, WET Labs CDOM [mg/m^3]
# name 7 = flECO-AFL: Fluorescence, WET Labs ECO-AFL/FL [mg/m^3]
# name 8 = flECO-AFL1: Fluorescence, WET Labs ECO-AFL/FL, 2 [mg/m^3]
# name 9 = flECO-AFL2: Fluorescence, WET Labs ECO-AFL/FL, 3 [mg/m^3]
# name 10 = par/sat/log: PAR/Logarithmic, Satlantic
# name 11 = turbWETntu0: Turbidity, WET Labs ECO [NTU]
# name 12 = prdM: Pressure, Strain Gauge [db]
# name 13 = prdE: Pressure, Strain Gauge [psi]
# name 14 = tv290C: Temperature [ITS-90, deg C]
# name 15 = flag:  0.000e+00
# span 0 =     -0.729,      4.617       
# span 1 =     -0.179,      0.161       
# span 2 =     0.0621,    17.4728       
# span 3 =      0.618,    207.702       
# span 4 =      0.278,     49.428       
# span 5 =   0.263717,  48.571650       
# span 6 =    -4.5000,     7.0200       
# span 7 =    -0.1346,     4.9047       
# span 8 =    -2.1300,     0.5112       
# span 9 =    -2.0304,    21.1500       
# span 10 = 1.1585e-01, 7.5317e+02      
# span 11 =    -0.6037,    25.2481      
# span 12 =     -0.715,      4.528      
# span 13 =     -1.037,      6.567      
# span 14 =    10.6076,    24.8060      
# span 15 = 0.0000e+00, 0.0000e+00      
# interval = seconds: 0.25
# start_time = Jun 27 2023 15:03:14 [Instrument's time stamp, header]
# bad_flag = -9.990e-29
*END*
[from data line 543]
      4.195      0.072     9.0767     80.130     45.302  32.267291     3.6900     0.1286     0.1278     0.1692 1.3532e-01     4.7320      4.113      5.966    10.6159 0.0000e+00
      4.213      0.073     9.0245     79.908     45.306  32.269309     3.6900     0.1363     0.1278     0.1692 1.4726e-01     4.8221      4.132      5.992    10.6144 0.0000e+00
      4.232      0.074     8.9809     79.722     45.311  32.272214     3.6900     0.1706     0.0852     0.1269 1.2336e-01     4.7320      4.150      6.019    10.6130 0.0000e+00
      4.250      0.075     8.9448     79.559     45.321  32.278761     3.6900     0.1973     0.0852     0.1269 1.3532e-01     4.8221      4.168      6.045    10.6118 0.0000e+00
      4.269      0.076     8.9151     79.406     45.330  32.284754     3.6900     0.2126     0.0852     0.1269 1.3132e-01     4.8672      4.186      6.072    10.6109 0.0000e+00
      4.289      0.077     8.8906     79.254     45.326  32.281892     3.6900     0.1973     0.0852     0.1269 1.1755e-01     4.6869      4.206      6.100    10.6102 0.0000e+00
      4.309      0.078     8.8700     79.108     45.317  32.275350     3.6900     0.1821     0.0852     0.1269 1.5450e-01     4.9574      4.226      6.129    10.6096 0.0000e+00
      4.330      0.077     8.8521     78.976     45.312  32.271306     3.7800     0.1859     0.1278     0.0846 1.1628e-01     5.1077      4.246      6.158    10.6091 0.0000e+00
      4.350      0.076     8.8352     78.872     45.311  32.270662     3.7800     0.1706     0.1278     0.0846 1.4322e-01     5.0326      4.266      6.187    10.6085 0.0000e+00
      4.369      0.074     8.8184     78.808     45.312  32.271266     3.7800     0.1744     0.1278     0.0846 1.2021e-01     4.8823      4.285      6.215    10.6081 0.0000e+00
      4.388      0.071     8.8022     78.790     45.306  32.267337     3.7800     0.1325     0.1278     0.0846 1.1617e-01     5.1678      4.303      6.242    10.6078 0.0000e+00
      4.406      0.067     8.7876     78.821     45.304  32.265750     3.6900     0.1210     0.0852     0.0423 1.1595e-01     5.3332      4.321      6.267    10.6077 0.0000e+00
      4.423      0.064     8.7760     78.888     45.313  32.272021     3.6900     0.1058     0.0852     0.0423 1.1997e-01     5.2430      4.337      6.291    10.6076 0.0000e+00
      4.438      0.060     8.7688     78.973     45.321  32.277921     3.6900     0.1134     0.0852     0.0423 1.3529e-01     5.1829      4.353      6.313    10.6076 0.0000e+00
      4.453      0.057     8.7669     79.055     45.323  32.279084     3.6900     0.1935     0.0852     0.0423 1.3992e-01     6.2049      4.367      6.334    10.6076 0.0000e+00
      4.467      0.053     8.7703     79.119     45.320  32.277800     3.6900     0.1821     0.0852     0.0846 1.1643e-01     6.2350      4.381      6.354    10.6076 0.0000e+00
      4.481      0.050     8.7778     79.154     45.316  32.275706     3.6900     0.1973     0.0852     0.0846 1.1617e-01     6.2049      4.394      6.373    10.6077 0.0000e+00
      4.493      0.046     8.7871     79.156     45.308  32.270263     3.6900     0.1782     0.0852     0.0846 1.3166e-01     6.1298      4.406      6.390    10.6078 0.0000e+00
      4.504      0.042     8.7962     79.136     45.298  32.263981     3.6900     0.3346     0.0852     0.0846 1.3754e-01    10.0075      4.417      6.406    10.6080 0.0000e+00
      4.514      0.038     8.8033     79.096     45.295  32.263107     3.7800     0.3156     0.1278     0.2115 1.1600e-01     9.8873      4.427      6.420    10.6083 0.0000e+00
      4.523      0.035     8.8070     79.040     45.302  32.269386     3.7800     0.3308     0.1278     0.2115 1.1605e-01     9.9023      4.436      6.434    10.6089 0.0000e+00
      4.532      0.031     8.8071     78.976     45.311  32.278552     3.7800     0.3003     0.1278     0.2115 1.1612e-01    10.0677      4.444      6.446    10.6098 0.0000e+00
      4.539      0.028     8.8047     78.914     45.318  32.287110     3.7800     0.5635     0.1278     0.2115 1.1628e-01    14.0206      4.452      6.456    10.6106 0.0000e+00
      4.546      0.025     8.8000     78.861     45.327  32.297341     3.7800     0.5635     0.1278     0.2115 1.1612e-01    14.0055      4.458      6.465    10.6117 0.0000e+00
      4.551      0.022     8.7934     78.816     45.327  32.302072     3.7800     0.5521     0.1704     0.0846 1.1600e-01    14.0657      4.464      6.474    10.6134 0.0000e+00
      4.557      0.020     8.7857     78.778     45.317  32.298606     3.7800     0.5788     0.1704     0.0846 1.1590e-01    14.0055      4.469      6.481    10.6162 0.0000e+00
      4.562      0.018     8.7781     78.748     45.314  32.299879     3.7800     0.5063     0.1704     0.0846 1.1617e-01    12.8182      4.473      6.488    10.6201 0.0000e+00
      4.566      0.016     8.7712     78.728     45.322  32.308211     3.7800     0.4872     0.1704     0.0846 1.1597e-01    12.8182      4.477      6.494    10.6247 0.0000e+00
      4.570      0.014     8.7652     78.713     45.327  32.315923     3.7800     0.4987     0.1704     0.2538 1.1693e-01    12.9234      4.481      6.499    10.6294 0.0000e+00
      4.573      0.012     8.7602     78.698     45.326  32.321111     3.7800     0.4796     0.1704     0.2538 1.1615e-01    12.8633      4.484      6.504    10.6336 0.0000e+00
      4.576      0.011     8.7561     78.684     45.326  32.329119     3.7800     0.4338     0.1704     0.2538 1.1590e-01    11.8863      4.487      6.508    10.6373 0.0000e+00
      4.578      0.010     8.7531     78.676     45.325  32.338121     3.7800     0.4300     0.1704     0.2538 1.1612e-01    11.8713      4.489      6.512    10.6408 0.0000e+00
      4.580      0.009     8.7505     78.676     45.312  32.338639     3.7800     0.4300     0.1704     0.1269 1.1615e-01    11.9614      4.492      6.515    10.6453 0.0000e+00
      4.582      0.008     8.7476     78.673     45.300  32.338731     3.7800     0.4224     0.1704     0.1269 1.1615e-01    11.9164      4.493      6.518    10.6518 0.0000e+00
      4.584      0.007     8.7442     78.650     45.302  32.346343     3.7800     0.3652     0.1704     0.1269 1.1605e-01    11.1348      4.495      6.520    10.6608 0.0000e+00
      4.586      0.007     8.7412     78.593     45.307  32.355584     3.7800     0.3728     0.1704     0.1269 1.1607e-01    11.2851      4.497      6.523    10.6714 0.0000e+00
      4.588      0.007     8.7390     78.499     45.315  32.364958     3.7800     0.3766     0.1704     0.0846 1.1585e-01    11.1949      4.499      6.525    10.6819 0.0000e+00
      4.589      0.006     8.7369     78.374     45.322  32.373004     3.7800     0.3652     0.1704     0.0846 1.1623e-01    11.2250      4.500      6.528    10.6909 0.0000e+00
      4.591      0.006     8.7328     78.227     45.326  32.377908     3.7800     0.3079     0.1704     0.0846 1.1615e-01     9.5717      4.502      6.530    10.6982 0.0000e+00
      4.593      0.006     8.7253     78.068     45.328  32.380977     3.7800     0.3232     0.1704     0.0846 1.1612e-01     9.4214      4.504      6.532    10.7040 0.0000e+00
      4.594      0.006     8.7140     77.916     45.328  32.383029     3.7800     0.3156     0.1704     0.0846 1.1612e-01     9.4063      4.505      6.534    10.7085 0.0000e+00
      4.596      0.006     8.6994     77.797     45.322  32.380651     3.7800     0.3041     0.1278     0.1269 1.1595e-01     9.5717      4.507      6.537    10.7117 0.0000e+00
      4.597      0.006     8.6825     77.722     45.308  32.373210     3.7800     0.2278     0.1278     0.1269 1.1612e-01     7.8733      4.508      6.539    10.7141 0.0000e+00
      4.599      0.006     8.6645     77.691     45.294  32.366641     3.7800     0.2584     0.1278     0.1269 1.1605e-01     7.8733      4.510      6.541    10.7162 0.0000e+00
      4.600      0.006     8.6473     77.703     45.283  32.363155     3.7800     0.2393     0.1278     0.1269 1.1592e-01     7.9033      4.511      6.543    10.7181 0.0000e+00
      4.602      0.006     8.6335     77.752     45.274  32.361821     3.7800     0.2431     0.1278     0.0846 1.1595e-01     7.9183      4.513      6.546    10.7204 0.0000e+00
      4.604      0.006     8.6246     77.831     45.268  32.362285     3.7800     0.2049     0.1278     0.0846 1.1605e-01     6.6558      4.514      6.548    10.7233 0.0000e+00
      4.605      0.006     8.6205     77.930     45.265  32.364669     3.7800     0.2011     0.1278     0.0846 1.1605e-01     6.7159      4.516      6.550    10.7270 0.0000e+00
      4.607      0.006     8.6209     78.030     45.262  32.365650     3.7800     0.1706     0.1278     0.0846 1.1610e-01     6.6408      4.518      6.552    10.7317 0.0000e+00
      4.608      0.006     8.6252     78.115     45.260  32.365488     3.7800     0.1630     0.1278     0.0846 1.1605e-01     6.6408      4.519      6.554    10.7371 0.0000e+00
      4.610      0.005     8.6329     78.177     45.263  32.368102     3.7800     0.1897     0.1278     0.0846 1.1633e-01     5.8893      4.521      6.556    10.7428 0.0000e+00
      4.611      0.005     8.6428     78.210     45.273  32.374189     3.7800     0.1706     0.1278     0.0846 1.1612e-01     5.9644      4.522      6.558    10.7478 0.0000e+00
      4.612      0.005     8.6532     78.213     45.284  32.381411     3.7800     0.1935     0.1278     0.0846 1.1607e-01     5.8592      4.523      6.560    10.7513 0.0000e+00
      4.614      0.005     8.6624     78.192     45.288  32.383772     3.7800     0.2011     0.1278     0.0846 1.1605e-01     5.8893      4.524      6.562    10.7528 0.0000e+00
      4.615      0.004     8.6693     78.153     45.286  32.381903     3.7800     0.2126     0.0852     0.1269 1.1610e-01     5.4835      4.525      6.564    10.7527 0.0000e+00
      4.616      0.003     8.6732     78.103     45.283  32.379265     3.7800     0.1859     0.0852     0.1269 1.1612e-01     5.5586      4.526      6.565    10.7518 0.0000e+00
      4.617      0.002     8.6736     78.053     45.278  32.375156     3.7800     0.1821     0.0852     0.1269 1.1612e-01     5.4384      4.527      6.567    10.7511 0.0000e+00
      4.617      0.000     8.6713     78.006     45.271  32.368478     3.7800     0.1897     0.0852     0.1269 1.1612e-01     5.5135      4.528      6.567    10.7508 0.0000e+00
      4.617     -0.001     8.6671     77.963     45.262  32.357453     3.8700     0.2049     0.1704     0.1269 1.1617e-01     5.5586      4.528      6.567    10.7504 0.0000e+00
      4.617     -0.004     8.6617     77.914     45.257  32.347060     3.8700     0.1859     0.1704     0.1269 1.1633e-01     5.5586      4.527      6.567    10.7500 0.0000e+00
      4.616     -0.006     8.6561     77.846     45.261  32.342448     3.8700     0.1706     0.1704     0.1269 1.1617e-01     5.4684      4.526      6.565    10.7494 0.0000e+00
      4.614     -0.009     8.6514     77.745     45.263  32.338427     3.8700     0.2011     0.1704     0.1269 1.1612e-01     5.4835      4.524      6.562    10.7471 0.0000e+00
      4.611     -0.011     8.6477     77.606     45.263  32.333925     3.8700     0.1973     0.1278     0.1692 1.1607e-01     7.5426      4.522      6.559    10.7418 0.0000e+00
      4.608     -0.014     8.6438     77.434     45.265  32.331701     3.8700     0.1935     0.1278     0.1692 1.1602e-01     7.3773      4.519      6.554    10.7343 0.0000e+00
      4.604     -0.017     8.6378     77.237     45.269  32.331163     3.8700     0.1782     0.1278     0.1692 1.1612e-01     7.4073      4.515      6.548    10.7265 0.0000e+00
      4.599     -0.019     8.6279     77.024     45.275  32.332166     3.8700     0.1897     0.1278     0.1692 1.1612e-01     7.4674      4.510      6.542    10.7200 0.0000e+00
      4.594     -0.022     8.6135     76.808     45.283  32.334979     3.7800     0.2049     0.1704     0.1269 1.1615e-01    17.9434      4.505      6.534    10.7152 0.0000e+00
      4.588     -0.026     8.5952     76.617     45.291  32.340350     3.7800     0.3804     0.1704     0.1269 1.1628e-01    17.9735      4.499      6.526    10.7112 0.0000e+00
      4.581     -0.029     8.5741     76.481     45.302  32.349713     3.7800     0.3842     0.1704     0.1269 1.1617e-01    17.9585      4.493      6.516    10.7074 0.0000e+00
      4.574     -0.034     8.5511     76.422     45.312  32.361603     3.7800     0.3995     0.1704     0.1269 1.1623e-01    18.0036      4.485      6.505    10.7038 0.0000e+00
      4.565     -0.039     8.5277     76.444     45.318  32.371270     3.7800     0.3423     0.1704     0.1269 1.1605e-01    17.2971      4.476      6.492    10.7010 0.0000e+00
      4.554     -0.046     8.5067     76.533     45.323  32.381293     3.7800     0.3118     0.1278     0.1692 1.1628e-01    10.9244      4.466      6.478    10.7002 0.0000e+00
      4.542     -0.053     8.4912     76.657     45.336  32.398305     3.7800     0.3194     0.1278     0.1692 1.1617e-01    10.8943      4.454      6.461    10.7022 0.0000e+00
      4.528     -0.062     8.4836     76.789     45.352  32.418922     3.7800     0.3079     0.1278     0.1692 1.1607e-01    10.8642      4.441      6.441    10.7070 0.0000e+00
      4.512     -0.072     8.4849     76.904     45.359  32.436760     3.7800     0.3118     0.1278     0.1692 1.1620e-01    10.8642      4.424      6.417    10.7133 0.0000e+00
      4.492     -0.084     8.4933     76.985     45.354  32.448656     3.7800     0.2011     0.1704     0.2115 1.1612e-01     5.9494      4.405      6.390    10.7204 0.0000e+00
      4.470     -0.095     8.5055     77.012     45.342  32.457781     3.7800     0.2011     0.1704     0.2115 1.1602e-01     6.0095      4.383      6.358    10.7284 0.0000e+00
      4.444     -0.107     8.5180     76.960     45.335  32.470531     3.7800     0.1821     0.1704     0.2115 1.1595e-01     6.0396      4.358      6.321    10.7389 0.0000e+00
      4.415     -0.116     8.5280     76.796     45.334  32.486346     3.7800     0.1859     0.1704     0.2115 1.1600e-01     5.9043      4.329      6.279    10.7530 0.0000e+00
      4.382     -0.124     8.5336     76.489     45.344  32.505484     3.7800     0.1363     0.1278     0.0846 1.2018e-01     5.0326      4.297      6.232    10.7705 0.0000e+00
      4.348     -0.129     8.5327     76.020     45.361  32.525127     3.7800     0.1210     0.1278     0.0846 1.1605e-01     5.0175      4.263      6.183    10.7898 0.0000e+00
      4.313     -0.132     8.5230     75.375     45.370  32.534671     3.7800     0.1172     0.1278     0.0846 1.1699e-01     4.9574      4.229      6.134    10.8094 0.0000e+00
      4.279     -0.134     8.5014     74.567     45.365  32.532701     3.7800     0.1286     0.1278     0.0846 1.1595e-01     4.9123      4.196      6.086    10.8270 0.0000e+00
      4.245     -0.135     8.4649     73.648     45.361  32.530574     3.6900     0.1706     0.1278     0.2115 1.3739e-01     4.9574      4.162      6.037    10.8401 0.0000e+00
      4.211     -0.136     8.4114     72.692     45.360  32.531682     3.6900     0.1859     0.1278     0.2115 1.4084e-01     4.9424      4.129      5.989    10.8481 0.0000e+00
      4.176     -0.136     8.3393     71.772     45.356  32.532360     3.6900     0.1859     0.1278     0.2115 1.2897e-01     4.9875      4.095      5.940    10.8521 0.0000e+00
      4.141     -0.136     8.2496     70.945     45.352  32.532790     3.6900     0.1782     0.1278     0.2115 1.2497e-01     4.9574      4.061      5.890    10.8538 0.0000e+00
      4.105     -0.134     8.1477     70.227     45.345  32.529125     3.6900     0.1439     0.1278     0.2115 1.2330e-01     5.0476      4.026      5.839    10.8550 0.0000e+00
      4.070     -0.131     8.0415     69.595     45.335  32.520389     3.7800     0.1286     0.1278     0.1269 1.6327e-01     4.9424      3.991      5.788    10.8573 0.0000e+00
