Data/DataNotYetUploadedToEDI/Raw_CTD/RawDownloads/062723_fcrXX_S8188005.cnv
* Sea-Bird SBE19plus  Data File:
* FileName = C:\R\Reservoirs\Data\DataNotYetUploadedToEDI\Raw_CTD\RawDownloads\062623_fcr50_S8188_0005.hex
* Software version 2.8.0.119
* Temperature SN = 8188
* Conductivity SN = 8188
* System UpLoad Time = Jul 03 2023 16:32:00
* <ApplicationData>
* <Seaterm232>
# nquan = 16
# nvalues = 1981                        
# units = specified
# name 0 = depFM: Depth [fresh water, m]
# name 1 = dz/dtM: Descent Rate [m/s]
# name 2 = sbeox0Mg/L: Oxygen, SBE 43 [mg/l]
# name 3 = sbeox0PS: Oxygen, SBE 43 [% saturation]
# name 4 = specc: Specific Conductance [uS/cm]
# name 5 = c0uS/cm: Conductivity [uS/cm]
# name 6 = wetCDOM: Fluorescence, WET Labs CDOM [mg/m^3]
# name 7 = flECO-AFL: Fluorescence, WET Labs ECO-AFL/FL [mg/m^3]
# name 8 = flECO-AFL1: Fluorescence, WET Labs ECO-AFL/FL, 2 [mg/m^3]
# name 9 = flECO-AFL2: Fluorescence, WET Labs ECO-AFL/FL, 3 [mg/m^3]
# name 10 = par/sat/log: PAR/Logarithmic, Satlantic
# name 11 = turbWETntu0: Turbidity, WET Labs ECO [NTU]
# name 12 = prdM: Pressure, Strain Gauge [db]
# name 13 = prdE: Pressure, Strain Gauge [psi]
# name 14 = tv290C: Temperature [ITS-90, deg C]
# name 15 = flag:  0.000e+00
# span 0 =     -0.732,      9.366       
# span 1 =     -0.266,      0.086       
# span 2 =    -1.0729,    13.9410       
# span 3 =    -10.483,    160.213       
# span 4 =      0.098,    175.862       
# span 5 =   0.091096, 125.124400       
# span 6 =    -4.5000,     7.1100       
# span 7 =    -0.4512,     5.3930       
# span 8 =    -2.1300,     1.4910       
# span 9 =    -2.0304,    18.2736       
# span 10 = 1.1587e-01, 8.6348e+02      
# span 11 =    -1.2801,   316.0361      
# span 12 =     -0.718,      9.185      
# span 13 =     -1.041,     13.322      
# span 14 =    10.5553,    25.0100      
# span 15 = 0.0000e+00, 0.0000e+00      
# interval = seconds: 0.25
# start_time = Jun 27 2023 13:08:46 [Instrument's time stamp, header]
# bad_flag = -9.990e-29
*END*
[from data line 724]
      2.728      0.010     0.6278      4.580     40.330  32.088802     3.8700     0.2431     0.0426     0.1692 6.4312e-01     2.4624      2.675      3.880    14.7763 0.0000e+00
      2.731      0.010     0.5841      4.303     40.334  32.090181     3.8700     0.2622     0.0426     0.1692 6.5198e-01     2.4323      2.678      3.884    14.7764 0.0000e+00
      2.734      0.011     0.5404      4.113     40.335  32.088363     3.8700     0.2278     0.0426     0.1692 6.6111e-01     2.4624      2.681      3.888    14.7787 0.0000e+00
      2.736      0.011     0.4996      4.017     40.328  32.078903     3.8700     0.2393     0.0426     0.1692 6.6674e-01     2.4323      2.683      3.892    14.7802 0.0000e+00
      2.739      0.011     0.4641      4.009     40.321  32.067197     3.8700     0.2545     0.0852     0.1269 6.6371e-01     2.4925      2.686      3.896    14.7797 0.0000e+00
      2.742      0.011     0.4360      4.073     40.330  32.065966     3.8700     0.2278     0.0852     0.1269 6.6703e-01     2.3722      2.689      3.900    14.7775 0.0000e+00
      2.745      0.011     0.4168      4.192     40.356  32.078842     3.8700     0.2584     0.0852     0.1269 6.5682e-01     2.7480      2.691      3.904    14.7742 0.0000e+00
      2.747      0.011     0.4071      4.346     40.385  32.093416     3.8700     0.2545     0.0852     0.1269 6.6068e-01     2.7480      2.694      3.908    14.7690 0.0000e+00
      2.750      0.011     0.4063      4.515     40.395  32.093773     3.8700     0.2355     0.0852     0.1269 6.5568e-01     2.6277      2.697      3.912    14.7613 0.0000e+00
      2.753      0.011     0.4130      4.674     40.392  32.083967     3.8700     0.2507     0.0852     0.2115 6.4845e-01     2.6428      2.700      3.916    14.7515 0.0000e+00
      2.756      0.011     0.4250      4.810     40.402  32.085146     3.8700     0.2584     0.0852     0.2115 6.3922e-01     2.7630      2.703      3.920    14.7411 0.0000e+00
      2.758      0.011     0.4408      4.914     40.429  32.101585     3.8700     0.2316     0.0852     0.2115 6.5853e-01     2.6879      2.705      3.924    14.7310 0.0000e+00
      2.761      0.011     0.4580      4.986     40.460  32.121825     3.8700     0.2507     0.0852     0.2115 6.6790e-01     2.7179      2.708      3.927    14.7212 0.0000e+00
      2.764      0.011     0.4743      5.028     40.486  32.139382     3.8700     0.2622     0.0852     0.0846 6.4972e-01     2.7780      2.710      3.931    14.7120 0.0000e+00
      2.766      0.011     0.4881      5.041     40.502  32.151018     3.8700     0.2507     0.0852     0.0846 6.4312e-01     2.7029      2.713      3.935    14.7041 0.0000e+00
      2.769      0.012     0.4987      5.025     40.507  32.155873     3.8700     0.2355     0.0852     0.0846 6.6472e-01     2.7931      2.716      3.939    14.6975 0.0000e+00
      2.772      0.012     0.5061      4.985     40.507  32.159204     3.8700     0.2660     0.0852     0.0846 6.8555e-01     2.6277      2.718      3.943    14.6921 0.0000e+00
      2.775      0.013     0.5104      4.928     40.514  32.165860     3.8700     0.2622     0.0426     0.1692 6.6747e-01     2.6578      2.721      3.947    14.6882 0.0000e+00
      2.779      0.015     0.5118      4.859     40.526  32.173655     3.8700     0.2660     0.0426     0.1692 6.7417e-01     2.8231      2.725      3.952    14.6869 0.0000e+00
      2.783      0.016     0.5101      4.790     40.544  32.180708     3.8700     0.2431     0.0426     0.1692 6.5796e-01     2.7931      2.729      3.958    14.6885 0.0000e+00
      2.787      0.018     0.5060      4.730     40.566  32.184940     3.8700     0.2240     0.0426     0.1692 6.3977e-01     2.8832      2.733      3.964    14.6919 0.0000e+00
      2.792      0.019     0.5002      4.687     40.585  32.179557     3.8700     0.2660     0.0852     0.1692 6.3204e-01     2.8682      2.738      3.971    14.6939 0.0000e+00
      2.797      0.021     0.4932      4.662     40.591  32.159162     3.8700     0.2507     0.0852     0.1692 6.4873e-01     2.9283      2.743      3.978    14.6915 0.0000e+00
      2.802      0.022     0.4863      4.649     40.584  32.126237     3.8700     0.2278     0.0852     0.1692 6.3617e-01     2.8832      2.748      3.986    14.6832 0.0000e+00
      2.808      0.024     0.4803      4.642     40.575  32.091802     3.8700     0.2545     0.0852     0.1692 6.6068e-01     2.9283      2.754      3.994    14.6668 0.0000e+00
      2.814      0.025     0.4762      4.629     40.572  32.062516     3.8700     0.2393     0.0852     0.1692 6.2643e-01     2.9133      2.760      4.003    14.6415 0.0000e+00
      2.821      0.027     0.4740      4.594     40.568  32.034528     3.8700     0.2355     0.0852     0.0846 6.3217e-01     2.8231      2.766      4.012    14.6099 0.0000e+00
      2.828      0.028     0.4731      4.525     40.562  32.004335     3.8700     0.2469     0.0852     0.0846 6.3012e-01     2.7780      2.773      4.022    14.5760 0.0000e+00
      2.835      0.029     0.4727      4.421     40.557  31.975764     3.8700     0.2431     0.0852     0.0846 6.4438e-01     2.9584      2.780      4.033    14.5423 0.0000e+00
      2.843      0.030     0.4716      4.290     40.564  31.957040     3.8700     0.2316     0.0852     0.0846 6.3576e-01     2.9283      2.788      4.044    14.5098 0.0000e+00
      2.851      0.030     0.4684      4.142     40.590  31.955047     3.8700     0.2545     0.0852     0.1692 6.0502e-01     2.8532      2.796      4.055    14.4786 0.0000e+00
      2.859      0.030     0.4616      3.994     40.636  31.969255     3.8700     0.2889     0.0852     0.1692 6.3245e-01     2.8832      2.803      4.066    14.4479 0.0000e+00
      2.866      0.029     0.4514      3.855     40.691  31.991570     3.8700     0.2507     0.0852     0.1692 6.1150e-01     2.9584      2.811      4.077    14.4175 0.0000e+00
      2.874      0.029     0.4382      3.736     40.747  32.016062     3.8700     0.2316     0.0852     0.1692 5.9888e-01     2.9283      2.818      4.087    14.3878 0.0000e+00
      2.881      0.028     0.4234      3.644     40.802  32.041338     3.8700     0.2660     0.1278     0.1269 6.3465e-01     3.1989      2.825      4.098    14.3594 0.0000e+00
      2.888      0.027     0.4085      3.575     40.849  32.062258     3.8700     0.2545     0.1278     0.1269 6.2629e-01     3.1087      2.832      4.107    14.3325 0.0000e+00
      2.894      0.025     0.3946      3.522     40.884  32.076479     3.8700     0.2851     0.1278     0.1269 6.0502e-01     3.1388      2.838      4.117    14.3068 0.0000e+00
      2.901      0.024     0.3826      3.471     40.909  32.083833     3.8700     0.2736     0.1278     0.1269 6.1190e-01     3.0636      2.845      4.126    14.2826 0.0000e+00
      2.907      0.023     0.3733      3.409     40.913  32.074399     3.8700     0.2469     0.0852     0.2115 5.7229e-01     3.0185      2.850      4.134    14.2609 0.0000e+00
      2.912      0.022     0.3665      3.334     40.888  32.041701     3.8700     0.2584     0.0852     0.2115 6.2020e-01     3.0786      2.856      4.143    14.2419 0.0000e+00
      2.918      0.022     0.3612      3.242     40.848  31.996821     3.8700     0.2316     0.0852     0.2115 5.9680e-01     3.0486      2.861      4.150    14.2252 0.0000e+00
      2.923      0.021     0.3560      3.129     40.813  31.955514     3.8700     0.2469     0.0852     0.2115 6.0516e-01     3.1237      2.866      4.158    14.2101 0.0000e+00
      2.928      0.021     0.3498      3.005     40.782  31.918643     3.8700     0.2507     0.0852     0.2115 5.7266e-01     2.8532      2.872      4.165    14.1953 0.0000e+00
      2.934      0.021     0.3422      2.883     40.748  31.880338     3.9600     0.2584     0.0426     0.1692 5.6733e-01     3.0185      2.877      4.172    14.1793 0.0000e+00
      2.939      0.021     0.3328      2.773     40.716  31.842266     3.9600     0.2622     0.0426     0.1692 5.8511e-01     2.8382      2.882      4.180    14.1620 0.0000e+00
      2.944      0.021     0.3214      2.682     40.694  31.810114     3.9600     0.2584     0.0426     0.1692 5.9138e-01     2.8682      2.887      4.187    14.1451 0.0000e+00
      2.949      0.021     0.3088      2.619     40.687  31.787189     3.9600     0.2355     0.0426     0.1692 5.8156e-01     3.0786      2.892      4.195    14.1300 0.0000e+00
      2.954      0.021     0.2964      2.593     40.690  31.771337     3.8700     0.2507     0.0852     0.1692 5.8741e-01     3.1688      2.897      4.202    14.1154 0.0000e+00
      2.960      0.021     0.2851      2.611     40.698  31.758332     3.8700     0.2316     0.0852     0.1692 5.4962e-01     3.1237      2.903      4.210    14.0994 0.0000e+00
      2.965      0.021     0.2759      2.673     40.709  31.746684     3.8700     0.2812     0.0852     0.1692 5.6377e-01     3.1838      2.908      4.218    14.0809 0.0000e+00
      2.971      0.021     0.2695      2.769     40.721  31.737246     3.8700     0.2584     0.0852     0.1692 5.4415e-01     3.1538      2.913      4.226    14.0600 0.0000e+00
      2.976      0.021     0.2669      2.892     40.730  31.727500     3.9600     0.2316     0.0852     0.1269 5.8182e-01     3.0937      2.919      4.233    14.0375 0.0000e+00
      2.981      0.021     0.2690      3.030     40.735  31.716829     3.9600     0.2584     0.0852     0.1269 5.6696e-01     3.1688      2.924      4.241    14.0137 0.0000e+00
      2.987      0.021     0.2755      3.171     40.741  31.708326     3.9600     0.2545     0.0852     0.1269 5.1999e-01     3.0937      2.929      4.248    13.9892 0.0000e+00
      2.992      0.021     0.2856      3.301     40.745  31.697743     3.9600     0.2507     0.0852     0.1269 5.2203e-01     3.1538      2.934      4.255    13.9660 0.0000e+00
      2.997      0.021     0.2984      3.409     40.747  31.686218     3.9600     0.2545     0.1278     0.1692 5.1081e-01     3.1237      2.939      4.263    13.9456 0.0000e+00
      3.002      0.022     0.3128      3.489     40.764  31.686519     3.9600     0.2469     0.1278     0.1692 5.2762e-01     3.1989      2.944      4.270    13.9279 0.0000e+00
      3.008      0.023     0.3275      3.548     40.792  31.696744     3.9600     0.2507     0.1278     0.1692 5.5719e-01     3.1087      2.950      4.278    13.9113 0.0000e+00
      3.014      0.024     0.3410      3.592     40.812  31.701799     3.9600     0.2431     0.1278     0.1692 5.0179e-01     3.1538      2.955      4.287    13.8948 0.0000e+00
      3.020      0.025     0.3523      3.624     40.819  31.697091     3.9600     0.2469     0.1278     0.1692 5.5889e-01     3.1087      2.961      4.295    13.8784 0.0000e+00
      3.026      0.026     0.3606      3.643     40.819  31.687306     3.9600     0.2736     0.0852     0.1269 5.1785e-01     3.1538      2.968      4.304    13.8630 0.0000e+00
      3.033      0.027     0.3668      3.652     40.819  31.677753     3.9600     0.2507     0.0852     0.1269 5.3827e-01     3.1989      2.974      4.314    13.8491 0.0000e+00
      3.040      0.028     0.3715      3.651     40.823  31.669845     3.9600     0.2698     0.0852     0.1269 5.4132e-01     3.1388      2.981      4.324    13.8362 0.0000e+00
      3.047      0.028     0.3749      3.641     40.833  31.665434     3.9600     0.2355     0.0852     0.1269 5.1864e-01     3.1087      2.989      4.334    13.8237 0.0000e+00
      3.055      0.028     0.3770      3.619     40.848  31.663343     3.9600     0.2507     0.0852     0.1269 5.2248e-01     3.1388      2.996      4.345    13.8115 0.0000e+00
      3.062      0.028     0.3780      3.584     40.863  31.659054     3.9600     0.2431     0.0852     0.1269 5.0233e-01     3.0937      3.003      4.356    13.7991 0.0000e+00
      3.070      0.027     0.3781      3.543     40.891  31.659344     3.9600     0.2507     0.0852     0.1269 4.9400e-01     3.0185      3.011      4.366    13.7854 0.0000e+00
      3.077      0.026     0.3771      3.499     40.928  31.664289     3.9600     0.2278     0.0852     0.1269 5.0081e-01     3.0786      3.017      4.377    13.7707 0.0000e+00
      3.084      0.025     0.3749      3.450     40.964  31.667285     3.9600     0.2584     0.0852     0.1269 4.9820e-01     3.0786      3.024      4.386    13.7544 0.0000e+00
      3.090      0.023     0.3715      3.398     41.008  31.677051     3.9600     0.2507     0.0852     0.1269 4.8622e-01     3.0786      3.030      4.395    13.7343 0.0000e+00
      3.096      0.022     0.3674      3.344     41.064  31.696192     3.9600     0.2431     0.0852     0.1269 5.5069e-01     3.3492      3.036      4.403    13.7088 0.0000e+00
      3.101      0.020     0.3630      3.291     41.117  31.711988     3.9600     0.2507     0.0852     0.1269 4.9529e-01     3.4544      3.041      4.411    13.6794 0.0000e+00
      3.106      0.019     0.3583      3.246     41.158  31.718750     3.9600     0.2660     0.0852     0.1269 4.9185e-01     3.3041      3.046      4.418    13.6494 0.0000e+00
      3.111      0.018     0.3531      3.210     41.191  31.720260     3.9600     0.2393     0.0852     0.1269 4.8951e-01     3.3191      3.050      4.424    13.6198 0.0000e+00
      3.115      0.017     0.3477      3.182     41.217  31.718902     3.9600     0.2584     0.0852     0.1269 4.8348e-01     3.3041      3.055      4.430    13.5902 0.0000e+00
      3.119      0.017     0.3425      3.161     41.234  31.714311     3.9600     0.2316     0.0852     0.1269 5.0146e-01     3.4694      3.059      4.436    13.5600 0.0000e+00
      3.123      0.017     0.3379      3.148     41.242  31.705264     3.9600     0.2278     0.0852     0.1269 4.8369e-01     3.4694      3.062      4.442    13.5295 0.0000e+00
      3.127      0.017     0.3344      3.141     41.246  31.693306     3.9600     0.2316     0.0852     0.0846 5.0135e-01     3.3492      3.066      4.448    13.5005 0.0000e+00
      3.131      0.017     0.3316      3.136     41.257  31.687131     3.9600     0.2355     0.0852     0.0846 4.8601e-01     3.3642      3.071      4.454    13.4749 0.0000e+00
      3.136      0.018     0.3296      3.125     41.283  31.693012     3.9600     0.2660     0.0852     0.0846 4.7784e-01     3.3792      3.075      4.460    13.4535 0.0000e+00
      3.141      0.018     0.3284      3.108     41.316  31.704595     3.9600     0.2469     0.0852     0.0846 4.9314e-01     3.4694      3.080      4.467    13.4348 0.0000e+00
      3.145      0.019     0.3279      3.089     41.343  31.713089     3.9600     0.2355     0.0852     0.1269 4.9036e-01     3.3492      3.084      4.474    13.4170 0.0000e+00
      3.150      0.020     0.3275      3.072     41.364  31.716797     3.9600     0.2316     0.0852     0.1269 4.9443e-01     3.3342      3.089      4.481    13.3991 0.0000e+00
      3.155      0.021     0.3265      3.054     41.378  31.716708     3.9600     0.2660     0.0852     0.1269 4.9079e-01     3.3943      3.094      4.488    13.3816 0.0000e+00
      3.160      0.021     0.3248      3.034     41.385  31.710817     3.9600     0.2431     0.0852     0.1269 4.8622e-01     3.3041      3.099      4.495    13.3653 0.0000e+00
      3.166      0.022     0.3230      3.015     41.385  31.699535     3.9600     0.2507     0.0852     0.1692 4.8128e-01     3.4394      3.105      4.503    13.3501 0.0000e+00
      3.172      0.023     0.3213      2.998     41.383  31.685791     3.9600     0.2507     0.0852     0.1692 4.8348e-01     3.7249      3.110      4.512    13.3357 0.0000e+00
      3.178      0.024     0.3195      2.987     41.387  31.675822     3.9600     0.2393     0.0852     0.1692 4.5971e-01     3.5145      3.116      4.520    13.3222 0.0000e+00
      3.184      0.024     0.3175      2.981     41.408  31.678850     3.9600     0.2355     0.0852     0.1692 4.8107e-01     3.5596      3.123      4.529    13.3090 0.0000e+00
