Data/DataNotYetUploadedToEDI/Raw_CTD/RawDownloads/062723_fcrXX_S8188004.cnv
* Sea-Bird SBE19plus  Data File:
* FileName = C:\R\Reservoirs\Data\DataNotYetUploadedToEDI\Raw_CTD\RawDownloads\062623_fcr50_S8188_0004.hex
* Software version 2.8.0.119
* Temperature SN = 8188
* Conductivity SN = 8188
* System UpLoad Time = Jul 03 2023 16:31:31
* <ApplicationData>
* <Seaterm232>
# nquan = 16
# nvalues = 499                         
# units = specified
# name 0 = depFM: Depth [fresh water, m]
# name 1 = dz/dtM: Descent Rate [m/s]
# name 2 = sbeox0Mg/L: Oxygen, SBE 43 [mg/l]
# name 3 = sbeox0PS: Oxygen, SBE 43 [% saturation]
# name 4 = specc: Specific Conductance [uS/cm]
# name 5 = c0uS/cm: Conductivity [uS/cm]
# name 6 = wetCDOM: Fluorescence, WET Labs CDOM [mg/m^3]
# name 7 = flECO-AFL: Fluorescence, WET Labs ECO-AFL/FL [mg/m^3]
# name 8 = flECO-AFL1: Fluorescence, WET Labs ECO-AFL/FL, 2 [mg/m^3]
# name 9 = flECO-AFL2: Fluorescence, WET Labs ECO-AFL/FL, 3 [mg/m^3]
# name 10 = par/sat/log: PAR/Logarithmic, Satlantic
# name 11 = turbWETntu0: Turbidity, WET Labs ECO [NTU]
# name 12 = prdM: Pressure, Strain Gauge [db]
# name 13 = prdE: Pressure, Strain Gauge [psi]
# name 14 = tv290C: Temperature [ITS-90, deg C]
# name 15 = flag:  0.000e+00
# span 0 =     -0.728,     -0.180       
# span 1 =     -0.163,      0.140       
# span 2 =     4.8273,    15.5636       
# span 3 =     57.686,    184.094       
# span 4 =      0.319,     47.664       
# span 5 =   0.291786,  47.262741       
# span 6 =    -4.5000,     6.5700       
# span 7 =    -2.4921,     3.8023       
# span 8 =    -2.1300,     1.7466       
# span 9 =    -2.4111,    17.5968       
# span 10 = 2.6569e+02, 2.4499e+03      
# span 11 =    -3.4294,    22.5878      
# span 12 =     -0.714,     -0.177      
# span 13 =     -1.035,     -0.256      
# span 14 =    20.6966,    24.6988      
# span 15 = 0.0000e+00, 0.0000e+00      
# interval = seconds: 0.25
# start_time = Jun 27 2023 12:56:55 [Instrument's time stamp, header]
# bad_flag = -9.990e-29
*END*
[from data line 181]
     -0.181      0.000    13.4732    157.672     47.332  46.383284     6.3000     2.9821     0.3834    15.7779 3.8930e+02    19.1459     -0.177     -0.257    23.8858 0.0000e+00
     -0.181     -0.002    13.3943    157.617     47.342  46.429710     6.3900     3.0126     0.3834    16.0740 3.8922e+02    19.1459     -0.177     -0.258    23.8959 0.0000e+00
     -0.182     -0.004    13.3352    157.571     47.343  46.462136     6.3900     3.0088     0.3834    16.0740 3.8998e+02    19.2060     -0.178     -0.259    23.9181 0.0000e+00
     -0.184     -0.005    13.2960    157.469     47.348  46.493172     6.3900     3.1309     0.3834    16.0740 3.9040e+02    19.6869     -0.180     -0.261    23.9522 0.0000e+00
     -0.185     -0.007    13.2728    157.273     47.366  46.535060     6.3900     3.1156     0.3834    16.0740 3.9159e+02    19.6268     -0.181     -0.263    23.9920 0.0000e+00
     -0.187     -0.008    13.2586    156.974     47.387  46.579153     6.3900     3.1270     0.3834    16.0740 3.9330e+02    19.6869     -0.183     -0.266    24.0303 0.0000e+00
     -0.189     -0.008    13.2465    156.612     47.394  46.609470     6.2100     3.0927     0.3834    15.3549 3.9708e+02    19.6569     -0.185     -0.269    24.0635 0.0000e+00
     -0.191     -0.009    13.2311    156.241     47.384  46.618243     6.2100     3.0584     0.3834    15.3549 3.9976e+02    19.3563     -0.187     -0.272    24.0914 0.0000e+00
     -0.194     -0.009    13.2083    155.898     47.366  46.611777     6.2100     3.0469     0.3834    15.3549 4.0141e+02    19.3713     -0.190     -0.276    24.1167 0.0000e+00
     -0.196     -0.009    13.1770    155.599     47.353  46.604200     6.2100     3.0736     0.3834    15.3549 4.0133e+02    19.4615     -0.192     -0.279    24.1419 0.0000e+00
     -0.199     -0.010    13.1407    155.364     47.344  46.597456     6.1200     3.0393     0.3834    15.6510 4.0124e+02    19.4314     -0.195     -0.282    24.1661 0.0000e+00
     -0.201     -0.010    13.1048    155.203     47.336  46.589744     6.1200     3.1881     0.3834    15.6510 4.0307e+02    19.9124     -0.197     -0.285    24.1857 0.0000e+00
     -0.203     -0.011    13.0729    155.102     47.338  46.590898     6.1200     3.1766     0.3834    15.6510 4.0492e+02    19.8673     -0.199     -0.289    24.1981 0.0000e+00
     -0.206     -0.013    13.0465    155.032     47.350  46.601225     6.1200     3.1728     0.3834    15.6510 4.0659e+02    19.8372     -0.202     -0.293    24.2040 0.0000e+00
     -0.209     -0.016    13.0262    154.981     47.360  46.611591     6.3000     3.1766     0.4260    15.8202 4.0624e+02    19.8523     -0.205     -0.297    24.2062 0.0000e+00
     -0.213     -0.020    13.0127    154.959     47.372  46.624758     6.3000     2.9859     0.4260    15.8202 4.0422e+02    20.4234     -0.209     -0.303    24.2062 0.0000e+00
     -0.218     -0.025    13.0045    154.979     47.390  46.648201     6.3000     2.9859     0.4260    15.8202 4.0378e+02    20.3633     -0.214     -0.310    24.2050 0.0000e+00
     -0.225     -0.032    12.9989    155.038     47.419  46.688172     6.3000     2.9935     0.4260    15.8202 4.0536e+02    20.3633     -0.220     -0.319    24.2038 0.0000e+00
     -0.233     -0.042    12.9947    155.111     47.468  46.755329     6.3000     3.0240     0.4260    15.8202 4.0562e+02    20.3032     -0.228     -0.331    24.2038 0.0000e+00
     -0.243     -0.054    12.9923    155.168     47.537  46.855692     6.2100     2.9210     0.3834    15.6087 4.0527e+02    19.6869     -0.238     -0.346    24.2059 0.0000e+00
     -0.257     -0.068    12.9927    155.174     47.610  46.978374     6.2100     2.9172     0.3834    15.6087 4.0404e+02    19.6268     -0.252     -0.366    24.2114 0.0000e+00
     -0.275     -0.086    12.9948    155.073     47.659  47.094664     6.2100     2.9401     0.3834    15.6087 3.9863e+02    19.5968     -0.269     -0.391    24.2229 0.0000e+00
     -0.298     -0.106    12.9960    154.763     47.664  47.178109     6.2100     2.9096     0.3834    15.6087 3.8913e+02    19.6418     -0.292     -0.423    24.2435 0.0000e+00
     -0.326     -0.126    12.9926    154.068     47.642  47.229169     6.2100     2.4518     0.3834    15.7779 7.2475e+02    19.3713     -0.320     -0.464    24.2775 0.0000e+00
     -0.362     -0.144    12.9805    152.755     47.610  47.257502     6.2100     2.4289     0.3834    15.7779 2.3058e+03    19.3863     -0.355     -0.515    24.3300 0.0000e+00
     -0.404     -0.157    12.9548    150.643     47.572  47.262741     6.2100     2.4480     0.3834    15.7779 5.4533e+02    19.3863     -0.396     -0.574    24.4019 0.0000e+00
     -0.450     -0.163    12.9094    147.700     47.528  47.242320     6.2100     2.4442     0.3834    15.7779 5.2772e+02    19.3863     -0.442     -0.640    24.4837 0.0000e+00
     -0.498     -0.161    12.8331    144.065     47.466  47.186832     6.1200     3.5543     0.3834    14.4243 5.7427e+02    18.8302     -0.489     -0.709    24.5609 0.0000e+00
     -0.544     -0.151    12.7089    140.017     47.359  47.073552     6.1200     3.5543     0.3834    14.4243 5.7803e+02    18.9354     -0.533     -0.774    24.6238 0.0000e+00
     -0.583     -0.135    12.5227    135.903     47.174  46.876236     6.1200     3.5505     0.3834    14.4243 6.4816e+02    19.0406     -0.572     -0.830    24.6685 0.0000e+00
     -0.615     -0.115    12.2722    132.068     46.875  46.560099     6.1200     3.5505     0.3834    14.4243 6.5667e+02    18.9354     -0.603     -0.875    24.6930 0.0000e+00
     -0.640     -0.094    11.9687    128.785     46.400  46.064617     2.0700    -0.9547     0.2130     6.0489 7.0933e+02    -3.3843     -0.627     -0.910    24.6988 0.0000e+00
     -0.659     -0.074    11.6338    126.156     45.661  45.299275     2.0700    -0.9319     0.2130     6.0489 2.2406e+03    -3.2941     -0.646     -0.937    24.6911 0.0000e+00
     -0.674     -0.058    11.2949    123.986     44.511  44.121410     2.0700    -0.9395     0.2130     6.0489 2.1425e+03    -3.3693     -0.661     -0.958    24.6755 0.0000e+00
     -0.685     -0.045    10.9804    121.655     42.684  42.272405     2.0700    -0.9433     0.2130     6.0489 2.1495e+03    -3.4294     -0.672     -0.975    24.6541 0.0000e+00
     -0.694     -0.035    10.7129    118.127     39.713  39.296840     2.0700    -0.5389     0.2130     6.0489 2.1560e+03    -2.8883     -0.681     -0.988    24.6257 0.0000e+00
     -0.701     -0.027    10.5013    112.476     34.820  34.432932     0.0000    -0.5542     0.2130    -1.9035 2.1230e+03    -2.8432     -0.688     -0.998    24.5884 0.0000e+00
     -0.707     -0.021    10.3292    104.535     27.783  27.461182     0.0000    -0.5695     0.2130    -1.9035 2.0751e+03    -2.8432     -0.693     -1.006    24.5433 0.0000e+00
     -0.711     -0.017    10.1439     94.958     20.197  19.957921     0.0000    -0.5427     0.2130    -1.9035 2.0208e+03    -2.9635     -0.697     -1.011    24.4947 0.0000e+00
     -0.714     -0.013     9.8581     84.812     14.081  13.910760     0.0000    -0.1269     0.2130    -1.9035 1.7297e+03    -0.4534     -0.700     -1.016    24.4487 0.0000e+00
     -0.717     -0.010     9.3930     75.227      9.834   9.713424     0.0000    -0.1308     1.7466     0.5499 5.3164e+02    -0.5436     -0.703     -1.019    24.4100 0.0000e+00
     -0.719     -0.008     8.7346     67.198      6.962   6.875516     0.0000    -0.1193     1.7466     0.5499 5.6181e+02    -0.4234     -0.705     -1.022    24.3808 0.0000e+00
     -0.720     -0.006     7.9376     61.458      5.098   5.033765     0.0000    -0.1231     1.7466     0.5499 5.8422e+02    -0.4384     -0.706     -1.025    24.3601 0.0000e+00
     -0.721     -0.005     7.0915     58.349      3.954   3.902680     0.0000    -0.1384     1.7466     0.5499 6.3519e+02    -0.4084     -0.708     -1.026    24.3458 0.0000e+00
     -0.722     -0.004     6.2915     57.686      3.235   3.192502     0.0000    -0.1422    -0.0852     0.5499 5.2669e+02    -0.4835     -0.708     -1.028    24.3357 0.0000e+00
     -0.723     -0.003     5.6209     58.815      2.704   2.668371     0.0000    -0.1231    -0.0852     0.5499 5.6622e+02    -0.4835     -0.709     -1.029    24.3284 0.0000e+00
     -0.724     -0.002     5.1416     60.905      2.299   2.267634     0.0000    -0.1193    -0.0852     0.5499 1.6969e+03    -0.5436     -0.710     -1.029    24.3226 0.0000e+00
     -0.724     -0.002     4.8821     63.240      2.004   1.976356     0.0000    -0.1308    -0.0852     0.5499 6.9318e+02    -0.4534     -0.710     -1.030    24.3175 0.0000e+00
     -0.724     -0.001     4.8273     65.360      1.771   1.746522     0.0000    -0.1346    -0.0852     4.3569 1.3237e+03    -0.4384     -0.710     -1.030    24.3127 0.0000e+00
     -0.724     -0.001     4.9224     67.054      1.596   1.574180     0.0000    -0.1002    -0.0852     4.3569 1.1295e+03    -0.6037     -0.710     -1.031    24.3080 0.0000e+00
     -0.725     -0.001     5.0978     68.297      1.486   1.464778     0.0000    -0.1193    -0.0852     4.3569 1.1473e+03    -0.3933     -0.711     -1.031    24.3033 0.0000e+00
     -0.725     -0.001     5.2937     69.165      1.425   1.404960     0.0000    -0.1155    -0.0852     4.3569 1.0396e+03    -0.4084     -0.711     -1.031    24.2985 0.0000e+00
     -0.725     -0.000     5.4717     69.788      1.391   1.370867     0.0000    -0.1498    -0.0852     4.3569 9.3091e+02    -0.3783     -0.711     -1.031    24.2936 0.0000e+00
     -0.725     -0.000     5.6140     70.301      1.361   1.341542     0.0000    -0.1384    -0.2982    -0.5499 1.0454e+03    -0.4234     -0.711     -1.031    24.2888 0.0000e+00
     -0.725     -0.000     5.7185     70.819      1.320   1.301259     0.0000    -0.1002    -0.2982    -0.5499 1.0170e+03    -0.5436     -0.711     -1.031    24.2841 0.0000e+00
     -0.725     -0.000     5.7917     71.426      1.257   1.239275     0.0000    -0.1308    -0.2982    -0.5499 7.3923e+02    -0.4835     -0.711     -1.031    24.2793 0.0000e+00
     -0.725     -0.000     5.8444     72.157      1.172   1.154877     0.0000    -0.1079    -0.2982    -0.5499 8.9151e+02    -0.3783     -0.711     -1.031    24.2746 0.0000e+00
     -0.725     -0.000     5.8878     72.997      1.073   1.057195     0.0000    -0.1269    -0.0852     0.4653 9.9925e+02    -0.4234     -0.711     -1.031    24.2701 0.0000e+00
     -0.725     -0.000     5.9318     73.903      0.966   0.951812     0.0000    -0.1308    -0.0852     0.4653 9.4764e+02    -0.5436     -0.711     -1.031    24.2656 0.0000e+00
     -0.725     -0.000     5.9831     74.827      0.857   0.844239     0.0000    -0.1269    -0.0852     0.4653 9.0047e+02    -0.4234     -0.711     -1.031    24.2612 0.0000e+00
     -0.725      0.000     6.0448     75.723      0.765   0.753239     0.0000    -0.1346    -0.0852     0.4653 8.3000e+02    -0.5436     -0.711     -1.031    24.2567 0.0000e+00
     -0.725      0.000     6.1157     76.559      0.699   0.688157     0.0000    -0.1079     0.0000    -0.1692 7.6671e+02    -0.4985     -0.711     -1.031    24.2523 0.0000e+00
     -0.725      0.000     6.1921     77.316      0.653   0.643498     0.0000    -0.1422     0.0000    -0.1692 7.8988e+02    -0.3482     -0.711     -1.031    24.2478 0.0000e+00
     -0.725      0.000     6.2701     77.978      0.621   0.611309     0.0000    -0.1346     0.0000    -0.1692 8.4126e+02    -0.5587     -0.711     -1.031    24.2432 0.0000e+00
     -0.725      0.000     6.3457     78.538      0.596   0.586960     0.0000    -0.1460     0.0000    -0.1692 8.5471e+02    -0.4985     -0.711     -1.032    24.2385 0.0000e+00
     -0.725      0.000     6.4163     79.011      0.581   0.571866     0.0000    -0.1498     0.0000    -0.1692 8.1022e+02    -0.3482     -0.711     -1.032    24.2336 0.0000e+00
     -0.725      0.000     6.4804     79.414      0.571   0.562001     0.0000    -0.1269     0.0000    -0.1692 7.6157e+02    -0.4835     -0.711     -1.032    24.2286 0.0000e+00
     -0.726      0.000     6.5365     79.760      0.559   0.550782     0.0000    -0.1269     0.0000    -0.1692 7.2838e+02    -0.5436     -0.712     -1.032    24.2235 0.0000e+00
     -0.726      0.000     6.5841     80.058      0.548   0.539171     0.0000    -0.1269     0.0000    -0.1692 7.4325e+02    -0.5436     -0.712     -1.032    24.2184 0.0000e+00
     -0.726 -9.662e-10     6.6244     80.321      0.541   0.531978     0.0000    -0.1269     0.0000    -0.1692 7.6638e+02    -0.4835     -0.712     -1.032    24.2131 0.0000e+00
     -0.726 -1.242e-09     6.6588     80.556      0.540   0.531242     0.0000    -0.1346     0.0000    -0.0423 7.7982e+02    -0.4835     -0.712     -1.032    24.2078 0.0000e+00
     -0.726 -1.597e-09     6.6884     80.769      0.541   0.532810     0.0000    -0.1346     0.0000    -0.0423 7.7156e+02    -0.4234     -0.712     -1.032    24.2023 0.0000e+00
     -0.726 -2.053e-09     6.7142     80.967      0.538   0.529194     0.0000    -0.1346     0.0000    -0.0423 7.4422e+02    -0.5737     -0.712     -1.032    24.1968 0.0000e+00
     -0.726 -2.640e-09     6.7369     81.156      0.528   0.519427     0.0000    -0.1422     0.0000    -0.0423 7.1568e+02    -0.3933     -0.712     -1.032    24.1913 0.0000e+00
     -0.726 -3.394e-09     6.7573     81.343      0.519   0.510793     0.0000    -0.1346    -0.0426     0.0846 7.0641e+02    -0.4985     -0.712     -1.032    24.1856 0.0000e+00
     -0.726 -4.364e-09     6.7759     81.531      0.515   0.506918     0.0000    -0.1193    -0.0426     0.0846 7.2051e+02    -0.4685     -0.712     -1.032    24.1799 0.0000e+00
     -0.726 -5.611e-09     6.7932     81.718      0.513   0.504793     0.0000    -0.1269    -0.0426     0.0846 7.1164e+02    -0.5136     -0.712     -1.032    24.1741 0.0000e+00
     -0.726 -7.214e-09     6.8098     81.901      0.510   0.501875     0.0000    -0.1308    -0.0426     0.0846 6.9257e+02    -0.3633     -0.712     -1.033    24.1683 0.0000e+00
     -0.726 -9.276e-09     6.8262     82.081      0.506   0.497385     0.0000    -0.1308     0.0426     0.0423 6.6862e+02    -0.4985     -0.712     -1.033    24.1624 0.0000e+00
     -0.726 -1.193e-08     6.8428     82.263      0.501   0.492102     0.0000    -0.1193     0.0426     0.0423 6.4479e+02    -0.5436     -0.712     -1.033    24.1564 0.0000e+00
     -0.726 -1.533e-08     6.8593     82.443      0.497   0.488573     0.0000    -0.1155     0.0426     0.0423 6.1871e+02    -0.3783     -0.712     -1.033    24.1503 0.0000e+00
     -0.726 -1.971e-08     6.8754     82.618      0.497   0.487833     0.0000    -0.1155     0.0426     0.0423 5.8804e+02    -0.4685     -0.712     -1.033    24.1442 0.0000e+00
     -0.726 -2.535e-08     6.8914     82.792      0.498   0.489685     0.0000    -0.0850     0.0000     0.2538 5.6708e+02    -0.4534     -0.712     -1.033    24.1380 0.0000e+00
     -0.726 -3.259e-08     6.9074     82.967      0.501   0.492645     0.0000    -0.1346     0.0000     0.2538 5.5525e+02    -0.4234     -0.712     -1.033    24.1319 0.0000e+00
     -0.726 -4.190e-08     6.9233     83.141      0.502   0.493548     0.0000    -0.1117     0.0000     0.2538 5.5586e+02    -0.4384     -0.712     -1.033    24.1257 0.0000e+00
     -0.726 -5.387e-08     6.9388     83.314      0.502   0.492637     0.0000    -0.1269     0.0000     0.2538 5.5682e+02    -0.4534     -0.712     -1.033    24.1194 0.0000e+00
     -0.726 -6.926e-08     6.9542     83.485      0.503   0.493621     0.0000    -0.1041     0.0000     0.2538 5.6034e+02    -0.4985     -0.712     -1.033    24.1132 0.0000e+00
     -0.726 -8.905e-08     6.9698     83.652      0.506   0.496763     0.0000    -0.1231     0.0000    -0.0846 5.6389e+02    -0.4084     -0.712     -1.033    24.1069 0.0000e+00
     -0.726 -1.145e-07     6.9852     83.816      0.508   0.498947     0.0000    -0.1193     0.0000    -0.0846 5.6745e+02    -0.4234     -0.712     -1.033    24.1007 0.0000e+00
     -0.726 -1.472e-07     7.0005     83.987      0.508   0.498778     0.0000    -0.1308     0.0000    -0.0846 5.7129e+02    -0.3933     -0.712     -1.033    24.0946 0.0000e+00
