Data/DataNotYetUploadedToEDI/Raw_CTD/RawDownloads/062723_fcrXX_S8188011.cnv
* Sea-Bird SBE19plus  Data File:
* FileName = C:\R\Reservoirs\Data\DataNotYetUploadedToEDI\Raw_CTD\RawDownloads\062623_fcr50_S8188_0011.hex
* Software version 2.8.0.119
* Temperature SN = 8188
* Conductivity SN = 8188
* System UpLoad Time = Jul 03 2023 16:33:26
* <ApplicationData>
* <Seaterm232>
# nquan = 16
# nvalues = 792                         
# units = specified
# name 0 = depFM: Depth [fresh water, m]
# name 1 = dz/dtM: Descent Rate [m/s]
# name 2 = sbeox0Mg/L: Oxygen, SBE 43 [mg/l]
# name 3 = sbeox0PS: Oxygen, SBE 43 [% saturation]
# name 4 = specc: Specific Conductance [uS/cm]
# name 5 = c0uS/cm: Conductivity [uS/cm]
# name 6 = wetCDOM: Fluorescence, WET Labs CDOM [mg/m^3]
# name 7 = flECO-AFL: Fluorescence, WET Labs ECO-AFL/FL [mg/m^3]
# name 8 = flECO-AFL1: Fluorescence, WET Labs ECO-AFL/FL, 2 [mg/m^3]
# name 9 = flECO-AFL2: Fluorescence, WET Labs ECO-AFL/FL, 3 [mg/m^3]
# name 10 = par/sat/log: PAR/Logarithmic, Satlantic
# name 11 = turbWETntu0: Turbidity, WET Labs ECO [NTU]
# name 12 = prdM: Pressure, Strain Gauge [db]
# name 13 = prdE: Pressure, Strain Gauge [psi]
# name 14 = tv290C: Temperature [ITS-90, deg C]
# name 15 = flag:  0.000e+00
# span 0 =     -0.720,      3.677       
# span 1 =     -0.365,      0.122       
# span 2 =    -1.3796,    14.7186       
# span 3 =    -13.521,    173.098       
# span 4 =      4.916,     47.990       
# span 5 =   4.230591,  47.975799       
# span 6 =    -4.5000,     7.2900       
# span 7 =    -0.1575,     2.8333       
# span 8 =    -2.1300,     0.5112       
# span 9 =    -2.0304,    22.3767       
# span 10 = 2.3607e-01, 2.0778e+03      
# span 11 =    -0.5587,    27.3222      
# span 12 =     -0.706,      3.605      
# span 13 =     -1.024,      5.229      
# span 14 =    11.0560,    25.4889      
# span 15 = 0.0000e+00, 0.0000e+00      
# interval = seconds: 0.25
# start_time = Jun 27 2023 14:02:47 [Instrument's time stamp, header]
# bad_flag = -9.990e-29
*END*
     -0.719 6.1071e-12     8.7459     91.309     25.486  21.627571    -4.5000    -0.1002    -2.1300    -2.0304 2.7683e+02    -0.2881     -0.705     -1.023    17.4268 0.0000e+00
     -0.719 7.8520e-12     8.7460     91.307     25.160  21.351093    -4.5000    -0.1269    -2.1300    -2.0304 2.7683e+02    -0.1679     -0.705     -1.023    17.4268 0.0000e+00
     -0.719 1.0095e-11     8.7461     91.303     24.615  20.888228    -4.5000    -0.1193    -2.1300    -2.0304 2.7810e+02    -0.2430     -0.705     -1.023    17.4268 0.0000e+00
     -0.719 1.2980e-11     8.7462     91.299     24.355  20.667709     0.0000    -0.1193     0.0000    -0.0423 2.7913e+02    -0.4084     -0.705     -1.023    17.4267 0.0000e+00
     -0.719 1.6688e-11     8.7462     91.296     24.591  20.868227     0.0000    -0.1155     0.0000    -0.0423 2.7901e+02    -0.4384     -0.705     -1.023    17.4266 0.0000e+00
     -0.719 2.1456e-11     8.7461     91.296     24.827  21.068286     0.0000    -0.1193     0.0000    -0.0423 2.7967e+02    -0.4234     -0.705     -1.023    17.4264 0.0000e+00
     -0.719 2.7587e-11     8.7458     91.298     24.699  20.959070     0.0000    -0.1231     0.0000    -0.0423 2.8010e+02    -0.4084     -0.705     -1.023    17.4263 0.0000e+00
     -0.719 3.5469e-11     8.7454     91.300     24.250  20.578739     0.0000    -0.1308     0.0000    -0.0423 2.7810e+02    -0.1679     -0.705     -1.023    17.4261 0.0000e+00
     -0.719 4.5603e-11     8.7451     91.302     23.596  20.023790     0.0000    -0.1155    -0.0852    -0.1692 2.7569e+02    -0.1979     -0.705     -1.023    17.4259 0.0000e+00
     -0.719 5.8632e-11     8.7451     91.305     22.791  19.340181     0.0000    -0.0773    -0.0852    -0.1692 2.7265e+02    -0.0777     -0.705     -1.023    17.4258 0.0000e+00
     -0.719 7.5384e-11     8.7453     91.310     22.218  18.854198     0.0000    -0.1041    -0.0852    -0.1692 2.7135e+02    -0.1378     -0.705     -1.023    17.4259 0.0000e+00
     -0.719 9.6922e-11     8.7455     91.313     22.136  18.784537     0.0000    -0.1079    -0.0852    -0.1692 2.7094e+02    -0.4384     -0.705     -1.023    17.4260 0.0000e+00
     -0.720 1.2461e-10     8.7457     91.313     22.289  18.914744     0.0000    -0.0735    -0.0426     0.0000 2.7194e+02    -0.4084     -0.706     -1.024    17.4261 0.0000e+00
     -0.720 1.6022e-10     8.7460     91.310     22.647  19.218201     0.0000    -0.1231    -0.0426     0.0000 2.7159e+02    -0.4384     -0.706     -1.024    17.4261 0.0000e+00
     -0.720 2.0600e-10     8.7465     91.308     23.222  19.706552     0.0000    -0.1079    -0.0426     0.0000 2.7295e+02    -0.4835     -0.706     -1.024    17.4260 0.0000e+00
     -0.720 2.6485e-10     8.7468     91.306     23.623  20.046947     0.0000    -0.1193    -0.0426     0.0000 2.7438e+02    -0.4084     -0.706     -1.024    17.4258 0.0000e+00
     -0.720 3.4052e-10     8.7468     91.305     23.875  20.260902     0.0000    -0.0964     0.0000    -0.1269 2.7533e+02    -0.3482     -0.706     -1.024    17.4257 0.0000e+00
     -0.720 4.3782e-10     8.7465     91.310     24.421  20.724091     0.0000    -0.1002     0.0000    -0.1269 2.7737e+02    -0.5286     -0.706     -1.024    17.4257 0.0000e+00
     -0.720 5.6291e-10     8.7463     91.318     25.356  21.518482     0.0000    -0.1308     0.0000    -0.1269 2.7895e+02    -0.3783     -0.706     -1.024    17.4259 0.0000e+00
     -0.720 7.2374e-10     8.7460     91.321     26.486  22.477907     0.0000    -0.1155     0.0000    -0.1269 2.7937e+02    -0.4234     -0.706     -1.024    17.4263 0.0000e+00
     -0.720 9.3052e-10     8.7458     91.319     27.579  23.406962     0.0000    -0.1155     0.0000    -0.0423 2.7901e+02    -0.3633     -0.706     -1.024    17.4269 0.0000e+00
     -0.720 1.1964e-09     8.7461     91.315     28.442  24.139714     0.0000    -0.1155     0.0000    -0.0423 2.7792e+02    -0.3783     -0.706     -1.024    17.4276 0.0000e+00
     -0.720 1.5382e-09     8.7467     91.307     28.941  24.564745     0.0000    -0.0964     0.0000    -0.0423 2.7647e+02    -0.3933     -0.706     -1.024    17.4284 0.0000e+00
     -0.720 1.9777e-09     8.7468     91.294     29.119  24.716224     0.0000    -0.1269     0.0000    -0.0423 2.7671e+02    -0.5136     -0.706     -1.024    17.4294 0.0000e+00
     -0.720 2.5427e-09     8.7464     91.282     28.986  24.604851     0.0000    -0.1155     0.0000    -0.0423 2.7707e+02    -0.4685     -0.706     -1.024    17.4307 0.0000e+00
     -0.720 3.2692e-09     8.7457     91.273     28.444  24.145501     0.0000    -0.1422    -0.0426    -0.0423 2.7635e+02    -0.4534     -0.706     -1.024    17.4323 0.0000e+00
     -0.720 4.2033e-09     8.7445     91.270     27.507  23.350285     0.0000    -0.1346    -0.0426    -0.0423 2.7242e+02    -0.4685     -0.706     -1.024    17.4340 0.0000e+00
     -0.720 5.4043e-09     8.7430     91.277     26.523  22.515841     0.0000    -0.1384    -0.0426    -0.0423 2.7082e+02    -0.3482     -0.706     -1.024    17.4359 0.0000e+00
     -0.720 6.9483e-09     8.7416     91.289     25.607  21.738313     0.0000    -0.1079    -0.0426    -0.0423 2.7076e+02    -0.3933     -0.706     -1.024    17.4377 0.0000e+00
     -0.720 8.9336e-09     8.7404     91.298     24.409  20.721291     0.0000    -0.1117     0.0000    -0.1269 2.6460e+02    -0.4234     -0.706     -1.024    17.4393 0.0000e+00
     -0.720 1.1486e-08     8.7399     91.301     23.302  19.781345     0.0000    -0.1231     0.0000    -0.1269 2.7135e+02    -0.2581     -0.706     -1.024    17.4405 0.0000e+00
     -0.720 1.4768e-08     8.7404     91.299     23.077  19.590025     0.0000    -0.1002     0.0000    -0.1269 2.7515e+02    -0.3482     -0.706     -1.024    17.4414 0.0000e+00
     -0.720 1.8987e-08     8.7416     91.293     23.243  19.730146     0.0000    -0.1231     0.0000    -0.1269 2.7653e+02    -0.3332     -0.706     -1.024    17.4418 0.0000e+00
     -0.720 2.4412e-08     8.7424     91.289     22.868  19.411846     0.0000    -0.1079     0.0000     0.0846 2.7804e+02    -0.4084     -0.706     -1.024    17.4418 0.0000e+00
     -0.720 3.1387e-08     8.7428     91.289     22.469  19.072746     0.0000    -0.1346     0.0000     0.0846 2.7858e+02    -0.3783     -0.706     -1.024    17.4414 0.0000e+00
     -0.720 4.0354e-08     8.7427     91.291     22.918  19.453607     0.0000    -0.1002     0.0000     0.0846 2.7888e+02    -0.2881     -0.706     -1.024    17.4407 0.0000e+00
     -0.720 5.1884e-08     8.7423     91.292     23.666  20.087958     0.0000    -0.1269     0.0000     0.0846 2.8126e+02    -0.3633     -0.706     -1.024    17.4400 0.0000e+00
     -0.720 6.6708e-08     8.7419     91.293     23.524  19.967426     0.0000    -0.1155    -0.0426    -0.1692 2.8230e+02    -0.4835     -0.706     -1.024    17.4395 0.0000e+00
     -0.720 8.5768e-08     8.7421     91.296     22.396  19.010472     0.0000    -0.1346    -0.0426    -0.1692 2.8248e+02    -0.3783     -0.706     -1.024    17.4390 0.0000e+00
     -0.720 1.1027e-07     8.7425     91.298     21.030  17.850533     0.0000    -0.0773    -0.0426    -0.1692 2.8132e+02    -0.4234     -0.706     -1.024    17.4380 0.0000e+00
     -0.720 1.4178e-07     8.7427     91.295     20.000  16.975787     0.0000    -0.1269    -0.0426    -0.1692 2.8083e+02    -0.4234     -0.706     -1.024    17.4372 0.0000e+00
     -0.720 1.8229e-07     8.7429     91.291     19.416  16.479468     0.0000    -0.1269    -0.0426    -0.1692 2.8328e+02    -0.3933     -0.706     -1.024    17.4369 0.0000e+00
     -0.720 2.3437e-07     8.7432     91.286     19.045  16.163930     0.0000    -0.1269     0.0000    -0.1692 2.8452e+02    -0.3783     -0.706     -1.024    17.4368 0.0000e+00
     -0.720 3.0133e-07     8.7435     91.280     18.699  15.869842     0.0000    -0.1231     0.0000    -0.1692 2.8297e+02    -0.1829     -0.706     -1.024    17.4364 0.0000e+00
     -0.720 3.8743e-07     8.7434     91.273     18.400  15.615732     0.0000    -0.1193     0.0000    -0.1692 2.8273e+02    -0.2130     -0.706     -1.024    17.4354 0.0000e+00
     -0.720 4.9812e-07     8.7432     91.268     18.211  15.454531     0.0000    -0.0926     0.0000    -0.1692 2.8248e+02    -0.2280     -0.706     -1.024    17.4339 0.0000e+00
     -0.720 6.4044e-07     8.7430     91.265     18.069  15.333361     0.0000    -0.0964     0.0000    -0.1269 2.8328e+02    -0.2581     -0.706     -1.024    17.4324 0.0000e+00
     -0.720 8.2343e-07     8.7427     91.260     17.904  15.192208     0.0000    -0.0926     0.0000    -0.1269 2.8520e+02    -0.1829     -0.706     -1.024    17.4308 0.0000e+00
     -0.720      0.000     8.7425     91.248     17.752  15.062681     0.0000    -0.1308     0.0000    -0.1269 2.8594e+02    -0.1829     -0.706     -1.024    17.4291 0.0000e+00
     -0.720      0.000     8.7423     91.229     17.662  14.985425     0.0000    -0.0964     0.0000    -0.1269 2.8322e+02    -0.1528     -0.706     -1.024    17.4272 0.0000e+00
     -0.720      0.000     8.7424     91.212     17.597  14.929945     0.0000    -0.1231    -0.0426     0.0423 2.8365e+02    -0.1528     -0.706     -1.024    17.4252 0.0000e+00
     -0.720      0.000     8.7423     91.201     17.524  14.867596     0.0000    -0.1155    -0.0426     0.0423 2.8285e+02    -0.1378     -0.706     -1.024    17.4229 0.0000e+00
     -0.720      0.000     8.7416     91.197     17.459  14.811431     0.0000    -0.1193    -0.0426     0.0423 2.8267e+02    -0.2130     -0.706     -1.024    17.4203 0.0000e+00
     -0.720      0.000     8.7403     91.197     17.415  14.774171     0.0000    -0.0964    -0.0426     0.0423 2.8267e+02    -0.2130     -0.706     -1.024    17.4180 0.0000e+00
     -0.720      0.000     8.7389     91.203     17.387  14.749836     0.0000    -0.1117     0.0000    -0.0423 2.8193e+02    -0.1378     -0.706     -1.024    17.4163 0.0000e+00
     -0.720      0.000     8.7382     91.216     17.365  14.729959     0.0000    -0.1384     0.0000    -0.0423 2.8557e+02    -0.3482     -0.706     -1.024    17.4152 0.0000e+00
     -0.720      0.000     8.7380     91.232     17.341  14.709240     0.0000    -0.1002     0.0000    -0.0423 2.8445e+02    -0.4384     -0.706     -1.024    17.4139 0.0000e+00
     -0.720      0.000     8.7382     91.247     17.310  14.682154     0.0000    -0.1269     0.0000    -0.0423 2.8526e+02    -0.4835     -0.706     -1.024    17.4124 0.0000e+00
     -0.720      0.000     8.7391     91.258     17.270  14.647411     0.0000    -0.1155     0.0000    -0.0423 2.8669e+02    -0.3783     -0.706     -1.024    17.4105 0.0000e+00
     -0.720      0.000     8.7407     91.263     17.226  14.609599     0.0000    -0.1041    -0.0426     0.1269 2.8781e+02    -0.3182     -0.706     -1.024    17.4085 0.0000e+00
     -0.720      0.000     8.7426     91.266     17.176  14.566546     0.0000    -0.1193    -0.0426     0.1269 2.8863e+02    -0.5587     -0.706     -1.024    17.4065 0.0000e+00
     -0.720      0.000     8.7444     91.269     17.102  14.502816     0.0000    -0.1155    -0.0426     0.1269 2.8925e+02    -0.3783     -0.706     -1.024    17.4045 0.0000e+00
     -0.720      0.000     8.7458     91.272     16.983  14.401413     0.0000    -0.1384    -0.0426     0.1269 2.9045e+02    -0.4234     -0.706     -1.024    17.4025 0.0000e+00
     -0.720      0.000     8.7467     91.271     16.787  14.235298     0.0000    -0.1384     0.0000    -0.1269 2.9241e+02    -0.1679     -0.706     -1.024    17.4006 0.0000e+00
     -0.720      0.000     8.7473     91.267     16.453  13.952257     0.0000    -0.1269     0.0000    -0.1269 2.9235e+02    -0.2581     -0.706     -1.024    17.3989 0.0000e+00
     -0.720      0.000     8.7478     91.259     16.021  13.585628     0.0000    -0.1231     0.0000    -0.1269 2.9356e+02    -0.1679     -0.706     -1.024    17.3974 0.0000e+00
     -0.720      0.000     8.7483     91.246     15.521  13.162281     0.0000    -0.1079     0.0000    -0.1269 2.9292e+02    -0.1528     -0.706     -1.024    17.3964 0.0000e+00
     -0.720      0.000     8.7484     91.230     14.632  12.409070     0.0000    -0.1155     0.0000     0.0423 2.8875e+02    -0.2430     -0.706     -1.024    17.3959 0.0000e+00
     -0.720      0.000     8.7480     91.209     13.064  11.079630     0.0000    -0.1155     0.0000     0.0423 2.9356e+02    -0.1228     -0.706     -1.024    17.3959 0.0000e+00
     -0.720      0.000     8.7470     91.179     11.487   9.743192     0.0000    -0.1117     0.0000     0.0423 2.9184e+02    -0.1979     -0.706     -1.024    17.3966 0.0000e+00
     -0.720      0.000     8.7456     91.137     10.706   9.081836     0.0000    -0.1269     0.0000     0.0423 3.1123e+02    -0.1528     -0.706     -1.024    17.3982 0.0000e+00
     -0.720      0.000     8.7437     91.086     10.423   8.844107     0.0000    -0.1308     0.0000     0.0423 3.4937e+02    -0.1528     -0.706     -1.024    17.4003 0.0000e+00
     -0.720      0.000     8.7412     91.030     10.236   8.687767     0.0000    -0.1002    -0.0426     0.0846 3.6323e+02    -0.1679     -0.706     -1.023    17.4027 0.0000e+00
     -0.719      0.001     8.7376     90.977     10.044   8.527610     0.0000    -0.1346    -0.0426     0.0846 3.4031e+02    -0.1528     -0.706     -1.023    17.4066 0.0000e+00
     -0.719      0.001     8.7324     90.936      9.632   8.180494     0.0000    -0.1269    -0.0426     0.0846 3.5006e+02    -0.2130     -0.705     -1.023    17.4137 0.0000e+00
     -0.719      0.001     8.7256     90.909      8.958   7.609237     0.0000    -0.0926    -0.0426     0.0846 3.4261e+02    -0.1528     -0.705     -1.023    17.4244 0.0000e+00
     -0.719      0.001     8.7178     90.891      8.160   6.932473     0.0000    -0.1155     0.0000    -0.0423 3.4164e+02    -0.1979     -0.705     -1.022    17.4374 0.0000e+00
     -0.719      0.002     8.7104     90.882      7.346   6.242669     0.0000    -0.1079     0.0000    -0.0423 3.4597e+02    -0.1979     -0.705     -1.022    17.4505 0.0000e+00
     -0.718      0.002     8.7044     90.875      6.697   5.692074     0.0000    -0.1002     0.0000    -0.0423 3.5181e+02    -0.1979     -0.704     -1.021    17.4626 0.0000e+00
     -0.718      0.003     8.6998     90.865      6.516   5.539261     0.0000    -0.1155     0.0000    -0.0423 3.4119e+02    -0.0927     -0.704     -1.021    17.4731 0.0000e+00
     -0.717      0.003     8.6965     90.845      6.992   5.945185     0.0000    -0.1346    -0.0426    -0.0423 3.5596e+02    -0.1979     -0.703     -1.020    17.4822 0.0000e+00
     -0.716      0.004     8.6942     90.813      7.815   6.646289     0.0000    -0.1002    -0.0426    -0.0423 3.3641e+02    -0.2130     -0.702     -1.019    17.4903 0.0000e+00
     -0.715      0.005     8.6923     90.766      8.245   7.012749     0.0000    -0.1079    -0.0426    -0.0423 3.7690e+02    -0.2881     -0.701     -1.017    17.4975 0.0000e+00
     -0.714      0.007     8.6901     90.712      8.039   6.839710     0.0000    -0.1269    -0.0426    -0.0423 4.3417e+02     0.1027     -0.700     -1.015    17.5040 0.0000e+00
     -0.712      0.009     8.6872     90.649      7.625   6.490438     0.0000    -0.1231     0.0000    -0.0846 4.6828e+02     0.0275     -0.698     -1.013    17.5101 0.0000e+00
     -0.710      0.011     8.6829     90.577      7.206   6.136820     0.0000    -0.1346     0.0000    -0.0846 4.8717e+02     0.0726     -0.696     -1.009    17.5166 0.0000e+00
     -0.707      0.014     8.6770     90.502      6.603   5.627206     0.0000    -0.1079     0.0000    -0.0846 5.0881e+02     0.1478     -0.693     -1.005    17.5249 0.0000e+00
     -0.703      0.016     8.6698     90.428      5.874   5.011595     0.0000     0.0180     0.0000    -0.0846 5.2646e+02     1.9814     -0.689     -1.000    17.5362 0.0000e+00
     -0.698      0.019     8.6612     90.364      5.286   4.517389     0.0000     0.0142     0.0000    -0.0846 5.5852e+02     2.1017     -0.684     -0.993    17.5506 0.0000e+00
     -0.693      0.021     8.6513     90.320      4.938   4.232302     4.7700    -0.0125     0.3834    12.1824 5.5236e+02     1.9514     -0.679     -0.985    17.5671 0.0000e+00
