Data/DataNotYetUploadedToEDI/Raw_CTD/RawDownloads/062723_fcrXX_S8188011.cnv
* Sea-Bird SBE19plus  Data File:
* FileName = C:\R\Reservoirs\Data\DataNotYetUploadedToEDI\Raw_CTD\RawDownloads\062623_fcr50_S8188_0011.hex
* Software version 2.8.0.119
* Temperature SN = 8188
* Conductivity SN = 8188
* System UpLoad Time = Jul 03 2023 16:33:26
* <ApplicationData>
* <Seaterm232>
# nquan = 16
# nvalues = 792                         
# units = specified
# name 0 = depFM: Depth [fresh water, m]
# name 1 = dz/dtM: Descent Rate [m/s]
# name 2 = sbeox0Mg/L: Oxygen, SBE 43 [mg/l]
# name 3 = sbeox0PS: Oxygen, SBE 43 [% saturation]
# name 4 = specc: Specific Conductance [uS/cm]
# name 5 = c0uS/cm: Conductivity [uS/cm]
# name 6 = wetCDOM: Fluorescence, WET Labs CDOM [mg/m^3]
# name 7 = flECO-AFL: Fluorescence, WET Labs ECO-AFL/FL [mg/m^3]
# name 8 = flECO-AFL1: Fluorescence, WET Labs ECO-AFL/FL, 2 [mg/m^3]
# name 9 = flECO-AFL2: Fluorescence, WET Labs ECO-AFL/FL, 3 [mg/m^3]
# name 10 = par/sat/log: PAR/Logarithmic, Satlantic
# name 11 = turbWETntu0: Turbidity, WET Labs ECO [NTU]
# name 12 = prdM: Pressure, Strain Gauge [db]
# name 13 = prdE: Pressure, Strain Gauge [psi]
# name 14 = tv290C: Temperature [ITS-90, deg C]
# name 15 = flag:  0.000e+00
# span 0 =     -0.720,      3.677       
# span 1 =     -0.365,      0.122       
# span 2 =    -1.3796,    14.7186       
# span 3 =    -13.521,    173.098       
# span 4 =      4.916,     47.990       
# span 5 =   4.230591,  47.975799       
# span 6 =    -4.5000,     7.2900       
# span 7 =    -0.1575,     2.8333       
# span 8 =    -2.1300,     0.5112       
# span 9 =    -2.0304,    22.3767       
# span 10 = 2.3607e-01, 2.0778e+03      
# span 11 =    -0.5587,    27.3222      
# span 12 =     -0.706,      3.605      
# span 13 =     -1.024,      5.229      
# span 14 =    11.0560,    25.4889      
# span 15 = 0.0000e+00, 0.0000e+00      
# interval = seconds: 0.25
# start_time = Jun 27 2023 14:02:47 [Instrument's time stamp, header]
# bad_flag = -9.990e-29
*END*
[from data line 362]
      3.546      0.011     5.0700     27.916     46.598  34.329311     4.1400     0.1859     0.2130     0.1692 3.2783e-01     7.8733      3.477      5.044    11.7965 0.0000e+00
      3.549      0.011     4.6498     23.262     46.522  34.258228     4.1400     0.1821     0.2130     0.1692 3.2591e-01     7.9634      3.480      5.048    11.8188 0.0000e+00
      3.552      0.012     4.1339     19.376     46.484  34.209497     4.1400     0.2011     0.2130     0.1692 3.2211e-01     8.2189      3.483      5.052    11.8332 0.0000e+00
      3.555      0.012     3.5729     16.442     46.485  34.191907     4.1400     0.1821     0.2130     0.1692 3.2197e-01     8.1588      3.486      5.056    11.8381 0.0000e+00
      3.558      0.012     3.0190     14.550     46.515  34.204727     4.0500     0.1897     0.1704     0.0846 3.1559e-01     8.1438      3.489      5.061    11.8325 0.0000e+00
      3.561      0.013     2.5163     13.710     46.579  34.255335     4.0500     0.1897     0.1704     0.0846 3.1842e-01     8.1739      3.492      5.065    11.8166 0.0000e+00
      3.565      0.013     2.0966     13.852     46.648  34.323558     4.0500     0.1782     0.1704     0.0846 3.2513e-01     9.0606      3.496      5.070    11.7945 0.0000e+00
      3.568      0.013     1.7799     14.800     46.677  34.372139     4.0500     0.1706     0.1704     0.0846 3.3033e-01     9.1508      3.499      5.074    11.7747 0.0000e+00
      3.571      0.013     1.5754     16.288     46.654  34.380367     4.0500     0.1744     0.1704     0.1269 3.2740e-01     9.1057      3.502      5.079    11.7644 0.0000e+00
      3.574      0.013     1.4845     17.977     46.593  34.350438     4.0500     0.1668     0.1704     0.1269 3.3105e-01     9.1208      3.505      5.084    11.7682 0.0000e+00
      3.578      0.014     1.4992     19.517     46.513  34.290216     4.0500     0.1554     0.1704     0.1269 3.3105e-01     9.6017      3.509      5.089    11.7873 0.0000e+00
      3.581      0.014     1.6009     20.627     46.425  34.207407     4.0500     0.1935     0.1704     0.1269 3.1553e-01     9.6167      3.512      5.094    11.8159 0.0000e+00
      3.585      0.015     1.7609     21.171     46.347  34.117557     4.0500     0.1935     0.2130     0.1269 3.1876e-01     9.5717      3.515      5.099    11.8431 0.0000e+00
      3.589      0.016     1.9430     21.188     46.292  34.036312     4.0500     0.1935     0.2130     0.1269 3.3329e-01     9.6468      3.519      5.104    11.8589 0.0000e+00
      3.593      0.016     2.1097     20.875     46.263  33.971710     4.0500     0.2431     0.2130     0.1269 3.3379e-01    11.4504      3.523      5.110    11.8575 0.0000e+00
      3.597      0.017     2.2307     20.526     46.257  33.926328     4.0500     0.2545     0.2130     0.1269 3.3394e-01    11.5105      3.527      5.116    11.8382 0.0000e+00
      3.601      0.017     2.2913     20.453     46.268  33.899944     4.0500     0.2393     0.2130     0.1269 3.3474e-01    11.3903      3.532      5.122    11.8040 0.0000e+00
      3.606      0.017     2.2954     20.913     46.291  33.889481     4.0500     0.2584     0.1704     0.1269 3.1009e-01    11.3452      3.536      5.128    11.7601 0.0000e+00
      3.610      0.017     2.2640     22.041     46.321  33.892150     4.0500     0.2431     0.1704     0.1269 3.1354e-01    10.5336      3.541      5.135    11.7132 0.0000e+00
      3.615      0.017     2.2284     23.802     46.356  33.904699     4.0500     0.2393     0.1704     0.1269 3.0435e-01    10.5486      3.545      5.141    11.6693 0.0000e+00
      3.619      0.017     2.2224     26.015     46.388  33.922555     4.0500     0.2393     0.1704     0.1269 3.2071e-01    10.3382      3.549      5.147    11.6318 0.0000e+00
      3.623      0.016     2.2740     28.431     46.414  33.942555     3.8700     0.2355     0.1278     0.1692 3.1348e-01    10.4434      3.553      5.153    11.6023 0.0000e+00
      3.627      0.016     2.3980     30.797     46.423  33.958151     3.8700     0.2316     0.1278     0.1692 3.1539e-01     9.7220      3.557      5.159    11.5810 0.0000e+00
      3.631      0.015     2.5904     32.903     46.406  33.957659     3.8700     0.2164     0.1278     0.1692 3.3358e-01     9.8272      3.561      5.164    11.5673 0.0000e+00
      3.635      0.015     2.8315     34.602     46.357  33.933028     3.8700     0.2584     0.1278     0.1692 3.0158e-01     9.8272      3.565      5.170    11.5608 0.0000e+00
      3.639      0.015     3.0942     35.798     46.280  33.881652     3.7800     0.2584     0.1278     0.1269 3.2754e-01    10.0226      3.568      5.175    11.5625 0.0000e+00
      3.642      0.015     3.3508     36.459     46.170  33.793790     3.7800     0.1782     0.1278     0.1269 3.1361e-01     9.3011      3.572      5.181    11.5717 0.0000e+00
      3.646      0.015     3.5789     36.627     46.043  33.675720     3.7800     0.1935     0.1278     0.1269 3.4291e-01     9.3161      3.576      5.186    11.5851 0.0000e+00
      3.650      0.016     3.7627     36.419     45.949  33.563290     3.7800     0.1935     0.1278     0.1269 3.2747e-01     9.3161      3.579      5.192    11.5972 0.0000e+00
      3.654      0.016     3.8924     36.017     45.910  33.483947     3.7800     0.1859     0.1704     0.2538 2.9768e-01     9.2560      3.583      5.198    11.6022 0.0000e+00
      3.658      0.016     3.9649     35.676     45.925  33.448216     3.7800     0.2049     0.1704     0.2538 3.0099e-01     8.3843      3.588      5.204    11.5941 0.0000e+00
      3.663      0.015     3.9857     35.715     45.969  33.446564     3.7800     0.1859     0.1704     0.2538 2.6796e-01     8.5045      3.592      5.210    11.5667 0.0000e+00
      3.667      0.014     3.9673     36.434     46.002  33.450826     3.7800     0.2164     0.1704     0.2538 2.4136e-01     8.5045      3.596      5.215    11.5199 0.0000e+00
      3.670      0.012     3.9285     38.001     46.005  33.442335     3.7800     0.2011     0.1704     0.2538 2.7006e-01     8.5045      3.599      5.220    11.4641 0.0000e+00
      3.673      0.009     3.8960     40.376     45.985  33.418827     3.7800     0.1859     0.1278     0.1692 2.5684e-01     8.3843      3.602      5.224    11.4132 0.0000e+00
      3.675      0.005     3.9037     43.314     45.953  33.385914     3.7800     0.2049     0.1278     0.1692 2.6300e-01     8.4143      3.604      5.227    11.3767 0.0000e+00
      3.676      0.002     3.9843     46.463     45.922  33.350664     3.7800     0.1782     0.1278     0.1692 2.4780e-01     8.3091      3.605      5.229    11.3557 0.0000e+00
      3.677     -0.003     4.1571     49.460     45.903  33.319519     3.7800     0.1973     0.1278     0.1692 2.5274e-01     8.3091      3.605      5.229    11.3435 0.0000e+00
      3.676     -0.008     4.4180     52.002     45.886  33.288133     3.8700     0.2545     0.1704     0.2115 2.3607e-01    10.0075      3.604      5.228    11.3340 0.0000e+00
      3.673     -0.015     4.7407     53.907     45.859  33.248136     3.8700     0.2584     0.1704     0.2115 2.5656e-01    10.0827      3.602      5.224    11.3234 0.0000e+00
      3.669     -0.022     5.0872     55.154     45.830  33.206685     3.8700     0.2431     0.1704     0.2115 3.2492e-01    10.0075      3.598      5.219    11.3090 0.0000e+00
      3.663     -0.030     5.4177     55.864     45.806  33.168568     3.8700     0.2545     0.1704     0.2115 2.8341e-01    10.0977      3.592      5.210    11.2904 0.0000e+00
      3.655     -0.040     5.6988     56.245     45.771  33.123620     3.8700     0.4224     0.1704     0.1692 3.1580e-01    19.9425      3.584      5.198    11.2694 0.0000e+00
      3.644     -0.050     5.9104     56.525     45.708  33.057875     3.8700     0.4491     0.1704     0.1692 3.1348e-01    19.9725      3.574      5.183    11.2476 0.0000e+00
      3.631     -0.062     6.0502     56.877     45.646  32.985484     3.8700     0.4453     0.1704     0.1692 3.2655e-01    19.9124      3.560      5.164    11.2250 0.0000e+00
      3.613     -0.075     6.1311     57.385     45.655  32.956455     3.8700     0.4262     0.1704     0.1692 3.4283e-01    20.0326      3.544      5.139    11.2025 0.0000e+00
      3.593     -0.091     6.1757     58.080     45.767  33.008591     3.8700     0.2736     0.1704     0.1692 4.0369e-01    12.3522      3.524      5.110    11.1817 0.0000e+00
      3.569     -0.110     6.2096     59.012     45.931  33.124107     3.7800     0.2812     0.1704     0.1692 4.0055e-01    12.4124      3.500      5.077    11.1596 0.0000e+00
      3.541     -0.131     6.2526     60.283     46.055  33.242710     3.7800     0.2507     0.1704     0.1692 4.1770e-01    12.3372      3.473      5.037    11.1291 0.0000e+00
      3.507     -0.153     6.3140     61.943     46.122  33.340583     3.7800     0.2393     0.1704     0.1692 3.9194e-01    12.3522      3.439      4.988    11.0906 0.0000e+00
      3.465     -0.178     6.3948     63.837     46.216  33.465612     3.7800     0.1248     0.1704     0.1692 4.7743e-01     7.2119      3.398      4.928    11.0593 0.0000e+00
      3.415     -0.203     6.4977     65.580     46.396  33.665000     3.7800     0.1325     0.1278     0.1269 5.2842e-01     7.1819      3.349      4.858    11.0560 0.0000e+00
      3.359     -0.229     6.6327     66.703     46.613  33.912704     3.7800     0.1210     0.1278     0.1269 5.8677e-01     7.1668      3.294      4.778    11.0872 0.0000e+00
      3.298     -0.253     6.8071     66.804     46.798  34.161899     3.7800     0.1210     0.1278     0.1269 6.2889e-01     7.3021      3.234      4.691    11.1400 0.0000e+00
      3.230     -0.276     7.0060     65.561     46.936  34.391904     3.7800     0.1897     0.1278     0.1269 7.9058e-01     6.7911      3.168      4.595    11.2015 0.0000e+00
      3.156     -0.295     7.1863     62.679     47.007  34.582858     3.7800     0.1897     0.1278     0.1692 9.2910e-01     6.7310      3.095      4.489    11.2751 0.0000e+00
      3.076     -0.313     7.2949     57.942     47.000  34.724293     3.7800     0.1859     0.1278     0.1692 1.0900e+00     6.7610      3.016      4.374    11.3726 0.0000e+00
      2.992     -0.327     7.2884     51.352     46.891  34.800457     3.7800     0.2164     0.1278     0.1692 1.2882e+00     6.6708      2.934      4.255    11.4950 0.0000e+00
      2.906     -0.340     7.1341     43.219     46.620  34.774227     3.7800     0.3385     0.1278     0.1692 1.4074e+00     5.2730      2.849      4.133    11.6345 0.0000e+00
      2.818     -0.349     6.8024     34.105     46.178  34.640597     4.1400     0.3194     0.1704     0.1269 1.4667e+00     5.3332      2.764      4.008    11.7844 0.0000e+00
      2.728     -0.357     6.2721     24.661     45.615  34.433256     4.1400     0.3003     0.1704     0.1269 1.6142e+00     5.2730      2.675      3.880    11.9426 0.0000e+00
      2.635     -0.362     5.5452     15.497     44.978  34.178121     4.1400     0.3118     0.1704     0.1269 1.7936e+00     5.2430      2.584      3.747    12.1135 0.0000e+00
      2.540     -0.365     4.6560      7.135     44.346  33.927971     4.1400     0.3079     0.1704     0.1269 2.0056e+00     3.9504      2.491      3.612    12.3053 0.0000e+00
      2.444     -0.365     3.6664     -0.020     43.809  33.738895     4.1400     0.3919     0.1704     0.1269 2.1476e+00     3.6197      2.397      3.476    12.5224 0.0000e+00
      2.350     -0.362     2.6480     -5.701     43.371  33.602069     4.0500     0.4109     0.1278     0.2538 2.3189e+00     3.6197      2.305      3.342    12.7612 0.0000e+00
      2.257     -0.355     1.6671     -9.801     42.997  33.488935     4.0500     0.3804     0.1278     0.2538 2.4135e+00     3.6949      2.214      3.210    13.0139 0.0000e+00
      2.167     -0.347     0.7787    -12.359     42.671  33.397054     4.0500     0.3728     0.1278     0.2538 2.6059e+00     3.5295      2.125      3.081    13.2725 0.0000e+00
      2.079     -0.337     0.0244    -13.521     42.390  33.337575     4.0500     0.3652     0.1278     0.2538 2.7972e+00     1.7259      2.039      2.957    13.5236 0.0000e+00
      1.995     -0.328    -0.5703    -13.485     42.134  33.306521     3.9600     0.3766     0.0852     0.2961 2.8829e+00     1.7860      1.956      2.837    13.7520 0.0000e+00
      1.914     -0.319    -0.9968    -12.462     41.886  33.293638     3.9600     0.3690     0.0852     0.2961 2.9720e+00     1.7259      1.877      2.722    13.9549 0.0000e+00
      1.835     -0.311    -1.2611    -10.635     41.647  33.301437     3.9600     0.3804     0.0852     0.2961 3.2553e+00     1.7560      1.799      2.609    14.1426 0.0000e+00
      1.757     -0.305    -1.3796     -8.162     41.418  33.330025     3.9600     0.4224     0.0852     0.2961 3.3984e+00     1.7560      1.723      2.499    14.3311 0.0000e+00
      1.680     -0.299    -1.3742     -5.188     41.210  33.377131     3.9600     0.4376     0.0852     0.2115 3.5209e+00     1.7560      1.648      2.390    14.5322 0.0000e+00
      1.604     -0.293    -1.2677     -1.823     41.032  33.439485     3.9600     0.4109     0.0852     0.2115 3.9878e+00     1.7710      1.574      2.282    14.7503 0.0000e+00
      1.529     -0.286    -1.0800      1.865     40.873  33.505997     3.9600     0.4491     0.0852     0.2115 4.5303e+00     1.6658      1.500      2.175    14.9879 0.0000e+00
      1.456     -0.278    -0.8285      5.824     40.717  33.566684     3.9600     0.5216     0.0852     0.2115 4.9925e+00     1.7560      1.427      2.070    15.2427 0.0000e+00
      1.386     -0.271    -0.5290      9.986     40.554  33.611993     4.1400     0.5139     0.0426     0.3384 5.5642e+00     1.9213      1.359      1.970    15.5019 0.0000e+00
      1.319     -0.264    -0.1934     14.250     40.394  33.636191     4.1400     0.4987     0.0426     0.3384 6.1840e+00     1.8011      1.293      1.875    15.7526 0.0000e+00
      1.254     -0.259     0.1711     18.499     40.269  33.651680     4.1400     0.4872     0.0426     0.3384 6.5805e+00     1.8011      1.230      1.784    15.9915 0.0000e+00
      1.191     -0.254     0.5592     22.614     40.211  33.688339     4.1400     0.5712     0.0426     0.3384 7.1253e+00     2.0866      1.168      1.694    16.2218 0.0000e+00
      1.126     -0.250     0.9642     26.474     40.214  33.761884     4.1400     0.5483     0.0426     0.3384 8.9904e+00     2.0416      1.104      1.602    16.4423 0.0000e+00
      1.060     -0.244     1.3769     29.937     40.235  33.856281     4.4100     0.5864     0.0852     0.5076 1.1500e+01     2.0866      1.040      1.508    16.6353 0.0000e+00
      0.996     -0.236     1.7868     32.877     40.245  33.959079     4.4100     0.5483     0.0852     0.5076 1.3716e+01     2.0416      0.977      1.417    16.7824 0.0000e+00
      0.936     -0.226     2.1831     35.244     40.239  34.066005     4.4100     0.7009     0.0852     0.5076 1.4810e+01     2.8532      0.918      1.331    16.8875 0.0000e+00
      0.879     -0.214     2.5535     37.084     40.198  34.160031     4.4100     0.6856     0.0852     0.5076 1.6902e+01     2.7329      0.862      1.251    16.9747 0.0000e+00
      0.827     -0.200     2.8833     38.517     40.127  34.234549     4.4100     0.6894     0.0852     0.6768 2.0111e+01     2.8532      0.811      1.176    17.0701 0.0000e+00
      0.778     -0.184     3.1599     39.707     40.059  34.303496     4.4100     0.6932     0.0852     0.6768 2.1461e+01     2.6428      0.763      1.106    17.1868 0.0000e+00
      0.732     -0.169     3.3785     40.836     40.005  34.365461     4.4100     0.7543     0.0852     0.6768 2.5166e+01     3.0185      0.718      1.042    17.3264 0.0000e+00
      0.690     -0.154     3.5439     42.068     39.952  34.401324     4.4100     0.7352     0.0852     0.6768 3.1726e+01     2.8682      0.677      0.982    17.4863 0.0000e+00
