Data/DataNotYetUploadedToEDI/Raw_CTD/RawDownloads/062723_fcr50.4_S8188018.cnv
* Sea-Bird SBE19plus  Data File:
* FileName = C:\R\Reservoirs\Data\DataNotYetUploadedToEDI\Raw_CTD\RawDownloads\062623_fcr50_S8188_0018.hex
* Software version 2.8.0.119
* Temperature SN = 8188
* Conductivity SN = 8188
* System UpLoad Time = Jul 03 2023 16:34:58
* <ApplicationData>
* <Seaterm232>
# nquan = 16
# nvalues = 722                         
# units = specified
# name 0 = depFM: Depth [fresh water, m]
# name 1 = dz/dtM: Descent Rate [m/s]
# name 2 = sbeox0Mg/L: Oxygen, SBE 43 [mg/l]
# name 3 = sbeox0PS: Oxygen, SBE 43 [% saturation]
# name 4 = specc: Specific Conductance [uS/cm]
# name 5 = c0uS/cm: Conductivity [uS/cm]
# name 6 = wetCDOM: Fluorescence, WET Labs CDOM [mg/m^3]
# name 7 = flECO-AFL: Fluorescence, WET Labs ECO-AFL/FL [mg/m^3]
# name 8 = flECO-AFL1: Fluorescence, WET Labs ECO-AFL/FL, 2 [mg/m^3]
# name 9 = flECO-AFL2: Fluorescence, WET Labs ECO-AFL/FL, 3 [mg/m^3]
# name 10 = par/sat/log: PAR/Logarithmic, Satlantic
# name 11 = turbWETntu0: Turbidity, WET Labs ECO [NTU]
# name 12 = prdM: Pressure, Strain Gauge [db]
# name 13 = prdE: Pressure, Strain Gauge [psi]
# name 14 = tv290C: Temperature [ITS-90, deg C]
# name 15 = flag:  0.000e+00
# span 0 =     -0.722,      8.773       
# span 1 =     -0.236,      0.181       
# span 2 =    -0.3211,    17.1955       
# span 3 =     -3.123,    197.588       
# span 4 =      6.557,    257.438       
# span 5 =   5.881210, 182.955011       
# span 6 =    -4.5000,     7.5600       
# span 7 =    -0.1422,     3.5734       
# span 8 =    -2.1300,     0.7242       
# span 9 =    -2.0304,    21.9114       
# span 10 = 1.1587e-01, 5.1213e+02      
# span 11 =    -0.5136,   334.5533      
# span 12 =     -0.708,      8.603      
# span 13 =     -1.027,     12.478      
# span 14 =    10.5139,    24.9534      
# span 15 = 0.0000e+00, 0.0000e+00      
# interval = seconds: 0.25
# start_time = Jun 27 2023 15:50:22 [Instrument's time stamp, header]
# bad_flag = -9.990e-29
*END*
[from data line 452]
      8.044      0.176     8.9857     80.468     45.731  32.561073     3.8700     0.1096     0.1278     0.1692 1.1628e-01     5.2580      7.888     11.441    10.6008 0.0000e+00
      8.089      0.178     8.9777     80.435     45.861  32.653540     3.8700     0.1210     0.1278     0.1692 1.1617e-01     5.3031      7.932     11.505    10.6002 0.0000e+00
      8.135      0.181     8.9693     80.427     46.064  32.797865     3.8700     0.1668     0.1278     0.1692 1.1602e-01     5.4384      7.978     11.570    10.5996 0.0000e+00
      8.182      0.181     8.9616     80.439     46.388  33.028573     3.8700     0.1248     0.1278     0.1692 1.1623e-01     5.3632      8.024     11.638    10.5990 0.0000e+00
      8.230      0.181     8.9555     80.465     46.920  33.407188     3.8700     0.1439     0.1278     0.0846 1.1605e-01     5.3332      8.071     11.705    10.5984 0.0000e+00
      8.277      0.179     8.9519     80.502     47.813  34.042593     3.8700     0.1515     0.1278     0.0846 1.1610e-01     5.3031      8.117     11.772    10.5981 0.0000e+00
      8.323      0.176     8.9510     80.542     49.310  35.108193     3.8700     0.1515     0.1278     0.0846 1.1633e-01     5.3181      8.162     11.837    10.5981 0.0000e+00
      8.367      0.172     8.9522     80.572     51.796  36.876264     3.8700     0.1134     0.1278     0.0846 1.1623e-01     5.3482      8.205     11.900    10.5982 0.0000e+00
      8.409      0.167     8.9550     80.586     55.928  39.814331     3.7800     0.1554     0.1278     0.1269 1.1630e-01     5.1979      8.246     11.960    10.5986 0.0000e+00
      8.451      0.161     8.9590     80.579     62.813  44.709840     3.7800     0.1935     0.1278     0.1269 1.1620e-01    11.7510      8.288     12.020    10.5990 0.0000e+00
      8.493      0.155     8.9634     80.549     74.285  52.868259     3.7800     0.1782     0.1278     0.1269 1.1617e-01    11.6759      8.328     12.079    10.5992 0.0000e+00
      8.533      0.147     8.9668     80.485     93.332  66.413679     3.7800     0.2164     0.1278     0.1269 1.1625e-01    11.6759      8.368     12.136    10.5988 0.0000e+00
      8.570      0.137     8.9685     80.375    121.762  86.629471     3.7800     0.2011     0.1278     0.1269 1.1617e-01    11.6909      8.405     12.190    10.5975 0.0000e+00
      8.605      0.125     8.9680     80.194    154.049 109.578706     3.7800     1.2082     0.1278     0.1269 1.1633e-01   334.4631      8.438     12.238    10.5955 0.0000e+00
      8.635      0.113     8.9648     79.900    180.942 128.677495     3.7800     1.2120     0.1278     0.1269 1.1617e-01   334.5533      8.468     12.282    10.5928 0.0000e+00
      8.662      0.100     8.9581     79.430    199.800 142.053231     3.7800     1.2235     0.1278     0.1269 1.1638e-01   334.4030      8.494     12.320    10.5888 0.0000e+00
      8.685      0.087     8.9464     78.710    212.748 151.225097     0.7200     1.2426     0.2982     2.4957 1.1612e-01   334.3879      8.517     12.353    10.5827 0.0000e+00
      8.705      0.076     8.9272     77.692    221.596 157.485219     0.7200    -0.1308     0.2982     2.4957 1.1605e-01     1.6057      8.537     12.382    10.5739 0.0000e+00
      8.723      0.065     8.8960     76.365    227.694 161.795449     0.7200    -0.0888     0.2982     2.4957 1.1617e-01     1.6508      8.554     12.407    10.5632 0.0000e+00
      8.738      0.054     8.8454     74.766    231.981 164.822820     0.7200    -0.1079     0.2982     2.4957 1.1625e-01     1.6207      8.569     12.428    10.5524 0.0000e+00
      8.750      0.043     8.7669     72.965    235.105 167.027781     0.7200    -0.1422     0.2982     2.4957 1.1623e-01     1.5606      8.581     12.446    10.5428 0.0000e+00
      8.760      0.033     8.6547     71.064    237.483 168.707265     0.0000    -0.1041     0.0000     0.0000 1.1623e-01     2.0566      8.590     12.460    10.5349 0.0000e+00
      8.767      0.022     8.5081     69.174    239.359 170.032022     0.0000    -0.1079     0.0000     0.0000 1.1623e-01     2.0416      8.597     12.470    10.5286 0.0000e+00
      8.772      0.011     8.3307     67.389    240.810 171.058252     0.0000    -0.1117     0.0000     0.0000 1.1628e-01     2.0115      8.602     12.476    10.5239 0.0000e+00
      8.773     -0.001     8.1307     65.767    241.890 171.822353     0.0000    -0.1193     0.0000     0.0000 1.1600e-01     2.1017      8.603     12.478    10.5204 0.0000e+00
      8.772     -0.012     7.9193     64.331    242.731 172.418423     0.0000    -0.0926    -0.0426     0.0423 1.1600e-01     2.5977      8.602     12.476    10.5178 0.0000e+00
      8.767     -0.024     7.7090     63.075    243.445 172.925656     0.0000    -0.1002    -0.0426     0.0423 1.1602e-01     2.5826      8.597     12.469    10.5161 0.0000e+00
      8.759     -0.037     7.5102     61.971    244.082 173.379617     0.0000    -0.0964    -0.0426     0.0423 1.1623e-01     2.7029      8.590     12.459    10.5149 0.0000e+00
      8.749     -0.050     7.3295     60.990    244.678 173.805650     0.0000    -0.1079    -0.0426     0.0423 1.1617e-01     2.6277      8.580     12.443    10.5142 0.0000e+00
      8.735     -0.063     7.1696     60.107    245.275 174.233615     0.0000    -0.1308     0.0000     0.0846 1.1612e-01    21.7160      8.566     12.423    10.5139 0.0000e+00
      8.717     -0.077     7.0296     59.311    245.912 174.689897     0.0000    -0.1002     0.0000     0.0846 1.1612e-01    21.6559      8.549     12.399    10.5139 0.0000e+00
      8.696     -0.090     6.9065     58.601    246.600 175.182509     0.0000    -0.1346     0.0000     0.0846 1.1630e-01    21.6559      8.528     12.369    10.5142 0.0000e+00
      8.671     -0.101     6.7969     57.979    247.336 175.709205     0.0000    -0.1117     0.0000     0.0846 1.1623e-01    21.7912      8.504     12.333    10.5147 0.0000e+00
      8.642     -0.110     6.6985     57.446    248.110 176.262869     0.0000     0.2240     0.0000     0.0846 1.1605e-01   137.0873      8.475     12.292    10.5154 0.0000e+00
      8.610     -0.115     6.6097     57.003    248.919 176.841575     0.0000     0.1973     0.0000     0.0423 1.1615e-01   137.1324      8.444     12.246    10.5162 0.0000e+00
      8.577     -0.118     6.5304     56.653    249.757 177.440100     0.0000     0.1897     0.0000     0.0423 1.1623e-01   137.1625      8.411     12.200    10.5170 0.0000e+00
      8.546     -0.121     6.4610     56.394    250.545 178.004651     0.0000     0.2164     0.0000     0.0423 1.1617e-01   137.1775      8.381     12.155    10.5178 0.0000e+00
      8.518     -0.125     6.4014     56.219    251.186 178.464393     0.0000     0.4338     0.0000     0.0423 1.1610e-01    56.7813      8.353     12.115    10.5186 0.0000e+00
      8.490     -0.134     6.3519     56.124    251.663 178.808293     0.0000     0.4300     0.0000     0.1692 1.1628e-01    56.7513      8.326     12.076    10.5193 0.0000e+00
      8.459     -0.148     6.3128     56.096    252.034 179.076199     0.0000     0.4529     0.0000     0.1692 1.1617e-01    56.7813      8.296     12.032    10.5201 0.0000e+00
      8.422     -0.165     6.2838     56.114    252.353 179.305648     0.0000     0.4376     0.0000     0.1692 1.1620e-01    56.7513      8.259     11.979    10.5210 0.0000e+00
      8.377     -0.182     6.2642     56.157    252.628 179.503972     0.0000     0.4300     0.0000     0.1692 1.1607e-01    59.9677      8.215     11.914    10.5219 0.0000e+00
      8.324     -0.195     6.2534     56.208    252.834 179.652251     0.0000     0.4796     0.2982     0.5076 1.1602e-01    59.8926      8.163     11.839    10.5228 0.0000e+00
      8.266     -0.203     6.2502     56.260    252.944 179.732184     0.0000     0.4491     0.2982     0.5076 1.1638e-01    59.8625      8.107     11.758    10.5236 0.0000e+00
      8.209     -0.205     6.2521     56.311    252.965 179.749128     0.0000     0.4186     0.2982     0.5076 1.1612e-01    59.9527      8.050     11.676    10.5243 0.0000e+00
      8.156     -0.203     6.2568     56.355    252.945 179.737522     0.0000     0.1859     0.2982     0.5076 1.1617e-01    13.1338      7.998     11.600    10.5248 0.0000e+00
      8.107     -0.200     6.2624     56.384    252.982 179.766076     0.0000     0.1821     0.2982     0.5076 1.1615e-01    13.1188      7.950     11.531    10.5252 0.0000e+00
      8.060     -0.196     6.2681     56.403    253.167 179.900250     2.2500     0.2088     0.7242     1.0575 1.1605e-01    13.1639      7.904     11.464    10.5255 0.0000e+00
      8.012     -0.192     6.2738     56.413    253.527 180.157873     2.2500     0.2164     0.7242     1.0575 1.1617e-01    13.1188      7.857     11.395    10.5259 0.0000e+00
      7.961     -0.188     6.2786     56.410    254.026 180.513897     2.2500     0.1668     0.7242     1.0575 1.1628e-01    12.3522      7.807     11.323    10.5264 0.0000e+00
      7.911     -0.185     6.2817     56.391    254.591 180.917650     2.2500     0.1897     0.7242     1.0575 1.1600e-01    12.4725      7.757     11.251    10.5270 0.0000e+00
      7.862     -0.183     6.2837     56.351    255.155 181.321215     4.0500     0.1821     0.5964     0.6768 1.1628e-01    12.4274      7.710     11.183    10.5274 0.0000e+00
      7.818     -0.182     6.2848     56.291    255.676 181.694570     4.0500     0.1706     0.5964     0.6768 1.1607e-01    12.4274      7.667     11.120    10.5278 0.0000e+00
      7.777     -0.184     6.2844     56.220    256.135 182.023572     4.0500     0.2355     0.5964     0.6768 1.1617e-01    17.6879      7.626     11.061    10.5281 0.0000e+00
      7.734     -0.189     6.2822     56.142    256.538 182.312175     4.0500     0.2584     0.5964     0.6768 1.1638e-01    17.6729      7.584     11.000    10.5284 0.0000e+00
      7.686     -0.196     6.2777     56.057    256.898 182.569513     4.2300     0.2355     0.4260     0.4230 1.1617e-01    17.7030      7.537     10.931    10.5290 0.0000e+00
      7.632     -0.201     6.2710     55.974    257.193 182.780425     4.2300     0.2431     0.4260     0.4230 1.1630e-01    17.6428      7.485     10.855    10.5296 0.0000e+00
      7.575     -0.203     6.2630     55.895    257.386 182.917366     4.2300     0.1973     0.4260     0.4230 1.1617e-01    10.5937      7.429     10.774    10.5301 0.0000e+00
      7.518     -0.201     6.2541     55.815    257.438 182.955011     4.2300     0.1821     0.4260     0.4230 1.1612e-01    10.5336      7.373     10.694    10.5306 0.0000e+00
      7.465     -0.196     6.2447     55.739    257.298 182.855520     4.3200     0.1935     0.3834     0.2961 1.1617e-01    10.5486      7.321     10.618    10.5309 0.0000e+00
      7.418     -0.190     6.2354     55.667    256.898 182.572410     4.3200     0.2088     0.3834     0.2961 1.1600e-01    10.6087      7.275     10.551    10.5311 0.0000e+00
      7.375     -0.186     6.2266     55.598    256.155 182.046148     4.3200     0.1897     0.3834     0.2961 1.1628e-01     9.8873      7.232     10.490    10.5312 0.0000e+00
      7.333     -0.187     6.2177     55.528    254.948 181.190260     4.3200     0.1782     0.3834     0.2961 1.1623e-01     9.7971      7.191     10.430    10.5313 0.0000e+00
      7.288     -0.191     6.2092     55.462    253.027 179.826385     4.3200     0.2011     0.3834     0.2961 1.1612e-01     9.7971      7.147     10.365    10.5314 0.0000e+00
      7.238     -0.196     6.2012     55.407    249.841 177.564889     4.1400     0.1935     0.3834     0.3384 1.1617e-01     9.9023      7.098     10.295    10.5317 0.0000e+00
      7.183     -0.199     6.1934     55.349    244.391 173.694976     4.1400     0.1248     0.3834     0.3384 1.1623e-01     6.4153      7.044     10.217    10.5321 0.0000e+00
      7.127     -0.197     6.1855     55.272    235.034 167.051005     4.1400     0.1439     0.3834     0.3384 1.1597e-01     6.5656      6.989     10.137    10.5325 0.0000e+00
      7.072     -0.190     6.1781     55.168    220.093 156.439664     4.1400     0.1210     0.3834     0.3384 1.1620e-01     6.4003      6.936     10.059    10.5331 0.0000e+00
      7.023     -0.179     6.1719     55.031    199.024 141.473896     4.1400     0.1515     0.4260     0.4230 1.1612e-01     6.4304      6.887      9.989    10.5339 0.0000e+00
      6.980     -0.167     6.1654     54.854    172.274 122.469508     4.1400     0.1363     0.4260     0.4230 1.1607e-01     5.4083      6.845      9.929    10.5352 0.0000e+00
      6.943     -0.157     6.1567     54.622    141.105 100.321489     4.1400     0.1286     0.4260     0.4230 1.1612e-01     5.2730      6.809      9.876    10.5372 0.0000e+00
      6.909     -0.153     6.1449     54.309    110.084  78.278918     4.1400     0.1286     0.4260     0.4230 1.1615e-01     5.3181      6.776      9.828    10.5402 0.0000e+00
      6.875     -0.154     6.1296     53.868     85.676  60.937771     4.1400     0.1515     0.2556     0.2115 1.1607e-01     5.3782      6.742      9.779    10.5442 0.0000e+00
      6.837     -0.157     6.1096     53.181     69.834  49.687312     4.1400     0.1439     0.2556     0.2115 1.1615e-01     5.4083      6.704      9.724    10.5493 0.0000e+00
      6.793     -0.160     6.0834     52.015     60.208  42.854802     4.1400     0.1363     0.2556     0.2115 1.1602e-01     5.3332      6.662      9.662    10.5558 0.0000e+00
      6.747     -0.162     6.0479     50.223     54.395  38.729140     4.1400     0.1363     0.2556     0.2115 1.1620e-01     5.2580      6.617      9.597    10.5645 0.0000e+00
      6.702     -0.161     5.9976     48.112     50.893  36.243812     4.1400     0.1859     0.2556     0.2115 1.1615e-01     5.3782      6.573      9.533    10.5759 0.0000e+00
      6.662     -0.160     5.9196     46.463     48.792  34.751908     3.9600     0.1592     0.2130     0.1692 1.1620e-01     5.2730      6.533      9.475    10.5885 0.0000e+00
      6.625     -0.161     5.7885     46.170     47.535  33.859548     3.9600     0.1515     0.2130     0.1692 1.1617e-01     5.2730      6.497      9.422    10.5996 0.0000e+00
      6.589     -0.167     5.5882     47.858     46.786  33.328768     3.9600     0.1515     0.2130     0.1692 1.1623e-01     5.3632      6.461      9.371    10.6075 0.0000e+00
      6.550     -0.177     5.3528     51.733     46.341  33.014066     3.9600     0.1286     0.2130     0.1692 1.1610e-01     5.3933      6.423      9.316    10.6121 0.0000e+00
      6.505     -0.192     5.1691     57.605     46.070  32.823602     4.0500     0.1210     0.1704     0.2538 1.1615e-01     5.3782      6.379      9.252    10.6145 0.0000e+00
      6.453     -0.206     5.1362     64.957     45.902  32.706585     4.0500     0.1554     0.1704     0.2538 1.1625e-01     5.2430      6.328      9.178    10.6158 0.0000e+00
      6.394     -0.216     5.3238     72.964     45.799  32.635772     4.0500     0.1172     0.1704     0.2538 1.1615e-01     5.4083      6.271      9.095    10.6172 0.0000e+00
      6.332     -0.218     5.7545     80.629     45.737  32.592278     4.0500     0.1592     0.1704     0.2538 1.1612e-01     5.3181      6.209      9.006    10.6191 0.0000e+00
      6.270     -0.214     6.4072     87.096     45.698  32.564506     4.0500     0.1248     0.2130     0.1269 1.1612e-01     5.3181      6.149      8.918    10.6217 0.0000e+00
      6.213     -0.204     7.2245     91.907     45.667  32.541088     4.0500     0.1554     0.2130     0.1269 1.1628e-01     5.8592      6.093      8.837    10.6246 0.0000e+00
      6.164     -0.192     8.1147     95.018     45.639  32.519741     4.0500     0.1248     0.2130     0.1269 1.1602e-01     5.8141      6.045      8.767    10.6268 0.0000e+00
      6.121     -0.182     8.9670     96.655     45.628  32.510615     4.0500     0.1363     0.2130     0.1269 1.1610e-01     5.7540      6.003      8.706    10.6278 0.0000e+00
      6.081     -0.175     9.6864     97.142     45.635  32.515235     3.8700     0.1515     0.1704     0.1692 1.1595e-01     5.7540      5.963      8.649    10.6275 0.0000e+00
