Data/DataNotYetUploadedToEDI/Raw_CTD/RawDownloads/062821_fcr50_0002.cnv
* Sea-Bird SBE19plus  Data File:
* FileName = C:\R\Reservoirs\Data\DataNotYetUploadedToEDI\Raw_CTD\RawDownloads\062821_bvr50_0002.hex
* Software version 2.8.0.119
* Temperature SN = 7809
* Conductivity SN = 7809
* System UpLoad Time = Jun 28 2021 17:45:12
* <ApplicationData>
* <Seaterm232>
# nquan = 16
# nvalues = 1582                        
# units = specified
# name 0 = depFM: Depth [fresh water, m]
# name 1 = dz/dtM: Descent Rate [m/s]
# name 2 = orp: Oxidation Reduction Potential [mV]
# name 3 = sbeox0Mg/L: Oxygen, SBE 43 [mg/l]
# name 4 = sbeox0PS: Oxygen, SBE 43 [% saturation]
# name 5 = par/sat/log: PAR/Logarithmic, Satlantic
# name 6 = ph: pH
# name 7 = specc: Specific Conductance [uS/cm]
# name 8 = c0uS/cm: Conductivity [uS/cm]
# name 9 = flECO-AFL: Fluorescence, WET Labs ECO-AFL/FL [mg/m^3]
# name 10 = turbWETntu0: Turbidity, WET Labs ECO [NTU]
# name 11 = tv290C: Temperature [ITS-90, deg C]
# name 12 = density00: Density [density, kg/m^3]
# name 13 = prdE: Pressure, Strain Gauge [psi]
# name 14 = prdM: Pressure, Strain Gauge [db]
# name 15 = flag:  0.000e+00
# span 0 =     -0.563,      9.819       
# span 1 =     -0.396,      0.180       
# span 2 = -1240.7455,   520.9227       
# span 3 =     0.3580,    11.4697       
# span 4 =      3.268,    142.360       
# span 5 = 1.2338e-01, 2.3846e+03       
# span 6 =     15.190,     15.904       
# span 7 =      0.522,    287.598       
# span 8 =   0.573648, 199.925307       
# span 9 =    -3.2969,     5.4179       
# span 10 =    -6.5134,   201.7448      
# span 11 =     9.7415,    29.9454      
# span 12 =   995.6731,   999.8755      
# span 13 =     -0.800,     13.968      
# span 14 =     -0.552,      9.631      
# span 15 = 0.0000e+00, 0.0000e+00      
# interval = seconds: 0.25
# start_time = Jun 28 2021 01:06:12 [Instrument's time stamp, header]
# bad_flag = -9.990e-29
*END*
[from data line 181]
     -0.035     -0.004  -775.7125    10.3389    127.273 2.4542e+02     15.457     40.757  41.550434     2.7229    16.7599    26.0489   996.7920     -0.050     -0.035 0.0000e+00
     -0.035     -0.016  -773.0431    10.2391    127.993 2.4574e+02     15.458     40.778  41.563399     2.7226    16.7741    26.0183   996.8002     -0.050     -0.035 0.0000e+00
     -0.035     -0.038  -770.3327    10.2317    128.683 2.4579e+02     15.459     40.789  41.568657     2.7152    16.5326    25.9930   996.8069     -0.051     -0.035 0.0000e+00
     -0.037     -0.062  -767.4636    10.2721    129.266 2.4477e+02     15.458     40.824  41.613989     2.6998    16.0703    25.9775   996.8110     -0.050     -0.034 0.0000e+00
     -0.050     -0.077  -764.7668    10.3281    129.840 2.4185e+02     15.456     40.904  41.730670     2.6997    15.8544    25.9668   996.8139     -0.056     -0.039 0.0000e+00
     -0.086     -0.083  -762.5046    10.3919    130.586 2.4046e+02     15.455     40.959  41.836935     2.7222    15.9130    25.9579   996.8161     -0.110     -0.076 0.0000e+00
     -0.136     -0.081  -760.5030    10.4539    131.481 2.4328e+02     15.454     40.959  41.883301     2.7906    16.1610    25.9438   996.8195     -0.209     -0.144 0.0000e+00
     -0.166     -0.073  -759.0635    10.4990    132.333 2.7774e+02     15.453     40.948  41.910497     2.8980    16.5524    25.9450   996.8190     -0.254     -0.175 0.0000e+00
     -0.170     -0.066  -758.4360    10.5259    132.923 3.1598e+02     15.453     40.916  41.911922     2.9522    16.7324    25.9951   996.8058     -0.240     -0.167 0.0000e+00
     -0.167     -0.062  -757.8210    10.5750    133.112 2.9328e+02     15.453     40.884  41.900589     2.9596    16.7575    26.0708   996.7857     -0.234     -0.162 0.0000e+00
     -0.167     -0.062  -756.4455    10.6426    132.949 2.5533e+02     15.453     40.877  41.900456     2.9685    16.8568    26.1257   996.7710     -0.235     -0.162 0.0000e+00
     -0.180     -0.065  -754.5386    10.7103    132.649 2.3703e+02     15.453     40.879  41.910317     2.9068    17.2455    26.1677   996.7598     -0.242     -0.167 0.0000e+00
     -0.215     -0.069  -752.7465    10.7533    132.402 2.2490e+02     15.452     40.848  41.892878     2.7758    17.9205    26.2167   996.7465     -0.297     -0.205 0.0000e+00
     -0.257     -0.070  -751.3830    10.7613    132.100 2.2219e+02     15.451     40.758  41.816579     2.6924    18.6333    26.2469   996.7382     -0.384     -0.264 0.0000e+00
     -0.277     -0.069  -750.0121    10.7412    131.310 2.2362e+02     15.450     40.684  41.749524     2.5471    22.3961    26.2446   996.7388     -0.408     -0.282 0.0000e+00
     -0.275     -0.061  -748.2174    10.7089    129.867 2.2551e+02     15.450     40.652  41.716889     1.0374    62.9353    26.2483   996.7378     -0.389     -0.268 0.0000e+00
     -0.275     -0.046  -746.0309    10.6856    128.310 2.2543e+02     15.450     40.615  41.675899    -1.7236   137.2051    26.2738   996.7310     -0.380     -0.262 0.0000e+00
     -0.292     -0.031  -743.7949    10.6736    127.311 2.2342e+02     15.449     40.578  41.634754    -3.2258   177.4586    26.2958   996.7250     -0.408     -0.281 0.0000e+00
     -0.315     -0.024  -741.8305    10.6200    127.064 2.2229e+02     15.449     40.544  41.600256    -3.2969   178.3618    26.3063   996.7219     -0.463     -0.319 0.0000e+00
     -0.323     -0.020  -740.0045    10.4797    127.133 2.2262e+02     15.449     40.458  41.512690    -2.5268   148.9155    26.3048   996.7223     -0.467     -0.322 0.0000e+00
     -0.318     -0.012  -738.0641    10.3337    126.905 2.2267e+02     15.449     40.350  41.401173    -1.0860    94.4396    26.2980   996.7242     -0.448     -0.309 0.0000e+00
     -0.313     -0.002  -735.8350    10.2466    126.389 2.2216e+02     15.449     40.347  41.394447    -0.2954    64.7661    26.2953   996.7249     -0.445     -0.307 0.0000e+00
     -0.311      0.005  -733.3577    10.2411    126.217 2.2185e+02     15.450     40.390  41.431367    -0.1974    62.7385    26.2955   996.7249     -0.443     -0.305 0.0000e+00
     -0.311      0.005  -730.9118    10.2727    126.879 2.2185e+02     15.450     40.372  41.403228     0.0798    70.2325    26.2967   996.7246     -0.443     -0.305 0.0000e+00
     -0.311      0.002  -728.4598    10.2532    128.220 2.2194e+02     15.450     40.349  41.371583     0.5860    84.4450    26.2970   996.7244     -0.442     -0.305 0.0000e+00
     -0.311      0.001  -725.8231    10.1873    129.620 2.2219e+02     15.451     40.347  41.366105     0.8776    92.1676    26.2942   996.7252     -0.442     -0.305 0.0000e+00
     -0.311      0.001  -722.8644    10.1569    130.163 2.2280e+02     15.451     40.317  41.336993     0.9066    92.4000    26.2845   996.7278     -0.442     -0.305 0.0000e+00
     -0.311      0.001  -719.5301    10.2209    128.564 2.2338e+02     15.450     40.250  41.273484     0.8328    87.2542    26.2698   996.7317     -0.443     -0.305 0.0000e+00
     -0.311      0.001  -716.1384    10.3503    123.749 2.2359e+02     15.449     40.201  41.232972     0.6908    77.7073    26.2588   996.7346     -0.443     -0.306 0.0000e+00
     -0.311      0.001  -712.9167    10.4872    116.204 2.2360e+02     15.449     40.186  41.228029     0.6207    72.5168    26.2546   996.7359     -0.442     -0.305 0.0000e+00
     -0.310      0.001  -709.7442    10.5680    108.100 2.2374e+02     15.449     40.164  41.213734     0.6330    72.3230    26.2559   996.7355     -0.441     -0.304 0.0000e+00
     -0.310      0.002  -706.6035    10.4829    101.804 2.2399e+02     15.449     40.132  41.187091     0.6489    75.2959    26.2643   996.7332     -0.439     -0.304 0.0000e+00
     -0.310      0.005  -703.3353    10.0791     98.366 2.2429e+02     15.449     40.102  41.159791     0.8315   108.3579    26.2780   996.7295     -0.440     -0.303 0.0000e+00
     -0.310      0.011  -699.7394     9.3934     97.375 2.2461e+02     15.449     40.077  41.137552     1.2004   168.9825    26.2920   996.7257     -0.441     -0.304 0.0000e+00
     -0.309      0.019  -696.1654     8.6601     97.873 2.2492e+02     15.449     40.105  41.172099     1.4185   201.7448    26.3027   996.7228     -0.440     -0.303 0.0000e+00
     -0.305      0.026  -692.6448     8.1197     99.009 2.2655e+02     15.449     40.243  41.323604     1.4762   200.6046    26.3090   996.7211     -0.437     -0.302 0.0000e+00
     -0.295      0.032  -688.7488     7.8653    100.294 2.2994e+02     15.448     40.412  41.509501     1.8688   154.3736    26.3134   996.7200     -0.422     -0.291 0.0000e+00
     -0.280      0.041  -682.9579     7.8123    101.417 2.3223e+02     15.444     40.532  41.642517     2.5985    69.0794    26.3168   996.7191     -0.396     -0.273 0.0000e+00
     -0.269      0.052  -675.1983     7.8802    102.288 2.3300e+02     15.439     40.606  41.725879     3.0039    22.5584    26.3217   996.7179     -0.380     -0.263 0.0000e+00
     -0.259      0.068  -668.7500     7.9796    103.116 2.3413e+02     15.436     40.630  41.755735     3.0410    18.3747    26.3330   996.7149     -0.371     -0.256 0.0000e+00
     -0.248      0.087  -664.1013     8.0887    103.924 2.3516e+02     15.437     40.622  41.749605     3.0286    18.1860    26.3515   996.7100     -0.357     -0.246 0.0000e+00
     -0.228      0.108  -658.9994     8.1862    104.703 2.3619e+02     15.441     40.535  41.651770     2.9963    18.4223    26.3659   996.7063     -0.333     -0.229 0.0000e+00
     -0.195      0.128  -653.4383     8.2372    105.463 2.3894e+02     15.445     40.432  41.524930     2.9751    18.5196    26.3731   996.7045     -0.283     -0.195 0.0000e+00
     -0.151      0.143  -648.4855     8.3098    106.117 2.4260e+02     15.448     40.478  41.548925     2.9723    18.5043    26.3800   996.7029     -0.217     -0.150 0.0000e+00
     -0.103      0.150  -643.8560     8.3741    106.744 2.4565e+02     15.449     40.575  41.624488     2.9433    18.3405    26.3850   996.7018     -0.148     -0.102 0.0000e+00
     -0.058      0.147  -638.6760     8.4325    107.531 2.4824e+02     15.451     40.603  41.613344     2.8912    18.0153    26.3786   996.7036     -0.076     -0.052 0.0000e+00
     -0.022      0.132  -633.1769     8.5092    108.819 2.4988e+02     15.454     40.597  41.541083     2.8580    17.7995    26.3470   996.7122     -0.027     -0.019 0.0000e+00
      0.008      0.110  -628.3026     8.5585    110.789 2.5248e+02     15.457     40.585  41.448904     2.8470    17.6886    26.3138   996.7213      0.008      0.005 0.0000e+00
      0.037      0.086  -624.1368     8.6111    112.992 2.5759e+02     15.459     40.598  41.387339     2.8433    17.4646    26.2956   996.7263      0.057      0.039 0.0000e+00
      0.059      0.066  -619.8054     8.6697    114.939 2.6041e+02     15.460     40.633  41.367850     2.8329    17.1507    26.2521   996.7382      0.094      0.064 0.0000e+00
      0.067      0.056  -614.6504     8.7747    116.767 2.5687e+02     15.461     40.633  41.340140     2.8356    17.0176    26.1626   996.7622      0.097      0.067 0.0000e+00
      0.067      0.054  -609.1287     8.9723    118.911 2.5201e+02     15.461     40.604  41.306147     2.8473    17.0225    26.0526   996.7915      0.096      0.067 0.0000e+00
      0.070      0.053  -604.0647     9.1874    121.569 2.5172e+02     15.461     40.634  41.337684     2.8322    17.0030    25.9586   996.8164      0.094      0.065 0.0000e+00
      0.086      0.053  -599.6257     9.3483    124.395 2.4694e+02     15.461     40.707  41.404076     2.7960    16.9880    25.8868   996.8355      0.107      0.074 0.0000e+00
      0.116      0.054  -595.8090     9.4868    126.631 2.3410e+02     15.462     40.732  41.410667     2.7622    16.9791    25.8514   996.8452      0.170      0.118 0.0000e+00
      0.140      0.055  -592.3335     9.6541    127.871 2.2671e+02     15.462     40.697  41.353868     2.7562    16.9982    25.8577   996.8436      0.213      0.147 0.0000e+00
      0.148      0.061  -588.4914     9.8752    128.123 2.2614e+02     15.463     40.651  41.288565     2.7709    17.0468    25.8633   996.8421      0.212      0.146 0.0000e+00
      0.151      0.074  -583.4258    10.1404    127.592 2.2511e+02     15.464     40.632  41.255804     2.7883    17.2242    25.8554   996.8442      0.211      0.145 0.0000e+00
      0.157      0.091  -577.5471    10.3356    126.714 2.2265e+02     15.464     40.605  41.211636     2.7953    17.4955    25.8291   996.8511      0.221      0.152 0.0000e+00
      0.173      0.110  -572.4772    10.4378    125.784 2.2066e+02     15.464     40.545  41.135344     2.7791    17.6488    25.7980   996.8594      0.232      0.160 0.0000e+00
      0.214      0.126  -568.4153    10.4636    125.041 2.2041e+02     15.465     40.521  41.095025     2.7646    17.7038    25.7759   996.8654      0.286      0.198 0.0000e+00
      0.275      0.134  -564.7440    10.4010    124.784 2.2075e+02     15.467     40.558  41.104957     2.7721    17.6108    25.7628   996.8692      0.404      0.279 0.0000e+00
      0.325      0.130  -560.8693    10.3291    124.956 2.2042e+02     15.468     40.617  41.128443     2.7844    17.3835    25.7418   996.8750      0.475      0.328 0.0000e+00
      0.352      0.118  -556.4982    10.2540    125.175 2.2005e+02     15.469     40.662  41.125033     2.7796    17.2551    25.7192   996.8810      0.501      0.345 0.0000e+00
      0.371      0.103  -552.1592    10.1786    124.971 2.1989e+02     15.472     40.676  41.063664     2.7608    17.2264    25.7101   996.8834      0.532      0.367 0.0000e+00
      0.384      0.093  -547.9852    10.1699    123.986 2.1941e+02     15.475     40.662  40.957580     2.7385    17.3108    25.6699   996.8940      0.546      0.377 0.0000e+00
      0.398      0.092  -543.8021    10.2050    122.262 2.1814e+02     15.478     40.647  40.857810     2.7200    17.4861    25.6233   996.9063      0.561      0.387 0.0000e+00
      0.422      0.095  -539.3526    10.2439    120.209 2.1465e+02     15.480     40.666  40.809311     2.7087    17.5268    25.5810   996.9175      0.594      0.410 0.0000e+00
      0.456      0.096  -534.3678    10.2610    118.332 2.0945e+02     15.481     40.657  40.751921     2.6971    17.4596    25.4787   996.9445      0.647      0.446 0.0000e+00
      0.491      0.096  -529.0461    10.2018    117.040 2.0458e+02     15.482     40.622  40.671616     2.6757    17.3605    25.3490   996.9783      0.704      0.485 0.0000e+00
      0.519      0.094  -523.7060    10.0653    116.558 2.0125e+02     15.485     40.608  40.599951     2.6500    17.2551    25.2459   997.0051      0.744      0.514 0.0000e+00
      0.534      0.086  -518.7578     9.8967    116.801 1.9935e+02     15.487     40.511  40.456593     2.6430    17.2486    25.1608   997.0272      0.764      0.526 0.0000e+00
      0.548      0.077  -514.4742     9.7396    117.381 1.9545e+02     15.488     40.406  40.334589     2.6393    17.2488    25.1056   997.0415      0.772      0.532 0.0000e+00
      0.569      0.072  -510.6303     9.6327    117.980 1.8960e+02     15.490     40.435  40.330741     2.6244    17.2235    25.0698   997.0507      0.809      0.558 0.0000e+00
      0.591      0.072  -506.6975     9.6089    118.481 1.8559e+02     15.492     40.508  40.346556     2.6159    17.4228    24.9805   997.0737      0.845      0.583 0.0000e+00
      0.606      0.076  -502.1993     9.6598    118.771 1.8198e+02     15.492     40.538  40.335302     2.6216    17.8393    24.8987   997.0947      0.859      0.592 0.0000e+00
      0.622      0.077  -497.4559     9.7142    118.712 1.7726e+02     15.492     40.477  40.258074     2.6364    18.1039    24.9209   997.0890      0.883      0.609 0.0000e+00
      0.643      0.079  -492.7103     9.7699    118.241 1.7099e+02     15.492     40.404  40.174437     2.6426    18.1161    24.8840   997.0986      0.910      0.628 0.0000e+00
      0.667      0.085  -487.9263     9.8357    117.552 1.6474e+02     15.494     40.407  40.149154     2.6964    18.0903    24.7775   997.1258      0.953      0.657 0.0000e+00
      0.687      0.095  -483.3203     9.8709    117.100 1.6074e+02     15.495     40.356  40.079283     2.8091    18.1696    24.7333   997.1371      0.983      0.678 0.0000e+00
      0.705      0.102  -477.9743     9.8738    117.345 1.5408e+02     15.495     40.304  40.027775     2.8802    18.2855    24.7167   997.1414      0.992      0.683 0.0000e+00
      0.733      0.105  -471.2982     9.8267    118.355 1.4414e+02     15.495     40.324  40.034139     2.9081    18.3578    24.7280   997.1387      1.041      0.718 0.0000e+00
      0.768      0.101  -464.6345     9.7646    119.735 1.3511e+02     15.495     40.261  39.965786     2.9363    18.5295    24.6720   997.1531      1.096      0.755 0.0000e+00
      0.802      0.093  -459.1797     9.7196    121.184 1.2663e+02     15.495     40.178  39.899491     2.9643    18.8164    24.6261   997.1647      1.139      0.785 0.0000e+00
      0.831      0.082  -455.0751     9.7251    122.515 1.2089e+02     15.495     40.217  39.930780     2.9791    18.9769    24.6762   997.1522      1.191      0.822 0.0000e+00
      0.848      0.067  -451.3146     9.8381    123.334 1.1947e+02     15.496     40.287  39.963266     2.9725    18.9937    24.6282   997.1645      1.215      0.838 0.0000e+00
      0.854      0.052  -447.0094     9.9653    123.232 1.1873e+02     15.496     40.247  39.911394     2.9609    18.8472    24.6034   997.1707      1.213      0.836 0.0000e+00
      0.859      0.042  -442.6858    10.0731    122.082 1.1631e+02     15.495     40.119  39.811335     2.9524    18.5108    24.6680   997.1543      1.217      0.840 0.0000e+00
      0.869      0.039  -438.4439    10.2015    120.209 1.1320e+02     15.494     40.067  39.769024     2.9471    18.2911    24.6612   997.1561      1.235      0.852 0.0000e+00
      0.880      0.044  -434.0942    10.2980    118.208 1.1124e+02     15.495     40.116  39.780654     2.9537    18.3201    24.5755   997.1778      1.256      0.866 0.0000e+00
