Data/DataNotYetUploadedToEDI/Raw_CTD/RawDownloads/062821_bvr50_0001.cnv
* Sea-Bird SBE19plus  Data File:
* FileName = C:\R\Reservoirs\Data\DataNotYetUploadedToEDI\Raw_CTD\RawDownloads\062821_bvr50_0001.hex
* Software version 2.8.0.119
* Temperature SN = 7809
* Conductivity SN = 7809
* System UpLoad Time = Jun 28 2021 17:44:31
* <ApplicationData>
* <Seaterm232>
# nquan = 16
# nvalues = 1284                        
# units = specified
# name 0 = depFM: Depth [fresh water, m]
# name 1 = dz/dtM: Descent Rate [m/s]
# name 2 = orp: Oxidation Reduction Potential [mV]
# name 3 = sbeox0Mg/L: Oxygen, SBE 43 [mg/l]
# name 4 = sbeox0PS: Oxygen, SBE 43 [% saturation]
# name 5 = par/sat/log: PAR/Logarithmic, Satlantic
# name 6 = ph: pH
# name 7 = specc: Specific Conductance [uS/cm]
# name 8 = c0uS/cm: Conductivity [uS/cm]
# name 9 = flECO-AFL: Fluorescence, WET Labs ECO-AFL/FL [mg/m^3]
# name 10 = turbWETntu0: Turbidity, WET Labs ECO [NTU]
# name 11 = tv290C: Temperature [ITS-90, deg C]
# name 12 = density00: Density [density, kg/m^3]
# name 13 = prdE: Pressure, Strain Gauge [psi]
# name 14 = prdM: Pressure, Strain Gauge [db]
# name 15 = flag:  0.000e+00
# span 0 =     -0.651,     10.275       
# span 1 =     -0.380,      0.209       
# span 2 =  -528.7915,   337.8928       
# span 3 =     0.4383,     9.1555       
# span 4 =      3.873,    111.481       
# span 5 = 1.2347e-01, 2.2777e+03       
# span 6 =     15.408,     15.917       
# span 7 =      0.481,    108.096       
# span 8 =   0.500765,  72.967021       
# span 9 =    -1.8637,    21.3588       
# span 10 =    -0.2973,    52.5627      
# span 11 =     8.7353,    27.1354      
# span 12 =   996.4842,   999.8904      
# span 13 =     -0.926,     14.616      
# span 14 =     -0.639,     10.078      
# span 15 = 0.0000e+00, 0.0000e+00      
# interval = seconds: 0.25
# start_time = Jun 27 2021 21:27:32 [Instrument's time stamp, header]
# bad_flag = -9.990e-29
*END*
[from data line 91]
      0.014      0.003  -226.0356     7.2641     86.580 1.7093e+03     15.457     27.396  27.772075     0.1289     1.4024    25.6769   996.8865      0.020      0.014 0.0000e+00
      0.015      0.002  -225.6499     7.2288     85.859 1.7234e+03     15.457     27.395  27.771508     0.1396     1.4250    25.6757   996.8869      0.021      0.015 0.0000e+00
      0.015      0.000  -225.1717     7.1778     85.113 1.6199e+03     15.457     27.387  27.765218     0.1604     1.4576    25.6751   996.8870      0.021      0.015 0.0000e+00
      0.016      0.000  -224.6413     7.1231     84.363 1.5031e+03     15.456     27.380  27.759452     0.1700     1.4532    25.6769   996.8865      0.022      0.015 0.0000e+00
      0.016     -0.001  -224.3140     7.0655     83.661 1.3907e+03     15.455     27.385  27.765219     0.1701     1.4064    25.6796   996.8858      0.022      0.015 0.0000e+00
      0.015     -0.001  -224.0525     7.0062     83.015 1.3606e+03     15.455     27.390  27.771525     0.1801     1.3724    25.6814   996.8854      0.022      0.015 0.0000e+00
      0.014     -0.001  -223.7165     6.9460     82.412 1.4222e+03     15.456     27.390  27.772269     0.2052     1.4185    25.6835   996.8848      0.020      0.014 0.0000e+00
      0.014     -0.001  -223.4351     6.8807     81.831 1.4057e+03     15.457     27.392  27.774207     0.2257     1.4498    25.6861   996.8841      0.019      0.013 0.0000e+00
      0.014      0.000  -223.0599     6.8244     81.229 1.3236e+03     15.457     27.412  27.794958     0.2284     1.4076    25.6880   996.8835      0.018      0.013 0.0000e+00
      0.014      0.001  -222.6210     6.7714     80.602 1.2168e+03     15.457     27.448  27.832873     0.2186     1.3537    25.6893   996.8833      0.020      0.013 0.0000e+00
      0.014      0.001  -222.5168     6.7228     80.012 1.0868e+03     15.457     27.467  27.852052     0.2124     1.3481    25.6908   996.8829      0.021      0.014 0.0000e+00
      0.014      0.001  -222.4887     6.6764     79.459 9.3539e+02     15.457     27.450  27.836555     0.2201     1.4081    25.6921   996.8825      0.020      0.014 0.0000e+00
      0.015      0.000  -222.2806     6.6285     78.893 7.2099e+02     15.457     27.448  27.835791     0.2158     1.4272    25.6930   996.8823      0.021      0.015 0.0000e+00
      0.016     -0.003  -222.2378     6.5733     78.327 5.1433e+02     15.456     27.517  27.906253     0.1988     1.3736    25.6940   996.8821      0.023      0.016 0.0000e+00
      0.016     -0.011  -222.0575     6.5251     77.781 4.0413e+02     15.456     27.598  27.990761     0.2056     1.3772    25.6951   996.8818      0.024      0.016 0.0000e+00
      0.015     -0.025  -221.6488     6.4836     77.312 3.5865e+02     15.456     27.630  28.032964     0.2220     1.4365    25.6975   996.8812      0.021      0.015 0.0000e+00
      0.013     -0.045  -221.5979     6.4346     77.081 3.4265e+02     15.455     27.609  28.035946     0.2150     1.4384    25.6990   996.8808      0.019      0.013 0.0000e+00
      0.003     -0.069  -221.7011     6.3887     77.287 3.5052e+02     15.452     27.564  28.026852     0.1875     1.3656    25.7015   996.8801      0.012      0.009 0.0000e+00
     -0.017     -0.092  -221.5204     6.3427     78.008 3.6476e+02     15.450     27.554  28.049924     0.1565     1.2781    25.7032   996.8795     -0.018     -0.012 0.0000e+00
     -0.048     -0.110  -220.9614     6.2993     79.251 3.7993e+02     15.449     27.544  28.061234     0.1462     1.2385    25.7102   996.8776     -0.065     -0.045 0.0000e+00
     -0.088     -0.116  -220.1907     6.2671     80.996 3.9184e+02     15.448     27.512  28.036772     0.1578     1.2296    25.7564   996.8653     -0.121     -0.083 0.0000e+00
     -0.131     -0.109  -219.5146     6.2736     83.012 3.9800e+02     15.449     27.489  28.007900     0.1826     1.2056    25.8353   996.8442     -0.190     -0.131 0.0000e+00
     -0.166     -0.091  -218.8963     6.3260     84.850 4.0143e+02     15.450     27.464  27.965863     0.2071     1.1546    25.9026   996.8262     -0.245     -0.169 0.0000e+00
     -0.187     -0.063  -218.3074     6.4195     86.023 4.0318e+02     15.452     27.427  27.909074     0.2066     1.1274    25.9411   996.8159     -0.271     -0.187 0.0000e+00
     -0.194     -0.031  -217.9006     6.5671     86.273 4.0190e+02     15.453     27.365  27.828698     0.2054     1.1853    25.9552   996.8121     -0.280     -0.193 0.0000e+00
     -0.194      0.003  -217.6767     6.7459     85.849 4.0210e+02     15.454     27.246  27.691765     0.2113     1.2031    25.9438   996.8152     -0.279     -0.192 0.0000e+00
     -0.188      0.035  -217.4074     6.9146     85.459 4.0644e+02     15.455     27.096  27.522029     0.2018     1.1362    25.9089   996.8246     -0.269     -0.185 0.0000e+00
     -0.176      0.063  -216.9680     7.0249     86.107 4.0978e+02     15.456     26.963  27.362174     0.1958     1.1317    25.8713   996.8345     -0.254     -0.175 0.0000e+00
     -0.158      0.091  -216.5798     7.0422     88.963 4.0857e+02     15.456     26.845  27.217826     0.1955     1.1823    25.8391   996.8430     -0.229     -0.158 0.0000e+00
     -0.131      0.121  -216.1548     6.9873     94.329 3.9916e+02     15.456     26.760  27.108720     0.1787     1.2682    25.8132   996.8500     -0.189     -0.131 0.0000e+00
     -0.097      0.150  -215.1852     6.9344    100.821 3.5477e+02     15.458     26.736  27.057813     0.1549     1.3809    25.7875   996.8569     -0.140     -0.097 0.0000e+00
     -0.056      0.173  -213.6327     6.9533    106.487 2.9841e+02     15.461     26.751  27.046279     0.1369     1.4119    25.7316   996.8717     -0.085     -0.059 0.0000e+00
     -0.005      0.186  -211.8383     7.1691    110.046 2.8383e+02     15.462     26.756  27.032648     0.1326     1.4015    25.6831   996.8846     -0.014     -0.010 0.0000e+00
      0.057      0.188  -210.4384     7.6683    111.411 2.7126e+02     15.463     26.754  27.019826     0.1801     1.3932    25.6525   996.8929      0.083      0.057 0.0000e+00
      0.116      0.179  -209.7853     8.2686    111.481 2.3566e+02     15.464     26.757  27.018092     0.2525     1.3461    25.5926   996.9089      0.174      0.120 0.0000e+00
      0.163      0.164  -209.2762     8.7794    111.071 2.0981e+02     15.463     26.752  27.011676     0.2740     1.3126    25.5378   996.9234      0.234      0.162 0.0000e+00
      0.198      0.144  -208.4983     9.0813    110.516 1.9884e+02     15.463     26.748  27.005682     0.2685     1.3310    25.5053   996.9321      0.285      0.197 0.0000e+00
      0.226      0.123  -207.6076     9.1555    109.927 1.9298e+02     15.463     26.753  27.009047     0.2718     1.3632    25.4880   996.9367      0.326      0.225 0.0000e+00
      0.250      0.107  -206.7671     9.1397    109.347 1.8621e+02     15.463     26.736  26.988917     0.2754     1.3929    25.4821   996.9383      0.353      0.243 0.0000e+00
      0.275      0.096  -206.0790     9.0999    108.815 1.8001e+02     15.463     26.704  26.952579     0.2830     1.4158    25.4783   996.9394      0.391      0.269 0.0000e+00
      0.300      0.090  -205.4815     9.0522    108.377 1.7892e+02     15.464     26.710  26.950264     0.2879     1.4340    25.4767   996.9400      0.431      0.297 0.0000e+00
      0.321      0.085  -204.9643     9.0039    108.049 1.8097e+02     15.465     26.730  26.960908     0.2865     1.4414    25.4706   996.9417      0.455      0.314 0.0000e+00
      0.341      0.080  -204.5571     8.9565    107.839 1.8171e+02     15.465     26.731  26.954401     0.2854     1.4356    25.4661   996.9429      0.484      0.333 0.0000e+00
      0.363      0.070  -204.0856     8.9115    107.755 1.8050e+02     15.465     26.717  26.935004     0.2849     1.4326    25.4621   996.9441      0.516      0.356 0.0000e+00
      0.384      0.059  -203.6517     8.8780    107.712 1.7855e+02     15.465     26.702  26.916657     0.2804     1.4053    25.4455   996.9485      0.548      0.378 0.0000e+00
      0.400      0.048  -203.5272     8.8554    107.643 1.7749e+02     15.465     26.711  26.922849     0.2783     1.4138    25.4246   996.9540      0.574      0.395 0.0000e+00
      0.408      0.037  -203.6118     8.8376    107.566 1.7676e+02     15.465     26.737  26.946443     0.2971     1.4678    25.4112   996.9575      0.581      0.401 0.0000e+00
      0.413      0.026  -203.6421     8.8370    107.471 1.7532e+02     15.464     26.739  26.948211     0.3270     1.4738    25.4021   996.9598      0.586      0.404 0.0000e+00
      0.417      0.019  -203.4638     8.8364    107.252 1.7384e+02     15.464     26.735  26.944222     0.3353     1.4179    25.3962   996.9614      0.594      0.410 0.0000e+00
      0.420      0.014  -203.0911     8.8301    106.757 1.7243e+02     15.464     26.750  26.961642     0.3306     1.3409    25.3903   996.9630      0.597      0.412 0.0000e+00
      0.421      0.012  -202.7491     8.8245    105.988 1.7046e+02     15.464     26.752  26.968560     0.3465     1.2985    25.3852   996.9644      0.598      0.412 0.0000e+00
      0.424      0.010  -202.4257     8.8196    105.213 1.6850e+02     15.464     26.742  26.964443     0.3743     1.2485    25.3846   996.9645      0.603      0.415 0.0000e+00
      0.429      0.010  -202.1072     8.8080    104.788 1.6693e+02     15.463     26.749  26.975301     0.3718     1.1833    25.3854   996.9643      0.609      0.420 0.0000e+00
      0.432      0.015  -201.9095     8.7684    104.906 1.6565e+02     15.463     26.744  26.972989     0.3441     1.1961    25.3871   996.9639      0.616      0.426 0.0000e+00
      0.432      0.033  -201.5830     8.6942    105.471 1.6495e+02     15.463     26.709  26.936497     0.3451     1.3010    25.3962   996.9615      0.615      0.424 0.0000e+00
      0.431      0.065  -200.9989     8.6162    106.227 1.6468e+02     15.464     26.694  26.914652     0.3650     1.4214    25.4118   996.9574      0.610      0.420 0.0000e+00
      0.436      0.106  -200.3543     8.5734    106.892 1.6337e+02     15.465     26.693  26.899134     0.3646     1.4505    25.4208   996.9551      0.612      0.422 0.0000e+00
      0.460      0.146  -199.8118     8.5868    107.262 1.5828e+02     15.466     26.689  26.875697     0.3497     1.4121    25.4219   996.9549      0.634      0.437 0.0000e+00
      0.515      0.180  -199.2582     8.6421    107.370 1.4928e+02     15.466     26.714  26.884958     0.3382     1.4036    25.4218   996.9551      0.719      0.495 0.0000e+00
      0.592      0.202  -198.7364     8.7121    107.334 1.4042e+02     15.467     26.723  26.884228     0.3768     1.4156    25.4146   996.9574      0.848      0.585 0.0000e+00
      0.662      0.209  -198.4077     8.7812    107.230 1.3389e+02     15.467     26.711  26.866863     0.4452     1.4203    25.3840   996.9657      0.951      0.656 0.0000e+00
      0.717      0.201  -198.0365     8.8148    107.142 1.2879e+02     15.467     26.712  26.865271     0.4688     1.4263    25.3393   996.9775      1.025      0.707 0.0000e+00
      0.759      0.177  -197.5180     8.8239    107.046 1.2488e+02     15.467     26.713  26.864972     0.4723     1.4197    25.3087   996.9857      1.082      0.747 0.0000e+00
      0.796      0.147  -197.1280     8.8244    106.925 1.2177e+02     15.467     26.713  26.863245     0.5539     1.4082    25.2924   996.9900      1.129      0.779 0.0000e+00
      0.832      0.119  -196.9352     8.8106    106.841 1.1919e+02     15.467     26.697  26.844387     0.7118     1.4256    25.2841   996.9923      1.186      0.817 0.0000e+00
      0.863      0.095  -196.6506     8.8074    106.825 1.1751e+02     15.468     26.681  26.827246     0.7980     1.4240    25.2817   996.9932      1.234      0.851 0.0000e+00
      0.883      0.074  -196.2679     8.8015    106.884 1.1672e+02     15.468     26.699  26.846274     0.8049     1.3887    25.2779   996.9942      1.261      0.869 0.0000e+00
      0.896      0.057  -195.9213     8.7875    106.958 1.1687e+02     15.468     26.731  26.884174     0.8231     1.3426    25.2734   996.9954      1.276      0.880 0.0000e+00
      0.904      0.046  -195.6434     8.7830    107.011 1.1757e+02     15.467     26.744  26.904926     0.8563     1.2785    25.2700   996.9963      1.286      0.887 0.0000e+00
      0.909      0.040  -195.5751     8.7794    107.076 1.1822e+02     15.467     26.740  26.906915     0.8813     1.2312    25.2664   996.9973      1.294      0.891 0.0000e+00
      0.914      0.038  -195.6112     8.7877    107.128 1.1859e+02     15.467     26.742  26.908231     0.8779     1.2177    25.2662   996.9974      1.296      0.893 0.0000e+00
      0.924      0.037  -195.5638     8.7949    107.164 1.1855e+02     15.466     26.753  26.920827     0.8442     1.2867    25.2756   996.9950      1.310      0.903 0.0000e+00
      0.941      0.036  -195.5185     8.7909    107.185 1.1792e+02     15.465     26.758  26.932364     0.7984     1.4129    25.2967   996.9897      1.341      0.925 0.0000e+00
      0.956      0.036  -195.4931     8.7982    107.181 1.1721e+02     15.466     26.740  26.920882     0.7628     1.4382    25.3118   996.9857      1.366      0.942 0.0000e+00
      0.962      0.040  -195.2567     8.8019    107.177 1.1682e+02     15.466     26.726  26.908857     0.7464     1.3872    25.3038   996.9878      1.370      0.944 0.0000e+00
      0.962      0.048  -194.7250     8.8054    107.181 1.1650e+02     15.467     26.734  26.913834     0.7625     1.3462    25.3010   996.9885      1.367      0.942 0.0000e+00
      0.967      0.058  -194.0551     8.8056    107.177 1.1601e+02     15.467     26.744  26.917626     0.7962     1.3535    25.3204   996.9836      1.372      0.946 0.0000e+00
      0.982      0.069  -193.4386     8.8001    107.119 1.1478e+02     15.467     26.728  26.891265     0.8107     1.4413    25.3361   996.9796      1.389      0.957 0.0000e+00
      1.009      0.079  -193.1213     8.8005    107.014 1.1300e+02     15.467     26.694  26.848804     0.8039     1.4817    25.3398   996.9787      1.430      0.986 0.0000e+00
      1.042      0.084  -193.0577     8.8003    106.919 1.1161e+02     15.468     26.697  26.848224     0.8000     1.4295    25.3351   996.9800      1.486      1.024 0.0000e+00
      1.071      0.083  -192.8412     8.8056    106.846 1.1077e+02     15.468     26.733  26.884236     0.8784     1.4273    25.3210   996.9839      1.529      1.054 0.0000e+00
      1.091      0.076  -192.4830     8.8039    106.788 1.1022e+02     15.467     26.754  26.903660     1.0262     1.4549    25.2982   996.9899      1.554      1.072 0.0000e+00
      1.103      0.065  -192.2537     8.7956    106.740 1.0968e+02     15.467     26.747  26.892795     1.0995     1.4206    25.2786   996.9950      1.569      1.082 0.0000e+00
      1.114      0.056  -192.0477     8.7887    106.682 1.0905e+02     15.467     26.738  26.879718     1.0875     1.3897    25.2748   996.9960      1.583      1.091 0.0000e+00
      1.127      0.051  -191.7137     8.7827    106.611 1.0870e+02     15.468     26.734  26.872396     1.0430     1.3912    25.2781   996.9952      1.604      1.106 0.0000e+00
      1.139      0.049  -191.3982     8.7779    106.543 1.0838e+02     15.468     26.732  26.867680     0.9912     1.4039    25.2761   996.9958      1.621      1.117 0.0000e+00
      1.151      0.044  -191.2446     8.7763    106.456 1.0764e+02     15.468     26.749  26.886122     0.9762     1.4060    25.2659   996.9985      1.633      1.126 0.0000e+00
      1.166      0.037  -191.0609     8.7741    106.382 1.0683e+02     15.468     26.764  26.905097     0.9748     1.3827    25.2574   997.0007      1.659      1.144 0.0000e+00
      1.179      0.028  -190.8121     8.7659    106.375 1.0628e+02     15.468     26.760  26.906819     0.9939     1.3966    25.2524   997.0021      1.681      1.159 0.0000e+00
