Data/DataNotYetUploadedToEDI/Raw_CTD/RawDownloads/062821_bvr50_0001.cnv
* Sea-Bird SBE19plus  Data File:
* FileName = C:\R\Reservoirs\Data\DataNotYetUploadedToEDI\Raw_CTD\RawDownloads\062821_bvr50_0001.hex
* Software version 2.8.0.119
* Temperature SN = 7809
* Conductivity SN = 7809
* System UpLoad Time = Jun 28 2021 17:44:31
* <ApplicationData>
* <Seaterm232>
# nquan = 16
# nvalues = 1284                        
# units = specified
# name 0 = depFM: Depth [fresh water, m]
# name 1 = dz/dtM: Descent Rate [m/s]
# name 2 = orp: Oxidation Reduction Potential [mV]
# name 3 = sbeox0Mg/L: Oxygen, SBE 43 [mg/l]
# name 4 = sbeox0PS: Oxygen, SBE 43 [% saturation]
# name 5 = par/sat/log: PAR/Logarithmic, Satlantic
# name 6 = ph: pH
# name 7 = specc: Specific Conductance [uS/cm]
# name 8 = c0uS/cm: Conductivity [uS/cm]
# name 9 = flECO-AFL: Fluorescence, WET Labs ECO-AFL/FL [mg/m^3]
# name 10 = turbWETntu0: Turbidity, WET Labs ECO [NTU]
# name 11 = tv290C: Temperature [ITS-90, deg C]
# name 12 = density00: Density [density, kg/m^3]
# name 13 = prdE: Pressure, Strain Gauge [psi]
# name 14 = prdM: Pressure, Strain Gauge [db]
# name 15 = flag:  0.000e+00
# span 0 =     -0.651,     10.275       
# span 1 =     -0.380,      0.209       
# span 2 =  -528.7915,   337.8928       
# span 3 =     0.4383,     9.1555       
# span 4 =      3.873,    111.481       
# span 5 = 1.2347e-01, 2.2777e+03       
# span 6 =     15.408,     15.917       
# span 7 =      0.481,    108.096       
# span 8 =   0.500765,  72.967021       
# span 9 =    -1.8637,    21.3588       
# span 10 =    -0.2973,    52.5627      
# span 11 =     8.7353,    27.1354      
# span 12 =   996.4842,   999.8904      
# span 13 =     -0.926,     14.616      
# span 14 =     -0.639,     10.078      
# span 15 = 0.0000e+00, 0.0000e+00      
# interval = seconds: 0.25
# start_time = Jun 27 2021 21:27:32 [Instrument's time stamp, header]
# bad_flag = -9.990e-29
*END*
[from data line 452]
      5.671      0.067   330.9798     2.0251     16.402 1.3046e+01     15.824     28.130  21.308292     5.7516     1.7885    13.0555   999.4109      8.063      5.559 0.0000e+00
      5.691      0.070   331.2165     1.9482     16.065 1.2909e+01     15.826     28.140  21.286028     5.4939     1.8438    13.0353   999.4137      8.094      5.580 0.0000e+00
      5.713      0.070   331.5067     1.8515     15.856 1.2776e+01     15.828     28.156  21.272482     5.3508     1.9049    12.9920   999.4193      8.127      5.603 0.0000e+00
      5.733      0.068   331.7356     1.7772     15.642 1.2672e+01     15.830     28.184  21.271304     5.3369     1.9774    12.9302   999.4272      8.156      5.624 0.0000e+00
      5.748      0.063   332.0048     1.7277     15.387 1.2576e+01     15.830     28.212  21.271756     5.3257     1.9650    12.8711   999.4347      8.178      5.639 0.0000e+00
      5.763      0.054   332.2663     1.6919     15.089 1.2462e+01     15.831     28.242  21.277922     5.2536     1.8241    12.8164   999.4416      8.194      5.650 0.0000e+00
      5.779      0.043   332.4023     1.6821     14.723 1.2353e+01     15.831     28.255  21.282429     5.1321     1.6812    12.7690   999.4476      8.221      5.668 0.0000e+00
      5.792      0.033   332.3585     1.6601     14.403 1.2287e+01     15.830     28.223  21.262838     5.0686     1.6453    12.7330   999.4521      8.242      5.683 0.0000e+00
      5.797      0.025   332.2525     1.6308     14.175 1.2268e+01     15.830     28.171  21.231286     5.0774     1.6644    12.6948   999.4568      8.247      5.686 0.0000e+00
      5.798      0.020   332.1544     1.6094     14.020 1.2272e+01     15.830     28.145  21.218011     5.0857     1.6726    12.6588   999.4612      8.246      5.685 0.0000e+00
      5.798      0.018   332.0324     1.5590     13.940 1.2264e+01     15.829     28.160  21.229170     5.0731     1.6751    12.6494   999.4623      8.246      5.685 0.0000e+00
      5.800      0.022   332.0676     1.5243     13.850 1.2217e+01     15.828     28.181  21.239375     5.0681     1.6611    12.6655   999.4604      8.248      5.687 0.0000e+00
      5.806      0.030   332.4080     1.5044     13.784 1.2133e+01     15.829     28.159  21.214572     5.0740     1.6399    12.6807   999.4586      8.257      5.692 0.0000e+00
      5.816      0.040   333.2225     1.4799     13.786 1.2021e+01     15.830     28.139  21.182919     5.1059     1.6251    12.6946   999.4569      8.272      5.703 0.0000e+00
      5.827      0.049   334.4302     1.4835     13.791 1.1914e+01     15.832     28.157  21.173719     5.1675     1.6196    12.6963   999.4568      8.289      5.715 0.0000e+00
      5.842      0.052   335.3096     1.4682     13.773 1.1808e+01     15.833     28.177  21.166709     5.1897     1.6418    12.6789   999.4590      8.307      5.728 0.0000e+00
      5.860      0.049   335.5088     1.4580     13.705 1.1670e+01     15.833     28.191  21.161556     5.1735     1.6881    12.6714   999.4600      8.334      5.747 0.0000e+00
      5.879      0.042   335.3758     1.4666     13.599 1.1556e+01     15.833     28.216  21.174814     5.0388     1.6988    12.6427   999.4635      8.368      5.770 0.0000e+00
      5.891      0.034   335.1652     1.4655     13.508 1.1516e+01     15.833     28.244  21.200177     4.7714     1.6677    12.5920   999.4698      8.384      5.781 0.0000e+00
      5.894      0.026   334.9410     1.4687     13.427 1.1506e+01     15.832     28.252  21.214568     4.6209     1.6897    12.5541   999.4744      8.383      5.780 0.0000e+00
      5.894      0.019   334.7301     1.4614     13.307 1.1490e+01     15.832     28.254  21.222000     4.6109     1.7238    12.5239   999.4780      8.384      5.780 0.0000e+00
      5.895      0.015   334.6792     1.4475     13.182 1.1461e+01     15.832     28.255  21.226621     4.5837     1.7027    12.5124   999.4795      8.385      5.781 0.0000e+00
      5.899      0.017   334.8422     1.4369     13.102 1.1409e+01     15.831     28.222  21.207040     4.5212     1.6755    12.5246   999.4780      8.388      5.784 0.0000e+00
      5.905      0.024   334.9798     1.4321     13.032 1.1351e+01     15.830     28.191  21.175493     4.4752     1.6346    12.5470   999.4754      8.398      5.791 0.0000e+00
      5.910      0.034   335.0528     1.4168     12.961 1.1297e+01     15.832     28.213  21.162243     4.4762     1.6211    12.5558   999.4742      8.406      5.796 0.0000e+00
      5.917      0.043   335.1235     1.3988     12.894 1.1207e+01     15.835     28.268  21.173624     4.4945     1.6826    12.5539   999.4745      8.412      5.800 0.0000e+00
      5.929      0.051   335.2316     1.3949     12.809 1.1070e+01     15.836     28.309  21.186242     4.4581     1.7269    12.5766   999.4718      8.429      5.812 0.0000e+00
      5.947      0.056   335.4135     1.3859     12.709 1.0931e+01     15.836     28.333  21.187957     4.3693     1.7099    12.5755   999.4720      8.460      5.833 0.0000e+00
      5.965      0.058   335.6023     1.3802     12.609 1.0805e+01     15.836     28.360  21.194342     4.3182     1.6832    12.4988   999.4814      8.487      5.852 0.0000e+00
      5.982      0.056   335.6210     1.3771     12.505 1.0674e+01     15.836     28.376  21.200022     4.3163     1.6784    12.4366   999.4890      8.507      5.866 0.0000e+00
      5.999      0.053   335.4683     1.3678     12.382 1.0575e+01     15.837     28.376  21.193210     4.2129     1.6865    12.4189   999.4912      8.535      5.885 0.0000e+00
      6.010      0.048   335.3907     1.3576     12.281 1.0515e+01     15.838     28.369  21.175382     3.9835     1.6784    12.3869   999.4951      8.553      5.897 0.0000e+00
      6.016      0.045   335.3712     1.3475     12.219 1.0430e+01     15.838     28.387  21.174692     3.8419     1.6839    12.3545   999.4989      8.554      5.898 0.0000e+00
      6.025      0.044   335.2321     1.3385     12.095 1.0314e+01     15.838     28.418  21.184856     3.8268     1.7179    12.3518   999.4992      8.568      5.907 0.0000e+00
      6.038      0.044   335.1712     1.3235     11.917 1.0215e+01     15.840     28.415  21.171436     3.8387     1.7805    12.3456   999.5001      8.590      5.923 0.0000e+00
      6.051      0.048   335.3237     1.3095     11.799 1.0135e+01     15.840     28.389  21.139240     3.8613     1.8577    12.3175   999.5034      8.607      5.934 0.0000e+00
      6.062      0.052   335.1833     1.3121     11.709 1.0040e+01     15.841     28.378  21.112628     3.8817     1.8956    12.2948   999.5061      8.621      5.944 0.0000e+00
      6.074      0.055   334.7647     1.3000     11.585 9.9222e+00     15.842     28.395  21.103303     3.8943     1.8958    12.2707   999.5091      8.639      5.956 0.0000e+00
      6.089      0.055   334.6493     1.2707     11.444 9.8077e+00     15.842     28.409  21.089880     3.9846     1.8938    12.2501   999.5116      8.660      5.971 0.0000e+00
      6.106      0.053   334.6487     1.2645     11.318 9.6940e+00     15.843     28.419  21.077133     4.1532     1.9058    12.2319   999.5138      8.683      5.987 0.0000e+00
      6.123      0.048   334.4130     1.2590     11.292 9.5956e+00     15.844     28.436  21.075984     4.2448     1.9040    12.1977   999.5179      8.712      6.007 0.0000e+00
      6.137      0.042   334.2085     1.2430     11.331 9.5396e+00     15.845     28.444  21.075973     4.2533     1.9068    12.1581   999.5226      8.733      6.022 0.0000e+00
      6.145      0.036   334.2409     1.2322     11.264 9.5086e+00     15.844     28.444  21.076993     4.2562     1.9043    12.1121   999.5279      8.741      6.027 0.0000e+00
      6.150      0.036   334.3740     1.2116     11.026 9.4872e+00     15.844     28.455  21.088322     4.3263     1.8740    12.0743   999.5323      8.748      6.032 0.0000e+00
      6.155      0.042   334.5283     1.2106     10.720 9.4619e+00     15.844     28.461  21.086132     4.4623     1.8843    12.0524   999.5348      8.754      6.036 0.0000e+00
      6.160      0.053   334.6438     1.2262     10.532 9.4069e+00     15.845     28.441  21.050496     4.5271     1.8915    12.0398   999.5363      8.759      6.040 0.0000e+00
      6.171      0.064   334.4795     1.2196     10.486 9.2964e+00     15.846     28.460  21.037911     4.5477     1.8917    12.0460   999.5356      8.771      6.048 0.0000e+00
      6.193      0.071   334.0046     1.1916     10.491 9.1373e+00     15.847     28.524  21.060765     4.7396     1.9214    12.0600   999.5341      8.802      6.068 0.0000e+00
      6.224      0.075   333.6341     1.1463     10.485 8.9730e+00     15.849     28.564  21.073136     5.0635     1.9069    12.0498   999.5355      8.853      6.104 0.0000e+00
      6.253      0.076   333.6137     1.1279     10.395 8.8574e+00     15.850     28.561  21.060644     5.2319     1.8884    12.0080   999.5404      8.902      6.138 0.0000e+00
      6.270      0.073   333.6718     1.1316     10.273 8.8146e+00     15.850     28.544  21.036536     5.3160     1.9377    11.9559   999.5463      8.921      6.151 0.0000e+00
      6.279      0.068   333.5623     1.1306     10.145 8.7816e+00     15.851     28.564  21.035291     5.9952     2.0575    11.9080   999.5518      8.928      6.156 0.0000e+00
      6.289      0.061   333.3220     1.1393      9.971 8.7024e+00     15.851     28.602  21.045576     7.1976     2.1691    11.8798   999.5551      8.942      6.165 0.0000e+00
      6.306      0.057   333.0895     1.1248      9.869 8.5786e+00     15.851     28.606  21.034038     7.8375     2.1883    11.8682   999.5565      8.967      6.183 0.0000e+00
      6.327      0.058   333.0737     1.1070      9.804 8.4593e+00     15.852     28.606  21.022605     7.8857     2.1869    11.8511   999.5585      9.003      6.207 0.0000e+00
      6.343      0.062   333.3031     1.1061      9.678 8.4035e+00     15.852     28.640  21.034148     7.9427     2.2211    11.8207   999.5620      9.027      6.224 0.0000e+00
      6.353      0.064   333.5404     1.0723      9.560 8.3451e+00     15.853     28.679  21.046761     8.0393     2.2232    11.7840   999.5661      9.034      6.229 0.0000e+00
      6.366      0.062   333.8783     1.0665      9.445 8.2254e+00     15.854     28.699  21.048263     8.0726     2.1778    11.7586   999.5689      9.049      6.239 0.0000e+00
      6.386      0.062   334.2049     1.0708      9.380 8.0924e+00     15.855     28.715  21.052302     8.0586     2.1535    11.7455   999.5706      9.083      6.262 0.0000e+00
      6.407      0.066   334.1331     1.0438      9.362 8.0033e+00     15.855     28.783  21.095581     7.9183     2.1359    11.7216   999.5733      9.116      6.286 0.0000e+00
      6.422      0.073   334.1293     1.0414      9.287 7.9498e+00     15.855     28.934  21.191061     7.6353     2.0674    11.6873   999.5771      9.137      6.300 0.0000e+00
      6.434      0.080   334.3308     1.0224      9.192 7.8585e+00     15.856     29.060  21.255525     7.4594     1.9777    11.6631   999.5799      9.148      6.307 0.0000e+00
      6.451      0.086   334.5909     1.0141      9.134 7.7156e+00     15.858     29.085  21.240845     7.4315     1.9092    11.6520   999.5812      9.169      6.322 0.0000e+00
      6.478      0.090   335.1239     1.0232      9.108 7.5612e+00     15.860     29.076  21.203777     7.5752     1.8925    11.6493   999.5816      9.211      6.351 0.0000e+00
      6.509      0.091   335.6123     1.0088      9.109 7.4152e+00     15.863     29.091  21.187787     9.3111     2.0160    11.6269   999.5843      9.260      6.385 0.0000e+00
      6.538      0.085   335.8501     0.9982      9.104 7.2765e+00     15.864     29.098  21.174309    12.4932     2.2342    11.5716   999.5905      9.302      6.414 0.0000e+00
      6.563      0.073   335.8483     0.9944      9.054 7.1481e+00     15.863     29.102  21.167623    14.2253     2.3337    11.5116   999.5971      9.338      6.438 0.0000e+00
      6.580      0.058   335.7619     0.9922      8.946 7.0565e+00     15.863     29.111  21.170352    14.3848     2.3263    11.4567   999.6031      9.363      6.456 0.0000e+00
      6.589      0.046   335.8387     0.9945      8.756 7.0221e+00     15.863     29.081  21.143887    14.4499     2.3512    11.4093   999.6082      9.376      6.465 0.0000e+00
      6.593      0.039   335.8298     0.9985      8.580 7.0190e+00     15.863     29.035  21.101282    14.5539     2.3607    11.3747   999.6118      9.379      6.466 0.0000e+00
      6.595      0.038   335.3960     0.9907      8.556 6.9925e+00     15.864     29.051  21.099101    14.6226     2.3374    11.3603   999.6133      9.377      6.465 0.0000e+00
      6.601      0.040   334.8096     0.9828      8.603 6.9021e+00     15.865     29.101  21.117504    14.7652     2.3786    11.3613   999.6134      9.385      6.471 0.0000e+00
      6.615      0.045   334.6763     0.9594      8.588 6.7567e+00     15.866     29.146  21.133534    16.4398     2.5501    11.3546   999.6141      9.406      6.485 0.0000e+00
      6.634      0.050   334.8168     0.9280      8.492 6.6315e+00     15.867     29.210  21.166061    19.5165     2.7623    11.3392   999.6158      9.437      6.507 0.0000e+00
      6.650      0.052   334.8740     0.9344      8.392 6.5754e+00     15.867     29.265  21.193703    21.1891     2.8500    11.3149   999.6184      9.463      6.524 0.0000e+00
      6.662      0.051   334.9384     0.9465      8.363 6.5363e+00     15.867     29.309  21.214092    21.3470     2.8555    11.2793   999.6223      9.475      6.533 0.0000e+00
      6.673      0.046   334.9067     0.9451      8.366 6.4680e+00     15.868     29.331  21.222330    21.3588     2.8632    11.2487   999.6255      9.490      6.543 0.0000e+00
      6.685      0.041   334.7482     0.9324      8.344 6.4070e+00     15.868     29.349  21.229881    21.3509     2.8740    11.2284   999.6277      9.511      6.558 0.0000e+00
      6.695      0.037   334.7424     0.9156      8.280 6.3684e+00     15.868     29.371  21.241976    21.3373     2.8832    11.2066   999.6300      9.525      6.567 0.0000e+00
      6.704      0.034   335.0095     0.9178      8.200 6.3281e+00     15.868     29.378  21.241731    21.2699     2.8714    11.1855   999.6322      9.533      6.573 0.0000e+00
      6.712      0.029   335.3969     0.9201      8.120 6.2857e+00     15.868     29.365  21.226919    20.6319     2.8353    11.1726   999.6336      9.546      6.582 0.0000e+00
      6.720      0.024   335.7264     0.9184      8.032 6.2418e+00     15.868     29.313  21.189712    19.4691     2.7550    11.1661   999.6344      9.559      6.590 0.0000e+00
      6.726      0.019   335.8959     0.9105      7.981 6.1955e+00     15.867     29.274  21.172341    18.8366     2.6897    11.1607   999.6350      9.568      6.597 0.0000e+00
      6.731      0.019   335.9831     0.8992      7.939 6.1763e+00     15.867     29.304  21.207138    18.7637     2.6642    11.1508   999.6360      9.576      6.602 0.0000e+00
      6.732      0.023   336.0926     0.8952      7.871 6.1967e+00     15.868     29.422  21.293392    18.7025     2.6184    11.1367   999.6375      9.577      6.603 0.0000e+00
      6.732      0.033   336.1874     0.8795      7.838 6.1967e+00     15.868     29.579  21.390843    18.4108     2.6163    11.1328   999.6378      9.572      6.600 0.0000e+00
      6.736      0.044   336.2686     0.8756      7.822 6.1195e+00     15.869     29.673  21.434184    17.9083     2.6388    11.1553   999.6354      9.575      6.601 0.0000e+00
      6.750      0.053   336.3865     0.8763      7.808 5.9720e+00     15.869     29.710  21.436921    17.6328     2.6163    11.1912   999.6318      9.596      6.616 0.0000e+00
      6.775      0.058   336.4090     0.8591      7.785 5.8127e+00     15.869     29.716  21.423903    17.6453     2.6190    11.1958   999.6315      9.634      6.643 0.0000e+00
      6.800      0.057   336.2823     0.8618      7.695 5.7031e+00     15.869     29.699  21.403601    18.1454     2.6708    11.1598   999.6355      9.676      6.672 0.0000e+00
