Data/DataNotYetUploadedToEDI/Raw_CTD/RawDownloads/062821_fcr50_0002.cnv
* Sea-Bird SBE19plus  Data File:
* FileName = C:\R\Reservoirs\Data\DataNotYetUploadedToEDI\Raw_CTD\RawDownloads\062821_bvr50_0002.hex
* Software version 2.8.0.119
* Temperature SN = 7809
* Conductivity SN = 7809
* System UpLoad Time = Jun 28 2021 17:45:12
* <ApplicationData>
* <Seaterm232>
# nquan = 16
# nvalues = 1582                        
# units = specified
# name 0 = depFM: Depth [fresh water, m]
# name 1 = dz/dtM: Descent Rate [m/s]
# name 2 = orp: Oxidation Reduction Potential [mV]
# name 3 = sbeox0Mg/L: Oxygen, SBE 43 [mg/l]
# name 4 = sbeox0PS: Oxygen, SBE 43 [% saturation]
# name 5 = par/sat/log: PAR/Logarithmic, Satlantic
# name 6 = ph: pH
# name 7 = specc: Specific Conductance [uS/cm]
# name 8 = c0uS/cm: Conductivity [uS/cm]
# name 9 = flECO-AFL: Fluorescence, WET Labs ECO-AFL/FL [mg/m^3]
# name 10 = turbWETntu0: Turbidity, WET Labs ECO [NTU]
# name 11 = tv290C: Temperature [ITS-90, deg C]
# name 12 = density00: Density [density, kg/m^3]
# name 13 = prdE: Pressure, Strain Gauge [psi]
# name 14 = prdM: Pressure, Strain Gauge [db]
# name 15 = flag:  0.000e+00
# span 0 =     -0.563,      9.819       
# span 1 =     -0.396,      0.180       
# span 2 = -1240.7455,   520.9227       
# span 3 =     0.3580,    11.4697       
# span 4 =      3.268,    142.360       
# span 5 = 1.2338e-01, 2.3846e+03       
# span 6 =     15.190,     15.904       
# span 7 =      0.522,    287.598       
# span 8 =   0.573648, 199.925307       
# span 9 =    -3.2969,     5.4179       
# span 10 =    -6.5134,   201.7448      
# span 11 =     9.7415,    29.9454      
# span 12 =   995.6731,   999.8755      
# span 13 =     -0.800,     13.968      
# span 14 =     -0.552,      9.631      
# span 15 = 0.0000e+00, 0.0000e+00      
# interval = seconds: 0.25
# start_time = Jun 28 2021 01:06:12 [Instrument's time stamp, header]
# bad_flag = -9.990e-29
*END*
[from data line 724]
      6.465      0.031    58.1207     0.4196      3.594 1.2358e-01     15.889     44.146  30.742262    -0.4296     6.9166     9.8019   999.7669      9.197      6.340 0.0000e+00
      6.472      0.040    59.9933     0.4061      3.583 1.2355e-01     15.889     44.082  30.696927    -0.4144     7.0919     9.8005   999.7671      9.205      6.346 0.0000e+00
      6.481      0.047    63.4278     0.4151      3.516 1.2353e-01     15.889     44.010  30.646395    -0.4188     7.1237     9.8044   999.7668      9.215      6.354 0.0000e+00
      6.496      0.051    66.4359     0.4049      3.492 1.2352e-01     15.889     44.000  30.638825    -0.4349     7.0610     9.8143   999.7660      9.235      6.367 0.0000e+00
      6.515      0.054    67.5409     0.4061      3.519 1.2352e-01     15.888     44.044  30.668847    -0.4375     7.0200     9.8192   999.7657      9.268      6.390 0.0000e+00
      6.533      0.055    67.5819     0.4131      3.529 1.2351e-01     15.888     44.074  30.692164    -0.4118     7.1433     9.8148   999.7662      9.295      6.409 0.0000e+00
      6.545      0.051    67.4481     0.3934      3.533 1.2354e-01     15.888     44.030  30.666981    -0.3625     7.4193     9.8147   999.7661      9.308      6.419 0.0000e+00
      6.556      0.044    67.3862     0.3931      3.507 1.2358e-01     15.888     43.958  30.618140    -0.3472     7.5405     9.8151   999.7662      9.322      6.428 0.0000e+00
      6.568      0.037    67.4347     0.4021      3.467 1.2357e-01     15.889     43.953  30.609188    -0.3697     7.5443     9.8121   999.7665      9.343      6.442 0.0000e+00
      6.578      0.034    67.6047     0.3987      3.488 1.2352e-01     15.889     43.973  30.622178    -0.3674     7.5344     9.8147   999.7663      9.360      6.454 0.0000e+00
      6.582      0.034    68.0663     0.4015      3.514 1.2357e-01     15.889     44.001  30.648320    -0.3386     7.4554     9.8249   999.7656      9.363      6.456 0.0000e+00
      6.585      0.034    68.3695     0.4012      3.525 1.2359e-01     15.888     44.026  30.671493    -0.3269     7.3783     9.8283   999.7651      9.361      6.454 0.0000e+00
      6.593      0.032    68.1725     0.3862      3.566 1.2356e-01     15.888     43.997  30.648588    -0.3403     7.3233     9.8160   999.7662      9.373      6.462 0.0000e+00
      6.607      0.030    68.0934     0.3965      3.565 1.2355e-01     15.888     43.977  30.625157    -0.3578     7.2705     9.8117   999.7667      9.399      6.481 0.0000e+00
      6.622      0.028    68.5322     0.4016      3.525 1.2353e-01     15.888     44.014  30.641955    -0.3570     7.2207     9.8254   999.7656      9.424      6.497 0.0000e+00
      6.627      0.024    68.9176     0.3935      3.500 1.2358e-01     15.888     44.046  30.661354    -0.3497     7.1679     9.8349   999.7649      9.430      6.502 0.0000e+00
      6.627      0.018    68.7954     0.4092      3.484 1.2364e-01     15.888     44.059  30.669372    -0.3561     7.1127     9.8318   999.7651      9.424      6.497 0.0000e+00
      6.628      0.011    68.6041     0.4057      3.469 1.2356e-01     15.889     44.072  30.675453    -0.3871     7.1363     9.8168   999.7663      9.426      6.499 0.0000e+00
      6.631      0.006    68.4107     0.3972      3.440 1.2346e-01     15.889     44.069  30.671431    -0.4286     7.2483     9.8029   999.7675      9.433      6.504 0.0000e+00
      6.634      0.005    68.1774     0.3980      3.435 1.2345e-01     15.888     44.085  30.684188    -0.4378     7.3329     9.8033   999.7676      9.436      6.506 0.0000e+00
      6.634      0.004    68.1059     0.3937      3.507 1.2348e-01     15.888     44.101  30.702813    -0.4318     7.3355     9.8035   999.7675      9.437      6.506 0.0000e+00
      6.634      0.003    68.0629     0.3948      3.568 1.2352e-01     15.888     44.090  30.706295    -0.4318     7.3142     9.7989   999.7680      9.436      6.506 0.0000e+00
      6.635      0.003    68.1745     0.3906      3.557 1.2352e-01     15.887     44.103  30.726309    -0.4283     7.3164     9.7956   999.7682      9.437      6.506 0.0000e+00
      6.635      0.006    68.4227     0.3831      3.518 1.2353e-01     15.886     44.130  30.754478    -0.4273     7.3282     9.7970   999.7682      9.438      6.507 0.0000e+00
      6.635      0.015    68.5689     0.3986      3.468 1.2352e-01     15.886     44.085  30.729664    -0.4201     7.3527     9.8055   999.7674      9.438      6.507 0.0000e+00
      6.636      0.029    69.3389     0.4101      3.463 1.2346e-01     15.886     44.013  30.680073    -0.4170     7.3380     9.8199   999.7662      9.438      6.507 0.0000e+00
      6.640      0.044    70.4195     0.4013      3.494 1.2346e-01     15.887     43.995  30.662418    -0.4100     7.2536     9.8342   999.7650      9.441      6.508 0.0000e+00
      6.652      0.056    70.4495     0.4017      3.491 1.2350e-01     15.887     43.977  30.643089    -0.3731     7.1571     9.8437   999.7642      9.455      6.518 0.0000e+00
      6.676      0.064    70.1320     0.3897      3.477 1.2352e-01     15.886     43.984  30.636691    -0.3421     7.0971     9.8531   999.7635      9.490      6.543 0.0000e+00
      6.705      0.070    70.0216     0.3885      3.460 1.2354e-01     15.886     44.019  30.648486    -0.3408     7.0781     9.8547   999.7635      9.541      6.579 0.0000e+00
      6.725      0.072    69.5461     0.4009      3.448 1.2354e-01     15.887     44.042  30.658804    -0.3579     7.0648     9.8449   999.7645      9.573      6.601 0.0000e+00
      6.736      0.067    69.3721     0.3936      3.463 1.2348e-01     15.887     44.090  30.697999    -0.3674     7.0732     9.8384   999.7650      9.578      6.604 0.0000e+00
      6.748      0.058    69.8108     0.3951      3.504 1.2350e-01     15.886     44.140  30.741730    -0.3503     7.1107     9.8280   999.7659      9.594      6.615 0.0000e+00
      6.767      0.048    70.0318     0.3924      3.538 1.2357e-01     15.886     44.138  30.743461    -0.3417     7.1063     9.8060   999.7679      9.626      6.638 0.0000e+00
      6.782      0.043    69.9800     0.3893      3.520 1.2354e-01     15.886     44.108  30.718932    -0.3786     7.0892     9.7985   999.7686      9.652      6.655 0.0000e+00
      6.791      0.039    70.2165     0.3919      3.484 1.2349e-01     15.886     44.083  30.698912    -0.4336     7.0747     9.8098   999.7678      9.660      6.661 0.0000e+00
      6.795      0.033    71.1703     0.3959      3.466 1.2354e-01     15.887     44.073  30.691742    -0.4544     7.0688     9.8237   999.7665      9.661      6.661 0.0000e+00
      6.802      0.027    71.8765     0.4054      3.482 1.2360e-01     15.887     44.083  30.695680    -0.4391     7.1553     9.8289   999.7662      9.673      6.668 0.0000e+00
      6.812      0.025    71.2697     0.3988      3.522 1.2361e-01     15.885     44.073  30.683082    -0.4198     7.2965     9.8193   999.7671      9.692      6.682 0.0000e+00
      6.818      0.028    70.3727     0.3944      3.547 1.2356e-01     15.884     44.053  30.666298    -0.4209     7.4368     9.8153   999.7674      9.701      6.688 0.0000e+00
      6.820      0.034    69.7202     0.3915      3.558 1.2352e-01     15.885     44.078  30.683065    -0.4241     7.5477     9.8194   999.7671      9.697      6.686 0.0000e+00
      6.825      0.042    69.4028     0.3925      3.545 1.2347e-01     15.886     44.092  30.695483    -0.4119     7.6069     9.8138   999.7676      9.703      6.690 0.0000e+00
      6.837      0.048    69.8912     0.4015      3.527 1.2344e-01     15.887     44.076  30.689559    -0.4159     7.6038     9.8059   999.7683      9.721      6.703 0.0000e+00
      6.853      0.053    70.5491     0.4016      3.540 1.2349e-01     15.887     44.050  30.674890    -0.4335     7.5435     9.8025   999.7686      9.744      6.718 0.0000e+00
      6.873      0.053    70.8187     0.4049      3.532 1.2351e-01     15.887     44.010  30.645012    -0.4445     7.5310     9.8016   999.7688      9.775      6.740 0.0000e+00
      6.893      0.051    70.9139     0.4034      3.492 1.2348e-01     15.887     44.020  30.645519    -0.4431     7.5896     9.8046   999.7687      9.810      6.764 0.0000e+00
      6.907      0.048    71.0114     0.3961      3.476 1.2348e-01     15.887     44.078  30.681021    -0.4267     7.5991     9.8130   999.7681      9.830      6.778 0.0000e+00
      6.911      0.045    71.1378     0.4030      3.456 1.2355e-01     15.887     44.094  30.693596    -0.4173     7.5432     9.8195   999.7675      9.830      6.777 0.0000e+00
      6.915      0.041    71.6679     0.4037      3.406 1.2362e-01     15.886     44.050  30.670668    -0.4252     7.4978     9.8154   999.7678      9.829      6.777 0.0000e+00
      6.925      0.038    72.0867     0.3926      3.389 1.2363e-01     15.886     44.022  30.657587    -0.4364     7.5305     9.8047   999.7688      9.846      6.789 0.0000e+00
      6.942      0.039    71.8126     0.3946      3.436 1.2360e-01     15.886     44.030  30.662326    -0.4380     7.6297     9.7973   999.7696      9.876      6.809 0.0000e+00
      6.956      0.047    71.7947     0.3952      3.513 1.2358e-01     15.885     44.042  30.664525    -0.4352     7.6331     9.8000   999.7694      9.900      6.826 0.0000e+00
      6.962      0.057    72.0432     0.3836      3.564 1.2357e-01     15.885     44.074  30.684167    -0.4405     7.5372     9.8108   999.7685      9.904      6.829 0.0000e+00
      6.966      0.063    72.0641     0.3810      3.562 1.2353e-01     15.885     44.107  30.709480    -0.4448     7.5002     9.8227   999.7674      9.901      6.826 0.0000e+00
      6.982      0.063    72.0476     0.3882      3.556 1.2353e-01     15.885     44.119  30.716808    -0.4397     7.5287     9.8208   999.7677      9.919      6.839 0.0000e+00
      7.013      0.062    72.0146     0.3993      3.590 1.2360e-01     15.885     44.121  30.709325    -0.4267     7.5732     9.8077   999.7689      9.974      6.877 0.0000e+00
      7.043      0.059    72.0096     0.4076      3.618 1.2365e-01     15.886     44.097  30.682442    -0.4205     7.5924     9.8042   999.7694     10.029      6.914 0.0000e+00
      7.057      0.051    72.2462     0.4039      3.579 1.2362e-01     15.886     44.050  30.645533    -0.4321     7.5549     9.8118   999.7689     10.045      6.926 0.0000e+00
      7.058      0.037    72.5517     0.4005      3.518 1.2358e-01     15.886     44.046  30.643712    -0.4328     7.5313     9.8140   999.7686     10.037      6.920 0.0000e+00
      7.060      0.022    72.6058     0.4065      3.451 1.2355e-01     15.886     44.071  30.660424    -0.4198     7.5473     9.8000   999.7698     10.039      6.922 0.0000e+00
      7.065      0.013    72.3842     0.4156      3.369 1.2348e-01     15.885     44.069  30.657266    -0.4179     7.5430     9.7833   999.7713     10.052      6.932 0.0000e+00
      7.068      0.014    72.1958     0.4062      3.360 1.2344e-01     15.885     44.087  30.668966    -0.4297     7.5131     9.7803   999.7715     10.055      6.933 0.0000e+00
      7.068      0.019    72.5649     0.3976      3.443 1.2350e-01     15.885     44.094  30.675008    -0.4478     7.4950     9.7850   999.7712     10.052      6.930 0.0000e+00
      7.071      0.023    73.2332     0.3958      3.556 1.2358e-01     15.885     44.079  30.666878    -0.4465     7.5300     9.7836   999.7714     10.055      6.933 0.0000e+00
      7.078      0.024    73.3926     0.3766      3.628 1.2357e-01     15.884     44.120  30.697545    -0.4329     7.5586     9.7801   999.7716     10.063      6.938 0.0000e+00
      7.091      0.024    72.8576     0.3771      3.604 1.2350e-01     15.884     44.165  30.728594    -0.4359     7.5315     9.7790   999.7717     10.085      6.953 0.0000e+00
      7.103      0.023    72.4435     0.3899      3.526 1.2345e-01     15.884     44.160  30.725072    -0.4441     7.5114     9.7798   999.7718     10.110      6.971 0.0000e+00
      7.107      0.019    72.6871     0.4040      3.451 1.2341e-01     15.884     44.149  30.718398    -0.4458     7.4879     9.7838   999.7714     10.112      6.972 0.0000e+00
      7.107      0.013    72.9640     0.4178      3.440 1.2343e-01     15.884     44.136  30.711344    -0.4376     7.4871     9.7875   999.7711     10.105      6.967 0.0000e+00
      7.108      0.007    72.8659     0.4100      3.506 1.2348e-01     15.885     44.119  30.703237    -0.4304     7.5356     9.7864   999.7713     10.109      6.970 0.0000e+00
      7.110      0.005    72.7923     0.4004      3.553 1.2354e-01     15.885     44.082  30.683817    -0.4358     7.5599     9.7838   999.7715     10.114      6.974 0.0000e+00
      7.110      0.007    73.0205     0.3892      3.542 1.2362e-01     15.884     44.047  30.666875    -0.4356     7.5754     9.7866   999.7712     10.112      6.971 0.0000e+00
      7.111      0.015    73.3019     0.3842      3.497 1.2364e-01     15.884     44.076  30.688735    -0.4283     7.6191     9.7893   999.7710     10.111      6.972 0.0000e+00
      7.113      0.029    73.3545     0.4003      3.453 1.2356e-01     15.884     44.086  30.694345    -0.4234     7.6426     9.7912   999.7709     10.117      6.976 0.0000e+00
      7.116      0.044    73.7426     0.4061      3.499 1.2347e-01     15.884     44.052  30.671260    -0.4241     7.6188     9.8009   999.7700     10.120      6.977 0.0000e+00
      7.126      0.056    74.5530     0.4013      3.582 1.2348e-01     15.884     44.037  30.663399    -0.4371     7.5713     9.8118   999.7691     10.125      6.981 0.0000e+00
      7.148      0.064    74.7212     0.3991      3.555 1.2353e-01     15.884     44.038  30.662734    -0.4380     7.5499     9.8126   999.7692     10.160      7.006 0.0000e+00
      7.179      0.072    74.5720     0.3851      3.455 1.2353e-01     15.885     44.048  30.663229    -0.4155     7.5663     9.8087   999.7697     10.217      7.043 0.0000e+00
      7.202      0.078    74.8999     0.3930      3.402 1.2349e-01     15.885     44.063  30.669373    -0.4038     7.5976     9.8090   999.7698     10.253      7.069 0.0000e+00
      7.213      0.079    75.3306     0.4148      3.446 1.2347e-01     15.884     44.065  30.673565    -0.4203     7.6192     9.8146   999.7693     10.257      7.072 0.0000e+00
      7.225      0.076    75.5636     0.4059      3.552 1.2349e-01     15.884     44.024  30.650480    -0.4435     7.6210     9.8158   999.7693     10.268      7.080 0.0000e+00
      7.248      0.071    75.5665     0.3888      3.609 1.2352e-01     15.883     44.014  30.644030    -0.4450     7.6198     9.8032   999.7705     10.307      7.107 0.0000e+00
      7.274      0.070    75.4515     0.3820      3.594 1.2352e-01     15.883     44.042  30.659031    -0.4290     7.6051     9.7943   999.7714     10.351      7.137 0.0000e+00
      7.292      0.071    75.8935     0.3863      3.567 1.2352e-01     15.884     44.023  30.641520    -0.4229     7.5801     9.8020   999.7708     10.375      7.154 0.0000e+00
      7.305      0.072    76.4368     0.4061      3.525 1.2348e-01     15.884     44.000  30.622626    -0.4369     7.5926     9.8116   999.7700     10.389      7.163 0.0000e+00
      7.320      0.072    76.2560     0.4142      3.497 1.2342e-01     15.883     43.999  30.620909    -0.4460     7.6876     9.8117   999.7701     10.409      7.177 0.0000e+00
      7.337      0.072    76.2879     0.4049      3.488 1.2346e-01     15.882     44.001  30.620767    -0.4380     7.8010     9.8036   999.7709     10.434      7.194 0.0000e+00
      7.357      0.071    76.7364     0.4075      3.500 1.2353e-01     15.882     44.005  30.620910    -0.4348     7.8310     9.7980   999.7714     10.463      7.214 0.0000e+00
      7.379      0.067    76.9469     0.3983      3.555 1.2358e-01     15.882     44.010  30.622635    -0.4453     7.7753     9.7954   999.7717     10.496      7.236 0.0000e+00
