Data/DataNotYetUploadedToEDI/Raw_CTD/RawDownloads/062821_bvr50_0001.cnv
* Sea-Bird SBE19plus  Data File:
* FileName = C:\R\Reservoirs\Data\DataNotYetUploadedToEDI\Raw_CTD\RawDownloads\062821_bvr50_0001.hex
* Software version 2.8.0.119
* Temperature SN = 7809
* Conductivity SN = 7809
* System UpLoad Time = Jun 28 2021 17:44:31
* <ApplicationData>
* <Seaterm232>
# nquan = 16
# nvalues = 1284                        
# units = specified
# name 0 = depFM: Depth [fresh water, m]
# name 1 = dz/dtM: Descent Rate [m/s]
# name 2 = orp: Oxidation Reduction Potential [mV]
# name 3 = sbeox0Mg/L: Oxygen, SBE 43 [mg/l]
# name 4 = sbeox0PS: Oxygen, SBE 43 [% saturation]
# name 5 = par/sat/log: PAR/Logarithmic, Satlantic
# name 6 = ph: pH
# name 7 = specc: Specific Conductance [uS/cm]
# name 8 = c0uS/cm: Conductivity [uS/cm]
# name 9 = flECO-AFL: Fluorescence, WET Labs ECO-AFL/FL [mg/m^3]
# name 10 = turbWETntu0: Turbidity, WET Labs ECO [NTU]
# name 11 = tv290C: Temperature [ITS-90, deg C]
# name 12 = density00: Density [density, kg/m^3]
# name 13 = prdE: Pressure, Strain Gauge [psi]
# name 14 = prdM: Pressure, Strain Gauge [db]
# name 15 = flag:  0.000e+00
# span 0 =     -0.651,     10.275       
# span 1 =     -0.380,      0.209       
# span 2 =  -528.7915,   337.8928       
# span 3 =     0.4383,     9.1555       
# span 4 =      3.873,    111.481       
# span 5 = 1.2347e-01, 2.2777e+03       
# span 6 =     15.408,     15.917       
# span 7 =      0.481,    108.096       
# span 8 =   0.500765,  72.967021       
# span 9 =    -1.8637,    21.3588       
# span 10 =    -0.2973,    52.5627      
# span 11 =     8.7353,    27.1354      
# span 12 =   996.4842,   999.8904      
# span 13 =     -0.926,     14.616      
# span 14 =     -0.639,     10.078      
# span 15 = 0.0000e+00, 0.0000e+00      
# interval = seconds: 0.25
# start_time = Jun 27 2021 21:27:32 [Instrument's time stamp, header]
# bad_flag = -9.990e-29
*END*
     -0.651 1.4465e-10  -488.4254     8.1372    102.512 3.2903e+02     15.408      0.527   0.549585    -0.9326    -0.2180    27.1354   996.4842     -0.926     -0.638 0.0000e+00
     -0.651 1.5911e-09  -502.0686     8.1686    102.496 3.9660e+02     15.414      0.528   0.550453    -0.9314    -0.2434    27.1344   996.4845     -0.926     -0.639 0.0000e+00
     -0.651 1.7502e-08  -514.7089     8.1700    102.386 8.6888e+02     15.416      0.527   0.549288    -0.9194    -0.2516    27.1337   996.4847     -0.926     -0.639 0.0000e+00
     -0.651 1.9253e-07  -521.9213     8.1411    102.291 1.6837e+03     15.418      0.514   0.535509    -0.9218    -0.2823    27.1328   996.4850     -0.925     -0.638 0.0000e+00
     -0.650      0.000  -526.6370     8.1497    102.231 2.1189e+03     15.419      0.490   0.510540    -0.9215    -0.2713    27.1319   996.4852     -0.926     -0.638 0.0000e+00
     -0.650      0.000  -528.7915     8.1536    102.203 2.1394e+03     15.421      0.481   0.500765    -0.9067    -0.2224    27.1300   996.4856     -0.924     -0.637 0.0000e+00
     -0.651      0.000  -517.5142     8.1356    102.258 2.1067e+03     15.426      0.522   0.544009    -0.9049    -0.2053    27.1290   996.4860     -0.925     -0.638 0.0000e+00
     -0.651      0.003  -431.2388     8.1319    102.402 1.9607e+03     15.451      0.812   0.843360    -0.8999    -0.2366    27.1263   996.4867     -0.926     -0.638 0.0000e+00
     -0.651      0.011  -287.0121     8.1266    102.548 1.8132e+03     15.490      4.165   4.310230    -0.8745    -0.2917    27.1265   996.4867     -0.925     -0.638 0.0000e+00
     -0.651      0.026  -215.3558     8.1227    102.623 1.9023e+03     15.501     13.134  13.566816    -0.8460    -0.2881    27.1220   996.4879     -0.925     -0.638 0.0000e+00
     -0.650      0.047  -236.9012     8.1266    102.661 2.0397e+03     15.486     23.432  24.160101    -0.8313    -0.2271    27.1251   996.4870     -0.926     -0.638 0.0000e+00
     -0.641      0.070  -283.7196     8.1422    102.602 2.0898e+03     15.470     29.402  30.258160    -0.8593    -0.2406    27.1070   996.4919     -0.921     -0.635 0.0000e+00
     -0.617      0.092  -307.5285     8.1824    102.500 2.1219e+03     15.453     30.894  31.741689    -0.9077    -0.2791    26.9586   996.5330     -0.885     -0.611 0.0000e+00
     -0.581      0.111  -304.3401     8.2116    102.430 2.1257e+03     15.434     30.578  31.376850    -0.9205    -0.1444    26.7428   996.5946     -0.825     -0.569 0.0000e+00
     -0.543      0.124  -300.7506     8.2480    102.320 2.1222e+03     15.425     29.926  30.668547    -0.8908     1.1141    26.5718   996.6448     -0.771     -0.532 0.0000e+00
     -0.508      0.130  -300.8668     8.2584    102.346 2.1324e+03     15.432     29.168  29.838922    -0.7303    14.5593    26.4477   996.6802     -0.722     -0.498 0.0000e+00
     -0.474      0.129  -300.6687     8.2560    102.663 2.1494e+03     15.443     28.557  29.148831    -0.4575    39.1653    26.3579   996.7045     -0.673     -0.463 0.0000e+00
     -0.442      0.125  -300.1618     8.2713    103.002 2.1719e+03     15.449     28.203  28.731765    -0.3097    52.4911    26.2962   996.7211     -0.630     -0.435 0.0000e+00
     -0.412      0.122  -297.0618     8.2599    103.177 2.2041e+03     15.448     28.112  28.602234    -0.2880    52.5627    26.2476   996.7340     -0.583     -0.402 0.0000e+00
     -0.384      0.118  -289.7724     8.2650    103.312 2.2307e+03     15.441     28.188  28.661021    -0.2520    39.5847    26.1546   996.7587     -0.545     -0.375 0.0000e+00
     -0.355      0.113  -281.7175     8.3267    103.437 2.2341e+03     15.435     28.215  28.681317    -0.1998    15.5342    26.0213   996.7942     -0.510     -0.352 0.0000e+00
     -0.322      0.107  -277.0208     8.3778    103.488 2.2321e+03     15.434     28.130  28.593882    -0.1717     2.4092    25.9141   996.8227     -0.457     -0.315 0.0000e+00
     -0.292      0.101  -275.4019     8.3904    103.567 2.2481e+03     15.438     28.031  28.491926    -0.1694     1.2630    25.8560   996.8381     -0.411     -0.283 0.0000e+00
     -0.268      0.098  -273.4149     8.4072    103.843 2.2701e+03     15.443     28.004  28.463507    -0.1720     1.1950    25.8277   996.8458     -0.377     -0.260 0.0000e+00
     -0.250      0.097  -270.1178     8.4226    104.196 2.2777e+03     15.445     28.045  28.504009    -0.1456     1.1396    25.8172   996.8487     -0.355     -0.245 0.0000e+00
     -0.230      0.096  -266.9408     8.4252    104.445 2.2672e+03     15.446     28.140  28.601034    -0.0889     1.1087    25.8178   996.8486     -0.332     -0.229 0.0000e+00
     -0.205      0.096  -264.6864     8.4193    104.523 2.2455e+03     15.447     28.223  28.685112    -0.0489     1.1643    25.8170   996.8489     -0.294     -0.203 0.0000e+00
     -0.176      0.096  -262.9935     8.4513    104.448 2.2240e+03     15.449     28.235  28.695946    -0.0247     1.2292    25.8141   996.8498     -0.250     -0.173 0.0000e+00
     -0.147      0.096  -261.1843     8.4865    104.342 2.2071e+03     15.451     28.211  28.668597    -0.0065     1.2399    25.8119   996.8505     -0.207     -0.144 0.0000e+00
     -0.122      0.093  -260.4496     8.5053    104.032 2.1914e+03     15.452     28.092  28.544735    -0.0002     1.1909    25.8129   996.8503     -0.171     -0.118 0.0000e+00
     -0.099      0.085  -261.0791     8.5164    103.181 2.1767e+03     15.452     27.894  28.340140    -0.0063     1.1517    25.8130   996.8504     -0.141     -0.097 0.0000e+00
     -0.079      0.074  -261.0522     8.4989    101.749 2.1577e+03     15.453     27.724  28.161288    -0.0037     1.1441    25.8106   996.8512     -0.111     -0.076 0.0000e+00
     -0.060      0.062  -259.6086     8.4983     99.903 2.0735e+03     15.454     27.609  28.031489     0.0218     1.1324    25.8058   996.8526     -0.084     -0.057 0.0000e+00
     -0.045      0.052  -257.6490     8.4900     97.800 1.9042e+03     15.456     27.573  27.975953     0.0542     1.1143    25.7989   996.8544     -0.063     -0.044 0.0000e+00
     -0.034      0.043  -256.2875     8.4188     95.505 1.7565e+03     15.457     27.610  27.997234     0.0737     1.0972    25.7950   996.8553     -0.046     -0.031 0.0000e+00
     -0.026      0.034  -255.8808     8.2980     93.130 1.6533e+03     15.457     27.660  28.035042     0.0666     1.0965    25.7885   996.8571     -0.036     -0.024 0.0000e+00
     -0.020      0.027  -255.6563     8.1458     90.952 1.6114e+03     15.457     27.686  28.052478     0.0636     1.1743    25.7615   996.8641     -0.031     -0.021 0.0000e+00
     -0.013      0.020  -255.2951     7.9798     89.290 1.6024e+03     15.458     27.720  28.081172     0.0752     1.3178    25.7233   996.8742     -0.019     -0.013 0.0000e+00
     -0.008      0.013  -254.8687     7.7953     88.238 1.5461e+03     15.459     27.770  28.128238     0.0646     1.3889    25.6925   996.8825     -0.009     -0.006 0.0000e+00
     -0.005      0.006  -254.0274     7.5957     87.564 1.5326e+03     15.459     27.760  28.114086     0.0492     1.3823    25.6686   996.8887     -0.007     -0.005 0.0000e+00
     -0.004      0.001  -252.9529     7.4093     86.982 1.5976e+03     15.460     27.688  28.036929     0.0614     1.3400    25.6520   996.8930     -0.005     -0.004 0.0000e+00
     -0.006     -0.003  -251.8576     7.2704     86.494 1.6558e+03     15.460     27.613  27.956524     0.0779     1.2552    25.6424   996.8956     -0.007     -0.005 0.0000e+00
     -0.011     -0.005  -250.5927     7.1943     86.264 1.6553e+03     15.459     27.563  27.903084     0.0764     1.1817    25.6389   996.8964     -0.015     -0.011 0.0000e+00
     -0.014     -0.004  -249.4462     7.1515     86.192 1.6323e+03     15.458     27.558  27.898244     0.0625     1.1387    25.6327   996.8981     -0.020     -0.014 0.0000e+00
     -0.015 -5.782e-07  -248.5783     7.1048     85.999 1.5887e+03     15.458     27.555  27.898000     0.0539     1.1118    25.6224   996.9008     -0.021     -0.015 0.0000e+00
     -0.014      0.005  -247.8427     7.0553     85.499 1.5507e+03     15.458     27.553  27.900143     0.0770     1.1663    25.6145   996.9028     -0.022     -0.015 0.0000e+00
     -0.011      0.010  -247.3494     7.0423     84.726 1.5601e+03     15.458     27.573  27.924158     0.1228     1.3163    25.6104   996.9039     -0.016     -0.011 0.0000e+00
     -0.007      0.014  -247.2600     7.0468     83.926 1.5860e+03     15.458     27.580  27.934650     0.1400     1.4148    25.6101   996.9040     -0.010     -0.007 0.0000e+00
     -0.002      0.017  -247.1919     7.0351     83.281 1.5573e+03     15.458     27.545  27.900137     0.1328     1.3961    25.6152   996.9027     -0.004     -0.003 0.0000e+00
      0.004      0.017  -246.6128     6.9946     83.019 1.5084e+03     15.459     27.469  27.824020     0.1398     1.3297    25.6246   996.9003      0.005      0.003 0.0000e+00
      0.009      0.016  -245.9360     6.9182     83.528 1.5694e+03     15.459     27.421  27.775502     0.1588     1.2643    25.6321   996.8982      0.014      0.009 0.0000e+00
      0.013      0.013  -245.6337     6.8490     84.948 1.5938e+03     15.458     27.404  27.757531     0.1615     1.1895    25.6369   996.8971      0.020      0.014 0.0000e+00
      0.016      0.010  -245.3664     6.7940     87.076 1.5761e+03     15.458     27.379  27.733597     0.1450     1.1472    25.6392   996.8965      0.023      0.016 0.0000e+00
      0.017      0.006  -244.8558     6.7534     89.456 1.6196e+03     15.458     27.383  27.739852     0.1400     1.2329    25.6395   996.8964      0.024      0.016 0.0000e+00
      0.018      0.002  -244.1063     6.7935     91.563 1.5601e+03     15.458     27.411  27.769729     0.1483     1.3678    25.6398   996.8963      0.026      0.018 0.0000e+00
      0.018      0.000  -243.2732     6.9148     93.156 1.5270e+03     15.458     27.416  27.777687     0.1502     1.4045    25.6399   996.8963      0.026      0.018 0.0000e+00
      0.017     -0.001  -242.6119     7.1016     94.265 1.6820e+03     15.458     27.410  27.772633     0.1433     1.3671    25.6420   996.8957      0.025      0.017 0.0000e+00
      0.016     -0.002  -242.1334     7.3153     94.966 1.8233e+03     15.459     27.409  27.772060     0.1415     1.2940    25.6459   996.8947      0.024      0.016 0.0000e+00
      0.015     -0.002  -241.8759     7.4918     95.315 1.7957e+03     15.459     27.408  27.770760     0.1479     1.2072    25.6493   996.8938      0.022      0.015 0.0000e+00
      0.015     -0.002  -241.7354     7.6192     95.387 1.6197e+03     15.459     27.394  27.756917     0.1444     1.1756    25.6527   996.8929      0.021      0.015 0.0000e+00
      0.015     -0.002  -241.3817     7.7059     95.205 1.4680e+03     15.459     27.369  27.731544     0.1276     1.1522    25.6556   996.8921      0.021      0.015 0.0000e+00
      0.014     -0.001  -240.7820     7.7637     94.800 1.5093e+03     15.459     27.354  27.717704     0.1164     1.1304    25.6563   996.8919      0.020      0.014 0.0000e+00
      0.014     -0.001  -240.0780     7.7875     94.241 1.6044e+03     15.459     27.351  27.716446     0.1237     1.1864    25.6559   996.8920      0.019      0.013 0.0000e+00
      0.014      0.000  -239.4082     7.7943     93.588 1.5922e+03     15.459     27.349  27.716331     0.1402     1.2451    25.6559   996.8920      0.020      0.014 0.0000e+00
      0.014      0.000  -238.7062     7.7792     92.971 1.5233e+03     15.458     27.348  27.716321     0.1537     1.2227    25.6566   996.8918      0.019      0.013 0.0000e+00
      0.014      0.001  -237.9569     7.7419     92.509 1.4991e+03     15.458     27.346  27.716319     0.1528     1.1902    25.6581   996.8914      0.020      0.014 0.0000e+00
      0.014      0.002  -237.3177     7.6968     92.255 1.6129e+03     15.458     27.345  27.716319     0.1393     1.2299    25.6608   996.8907      0.020      0.014 0.0000e+00
      0.015      0.002  -236.8282     7.6375     92.224 1.6773e+03     15.458     27.343  27.716319     0.1330     1.2913    25.6644   996.8898      0.020      0.014 0.0000e+00
      0.016      0.002  -236.5126     7.5827     92.313 1.5705e+03     15.459     27.341  27.716320     0.1437     1.2807    25.6675   996.8890      0.023      0.015 0.0000e+00
      0.017      0.002  -236.1696     7.5447     92.402 1.4726e+03     15.459     27.340  27.716330     0.1538     1.2391    25.6704   996.8882      0.025      0.017 0.0000e+00
      0.017      0.001  -235.7776     7.5208     92.476 1.4406e+03     15.458     27.336  27.716448     0.1505     1.3030    25.6735   996.8874      0.025      0.017 0.0000e+00
      0.017      0.000  -235.3865     7.5221     92.499 1.4144e+03     15.457     27.332  27.717747     0.1512     1.4348    25.6770   996.8865      0.025      0.017 0.0000e+00
      0.017      0.000  -234.8835     7.5346     92.447 1.3563e+03     15.456     27.341  27.732043     0.1528     1.4592    25.6802   996.8856      0.025      0.017 0.0000e+00
      0.016      0.000  -234.2559     7.5388     92.338 1.3843e+03     15.455     27.366  27.762447     0.1509     1.3919    25.6821   996.8852      0.025      0.017 0.0000e+00
      0.016     -0.001  -233.3043     7.5466     92.186 1.4787e+03     15.456     27.368  27.768213     0.1464     1.2736    25.6875   996.8837      0.022      0.015 0.0000e+00
      0.017     -0.001  -232.3251     7.5483     92.017 1.4406e+03     15.456     27.337  27.738342     0.1376     1.1615    25.6978   996.8809      0.023      0.015 0.0000e+00
      0.017     -0.001  -231.7089     7.5403     91.856 1.4468e+03     15.456     27.318  27.718435     0.1399     1.1695    25.7092   996.8781      0.025      0.017 0.0000e+00
      0.016     -0.001  -231.3606     7.5312     91.714 1.5187e+03     15.456     27.319  27.717813     0.1352     1.1994    25.7195   996.8754      0.024      0.016 0.0000e+00
      0.016     -0.001  -231.2976     7.5158     91.579 1.4929e+03     15.456     27.336  27.730812     0.1195     1.2485    25.7267   996.8735      0.022      0.015 0.0000e+00
      0.015     -0.002  -231.2920     7.5018     91.408 1.4119e+03     15.457     27.358  27.748734     0.1222     1.3514    25.7291   996.8728      0.022      0.015 0.0000e+00
      0.014     -0.004  -230.9482     7.4878     91.160 1.3189e+03     15.458     27.358  27.744214     0.1397     1.4125    25.7287   996.8729      0.020      0.014 0.0000e+00
      0.014     -0.005  -230.4102     7.4772     90.826 1.3370e+03     15.458     27.356  27.739593     0.1491     1.4388    25.7253   996.8737      0.019      0.013 0.0000e+00
      0.013     -0.005  -229.9492     7.4688     90.430 1.3667e+03     15.457     27.376  27.756274     0.1409     1.3608    25.7178   996.8757      0.020      0.014 0.0000e+00
      0.011     -0.004  -229.5042     7.4573     90.035 1.3450e+03     15.457     27.378  27.755604     0.1354     1.2235    25.7079   996.8784      0.017      0.012 0.0000e+00
      0.008     -0.003  -228.9875     7.4388     89.739 1.3980e+03     15.457     27.356  27.731491     0.1492     1.1868    25.6996   996.8805      0.011      0.007 0.0000e+00
      0.007     -0.001  -228.5195     7.4109     89.535 1.5050e+03     15.457     27.345  27.718447     0.1552     1.1577    25.6944   996.8819      0.009      0.006 0.0000e+00
      0.008      0.001  -228.2337     7.3788     89.307 1.5750e+03     15.458     27.351  27.724748     0.1407     1.1116    25.6898   996.8832      0.011      0.008 0.0000e+00
      0.009      0.003  -227.9414     7.3420     88.979 1.5818e+03     15.458     27.370  27.744240     0.1368     1.1787    25.6839   996.8847      0.013      0.009 0.0000e+00
      0.011      0.005  -227.4810     7.3188     88.524 1.5658e+03     15.457     27.390  27.763835     0.1459     1.3171    25.6789   996.8860      0.016      0.011 0.0000e+00
      0.013      0.005  -226.9687     7.3079     87.939 1.5486e+03     15.457     27.397  27.771383     0.1458     1.4112    25.6774   996.8864      0.020      0.013 0.0000e+00
