Data/DataNotYetUploadedToEDI/Raw_CTD/RawDownloads/062821_fcr50_0002.cnv
* Sea-Bird SBE19plus  Data File:
* FileName = C:\R\Reservoirs\Data\DataNotYetUploadedToEDI\Raw_CTD\RawDownloads\062821_bvr50_0002.hex
* Software version 2.8.0.119
* Temperature SN = 7809
* Conductivity SN = 7809
* System UpLoad Time = Jun 28 2021 17:45:12
* <ApplicationData>
* <Seaterm232>
# nquan = 16
# nvalues = 1582                        
# units = specified
# name 0 = depFM: Depth [fresh water, m]
# name 1 = dz/dtM: Descent Rate [m/s]
# name 2 = orp: Oxidation Reduction Potential [mV]
# name 3 = sbeox0Mg/L: Oxygen, SBE 43 [mg/l]
# name 4 = sbeox0PS: Oxygen, SBE 43 [% saturation]
# name 5 = par/sat/log: PAR/Logarithmic, Satlantic
# name 6 = ph: pH
# name 7 = specc: Specific Conductance [uS/cm]
# name 8 = c0uS/cm: Conductivity [uS/cm]
# name 9 = flECO-AFL: Fluorescence, WET Labs ECO-AFL/FL [mg/m^3]
# name 10 = turbWETntu0: Turbidity, WET Labs ECO [NTU]
# name 11 = tv290C: Temperature [ITS-90, deg C]
# name 12 = density00: Density [density, kg/m^3]
# name 13 = prdE: Pressure, Strain Gauge [psi]
# name 14 = prdM: Pressure, Strain Gauge [db]
# name 15 = flag:  0.000e+00
# span 0 =     -0.563,      9.819       
# span 1 =     -0.396,      0.180       
# span 2 = -1240.7455,   520.9227       
# span 3 =     0.3580,    11.4697       
# span 4 =      3.268,    142.360       
# span 5 = 1.2338e-01, 2.3846e+03       
# span 6 =     15.190,     15.904       
# span 7 =      0.522,    287.598       
# span 8 =   0.573648, 199.925307       
# span 9 =    -3.2969,     5.4179       
# span 10 =    -6.5134,   201.7448      
# span 11 =     9.7415,    29.9454      
# span 12 =   995.6731,   999.8755      
# span 13 =     -0.800,     13.968      
# span 14 =     -0.552,      9.631      
# span 15 = 0.0000e+00, 0.0000e+00      
# interval = seconds: 0.25
# start_time = Jun 28 2021 01:06:12 [Instrument's time stamp, header]
# bad_flag = -9.990e-29
*END*
[from data line 91]
      0.144      0.001  -779.9819     9.5219    114.901 2.4848e+02     15.451     40.338  41.297731     2.8633    16.2783    26.1865   996.7560      0.205      0.141 0.0000e+00
      0.144      0.000  -780.9544     9.4934    113.074 2.5152e+02     15.450     40.289  41.272137     2.8001    16.2548    26.1682   996.7610      0.205      0.141 0.0000e+00
      0.144 1.8965e-08  -781.7063     9.4674    110.924 2.5461e+02     15.450     40.250  41.257225     2.7665    16.2671    26.1597   996.7633      0.204      0.141 0.0000e+00
      0.144 2.0862e-07  -782.1899     9.4191    108.637 2.5527e+02     15.449     40.218  41.244413     2.7725    16.3234    26.1592   996.7634      0.205      0.141 0.0000e+00
      0.144 2.0862e-07  -782.4133     9.3062    106.537 2.5319e+02     15.449     40.204  41.244203     2.7861    16.3516    26.1799   996.7578      0.206      0.142 0.0000e+00
      0.144 1.8965e-08  -782.6870     9.1448    105.038 2.5061e+02     15.448     40.204  41.254703     2.7885    16.3332    26.2143   996.7486      0.205      0.141 0.0000e+00
      0.144 1.7266e-09  -783.3478     8.9642    104.568 2.4807e+02     15.447     40.181  41.244443     2.7726    16.3077    26.2473   996.7397      0.205      0.141 0.0000e+00
      0.144 1.8470e-10  -784.4666     8.7645    105.455 2.4555e+02     15.446     40.155  41.247113     2.7563    16.3177    26.2733   996.7327      0.205      0.142 0.0000e+00
      0.144 3.2191e-10  -785.8038     8.5801    107.539 2.4300e+02     15.444     40.143  41.287027     2.7619    16.4542    26.2897   996.7283      0.205      0.141 0.0000e+00
      0.144 3.3856e-09  -786.9534     8.4466    110.127 2.4049e+02     15.442     40.143  41.346286     2.7830    16.6872    26.3004   996.7254      0.205      0.142 0.0000e+00
      0.144 3.7227e-08  -787.9557     8.3933    112.494 2.3832e+02     15.442     40.150  41.392433     2.7932    16.8008    26.3097   996.7230      0.205      0.141 0.0000e+00
      0.144 4.0950e-07  -789.2330     8.4637    114.333 2.3666e+02     15.441     40.148  41.400726     2.7804    16.7988    26.3404   996.7147      0.205      0.141 0.0000e+00
      0.144      0.000  -790.6963     8.6450    115.808 2.3550e+02     15.441     40.136  41.383101     2.7616    16.7996    26.4152   996.6946      0.205      0.141 0.0000e+00
      0.144      0.000  -791.7953     8.8616    117.160 2.3499e+02     15.441     40.130  41.369731     2.7752    16.8108    26.5048   996.6703      0.205      0.142 0.0000e+00
      0.144      0.001  -792.3684     9.0533    118.395 2.3466e+02     15.441     40.132  41.366019     2.8210    16.8652    26.5564   996.6564      0.205      0.141 0.0000e+00
      0.144      0.001  -792.8075     9.1919    119.330 2.3479e+02     15.441     40.108  41.338214     2.8476    16.9078    26.5591   996.6557      0.205      0.142 0.0000e+00
      0.145      0.001  -793.4910     9.3030    119.805 2.3564e+02     15.441     40.061  41.287425     2.8396    16.8449    26.5459   996.6593      0.206      0.142 0.0000e+00
      0.145      0.000  -794.5238     9.4150    119.886 2.3595e+02     15.441     40.036  41.259728     2.8389    16.6547    26.5367   996.6617      0.206      0.142 0.0000e+00
      0.145 1.8925e-08  -795.7440     9.5202    119.727 2.3583e+02     15.441     40.029  41.257220     2.8777    16.4613    26.5307   996.6633      0.206      0.142 0.0000e+00
      0.145 2.0817e-07  -796.7155     9.6040    119.391 2.3556e+02     15.441     40.016  41.257104     2.9172    16.3956    26.5279   996.6642      0.206      0.142 0.0000e+00
      0.145 2.4237e-07  -797.4080     9.6387    118.952 2.3413e+02     15.440     39.995  41.258348     2.9258    16.3750    26.5239   996.6652      0.206      0.142 0.0000e+00
      0.145 4.3248e-07  -798.0935     9.6391    118.500 2.3171e+02     15.439     39.980  41.272300     2.9147    16.3843    26.5204   996.6661      0.206      0.142 0.0000e+00
      0.145      0.000  -798.7234     9.6269    118.127 2.3002e+02     15.438     39.977  41.298885     2.8880    16.4738    26.5242   996.6651      0.206      0.142 0.0000e+00
      0.145      0.000  -799.3452     9.5941    117.934 2.2882e+02     15.437     39.974  41.325944     2.8788    16.5640    26.5389   996.6611      0.207      0.143 0.0000e+00
      0.145      0.001  -799.9329     9.5506    117.889 2.2663e+02     15.435     39.966  41.345617     2.8990    16.5825    26.5704   996.6526      0.207      0.143 0.0000e+00
      0.145      0.001  -800.4094     9.5064    117.829 2.2459e+02     15.435     40.006  41.409851     2.9228    16.4906    26.6101   996.6417      0.206      0.142 0.0000e+00
      0.146      0.002  -801.0633     9.4641    117.679 2.2344e+02     15.435     40.226  41.658303     2.9375    16.3458    26.6481   996.6315      0.207      0.143 0.0000e+00
      0.146      0.003  -801.8162     9.4453    118.058 2.2222e+02     15.435     40.545  42.001078     2.9438    16.3079    26.6828   996.6220      0.208      0.143 0.0000e+00
      0.146      0.005  -802.3711     9.4390    120.328 2.2080e+02     15.435     40.744  42.190154     2.9607    16.3762    26.7234   996.6110      0.207      0.143 0.0000e+00
      0.147      0.007  -802.7817     9.4363    125.078 2.1866e+02     15.437     40.829  42.230536     2.9985    16.6228    26.7501   996.6037      0.208      0.144 0.0000e+00
      0.149      0.008  -803.3402     9.4107    131.292 2.1545e+02     15.439     40.888  42.235350     3.0388    17.0233    26.7714   996.5980      0.211      0.145 0.0000e+00
      0.154      0.008  -804.3049     9.3779    137.055 2.1243e+02     15.440     40.941  42.248261     3.0468    17.2363    26.8067   996.5886      0.219      0.151 0.0000e+00
      0.157      0.008  -805.2393     9.5411    140.789 2.1051e+02     15.441     40.976  42.259621     3.0289    17.2418    26.7870   996.5939      0.224      0.155 0.0000e+00
      0.158      0.007  -805.7765     9.9715    142.290 2.0931e+02     15.443     40.982  42.245725     3.0225    17.1918    26.7111   996.6146      0.225      0.155 0.0000e+00
      0.159      0.005  -806.1535    10.5423    142.360 2.0827e+02     15.444     40.969  42.207169     3.0455    17.0443    26.6326   996.6360      0.227      0.156 0.0000e+00
      0.160      0.003  -806.5281    11.0721    141.865 2.0718e+02     15.444     40.968  42.174259     3.0883    16.8654    26.5808   996.6501      0.228      0.157 0.0000e+00
      0.160      0.001  -806.7785    11.3751    141.266 2.0603e+02     15.445     40.986  42.165144     3.1102    16.7796    26.5581   996.6563      0.228      0.157 0.0000e+00
      0.160      0.001  -806.8577    11.4697    140.607 2.0493e+02     15.445     40.991  42.160404     3.1003    16.7618    26.5373   996.6619      0.228      0.157 0.0000e+00
      0.160      0.000  -807.1419    11.4565    139.964 2.0378e+02     15.445     41.005  42.180399     3.0931    16.8909    26.5081   996.6698      0.228      0.157 0.0000e+00
      0.160 1.8826e-08  -807.8912    11.4096    139.450 2.0249e+02     15.444     41.029  42.216494     3.1085    17.1385    26.4643   996.6816      0.228      0.157 0.0000e+00
      0.160 2.0709e-07  -809.1210    11.3763    139.045 2.0135e+02     15.444     41.011  42.215984     3.1247    17.2838    26.4236   996.6926      0.228      0.157 0.0000e+00
      0.161 2.0709e-07  -810.3961    11.3218    138.731 2.0030e+02     15.443     40.949  42.174257     3.1174    17.3088    26.4114   996.6959      0.229      0.158 0.0000e+00
      0.161 1.8826e-08  -811.0904    11.2606    138.515 1.9920e+02     15.443     40.867  42.092867     3.1062    17.3373    26.4263   996.6919      0.229      0.158 0.0000e+00
      0.161 1.7115e-09  -811.3204    11.2216    138.389 1.9841e+02     15.444     40.798  41.993628     3.1033    17.4580    26.4384   996.6886      0.229      0.158 0.0000e+00
      0.161 1.5559e-10  -811.4571    11.1839    138.303 1.9805e+02     15.446     40.778  41.926469     3.1016    17.5670    26.4554   996.6841      0.229      0.158 0.0000e+00
      0.161 1.4144e-11  -811.7108    11.1502    138.194 1.9768e+02     15.447     40.817  41.915548     3.1045    17.5558    26.5003   996.6719      0.229      0.158 0.0000e+00
      0.161 1.2858e-12  -812.0640    11.1299    138.015 1.9709e+02     15.449     40.879  41.924976     3.1007    17.4598    26.5126   996.6686      0.228      0.157 0.0000e+00
      0.161 1.1690e-13  -812.2857    11.1314    137.770 1.9672e+02     15.451     40.921  41.913425     3.0936    17.3333    26.4635   996.6818      0.229      0.158 0.0000e+00
      0.161 1.0627e-14  -812.3268    11.1389    137.520 1.9683e+02     15.452     40.952  41.902750     3.0951    17.2621    26.4021   996.6983      0.229      0.158 0.0000e+00
      0.161 9.6610e-16  -812.3884    11.1436    137.326 1.9690e+02     15.453     40.986  41.922795     3.1093    17.2512    26.3403   996.7149      0.229      0.158 0.0000e+00
      0.161 8.7837e-17  -812.6005    11.1439    137.234 1.9657e+02     15.452     41.014  41.965325     3.1409    17.3044    26.2723   996.7333      0.228      0.157 0.0000e+00
      0.161 8.1135e-18  -812.9127    11.1342    137.255 1.9631e+02     15.451     40.994  41.972674     3.1628    17.4244    26.2038   996.7517      0.229      0.158 0.0000e+00
      0.161 2.1502e-18  -813.2380    11.1265    137.378 1.9631e+02     15.451     40.948  41.948223     3.1638    17.5011    26.1408   996.7685      0.230      0.158 0.0000e+00
      0.161 1.5734e-17  -813.5226    11.1121    137.535 1.9617e+02     15.451     40.925  41.923632     3.1725    17.5104    26.1203   996.7739      0.229      0.158 0.0000e+00
      0.161 1.7235e-16  -813.6863    11.1000    137.616 1.9592e+02     15.451     40.895  41.865773     3.1825    17.4683    26.1479   996.7666      0.230      0.159 0.0000e+00
      0.161 1.8958e-15  -813.5828    11.0929    137.546 1.9569e+02     15.452     40.886  41.819897     3.1791    17.3361    26.1895   996.7555      0.229      0.158 0.0000e+00
      0.161 2.0854e-14  -813.3890    11.0969    137.337 1.9521e+02     15.453     40.907  41.813213     3.1790    17.1476    26.2269   996.7454      0.229      0.158 0.0000e+00
      0.161 2.2939e-13  -813.3225    11.1138    137.127 1.9464e+02     15.455     40.896  41.784920     3.1724    17.0089    26.2292   996.7449      0.229      0.158 0.0000e+00
      0.161 2.5233e-12  -813.2945    11.1307    136.981 1.9435e+02     15.455     40.851  41.731682     3.1568    16.9983    26.1833   996.7571      0.230      0.159 0.0000e+00
      0.161 2.7756e-11  -813.1374    11.1374    136.853 1.9427e+02     15.455     40.803  41.677312     3.1425    17.2249    26.1315   996.7709      0.229      0.158 0.0000e+00
      0.161 3.0532e-10  -812.6278    11.1206    136.737 1.9413e+02     15.455     40.773  41.635336     3.1237    17.5859    26.0963   996.7803      0.230      0.158 0.0000e+00
      0.161 3.3585e-09  -811.9510    11.1054    136.593 1.9389e+02     15.455     40.768  41.604986     3.1102    17.7577    26.0750   996.7860      0.229      0.158 0.0000e+00
      0.161 3.6943e-08  -811.4065    11.0993    136.411 1.9373e+02     15.456     40.766  41.564211     3.1033    17.7221    26.0704   996.7872      0.229      0.158 0.0000e+00
      0.161 4.0638e-07  -810.9495    11.0863    136.228 1.9368e+02     15.458     40.766  41.523122     3.0880    17.6361    26.0680   996.7878      0.229      0.158 0.0000e+00
      0.161      0.000  -810.5547    11.0819    136.018 1.9349e+02     15.460     40.767  41.488966     3.0688    17.5771    26.0591   996.7901      0.229      0.158 0.0000e+00
      0.161      0.000  -809.9023    11.0772    135.671 1.9321e+02     15.461     40.771  41.468552     3.0622    17.5584    26.0276   996.7986      0.230      0.159 0.0000e+00
      0.161      0.001  -808.9119    11.0700    135.079 1.9306e+02     15.461     40.788  41.466685     3.0549    17.5128    25.9733   996.8131      0.229      0.158 0.0000e+00
      0.162      0.001  -808.1306    11.0683    134.398 1.9296e+02     15.462     40.808  41.466366     3.0184    17.2994    25.9206   996.8270      0.230      0.159 0.0000e+00
      0.162      0.000  -807.5968    11.0613    133.780 1.9288e+02     15.464     40.826  41.464656     2.9742    17.0051    25.8738   996.8394      0.231      0.159 0.0000e+00
      0.162      0.000  -807.0183    11.0478    133.121 1.9273e+02     15.464     40.825  41.445981     2.9682    16.8721    25.8457   996.8468      0.230      0.158 0.0000e+00
      0.162     -0.001  -806.4700    10.9953    132.408 1.9254e+02     15.464     40.820  41.430975     2.9841    16.8248    25.8266   996.8518      0.231      0.159 0.0000e+00
      0.162     -0.005  -805.5273    10.9361    131.755 1.9264e+02     15.464     40.801  41.410142     3.0043    16.7761    25.8003   996.8588      0.230      0.159 0.0000e+00
      0.161     -0.015  -803.6226    10.9010    131.231 1.9293e+02     15.464     40.778  41.384519     3.0320    16.7640    25.7746   996.8656      0.230      0.158 0.0000e+00
      0.161     -0.033  -801.2502    10.8504    130.839 1.9321e+02     15.464     40.835  41.438536     3.0416    16.7811    25.7506   996.8719      0.230      0.158 0.0000e+00
      0.159     -0.053  -798.7823    10.7904    130.494 1.9559e+02     15.464     40.931  41.555456     3.0349    16.8116    25.7365   996.8757      0.231      0.158 0.0000e+00
      0.148     -0.067  -796.2398    10.7349    130.164 2.0390e+02     15.462     40.970  41.655666     3.0281    16.7894    25.7417   996.8743      0.221      0.152 0.0000e+00
      0.118     -0.073  -794.0836    10.6911    130.009 2.1559e+02     15.460     40.939  41.698141     2.9981    16.5811    25.7432   996.8737      0.177      0.121 0.0000e+00
      0.077     -0.075  -792.3289    10.6663    130.115 2.3113e+02     15.458     40.882  41.688283     2.9384    16.2496    25.7211   996.8793      0.100      0.069 0.0000e+00
      0.049     -0.076  -790.8554    10.6406    130.401 2.4862e+02     15.458     40.842  41.663500     2.8972    16.0782    25.7312   996.8765      0.052      0.036 0.0000e+00
      0.044     -0.075  -789.6034    10.5867    130.810 2.4873e+02     15.457     40.825  41.652416     2.8917    16.0879    25.8223   996.8525      0.062      0.042 0.0000e+00
      0.044     -0.070  -788.2040    10.5494    131.314 2.4041e+02     15.457     40.841  41.681227     2.9003    16.1607    25.9379   996.8219      0.070      0.048 0.0000e+00
      0.031     -0.061  -786.9273    10.5520    131.807 2.4544e+02     15.456     40.893  41.757974     2.9151    16.2717    25.9960   996.8065      0.057      0.039 0.0000e+00
      0.001     -0.054  -786.0400    10.5747    132.040 2.4991e+02     15.453     40.921  41.818686     2.9183    16.3312    26.0007   996.8051      0.004      0.003 0.0000e+00
     -0.030     -0.049  -785.2197    10.6085    131.779 2.4680e+02     15.452     40.859  41.780596     2.9003    16.2969    26.0033   996.8042     -0.057     -0.040 0.0000e+00
     -0.041     -0.040  -784.3230    10.6470    130.869 2.4505e+02     15.452     40.759  41.678320     2.8598    16.3376    26.0171   996.8005     -0.066     -0.045 0.0000e+00
     -0.039     -0.025  -783.2860    10.6922    129.377 2.4521e+02     15.454     40.705  41.597673     2.8102    16.4803    26.0457   996.7929     -0.054     -0.037 0.0000e+00
     -0.036     -0.010  -782.1450    10.7069    127.752 2.4523e+02     15.455     40.705  41.567161     2.7862    16.5455    26.0933   996.7803     -0.051     -0.036 0.0000e+00
     -0.036      0.000  -781.0240    10.6835    126.623 2.4496e+02     15.456     40.727  41.563256     2.7705    16.5417    26.1349   996.7692     -0.051     -0.035 0.0000e+00
     -0.036      0.002  -779.7135    10.6103    126.324 2.4514e+02     15.457     40.734  41.550419     2.7452    16.5718    26.1345   996.7693     -0.051     -0.035 0.0000e+00
