Data/DataNotYetUploadedToEDI/Raw_CTD/RawDownloads/062926_fcr20_S7809015.cnv
* Sea-Bird SBE19plus  Data File:
* FileName = C:\R\Reservoirs\Data\DataNotYetUploadedToEDI\Raw_CTD\RawDownloads\062926_fcr50_S7809_0015.hex
* Software version 2.8.0.119
* Temperature SN = 7809
* Conductivity SN = 7809
* System UpLoad Time = Jun 30 2026 09:07:59
* <ApplicationData>
* <Seaterm232>
# nquan = 15
# nvalues = 1497                        
# units = specified
# name 0 = depFM: Depth [fresh water, m]
# name 1 = dz/dtM: Descent Rate [m/s]
# name 2 = sbeox0Mg/L: Oxygen, SBE 43 [mg/l]
# name 3 = sbeox0PS: Oxygen, SBE 43 [% saturation]
# name 4 = specc: Specific Conductance [uS/cm]
# name 5 = c0uS/cm: Conductivity [uS/cm]
# name 6 = flECO-AFL: Fluorescence, WET Labs ECO-AFL/FL [mg/m^3]
# name 7 = ph: pH
# name 8 = orp: Oxidation Reduction Potential [mV]
# name 9 = par/sat/log: PAR/Logarithmic, Satlantic
# name 10 = turbWETntu0: Turbidity, WET Labs ECO [NTU]
# name 11 = prdM: Pressure, Strain Gauge [db]
# name 12 = prdE: Pressure, Strain Gauge [psi]
# name 13 = tv290C: Temperature [ITS-90, deg C]
# name 14 = flag:  0.000e+00
# span 0 =     -0.599,      3.077       
# span 1 =     -0.088,      0.236       
# span 2 =    -0.2328,    10.4878       
# span 3 =     -2.384,    127.052       
# span 4 =      2.723,     79.987       
# span 5 =   2.661935,  62.579770       
# span 6 =    -0.0808,    47.0811       
# span 7 =      9.792,     12.459       
# span 8 =  -679.4980,    95.3719       
# span 9 = 1.2359e-01, 8.0524e+02       
# span 10 =    -0.2100,   215.4975      
# span 11 =     -0.588,      3.020      
# span 12 =     -0.853,      4.380      
# span 13 =    14.1050,    25.6745      
# span 14 = 0.0000e+00, 0.0000e+00      
# interval = seconds: 0.25
# start_time = Jun 29 2026 13:18:20 [Instrument's time stamp, header]
# bad_flag = -9.990e-29
*END*
[from data line 868]
      1.801      0.008    -0.2089     -2.211     50.625  45.466734     1.9262     10.723   -34.0513 9.6262e+00     3.2124      1.767      2.562    19.9584 0.0000e+00
      1.801      0.005    -0.2054     -2.212     50.617  45.457000     1.9409     10.718   -34.7732 9.7517e+00     3.2819      1.766      2.561    19.9462 0.0000e+00
      1.801      0.003    -0.2034     -2.213     50.472  45.331852     1.9019     10.713   -35.3977 9.8584e+00     3.1935      1.766      2.561    19.9255 0.0000e+00
      1.801      0.002    -0.2015     -2.213     50.265  45.159717     1.8122     10.708   -36.0106 9.9567e+00     3.0315      1.767      2.562    19.9071 0.0000e+00
      1.801      0.003    -0.2010     -2.216     50.102  45.026212     1.7714     10.704   -36.5909 1.0080e+01     2.9976      1.767      2.562    19.8984 0.0000e+00
      1.802      0.003    -0.2016     -2.234     49.983  44.923789     1.8006     10.700   -37.0792 1.0226e+01     3.1250      1.767      2.563    19.8954 0.0000e+00
      1.803      0.004    -0.2018     -2.252     49.791  44.746562     1.8570     10.697   -37.5267 1.0382e+01     3.2058      1.768      2.564    19.8979 0.0000e+00
      1.805      0.006    -0.2016     -2.252     49.496  44.470322     1.9035     10.692   -37.9578 1.0547e+01     3.1198      1.771      2.568    19.9168 0.0000e+00
      1.807      0.009    -0.2010     -2.262     49.197  44.186366     1.8969     10.688   -38.4193 1.0705e+01     2.9728      1.772      2.570    19.9351 0.0000e+00
      1.808      0.013    -0.2030     -2.273     48.982  43.979277     1.8944     10.685   -38.9773 1.0829e+01     3.0006      1.772      2.570    19.9364 0.0000e+00
      1.810      0.016    -0.2068     -2.255     48.875  43.870700     1.9397     10.681   -39.5428 1.0914e+01     3.0459      1.774      2.573    19.9313 0.0000e+00
      1.815      0.019    -0.2040     -2.228     48.841  43.825682     1.9785     10.676   -40.0082 1.0946e+01     2.9403      1.778      2.579    19.9208 0.0000e+00
      1.822      0.020    -0.2058     -2.223     48.845  43.815810     1.9724     10.672   -40.3879 1.0951e+01     2.8853      1.787      2.591    19.9020 0.0000e+00
      1.831      0.020    -0.2089     -2.234     48.930  43.878264     1.9485     10.668   -40.7793 1.0992e+01     2.8252      1.796      2.604    19.8870 0.0000e+00
      1.837      0.017    -0.2057     -2.227     49.093  44.009509     1.9561     10.664   -41.2124 1.1070e+01     2.8622      1.802      2.614    19.8775 0.0000e+00
      1.840      0.013    -0.2025     -2.216     49.246  44.133144     1.9821     10.661   -41.5805 1.1156e+01     3.0250      1.805      2.618    19.8599 0.0000e+00
      1.842      0.009    -0.2013     -2.217     49.290  44.167071     1.9876     10.657   -41.8745 1.1266e+01     3.0863      1.807      2.621    19.8459 0.0000e+00
      1.842      0.007    -0.2053     -2.227     49.207  44.102325     1.9722     10.653   -42.1852 1.1395e+01     3.0902      1.807      2.620    19.8342 0.0000e+00
      1.842      0.007    -0.2033     -2.247     49.132  44.048563     1.9459     10.649   -42.5842 1.1501e+01     3.0380      1.805      2.618    19.8177 0.0000e+00
      1.842      0.007    -0.2012     -2.257     49.174  44.088341     1.9026     10.645   -43.0862 1.1570e+01     3.0360      1.805      2.619    19.8011 0.0000e+00
      1.846      0.006    -0.2029     -2.251     49.241  44.138946     1.8397     10.642   -43.5218 1.1623e+01     3.1005      1.811      2.626    19.7919 0.0000e+00
      1.851      0.006    -0.2020     -2.254     49.130  44.025645     1.8015     10.638   -43.8069 1.1679e+01     3.1000      1.816      2.636    19.8062 0.0000e+00
      1.853      0.006    -0.2058     -2.267     48.890  43.797505     1.7910     10.634   -44.1247 1.1764e+01     3.0646      1.818      2.637    19.8269 0.0000e+00
      1.851      0.007    -0.2069     -2.270     48.774  43.665625     1.7946     10.632   -44.6102 1.1889e+01     3.1163      1.815      2.633    19.8298 0.0000e+00
      1.850      0.008    -0.2045     -2.258     48.806  43.637085     1.8366     10.630   -45.1179 1.1974e+01     3.3152      1.813      2.630    19.8153 0.0000e+00
      1.852      0.007    -0.2056     -2.248     49.029  43.769735     1.8669     10.627   -45.5314 1.1949e+01     3.3847      1.815      2.632    19.7981 0.0000e+00
      1.857      0.005    -0.2072     -2.240     49.460  44.126823     1.8613     10.623   -45.9956 1.1839e+01     3.3085      1.820      2.640    19.7915 0.0000e+00
      1.864      0.000    -0.2086     -2.245     49.800  44.463393     1.8107     10.619   -46.5999 1.1714e+01     3.2477      1.829      2.653    19.7734 0.0000e+00
      1.866     -0.005    -0.2055     -2.260     49.881  44.601931     1.7210     10.615   -47.3314 1.1685e+01     3.1624      1.834      2.660    19.7077 0.0000e+00
      1.861     -0.009    -0.2064     -2.262     49.740  44.532412     1.6919     10.612   -48.1300 1.1757e+01     3.1658      1.827      2.652    19.6154 0.0000e+00
      1.851     -0.011    -0.2049     -2.271     49.550  44.384652     1.7004     10.609   -48.8558 1.1811e+01     3.1509      1.814      2.631    19.5763 0.0000e+00
      1.843     -0.012    -0.2046     -2.288     49.506  44.338863     1.6899     10.605   -49.4813 1.1761e+01     3.0173      1.805      2.618    19.6261 0.0000e+00
      1.842     -0.010    -0.2084     -2.286     49.537  44.359628     1.6901     10.601   -50.1864 1.1641e+01     2.9846      1.804      2.617    19.7079 0.0000e+00
      1.844     -0.005    -0.2056     -2.269     49.482  44.318332     1.7112     10.597   -50.9286 1.1550e+01     3.0978      1.808      2.623    19.7746 0.0000e+00
      1.846      0.000    -0.2068     -2.273     49.288  44.156962     1.7459     10.594   -51.4866 1.1534e+01     3.1905      1.811      2.627    19.7970 0.0000e+00
      1.846      0.003    -0.2096     -2.275     49.037  43.931963     1.7509     10.590   -51.8565 1.1582e+01     3.1481      1.811      2.627    19.7731 0.0000e+00
      1.845      0.005    -0.2102     -2.249     48.867  43.756071     1.7220     10.587   -52.1314 1.1667e+01     3.0291      1.809      2.625    19.7627 0.0000e+00
      1.845      0.006    -0.2055     -2.242     48.757  43.617127     1.7047     10.584   -52.5739 1.1762e+01     2.9478      1.808      2.623    19.7772 0.0000e+00
      1.847      0.007    -0.2070     -2.251     48.621  43.457967     1.7079     10.581   -53.1628 1.1874e+01     2.9851      1.811      2.627    19.7935 0.0000e+00
      1.851      0.010    -0.2104     -2.250     48.538  43.355008     1.7192     10.579   -53.5730 1.2019e+01     3.0696      1.815      2.632    19.8017 0.0000e+00
      1.854      0.015    -0.2034     -2.250     48.675  43.451281     1.7334     10.576   -54.0051 1.2169e+01     3.1497      1.818      2.636    19.7727 0.0000e+00
      1.857      0.018    -0.2043     -2.247     48.954  43.669841     1.7385     10.572   -54.6023 1.2271e+01     3.2365      1.821      2.641    19.7211 0.0000e+00
      1.861      0.018    -0.2074     -2.240     49.036  43.712476     1.7228     10.570   -55.1147 1.2285e+01     3.1970      1.823      2.644    19.6819 0.0000e+00
      1.867      0.016    -0.2050     -2.241     48.918  43.585899     1.7098     10.568   -55.5550 1.2225e+01     3.1838      1.830      2.654    19.6548 0.0000e+00
      1.876      0.012    -0.2065     -2.257     48.869  43.535829     1.7217     10.565   -55.9675 1.2154e+01     3.3163      1.841      2.670    19.6318 0.0000e+00
      1.881      0.007    -0.2063     -2.281     48.952  43.614864     1.7510     10.561   -56.4031 1.2124e+01     3.3648      1.847      2.679    19.5993 0.0000e+00
      1.880      0.003    -0.2047     -2.287     49.128  43.779824     1.7645     10.559   -57.0364 1.2111e+01     3.2576      1.844      2.675    19.5640 0.0000e+00
      1.875      0.002    -0.2056     -2.285     49.382  44.006947     1.7435     10.557   -57.7735 1.2053e+01     3.1479      1.837      2.666    19.5393 0.0000e+00
      1.871      0.002    -0.2060     -2.286     49.616  44.202823     1.7470     10.553   -58.4322 1.1933e+01     3.1991      1.834      2.661    19.5335 0.0000e+00
      1.871      0.006    -0.2106     -2.284     49.767  44.307324     1.7975     10.551   -59.0643 1.1761e+01     3.3308      1.833      2.659    19.5436 0.0000e+00
      1.874      0.012    -0.2101     -2.290     49.899  44.381754     1.8225     10.549   -59.6510 1.1556e+01     3.3743      1.837      2.664    19.5534 0.0000e+00
      1.880      0.018    -0.2086     -2.298     50.049  44.467913     1.8065     10.547   -60.1058 1.1328e+01     3.3142      1.844      2.674    19.5582 0.0000e+00
      1.888      0.025    -0.2109     -2.289     50.167  44.523801     1.8046     10.546   -60.5186 1.1102e+01     3.2528      1.851      2.686    19.5478 0.0000e+00
      1.894      0.030    -0.2084     -2.258     50.257  44.549616     1.8329     10.544   -60.9429 1.0914e+01     3.3499      1.859      2.696    19.5155 0.0000e+00
      1.900      0.034    -0.2108     -2.245     50.369  44.589525     1.8655     10.543   -61.4509 1.0694e+01     3.5658      1.862      2.701    19.4691 0.0000e+00
      1.908      0.036    -0.2114     -2.251     50.472  44.625395     1.8736     10.541   -62.1006 1.0381e+01     3.6764      1.869      2.712    19.4194 0.0000e+00
      1.920      0.037    -0.2126     -2.247     50.558  44.665854     1.7727     10.539   -62.6888 1.0036e+01     3.6624      1.883      2.731    19.3729 0.0000e+00
      1.933      0.036    -0.2069     -2.257     50.678  44.761271     1.5868     10.537   -63.1430 9.7063e+00     3.6696      1.897      2.750    19.3201 0.0000e+00
      1.944      0.033    -0.2053     -2.265     50.909  44.953847     1.5065     10.536   -63.5485 9.3868e+00     3.7640      1.907      2.767    19.2572 0.0000e+00
      1.952      0.030    -0.2106     -2.275     51.250  45.216856     1.5267     10.535   -63.9782 9.0691e+00     3.8818      1.915      2.777    19.1962 0.0000e+00
      1.957      0.026    -0.2052     -2.286     51.602  45.465544     1.5062     10.533   -64.5524 8.7604e+00     3.9327      1.920      2.785    19.1567 0.0000e+00
      1.961      0.025    -0.2101     -2.284     51.988  45.738829     1.4327     10.531   -65.1565 8.4586e+00     3.9351      1.923      2.789    19.1574 0.0000e+00
      1.965      0.025    -0.2089     -2.261     52.340  45.981778     1.3792     10.529   -65.6904 8.1588e+00     3.9111      1.927      2.793    19.1604 0.0000e+00
      1.971      0.028    -0.2102     -2.230     52.418  45.990630     1.3835     10.526   -66.1884 7.9063e+00     3.9492      1.934      2.805    19.1203 0.0000e+00
      1.979      0.030    -0.2126     -2.233     52.293  45.845779     1.4184     10.523   -66.6182 7.7159e+00     4.0882      1.940      2.814    19.0490 0.0000e+00
      1.988      0.031    -0.2120     -2.248     52.198  45.753923     1.4679     10.520   -66.9297 7.5351e+00     4.2932      1.949      2.826    18.9864 0.0000e+00
      1.999      0.030    -0.2119     -2.255     52.143  45.705264     1.5000     10.517   -67.2868 7.3597e+00     4.5160      1.961      2.844    18.9223 0.0000e+00
      2.009      0.028    -0.2043     -2.270     52.097  45.638343     1.4901     10.516   -67.8393 7.2128e+00     4.5952      1.971      2.859    18.8533 0.0000e+00
      2.015      0.023    -0.2082     -2.302     52.090  45.579568     1.4974     10.513   -68.3611 7.0900e+00     4.6020      1.977      2.868    18.8229 0.0000e+00
      2.019      0.018    -0.2097     -2.322     52.039  45.502392     1.5383     10.510   -68.7771 6.9724e+00     4.6329      1.979      2.870    18.8172 0.0000e+00
      2.023      0.013    -0.2096     -2.317     51.854  45.339975     1.5688     10.505   -69.2556 6.8537e+00     4.5933      1.984      2.878    18.8335 0.0000e+00
      2.025      0.010    -0.2104     -2.324     51.712  45.202814     1.5748     10.502   -69.7589 6.7659e+00     4.4650      1.988      2.884    18.8143 0.0000e+00
      2.025      0.007    -0.2148     -2.327     51.802  45.240539     1.5607     10.500   -70.1299 6.7034e+00     4.3455      1.985      2.879    18.7337 0.0000e+00
      2.026      0.005    -0.2190     -2.312     51.884  45.288201     1.5402     10.497   -70.4726 6.6359e+00     4.3090      1.985      2.879    18.6965 0.0000e+00
      2.030      0.004    -0.2142     -2.302     51.644  45.080782     1.5264     10.494   -70.8053 6.5804e+00     4.3316      1.992      2.889    18.7211 0.0000e+00
      2.033      0.006    -0.2174     -2.294     51.229  44.700531     1.5276     10.491   -71.0550 6.5672e+00     4.3798      1.995      2.895    18.7201 0.0000e+00
      2.030      0.010    -0.2185     -2.294     50.974  44.435842     1.5208     10.487   -71.4263 6.5667e+00     4.3444      1.989      2.887    18.6511 0.0000e+00
      2.029      0.013    -0.2150     -2.310     50.987  44.419513     1.4778     10.485   -71.9394 6.5157e+00     4.2116      1.987      2.882    18.6207 0.0000e+00
      2.034      0.014    -0.2152     -2.309     51.162  44.566549     1.4492     10.483   -72.4402 6.4067e+00     4.1400      1.993      2.891    18.6568 0.0000e+00
      2.043      0.015    -0.2146     -2.294     51.302  44.690166     1.4652     10.480   -72.8354 6.2631e+00     4.1278      2.004      2.906    18.6361 0.0000e+00
      2.051      0.017    -0.2128     -2.293     51.247  44.644598     1.4727     10.476   -73.0183 6.1129e+00     4.0983      2.014      2.920    18.5713 0.0000e+00
      2.054      0.019    -0.2175     -2.284     51.114  44.523422     1.4643     10.472   -73.1892 5.9794e+00     4.0906      2.015      2.922    18.5461 0.0000e+00
      2.055      0.019    -0.2172     -2.277     51.111  44.494586     1.4723     10.468   -73.5243 5.8519e+00     4.1721      2.014      2.921    18.5496 0.0000e+00
      2.057      0.019    -0.2127     -2.276     51.220  44.549827     1.4944     10.464   -73.8008 5.7141e+00     4.2971      2.016      2.924    18.5503 0.0000e+00
      2.063      0.020    -0.2162     -2.272     51.331  44.619972     1.5150     10.462   -73.9517 5.5595e+00     4.3379      2.022      2.933    18.5562 0.0000e+00
      2.072      0.022    -0.2132     -2.280     51.361  44.644414     1.5135     10.459   -74.0579 5.4155e+00     4.2569      2.032      2.947    18.5582 0.0000e+00
      2.080      0.023    -0.2128     -2.291     51.368  44.654915     1.4759     10.454   -74.2248 5.3185e+00     4.2390      2.040      2.960    18.5293 0.0000e+00
      2.086      0.023    -0.2142     -2.300     51.406  44.683475     1.4433     10.450   -74.5063 5.2592e+00     4.4635      2.047      2.969    18.4781 0.0000e+00
      2.090      0.022    -0.2119     -2.320     51.399  44.672340     1.4522     10.446   -74.7942 5.2231e+00     4.7167      2.050      2.974    18.4449 0.0000e+00
      2.095      0.020    -0.2139     -2.342     51.374  44.647222     1.4747     10.444   -75.0391 5.1897e+00     4.7723      2.054      2.979    18.4565 0.0000e+00
      2.100      0.020    -0.2155     -2.352     51.439  44.697171     1.4823     10.441   -75.2296 5.1399e+00     4.6243      2.058      2.986    18.4677 0.0000e+00
      2.104      0.021    -0.2145     -2.356     51.760  44.958863     1.4784     10.437   -75.4632 5.0864e+00     4.3958      2.064      2.993    18.4558 0.0000e+00
      2.109      0.023    -0.2176     -2.356     52.227  45.335608     1.4856     10.435   -75.7991 5.0394e+00     4.3318      2.068      2.999    18.4486 0.0000e+00
      2.115      0.024    -0.2203     -2.334     52.460  45.507019     1.5106     10.432   -76.0213 4.9861e+00     4.4663      2.073      3.007    18.4515 0.0000e+00
      2.123      0.023    -0.2208     -2.307     52.478  45.507829     1.5560     10.428   -76.0851 4.8989e+00     4.6892      2.081      3.019    18.4459 0.0000e+00
