Data/DataNotYetUploadedToEDI/Raw_CTD/RawDownloads/062926_fcr10_S7809014.cnv
* Sea-Bird SBE19plus  Data File:
* FileName = C:\R\Reservoirs\Data\DataNotYetUploadedToEDI\Raw_CTD\RawDownloads\062926_fcr50_S7809_0014.hex
* Software version 2.8.0.119
* Temperature SN = 7809
* Conductivity SN = 7809
* System UpLoad Time = Jun 30 2026 09:07:17
* <ApplicationData>
* <Seaterm232>
# nquan = 15
# nvalues = 643                         
# units = specified
# name 0 = depFM: Depth [fresh water, m]
# name 1 = dz/dtM: Descent Rate [m/s]
# name 2 = sbeox0Mg/L: Oxygen, SBE 43 [mg/l]
# name 3 = sbeox0PS: Oxygen, SBE 43 [% saturation]
# name 4 = specc: Specific Conductance [uS/cm]
# name 5 = c0uS/cm: Conductivity [uS/cm]
# name 6 = flECO-AFL: Fluorescence, WET Labs ECO-AFL/FL [mg/m^3]
# name 7 = ph: pH
# name 8 = orp: Oxidation Reduction Potential [mV]
# name 9 = par/sat/log: PAR/Logarithmic, Satlantic
# name 10 = turbWETntu0: Turbidity, WET Labs ECO [NTU]
# name 11 = prdM: Pressure, Strain Gauge [db]
# name 12 = prdE: Pressure, Strain Gauge [psi]
# name 13 = tv290C: Temperature [ITS-90, deg C]
# name 14 = flag:  0.000e+00
# span 0 =     -0.608,      2.081       
# span 1 =     -0.129,      0.243       
# span 2 =    -0.2868,    10.7896       
# span 3 =     -3.126,    131.063       
# span 4 =      4.422,     73.287       
# span 5 =   4.566531,  64.317600       
# span 6 =    -0.0334,     7.2929       
# span 7 =      8.247,     12.436       
# span 8 = -1240.7266,    33.1653       
# span 9 = 6.0191e+00, 6.8990e+02       
# span 10 =    -0.1173,    78.0637      
# span 11 =     -0.597,      2.040      
# span 12 =     -0.867,      2.959      
# span 13 =    18.8091,    26.6252      
# span 14 = 0.0000e+00, 0.0000e+00      
# interval = seconds: 0.25
# start_time = Jun 29 2026 13:10:17 [Instrument's time stamp, header]
# bad_flag = -9.990e-29
*END*
[from data line 579]
      1.959      0.011    -0.2749     -2.979     68.250  60.510771     1.9600     10.540  -134.1849 6.0585e+00     4.9598      1.922      2.786    19.4666 0.0000e+00
      1.962      0.011    -0.2722     -2.987     67.663  59.983369     2.0416     10.537  -134.3153 6.0486e+00     5.0730      1.924      2.790    19.4123 0.0000e+00
      1.967      0.010    -0.2719     -2.981     66.817  59.247010     2.1769     10.534  -134.4027 6.0322e+00     5.3586      1.929      2.797    19.3729 0.0000e+00
      1.972      0.007    -0.2732     -2.985     66.621  59.103525     2.2477     10.530  -134.4676 6.0191e+00     5.5093      1.935      2.806    19.3387 0.0000e+00
      1.975      0.005    -0.2743     -2.999     67.064  59.519083     2.2486     10.526  -134.4972 6.0299e+00     5.4261      1.939      2.813    19.3226 0.0000e+00
      1.974      0.004    -0.2766     -3.007     67.697  60.078917     2.2296     10.522  -134.5886 6.0611e+00     5.3098      1.937      2.810    19.3149 0.0000e+00
      1.970      0.003    -0.2737     -3.008     68.237  60.536267     2.2173     10.519  -134.7983 6.0768e+00     5.3324      1.931      2.801    19.3241 0.0000e+00
      1.969      0.003    -0.2744     -2.999     68.497  60.729001     2.2257     10.515  -135.0545 6.0716e+00     5.4595      1.930      2.799    19.3558 0.0000e+00
      1.971      0.003    -0.2766     -2.982     68.578  60.757475     2.2227     10.512  -135.2767 6.0636e+00     5.5152      1.933      2.804    19.3793 0.0000e+00
      1.976      0.004    -0.2769     -2.974     68.670  60.816953     2.2227     10.509  -135.4192 6.0674e+00     5.4937      1.938      2.811    19.3738 0.0000e+00
      1.979      0.005    -0.2770     -2.969     68.876  61.003420     2.2083     10.505  -135.6596 6.1081e+00     5.4732      1.942      2.818    19.3555 0.0000e+00
      1.979      0.007    -0.2772     -2.964     69.286  61.360280     2.1567     10.500  -136.0326 6.1811e+00     5.4715      1.941      2.816    19.3301 0.0000e+00
      1.976      0.010    -0.2742     -2.972     69.795  61.764600     2.1321     10.496  -136.4009 6.2413e+00     5.5421      1.936      2.808    19.2861 0.0000e+00
      1.977      0.013    -0.2743     -2.979     70.245  62.080101     2.1847     10.493  -136.7583 6.2717e+00     5.8136      1.937      2.809    19.2679 0.0000e+00
      1.982      0.017    -0.2747     -2.986     70.542  62.252385     2.6348     10.491  -137.0844 6.2930e+00     7.7639      1.943      2.817    19.2831 0.0000e+00
      1.990      0.018    -0.2715     -2.994     70.627  62.259223     3.4208     10.488  -137.3316 6.3283e+00    11.2574      1.952      2.831    19.2894 0.0000e+00
      1.999      0.018    -0.2754     -2.988     70.694  62.289753     3.8233     10.484  -137.4237 6.3714e+00    13.1084      1.961      2.845    19.2533 0.0000e+00
      2.005      0.016    -0.2747     -2.968     70.863  62.430887     3.8466     10.479  -137.4244 6.4290e+00    13.2009      1.968      2.855    19.1844 0.0000e+00
      2.007      0.012    -0.2762     -2.957     70.968  62.504382     4.0022     10.475  -137.5981 6.5194e+00    13.7422      1.970      2.856    19.1157 0.0000e+00
      2.007      0.008    -0.2780     -2.967     70.907  62.415935     4.3149     10.472  -137.8882 6.6393e+00    14.8703      1.968      2.853    19.0582 0.0000e+00
      2.007      0.005    -0.2776     -2.978     70.895  62.377973     4.5064     10.469  -138.0067 6.8142e+00    15.5686      1.967      2.853    19.0443 0.0000e+00
      2.008      0.005    -0.2748     -2.991     71.120  62.553627     4.5619     10.465  -137.9996 7.0528e+00    16.0362      1.970      2.856    19.0519 0.0000e+00
      2.010      0.007    -0.2725     -2.993     71.320  62.697233     5.0273     10.461  -137.9741 7.3376e+00    20.7636      1.972      2.859    19.0381 0.0000e+00
      2.011      0.008    -0.2764     -2.995     71.303  62.652971     5.9219     10.457  -137.9569 7.6344e+00    29.5846      1.972      2.860    19.0042 0.0000e+00
      2.013      0.008    -0.2752     -3.009     71.165  62.526687     6.4309     10.453  -137.9639 7.8939e+00    34.4897      1.974      2.862    18.9840 0.0000e+00
      2.017      0.007    -0.2788     -3.014     71.047  62.441029     6.5042     10.449  -137.8860 8.1521e+00    35.1513      1.979      2.870    18.9799 0.0000e+00
      2.020      0.005    -0.2776     -3.005     71.016  62.443268     6.5913     10.446  -137.7887 8.4383e+00    36.2860      1.982      2.875    18.9488 0.0000e+00
      2.021      0.004    -0.2772     -2.984     71.047  62.490267     6.7185     10.441  -137.7344 8.7101e+00    38.0970      1.983      2.876    18.9212 0.0000e+00
      2.020      0.003    -0.2804     -2.977     71.136  62.564568     6.7688     10.438  -137.6598 8.9467e+00    38.9783      1.982      2.873    18.9211 0.0000e+00
      2.020      0.001    -0.2796     -2.985     71.250  62.642758     6.7502     10.437  -137.6611 9.1630e+00    38.9824      1.980      2.872    18.9351 0.0000e+00
      2.020      0.001    -0.2805     -2.987     71.316  62.673214     6.7520     10.433  -137.6644 9.3758e+00    39.1380      1.981      2.874    18.9625 0.0000e+00
      2.021      0.001    -0.2754     -2.966     71.276  62.615095     6.8897     10.430  -137.6131 9.5873e+00    41.1330      1.982      2.875    18.9811 0.0000e+00
      2.022      0.001    -0.2758     -2.951     71.159  62.511820     7.1506     10.427  -137.6439 9.7903e+00    44.8276      1.983      2.876    18.9753 0.0000e+00
      2.022      0.002    -0.2770     -2.963     71.114  62.504615     7.2929     10.424  -137.6929 9.9588e+00    46.9171      1.983      2.876    18.9569 0.0000e+00
      2.022      0.003    -0.2787     -2.973     71.173  62.591553     7.2868     10.421  -137.6879 1.0089e+01    47.7466      1.984      2.878    18.9353 0.0000e+00
      2.022      0.004    -0.2758     -2.973     71.189  62.610014     7.2102     10.418  -137.7557 1.0195e+01    55.4379      1.983      2.876    18.9142 0.0000e+00
      2.022      0.004    -0.2719     -2.968     71.130  62.537229     7.0996     10.416  -137.9964 1.0280e+01    69.7479      1.982      2.875    18.9091 0.0000e+00
      2.024      0.004    -0.2761     -2.962     71.143  62.537429     7.0388     10.413  -138.3615 1.0359e+01    77.6397      1.985      2.880    18.9397 0.0000e+00
      2.028      0.005    -0.2762     -2.971     71.432  62.803015     6.9587     10.410  -138.7288 1.0443e+01    78.0637      1.990      2.886    18.9784 0.0000e+00
      2.029      0.006    -0.2759     -2.994     71.964  63.270556     6.1726     10.407  -138.9962 1.0516e+01    74.4982      1.991      2.887    18.9782 0.0000e+00
      2.028      0.008    -0.2758     -2.991     72.412  63.615848     4.7166     10.405  -139.2708 1.0547e+01    67.8352      1.988      2.883    18.9517 0.0000e+00
      2.028      0.010    -0.2746     -2.970     72.634  63.737469     3.8946     10.402  -139.6402 1.0509e+01    64.0447      1.987      2.881    18.9373 0.0000e+00
      2.032      0.012    -0.2744     -2.960     72.684  63.724368     3.7248     10.399  -139.9345 1.0425e+01    62.2801      1.991      2.888    18.9576 0.0000e+00
      2.038      0.014    -0.2795     -2.951     72.551  63.584440     2.7798     10.397  -140.1615 1.0349e+01    46.9775      2.000      2.900    18.9726 0.0000e+00
      2.043      0.014    -0.2788     -2.957     72.313  63.379865     1.0669     10.395  -140.4066 1.0253e+01    18.9739      2.004      2.907    18.9294 0.0000e+00
      2.047      0.013    -0.2747     -2.977     72.107  63.220538     0.1350     10.392  -140.5745 1.0094e+01     3.6957      2.007      2.911    18.8637 0.0000e+00
      2.050      0.011    -0.2763     -2.974     71.961  63.119415     0.0267     10.389  -140.7293 9.9168e+00     2.3036      2.011      2.917    18.8238 0.0000e+00
      2.052      0.007    -0.2741     -2.959     71.850  63.046730    -0.0172     10.386  -140.9874 9.7563e+00     1.7664      2.012      2.919    18.8091 0.0000e+00
      2.053      0.005    -0.2739     -2.961     71.823  63.040641    -0.0297     10.384  -141.2864 9.6037e+00     1.0259      2.013      2.919    18.8143 0.0000e+00
      2.054      0.004    -0.2788     -2.970     71.890  63.109360    -0.0159     10.382  -141.5919 9.4505e+00     0.6941      2.014      2.921    18.8319 0.0000e+00
      2.054      0.004    -0.2772     -2.963     72.033  63.242253     0.0161     10.381  -141.8406 9.2944e+00     0.7614      2.015      2.922    18.8526 0.0000e+00
      2.055      0.005    -0.2738     -2.955     72.243  63.440248     0.0237     10.379  -141.9710 9.1162e+00     0.6095      2.015      2.923    18.8721 0.0000e+00
      2.056      0.006    -0.2749     -2.951     72.396  63.597220    -0.0066     10.377  -142.2219 8.9020e+00     0.1565      2.016      2.924    18.8837 0.0000e+00
      2.057      0.008    -0.2772     -2.930     72.474  63.678861    -0.0265     10.376  -142.7233 8.6906e+00    -0.1052      2.017      2.926    18.8890 0.0000e+00
      2.059      0.010    -0.2753     -2.905     72.690  63.855531    -0.0162     10.375  -143.2157 8.5103e+00    -0.0949      2.020      2.928    18.8920 0.0000e+00
      2.062      0.012    -0.2740     -2.909     73.057  64.144842    -0.0077     10.375  -143.5291 8.3398e+00    -0.0605      2.022      2.933    18.8990 0.0000e+00
      2.066      0.012    -0.2752     -2.920     73.287  64.317600    -0.0062     10.375  -143.6730 8.1719e+00    -0.0313      2.026      2.939    18.9208 0.0000e+00
      2.070      0.012    -0.2726     -2.910     73.262  64.292272     0.0102     10.374  -143.7513 8.0195e+00    -0.0152      2.030      2.945    18.9354 0.0000e+00
      2.074      0.011    -0.2680     -2.904     73.080  64.156300     0.0074     10.372  -143.9589 7.8981e+00    -0.0703      2.034      2.951    18.9244 0.0000e+00
      2.077      0.010    -0.2699     -2.906     72.964  64.071480    -0.0073     10.371  -144.1184 7.8057e+00    -0.1173      2.037      2.954    18.8948 0.0000e+00
      2.079 -9.990e-29    -0.2733 -9.990e-29 -9.990e-29 -9.990e-29 -9.990e-29 -9.990e-29 -9.990e-29 7.7274e+00 -9.990e-29      2.039      2.957    18.8696 0.0000e+00
      2.080 -9.990e-29    -0.2700 -9.990e-29 -9.990e-29 -9.990e-29 -9.990e-29 -9.990e-29 -9.990e-29 7.6784e+00 -9.990e-29      2.040      2.959    18.8642 0.0000e+00
      2.081 -9.990e-29    -0.2693 -9.990e-29 -9.990e-29 -9.990e-29 -9.990e-29 -9.990e-29 -9.990e-29 7.6591e+00 -9.990e-29      2.040      2.959    18.8906 0.0000e+00
      2.081 -9.990e-29    -0.2708 -9.990e-29 -9.990e-29 -9.990e-29 -9.990e-29 -9.990e-29 -9.990e-29 7.6531e+00 -9.990e-29      2.040      2.959    18.9169 0.0000e+00
