Data/DataNotYetUploadedToEDI/Raw_CTD/RawDownloads/062926_bvr50_S8188031.cnv
* Sea-Bird SBE19plus  Data File:
* FileName = C:\R\Reservoirs\Data\DataNotYetUploadedToEDI\Raw_CTD\RawDownloads\062526_ccr50_S8188_0031.hex
* Software version 2.8.0.119
* Temperature SN = 8188
* Conductivity SN = 8188
* System UpLoad Time = Jun 29 2026 18:19:06
* <ApplicationData>
* <Seaterm232>
# nquan = 16
# nvalues = 160                         
# units = specified
# name 0 = depFM: Depth [fresh water, m]
# name 1 = dz/dtM: Descent Rate [m/s]
# name 2 = sbeox0Mg/L: Oxygen, SBE 43 [mg/l]
# name 3 = sbeox0PS: Oxygen, SBE 43 [% saturation]
# name 4 = specc: Specific Conductance [uS/cm]
# name 5 = c0uS/cm: Conductivity [uS/cm]
# name 6 = wetCDOM: Fluorescence, WET Labs CDOM [mg/m^3]
# name 7 = flECO-AFL: Fluorescence, WET Labs ECO-AFL/FL [mg/m^3]
# name 8 = flECO-AFL1: Fluorescence, WET Labs ECO-AFL/FL, 2 [mg/m^3]
# name 9 = flECO-AFL2: Fluorescence, WET Labs ECO-AFL/FL, 3 [mg/m^3]
# name 10 = par/sat/log: PAR/Logarithmic, Satlantic
# name 11 = turbWETntu0: Turbidity, WET Labs ECO [NTU]
# name 12 = prdM: Pressure, Strain Gauge [db]
# name 13 = prdE: Pressure, Strain Gauge [psi]
# name 14 = tv290C: Temperature [ITS-90, deg C]
# name 15 = flag:  0.000e+00
# span 0 =     -0.702,      0.372       
# span 1 =     -0.004,      0.224       
# span 2 =     5.1546,     7.7419       
# span 3 =     62.731,     94.347       
# span 4 =      0.751,     40.499       
# span 5 =   0.747090,  40.811550       
# span 6 =    -4.5000,    20.7000       
# span 7 =    -0.2884,     6.2883       
# span 8 =    -2.1300,     0.2556       
# span 9 =    -2.0304,     5.5413       
# span 10 = 7.1542e+01, 7.9246e+02      
# span 11 =    -1.0951,    10.9750      
# span 12 =     -0.688,      0.365      
# span 13 =     -0.998,      0.529      
# span 14 =    24.6962,    25.3939      
# span 15 = 0.0000e+00, 0.0000e+00      
# interval = seconds: 0.25
# start_time = Jun 29 2026 10:37:11 [Instrument's time stamp, header]
# bad_flag = -9.990e-29
*END*
[from data line 91]
      0.311      0.001     6.8139     77.309     39.042  39.296786    20.2500     5.8839     0.1704     5.0760 1.0646e+02    10.2197      0.305      0.443    25.3200 0.0000e+00
      0.311      0.000     6.6658     76.595     39.047  39.300318    20.2500     5.9068     0.1704     5.0760 1.0625e+02    10.1441      0.305      0.443    25.3208 0.0000e+00
      0.311      0.001     6.5363     76.061     39.051  39.302520    20.4300     5.9030     0.2556     5.3298 1.0526e+02    10.2952      0.305      0.443    25.3211 0.0000e+00
      0.312      0.001     6.4305     75.611     39.045  39.296011    20.4300     5.9182     0.2556     5.3298 1.0419e+02    10.1894      0.306      0.444    25.3208 0.0000e+00
      0.312      0.002     6.3499     75.191     39.033  39.283038    20.4300     5.9869     0.2556     5.3298 1.0408e+02    10.2197      0.306      0.444    25.3196 0.0000e+00
      0.313      0.002     6.2914     74.801     39.023  39.272097    20.4300     5.9716     0.2556     5.3298 1.0291e+02    10.2348      0.307      0.445    25.3179 0.0000e+00
      0.313      0.002     6.2477     74.458     39.015  39.264255    20.4300     5.9640     0.1704     5.2029 1.0030e+02    10.1592      0.307      0.445    25.3161 0.0000e+00
      0.314      0.002     6.2109     74.176     39.009  39.259414    20.4300     5.9793     0.1704     5.2029 9.7636e+01    10.2499      0.308      0.446    25.3148 0.0000e+00
      0.314      0.003     6.1766     73.971     39.007  39.258275    20.4300     6.0517     0.1704     5.2029 9.5786e+01     9.9326      0.308      0.447    25.3140 0.0000e+00
      0.315      0.003     6.1446     73.867     39.007  39.258541    20.4300     6.0327     0.1704     5.2029 9.4361e+01     9.9628      0.309      0.448    25.3137 0.0000e+00
      0.316      0.003     6.1163     73.894     39.006  39.258291    20.7000     6.0365     0.2130     5.2452 9.3605e+01     9.9779      0.310      0.450    25.3139 0.0000e+00
      0.317      0.003     6.0932     74.069     39.005  39.257460    20.7000     6.0289     0.2130     5.2452 9.2694e+01     9.9779      0.311      0.451    25.3145 0.0000e+00
      0.318      0.003     6.0762     74.376     39.003  39.255825    20.7000     6.1662     0.2130     5.2452 9.2373e+01    10.1290      0.312      0.452    25.3154 0.0000e+00
      0.318      0.003     6.0676     74.792     39.000  39.252950    20.7000     6.1662     0.2130     5.2452 9.2473e+01    10.2348      0.312      0.453    25.3164 0.0000e+00
      0.319      0.003     6.0697     75.302     38.995  39.248070    20.7000     6.1242     0.2130     5.2452 9.2634e+01    10.2801      0.313      0.454    25.3171 0.0000e+00
      0.320      0.004     6.0840     75.881     38.987  39.239881    20.5200     6.1433     0.2130     5.2875 9.1772e+01    10.0837      0.314      0.455    25.3174 0.0000e+00
      0.321      0.004     6.1092     76.485     38.975  39.228193    20.5200     5.9793     0.2130     5.2875 9.0958e+01    10.5067      0.315      0.457    25.3175 0.0000e+00
      0.322      0.004     6.1434     77.071     38.965  39.217860    20.5200     5.9716     0.2130     5.2875 9.0466e+01    10.4311      0.316      0.458    25.3176 0.0000e+00
      0.323      0.005     6.1853     77.611     38.959  39.212101    20.5200     5.9716     0.2130     5.2875 8.9527e+01    10.3707      0.317      0.460    25.3178 0.0000e+00
      0.325      0.006     6.2328     78.083     38.956  39.209383    20.5200     5.9831     0.1704     5.2875 8.8310e+01    10.4009      0.318      0.462    25.3181 0.0000e+00
      0.326      0.007     6.2823     78.473     38.956  39.208980    20.5200     6.0021     0.1704     5.2875 8.7014e+01    10.2801      0.320      0.464    25.3183 0.0000e+00
      0.328      0.008     6.3305     78.782     38.954  39.206799    20.5200     5.9793     0.1704     5.2875 8.6318e+01    10.1592      0.322      0.467    25.3185 0.0000e+00
      0.331      0.009     6.3748     79.004     38.951  39.202259    20.5200     5.9564     0.1704     5.2875 8.5329e+01    10.2348      0.324      0.470    25.3186 0.0000e+00
      0.333      0.009     6.4135     79.126     38.951  39.202118    20.4300     6.0021     0.2130     5.2452 8.4334e+01    10.1592      0.327      0.474    25.3186 0.0000e+00
      0.336      0.008     6.4456     79.132     38.956  39.206341    20.4300     6.1433     0.2130     5.2452 8.3223e+01    10.4916      0.329      0.478    25.3185 0.0000e+00
      0.338      0.007     6.4710     79.018     38.959  39.208082    20.4300     6.1586     0.2130     5.2452 8.2003e+01    10.5822      0.332      0.481    25.3181 0.0000e+00
      0.340      0.006     6.4894     78.801     38.955  39.203821    20.4300     6.1662     0.2130     5.2452 8.0852e+01    10.4311      0.334      0.484    25.3173 0.0000e+00
      0.342      0.004     6.4996     78.512     38.948  39.196406    20.4300     6.1586     0.2130     5.2452 8.0083e+01    10.4311      0.335      0.486    25.3161 0.0000e+00
      0.342      0.002     6.5002     78.172     38.940  39.187846    20.4300     6.1166     0.2130     5.2029 8.0327e+01    10.2348      0.336      0.487    25.3149 0.0000e+00
      0.342      0.001     6.4909     77.791     38.928  39.175858    20.4300     6.0708     0.2130     5.2029 8.1011e+01    10.2952      0.336      0.487    25.3138 0.0000e+00
      0.342     -0.001     6.4732     77.362     38.918  39.165213    20.4300     6.1090     0.2130     5.2029 8.1275e+01    10.0988      0.335      0.486    25.3131 0.0000e+00
      0.341     -0.002     6.4495     76.884     38.914  39.161044    20.4300     6.1051     0.2130     5.2029 8.0817e+01    10.2197      0.335      0.486    25.3129 0.0000e+00
      0.341     -0.002     6.4216     76.367     38.911  39.158253    20.2500     6.0861     0.2130     5.0760 8.0782e+01    10.2045      0.334      0.485    25.3128 0.0000e+00
      0.340     -0.003     6.3903     75.830     38.905  39.152112    20.2500     6.0250     0.2130     5.0760 8.0975e+01    10.0233      0.334      0.484    25.3125 0.0000e+00
      0.340     -0.003     6.3551     75.280     38.894  39.140982    20.2500     6.0365     0.2130     5.0760 8.1558e+01     9.9628      0.333      0.483    25.3120 0.0000e+00
      0.339     -0.003     6.3159     74.714     38.880  39.125882    20.2500     6.0136     0.2130     5.0760 8.1523e+01    10.0686      0.332      0.482    25.3115 0.0000e+00
      0.338     -0.004     6.2735     74.129     38.865  39.110754    20.4300     6.0250     0.2130     5.1183 8.0694e+01     9.9326      0.331      0.480    25.3112 0.0000e+00
      0.337     -0.004     6.2293     73.540     38.854  39.099532    20.4300     5.9602     0.2130     5.1183 8.0362e+01     9.8118      0.330      0.479    25.3110 0.0000e+00
      0.336     -0.004     6.1842     72.964     38.848  39.093211    20.4300     5.9945     0.2130     5.1183 8.0905e+01     9.7816      0.329      0.477    25.3108 0.0000e+00
      0.335     -0.003     6.1377     72.401     38.841  39.086118    20.4300     5.9449     0.2130     5.1183 8.1258e+01     9.7362      0.328      0.476    25.3105 0.0000e+00
      0.334     -0.002     6.0897     71.837     38.828  39.072377    20.3400     5.9716     0.2130     5.2029 8.0730e+01     9.6305      0.327      0.474    25.3102 0.0000e+00
      0.333     -0.001     6.0414     71.263     38.813  39.056295    20.3400     6.0517     0.2130     5.2029 8.1505e+01    10.3103      0.327      0.473    25.3100 0.0000e+00
      0.333      0.001     5.9941     70.679     38.803  39.045537    20.3400     6.0327     0.2130     5.2029 8.1665e+01    10.2499      0.327      0.473    25.3097 0.0000e+00
      0.334      0.003     5.9479     70.091     38.795  39.037234    20.3400     6.0403     0.2130     5.2029 8.0292e+01    10.0988      0.327      0.474    25.3092 0.0000e+00
      0.335      0.005     5.9017     69.514     38.784  39.025188    20.3400     6.0365     0.2130     5.2029 7.9511e+01    10.1592      0.328      0.476    25.3085 0.0000e+00
      0.336      0.006     5.8546     68.957     38.773  39.014155    20.5200     6.1090     0.2130     5.2452 7.9338e+01    10.9145      0.330      0.478    25.3078 0.0000e+00
      0.338      0.008     5.8066     68.427     38.773  39.013147    20.5200     6.0937     0.2130     5.2452 7.9269e+01    10.8994      0.331      0.481    25.3069 0.0000e+00
      0.340      0.009     5.7585     67.931     38.778  39.017911    20.5200     6.1166     0.2130     5.2452 7.8447e+01    10.9145      0.334      0.484    25.3061 0.0000e+00
      0.343      0.010     5.7111     67.473     38.778  39.017763    20.5200     6.1166     0.2130     5.2452 7.7279e+01    10.9750      0.336      0.488    25.3054 0.0000e+00
      0.346      0.011     5.6654     67.055     38.769  39.008678    20.6100     6.0937     0.1704     5.2875 7.7565e+01    10.2348      0.339      0.491    25.3049 0.0000e+00
      0.348      0.012     5.6220     66.672     38.753  38.992220    20.6100     6.0975     0.1704     5.2875 7.7937e+01    10.2650      0.342      0.495    25.3044 0.0000e+00
      0.351      0.012     5.5812     66.309     38.737  38.975954    20.6100     6.1242     0.1704     5.2875 7.7549e+01    10.1894      0.345      0.500    25.3040 0.0000e+00
      0.355      0.013     5.5436     65.954     38.729  38.967495    20.6100     6.0975     0.1704     5.2875 7.6345e+01    10.2650      0.348      0.505    25.3037 0.0000e+00
      0.358      0.013     5.5093     65.595     38.731  38.968574    20.6100     6.0289     0.2130     5.2875 7.4655e+01    10.8541      0.352      0.510    25.3035 0.0000e+00
      0.362      0.012     5.4778     65.233     38.738  38.975493    20.6100     6.0250     0.2130     5.2875 7.3400e+01    10.8994      0.355      0.515    25.3032 0.0000e+00
      0.366      0.010     5.4481     64.875     38.741  38.978142    20.6100     6.0517     0.2130     5.2875 7.2339e+01    10.8994      0.359      0.520    25.3026 0.0000e+00
      0.369      0.008     5.4190     64.522     38.736  38.973244    20.6100     6.0594     0.2130     5.2875 7.2073e+01    10.8390      0.362      0.524    25.3020 0.0000e+00
      0.371      0.005     5.3896     64.180     38.731  38.967462    20.7000     6.2577     0.2130     5.3298 7.1932e+01    10.3858      0.364      0.527    25.3013 0.0000e+00
      0.372      0.003     5.3599     63.859     38.723  38.959254    20.7000     6.2883     0.2130     5.3298 7.1542e+01    10.3858      0.365      0.529    25.3008 0.0000e+00
      0.372      0.000     5.3305     63.569     38.710  38.946431    20.7000     6.2616     0.2130     5.3298 7.2812e+01    10.4311      0.365      0.529    25.3002 0.0000e+00
      0.371     -0.002     5.3015     63.314     38.698  38.933543    20.7000     6.2730     0.2130     5.3298 7.4622e+01    10.3556      0.364      0.528    25.2997 0.0000e+00
      0.370     -0.003     5.2735     63.094     38.685  38.921139    20.7000     6.0861     0.2130     5.3298 7.6378e+01    10.1743      0.363      0.527    25.2992 0.0000e+00
      0.369     -0.004     5.2472     62.911     38.674  38.909894    20.5200     6.1090     0.1704     5.3298 7.6627e+01    10.1894      0.362      0.526    25.2989 0.0000e+00
      0.369     -0.004     5.2234     62.780     38.669  38.904781    20.5200     6.1013     0.1704     5.3298 7.6777e+01    10.1441      0.362      0.525    25.2987 0.0000e+00
      0.369     -0.004     5.2025     62.731     38.669  38.904436    20.5200     6.1128     0.1704     5.3298 7.7380e+01    10.2197      0.362      0.524    25.2985 0.0000e+00
      0.368 -9.990e-29     5.1844 -9.990e-29 -9.990e-29 -9.990e-29    20.5200 -9.990e-29     0.1704     5.3298 7.7903e+01 -9.990e-29      0.361      0.524    25.2983 0.0000e+00
      0.368 -9.990e-29     5.1694 -9.990e-29 -9.990e-29 -9.990e-29    20.5200 -9.990e-29     0.2130     5.4144 7.7886e+01 -9.990e-29      0.361      0.523    25.2980 0.0000e+00
      0.368 -9.990e-29     5.1586 -9.990e-29 -9.990e-29 -9.990e-29    20.5200 -9.990e-29     0.2130     5.4144 7.7145e+01 -9.990e-29      0.361      0.523    25.2979 0.0000e+00
      0.368 -9.990e-29     5.1546 -9.990e-29 -9.990e-29 -9.990e-29    20.5200 -9.990e-29     0.2130     5.4144 7.6627e+01 -9.990e-29      0.361      0.523    25.2978 0.0000e+00
