Data/DataNotYetUploadedToEDI/Raw_CTD/RawDownloads/062926_fcr10_S7809014.cnv
* Sea-Bird SBE19plus  Data File:
* FileName = C:\R\Reservoirs\Data\DataNotYetUploadedToEDI\Raw_CTD\RawDownloads\062926_fcr50_S7809_0014.hex
* Software version 2.8.0.119
* Temperature SN = 7809
* Conductivity SN = 7809
* System UpLoad Time = Jun 30 2026 09:07:17
* <ApplicationData>
* <Seaterm232>
# nquan = 15
# nvalues = 643                         
# units = specified
# name 0 = depFM: Depth [fresh water, m]
# name 1 = dz/dtM: Descent Rate [m/s]
# name 2 = sbeox0Mg/L: Oxygen, SBE 43 [mg/l]
# name 3 = sbeox0PS: Oxygen, SBE 43 [% saturation]
# name 4 = specc: Specific Conductance [uS/cm]
# name 5 = c0uS/cm: Conductivity [uS/cm]
# name 6 = flECO-AFL: Fluorescence, WET Labs ECO-AFL/FL [mg/m^3]
# name 7 = ph: pH
# name 8 = orp: Oxidation Reduction Potential [mV]
# name 9 = par/sat/log: PAR/Logarithmic, Satlantic
# name 10 = turbWETntu0: Turbidity, WET Labs ECO [NTU]
# name 11 = prdM: Pressure, Strain Gauge [db]
# name 12 = prdE: Pressure, Strain Gauge [psi]
# name 13 = tv290C: Temperature [ITS-90, deg C]
# name 14 = flag:  0.000e+00
# span 0 =     -0.608,      2.081       
# span 1 =     -0.129,      0.243       
# span 2 =    -0.2868,    10.7896       
# span 3 =     -3.126,    131.063       
# span 4 =      4.422,     73.287       
# span 5 =   4.566531,  64.317600       
# span 6 =    -0.0334,     7.2929       
# span 7 =      8.247,     12.436       
# span 8 = -1240.7266,    33.1653       
# span 9 = 6.0191e+00, 6.8990e+02       
# span 10 =    -0.1173,    78.0637      
# span 11 =     -0.597,      2.040      
# span 12 =     -0.867,      2.959      
# span 13 =    18.8091,    26.6252      
# span 14 = 0.0000e+00, 0.0000e+00      
# interval = seconds: 0.25
# start_time = Jun 29 2026 13:10:17 [Instrument's time stamp, header]
# bad_flag = -9.990e-29
*END*
[from data line 482]
      1.675      0.003    -0.2759     -3.084     53.942  49.317300     2.3495     10.934   -84.6300 8.6465e+00     3.1724      1.643      2.384    20.7942 0.0000e+00
      1.674      0.002    -0.2757     -3.053     54.208  49.557822     2.3599     10.926   -86.8203 8.6993e+00     3.2256      1.642      2.381    20.7896 0.0000e+00
      1.672      0.003    -0.2774     -3.024     54.328  49.697537     2.3470     10.918   -88.7673 8.7291e+00     3.1557      1.639      2.377    20.7637 0.0000e+00
      1.671      0.004    -0.2792     -3.025     54.253  49.673269     2.3265     10.911   -90.6197 8.6983e+00     3.0451      1.638      2.376    20.7325 0.0000e+00
      1.673      0.007    -0.2765     -3.033     54.041  49.518429     2.3361     10.903   -92.1808 8.6526e+00     3.0496      1.641      2.379    20.7015 0.0000e+00
      1.677      0.010    -0.2746     -3.017     53.770  49.285777     2.3546     10.894   -93.4467 8.6261e+00     3.1759      1.645      2.386    20.6898 0.0000e+00
      1.680      0.012    -0.2690     -3.017     53.503  49.019066     2.3586     10.887   -94.4818 8.5954e+00     3.3072      1.648      2.390    20.7318 0.0000e+00
      1.683      0.014    -0.2703     -3.039     53.212  48.706311     2.3434     10.881   -95.3179 8.5488e+00     3.3397      1.650      2.394    20.7764 0.0000e+00
      1.687      0.014    -0.2735     -3.042     53.034  48.488282     2.3120     10.875   -96.0707 8.4884e+00     3.2265      1.655      2.400    20.8175 0.0000e+00
      1.691      0.013    -0.2685     -3.018     53.084  48.478004     2.2953     10.869   -96.8722 8.4279e+00     3.1009      1.659      2.407    20.8416 0.0000e+00
      1.695      0.012    -0.2687     -2.986     53.175  48.518475     2.2915     10.862   -97.7822 8.3901e+00     3.0852      1.662      2.410    20.8109 0.0000e+00
      1.698      0.010    -0.2736     -2.970     53.157  48.469635     2.2501     10.856   -98.6414 8.3712e+00     3.1387      1.665      2.415    20.7634 0.0000e+00
      1.700      0.007    -0.2734     -2.984     53.108  48.395368     2.1525     10.851   -99.4310 8.3398e+00     3.1328      1.668      2.419    20.7120 0.0000e+00
      1.702      0.004    -0.2714     -3.006     53.119  48.382347     2.0775     10.846  -100.1030 8.2859e+00     3.0487      1.670      2.422    20.6496 0.0000e+00
      1.703      0.002    -0.2677     -3.010     53.201  48.439151     2.0661     10.838  -100.6568 8.2556e+00     3.0093      1.671      2.424    20.6132 0.0000e+00
      1.702      0.001    -0.2656     -3.019     53.293  48.510747     2.0901     10.830  -101.3087 8.2672e+00     3.1013      1.670      2.422    20.5886 0.0000e+00
      1.701      0.001    -0.2678     -3.051     53.334  48.549606     2.1178     10.825  -102.0491 8.2727e+00     3.2720      1.668      2.419    20.5541 0.0000e+00
      1.701      0.000    -0.2717     -3.076     53.364  48.591543     2.1098     10.819  -102.7249 8.2571e+00     3.2969      1.667      2.418    20.5355 0.0000e+00
      1.702      0.000    -0.2708     -3.085     53.394  48.636888     2.0850     10.813  -103.2852 8.2448e+00     3.1629      1.669      2.420    20.5193 0.0000e+00
      1.704      0.001    -0.2699     -3.084     53.393  48.653454     2.0751     10.808  -103.8338 8.2345e+00     3.0877      1.671      2.423    20.5021 0.0000e+00
      1.704      0.001    -0.2756     -3.086     53.391  48.664894     2.0820     10.804  -104.4529 8.2301e+00     3.1730      1.671      2.424    20.5060 0.0000e+00
      1.703      0.000    -0.2769     -3.101     53.437  48.711727     2.1017     10.799  -105.0929 8.2600e+00     3.3401      1.670      2.423    20.5233 0.0000e+00
      1.703     -0.001    -0.2780     -3.110     53.509  48.775289     2.0969     10.794  -105.7211 8.3142e+00     3.3661      1.670      2.422    20.5404 0.0000e+00
      1.702     -0.001    -0.2774     -3.104     53.537  48.798506     2.0405     10.789  -106.3699 8.3470e+00     3.2482      1.669      2.421    20.5578 0.0000e+00
      1.702      0.004    -0.2764     -3.085     53.545  48.801962     1.9782     10.784  -107.0859 8.3611e+00     3.1780      1.669      2.421    20.5724 0.0000e+00
      1.700      0.012    -0.2793     -3.074     53.657  48.880564     1.9673     10.780  -107.9261 8.3984e+00     3.2355      1.668      2.419    20.5770 0.0000e+00
      1.700      0.019    -0.2799     -3.062     53.840  48.986947     1.9842     10.775  -108.6996 8.3797e+00     3.3276      1.665      2.414    20.5719 0.0000e+00
      1.705      0.023    -0.2798     -3.033     53.879  48.945310     1.9319     10.771  -109.2969 8.2068e+00     3.3015      1.669      2.421    20.5682 0.0000e+00
      1.719      0.023    -0.2767     -3.016     53.798  48.821462     1.8176     10.766  -109.9856 7.9742e+00     3.2270      1.686      2.445    20.5724 0.0000e+00
      1.734      0.019    -0.2761     -3.024     53.743  48.759262     1.7598     10.761  -110.8312 7.8287e+00     3.2130      1.704      2.471    20.5600 0.0000e+00
      1.741      0.013    -0.2772     -3.042     53.745  48.764667     1.7747     10.757  -111.6917 7.8167e+00     3.2693      1.711      2.482    20.4971 0.0000e+00
      1.739      0.007    -0.2725     -3.057     53.805  48.823327     1.7979     10.754  -112.5598 7.8815e+00     3.3258      1.708      2.477    20.4044 0.0000e+00
      1.732      0.002    -0.2712     -3.062     53.885  48.897106     1.8067     10.749  -113.4980 7.9424e+00     3.3158      1.699      2.464    20.3536 0.0000e+00
      1.727      0.000    -0.2727     -3.069     53.958  48.958330     1.8059     10.744  -114.3455 7.9490e+00     3.2853      1.693      2.454    20.3559 0.0000e+00
      1.726      0.002    -0.2744     -3.072     54.007  48.992154     1.7886     10.740  -114.8911 7.8908e+00     3.2311      1.691      2.453    20.3637 0.0000e+00
      1.731      0.006    -0.2768     -3.058     54.008  48.988599     1.7805     10.736  -115.3623 7.7953e+00     3.2401      1.697      2.461    20.3663 0.0000e+00
      1.738      0.010    -0.2758     -3.046     53.987  48.978826     1.7832     10.731  -115.9136 7.7288e+00     3.2921      1.707      2.475    20.3693 0.0000e+00
      1.742      0.011    -0.2767     -3.036     53.982  49.000981     1.7707     10.726  -116.4801 7.7393e+00     3.2796      1.710      2.481    20.3652 0.0000e+00
      1.743      0.011    -0.2790     -3.026     54.015  49.066033     1.7549     10.722  -117.0491 7.7583e+00     3.2591      1.709      2.479    20.3507 0.0000e+00
      1.744      0.011    -0.2752     -3.030     54.211  49.257485     1.7337     10.719  -117.5459 7.7295e+00     3.2148      1.710      2.479    20.3430 0.0000e+00
      1.747      0.012    -0.2751     -3.029     54.557  49.538041     1.7309     10.716  -118.0982 7.7082e+00     3.2226      1.713      2.485    20.3497 0.0000e+00
      1.749      0.015    -0.2746     -3.025     54.776  49.664495     1.7535     10.714  -118.6503 7.7112e+00     3.3194      1.715      2.488    20.3771 0.0000e+00
      1.752      0.016    -0.2710     -3.013     54.757  49.579970     1.7655     10.712  -118.9728 7.6585e+00     3.3608      1.717      2.489    20.4207 0.0000e+00
      1.759      0.016    -0.2745     -2.995     54.672  49.468351     1.7517     10.709  -119.2443 7.5553e+00     3.3128      1.724      2.502    20.4441 0.0000e+00
      1.767      0.015    -0.2723     -2.990     54.671  49.457752     1.7276     10.705  -119.6970 7.4989e+00     3.3533      1.734      2.516    20.4115 0.0000e+00
      1.771      0.014    -0.2737     -2.989     54.733  49.515301     1.7322     10.701  -120.1441 7.4938e+00     3.5442      1.738      2.520    20.3269 0.0000e+00
      1.771      0.013    -0.2733     -2.987     54.814  49.592734     1.7577     10.698  -120.4338 7.5007e+00     3.6395      1.737      2.518    20.2542 0.0000e+00
      1.772      0.012    -0.2696     -2.978     54.852  49.632082     1.7691     10.696  -120.7904 7.4710e+00     3.6168      1.735      2.517    20.2272 0.0000e+00
      1.774      0.012    -0.2711     -2.979     54.888  49.673587     1.7539     10.693  -121.2727 7.3854e+00     3.6109      1.739      2.523    20.2258 0.0000e+00
      1.779      0.013    -0.2700     -2.999     55.063  49.840605     1.7248     10.689  -121.7048 7.3222e+00     3.6705      1.745      2.531    20.2285 0.0000e+00
      1.783      0.015    -0.2709     -3.010     55.332  50.064149     1.7167     10.687  -122.0573 7.2875e+00     3.7570      1.749      2.537    20.2319 0.0000e+00
      1.787      0.017    -0.2692     -3.006     55.571  50.217597     1.7384     10.686  -122.4368 7.2319e+00     3.8032      1.752      2.542    20.2361 0.0000e+00
      1.790      0.018    -0.2679     -2.995     55.818  50.362450     1.7456     10.685  -122.9392 7.1647e+00     3.8533      1.756      2.547    20.2407 0.0000e+00
      1.795      0.021    -0.2721     -2.980     56.178  50.609027     1.7039     10.683  -123.5714 7.0960e+00     3.8502      1.761      2.553    20.2624 0.0000e+00
      1.801      0.023    -0.2727     -2.981     56.611  50.912968     1.6594     10.681  -124.3152 7.0055e+00     3.8684      1.766      2.561    20.2550 0.0000e+00
      1.807      0.023    -0.2723     -2.999     56.929  51.116396     1.6483     10.680  -124.9631 6.8887e+00     3.9370      1.772      2.568    20.1794 0.0000e+00
      1.814      0.023    -0.2721     -3.002     56.977  51.100114     1.6526     10.678  -125.3824 6.7843e+00     3.8944      1.779      2.580    20.1065 0.0000e+00
      1.822      0.022    -0.2700     -2.991     56.930  51.033522     1.6704     10.675  -125.7719 6.7234e+00     3.8309      1.788      2.593    20.0438 0.0000e+00
      1.828      0.019    -0.2703     -3.001     56.973  51.073179     1.6806     10.672  -126.1451 6.7071e+00     3.8184      1.793      2.601    19.9610 0.0000e+00
      1.831      0.016    -0.2737     -3.015     57.106  51.198624     1.6592     10.668  -126.4525 6.7039e+00     3.8106      1.796      2.606    19.8827 0.0000e+00
      1.833      0.015    -0.2754     -3.025     57.624  51.661297     1.6450     10.664  -126.8217 6.6779e+00     3.8060      1.798      2.608    19.8256 0.0000e+00
      1.836      0.016    -0.2708     -3.056     59.129  52.984328     1.6582     10.662  -127.3387 6.6587e+00     3.8647      1.801      2.612    19.8074 0.0000e+00
      1.838      0.021    -0.2739     -3.070     61.378  54.938949     1.6692     10.662  -127.8852 6.6689e+00     3.9394      1.804      2.616    19.8176 0.0000e+00
      1.841      0.026    -0.2764     -3.057     62.856  56.178645     1.6622     10.660  -128.3538 6.6441e+00     3.9574      1.804      2.616    19.8248 0.0000e+00
      1.848      0.031    -0.2732     -3.047     62.849  56.096926     1.6394     10.657  -128.7888 6.5452e+00     3.9799      1.809      2.624    19.8279 0.0000e+00
      1.861      0.033    -0.2807     -3.067     61.978  55.284608     1.6268     10.654  -129.1866 6.4049e+00     4.1089      1.823      2.644    19.8121 0.0000e+00
      1.876      0.030    -0.2812     -3.103     60.851  54.295963     1.6592     10.650  -129.4643 6.2928e+00     4.3901      1.841      2.671    19.7584 0.0000e+00
      1.888      0.023    -0.2795     -3.106     59.959  53.542782     1.7068     10.645  -129.6512 6.2548e+00     4.5791      1.854      2.689    19.6830 0.0000e+00
      1.892      0.014    -0.2783     -3.085     59.489  53.163875     1.7194     10.641  -129.8978 6.2706e+00     4.5840      1.858      2.694    19.6102 0.0000e+00
      1.891      0.006    -0.2793     -3.076     59.364  53.080492     1.7032     10.639  -130.1228 6.3102e+00     4.4494      1.855      2.691    19.5771 0.0000e+00
      1.886      0.001    -0.2868     -3.087     59.794  53.487206     1.6849     10.637  -130.3929 6.3396e+00     4.2495      1.849      2.682    19.6026 0.0000e+00
      1.882      0.001    -0.2847     -3.085     60.587  54.207575     1.6903     10.633  -130.7546 6.3400e+00     4.2167      1.844      2.675    19.6461 0.0000e+00
      1.881      0.004    -0.2820     -3.055     61.265  54.804690     1.7183     10.629  -130.9677 6.3268e+00     4.2916      1.843      2.673    19.6844 0.0000e+00
      1.885      0.008    -0.2799     -3.024     61.923  55.372140     1.7497     10.625  -131.0763 6.2996e+00     4.2672      1.847      2.679    19.7039 0.0000e+00
      1.892      0.010    -0.2828     -2.999     62.643  55.987670     1.7621     10.623  -131.2082 6.2536e+00     4.1605      1.855      2.691    19.7217 0.0000e+00
      1.898      0.012    -0.2835     -2.984     63.224  56.467324     1.7428     10.620  -131.4432 6.2246e+00     4.1291      1.862      2.701    19.7415 0.0000e+00
      1.900      0.014    -0.2786     -2.984     63.628  56.789070     1.7246     10.616  -131.6817 6.2567e+00     4.1609      1.864      2.704    19.7236 0.0000e+00
      1.900      0.015    -0.2767     -2.990     64.203  57.273704     1.7756     10.613  -131.8542 6.3192e+00     4.2378      1.863      2.702    19.7063 0.0000e+00
      1.900      0.015    -0.2738     -2.990     64.632  57.626621     1.8842     10.611  -132.0661 6.3237e+00     4.3755      1.861      2.700    19.6893 0.0000e+00
      1.904      0.015    -0.2726     -2.999     64.168  57.181509     1.9308     10.608  -132.2650 6.2596e+00     4.3918      1.866      2.707    19.6508 0.0000e+00
      1.913      0.013    -0.2728     -3.009     63.374  56.465112     1.9055     10.604  -132.3667 6.1845e+00     4.2972      1.876      2.722    19.6159 0.0000e+00
      1.921      0.010    -0.2750     -3.001     63.060  56.205649     1.8870     10.599  -132.4353 6.1495e+00     4.2569      1.887      2.737    19.5991 0.0000e+00
      1.925      0.008    -0.2732     -2.998     63.384  56.521495     1.8574     10.595  -132.5777 6.1869e+00     4.2800      1.891      2.743    19.5806 0.0000e+00
      1.921      0.005    -0.2748     -3.000     64.032  57.108211     1.8049     10.592  -132.7116 6.2556e+00     4.3040      1.885      2.734    19.5436 0.0000e+00
      1.916      0.004    -0.2779     -2.999     64.225  57.265566     1.7773     10.588  -132.7646 6.2721e+00     4.3078      1.877      2.723    19.5330 0.0000e+00
      1.916      0.004    -0.2741     -2.998     63.985  57.026710     1.7558     10.584  -132.7885 6.2238e+00     4.2575      1.877      2.723    19.5603 0.0000e+00
      1.921      0.006    -0.2749     -3.006     63.843  56.887910     1.7369     10.580  -132.8283 6.1722e+00     4.1730      1.883      2.732    19.5873 0.0000e+00
      1.927      0.009    -0.2750     -3.014     63.942  56.984715     1.7655     10.576  -132.9015 6.1563e+00     4.2085      1.890      2.742    19.5978 0.0000e+00
      1.929      0.013    -0.2751     -3.009     64.423  57.434975     1.8096     10.572  -133.0714 6.1658e+00     4.3111      1.893      2.745    19.5801 0.0000e+00
      1.929      0.015    -0.2746     -3.011     65.065  58.012770     1.8298     10.568  -133.3330 6.1607e+00     4.3547      1.891      2.743    19.5519 0.0000e+00
      1.932      0.016    -0.2753     -3.011     65.441  58.317614     1.8346     10.563  -133.5705 6.1267e+00     4.3949      1.893      2.745    19.5431 0.0000e+00
      1.937      0.017    -0.2778     -3.001     65.851  58.643506     1.8339     10.559  -133.7055 6.0941e+00     4.4553      1.898      2.753    19.5493 0.0000e+00
      1.944      0.017    -0.2747     -2.995     66.536  59.221568     1.8300     10.556  -133.6741 6.0623e+00     4.5041      1.906      2.765    19.5754 0.0000e+00
      1.950      0.016    -0.2763     -2.985     67.076  59.653337     1.8373     10.553  -133.5346 6.0380e+00     4.6093      1.915      2.776    19.5919 0.0000e+00
      1.955      0.015    -0.2769     -2.967     67.452  59.925469     1.8890     10.550  -133.4823 6.0388e+00     4.8383      1.918      2.782    19.5523 0.0000e+00
      1.957      0.013    -0.2749     -2.960     67.852  60.224876     1.9470     10.546  -133.6443 6.0455e+00     5.0187      1.919      2.784    19.5153 0.0000e+00
