Data/DataNotYetUploadedToEDI/Raw_CTD/RawDownloads/062926_fcr20_S7809015.cnv
* Sea-Bird SBE19plus  Data File:
* FileName = C:\R\Reservoirs\Data\DataNotYetUploadedToEDI\Raw_CTD\RawDownloads\062926_fcr50_S7809_0015.hex
* Software version 2.8.0.119
* Temperature SN = 7809
* Conductivity SN = 7809
* System UpLoad Time = Jun 30 2026 09:07:59
* <ApplicationData>
* <Seaterm232>
# nquan = 15
# nvalues = 1497                        
# units = specified
# name 0 = depFM: Depth [fresh water, m]
# name 1 = dz/dtM: Descent Rate [m/s]
# name 2 = sbeox0Mg/L: Oxygen, SBE 43 [mg/l]
# name 3 = sbeox0PS: Oxygen, SBE 43 [% saturation]
# name 4 = specc: Specific Conductance [uS/cm]
# name 5 = c0uS/cm: Conductivity [uS/cm]
# name 6 = flECO-AFL: Fluorescence, WET Labs ECO-AFL/FL [mg/m^3]
# name 7 = ph: pH
# name 8 = orp: Oxidation Reduction Potential [mV]
# name 9 = par/sat/log: PAR/Logarithmic, Satlantic
# name 10 = turbWETntu0: Turbidity, WET Labs ECO [NTU]
# name 11 = prdM: Pressure, Strain Gauge [db]
# name 12 = prdE: Pressure, Strain Gauge [psi]
# name 13 = tv290C: Temperature [ITS-90, deg C]
# name 14 = flag:  0.000e+00
# span 0 =     -0.599,      3.077       
# span 1 =     -0.088,      0.236       
# span 2 =    -0.2328,    10.4878       
# span 3 =     -2.384,    127.052       
# span 4 =      2.723,     79.987       
# span 5 =   2.661935,  62.579770       
# span 6 =    -0.0808,    47.0811       
# span 7 =      9.792,     12.459       
# span 8 =  -679.4980,    95.3719       
# span 9 = 1.2359e-01, 8.0524e+02       
# span 10 =    -0.2100,   215.4975      
# span 11 =     -0.588,      3.020      
# span 12 =     -0.853,      4.380      
# span 13 =    14.1050,    25.6745      
# span 14 = 0.0000e+00, 0.0000e+00      
# interval = seconds: 0.25
# start_time = Jun 29 2026 13:18:20 [Instrument's time stamp, header]
# bad_flag = -9.990e-29
*END*
[from data line 579]
      1.138      0.005     7.0184     80.784     39.194  38.674394     0.8997     12.411     5.7342 2.4088e+01    10.8137      1.115      1.619    24.3659 0.0000e+00
      1.137      0.007     6.9255     80.052     39.213  38.709838     0.8839     12.406     5.9815 2.4092e+01    10.7917      1.113      1.616    24.3535 0.0000e+00
      1.140      0.007     6.8541     79.362     39.220  38.735883     0.8683     12.401     6.2514 2.3964e+01    10.6322      1.117      1.620    24.3278 0.0000e+00
      1.146      0.005     6.8087     79.147     39.207  38.735500     0.8107     12.396     6.3305 2.3816e+01    10.1835      1.124      1.630    24.3127 0.0000e+00
      1.151      0.000     6.7652     79.679     39.180  38.705222     0.7535     12.392     6.2501 2.3792e+01     9.8419      1.129      1.639    24.3271 0.0000e+00
      1.152     -0.005     6.6951     80.850     39.180  38.687079     0.7347     12.389     6.1396 2.3989e+01     9.7804      1.131      1.641    24.3525 0.0000e+00
      1.147     -0.010     6.6174     82.255     39.213  38.706481     0.7577     12.386     6.1126 2.4379e+01     9.8501      1.126      1.633    24.3779 0.0000e+00
      1.138     -0.012     6.5868     83.365     39.261  38.749416     0.8068     12.383     6.1821 2.4849e+01     9.9668      1.116      1.619    24.4031 0.0000e+00
      1.130     -0.009     6.6369     83.841     39.281  38.761982     0.8206     12.380     6.3780 2.5213e+01     9.9614      1.107      1.605    24.3976 0.0000e+00
      1.127     -0.004     6.7514     83.711     39.264  38.731493     0.7919     12.376     6.5879 2.5376e+01     9.8539      1.103      1.599    24.3592 0.0000e+00
      1.129      0.003     6.8889     83.196     39.245  38.698058     0.7682     12.371     6.6549 2.5430e+01     9.7261      1.105      1.603    24.3433 0.0000e+00
      1.134      0.009     6.9934     82.494     39.231  38.674981     0.7743     12.367     6.5853 2.5430e+01     9.5771      1.112      1.612    24.3464 0.0000e+00
      1.140      0.012     7.0309     81.699     39.195  38.642837     0.7993     12.364     6.6072 2.5409e+01     9.5214      1.118      1.622    24.3364 0.0000e+00
      1.146      0.012     7.0150     80.830     39.171  38.626697     0.8034     12.360     6.7480 2.5503e+01     9.4621      1.124      1.631    24.3181 0.0000e+00
      1.148      0.011     6.9687     79.961     39.287  38.733686     0.7744     12.356     6.8241 2.5765e+01     9.3041      1.127      1.635    24.2943 0.0000e+00
      1.147      0.010     6.9097     79.309     39.566  38.984543     0.7565     12.353     6.9260 2.6082e+01     9.0120      1.125      1.632    24.2767 0.0000e+00
      1.147      0.009     6.8421     78.985     39.863  39.248317     0.7782     12.351     7.0328 2.6302e+01     8.6635      1.123      1.629    24.2866 0.0000e+00
      1.150      0.009     6.7661     78.710     40.028  39.384533     0.8127     12.350     7.0834 2.6439e+01     8.5055      1.126      1.634    24.3085 0.0000e+00
      1.155      0.009     6.6863     78.128     40.028  39.362278     0.8154     12.348     7.1939 2.6652e+01     8.3999      1.132      1.643    24.3002 0.0000e+00
      1.159      0.009     6.6287     77.147     39.914  39.233045     0.7617     12.346     7.2509 2.7053e+01     8.1045      1.136      1.649    24.2605 0.0000e+00
      1.161      0.009     6.6186     75.864     39.779  39.091170     0.6797     12.343     7.2554 2.7632e+01     7.7004      1.138      1.651    24.2216 0.0000e+00
      1.162      0.009     6.6137     74.491     39.799  39.106427     0.6394     12.341     7.4206 2.8299e+01     7.4768      1.139      1.652    24.1908 0.0000e+00
      1.162      0.010     6.5682     73.243     40.249  39.544435     0.6564     12.339     7.6999 2.9018e+01     7.3816      1.139      1.653    24.1603 0.0000e+00
      1.163      0.014     6.4862     72.179     41.007  40.262087     0.6610     12.337     7.9649 2.9732e+01     7.1311      1.140      1.654    24.1385 0.0000e+00
      1.166      0.019     6.3736     71.328     41.439  40.612251     0.6446     12.336     8.2158 3.0319e+01     6.8729      1.142      1.656    24.1283 0.0000e+00
      1.172      0.024     6.2492     70.628     41.413  40.478094     0.6419     12.336     8.4099 3.0747e+01     6.8558      1.148      1.664    24.1209 0.0000e+00
      1.180      0.026     6.1453     69.745     41.382  40.353360     0.6446     12.335     8.5053 3.1055e+01     6.9248      1.157      1.678    24.1282 0.0000e+00
      1.190      0.026     6.0564     68.360     41.507  40.436700     0.6274     12.332     8.5084 3.1370e+01     6.6473      1.168      1.693    24.1124 0.0000e+00
      1.200      0.021     5.9939     66.556     41.535  40.470280     0.5838     12.327     8.5347 3.1807e+01     6.0632      1.178      1.708    24.0131 0.0000e+00
      1.207      0.015     5.9659     64.765     41.432  40.378615     0.5658     12.323     8.7363 3.2411e+01     5.8058      1.185      1.719    23.8595 0.0000e+00
      1.210      0.010     5.9196     63.311     41.401  40.343820     0.5684     12.319     9.2250 3.3250e+01     5.9267      1.189      1.724    23.7179 0.0000e+00
      1.207      0.007     5.8036     62.204     41.430  40.366895     0.5653     12.313     9.8840 3.4166e+01     5.7831      1.184      1.717    23.6826 0.0000e+00
      1.203      0.006     5.6298     61.418     41.397  40.340276     0.5700     12.308    10.2510 3.4821e+01     5.2638      1.178      1.709    23.7189 0.0000e+00
      1.203      0.007     5.4650     61.033     41.319  40.275837     0.5678     12.303    10.3064 3.5056e+01     4.8751      1.177      1.707    23.7305 0.0000e+00
      1.208      0.007     5.3472     61.080     41.259  40.222417     0.5718     12.298    10.2095 3.5038e+01     4.8409      1.183      1.716    23.7200 0.0000e+00
      1.215      0.007     5.2569     61.423     41.245  40.202103     0.5929     12.295    10.1124 3.5074e+01     5.1243      1.193      1.731    23.7024 0.0000e+00
      1.220      0.004     5.1844     61.836     41.347  40.284068     0.6072     12.293    10.3364 3.5198e+01     5.5000      1.198      1.737    23.7150 0.0000e+00
      1.220     -0.001     5.1486     62.157     41.473  40.388392     0.5939     12.289    10.7677 3.5302e+01     5.6263      1.197      1.737    23.7355 0.0000e+00
      1.217     -0.005     5.1557     62.280     41.490  40.384576     0.5651     12.282    11.1972 3.5479e+01     5.5580      1.195      1.733    23.7441 0.0000e+00
      1.211     -0.008     5.1947     62.152     41.489  40.364822     0.5675     12.274    11.4853 3.5784e+01     5.5618      1.188      1.722    23.7358 0.0000e+00
      1.205     -0.008     5.2357     61.748     41.666  40.530306     0.5984     12.264    11.5844 3.6043e+01     5.6732      1.181      1.711    23.7079 0.0000e+00
      1.204     -0.007     5.2683     61.067     41.934  40.798802     0.6139     12.253    11.6211 3.6084e+01     5.7432      1.179      1.710    23.6893 0.0000e+00
      1.207     -0.005     5.2833     60.248     41.937  40.818758     0.5960     12.242    11.5845 3.6051e+01     5.6902      1.183      1.716    23.6625 0.0000e+00
      1.209     -0.002     5.2743     59.487     41.742  40.644691     0.5575     12.232    11.4865 3.6228e+01     5.5795      1.187      1.721    23.6330 0.0000e+00
      1.206      0.002     5.2441     58.870     41.689  40.598142     0.5645     12.221    11.5538 3.6539e+01     5.7712      1.184      1.717    23.6252 0.0000e+00
      1.203      0.006     5.1793     58.340     41.801  40.700205     0.6310     12.210    11.7963 3.6654e+01     6.2316      1.178      1.708    23.6350 0.0000e+00
      1.203      0.009     5.1008     57.885     41.916  40.799814     0.6700     12.199    12.0102 3.6395e+01     6.4670      1.177      1.707    23.6603 0.0000e+00
      1.208      0.012     5.0304     57.604     41.930  40.787054     0.6539     12.189    12.1603 3.5890e+01     6.4306      1.184      1.717    23.6876 0.0000e+00
      1.216      0.016     4.9813     57.525     41.856  40.672816     0.6277     12.179    12.2345 3.5409e+01     6.0652      1.193      1.730    23.6921 0.0000e+00
      1.222      0.017     4.9401     57.579     41.778  40.560881     0.6362     12.168    12.3057 3.5052e+01     5.5330      1.200      1.740    23.6770 0.0000e+00
      1.226      0.016     4.8957     57.660     41.744  40.512492     0.6650     12.156    12.4184 3.4806e+01     5.2557      1.203      1.745    23.6675 0.0000e+00
      1.228      0.014     4.8745     57.674     41.704  40.468516     0.6757     12.142    12.4786 3.4606e+01     5.1717      1.204      1.746    23.6435 0.0000e+00
      1.231      0.012     4.8762     57.586     41.584  40.346481     0.6739     12.128    12.4312 3.4363e+01     5.0304      1.206      1.749    23.5758 0.0000e+00
      1.234      0.011     4.8890     57.396     41.424  40.179321     0.6687     12.116    12.3618 3.4120e+01     4.8104      1.210      1.755    23.5240 0.0000e+00
      1.237      0.011     4.9001     57.105     41.303  40.033957     0.6806     12.106    12.3281 3.3933e+01     4.7669      1.213      1.760    23.5160 0.0000e+00
      1.240      0.012     4.9018     56.713     41.164  39.858125     0.7094     12.096    12.3671 3.3801e+01     4.7773      1.216      1.763    23.5142 0.0000e+00
      1.244      0.012     4.8948     56.227     40.988  39.639843     0.7169     12.086    12.5760 3.3726e+01     4.5947      1.219      1.769    23.5079 0.0000e+00
      1.246      0.012     4.8793     55.648     40.879  39.488888     0.6966     12.075    12.7890 3.3669e+01     4.4029      1.222      1.772    23.5001 0.0000e+00
      1.249      0.013     4.8581     54.957     40.859  39.429028     0.6800     12.065    12.8767 3.3583e+01     4.3718      1.224      1.775    23.4656 0.0000e+00
      1.252      0.014     4.8295     54.132     40.973  39.487177     0.6905     12.056    13.0350 3.3460e+01     4.4587      1.228      1.781    23.4082 0.0000e+00
      1.255      0.014     4.7925     53.143     41.158  39.620738     0.7158     12.047    13.4119 3.3271e+01     4.4621      1.231      1.785    23.3520 0.0000e+00
      1.260      0.014     4.7507     52.007     41.185  39.647693     0.7361     12.039    13.8197 3.3042e+01     4.3449      1.235      1.792    23.2869 0.0000e+00
      1.265      0.014     4.6945     50.826     41.065  39.559244     0.7446     12.030    14.0942 3.2861e+01     4.3059      1.241      1.800    23.2525 0.0000e+00
      1.269      0.014     4.6315     49.738     40.933  39.439810     0.7432     12.023    14.3227 3.2711e+01     4.3658      1.244      1.804    23.1873 0.0000e+00
      1.271      0.014     4.5551     48.883     40.783  39.282475     0.7609     12.016    14.4307 3.2525e+01     4.4544      1.246      1.807    23.0950 0.0000e+00
      1.274      0.013     4.4518     48.299     40.570  39.053016     0.8927     12.010    14.3669 3.2315e+01     4.5224      1.249      1.812    23.1152 0.0000e+00
      1.277      0.013     4.3424     47.864     40.376  38.823043     1.1212     12.004    14.3262 3.2089e+01     4.5396      1.252      1.816    23.1791 0.0000e+00
      1.280      0.012     4.2435     47.418     40.326  38.722911     1.2507     11.999    14.3691 3.1789e+01     4.5601      1.255      1.821    23.1813 0.0000e+00
      1.285      0.011     4.1710     46.855     40.365  38.730686     1.2692     11.994    14.3689 3.1467e+01     4.6334      1.260      1.828    23.1524 0.0000e+00
      1.288      0.010     4.1268     46.039     40.369  38.726622     1.3944     11.988    14.3242 3.1267e+01     4.7427      1.264      1.833    23.1374 0.0000e+00
      1.290      0.010     4.1006     44.874     40.250  38.610307     1.6156     11.982    14.3446 3.1227e+01     4.7543      1.265      1.835    23.0800 0.0000e+00
      1.291      0.010     4.0703     43.452     40.042  38.403113     1.7134     11.977    14.3574 3.1247e+01     4.6374      1.266      1.836    22.9903 0.0000e+00
      1.292      0.010     4.0290     41.978     39.908  38.252103     1.7115     11.971    14.3068 3.1199e+01     4.5594      1.267      1.838    22.9604 0.0000e+00
      1.295      0.009     3.9645     40.663     39.873  38.180492     1.7253     11.966    14.2493 3.1062e+01     4.6305      1.269      1.842    22.9615 0.0000e+00
      1.300      0.008     3.8594     39.549     39.840  38.108328     1.7472     11.961    14.1783 3.0903e+01     4.7456      1.275      1.849    22.9594 0.0000e+00
      1.303      0.007     3.7320     38.449     39.845  38.077544     1.7431     11.956    14.2230 3.0777e+01     4.7215      1.279      1.855    22.9553 0.0000e+00
      1.304      0.007     3.5993     37.221     39.928  38.125521     1.7257     11.951    14.2735 3.0660e+01     4.6117      1.279      1.856    22.9283 0.0000e+00
      1.304      0.006     3.4869     35.919     40.011  38.180711     1.7533     11.945    14.1872 3.0487e+01     4.6132      1.278      1.854    22.8728 0.0000e+00
      1.304      0.006     3.4046     34.667     40.008  38.173694     1.8197     11.938    14.2977 3.0222e+01     4.7060      1.278      1.854    22.8154 0.0000e+00
      1.305      0.007     3.3176     33.577     39.928  38.104125     1.8706     11.933    14.7485 2.9857e+01     4.7440      1.280      1.856    22.7771 0.0000e+00
      1.308      0.008     3.2107     32.746     39.857  38.037603     1.8689     11.927    15.4217 2.9417e+01     4.6956      1.283      1.861    22.7352 0.0000e+00
      1.312      0.008     3.0970     32.262     39.762  37.940490     1.8409     11.920    16.1569 2.8922e+01     4.6336      1.286      1.866    22.6946 0.0000e+00
      1.315      0.007     2.9855     32.122     39.584  37.754867     1.8739     11.914    16.6688 2.8400e+01     4.6776      1.289      1.870    22.6968 0.0000e+00
      1.317      0.007     2.8883     32.222     39.423  37.569992     1.9514     11.909    16.7065 2.7964e+01     4.8174      1.291      1.873    22.7153 0.0000e+00
      1.317      0.009     2.8123     32.411     39.246  37.354972     1.9866     11.904    16.4400 2.7665e+01     4.8555      1.292      1.874    22.7143 0.0000e+00
      1.317      0.012     2.7715     32.467     38.927  36.995197     1.9836     11.899    16.3720 2.7368e+01     4.7290      1.290      1.871    22.7086 0.0000e+00
      1.317      0.015     2.7640     32.156     38.761  36.773288     2.0310     11.894    16.7453 2.6905e+01     4.7559      1.289      1.870    22.6910 0.0000e+00
      1.322      0.017     2.7785     31.345     39.017  36.956109     2.1525     11.889    17.5981 2.6253e+01     5.0444      1.294      1.877    22.6515 0.0000e+00
      1.331      0.017     2.8054     30.001     39.273  37.175089     2.2380     11.883    18.6821 2.5591e+01     5.2117      1.306      1.893    22.5891 0.0000e+00
      1.340      0.016     2.8222     28.121     39.147  37.073164     2.2488     11.877    19.5268 2.5170e+01     5.2069      1.317      1.909    22.5144 0.0000e+00
      1.343      0.013     2.8041     25.901     38.767  36.739021     2.2410     11.869    20.0682 2.5007e+01     5.1224      1.319      1.912    22.4353 0.0000e+00
      1.343      0.010     2.7377     23.811     38.382  36.371132     2.2516     11.861    20.3237 2.4899e+01     5.0103      1.317      1.910    22.3350 0.0000e+00
      1.342      0.007     2.6254     22.257     38.213  36.178362     2.2770     11.853    20.3778 2.4725e+01     5.0469      1.315      1.907    22.2978 0.0000e+00
      1.343      0.007     2.4560     21.262     38.253  36.184840     2.2734     11.845    20.4650 2.4538e+01     5.0187      1.316      1.909    22.3434 0.0000e+00
      1.346      0.010     2.2421     20.457     37.943  35.878357     2.2251     11.837    20.6900 2.4454e+01     4.7719      1.321      1.916    22.3944 0.0000e+00
