Data/DataNotYetUploadedToEDI/Raw_CTD/RawDownloads/062926_fcr40_S7809017.cnv
* Sea-Bird SBE19plus  Data File:
* FileName = C:\R\Reservoirs\Data\DataNotYetUploadedToEDI\Raw_CTD\RawDownloads\062926_fcr50_S7809_0017.hex
* Software version 2.8.0.119
* Temperature SN = 7809
* Conductivity SN = 7809
* System UpLoad Time = Jun 30 2026 09:09:09
* <ApplicationData>
* <Seaterm232>
# nquan = 15
# nvalues = 1187                        
# units = specified
# name 0 = depFM: Depth [fresh water, m]
# name 1 = dz/dtM: Descent Rate [m/s]
# name 2 = sbeox0Mg/L: Oxygen, SBE 43 [mg/l]
# name 3 = sbeox0PS: Oxygen, SBE 43 [% saturation]
# name 4 = specc: Specific Conductance [uS/cm]
# name 5 = c0uS/cm: Conductivity [uS/cm]
# name 6 = flECO-AFL: Fluorescence, WET Labs ECO-AFL/FL [mg/m^3]
# name 7 = ph: pH
# name 8 = orp: Oxidation Reduction Potential [mV]
# name 9 = par/sat/log: PAR/Logarithmic, Satlantic
# name 10 = turbWETntu0: Turbidity, WET Labs ECO [NTU]
# name 11 = prdM: Pressure, Strain Gauge [db]
# name 12 = prdE: Pressure, Strain Gauge [psi]
# name 13 = tv290C: Temperature [ITS-90, deg C]
# name 14 = flag:  0.000e+00
# span 0 =     -0.594,      5.384       
# span 1 =     -0.102,      0.192       
# span 2 =    -0.2105,    10.4616       
# span 3 =     -1.977,    126.665       
# span 4 =      1.364,     63.725       
# span 5 =   1.262506,  47.424548       
# span 6 =    -0.1177,     2.9158       
# span 7 =      9.756,     12.478       
# span 8 =  -320.3863,   -42.3743       
# span 9 = 1.2362e-01, 1.2822e+03       
# span 10 =     1.5325,   246.2285      
# span 11 =     -0.583,      5.280      
# span 12 =     -0.846,      7.658      
# span 13 =    10.0824,    25.7136      
# span 14 = 0.0000e+00, 0.0000e+00      
# interval = seconds: 0.25
# start_time = Jun 29 2026 13:39:15 [Instrument's time stamp, header]
# bad_flag = -9.990e-29
*END*
[from data line 386]
      0.462      0.039     9.5876    114.743     40.144  40.171745     1.2319     12.466  -141.2463 1.4071e+02    13.0531      0.453      0.658    25.0976 0.0000e+00
      0.470      0.043     9.5571    114.360     40.068  40.076658     1.2167     12.461  -141.0722 1.3613e+02    12.9876      0.458      0.665    25.0793 0.0000e+00
      0.484      0.046     9.5232    113.980     40.033  40.023828     1.1891     12.457  -141.0215 1.3051e+02    12.9351      0.474      0.687    25.0643 0.0000e+00
      0.501      0.047     9.5034    113.534     40.002  39.977197     1.2059     12.454  -141.0636 1.2545e+02    13.1007      0.491      0.713    25.0515 0.0000e+00
      0.516      0.046     9.4756    112.960     39.932  39.893592     1.2541     12.451  -141.0654 1.2129e+02    13.3162      0.506      0.733    25.0308 0.0000e+00
      0.528      0.044     9.4458    112.259     39.766  39.711033     1.2808     12.447  -140.9575 1.1824e+02    13.3550      0.521      0.755    25.0044 0.0000e+00
      0.537      0.042     9.4230    111.489     39.501  39.419864     1.2708     12.442  -140.7920 1.1622e+02    13.2627      0.528      0.766    24.9817 0.0000e+00
      0.544      0.041     9.3906    110.689     39.286  39.165324     1.2403     12.436  -140.5260 1.1465e+02    13.1219      0.533      0.772    24.9614 0.0000e+00
      0.551      0.041     9.3466    109.818     39.218  39.044829     1.2369     12.429  -140.2364 1.1311e+02    13.1209      0.539      0.782    24.9458 0.0000e+00
      0.561      0.041     9.2886    108.742     39.268  39.041712     1.2715     12.424  -140.1297 1.1067e+02    13.2509      0.548      0.794    24.9285 0.0000e+00
      0.577      0.039     9.2288    107.320     39.398  39.127554     1.3007     12.420  -140.0961 1.0754e+02    13.3277      0.566      0.819    24.8987 0.0000e+00
      0.592      0.034     9.1724    105.523     39.485  39.194239     1.2904     12.417  -140.0021 1.0524e+02    13.2305      0.584      0.847    24.8463 0.0000e+00
      0.602      0.027     9.1171    103.443     39.499  39.213379     1.2550     12.413  -139.9398 1.0396e+02    12.9979      0.592      0.859    24.7718 0.0000e+00
      0.606      0.018     9.0453    101.339     39.503  39.232064     1.2475     12.409  -139.9458 1.0329e+02    12.9061      0.595      0.862    24.7016 0.0000e+00
      0.606      0.012     8.9373     99.610     39.426  39.166335     1.2746     12.404  -139.9876 1.0292e+02    12.9744      0.595      0.863    24.6402 0.0000e+00
      0.604      0.010     8.7905     98.540     39.320  39.053260     1.3076     12.398  -140.0150 1.0226e+02    13.0380      0.592      0.859    24.6110 0.0000e+00
      0.603      0.010     8.6074     98.116     39.308  39.007151     1.3214     12.392  -139.9330 1.0064e+02    13.0265      0.589      0.855    24.6302 0.0000e+00
      0.607      0.011     8.4151     98.122     39.336  38.989549     1.3085     12.389  -139.8561 9.8234e+01    12.9365      0.593      0.860    24.6518 0.0000e+00
      0.614      0.013     8.2577     98.202     39.350  38.967279     1.3103     12.385  -139.8599 9.6017e+01    12.9074      0.603      0.874    24.6712 0.0000e+00
      0.620      0.017     8.1715     97.993     39.400  38.991665     1.3263     12.378  -139.7211 9.4493e+01    12.8793      0.609      0.885    24.6728 0.0000e+00
      0.623      0.024     8.1505     97.343     39.595  39.157450     1.3099     12.367  -139.2970 9.3437e+01    12.8020      0.611      0.887    24.6158 0.0000e+00
      0.623      0.031     8.1726     96.326     39.932  39.448697     1.2705     12.352  -138.7762 9.2193e+01    12.7583      0.611      0.886    24.5466 0.0000e+00
      0.627      0.038     8.1989     95.097     40.199  39.657343     1.2413     12.336  -138.5007 8.9982e+01    12.6576      0.612      0.888    24.5036 0.0000e+00
      0.640      0.043     8.1890     93.757     40.240  39.649353     1.1908     12.320  -138.4608 8.6468e+01    12.3016      0.623      0.905    24.4769 0.0000e+00
      0.660      0.047     8.1362     92.369     40.160  39.542396     1.1090     12.304  -138.4654 8.2648e+01    11.6999      0.648      0.940    24.4503 0.0000e+00
      0.679      0.047     8.0528     91.010     40.130  39.506388     1.0600     12.287  -138.4704 8.0058e+01    11.3268      0.670      0.972    24.3963 0.0000e+00
      0.690      0.045     7.9600     89.797     40.216  39.594746     1.0381     12.268  -138.4358 7.8597e+01    11.2401      0.678      0.983    24.3173 0.0000e+00
      0.697      0.040     7.8565     88.868     40.347  39.722273     1.0108     12.251  -138.4772 7.7434e+01    10.9934      0.684      0.992    24.2485 0.0000e+00
      0.704      0.035     7.7429     88.289     40.417  39.779080     0.9966     12.235  -138.6259 7.6312e+01    10.6327      0.691      1.003    24.2142 0.0000e+00
      0.710      0.030     7.6260     88.008     40.434  39.773888     0.9916     12.220  -138.7709 7.4734e+01    10.3977      0.695      1.008    24.2128 0.0000e+00
      0.720      0.026     7.5173     87.887     40.472  39.786390     0.9840     12.207  -139.0254 7.2831e+01    10.3035      0.706      1.023    24.2245 0.0000e+00
      0.731      0.022     7.4375     87.846     40.505  39.803279     0.9705     12.195  -139.2941 7.1507e+01    10.3136      0.719      1.042    24.2258 0.0000e+00
      0.737      0.020     7.3923     87.901     40.429  39.724214     0.9611     12.182  -139.3531 7.0747e+01    10.3146      0.723      1.049    24.2101 0.0000e+00
      0.738      0.018     7.3785     88.030     40.299  39.591955     0.9714     12.168  -139.3082 7.0302e+01    10.2819      0.725      1.051    24.1803 0.0000e+00
      0.738      0.018     7.3764     88.135     40.198  39.473366     0.9781     12.154  -139.2681 6.9856e+01    10.1910      0.724      1.050    24.1426 0.0000e+00
      0.741      0.018     7.3743     88.221     40.122  39.369166     0.9672     12.141  -139.2976 6.8777e+01    10.0364      0.725      1.051    24.1193 0.0000e+00
      0.747      0.019     7.3777     88.384     40.130  39.347418     0.9472     12.129  -139.3216 6.7362e+01     9.9145      0.732      1.062    24.1245 0.0000e+00
      0.755      0.019     7.3940     88.670     40.207  39.400755     0.9453     12.117  -139.3860 6.5988e+01     9.8790      0.741      1.075    24.1255 0.0000e+00
      0.762      0.019     7.4065     89.109     40.261  39.442875     0.9685     12.106  -139.6463 6.4829e+01     9.9487      0.748      1.086    24.0968 0.0000e+00
      0.768      0.018     7.4137     89.703     40.295  39.475906     0.9865     12.096  -139.8877 6.4151e+01     9.9370      0.754      1.095    24.0559 0.0000e+00
      0.771      0.017     7.4340     90.386     40.295  39.482833     0.9796     12.086  -139.9810 6.3673e+01     9.8405      0.756      1.097    24.0159 0.0000e+00
      0.772      0.017     7.4603     91.032     40.207  39.399722     0.9524     12.073  -139.9149 6.3173e+01     9.8749      0.757      1.098    23.9853 0.0000e+00
      0.774      0.019     7.4989     91.511     40.113  39.296002     0.9484     12.059  -139.7760 6.2547e+01    10.0112      0.758      1.100    23.9727 0.0000e+00
      0.778      0.023     7.5504     91.749     40.085  39.244122     0.9728     12.045  -139.5923 6.1727e+01    10.1561      0.762      1.105    23.9753 0.0000e+00
      0.785      0.027     7.6103     91.754     40.082  39.216626     0.9564     12.034  -139.3286 6.0647e+01    10.1237      0.769      1.115    23.9876 0.0000e+00
      0.795      0.029     7.6676     91.666     40.100  39.217352     0.8999     12.025  -139.3410 5.9222e+01     9.8937      0.779      1.130    23.9985 0.0000e+00
      0.807      0.029     7.7123     91.754     40.143  39.252882     0.8723     12.016  -139.7423 5.7842e+01     9.7659      0.792      1.148    23.9833 0.0000e+00
      0.817      0.025     7.7376     92.122     40.154  39.265438     0.8812     12.009  -140.2219 5.6731e+01     9.8074      0.802      1.163    23.9454 0.0000e+00
      0.822      0.020     7.7406     92.631     40.125  39.242245     0.9066     12.004  -140.5799 5.5880e+01     9.8836      0.807      1.171    23.9093 0.0000e+00
      0.825      0.015     7.7250     93.179     40.104  39.226308     0.9128     11.998  -140.8019 5.5263e+01     9.8681      0.810      1.175    23.8874 0.0000e+00
      0.826      0.010     7.7280     93.674     40.073  39.199674     0.8901     11.993  -141.0128 5.4616e+01     9.7907      0.811      1.176    23.8821 0.0000e+00
      0.826      0.007     7.7687     93.994     40.046  39.174064     0.8733     11.990  -141.1509 5.3948e+01     9.8012      0.810      1.175    23.8867 0.0000e+00
      0.827      0.006     7.8099     94.088     40.046  39.170489     0.8674     11.988  -141.1822 5.3247e+01     9.8587      0.810      1.175    23.8950 0.0000e+00
      0.829      0.007     7.8584     93.978     40.039  39.156444     0.8946     11.985  -141.3905 5.2403e+01     9.8709      0.813      1.178    23.9004 0.0000e+00
      0.832      0.009     7.9045     93.734     40.026  39.131156     0.9355     11.984  -141.6903 5.1707e+01     9.8468      0.817      1.184    23.9053 0.0000e+00
      0.833      0.012     7.9317     93.461     40.029  39.118559     0.9378     11.984  -141.9678 5.1276e+01     9.8063      0.818      1.185    23.9073 0.0000e+00
      0.834      0.017     7.9403     93.224     40.057  39.131035     0.9473     11.985  -142.3373 5.0854e+01     9.8243      0.817      1.184    23.9022 0.0000e+00
      0.838      0.023     7.9294     93.038     40.094  39.155057     0.9671     11.988  -142.7154 5.0224e+01     9.8608      0.822      1.191    23.8946 0.0000e+00
      0.845      0.029     7.9082     92.962     40.103  39.155152     0.9526     11.993  -143.0122 4.9422e+01     9.8024      0.827      1.201    23.8789 0.0000e+00
      0.854      0.034     7.8851     93.007     40.086  39.132172     0.9306     11.996  -143.1736 4.8734e+01     9.6994      0.837      1.215    23.8565 0.0000e+00
      0.864      0.037     7.8704     93.071     40.087  39.131027     0.9088     11.999  -143.2040 4.8058e+01     9.6061      0.848      1.229    23.8368 0.0000e+00
      0.876      0.037     7.8531     93.040     40.097  39.141316     0.9130     12.002  -143.0346 4.7181e+01     9.4934      0.859      1.245    23.8213 0.0000e+00
      0.889      0.034     7.8473     92.887     40.082  39.129654     0.9570     12.006  -142.7609 4.6487e+01     9.3614      0.874      1.268    23.8112 0.0000e+00
      0.898      0.030     7.8567     92.697     40.067  39.116950     0.9834     12.008  -142.5615 4.6104e+01     9.2745      0.883      1.280    23.8038 0.0000e+00
      0.903      0.027     7.8663     92.530     40.065  39.114625     0.9733     12.010  -142.3446 4.5859e+01     9.1941      0.886      1.286    23.7988 0.0000e+00
      0.906      0.026     7.8656     92.391     40.056  39.101546     0.9773     12.011  -141.9456 4.5684e+01     9.0387      0.889      1.289    23.8007 0.0000e+00
      0.910      0.027     7.8464     92.282     40.050  39.085723     1.0228     12.009  -141.4363 4.5316e+01     8.8637      0.891      1.292    23.8060 0.0000e+00
      0.916      0.032     7.8290     92.212     40.027  39.050221     1.0574     12.007  -141.2631 4.4675e+01     8.7868      0.897      1.302    23.8105 0.0000e+00
      0.926      0.039     7.8152     92.193     39.917  38.926118     1.0628     12.006  -141.8301 4.3936e+01     8.7922      0.908      1.317    23.8099 0.0000e+00
      0.937      0.048     7.8035     92.172     39.672  38.663985     1.0635     12.005  -143.0434 4.3155e+01     8.6562      0.919      1.333    23.8038 0.0000e+00
      0.951      0.054     7.7972     92.103     39.391  38.355637     1.0742     12.004  -144.2319 4.2188e+01     8.4053      0.931      1.350    23.7931 0.0000e+00
      0.966      0.059     7.7910     92.008     39.253  38.180368     1.0997     12.002  -144.9292 4.1036e+01     8.3211      0.946      1.372    23.7755 0.0000e+00
      0.984      0.060     7.7953     91.887     39.240  38.131197     1.0972     12.001  -145.3656 3.9973e+01     8.2873      0.965      1.400    23.7569 0.0000e+00
      1.002      0.057     7.8003     91.813     39.278  38.141799     1.0615     12.001  -145.7222 3.9023e+01     8.1680      0.983      1.426    23.7299 0.0000e+00
      1.017      0.050     7.7974     91.924     39.401  38.245066     1.0415     12.001  -145.8866 3.8148e+01     7.9368      0.998      1.448    23.6833 0.0000e+00
      1.030      0.040     7.8006     92.195     39.526  38.364453     1.0560     12.001  -146.0621 3.7523e+01     7.6433      1.012      1.468    23.6253 0.0000e+00
      1.040      0.031     7.7956     92.499     39.594  38.443072     1.0872     12.000  -146.3809 3.7198e+01     7.5579      1.022      1.482    23.5752 0.0000e+00
      1.045      0.023     7.7865     92.788     39.626  38.497621     1.0852     11.999  -146.6442 3.7063e+01     7.5539      1.025      1.487    23.5438 0.0000e+00
      1.045      0.018     7.8012     93.057     39.555  38.452915     1.0406     11.998  -146.9232 3.6950e+01     7.4569      1.024      1.485    23.5206 0.0000e+00
      1.047      0.014     7.8307     93.248     39.433  38.346779     1.0052     11.998  -147.1728 3.6730e+01     7.3756      1.026      1.488    23.5178 0.0000e+00
      1.052      0.012     7.8544     93.306     39.384  38.293131     1.0069     11.999  -147.2523 3.6499e+01     7.4247      1.031      1.496    23.5368 0.0000e+00
      1.057      0.012     7.8730     93.231     39.418  38.311912     1.0284     12.000  -147.3685 3.6307e+01     7.5732      1.037      1.504    23.5667 0.0000e+00
      1.060      0.012     7.8927     93.060     39.504  38.383459     1.0150     12.001  -147.6319 3.6095e+01     7.5312      1.040      1.508    23.6089 0.0000e+00
      1.063      0.011     7.9080     92.846     39.584  38.460157     0.9617     12.002  -147.8556 3.5988e+01     7.3608      1.042      1.512    23.6273 0.0000e+00
      1.065      0.010     7.9147     92.666     39.598  38.477770     0.9327     12.004  -148.0086 3.5959e+01     7.2889      1.044      1.515    23.6133 0.0000e+00
      1.066      0.010     7.9104     92.561     39.522  38.406052     0.9400     12.007  -148.1903 3.5873e+01     7.2774      1.045      1.516    23.5894 0.0000e+00
      1.067      0.011     7.8977     92.479     39.407  38.291051     0.9670     12.012  -148.3318 3.5685e+01     7.2908      1.046      1.517    23.5701 0.0000e+00
      1.070      0.012     7.8766     92.365     39.355  38.229534     0.9839     12.018  -148.5152 3.5362e+01     7.2453      1.049      1.521    23.5706 0.0000e+00
      1.074      0.014     7.8575     92.244     39.374  38.233352     0.9689     12.025  -148.7728 3.4884e+01     7.2392      1.052      1.526    23.5812 0.0000e+00
      1.080      0.015     7.8509     92.150     39.362  38.210274     0.9522     12.031  -148.9512 3.4346e+01     7.2509      1.058      1.536    23.5852 0.0000e+00
      1.085      0.015     7.8472     92.051     39.297  38.140849     0.9325     12.038  -149.0380 3.3922e+01     7.1136      1.066      1.545    23.5805 0.0000e+00
      1.088      0.015     7.8381     91.920     39.254  38.091968     0.8966     12.043  -149.0474 3.3560e+01     6.9464      1.067      1.546    23.5660 0.0000e+00
      1.090      0.014     7.8286     91.757     39.234  38.063442     0.8600     12.047  -149.1513 3.3209e+01     6.7999      1.068      1.549    23.5448 0.0000e+00
      1.093      0.013     7.8255     91.569     39.166  37.986298     0.8300     12.051  -149.4340 3.2849e+01     6.7436      1.072      1.554    23.5293 0.0000e+00
      1.097      0.012     7.8186     91.339     39.043  37.857226     0.8170     12.056  -149.6255 3.2450e+01     6.8460      1.076      1.560    23.5226 0.0000e+00
