Data/DataNotYetUploadedToEDI/Raw_CTD/RawDownloads/062926_fcr30_S7809016.cnv
* Sea-Bird SBE19plus  Data File:
* FileName = C:\R\Reservoirs\Data\DataNotYetUploadedToEDI\Raw_CTD\RawDownloads\062926_fcr50_S7809_0016.hex
* Software version 2.8.0.119
* Temperature SN = 7809
* Conductivity SN = 7809
* System UpLoad Time = Jun 30 2026 09:08:35
* <ApplicationData>
* <Seaterm232>
# nquan = 15
# nvalues = 1216                        
# units = specified
# name 0 = depFM: Depth [fresh water, m]
# name 1 = dz/dtM: Descent Rate [m/s]
# name 2 = sbeox0Mg/L: Oxygen, SBE 43 [mg/l]
# name 3 = sbeox0PS: Oxygen, SBE 43 [% saturation]
# name 4 = specc: Specific Conductance [uS/cm]
# name 5 = c0uS/cm: Conductivity [uS/cm]
# name 6 = flECO-AFL: Fluorescence, WET Labs ECO-AFL/FL [mg/m^3]
# name 7 = ph: pH
# name 8 = orp: Oxidation Reduction Potential [mV]
# name 9 = par/sat/log: PAR/Logarithmic, Satlantic
# name 10 = turbWETntu0: Turbidity, WET Labs ECO [NTU]
# name 11 = prdM: Pressure, Strain Gauge [db]
# name 12 = prdE: Pressure, Strain Gauge [psi]
# name 13 = tv290C: Temperature [ITS-90, deg C]
# name 14 = flag:  0.000e+00
# span 0 =     -0.595,      4.716       
# span 1 =     -0.098,      0.195       
# span 2 =    -0.2175,    10.5760       
# span 3 =     -2.131,    128.305       
# span 4 =      1.167,     67.228       
# span 5 =   1.111890,  52.066229       
# span 6 =    -0.1031,     2.4467       
# span 7 =      9.846,     12.496       
# span 8 =  -230.0318,   104.3368       
# span 9 = 2.0443e-01, 6.9830e+02       
# span 10 =     1.2918,   143.3431      
# span 11 =     -0.584,      4.625      
# span 12 =     -0.847,      6.708      
# span 13 =    10.7244,    25.8163      
# span 14 = 0.0000e+00, 0.0000e+00      
# interval = seconds: 0.25
# start_time = Jun 29 2026 13:30:21 [Instrument's time stamp, header]
# bad_flag = -9.990e-29
*END*
[from data line 482]
      0.668      0.016     9.5232    112.463     40.260  40.267325     1.3684     12.489    -6.4806 3.5955e+01    14.1854      0.655      0.949    25.0064 0.0000e+00
      0.671      0.014     9.4755    111.952     40.235  40.232994     1.3935     12.489    -6.6516 3.5640e+01    14.1576      0.658      0.955    25.0002 0.0000e+00
      0.676      0.014     9.4062    111.632     40.217  40.202505     1.3813     12.489    -6.8696 3.5368e+01    14.1552      0.663      0.962    24.9977 0.0000e+00
      0.680      0.013     9.3432    111.460     40.177  40.152520     1.3543     12.489    -7.0516 3.5161e+01    14.0879      0.667      0.967    25.0057 0.0000e+00
      0.684      0.013     9.2865    111.409     40.107  40.072843     1.3508     12.488    -7.1308 3.4963e+01    14.0278      0.670      0.972    25.0084 0.0000e+00
      0.686      0.013     9.2438    111.470     39.983  39.937219     1.3805     12.488    -7.2248 3.4833e+01    13.9752      0.672      0.975    24.9923 0.0000e+00
      0.688      0.014     9.2239    111.557     39.789  39.718464     1.4050     12.489    -7.3286 3.4739e+01    13.8960      0.674      0.977    24.9742 0.0000e+00
      0.689      0.016     9.2121    111.517     39.639  39.522094     1.3808     12.490    -7.3529 3.4526e+01    13.8219      0.675      0.979    24.9623 0.0000e+00
      0.694      0.018     9.2082    111.172     39.644  39.466685     1.3213     12.490    -7.4329 3.4156e+01    13.7284      0.680      0.987    24.9534 0.0000e+00
      0.701      0.018     9.2189    110.423     39.722  39.492648     1.3011     12.491    -7.6069 3.3726e+01    13.7558      0.687      0.997    24.9401 0.0000e+00
      0.709      0.017     9.2340    109.321     39.778  39.518635     1.3281     12.491    -7.7366 3.3452e+01    13.7764      0.697      1.010    24.9175 0.0000e+00
      0.714      0.015     9.2472    107.968     39.791  39.527002     1.3480     12.491    -7.7959 3.3409e+01    13.6700      0.702      1.018    24.8569 0.0000e+00
      0.715      0.013     9.2389    106.565     39.725  39.466895     1.3340     12.491    -7.8079 3.3443e+01    13.5967      0.701      1.017    24.7618 0.0000e+00
      0.716      0.011     9.1842    105.407     39.643  39.363044     1.3005     12.492    -7.7956 3.3399e+01    13.6085      0.702      1.018    24.6972 0.0000e+00
      0.717      0.011     9.0975    104.612     39.618  39.286670     1.2999     12.493    -7.8196 3.3269e+01    13.6755      0.702      1.019    24.6557 0.0000e+00
      0.720      0.011     8.9817    104.099     39.614  39.241447     1.3103     12.493    -7.8396 3.3048e+01    13.5862      0.705      1.024    24.6495 0.0000e+00
      0.724      0.012     8.8456    103.723     39.582  39.196957     1.2856     12.492    -7.8661 3.2787e+01    13.3147      0.710      1.030    24.6893 0.0000e+00
      0.728      0.013     8.7512    103.305     39.518  39.129486     1.2589     12.492    -7.8817 3.2613e+01    13.1604      0.715      1.037    24.6614 0.0000e+00
      0.732      0.014     8.7052    102.768     39.461  39.060256     1.2378     12.492    -7.8557 3.2524e+01    13.1559      0.718      1.042    24.5653 0.0000e+00
      0.735      0.014     8.6745    102.145     39.410  38.994479     1.2216     12.492    -7.8956 3.2444e+01    13.1230      0.721      1.044    24.5064 0.0000e+00
      0.738      0.014     8.6505    101.425     39.401  38.968752     1.2118     12.492    -8.0205 3.2289e+01    13.0010      0.723      1.049    24.5063 0.0000e+00
      0.742      0.013     8.6176    100.527     39.463  39.003006     1.1945     12.492    -8.1607 3.2116e+01    12.8774      0.727      1.055    24.5111 0.0000e+00
      0.745      0.013     8.5732     99.443     39.520  39.027840     1.1793     12.493    -8.2150 3.1993e+01    12.8239      0.731      1.060    24.4864 0.0000e+00
      0.749      0.013     8.5254     98.304     39.540  39.015134     1.1690     12.494    -8.1604 3.1871e+01    12.7982      0.735      1.064    24.4646 0.0000e+00
      0.752      0.014     8.4706     97.268     39.543  38.976252     1.1536     12.495    -8.1026 3.1807e+01    12.6692      0.738      1.070    24.4537 0.0000e+00
      0.755      0.015     8.4030     96.413     39.557  38.938413     1.1263     12.495    -8.1188 3.1754e+01    12.3907      0.740      1.074    24.4137 0.0000e+00
      0.758      0.015     8.3147     95.752     39.608  38.938309     1.0882     12.496    -8.1840 3.1602e+01    12.1981      0.743      1.077    24.3658 0.0000e+00
      0.763      0.015     8.2182     95.247     39.688  38.974914     1.0600     12.496    -8.2024 3.1394e+01    12.1513      0.747      1.084    24.3374 0.0000e+00
      0.768      0.014     8.1387     94.857     39.737  39.000186     1.0517     12.495    -8.1691 3.1189e+01    12.0297      0.753      1.092    24.2812 0.0000e+00
      0.772      0.014     8.0763     94.529     39.727  38.989999     1.0540     12.493    -8.0401 3.1048e+01    11.8887      0.757      1.098    24.2128 0.0000e+00
      0.775      0.014     8.0334     94.226     39.701  38.978667     1.0625     12.490    -7.9330 3.0945e+01    11.8127      0.760      1.102    24.1453 0.0000e+00
      0.777      0.014     8.0000     93.980     39.692  38.990117     1.0461     12.486    -7.9925 3.0841e+01    11.6925      0.762      1.105    24.0868 0.0000e+00
      0.780      0.014     7.9736     93.779     39.683  39.001549     0.9975     12.483    -7.9853 3.0734e+01    11.3916      0.765      1.109    24.0552 0.0000e+00
      0.784      0.014     7.9482     93.583     39.662  38.990000     0.9575     12.480    -7.9328 3.0599e+01    11.0436      0.770      1.115    24.0589 0.0000e+00
      0.788      0.014     7.9154     93.421     39.654  38.977413     0.9535     12.478    -7.9588 3.0459e+01    10.9691      0.773      1.120    24.0866 0.0000e+00
      0.792      0.014     7.8927     93.320     39.655  38.976269     0.9660     12.476    -7.9560 3.0302e+01    10.9346      0.776      1.126    24.1069 0.0000e+00
      0.796      0.014     7.8734     93.241     39.643  38.976163     0.9502     12.474    -7.8981 3.0172e+01    10.5581      0.781      1.133    24.1405 0.0000e+00
      0.799      0.014     7.8525     93.163     39.624  38.976149     0.9290     12.472    -7.7760 3.0120e+01    10.1064      0.784      1.137    24.1572 0.0000e+00
      0.802      0.014     7.8400     93.097     39.611  38.976136     0.9349     12.471    -7.6844 3.0050e+01     9.9823      0.787      1.141    24.1392 0.0000e+00
      0.805      0.014     7.8352     93.052     39.612  38.976023     0.9383     12.468    -7.6501 2.9917e+01     9.9803      0.789      1.145    24.1297 0.0000e+00
      0.808      0.015     7.8264     93.042     39.620  38.974774     0.8944     12.464    -7.6200 2.9760e+01     9.6034      0.793      1.150    24.1500 0.0000e+00
      0.812      0.015     7.8141     93.038     39.615  38.961029     0.8210     12.459    -7.6650 2.9584e+01     8.9444      0.797      1.154    24.1810 0.0000e+00
      0.817      0.015     7.8065     92.966     39.595  38.936733     0.8001     12.454    -7.6778 2.9403e+01     8.6389      0.800      1.161    24.1996 0.0000e+00
      0.822      0.016     7.8017     92.791     39.601  38.934835     0.8243     12.448    -7.6021 2.9263e+01     8.7099      0.806      1.170    24.1964 0.0000e+00
      0.826      0.019     7.8044     92.527     39.638  38.938074     0.8224     12.443    -7.5246 2.9213e+01     8.7105      0.810      1.175    24.1784 0.0000e+00
      0.828      0.024     7.8092     92.197     39.623  38.848936     0.7944     12.437    -7.3426 2.9141e+01     8.5098      0.812      1.177    24.1659 0.0000e+00
      0.832      0.029     7.8041     91.741     39.560  38.681923     0.7765     12.428    -7.0370 2.8842e+01     8.2646      0.816      1.182    24.1629 0.0000e+00
      0.840      0.033     7.7894     91.059     39.550  38.568493     0.7888     12.418    -6.8405 2.8242e+01     8.2050      0.822      1.193    24.1631 0.0000e+00
      0.852      0.035     7.7686     90.073     39.612  38.556105     0.8184     12.406    -6.7733 2.7384e+01     8.2674      0.834      1.210    24.1351 0.0000e+00
      0.866      0.035     7.7587     88.843     39.689  38.595491     0.8433     12.394    -6.6545 2.6510e+01     8.0286      0.849      1.232    24.0344 0.0000e+00
      0.878      0.032     7.7456     87.647     39.703  38.600450     0.8573     12.382    -6.5225 2.5880e+01     7.4349      0.862      1.251    23.8812 0.0000e+00
      0.886      0.028     7.7109     86.740     39.653  38.552604     0.8454     12.369    -6.4682 2.5528e+01     7.0326      0.871      1.263    23.7389 0.0000e+00
      0.889      0.027     7.6424     86.203     39.575  38.461194     0.8413     12.354    -6.4282 2.5370e+01     7.0247      0.873      1.266    23.6426 0.0000e+00
      0.890      0.027     7.5313     85.988     39.480  38.320152     0.8906     12.340    -6.2967 2.5186e+01     7.0330      0.872      1.264    23.6045 0.0000e+00
      0.894      0.028     7.4224     85.950     39.475  38.243258     0.9673     12.328    -6.1695 2.4805e+01     6.8590      0.875      1.269    23.6016 0.0000e+00
      0.904      0.030     7.3418     85.857     39.598  38.292860     1.0111     12.318    -6.0945 2.4266e+01     6.7311      0.884      1.284    23.6153 0.0000e+00
      0.916      0.030     7.2995     85.439     39.694  38.348667     1.0126     12.308    -5.8203 2.3716e+01     6.7158      0.898      1.302    23.6045 0.0000e+00
      0.928      0.030     7.2944     84.513     39.699  38.346848     1.0776     12.300    -5.3488 2.3389e+01     6.7764      0.912      1.322    23.5371 0.0000e+00
      0.936      0.028     7.3126     83.173     39.685  38.334325     1.1967     12.293    -4.9540 2.3357e+01     6.8489      0.920      1.335    23.4345 0.0000e+00
      0.940      0.024     7.3279     81.781     39.676  38.324167     1.2546     12.287    -4.5748 2.3370e+01     6.8070      0.922      1.337    23.3280 0.0000e+00
      0.943      0.019     7.3060     80.630     39.644  38.287491     1.2780     12.279    -3.9478 2.3261e+01     6.7825      0.924      1.340    23.2825 0.0000e+00
      0.947      0.015     7.2240     79.808     39.570  38.208146     1.3714     12.271    -3.2233 2.3092e+01     7.0650      0.929      1.347    23.2908 0.0000e+00
      0.952      0.015     7.0937     79.283     39.430  38.062825     1.5352     12.264    -2.6968 2.3009e+01     7.5929      0.935      1.356    23.2960 0.0000e+00
      0.955      0.016     6.9667     78.998     39.305  37.926461     1.6181     12.256    -2.4009 2.3011e+01     7.8363      0.938      1.360    23.2928 0.0000e+00
      0.957      0.016     6.8675     78.864     39.349  37.955401     1.6163     12.249    -2.3119 2.2884e+01     7.7528      0.937      1.360    23.2839 0.0000e+00
      0.962      0.014     6.8008     78.751     39.491  38.095425     1.6054     12.241    -2.2237 2.2590e+01     7.6772      0.942      1.366    23.2750 0.0000e+00
      0.968      0.010     6.7589     78.539     39.530  38.159986     1.5281     12.232    -2.0234 2.2298e+01     7.6062      0.950      1.377    23.2636 0.0000e+00
      0.973      0.008     6.7391     78.120     39.435  38.101485     1.4137     12.224    -1.8689 2.2207e+01     7.5087      0.956      1.387    23.2406 0.0000e+00
      0.974      0.008     6.7369     77.632     39.276  37.959259     1.3457     12.217    -1.5598 2.2361e+01     7.3859      0.957      1.387    23.2165 0.0000e+00
      0.972      0.008     6.7286     77.380     39.104  37.772933     1.3139     12.210    -1.0396 2.2539e+01     7.2486      0.952      1.381    23.2122 0.0000e+00
      0.970      0.010     6.7122     77.396     38.998  37.625367     1.3121     12.202    -0.4832 2.2591e+01     7.2501      0.950      1.378    23.2545 0.0000e+00
      0.972      0.015     6.6653     77.495     38.999  37.571010     1.3487     12.194     0.2628 2.2530e+01     7.4379      0.952      1.381    23.3175 0.0000e+00
      0.977      0.020     6.6049     77.438     39.034  37.559807     1.3906     12.188     0.9247 2.2292e+01     7.6399      0.957      1.388    23.3333 0.0000e+00
      0.987      0.024     6.5900     76.977     39.059  37.553301     1.4022     12.182     1.1529 2.1912e+01     7.6424      0.968      1.402    23.3025 0.0000e+00
      0.998      0.026     6.6058     76.027     39.086  37.555757     1.4723     12.177     1.1298 2.1697e+01     7.5716      0.980      1.422    23.2401 0.0000e+00
      1.004      0.026     6.6304     74.683     39.136  37.589475     1.6394     12.171     1.0755 2.1712e+01     7.6381      0.986      1.431    23.1565 0.0000e+00
      1.007      0.026     6.6433     73.125     39.190  37.643682     1.7584     12.165     1.0978 2.1651e+01     7.7286      0.986      1.430    23.0990 0.0000e+00
      1.012      0.026     6.6098     71.643     39.167  37.640067     1.8036     12.157     1.2273 2.1428e+01     7.8119      0.992      1.438    23.0671 0.0000e+00
      1.018      0.027     6.5279     70.511     39.117  37.609256     1.7613     12.149     1.5236 2.1212e+01     7.7574      0.999      1.449    23.0329 0.0000e+00
      1.025      0.027     6.4121     69.849     39.092  37.588449     1.6462     12.141     1.8406 2.0901e+01     7.5822      1.004      1.456    23.0095 0.0000e+00
      1.034      0.028     6.2682     69.664     39.026  37.515408     1.6022     12.133     1.9624 2.0376e+01     7.5724      1.012      1.469    23.0131 0.0000e+00
      1.045      0.029     6.1269     69.799     38.951  37.424120     1.6208     12.126     1.9636 2.0047e+01     7.6039      1.028      1.492    23.0449 0.0000e+00
      1.052      0.031     6.0253     70.015     38.926  37.373035     1.5886     12.119     1.9414 2.0065e+01     7.3828      1.034      1.500    23.0759 0.0000e+00
      1.054      0.033     5.9663     70.181     38.923  37.341877     1.4961     12.113     1.9527 1.9976e+01     6.9824      1.031      1.496    23.0760 0.0000e+00
      1.059      0.034     5.9573     70.160     38.907  37.301176     1.4260     12.107     1.9285 1.9558e+01     6.7932      1.036      1.502    23.0622 0.0000e+00
      1.071      0.034     5.9817     69.739     38.895  37.261605     1.4146     12.101     1.8215 1.8979e+01     6.8377      1.048      1.521    23.0413 0.0000e+00
      1.086      0.035     6.0059     68.793     38.902  37.244112     1.3579     12.095     1.7773 1.8572e+01     6.7687      1.068      1.550    22.9994 0.0000e+00
      1.098      0.036     6.0285     67.409     38.889  37.216539     1.2155     12.088     1.7374 1.8454e+01     6.5058      1.079      1.566    22.9599 0.0000e+00
      1.104      0.034     6.0374     65.777     38.868  37.182015     1.1075     12.082     1.5970 1.8413e+01     6.2889      1.082      1.569    22.9345 0.0000e+00
      1.108      0.031     6.0116     64.073     38.911  37.207385     1.0600     12.076     1.5435 1.8261e+01     6.2987      1.087      1.575    22.8923 0.0000e+00
      1.116      0.030     5.9300     62.453     38.974  37.269441     1.0648     12.069     1.6064 1.8005e+01     6.4192      1.094      1.586    22.8553 0.0000e+00
      1.125      0.032     5.8055     61.021     38.977  37.297799     1.0832     12.061     1.6684 1.7755e+01     6.3460      1.104      1.601    22.8449 0.0000e+00
      1.133      0.035     5.6620     59.860     38.950  37.296480     1.0483     12.051     1.7773 1.7572e+01     6.0967      1.112      1.613    22.8301 0.0000e+00
      1.141      0.037     5.5137     59.145     38.896  37.253535     1.0091     12.040     1.8910 1.7263e+01     5.9659      1.118      1.620    22.7962 0.0000e+00
      1.152      0.039     5.3716     59.055     38.809  37.159290     0.9924     12.030     1.8385 1.6810e+01     5.9604      1.129      1.638    22.7923 0.0000e+00
      1.164      0.040     5.2422     59.481     38.722  37.045300     0.9129     12.019     1.7455 1.6465e+01     5.6893      1.143      1.657    22.8427 0.0000e+00
