Data/DataNotYetUploadedToEDI/Raw_CTD/RawDownloads/062926_fcr40_S7809017.cnv
* Sea-Bird SBE19plus  Data File:
* FileName = C:\R\Reservoirs\Data\DataNotYetUploadedToEDI\Raw_CTD\RawDownloads\062926_fcr50_S7809_0017.hex
* Software version 2.8.0.119
* Temperature SN = 7809
* Conductivity SN = 7809
* System UpLoad Time = Jun 30 2026 09:09:09
* <ApplicationData>
* <Seaterm232>
# nquan = 15
# nvalues = 1187                        
# units = specified
# name 0 = depFM: Depth [fresh water, m]
# name 1 = dz/dtM: Descent Rate [m/s]
# name 2 = sbeox0Mg/L: Oxygen, SBE 43 [mg/l]
# name 3 = sbeox0PS: Oxygen, SBE 43 [% saturation]
# name 4 = specc: Specific Conductance [uS/cm]
# name 5 = c0uS/cm: Conductivity [uS/cm]
# name 6 = flECO-AFL: Fluorescence, WET Labs ECO-AFL/FL [mg/m^3]
# name 7 = ph: pH
# name 8 = orp: Oxidation Reduction Potential [mV]
# name 9 = par/sat/log: PAR/Logarithmic, Satlantic
# name 10 = turbWETntu0: Turbidity, WET Labs ECO [NTU]
# name 11 = prdM: Pressure, Strain Gauge [db]
# name 12 = prdE: Pressure, Strain Gauge [psi]
# name 13 = tv290C: Temperature [ITS-90, deg C]
# name 14 = flag:  0.000e+00
# span 0 =     -0.594,      5.384       
# span 1 =     -0.102,      0.192       
# span 2 =    -0.2105,    10.4616       
# span 3 =     -1.977,    126.665       
# span 4 =      1.364,     63.725       
# span 5 =   1.262506,  47.424548       
# span 6 =    -0.1177,     2.9158       
# span 7 =      9.756,     12.478       
# span 8 =  -320.3863,   -42.3743       
# span 9 = 1.2362e-01, 1.2822e+03       
# span 10 =     1.5325,   246.2285      
# span 11 =     -0.583,      5.280      
# span 12 =     -0.846,      7.658      
# span 13 =    10.0824,    25.7136      
# span 14 = 0.0000e+00, 0.0000e+00      
# interval = seconds: 0.25
# start_time = Jun 29 2026 13:39:15 [Instrument's time stamp, header]
# bad_flag = -9.990e-29
*END*
[from data line 482]
      1.104      0.013     7.7959     90.718     38.797  37.583978     0.8107     12.063  -149.6848 3.2026e+01     6.8365      1.083      1.571    23.5030 0.0000e+00
      1.106      0.013     7.7826     90.375     38.794  37.557345     0.7857     12.065  -149.7481 3.1835e+01     6.7418      1.083      1.571    23.4866 0.0000e+00
      1.108      0.013     7.7663     89.970     38.834  37.576808     0.7672     12.068  -149.8230 3.1532e+01     6.7554      1.085      1.573    23.4775 0.0000e+00
      1.112      0.013     7.7414     89.475     38.833  37.565446     0.7778     12.072  -149.8155 3.1202e+01     6.7618      1.090      1.582    23.4631 0.0000e+00
      1.117      0.014     7.7169     88.908     38.817  37.546871     0.8060     12.075  -149.7431 3.0952e+01     6.6143      1.096      1.591    23.4333 0.0000e+00
      1.120      0.014     7.6952     88.315     38.817  37.542575     0.8084     12.077  -149.7225 3.0660e+01     6.4410      1.099      1.593    23.3981 0.0000e+00
      1.123      0.013     7.6662     87.804     38.858  37.576956     0.7821     12.079  -149.7388 3.0292e+01     6.3057      1.101      1.597    23.3691 0.0000e+00
      1.127      0.011     7.6238     87.430     38.932  37.645289     0.7790     12.082  -149.6828 2.9977e+01     6.3107      1.106      1.605    23.3584 0.0000e+00
      1.129      0.009     7.5760     87.174     38.955  37.670773     0.8036     12.082  -149.6463 2.9694e+01     6.4667      1.108      1.607    23.3592 0.0000e+00
      1.131      0.006     7.5204     87.022     38.910  37.631259     0.8132     12.083  -149.7279 2.9412e+01     6.5191      1.109      1.608    23.3555 0.0000e+00
      1.133      0.003     7.4770     86.987     38.890  37.611728     0.8046     12.085  -149.7229 2.9144e+01     6.3976      1.111      1.611    23.3445 0.0000e+00
      1.134     -0.001     7.4481     87.087     38.906  37.624992     0.7994     12.087  -149.5864 2.8858e+01     6.2607      1.112      1.613    23.3382 0.0000e+00
      1.135     -0.003     7.4246     87.252     38.881  37.601271     0.8244     12.089  -149.5399 2.8639e+01     6.2648      1.114      1.616    23.3450 0.0000e+00
      1.133     -0.002     7.4112     87.390     38.791  37.515286     0.8657     12.091  -149.6777 2.8618e+01     6.3793      1.112      1.613    23.3548 0.0000e+00
      1.128      0.000     7.4055     87.470     38.688  37.410263     0.8743     12.092  -149.9614 2.8630e+01     6.4155      1.105      1.603    23.3530 0.0000e+00
      1.124      0.002     7.4189     87.506     38.638  37.346710     0.9040     12.094  -150.3029 2.8368e+01     6.3603      1.100      1.596    23.3442 0.0000e+00
      1.127      0.004     7.4359     87.447     38.624  37.317935     0.9925     12.095  -150.6231 2.7860e+01     6.3957      1.103      1.600    23.3468 0.0000e+00
      1.134      0.006     7.4473     87.192     38.634  37.316141     1.0614     12.096  -150.9081 2.7434e+01     6.5362      1.113      1.614    23.3554 0.0000e+00
      1.139      0.008     7.4538     86.723     38.650  37.325011     1.0955     12.097  -151.1670 2.7284e+01     6.6581      1.118      1.622    23.3480 0.0000e+00
      1.139      0.008     7.4611     86.119     38.628  37.298254     1.0885     12.097  -151.6023 2.7298e+01     6.6394      1.118      1.622    23.3235 0.0000e+00
      1.138      0.007     7.4648     85.532     38.581  37.246434     0.9846     12.096  -152.2995 2.7282e+01     6.4472      1.116      1.618    23.3015 0.0000e+00
      1.137      0.005     7.4443     85.083     38.546  37.206085     0.8382     12.094  -152.9718 2.7155e+01     6.2471      1.114      1.615    23.2867 0.0000e+00
      1.139      0.005     7.4038     84.750     38.539  37.191106     0.7760     12.091  -153.4499 2.6936e+01     6.2348      1.116      1.619    23.2789 0.0000e+00
      1.142      0.006     7.3476     84.430     38.548  37.192229     0.7899     12.088  -153.7788 2.6733e+01     6.3324      1.121      1.626    23.2737 0.0000e+00
      1.146      0.006     7.2935     84.064     38.583  37.219645     0.7904     12.087  -153.9378 2.6587e+01     6.3003      1.124      1.630    23.2650 0.0000e+00
      1.148      0.006     7.2580     83.682     38.636  37.268770     0.7812     12.085  -153.9089 2.6459e+01     6.2567      1.126      1.633    23.2570 0.0000e+00
      1.148      0.007     7.2352     83.322     38.641  37.278563     0.7873     12.083  -153.9449 2.6370e+01     6.3518      1.126      1.634    23.2463 0.0000e+00
      1.148      0.009     7.2118     82.977     38.565  37.211149     0.7974     12.080  -154.2014 2.6317e+01     6.4257      1.126      1.633    23.2337 0.0000e+00
      1.148      0.013     7.1796     82.675     38.440  37.088218     0.8530     12.075  -154.5156 2.6174e+01     6.3644      1.125      1.632    23.2256 0.0000e+00
      1.151      0.017     7.1459     82.498     38.362  36.997831     0.9437     12.071  -154.7330 2.5826e+01     6.1912      1.127      1.635    23.2221 0.0000e+00
      1.157      0.021     7.1153     82.479     38.394  37.006601     1.0033     12.068  -154.8504 2.5316e+01     6.1081      1.134      1.645    23.2299 0.0000e+00
      1.167      0.022     7.0832     82.504     38.474  37.067319     1.0244     12.065  -154.9884 2.4774e+01     6.1793      1.144      1.660    23.2444 0.0000e+00
      1.176      0.022     7.0543     82.367     38.511  37.097417     1.1072     12.062  -155.1115 2.4380e+01     6.3002      1.154      1.673    23.2439 0.0000e+00
      1.181      0.021     7.0400     81.926     38.462  37.053232     1.2718     12.059  -155.1342 2.4175e+01     6.3749      1.160      1.682    23.2203 0.0000e+00
      1.184      0.019     7.0472     81.219     38.384  36.977269     1.3510     12.055  -155.1767 2.4039e+01     6.2967      1.161      1.685    23.1852 0.0000e+00
      1.186      0.017     7.0603     80.439     38.355  36.940388     1.3745     12.050  -155.2817 2.3944e+01     6.2767      1.163      1.687    23.1588 0.0000e+00
      1.189      0.017     7.0543     79.774     38.354  36.924554     1.5295     12.046  -155.2848 2.3764e+01     6.5767      1.165      1.690    23.1554 0.0000e+00
      1.194      0.017     7.0136     79.277     38.357  36.912714     1.7602     12.041  -155.1284 2.3454e+01     7.0202      1.170      1.697    23.1674 0.0000e+00
      1.201      0.017     6.9460     78.840     38.382  36.924112     1.8589     12.037  -155.0251 2.3199e+01     7.2330      1.178      1.708    23.1675 0.0000e+00
      1.208      0.016     6.8749     78.366     38.399  36.935447     1.8403     12.033  -155.0677 2.3016e+01     7.2372      1.184      1.718    23.1518 0.0000e+00
      1.213      0.014     6.8181     77.857     38.384  36.922852     1.8513     12.029  -155.1269 2.2928e+01     7.3790      1.191      1.728    23.1325 0.0000e+00
      1.215      0.012     6.7838     77.332     38.358  36.898728     1.9012     12.022  -155.2249 2.3009e+01     7.6144      1.192      1.730    23.1104 0.0000e+00
      1.214      0.012     6.7523     76.804     38.363  36.897583     1.9273     12.014  -155.2202 2.3100e+01     7.7267      1.190      1.725    23.0916 0.0000e+00
      1.214      0.012     6.7115     76.348     38.384  36.909008     1.9167     12.007  -154.9843 2.3085e+01     7.7466      1.190      1.726    23.0856 0.0000e+00
      1.218      0.012     6.6658     76.007     38.391  36.909934     1.8894     11.999  -154.8671 2.3012e+01     7.6843      1.194      1.732    23.0916 0.0000e+00
      1.225      0.013     6.6219     75.710     38.391  36.908770     1.8314     11.991  -155.0081 2.2990e+01     7.5881      1.202      1.743    23.0952 0.0000e+00
      1.231      0.014     6.5743     75.418     38.375  36.894932     1.7477     11.983  -155.2267 2.3099e+01     7.4367      1.208      1.752    23.0869 0.0000e+00
      1.234      0.014     6.5338     75.132     38.354  36.869532     1.6923     11.974  -155.2734 2.3257e+01     7.2203      1.210      1.755    23.0718 0.0000e+00
      1.235      0.013     6.5115     74.861     38.354  36.855472     1.6622     11.967  -155.0562 2.3346e+01     7.1234      1.211      1.756    23.0620 0.0000e+00
      1.237      0.011     6.4855     74.618     38.367  36.851815     1.6411     11.961  -154.9242 2.3361e+01     7.2223      1.213      1.759    23.0624 0.0000e+00
      1.241      0.010     6.4598     74.364     38.355  36.825282     1.6534     11.954  -155.1398 2.3367e+01     7.3914      1.217      1.765    23.0699 0.0000e+00
      1.244      0.010     6.4359     73.999     38.331  36.788461     1.6864     11.945  -155.4259 2.3391e+01     7.4262      1.220      1.770    23.0645 0.0000e+00
      1.248      0.010     6.4146     73.467     38.342  36.787307     1.6899     11.937  -155.4582 2.3427e+01     7.3014      1.224      1.775    23.0406 0.0000e+00
      1.250      0.010     6.3969     72.798     38.378  36.811327     1.6718     11.927  -155.4439 2.3469e+01     7.2484      1.227      1.779    23.0193 0.0000e+00
      1.252      0.011     6.3818     72.066     38.406  36.825050     1.6749     11.917  -155.5978 2.3474e+01     7.3994      1.227      1.779    22.9995 0.0000e+00
      1.253      0.012     6.3552     71.336     38.422  36.826301     1.7023     11.908  -155.6837 2.3394e+01     7.5900      1.228      1.781    22.9798 0.0000e+00
      1.256      0.013     6.3090     70.597     38.433  36.826434     1.7289     11.900  -155.7082 2.3251e+01     7.6061      1.232      1.787    22.9665 0.0000e+00
      1.261      0.013     6.2516     69.815     38.439  36.826652     1.6802     11.892  -155.9806 2.3104e+01     7.3556      1.236      1.793    22.9548 0.0000e+00
      1.266      0.011     6.1868     68.997     38.442  36.828932     1.5887     11.885  -156.2237 2.2944e+01     7.0890      1.241      1.800    22.9378 0.0000e+00
      1.270      0.008     6.1284     68.177     38.464  36.853988     1.5623     11.880  -156.2387 2.2829e+01     7.0808      1.246      1.808    22.9172 0.0000e+00
      1.273      0.004     6.0680     67.426     38.474  36.875802     1.5691     11.877  -156.3342 2.2841e+01     7.1542      1.249      1.812    22.9025 0.0000e+00
      1.273      0.002     6.0008     66.837     38.417  36.838892     1.5293     11.875  -156.5176 2.2979e+01     7.1227      1.249      1.812    22.8957 0.0000e+00
      1.269      0.002     5.9301     66.467     38.357  36.788453     1.4560     11.872  -156.5639 2.3212e+01     7.0415      1.245      1.807    22.8944 0.0000e+00
      1.265      0.004     5.8572     66.363     38.352  36.773581     1.4314     11.867  -156.5493 2.3389e+01     7.0608      1.239      1.797    22.8978 0.0000e+00
      1.265      0.007     5.7871     66.543     38.383  36.785961     1.4489     11.862  -156.6854 2.3387e+01     7.1506      1.238      1.796    22.9121 0.0000e+00
      1.271      0.010     5.7320     66.948     38.426  36.811211     1.4425     11.858  -156.8320 2.3304e+01     7.1021      1.245      1.806    22.9450 0.0000e+00
      1.278      0.013     5.6974     67.430     38.451  36.825046     1.4281     11.855  -156.8600 2.3279e+01     6.9191      1.254      1.818    22.9604 0.0000e+00
      1.283      0.014     5.6887     67.779     38.453  36.826312     1.4422     11.852  -156.9378 2.3330e+01     6.7830      1.259      1.827    22.9399 0.0000e+00
      1.285      0.012     5.7099     67.844     38.448  36.826519     1.4798     11.849  -157.0845 2.3365e+01     6.7881      1.260      1.828    22.9139 0.0000e+00
      1.287      0.007     5.7505     67.641     38.443  36.827558     1.5154     11.844  -157.1715 2.3325e+01     6.8782      1.261      1.829    22.8896 0.0000e+00
      1.289      0.003     5.8018     67.306     38.452  36.838886     1.5232     11.840  -157.3010 2.3304e+01     6.9162      1.264      1.835    22.8744 0.0000e+00
      1.290      0.001     5.8368     67.002     38.453  36.836580     1.4998     11.836  -157.2725 2.3400e+01     6.8381      1.266      1.837    22.8760 0.0000e+00
      1.289      0.001     5.8404     66.799     38.420  36.799672     1.4661     11.832  -156.8275 2.3597e+01     6.7531      1.264      1.833    22.8853 0.0000e+00
      1.287      0.002     5.8171     66.676     38.396  36.773347     1.4654     11.828  -156.4814 2.3810e+01     6.7761      1.261      1.829    22.8956 0.0000e+00
      1.286      0.004     5.7818     66.623     38.394  36.772089     1.5079     11.823  -156.7004 2.3981e+01     6.8096      1.261      1.829    22.8998 0.0000e+00
      1.287      0.008     5.7542     66.616     38.407  36.784456     1.5550     11.818  -157.2388 2.4119e+01     6.8158      1.262      1.830    22.8942 0.0000e+00
      1.290      0.012     5.7401     66.607     38.419  36.795973     1.5686     11.814  -157.6559 2.4207e+01     6.8172      1.264      1.832    22.8838 0.0000e+00
      1.295      0.015     5.7297     66.609     38.406  36.784435     1.5482     11.812  -157.6148 2.4242e+01     6.7587      1.270      1.841    22.8796 0.0000e+00
      1.301      0.018     5.7248     66.614     38.387  36.771859     1.5577     11.811  -157.1722 2.4286e+01     6.8251      1.277      1.851    22.8826 0.0000e+00
      1.305      0.022     5.7277     66.589     38.382  36.770828     1.5996     11.810  -156.7782 2.4336e+01     6.9706      1.280      1.858    22.8837 0.0000e+00
      1.310      0.025     5.7244     66.566     38.385  36.771983     1.6056     11.809  -156.6363 2.4268e+01     6.9474      1.283      1.861    22.8819 0.0000e+00
      1.315      0.026     5.7252     66.623     38.404  36.785818     1.5889     11.807  -156.7471 2.4068e+01     6.8858      1.289      1.869    22.8809 0.0000e+00
      1.323      0.025     5.7271     66.800     38.433  36.811200     1.5968     11.803  -156.9996 2.3794e+01     6.9430      1.297      1.881    22.8902 0.0000e+00
      1.333      0.025     5.7221     67.029     38.449  36.825055     1.6268     11.798  -157.1083 2.3490e+01     7.0583      1.308      1.896    22.9000 0.0000e+00
      1.341      0.024     5.7183     67.182     38.451  36.826427     1.6351     11.792  -157.0280 2.3320e+01     7.0841      1.318      1.910    22.8946 0.0000e+00
      1.345      0.023     5.7216     67.188     38.454  36.827791     1.6053     11.785  -156.9755 2.3256e+01     7.0165      1.319      1.913    22.8865 0.0000e+00
      1.347      0.020     5.7401     67.081     38.476  36.841543     1.5833     11.775  -157.0757 2.3136e+01     6.9589      1.320      1.914    22.8841 0.0000e+00
      1.352      0.018     5.7646     66.936     38.514  36.865783     1.6103     11.763  -156.9491 2.2983e+01     7.0359      1.326      1.922    22.8814 0.0000e+00
      1.358      0.018     5.7803     66.766     38.529  36.867043     1.6652     11.753  -156.3919 2.2838e+01     7.2307      1.332      1.931    22.8817 0.0000e+00
      1.363      0.017     5.7790     66.515     38.533  36.856766     1.6816     11.743  -156.0168 2.2750e+01     7.2639      1.338      1.940    22.8843 0.0000e+00
      1.368      0.014     5.7676     66.100     38.560  36.868410     1.6588     11.734  -156.0277 2.2726e+01     7.1307      1.342      1.947    22.8736 0.0000e+00
      1.372      0.011     5.7572     65.504     38.584  36.880904     1.6389     11.725  -156.1794 2.2732e+01     7.0892      1.346      1.952    22.8539 0.0000e+00
      1.375      0.009     5.7461     64.773     38.588  36.880905     1.6155     11.716  -156.5608 2.2785e+01     7.1714      1.349      1.957    22.8374 0.0000e+00
      1.376      0.007     5.7301     63.981     38.573  36.868424     1.5935     11.707  -157.0243 2.2870e+01     7.2359      1.350      1.957    22.8196 0.0000e+00
      1.376      0.006     5.6971     63.214     38.558  36.856896     1.5717     11.698  -157.3103 2.2925e+01     7.1525      1.348      1.955    22.7990 0.0000e+00
      1.376      0.006     5.6449     62.514     38.571  36.868434     1.5104     11.690  -157.4370 2.2877e+01     6.9483      1.348      1.955    22.7843 0.0000e+00
