Data/DataNotYetUploadedToEDI/Raw_CTD/RawDownloads/062926_fcr10_S7809014.cnv
* Sea-Bird SBE19plus  Data File:
* FileName = C:\R\Reservoirs\Data\DataNotYetUploadedToEDI\Raw_CTD\RawDownloads\062926_fcr50_S7809_0014.hex
* Software version 2.8.0.119
* Temperature SN = 7809
* Conductivity SN = 7809
* System UpLoad Time = Jun 30 2026 09:07:17
* <ApplicationData>
* <Seaterm232>
# nquan = 15
# nvalues = 643                         
# units = specified
# name 0 = depFM: Depth [fresh water, m]
# name 1 = dz/dtM: Descent Rate [m/s]
# name 2 = sbeox0Mg/L: Oxygen, SBE 43 [mg/l]
# name 3 = sbeox0PS: Oxygen, SBE 43 [% saturation]
# name 4 = specc: Specific Conductance [uS/cm]
# name 5 = c0uS/cm: Conductivity [uS/cm]
# name 6 = flECO-AFL: Fluorescence, WET Labs ECO-AFL/FL [mg/m^3]
# name 7 = ph: pH
# name 8 = orp: Oxidation Reduction Potential [mV]
# name 9 = par/sat/log: PAR/Logarithmic, Satlantic
# name 10 = turbWETntu0: Turbidity, WET Labs ECO [NTU]
# name 11 = prdM: Pressure, Strain Gauge [db]
# name 12 = prdE: Pressure, Strain Gauge [psi]
# name 13 = tv290C: Temperature [ITS-90, deg C]
# name 14 = flag:  0.000e+00
# span 0 =     -0.608,      2.081       
# span 1 =     -0.129,      0.243       
# span 2 =    -0.2868,    10.7896       
# span 3 =     -3.126,    131.063       
# span 4 =      4.422,     73.287       
# span 5 =   4.566531,  64.317600       
# span 6 =    -0.0334,     7.2929       
# span 7 =      8.247,     12.436       
# span 8 = -1240.7266,    33.1653       
# span 9 = 6.0191e+00, 6.8990e+02       
# span 10 =    -0.1173,    78.0637      
# span 11 =     -0.597,      2.040      
# span 12 =     -0.867,      2.959      
# span 13 =    18.8091,    26.6252      
# span 14 = 0.0000e+00, 0.0000e+00      
# interval = seconds: 0.25
# start_time = Jun 29 2026 13:10:17 [Instrument's time stamp, header]
# bad_flag = -9.990e-29
*END*
[from data line 386]
      1.489      0.007    -0.2450     -2.470     48.098  44.802598     2.6372     11.768    -4.2242 1.2433e+01     3.6913      1.461      2.119    21.7035 0.0000e+00
      1.489      0.004    -0.2349     -2.485     48.005  44.718006     2.6355     11.760    -5.0866 1.2488e+01     3.6153      1.460      2.118    21.6492 0.0000e+00
      1.489      0.001    -0.2277     -2.507     48.133  44.848273     2.5351     11.752    -5.8788 1.2505e+01     3.4064      1.460      2.118    21.5903 0.0000e+00
      1.490     -0.003    -0.2195     -2.467     48.382  45.108108     2.3645     11.744    -6.4038 1.2472e+01     3.2839      1.461      2.120    21.5651 0.0000e+00
      1.491     -0.005    -0.2153     -2.341     48.847  45.574450     2.2953     11.737    -6.7874 1.2457e+01     3.3633      1.463      2.123    21.5708 0.0000e+00
      1.491     -0.006    -0.2189     -2.169     49.470  46.170183     2.3142     11.729    -7.0762 1.2559e+01     3.4438      1.464      2.122    21.5686 0.0000e+00
      1.486     -0.006    -0.2227     -1.983     49.943  46.597774     2.3851     11.720    -7.1425 1.2777e+01     3.4381      1.458      2.115    21.5745 0.0000e+00
      1.480     -0.005    -0.2213     -1.808     50.063  46.681499     2.5111     11.712    -7.1587 1.2912e+01     3.3964      1.449      2.102    21.6069 0.0000e+00
      1.477     -0.005    -0.2067     -1.696     49.949  46.547636     2.5985     11.704    -7.2715 1.2850e+01     3.4178      1.446      2.098    21.6515 0.0000e+00
      1.479     -0.004    -0.1912     -1.672     49.845  46.439334     2.6171     11.697    -7.4741 1.2721e+01     3.5262      1.451      2.104    21.6727 0.0000e+00
      1.483     -0.003    -0.1747     -1.739     49.707  46.324264     2.5861     11.689    -7.8021 1.2663e+01     3.5793      1.456      2.111    21.6511 0.0000e+00
      1.483     -0.003    -0.1570     -1.879     49.512  46.172066     2.5321     11.680    -8.1401 1.2728e+01     3.5134      1.457      2.113    21.6177 0.0000e+00
      1.480     -0.004    -0.1467     -2.028     49.360  46.059263     2.4885     11.672    -8.3770 1.2883e+01     3.4131      1.453      2.107    21.5853 0.0000e+00
      1.475     -0.004    -0.1447     -2.145     49.254  45.976130     2.4839     11.665    -8.6005 1.2996e+01     3.4252      1.446      2.098    21.5674 0.0000e+00
      1.473     -0.004    -0.1504     -2.232     49.199  45.928719     2.5096     11.658    -8.8646 1.2999e+01     3.4544      1.443      2.093    21.5855 0.0000e+00
      1.474     -0.001    -0.1654     -2.269     49.337  46.057358     2.5495     11.650    -9.1609 1.2969e+01     3.3912      1.445      2.095    21.6229 0.0000e+00
      1.475      0.002    -0.1803     -2.253     49.840  46.515773     2.5920     11.641    -9.3434 1.2951e+01     3.3099      1.446      2.097    21.6563 0.0000e+00
      1.476      0.003    -0.1887     -2.202     50.426  47.027543     2.5983     11.634    -9.4372 1.2908e+01     3.2227      1.447      2.098    21.6723 0.0000e+00
      1.478      0.001    -0.1982     -2.131     50.693  47.229868     2.6094     11.629    -9.6060 1.2850e+01     3.2593      1.450      2.103    21.6711 0.0000e+00
      1.480     -0.001    -0.2017     -2.085     50.682  47.184427     2.6683     11.623    -9.7504 1.2849e+01     3.3771      1.453      2.107    21.6737 0.0000e+00
      1.480     -0.002    -0.1986     -2.086     50.622  47.112917     2.7358     11.615    -9.8064 1.2943e+01     3.3825      1.453      2.106    21.6716 0.0000e+00
      1.476     -0.001    -0.1955     -2.142     50.641  47.127057     2.7591     11.609   -10.0235 1.3068e+01     3.2910      1.447      2.099    21.6313 0.0000e+00
      1.472      0.002    -0.1863     -2.246     50.689  47.164925     2.7417     11.603   -10.5688 1.3115e+01     3.1920      1.442      2.091    21.5730 0.0000e+00
      1.471      0.007    -0.1825     -2.347     50.663  47.126368     2.7682     11.596   -11.1519 1.3067e+01     3.2105      1.441      2.090    21.5361 0.0000e+00
      1.474      0.011    -0.1828     -2.450     50.516  46.978277     2.8545     11.588   -11.4815 1.2917e+01     3.3780      1.444      2.094    21.5228 0.0000e+00
      1.481      0.014    -0.1860     -2.563     50.429  46.897986     2.9109     11.580   -11.6289 1.2673e+01     3.5438      1.451      2.105    21.5276 0.0000e+00
      1.490      0.015    -0.1997     -2.649     50.574  47.044368     2.9002     11.573   -11.8145 1.2503e+01     3.5416      1.462      2.122    21.5227 0.0000e+00
      1.495      0.014    -0.2067     -2.705     50.821  47.288038     2.7504     11.566   -12.0051 1.2486e+01     3.4883      1.468      2.129    21.5014 0.0000e+00
      1.495      0.012    -0.2152     -2.741     51.047  47.495241     2.4978     11.559   -12.2124 1.2482e+01     3.5481      1.466      2.126    21.4882 0.0000e+00
      1.495      0.008    -0.2280     -2.746     51.166  47.581565     2.3844     11.550   -12.5149 1.2422e+01     3.6832      1.465      2.125    21.4886 0.0000e+00
      1.497      0.005    -0.2348     -2.717     51.040  47.442926     2.4035     11.544   -12.8226 1.2363e+01     3.8246      1.468      2.130    21.5038 0.0000e+00
      1.500      0.004    -0.2385     -2.673     50.854  47.279117     2.3870     11.538   -13.1799 1.2328e+01     3.7206      1.471      2.133    21.5256 0.0000e+00
      1.501      0.005    -0.2433     -2.650     50.861  47.315103     2.3354     11.530   -13.5657 1.2318e+01     3.3819      1.473      2.136    21.5277 0.0000e+00
      1.501      0.007    -0.2432     -2.660     50.828  47.306710     2.3120     11.522   -13.9595 1.2341e+01     3.1796      1.473      2.136    21.4920 0.0000e+00
      1.501      0.007    -0.2409     -2.681     50.463  46.987208     2.3209     11.515   -14.3270 1.2337e+01     3.1871      1.471      2.133    21.4543 0.0000e+00
      1.503      0.006    -0.2355     -2.705     49.902  46.499326     2.3258     11.506   -14.6541 1.2236e+01     3.2340      1.472      2.135    21.4710 0.0000e+00
      1.508      0.004    -0.2319     -2.714     49.631  46.296092     2.3468     11.496   -15.1608 1.2109e+01     3.2348      1.479      2.146    21.5163 0.0000e+00
      1.512      0.001    -0.2352     -2.709     49.811  46.497985     2.4158     11.488   -15.9802 1.2086e+01     3.2644      1.484      2.153    21.5332 0.0000e+00
      1.512     -0.002    -0.2358     -2.689     49.982  46.655064     2.4699     11.481   -16.9888 1.2176e+01     3.3188      1.484      2.152    21.5435 0.0000e+00
      1.508     -0.003    -0.2392     -2.626     50.019  46.671719     2.5013     11.473   -18.0646 1.2299e+01     3.4144      1.480      2.147    21.5773 0.0000e+00
      1.503     -0.003    -0.2395     -2.521     50.186  46.826296     2.6041     11.464   -19.0931 1.2395e+01     3.5668      1.473      2.138    21.6392 0.0000e+00
      1.499      0.001    -0.2381     -2.404     50.433  47.063904     2.7310     11.454   -19.7879 1.2404e+01     3.6579      1.468      2.129    21.6889 0.0000e+00
      1.500      0.006    -0.2383     -2.296     50.652  47.259180     2.7709     11.444   -20.1843 1.2314e+01     3.6615      1.469      2.131    21.6723 0.0000e+00
      1.505      0.010    -0.2326     -2.231     50.849  47.409770     2.7690     11.435   -20.5307 1.2161e+01     3.6452      1.475      2.139    21.6386 0.0000e+00
      1.512      0.011    -0.2219     -2.220     50.910  47.424448     2.7667     11.428   -20.7922 1.1992e+01     3.7679      1.483      2.151    21.6429 0.0000e+00
      1.518      0.010    -0.2116     -2.237     50.898  47.373101     2.7437     11.423   -20.9366 1.1910e+01     3.9829      1.490      2.162    21.6628 0.0000e+00
      1.520      0.007    -0.2006     -2.292     51.185  47.614202     2.7063     11.418   -21.0725 1.1955e+01     3.9911      1.492      2.165    21.6556 0.0000e+00
      1.519      0.003    -0.1942     -2.398     51.731  48.117491     2.6731     11.411   -21.2302 1.2053e+01     3.8670      1.490      2.162    21.6164 0.0000e+00
      1.516      0.002    -0.1956     -2.512     52.144  48.506280     2.6833     11.404   -21.4669 1.2109e+01     3.8824      1.486      2.155    21.5707 0.0000e+00
      1.514      0.003    -0.1963     -2.592     52.423  48.759666     2.7455     11.396   -22.2140 1.2081e+01     4.0070      1.484      2.153    21.5272 0.0000e+00
      1.515      0.008    -0.1999     -2.640     52.663  48.958998     2.8015     11.390   -23.6387 1.2021e+01     4.1091      1.486      2.155    21.4966 0.0000e+00
      1.518      0.017    -0.2116     -2.690     53.182  49.392583     2.8282     11.383   -25.0983 1.1961e+01     4.1268      1.488      2.159    21.4976 0.0000e+00
      1.521      0.027    -0.2234     -2.752     53.923  50.001943     2.9104     11.373   -26.3537 1.1854e+01     4.0503      1.490      2.162    21.5137 0.0000e+00
      1.528      0.031    -0.2296     -2.804     53.859  49.850269     3.0460     11.360   -28.1483 1.1590e+01     3.9688      1.496      2.169    21.5045 0.0000e+00
      1.541      0.027    -0.2335     -2.866     53.108  49.082440     3.1284     11.347   -30.6213 1.1150e+01     3.9958      1.509      2.188    21.4853 0.0000e+00
      1.559      0.020    -0.2362     -2.945     52.659  48.654711     3.1486     11.333   -32.8519 1.0787e+01     4.0691      1.532      2.222    21.4447 0.0000e+00
      1.570      0.012    -0.2450     -3.009     52.776  48.805604     3.0161     11.320   -34.3838 1.0817e+01     3.9668      1.546      2.243    21.3654 0.0000e+00
      1.565      0.006    -0.2482     -3.076     53.216  49.256149     2.7326     11.307   -35.3768 1.1144e+01     3.6821      1.537      2.230    21.2682 0.0000e+00
      1.551      0.002    -0.2529     -3.126     53.578  49.594386     2.5589     11.294   -36.0812 1.1348e+01     3.4620      1.518      2.203    21.1813 0.0000e+00
      1.544      0.000    -0.2640     -3.121     53.744  49.720606     2.5472     11.282   -36.8779 1.1254e+01     3.4575      1.510      2.190    21.1692 0.0000e+00
      1.548      0.002    -0.2657     -3.099     53.617  49.575849     2.5661     11.270   -38.1268 1.1024e+01     3.5250      1.516      2.199    21.2334 0.0000e+00
      1.558      0.006    -0.2728     -3.072     53.259  49.240948     2.6050     11.258   -39.8252 1.0849e+01     3.5947      1.529      2.217    21.2941 0.0000e+00
      1.565      0.008    -0.2801     -3.018     53.017  49.036451     2.6675     11.246   -41.4088 1.0809e+01     3.7201      1.537      2.230    21.2884 0.0000e+00
      1.568      0.008    -0.2768     -2.956     53.023  49.071569     2.6805     11.235   -42.5610 1.0891e+01     3.7094      1.539      2.233    21.2496 0.0000e+00
      1.565      0.005    -0.2746     -2.896     53.228  49.284654     2.6790     11.225   -43.5190 1.1005e+01     3.6696      1.535      2.226    21.2178 0.0000e+00
      1.562      0.004    -0.2746     -2.831     53.630  49.644625     2.7742     11.215   -44.3012 1.1058e+01     3.7851      1.531      2.220    21.2136 0.0000e+00
      1.561      0.005    -0.2676     -2.776     54.010  49.931816     2.9247     11.205   -44.7049 1.1034e+01     3.8756      1.530      2.218    21.2385 0.0000e+00
      1.563      0.006    -0.2617     -2.729     54.057  49.899758     2.9846     11.195   -44.8731 1.0941e+01     3.8082      1.533      2.222    21.2677 0.0000e+00
      1.568      0.008    -0.2575     -2.689     53.947  49.764864     2.9567     11.185   -45.1304 1.0826e+01     3.6531      1.538      2.231    21.3029 0.0000e+00
      1.573      0.008    -0.2501     -2.696     54.002  49.824636     2.9035     11.176   -45.5785 1.0771e+01     3.5373      1.544      2.239    21.3030 0.0000e+00
      1.575      0.008    -0.2461     -2.748     54.301  50.114521     2.8400     11.167   -46.1613 1.0782e+01     3.5017      1.546      2.242    21.2260 0.0000e+00
      1.575      0.008    -0.2433     -2.800     54.704  50.476105     2.8227     11.160   -46.7559 1.0785e+01     3.5642      1.544      2.240    21.1306 0.0000e+00
      1.575      0.008    -0.2369     -2.847     54.923  50.640761     2.8192     11.153   -47.1755 1.0735e+01     3.5757      1.543      2.238    21.1005 0.0000e+00
      1.576      0.008    -0.2378     -2.895     54.898  50.581412     2.8140     11.146   -47.4498 1.0625e+01     3.4361      1.544      2.240    21.1270 0.0000e+00
      1.580      0.008    -0.2449     -2.941     54.851  50.520423     2.8513     11.137   -47.9216 1.0488e+01     3.2766      1.549      2.247    21.1505 0.0000e+00
      1.585      0.009    -0.2491     -2.991     54.807  50.474789     2.9038     11.127   -48.6635 1.0422e+01     3.2189      1.556      2.256    21.1416 0.0000e+00
      1.587      0.011    -0.2530     -3.036     54.742  50.410633     2.9336     11.118   -49.7082 1.0433e+01     3.2842      1.557      2.259    21.0975 0.0000e+00
      1.587      0.012    -0.2582     -3.064     54.781  50.443165     2.8370     11.108   -51.1746 1.0421e+01     3.3155      1.556      2.257    21.0530 0.0000e+00
      1.588      0.013    -0.2617     -3.074     54.903  50.550655     2.6425     11.097   -52.9720 1.0347e+01     3.2213      1.557      2.258    21.0435 0.0000e+00
      1.592      0.017    -0.2663     -3.064     54.870  50.503845     2.5456     11.085   -55.0927 1.0236e+01     3.1363      1.561      2.264    21.0453 0.0000e+00
      1.598      0.022    -0.2714     -3.046     54.568  50.194630     2.5570     11.075   -57.2862 1.0103e+01     3.1750      1.567      2.272    21.0380 0.0000e+00
      1.604      0.026    -0.2730     -3.035     54.398  49.986692     2.5724     11.066   -59.2728 9.9623e+00     3.2116      1.573      2.281    21.0353 0.0000e+00
      1.611      0.028    -0.2748     -3.009     54.442  49.957967     2.5394     11.058   -61.3033 9.7821e+00     3.0998      1.580      2.290    21.0368 0.0000e+00
      1.621      0.028    -0.2733     -2.963     54.255  49.720220     2.4917     11.049   -63.5104 9.5622e+00     2.9843      1.588      2.304    21.0207 0.0000e+00
      1.631      0.026    -0.2708     -2.936     53.957  49.397802     2.4786     11.039   -65.5670 9.3821e+00     2.9778      1.601      2.321    20.9929 0.0000e+00
      1.638      0.023    -0.2713     -2.934     53.880  49.297743     2.4975     11.030   -67.2415 9.2826e+00     3.0552      1.608      2.334    20.9490 0.0000e+00
      1.643      0.019    -0.2705     -2.939     53.926  49.335780     2.5280     11.022   -68.6989 9.2454e+00     3.1687      1.611      2.337    20.8741 0.0000e+00
      1.645      0.017    -0.2636     -2.955     53.918  49.349758     2.5394     11.013   -70.1969 9.2295e+00     3.2220      1.613      2.339    20.8093 0.0000e+00
      1.646      0.015    -0.2618     -2.974     53.874  49.339800     2.5199     11.002   -71.5874 9.1912e+00     3.1534      1.613      2.340    20.7646 0.0000e+00
      1.650      0.015    -0.2637     -3.001     53.866  49.342400     2.4915     10.991   -72.6044 9.1032e+00     3.0234      1.617      2.345    20.7342 0.0000e+00
      1.655      0.016    -0.2618     -3.035     53.916  49.381220     2.4950     10.982   -73.4599 8.9891e+00     3.0154      1.623      2.354    20.7297 0.0000e+00
      1.660      0.016    -0.2654     -3.056     53.969  49.428200     2.5212     10.973   -74.4455 8.8948e+00     3.0916      1.629      2.363    20.7524 0.0000e+00
      1.665      0.015    -0.2656     -3.073     53.938  49.402487     2.5335     10.964   -75.6599 8.8115e+00     3.1251      1.633      2.368    20.7978 0.0000e+00
      1.669      0.013    -0.2678     -3.085     53.861  49.324297     2.5188     10.954   -77.3869 8.7267e+00     3.1131      1.637      2.375    20.8047 0.0000e+00
      1.673      0.009    -0.2731     -3.097     53.800  49.244714     2.4517     10.946   -79.6679 8.6613e+00     3.0483      1.641      2.380    20.7822 0.0000e+00
