Data/DataNotYetUploadedToEDI/Raw_CTD/RawDownloads/062926_fcr50_S7809018.cnv
* Sea-Bird SBE19plus  Data File:
* FileName = C:\R\Reservoirs\Data\DataNotYetUploadedToEDI\Raw_CTD\RawDownloads\062926_fcr50_S7809_0018.hex
* Software version 2.8.0.119
* Temperature SN = 7809
* Conductivity SN = 7809
* System UpLoad Time = Jun 30 2026 09:09:59
* <ApplicationData>
* <Seaterm232>
# nquan = 15
# nvalues = 1759                        
# units = specified
# name 0 = depFM: Depth [fresh water, m]
# name 1 = dz/dtM: Descent Rate [m/s]
# name 2 = sbeox0Mg/L: Oxygen, SBE 43 [mg/l]
# name 3 = sbeox0PS: Oxygen, SBE 43 [% saturation]
# name 4 = specc: Specific Conductance [uS/cm]
# name 5 = c0uS/cm: Conductivity [uS/cm]
# name 6 = flECO-AFL: Fluorescence, WET Labs ECO-AFL/FL [mg/m^3]
# name 7 = ph: pH
# name 8 = orp: Oxidation Reduction Potential [mV]
# name 9 = par/sat/log: PAR/Logarithmic, Satlantic
# name 10 = turbWETntu0: Turbidity, WET Labs ECO [NTU]
# name 11 = prdM: Pressure, Strain Gauge [db]
# name 12 = prdE: Pressure, Strain Gauge [psi]
# name 13 = tv290C: Temperature [ITS-90, deg C]
# name 14 = flag:  0.000e+00
# span 0 =     -0.595,      9.537       
# span 1 =     -0.130,      0.218       
# span 2 =    -0.8768,    11.4282       
# span 3 =     -7.422,    136.353       
# span 4 =      3.027,    316.575       
# span 5 =   2.701309, 220.778600       
# span 6 =    -0.0954,     3.7152       
# span 7 =      9.371,     12.555       
# span 8 =  -383.0249,  -102.0304       
# span 9 = 1.2358e-01, 8.3573e+02       
# span 10 =    -0.2644,   143.8499      
# span 11 =     -0.585,      9.354      
# span 12 =     -0.848,     13.567      
# span 13 =     9.8657,    25.2683      
# span 14 = 0.0000e+00, 0.0000e+00      
# interval = seconds: 0.25
# start_time = Jun 29 2026 13:50:18 [Instrument's time stamp, header]
# bad_flag = -9.990e-29
*END*
[from data line 1157]
      5.396      0.060     6.4653     57.415     50.842  35.621874     0.2495      9.811  -190.0771 1.2923e-01    10.4657      5.291      7.674    10.0251 0.0000e+00
      5.419      0.058     6.4663     57.455     50.874  35.646378     0.2410      9.811  -190.0811 1.2647e-01    10.4225      5.319      7.714    10.0255 0.0000e+00
      5.433      0.056     6.4676     57.504     50.880  35.652667     0.2225      9.810  -190.2327 1.2443e-01    10.4045      5.333      7.734    10.0273 0.0000e+00
      5.438      0.053     6.4746     57.516     50.855  35.634464     0.2425      9.808  -190.2752 1.2564e-01    10.4530      5.332      7.733    10.0280 0.0000e+00
      5.443      0.051     6.4743     57.491     50.833  35.616639     0.2825      9.807  -190.2507 1.2692e-01    10.4271      5.334      7.736    10.0286 0.0000e+00
      5.457      0.049     6.4783     57.453     50.852  35.627500     0.2985      9.805  -190.0232 1.2550e-01    10.3313      5.350      7.760    10.0325 0.0000e+00
      5.476      0.049     6.4875     57.408     50.870  35.638880     0.2940      9.803  -189.5893 1.2391e-01    10.3197      5.369      7.788    10.0349 0.0000e+00
      5.494      0.049     6.4876     57.360     50.855  35.627324     0.2701      9.802  -189.3064 1.2376e-01    10.2864      5.390      7.818    10.0335 0.0000e+00
      5.508      0.048     6.4841     57.320     50.838  35.614684     0.2506      9.801  -189.2697 1.2378e-01    10.2357      5.405      7.838    10.0306 0.0000e+00
      5.515      0.045     6.4803     57.295     50.836  35.612955     0.2412      9.800  -189.2319 1.2377e-01    10.1847      5.408      7.844    10.0282 0.0000e+00
      5.520      0.044     6.4755     57.283     50.826  35.606415     0.2400      9.798  -188.9357 1.2373e-01    10.0801      5.410      7.847    10.0267 0.0000e+00
      5.530      0.047     6.4694     57.297     50.815  35.599063     0.2533      9.796  -188.6142 1.2375e-01    10.0297      5.421      7.863    10.0253 0.0000e+00
      5.544      0.059     6.4648     57.330     50.796  35.587513     0.2686      9.794  -188.6140 1.2380e-01    10.0885      5.436      7.885    10.0248 0.0000e+00
      5.558      0.077     6.4627     57.347     50.803  35.593658     0.2913      9.794  -188.7604 1.2384e-01    10.1755      5.451      7.906    10.0246 0.0000e+00
      5.573      0.092     6.4605     57.360     50.825  35.609909     0.2950      9.794  -188.8354 1.2381e-01    10.1600      5.463      7.922    10.0247 0.0000e+00
      5.598      0.101     6.4610     57.391     50.800  35.593657     0.2558      9.793  -188.7469 1.2379e-01    10.0712      5.482      7.950    10.0257 0.0000e+00
      5.638      0.103     6.4682     57.423     50.790  35.587512     0.2074      9.791  -188.6369 1.2382e-01    10.0240      5.528      8.018    10.0273 0.0000e+00
      5.679      0.100     6.4681     57.444     50.805  35.599063     0.2014      9.789  -188.6241 1.2380e-01    10.0678      5.578      8.089    10.0286 0.0000e+00
      5.704      0.094     6.4676     57.458     50.814  35.606421     0.2335      9.789  -188.5919 1.2379e-01    10.1570      5.599      8.120    10.0301 0.0000e+00
      5.716      0.084     6.4727     57.453     50.820  35.613019     0.2369      9.787  -188.5050 1.2387e-01    10.1457      5.605      8.129    10.0309 0.0000e+00
      5.729      0.072     6.4770     57.425     50.820  35.615386     0.2099      9.785  -188.3475 1.2388e-01    10.0682      5.618      8.148    10.0308 0.0000e+00
      5.745      0.061     6.4781     57.372     50.846  35.635045     0.2065      9.783  -188.2368 1.2381e-01    10.0737      5.634      8.170    10.0323 0.0000e+00
      5.765      0.054     6.4808     57.294     50.881  35.660363     0.2285      9.783  -188.3718 1.2375e-01    10.1441      5.652      8.198    10.0329 0.0000e+00
      5.785      0.050     6.4801     57.226     50.888  35.667691     0.2601      9.782  -188.5171 1.2373e-01    10.1679      5.676      8.233    10.0347 0.0000e+00
      5.796      0.046     6.4756     57.183     50.876  35.660203     0.2801      9.781  -188.4444 1.2374e-01    10.1220      5.689      8.251    10.0395 0.0000e+00
      5.800      0.044     6.4712     57.159     50.841  35.633277     0.2714      9.779  -188.3534 1.2373e-01    10.0675      5.686      8.248    10.0395 0.0000e+00
      5.805      0.042     6.4592     57.172     50.794  35.595936     0.2704      9.777  -188.2779 1.2373e-01    10.0892      5.689      8.251    10.0395 0.0000e+00
      5.816      0.042     6.4507     57.210     50.789  35.589420     0.2770      9.776  -188.1333 1.2377e-01    10.1459      5.702      8.270    10.0439 0.0000e+00
      5.831      0.042     6.4468     57.233     50.834  35.617945     0.2759      9.775  -188.0677 1.2376e-01    10.1040      5.717      8.292    10.0452 0.0000e+00
      5.846      0.042     6.4433     57.264     50.847  35.623567     0.2824      9.774  -188.0871 1.2372e-01    10.0266      5.734      8.316    10.0416 0.0000e+00
      5.859      0.041     6.4446     57.298     50.809  35.593932     0.2802      9.771  -188.1090 1.2372e-01    10.0645      5.750      8.338    10.0368 0.0000e+00
      5.867      0.038     6.4542     57.292     50.787  35.576888     0.2830      9.769  -188.1606 1.2378e-01    10.1866      5.756      8.347    10.0345 0.0000e+00
      5.872      0.036     6.4538     57.291     50.833  35.607847     0.2835      9.769  -188.1950 1.2380e-01    10.2044      5.757      8.350    10.0319 0.0000e+00
      5.878      0.035     6.4570     57.327     50.896  35.650996     0.2692      9.769  -188.1810 1.2377e-01    10.1088      5.763      8.359    10.0277 0.0000e+00
      5.887      0.038     6.4673     57.373     50.901  35.654427     0.2674      9.767  -188.1626 1.2376e-01    10.0550      5.772      8.373    10.0246 0.0000e+00
      5.898      0.044     6.4613     57.414     50.894  35.649341     0.2701      9.765  -188.1451 1.2375e-01    10.1001      5.784      8.389    10.0231 0.0000e+00
      5.909      0.049     6.4606     57.466     50.899  35.652949     0.2853      9.763  -188.1412 1.2377e-01    10.2451      5.794      8.405    10.0219 0.0000e+00
      5.923      0.053     6.4667     57.517     50.874  35.634607     0.2935      9.761  -188.1157 1.2384e-01    10.3388      5.807      8.423    10.0209 0.0000e+00
      5.939      0.054     6.4728     57.547     50.851  35.617917     0.2693      9.760  -188.0089 1.2381e-01    10.2765      5.824      8.447    10.0208 0.0000e+00
      5.955      0.051     6.4761     57.574     50.885  35.641505     0.2513      9.760  -187.8825 1.2373e-01    10.2103      5.840      8.471    10.0209 0.0000e+00
      5.969      0.044     6.4817     57.572     50.921  35.665996     0.2670      9.759  -187.7917 1.2369e-01    10.2209      5.853      8.490    10.0204 0.0000e+00
      5.982      0.034     6.4912     57.527     50.911  35.660232     0.3006      9.758  -187.7718 1.2369e-01    10.2330      5.866      8.508    10.0199 0.0000e+00
      5.993      0.027     6.4902     57.498     50.871  35.635270     0.3000      9.757  -187.8135 1.2375e-01    10.1527      5.881      8.529    10.0195 0.0000e+00
      5.996      0.024     6.4966     57.523     50.842  35.617990     0.2677      9.756  -187.9518 1.2381e-01    10.0359      5.885      8.536    10.0191 0.0000e+00
      5.990      0.023     6.4981     57.591     50.876  35.641651     0.2514      9.755  -188.1543 1.2380e-01    10.0498      5.872      8.516    10.0187 0.0000e+00
      5.989      0.018     6.4883     57.659     50.915  35.667551     0.2611      9.753  -188.1108 1.2377e-01    10.2186      5.865      8.506    10.0188 0.0000e+00
      6.002      0.011     6.4835     57.720     50.928  35.677332     0.2856      9.751  -187.8555 1.2373e-01    10.4032      5.884      8.534    10.0231 0.0000e+00
      6.020      0.006     6.4855     57.789     50.948  35.696464     0.2892      9.749  -187.7348 1.2369e-01    10.4376      5.910      8.572    10.0274 0.0000e+00
      6.024      0.002     6.4970     57.844     50.951  35.708527     0.2708      9.748  -187.6840 1.2367e-01    10.3606      5.915      8.579    10.0256 0.0000e+00
      6.013     -0.002     6.5045     57.874     50.919  35.696290     0.2556      9.747  -187.6713 1.2369e-01    10.3604      5.897      8.552    10.0230 0.0000e+00
      5.999     -0.006     6.5096     57.895     50.878  35.675423     0.2471      9.745  -187.8397 1.2371e-01    10.4347      5.878      8.525    10.0229 0.0000e+00
      5.994     -0.006     6.5189     57.895     50.833  35.646593     0.2511      9.744  -188.0852 1.2370e-01    10.4734      5.875      8.521    10.0277 0.0000e+00
      5.998     -0.001     6.5241     57.855     50.770  35.601522     0.2447      9.742  -188.2303 1.2368e-01    10.4194      5.882      8.531    10.0394 0.0000e+00
      6.004      0.007     6.5235     57.775     50.736  35.574630     0.2195      9.740  -188.2182 1.2373e-01    10.2935      5.890      8.541    10.0512 0.0000e+00
      6.008      0.014     6.5261     57.678     50.744  35.575244     0.2135      9.740  -188.1104 1.2382e-01    10.2492      5.893      8.546    10.0587 0.0000e+00
      6.011      0.017     6.5265     57.586     50.800  35.608943     0.2217      9.739  -187.9596 1.2387e-01    10.2254      5.895      8.551    10.0615 0.0000e+00
      6.014      0.019     6.5222     57.508     50.887  35.664809     0.2279      9.738  -188.0290 1.2388e-01    10.1431      5.897      8.554    10.0602 0.0000e+00
      6.017      0.021     6.5127     57.437     50.912  35.679648     0.2462      9.737  -188.4331 1.2386e-01    10.1415      5.900      8.557    10.0562 0.0000e+00
      6.022      0.023     6.5011     57.371     50.891  35.661461     0.2682      9.736  -188.8023 1.2383e-01    10.2397      5.905      8.564    10.0515 0.0000e+00
      6.031      0.024     6.4921     57.358     50.857  35.635265     0.2856      9.733  -188.8791 1.2380e-01    10.3744      5.914      8.578    10.0454 0.0000e+00
      6.041      0.024     6.4835     57.401     50.831  35.616712     0.2826      9.731  -188.7593 1.2376e-01    10.4044      5.925      8.593    10.0400 0.0000e+00
      6.047      0.023     6.4783     57.446     50.847  35.627492     0.2645      9.731  -188.7308 1.2376e-01    10.2948      5.932      8.603    10.0381 0.0000e+00
      6.050      0.020     6.4666     57.485     50.866  35.638711     0.2589      9.732  -188.8793 1.2376e-01    10.2108      5.933      8.605    10.0344 0.0000e+00
      6.054      0.017     6.4657     57.544     50.850  35.625445     0.2730      9.732  -189.0914 1.2373e-01    10.2764      5.936      8.609    10.0315 0.0000e+00
      6.059      0.016     6.4746     57.620     50.806  35.593999     0.3012      9.731  -189.2299 1.2372e-01    10.4053      5.942      8.618    10.0324 0.0000e+00
      6.063      0.017     6.4790     57.688     50.777  35.575758     0.2841      9.730  -189.1775 1.2373e-01    10.4365      5.947      8.625    10.0322 0.0000e+00
      6.064      0.017     6.4824     57.740     50.801  35.595247     0.2246      9.728  -189.0600 1.2368e-01    10.4835      5.946      8.624    10.0296 0.0000e+00
      6.069      0.017     6.4891     57.768     50.860  35.639286     0.1971      9.726  -189.0149 1.2367e-01    10.5630      5.948      8.628    10.0267 0.0000e+00
      6.078      0.020     6.5005     57.778     50.890  35.664074     0.2102      9.725  -189.0616 1.2375e-01    10.5780      5.961      8.646    10.0261 0.0000e+00
      6.083      0.028     6.5062     57.794     50.856  35.641158     0.2242      9.725  -189.1944 1.2383e-01    10.5624      5.969      8.657    10.0295 0.0000e+00
      6.084      0.038     6.5130     57.805     50.826  35.616011     0.2088      9.725  -189.3295 1.2388e-01    10.4422      5.965      8.652    10.0313 0.0000e+00
      6.089      0.048     6.5161     57.790     50.833  35.613830     0.1905      9.725  -189.4907 1.2387e-01    10.2869      5.965      8.653    10.0331 0.0000e+00
      6.104      0.054     6.5141     57.770     50.843  35.614780     0.2020      9.724  -189.5942 1.2381e-01    10.2898      5.982      8.677    10.0387 0.0000e+00
      6.128      0.056     6.5165     57.768     50.867  35.627489     0.2318      9.722  -189.3771 1.2376e-01    10.4084      6.010      8.716    10.0410 0.0000e+00
      6.152      0.056     6.5201     57.784     50.888  35.640584     0.2676      9.720  -189.0172 1.2373e-01    10.3545      6.036      8.755    10.0354 0.0000e+00
      6.168      0.051     6.5186     57.822     50.896  35.646206     0.2850      9.720  -188.8565 1.2378e-01    10.1167      6.052      8.778    10.0271 0.0000e+00
      6.175      0.041     6.5152     57.860     50.874  35.632008     0.2680      9.719  -189.0682 1.2385e-01    10.0269      6.056      8.784    10.0209 0.0000e+00
      6.178      0.031     6.5175     57.896     50.821  35.595825     0.2702      9.718  -189.5122 1.2387e-01    10.1234      6.058      8.786    10.0168 0.0000e+00
      6.183      0.024     6.5173     57.950     50.811  35.589430     0.3033      9.718  -189.4926 1.2386e-01    10.2586      6.062      8.792    10.0154 0.0000e+00
      6.190      0.020     6.5240     58.009     50.852  35.618133     0.3188      9.717  -189.0896 1.2380e-01    10.3289      6.070      8.805    10.0159 0.0000e+00
      6.196      0.020     6.5284     58.072     50.864  35.625617     0.3078      9.716  -188.8551 1.2369e-01    10.2904      6.078      8.815    10.0171 0.0000e+00
      6.201      0.021     6.5294     58.137     50.852  35.616472     0.2867      9.714  -188.7225 1.2361e-01    10.2711      6.081      8.819    10.0188 0.0000e+00
      6.205      0.021     6.5383     58.179     50.878  35.634453     0.2720      9.713  -188.6907 1.2363e-01    10.3008      6.083      8.823    10.0196 0.0000e+00
      6.210      0.021     6.5435     58.183     50.903  35.652670     0.2466      9.712  -188.7292 1.2372e-01    10.2049      6.090      8.833    10.0193 0.0000e+00
      6.215      0.021     6.5513     58.159     50.892  35.646383     0.2124      9.712  -188.6707 1.2373e-01    10.0340      6.096      8.841    10.0184 0.0000e+00
      6.221      0.022     6.5598     58.118     50.857  35.621892     0.1996      9.711  -188.5864 1.2368e-01     9.9772      6.100      8.847    10.0170 0.0000e+00
      6.227      0.023     6.5659     58.083     50.841  35.610355     0.2078      9.710  -188.5701 1.2371e-01    10.0988      6.106      8.856    10.0166 0.0000e+00
      6.234      0.023     6.5646     58.060     50.874  35.633793     0.2285      9.709  -188.5597 1.2382e-01    10.3428      6.113      8.867    10.0179 0.0000e+00
      6.239      0.022     6.5622     58.033     50.896  35.651473     0.2331      9.708  -188.5465 1.2385e-01    10.4336      6.119      8.875    10.0193 0.0000e+00
      6.245      0.021     6.5562     58.016     50.865  35.633777     0.2146      9.707  -188.6686 1.2378e-01    10.3089      6.124      8.882    10.0197 0.0000e+00
      6.251      0.020     6.5511     58.025     50.825  35.610184     0.2040      9.706  -188.9185 1.2369e-01    10.2359      6.130      8.891    10.0183 0.0000e+00
      6.256      0.019     6.5513     58.062     50.832  35.620029     0.2138      9.705  -188.9001 1.2365e-01    10.3021      6.135      8.898    10.0185 0.0000e+00
      6.260      0.019     6.5455     58.092     50.833  35.625908     0.2325      9.704  -188.6182 1.2371e-01    10.3921      6.140      8.905    10.0211 0.0000e+00
      6.263      0.019     6.5435     58.088     50.818  35.617817     0.2309      9.703  -188.4349 1.2375e-01    10.4006      6.142      8.908    10.0245 0.0000e+00
      6.267      0.019     6.5422     58.073     50.860  35.649112     0.2099      9.702  -188.3184 1.2371e-01    10.3367      6.145      8.911    10.0296 0.0000e+00
      6.274      0.018     6.5482     58.082     50.909  35.687029     0.2123      9.700  -188.5868 1.2372e-01    10.3037      6.152      8.922    10.0355 0.0000e+00
