Data/DataNotYetUploadedToEDI/Raw_CTD/RawDownloads/062926_fcr20_S7809015.cnv
* Sea-Bird SBE19plus  Data File:
* FileName = C:\R\Reservoirs\Data\DataNotYetUploadedToEDI\Raw_CTD\RawDownloads\062926_fcr50_S7809_0015.hex
* Software version 2.8.0.119
* Temperature SN = 7809
* Conductivity SN = 7809
* System UpLoad Time = Jun 30 2026 09:07:59
* <ApplicationData>
* <Seaterm232>
# nquan = 15
# nvalues = 1497                        
# units = specified
# name 0 = depFM: Depth [fresh water, m]
# name 1 = dz/dtM: Descent Rate [m/s]
# name 2 = sbeox0Mg/L: Oxygen, SBE 43 [mg/l]
# name 3 = sbeox0PS: Oxygen, SBE 43 [% saturation]
# name 4 = specc: Specific Conductance [uS/cm]
# name 5 = c0uS/cm: Conductivity [uS/cm]
# name 6 = flECO-AFL: Fluorescence, WET Labs ECO-AFL/FL [mg/m^3]
# name 7 = ph: pH
# name 8 = orp: Oxidation Reduction Potential [mV]
# name 9 = par/sat/log: PAR/Logarithmic, Satlantic
# name 10 = turbWETntu0: Turbidity, WET Labs ECO [NTU]
# name 11 = prdM: Pressure, Strain Gauge [db]
# name 12 = prdE: Pressure, Strain Gauge [psi]
# name 13 = tv290C: Temperature [ITS-90, deg C]
# name 14 = flag:  0.000e+00
# span 0 =     -0.599,      3.077       
# span 1 =     -0.088,      0.236       
# span 2 =    -0.2328,    10.4878       
# span 3 =     -2.384,    127.052       
# span 4 =      2.723,     79.987       
# span 5 =   2.661935,  62.579770       
# span 6 =    -0.0808,    47.0811       
# span 7 =      9.792,     12.459       
# span 8 =  -679.4980,    95.3719       
# span 9 = 1.2359e-01, 8.0524e+02       
# span 10 =    -0.2100,   215.4975      
# span 11 =     -0.588,      3.020      
# span 12 =     -0.853,      4.380      
# span 13 =    14.1050,    25.6745      
# span 14 = 0.0000e+00, 0.0000e+00      
# interval = seconds: 0.25
# start_time = Jun 29 2026 13:18:20 [Instrument's time stamp, header]
# bad_flag = -9.990e-29
*END*
[from data line 97]
      0.116      0.019     7.4328     88.781     38.195  38.462922     1.1965     12.361   -16.3089 2.9429e+02    12.3861      0.115      0.167    25.3495 0.0000e+00
      0.125      0.016     7.3831     88.230     38.416  38.685071     1.1723     12.363   -16.4881 2.9026e+02    12.3791      0.126      0.182    25.3480 0.0000e+00
      0.127      0.011     7.3570     87.651     38.406  38.673825     1.1645     12.365   -16.4849 2.9121e+02    12.4212      0.127      0.185    25.3451 0.0000e+00
      0.123      0.005     7.3284     87.102     38.126  38.390408     1.1854     12.367   -16.3562 2.9313e+02    12.4502      0.120      0.174    25.3445 0.0000e+00
      0.119      0.000     7.2926     86.525     37.852  38.113870     1.2170     12.367   -16.1365 2.9183e+02    12.3551      0.114      0.165    25.3450 0.0000e+00
      0.120     -0.002     7.2447     85.863     37.734  37.995414     1.2140     12.367   -15.9795 2.8935e+02    12.1926      0.116      0.169    25.3430 0.0000e+00
      0.123     -0.001     7.1936     85.143     37.713  37.973473     1.1985     12.367   -15.9205 2.8976e+02    12.1596      0.122      0.176    25.3416 0.0000e+00
      0.124      0.000     7.1528     84.457     37.717  37.975497     1.1960     12.368   -15.8525 2.9273e+02    12.1962      0.123      0.178    25.3401 0.0000e+00
      0.122      0.002     7.1076     83.913     37.701  37.956426     1.1929     12.369   -15.6738 2.9556e+02    12.1906      0.119      0.173    25.3384 0.0000e+00
      0.120      0.003     7.0520     83.533     37.617  37.869791     1.2107     12.370   -15.5671 2.9638e+02    12.1260      0.117      0.169    25.3392 0.0000e+00
      0.120      0.003     6.9903     83.222     37.504  37.752925     1.2201     12.370   -15.5950 2.9518e+02    12.0649      0.117      0.170    25.3396 0.0000e+00
      0.122      0.003     6.9299     82.856     37.440  37.685596     1.2063     12.370   -15.6667 2.9235e+02    12.1684      0.119      0.174    25.3368 0.0000e+00
      0.126      0.003     6.8851     82.384     37.447  37.690270     1.2016     12.371   -15.9176 2.8905e+02    12.3525      0.124      0.180    25.3333 0.0000e+00
      0.129      0.002     6.8574     81.849     37.505  37.745968     1.1967     12.372   -16.1332 2.8702e+02    12.4123      0.127      0.185    25.3305 0.0000e+00
      0.129     -0.000     6.8372     81.345     37.549  37.787940     1.1887     12.373   -16.1228 2.8686e+02    12.3113      0.128      0.185    25.3265 0.0000e+00
      0.127     -0.003     6.8089     80.939     37.517  37.753563     1.1713     12.375   -16.0502 2.8785e+02    12.1554      0.125      0.182    25.3220 0.0000e+00
      0.124     -0.005     6.7691     80.596     37.413  37.647591     1.1780     12.375   -15.9441 2.8858e+02    12.1673      0.120      0.176    25.3182 0.0000e+00
      0.122     -0.005     6.7227     80.254     37.290  37.521918     1.2198     12.376   -15.7858 2.8935e+02    12.3177      0.118      0.172    25.3143 0.0000e+00
      0.120     -0.004     6.6785     79.846     37.210  37.439697     1.2433     12.376   -15.6853 2.9050e+02    12.3692      0.118      0.171    25.3110 0.0000e+00
      0.120     -0.003     6.6478     79.331     37.186  37.414907     1.2298     12.376   -15.5891 2.9168e+02    12.2435      0.118      0.171    25.3094 0.0000e+00
      0.121     -0.002     6.6213     78.768     37.186  37.412538     1.1975     12.376   -15.4825 2.9297e+02    12.0265      0.118      0.171    25.3076 0.0000e+00
      0.121     -0.001     6.5950     78.215     37.187  37.411054     1.1941     12.377   -15.5147 2.9433e+02    11.9659      0.119      0.172    25.3049 0.0000e+00
      0.120     -0.001     6.5651     77.706     37.175  37.396960     1.2218     12.378   -15.5494 2.9519e+02    12.0924      0.117      0.170    25.3024 0.0000e+00
      0.119     -0.000     6.5190     77.266     37.150  37.369040     1.2328     12.379   -15.5570 2.9442e+02    12.3594      0.116      0.169    25.3010 0.0000e+00
      0.119      0.001     6.4717     76.847     37.110  37.327288     1.2199     12.379   -15.6060 2.9278e+02    12.6665      0.116      0.168    25.2990 0.0000e+00
      0.119      0.002     6.4264     76.424     37.058  37.272855     1.1907     12.380   -15.6261 2.9117e+02    12.7324      0.117      0.169    25.2953 0.0000e+00
      0.120      0.002     6.3825     76.041     37.006  37.218527     1.1788     12.381   -15.6278 2.9011e+02    12.7120      0.118      0.171    25.2918 0.0000e+00
      0.121      0.002     6.3498     75.688     36.968  37.178030     1.2092     12.381   -15.5411 2.8912e+02    12.7268      0.119      0.172    25.2893 0.0000e+00
      0.122      0.001     6.3168     75.298     36.956  37.163925     1.2175     12.381   -15.3531 2.8822e+02    12.6042      0.120      0.175    25.2866 0.0000e+00
      0.123     -0.001     6.2797     74.873     36.969  37.174892     1.1873     12.381   -15.1609 2.8872e+02    12.4248      0.121      0.176    25.2837 0.0000e+00
      0.122     -0.002     6.2483     74.483     36.979  37.183719     1.1678     12.381   -15.0231 2.9041e+02    12.3352      0.120      0.174    25.2809 0.0000e+00
      0.121     -0.002     6.2236     74.160     36.942  37.143746     1.1735     12.381   -14.9777 2.9213e+02    12.3396      0.119      0.172    25.2783 0.0000e+00
      0.118     -0.002     6.1913     73.887     36.873  37.072300     1.1989     12.382   -14.9562 2.9278e+02    12.3756      0.116      0.168    25.2759 0.0000e+00
      0.117     -0.001     6.1534     73.635     36.820  37.017846     1.1997     12.383   -14.8500 2.9272e+02    12.3266      0.114      0.166    25.2729 0.0000e+00
      0.117      0.002     6.1211     73.367     36.797  36.992971     1.1755     12.383   -14.7260 2.9230e+02    12.1906      0.115      0.166    25.2700 0.0000e+00
      0.118      0.006     6.0957     73.091     36.767  36.961890     1.1718     12.384   -14.6609 2.9128e+02    12.1323      0.115      0.166    25.2673 0.0000e+00
      0.120      0.010     6.0741     72.824     36.703  36.895856     1.1878     12.385   -14.5798 2.8906e+02    12.3728      0.117      0.169    25.2650 0.0000e+00
      0.123      0.012     6.0552     72.519     36.638  36.829086     1.2115     12.385   -14.5196 2.8531e+02    12.8097      0.122      0.175    25.2630 0.0000e+00
      0.128      0.012     6.0335     72.163     36.598  36.789094     1.2166     12.385   -14.6206 2.8084e+02    12.9737      0.125      0.182    25.2607 0.0000e+00
      0.133      0.008     6.0086     71.778     36.602  36.793034     1.1919     12.386   -14.9411 2.7704e+02    12.8528      0.131      0.190    25.2583 0.0000e+00
      0.138      0.003     5.9906     71.387     36.686  36.876722     1.1713     12.387   -15.2976 2.7565e+02    12.6801      0.136      0.198    25.2562 0.0000e+00
      0.138     -0.003     5.9653     71.059     36.786  36.976078     1.1910     12.389   -15.4021 2.7753e+02    12.5591      0.138      0.200    25.2544 0.0000e+00
      0.135     -0.008     5.9345     70.884     36.726  36.915647     1.2304     12.391   -15.3454 2.8199e+02    12.5857      0.134      0.194    25.2537 0.0000e+00
      0.128     -0.012     5.9035     70.872     36.528  36.717123     1.2237     12.392   -15.3001 2.8661e+02    12.5577      0.125      0.182    25.2550 0.0000e+00
      0.122     -0.014     5.8686     70.918     36.417  36.606212     1.1850     12.392   -15.1990 2.8914e+02    12.4259      0.119      0.171    25.2552 0.0000e+00
      0.119     -0.012     5.8391     70.913     36.463  36.653319     1.1703     12.392   -15.1553 2.9089e+02    12.3245      0.117      0.169    25.2528 0.0000e+00
      0.118     -0.007     5.8235     70.853     36.524  36.715620     1.1877     12.393   -15.2020 2.9448e+02    12.2884      0.117      0.169    25.2521 0.0000e+00
      0.114      0.001     5.8267     70.805     36.470  36.661530     1.2199     12.393   -15.1605 2.9888e+02    12.3653      0.112      0.162    25.2528 0.0000e+00
      0.112      0.008     5.8347     70.785     36.379  36.570375     1.2344     12.393   -14.9985 2.9953e+02    12.4688      0.108      0.156    25.2537 0.0000e+00
      0.116      0.011     5.8336     70.707     36.373  36.565252     1.2306     12.393   -14.7912 2.9349e+02    12.5486      0.111      0.160    25.2560 0.0000e+00
      0.124      0.011     5.8258     70.507     36.347  36.536136     1.2403     12.394   -14.7192 2.8392e+02    12.6473      0.121      0.177    25.2563 0.0000e+00
      0.134      0.009     5.8202     70.216     36.296  36.472134     1.2690     12.395   -14.8168 2.7778e+02    12.7729      0.134      0.195    25.2562 0.0000e+00
      0.138      0.005     5.8229     69.921     36.326  36.489356     1.2778     12.396   -14.9393 2.7782e+02    12.7692      0.139      0.201    25.2558 0.0000e+00
      0.134      0.001     5.8185     69.742     36.334  36.490537     1.2379     12.397   -14.9953 2.8049e+02    12.5685      0.133      0.192    25.2594 0.0000e+00
      0.128     -0.001     5.8001     69.724     36.269  36.422954     1.1868     12.398   -14.8910 2.8219e+02    12.3963      0.125      0.181    25.2599 0.0000e+00
      0.123     -0.001     5.7770     69.804     36.220  36.370173     1.1845     12.399   -14.6246 2.8223e+02    12.4301      0.119      0.174    25.2373 0.0000e+00
      0.123      0.004     5.7498     69.862     36.214  36.359965     1.2185     12.398   -14.3561 2.8189e+02    12.7031      0.119      0.173    25.2146 0.0000e+00
      0.126      0.009     5.7347     69.815     36.219  36.362985     1.2317     12.398   -14.2256 2.8048e+02    12.9993      0.123      0.178    25.2087 0.0000e+00
      0.133      0.013     5.7356     69.693     36.202  36.343226     1.2112     12.398   -14.2506 2.7728e+02    13.0384      0.130      0.189    25.2073 0.0000e+00
      0.140      0.013     5.7466     69.538     36.177  36.311421     1.1859     12.398   -14.3148 2.7478e+02    12.9376      0.139      0.201    25.2011 0.0000e+00
      0.145      0.011     5.7563     69.358     36.167  36.295674     1.1927     12.399   -14.3136 2.7413e+02    12.9416      0.143      0.208    25.1932 0.0000e+00
      0.146      0.006     5.7493     69.178     36.154  36.279719     1.2094     12.399   -14.3219 2.7323e+02    12.9831      0.143      0.207    25.1945 0.0000e+00
      0.145      0.002     5.7385     69.057     36.120  36.245396     1.2129     12.399   -14.3291 2.7095e+02    12.9966      0.142      0.206    25.1920 0.0000e+00
      0.144     -0.001     5.7271     69.050     36.072  36.197932     1.2109     12.399   -14.2282 2.6941e+02    13.0024      0.143      0.207    25.1793 0.0000e+00
      0.143     -0.004     5.7129     69.122     36.025  36.149995     1.1851     12.399   -14.1351 2.6923e+02    12.9159      0.140      0.203    25.1699 0.0000e+00
      0.142     -0.008     5.6967     69.201     35.989  36.109948     1.1751     12.399   -14.0639 2.6863e+02    12.6692      0.138      0.200    25.1667 0.0000e+00
      0.142     -0.013     5.6837     69.256     35.977  36.094421     1.2073     12.400   -13.9694 2.6883e+02    12.2734      0.141      0.203    25.1672 0.0000e+00
      0.141     -0.016     5.6847     69.308     36.035  36.152591     1.2336     12.401   -13.9389 2.7408e+02    12.0241      0.142      0.205    25.1692 0.0000e+00
      0.135     -0.016     5.6939     69.449     36.060  36.178771     1.2266     12.401   -13.8673 2.8479e+02    12.0125      0.135      0.195    25.1678 0.0000e+00
      0.124     -0.014     5.7013     69.749     35.973  36.093716     1.2136     12.402   -13.7062 2.9499e+02    12.0306      0.122      0.177    25.1613 0.0000e+00
      0.115     -0.011     5.7064     70.114     35.954  36.075950     1.2430     12.403   -13.5402 2.9796e+02    12.1070      0.110      0.161    25.1560 0.0000e+00
      0.114     -0.008     5.7079     70.416     36.034  36.154329     1.2829     12.403   -13.4083 2.9393e+02    12.1162      0.109      0.158    25.1548 0.0000e+00
      0.119     -0.004     5.7145     70.636     36.040  36.153093     1.2789     12.404   -13.4017 2.8959e+02    11.9712      0.117      0.169    25.1574 0.0000e+00
      0.123     -0.000     5.7436     70.800     35.958  36.060983     1.2445     12.406   -13.5463 2.8920e+02    11.9244      0.123      0.179    25.1612 0.0000e+00
      0.123      0.002     5.7788     70.940     35.894  35.992374     1.2089     12.407   -13.6084 2.9095e+02    12.0972      0.122      0.177    25.1642 0.0000e+00
      0.120      0.002     5.8023     71.097     35.860  35.958035     1.1987     12.407   -13.4641 2.9181e+02    12.3178      0.116      0.169    25.1656 0.0000e+00
      0.118      0.001     5.8212     71.264     35.867  35.963030     1.2127     12.407   -13.3502 2.9061e+02    12.3373      0.114      0.166    25.1532 0.0000e+00
      0.119      0.001     5.8363     71.384     35.896  35.989320     1.2030     12.407   -13.3497 2.8844e+02    12.1967      0.115      0.167    25.1336 0.0000e+00
      0.122      0.002     5.8462     71.398     35.930  36.022107     1.1893     12.406   -13.2857 2.8734e+02    12.1207      0.120      0.174    25.1283 0.0000e+00
      0.125      0.002     5.8592     71.335     36.520  36.613248     1.1965     12.406   -13.1795 2.8840e+02    12.1358      0.123      0.179    25.1311 0.0000e+00
      0.125      0.001     5.8757     71.553     38.080  38.187413     1.1993     12.406   -13.1835 2.9085e+02    12.1742      0.123      0.179    25.1295 0.0000e+00
      0.123      0.000     5.8868     73.047     39.685  39.825991     1.2141     12.406   -13.1630 2.9292e+02    12.1402      0.121      0.175    25.1234 0.0000e+00
      0.121      0.000     5.8913     77.465     40.437  40.624195     1.2346     12.405   -13.0166 2.9340e+02    12.0672      0.119      0.172    25.1203 0.0000e+00
      0.121      0.001     5.8753     85.545     40.631  40.857767     1.2548     12.404   -12.8770 2.9178e+02    12.1462      0.118      0.171    25.1204 0.0000e+00
      0.122      0.001     5.8712     95.858     40.686  40.936607     1.2590     12.404   -12.8507 2.8900e+02    12.3094      0.119      0.172    25.1238 0.0000e+00
      0.124      0.001     5.9291    106.126     40.680  40.942837     1.2449     12.404   -12.9569 2.8641e+02    12.3663      0.123      0.177    25.1619 0.0000e+00
      0.126      0.000     6.2445    114.755     40.663  40.933112     1.2334     12.404   -13.1293 2.8534e+02    12.1844      0.125      0.181    25.2311 0.0000e+00
      0.127     -0.001     6.9653    121.141     40.671  40.945959     1.2030     12.405   -13.2134 2.8648e+02    11.8534      0.125      0.182    25.2805 0.0000e+00
      0.125     -0.002     7.8826    125.213     40.693  40.971253     1.1931     12.405   -13.0279 2.8935e+02    11.7459      0.124      0.179    25.3051 0.0000e+00
      0.122     -0.003     8.7718    127.052     40.706  40.985081     1.2060     12.405   -12.7790 2.9226e+02    11.8754      0.119      0.173    25.3198 0.0000e+00
      0.120     -0.003     9.4909    126.973     40.706  40.986226     1.2168     12.405   -12.6993 2.9318e+02    12.0522      0.116      0.168    25.3276 0.0000e+00
      0.120     -0.002    10.0127    125.591     40.702  40.985101     1.2409     12.405   -12.5813 2.9277e+02    12.1754      0.117      0.170    25.3324 0.0000e+00
      0.121      0.000    10.3477    123.721     40.685  40.971483     1.2471     12.405   -12.4705 2.9264e+02    12.1696      0.119      0.173    25.3354 0.0000e+00
      0.122      0.000    10.4878    121.972     40.660  40.948502     1.2588     12.405   -12.4772 2.9275e+02    12.2207      0.120      0.174    25.3365 0.0000e+00
      0.122      0.000    10.4661    120.581     40.671  40.961100     1.2738     12.405   -12.4046 2.9254e+02    12.3836      0.120      0.174    25.3378 0.0000e+00
