Data/DataNotYetUploadedToEDI/Raw_CTD/RawDownloads/062926_fcr30_S7809016.cnv
* Sea-Bird SBE19plus  Data File:
* FileName = C:\R\Reservoirs\Data\DataNotYetUploadedToEDI\Raw_CTD\RawDownloads\062926_fcr50_S7809_0016.hex
* Software version 2.8.0.119
* Temperature SN = 7809
* Conductivity SN = 7809
* System UpLoad Time = Jun 30 2026 09:08:35
* <ApplicationData>
* <Seaterm232>
# nquan = 15
# nvalues = 1216                        
# units = specified
# name 0 = depFM: Depth [fresh water, m]
# name 1 = dz/dtM: Descent Rate [m/s]
# name 2 = sbeox0Mg/L: Oxygen, SBE 43 [mg/l]
# name 3 = sbeox0PS: Oxygen, SBE 43 [% saturation]
# name 4 = specc: Specific Conductance [uS/cm]
# name 5 = c0uS/cm: Conductivity [uS/cm]
# name 6 = flECO-AFL: Fluorescence, WET Labs ECO-AFL/FL [mg/m^3]
# name 7 = ph: pH
# name 8 = orp: Oxidation Reduction Potential [mV]
# name 9 = par/sat/log: PAR/Logarithmic, Satlantic
# name 10 = turbWETntu0: Turbidity, WET Labs ECO [NTU]
# name 11 = prdM: Pressure, Strain Gauge [db]
# name 12 = prdE: Pressure, Strain Gauge [psi]
# name 13 = tv290C: Temperature [ITS-90, deg C]
# name 14 = flag:  0.000e+00
# span 0 =     -0.595,      4.716       
# span 1 =     -0.098,      0.195       
# span 2 =    -0.2175,    10.5760       
# span 3 =     -2.131,    128.305       
# span 4 =      1.167,     67.228       
# span 5 =   1.111890,  52.066229       
# span 6 =    -0.1031,     2.4467       
# span 7 =      9.846,     12.496       
# span 8 =  -230.0318,   104.3368       
# span 9 = 2.0443e-01, 6.9830e+02       
# span 10 =     1.2918,   143.3431      
# span 11 =     -0.584,      4.625      
# span 12 =     -0.847,      6.708      
# span 13 =    10.7244,    25.8163      
# span 14 = 0.0000e+00, 0.0000e+00      
# interval = seconds: 0.25
# start_time = Jun 29 2026 13:30:21 [Instrument's time stamp, header]
# bad_flag = -9.990e-29
*END*
[from data line 772]
      1.749      0.024    -0.1103     -1.527     40.156  36.986140     1.9538     10.898     6.0205 4.8361e+00     3.1732      1.716      2.489    21.2148 0.0000e+00
      1.753      0.019    -0.1092     -1.606     40.060  36.898995     1.9849     10.889     5.8827 4.8128e+00     3.2032      1.720      2.495    21.1406 0.0000e+00
      1.756      0.015    -0.1143     -1.673     39.975  36.835014     2.0208     10.882     5.9017 4.8047e+00     3.0771      1.721      2.496    21.0837 0.0000e+00
      1.759      0.011    -0.1255     -1.743     39.967  36.847103     2.0712     10.873     5.9067 4.7978e+00     2.9803      1.724      2.502    21.0556 0.0000e+00
      1.763      0.009    -0.1380     -1.789     40.035  36.918283     2.1119     10.865     5.7708 4.8065e+00     3.0242      1.730      2.509    21.0421 0.0000e+00
      1.766      0.009    -0.1432     -1.799     40.062  36.934220     2.1374     10.858     5.6343 4.8336e+00     3.1290      1.733      2.513    21.0446 0.0000e+00
      1.766      0.009    -0.1479     -1.789     40.054  36.912876     2.1464     10.850     5.5478 4.8580e+00     3.1203      1.732      2.512    21.0639 0.0000e+00
      1.766      0.010    -0.1566     -1.777     40.062  36.914011     2.1295     10.844     5.4996 4.8699e+00     3.0224      1.731      2.511    21.0958 0.0000e+00
      1.769      0.012    -0.1602     -1.771     40.095  36.947924     2.1164     10.837     5.4819 4.8603e+00     3.0041      1.735      2.516    21.1130 0.0000e+00
      1.773      0.015    -0.1608     -1.761     40.154  37.005651     2.1211     10.829     5.4196 4.8181e+00     3.0691      1.739      2.523    21.0938 0.0000e+00
      1.778      0.020    -0.1591     -1.744     40.197  37.040911     2.1785     10.821     5.3486 4.7586e+00     3.1601      1.743      2.528    21.0686 0.0000e+00
      1.783      0.024    -0.1579     -1.726     40.298  37.120433     2.2698     10.814     5.3114 4.7213e+00     3.1475      1.748      2.535    21.0611 0.0000e+00
      1.789      0.027    -0.1579     -1.718     40.486  37.269130     2.3002     10.808     5.1425 4.6988e+00     3.0536      1.754      2.545    21.0693 0.0000e+00
      1.797      0.027    -0.1570     -1.719     40.649  37.379307     2.3042     10.801     4.7688 4.6484e+00     3.0838      1.761      2.554    21.0804 0.0000e+00
      1.807      0.025    -0.1555     -1.723     40.761  37.437253     2.3432     10.795     4.4071 4.5781e+00     3.1366      1.772      2.571    21.0726 0.0000e+00
      1.816      0.021    -0.1529     -1.721     40.822  37.462053     2.3896     10.788     4.2964 4.5198e+00     3.0771      1.783      2.586    21.0549 0.0000e+00
      1.822      0.015    -0.1531     -1.722     40.793  37.425298     2.3906     10.781     4.3773 4.4894e+00     2.9791      1.789      2.594    21.0319 0.0000e+00
      1.824      0.008    -0.1528     -1.733     40.727  37.373572     2.3559     10.773     4.3527 4.4804e+00     2.8740      1.790      2.596    20.9767 0.0000e+00
      1.823      0.002    -0.1546     -1.743     40.673  37.344287     2.3612     10.765     4.2566 4.4794e+00     2.8655      1.788      2.593    20.9106 0.0000e+00
      1.821      0.000    -0.1536     -1.763     40.631  37.325062     2.3872     10.759     4.2474 4.4937e+00     3.0129      1.786      2.590    20.8712 0.0000e+00
      1.819      0.000    -0.1531     -1.790     40.695  37.394970     2.3717     10.753     4.2416 4.5263e+00     3.1534      1.784      2.587    20.8573 0.0000e+00
      1.818      0.003    -0.1556     -1.811     40.939  37.618452     2.3322     10.747     4.1868 4.5480e+00     3.1297      1.782      2.584    20.8716 0.0000e+00
      1.818      0.007    -0.1548     -1.814     41.169  37.806229     2.2999     10.742     4.1876 4.5397e+00     3.0337      1.781      2.583    20.9051 0.0000e+00
      1.822      0.011    -0.1575     -1.807     41.165  37.761660     2.3060     10.736     4.2507 4.5309e+00     3.0173      1.786      2.591    20.9309 0.0000e+00
      1.828      0.013    -0.1595     -1.810     41.076  37.650625     2.3305     10.731     4.2608 4.5220e+00     2.9656      1.794      2.602    20.9429 0.0000e+00
      1.834      0.014    -0.1625     -1.813     41.101  37.669325     2.3299     10.725     4.3101 4.5105e+00     2.8867      1.799      2.610    20.9487 0.0000e+00
      1.837      0.014    -0.1624     -1.802     41.233  37.797400     2.3240     10.720     4.3310 4.5249e+00     2.8837      1.802      2.613    20.9246 0.0000e+00
      1.838      0.013    -0.1610     -1.794     41.381  37.930060     2.3423     10.715     4.1691 4.5356e+00     2.9282      1.803      2.614    20.8546 0.0000e+00
      1.839      0.012    -0.1619     -1.804     41.408  37.940717     2.3844     10.710     4.0736 4.5112e+00     3.0838      1.803      2.614    20.8083 0.0000e+00
      1.843      0.012    -0.1630     -1.817     41.338  37.862785     2.3925     10.705     4.1221 4.4698e+00     3.1943      1.807      2.620    20.8177 0.0000e+00
      1.848      0.013    -0.1613     -1.837     41.359  37.876162     2.3734     10.700     4.1536 4.4459e+00     3.1360      1.814      2.630    20.8337 0.0000e+00
      1.852      0.014    -0.1588     -1.840     41.538  38.038992     2.3874     10.695     4.1969 4.4438e+00     3.0616      1.817      2.636    20.8317 0.0000e+00
      1.855      0.016    -0.1624     -1.823     41.907  38.372040     2.4204     10.690     4.2153 4.4425e+00     3.0809      1.819      2.639    20.8081 0.0000e+00
      1.857      0.018    -0.1617     -1.828     42.458  38.857040     2.4467     10.685     4.2036 4.4346e+00     3.1985      1.821      2.641    20.7854 0.0000e+00
      1.861      0.019    -0.1650     -1.833     42.958  39.270563     2.4395     10.682     4.1421 4.4081e+00     3.2196      1.823      2.645    20.7828 0.0000e+00
      1.867      0.020    -0.1665     -1.821     43.274  39.500814     2.3912     10.678     3.9871 4.3667e+00     3.0976      1.830      2.655    20.7846 0.0000e+00
      1.875      0.022    -0.1610     -1.828     43.456  39.610148     2.3536     10.673     3.9646 4.3346e+00     3.0202      1.839      2.667    20.7831 0.0000e+00
      1.882      0.023    -0.1640     -1.844     43.545  39.640505     2.3678     10.668     4.0418 4.3199e+00     3.0698      1.846      2.678    20.7668 0.0000e+00
      1.887      0.023    -0.1659     -1.839     43.565  39.613945     2.4047     10.663     4.0612 4.3111e+00     3.1509      1.851      2.684    20.7102 0.0000e+00
      1.892      0.022    -0.1620     -1.829     43.527  39.542805     2.4000     10.659     4.1126 4.3051e+00     3.1129      1.854      2.689    20.6325 0.0000e+00
      1.897      0.019    -0.1639     -1.829     43.402  39.414919     2.3193     10.654     4.1466 4.2965e+00     3.0549      1.859      2.697    20.5669 0.0000e+00
      1.903      0.017    -0.1674     -1.832     43.234  39.273429     2.2206     10.648     4.0424 4.2741e+00     3.0982      1.867      2.708    20.5116 0.0000e+00
      1.909      0.017    -0.1654     -1.829     43.157  39.228228     2.1973     10.643     3.8849 4.2564e+00     3.1925      1.873      2.716    20.4585 0.0000e+00
      1.912      0.016    -0.1645     -1.830     43.226  39.312665     2.2283     10.638     3.7914 4.2551e+00     3.3071      1.875      2.719    20.4099 0.0000e+00
      1.913      0.015    -0.1649     -1.847     43.395  39.469385     2.2123     10.633     3.6864 4.2536e+00     3.3231      1.876      2.721    20.3893 0.0000e+00
      1.917      0.015    -0.1656     -1.869     43.564  39.600053     2.1457     10.628     3.5618 4.2368e+00     3.2488      1.879      2.725    20.4096 0.0000e+00
      1.922      0.015    -0.1649     -1.882     43.701  39.686763     2.1057     10.623     3.4896 4.2054e+00     3.1938      1.885      2.734    20.4452 0.0000e+00
      1.926      0.016    -0.1637     -1.880     43.815  39.756180     2.1107     10.619     3.4151 4.1780e+00     3.2053      1.890      2.741    20.4752 0.0000e+00
      1.930      0.017    -0.1665     -1.879     43.895  39.804701     2.0982     10.614     3.3489 4.1589e+00     3.2505      1.892      2.745    20.4839 0.0000e+00
      1.934      0.017    -0.1686     -1.880     43.960  39.829159     2.0216     10.609     3.2916 4.1309e+00     3.1935      1.895      2.751    20.4541 0.0000e+00
      1.939      0.017    -0.1705     -1.860     44.044  39.861470     1.9420     10.605     3.1536 4.0869e+00     3.1655      1.901      2.757    20.3975 0.0000e+00
      1.944      0.017    -0.1698     -1.843     44.164  39.941458     1.9184     10.600     2.9699 4.0495e+00     3.2190      1.908      2.766    20.3553 0.0000e+00
      1.948      0.018    -0.1687     -1.837     44.285  40.034694     1.9025     10.594     2.7917 4.0367e+00     3.2603      1.911      2.772    20.3425 0.0000e+00
      1.951      0.019    -0.1717     -1.829     44.394  40.100274     1.8574     10.588     2.7195 4.0263e+00     3.2885      1.912      2.775    20.3048 0.0000e+00
      1.955      0.021    -0.1675     -1.832     44.524  40.163164     1.8147     10.583     2.6993 4.0031e+00     3.2186      1.915      2.778    20.2370 0.0000e+00
      1.960      0.025    -0.1664     -1.845     44.726  40.287313     1.7770     10.578     2.5469 3.9738e+00     3.1673      1.922      2.787    20.2063 0.0000e+00
      1.968      0.030    -0.1672     -1.864     44.983  40.458913     1.7016     10.574     2.4261 3.9395e+00     3.2824      1.931      2.800    20.2066 0.0000e+00
      1.975      0.034    -0.1646     -1.880     45.204  40.587814     1.6103     10.569     2.3566 3.9029e+00     3.4152      1.936      2.807    20.1703 0.0000e+00
      1.985      0.035    -0.1662     -1.873     45.343  40.639919     1.5803     10.564     2.2233 3.8596e+00     3.3723      1.945      2.820    20.0962 0.0000e+00
      1.999      0.034    -0.1675     -1.847     45.417  40.644566     1.5724     10.559     2.1048 3.8167e+00     3.2082      1.961      2.844    20.0329 0.0000e+00
      2.010      0.031    -0.1693     -1.835     45.394  40.580446     1.5393     10.555     2.0427 3.7940e+00     3.1389      1.973      2.862    19.9739 0.0000e+00
      2.015      0.027    -0.1722     -1.848     45.316  40.499246     1.5134     10.550     2.0742 3.7805e+00     3.2173      1.976      2.866    19.8909 0.0000e+00
      2.020      0.021    -0.1720     -1.849     45.278  40.487809     1.5003     10.545     2.1420 3.7645e+00     3.3362      1.980      2.872    19.8024 0.0000e+00
      2.025      0.016    -0.1683     -1.841     45.265  40.505660     1.5055     10.540     2.0021 3.7487e+00     3.3471      1.986      2.880    19.7363 0.0000e+00
      2.029      0.012    -0.1661     -1.861     45.273  40.524739     1.5101     10.535     1.7595 3.7319e+00     3.2120      1.990      2.886    19.6814 0.0000e+00
      2.031      0.009    -0.1702     -1.882     45.288  40.528106     1.5314     10.530     1.6177 3.7128e+00     3.1031      1.992      2.889    19.6632 0.0000e+00
      2.032      0.009    -0.1701     -1.895     45.327  40.546347     1.6036     10.526     1.3199 3.7063e+00     3.1235      1.993      2.891    19.7035 0.0000e+00
      2.032      0.011    -0.1660     -1.915     45.421  40.618347     1.6510     10.522     1.0840 3.7206e+00     3.1858      1.994      2.892    19.7480 0.0000e+00
      2.033      0.015    -0.1706     -1.915     45.527  40.700519     1.6385     10.517     1.1751 3.7193e+00     3.1736      1.993      2.890    19.7611 0.0000e+00
      2.036      0.020    -0.1728     -1.908     45.636  40.778276     1.5603     10.513     1.3026 3.6855e+00     3.1803      1.995      2.894    19.7425 0.0000e+00
      2.044      0.025    -0.1717     -1.910     45.768  40.860354     1.4464     10.510     1.3348 3.6399e+00     3.3696      2.002      2.905    19.7182 0.0000e+00
      2.054      0.029    -0.1770     -1.907     45.910  40.931283     1.4026     10.507     1.3064 3.6060e+00     3.5834      2.014      2.921    19.7086 0.0000e+00
      2.064      0.030    -0.1753     -1.906     46.062  41.001133     1.4134     10.503     1.5615 3.5856e+00     3.6478      2.026      2.937    19.6971 0.0000e+00
      2.072      0.030    -0.1734     -1.911     46.208  41.070150     1.3939     10.500     2.0953 3.5595e+00     3.5332      2.032      2.948    19.6780 0.0000e+00
      2.079      0.027    -0.1760     -1.914     46.337  41.131017     1.3331     10.496     2.3401 3.5310e+00     3.2914      2.038      2.957    19.6454 0.0000e+00
      2.085      0.023    -0.1743     -1.904     46.417  41.165799     1.3110     10.492     2.2854 3.5142e+00     3.1832      2.045      2.965    19.5759 0.0000e+00
      2.091      0.019    -0.1749     -1.891     46.439  41.173310     1.3420     10.489     2.2082 3.5112e+00     3.2839      2.051      2.975    19.4991 0.0000e+00
      2.096      0.016    -0.1756     -1.888     46.493  41.221817     1.3420     10.484     2.0952 3.5142e+00     3.3815      2.056      2.982    19.4348 0.0000e+00
      2.098      0.014    -0.1769     -1.894     46.607  41.308033     1.2949     10.479     2.0368 3.5120e+00     3.3381      2.058      2.984    19.3717 0.0000e+00
      2.101      0.014    -0.1758     -1.899     46.747  41.390643     1.2472     10.475     2.1911 3.5095e+00     3.2373      2.060      2.989    19.3275 0.0000e+00
      2.104      0.014    -0.1736     -1.899     46.878  41.458986     1.2400     10.472     2.3257 3.5120e+00     3.2563      2.063      2.992    19.3185 0.0000e+00
      2.107      0.014    -0.1736     -1.908     46.955  41.499623     1.2493     10.469     2.2018 3.5097e+00     3.2598      2.065      2.995    19.3358 0.0000e+00
      2.111      0.015    -0.1746     -1.918     46.955  41.501136     1.2343     10.464     1.9835 3.5047e+00     3.1778      2.070      3.002    19.3224 0.0000e+00
      2.116      0.015    -0.1755     -1.915     46.913  41.477278     1.2083     10.459     1.8374 3.5018e+00     3.1866      2.076      3.011    19.2698 0.0000e+00
      2.120      0.015    -0.1749     -1.927     46.906  41.465056     1.1845     10.455     1.7266 3.4993e+00     3.1958      2.080      3.017    19.2079 0.0000e+00
      2.124      0.015    -0.1760     -1.955     46.969  41.480282     1.1882     10.453     1.5895 3.4910e+00     3.2208      2.083      3.021    19.1716 0.0000e+00
      2.127      0.015    -0.1785     -1.950     47.094  41.534392     1.2027     10.451     1.5555 3.4757e+00     3.2507      2.086      3.026    19.1832 0.0000e+00
      2.130      0.015    -0.1761     -1.922     47.219  41.611461     1.1857     10.447     1.6602 3.4684e+00     3.1806      2.088      3.029    19.2101 0.0000e+00
      2.133      0.016    -0.1763     -1.918     47.250  41.650453     1.1572     10.442     1.6518 3.4679e+00     3.1244      2.092      3.034    19.2122 0.0000e+00
      2.138      0.018    -0.1831     -1.930     47.182  41.625048     1.1329     10.437     1.5399 3.4595e+00     3.0501      2.096      3.040    19.1597 0.0000e+00
      2.143      0.019    -0.1816     -1.914     47.091  41.558217     1.1499     10.433     1.4257 3.4458e+00     3.0331      2.101      3.048    19.0839 0.0000e+00
      2.148      0.021    -0.1768     -1.893     47.025  41.477115     1.2129     10.431     1.3036 3.4236e+00     3.0902      2.106      3.055    19.0363 0.0000e+00
      2.154      0.023    -0.1765     -1.902     47.003  41.406038     1.2457     10.429     1.2671 3.3950e+00     3.0917      2.112      3.063    19.0582 0.0000e+00
      2.160      0.026    -0.1806     -1.914     47.001  41.333437     1.2217     10.426     1.2436 3.3750e+00     3.0856      2.119      3.073    19.1193 0.0000e+00
      2.165      0.027    -0.1775     -1.914     46.983  41.233891     1.1886     10.424     1.1906 3.3525e+00     3.0502      2.123      3.080    19.1358 0.0000e+00
