Data/DataNotYetUploadedToEDI/Raw_CTD/RawDownloads/062926_fcr40_S7809017.cnv
* Sea-Bird SBE19plus  Data File:
* FileName = C:\R\Reservoirs\Data\DataNotYetUploadedToEDI\Raw_CTD\RawDownloads\062926_fcr50_S7809_0017.hex
* Software version 2.8.0.119
* Temperature SN = 7809
* Conductivity SN = 7809
* System UpLoad Time = Jun 30 2026 09:09:09
* <ApplicationData>
* <Seaterm232>
# nquan = 15
# nvalues = 1187                        
# units = specified
# name 0 = depFM: Depth [fresh water, m]
# name 1 = dz/dtM: Descent Rate [m/s]
# name 2 = sbeox0Mg/L: Oxygen, SBE 43 [mg/l]
# name 3 = sbeox0PS: Oxygen, SBE 43 [% saturation]
# name 4 = specc: Specific Conductance [uS/cm]
# name 5 = c0uS/cm: Conductivity [uS/cm]
# name 6 = flECO-AFL: Fluorescence, WET Labs ECO-AFL/FL [mg/m^3]
# name 7 = ph: pH
# name 8 = orp: Oxidation Reduction Potential [mV]
# name 9 = par/sat/log: PAR/Logarithmic, Satlantic
# name 10 = turbWETntu0: Turbidity, WET Labs ECO [NTU]
# name 11 = prdM: Pressure, Strain Gauge [db]
# name 12 = prdE: Pressure, Strain Gauge [psi]
# name 13 = tv290C: Temperature [ITS-90, deg C]
# name 14 = flag:  0.000e+00
# span 0 =     -0.594,      5.384       
# span 1 =     -0.102,      0.192       
# span 2 =    -0.2105,    10.4616       
# span 3 =     -1.977,    126.665       
# span 4 =      1.364,     63.725       
# span 5 =   1.262506,  47.424548       
# span 6 =    -0.1177,     2.9158       
# span 7 =      9.756,     12.478       
# span 8 =  -320.3863,   -42.3743       
# span 9 = 1.2362e-01, 1.2822e+03       
# span 10 =     1.5325,   246.2285      
# span 11 =     -0.583,      5.280      
# span 12 =     -0.846,      7.658      
# span 13 =    10.0824,    25.7136      
# span 14 = 0.0000e+00, 0.0000e+00      
# interval = seconds: 0.25
# start_time = Jun 29 2026 13:39:15 [Instrument's time stamp, header]
# bad_flag = -9.990e-29
*END*
[from data line 675]
      1.979      0.023    -0.1095     -1.278     45.196  40.852043     1.9032     10.936  -219.7919 9.1416e+00     3.9156      1.938      2.811    20.3649 0.0000e+00
      1.987      0.028    -0.1139     -1.279     45.267  40.869073     1.8960     10.927  -220.4651 9.0876e+00     3.9522      1.947      2.825    20.3521 0.0000e+00
      2.000      0.030    -0.1154     -1.281     45.257  40.827889     1.8934     10.918  -221.0611 9.0136e+00     3.9812      1.961      2.845    20.3150 0.0000e+00
      2.012      0.029    -0.1166     -1.294     45.312  40.861772     1.8377     10.908  -221.7486 8.9721e+00     3.9585      1.976      2.865    20.2508 0.0000e+00
      2.020      0.024    -0.1148     -1.313     45.501  41.024864     1.7387     10.900  -222.4980 8.9716e+00     3.9506      1.983      2.876    20.1874 0.0000e+00
      2.025      0.017    -0.1165     -1.316     45.726  41.213163     1.6613     10.892  -223.1530 8.9906e+00     3.8864      1.986      2.881    20.1327 0.0000e+00
      2.026      0.010    -0.1157     -1.324     45.916  41.361383     1.6430     10.884  -223.8172 9.0157e+00     3.8992      1.988      2.883    20.0925 0.0000e+00
      2.026      0.005    -0.1166     -1.349     46.086  41.484142     1.6587     10.877  -224.5053 9.0569e+00     4.0707      1.987      2.882    20.0810 0.0000e+00
      2.025      0.004    -0.1210     -1.364     46.206  41.554982     1.6607     10.871  -225.1918 9.0963e+00     4.2523      1.986      2.880    20.0805 0.0000e+00
      2.025      0.007    -0.1186     -1.351     46.290  41.583164     1.6408     10.866  -225.9238 9.1169e+00     4.2845      1.985      2.879    20.0649 0.0000e+00
      2.027      0.012    -0.1197     -1.339     46.332  41.570958     1.6101     10.861  -226.6434 9.1230e+00     4.1867      1.988      2.883    20.0356 0.0000e+00
      2.030      0.017    -0.1228     -1.341     46.347  41.534270     1.5811     10.855  -227.2675 9.1160e+00     4.1636      1.990      2.886    20.0048 0.0000e+00
      2.035      0.022    -0.1261     -1.346     46.384  41.520320     1.5728     10.849  -227.7051 9.0987e+00     4.2445      1.994      2.892    19.9669 0.0000e+00
      2.043      0.024    -0.1224     -1.355     46.433  41.529158     1.5592     10.843  -228.0626 9.0849e+00     4.2421      2.003      2.905    19.9126 0.0000e+00
      2.053      0.024    -0.1212     -1.372     46.435  41.514143     1.5252     10.837  -228.5787 9.1062e+00     4.1350      2.014      2.921    19.8560 0.0000e+00
      2.060      0.022    -0.1230     -1.402     46.391  41.465689     1.4946     10.830  -229.2134 9.1669e+00     4.1115      2.022      2.933    19.8029 0.0000e+00
      2.065      0.018    -0.1224     -1.432     46.386  41.451042     1.4892     10.824  -229.8000 9.2515e+00     4.1968      2.026      2.938    19.7486 0.0000e+00
      2.069      0.013    -0.1241     -1.444     46.414  41.463964     1.5100     10.816  -230.3363 9.3747e+00     4.2774      2.029      2.941    19.7055 0.0000e+00
      2.071      0.010    -0.1245     -1.451     46.464  41.494980     1.5047     10.810  -230.8794 9.5149e+00     4.2657      2.031      2.945    19.6933 0.0000e+00
      2.071      0.011    -0.1284     -1.471     46.579  41.572163     1.4416     10.805  -231.3772 9.6309e+00     4.1241      2.031      2.946    19.6901 0.0000e+00
      2.071      0.016    -0.1320     -1.489     46.709  41.635533     1.3711     10.802  -231.7949 9.7359e+00     4.0000      2.030      2.944    19.6760 0.0000e+00
      2.072      0.023    -0.1324     -1.494     46.784  41.626428     1.3596     10.798  -232.2302 9.7949e+00     4.0295      2.030      2.945    19.6615 0.0000e+00
      2.078      0.030    -0.1318     -1.492     46.832  41.588900     1.3861     10.793  -232.6818 9.7141e+00     4.0698      2.034      2.952    19.6506 0.0000e+00
      2.090      0.035    -0.1351     -1.475     46.873  41.562492     1.3835     10.788  -233.1255 9.5420e+00     3.9758      2.049      2.971    19.6330 0.0000e+00
      2.105      0.037    -0.1371     -1.450     46.911  41.560925     1.3285     10.782  -233.6380 9.4135e+00     3.6782      2.066      2.997    19.5757 0.0000e+00
      2.117      0.034    -0.1369     -1.434     46.935  41.569901     1.2624     10.776  -234.2314 9.3301e+00     3.3412      2.078      3.013    19.4834 0.0000e+00
      2.126      0.027    -0.1381     -1.431     46.909  41.544074     1.2577     10.771  -234.8795 9.2353e+00     3.2819      2.084      3.022    19.3912 0.0000e+00
      2.133      0.018    -0.1362     -1.452     46.870  41.502519     1.2885     10.767  -235.4518 9.1448e+00     3.3370      2.093      3.036    19.3172 0.0000e+00
      2.136      0.009    -0.1329     -1.481     46.837  41.448273     1.2937     10.762  -235.9033 9.1148e+00     3.2222      2.096      3.040    19.2842 0.0000e+00
      2.134      0.003    -0.1325     -1.489     46.822  41.395894     1.2867     10.757  -236.3804 9.1398e+00     3.0556      2.092      3.034    19.2764 0.0000e+00
      2.131      0.000    -0.1307     -1.488     46.849  41.376901     1.2880     10.752  -236.8323 9.1411e+00     3.0303      2.089      3.030    19.2773 0.0000e+00
      2.129      0.000    -0.1333     -1.488     46.865  41.345508     1.3011     10.747  -237.3237 9.1132e+00     3.0881      2.087      3.028    19.2795 0.0000e+00
      2.129      0.003    -0.1382     -1.487     46.832  41.270143     1.3114     10.742  -237.8472 9.0815e+00     3.0713      2.088      3.028    19.2476 0.0000e+00
      2.131      0.009    -0.1376     -1.481     46.761  41.163745     1.3047     10.737  -238.2580 9.0268e+00     2.9971      2.089      3.030    19.1998 0.0000e+00
      2.134      0.015    -0.1375     -1.473     46.706  41.074475     1.2948     10.733  -238.6770 8.9773e+00     2.9762      2.093      3.036    19.1576 0.0000e+00
      2.137      0.023    -0.1377     -1.469     46.684  41.015811     1.2913     10.729  -239.0412 8.9319e+00     2.9897      2.095      3.039    19.1073 0.0000e+00
      2.142      0.032    -0.1382     -1.480     46.664  40.962124     1.3048     10.724  -239.3917 8.8388e+00     3.0590      2.098      3.044    19.0546 0.0000e+00
      2.151      0.038    -0.1372     -1.493     46.667  40.933031     1.3168     10.720  -239.8179 8.7205e+00     3.1302      2.109      3.059    19.0096 0.0000e+00
      2.164      0.043    -0.1369     -1.507     46.678  40.917874     1.3027     10.715  -240.2365 8.5773e+00     3.0650      2.121      3.076    18.9665 0.0000e+00
      2.180      0.043    -0.1353     -1.528     46.681  40.905761     1.2921     10.710  -240.7537 8.4211e+00     2.9876      2.138      3.101    18.9230 0.0000e+00
      2.195      0.039    -0.1379     -1.552     46.699  40.913489     1.3129     10.705  -241.3388 8.3253e+00     2.9808      2.154      3.125    18.8859 0.0000e+00
      2.205      0.033    -0.1392     -1.584     46.669  40.884367     1.3467     10.700  -241.8044 8.2845e+00     2.9833      2.164      3.137    18.8499 0.0000e+00
      2.212      0.025    -0.1395     -1.607     46.588  40.807516     1.3426     10.695  -242.2530 8.2878e+00     2.9153      2.171      3.148    18.8206 0.0000e+00
      2.215      0.019    -0.1429     -1.606     46.545  40.745873     1.3136     10.690  -242.8055 8.3119e+00     2.7726      2.173      3.151    18.8076 0.0000e+00
      2.215      0.015    -0.1435     -1.592     46.555  40.710213     1.3125     10.686  -243.3224 8.3105e+00     2.7610      2.171      3.149    18.7994 0.0000e+00
      2.217      0.013    -0.1479     -1.586     46.596  40.693618     1.3451     10.683  -243.7707 8.2925e+00     2.9464      2.174      3.153    18.7969 0.0000e+00
      2.221      0.013    -0.1506     -1.584     46.628  40.672094     1.3840     10.679  -244.2687 8.2526e+00     3.1344      2.178      3.159    18.8007 0.0000e+00
      2.226      0.014    -0.1500     -1.569     46.640  40.640298     1.3833     10.674  -244.7828 8.1988e+00     3.1558      2.183      3.166    18.7755 0.0000e+00
      2.230      0.016    -0.1482     -1.559     46.667  40.626440     1.3524     10.669  -245.2541 8.1573e+00     3.0344      2.187      3.172    18.7196 0.0000e+00
      2.233      0.018    -0.1476     -1.564     46.717  40.631428     1.3684     10.666  -245.7513 8.1142e+00     2.9301      2.190      3.176    18.6606 0.0000e+00
      2.237      0.018    -0.1491     -1.570     46.763  40.637093     1.4436     10.663  -246.2344 8.0613e+00     2.9881      2.192      3.180    18.6043 0.0000e+00
      2.243      0.017    -0.1465     -1.584     46.777  40.631429     1.5042     10.658  -246.6214 7.9963e+00     3.1550      2.199      3.190    18.5614 0.0000e+00
      2.249      0.014    -0.1449     -1.604     46.772  40.626388     1.5102     10.653  -246.9888 7.9298e+00     3.1712      2.207      3.201    18.5268 0.0000e+00
      2.253      0.011    -0.1473     -1.608     46.776  40.639598     1.4917     10.648  -247.4082 7.8903e+00     3.1172      2.210      3.205    18.4819 0.0000e+00
      2.255      0.007    -0.1468     -1.603     46.788  40.664243     1.4973     10.643  -247.8203 7.8699e+00     3.1847      2.212      3.208    18.4380 0.0000e+00
      2.255      0.003    -0.1479     -1.603     46.778  40.670520     1.5278     10.639  -248.2714 7.8580e+00     3.2350      2.212      3.209    18.4181 0.0000e+00
      2.254      0.002    -0.1516     -1.593     46.753  40.652048     1.5436     10.635  -248.7314 7.8595e+00     3.2133      2.212      3.208    18.4227 0.0000e+00
      2.253      0.003    -0.1514     -1.590     46.750  40.631304     1.5389     10.631  -249.0813 7.8649e+00     3.1609      2.209      3.205    18.4348 0.0000e+00
      2.252      0.007    -0.1493     -1.609     46.764  40.610076     1.5290     10.626  -249.4898 7.8644e+00     3.1485      2.207      3.202    18.4507 0.0000e+00
      2.254      0.012    -0.1513     -1.619     46.779  40.585736     1.5407     10.621  -250.0569 7.8495e+00     3.1999      2.210      3.205    18.4719 0.0000e+00
      2.259      0.017    -0.1492     -1.621     46.827  40.590819     1.5807     10.617  -250.6903 7.8168e+00     3.2024      2.215      3.212    18.4811 0.0000e+00
      2.264      0.022    -0.1474     -1.622     46.887  40.608023     1.6374     10.615  -251.2113 7.7656e+00     3.1096      2.219      3.219    18.4582 0.0000e+00
      2.271      0.025    -0.1521     -1.623     46.913  40.603311     1.6937     10.612  -251.5379 7.6986e+00     3.0006      2.226      3.230    18.4162 0.0000e+00
      2.281      0.025    -0.1521     -1.630     46.918  40.597269     1.7039     10.608  -251.8859 7.6315e+00     3.0120      2.237      3.245    18.3746 0.0000e+00
      2.289      0.023    -0.1523     -1.648     46.916  40.598430     1.7112     10.602  -252.3217 7.5778e+00     3.1110      2.246      3.258    18.3363 0.0000e+00
      2.294      0.019    -0.1527     -1.664     46.933  40.617355     1.7904     10.597  -252.7628 7.5452e+00     3.1728      2.251      3.264    18.2981 0.0000e+00
      2.299      0.013    -0.1528     -1.669     46.951  40.635699     1.8872     10.594  -253.1761 7.5205e+00     3.1444      2.256      3.271    18.2623 0.0000e+00
      2.301      0.008    -0.1529     -1.673     46.942  40.629829     1.9156     10.590  -253.5322 7.5129e+00     3.0412      2.258      3.275    18.2544 0.0000e+00
      2.301      0.006    -0.1551     -1.668     46.926  40.609847     1.8924     10.586  -253.8856 7.5388e+00     3.0180      2.257      3.274    18.2645 0.0000e+00
      2.300      0.008    -0.1577     -1.662     46.924  40.584484     1.8809     10.581  -254.3516 7.5618e+00     3.0681      2.255      3.270    18.2670 0.0000e+00
      2.299      0.011    -0.1565     -1.666     46.970  40.577001     1.9684     10.577  -254.8656 7.5802e+00     3.1350      2.253      3.268    18.2702 0.0000e+00
      2.301      0.016    -0.1580     -1.652     47.044  40.582775     2.1274     10.575  -255.2811 7.5892e+00     3.2116      2.254      3.269    18.2740 0.0000e+00
      2.307      0.020    -0.1576     -1.626     47.101  40.590758     2.1886     10.572  -255.5901 7.5577e+00     3.1743      2.263      3.280    18.2722 0.0000e+00
      2.317      0.021    -0.1550     -1.626     47.136  40.610008     2.1661     10.569  -255.8481 7.5203e+00     3.1625      2.274      3.298    18.2522 0.0000e+00
      2.326      0.020    -0.1584     -1.644     47.140  40.625109     2.2048     10.564  -256.1639 7.5061e+00     3.3077      2.283      3.312    18.1963 0.0000e+00
      2.331      0.016    -0.1572     -1.666     47.141  40.646430     2.2994     10.559  -256.4832 7.5081e+00     3.4611      2.286      3.316    18.1206 0.0000e+00
      2.333      0.010    -0.1515     -1.692     47.156  40.677433     2.3446     10.554  -256.7833 7.5077e+00     3.4796      2.288      3.319    18.0711 0.0000e+00
      2.334      0.005    -0.1536     -1.719     47.157  40.682660     2.3441     10.550  -257.2103 7.4866e+00     3.3955      2.290      3.321    18.0638 0.0000e+00
      2.333      0.002    -0.1554     -1.733     47.129  40.646173     2.4935     10.546  -257.6892 7.4636e+00     3.4692      2.289      3.320    18.0829 0.0000e+00
      2.332      0.003    -0.1569     -1.720     47.057  40.553583     2.7852     10.543  -258.0990 7.4429e+00     3.7207      2.287      3.317    18.1092 0.0000e+00
      2.331      0.008    -0.1600     -1.705     46.996  40.451638     2.9158     10.541  -258.4652 7.4057e+00     3.8067      2.285      3.315    18.1314 0.0000e+00
      2.331      0.013    -0.1621     -1.697     47.038  40.428940     2.8742     10.538  -258.8473 7.3464e+00     3.6888      2.285      3.314    18.1388 0.0000e+00
      2.335      0.018    -0.1656     -1.687     47.142  40.469459     2.6317     10.534  -259.2781 7.2634e+00     3.5595      2.289      3.318    18.1227 0.0000e+00
      2.345      0.022    -0.1620     -1.672     47.208  40.497235     2.2142     10.530  -259.6300 7.1746e+00     3.5066      2.299      3.334    18.0936 0.0000e+00
      2.355      0.025    -0.1609     -1.647     47.165  40.447420     2.0042     10.526  -259.9184 7.1070e+00     3.5624      2.311      3.351    18.0384 0.0000e+00
      2.362      0.027    -0.1612     -1.641     47.024  40.311384     1.9738     10.522  -260.2698 7.0802e+00     3.5505      2.318      3.361    17.9651 0.0000e+00
      2.365      0.029    -0.1597     -1.663     46.921  40.185172     1.8637     10.518  -260.6959 7.0678e+00     3.3627      2.320      3.363    17.9117 0.0000e+00
      2.368      0.029    -0.1598     -1.690     46.922  40.127187     1.7132     10.515  -261.1127 7.0087e+00     3.1364      2.320      3.365    17.8807 0.0000e+00
      2.378      0.028    -0.1551     -1.715     46.973  40.117918     1.6611     10.510  -261.3514 6.9116e+00     3.0689      2.331      3.381    17.8738 0.0000e+00
      2.389      0.026    -0.1545     -1.735     47.033  40.136499     1.6828     10.506  -261.4311 6.8270e+00     3.1622      2.345      3.401    17.8710 0.0000e+00
      2.399      0.023    -0.1581     -1.750     47.078  40.161417     1.6757     10.503  -261.6460 6.7861e+00     3.1712      2.353      3.413    17.8281 0.0000e+00
      2.404      0.018    -0.1610     -1.780     47.083  40.165329     1.6084     10.498  -262.1426 6.7749e+00     3.0062      2.358      3.421    17.7520 0.0000e+00
      2.406      0.013    -0.1633     -1.812     47.025  40.120330     1.5190     10.493  -262.6178 6.7685e+00     2.8412      2.361      3.425    17.6874 0.0000e+00
      2.406      0.011    -0.1664     -1.816     46.970  40.061602     1.4931     10.489  -262.9169 6.7686e+00     2.8507      2.360      3.423    17.6584 0.0000e+00
      2.405      0.011    -0.1657     -1.801     46.974  40.026415     1.5196     10.486  -263.2634 6.7528e+00     2.9492      2.358      3.420    17.6444 0.0000e+00
      2.405      0.013    -0.1694     -1.776     47.024  40.012159     1.5398     10.484  -263.6246 6.7201e+00     2.9057      2.358      3.420    17.6447 0.0000e+00
