Data/DataNotYetUploadedToEDI/Raw_CTD/RawDownloads/062926_bvr50_S8188031.cnv
* Sea-Bird SBE19plus  Data File:
* FileName = C:\R\Reservoirs\Data\DataNotYetUploadedToEDI\Raw_CTD\RawDownloads\062526_ccr50_S8188_0031.hex
* Software version 2.8.0.119
* Temperature SN = 8188
* Conductivity SN = 8188
* System UpLoad Time = Jun 29 2026 18:19:06
* <ApplicationData>
* <Seaterm232>
# nquan = 16
# nvalues = 160                         
# units = specified
# name 0 = depFM: Depth [fresh water, m]
# name 1 = dz/dtM: Descent Rate [m/s]
# name 2 = sbeox0Mg/L: Oxygen, SBE 43 [mg/l]
# name 3 = sbeox0PS: Oxygen, SBE 43 [% saturation]
# name 4 = specc: Specific Conductance [uS/cm]
# name 5 = c0uS/cm: Conductivity [uS/cm]
# name 6 = wetCDOM: Fluorescence, WET Labs CDOM [mg/m^3]
# name 7 = flECO-AFL: Fluorescence, WET Labs ECO-AFL/FL [mg/m^3]
# name 8 = flECO-AFL1: Fluorescence, WET Labs ECO-AFL/FL, 2 [mg/m^3]
# name 9 = flECO-AFL2: Fluorescence, WET Labs ECO-AFL/FL, 3 [mg/m^3]
# name 10 = par/sat/log: PAR/Logarithmic, Satlantic
# name 11 = turbWETntu0: Turbidity, WET Labs ECO [NTU]
# name 12 = prdM: Pressure, Strain Gauge [db]
# name 13 = prdE: Pressure, Strain Gauge [psi]
# name 14 = tv290C: Temperature [ITS-90, deg C]
# name 15 = flag:  0.000e+00
# span 0 =     -0.702,      0.372       
# span 1 =     -0.004,      0.224       
# span 2 =     5.1546,     7.7419       
# span 3 =     62.731,     94.347       
# span 4 =      0.751,     40.499       
# span 5 =   0.747090,  40.811550       
# span 6 =    -4.5000,    20.7000       
# span 7 =    -0.2884,     6.2883       
# span 8 =    -2.1300,     0.2556       
# span 9 =    -2.0304,     5.5413       
# span 10 = 7.1542e+01, 7.9246e+02      
# span 11 =    -1.0951,    10.9750      
# span 12 =     -0.688,      0.365      
# span 13 =     -0.998,      0.529      
# span 14 =    24.6962,    25.3939      
# span 15 = 0.0000e+00, 0.0000e+00      
# interval = seconds: 0.25
# start_time = Jun 29 2026 10:37:11 [Instrument's time stamp, header]
# bad_flag = -9.990e-29
*END*
     -0.701      0.000     7.2480     87.213      0.752   0.748001    -4.5000    -0.2541    -2.1300    -2.0304 7.6157e+02     2.1679     -0.688     -0.997    24.6962 0.0000e+00
     -0.701      0.000     7.2476     87.211      0.753   0.748852    -4.5000    -0.2426    -2.1300    -2.0304 7.4003e+02     2.1075     -0.688     -0.997    24.6962 0.0000e+00
     -0.701      0.000     7.2471     87.208      0.751   0.747090    -4.5000    -0.2693    -2.1300    -2.0304 7.8390e+02     2.2586     -0.688     -0.997    24.6962 0.0000e+00
     -0.702      0.000     7.2468     87.209      0.752   0.748209     0.0000    -0.2350     0.0426     0.0423 7.9246e+02     1.0198     -0.688     -0.998    24.6962 0.0000e+00
     -0.702      0.000     7.2467     87.214      0.761   0.756486     0.0000    -0.2273     0.0426     0.0423 7.7914e+02     0.9745     -0.688     -0.998    24.6963 0.0000e+00
     -0.702      0.000     7.2465     87.219      0.771   0.766173     0.0000    -0.2464     0.0426     0.0423 7.5629e+02     0.8990     -0.688     -0.998    24.6964 0.0000e+00
     -0.702      0.000     7.2462     87.221      0.775   0.769911     0.0000    -0.2617     0.0426     0.0423 7.4148e+02     0.9443     -0.688     -0.998    24.6965 0.0000e+00
     -0.702      0.000     7.2463     87.221      0.771   0.766707     0.0000    -0.2617     0.0426     0.0423 6.4619e+02    -0.4908     -0.688     -0.998    24.6966 0.0000e+00
     -0.702      0.000     7.2467     87.219      0.766   0.761673     0.0000    -0.2579     0.0852     0.2961 5.5573e+02    -0.5210     -0.688     -0.998    24.6968 0.0000e+00
     -0.702      0.000     7.2470     87.215      0.762   0.757444     0.0000    -0.2350     0.0852     0.2961 5.3141e+02    -0.6268     -0.688     -0.998    24.6970 0.0000e+00
     -0.702      0.000     7.2471     87.208      0.759   0.754881     0.0000    -0.2464     0.0852     0.2961 5.9137e+02    -0.5663     -0.688     -0.998    24.6971 0.0000e+00
     -0.702      0.000     7.2471     87.202      0.760   0.755288     0.0000    -0.2731     0.0852     0.2961 6.2006e+02     0.2494     -0.688     -0.997    24.6973 0.0000e+00
     -0.701      0.001     7.2470     87.196      0.761   0.756786     0.0000    -0.2541     0.0852     0.2538 5.9047e+02     0.2494     -0.687     -0.997    24.6974 0.0000e+00
     -0.701      0.001     7.2467     87.189      0.762   0.757786     0.0000    -0.2502     0.0852     0.2538 5.7502e+02     0.2192     -0.687     -0.997    24.6975 0.0000e+00
     -0.701      0.001     7.2461     87.185      0.763   0.758554     0.0000    -0.2579     0.0852     0.2538 5.9085e+02     0.2192     -0.687     -0.997    24.6976 0.0000e+00
     -0.701      0.001     7.2456     87.186      0.763   0.759295     0.0000    -0.2579     0.0852     0.2538 5.9900e+02    -0.5512     -0.687     -0.996    24.6977 0.0000e+00
     -0.700      0.002     7.2451     87.188      0.766   0.762196     0.0000    -0.2655     0.0426     0.0846 5.5308e+02    -0.5210     -0.687     -0.996    24.6978 0.0000e+00
     -0.700      0.002     7.2444     87.193      0.774   0.770018     0.0000    -0.2579     0.0426     0.0846 5.2032e+02    -0.6268     -0.686     -0.995    24.6979 0.0000e+00
     -0.699      0.003     7.2441     87.198      0.789   0.784847     0.0000    -0.2655     0.0426     0.0846 5.7590e+02    -0.6117     -0.686     -0.994    24.6981 0.0000e+00
     -0.699      0.004     7.2441     87.203      0.815   0.810639     0.0000    -0.2426     0.0426     0.0846 6.2738e+02    -0.9742     -0.685     -0.993    24.6982 0.0000e+00
     -0.698      0.005     7.2443     87.211      0.856   0.852281     0.0000    -0.2617     0.0000    -0.0423 6.2997e+02    -1.0951     -0.684     -0.992    24.6984 0.0000e+00
     -0.697      0.006     7.2447     87.217      0.923   0.918890     0.0000    -0.2617     0.0000    -0.0423 5.6573e+02    -1.0951     -0.683     -0.990    24.6986 0.0000e+00
     -0.695      0.008     7.2450     87.220      1.032   1.028229     0.0000    -0.2426     0.0000    -0.0423 5.3932e+02    -0.9440     -0.681     -0.988    24.6989 0.0000e+00
     -0.693      0.010     7.2454     87.218      1.217   1.213432     0.0000    -0.2464     0.0000    -0.0423 4.9582e+02    -0.9440     -0.679     -0.986    24.6993 0.0000e+00
     -0.691      0.012     7.2460     87.215      1.532   1.529852     0.0000    -0.2579     0.0000    -0.0423 4.6332e+02    -1.0497     -0.677     -0.982    24.6999 0.0000e+00
     -0.687      0.016     7.2464     87.213      2.061   2.059880     0.0000    -0.2769     0.0852     0.2961 4.6991e+02    -1.0649     -0.674     -0.977    24.7010 0.0000e+00
     -0.683      0.021     7.2463     87.214      2.938   2.938889     0.0000    -0.2350     0.0852     0.2961 4.6991e+02    -1.0497     -0.670     -0.972    24.7028 0.0000e+00
     -0.678      0.026     7.2458     87.217      4.399   4.403271     0.0000    -0.2502     0.0852     0.2961 4.8897e+02    -1.0044     -0.665     -0.964    24.7057 0.0000e+00
     -0.671      0.034     7.2449     87.226      6.840   6.849494     0.0000    -0.2884     0.0852     0.2961 5.5081e+02    -1.0951     -0.658     -0.954    24.7104 0.0000e+00
     -0.662      0.044     7.2437     87.247     10.755  10.774761     0.0000    -0.2426     0.1278     0.1269 5.4628e+02    -1.0649     -0.649     -0.942    24.7182 0.0000e+00
     -0.651      0.056     7.2420     87.283     15.766  15.807309     0.0000    -0.2426     0.1278     0.1269 5.4961e+02    -0.9289     -0.638     -0.926    24.7312 0.0000e+00
     -0.637      0.071     7.2394     87.338     20.852  20.931452     0.0000     2.5956     0.1278     0.1269 5.5779e+02     9.2528     -0.624     -0.905    24.7527 0.0000e+00
     -0.618      0.090     7.2354     87.417     26.129  26.260059     0.0000     2.6185     0.1278     0.1269 6.4423e+02     9.2528     -0.606     -0.879    24.7884 0.0000e+00
     -0.594      0.111     7.2291     87.530     31.343  31.531273     0.0000     2.6299     0.0000     0.1692 7.0641e+02     9.1924     -0.582     -0.845    24.8476 0.0000e+00
     -0.564      0.135     7.2205     87.699     35.104  35.342550     0.0000     2.6375     0.0000     0.1692 7.1335e+02     9.2226     -0.553     -0.802    24.9344 0.0000e+00
     -0.528      0.161     7.2114     87.960     37.253  37.529223     0.0000     3.4768     0.0000     0.1692 6.7431e+02    10.2045     -0.517     -0.750    25.0362 0.0000e+00
     -0.484      0.185     7.2050     88.361     38.508  38.809905     0.0000     3.4424     0.0000     0.1692 6.8005e+02    10.1290     -0.474     -0.688    25.1332 0.0000e+00
     -0.432      0.205     7.2033     88.932     39.250  39.565964    -0.0900     3.5035     0.1278     0.3807 7.0136e+02    10.1290     -0.423     -0.613    25.2152 0.0000e+00
     -0.372      0.218     7.2085     89.667     39.691  40.012963    -0.0900     3.4730     0.1278     0.3807 7.2538e+02    10.2045     -0.365     -0.529    25.2808 0.0000e+00
     -0.309      0.224     7.2233     90.519     39.967  40.290027    -0.0900     5.0523     0.1278     0.3807 6.5212e+02    10.3254     -0.303     -0.439    25.3305 0.0000e+00
     -0.246      0.222     7.2517     91.418     40.165  40.486981    -0.0900     5.0446     0.1278     0.3807 5.4568e+02    10.2650     -0.242     -0.350    25.3641 0.0000e+00
     -0.187      0.211     7.2960     92.295     40.322  40.642398    -0.0900     5.0561     0.1278     0.3807 3.1381e+02    10.4765     -0.184     -0.266    25.3833 0.0000e+00
     -0.133      0.194     7.3552     93.081     40.436  40.753884    19.9800     5.0408     0.1704     4.5261 2.9197e+02    10.4311     -0.131     -0.190    25.3919 0.0000e+00
     -0.085      0.172     7.4248     93.707     40.494  40.809325    19.9800     5.2812     0.1704     4.5261 2.5012e+02    10.1592     -0.084     -0.121    25.3939 0.0000e+00
     -0.044      0.147     7.4988     94.127     40.499  40.811550    19.9800     5.2888     0.1704     4.5261 2.1892e+02    10.2801     -0.043     -0.062    25.3923 0.0000e+00
     -0.009      0.122     7.5712     94.332     40.472  40.781079    19.9800     5.2773     0.1704     4.5261 2.1034e+02    10.1592     -0.010     -0.014    25.3890 0.0000e+00
      0.018      0.099     7.6361     94.347     40.431  40.735689    20.4300     5.3155     0.1704     5.2452 2.1812e+02    10.1290      0.017      0.025    25.3853 0.0000e+00
      0.038      0.078     7.6880     94.214     40.379  40.679216    20.4300     5.2430     0.1704     5.2452 2.3561e+02    10.0384      0.037      0.054    25.3820 0.0000e+00
      0.053      0.060     7.7228     93.983     40.328  40.622504    20.4300     5.2354     0.1704     5.2452 2.4586e+02     9.9175      0.052      0.076    25.3790 0.0000e+00
      0.064      0.045     7.7401     93.700     40.313  40.602235    20.4300     5.2468     0.1704     5.2452 2.5110e+02    10.0082      0.063      0.092    25.3755 0.0000e+00
      0.073      0.034     7.7419     93.407     40.356  40.640900    20.1600     5.2583     0.2130     5.3298 2.5919e+02     9.9024      0.071      0.104    25.3710 0.0000e+00
      0.079      0.027     7.7318     93.137     40.426  40.706965    20.1600     5.2392     0.2130     5.3298 2.6755e+02     9.9326      0.078      0.113    25.3654 0.0000e+00
      0.084      0.022     7.7138     92.916     40.472  40.750301    20.1600     5.2354     0.2130     5.3298 2.7444e+02     9.8873      0.082      0.120    25.3590 0.0000e+00
      0.088      0.019     7.6916     92.753     40.477  40.752575    20.1600     5.2278     0.2130     5.3298 2.6471e+02     9.9326      0.087      0.126    25.3525 0.0000e+00
      0.093      0.018     7.6683     92.640     40.437  40.710410    20.1600     5.2278     0.2130     5.3298 2.6362e+02     9.9326      0.091      0.132    25.3465 0.0000e+00
      0.097      0.017     7.6468     92.567     40.347  40.618537    20.4300     5.1820     0.2130     5.2875 2.5473e+02     9.7362      0.095      0.138    25.3414 0.0000e+00
      0.101      0.018     7.6293     92.522     40.243  40.512236    20.4300     5.1896     0.2130     5.2875 2.4688e+02     9.8118      0.099      0.144    25.3373 0.0000e+00
      0.106      0.019     7.6163     92.499     40.175  40.442859    20.4300     5.1743     0.2130     5.2875 2.4458e+02     9.7362      0.103      0.150    25.3343 0.0000e+00
      0.110      0.021     7.6073     92.501     40.140  40.405856    20.4300     5.1667     0.2130     5.2875 2.5061e+02     9.6456      0.108      0.157    25.3322 0.0000e+00
      0.115      0.023     7.6016     92.520     40.089  40.353500    20.2500     5.2239     0.2556     5.1606 2.5159e+02     9.7362      0.113      0.164    25.3305 0.0000e+00
      0.122      0.026     7.5981     92.546     40.008  40.271829    20.2500     5.2201     0.2556     5.1606 2.4047e+02     9.6758      0.119      0.173    25.3288 0.0000e+00
      0.129      0.029     7.5965     92.578     39.930  40.194854    20.2500     5.2239     0.2556     5.1606 2.3190e+02     9.6758      0.126      0.183    25.3270 0.0000e+00
      0.137      0.033     7.5969     92.628     39.889  40.155848    20.2500     5.2430     0.2556     5.1606 2.3494e+02     9.7060      0.134      0.194    25.3253 0.0000e+00
      0.145      0.038     7.5986     92.712     39.898  40.168318    20.3400     5.4605     0.2130     5.1183 2.3839e+02     9.9326      0.142      0.206    25.3242 0.0000e+00
      0.154      0.043     7.6008     92.845     39.933  40.205702    20.3400     5.4833     0.2130     5.1183 2.3474e+02     9.9024      0.151      0.219    25.3241 0.0000e+00
      0.166      0.047     7.6032     93.027     39.937  40.210225    20.3400     5.4795     0.2130     5.1183 2.3367e+02    10.0082      0.162      0.235    25.3254 0.0000e+00
      0.180      0.050     7.6069     93.244     39.885  40.157189    20.3400     5.4872     0.2130     5.1183 1.8807e+02    10.0837      0.176      0.255    25.3283 0.0000e+00
      0.195      0.051     7.6134     93.475     39.800  40.070311    20.5200     5.6092     0.2130     5.0760 1.7479e+02     9.9024      0.191      0.277    25.3318 0.0000e+00
      0.210      0.050     7.6239     93.693     39.714  39.982211    20.5200     5.6092     0.2130     5.0760 1.6562e+02     9.9628      0.206      0.298    25.3345 0.0000e+00
      0.223      0.047     7.6386     93.875     39.646  39.911241    20.5200     5.6016     0.2130     5.0760 1.6242e+02    10.0082      0.219      0.317    25.3358 0.0000e+00
      0.234      0.042     7.6565     94.003     39.593  39.854413    20.5200     5.6016     0.2130     5.0760 1.5564e+02     9.9477      0.230      0.333    25.3356 0.0000e+00
      0.244      0.036     7.6756     94.072     39.539  39.796573    20.5200     5.5787     0.2130     5.0760 1.5306e+02     9.9628      0.239      0.347    25.3343 0.0000e+00
      0.252      0.031     7.6939     94.082     39.478  39.732259    20.4300     5.6169     0.2556     5.0760 1.4176e+02     9.9326      0.247      0.359    25.3320 0.0000e+00
      0.259      0.026     7.7093     94.034     39.413  39.664246    20.4300     5.6092     0.2556     5.0760 1.3835e+02     9.9326      0.254      0.369    25.3285 0.0000e+00
      0.265      0.022     7.7204     93.930     39.348  39.596314    20.4300     5.5940     0.2556     5.0760 1.3680e+02     9.8722      0.260      0.378    25.3243 0.0000e+00
      0.270      0.019     7.7267     93.766     39.288  39.534258    20.4300     5.7160     0.2556     5.0760 1.3706e+02     9.9779      0.265      0.384    25.3203 0.0000e+00
      0.274      0.016     7.7280     93.528     39.238  39.481452    20.5200     5.7427     0.1704     5.5413 1.3479e+02     9.8873      0.269      0.390    25.3167 0.0000e+00
      0.277      0.015     7.7245     93.208     39.202  39.443740    20.5200     5.7160     0.1704     5.5413 1.3579e+02     9.9024      0.272      0.394    25.3132 0.0000e+00
      0.280      0.014     7.7165     92.813     39.186  39.427003    20.5200     5.7427     0.1704     5.5413 1.3838e+02     9.9024      0.275      0.398    25.3100 0.0000e+00
      0.283      0.014     7.7034     92.358     39.174  39.414826    20.5200     5.9259     0.1704     5.5413 1.3944e+02    10.2348      0.278      0.403    25.3070 0.0000e+00
      0.286      0.014     7.6842     91.847     39.143  39.384035    20.3400     5.9220     0.2130     5.4144 1.3502e+02    10.1894      0.281      0.407    25.3043 0.0000e+00
      0.290      0.014     7.6582     91.257     39.100  39.342360    20.3400     5.8991     0.2130     5.4144 1.2928e+02    10.2045      0.285      0.413    25.3023 0.0000e+00
      0.295      0.014     7.6259     90.534     39.065  39.310565    20.3400     5.9220     0.2130     5.4144 1.2530e+02    10.2348      0.289      0.419    25.3013 0.0000e+00
      0.298      0.014     7.5885     89.581     39.044  39.292127    20.3400     5.7351     0.2130     5.4144 1.2282e+02    10.1592      0.293      0.425    25.3011 0.0000e+00
      0.302      0.012     7.5464     88.310     39.032  39.282130    20.2500     5.7466     0.2130     5.2029 1.1801e+02    10.2650      0.296      0.429    25.3020 0.0000e+00
      0.305      0.010     7.4977     86.707     39.026  39.277907    20.2500     5.7427     0.2130     5.2029 1.1247e+02    10.1894      0.299      0.434    25.3042 0.0000e+00
      0.308      0.008     7.4378     84.866     39.025  39.278334    20.2500     5.7313     0.2130     5.2029 1.0806e+02    10.2348      0.302      0.438    25.3076 0.0000e+00
      0.310      0.006     7.3590     82.958     39.029  39.283523    20.2500     5.8457     0.2130     5.2029 1.0540e+02    10.1743      0.304      0.441    25.3112 0.0000e+00
      0.311      0.004     7.2543     81.157     39.036  39.290874    20.2500     5.8534     0.2130     5.2029 1.0421e+02    10.3254      0.305      0.442    25.3144 0.0000e+00
      0.311      0.002     7.1222     79.580     39.039  39.294377    20.2500     5.8724     0.1704     5.0760 1.0487e+02    10.1592      0.305      0.443    25.3169 0.0000e+00
