Data/DataNotYetUploadedToEDI/Raw_CTD/RawDownloads/062926_fcr30_S7809016.cnv
* Sea-Bird SBE19plus  Data File:
* FileName = C:\R\Reservoirs\Data\DataNotYetUploadedToEDI\Raw_CTD\RawDownloads\062926_fcr50_S7809_0016.hex
* Software version 2.8.0.119
* Temperature SN = 7809
* Conductivity SN = 7809
* System UpLoad Time = Jun 30 2026 09:08:35
* <ApplicationData>
* <Seaterm232>
# nquan = 15
# nvalues = 1216                        
# units = specified
# name 0 = depFM: Depth [fresh water, m]
# name 1 = dz/dtM: Descent Rate [m/s]
# name 2 = sbeox0Mg/L: Oxygen, SBE 43 [mg/l]
# name 3 = sbeox0PS: Oxygen, SBE 43 [% saturation]
# name 4 = specc: Specific Conductance [uS/cm]
# name 5 = c0uS/cm: Conductivity [uS/cm]
# name 6 = flECO-AFL: Fluorescence, WET Labs ECO-AFL/FL [mg/m^3]
# name 7 = ph: pH
# name 8 = orp: Oxidation Reduction Potential [mV]
# name 9 = par/sat/log: PAR/Logarithmic, Satlantic
# name 10 = turbWETntu0: Turbidity, WET Labs ECO [NTU]
# name 11 = prdM: Pressure, Strain Gauge [db]
# name 12 = prdE: Pressure, Strain Gauge [psi]
# name 13 = tv290C: Temperature [ITS-90, deg C]
# name 14 = flag:  0.000e+00
# span 0 =     -0.595,      4.716       
# span 1 =     -0.098,      0.195       
# span 2 =    -0.2175,    10.5760       
# span 3 =     -2.131,    128.305       
# span 4 =      1.167,     67.228       
# span 5 =   1.111890,  52.066229       
# span 6 =    -0.1031,     2.4467       
# span 7 =      9.846,     12.496       
# span 8 =  -230.0318,   104.3368       
# span 9 = 2.0443e-01, 6.9830e+02       
# span 10 =     1.2918,   143.3431      
# span 11 =     -0.584,      4.625      
# span 12 =     -0.847,      6.708      
# span 13 =    10.7244,    25.8163      
# span 14 = 0.0000e+00, 0.0000e+00      
# interval = seconds: 0.25
# start_time = Jun 29 2026 13:30:21 [Instrument's time stamp, header]
# bad_flag = -9.990e-29
*END*
[from data line 1061]
      3.482      0.014    -0.2103     -1.990     62.065  47.298812     0.7318      9.997  -152.6636 8.0346e-01     1.4952      3.415      4.952    13.1673 0.0000e+00
      3.490      0.015    -0.2143     -1.983     62.001  47.256701     0.6952      9.998  -153.7292 8.0320e-01     1.4400      3.425      4.967    13.1950 0.0000e+00
      3.495      0.014    -0.2158     -1.972     62.009  47.262335     0.6902      9.999  -154.6889 8.0591e-01     1.5283      3.429      4.974    13.1502 0.0000e+00
      3.495      0.013    -0.2100     -1.952     62.158  47.366929     0.7140      9.999  -155.7494 8.0571e-01     1.7432      3.428      4.972    13.0978 0.0000e+00
      3.495      0.011    -0.2087     -1.929     62.342  47.505529     0.7244      9.999  -156.8304 8.0002e-01     1.8514      3.426      4.969    13.0942 0.0000e+00
      3.496      0.010    -0.2087     -1.925     62.460  47.604883     0.7077      9.998  -157.7781 7.9492e-01     1.8115      3.428      4.971    13.1108 0.0000e+00
      3.500      0.013    -0.2076     -1.946     62.538  47.679381     0.6958      9.998  -158.8618 7.9497e-01     1.6710      3.432      4.978    13.1091 0.0000e+00
      3.504      0.019    -0.2056     -1.963     62.389  47.580938     0.7304      9.999  -159.9528 7.9297e-01     1.6214      3.437      4.985    13.0950 0.0000e+00
      3.509      0.025    -0.2020     -1.957     61.858  47.176478     0.7767     10.001  -160.9036 7.9165e-01     1.7247      3.440      4.989    13.0938 0.0000e+00
      3.514      0.030    -0.2010     -1.938     61.395  46.788812     0.7892     10.002  -161.9261 7.8974e-01     1.7924      3.444      4.995    13.1044 0.0000e+00
      3.523      0.034    -0.2046     -1.927     61.112  46.512434     0.7735     10.004  -163.0227 7.8062e-01     1.7225      3.453      5.010    13.1165 0.0000e+00
      3.536      0.035    -0.2077     -1.919     60.940  46.310669     0.7444     10.005  -164.0959 7.6369e-01     1.5968      3.467      5.029    13.1311 0.0000e+00
      3.547      0.034    -0.2057     -1.903     61.126  46.380727     0.7287     10.007  -165.0934 7.4699e-01     1.5706      3.479      5.047    13.1439 0.0000e+00
      3.556      0.031    -0.2033     -1.893     61.307  46.470630     0.7409     10.009  -165.9636 7.4352e-01     1.6456      3.486      5.057    13.1099 0.0000e+00
      3.564      0.028    -0.2021     -1.880     61.130  46.318387     0.7509     10.011  -166.8740 7.3415e-01     1.6833      3.496      5.070    13.0505 0.0000e+00
      3.570      0.028    -0.2035     -1.871     60.910  46.127072     0.7244     10.013  -167.8400 7.1953e-01     1.6165      3.504      5.081    12.9987 0.0000e+00
      3.571      0.031    -0.1995     -1.888     60.706  45.934992     0.6877     10.013  -168.6962 7.2462e-01     1.5900      3.500      5.075    12.9272 0.0000e+00
      3.576      0.036    -0.2008     -1.908     60.448  45.709977     0.6732     10.015  -169.5686 7.2970e-01     1.6353      3.502      5.080    12.8830 0.0000e+00
      3.588      0.042    -0.1989     -1.906     60.288  45.564827     0.6825     10.017  -170.4728 7.1771e-01     1.8230      3.519      5.104    12.8882 0.0000e+00
      3.601      0.050    -0.1956     -1.897     60.091  45.386137     0.7092     10.018  -171.3690 6.9741e-01     2.1515      3.533      5.123    12.8693 0.0000e+00
      3.615      0.056    -0.1998     -1.897     59.824  45.136457     0.7131     10.020  -172.3163 6.8136e-01     2.2939      3.544      5.139    12.8235 0.0000e+00
      3.632      0.060    -0.2029     -1.894     59.689  44.958211     0.6872     10.022  -173.3224 6.7063e-01     2.3479      3.562      5.167    12.8055 0.0000e+00
      3.649      0.059    -0.2024     -1.898     59.706  44.881383     0.6715     10.025  -174.3279 6.6310e-01     2.4293      3.578      5.191    12.7882 0.0000e+00
      3.665      0.056    -0.1994     -1.908     59.839  44.905719     0.6644     10.026  -175.2682 6.5484e-01     2.6636      3.593      5.212    12.7648 0.0000e+00
      3.681      0.053    -0.2021     -1.898     59.932  44.934979     0.6592     10.026  -176.2582 6.3667e-01     3.0969      3.611      5.238    12.7346 0.0000e+00
      3.694      0.049    -0.2007     -1.887     60.014  44.981194     0.6419     10.027  -177.2644 6.3352e-01     3.2611      3.624      5.257    12.6612 0.0000e+00
      3.702      0.046    -0.2006     -1.888     60.074  45.020111     0.6053     10.028  -178.2281 6.4537e-01     3.2490      3.631      5.266    12.5788 0.0000e+00
      3.711      0.046    -0.2052     -1.890     59.920  44.897669     0.5826     10.029  -179.3060 6.4169e-01     3.4980      3.637      5.274    12.5064 0.0000e+00
      3.724      0.047    -0.2018     -1.883     59.790  44.770367     0.5841     10.030  -180.4032 6.3127e-01     3.8798      3.652      5.297    12.4758 0.0000e+00
      3.736      0.049    -0.2006     -1.868     59.825  44.750488     0.5985     10.030  -181.3412 6.2983e-01     4.0057      3.665      5.315    12.4746 0.0000e+00
      3.748      0.052    -0.2015     -1.867     59.835  44.720736     0.5903     10.030  -182.1294 6.2553e-01     3.9274      3.672      5.326    12.4626 0.0000e+00
      3.764      0.056    -0.2013     -1.870     59.700  44.601027     0.5600     10.029  -182.8787 6.0774e-01     4.0604      3.692      5.354    12.4735 0.0000e+00
      3.780      0.061    -0.2022     -1.871     59.439  44.382233     0.5399     10.029  -183.6894 5.9656e-01     4.4169      3.710      5.380    12.4438 0.0000e+00
      3.791      0.066    -0.1978     -1.871     59.080  44.043139     0.5303     10.030  -184.5323 5.9231e-01     4.6172      3.717      5.391    12.3916 0.0000e+00
      3.806      0.069    -0.1999     -1.873     58.764  43.674886     0.5439     10.031  -185.4124 5.8479e-01     4.5700      3.729      5.408    12.3614 0.0000e+00
      3.827      0.068    -0.1999     -1.882     58.800  43.547753     0.5467     10.032  -186.2429 5.7798e-01     4.6658      3.752      5.442    12.3484 0.0000e+00
      3.851      0.064    -0.2001     -1.882     59.084  43.648394     0.5139     10.032  -187.0030 5.6270e-01     5.0573      3.778      5.479    12.3492 0.0000e+00
      3.871      0.059    -0.2006     -1.870     59.109  43.622075     0.4967     10.032  -187.8051 5.4391e-01     5.3762      3.799      5.510    12.2922 0.0000e+00
      3.885      0.053    -0.2000     -1.851     58.783  43.356439     0.5137     10.032  -188.5419 5.3503e-01     5.5152      3.813      5.531    12.1683 0.0000e+00
      3.893      0.047    -0.2035     -1.835     58.586  43.166045     0.5110     10.033  -189.2009 5.3083e-01     5.6100      3.819      5.539    12.0114 0.0000e+00
      3.898      0.043    -0.2033     -1.822     58.746  43.224251     0.4642     10.034  -189.8352 5.2781e-01     5.6691      3.823      5.543    11.9081 0.0000e+00
      3.907      0.041    -0.2027     -1.813     58.995  43.361913     0.4302     10.035  -190.4467 5.2806e-01     5.7167      3.830      5.554    11.8932 0.0000e+00
      3.920      0.042    -0.1994     -1.825     59.186  43.497476     0.4247     10.036  -191.1741 5.2777e-01     5.8101      3.844      5.575    11.8864 0.0000e+00
      3.934      0.042    -0.1986     -1.859     59.343  43.657276     0.4217     10.034  -191.9199 5.2590e-01     5.8766      3.859      5.597    11.8433 0.0000e+00
      3.946      0.041    -0.1971     -1.884     59.395  43.770670     0.4192     10.030  -192.5806 5.2148e-01     5.9745      3.870      5.613    11.7812 0.0000e+00
      3.956      0.038    -0.1957     -1.899     59.326  43.789503     0.4202     10.028  -193.1393 5.1279e-01     6.2416      3.879      5.627    11.7350 0.0000e+00
      3.966      0.034    -0.1962     -1.914     59.208  43.758102     0.4252     10.028  -193.5990 5.0074e-01     6.4423      3.890      5.642    11.7271 0.0000e+00
      3.974      0.032    -0.2024     -1.912     59.008  43.644971     0.4299     10.028  -194.1812 4.9764e-01     6.5231      3.897      5.653    11.7688 0.0000e+00
      3.979      0.034    -0.2048     -1.912     58.659  43.373834     0.4268     10.028  -194.8436 4.9803e-01     6.7394      3.902      5.659    11.8508 0.0000e+00
      3.984      0.038    -0.2036     -1.918     58.179  42.955354     0.4045     10.028  -195.4133 4.9109e-01     6.9741      3.906      5.666    11.9079 0.0000e+00
      3.992      0.044    -0.2085     -1.896     57.723  42.520509     0.3763     10.029  -195.9067 4.9131e-01     6.9694      3.913      5.677    11.9502 0.0000e+00
      4.006      0.049    -0.2057     -1.862     57.497  42.241828     0.3778     10.030  -196.4215 4.9816e-01     6.9558      3.928      5.697    11.9992 0.0000e+00
      4.023      0.052    -0.2048     -1.850     57.476  42.124631     0.4052     10.029  -196.9059 5.0071e-01     7.6297      3.945      5.722    11.9840 0.0000e+00
      4.041      0.052    -0.2092     -1.836     57.571  42.118926     0.4249     10.029  -197.2899 4.8803e-01     8.8323      3.963      5.749    11.9221 0.0000e+00
      4.056      0.047    -0.2058     -1.813     57.696  42.172771     0.4169     10.029  -197.7084 4.6847e-01     9.4381      3.979      5.772    11.8339 0.0000e+00
      4.067      0.041    -0.1996     -1.808     57.659  42.140913     0.3912     10.028  -198.1799 4.6745e-01     9.4200      3.989      5.786    11.7259 0.0000e+00
      4.075      0.036    -0.2013     -1.803     57.439  41.987616     0.3644     10.027  -198.6897 4.7868e-01     9.5350      3.997      5.797    11.6350 0.0000e+00
      4.080      0.031    -0.2012     -1.792     57.155  41.779123     0.3512     10.026  -199.2264 4.8770e-01     9.9408      4.002      5.803    11.5647 0.0000e+00
      4.085      0.027    -0.1951     -1.800     56.917  41.587635     0.3644     10.025  -199.6787 4.8744e-01    10.2617      4.006      5.809    11.5331 0.0000e+00
      4.092      0.025    -0.1974     -1.813     56.853  41.512978     0.3654     10.025  -200.1146 4.7914e-01    10.2717      4.013      5.821    11.5368 0.0000e+00
      4.102      0.022    -0.1976     -1.827     56.885  41.511117     0.3465     10.024  -200.5385 4.7990e-01    10.3697      4.023      5.835    11.5509 0.0000e+00
      4.109      0.020    -0.1929     -1.846     56.799  41.438162     0.3700     10.022  -200.8455 4.8387e-01    10.7635      4.031      5.846    11.5527 0.0000e+00
      4.113      0.019    -0.1969     -1.856     56.561  41.265573     0.4236     10.021  -201.2461 4.8178e-01    11.0367      4.034      5.851    11.5339 0.0000e+00
      4.115      0.017    -0.1977     -1.871     56.224  41.011089     0.4460     10.019  -201.7688 4.7511e-01    11.0430      4.035      5.852    11.5067 0.0000e+00
      4.117      0.016    -0.1982     -1.883     55.851  40.709547     0.4236     10.018  -202.1753 4.6333e-01    10.9411      4.036      5.855    11.4773 0.0000e+00
      4.121      0.016    -0.2028     -1.876     55.585  40.475659     0.3867     10.017  -202.5466 4.6241e-01    10.9670      4.041      5.861    11.4695 0.0000e+00
      4.126      0.017    -0.2015     -1.862     55.536  40.404469     0.3822     10.015  -202.9895 4.6742e-01    11.2535      4.047      5.868    11.4806 0.0000e+00
      4.132      0.017    -0.2039     -1.852     55.679  40.483424     0.4115     10.013  -203.4860 4.6807e-01    11.4674      4.052      5.877    11.4769 0.0000e+00
      4.138      0.019    -0.2069     -1.843     55.686  40.478270     0.4327     10.012  -203.9902 4.8264e-01    11.5033      4.059      5.887    11.4454 0.0000e+00
      4.142      0.029    -0.2048     -1.843     55.330  40.215204     0.4052     10.013  -204.5261 4.9144e-01    11.5850      4.063      5.892    11.4040 0.0000e+00
      4.143      0.048    -0.2032     -1.861     54.937  39.904819     0.3450     10.016  -205.1464 4.8494e-01    11.7383      4.063      5.894    11.3712 0.0000e+00
      4.146      0.071    -0.2026     -1.870     54.749  39.708278     0.3299     10.020  -205.7253 4.8642e-01    11.8546      4.062      5.892    11.3460 0.0000e+00
      4.161      0.093    -0.2016     -1.854     54.723  39.615783     0.3636     10.024  -206.2774 4.8233e-01    11.9664      4.071      5.904    11.3375 0.0000e+00
      4.198      0.108    -0.2002     -1.840     54.797  39.611415     0.3949     10.026  -206.8313 4.6562e-01    12.6452      4.112      5.964    11.3459 0.0000e+00
      4.247      0.114    -0.2040     -1.840     54.904  39.655410     0.4002     10.026  -207.2605 4.5168e-01    13.8456      4.171      6.049    11.3321 0.0000e+00
      4.288      0.108    -0.2067     -1.820     55.068  39.766902     0.3857     10.026  -207.5954 4.4265e-01    14.5238      4.211      6.107    11.2647 0.0000e+00
      4.316      0.091    -0.2032     -1.782     55.190  39.880552     0.3862     10.025  -207.9554 4.2329e-01    14.6625      4.235      6.142    11.1866 0.0000e+00
      4.332      0.066    -0.2008     -1.777     55.136  39.887214     0.4071     10.022  -208.3433 4.0326e-01    14.7370      4.254      6.169    11.1337 0.0000e+00
      4.340      0.042    -0.2038     -1.800     55.031  39.847499     0.4292     10.020  -208.7578 3.9998e-01    14.7412      4.258      6.175    11.1032 0.0000e+00
      4.342      0.024    -0.2020     -1.816     55.099  39.908120     0.4204     10.018  -209.0958 4.0611e-01    14.6795      4.256      6.173    11.0931 0.0000e+00
      4.344      0.015    -0.1935     -1.811     55.401  40.112474     0.3840     10.016  -209.3325 4.1128e-01    14.6056      4.261      6.179    11.1182 0.0000e+00
      4.346      0.012    -0.1938     -1.788     55.769  40.350883     0.3804     10.015  -209.6405 4.0914e-01    14.8043      4.262      6.182    11.1742 0.0000e+00
      4.348      0.015    -0.1984     -1.772     56.108  40.569372     0.4108     10.014  -209.9805 4.0212e-01    15.2369      4.264      6.184    11.2114 0.0000e+00
      4.349      0.023    -0.1996     -1.777     56.528  40.850178     0.4352     10.011  -210.3457 3.9177e-01    15.4640      4.264      6.185    11.2210 0.0000e+00
      4.354      0.033    -0.1999     -1.785     56.973  41.143898     0.4250     10.009  -210.7863 3.8279e-01    15.4674      4.267      6.190    11.2045 0.0000e+00
      4.363      0.042    -0.1962     -1.779     57.190  41.264623     0.3877     10.007  -211.2643 3.7870e-01    15.6530      4.280      6.208    11.1718 0.0000e+00
      4.376      0.047    -0.1931     -1.777     57.186  41.230849     0.3838     10.003  -211.7369 3.6969e-01    16.1027      4.289      6.221    11.1486 0.0000e+00
      4.395      0.049    -0.1955     -1.801     57.135  41.179787     0.4110      9.998  -212.1122 3.5746e-01    16.3273      4.307      6.247    11.1323 0.0000e+00
      4.415      0.046    -0.1973     -1.841     57.108  41.154976     0.4253      9.992  -212.4470 3.5878e-01    16.2853      4.334      6.287    11.1101 0.0000e+00
      4.426      0.041    -0.1956     -1.861     57.158  41.184731     0.4148      9.987  -212.8603 3.6762e-01    16.2778      4.343      6.299    11.0727 0.0000e+00
      4.431      0.037    -0.1945     -1.860     57.308  41.285667     0.3840      9.982  -213.3226 3.6930e-01    16.4410      4.344      6.299    11.0391 0.0000e+00
      4.435      0.034    -0.1972     -1.844     57.512  41.423343     0.3867      9.978  -213.7342 3.6649e-01    16.7899      4.351      6.310    11.0314 0.0000e+00
      4.440      0.036    -0.2044     -1.827     57.754  41.579960     0.4221      9.974  -214.0514 3.6090e-01    16.9777      4.353      6.313    11.0321 0.0000e+00
      4.448      0.042    -0.2059     -1.842     57.982  41.719493     0.4289      9.972  -214.2333 3.5543e-01    17.0382      4.360      6.323    11.0235 0.0000e+00
      4.461      0.049    -0.2051     -1.855     58.101  41.777515     0.3944      9.969  -214.2127 3.5125e-01    17.3846      4.377      6.348    11.0183 0.0000e+00
