Data/DataNotYetUploadedToEDI/Raw_CTD/RawDownloads/062926_fcr10_S7809014.cnv
* Sea-Bird SBE19plus  Data File:
* FileName = C:\R\Reservoirs\Data\DataNotYetUploadedToEDI\Raw_CTD\RawDownloads\062926_fcr50_S7809_0014.hex
* Software version 2.8.0.119
* Temperature SN = 7809
* Conductivity SN = 7809
* System UpLoad Time = Jun 30 2026 09:07:17
* <ApplicationData>
* <Seaterm232>
# nquan = 15
# nvalues = 643                         
# units = specified
# name 0 = depFM: Depth [fresh water, m]
# name 1 = dz/dtM: Descent Rate [m/s]
# name 2 = sbeox0Mg/L: Oxygen, SBE 43 [mg/l]
# name 3 = sbeox0PS: Oxygen, SBE 43 [% saturation]
# name 4 = specc: Specific Conductance [uS/cm]
# name 5 = c0uS/cm: Conductivity [uS/cm]
# name 6 = flECO-AFL: Fluorescence, WET Labs ECO-AFL/FL [mg/m^3]
# name 7 = ph: pH
# name 8 = orp: Oxidation Reduction Potential [mV]
# name 9 = par/sat/log: PAR/Logarithmic, Satlantic
# name 10 = turbWETntu0: Turbidity, WET Labs ECO [NTU]
# name 11 = prdM: Pressure, Strain Gauge [db]
# name 12 = prdE: Pressure, Strain Gauge [psi]
# name 13 = tv290C: Temperature [ITS-90, deg C]
# name 14 = flag:  0.000e+00
# span 0 =     -0.608,      2.081       
# span 1 =     -0.129,      0.243       
# span 2 =    -0.2868,    10.7896       
# span 3 =     -3.126,    131.063       
# span 4 =      4.422,     73.287       
# span 5 =   4.566531,  64.317600       
# span 6 =    -0.0334,     7.2929       
# span 7 =      8.247,     12.436       
# span 8 = -1240.7266,    33.1653       
# span 9 = 6.0191e+00, 6.8990e+02       
# span 10 =    -0.1173,    78.0637      
# span 11 =     -0.597,      2.040      
# span 12 =     -0.867,      2.959      
# span 13 =    18.8091,    26.6252      
# span 14 = 0.0000e+00, 0.0000e+00      
# interval = seconds: 0.25
# start_time = Jun 29 2026 13:10:17 [Instrument's time stamp, header]
# bad_flag = -9.990e-29
*END*
[from data line 193]
     -0.016      0.129    10.3841    120.531     41.139  41.557640     1.4254     12.390   -25.7731 4.8052e+02    13.2810     -0.017     -0.024    25.5256 0.0000e+00
      0.019      0.152    10.1727    119.808     41.125  41.532274     1.4101     12.388   -28.4784 4.1357e+02    13.1866      0.018      0.027    25.5214 0.0000e+00
      0.059      0.166    10.0303    119.261     41.129  41.518534     1.3590     12.388   -29.8726 3.4026e+02    13.1721      0.049      0.070    25.5154 0.0000e+00
      0.115      0.167     9.9372    118.854     41.145  41.518423     1.3066     12.390   -30.7573 2.6424e+02    13.2764      0.111      0.161    25.5112 0.0000e+00
      0.175      0.155     9.8584    118.576     41.167  41.530898     1.2935     12.393   -30.8288 2.2006e+02    13.3206      0.182      0.264    25.5068 0.0000e+00
      0.218      0.133     9.8051    118.419     41.184  41.542419     1.2997     12.396   -30.4797 2.0254e+02    13.2968      0.218      0.316    25.4921 0.0000e+00
      0.246      0.103     9.7656    118.386     41.174  41.530784     1.2899     12.398   -30.1502 1.9191e+02    13.1935      0.244      0.354    25.4665 0.0000e+00
      0.265      0.069     9.7357    118.443     41.159  41.517155     1.2508     12.400   -30.1146 1.8900e+02    12.7888      0.264      0.384    25.4454 0.0000e+00
      0.273      0.039     9.7164    118.558     41.144  41.504566     1.2255     12.401   -30.3080 1.9123e+02    12.2298      0.270      0.391    25.4338 0.0000e+00
      0.273      0.019     9.7027    118.700     41.140  41.505510     1.2345     12.402   -30.5086 1.9437e+02    11.9688      0.268      0.389    25.4279 0.0000e+00
      0.272      0.008     9.7028    118.817     41.155  41.528578     1.2433     12.404   -30.6475 1.9712e+02    11.9549      0.266      0.386    25.4260 0.0000e+00
      0.271      0.002     9.7077    118.913     41.147  41.529626     1.2492     12.405   -30.6968 1.9776e+02    11.9596      0.264      0.383    25.4274 0.0000e+00
      0.271      0.002     9.7165    118.963     41.127  41.518199     1.2549     12.405   -30.7601 1.9652e+02    11.9913      0.264      0.383    25.4309 0.0000e+00
      0.272      0.006     9.7307    118.920     41.119  41.517357     1.2704     12.407   -31.1548 1.9451e+02    12.0652      0.267      0.386    25.4362 0.0000e+00
      0.273      0.011     9.7364    118.847     41.115  41.519445     1.3034     12.409   -31.7690 1.9138e+02    12.0671      0.268      0.388    25.4476 0.0000e+00
      0.275      0.017     9.7419    118.760     41.136  41.543458     1.3127     12.411   -31.9921 1.8715e+02    12.0144      0.269      0.391    25.4608 0.0000e+00
      0.279      0.029     9.7495    118.614     41.148  41.553834     1.2828     12.411   -31.6155 1.8291e+02    12.0771      0.272      0.395    25.4700 0.0000e+00
      0.285      0.045     9.7388    118.461     41.118  41.517969     1.2582     12.408   -31.0009 1.7931e+02    12.2109      0.280      0.407    25.4795 0.0000e+00
      0.293      0.060     9.7308    118.372     41.099  41.490599     1.2648     12.406   -30.4124 1.7473e+02    12.3339      0.285      0.414    25.4873 0.0000e+00
      0.310      0.072     9.7279    118.394     41.099  41.476762     1.2715     12.407   -29.9200 1.6417e+02    12.4019      0.296      0.430    25.4897 0.0000e+00
      0.341      0.079     9.7119    118.519     41.115  41.477587     1.2727     12.407   -29.7791 1.5017e+02    12.3851      0.335      0.486    25.4874 0.0000e+00
      0.371      0.081     9.6992    118.623     41.150  41.500544     1.2792     12.408   -29.8274 1.4143e+02    12.3700      0.369      0.535    25.4813 0.0000e+00
      0.392      0.078     9.6925    118.601     41.157  41.500448     1.2670     12.411   -29.6435 1.3651e+02    12.4230      0.385      0.558    25.4718 0.0000e+00
      0.408      0.070     9.6958    118.509     41.135  41.476414     1.2660     12.412   -29.2755 1.3225e+02    12.4117      0.402      0.583    25.4556 0.0000e+00
      0.422      0.058     9.7150    118.453     41.121  41.463814     1.2760     12.412   -28.8200 1.2873e+02    12.1992      0.415      0.601    25.4343 0.0000e+00
      0.435      0.047     9.7312    118.457     41.130  41.475040     1.2715     12.413   -28.3525 1.2393e+02    11.9715      0.425      0.616    25.4173 0.0000e+00
      0.448      0.039     9.7278    118.495     41.140  41.485217     1.2695     12.415   -28.0110 1.1920e+02    11.9135      0.440      0.638    25.4092 0.0000e+00
      0.458      0.032     9.7162    118.563     41.118  41.459935     1.2680     12.415   -27.8748 1.1708e+02    12.0091      0.451      0.654    25.4076 0.0000e+00
      0.463      0.027     9.7110    118.666     41.085  41.423219     1.2790     12.415   -27.9102 1.1616e+02    12.1381      0.454      0.658    25.4102 0.0000e+00
      0.467      0.023     9.7120    118.772     41.088  41.422084     1.2778     12.415   -27.9227 1.1494e+02    12.1071      0.457      0.664    25.4140 0.0000e+00
      0.472      0.020     9.7155    118.907     41.115  41.446202     1.2614     12.415   -27.8532 1.1351e+02    11.9755      0.463      0.671    25.4145 0.0000e+00
      0.476      0.019     9.7199    119.097     41.131  41.460956     1.2564     12.415   -27.6724 1.1219e+02    11.9123      0.467      0.677    25.4104 0.0000e+00
      0.481      0.020     9.7321    119.221     41.146  41.473543     1.2324     12.416   -27.3718 1.1107e+02    11.8903      0.470      0.684    25.4055 0.0000e+00
      0.486      0.022     9.7412    119.197     41.146  41.471453     1.2136     12.417   -27.0582 1.1016e+02    11.8800      0.477      0.692    25.4000 0.0000e+00
      0.491      0.026     9.7487    119.107     41.114  41.435683     1.2209     12.418   -26.7194 1.0954e+02    11.8222      0.482      0.699    25.3963 0.0000e+00
      0.496      0.029     9.7714    119.036     41.104  41.421837     1.2283     12.417   -26.5447 1.0810e+02    11.7377      0.484      0.702    25.3946 0.0000e+00
      0.505      0.031     9.7852    119.012     41.117  41.430975     1.2371     12.418   -26.6676 1.0545e+02    11.7811      0.494      0.716    25.3934 0.0000e+00
      0.516      0.034     9.7786    118.990     41.107  41.419228     1.2438     12.421   -26.8283 1.0281e+02    11.9370      0.507      0.735    25.3910 0.0000e+00
      0.527      0.035     9.7705    118.920     41.095  41.406723     1.2598     12.422   -26.8525 1.0091e+02    12.0855      0.518      0.751    25.3860 0.0000e+00
      0.534      0.034     9.7640    118.838     41.095  41.406722     1.2878     12.421   -26.8743 9.9281e+01    12.0734      0.524      0.760    25.3813 0.0000e+00
      0.541      0.029     9.7646    118.782     41.106  41.419215     1.3008     12.421   -26.9203 9.6587e+01    11.9275      0.529      0.766    25.3759 0.0000e+00
      0.552      0.024     9.7668    118.737     41.116  41.430849     1.2831     12.423   -26.8061 9.3658e+01    11.8590      0.541      0.786    25.3718 0.0000e+00
      0.562      0.019     9.7583    118.698     41.103  41.420453     1.2566     12.424   -26.4409 9.2723e+01    11.9282      0.555      0.805    25.3715 0.0000e+00
      0.563      0.016     9.7498    118.646     41.101  41.420453     1.2641     12.424   -25.9458 9.3260e+01    12.0472      0.554      0.804    25.3743 0.0000e+00
      0.561      0.013     9.7462    118.542     41.111  41.430858     1.2741     12.424   -25.5520 9.3193e+01    11.9997      0.549      0.795    25.3756 0.0000e+00
      0.561      0.009     9.7424    118.416     41.099  41.419319     1.2604     12.424   -25.2920 9.1949e+01    11.7971      0.548      0.795    25.3761 0.0000e+00
      0.566      0.007     9.7381    118.304     41.085  41.407866     1.2563     12.424   -25.0402 9.0673e+01    11.6813      0.555      0.805    25.3800 0.0000e+00
      0.572      0.008     9.7365    118.215     41.095  41.419319     1.2494     12.425   -24.7442 9.0284e+01    11.7278      0.563      0.816    25.3832 0.0000e+00
      0.573      0.008     9.7259    118.220     41.105  41.430868     1.2522     12.426   -24.5526 9.0484e+01    11.8805      0.563      0.816    25.3831 0.0000e+00
      0.573      0.007     9.7134    118.360     41.095  41.420568     1.2653     12.427   -24.4442 9.0595e+01    11.9210      0.561      0.813    25.3837 0.0000e+00
      0.573      0.005     9.7057    118.573     41.098  41.421723     1.2665     12.426   -24.2932 9.0244e+01    11.8076      0.561      0.814    25.3868 0.0000e+00
      0.575      0.002     9.6941    118.750     41.121  41.444820     1.2670     12.426   -24.1046 8.9617e+01    11.7061      0.564      0.818    25.3899 0.0000e+00
      0.577      0.000     9.6927    118.814     41.121  41.445973     1.2540     12.426   -23.7988 8.9310e+01    11.6503      0.567      0.822    25.3907 0.0000e+00
      0.578     -0.001     9.7071    118.778     41.107  41.435673     1.2510     12.427   -23.5203 8.9670e+01    11.7473      0.568      0.824    25.3895 0.0000e+00
      0.576     -0.002     9.7280    118.698     41.112  41.447220     1.2560     12.429   -23.4045 9.0255e+01    11.9224      0.565      0.820    25.3874 0.0000e+00
      0.573     -0.003     9.7460    118.627     41.115  41.458664     1.2570     12.429   -23.2592 9.0539e+01    11.9579      0.562      0.815    25.3862 0.0000e+00
      0.572     -0.003     9.7497    118.610     41.098  41.447116     1.2703     12.428   -22.9677 9.0568e+01    11.9370      0.560      0.813    25.3883 0.0000e+00
      0.572     -0.002     9.7440    118.640     41.085  41.434535     1.2750     12.428   -22.6340 9.0510e+01    12.0459      0.560      0.813    25.3922 0.0000e+00
      0.572      0.000     9.7353    118.693     41.086  41.433487     1.2814     12.429   -22.4070 9.0505e+01    12.2488      0.561      0.813    25.4002 0.0000e+00
      0.572      0.002     9.7243    118.748     41.089  41.434432     1.2891     12.430   -22.2888 9.0559e+01    12.2728      0.561      0.814    25.4130 0.0000e+00
      0.572      0.003     9.7231    118.827     41.103  41.445971     1.2930     12.430   -22.2373 9.0405e+01    12.1993      0.561      0.813    25.4215 0.0000e+00
      0.573      0.004     9.7257    118.950     41.107  41.446066     1.3034     12.430   -22.3013 8.9933e+01    12.1798      0.560      0.814    25.4207 0.0000e+00
      0.575      0.004     9.7321    119.053     41.100  41.435568     1.3068     12.430   -22.4596 8.9510e+01    12.1060      0.564      0.818    25.4163 0.0000e+00
      0.577      0.004     9.7365    119.083     41.112  41.445963     1.3175     12.431   -22.6027 8.9411e+01    12.0925      0.566      0.821    25.4145 0.0000e+00
      0.578      0.005     9.7405    119.039     41.111  41.444828     1.3406     12.432   -22.7408 8.9406e+01    12.0836      0.567      0.822    25.4126 0.0000e+00
      0.578      0.007     9.7558    118.943     41.087  41.421835     1.3290     12.433   -22.8378 8.9221e+01    12.0669      0.567      0.822    25.4068 0.0000e+00
      0.579      0.010     9.7663    118.820     41.087  41.421825     1.2765     12.433   -22.7435 8.8801e+01    12.1984      0.567      0.824    25.4010 0.0000e+00
      0.581      0.012     9.7691    118.719     41.110  41.444704     1.2478     12.432   -22.5473 8.7970e+01    12.3764      0.569      0.826    25.3985 0.0000e+00
      0.585      0.014     9.7643    118.657     41.107  41.444599     1.2650     12.432   -22.3580 8.6464e+01    12.5105      0.573      0.830    25.3997 0.0000e+00
      0.591      0.014     9.7560    118.598     41.078  41.420554     1.2846     12.431   -22.3481 8.4805e+01    12.3846      0.580      0.841    25.4018 0.0000e+00
      0.597      0.013     9.7441    118.530     41.062  41.407860     1.2844     12.431   -22.5996 8.3782e+01    12.0165      0.586      0.851    25.4010 0.0000e+00
      0.601      0.012     9.7345    118.456     41.071  41.418056     1.2874     12.431   -22.6456 8.3283e+01    11.8514      0.589      0.855    25.4003 0.0000e+00
      0.603      0.011     9.7319    118.401     41.072  41.416895     1.2966     12.432   -22.4736 8.2983e+01    11.9597      0.591      0.857    25.4039 0.0000e+00
      0.603      0.010     9.7247    118.383     41.056  41.393817     1.2950     12.433   -22.4136 8.2771e+01    12.0284      0.591      0.858    25.4104 0.0000e+00
      0.604      0.010     9.7192    118.405     41.062  41.392881     1.2768     12.435   -22.4365 8.2436e+01    11.9981      0.592      0.859    25.4165 0.0000e+00
      0.607      0.012     9.7109    118.452     41.084  41.405565     1.2508     12.436   -22.4924 8.1939e+01    12.0373      0.594      0.862    25.4188 0.0000e+00
      0.610      0.017     9.7068    118.492     41.109  41.420235     1.2389     12.436   -22.4009 8.1340e+01    12.0927      0.597      0.867    25.4150 0.0000e+00
      0.614      0.021     9.7073    118.527     41.141  41.443315     1.2410     12.436   -22.1905 8.0350e+01    12.1896      0.602      0.872    25.4062 0.0000e+00
      0.620      0.023     9.7099    118.546     41.134  41.430745     1.2598     12.435   -21.9277 7.8971e+01    12.4577      0.608      0.882    25.3974 0.0000e+00
      0.628      0.024     9.7188    118.521     41.102  41.395174     1.2746     12.433   -21.4604 7.7509e+01    12.6701      0.616      0.894    25.3863 0.0000e+00
      0.637      0.022     9.7227    118.438     41.100  41.394021     1.2533     12.432   -21.1005 7.6115e+01    12.6742      0.624      0.906    25.3711 0.0000e+00
      0.643      0.018     9.7289    118.357     41.118  41.416805     1.2362     12.431   -21.2752 7.5187e+01    12.6092      0.633      0.918    25.3594 0.0000e+00
      0.648      0.012     9.7319    118.347     41.112  41.416785     1.2512     12.430   -21.6795 7.4833e+01    12.4649      0.637      0.924    25.3532 0.0000e+00
      0.650      0.006     9.7317    118.375     41.083  41.393799     1.2763     12.430   -21.7737 7.4833e+01    12.2616      0.639      0.926    25.3498 0.0000e+00
      0.649      0.001     9.7233    118.442     41.078  41.392748     1.2897     12.430   -21.4678 7.5043e+01    12.0977      0.638      0.925    25.3498 0.0000e+00
      0.648     -0.002     9.7106    118.589     41.087  41.404078     1.2792     12.430   -20.9916 7.5346e+01    11.9532      0.635      0.922    25.3564 0.0000e+00
      0.645     -0.003     9.7124    118.754     41.087  41.403870     1.2578     12.430   -20.5765 7.5708e+01    11.8114      0.633      0.918    25.3652 0.0000e+00
      0.643     -0.003     9.7133    118.867     41.075  41.390232     1.2565     12.430   -20.2343 7.6003e+01    11.7502      0.631      0.915    25.3717 0.0000e+00
      0.643     -0.002     9.7140    118.921     41.054  41.366113     1.2877     12.431   -20.0380 7.6138e+01    11.8281      0.631      0.915    25.3772 0.0000e+00
      0.644      0.000     9.7292    118.935     41.057  41.366115     1.3109     12.432   -20.0096 7.6258e+01    11.8646      0.632      0.917    25.3807 0.0000e+00
      0.645      0.001     9.7456    118.951     41.085  41.390243     1.2868     12.432   -20.0634 7.6360e+01    11.8162      0.632      0.917    25.3805 0.0000e+00
      0.645      0.002     9.7539    118.961     41.101  41.403975     1.2548     12.432   -20.1714 7.6364e+01    11.8578      0.632      0.917    25.3780 0.0000e+00
      0.646      0.002     9.7601    118.928     41.104  41.405214     1.2564     12.433   -20.2839 7.6384e+01    11.9912      0.633      0.919    25.3744 0.0000e+00
      0.646      0.004     9.7589    118.868     41.105  41.405223     1.2732     12.435   -20.4774 7.6333e+01    12.0972      0.633      0.919    25.3697 0.0000e+00
      0.647      0.010     9.7615    118.802     41.105  41.404080     1.2750     12.436   -20.6180 7.6199e+01    12.0799      0.634      0.920    25.3658 0.0000e+00
      0.647      0.022     9.7656    118.742     41.095  41.391388     1.2697     12.435   -20.5208 7.5926e+01    12.0906      0.634      0.920    25.3627 0.0000e+00
