Data/DataNotYetUploadedToEDI/Raw_CTD/RawDownloads/062926_fcr50_S7809018.cnv
* Sea-Bird SBE19plus  Data File:
* FileName = C:\R\Reservoirs\Data\DataNotYetUploadedToEDI\Raw_CTD\RawDownloads\062926_fcr50_S7809_0018.hex
* Software version 2.8.0.119
* Temperature SN = 7809
* Conductivity SN = 7809
* System UpLoad Time = Jun 30 2026 09:09:59
* <ApplicationData>
* <Seaterm232>
# nquan = 15
# nvalues = 1759                        
# units = specified
# name 0 = depFM: Depth [fresh water, m]
# name 1 = dz/dtM: Descent Rate [m/s]
# name 2 = sbeox0Mg/L: Oxygen, SBE 43 [mg/l]
# name 3 = sbeox0PS: Oxygen, SBE 43 [% saturation]
# name 4 = specc: Specific Conductance [uS/cm]
# name 5 = c0uS/cm: Conductivity [uS/cm]
# name 6 = flECO-AFL: Fluorescence, WET Labs ECO-AFL/FL [mg/m^3]
# name 7 = ph: pH
# name 8 = orp: Oxidation Reduction Potential [mV]
# name 9 = par/sat/log: PAR/Logarithmic, Satlantic
# name 10 = turbWETntu0: Turbidity, WET Labs ECO [NTU]
# name 11 = prdM: Pressure, Strain Gauge [db]
# name 12 = prdE: Pressure, Strain Gauge [psi]
# name 13 = tv290C: Temperature [ITS-90, deg C]
# name 14 = flag:  0.000e+00
# span 0 =     -0.595,      9.537       
# span 1 =     -0.130,      0.218       
# span 2 =    -0.8768,    11.4282       
# span 3 =     -7.422,    136.353       
# span 4 =      3.027,    316.575       
# span 5 =   2.701309, 220.778600       
# span 6 =    -0.0954,     3.7152       
# span 7 =      9.371,     12.555       
# span 8 =  -383.0249,  -102.0304       
# span 9 = 1.2358e-01, 8.3573e+02       
# span 10 =    -0.2644,   143.8499      
# span 11 =     -0.585,      9.354      
# span 12 =     -0.848,     13.567      
# span 13 =     9.8657,    25.2683      
# span 14 = 0.0000e+00, 0.0000e+00      
# interval = seconds: 0.25
# start_time = Jun 29 2026 13:50:18 [Instrument's time stamp, header]
# bad_flag = -9.990e-29
*END*
[from data line 868]
      2.758      0.033    -0.1665     -1.677     45.357  36.715715     1.0171     10.422  -337.1176 4.7520e+00     3.0566      2.703      3.920    15.6915 0.0000e+00
      2.771      0.035    -0.1643     -1.678     45.377  36.695641     0.9985     10.420  -337.3090 4.6638e+00     3.0911      2.716      3.940    15.6577 0.0000e+00
      2.785      0.039    -0.1661     -1.683     45.317  36.620609     1.0315     10.417  -337.6574 4.5760e+00     3.2826      2.733      3.964    15.5979 0.0000e+00
      2.795      0.044    -0.1672     -1.680     45.221  36.506469     1.0827     10.414  -338.1466 4.5187e+00     3.4928      2.743      3.979    15.5246 0.0000e+00
      2.801      0.050    -0.1673     -1.662     45.151  36.394244     1.0936     10.412  -338.7499 4.4713e+00     3.5149      2.745      3.981    15.4614 0.0000e+00
      2.809      0.057    -0.1675     -1.653     45.110  36.278887     1.1213     10.412  -339.2739 4.3954e+00     3.4134      2.752      3.990    15.4255 0.0000e+00
      2.824      0.062    -0.1682     -1.668     45.136  36.190301     1.6517     10.411  -339.5778 4.2854e+00     3.7006      2.767      4.015    15.4065 0.0000e+00
      2.846      0.065    -0.1693     -1.683     45.223  36.147905     2.6363     10.410  -339.8437 4.1544e+00     4.3573      2.790      4.047    15.3668 0.0000e+00
      2.870      0.065    -0.1657     -1.675     45.336  36.146860     3.1552     10.408  -340.1656 4.0362e+00     4.6582      2.817      4.085    15.3083 0.0000e+00
      2.890      0.060    -0.1647     -1.659     45.459  36.177550     3.1723     10.406  -340.4585 3.9504e+00     4.6052      2.837      4.115    15.2234 0.0000e+00
      2.905      0.050    -0.1674     -1.649     45.550  36.201637     3.1434     10.402  -340.8035 3.8794e+00     4.6054      2.850      4.134    15.0877 0.0000e+00
      2.915      0.043    -0.1716     -1.652     45.657  36.247688     2.9554     10.399  -341.1530 3.8200e+00     4.6941      2.859      4.147    14.9520 0.0000e+00
      2.920      0.041    -0.1696     -1.676     45.928  36.417044     2.6134     10.398  -341.4155 3.7830e+00     4.7893      2.864      4.156    14.8535 0.0000e+00
      2.923      0.045    -0.1675     -1.691     46.404  36.726383     2.4130     10.397  -341.7409 3.7540e+00     4.7321      2.865      4.156    14.7804 0.0000e+00
      2.929      0.051    -0.1676     -1.690     47.034  37.132379     2.3390     10.395  -342.0757 3.6882e+00     4.5490      2.867      4.158    14.7303 0.0000e+00
      2.946      0.059    -0.1655     -1.688     47.733  37.581964     1.9684     10.394  -342.2799 3.5596e+00     4.1125      2.886      4.186    14.6954 0.0000e+00
      2.971      0.068    -0.1715     -1.682     48.438  38.037514     1.3369     10.394  -342.4885 3.4301e+00     3.4858      2.915      4.230    14.6529 0.0000e+00
      2.993      0.074    -0.1731     -1.683     49.173  38.515546     1.0114     10.394  -342.7915 3.3561e+00     3.2238      2.938      4.261    14.5803 0.0000e+00
      3.010      0.075    -0.1714     -1.694     49.904  38.983023     0.9796     10.394  -343.1035 3.2965e+00     3.1978      2.951      4.280    14.4748 0.0000e+00
      3.027      0.070    -0.1735     -1.700     50.377  39.247382     0.9531     10.393  -343.4222 3.2165e+00     3.1722      2.966      4.302    14.3606 0.0000e+00
      3.046      0.061    -0.1718     -1.710     50.394  39.173302     0.9227     10.391  -343.7187 3.1227e+00     3.2559      2.986      4.332    14.2621 0.0000e+00
      3.064      0.052    -0.1721     -1.732     50.293  39.039158     0.9032     10.389  -343.9360 3.0367e+00     3.3217      3.006      4.360    14.1650 0.0000e+00
      3.079      0.043    -0.1752     -1.756     50.384  39.085023     0.9175     10.387  -344.1569 2.9882e+00     3.3177      3.023      4.383    14.0571 0.0000e+00
      3.087      0.035    -0.1752     -1.771     50.574  39.220141     0.9295     10.384  -344.4102 2.9704e+00     3.2770      3.030      4.394    13.9456 0.0000e+00
      3.089      0.030    -0.1759     -1.775     50.754  39.340132     0.9229     10.381  -344.5896 2.9597e+00     3.2740      3.029      4.393    13.8500 0.0000e+00
      3.091      0.033    -0.1795     -1.768     51.285  39.710797     0.9213     10.378  -344.8636 2.9493e+00     3.3152      3.031      4.396    13.7964 0.0000e+00
      3.096      0.042    -0.1820     -1.747     52.525  40.592012     0.9102     10.374  -345.4861 2.9333e+00     3.2963      3.036      4.403    13.7806 0.0000e+00
      3.105      0.056    -0.1840     -1.717     53.750  41.426888     0.8799     10.371  -346.0926 2.8869e+00     2.9773      3.041      4.410    13.7742 0.0000e+00
      3.122      0.070    -0.1841     -1.702     54.400  41.808275     0.8380     10.368  -346.3462 2.8040e+00     2.3958      3.057      4.433    13.7581 0.0000e+00
      3.148      0.080    -0.1838     -1.706     54.826  42.029741     0.8279     10.363  -346.4878 2.7256e+00     2.1410      3.086      4.476    13.7266 0.0000e+00
      3.177      0.085    -0.1821     -1.720     55.248  42.263843     0.8406     10.357  -346.7725 2.6719e+00     2.2196      3.116      4.520    13.6533 0.0000e+00
      3.203      0.083    -0.1777     -1.731     55.550  42.417192     0.8256     10.352  -347.2933 2.6179e+00     2.1837      3.142      4.557    13.5358 0.0000e+00
      3.223      0.076    -0.1769     -1.728     55.556  42.360451     0.7965     10.346  -347.8803 2.5730e+00     2.0828      3.162      4.586    13.4176 0.0000e+00
      3.239      0.064    -0.1782     -1.743     55.409  42.212451     0.7714     10.340  -348.2779 2.5594e+00     2.1271      3.177      4.608    13.3209 0.0000e+00
      3.253      0.052    -0.1799     -1.779     55.358  42.151017     0.7720     10.334  -348.6590 2.5479e+00     2.2760      3.191      4.629    13.2441 0.0000e+00
      3.265      0.041    -0.1832     -1.796     55.352  42.125405     0.7871     10.328  -349.0463 2.5292e+00     2.4138      3.204      4.646    13.1736 0.0000e+00
      3.274      0.032    -0.1807     -1.802     55.330  42.093168     0.7796     10.323  -349.3468 2.5301e+00     2.4270      3.211      4.657    13.1092 0.0000e+00
      3.280      0.026    -0.1810     -1.800     55.328  42.078585     0.7557     10.318  -349.7115 2.5453e+00     2.2650      3.217      4.666    13.0840 0.0000e+00
      3.284      0.022    -0.1898     -1.794     55.348  42.076006     0.7319     10.313  -350.0149 2.5448e+00     2.0938      3.221      4.671    13.0718 0.0000e+00
      3.287      0.019    -0.1882     -1.806     55.348  42.061968     0.7408     10.309  -350.2612 2.5379e+00     2.0992      3.222      4.674    13.0453 0.0000e+00
      3.291      0.019    -0.1903     -1.822     55.309  42.035781     0.7799     10.304  -350.2804 2.5372e+00     2.2277      3.228      4.681    13.0338 0.0000e+00
      3.296      0.017    -0.1906     -1.824     55.093  41.886325     0.7974     10.298  -349.9896 2.5354e+00     2.2821      3.233      4.690    13.0272 0.0000e+00
      3.301      0.012    -0.1870     -1.828     54.495  41.460855     0.7779     10.292  -349.9276 2.5354e+00     2.2105      3.237      4.695    13.0058 0.0000e+00
      3.307      0.007    -0.1906     -1.847     53.642  40.890078     0.7432     10.286  -350.2197 2.5391e+00     2.1139      3.243      4.704    12.9867 0.0000e+00
      3.312      0.002    -0.1927     -1.852     53.046  40.570404     0.7364     10.280  -350.7680 2.5534e+00     2.1388      3.251      4.715    12.9931 0.0000e+00
      3.310      0.001    -0.1924     -1.852     53.220  40.832694     0.7706     10.272  -351.1362 2.5817e+00     2.2713      3.249      4.711    13.0139 0.0000e+00
      3.301      0.005    -0.1908     -1.864     53.984  41.459393     0.7991     10.265  -351.0585 2.6082e+00     2.3498      3.235      4.693    13.0183 0.0000e+00
      3.295      0.010    -0.1956     -1.870     54.604  41.864456     0.7809     10.261  -351.1189 2.6097e+00     2.3024      3.227      4.681    13.0854 0.0000e+00
      3.299      0.014    -0.1947     -1.865     54.678  41.795110     0.7494     10.258  -351.3495 2.5789e+00     2.2107      3.233      4.689    13.2389 0.0000e+00
      3.312      0.018    -0.1917     -1.845     54.450  41.509355     0.7595     10.257  -351.6107 2.5418e+00     2.2318      3.247      4.710    13.3912 0.0000e+00
      3.327      0.019    -0.1955     -1.812     54.435  41.455838     0.7954     10.255  -351.8680 2.5364e+00     2.3182      3.266      4.736    13.4415 0.0000e+00
      3.334      0.018    -0.1958     -1.794     54.759  41.719233     0.8171     10.250  -351.8785 2.5600e+00     2.3335      3.273      4.748    13.3469 0.0000e+00
      3.332      0.015    -0.1959     -1.799     55.068  41.964858     0.8056     10.247  -351.9102 2.5856e+00     2.2455      3.267      4.739    13.2134 0.0000e+00
      3.327      0.013    -0.1951     -1.799     55.162  42.013824     0.7892     10.246  -352.1648 2.5976e+00     2.2115      3.260      4.728    13.0858 0.0000e+00
      3.328      0.014    -0.1898     -1.786     55.187  41.993894     0.8182     10.243  -352.5482 2.5906e+00     2.3660      3.261      4.730    13.0477 0.0000e+00
      3.334      0.019    -0.1875     -1.776     55.195  41.977727     0.8655     10.241  -353.0181 2.5710e+00     2.4743      3.269      4.741    13.1004 0.0000e+00
      3.342      0.025    -0.1894     -1.777     55.120  41.945257     0.8865     10.238  -353.5451 2.5473e+00     2.4617      3.278      4.754    13.1122 0.0000e+00
      3.351      0.030    -0.1902     -1.772     55.012  41.918694     0.8642     10.235  -353.9294 2.5380e+00     2.4869      3.288      4.767    13.0857 0.0000e+00
      3.360      0.035    -0.1877     -1.773     54.860  41.847032     0.8200     10.231  -353.9640 2.5350e+00     2.5398      3.295      4.778    13.0399 0.0000e+00
      3.367      0.037    -0.1859     -1.792     54.661  41.713555     0.8272     10.229  -353.9638 2.5222e+00     2.6233      3.302      4.789    13.0034 0.0000e+00
      3.376      0.037    -0.1881     -1.813     54.556  41.637724     0.8681     10.227  -354.1851 2.5038e+00     2.6428      3.309      4.799    13.0337 0.0000e+00
      3.387      0.036    -0.1858     -1.822     54.558  41.628343     0.8406     10.224  -354.8333 2.4662e+00     2.5362      3.320      4.815    13.1029 0.0000e+00
      3.402      0.033    -0.1850     -1.836     54.563  41.600122     0.7434     10.222  -355.7782 2.4278e+00     2.4954      3.338      4.841    13.1484 0.0000e+00
      3.412      0.029    -0.1881     -1.875     54.533  41.550345     0.6751     10.220  -356.1455 2.4147e+00     2.5934      3.348      4.857    13.1546 0.0000e+00
      3.416      0.028    -0.1909     -1.899     54.511  41.534215     0.6726     10.218  -355.8335 2.4054e+00     2.7302      3.350      4.859    13.1611 0.0000e+00
      3.417      0.029    -0.1917     -1.886     54.479  41.532034     0.6877     10.216  -355.5326 2.3783e+00     2.7827      3.350      4.859    13.1580 0.0000e+00
      3.421      0.030    -0.1906     -1.865     54.442  41.523997     0.6916     10.213  -356.0358 2.3523e+00     2.7498      3.354      4.865    13.1162 0.0000e+00
      3.429      0.030    -0.1984     -1.856     54.480  41.564004     0.6861     10.209  -357.0127 2.3419e+00     2.7428      3.360      4.873    13.0805 0.0000e+00
      3.442      0.029    -0.2018     -1.856     54.572  41.634951     0.6712     10.205  -357.2780 2.3238e+00     2.8012      3.373      4.892    13.0850 0.0000e+00
      3.457      0.025    -0.1978     -1.834     54.657  41.683654     0.6615     10.202  -357.0061 2.3054e+00     2.9092      3.393      4.920    13.1176 0.0000e+00
      3.466      0.020    -0.1957     -1.794     54.634  41.645082     0.6526     10.199  -356.9086 2.3209e+00     2.9215      3.403      4.936    13.1366 0.0000e+00
      3.466      0.016    -0.1939     -1.779     54.495  41.549369     0.6379     10.195  -357.3042 2.3508e+00     2.7788      3.399      4.932    13.1436 0.0000e+00
      3.461      0.012    -0.1963     -1.794     54.434  41.541928     0.6252     10.193  -358.0028 2.3517e+00     2.6871      3.392      4.920    13.1523 0.0000e+00
      3.460      0.010    -0.1941     -1.811     54.503  41.618628     0.6246     10.191  -358.4729 2.3332e+00     2.8373      3.391      4.917    13.1339 0.0000e+00
      3.464      0.011    -0.1869     -1.817     54.555  41.651676     0.6387     10.189  -358.6861 2.3167e+00     3.1253      3.397      4.927    13.0958 0.0000e+00
      3.472      0.013    -0.1855     -1.804     54.543  41.624145     0.6380     10.186  -358.8587 2.3071e+00     3.1978      3.405      4.939    13.1039 0.0000e+00
      3.478      0.014    -0.1889     -1.779     54.540  41.603077     0.6325     10.184  -358.8394 2.3063e+00     3.0314      3.413      4.949    13.1636 0.0000e+00
      3.482      0.013    -0.1901     -1.771     54.543  41.587334     0.6305     10.183  -358.7112 2.3077e+00     2.9237      3.416      4.955    13.1915 0.0000e+00
      3.483      0.011    -0.1914     -1.781     54.515  41.560719     0.6131     10.181  -358.8573 2.3128e+00     3.0232      3.415      4.953    13.1719 0.0000e+00
      3.484      0.009    -0.1905     -1.788     54.460  41.535149     0.5976     10.178  -359.2293 2.3148e+00     3.2088      3.416      4.954    13.1538 0.0000e+00
      3.485      0.009    -0.1854     -1.783     54.436  41.532064     0.5846     10.176  -359.6816 2.3094e+00     3.2550      3.419      4.958    13.1376 0.0000e+00
      3.487      0.014    -0.1856     -1.779     54.458  41.523440     0.5726     10.175  -359.5939 2.3010e+00     3.2068      3.420      4.960    13.1183 0.0000e+00
      3.490      0.021    -0.1873     -1.790     54.488  41.430851     0.5691     10.173  -358.8570 2.2857e+00     3.3771      3.423      4.964    13.1034 0.0000e+00
      3.494      0.027    -0.1884     -1.800     54.603  41.301026     0.5755     10.172  -358.6010 2.2671e+00     3.7769      3.425      4.969    13.1306 0.0000e+00
      3.503      0.031    -0.1873     -1.793     54.801  41.222851     0.5993     10.171  -359.1664 2.2449e+00     4.0443      3.433      4.979    13.1562 0.0000e+00
      3.516      0.032    -0.1857     -1.773     54.950  41.183536     0.5992     10.170  -359.9288 2.2198e+00     4.0473      3.448      5.000    13.1489 0.0000e+00
      3.529      0.030    -0.1887     -1.763     55.082  41.206319     0.5492     10.167  -359.9896 2.1988e+00     4.1558      3.464      5.024    13.0636 0.0000e+00
      3.538      0.026    -0.1908     -1.775     55.183  41.244368     0.5017     10.164  -359.3843 2.1901e+00     4.5354      3.472      5.035    12.8161 0.0000e+00
      3.542      0.021    -0.1917     -1.786     55.159  41.199256     0.4998     10.161  -359.1503 2.1971e+00     4.8460      3.474      5.039    12.5743 0.0000e+00
      3.544      0.017    -0.1886     -1.787     55.061  41.105126     0.5266     10.159  -359.3107 2.2081e+00     5.0079      3.475      5.041    12.4461 0.0000e+00
      3.545      0.017    -0.1867     -1.787     54.846  40.931323     0.5265     10.157  -359.6029 2.2031e+00     5.2969      3.475      5.040    12.3903 0.0000e+00
      3.547      0.020    -0.1901     -1.788     54.528  40.684493     0.4979     10.155  -359.9296 2.1813e+00     5.7443      3.477      5.043    12.3685 0.0000e+00
      3.552      0.025    -0.1915     -1.797     54.261  40.469013     0.4884     10.152  -359.9916 2.1586e+00     6.0113      3.482      5.051    12.3393 0.0000e+00
      3.561      0.028    -0.1909     -1.814     54.241  40.420357     0.5031     10.149  -360.0082 2.1451e+00     6.0987      3.491      5.063    12.3214 0.0000e+00
      3.572      0.028    -0.1913     -1.815     54.512  40.603878     0.5014     10.145  -360.1302 2.1350e+00     6.1859      3.502      5.079    12.3109 0.0000e+00
