Data/DataNotYetUploadedToEDI/Raw_CTD/RawDownloads/062926_fcr50_S7809018.cnv
* Sea-Bird SBE19plus  Data File:
* FileName = C:\R\Reservoirs\Data\DataNotYetUploadedToEDI\Raw_CTD\RawDownloads\062926_fcr50_S7809_0018.hex
* Software version 2.8.0.119
* Temperature SN = 7809
* Conductivity SN = 7809
* System UpLoad Time = Jun 30 2026 09:09:59
* <ApplicationData>
* <Seaterm232>
# nquan = 15
# nvalues = 1759                        
# units = specified
# name 0 = depFM: Depth [fresh water, m]
# name 1 = dz/dtM: Descent Rate [m/s]
# name 2 = sbeox0Mg/L: Oxygen, SBE 43 [mg/l]
# name 3 = sbeox0PS: Oxygen, SBE 43 [% saturation]
# name 4 = specc: Specific Conductance [uS/cm]
# name 5 = c0uS/cm: Conductivity [uS/cm]
# name 6 = flECO-AFL: Fluorescence, WET Labs ECO-AFL/FL [mg/m^3]
# name 7 = ph: pH
# name 8 = orp: Oxidation Reduction Potential [mV]
# name 9 = par/sat/log: PAR/Logarithmic, Satlantic
# name 10 = turbWETntu0: Turbidity, WET Labs ECO [NTU]
# name 11 = prdM: Pressure, Strain Gauge [db]
# name 12 = prdE: Pressure, Strain Gauge [psi]
# name 13 = tv290C: Temperature [ITS-90, deg C]
# name 14 = flag:  0.000e+00
# span 0 =     -0.595,      9.537       
# span 1 =     -0.130,      0.218       
# span 2 =    -0.8768,    11.4282       
# span 3 =     -7.422,    136.353       
# span 4 =      3.027,    316.575       
# span 5 =   2.701309, 220.778600       
# span 6 =    -0.0954,     3.7152       
# span 7 =      9.371,     12.555       
# span 8 =  -383.0249,  -102.0304       
# span 9 = 1.2358e-01, 8.3573e+02       
# span 10 =    -0.2644,   143.8499      
# span 11 =     -0.585,      9.354      
# span 12 =     -0.848,     13.567      
# span 13 =     9.8657,    25.2683      
# span 14 = 0.0000e+00, 0.0000e+00      
# interval = seconds: 0.25
# start_time = Jun 29 2026 13:50:18 [Instrument's time stamp, header]
# bad_flag = -9.990e-29
*END*
[from data line 964]
      3.591      0.021    -0.1912     -1.818     54.215  40.433790     0.4286     10.140  -360.6684 2.1231e+00     6.2176      3.524      5.110    12.2993 0.0000e+00
      3.593      0.020    -0.1957     -1.825     53.136  39.612895     0.4290     10.138  -361.2444 2.1209e+00     6.2448      3.525      5.113    12.2553 0.0000e+00
      3.592      0.022    -0.1951     -1.829     51.770  38.537673     0.4222     10.137  -361.5489 2.1194e+00     6.2693      3.520      5.106    12.2143 0.0000e+00
      3.592      0.026    -0.1927     -1.828     51.040  37.904534     0.4131     10.136  -361.6829 2.1191e+00     6.5472      3.519      5.105    12.2654 0.0000e+00
      3.598      0.031    -0.1950     -1.811     51.107  37.859395     0.4189     10.135  -361.5740 2.1074e+00     7.1111      3.526      5.114    12.3082 0.0000e+00
      3.613      0.038    -0.1954     -1.794     51.034  37.737975     0.4338     10.133  -361.2653 2.0719e+00     7.4861      3.542      5.137    12.2802 0.0000e+00
      3.630      0.047    -0.1960     -1.793     50.201  37.070926     0.4358     10.133  -361.5633 2.0382e+00     7.5964      3.562      5.167    12.2314 0.0000e+00
      3.641      0.055    -0.1973     -1.790     49.284  36.330066     0.4254     10.134  -362.4241 2.0325e+00     8.0694      3.573      5.184    12.1321 0.0000e+00
      3.648      0.058    -0.1955     -1.778     49.041  36.077558     0.4165     10.134  -362.9832 2.0097e+00     8.9344      3.574      5.183    12.0214 0.0000e+00
      3.661      0.057    -0.1918     -1.773     49.166  36.111788     0.4025     10.133  -363.0752 1.9502e+00     9.3100      3.585      5.199    11.9641 0.0000e+00
      3.686      0.054    -0.1941     -1.777     49.285  36.172810     0.4066     10.132  -362.9342 1.9085e+00     9.3324      3.616      5.246    11.9272 0.0000e+00
      3.708      0.049    -0.1942     -1.786     49.390  36.244269     0.4335     10.130  -363.0849 1.9003e+00     9.6489      3.642      5.282    11.8617 0.0000e+00
      3.718      0.042    -0.1918     -1.796     49.436  36.277808     0.4436     10.128  -363.6919 1.8896e+00    10.0623      3.648      5.291    11.7724 0.0000e+00
      3.723      0.032    -0.1922     -1.804     49.415  36.261059     0.4211     10.127  -364.0794 1.8723e+00    10.1631      3.651      5.294    11.7082 0.0000e+00
      3.727      0.022    -0.1925     -1.808     49.380  36.232117     0.3947     10.126  -364.0704 1.8730e+00    10.0478      3.656      5.301    11.6862 0.0000e+00
      3.730      0.015    -0.1937     -1.807     49.410  36.245132     0.3989     10.125  -364.0999 1.8811e+00     9.9326      3.658      5.306    11.6892 0.0000e+00
      3.733      0.013    -0.1951     -1.798     49.493  36.291504     0.4212     10.124  -364.2633 1.8733e+00     9.7275      3.660      5.308    11.6909 0.0000e+00
      3.737      0.014    -0.1959     -1.790     49.493  36.285153     0.4312     10.122  -364.3251 1.8603e+00     9.5489      3.666      5.316    11.6869 0.0000e+00
      3.740      0.016    -0.1960     -1.772     49.323  36.168330     0.4120     10.119  -364.4175 1.8539e+00     9.4803      3.669      5.321    11.6859 0.0000e+00
      3.741      0.021    -0.1970     -1.732     49.203  36.084625     0.3885     10.117  -364.7785 1.8430e+00     9.4112      3.668      5.320    11.6781 0.0000e+00
      3.745      0.026    -0.1948     -1.696     49.228  36.097971     0.3978     10.116  -365.0759 1.8275e+00     9.3962      3.671      5.325    11.6584 0.0000e+00
      3.754      0.030    -0.1945     -1.662     49.200  36.075882     0.4160     10.115  -365.1740 1.8113e+00     9.4699      3.679      5.336    11.6444 0.0000e+00
      3.766      0.034    -0.1944     -1.626     49.288  36.134815     0.4082     10.112  -365.2761 1.7885e+00     9.4826      3.693      5.357    11.6650 0.0000e+00
      3.777      0.035    -0.1867     -1.581     49.695  36.429804     0.3873     10.110  -365.1922 1.7693e+00     9.3785      3.705      5.374    11.6741 0.0000e+00
      3.787      0.035    -0.1843     -1.516     50.153  36.787143     0.3802     10.109  -365.1056 1.7612e+00     9.3390      3.714      5.387    11.6548 0.0000e+00
      3.795      0.036    -0.1808     -1.463     50.074  36.775056     0.3971     10.109  -365.2620 1.7533e+00     9.4488      3.723      5.399    11.6635 0.0000e+00
      3.802      0.039    -0.1762     -1.427     49.278  36.220245     0.4244     10.110  -365.4484 1.7471e+00     9.5438      3.728      5.407    11.6574 0.0000e+00
      3.808      0.044    -0.1739     -1.386     48.499  35.599450     0.4198     10.113  -365.6383 1.7437e+00     9.4631      3.733      5.415    11.6372 0.0000e+00
      3.818      0.047    -0.1634     -1.335     48.366  35.360470     0.3746     10.117  -365.6650 1.7352e+00     9.3281      3.741      5.427    11.6620 0.0000e+00
      3.833      0.047    -0.1576     -1.261     48.668  35.424492     0.3354     10.119  -365.6859 1.7133e+00     9.3462      3.758      5.450    11.7194 0.0000e+00
      3.853      0.044    -0.1555     -1.168     49.139  35.675407     0.3370     10.120  -365.8049 1.6818e+00     9.4432      3.780      5.483    11.7790 0.0000e+00
      3.870      0.037    -0.1498     -1.055     49.644  36.046461     0.3607     10.120  -365.6404 1.6680e+00     9.4407      3.798      5.509    11.7460 0.0000e+00
      3.879      0.029    -0.1467     -0.890     49.865  36.294116     0.3551     10.118  -365.5047 1.6683e+00     9.2819      3.806      5.520    11.5552 0.0000e+00
      3.880      0.020    -0.1387     -0.652     49.670  36.258681     0.3360     10.115  -365.7126 1.6628e+00     9.1632      3.805      5.518    11.3622 0.0000e+00
      3.878      0.013    -0.1281     -0.349     49.311  36.062321     0.3380     10.113  -365.9170 1.6598e+00     9.2342      3.802      5.514    11.2640 0.0000e+00
      3.878      0.011    -0.1181     -0.008     49.057  35.887047     0.3462     10.113  -365.9112 1.6642e+00     9.3207      3.801      5.513    11.2660 0.0000e+00
      3.880      0.013    -0.1002      0.294     48.963  35.789240     0.3434     10.112  -365.9872 1.6646e+00     9.2875      3.805      5.518    11.3829 0.0000e+00
      3.885      0.015    -0.0735      0.465     49.090  35.831476     0.3214     10.110  -366.2330 1.6513e+00     9.1746      3.810      5.526    11.5166 0.0000e+00
      3.891      0.015    -0.0399      0.510     49.320  35.953493     0.3211     10.108  -366.3871 1.6347e+00     9.1520      3.815      5.533    11.5853 0.0000e+00
      3.899      0.013     0.0000      0.489     49.414  35.995451     0.3478     10.106  -366.3887 1.6271e+00     9.2527      3.825      5.547    11.5879 0.0000e+00
      3.904      0.009     0.0384      0.435     49.471  36.021511     0.3615     10.104  -366.4246 1.6246e+00     9.2986      3.832      5.558    11.5529 0.0000e+00
      3.904      0.007     0.0560      0.369     49.471  36.014750     0.3536     10.101  -366.7350 1.6243e+00     9.2277      3.830      5.555    11.4918 0.0000e+00
      3.899      0.007     0.0573      0.314     49.151  35.786790     0.3359     10.099  -367.2168 1.6213e+00     9.1484      3.823      5.545    11.4364 0.0000e+00
      3.897      0.011     0.0549      0.288     48.753  35.486085     0.3386     10.098  -367.6034 1.6118e+00     9.1937      3.821      5.542    11.4158 0.0000e+00
      3.900      0.019     0.0480      0.302     48.654  35.361158     0.3440     10.097  -367.8815 1.6066e+00     9.2622      3.823      5.545    11.4055 0.0000e+00
      3.907      0.028     0.0397      0.334     48.732  35.354915     0.3432     10.096  -368.0835 1.6038e+00     9.2594      3.829      5.554    11.3860 0.0000e+00
      3.918      0.035     0.0333      0.363     48.777  35.347080     0.3454     10.094  -368.1533 1.5967e+00     9.2284      3.842      5.573    11.4058 0.0000e+00
      3.932      0.037     0.0295      0.392     48.781  35.329827     0.3291     10.092  -368.2095 1.5902e+00     9.1610      3.857      5.594    11.4168 0.0000e+00
      3.944      0.035     0.0324      0.432     48.802  35.336642     0.3293     10.090  -368.3321 1.5792e+00     9.1960      3.869      5.613    11.3375 0.0000e+00
      3.954      0.030     0.0373      0.499     48.848  35.366025     0.3567     10.088  -368.4320 1.5604e+00     9.2413      3.879      5.626    11.2604 0.0000e+00
      3.960      0.024     0.0394      0.601     48.943  35.431295     0.3527     10.085  -368.4709 1.5456e+00     9.1280      3.884      5.634    11.2244 0.0000e+00
      3.964      0.018     0.0430      0.742     49.028  35.491301     0.3219     10.083  -368.2859 1.5461e+00     9.0562      3.887      5.638    11.2046 0.0000e+00
      3.966      0.015     0.0459      0.903     48.983  35.457046     0.3092     10.082  -368.0017 1.5458e+00     9.0905      3.890      5.642    11.2020 0.0000e+00
      3.968      0.014     0.0537      1.055     48.914  35.397821     0.3406     10.080  -367.9606 1.5358e+00     9.1672      3.892      5.645    11.1965 0.0000e+00
      3.969      0.014     0.0642      1.186     48.944  35.409709     0.4019     10.078  -368.0466 1.5281e+00     9.1978      3.892      5.645    11.1929 0.0000e+00
      3.973      0.015     0.0801      1.269     49.014  35.473874     0.4184     10.075  -368.0090 1.5208e+00     9.1182      3.895      5.648    11.1903 0.0000e+00
      3.980      0.015     0.1007      1.308     49.076  35.539134     0.3811     10.073  -367.7648 1.5218e+00     9.0597      3.905      5.662    11.1954 0.0000e+00
      3.986      0.018     0.1154      1.337     49.100  35.564281     0.3426     10.072  -367.5026 1.5194e+00     9.1047      3.911      5.672    11.1855 0.0000e+00
      3.989      0.023     0.1331      1.385     49.039  35.524131     0.3101     10.071  -367.4196 1.5017e+00     9.2188      3.911      5.672    11.1555 0.0000e+00
      3.990      0.029     0.1411      1.474     48.920  35.434395     0.2794     10.071  -367.4509 1.5002e+00     9.2435      3.913      5.675    11.1821 0.0000e+00
      3.995      0.034     0.1434      1.588     48.867  35.367591     0.2549     10.071  -367.5364 1.5021e+00     9.1305      3.915      5.678    11.2162 0.0000e+00
      4.007      0.038     0.1467      1.708     48.912  35.350894     0.2624     10.070  -367.6780 1.4797e+00     9.1161      3.926      5.693    11.2102 0.0000e+00
      4.024      0.041     0.1491      1.819     49.007  35.359359     0.2962     10.069  -367.7870 1.4487e+00     9.2396      3.948      5.725    11.2186 0.0000e+00
      4.039      0.042     0.1614      1.916     49.074  35.342966     0.3136     10.068  -367.7359 1.4221e+00     9.3264      3.963      5.748    11.2265 0.0000e+00
      4.049      0.042     0.1737      2.034     49.062  35.279520     0.3066     10.067  -367.6627 1.4109e+00     9.2772      3.972      5.760    11.1930 0.0000e+00
      4.055      0.041     0.1883      2.250     49.039  35.226682     0.2870     10.066  -367.6767 1.4134e+00     9.1226      3.978      5.768    11.1357 0.0000e+00
      4.060      0.039     0.2011      2.612     49.069  35.211667     0.2840     10.063  -367.6466 1.4128e+00     9.0971      3.980      5.772    11.0771 0.0000e+00
      4.070      0.039     0.2109      3.127     49.143  35.224841     0.3045     10.061  -367.6426 1.4001e+00     9.2420      3.989      5.786    11.0049 0.0000e+00
      4.084      0.039     0.2209      3.887     49.215  35.259023     0.3174     10.060  -367.7136 1.3866e+00     9.3375      4.007      5.812    10.9393 0.0000e+00
      4.098      0.038     0.2413      5.027     49.275  35.307683     0.2986     10.058  -367.5593 1.3836e+00     9.2959      4.020      5.831    10.9164 0.0000e+00
      4.109      0.037     0.2850      6.618     49.345  35.369052     0.2690     10.057  -367.1536 1.3794e+00     9.2169      4.029      5.844    10.8850 0.0000e+00
      4.117      0.034     0.3376      8.669     49.380  35.429979     0.2765     10.055  -366.8519 1.3701e+00     9.2367      4.038      5.857    10.8224 0.0000e+00
      4.122      0.031     0.4139     11.030     49.345  35.473333     0.3059     10.052  -366.6645 1.3629e+00     9.3292      4.043      5.864    10.8088 0.0000e+00
      4.127      0.030     0.5403     13.446     49.330  35.512615     0.3154     10.050  -366.5230 1.3491e+00     9.3789      4.047      5.868    10.8288 0.0000e+00
      4.135      0.031     0.7123     15.621     49.332  35.524282     0.3004     10.047  -366.4315 1.3264e+00     9.2912      4.054      5.880    10.8275 0.0000e+00
      4.145      0.032     0.9463     17.236     49.272  35.487499     0.2741     10.044  -366.1608 1.3176e+00     9.1915      4.065      5.897    10.8498 0.0000e+00
      4.154      0.033     1.2161     18.166     49.229  35.448591     0.2725     10.042  -365.4868 1.3126e+00     9.2320      4.074      5.907    10.9516 0.0000e+00
      4.163      0.033     1.4889     18.460     49.271  35.434543     0.2966     10.040  -364.3045 1.2877e+00     9.3030      4.083      5.920    11.0186 0.0000e+00
      4.173      0.033     1.7477     18.210     49.348  35.444495     0.2913     10.037  -362.7929 1.2693e+00     9.3326      4.094      5.936    10.9908 0.0000e+00
      4.181      0.033     1.9270     17.574     49.382  35.441970     0.2580     10.035  -361.4929 1.2667e+00     9.3511      4.100      5.946    11.0132 0.0000e+00
      4.186      0.035     2.0259     16.794     49.361  35.403995     0.2440     10.033  -360.4602 1.2611e+00     9.4239      4.105      5.954    11.0258 0.0000e+00
      4.192      0.040     2.0593     16.111     49.346  35.366024     0.2635     10.032  -359.2544 1.2501e+00     9.5293      4.111      5.962    10.9510 0.0000e+00
      4.202      0.046     2.0283     15.701     49.384  35.363530     0.2856     10.031  -357.7544 1.2257e+00     9.5333      4.119      5.975    10.8996 0.0000e+00
      4.215      0.052     1.9481     15.594     49.447  35.373812     0.2701     10.030  -355.1436 1.1977e+00     9.4370      4.134      5.996    10.8834 0.0000e+00
      4.231      0.054     1.8530     15.643     49.507  35.363406     0.2595     10.028  -350.9191 1.1850e+00     9.3901      4.148      6.017    10.8633 0.0000e+00
      4.249      0.054     1.7725     15.748     49.596  35.364556     0.2817     10.026  -346.3398 1.1557e+00     9.4446      4.166      6.041    10.8311 0.0000e+00
      4.268      0.050     1.7239     15.953     49.683  35.387651     0.2892     10.024  -342.2784 1.1141e+00     9.5160      4.189      6.076    10.8019 0.0000e+00
      4.282      0.044     1.7240     16.370     49.693  35.388801     0.2750     10.020  -338.6376 1.0987e+00     9.5019      4.202      6.096    10.7762 0.0000e+00
      4.288      0.037     1.7359     17.169     49.668  35.378451     0.2605     10.016  -335.2731 1.0942e+00     9.4100      4.204      6.098    10.7189 0.0000e+00
      4.292      0.032     1.7465     18.467     49.671  35.389424     0.2711     10.014  -332.0559 1.0830e+00     9.3948      4.208      6.104    10.6402 0.0000e+00
      4.298      0.030     1.7689     20.217     49.662  35.394581     0.2874     10.012  -328.7348 1.0675e+00     9.4217      4.215      6.115    10.5951 0.0000e+00
      4.306      0.034     1.8066     22.270     49.633  35.377363     0.2822     10.008  -325.3172 1.0497e+00     9.4275      4.223      6.125    10.6023 0.0000e+00
      4.314      0.040     1.8882     24.385     49.655  35.371597     0.2754     10.007  -322.0530 1.0233e+00     9.4300      4.230      6.136    10.6143 0.0000e+00
      4.324      0.045     2.0367     26.328     49.735  35.388296     0.2626     10.006  -318.6928 9.9050e-01     9.3497      4.239      6.148    10.6187 0.0000e+00
      4.336      0.048     2.2350     27.986     49.795  35.388874     0.2689     10.004  -314.9745 9.6370e-01     9.3451      4.249      6.164    10.6351 0.0000e+00
      4.354      0.048     2.4728     29.284     49.828  35.378538     0.2944     10.002  -310.9950 9.4527e-01     9.4430      4.271      6.195    10.6466 0.0000e+00
