Data/DataNotYetUploadedToEDI/Raw_CTD/RawDownloads/063025_fcr50_S7809002.cnv
* Sea-Bird SBE19plus  Data File:
* FileName = C:\R\Reservoirs\Data\DataNotYetUploadedToEDI\Raw_CTD\RawDownloads\063025_fcr50_S7809_0002.hex
* Software version 2.8.0.119
* Temperature SN = 7809
* Conductivity SN = 7809
* System UpLoad Time = Jul 01 2025 12:44:37
* <ApplicationData>
* <Seaterm232>
# nquan = 15
# nvalues = 2179                        
# units = specified
# name 0 = depFM: Depth [fresh water, m]
# name 1 = dz/dtM: Descent Rate [m/s]
# name 2 = sbeox0Mg/L: Oxygen, SBE 43 [mg/l]
# name 3 = sbeox0PS: Oxygen, SBE 43 [% saturation]
# name 4 = specc: Specific Conductance [uS/cm]
# name 5 = c0uS/cm: Conductivity [uS/cm]
# name 6 = flECO-AFL: Fluorescence, WET Labs ECO-AFL/FL [mg/m^3]
# name 7 = ph: pH
# name 8 = orp: Oxidation Reduction Potential [mV]
# name 9 = par/sat/log: PAR/Logarithmic, Satlantic
# name 10 = turbWETntu0: Turbidity, WET Labs ECO [NTU]
# name 11 = prdM: Pressure, Strain Gauge [db]
# name 12 = prdE: Pressure, Strain Gauge [psi]
# name 13 = tv290C: Temperature [ITS-90, deg C]
# name 14 = flag:  0.000e+00
# span 0 =     -0.629,      9.590       
# span 1 =     -0.338,      0.212       
# span 2 =     0.2862,    10.5185       
# span 3 =      2.955,    130.243       
# span 4 =      4.851,    282.490       
# span 5 =   4.076814, 203.897543       
# span 6 =    -0.4955,    12.4653       
# span 7 =      7.799,     10.037       
# span 8 =    38.9332,   220.9631       
# span 9 = 1.2349e-01, 2.1496e+03       
# span 10 =    -0.0698,   559.0278      
# span 11 =     -0.617,      9.408      
# span 12 =     -0.895,     13.646      
# span 13 =    10.9684,    28.2800      
# span 14 = 0.0000e+00, 0.0000e+00      
# interval = seconds: 0.25
# start_time = Jun 30 2025 11:12:19 [Instrument's time stamp, header]
# bad_flag = -9.990e-29
*END*
[from data line 290]
      0.256      0.003     8.3809    107.329     34.936  37.116418     2.3103      9.736   136.0861 1.6262e+02     6.1878      0.251      0.364    28.1278 0.0000e+00
      0.257      0.003     8.3831    107.371     34.917  37.092181     2.3069      9.737   135.0466 1.6262e+02     6.2138      0.252      0.365    28.1269 0.0000e+00
      0.258      0.002     8.3772    107.365     34.909  37.078427     2.2971      9.739   135.0650 1.6257e+02     6.2623      0.253      0.367    28.1233 0.0000e+00
      0.258      0.002     8.3782    107.257     34.913  37.077023     2.3085      9.739   135.3625 1.6233e+02     6.1929      0.253      0.367    28.1196 0.0000e+00
      0.259      0.002     8.3830    107.043     34.914  37.075194     2.3446      9.740   135.7175 1.6205e+02     6.0580      0.254      0.368    28.1152 0.0000e+00
      0.260      0.001     8.3887    106.822     34.897  37.056306     2.3841      9.740   136.2604 1.6184e+02     6.0665      0.255      0.369    28.1086 0.0000e+00
      0.260      0.001     8.3910    106.703     34.880  37.039000     2.4036      9.740   135.6458 1.6169e+02     6.1922      0.255      0.369    28.1008 0.0000e+00
      0.260      0.001     8.3850    106.717     34.895  37.056305     2.3883      9.740   134.0510 1.6148e+02     6.2461      0.255      0.370    28.0926 0.0000e+00
      0.260      0.001     8.3652    106.827     34.909  37.075182     2.3498      9.741   133.3257 1.6123e+02     6.1715      0.255      0.369    28.0871 0.0000e+00
      0.260      0.001     8.3440    106.957     34.905  37.076897     2.3127      9.742   133.7592 1.6103e+02     6.0420      0.255      0.370    28.0861 0.0000e+00
      0.260      0.001     8.3349    107.075     34.900  37.077052     2.3140      9.743   134.4747 1.6096e+02     6.0470      0.255      0.370    28.0871 0.0000e+00
      0.260      0.001     8.3356    107.174     34.896  37.077066     2.3490      9.743   134.4905 1.6096e+02     6.1970      0.255      0.370    28.0898 0.0000e+00
      0.261      0.001     8.3475    107.268     34.896  37.077068     2.3685      9.744   133.7790 1.6111e+02     6.2853      0.256      0.371    28.0955 0.0000e+00
      0.261      0.001     8.3560    107.390     34.899  37.077078     2.3508      9.744   133.2710 1.6144e+02     6.2259      0.255      0.371    28.1041 0.0000e+00
      0.261      0.001     8.3642    107.493     34.903  37.077182     2.3181      9.744   133.1658 1.6154e+02     6.0933      0.256      0.371    28.1134 0.0000e+00
      0.261      0.001     8.3713    107.510     34.906  37.078327     2.3233      9.745   133.1953 1.6141e+02     6.0826      0.256      0.371    28.1195 0.0000e+00
      0.262      0.001     8.3756    107.452     34.920  37.090913     2.3631      9.745   133.2833 1.6153e+02     6.1654      0.256      0.372    28.1201 0.0000e+00
      0.262      0.001     8.3885    107.349     34.930  37.102450     2.3836      9.745   134.0586 1.6162e+02     6.2054      0.257      0.372    28.1145 0.0000e+00
      0.262      0.001     8.4004    107.214     34.916  37.090913     2.3635      9.745   135.2552 1.6146e+02     6.1913      0.257      0.373    28.1074 0.0000e+00
      0.263      0.001     8.4012    107.085     34.901  37.078336     2.3272      9.746   135.2760 1.6144e+02     6.0283      0.258      0.374    28.1035 0.0000e+00
      0.263      0.001     8.3957    107.028     34.899  37.077296     2.3275      9.747   134.4822 1.6155e+02     5.9091      0.257      0.373    28.1013 0.0000e+00
      0.263      0.001     8.3876    107.079     34.899  37.078336     2.3590      9.747   134.1751 1.6155e+02     5.9115      0.258      0.374    28.1023 0.0000e+00
      0.264      0.001     8.3757    107.231     34.910  37.090912     2.3668      9.747   135.0903 1.6132e+02     5.8863      0.259      0.375    28.1072 0.0000e+00
      0.264      0.001     8.3624    107.437     34.920  37.102448     2.3384      9.747   136.6859 1.6105e+02     5.8777      0.258      0.375    28.1119 0.0000e+00
      0.264      0.001     8.3562    107.579     34.910  37.090911     2.3074      9.746   137.2919 1.6087e+02     5.9438      0.258      0.375    28.1150 0.0000e+00
      0.264      0.001     8.3608    107.553     34.899  37.078325     2.3155      9.746   137.2557 1.6060e+02     6.1394      0.258      0.375    28.1168 0.0000e+00
      0.264      0.001     8.3726    107.408     34.897  37.077180     2.3460      9.748   136.9367 1.6036e+02     6.2617      0.259      0.376    28.1180 0.0000e+00
      0.264      0.001     8.3929    107.278     34.896  37.077063     2.3591      9.750   136.7039 1.6036e+02     6.2265      0.259      0.375    28.1179 0.0000e+00
      0.264      0.001     8.4085    107.209     34.894  37.076907     2.3327      9.750   137.5391 1.6044e+02     6.1578      0.259      0.375    28.1165 0.0000e+00
      0.265      0.001     8.4046    107.164     34.890  37.075294     2.2769      9.750   138.4304 1.6046e+02     6.1145      0.260      0.377    28.1159 0.0000e+00
      0.265      0.001     8.3879    107.135     34.871  37.057570     2.2666      9.750   138.6183 1.6057e+02     6.1811      0.260      0.378    28.1160 0.0000e+00
      0.265      0.001     8.3764    107.162     34.867  37.052964     2.3001      9.750   138.4348 1.6064e+02     6.2120      0.260      0.377    28.1168 0.0000e+00
      0.265      0.001     8.3728    107.253     34.897  37.083055     2.2988      9.750   138.1047 1.6069e+02     6.1115      0.260      0.377    28.1207 0.0000e+00
      0.266      0.001     8.3687    107.356     34.920  37.104137     2.2672      9.751   137.6378 1.6101e+02     6.0251      0.261      0.378    28.1258 0.0000e+00
      0.266      0.001     8.3640    107.426     34.934  37.117505     2.2511      9.751   137.1776 1.6112e+02     6.0564      0.260      0.378    28.1296 0.0000e+00
      0.266      0.001     8.3655    107.451     34.934  37.117775     2.2618      9.751   137.2731 1.6086e+02     6.1819      0.261      0.379    28.1302 0.0000e+00
      0.266      0.001     8.3756    107.436     34.922  37.107407     2.2719      9.751   137.8456 1.6083e+02     6.2100      0.261      0.379    28.1251 0.0000e+00
      0.266      0.001     8.3860    107.397     34.930  37.119049     2.2582      9.751   138.3354 1.6105e+02     6.0889      0.261      0.379    28.1190 0.0000e+00
      0.266      0.001     8.3918    107.352     34.939  37.131644     2.2455      9.752   137.6029 1.6106e+02     6.0164      0.261      0.379    28.1164 0.0000e+00
      0.267      0.000     8.3935    107.303     34.937  37.132788     2.2426      9.752   135.8718 1.6086e+02     6.0841      0.262      0.380    28.1173 0.0000e+00
      0.267 1.8936e-08     8.3915    107.235     34.933  37.132881     2.2564      9.752   135.1298 1.6074e+02     6.2246      0.261      0.379    28.1209 0.0000e+00
      0.267 2.0829e-07     8.3870    107.150     34.930  37.132786     2.2709      9.752   135.3419 1.6066e+02     6.2463      0.262      0.380    28.1257 0.0000e+00
      0.267 2.4216e-07     8.3823    107.079     34.927  37.131641     2.2516      9.752   135.8549 1.6050e+02     6.1071      0.261      0.379    28.1306 0.0000e+00
      0.267 4.2844e-07     8.3788    107.037     34.913  37.119045     2.2476      9.753   136.5143 1.6026e+02     6.0445      0.262      0.380    28.1364 0.0000e+00
      0.267      0.000     8.3723    106.995     34.901  37.107394     2.2729      9.753   136.0871 1.6006e+02     6.1381      0.261      0.379    28.1420 0.0000e+00
      0.267      0.000     8.3644    106.950     34.911  37.117673     2.2748      9.753   134.7334 1.6006e+02     6.2493      0.262      0.380    28.1460 0.0000e+00
      0.267      0.001     8.3571    106.944     34.913  37.116415     2.2444      9.753   134.0858 1.6015e+02     6.2273      0.262      0.380    28.1495 0.0000e+00
      0.267      0.001     8.3551    106.999     34.897  37.092180     2.2138      9.754   134.2792 1.6026e+02     6.0767      0.262      0.380    28.1529 0.0000e+00
      0.267      0.001     8.3517    107.122     34.892  37.078452     2.2127      9.754   134.5764 1.6026e+02     6.0340      0.262      0.380    28.1559 0.0000e+00
      0.267      0.001     8.3460    107.300     34.899  37.077318     2.2235      9.755   134.7539 1.6008e+02     6.0869      0.262      0.380    28.1552 0.0000e+00
      0.268      0.001     8.3469    107.468     34.906  37.078453     2.2271      9.755   135.0493 1.6017e+02     6.1018      0.263      0.381    28.1490 0.0000e+00
      0.268      0.002     8.3515    107.500     34.924  37.092173     2.2226      9.755   135.2230 1.6060e+02     6.1114      0.263      0.382    28.1396 0.0000e+00
      0.268      0.002     8.3639    107.390     34.949  37.116295     2.2024      9.755   134.8744 1.6085e+02     6.0666      0.263      0.382    28.1266 0.0000e+00
      0.269      0.002     8.3803    107.264     34.950  37.116296     2.2086      9.755   134.4474 1.6080e+02     6.0716      0.264      0.383    28.1131 0.0000e+00
      0.270      0.002     8.4004    107.129     34.925  37.092182     2.2390      9.755   134.3633 1.6070e+02     6.1385      0.265      0.384    28.1029 0.0000e+00
      0.270      0.002     8.4053    106.974     34.910  37.078557     2.2453      9.756   135.2333 1.6070e+02     6.1583      0.265      0.385    28.0965 0.0000e+00
      0.271      0.002     8.3893    106.883     34.908  37.078453     2.2348      9.756   136.6209 1.6081e+02     6.1397      0.266      0.386    28.0931 0.0000e+00
      0.271      0.001     8.3815    106.803     34.917  37.090926     2.2286      9.756   137.0309 1.6101e+02     6.1190      0.266      0.385    28.0919 0.0000e+00
      0.272      0.001     8.3736    106.718     34.924  37.102461     2.2454      9.756   136.8351 1.6121e+02     6.1811      0.267      0.386    28.0950 0.0000e+00
      0.272      0.001     8.3529    106.733     34.910  37.091027     2.2545      9.756   136.4045 1.6116e+02     6.1731      0.267      0.387    28.0998 0.0000e+00
      0.272      0.001     8.3504    106.823     34.896  37.079595     2.2219      9.756   135.6095 1.6093e+02     6.0565      0.266      0.386    28.1024 0.0000e+00
      0.272      0.000     8.3465    106.937     34.905  37.091150     2.1759      9.756   135.9999 1.6080e+02     6.0010      0.267      0.387    28.1059 0.0000e+00
      0.272 1.8629e-08     8.3296    106.997     34.916  37.103831     2.1640      9.756   137.5972 1.6069e+02     6.0485      0.267      0.387    28.1113 0.0000e+00
      0.272 2.0492e-07     8.3362    106.964     34.917  37.106024     2.1865      9.756   138.4020 1.6052e+02     6.1867      0.267      0.388    28.1171 0.0000e+00
      0.272 2.0492e-07     8.3410    106.900     34.928  37.117664     2.1899      9.757   138.0738 1.6045e+02     6.2036      0.267      0.387    28.1216 0.0000e+00
      0.272 1.8629e-08     8.3523    106.818     34.929  37.117664     2.1640      9.757   137.5012 1.6045e+02     6.0470      0.267      0.387    28.1249 0.0000e+00
      0.272 1.6936e-09     8.3607    106.818     34.921  37.106024     2.1390      9.757   137.4150 1.6053e+02     5.9674      0.268      0.388    28.1268 0.0000e+00
      0.272 1.5397e-10     8.3506    106.954     34.923  37.103823     2.1460      9.757   137.8058 1.6064e+02     6.0609      0.267      0.387    28.1282 0.0000e+00
      0.272 1.4101e-11     8.3506    107.117     34.915  37.091048     2.1744      9.758   138.2688 1.6059e+02     6.2219      0.267      0.388    28.1284 0.0000e+00
      0.272 2.4281e-12     8.3391    107.262     34.907  37.078453     2.1739      9.758   138.6243 1.6056e+02     6.2055      0.267      0.388    28.1261 0.0000e+00
      0.272 1.2828e-11     8.3357    107.373     34.912  37.078444     2.1480      9.758   138.7495 1.6071e+02     6.0337      0.267      0.387    28.1225 0.0000e+00
      0.273 1.3995e-10     8.3552    107.383     34.929  37.090925     2.1357      9.758   138.0610 1.6081e+02     5.9550      0.267      0.388    28.1159 0.0000e+00
      0.273 1.5395e-09     8.3677    107.300     34.948  37.102454     2.1504      9.757   136.8384 1.6085e+02     6.0049      0.267      0.388    28.1089 0.0000e+00
      0.273 1.6934e-08     8.3796    107.251     34.948  37.090918     2.1767      9.757   136.5299 1.6092e+02     6.1250      0.268      0.388    28.1028 0.0000e+00
      0.273 1.8628e-07     8.3930    107.327     34.948  37.078335     2.1613      9.758   137.0834 1.6094e+02     6.1430      0.268      0.388    28.0966 0.0000e+00
      0.273 1.8631e-07     8.3947    107.453     34.955  37.077192     2.1057      9.758   137.6801 1.6100e+02     6.0520      0.268      0.389    28.0899 0.0000e+00
      0.273 1.7304e-08     8.3853    107.485     34.958  37.077089     2.0958      9.758   137.8943 1.6111e+02     6.0840      0.268      0.389    28.0789 0.0000e+00
      0.273 5.6065e-09     8.3800    107.358     34.955  37.077089     2.1251      9.758   136.8340 1.6120e+02     6.2210      0.268      0.389    28.0611 0.0000e+00
      0.273 4.4877e-08     8.3927    107.176     34.945  37.077190     2.1182      9.759   135.0987 1.6127e+02     6.2744      0.268      0.388    28.0399 0.0000e+00
      0.273 4.9212e-07     8.4093    107.118     34.933  37.078332     2.0706      9.759   134.6362 1.6132e+02     6.1831      0.268      0.389    28.0250 0.0000e+00
      0.273      0.000     8.4151    107.184     34.931  37.090914     2.0244      9.758   134.9417 1.6118e+02     6.1085      0.268      0.389    28.0195 0.0000e+00
      0.273      0.000     8.4017    107.259     34.930  37.102432     2.0257      9.758   135.2655 1.6093e+02     6.1915      0.268      0.389    28.0252 0.0000e+00
      0.274      0.001     8.3761    107.317     34.908  37.090722     2.0617      9.758   135.1952 1.6081e+02     6.2998      0.269      0.390    28.0428 0.0000e+00
      0.274      0.002     8.3700    107.416     34.886  37.076249     2.0761      9.758   134.0914 1.6080e+02     6.2899      0.268      0.389    28.0646 0.0000e+00
      0.274      0.004     8.3772    107.518     34.864  37.054353     2.0581      9.758   133.2779 1.6078e+02     6.1736      0.268      0.389    28.0846 0.0000e+00
      0.274      0.007     8.3806    107.488     34.834  37.016341     2.0272      9.759   133.2749 1.6078e+02     6.1584      0.268      0.389    28.1037 0.0000e+00
      0.275      0.010     8.3797    107.325     34.826  36.997351     2.0110      9.761   133.3660 1.6119e+02     6.3447      0.269      0.391    28.1213 0.0000e+00
      0.279      0.013     8.3850    107.180     34.851  37.015086     1.9959      9.763   133.4330 1.6219e+02     6.4116      0.273      0.396    28.1350 0.0000e+00
      0.285      0.016     8.3999    107.153     34.876  37.040401     1.9853      9.765   133.9135 1.6331e+02     6.2832      0.279      0.405    28.1397 0.0000e+00
      0.290      0.018     8.3983    107.173     34.879  37.049624     1.9913      9.768   134.6159 1.6410e+02     6.2268      0.285      0.414    28.1286 0.0000e+00
      0.294      0.018     8.3829    107.097     34.887  37.063150     1.9772      9.770   134.6982 1.6475e+02     6.2432      0.288      0.417    28.1085 0.0000e+00
      0.298      0.017     8.3701    106.906     34.900  37.077051     2.0142      9.773   134.3057 1.6575e+02     6.3105      0.292      0.422    28.0926 0.0000e+00
      0.303      0.014     8.3710    106.682     34.915  37.090796     2.1058      9.776   133.9142 1.6681e+02     6.3566      0.298      0.432    28.0920 0.0000e+00
      0.307      0.012     8.3763    106.462     34.926  37.102424     2.1519      9.778   134.7834 1.6736e+02     6.2540      0.302      0.438    28.1056 0.0000e+00
      0.310      0.009     8.3691    106.279     34.911  37.090741     2.1646      9.780   136.7265 1.6756e+02     6.1970      0.304      0.441    28.1159 0.0000e+00
