Data/DataNotYetUploadedToEDI/Raw_CTD/RawDownloads/063025_fcr50_S7809002.cnv
* Sea-Bird SBE19plus  Data File:
* FileName = C:\R\Reservoirs\Data\DataNotYetUploadedToEDI\Raw_CTD\RawDownloads\063025_fcr50_S7809_0002.hex
* Software version 2.8.0.119
* Temperature SN = 7809
* Conductivity SN = 7809
* System UpLoad Time = Jul 01 2025 12:44:37
* <ApplicationData>
* <Seaterm232>
# nquan = 15
# nvalues = 2179                        
# units = specified
# name 0 = depFM: Depth [fresh water, m]
# name 1 = dz/dtM: Descent Rate [m/s]
# name 2 = sbeox0Mg/L: Oxygen, SBE 43 [mg/l]
# name 3 = sbeox0PS: Oxygen, SBE 43 [% saturation]
# name 4 = specc: Specific Conductance [uS/cm]
# name 5 = c0uS/cm: Conductivity [uS/cm]
# name 6 = flECO-AFL: Fluorescence, WET Labs ECO-AFL/FL [mg/m^3]
# name 7 = ph: pH
# name 8 = orp: Oxidation Reduction Potential [mV]
# name 9 = par/sat/log: PAR/Logarithmic, Satlantic
# name 10 = turbWETntu0: Turbidity, WET Labs ECO [NTU]
# name 11 = prdM: Pressure, Strain Gauge [db]
# name 12 = prdE: Pressure, Strain Gauge [psi]
# name 13 = tv290C: Temperature [ITS-90, deg C]
# name 14 = flag:  0.000e+00
# span 0 =     -0.629,      9.590       
# span 1 =     -0.338,      0.212       
# span 2 =     0.2862,    10.5185       
# span 3 =      2.955,    130.243       
# span 4 =      4.851,    282.490       
# span 5 =   4.076814, 203.897543       
# span 6 =    -0.4955,    12.4653       
# span 7 =      7.799,     10.037       
# span 8 =    38.9332,   220.9631       
# span 9 = 1.2349e-01, 2.1496e+03       
# span 10 =    -0.0698,   559.0278      
# span 11 =     -0.617,      9.408      
# span 12 =     -0.895,     13.646      
# span 13 =    10.9684,    28.2800      
# span 14 = 0.0000e+00, 0.0000e+00      
# interval = seconds: 0.25
# start_time = Jun 30 2025 11:12:19 [Instrument's time stamp, header]
# bad_flag = -9.990e-29
*END*
[from data line 1157]
      2.887      0.063     0.9282      8.709     44.856  36.697857     2.8650      8.501   176.4532 3.3937e+01     9.4536      2.825      4.098    16.1207 0.0000e+00
      2.908      0.062     0.9344      8.235     45.047  36.808466     2.8094      8.496   176.5884 3.2875e+01     9.5334      2.851      4.135    16.0527 0.0000e+00
      2.932      0.064     0.9211      7.656     45.029  36.748087     2.7799      8.491   176.5179 3.2200e+01     9.5487      2.881      4.178    16.0301 0.0000e+00
      2.946      0.069     0.8955      7.030     44.820  36.538841     2.7901      8.484   175.7729 3.2023e+01     9.6042      2.893      4.195    15.9584 0.0000e+00
      2.952      0.071     0.8674      6.337     44.728  36.435855     2.7674      8.476   174.1184 3.1650e+01     9.4869      2.891      4.193    15.8965 0.0000e+00
      2.968      0.071     0.8194      5.590     44.775  36.454667     2.6633      8.467   172.3458 3.0598e+01     9.1208      2.903      4.209    15.8577 0.0000e+00
      2.998      0.071     0.7585      4.854     44.864  36.512460     2.5638      8.459   170.4296 2.9489e+01     8.9356      2.943      4.268    15.7974 0.0000e+00
      3.023      0.072     0.7009      4.174     44.963  36.563522     2.5290      8.452   166.9530 2.9082e+01     8.9563      2.974      4.314    15.7502 0.0000e+00
      3.035      0.068     0.6314      3.591     45.030  36.564397     2.5177      8.444   162.0590 2.8759e+01     8.9952      2.974      4.313    15.7285 0.0000e+00
      3.049      0.060     0.5543      3.165     45.113  36.586431     2.5032      8.438   157.8909 2.7986e+01     9.0301      2.986      4.331    15.6976 0.0000e+00
      3.069      0.053     0.4806      2.955     45.288  36.702963     2.4776      8.434   155.1876 2.7518e+01     8.9682      3.017      4.376    15.6939 0.0000e+00
      3.081      0.050     0.4113      2.980     45.635  36.958084     2.4495      8.431   153.2068 2.7459e+01     8.9293      3.025      4.387    15.6763 0.0000e+00
      3.087      0.052     0.3525      3.241     46.154  37.323244     2.4544      8.427   151.7514 2.7172e+01     8.9698      3.023      4.384    15.5862 0.0000e+00
      3.097      0.054     0.3072      3.738     46.747  37.691437     2.4960      8.423   150.1529 2.6677e+01     8.9463      3.035      4.402    15.5363 0.0000e+00
      3.113      0.054     0.2862      4.410     47.216  37.919648     2.5272      8.420   147.1290 2.6123e+01     8.8159      3.052      4.427    15.5199 0.0000e+00
      3.131      0.057     0.2897      5.154     47.391  37.924802     2.5149      8.417   143.3248 2.5451e+01     8.6568      3.069      4.451    15.4965 0.0000e+00
      3.151      0.062     0.3144      5.910     47.372  37.817049     2.4562      8.412   140.2927 2.4876e+01     8.6961      3.090      4.482    15.4572 0.0000e+00
      3.166      0.066     0.3676      6.653     47.522  37.885850     2.3829      8.406   138.0863 2.4630e+01     8.8816      3.109      4.508    15.3305 0.0000e+00
      3.175      0.067     0.4417      7.333     47.849  38.122022     2.3444      8.398   135.2319 2.4338e+01     8.9523      3.112      4.514    15.1416 0.0000e+00
      3.189      0.066     0.5196      7.876     47.975  38.197694     2.3246      8.390   131.0764 2.3591e+01     8.8675      3.121      4.526    14.9914 0.0000e+00
      3.213      0.066     0.5972      8.200     47.979  38.166195     2.2850      8.380   127.3348 2.2755e+01     8.7101      3.151      4.570    14.8962 0.0000e+00
      3.237      0.071     0.6753      8.288     48.062  38.185342     2.2148      8.371   124.9241 2.2295e+01     8.5870      3.180      4.613    14.8459 0.0000e+00
      3.251      0.076     0.7461      8.196     48.232  38.238772     2.1328      8.362   123.1810 2.2049e+01     8.5057      3.190      4.626    14.8349 0.0000e+00
      3.262      0.079     0.8061      8.007     48.490  38.304454     2.0938      8.353   121.5734 2.1603e+01     8.4450      3.195      4.633    14.8127 0.0000e+00
      3.282      0.079     0.8395      7.747     48.661  38.281281     2.0842      8.347   120.0272 2.0855e+01     8.3313      3.216      4.663    14.7709 0.0000e+00
      3.310      0.076     0.8473      7.406     48.646  38.148775     2.0329      8.343   118.5111 2.0086e+01     8.0188      3.247      4.709    14.7330 0.0000e+00
      3.335      0.071     0.8352      7.068     48.585  38.034819     1.9642      8.339   116.4919 1.9524e+01     7.7068      3.273      4.747    14.6666 0.0000e+00
      3.355      0.064     0.8173      6.838     48.565  37.982172     1.9443      8.335   113.4231 1.9148e+01     7.6682      3.292      4.774    14.5033 0.0000e+00
      3.370      0.055     0.7979      6.780     48.590  37.956392     1.9338      8.331   109.5419 1.8970e+01     7.6537      3.307      4.796    14.3117 0.0000e+00
      3.377      0.050     0.7597      6.920     48.775  38.040360     1.8790      8.327   105.9585 1.8940e+01     7.3952      3.314      4.806    14.1835 0.0000e+00
      3.381      0.049     0.7219      7.210     49.121  38.235840     1.8143      8.324   103.3950 1.8840e+01     7.0710      3.314      4.806    14.1276 0.0000e+00
      3.390      0.049     0.6970      7.620     49.385  38.352633     1.8009      8.322   101.5189 1.8511e+01     7.0135      3.319      4.814    14.1090 0.0000e+00
      3.407      0.049     0.6894      8.155     49.450  38.310127     1.8256      8.320    99.7074 1.8026e+01     7.1774      3.339      4.843    14.0593 0.0000e+00
      3.428      0.048     0.7082      8.763     49.462  38.229463     1.8055      8.317    97.4955 1.7648e+01     7.4129      3.365      4.880    13.9963 0.0000e+00
      3.444      0.044     0.7411      9.390     49.531  38.202201     1.7408      8.313    95.0805 1.7489e+01     7.7089      3.381      4.904    13.9240 0.0000e+00
      3.453      0.039     0.7820      9.964     49.571  38.170784     1.7089      8.311    92.9643 1.7445e+01     7.8871      3.388      4.914    13.8283 0.0000e+00
      3.456      0.036     0.8435     10.371     49.458  38.039913     1.7279      8.310    91.1818 1.7405e+01     8.0305      3.390      4.917    13.7318 0.0000e+00
      3.459      0.037     0.9092     10.571     49.141  37.762053     1.7120      8.308    89.6175 1.7310e+01     8.5204      3.391      4.919    13.6395 0.0000e+00
      3.465      0.042     0.9781     10.593     48.810  37.476385     1.6003      8.306    88.1614 1.7097e+01     9.1985      3.395      4.926    13.5534 0.0000e+00
      3.478      0.049     1.0456     10.456     48.621  37.314550     1.5009      8.305    86.7400 1.6739e+01     9.5341      3.407      4.943    13.4904 0.0000e+00
      3.497      0.054     1.0900     10.218     48.560  37.264802     1.4837      8.303    85.4239 1.6333e+01     9.5726      3.429      4.973    13.4493 0.0000e+00
      3.517      0.054     1.1091      9.955     48.717  37.382527     1.4841      8.301    84.2934 1.5982e+01     9.5616      3.451      5.003    13.4218 0.0000e+00
      3.534      0.049     1.1128      9.665     48.902  37.532286     1.4723      8.300    83.1380 1.5757e+01     9.7074      3.469      5.030    13.3798 0.0000e+00
      3.546      0.041     1.0977      9.391     48.901  37.552573     1.4659      8.299    81.8655 1.5672e+01    10.0374      3.480      5.048    13.3599 0.0000e+00
      3.552      0.034     1.0660      9.230     48.721  37.437474     1.4820      8.296    80.5225 1.5622e+01    10.3066      3.484      5.053    13.3727 0.0000e+00
      3.556      0.033     1.0430      9.187     47.933  36.838687     1.5000      8.294    78.6012 1.5555e+01    10.4693      3.488      5.057    13.3578 0.0000e+00
      3.559      0.038     1.0102      9.225     46.089  35.389025     1.5092      8.293    76.2734 1.5500e+01    10.6377      3.490      5.061    13.3643 0.0000e+00
      3.564      0.047     0.9753      9.349     44.061  33.742008     1.5183      8.291    74.4031 1.5362e+01    10.8059      3.493      5.066    13.3954 0.0000e+00
      3.577      0.054     0.9584      9.526     43.396  33.103896     1.5015      8.286    72.8506 1.5021e+01    10.7948      3.503      5.081    13.4200 0.0000e+00
      3.600      0.056     0.9568      9.683     43.748  33.256791     1.4895      8.283    71.2687 1.4541e+01    10.8108      3.528      5.118    13.4398 0.0000e+00
      3.627      0.053     0.9592      9.804     43.829  33.243118     1.4892      8.280    69.6458 1.4176e+01    11.0334      3.561      5.165    13.4130 0.0000e+00
      3.644      0.045     0.9751      9.837     44.084  33.382633     1.4651      8.276    67.4246 1.4065e+01    11.2314      3.579      5.191    13.3027 0.0000e+00
      3.649      0.032     1.0035      9.708     45.087  34.118810     1.4392      8.271    64.8032 1.4065e+01    11.2248      3.579      5.191    13.1314 0.0000e+00
      3.649      0.018     1.0203      9.360     46.085  34.911331     1.4087      8.267    62.9877 1.4069e+01    11.0557      3.578      5.190    12.9834 0.0000e+00
      3.649      0.008     1.0381      8.750     46.464  35.287910     1.4043      8.263    61.8215 1.4101e+01    10.8950      3.580      5.192    12.9160 0.0000e+00
      3.649      0.005     1.0463      7.930     46.596  35.499688     1.4524      8.259    60.8550 1.4120e+01    10.7845      3.579      5.191    12.8522 0.0000e+00
      3.650      0.008     1.0345      7.015     46.634  35.631980     1.4743      8.254    60.2505 1.4114e+01    10.6761      3.579      5.191    12.8025 0.0000e+00
      3.650      0.012     1.0007      6.109     46.446  35.555090     1.4523      8.251    59.2448 1.4100e+01    10.5415      3.580      5.192    12.8527 0.0000e+00
      3.653      0.014     0.9309      5.329     46.393  35.521869     1.4613      8.248    57.5566 1.4004e+01    10.4885      3.582      5.194    12.9640 0.0000e+00
      3.661      0.016     0.8366      4.785     46.467  35.547570     1.5262      8.244    56.1004 1.3849e+01    10.6164      3.591      5.207    13.0915 0.0000e+00
      3.668      0.017     0.7359      4.549     46.427  35.485099     1.5955      8.242    55.0606 1.3771e+01    10.7897      3.600      5.221    13.2128 0.0000e+00
      3.672      0.020     0.6344      4.630     46.353  35.401005     1.6082      8.241    54.1044 1.3765e+01    10.7729      3.602      5.225    13.3016 0.0000e+00
      3.674      0.024     0.5490      4.974     46.571  35.545971     1.5715      8.240    53.4873 1.3748e+01    10.6185      3.603      5.226    13.2980 0.0000e+00
      3.677      0.029     0.4898      5.506     46.946  35.841904     1.5181      8.238    53.1055 1.3678e+01    10.6992      3.605      5.228    13.2410 0.0000e+00
      3.683      0.034     0.4644      6.138     46.935  35.870021     1.4788      8.236    52.4133 1.3503e+01    11.0308      3.609      5.234    13.2122 0.0000e+00
      3.694      0.038     0.4767      6.783     46.777  35.759098     1.4869      8.236    51.3990 1.3226e+01    11.1778      3.621      5.251    13.1848 0.0000e+00
      3.711      0.041     0.5148      7.350     46.922  35.833239     1.4914      8.234    49.8754 1.2948e+01    11.0763      3.640      5.280    13.1456 0.0000e+00
      3.727      0.043     0.5749      7.797     47.253  36.068431     1.4591      8.232    48.1020 1.2794e+01    11.0667      3.658      5.306    13.1517 0.0000e+00
      3.736      0.043     0.6424      8.151     47.338  36.191589     1.4206      8.231    47.6814 1.2754e+01    11.1987      3.665      5.316    13.2244 0.0000e+00
      3.740      0.042     0.7140      8.427     46.779  35.863001     1.4010      8.230    48.4039 1.2659e+01    11.2723      3.665      5.316    13.2472 0.0000e+00
      3.748      0.042     0.7771      8.647     45.504  34.950925     1.4127      8.229    48.3193 1.2451e+01    11.2055      3.673      5.328    13.1750 0.0000e+00
      3.761      0.043     0.8217      8.862     44.443  34.110156     1.3873      8.228    47.2605 1.2238e+01    11.1428      3.689      5.351    13.1193 0.0000e+00
      3.775      0.044     0.8581      9.117     44.381  33.945554     1.3278      8.227    46.0131 1.2065e+01    11.2649      3.703      5.371    13.2082 0.0000e+00
      3.788      0.042     0.8833      9.388     44.659  34.039255     1.3168      8.227    45.0247 1.1886e+01    11.4523      3.714      5.386    13.3446 0.0000e+00
      3.801      0.037     0.9026      9.603     44.904  34.164376     1.3209      8.226    44.6885 1.1701e+01    11.5307      3.728      5.406    13.4379 0.0000e+00
      3.812      0.032     0.9224      9.743     45.032  34.252840     1.2864      8.224    44.8730 1.1594e+01    11.3931      3.741      5.426    13.4264 0.0000e+00
      3.817      0.029     0.9543      9.920     44.704  34.030261     1.2326      8.222    44.5889 1.1580e+01    11.1205      3.746      5.432    13.2333 0.0000e+00
      3.819      0.029     0.9897     10.308     44.160  33.630387     1.2191      8.221    43.6619 1.1559e+01    11.0698      3.744      5.431    13.0742 0.0000e+00
      3.823      0.033     1.0154     10.975     43.622  33.161297     1.2476      8.219    42.8712 1.1482e+01    11.2241      3.748      5.436    13.0243 0.0000e+00
      3.829      0.038     1.0263     11.889     43.262  32.736065     1.2614      8.218    41.9982 1.1327e+01    11.3114      3.754      5.443    13.0084 0.0000e+00
      3.841      0.043     1.0336     12.924     43.448  32.675978     1.2447      8.215    41.0213 1.1071e+01    11.2371      3.764      5.459    13.0603 0.0000e+00
      3.860      0.047     1.0732     13.934     43.784  32.751803     1.2118      8.213    40.8679 1.0810e+01    11.0773      3.785      5.491    13.1111 0.0000e+00
      3.878      0.049     1.1448     14.901     43.714  32.574149     1.2057      8.211    41.4342 1.0665e+01    11.0532      3.807      5.522    13.0474 0.0000e+00
      3.888      0.051     1.2517     15.952     43.475  32.304203     1.2207      8.208    41.7597 1.0600e+01    11.0823      3.815      5.533    12.8564 0.0000e+00
      3.893      0.054     1.3771     17.363     43.455  32.215771     1.1922      8.204    41.7924 1.0497e+01    10.9511      3.817      5.536    12.5869 0.0000e+00
      3.903      0.058     1.4916     19.508     43.607  32.266145     1.1452      8.202    41.2279 1.0309e+01    10.7988      3.825      5.548    12.3711 0.0000e+00
      3.920      0.064     1.5947     22.498     43.713  32.278797     1.1264      8.200    39.9236 1.0057e+01    10.7447      3.842      5.573    12.2441 0.0000e+00
      3.941      0.070     1.7021     26.035     43.757  32.241783     1.1395      8.196    39.1005 9.7995e+00    10.8082      3.864      5.605    12.1444 0.0000e+00
      3.964      0.074     1.8390     29.824     43.769  32.199180     1.1372      8.193    38.9332 9.5656e+00    10.9521      3.887      5.638    12.0585 0.0000e+00
      3.985      0.074     2.0640     33.631     43.809  32.207712     1.0739      8.188    39.3634 9.3696e+00    11.0157      3.909      5.669    11.9967 0.0000e+00
      4.005      0.072     2.4105     37.179     43.903  32.281478     1.0230      8.184    40.3444 9.2206e+00    11.0648      3.930      5.699    11.9243 0.0000e+00
      4.021      0.069     2.8082     40.375     43.971  32.329804     1.0129      8.179    40.4698 9.1006e+00    11.1364      3.945      5.722    11.8286 0.0000e+00
      4.035      0.067     3.2271     43.223     44.064  32.347930     1.0269      8.173    39.8472 8.9797e+00    11.0954      3.955      5.737    11.7674 0.0000e+00
      4.050      0.066     3.6589     45.622     44.209  32.373705     1.0505      8.168    39.8715 8.8232e+00    10.9457      3.969      5.756    11.7437 0.0000e+00
      4.069      0.065     4.0428     47.567     44.318  32.387590     1.0409      8.164    40.4194 8.6477e+00    10.7946      3.991      5.789    11.7594 0.0000e+00
      4.088      0.063     4.3812     49.143     44.392  32.388858     1.0269      8.159    41.1379 8.4836e+00    10.8399      4.010      5.816    11.7882 0.0000e+00
