Data/DataNotYetUploadedToEDI/Raw_CTD/RawDownloads/063023_ccr50_S8188022.cnv
* Sea-Bird SBE19plus  Data File:
* FileName = C:\R\Reservoirs\Data\DataNotYetUploadedToEDI\Raw_CTD\RawDownloads\062623_fcr50_S8188_0022.hex
* Software version 2.8.0.119
* Temperature SN = 8188
* Conductivity SN = 8188
* System UpLoad Time = Jul 03 2023 16:36:08
* <ApplicationData>
* <Seaterm232>
# nquan = 16
# nvalues = 2535                        
# units = specified
# name 0 = depFM: Depth [fresh water, m]
# name 1 = dz/dtM: Descent Rate [m/s]
# name 2 = sbeox0Mg/L: Oxygen, SBE 43 [mg/l]
# name 3 = sbeox0PS: Oxygen, SBE 43 [% saturation]
# name 4 = specc: Specific Conductance [uS/cm]
# name 5 = c0uS/cm: Conductivity [uS/cm]
# name 6 = wetCDOM: Fluorescence, WET Labs CDOM [mg/m^3]
# name 7 = flECO-AFL: Fluorescence, WET Labs ECO-AFL/FL [mg/m^3]
# name 8 = flECO-AFL1: Fluorescence, WET Labs ECO-AFL/FL, 2 [mg/m^3]
# name 9 = flECO-AFL2: Fluorescence, WET Labs ECO-AFL/FL, 3 [mg/m^3]
# name 10 = par/sat/log: PAR/Logarithmic, Satlantic
# name 11 = turbWETntu0: Turbidity, WET Labs ECO [NTU]
# name 12 = prdM: Pressure, Strain Gauge [db]
# name 13 = prdE: Pressure, Strain Gauge [psi]
# name 14 = tv290C: Temperature [ITS-90, deg C]
# name 15 = flag:  0.000e+00
# span 0 =     -0.410,     21.226       
# span 1 =     -0.350,      0.191       
# span 2 =    -0.1084,     9.4347       
# span 3 =     -0.990,    106.093       
# span 4 =   -692.523,    113.189       
# span 5 =-504.350883,  81.497255       
# span 6 =    -4.5000,     9.1800       
# span 7 =    -0.5771,     8.9178       
# span 8 =    -2.1300,     3.1524       
# span 9 =    -2.0304,     7.5717       
# span 10 = 1.1572e-01, 2.7681e+03      
# span 11 =    -0.2130,   217.4835      
# span 12 =     -0.402,     20.816      
# span 13 =     -0.583,     30.191      
# span 14 =    10.9979,    30.7665      
# span 15 = 0.0000e+00, 0.0000e+00      
# interval = seconds: 0.25
# start_time = Jun 30 2023 14:16:22 [Instrument's time stamp, header]
# bad_flag = -9.990e-29
*END*
[from data line 2351]
      6.879     -0.101     4.1491     39.347     84.303  63.188133     3.6000     1.4295     0.1278     0.6345 6.7407e+01     2.6277      6.746      9.784    12.4162 0.0000e+00
      6.857     -0.085     4.1447     39.639     84.286  63.180395     3.6000     1.4409     0.1278     0.4230 6.7436e+01     2.7630      6.725      9.753    12.4379 0.0000e+00
      6.839     -0.072     4.1514     39.936     84.293  63.188316     3.6000     1.4219     0.1278     0.4230 6.7114e+01     2.6578      6.707      9.728    12.4553 0.0000e+00
      6.824     -0.063     4.1685     40.209     84.303  63.206073     3.6000     1.4524     0.1278     0.4230 6.7085e+01     2.7179      6.693      9.707    12.4673 0.0000e+00
      6.811     -0.057     4.1941     40.446     84.299  63.230468     3.6000     1.3913     0.1278     0.4230 6.7100e+01     2.7630      6.680      9.688    12.4741 0.0000e+00
      6.798     -0.055     4.2250     40.644     84.274  63.264039     3.5100     1.3913     0.0852     0.4230 6.6852e+01     2.7931      6.667      9.670    12.4768 0.0000e+00
      6.786     -0.057     4.2565     40.820     84.213  63.297892     3.5100     1.3799     0.0852     0.4230 6.6809e+01     2.8532      6.655      9.652    12.4784 0.0000e+00
      6.773     -0.063     4.2850     41.009     84.102  63.317257     3.5100     1.3799     0.0852     0.4230 6.6606e+01     2.8382      6.642      9.633    12.4845 0.0000e+00
      6.758     -0.073     4.3086     41.251     83.964  63.317388     3.5100     1.5210     0.0852     0.4230 6.6404e+01     2.8832      6.627      9.612    12.5010 0.0000e+00
      6.740     -0.086     4.3267     41.584     83.853  63.306260     3.5100     1.4981     0.0852     0.4230 6.6332e+01     2.8832      6.610      9.587    12.5320 0.0000e+00
      6.718     -0.104     4.3408     42.025     83.809  63.296776     3.4200     1.5134     0.0852     0.5076 6.6188e+01     2.7630      6.588      9.555    12.5796 0.0000e+00
      6.691     -0.124     4.3549     42.547     83.827  63.300289     3.4200     1.5287     0.0852     0.5076 6.6404e+01     2.9434      6.561      9.516    12.6408 0.0000e+00
      6.657     -0.145     4.3745     43.088     83.876  63.325666     3.4200     1.4104     0.0852     0.5076 6.8589e+01     2.6879      6.528      9.468    12.7027 0.0000e+00
      6.616     -0.165     4.4055     43.584     83.930  63.375704     3.4200     1.3494     0.0852     0.5076 7.0416e+01     2.6879      6.488      9.410    12.7458 0.0000e+00
      6.569     -0.184     4.4509     43.978     83.968  63.451845     3.4200     1.3532     0.0852     0.5499 7.2182e+01     2.6277      6.442      9.344    12.7598 0.0000e+00
      6.518     -0.201     4.5067     44.245     83.980  63.556545     3.4200     1.3913     0.0852     0.5499 7.4250e+01     2.6728      6.392      9.271    12.7540 0.0000e+00
      6.464     -0.215     4.5647     44.417     83.943  63.678059     3.4200     1.5210     0.0852     0.5499 7.5733e+01     2.7931      6.339      9.194    12.7467 0.0000e+00
      6.406     -0.226     4.6166     44.572     83.856  63.813098     3.4200     1.4943     0.0852     0.5499 7.7565e+01     2.7480      6.283      9.112    12.7526 0.0000e+00
      6.347     -0.237     4.6552     44.819     83.762  63.993712     3.5100     1.5096     0.1278     0.5076 7.9944e+01     2.8532      6.224      9.027    12.7808 0.0000e+00
      6.285     -0.246     4.6773     45.287     83.638  64.226420     3.5100     1.5096     0.1278     0.5076 8.1718e+01     2.8832      6.164      8.940    12.8381 0.0000e+00
      6.222     -0.255     4.6857     46.121     83.394  64.452303     3.5100     1.7957     0.1278     0.5076 8.3205e+01     1.9514      6.101      8.849    12.9281 0.0000e+00
      6.156     -0.264     4.6889     47.442     83.042  64.642364     3.5100     1.7995     0.1278     0.5076 8.5014e+01     1.8762      6.037      8.756    13.0484 0.0000e+00
      6.087     -0.273     4.6980     49.306     82.687  64.829456     3.5100     1.8110     0.1278     0.5499 8.8003e+01     1.9363      5.970      8.658    13.2003 0.0000e+00
      6.016     -0.282     4.7250     51.739     82.368  65.035722     3.5100     1.8224     0.1278     0.5499 9.0879e+01     1.8913      5.900      8.557    13.3975 0.0000e+00
      5.943     -0.290     4.7840     54.736     82.054  65.244775     3.5100     2.0513     0.1278     0.5499 9.2856e+01     1.1548      5.828      8.453    13.6469 0.0000e+00
      5.867     -0.297     4.8891     58.221     81.695  65.409240     3.5100     2.0780     0.1278     0.5499 9.6078e+01     1.3051      5.754      8.346    13.9258 0.0000e+00
      5.790     -0.303     5.0484     62.057     81.337  65.535311     3.5100     2.0513     0.1278     0.5499 9.9326e+01     1.2299      5.678      8.236    14.2066 0.0000e+00
      5.711     -0.307     5.2641     66.060     81.091  65.700257     3.4200     2.0589     0.0852     0.4653 1.0253e+02     1.1548      5.601      8.124    14.4836 0.0000e+00
      5.632     -0.310     5.5344     70.027     80.944  65.936170     3.4200     2.2458     0.0852     0.4653 1.0503e+02     1.1698      5.523      8.011    14.7620 0.0000e+00
      5.552     -0.313     5.8517     73.806     80.754  66.182989     3.4200     2.2573     0.0852     0.4653 1.0669e+02     1.2149      5.445      7.898    15.0374 0.0000e+00
      5.473     -0.315     6.2040     77.312     80.461  66.387537     3.4200     2.2382     0.0852     0.4653 1.0870e+02     1.2450      5.367      7.784    15.2904 0.0000e+00
      5.393     -0.317     6.5736     80.487     80.158  66.578597     3.4200     2.2573     0.0426     0.3807 1.1160e+02     1.1698      5.288      7.670    15.5130 0.0000e+00
      5.311     -0.319     6.9366     83.328     79.914  66.793250     3.4200     2.4137     0.0426     0.3807 1.1402e+02     1.1398      5.208      7.554    15.7323 0.0000e+00
      5.229     -0.320     7.2732     85.889     79.737  67.055030     3.4200     2.4251     0.0426     0.3807 1.1698e+02     1.1698      5.128      7.437    15.9815 0.0000e+00
      5.147     -0.320     7.5755     88.218     79.616  67.392100     3.4200     2.4289     0.0426     0.3807 1.1940e+02     1.1848      5.047      7.321    16.2576 0.0000e+00
      5.065     -0.321     7.8426     90.363     79.481  67.777323     3.4200     2.4289     0.0852     0.4230 1.2213e+02     1.2600      4.967      7.204    16.5323 0.0000e+00
      4.984     -0.320     8.0766     92.400     79.239  68.121030     3.4200     2.2992     0.0852     0.4230 1.2430e+02     0.9143      4.887      7.088    16.7926 0.0000e+00
      4.902     -0.320     8.2815     94.386     78.914  68.391913     3.4200     2.3069     0.0852     0.4230 1.2689e+02     0.9293      4.807      6.972    17.0492 0.0000e+00
      4.820     -0.318     8.4584     96.313     78.636  68.652318     3.4200     2.2992     0.0852     0.4230 1.2956e+02     0.9293      4.727      6.856    17.3248 0.0000e+00
      4.739     -0.316     8.6084     98.131     78.464  68.953853     3.4200     2.3145     0.0852     0.4230 1.3281e+02     0.8391      4.647      6.740    17.6398 0.0000e+00
      4.658     -0.313     8.7402     99.777     78.401  69.331312     3.2400     1.7575     0.0426     0.5922 1.3600e+02     0.7189      4.567      6.625    17.9883 0.0000e+00
      4.578     -0.309     8.8654    101.207     78.337  69.722689     3.2400     1.7461     0.0426     0.5922 1.3808e+02     0.6738      4.490      6.512    18.3367 0.0000e+00
      4.500     -0.303     8.9889    102.435     78.130  70.000258     3.2400     1.7614     0.0426     0.5922 1.4023e+02     0.7339      4.413      6.401    18.6545 0.0000e+00
      4.423     -0.297     9.1065    103.478     77.896  70.216243     3.2400     1.7575     0.0426     0.5922 1.4381e+02     0.6287      4.337      6.291    18.9408 0.0000e+00
      4.347     -0.288     9.2090    104.287     77.792  70.483810     3.0600     1.7232     0.0852     0.4230 1.4725e+02     0.4183      4.263      6.183    19.2156 0.0000e+00
      4.273     -0.276     9.2883    104.837     77.783  70.794964     3.0600     1.4257     0.0852     0.4230 1.5085e+02     0.5385      4.191      6.078    19.5020 0.0000e+00
      4.203     -0.261     9.3464    105.163     77.812  71.127541     3.0600     1.4524     0.0852     0.4230 1.5500e+02     0.5385      4.121      5.977    19.7977 0.0000e+00
      4.136     -0.241     9.3913    105.304     77.882  71.500799     3.0600     1.4676     0.0852     0.4230 1.5799e+02     0.4634      4.056      5.883    20.0698 0.0000e+00
      4.075     -0.218     9.4223    105.290     77.950  71.881355     2.6100     1.4333     0.0426     0.2961 1.6080e+02     0.4333      3.997      5.796    20.3007 0.0000e+00
      4.021     -0.191     9.4347    105.158     77.894  72.150473     2.6100     1.2502     0.0426     0.2961 1.6656e+02     0.4484      3.943      5.719    20.5046 0.0000e+00
      3.975     -0.164     9.4282    104.954     77.719  72.282717     2.6100     1.2578     0.0426     0.2961 1.6798e+02     0.3882      3.898      5.653    20.7004 0.0000e+00
      3.937     -0.137     9.4046    104.672     77.568  72.382811     2.6100     1.2693     0.0426     0.2961 1.6805e+02     0.3882      3.861      5.600    20.8985 0.0000e+00
      3.909     -0.112     9.3661    104.277     77.492  72.499282     2.2500     1.2654     0.0426     0.1269 1.6853e+02     0.3432      3.834      5.560    21.1029 0.0000e+00
      3.887     -0.091     9.3170    103.776     77.458  72.619544     2.2500     1.1930     0.0426     0.1269 1.6598e+02     0.8993      3.812      5.529    21.3095 0.0000e+00
      3.869     -0.074     9.2647    103.199     77.470  72.761782     2.2500     1.2082     0.0426     0.1269 1.6570e+02     1.0345      3.794      5.503    21.4993 0.0000e+00
      3.853     -0.060     9.2122    102.574     77.518  72.930199     2.2500     1.1930     0.0426     0.1269 1.6508e+02     0.9444      3.779      5.480    21.6538 0.0000e+00
      3.839     -0.049     9.1560    101.955     77.551  73.086376     2.2500     1.2006     0.0426     0.1269 1.6455e+02     1.0195      3.765      5.460    21.7743 0.0000e+00
      3.828     -0.040     9.0948    101.396     77.531  73.196566     2.0700     1.2044     0.0426     0.2538 1.6351e+02     0.5385      3.754      5.444    21.8724 0.0000e+00
      3.819     -0.032     9.0294    100.933     77.452  73.246508     2.0700     1.1777     0.0426     0.2538 1.6319e+02     0.4634      3.745      5.432    21.9566 0.0000e+00
      3.813     -0.026     8.9611    100.592     77.338  73.247543     2.0700     1.1853     0.0426     0.2538 1.6231e+02     0.4634      3.739      5.423    22.0355 0.0000e+00
      3.809     -0.021     8.8931    100.358     77.231  73.225747     2.0700     1.2197     0.0426     0.2538 1.6220e+02     0.3732      3.735      5.417    22.1163 0.0000e+00
      3.805     -0.017     8.8303    100.164     77.144  73.189201     2.1600     1.1281     0.0852     0.2115 1.6249e+02     0.4484      3.731      5.411    22.1994 0.0000e+00
      3.801     -0.015     8.7761     99.954     77.067  73.132130     2.1600     1.1396     0.0852     0.2115 1.6270e+02     0.3882      3.727      5.406    22.2804 0.0000e+00
      3.797     -0.014     8.7346     99.683     76.997  73.057172     2.1600     1.1510     0.0852     0.2115 1.6273e+02     0.4784      3.723      5.400    22.3508 0.0000e+00
      3.794     -0.013     8.7055     99.320     76.947  72.984020     2.1600     1.1357     0.0852     0.2115 1.6242e+02     0.5235      3.720      5.395    22.4022 0.0000e+00
      3.791     -0.013     8.6837     98.872     76.954  72.956657     1.9800     1.1930     0.0426     0.3384 1.6189e+02     0.5235      3.717      5.391    22.4318 0.0000e+00
      3.788     -0.014     8.6637     98.379     77.043  73.009451     1.9800     1.2197     0.0426     0.3384 1.6164e+02     0.4033      3.714      5.387    22.4418 0.0000e+00
      3.785     -0.016     8.6411     97.908     77.191  73.134650     1.9800     1.1892     0.0426     0.3384 1.6249e+02     0.5686      3.711      5.382    22.4363 0.0000e+00
      3.781     -0.018     8.6123     97.542     77.356  73.310082     1.9800     1.2006     0.0426     0.3384 1.6206e+02     0.4634      3.707      5.377    22.4198 0.0000e+00
      3.776     -0.023     8.5771     97.346     77.505  73.511098     1.8900     1.2159     0.0000     0.2115 1.6238e+02     0.5235      3.703      5.370    22.3976 0.0000e+00
      3.770     -0.028     8.5377     97.357     77.605  73.702017     1.8900     1.2044     0.0000     0.2115 1.6196e+02     0.4784      3.697      5.362    22.3767 0.0000e+00
      3.763     -0.036     8.4984     97.583     77.642  73.856371     1.8900     1.2082     0.0000     0.2115 1.6084e+02     0.5536      3.690      5.352    22.3674 0.0000e+00
      3.754     -0.046     8.4646     97.987     77.637  73.977630     1.8900     1.1930     0.0000     0.2115 1.6097e+02     0.2981      3.681      5.339    22.3796 0.0000e+00
      3.742     -0.059     8.4414     98.492     77.615  74.078292     1.8900     1.1319     0.0000     0.2115 1.6097e+02     0.2229      3.670      5.322    22.4180 0.0000e+00
      3.727     -0.077     8.4322     99.008     77.577  74.149491     1.9800     1.1281     0.0426     0.0846 1.6007e+02     0.1327      3.655      5.301    22.4800 0.0000e+00
      3.708     -0.098     8.4393     99.446     77.518  74.178471     1.9800     1.1319     0.0426     0.0846 1.5941e+02     0.3432      3.636      5.273    22.5569 0.0000e+00
      3.682     -0.124     8.4611     99.725     77.471  74.188840     1.9800     1.1472     0.0426     0.0846 1.5924e+02     0.1478      3.611      5.237    22.6381 0.0000e+00
      3.649     -0.153     8.4921     99.808     77.494  74.238922     1.9800     1.1663     0.0426     0.0846 1.5989e+02     0.1628      3.579      5.190    22.7162 0.0000e+00
      3.607     -0.183     8.5253     99.714     77.593  74.353978     1.8000     1.1396     0.0000     0.1269 1.6523e+02     0.2680      3.537      5.130    22.7858 0.0000e+00
      3.555     -0.212     8.5540     99.509     77.711  74.499205     1.8000     1.1396     0.0000     0.1269 1.6985e+02     0.1327      3.486      5.056    22.8409 0.0000e+00
      3.494     -0.239     8.5723     99.282     77.810  74.649835     1.8000     1.1548     0.0000     0.1269 1.7594e+02     0.2981      3.427      4.970    22.8763 0.0000e+00
      3.428     -0.262     8.5766     99.107     77.881  74.794445     1.8000     1.0938     0.0000     0.1269 1.8153e+02     0.1929      3.361      4.875    22.8943 0.0000e+00
      3.356     -0.281     8.5665     99.030     77.935  74.937868     1.9800     1.1014     0.0426     0.1269 1.8612e+02     0.1628      3.291      4.773    22.9072 0.0000e+00
      3.281     -0.295     8.5456     99.062     77.994  75.098512     1.9800     1.0709     0.0426     0.1269 1.9464e+02     0.3281      3.217      4.666    22.9282 0.0000e+00
      3.203     -0.307     8.5203     99.186     78.039  75.257705     1.9800     1.0862     0.0426     0.1269 2.0157e+02     0.1327      3.141      4.555    22.9636 0.0000e+00
      3.122     -0.316     8.4974     99.364     78.069  75.406312     1.9800     1.0175     0.0426     0.1269 2.0957e+02     0.3732      3.062      4.441    23.0128 0.0000e+00
      3.040     -0.323     8.4813     99.539     78.094  75.544280     1.9800     1.0137     0.0426     0.1269 2.2108e+02     0.2379      2.982      4.324    23.0716 0.0000e+00
      2.956     -0.329     8.4733     99.666     78.114  75.666733     1.9800     1.0060     0.0426     0.0846 2.3039e+02     0.1929      2.899      4.205    23.1381 0.0000e+00
      2.871     -0.333     8.4720     99.720     78.134  75.778549     1.9800     1.0213     0.0426     0.0846 2.4464e+02     0.2680      2.816      4.084    23.2121 0.0000e+00
