Data/DataNotYetUploadedToEDI/Raw_CTD/RawDownloads/063022_ccr50_S7809001.cnv
* Sea-Bird SBE19plus  Data File:
* FileName = C:\R\Reservoirs\Data\DataNotYetUploadedToEDI\Raw_CTD\RawDownloads\070522_bvr40_SBE19plus01907809_0001.hex
* Software version 2.8.0.119
* Temperature SN = 7809
* Conductivity SN = 7809
* System UpLoad Time = Jul 05 2022 16:49:32
* <ApplicationData>
* <Seaterm232>
# nquan = 15
# nvalues = 8652                        
# units = specified
# name 0 = depFM: Depth [fresh water, m]
# name 1 = dz/dtM: Descent Rate [m/s]
# name 2 = sbeox0Mg/L: Oxygen, SBE 43 [mg/l]
# name 3 = sbeox0PS: Oxygen, SBE 43 [% saturation]
# name 4 = specc: Specific Conductance [uS/cm]
# name 5 = c0uS/cm: Conductivity [uS/cm]
# name 6 = flECO-AFL: Fluorescence, WET Labs ECO-AFL/FL [mg/m^3]
# name 7 = ph: pH
# name 8 = orp: Oxidation Reduction Potential [mV]
# name 9 = par/sat/log: PAR/Logarithmic, Satlantic
# name 10 = turbWETntu0: Turbidity, WET Labs ECO [NTU]
# name 11 = prdM: Pressure, Strain Gauge [db]
# name 12 = prdE: Pressure, Strain Gauge [psi]
# name 13 = tv290C: Temperature [ITS-90, deg C]
# name 14 = flag:  0.000e+00
# span 0 =     -0.406,     21.606       
# span 1 =     -0.266,      0.199       
# span 2 =     0.0674,     9.2838       
# span 3 =      0.617,    101.518       
# span 4 =      1.188,    156.252       
# span 5 =   1.268597, 110.561772       
# span 6 =    -1.6789,   227.3310       
# span 7 =     -2.240,      8.281       
# span 8 = -1240.7455,   474.3486       
# span 9 = 1.2355e-01, 2.0051e+03       
# span 10 =    -5.7016,    68.4881      
# span 11 =     -0.399,     21.189      
# span 12 =     -0.578,     30.731      
# span 13 =    10.3366,    28.3854      
# span 14 = 0.0000e+00, 0.0000e+00      
# interval = seconds: 0.25
# start_time = Jun 30 2022 06:54:30 [Instrument's time stamp, header]
# bad_flag = -9.990e-29
*END*
[from data line 2025]
      8.764      0.019     5.7961     55.877     98.001  72.364492     1.0676      7.317   269.9799 1.9060e+01     0.9190      8.593     12.463    11.9493 0.0000e+00
      8.771      0.017     5.8471     56.384     97.996  72.351789     1.0581      7.316   270.0805 1.9019e+01     0.9059      8.602     12.476    11.9413 0.0000e+00
      8.777      0.014     5.9088     56.826     98.008  72.350636     1.0503      7.315   270.1800 1.9001e+01     0.9289      8.609     12.486    11.9350 0.0000e+00
      8.780      0.011     5.9726     57.213     98.028  72.350533     1.0399      7.315   270.2364 1.9000e+01     0.9576      8.611     12.490    11.9238 0.0000e+00
      8.781      0.009     6.0328     57.550     98.043  72.350523     1.0412      7.316   270.3321 1.9004e+01     0.9799      8.611     12.489    11.9152 0.0000e+00
      8.780      0.009     6.0903     57.797     98.048  72.350513     1.0485      7.316   270.3909 1.9002e+01     0.9938      8.610     12.487    11.9140 0.0000e+00
      8.780      0.010     6.1370     57.926     98.043  72.350408     1.0378      7.315   270.4315 1.8977e+01     0.9549      8.609     12.487    11.9091 0.0000e+00
      8.783      0.013     6.1795     57.953     98.033  72.349251     1.0120      7.313   270.4785 1.8927e+01     0.8845      8.612     12.491    11.8993 0.0000e+00
      8.789      0.015     6.2193     57.900     98.004  72.336533     1.0028      7.313   270.5295 1.8873e+01     0.8595      8.618     12.499    11.8928 0.0000e+00
      8.795      0.015     6.2475     57.804     97.984  72.323713     1.0175      7.312   270.5313 1.8830e+01     0.9270      8.626     12.510    11.8915 0.0000e+00
      8.801      0.014     6.2597     57.712     97.991  72.321299     1.0222      7.312   270.5005 1.8797e+01     0.9485      8.631     12.519    11.8940 0.0000e+00
      8.804      0.012     6.2614     57.638     97.989  72.307344     1.0186      7.311   270.5877 1.8781e+01     0.8808      8.635     12.524    11.8972 0.0000e+00
      8.805      0.011     6.2543     57.574     97.979  72.282020     1.0249      7.311   270.7248 1.8789e+01     0.8597      8.636     12.525    11.9029 0.0000e+00
      8.805      0.011     6.2402     57.520     97.995  72.269203     1.0229      7.310   270.7812 1.8781e+01     0.8644      8.633     12.522    11.9064 0.0000e+00
      8.805      0.013     6.2316     57.503     98.040  72.279402     1.0189      7.309   270.7542 1.8736e+01     0.8696      8.633     12.521    11.8992 0.0000e+00
      8.810      0.017     6.2244     57.526     98.055  72.278249     1.0424      7.309   270.6560 1.8685e+01     0.8884      8.639     12.530    11.8937 0.0000e+00
      8.816      0.018     6.2196     57.566     98.026  72.255242     1.0827      7.309   270.6264 1.8648e+01     0.9207      8.646     12.540    11.8860 0.0000e+00
      8.823      0.018     6.2135     57.616     98.024  72.255345     1.0986      7.307   270.6547 1.8617e+01     0.9523      8.652     12.548    11.8707 0.0000e+00
      8.830      0.016     6.2138     57.676     98.053  72.279496     1.0853      7.307   270.6537 1.8589e+01     0.9291      8.660     12.561    11.8571 0.0000e+00
      8.835      0.012     6.2189     57.736     98.063  72.293138     1.0549      7.307   270.7867 1.8577e+01     0.8791      8.666     12.569    11.8508 0.0000e+00
      8.835      0.010     6.2224     57.778     98.049  72.293241     1.0309      7.306   270.9720 1.8587e+01     0.8946      8.666     12.568    11.8519 0.0000e+00
      8.835      0.010     6.2285     57.808     98.013  72.280752     1.0283      7.306   271.0016 1.8596e+01     0.9460      8.663     12.564    11.8528 0.0000e+00
      8.835      0.011     6.2342     57.845     97.984  72.269210     1.0322      7.305   270.9724 1.8575e+01     0.9543      8.662     12.563    11.8543 0.0000e+00
      8.838      0.013     6.2421     57.910     97.996  72.280751     1.0359      7.305   270.9620 1.8526e+01     0.9259      8.666     12.569    11.8573 0.0000e+00
      8.844      0.016     6.2451     57.994     98.012  72.293237     1.0304      7.305   270.9622 1.8477e+01     0.8760      8.673     12.579    11.8613 0.0000e+00
      8.850      0.017     6.2462     58.066     98.029  72.293123     1.0244      7.304   271.0616 1.8448e+01     0.8290      8.680     12.589    11.8718 0.0000e+00
      8.855      0.016     6.2487     58.112     98.058  72.279369     1.0210      7.303   271.1313 1.8418e+01     0.8357      8.685     12.596    11.8776 0.0000e+00
      8.859      0.013     6.2556     58.127     98.086  72.253958     1.0153      7.303   271.1168 1.8376e+01     0.8889      8.688     12.601    11.8750 0.0000e+00
      8.862      0.011     6.2667     58.120     98.127  72.239938     1.0133      7.302   271.3158 1.8358e+01     0.9258      8.692     12.607    11.8799 0.0000e+00
      8.863      0.011     6.2743     58.088     98.159  72.236858     1.0223      7.302   271.5584 1.8357e+01     0.9402      8.693     12.607    11.8759 0.0000e+00
      8.863      0.012     6.2839     58.033     98.139  72.216683     1.0328      7.302   271.5553 1.8336e+01     0.9267      8.691     12.605    11.8537 0.0000e+00
      8.866      0.015     6.2874     57.971     98.104  72.186580     1.0238      7.302   271.5359 1.8291e+01     0.8992      8.692     12.607    11.8294 0.0000e+00
      8.871      0.017     6.2910     57.915     98.138  72.190520     1.0132      7.301   271.5826 1.8234e+01     0.9156      8.698     12.615    11.8034 0.0000e+00
      8.877      0.019     6.2900     57.892     98.199  72.200772     1.0209      7.300   271.6034 1.8178e+01     0.9539      8.705     12.626    11.7877 0.0000e+00
      8.884      0.019     6.2819     57.907     98.222  72.183450     1.0337      7.299   271.6158 1.8123e+01     0.9865      8.712     12.636    11.7909 0.0000e+00
      8.890      0.017     6.2762     57.926     98.236  72.171628     1.0262      7.298   271.6463 1.8080e+01     0.9675      8.719     12.646    11.7918 0.0000e+00
      8.894      0.013     6.2693     57.932     98.267  72.184857     1.0054      7.298   271.7135 1.8064e+01     0.8952      8.723     12.651    11.7804 0.0000e+00
      8.896      0.008     6.2699     57.936     98.311  72.216341     1.0074      7.298   271.7395 1.8063e+01     0.8632      8.724     12.653    11.7595 0.0000e+00
      8.897      0.005     6.2762     57.937     98.331  72.234659     1.0245      7.298   271.7897 1.8061e+01     0.8879      8.725     12.655    11.7389 0.0000e+00
      8.897      0.006     6.2806     57.954     98.294  72.215758     1.0286      7.298   271.8901 1.8064e+01     0.9217      8.726     12.655    11.7288 0.0000e+00
      8.896      0.011     6.2807     58.000     98.228  72.178395     1.0404      7.298   271.9211 1.8069e+01     0.9299      8.725     12.654    11.7246 0.0000e+00
      8.895      0.019     6.2817     58.050     98.208  72.164090     1.0757      7.297   271.9069 1.8048e+01     0.9192      8.721     12.649    11.7248 0.0000e+00
      8.899      0.027     6.2809     58.094     98.243  72.169853     1.0978      7.296   271.8896 1.7971e+01     0.8944      8.723     12.651    11.7270 0.0000e+00
      8.910      0.034     6.2804     58.134     98.298  72.184530     1.0922      7.295   271.8842 1.7852e+01     0.8685      8.736     12.670    11.7298 0.0000e+00
      8.925      0.040     6.2869     58.160     98.367  72.214460     1.0911      7.295   271.9282 1.7744e+01     0.9144      8.754     12.697    11.7396 0.0000e+00
      8.939      0.042     6.2915     58.183     98.387  72.214060     1.1086      7.295   271.9902 1.7659e+01     1.0394      8.768     12.716    11.7426 0.0000e+00
      8.950      0.039     6.2977     58.216     98.351  72.179682     1.1299      7.294   272.0323 1.7585e+01     1.1504      8.776     12.729    11.7274 0.0000e+00
      8.960      0.032     6.3058     58.272     98.350  72.179954     1.1408      7.294   272.0924 1.7524e+01     1.1973      8.786     12.744    11.7129 0.0000e+00
      8.968      0.024     6.3084     58.381     98.389  72.217349     1.0981      7.293   272.1147 1.7479e+01     1.1618      8.796     12.758    11.7034 0.0000e+00
      8.973      0.018     6.3122     58.549     98.420  72.250674     1.0126      7.292   272.1301 1.7455e+01     1.0293      8.800     12.764    11.6941 0.0000e+00
      8.974      0.014     6.3160     58.740     98.431  72.265244     0.9645      7.291   272.1929 1.7455e+01     0.8930      8.800     12.764    11.6905 0.0000e+00
      8.974      0.012     6.3205     58.925     98.431  72.266474     0.9576      7.291   272.2717 1.7450e+01     0.8457      8.800     12.763    11.6912 0.0000e+00
      8.976      0.012     6.3308     59.094     98.423  72.265554     0.9804      7.291   272.3943 1.7412e+01     0.8674      8.802     12.765    11.6963 0.0000e+00
      8.980      0.014     6.3499     59.220     98.393  72.254118     1.0232      7.291   272.4710 1.7372e+01     0.9160      8.806     12.771    11.7043 0.0000e+00
      8.985      0.018     6.3718     59.299     98.384  72.255263     1.0424      7.291   272.5110 1.7358e+01     0.9557      8.813     12.782    11.7073 0.0000e+00
      8.990      0.021     6.3915     59.333     98.413  72.279413     1.0378      7.290   272.6195 1.7343e+01     0.9373      8.817     12.788    11.7047 0.0000e+00
      8.994      0.022     6.4117     59.306     98.424  72.291998     1.0086      7.289   272.7505 1.7283e+01     0.9333      8.818     12.790    11.7075 0.0000e+00
      9.000      0.022     6.4241     59.234     98.399  72.280376     0.9725      7.288   272.8040 1.7191e+01     1.0432      8.825     12.800    11.7151 0.0000e+00
      9.010      0.021     6.4308     59.165     98.379  72.265961     0.9673      7.287   272.7505 1.7139e+01     1.1738      8.836     12.817    11.7190 0.0000e+00
      9.016      0.021     6.4367     59.117     98.361  72.244762     0.9710      7.286   272.7060 1.7129e+01     1.2148      8.843     12.826    11.7193 0.0000e+00
      9.019      0.019     6.4327     59.081     98.329  72.214637     0.9673      7.285   272.6958 1.7101e+01     1.1628      8.844     12.827    11.7204 0.0000e+00
      9.022      0.017     6.4208     59.068     98.333  72.219352     0.9811      7.286   272.7133 1.7036e+01     1.0911      8.847     12.832    11.7273 0.0000e+00
      9.027      0.016     6.4132     59.103     98.355  72.238252     1.0127      7.287   272.8312 1.6984e+01     1.0987      8.853     12.840    11.7280 0.0000e+00
      9.031      0.016     6.4098     59.184     98.378  72.252570     1.0168      7.286   272.9165 1.6979e+01     1.1532      8.857     12.846    11.7209 0.0000e+00
      9.033      0.017     6.4062     59.273     98.406  72.265413     1.0056      7.285   272.8845 1.6983e+01     1.1689      8.858     12.848    11.7162 0.0000e+00
      9.038      0.018     6.4026     59.353     98.421  72.266469     1.0023      7.285   272.8741 1.6950e+01     1.1854      8.861     12.852    11.7188 0.0000e+00
      9.044      0.019     6.4057     59.408     98.437  72.265317     0.9853      7.285   272.8774 1.6894e+01     1.2170      8.870     12.865    11.7224 0.0000e+00
      9.049      0.021     6.4180     59.435     98.441  72.251477     0.9665      7.283   272.9241 1.6855e+01     1.2097      8.875     12.873    11.7196 0.0000e+00
      9.053      0.022     6.4281     59.467     98.435  72.226173     0.9578      7.282   273.0082 1.6821e+01     1.1649      8.878     12.876    11.7156 0.0000e+00
      9.058      0.022     6.4375     59.510     98.450  72.213454     0.9808      7.281   272.9488 1.6762e+01     1.1193      8.882     12.882    11.7107 0.0000e+00
      9.066      0.020     6.4462     59.534     98.497  72.224721     1.0360      7.280   272.8942 1.6690e+01     1.1365      8.890     12.894    11.7038 0.0000e+00
      9.074      0.018     6.4472     59.536     98.534  72.235320     1.0680      7.280   272.9507 1.6652e+01     1.2017      8.900     12.908    11.6952 0.0000e+00
      9.079      0.017     6.4525     59.554     98.514  72.214534     1.0750      7.280   272.9430 1.6645e+01     1.2248      8.904     12.914    11.6852 0.0000e+00
      9.080      0.017     6.4606     59.579     98.443  72.163973     1.0791      7.280   272.9731 1.6645e+01     1.2446      8.905     12.915    11.6729 0.0000e+00
      9.081      0.019     6.4662     59.584     98.393  72.132213     1.0684      7.279   273.0565 1.6646e+01     1.3054      8.906     12.916    11.6588 0.0000e+00
      9.083      0.022     6.4643     59.604     98.412  72.148181     1.0615      7.279   273.0047 1.6617e+01     1.3452      8.907     12.918    11.6508 0.0000e+00
      9.090      0.023     6.4671     59.618     98.439  72.166453     1.0708      7.278   272.9496 1.6537e+01     1.3840      8.911     12.925    11.6478 0.0000e+00
      9.100      0.023     6.4737     59.587     98.442  72.162553     1.0726      7.278   272.9921 1.6433e+01     1.3983      8.924     12.943    11.6486 0.0000e+00
      9.111      0.019     6.4681     59.535     98.460  72.164547     1.0576      7.277   273.0886 1.6368e+01     1.3131      8.937     12.962    11.6535 0.0000e+00
      9.119      0.013     6.4729     59.477     98.504  72.190549     1.0402      7.275   273.1706 1.6363e+01     1.2417      8.946     12.975    11.6541 0.0000e+00
      9.120      0.007     6.4773     59.400     98.533  72.222822     1.0278      7.275   273.2089 1.6401e+01     1.2189      8.946     12.975    11.6528 0.0000e+00
      9.115      0.002     6.4714     59.318     98.526  72.237135     1.0332      7.276   273.2934 1.6458e+01     1.1739      8.939     12.964    11.6513 0.0000e+00
      9.110      0.000     6.4667     59.278     98.504  72.236575     1.0552      7.276   273.3311 1.6477e+01     1.1421      8.933     12.955    11.6430 0.0000e+00
      9.109      0.001     6.4624     59.280     98.459  72.216060     1.0695      7.275   273.3213 1.6444e+01     1.1406      8.932     12.954    11.6362 0.0000e+00
      9.111      0.006     6.4532     59.295     98.393  72.179686     1.0815      7.274   273.3464 1.6409e+01     1.1562      8.935     12.959    11.6446 0.0000e+00
      9.114      0.012     6.4382     59.320     98.373  72.177966     1.0753      7.274   273.3774 1.6386e+01     1.1937      8.938     12.963    11.6577 0.0000e+00
      9.118      0.017     6.4341     59.360     98.396  72.195276     1.0443      7.273   273.4375 1.6356e+01     1.2191      8.941     12.968    11.6647 0.0000e+00
      9.123      0.020     6.4349     59.412     98.427  72.198400     1.0227      7.272   273.4705 1.6328e+01     1.1896      8.946     12.974    11.6703 0.0000e+00
      9.130      0.022     6.4356     59.436     98.478  72.215714     1.0144      7.271   273.4319 1.6301e+01     1.1441      8.953     12.985    11.6759 0.0000e+00
      9.137      0.023     6.4368     59.429     98.480  72.213999     1.0099      7.272   273.4012 1.6263e+01     1.1135      8.961     12.997    11.6849 0.0000e+00
      9.143      0.023     6.4398     59.422     98.426  72.177668     1.0015      7.272   273.4434 1.6224e+01     1.1266      8.968     13.006    11.6895 0.0000e+00
      9.148      0.024     6.4505     59.413     98.407  72.157608     0.9804      7.271   273.5127 1.6191e+01     1.1670      8.971     13.012    11.6730 0.0000e+00
      9.153      0.024     6.4560     59.397     98.445  72.162041     0.9622      7.269   273.5510 1.6156e+01     1.1583      8.976     13.019    11.6575 0.0000e+00
      9.159      0.025     6.4516     59.382     98.500  72.167703     0.9647      7.268   273.5625 1.6115e+01     1.1235      8.982     13.025    11.6607 0.0000e+00
      9.166      0.025     6.4517     59.373     98.535  72.162503     0.9947      7.268   273.5646 1.6063e+01     1.1220      8.988     13.036    11.6649 0.0000e+00
