Data/DataNotYetUploadedToEDI/Raw_CTD/RawDownloads/063025_bvr50_S8188001.cnv
* Sea-Bird SBE19plus  Data File:
* FileName = C:\R\Reservoirs\Data\DataNotYetUploadedToEDI\Raw_CTD\RawDownloads\063025_bvr50_S8188_0001.hex
* Software version 2.8.0.119
* Temperature SN = 8188
* Conductivity SN = 8188
* System UpLoad Time = Jul 01 2025 12:27:44
* <ApplicationData>
* <Seaterm232>
# nquan = 16
# nvalues = 1932                        
# units = specified
# name 0 = depFM: Depth [fresh water, m]
# name 1 = dz/dtM: Descent Rate [m/s]
# name 2 = sbeox0Mg/L: Oxygen, SBE 43 [mg/l]
# name 3 = sbeox0PS: Oxygen, SBE 43 [% saturation]
# name 4 = specc: Specific Conductance [uS/cm]
# name 5 = c0uS/cm: Conductivity [uS/cm]
# name 6 = wetCDOM: Fluorescence, WET Labs CDOM [mg/m^3]
# name 7 = flECO-AFL: Fluorescence, WET Labs ECO-AFL/FL [mg/m^3]
# name 8 = flECO-AFL1: Fluorescence, WET Labs ECO-AFL/FL, 2 [mg/m^3]
# name 9 = flECO-AFL2: Fluorescence, WET Labs ECO-AFL/FL, 3 [mg/m^3]
# name 10 = par/sat/log: PAR/Logarithmic, Satlantic
# name 11 = turbWETntu0: Turbidity, WET Labs ECO [NTU]
# name 12 = prdM: Pressure, Strain Gauge [db]
# name 13 = prdE: Pressure, Strain Gauge [psi]
# name 14 = tv290C: Temperature [ITS-90, deg C]
# name 15 = flag:  0.000e+00
# span 0 =     -0.709,      6.302       
# span 1 =     -0.229,      0.092       
# span 2 =     0.0314,     9.9411       
# span 3 =      0.300,    127.861       
# span 4 =   -648.544,    174.291       
# span 5 =-486.967679, 128.076611       
# span 6 =   -11.6100,    79.5600       
# span 7 =    -2.5200,    36.6308       
# span 8 =    -4.7712,     2.9820       
# span 9 =    -6.8949,     6.8949       
# span 10 = 1.1582e-01, 1.5412e+03      
# span 11 =    -9.7813,    29.6012      
# span 12 =     -0.695,      6.180      
# span 13 =     -1.008,      8.964      
# span 14 =    11.7380,    28.4101      
# span 15 = 0.0000e+00, 0.0000e+00      
# interval = seconds: 0.25
# start_time = Jun 30 2025 09:01:05 [Instrument's time stamp, header]
# bad_flag = -9.990e-29
*END*
[from data line 543]
      0.996      0.022     7.8420     90.377     31.774  30.775149    27.0900     9.0730     0.1278     3.0033 8.5366e+01     6.2013      0.977      1.418    23.5886 0.0000e+00
      1.002      0.022     7.8009     89.864     31.763  30.743474    27.0900     9.0578     0.1278     3.0033 8.6111e+01     6.1107      0.983      1.426    23.5449 0.0000e+00
      1.008      0.023     7.7634     89.358     31.723  30.685535    27.0900     9.7444     0.1278     2.9610 8.6487e+01     6.0654      0.989      1.434    23.5014 0.0000e+00
      1.014      0.024     7.7270     88.866     31.694  30.637662    27.0900     9.7521     0.1278     2.9610 8.5701e+01     6.1711      0.995      1.443    23.4604 0.0000e+00
      1.020      0.024     7.6895     88.400     31.686  30.608995    27.0900     9.7215     0.1278     2.9610 8.5496e+01     6.1711      1.001      1.451    23.4236 0.0000e+00
      1.026      0.024     7.6507     87.974     31.682  30.579941    27.0900     9.7521     0.1278     2.9610 8.4609e+01     6.1107      1.007      1.460    23.3905 0.0000e+00
      1.033      0.024     7.6121     87.581     31.690  30.554701    27.3600    10.6676     0.1278     3.1302 8.5515e+01     5.9143      1.013      1.469    23.3592 0.0000e+00
      1.039      0.023     7.5746     87.204     31.719  30.546456    27.3600    10.6638     0.1278     3.1302 8.4867e+01     5.9143      1.019      1.478    23.3283 0.0000e+00
      1.045      0.022     7.5395     86.831     31.762  30.556990    27.3600    10.6523     0.1278     3.1302 8.3513e+01     5.9445      1.025      1.487    23.2957 0.0000e+00
      1.051      0.020     7.5089     86.449     31.802  30.577159    27.3600    10.6676     0.1278     3.1302 8.2449e+01     5.9143      1.031      1.495    23.2557 0.0000e+00
      1.056      0.018     7.4827     86.047     31.813  30.582468    27.4500    10.9728     0.1704     3.0456 8.2575e+01     5.8992      1.036      1.502    23.2040 0.0000e+00
      1.060      0.016     7.4586     85.642     31.792  30.560391    27.4500    10.9575     0.1704     3.0456 8.2252e+01     5.9143      1.040      1.508    23.1466 0.0000e+00
      1.064      0.014     7.4336     85.282     31.778  30.538900    27.4500    10.9766     0.1704     3.0456 8.2557e+01     5.7784      1.043      1.513    23.0976 0.0000e+00
      1.067      0.012     7.4048     85.003     31.789  30.538155    27.4500    10.9690     0.1704     3.0456 8.1860e+01     5.9596      1.046      1.517    23.0697 0.0000e+00
      1.069      0.010     7.3715     84.798     31.804  30.542021    27.4500    10.9423     0.1704     3.0456 8.1417e+01     5.9143      1.049      1.521    23.0614 0.0000e+00
      1.072      0.009     7.3374     84.649     31.817  30.551530    27.4500    10.9117     0.1704     3.0033 8.0345e+01     5.8388      1.052      1.525    23.0572 0.0000e+00
      1.074      0.007     7.3083     84.552     31.834  30.573199    27.4500    10.9156     0.1704     3.0033 7.9528e+01     5.8841      1.054      1.528    23.0451 0.0000e+00
      1.076      0.006     7.2869     84.533     31.838  30.588909    27.4500    10.9156     0.1704     3.0033 7.9424e+01     5.7784      1.056      1.530    23.0264 0.0000e+00
      1.077      0.005     7.2717     84.635     31.834  30.598867    27.4500    10.0382     0.1704     3.0033 7.8090e+01     5.2647      1.057      1.532    23.0100 0.0000e+00
      1.078      0.004     7.2595     84.895     31.843  30.621662    27.3600    10.0801     0.1278     2.9187 7.7431e+01     5.4611      1.057      1.533    23.0052 0.0000e+00
      1.078      0.003     7.2499     85.319     31.852  30.645449    27.3600    10.0801     0.1278     2.9187 7.8073e+01     5.4158      1.058      1.534    23.0149 0.0000e+00
      1.079      0.003     7.2456     85.887     31.833  30.640722    27.3600    10.0610     0.1278     2.9187 7.8481e+01     5.5518      1.058      1.534    23.0336 0.0000e+00
      1.079      0.004     7.2514     86.557     31.792  30.610207    27.3600     9.4125     0.1278     2.9187 7.9063e+01     5.1892      1.059      1.535    23.0552 0.0000e+00
      1.080      0.005     7.2706     87.257     31.766  30.585599    27.0900     9.4240     0.1278     2.8341 7.8960e+01     5.1741      1.059      1.536    23.0775 0.0000e+00
      1.081      0.006     7.3038     87.890     31.757  30.566310    27.0900     9.4583     0.1278     2.8341 7.8192e+01     5.0986      1.061      1.538    23.1002 0.0000e+00
      1.083      0.007     7.3494     88.354     31.738  30.527280    27.0900     9.4392     0.1278     2.8341 7.8311e+01     5.1590      1.063      1.541    23.1215 0.0000e+00
      1.086      0.008     7.4048     88.550     31.704  30.466066    27.0900    10.7134     0.1278     2.8341 7.8107e+01     5.4007      1.065      1.544    23.1357 0.0000e+00
      1.088      0.009     7.4646     88.416     31.670  30.398209    27.0900    10.7363     0.1278     2.8341 7.8549e+01     5.3554      1.067      1.547    23.1363 0.0000e+00
      1.090      0.010     7.5211     87.940     31.648  30.341460    27.0900    10.7401     0.1278     3.0456 7.8669e+01     5.4309      1.069      1.551    23.1202 0.0000e+00
      1.093      0.011     7.5655     87.163     31.649  30.310556    27.0900    10.7248     0.1278     3.0456 7.9770e+01     5.3856      1.072      1.555    23.0876 0.0000e+00
      1.096      0.011     7.5888     86.156     31.673  30.311194    27.0900     9.9199     0.1278     3.0456 8.0327e+01     5.4158      1.075      1.559    23.0414 0.0000e+00
      1.099      0.011     7.5851     85.031     31.701  30.325621    27.0900     9.9466     0.1278     3.0456 8.0870e+01     5.4913      1.078      1.563    22.9865 0.0000e+00
      1.102      0.011     7.5524     83.924     31.706  30.327809    27.1800     9.9313     0.1704     2.7072 8.1700e+01     5.3554      1.081      1.568    22.9301 0.0000e+00
      1.105      0.011     7.4927     82.971     31.692  30.314361    27.1800     9.9085     0.1704     2.7072 8.2664e+01     5.3101      1.084      1.572    22.8803 0.0000e+00
      1.108      0.011     7.4112     82.276     31.686  30.305588    27.1800    10.7057     0.1704     2.7072 8.3640e+01     5.6273      1.087      1.576    22.8443 0.0000e+00
      1.111      0.010     7.3170     81.881     31.697  30.307119    27.1800    10.7286     0.1704     2.7072 8.3950e+01     5.6575      1.089      1.580    22.8259 0.0000e+00
      1.113      0.010     7.2224     81.740     31.708  30.303428    27.0900    10.7096     0.1704     2.9187 8.4059e+01     5.5971      1.092      1.583    22.8216 0.0000e+00
      1.115      0.010     7.1404     81.744     31.709  30.289548    27.0900    10.7057     0.1704     2.9187 8.4132e+01     5.6575      1.094      1.587    22.8215 0.0000e+00
      1.118      0.010     7.0814     81.771     31.709  30.275715    27.0900    11.2322     0.1704     2.9187 8.3549e+01     5.1892      1.096      1.590    22.8163 0.0000e+00
      1.120      0.011     7.0493     81.719     31.710  30.264217    27.0900    11.2398     0.1704     2.9187 8.3006e+01     5.0533      1.099      1.594    22.8019 0.0000e+00
      1.123      0.011     7.0402     81.536     31.700  30.242028    27.2700    11.2093     0.1704     2.8764 8.1399e+01     5.0533      1.101      1.597    22.7794 0.0000e+00
      1.126      0.012     7.0438     81.219     31.675  30.205224    27.2700    11.2360     0.1704     2.8764 8.0188e+01     5.1590      1.104      1.602    22.7554 0.0000e+00
      1.129      0.013     7.0489     80.803     31.633  30.151954    27.2700    11.3695     0.1704     2.8764 7.9097e+01     5.4913      1.107      1.606    22.7345 0.0000e+00
      1.133      0.013     7.0470     80.342     31.588  30.089921    27.2700    11.3581     0.1704     2.8764 7.8260e+01     5.4913      1.111      1.611    22.7152 0.0000e+00
      1.136      0.014     7.0338     79.878     31.588  30.064320    27.2700    11.3428     0.1704     2.8764 7.8056e+01     5.2950      1.114      1.616    22.6954 0.0000e+00
      1.140      0.015     7.0091     79.402     31.646  30.088237    26.8200    11.3542     0.1278     2.9187 7.7633e+01     5.3252      1.118      1.621    22.6755 0.0000e+00
      1.144      0.015     6.9761     78.870     31.704  30.108303    26.8200    11.4038     0.1278     2.9187 7.7481e+01     5.6122      1.122      1.626    22.6538 0.0000e+00
      1.148      0.015     6.9401     78.245     31.726  30.098001    26.8200    11.4229     0.1278     2.9187 7.7279e+01     5.6273      1.126      1.632    22.6248 0.0000e+00
      1.151      0.015     6.9053     77.521     31.729  30.076491    26.8200    11.4115     0.1278     2.9187 7.7498e+01     5.6122      1.129      1.638    22.5843 0.0000e+00
      1.155      0.015     6.8707     76.719     31.721  30.051975    26.3700    11.3962     0.1704     2.8764 7.7785e+01     5.7179      1.133      1.643    22.5339 0.0000e+00
      1.159      0.015     6.8318     75.899     31.702  30.021899    26.3700    11.6251     0.1704     2.8764 7.8005e+01     5.4309      1.137      1.649    22.4791 0.0000e+00
      1.163      0.015     6.7842     75.167     31.674  29.982225    26.3700    11.6442     0.1704     2.8764 7.7988e+01     5.3252      1.141      1.654    22.4291 0.0000e+00
      1.167      0.015     6.7263     74.606     31.646  29.938307    26.3700    11.6327     0.1704     2.8764 7.7836e+01     5.4611      1.144      1.659    22.3910 0.0000e+00
      1.170      0.015     6.6601     74.223     31.638  29.910297    25.9200    11.6404     0.1278     2.8764 7.7212e+01     5.4309      1.148      1.664    22.3645 0.0000e+00
      1.174      0.014     6.5916     73.962     31.651  29.898690    25.9200    11.3542     0.1278     2.8764 7.6162e+01     5.3554      1.152      1.670    22.3440 0.0000e+00
      1.178      0.014     6.5307     73.745     31.668  29.892422    25.9200    11.3581     0.1278     2.8764 7.5470e+01     5.3252      1.155      1.675    22.3230 0.0000e+00
      1.182      0.014     6.4852     73.521     31.680  29.889822    25.9200    11.3390     0.1278     2.8764 7.4622e+01     5.3705      1.159      1.680    22.2969 0.0000e+00
      1.185      0.014     6.4560     73.284     31.682  29.886213    26.0100    11.3657     0.1278     2.8764 7.3432e+01     5.2950      1.162      1.686    22.2638 0.0000e+00
      1.189      0.013     6.4380     73.060     31.665  29.868682    26.0100    11.6137     0.1278     2.8764 7.2371e+01     5.2194      1.166      1.691    22.2257 0.0000e+00
      1.192      0.013     6.4233     72.874     31.629  29.832555    26.0100    11.6518     0.1278     2.8764 7.1744e+01     5.0986      1.169      1.695    22.1914 0.0000e+00
      1.195      0.012     6.4066     72.748     31.595  29.792099    26.0100    11.6594     0.1278     2.8764 7.1108e+01     5.1288      1.172      1.700    22.1697 0.0000e+00
      1.198      0.012     6.3870     72.695     31.577  29.758430    26.0100    11.6251     0.1278     2.8764 7.0554e+01     5.0986      1.175      1.704    22.1612 0.0000e+00
      1.201      0.012     6.3677     72.688     31.578  29.734520    25.9200    11.4801     0.1278     2.7918 7.0126e+01     5.0986      1.178      1.709    22.1590 0.0000e+00
      1.204      0.012     6.3520     72.657     31.586  29.713990    25.9200    11.4954     0.1278     2.7918 7.0126e+01     5.2194      1.181      1.713    22.1546 0.0000e+00
      1.207      0.012     6.3427     72.529     31.593  29.693355    25.9200    11.4725     0.1278     2.7918 6.9959e+01     5.1892      1.184      1.717    22.1412 0.0000e+00
      1.211      0.012     6.3413     72.245     31.601  29.681051    25.9200    11.4305     0.1278     2.7918 6.9625e+01     5.1590      1.187      1.722    22.1149 0.0000e+00
      1.214      0.012     6.3453     71.793     31.605  29.671805    26.1900    11.4801     0.1278     2.7918 6.9353e+01     5.4158      1.190      1.726    22.0763 0.0000e+00
      1.217      0.012     6.3482     71.216     31.602  29.659167    26.1900    11.4725     0.1278     2.7918 6.8962e+01     5.3856      1.193      1.731    22.0311 0.0000e+00
      1.220      0.012     6.3422     70.592     31.603  29.651718    26.1900    11.4649     0.1278     2.7918 6.8321e+01     5.3705      1.196      1.735    21.9886 0.0000e+00
      1.223      0.013     6.3212     70.007     31.610  29.651453    26.1900    11.4382     0.1278     2.7918 6.7921e+01     5.3856      1.200      1.740    21.9567 0.0000e+00
      1.226      0.013     6.2841     69.527     31.611  29.646353    25.5600    11.8464     0.1704     2.9610 6.7290e+01     5.3403      1.203      1.744    21.9364 0.0000e+00
      1.230      0.013     6.2353     69.194     31.592  29.623108    25.5600    11.8425     0.1704     2.9610 6.6490e+01     5.4611      1.206      1.749    21.9216 0.0000e+00
      1.233      0.013     6.1823     69.011     31.557  29.583485    25.5600    11.8311     0.1704     2.9610 6.5901e+01     5.4007      1.209      1.753    21.9081 0.0000e+00
      1.236      0.014     6.1324     68.945     31.521  29.540816    25.5600    11.8425     0.1704     2.9610 6.5373e+01     5.3252      1.212      1.758    21.8965 0.0000e+00
      1.239      0.014     6.0915     68.937     31.489  29.499654    25.5600    11.9494     0.1704     2.9610 6.4372e+01     5.2043      1.215      1.763    21.8875 0.0000e+00
      1.243      0.015     6.0633     68.917     31.466  29.464955    25.5600    11.9341     0.1704     2.8764 6.3801e+01     5.1439      1.219      1.768    21.8790 0.0000e+00
      1.247      0.016     6.0486     68.831     31.463  29.443397    25.5600    11.9379     0.1704     2.8764 6.3386e+01     5.1892      1.223      1.774    21.8681 0.0000e+00
      1.251      0.017     6.0444     68.646     31.469  29.425248    25.5600    11.9646     0.1704     2.8764 6.3016e+01     5.1590      1.227      1.780    21.8540 0.0000e+00
      1.255      0.018     6.0457     68.338     31.466  29.393717    25.5600    12.3499     0.1704     2.8764 6.2443e+01     5.1741      1.231      1.786    21.8366 0.0000e+00
      1.260      0.020     6.0465     67.880     31.451  29.348361    25.6500    12.3613     0.1278     2.8764 6.2051e+01     5.0835      1.236      1.793    21.8149 0.0000e+00
      1.266      0.021     6.0422     67.242     31.438  29.302973    25.6500    12.3499     0.1278     2.8764 6.1380e+01     5.0381      1.241      1.800    21.7862 0.0000e+00
      1.271      0.022     6.0304     66.402     31.438  29.273328    25.6500    12.3728     0.1278     2.8764 6.0955e+01     5.1439      1.247      1.808    21.7484 0.0000e+00
      1.277      0.022     6.0086     65.335     31.462  29.273424    25.6500    11.2665     0.1278     2.8764 5.8987e+01     5.3856      1.253      1.817    21.7027 0.0000e+00
      1.283      0.021     5.9741     64.032     31.501  29.301293    25.6500    11.2589     0.1704     2.7918 5.6246e+01     5.3252      1.259      1.826    21.6522 0.0000e+00
      1.289      0.019     5.9240     62.563     31.529  29.332505    25.6500    11.2589     0.1704     2.7918 5.4786e+01     5.4762      1.265      1.834    21.6000 0.0000e+00
      1.294      0.017     5.8555     61.101     31.530  29.345511    25.6500    11.2818     0.1704     2.7918 5.5181e+01     5.4158      1.269      1.841    21.5517 0.0000e+00
      1.298      0.015     5.7654     59.886     31.516  29.343780    25.6500    11.3466     0.1704     2.7918 5.5614e+01     4.9324      1.273      1.846    21.5165 0.0000e+00
      1.301      0.012     5.6521     59.110     31.509  29.342786    25.0200    11.3237     0.1278     2.7918 5.4977e+01     4.9626      1.276      1.850    21.5028 0.0000e+00
      1.304      0.010     5.5216     58.821     31.522  29.354211    25.0200    11.3504     0.1278     2.7918 5.4300e+01     4.9475      1.278      1.854    21.5110 0.0000e+00
