Data/DataNotYetUploadedToEDI/Raw_CTD/RawDownloads/063023_ccr50_S8188022.cnv
* Sea-Bird SBE19plus  Data File:
* FileName = C:\R\Reservoirs\Data\DataNotYetUploadedToEDI\Raw_CTD\RawDownloads\062623_fcr50_S8188_0022.hex
* Software version 2.8.0.119
* Temperature SN = 8188
* Conductivity SN = 8188
* System UpLoad Time = Jul 03 2023 16:36:08
* <ApplicationData>
* <Seaterm232>
# nquan = 16
# nvalues = 2535                        
# units = specified
# name 0 = depFM: Depth [fresh water, m]
# name 1 = dz/dtM: Descent Rate [m/s]
# name 2 = sbeox0Mg/L: Oxygen, SBE 43 [mg/l]
# name 3 = sbeox0PS: Oxygen, SBE 43 [% saturation]
# name 4 = specc: Specific Conductance [uS/cm]
# name 5 = c0uS/cm: Conductivity [uS/cm]
# name 6 = wetCDOM: Fluorescence, WET Labs CDOM [mg/m^3]
# name 7 = flECO-AFL: Fluorescence, WET Labs ECO-AFL/FL [mg/m^3]
# name 8 = flECO-AFL1: Fluorescence, WET Labs ECO-AFL/FL, 2 [mg/m^3]
# name 9 = flECO-AFL2: Fluorescence, WET Labs ECO-AFL/FL, 3 [mg/m^3]
# name 10 = par/sat/log: PAR/Logarithmic, Satlantic
# name 11 = turbWETntu0: Turbidity, WET Labs ECO [NTU]
# name 12 = prdM: Pressure, Strain Gauge [db]
# name 13 = prdE: Pressure, Strain Gauge [psi]
# name 14 = tv290C: Temperature [ITS-90, deg C]
# name 15 = flag:  0.000e+00
# span 0 =     -0.410,     21.226       
# span 1 =     -0.350,      0.191       
# span 2 =    -0.1084,     9.4347       
# span 3 =     -0.990,    106.093       
# span 4 =   -692.523,    113.189       
# span 5 =-504.350883,  81.497255       
# span 6 =    -4.5000,     9.1800       
# span 7 =    -0.5771,     8.9178       
# span 8 =    -2.1300,     3.1524       
# span 9 =    -2.0304,     7.5717       
# span 10 = 1.1572e-01, 2.7681e+03      
# span 11 =    -0.2130,   217.4835      
# span 12 =     -0.402,     20.816      
# span 13 =     -0.583,     30.191      
# span 14 =    10.9979,    30.7665      
# span 15 = 0.0000e+00, 0.0000e+00      
# interval = seconds: 0.25
# start_time = Jun 30 2023 14:16:22 [Instrument's time stamp, header]
# bad_flag = -9.990e-29
*END*
[from data line 1356]
     13.577      0.055     3.5182     32.328     84.856  62.248803     3.2400     0.5483     0.0852     0.1269 1.1612e-01     1.9514     13.314     19.311    11.6772 0.0000e+00
     13.591      0.057     3.5132     32.339     84.850  62.242452     3.2400     0.5292     0.0426     0.0846 1.1595e-01     1.9363     13.328     19.331    11.6782 0.0000e+00
     13.606      0.058     3.5105     32.362     84.847  62.237589     3.2400     0.5521     0.0426     0.0846 1.1592e-01     2.0416     13.343     19.352    11.6784 0.0000e+00
     13.621      0.060     3.5091     32.394     84.847  62.234901     3.2400     0.5368     0.0426     0.0846 1.1602e-01     2.1317     13.357     19.374    11.6776 0.0000e+00
     13.636      0.061     3.5089     32.435     84.856  62.239621     3.2400     0.5445     0.0426     0.0846 1.1605e-01     2.0716     13.373     19.396    11.6764 0.0000e+00
     13.653      0.061     3.5103     32.484     84.871  62.249041     3.2400     0.5254     0.0426     0.1269 1.1615e-01     2.1317     13.389     19.419    11.6749 0.0000e+00
     13.669      0.060     3.5129     32.540     84.879  62.253774     3.2400     0.5979     0.0426     0.1269 1.1590e-01     2.0716     13.405     19.442    11.6734 0.0000e+00
     13.685      0.058     3.5165     32.605     84.877  62.251116     3.2400     0.6017     0.0426     0.1269 1.1592e-01     2.2520     13.420     19.464    11.6721 0.0000e+00
     13.700      0.054     3.5211     32.674     84.874  62.248290     3.2400     0.6093     0.0426     0.1269 1.1592e-01     2.2069     13.435     19.485    11.6710 0.0000e+00
     13.713      0.050     3.5264     32.745     84.877  62.250492     3.2400     0.6093     0.0426     0.1269 1.1605e-01     2.1768     13.448     19.505    11.6701 0.0000e+00
     13.726      0.045     3.5326     32.819     84.888  62.258310     3.2400     0.5902     0.0000     0.0846 1.1610e-01     1.8762     13.460     19.522    11.6693 0.0000e+00
     13.737      0.041     3.5397     32.894     84.900  62.267878     3.2400     0.6246     0.0000     0.0846 1.1615e-01     1.8762     13.471     19.538    11.6688 0.0000e+00
     13.746      0.037     3.5472     32.969     84.907  62.273816     3.2400     0.6017     0.0000     0.0846 1.1595e-01     1.9063     13.480     19.551    11.6683 0.0000e+00
     13.754      0.035     3.5550     33.042     84.908  62.275723     3.2400     0.6055     0.0000     0.0846 1.1590e-01     1.9363     13.488     19.563    11.6681 0.0000e+00
     13.761      0.034     3.5630     33.106     84.904  62.274109     3.2400     0.5635     0.0426     0.1692 1.1602e-01     1.8762     13.495     19.573    11.6682 0.0000e+00
     13.769      0.035     3.5710     33.159     84.902  62.272509     3.2400     0.6131     0.0426     0.1692 1.1600e-01     1.9965     13.502     19.584    11.6685 0.0000e+00
     13.777      0.037     3.5791     33.200     84.900  62.270497     3.2400     0.5712     0.0426     0.1692 1.1592e-01     1.9514     13.510     19.595    11.6691 0.0000e+00
     13.787      0.040     3.5870     33.230     84.895  62.265553     3.2400     0.6208     0.0426     0.1692 1.1620e-01     1.9514     13.520     19.609    11.6698 0.0000e+00
     13.798      0.043     3.5939     33.252     84.887  62.258341     3.2400     0.5979     0.0426     0.1692 1.1597e-01     1.9514     13.531     19.626    11.6704 0.0000e+00
     13.811      0.044     3.5997     33.269     84.879  62.250904     3.2400     0.5826     0.0426     0.1692 1.1600e-01     1.8612     13.544     19.643    11.6705 0.0000e+00
     13.823      0.044     3.6041     33.285     84.878  62.249192     3.2400     0.6055     0.0426     0.1692 1.1612e-01     1.8762     13.556     19.661    11.6701 0.0000e+00
     13.835      0.043     3.6074     33.302     84.880  62.250766     3.2400     0.6055     0.0426     0.1692 1.1600e-01     1.9514     13.568     19.678    11.6693 0.0000e+00
     13.846      0.039     3.6099     33.324     84.881  62.252079     3.2400     0.6017     0.0426     0.1692 1.1595e-01     1.9213     13.578     19.694    11.6685 0.0000e+00
     13.856      0.036     3.6118     33.349     84.878  62.251498     3.2400     0.6055     0.0426     0.1692 1.1605e-01     1.9514     13.588     19.707    11.6677 0.0000e+00
     13.864      0.033     3.6135     33.376     84.872  62.248867     3.2400     0.6055     0.0426     0.1692 1.1597e-01     1.8762     13.596     19.719    11.6673 0.0000e+00
     13.871      0.032     3.6155     33.399     84.867  62.247452     3.2400     0.5712     0.0426     0.1692 1.1602e-01     1.9514     13.603     19.729    11.6671 0.0000e+00
     13.878      0.032     3.6178     33.418     84.866  62.246876     3.2400     0.6589     0.0426     0.1692 1.1587e-01     1.8762     13.609     19.738    11.6675 0.0000e+00
     13.885      0.033     3.6205     33.431     84.868  62.246985     3.2400     0.6627     0.0000     0.2115 1.1605e-01     1.9063     13.616     19.748    11.6684 0.0000e+00
     13.893      0.035     3.6233     33.442     84.866  62.243840     3.2400     0.6665     0.0000     0.2115 1.1592e-01     1.9514     13.624     19.760    11.6696 0.0000e+00
     13.903      0.036     3.6257     33.449     84.865  62.242554     3.2400     0.6589     0.0000     0.2115 1.1592e-01     1.9063     13.634     19.775    11.6706 0.0000e+00
     13.915      0.037     3.6277     33.454     84.876  62.250716     3.2400     0.6742     0.0000     0.2115 1.1590e-01     1.9363     13.645     19.791    11.6708 0.0000e+00
     13.925      0.036     3.6293     33.459     84.886  62.258604     3.2400     0.6513     0.0426     0.1692 1.1600e-01     1.8462     13.656     19.806    11.6701 0.0000e+00
     13.934      0.034     3.6304     33.459     84.884  62.258404     3.2400     0.6436     0.0426     0.1692 1.1595e-01     1.8462     13.664     19.818    11.6693 0.0000e+00
     13.941      0.032     3.6313     33.454     84.885  62.259980     3.2400     0.6665     0.0426     0.1692 1.1582e-01     1.8762     13.672     19.829    11.6687 0.0000e+00
     13.948      0.031     3.6319     33.450     84.898  62.269702     3.2400     0.6703     0.0426     0.1692 1.1587e-01     1.8311     13.678     19.839    11.6687 0.0000e+00
     13.956      0.029     3.6323     33.445     84.911  62.280245     3.2400     0.6360     0.0426     0.1269 1.1600e-01     1.9213     13.686     19.849    11.6693 0.0000e+00
     13.964      0.028     3.6322     33.439     84.920  62.288473     3.2400     0.6589     0.0426     0.1269 1.1590e-01     1.8762     13.694     19.861    11.6701 0.0000e+00
     13.971      0.026     3.6317     33.429     84.927  62.296579     3.2400     0.6436     0.0426     0.1269 1.1585e-01     1.8311     13.701     19.872    11.6705 0.0000e+00
     13.978      0.025     3.6313     33.411     84.925  62.298792     3.2400     0.5864     0.0426     0.1269 1.1590e-01     1.8462     13.708     19.881    11.6706 0.0000e+00
     13.983      0.025     3.6307     33.381     84.908  62.289752     3.2400     0.6017     0.0852     0.0846 1.1597e-01     1.8462     13.713     19.889    11.6709 0.0000e+00
     13.988      0.026     3.6299     33.343     84.893  62.280932     3.2400     0.6017     0.0852     0.0846 1.1612e-01     1.8462     13.718     19.896    11.6718 0.0000e+00
     13.994      0.027     3.6288     33.302     84.885  62.275929     3.2400     0.6017     0.0852     0.0846 1.1572e-01     1.8762     13.723     19.904    11.6735 0.0000e+00
     14.001      0.031     3.6266     33.260     84.874  62.267460     3.2400     0.6627     0.0852     0.0846 1.1602e-01     1.9063     13.730     19.914    11.6758 0.0000e+00
     14.009      0.035     3.6232     33.226     84.862  62.257232     3.2400     0.6360     0.0852     0.0846 1.1612e-01     1.9063     13.738     19.926    11.6778 0.0000e+00
     14.019      0.040     3.6190     33.203     84.853  62.248467     3.2400     0.6513     0.0426     0.1269 1.1597e-01     1.9363     13.748     19.939    11.6792 0.0000e+00
     14.030      0.046     3.6144     33.190     84.846  62.240811     3.2400     0.6551     0.0426     0.1269 1.1595e-01     1.8913     13.758     19.955    11.6796 0.0000e+00
     14.042      0.051     3.6100     33.187     84.844  62.236189     3.2400     0.6398     0.0426     0.1269 1.1597e-01     1.9965     13.770     19.972    11.6794 0.0000e+00
     14.056      0.055     3.6063     33.189     84.850  62.237335     3.2400     0.6589     0.0426     0.1269 1.1590e-01     1.9213     13.784     19.992    11.6787 0.0000e+00
     14.071      0.058     3.6039     33.188     84.858  62.240587     3.2400     0.6513     0.0426     0.1692 1.1592e-01     1.9363     13.799     20.013    11.6775 0.0000e+00
     14.087      0.060     3.6027     33.181     84.864  62.242847     3.2400     0.6780     0.0426     0.1692 1.1602e-01     1.9213     13.815     20.036    11.6758 0.0000e+00
     14.103      0.062     3.6024     33.170     84.869  62.244716     3.2400     0.5940     0.0426     0.1692 1.1600e-01     1.8913     13.831     20.060    11.6740 0.0000e+00
     14.119      0.062     3.6028     33.153     84.869  62.242727     3.2400     0.6093     0.0426     0.1692 1.1605e-01     1.8913     13.846     20.082    11.6722 0.0000e+00
     14.135      0.062     3.6028     33.130     84.863  62.236349     3.2400     0.6208     0.0852     0.0846 1.1623e-01     1.9063     13.862     20.105    11.6706 0.0000e+00
     14.151      0.062     3.6022     33.105     84.862  62.233797     3.2400     0.5940     0.0852     0.0846 1.1590e-01     1.9514     13.877     20.127    11.6693 0.0000e+00
     14.166      0.061     3.6011     33.080     84.868  62.236375     3.2400     0.5940     0.0852     0.0846 1.1580e-01     1.8011     13.892     20.149    11.6681 0.0000e+00
     14.182      0.061     3.5993     33.056     84.874  62.238819     3.2400     0.5788     0.0852     0.0846 1.1602e-01     1.8762     13.908     20.171    11.6671 0.0000e+00
     14.197      0.061     3.5969     33.036     84.875  62.237815     3.2400     0.6131     0.0852     0.0846 1.1585e-01     1.9063     13.923     20.194    11.6661 0.0000e+00
     14.213      0.060     3.5943     33.017     84.876  62.237062     3.2400     0.5864     0.0426     0.1692 1.1595e-01     1.8311     13.938     20.216    11.6649 0.0000e+00
     14.228      0.060     3.5916     33.002     84.884  62.242309     3.2400     0.6017     0.0426     0.1692 1.1600e-01     1.8762     13.953     20.237    11.6637 0.0000e+00
     14.243      0.059     3.5892     32.996     84.895  62.249004     3.2400     0.6017     0.0426     0.1692 1.1628e-01     1.9063     13.968     20.258    11.6626 0.0000e+00
     14.258      0.057     3.5870     32.998     84.901  62.252984     3.2400     0.5940     0.0426     0.1692 1.1592e-01     1.9814     13.983     20.280    11.6617 0.0000e+00
     14.273      0.056     3.5851     33.003     84.908  62.257293     3.2400     0.6360     0.0426     0.1269 1.1597e-01     1.8762     13.997     20.301    11.6609 0.0000e+00
     14.288      0.053     3.5835     33.010     84.913  62.261097     3.2400     0.5712     0.0426     0.1269 1.1587e-01     1.8762     14.011     20.322    11.6603 0.0000e+00
     14.301      0.051     3.5829     33.016     84.911  62.259461     3.2400     0.6284     0.0426     0.1269 1.1590e-01     1.9814     14.025     20.341    11.6598 0.0000e+00
     14.314      0.048     3.5831     33.021     84.904  62.253931     3.2400     0.5826     0.0426     0.1269 1.1607e-01     1.9063     14.037     20.359    11.6594 0.0000e+00
     14.325      0.045     3.5837     33.026     84.898  62.248983     3.2400     0.5940     0.0426     0.0846 1.1602e-01     1.8462     14.048     20.375    11.6591 0.0000e+00
     14.336      0.042     3.5844     33.027     84.894  62.245281     3.2400     0.6932     0.0426     0.0846 1.1607e-01     2.0416     14.059     20.391    11.6588 0.0000e+00
     14.347      0.039     3.5851     33.024     84.890  62.241836     3.2400     0.7238     0.0426     0.0846 1.1615e-01     2.2219     14.069     20.406    11.6585 0.0000e+00
     14.357      0.036     3.5857     33.021     84.887  62.239714     3.2400     0.7009     0.0426     0.0846 1.1607e-01     2.1167     14.079     20.420    11.6583 0.0000e+00
     14.365      0.032     3.5862     33.021     84.888  62.240332     3.2400     0.7085     0.0852     0.1269 1.1600e-01     2.0416     14.088     20.432    11.6580 0.0000e+00
     14.373      0.029     3.5863     33.025     84.890  62.241870     3.2400     0.6589     0.0852     0.1269 1.1592e-01     2.1317     14.095     20.443    11.6578 0.0000e+00
     14.380      0.026     3.5861     33.028     84.890  62.242757     3.2400     0.6551     0.0852     0.1269 1.1605e-01     2.1017     14.102     20.453    11.6576 0.0000e+00
     14.386      0.023     3.5857     33.029     84.890  62.243230     3.2400     0.6551     0.0852     0.1269 1.1605e-01     2.1017     14.108     20.462    11.6576 0.0000e+00
     14.391      0.020     3.5857     33.025     84.889  62.243413     3.2400     0.6742     0.0852     0.1269 1.1612e-01     2.1317     14.113     20.469    11.6576 0.0000e+00
     14.396      0.017     3.5862     33.015     84.891  62.245339     3.2400     0.5979     0.0426     0.0846 1.1605e-01     2.0115     14.118     20.475    11.6578 0.0000e+00
     14.400      0.015     3.5865     33.001     84.895  62.249521     3.2400     0.5712     0.0426     0.0846 1.1597e-01     1.8462     14.121     20.481    11.6580 0.0000e+00
     14.403      0.013     3.5866     32.984     84.898  62.253110     3.2400     0.5979     0.0426     0.0846 1.1605e-01     1.8462     14.125     20.486    11.6584 0.0000e+00
     14.406      0.012     3.5861     32.964     84.901  62.257060     3.2400     0.6093     0.0426     0.0846 1.1592e-01     2.0115     14.128     20.490    11.6588 0.0000e+00
     14.409      0.012     3.5850     32.948     84.908  62.264410     3.2400     0.6169     0.0426     0.1692 1.1607e-01     1.9814     14.130     20.494    11.6593 0.0000e+00
     14.411      0.012     3.5834     32.944     84.919  62.275136     3.2400     0.5864     0.0426     0.1692 1.1602e-01     1.8913     14.132     20.497    11.6599 0.0000e+00
     14.414      0.013     3.5814     32.956     84.924  62.282183     3.2400     0.5979     0.0426     0.1692 1.1600e-01     1.7860     14.135     20.501    11.6607 0.0000e+00
     14.417      0.015     3.5792     32.977     84.916  62.279497     3.2400     0.6284     0.0426     0.1692 1.1610e-01     1.8762     14.138     20.506    11.6617 0.0000e+00
     14.421      0.018     3.5773     33.006     84.905  62.274294     3.2400     0.6055     0.0000     0.1692 1.1592e-01     1.8762     14.142     20.511    11.6630 0.0000e+00
     14.426      0.021     3.5768     33.043     84.903  62.275104     3.2400     0.5330     0.0000     0.1692 1.1592e-01     1.8913     14.147     20.518    11.6645 0.0000e+00
     14.431      0.024     3.5779     33.085     84.903  62.276192     3.2400     0.5330     0.0000     0.1692 1.1612e-01     1.9514     14.152     20.526    11.6664 0.0000e+00
     14.438      0.028     3.5801     33.121     84.892  62.267934     3.2400     0.5063     0.0000     0.1692 1.1585e-01     1.8011     14.159     20.535    11.6683 0.0000e+00
     14.445      0.032     3.5831     33.142     84.876  62.254077     3.2400     0.5063     0.0426     0.1269 1.1602e-01     1.8913     14.166     20.546    11.6700 0.0000e+00
     14.454      0.037     3.5870     33.146     84.868  62.244807     3.2400     0.6284     0.0426     0.1269 1.1612e-01     1.9063     14.174     20.558    11.6713 0.0000e+00
     14.464      0.042     3.5915     33.136     84.872  62.243601     3.2400     0.6208     0.0426     0.1269 1.1597e-01     1.9363     14.184     20.572    11.6719 0.0000e+00
     14.475      0.046     3.5954     33.118     84.874  62.240223     3.2400     0.5902     0.0426     0.1269 1.1597e-01     1.9514     14.196     20.589    11.6718 0.0000e+00
