Data/DataNotYetUploadedToEDI/Raw_CTD/RawDownloads/063025_fcr50_S7809002.cnv
* Sea-Bird SBE19plus  Data File:
* FileName = C:\R\Reservoirs\Data\DataNotYetUploadedToEDI\Raw_CTD\RawDownloads\063025_fcr50_S7809_0002.hex
* Software version 2.8.0.119
* Temperature SN = 7809
* Conductivity SN = 7809
* System UpLoad Time = Jul 01 2025 12:44:37
* <ApplicationData>
* <Seaterm232>
# nquan = 15
# nvalues = 2179                        
# units = specified
# name 0 = depFM: Depth [fresh water, m]
# name 1 = dz/dtM: Descent Rate [m/s]
# name 2 = sbeox0Mg/L: Oxygen, SBE 43 [mg/l]
# name 3 = sbeox0PS: Oxygen, SBE 43 [% saturation]
# name 4 = specc: Specific Conductance [uS/cm]
# name 5 = c0uS/cm: Conductivity [uS/cm]
# name 6 = flECO-AFL: Fluorescence, WET Labs ECO-AFL/FL [mg/m^3]
# name 7 = ph: pH
# name 8 = orp: Oxidation Reduction Potential [mV]
# name 9 = par/sat/log: PAR/Logarithmic, Satlantic
# name 10 = turbWETntu0: Turbidity, WET Labs ECO [NTU]
# name 11 = prdM: Pressure, Strain Gauge [db]
# name 12 = prdE: Pressure, Strain Gauge [psi]
# name 13 = tv290C: Temperature [ITS-90, deg C]
# name 14 = flag:  0.000e+00
# span 0 =     -0.629,      9.590       
# span 1 =     -0.338,      0.212       
# span 2 =     0.2862,    10.5185       
# span 3 =      2.955,    130.243       
# span 4 =      4.851,    282.490       
# span 5 =   4.076814, 203.897543       
# span 6 =    -0.4955,    12.4653       
# span 7 =      7.799,     10.037       
# span 8 =    38.9332,   220.9631       
# span 9 = 1.2349e-01, 2.1496e+03       
# span 10 =    -0.0698,   559.0278      
# span 11 =     -0.617,      9.408      
# span 12 =     -0.895,     13.646      
# span 13 =    10.9684,    28.2800      
# span 14 = 0.0000e+00, 0.0000e+00      
# interval = seconds: 0.25
# start_time = Jun 30 2025 11:12:19 [Instrument's time stamp, header]
# bad_flag = -9.990e-29
*END*
[from data line 97]
     -0.625      0.001     7.1354     75.696      4.852   4.077861     0.1751      8.012    87.9006 1.4131e+02     2.0905     -0.613     -0.888    17.0133 0.0000e+00
     -0.625      0.000     7.1811     76.123      4.872   4.094963     0.2577      8.013    87.9376 1.4546e+02     2.0374     -0.613     -0.889    17.0173 0.0000e+00
     -0.625      0.000     7.2273     76.519      4.944   4.156890     0.2247      8.015    87.7816 1.7488e+02     3.1518     -0.613     -0.889    17.0152 0.0000e+00
     -0.625      0.001     7.2668     76.877      5.433   4.573210     0.2002      8.019    88.0790 2.0339e+02    16.0768     -0.613     -0.889    17.0235 0.0000e+00
     -0.625      0.007     7.3153     77.180     10.476   8.875255     0.1862      8.023    97.6426 1.8570e+02    39.5059     -0.613     -0.888    17.0152 0.0000e+00
     -0.625      0.027     7.3523     77.407     22.344  19.351030     0.1712      8.038   120.3865 1.6970e+02    52.0293     -0.614     -0.890    17.0346 0.0000e+00
     -0.625      0.061     7.3948     77.512     33.631  30.194149     0.2023      8.082   138.2535 1.8251e+02    52.0375     -0.612     -0.888    17.0090 0.0000e+00
     -0.622      0.101     7.4237     77.547     38.295  35.863762     0.6198      8.147   142.4520 2.0603e+02    40.5615     -0.614     -0.891    17.0568 0.0000e+00
     -0.600      0.141     7.4624     77.589     38.283  37.221335     1.3829      8.221   142.2412 2.2924e+02    19.4074     -0.605     -0.877    16.9846 0.0000e+00
     -0.543      0.174     7.4420     77.648     37.126  37.157065     1.7803      8.294   141.5548 2.3569e+02     7.8134     -0.540     -0.782    17.2861 0.0000e+00
     -0.468      0.199     7.1408     77.750     36.266  37.055320     1.7872      8.365   140.8638 2.3414e+02     6.6497     -0.454     -0.657    19.3649 0.0000e+00
     -0.402      0.212     6.7816     77.951     35.661  36.944069     1.7742      8.440   141.9741 2.3681e+02     6.4643     -0.389     -0.564    21.9657 0.0000e+00
     -0.350      0.208     6.5586     78.334     35.242  36.827933     1.7888      8.515   144.0530 2.4841e+02     6.3919     -0.339     -0.493    23.7798 0.0000e+00
     -0.305      0.189     6.3902     78.969     34.977  36.730293     1.8310      8.579   144.9203 3.3395e+02     6.4240     -0.301     -0.436    25.1980 0.0000e+00
     -0.260      0.167     6.2811     79.827     34.822  36.652102     1.8351      8.633   144.2860 8.1394e+02     6.4086     -0.257     -0.372    26.2134 0.0000e+00
     -0.215      0.152     6.2180     80.723     34.657  36.517167     1.8059      8.680   143.0955 1.5838e+03     6.3075     -0.206     -0.300    26.8829 0.0000e+00
     -0.178      0.145     6.1988     81.558     34.424  36.304429     1.8108      8.726   142.9153 1.9822e+03     6.2947     -0.169     -0.245    27.3155 0.0000e+00
     -0.153      0.144     6.2229     82.453     34.208  36.110354     1.8520      8.774   143.8279 1.9923e+03     6.3232     -0.151     -0.219    27.5464 0.0000e+00
     -0.125      0.144     6.2858     83.372     34.046  35.947272     1.8966      8.824   144.3213 1.7295e+03     6.4119     -0.129     -0.187    27.6464 0.0000e+00
     -0.086      0.140     6.3606     84.233     33.982  35.855412     1.8922      8.871   144.2349 1.3292e+03     6.4454     -0.087     -0.124    27.6765 0.0000e+00
     -0.041      0.130     6.4099     85.000     34.111  35.951374     1.8824      8.912   143.9021 1.0818e+03     6.3862     -0.042     -0.059    27.7154 0.0000e+00
      0.005      0.113     6.4768     85.508     34.338  36.155735     1.9363      8.947   143.4810 7.7788e+02     6.4475      0.005      0.007    27.7910 0.0000e+00
      0.043      0.090     6.5515     85.784     34.479  36.295899     1.9948      8.975   143.4450 5.6211e+02     6.5379      0.052      0.075    27.8057 0.0000e+00
      0.058      0.064     6.6195     85.989     34.542  36.377080     2.0149      8.998   143.8119 6.0630e+02     6.5228      0.065      0.094    27.7572 0.0000e+00
      0.056      0.041     6.6996     86.180     34.596  36.439366     2.0042      9.018   144.3027 6.7256e+02     6.3676      0.053      0.076    27.6934 0.0000e+00
      0.053      0.025     6.7450     86.420     34.647  36.477946     1.9736      9.035   144.4748 8.1488e+02     6.1641      0.050      0.073    27.6220 0.0000e+00
      0.055      0.018     6.7593     87.002     34.707  36.526276     1.9705      9.050   144.0858 9.6518e+02     6.1454      0.054      0.079    27.6114 0.0000e+00
      0.060      0.018     6.7737     88.762     34.749  36.579531     1.9908      9.065   143.4716 8.8291e+02     6.1759      0.057      0.084    27.6592 0.0000e+00
      0.068      0.022     6.7804     91.571     34.762  36.614259     1.9939      9.082   142.3823 6.5250e+02     6.0885      0.066      0.095    27.6749 0.0000e+00
      0.078      0.024     6.8076     93.432     34.763  36.628952     1.9994      9.101   141.0686 4.9943e+02     6.0118      0.079      0.114    27.6340 0.0000e+00
      0.086      0.023     6.8233     93.385     34.758  36.630307     2.0164      9.116   141.0954 5.2923e+02     6.0675      0.086      0.125    27.5959 0.0000e+00
      0.090      0.020     6.9367     92.261     34.749  36.630642     2.0416      9.131   142.1040 5.7726e+02     6.2499      0.087      0.127    27.6203 0.0000e+00
      0.094      0.015     7.2521     90.669     34.741  36.633022     2.0381      9.146   142.5943 5.1304e+02     6.3379      0.092      0.133    27.6675 0.0000e+00
      0.097      0.010     7.4250     88.848     34.751  36.659104     1.9821      9.159   141.9483 4.8949e+02     6.2786      0.097      0.140    27.6800 0.0000e+00
      0.098      0.008     7.3682     87.122     34.765  36.692214     1.9471      9.171   140.6591 5.1965e+02     6.2505      0.096      0.140    27.6848 0.0000e+00
      0.099      0.010     7.2714     85.695     34.713  36.652673     1.9645      9.184   140.0846 4.9550e+02     6.3394      0.097      0.141    27.7014 0.0000e+00
      0.100      0.015     7.1408     84.607     34.557  36.498288     2.0003      9.196   140.1656 4.6153e+02     6.4654      0.099      0.143    27.7123 0.0000e+00
      0.101      0.020     6.9826     83.912     34.406  36.348395     2.0057      9.206   140.5189 5.1455e+02     6.4413      0.098      0.142    27.7336 0.0000e+00
      0.106      0.023     6.8369     83.621     34.351  36.299703     1.9715      9.216   140.9151 5.8445e+02     6.3219      0.101      0.146    27.7687 0.0000e+00
      0.118      0.022     6.7240     83.486     34.332  36.290281     1.9452      9.228   140.2243 6.0112e+02     6.2852      0.114      0.166    27.7882 0.0000e+00
      0.131      0.015     6.6347     83.185     34.336  36.297936     1.9617      9.243   138.7051 5.8317e+02     6.3051      0.130      0.189    27.8013 0.0000e+00
      0.139      0.003     6.5753     82.643     34.371  36.328820     2.0057      9.258   137.8616 5.1438e+02     6.2548      0.137      0.199    27.8172 0.0000e+00
      0.140     -0.010     6.5589     81.915     34.399  36.346433     2.0107      9.272   137.8557 4.1360e+02     6.0868      0.140      0.204    27.8292 0.0000e+00
      0.131     -0.021     6.5599     81.061     34.386  36.320514     1.9709      9.285   138.0315 3.1716e+02     5.9131      0.133      0.193    27.8480 0.0000e+00
      0.115     -0.029     6.5336     80.143     34.345  36.269215     1.9406      9.297   138.5237 2.5537e+02     5.8974      0.112      0.162    27.8589 0.0000e+00
      0.101     -0.034     6.4908     79.178     34.312  36.233771     1.9361      9.307   139.0754 2.3126e+02     6.1015      0.096      0.138    27.8425 0.0000e+00
      0.094     -0.034     6.4355     78.257     34.349  36.272672     1.9497      9.318   138.9370 2.2513e+02     6.3310      0.090      0.130    27.8234 0.0000e+00
      0.091     -0.029     6.3669     77.575     34.435  36.358866     1.9476      9.329   138.7426 2.1920e+02     6.3505      0.089      0.129    27.8032 0.0000e+00
      0.087     -0.021     6.2983     77.215     34.471  36.387636     1.9190      9.340   138.7044 2.0518e+02     6.2687      0.087      0.126    27.7892 0.0000e+00
      0.078     -0.013     6.2195     77.096     34.456  36.366707     1.9200      9.349   138.4754 1.9289e+02     6.3319      0.076      0.111    27.7961 0.0000e+00
      0.069     -0.008     6.1396     77.129     34.440  36.359611     1.9517      9.358   139.0719 1.8858e+02     6.4999      0.062      0.090    27.7946 0.0000e+00
      0.069     -0.004     6.0837     77.274     34.426  36.365294     1.9609      9.364   140.4097 1.8862e+02     6.5246      0.066      0.095    27.7889 0.0000e+00
      0.075      0.001     6.0617     77.532     34.416  36.372001     1.9404      9.370   141.0562 1.8741e+02     6.3913      0.075      0.110    27.7723 0.0000e+00
      0.079      0.005     6.0564     77.903     34.413  36.377296     1.9270      9.375   140.7801 1.8376e+02     6.3566      0.078      0.113    27.7549 0.0000e+00
      0.080      0.005     6.0582     78.341     34.401  36.365872     1.9415      9.380   140.0830 1.8088e+02     6.4808      0.078      0.113    27.7743 0.0000e+00
      0.079      0.003     6.0652     78.853     34.398  36.360777     1.9577      9.384   139.6823 1.7915e+02     6.5618      0.077      0.112    27.8132 0.0000e+00
      0.079      0.001     6.0808     79.481     34.416  36.379137     1.9645      9.389   139.8073 1.7661e+02     6.4814      0.078      0.113    27.8416 0.0000e+00
      0.079 5.5249e-07     6.1126     80.202     34.434  36.397500     1.9483      9.394   139.9589 1.7453e+02     6.3618      0.078      0.113    27.8509 0.0000e+00
      0.079      0.000     6.1462     80.979     34.430  36.392460     1.9202      9.398   139.9674 1.7380e+02     6.4479      0.078      0.113    27.8502 0.0000e+00
      0.079      0.000     6.1838     81.755     34.421  36.381644     1.9238      9.401   139.8232 1.7328e+02     6.6339      0.077      0.112    27.8470 0.0000e+00
      0.079      0.001     6.2359     82.469     34.432  36.393630     1.9259      9.405   139.5922 1.7273e+02     6.6306      0.078      0.113    27.8447 0.0000e+00
      0.079      0.003     6.2926     83.097     34.447  36.410481     1.9119      9.410   139.3263 1.7261e+02     6.5106      0.078      0.113    27.8438 0.0000e+00
      0.079      0.009     6.3552     83.631     34.429  36.395039     1.9301      9.415   139.0170 1.7248e+02     6.4811      0.078      0.113    27.8439 0.0000e+00
      0.080      0.018     6.4192     84.116     34.311  36.270375     1.9796      9.422   138.6906 1.7195e+02     6.5807      0.078      0.114    27.8418 0.0000e+00
      0.082      0.027     6.4743     84.501     34.102  36.045265     2.0186      9.430   138.3919 1.7156e+02     6.7248      0.079      0.115    27.8411 0.0000e+00
      0.088      0.033     6.5258     84.668     33.960  35.893981     2.0109      9.439   138.2448 1.7158e+02     6.7208      0.083      0.120    27.8415 0.0000e+00
      0.103      0.035     6.5634     84.749     33.966  35.900546     1.9867      9.448   138.2023 1.7223e+02     6.5999      0.098      0.144    27.8515 0.0000e+00
      0.123      0.034     6.6010     84.955     34.061  35.997741     1.9920      9.456   138.2232 1.7278e+02     6.5613      0.124      0.180    27.8537 0.0000e+00
      0.134      0.029     6.6420     85.202     34.180  36.117421     2.0246      9.461   138.3256 1.7210e+02     6.6298      0.135      0.195    27.8381 0.0000e+00
      0.136      0.021     6.6487     85.274     34.270  36.205493     2.0641      9.467   138.4071 1.7084e+02     6.7449      0.133      0.193    27.8414 0.0000e+00
      0.136      0.012     6.6442     85.063     34.304  36.237760     2.0538      9.472   138.3486 1.6992e+02     6.6550      0.133      0.193    27.8433 0.0000e+00
      0.136      0.005     6.6666     84.519     34.319  36.253752     1.9922      9.477   138.3059 1.6927e+02     6.4309      0.134      0.194    27.8375 0.0000e+00
      0.136      0.001     6.6950     83.594     34.335  36.271952     1.9514      9.481   138.6649 1.6866e+02     6.3579      0.134      0.194    27.8294 0.0000e+00
      0.136 4.0981e-07     6.7041     82.345     34.329  36.267465     1.9679      9.484   139.2489 1.6809e+02     6.3535      0.134      0.194    27.8129 0.0000e+00
      0.137      0.000     6.6884     80.963     34.321  36.262958     2.0095      9.488   139.6017 1.6746e+02     6.3436      0.134      0.194    27.8103 0.0000e+00
      0.137      0.000     6.6482     79.633     34.334  36.280917     2.0047      9.491   139.6609 1.6702e+02     6.3057      0.134      0.194    27.8136 0.0000e+00
      0.137      0.001     6.5746     78.540     34.347  36.294250     1.9598      9.494   139.5346 1.6677e+02     6.3401      0.134      0.194    27.8139 0.0000e+00
      0.137      0.001     6.4686     77.836     34.353  36.297267     1.9575      9.498   139.4513 1.6646e+02     6.4856      0.134      0.194    27.8171 0.0000e+00
      0.137      0.001     6.3556     77.523     34.377  36.317388     1.9858      9.501   139.5139 1.6642e+02     6.5622      0.134      0.194    27.8227 0.0000e+00
      0.138      0.001     6.2449     77.604     34.530  36.474076     1.9685      9.504   139.6892 1.6713e+02     6.4803      0.135      0.196    27.8307 0.0000e+00
      0.138      0.001     6.1534     78.410     34.841  36.795854     1.9231      9.507   139.9364 1.6806e+02     6.3158      0.135      0.196    27.8306 0.0000e+00
      0.138      0.001     6.0996     80.586     35.066  37.035404     1.8947      9.509   140.1800 1.6791e+02     6.3151      0.135      0.196    27.8240 0.0000e+00
      0.138      0.001     6.0799     84.718     35.079  37.086207     1.8920      9.511   140.3974 1.6714e+02     6.4714      0.135      0.196    27.8131 0.0000e+00
      0.138      0.001     6.0771     90.695     35.024  37.092905     1.9066      9.513   139.8974 1.6712e+02     6.5314      0.135      0.197    27.8134 0.0000e+00
      0.138      0.001     6.1206     97.218     34.987  37.116492     1.9131      9.515   138.9521 1.6743e+02     6.4269      0.136      0.198    27.7989 0.0000e+00
      0.138      0.001     6.2768    102.858     34.946  37.117696     1.8876      9.516   138.8633 1.6707e+02     6.2659      0.136      0.197    27.7761 0.0000e+00
      0.139      0.001     6.5865    107.161     34.909  37.107521     1.8558      9.517   139.1680 1.6632e+02     6.1912      0.137      0.198    27.8397 0.0000e+00
      0.140      0.001     7.0883    110.093     34.902  37.120416     1.8700      9.519   139.6250 1.6569e+02     6.2072      0.137      0.199    27.9506 0.0000e+00
      0.140      0.001     7.6391    111.661     34.912  37.146740     1.8847      9.521   140.3441 1.6507e+02     6.1854      0.137      0.199    28.0457 0.0000e+00
      0.141      0.001     8.0703    112.058     34.923  37.172015     1.8586      9.524   139.7748 1.6429e+02     6.0641      0.138      0.200    28.1105 0.0000e+00
      0.141      0.001     8.4021    111.613     34.913  37.172222     1.8367      9.527   138.1628 1.6345e+02     6.0049      0.138      0.201    28.1454 0.0000e+00
      0.141      0.000     8.6297    110.732     34.885  37.149272     1.8454      9.528   137.4591 1.6255e+02     6.2210      0.138      0.200    28.1722 0.0000e+00
      0.141 4.6963e-07     8.7409    109.798     34.879  37.148346     1.8808      9.531   137.8052 1.6165e+02     6.5929      0.138      0.201    28.1936 0.0000e+00
      0.141      0.000     8.7610    109.042     34.887  37.161037     1.8902      9.533   138.3901 1.6085e+02     6.7094      0.138      0.200    28.2152 0.0000e+00
      0.141      0.000     8.7116    108.495     34.902  37.175817     1.8589      9.536   137.9918 1.5997e+02     6.5714      0.138      0.201    28.2306 0.0000e+00
