Data/DataNotYetUploadedToEDI/Raw_CTD/RawDownloads/063022_ccr50_S7809001.cnv
* Sea-Bird SBE19plus  Data File:
* FileName = C:\R\Reservoirs\Data\DataNotYetUploadedToEDI\Raw_CTD\RawDownloads\070522_bvr40_SBE19plus01907809_0001.hex
* Software version 2.8.0.119
* Temperature SN = 7809
* Conductivity SN = 7809
* System UpLoad Time = Jul 05 2022 16:49:32
* <ApplicationData>
* <Seaterm232>
# nquan = 15
# nvalues = 8652                        
# units = specified
# name 0 = depFM: Depth [fresh water, m]
# name 1 = dz/dtM: Descent Rate [m/s]
# name 2 = sbeox0Mg/L: Oxygen, SBE 43 [mg/l]
# name 3 = sbeox0PS: Oxygen, SBE 43 [% saturation]
# name 4 = specc: Specific Conductance [uS/cm]
# name 5 = c0uS/cm: Conductivity [uS/cm]
# name 6 = flECO-AFL: Fluorescence, WET Labs ECO-AFL/FL [mg/m^3]
# name 7 = ph: pH
# name 8 = orp: Oxidation Reduction Potential [mV]
# name 9 = par/sat/log: PAR/Logarithmic, Satlantic
# name 10 = turbWETntu0: Turbidity, WET Labs ECO [NTU]
# name 11 = prdM: Pressure, Strain Gauge [db]
# name 12 = prdE: Pressure, Strain Gauge [psi]
# name 13 = tv290C: Temperature [ITS-90, deg C]
# name 14 = flag:  0.000e+00
# span 0 =     -0.406,     21.606       
# span 1 =     -0.266,      0.199       
# span 2 =     0.0674,     9.2838       
# span 3 =      0.617,    101.518       
# span 4 =      1.188,    156.252       
# span 5 =   1.268597, 110.561772       
# span 6 =    -1.6789,   227.3310       
# span 7 =     -2.240,      8.281       
# span 8 = -1240.7455,   474.3486       
# span 9 = 1.2355e-01, 2.0051e+03       
# span 10 =    -5.7016,    68.4881      
# span 11 =     -0.399,     21.189      
# span 12 =     -0.578,     30.731      
# span 13 =    10.3366,    28.3854      
# span 14 = 0.0000e+00, 0.0000e+00      
# interval = seconds: 0.25
# start_time = Jun 30 2022 06:54:30 [Instrument's time stamp, header]
# bad_flag = -9.990e-29
*END*
[from data line 7904]
      6.489     -0.013     7.0666     70.030     92.993  74.318337     2.6839      7.784   245.7922 6.7136e+01     1.6940      6.364      9.230    15.0574 0.0000e+00
      6.486     -0.011     7.0875     69.870     92.972  74.335754     2.6214      7.784   245.8124 6.7205e+01     1.6196      6.360      9.225    15.0036 0.0000e+00
      6.485     -0.009     7.0896     69.740     92.912  74.364701     2.5818      7.783   245.9024 6.7176e+01     1.5790      6.360      9.224    14.9716 0.0000e+00
      6.484     -0.009     7.0818     69.657     92.846  74.414292     2.5801      7.783   245.9352 6.7152e+01     1.5788      6.360      9.223    14.9559 0.0000e+00
      6.482     -0.010     7.0699     69.622     92.744  74.427217     2.6259      7.783   245.8648 6.7157e+01     1.6178      6.355      9.218    14.9465 0.0000e+00
      6.480     -0.012     7.0473     69.667     92.634  74.394017     2.7109      7.783   245.8247 6.7229e+01     1.6745      6.354      9.216    14.9647 0.0000e+00
      6.479     -0.016     7.0274     69.807     92.606  74.394147     2.7587      7.782   245.7942 6.7464e+01     1.6834      6.355      9.217    15.0097 0.0000e+00
      6.474     -0.020     7.0111     70.020     92.634  74.428821     2.7625      7.781   245.7549 6.7764e+01     1.6576      6.350      9.209    15.0711 0.0000e+00
      6.467     -0.024     6.9952     70.269     92.624  74.432059     2.8157      7.782   245.7795 6.7989e+01     1.6353      6.341      9.197    15.1321 0.0000e+00
      6.461     -0.027     6.9962     70.536     92.600  74.433313     2.9360      7.783   245.8338 6.8313e+01     1.6187      6.337      9.190    15.1581 0.0000e+00
      6.452     -0.028     7.0097     70.794     92.556  74.444003     3.0094      7.783   245.8087 6.8756e+01     1.6268      6.328      9.177    15.1640 0.0000e+00
      6.442     -0.028     7.0324     71.005     92.465  74.434289     3.0207      7.782   245.7352 6.9022e+01     1.6653      6.316      9.160    15.1705 0.0000e+00
      6.435     -0.027     7.0565     71.177     92.409  74.443023     2.9643      7.781   245.7190 6.9221e+01     1.6742      6.311      9.153    15.1758 0.0000e+00
      6.429     -0.026     7.0830     71.337     92.408  74.486132     2.8440      7.781   245.7843 6.9488e+01     1.6327      6.306      9.146    15.1806 0.0000e+00
      6.423     -0.023     7.1080     71.495     92.393  74.510822     2.7807      7.781   245.9231 6.9686e+01     1.6070      6.298      9.135    15.2065 0.0000e+00
      6.418     -0.018     7.1208     71.667     92.348  74.487459     2.7650      7.781   245.9336 6.9904e+01     1.6032      6.294      9.129    15.2516 0.0000e+00
      6.413     -0.014     7.1330     71.832     92.327  74.457812     2.7536      7.781   245.7400 7.0164e+01     1.6205      6.289      9.122    15.2768 0.0000e+00
      6.408     -0.009     7.1462     71.954     92.383  74.470019     2.8431      7.782   245.5608 7.0271e+01     1.6800      6.283      9.113    15.2980 0.0000e+00
      6.406     -0.005     7.1561     71.991     92.491  74.507942     3.0156      7.782   245.5748 7.0122e+01     1.7419      6.281      9.110    15.3247 0.0000e+00
      6.408     -0.003     7.1741     71.941     92.562  74.535064     3.1159      7.782   245.7364 6.9954e+01     1.7537      6.283      9.112    15.3314 0.0000e+00
      6.411     -0.003     7.1927     71.867     92.551  74.543776     3.1322      7.782   245.7940 6.9936e+01     1.6857      6.287      9.118    15.3222 0.0000e+00
      6.412     -0.005     7.2091     71.786     92.507  74.549769     3.1536      7.782   245.7552 6.9979e+01     1.6034      6.290      9.123    15.3072 0.0000e+00
      6.409     -0.008     7.2197     71.710     92.453  74.544043     3.2173      7.782   245.6972 7.0198e+01     1.6124      6.287      9.118    15.2722 0.0000e+00
      6.404     -0.011     7.2138     71.671     92.403  74.538114     3.2695      7.782   245.5228 7.0500e+01     1.6584      6.279      9.108    15.2441 0.0000e+00
      6.400     -0.013     7.2046     71.680     92.373  74.541667     3.2694      7.781   245.1956 7.0588e+01     1.6813      6.275      9.102    15.2644 0.0000e+00
      6.396     -0.013     7.1914     71.717     92.335  74.523502     3.1579      7.781   244.7521 7.0673e+01     1.6841      6.273      9.098    15.2939 0.0000e+00
      6.392     -0.012     7.1794     71.762     92.312  74.509093     2.9525      7.782   244.2897 7.0936e+01     1.6580      6.269      9.091    15.3099 0.0000e+00
      6.391     -0.011     7.1725     71.814     92.287  74.494529     2.8341      7.783   243.9080 7.1071e+01     1.6387      6.267      9.090    15.3306 0.0000e+00
      6.390     -0.010     7.1709     71.867     92.259  74.474478     2.8076      7.782   243.5777 7.1118e+01     1.5880      6.268      9.092    15.3489 0.0000e+00
      6.387     -0.010     7.1757     71.907     92.312  74.520797     2.7824      7.782   243.3076 7.1358e+01     1.4891      6.265      9.086    15.3535 0.0000e+00
      6.382     -0.010     7.1794     71.954     92.370  74.609836     2.7704      7.782   243.2236 7.1548e+01     1.4332      6.258      9.076    15.3519 0.0000e+00
      6.379     -0.010     7.1843     72.038     92.302  74.661602     2.7799      7.782   243.2496 7.1488e+01     1.4584      6.255      9.072    15.3570 0.0000e+00
      6.378     -0.010     7.1901     72.173     92.166  74.702081     2.7888      7.782   243.1059 7.1520e+01     1.4863      6.256      9.073    15.3606 0.0000e+00
      6.376     -0.010     7.1941     72.358     92.006  74.718244     2.8198      7.782   242.7767 7.1760e+01     1.4969      6.253      9.070    15.3523 0.0000e+00
      6.372     -0.011     7.1954     72.590     91.843  74.666596     2.8798      7.781   242.3674 7.1835e+01     1.5534      6.248      9.062    15.3672 0.0000e+00
      6.371     -0.016     7.1933     72.839     91.829  74.649535     2.9153      7.781   241.8564 7.1730e+01     1.6220      6.246      9.060    15.4317 0.0000e+00
      6.370     -0.023     7.1932     73.077     91.929  74.702549     2.9157      7.781   241.5027 7.1821e+01     1.6437      6.248      9.062    15.5218 0.0000e+00
      6.366     -0.029     7.1972     73.343     91.934  74.735723     2.8431      7.781   241.3603 7.2227e+01     1.6443      6.246      9.059    15.6141 0.0000e+00
      6.355     -0.034     7.2126     73.630     91.830  74.732996     2.6951      7.781   241.4250 7.2811e+01     1.6296      6.234      9.042    15.6681 0.0000e+00
      6.340     -0.036     7.2437     73.879     91.735  74.733216     2.5999      7.781   241.6831 7.3376e+01     1.6027      6.217      9.016    15.6483 0.0000e+00
      6.326     -0.034     7.2694     74.095     91.688  74.738486     2.5907      7.781   241.8136 7.3765e+01     1.5932      6.203      8.995    15.6082 0.0000e+00
      6.316     -0.029     7.2926     74.273     91.660  74.733230     2.5917      7.780   241.8845 7.4036e+01     1.5477      6.194      8.984    15.6308 0.0000e+00
      6.311     -0.023     7.3172     74.419     91.655  74.733225     2.5957      7.780   241.9383 7.4139e+01     1.4634      6.187      8.974    15.6904 0.0000e+00
      6.310     -0.017     7.3309     74.562     91.682  74.738434     2.6222      7.780   241.8611 7.4053e+01     1.4278      6.187      8.973    15.7370 0.0000e+00
      6.310     -0.015     7.3507     74.655     91.712  74.732644     2.6461      7.781   241.8117 7.4172e+01     1.4583      6.190      8.976    15.7598 0.0000e+00
      6.308     -0.017     7.3684     74.665     91.712  74.726714     2.6433      7.781   241.8576 7.4478e+01     1.4567      6.185      8.970    15.7621 0.0000e+00
      6.303     -0.020     7.3779     74.648     91.692  74.730268     2.6215      7.781   241.8994 7.4639e+01     1.5112      6.182      8.966    15.7707 0.0000e+00
      6.296     -0.024     7.3972     74.637     91.644  74.712109     2.6156      7.781   241.9731 7.4796e+01     1.7067      6.176      8.958    15.7607 0.0000e+00
      6.287     -0.025     7.4134     74.595     91.613  74.697788     2.6381      7.780   242.2322 7.5160e+01     1.8394      6.165      8.942    15.7323 0.0000e+00
      6.278     -0.025     7.4107     74.516     91.667  74.747730     2.6525      7.780   242.5369 7.5526e+01     1.8863      6.156      8.929    15.7289 0.0000e+00
      6.272     -0.024     7.4043     74.441     91.697  74.807670     2.6312      7.781   242.6465 7.5771e+01     1.8644      6.151      8.921    15.7484 0.0000e+00
      6.267     -0.022     7.4044     74.420     91.625  74.850753     2.5965      7.781   242.6105 7.6033e+01     1.7104      6.145      8.913    15.7606 0.0000e+00
      6.263     -0.022     7.3993     74.480     91.504  74.887556     2.5831      7.780   242.5326 7.6181e+01     1.5955      6.140      8.906    15.7662 0.0000e+00
      6.260     -0.023     7.3899     74.610     91.361  74.871609     2.5854      7.779   242.5641 7.6142e+01     1.6030      6.139      8.903    15.7648 0.0000e+00
      6.255     -0.024     7.3801     74.769     91.279  74.848670     2.5748      7.779   242.7331 7.6314e+01     1.6310      6.136      8.899    15.7684 0.0000e+00
      6.248     -0.025     7.3664     74.953     91.272  74.864393     2.5553      7.779   242.8551 7.6747e+01     1.6602      6.127      8.886    15.8339 0.0000e+00
      6.239     -0.024     7.3581     75.190     91.240  74.871129     2.5486      7.779   242.8350 7.7001e+01     1.6828      6.118      8.873    15.9264 0.0000e+00
      6.229     -0.023     7.3641     75.434     91.190  74.866624     2.5431      7.779   242.7483 7.7275e+01     1.6992      6.109      8.861    15.9859 0.0000e+00
      6.222     -0.020     7.3782     75.624     91.174  74.873509     2.4732      7.780   242.7533 7.7688e+01     1.6537      6.099      8.845    16.0011 0.0000e+00
      6.219     -0.016     7.3926     75.776     91.180  74.890864     2.3532      7.780   242.8098 7.7829e+01     1.5078      6.098      8.843    16.0016 0.0000e+00
      6.219     -0.012     7.4153     75.901     91.151  74.885869     2.2981      7.780   242.7432 7.7843e+01     1.4046      6.100      8.847    16.0260 0.0000e+00
      6.218     -0.010     7.4389     75.977     91.114  74.876673     2.3065      7.780   242.6354 7.8011e+01     1.3956      6.099      8.846    16.0512 0.0000e+00
      6.215     -0.010     7.4540     76.002     91.135  74.906767     2.3708      7.780   242.6255 7.8130e+01     1.4676      6.095      8.840    16.0579 0.0000e+00
      6.211     -0.013     7.4683     75.985     91.148  74.932069     2.4768      7.780   242.7097 7.8130e+01     1.5918      6.090      8.833    16.0615 0.0000e+00
      6.208     -0.015     7.4805     75.968     91.115  74.928480     2.5229      7.780   242.7922 7.8195e+01     1.6343      6.088      8.830    16.0727 0.0000e+00
      6.204     -0.015     7.4845     75.963     91.098  74.926931     2.5296      7.780   242.7633 7.8268e+01     1.6045      6.087      8.827    16.0891 0.0000e+00
      6.199     -0.014     7.4874     75.946     91.083  74.913356     2.5573      7.779   242.7045 7.8398e+01     1.5397      6.080      8.817    16.0921 0.0000e+00
      6.193     -0.014     7.4826     75.931     91.050  74.891421     2.5992      7.779   242.6838 7.8527e+01     1.4652      6.071      8.806    16.0958 0.0000e+00
      6.190     -0.013     7.4762     75.940     91.053  74.915855     2.6372      7.780   242.6849 7.8430e+01     1.4560      6.069      8.803    16.1178 0.0000e+00
      6.190     -0.012     7.4780     75.976     91.058  74.954674     2.6512      7.780   242.6321 7.8544e+01     1.4285      6.071      8.806    16.1247 0.0000e+00
      6.188     -0.012     7.4750     76.031     91.030  74.979605     2.6422      7.779   242.5612 7.9004e+01     1.3709      6.069      8.803    16.1171 0.0000e+00
      6.184     -0.013     7.4735     76.112     90.982  75.026746     2.6041      7.778   242.6024 7.9210e+01     1.4086      6.064      8.795    16.1183 0.0000e+00
      6.180     -0.015     7.4709     76.218     90.884  75.080000     2.5479      7.778   242.6133 7.9150e+01     1.5089      6.061      8.791    16.1327 0.0000e+00
      6.175     -0.017     7.4729     76.323     90.747  75.115375     2.5206      7.778   242.6078 7.9247e+01     1.5587      6.057      8.785    16.1535 0.0000e+00
      6.169     -0.017     7.4743     76.425     90.629  75.136978     2.5321      7.778   242.6220 7.9439e+01     1.6007      6.050      8.775    16.1717 0.0000e+00
      6.164     -0.018     7.4750     76.582     90.542  75.150729     2.6206      7.778   242.5264 7.9323e+01     1.6420      6.044      8.765    16.2151 0.0000e+00
      6.161     -0.019     7.4745     76.859     90.452  75.154679     2.7583      7.778   242.3982 7.9209e+01     1.6478      6.042      8.763    16.2985 0.0000e+00
      6.158     -0.020     7.4695     77.208     90.327  75.121295     2.8150      7.778   242.2771 7.9504e+01     1.6368      6.040      8.761    16.3915 0.0000e+00
      6.153     -0.021     7.4681     77.553     90.210  75.064855     2.8238      7.777   242.1797 7.9687e+01     1.6106      6.034      8.752    16.4579 0.0000e+00
      6.147     -0.022     7.4719     77.877     90.197  75.044146     2.9975      7.777   242.0816 7.9777e+01     1.6050      6.027      8.743    16.4958 0.0000e+00
      6.141     -0.024     7.4961     78.163     90.290  75.061499     3.3166      7.776   241.9511 8.0160e+01     1.6371      6.022      8.734    16.5397 0.0000e+00
      6.134     -0.026     7.5263     78.379     90.397  75.083987     3.5032      7.776   241.8061 8.0453e+01     1.6912      6.015      8.724    16.5853 0.0000e+00
      6.126     -0.026     7.5549     78.506     90.468  75.125351     3.5809      7.777   241.6189 8.0562e+01     1.7124      6.007      8.713    16.6116 0.0000e+00
      6.119     -0.025     7.5882     78.578     90.488  75.180377     4.0977      7.777   241.5807 8.0754e+01     1.6886      6.001      8.704    16.6087 0.0000e+00
      6.114     -0.025     7.6235     78.630     90.417  75.177529     5.0248      7.777   241.6884 8.0867e+01     1.6424      5.996      8.696    16.5645 0.0000e+00
      6.108     -0.025     7.6548     78.659     90.346  75.154534     5.5182      7.777   241.7166 8.0894e+01     1.5976      5.990      8.687    16.5145 0.0000e+00
      6.102     -0.026     7.6669     78.702     90.326  75.156541     5.5274      7.778   241.7501 8.1038e+01     1.5921      5.983      8.678    16.5025 0.0000e+00
      6.097     -0.028     7.6667     78.806     90.278  75.138282     5.2936      7.778   241.7488 8.1173e+01     1.5753      5.979      8.672    16.5335 0.0000e+00
      6.090     -0.031     7.6670     78.941     90.244  75.124407     4.8811      7.777   241.7868 8.1364e+01     1.4964      5.973      8.662    16.5767 0.0000e+00
      6.080     -0.033     7.6651     79.070     90.229  75.115867     4.6589      7.778   242.0369 8.1784e+01     1.4242      5.962      8.646    16.5926 0.0000e+00
      6.070     -0.033     7.6659     79.204     90.180  75.098558     4.6214      7.778   242.1924 8.2180e+01     1.3856      5.952      8.633    16.5956 0.0000e+00
      6.061     -0.032     7.6756     79.348     90.137  75.105763     4.5614      7.777   242.2041 8.2481e+01     1.3369      5.944      8.621    16.6126 0.0000e+00
      6.051     -0.029     7.6889     79.485     90.137  75.139498     4.4822      7.777   242.2642 8.2830e+01     1.3140      5.934      8.607    16.6243 0.0000e+00
      6.044     -0.024     7.7015     79.615     90.175  75.188803     4.4383      7.777   242.3174 8.3060e+01     1.3480      5.925      8.594    16.6145 0.0000e+00
      6.039     -0.020     7.7120     79.735     90.217  75.257171     4.4299      7.777   242.3311 8.3186e+01     1.4055      5.921      8.588    16.6283 0.0000e+00
      6.035     -0.016     7.7221     79.861     90.198  75.330805     4.3979      7.777   242.3438 8.3361e+01     1.4294      5.920      8.586    16.6628 0.0000e+00
