Data/DataNotYetUploadedToEDI/Raw_CTD/RawDownloads/063025_fcr50_S7809002.cnv
* Sea-Bird SBE19plus  Data File:
* FileName = C:\R\Reservoirs\Data\DataNotYetUploadedToEDI\Raw_CTD\RawDownloads\063025_fcr50_S7809_0002.hex
* Software version 2.8.0.119
* Temperature SN = 7809
* Conductivity SN = 7809
* System UpLoad Time = Jul 01 2025 12:44:37
* <ApplicationData>
* <Seaterm232>
# nquan = 15
# nvalues = 2179                        
# units = specified
# name 0 = depFM: Depth [fresh water, m]
# name 1 = dz/dtM: Descent Rate [m/s]
# name 2 = sbeox0Mg/L: Oxygen, SBE 43 [mg/l]
# name 3 = sbeox0PS: Oxygen, SBE 43 [% saturation]
# name 4 = specc: Specific Conductance [uS/cm]
# name 5 = c0uS/cm: Conductivity [uS/cm]
# name 6 = flECO-AFL: Fluorescence, WET Labs ECO-AFL/FL [mg/m^3]
# name 7 = ph: pH
# name 8 = orp: Oxidation Reduction Potential [mV]
# name 9 = par/sat/log: PAR/Logarithmic, Satlantic
# name 10 = turbWETntu0: Turbidity, WET Labs ECO [NTU]
# name 11 = prdM: Pressure, Strain Gauge [db]
# name 12 = prdE: Pressure, Strain Gauge [psi]
# name 13 = tv290C: Temperature [ITS-90, deg C]
# name 14 = flag:  0.000e+00
# span 0 =     -0.629,      9.590       
# span 1 =     -0.338,      0.212       
# span 2 =     0.2862,    10.5185       
# span 3 =      2.955,    130.243       
# span 4 =      4.851,    282.490       
# span 5 =   4.076814, 203.897543       
# span 6 =    -0.4955,    12.4653       
# span 7 =      7.799,     10.037       
# span 8 =    38.9332,   220.9631       
# span 9 = 1.2349e-01, 2.1496e+03       
# span 10 =    -0.0698,   559.0278      
# span 11 =     -0.617,      9.408      
# span 12 =     -0.895,     13.646      
# span 13 =    10.9684,    28.2800      
# span 14 = 0.0000e+00, 0.0000e+00      
# interval = seconds: 0.25
# start_time = Jun 30 2025 11:12:19 [Instrument's time stamp, header]
# bad_flag = -9.990e-29
*END*
[from data line 1254]
      4.121      0.054     4.9799     51.740     44.532  32.388995     0.9841      8.147    43.3500 8.2134e+00    11.2783      4.043      5.864    11.5951 0.0000e+00
      4.134      0.051     5.1927     53.452     44.576  32.389010     0.9478      8.143    44.3048 8.1238e+00    11.2502      4.056      5.882    11.5324 0.0000e+00
      4.142      0.051     5.3728     55.742     44.606  32.389118     0.9091      8.139    45.1315 8.0517e+00    11.0854      4.062      5.892    11.4830 0.0000e+00
      4.149      0.052     5.5101     58.557     44.635  32.390273     0.8908      8.136    46.2042 7.9605e+00    10.9936      4.068      5.900    11.4104 0.0000e+00
      4.161      0.054     5.6389     61.723     44.683  32.402963     0.9019      8.133    47.4661 7.8113e+00    10.9945      4.078      5.914    11.3561 0.0000e+00
      4.181      0.056     5.8263     64.961     44.729  32.415645     0.8934      8.129    48.6876 7.6266e+00    10.9252      4.099      5.945    11.3226 0.0000e+00
      4.201      0.056     6.0830     67.998     44.751  32.416696     0.8546      8.125    50.5629 7.4498e+00    10.7702      4.122      5.978    11.3020 0.0000e+00
      4.217      0.051     6.3993     70.560     44.754  32.415658     0.8409      8.120    53.1905 7.3104e+00    10.7265      4.136      5.999    11.2823 0.0000e+00
      4.230      0.042     6.7632     72.335     44.720  32.403093     0.8685      8.116    55.4200 7.2109e+00    10.8406      4.149      6.017    11.2552 0.0000e+00
      4.239      0.033     7.1332     73.285     44.675  32.391663     0.9061      8.112    56.9555 7.1567e+00    10.9881      4.160      6.033    11.2300 0.0000e+00
      4.243      0.028     7.4761     73.691     44.676  32.404369     0.9044      8.109    58.1620 7.1408e+00    10.9736      4.162      6.036    11.2123 0.0000e+00
      4.244      0.026     7.7764     73.786     44.706  32.429858     0.8647      8.105    59.5113 7.1073e+00    10.8360      4.161      6.035    11.2049 0.0000e+00
      4.248      0.026     7.9714     73.729     44.709  32.446082     0.8414      8.102    61.5687 7.0331e+00    10.7925      4.164      6.040    11.2205 0.0000e+00
      4.256      0.030     8.0501     73.609     44.709  32.473657     0.8557      8.098    64.0227 6.9184e+00    10.7898      4.171      6.050    11.2556 0.0000e+00
      4.267      0.036     8.0866     73.408     44.707  32.509535     0.8886      8.094    65.8664 6.7924e+00    10.7348      4.184      6.069    11.2697 0.0000e+00
      4.278      0.041     8.0925     73.146     44.642  32.499263     0.8896      8.091    66.9974 6.6884e+00    10.6400      4.196      6.086    11.2597 0.0000e+00
      4.288      0.044     8.0774     72.874     44.591  32.476393     0.8594      8.088    68.0614 6.5665e+00    10.6684      4.204      6.097    11.2772 0.0000e+00
      4.300      0.044     8.0624     72.522     44.616  32.486795     0.8477      8.086    69.1804 6.4231e+00    10.8738      4.216      6.115    11.3112 0.0000e+00
      4.313      0.042     8.0318     71.975     44.640  32.498142     0.8565      8.084    70.3742 6.3066e+00    11.0047      4.230      6.136    11.3503 0.0000e+00
      4.324      0.039     7.9874     71.212     44.617  32.486692     0.8579      8.081    71.8266 6.2233e+00    10.9875      4.241      6.152    11.4099 0.0000e+00
      4.334      0.035     7.9587     70.230     44.588  32.475250     0.8306      8.077    73.4050 6.1456e+00    10.9052      4.251      6.166    11.4260 0.0000e+00
      4.343      0.032     7.9325     69.065     44.593  32.486689     0.8094      8.074    74.7465 6.0666e+00    10.8627      4.259      6.177    11.3993 0.0000e+00
      4.349      0.033     7.8719     67.831     44.606  32.498129     0.8265      8.073    75.6566 6.0172e+00    10.9182      4.266      6.187    11.3917 0.0000e+00
      4.354      0.037     7.7876     66.624     44.591  32.486679     0.8298      8.070    76.3206 5.9858e+00    10.9274      4.271      6.196    11.4024 0.0000e+00
      4.359      0.041     7.6782     65.487     44.581  32.475135     0.7995      8.066    77.0108 5.9086e+00    10.8369      4.273      6.197    11.4153 0.0000e+00
      4.369      0.044     7.5423     64.501     44.609  32.485431     0.7761      8.064    77.9786 5.7454e+00    10.7804      4.281      6.208    11.4260 0.0000e+00
      4.389      0.045     7.4041     63.775     44.619  32.484269     0.7884      8.063    79.2463 5.5491e+00    10.8589      4.304      6.242    11.4266 0.0000e+00
      4.409      0.045     7.2719     63.344     44.584  32.461076     0.8232      8.062    80.5518 5.4309e+00    11.0009      4.328      6.277    11.4248 0.0000e+00
      4.419      0.043     7.1455     63.200     44.580  32.458779     0.8301      8.059    81.8895 5.3825e+00    10.9952      4.336      6.288    11.4252 0.0000e+00
      4.424      0.039     7.0336     63.327     44.594  32.456492     0.8305      8.056    83.2028 5.3158e+00    10.9265      4.336      6.290    11.4072 0.0000e+00
      4.431      0.035     6.9573     63.672     44.598  32.433416     0.8696      8.053    84.2990 5.2417e+00    10.9212      4.345      6.302    11.3922 0.0000e+00
      4.440      0.032     6.9091     64.155     44.649  32.433505     0.9203      8.051    85.2489 5.1935e+00    10.9311      4.355      6.316    11.4031 0.0000e+00
      4.447      0.030     6.8915     64.650     44.729  32.457520     0.9525      8.050    86.1709 5.1175e+00    11.0111      4.361      6.323    11.4095 0.0000e+00
      4.457      0.029     6.9116     65.019     44.760  32.469982     0.9175      8.049    87.1005 5.0098e+00    11.0014      4.370      6.338    11.3927 0.0000e+00
      4.467      0.027     6.9553     65.223     44.725  32.457283     0.8302      8.047    88.0569 4.9498e+00    10.9165      4.382      6.357    11.3661 0.0000e+00
      4.473      0.026     7.0210     65.357     44.664  32.430875     0.8043      8.045    88.9589 4.9258e+00    10.9755      4.387      6.363    11.3184 0.0000e+00
      4.475      0.028     7.0906     65.597     44.623  32.404469     0.8370      8.043    89.7463 4.8795e+00    11.0648      4.387      6.363    11.2668 0.0000e+00
      4.478      0.030     7.1338     66.075     44.625  32.391783     0.8337      8.041    90.5213 4.8132e+00    11.0054      4.390      6.368    11.2578 0.0000e+00
      4.486      0.031     7.1484     66.758     44.665  32.404359     0.7897      8.039    91.3605 4.7256e+00    10.8379      4.396      6.377    11.2808 0.0000e+00
      4.499      0.032     7.1508     67.508     44.707  32.429622     0.7628      8.037    92.1494 4.6119e+00    10.8169      4.411      6.397    11.3090 0.0000e+00
      4.512      0.032     7.1687     68.217     44.715  32.443463     0.7751      8.036    92.9184 4.5153e+00    10.9564      4.426      6.420    11.3154 0.0000e+00
      4.521      0.030     7.2276     68.827     44.704  32.444843     0.7882      8.033    93.8623 4.4706e+00    10.9525      4.435      6.432    11.2921 0.0000e+00
      4.526      0.026     7.3136     69.332     44.702  32.446310     0.7803      8.030    94.8722 4.4480e+00    10.8048      4.438      6.437    11.2665 0.0000e+00
      4.530      0.021     7.4010     69.765     44.721  32.461201     0.7792      8.028    95.8367 4.4241e+00    10.7414      4.442      6.443    11.2598 0.0000e+00
      4.533      0.018     7.4779     70.127     44.757  32.498008     0.7918      8.027    96.9192 4.3908e+00    10.8346      4.444      6.446    11.2743 0.0000e+00
      4.537      0.019     7.5431     70.407     44.754  32.510704     0.8246      8.027    98.1524 4.3527e+00    11.0096      4.448      6.451    11.2906 0.0000e+00
      4.542      0.024     7.5956     70.672     44.709  32.487852     0.8586      8.026    99.3035 4.3312e+00    11.0123      4.456      6.464    11.2896 0.0000e+00
      4.546      0.029     7.6435     70.963     44.685  32.475477     0.8536      8.024   100.1680 4.3055e+00    10.8340      4.459      6.467    11.2854 0.0000e+00
      4.551      0.033     7.6836     71.238     44.692  32.487964     0.8393      8.023   100.7756 4.2479e+00    10.7318      4.460      6.468    11.3000 0.0000e+00
      4.563      0.034     7.7053     71.432     44.713  32.511959     0.8528      8.021   101.4878 4.1459e+00    10.8017      4.472      6.486    11.3219 0.0000e+00
      4.579      0.033     7.7305     71.482     44.710  32.511844     0.8830      8.019   102.4987 4.0467e+00    10.9616      4.492      6.516    11.3326 0.0000e+00
      4.590      0.033     7.7648     71.335     44.681  32.486571     0.8875      8.018   103.4484 4.0156e+00    10.9912      4.505      6.534    11.3339 0.0000e+00
      4.595      0.034     7.7960     71.025     44.654  32.460147     0.8576      8.017   104.3662 3.9957e+00    10.8864      4.507      6.537    11.3413 0.0000e+00
      4.598      0.035     7.8166     70.682     44.644  32.446107     0.8544      8.016   105.3362 3.9392e+00    10.8901      4.507      6.537    11.3587 0.0000e+00
      4.603      0.038     7.8243     70.404     44.647  32.443696     0.8913      8.016   105.7116 3.8810e+00    11.0019      4.512      6.544    11.3594 0.0000e+00
      4.614      0.042     7.8100     70.205     44.635  32.430988     0.9127      8.015   105.7212 3.8082e+00    11.0430      4.523      6.561    11.3503 0.0000e+00
      4.629      0.046     7.7693     70.095     44.629  32.419329     0.8959      8.013   106.3136 3.7127e+00    10.9773      4.540      6.584    11.3446 0.0000e+00
      4.645      0.048     7.7299     70.082     44.652  32.429606     0.8632      8.012   107.4535 3.6264e+00    10.9241      4.556      6.608    11.3331 0.0000e+00
      4.660      0.050     7.7012     70.162     44.656  32.428359     0.8594      8.011   108.7487 3.5541e+00    11.0495      4.572      6.631    11.3304 0.0000e+00
      4.671      0.053     7.6786     70.324     44.634  32.404252     0.8740      8.010   109.8424 3.5046e+00    11.1609      4.583      6.647    11.3291 0.0000e+00
      4.679      0.055     7.6685     70.569     44.645  32.391879     0.8733      8.009   110.3527 3.4530e+00    11.0751      4.588      6.653    11.3175 0.0000e+00
      4.689      0.056     7.6684     70.908     44.711  32.405620     0.8672      8.007   110.5306 3.3576e+00    11.0024      4.594      6.663    11.3093 0.0000e+00
      4.708      0.057     7.6783     71.309     44.815  32.443471     0.8673      8.006   110.8756 3.2449e+00    11.1361      4.616      6.694    11.3066 0.0000e+00
      4.730      0.057     7.6973     71.733     44.891  32.468842     0.8913      8.006   111.4266 3.1572e+00    11.3938      4.642      6.733    11.3030 0.0000e+00
      4.747      0.054     7.7258     72.152     44.904  32.458576     0.8993      8.006   112.1163 3.0972e+00    11.4538      4.657      6.754    11.2817 0.0000e+00
      4.758      0.048     7.7732     72.563     44.905  32.446212     0.8641      8.003   112.9328 3.0315e+00    11.3152      4.665      6.766    11.2369 0.0000e+00
      4.769      0.042     7.8272     72.989     44.917  32.446224     0.8403      8.001   113.9003 2.9739e+00    11.1190      4.677      6.784    11.1899 0.0000e+00
      4.777      0.041     7.8809     73.449     44.942  32.458705     0.8606      8.001   114.9523 2.9550e+00    10.9603      4.687      6.799    11.1571 0.0000e+00
      4.782      0.044     7.9308     73.929     44.962  32.470230     0.9014      8.000   115.6718 2.9334e+00    11.0010      4.689      6.801    11.1375 0.0000e+00
      4.789      0.048     7.9771     74.393     44.951  32.458695     0.9011      7.998   115.9740 2.8696e+00    11.0300      4.692      6.806    11.1233 0.0000e+00
      4.804      0.051     8.0253     74.832     44.938  32.446112     0.8656      7.998   116.2833 2.7668e+00    11.0041      4.708      6.829    11.1134 0.0000e+00
      4.825      0.052     8.0763     75.247     44.938  32.444969     0.8627      7.997   116.8302 2.6713e+00    11.1322      4.734      6.866    11.1086 0.0000e+00
      4.844      0.052     8.1330     75.604     44.936  32.444865     0.8910      7.995   118.1127 2.6133e+00    11.2802      4.752      6.893    11.1053 0.0000e+00
      4.855      0.049     8.1842     75.864     44.936  32.444855     0.9080      7.994   119.9163 2.5572e+00    11.3242      4.761      6.905    11.1024 0.0000e+00
      4.865      0.045     8.2326     75.998     44.941  32.444855     0.8949      7.994   121.0003 2.5056e+00    11.2206      4.770      6.919    11.0973 0.0000e+00
      4.874      0.042     8.2808     76.005     44.945  32.444865     0.8819      7.993   121.4964 2.4772e+00    11.1211      4.781      6.934    11.0948 0.0000e+00
      4.882      0.042     8.3204     75.921     44.945  32.444969     0.9090      7.992   121.7844 2.4443e+00    11.2145      4.787      6.944    11.0996 0.0000e+00
      4.890      0.043     8.3500     75.808     44.946  32.446113     0.9475      7.991   121.9010 2.3968e+00    11.2568      4.793      6.952    11.1012 0.0000e+00
      4.903      0.045     8.3667     75.734     44.967  32.458697     0.9646      7.990   122.9070 2.3391e+00    11.1885      4.807      6.973    11.0943 0.0000e+00
      4.918      0.048     8.3661     75.704     44.987  32.470232     0.9497      7.989   124.7417 2.2837e+00    11.1392      4.825      6.999    11.0893 0.0000e+00
      4.931      0.050     8.3551     75.698     44.973  32.458698     0.9169      7.989   125.9292 2.2506e+00    11.1049      4.837      7.015    11.0920 0.0000e+00
      4.941      0.050     8.3372     75.692     44.956  32.446115     0.9172      7.988   126.5969 2.2191e+00    11.1504      4.844      7.026    11.0943 0.0000e+00
      4.955      0.046     8.3318     75.699     44.956  32.444971     0.9452      7.986   127.3078 2.1673e+00    11.1429      4.857      7.045    11.0892 0.0000e+00
      4.970      0.042     8.3299     75.773     44.956  32.444867     0.9307      7.985   127.7275 2.1117e+00    10.9801      4.875      7.071    11.0837 0.0000e+00
      4.983      0.041     8.3298     75.864     44.955  32.444857     0.8750      7.984   128.0584 2.0730e+00    10.8215      4.889      7.091    11.0844 0.0000e+00
      4.990      0.045     8.3310     75.912     44.954  32.444856     0.8545      7.983   128.6399 2.0587e+00    10.8303      4.895      7.099    11.0842 0.0000e+00
      4.993      0.049     8.3252     75.924     44.954  32.444856     0.8748      7.981   129.5100 2.0499e+00    10.9494      4.893      7.097    11.0813 0.0000e+00
      5.002      0.053     8.3393     75.934     44.957  32.444857     0.8792      7.981   130.3194 2.0112e+00    10.9987      4.899      7.107    11.0813 0.0000e+00
      5.022      0.055     8.3505     75.948     44.962  32.444868     0.8569      7.981   130.9414 1.9296e+00    11.0162      4.923      7.140    11.0835 0.0000e+00
      5.046      0.055     8.3552     75.972     44.967  32.444982     0.8550      7.980   131.6954 1.8460e+00    11.0930      4.951      7.181    11.0854 0.0000e+00
      5.065      0.053     8.3543     76.017     44.972  32.446230     0.8808      7.979   131.8645 1.7996e+00    11.2093      4.970      7.208    11.0846 0.0000e+00
      5.075      0.048     8.3562     76.051     44.993  32.459957     0.9110      7.977   131.3519 1.7782e+00    11.2952      4.978      7.220    11.0820 0.0000e+00
      5.081      0.044     8.3593     76.061     45.028  32.484077     0.9293      7.977   131.4349 1.7696e+00    11.2436      4.983      7.227    11.0778 0.0000e+00
      5.086      0.043     8.3599     76.051     45.028  32.484088     0.9195      7.977   132.3511 1.7593e+00    11.0971      4.988      7.233    11.0737 0.0000e+00
      5.094      0.046     8.3694     76.016     44.993  32.460083     0.9255      7.976   133.5677 1.7278e+00    11.0952      4.994      7.242    11.0711 0.0000e+00
