Data/DataNotYetUploadedToEDI/Raw_CTD/RawDownloads/063025_bvr50_S8188001.cnv
* Sea-Bird SBE19plus  Data File:
* FileName = C:\R\Reservoirs\Data\DataNotYetUploadedToEDI\Raw_CTD\RawDownloads\063025_bvr50_S8188_0001.hex
* Software version 2.8.0.119
* Temperature SN = 8188
* Conductivity SN = 8188
* System UpLoad Time = Jul 01 2025 12:27:44
* <ApplicationData>
* <Seaterm232>
# nquan = 16
# nvalues = 1932                        
# units = specified
# name 0 = depFM: Depth [fresh water, m]
# name 1 = dz/dtM: Descent Rate [m/s]
# name 2 = sbeox0Mg/L: Oxygen, SBE 43 [mg/l]
# name 3 = sbeox0PS: Oxygen, SBE 43 [% saturation]
# name 4 = specc: Specific Conductance [uS/cm]
# name 5 = c0uS/cm: Conductivity [uS/cm]
# name 6 = wetCDOM: Fluorescence, WET Labs CDOM [mg/m^3]
# name 7 = flECO-AFL: Fluorescence, WET Labs ECO-AFL/FL [mg/m^3]
# name 8 = flECO-AFL1: Fluorescence, WET Labs ECO-AFL/FL, 2 [mg/m^3]
# name 9 = flECO-AFL2: Fluorescence, WET Labs ECO-AFL/FL, 3 [mg/m^3]
# name 10 = par/sat/log: PAR/Logarithmic, Satlantic
# name 11 = turbWETntu0: Turbidity, WET Labs ECO [NTU]
# name 12 = prdM: Pressure, Strain Gauge [db]
# name 13 = prdE: Pressure, Strain Gauge [psi]
# name 14 = tv290C: Temperature [ITS-90, deg C]
# name 15 = flag:  0.000e+00
# span 0 =     -0.709,      6.302       
# span 1 =     -0.229,      0.092       
# span 2 =     0.0314,     9.9411       
# span 3 =      0.300,    127.861       
# span 4 =   -648.544,    174.291       
# span 5 =-486.967679, 128.076611       
# span 6 =   -11.6100,    79.5600       
# span 7 =    -2.5200,    36.6308       
# span 8 =    -4.7712,     2.9820       
# span 9 =    -6.8949,     6.8949       
# span 10 = 1.1582e-01, 1.5412e+03      
# span 11 =    -9.7813,    29.6012      
# span 12 =     -0.695,      6.180      
# span 13 =     -1.008,      8.964      
# span 14 =    11.7380,    28.4101      
# span 15 = 0.0000e+00, 0.0000e+00      
# interval = seconds: 0.25
# start_time = Jun 30 2025 09:01:05 [Instrument's time stamp, header]
# bad_flag = -9.990e-29
*END*
[from data line 1628]
      6.208     -0.127     0.0427      0.345    155.592 114.778177    79.5600     2.8931     0.2982     6.2604 1.1628e-01    29.5710      6.088      8.830    11.7516 0.0000e+00
      6.171     -0.148     0.0421      0.323    153.841 113.601108    79.5600     2.9313     0.2982     6.2604 1.1605e-01    29.6012      6.052      8.777    11.7740 0.0000e+00
      6.128     -0.166     0.0411      0.310    152.867 112.982010    79.5600     2.9084     0.2982     6.2604 1.1612e-01    29.5559      6.010      8.716    11.8067 0.0000e+00
      6.081     -0.181     0.0395      0.311    152.774 112.987727    72.1800     2.2446     0.4686     6.1335 1.1615e-01    12.4252      5.964      8.649    11.8455 0.0000e+00
      6.031     -0.191     0.0373      0.318    152.603 112.903911    72.1800     2.2332     0.4686     6.1335 1.1615e-01    12.5611      5.915      8.579    11.8849 0.0000e+00
      5.980     -0.200     0.0349      0.327    151.463 112.086312    72.1800     2.2713     0.4686     6.1335 1.1610e-01    12.5158      5.864      8.505    11.9215 0.0000e+00
      5.928     -0.210     0.0334      0.338    149.386 110.584867    72.1800     2.2408     0.4686     6.1335 1.1595e-01    12.5611      5.814      8.432    11.9534 0.0000e+00
      5.877     -0.219     0.0335      0.354    146.832 108.759080    48.1500     2.1759     0.2130     5.7528 1.1615e-01    16.0961      5.764      8.359    11.9774 0.0000e+00
      5.822     -0.226     0.0343      0.371    144.379 107.037793    48.1500     2.1683     0.2130     5.7528 1.1615e-01    15.9903      5.710      8.281    11.9913 0.0000e+00
      5.761     -0.229     0.0352      0.382    142.696 105.901577    48.1500     2.1721     0.2130     5.7528 1.1612e-01    16.0054      5.650      8.194    11.9999 0.0000e+00
      5.696     -0.227     0.0364      0.386    141.903 105.415279    48.1500     2.1798     0.2130     5.7528 1.1607e-01    16.0809      5.585      8.101    12.0124 0.0000e+00
      5.631     -0.221     0.0381      0.386    141.522 105.207365    48.1500     1.8021     0.2130     5.7528 1.1620e-01     9.2226      5.522      8.010    12.0350 0.0000e+00
      5.574     -0.211     0.0399      0.390    141.135 104.964538    61.0200     1.8212     0.2130     5.7105 1.1610e-01     9.1320      5.466      7.928    12.0680 0.0000e+00
      5.524     -0.201     0.0411      0.397    140.573 104.574070    61.0200     1.8135     0.2130     5.7105 1.1615e-01     9.2377      5.418      7.858    12.1067 0.0000e+00
      5.480     -0.194     0.0414      0.409    139.812 104.033782    61.0200     1.7945     0.2130     5.7105 1.1582e-01     9.2528      5.374      7.795    12.1423 0.0000e+00
      5.437     -0.193     0.0415      0.419    138.851 103.351514    61.0200     1.6838     0.2130     5.7105 1.1610e-01     8.9507      5.332      7.733    12.1681 0.0000e+00
      5.391     -0.197     0.0418      0.425    137.721 102.557204    63.4500     1.6953     0.1704     5.0760 1.1595e-01     8.8601      5.287      7.669    12.1838 0.0000e+00
      5.341     -0.202     0.0426      0.429    136.505 101.710869    63.4500     1.6953     0.1704     5.0760 1.1617e-01     8.9356      5.238      7.597    12.1937 0.0000e+00
      5.285     -0.204     0.0439      0.428    135.329 100.902605    63.4500     1.6800     0.1704     5.0760 1.1605e-01     9.0565      5.183      7.517    12.2028 0.0000e+00
      5.225     -0.200     0.0449      0.414    134.402 100.282607    63.4500     1.8555     0.1704     5.0760 1.1605e-01     8.4371      5.124      7.432    12.2149 0.0000e+00
      5.169     -0.191     0.0456      0.390    133.844  99.931354    46.2600     1.8364     0.1704     5.0760 1.1600e-01     8.5277      5.069      7.351    12.2318 0.0000e+00
      5.120     -0.178     0.0460      0.367    133.526  99.747191    46.2600     1.8670     0.1704     5.0760 1.1612e-01     8.4975      5.021      7.282    12.2536 0.0000e+00
      5.080     -0.164     0.0458      0.350    133.299  99.615062    46.2600     1.8746     0.1704     5.0760 1.1617e-01     8.4522      4.981      7.225    12.2788 0.0000e+00
      5.045     -0.153     0.0443      0.339    133.116  99.501734    46.2600     1.7868     0.1704     5.0760 1.1602e-01     8.5428      4.947      7.176    12.3050 0.0000e+00
      5.012     -0.149     0.0418      0.332    132.905  99.360997    46.3500     1.7983     0.2130     4.7799 1.1597e-01     8.5428      4.915      7.129    12.3292 0.0000e+00
      4.978     -0.152     0.0392      0.334    132.590  99.141334    46.3500     1.7792     0.2130     4.7799 1.1607e-01     8.4975      4.882      7.080    12.3488 0.0000e+00
      4.941     -0.158     0.0374      0.346    132.175  98.852113    46.3500     1.8059     0.2130     4.7799 1.1610e-01     8.5277      4.845      7.027    12.3627 0.0000e+00
      4.898     -0.163     0.0362      0.363    131.736  98.550097    46.3500     2.1836     0.2130     4.7799 1.1602e-01     8.2105      4.803      6.966    12.3716 0.0000e+00
      4.851     -0.163     0.0355      0.379    131.415  98.340591    46.3500     2.1721     0.2130     4.7799 1.1617e-01     8.2558      4.757      6.899    12.3777 0.0000e+00
      4.802     -0.157     0.0357      0.387    131.329  98.305608    45.8100     2.1683     0.2130     4.7799 1.1605e-01     8.2407      4.709      6.830    12.3837 0.0000e+00
      4.759     -0.145     0.0369      0.388    131.440  98.409845    45.8100     2.1836     0.2130     4.7799 1.1605e-01     8.2256      4.666      6.768    12.3916 0.0000e+00
      4.723     -0.128     0.0387      0.386    131.579  98.523235    45.8100     2.0501     0.2130     4.7799 1.1605e-01     8.3011      4.631      6.717    12.4018 0.0000e+00
      4.695     -0.108     0.0404      0.381    131.571  98.516153    45.8100     2.0348     0.2130     4.7799 1.1602e-01     8.2407      4.604      6.677    12.4133 0.0000e+00
      4.672     -0.089     0.0413      0.373    131.401  98.384711    45.8100     2.0691     0.1704     4.4838 1.1607e-01     8.1652      4.582      6.645    12.4243 0.0000e+00
      4.654     -0.073     0.0414      0.366    131.206  98.237734    45.8100     2.0615     0.1704     4.4838 1.1600e-01     8.2256      4.564      6.619    12.4323 0.0000e+00
      4.638     -0.061     0.0412      0.366    131.103  98.163919    45.8100     1.9738     0.1704     4.4838 1.1605e-01     8.3767      4.549      6.597    12.4357 0.0000e+00
      4.625     -0.052     0.0407      0.371    130.995  98.087630    45.8100     1.9928     0.1704     4.4838 1.1602e-01     8.5277      4.536      6.579    12.4353 0.0000e+00
      4.614     -0.046     0.0398      0.377    130.719  97.886611    46.0800     1.9928     0.1704     4.7376 1.1602e-01     8.4220      4.525      6.562    12.4337 0.0000e+00
      4.603     -0.042     0.0390      0.382    130.333  97.609169    46.0800     1.9814     0.1704     4.7376 1.1607e-01     8.4371      4.514      6.548    12.4334 0.0000e+00
      4.594     -0.040     0.0390      0.391    130.002  97.379143    46.0800     2.0348     0.1704     4.7376 1.1605e-01     8.8752      4.505      6.534    12.4347 0.0000e+00
      4.585     -0.040     0.0396      0.403    129.796  97.245095    46.0800     2.0615     0.1704     4.7376 1.1600e-01     8.7241      4.496      6.521    12.4365 0.0000e+00
      4.576     -0.043     0.0402      0.411    129.795  97.261194    46.0800     2.0615     0.1704     4.7376 1.1623e-01     8.6939      4.487      6.508    12.4389 0.0000e+00
      4.566     -0.050     0.0407      0.416    130.010  97.431730    46.4400     2.0424     0.1704     4.6530 1.1605e-01     8.7543      4.477      6.494    12.4433 0.0000e+00
      4.554     -0.062     0.0417      0.418    130.166  97.548412    46.4400     2.0806     0.1704     4.6530 1.1617e-01     8.7241      4.466      6.478    12.4501 0.0000e+00
      4.540     -0.079     0.0429      0.414    130.123  97.514474    46.4400     2.1302     0.1704     4.6530 1.1602e-01     8.7694      4.452      6.458    12.4577 0.0000e+00
      4.521     -0.100     0.0438      0.406    130.029  97.446752    46.4400     2.0806     0.1704     4.6530 1.1610e-01     8.6637      4.434      6.431    12.4643 0.0000e+00
      4.495     -0.122     0.0443      0.392    129.928  97.379143    46.8000     2.0997     0.1278     4.7376 1.1623e-01     8.7090      4.408      6.394    12.4678 0.0000e+00
      4.460     -0.141     0.0445      0.377    129.757  97.263647    46.8000     2.0310     0.1278     4.7376 1.1612e-01     8.4824      4.373      6.343    12.4678 0.0000e+00
      4.415     -0.155     0.0442      0.364    129.494  97.081454    46.8000     2.0501     0.1278     4.7376 1.1595e-01     8.4371      4.330      6.280    12.4669 0.0000e+00
      4.366     -0.161     0.0433      0.351    129.201  96.877893    46.8000     2.0424     0.1278     4.7376 1.1617e-01     8.4824      4.282      6.210    12.4680 0.0000e+00
      4.319     -0.159     0.0418      0.339    128.979  96.728560    46.3500     2.0272     0.1704     4.6530 1.1607e-01     8.4824      4.235      6.143    12.4714 0.0000e+00
      4.277     -0.152     0.0402      0.332    128.896  96.681552    46.3500     1.9089     0.1704     4.6530 1.1612e-01     8.5428      4.195      6.084    12.4762 0.0000e+00
      4.242     -0.142     0.0388      0.332    128.913  96.704353    46.3500     1.9089     0.1704     4.6530 1.1605e-01     8.4522      4.160      6.034    12.4819 0.0000e+00
      4.211     -0.136     0.0375      0.336    128.931  96.723118    46.3500     1.9356     0.1704     4.6530 1.1605e-01     8.4975      4.130      5.990    12.4883 0.0000e+00
      4.182     -0.136     0.0362      0.338    128.882  96.688904    46.0800     1.9318     0.1704     4.4838 1.1607e-01     8.4824      4.101      5.948    12.4950 0.0000e+00
      4.151     -0.144     0.0353      0.338    128.751  96.594583    46.0800     1.9204     0.1704     4.4838 1.1605e-01     8.4220      4.071      5.904    12.5007 0.0000e+00
      4.117     -0.158     0.0353      0.342    128.598  96.486936    46.0800     1.9051     0.1704     4.4838 1.1605e-01     8.4371      4.037      5.856    12.5046 0.0000e+00
      4.076     -0.176     0.0357      0.350    128.450  96.387210    46.0800     1.9356     0.1704     4.4838 1.1612e-01     8.4824      3.998      5.798    12.5067 0.0000e+00
      4.028     -0.191     0.0359      0.360    128.263  96.260821    46.0800     1.9051     0.1704     4.4838 1.1620e-01     8.5731      3.950      5.729    12.5078 0.0000e+00
      3.971     -0.200     0.0360      0.367    128.022  96.096045    45.8100     2.0081     0.1704     4.5261 1.1602e-01     8.4069      3.895      5.649    12.5092 0.0000e+00
      3.911     -0.203     0.0364      0.375    127.777  95.928864    45.8100     1.9928     0.1704     4.5261 1.8153e-01     8.4824      3.836      5.563    12.5120 0.0000e+00
      3.853     -0.198     0.0372      0.383    127.581  95.796616    45.8100     1.9852     0.1704     4.5261 2.2633e-01     8.4522      3.779      5.481    12.5164 0.0000e+00
      3.803     -0.188     0.0382      0.387    127.454  95.713989    45.8100     1.9890     0.1704     4.5261 1.8145e-01     8.4220      3.730      5.410    12.5219 0.0000e+00
      3.759     -0.177     0.0391      0.387    127.384  95.672932    45.7200     1.8288     0.1704     4.3569 1.6703e-01     8.4371      3.687      5.348    12.5282 0.0000e+00
      3.720     -0.169     0.0399      0.384    127.298  95.618543    45.7200     1.8708     0.1704     4.3569 1.5283e-01     8.5126      3.649      5.292    12.5346 0.0000e+00
      3.682     -0.168     0.0408      0.378    127.135  95.504349    45.7200     1.8402     0.1704     4.3569 1.5497e-01     8.5428      3.612      5.238    12.5404 0.0000e+00
      3.643     -0.175     0.0412      0.372    126.926  95.355843    45.7200     1.8402     0.1704     4.3569 1.4716e-01     8.6033      3.573      5.183    12.5456 0.0000e+00
      3.601     -0.187     0.0412      0.366    126.706  95.203355    45.6300     1.8441     0.1704     4.5261 1.2750e-01     7.9688      3.532      5.122    12.5501 0.0000e+00
      3.553     -0.199     0.0409      0.361    126.443  95.024203    45.6300     1.8402     0.1704     4.5261 1.9892e-01     7.9839      3.484      5.053    12.5540 0.0000e+00
      3.497     -0.206     0.0403      0.355    126.057  94.758625    45.6300     1.8212     0.1704     4.5261 5.1359e-01     8.0896      3.429      4.974    12.5572 0.0000e+00
      3.436     -0.205     0.0396      0.348    125.521  94.385751    45.6300     1.8555     0.1704     4.5261 1.2713e+00     8.0141      3.369      4.887    12.5608 0.0000e+00
      3.375     -0.196     0.0390      0.341    124.950  93.993951    45.6300     2.0577     0.1704     4.5261 1.9535e+00     8.5126      3.310      4.800    12.5659 0.0000e+00
      3.322     -0.178     0.0384      0.336    124.529  93.718490    45.4500     2.0272     0.1704     4.2300 1.9603e+00     8.4371      3.258      4.724    12.5731 0.0000e+00
      3.279     -0.154     0.0377      0.334    124.284  93.571821    45.4500     2.0615     0.1704     4.2300 1.6089e+00     8.4673      3.216      4.664    12.5827 0.0000e+00
      3.247     -0.128     0.0370      0.338    124.088  93.452901    45.4500     2.0577     0.1704     4.2300 1.3490e+00     8.4522      3.184      4.618    12.5949 0.0000e+00
      3.221     -0.105     0.0363      0.348    123.888  93.322030    45.4500     2.0272     0.1704     4.2300 1.2453e+00     8.5579      3.159      4.581    12.6098 0.0000e+00
      3.200     -0.086     0.0357      0.359    123.669  93.174275    45.3600     1.9852     0.1704     4.1877 1.2713e+00     8.4371      3.138      4.551    12.6263 0.0000e+00
      3.182     -0.072     0.0355      0.366    123.426  93.008192    45.3600     1.9585     0.1704     4.1877 1.2294e+00     8.4975      3.120      4.525    12.6415 0.0000e+00
      3.166     -0.063     0.0359      0.369    123.228  92.877384    45.3600     1.9928     0.1704     4.1877 1.1281e+00     8.5126      3.105      4.503    12.6529 0.0000e+00
      3.152     -0.057     0.0369      0.369    123.097  92.796912    45.3600     1.9585     0.1704     4.1877 1.1198e+00     8.4673      3.091      4.483    12.6611 0.0000e+00
      3.139     -0.054     0.0381      0.370    122.964  92.713355    45.4500     2.0157     0.1704     4.1877 1.1159e+00     8.5428      3.078      4.464    12.6679 0.0000e+00
      3.126     -0.053     0.0388      0.370    122.796  92.600436    45.4500     2.0501     0.1704     4.1877 1.0421e+00     8.5126      3.066      4.446    12.6748 0.0000e+00
      3.114     -0.056     0.0391      0.366    122.600  92.467996    45.4500     2.0577     0.1704     4.1877 9.2548e-01     8.5277      3.054      4.429    12.6824 0.0000e+00
      3.102     -0.062     0.0391      0.359    122.376  92.318677    45.4500     2.0424     0.1704     4.1877 7.8068e-01     8.4371      3.042      4.411    12.6898 0.0000e+00
      3.088     -0.073     0.0393      0.352    122.145  92.166598    45.8100     1.8937     0.1704     4.3569 6.6083e-01     8.2407      3.028      4.391    12.6964 0.0000e+00
      3.070     -0.089     0.0392      0.349    121.913  92.013157    45.8100     1.8364     0.1704     4.3569 6.6443e-01     8.2256      3.011      4.366    12.7021 0.0000e+00
      3.048     -0.110     0.0388      0.348    121.677  91.855392    45.8100     1.8555     0.1704     4.3569 6.7623e-01     8.1954      2.988      4.334    12.7085 0.0000e+00
      3.019     -0.134     0.0380      0.349    121.418  91.681199    45.8100     1.8593     0.1704     4.3569 6.4662e-01     8.2558      2.960      4.293    12.7165 0.0000e+00
      2.982     -0.157     0.0374      0.353    121.029  91.410166    45.8100     1.9318     0.1704     4.3569 6.9409e-01     7.9839      2.924      4.241    12.7255 0.0000e+00
