Data/DataNotYetUploadedToEDI/Raw_CTD/RawDownloads/063022_ccr50_S7809001.cnv
* Sea-Bird SBE19plus  Data File:
* FileName = C:\R\Reservoirs\Data\DataNotYetUploadedToEDI\Raw_CTD\RawDownloads\070522_bvr40_SBE19plus01907809_0001.hex
* Software version 2.8.0.119
* Temperature SN = 7809
* Conductivity SN = 7809
* System UpLoad Time = Jul 05 2022 16:49:32
* <ApplicationData>
* <Seaterm232>
# nquan = 15
# nvalues = 8652                        
# units = specified
# name 0 = depFM: Depth [fresh water, m]
# name 1 = dz/dtM: Descent Rate [m/s]
# name 2 = sbeox0Mg/L: Oxygen, SBE 43 [mg/l]
# name 3 = sbeox0PS: Oxygen, SBE 43 [% saturation]
# name 4 = specc: Specific Conductance [uS/cm]
# name 5 = c0uS/cm: Conductivity [uS/cm]
# name 6 = flECO-AFL: Fluorescence, WET Labs ECO-AFL/FL [mg/m^3]
# name 7 = ph: pH
# name 8 = orp: Oxidation Reduction Potential [mV]
# name 9 = par/sat/log: PAR/Logarithmic, Satlantic
# name 10 = turbWETntu0: Turbidity, WET Labs ECO [NTU]
# name 11 = prdM: Pressure, Strain Gauge [db]
# name 12 = prdE: Pressure, Strain Gauge [psi]
# name 13 = tv290C: Temperature [ITS-90, deg C]
# name 14 = flag:  0.000e+00
# span 0 =     -0.406,     21.606       
# span 1 =     -0.266,      0.199       
# span 2 =     0.0674,     9.2838       
# span 3 =      0.617,    101.518       
# span 4 =      1.188,    156.252       
# span 5 =   1.268597, 110.561772       
# span 6 =    -1.6789,   227.3310       
# span 7 =     -2.240,      8.281       
# span 8 = -1240.7455,   474.3486       
# span 9 = 1.2355e-01, 2.0051e+03       
# span 10 =    -5.7016,    68.4881      
# span 11 =     -0.399,     21.189      
# span 12 =     -0.578,     30.731      
# span 13 =    10.3366,    28.3854      
# span 14 = 0.0000e+00, 0.0000e+00      
# interval = seconds: 0.25
# start_time = Jun 30 2022 06:54:30 [Instrument's time stamp, header]
# bad_flag = -9.990e-29
*END*
[from data line 8193]
      4.042      0.007     7.6173     92.117     84.574  84.581995     1.2430      7.735   230.0476 1.9465e+02     1.0268      3.967      5.753    25.1276 0.0000e+00
      4.040      0.002     7.6281     92.042     84.456  84.433738     1.2386      7.733   230.0305 1.9432e+02     0.9793      3.964      5.749    25.0337 0.0000e+00
      4.034     -0.002     7.6257     91.983     84.438  84.356162     1.2207      7.732   230.0399 1.9515e+02     0.9515      3.956      5.737    25.0077 0.0000e+00
      4.030     -0.004     7.6162     91.971     84.563  84.406705     1.1933      7.732   229.6440 1.9701e+02     0.9297      3.950      5.728    25.0059 0.0000e+00
      4.030     -0.007     7.6088     92.047     84.739  84.536224     1.1821      7.732   228.9440 1.9567e+02     0.9206      3.951      5.730    25.0016 0.0000e+00
      4.034     -0.011     7.6052     92.231     84.902  84.714371     1.1849      7.732   228.5453 1.9491e+02     0.9437      3.956      5.737    24.9897 0.0000e+00
      4.036     -0.017     7.6046     92.501     84.959  84.844463     1.2023      7.732   228.5220 1.9559e+02     0.9697      3.960      5.743    24.9497 0.0000e+00
      4.033     -0.024     7.6096     92.781     84.873  84.837976     1.2339      7.731   228.6635 1.9494e+02     0.9617      3.958      5.741    24.8959 0.0000e+00
      4.021     -0.031     7.6207     92.938     84.820  84.826751     1.2514      7.730   228.8794 1.9685e+02     0.9157      3.946      5.721    24.8598 0.0000e+00
      4.005     -0.037     7.6346     92.871     84.829  84.835939     1.2471      7.730   228.9809 2.0016e+02     0.8919      3.926      5.693    24.8682 0.0000e+00
      3.992     -0.042     7.6518     92.645     84.781  84.758365     1.2394      7.729   228.7722 2.0047e+02     0.9133      3.913      5.675    24.9258 0.0000e+00
      3.984     -0.045     7.6696     92.342     84.793  84.715120     1.2422      7.728   228.5079 2.0068e+02     0.9346      3.907      5.667    24.9842 0.0000e+00
      3.975     -0.046     7.6859     91.997     84.954  84.821498     1.2480      7.728   228.4522 2.0286e+02     0.9449      3.899      5.655    25.0059 0.0000e+00
      3.965     -0.048     7.6759     91.702     85.159  85.027450     1.2514      7.729   228.3567 2.0330e+02     0.9699      3.890      5.641    25.0033 0.0000e+00
      3.952     -0.050     7.6562     91.517     85.294  85.234750     1.2252      7.730   228.2136 2.0393e+02     0.9973      3.876      5.622    24.9869 0.0000e+00
      3.936     -0.050     7.6383     91.459     85.299  85.357515     1.1636      7.730   228.1855 2.0696e+02     0.9686      3.861      5.599    24.9518 0.0000e+00
      3.920     -0.045     7.6113     91.484     85.243  85.431339     1.1227      7.729   228.1888 2.0704e+02     0.8964      3.844      5.575    24.9007 0.0000e+00
      3.905     -0.036     7.5866     91.486     85.185  85.491883     1.1130      7.728   228.1669 2.0728e+02     0.8761      3.827      5.552    24.8993 0.0000e+00
      3.896     -0.026     7.5632     91.418     85.106  85.517619     1.1299      7.727   228.0068 2.1064e+02     0.9280      3.818      5.538    24.9511 0.0000e+00
      3.894     -0.017     7.5489     91.307     85.061  85.551965     1.1693      7.728   227.7167 2.1089e+02     0.9770      3.817      5.536    25.0245 0.0000e+00
      3.896     -0.010     7.5437     91.161     85.115  85.653018     1.1908      7.728   227.4126 2.0900e+02     0.9907      3.820      5.541    25.1109 0.0000e+00
      3.897     -0.007     7.5363     90.996     85.275  85.849565     1.1893      7.728   227.1684 2.0918e+02     0.9914      3.822      5.544    25.1746 0.0000e+00
      3.896     -0.009     7.5194     90.872     85.455  86.084978     1.1843      7.729   227.0878 2.0901e+02     0.9516      3.822      5.543    25.2405 0.0000e+00
      3.894     -0.014     7.5035     90.797     85.615  86.338130     1.1805      7.729   227.0396 2.0798e+02     0.8854      3.820      5.540    25.2929 0.0000e+00
      3.889     -0.019     7.4895     90.733     85.701  86.558479     1.1760      7.728   226.8432 2.1068e+02     0.8731      3.814      5.533    25.3105 0.0000e+00
      3.883     -0.023     7.4702     90.651     85.531  86.524463     1.1800      7.728   226.6071 2.1438e+02     0.9059      3.808      5.523    25.3273 0.0000e+00
      3.875     -0.025     7.4562     90.466     85.310  86.372053     1.1786      7.727   226.5076 2.1345e+02     0.9402      3.801      5.512    25.3551 0.0000e+00
      3.866     -0.026     7.4456     90.106     85.384  86.432198     1.1504      7.727   226.5859 2.1519e+02     0.9803      3.791      5.497    25.4059 0.0000e+00
      3.860     -0.026     7.4281     89.654     85.590  86.615933     1.1225      7.727   226.5211 2.2054e+02     0.9807      3.784      5.488    25.4900 0.0000e+00
      3.856     -0.025     7.4104     89.252     85.687  86.750011     1.1164      7.727   226.2406 2.1881e+02     0.9102      3.782      5.485    25.5911 0.0000e+00
      3.851     -0.023     7.3931     88.946     85.699  86.845535     1.1184      7.727   226.2060 2.1642e+02     0.8461      3.778      5.479    25.6414 0.0000e+00
      3.843     -0.021     7.3640     88.707     85.705  86.944611     1.1044      7.726   226.2753 2.1926e+02     0.8549      3.769      5.466    25.6090 0.0000e+00
      3.835     -0.020     7.3262     88.532     85.738  87.058073     1.0721      7.726   226.1319 2.1832e+02     0.9144      3.760      5.454    25.5737 0.0000e+00
      3.830     -0.019     7.2885     88.433     85.753  87.136804     1.0528      7.727   225.9347 2.1742e+02     0.9505      3.755      5.448    25.6043 0.0000e+00
      3.828     -0.018     7.2578     88.383     85.767  87.197352     1.0707      7.727   225.7838 2.2035e+02     0.9837      3.755      5.447    25.6630 0.0000e+00
      3.825     -0.015     7.2305     88.350     85.811  87.281638     1.1055      7.726   225.7700 2.1936e+02     1.0087      3.751      5.441    25.7197 0.0000e+00
      3.820     -0.014     7.2088     88.303     85.807  87.329519     1.1235      7.726   225.8541 2.1910e+02     0.9449      3.746      5.434    25.7672 0.0000e+00
      3.816     -0.014     7.1976     88.203     85.753  87.331350     1.1142      7.726   225.8541 2.2135e+02     0.8616      3.743      5.428    25.8036 0.0000e+00
      3.814     -0.015     7.1907     88.037     85.689  87.303867     1.1012      7.726   225.7699 2.2110e+02     0.8556      3.740      5.424    25.8303 0.0000e+00
      3.811     -0.018     7.1868     87.828     85.631  87.251574     1.0912      7.725   225.6100 2.2177e+02     0.9066      3.738      5.422    25.8453 0.0000e+00
      3.807     -0.022     7.1798     87.594     85.639  87.207671     1.0766      7.725   225.4700 2.2352e+02     0.9657      3.734      5.416    25.8799 0.0000e+00
      3.802     -0.027     7.1672     87.347     85.769  87.217979     1.0740      7.726   225.4539 2.2525e+02     0.9893      3.729      5.408    25.9194 0.0000e+00
      3.796     -0.032     7.1497     87.137     85.974  87.312435     1.0765      7.726   225.5012 2.2463e+02     0.9531      3.723      5.400    25.9411 0.0000e+00
      3.786     -0.035     7.1308     87.016     86.071  87.395961     1.0727      7.725   225.5257 2.2337e+02     0.9031      3.714      5.386    25.9505 0.0000e+00
      3.773     -0.036     7.1153     86.985     86.016  87.401416     1.0621      7.725   225.4063 2.2598e+02     0.8982      3.700      5.366    25.9296 0.0000e+00
      3.760     -0.036     7.1042     87.005     85.927  87.378501     1.0479      7.725   225.2621 2.2639e+02     0.8933      3.685      5.345    25.8408 0.0000e+00
      3.751     -0.035     7.0984     87.035     85.871  87.373291     1.0428      7.725   225.1584 2.2544e+02     0.8437      3.676      5.332    25.7423 0.0000e+00
      3.745     -0.034     7.0879     87.032     85.801  87.338506     1.0508      7.726   224.9268 2.2864e+02     0.8452      3.674      5.329    25.7453 0.0000e+00
      3.740     -0.034     7.0797     86.993     85.733  87.275833     1.0692      7.726   224.7844 2.2963e+02     0.9449      3.670      5.322    25.8035 0.0000e+00
      3.732     -0.035     7.0770     86.936     85.789  87.314820     1.0832      7.726   224.8999 2.2790e+02     1.0247      3.660      5.307    25.8412 0.0000e+00
      3.722     -0.035     7.0778     86.869     85.837  87.364863     1.0781      7.726   225.0324 2.2887e+02     0.9906      3.651      5.295    25.8707 0.0000e+00
      3.710     -0.034     7.0742     86.837     85.756  87.308747     1.0490      7.726   225.0967 2.2972e+02     0.9081      3.639      5.278    25.8964 0.0000e+00
      3.697     -0.031     7.0684     86.815     85.715  87.272097     1.0058      7.726   225.0742 2.2987e+02     0.8812      3.625      5.256    25.9024 0.0000e+00
      3.689     -0.026     7.0692     86.748     85.768  87.303181     0.9800      7.726   224.9330 2.3070e+02     0.9394      3.615      5.242    25.8776 0.0000e+00
      3.685     -0.021     7.0602     86.665     85.782  87.303105     0.9868      7.726   224.7663 2.3090e+02     0.9965      3.613      5.240    25.8727 0.0000e+00
      3.684     -0.017     7.0548     86.621     85.755  87.271155     1.0055      7.727   224.5206 2.3207e+02     0.9903      3.614      5.241    25.9075 0.0000e+00
      3.682     -0.016     7.0558     86.630     85.797  87.298311     1.0140      7.728   224.2861 2.3454e+02     1.0010      3.612      5.238    25.9112 0.0000e+00
      3.678     -0.017     7.0519     86.675     85.883  87.377125     1.0075      7.729   224.1674 2.3531e+02     0.9892      3.608      5.232    25.8823 0.0000e+00
      3.672     -0.018     7.0439     86.748     85.948  87.461203     0.9920      7.728   224.0322 2.3463e+02     0.9172      3.602      5.224    25.8772 0.0000e+00
      3.666     -0.019     7.0392     86.848     86.007  87.552047     0.9845      7.727   224.0282 2.3479e+02     0.8812      3.595      5.214    25.8845 0.0000e+00
      3.660     -0.017     7.0431     86.943     86.056  87.649102     0.9920      7.726   224.1184 2.3505e+02     0.8957      3.589      5.205    25.8669 0.0000e+00
      3.655     -0.015     7.0483     87.009     86.072  87.744729     0.9995      7.726   224.0039 2.3492e+02     0.9213      3.584      5.198    25.8554 0.0000e+00
      3.651     -0.013     7.0518     87.061     86.051  87.818355     1.0005      7.726   223.8493 2.3611e+02     0.9522      3.580      5.191    25.8731 0.0000e+00
      3.651     -0.013     7.0583     87.065     86.000  87.840135     1.0048      7.725   223.8829 2.3753e+02     0.9615      3.579      5.191    25.8909 0.0000e+00
      3.651     -0.014     7.0657     87.004     85.937  87.817473     1.0096      7.725   223.8942 2.3643e+02     0.9311      3.582      5.196    25.9100 0.0000e+00
      3.648     -0.016     7.0617     86.928     85.905  87.798709     1.0083      7.725   223.7279 2.3696e+02     0.8931      3.580      5.191    25.9606 0.0000e+00
      3.641     -0.020     7.0599     86.867     85.920  87.804004     0.9974      7.725   223.5929 2.4006e+02     0.8436      3.569      5.176    26.0262 0.0000e+00
      3.634     -0.024     7.0561     86.851     85.947  87.817903     0.9867      7.725   223.5526 2.4145e+02     0.8446      3.563      5.168    26.0709 0.0000e+00
      3.628     -0.026     7.0446     86.866     85.967  87.839584     0.9948      7.724   223.4130 2.4206e+02     0.9390      3.559      5.161    26.0932 0.0000e+00
      3.621     -0.024     7.0380     86.835     85.984  87.875437     1.0046      7.723   223.2820 2.4379e+02     1.0285      3.551      5.150    26.1017 0.0000e+00
      3.612     -0.022     7.0329     86.745     86.016  87.933547     1.0043      7.723   223.3453 2.4474e+02     1.0387      3.543      5.137    26.0920 0.0000e+00
      3.606     -0.022     7.0328     86.642     86.024  87.970065     1.0080      7.723   223.4029 2.4388e+02     0.9603      3.534      5.126    26.0772 0.0000e+00
      3.603     -0.023     7.0381     86.551     85.962  87.935561     1.0076      7.723   223.3771 2.4535e+02     0.8663      3.532      5.124    26.0798 0.0000e+00
      3.602     -0.024     7.0340     86.478     85.912  87.897857     0.9996      7.722   223.3781 2.4665e+02     0.8238      3.534      5.125    26.0926 0.0000e+00
      3.597     -0.023     7.0219     86.400     85.918  87.895662     0.9860      7.722   223.3285 2.4709e+02     0.8558      3.530      5.121    26.1083 0.0000e+00
      3.585     -0.022     7.0122     86.309     85.940  87.908997     0.9762      7.722   223.2067 2.5008e+02     0.9124      3.517      5.101    26.1230 0.0000e+00
      3.574     -0.021     7.0011     86.235     85.959  87.931927     0.9728      7.722   223.1105 2.5017e+02     0.9279      3.501      5.077    26.1444 0.0000e+00
      3.569     -0.020     6.9951     86.210     85.938  87.918627     0.9618      7.723   222.9391 2.4926e+02     0.9745      3.499      5.075    26.1565 0.0000e+00
      3.569     -0.020     6.9908     86.225     85.897  87.875346     0.9515      7.724   222.6837 2.5044e+02     0.9970      3.502      5.079    26.1439 0.0000e+00
      3.569     -0.021     6.9831     86.240     85.897  87.853651     0.9477      7.724   222.6036 2.4960e+02     0.9274      3.500      5.077    26.1350 0.0000e+00
      3.565     -0.022     6.9755     86.215     85.933  87.846995     0.9583      7.724   222.6594 2.4945e+02     0.8835      3.498      5.074    26.1401 0.0000e+00
      3.558     -0.022     6.9724     86.129     85.987  87.858370     0.9801      7.724   222.6709 2.5062e+02     0.8767      3.492      5.064    26.1488 0.0000e+00
      3.545     -0.020     6.9753     85.996     86.077  87.927554     0.9853      7.724   222.5701 2.5139e+02     0.8793      3.475      5.041    26.1503 0.0000e+00
      3.535     -0.015     6.9786     85.887     86.122  87.984139     0.9881      7.724   222.3011 2.5280e+02     0.9493      3.462      5.022    26.1389 0.0000e+00
      3.532     -0.010     6.9815     85.887     86.064  87.970370     0.9884      7.724   222.0849 2.5469e+02     1.0402      3.461      5.021    26.1075 0.0000e+00
      3.536     -0.006     6.9782     85.987     86.002  87.951880     0.9725      7.723   221.9351 2.5505e+02     1.0558      3.467      5.029    26.0768 0.0000e+00
      3.541     -0.004     6.9671     86.085     85.987  87.951361     0.9549      7.722   221.7798 2.5292e+02     1.0017      3.475      5.040    26.0626 0.0000e+00
      3.543     -0.004     6.9547     86.123     85.995  87.964118     0.9340      7.721   221.9282 2.5356e+02     0.9317      3.478      5.044    26.0633 0.0000e+00
      3.539     -0.006     6.9500     86.128     86.004  87.978992     0.9270      7.722   222.1803 2.5473e+02     0.8923      3.471      5.035    26.1017 0.0000e+00
      3.533     -0.007     6.9578     86.131     86.019  88.004057     0.9621      7.722   222.2469 2.5525e+02     0.9023      3.463      5.023    26.1374 0.0000e+00
      3.528     -0.007     6.9681     86.131     86.072  88.076458     1.0179      7.722   222.3035 2.5872e+02     0.9495      3.459      5.017    26.1360 0.0000e+00
      3.526     -0.005     6.9689     86.114     86.116  88.155096     1.0509      7.723   222.3492 2.6082e+02     0.9841      3.457      5.014    26.1379 0.0000e+00
      3.527     -0.000     6.9680     86.093     86.111  88.192007     1.0616      7.723   222.2823 2.6019e+02     0.9793      3.457      5.014    26.1429 0.0000e+00
      3.529      0.003     6.9677     86.050     86.091  88.204942     1.0477      7.723   222.1837 2.6008e+02     0.9601      3.461      5.020    26.1453 0.0000e+00
      3.532      0.003     6.9680     85.947     86.053  88.184387     1.0152      7.723   222.1888 2.5977e+02     0.9236      3.465      5.025    26.1544 0.0000e+00
      3.534     -0.000     6.9626     85.832     86.001  88.134237     0.9937      7.723   222.1728 2.5805e+02     0.8786      3.466      5.027    26.1749 0.0000e+00
