Data/DataNotYetUploadedToEDI/Raw_CTD/RawDownloads/063023_ccr50_S8188022.cnv
* Sea-Bird SBE19plus  Data File:
* FileName = C:\R\Reservoirs\Data\DataNotYetUploadedToEDI\Raw_CTD\RawDownloads\062623_fcr50_S8188_0022.hex
* Software version 2.8.0.119
* Temperature SN = 8188
* Conductivity SN = 8188
* System UpLoad Time = Jul 03 2023 16:36:08
* <ApplicationData>
* <Seaterm232>
# nquan = 16
# nvalues = 2535                        
# units = specified
# name 0 = depFM: Depth [fresh water, m]
# name 1 = dz/dtM: Descent Rate [m/s]
# name 2 = sbeox0Mg/L: Oxygen, SBE 43 [mg/l]
# name 3 = sbeox0PS: Oxygen, SBE 43 [% saturation]
# name 4 = specc: Specific Conductance [uS/cm]
# name 5 = c0uS/cm: Conductivity [uS/cm]
# name 6 = wetCDOM: Fluorescence, WET Labs CDOM [mg/m^3]
# name 7 = flECO-AFL: Fluorescence, WET Labs ECO-AFL/FL [mg/m^3]
# name 8 = flECO-AFL1: Fluorescence, WET Labs ECO-AFL/FL, 2 [mg/m^3]
# name 9 = flECO-AFL2: Fluorescence, WET Labs ECO-AFL/FL, 3 [mg/m^3]
# name 10 = par/sat/log: PAR/Logarithmic, Satlantic
# name 11 = turbWETntu0: Turbidity, WET Labs ECO [NTU]
# name 12 = prdM: Pressure, Strain Gauge [db]
# name 13 = prdE: Pressure, Strain Gauge [psi]
# name 14 = tv290C: Temperature [ITS-90, deg C]
# name 15 = flag:  0.000e+00
# span 0 =     -0.410,     21.226       
# span 1 =     -0.350,      0.191       
# span 2 =    -0.1084,     9.4347       
# span 3 =     -0.990,    106.093       
# span 4 =   -692.523,    113.189       
# span 5 =-504.350883,  81.497255       
# span 6 =    -4.5000,     9.1800       
# span 7 =    -0.5771,     8.9178       
# span 8 =    -2.1300,     3.1524       
# span 9 =    -2.0304,     7.5717       
# span 10 = 1.1572e-01, 2.7681e+03      
# span 11 =    -0.2130,   217.4835      
# span 12 =     -0.402,     20.816      
# span 13 =     -0.583,     30.191      
# span 14 =    10.9979,    30.7665      
# span 15 = 0.0000e+00, 0.0000e+00      
# interval = seconds: 0.25
# start_time = Jun 30 2023 14:16:22 [Instrument's time stamp, header]
# bad_flag = -9.990e-29
*END*
[from data line 2079]
     18.453     -0.179     2.1716     22.569     88.921  64.859138     5.7600     0.8267     0.8094     0.6768 1.1592e-01     4.1909     18.096     26.247    11.4461 0.0000e+00
     18.406     -0.164     2.2386     23.249     88.939  64.875719     5.7600     0.8267     0.8094     0.6768 1.1600e-01     4.2059     18.050     26.180    11.4532 0.0000e+00
     18.364     -0.145     2.3095     23.854     88.956  64.889916     5.7600     0.8306     0.8094     0.6768 1.1612e-01     4.2660     18.009     26.120    11.4592 0.0000e+00
     18.329     -0.125     2.3846     24.340     88.955  64.889649     5.7600     0.8191     0.8094     0.6768 1.1605e-01     3.2740     17.974     26.070    11.4638 0.0000e+00
     18.301     -0.104     2.4614     24.682     88.971  64.900629     6.0300     0.8077     0.6390     0.7191 1.1590e-01     3.2289     17.947     26.030    11.4672 0.0000e+00
     18.279     -0.085     2.5355     24.867     88.983  64.907936     6.0300     0.8077     0.6390     0.7191 1.1597e-01     3.2740     17.926     25.999    11.4694 0.0000e+00
     18.262     -0.067     2.6014     24.891     88.976  64.901616     6.0300     0.8344     0.6390     0.7191 1.1625e-01     3.4093     17.909     25.975    11.4704 0.0000e+00
     18.248     -0.053     2.6544     24.767     88.970  64.895852     6.0300     0.8878     0.6390     0.7191 1.1605e-01     5.0175     17.895     25.955    11.4705 0.0000e+00
     18.237     -0.042     2.6918     24.523     88.940  64.873238     5.7600     0.8992     0.6816     0.5076 1.1615e-01     4.9574     17.884     25.939    11.4701 0.0000e+00
     18.229     -0.033     2.7120     24.192     88.839  64.799977     5.7600     0.8916     0.6816     0.5076 1.1587e-01     4.9424     17.876     25.927    11.4693 0.0000e+00
     18.222     -0.025     2.7146     23.808     88.684  64.688266     5.7600     0.8878     0.6816     0.5076 1.1615e-01     4.9574     17.870     25.918    11.4685 0.0000e+00
     18.217     -0.020     2.7011     23.410     88.537  64.583686     5.7600     1.1319     0.6816     0.5076 1.1595e-01    13.7049     17.865     25.912    11.4679 0.0000e+00
     18.214     -0.015     2.6746     23.033     88.440  64.515870     5.7600     1.1586     0.6816     0.5076 1.1605e-01    13.7200     17.862     25.906    11.4677 0.0000e+00
     18.211     -0.012     2.6384     22.710     88.389  64.482599     5.4900     1.1205     0.5112     0.6768 1.1605e-01    13.6899     17.859     25.902    11.4678 0.0000e+00
     18.208     -0.010     2.5966     22.469     88.353  64.459135     5.4900     1.1434     0.5112     0.6768 1.1612e-01    13.7801     17.856     25.898    11.4686 0.0000e+00
     18.206     -0.008     2.5531     22.330     88.325  64.441205     5.4900     1.1319     0.5112     0.6768 1.1612e-01    10.4133     17.854     25.895    11.4700 0.0000e+00
     18.204     -0.007     2.5118     22.299     88.364  64.471627     5.4900     1.1243     0.5112     0.6768 1.1602e-01    10.4284     17.852     25.893    11.4718 0.0000e+00
     18.203     -0.006     2.4764     22.359     88.524  64.588265     5.0400     1.1281     0.3834     0.5499 1.1607e-01    10.4735     17.851     25.891    11.4737 0.0000e+00
     18.201     -0.006     2.4501     22.477     88.738  64.742886     5.0400     1.1434     0.3834     0.5499 1.1612e-01    10.3683     17.850     25.889    11.4754 0.0000e+00
     18.200     -0.006     2.4349     22.621     88.883  64.845818     5.0400     1.1052     0.3834     0.5499 1.1600e-01    11.1498     17.848     25.887    11.4769 0.0000e+00
     18.199     -0.007     2.4315     22.752     88.925  64.872940     5.0400     1.1281     0.3834     0.5499 1.1592e-01    11.2400     17.847     25.885    11.4779 0.0000e+00
     18.197     -0.008     2.4379     22.817     88.898  64.851318     5.1300     1.1434     0.4260     0.5076 1.1617e-01    11.1198     17.845     25.883    11.4781 0.0000e+00
     18.195     -0.009     2.4509     22.772     88.833  64.802955     5.1300     1.1090     0.4260     0.5076 1.1623e-01    11.1949     17.843     25.880    11.4773 0.0000e+00
     18.193     -0.012     2.4667     22.597     88.731  64.728837     5.1300     1.3150     0.4260     0.5076 1.1590e-01    10.2330     17.841     25.876    11.4756 0.0000e+00
     18.189     -0.014     2.4811     22.304     88.597  64.633002     5.1300     1.3112     0.4260     0.5076 1.1620e-01    10.3232     17.838     25.872    11.4737 0.0000e+00
     18.186     -0.018     2.4882     21.936     88.490  64.557330     4.4100     1.3074     0.2556     0.3807 1.1600e-01    10.1578     17.834     25.866    11.4723 0.0000e+00
     18.181     -0.022     2.4833     21.547     88.475  64.549076     4.4100     1.3112     0.2556     0.3807 1.1597e-01    10.2330     17.830     25.860    11.4718 0.0000e+00
     18.176     -0.028     2.4642     21.197     88.546  64.602074     4.4100     1.3723     0.2556     0.3807 1.1595e-01    12.9685     17.824     25.852    11.4721 0.0000e+00
     18.168     -0.035     2.4323     20.940     88.635  64.666987     4.4100     1.3723     0.2556     0.3807 1.1628e-01    12.9835     17.817     25.841    11.4732 0.0000e+00
     18.159     -0.045     2.3921     20.806     88.685  64.701623     4.4100     1.3875     0.2556     0.3807 1.1600e-01    12.9985     17.808     25.829    11.4746 0.0000e+00
     18.148     -0.058     2.3496     20.795     88.662  64.683483     4.0500     1.3990     0.2556     0.1692 1.1610e-01    12.9685     17.797     25.812    11.4760 0.0000e+00
     18.133     -0.073     2.3114     20.869     88.596  64.635499     4.0500     1.3150     0.2556     0.1692 1.1600e-01    10.9695     17.783     25.792    11.4767 0.0000e+00
     18.114     -0.092     2.2833     20.965     88.568  64.616276     4.0500     1.3150     0.2556     0.1692 1.1617e-01    10.9244     17.764     25.765    11.4766 0.0000e+00
     18.090     -0.113     2.2687     21.044     88.580  64.626640     4.0500     1.3379     0.2556     0.1692 1.1620e-01    10.8793     17.740     25.730    11.4758 0.0000e+00
     18.058     -0.135     2.2676     21.094     88.569  64.621753     4.8600     1.3150     0.4686     0.2961 1.1617e-01    10.8943     17.709     25.685    11.4750 0.0000e+00
     18.020     -0.157     2.2757     21.110     88.514  64.584445     4.8600     1.0976     0.4686     0.2961 1.1605e-01    10.1278     17.672     25.631    11.4748 0.0000e+00
     17.975     -0.178     2.2861     21.103     88.426  64.524600     4.8600     1.1663     0.4686     0.2961 1.1595e-01    10.0827     17.628     25.567    11.4755 0.0000e+00
     17.926     -0.196     2.2946     21.107     88.312  64.446095     4.8600     1.1396     0.4686     0.2961 1.1600e-01    10.1127     17.580     25.497    11.4767 0.0000e+00
     17.872     -0.212     2.3000     21.148     88.168  64.345846     4.6800     1.1205     0.3834     0.2961 1.1597e-01    10.2480     17.527     25.421    11.4782 0.0000e+00
     17.816     -0.226     2.3016     21.245     88.004  64.230839     4.6800     1.1243     0.3834     0.2961 1.1595e-01    11.2250     17.471     25.340    11.4800 0.0000e+00
     17.756     -0.238     2.3008     21.405     87.835  64.114038     4.6800     1.1510     0.3834     0.2961 1.1607e-01    11.1498     17.413     25.256    11.4822 0.0000e+00
     17.694     -0.248     2.3011     21.620     87.683  64.009914     4.6800     1.1510     0.3834     0.2961 1.1612e-01    11.0747     17.352     25.167    11.4847 0.0000e+00
     17.629     -0.257     2.3054     21.879     87.524  63.900620     4.6800     1.1281     0.3834     0.2961 1.1605e-01    11.0146     17.288     25.074    11.4874 0.0000e+00
     17.561     -0.264     2.3158     22.185     87.335  63.770893     4.9500     1.1167     0.3834     0.3807 1.1615e-01    13.8102     17.222     24.979    11.4904 0.0000e+00
     17.492     -0.269     2.3330     22.538     87.164  63.653573     4.9500     1.1357     0.3834     0.3807 1.1592e-01    13.7801     17.155     24.881    11.4939 0.0000e+00
     17.422     -0.272     2.3562     22.938     87.023  63.559026     4.9500     1.1319     0.3834     0.3807 1.1607e-01    13.7350     17.086     24.781    11.4978 0.0000e+00
     17.351     -0.273     2.3843     23.385     86.896  63.473940     4.9500     1.1472     0.3834     0.3807 1.1595e-01    13.6749     17.016     24.680    11.5020 0.0000e+00
     17.281     -0.273     2.4173     23.871     86.791  63.403390     4.8600     0.8992     0.3408     0.5076 1.1612e-01    10.0827     16.947     24.579    11.5064 0.0000e+00
     17.211     -0.271     2.4556     24.378     86.691  63.336497     4.8600     0.9030     0.3408     0.5076 1.1610e-01     9.9925     16.878     24.480    11.5110 0.0000e+00
     17.142     -0.268     2.4989     24.898     86.562  63.247490     4.8600     0.8802     0.3408     0.5076 1.1605e-01     9.9925     16.811     24.383    11.5156 0.0000e+00
     17.075     -0.266     2.5474     25.413     86.416  63.146350     4.8600     0.8763     0.3408     0.5076 1.1597e-01     9.9023     16.745     24.287    11.5199 0.0000e+00
     17.009     -0.264     2.6001     25.897     86.303  63.069572     4.5900     0.7085     0.2982     0.3384 1.1612e-01     6.1748     16.680     24.193    11.5238 0.0000e+00
     16.942     -0.262     2.6551     26.335     86.225  63.018498     4.5900     0.7352     0.2982     0.3384 1.1620e-01     6.2049     16.615     24.097    11.5272 0.0000e+00
     16.875     -0.259     2.7115     26.728     86.159  62.975541     4.5900     0.7085     0.2982     0.3384 1.1595e-01     6.1298     16.549     24.002    11.5303 0.0000e+00
     16.808     -0.256     2.7674     27.081     86.095  62.933214     4.5900     0.6932     0.2982     0.3384 1.1585e-01     6.2350     16.483     23.907    11.5335 0.0000e+00
     16.743     -0.252     2.8199     27.401     86.017  62.880228     4.5900     0.5979     0.2982     0.3384 1.1607e-01     3.9804     16.419     23.813    11.5368 0.0000e+00
     16.678     -0.246     2.8674     27.684     85.921  62.814355     4.5900     0.5940     0.2982     0.3384 1.1595e-01     4.0406     16.356     23.722    11.5401 0.0000e+00
     16.616     -0.237     2.9100     27.931     85.823  62.747777     4.5900     0.6093     0.2982     0.3384 1.1610e-01     3.9804     16.294     23.633    11.5432 0.0000e+00
     16.555     -0.225     2.9483     28.153     85.749  62.698438     4.5900     0.5979     0.2982     0.3384 1.1605e-01     4.0255     16.235     23.547    11.5460 0.0000e+00
     16.498     -0.209     2.9829     28.361     85.700  62.667064     4.5900     0.5902     0.2982     0.3384 1.1607e-01     3.0937     16.179     23.466    11.5485 0.0000e+00
     16.444     -0.191     3.0136     28.563     85.649  62.633391     4.5900     0.5826     0.3408     0.3384 1.1605e-01     3.0335     16.126     23.389    11.5509 0.0000e+00
     16.396     -0.170     3.0402     28.768     85.594  62.596370     4.5900     0.6093     0.3408     0.3384 1.1615e-01     3.0185     16.079     23.321    11.5536 0.0000e+00
     16.355     -0.148     3.0641     28.979     85.566  62.577861     4.5900     0.6208     0.3408     0.3384 1.1605e-01     3.0786     16.039     23.263    11.5565 0.0000e+00
     16.322     -0.127     3.0866     29.195     85.562  62.576896     4.5900     0.6017     0.3408     0.3384 1.1590e-01     2.8081     16.006     23.215    11.5591 0.0000e+00
     16.295     -0.110     3.1085     29.412     85.545  62.565451     4.0500     0.6093     0.1704     0.2538 1.1595e-01     2.8983     15.980     23.177    11.5613 0.0000e+00
     16.272     -0.096     3.1307     29.622     85.504  62.536509     4.0500     0.6017     0.1704     0.2538 1.1612e-01     2.8231     15.958     23.145    11.5631 0.0000e+00
     16.252     -0.087     3.1536     29.811     85.461  62.506150     4.0500     0.6131     0.1704     0.2538 1.1612e-01     2.8532     15.938     23.116    11.5644 0.0000e+00
     16.232     -0.082     3.1770     29.969     85.409  62.470244     4.0500     0.6093     0.1704     0.2538 1.1612e-01     2.7029     15.918     23.088    11.5653 0.0000e+00
     16.212     -0.080     3.2006     30.087     85.346  62.427150     4.1400     0.5940     0.1704     0.2115 1.1607e-01     2.7179     15.899     23.059    11.5659 0.0000e+00
     16.192     -0.081     3.2234     30.162     85.300  62.397107     4.1400     0.5750     0.1704     0.2115 1.1602e-01     2.6277     15.879     23.030    11.5665 0.0000e+00
     16.172     -0.086     3.2439     30.202     85.291  62.393919     4.1400     0.5940     0.1704     0.2115 1.1600e-01     2.5676     15.859     23.002    11.5673 0.0000e+00
     16.152     -0.094     3.2610     30.216     85.310  62.410788     4.1400     0.6322     0.1704     0.2115 1.1617e-01     2.7179     15.840     22.974    11.5686 0.0000e+00
     16.130     -0.107     3.2736     30.215     85.340  62.434361     3.9600     0.5864     0.1704     0.2115 1.1610e-01     2.8682     15.818     22.943    11.5703 0.0000e+00
     16.104     -0.122     3.2817     30.209     85.374  62.461011     3.9600     0.5864     0.1704     0.2115 1.1605e-01     2.8081     15.792     22.905    11.5724 0.0000e+00
     16.071     -0.139     3.2859     30.205     85.407  62.485944     3.9600     0.6398     0.1704     0.2115 1.1600e-01     2.8682     15.760     22.858    11.5745 0.0000e+00
     16.032     -0.158     3.2873     30.203     85.430  62.503910     3.9600     0.5406     0.1704     0.2115 1.1597e-01     2.5977     15.722     22.803    11.5761 0.0000e+00
     15.988     -0.175     3.2871     30.194     85.439  62.511767     3.9600     0.5368     0.1704     0.2115 1.1607e-01     2.7179     15.678     22.740    11.5772 0.0000e+00
     15.939     -0.189     3.2864     30.166     85.442  62.515577     3.8700     0.5483     0.1704     0.2961 1.1625e-01     2.6728     15.631     22.671    11.5780 0.0000e+00
     15.888     -0.200     3.2859     30.108     85.446  62.520324     3.8700     0.5292     0.1704     0.2961 1.1617e-01     2.5225     15.581     22.598    11.5786 0.0000e+00
     15.834     -0.208     3.2856     30.011     85.447  62.523305     3.8700     0.5406     0.1704     0.2961 1.1623e-01     2.6728     15.529     22.522    11.5792 0.0000e+00
     15.780     -0.214     3.2846     29.882     85.448  62.525317     3.8700     0.5254     0.1704     0.2961 1.1620e-01     2.6428     15.475     22.444    11.5800 0.0000e+00
     15.724     -0.218     3.2815     29.739     85.431  62.514996     4.5000     0.5483     0.3408     0.5076 1.1612e-01     2.5826     15.420     22.365    11.5809 0.0000e+00
     15.668     -0.221     3.2751     29.597     85.383  62.481658     4.5000     0.5445     0.3408     0.5076 1.1617e-01     2.5977     15.365     22.285    11.5819 0.0000e+00
     15.611     -0.223     3.2644     29.469     85.328  62.444178     4.5000     0.5445     0.3408     0.5076 1.1602e-01     2.4474     15.309     22.204    11.5830 0.0000e+00
     15.554     -0.225     3.2503     29.366     85.292  62.420326     4.5000     0.5216     0.3408     0.5076 1.1605e-01     2.4624     15.253     22.123    11.5841 0.0000e+00
     15.496     -0.226     3.2346     29.300     85.265  62.403741     4.9500     0.5330     0.3834     0.5499 1.1615e-01     2.4624     15.197     22.041    11.5852 0.0000e+00
     15.438     -0.227     3.2191     29.275     85.242  62.390002     4.9500     0.5254     0.3834     0.5499 1.1612e-01     2.4023     15.139     21.958    11.5864 0.0000e+00
     15.379     -0.227     3.2051     29.293     85.229  62.383378     4.9500     0.5292     0.3834     0.5499 1.1625e-01     1.8913     15.082     21.875    11.5878 0.0000e+00
     15.321     -0.226     3.1938     29.357     85.224  62.382102     4.9500     0.5178     0.3834     0.5499 1.1605e-01     1.8762     15.025     21.792    11.5896 0.0000e+00
     15.264     -0.226     3.1865     29.467     85.216  62.377901     4.9500     0.5597     0.3834     0.5499 1.1617e-01     1.9664     14.969     21.711    11.5914 0.0000e+00
