Data/DataNotYetUploadedToEDI/Raw_CTD/RawDownloads/063025_bvr50_S8188001.cnv
* Sea-Bird SBE19plus  Data File:
* FileName = C:\R\Reservoirs\Data\DataNotYetUploadedToEDI\Raw_CTD\RawDownloads\063025_bvr50_S8188_0001.hex
* Software version 2.8.0.119
* Temperature SN = 8188
* Conductivity SN = 8188
* System UpLoad Time = Jul 01 2025 12:27:44
* <ApplicationData>
* <Seaterm232>
# nquan = 16
# nvalues = 1932                        
# units = specified
# name 0 = depFM: Depth [fresh water, m]
# name 1 = dz/dtM: Descent Rate [m/s]
# name 2 = sbeox0Mg/L: Oxygen, SBE 43 [mg/l]
# name 3 = sbeox0PS: Oxygen, SBE 43 [% saturation]
# name 4 = specc: Specific Conductance [uS/cm]
# name 5 = c0uS/cm: Conductivity [uS/cm]
# name 6 = wetCDOM: Fluorescence, WET Labs CDOM [mg/m^3]
# name 7 = flECO-AFL: Fluorescence, WET Labs ECO-AFL/FL [mg/m^3]
# name 8 = flECO-AFL1: Fluorescence, WET Labs ECO-AFL/FL, 2 [mg/m^3]
# name 9 = flECO-AFL2: Fluorescence, WET Labs ECO-AFL/FL, 3 [mg/m^3]
# name 10 = par/sat/log: PAR/Logarithmic, Satlantic
# name 11 = turbWETntu0: Turbidity, WET Labs ECO [NTU]
# name 12 = prdM: Pressure, Strain Gauge [db]
# name 13 = prdE: Pressure, Strain Gauge [psi]
# name 14 = tv290C: Temperature [ITS-90, deg C]
# name 15 = flag:  0.000e+00
# span 0 =     -0.709,      6.302       
# span 1 =     -0.229,      0.092       
# span 2 =     0.0314,     9.9411       
# span 3 =      0.300,    127.861       
# span 4 =   -648.544,    174.291       
# span 5 =-486.967679, 128.076611       
# span 6 =   -11.6100,    79.5600       
# span 7 =    -2.5200,    36.6308       
# span 8 =    -4.7712,     2.9820       
# span 9 =    -6.8949,     6.8949       
# span 10 = 1.1582e-01, 1.5412e+03      
# span 11 =    -9.7813,    29.6012      
# span 12 =     -0.695,      6.180      
# span 13 =     -1.008,      8.964      
# span 14 =    11.7380,    28.4101      
# span 15 = 0.0000e+00, 0.0000e+00      
# interval = seconds: 0.25
# start_time = Jun 30 2025 09:01:05 [Instrument's time stamp, header]
# bad_flag = -9.990e-29
*END*
[from data line 995]
      2.970      0.006     0.0549      0.501     76.657  60.702234    34.9200     1.9280     0.2982     4.4415 2.3078e+00    11.5490      2.913      4.225    14.5150 0.0000e+00
      2.972      0.006     0.0536      0.502     76.832  60.860815    34.9200     1.9471     0.2982     4.4415 2.3524e+00    11.5943      2.914      4.227    14.5283 0.0000e+00
      2.973      0.007     0.0524      0.504     77.414  61.326938    29.4300     1.9280     0.2982     3.9762 2.3652e+00    11.5188      2.916      4.229    14.5485 0.0000e+00
      2.975      0.008     0.0514      0.504     78.345  62.049385    29.4300     1.9394     0.2982     3.9762 2.3734e+00    11.5188      2.917      4.231    14.5711 0.0000e+00
      2.977      0.010     0.0510      0.503     79.509  62.933581    29.4300     1.9852     0.2982     3.9762 2.3590e+00    11.0505      2.920      4.234    14.5910 0.0000e+00
      2.979      0.012     0.0510      0.505     80.687  63.808380    29.4300     1.9776     0.2982     3.9762 2.3467e+00    11.0807      2.922      4.238    14.6042 0.0000e+00
      2.983      0.014     0.0512      0.510     81.621  64.478163    29.4300     2.0157     0.2982     3.9762 2.3229e+00    11.1109      2.926      4.243    14.6077 0.0000e+00
      2.987      0.016     0.0513      0.516     82.210  64.878150    28.9800     1.9852     0.2556     4.0185 2.2651e+00    11.2620      2.930      4.248    14.5989 0.0000e+00
      2.991      0.017     0.0512      0.520     82.538  65.085075    28.9800     2.1912     0.2556     4.0185 2.2382e+00    11.2620      2.934      4.255    14.5758 0.0000e+00
      2.996      0.018     0.0514      0.527     82.765  65.227933    28.9800     2.1645     0.2556     4.0185 2.2097e+00    11.3677      2.938      4.261    14.5400 0.0000e+00
      3.001      0.019     0.0520      0.537     83.002  65.384721    28.9800     2.1721     0.2556     4.0185 2.1796e+00    11.2922      2.943      4.268    14.4977 0.0000e+00
      3.006      0.019     0.0526      0.548     83.275  65.571312    32.0400     2.1454     0.2556     4.0608 2.1332e+00    11.3828      2.948      4.275    14.4572 0.0000e+00
      3.011      0.020     0.0531      0.558     83.597  65.797563    32.0400     1.8784     0.2556     4.0608 2.1175e+00    11.0354      2.953      4.283    14.4254 0.0000e+00
      3.016      0.020     0.0538      0.563     83.980  66.075924    32.0400     1.8670     0.2556     4.0608 2.1267e+00    11.0807      2.958      4.290    14.4029 0.0000e+00
      3.021      0.021     0.0548      0.563     84.448  66.426756    32.0400     1.8860     0.2556     4.0608 2.0942e+00    11.0505      2.963      4.297    14.3850 0.0000e+00
      3.026      0.022     0.0560      0.558     85.005  66.847851    35.0100     1.8555     0.2982     4.4415 2.0608e+00    11.0958      2.968      4.304    14.3678 0.0000e+00
      3.032      0.023     0.0571      0.546     85.601  67.293882    35.0100     1.7296     0.2982     4.4415 2.1074e+00    10.6728      2.973      4.312    14.3514 0.0000e+00
      3.038      0.024     0.0576      0.529     86.160  67.702226    35.0100     1.7182     0.2982     4.4415 2.0874e+00    10.5973      2.979      4.321    14.3377 0.0000e+00
      3.044      0.025     0.0576      0.517     86.624  68.030134    35.0100     1.7182     0.2982     4.4415 2.0003e+00    10.6124      2.985      4.330    14.3271 0.0000e+00
      3.051      0.026     0.0571      0.512     87.013  68.297207    35.7300     1.7373     0.2556     4.6953 1.9830e+00    10.6426      2.992      4.340    14.3171 0.0000e+00
      3.058      0.026     0.0559      0.509     87.375  68.542738    35.7300     1.8441     0.2556     4.6953 1.9684e+00    10.5973      2.999      4.350    14.3040 0.0000e+00
      3.065      0.026     0.0542      0.509     87.714  68.772338    35.7300     1.8746     0.2556     4.6953 1.9497e+00    10.6577      3.005      4.359    14.2862 0.0000e+00
      3.072      0.025     0.0530      0.514     88.005  68.967418    35.7300     1.8441     0.2556     4.6953 1.9757e+00    10.6426      3.012      4.368    14.2649 0.0000e+00
      3.078      0.024     0.0525      0.521     88.226  69.112155    35.7300     1.8746     0.2556     4.6953 1.9228e+00    10.6577      3.018      4.377    14.2425 0.0000e+00
      3.084      0.024     0.0522      0.525     88.424  69.243150    37.2600     1.8212     0.2982     4.6953 1.8896e+00     9.8118      3.024      4.386    14.2205 0.0000e+00
      3.090      0.023     0.0522      0.525     88.673  69.417283    37.2600     1.7868     0.2982     4.6953 1.8798e+00     9.9477      3.030      4.394    14.1998 0.0000e+00
      3.095      0.023     0.0527      0.525     89.009  69.659039    37.2600     1.8021     0.2982     4.6953 1.8884e+00     9.8118      3.035      4.402    14.1810 0.0000e+00
      3.101      0.024     0.0534      0.525     89.433  69.969032    37.2600     1.8288     0.2982     4.6953 1.9215e+00     9.8722      3.040      4.410    14.1648 0.0000e+00
      3.107      0.025     0.0538      0.527     89.937  70.338136    38.0700     1.7487     0.3408     4.7799 1.8892e+00     9.4190      3.046      4.418    14.1512 0.0000e+00
      3.113      0.026     0.0539      0.529     90.480  70.733075    38.0700     1.7220     0.3408     4.7799 1.9286e+00     9.4190      3.052      4.427    14.1393 0.0000e+00
      3.119      0.027     0.0539      0.530     90.977  71.087547    38.0700     1.7640     0.3408     4.7799 1.8696e+00     9.4341      3.058      4.436    14.1276 0.0000e+00
      3.127      0.029     0.0539      0.529     91.359  71.348401    38.0700     1.7144     0.3408     4.7799 1.8446e+00     9.4492      3.066      4.447    14.1152 0.0000e+00
      3.135      0.030     0.0542      0.527     91.614  71.511360    39.8700     1.7373     0.2982     4.1877 1.7854e+00     9.8118      3.073      4.458    14.1012 0.0000e+00
      3.143      0.030     0.0544      0.522     91.863  71.671764    39.8700     1.7678     0.2982     4.1877 1.7162e+00     9.8873      3.082      4.470    14.0849 0.0000e+00
      3.151      0.030     0.0545      0.518     92.251  71.944228    39.8700     1.7487     0.2982     4.1877 1.6929e+00     9.8873      3.089      4.481    14.0661 0.0000e+00
      3.158      0.029     0.0545      0.514     92.707  72.269693    39.8700     1.7563     0.2982     4.1877 1.7058e+00     9.9628      3.097      4.492    14.0458 0.0000e+00
      3.165      0.028     0.0543      0.508     93.072  72.523408    39.8700     1.7144     0.2982     4.1877 1.7237e+00     9.6305      3.104      4.502    14.0257 0.0000e+00
      3.172      0.026     0.0538      0.498     93.261  72.641307    39.6000     1.7487     0.2982     4.6530 1.6608e+00     9.5852      3.110      4.511    14.0073 0.0000e+00
      3.178      0.024     0.0534      0.486     93.201  72.573001    39.6000     1.7373     0.2982     4.6530 1.6322e+00     9.7665      3.117      4.521    13.9907 0.0000e+00
      3.185      0.022     0.0531      0.477     92.943  72.364138    39.6000     1.7449     0.2982     4.6530 1.6322e+00     9.7362      3.123      4.530    13.9746 0.0000e+00
      3.191      0.020     0.0524      0.473     92.683  72.168576    39.6000     1.6648     0.2982     4.6530 1.5768e+00     8.9356      3.129      4.538    13.9579 0.0000e+00
      3.196      0.018     0.0513      0.472     92.540  72.073865    41.1300     1.6686     0.2556     4.3146 1.5874e+00     9.0262      3.134      4.545    13.9421 0.0000e+00
      3.199      0.016     0.0501      0.473     92.445  72.018829    41.1300     1.7029     0.2556     4.3146 1.6163e+00     8.9658      3.138      4.551    13.9305 0.0000e+00
      3.203      0.015     0.0492      0.478     92.346  71.958857    41.1300     1.6686     0.2556     4.3146 1.6899e+00     8.9356      3.141      4.555    13.9260 0.0000e+00
      3.206      0.015     0.0488      0.488     92.302  71.937829    41.1300     1.7640     0.2556     4.3146 1.6461e+00     8.4824      3.144      4.560    13.9298 0.0000e+00
      3.209      0.015     0.0487      0.497     92.335  71.972091    40.5900     1.7334     0.2556     4.1031 1.6590e+00     8.5126      3.147      4.565    13.9388 0.0000e+00
      3.213      0.017     0.0488      0.501     92.468  72.080756    40.5900     1.7868     0.2556     4.1031 1.6511e+00     8.5126      3.151      4.570    13.9489 0.0000e+00
      3.218      0.018     0.0494      0.500     92.761  72.306772    40.5900     1.7716     0.2556     4.1031 1.6454e+00     8.5126      3.155      4.576    13.9581 0.0000e+00
      3.223      0.020     0.0503      0.500     93.183  72.620606    40.5900     1.7334     0.2556     4.1031 1.5964e+00     8.6033      3.160      4.583    13.9653 0.0000e+00
      3.228      0.021     0.0513      0.501     93.646  72.956267    43.5600     1.7220     0.2982     4.4415 1.5526e+00     8.6637      3.166      4.591    13.9701 0.0000e+00
      3.234      0.022     0.0516      0.502     94.106  73.285512    43.5600     1.7373     0.2982     4.4415 1.5388e+00     8.6939      3.172      4.600    13.9729 0.0000e+00
      3.241      0.023     0.0515      0.505     94.540  73.594354    43.5600     1.7525     0.2982     4.4415 1.4763e+00     8.7996      3.178      4.609    13.9716 0.0000e+00
      3.247      0.023     0.0515      0.509     94.925  73.861365    43.5600     1.6152     0.2982     4.4415 1.4737e+00     8.2558      3.184      4.618    13.9637 0.0000e+00
      3.253      0.022     0.0517      0.515     95.197  74.037993    43.5600     1.6190     0.2982     4.4415 1.4402e+00     8.2860      3.190      4.626    13.9503 0.0000e+00
      3.258      0.021     0.0518      0.523     95.260  74.053578    46.5300     1.6228     0.2130     4.0185 1.4610e+00     8.2860      3.195      4.634    13.9350 0.0000e+00
      3.263      0.019     0.0521      0.530     95.071  73.884332    46.5300     1.6304     0.2130     4.0185 1.4321e+00     8.2105      3.200      4.641    13.9193 0.0000e+00
      3.268      0.018     0.0526      0.532     94.704  73.592899    46.5300     1.7449     0.2130     4.0185 1.3840e+00     8.2860      3.205      4.648    13.9023 0.0000e+00
      3.272      0.017     0.0532      0.525     94.308  73.297160    46.5300     1.7373     0.2130     4.0185 1.4117e+00     8.2105      3.209      4.655    13.8837 0.0000e+00
      3.276      0.016     0.0540      0.510     93.983  73.069936    45.9000     1.7411     0.2130     3.8070 1.4175e+00     8.2558      3.213      4.660    13.8662 0.0000e+00
      3.280      0.015     0.0548      0.493     93.775  72.938451    45.9000     1.7373     0.2130     3.8070 1.4518e+00     8.2256      3.217      4.665    13.8542 0.0000e+00
      3.284      0.015     0.0550      0.477     93.747  72.943482    45.9000     1.6686     0.2130     3.8070 1.4641e+00     8.3011      3.220      4.670    13.8510 0.0000e+00
      3.287      0.015     0.0543      0.465     93.883  73.066414    45.9000     1.7067     0.2130     3.8070 1.4321e+00     8.2860      3.224      4.676    13.8575 0.0000e+00
      3.291      0.016     0.0528      0.457     94.098  73.238248    42.3000     1.7067     0.2556     4.2300 1.4010e+00     8.2407      3.228      4.681    13.8709 0.0000e+00
      3.296      0.016     0.0509      0.455     94.355  73.430961    42.3000     1.6724     0.2556     4.2300 1.3852e+00     8.2105      3.232      4.687    13.8869 0.0000e+00
      3.300      0.017     0.0493      0.462     94.655  73.648044    42.3000     1.8402     0.2556     4.2300 1.3608e+00     8.6637      3.236      4.693    13.9012 0.0000e+00
      3.305      0.017     0.0480      0.472     95.025  73.913455    42.3000     1.8898     0.2556     4.2300 1.3487e+00     8.7694      3.241      4.700    13.9103 0.0000e+00
      3.309      0.017     0.0471      0.483     95.488  74.244081    42.3000     1.8402     0.2556     4.2300 1.3100e+00     8.7543      3.245      4.706    13.9127 0.0000e+00
      3.313      0.017     0.0470      0.494     95.994  74.602348    43.9200     1.8784     0.2556     4.1877 1.3012e+00     8.6788      3.249      4.712    13.9089 0.0000e+00
      3.318      0.018     0.0477      0.502     96.473  74.936094    43.9200     1.8135     0.2556     4.1877 1.2961e+00     8.4522      3.254      4.719    13.9004 0.0000e+00
      3.322      0.018     0.0488      0.506     96.935  75.256472    43.9200     1.7983     0.2556     4.1877 1.2986e+00     8.5428      3.258      4.725    13.8886 0.0000e+00
      3.326      0.019     0.0500      0.509     97.487  75.646921    43.9200     1.8174     0.2556     4.1877 1.2894e+00     8.4673      3.262      4.731    13.8735 0.0000e+00
      3.331      0.019     0.0511      0.512     98.126  76.097784    45.4500     1.7868     0.2130     4.1454 1.2849e+00     8.5277      3.267      4.738    13.8552 0.0000e+00
      3.336      0.020     0.0519      0.514     98.687  76.477785    45.4500     1.8174     0.2130     4.1454 1.2658e+00     8.2860      3.272      4.745    13.8352 0.0000e+00
      3.341      0.021     0.0523      0.516     99.082  76.724575    45.4500     1.8135     0.2130     4.1454 1.2300e+00     8.2256      3.277      4.752    13.8156 0.0000e+00
      3.347      0.022     0.0527      0.517     99.370  76.889987    45.4500     1.8212     0.2130     4.1454 1.2183e+00     8.2256      3.282      4.760    13.7960 0.0000e+00
      3.353      0.023     0.0530      0.515     99.697  77.093983    45.2700     1.8059     0.2130     4.1454 1.1836e+00     8.1954      3.288      4.769    13.7731 0.0000e+00
      3.359      0.024     0.0533      0.517    100.165  77.412918    45.2700     1.7525     0.2130     4.1454 1.1559e+00     8.6184      3.294      4.778    13.7455 0.0000e+00
      3.365      0.026     0.0535      0.518    100.725  77.800091    45.2700     1.7296     0.2130     4.1454 1.1556e+00     8.4220      3.300      4.786    13.7153 0.0000e+00
      3.372      0.027     0.0536      0.516    101.292  78.189071    45.2700     1.7411     0.2130     4.1454 1.1751e+00     8.5428      3.307      4.796    13.6864 0.0000e+00
      3.379      0.028     0.0535      0.514    101.827  78.551828    45.3600     1.7449     0.1704     4.1454 1.1481e+00     8.4371      3.313      4.805    13.6619 0.0000e+00
      3.386      0.029     0.0536      0.510    102.323  78.887276    45.3600     1.8670     0.1704     4.1454 1.1000e+00     8.2256      3.321      4.816    13.6404 0.0000e+00
      3.394      0.030     0.0538      0.501    102.747  79.171073    45.3600     1.8631     0.1704     4.1454 1.0599e+00     8.2558      3.328      4.827    13.6179 0.0000e+00
      3.402      0.031     0.0536      0.494    103.058  79.373086    45.3600     1.8593     0.1704     4.1454 1.0194e+00     8.2407      3.336      4.838    13.5935 0.0000e+00
      3.410      0.031     0.0535      0.490    103.295  79.525225    45.3600     1.8670     0.1704     4.1454 9.6616e-01     8.2558      3.344      4.850    13.5689 0.0000e+00
      3.418      0.031     0.0531      0.487    103.505  79.664066    45.1800     1.7945     0.1704     4.1877 9.8868e-01     8.3162      3.352      4.862    13.5457 0.0000e+00
      3.426      0.032     0.0521      0.486    103.733  79.820643    45.1800     1.8059     0.1704     4.1877 9.5013e-01     8.2709      3.360      4.873    13.5245 0.0000e+00
      3.434      0.032     0.0514      0.489    104.053  80.046693    45.1800     1.8250     0.1704     4.1877 9.3599e-01     8.2407      3.368      4.884    13.5062 0.0000e+00
      3.442      0.032     0.0511      0.495    104.476  80.346595    45.1800     1.7868     0.1704     4.1877 9.7799e-01     8.1954      3.375      4.896    13.4915 0.0000e+00
      3.450      0.033     0.0508      0.499    104.933  80.664560    44.3700     1.9089     0.1704     3.8916 9.0460e-01     8.2407      3.383      4.907    13.4803 0.0000e+00
