Data/DataNotYetUploadedToEDI/Raw_CTD/RawDownloads/070126_ccr50_S8188003.cnv
* Sea-Bird SBE19plus  Data File:
* FileName = C:\R\Reservoirs\Data\DataNotYetUploadedToEDI\Raw_CTD\RawDownloads\070126_ccr10_S8188_0003.hex
* Software version 2.8.0.119
* Temperature SN = 8188
* Conductivity SN = 8188
* System UpLoad Time = Jul 02 2026 16:06:53
* <ApplicationData>
* <Seaterm232>
# nquan = 16
# nvalues = 2513                        
# units = specified
# name 0 = depFM: Depth [fresh water, m]
# name 1 = dz/dtM: Descent Rate [m/s]
# name 2 = sbeox0Mg/L: Oxygen, SBE 43 [mg/l]
# name 3 = sbeox0PS: Oxygen, SBE 43 [% saturation]
# name 4 = specc: Specific Conductance [uS/cm]
# name 5 = c0uS/cm: Conductivity [uS/cm]
# name 6 = wetCDOM: Fluorescence, WET Labs CDOM [mg/m^3]
# name 7 = flECO-AFL: Fluorescence, WET Labs ECO-AFL/FL [mg/m^3]
# name 8 = flECO-AFL1: Fluorescence, WET Labs ECO-AFL/FL, 2 [mg/m^3]
# name 9 = flECO-AFL2: Fluorescence, WET Labs ECO-AFL/FL, 3 [mg/m^3]
# name 10 = par/sat/log: PAR/Logarithmic, Satlantic
# name 11 = turbWETntu0: Turbidity, WET Labs ECO [NTU]
# name 12 = prdM: Pressure, Strain Gauge [db]
# name 13 = prdE: Pressure, Strain Gauge [psi]
# name 14 = tv290C: Temperature [ITS-90, deg C]
# name 15 = flag:  0.000e+00
# span 0 =     -0.400,     16.432       
# span 1 =     -0.221,      0.238       
# span 2 =     0.4627,    10.9998       
# span 3 =      4.311,    122.214       
# span 4 =   -622.366,    192.361       
# span 5 =-486.620960, 164.206014       
# span 6 =    -4.5000,    58.4100       
# span 7 =    -0.6699,    14.0971       
# span 8 =    -2.1300,     1.3632       
# span 9 =    -7.3602,     3.6378       
# span 10 = 1.1567e-01, 2.4440e+03      
# span 11 =    -5.1134,   482.5827      
# span 12 =     -0.392,     16.114      
# span 13 =     -0.570,     23.372      
# span 14 =    12.1195,    28.7601      
# span 15 = 0.0000e+00, 0.0000e+00      
# interval = seconds: 0.25
# start_time = Jul 02 2026 11:03:17 [Instrument's time stamp, header]
# bad_flag = -9.990e-29
*END*
[from data line 543]
      0.757      0.010     7.5342     97.535    150.612 161.497996     6.6600     0.0893     0.0852     0.1269 7.1542e+01    -0.1283      0.743      1.077    28.5938 0.0000e+00
      0.760      0.009     7.5400     97.538    150.580 161.473286     6.5700     0.0969     0.0426     0.0846 7.0386e+01    -0.0376      0.745      1.081    28.5963 0.0000e+00
      0.762      0.008     7.5451     97.522    150.550 161.447561     6.5700     0.0816     0.0426     0.0846 6.8366e+01     0.0530      0.747      1.083    28.5995 0.0000e+00
      0.763      0.006     7.5486     97.504    150.525 161.427991     6.5700     0.0664     0.0426     0.0846 6.9067e+01    -0.0376      0.748      1.085    28.6033 0.0000e+00
      0.765      0.005     7.5503     97.496    150.494 161.403345     6.5700     0.0702     0.0426     0.0846 6.8648e+01     0.0681      0.750      1.087    28.6071 0.0000e+00
      0.766      0.004     7.5502     97.504    150.463 161.379075     6.6600    -0.0099     0.0426     0.1692 6.7144e+01    -0.2038      0.751      1.089    28.6101 0.0000e+00
      0.767      0.002     7.5487     97.523    150.454 161.376772     6.6600     0.0244     0.0426     0.1692 6.9158e+01    -0.1283      0.752      1.091    28.6125 0.0000e+00
      0.768      0.001     7.5469     97.541    150.462 161.391814     6.6600     0.0359     0.0426     0.1692 7.0187e+01    -0.2491      0.753      1.092    28.6150 0.0000e+00
      0.768      0.000     7.5460     97.548    150.460 161.396142     6.6600    -0.0061     0.0426     0.1692 6.9716e+01    -0.2038      0.753      1.092    28.6178 0.0000e+00
      0.767     -0.001     7.5462     97.546    150.438 161.378884     6.6600     0.0855     0.0426     0.2115 7.0050e+01    -0.1887      0.752      1.091    28.6206 0.0000e+00
      0.766     -0.002     7.5473     97.542    150.417 161.363500     6.6600     0.0778     0.0426     0.2115 7.0892e+01    -0.2189      0.751      1.089    28.6231 0.0000e+00
      0.765     -0.001     7.5484     97.536    150.417 161.371944     6.6600     0.0855     0.0426     0.2115 7.2120e+01    -0.1736      0.750      1.088    28.6253 0.0000e+00
      0.764      0.000     7.5487     97.534    150.431 161.396445     6.6600     0.0626     0.0426     0.2115 7.2812e+01    -0.1585      0.750      1.087    28.6273 0.0000e+00
      0.765      0.001     7.5483     97.536    150.437 161.411469     6.6600     0.0092     0.0426     0.2115 7.1170e+01    -0.2189      0.750      1.088    28.6294 0.0000e+00
      0.766      0.002     7.5476     97.543    150.424 161.404988     6.6600     0.0282     0.0426     0.0846 7.3608e+01    -0.1736      0.751      1.089    28.6318 0.0000e+00
      0.767      0.002     7.5468     97.548    150.418 161.403336     6.6600     0.0206     0.0426     0.0846 7.3592e+01    -0.1736      0.752      1.091    28.6347 0.0000e+00
      0.768      0.002     7.5462     97.547    150.440 161.430122     6.6600     0.0244     0.0426     0.0846 7.4073e+01    -0.1736      0.753      1.092    28.6377 0.0000e+00
      0.768      0.001     7.5460     97.538    150.459 161.452405     6.6600     0.0015     0.0426     0.0846 7.3273e+01     0.0983      0.754      1.093    28.6407 0.0000e+00
      0.769      0.001     7.5462     97.523    150.443 161.434036     6.6600    -0.0061     0.0426     0.0846 7.2465e+01    -0.0829      0.754      1.093    28.6430 0.0000e+00
      0.768      0.001     7.5463     97.504    150.415 161.400180     6.6600     0.0015     0.0426     0.0846 7.1480e+01     0.1286      0.753      1.092    28.6447 0.0000e+00
      0.768      0.001     7.5461     97.486    150.422 161.397932     6.6600     0.0168     0.0426     0.0846 7.3130e+01     0.0832      0.753      1.092    28.6458 0.0000e+00
      0.768      0.001     7.5453     97.480    150.476 161.436714     6.6600     0.0664     0.0426     0.0846 7.3193e+01    -0.1434      0.753      1.092    28.6463 0.0000e+00
      0.769      0.001     7.5442     97.489    150.537 161.476757     6.6600     0.0626     0.0426     0.0846 7.3289e+01    -0.1283      0.754      1.093    28.6461 0.0000e+00
      0.770      0.002     7.5429     97.509    150.561 161.476625     6.6600     0.0855     0.0426     0.0846 7.4138e+01    -0.1887      0.755      1.094    28.6448 0.0000e+00
      0.770      0.002     7.5420     97.533    150.555 161.448309     6.6600     0.0511     0.0426     0.0846 7.4671e+01    -0.2642      0.756      1.095    28.6415 0.0000e+00
      0.771      0.003     7.5424     97.554    150.562 161.436367     6.6600     0.0893     0.0426     0.0846 7.4785e+01    -0.1585      0.756      1.096    28.6352 0.0000e+00
      0.771      0.003     7.5442     97.575    150.598 161.457658     6.6600     0.0740     0.0426     0.0846 7.4671e+01    -0.2340      0.756      1.097    28.6268 0.0000e+00
      0.772      0.002     7.5469     97.595    150.646 161.489799     6.5700     0.0778     0.0426     0.1692 7.6961e+01    -0.0980      0.757      1.098    28.6182 0.0000e+00
      0.772      0.002     7.5497     97.609    150.686 161.515304     6.5700     0.0855     0.0426     0.1692 7.6063e+01    -0.1585      0.758      1.099    28.6107 0.0000e+00
      0.773      0.002     7.5521     97.615    150.720 161.536963     6.5700     0.0473     0.0426     0.1692 7.5964e+01    -0.1736      0.759      1.100    28.6045 0.0000e+00
      0.774      0.002     7.5546     97.612    150.743 161.552534     6.5700     0.0015     0.0426     0.1692 7.6661e+01    -0.1131      0.759      1.101    28.5985 0.0000e+00
      0.775      0.002     7.5570     97.599    150.750 161.554144     6.6600     0.0206     0.0000     0.0846 7.7988e+01    -0.2189      0.760      1.102    28.5923 0.0000e+00
      0.775      0.001     7.5589     97.581    150.752 161.552243     6.6600     0.0015     0.0000     0.0846 7.6245e+01    -0.1887      0.760      1.102    28.5863 0.0000e+00
      0.775      0.001     7.5600     97.561    150.767 161.564363     6.6600     0.0664     0.0000     0.0846 7.6328e+01    -0.1736      0.760      1.102    28.5816 0.0000e+00
      0.775      0.001     7.5601     97.542    150.788 161.583715     6.6600     0.0855     0.0000     0.0846 7.7633e+01    -0.3095      0.760      1.102    28.5785 0.0000e+00
      0.775      0.000     7.5594     97.527    150.799 161.593411     6.5700     0.0664     0.0426     0.0846 7.7212e+01    -0.2189      0.760      1.103    28.5766 0.0000e+00
      0.775      0.000     7.5581     97.517    150.795 161.588019     6.5700     0.0816     0.0426     0.0846 7.7481e+01    -0.2491      0.760      1.103    28.5752 0.0000e+00
      0.775 3.0524e-07     7.5568     97.510    150.784 161.574120     6.5700     0.0855     0.0426     0.0846 7.6162e+01    -0.2189      0.760      1.103    28.5739 0.0000e+00
      0.775      0.000     7.5554     97.505    150.776 161.564041     6.5700     0.0702     0.0426     0.0846 7.7751e+01    -0.1736      0.760      1.103    28.5728 0.0000e+00
      0.775     -0.001     7.5543     97.500    150.777 161.563112     6.5700     0.0931     0.0852     0.0846 7.7785e+01    -0.1736      0.760      1.102    28.5721 0.0000e+00
      0.775     -0.001     7.5536     97.495    150.778 161.563067     6.5700     0.0893     0.0852     0.0846 7.7481e+01    -0.1887      0.760      1.102    28.5717 0.0000e+00
      0.774      0.000     7.5532     97.494    150.780 161.563895     6.5700     0.0893     0.0852     0.0846 7.6694e+01    -0.1283      0.759      1.101    28.5712 0.0000e+00
      0.774      0.000     7.5529     97.497    150.789 161.573834     6.5700     0.0778     0.0852     0.0846 7.7229e+01    -0.1283      0.759      1.101    28.5707 0.0000e+00
      0.774      0.000     7.5526     97.504    150.801 161.587516     6.5700     0.0778     0.0852     0.0846 7.8669e+01    -0.2793      0.759      1.101    28.5701 0.0000e+00
      0.774      0.000     7.5522     97.508    150.815 161.604582     6.5700     0.0740     0.0852     0.0423 7.6494e+01    -0.1736      0.759      1.101    28.5697 0.0000e+00
      0.774      0.000     7.5522     97.509    150.827 161.621565     6.5700     0.0855     0.0852     0.0423 7.7195e+01    -0.2189      0.759      1.102    28.5694 0.0000e+00
      0.775      0.000     7.5525     97.504    150.818 161.618942     6.5700     0.0702     0.0852     0.0423 7.8994e+01    -0.2340      0.760      1.102    28.5693 0.0000e+00
      0.775      0.000     7.5529     97.491    150.788 161.596013     6.5700     0.0816     0.0852     0.0423 7.7464e+01    -0.0980      0.760      1.102    28.5695 0.0000e+00
      0.775      0.001     7.5531     97.471    150.762 161.578734     6.5700     0.0664     0.0426     0.1269 7.7313e+01    -0.2944      0.760      1.102    28.5703 0.0000e+00
      0.775      0.001     7.5530     97.447    150.754 161.582541     6.5700     0.0816     0.0426     0.1269 7.8362e+01    -0.2038      0.760      1.102    28.5717 0.0000e+00
      0.775      0.001     7.5524     97.428    150.758 161.600433     6.5700     0.0855     0.0426     0.1269 7.8090e+01    -0.2038      0.760      1.102    28.5739 0.0000e+00
      0.775      0.001     7.5510     97.420    150.760 161.617138     6.5700     0.0855     0.0426     0.1269 7.8362e+01    -0.1887      0.760      1.103    28.5769 0.0000e+00
      0.776      0.001     7.5489     97.423    150.747 161.617069     6.5700     0.0626     0.0852     0.1269 7.7195e+01    -0.2340      0.761      1.103    28.5806 0.0000e+00
      0.776      0.002     7.5465     97.432    150.724 161.604217     6.5700     0.0588     0.0852     0.1269 7.7971e+01    -0.2340      0.761      1.104    28.5847 0.0000e+00
      0.776      0.002     7.5444     97.445    150.713 161.603216     6.5700     0.0855     0.0852     0.1269 7.8260e+01    -0.1585      0.761      1.104    28.5892 0.0000e+00
      0.777      0.003     7.5432     97.466    150.722 161.621816     6.5700     0.0931     0.0852     0.1269 7.8771e+01    -0.2793      0.762      1.105    28.5939 0.0000e+00
      0.777      0.003     7.5429     97.495    150.728 161.636918     6.5700     0.0702     0.0852     0.1269 7.8141e+01    -0.2491      0.762      1.106    28.5985 0.0000e+00
      0.779      0.003     7.5430     97.526    150.721 161.636513     6.5700     0.1084     0.0426     0.1692 7.8226e+01    -0.1585      0.764      1.108    28.6026 0.0000e+00
      0.780      0.003     7.5436     97.550    150.712 161.632521     6.5700     0.0511     0.0426     0.1692 7.7920e+01    -0.2189      0.765      1.109    28.6060 0.0000e+00
      0.781      0.003     7.5447     97.566    150.707 161.631895     6.5700     0.0664     0.0426     0.1692 7.8669e+01    -0.1736      0.766      1.111    28.6091 0.0000e+00
      0.782      0.003     7.5466     97.575    150.709 161.638476     6.5700     0.0855     0.0426     0.1692 7.8549e+01    -0.1736      0.767      1.112    28.6120 0.0000e+00
      0.782      0.002     7.5487     97.580    150.719 161.654019     6.5700     0.0664     0.0426     0.0423 7.7095e+01    -0.2038      0.767      1.113    28.6144 0.0000e+00
      0.783      0.002     7.5503     97.584    150.729 161.670644     6.5700     0.1084     0.0426     0.0423 7.8362e+01    -0.1434      0.768      1.113    28.6163 0.0000e+00
      0.783      0.001     7.5513     97.585    150.733 161.680759     6.5700     0.0931     0.0426     0.0423 7.8260e+01    -0.2642      0.768      1.114    28.6179 0.0000e+00
      0.784      0.001     7.5518     97.581    150.733 161.687060     6.5700     0.0816     0.0426     0.0423 7.9563e+01    -0.2642      0.768      1.114    28.6193 0.0000e+00
      0.784      0.001     7.5520     97.572    150.731 161.691228     6.5700     0.0778     0.0000     0.0846 7.8192e+01    -0.1887      0.768      1.115    28.6209 0.0000e+00
      0.784      0.000     7.5521     97.560    150.717 161.682348     6.5700     0.0740     0.0000     0.0846 7.7599e+01    -0.2340      0.769      1.115    28.6227 0.0000e+00
      0.784      0.000     7.5519     97.547    150.688 161.658054     6.5700     0.1007     0.0000     0.0846 7.9788e+01    -0.2340      0.769      1.115    28.6247 0.0000e+00
      0.784      0.000     7.5513     97.536    150.659 161.631911     6.5700     0.1045     0.0000     0.0846 7.9287e+01    -0.1736      0.769      1.115    28.6268 0.0000e+00
      0.784      0.000     7.5504     97.530    150.636 161.612981     6.5700     0.0855     0.0426     0.1692 7.7852e+01    -0.2189      0.768      1.115    28.6289 0.0000e+00
      0.784      0.000     7.5491     97.527    150.626 161.608244     6.5700     0.0702     0.0426     0.1692 7.8771e+01    -0.2038      0.768      1.115    28.6310 0.0000e+00
      0.784      0.001     7.5478     97.530    150.636 161.624454     6.5700     0.0740     0.0426     0.1692 7.9442e+01    -0.2340      0.769      1.115    28.6330 0.0000e+00
      0.784      0.001     7.5468     97.536    150.647 161.641881     6.5700     0.1007     0.0426     0.1692 7.8498e+01    -0.2038      0.769      1.115    28.6349 0.0000e+00
      0.784      0.001     7.5460     97.543    150.638 161.637113     6.5700     0.0664     0.0426     0.1692 7.8703e+01    -0.2189      0.769      1.116    28.6368 0.0000e+00
      0.784      0.001     7.5456     97.549    150.626 161.628921     6.6600     0.0740     0.0426     0.1692 7.8464e+01    -0.2642      0.769      1.116    28.6386 0.0000e+00
      0.784      0.002     7.5456     97.552    150.639 161.647190     6.6600     0.0931     0.0426     0.1692 7.9373e+01    -0.1736      0.769      1.116    28.6405 0.0000e+00
      0.785      0.002     7.5458     97.554    150.670 161.684768     6.6600     0.0702     0.0426     0.1692 7.8943e+01    -0.2038      0.770      1.116    28.6423 0.0000e+00
      0.785      0.003     7.5461     97.556    150.694 161.715595     6.6600     0.0855     0.0426     0.1692 7.8652e+01    -0.1585      0.770      1.117    28.6440 0.0000e+00
      0.786      0.003     7.5464     97.556    150.701 161.727850     6.5700     0.0702     0.0426     0.3384 7.8754e+01    -0.2038      0.771      1.118    28.6455 0.0000e+00
      0.787      0.004     7.5465     97.552    150.692 161.724801     6.5700     0.0740     0.0426     0.3384 7.9166e+01    -0.2189      0.772      1.120    28.6468 0.0000e+00
      0.788      0.005     7.5464     97.549    150.679 161.717661     6.5700     0.0740     0.0426     0.3384 7.9753e+01    -0.2038      0.773      1.121    28.6482 0.0000e+00
      0.789      0.005     7.5463     97.553    150.675 161.720561     6.5700     0.0855     0.0426     0.3384 7.9338e+01    -0.1434      0.774      1.123    28.6498 0.0000e+00
      0.791      0.005     7.5460     97.570    150.679 161.734274     6.5700     0.0702     0.0426     0.1692 7.9701e+01    -0.2038      0.775      1.125    28.6517 0.0000e+00
      0.792      0.005     7.5455     97.599    150.673 161.738405     6.5700     0.0740     0.0426     0.1692 7.9390e+01    -0.1736      0.777      1.127    28.6538 0.0000e+00
      0.794      0.005     7.5450     97.634    150.656 161.730050     6.5700     0.0816     0.0426     0.1692 7.9476e+01    -0.2491      0.778      1.129    28.6560 0.0000e+00
      0.795      0.004     7.5449     97.669    150.648 161.731031     6.5700     0.0588     0.0426     0.1692 8.0205e+01    -0.2340      0.780      1.131    28.6586 0.0000e+00
      0.796      0.003     7.5458     97.700    150.649 161.741611     6.5700     0.0931     0.0426     0.1692 8.0118e+01    -0.1434      0.781      1.133    28.6617 0.0000e+00
      0.797      0.002     7.5476     97.719    150.648 161.748578     6.5700     0.0664     0.0000     0.0846 7.8669e+01    -0.0980      0.782      1.134    28.6651 0.0000e+00
      0.797      0.001     7.5499     97.725    150.651 161.757799     6.5700     0.0778     0.0000     0.0846 8.0292e+01    -0.3246      0.782      1.134    28.6684 0.0000e+00
