Data/DataNotYetUploadedToEDI/Raw_CTD/RawDownloads/070122_fcr50_SBE19plus01908188_0001.cnv
* Sea-Bird SBE19plus  Data File:
* FileName = C:\R\Reservoirs\Data\DataNotYetUploadedToEDI\Raw_CTD\RawDownloads\070122_fcr50_SBE19plus01908188_0001.hex
* Software version 2.8.0.119
* Temperature SN = 8188
* Conductivity SN = 8188
* System UpLoad Time = Jul 10 2022 17:45:26
* <ApplicationData>
* <Seaterm232>
# nquan = 13
# nvalues = 2299                        
# units = specified
# name 0 = depFM: Depth [fresh water, m]
# name 1 = dz/dtM: Descent Rate [m/s]
# name 2 = sbeox0Mg/L: Oxygen, SBE 43 [mg/l]
# name 3 = sbeox0PS: Oxygen, SBE 43 [% saturation]
# name 4 = specc: Specific Conductance [uS/cm]
# name 5 = c0uS/cm: Conductivity [uS/cm]
# name 6 = flECO-AFL: Fluorescence, WET Labs ECO-AFL/FL [mg/m^3]
# name 7 = par/sat/log: PAR/Logarithmic, Satlantic
# name 8 = turbWETntu0: Turbidity, WET Labs ECO [NTU]
# name 9 = prdM: Pressure, Strain Gauge [db]
# name 10 = prdE: Pressure, Strain Gauge [psi]
# name 11 = tv290C: Temperature [ITS-90, deg C]
# name 12 = flag:  0.000e+00
# span 0 =     -0.627,      9.676       
# span 1 =     -0.399,      0.266       
# span 2 =    -0.0514,    13.5868       
# span 3 =     -0.453,    166.975       
# span 4 =     -0.115,    464.095       
# span 5 =  -0.124742, 334.229861       
# span 6 =    -0.0829,    10.9342       
# span 7 = 1.1588e-01, 1.9784e+03       
# span 8 =    -0.0100,     9.8120       
# span 9 =     -0.615,      9.490       
# span 10 =     -0.892,     13.764      
# span 11 =    10.4082,    29.3548      
# span 12 = 0.0000e+00, 0.0000e+00      
# interval = seconds: 0.25
# start_time = Jul 01 2022 09:16:31 [Instrument's time stamp, header]
# bad_flag = -9.990e-29
*END*
[from data line 1778]
      9.676 1.8475e-08     0.0820      0.773    458.897 330.103667    -0.0076 1.1605e-01     0.3286      9.489     13.762    10.9561 0.0000e+00
      9.676 2.0322e-07     0.0795      0.771    459.098 330.266354    -0.0051 1.1602e-01     0.3096      9.489     13.763    10.9582 0.0000e+00
      9.676 2.0322e-07     0.0868      0.758    459.292 330.424162    -0.0029 1.1603e-01     0.2991      9.489     13.763    10.9604 0.0000e+00
      9.676 1.8469e-08     0.0886      0.718    459.376 330.504800    -0.0020 1.1605e-01     0.2980      9.489     13.763    10.9624 0.0000e+00
      9.676 1.6140e-09     0.0832      0.693    459.421 330.556397    -0.0041 1.1606e-01     0.2930      9.489     13.763    10.9645 0.0000e+00
      9.676 -5.689e-10     0.0857      0.705    459.506 330.637057    -0.0083 1.1610e-01     0.2829      9.489     13.762    10.9664 0.0000e+00
      9.676 -7.923e-09     0.0858      0.717    459.605 330.726607    -0.0106 1.1617e-01     0.2772      9.489     13.763    10.9684 0.0000e+00
      9.676 -8.730e-08     0.0780      0.713    459.706 330.817196    -0.0099 1.1618e-01     0.2766      9.489     13.762    10.9705 0.0000e+00
      9.676 -9.604e-07     0.0739      0.711    459.908 330.978894    -0.0090 1.1615e-01     0.2743      9.489     13.763    10.9727 0.0000e+00
      9.676      0.000     0.0782      0.720    460.159 331.174736    -0.0097 1.1616e-01     0.2700      9.490     13.764    10.9749 0.0000e+00
      9.676      0.000     0.0801      0.742    460.267 331.267152    -0.0106 1.1619e-01     0.2677      9.489     13.763    10.9769 0.0000e+00
      9.676     -0.001     0.0779      0.765    460.258 331.274320    -0.0107 1.1616e-01     0.2703      9.489     13.763    10.9789 0.0000e+00
      9.676     -0.004     0.0783      0.768    460.222 331.261415    -0.0101 1.1608e-01     0.3028      9.489     13.763    10.9805 0.0000e+00
      9.676     -0.010     0.0782      0.742    460.187 331.248138    -0.0093 1.1604e-01     0.3639      9.489     13.763    10.9821 0.0000e+00
      9.675     -0.021     0.0820      0.727    460.176 331.250800    -0.0065 1.1601e-01     0.4141      9.488     13.761    10.9839 0.0000e+00
      9.672     -0.040     0.0847      0.735    460.224 331.293620     0.0283 1.1597e-01     0.6105      9.485     13.756    10.9852 0.0000e+00
      9.666     -0.068     0.0866      0.727    460.299 331.354899     0.4167 1.1600e-01     2.7391      9.483     13.753    10.9866 0.0000e+00
      9.650     -0.113     0.0814      0.721    460.410 331.443739     1.1290 1.1606e-01     6.6419      9.470     13.736    10.9881 0.0000e+00
      9.619     -0.176     0.0775      0.718    460.730 331.682814     1.5202 1.1606e-01     8.7728      9.435     13.684    10.9892 0.0000e+00
      9.580     -0.239     0.0834      0.701    461.135 331.985061     1.5957 1.1605e-01     8.9852      9.398     13.630    10.9900 0.0000e+00
      9.522     -0.273     0.0791      0.701    461.441 332.221171     2.0548 1.1606e-01     9.2075      9.358     13.573    10.9908 0.0000e+00
      9.417     -0.263     0.0785      0.717    461.679 332.414061     2.8903 1.1612e-01     9.5849      9.254     13.422    10.9917 0.0000e+00
      9.281     -0.219     0.0813      0.721    461.816 332.536201     3.3411 1.1619e-01     9.7899      9.084     13.177    10.9926 0.0000e+00
      9.186     -0.160     0.0754      0.727    461.878 332.601916     3.3336 1.1612e-01     9.8082      8.969     13.009    10.9936 0.0000e+00
      9.181     -0.093     0.0760      0.736    461.935 332.660608     2.7904 1.1600e-01     9.8098      8.981     13.025    10.9954 0.0000e+00
      9.231     -0.025     0.0809      0.726    461.965 332.697831     1.7867 1.1599e-01     9.8102      9.061     13.141    10.9978 0.0000e+00
      9.271      0.028     0.0787      0.711    462.056 332.777977     1.2383 1.1608e-01     9.8103      9.110     13.213    11.0005 0.0000e+00
      9.275      0.045     0.0792      0.706    462.366 333.013118     1.1902 1.1616e-01     9.8102      9.100     13.198    11.0029 0.0000e+00
      9.267      0.030     0.0830      0.711    462.825 333.348755     1.2099 1.1615e-01     9.8102      9.081     13.171    11.0047 0.0000e+00
      9.267      0.010     0.0797      0.726    463.199 333.616363     1.2524 1.1611e-01     9.8103      9.087     13.179    11.0063 0.0000e+00
      9.272      0.001     0.0775      0.736    463.438 333.782513     1.2759 1.1610e-01     9.8102      9.097     13.193    11.0080 0.0000e+00
      9.271      0.001     0.0777      0.723    463.639 333.918997     1.2843 1.1610e-01     9.8107      9.092     13.187    11.0095 0.0000e+00
      9.269      0.002     0.0774      0.698    463.809 334.033429     1.3497 1.1611e-01     9.8114      9.088     13.182    11.0100 0.0000e+00
      9.271      0.002     0.0801      0.688    463.964 334.138466     1.4691 1.1611e-01     9.8114      9.093     13.188    11.0096 0.0000e+00
      9.273      0.002     0.0823      0.698    464.095 334.229861     1.5347 1.1607e-01     9.8108      9.095     13.191    11.0090 0.0000e+00
      9.273      0.003     0.0804      0.711    464.025 334.179349     1.5405 1.1604e-01     9.8106      9.092     13.187    11.0081 0.0000e+00
      9.273      0.003     0.0757      0.712    463.116 333.527729     1.5463 1.1602e-01     9.8107      9.092     13.188    11.0071 0.0000e+00
      9.274      0.002     0.0749      0.704    456.663 328.885988     1.6256 1.1600e-01     9.8105      9.095     13.193    11.0064 0.0000e+00
      9.275      0.002     0.0768      0.707    433.337 312.094508     1.7730 1.1605e-01     9.8103      9.096     13.192    11.0060 0.0000e+00
      9.275      0.002     0.0789      0.742    390.804 281.468920     1.8525 1.1611e-01     9.8106      9.095     13.191    11.0059 0.0000e+00
      9.275      0.001     0.0791      0.792    345.482 248.833732     1.8572 1.1614e-01     9.8108      9.096     13.193    11.0064 0.0000e+00
      9.275      0.001     0.0769      0.800    311.852 224.618069     1.8406 1.1614e-01     9.8106      9.096     13.193    11.0070 0.0000e+00
      9.275      0.001     0.0766      0.772    290.885 209.522630     1.8085 1.1611e-01     9.8105      9.096     13.192    11.0079 0.0000e+00
      9.275      0.002     0.0802      0.764    279.253 201.151994     1.7905 1.1606e-01     9.8108      9.096     13.193    11.0090 0.0000e+00
      9.276      0.002     0.0901      0.779    273.973 197.357012     1.7873 1.1599e-01     9.8109      9.097     13.194    11.0099 0.0000e+00
      9.277      0.002     0.0903      0.777    272.322 196.175037     1.7662 1.1597e-01     9.8108      9.097     13.195    11.0108 0.0000e+00
      9.278      0.002     0.0832      0.750    274.310 197.613880     1.7259 1.1600e-01     9.8108      9.098     13.196    11.0121 0.0000e+00
      9.278      0.001     0.0828      0.720    281.935 203.115115     1.7033 1.1603e-01     9.8107      9.098     13.196    11.0135 0.0000e+00
      9.278      0.001     0.0871      0.704    296.206 213.404567     1.7025 1.1604e-01     9.8105      9.098     13.196    11.0149 0.0000e+00
      9.278      0.001     0.0870      0.693    319.633 230.292544     1.7163 1.1604e-01     9.8104      9.099     13.197    11.0164 0.0000e+00
      9.278      0.001     0.0825      0.676    349.442 251.780255     1.7428 1.1604e-01     9.8102      9.099     13.197    11.0176 0.0000e+00
      9.278      0.002     0.0786      0.662    367.744 264.977721     1.7576 1.1607e-01     9.8102      9.099     13.197    11.0188 0.0000e+00
      9.278      0.002     0.0770      0.652    361.409 260.414915     1.7580 1.1607e-01     9.8104      9.098     13.196    11.0203 0.0000e+00
      9.279      0.002     0.0773      0.655    339.799 244.804765     1.7447 1.1607e-01     9.8104      9.099     13.198    11.0216 0.0000e+00
      9.280      0.003     0.0736      0.664    318.305 229.224515     1.7180 1.1607e-01     9.8104      9.101     13.200    11.0233 0.0000e+00
      9.282      0.004     0.0734      0.656    301.320 216.885084     1.7010 1.1611e-01     9.8105      9.102     13.201    11.0248 0.0000e+00
      9.282      0.005     0.0709      0.657    289.534 208.321390     1.6863 1.1613e-01     9.8104      9.102     13.202    11.0272 0.0000e+00
      9.283      0.006     0.0714      0.678    297.342 213.883736     1.5429 1.1609e-01     9.8106      9.102     13.202    11.0235 0.0000e+00
      9.284      0.006     0.0748      0.676    303.588 218.341855     1.2809 1.1608e-01     9.8106      9.104     13.205    11.0042 0.0000e+00
      9.287      0.006     0.0719      0.669    262.135 188.508445     1.1387 1.1608e-01     9.8102      9.107     13.210    10.9835 0.0000e+00
      9.290      0.006     0.0705      0.703    189.740 136.432120     1.1210 1.1606e-01     9.8102      9.111     13.213    10.9710 0.0000e+00
      9.292      0.006     0.0766      0.720    122.110  87.781765     1.0631 1.1606e-01     9.8107      9.112     13.215    10.9626 0.0000e+00
      9.292      0.005     0.0761      0.704     76.526  54.970265     0.9605 1.1607e-01     9.8108      9.112     13.216    10.9572 0.0000e+00
      9.292      0.003     0.0692      0.706     59.512  42.683969     0.9065 1.1608e-01     9.8105      9.113     13.217    10.9527 0.0000e+00
      9.293      0.002     0.0796      0.725     56.082  40.159475     0.9115 1.1611e-01     9.8105      9.112     13.216    10.9495 0.0000e+00
      9.294      0.002     0.0820      0.768     54.869  39.237832     1.0190 1.1612e-01     9.8109      9.115     13.220    10.9425 0.0000e+00
      9.294      0.002     0.0754      0.889     54.547  38.969349     1.2170 1.1607e-01     9.8107      9.116     13.220    10.9121 0.0000e+00
      9.294      0.002     0.0781      1.089     54.355  38.804152     1.3240 1.1602e-01     9.8083      9.114     13.218    10.8563 0.0000e+00
      9.294      0.002     0.0804      1.348     54.279  38.726113     1.3281 1.1605e-01     9.7842      9.115     13.219    10.7970 0.0000e+00
      9.295      0.002     0.0812      1.701     54.369  38.768613     1.2697 1.1606e-01     9.5213      9.116     13.221    10.7484 0.0000e+00
      9.295      0.002     0.0948      2.135     54.408  38.777748     1.1611 1.1605e-01     9.0397      9.116     13.221    10.7147 0.0000e+00
      9.296      0.003     0.1204      2.554     54.322  38.701487     1.1014 1.1604e-01     8.7760      9.116     13.222    10.6910 0.0000e+00
      9.297      0.003     0.1455      2.942     54.087  38.521842     1.0984 1.1598e-01     8.7394      9.119     13.225    10.6701 0.0000e+00
      9.299      0.003     0.1840      3.313     53.781  38.293929     1.1294 1.1599e-01     8.5925      9.120     13.227    10.6500 0.0000e+00
      9.299      0.002     0.2399      3.622     53.721  38.241821     1.1864 1.1612e-01     8.3263      9.119     13.226    10.6326 0.0000e+00
      9.299      0.002     0.2858      3.861     53.812  38.296978     1.2176 1.1615e-01     8.1834      9.119     13.226    10.6190 0.0000e+00
      9.299      0.001     0.3260      4.037     53.714  38.217979     1.2241 1.1605e-01     8.1994      9.120     13.227    10.6079 0.0000e+00
      9.299      0.001     0.3726      4.146     53.650  38.164531     1.2628 1.1604e-01     8.5202      9.121     13.228    10.5989 0.0000e+00
      9.299      0.001     0.4056      4.235     53.601  38.123459     1.3328 1.1611e-01     9.1104      9.120     13.227    10.5908 0.0000e+00
      9.300      0.001     0.4318      4.323     53.424  37.991485     1.3716 1.1608e-01     9.4332      9.121     13.228    10.5821 0.0000e+00
      9.301      0.001     0.4531      4.363     53.332  37.919425     1.3771 1.1600e-01     9.4707      9.121     13.229    10.5731 0.0000e+00
      9.301      0.001     0.4625      4.374     53.353  37.927474     1.4064 1.1598e-01     9.5592      9.121     13.229    10.5651 0.0000e+00
      9.301      0.001     0.4697      4.388     53.400  37.953743     1.4619 1.1599e-01     9.7163      9.121     13.228    10.5594 0.0000e+00
      9.302      0.002     0.4855      4.378     53.425  37.966911     1.4924 1.1603e-01     9.8013      9.122     13.229    10.5547 0.0000e+00
      9.302      0.002     0.4873      4.342     53.410  37.951625     1.4966 1.1610e-01     9.8059      9.123     13.231    10.5482 0.0000e+00
      9.302      0.002     0.4853      4.283     53.350  37.903982     1.5123 1.1611e-01     9.7744      9.122     13.231    10.5406 0.0000e+00
      9.303      0.002     0.4917      4.213     53.204  37.796025     1.5396 1.1608e-01     9.7151      9.123     13.232    10.5341 0.0000e+00
      9.304      0.002     0.4881      4.148     53.017  37.659240     1.5536 1.1611e-01     9.6804      9.124     13.233    10.5293 0.0000e+00
      9.304      0.002     0.4858      4.093     52.939  37.600686     1.5527 1.1614e-01     9.6526      9.124     13.233    10.5257 0.0000e+00
      9.304      0.002     0.4775      4.044     52.887  37.560750     1.5414 1.1611e-01     9.3842      9.123     13.232    10.5219 0.0000e+00
      9.304      0.002     0.4693      4.004     52.731  37.446476     1.5217 1.1606e-01     8.8927      9.124     13.233    10.5175 0.0000e+00
      9.305      0.003     0.4622      3.988     52.527  37.299447     1.5112 1.1607e-01     8.6264      9.124     13.234    10.5135 0.0000e+00
      9.306      0.004     0.4558      3.981     52.392  37.201098     1.5110 1.1613e-01     8.6293      9.126     13.236    10.5102 0.0000e+00
      9.307      0.006     0.4514      3.975     52.398  37.202708     1.5183 1.1608e-01     8.9281      9.127     13.237    10.5075 0.0000e+00
      9.308      0.007     0.4447      3.991     52.470  37.251394     1.5316 1.1601e-01     9.4797      9.127     13.237    10.5049 0.0000e+00
      9.310      0.007     0.4446      4.021     52.566  37.317069     1.5391 1.1604e-01     9.7808      9.129     13.241    10.5024 0.0000e+00
      9.313      0.002     0.4447      4.021     52.575  37.321513     1.5406 1.1607e-01     9.8079      9.133     13.247    10.5004 0.0000e+00
      9.317     -0.007     0.4421      4.009     52.364  37.170062     1.5503 1.1607e-01     9.8104      9.137     13.252    10.4979 0.0000e+00
      9.318     -0.022     0.4438      4.018     52.087  36.971462     1.5673 1.1607e-01     9.8112      9.139     13.255    10.4951 0.0000e+00
      9.315     -0.040     0.4510      4.015     51.959  36.878512     1.5749 1.1603e-01     9.8114      9.139     13.254    10.4930 0.0000e+00
      9.301     -0.061     0.4495      4.010     51.933  36.856519     1.5680 1.1601e-01     9.8109      9.125     13.235    10.4911 0.0000e+00
      9.279     -0.081     0.4446      4.020     51.723  36.705547     1.4924 1.1602e-01     9.8107      9.100     13.199    10.4897 0.0000e+00
      9.253     -0.098     0.4502      4.008     51.299  36.403602     1.3549 1.1601e-01     9.8106      9.074     13.162    10.4884 0.0000e+00
      9.224     -0.107     0.4483      3.989     50.979  36.176786     1.2798 1.1600e-01     9.8101      9.048     13.123    10.4859 0.0000e+00
      9.192     -0.107     0.4455      4.004     50.906  36.123886     1.2729 1.1606e-01     9.8097      9.016     13.077    10.4822 0.0000e+00
      9.158     -0.102     0.4507      4.040     50.971  36.169139     1.2868 1.1616e-01     9.8101      8.978     13.022    10.4798 0.0000e+00
      9.129     -0.093     0.4479      4.081     50.994  36.183749     1.3145 1.1619e-01     9.8107      8.948     12.978    10.4797 0.0000e+00
      9.110     -0.081     0.4427      4.141     50.970  36.165492     1.3300 1.1612e-01     9.8107      8.934     12.957    10.4799 0.0000e+00
      9.095     -0.071     0.4461      4.206     51.046  36.218477     1.3329 1.1607e-01     9.8103      8.921     12.938    10.4790 0.0000e+00
      9.080     -0.064     0.4515      4.259     51.140  36.284211     1.3490 1.1612e-01     9.8105      8.902     12.911    10.4773 0.0000e+00
