Data/DataNotYetUploadedToEDI/Raw_CTD/RawDownloads/070124_fcr20_S7809003.cnv
* Sea-Bird SBE19plus  Data File:
* FileName = C:\R\Reservoirs\Data\DataNotYetUploadedToEDI\Raw_CTD\RawDownloads\070124_fcr50_S7809_0003.hex
* Software version 2.8.0.119
* Temperature SN = 7809
* Conductivity SN = 7809
* System UpLoad Time = Jul 01 2024 15:47:24
* <ApplicationData>
* <Seaterm232>
# nquan = 15
# nvalues = 1621                        
# units = specified
# name 0 = depFM: Depth [fresh water, m]
# name 1 = dz/dtM: Descent Rate [m/s]
# name 2 = sbeox0Mg/L: Oxygen, SBE 43 [mg/l]
# name 3 = sbeox0PS: Oxygen, SBE 43 [% saturation]
# name 4 = specc: Specific Conductance [uS/cm]
# name 5 = c0uS/cm: Conductivity [uS/cm]
# name 6 = flECO-AFL: Fluorescence, WET Labs ECO-AFL/FL [mg/m^3]
# name 7 = ph: pH
# name 8 = orp: Oxidation Reduction Potential [mV]
# name 9 = par/sat/log: PAR/Logarithmic, Satlantic
# name 10 = turbWETntu0: Turbidity, WET Labs ECO [NTU]
# name 11 = prdM: Pressure, Strain Gauge [db]
# name 12 = prdE: Pressure, Strain Gauge [psi]
# name 13 = tv290C: Temperature [ITS-90, deg C]
# name 14 = flag:  0.000e+00
# span 0 =     -0.628,      3.295       
# span 1 =     -0.360,      0.433       
# span 2 =     0.0932,    10.1888       
# span 3 =      1.025,    125.714       
# span 4 =      1.636,     98.718       
# span 5 =   1.544564,  83.222704       
# span 6 =    -0.5663,    15.8223       
# span 7 =      7.971,     10.467       
# span 8 =  -156.0120,   808.8136       
# span 9 = 2.1651e+00, 2.4420e+03       
# span 10 =    -3.0924,    29.4436      
# span 11 =     -0.616,      3.232      
# span 12 =     -0.893,      4.687      
# span 13 =    16.8660,    26.7008      
# span 14 = 0.0000e+00, 0.0000e+00      
# interval = seconds: 0.25
# start_time = Jul 01 2024 12:22:07 [Instrument's time stamp, header]
# bad_flag = -9.990e-29
*END*
[from data line 1543]
      0.348     -0.113     6.5347    100.901     43.716  44.302425     2.1080      9.312  -108.4966 1.4499e+02    14.4641      0.318      0.463    25.4907 0.0000e+00
      0.324     -0.076     6.9821    104.768     43.790  44.458080     2.1396      9.318  -106.7998 1.4707e+02    14.7847      0.302      0.438    25.4965 0.0000e+00
      0.319     -0.037     7.4894    108.306     43.675  44.399663     2.1517      9.323  -104.8072 1.4532e+02    14.8941      0.309      0.448    25.4856 0.0000e+00
      0.324     -0.003     7.9419    111.708     43.428  44.174306     2.1635      9.328  -103.0758 1.4096e+02    14.9634      0.317      0.460    25.5384 0.0000e+00
      0.332      0.017     8.2788    114.822     43.153  43.891599     2.1888      9.335  -101.7015 1.3326e+02    15.1334      0.324      0.471    25.6623 0.0000e+00
      0.342      0.027     8.5464    117.291     42.996  43.710899     2.2257      9.345  -100.2519 1.2246e+02    15.3746      0.335      0.486    25.7851 0.0000e+00
      0.352      0.028     8.8061    118.845     43.011  43.703271     2.2560      9.352   -98.0826 1.1052e+02    15.5729      0.348      0.505    25.8512 0.0000e+00
      0.359      0.027     9.0902    119.392     43.094  43.776436     2.2727      9.357   -95.0653 9.9841e+01    15.8016      0.355      0.515    25.8772 0.0000e+00
      0.364      0.025     9.3801    118.982     43.097  43.781813     2.2825      9.360   -91.9568 9.1934e+01    16.2491      0.357      0.517    25.8681 0.0000e+00
      0.368      0.023     9.6023    117.837     43.022  43.710521     2.2834      9.361   -89.5492 8.6997e+01    16.8109      0.359      0.520    25.8236 0.0000e+00
      0.374      0.020     9.7359    116.336     42.977  43.664356     2.2729      9.362   -87.7628 8.4330e+01    17.1711      0.364      0.530    25.7844 0.0000e+00
      0.381      0.018     9.7846    114.839     42.979  43.664251     2.2621      9.363   -86.0755 8.2946e+01    17.2723      0.374      0.543    25.7732 0.0000e+00
      0.387      0.018     9.7365    113.548     42.979  43.662677     2.2651      9.364   -84.3931 8.1961e+01    17.3242      0.381      0.551    25.7861 0.0000e+00
      0.390      0.019     9.6132    112.546     43.013  43.698054     2.2787      9.367   -82.9266 8.0867e+01    17.4379      0.384      0.557    25.8024 0.0000e+00
      0.392      0.022     9.4656    111.899     43.167  43.857861     2.2861      9.374   -81.7405 7.9717e+01    17.5335      0.385      0.559    25.7982 0.0000e+00
      0.394      0.029     9.3375    111.639     43.394  44.099604     2.2758      9.383   -80.9045 7.8882e+01    17.5226      0.383      0.554    25.7854 0.0000e+00
      0.399      0.035     9.2323    111.725     43.534  44.264189     2.2531      9.392   -80.6478 7.8478e+01    17.4271      0.387      0.560    25.7870 0.0000e+00
      0.411      0.037     9.1443    112.111     43.531  44.285972     2.2369      9.401   -81.0845 7.8091e+01    17.3434      0.400      0.579    25.7928 0.0000e+00
      0.428      0.030     9.0870    112.803     43.486  44.255688     2.2349      9.409   -81.8447 7.7114e+01    17.3122      0.418      0.605    25.7869 0.0000e+00
      0.446      0.012     9.0706    113.763     43.496  44.269594     2.2301      9.417   -82.2732 7.5396e+01    17.2098      0.442      0.642    25.7918 0.0000e+00
      0.456     -0.016     9.0797    114.834     43.582  44.354259     2.2066      9.424   -82.1802 7.3429e+01    16.8615      0.462      0.671    25.8278 0.0000e+00
      0.450     -0.049     9.0969    115.839     43.749  44.521528     2.1754      9.430   -81.8927 7.1849e+01    16.3564      0.457      0.662    25.8723 0.0000e+00
      0.425     -0.082     9.1474    116.688     43.984  44.767213     2.1613      9.438   -81.6012 7.0736e+01    16.0048      0.425      0.615    25.8939 0.0000e+00
      0.390     -0.107     9.2420    117.408     44.217  45.020569     2.1698      9.448   -81.2110 6.9620e+01    15.9037      0.381      0.551    25.8898 0.0000e+00
      0.353     -0.118     9.3430    118.106     44.361  45.193161     2.2055      9.461   -80.6048 6.8169e+01    15.9385      0.345      0.501    25.8764 0.0000e+00
      0.316     -0.114     9.4302    118.867     44.422  45.282101     2.2940      9.476   -79.6548 6.6202e+01    16.0800      0.312      0.454    25.8699 0.0000e+00
      0.281     -0.097     9.4983    119.700     44.454  45.335778     2.4197      9.491   -78.2831 6.3340e+01    16.3038      0.269      0.390    25.8744 0.0000e+00
      0.255     -0.075     9.5432    120.561     44.434  45.330676     2.5187      9.505   -76.7082 5.9671e+01    16.4910      0.237      0.343    25.8926 0.0000e+00
      0.241     -0.057     9.5859    121.396     44.309  45.212552     2.5720      9.514   -75.2625 5.6640e+01    16.5849      0.228      0.331    25.9296 0.0000e+00
      0.238     -0.052     9.6435    122.131     44.150  45.053016     2.6115      9.519   -74.0983 5.5831e+01    16.6176      0.228      0.332    25.9696 0.0000e+00
      0.240     -0.067     9.7109    122.674     44.108  45.005059     2.6473      9.523   -73.2204 5.7140e+01    16.6110      0.236      0.343    25.9916 0.0000e+00
      0.238     -0.099     9.7801    122.961     44.215  45.111345     2.6658      9.528   -72.3914 5.9686e+01    16.5949      0.246      0.356    26.0035 0.0000e+00
      0.218     -0.140     9.8485    122.987     44.372  45.282504     2.6646      9.534   -71.3106 6.3124e+01    16.6798      0.236      0.343    26.0205 0.0000e+00
      0.171     -0.174     9.9149    122.832     44.476  45.419816     2.6395      9.541   -70.0979 6.7922e+01    16.9786      0.190      0.277    26.0277 0.0000e+00
      0.098     -0.193     9.9651    122.627     44.497  45.488592     2.5885      9.549   -69.0754 7.4809e+01    17.3846      0.107      0.155    26.0103 0.0000e+00
      0.018     -0.195     9.9926    122.446     44.473  45.513368     2.5330      9.560   -68.2862 8.1336e+01    17.6373      0.001      0.003    25.9931 0.0000e+00
     -0.044     -0.186     9.9903    122.258     44.452  45.533030     2.4779      9.574   -67.5127 8.3356e+01    17.6266     -0.077     -0.113    26.0004 0.0000e+00
     -0.076     -0.176     9.9574    122.012     44.445  45.558008     2.3989      9.589   -66.5427 8.3613e+01    17.4025     -0.089     -0.130    26.0396 0.0000e+00
     -0.091     -0.176     9.9232    121.733     44.436  45.577066     2.3077      9.603   -65.4024 8.9308e+01    17.0962     -0.075     -0.108    26.1066 0.0000e+00
     -0.115     -0.190     9.9010    121.476     44.425  45.596568     2.2472      9.611   -64.2299 1.0190e+02    16.8708     -0.096     -0.138    26.1731 0.0000e+00
     -0.162     -0.213     9.8860    121.226     44.403  45.623517     2.2057      9.615   -63.0394 1.2106e+02    16.7207     -0.144     -0.207    26.2184 0.0000e+00
     -0.232     -0.231     9.8570    120.869     44.330  45.623373     2.1360      9.619   -61.9010 1.6731e+02    16.5128     -0.208     -0.302    26.2474 0.0000e+00
     -0.321     -0.232     9.8200    120.234     44.174  45.549639     2.0491      9.627   -60.8730 3.6942e+02    16.2663     -0.311     -0.452    26.2785 0.0000e+00
     -0.408     -0.213     9.7994    119.172     43.937  45.374956     1.9998      9.638   -59.7191 9.1458e+02    16.1283     -0.424     -0.615    26.3013 0.0000e+00
     -0.468     -0.183     9.7782    117.648     43.597  45.059547     2.0155      9.651   -58.5926 1.6758e+03    16.1468     -0.492     -0.714    26.3323 0.0000e+00
     -0.493     -0.150     9.7437    115.760     42.827  44.269394     2.1709      9.664   -58.4136 2.2320e+03    16.3479     -0.500     -0.725    26.4365 0.0000e+00
     -0.498     -0.120     9.6804    113.662     39.692  41.017692     2.6052      9.674   -59.4295 2.4289e+03    16.8581     -0.481     -0.697    26.5729 0.0000e+00
     -0.510     -0.098     9.5808    111.483     31.385  32.422708     3.2159      9.686   -60.5570 2.4420e+03    17.5547     -0.477     -0.692    26.6631 0.0000e+00
     -0.540     -0.086     9.4467    109.461     19.642  20.283808     3.6457      9.699   -60.7435 2.4193e+03    17.8376     -0.517     -0.751    26.7008 0.0000e+00
     -0.579     -0.080     9.2825    108.170     10.591  10.929952     3.7051      9.713   -59.8648 2.3953e+03    16.2417     -0.582     -0.844    26.6919 0.0000e+00
     -0.609     -0.071     9.1139    108.238      6.911   7.121208     3.4470      9.725   -58.2525 2.3638e+03    11.0331     -0.614     -0.891    26.6601 0.0000e+00
     -0.623     -0.055     8.9462    109.687      6.605   6.791886     3.0550      9.735   -55.9548 2.3310e+03     3.6774     -0.615     -0.892    26.6316 0.0000e+00
     -0.627     -0.035     8.7520    111.845      8.301   8.518856     2.7544      9.744   -53.1148 2.3195e+03    -1.5499     -0.614     -0.891    26.6108 0.0000e+00
     -0.627     -0.017     8.5858    113.929     12.837  13.151420     2.4947      9.752   -50.6317 2.3191e+03    -3.0924     -0.615     -0.892    26.5767 0.0000e+00
     -0.627     -0.006     8.5995    115.459     20.358  20.837010     2.0018      9.759   -49.3659 2.2296e+03    -2.4969     -0.615     -0.891    26.5060 0.0000e+00
     -0.627     -0.001     8.7945    116.138     28.633  29.294852     1.3302      9.764   -49.2509 1.9616e+03    -1.2559     -0.615     -0.892    26.4196 0.0000e+00
     -0.627 -1.107e-09     9.0352    115.556     33.997  34.778879     0.8446      9.765   -49.6451 1.6191e+03    -0.2894     -0.615     -0.892    26.3392 0.0000e+00
     -0.627 -1.217e-08     9.2349    113.181     32.799  33.555491     0.6203      9.763   -49.9010 1.3844e+03     0.2392     -0.615     -0.892    26.2617 0.0000e+00
     -0.627 -1.339e-07     9.3769    108.724     25.400  25.988096     0.4255      9.756   -49.3942 1.2944e+03     0.8460     -0.615     -0.892    26.1876 0.0000e+00
     -0.627 -1.380e-07     9.4626    102.578     16.950  17.340733     0.1842      9.741   -47.8805 1.1409e+03     1.6458     -0.615     -0.892    26.1364 0.0000e+00
     -0.627 -1.695e-08     9.4547     95.754     11.128  11.380842     0.0152      9.718   -45.9868 7.4143e+02     2.2685     -0.616     -0.893    26.1336 0.0000e+00
     -0.627 -1.943e-09     9.2937     89.325      7.733   7.906631    -0.0380      9.692   -44.4298 3.3068e+02     2.7069     -0.615     -0.892    26.1540 0.0000e+00
     -0.628 -2.131e-10     8.9113     83.967      5.817   5.945395    -0.0431      9.669   -43.2462 1.9458e+02     3.3434     -0.616     -0.893    26.1559 0.0000e+00
     -0.628 -2.269e-11     8.3366     79.951      4.915   5.021361    -0.0451      9.652   -42.2691 2.8332e+02     4.1735     -0.616     -0.893    26.1400 0.0000e+00
     -0.627 -2.365e-12     7.7152     77.328      4.556   4.653169    -0.0453      9.640   -41.4591 5.2696e+02     4.7604     -0.615     -0.892    26.1187 0.0000e+00
     -0.627 -2.424e-13     7.1630     76.013      4.346   4.436421    -0.0477      9.633   -40.7621 9.4517e+02     4.9349     -0.615     -0.892    26.1002 0.0000e+00
     -0.627 -2.453e-14     6.7233     75.772      4.141   4.226831    -0.0589      9.628   -40.1706 1.3864e+03     4.9125     -0.615     -0.891    26.0862 0.0000e+00
     -0.627 -2.456e-15     6.3980     76.235      3.944   4.024337    -0.0713      9.625   -39.7091 1.7220e+03     4.8875     -0.615     -0.892    26.0714 0.0000e+00
     -0.628 -2.439e-16     6.1895     77.015      3.797   3.872451    -0.0708      9.625   -39.2947 1.9128e+03     4.9123     -0.616     -0.893    26.0549 0.0000e+00
     -0.628 -2.405e-17     6.0989     77.841      3.747   3.819517    -0.0591      9.626   -38.8053 1.6658e+03     4.9652     -0.616     -0.893    26.0380 0.0000e+00
     -0.628 -2.356e-18     6.1044     78.587      3.746   3.816750    -0.0528      9.628   -38.2333 9.7406e+02     4.9835     -0.616     -0.893    26.0207 0.0000e+00
     -0.627 -2.297e-19     6.1708     79.207      3.682   3.750552    -0.0564      9.629   -37.7139 3.9578e+02     4.9413     -0.615     -0.892    26.0021 0.0000e+00
     -0.627 -2.250e-20     6.2527     79.648      3.556   3.621449    -0.0586      9.630   -37.3863 1.9026e+02     4.8862     -0.615     -0.892    25.9827 0.0000e+00
     -0.627 -4.308e-21     6.3243     79.814      3.490   3.553637    -0.0578      9.630   -37.2811 1.6559e+02     4.8646     -0.616     -0.893    25.9638 0.0000e+00
     -0.627 -9.990e-29     6.3904 -9.990e-29 -9.990e-29 -9.990e-29 -9.990e-29 -9.990e-29 -9.990e-29 1.9625e+02 -9.990e-29     -0.615     -0.892    25.9438 0.0000e+00
     -0.628 -9.990e-29     6.4419 -9.990e-29 -9.990e-29 -9.990e-29 -9.990e-29 -9.990e-29 -9.990e-29 3.7891e+02 -9.990e-29     -0.616     -0.893    25.9252 0.0000e+00
     -0.628 -9.990e-29     6.4876 -9.990e-29 -9.990e-29 -9.990e-29 -9.990e-29 -9.990e-29 -9.990e-29 7.7373e+02 -9.990e-29     -0.616     -0.893    25.9029 0.0000e+00
     -0.628 -9.990e-29     6.5147 -9.990e-29 -9.990e-29 -9.990e-29 -9.990e-29 -9.990e-29 -9.990e-29 1.0141e+03 -9.990e-29     -0.616     -0.893    25.8885 0.0000e+00
