Data/DataNotYetUploadedToEDI/Raw_CTD/RawDownloads/070124_fcr50_S8188005.cnv
* Sea-Bird SBE19plus  Data File:
* FileName = C:\R\Reservoirs\Data\DataNotYetUploadedToEDI\Raw_CTD\RawDownloads\062424_bvr50_S8188_0005.hex
* Software version 2.8.0.119
* Temperature SN = 8188
* Conductivity SN = 8188
* System UpLoad Time = Jul 02 2024 12:05:29
* <ApplicationData>
* <Seaterm232>
# nquan = 16
# nvalues = 2715                        
# units = specified
# name 0 = depFM: Depth [fresh water, m]
# name 1 = dz/dtM: Descent Rate [m/s]
# name 2 = sbeox0Mg/L: Oxygen, SBE 43 [mg/l]
# name 3 = sbeox0PS: Oxygen, SBE 43 [% saturation]
# name 4 = specc: Specific Conductance [uS/cm]
# name 5 = c0uS/cm: Conductivity [uS/cm]
# name 6 = wetCDOM: Fluorescence, WET Labs CDOM [mg/m^3]
# name 7 = flECO-AFL: Fluorescence, WET Labs ECO-AFL/FL [mg/m^3]
# name 8 = flECO-AFL1: Fluorescence, WET Labs ECO-AFL/FL, 2 [mg/m^3]
# name 9 = flECO-AFL2: Fluorescence, WET Labs ECO-AFL/FL, 3 [mg/m^3]
# name 10 = par/sat/log: PAR/Logarithmic, Satlantic
# name 11 = turbWETntu0: Turbidity, WET Labs ECO [NTU]
# name 12 = prdM: Pressure, Strain Gauge [db]
# name 13 = prdE: Pressure, Strain Gauge [psi]
# name 14 = tv290C: Temperature [ITS-90, deg C]
# name 15 = flag:  0.000e+00
# span 0 =     -0.625,      9.415       
# span 1 =     -0.261,      0.108       
# span 2 =     0.1204,    13.0694       
# span 3 =      1.171,    165.513       
# span 4 =     -0.052,    265.246       
# span 5 =  -0.050711, 194.795700       
# span 6 =    -9.9900,   367.2000       
# span 7 =    -1.7571,   245.1492       
# span 8 =    -4.8138,    44.9004       
# span 9 =    -9.1368,    16.5393       
# span 10 = 1.1582e-01, 3.7991e+03      
# span 11 =    -8.2404,   971.0038      
# span 12 =     -0.612,      9.233      
# span 13 =     -0.888,     13.391      
# span 14 =    11.6786,    27.5718      
# span 15 = 0.0000e+00, 0.0000e+00      
# interval = seconds: 0.25
# start_time = Jul 01 2024 11:35:17 [Instrument's time stamp, header]
# bad_flag = -9.990e-29
*END*
[from data line 633]
     -0.037 -1.053e-09    11.1010    140.918     47.736  50.179677    38.1600     1.8021     0.2982    16.0317 2.0460e+03    17.4707     -0.036     -0.052    27.5520 0.0000e+00
     -0.037 -1.354e-09    11.1019    141.044     47.734  50.177924    38.1600     1.8097     0.2982    16.0317 1.9834e+03    17.8333     -0.036     -0.052    27.5521 0.0000e+00
     -0.037 -1.741e-09    11.1041    141.152     47.737  50.181870    38.0700     1.8097     0.3408    15.8625 1.2556e+03    17.7275     -0.036     -0.052    27.5522 0.0000e+00
     -0.037 -2.238e-09    11.1087    141.211     47.751  50.196553    38.0700     1.8135     0.3408    15.8625 2.0675e+03    17.7427     -0.036     -0.052    27.5525 0.0000e+00
     -0.037 -2.878e-09    11.1167    141.204     47.775  50.221902    38.0700     1.7983     0.3408    15.8625 2.1848e+03    17.6671     -0.036     -0.052    27.5530 0.0000e+00
     -0.037 -3.700e-09    11.1265    141.124     47.789  50.236768    38.0700     1.8326     0.3408    15.8625 1.9223e+03    17.9541     -0.036     -0.052    27.5535 0.0000e+00
     -0.037 -4.758e-09    11.1349    140.958     47.786  50.233156    38.0700     1.8212     0.3408    15.8625 1.9620e+03    17.9995     -0.036     -0.052    27.5540 0.0000e+00
     -0.037 -6.117e-09    11.1395    140.716     47.776  50.222061    38.0700     1.8326     0.2982    15.5664 1.9671e+03    17.9541     -0.036     -0.052    27.5544 0.0000e+00
     -0.037 -7.864e-09    11.1389    140.452     47.763  50.208501    38.0700     1.8288     0.2982    15.5664 2.2420e+03    17.9995     -0.036     -0.052    27.5546 0.0000e+00
     -0.037 -1.011e-08    11.1326    140.247     47.757  50.200819    38.0700     1.8135     0.2982    15.5664 2.0349e+03    17.9541     -0.036     -0.052    27.5545 0.0000e+00
     -0.037 -1.300e-08    11.1196    140.167     47.769  50.212913    38.0700     1.8135     0.2982    15.5664 1.9257e+03    17.9995     -0.036     -0.052    27.5542 0.0000e+00
     -0.037 -1.671e-08    11.1005    140.226     47.774  50.218108    38.2500     1.8250     0.2982    15.5664 1.9942e+03    17.9844     -0.036     -0.052    27.5537 0.0000e+00
     -0.037 -2.149e-08    11.0798    140.396     47.746  50.187887    38.2500     1.8441     0.2982    15.5664 1.5953e+03    17.9693     -0.036     -0.052    27.5531 0.0000e+00
     -0.037 -2.763e-08    11.0639    140.637     47.716  50.156053    38.2500     1.8097     0.2982    15.5664 1.9778e+03    18.2563     -0.036     -0.052    27.5524 0.0000e+00
     -0.037 -3.553e-08    11.0576    140.910     47.701  50.140032    38.2500     1.8059     0.2982    15.5664 1.8647e+03    18.3922     -0.036     -0.052    27.5517 0.0000e+00
     -0.037 -4.568e-08    11.0624    141.182     47.687  50.125586    38.7000     1.7868     0.2556    15.5241 2.1720e+03    18.0901     -0.036     -0.052    27.5511 0.0000e+00
     -0.037 -5.873e-08    11.0759    141.408     47.688  50.126802    38.7000     1.8517     0.2556    15.5241 1.9804e+03    18.1354     -0.036     -0.052    27.5504 0.0000e+00
     -0.037 -7.550e-08    11.0951    141.552     47.702  50.142011    38.7000     1.7640     0.2556    15.5241 2.0540e+03    18.5433     -0.036     -0.052    27.5498 0.0000e+00
     -0.037 -9.708e-08    11.1167    141.612     47.713  50.153342    38.7000     1.7411     0.2556    15.5241 1.9667e+03    18.5282     -0.036     -0.052    27.5495 0.0000e+00
     -0.037 -1.248e-07    11.1381    141.610     47.714  50.155842    38.1600     1.7868     0.3408    15.6933 1.9624e+03    18.5584     -0.036     -0.052    27.5497 0.0000e+00
     -0.037 -1.605e-07    11.1558    141.563     47.701  50.142204    38.1600     1.7411     0.3408    15.6933 2.0960e+03    18.5131     -0.036     -0.052    27.5502 0.0000e+00
     -0.037 -2.063e-07    11.1671    141.472     47.673  50.112778    38.1600     1.7601     0.3408    15.6933 2.0540e+03    18.4527     -0.036     -0.052    27.5507 0.0000e+00
     -0.037 -2.653e-07    11.1718    141.323     47.654  50.093606    38.1600     1.7487     0.3408    15.6933 1.9514e+03    18.4224     -0.036     -0.052    27.5511 0.0000e+00
     -0.037 -3.411e-07    11.1715    141.103     47.673  50.113464    38.1600     1.7487     0.3408    15.6933 1.7979e+03    18.4073     -0.036     -0.052    27.5516 0.0000e+00
     -0.037 -4.385e-07    11.1677    140.828     47.720  50.163694    38.3400     1.7258     0.3408    15.3549 2.0003e+03    18.4829     -0.036     -0.052    27.5520 0.0000e+00
     -0.037 -4.382e-07    11.1604    140.549     47.762  50.207853    38.3400     1.7792     0.3408    15.3549 1.8978e+03    18.4829     -0.036     -0.052    27.5524 0.0000e+00
     -0.037 -3.401e-07    11.1486    140.315     47.778  50.225823    38.3400     1.8097     0.3408    15.3549 1.9852e+03    18.4224     -0.036     -0.052    27.5528 0.0000e+00
     -0.037 -2.636e-07    11.1312    140.151     47.779  50.226381    38.3400     1.7983     0.3408    15.3549 1.7331e+03    18.4224     -0.036     -0.052    27.5532 0.0000e+00
     -0.037 -2.039e-07    11.1094    140.076     47.766  50.213664    37.7100     1.8212     0.2982    16.0317 1.8950e+03    18.4678     -0.036     -0.052    27.5535 0.0000e+00
     -0.037 -1.570e-07    11.0873    140.115     47.742  50.188267    37.7100     1.8212     0.2982    16.0317 1.6226e+03    18.7548     -0.036     -0.052    27.5539 0.0000e+00
     -0.037 -1.202e-07    11.0688    140.254     47.714  50.159367    37.7100     1.8135     0.2982    16.0317 2.1088e+03    18.7095     -0.036     -0.052    27.5544 0.0000e+00
     -0.037 -9.102e-08    11.0557    140.439     47.694  50.139191    37.7100     1.8021     0.2982    16.0317 1.6881e+03    18.6793     -0.036     -0.052    27.5548 0.0000e+00
     -0.037 -6.760e-08    11.0498    140.606     47.701  50.146279    37.5300     1.8250     0.2982    16.0317 1.8187e+03    18.7699     -0.036     -0.052    27.5552 0.0000e+00
     -0.037 -4.847e-08    11.0528    140.706     47.735  50.182522    37.5300     1.8021     0.2982    16.0317 1.9090e+03    19.6612     -0.036     -0.052    27.5556 0.0000e+00
     -0.037 -3.242e-08    11.0637    140.730     47.776  50.225691    37.5300     1.8174     0.2982    16.0317 1.8647e+03    19.6612     -0.036     -0.052    27.5559 0.0000e+00
     -0.037 -1.842e-08    11.0782    140.721     47.804  50.255400    37.5300     1.8174     0.2982    16.0317 1.9770e+03    19.6763     -0.036     -0.052    27.5561 0.0000e+00
     -0.037 -5.590e-09    11.0913    140.739     47.812  50.263625    37.8000     1.8364     0.3408    16.1163 2.0279e+03    19.7216     -0.036     -0.052    27.5564 0.0000e+00
     -0.037 6.8825e-09    11.0992    140.807     47.805  50.256545    37.8000     1.8746     0.3408    16.1163 1.8929e+03    20.4467     -0.036     -0.052    27.5566 0.0000e+00
     -0.037 1.9792e-08    11.1010    140.907     47.797  50.248220    37.8000     1.8746     0.3408    16.1163 1.8851e+03    20.5071     -0.036     -0.052    27.5569 0.0000e+00
     -0.037 3.3958e-08    11.1003    141.020     47.793  50.244405    37.8000     1.8822     0.3408    16.1163 1.8720e+03    20.4618     -0.036     -0.052    27.5571 0.0000e+00
     -0.037 5.0280e-08    11.1017    141.127     47.784  50.236108    37.8000     1.8670     0.3408    16.1163 1.9658e+03    20.4014     -0.036     -0.052    27.5574 0.0000e+00
     -0.037 6.9795e-08    11.1069    141.215     47.766  50.217130    38.3400     1.8097     0.3408    16.3278 2.1900e+03    20.1748     -0.036     -0.052    27.5577 0.0000e+00
     -0.037 9.1989e-08    11.1148    141.264     47.744  50.194371    38.3400     1.8059     0.3408    16.3278 1.9278e+03    20.1144     -0.036     -0.052    27.5581 0.0000e+00
     -0.037 1.1827e-07    11.1235    141.256     47.723  50.173723    38.3400     1.8059     0.3408    16.3278 1.7117e+03    20.1748     -0.036     -0.052    27.5585 0.0000e+00
     -0.036 1.5206e-07    11.1319    141.195     47.696  50.145693    38.3400     1.8059     0.3408    16.3278 1.8814e+03    20.1295     -0.036     -0.052    27.5591 0.0000e+00
     -0.036 1.9551e-07    11.1388    141.112     47.659  50.106792    38.1600     1.8059     0.2982    16.0317 2.3734e+03    19.7216     -0.036     -0.052    27.5597 0.0000e+00
     -0.036 2.5137e-07    11.1425    141.042     47.628  50.074556    38.1600     1.8174     0.2982    16.0317 1.9688e+03    19.5856     -0.036     -0.052    27.5604 0.0000e+00
     -0.037 3.2319e-07    11.1417    141.006     47.607  50.052350    38.1600     1.8212     0.2982    16.0317 2.0372e+03    19.6310     -0.036     -0.052    27.5610 0.0000e+00
     -0.037 4.1553e-07    11.1368    141.009     47.591  50.034251    38.1600     1.7945     0.2982    16.0317 1.8921e+03    19.6159     -0.036     -0.052    27.5615 0.0000e+00
     -0.037 5.3425e-07    11.1302    141.042     47.581  50.023407    38.1600     1.8288     0.2982    15.4818 1.9641e+03    20.1144     -0.036     -0.052    27.5618 0.0000e+00
     -0.037 6.8690e-07    11.1247    141.086     47.587  50.028887    38.1600     1.8021     0.2982    15.4818 1.9459e+03    20.1899     -0.036     -0.052    27.5617 0.0000e+00
     -0.037 8.8315e-07    11.1219    141.131     47.606  50.048165    38.1600     1.8174     0.2982    15.4818 1.9675e+03    20.1748     -0.036     -0.052    27.5614 0.0000e+00
     -0.037      0.000    11.1223    141.178     47.616  50.058474    38.1600     1.8288     0.2982    15.4818 2.0896e+03    20.1597     -0.036     -0.052    27.5607 0.0000e+00
     -0.037      0.000    11.1250    141.215     47.618  50.060569    38.1600     1.8097     0.2982    15.4818 1.8937e+03    20.9754     -0.036     -0.052    27.5600 0.0000e+00
     -0.037      0.000    11.1286    141.208     47.633  50.076937    37.7100     1.8135     0.2982    15.4818 2.3093e+03    20.8697     -0.036     -0.052    27.5594 0.0000e+00
     -0.037      0.000    11.1323    141.132     47.664  50.109949    37.7100     1.8135     0.2982    15.4818 2.0372e+03    20.8999     -0.036     -0.052    27.5590 0.0000e+00
     -0.037      0.000    11.1360    141.003     47.687  50.134521    37.7100     1.8059     0.2982    15.4818 2.0047e+03    20.8848     -0.036     -0.052    27.5587 0.0000e+00
     -0.037      0.000    11.1389    140.871     47.677  50.125307    37.7100     1.8135     0.2982    15.4818 1.9740e+03    20.6582     -0.036     -0.052    27.5587 0.0000e+00
     -0.037      0.000    11.1383    140.773     47.652  50.099787    37.6200     1.7945     0.2982    15.8202 1.7696e+03    20.5373     -0.036     -0.052    27.5589 0.0000e+00
     -0.037      0.000    11.1323    140.709     47.649  50.097006    37.6200     1.8364     0.2982    15.8202 1.9877e+03    20.6884     -0.036     -0.052    27.5594 0.0000e+00
     -0.037      0.000    11.1220    140.668     47.666  50.114227    37.6200     1.7868     0.2982    15.8202 2.4208e+03    20.7186     -0.036     -0.052    27.5601 0.0000e+00
     -0.037      0.000    11.1114    140.654     47.681  50.130128    37.6200     1.8097     0.2982    15.8202 2.0643e+03    20.8697     -0.036     -0.052    27.5609 0.0000e+00
     -0.037      0.000    11.1035    140.672     47.686  50.134996    37.8000     1.7907     0.2982    15.5664 1.7527e+03    20.8848     -0.036     -0.052    27.5616 0.0000e+00
     -0.036      0.000    11.0983    140.724     47.667  50.114179    37.8000     1.8135     0.2982    15.5664 1.9869e+03    20.9754     -0.036     -0.052    27.5621 0.0000e+00
     -0.036      0.000    11.0951    140.798     47.646  50.092030    37.8000     1.8135     0.2982    15.5664 2.1411e+03    20.9301     -0.036     -0.052    27.5622 0.0000e+00
     -0.036      0.000    11.0940    140.870     47.655  50.100517    37.8000     1.8059     0.2982    15.5664 1.8151e+03    20.7035     -0.036     -0.052    27.5621 0.0000e+00
     -0.036      0.000    11.0955    140.913     47.675  50.119977    37.7100     1.8097     0.3408    15.9048 1.8418e+03    20.7337     -0.036     -0.052    27.5616 0.0000e+00
     -0.036      0.000    11.0998    140.910     47.682  50.125695    37.7100     1.8059     0.3408    15.9048 1.8769e+03    20.6280     -0.036     -0.052    27.5608 0.0000e+00
     -0.036      0.000    11.1058    140.860     47.673  50.115210    37.7100     1.8021     0.3408    15.9048 2.1083e+03    20.5222     -0.036     -0.052    27.5599 0.0000e+00
     -0.036      0.000    11.1117    140.793     47.671  50.111641    37.7100     1.8593     0.3408    15.9048 1.8227e+03    20.2956     -0.036     -0.051    27.5588 0.0000e+00
     -0.036      0.000    11.1154    140.738     47.680  50.120017    37.7100     1.8822     0.3408    15.9048 1.8037e+03    20.3259     -0.036     -0.051    27.5575 0.0000e+00
     -0.036      0.000    11.1154    140.711     47.684  50.124628    37.2600     1.8593     0.2982    15.6933 2.0274e+03    20.4618     -0.035     -0.051    27.5560 0.0000e+00
     -0.036      0.000    11.1118    140.719     47.686  50.128699    37.2600     1.8822     0.2982    15.6933 1.9349e+03    20.4014     -0.035     -0.051    27.5544 0.0000e+00
     -0.036      0.000    11.1067    140.766     47.678  50.121355    37.2600     1.8631     0.2982    15.6933 1.8128e+03    20.3863     -0.036     -0.051    27.5531 0.0000e+00
     -0.036      0.000    11.1025    140.845     47.661  50.104624    37.2600     1.8746     0.2982    15.6933 1.8578e+03    20.4618     -0.036     -0.051    27.5526 0.0000e+00
     -0.036      0.000    11.1003    140.923     47.649  50.093980    37.5300     1.8708     0.3408    15.1011 1.9119e+03    20.2956     -0.035     -0.051    27.5529 0.0000e+00
     -0.036      0.000    11.1007    140.957     47.647  50.092564    37.5300     1.8708     0.3408    15.1011 1.7436e+03    20.4014     -0.035     -0.050    27.5542 0.0000e+00
     -0.035      0.001    11.1041    140.939     47.667  50.113953    37.5300     1.8708     0.3408    15.1011 2.1152e+03    19.3893     -0.035     -0.050    27.5558 0.0000e+00
     -0.035      0.001    11.1100    140.901     47.697  50.145910    37.5300     1.8631     0.3408    15.1011 1.9735e+03    19.3893     -0.035     -0.050    27.5573 0.0000e+00
     -0.035      0.001    11.1159    140.871     47.705  50.155094    37.5300     1.8708     0.2982    15.0165 1.8643e+03    19.3590     -0.034     -0.050    27.5585 0.0000e+00
     -0.035      0.001    11.1184    140.843     47.690  50.139967    37.5300     1.8975     0.2982    15.0165 1.5222e+03    19.4799     -0.034     -0.049    27.5596 0.0000e+00
     -0.035      0.002    11.1168    140.795     47.667  50.116431    37.5300     1.7868     0.2982    15.0165 1.9808e+03    18.9814     -0.034     -0.049    27.5606 0.0000e+00
     -0.034      0.002    11.1137    140.719     47.652  50.100136    37.5300     1.7945     0.2982    15.0165 1.5936e+03    18.8001     -0.033     -0.048    27.5613 0.0000e+00
     -0.034      0.003    11.1112    140.626     47.654  50.100692    37.2600     1.8097     0.3408    15.1434 2.0257e+03    19.0116     -0.033     -0.048    27.5620 0.0000e+00
     -0.033      0.004    11.1089    140.551     47.669  50.116253    37.2600     1.7830     0.3408    15.1434 2.0042e+03    18.9512     -0.032     -0.047    27.5623 0.0000e+00
     -0.032      0.005    11.1051    140.529     47.696  50.144989    37.2600     1.8708     0.3408    15.1434 1.8530e+03    19.2835     -0.031     -0.045    27.5623 0.0000e+00
     -0.031      0.006    11.0992    140.561     47.717  50.166654    37.2600     1.8784     0.3408    15.1434 1.8522e+03    19.2382     -0.030     -0.044    27.5617 0.0000e+00
     -0.029      0.008    11.0920    140.618     47.713  50.163103    37.2600     1.8555     0.3408    15.1434 1.8342e+03    19.1778     -0.029     -0.041    27.5610 0.0000e+00
     -0.027      0.010    11.0862    140.675     47.700  50.149337    37.6200     1.8631     0.3834    15.3549 1.9817e+03    19.2231     -0.027     -0.039    27.5605 0.0000e+00
     -0.025      0.012    11.0846    140.718     47.687  50.137634    37.6200     1.8593     0.3834    15.3549 2.0051e+03    19.3590     -0.024     -0.035    27.5602 0.0000e+00
