Data/DataNotYetUploadedToEDI/Raw_CTD/RawDownloads/070124_fcr40_S7809005.cnv
* Sea-Bird SBE19plus  Data File:
* FileName = C:\R\Reservoirs\Data\DataNotYetUploadedToEDI\Raw_CTD\RawDownloads\070124_fcr50_S7809_0005.hex
* Software version 2.8.0.119
* Temperature SN = 7809
* Conductivity SN = 7809
* System UpLoad Time = Jul 01 2024 15:48:41
* <ApplicationData>
* <Seaterm232>
# nquan = 15
# nvalues = 1528                        
# units = specified
# name 0 = depFM: Depth [fresh water, m]
# name 1 = dz/dtM: Descent Rate [m/s]
# name 2 = sbeox0Mg/L: Oxygen, SBE 43 [mg/l]
# name 3 = sbeox0PS: Oxygen, SBE 43 [% saturation]
# name 4 = specc: Specific Conductance [uS/cm]
# name 5 = c0uS/cm: Conductivity [uS/cm]
# name 6 = flECO-AFL: Fluorescence, WET Labs ECO-AFL/FL [mg/m^3]
# name 7 = ph: pH
# name 8 = orp: Oxidation Reduction Potential [mV]
# name 9 = par/sat/log: PAR/Logarithmic, Satlantic
# name 10 = turbWETntu0: Turbidity, WET Labs ECO [NTU]
# name 11 = prdM: Pressure, Strain Gauge [db]
# name 12 = prdE: Pressure, Strain Gauge [psi]
# name 13 = tv290C: Temperature [ITS-90, deg C]
# name 14 = flag:  0.000e+00
# span 0 =     -0.632,      6.043       
# span 1 =     -0.381,      0.174       
# span 2 =     0.1132,    12.5424       
# span 3 =      1.338,    156.592       
# span 4 =      1.441,     64.322       
# span 5 =   1.344578,  52.568842       
# span 6 =    -1.3655,     4.5884       
# span 7 =      9.605,     10.951       
# span 8 =   -81.3328,   120.9334       
# span 9 = 1.2362e-01, 2.7074e+03       
# span 10 =    -0.3488,   230.4896      
# span 11 =     -0.622,      5.926      
# span 12 =     -0.899,      8.595      
# span 13 =    11.6816,    27.3176      
# span 14 = 0.0000e+00, 0.0000e+00      
# interval = seconds: 0.25
# start_time = Jul 01 2024 12:50:56 [Instrument's time stamp, header]
# bad_flag = -9.990e-29
*END*
[from data line 675]
      0.266      0.001    11.4331    143.824     49.204  51.458558     3.3461     10.919    55.1584 1.2108e+02    18.6890      0.261      0.378    27.2688 0.0000e+00
      0.266      0.001    11.4221    143.797     49.233  51.488862     3.3979     10.919    55.0914 1.2122e+02    19.0080      0.261      0.378    27.2703 0.0000e+00
      0.266      0.001    11.4084    143.745     49.265  51.520933     3.4729     10.918    55.0818 1.2163e+02    19.4120      0.260      0.377    27.2767 0.0000e+00
      0.267      0.001    11.3989    143.666     49.286  51.542121     3.5310     10.918    55.1404 1.2099e+02    19.6710      0.263      0.380    27.2839 0.0000e+00
      0.268      0.001    11.3999    143.591     49.297  51.552820     3.5435     10.918    55.1867 1.1931e+02    19.7515      0.265      0.383    27.2866 0.0000e+00
      0.268      0.001    11.4001    143.551     49.297  51.554275     3.4991     10.919    55.1859 1.1826e+02    19.8561      0.263      0.380    27.2855 0.0000e+00
      0.268      0.002    11.3968    143.564     49.295  51.552931     3.3769     10.920    55.1939 1.1805e+02    20.1692      0.262      0.379    27.2836 0.0000e+00
      0.268      0.003    11.3884    143.632     49.298  51.557361     3.2124     10.920    55.2618 1.1780e+02    20.6064      0.263      0.381    27.2817 0.0000e+00
      0.268      0.004    11.3793    143.753     49.297  51.556676     3.0963     10.920    55.3184 1.1772e+02    20.8944      0.263      0.382    27.2811 0.0000e+00
      0.269      0.004    11.3766    143.912     49.275  51.533501     3.0513     10.921    55.3057 1.1785e+02    20.9282      0.264      0.383    27.2823 0.0000e+00
      0.272      0.003    11.3765    144.074     49.236  51.493281     3.0451     10.921    55.3073 1.1764e+02    20.8242      0.267      0.386    27.2837 0.0000e+00
      0.275      0.002    11.3818    144.185     49.202  51.458217     3.0624     10.921    55.3781 1.1679e+02    20.7203      0.270      0.392    27.2847 0.0000e+00
      0.276      0.000    11.3922    144.203     49.187  51.442828     3.0880     10.922    55.4399 1.1544e+02    20.6865      0.272      0.395    27.2861 0.0000e+00
      0.275      0.000    11.4057    144.129     49.184  51.440873     3.1050     10.923    55.4335 1.1413e+02    20.6526      0.271      0.392    27.2864 0.0000e+00
      0.272     -0.001    11.4227    143.994     49.170  51.429108     3.1115     10.923    55.4006 1.1344e+02    20.4579      0.266      0.386    27.2850 0.0000e+00
      0.271     -0.001    11.4362    143.843     49.135  51.394834     3.1110     10.923    55.3925 1.1397e+02    20.1150      0.264      0.382    27.2846 0.0000e+00
      0.272      0.000    11.4356    143.719     49.094  51.355732     3.1045     10.923    55.4050 1.1564e+02    19.8277      0.265      0.385    27.2864 0.0000e+00
      0.273      0.003    11.4262    143.642     49.074  51.339021     3.0850     10.924    55.3917 1.1770e+02    19.6652      0.268      0.391    27.2885 0.0000e+00
      0.275      0.005    11.4147    143.598     49.087  51.355721     3.0344     10.925    55.3376 1.1966e+02    19.4812      0.270      0.392    27.2900 0.0000e+00
      0.275      0.005    11.3975    143.570     49.122  51.394746     2.9582     10.925    55.3055 1.2072e+02    19.2096      0.270      0.391    27.2919 0.0000e+00
      0.276      0.004    11.3860    143.545     49.153  51.428441     2.8945     10.925    55.3709 1.2020e+02    18.9723      0.270      0.392    27.2958 0.0000e+00
      0.279      0.004    11.3810    143.517     49.161  51.436740     2.8723     10.925    55.5400 1.1869e+02    18.8987      0.274      0.397    27.3012 0.0000e+00
      0.280      0.005    11.3769    143.480     49.157  51.432450     2.8956     10.924    55.7480 1.1671e+02    19.0397      0.278      0.402    27.3057 0.0000e+00
      0.280      0.005    11.3757    143.422     49.166  51.441190     2.9413     10.922    55.9538 1.1488e+02    19.3107      0.274      0.398    27.3079 0.0000e+00
      0.280      0.005    11.3738    143.340     49.182  51.455843     2.9732     10.921    56.1853 1.1471e+02    19.5011      0.272      0.394    27.3084 0.0000e+00
      0.282      0.004    11.3704    143.266     49.179  51.450609     2.9797     10.918    56.4611 1.1591e+02    19.5131      0.276      0.398    27.3091 0.0000e+00
      0.287      0.001    11.3694    143.241     49.163  51.432729     2.9602     10.914    56.7776 1.1657e+02    19.3952      0.283      0.411    27.3089 0.0000e+00
      0.289     -0.002    11.3667    143.261     49.160  51.429538     2.9096     10.908    57.1289 1.1588e+02    19.1632      0.288      0.417    27.3075 0.0000e+00
      0.288     -0.004    11.3571    143.267     49.172  51.442734     2.8497     10.903    57.4471 1.1440e+02    18.8790      0.285      0.413    27.3058 0.0000e+00
      0.283     -0.006    11.3487    143.200     49.182  51.454430     2.8193     10.899    57.6473 1.1357e+02    18.7004      0.277      0.402    27.3028 0.0000e+00
      0.278     -0.007    11.3467    143.077     49.182  51.454433     2.8170     10.896    57.7542 1.1480e+02    18.6814      0.268      0.389    27.3004 0.0000e+00
      0.276     -0.005    11.3522    142.994     49.172  51.442760     2.8113     10.893    57.8388 1.1760e+02    18.7592      0.268      0.389    27.3017 0.0000e+00
      0.277     -0.002    11.3589    143.026     49.160  51.429763     2.7952     10.892    57.9017 1.2018e+02    18.8655      0.273      0.395    27.3042 0.0000e+00
      0.278      0.002    11.3530    143.143     49.164  51.434493     2.7840     10.893    57.9196 1.2202e+02    18.9400      0.272      0.394    27.3041 0.0000e+00
      0.279      0.005    11.3348    143.277     49.190  51.462169     2.7792     10.894    57.8984 1.2337e+02    18.9161      0.270      0.392    27.3025 0.0000e+00
      0.281      0.006    11.3202    143.412     49.224  51.496845     2.7634     10.894    57.8695 1.2389e+02    18.7186      0.274      0.398    27.3019 0.0000e+00
      0.284      0.005    11.3271    143.564     49.249  51.521733     2.7310     10.895    57.8722 1.2400e+02    18.4102      0.280      0.405    27.3022 0.0000e+00
      0.286      0.003    11.3455    143.732     49.252  51.523078     2.7002     10.896    57.9211 1.2395e+02    18.1861      0.282      0.408    27.3024 0.0000e+00
      0.287     -0.001    11.3536    143.899     49.223  51.492307     2.6824     10.896    58.0442 1.2280e+02    18.0657      0.282      0.409    27.3032 0.0000e+00
      0.286     -0.006    11.3608    144.033     49.181  51.447638     2.6718     10.895    58.2795 1.2107e+02    17.9029      0.281      0.407    27.3035 0.0000e+00
      0.284     -0.010    11.3762    144.090     49.158  51.422127     2.6648     10.892    58.5695 1.2031e+02    17.6877      0.280      0.406    27.3013 0.0000e+00
      0.280     -0.012    11.3893    144.044     49.163  51.426917     2.6605     10.889    58.8085 1.2139e+02    17.5470      0.276      0.400    27.2987 0.0000e+00
      0.275     -0.012    11.4046    143.898     49.190  51.453197     2.6580     10.885    58.9731 1.2557e+02    17.5702      0.267      0.389    27.2975 0.0000e+00
      0.270     -0.011    11.4198    143.684     49.231  51.493309     2.6695     10.883    59.0775 1.3266e+02    17.7827      0.263      0.380    27.2974 0.0000e+00
      0.267     -0.008    11.4245    143.478     49.276  51.538771     2.7028     10.882    59.1250 1.4036e+02    18.1010      0.261      0.378    27.2981 0.0000e+00
      0.266     -0.003    11.4211    143.375     49.311  51.574546     2.7353     10.882    59.1457 1.4681e+02    18.3434      0.261      0.379    27.2971 0.0000e+00
      0.266     -0.000    11.4095    143.429     49.326  51.589236     2.7449     10.883    59.1379 1.5012e+02    18.4299      0.260      0.377    27.2935 0.0000e+00
      0.267     -0.000    11.3886    143.616     49.325  51.586010     2.7350     10.883    59.0949 1.4877e+02    18.4014      0.261      0.378    27.2906 0.0000e+00
      0.270     -0.004    11.3644    143.862     49.321  51.580774     2.7210     10.883    59.1249 1.4304e+02    18.2999      0.266      0.385    27.2899 0.0000e+00
      0.271     -0.008    11.3529    144.101     49.322  51.580761     2.7163     10.882    59.3145 1.3465e+02    18.1844      0.269      0.390    27.2894 0.0000e+00
      0.268     -0.010    11.3596    144.291     49.314  51.571520     2.7264     10.879    59.5973 1.2663e+02    18.1291      0.267      0.387    27.2875 0.0000e+00
      0.262     -0.007    11.3807    144.404     49.288  51.543897     2.7539     10.876    59.8857 1.2293e+02    18.1595      0.260      0.376    27.2855 0.0000e+00
      0.255     -0.002    11.4054    144.432     49.258  51.514127     2.8000     10.874    60.1429 1.2581e+02    18.2495      0.245      0.355    27.2840 0.0000e+00
      0.251      0.004    11.4240    144.410     49.247  51.504242     2.8514     10.872    60.3227 1.3392e+02    18.3529      0.237      0.345    27.2826 0.0000e+00
      0.255      0.010    11.4427    144.378     49.256  51.516713     2.8837     10.871    60.3670 1.4332e+02    18.4350      0.247      0.358    27.2821 0.0000e+00
      0.265      0.012    11.4530    144.346     49.267  51.530453     2.8807     10.869    60.3265 1.4890e+02    18.4529      0.261      0.378    27.2825 0.0000e+00
      0.275      0.011    11.4514    144.301     49.265  51.529726     2.8344     10.869    60.3577 1.4704e+02    18.3197      0.273      0.396    27.2837 0.0000e+00
      0.279      0.008    11.4460    144.239     49.262  51.525677     2.7603     10.869    60.4625 1.3826e+02    18.0406      0.280      0.406    27.2856 0.0000e+00
      0.275      0.005    11.4417    144.166     49.267  51.530432     2.7052     10.869    60.4870 1.2650e+02    17.7930      0.274      0.399    27.2892 0.0000e+00
      0.269      0.003    11.4421    144.083     49.272  51.534947     2.6987     10.870    60.4012 1.1751e+02    17.7472      0.260      0.377    27.2925 0.0000e+00
      0.266      0.003    11.4378    144.004     49.265  51.528799     2.7324     10.871    60.2601 1.1501e+02    17.9492      0.253      0.367    27.2927 0.0000e+00
      0.270      0.004    11.4309    143.953     49.250  51.514927     2.7789     10.873    60.0834 1.1746e+02    18.2874      0.262      0.378    27.2918 0.0000e+00
      0.277      0.004    11.4279    143.929     49.227  51.493904     2.8114     10.875    59.9370 1.2184e+02    18.5425      0.275      0.397    27.2903 0.0000e+00
      0.283      0.004    11.4205    143.920     49.199  51.466288     2.8252     10.877    59.9037 1.2682e+02    18.5975      0.284      0.411    27.2885 0.0000e+00
      0.283      0.003    11.4112    143.913     49.180  51.448359     2.8329     10.877    60.0039 1.3147e+02    18.5091      0.281      0.407    27.2883 0.0000e+00
      0.279      0.000    11.4069    143.890     49.183  51.452768     2.8429     10.878    60.1882 1.3542e+02    18.4107      0.272      0.394    27.2914 0.0000e+00
      0.274     -0.002    11.4063    143.834     49.198  51.468473     2.8557     10.879    60.3540 1.3866e+02    18.3801      0.266      0.385    27.2960 0.0000e+00
      0.274     -0.003    11.4046    143.755     49.202  51.472891     2.8643     10.879    60.4502 1.4061e+02    18.3648      0.267      0.387    27.2982 0.0000e+00
      0.276     -0.002    11.4041    143.666     49.185  51.455046     2.8552     10.879    60.5093 1.4105e+02    18.2815      0.272      0.394    27.2994 0.0000e+00
      0.277      0.000    11.4059    143.555     49.159  51.428070     2.8271     10.879    60.5303 1.3968e+02    18.1549      0.274      0.397    27.3011 0.0000e+00
      0.277      0.001    11.3995    143.427     49.142  51.410953     2.7983     10.880    60.4645 1.3655e+02    18.0807      0.272      0.393    27.3018 0.0000e+00
      0.276      0.001    11.3894    143.317     49.137  51.405679     2.7809     10.882    60.3245 1.3319e+02    18.0772      0.270      0.391    27.3013 0.0000e+00
      0.276      0.002    11.3867    143.245     49.137  51.404872     2.7708     10.883    60.1896 1.3140e+02    18.1088      0.270      0.392    27.3010 0.0000e+00
      0.276      0.003    11.3789    143.213     49.138  51.404851     2.7618     10.885    60.1122 1.3205e+02    18.1915      0.269      0.390    27.3010 0.0000e+00
      0.277      0.005    11.3622    143.226     49.138  51.405477     2.7501     10.887    60.0993 1.3450e+02    18.3222      0.272      0.393    27.3011 0.0000e+00
      0.280      0.005    11.3542    143.269     49.141  51.409379     2.7391     10.888    60.1784 1.3755e+02    18.4299      0.275      0.399    27.3010 0.0000e+00
      0.282      0.004    11.3502    143.304     49.148  51.417965     2.7381     10.887    60.4029 1.4042e+02    18.4638      0.277      0.401    27.3006 0.0000e+00
      0.284      0.003    11.3450    143.308     49.152  51.423213     2.7466     10.885    60.7471 1.4165e+02    18.4275      0.279      0.404    27.3002 0.0000e+00
      0.284      0.001    11.3470    143.293     49.145  51.417965     2.7531     10.882    61.0625 1.4045e+02    18.3553      0.281      0.407    27.2998 0.0000e+00
      0.283     -0.001    11.3539    143.275     49.135  51.409378     2.7505     10.879    61.2198 1.3800e+02    18.2874      0.278      0.404    27.3002 0.0000e+00
      0.282     -0.001    11.3589    143.246     49.130  51.405475     2.7423     10.877    61.2404 1.3533e+02    18.2242      0.275      0.400    27.3022 0.0000e+00
      0.281     -0.002    11.3562    143.186     49.129  51.404835     2.7396     10.877    61.2016 1.3289e+02    18.1469      0.275      0.399    27.3052 0.0000e+00
      0.281     -0.002    11.3525    143.099     49.130  51.404749     2.7490     10.878    61.1333 1.3134e+02    18.0947      0.276      0.400    27.3077 0.0000e+00
      0.281     -0.001    11.3520    143.031     49.130  51.404723     2.7619     10.880    61.0597 1.3059e+02    18.1170      0.276      0.400    27.3091 0.0000e+00
      0.281     -0.001    11.3515    143.025     49.130  51.404579     2.7649     10.881    61.0208 1.3027e+02    18.2022      0.277      0.401    27.3096 0.0000e+00
      0.280     -0.001    11.3480    143.074     49.130  51.403483     2.7562     10.883    61.0336 1.3060e+02    18.3280      0.275      0.400    27.3093 0.0000e+00
      0.280      0.000    11.3369    143.131     49.124  51.396559     2.7447     10.883    61.0940 1.3147e+02    18.4634      0.274      0.398    27.3086 0.0000e+00
      0.280      0.001    11.3272    143.156     49.105  51.376957     2.7413     10.882    61.2159 1.3242e+02    18.5615      0.275      0.398    27.3080 0.0000e+00
      0.280      0.003    11.3285    143.132     49.079  51.350562     2.7452     10.881    61.3923 1.3322e+02    18.6277      0.274      0.398    27.3074 0.0000e+00
      0.281      0.005    11.3362    143.083     49.058  51.331109     2.7435     10.879    61.5669 1.3329e+02    18.6978      0.275      0.399    27.3070 0.0000e+00
      0.282      0.005    11.3435    143.049     49.043  51.318137     2.7326     10.878    61.6749 1.3222e+02    18.7637      0.277      0.403    27.3058 0.0000e+00
      0.285      0.004    11.3469    143.047     49.032  51.308750     2.7248     10.878    61.6719 1.3036e+02    18.7985      0.279      0.405    27.3042 0.0000e+00
      0.287      0.003    11.3436    143.046     49.029  51.306876     2.7303     10.878    61.5754 1.2800e+02    18.8088      0.282      0.409    27.3055 0.0000e+00
      0.288      0.001    11.3349    143.006     49.026  51.304566     2.7451     10.879    61.4499 1.2552e+02    18.7943      0.284      0.412    27.3099 0.0000e+00
      0.287     -0.001    11.3290    142.904     49.016  51.292316     2.7534     10.881    61.3570 1.2342e+02    18.7349      0.283      0.411    27.3133 0.0000e+00
      0.286     -0.003    11.3326    142.749     49.002  51.277202     2.7440     10.883    61.3137 1.2223e+02    18.6508      0.279      0.406    27.3154 0.0000e+00
