Data/DataNotYetUploadedToEDI/Raw_CTD/RawDownloads/070122_fcr50_SBE19plus01908188_0001.cnv
* Sea-Bird SBE19plus  Data File:
* FileName = C:\R\Reservoirs\Data\DataNotYetUploadedToEDI\Raw_CTD\RawDownloads\070122_fcr50_SBE19plus01908188_0001.hex
* Software version 2.8.0.119
* Temperature SN = 8188
* Conductivity SN = 8188
* System UpLoad Time = Jul 10 2022 17:45:26
* <ApplicationData>
* <Seaterm232>
# nquan = 13
# nvalues = 2299                        
# units = specified
# name 0 = depFM: Depth [fresh water, m]
# name 1 = dz/dtM: Descent Rate [m/s]
# name 2 = sbeox0Mg/L: Oxygen, SBE 43 [mg/l]
# name 3 = sbeox0PS: Oxygen, SBE 43 [% saturation]
# name 4 = specc: Specific Conductance [uS/cm]
# name 5 = c0uS/cm: Conductivity [uS/cm]
# name 6 = flECO-AFL: Fluorescence, WET Labs ECO-AFL/FL [mg/m^3]
# name 7 = par/sat/log: PAR/Logarithmic, Satlantic
# name 8 = turbWETntu0: Turbidity, WET Labs ECO [NTU]
# name 9 = prdM: Pressure, Strain Gauge [db]
# name 10 = prdE: Pressure, Strain Gauge [psi]
# name 11 = tv290C: Temperature [ITS-90, deg C]
# name 12 = flag:  0.000e+00
# span 0 =     -0.627,      9.676       
# span 1 =     -0.399,      0.266       
# span 2 =    -0.0514,    13.5868       
# span 3 =     -0.453,    166.975       
# span 4 =     -0.115,    464.095       
# span 5 =  -0.124742, 334.229861       
# span 6 =    -0.0829,    10.9342       
# span 7 = 1.1588e-01, 1.9784e+03       
# span 8 =    -0.0100,     9.8120       
# span 9 =     -0.615,      9.490       
# span 10 =     -0.892,     13.764      
# span 11 =    10.4082,    29.3548      
# span 12 = 0.0000e+00, 0.0000e+00      
# interval = seconds: 0.25
# start_time = Jul 01 2022 09:16:31 [Instrument's time stamp, header]
# bad_flag = -9.990e-29
*END*
[from data line 889]
      4.251      0.033     0.0853      0.850     57.001  40.902586     3.1217 1.7899e+00     2.5750      4.170      6.049    10.9414 0.0000e+00
      4.256      0.032     0.0876      0.865     57.198  41.021411     3.1188 1.7861e+00     2.5793      4.172      6.052    10.9428 0.0000e+00
      4.264      0.030     0.0899      0.880     57.266  41.056575     3.1155 1.7642e+00     2.5874      4.180      6.063    10.9457 0.0000e+00
      4.274      0.028     0.0939      0.880     57.091  40.922501     3.0810 1.7384e+00     2.6754      4.192      6.081    10.9107 0.0000e+00
      4.282      0.027     0.0934      0.895     56.953  40.818636     3.0175 1.7196e+00     2.8374      4.202      6.094    10.8668 0.0000e+00
      4.286      0.026     0.0952      0.925     56.953  40.813828     2.9831 1.7130e+00     2.9264      4.202      6.095    10.8561 0.0000e+00
      4.292      0.023     0.0992      0.957     56.473  40.459129     2.9782 1.7088e+00     2.9393      4.207      6.101    10.8427 0.0000e+00
      4.300      0.021     0.0959      1.006     55.834  39.974343     2.9603 1.6974e+00     2.9948      4.218      6.118    10.8346 0.0000e+00
      4.305      0.019     0.0982      1.062     55.852  39.949981     2.9299 1.6904e+00     3.0959      4.223      6.125    10.8344 0.0000e+00
      4.308      0.019     0.1033      1.107     55.622  39.759357     2.9138 1.6922e+00     3.1514      4.223      6.124    10.8276 0.0000e+00
      4.312      0.021     0.1045      1.142     54.420  38.885067     2.9102 1.7090e+00     3.1582      4.229      6.134    10.8261 0.0000e+00
      4.317      0.024     0.1112      1.178     53.428  38.158237     2.8754 1.7204e+00     3.1782      4.236      6.143    10.8007 0.0000e+00
      4.320      0.026     0.1186      1.207     53.416  38.129670     2.8099 1.7030e+00     3.2142      4.235      6.142    10.7549 0.0000e+00
      4.328      0.028     0.1233      1.222     53.535  38.202030     2.7745 1.6772e+00     3.2337      4.241      6.151    10.7339 0.0000e+00
      4.342      0.028     0.1262      1.236     53.003  37.817595     2.7682 1.6554e+00     3.2364      4.261      6.179    10.7265 0.0000e+00
      4.352      0.027     0.1310      1.267     52.522  37.465640     2.7245 1.6348e+00     3.2502      4.272      6.196    10.7084 0.0000e+00
      4.355      0.025     0.1350      1.310     52.433  37.390480     2.6450 1.6190e+00     3.2754      4.270      6.192    10.6857 0.0000e+00
      4.359      0.025     0.1359      1.345     51.581  36.773781     2.6016 1.6150e+00     3.2911      4.273      6.197    10.6730 0.0000e+00
      4.364      0.027     0.1363      1.375     50.257  35.816263     2.5941 1.6243e+00     3.3138      4.281      6.209    10.6745 0.0000e+00
      4.369      0.030     0.1399      1.417     49.895  35.536608     2.5511 1.6338e+00     3.5493      4.285      6.214    10.6673 0.0000e+00
      4.374      0.031     0.1464      1.467     50.133  35.688279     2.4724 1.6227e+00     3.9808      4.286      6.214    10.6498 0.0000e+00
      4.389      0.031     0.1497      1.533     50.340  35.827027     2.4295 1.5987e+00     4.2173      4.303      6.240    10.6458 0.0000e+00
      4.404      0.028     0.1522      1.685     50.872  36.201357     2.4248 1.5905e+00     4.2582      4.325      6.273    10.6374 0.0000e+00
      4.410      0.024     0.1571      1.963     51.287  36.500516     2.4206 1.5887e+00     4.4766      4.325      6.274    10.6055 0.0000e+00
      4.410      0.019     0.1641      2.334     51.138  36.405615     2.4145 1.5862e+00     4.8734      4.323      6.271    10.5865 0.0000e+00
      4.412      0.014     0.1669      2.761     50.928  36.269364     2.4104 1.5880e+00     5.0905      4.328      6.278    10.5842 0.0000e+00
      4.413      0.012     0.1814      3.197     50.628  36.068566     2.4096 1.5877e+00     5.1142      4.327      6.275    10.5735 0.0000e+00
      4.415      0.013     0.2155      3.589     50.253  35.800891     2.4121 1.5833e+00     5.1537      4.329      6.279    10.5796 0.0000e+00
      4.420      0.014     0.2572      3.902     50.374  35.868846     2.4148 1.5755e+00     5.2229      4.336      6.288    10.5929 0.0000e+00
      4.425      0.015     0.3067      4.097     50.700  36.079927     2.4148 1.5718e+00     5.2616      4.339      6.294    10.6044 0.0000e+00
      4.430      0.016     0.3577      4.180     50.495  35.922237     2.4143 1.5703e+00     5.2721      4.345      6.302    10.6238 0.0000e+00
      4.434      0.017     0.4018      4.235     49.847  35.447702     2.4031 1.5625e+00     5.3459      4.349      6.307    10.6275 0.0000e+00
      4.436      0.019     0.4390      4.299     49.445  35.136339     2.3798 1.5536e+00     5.4804      4.349      6.308    10.6018 0.0000e+00
      4.439      0.019     0.4623      4.334     49.562  35.195960     2.3664 1.5527e+00     5.5549      4.352      6.311    10.5709 0.0000e+00
      4.446      0.019     0.4654      4.361     49.805  35.358330     2.3629 1.5434e+00     5.5764      4.359      6.322    10.5694 0.0000e+00
      4.455      0.019     0.4699      4.437     49.975  35.479054     2.3353 1.5228e+00     5.7464      4.370      6.338    10.5608 0.0000e+00
      4.461      0.018     0.4819      4.567     50.188  35.642816     2.2853 1.5176e+00     6.0577      4.376      6.347    10.5268 0.0000e+00
      4.464      0.017     0.4841      4.719     50.439  35.852920     2.2583 1.5222e+00     6.2276      4.377      6.348    10.4986 0.0000e+00
      4.465      0.015     0.4833      4.847     50.676  36.061319     2.2540 1.5212e+00     6.2451      4.378      6.350    10.4913 0.0000e+00
      4.468      0.014     0.4932      4.931     51.120  36.407027     2.2401 1.5149e+00     6.2644      4.381      6.355    10.4919 0.0000e+00
      4.471      0.016     0.5082      4.986     51.728  36.859258     2.2168 1.5109e+00     6.2966      4.384      6.358    10.4978 0.0000e+00
      4.475      0.018     0.5272      5.005     52.014  37.072625     2.2049 1.5114e+00     6.3139      4.388      6.364    10.5331 0.0000e+00
      4.480      0.019     0.5423      4.972     52.245  37.231205     2.2042 1.5054e+00     6.3119      4.391      6.369    10.5845 0.0000e+00
      4.488      0.020     0.5485      4.863     52.619  37.493610     2.1974 1.4903e+00     6.2680      4.401      6.383    10.6108 0.0000e+00
      4.495      0.019     0.5565      4.672     52.680  37.544270     2.1843 1.4813e+00     6.1867      4.410      6.396    10.6250 0.0000e+00
      4.498      0.018     0.5580      4.433     52.623  37.506125     2.1772 1.4813e+00     6.1419      4.409      6.395    10.6462 0.0000e+00
      4.502      0.017     0.5560      4.164     52.905  37.707680     2.1770 1.4773e+00     6.1361      4.414      6.402    10.6268 0.0000e+00
      4.507      0.017     0.5452      3.877     53.329  38.022931     2.1790 1.4745e+00     6.1158      4.421      6.413    10.6160 0.0000e+00
      4.508      0.017     0.5204      3.579     53.379  38.076465     2.1821 1.4751e+00     6.0788      4.420      6.410    10.6374 0.0000e+00
      4.512      0.017     0.4943      3.284     53.191  37.949809     2.1833 1.4718e+00     6.0590      4.422      6.414    10.6362 0.0000e+00
      4.519      0.016     0.4636      3.019     53.314  38.044709     2.1816 1.4707e+00     6.0626      4.433      6.429    10.6269 0.0000e+00
      4.526      0.016     0.4312      2.775     53.612  38.278488     2.1703 1.4710e+00     6.1222      4.440      6.441    10.6437 0.0000e+00
      4.528      0.016     0.3983      2.558     53.761  38.412911     2.1504 1.4655e+00     6.2323      4.441      6.441    10.6709 0.0000e+00
      4.529      0.015     0.3626      2.394     53.880  38.522038     2.1394 1.4536e+00     6.2930      4.441      6.442    10.6699 0.0000e+00
      4.533      0.014     0.3350      2.282     53.838  38.517462     2.1364 1.4416e+00     6.3014      4.445      6.447    10.6701 0.0000e+00
      4.538      0.014     0.3078      2.228     53.306  38.155007     2.1207 1.4392e+00     6.3284      4.450      6.454    10.6940 0.0000e+00
      4.542      0.016     0.2807      2.221     52.709  37.718706     2.0939 1.4407e+00     6.3759      4.454      6.461    10.7268 0.0000e+00
      4.544      0.017     0.2643      2.230     52.434  37.496491     2.0795 1.4325e+00     6.4013      4.455      6.462    10.7440 0.0000e+00
      4.549      0.017     0.2502      2.253     52.273  37.358980     2.0780 1.4249e+00     6.4063      4.459      6.468    10.7671 0.0000e+00
      4.554      0.017     0.2446      2.314     52.451  37.474111     2.0782 1.4278e+00     6.4439      4.469      6.480    10.8016 0.0000e+00
      4.559      0.017     0.2459      2.399     52.721  37.673023     2.0784 1.4250e+00     6.5125      4.471      6.485    10.7829 0.0000e+00
      4.563      0.017     0.2473      2.485     52.419  37.468090     2.0793 1.4097e+00     6.5500      4.473      6.488    10.7491 0.0000e+00
      4.567      0.017     0.2477      2.601     51.998  37.157167     2.0806 1.3926e+00     6.5536      4.481      6.498    10.7310 0.0000e+00
      4.570      0.017     0.2555      2.751     52.124  37.222486     2.0774 1.3899e+00     6.5551      4.481      6.499    10.7115 0.0000e+00
      4.573      0.017     0.2677      2.903     52.457  37.447506     2.0697 1.3964e+00     6.5579      4.482      6.501    10.7225 0.0000e+00
      4.580      0.016     0.2737      3.048     52.455  37.446892     2.0651 1.3954e+00     6.5595      4.491      6.515    10.7473 0.0000e+00
      4.587      0.016     0.2867      3.188     52.329  37.350127     2.0643 1.3925e+00     6.5581      4.500      6.527    10.7360 0.0000e+00
      4.589      0.015     0.3057      3.312     52.363  37.357964     2.0578 1.3862e+00     6.5466      4.502      6.529    10.6951 0.0000e+00
      4.590      0.014     0.3229      3.409     52.266  37.271522     2.0457 1.3779e+00     6.5265      4.501      6.528    10.6839 0.0000e+00
      4.594      0.014     0.3381      3.464     51.587  36.777617     2.0389 1.3759e+00     6.5155      4.505      6.534    10.6980 0.0000e+00
      4.598      0.016     0.3550      3.469     50.665  36.112932     2.0371 1.3744e+00     6.5163      4.510      6.540    10.6886 0.0000e+00
      4.600      0.020     0.3689      3.458     50.415  35.919727     2.0356 1.3629e+00     6.5386      4.511      6.542    10.6702 0.0000e+00
      4.605      0.021     0.3804      3.465     50.821  36.197176     2.0348 1.3474e+00     6.5794      4.514      6.547    10.6505 0.0000e+00
      4.613      0.021     0.3881      3.499     50.952  36.293972     2.0338 1.3443e+00     6.6017      4.524      6.562    10.6407 0.0000e+00
      4.623      0.022     0.3860      3.569     50.547  36.009730     2.0329 1.3436e+00     6.6066      4.536      6.580    10.6430 0.0000e+00
      4.628      0.026     0.3835      3.660     49.985  35.596393     2.0262 1.3336e+00     6.6353      4.541      6.585    10.6196 0.0000e+00
      4.630      0.030     0.3851      3.766     49.486  35.212574     2.0143 1.3239e+00     6.6868      4.539      6.583    10.6015 0.0000e+00
      4.633      0.032     0.3875      3.911     49.346  35.082594     2.0087 1.3254e+00     6.7149      4.543      6.589    10.6128 0.0000e+00
      4.643      0.033     0.3961      4.079     49.506  35.172631     2.0060 1.3224e+00     6.7194      4.551      6.600    10.6254 0.0000e+00
      4.660      0.033     0.4074      4.228     49.591  35.220868     1.9888 1.3009e+00     6.7405      4.568      6.627    10.6113 0.0000e+00
      4.675      0.032     0.4172      4.370     49.641  35.260695     1.9596 1.2874e+00     6.7792      4.590      6.657    10.5759 0.0000e+00
      4.680      0.028     0.4341      4.529     49.699  35.316572     1.9438 1.2909e+00     6.8007      4.592      6.659    10.5419 0.0000e+00
      4.682      0.024     0.4568      4.675     49.646  35.288814     1.9422 1.2959e+00     6.8018      4.589      6.655    10.5166 0.0000e+00
      4.686      0.020     0.4720      4.803     49.606  35.262693     1.9421 1.2968e+00     6.7920      4.597      6.667    10.5035 0.0000e+00
      4.689      0.018     0.4853      4.912     49.614  35.270826     1.9426 1.2838e+00     6.7751      4.599      6.670    10.5077 0.0000e+00
      4.693      0.019     0.5064      4.977     49.485  35.184584     1.9432 1.2704e+00     6.7666      4.600      6.671    10.5309 0.0000e+00
      4.700      0.019     0.5215      5.002     49.361  35.097714     1.9428 1.2747e+00     6.7663      4.610      6.687    10.5435 0.0000e+00
      4.707      0.019     0.5353      5.002     49.367  35.098239     1.9423 1.2727e+00     6.7716      4.617      6.696    10.5382 0.0000e+00
      4.712      0.019     0.5498      4.976     49.310  35.055892     1.9426 1.2636e+00     6.7817      4.620      6.699    10.5399 0.0000e+00
      4.717      0.018     0.5565      4.953     49.223  34.990809     1.9417 1.2732e+00     6.7874      4.627      6.710    10.5513 0.0000e+00
      4.720      0.017     0.5574      4.944     49.229  34.986514     1.9405 1.2869e+00     6.7891      4.628      6.713    10.5529 0.0000e+00
      4.722      0.016     0.5594      4.926     49.264  35.003958     1.9376 1.2755e+00     6.8052      4.630      6.715    10.5435 0.0000e+00
      4.727      0.015     0.5538      4.918     49.355  35.066672     1.9315 1.2538e+00     6.8354      4.637      6.725    10.5431 0.0000e+00
      4.732      0.015     0.5504      4.937     49.544  35.204629     1.9272 1.2482e+00     6.8522      4.641      6.732    10.5456 0.0000e+00
      4.736      0.018     0.5530      4.955     49.691  35.321605     1.9267 1.2508e+00     6.8547      4.644      6.736    10.5312 0.0000e+00
      4.738      0.022     0.5482      4.950     49.679  35.333195     1.9260 1.2512e+00     6.8690      4.646      6.739    10.5205 0.0000e+00
      4.740      0.025     0.5469      4.942     49.576  35.277270     1.9232 1.2524e+00     6.8953      4.647      6.739    10.5225 0.0000e+00
      4.748      0.025     0.5502      4.922     49.531  35.253119     1.9205 1.2494e+00     6.9096      4.652      6.747    10.5215 0.0000e+00
      4.763      0.025     0.5542      4.881     49.521  35.243753     1.9190 1.2423e+00     6.9113      4.672      6.777    10.5354 0.0000e+00
      4.773      0.024     0.5506      4.831     49.420  35.164019     1.9144 1.2349e+00     6.9150      4.685      6.794    10.5616 0.0000e+00
      4.775      0.021     0.5507      4.763     49.343  35.099293     1.9057 1.2274e+00     6.9217      4.682      6.789    10.5796 0.0000e+00
      4.776      0.015     0.5496      4.694     49.410  35.136338     1.8996 1.2310e+00     6.9256      4.683      6.792    10.5891 0.0000e+00
      4.781      0.010     0.5427      4.639     49.518  35.206798     1.8977 1.2300e+00     6.9278      4.689      6.801    10.5836 0.0000e+00
      4.784      0.007     0.5396      4.601     49.615  35.276013     1.8971 1.2138e+00     6.9484      4.692      6.805    10.5741 0.0000e+00
      4.784      0.007     0.5304      4.597     49.642  35.298014     1.8973 1.2113e+00     6.9861      4.692      6.805    10.5654 0.0000e+00
      4.784      0.008     0.5221      4.624     49.506  35.202733     1.8980 1.2230e+00     7.0068      4.691      6.804    10.5510 0.0000e+00
      4.785      0.011     0.5167      4.649     49.317  35.069248     1.8987 1.2281e+00     7.0086      4.692      6.805    10.5452 0.0000e+00
      4.786      0.013     0.5110      4.648     49.271  35.034452     1.9014 1.2236e+00     7.0068      4.692      6.806    10.5470 0.0000e+00
      4.791      0.015     0.5106      4.626     49.306  35.052095     1.9066 1.2106e+00     7.0032      4.696      6.812    10.5509 0.0000e+00
      4.799      0.017     0.5156      4.621     49.264  35.012490     1.9098 1.1995e+00     7.0006      4.707      6.825    10.5520 0.0000e+00
      4.806      0.018     0.5189      4.636     49.203  34.960688     1.9117 1.2036e+00     6.9971      4.716      6.839    10.5528 0.0000e+00
