Data/DataNotYetUploadedToEDI/Raw_CTD/RawDownloads/070124_fcr50_S7809001.cnv
* Sea-Bird SBE19plus  Data File:
* FileName = C:\R\Reservoirs\Data\DataNotYetUploadedToEDI\Raw_CTD\RawDownloads\070124_fcr50_S7809_0001.hex
* Software version 2.8.0.119
* Temperature SN = 7809
* Conductivity SN = 7809
* System UpLoad Time = Jul 01 2024 15:46:22
* <ApplicationData>
* <Seaterm232>
# nquan = 15
# nvalues = 2112                        
# units = specified
# name 0 = depFM: Depth [fresh water, m]
# name 1 = dz/dtM: Descent Rate [m/s]
# name 2 = sbeox0Mg/L: Oxygen, SBE 43 [mg/l]
# name 3 = sbeox0PS: Oxygen, SBE 43 [% saturation]
# name 4 = specc: Specific Conductance [uS/cm]
# name 5 = c0uS/cm: Conductivity [uS/cm]
# name 6 = flECO-AFL: Fluorescence, WET Labs ECO-AFL/FL [mg/m^3]
# name 7 = ph: pH
# name 8 = orp: Oxidation Reduction Potential [mV]
# name 9 = par/sat/log: PAR/Logarithmic, Satlantic
# name 10 = turbWETntu0: Turbidity, WET Labs ECO [NTU]
# name 11 = prdM: Pressure, Strain Gauge [db]
# name 12 = prdE: Pressure, Strain Gauge [psi]
# name 13 = tv290C: Temperature [ITS-90, deg C]
# name 14 = flag:  0.000e+00
# span 0 =     -0.623,      9.594       
# span 1 =     -0.305,      0.128       
# span 2 =     0.0113,    11.8737       
# span 3 =      0.405,    148.628       
# span 4 =      0.407,    602.317       
# span 5 =   0.431070, 444.008633       
# span 6 =    -0.4734,   233.6936       
# span 7 =      2.243,     10.570       
# span 8 =  -665.1752,  1238.1713       
# span 9 = 1.2347e-01, 2.5822e+03       
# span 10 =   -11.0855,   851.3504      
# span 11 =     -0.611,      9.409      
# span 12 =     -0.886,     13.646      
# span 13 =    11.6861,    28.0559      
# span 14 = 0.0000e+00, 0.0000e+00      
# interval = seconds: 0.25
# start_time = Jul 01 2024 11:35:39 [Instrument's time stamp, header]
# bad_flag = -9.990e-29
*END*
[from data line 193]
     -0.078      0.019    11.1444    136.762     48.090  50.560207     2.1272     10.453    40.1039 5.7377e+02    19.6966     -0.078     -0.111    27.5619 0.0000e+00
     -0.072      0.018    11.0055    136.325     48.097  50.570465     2.1143     10.452    39.4469 2.4587e+02    19.7529     -0.068     -0.100    27.5623 0.0000e+00
     -0.067      0.016    10.9086    136.068     48.092  50.567840     2.1016     10.452    39.0878 1.3219e+02    19.7925     -0.064     -0.093    27.5613 0.0000e+00
     -0.064      0.013    10.8268    135.871     48.078  50.555913     2.1066     10.453    39.4413 1.1252e+02    19.9241     -0.063     -0.092    27.5606 0.0000e+00
     -0.062      0.010    10.7692    135.680     48.072  50.550749     2.1308     10.455    39.9777 1.0950e+02    20.1052     -0.061     -0.089    27.5612 0.0000e+00
     -0.059      0.008    10.7413    135.540     48.079  50.559985     2.1517     10.455    40.0694 1.0963e+02    20.2112     -0.058     -0.084    27.5638 0.0000e+00
     -0.057      0.006    10.7301    135.525     48.089  50.571197     2.1539     10.454    39.7559 1.0974e+02    20.1213     -0.056     -0.081    27.5676 0.0000e+00
     -0.056      0.005    10.7183    135.640     48.089  50.572791     2.1454     10.454    39.5261 1.0868e+02    19.7848     -0.054     -0.079    27.5711 0.0000e+00
     -0.056      0.003    10.6978    135.823     48.087  50.571087     2.1440     10.453    39.7261 1.0757e+02    19.3602     -0.054     -0.079    27.5728 0.0000e+00
     -0.056      0.002    10.6784    136.013     48.087  50.573513     2.1536     10.452    40.4353 1.0668e+02    19.0909     -0.054     -0.079    27.5735 0.0000e+00
     -0.055      0.001    10.6783    136.173     48.087  50.575833     2.1632     10.452    41.2328 1.0476e+02    18.9905     -0.054     -0.078    27.5744 0.0000e+00
     -0.055      0.001    10.6930    136.280     48.082  50.573220     2.1640     10.453    41.4142 1.0565e+02    18.9161     -0.054     -0.078    27.5744 0.0000e+00
     -0.054      0.002    10.7111    136.312     48.075  50.569325     2.1575     10.454    41.0600 1.3082e+02    18.8281     -0.053     -0.077    27.5750 0.0000e+00
     -0.054      0.003    10.7268    136.259     48.075  50.569973     2.1542     10.455    40.9939 2.3568e+02    18.7809     -0.053     -0.077    27.5772 0.0000e+00
     -0.054      0.005    10.7396    136.129     48.082  50.577938     2.1575     10.456    41.6647 4.8676e+02    18.8028     -0.054     -0.078    27.5807 0.0000e+00
     -0.053      0.007    10.7496    135.957     48.093  50.589779     2.1590     10.457    42.6965 8.5867e+02    18.8827     -0.053     -0.077    27.5851 0.0000e+00
     -0.050      0.008    10.7508    135.771     48.102  50.596547     2.1546     10.460    43.3861 1.1919e+03    18.9711     -0.050     -0.073    27.5876 0.0000e+00
     -0.047      0.008    10.7480    135.570     48.105  50.596990     2.1471     10.463    43.5990 1.3574e+03    19.0088     -0.045     -0.065    27.5886 0.0000e+00
     -0.044      0.007    10.7344    135.377     48.104  50.592733     2.1431     10.465    43.9649 1.3859e+03    19.0109     -0.042     -0.061    27.5898 0.0000e+00
     -0.042      0.006    10.7164    135.250     48.095  50.581235     2.1485     10.468    44.8107 1.3749e+03    19.0243     -0.041     -0.060    27.5897 0.0000e+00
     -0.042      0.004    10.7064    135.219     48.089  50.572918     2.1584     10.471    45.5302 1.3712e+03    19.0283     -0.041     -0.059    27.5875 0.0000e+00
     -0.041      0.002    10.6903    135.249     48.093  50.576440     2.1607     10.473    45.5956 1.3585e+03    18.9988     -0.040     -0.059    27.5839 0.0000e+00
     -0.041      0.002    10.6697    135.267     48.093  50.577560     2.1534     10.476    45.3013 1.3193e+03    18.9968     -0.040     -0.058    27.5793 0.0000e+00
     -0.041      0.002    10.6576    135.236     48.083  50.566440     2.1485     10.478    45.1288 1.2702e+03    19.0680     -0.040     -0.058    27.5763 0.0000e+00
     -0.040      0.002    10.6585    135.176     48.072  50.554740     2.1530     10.479    45.1944 1.2222e+03    19.1606     -0.040     -0.059    27.5757 0.0000e+00
     -0.039      0.002    10.6666    135.131     48.069  50.552188     2.1597     10.480    45.3922 1.1428e+03    19.2124     -0.038     -0.056    27.5758 0.0000e+00
     -0.038      0.002    10.6716    135.142     48.072  50.556017     2.1587     10.482    45.4668 9.7431e+02    19.2070     -0.037     -0.054    27.5758 0.0000e+00
     -0.038      0.001    10.6658    135.234     48.082  50.567229     2.1482     10.484    45.1421 7.1444e+02    19.1831     -0.038     -0.055    27.5757 0.0000e+00
     -0.038      0.001    10.6578    135.397     48.093  50.580985     2.1367     10.485    44.6711 4.4553e+02    19.2144     -0.038     -0.055    27.5757 0.0000e+00
     -0.038      0.000    10.6535    135.588     48.092  50.582109     2.1343     10.486    44.5993 2.5047e+02    19.3106     -0.037     -0.054    27.5762 0.0000e+00
     -0.038     -0.001    10.6503    135.781     48.084  50.575177     2.1425     10.488    44.7326 1.5028e+02    19.4095     -0.037     -0.055    27.5763 0.0000e+00
     -0.038     -0.001    10.6587    135.963     48.082  50.574895     2.1528     10.489    44.4005 1.1575e+02    19.4529     -0.038     -0.056    27.5774 0.0000e+00
     -0.039     -0.002    10.6754    136.110     48.087  50.580553     2.1572     10.491    43.6871 1.0729e+02    19.4054     -0.038     -0.055    27.5802 0.0000e+00
     -0.040     -0.003    10.6912    136.190     48.092  50.586451     2.1560     10.493    43.2817 1.0460e+02    19.2987     -0.039     -0.056    27.5825 0.0000e+00
     -0.040     -0.005    10.7057    136.178     48.094  50.587785     2.1547     10.494    43.4137 1.0329e+02    19.2254     -0.039     -0.056    27.5847 0.0000e+00
     -0.041     -0.006    10.7204    136.058     48.089  50.583092     2.1582     10.495    43.7969 1.0289e+02    19.2014     -0.040     -0.059    27.5869 0.0000e+00
     -0.042     -0.007    10.7352    135.850     48.088  50.581749     2.1648     10.495    44.1400 1.0518e+02    19.1428     -0.041     -0.060    27.5872 0.0000e+00
     -0.045     -0.007    10.7425    135.624     48.092  50.585154     2.1661     10.494    44.3253 1.1497e+02    19.0166     -0.044     -0.063    27.5865 0.0000e+00
     -0.048     -0.007    10.7421    135.442     48.086  50.578877     2.1569     10.494    44.4154 1.5084e+02    18.8856     -0.048     -0.070    27.5856 0.0000e+00
     -0.050     -0.008    10.7347    135.309     48.074  50.566039     2.1436     10.495    44.5524 2.5438e+02    18.8353     -0.049     -0.072    27.5855 0.0000e+00
     -0.050     -0.009    10.7118    135.224     48.073  50.565670     2.1376     10.495    44.7964 4.3843e+02    18.9397     -0.049     -0.072    27.5855 0.0000e+00
     -0.052     -0.011    10.6867    135.218     48.083  50.576566     2.1430     10.494    45.0586 6.5161e+02    19.1718     -0.050     -0.072    27.5849 0.0000e+00
     -0.055     -0.013    10.6768    135.323     48.092  50.585804     2.1508     10.493    45.2259 8.3685e+02    19.3740     -0.053     -0.077    27.5852 0.0000e+00
     -0.059     -0.013    10.6672    135.525     48.094  50.587713     2.1486     10.493    45.2964 9.5033e+02    19.4077     -0.058     -0.085    27.5858 0.0000e+00
     -0.064     -0.012    10.6564    135.778     48.089  50.583188     2.1380     10.493    45.3913 9.8272e+02    19.2512     -0.062     -0.091    27.5854 0.0000e+00
     -0.069     -0.011    10.6538    136.031     48.088  50.582576     2.1333     10.493    45.6583 9.9499e+02    19.0087     -0.068     -0.100    27.5854 0.0000e+00
     -0.072     -0.010    10.6623    136.256     48.095  50.590524     2.1406     10.493    46.0030 1.0424e+03    18.8332     -0.073     -0.109    27.5859 0.0000e+00
     -0.072     -0.009    10.6822    136.420     48.100  50.596737     2.1507     10.492    46.1679 1.1117e+03    18.7659     -0.071     -0.104    27.5869 0.0000e+00
     -0.072     -0.008    10.7056    136.469     48.100  50.597744     2.1522     10.492    46.1986 1.1335e+03    18.7733     -0.067     -0.098    27.5877 0.0000e+00
     -0.074     -0.008    10.7262    136.364     48.100  50.597461     2.1480     10.492    46.3493 1.0729e+03    18.8877     -0.071     -0.104    27.5869 0.0000e+00
     -0.077     -0.008    10.7445    136.149     48.098  50.595171     2.1473     10.493    46.6203 1.0174e+03    19.1087     -0.076     -0.110    27.5861 0.0000e+00
     -0.081     -0.008    10.7616    135.937     48.100  50.595896     2.1501     10.495    46.8317 1.0813e+03    19.3300     -0.081     -0.117    27.5879 0.0000e+00
     -0.084     -0.007    10.7690    135.823     48.108  50.602415     2.1523     10.496    46.9633 1.2766e+03    19.4836     -0.084     -0.122    27.5904 0.0000e+00
     -0.086     -0.005    10.7590    135.814     48.112  50.605765     2.1511     10.497    47.1171 1.4912e+03    19.5764     -0.084     -0.122    27.5908 0.0000e+00
     -0.086     -0.003    10.7327    135.867     48.112  50.605145     2.1492     10.498    47.2836 1.5532e+03    19.6243     -0.084     -0.122    27.5891 0.0000e+00
     -0.085     -0.001    10.7079    135.951     48.112  50.605152     2.1508     10.500    47.3682 1.3826e+03    19.6479     -0.084     -0.121    27.5871 0.0000e+00
     -0.084     -0.001    10.7016    136.054     48.113  50.606265     2.1546     10.501    47.3571 1.0691e+03    19.6557     -0.082     -0.119    27.5853 0.0000e+00
     -0.084     -0.002    10.7062    136.164     48.118  50.612991     2.1592     10.501    47.3026 7.7471e+02    19.6297     -0.082     -0.119    27.5843 0.0000e+00
     -0.085     -0.003    10.7111    136.257     48.127  50.623842     2.1635     10.501    47.2366 5.9022e+02    19.5632     -0.083     -0.120    27.5841 0.0000e+00
     -0.087     -0.004    10.7170    136.300     48.128  50.625634     2.1619     10.501    47.1731 4.9059e+02    19.4812     -0.086     -0.124    27.5845 0.0000e+00
     -0.089     -0.007    10.7268    136.282     48.114  50.611446     2.1529     10.501    47.1448 4.2966e+02    19.4114     -0.089     -0.128    27.5851 0.0000e+00
     -0.089     -0.009    10.7359    136.241     48.099  50.595349     2.1386     10.501    47.1807 4.3104e+02    19.3612     -0.088     -0.127    27.5856 0.0000e+00
     -0.090     -0.009    10.7449    136.216     48.102  50.597701     2.1212     10.501    47.2332 5.4224e+02    19.3250     -0.087     -0.127    27.5870 0.0000e+00
     -0.093     -0.009    10.7514    136.210     48.117  50.613845     2.1089     10.501    47.2665 7.4304e+02    19.2919     -0.092     -0.132    27.5885 0.0000e+00
     -0.098     -0.008    10.7458    136.200     48.127  50.623701     2.1114     10.501    47.3481 9.3940e+02    19.2457     -0.098     -0.140    27.5883 0.0000e+00
     -0.101     -0.007    10.7377    136.172     48.127  50.624180     2.1280     10.502    47.5028 1.0592e+03    19.1947     -0.101     -0.145    27.5877 0.0000e+00
     -0.103     -0.005    10.7378    136.122     48.127  50.624265     2.1475     10.503    47.6671 1.1092e+03    19.1895     -0.101     -0.146    27.5876 0.0000e+00
     -0.103     -0.003    10.7395    136.062     48.127  50.624446     2.1580     10.504    47.8235 1.1211e+03    19.2473     -0.101     -0.145    27.5881 0.0000e+00
     -0.102     -0.001    10.7381    136.008     48.122  50.618587     2.1585     10.505    47.9906 1.0991e+03    19.3188     -0.100     -0.144    27.5878 0.0000e+00
     -0.102      0.001    10.7377    135.965     48.116  50.611754     2.1572     10.506    48.1443 1.0301e+03    19.3637     -0.100     -0.145    27.5869 0.0000e+00
     -0.102      0.001    10.7331    135.943     48.122  50.619202     2.1559     10.508    48.2425 9.1742e+02    19.3799     -0.100     -0.145    27.5868 0.0000e+00
     -0.101      0.001    10.7249    135.941     48.144  50.642621     2.1512     10.511    48.2604 7.6642e+02    19.3887     -0.099     -0.144    27.5869 0.0000e+00
     -0.101      0.000    10.7236    135.931     48.164  50.662668     2.1444     10.513    48.2260 5.8492e+02    19.4103     -0.099     -0.143    27.5872 0.0000e+00
     -0.101 6.9850e-08    10.7181    135.912     48.162  50.660683     2.1394     10.514    48.2251 4.1624e+02    19.4166     -0.100     -0.145    27.5883 0.0000e+00
     -0.101 7.6835e-07    10.7136    135.923     48.146  50.642952     2.1398     10.515    48.3045 2.8755e+02    19.3598     -0.099     -0.144    27.5884 0.0000e+00
     -0.101      0.000    10.7197    135.983     48.134  50.630461     2.1430     10.517    48.4208 1.9565e+02    19.2593     -0.099     -0.143    27.5873 0.0000e+00
     -0.101      0.000    10.7193    136.067     48.133  50.629806     2.1422     10.519    48.5151 1.4251e+02    19.1963     -0.100     -0.144    27.5869 0.0000e+00
     -0.101      0.001    10.7124    136.151     48.133  50.630985     2.1402     10.519    48.5841 1.1859e+02    19.2494     -0.099     -0.143    27.5871 0.0000e+00
     -0.101      0.001    10.7112    136.223     48.127  50.624040     2.1454     10.519    48.6586 1.0782e+02    19.4477     -0.099     -0.143    27.5873 0.0000e+00
     -0.101      0.001    10.7201    136.274     48.112  50.609196     2.1558     10.520    48.7433 1.0373e+02    19.7043     -0.099     -0.144    27.5873 0.0000e+00
     -0.100      0.002    10.7285    136.305     48.101  50.597702     2.1609     10.520    48.7969 1.0270e+02    19.8662     -0.099     -0.143    27.5876 0.0000e+00
     -0.099      0.002    10.7334    136.329     48.103  50.600012     2.1563     10.520    48.8182 1.0255e+02    19.8754     -0.098     -0.141    27.5878 0.0000e+00
     -0.099      0.003    10.7415    136.339     48.114  50.611223     2.1500     10.520    48.8852 1.0260e+02    19.7739     -0.097     -0.141    27.5878 0.0000e+00
     -0.098      0.003    10.7455    136.326     48.122  50.619734     2.1517     10.521    49.0117 1.0255e+02    19.6405     -0.096     -0.140    27.5882 0.0000e+00
     -0.097      0.003    10.7450    136.278     48.126  50.624275     2.1579     10.522    49.1356 1.0250e+02    19.5445     -0.095     -0.138    27.5884 0.0000e+00
     -0.096      0.003    10.7484    136.173     48.131  50.628977     2.1550     10.522    49.2683 1.0254e+02    19.4105     -0.094     -0.137    27.5888 0.0000e+00
     -0.095      0.003    10.7508    136.019     48.133  50.631695     2.1346     10.523    49.4373 1.0264e+02    19.0584     -0.093     -0.135    27.5890 0.0000e+00
     -0.095      0.003    10.7479    135.864     48.131  50.629396     2.1078     10.524    49.5791 1.0269e+02    18.5494     -0.093     -0.135    27.5889 0.0000e+00
     -0.094      0.003    10.7474    135.753     48.129  50.627055     2.0967     10.525    49.6743 1.0258e+02    18.1986     -0.092     -0.134    27.5890 0.0000e+00
     -0.093      0.002    10.7410    135.698     48.132  50.629402     2.1029     10.526    49.8010 1.0229e+02    18.1482     -0.092     -0.133    27.5889 0.0000e+00
     -0.092      0.002    10.7220    135.688     48.134  50.631748     2.1083     10.526    49.9446 1.0208e+02    18.2754     -0.091     -0.131    27.5886 0.0000e+00
     -0.092      0.002    10.7079    135.697     48.131  50.629402     2.1030     10.526    50.0146 1.0201e+02    18.4099     -0.090     -0.130    27.5879 0.0000e+00
     -0.092      0.001    10.6998    135.713     48.129  50.627055     2.0908     10.527    50.0258 1.0196e+02    18.4659     -0.090     -0.131    27.5877 0.0000e+00
     -0.092      0.001    10.6942    135.744     48.132  50.629395     2.0866     10.529    50.0558 1.0191e+02    18.5129     -0.090     -0.130    27.5878 0.0000e+00
     -0.091      0.001    10.6971    135.781     48.134  50.631695     2.1074     10.530    50.1432 1.0194e+02    18.6635     -0.090     -0.130    27.5877 0.0000e+00
     -0.091      0.001    10.6993    135.800     48.131  50.628986     2.1424     10.531    50.2668 1.0203e+02    18.8629     -0.090     -0.130    27.5879 0.0000e+00
