Data/DataNotYetUploadedToEDI/Raw_CTD/RawDownloads/070122_fcr50_S8188001.cnv
* Sea-Bird SBE19plus  Data File:
* FileName = C:\R\Reservoirs\Data\DataNotYetUploadedToEDI\Raw_CTD\RawDownloads\070122_fcr50_SBE19plus01908188_0001.hex
* Software version 2.8.0.119
* Temperature SN = 8188
* Conductivity SN = 8188
* System UpLoad Time = Jul 10 2022 17:45:26
* <ApplicationData>
* <Seaterm232>
# nquan = 16
# nvalues = 2299                        
# units = specified
# name 0 = depFM: Depth [fresh water, m]
# name 1 = dz/dtM: Descent Rate [m/s]
# name 2 = sbeox0Mg/L: Oxygen, SBE 43 [mg/l]
# name 3 = sbeox0PS: Oxygen, SBE 43 [% saturation]
# name 4 = specc: Specific Conductance [uS/cm]
# name 5 = c0uS/cm: Conductivity [uS/cm]
# name 6 = wetCDOM: Fluorescence, WET Labs CDOM [mg/m^3]
# name 7 = flECO-AFL: Fluorescence, WET Labs ECO-AFL/FL [mg/m^3]
# name 8 = flECO-AFL1: Fluorescence, WET Labs ECO-AFL/FL, 2 [mg/m^3]
# name 9 = flECO-AFL2: Fluorescence, WET Labs ECO-AFL/FL, 3 [mg/m^3]
# name 10 = par/sat/log: PAR/Logarithmic, Satlantic
# name 11 = turbWETntu0: Turbidity, WET Labs ECO [NTU]
# name 12 = prdM: Pressure, Strain Gauge [db]
# name 13 = prdE: Pressure, Strain Gauge [psi]
# name 14 = tv290C: Temperature [ITS-90, deg C]
# name 15 = flag:  0.000e+00
# span 0 =     -0.627,      9.676       
# span 1 =     -0.399,      0.266       
# span 2 =    -0.0514,    13.5868       
# span 3 =     -0.453,    166.975       
# span 4 =     -0.115,    464.095       
# span 5 =  -0.124742, 334.229861       
# span 6 =    -4.7669,    10.6249       
# span 7 =    -0.0829,    10.9342       
# span 8 =    -5.3142,     2.8970       
# span 9 =    -6.7744,    14.2767       
# span 10 = 1.1588e-01, 1.9784e+03      
# span 11 =    -0.0100,     9.8120      
# span 12 =     -0.615,      9.490      
# span 13 =     -0.892,     13.764      
# span 14 =    10.4082,    29.3548      
# span 15 = 0.0000e+00, 0.0000e+00      
# interval = seconds: 0.25
# start_time = Jul 01 2022 09:16:31 [Instrument's time stamp, header]
# bad_flag = -9.990e-29
*END*
[from data line 633]
      2.875      0.022     0.0992      0.984     55.958  44.901797     5.4064     3.8440     0.0883     0.3343 4.0151e+00     1.8735      2.818      4.087    15.1939 0.0000e+00
      2.881      0.022     0.0957      0.999     55.973  44.898008     5.3968     3.8354     0.0785     0.3416 3.9896e+00     1.9076      2.825      4.097    15.1680 0.0000e+00
      2.888      0.021     0.0919      0.990     56.041  44.934481     5.4007     3.8198     0.0067     0.3355 3.9709e+00     1.9702      2.832      4.107    15.1425 0.0000e+00
      2.896      0.019     0.0948      0.993     56.148  45.005001     5.4016     3.8106    -0.0031     0.3418 3.9638e+00     2.0045      2.842      4.122    15.1255 0.0000e+00
      2.901      0.017     0.0996      1.003     56.249  45.075138     5.3957     3.8091     0.0004     0.3336 3.9604e+00     2.0088      2.846      4.128    15.1207 0.0000e+00
      2.903      0.015     0.1023      1.004     56.387  45.174525     5.4081     3.8024     0.0024     0.3457 3.9533e+00     2.0245      2.847      4.129    15.1043 0.0000e+00
      2.905      0.013     0.0982      0.999     56.515  45.260949     5.4817     3.7891     0.0395     0.4166 3.9488e+00     2.0529      2.849      4.132    15.0864 0.0000e+00
      2.907      0.012     0.0997      0.995     56.603  45.309440     5.4950     3.7821     0.0446     0.4250 3.9363e+00     2.0679      2.850      4.134    15.0725 0.0000e+00
      2.910      0.014     0.1015      0.998     56.779  45.423031     5.4869     3.7816     0.0413     0.4250 3.9137e+00     2.0678      2.853      4.138    15.0625 0.0000e+00
      2.915      0.017     0.1012      0.996     56.987  45.553505     5.4918     3.7794     0.0436     0.4166 3.9078e+00     2.0562      2.859      4.147    15.0562 0.0000e+00
      2.919      0.019     0.1010      0.994     57.101  45.603437     5.4890     3.7759     0.0416     0.3457 3.9073e+00     2.0347      2.862      4.151    15.0423 0.0000e+00
      2.924      0.020     0.0991      0.993     57.169  45.621389     5.4904     3.7733     0.0437     0.3336 3.8881e+00     2.0229      2.865      4.156    15.0207 0.0000e+00
      2.932      0.020     0.1016      0.993     57.217  45.635406     5.4900     3.7724     0.0411     0.3418 3.8717e+00     2.0204      2.876      4.171    14.9989 0.0000e+00
      2.938      0.020     0.1002      1.004     57.243  45.637791     5.4894     3.7769     0.0449     0.3356 3.8669e+00     2.0006      2.883      4.180    14.9681 0.0000e+00
      2.941      0.019     0.1000      1.000     57.278  45.650203     5.4913     3.7849     0.0389     0.3414 3.8506e+00     1.9645      2.883      4.181    14.9258 0.0000e+00
      2.946      0.016     0.1014      0.977     57.288  45.650358     5.4878     3.7886     0.0033     0.3794 3.8247e+00     1.9447      2.888      4.189    14.8919 0.0000e+00
      2.951      0.015     0.0987      0.964     57.270  45.639647     5.4937     3.7883    -0.0012     0.3780 3.8176e+00     1.9431      2.896      4.200    14.8741 0.0000e+00
      2.954      0.016     0.1028      0.959     57.285  45.655808     5.4840     3.7965    -0.0006     0.3881 3.8308e+00     1.9478      2.898      4.204    14.8605 0.0000e+00
      2.955      0.018     0.1023      0.949     57.358  45.710653     5.4999     3.8137     0.0026     0.3670 3.8353e+00     1.9565      2.898      4.203    14.8432 0.0000e+00
      2.958      0.018     0.0978      0.945     57.431  45.762350     5.5693     3.8231     0.0400     0.2247 3.8172e+00     1.9609      2.899      4.205    14.8345 0.0000e+00
      2.966      0.018     0.0971      0.945     57.410  45.740434     5.5886     3.8227     0.0432     0.2059 3.7914e+00     1.9587      2.908      4.217    14.8412 0.0000e+00
      2.974      0.019     0.0976      0.929     57.388  45.715871     5.5714     3.8067     0.0438     0.2107 3.7790e+00     1.9327      2.919      4.233    14.8503 0.0000e+00
      2.979      0.019     0.0958      0.933     57.426  45.735566     5.5907     3.7762     0.0392     0.2189 3.7742e+00     1.8855      2.923      4.239    14.8443 0.0000e+00
      2.982      0.018     0.0943      0.964     57.399  45.708346     5.6601     3.7598     0.0037     0.3305 3.7540e+00     1.8598      2.923      4.240    14.8348 0.0000e+00
      2.986      0.016     0.0978      0.981     57.327  45.656965     5.6761     3.7583    -0.0023     0.3410 3.7324e+00     1.8595      2.928      4.246    14.8336 0.0000e+00
      2.990      0.016     0.0929      0.984     57.307  45.654750     5.6663     3.7492     0.0016     0.3403 3.7314e+00     1.8816      2.933      4.254    14.8291 0.0000e+00
      2.993      0.017     0.0924      0.972     57.324  45.681589     5.6722     3.7312    -0.0012     0.3313 3.7329e+00     1.9222      2.935      4.257    14.8154 0.0000e+00
      2.995      0.019     0.0997      0.952     57.339  45.711259     5.6688     3.7210     0.0011     0.2625 3.7269e+00     1.9443      2.936      4.259    14.8076 0.0000e+00
      3.000      0.021     0.0990      0.948     57.351  45.743298     5.6706     3.7212    -0.0012     0.2464 3.7217e+00     1.9448      2.941      4.267    14.8150 0.0000e+00
      3.008      0.024     0.1001      0.942     57.399  45.798793     5.6699     3.7256     0.0018     0.2617 3.7065e+00     1.9278      2.951      4.279    14.8316 0.0000e+00
      3.016      0.025     0.0996      0.919     57.449  45.841833     5.6695     3.7319    -0.0026     0.2436 3.6879e+00     1.8961      2.959      4.291    14.8404 0.0000e+00
      3.022      0.024     0.0942      0.905     57.484  45.858369     5.6710     3.7351     0.0042     0.2688 3.6789e+00     1.8788      2.963      4.298    14.8531 0.0000e+00
      3.029      0.022     0.0962      0.919     57.591  45.931163     5.6681     3.7356     0.0385     0.4098 3.6616e+00     1.8759      2.969      4.307    14.8786 0.0000e+00
      3.036      0.020     0.0965      0.956     57.764  46.046421     5.6732     3.7323     0.0451     0.4273 3.6382e+00     1.8593      2.978      4.321    14.8958 0.0000e+00
      3.040      0.019     0.0923      0.997     57.903  46.103495     5.6647     3.7264     0.0411     0.4266 3.6276e+00     1.8291      2.984      4.327    14.9010 0.0000e+00
      3.042      0.017     0.0903      1.019     57.962  46.080726     5.6786     3.7237     0.0435     0.4106 3.6229e+00     1.8129      2.983      4.326    14.8832 0.0000e+00
      3.045      0.015     0.0919      1.021     57.972  46.041259     5.7513     3.7219     0.0421     0.2677 3.6101e+00     1.8122      2.985      4.330    14.8734 0.0000e+00
      3.051      0.014     0.0965      1.008     57.974  46.031572     5.7654     3.7219     0.0427     0.2454 3.5986e+00     1.8216      2.993      4.341    14.8683 0.0000e+00
      3.056      0.014     0.1018      0.978     58.065  46.098705     5.7567     3.7245     0.0428     0.2587 3.5957e+00     1.8397      2.998      4.348    14.8141 0.0000e+00
      3.058      0.015     0.1043      0.940     58.209  46.177400     5.7621     3.7257     0.0421     0.2511 3.5904e+00     1.8497      2.999      4.350    14.7376 0.0000e+00
      3.059      0.017     0.1037      0.911     58.270  46.172374     5.7586     3.7266     0.0435     0.2549 3.5821e+00     1.8516      3.000      4.351    14.6926 0.0000e+00
      3.062      0.020     0.1035      0.902     58.325  46.172971     5.7610     3.7258     0.0410     0.2540 3.5697e+00     1.8644      3.001      4.352    14.6937 0.0000e+00
      3.069      0.024     0.0995      0.903     58.375  46.184573     5.7591     3.7224     0.0452     0.2522 3.5504e+00     1.8873      3.009      4.363    14.7067 0.0000e+00
      3.077      0.027     0.0952      0.894     58.382  46.177505     5.7611     3.7210     0.0382     0.2572 3.5290e+00     1.8995      3.019      4.377    14.6709 0.0000e+00
      3.086      0.028     0.0917      0.893     58.430  46.222615     5.7587     3.7223     0.0046     0.2928 3.5107e+00     1.9002      3.025      4.386    14.6066 0.0000e+00
      3.096      0.027     0.0909      0.916     58.565  46.324673     5.7620     3.7312    -0.0033     0.2977 3.5015e+00     1.8919      3.038      4.405    14.5754 0.0000e+00
      3.104      0.025     0.0933      0.945     58.703  46.398142     5.7568     3.7472     0.0029     0.2959 3.4993e+00     1.8761      3.047      4.419    14.5530 0.0000e+00
      3.107      0.021     0.0907      0.957     58.703  46.367759     5.7652     3.7566    -0.0031     0.2950 3.4983e+00     1.8678      3.045      4.418    14.5325 0.0000e+00
      3.110      0.017     0.0894      0.947     58.610  46.295056     5.7516     3.7575     0.0041     0.2988 3.4945e+00     1.8658      3.049      4.423    14.5555 0.0000e+00
      3.115      0.015     0.0932      0.928     58.559  46.262219     5.6781     3.7532     0.0391     0.3360 3.4874e+00     1.8496      3.056      4.433    14.5634 0.0000e+00
      3.119      0.015     0.0970      0.921     58.533  46.240957     5.6656     3.7466     0.0438     0.3385 3.4834e+00     1.8196      3.060      4.438    14.5122 0.0000e+00
      3.121      0.016     0.0985      0.936     58.445  46.173079     5.6718     3.7434     0.0434     0.3407 3.4756e+00     1.8030      3.061      4.439    14.4738 0.0000e+00
      3.125      0.018     0.0967      0.953     58.404  46.117070     5.6705     3.7421     0.0395     0.3333 3.4579e+00     1.8000      3.064      4.444    14.4903 0.0000e+00
      3.130      0.020     0.0943      0.959     58.450  46.104178     5.6672     3.7362     0.0035     0.3027 3.4417e+00     1.7846      3.070      4.453    14.5056 0.0000e+00
      3.135      0.022     0.0927      0.963     58.540  46.152256     5.6758     3.7262    -0.0022     0.2888 3.4233e+00     1.7572      3.073      4.456    14.4866 0.0000e+00
      3.143      0.025     0.0954      0.964     58.667  46.225454     5.6597     3.7206     0.0013     0.3057 3.4055e+00     1.7425      3.082      4.470    14.5069 0.0000e+00
      3.150      0.026     0.0979      0.965     58.805  46.246069     5.6872     3.7201    -0.0008     0.2819 3.4050e+00     1.7425      3.093      4.486    14.4978 0.0000e+00
      3.155      0.026     0.0977      0.959     58.959  46.266302     5.8326     3.7171     0.0006     0.1839 3.3990e+00     1.7583      3.093      4.486    14.4141 0.0000e+00
      3.161      0.024     0.0988      0.944     58.938  46.199744     5.8608     3.7116    -0.0004     0.1583 3.3618e+00     1.7879      3.098      4.492    14.4128 0.0000e+00
      3.171      0.021     0.0980      0.934     58.759  46.049266     5.8431     3.7077     0.0004     0.1790 3.3343e+00     1.8039      3.113      4.515    14.4274 0.0000e+00
      3.178      0.019     0.0990      0.927     58.529  45.865541     5.8546     3.7063    -0.0005     0.1581 3.3396e+00     1.8041      3.119      4.524    14.3206 0.0000e+00
      3.181      0.017     0.0991      0.918     58.266  45.667185     5.8465     3.7140     0.0006     0.1843 3.3506e+00     1.7951      3.118      4.523    14.2084 0.0000e+00
      3.182      0.014     0.0963      0.914     58.031  45.542475     5.8532     3.7287    -0.0010     0.2810 3.3533e+00     1.7789      3.120      4.526    14.1794 0.0000e+00
      3.185      0.013     0.0958      0.918     57.808  45.438626     5.8464     3.7352     0.0016     0.3071 3.3440e+00     1.7701      3.122      4.529    14.1812 0.0000e+00
      3.188      0.013     0.0953      0.923     57.726  45.357390     5.8550     3.7345    -0.0025     0.2865 3.3329e+00     1.7680      3.128      4.536    14.1819 0.0000e+00
      3.192      0.015     0.0942      0.926     57.766  45.303318     5.8423     3.7322     0.0041     0.3067 3.3191e+00     1.7547      3.131      4.541    14.1609 0.0000e+00
      3.196      0.019     0.0934      0.928     57.721  45.190052     5.7666     3.7293     0.0385     0.3717 3.3036e+00     1.7306      3.133      4.544    14.2199 0.0000e+00
      3.201      0.023     0.0938      0.929     57.653  45.068641     5.7583     3.7279     0.0452     0.3851 3.2948e+00     1.7174      3.140      4.554    14.3439 0.0000e+00
      3.205      0.026     0.0947      0.933     57.703  45.051200     5.7572     3.7273     0.0411     0.3798 3.2863e+00     1.7167      3.143      4.559    14.3088 0.0000e+00
      3.211      0.028     0.0948      0.942     57.799  45.114213     5.7679     3.7253     0.0435     0.3783 3.2766e+00     1.7223      3.146      4.562    14.1928 0.0000e+00
      3.223      0.028     0.0954      0.954     57.860  45.154993     5.8405     3.7219     0.0420     0.3420 3.2666e+00     1.7325      3.160      4.584    14.1427 0.0000e+00
      3.235      0.028     0.0955      0.956     57.909  45.138966     5.8579     3.7201     0.0429     0.3351 3.2624e+00     1.7380      3.176      4.607    14.0853 0.0000e+00
      3.240      0.029     0.0957      0.935     58.069  45.190570     5.8418     3.7204     0.0424     0.3420 3.2585e+00     1.7398      3.178      4.609    14.0101 0.0000e+00
      3.243      0.031     0.0970      0.915     58.391  45.373526     5.8605     3.7240     0.0427     0.3335 3.2469e+00     1.7578      3.178      4.609    14.0196 0.0000e+00
      3.248      0.032     0.0982      0.915     58.688  45.527066     5.9301     3.7305     0.0425     0.3008 3.2377e+00     1.7912      3.185      4.620    14.0443 0.0000e+00
      3.255      0.033     0.1004      0.914     58.798  45.560761     5.9463     3.7338     0.0426     0.2928 3.2137e+00     1.8094      3.190      4.628    13.9741 0.0000e+00
      3.268      0.033     0.0962      0.903     58.823  45.578217     5.9359     3.7345     0.0425     0.2987 3.1711e+00     1.8097      3.200      4.641    13.8974 0.0000e+00
      3.283      0.033     0.0932      0.886     58.865  45.603020     5.9430     3.7413     0.0426     0.2936 3.1511e+00     1.7957      3.224      4.676    13.8614 0.0000e+00
      3.293      0.029     0.0955      0.882     58.877  45.590423     5.9374     3.7525     0.0426     0.2991 3.1549e+00     1.7703      3.233      4.689    13.7801 0.0000e+00
      3.296      0.023     0.0950      0.890     58.822  45.560983     5.9428     3.7582     0.0426     0.3367 3.1467e+00     1.7568      3.229      4.684    13.7080 0.0000e+00
      3.300      0.016     0.0942      0.891     58.728  45.517299     5.9363     3.7576     0.0426     0.3366 3.1264e+00     1.7560      3.236      4.695    13.7506 0.0000e+00
      3.303      0.010     0.0909      0.888     58.661  45.467606     5.9455     3.7437     0.0426     0.3441 3.1201e+00     1.7614      3.241      4.700    13.7448 0.0000e+00
      3.304      0.008     0.0910      0.881     58.638  45.433022     5.9313     3.7199     0.0426     0.3274 3.1248e+00     1.7722      3.240      4.699    13.6901 0.0000e+00
      3.304      0.008     0.0930      0.874     58.655  45.436890     5.8586     3.7081     0.0426     0.2229 3.1225e+00     1.7783      3.240      4.700    13.7211 0.0000e+00
      3.305      0.008     0.0919      0.874     58.664  45.446815     5.8451     3.7074     0.0426     0.2048 3.1162e+00     1.7788      3.240      4.699    13.7614 0.0000e+00
      3.309      0.009     0.0926      0.879     58.629  45.417918     5.8525     3.7085     0.0426     0.2152 3.1118e+00     1.7800      3.244      4.705    13.7594 0.0000e+00
      3.313      0.012     0.0911      0.883     58.593  45.357713     5.8492     3.7110     0.0426     0.2099 3.1030e+00     1.7827      3.250      4.713    13.7310 0.0000e+00
      3.315      0.014     0.0901      0.882     58.637  45.326822     5.8493     3.7126     0.0426     0.2113 3.0885e+00     1.7842      3.251      4.715    13.7241 0.0000e+00
      3.317      0.015     0.0905      0.876     58.779  45.382096     5.8525     3.7135     0.0426     0.2136 3.0808e+00     1.7837      3.251      4.715    13.7319 0.0000e+00
      3.322      0.016     0.0912      0.866     58.951  45.485538     5.8451     3.7137     0.0426     0.2071 3.0849e+00     1.7816      3.258      4.725    13.7387 0.0000e+00
