Data/DataNotYetUploadedToEDI/Raw_CTD/RawDownloads/070126_ccr20_S8188006.cnv
* Sea-Bird SBE19plus  Data File:
* FileName = C:\R\Reservoirs\Data\DataNotYetUploadedToEDI\Raw_CTD\RawDownloads\070126_ccr10_S8188_0006.hex
* Software version 2.8.0.119
* Temperature SN = 8188
* Conductivity SN = 8188
* System UpLoad Time = Jul 02 2026 16:08:02
* <ApplicationData>
* <Seaterm232>
# nquan = 16
# nvalues = 1715                        
# units = specified
# name 0 = depFM: Depth [fresh water, m]
# name 1 = dz/dtM: Descent Rate [m/s]
# name 2 = sbeox0Mg/L: Oxygen, SBE 43 [mg/l]
# name 3 = sbeox0PS: Oxygen, SBE 43 [% saturation]
# name 4 = specc: Specific Conductance [uS/cm]
# name 5 = c0uS/cm: Conductivity [uS/cm]
# name 6 = wetCDOM: Fluorescence, WET Labs CDOM [mg/m^3]
# name 7 = flECO-AFL: Fluorescence, WET Labs ECO-AFL/FL [mg/m^3]
# name 8 = flECO-AFL1: Fluorescence, WET Labs ECO-AFL/FL, 2 [mg/m^3]
# name 9 = flECO-AFL2: Fluorescence, WET Labs ECO-AFL/FL, 3 [mg/m^3]
# name 10 = par/sat/log: PAR/Logarithmic, Satlantic
# name 11 = turbWETntu0: Turbidity, WET Labs ECO [NTU]
# name 12 = prdM: Pressure, Strain Gauge [db]
# name 13 = prdE: Pressure, Strain Gauge [psi]
# name 14 = tv290C: Temperature [ITS-90, deg C]
# name 15 = flag:  0.000e+00
# span 0 =     -0.424,      5.558       
# span 1 =     -0.174,      0.216       
# span 2 =     0.1086,    10.0998       
# span 3 =      1.205,    109.254       
# span 4 =   -592.146,    186.287       
# span 5 =-465.692409, 167.000138       
# span 6 =    -4.5000,    35.8200       
# span 7 =    -1.6998,   245.1454       
# span 8 =    -4.3026,     6.8160       
# span 9 =    -5.9220,     5.3721       
# span 10 = 2.5322e+00, 3.4288e+03      
# span 11 =    -7.7419,   524.9562      
# span 12 =     -0.416,      5.451      
# span 13 =     -0.603,      7.906      
# span 14 =    14.2320,    28.8648      
# span 15 = 0.0000e+00, 0.0000e+00      
# interval = seconds: 0.25
# start_time = Jul 02 2026 12:32:34 [Instrument's time stamp, header]
# bad_flag = -9.990e-29
*END*
[from data line 1266]
      5.526      0.008     7.9866     85.289    153.365 121.073936    21.2400     3.8430     0.3408     0.5922 5.8520e+00    47.4570      5.419      7.861    14.6305 0.0000e+00
      5.528      0.006     8.2091     85.131    153.154 120.814319    21.2400     4.7013     0.3408     0.5922 6.1787e+00   325.8836      5.421      7.863    14.5817 0.0000e+00
      5.529      0.005     8.4307     84.137    153.048 120.656490    21.2400     4.7356     0.3408     0.5922 5.6852e+00   325.7175      5.422      7.864    14.5410 0.0000e+00
      5.530      0.003     8.6074     82.439    152.988 120.554359    21.4200     4.7166     0.3834     0.7614 5.1523e+00   325.9592      5.423      7.866    14.5033 0.0000e+00
      5.531      0.003     8.6970     80.137    152.938 120.476690    21.4200     4.7204     0.3834     0.7614 5.1389e+00   325.7930      5.424      7.868    14.4686 0.0000e+00
      5.532      0.002     8.6863     77.435    152.899 120.422772    21.4200     3.3471     0.3834     0.7614 5.6508e+00   524.8354      5.425      7.868    14.4385 0.0000e+00
      5.532      0.002     8.5892     74.536    152.878 120.390231    21.4200     3.3318     0.3834     0.7614 6.2056e+00   524.8051      5.425      7.868    14.4143 0.0000e+00
      5.532      0.002     8.4190     71.539    152.863 120.366388    21.5100     3.3662     0.3834     0.6768 6.0144e+00   524.9562      5.425      7.868    14.3962 0.0000e+00
      5.533      0.002     8.1860     68.443    152.830 120.332882    21.5100     3.3623     0.3834     0.6768 5.7900e+00   524.8051      5.426      7.869    14.3839 0.0000e+00
      5.533      0.003     7.9113     65.183    152.764 120.276777    21.5100     3.1067     0.3834     0.6768 5.7950e+00   223.0693      5.426      7.871    14.3762 0.0000e+00
      5.534      0.004     7.6160     61.736    152.632 120.171109    21.5100     3.0495     0.3834     0.6768 5.7311e+00   222.9937      5.427      7.872    14.3711 0.0000e+00
      5.536      0.004     7.3104     58.096    152.434 120.013706    21.5100     3.1067     0.3834     0.6768 5.7088e+00   223.1297      5.429      7.874    14.3673 0.0000e+00
      5.537      0.005     6.9945     54.286    152.230 119.850609    21.4200     3.0915     0.3834     0.7191 5.6914e+00   223.0088      5.430      7.875    14.3647 0.0000e+00
      5.538      0.005     6.6615     50.426    152.027 119.688338    21.4200     3.0381     0.3834     0.7191 5.6483e+00   171.1183      5.431      7.877    14.3633 0.0000e+00
      5.539      0.005     6.3093     46.665    151.792 119.501621    21.4200     3.0266     0.3834     0.7191 5.6336e+00   171.1636      5.432      7.878    14.3628 0.0000e+00
      5.541      0.005     5.9373     43.154    151.516 119.280676    21.4200     3.0419     0.3834     0.7191 5.4352e+00   171.1334      5.433      7.880    14.3623 0.0000e+00
      5.542      0.005     5.5480     39.954    151.185 119.008590    22.5900     3.0381     0.4260     0.8460 5.2312e+00   171.0880      5.435      7.883    14.3613 0.0000e+00
      5.543      0.005     5.1536     37.043    150.773 118.664816    22.5900     3.2784     0.4260     0.8460 5.1366e+00   122.5662      5.436      7.885    14.3606 0.0000e+00
      5.545      0.005     4.7693     34.482    150.197 118.185683    22.5900     3.2784     0.4260     0.8460 4.9536e+00   122.5209      5.438      7.887    14.3600 0.0000e+00
      5.546      0.005     4.4106     32.338    149.277 117.435420    22.5900     3.2670     0.4260     0.8460 4.7326e+00   122.4453      5.439      7.888    14.3587 0.0000e+00
      5.547      0.004     4.0837     30.600    147.767 116.223957    27.1800     3.2670     0.5964     1.4382 4.6258e+00   122.7172      5.440      7.890    14.3551 0.0000e+00
      5.548      0.004     3.7867     29.268    145.287 114.256240    27.1800     3.5683     0.5964     1.4382 4.4658e+00   112.3996      5.441      7.892    14.3484 0.0000e+00
      5.549      0.003     3.5255     28.366    141.203 111.033548    27.1800     3.5760     0.5964     1.4382 4.3396e+00   112.3542      5.442      7.893    14.3398 0.0000e+00
      5.550      0.002     3.3070     27.890    134.454 105.720499    27.1800     3.5645     0.5964     1.4382 4.2852e+00   112.3996      5.442      7.894    14.3309 0.0000e+00
      5.551      0.002     3.1298     27.830    123.273  96.924284    29.6100     3.5874     1.5336     1.4382 4.1181e+00   112.3844      5.443      7.895    14.3231 0.0000e+00
      5.551      0.001     2.9940     28.120    104.727  82.333250    29.6100     3.6294     1.5336     1.4382 3.9852e+00    52.0040      5.443      7.895    14.3173 0.0000e+00
      5.551      0.000     2.9020     28.636     73.885  58.070455    29.6100     3.6217     1.5336     1.4382 3.7500e+00    52.0343      5.444      7.896    14.3137 0.0000e+00
      5.551     -0.001     2.8535     29.288     22.495  17.647818    29.6100     3.6370     1.5336     1.4382 3.6733e+00    51.9436      5.443      7.895    14.3120 0.0000e+00
      5.551     -0.002     2.8473     30.032    -63.137 -49.698029    29.6100     3.6370     1.5336     1.4382 3.6638e+00    51.9134      5.443      7.895    14.3109 0.0000e+00
      5.550     -0.003     2.8772     30.821   -205.807-161.891975    35.0100     3.6179     1.6188     3.0879 3.5765e+00    51.9738      5.442      7.894    14.3091 0.0000e+00
      5.549     -0.004     2.9302     31.611   -443.541-348.840405    35.0100     3.7095     1.6188     3.0879 3.4550e+00    22.1386      5.441      7.893    14.3065 0.0000e+00
      5.548     -0.005     2.9971     32.373   -592.146-465.692409    35.0100     3.7095     1.6188     3.0879 3.3420e+00    22.0329      5.440      7.891    14.3041 0.0000e+00
      5.547     -0.005     3.0733     33.100   -443.655-348.900697    35.0100     3.7019     1.6188     3.0879 3.2966e+00    21.9876      5.439      7.890    14.3033 0.0000e+00
      5.545     -0.006     3.1539     33.789   -206.010-161.998631    35.8200     3.7095     1.8744     3.0456 3.1909e+00    22.0178      5.438      7.887    14.3053 0.0000e+00
      5.543     -0.006     3.2345     34.437    -63.408 -49.839484    35.8200     3.6484     1.8744     3.0456 3.0966e+00    16.2773      5.436      7.885    14.3098 0.0000e+00
      5.542     -0.006     3.3122     35.031     22.125  17.443846    35.8200     3.6217     1.8744     3.0456 2.9882e+00    16.3075      5.434      7.882    14.3151 0.0000e+00
      5.540     -0.006     3.3862     35.560     73.352  57.749576    35.8200     3.6446     1.8744     3.0456 2.9934e+00    16.3982      5.432      7.879    14.3195 0.0000e+00
      5.538     -0.006     3.4564     36.022    103.996  81.861906    17.0100     3.6294     2.4708     0.0000 2.9031e+00    16.2773      5.431      7.877    14.3229 0.0000e+00
      5.536     -0.005     3.5223     36.416    122.350  96.298803    17.0100     3.3814     2.4708     0.0000 2.8075e+00    15.5522      5.429      7.875    14.3270 0.0000e+00
      5.535     -0.004     3.5825     36.737    133.371 104.956110    17.0100     3.4005     2.4708     0.0000 2.7448e+00    15.6580      5.428      7.873    14.3329 0.0000e+00
      5.534     -0.003     3.6361     36.997    139.980 110.134439    17.0100     3.4157     2.4708     0.0000 2.7128e+00    15.6126      5.427      7.871    14.3392 0.0000e+00
      5.533     -0.002     3.6830     37.216    143.928 113.214679    17.0100     3.4005     2.4708     0.0000 2.6614e+00    15.6278      5.426      7.870    14.3437 0.0000e+00
      5.532     -0.001     3.7232     37.396    146.297 115.052227     0.0000     3.4081     1.6188     0.0846 2.6281e+00    14.8422      5.425      7.869    14.3446 0.0000e+00
      5.532      0.000     3.7563     37.525    147.736 116.159097     0.0000     3.4119     1.6188     0.0846 2.6281e+00    14.8724      5.425      7.869    14.3413 0.0000e+00
      5.532      0.001     3.7835     37.586    148.606 116.820453     0.0000     3.4386     1.6188     0.0846 2.6047e+00    14.8724      5.425      7.869    14.3347 0.0000e+00
      5.533      0.002     3.8065     37.597    149.110 117.194655     0.0000     3.3929     1.6188     0.0846 2.6104e+00    14.8120      5.426      7.870    14.3264 0.0000e+00
      5.534      0.003     3.8257     37.586    149.387 117.387490     0.0000     3.5874     0.7242     0.0423 2.6144e+00    14.3739      5.427      7.871    14.3179 0.0000e+00
      5.535      0.005     3.8395     37.583    149.541 117.482381     0.0000     3.5760     0.7242     0.0423 2.5912e+00    14.5099      5.428      7.872    14.3099 0.0000e+00
      5.536      0.006     3.8464     37.617    149.621 117.518634     0.0000     3.5836     0.7242     0.0423 2.5322e+00    14.2984      5.429      7.874    14.3023 0.0000e+00
      5.538      0.006     3.8481     37.709    149.656 117.521915     0.0000     3.5950     0.7242     0.0423 2.5383e+00    14.3588      5.431      7.876    14.2947 0.0000e+00
      5.539      0.007     3.8477     37.859    149.691 117.529101     0.0000     3.6484     0.3834    -0.0423 2.5794e+00    15.1292      5.432      7.879    14.2864 0.0000e+00
      5.541      0.008     3.8482     38.057    149.750 117.558109     0.0000     3.6484     0.3834    -0.0423 2.6246e+00    15.0688      5.434      7.882    14.2775 0.0000e+00
      5.544      0.009     3.8524     38.289    149.829 117.608673     0.0000     3.6446     0.3834    -0.0423 2.6545e+00    15.1292      5.436      7.885    14.2687 0.0000e+00
      5.546      0.009     3.8625     38.536    149.886 117.648272     0.0000     3.6294     0.3834    -0.0423 2.7478e+00    15.0990      5.439      7.889    14.2607 0.0000e+00
      5.549      0.009     3.8784     38.772    149.886 117.649463     0.0000     3.6637     0.4686     0.0846 2.8493e+00    17.2139      5.441      7.892    14.2538 0.0000e+00
      5.551      0.009     3.8991     38.972    149.858 117.630567     0.0000     3.6866     0.4686     0.0846 2.9714e+00    17.2744      5.444      7.896    14.2482 0.0000e+00
      5.554      0.008     3.9233     39.121    149.824 117.608545     0.0000     3.7171     0.4686     0.0846 3.1674e+00    17.2744      5.447      7.900    14.2443 0.0000e+00
      5.556      0.006     3.9488     39.219    149.792 117.589527     0.0000     3.6980     0.4686     0.0846 3.3239e+00    17.1837      5.449      7.903    14.2427 0.0000e+00
      5.558      0.004     3.9729     39.280    149.775 117.584442     0.0000     3.7858     0.4686     0.0846 3.5095e+00    21.0812      5.450      7.905    14.2429 0.0000e+00
      5.558      0.001     3.9933     39.316    149.778 117.595934     1.8900     3.7743     1.6188    -0.0423 3.6654e+00    21.0812      5.451      7.906    14.2439 0.0000e+00
      5.558     -0.001     4.0085     39.333    149.788 117.611069     1.8900     3.7820     1.6188    -0.0423 3.9038e+00    21.0661      5.451      7.906    14.2455 0.0000e+00
      5.557     -0.004     4.0184     39.339    149.796 117.621881     1.8900     3.7781     1.6188    -0.0423 4.1613e+00    21.0963      5.450      7.904    14.2475 0.0000e+00
      5.556     -0.006     4.0244     39.339    149.813 117.635254     1.8900     3.6599     1.6188    -0.0423 4.3537e+00    23.6191      5.448      7.902    14.2502 0.0000e+00
      5.554     -0.008     4.0277     39.330    149.838 117.654755    19.3500     3.6675     0.5538     0.5076 4.5009e+00    23.7701      5.446      7.899    14.2532 0.0000e+00
      5.551     -0.009     4.0293     39.302    149.846 117.661581    19.3500     3.6561     0.5538     0.5076 4.5284e+00    23.6946      5.444      7.896    14.2557 0.0000e+00
      5.549     -0.011     4.0298     39.244    149.836 117.657553    19.3500     3.6561     0.5538     0.5076 4.6835e+00    23.7852      5.441      7.892    14.2572 0.0000e+00
      5.546     -0.011     4.0298     39.151    149.839 117.665598    19.3500     4.0185     0.5538     0.5076 4.8661e+00    25.2052      5.438      7.888    14.2574 0.0000e+00
      5.543     -0.012     4.0289     39.023    149.840 117.671860    21.5100     4.0299     0.3408     0.8883 5.1132e+00    25.1297      5.435      7.883    14.2571 0.0000e+00
      5.539     -0.012     4.0259     38.867    149.842 117.674011    21.5100     4.0108     0.3408     0.8883 5.4305e+00    25.2052      5.432      7.879    14.2574 0.0000e+00
      5.536     -0.012     4.0199     38.690    149.867 117.688625    21.5100     4.0337     0.3408     0.8883 5.7386e+00    25.1901      5.429      7.874    14.2587 0.0000e+00
      5.533     -0.011     4.0102     38.495    149.913 117.715599    21.5100     4.3885     0.3408     0.8883 6.0131e+00    37.6227      5.426      7.870    14.2607 0.0000e+00
      5.531     -0.011     3.9970     38.283    149.999 117.774125    21.5100     4.3923     0.3408     0.8883 6.4756e+00    37.6831      5.424      7.866    14.2624 0.0000e+00
      5.528     -0.010     3.9810     38.056    150.151 117.887811    20.0700     4.3923     0.3408     0.6768 6.8699e+00    37.5925      5.421      7.862    14.2626 0.0000e+00
      5.526     -0.009     3.9630     37.812    150.341 118.032969    20.0700     4.3771     0.3408     0.6768 7.3358e+00    37.6227      5.419      7.859    14.2608 0.0000e+00
      5.523     -0.008     3.9432     37.547    150.536 118.180302    20.0700     4.7471     0.3408     0.6768 7.6800e+00   109.5747      5.417      7.856    14.2577 0.0000e+00
      5.521     -0.008     3.9218     37.273    150.781 118.363098    20.0700     4.6975     0.3408     0.6768 7.9829e+00   109.4991      5.415      7.853    14.2549 0.0000e+00
      5.520     -0.007     3.8987     37.007    151.166 118.654105    21.2400     4.7128     0.4260     0.6768 8.3574e+00   109.4085      5.413      7.850    14.2530 0.0000e+00
      5.518     -0.007     3.8738     36.770    151.756 119.106920    21.2400     4.7585     0.4260     0.6768 8.8798e+00   109.5444      5.411      7.848    14.2517 0.0000e+00
      5.516     -0.007     3.8468     36.572    152.585 119.748286    21.2400     2.5460     0.4260     0.6768 9.2923e+00   493.9880      5.409      7.845    14.2498 0.0000e+00
      5.514     -0.007     3.8190     36.415    153.682 120.601213    21.2400     2.5002     0.4260     0.6768 9.6336e+00   493.9427      5.408      7.843    14.2466 0.0000e+00
      5.513     -0.007     3.7921     36.306    155.065 121.681114    21.7800     2.5498     0.4260     0.6768 9.6044e+00   494.0484      5.406      7.841    14.2428 0.0000e+00
      5.511     -0.007     3.7681     36.246    156.642 122.919880    21.7800     2.5269     0.4260     0.6768 9.8667e+00   493.8974      5.405      7.839    14.2394 0.0000e+00
      5.509     -0.007     3.7480     36.215    158.225 124.171712    21.7800    -0.0786     0.4260     0.6768 1.0368e+01    95.6314      5.403      7.836    14.2365 0.0000e+00
      5.508     -0.007     3.7321     36.178    159.722 125.362292    21.7800    -0.1015     0.4260     0.6768 1.0921e+01    95.7221      5.402      7.834    14.2337 0.0000e+00
      5.506     -0.007     3.7211     36.100    161.135 126.490970    22.9500    -0.0938     0.4686     0.8037 1.1465e+01    95.6465      5.400      7.832    14.2320 0.0000e+00
      5.504     -0.008     3.7149     35.959    162.472 127.560584    22.9500    -0.0938     0.4686     0.8037 1.2076e+01    95.7221      5.398      7.829    14.2323 0.0000e+00
      5.502     -0.008     3.7115     35.732    163.783 128.610236    22.9500    -0.2617     0.4686     0.8037 1.2693e+01    -0.7174      5.396      7.826    14.2352 0.0000e+00
      5.500     -0.009     3.7072     35.393    165.110 129.671686    22.9500    -0.2960     0.4686     0.8037 1.3317e+01    -0.5966      5.394      7.823    14.2401 0.0000e+00
      5.498     -0.010     3.6987     34.930    166.452 130.743811    22.9500    -0.2769     0.4686     0.8037 1.3707e+01    -0.7627      5.392      7.820    14.2460 0.0000e+00
