Data/DataNotYetUploadedToEDI/Raw_CTD/RawDownloads/070122_fcr50_S8188001.cnv
* Sea-Bird SBE19plus  Data File:
* FileName = C:\R\Reservoirs\Data\DataNotYetUploadedToEDI\Raw_CTD\RawDownloads\070122_fcr50_SBE19plus01908188_0001.hex
* Software version 2.8.0.119
* Temperature SN = 8188
* Conductivity SN = 8188
* System UpLoad Time = Jul 10 2022 17:45:26
* <ApplicationData>
* <Seaterm232>
# nquan = 16
# nvalues = 2299                        
# units = specified
# name 0 = depFM: Depth [fresh water, m]
# name 1 = dz/dtM: Descent Rate [m/s]
# name 2 = sbeox0Mg/L: Oxygen, SBE 43 [mg/l]
# name 3 = sbeox0PS: Oxygen, SBE 43 [% saturation]
# name 4 = specc: Specific Conductance [uS/cm]
# name 5 = c0uS/cm: Conductivity [uS/cm]
# name 6 = wetCDOM: Fluorescence, WET Labs CDOM [mg/m^3]
# name 7 = flECO-AFL: Fluorescence, WET Labs ECO-AFL/FL [mg/m^3]
# name 8 = flECO-AFL1: Fluorescence, WET Labs ECO-AFL/FL, 2 [mg/m^3]
# name 9 = flECO-AFL2: Fluorescence, WET Labs ECO-AFL/FL, 3 [mg/m^3]
# name 10 = par/sat/log: PAR/Logarithmic, Satlantic
# name 11 = turbWETntu0: Turbidity, WET Labs ECO [NTU]
# name 12 = prdM: Pressure, Strain Gauge [db]
# name 13 = prdE: Pressure, Strain Gauge [psi]
# name 14 = tv290C: Temperature [ITS-90, deg C]
# name 15 = flag:  0.000e+00
# span 0 =     -0.627,      9.676       
# span 1 =     -0.399,      0.266       
# span 2 =    -0.0514,    13.5868       
# span 3 =     -0.453,    166.975       
# span 4 =     -0.115,    464.095       
# span 5 =  -0.124742, 334.229861       
# span 6 =    -4.7669,    10.6249       
# span 7 =    -0.0829,    10.9342       
# span 8 =    -5.3142,     2.8970       
# span 9 =    -6.7744,    14.2767       
# span 10 = 1.1588e-01, 1.9784e+03      
# span 11 =    -0.0100,     9.8120      
# span 12 =     -0.615,      9.490      
# span 13 =     -0.892,     13.764      
# span 14 =    10.4082,    29.3548      
# span 15 = 0.0000e+00, 0.0000e+00      
# interval = seconds: 0.25
# start_time = Jul 01 2022 09:16:31 [Instrument's time stamp, header]
# bad_flag = -9.990e-29
*END*
[from data line 362]
      1.146      0.046    10.9465    132.963     34.905  32.748390     4.6908     3.7749     0.0431     1.4313 2.5705e+01     4.6056      1.124      1.630    22.0970 0.0000e+00
      1.156      0.044    11.2195    132.408     34.887  32.690134     4.6711     3.7669     0.0425     1.2965 2.5171e+01     4.5801      1.134      1.645    22.0364 0.0000e+00
      1.166      0.044    11.4609    130.760     34.967  32.718094     4.6893     3.7064     0.0424     1.4042 2.4650e+01     4.4206      1.144      1.658    21.9977 0.0000e+00
      1.176      0.046    11.6132    128.386     35.122  32.816345     4.6681     3.5973     0.0431     1.2971 2.4234e+01     4.1297      1.154      1.673    21.9498 0.0000e+00
      1.186      0.046    11.6802    125.876     35.233  32.865386     4.6019     3.5390     0.0417     1.0258 2.3709e+01     3.9694      1.163      1.686    21.9124 0.0000e+00
      1.200      0.045    11.6446    123.749     35.269  32.838397     4.5807     3.5323     0.0442     0.9339 2.2874e+01     3.9400      1.175      1.704    21.8515 0.0000e+00
      1.218      0.045    11.5049    122.163     35.314  32.827486     4.5990     3.5063     0.0399     1.0074 2.2200e+01     3.7780      1.196      1.735    21.7742 0.0000e+00
      1.231      0.045    11.2897    121.083     35.398  32.868407     4.5790     3.4584     0.0471     0.9343 2.2000e+01     3.4830      1.210      1.756    21.7197 0.0000e+00
      1.236      0.044    11.0642    120.383     35.420  32.860548     4.5101     3.4316     0.0805     0.7107 2.1853e+01     3.3218      1.211      1.757    21.6405 0.0000e+00
      1.242      0.042    10.8986    120.083     35.383  32.799947     4.4938     3.4283     0.0886     0.6573 2.1317e+01     3.3031      1.214      1.762    21.5418 0.0000e+00
      1.257      0.039    10.7741    120.237     35.351  32.743225     4.5038     3.4268     0.0821     0.6866 2.0624e+01     3.2535      1.232      1.788    21.4662 0.0000e+00
      1.272      0.038    10.6936    120.204     35.348  32.714760     4.4976     3.4250     0.0886     0.6743 2.0240e+01     3.1644      1.251      1.815    21.4160 0.0000e+00
      1.280      0.038    10.6453    119.463     35.383  32.725786     4.5015     3.4250     0.0806     0.6726 2.0000e+01     3.1155      1.256      1.821    21.3837 0.0000e+00
      1.287      0.036    10.6050    118.078     35.419  32.741492     4.4992     3.4260     0.0470     0.5989 1.9709e+01     3.1090      1.260      1.829    21.3423 0.0000e+00
      1.296      0.034    10.6619    115.778     35.466  32.769619     4.5005     3.4334     0.0401     0.5865 1.9423e+01     3.0842      1.271      1.845    21.3067 0.0000e+00
      1.305      0.033    10.6918    112.272     35.511  32.795816     4.4996     3.4490     0.0440     0.5984 1.9145e+01     3.0392      1.280      1.856    21.2702 0.0000e+00
      1.312      0.032    10.6085    107.787     35.532  32.788171     4.5002     3.4591     0.0421     0.5841 1.8872e+01     3.0145      1.287      1.866    21.2354 0.0000e+00
      1.321      0.031    10.5109    102.849     35.608  32.812168     4.5000     3.4607     0.0424     0.5144 1.8569e+01     3.0088      1.295      1.878    21.2178 0.0000e+00
      1.330      0.029    10.3236     97.944     35.753  32.883372     4.5001     3.4638     0.0435     0.5055 1.8309e+01     2.9693      1.305      1.893    21.1909 0.0000e+00
      1.338      0.029    10.0053     93.195     35.932  32.973915     4.5000     3.4703     0.0407     0.5055 1.8146e+01     2.8973      1.312      1.905    21.1780 0.0000e+00
      1.343      0.029     9.5933     88.085     36.067  33.029182     4.5000     3.4745     0.0460     0.5145 1.8022e+01     2.8583      1.318      1.912    21.1470 0.0000e+00
      1.348      0.027     9.1513     82.367     36.107  33.011424     4.5001     3.4749     0.0821     0.5839 1.7835e+01     2.8550      1.322      1.917    21.0757 0.0000e+00
      1.356      0.025     8.7203     76.989     36.173  33.029179     4.4998     3.4733     0.0861     0.5986 1.7531e+01     2.8589      1.327      1.926    20.9915 0.0000e+00
      1.366      0.024     8.3358     72.403     36.295  33.108780     4.5004     3.4703     0.0862     0.5861 1.7294e+01     2.8667      1.341      1.945    20.8737 0.0000e+00
      1.373      0.024     7.9268     67.968     36.379  33.163701     4.4994     3.4688     0.0820     0.5995 1.7225e+01     2.8708      1.350      1.956    20.7759 0.0000e+00
      1.376      0.024     7.3646     63.578     36.385  33.153114     4.5011     3.4691     0.0461     0.6269 1.7196e+01     2.8702      1.349      1.957    20.7060 0.0000e+00
      1.378      0.024     6.8696     59.625     36.363  33.115784     4.4983     3.4687     0.0404     0.6418 1.7086e+01     2.8605      1.350      1.958    20.6419 0.0000e+00
      1.384      0.027     6.5130     56.350     36.390  33.117374     4.5028     3.4680     0.0440     0.6258 1.6858e+01     2.8429      1.356      1.966    20.5997 0.0000e+00
      1.394      0.035     6.1122     53.928     36.475  33.172304     4.4954     3.4670     0.0418     0.6467 1.6667e+01     2.8334      1.368      1.984    20.5714 0.0000e+00
      1.401      0.043     5.6966     51.710     36.571  33.239826     4.5075     3.4660     0.0431     0.6157 1.6549e+01     2.8299      1.375      1.994    20.5559 0.0000e+00
      1.409      0.048     5.3485     48.557     36.616  33.258643     4.5833     3.4615     0.0423     0.4848 1.6211e+01     2.7984      1.378      1.997    20.5338 0.0000e+00
      1.426      0.048     5.0371     44.496     36.644  33.264774     4.5920     3.4520     0.0428     0.4505 1.5601e+01     2.7409      1.395      2.022    20.4984 0.0000e+00
      1.448      0.044     4.8402     40.310     36.716  33.313926     4.5922     3.4454     0.0425     0.4789 1.5148e+01     2.7096      1.425      2.066    20.4649 0.0000e+00
      1.462      0.039     4.7082     36.420     36.806  33.380338     4.5831     3.4438     0.0426     0.4496 1.5040e+01     2.7057      1.439      2.087    20.4432 0.0000e+00
      1.467      0.033     4.4117     32.840     36.836  33.392623     4.5078     3.4330     0.0426     0.3524 1.5045e+01     2.6903      1.439      2.087    20.4094 0.0000e+00
      1.469      0.025     4.0128     29.500     36.778  33.327410     4.4949     3.4119     0.0427     0.3305 1.5021e+01     2.6624      1.441      2.090    20.3795 0.0000e+00
      1.472      0.019     3.6264     26.516     36.721  33.266953     4.5036     3.4009     0.0426     0.3421 1.4944e+01     2.6474      1.442      2.092    20.3643 0.0000e+00
      1.477      0.017     3.2784     24.273     36.731  33.269233     4.4970     3.4004     0.0426     0.3380 1.4815e+01     2.6459      1.447      2.098    20.3417 0.0000e+00
      1.483      0.018     2.9607     23.006     36.757  33.287466     4.5032     3.4006     0.0426     0.3804 1.4701e+01     2.6458      1.456      2.111    20.3207 0.0000e+00
      1.488      0.019     2.6579     22.427     36.761  33.284864     4.4958     3.4076     0.0426     0.3790 1.4636e+01     2.6489      1.461      2.118    20.3014 0.0000e+00
      1.492      0.019     2.3733     22.058     36.791  33.305273     4.5062     3.4219     0.0426     0.3847 1.4546e+01     2.6546      1.463      2.121    20.2890 0.0000e+00
      1.497      0.019     2.1568     21.606     36.826  33.331684     4.4903     3.4300     0.0426     0.3734 1.4446e+01     2.6576      1.468      2.130    20.2823 0.0000e+00
      1.501      0.018     2.0586     21.136     36.841  33.334146     4.4200     3.4309     0.0426     0.3033 1.4393e+01     2.6580      1.473      2.137    20.2760 0.0000e+00
      1.506      0.018     2.0226     20.887     36.871  33.335034     4.4026     3.4307     0.0426     0.2923 1.4298e+01     2.6627      1.475      2.139    20.2670 0.0000e+00
      1.511      0.018     2.0010     20.855     36.918  33.342384     4.4166     3.4304     0.0426     0.2973 1.4163e+01     2.6718      1.481      2.148    20.2572 0.0000e+00
      1.516      0.018     1.9578     20.915     36.966  33.355448     4.4026     3.4308     0.0426     0.2972 1.4078e+01     2.6769      1.489      2.159    20.2524 0.0000e+00
      1.521      0.020     1.9009     21.062     36.990  33.357926     4.4199     3.4298     0.0426     0.2925 1.4012e+01     2.6769      1.491      2.163    20.2435 0.0000e+00
      1.524      0.023     1.8836     21.318     37.025  33.372324     4.4905     3.4251     0.0426     0.2581 1.3974e+01     2.6715      1.494      2.168    20.2064 0.0000e+00
      1.527      0.025     1.8897     21.652     37.169  33.461997     4.5058     3.4182     0.0426     0.2501 1.3895e+01     2.6616      1.497      2.171    20.1463 0.0000e+00
      1.534      0.027     1.8941     21.983     37.354  33.564452     4.4965     3.4160     0.0426     0.2577 1.3683e+01     2.6564      1.501      2.178    20.1076 0.0000e+00
      1.546      0.029     1.9083     22.259     37.450  33.598334     4.5022     3.4191     0.0426     0.2488 1.3462e+01     2.6572      1.516      2.198    20.0782 0.0000e+00
      1.557      0.030     1.9318     22.498     37.501  33.601540     4.4986     3.4447     0.0427     0.2162 1.3336e+01     2.6692      1.530      2.218    20.0762 0.0000e+00
      1.563      0.028     1.9675     22.728     37.541  33.603163     4.5008     3.4920     0.0425     0.2084 1.3227e+01     2.6913      1.532      2.221    20.0325 0.0000e+00
      1.568      0.024     2.0049     22.884     37.552  33.617907     4.4995     3.5180     0.0428     0.2136 1.3077e+01     2.7031      1.536      2.227    19.9037 0.0000e+00
      1.576      0.019     2.0308     22.813     37.547  33.644787     4.5003     3.5213     0.0423     0.2098 1.2983e+01     2.7016      1.547      2.244    19.8495 0.0000e+00
      1.581      0.014     2.0531     22.462     37.553  33.658170     4.4998     3.5345     0.0431     0.2132 1.2984e+01     2.6759      1.552      2.250    19.8046 0.0000e+00
      1.582      0.013     2.0779     21.768     37.564  33.644713     4.5001     3.5577     0.0418     0.2093 1.2996e+01     2.6294      1.551      2.250    19.7201 0.0000e+00
      1.583      0.013     2.1011     20.675     37.570  33.617063     4.5000     3.5694     0.0439     0.2146 1.2978e+01     2.6040      1.552      2.252    19.7403 0.0000e+00
      1.584      0.013     2.0895     19.298     37.590  33.593861     4.5000     3.5712     0.0404     0.2066 1.2941e+01     2.6031      1.553      2.253    19.8183 0.0000e+00
      1.587      0.013     2.0587     17.822     37.686  33.634181     4.4999     3.5894     0.0461     0.2193 1.2858e+01     2.6207      1.555      2.255    19.8288 0.0000e+00
      1.593      0.014     2.0037     16.449     37.770  33.699431     4.5000     3.6218     0.0821     0.2887 1.2746e+01     2.6532      1.562      2.265    19.7771 0.0000e+00
      1.599      0.014     1.8972     15.278     37.730  33.707643     4.5000     3.6383     0.0862     0.2998 1.2684e+01     2.6709      1.570      2.277    19.7381 0.0000e+00
      1.603      0.014     1.7697     14.301     37.697  33.733545     4.5000     3.6389     0.0862     0.2952 1.2673e+01     2.6744      1.573      2.281    19.6940 0.0000e+00
      1.605      0.015     1.6284     13.498     37.687  33.742630     4.5000     3.6337     0.0820     0.2945 1.2668e+01     2.6942      1.574      2.283    19.5980 0.0000e+00
      1.607      0.016     1.5008     12.845     37.652  33.682493     4.5000     3.6229     0.0462     0.2558 1.2657e+01     2.7296      1.576      2.285    19.5720 0.0000e+00
      1.609      0.017     1.3928     12.309     37.715  33.681515     4.5000     3.6173     0.0405     0.2535 1.2607e+01     2.7487      1.577      2.287    19.6624 0.0000e+00
      1.614      0.019     1.3001     11.826     37.844  33.730730     4.5000     3.6217     0.0440     0.2525 1.2479e+01     2.7509      1.581      2.293    19.7583 0.0000e+00
      1.622      0.023     1.2284     11.381     37.930  33.737362     4.5000     3.6717     0.0418     0.2572 1.2359e+01     2.7519      1.591      2.308    19.7899 0.0000e+00
      1.629      0.026     1.1689     10.980     38.030  33.761609     4.5000     3.7626     0.0431     0.2925 1.2312e+01     2.7531      1.599      2.319    19.7345 0.0000e+00
      1.634      0.026     1.1266     10.627     38.156  33.821274     4.5000     3.8122     0.0423     0.2981 1.2206e+01     2.7538      1.601      2.321    19.6498 0.0000e+00
      1.642      0.025     1.0832     10.346     38.235  33.851079     4.5000     3.8195     0.0428     0.2951 1.2056e+01     2.7523      1.610      2.336    19.5648 0.0000e+00
      1.651      0.023     1.0440     10.154     38.272  33.851870     4.5000     3.8569     0.0425     0.2963 1.1980e+01     2.7344      1.621      2.353    19.4650 0.0000e+00
      1.657      0.021     1.0100     10.054     38.284  33.830795     4.5000     3.9252     0.0426     0.2967 1.1926e+01     2.7014      1.625      2.356    19.3777 0.0000e+00
      1.661      0.021     0.9764      9.988     38.288  33.798761     4.5000     3.9627     0.0426     0.2946 1.1879e+01     2.6834      1.630      2.363    19.3094 0.0000e+00
      1.664      0.022     0.9524      9.906     38.329  33.802073     4.5000     3.9702     0.0427     0.2988 1.1849e+01     2.6833      1.632      2.368    19.2587 0.0000e+00
      1.668      0.023     0.9334      9.788     38.361  33.803287     4.5000     4.0034     0.0426     0.2914 1.1800e+01     2.6975      1.635      2.371    19.2204 0.0000e+00
      1.674      0.025     0.9285      9.590     38.329  33.745887     4.5000     4.0616     0.0425     0.3040 1.1726e+01     2.7234      1.640      2.379    19.1828 0.0000e+00
      1.681      0.027     0.9250      9.272     38.332  33.715633     4.5000     4.0946     0.0427     0.3730 1.1622e+01     2.7376      1.647      2.390    19.1322 0.0000e+00
      1.691      0.030     0.9178      8.826     38.432  33.775006     4.5000     4.1104     0.0424     0.3850 1.1519e+01     2.7419      1.659      2.406    19.0847 0.0000e+00
      1.701      0.032     0.9094      8.251     38.551  33.856115     4.5000     4.2481     0.0429     0.3788 1.1459e+01     2.7751      1.670      2.422    19.0578 0.0000e+00
      1.708      0.033     0.8934      7.589     38.607  33.886129     4.5000     4.5003     0.0422     0.3806 1.1413e+01     2.8366      1.675      2.429    19.0187 0.0000e+00
      1.714      0.036     0.8645      6.903     38.605  33.867824     4.5000     4.6443     0.0433     0.3378 1.1311e+01     2.8711      1.679      2.434    18.9702 0.0000e+00
      1.722      0.038     0.8241      6.190     38.589  33.837299     4.4999     4.7326     0.0415     0.3424 1.1170e+01     2.8793      1.688      2.448    18.9339 0.0000e+00
      1.733      0.039     0.7704      5.462     38.564  33.787087     4.5001     5.5664     0.0444     0.3301 1.1039e+01     2.9356      1.700      2.466    18.9059 0.0000e+00
      1.745      0.041     0.7048      4.781     38.554  33.733269     4.4998     7.0944     0.0397     0.3530 1.0890e+01     3.0390      1.710      2.480    18.8815 0.0000e+00
      1.757      0.042     0.6436      4.197     38.523  33.659122     4.5003     7.9290     0.0021     0.4036 1.0759e+01     3.0953      1.725      2.502    18.8584 0.0000e+00
      1.767      0.040     0.5772      3.750     38.452  33.565646     4.4995     8.0081     0.0007     0.4467 1.0684e+01     3.1012      1.736      2.517    18.8427 0.0000e+00
      1.776      0.036     0.5065      3.443     38.455  33.548194     4.5009     8.0488    -0.0037     0.3891 1.0572e+01     3.1139      1.738      2.520    18.8158 0.0000e+00
      1.786      0.034     0.4429      3.227     38.511  33.583112     4.4986     8.1112     0.0076     0.4753 1.0453e+01     3.1363      1.753      2.542    18.7433 0.0000e+00
