Data/DataNotYetUploadedToEDI/Raw_CTD/RawDownloads/070121_ccr50.cnv
* Sea-Bird SBE19plus  Data File:
* FileName = C:\R\Reservoirs\Data\DataNotYetUploadedToEDI\Raw_CTD\RawDownloads\070121_ccr50_0001.hex
* Software version 2.8.0.119
* Temperature SN = 7809
* Conductivity SN = 7809
* System UpLoad Time = Jul 01 2021 17:36:22
* <ApplicationData>
* <Seaterm232>
# nquan = 16
# nvalues = 2228                        
# units = specified
# name 0 = depFM: Depth [fresh water, m]
# name 1 = dz/dtM: Descent Rate [m/s]
# name 2 = orp: Oxidation Reduction Potential [mV]
# name 3 = sbeox0Mg/L: Oxygen, SBE 43 [mg/l]
# name 4 = sbeox0PS: Oxygen, SBE 43 [% saturation]
# name 5 = par/sat/log: PAR/Logarithmic, Satlantic
# name 6 = ph: pH
# name 7 = specc: Specific Conductance [uS/cm]
# name 8 = c0uS/cm: Conductivity [uS/cm]
# name 9 = flECO-AFL: Fluorescence, WET Labs ECO-AFL/FL [mg/m^3]
# name 10 = turbWETntu0: Turbidity, WET Labs ECO [NTU]
# name 11 = tv290C: Temperature [ITS-90, deg C]
# name 12 = density00: Density [density, kg/m^3]
# name 13 = prdE: Pressure, Strain Gauge [psi]
# name 14 = prdM: Pressure, Strain Gauge [db]
# name 15 = flag:  0.000e+00
# span 0 =     -0.490,     20.460       
# span 1 =     -0.373,      0.290       
# span 2 =  -166.1048,   310.8277       
# span 3 =     3.5115,    11.0389       
# span 4 =     31.150,    122.445       
# span 5 = 1.2341e-01, 1.1902e+03       
# span 6 =     15.355,     15.845       
# span 7 =      2.416,     71.404       
# span 8 =   2.563422,  55.946359       
# span 9 =    -0.9139,     0.9014       
# span 10 =    -4.1676,    32.2547      
# span 11 =     9.9606,    28.0438      
# span 12 =   996.2302,   999.8261      
# span 13 =     -0.698,     29.103      
# span 14 =     -0.482,     20.066      
# span 15 = 0.0000e+00, 0.0000e+00      
# interval = seconds: 0.25
# start_time = Jun 30 2021 21:11:53 [Instrument's time stamp, header]
# bad_flag = -9.990e-29
*END*
[from data line 814]
      8.243      0.048   295.3555     8.6426     80.223 1.3759e+01     15.825     53.394  39.345975     0.5449     3.8460    11.9020   999.5699     11.720      8.081 0.0000e+00
      8.259      0.051   295.4216     8.6437     80.278 1.3562e+01     15.825     53.394  39.333188     0.5746     3.8495    11.9092   999.5693     11.746      8.098 0.0000e+00
      8.277      0.053   295.6200     8.6483     80.348 1.3392e+01     15.825     53.391  39.332121     0.5822     3.8277    11.9179   999.5684     11.775      8.118 0.0000e+00
      8.292      0.054   295.7747     8.6561     80.521 1.3254e+01     15.824     53.399  39.333076     0.5611     3.8229    11.8796   999.5728     11.794      8.132 0.0000e+00
      8.305      0.052   295.9155     8.6809     80.770 1.3102e+01     15.824     53.433  39.344735     0.5093     3.8259    11.8284   999.5785     11.811      8.144 0.0000e+00
      8.317      0.047   295.9455     8.6860     81.080 1.2962e+01     15.825     53.454  39.346132     0.4900     3.8299    11.8250   999.5790     11.830      8.157 0.0000e+00
      8.329      0.043   295.8792     8.6829     81.453 1.2855e+01     15.826     53.475  39.349953     0.5094     3.8370    11.8347   999.5781     11.847      8.168 0.0000e+00
      8.339      0.043   295.8883     8.7092     81.829 1.2747e+01     15.826     53.546  39.390921     0.4953     3.8085    11.8304   999.5785     11.862      8.178 0.0000e+00
      8.348      0.047   295.9689     8.7380     82.124 1.2647e+01     15.826     53.662  39.460632     0.4338     3.7591    11.8126   999.5806     11.875      8.188 0.0000e+00
      8.356      0.054   296.0800     8.7733     82.259 1.2542e+01     15.828     53.848  39.558100     0.3960     3.7555    11.8004   999.5820     11.884      8.194 0.0000e+00
      8.368      0.062   296.1986     8.8191     82.238 1.2386e+01     15.830     54.018  39.617287     0.4096     3.7985    11.7910   999.5830     11.896      8.203 0.0000e+00
      8.386      0.070   296.2854     8.8642     82.131 1.2164e+01     15.832     54.093  39.604928     0.4270     3.7989    11.7775   999.5846     11.924      8.222 0.0000e+00
      8.410      0.075   296.3549     8.9025     82.048 1.1910e+01     15.833     54.149  39.599010     0.4352     3.7260    11.7749   999.5851     11.960      8.246 0.0000e+00
      8.435      0.076   296.5228     8.9219     82.030 1.1684e+01     15.833     54.194  39.609163     0.4509     3.6717    11.7409   999.5891     11.998      8.273 0.0000e+00
      8.458      0.073   296.7662     8.9339     82.072 1.1515e+01     15.833     54.191  39.600718     0.4644     3.6924    11.6658   999.5976     12.033      8.297 0.0000e+00
      8.475      0.067   296.8030     8.9294     82.254 1.1411e+01     15.833     54.223  39.623837     0.4839     3.7703    11.5989   999.6049     12.057      8.314 0.0000e+00
      8.487      0.059   296.6236     8.9277     82.642 1.1319e+01     15.833     54.330  39.698279     0.4960     3.8578    11.5534   999.6100     12.072      8.323 0.0000e+00
      8.499      0.053   296.6623     8.9334     83.157 1.1191e+01     15.833     54.409  39.739129     0.4865     3.9267    11.5353   999.6121     12.086      8.333 0.0000e+00
      8.512      0.049   296.9267     8.9326     83.615 1.1055e+01     15.833     54.427  39.736899     0.4845     3.9508    11.5336   999.6123     12.108      8.348 0.0000e+00
      8.525      0.049   297.0663     8.9481     83.886 1.0926e+01     15.833     54.431  39.734764     0.4902     3.9780    11.5353   999.6121     12.126      8.361 0.0000e+00
      8.536      0.052   297.1468     8.9934     83.960 1.0812e+01     15.834     54.339  39.649844     0.4785     4.0486    11.5385   999.6119     12.142      8.372 0.0000e+00
      8.546      0.057   297.2109     9.0628     83.896 1.0713e+01     15.835     54.157  39.471781     0.4382     4.0497    11.5159   999.6145     12.156      8.381 0.0000e+00
      8.560      0.061   297.1539     9.1236     83.737 1.0577e+01     15.837     54.081  39.358963     0.4032     3.9922    11.4928   999.6169     12.172      8.392 0.0000e+00
      8.579      0.063   297.0591     9.1500     83.491 1.0394e+01     15.838     54.151  39.364720     0.3987     3.9708    11.5029   999.6159     12.200      8.413 0.0000e+00
      8.599      0.064   297.0111     9.1578     83.238 1.0213e+01     15.838     54.250  39.414400     0.3943     3.9970    11.4936   999.6170     12.233      8.434 0.0000e+00
      8.619      0.064   297.0041     9.1579     83.070 1.0055e+01     15.837     54.305  39.451852     0.3787     4.0349    11.4421   999.6225     12.260      8.453 0.0000e+00
      8.634      0.060   297.0609     9.1569     82.962 9.9267e+00     15.837     54.279  39.436717     0.3627     4.0163    11.3825   999.6289     12.282      8.469 0.0000e+00
      8.648      0.055   297.0954     9.1344     82.753 9.8210e+00     15.837     54.171  39.358351     0.3433     3.9780    11.3353   999.6341     12.300      8.480 0.0000e+00
      8.660      0.052   297.0774     9.1058     82.321 9.7134e+00     15.838     54.057  39.265985     0.3065     3.9831    11.3171   999.6361     12.318      8.493 0.0000e+00
      8.672      0.050   297.1013     9.0884     81.830 9.6075e+00     15.839     54.004  39.208507     0.2620     4.0101    11.3205   999.6358     12.336      8.505 0.0000e+00
      8.684      0.050   297.1260     9.0804     81.445 9.5242e+00     15.839     53.982  39.171137     0.2438     4.0296    11.3256   999.6353     12.351      8.515 0.0000e+00
      8.696      0.049   297.2897     9.0699     81.165 9.4373e+00     15.839     53.946  39.131476     0.2288     4.0135    11.3282   999.6350     12.367      8.527 0.0000e+00
      8.710      0.046   297.6183     9.0101     80.947 9.3210e+00     15.839     53.923  39.109767     0.1859     4.0210    11.3207   999.6358     12.389      8.542 0.0000e+00
      8.725      0.045   297.8289     8.9533     80.707 9.2039e+00     15.839     53.913  39.099066     0.1353     4.0865    11.2991   999.6382     12.411      8.557 0.0000e+00
      8.736      0.046   297.8570     8.9202     80.403 9.1319e+00     15.839     53.875  39.065554     0.1126     4.1185    11.2751   999.6408     12.428      8.569 0.0000e+00
      8.743      0.051   297.8729     8.8905     80.105 9.0943e+00     15.839     53.833  39.021912     0.1121     4.0635    11.2633   999.6420     12.437      8.575 0.0000e+00
      8.750      0.057   298.0208     8.8723     79.832 9.0251e+00     15.840     53.854  39.015670     0.1009     3.9714    11.2625   999.6421     12.441      8.578 0.0000e+00
      8.763      0.064   298.1824     8.8494     79.496 8.8777e+00     15.840     53.940  39.053537     0.0627     3.9661    11.2596   999.6425     12.457      8.589 0.0000e+00
      8.786      0.069   298.1929     8.8121     79.122 8.6801e+00     15.840     54.031  39.098910     0.0030     4.0338    11.2550   999.6430     12.495      8.615 0.0000e+00
      8.811      0.072   298.2333     8.7782     78.810 8.4938e+00     15.840     54.085  39.119955    -0.0304     4.0697    11.2450   999.6441     12.535      8.643 0.0000e+00
      8.833      0.072   298.4128     8.7621     78.606 8.3496e+00     15.841     54.101  39.117560    -0.0257     4.0222    11.2219   999.6467     12.566      8.664 0.0000e+00
      8.850      0.067   298.5563     8.7273     78.542 8.2413e+00     15.841     54.136  39.133412    -0.0166     3.8376    11.1972   999.6494     12.590      8.681 0.0000e+00
      8.865      0.061   298.5923     8.6837     78.630 8.1427e+00     15.841     54.217  39.184669     0.0025     3.6219    11.1785   999.6515     12.609      8.694 0.0000e+00
      8.877      0.056   298.5891     8.6536     78.846 8.0508e+00     15.842     54.290  39.229530     0.0245     3.5426    11.1617   999.6533     12.626      8.705 0.0000e+00
      8.889      0.052   298.6891     8.6307     79.142 7.9506e+00     15.842     54.306  39.231530     0.0305     3.5317    11.1484   999.6547     12.642      8.716 0.0000e+00
      8.903      0.050   298.8554     8.6263     79.540 7.8363e+00     15.842     54.286  39.208832     0.0280     3.3870    11.1403   999.6556     12.663      8.731 0.0000e+00
      8.918      0.049   298.9653     8.6362     80.028 7.7429e+00     15.841     54.294  39.208963     0.0127     3.1324    11.1343   999.6563     12.685      8.747 0.0000e+00
      8.930      0.049   299.0716     8.6666     80.502 7.6729e+00     15.841     54.330  39.233104     0.0078     3.0279    11.1273   999.6571     12.703      8.758 0.0000e+00
      8.940      0.050   299.1944     8.6980     80.932 7.6045e+00     15.841     54.350  39.246839     0.0256     3.0855    11.1182   999.6581     12.716      8.767 0.0000e+00
      8.951      0.052   299.3316     8.7416     81.308 7.5316e+00     15.841     54.355  39.248098     0.0367     3.0730    11.1090   999.6591     12.729      8.776 0.0000e+00
      8.964      0.056   299.4402     8.8057     81.633 7.4507e+00     15.841     54.361  39.248317     0.0282     2.9456    11.1037   999.6597     12.748      8.790 0.0000e+00
      8.980      0.063   299.4752     8.8556     81.993 7.3578e+00     15.841     54.371  39.249482     0.0088     2.8496    11.1038   999.6598     12.772      8.806 0.0000e+00
      8.995      0.070   299.4957     8.9033     82.368 7.2554e+00     15.841     54.401  39.262178     0.0024     2.8746    11.1039   999.6598     12.794      8.821 0.0000e+00
      9.013      0.076   299.5170     8.9480     82.587 7.1274e+00     15.841     54.434  39.274863     0.0178     2.8699    11.1010   999.6601     12.815      8.836 0.0000e+00
      9.035      0.078   299.5600     8.9777     82.633 6.9701e+00     15.842     54.451  39.275904     0.0333     2.7575    11.0969   999.6607     12.848      8.860 0.0000e+00
      9.060      0.078   299.6715     9.0166     82.590 6.8208e+00     15.843     54.462  39.274751     0.0273     2.6831    11.0922   999.6614     12.887      8.886 0.0000e+00
      9.083      0.077   299.8320     9.0738     82.530 6.7038e+00     15.842     54.450  39.260923     0.0121     2.6233    11.0847   999.6622     12.922      8.909 0.0000e+00
      9.101      0.075   300.0377     9.0974     82.536 6.6098e+00     15.841     54.422  39.235642     0.0022     2.5485    11.0732   999.6636     12.949      8.928 0.0000e+00
      9.116      0.073   300.2658     9.0995     82.522 6.5278e+00     15.841     54.413  39.222948    -0.0071     2.5337    11.0614   999.6648     12.967      8.940 0.0000e+00
      9.131      0.072   300.4398     9.0982     82.409 6.4446e+00     15.841     54.440  39.234383    -0.0147     2.5819    11.0529   999.6658     12.986      8.953 0.0000e+00
      9.149      0.075   300.5064     9.0822     82.278 6.3419e+00     15.842     54.471  39.246954    -0.0236     2.6167    11.0489   999.6662     13.011      8.970 0.0000e+00
      9.169      0.080   300.4693     9.0916     82.160 6.2221e+00     15.842     54.487  39.247986    -0.0378     2.5773    11.0457   999.6666     13.041      8.991 0.0000e+00
      9.190      0.085   300.5070     9.0972     82.063 6.1019e+00     15.842     54.501  39.246843    -0.0530     2.5520    11.0399   999.6673     13.071      9.012 0.0000e+00
      9.214      0.087   300.6180     9.0778     82.017 5.9715e+00     15.843     54.497  39.233119    -0.0638     2.5847    11.0322   999.6682     13.103      9.034 0.0000e+00
      9.239      0.087   300.6069     9.0660     81.985 5.8306e+00     15.843     54.477  39.208981    -0.0729     2.5956    11.0231   999.6694     13.143      9.062 0.0000e+00
      9.264      0.083   300.6314     9.0568     81.993 5.7221e+00     15.843     54.489  39.208866    -0.0873     2.5806    11.0128   999.6705     13.178      9.086 0.0000e+00
      9.284      0.076   300.8276     9.0429     82.072 5.6274e+00     15.845     54.531  39.231722    -0.0939     2.6101    11.0026   999.6716     13.205      9.104 0.0000e+00
      9.303      0.069   301.0003     9.0455     82.087 5.5198e+00     15.845     54.538  39.231443    -0.0864     2.6766    10.9926   999.6727     13.233      9.123 0.0000e+00
      9.320      0.064   300.9985     9.0428     82.025 5.4481e+00     15.844     54.508  39.205483    -0.0827     2.6975    10.9839   999.6736     13.260      9.142 0.0000e+00
      9.332      0.060   300.9782     9.0377     81.993 5.4115e+00     15.844     54.468  39.171719    -0.0870     2.6574    10.9756   999.6745     13.275      9.153 0.0000e+00
      9.343      0.057   301.0135     9.0615     82.001 5.3562e+00     15.843     54.436  39.140559    -0.0908     2.6044    10.9682   999.6754     13.287      9.160 0.0000e+00
      9.358      0.053   300.9948     9.0630     82.034 5.2672e+00     15.843     54.455  39.146059    -0.0908     2.6058    10.9638   999.6758     13.308      9.175 0.0000e+00
      9.376      0.048   301.0100     9.0475     82.001 5.1780e+00     15.843     54.501  39.174747    -0.0860     2.6736    10.9611   999.6761     13.336      9.195 0.0000e+00
      9.392      0.043   301.1109     9.0495     81.840 5.1291e+00     15.843     54.495  39.170063    -0.0810     2.7032    10.9567   999.6767     13.363      9.214 0.0000e+00
      9.402      0.040   301.1829     9.0491     81.634 5.1127e+00     15.843     54.468  39.152894    -0.1072     2.6556    10.9487   999.6776     13.378      9.223 0.0000e+00
      9.406      0.039   301.1915     9.0589     81.383 5.1073e+00     15.843     54.474  39.157577    -0.1551     2.6128    10.9400   999.6784     13.379      9.224 0.0000e+00
      9.408      0.041   301.2150     9.0642     81.118 5.0930e+00     15.843     54.485  39.163215    -0.1635     2.6313    10.9347   999.6790     13.378      9.224 0.0000e+00
      9.416      0.046   301.2099     9.0346     80.935 5.0311e+00     15.843     54.483  39.157590    -0.1423     2.6746    10.9359   999.6789     13.388      9.231 0.0000e+00
      9.432      0.052   301.2150     9.0162     80.788 4.9436e+00     15.843     54.481  39.153025    -0.1374     2.6897    10.9390   999.6786     13.414      9.249 0.0000e+00
      9.452      0.057   301.3638     8.9888     80.674 4.8749e+00     15.843     54.509  39.171494    -0.1326     2.7107    10.9399   999.6787     13.447      9.272 0.0000e+00
      9.471      0.059   301.4607     8.9487     80.648 4.8242e+00     15.843     54.537  39.190484    -0.1026     2.7915    10.9377   999.6791     13.474      9.290 0.0000e+00
      9.485      0.059   301.4389     8.9388     80.679 4.7717e+00     15.843     54.540  39.192223    -0.0807     2.8769    10.9324   999.6796     13.493      9.303 0.0000e+00
      9.498      0.058   301.4446     8.9213     80.714 4.7078e+00     15.842     54.545  39.192507    -0.0779     2.9185    10.9294   999.6799     13.508      9.314 0.0000e+00
      9.511      0.057   301.5294     8.9040     80.689 4.6500e+00     15.842     54.555  39.193917    -0.0965     2.9166    10.9284   999.6801     13.527      9.327 0.0000e+00
      9.525      0.057   301.7754     8.9053     80.583 4.6006e+00     15.843     54.587  39.209266    -0.1436     2.8546    10.9274   999.6803     13.546      9.339 0.0000e+00
      9.540      0.058   302.0100     8.9098     80.476 4.5424e+00     15.843     54.656  39.251135    -0.1618     2.8549    10.9275   999.6803     13.567      9.354 0.0000e+00
      9.557      0.061   302.0431     8.9164     80.395 4.4819e+00     15.843     54.761  39.319317    -0.1452     2.9547    10.9257   999.6806     13.594      9.372 0.0000e+00
      9.573      0.066   302.0040     8.9188     80.293 4.4399e+00     15.843     54.884  39.398938    -0.1432     2.9624    10.9196   999.6813     13.618      9.389 0.0000e+00
      9.587      0.072   301.9673     8.9014     80.159 4.3964e+00     15.843     54.970  39.452158    -0.1557     2.8798    10.9117   999.6822     13.635      9.401 0.0000e+00
