Data/DataNotYetUploadedToEDI/Raw_CTD/RawDownloads/070124_fcr30_S7809004.cnv
* Sea-Bird SBE19plus  Data File:
* FileName = C:\R\Reservoirs\Data\DataNotYetUploadedToEDI\Raw_CTD\RawDownloads\070124_fcr50_S7809_0004.hex
* Software version 2.8.0.119
* Temperature SN = 7809
* Conductivity SN = 7809
* System UpLoad Time = Jul 01 2024 15:48:01
* <ApplicationData>
* <Seaterm232>
# nquan = 15
# nvalues = 1425                        
# units = specified
# name 0 = depFM: Depth [fresh water, m]
# name 1 = dz/dtM: Descent Rate [m/s]
# name 2 = sbeox0Mg/L: Oxygen, SBE 43 [mg/l]
# name 3 = sbeox0PS: Oxygen, SBE 43 [% saturation]
# name 4 = specc: Specific Conductance [uS/cm]
# name 5 = c0uS/cm: Conductivity [uS/cm]
# name 6 = flECO-AFL: Fluorescence, WET Labs ECO-AFL/FL [mg/m^3]
# name 7 = ph: pH
# name 8 = orp: Oxidation Reduction Potential [mV]
# name 9 = par/sat/log: PAR/Logarithmic, Satlantic
# name 10 = turbWETntu0: Turbidity, WET Labs ECO [NTU]
# name 11 = prdM: Pressure, Strain Gauge [db]
# name 12 = prdE: Pressure, Strain Gauge [psi]
# name 13 = tv290C: Temperature [ITS-90, deg C]
# name 14 = flag:  0.000e+00
# span 0 =     -0.630,      5.410       
# span 1 =     -0.276,      0.170       
# span 2 =     0.1426,    11.7650       
# span 3 =      1.475,    146.599       
# span 4 =      0.896,     68.769       
# span 5 =   0.843365,  55.748056       
# span 6 =    -1.9891,     4.1844       
# span 7 =      9.034,     10.823       
# span 8 =   -88.7178,   534.7973       
# span 9 = 1.2365e-01, 2.6745e+03       
# span 10 =    -5.0503,   176.3775      
# span 11 =     -0.620,      5.306      
# span 12 =     -0.901,      7.695      
# span 13 =    11.6539,    27.1809      
# span 14 = 0.0000e+00, 0.0000e+00      
# interval = seconds: 0.25
# start_time = Jul 01 2024 12:42:57 [Instrument's time stamp, header]
# bad_flag = -9.990e-29
*END*
[from data line 579]
      0.257      0.005    10.8011    135.755     47.623  49.653288     2.4425     10.660    58.9728 3.9225e+01    19.6936      0.252      0.365    27.1179 0.0000e+00
      0.259      0.007    10.8047    135.621     47.619  49.649403     2.4344     10.661    58.9231 3.9602e+01    19.6374      0.254      0.369    27.1201 0.0000e+00
      0.261      0.009    10.8083    135.524     47.620  49.650607     2.4251     10.662    58.8232 4.0031e+01    19.5073      0.256      0.371    27.1233 0.0000e+00
      0.264      0.009    10.8062    135.489     47.630  49.661906     2.4141     10.665    58.6670 4.0436e+01    19.3318      0.257      0.373    27.1257 0.0000e+00
      0.267      0.008    10.7927    135.509     47.640  49.671773     2.4025     10.667    58.5702 4.0721e+01    19.1749      0.260      0.378    27.1267 0.0000e+00
      0.272      0.006    10.7769    135.541     47.632  49.663263     2.3936     10.667    58.7344 4.0676e+01    19.0459      0.266      0.385    27.1266 0.0000e+00
      0.275      0.002    10.7689    135.540     47.613  49.644829     2.3934     10.666    59.1928 4.0114e+01    18.9169      0.272      0.394    27.1254 0.0000e+00
      0.275      0.000    10.7670    135.498     47.609  49.641573     2.4014     10.662    59.7386 3.9274e+01    18.7869      0.271      0.395    27.1246 0.0000e+00
      0.271     -0.001    10.7699    135.444     47.621  49.654843     2.4065     10.657    60.1221 3.8827e+01    18.6830      0.265      0.385    27.1256 0.0000e+00
      0.267     -0.001    10.7775    135.413     47.632  49.667174     2.4020     10.652    60.2599 3.9213e+01    18.6408      0.259      0.375    27.1267 0.0000e+00
      0.267      0.000    10.7779    135.414     47.635  49.671067     2.3941     10.649    60.2732 4.0233e+01    18.6959      0.260      0.377    27.1265 0.0000e+00
      0.270      0.004    10.7705    135.437     47.631  49.667874     2.3913     10.648    60.2979 4.1376e+01    18.8370      0.265      0.385    27.1273 0.0000e+00
      0.271      0.009    10.7640    135.464     47.622  49.659287     2.3944     10.648    60.3035 4.2339e+01    18.9783      0.268      0.389    27.1293 0.0000e+00
      0.271      0.013    10.7611    135.489     47.616  49.653318     2.3978     10.649    60.2283 4.3336e+01    19.0095      0.265      0.384    27.1307 0.0000e+00
      0.274      0.013    10.7615    135.527     47.616  49.653941     2.3944     10.651    60.1517 4.4587e+01    18.8568      0.263      0.383    27.1314 0.0000e+00
      0.281      0.010    10.7646    135.592     47.612  49.649401     2.3847     10.654    60.1305 4.5413e+01    18.5932      0.273      0.397    27.1319 0.0000e+00
      0.289      0.006    10.7687    135.672     47.599  49.635576     2.3789     10.656    60.1295 4.4868e+01    18.4155      0.290      0.420    27.1318 0.0000e+00
      0.291      0.004    10.7678    135.744     47.591  49.627701     2.3836     10.657    60.1609 4.3164e+01    18.4601      0.293      0.425    27.1320 0.0000e+00
      0.287      0.002    10.7692    135.774     47.599  49.636916     2.3936     10.658    60.1940 4.1469e+01    18.7480      0.281      0.408    27.1332 0.0000e+00
      0.282      0.000    10.7764    135.748     47.618  49.657843     2.3992     10.659    60.1408 4.0788e+01    19.1353      0.271      0.394    27.1343 0.0000e+00
      0.281     -0.001    10.7826    135.687     47.633  49.675016     2.3967     10.662    60.0148 4.1363e+01    19.3773      0.272      0.394    27.1342 0.0000e+00
      0.283     -0.001    10.7914    135.620     47.629  49.672400     2.3939     10.665    59.8720 4.2649e+01    19.3871      0.278      0.403    27.1331 0.0000e+00
      0.286     -0.001    10.7966    135.560     47.611  49.654051     2.4071     10.667    59.7114 4.3799e+01    19.2441      0.284      0.412    27.1330 0.0000e+00
      0.287     -0.001    10.7908    135.530     47.603  49.645558     2.4346     10.670    59.5264 4.4336e+01    19.0604      0.283      0.411    27.1352 0.0000e+00
      0.285     -0.002    10.7825    135.549     47.613  49.655490     2.4525     10.673    59.3665 4.4322e+01    18.9280      0.279      0.405    27.1375 0.0000e+00
      0.283     -0.002    10.7789    135.608     47.625  49.667258     2.4536     10.678    59.2850 4.3997e+01    18.8532      0.277      0.402    27.1388 0.0000e+00
      0.281     -0.002    10.7720    135.686     47.629  49.671077     2.4445     10.683    59.2465 4.3502e+01    18.7950      0.276      0.400    27.1397 0.0000e+00
      0.281     -0.001    10.7661    135.756     47.626  49.667887     2.4190     10.687    59.1584 4.2995e+01    18.7368      0.275      0.398    27.1401 0.0000e+00
      0.281      0.001    10.7703    135.764     47.618  49.659392     2.3836     10.690    58.9981 4.2672e+01    18.6816      0.273      0.397    27.1392 0.0000e+00
      0.282      0.001    10.7769    135.649     47.612  49.654145     2.3609     10.694    58.8381 4.2472e+01    18.6313      0.277      0.401    27.1374 0.0000e+00
      0.284      0.002    10.7831    135.419     47.617  49.659309     2.3538     10.698    58.7548 4.2190e+01    18.5306      0.281      0.407    27.1365 0.0000e+00
      0.284      0.004    10.7909    135.141     47.624  49.667246     2.3478     10.701    58.7764 4.1980e+01    18.3105      0.280      0.406    27.1369 0.0000e+00
      0.283      0.004    10.7996    134.881     47.624  49.667152     2.3404     10.703    58.8525 4.2276e+01    18.0426      0.276      0.400    27.1379 0.0000e+00
      0.283      0.004    10.7893    134.686     47.616  49.658483     2.3401     10.703    58.8851 4.3203e+01    17.8720      0.275      0.399    27.1387 0.0000e+00
      0.286      0.003    10.7626    134.618     47.607  49.648787     2.3456     10.703    58.8733 4.4308e+01    17.7982      0.280      0.406    27.1389 0.0000e+00
      0.290      0.000    10.7391    134.720     47.600  49.641628     2.3446     10.703    58.9355 4.4828e+01    17.7143      0.287      0.417    27.1390 0.0000e+00
      0.292     -0.002    10.7159    134.963     47.595  49.636937     2.3316     10.703    59.1138 4.4333e+01    17.6023      0.291      0.422    27.1391 0.0000e+00
      0.290     -0.002    10.6978    135.248     47.602  49.644104     2.3157     10.703    59.2952 4.3203e+01    17.5359      0.287      0.416    27.1385 0.0000e+00
      0.285     -0.002    10.6865    135.478     47.620  49.663259     2.3146     10.702    59.4367 4.2361e+01    17.5665      0.277      0.402    27.1382 0.0000e+00
      0.280     -0.001    10.6958    135.624     47.629  49.672483     2.3391     10.700    59.6308 4.2540e+01    17.6996      0.269      0.391    27.1383 0.0000e+00
      0.280      0.001    10.7250    135.701     47.623  49.666456     2.3750     10.698    59.8783 4.3728e+01    17.8753      0.270      0.392    27.1384 0.0000e+00
      0.285      0.003    10.7531    135.711     47.619  49.663201     2.3930     10.695    60.0998 4.5169e+01    17.9939      0.279      0.404    27.1388 0.0000e+00
      0.290      0.003    10.7731    135.636     47.620  49.664066     2.3824     10.691    60.3309 4.6001e+01    18.0382      0.287      0.416    27.1388 0.0000e+00
      0.292      0.002    10.7809    135.476     47.615  49.658671     2.3591     10.686    60.6564 4.5904e+01    18.0471      0.291      0.422    27.1385 0.0000e+00
      0.290     -0.001    10.7871    135.280     47.610  49.653341     2.3430     10.681    61.0511 4.5191e+01    18.0367      0.287      0.416    27.1387 0.0000e+00
      0.285     -0.004    10.7906    135.112     47.612  49.654759     2.3370     10.676    61.3988 4.4476e+01    18.0229      0.278      0.404    27.1394 0.0000e+00
      0.282     -0.006    10.7850    134.996     47.612  49.654768     2.3304     10.671    61.5649 4.4250e+01    18.0072      0.273      0.397    27.1402 0.0000e+00
      0.282     -0.006    10.7696    134.926     47.611  49.653425     2.3211     10.669    61.5011 4.4543e+01    17.9766      0.275      0.399    27.1410 0.0000e+00
      0.283     -0.006    10.7464    134.891     47.617  49.659310     2.3179     10.669    61.3078 4.5076e+01    17.9572      0.278      0.404    27.1407 0.0000e+00
      0.284     -0.006    10.7344    134.892     47.626  49.667979     2.3236     10.670    61.1023 4.5617e+01    17.9803      0.280      0.406    27.1397 0.0000e+00
      0.282     -0.007    10.7268    134.961     47.630  49.671882     2.3319     10.673    60.9420 4.6052e+01    18.0145      0.279      0.405    27.1389 0.0000e+00
      0.278     -0.007    10.7194    135.107     47.631  49.672439     2.3366     10.675    60.8517 4.6376e+01    18.0445      0.273      0.396    27.1384 0.0000e+00
      0.274     -0.006    10.7210    135.283     47.630  49.671884     2.3415     10.677    60.8341 4.6636e+01    18.1465      0.267      0.386    27.1382 0.0000e+00
      0.271     -0.005    10.7163    135.435     47.625  49.667991     2.3536     10.677    60.9476 4.6793e+01    18.3408      0.265      0.384    27.1376 0.0000e+00
      0.271     -0.002    10.7181    135.541     47.616  49.659405     2.3710     10.677    61.2799 4.6838e+01    18.5253      0.266      0.385    27.1366 0.0000e+00
      0.272      0.002    10.7373    135.598     47.612  49.654157     2.3901     10.673    61.8041 4.6870e+01    18.6525      0.267      0.387    27.1366 0.0000e+00
      0.275      0.004    10.7539    135.611     47.617  49.659395     2.4113     10.667    62.3913 4.6985e+01    18.7553      0.270      0.392    27.1374 0.0000e+00
      0.277      0.005    10.7658    135.591     47.624  49.667908     2.4289     10.660    62.8948 4.7205e+01    18.8172      0.271      0.394    27.1393 0.0000e+00
      0.277      0.005    10.7747    135.553     47.625  49.671256     2.4376     10.654    63.1882 4.7462e+01    18.8200      0.271      0.394    27.1408 0.0000e+00
      0.278      0.004    10.7785    135.506     47.620  49.668631     2.4445     10.649    63.2505 4.7623e+01    18.8139      0.273      0.395    27.1387 0.0000e+00
      0.280      0.003    10.7799    135.442     47.615  49.664031     2.4555     10.648    63.1750 4.7561e+01    18.8256      0.274      0.398    27.1371 0.0000e+00
      0.281      0.003    10.7766    135.364     47.619  49.667380     2.4630     10.648    63.0453 4.7273e+01    18.8346      0.276      0.400    27.1401 0.0000e+00
      0.281      0.002    10.7712    135.306     47.629  49.677875     2.4589     10.650    62.8666 4.6879e+01    18.8383      0.276      0.400    27.1438 0.0000e+00
      0.281      0.001    10.7686    135.305     47.633  49.681215     2.4530     10.653    62.6290 4.6478e+01    18.9036      0.276      0.400    27.1452 0.0000e+00
      0.281      0.000    10.7649    135.355     47.628  49.676531     2.4637     10.658    62.4200 4.6158e+01    19.1445      0.276      0.400    27.1449 0.0000e+00
      0.281 4.6798e-07    10.7562    135.419     47.624  49.673267     2.4905     10.663    62.3446 4.5994e+01    19.5022      0.276      0.400    27.1439 0.0000e+00
      0.281      0.000    10.7468    135.471     47.623  49.672712     2.5130     10.668    62.3457 4.5903e+01    19.7337      0.276      0.400    27.1435 0.0000e+00
      0.281      0.000    10.7483    135.505     47.623  49.672638     2.5181     10.672    62.3097 4.5705e+01    19.7544      0.276      0.401    27.1438 0.0000e+00
      0.281      0.001    10.7564    135.534     47.624  49.672629     2.5091     10.674    62.2632 4.5378e+01    19.6921      0.275      0.400    27.1441 0.0000e+00
      0.281      0.002    10.7618    135.576     47.624  49.672628     2.4965     10.675    62.3072 4.5057e+01    19.6488      0.276      0.399    27.1447 0.0000e+00
      0.282      0.002    10.7659    135.622     47.624  49.672628     2.4891     10.675    62.4275 4.4843e+01    19.6355      0.276      0.400    27.1457 0.0000e+00
      0.283      0.001    10.7692    135.649     47.624  49.672628     2.4864     10.674    62.5134 4.4767e+01    19.6262      0.277      0.402    27.1455 0.0000e+00
      0.285      0.000    10.7681    135.659     47.624  49.672628     2.4802     10.674    62.5246 4.4748e+01    19.5642      0.279      0.405    27.1440 0.0000e+00
      0.285      0.000    10.7718    135.665     47.624  49.672627     2.4656     10.674    62.4864 4.4572e+01    19.3989      0.280      0.406    27.1434 0.0000e+00
      0.284     -0.001    10.7807    135.669     47.623  49.672618     2.4484     10.675    62.4082 4.4201e+01    19.1889      0.279      0.403    27.1442 0.0000e+00
      0.282     -0.003    10.7799    135.678     47.622  49.672545     2.4414     10.677    62.2907 4.3884e+01    19.0667      0.276      0.400    27.1447 0.0000e+00
      0.281     -0.004    10.7793    135.696     47.621  49.671999     2.4444     10.678    62.1488 4.3742e+01    19.0572      0.275      0.399    27.1444 0.0000e+00
      0.281     -0.005    10.7815    135.716     47.618  49.668809     2.4343     10.680    62.0242 4.3637e+01    19.0664      0.275      0.399    27.1447 0.0000e+00
      0.280     -0.005    10.7804    135.726     47.613  49.664681     2.4027     10.683    61.9518 4.3405e+01    19.0482      0.275      0.399    27.1453 0.0000e+00
      0.279     -0.005    10.7802    135.725     47.619  49.671294     2.3771     10.686    61.9490 4.3025e+01    19.0351      0.273      0.397    27.1467 0.0000e+00
      0.277     -0.004    10.7818    135.718     47.634  49.686556     2.3765     10.687    62.0534 4.2678e+01    19.0601      0.271      0.394    27.1481 0.0000e+00
      0.275     -0.002    10.7848    135.704     47.636  49.687195     2.3881     10.687    62.2636 4.2583e+01    19.1328      0.269      0.391    27.1482 0.0000e+00
      0.275      0.001    10.7858    135.679     47.626  49.675920     2.3941     10.686    62.4862 4.2885e+01    19.2138      0.267      0.388    27.1483 0.0000e+00
      0.275      0.003    10.7843    135.644     47.630  49.677904     2.3915     10.683    62.6299 4.3550e+01    19.2453      0.268      0.390    27.1484 0.0000e+00
      0.277      0.003    10.7842    135.607     47.640  49.687291     2.3919     10.681    62.6782 4.4313e+01    19.2364      0.271      0.395    27.1478 0.0000e+00
      0.280      0.003    10.7843    135.571     47.639  49.685318     2.4073     10.681    62.6440 4.4865e+01    19.2441      0.276      0.400    27.1463 0.0000e+00
      0.282      0.002    10.7822    135.525     47.634  49.677916     2.4338     10.682    62.5364 4.5018e+01    19.2810      0.278      0.402    27.1445 0.0000e+00
      0.282     -0.000    10.7793    135.461     47.634  49.677991     2.4549     10.683    62.4124 4.4791e+01    19.2928      0.277      0.400    27.1430 0.0000e+00
      0.281     -0.002    10.7758    135.394     47.643  49.685958     2.4605     10.685    62.3375 4.4401e+01    19.2369      0.275      0.399    27.1418 0.0000e+00
      0.279     -0.002    10.7741    135.350     47.649  49.691206     2.4474     10.688    62.2886 4.4073e+01    19.1190      0.273      0.396    27.1409 0.0000e+00
      0.277     -0.002    10.7722    135.344     47.645  49.686588     2.4198     10.690    62.2520 4.3912e+01    18.9832      0.271      0.393    27.1399 0.0000e+00
      0.277     -0.001    10.7662    135.369     47.640  49.681903     2.3995     10.691    62.2903 4.3966e+01    18.8991      0.271      0.394    27.1390 0.0000e+00
      0.277      0.000    10.7582    135.421     47.644  49.686586     2.3991     10.691    62.4049 4.4210e+01    18.8684      0.271      0.393    27.1375 0.0000e+00
      0.277      0.002    10.7542    135.494     47.647  49.691195     2.4020     10.690    62.5316 4.4515e+01    18.8183      0.272      0.394    27.1355 0.0000e+00
      0.278      0.002    10.7555    135.567     47.642  49.685862     2.3942     10.690    62.6506 4.4774e+01    18.7321      0.273      0.396    27.1355 0.0000e+00
