Data/DataNotYetUploadedToEDI/Raw_CTD/RawDownloads/070124_fcr20_S7809003.cnv
* Sea-Bird SBE19plus  Data File:
* FileName = C:\R\Reservoirs\Data\DataNotYetUploadedToEDI\Raw_CTD\RawDownloads\070124_fcr50_S7809_0003.hex
* Software version 2.8.0.119
* Temperature SN = 7809
* Conductivity SN = 7809
* System UpLoad Time = Jul 01 2024 15:47:24
* <ApplicationData>
* <Seaterm232>
# nquan = 15
# nvalues = 1621                        
# units = specified
# name 0 = depFM: Depth [fresh water, m]
# name 1 = dz/dtM: Descent Rate [m/s]
# name 2 = sbeox0Mg/L: Oxygen, SBE 43 [mg/l]
# name 3 = sbeox0PS: Oxygen, SBE 43 [% saturation]
# name 4 = specc: Specific Conductance [uS/cm]
# name 5 = c0uS/cm: Conductivity [uS/cm]
# name 6 = flECO-AFL: Fluorescence, WET Labs ECO-AFL/FL [mg/m^3]
# name 7 = ph: pH
# name 8 = orp: Oxidation Reduction Potential [mV]
# name 9 = par/sat/log: PAR/Logarithmic, Satlantic
# name 10 = turbWETntu0: Turbidity, WET Labs ECO [NTU]
# name 11 = prdM: Pressure, Strain Gauge [db]
# name 12 = prdE: Pressure, Strain Gauge [psi]
# name 13 = tv290C: Temperature [ITS-90, deg C]
# name 14 = flag:  0.000e+00
# span 0 =     -0.628,      3.295       
# span 1 =     -0.360,      0.433       
# span 2 =     0.0932,    10.1888       
# span 3 =      1.025,    125.714       
# span 4 =      1.636,     98.718       
# span 5 =   1.544564,  83.222704       
# span 6 =    -0.5663,    15.8223       
# span 7 =      7.971,     10.467       
# span 8 =  -156.0120,   808.8136       
# span 9 = 2.1651e+00, 2.4420e+03       
# span 10 =    -3.0924,    29.4436      
# span 11 =     -0.616,      3.232      
# span 12 =     -0.893,      4.687      
# span 13 =    16.8660,    26.7008      
# span 14 = 0.0000e+00, 0.0000e+00      
# interval = seconds: 0.25
# start_time = Jul 01 2024 12:22:07 [Instrument's time stamp, header]
# bad_flag = -9.990e-29
*END*
[from data line 1157]
      0.996      0.014     6.0214     68.914     40.688  41.275018     1.9263     10.379    79.3389 4.1627e+01    11.9335      0.977      1.417    25.6925 0.0000e+00
      0.998      0.012     5.8104     69.352     40.699  41.288153     1.9220     10.376    79.3367 4.1637e+01    11.8937      0.978      1.419    25.7013 0.0000e+00
      0.999      0.011     5.6427     70.082     40.704  41.292883     1.9098     10.374    79.4606 4.1578e+01    11.8743      0.980      1.421    25.7093 0.0000e+00
      1.002      0.013     5.5762     70.949     40.709  41.294448     1.9046     10.372    79.7705 4.1433e+01    11.9000      0.983      1.424    25.7144 0.0000e+00
      1.004      0.017     5.5916     71.809     40.722  41.299939     1.9101     10.369    80.1206 4.1151e+01    11.9378      0.985      1.428    25.7164 0.0000e+00
      1.008      0.022     5.6430     72.479     40.752  41.318039     1.9153     10.367    80.4601 4.0536e+01    11.9625      0.986      1.430    25.7183 0.0000e+00
      1.014      0.027     5.7056     72.784     40.800  41.351557     1.9141     10.367    80.8871 3.9522e+01    12.0255      0.990      1.437    25.7184 0.0000e+00
      1.024      0.031     5.7833     72.625     40.860  41.395362     1.9132     10.366    81.3766 3.8385e+01    12.1485      1.005      1.457    25.7158 0.0000e+00
      1.034      0.036     5.8683     72.037     40.940  41.458069     1.9163     10.363    81.8176 3.7394e+01    12.2494      1.017      1.474    25.7102 0.0000e+00
      1.043      0.041     5.9336     71.152     41.063  41.560481     1.9087     10.358    82.1707 3.6501e+01    12.2126      1.023      1.483    25.6928 0.0000e+00
      1.052      0.045     5.9707     70.075     41.232  41.691612     1.8665     10.353    82.4571 3.5535e+01    11.9360      1.030      1.494    25.6677 0.0000e+00
      1.062      0.048     5.9583     68.861     41.402  41.799958     1.7979     10.348    82.7080 3.4412e+01    11.4980      1.040      1.508    25.6476 0.0000e+00
      1.077      0.050     5.8970     67.633     41.529  41.848328     1.7432     10.344    82.9466 3.3184e+01    11.1425      1.054      1.528    25.6277 0.0000e+00
      1.093      0.051     5.8217     66.666     41.601  41.848626     1.7020     10.339    83.2033 3.2019e+01    10.7745      1.072      1.557    25.6109 0.0000e+00
      1.108      0.050     5.7374     66.239     41.631  41.832235     1.6322     10.334    83.5160 3.1038e+01     9.9593      1.089      1.580    25.5838 0.0000e+00
      1.121      0.046     5.6440     66.402     41.637  41.820116     1.5360     10.330    83.9302 3.0194e+01     8.7772      1.100      1.595    25.4966 0.0000e+00
      1.132      0.041     5.5391     66.967     41.646  41.828222     1.4599     10.326    84.5253 2.9414e+01     7.8696      1.110      1.610    25.3655 0.0000e+00
      1.142      0.036     5.4409     67.715     41.679  41.861180     1.4021     10.322    85.2784 2.8729e+01     7.3960      1.121      1.626    25.2626 0.0000e+00
      1.150      0.032     5.4101     68.486     41.729  41.903409     1.3097     10.318    85.9373 2.8188e+01     6.9266      1.130      1.639    25.2094 0.0000e+00
      1.157      0.029     5.4450     69.159     41.785  41.941026     1.1846     10.316    86.2728 2.7756e+01     6.3320      1.135      1.646    25.1973 0.0000e+00
      1.162      0.027     5.5035     69.629     41.837  41.969998     1.0915     10.315    86.3076 2.7339e+01     5.8884      1.140      1.653    25.2133 0.0000e+00
      1.168      0.025     5.5703     69.848     41.876  41.987693     1.0600     10.314    86.1824 2.6871e+01     5.7105      1.146      1.662    25.2254 0.0000e+00
      1.176      0.025     5.6416     69.831     41.908  42.003135     1.0696     10.312    86.0362 2.6386e+01     5.6830      1.154      1.673    25.2144 0.0000e+00
      1.183      0.026     5.7079     69.629     41.960  42.037310     1.0940     10.310    85.9748 2.5946e+01     5.7157      1.161      1.683    25.1844 0.0000e+00
      1.189      0.027     5.7532     69.303     42.047  42.094130     1.1124     10.308    86.0002 2.5529e+01     5.7577      1.166      1.691    25.1479 0.0000e+00
      1.195      0.028     5.7724     68.910     42.143  42.147962     1.1134     10.308    86.0407 2.5074e+01     5.7373      1.171      1.698    25.1204 0.0000e+00
      1.202      0.028     5.7688     68.468     42.210  42.175117     1.0944     10.307    86.0577 2.4572e+01     5.6123      1.177      1.708    25.1049 0.0000e+00
      1.210      0.028     5.7497     67.955     42.232  42.179247     1.0602     10.305    86.1050 2.4057e+01     5.4278      1.186      1.721    25.0986 0.0000e+00
      1.219      0.028     5.7211     67.368     42.226  42.177910     1.0269     10.301    86.2955 2.3574e+01     5.2860      1.195      1.733    25.0746 0.0000e+00
      1.226      0.027     5.6939     66.783     42.214  42.180666     1.0078     10.297    86.7056 2.3139e+01     5.2273      1.202      1.744    24.9971 0.0000e+00
      1.233      0.025     5.6697     66.294     42.208  42.184762     0.9909     10.294    87.2946 2.2753e+01     5.1744      1.210      1.754    24.9222 0.0000e+00
      1.238      0.023     5.6316     65.943     42.207  42.185591     0.9622     10.291    87.8867 2.2414e+01     5.0509      1.216      1.763    24.9085 0.0000e+00
      1.243      0.021     5.5741     65.713     42.215  42.186976     0.9323     10.288    88.3103 2.2116e+01     4.8901      1.219      1.769    24.9300 0.0000e+00
      1.247      0.021     5.5132     65.574     42.245  42.202151     0.9193     10.284    88.5609 2.1830e+01     4.7781      1.223      1.774    24.9607 0.0000e+00
      1.252      0.022     5.4703     65.493     42.303  42.235690     0.9237     10.281    88.7039 2.1520e+01     4.7223      1.227      1.780    24.9757 0.0000e+00
      1.258      0.024     5.4447     65.411     42.364  42.266718     0.9295     10.278    88.7187 2.1167e+01     4.6523      1.233      1.789    24.9723 0.0000e+00
      1.265      0.026     5.4271     65.237     42.398  42.271380     0.9254     10.275    88.6163 2.0777e+01     4.5616      1.240      1.798    24.9694 0.0000e+00
      1.273      0.026     5.4181     64.889     42.401  42.254508     0.9166     10.272    88.5990 2.0373e+01     4.5058      1.248      1.810    24.9542 0.0000e+00
      1.281      0.025     5.4181     64.354     42.394  42.241022     0.9101     10.269    88.8741 2.0002e+01     4.4881      1.257      1.823    24.9188 0.0000e+00
      1.287      0.024     5.4216     63.728     42.402  42.248529     0.9010     10.266    89.3745 1.9710e+01     4.4742      1.264      1.834    24.8788 0.0000e+00
      1.292      0.024     5.4173     63.173     42.447  42.279601     0.8848     10.262    89.8582 1.9499e+01     4.4606      1.268      1.840    24.8397 0.0000e+00
      1.297      0.026     5.3950     62.785     42.524  42.325060     0.8668     10.257    90.3069 1.9298e+01     4.4675      1.270      1.843    24.8027 0.0000e+00
      1.302      0.030     5.3447     62.492     42.607  42.369949     0.8477     10.252    91.0992 1.9019e+01     4.4755      1.275      1.849    24.7996 0.0000e+00
      1.309      0.035     5.2756     62.101     42.684  42.404165     0.8213     10.245    92.7295 1.8629e+01     4.4396      1.282      1.859    24.8297 0.0000e+00
      1.319      0.040     5.2209     61.419     42.768  42.424136     0.7924     10.235    95.2409 1.8159e+01     4.3672      1.293      1.875    24.8258 0.0000e+00
      1.331      0.043     5.2017     60.349     42.851  42.425624     0.7694     10.226    97.8219 1.7624e+01     4.3053      1.304      1.892    24.7578 0.0000e+00
      1.346      0.043     5.1976     58.884     42.905  42.408020     0.7518     10.219    99.6193 1.7027e+01     4.2703      1.317      1.910    24.7025 0.0000e+00
      1.361      0.038     5.1795     57.091     42.923  42.385760     0.7394     10.212   100.8684 1.6491e+01     4.2220      1.338      1.941    24.6963 0.0000e+00
      1.373      0.032     5.1352     55.185     42.921  42.375685     0.7347     10.205   102.1680 1.6178e+01     4.1362      1.351      1.961    24.6236 0.0000e+00
      1.379      0.026     5.0563     53.509     42.916  42.379587     0.7322     10.199   103.4446 1.6076e+01     4.0580      1.353      1.963    24.4773 0.0000e+00
      1.380      0.021     4.9449     52.346     42.916  42.384072     0.7232     10.194   104.5191 1.6049e+01     4.0230      1.353      1.963    24.3800 0.0000e+00
      1.381      0.021     4.7875     51.795     42.932  42.371382     0.7113     10.188   105.4687 1.5979e+01     4.0157      1.353      1.962    24.3445 0.0000e+00
      1.384      0.024     4.5981     51.738     42.987  42.346879     0.7090     10.183   106.0450 1.5785e+01     4.0237      1.352      1.963    24.3421 0.0000e+00
      1.391      0.029     4.4379     51.874     43.085  42.331710     0.7154     10.178   105.9813 1.5465e+01     4.0360      1.360      1.973    24.3696 0.0000e+00
      1.401      0.033     4.3331     51.825     43.181  42.321205     0.7171     10.174   105.7095 1.5088e+01     4.0262      1.372      1.990    24.4027 0.0000e+00
      1.414      0.037     4.2930     51.272     43.237  42.301144     0.7134     10.171   105.7879 1.4733e+01     4.0052      1.387      2.012    24.3958 0.0000e+00
      1.426      0.039     4.3181     50.079     43.278  42.281872     0.7153     10.168   106.2646 1.4462e+01     4.0217      1.401      2.032    24.2919 0.0000e+00
      1.434      0.042     4.3696     48.364     43.336  42.270142     0.7231     10.163   106.9427 1.4266e+01     4.0778      1.407      2.041    24.1062 0.0000e+00
      1.440      0.045     4.3997     46.401     43.403  42.254285     0.7275     10.157   107.6184 1.4036e+01     4.1178      1.410      2.045    23.9533 0.0000e+00
      1.449      0.047     4.3688     44.412     43.471  42.241052     0.7239     10.151   108.1738 1.3668e+01     4.1163      1.417      2.057    23.8953 0.0000e+00
      1.463      0.048     4.2619     42.476     43.539  42.247560     0.7165     10.144   108.6644 1.3168e+01     4.1182      1.431      2.075    23.8649 0.0000e+00
      1.482      0.047     4.0989     40.612     43.581  42.264737     0.7131     10.139   109.2112 1.2663e+01     4.1669      1.451      2.105    23.7845 0.0000e+00
      1.499      0.042     3.9247     38.895     43.580  42.276585     0.7130     10.134   109.7846 1.2300e+01     4.2420      1.476      2.141    23.6684 0.0000e+00
      1.510      0.034     3.7661     37.503     43.545  42.280997     0.7042     10.130   110.2325 1.2118e+01     4.2905      1.487      2.158    23.5605 0.0000e+00
      1.514      0.024     3.6067     36.638     43.507  42.281847     0.6803     10.126   110.5759 1.2047e+01     4.2790      1.487      2.157    23.4820 0.0000e+00
      1.515      0.016     3.4487     36.369     43.490  42.282670     0.6551     10.123   110.9431 1.2012e+01     4.2319      1.486      2.156    23.4454 0.0000e+00
      1.515      0.011     3.2907     36.579     43.492  42.280081     0.6487     10.120   111.3346 1.1976e+01     4.2199      1.485      2.154    23.4723 0.0000e+00
      1.515      0.011     3.1460     37.064     43.512  42.278305     0.6597     10.117   111.7762 1.1915e+01     4.2589      1.485      2.154    23.5486 0.0000e+00
      1.518      0.016     3.0658     37.631     43.562  42.291580     0.6682     10.115   112.3161 1.1800e+01     4.2809      1.486      2.157    23.6099 0.0000e+00
      1.524      0.022     3.0530     38.125     43.639  42.317300     0.6643     10.113   112.7969 1.1638e+01     4.2475      1.495      2.168    23.6285 0.0000e+00
      1.531      0.030     3.0857     38.390     43.729  42.346024     0.6558     10.110   113.0834 1.1449e+01     4.2037      1.502      2.178    23.6094 0.0000e+00
      1.538      0.038     3.1412     38.255     43.822  42.372744     0.6532     10.107   113.3079 1.1223e+01     4.1952      1.507      2.186    23.5830 0.0000e+00
      1.548      0.047     3.1982     37.578     43.905  42.385131     0.6508     10.103   113.5240 1.0922e+01     4.2280      1.515      2.197    23.5543 0.0000e+00
      1.561      0.056     3.2518     36.306     43.985  42.384052     0.6363     10.099   113.5340 1.0544e+01     4.3045      1.527      2.216    23.4845 0.0000e+00
      1.578      0.063     3.2914     34.503     44.089  42.386284     0.6125     10.096   113.3374 1.0144e+01     4.4010      1.547      2.243    23.4126 0.0000e+00
      1.597      0.068     3.2938     32.346     44.207  42.386922     0.5939     10.093   113.2591 9.7477e+00     4.4692      1.563      2.268    23.3480 0.0000e+00
      1.617      0.072     3.2448     30.051     44.307  42.375588     0.5940     10.088   113.4316 9.3553e+00     4.5102      1.583      2.298    23.2635 0.0000e+00
      1.637      0.074     3.1373     27.808     44.425  42.385042     0.6136     10.083   113.6743 9.0039e+00     4.5455      1.609      2.333    23.1966 0.0000e+00
      1.654      0.077     2.9758     25.755     44.604  42.438105     0.6365     10.078   113.9541 8.7068e+00     4.5625      1.625      2.355    23.0905 0.0000e+00
      1.670      0.082     2.7851     23.938     44.781  42.471088     0.6484     10.074   114.4455 8.4123e+00     4.5481      1.636      2.371    22.9186 0.0000e+00
      1.690      0.087     2.5829     22.241     44.866  42.417615     0.6519     10.069   115.1304 8.1043e+00     4.5547      1.655      2.401    22.7985 0.0000e+00
      1.714      0.092     2.3849     20.408     44.881  42.316768     0.6563     10.063   115.7240 7.8194e+00     4.6710      1.679      2.436    22.7224 0.0000e+00
      1.740      0.096     2.2079     18.226     44.908  42.251673     0.6628     10.058   116.0869 7.5627e+00     4.8513      1.703      2.472    22.5913 0.0000e+00
      1.768      0.099     2.0625     15.731     44.973  42.243657     0.6708     10.054   116.4427 7.3221e+00     4.9491      1.734      2.515    22.4131 0.0000e+00
      1.797      0.101     1.9443     13.200     45.037  42.250752     0.6981     10.051   117.0660 7.1169e+00     4.9343      1.765      2.560    22.2464 0.0000e+00
      1.822      0.105     1.8098     10.938     45.044  42.212229     0.7719     10.046   117.9210 6.9648e+00     4.8823      1.789      2.597    22.1172 0.0000e+00
      1.843      0.111     1.6201      9.097     44.974  42.089844     0.8764     10.040   118.7202 6.8444e+00     4.8453      1.807      2.621    22.0227 0.0000e+00
      1.867      0.118     1.3793      7.707     44.866  41.904396     0.9574     10.033   119.2877 6.7089e+00     4.8189      1.823      2.645    21.9471 0.0000e+00
      1.898      0.123     1.1326      6.732     44.761  41.698971     1.0219     10.027   119.7372 6.5359e+00     4.7758      1.854      2.690    21.8890 0.0000e+00
      1.936      0.126     0.9306      6.077     44.661  41.493819     1.1356     10.023   120.2157 6.3570e+00     4.7083      1.899      2.754    21.8592 0.0000e+00
      1.975      0.125     0.7713      5.595     44.583  41.323762     1.2965     10.019   120.6602 6.2164e+00     4.6445      1.942      2.816    21.8193 0.0000e+00
      2.009      0.118     0.6494      5.158     44.565  41.229536     1.4761     10.017   120.9725 6.1196e+00     4.6090      1.975      2.866    21.7212 0.0000e+00
      2.037      0.107     0.5722      4.713     44.593  41.196793     1.9623     10.016   121.2097 6.0403e+00     4.5888      1.999      2.900    21.5740 0.0000e+00
      2.062      0.095     0.5269      4.282     44.624  41.182795     3.2476     10.014   121.4420 5.9623e+00     4.5898      2.025      2.935    21.4310 0.0000e+00
      2.084      0.084     0.4956      3.916     44.650  41.171008     5.0430     10.012   121.6158 5.8952e+00     4.6391      2.051      2.973    21.3245 0.0000e+00
      2.102      0.077     0.4606      3.650     44.681  41.162375     6.3446     10.010   121.7237 5.8453e+00     4.7221      2.063      2.993    21.2377 0.0000e+00
