Data/DataNotYetUploadedToEDI/Raw_CTD/RawDownloads/070126_ccr50_S8188003.cnv
* Sea-Bird SBE19plus  Data File:
* FileName = C:\R\Reservoirs\Data\DataNotYetUploadedToEDI\Raw_CTD\RawDownloads\070126_ccr10_S8188_0003.hex
* Software version 2.8.0.119
* Temperature SN = 8188
* Conductivity SN = 8188
* System UpLoad Time = Jul 02 2026 16:06:53
* <ApplicationData>
* <Seaterm232>
# nquan = 16
# nvalues = 2513                        
# units = specified
# name 0 = depFM: Depth [fresh water, m]
# name 1 = dz/dtM: Descent Rate [m/s]
# name 2 = sbeox0Mg/L: Oxygen, SBE 43 [mg/l]
# name 3 = sbeox0PS: Oxygen, SBE 43 [% saturation]
# name 4 = specc: Specific Conductance [uS/cm]
# name 5 = c0uS/cm: Conductivity [uS/cm]
# name 6 = wetCDOM: Fluorescence, WET Labs CDOM [mg/m^3]
# name 7 = flECO-AFL: Fluorescence, WET Labs ECO-AFL/FL [mg/m^3]
# name 8 = flECO-AFL1: Fluorescence, WET Labs ECO-AFL/FL, 2 [mg/m^3]
# name 9 = flECO-AFL2: Fluorescence, WET Labs ECO-AFL/FL, 3 [mg/m^3]
# name 10 = par/sat/log: PAR/Logarithmic, Satlantic
# name 11 = turbWETntu0: Turbidity, WET Labs ECO [NTU]
# name 12 = prdM: Pressure, Strain Gauge [db]
# name 13 = prdE: Pressure, Strain Gauge [psi]
# name 14 = tv290C: Temperature [ITS-90, deg C]
# name 15 = flag:  0.000e+00
# span 0 =     -0.400,     16.432       
# span 1 =     -0.221,      0.238       
# span 2 =     0.4627,    10.9998       
# span 3 =      4.311,    122.214       
# span 4 =   -622.366,    192.361       
# span 5 =-486.620960, 164.206014       
# span 6 =    -4.5000,    58.4100       
# span 7 =    -0.6699,    14.0971       
# span 8 =    -2.1300,     1.3632       
# span 9 =    -7.3602,     3.6378       
# span 10 = 1.1567e-01, 2.4440e+03      
# span 11 =    -5.1134,   482.5827      
# span 12 =     -0.392,     16.114      
# span 13 =     -0.570,     23.372      
# span 14 =    12.1195,    28.7601      
# span 15 = 0.0000e+00, 0.0000e+00      
# interval = seconds: 0.25
# start_time = Jul 02 2026 11:03:17 [Instrument's time stamp, header]
# bad_flag = -9.990e-29
*END*
[from data line 1266]
     12.959      0.080     8.7579     83.465    146.638 112.056793    16.4700     1.3100     0.0426     0.3384 2.9471e-01     1.8205     12.708     18.431    13.2128 0.0000e+00
     12.979      0.078     8.7586     83.336    146.609 112.029800    16.4700     1.2871     0.0426     0.3384 2.8212e-01     1.6543     12.728     18.460    13.2111 0.0000e+00
     12.999      0.076     8.7588     83.122    146.593 112.013925    16.4700     1.2947     0.1278     0.2538 3.0541e-01     1.8205     12.748     18.489    13.2092 0.0000e+00
     13.019      0.073     8.7569     82.826    146.579 112.000934    16.4700     1.2757     0.1278     0.2538 2.7986e-01     1.6845     12.767     18.517    13.2072 0.0000e+00
     13.037      0.071     8.7506     82.469    146.555 111.981363    16.4700     1.4740     0.1278     0.2538 2.8582e-01     1.4730     12.785     18.543    13.2053 0.0000e+00
     13.055      0.068     8.7374     82.080    146.522 111.955992    16.4700     1.4855     0.1278     0.2538 2.5612e-01     1.5183     12.802     18.568    13.2038 0.0000e+00
     13.071      0.067     8.7153     81.688    146.481 111.926055    16.4700     1.4511     0.1278     0.2538 2.5263e-01     1.5486     12.818     18.591    13.2025 0.0000e+00
     13.087      0.066     8.6844     81.320    146.435 111.891567    16.4700     1.4893     0.0852     0.2961 2.6174e-01     1.3975     12.834     18.614    13.2016 0.0000e+00
     13.103      0.068     8.6470     80.999    146.403 111.865326    16.4700     1.6838     0.0852     0.2961 2.6169e-01     1.8356     12.850     18.637    13.2012 0.0000e+00
     13.120      0.070     8.6062     80.739    146.389 111.850332    16.4700     1.6419     0.0852     0.2961 2.5313e-01     1.8507     12.866     18.660    13.2013 0.0000e+00
     13.137      0.074     8.5651     80.547    146.397 111.850586    16.4700     1.6419     0.0852     0.2961 2.9185e-01     1.8054     12.884     18.686    13.2017 0.0000e+00
     13.157      0.078     8.5265     80.420    146.442 111.878153    16.3800     1.6800     0.0852     0.2961 2.9459e-01     1.7449     12.902     18.713    13.2019 0.0000e+00
     13.177      0.083     8.4929     80.348    146.492 111.910389    16.3800     1.5580     0.0852     0.2961 2.5285e-01     1.4881     12.923     18.742    13.2015 0.0000e+00
     13.199      0.089     8.4659     80.308    146.500 111.911899    16.3800     1.5160     0.0852     0.2961 2.2496e-01     1.5637     12.944     18.774    13.2001 0.0000e+00
     13.222      0.094     8.4462     80.274    146.485 111.895083    16.3800     1.5541     0.0852     0.2961 2.2594e-01     1.6090     12.967     18.807    13.1979 0.0000e+00
     13.247      0.099     8.4333     80.225    146.482 111.887450    16.3800     1.5313     0.0852     0.2115 2.0201e-01     1.5939     12.991     18.842    13.1957 0.0000e+00
     13.273      0.104     8.4261     80.141    146.476 111.876966    16.3800     1.5236     0.0852     0.2115 2.2108e-01     1.4579     13.017     18.879    13.1937 0.0000e+00
     13.301      0.107     8.4223     80.015    146.458 111.856837    16.3800     1.4206     0.0852     0.2115 1.9059e-01     1.7601     13.044     18.918    13.1920 0.0000e+00
     13.330      0.109     8.4191     79.858    146.445 111.841690    16.3800     1.3863     0.0852     0.2115 1.8702e-01     1.7903     13.072     18.959    13.1902 0.0000e+00
     13.359      0.110     8.4143     79.687    146.432 111.827486    16.4700     1.4054     0.1278     0.2538 2.1427e-01     1.7903     13.101     19.001    13.1882 0.0000e+00
     13.387      0.110     8.4058     79.525    146.421 111.814435    16.4700     1.3939     0.1278     0.2538 2.0206e-01     1.8054     13.129     19.041    13.1863 0.0000e+00
     13.415      0.110     8.3930     79.398    146.427 111.815055    16.4700     1.4778     0.1278     0.2538 1.6996e-01     1.7903     13.156     19.081    13.1843 0.0000e+00
     13.443      0.109     8.3768     79.329    146.445 111.825512    16.4700     1.4511     0.1278     0.2538 1.7004e-01     1.7449     13.183     19.120    13.1825 0.0000e+00
     13.470      0.108     8.3591     79.325    146.469 111.840594    16.4700     1.4702     0.1278     0.2538 1.7249e-01     1.7449     13.210     19.159    13.1809 0.0000e+00
     13.497      0.108     8.3424     79.384    146.504 111.864324    16.2900     1.4778     0.0852     0.2538 1.6700e-01     1.6241     13.236     19.198    13.1794 0.0000e+00
     13.525      0.108     8.3294     79.489    146.540 111.889032    16.2900     1.4778     0.0852     0.2538 1.7575e-01     1.7752     13.263     19.237    13.1781 0.0000e+00
     13.552      0.109     8.3223     79.614    146.552 111.895313    16.2900     1.4931     0.0852     0.2538 1.4072e-01     1.6845     13.290     19.276    13.1768 0.0000e+00
     13.580      0.110     8.3222     79.745    146.555 111.894839    16.2900     1.4931     0.0852     0.2538 1.4803e-01     1.7752     13.317     19.315    13.1757 0.0000e+00
     13.608      0.112     8.3286     79.878    146.569 111.903480    16.3800     1.4702     0.0852     0.2538 1.5263e-01     1.8658     13.345     19.355    13.1746 0.0000e+00
     13.636      0.114     8.3397     80.013    146.565 111.897546    16.3800     1.3443     0.0852     0.2538 1.3189e-01     1.7298     13.372     19.395    13.1736 0.0000e+00
     13.665      0.117     8.3530     80.143    146.532 111.869455    16.3800     1.3520     0.0852     0.2538 1.3511e-01     1.8507     13.400     19.436    13.1727 0.0000e+00
     13.695      0.121     8.3669     80.255    146.516 111.853708    16.3800     1.3329     0.0852     0.2538 1.6448e-01     1.7449     13.430     19.478    13.1719 0.0000e+00
     13.726      0.125     8.3810     80.328    146.524 111.856103    16.2900     1.3787     0.0852     0.3807 1.3742e-01     1.7298     13.461     19.523    13.1710 0.0000e+00
     13.759      0.128     8.3954     80.338    146.507 111.839286    16.2900     1.2947     0.0852     0.3807 1.1580e-01     2.3492     13.493     19.570    13.1702 0.0000e+00
     13.793      0.129     8.4092     80.273    146.483 111.816770    16.2900     1.2871     0.0852     0.3807 1.1595e-01     2.4549     13.526     19.618    13.1692 0.0000e+00
     13.827      0.129     8.4212     80.130    146.494 111.820540    16.2900     1.2719     0.0852     0.3807 1.5875e-01     2.4549     13.560     19.667    13.1680 0.0000e+00
     13.861      0.127     8.4291     79.905    146.519 111.835606    16.2900     1.2833     0.0852     0.3807 1.1585e-01     2.4247     13.593     19.715    13.1668 0.0000e+00
     13.893      0.123     8.4303     79.617    146.544 111.849989    16.2900     1.4817     0.1278     0.2115 1.1595e-01     2.0924     13.625     19.761    13.1654 0.0000e+00
     13.924      0.119     8.4238     79.294    146.582 111.875521    16.2900     1.4931     0.1278     0.2115 1.2397e-01     2.2435     13.655     19.805    13.1639 0.0000e+00
     13.954      0.113     8.4091     78.963    146.625 111.905015    16.2900     1.4855     0.1278     0.2115 1.1600e-01     2.1075     13.684     19.847    13.1624 0.0000e+00
     13.982      0.108     8.3858     78.651    146.640 111.912342    16.2900     1.5007     0.1278     0.2115 1.1595e-01     2.2132     13.711     19.886    13.1609 0.0000e+00
     14.009      0.102     8.3557     78.383    146.636 111.905455    16.4700     1.3329     0.0852     0.2961 1.2168e-01     2.1679     13.738     19.924    13.1595 0.0000e+00
     14.034      0.097     8.3221     78.167    146.630 111.896514    16.4700     1.3367     0.0852     0.2961 1.3198e-01     2.2283     13.763     19.961    13.1582 0.0000e+00
     14.058      0.091     8.2877     77.996    146.617 111.883134    16.4700     1.3443     0.0852     0.2961 1.1587e-01     2.2283     13.787     19.995    13.1570 0.0000e+00
     14.081      0.086     8.2552     77.867    146.599 111.865747    16.4700     1.3672     0.0852     0.2961 1.1676e-01     2.1528     13.809     20.027    13.1557 0.0000e+00
     14.102      0.080     8.2272     77.776    146.585 111.851714    16.6500     1.4016     0.0852     0.3807 1.1595e-01     2.1679     13.830     20.057    13.1544 0.0000e+00
     14.121      0.075     8.2048     77.720    146.586 111.849290    16.6500     1.4130     0.0852     0.3807 1.1595e-01     2.1377     13.848     20.085    13.1531 0.0000e+00
     14.139      0.070     8.1871     77.702    146.601 111.857828    16.6500     1.4283     0.0852     0.3807 1.1595e-01     2.2132     13.866     20.110    13.1518 0.0000e+00
     14.156      0.065     8.1737     77.716    146.623 111.871607    16.6500     1.4016     0.0852     0.3807 1.1587e-01     2.1377     13.882     20.134    13.1506 0.0000e+00
     14.172      0.061     8.1644     77.743    146.630 111.874305    16.5600     1.5923     0.1278     0.2115 1.1595e-01     2.1679     13.898     20.157    13.1495 0.0000e+00
     14.187      0.058     8.1588     77.777    146.627 111.870640    16.5600     1.5961     0.1278     0.2115 1.1587e-01     2.2283     13.913     20.179    13.1484 0.0000e+00
     14.201      0.055     8.1570     77.820    146.636 111.875632    16.5600     1.6152     0.1278     0.2115 1.1580e-01     2.2132     13.927     20.199    13.1473 0.0000e+00
     14.214      0.053     8.1586     77.868    146.642 111.878614    16.5600     1.5885     0.1278     0.2115 1.1595e-01     2.2283     13.940     20.217    13.1463 0.0000e+00
     14.227      0.053     8.1616     77.920    146.636 111.872384    16.5600     1.3405     0.1278     0.2115 1.1676e-01     2.0018     13.952     20.235    13.1455 0.0000e+00
     14.240      0.053     8.1653     77.969    146.627 111.863278    16.4700     1.3367     0.0852     0.2115 1.1595e-01     2.0320     13.964     20.253    13.1448 0.0000e+00
     14.253      0.054     8.1700     78.008    146.622 111.856867    16.4700     1.3481     0.0852     0.2115 1.1600e-01     1.9866     13.977     20.272    13.1442 0.0000e+00
     14.267      0.056     8.1751     78.047    146.619 111.851439    16.4700     1.3214     0.0852     0.2115 1.2002e-01     1.9715     13.991     20.292    13.1437 0.0000e+00
     14.281      0.057     8.1806     78.098    146.599 111.833551    16.4700     1.4626     0.0852     0.2115 1.1595e-01     2.4096     14.005     20.313    13.1430 0.0000e+00
     14.297      0.059     8.1859     78.152    146.597 111.828426    16.5600     1.4931     0.1278     0.1692 1.1605e-01     2.5305     14.020     20.335    13.1423 0.0000e+00
     14.312      0.059     8.1902     78.191    146.635 111.854692    16.5600     1.5007     0.1278     0.1692 1.1587e-01     2.4398     14.036     20.357    13.1414 0.0000e+00
     14.328      0.059     8.1945     78.199    146.666 111.875362    16.5600     1.4626     0.1278     0.1692 1.1600e-01     2.3945     14.051     20.379    13.1405 0.0000e+00
     14.343      0.058     8.2000     78.170    146.680 111.883951    16.5600     1.5007     0.1278     0.1692 1.1600e-01     2.4701     14.066     20.400    13.1395 0.0000e+00
     14.358      0.057     8.2059     78.103    146.690 111.888749    16.5600     1.4855     0.0852     0.2538 1.1587e-01     2.4247     14.080     20.421    13.1384 0.0000e+00
     14.372      0.055     8.2102     77.999    146.690 111.887035    16.5600     1.4740     0.0852     0.2538 1.1610e-01     2.4247     14.094     20.442    13.1374 0.0000e+00
     14.386      0.054     8.2112     77.863    146.692 111.886351    16.5600     1.4511     0.0852     0.2538 1.1595e-01     2.4701     14.108     20.462    13.1365 0.0000e+00
     14.400      0.052     8.2083     77.700    146.699 111.890513    16.5600     1.4511     0.0852     0.2538 1.1592e-01     2.8779     14.121     20.481    13.1356 0.0000e+00
     14.413      0.051     8.2014     77.515    146.704 111.892633    16.5600     1.4740     0.0852     0.2538 1.1597e-01     2.8930     14.134     20.500    13.1347 0.0000e+00
     14.425      0.050     8.1906     77.302    146.707 111.893277    16.5600     1.4778     0.0852     0.2538 1.1590e-01     2.9837     14.146     20.518    13.1340 0.0000e+00
     14.438      0.049     8.1764     77.044    146.729 111.908612    16.5600     1.4778     0.0852     0.2538 1.1597e-01     2.9837     14.159     20.535    13.1334 0.0000e+00
     14.450      0.048     8.1594     76.723    146.765 111.934730    16.5600     1.4664     0.0852     0.2538 1.1587e-01     3.3915     14.171     20.553    13.1329 0.0000e+00
     14.463      0.047     8.1401     76.330    146.793 111.954600    16.5600     1.4969     0.0852     0.2538 1.2546e-01     3.3613     14.183     20.571    13.1324 0.0000e+00
     14.475      0.046     8.1178     75.883    146.808 111.965522    16.5600     1.4550     0.1278     0.2961 1.1605e-01     3.3915     14.195     20.588    13.1319 0.0000e+00
     14.487      0.044     8.0908     75.416    146.814 111.970408    16.5600     1.4664     0.1278     0.2961 1.1590e-01     3.3311     14.206     20.605    13.1313 0.0000e+00
     14.498      0.042     8.0571     74.965    146.810 111.968563    16.5600     1.4206     0.1278     0.2961 1.1595e-01     3.0592     14.217     20.620    13.1308 0.0000e+00
     14.508      0.040     8.0160     74.570    146.798 111.961492    16.5600     1.3977     0.1278     0.2961 1.1595e-01     3.1196     14.227     20.635    13.1305 0.0000e+00
     14.518      0.038     7.9691     74.268    146.791 111.957310    16.5600     1.4321     0.0852     0.2961 1.1595e-01     3.1045     14.237     20.649    13.1303 0.0000e+00
     14.527      0.037     7.9200     74.079    146.785 111.952901    16.5600     1.3863     0.0852     0.2961 1.1600e-01     3.2707     14.246     20.662    13.1304 0.0000e+00
     14.536      0.036     7.8726     74.000    146.770 111.939091    16.5600     1.5999     0.0852     0.2961 1.1582e-01     3.3462     14.255     20.675    13.1307 0.0000e+00
     14.545      0.035     7.8310     74.014    146.761 111.928194    16.5600     1.6037     0.0852     0.2961 1.1595e-01     3.3462     14.264     20.688    13.1313 0.0000e+00
     14.554      0.034     7.7992     74.080    146.765 111.927302    16.5600     1.6075     0.0852     0.3807 1.1587e-01     3.3764     14.272     20.700    13.1319 0.0000e+00
     14.562      0.033     7.7792     74.161    146.763 111.922181    16.5600     1.5923     0.0852     0.3807 1.1597e-01     3.3613     14.281     20.712    13.1319 0.0000e+00
     14.571      0.032     7.7712     74.231    146.745 111.905464    16.5600     1.6114     0.0852     0.3807 1.1612e-01     3.6332     14.289     20.724    13.1311 0.0000e+00
     14.579      0.030     7.7729     74.264    146.739 111.898690    16.5600     1.5923     0.0852     0.3807 1.1605e-01     3.6937     14.297     20.736    13.1297 0.0000e+00
     14.586      0.029     7.7801     74.247    146.761 111.914047    16.5600     1.6114     0.0852     0.3807 1.1595e-01     3.5728     14.305     20.747    13.1283 0.0000e+00
     14.594      0.028     7.7889     74.185    146.772 111.921639    16.6500     1.5732     0.0852     0.3807 1.1605e-01     3.6332     14.312     20.757    13.1270 0.0000e+00
     14.600      0.027     7.7963     74.095    146.771 111.921490    16.6500     1.5427     0.0852     0.3807 1.1587e-01     3.6181     14.318     20.767    13.1260 0.0000e+00
     14.607      0.027     7.8000     74.001    146.794 111.939556    16.6500     1.5503     0.0852     0.3807 1.1590e-01     3.6635     14.325     20.776    13.1252 0.0000e+00
     14.613      0.027     7.7983     73.920    146.834 111.970657    16.6500     1.5313     0.0852     0.3807 1.1592e-01     3.6332     14.331     20.785    13.1248 0.0000e+00
     14.620      0.027     7.7917     73.863    146.849 111.983093    16.6500     1.5503     0.1278     0.2538 1.1570e-01     3.4369     14.338     20.795    13.1247 0.0000e+00
