Data/DataNotYetUploadedToEDI/Raw_CTD/RawDownloads/070124_bvr50_S8188004.cnv
* Sea-Bird SBE19plus  Data File:
* FileName = C:\R\Reservoirs\Data\DataNotYetUploadedToEDI\Raw_CTD\RawDownloads\062424_bvr50_S8188_0004.hex
* Software version 2.8.0.119
* Temperature SN = 8188
* Conductivity SN = 8188
* System UpLoad Time = Jul 02 2024 12:04:51
* <ApplicationData>
* <Seaterm232>
# nquan = 16
# nvalues = 3617                        
# units = specified
# name 0 = depFM: Depth [fresh water, m]
# name 1 = dz/dtM: Descent Rate [m/s]
# name 2 = sbeox0Mg/L: Oxygen, SBE 43 [mg/l]
# name 3 = sbeox0PS: Oxygen, SBE 43 [% saturation]
# name 4 = specc: Specific Conductance [uS/cm]
# name 5 = c0uS/cm: Conductivity [uS/cm]
# name 6 = wetCDOM: Fluorescence, WET Labs CDOM [mg/m^3]
# name 7 = flECO-AFL: Fluorescence, WET Labs ECO-AFL/FL [mg/m^3]
# name 8 = flECO-AFL1: Fluorescence, WET Labs ECO-AFL/FL, 2 [mg/m^3]
# name 9 = flECO-AFL2: Fluorescence, WET Labs ECO-AFL/FL, 3 [mg/m^3]
# name 10 = par/sat/log: PAR/Logarithmic, Satlantic
# name 11 = turbWETntu0: Turbidity, WET Labs ECO [NTU]
# name 12 = prdM: Pressure, Strain Gauge [db]
# name 13 = prdE: Pressure, Strain Gauge [psi]
# name 14 = tv290C: Temperature [ITS-90, deg C]
# name 15 = flag:  0.000e+00
# span 0 =     -0.705,      9.646       
# span 1 =     -0.200,      0.172       
# span 2 =    -0.2074,     8.2112       
# span 3 =     -2.434,    102.399       
# span 4 =     -0.061,    114.563       
# span 5 =  -0.058096,  80.507702       
# span 6 =    -4.6800,    49.7700       
# span 7 =    -2.5658,   245.1682       
# span 8 =    -3.4080,     5.6658       
# span 9 =    -6.8949,     8.2062       
# span 10 = 1.1582e-01, 2.6326e+03      
# span 11 =   -12.3796,   971.0793      
# span 12 =     -0.691,      9.460      
# span 13 =     -1.002,     13.720      
# span 14 =    10.1167,    27.2463      
# span 15 = 0.0000e+00, 0.0000e+00      
# interval = seconds: 0.25
# start_time = Jul 01 2024 10:07:41 [Instrument's time stamp, header]
# bad_flag = -9.990e-29
*END*
[from data line 272]
      0.106      0.000     3.0444     37.998     33.298  34.231530    40.1400     1.9585     0.2556     0.9306 1.0293e+02    14.1926      0.104      0.150    26.3948 0.0000e+00
      0.105      0.000     3.0467     38.030     33.298  34.231502    40.1400     1.9928     0.2556     0.9306 1.0492e+02    14.1624      0.103      0.150    26.3947 0.0000e+00
      0.105      0.000     3.0509     38.038     33.300  34.233168    40.1400     1.9738     0.2556     0.9306 1.0567e+02    14.3135      0.103      0.150    26.3946 0.0000e+00
      0.105      0.000     3.0562     38.016     33.303  34.236973    40.1400     2.0005     0.2556     0.9306 1.0460e+02    14.2078      0.103      0.150    26.3945 0.0000e+00
      0.105      0.000     3.0606     37.958     33.306  34.239948    40.1400     2.0424     0.3408     0.9729 1.0540e+02    14.2531      0.103      0.150    26.3946 0.0000e+00
      0.105      0.001     3.0632     37.871     33.303  34.236911    40.1400     2.0501     0.3408     0.9729 1.0197e+02    14.1775      0.103      0.150    26.3948 0.0000e+00
      0.106      0.001     3.0638     37.765     33.296  34.231035    40.1400     2.0424     0.3408     0.9729 1.0157e+02    14.2380      0.104      0.150    26.3951 0.0000e+00
      0.106      0.002     3.0619     37.659     33.292  34.226730    40.1400     2.0729     0.3408     0.9729 1.0175e+02    14.2380      0.104      0.151    26.3955 0.0000e+00
      0.107      0.002     3.0572     37.574     33.287  34.222847    40.1400     2.0348     0.3408     0.9729 1.0030e+02    13.8754      0.105      0.152    26.3961 0.0000e+00
      0.107      0.002     3.0502     37.521     33.284  34.220343    40.2300     2.0310     0.3408     1.0152 1.0197e+02    13.9963      0.105      0.153    26.3968 0.0000e+00
      0.108      0.002     3.0416     37.504     33.282  34.218551    40.2300     2.0501     0.3408     1.0152 1.0257e+02    14.0718      0.106      0.153    26.3976 0.0000e+00
      0.108      0.001     3.0330     37.523     33.278  34.215001    40.2300     2.0348     0.3408     1.0152 1.0291e+02    13.9812      0.106      0.154    26.3983 0.0000e+00
      0.109      0.001     3.0261     37.568     33.274  34.210737    40.2300     1.9967     0.3408     1.0152 1.0417e+02    14.0114      0.106      0.154    26.3990 0.0000e+00
      0.109      0.001     3.0218     37.625     33.278  34.214582    40.1400     2.0005     0.2982     0.8883 1.0433e+02    13.9660      0.107      0.155    26.3996 0.0000e+00
      0.109      0.000     3.0205     37.673     33.292  34.229553    40.1400     2.0043     0.2982     0.8883 1.0372e+02    13.9056      0.107      0.155    26.4001 0.0000e+00
      0.109      0.000     3.0220     37.691     33.301  34.239724    40.1400     1.9738     0.2982     0.8883 1.0153e+02    13.9660      0.107      0.155    26.4006 0.0000e+00
      0.109      0.000     3.0256     37.667     33.299  34.237847    40.1400     1.9852     0.2982     0.8883 9.8938e+01    14.2531      0.107      0.155    26.4011 0.0000e+00
      0.109     -0.001     3.0301     37.599     33.298  34.237365    40.2300     1.9623     0.2982     0.8883 9.9412e+01    14.2380      0.107      0.155    26.4016 0.0000e+00
      0.109     -0.001     3.0339     37.501     33.304  34.244126    40.2300     2.0081     0.2982     0.8883 9.7614e+01    14.2229      0.107      0.155    26.4022 0.0000e+00
      0.109     -0.001     3.0354     37.392     33.309  34.249972    40.2300     2.0043     0.2982     0.8883 9.7954e+01    14.2833      0.107      0.154    26.4029 0.0000e+00
      0.108     -0.001     3.0334     37.287     33.313  34.254472    40.2300     2.0462     0.2982     0.8883 9.8831e+01    14.2229      0.106      0.154    26.4036 0.0000e+00
      0.108     -0.002     3.0279     37.201     33.316  34.258824    40.2300     2.0501     0.2982     0.9306 9.7402e+01    14.3135      0.106      0.153    26.4045 0.0000e+00
      0.107     -0.002     3.0200     37.149     33.317  34.260206    40.2300     2.0234     0.2982     0.9306 9.7805e+01    14.2531      0.105      0.153    26.4054 0.0000e+00
      0.107     -0.002     3.0111     37.153     33.315  34.258986    40.2300     2.0348     0.2982     0.9306 9.8917e+01    14.2833      0.105      0.152    26.4063 0.0000e+00
      0.106     -0.002     3.0027     37.235     33.313  34.256831    40.2300     2.0348     0.2982     0.9306 9.9175e+01    14.3739      0.104      0.151    26.4071 0.0000e+00
      0.106     -0.003     2.9956     37.402     33.315  34.259141    40.2300     2.0424     0.2982     0.9306 1.0239e+02    14.1926      0.104      0.150    26.4080 0.0000e+00
      0.105     -0.003     2.9914     37.647     33.320  34.264541    40.2300     2.0348     0.2982     0.8037 1.0231e+02    14.2078      0.103      0.149    26.4088 0.0000e+00
      0.104     -0.003     2.9917     37.949     33.323  34.268495    40.2300     2.0691     0.2982     0.8037 9.9672e+01    14.1624      0.102      0.148    26.4095 0.0000e+00
      0.103     -0.003     2.9982     38.285     33.330  34.276042    40.2300     2.0653     0.2982     0.8037 9.9585e+01    13.9963      0.101      0.147    26.4102 0.0000e+00
      0.102     -0.004     3.0117     38.628     33.343  34.289195    40.2300     2.0462     0.2982     0.8037 9.9132e+01    13.8905      0.100      0.145    26.4109 0.0000e+00
      0.101     -0.004     3.0314     38.957     33.349  34.295524    40.2300     2.0462     0.2982     0.7614 9.7593e+01    14.0265      0.099      0.144    26.4116 0.0000e+00
      0.100     -0.004     3.0557     39.251     33.339  34.284767    40.2300     2.0577     0.2982     0.7614 9.8852e+01    14.0114      0.098      0.143    26.4122 0.0000e+00
      0.099     -0.004     3.0827     39.494     33.322  34.266006    40.2300     2.1225     0.2982     0.7614 9.9412e+01    14.0567      0.097      0.141    26.4127 0.0000e+00
      0.098     -0.003     3.1103     39.685     33.310  34.252166    40.2300     2.1149     0.2982     0.7614 1.0048e+02    13.9207      0.097      0.140    26.4129 0.0000e+00
      0.097     -0.003     3.1368     39.832     33.304  34.245532    40.1400     2.1340     0.2982     0.9306 1.0217e+02    13.9660      0.096      0.139    26.4127 0.0000e+00
      0.097     -0.002     3.1606     39.950     33.303  34.242343    40.1400     2.1302     0.2982     0.9306 1.0076e+02    14.0114      0.095      0.138    26.4118 0.0000e+00
      0.096     -0.002     3.1802     40.044     33.304  34.241748    40.1400     2.0729     0.2982     0.9306 1.0315e+02    14.2229      0.095      0.137    26.4105 0.0000e+00
      0.096     -0.002     3.1957     40.116     33.305  34.241597    40.1400     2.0462     0.2982     0.9306 1.0242e+02    14.2229      0.094      0.136    26.4087 0.0000e+00
      0.095     -0.001     3.2076     40.167     33.302  34.237865    40.2300     2.0691     0.2982     0.8883 1.0140e+02    14.2229      0.094      0.136    26.4066 0.0000e+00
      0.095     -0.001     3.2173     40.200     33.299  34.233541    40.2300     2.0615     0.2982     0.8883 1.0253e+02    14.2229      0.093      0.135    26.4043 0.0000e+00
      0.095     -0.001     3.2250     40.210     33.298  34.231455    40.2300     2.0310     0.2982     0.8883 1.0089e+02    14.0265      0.093      0.135    26.4020 0.0000e+00
      0.094     -0.001     3.2309     40.194     33.300  34.233043    40.2300     2.0310     0.2982     0.8883 1.0039e+02    13.9358      0.093      0.134    26.4000 0.0000e+00
      0.094     -0.001     3.2351     40.154     33.308  34.240720    40.2300     2.0615     0.2982     0.8883 1.0291e+02    14.0265      0.092      0.134    26.3982 0.0000e+00
      0.094     -0.000     3.2379     40.089     33.318  34.250559    40.3200     2.0234     0.3408     1.0152 1.0186e+02    14.0416      0.092      0.134    26.3967 0.0000e+00
      0.094      0.000     3.2388     40.000     33.324  34.257215    40.3200     2.1073     0.3408     1.0152 1.0239e+02    13.8603      0.092      0.134    26.3955 0.0000e+00
      0.094      0.001     3.2375     39.892     33.331  34.264455    40.3200     2.0882     0.3408     1.0152 1.0363e+02    13.9509      0.092      0.134    26.3947 0.0000e+00
      0.095      0.001     3.2343     39.773     33.341  34.274209    40.3200     2.1187     0.3408     1.0152 1.0331e+02    13.9358      0.093      0.134    26.3941 0.0000e+00
      0.095      0.002     3.2291     39.652     33.343  34.277128    40.2300     2.1264     0.3408     0.9729 1.0492e+02    13.9963      0.093      0.135    26.3938 0.0000e+00
      0.096      0.002     3.2219     39.529     33.336  34.270005    40.2300     2.1149     0.3408     0.9729 1.0360e+02    14.1926      0.094      0.136    26.3937 0.0000e+00
      0.096      0.003     3.2132     39.400     33.329  34.262893    40.2300     2.1531     0.3408     0.9729 1.0508e+02    14.2984      0.095      0.137    26.3938 0.0000e+00
      0.097      0.004     3.2035     39.269     33.327  34.261862    40.2300     2.1073     0.3408     0.9729 1.0374e+02    14.1624      0.095      0.138    26.3941 0.0000e+00
      0.098      0.004     3.1937     39.147     33.328  34.262655    40.2300     2.1264     0.3834     0.8460 1.0273e+02    14.1775      0.096      0.139    26.3944 0.0000e+00
      0.099      0.005     3.1838     39.034     33.326  34.261499    40.2300     2.1950     0.3834     0.8460 1.0492e+02    14.2380      0.097      0.141    26.3947 0.0000e+00
      0.100      0.007     3.1734     38.923     33.326  34.262069    40.2300     2.2027     0.3834     0.8460 1.0231e+02    14.3286      0.099      0.143    26.3952 0.0000e+00
      0.102      0.008     3.1629     38.807     33.328  34.264518    40.2300     2.1912     0.3834     0.8460 1.0521e+02    14.2229      0.100      0.145    26.3957 0.0000e+00
      0.104      0.010     3.1530     38.681     33.331  34.267507    40.2300     2.1874     0.3408     0.9729 1.0360e+02    14.1020      0.102      0.148    26.3962 0.0000e+00
      0.107      0.013     3.1439     38.542     33.336  34.273823    40.2300     2.1225     0.3408     0.9729 1.0572e+02    14.2078      0.105      0.152    26.3968 0.0000e+00
      0.110      0.016     3.1350     38.386     33.345  34.283161    40.2300     2.1035     0.3408     0.9729 1.0489e+02    14.1775      0.108      0.157    26.3974 0.0000e+00
      0.114      0.020     3.1256     38.211     33.352  34.292034    40.2300     2.1302     0.3408     0.9729 1.0655e+02    14.1926      0.112      0.163    26.3982 0.0000e+00
      0.120      0.023     3.1154     38.020     33.354  34.294842    40.2300     2.1225     0.3408     0.9729 1.0743e+02    14.3437      0.118      0.170    26.3990 0.0000e+00
      0.126      0.026     3.1041     37.820     33.354  34.296315    40.2300     2.1378     0.2982     0.9729 1.0549e+02    14.4495      0.124      0.179    26.3999 0.0000e+00
      0.134      0.029     3.0915     37.627     33.357  34.300832    40.2300     2.0997     0.2982     0.9729 1.0830e+02    14.4797      0.131      0.190    26.4011 0.0000e+00
      0.142      0.031     3.0773     37.453     33.356  34.301628    40.2300     2.1607     0.2982     0.9729 1.0590e+02    14.4495      0.139      0.202    26.4024 0.0000e+00
      0.151      0.032     3.0618     37.299     33.352  34.298917    40.2300     2.1187     0.2982     0.9729 1.0776e+02    14.5250      0.148      0.215    26.4041 0.0000e+00
      0.159      0.033     3.0456     37.161     33.351  34.299943    40.5000     2.2522     0.2982     1.0575 1.0844e+02    14.2078      0.156      0.227    26.4062 0.0000e+00
      0.168      0.033     3.0299     37.030     33.358  34.308964    40.5000     2.2561     0.2982     1.0575 1.1039e+02    14.1624      0.165      0.239    26.4085 0.0000e+00
      0.176      0.033     3.0157     36.903     33.368  34.320418    40.5000     2.2027     0.2982     1.0575 1.1417e+02    14.1322      0.173      0.251    26.4110 0.0000e+00
      0.184      0.034     3.0032     36.781     33.371  34.325408    40.5000     2.2255     0.2982     1.0575 1.1693e+02    14.1926      0.181      0.262    26.4135 0.0000e+00
      0.193      0.035     2.9919     36.662     33.368  34.325264    40.2300     2.0729     0.2982     1.0575 1.2139e+02    14.1624      0.189      0.275    26.4161 0.0000e+00
      0.202      0.036     2.9813     36.544     33.369  34.327916    40.2300     2.0386     0.2982     1.0575 1.2552e+02    14.1926      0.198      0.288    26.4189 0.0000e+00
      0.211      0.037     2.9709     36.429     33.373  34.334071    40.2300     2.0539     0.2982     1.0575 1.2945e+02    14.2984      0.207      0.301    26.4218 0.0000e+00
      0.221      0.039     2.9609     36.325     33.378  34.341387    40.2300     2.0539     0.2982     1.0575 1.3623e+02    14.2229      0.217      0.315    26.4249 0.0000e+00
      0.231      0.040     2.9512     36.235     33.386  34.351815    40.2300     2.0234     0.2982     1.0575 1.4253e+02    14.2078      0.226      0.329    26.4280 0.0000e+00
      0.241      0.042     2.9415     36.164     33.391  34.360168    40.3200     2.0653     0.2556     0.9729 1.5243e+02    14.2229      0.237      0.344    26.4311 0.0000e+00
      0.252      0.044     2.9321     36.121     33.389  34.360706    40.3200     2.0729     0.2556     0.9729 1.5734e+02    14.2833      0.247      0.359    26.4341 0.0000e+00
      0.264      0.046     2.9235     36.115     33.382  34.357556    40.3200     2.0501     0.2556     0.9729 1.6934e+02    14.2682      0.258      0.375    26.4372 0.0000e+00
      0.276      0.047     2.9161     36.149     33.373  34.353862    40.3200     1.9738     0.2556     0.9729 1.6780e+02    14.1926      0.270      0.392    26.4406 0.0000e+00
      0.288      0.049     2.9101     36.224     33.362  34.348640    40.3200     2.0157     0.2982     0.9729 1.8439e+02    14.2531      0.282      0.410    26.4446 0.0000e+00
      0.301      0.050     2.9065     36.336     33.351  34.344480    40.3200     1.9776     0.2982     0.9729 1.8387e+02    14.3890      0.295      0.428    26.4494 0.0000e+00
      0.314      0.051     2.9057     36.487     33.342  34.344258    40.3200     1.9661     0.2982     0.9729 1.8889e+02    14.1624      0.308      0.447    26.4555 0.0000e+00
      0.327      0.051     2.9080     36.696     33.333  34.343930    40.3200     1.9547     0.2982     0.9729 1.9862e+02    14.1322      0.321      0.466    26.4632 0.0000e+00
      0.340      0.052     2.9135     37.008     33.321  34.343411    40.4100     1.9165     0.3408     0.9729 2.1656e+02    14.1926      0.334      0.484    26.4725 0.0000e+00
      0.353      0.052     2.9219     37.507     33.309  34.346545    40.4100     1.9013     0.3408     0.9729 2.1297e+02    14.2078      0.346      0.503    26.4835 0.0000e+00
      0.367      0.053     2.9333     38.341     33.292  34.350185    40.4100     1.9318     0.3408     0.9729 2.2214e+02    14.2229      0.359      0.522    26.4961 0.0000e+00
      0.380      0.053     2.9492     39.751     33.275  34.361278    40.4100     1.7945     0.3408     0.9729 2.1557e+02    14.5099      0.373      0.541    26.5106 0.0000e+00
      0.394      0.054     2.9731     42.111     33.258  34.384773    40.4100     1.8097     0.2982     1.0152 2.1287e+02    14.4192      0.386      0.560    26.5283 0.0000e+00
      0.408      0.053     3.0117     45.853     33.221  34.397060    40.4100     1.8021     0.2982     1.0152 2.1103e+02    14.4797      0.400      0.580    26.5511 0.0000e+00
      0.422      0.053     3.0765     51.079     33.166  34.397435    40.4100     1.8021     0.2982     1.0152 1.9562e+02    14.4192      0.414      0.600    26.5825 0.0000e+00
      0.436      0.051     3.1864     57.273     33.119  34.403928    40.4100     1.6304     0.2982     1.0152 2.0591e+02    14.4495      0.427      0.620    26.6266 0.0000e+00
