Data/DataNotYetUploadedToEDI/Raw_CTD/RawDownloads/070122_fcr50_SBE19plus01907809_0002.cnv
* Sea-Bird SBE19plus  Data File:
* FileName = C:\R\Reservoirs\Data\DataNotYetUploadedToEDI\Raw_CTD\RawDownloads\070522_bvr40_SBE19plus01907809_0002.hex
* Software version 2.8.0.119
* Temperature SN = 7809
* Conductivity SN = 7809
* System UpLoad Time = Jul 05 2022 16:50:41
* <ApplicationData>
* <Seaterm232>
# nquan = 15
# nvalues = 2733                        
# units = specified
# name 0 = depFM: Depth [fresh water, m]
# name 1 = dz/dtM: Descent Rate [m/s]
# name 2 = sbeox0Mg/L: Oxygen, SBE 43 [mg/l]
# name 3 = sbeox0PS: Oxygen, SBE 43 [% saturation]
# name 4 = specc: Specific Conductance [uS/cm]
# name 5 = c0uS/cm: Conductivity [uS/cm]
# name 6 = flECO-AFL: Fluorescence, WET Labs ECO-AFL/FL [mg/m^3]
# name 7 = ph: pH
# name 8 = orp: Oxidation Reduction Potential [mV]
# name 9 = par/sat/log: PAR/Logarithmic, Satlantic
# name 10 = turbWETntu0: Turbidity, WET Labs ECO [NTU]
# name 11 = prdM: Pressure, Strain Gauge [db]
# name 12 = prdE: Pressure, Strain Gauge [psi]
# name 13 = tv290C: Temperature [ITS-90, deg C]
# name 14 = flag:  0.000e+00
# span 0 =     -0.610,      9.591       
# span 1 =     -0.428,      3.857       
# span 2 =     0.0325,    11.5369       
# span 3 =      0.343,    141.743       
# span 4 =      0.412,    136.821       
# span 5 =   0.420943,  97.040539       
# span 6 =    -0.1747,    14.9982       
# span 7 =      6.495,     10.296       
# span 8 = -1159.9927,   130.7848       
# span 9 = 1.2352e-01, 3.7018e-01       
# span 10 =    -0.3803,   386.1080      
# span 11 =     -0.599,      9.405      
# span 12 =     -0.868,     13.641      
# span 13 =    10.3900,    27.7280      
# span 14 = 0.0000e+00, 0.0000e+00      
# interval = seconds: 0.25
# start_time = Jun 30 2022 19:07:33 [Instrument's time stamp, header]
# bad_flag = -9.990e-29
*END*
[from data line 1446]
      7.315      0.041     0.4903      4.408     49.404  34.986224     0.3844      6.697    11.6613 1.2380e-01     7.6985      7.173     10.405    10.4089 0.0000e+00
      7.323      0.041     0.4937      4.402     49.423  34.998802     0.3854      6.696    11.8444 1.2377e-01     7.7445      7.181     10.415    10.4071 0.0000e+00
      7.333      0.040     0.4966      4.395     49.441  35.010332     0.3902      6.696    11.7472 1.2378e-01     7.7571      7.188     10.425    10.4066 0.0000e+00
      7.348      0.038     0.4933      4.393     49.426  34.998803     0.3925      6.696    11.6050 1.2379e-01     7.7481      7.205     10.451    10.4061 0.0000e+00
      7.364      0.034     0.4926      4.391     49.408  34.986226     0.3802      6.695    11.5879 1.2376e-01     7.7043      7.227     10.481    10.4051 0.0000e+00
      7.373      0.029     0.4927      4.382     49.406  34.985082     0.3748      6.694    11.6264 1.2372e-01     7.6716      7.234     10.491    10.4041 0.0000e+00
      7.374      0.023     0.4907      4.372     49.406  34.984968     0.3778      6.693    11.7253 1.2369e-01     7.6592      7.231     10.487    10.4038 0.0000e+00
      7.376      0.017     0.4916      4.369     49.406  34.984855     0.3821      6.692    12.0949 1.2373e-01     7.6576      7.232     10.489    10.4033 0.0000e+00
      7.379      0.013     0.4910      4.368     49.404  34.983710     0.3849      6.691    12.6544 1.2377e-01     7.6870      7.237     10.496    10.4033 0.0000e+00
      7.383      0.013     0.4903      4.369     49.385  34.971133     0.3792      6.690    12.9848 1.2373e-01     7.6728      7.240     10.502    10.4032 0.0000e+00
      7.386      0.016     0.4879      4.371     49.368  34.959603     0.3797      6.689    12.9921 1.2369e-01     7.6903      7.243     10.505    10.4031 0.0000e+00
      7.389      0.018     0.4885      4.362     49.383  34.971132     0.3903      6.688    12.7422 1.2373e-01     7.7623      7.248     10.510    10.4029 0.0000e+00
      7.394      0.018     0.4884      4.353     49.400  34.983709     0.3913      6.687    12.5450 1.2376e-01     7.7573      7.251     10.517    10.4032 0.0000e+00
      7.400      0.018     0.4877      4.353     49.402  34.984853     0.3832      6.686    13.1022 1.2373e-01     7.6983      7.257     10.525    10.4041 0.0000e+00
      7.406      0.017     0.4899      4.351     49.403  34.984967     0.3832      6.686    14.1450 1.2368e-01     7.6980      7.265     10.536    10.4046 0.0000e+00
      7.411      0.016     0.4873      4.346     49.404  34.985082     0.3919      6.687    14.6565 1.2367e-01     8.0272      7.269     10.543    10.4056 0.0000e+00
      7.414      0.016     0.4859      4.336     49.405  34.986236     0.3971      6.687    14.4678 1.2372e-01     8.6042      7.271     10.545    10.4068 0.0000e+00
      7.416      0.016     0.4870      4.323     49.421  34.998917     0.3882      6.686    14.0146 1.2371e-01     8.8682      7.272     10.548    10.4067 0.0000e+00
      7.419      0.016     0.4866      4.322     49.436  35.011589     0.3755      6.685    13.9093 1.2369e-01     8.8268      7.274     10.551    10.4054 0.0000e+00
      7.424      0.017     0.4861      4.335     49.435  35.012637     0.3935      6.684    14.4857 1.2376e-01     8.5482      7.280     10.558    10.4046 0.0000e+00
      7.430      0.020     0.4852      4.346     49.433  35.011590     0.4309      6.683    15.2197 1.2379e-01     8.0281      7.287     10.570    10.4045 0.0000e+00
      7.436      0.022     0.4826      4.353     49.414  34.998927     0.4452      6.682    15.5566 1.2375e-01     7.7296      7.293     10.577    10.4058 0.0000e+00
      7.441      0.022     0.4824      4.358     49.396  34.986350     0.4414      6.682    15.6329 1.2368e-01     7.7058      7.296     10.582    10.4084 0.0000e+00
      7.446      0.021     0.4849      4.357     49.396  34.986340     0.4193      6.681    15.7121 1.2365e-01     7.7402      7.302     10.591    10.4101 0.0000e+00
      7.453      0.020     0.4861      4.354     49.416  34.998812     0.3768      6.679    15.6532 1.2369e-01     7.7706      7.309     10.601    10.4114 0.0000e+00
      7.458      0.018     0.4862      4.357     49.434  35.010322     0.3513      6.679    15.4372 1.2369e-01     7.7658      7.315     10.609    10.4119 0.0000e+00
      7.463      0.017     0.4874      4.350     49.420  34.998689     0.3443      6.679    15.4243 1.2369e-01     7.7502      7.318     10.614    10.4118 0.0000e+00
      7.466      0.016     0.4873      4.334     49.402  34.984978     0.3337      6.678    15.7557 1.2373e-01     7.6852      7.322     10.620    10.4114 0.0000e+00
      7.468      0.015     0.4857      4.335     49.384  34.971361     0.3320      6.677    16.1747 1.2374e-01     7.6629      7.324     10.623    10.4100 0.0000e+00
      7.471      0.013     0.4878      4.340     49.369  34.960871     0.3397      6.677    16.3602 1.2372e-01     7.7536      7.325     10.626    10.4085 0.0000e+00
      7.476      0.012     0.4873      4.339     49.403  34.984969     0.3435      6.677    15.9332 1.2372e-01     7.8254      7.332     10.634    10.4065 0.0000e+00
      7.481      0.012     0.4826      4.344     49.438  35.009074     0.3446      6.677    15.2278 1.2376e-01     7.8137      7.338     10.643    10.4056 0.0000e+00
      7.484      0.012     0.4848      4.346     49.424  34.998689     0.3376      6.676    15.1442 1.2374e-01     7.8516      7.339     10.645    10.4056 0.0000e+00
      7.485      0.012     0.4860      4.345     49.407  34.986217     0.3332      6.675    15.4392 1.2373e-01     8.0446      7.339     10.644    10.4053 0.0000e+00
      7.487      0.011     0.4841      4.343     49.406  34.985092     0.3417      6.675    15.8694 1.2374e-01     8.2003      7.342     10.648    10.4051 0.0000e+00
      7.491      0.011     0.4863      4.352     49.406  34.985094     0.3392      6.674    16.3871 1.2370e-01     8.1962      7.346     10.655    10.4047 0.0000e+00
      7.495      0.012     0.4857      4.367     49.408  34.986236     0.3197      6.673    16.0210 1.2368e-01     8.0967      7.351     10.660    10.4037 0.0000e+00
      7.498      0.012     0.4859      4.365     49.426  34.998908     0.3152      6.673    14.9703 1.2370e-01     7.9882      7.353     10.664    10.4030 0.0000e+00
      7.501      0.011     0.4852      4.358     49.444  35.011485     0.3344      6.673    14.5244 1.2371e-01     7.9772      7.356     10.669    10.4033 0.0000e+00
      7.504      0.011     0.4855      4.375     49.444  35.011483     0.3517      6.673    14.9309 1.2372e-01     7.9980      7.358     10.672    10.4033 0.0000e+00
      7.506      0.012     0.4898      4.395     49.425  34.998888     0.3494      6.672    15.5841 1.2372e-01     7.9673      7.360     10.677    10.4031 0.0000e+00
      7.508      0.012     0.4886      4.400     49.405  34.986016     0.3315      6.671    15.7965 1.2371e-01     7.9137      7.363     10.679    10.4028 0.0000e+00
      7.511      0.013     0.4854      4.411     49.399  34.982672     0.3192      6.671    15.5210 1.2376e-01     7.8959      7.365     10.683    10.4024 0.0000e+00
      7.516      0.016     0.4887      4.411     49.364  34.958461     0.3253      6.672    15.2637 1.2378e-01     7.9230      7.370     10.690    10.4031 0.0000e+00
      7.520      0.019     0.4933      4.381     49.348  34.946922     0.3472      6.672    15.3531 1.2373e-01     7.8652      7.374     10.696    10.4037 0.0000e+00
      7.523      0.020     0.4902      4.357     49.380  34.969981     0.3676      6.671    15.5688 1.2371e-01     7.7104      7.376     10.699    10.4047 0.0000e+00
      7.529      0.020     0.4937      4.355     49.398  34.983616     0.3800      6.669    15.6350 1.2369e-01     7.6564      7.381     10.707    10.4055 0.0000e+00
      7.539      0.020     0.4954      4.356     49.399  34.984958     0.3886      6.669    16.0671 1.2364e-01     7.7245      7.394     10.723    10.4062 0.0000e+00
      7.545      0.019     0.4886      4.354     49.400  34.986214     0.3802      6.668    16.8357 1.2362e-01     7.7482      7.402     10.736    10.4067 0.0000e+00
      7.547      0.018     0.4859      4.359     49.417  34.998801     0.3540      6.668    17.1845 1.2370e-01     7.7042      7.401     10.735    10.4066 0.0000e+00
      7.549      0.018     0.4868      4.374     49.432  35.010330     0.3295      6.668    17.0156 1.2377e-01     7.6699      7.401     10.735    10.4073 0.0000e+00
      7.553      0.018     0.4874      4.393     49.417  34.998792     0.3255      6.668    16.6859 1.2377e-01     7.6759      7.407     10.744    10.4078 0.0000e+00
      7.558      0.021     0.4861      4.396     49.400  34.986111     0.3394      6.668    16.6395 1.2379e-01     7.7077      7.412     10.751    10.4085 0.0000e+00
      7.563      0.024     0.4873      4.397     49.398  34.983825     0.3475      6.667    17.4020 1.2379e-01     7.7811      7.415     10.755    10.4098 0.0000e+00
      7.570      0.025     0.4876      4.394     49.382  34.971143     0.3396      6.667    18.5059 1.2374e-01     7.8800      7.423     10.765    10.4101 0.0000e+00
      7.580      0.024     0.4931      4.374     49.367  34.959605     0.3276      6.666    18.8878 1.2364e-01     7.9134      7.434     10.782    10.4095 0.0000e+00
      7.589      0.021     0.4907      4.384     49.384  34.971144     0.3351      6.665    18.9212 1.2363e-01     7.9113      7.444     10.796    10.4088 0.0000e+00
      7.594      0.018     0.4910      4.413     49.402  34.983825     0.3809      6.664    18.9099 1.2372e-01     8.0603      7.449     10.804    10.4076 0.0000e+00
      7.595      0.015     0.4939      4.422     49.406  34.986111     0.4309      6.664    18.7510 1.2374e-01     8.2799      7.448     10.803    10.4064 0.0000e+00
      7.596      0.011     0.4859      4.415     49.423  34.998792     0.4411      6.664    18.9780 1.2364e-01     8.3461      7.450     10.804    10.4057 0.0000e+00
      7.598      0.010     0.4894      4.415     49.438  35.010321     0.4371      6.663    19.5897 1.2361e-01     8.3478      7.452     10.808    10.4053 0.0000e+00
      7.601      0.011     0.4947      4.421     49.422  34.998688     0.4327      6.663    20.0390 1.2373e-01     8.2672      7.455     10.812    10.4048 0.0000e+00
      7.605      0.013     0.4954      4.423     49.402  34.984968     0.4134      6.664    20.1086 1.2375e-01     8.0538      7.458     10.818    10.4046 0.0000e+00
      7.608      0.016     0.4929      4.416     49.383  34.971248     0.3948      6.664    20.0874 1.2377e-01     7.9204      7.461     10.822    10.4053 0.0000e+00
      7.611      0.018     0.4932      4.408     49.367  34.959614     0.3829      6.663    19.9547 1.2391e-01     7.9182      7.463     10.825    10.4057 0.0000e+00
      7.616      0.018     0.4944      4.410     49.384  34.971134     0.3777      6.661    19.7079 1.2389e-01     7.9580      7.468     10.831    10.4059 0.0000e+00
      7.623      0.018     0.4949      4.421     49.402  34.983711     0.3813      6.660    19.7709 1.2378e-01     7.9924      7.476     10.843    10.4062 0.0000e+00
      7.630      0.017     0.4939      4.440     49.404  34.984863     0.3845      6.660    20.0280 1.2378e-01     7.9589      7.484     10.855    10.4058 0.0000e+00
      7.634      0.015     0.4918      4.451     49.404  34.985062     0.3755      6.659    20.3207 1.2382e-01     7.8945      7.488     10.860    10.4053 0.0000e+00
      7.636      0.012     0.4930      4.456     49.405  34.986121     0.3565      6.659    20.6433 1.2378e-01     7.8288      7.488     10.861    10.4050 0.0000e+00
      7.637      0.008     0.4933      4.467     49.420  34.997659     0.3375      6.659    20.2288 1.2374e-01     7.7442      7.490     10.863    10.4047 0.0000e+00
      7.639      0.006     0.4972      4.477     49.420  34.997745     0.3199      6.659    19.2664 1.2374e-01     7.7255      7.491     10.865    10.4045 0.0000e+00
      7.641      0.005     0.4978      4.480     49.404  34.987161     0.3187      6.658    18.9880 1.2374e-01     7.7395      7.493     10.868    10.4045 0.0000e+00
      7.642      0.005     0.4976      4.485     49.415  34.996508     0.3308      6.657    19.3575 1.2371e-01     7.7087      7.494     10.870    10.4050 0.0000e+00
      7.644      0.005     0.4993      4.495     49.396  34.983939     0.3499      6.657    19.7768 1.2367e-01     7.7285      7.495     10.871    10.4056 0.0000e+00
      7.644      0.005     0.5011      4.491     49.364  34.962015     0.3832      6.657    19.9274 1.2368e-01     7.7739      7.496     10.872    10.4059 0.0000e+00
      7.645      0.005     0.5008      4.482     49.396  34.985073     0.4008      6.657    19.4580 1.2370e-01     7.7457      7.497     10.873    10.4066 0.0000e+00
      7.647      0.006     0.5007      4.482     49.429  35.009084     0.3960      6.657    18.6610 1.2368e-01     7.6951      7.500     10.877    10.4082 0.0000e+00
      7.649      0.007     0.5037      4.481     49.413  34.998690     0.3749      6.657    18.3780 1.2371e-01     7.6746      7.502     10.881    10.4094 0.0000e+00
      7.651      0.011     0.5022      4.469     49.395  34.986224     0.3459      6.657    18.6189 1.2377e-01     7.7023      7.503     10.882    10.4097 0.0000e+00
      7.651      0.016     0.5000      4.459     49.395  34.985185     0.3370      6.657    18.9066 1.2378e-01     7.7573      7.503     10.882    10.4099 0.0000e+00
      7.654      0.021     0.5013      4.460     49.400  34.986122     0.3415      6.656    19.2751 1.2373e-01     7.7929      7.504     10.884    10.4109 0.0000e+00
      7.660      0.025     0.5016      4.459     49.420  34.997546     0.3411      6.656    19.8047 1.2367e-01     7.7905      7.510     10.893    10.4116 0.0000e+00
      7.671      0.027     0.4995      4.455     49.421  34.996487     0.3241      6.655    19.9747 1.2365e-01     7.7627      7.522     10.911    10.4122 0.0000e+00
      7.682      0.027     0.4972      4.451     49.390  34.973325     0.3115      6.654    19.6965 1.2370e-01     7.7644      7.536     10.930    10.4115 0.0000e+00
      7.690      0.026     0.4994      4.439     49.388  34.971134     0.3221      6.654    19.5382 1.2376e-01     7.7770      7.543     10.941    10.4089 0.0000e+00
      7.693      0.022     0.4985      4.429     49.387  34.969991     0.3279      6.654    19.5227 1.2376e-01     7.7436      7.544     10.942    10.4060 0.0000e+00
      7.697      0.017     0.4976      4.423     49.372  34.959501     0.3239      6.653    19.9400 1.2371e-01     7.7022      7.547     10.946    10.4037 0.0000e+00
      7.702      0.014     0.4988      4.421     49.387  34.971124     0.3228      6.653    20.7981 1.2361e-01     7.6866      7.555     10.957    10.4024 0.0000e+00
      7.705      0.014     0.4956      4.429     49.404  34.983700     0.3233      6.654    21.2084 1.2357e-01     7.7261      7.557     10.962    10.4019 0.0000e+00
      7.707      0.015     0.4951      4.441     49.405  34.984740     0.3213      6.654    21.2011 1.2368e-01     7.9057      7.557     10.960    10.4017 0.0000e+00
      7.709      0.016     0.4947      4.449     49.403  34.983701     0.3153      6.654    21.1401 1.2378e-01     8.1165      7.559     10.963    10.4019 0.0000e+00
      7.714      0.016     0.4937      4.447     49.386  34.971133     0.3175      6.653    20.9013 1.2373e-01     8.1913      7.563     10.970    10.4021 0.0000e+00
      7.721      0.016     0.4951      4.445     49.370  34.959604     0.3233      6.653    21.2388 1.2367e-01     8.2289      7.571     10.981    10.4029 0.0000e+00
      7.728      0.016     0.4967      4.450     49.386  34.971134     0.3181      6.653    22.3813 1.2370e-01     8.2644      7.580     10.994    10.4040 0.0000e+00
      7.731      0.016     0.4980      4.450     49.404  34.983712     0.3125      6.652    23.1002 1.2372e-01     8.3809      7.583     10.997    10.4042 0.0000e+00
