Data/DataNotYetUploadedToEDI/Raw_CTD/RawDownloads/070122_fcr50_SBE19plus01907809_0002.cnv
* Sea-Bird SBE19plus  Data File:
* FileName = C:\R\Reservoirs\Data\DataNotYetUploadedToEDI\Raw_CTD\RawDownloads\070522_bvr40_SBE19plus01907809_0002.hex
* Software version 2.8.0.119
* Temperature SN = 7809
* Conductivity SN = 7809
* System UpLoad Time = Jul 05 2022 16:50:41
* <ApplicationData>
* <Seaterm232>
# nquan = 15
# nvalues = 2733                        
# units = specified
# name 0 = depFM: Depth [fresh water, m]
# name 1 = dz/dtM: Descent Rate [m/s]
# name 2 = sbeox0Mg/L: Oxygen, SBE 43 [mg/l]
# name 3 = sbeox0PS: Oxygen, SBE 43 [% saturation]
# name 4 = specc: Specific Conductance [uS/cm]
# name 5 = c0uS/cm: Conductivity [uS/cm]
# name 6 = flECO-AFL: Fluorescence, WET Labs ECO-AFL/FL [mg/m^3]
# name 7 = ph: pH
# name 8 = orp: Oxidation Reduction Potential [mV]
# name 9 = par/sat/log: PAR/Logarithmic, Satlantic
# name 10 = turbWETntu0: Turbidity, WET Labs ECO [NTU]
# name 11 = prdM: Pressure, Strain Gauge [db]
# name 12 = prdE: Pressure, Strain Gauge [psi]
# name 13 = tv290C: Temperature [ITS-90, deg C]
# name 14 = flag:  0.000e+00
# span 0 =     -0.610,      9.591       
# span 1 =     -0.428,      3.857       
# span 2 =     0.0325,    11.5369       
# span 3 =      0.343,    141.743       
# span 4 =      0.412,    136.821       
# span 5 =   0.420943,  97.040539       
# span 6 =    -0.1747,    14.9982       
# span 7 =      6.495,     10.296       
# span 8 = -1159.9927,   130.7848       
# span 9 = 1.2352e-01, 3.7018e-01       
# span 10 =    -0.3803,   386.1080      
# span 11 =     -0.599,      9.405      
# span 12 =     -0.868,     13.641      
# span 13 =    10.3900,    27.7280      
# span 14 = 0.0000e+00, 0.0000e+00      
# interval = seconds: 0.25
# start_time = Jun 30 2022 19:07:33 [Instrument's time stamp, header]
# bad_flag = -9.990e-29
*END*
[from data line 1157]
      5.585      0.017     0.4976      4.447     49.367  34.984969     0.3834      6.919   -31.5828 1.2359e-01     7.7387      5.477      7.943    10.4338 0.0000e+00
      5.589      0.017     0.4967      4.479     49.367  34.985073     0.3897      6.919   -31.6777 1.2362e-01     7.7326      5.482      7.950    10.4328 0.0000e+00
      5.592      0.019     0.4960      4.503     49.370  34.986227     0.4054      6.918   -31.3261 1.2366e-01     7.7215      5.484      7.954    10.4307 0.0000e+00
      5.595      0.021     0.4950      4.511     49.391  34.998909     0.4068      6.916   -30.8593 1.2368e-01     7.7072      5.486      7.957    10.4302 0.0000e+00
      5.600      0.022     0.4949      4.516     49.411  35.011582     0.3989      6.915   -30.5077 1.2368e-01     7.7299      5.491      7.964    10.4313 0.0000e+00
      5.609      0.022     0.5018      4.523     49.413  35.012641     0.4009      6.913   -30.5160 1.2371e-01     7.7572      5.501      7.977    10.4319 0.0000e+00
      5.618      0.023     0.5037      4.535     49.412  35.011707     0.3894      6.913   -30.8739 1.2368e-01     7.7304      5.511      7.992    10.4310 0.0000e+00
      5.623      0.023     0.5041      4.545     49.394  35.000291     0.3526      6.912   -31.0491 1.2361e-01     7.6787      5.516      8.000    10.4282 0.0000e+00
      5.626      0.022     0.5047      4.549     49.394  35.001435     0.3226      6.910   -30.8267 1.2362e-01     7.6784      5.517      8.001    10.4259 0.0000e+00
      5.630      0.020     0.5047      4.542     49.429  35.025543     0.3261      6.909   -30.4232 1.2370e-01     7.7273      5.520      8.006    10.4253 0.0000e+00
      5.636      0.021     0.5076      4.542     49.448  35.038129     0.3603      6.908   -30.0418 1.2370e-01     7.8249      5.528      8.017    10.4259 0.0000e+00
      5.642      0.025     0.5073      4.554     49.434  35.026790     0.3943      6.908   -29.8288 1.2365e-01     7.9369      5.534      8.027    10.4276 0.0000e+00
      5.646      0.029     0.5096      4.564     49.419  35.015262     0.4050      6.907   -29.6550 1.2370e-01     7.9539      5.537      8.031    10.4285 0.0000e+00
      5.651      0.032     0.5069      4.567     49.434  35.025562     0.3984      6.905   -29.4887 1.2376e-01     7.9275      5.540      8.035    10.4282 0.0000e+00
      5.662      0.034     0.5065      4.556     49.434  35.024513     0.3884      6.903   -29.3663 1.2373e-01     7.9252      5.550      8.051    10.4273 0.0000e+00
      5.677      0.038     0.5098      4.538     49.403  35.002579     0.3839      6.903   -29.1214 1.2368e-01     7.8922      5.571      8.080    10.4259 0.0000e+00
      5.687      0.041     0.5095      4.521     49.419  35.014003     0.3866      6.903   -28.5069 1.2367e-01     7.8709      5.580      8.094    10.4247 0.0000e+00
      5.693      0.041     0.5117      4.498     49.450  35.035813     0.3872      6.901   -27.8732 1.2368e-01     7.9060      5.579      8.092    10.4237 0.0000e+00
      5.703      0.037     0.5094      4.482     49.419  35.012642     0.3833      6.899   -27.7397 1.2373e-01     7.9407      5.590      8.108    10.4227 0.0000e+00
      5.718      0.033     0.5065      4.489     49.384  34.987487     0.3894      6.898   -27.7542 1.2373e-01     7.9155      5.609      8.136    10.4226 0.0000e+00
      5.729      0.030     0.5061      4.509     49.381  34.985303     0.3949      6.895   -27.7037 1.2363e-01     7.8061      5.620      8.151    10.4231 0.0000e+00
      5.733      0.028     0.5025      4.535     49.381  34.986228     0.3829      6.894   -27.6461 1.2358e-01     7.7108      5.622      8.154    10.4226 0.0000e+00
      5.736      0.025     0.4994      4.562     49.396  34.998682     0.3770      6.895   -27.2296 1.2368e-01     7.6850      5.625      8.159    10.4215 0.0000e+00
      5.741      0.024     0.5014      4.578     49.409  35.009067     0.3903      6.895   -26.6256 1.2375e-01     7.6654      5.629      8.163    10.4210 0.0000e+00
      5.747      0.026     0.5037      4.580     49.374  34.984970     0.4028      6.894   -26.3659 1.2371e-01     7.6784      5.635      8.171    10.4214 0.0000e+00
      5.753      0.030     0.5066      4.579     49.341  34.960967     0.3943      6.892   -26.3265 1.2369e-01     7.7054      5.642      8.182    10.4223 0.0000e+00
      5.762      0.034     0.5101      4.569     49.359  34.972497     0.3794      6.891   -26.3215 1.2367e-01     7.7188      5.650      8.195    10.4237 0.0000e+00
      5.774      0.036     0.5126      4.530     49.395  34.997548     0.3888      6.890   -26.3045 1.2367e-01     7.7720      5.663      8.213    10.4253 0.0000e+00
      5.784      0.036     0.5118      4.499     49.411  35.010212     0.4082      6.889   -25.9497 1.2372e-01     7.8369      5.674      8.229    10.4263 0.0000e+00
      5.792      0.036     0.5114      4.506     49.392  34.998795     0.4066      6.888   -25.3012 1.2373e-01     7.8198      5.680      8.239    10.4254 0.0000e+00
      5.800      0.034     0.5130      4.526     49.373  34.986331     0.3940      6.886   -24.8302 1.2370e-01     7.7367      5.688      8.250    10.4238 0.0000e+00
      5.809      0.030     0.5058      4.529     49.373  34.986332     0.3887      6.884   -24.7293 1.2367e-01     7.7198      5.697      8.263    10.4227 0.0000e+00
      5.819      0.025     0.5002      4.510     49.392  34.998806     0.3921      6.883   -24.7701 1.2360e-01     7.7522      5.707      8.277    10.4243 0.0000e+00
      5.826      0.021     0.5033      4.495     49.409  35.010326     0.4025      6.880   -24.6347 1.2357e-01     7.7531      5.715      8.289    10.4284 0.0000e+00
      5.831      0.016     0.5066      4.498     49.394  34.998806     0.4061      6.878   -24.3821 1.2367e-01     7.7305      5.719      8.294    10.4293 0.0000e+00
      5.832      0.013     0.5074      4.509     49.378  34.986332     0.4023      6.878   -24.2107 1.2374e-01     7.6833      5.719      8.295    10.4282 0.0000e+00
      5.833      0.012     0.5032      4.515     49.379  34.986332     0.3981      6.877   -24.0256 1.2375e-01     7.6609      5.720      8.297    10.4272 0.0000e+00
      5.833      0.013     0.5015      4.506     49.396  34.998806     0.3976      6.875   -23.7787 1.2375e-01     7.6987      5.720      8.297    10.4261 0.0000e+00
      5.836      0.014     0.5026      4.501     49.412  35.010326     0.4033      6.873   -23.6338 1.2370e-01     7.6969      5.722      8.299    10.4257 0.0000e+00
      5.843      0.016     0.5034      4.513     49.395  34.998796     0.4013      6.872   -23.5650 1.2369e-01     7.6733      5.729      8.309    10.4246 0.0000e+00
      5.850      0.018     0.5063      4.539     49.376  34.986218     0.3903      6.872   -23.4625 1.2373e-01     7.7201      5.738      8.322    10.4237 0.0000e+00
      5.854      0.020     0.5027      4.554     49.375  34.985075     0.3861      6.870   -23.3420 1.2375e-01     7.7849      5.743      8.329    10.4239 0.0000e+00
      5.856      0.020     0.5025      4.542     49.378  34.984971     0.3924      6.868   -23.1399 1.2372e-01     7.8080      5.742      8.329    10.4245 0.0000e+00
      5.861      0.018     0.5036      4.529     49.381  34.984961     0.3914      6.867   -22.9114 1.2368e-01     7.7259      5.746      8.335    10.4258 0.0000e+00
      5.869      0.016     0.5070      4.524     49.383  34.984961     0.3822      6.865   -22.7306 1.2369e-01     7.5777      5.756      8.349    10.4264 0.0000e+00
      5.874      0.016     0.5113      4.530     49.384  34.984962     0.3813      6.864   -22.5892 1.2365e-01     7.4860      5.762      8.357    10.4256 0.0000e+00
      5.877      0.015     0.5063      4.544     49.384  34.984971     0.3887      6.864   -22.5785 1.2361e-01     7.4701      5.763      8.359    10.4235 0.0000e+00
      5.879      0.013     0.5064      4.530     49.381  34.985075     0.4057      6.863   -22.5148 1.2363e-01     7.4883      5.764      8.361    10.4211 0.0000e+00
      5.882      0.012     0.5056      4.511     49.378  34.986218     0.4116      6.862   -22.3350 1.2371e-01     7.4666      5.769      8.367    10.4196 0.0000e+00
      5.885      0.013     0.5045      4.517     49.392  34.998795     0.3934      6.860   -22.2120 1.2375e-01     7.4467      5.772      8.371    10.4188 0.0000e+00
      5.886      0.016     0.5107      4.529     49.407  35.010324     0.3853      6.860   -22.0598 1.2364e-01     7.4535      5.773      8.372    10.4183 0.0000e+00
      5.890      0.019     0.5063      4.533     49.391  34.998795     0.3967      6.859   -21.8710 1.2359e-01     7.4461      5.775      8.376    10.4202 0.0000e+00
      5.895      0.020     0.5018      4.524     49.376  34.986218     0.4072      6.858   -21.6505 1.2367e-01     7.5277      5.780      8.383    10.4246 0.0000e+00
      5.904      0.021     0.5054      4.510     49.377  34.985075     0.4039      6.857   -21.3728 1.2372e-01     7.6546      5.790      8.396    10.4274 0.0000e+00
      5.912      0.023     0.5060      4.493     49.379  34.984971     0.3897      6.857   -21.0944 1.2372e-01     7.7165      5.800      8.412    10.4284 0.0000e+00
      5.917      0.023     0.5076      4.482     49.381  34.984962     0.3856      6.856   -20.8655 1.2372e-01     7.7636      5.804      8.418    10.4276 0.0000e+00
      5.919      0.023     0.5052      4.486     49.381  34.984961     0.3791      6.855   -20.7561 1.2371e-01     7.8136      5.804      8.417    10.4258 0.0000e+00
      5.924      0.025     0.5045      4.491     49.381  34.984961     0.3531      6.855   -20.6324 1.2371e-01     7.8086      5.809      8.425    10.4237 0.0000e+00
      5.931      0.030     0.5021      4.496     49.381  34.984962     0.3293      6.854   -20.4024 1.2373e-01     7.7373      5.818      8.438    10.4215 0.0000e+00
      5.938      0.038     0.4995      4.507     49.382  34.984971     0.3247      6.854   -20.2120 1.2370e-01     7.7031      5.823      8.445    10.4210 0.0000e+00
      5.946      0.048     0.5018      4.514     49.383  34.985075     0.3385      6.854   -19.9655 1.2366e-01     7.7374      5.828      8.453    10.4209 0.0000e+00
      5.960      0.056     0.5020      4.532     49.385  34.986219     0.3535      6.854   -19.5715 1.2365e-01     7.7423      5.844      8.476    10.4209 0.0000e+00
      5.978      0.061     0.5014      4.551     49.404  34.998797     0.3651      6.854   -19.3209 1.2363e-01     7.6938      5.862      8.502    10.4214 0.0000e+00
      5.998      0.061     0.5048      4.550     49.421  35.010327     0.3799      6.853   -19.3442 1.2361e-01     7.6637      5.881      8.529    10.4209 0.0000e+00
      6.018      0.056     0.5034      4.553     49.406  34.998809     0.3988      6.851   -19.2514 1.2365e-01     7.6852      5.903      8.563    10.4197 0.0000e+00
      6.034      0.047     0.5057      4.558     49.389  34.986355     0.4103      6.850   -18.8870 1.2371e-01     7.7837      5.921      8.587    10.4188 0.0000e+00
      6.044      0.036     0.5111      4.556     49.389  34.986563     0.4028      6.848   -18.6381 1.2376e-01     7.8974      5.928      8.598    10.4183 0.0000e+00
      6.049      0.025     0.5069      4.560     49.410  35.001323     0.3914      6.847   -18.5651 1.2376e-01     7.9326      5.932      8.604    10.4179 0.0000e+00
      6.052      0.018     0.5090      4.556     49.461  35.037997     0.3813      6.846   -18.6066 1.2373e-01     7.9365      5.936      8.608    10.4176 0.0000e+00
      6.053      0.015     0.5102      4.531     49.473  35.049526     0.3797      6.845   -18.7100 1.2369e-01     7.9440      5.936      8.609    10.4171 0.0000e+00
      6.054      0.017     0.5084      4.505     49.417  35.013900     0.3967      6.844   -18.6101 1.2374e-01     7.9555      5.936      8.609    10.4164 0.0000e+00
      6.057      0.022     0.5099      4.501     49.376  34.987716     0.4038      6.844   -18.4319 1.2379e-01     7.9388      5.939      8.614    10.4162 0.0000e+00
      6.063      0.027     0.5105      4.515     49.376  34.986582     0.3908      6.843   -18.1900 1.2378e-01     7.8784      5.945      8.622    10.4174 0.0000e+00
      6.073      0.031     0.5065      4.529     49.399  35.000190     0.3811      6.841   -18.0089 1.2380e-01     7.8064      5.954      8.636    10.4194 0.0000e+00
      6.085      0.032     0.5021      4.537     49.439  35.025420     0.3861      6.839   -18.2205 1.2380e-01     7.7510      5.966      8.653    10.4242 0.0000e+00
      6.096      0.030     0.5018      4.538     49.458  35.037997     0.4021      6.838   -18.3385 1.2369e-01     7.7213      5.980      8.672    10.4292 0.0000e+00
      6.104      0.027     0.5050      4.535     49.439  35.025430     0.4072      6.837   -18.1454 1.2359e-01     7.6867      5.989      8.685    10.4273 0.0000e+00
      6.109      0.023     0.5060      4.539     49.402  35.000293     0.3812      6.837   -17.8643 1.2362e-01     7.6738      5.992      8.690    10.4229 0.0000e+00
      6.112      0.021     0.5072      4.542     49.382  34.987715     0.3464      6.837   -17.5213 1.2368e-01     7.7016      5.993      8.693    10.4197 0.0000e+00
      6.114      0.020     0.5076      4.532     49.399  35.000180     0.3363      6.835   -17.3538 1.2369e-01     7.7491      5.995      8.695    10.4185 0.0000e+00
      6.118      0.020     0.5062      4.509     49.432  35.024182     0.3423      6.832   -17.3877 1.2371e-01     7.7711      6.000      8.701    10.4202 0.0000e+00
      6.126      0.021     0.5073      4.502     49.433  35.024276     0.3435      6.831   -17.4152 1.2370e-01     7.7276      6.007      8.712    10.4220 0.0000e+00
      6.135      0.023     0.5080      4.513     49.403  35.001312     0.3509      6.831   -17.3424 1.2371e-01     7.7018      6.018      8.728    10.4228 0.0000e+00
      6.140      0.025     0.5077      4.530     49.404  35.000169     0.3725      6.830   -17.1950 1.2375e-01     7.7333      6.023      8.736    10.4230 0.0000e+00
      6.143      0.025     0.5025      4.535     49.421  35.010450     0.3810      6.829   -17.0965 1.2377e-01     7.7326      6.022      8.735    10.4244 0.0000e+00
      6.149      0.025     0.5024      4.525     49.406  34.998798     0.3784      6.828   -16.7537 1.2379e-01     7.6927      6.028      8.743    10.4246 0.0000e+00
      6.158      0.024     0.5042      4.519     49.387  34.986107     0.3661      6.827   -16.1471 1.2384e-01     7.6617      6.039      8.760    10.4221 0.0000e+00
      6.166      0.024     0.5063      4.531     49.381  34.983818     0.3409      6.825   -15.7856 1.2379e-01     7.6650      6.048      8.772    10.4198 0.0000e+00
      6.171      0.022     0.5081      4.556     49.360  34.971137     0.3396      6.824   -15.7386 1.2369e-01     7.7318      6.052      8.778    10.4178 0.0000e+00
      6.176      0.019     0.5051      4.568     49.342  34.959597     0.3417      6.824   -15.9223 1.2365e-01     7.7520      6.058      8.786    10.4167 0.0000e+00
      6.181      0.017     0.5047      4.566     49.359  34.971116     0.3254      6.823   -15.6838 1.2363e-01     7.6697      6.064      8.793    10.4170 0.0000e+00
      6.184      0.015     0.5054      4.571     49.380  34.983590     0.3168      6.822   -14.8339 1.2369e-01     7.6255      6.066      8.797    10.4190 0.0000e+00
      6.186      0.015     0.5100      4.586     49.382  34.983591     0.3213      6.821   -14.3365 1.2378e-01     7.6610      6.067      8.799    10.4223 0.0000e+00
      6.189      0.017     0.5115      4.581     49.366  34.971127     0.3379      6.819   -14.4018 1.2373e-01     7.7239      6.069      8.803    10.4241 0.0000e+00
      6.194      0.021     0.5097      4.543     49.350  34.959711     0.3589      6.819   -14.5043 1.2365e-01     7.7374      6.075      8.810    10.4230 0.0000e+00
      6.199      0.024     0.5103      4.520     49.369  34.972385     0.3761      6.818   -14.3718 1.2369e-01     7.7216      6.079      8.816    10.4205 0.0000e+00
