Data/DataNotYetUploadedToEDI/Raw_CTD/RawDownloads/070124_fcr40_S7809005.cnv
* Sea-Bird SBE19plus  Data File:
* FileName = C:\R\Reservoirs\Data\DataNotYetUploadedToEDI\Raw_CTD\RawDownloads\070124_fcr50_S7809_0005.hex
* Software version 2.8.0.119
* Temperature SN = 7809
* Conductivity SN = 7809
* System UpLoad Time = Jul 01 2024 15:48:41
* <ApplicationData>
* <Seaterm232>
# nquan = 15
# nvalues = 1528                        
# units = specified
# name 0 = depFM: Depth [fresh water, m]
# name 1 = dz/dtM: Descent Rate [m/s]
# name 2 = sbeox0Mg/L: Oxygen, SBE 43 [mg/l]
# name 3 = sbeox0PS: Oxygen, SBE 43 [% saturation]
# name 4 = specc: Specific Conductance [uS/cm]
# name 5 = c0uS/cm: Conductivity [uS/cm]
# name 6 = flECO-AFL: Fluorescence, WET Labs ECO-AFL/FL [mg/m^3]
# name 7 = ph: pH
# name 8 = orp: Oxidation Reduction Potential [mV]
# name 9 = par/sat/log: PAR/Logarithmic, Satlantic
# name 10 = turbWETntu0: Turbidity, WET Labs ECO [NTU]
# name 11 = prdM: Pressure, Strain Gauge [db]
# name 12 = prdE: Pressure, Strain Gauge [psi]
# name 13 = tv290C: Temperature [ITS-90, deg C]
# name 14 = flag:  0.000e+00
# span 0 =     -0.632,      6.043       
# span 1 =     -0.381,      0.174       
# span 2 =     0.1132,    12.5424       
# span 3 =      1.338,    156.592       
# span 4 =      1.441,     64.322       
# span 5 =   1.344578,  52.568842       
# span 6 =    -1.3655,     4.5884       
# span 7 =      9.605,     10.951       
# span 8 =   -81.3328,   120.9334       
# span 9 = 1.2362e-01, 2.7074e+03       
# span 10 =    -0.3488,   230.4896      
# span 11 =     -0.622,      5.926      
# span 12 =     -0.899,      8.595      
# span 13 =    11.6816,    27.3176      
# span 14 = 0.0000e+00, 0.0000e+00      
# interval = seconds: 0.25
# start_time = Jul 01 2024 12:50:56 [Instrument's time stamp, header]
# bad_flag = -9.990e-29
*END*
[from data line 1254]
      5.145      0.075     7.8949     72.802     51.277  37.679764     0.6737     10.102     2.8827 1.2362e-01    25.6917      5.037      7.306    11.7220 0.0000e+00
      5.167      0.079     7.8954     72.778     51.289  37.682435     0.6619     10.100     3.9603 1.2363e-01    25.6689      5.061      7.339    11.7223 0.0000e+00
      5.195      0.081     7.8915     72.741     51.307  37.691379     0.6559     10.097     5.1368 1.2368e-01    25.6622      5.095      7.389    11.7347 0.0000e+00
      5.222      0.082     7.8922     72.698     51.312  37.692501     0.6611     10.094     6.3998 1.2368e-01    25.6640      5.126      7.437    11.7483 0.0000e+00
      5.242      0.082     7.8931     72.665     51.313  37.689876     0.6678     10.091     7.7255 1.2364e-01    25.6697      5.145      7.464    11.7422 0.0000e+00
      5.258      0.079     7.8913     72.653     51.316  37.687053     0.6655     10.088     9.0805 1.2362e-01    25.6802      5.154      7.477    11.7286 0.0000e+00
      5.273      0.078     7.8884     72.650     51.312  37.680178     0.6595     10.086    10.3525 1.2366e-01    25.7034      5.165      7.493    11.7249 0.0000e+00
      5.292      0.078     7.8822     72.634     51.311  37.677045     0.6629     10.084    11.5098 1.2371e-01    25.7374      5.189      7.524    11.7280 0.0000e+00
      5.314      0.078     7.8763     72.609     51.325  37.685967     0.6734     10.082    12.7011 1.2374e-01    25.7511      5.212      7.560    11.7253 0.0000e+00
      5.337      0.078     7.8770     72.599     51.335  37.693206     0.6762     10.079    13.9993 1.2373e-01    25.7275      5.232      7.590    11.7169 0.0000e+00
      5.360      0.075     7.8831     72.598     51.323  37.685392     0.6680     10.075    15.2633 1.2370e-01    25.6945      5.256      7.624    11.7122 0.0000e+00
      5.380      0.071     7.8806     72.590     51.305  37.673560     0.6614     10.073    16.3738 1.2369e-01    25.7030      5.280      7.658    11.7110 0.0000e+00
      5.396      0.069     7.8724     72.585     51.304  37.674283     0.6669     10.072    17.3615 1.2369e-01    25.7561      5.294      7.680    11.7097 0.0000e+00
      5.408      0.070     7.8735     72.595     51.324  37.690757     0.6767     10.071    18.3137 1.2368e-01    25.7884      5.301      7.690    11.7087 0.0000e+00
      5.421      0.072     7.8779     72.624     51.349  37.711149     0.6744     10.068    19.3194 1.2368e-01    25.7583      5.311      7.703    11.7108 0.0000e+00
      5.440      0.074     7.8727     72.672     51.355  37.718375     0.6590     10.065    20.4297 1.2370e-01    25.7032      5.330      7.730    11.7136 0.0000e+00
      5.464      0.074     7.8697     72.728     51.345  37.713342     0.6460     10.062    21.5943 1.2375e-01    25.6545      5.358      7.771    11.7146 0.0000e+00
      5.489      0.073     7.8731     72.783     51.341  37.711136     0.6452     10.060    22.6748 1.2379e-01    25.5555      5.387      7.814    11.7147 0.0000e+00
      5.508      0.073     7.8742     72.834     51.339  37.710041     0.6492     10.059    23.6312 1.2378e-01    25.3754      5.409      7.844    11.7155 0.0000e+00
      5.522      0.075     7.8798     72.871     51.323  37.698447     0.6483     10.057    24.6472 1.2374e-01    25.2067      5.419      7.859    11.7198 0.0000e+00
      5.535      0.080     7.8880     72.871     51.298  37.678550     0.6422     10.055    25.8987 1.2370e-01    25.1494      5.423      7.866    11.7246 0.0000e+00
      5.551      0.089     7.8917     72.835     51.272  37.654940     0.6326     10.052    27.3487 1.2369e-01    25.2282      5.434      7.883    11.7236 0.0000e+00
      5.576      0.102     7.8979     72.777     51.248  37.631859     0.6206     10.049    28.8687 1.2370e-01    25.3757      5.464      7.926    11.7215 0.0000e+00
      5.607      0.114     7.9060     72.712     51.242  37.622377     0.6092     10.046    30.2914 1.2370e-01    25.4597      5.497      7.974    11.7254 0.0000e+00
      5.642      0.123     7.9052     72.645     51.258  37.630287     0.6061     10.043    31.4179 1.2369e-01    25.4450      5.528      8.018    11.7253 0.0000e+00
      5.679      0.126     7.8997     72.579     51.272  37.637467     0.6211     10.039    32.2609 1.2369e-01    25.4153      5.571      8.081    11.7189 0.0000e+00
      5.714      0.122     7.8940     72.520     51.265  37.630191     0.6497     10.037    33.0523 1.2368e-01    25.4328      5.611      8.140    11.7129 0.0000e+00
      5.744      0.112     7.8877     72.473     51.255  37.621613     0.6694     10.035    33.9130 1.2367e-01    25.4849      5.634      8.172    11.7064 0.0000e+00
      5.771      0.099     7.8815     72.431     51.265  37.626954     0.6661     10.033    34.8065 1.2367e-01    25.5023      5.659      8.205    11.7019 0.0000e+00
      5.796      0.087     7.8736     72.383     51.284  37.639623     0.6518     10.030    35.6956 1.2368e-01    25.4556      5.690      8.253    11.7003 0.0000e+00
      5.816      0.079     7.8672     72.335     51.295  37.646923     0.6448     10.028    36.5240 1.2369e-01    25.4130      5.710      8.282    11.6985 0.0000e+00
      5.830      0.076     7.8629     72.295     51.300  37.650221     0.6498     10.026    37.2125 1.2369e-01    25.4334      5.718      8.292    11.6969 0.0000e+00
      5.843      0.077     7.8602     72.263     51.320  37.663246     0.6598     10.024    37.7727 1.2369e-01    25.5015      5.727      8.306    11.6958 0.0000e+00
      5.860      0.078     7.8549     72.235     51.359  37.689219     0.6674     10.023    38.3246 1.2371e-01    25.6656      5.741      8.326    11.6949 0.0000e+00
      5.884      0.079     7.8469     72.208     51.395  37.712555     0.6786     10.021    38.9738 1.2373e-01    26.0908      5.766      8.363    11.6938 0.0000e+00
      5.911      0.079     7.8447     72.165     51.409  37.720705     0.6998     10.018    39.7252 1.2373e-01    26.8285      5.801      8.414    11.6936 0.0000e+00
      5.936      0.074     7.8419     72.091     51.393  37.710845     0.7381     10.014    40.4933 1.2372e-01    28.3992      5.828      8.453    11.6929 0.0000e+00
      5.955      0.067     7.8373     71.981     51.353  37.686000     0.8745     10.012    41.2050 1.2369e-01    35.5605      5.844      8.477    11.6894 0.0000e+00
      5.966      0.059     7.8388     71.831     51.312  37.659623     1.2305     10.010    41.9067 1.2364e-01    55.4476      5.854      8.490    11.6847 0.0000e+00
      5.976      0.050     7.8360     71.647     51.292  37.645930     1.7149     10.008    42.6749 1.2364e-01    83.3407      5.858      8.496    11.6816 0.0000e+00
      5.987      0.043     7.8260     71.461     51.293  37.646470     2.0519     10.005    43.5217 1.2370e-01   104.9476      5.869      8.512    11.6830 0.0000e+00
      6.000      0.038     7.8151     71.303     51.308  37.656196     2.1329     10.002    44.4881 1.2374e-01   123.2512      5.887      8.538    11.6903 0.0000e+00
      6.012      0.034     7.7979     71.195     51.333  37.671301     2.0362     10.000    45.6253 1.2373e-01   156.6024      5.899      8.556    11.6966 0.0000e+00
      6.020      0.029     7.7737     71.140     51.351  37.681609     1.8633      9.998    46.8560 1.2369e-01   201.3801      5.906      8.566    11.6961 0.0000e+00
      6.026      0.023     7.7514     71.124     51.349  37.679441     1.7077      9.995    48.0167 1.2368e-01   230.4896      5.910      8.572    11.6952 0.0000e+00
      6.030      0.018     7.7332     71.141     51.342  37.677690     1.5179      9.992    48.9871 1.2369e-01   222.1123      5.913      8.577    11.6949 0.0000e+00
      6.032      0.013     7.7205     71.193     51.352  37.690711     1.1102      9.989    49.7381 1.2370e-01   167.8099      5.915      8.579    11.6909 0.0000e+00
      6.035      0.009     7.7187     71.268     51.362  37.707358     0.5427      9.987    50.3575 1.2369e-01    89.6484      5.918      8.583    11.6855 0.0000e+00
      6.037      0.007     7.7178     71.346     51.350  37.710050     0.1276      9.984    51.0071 1.2368e-01    33.4576      5.921      8.587    11.6831 0.0000e+00
      6.039      0.005     7.7167     71.420     51.333  37.709997    -0.0237      9.982    51.7863 1.2369e-01    13.4236      5.922      8.589    11.6875 0.0000e+00
      6.039      0.004     7.7232     71.502     51.343  37.728466    -0.0439      9.979    52.6697 1.2371e-01     9.4529      5.922      8.590    11.6954 0.0000e+00
      6.039      0.003     7.7321     71.609     51.368  37.755034    -0.0368      9.976    53.5687 1.2372e-01     7.9197      5.922      8.590    11.7015 0.0000e+00
      6.040      0.003     7.7397     71.742     51.369  37.762260    -0.0351      9.972    54.4089 1.2375e-01     7.0769      5.923      8.591    11.7139 0.0000e+00
      6.042      0.002     7.7427     71.887     51.346  37.751090    -0.0447      9.970    55.1594 1.2377e-01     6.7332      5.925      8.594    11.7311 0.0000e+00
      6.042      0.002     7.7475     72.024     51.329  37.747700    -0.0542      9.968    55.8324 1.2374e-01     6.4192      5.926      8.595    11.7411 0.0000e+00
      6.042      0.002     7.7584     72.142     51.329  37.760329    -0.0526      9.966    56.4759 1.2369e-01     5.7744      5.925      8.594    11.7480 0.0000e+00
      6.043      0.001     7.7727     72.236     51.332  37.776498    -0.0411      9.963    57.1621 1.2367e-01     4.9282      5.926      8.595    11.7539 0.0000e+00
      6.043      0.000     7.7906     72.306     51.336  37.790303    -0.0327      9.959    57.9395 1.2369e-01     4.3145      5.926      8.595    11.7564 0.0000e+00
      6.043     -0.001     7.8041     72.357     51.339  37.800836    -0.0364      9.957    58.7432 1.2374e-01     4.0120      5.926      8.595    11.7636 0.0000e+00
      6.043     -0.002     7.8148     72.395     51.342  37.808444    -0.0441      9.955    59.4729 1.2377e-01     3.7359      5.926      8.595    11.7789 0.0000e+00
      6.042     -0.004     7.8227     72.422     51.348  37.815834    -0.0429      9.954    60.1859 1.2379e-01     3.4735      5.925      8.594    11.7952 0.0000e+00
      6.041     -0.009     7.8265     72.438     51.359  37.825358    -0.0288      9.951    61.0894 1.2381e-01     3.9391      5.925      8.593    11.8065 0.0000e+00
      6.040     -0.021     7.8316     72.437     51.388  37.847885     0.0185      9.949    62.3207 1.2381e-01     8.4909      5.923      8.590    11.8135 0.0000e+00
      6.037     -0.042     7.8333     72.425     51.440  37.890227     0.1369      9.948    63.7409 1.2379e-01    21.7901      5.921      8.587    11.8190 0.0000e+00
      6.032     -0.073     7.8358     72.406     51.504  37.947982     0.3019      9.948    65.0673 1.2374e-01    40.4172      5.919      8.583    11.8228 0.0000e+00
      6.018     -0.106     7.8396     72.381     51.590  38.031677     0.4326      9.948    66.1591 1.2369e-01    53.7901      5.914      8.577    11.8224 0.0000e+00
      5.987     -0.133     7.8380     72.366     51.781  38.200016     0.5210      9.947    67.0850 1.2367e-01    58.6575      5.893      8.547    11.8200 0.0000e+00
      5.934     -0.149     7.8354     72.367     52.125  38.478885     0.6283      9.944    68.1149 1.2369e-01    59.9327      5.831      8.457    11.8218 0.0000e+00
      5.872     -0.153     7.8343     72.359     52.393  38.688381     0.7506      9.941    69.4774 1.2371e-01    60.7767      5.745      8.331    11.8302 0.0000e+00
      5.822     -0.148     7.8257     72.309     52.360  38.662681     0.8272      9.938    70.9666 1.2373e-01    61.1868      5.687      8.248    11.8484 0.0000e+00
      5.792     -0.133     7.8142     72.199     52.208  38.545788     0.8446      9.936    72.1355 1.2377e-01    60.2331      5.671      8.225    11.8836 0.0000e+00
      5.774     -0.111     7.8132     72.007     52.130  38.485549     0.8213      9.934    72.8887 1.2382e-01    56.8870      5.670      8.223    11.9221 0.0000e+00
      5.753     -0.090     7.8136     71.712     52.065  38.434326     0.7764      9.932    73.5094 1.2383e-01    52.1474      5.649      8.194    11.9322 0.0000e+00
      5.728     -0.075     7.8097     71.321     51.981  38.366951     0.7425      9.931    74.2612 1.2378e-01    48.7249      5.610      8.138    11.9158 0.0000e+00
      5.705     -0.066     7.8021     70.881     51.911  38.306632     0.7322      9.929    75.2327 1.2372e-01    47.3329      5.587      8.105    11.9080 0.0000e+00
      5.690     -0.066     7.7835     70.450     51.859  38.257578     0.7256      9.928    76.2446 1.2369e-01    45.8618      5.578      8.090    11.9114 0.0000e+00
      5.680     -0.073     7.7527     70.075     51.815  38.218795     0.7042      9.927    76.9844 1.2371e-01    42.1568      5.567      8.074    11.9093 0.0000e+00
      5.672     -0.088     7.7058     69.797     51.760  38.181792     0.6706      9.925    77.4428 1.2372e-01    37.0091      5.566      8.072    11.9054 0.0000e+00
      5.657     -0.113     7.6531     69.648     51.704  38.152664     0.6445      9.922    77.8221 1.2372e-01    33.4037      5.563      8.069    11.8971 0.0000e+00
      5.627     -0.142     7.6089     69.632     51.676  38.148003     0.6412      9.920    78.1656 1.2372e-01    32.7080      5.534      8.027    11.8798 0.0000e+00
      5.579     -0.168     7.5665     69.727     51.672  38.163443     0.6583      9.918    78.4861 1.2373e-01    34.2301      5.478      7.945    11.8669 0.0000e+00
      5.521     -0.186     7.5314     69.893     51.683  38.190735     0.6792      9.916    78.9711 1.2373e-01    36.5830      5.412      7.850    11.8729 0.0000e+00
      5.461     -0.194     7.5134     70.083     51.714  38.233917     0.6900      9.915    79.7886 1.2372e-01    38.1305      5.350      7.760    11.8911 0.0000e+00
      5.407     -0.191     7.5103     70.251     51.763  38.290392     0.6921      9.912    80.8094 1.2368e-01    37.8450      5.296      7.681    11.9073 0.0000e+00
      5.361     -0.179     7.5205     70.368     51.800  38.340292     0.6887      9.910    81.6942 1.2363e-01    35.4515      5.254      7.620    11.9237 0.0000e+00
      5.321     -0.161     7.5389     70.411     51.805  38.365641     0.6800      9.908    82.2917 1.2362e-01    31.9485      5.220      7.570    11.9452 0.0000e+00
      5.282     -0.140     7.5603     70.358     51.790  38.370324     0.6681      9.907    82.8379 1.2366e-01    29.3544      5.179      7.514    11.9654 0.0000e+00
      5.244     -0.122     7.5772     70.188     51.785  38.374643     0.6554      9.905    83.6394 1.2371e-01    28.2123      5.136      7.451    11.9803 0.0000e+00
      5.213     -0.112     7.5869     69.870     51.812  38.397280     0.6492      9.903    84.6125 1.2374e-01    27.4840      5.102      7.400    12.0023 0.0000e+00
      5.193     -0.113     7.5896     69.397     51.860  38.437977     0.6514      9.901    85.3809 1.2372e-01    26.6963      5.084      7.376    12.0321 0.0000e+00
      5.179     -0.124     7.5806     68.818     51.899  38.476952     0.6534      9.900    85.8064 1.2372e-01    26.1367      5.085      7.375    12.0501 0.0000e+00
      5.158     -0.144     7.5645     68.205     51.914  38.501736     0.6483      9.899    86.0832 1.2394e-01    25.8295      5.075      7.360    12.0529 0.0000e+00
      5.120     -0.168     7.5361     67.602     51.919  38.520591     0.6329      9.897    86.3763 1.2547e-01    25.4864      5.034      7.301    12.0494 0.0000e+00
      5.064     -0.189     7.4777     67.023     51.926  38.539203     0.6139      9.896    86.7034 1.2951e-01    25.0833      4.972      7.211    12.0507 0.0000e+00
      4.999     -0.203     7.4049     66.471     51.923  38.547978     0.6037      9.895    87.0787 1.3668e-01    24.8348      4.900      7.107    12.0629 0.0000e+00
