Data/DataNotYetUploadedToEDI/Raw_CTD/RawDownloads/070124_fcr30_S7809004.cnv
* Sea-Bird SBE19plus  Data File:
* FileName = C:\R\Reservoirs\Data\DataNotYetUploadedToEDI\Raw_CTD\RawDownloads\070124_fcr50_S7809_0004.hex
* Software version 2.8.0.119
* Temperature SN = 7809
* Conductivity SN = 7809
* System UpLoad Time = Jul 01 2024 15:48:01
* <ApplicationData>
* <Seaterm232>
# nquan = 15
# nvalues = 1425                        
# units = specified
# name 0 = depFM: Depth [fresh water, m]
# name 1 = dz/dtM: Descent Rate [m/s]
# name 2 = sbeox0Mg/L: Oxygen, SBE 43 [mg/l]
# name 3 = sbeox0PS: Oxygen, SBE 43 [% saturation]
# name 4 = specc: Specific Conductance [uS/cm]
# name 5 = c0uS/cm: Conductivity [uS/cm]
# name 6 = flECO-AFL: Fluorescence, WET Labs ECO-AFL/FL [mg/m^3]
# name 7 = ph: pH
# name 8 = orp: Oxidation Reduction Potential [mV]
# name 9 = par/sat/log: PAR/Logarithmic, Satlantic
# name 10 = turbWETntu0: Turbidity, WET Labs ECO [NTU]
# name 11 = prdM: Pressure, Strain Gauge [db]
# name 12 = prdE: Pressure, Strain Gauge [psi]
# name 13 = tv290C: Temperature [ITS-90, deg C]
# name 14 = flag:  0.000e+00
# span 0 =     -0.630,      5.410       
# span 1 =     -0.276,      0.170       
# span 2 =     0.1426,    11.7650       
# span 3 =      1.475,    146.599       
# span 4 =      0.896,     68.769       
# span 5 =   0.843365,  55.748056       
# span 6 =    -1.9891,     4.1844       
# span 7 =      9.034,     10.823       
# span 8 =   -88.7178,   534.7973       
# span 9 = 1.2365e-01, 2.6745e+03       
# span 10 =    -5.0503,   176.3775      
# span 11 =     -0.620,      5.306      
# span 12 =     -0.901,      7.695      
# span 13 =    11.6539,    27.1809      
# span 14 = 0.0000e+00, 0.0000e+00      
# interval = seconds: 0.25
# start_time = Jul 01 2024 12:42:57 [Instrument's time stamp, header]
# bad_flag = -9.990e-29
*END*
[from data line 1157]
      4.061      0.040     0.4883     14.323     52.706  39.464441     0.7541     10.000   -82.7401 1.2835e+00    33.8947      3.985      5.779    12.5440 0.0000e+00
      4.071      0.030     0.6751     17.447     52.876  39.597728     0.7394      9.997   -83.3937 1.2777e+00    33.8945      3.996      5.795    12.4981 0.0000e+00
      4.076      0.021     0.9084     20.478     53.156  39.826058     0.7273      9.993   -84.1887 1.2820e+00    33.9186      3.999      5.800    12.4564 0.0000e+00
      4.078      0.014     1.1890     23.059     53.608  40.193820     0.7241      9.991   -84.9894 1.2841e+00    33.9224      3.998      5.799    12.4311 0.0000e+00
      4.079      0.010     1.5072     24.890     53.991  40.521252     0.7265      9.989   -85.6684 1.2787e+00    33.8736      3.999      5.802    12.4260 0.0000e+00
      4.079      0.011     1.8656     25.811     53.890  40.494179     0.7241      9.986   -86.2439 1.2693e+00    33.7773      4.000      5.801    12.4325 0.0000e+00
      4.080      0.018     2.2202     25.797     53.274  40.066192     0.7155      9.982   -86.8366 1.2631e+00    33.6868      4.001      5.802    12.4534 0.0000e+00
      4.082      0.029     2.5173     24.898     52.606  39.553613     0.7074      9.979   -87.4599 1.2667e+00    33.6248      4.002      5.804    12.4804 0.0000e+00
      4.087      0.042     2.7243     23.252     52.237  39.216520     0.6975      9.977   -87.9790 1.2722e+00    33.4049      4.002      5.804    12.5057 0.0000e+00
      4.100      0.054     2.8158     21.189     52.109  39.039442     0.6697      9.975   -88.3170 1.2647e+00    32.7328      4.010      5.817    12.5691 0.0000e+00
      4.120      0.065     2.8038     19.240     52.032  38.904879     0.6248      9.975   -88.5380 1.2457e+00    31.7703      4.040      5.859    12.6475 0.0000e+00
      4.144      0.075     2.7081     17.962     51.827  38.688255     0.5888      9.975   -88.6773 1.2267e+00    31.0816      4.068      5.900    12.6364 0.0000e+00
      4.164      0.082     2.5142     17.731     51.399  38.316566     0.5741      9.975   -88.7178 1.2112e+00    30.7601      4.083      5.923    12.5411 0.0000e+00
      4.184      0.085     2.2525     18.656     50.914  37.902545     0.5701      9.976   -88.6899 1.1941e+00    30.0438      4.101      5.948    12.4471 0.0000e+00
      4.204      0.085     1.9998     20.663     50.626  37.629404     0.5676      9.976   -88.6150 1.1703e+00    28.0668      4.122      5.978    12.3728 0.0000e+00
      4.227      0.084     1.8333     23.675     50.544  37.512015     0.5684      9.975   -88.4583 1.1408e+00    25.3233      4.143      6.009    12.3094 0.0000e+00
      4.252      0.083     1.8076     27.726     50.527  37.454247     0.5763      9.973   -88.2213 1.1126e+00    23.3783      4.173      6.052    12.2709 0.0000e+00
      4.275      0.083     1.9188     32.841     50.525  37.415362     0.5880      9.971   -88.0086 1.0941e+00    22.7716      4.200      6.091    12.2324 0.0000e+00
      4.294      0.081     2.1513     38.814     50.561  37.405731     0.5970      9.971   -87.8187 1.0862e+00    22.8559      4.212      6.109    12.1595 0.0000e+00
      4.310      0.077     2.4719     45.220     50.641  37.428106     0.5987      9.970   -87.3018 1.0803e+00    23.0609      4.222      6.123    12.0912 0.0000e+00
      4.330      0.072     2.8913     51.589     50.726  37.458604     0.5944      9.969   -86.0931 1.0654e+00    23.1891      4.243      6.153    12.0537 0.0000e+00
      4.352      0.069     3.4646     57.539     50.776  37.471256     0.5938      9.969   -84.3131 1.0401e+00    23.2923      4.274      6.197    12.0262 0.0000e+00
      4.371      0.069     4.1523     62.795     50.805  37.474312     0.6010      9.969   -82.3739 1.0147e+00    23.4803      4.294      6.227    11.9920 0.0000e+00
      4.384      0.068     4.8835     67.101     50.835  37.480141     0.6068      9.968   -80.5168 9.9122e-01    23.6916      4.298      6.234    11.9463 0.0000e+00
      4.397      0.067     5.6083     70.239     50.850  37.477726     0.6021      9.967   -78.8168 9.5796e-01    23.7981      4.306      6.245    11.9116 0.0000e+00
      4.416      0.067     6.2659     72.205     50.856  37.471855     0.5936      9.965   -77.3411 9.1260e-01    23.8398      4.329      6.277    11.8940 0.0000e+00
      4.436      0.069     6.8523     73.260     50.882  37.481427     0.5962      9.965   -76.0992 8.6788e-01    23.9585      4.356      6.319    11.8765 0.0000e+00
      4.455      0.073     7.3517     73.741     50.926  37.503129     0.6086      9.966   -74.9664 8.3114e-01    24.1447      4.372      6.341    11.8593 0.0000e+00
      4.470      0.075     7.6940     73.872     50.976  37.525537     0.6166      9.966   -73.7402 7.9190e-01    24.2760      4.380      6.353    11.8466 0.0000e+00
      4.489      0.075     7.8799     73.755     51.023  37.547054     0.6170      9.965   -72.3253 7.4032e-01    24.3512      4.398      6.379    11.8368 0.0000e+00
      4.511      0.076     7.9613     73.487     51.068  37.570001     0.6206      9.965   -70.8095 6.8620e-01    24.4914      4.424      6.417    11.8303 0.0000e+00
      4.533      0.077     7.9976     73.187     51.116  37.595371     0.6353      9.964   -69.2968 6.4229e-01    24.7284      4.450      6.455    11.8219 0.0000e+00
      4.552      0.078     8.0171     72.920     51.163  37.619452     0.6518      9.962   -67.7733 6.0361e-01    24.9399      4.465      6.477    11.8040 0.0000e+00
      4.570      0.078     7.9995     72.695     51.197  37.633039     0.6568      9.960   -66.1157 5.6067e-01    25.0188      4.478      6.495    11.7868 0.0000e+00
      4.590      0.078     7.9575     72.515     51.201  37.627261     0.6509      9.960   -64.1778 5.1763e-01    25.0003      4.499      6.525    11.7804 0.0000e+00
      4.611      0.078     7.9220     72.398     51.183  37.607615     0.6458      9.959   -61.9823 4.7869e-01    25.0136      4.523      6.560    11.7739 0.0000e+00
      4.631      0.082     7.8977     72.368     51.173  37.594523     0.6497      9.956   -59.7491 4.3696e-01    25.1115      4.543      6.589    11.7604 0.0000e+00
      4.650      0.087     7.8762     72.426     51.186  37.599235     0.6577      9.954   -57.5698 3.9321e-01    25.2088      4.560      6.614    11.7485 0.0000e+00
      4.670      0.092     7.8552     72.547     51.208  37.612510     0.6570      9.952   -55.2786 3.5734e-01    25.2267      4.576      6.638    11.7411 0.0000e+00
      4.693      0.097     7.8415     72.686     51.227  37.624148     0.6394      9.951   -52.7730 3.2589e-01    25.1637      4.598      6.669    11.7349 0.0000e+00
      4.722      0.098     7.8387     72.800     51.249  37.638452     0.6135      9.949   -50.1713 2.8771e-01    25.0728      4.627      6.711    11.7289 0.0000e+00
      4.753      0.095     7.8474     72.875     51.272  37.655962     0.6006      9.946   -47.6113 2.4725e-01    25.0315      4.662      6.763    11.7250 0.0000e+00
      4.781      0.090     7.8656     72.917     51.265  37.654960     0.5990      9.943   -45.1300 2.1669e-01    25.0435      4.695      6.811    11.7228 0.0000e+00
      4.802      0.083     7.8853     72.930     51.217  37.624389     0.5845      9.940   -42.7414 1.9562e-01    25.0342      4.714      6.837    11.7195 0.0000e+00
      4.819      0.076     7.8996     72.906     51.169  37.589752     0.5563      9.937   -40.4395 1.7865e-01    24.9803      4.726      6.853    11.7174 0.0000e+00
      4.834      0.071     7.9057     72.835     51.155  37.574620     0.5386      9.935   -38.1969 1.6615e-01    24.9437      4.740      6.875    11.7150 0.0000e+00
      4.849      0.069     7.9088     72.714     51.165  37.574629     0.5402      9.934   -36.0178 1.5633e-01    24.9762      4.755      6.895    11.7191 0.0000e+00
      4.866      0.071     7.9095     72.559     51.174  37.575000     0.5482      9.931   -33.7872 1.4598e-01    25.0607      4.771      6.919    11.7332 0.0000e+00
      4.885      0.075     7.9067     72.403     51.174  37.569713     0.5471      9.928   -31.3267 1.3715e-01    25.1325      4.789      6.945    11.7351 0.0000e+00
      4.906      0.081     7.9024     72.271     51.173  37.565634     0.5354      9.926   -28.8139 1.3180e-01    25.1530      4.809      6.974    11.7235 0.0000e+00
      4.927      0.086     7.8903     72.157     51.178  37.567492     0.5269      9.924   -26.6804 1.2820e-01    25.1484      4.833      7.011    11.7146 0.0000e+00
      4.949      0.091     7.8702     72.043     51.181  37.568287     0.5304      9.921   -25.0434 1.2544e-01    25.1671      4.853      7.039    11.7089 0.0000e+00
      4.972      0.093     7.8511     71.923     51.168  37.556821     0.5375      9.918   -23.6350 1.2413e-01    25.2170      4.872      7.065    11.7042 0.0000e+00
      4.998      0.093     7.8393     71.804     51.143  37.536926     0.5373      9.915   -22.1747 1.2383e-01    25.2523      4.901      7.107    11.7017 0.0000e+00
      5.025      0.092     7.8292     71.687     51.141  37.535237     0.5311      9.912   -20.6051 1.2377e-01    25.2645      4.933      7.154    11.7004 0.0000e+00
      5.050      0.092     7.8182     71.562     51.184  37.566445     0.5283      9.910   -19.0617 1.2376e-01    25.3192      4.956      7.189    11.6981 0.0000e+00
      5.070      0.093     7.8037     71.427     51.242  37.607316     0.5336      9.909   -17.6733 1.2376e-01    25.4240      4.974      7.214    11.6957 0.0000e+00
      5.089      0.093     7.7895     71.298     51.268  37.623752     0.5396      9.906   -16.4245 1.2374e-01    25.4990      4.987      7.233    11.6946 0.0000e+00
      5.112      0.093     7.7805     71.189     51.255  37.611314     0.5379      9.904   -15.2174 1.2373e-01    25.5134      5.006      7.262    11.6942 0.0000e+00
      5.140      0.093     7.7662     71.095     51.240  37.598427     0.5366      9.901   -13.9978 1.2373e-01    25.5582      5.041      7.311    11.6944 0.0000e+00
      5.168      0.092     7.7498     70.997     51.250  37.604738     0.5510      9.898   -12.7895 1.2375e-01    25.7652      5.074      7.357    11.6944 0.0000e+00
      5.192      0.091     7.7348     70.882     51.273  37.621163     0.5795      9.896   -11.6262 1.2377e-01    26.1648      5.094      7.388    11.6914 0.0000e+00
      5.213      0.089     7.7239     70.747     51.307  37.644228     0.6277      9.894   -10.5127 1.2377e-01    27.0687      5.111      7.413    11.6866 0.0000e+00
      5.232      0.089     7.7172     70.599     51.383  37.697639     0.8273      9.893    -9.4507 1.2375e-01    31.3602      5.130      7.440    11.6846 0.0000e+00
      5.251      0.089     7.7071     70.449     51.525  37.799475     1.3869      9.890    -8.3958 1.2375e-01    43.4122      5.146      7.464    11.6849 0.0000e+00
      5.274      0.088     7.6946     70.302     51.686  37.914990     2.1804      9.887    -7.1970 1.2375e-01    60.4327      5.169      7.496    11.6843 0.0000e+00
      5.301      0.085     7.6799     70.140     51.798  37.994820     2.7786      9.885    -5.7480 1.2374e-01    73.9900      5.200      7.543    11.6831 0.0000e+00
      5.327      0.077     7.6637     69.915     51.890  38.059026     3.1058      9.882    -4.1438 1.2374e-01    87.5912      5.229      7.583    11.6804 0.0000e+00
      5.348      0.067     7.6458     69.573     52.040  38.165892     3.4647      9.880    -2.5271 1.2372e-01   114.9183      5.249      7.613    11.6780 0.0000e+00
      5.363      0.054     7.6314     69.067     52.294  38.347876     3.9133      9.877    -0.9515 1.2369e-01   151.9892      5.264      7.635    11.6769 0.0000e+00
      5.373      0.041     7.6192     68.374     52.629  38.590631     4.1844      9.874     0.5719 1.2366e-01   176.3775      5.271      7.644    11.6728 0.0000e+00
      5.379      0.030     7.5995     67.494     52.939  38.820339     3.9414      9.872     2.0803 1.2365e-01   170.9545      5.275      7.650    11.6696 0.0000e+00
      5.384      0.023     7.5672     66.447     53.158  38.989010     2.9242      9.870     3.5851 1.2366e-01   130.1370      5.281      7.659    11.6695 0.0000e+00
      5.388      0.018     7.5139     65.288     53.325  39.121452     1.4726      9.867     4.9762 1.2368e-01    71.1665      5.285      7.665    11.6631 0.0000e+00
      5.392      0.014     7.4408     64.107     53.477  39.239802     0.4282      9.863     6.1737 1.2368e-01    28.6930      5.287      7.669    11.6539 0.0000e+00
      5.395      0.012     7.3443     63.016     53.623  39.349319     0.0604      9.861     7.2597 1.2366e-01    12.9866      5.290      7.673    11.6564 0.0000e+00
      5.398      0.010     7.2231     62.114     53.714  39.416519    -0.0021      9.858     8.3867 1.2368e-01     8.1804      5.293      7.678    11.6701 0.0000e+00
      5.400      0.009     7.0894     61.449     53.654  39.373016    -0.0230      9.855     9.6079 1.2373e-01     4.4018      5.296      7.681    11.6828 0.0000e+00
      5.402      0.009     6.9498     61.009     53.471  39.241547    -0.0426      9.853    10.8155 1.2376e-01     1.8274      5.298      7.684    11.6894 0.0000e+00
      5.404      0.008     6.8217     60.744     53.281  39.106162    -0.0547      9.851    11.9030 1.2375e-01     0.8952      5.299      7.686    11.6905 0.0000e+00
      5.406      0.007     6.7218     60.590     53.075  38.957223    -0.0523      9.848    12.9143 1.2373e-01     0.7599      5.301      7.690    11.6865 0.0000e+00
      5.408      0.005     6.6506     60.507     52.776  38.743409    -0.0413      9.845    13.9336 1.2372e-01     0.7977      5.305      7.693    11.6852 0.0000e+00
      5.410      0.003     6.6065     60.502     52.428  38.497598    -0.0352      9.843    14.9626 1.2371e-01     0.8298      5.306      7.695    11.6921 0.0000e+00
      5.410      0.001     6.5835     60.607     52.128  38.287937    -0.0412      9.842    15.9963 1.2372e-01     0.8073      5.305      7.695    11.6977 0.0000e+00
      5.410     -0.002     6.5709     60.850     51.911  38.137467    -0.0541      9.840    17.1508 1.2374e-01     0.7641      5.306      7.695    11.6956 0.0000e+00
      5.409     -0.006     6.5607     61.258     51.756  38.030197    -0.0602      9.838    18.6348 1.2376e-01     0.7289      5.305      7.694    11.6967 0.0000e+00
      5.408     -0.016     6.5530     61.880     51.624  37.940851    -0.0526      9.836    20.4610 1.2377e-01     0.7821      5.303      7.692    11.7100 0.0000e+00
      5.407     -0.036     6.5608     62.765     51.519  37.875555    -0.0314      9.836    22.2510 1.2374e-01     1.6976      5.303      7.692    11.7259 0.0000e+00
      5.402     -0.064     6.5862     63.890     51.477  37.867482     0.0536      9.835    23.6252 1.2371e-01     7.9414      5.302      7.690    11.7322 0.0000e+00
      5.391     -0.095     6.6249     65.153     51.496  37.918882     0.2956      9.833    24.6229 1.2371e-01    25.8293      5.298      7.685    11.7369 0.0000e+00
      5.364     -0.122     6.6854     66.446     51.526  37.987822     0.6392      9.832    25.4833 1.2370e-01    50.7552      5.279      7.659    11.7442 0.0000e+00
      5.318     -0.142     6.7785     67.717     51.519  38.025247     0.8825      9.830    26.3553 1.2368e-01    68.2844      5.225      7.578    11.7488 0.0000e+00
      5.262     -0.151     6.9120     68.917     51.474  38.019279     0.9471      9.827    27.3409 1.2369e-01    72.5734      5.152      7.471    11.7648 0.0000e+00
      5.212     -0.149     7.0540     69.950     51.439  38.003078     0.9024      9.823    28.4953 1.2371e-01    68.0171      5.099      7.395    11.8054 0.0000e+00
      5.175     -0.139     7.1826     70.717     51.436  37.996851     0.8219      9.821    29.7342 1.2371e-01    60.4238      5.068      7.351    11.8628 0.0000e+00
      5.150     -0.124     7.3141     71.180     51.431  37.983387     0.7585      9.819    30.8790 1.2370e-01    54.8931      5.047      7.320    11.9151 0.0000e+00
