Data/DataNotYetUploadedToEDI/Raw_CTD/RawDownloads/070124_fcr50_S8188005.cnv
* Sea-Bird SBE19plus  Data File:
* FileName = C:\R\Reservoirs\Data\DataNotYetUploadedToEDI\Raw_CTD\RawDownloads\062424_bvr50_S8188_0005.hex
* Software version 2.8.0.119
* Temperature SN = 8188
* Conductivity SN = 8188
* System UpLoad Time = Jul 02 2024 12:05:29
* <ApplicationData>
* <Seaterm232>
# nquan = 16
# nvalues = 2715                        
# units = specified
# name 0 = depFM: Depth [fresh water, m]
# name 1 = dz/dtM: Descent Rate [m/s]
# name 2 = sbeox0Mg/L: Oxygen, SBE 43 [mg/l]
# name 3 = sbeox0PS: Oxygen, SBE 43 [% saturation]
# name 4 = specc: Specific Conductance [uS/cm]
# name 5 = c0uS/cm: Conductivity [uS/cm]
# name 6 = wetCDOM: Fluorescence, WET Labs CDOM [mg/m^3]
# name 7 = flECO-AFL: Fluorescence, WET Labs ECO-AFL/FL [mg/m^3]
# name 8 = flECO-AFL1: Fluorescence, WET Labs ECO-AFL/FL, 2 [mg/m^3]
# name 9 = flECO-AFL2: Fluorescence, WET Labs ECO-AFL/FL, 3 [mg/m^3]
# name 10 = par/sat/log: PAR/Logarithmic, Satlantic
# name 11 = turbWETntu0: Turbidity, WET Labs ECO [NTU]
# name 12 = prdM: Pressure, Strain Gauge [db]
# name 13 = prdE: Pressure, Strain Gauge [psi]
# name 14 = tv290C: Temperature [ITS-90, deg C]
# name 15 = flag:  0.000e+00
# span 0 =     -0.625,      9.415       
# span 1 =     -0.261,      0.108       
# span 2 =     0.1204,    13.0694       
# span 3 =      1.171,    165.513       
# span 4 =     -0.052,    265.246       
# span 5 =  -0.050711, 194.795700       
# span 6 =    -9.9900,   367.2000       
# span 7 =    -1.7571,   245.1492       
# span 8 =    -4.8138,    44.9004       
# span 9 =    -9.1368,    16.5393       
# span 10 = 1.1582e-01, 3.7991e+03      
# span 11 =    -8.2404,   971.0038      
# span 12 =     -0.612,      9.233      
# span 13 =     -0.888,     13.391      
# span 14 =    11.6786,    27.5718      
# span 15 = 0.0000e+00, 0.0000e+00      
# interval = seconds: 0.25
# start_time = Jul 01 2024 11:35:17 [Instrument's time stamp, header]
# bad_flag = -9.990e-29
*END*
[from data line 904]
      0.611      0.010    11.1200    140.724     47.778  50.195856    37.6200     1.8517     0.3408    15.1011 1.8844e+02    19.9180      0.599      0.868    27.5306 0.0000e+00
      0.613      0.011    11.1085    140.836     47.753  50.169357    37.6200     1.8631     0.3408    15.1011 1.8479e+02    19.9180      0.601      0.872    27.5292 0.0000e+00
      0.616      0.011    11.1020    140.963     47.703  50.116367    37.6200     1.8364     0.3408    15.1011 1.8383e+02    20.0388      0.604      0.876    27.5276 0.0000e+00
      0.619      0.012    11.1016    141.072     47.679  50.090533    37.6200     1.9432     0.3408    15.1011 1.8161e+02    20.2956      0.607      0.881    27.5259 0.0000e+00
      0.623      0.012    11.1069    141.152     47.690  50.100915    37.6200     1.9204     0.3408    15.1011 1.7852e+02    20.3410      0.610      0.885    27.5245 0.0000e+00
      0.626      0.013    11.1160    141.215     47.705  50.116391    37.7100     1.9547     0.2982    14.9742 1.7906e+02    20.3259      0.614      0.890    27.5235 0.0000e+00
      0.629      0.012    11.1262    141.273     47.710  50.121155    37.7100     1.9471     0.2982    14.9742 1.7245e+02    20.4618      0.617      0.895    27.5227 0.0000e+00
      0.633      0.012    11.1349    141.311     47.702  50.112489    37.7100     1.8784     0.2982    14.9742 1.6985e+02    20.3712      0.620      0.899    27.5221 0.0000e+00
      0.636      0.011    11.1413    141.314     47.687  50.096056    37.7100     1.8670     0.2982    14.9742 1.7115e+02    20.3259      0.623      0.904    27.5215 0.0000e+00
      0.638      0.011    11.1465    141.299     47.668  50.075449    38.1600     1.8631     0.2982    15.5241 1.6937e+02    20.4014      0.626      0.908    27.5207 0.0000e+00
      0.641      0.010    11.1512    141.296     47.649  50.055140    38.1600     1.8822     0.2982    15.5241 1.6952e+02    20.4014      0.629      0.912    27.5200 0.0000e+00
      0.643      0.009    11.1543    141.316     47.651  50.055627    38.1600     1.9204     0.2982    15.5241 1.6523e+02    19.9482      0.631      0.915    27.5195 0.0000e+00
      0.646      0.008    11.1546    141.343     47.659  50.063087    38.1600     1.9013     0.2982    15.5241 1.6707e+02    20.0388      0.633      0.918    27.5190 0.0000e+00
      0.648      0.008    11.1535    141.360     47.644  50.045618    37.8900     1.9280     0.3408    15.5241 1.6642e+02    19.9784      0.635      0.921    27.5185 0.0000e+00
      0.649      0.007    11.1534    141.365     47.629  50.028466    37.8900     1.9432     0.3408    15.5241 1.6351e+02    19.8727      0.637      0.923    27.5179 0.0000e+00
      0.651      0.007    11.1552    141.341     47.645  50.044932    37.8900     1.8708     0.3408    15.5241 1.6577e+02    19.2986      0.638      0.926    27.5169 0.0000e+00
      0.653      0.006    11.1575    141.265     47.677  50.077478    37.8900     1.9013     0.3408    15.5241 1.6312e+02    19.4497      0.640      0.928    27.5157 0.0000e+00
      0.654      0.006    11.1592    141.136     47.696  50.096908    37.4400     1.8593     0.3408    15.2280 1.6263e+02    19.3590      0.641      0.930    27.5142 0.0000e+00
      0.656      0.006    11.1599    140.966     47.706  50.108402    37.4400     1.8708     0.3408    15.2280 1.6273e+02    19.4497      0.643      0.933    27.5128 0.0000e+00
      0.657      0.006    11.1583    140.781     47.720  50.123001    37.4400     2.0119     0.3408    15.2280 1.6164e+02    19.6159      0.644      0.935    27.5115 0.0000e+00
      0.659      0.006    11.1524    140.641     47.729  50.132637    37.4400     1.9928     0.3408    15.2280 1.5892e+02    19.7216      0.646      0.937    27.5107 0.0000e+00
      0.660      0.005    11.1423    140.583     47.732  50.135892    37.4400     1.9738     0.3408    15.2280 1.6147e+02    19.6914      0.647      0.939    27.5106 0.0000e+00
      0.662      0.005    11.1287    140.609     47.734  50.137620    37.1700     1.9852     0.3408    15.2280 1.5642e+02    19.6310      0.649      0.941    27.5110 0.0000e+00
      0.663      0.005    11.1141    140.688     47.736  50.138284    37.1700     1.9356     0.3408    15.2280 1.5930e+02    20.1748      0.650      0.943    27.5114 0.0000e+00
      0.664      0.005    11.1030    140.773     47.733  50.134073    37.1700     1.9394     0.3408    15.2280 1.5690e+02    20.1295      0.651      0.945    27.5115 0.0000e+00
      0.666      0.005    11.0985    140.851     47.709  50.107916    37.1700     1.9585     0.3408    15.2280 1.5724e+02    20.0993      0.653      0.947    27.5112 0.0000e+00
      0.667      0.005    11.1006    140.932     47.657  50.052837    37.2600     1.9165     0.2982    15.0165 1.5619e+02    20.1295      0.654      0.949    27.5108 0.0000e+00
      0.669      0.006    11.1069    140.995     47.603  49.996013    37.2600     2.0005     0.2982    15.0165 1.5483e+02    19.6461      0.656      0.951    27.5102 0.0000e+00
      0.670      0.006    11.1138    140.996     47.570  49.960165    37.2600     1.9928     0.2982    15.0165 1.5477e+02    19.7971      0.657      0.953    27.5093 0.0000e+00
      0.672      0.006    11.1202    140.935     47.550  49.939721    37.2600     1.9700     0.2982    15.0165 1.5250e+02    19.6461      0.659      0.955    27.5082 0.0000e+00
      0.673      0.005    11.1268    140.834     47.547  49.935209    37.4400     2.0234     0.2982    15.0588 1.5154e+02    19.6461      0.660      0.958    27.5071 0.0000e+00
      0.675      0.005    11.1319    140.709     47.565  49.953400    37.4400     1.8708     0.2982    15.0588 1.5154e+02    20.4316      0.662      0.960    27.5062 0.0000e+00
      0.676      0.005    11.1321    140.571     47.584  49.971237    37.4400     1.8670     0.2982    15.0588 1.5049e+02    20.4467      0.663      0.962    27.5058 0.0000e+00
      0.677      0.005    11.1274    140.423     47.583  49.967560    37.4400     1.8784     0.2982    15.0588 1.4932e+02    20.4014      0.664      0.963    27.5054 0.0000e+00
      0.679      0.004    11.1196    140.255     47.565  49.945378    37.4400     1.8670     0.2982    15.0588 1.4786e+02    20.4316      0.665      0.965    27.5048 0.0000e+00
      0.680      0.004    11.1099    140.060     47.530  49.904753    37.6200     1.9242     0.3408    15.5241 1.4919e+02    20.4467      0.666      0.966    27.5036 0.0000e+00
      0.680      0.004    11.0994    139.853     47.500  49.870736    37.6200     1.9356     0.3408    15.5241 1.4806e+02    20.3107      0.667      0.968    27.5016 0.0000e+00
      0.681      0.004    11.0883    139.656     47.498  49.866148    37.6200     1.9204     0.3408    15.5241 1.4789e+02    20.4769      0.668      0.969    27.4986 0.0000e+00
      0.682      0.004    11.0758    139.483     47.505  49.871826    37.6200     1.9242     0.3408    15.5241 1.4722e+02    20.3259      0.669      0.970    27.4950 0.0000e+00
      0.683      0.003    11.0611    139.343     47.503  49.869350    37.5300     1.9089     0.2982    14.8896 1.4614e+02    20.8093      0.670      0.971    27.4914 0.0000e+00
      0.684      0.003    11.0453    139.245     47.489  49.854073    37.5300     1.9432     0.2982    14.8896 1.4516e+02    20.8546      0.671      0.973    27.4885 0.0000e+00
      0.685      0.003    11.0302    139.193     47.465  49.827901    37.5300     1.9394     0.2982    14.8896 1.4456e+02    20.8546      0.671      0.974    27.4863 0.0000e+00
      0.686      0.003    11.0167    139.182     47.448  49.809769    37.5300     1.9356     0.2982    14.8896 1.4519e+02    20.9603      0.672      0.975    27.4850 0.0000e+00
      0.686      0.003    11.0058    139.201     47.452  49.812783    37.5300     1.9280     0.3408    14.5935 1.4216e+02    20.1144      0.673      0.976    27.4843 0.0000e+00
      0.687      0.003    10.9982    139.236     47.453  49.811833    37.5300     1.9432     0.3408    14.5935 1.4544e+02    20.1597      0.674      0.977    27.4838 0.0000e+00
      0.688      0.003    10.9942    139.276     47.440  49.796697    37.5300     1.9432     0.3408    14.5935 1.4182e+02    20.1295      0.674      0.978    27.4831 0.0000e+00
      0.689      0.003    10.9936    139.305     47.431  49.785267    37.5300     1.9051     0.3408    14.5935 1.4403e+02    20.0993      0.675      0.979    27.4821 0.0000e+00
      0.690      0.003    10.9954    139.302     47.433  49.786456    37.5300     1.8860     0.2982    15.1434 1.4090e+02    19.1173      0.676      0.981    27.4808 0.0000e+00
      0.690      0.003    10.9984    139.262     47.443  49.796593    37.5300     1.8708     0.2982    15.1434 1.4418e+02    19.1627      0.677      0.982    27.4791 0.0000e+00
      0.691      0.003    11.0019    139.190     47.432  49.784494    37.5300     1.8784     0.2982    15.1434 1.3926e+02    19.2835      0.678      0.983    27.4774 0.0000e+00
      0.692      0.003    11.0045    139.108     47.399  49.748926    37.5300     1.8860     0.2982    15.1434 1.4182e+02    19.1929      0.679      0.984    27.4757 0.0000e+00
      0.693      0.004    11.0046    139.054     47.381  49.730238    37.5300     1.8288     0.2982    15.1434 1.3977e+02    20.2050      0.679      0.985    27.4744 0.0000e+00
      0.694      0.004    11.0015    139.035     47.377  49.725442    37.3500     1.8059     0.3408    15.8202 1.4065e+02    20.0842      0.680      0.987    27.4737 0.0000e+00
      0.695      0.005    10.9959    139.020     47.369  49.717311    37.3500     1.8288     0.3408    15.8202 1.3898e+02    20.0993      0.682      0.988    27.4732 0.0000e+00
      0.696      0.005    10.9896    138.978     47.371  49.719625    37.3500     1.8212     0.3408    15.8202 1.3907e+02    20.2654      0.683      0.990    27.4728 0.0000e+00
      0.697      0.006    10.9853    138.911     47.395  49.744960    37.3500     1.9661     0.3408    15.8202 1.3691e+02    20.1748      0.684      0.992    27.4725 0.0000e+00
      0.699      0.006    10.9839    138.849     47.426  49.778145    37.5300     1.9165     0.2982    15.5664 1.3579e+02    20.0993      0.686      0.994    27.4723 0.0000e+00
      0.701      0.007    10.9827    138.820     47.435  49.788160    37.5300     1.9165     0.2982    15.5664 1.3629e+02    20.2201      0.687      0.997    27.4722 0.0000e+00
      0.703      0.007    10.9793    138.840     47.424  49.777677    37.5300     1.9318     0.2982    15.5664 1.3247e+02    20.2352      0.689      0.999    27.4723 0.0000e+00
      0.705      0.007    10.9739    138.908     47.408  49.761841    37.5300     1.9509     0.2982    15.5664 1.3261e+02    19.9784      0.691      1.002    27.4727 0.0000e+00
      0.707      0.007    10.9689    139.021     47.391  49.744403    38.6100     1.9394     0.2982    15.6933 1.3198e+02    19.8878      0.693      1.005    27.4736 0.0000e+00
      0.708      0.007    10.9665    139.169     47.389  49.742640    38.6100     1.9356     0.2982    15.6933 1.3013e+02    19.9331      0.695      1.007    27.4745 0.0000e+00
      0.710      0.007    10.9679    139.333     47.408  49.762062    38.6100     1.9471     0.2982    15.6933 1.3129e+02    20.0237      0.696      1.010    27.4753 0.0000e+00
      0.712      0.007    10.9732    139.493     47.431  49.785922    38.6100     1.9127     0.2982    15.6933 1.2945e+02    19.9482      0.698      1.012    27.4759 0.0000e+00
      0.714      0.007    10.9820    139.623     47.436  49.790679    38.7900     1.9165     0.3408    15.9894 1.2939e+02    18.9059      0.700      1.015    27.4763 0.0000e+00
      0.715      0.007    10.9937    139.708     47.426  49.779597    38.7900     1.9509     0.3408    15.9894 1.2590e+02    18.9663      0.701      1.017    27.4764 0.0000e+00
      0.717      0.007    11.0067    139.750     47.421  49.775634    38.7900     1.9394     0.3408    15.9894 1.2758e+02    18.9059      0.703      1.020    27.4763 0.0000e+00
      0.719      0.007    11.0194    139.760     47.426  49.781721    38.7900     1.9280     0.3408    15.9894 1.2639e+02    18.9361      0.705      1.022    27.4757 0.0000e+00
      0.720      0.007    11.0298    139.745     47.429  49.785528    38.7900     1.9471     0.3408    15.9894 1.2473e+02    18.4829      0.706      1.024    27.4751 0.0000e+00
      0.722      0.007    11.0365    139.710     47.426  49.782088    38.5200     1.9547     0.2982    15.4818 1.2565e+02    18.3922      0.708      1.027    27.4750 0.0000e+00
      0.724      0.007    11.0397    139.671     47.424  49.780452    38.5200     1.9432     0.2982    15.4818 1.2416e+02    18.3771      0.710      1.029    27.4758 0.0000e+00
      0.725      0.007    11.0402    139.657     47.413  49.768223    38.5200     1.9356     0.2982    15.4818 1.2141e+02    18.4527      0.711      1.032    27.4768 0.0000e+00
      0.727      0.007    11.0389    139.667     47.384  49.736159    38.5200     1.9509     0.2982    15.4818 1.2213e+02    18.9814      0.713      1.034    27.4776 0.0000e+00
      0.729      0.007    11.0361    139.673     47.357  49.705612    37.6200     1.9394     0.3408    15.8202 1.2202e+02    19.0569      0.715      1.037    27.4778 0.0000e+00
      0.731      0.008    11.0331    139.644     47.345  49.690364    37.6200     1.9280     0.3408    15.8202 1.2096e+02    18.9361      0.717      1.039    27.4776 0.0000e+00
      0.732      0.008    11.0321    139.567     47.340  49.682360    37.6200     1.9394     0.3408    15.8202 1.1981e+02    18.9512      0.718      1.042    27.4769 0.0000e+00
      0.734      0.009    11.0332    139.448     47.318  49.655546    37.6200     1.9204     0.3408    15.8202 1.2002e+02    19.2533      0.720      1.045    27.4757 0.0000e+00
      0.737      0.009    11.0341    139.290     47.289  49.620711    38.1600     1.9318     0.2982    15.4818 1.1839e+02    19.1929      0.722      1.048    27.4737 0.0000e+00
      0.739      0.010    11.0323    139.095     47.287  49.614414    38.1600     1.9471     0.2982    15.4818 1.1655e+02    19.1627      0.725      1.051    27.4709 0.0000e+00
      0.742      0.010    11.0269    138.880     47.299  49.625009    38.1600     1.9127     0.2982    15.4818 1.1612e+02    19.1476      0.727      1.055    27.4674 0.0000e+00
      0.744      0.010    11.0183    138.666     47.310  49.637380    38.1600     1.9776     0.2982    15.4818 1.1487e+02    19.2684      0.730      1.059    27.4633 0.0000e+00
      0.747      0.010    11.0067    138.471     47.320  49.650840    38.1600     2.0005     0.2982    15.4818 1.1152e+02    19.1778      0.733      1.063    27.4586 0.0000e+00
      0.750      0.010    10.9921    138.315     47.323  49.657018    38.5200     1.9776     0.2982    15.3126 1.1184e+02    19.2231      0.736      1.067    27.4543 0.0000e+00
      0.753      0.009    10.9755    138.219     47.316  49.653574    38.5200     1.9967     0.2982    15.3126 1.0830e+02    19.2231      0.738      1.070    27.4523 0.0000e+00
      0.755      0.008    10.9585    138.190     47.303  49.643578    38.5200     2.1798     0.2982    15.3126 1.0879e+02    19.3741      0.741      1.074    27.4531 0.0000e+00
      0.757      0.007    10.9426    138.212     47.298  49.640312    38.5200     2.1950     0.2982    15.3126 1.0835e+02    19.3288      0.743      1.077    27.4558 0.0000e+00
      0.759      0.006    10.9295    138.266     47.307  49.650878    38.6100     2.1798     0.3408    15.6933 1.0574e+02    19.5252      0.744      1.079    27.4596 0.0000e+00
      0.760      0.005    10.9211    138.335     47.325  49.670121    38.6100     2.1874     0.3408    15.6933 1.0669e+02    19.3590      0.746      1.081    27.4638 0.0000e+00
      0.761      0.005    10.9181    138.397     47.353  49.699184    38.6100     1.9547     0.3408    15.6933 1.0634e+02    19.1324      0.747      1.083    27.4674 0.0000e+00
      0.762      0.004    10.9194    138.423     47.379  49.725883    38.6100     1.9547     0.3408    15.6933 1.0531e+02    19.2382      0.747      1.084    27.4697 0.0000e+00
