Data/DataNotYetUploadedToEDI/Raw_CTD/RawDownloads/070124_fcr50_S8188005.cnv
* Sea-Bird SBE19plus  Data File:
* FileName = C:\R\Reservoirs\Data\DataNotYetUploadedToEDI\Raw_CTD\RawDownloads\062424_bvr50_S8188_0005.hex
* Software version 2.8.0.119
* Temperature SN = 8188
* Conductivity SN = 8188
* System UpLoad Time = Jul 02 2024 12:05:29
* <ApplicationData>
* <Seaterm232>
# nquan = 16
# nvalues = 2715                        
# units = specified
# name 0 = depFM: Depth [fresh water, m]
# name 1 = dz/dtM: Descent Rate [m/s]
# name 2 = sbeox0Mg/L: Oxygen, SBE 43 [mg/l]
# name 3 = sbeox0PS: Oxygen, SBE 43 [% saturation]
# name 4 = specc: Specific Conductance [uS/cm]
# name 5 = c0uS/cm: Conductivity [uS/cm]
# name 6 = wetCDOM: Fluorescence, WET Labs CDOM [mg/m^3]
# name 7 = flECO-AFL: Fluorescence, WET Labs ECO-AFL/FL [mg/m^3]
# name 8 = flECO-AFL1: Fluorescence, WET Labs ECO-AFL/FL, 2 [mg/m^3]
# name 9 = flECO-AFL2: Fluorescence, WET Labs ECO-AFL/FL, 3 [mg/m^3]
# name 10 = par/sat/log: PAR/Logarithmic, Satlantic
# name 11 = turbWETntu0: Turbidity, WET Labs ECO [NTU]
# name 12 = prdM: Pressure, Strain Gauge [db]
# name 13 = prdE: Pressure, Strain Gauge [psi]
# name 14 = tv290C: Temperature [ITS-90, deg C]
# name 15 = flag:  0.000e+00
# span 0 =     -0.625,      9.415       
# span 1 =     -0.261,      0.108       
# span 2 =     0.1204,    13.0694       
# span 3 =      1.171,    165.513       
# span 4 =     -0.052,    265.246       
# span 5 =  -0.050711, 194.795700       
# span 6 =    -9.9900,   367.2000       
# span 7 =    -1.7571,   245.1492       
# span 8 =    -4.8138,    44.9004       
# span 9 =    -9.1368,    16.5393       
# span 10 = 1.1582e-01, 3.7991e+03      
# span 11 =    -8.2404,   971.0038      
# span 12 =     -0.612,      9.233      
# span 13 =     -0.888,     13.391      
# span 14 =    11.6786,    27.5718      
# span 15 = 0.0000e+00, 0.0000e+00      
# interval = seconds: 0.25
# start_time = Jul 01 2024 11:35:17 [Instrument's time stamp, header]
# bad_flag = -9.990e-29
*END*
[from data line 1447]
      2.486      0.017     0.6435      6.634     41.553  36.926691    35.5500     0.3449     0.0852     0.2961 3.5866e+00     0.4156      2.438      3.536    19.5526 0.0000e+00
      2.491      0.019     0.6414      6.358     41.523  36.883293    35.5500     0.3411     0.0852     0.2961 3.5664e+00     0.4458      2.442      3.543    19.5125 0.0000e+00
      2.496      0.020     0.6369      6.013     41.493  36.835356    35.5500     0.3372     0.0852     0.2961 3.6124e+00     0.3249      2.447      3.550    19.4775 0.0000e+00
      2.501      0.021     0.6273      5.632     41.471  36.786035    35.5500     0.3678     0.0852     0.2961 3.5548e+00     0.4458      2.453      3.557    19.4501 0.0000e+00
      2.506      0.022     0.6100      5.249     41.451  36.726161    35.7300     0.3563     0.0852     0.1692 3.5409e+00     0.5364      2.458      3.565    19.4290 0.0000e+00
      2.512      0.022     0.5847      4.887     41.436  36.657697    35.7300     0.3296     0.0852     0.1692 3.5095e+00     0.5062      2.463      3.573    19.4086 0.0000e+00
      2.518      0.022     0.5532      4.561     41.426  36.586288    35.7300     0.3296     0.0852     0.1692 3.5072e+00     0.7177      2.469      3.581    19.3832 0.0000e+00
      2.524      0.022     0.5185      4.286     41.408  36.506835    35.7300     0.3372     0.0852     0.1692 3.5072e+00     0.6422      2.475      3.590    19.3473 0.0000e+00
      2.530      0.022     0.4837      4.067     41.370  36.414083    35.7300     0.3678     0.0426     0.3384 3.4655e+00     0.6875      2.480      3.598    19.2965 0.0000e+00
      2.535      0.022     0.4509      3.910     41.323  36.317165    35.7300     0.3411     0.0426     0.3384 3.4943e+00     0.6573      2.486      3.606    19.2300 0.0000e+00
      2.541      0.021     0.4215      3.825     41.292  36.238046    35.7300     0.3639     0.0426     0.3384 3.4882e+00     0.6271      2.491      3.614    19.1539 0.0000e+00
      2.546      0.021     0.3967      3.833     41.295  36.193475    35.7300     0.3258     0.0426     0.3384 3.4415e+00     0.6875      2.496      3.621    19.0772 0.0000e+00
      2.551      0.020     0.3770      3.957     41.316  36.169574    35.9100     0.3182     0.0852     0.2538 3.3815e+00     0.6120      2.502      3.629    19.0055 0.0000e+00
      2.556      0.019     0.3630      4.209     41.327  36.142037    35.9100     0.3525     0.0852     0.2538 3.4006e+00     0.6120      2.507      3.636    18.9387 0.0000e+00
      2.561      0.019     0.3556      4.582     41.332  36.113481    35.9100     0.3487     0.0852     0.2538 3.3763e+00     0.4156      2.511      3.643    18.8760 0.0000e+00
      2.566      0.018     0.3569      5.040     41.337  36.086252    35.9100     0.3563     0.0852     0.2538 3.3955e+00     0.4005      2.516      3.650    18.8182 0.0000e+00
      2.570      0.017     0.3689      5.534     41.331  36.053086    35.9100     0.3372     0.0852     0.2538 3.3610e+00     0.4458      2.520      3.656    18.7673 0.0000e+00
      2.575      0.016     0.3928      6.020     41.317  36.017091    36.0900     0.3983     0.0852     0.2115 3.2923e+00     0.5817      2.525      3.662    18.7227 0.0000e+00
      2.579      0.016     0.4279      6.463     41.293  35.976636    36.0900     0.3639     0.0852     0.2115 3.3030e+00     0.5213      2.529      3.668    18.6823 0.0000e+00
      2.583      0.015     0.4710      6.842     41.248  35.920932    36.0900     0.3449     0.0852     0.2115 3.3232e+00     0.4911      2.533      3.673    18.6448 0.0000e+00
      2.586      0.014     0.5175      7.150     41.175  35.843094    36.0900     0.3601     0.0852     0.2115 3.3059e+00     0.4005      2.536      3.679    18.6108 0.0000e+00
      2.590      0.014     0.5633      7.396     41.107  35.768182    36.0900     0.3563     0.0426     0.0846 3.2894e+00     0.4760      2.540      3.684    18.5820 0.0000e+00
      2.593      0.013     0.6050      7.599     41.078  35.726023    36.0900     0.3563     0.0426     0.0846 3.2980e+00     0.4156      2.543      3.689    18.5581 0.0000e+00
      2.596      0.013     0.6407      7.775     41.060  35.691430    36.0900     0.3563     0.0426     0.0846 3.2909e+00     0.4156      2.546      3.693    18.5382 0.0000e+00
      2.599      0.013     0.6697      7.937     41.001  35.621310    36.0900     0.3296     0.0426     0.0846 3.3095e+00     0.4911      2.549      3.697    18.5205 0.0000e+00
      2.603      0.013     0.6931      8.090     40.910  35.522862    36.0900     0.3525     0.0426     0.2115 3.2787e+00     0.4911      2.552      3.702    18.5018 0.0000e+00
      2.606      0.014     0.7124      8.239     40.835  35.437564    36.0900     0.3449     0.0426     0.2115 3.2952e+00     0.1739      2.555      3.706    18.4804 0.0000e+00
      2.609      0.015     0.7292      8.395     40.781  35.368565    36.0900     0.3716     0.0426     0.2115 3.2773e+00     0.1588      2.558      3.711    18.4575 0.0000e+00
      2.613      0.016     0.7448      8.579     40.707  35.281529    36.0900     0.3792     0.0426     0.2115 3.2723e+00     0.1134      2.562      3.716    18.4343 0.0000e+00
      2.617      0.017     0.7595      8.806     40.603  35.167190    36.0900     0.3449     0.0852     0.1692 3.2837e+00     0.1286      2.566      3.722    18.4107 0.0000e+00
      2.621      0.018     0.7738      9.090     40.503  35.054819    36.0900     0.3525     0.0852     0.1692 3.2511e+00     0.1588      2.570      3.728    18.3860 0.0000e+00
      2.626      0.019     0.7890      9.435     40.439  34.972219    36.0900     0.3449     0.0852     0.1692 3.2567e+00     0.1134      2.575      3.735    18.3597 0.0000e+00
      2.631      0.020     0.8067      9.827     40.419  34.925250    36.0900     0.3563     0.0852     0.1692 3.2075e+00     0.2343      2.580      3.742    18.3316 0.0000e+00
      2.636      0.021     0.8285     10.234     40.441  34.913338    36.0900     0.3563     0.0852     0.1692 3.2138e+00     0.1890      2.585      3.750    18.3016 0.0000e+00
      2.642      0.022     0.8558     10.622     40.490  34.925338    36.0900     0.3563     0.0426     0.1692 3.2159e+00     0.1286      2.590      3.757    18.2696 0.0000e+00
      2.648      0.023     0.8890     10.962     40.544  34.940544    36.0900     0.3296     0.0426     0.1692 3.1509e+00     0.3854      2.596      3.766    18.2353 0.0000e+00
      2.653      0.024     0.9266     11.221     40.606  34.963010    36.0900     0.3639     0.0426     0.1692 3.1284e+00     0.4156      2.602      3.774    18.1989 0.0000e+00
      2.659      0.024     0.9657     11.364     40.681  34.994741    36.0900     0.3525     0.0426     0.1692 3.1722e+00     0.3854      2.608      3.783    18.1613 0.0000e+00
      2.666      0.025     1.0031     11.362     40.732  35.004357    36.2700     0.3525     0.0852     0.1269 3.1372e+00     0.4156      2.614      3.791    18.1236 0.0000e+00
      2.672      0.025     1.0360     11.206     40.736  34.974501    36.2700     0.3563     0.0852     0.1269 3.0993e+00     0.4156      2.620      3.801    18.0858 0.0000e+00
      2.679      0.026     1.0613     10.910     40.711  34.921113    36.2700     0.3449     0.0852     0.1269 3.0845e+00     0.5817      2.627      3.810    18.0472 0.0000e+00
      2.685      0.026     1.0756     10.507     40.692  34.873781    36.2700     0.3563     0.0852     0.1269 3.0572e+00     0.5213      2.633      3.819    18.0067 0.0000e+00
      2.692      0.025     1.0763     10.051     40.701  34.851754    36.5400     0.3525     0.0852     0.1692 3.0818e+00     0.3249      2.640      3.829    17.9650 0.0000e+00
      2.698      0.025     1.0624      9.593     40.727  34.845173    36.5400     0.4097     0.0852     0.1692 3.0505e+00     0.4156      2.646      3.838    17.9240 0.0000e+00
      2.705      0.024     1.0350      9.186     40.736  34.828378    36.5400     0.4135     0.0852     0.1692 3.0287e+00     0.4458      2.652      3.847    17.8847 0.0000e+00
      2.711      0.023     0.9976      8.876     40.703  34.780952    36.5400     0.4250     0.0852     0.1692 2.9720e+00     0.3854      2.658      3.855    17.8468 0.0000e+00
      2.717      0.022     0.9550      8.693     40.624  34.700208    36.1800     0.4135     0.0852     0.0846 2.9986e+00     0.4156      2.664      3.864    17.8095 0.0000e+00
      2.722      0.021     0.9122      8.640     40.531  34.608439    36.1800     0.4135     0.0852     0.0846 2.9746e+00     0.4760      2.669      3.871    17.7744 0.0000e+00
      2.727      0.019     0.8740      8.695     40.451  34.526990    36.1800     0.3983     0.0852     0.0846 2.9785e+00     0.4307      2.674      3.878    17.7444 0.0000e+00
      2.731      0.018     0.8449      8.831     40.379  34.450077    36.1800     0.4097     0.0852     0.0846 2.9856e+00     0.5666      2.678      3.884    17.7216 0.0000e+00
      2.735      0.017     0.8279      9.015     40.330  34.391051    36.1800     0.4173     0.0852     0.0846 2.9823e+00     0.3703      2.682      3.890    17.7046 0.0000e+00
      2.740      0.017     0.8231      9.225     40.343  34.383973    35.8200     0.3601     0.0852     0.2538 2.9882e+00     0.4911      2.686      3.896    17.6896 0.0000e+00
      2.744      0.016     0.8287      9.443     40.391  34.409025    35.8200     0.3143     0.0852     0.2538 2.9463e+00     0.4911      2.691      3.902    17.6733 0.0000e+00
      2.748      0.016     0.8420      9.654     40.425  34.427071    35.8200     0.3639     0.0852     0.2538 2.9163e+00     0.4005      2.695      3.908    17.6544 0.0000e+00
      2.752      0.016     0.8599      9.857     40.433  34.426989    35.8200     0.3449     0.0852     0.2538 2.9303e+00     0.4609      2.699      3.914    17.6325 0.0000e+00
      2.756      0.016     0.8804     10.053     40.415  34.404771    35.5500     0.4021     0.0852     0.2115 2.9623e+00     0.3854      2.703      3.920    17.6100 0.0000e+00
      2.760      0.016     0.9015     10.228     40.386  34.370430    35.5500     0.4021     0.0852     0.2115 2.9252e+00     0.3854      2.706      3.925    17.5907 0.0000e+00
      2.763      0.017     0.9219     10.366     40.379  34.348671    35.5500     0.4364     0.0852     0.2115 2.9348e+00     0.3552      2.710      3.930    17.5771 0.0000e+00
      2.767      0.018     0.9414     10.459     40.413  34.355604    35.5500     0.3868     0.0852     0.2115 2.9125e+00     0.3854      2.714      3.936    17.5682 0.0000e+00
      2.772      0.019     0.9603     10.507     40.475  34.383116    35.4600     0.4059     0.0426     0.0846 2.9106e+00     0.1890      2.719      3.943    17.5603 0.0000e+00
      2.777      0.021     0.9772     10.518     40.544  34.416631    35.4600     0.4173     0.0426     0.0846 2.8748e+00     0.0983      2.724      3.950    17.5483 0.0000e+00
      2.783      0.022     0.9908     10.499     40.633  34.465085    35.4600     0.4212     0.0426     0.0846 2.8259e+00     0.1588      2.729      3.958    17.5284 0.0000e+00
      2.789      0.024     1.0003     10.445     40.746  34.533431    35.4600     0.4135     0.0426     0.0846 2.8680e+00     0.2192      2.735      3.966    17.5011 0.0000e+00
      2.795      0.025     1.0055     10.340     40.849  34.594075    35.4600     0.4212     0.0426     0.0846 2.7911e+00     0.3854      2.741      3.975    17.4709 0.0000e+00
      2.801      0.026     1.0071     10.166     40.915  34.623350    35.7300     0.4326     0.0426     0.0423 2.8308e+00     0.4156      2.747      3.984    17.4395 0.0000e+00
      2.808      0.027     1.0060      9.901     40.958  34.633045    35.7300     0.4212     0.0426     0.0423 2.8100e+00     0.4911      2.754      3.994    17.4064 0.0000e+00
      2.815      0.028     1.0015      9.529     40.996  34.639687    35.7300     0.3983     0.0426     0.0423 2.7881e+00     0.5062      2.761      4.004    17.3729 0.0000e+00
      2.823      0.029     0.9921      9.048     41.011  34.627120    35.7300     0.4212     0.0426     0.0423 2.7591e+00     0.6724      2.768      4.015    17.3399 0.0000e+00
      2.830      0.029     0.9761      8.476     41.006  34.599959    35.8200     0.4135     0.0426     0.0846 2.7526e+00     0.6422      2.775      4.026    17.3071 0.0000e+00
      2.838      0.029     0.9512      7.845     41.020  34.590801    35.8200     0.4173     0.0426     0.0846 2.7157e+00     0.7026      2.783      4.036    17.2747 0.0000e+00
      2.846      0.029     0.9160      7.201     41.023  34.573297    35.8200     0.4212     0.0426     0.0846 2.6905e+00     0.5817      2.790      4.047    17.2434 0.0000e+00
      2.853      0.028     0.8703      6.600     40.973  34.512901    35.8200     0.4021     0.0426     0.0846 2.6934e+00     0.6120      2.797      4.058    17.2132 0.0000e+00
      2.860      0.028     0.8157      6.096     40.889  34.423385    35.7300     0.4326     0.0852     0.0846 2.6788e+00     0.6120      2.804      4.068    17.1850 0.0000e+00
      2.867      0.027     0.7554      5.720     40.789  34.320719    35.7300     0.4173     0.0852     0.0846 2.6910e+00     0.6724      2.811      4.078    17.1592 0.0000e+00
      2.874      0.027     0.6937      5.485     40.691  34.219356    35.7300     0.4364     0.0852     0.0846 2.6608e+00     0.5515      2.818      4.088    17.1351 0.0000e+00
      2.881      0.026     0.6362      5.395     40.589  34.116169    35.7300     0.4212     0.0852     0.0846 2.6498e+00     0.7177      2.825      4.097    17.1119 0.0000e+00
      2.887      0.026     0.5878      5.453     40.487  34.013519    35.9100     0.4440     0.0852     0.0846 2.6127e+00     0.6573      2.832      4.107    17.0893 0.0000e+00
      2.894      0.025     0.5518      5.654     40.420  33.941801    35.9100     0.4364     0.0852     0.0846 2.6326e+00     0.5969      2.838      4.116    17.0668 0.0000e+00
      2.900      0.024     0.5295      5.984     40.396  33.905793    35.9100     0.4059     0.0852     0.0846 2.6161e+00     0.6573      2.844      4.125    17.0442 0.0000e+00
      2.906      0.024     0.5212      6.410     40.383  33.879955    35.9100     0.3754     0.0852     0.0846 2.6036e+00     0.4760      2.850      4.133    17.0223 0.0000e+00
      2.912      0.023     0.5270      6.896     40.358  33.845445    35.9100     0.4212     0.0852     0.0846 2.5889e+00     0.5213      2.856      4.142    17.0017 0.0000e+00
      2.917      0.022     0.5467      7.405     40.331  33.810988    35.5500     0.4021     0.0852     0.0846 2.5671e+00     0.4609      2.861      4.150    16.9819 0.0000e+00
      2.923      0.021     0.5787      7.903     40.313  33.785322    35.5500     0.4173     0.0852     0.0846 2.5560e+00     0.4609      2.867      4.158    16.9628 0.0000e+00
      2.929      0.021     0.6203      8.351     40.289  33.755627    35.5500     0.4975     0.0852     0.0846 2.5649e+00     0.4458      2.872      4.165    16.9445 0.0000e+00
      2.934      0.020     0.6675      8.720     40.259  33.721952    35.5500     0.4669     0.0852     0.0846 2.5554e+00     0.3854      2.877      4.173    16.9274 0.0000e+00
      2.939      0.020     0.7170      8.989     40.252  33.707188    35.2800     0.4669     0.0852     0.1269 2.5532e+00     0.3552      2.882      4.180    16.9121 0.0000e+00
      2.944      0.020     0.7654      9.152     40.296  33.733291    35.2800     0.4593     0.0852     0.1269 2.5482e+00     0.4005      2.887      4.187    16.8992 0.0000e+00
      2.949      0.019     0.8090      9.225     40.362  33.777343    35.2800     0.4860     0.0852     0.1269 2.5305e+00     0.4458      2.892      4.194    16.8882 0.0000e+00
      2.954      0.019     0.8449      9.230     40.386  33.787348    35.2800     0.4784     0.0852     0.1269 2.5250e+00     0.4005      2.897      4.201    16.8775 0.0000e+00
