Data/DataNotYetUploadedToEDI/Raw_CTD/RawDownloads/070124_fcr10_S7809002.cnv
* Sea-Bird SBE19plus  Data File:
* FileName = C:\R\Reservoirs\Data\DataNotYetUploadedToEDI\Raw_CTD\RawDownloads\070124_fcr50_S7809_0002.hex
* Software version 2.8.0.119
* Temperature SN = 7809
* Conductivity SN = 7809
* System UpLoad Time = Jul 01 2024 15:46:42
* <ApplicationData>
* <Seaterm232>
# nquan = 15
# nvalues = 671                         
# units = specified
# name 0 = depFM: Depth [fresh water, m]
# name 1 = dz/dtM: Descent Rate [m/s]
# name 2 = sbeox0Mg/L: Oxygen, SBE 43 [mg/l]
# name 3 = sbeox0PS: Oxygen, SBE 43 [% saturation]
# name 4 = specc: Specific Conductance [uS/cm]
# name 5 = c0uS/cm: Conductivity [uS/cm]
# name 6 = flECO-AFL: Fluorescence, WET Labs ECO-AFL/FL [mg/m^3]
# name 7 = ph: pH
# name 8 = orp: Oxidation Reduction Potential [mV]
# name 9 = par/sat/log: PAR/Logarithmic, Satlantic
# name 10 = turbWETntu0: Turbidity, WET Labs ECO [NTU]
# name 11 = prdM: Pressure, Strain Gauge [db]
# name 12 = prdE: Pressure, Strain Gauge [psi]
# name 13 = tv290C: Temperature [ITS-90, deg C]
# name 14 = flag:  0.000e+00
# span 0 =     -0.624,      2.137       
# span 1 =     -0.234,      0.164       
# span 2 =     0.1008,    10.2131       
# span 3 =      1.163,    124.333       
# span 4 =      0.732,     99.135       
# span 5 =   0.672062,  90.227416       
# span 6 =    -0.7095,    41.1729       
# span 7 =      6.113,      9.299       
# span 8 =  -124.5203,  1240.2295       
# span 9 = 4.5112e+00, 2.6167e+03       
# span 10 =    -0.1647,    93.7392      
# span 11 =     -0.612,      2.096      
# span 12 =     -0.888,      3.040      
# span 13 =    20.4375,    26.6803      
# span 14 = 0.0000e+00, 0.0000e+00      
# interval = seconds: 0.25
# start_time = Jul 01 2024 12:14:02 [Instrument's time stamp, header]
# bad_flag = -9.990e-29
*END*
[from data line 579]
      1.215     -0.130     0.3271      5.731     52.386  50.548327     3.0874      7.941   -92.3706 1.8796e+01     6.9357      1.190      1.725    22.8910 0.0000e+00
      1.187     -0.120     0.3655      6.436     52.276  50.484369     2.8537      7.942   -90.3946 2.1085e+01     6.6460      1.169      1.695    23.0086 0.0000e+00
      1.156     -0.105     0.3991      7.221     52.223  50.466366     2.5027      7.941   -88.3295 2.3796e+01     6.2984      1.137      1.650    23.1204 0.0000e+00
      1.123     -0.088     0.4305      8.057     52.105  50.375178     2.2385      7.939   -86.2910 2.6265e+01     6.0854      1.094      1.587    23.2050 0.0000e+00
      1.097     -0.073     0.4793      8.948     51.881  50.171874     2.1083      7.935   -84.3752 2.7751e+01     6.0302      1.064      1.543    23.2518 0.0000e+00
      1.083     -0.065     0.5462      9.883     51.486  49.799310     1.9899      7.931   -82.5665 2.8208e+01     6.0020      1.054      1.528    23.2830 0.0000e+00
      1.079     -0.066     0.6136     10.791     50.711  49.071231     1.8388      7.929   -80.7796 2.8195e+01     5.9572      1.055      1.530    23.3189 0.0000e+00
      1.076     -0.078     0.6833     11.578     49.789  48.236431     1.7184      7.929   -78.9622 2.8552e+01     5.9312      1.062      1.539    23.3442 0.0000e+00
      1.065     -0.099     0.7571     12.228     49.335  47.885351     1.6544      7.929   -77.3612 3.0233e+01     5.9484      1.061      1.539    23.3535 0.0000e+00
      1.035     -0.125     0.8421     12.883     49.387  48.015100     1.6086      7.930   -76.7202 3.3774e+01     5.9861      1.031      1.496    23.3535 0.0000e+00
      0.988     -0.148     0.9289     13.763     49.463  48.130405     1.5621      7.931   -77.8543 3.8790e+01     5.9925      0.971      1.409    23.3455 0.0000e+00
      0.935     -0.163     0.9985     14.930     49.316  48.002878     1.5338      7.933   -81.0097 4.4503e+01     5.9546      0.910      1.320    23.3929 0.0000e+00
      0.886     -0.168     1.0428     16.186     48.983  47.695961     1.5520      7.937   -85.3810 5.0640e+01     5.9156      0.864      1.253    23.5368 0.0000e+00
      0.843     -0.163     1.0730     17.274     48.526  47.281681     1.6453      7.942   -89.2209 5.7231e+01     5.9253      0.824      1.194    23.6530 0.0000e+00
      0.805     -0.151     1.1377     18.124     48.007  46.821707     1.7894      7.947   -91.0193 6.4322e+01     5.9737      0.785      1.138    23.6673 0.0000e+00
      0.771     -0.136     1.2579     18.846     47.492  46.376159     1.9212      7.950   -90.6128 7.2697e+01     6.0147      0.755      1.097    23.6517 0.0000e+00
      0.736     -0.120     1.3895     19.589     47.050  46.009677     2.1690      7.950   -89.1268 8.2956e+01     6.0973      0.725      1.052    23.6654 0.0000e+00
      0.702     -0.104     1.4815     20.477     46.811  45.842438     3.5171      7.949   -88.0901 9.3104e+01     6.6670      0.683      0.990    23.7039 0.0000e+00
      0.674     -0.093     1.5386     21.602     46.833  45.915406     7.3609      7.948   -88.4891 1.0004e+02     8.3694      0.649      0.941    23.7517 0.0000e+00
      0.658     -0.088     1.5898     22.974     46.933  46.039451    12.7196      7.949   -90.3537 1.0377e+02    10.7808      0.638      0.925    23.8128 0.0000e+00
      0.648     -0.092     1.6439     24.481     46.879  45.991978    16.3691      7.951   -93.5711 1.0820e+02    12.4476      0.637      0.924    23.8856 0.0000e+00
      0.634     -0.103     1.7087     25.916     46.667  45.789570    16.3557      7.953   -98.9511 1.1900e+02    12.4832      0.633      0.920    23.9693 0.0000e+00
      0.608     -0.120     1.7985     27.085     46.440  45.584637    12.6446      7.954  -106.7608 1.4041e+02    10.8830      0.608      0.883    24.0413 0.0000e+00
      0.568     -0.139     1.9211     27.949     46.224  45.398669     7.1821      7.957  -114.7672 1.7278e+02     8.5204      0.559      0.811    24.0639 0.0000e+00
      0.522     -0.152     2.0622     28.640     45.925  45.136414     3.2656      7.960  -120.1258 2.1538e+02     6.8425      0.509      0.739    24.0447 0.0000e+00
      0.476     -0.155     2.1996     29.310     45.546  44.805709     1.9805      7.962  -122.4602 2.6984e+02     6.3145      0.468      0.679    24.0350 0.0000e+00
      0.431     -0.146     2.3024     30.044     45.228  44.548873     2.0347      7.963  -123.5096 3.3269e+02     6.3474      0.422      0.612    24.0668 0.0000e+00
      0.390     -0.132     2.3563     30.945     45.023  44.408750     2.3867      7.964  -124.4181 3.8864e+02     6.4708      0.374      0.541    24.1067 0.0000e+00
      0.360     -0.120     2.4014     32.184     44.819  44.260158     2.6493      7.967  -124.5203 4.2578e+02     6.5501      0.342      0.496    24.1286 0.0000e+00
      0.340     -0.112     2.4577     33.839     44.536  44.024698     2.6960      7.970  -122.9483 4.5303e+02     6.5731      0.330      0.479    24.1617 0.0000e+00
      0.323     -0.107     2.5117     35.771     44.165  43.705232     2.5680      7.973  -120.2114 4.9319e+02     6.5451      0.324      0.470    24.2361 0.0000e+00
      0.299     -0.102     2.5678     37.791     43.675  43.277177     2.3666      7.976  -117.3766 5.6559e+02     6.4705      0.306      0.443    24.3307 0.0000e+00
      0.265     -0.097     2.6555     39.900     43.138  42.820711     2.2116      7.978  -114.8719 6.6810e+02     6.4082      0.262      0.381    24.3827 0.0000e+00
      0.229     -0.089     2.8079     42.279     42.786  42.568865     2.1240      7.980  -112.6677 7.6512e+02     6.4973      0.213      0.310    24.4080 0.0000e+00
      0.202     -0.076     2.9888     45.177     42.720  42.601510     2.0340      7.983  -110.6309 8.0698e+02     6.8718      0.185      0.269    24.4684 0.0000e+00
      0.187     -0.057     3.1496     48.860     42.806  42.750739     1.9250      7.986  -108.5728 7.8278e+02     7.3973      0.176      0.256    24.5331 0.0000e+00
      0.181     -0.036     3.3037     53.341     42.942  42.906941     1.8423      7.988  -106.4906 7.3723e+02     7.7386      0.177      0.257    24.5926 0.0000e+00
      0.178     -0.016     3.4837     58.026     43.158  43.117080     1.8043      7.989  -104.4939 7.0902e+02     7.8236      0.177      0.256    24.7275 0.0000e+00
      0.176     -0.001     3.6948     61.946     43.423  43.357843     1.7905      7.988  -102.4522 6.9559e+02     7.9037      0.172      0.249    24.9034 0.0000e+00
      0.176      0.009     3.9684     64.410     43.593  43.488309     1.7806      7.985   -99.7490 6.8897e+02     8.1997      0.168      0.244    24.9783 0.0000e+00
      0.179      0.017     4.3820     65.220     43.584  43.438358     1.7687      7.980   -92.8666 6.8988e+02     8.6247      0.173      0.251    24.9626 0.0000e+00
      0.187      0.019     4.8585     64.440     43.439  43.269383     1.7546      7.976   -77.2177 6.9351e+02     8.8912      0.182      0.263    24.9541 0.0000e+00
      0.197      0.013     5.2226     62.310     43.250  43.081957     1.7436      7.972   -60.4928 6.9524e+02     8.8561      0.193      0.278    24.9421 0.0000e+00
      0.207     -0.006     5.4303     59.370     43.088  42.941391     1.7489      7.968   -60.1028 7.0178e+02     8.5694      0.205      0.297    24.8788 0.0000e+00
      0.212     -0.041     5.5007     56.451     42.939  42.821441     1.7737      7.965   -76.4843 7.2891e+02     8.2137      0.216      0.312    24.8051 0.0000e+00
      0.206     -0.087     5.4316     54.384     42.725  42.636313     1.8003      7.967   -92.7950 7.8369e+02     8.0158      0.217      0.314    24.7778 0.0000e+00
      0.181     -0.137     5.2262     53.626     42.428  42.371129     1.8253      7.975  -100.8233 8.5967e+02     8.0736      0.194      0.282    24.7811 0.0000e+00
      0.135     -0.182     4.9218     54.158     42.120  42.108700     1.8759      7.988  -103.9070 1.0104e+03     8.4077      0.145      0.210    24.8148 0.0000e+00
      0.070     -0.215     4.6147     55.738     41.888  41.938093     1.9525      8.005  -104.8622 1.3322e+03     8.9094      0.078      0.113    24.8656 0.0000e+00
     -0.006     -0.231     4.4124     58.199     41.776  41.893627     2.0174      8.025  -104.5274 1.7465e+03     9.3198     -0.008     -0.011    24.8902 0.0000e+00
     -0.078     -0.234     4.3584     61.489     41.785  41.964429     2.0897      8.046  -103.7624 2.0317e+03     9.6427     -0.093     -0.135    24.9122 0.0000e+00
     -0.138     -0.229     4.4229     65.472     41.868  42.108797     2.2441      8.069  -102.7557 2.1276e+03    10.1568     -0.146     -0.211    24.9600 0.0000e+00
     -0.185     -0.220     4.5564     69.848     41.964  42.279076     2.4577      8.091  -101.1845 2.1374e+03    10.8380     -0.183     -0.264    25.0454 0.0000e+00
     -0.230     -0.210     4.7451     74.343     42.062  42.461113     2.6159      8.111   -98.8907 2.1302e+03    11.3558     -0.218     -0.317    25.1490 0.0000e+00
     -0.280     -0.201     5.0122     78.871     42.144  42.623784     2.7090      8.130   -95.7623 2.1129e+03    11.7349     -0.263     -0.382    25.2147 0.0000e+00
     -0.339     -0.191     5.3620     83.388     42.142  42.686487     2.8265      8.147   -90.5585 2.0789e+03    12.3257     -0.334     -0.484    25.2619 0.0000e+00
     -0.397     -0.178     5.7355     87.615     42.022  42.610595     2.9681      8.164   -80.8777 2.0227e+03    13.0642     -0.400     -0.579    25.3541 0.0000e+00
     -0.446     -0.163     6.0898     91.070     41.822  42.428345     3.0567      8.179   -68.2536 1.9561e+03    13.5510     -0.444     -0.644    25.4762 0.0000e+00
     -0.482     -0.144     6.4387     93.316     41.577  42.176414     3.0950      8.193   -58.7614 1.9021e+03    13.7783     -0.482     -0.699    25.5764 0.0000e+00
     -0.509     -0.124     6.8144     94.090     41.336  41.901193     3.1541      8.204   -54.6763 1.8571e+03    14.0478     -0.502     -0.728    25.6564 0.0000e+00
     -0.532     -0.105     7.1941     93.351     41.179  41.685932     3.2432      8.214   -53.1596 1.8001e+03    14.3945     -0.516     -0.749    25.7149 0.0000e+00
     -0.557     -0.088     7.4947     91.315     41.099  41.532581     3.3052      8.222   -52.0481 1.7367e+03    14.6175     -0.545     -0.791    25.7384 0.0000e+00
     -0.584     -0.073     7.6926     88.350     40.658  41.013345     3.3170      8.229   -50.9974 1.6947e+03    14.6642     -0.578     -0.839    25.7350 0.0000e+00
     -0.606     -0.058     7.7690     84.890     37.833  38.108922     3.3045      8.235   -49.8668 1.6847e+03    14.6414     -0.602     -0.874    25.7041 0.0000e+00
     -0.618     -0.043     7.7003     81.435     29.883  30.070333     3.2835      8.240   -48.3269 1.6951e+03    14.6076     -0.610     -0.886    25.6300 0.0000e+00
     -0.623     -0.028     7.5234     78.447     18.583  18.687265     3.2596      8.245   -46.3016 1.7172e+03    14.5746     -0.611     -0.887    25.5219 0.0000e+00
     -0.624     -0.015     7.2759     76.188      9.983  10.032982     3.2662      8.249   -44.1077 1.7475e+03    14.6496     -0.612     -0.887    25.4183 0.0000e+00
     -0.624     -0.007     6.9716     74.718      6.484   6.513522     3.4686      8.253   -42.1439 1.7731e+03    15.4326     -0.611     -0.886    25.3325 0.0000e+00
     -0.624     -0.002     6.6597     73.964      5.661   5.684163     4.1007      8.256   -40.7609 1.7881e+03    17.7575     -0.611     -0.887    25.2686 0.0000e+00
     -0.624     -0.000     6.4081     73.769      5.307   5.327794     4.9914      8.257   -39.5923 1.8061e+03    20.9654     -0.611     -0.886    25.2348 0.0000e+00
     -0.624 -3.782e-08     6.2231     73.951      4.884   4.902889     5.5616      8.256   -37.0539 1.8426e+03    22.9605     -0.612     -0.887    25.2195 0.0000e+00
     -0.624 -4.160e-07     6.1058     74.344      4.544   4.560310     5.3359      8.252   -32.0252 1.9047e+03    21.9453     -0.612     -0.888    25.2083 0.0000e+00
     -0.624 -4.708e-07     6.0576     74.815      4.400   4.415208     4.1106      8.247   -25.7343 1.9889e+03    16.9795     -0.612     -0.887    25.1971 0.0000e+00
     -0.624 -1.026e-07     6.0540     75.274      4.271   4.284946     2.3601      8.242   -20.6888 2.0790e+03     9.8807     -0.612     -0.888    25.1874 0.0000e+00
     -0.624 -1.476e-08     6.0784     75.687      3.998   4.009381     1.0924      8.237   -17.9253 2.1553e+03     4.7510     -0.612     -0.887    25.1790 0.0000e+00
     -0.624 -1.837e-09     6.1203     76.047      3.665   3.673843     0.5929      8.231   -16.5802 2.1111e+03     2.8976     -0.612     -0.887    25.1696 0.0000e+00
     -0.624 -2.119e-10     6.1664     76.365      3.452   3.459020     0.3650      8.219   -15.5830 1.7715e+03     2.5116     -0.611     -0.886    25.1594 0.0000e+00
     -0.624 -2.335e-11     6.2054     76.654      3.409   3.414332     0.1326      8.192   -13.8477 1.2435e+03     2.3409     -0.611     -0.887    25.1479 0.0000e+00
     -0.624 -2.494e-12     6.2418     76.919      3.389   3.394122    -0.0364      8.140   -10.5622 8.5355e+02     2.2224     -0.611     -0.887    25.1345 0.0000e+00
     -0.624 -2.605e-13     6.2726     77.160      3.235   3.238730    -0.1056      8.070    -6.1451 6.6615e+02     2.1854     -0.612     -0.887    25.1183 0.0000e+00
     -0.624 -2.675e-14     6.2992     77.370      2.979   2.981581    -0.1179      8.005    -1.1732 6.7239e+02     2.3748     -0.612     -0.888    25.0983 0.0000e+00
     -0.624 -2.711e-15     6.3264     77.545      2.765   2.766272    -0.0981      7.958     4.1092 1.0095e+03     2.9874     -0.612     -0.887    25.0794 0.0000e+00
     -0.624 -2.718e-16     6.3486     77.687      2.666   2.666661    -0.0585      7.928     8.8057 1.4776e+03     3.8516     -0.611     -0.886    25.0648 0.0000e+00
     -0.624 -2.696e-17     6.3712     77.797      2.676   2.676255    -0.0225      7.912    11.9730 1.6029e+03     4.4874     -0.612     -0.887    25.0520 0.0000e+00
     -0.624 -2.610e-18     6.3910     77.879      2.761   2.760487    -0.0075      7.904    14.0571 1.3311e+03     4.7717     -0.612     -0.887    25.0401 0.0000e+00
     -0.624 -2.373e-19     6.4049     77.951      2.876   2.874936    -0.0208      7.900    16.2883 9.8740e+02     4.9565     -0.612     -0.887    25.0286 0.0000e+00
     -0.623 -2.174e-20     6.4191     78.012      2.971   2.970488    -0.0512      7.898    18.6385 7.7273e+02     5.1550     -0.611     -0.886    25.0169 0.0000e+00
     -0.623 -3.921e-21     6.4299     78.038      3.008   3.007256    -0.0675      7.898    19.7016 7.1326e+02     5.2505     -0.611     -0.887    25.0056 0.0000e+00
     -0.623 -9.990e-29     6.4355 -9.990e-29 -9.990e-29 -9.990e-29 -9.990e-29 -9.990e-29 -9.990e-29 7.7796e+02 -9.990e-29     -0.611     -0.886    24.9949 0.0000e+00
     -0.623 -9.990e-29     6.4417 -9.990e-29 -9.990e-29 -9.990e-29 -9.990e-29 -9.990e-29 -9.990e-29 8.7339e+02 -9.990e-29     -0.611     -0.887    24.9855 0.0000e+00
     -0.623 -9.990e-29     6.4512 -9.990e-29 -9.990e-29 -9.990e-29 -9.990e-29 -9.990e-29 -9.990e-29 9.1754e+02 -9.990e-29     -0.612     -0.887    24.9751 0.0000e+00
     -0.623 -9.990e-29     6.4564 -9.990e-29 -9.990e-29 -9.990e-29 -9.990e-29 -9.990e-29 -9.990e-29 9.2227e+02 -9.990e-29     -0.611     -0.887    24.9688 0.0000e+00
