Data/DataNotYetUploadedToEDI/Raw_CTD/RawDownloads/070126_ccr30_S8188004.cnv
* Sea-Bird SBE19plus  Data File:
* FileName = C:\R\Reservoirs\Data\DataNotYetUploadedToEDI\Raw_CTD\RawDownloads\070126_ccr10_S8188_0004.hex
* Software version 2.8.0.119
* Temperature SN = 8188
* Conductivity SN = 8188
* System UpLoad Time = Jul 02 2026 16:07:23
* <ApplicationData>
* <Seaterm232>
# nquan = 16
# nvalues = 2057                        
# units = specified
# name 0 = depFM: Depth [fresh water, m]
# name 1 = dz/dtM: Descent Rate [m/s]
# name 2 = sbeox0Mg/L: Oxygen, SBE 43 [mg/l]
# name 3 = sbeox0PS: Oxygen, SBE 43 [% saturation]
# name 4 = specc: Specific Conductance [uS/cm]
# name 5 = c0uS/cm: Conductivity [uS/cm]
# name 6 = wetCDOM: Fluorescence, WET Labs CDOM [mg/m^3]
# name 7 = flECO-AFL: Fluorescence, WET Labs ECO-AFL/FL [mg/m^3]
# name 8 = flECO-AFL1: Fluorescence, WET Labs ECO-AFL/FL, 2 [mg/m^3]
# name 9 = flECO-AFL2: Fluorescence, WET Labs ECO-AFL/FL, 3 [mg/m^3]
# name 10 = par/sat/log: PAR/Logarithmic, Satlantic
# name 11 = turbWETntu0: Turbidity, WET Labs ECO [NTU]
# name 12 = prdM: Pressure, Strain Gauge [db]
# name 13 = prdE: Pressure, Strain Gauge [psi]
# name 14 = tv290C: Temperature [ITS-90, deg C]
# name 15 = flag:  0.000e+00
# span 0 =     -0.419,      9.067       
# span 1 =     -0.192,      0.207       
# span 2 =     3.8498,    11.3729       
# span 3 =     49.740,    114.008       
# span 4 =   -610.446,    164.799       
# span 5 =-470.613943, 164.392903       
# span 6 =    -4.5000,    40.1400       
# span 7 =    -1.7075,     5.8534       
# span 8 =    -2.1300,     1.1502       
# span 9 =    -6.3450,     5.2452       
# span 10 = 7.2945e+00, 2.3058e+03      
# span 11 =    -6.8204,    77.5037      
# span 12 =     -0.411,      8.892      
# span 13 =     -0.597,     12.897      
# span 14 =    13.4493,    28.9400      
# span 15 = 0.0000e+00, 0.0000e+00      
# interval = seconds: 0.25
# start_time = Jul 02 2026 11:54:36 [Instrument's time stamp, header]
# bad_flag = -9.990e-29
*END*
[from data line 1628]
      6.509     -0.037     9.0466     88.319    146.505 113.663114    16.6500     3.7934     0.0852     0.6345 5.1575e+01     1.6241      6.383      9.258    13.7527 0.0000e+00
      6.500     -0.039     9.0606     88.643    146.494 113.667307    16.6500     3.8010     0.0852     0.6345 5.1811e+01     1.5486      6.374      9.245    13.7607 0.0000e+00
      6.490     -0.042     9.0819     88.931    146.481 113.661436    16.6500     3.8506     0.0852     0.6345 5.1912e+01     1.2615      6.365      9.231    13.7705 0.0000e+00
      6.480     -0.046     9.1093     89.155    146.474 113.653933    16.6500     3.7934     0.0852     0.6345 5.1901e+01     1.3371      6.354      9.216    13.7805 0.0000e+00
      6.468     -0.050     9.1408     89.316    146.478 113.654796    16.6500     3.8163     0.0852     0.6345 5.2434e+01     1.3220      6.343      9.200    13.7882 0.0000e+00
      6.455     -0.054     9.1734     89.437    146.509 113.678251    16.5600     3.8010     0.1278     0.5922 5.3099e+01     1.2918      6.330      9.181    13.7926 0.0000e+00
      6.440     -0.058     9.2029     89.549    146.522 113.692558    16.5600     3.4959     0.1278     0.5922 5.3702e+01     1.3220      6.315      9.160    13.7939 0.0000e+00
      6.424     -0.061     9.2262     89.687    146.508 113.687534    16.5600     3.4997     0.1278     0.5922 5.4454e+01     1.2615      6.300      9.137    13.7934 0.0000e+00
      6.407     -0.064     9.2431     89.874    146.481 113.673839    16.5600     3.5302     0.1278     0.5922 5.5193e+01     1.3673      6.283      9.113    13.7925 0.0000e+00
      6.390     -0.065     9.2556     90.103    146.433 113.645822    16.5600     3.5302     0.1278     0.5499 5.5723e+01     1.3069      6.267      9.089    13.7926 0.0000e+00
      6.374     -0.066     9.2670     90.347    146.398 113.630006    16.5600     3.6332     0.1278     0.5499 5.6295e+01     1.3975      6.250      9.065    13.7938 0.0000e+00
      6.357     -0.066     9.2809     90.570    146.401 113.644174    16.5600     3.6370     0.1278     0.5499 5.7034e+01     1.2464      6.234      9.041    13.7958 0.0000e+00
      6.340     -0.065     9.2997     90.725    146.398 113.654107    16.5600     3.6256     0.1278     0.5499 5.7983e+01     1.2464      6.217      9.017    13.7984 0.0000e+00
      6.323     -0.064     9.3227     90.769    146.374 113.648457    16.6500     3.6637     0.0852     0.5922 5.8477e+01     1.2918      6.201      8.993    13.8015 0.0000e+00
      6.307     -0.062     9.3472     90.687    146.361 113.651715    16.6500     3.5912     0.0852     0.5922 5.9090e+01     1.5637      6.185      8.970    13.8052 0.0000e+00
      6.291     -0.060     9.3695     90.500    146.374 113.674747    16.6500     3.6179     0.0852     0.5922 5.9528e+01     1.5486      6.169      8.948    13.8093 0.0000e+00
      6.276     -0.058     9.3846     90.249    146.413 113.717699    16.6500     3.6523     0.0852     0.5922 5.9839e+01     1.5486      6.155      8.927    13.8137 0.0000e+00
      6.262     -0.056     9.3882     89.972    146.456 113.762027    16.6500     3.6103     0.1278     0.5922 6.0401e+01     1.5939      6.140      8.906    13.8181 0.0000e+00
      6.248     -0.054     9.3788     89.697    146.481 113.791557    16.6500     3.6828     0.1278     0.5922 6.1114e+01     1.4277      6.127      8.886    13.8225 0.0000e+00
      6.234     -0.051     9.3586     89.439    146.476 113.796164    16.6500     3.6866     0.1278     0.5922 6.1514e+01     1.3673      6.113      8.867    13.8269 0.0000e+00
      6.221     -0.048     9.3317     89.229    146.436 113.773079    16.6500     3.7019     0.1278     0.5922 6.1862e+01     1.2918      6.101      8.848    13.8311 0.0000e+00
      6.209     -0.045     9.3023     89.110    146.397 113.748142    16.6500     3.7095     0.1278     0.5922 6.2172e+01     1.3069      6.089      8.831    13.8349 0.0000e+00
      6.198     -0.042     9.2732     89.098    146.375 113.732702    16.6500     3.3356     0.0852     0.5499 6.2593e+01     1.3975      6.078      8.816    13.8383 0.0000e+00
      6.188     -0.039     9.2459     89.178    146.374 113.730641    16.6500     3.3356     0.0852     0.5499 6.2824e+01     1.2313      6.068      8.801    13.8414 0.0000e+00
      6.178     -0.036     9.2236     89.336    146.399 113.747408    16.6500     3.3509     0.0852     0.5499 6.3249e+01     1.3220      6.059      8.788    13.8440 0.0000e+00
      6.170     -0.033     9.2110     89.540    146.422 113.759477    16.6500     3.3318     0.0852     0.5499 6.3331e+01     1.3975      6.050      8.776    13.8458 0.0000e+00
      6.162     -0.030     9.2096     89.761    146.421 113.752068    16.6500     3.1373     0.1278     0.7191 6.3676e+01     1.2162      6.043      8.764    13.8465 0.0000e+00
      6.154     -0.028     9.2180     89.974    146.413 113.741204    16.6500     3.1487     0.1278     0.7191 6.3912e+01     1.4277      6.036      8.754    13.8461 0.0000e+00
      6.148     -0.025     9.2345     90.163    146.415 113.743983    16.6500     3.1296     0.1278     0.7191 6.3995e+01     1.4579      6.029      8.745    13.8450 0.0000e+00
      6.142     -0.024     9.2560     90.328    146.434 113.767148    16.6500     3.1411     0.1278     0.7191 6.4302e+01     1.3673      6.023      8.736    13.8432 0.0000e+00
      6.136     -0.023     9.2792     90.497    146.469 113.806875    16.5600     3.5531     0.0852     0.6345 6.4204e+01     1.2918      6.018      8.728    13.8408 0.0000e+00
      6.131     -0.024     9.3017     90.705    146.503 113.845765    16.5600     3.5760     0.0852     0.6345 6.4135e+01     1.3673      6.012      8.720    13.8391 0.0000e+00
      6.125     -0.025     9.3211     90.974    146.510 113.864191    16.5600     3.5493     0.0852     0.6345 6.4121e+01     1.3673      6.007      8.713    13.8396 0.0000e+00
      6.119     -0.026     9.3375     91.310    146.484 113.855069    16.5600     3.5607     0.0852     0.6345 6.4274e+01     1.3220      6.001      8.704    13.8425 0.0000e+00
      6.113     -0.028     9.3541     91.697    146.460 113.845963    16.5600     3.4806     0.0852     0.6345 6.4920e+01     1.3824      5.994      8.694    13.8467 0.0000e+00
      6.105     -0.029     9.3747     92.108    146.466 113.860442    16.6500     3.4653     0.1278     0.7191 6.5430e+01     1.1709      5.987      8.683    13.8512 0.0000e+00
      6.097     -0.029     9.4016     92.503    146.475 113.880370    16.6500     3.4539     0.1278     0.7191 6.5987e+01     1.3220      5.979      8.672    13.8554 0.0000e+00
      6.088     -0.029     9.4355     92.844    146.485 113.907062    16.6500     3.4539     0.1278     0.7191 6.6736e+01     1.3371      5.971      8.660    13.8593 0.0000e+00
      6.081     -0.027     9.4749     93.107    146.498 113.941636    16.6500     3.5531     0.1278     0.7191 6.7187e+01     1.3975      5.963      8.649    13.8625 0.0000e+00
      6.074     -0.024     9.5166     93.289    146.496 113.967317    16.5600     3.5340     0.1278     0.5499 6.7377e+01     1.3673      5.956      8.639    13.8658 0.0000e+00
      6.068     -0.020     9.5566     93.402    146.483 113.988953    16.5600     3.5645     0.1278     0.5499 6.7539e+01     1.4126      5.951      8.631    13.8703 0.0000e+00
      6.063     -0.017     9.5904     93.466    146.464 114.012315    16.5600     3.5950     0.1278     0.5499 6.7553e+01     1.2918      5.946      8.624    13.8768 0.0000e+00
      6.060     -0.013     9.6158     93.501    146.449 114.043634    16.5600     3.6408     0.1278     0.5499 6.7597e+01     1.7903      5.943      8.619    13.8850 0.0000e+00
      6.057     -0.011     9.6326     93.533    146.443 114.087265    16.6500     3.6141     0.1278     0.5499 6.7480e+01     1.8356      5.940      8.615    13.8943 0.0000e+00
      6.055     -0.008     9.6420     93.592    146.433 114.130845    16.6500     3.6446     0.1278     0.5499 6.7304e+01     1.8356      5.938      8.612    13.9053 0.0000e+00
      6.054     -0.007     9.6459     93.710    146.422 114.174000    16.6500     3.6217     0.1278     0.5499 6.7465e+01     1.6845      5.936      8.610    13.9181 0.0000e+00
      6.052     -0.006     9.6465     93.908    146.431 114.228240    16.6500     3.2174     0.1278     0.5499 6.7129e+01     1.5637      5.935      8.608    13.9329 0.0000e+00
      6.051     -0.005     9.6462     94.198    146.441 114.276034    16.5600     3.2174     0.1278     0.6345 6.7071e+01     1.6845      5.934      8.607    13.9493 0.0000e+00
      6.050     -0.006     9.6486     94.578    146.432 114.300131    16.5600     3.2021     0.1278     0.6345 6.6911e+01     1.6241      5.933      8.605    13.9669 0.0000e+00
      6.049     -0.008     9.6570     95.033    146.418 114.312958    16.5600     3.2212     0.1278     0.6345 6.6823e+01     1.4881      5.932      8.604    13.9846 0.0000e+00
      6.047     -0.011     9.6739     95.545    146.402 114.321934    16.5600     3.1220     0.1278     0.6345 6.6476e+01     1.2918      5.930      8.601    14.0009 0.0000e+00
      6.045     -0.016     9.7008     96.085    146.387 114.333455    16.5600     3.1525     0.1278     0.6345 6.6418e+01     1.2918      5.928      8.598    14.0145 0.0000e+00
      6.041     -0.022     9.7377     96.623    146.400 114.368590    16.5600     3.1373     0.0852     0.6768 6.6490e+01     1.3220      5.924      8.592    14.0249 0.0000e+00
      6.035     -0.028     9.7829     97.138    146.426 114.412712    16.5600     3.1563     0.0852     0.6768 6.6591e+01     1.3069      5.918      8.583    14.0331 0.0000e+00
      6.027     -0.035     9.8339     97.615    146.426 114.433592    16.5600     3.1449     0.0852     0.6768 6.6867e+01     1.0803      5.910      8.572    14.0405 0.0000e+00
      6.017     -0.042     9.8878     98.040    146.415 114.438800    16.5600     3.1182     0.0852     0.6768 6.7789e+01     1.0803      5.900      8.558    14.0484 0.0000e+00
      6.004     -0.047     9.9413     98.404    146.404 114.437724    16.5600     3.1525     0.1278     0.7191 6.8783e+01     1.1105      5.888      8.540    14.0568 0.0000e+00
      5.991     -0.051     9.9925     98.709    146.393 114.432077    16.5600     3.1640     0.1278     0.7191 6.9595e+01     1.0954      5.875      8.521    14.0651 0.0000e+00
      5.976     -0.053    10.0401     98.969    146.395 114.434352    16.5600     3.3738     0.1278     0.7191 7.0416e+01     1.3673      5.861      8.500    14.0721 0.0000e+00
      5.962     -0.054    10.0828     99.196    146.408 114.447155    16.5600     3.3814     0.1278     0.7191 7.1309e+01     1.2766      5.846      8.480    14.0769 0.0000e+00
      5.947     -0.054    10.1196     99.398    146.440 114.481899    16.5600     3.3967     0.1278     0.6768 7.1932e+01     1.4579      5.832      8.459    14.0794 0.0000e+00
      5.933     -0.053    10.1508     99.561    146.492 114.541849    16.5600     3.3852     0.1278     0.6768 7.2528e+01     1.2918      5.818      8.439    14.0804 0.0000e+00
      5.920     -0.051    10.1774     99.653    146.521 114.596995    16.5600     3.6217     0.1278     0.6768 7.3082e+01     1.0803      5.805      8.420    14.0807 0.0000e+00
      5.907     -0.049    10.2005     99.652    146.528 114.648046    16.5600     3.6370     0.1278     0.6768 7.3480e+01     1.0954      5.793      8.402    14.0817 0.0000e+00
      5.896     -0.048    10.2206     99.549    146.541 114.712616    16.5600     3.6446     0.0852     0.7614 7.3896e+01     1.1256      5.782      8.385    14.0849 0.0000e+00
      5.884     -0.047    10.2358     99.346    146.558 114.787930    16.5600     3.6370     0.0852     0.7614 7.4234e+01     1.0349      5.770      8.369    14.0916 0.0000e+00
      5.873     -0.047    10.2428     99.070    146.569 114.864073    16.5600     3.8354     0.0852     0.7614 7.4655e+01     1.0047      5.759      8.353    14.1027 0.0000e+00
      5.861     -0.047    10.2394     98.783    146.539 114.909359    16.5600     3.7972     0.0852     0.7614 7.4899e+01     1.1709      5.748      8.336    14.1180 0.0000e+00
      5.849     -0.048    10.2246     98.561    146.469 114.915866    16.5600     3.8239     0.0852     0.7614 7.5717e+01     1.1256      5.736      8.319    14.1366 0.0000e+00
      5.837     -0.049    10.1990     98.484    146.417 114.929330    16.5600     3.8392     0.1278     0.6768 7.6361e+01     1.1256      5.724      8.302    14.1578 0.0000e+00
      5.824     -0.049    10.1656     98.615    146.412 114.975342    16.5600     4.0070     0.1278     0.6768 7.7481e+01     1.0954      5.711      8.283    14.1809 0.0000e+00
      5.811     -0.049    10.1309     98.969    146.426 115.036174    16.5600     3.9994     0.1278     0.6768 7.8413e+01     1.1105      5.698      8.265    14.2042 0.0000e+00
      5.798     -0.047    10.1034     99.520    146.421 115.084053    16.5600     4.0108     0.1278     0.6768 7.9373e+01     1.0954      5.685      8.246    14.2253 0.0000e+00
      5.785     -0.043    10.0915    100.216    146.386 115.105750    16.5600     4.0108     0.0852     0.7614 8.0379e+01     1.0954      5.673      8.228    14.2438 0.0000e+00
      5.774     -0.039    10.1011    100.980    146.341 115.111053    16.5600     3.8239     0.0852     0.7614 8.1364e+01     1.1105      5.662      8.212    14.2609 0.0000e+00
      5.764     -0.034    10.1334    101.721    146.319 115.125376    16.5600     3.8087     0.0852     0.7614 8.1470e+01     1.0349      5.653      8.199    14.2780 0.0000e+00
      5.757     -0.029    10.1860    102.370    146.334 115.164538    16.5600     3.8621     0.0852     0.7614 8.1364e+01     1.0803      5.645      8.187    14.2954 0.0000e+00
      5.751     -0.024    10.2534    102.891    146.371 115.222985    16.6500     3.8277     0.0852     0.6768 8.1293e+01     0.9443      5.639      8.179    14.3123 0.0000e+00
      5.746     -0.020    10.3284    103.282    146.414 115.296303    16.6500     3.9498     0.0852     0.6768 8.1311e+01     1.0047      5.634      8.172    14.3264 0.0000e+00
      5.742     -0.017    10.4018    103.572    146.450 115.376045    16.6500     3.9574     0.0852     0.6768 8.1311e+01     1.1256      5.630      8.166    14.3373 0.0000e+00
      5.739     -0.015    10.4660    103.805    146.466 115.445480    16.6500     3.9574     0.0852     0.6768 8.0975e+01     1.0652      5.627      8.162    14.3464 0.0000e+00
      5.735     -0.014    10.5170    104.006    146.453 115.487129    16.6500     3.9460     0.0852     0.6768 8.0940e+01     1.1256      5.624      8.157    14.3564 0.0000e+00
      5.732     -0.015    10.5540    104.188    146.417 115.496102    16.5600     3.8850     0.1278     0.6345 8.1169e+01     1.0047      5.621      8.153    14.3698 0.0000e+00
      5.728     -0.017    10.5795    104.374    146.385 115.490792    16.5600     3.8926     0.1278     0.6345 8.1081e+01     1.0954      5.618      8.148    14.3874 0.0000e+00
      5.724     -0.019    10.5988    104.583    146.356 115.477783    16.5600     3.8850     0.1278     0.6345 8.1346e+01     1.0500      5.613      8.141    14.4069 0.0000e+00
      5.719     -0.023    10.6153    104.820    146.313 115.451606    16.5600     3.8659     0.1278     0.6345 8.1399e+01     1.0954      5.608      8.134    14.4246 0.0000e+00
      5.713     -0.027    10.6309    105.088    146.272 115.427278    16.6500     3.9574     0.1278     0.5922 8.1311e+01     1.1256      5.602      8.126    14.4373 0.0000e+00
      5.706     -0.033    10.6482    105.392    146.267 115.428313    16.6500     3.9384     0.1278     0.5922 8.1505e+01     0.9745      5.595      8.115    14.4442 0.0000e+00
      5.697     -0.038    10.6688    105.732    146.291 115.448986    16.6500     3.9384     0.1278     0.5922 8.1860e+01     1.0954      5.587      8.103    14.4475 0.0000e+00
