Data/DataNotYetUploadedToEDI/Raw_CTD/RawDownloads/070122_fcr50_S8188001.cnv
* Sea-Bird SBE19plus  Data File:
* FileName = C:\R\Reservoirs\Data\DataNotYetUploadedToEDI\Raw_CTD\RawDownloads\070122_fcr50_SBE19plus01908188_0001.hex
* Software version 2.8.0.119
* Temperature SN = 8188
* Conductivity SN = 8188
* System UpLoad Time = Jul 10 2022 17:45:26
* <ApplicationData>
* <Seaterm232>
# nquan = 16
# nvalues = 2299                        
# units = specified
# name 0 = depFM: Depth [fresh water, m]
# name 1 = dz/dtM: Descent Rate [m/s]
# name 2 = sbeox0Mg/L: Oxygen, SBE 43 [mg/l]
# name 3 = sbeox0PS: Oxygen, SBE 43 [% saturation]
# name 4 = specc: Specific Conductance [uS/cm]
# name 5 = c0uS/cm: Conductivity [uS/cm]
# name 6 = wetCDOM: Fluorescence, WET Labs CDOM [mg/m^3]
# name 7 = flECO-AFL: Fluorescence, WET Labs ECO-AFL/FL [mg/m^3]
# name 8 = flECO-AFL1: Fluorescence, WET Labs ECO-AFL/FL, 2 [mg/m^3]
# name 9 = flECO-AFL2: Fluorescence, WET Labs ECO-AFL/FL, 3 [mg/m^3]
# name 10 = par/sat/log: PAR/Logarithmic, Satlantic
# name 11 = turbWETntu0: Turbidity, WET Labs ECO [NTU]
# name 12 = prdM: Pressure, Strain Gauge [db]
# name 13 = prdE: Pressure, Strain Gauge [psi]
# name 14 = tv290C: Temperature [ITS-90, deg C]
# name 15 = flag:  0.000e+00
# span 0 =     -0.627,      9.676       
# span 1 =     -0.399,      0.266       
# span 2 =    -0.0514,    13.5868       
# span 3 =     -0.453,    166.975       
# span 4 =     -0.115,    464.095       
# span 5 =  -0.124742, 334.229861       
# span 6 =    -4.7669,    10.6249       
# span 7 =    -0.0829,    10.9342       
# span 8 =    -5.3142,     2.8970       
# span 9 =    -6.7744,    14.2767       
# span 10 = 1.1588e-01, 1.9784e+03      
# span 11 =    -0.0100,     9.8120      
# span 12 =     -0.615,      9.490      
# span 13 =     -0.892,     13.764      
# span 14 =    10.4082,    29.3548      
# span 15 = 0.0000e+00, 0.0000e+00      
# interval = seconds: 0.25
# start_time = Jul 01 2022 09:16:31 [Instrument's time stamp, header]
# bad_flag = -9.990e-29
*END*
[from data line 995]
      4.785      0.011     0.5167      4.649     49.317  35.069248     4.0500     1.8987     0.1276     0.1337 1.2281e+00     7.0086      4.692      6.805    10.5452 0.0000e+00
      4.786      0.013     0.5110      4.648     49.271  35.034452     4.0500     1.9014     0.1279     0.1172 1.2236e+00     7.0068      4.692      6.806    10.5470 0.0000e+00
      4.791      0.015     0.5106      4.626     49.306  35.052095     4.0500     1.9066     0.1278     0.0521 1.2106e+00     7.0032      4.696      6.812    10.5509 0.0000e+00
      4.799      0.017     0.5156      4.621     49.264  35.012490     4.0500     1.9098     0.1278     0.0351 1.1995e+00     7.0006      4.707      6.825    10.5520 0.0000e+00
      4.806      0.018     0.5189      4.636     49.203  34.960688     4.0500     1.9117     0.1277     0.0486 1.2036e+00     6.9971      4.716      6.839    10.5528 0.0000e+00
      4.808      0.017     0.5195      4.642     49.214  34.965908     4.0500     1.9137     0.1278     0.0353 1.2018e+00     6.9622      4.715      6.839    10.5525 0.0000e+00
      4.810      0.015     0.5140      4.649     49.359  35.075593     4.0500     1.9139     0.1278     0.0516 1.1838e+00     6.8977      4.715      6.839    10.5432 0.0000e+00
      4.815      0.011     0.5138      4.683     49.530  35.206583     4.0500     1.9137     0.1278     0.1181 1.1763e+00     6.8625      4.723      6.851    10.5336 0.0000e+00
      4.820      0.010     0.5182      4.738     49.507  35.199325     4.0500     1.9151     0.1278     0.1322 1.1832e+00     6.8621      4.729      6.859    10.5224 0.0000e+00
      4.821      0.011     0.5173      4.788     49.387  35.122887     4.0500     1.9247     0.1278     0.1239 1.1843e+00     6.8973      4.728      6.857    10.5173 0.0000e+00
      4.822      0.013     0.5170      4.826     49.337  35.092612     4.0500     1.9412     0.1278     0.1284 1.1722e+00     6.9623      4.728      6.857    10.5290 0.0000e+00
      4.822      0.015     0.5203      4.842     49.351  35.103358     4.0500     1.9493     0.1278     0.1266 1.1609e+00     6.9975      4.729      6.859    10.5383 0.0000e+00
      4.825      0.016     0.5290      4.831     49.373  35.117787     4.0500     1.9481     0.1278     0.1261 1.1601e+00     6.9997      4.731      6.860    10.5456 0.0000e+00
      4.834      0.019     0.5335      4.814     49.396  35.132029     4.0500     1.9356     0.1278     0.1290 1.1614e+00     6.9886      4.740      6.875    10.5601 0.0000e+00
      4.843      0.022     0.5381      4.784     49.403  35.140519     4.0500     1.9124     0.1278     0.1231 1.1577e+00     6.9673      4.752      6.893    10.5626 0.0000e+00
      4.848      0.023     0.5415      4.739     49.318  35.085396     4.0500     1.8990     0.1279     0.0885 1.1507e+00     6.9557      4.755      6.896    10.5621 0.0000e+00
      4.850      0.022     0.5371      4.696     49.202  35.005701     4.0500     1.8970     0.1277     0.0822 1.1457e+00     6.9550      4.754      6.896    10.5632 0.0000e+00
      4.856      0.020     0.5374      4.668     49.172  34.987158     4.0499     1.8973     0.1280     0.0861 1.1396e+00     6.9573      4.761      6.905    10.5557 0.0000e+00
      4.864      0.018     0.5335      4.648     49.187  34.996240     4.0501     1.8985     0.1275     0.0837 1.1298e+00     6.9610      4.770      6.918    10.5625 0.0000e+00
      4.870      0.017     0.5277      4.648     49.177  34.980472     4.0498     1.8990     0.1282     0.0852 1.1228e+00     6.9629      4.776      6.928    10.5709 0.0000e+00
      4.873      0.018     0.5220      4.680     49.132  34.931538     4.0503     1.8991     0.1271     0.0841 1.1262e+00     6.9645      4.779      6.932    10.5699 0.0000e+00
      4.875      0.021     0.5193      4.704     49.083  34.877198     4.0495     1.9028     0.1289     0.0850 1.1345e+00     6.9841      4.781      6.934    10.5751 0.0000e+00
      4.877      0.023     0.5180      4.717     49.089  34.863576     4.0507     1.9097     0.1259     0.0841 1.1304e+00     7.0205      4.782      6.936    10.5749 0.0000e+00
      4.882      0.024     0.5140      4.726     49.163  34.901856     4.0488     1.9118     0.1308     0.0852 1.1171e+00     7.0397      4.785      6.940    10.5663 0.0000e+00
      4.893      0.024     0.5239      4.735     49.217  34.934902     4.0520     1.9101     0.1681     0.0837 1.1009e+00     7.0390      4.798      6.959    10.5460 0.0000e+00
      4.905      0.023     0.5241      4.761     49.189  34.925540     4.0468     1.9002     0.1701     0.0861 1.0927e+00     7.0158      4.814      6.983    10.5251 0.0000e+00
      4.911      0.020     0.5263      4.796     49.152  34.923718     4.0552     1.8808     0.1735     0.0823 1.0981e+00     6.9728      4.817      6.988    10.5071 0.0000e+00
      4.912      0.017     0.5282      4.837     49.110  34.912896     4.0415     1.8694     0.1637     0.0883 1.0991e+00     6.9496      4.815      6.985    10.4897 0.0000e+00
      4.913      0.015     0.5262      4.873     49.036  34.862232     3.9684     1.8691     0.0919     0.1235 1.0906e+00     6.9483      4.819      6.990    10.4824 0.0000e+00
      4.914      0.015     0.5322      4.894     49.025  34.851284     3.9551     1.8697     0.0821     0.1283 1.0828e+00     6.9540      4.819      6.990    10.4907 0.0000e+00
      4.917      0.016     0.5333      4.911     49.107  34.915563     3.9625     1.8684     0.0856     0.1271 1.0796e+00     6.9638      4.820      6.991    10.5257 0.0000e+00
      4.925      0.018     0.5397      4.931     49.162  34.964240     3.9592     1.8679     0.0876     0.1249 1.0706e+00     6.9690      4.830      7.005    10.5541 0.0000e+00
      4.934      0.018     0.5434      4.933     49.152  34.967221     3.9593     1.8694     0.1247     0.0861 1.0650e+00     6.9717      4.842      7.023    10.5459 0.0000e+00
      4.938      0.018     0.5462      4.914     49.117  34.951619     3.9625     1.8777     0.1296     0.0856 1.0716e+00     6.9947      4.843      7.025    10.5357 0.0000e+00
      4.939      0.018     0.5461      4.903     49.061  34.910641     3.9551     1.8942     0.1266     0.0807 1.0665e+00     7.0363      4.842      7.024    10.5473 0.0000e+00
      4.943      0.017     0.5503      4.904     49.035  34.876873     3.9684     1.9043     0.1285     0.0923 1.0505e+00     7.0592      4.848      7.031    10.5589 0.0000e+00
      4.947      0.017     0.5509      4.918     49.062  34.880898     4.0414     1.9052     0.1273     0.1610 1.0428e+00     7.0625      4.851      7.036    10.5682 0.0000e+00
      4.952      0.017     0.5456      4.919     49.085  34.891773     4.0553     1.8999     0.1281     0.1747 1.0436e+00     7.0803      4.855      7.042    10.5798 0.0000e+00
      4.958      0.016     0.5463      4.909     49.062  34.873333     4.0468     1.8898     0.1277     0.1650 1.0390e+00     7.1134      4.862      7.053    10.5849 0.0000e+00
      4.964      0.015     0.5444      4.895     49.045  34.860487     4.0519     1.8841     0.1279     0.1731 1.0244e+00     7.1312      4.869      7.063    10.5607 0.0000e+00
      4.967      0.015     0.5498      4.893     49.061  34.871496     4.0488     1.8831     0.1278     0.1646 1.0149e+00     7.1283      4.871      7.066    10.5378 0.0000e+00
      4.968      0.015     0.5481      4.904     49.072  34.871401     4.0508     1.8792     0.1279     0.1307 1.0130e+00     7.0775      4.871      7.065    10.5414 0.0000e+00
      4.969      0.016     0.5475      4.889     49.069  34.859333     4.0496     1.8731     0.1278     0.1256 1.0127e+00     6.9843      4.873      7.068    10.5358 0.0000e+00
      4.973      0.017     0.5456      4.877     49.071  34.860604     4.0503     1.8697     0.1278     0.1262 1.0048e+00     6.9333      4.876      7.071    10.5359 0.0000e+00
      4.980      0.018     0.5428      4.888     49.094  34.886774     4.0499     1.8688     0.1278     0.1299 9.8297e-01     6.9277      4.882      7.081    10.5408 0.0000e+00
      4.988      0.018     0.5503      4.911     49.109  34.905689     4.0501     1.8682     0.1278     0.1658 9.7063e-01     6.9199      4.894      7.098    10.5304 0.0000e+00
      4.994      0.017     0.5440      4.953     49.077  34.886754     4.0500     1.8682     0.1278     0.1714 9.7945e-01     6.9066      4.900      7.107    10.5126 0.0000e+00
      4.997      0.016     0.5422      5.002     49.038  34.860394     4.0501     1.8684     0.1278     0.1677 9.8114e-01     6.8993      4.900      7.107    10.5138 0.0000e+00
      4.998      0.018     0.5455      5.045     49.041  34.857044     4.0500     1.8693     0.1278     0.1703 9.6668e-01     6.9001      4.900      7.107    10.5295 0.0000e+00
      4.999      0.021     0.5456      5.072     49.049  34.846235     4.0500     1.8794     0.1278     0.1683 9.5993e-01     6.9171      4.902      7.111    10.5377 0.0000e+00
      5.003      0.025     0.5522      5.085     49.002  34.797209     4.0500     1.8974     0.1278     0.1702 9.6101e-01     6.9481      4.905      7.114    10.5400 0.0000e+00
      5.012      0.027     0.5573      5.075     48.920  34.736891     4.0500     1.9057     0.1278     0.1678 9.4310e-01     6.9650      4.911      7.123    10.5437 0.0000e+00
      5.027      0.027     0.5631      5.030     48.895  34.724594     4.0500     1.9046     0.1278     0.1712 9.1543e-01     6.9665      4.931      7.153    10.5427 0.0000e+00
      5.038      0.024     0.5658      4.984     48.974  34.783565     4.0500     1.9036     0.1277     0.1661 9.0538e-01     6.9672      4.947      7.175    10.5189 0.0000e+00
      5.041      0.019     0.5678      4.949     49.055  34.842250     4.0500     1.8981     0.1279     0.1293 9.0770e-01     6.9683      4.943      7.169    10.4959 0.0000e+00
      5.042      0.013     0.5688      4.915     49.032  34.826481     4.0500     1.8861     0.1276     0.1271 9.1218e-01     6.9689      4.944      7.171    10.4976 0.0000e+00
      5.043      0.008     0.5600      4.903     48.988  34.795463     4.0500     1.8775     0.1281     0.1239 9.1241e-01     6.9690      4.948      7.176    10.5097 0.0000e+00
      5.043      0.006     0.5553      4.933     49.001  34.804806     4.0500     1.8760     0.1273     0.1334 9.0633e-01     6.9696      4.946      7.173    10.5097 0.0000e+00
      5.044      0.008     0.5520      4.965     49.001  34.804411     4.0500     1.8789     0.1286     0.2051 9.0146e-01     6.9717      4.947      7.175    10.5108 0.0000e+00
      5.047      0.010     0.5478      4.972     48.977  34.790682     4.0500     1.8823     0.1265     0.2142 9.0208e-01     6.9750      4.949      7.178    10.5134 0.0000e+00
      5.050      0.013     0.5437      4.974     48.942  34.773846     4.0500     1.8828     0.1300     0.2119 9.0730e-01     6.9765      4.952      7.181    10.5104 0.0000e+00
      5.054      0.016     0.5503      4.974     48.879  34.735899     4.0500     1.8822     0.1243     0.2079 9.0995e-01     6.9754      4.955      7.188    10.5142 0.0000e+00
      5.059      0.018     0.5562      4.984     48.873  34.736985     4.0500     1.8823     0.0883     0.1741 9.0418e-01     6.9620      4.961      7.195    10.5108 0.0000e+00
      5.064      0.018     0.5530      4.994     48.935  34.786983     4.0500     1.8836     0.0842     0.1642 8.9453e-01     6.9376      4.965      7.201    10.5101 0.0000e+00
      5.069      0.017     0.5560      4.984     48.950  34.800282     4.0500     1.8842     0.0842     0.1756 8.8660e-01     6.9248      4.970      7.210    10.5253 0.0000e+00
      5.075      0.015     0.5530      4.980     48.900  34.762750     4.0500     1.8833     0.0884     0.1600 8.8223e-01     6.9232      4.979      7.221    10.5311 0.0000e+00
      5.079      0.012     0.5553      4.992     48.872  34.738286     4.0500     1.8832     0.1242     0.0937 8.7781e-01     6.9140      4.981      7.226    10.5328 0.0000e+00
      5.080      0.011     0.5585      5.009     48.935  34.774560     4.0500     1.8847     0.1299     0.0784 8.7527e-01     6.8966      4.981      7.225    10.5435 0.0000e+00
      5.081      0.011     0.5544      5.035     48.976  34.796217     4.0500     1.8856     0.1264     0.0894 8.5957e-01     6.8870      4.982      7.226    10.5467 0.0000e+00
      5.082      0.015     0.5543      5.057     48.881  34.730059     4.0500     1.8851     0.1286     0.0801 8.3500e-01     6.8873      4.983      7.228    10.5422 0.0000e+00
      5.084      0.022     0.5567      5.066     48.763  34.649832     4.0500     1.8892     0.1273     0.0898 8.3192e-01     6.8990      4.986      7.231    10.5391 0.0000e+00
      5.088      0.028     0.5576      5.076     48.750  34.636419     4.0500     1.8987     0.1281     0.1222 8.3195e-01     6.9200      4.988      7.234    10.5302 0.0000e+00
      5.098      0.032     0.5615      5.091     48.846  34.702916     4.0500     1.9041     0.1276     0.1296 8.1424e-01     6.9312      4.997      7.246    10.5164 0.0000e+00
      5.113      0.034     0.5651      5.101     48.939  34.778660     4.0500     1.9046     0.1278     0.1255 7.8111e-01     6.9334      5.016      7.274    10.5214 0.0000e+00
      5.127      0.037     0.5641      5.096     48.882  34.742024     4.0500     1.8992     0.1279     0.1274 7.6215e-01     6.9403      5.033      7.299    10.5320 0.0000e+00
      5.132      0.038     0.5662      5.103     48.799  34.665062     4.0500     1.8886     0.1277     0.1271 7.6555e-01     6.9513      5.034      7.301    10.5227 0.0000e+00
      5.135      0.038     0.5672      5.142     48.825  34.658318     4.0500     1.8839     0.1280     0.1258 7.5256e-01     6.9572      5.033      7.300    10.5111 0.0000e+00
      5.145      0.035     0.5702      5.203     48.849  34.660452     4.0500     1.8844     0.1274     0.1292 7.2623e-01     6.9605      5.043      7.314    10.5319 0.0000e+00
      5.160      0.032     0.5672      5.270     48.897  34.690849     4.0500     1.8839     0.1284     0.1229 7.0668e-01     6.9897      5.060      7.339    10.5479 0.0000e+00
      5.173      0.029     0.5670      5.309     48.982  34.755764     4.0500     1.8833     0.1268     0.0886 6.9146e-01     7.0426      5.077      7.362    10.5167 0.0000e+00
      5.180      0.026     0.5737      5.312     48.987  34.770170     4.0500     1.8838     0.1295     0.0821 6.8436e-01     7.0709      5.082      7.370    10.4847 0.0000e+00
      5.181      0.025     0.5794      5.304     48.921  34.730004     4.0500     1.8837     0.1251     0.0862 6.8938e-01     7.0704      5.080      7.368    10.4703 0.0000e+00
      5.183      0.025     0.5902      5.313     48.852  34.675238     4.0500     1.8792     0.1322     0.0836 6.9585e-01     7.0416      5.083      7.372    10.4677 0.0000e+00
      5.186      0.027     0.5941      5.320     48.837  34.648135     4.0500     1.8708     0.1658     0.0853 6.9232e-01     6.9890      5.086      7.376    10.4740 0.0000e+00
      5.192      0.030     0.5935      5.313     48.891  34.672355     4.0500     1.8661     0.1738     0.0840 6.7784e-01     6.9604      5.087      7.377    10.4860 0.0000e+00
      5.207      0.032     0.5901      5.321     48.937  34.697991     4.0500     1.8673     0.1675     0.0852 6.5693e-01     6.9567      5.105      7.404    10.5008 0.0000e+00
      5.224      0.032     0.5929      5.347     48.925  34.688016     4.0500     1.8657     0.1735     0.0838 6.4420e-01     6.9462      5.129      7.440    10.4925 0.0000e+00
      5.230      0.030     0.5956      5.374     48.919  34.686788     4.0500     1.8589     0.1662     0.0857 6.4579e-01     6.9276      5.130      7.440    10.4680 0.0000e+00
      5.231      0.027     0.5918      5.397     48.907  34.683147     4.0500     1.8551     0.1315     0.0829 6.4697e-01     6.9175      5.127      7.435    10.4532 0.0000e+00
