Data/DataNotYetUploadedToEDI/Raw_CTD/RawDownloads/070122_fcr50_S7809003.cnv
* Sea-Bird SBE19plus  Data File:
* FileName = C:\R\Reservoirs\Data\DataNotYetUploadedToEDI\Raw_CTD\RawDownloads\070522_bvr40_SBE19plus01907809_0003.hex
* Software version 2.8.0.119
* Temperature SN = 7809
* Conductivity SN = 7809
* System UpLoad Time = Jul 05 2022 16:51:38
* <ApplicationData>
* <Seaterm232>
# nquan = 15
# nvalues = 2252                        
# units = specified
# name 0 = depFM: Depth [fresh water, m]
# name 1 = dz/dtM: Descent Rate [m/s]
# name 2 = sbeox0Mg/L: Oxygen, SBE 43 [mg/l]
# name 3 = sbeox0PS: Oxygen, SBE 43 [% saturation]
# name 4 = specc: Specific Conductance [uS/cm]
# name 5 = c0uS/cm: Conductivity [uS/cm]
# name 6 = flECO-AFL: Fluorescence, WET Labs ECO-AFL/FL [mg/m^3]
# name 7 = ph: pH
# name 8 = orp: Oxidation Reduction Potential [mV]
# name 9 = par/sat/log: PAR/Logarithmic, Satlantic
# name 10 = turbWETntu0: Turbidity, WET Labs ECO [NTU]
# name 11 = prdM: Pressure, Strain Gauge [db]
# name 12 = prdE: Pressure, Strain Gauge [psi]
# name 13 = tv290C: Temperature [ITS-90, deg C]
# name 14 = flag:  0.000e+00
# span 0 =     -0.617,      9.709       
# span 1 =     -0.353,      0.284       
# span 2 =    -0.0254,    10.2204       
# span 3 =     -0.252,    126.417       
# span 4 =      0.453,    469.508       
# span 5 =   0.488840, 338.583111       
# span 6 =    -1.0054,   227.4535       
# span 7 =      6.533,     10.122       
# span 8 = -1240.7455,   165.6981       
# span 9 = 1.2349e-01, 1.9942e+03       
# span 10 =    -4.4408,   172.0823      
# span 11 =     -0.605,      9.521      
# span 12 =     -0.878,     13.809      
# span 13 =    10.4138,    28.9869      
# span 14 = 0.0000e+00, 0.0000e+00      
# interval = seconds: 0.25
# start_time = Jul 01 2022 07:04:53 [Instrument's time stamp, header]
# bad_flag = -9.990e-29
*END*
[from data line 482]
      2.155      0.017     0.0798      0.768     49.318  42.091001    10.2241      8.225   127.0856 7.6459e+00     2.7632      2.114      3.066    17.7154 0.0000e+00
      2.158      0.018     0.0763      0.771     49.957  42.625201     9.8634      8.220   127.8404 7.6177e+00     2.7542      2.116      3.071    17.7005 0.0000e+00
      2.163      0.020     0.0742      0.769     50.617  43.177262     9.7929      8.214   128.3279 7.5724e+00     2.7780      2.121      3.077    17.6923 0.0000e+00
      2.169      0.022     0.0736      0.754     51.012  43.500864     9.2799      8.207   128.5060 7.5327e+00     2.7773      2.127      3.085    17.6787 0.0000e+00
      2.175      0.024     0.0725      0.736     51.018  43.492940     8.3380      8.200   128.2730 7.4909e+00     2.7451      2.133      3.094    17.6683 0.0000e+00
      2.183      0.026     0.0740      0.735     50.919  43.398620     7.8180      8.193   127.5747 7.4262e+00     2.7301      2.140      3.104    17.6585 0.0000e+00
      2.190      0.026     0.0738      0.734     50.969  43.438851     7.7454      8.186   127.3762 7.3492e+00     2.7670      2.147      3.115    17.6462 0.0000e+00
      2.197      0.025     0.0727      0.722     51.154  43.598753     7.5347      8.179   127.9387 7.2951e+00     2.8158      2.154      3.125    17.6349 0.0000e+00
      2.203      0.024     0.0687      0.709     51.325  43.746068     7.1437      8.171   128.5257 7.2581e+00     2.7728      2.160      3.133    17.6202 0.0000e+00
      2.209      0.024     0.0704      0.688     51.425  43.824426     6.9129      8.163   128.0199 7.2240e+00     2.7268      2.166      3.142    17.6069 0.0000e+00
      2.214      0.024     0.0711      0.663     51.623  43.975230     6.8832      8.156   126.9855 7.1997e+00     2.7713      2.172      3.150    17.6057 0.0000e+00
      2.219      0.025     0.0679      0.657     51.966  44.237201     6.8432      8.147   127.0311 7.1567e+00     2.7984      2.175      3.155    17.6127 0.0000e+00
      2.226      0.025     0.0687      0.670     52.259  44.454341     6.3700      8.136   127.3670 7.0853e+00     2.7817      2.182      3.165    17.6144 0.0000e+00
      2.234      0.024     0.0655      0.668     52.430  44.570568     5.4902      8.125   127.6052 7.0095e+00     2.7740      2.191      3.177    17.6099 0.0000e+00
      2.242      0.022     0.0628      0.660     52.526  44.627428     5.0109      8.114   127.5884 6.9387e+00     2.7735      2.198      3.188    17.5931 0.0000e+00
      2.248      0.019     0.0612      0.663     52.560  44.634283     4.9618      8.104   126.6474 6.8999e+00     2.7757      2.206      3.199    17.5597 0.0000e+00
      2.253      0.015     0.0654      0.663     52.527  44.589982     4.8049      8.096   125.8643 6.8994e+00     2.7332      2.210      3.205    17.5266 0.0000e+00
      2.254      0.014     0.0644      0.669     52.474  44.535842     4.5293      8.090   126.0362 6.9024e+00     2.6344      2.211      3.206    17.5005 0.0000e+00
      2.255      0.014     0.0617      0.680     52.427  44.487184     4.3755      8.082   126.6597 6.8893e+00     2.5384      2.211      3.207    17.4758 0.0000e+00
      2.256      0.015     0.0648      0.679     52.468  44.509174     4.3264      8.071   126.6057 6.8556e+00     2.4939      2.212      3.208    17.4538 0.0000e+00
      2.259      0.017     0.0626      0.668     52.607  44.611381     3.9526      8.061   125.8143 6.7933e+00     2.5067      2.214      3.211    17.4383 0.0000e+00
      2.267      0.020     0.0639      0.656     52.815  44.771343     3.2602      8.055   125.3511 6.7158e+00     2.5217      2.223      3.223    17.4312 0.0000e+00
      2.276      0.022     0.0659      0.654     53.235  45.110994     2.8885      8.049   125.3921 6.6756e+00     2.5392      2.234      3.241    17.4249 0.0000e+00
      2.282      0.024     0.0653      0.661     53.767  45.545995     2.8460      8.043   125.5359 6.6720e+00     2.5471      2.239      3.247    17.4128 0.0000e+00
      2.285      0.024     0.0641      0.662     54.141  45.843715     2.7128      8.036   125.8859 6.6426e+00     2.4810      2.239      3.249    17.3966 0.0000e+00
      2.290      0.023     0.0626      0.657     54.256  45.919194     2.4930      8.030   126.3540 6.5783e+00     2.3553      2.245      3.256    17.3800 0.0000e+00
      2.297      0.023     0.0622      0.658     54.249  45.887582     2.3861      8.024   126.2054 6.5167e+00     2.2904      2.254      3.269    17.3663 0.0000e+00
      2.304      0.023     0.0639      0.664     54.379  45.969019     2.3852      8.018   125.6378 6.4508e+00     2.3456      2.259      3.276    17.3519 0.0000e+00
      2.310      0.023     0.0642      0.674     54.618  46.142473     2.3494      8.011   125.4282 6.3805e+00     2.3050      2.265      3.285    17.3341 0.0000e+00
      2.317      0.023     0.0622      0.678     54.800  46.271762     2.2779      8.006   126.0793 6.3336e+00     2.1078      2.273      3.297    17.3135 0.0000e+00
      2.323      0.023     0.0636      0.669     54.815  46.263317     2.2447      8.001   127.0579 6.2932e+00     2.0099      2.278      3.304    17.2896 0.0000e+00
      2.327      0.025     0.0631      0.663     54.272  45.786561     2.2468      7.997   127.1084 6.2591e+00     2.0444      2.283      3.310    17.2624 0.0000e+00
      2.331      0.029     0.0650      0.656     53.079  44.757993     2.2542      7.993   126.5170 6.2314e+00     2.0805      2.285      3.314    17.2359 0.0000e+00
      2.337      0.032     0.0663      0.648     51.966  43.787268     2.2841      7.987   126.0161 6.1554e+00     2.1047      2.289      3.320    17.2133 0.0000e+00
      2.348      0.033     0.0637      0.650     51.521  43.375182     2.3336      7.981   126.3870 6.0278e+00     2.1653      2.301      3.338    17.1938 0.0000e+00
      2.362      0.032     0.0640      0.640     51.554  43.391382     2.3618      7.973   127.2158 5.9153e+00     2.2331      2.317      3.359    17.1790 0.0000e+00
      2.373      0.030     0.0636      0.615     51.613  43.475647     2.3668      7.965   126.6591 5.8592e+00     2.2761      2.329      3.377    17.1613 0.0000e+00
      2.379      0.027     0.0614      0.596     51.598  43.505961     2.4281      7.956   125.0756 5.8424e+00     2.3084      2.335      3.387    17.1301 0.0000e+00
      2.382      0.022     0.0634      0.603     51.585  43.504224     2.5447      7.949   124.0738 5.8154e+00     2.3174      2.336      3.388    17.0837 0.0000e+00
      2.384      0.019     0.0627      0.618     51.549  43.454652     2.6028      7.942   123.7525 5.7816e+00     2.3169      2.338      3.390    17.0549 0.0000e+00
      2.388      0.018     0.0589      0.610     51.546  43.414054     2.5980      7.935   122.7397 5.7626e+00     2.3358      2.343      3.398    17.1094 0.0000e+00
      2.393      0.018     0.0565      0.601     51.577  43.393920     2.5942      7.929   119.8298 5.7203e+00     2.3410      2.346      3.404    17.1738 0.0000e+00
      2.399      0.021     0.0569      0.615     51.557  43.338029     2.5994      7.923   114.3807 5.6614e+00     2.3112      2.353      3.414    17.1698 0.0000e+00
      2.405      0.027     0.0617      0.640     51.491  43.245721     2.6029      7.916   107.6181 5.6242e+00     2.3171      2.359      3.422    17.1523 0.0000e+00
      2.409      0.032     0.0584      0.658     51.454  43.165884     2.5869      7.908   102.2491 5.5969e+00     2.3442      2.362      3.426    17.1128 0.0000e+00
      2.415      0.035     0.0568      0.654     51.489  43.133897     2.4876      7.901    98.4211 5.5388e+00     2.3649      2.366      3.432    17.0572 0.0000e+00
      2.427      0.036     0.0593      0.650     51.532  43.112630     2.3342      7.893    94.9761 5.4173e+00     2.3971      2.376      3.447    17.0239 0.0000e+00
      2.443      0.037     0.0618      0.661     51.556  43.098976     2.2637      7.884    90.9671 5.3006e+00     2.3921      2.399      3.480    16.9952 0.0000e+00
      2.455      0.040     0.0649      0.656     51.637  43.159076     2.2597      7.876    84.9667 5.2573e+00     2.3731      2.412      3.498    16.9479 0.0000e+00
      2.460      0.043     0.0637      0.631     51.767  43.268360     2.1784      7.869    77.8348 5.2435e+00     2.3034      2.412      3.500    16.8816 0.0000e+00
      2.464      0.043     0.0614      0.624     51.857  43.341916     2.0132      7.861    71.5892 5.2117e+00     2.1646      2.414      3.502    16.8177 0.0000e+00
      2.474      0.043     0.0655      0.629     51.944  43.414085     1.9182      7.853    66.7537 5.1224e+00     2.1294      2.423      3.513    16.7816 0.0000e+00
      2.493      0.048     0.0651      0.633     52.216  43.633458     1.9046      7.845    63.1624 5.0137e+00     2.1518      2.446      3.548    16.7850 0.0000e+00
      2.508      0.053     0.0595      0.629     52.657  43.964341     1.8141      7.836    59.3133 4.9697e+00     2.0933      2.466      3.575    16.7921 0.0000e+00
      2.518      0.055     0.0605      0.620     52.995  44.179414     1.6402      7.827    54.6299 4.9210e+00     2.0366      2.467      3.577    16.7831 0.0000e+00
      2.531      0.052     0.0611      0.613     53.186  44.267234     1.5412      7.821    50.7599 4.8072e+00     2.0469      2.477      3.593    16.7856 0.0000e+00
      2.550      0.047     0.0618      0.609     53.332  44.328248     1.5416      7.814    47.8848 4.7070e+00     2.0809      2.503      3.632    16.7907 0.0000e+00
      2.564      0.043     0.0615      0.605     53.416  44.346104     1.5527      7.807    45.5069 4.6539e+00     2.1062      2.518      3.653    16.7556 0.0000e+00
      2.571      0.040     0.0601      0.613     53.479  44.356185     1.5261      7.801    43.1742 4.6054e+00     2.0456      2.519      3.654    16.6777 0.0000e+00
      2.579      0.038     0.0598      0.643     53.551  44.386649     1.4699      7.795    40.3303 4.5718e+00     1.8949      2.530      3.669    16.6063 0.0000e+00
      2.586      0.037     0.0593      0.663     53.584  44.397211     1.4313      7.790    37.7074 4.5690e+00     1.8219      2.537      3.680    16.5547 0.0000e+00
      2.591      0.037     0.0593      0.658     53.621  44.420432     1.4246      7.786    35.7231 4.5409e+00     1.8455      2.536      3.678    16.5013 0.0000e+00
      2.603      0.039     0.0581      0.644     53.710  44.477083     1.4303      7.781    34.0628 4.4717e+00     1.8383      2.551      3.700    16.4622 0.0000e+00
      2.618      0.039     0.0637      0.623     53.802  44.511195     1.4258      7.775    32.5177 4.4192e+00     1.8035      2.571      3.728    16.4362 0.0000e+00
      2.629      0.038     0.0665      0.617     53.872  44.515632     1.4208      7.770    30.9807 4.3891e+00     1.8003      2.578      3.739    16.4181 0.0000e+00
      2.639      0.034     0.0637      0.619     53.926  44.530653     1.4273      7.764    29.3308 4.3585e+00     1.8335      2.588      3.754    16.4191 0.0000e+00
      2.648      0.029     0.0643      0.598     53.883  44.502460     1.4378      7.759    27.4529 4.3381e+00     1.8645      2.601      3.772    16.4131 0.0000e+00
      2.653      0.025     0.0600      0.585     53.767  44.428530     1.4393      7.753    25.5692 4.3224e+00     1.8330      2.602      3.774    16.3678 0.0000e+00
      2.655      0.023     0.0594      0.605     53.727  44.398069     1.4297      7.748    24.5374 4.3135e+00     1.7934      2.603      3.775    16.3005 0.0000e+00
      2.659      0.023     0.0631      0.628     53.735  44.387914     1.4124      7.744    24.1843 4.3055e+00     1.7955      2.607      3.781    16.2697 0.0000e+00
      2.666      0.025     0.0580      0.629     53.715  44.369159     1.3555      7.740    23.2792 4.2776e+00     1.7568      2.612      3.789    16.2850 0.0000e+00
      2.674      0.030     0.0555      0.617     53.692  44.361623     1.2663      7.735    21.6816 4.2512e+00     1.6665      2.624      3.805    16.3199 0.0000e+00
      2.682      0.034     0.0596      0.617     53.717  44.360251     1.2073      7.730    19.9245 4.2313e+00     1.5915      2.630      3.815    16.3283 0.0000e+00
      2.690      0.036     0.0626      0.621     53.791  44.352543     1.1913      7.726    19.0704 4.1937e+00     1.5680      2.636      3.823    16.2883 0.0000e+00
      2.701      0.036     0.0625      0.624     53.866  44.331787     1.1984      7.723    19.0118 4.1484e+00     1.5872      2.650      3.843    16.2848 0.0000e+00
      2.712      0.035     0.0593      0.624     53.901  44.299505     1.2091      7.719    18.1826 4.1121e+00     1.6189      2.661      3.859    16.3250 0.0000e+00
      2.721      0.034     0.0607      0.609     53.895  44.279341     1.2129      7.715    16.7886 4.0785e+00     1.6435      2.669      3.870    16.3064 0.0000e+00
      2.730      0.033     0.0612      0.591     53.878  44.278290     1.2028      7.710    15.8376 4.0592e+00     1.6120      2.678      3.884    16.2242 0.0000e+00
      2.738      0.030     0.0608      0.592     53.896  44.286818     1.1866      7.706    15.2875 4.0479e+00     1.5450      2.687      3.897    16.1415 0.0000e+00
      2.744      0.028     0.0626      0.598     53.972  44.319001     1.1835      7.701    14.9561 4.0170e+00     1.5170      2.690      3.901    16.0700 0.0000e+00
      2.750      0.027     0.0604      0.599     54.042  44.350171     1.1907      7.697    14.5839 3.9858e+00     1.5468      2.696      3.910    16.0595 0.0000e+00
      2.758      0.026     0.0567      0.599     54.054  44.346470     1.1988      7.693    13.7985 3.9689e+00     1.5978      2.705      3.923    16.1019 0.0000e+00
      2.765      0.024     0.0584      0.597     54.064  44.337673     1.1982      7.689    12.8595 3.9553e+00     1.5872      2.713      3.934    16.0909 0.0000e+00
      2.772      0.024     0.0595      0.595     54.162  44.370677     1.2167      7.686    11.8349 3.9338e+00     1.5887      2.719      3.943    16.0495 0.0000e+00
      2.778      0.024     0.0589      0.594     54.322  44.428262     1.2632      7.684    10.7018 3.9051e+00     1.7189      2.725      3.952    16.0230 0.0000e+00
      2.782      0.024     0.0595      0.588     54.460  44.462883     1.2953      7.680     9.9142 3.8913e+00     1.8635      2.729      3.958    16.0160 0.0000e+00
      2.787      0.023     0.0588      0.572     54.559  44.471975     1.3143      7.675     9.3668 3.8823e+00     1.9018      2.731      3.961    16.0154 0.0000e+00
      2.793      0.023     0.0588      0.557     54.635  44.474667     1.3510      7.671     8.2138 3.8580e+00     1.8067      2.737      3.970    15.9682 0.0000e+00
      2.803      0.024     0.0588      0.556     54.714  44.495364     1.3976      7.668     6.5557 3.8390e+00     1.6708      2.750      3.987    15.8884 0.0000e+00
      2.809      0.025     0.0590      0.564     54.797  44.531841     1.4198      7.664     5.4944 3.8329e+00     1.5903      2.757      3.998    15.8157 0.0000e+00
      2.812      0.025     0.0568      0.574     54.832  44.535035     1.4278      7.660     5.1909 3.8223e+00     1.5502      2.757      3.999    15.7483 0.0000e+00
      2.817      0.026     0.0544      0.585     54.854  44.533953     1.4689      7.655     5.1220 3.8030e+00     1.5622      2.761      4.005    15.6913 0.0000e+00
      2.825      0.028     0.0553      0.597     54.931  44.582182     1.5335      7.651     4.0591 3.7812e+00     1.5986      2.772      4.020    15.6536 0.0000e+00
      2.833      0.030     0.0559      0.591     54.976  44.610624     1.5601      7.646     2.1489 3.7678e+00     1.6136      2.779      4.030    15.6281 0.0000e+00
      2.840      0.031     0.0574      0.581     54.983  44.624079     1.5501      7.641     1.0407 3.7454e+00     1.5735      2.782      4.036    15.6053 0.0000e+00
      2.850      0.030     0.0577      0.586     55.024  44.681434     1.5370      7.637     0.7260 3.6951e+00     1.5241      2.794      4.052    15.5864 0.0000e+00
