Data/DataNotYetUploadedToEDI/Raw_CTD/RawDownloads/070124_fcr30_S7809004.cnv
* Sea-Bird SBE19plus  Data File:
* FileName = C:\R\Reservoirs\Data\DataNotYetUploadedToEDI\Raw_CTD\RawDownloads\070124_fcr50_S7809_0004.hex
* Software version 2.8.0.119
* Temperature SN = 7809
* Conductivity SN = 7809
* System UpLoad Time = Jul 01 2024 15:48:01
* <ApplicationData>
* <Seaterm232>
# nquan = 15
# nvalues = 1425                        
# units = specified
# name 0 = depFM: Depth [fresh water, m]
# name 1 = dz/dtM: Descent Rate [m/s]
# name 2 = sbeox0Mg/L: Oxygen, SBE 43 [mg/l]
# name 3 = sbeox0PS: Oxygen, SBE 43 [% saturation]
# name 4 = specc: Specific Conductance [uS/cm]
# name 5 = c0uS/cm: Conductivity [uS/cm]
# name 6 = flECO-AFL: Fluorescence, WET Labs ECO-AFL/FL [mg/m^3]
# name 7 = ph: pH
# name 8 = orp: Oxidation Reduction Potential [mV]
# name 9 = par/sat/log: PAR/Logarithmic, Satlantic
# name 10 = turbWETntu0: Turbidity, WET Labs ECO [NTU]
# name 11 = prdM: Pressure, Strain Gauge [db]
# name 12 = prdE: Pressure, Strain Gauge [psi]
# name 13 = tv290C: Temperature [ITS-90, deg C]
# name 14 = flag:  0.000e+00
# span 0 =     -0.630,      5.410       
# span 1 =     -0.276,      0.170       
# span 2 =     0.1426,    11.7650       
# span 3 =      1.475,    146.599       
# span 4 =      0.896,     68.769       
# span 5 =   0.843365,  55.748056       
# span 6 =    -1.9891,     4.1844       
# span 7 =      9.034,     10.823       
# span 8 =   -88.7178,   534.7973       
# span 9 = 1.2365e-01, 2.6745e+03       
# span 10 =    -5.0503,   176.3775      
# span 11 =     -0.620,      5.306      
# span 12 =     -0.901,      7.695      
# span 13 =    11.6539,    27.1809      
# span 14 = 0.0000e+00, 0.0000e+00      
# interval = seconds: 0.25
# start_time = Jul 01 2024 12:42:57 [Instrument's time stamp, header]
# bad_flag = -9.990e-29
*END*
[from data line 1350]
      1.925     -0.120     0.2876      2.481     49.420  42.385301     1.0202      9.565   -12.8947 6.1072e+00     4.4289      1.887      2.735    17.7752 0.0000e+00
      1.890     -0.121     0.2586      2.551     48.587  41.905498     0.9678      9.562   -12.0722 6.2987e+00     4.2939      1.851      2.686    17.6031 0.0000e+00
      1.860     -0.120     0.2382      2.653     47.816  41.547659     0.8829      9.557   -11.0796 6.4757e+00     4.0321      1.820      2.640    17.5803 0.0000e+00
      1.832     -0.119     0.2285      2.767     47.234  41.366463     0.8190      9.553    -9.7473 6.6717e+00     3.8167      1.795      2.604    17.6932 0.0000e+00
      1.806     -0.118     0.2318      2.902     46.867  41.310945     0.7920      9.551    -8.2557 6.9401e+00     3.7188      1.773      2.571    17.8168 0.0000e+00
      1.776     -0.121     0.2386      3.077     46.638  41.276792     0.7641      9.549    -6.9028 7.2887e+00     3.6343      1.745      2.530    18.0444 0.0000e+00
      1.744     -0.128     0.2500      3.300     46.440  41.198376     0.7174      9.549    -5.7473 7.6864e+00     3.5074      1.707      2.477    18.4294 0.0000e+00
      1.712     -0.138     0.2565      3.573     46.198  41.089411     0.6739      9.548    -4.6478 8.1638e+00     3.3879      1.679      2.436    18.8437 0.0000e+00
      1.679     -0.146     0.2641      3.911     45.870  40.992526     0.6547      9.545    -3.5007 8.8275e+00     3.3369      1.653      2.398    19.1662 0.0000e+00
      1.639     -0.151     0.2815      4.404     45.490  40.950216     0.6642      9.541    -2.2479 9.7145e+00     3.3890      1.613      2.339    19.3239 0.0000e+00
      1.594     -0.157     0.2996      5.314     45.138  40.983425     0.6921      9.536    -0.5774 1.0699e+01     3.5124      1.563      2.266    19.3440 0.0000e+00
      1.550     -0.165     0.3266      7.029     44.828  41.070633     0.7166      9.531     1.7993 1.1604e+01     3.6166      1.511      2.192    19.3780 0.0000e+00
      1.511     -0.170     0.3537      9.832     44.510  41.181064     0.7297      9.522     4.5148 1.2479e+01     3.6619      1.476      2.141    19.5651 0.0000e+00
      1.473     -0.169     0.3811     13.773     44.155  41.292344     0.7470      9.509     6.8217 1.3675e+01     3.7068      1.457      2.112    19.9758 0.0000e+00
      1.427     -0.162     0.4267     18.854     43.780  41.372136     0.7796      9.497     8.1342 1.5347e+01     3.7963      1.411      2.046    20.4278 0.0000e+00
      1.374     -0.155     0.5486     25.137     43.427  41.396344     0.8126      9.489     8.1423 1.7063e+01     3.8781      1.338      1.940    20.7643 0.0000e+00
      1.330     -0.152     0.8037     32.490     43.145  41.378836     0.8271      9.484     6.5108 1.8323e+01     3.9020      1.287      1.865    21.1947 0.0000e+00
      1.301     -0.154     1.1472     40.305     42.948  41.349268     0.8343      9.483     1.9800 1.9322e+01     3.9135      1.271      1.841    21.7628 0.0000e+00
      1.277     -0.157     1.5620     47.662     42.821  41.316522     0.8663      9.484    -6.9721 2.0818e+01     4.0000      1.264      1.832    22.3165 0.0000e+00
      1.243     -0.161     2.0839     53.787     42.746  41.275455     0.9256      9.486   -19.7155 2.3323e+01     4.1537      1.234      1.791    22.7712 0.0000e+00
      1.194     -0.167     2.7447     58.298     42.694  41.222260     0.9763      9.488   -33.6387 2.6606e+01     4.2703      1.176      1.706    23.0271 0.0000e+00
      1.138     -0.171     3.4823     61.135     42.627  41.161212     1.0047      9.490   -46.5530 2.9992e+01     4.3716      1.110      1.610    23.1669 0.0000e+00
      1.086     -0.170     4.1489     62.427     42.539  41.107431     1.0309      9.493   -57.4760 3.3078e+01     4.6028      1.057      1.533    23.2976 0.0000e+00
      1.043     -0.161     4.6890     62.479     42.459  41.070012     1.0629      9.497   -65.9514 3.5968e+01     4.9351      1.019      1.480    23.3190 0.0000e+00
      1.007     -0.149     5.0783     61.788     42.397  41.046017     1.0918      9.503   -71.6741 3.8788e+01     5.1779      0.986      1.430    23.2501 0.0000e+00
      0.975     -0.141     5.3137     60.874     42.333  41.029878     1.1118      9.510   -74.8095 4.1487e+01     5.2662      0.952      1.381    23.2301 0.0000e+00
      0.947     -0.140     5.4052     60.079     42.248  41.019621     1.1183      9.518   -76.1295 4.4389e+01     5.2852      0.928      1.346    23.3075 0.0000e+00
      0.918     -0.144     5.3649     59.567     42.147  41.016055     1.1122      9.525   -76.5538 4.8464e+01     5.3157      0.907      1.315    23.3842 0.0000e+00
      0.880     -0.149     5.2655     59.457     42.038  41.018816     1.1076      9.532   -76.6924 5.4490e+01     5.4089      0.873      1.266    23.3897 0.0000e+00
      0.834     -0.154     5.1668     59.876     41.923  41.024782     1.1354      9.537   -76.7237 6.1820e+01     5.7042      0.820      1.189    23.4239 0.0000e+00
      0.787     -0.159     5.0865     60.920     41.795  41.030110     1.2243      9.543   -76.7803 6.8710e+01     6.3909      0.764      1.109    23.5176 0.0000e+00
      0.746     -0.159     5.0243     62.605     41.669  41.042696     1.3457      9.549   -77.1678 7.4333e+01     7.3104      0.726      1.053    23.6499 0.0000e+00
      0.709     -0.154     4.9932     64.850     41.566  41.072077     1.4312      9.556   -77.6791 7.9364e+01     8.0210      0.699      1.013    23.7791 0.0000e+00
      0.670     -0.148     5.0100     67.488     41.499  41.126302     1.4863      9.565   -77.7804 8.4302e+01     8.5559      0.661      0.957    23.9003 0.0000e+00
      0.632     -0.147     5.0807     70.326     41.500  41.236085     1.5861      9.577   -77.6344 8.8673e+01     9.3693      0.614      0.889    24.0773 0.0000e+00
      0.598     -0.153     5.2096     73.233     41.580  41.424743     1.7282      9.591   -77.5776 9.2544e+01    10.3954      0.579      0.841    24.2515 0.0000e+00
      0.567     -0.162     5.3931     76.172     41.741  41.712241     1.8289      9.603   -77.5431 9.7480e+01    11.1121      0.561      0.815    24.4038 0.0000e+00
      0.529     -0.175     5.6114     79.173     42.061  42.174900     1.8714      9.614   -77.4024 1.0484e+02    11.5119      0.533      0.773    24.5680 0.0000e+00
      0.478     -0.191     5.8441     82.328     42.660  42.928952     1.9170      9.626   -76.8944 1.1420e+02    12.0394      0.476      0.690    24.6815 0.0000e+00
      0.422     -0.209     6.0741     85.775     43.620  44.067485     1.9857      9.637   -75.8671 1.2491e+02    12.7119      0.406      0.588    24.7773 0.0000e+00
      0.367     -0.225     6.2975     89.696     44.811  45.474419     2.0364      9.650   -74.5835 1.4150e+02    13.1551      0.358      0.519    24.9451 0.0000e+00
      0.311     -0.234     6.5196     94.335     45.781  46.695242     2.0523      9.666   -73.2535 1.8078e+02    13.3232      0.320      0.463    25.1309 0.0000e+00
      0.246     -0.231     6.7457     99.881     46.166  47.330240     2.0716      9.685   -71.8500 2.6681e+02    13.6923      0.245      0.355    25.2962 0.0000e+00
      0.177     -0.216     7.0027    106.282     46.142  47.506355     2.1394      9.706   -70.4025 3.8915e+02    14.7682      0.166      0.241    25.4765 0.0000e+00
      0.114     -0.191     7.2783    113.183     46.127  47.622060     2.2415      9.727   -68.9924 4.6209e+02    16.2719      0.107      0.156    25.6874 0.0000e+00
      0.062     -0.161     7.5966    119.952     46.242  47.815511     2.3151      9.749   -67.6154 4.0032e+02    17.3209      0.048      0.070    25.9639 0.0000e+00
      0.027     -0.135     8.0061    125.846     46.356  47.982263     2.3425      9.771   -66.3067 2.5114e+02    17.6340      0.007      0.009    26.2977 0.0000e+00
      0.012     -0.122     8.4992    130.274     46.401  48.067582     2.3539      9.792   -65.1859 1.3966e+02    17.5783      0.005      0.007    26.5533 0.0000e+00
      0.003     -0.127     9.0767    133.026     46.456  48.151072     2.3641      9.814   -64.3006 1.1303e+02    17.4345      0.016      0.024    26.6553 0.0000e+00
     -0.017     -0.150     9.6613    134.315     46.606  48.325290     2.3740      9.836   -63.6474 1.8703e+02    17.3291      0.001      0.002    26.7025 0.0000e+00
     -0.057     -0.186    10.1599    134.548     46.784  48.528346     2.3780      9.860   -63.1471 4.6038e+02    17.2838     -0.044     -0.065    26.7536 0.0000e+00
     -0.116     -0.226    10.5234    134.073     46.833  48.603711     2.3568      9.885   -62.1979 8.8707e+02    17.2363     -0.105     -0.152    26.7998 0.0000e+00
     -0.189     -0.259    10.7149    133.139     46.656  48.440291     2.3073      9.907   -60.9414 1.1096e+03    17.1732     -0.178     -0.259    26.8329 0.0000e+00
     -0.269     -0.276    10.7863    131.932     45.897  47.659678     2.2433      9.923   -62.2856 9.5661e+02    16.9932     -0.262     -0.381    26.8341 0.0000e+00
     -0.351     -0.276    10.7870    130.551     43.923  45.603948     2.0783      9.934   -67.8813 6.5765e+02    15.8457     -0.349     -0.507    26.8424 0.0000e+00
     -0.427     -0.258    10.7279    128.937     40.843  42.381978     1.6393      9.948   -74.0825 3.9673e+02    12.4857     -0.429     -0.620    26.8876 0.0000e+00
     -0.494     -0.224    10.6356    126.886     37.832  39.214013     1.0099      9.967   -77.2392 2.3769e+02     7.7391     -0.487     -0.705    26.9222 0.0000e+00
     -0.552     -0.181    10.5314    124.205     35.974  37.231178     0.5152      9.990   -77.7520 2.8871e+02     4.2945     -0.547     -0.792    26.9224 0.0000e+00
     -0.596     -0.136    10.4244    120.939     35.530  36.709937     0.1411     10.013   -77.1596 5.4932e+02     2.9452     -0.605     -0.877    26.9167 0.0000e+00
     -0.620     -0.093    10.3139    117.396     36.646  37.802143    -0.4591     10.035   -76.2482 7.4429e+02     2.3330     -0.620     -0.901    26.9005 0.0000e+00
     -0.629     -0.057    10.1825    113.956     39.331  40.515666    -1.2538     10.056   -75.3401 7.7957e+02     1.6865     -0.617     -0.896    26.8316 0.0000e+00
     -0.630     -0.029     9.9848    110.956     42.211  43.440450    -1.8177     10.073   -74.3262 1.0710e+03     1.2190     -0.619     -0.896    26.7319 0.0000e+00
     -0.630     -0.011     9.7107    108.688     43.439  44.675486    -1.9891     10.084   -72.9840 1.7210e+03     1.1138     -0.618     -0.895    26.6544 0.0000e+00
     -0.630     -0.002     9.4151    107.143     41.611  42.771892    -1.8328     10.090   -71.5310 2.2540e+03     1.5845     -0.620     -0.898    26.5779 0.0000e+00
     -0.630      0.001     9.1388    105.627     34.880  35.829962    -1.2953     10.093   -70.3276 2.4696e+03     3.0291     -0.619     -0.896    26.4896 0.0000e+00
     -0.629      0.001     8.8900    103.076     23.834  24.464342    -0.5390     10.094   -69.4174 2.5429e+03     5.0353     -0.617     -0.894    26.4358 0.0000e+00
     -0.629      0.001     8.6851     99.001     13.622  13.966853    -0.0003     10.096   -68.6597 2.5750e+03     6.4207     -0.617     -0.895    26.4193 0.0000e+00
     -0.629      0.000     8.6066     93.804      8.192   8.387792     0.1774     10.099   -67.8381 2.5651e+03     6.6647     -0.617     -0.895    26.3965 0.0000e+00
     -0.629 3.5068e-08     8.5989     88.326      6.472   6.617893     0.1749     10.104   -66.8850 2.5204e+03     6.0061     -0.617     -0.895    26.3410 0.0000e+00
     -0.629 3.8575e-07     8.4384     83.812      6.021   6.152538     0.1344     10.108   -66.0681 2.4939e+03     4.9917     -0.617     -0.895    26.2640 0.0000e+00
     -0.629 7.0720e-07     8.0700     81.992      5.901   6.027686     0.1133     10.110   -65.7453 2.5221e+03     4.4888     -0.618     -0.896    26.1975 0.0000e+00
     -0.629 -9.990e-29     7.5984 -9.990e-29 -9.990e-29 -9.990e-29 -9.990e-29 -9.990e-29 -9.990e-29 2.5411e+03 -9.990e-29     -0.617     -0.895    26.1498 0.0000e+00
     -0.629 -9.990e-29     7.1357 -9.990e-29 -9.990e-29 -9.990e-29 -9.990e-29 -9.990e-29 -9.990e-29 2.3869e+03 -9.990e-29     -0.617     -0.895    26.1159 0.0000e+00
     -0.629 -9.990e-29     6.6335 -9.990e-29 -9.990e-29 -9.990e-29 -9.990e-29 -9.990e-29 -9.990e-29 2.0069e+03 -9.990e-29     -0.617     -0.895    26.0696 0.0000e+00
     -0.629 -9.990e-29     6.3474 -9.990e-29 -9.990e-29 -9.990e-29 -9.990e-29 -9.990e-29 -9.990e-29 1.7734e+03 -9.990e-29     -0.618     -0.896    26.0365 0.0000e+00
