Data/DataNotYetUploadedToEDI/Raw_CTD/RawDownloads/070126_ccr88_S8188002.cnv
* Sea-Bird SBE19plus  Data File:
* FileName = C:\R\Reservoirs\Data\DataNotYetUploadedToEDI\Raw_CTD\RawDownloads\070126_ccr10_S8188_0002.hex
* Software version 2.8.0.119
* Temperature SN = 8188
* Conductivity SN = 8188
* System UpLoad Time = Jul 02 2026 16:06:17
* <ApplicationData>
* <Seaterm232>
# nquan = 16
# nvalues = 1405                        
# units = specified
# name 0 = depFM: Depth [fresh water, m]
# name 1 = dz/dtM: Descent Rate [m/s]
# name 2 = sbeox0Mg/L: Oxygen, SBE 43 [mg/l]
# name 3 = sbeox0PS: Oxygen, SBE 43 [% saturation]
# name 4 = specc: Specific Conductance [uS/cm]
# name 5 = c0uS/cm: Conductivity [uS/cm]
# name 6 = wetCDOM: Fluorescence, WET Labs CDOM [mg/m^3]
# name 7 = flECO-AFL: Fluorescence, WET Labs ECO-AFL/FL [mg/m^3]
# name 8 = flECO-AFL1: Fluorescence, WET Labs ECO-AFL/FL, 2 [mg/m^3]
# name 9 = flECO-AFL2: Fluorescence, WET Labs ECO-AFL/FL, 3 [mg/m^3]
# name 10 = par/sat/log: PAR/Logarithmic, Satlantic
# name 11 = turbWETntu0: Turbidity, WET Labs ECO [NTU]
# name 12 = prdM: Pressure, Strain Gauge [db]
# name 13 = prdE: Pressure, Strain Gauge [psi]
# name 14 = tv290C: Temperature [ITS-90, deg C]
# name 15 = flag:  0.000e+00
# span 0 =     -0.373,      7.694       
# span 1 =     -0.259,      0.164       
# span 2 =     4.9973,    10.1056       
# span 3 =     53.906,     98.735       
# span 4 =   -497.972,    161.323       
# span 5 =-456.218223, 164.826842       
# span 6 =    -0.0900,    36.8100       
# span 7 =    -0.8568,    25.0759       
# span 8 =    -3.5358,     1.8744       
# span 9 =    -3.7647,     6.0489       
# span 10 = 7.3790e+00, 3.1929e+03      
# span 11 =    -1.3217,   461.0409      
# span 12 =     -0.365,      7.545      
# span 13 =     -0.530,     10.943      
# span 14 =    13.6371,    30.0300      
# span 15 = 0.0000e+00, 0.0000e+00      
# interval = seconds: 0.25
# start_time = Jul 02 2026 10:51:11 [Instrument's time stamp, header]
# bad_flag = -9.990e-29
*END*
[from data line 362]
      0.355      0.015     6.8458     83.507    152.256 164.097654     6.0300    -0.0557     0.0000     0.0846 5.3407e+02    -0.2340      0.348      0.505    28.9471 0.0000e+00
      0.359      0.018     6.7556     81.928    152.284 164.112724     6.0300    -0.0709     0.0000     0.0846 6.3437e+02    -0.4304      0.352      0.511    28.9228 0.0000e+00
      0.364      0.020     6.6604     80.539    152.297 164.119088     5.9400    -0.0671     0.0426     0.0846 1.1401e+03    -0.3246      0.357      0.517    28.9037 0.0000e+00
      0.370      0.022     6.5530     79.381    152.296 164.114431     5.9400    -0.0481     0.0426     0.0846 5.7029e+02    -0.3549      0.363      0.526    28.8904 0.0000e+00
      0.377      0.022     6.4332     78.323    152.284 164.101523     5.9400    -0.0557     0.0426     0.0846 5.3303e+02    -0.3095      0.370      0.537    28.8818 0.0000e+00
      0.384      0.022     6.3121     77.257    152.275 164.092958     5.9400    -0.0633     0.0426     0.0846 6.0187e+02    -0.2944      0.377      0.546    28.8768 0.0000e+00
      0.390      0.020     6.2054     76.175    152.273 164.094469     6.0300    -0.0748     0.0426     0.1269 4.2845e+02    -0.2944      0.382      0.554    28.8743 0.0000e+00
      0.394      0.017     6.1164     75.098    152.276 164.102452     6.0300    -0.0366     0.0426     0.1269 4.1571e+02    -0.1887      0.386      0.561    28.8733 0.0000e+00
      0.398      0.015     6.0348     74.040    152.279 164.111017     6.0300    -0.0900     0.0426     0.1269 5.9330e+02    -0.3095      0.390      0.566    28.8732 0.0000e+00
      0.401      0.013     5.9527     73.007    152.286 164.122448     6.0300    -0.0481     0.0426     0.1269 8.8958e+02    -0.3246      0.393      0.571    28.8737 0.0000e+00
      0.404      0.011     5.8693     72.018    152.295 164.135785     6.0300    -0.0633     0.0426     0.1269 4.5911e+02    -0.2642      0.396      0.575    28.8748 0.0000e+00
      0.406      0.009     5.7861     71.150    152.295 164.138548     6.1200    -0.0938     0.0426     0.1692 5.1147e+02    -0.2944      0.398      0.578    28.8764 0.0000e+00
      0.409      0.008     5.7044     70.492    152.285 164.131472     6.1200    -0.0671     0.0426     0.1692 7.5727e+02    -0.2491      0.401      0.581    28.8780 0.0000e+00
      0.411      0.008     5.6247     70.063    152.275 164.124700     6.1200    -0.0519     0.0426     0.1692 4.8148e+02    -0.3700      0.403      0.584    28.8795 0.0000e+00
      0.412      0.007     5.5484     69.810    152.265 164.120434     6.1200    -0.0595     0.0426     0.1692 3.1456e+02    -0.3549      0.404      0.586    28.8806 0.0000e+00
      0.414      0.006     5.4814     69.675    152.254 164.113529     6.0300    -0.0786     0.0426     0.0846 4.5237e+02    -0.4002      0.406      0.589    28.8816 0.0000e+00
      0.415      0.005     5.4306     69.619    152.239 164.102143     6.0300    -0.0557     0.0426     0.0846 5.7203e+02    -0.3095      0.407      0.591    28.8827 0.0000e+00
      0.417      0.004     5.3973     69.611    152.231 164.097272     6.0300    -0.0709     0.0426     0.0846 4.2125e+02    -0.2491      0.409      0.593    28.8841 0.0000e+00
      0.418      0.004     5.3777     69.636    152.234 164.103632     6.0300    -0.0671     0.0426     0.0846 4.1193e+02    -0.2944      0.410      0.594    28.8860 0.0000e+00
      0.419      0.003     5.3671     69.699    152.236 164.108886     6.0300    -0.0633     0.0426     0.0846 6.0977e+02    -0.2340      0.411      0.595    28.8878 0.0000e+00
      0.419      0.003     5.3627     69.803    152.236 164.112431     6.0300    -0.0862     0.0426     0.0846 4.1166e+02    -0.2793      0.411      0.596    28.8893 0.0000e+00
      0.420      0.002     5.3620     69.935    152.244 164.123231     6.0300    -0.0786     0.0426     0.0846 7.3843e+02    -0.2189      0.412      0.597    28.8905 0.0000e+00
      0.421      0.002     5.3638     70.098    152.249 164.132139     6.0300    -0.0862     0.0426     0.0846 3.4410e+02    -0.3397      0.413      0.598    28.8916 0.0000e+00
      0.421      0.002     5.3686     70.328    152.244 164.129502     6.0300    -0.0824     0.0426     0.0846 6.1589e+02    -0.2642      0.413      0.599    28.8927 0.0000e+00
      0.422      0.002     5.3765     70.667    152.235 164.122636     6.0300    -0.0595     0.0852     0.0423 3.8201e+02    -0.2944      0.414      0.600    28.8936 0.0000e+00
      0.422      0.001     5.3866     71.138    152.227 164.117728     6.0300    -0.0786     0.0852     0.0423 3.1717e+02    -0.2642      0.414      0.600    28.8946 0.0000e+00
      0.422      0.001     5.3991     71.722    152.217 164.109460     6.0300    -0.0748     0.0852     0.0423 3.5334e+02    -0.2642      0.414      0.601    28.8956 0.0000e+00
      0.423      0.001     5.4167     72.341    152.201 164.095629     6.0300    -0.0671     0.0852     0.0423 3.3612e+02    -0.3549      0.414      0.601    28.8967 0.0000e+00
      0.423      0.001     5.4427     72.910    152.184 164.080563     6.0300    -0.0786     0.0852     0.1692 3.6505e+02    -0.2340      0.415      0.602    28.8976 0.0000e+00
      0.423      0.001     5.4789     73.388    152.165 164.064254     6.0300    -0.0786     0.0852     0.1692 2.6883e+02    -0.3246      0.415      0.602    28.8985 0.0000e+00
      0.423      0.001     5.5237     73.743    152.146 164.048368     6.0300    -0.0786     0.0852     0.1692 3.2196e+02    -0.2189      0.415      0.602    28.8996 0.0000e+00
      0.423      0.001     5.5713     73.915    152.132 164.038692     6.0300    -0.0481     0.0852     0.1692 3.5899e+02    -0.1585      0.415      0.602    28.9006 0.0000e+00
      0.424      0.000     5.6151     73.859    152.127 164.036654     6.0300    -0.0633     0.0426     0.0846 3.2868e+02    -0.2944      0.416      0.603    28.9016 0.0000e+00
      0.424      0.000     5.6517     73.591    152.126 164.037702     6.0300    -0.0824     0.0426     0.0846 2.6494e+02    -0.3851      0.416      0.603    28.9029 0.0000e+00
      0.424      0.000     5.6789     73.167    152.123 164.036103     6.0300    -0.0786     0.0426     0.0846 3.1497e+02    -0.2793      0.416      0.603    28.9045 0.0000e+00
      0.424      0.000     5.6920     72.654    152.119 164.033433     6.0300    -0.0862     0.0426     0.0846 4.1453e+02    -0.2642      0.416      0.603    28.9061 0.0000e+00
      0.424      0.000     5.6876     72.112    152.117 164.032991     6.1200    -0.0709     0.0426     0.0846 3.6299e+02    -0.2340      0.416      0.603    28.9073 0.0000e+00
      0.424      0.001     5.6669     71.581    152.113 164.030649     6.1200    -0.0709     0.0426     0.0846 3.6473e+02    -0.2642      0.416      0.604    28.9080 0.0000e+00
      0.424      0.001     5.6341     71.092    152.105 164.023779     6.1200    -0.0633     0.0426     0.0846 5.2544e+02    -0.2944      0.416      0.604    28.9086 0.0000e+00
      0.425      0.001     5.5946     70.682    152.098 164.018566     6.1200    -0.0709     0.0426     0.0846 1.5743e+03    -0.3246      0.417      0.604    28.9092 0.0000e+00
      0.425      0.001     5.5528     70.374    152.097 164.019634     6.1200    -0.0709     0.0426     0.0846 6.1163e+02    -0.1585      0.417      0.604    28.9098 0.0000e+00
      0.425      0.001     5.5119     70.155    152.097 164.021256     6.0300    -0.0938     0.0426     0.2538 5.5876e+02    -0.2944      0.417      0.605    28.9104 0.0000e+00
      0.425      0.000     5.4741     70.002    152.094 164.017848     6.0300    -0.0709     0.0426     0.2538 5.8791e+02    -0.3549      0.417      0.605    28.9111 0.0000e+00
      0.425      0.000     5.4425     69.908    152.088 164.012513     6.0300    -0.0481     0.0426     0.2538 5.2521e+02    -0.3246      0.417      0.605    28.9119 0.0000e+00
      0.425      0.000     5.4187     69.857    152.083 164.007836     6.0300    -0.0557     0.0426     0.2538 4.5801e+02    -0.2642      0.417      0.605    28.9125 0.0000e+00
      0.425     -0.001     5.4018     69.822    152.080 164.004576     6.2100    -0.0786     0.0426     0.0846 1.1118e+03    -0.2491      0.417      0.605    28.9129 0.0000e+00
      0.425     -0.001     5.3900     69.787    152.080 164.003866     6.2100    -0.0633     0.0426     0.0846 9.3557e+02    -0.3246      0.417      0.604    28.9131 0.0000e+00
      0.425     -0.002     5.3827     69.743    152.080 164.003513     6.2100    -0.0481     0.0426     0.0846 3.5196e+02    -0.2642      0.417      0.604    28.9133 0.0000e+00
      0.424     -0.003     5.3788     69.668    152.078 164.001419     6.2100    -0.0862     0.0426     0.0846 1.7065e+03    -0.2944      0.416      0.603    28.9134 0.0000e+00
      0.423     -0.004     5.3761     69.555    152.074 163.997025     5.9400    -0.0481     0.0426     0.0846 6.2438e+02    -0.2642      0.415      0.602    28.9135 0.0000e+00
      0.422     -0.005     5.3734     69.422    152.068 163.989159     5.9400    -0.0442     0.0426     0.0846 5.6046e+02    -0.2642      0.414      0.601    28.9134 0.0000e+00
      0.421     -0.006     5.3700     69.305    152.058 163.977728     5.9400    -0.0786     0.0426     0.0846 9.0243e+02    -0.3549      0.413      0.599    28.9133 0.0000e+00
      0.419     -0.006     5.3642     69.218    152.047 163.965697     5.9400    -0.0748     0.0426     0.0846 5.7728e+02    -0.2340      0.411      0.596    28.9132 0.0000e+00
      0.417     -0.005     5.3555     69.148    152.040 163.957877     5.9400    -0.0595     0.0426     0.0846 1.3696e+03    -0.2793      0.409      0.593    28.9130 0.0000e+00
      0.415     -0.004     5.3453     69.084    152.038 163.956191     6.0300    -0.0786     0.0426     0.0423 9.9686e+02    -0.3397      0.407      0.590    28.9128 0.0000e+00
      0.414     -0.002     5.3363     69.041    152.041 163.960190     6.0300    -0.0862     0.0426     0.0423 8.4639e+02    -0.2642      0.406      0.589    28.9127 0.0000e+00
      0.414     -0.000     5.3297     69.033    152.047 163.966932     6.0300    -0.0862     0.0426     0.0423 1.7323e+03    -0.2944      0.406      0.589    28.9125 0.0000e+00
      0.415      0.001     5.3243     69.071    152.049 163.970195     6.0300    -0.0786     0.0426     0.0423 1.2369e+03    -0.1585      0.407      0.590    28.9125 0.0000e+00
      0.416      0.002     5.3194     69.168    152.044 163.964835     6.0300    -0.0557     0.0426     0.0000 1.3140e+03    -0.2944      0.408      0.591    28.9127 0.0000e+00
      0.416      0.003     5.3160     69.318    152.030 163.951429     6.0300    -0.0633     0.0426     0.0000 5.3581e+02    -0.2944      0.408      0.592    28.9129 0.0000e+00
      0.417      0.003     5.3154     69.485    152.014 163.936425     6.0300    -0.0786     0.0426     0.0000 1.5275e+03    -0.3095      0.409      0.593    28.9131 0.0000e+00
      0.418      0.003     5.3183     69.668    152.002 163.925844     6.0300    -0.0519     0.0426     0.0000 8.9151e+02    -0.3246      0.410      0.594    28.9132 0.0000e+00
      0.419      0.002     5.3258     69.912    152.000 163.924882     6.1200    -0.0671     0.0426     0.0423 1.1246e+03    -0.2944      0.410      0.595    28.9135 0.0000e+00
      0.419      0.002     5.3373     70.267    152.002 163.929275     6.1200    -0.0481     0.0426     0.0423 9.3456e+02    -0.2793      0.411      0.596    28.9139 0.0000e+00
      0.420      0.002     5.3501     70.762    152.000 163.928167     6.1200    -0.0862     0.0426     0.0423 1.4067e+03    -0.3246      0.412      0.597    28.9145 0.0000e+00
      0.420      0.002     5.3641     71.388    151.995 163.925270     6.1200    -0.0595     0.0426     0.0423 7.9626e+02    -0.3700      0.412      0.598    28.9151 0.0000e+00
      0.421      0.002     5.3828     72.100    151.996 163.927832     6.0300    -0.0709     0.0426     0.0423 1.4358e+03    -0.2189      0.413      0.598    28.9157 0.0000e+00
      0.421      0.002     5.4101     72.832    152.000 163.932525     6.0300    -0.0786     0.0426     0.0423 1.3472e+03    -0.3246      0.413      0.599    28.9163 0.0000e+00
      0.422      0.001     5.4482     73.516    152.003 163.936594     6.0300    -0.0595     0.0426     0.0423 9.0793e+02    -0.2491      0.413      0.600    28.9169 0.0000e+00
      0.422      0.001     5.4963     74.085    152.006 163.941122     6.0300    -0.0595     0.0426     0.0423 7.5465e+02    -0.1887      0.414      0.600    28.9176 0.0000e+00
      0.422      0.001     5.5510     74.504    152.011 163.947318     6.0300    -0.0709     0.0426     0.0423 6.9002e+02    -0.2642      0.414      0.601    28.9181 0.0000e+00
      0.423      0.001     5.6073     74.806    152.014 163.950819     6.1200    -0.0481     0.0852     0.1269 1.4638e+03    -0.2793      0.414      0.601    28.9184 0.0000e+00
      0.423      0.001     5.6600     75.048    152.009 163.946545     6.1200    -0.0557     0.0852     0.1269 6.8301e+02    -0.2944      0.415      0.602    28.9187 0.0000e+00
      0.423      0.001     5.7038     75.223    152.001 163.939372     6.1200    -0.0633     0.0852     0.1269 5.1548e+02    -0.3549      0.415      0.602    28.9190 0.0000e+00
      0.424      0.001     5.7360     75.263    151.999 163.937408     6.1200    -0.0214     0.0852     0.1269 1.4750e+03    -0.3549      0.415      0.602    28.9192 0.0000e+00
      0.424      0.001     5.7593     75.129    152.000 163.938126     6.0300    -0.0442     0.0426     0.0000 1.2521e+03    -0.2642      0.415      0.603    28.9193 0.0000e+00
      0.424      0.001     5.7778     74.843    151.989 163.925681     6.0300    -0.0671     0.0426     0.0000 1.2871e+03    -0.3246      0.416      0.603    28.9197 0.0000e+00
      0.424      0.001     5.7912     74.414    151.963 163.896753     6.0300    -0.0633     0.0426     0.0000 1.0234e+03    -0.3397      0.416      0.603    28.9201 0.0000e+00
      0.425      0.001     5.7943     73.815    151.937 163.867684     6.0300    -0.0481     0.0426     0.0000 1.2308e+03    -0.3095      0.416      0.604    28.9203 0.0000e+00
      0.425      0.001     5.7840     73.042    151.923 163.852772     6.1200    -0.0709     0.0426     0.0846 6.5084e+02    -0.3549      0.416      0.604    28.9202 0.0000e+00
      0.425      0.001     5.7620     72.152    151.923 163.852048     6.1200    -0.0481     0.0426     0.0846 1.3912e+03    -0.3851      0.417      0.604    28.9199 0.0000e+00
      0.425      0.001     5.7290     71.244    151.925 163.853293     6.1200    -0.0366     0.0426     0.0846 1.0912e+03    -0.1887      0.417      0.605    28.9196 0.0000e+00
      0.426      0.002     5.6830     70.385    151.921 163.848821     6.1200    -0.0633     0.0426     0.0846 1.2096e+03    -0.2944      0.417      0.605    28.9194 0.0000e+00
      0.426      0.002     5.6235     69.596    151.910 163.837439     6.1200    -0.0671     0.0426     0.0846 9.4415e+02    -0.2793      0.418      0.606    28.9192 0.0000e+00
      0.427      0.002     5.5550     68.899    151.896 163.824129     6.0300    -0.0709     0.0426     0.0846 8.5862e+02    -0.3246      0.418      0.607    28.9190 0.0000e+00
      0.427      0.002     5.4851     68.337    151.893 163.821379     6.0300    -0.0786     0.0426     0.0846 1.5189e+03    -0.3549      0.419      0.608    28.9188 0.0000e+00
      0.428      0.002     5.4190     67.939    151.902 163.832466     6.0300    -0.0557     0.0426     0.0846 8.9773e+02    -0.2491      0.420      0.609    28.9188 0.0000e+00
      0.429      0.002     5.3582     67.677    151.913 163.844309     6.0300    -0.0862     0.0426     0.0846 1.6170e+03    -0.2642      0.420      0.610    28.9189 0.0000e+00
      0.429      0.002     5.3045     67.493    151.921 163.852047     6.0300    -0.0976     0.0426     0.0846 1.4705e+03    -0.1585      0.421      0.610    28.9193 0.0000e+00
