Data/DataNotYetUploadedToEDI/Raw_CTD/RawDownloads/070126_ccr30_S8188004.cnv
* Sea-Bird SBE19plus  Data File:
* FileName = C:\R\Reservoirs\Data\DataNotYetUploadedToEDI\Raw_CTD\RawDownloads\070126_ccr10_S8188_0004.hex
* Software version 2.8.0.119
* Temperature SN = 8188
* Conductivity SN = 8188
* System UpLoad Time = Jul 02 2026 16:07:23
* <ApplicationData>
* <Seaterm232>
# nquan = 16
# nvalues = 2057                        
# units = specified
# name 0 = depFM: Depth [fresh water, m]
# name 1 = dz/dtM: Descent Rate [m/s]
# name 2 = sbeox0Mg/L: Oxygen, SBE 43 [mg/l]
# name 3 = sbeox0PS: Oxygen, SBE 43 [% saturation]
# name 4 = specc: Specific Conductance [uS/cm]
# name 5 = c0uS/cm: Conductivity [uS/cm]
# name 6 = wetCDOM: Fluorescence, WET Labs CDOM [mg/m^3]
# name 7 = flECO-AFL: Fluorescence, WET Labs ECO-AFL/FL [mg/m^3]
# name 8 = flECO-AFL1: Fluorescence, WET Labs ECO-AFL/FL, 2 [mg/m^3]
# name 9 = flECO-AFL2: Fluorescence, WET Labs ECO-AFL/FL, 3 [mg/m^3]
# name 10 = par/sat/log: PAR/Logarithmic, Satlantic
# name 11 = turbWETntu0: Turbidity, WET Labs ECO [NTU]
# name 12 = prdM: Pressure, Strain Gauge [db]
# name 13 = prdE: Pressure, Strain Gauge [psi]
# name 14 = tv290C: Temperature [ITS-90, deg C]
# name 15 = flag:  0.000e+00
# span 0 =     -0.419,      9.067       
# span 1 =     -0.192,      0.207       
# span 2 =     3.8498,    11.3729       
# span 3 =     49.740,    114.008       
# span 4 =   -610.446,    164.799       
# span 5 =-470.613943, 164.392903       
# span 6 =    -4.5000,    40.1400       
# span 7 =    -1.7075,     5.8534       
# span 8 =    -2.1300,     1.1502       
# span 9 =    -6.3450,     5.2452       
# span 10 = 7.2945e+00, 2.3058e+03      
# span 11 =    -6.8204,    77.5037      
# span 12 =     -0.411,      8.892      
# span 13 =     -0.597,     12.897      
# span 14 =    13.4493,    28.9400      
# span 15 = 0.0000e+00, 0.0000e+00      
# interval = seconds: 0.25
# start_time = Jul 02 2026 11:54:36 [Instrument's time stamp, header]
# bad_flag = -9.990e-29
*END*
[from data line 181]
      0.628      0.010     7.4473     96.572   -394.187-423.500474     6.4800     0.0206     0.0000     0.0846 1.2039e+02     0.4005      0.616      0.893    28.7350 0.0000e+00
      0.630      0.009     7.4517     96.593   -284.778-305.957331     6.4800     0.0511     0.0000     0.0846 1.1752e+02     0.4156      0.618      0.897    28.7306 0.0000e+00
      0.633      0.008     7.4556     96.603   -109.779-117.938661     6.4800     0.0282     0.0426     0.0423 1.1714e+02     0.3400      0.621      0.900    28.7263 0.0000e+00
      0.635      0.006     7.4590     96.599     -4.820  -5.166480     6.4800     0.0359     0.0426     0.0423 1.1417e+02     0.2796      0.622      0.903    28.7224 0.0000e+00
      0.636      0.005     7.4617     96.585     58.135  62.477900     6.4800     0.0282     0.0426     0.0423 1.1582e+02     0.4307      0.624      0.905    28.7191 0.0000e+00
      0.637      0.004     7.4635     96.568     95.902 103.061046     6.4800     0.0473     0.0426     0.0423 1.1123e+02     0.3703      0.625      0.906    28.7170 0.0000e+00
      0.638      0.003     7.4642     96.552    118.562 127.411143     6.4800     0.0359     0.0426     0.0423 1.1514e+02     0.4609      0.625      0.907    28.7163 0.0000e+00
      0.638      0.003     7.4636     96.540    132.161 142.025560     6.4800     0.0473     0.0426     0.0000 1.1590e+02     0.4307      0.626      0.908    28.7172 0.0000e+00
      0.639      0.003     7.4622     96.534    140.327 150.801474     6.4800     0.0282     0.0426     0.0000 1.1857e+02     0.1286      0.627      0.909    28.7191 0.0000e+00
      0.640      0.003     7.4606     96.532    145.228 156.067103     6.4800     0.0664     0.0426     0.0000 1.2002e+02     0.0228      0.627      0.910    28.7209 0.0000e+00
      0.640      0.003     7.4592     96.534    148.167 159.222605     6.4800     0.0664     0.0426     0.0000 1.2144e+02     0.1588      0.628      0.911    28.7224 0.0000e+00
      0.641      0.003     7.4581     96.544    149.946 161.129493     6.5700     0.0664     0.0852     0.1692 1.2659e+02     0.0983      0.628      0.912    28.7235 0.0000e+00
      0.642      0.003     7.4575     96.560    151.046 162.308297     6.5700     0.0397     0.0852     0.1692 1.2421e+02     0.3854      0.629      0.913    28.7242 0.0000e+00
      0.642      0.003     7.4573     96.576    151.732 163.043296     6.5700     0.0206     0.0852     0.1692 1.2628e+02     0.3249      0.630      0.914    28.7242 0.0000e+00
      0.643      0.003     7.4576     96.590    152.149 163.490398     6.5700     0.0206     0.0852     0.1692 1.2424e+02     0.3249      0.631      0.915    28.7234 0.0000e+00
      0.644      0.003     7.4585     96.599    152.390 163.750789     6.6600     0.0359     0.0000     0.1269 1.2590e+02     0.3703      0.632      0.917    28.7222 0.0000e+00
      0.645      0.003     7.4599     96.607    152.518 163.889898     6.6600     0.0435     0.0000     0.1269 1.2538e+02     0.3249      0.633      0.918    28.7210 0.0000e+00
      0.646      0.003     7.4612     96.615    152.579 163.956849     6.6600     0.0244     0.0000     0.1269 1.2301e+02     0.3552      0.634      0.919    28.7203 0.0000e+00
      0.647      0.003     7.4622     96.625    152.609 163.989541     6.6600     0.0282     0.0000     0.1269 1.2440e+02     0.3552      0.634      0.920    28.7203 0.0000e+00
      0.648      0.002     7.4629     96.631    152.617 164.000700     6.6600     0.0397     0.0000     0.1269 1.2397e+02     0.4307      0.635      0.921    28.7208 0.0000e+00
      0.648      0.002     7.4635     96.632    152.608 163.993303     6.5700     0.0397     0.0426     0.0423 1.2492e+02     0.2947      0.636      0.922    28.7212 0.0000e+00
      0.649      0.002     7.4641     96.633    152.594 163.979410     6.5700     0.0397     0.0426     0.0423 1.2730e+02     0.3098      0.636      0.923    28.7215 0.0000e+00
      0.649      0.001     7.4648     96.635    152.585 163.967343     6.5700     0.0473     0.0426     0.0423 1.2869e+02     0.3854      0.637      0.923    28.7219 0.0000e+00
      0.650      0.001     7.4652     96.635    152.576 163.951880     6.5700     0.0321     0.0426     0.0423 1.3238e+02     0.3552      0.637      0.924    28.7225 0.0000e+00
      0.650      0.000     7.4652     96.631    152.565 163.932907     6.5700     0.0549     0.0426     0.2115 1.3095e+02     0.2041      0.637      0.924    28.7233 0.0000e+00
      0.650      0.000     7.4652     96.623    152.566 163.925408     6.5700     0.0244     0.0426     0.2115 1.3444e+02     0.0379      0.637      0.924    28.7236 0.0000e+00
      0.650      0.001     7.4655     96.615    152.588 163.939410     6.5700     0.0435     0.0426     0.2115 1.3529e+02     0.1890      0.637      0.924    28.7229 0.0000e+00
      0.650      0.001     7.4657     96.615    152.624 163.970629     6.5700     0.0511     0.0426     0.2115 1.3316e+02     0.1588      0.637      0.924    28.7211 0.0000e+00
      0.650      0.002     7.4657     96.624    152.665 164.009348     6.5700     0.0321     0.0852     0.0846 1.3502e+02     0.3854      0.637      0.924    28.7186 0.0000e+00
      0.651      0.002     7.4654     96.635    152.693 164.037828     6.5700     0.0588     0.0852     0.0846 1.3342e+02     0.3249      0.638      0.925    28.7157 0.0000e+00
      0.651      0.002     7.4652     96.645    152.688 164.033594     6.5700     0.0397     0.0852     0.0846 1.3544e+02     0.2645      0.638      0.926    28.7128 0.0000e+00
      0.652      0.002     7.4656     96.654    152.647 163.991510     6.5700     0.0397     0.0852     0.0846 1.3567e+02     0.3400      0.639      0.927    28.7103 0.0000e+00
      0.653      0.002     7.4665     96.662    152.595 163.938439     6.4800     0.0511     0.0426     0.0846 1.3328e+02     0.4458      0.640      0.928    28.7086 0.0000e+00
      0.653      0.002     7.4674     96.668    152.567 163.912349     6.4800     0.0321     0.0426     0.0846 1.3817e+02     0.3552      0.640      0.929    28.7079 0.0000e+00
      0.653      0.001     7.4681     96.671    152.573 163.924322     6.4800     0.0511     0.0426     0.0846 1.3267e+02     0.3249      0.641      0.929    28.7083 0.0000e+00
      0.653      0.001     7.4687     96.674    152.594 163.955501     6.4800     0.0321     0.0426     0.0846 1.3683e+02     0.4005      0.641      0.929    28.7091 0.0000e+00
      0.654      0.001     7.4692     96.678    152.607 163.978120     6.4800     0.0435     0.0426     0.0846 1.3470e+02     0.0832      0.641      0.930    28.7101 0.0000e+00
      0.654      0.000     7.4695     96.679    152.607 163.986184     6.4800     0.0282     0.0426     0.2115 1.3447e+02     0.1588      0.641      0.930    28.7112 0.0000e+00
      0.654      0.000     7.4695     96.672    152.606 163.987857     6.4800     0.0359     0.0426     0.2115 1.3304e+02     0.0983      0.641      0.930    28.7131 0.0000e+00
      0.654     -0.001     7.4694     96.660    152.597 163.977573     6.4800     0.0206     0.0426     0.2115 1.3470e+02     0.1890      0.641      0.930    28.7158 0.0000e+00
      0.653     -0.001     7.4693     96.644    152.577 163.952589     6.4800     0.0435     0.0426     0.2115 1.3895e+02     0.1134      0.641      0.929    28.7189 0.0000e+00
      0.653     -0.001     7.4691     96.631    152.556 163.926287     6.5700     0.0282     0.0426     0.0846 1.4275e+02     0.1134      0.640      0.928    28.7212 0.0000e+00
      0.652     -0.001     7.4684     96.625    152.552 163.917712     6.5700     0.0206     0.0426     0.0846 1.4368e+02     0.1286      0.639      0.927    28.7222 0.0000e+00
      0.652     -0.001     7.4675     96.626    152.570 163.932596     6.5700     0.0359     0.0426     0.0846 1.4472e+02    -0.0074      0.639      0.927    28.7220 0.0000e+00
      0.651     -0.001     7.4665     96.631    152.599 163.958872     6.5700     0.0397     0.0426     0.0846 1.4646e+02     0.1588      0.639      0.926    28.7209 0.0000e+00
      0.651      0.000     7.4656     96.636    152.627 163.983501     6.5700     0.0321     0.0000     0.0846 1.4751e+02     0.1739      0.639      0.926    28.7195 0.0000e+00
      0.652      0.000     7.4653     96.642    152.652 164.005030     6.5700     0.0206     0.0000     0.0846 1.4967e+02     0.1437      0.639      0.927    28.7181 0.0000e+00
      0.652     -0.001     7.4656     96.643    152.669 164.019179     6.5700     0.0435     0.0000     0.0846 1.5088e+02     0.1588      0.639      0.927    28.7167 0.0000e+00
      0.652     -0.001     7.4662     96.631    152.662 164.009675     6.5700     0.0435     0.0000     0.0846 1.4399e+02     0.3098      0.639      0.926    28.7150 0.0000e+00
      0.651     -0.001     7.4668     96.608    152.630 163.973984     6.5700     0.0359     0.0000     0.0846 1.4484e+02     0.3854      0.638      0.926    28.7133 0.0000e+00
      0.651     -0.000     7.4675     96.579    152.590 163.930650     6.6600     0.0511     0.0426     0.0846 1.4090e+02     0.4156      0.638      0.925    28.7118 0.0000e+00
      0.650      0.001     7.4677     96.553    152.557 163.894179     6.6600     0.0435     0.0426     0.0846 1.3938e+02     0.3249      0.637      0.924    28.7106 0.0000e+00
      0.650      0.002     7.4669     96.541    152.539 163.874890     6.6600     0.0282     0.0426     0.0846 1.4222e+02     0.3854      0.637      0.924    28.7098 0.0000e+00
      0.650      0.004     7.4651     96.550    152.542 163.879666     6.6600     0.0511     0.0426     0.0846 1.4337e+02     0.3098      0.638      0.925    28.7093 0.0000e+00
      0.652      0.006     7.4629     96.581    152.548 163.887732     6.6600     0.0359     0.0000     0.1269 1.4809e+02     0.3552      0.639      0.927    28.7091 0.0000e+00
      0.654      0.008     7.4609     96.627    152.518 163.861145     6.6600     0.0359     0.0000     0.1269 1.5544e+02     0.3249      0.641      0.930    28.7090 0.0000e+00
      0.657      0.009     7.4600     96.683    152.445 163.792817     6.6600     0.0435     0.0000     0.1269 1.5934e+02     0.4458      0.644      0.934    28.7090 0.0000e+00
      0.660      0.010     7.4607     96.743    152.376 163.728673     6.6600     0.0168     0.0000     0.1269 1.5329e+02     0.3854      0.647      0.938    28.7093 0.0000e+00
      0.662      0.011     7.4629     96.809    152.370 163.725778     6.5700     0.0282     0.0426     0.0846 1.5571e+02     0.3552      0.649      0.941    28.7100 0.0000e+00
      0.664      0.012     7.4663     96.890    152.449 163.807414     6.5700     0.0397     0.0426     0.0846 1.5731e+02     0.4307      0.652      0.945    28.7118 0.0000e+00
      0.667      0.012     7.4702     96.984    152.548 163.925188     6.5700     0.0588     0.0426     0.0846 1.5841e+02     0.3552      0.654      0.949    28.7151 0.0000e+00
      0.671      0.011     7.4744     97.069    152.559 163.982212     6.5700     0.0206     0.0426     0.0846 1.6501e+02     0.2947      0.658      0.954    28.7185 0.0000e+00
      0.675      0.009     7.4794     97.117    152.465 163.953604     6.5700     0.0206     0.0426     0.0846 1.6440e+02     0.3703      0.662      0.960    28.7194 0.0000e+00
      0.679      0.006     7.4858     97.120    152.359 163.899901     6.4800     0.0359     0.0852     0.0423 1.7491e+02     0.4307      0.666      0.965    28.7185 0.0000e+00
      0.680      0.003     7.4926     97.093    152.311 163.872941     6.4800     0.0168     0.0852     0.0423 1.4915e+02     0.1286      0.667      0.967    28.7222 0.0000e+00
      0.678      0.000     7.4971     97.054    152.309 163.877559     6.4800     0.0397     0.0852     0.0423 1.4922e+02     0.1890      0.665      0.965    28.7373 0.0000e+00
      0.676     -0.002     7.4977     97.010    152.292 163.884913     6.4800     0.0588     0.0852     0.0423 1.4945e+02     0.1134      0.663      0.961    28.7610 0.0000e+00
      0.674     -0.003     7.4954     96.964    152.213 163.864888     6.5700     0.0206     0.0426     0.1692 1.5500e+02     0.1134      0.661      0.959    28.7808 0.0000e+00
      0.675     -0.003     7.4923     96.916    152.091 163.820168     6.5700     0.0855     0.0426     0.1692 1.7479e+02     0.3854      0.662      0.960    28.7888 0.0000e+00
      0.675     -0.002     7.4889     96.870    151.993 163.786948     6.5700     0.0359     0.0426     0.1692 1.9225e+02     0.3703      0.662      0.960    28.7910 0.0000e+00
      0.675     -0.002     7.4845     96.837    151.963 163.794463     6.5700     0.0282     0.0426     0.1692 2.0739e+02     0.3400      0.662      0.960    28.7994 0.0000e+00
      0.674     -0.002     7.4781     96.818    151.984 163.832688     6.5700     0.0397     0.0852     0.1269 2.3767e+02     0.4609      0.661      0.958    28.8207 0.0000e+00
      0.672     -0.002     7.4706     96.807    152.008 163.867716     6.5700     0.0359     0.0852     0.1269 2.6094e+02     0.3400      0.660      0.957    28.8493 0.0000e+00
      0.672     -0.003     7.4640     96.795    152.000 163.876811     6.5700     0.0206     0.0852     0.1269 2.5942e+02     0.3854      0.659      0.956    28.8731 0.0000e+00
      0.672     -0.003     7.4597     96.776    151.956 163.862400     6.5700     0.0321     0.0852     0.1269 2.5902e+02     0.4609      0.659      0.955    28.8862 0.0000e+00
      0.671     -0.003     7.4576     96.752    151.897 163.836678     6.5700     0.0473     0.0426     0.0846 2.4952e+02     0.3854      0.658      0.955    28.8913 0.0000e+00
      0.670     -0.003     7.4564     96.734    151.847 163.812836     6.5700     0.0206     0.0426     0.0846 2.2544e+02     0.4156      0.657      0.953    28.8943 0.0000e+00
      0.669     -0.002     7.4547     96.729    151.824 163.804565     6.5700     0.0397     0.0426     0.0846 2.0948e+02     0.4911      0.656      0.951    28.9001 0.0000e+00
      0.668     -0.001     7.4518     96.736    151.825 163.809659     6.5700     0.0282     0.0426     0.0846 2.0857e+02     0.3703      0.655      0.950    28.9108 0.0000e+00
      0.668      0.000     7.4483     96.750    151.830 163.813439     6.5700     0.0282     0.0426     0.0846 2.0515e+02     0.3703      0.655      0.950    28.9234 0.0000e+00
      0.668      0.001     7.4457     96.770    151.833 163.808895     6.5700     0.0282     0.0426     0.0846 2.1774e+02     0.3552      0.655      0.951    28.9332 0.0000e+00
      0.669      0.002     7.4446     96.791    151.833 163.798824     6.5700     0.0549     0.0426     0.0846 2.2677e+02     0.3400      0.656      0.952    28.9385 0.0000e+00
      0.670      0.002     7.4449     96.813    151.834 163.788557     6.5700     0.0206     0.0426     0.0846 2.2108e+02     0.3854      0.657      0.953    28.9400 0.0000e+00
      0.671      0.002     7.4462     96.831    151.840 163.783374     6.5700     0.0206     0.0426     0.0846 1.9737e+02     0.3703      0.658      0.954    28.9392 0.0000e+00
      0.671      0.002     7.4479     96.845    151.852 163.785901     6.6600     0.0435     0.0426     0.0846 1.8816e+02     0.3098      0.658      0.955    28.9369 0.0000e+00
      0.671      0.002     7.4500     96.856    151.866 163.792803     6.6600     0.0282     0.0426     0.0846 1.8407e+02     0.3098      0.658      0.955    28.9335 0.0000e+00
      0.672      0.001     7.4522     96.862    151.878 163.797900     6.6600     0.0397     0.0426     0.0846 1.7130e+02     0.3703      0.659      0.956    28.9297 0.0000e+00
      0.672      0.001     7.4541     96.861    151.881 163.794534     6.6600     0.0321     0.0426     0.0846 1.6624e+02     0.3854      0.659      0.956    28.9259 0.0000e+00
      0.673      0.001     7.4557     96.856    151.871 163.777799     6.5700     0.0588     0.0426     0.0846 1.5423e+02     0.2796      0.660      0.957    28.9225 0.0000e+00
      0.673      0.001     7.4569     96.853    151.856 163.755258     6.5700     0.0282     0.0426     0.0846 1.5769e+02     0.1437      0.660      0.957    28.9196 0.0000e+00
