Data/DataNotYetUploadedToEDI/Raw_CTD/RawDownloads/070124_fcr30_S7809004.cnv
* Sea-Bird SBE19plus  Data File:
* FileName = C:\R\Reservoirs\Data\DataNotYetUploadedToEDI\Raw_CTD\RawDownloads\070124_fcr50_S7809_0004.hex
* Software version 2.8.0.119
* Temperature SN = 7809
* Conductivity SN = 7809
* System UpLoad Time = Jul 01 2024 15:48:01
* <ApplicationData>
* <Seaterm232>
# nquan = 15
# nvalues = 1425                        
# units = specified
# name 0 = depFM: Depth [fresh water, m]
# name 1 = dz/dtM: Descent Rate [m/s]
# name 2 = sbeox0Mg/L: Oxygen, SBE 43 [mg/l]
# name 3 = sbeox0PS: Oxygen, SBE 43 [% saturation]
# name 4 = specc: Specific Conductance [uS/cm]
# name 5 = c0uS/cm: Conductivity [uS/cm]
# name 6 = flECO-AFL: Fluorescence, WET Labs ECO-AFL/FL [mg/m^3]
# name 7 = ph: pH
# name 8 = orp: Oxidation Reduction Potential [mV]
# name 9 = par/sat/log: PAR/Logarithmic, Satlantic
# name 10 = turbWETntu0: Turbidity, WET Labs ECO [NTU]
# name 11 = prdM: Pressure, Strain Gauge [db]
# name 12 = prdE: Pressure, Strain Gauge [psi]
# name 13 = tv290C: Temperature [ITS-90, deg C]
# name 14 = flag:  0.000e+00
# span 0 =     -0.630,      5.410       
# span 1 =     -0.276,      0.170       
# span 2 =     0.1426,    11.7650       
# span 3 =      1.475,    146.599       
# span 4 =      0.896,     68.769       
# span 5 =   0.843365,  55.748056       
# span 6 =    -1.9891,     4.1844       
# span 7 =      9.034,     10.823       
# span 8 =   -88.7178,   534.7973       
# span 9 = 1.2365e-01, 2.6745e+03       
# span 10 =    -5.0503,   176.3775      
# span 11 =     -0.620,      5.306      
# span 12 =     -0.901,      7.695      
# span 13 =    11.6539,    27.1809      
# span 14 = 0.0000e+00, 0.0000e+00      
# interval = seconds: 0.25
# start_time = Jul 01 2024 12:42:57 [Instrument's time stamp, header]
# bad_flag = -9.990e-29
*END*
[from data line 1061]
      2.525      0.063     0.2454      2.259     47.132  42.046258     0.9415     10.238   127.4829 3.3891e+00     3.5415      2.473      3.587    19.9633 0.0000e+00
      2.542      0.059     0.2326      2.130     47.260  42.084870     0.9275     10.237   127.9629 3.3594e+00     3.5066      2.493      3.615    19.8543 0.0000e+00
      2.559      0.057     0.2253      1.986     47.190  41.960771     0.9235     10.235   128.4377 3.3390e+00     3.4999      2.514      3.647    19.7861 0.0000e+00
      2.573      0.058     0.2178      1.846     46.855  41.603527     0.9291     10.232   128.8712 3.3228e+00     3.5404      2.527      3.666    19.7020 0.0000e+00
      2.583      0.059     0.2084      1.734     46.325  41.065616     0.9520     10.229   129.2563 3.3052e+00     3.6089      2.531      3.672    19.5872 0.0000e+00
      2.596      0.059     0.1967      1.659     45.678  40.421461     0.9965     10.226   129.6386 3.2866e+00     3.6724      2.540      3.684    19.5003 0.0000e+00
      2.613      0.060     0.1829      1.613     45.109  39.851594     1.0476     10.223   130.0117 3.2657e+00     3.7133      2.559      3.713    19.4539 0.0000e+00
      2.632      0.063     0.1680      1.588     45.246  39.908744     1.0810     10.221   130.2940 3.2422e+00     3.7457      2.585      3.750    19.4044 0.0000e+00
      2.649      0.064     0.1553      1.589     46.359  40.826896     1.0935     10.218   130.4679 3.2197e+00     3.8072      2.602      3.773    19.3236 0.0000e+00
      2.664      0.061     0.1523      1.613     47.655  41.910690     1.0917     10.215   130.5949 3.1972e+00     3.9025      2.609      3.785    19.2299 0.0000e+00
      2.680      0.056     0.1489      1.649     48.640  42.730925     1.0748     10.213   130.6496 3.1721e+00     3.9784      2.626      3.808    19.1615 0.0000e+00
      2.696      0.049     0.1439      1.687     50.102  43.979673     1.0498     10.211   130.3225 3.1536e+00     3.9986      2.647      3.840    19.1043 0.0000e+00
      2.710      0.044     0.1460      1.721     52.527  46.070724     1.0293     10.209   128.8515 3.1501e+00     4.0041      2.661      3.862    19.0290 0.0000e+00
      2.719      0.041     0.1493      1.748     54.903  48.102044     1.0151     10.208   125.2839 3.1504e+00     4.0491      2.668      3.871    18.9576 0.0000e+00
      2.724      0.040     0.1524      1.767     55.939  48.940575     1.0047     10.205   119.4809 3.1389e+00     4.1146      2.669      3.872    18.9101 0.0000e+00
      2.730      0.041     0.1579      1.770     55.320  48.329542     0.9974     10.202   112.4923 3.1153e+00     4.1439      2.672      3.875    18.8858 0.0000e+00
      2.741      0.045     0.1606      1.755     53.465  46.649933     0.9924     10.199   105.6242 3.0873e+00     4.1249      2.683      3.892    18.8672 0.0000e+00
      2.756      0.050     0.1619      1.730     51.056  44.485540     0.9883     10.197    99.6761 3.0618e+00     4.0880      2.703      3.921    18.8244 0.0000e+00
      2.772      0.055     0.1671      1.707     48.955  42.570449     0.9862     10.195    94.7528 3.0409e+00     4.0653      2.721      3.947    18.7413 0.0000e+00
      2.786      0.057     0.1667      1.698     47.892  41.550599     0.9881     10.192    90.1998 3.0156e+00     4.0645      2.731      3.961    18.6538 0.0000e+00
      2.801      0.057     0.1640      1.692     47.901  41.480852     0.9906     10.188    84.9828 2.9777e+00     4.0660      2.743      3.978    18.6205 0.0000e+00
      2.817      0.054     0.1632      1.671     48.041  41.564737     0.9940     10.185    78.6890 2.9406e+00     4.0493      2.764      4.008    18.5883 0.0000e+00
      2.832      0.051     0.1572      1.639     47.344  40.958307     1.0131     10.180    72.0137 2.9202e+00     4.0307      2.780      4.032    18.4847 0.0000e+00
      2.844      0.050     0.1585      1.610     46.075  39.861952     1.0540     10.175    65.9173 2.9119e+00     4.0377      2.793      4.051    18.3555 0.0000e+00
      2.853      0.051     0.1629      1.588     45.156  39.048107     1.0940     10.171    60.7542 2.8997e+00     4.0497      2.799      4.059    18.2580 0.0000e+00
      2.862      0.053     0.1574      1.569     44.898  38.785747     1.1200     10.166    55.9822 2.8717e+00     4.0562      2.802      4.064    18.2206 0.0000e+00
      2.876      0.053     0.1541      1.548     45.044  38.872483     1.1550     10.162    50.3071 2.8307e+00     4.1151      2.814      4.083    18.2497 0.0000e+00
      2.894      0.053     0.1511      1.533     45.267  39.041415     1.2090     10.157    42.9509 2.7933e+00     4.2470      2.836      4.114    18.2837 0.0000e+00
      2.912      0.054     0.1481      1.533     45.288  39.055666     1.2553     10.153    34.6698 2.7705e+00     4.3617      2.862      4.149    18.2564 0.0000e+00
      2.925      0.056     0.1498      1.543     45.120  38.901790     1.2771     10.151    26.8357 2.7600e+00     4.3757      2.874      4.169    18.1866 0.0000e+00
      2.935      0.056     0.1455      1.549     45.073  38.809848     1.2789     10.150    20.1593 2.7505e+00     4.3155      2.878      4.173    18.1274 0.0000e+00
      2.945      0.056     0.1426      1.553     45.239  38.846054     1.2691     10.149    14.5246 2.7261e+00     4.2605      2.884      4.182    18.0986 0.0000e+00
      2.959      0.056     0.1446      1.559     45.466  38.917781     1.2618     10.148     9.5584 2.6838e+00     4.2533      2.898      4.203    18.1064 0.0000e+00
      2.978      0.057     0.1459      1.561     45.843  39.146472     1.2626     10.146     5.1673 2.6388e+00     4.2594      2.922      4.237    18.1433 0.0000e+00
      2.996      0.059     0.1473      1.555     46.463  39.610914     1.2558     10.145     1.3893 2.6053e+00     4.2063      2.944      4.269    18.1250 0.0000e+00
      3.011      0.061     0.1457      1.545     47.053  40.044444     1.2314     10.144    -1.9252 2.5842e+00     4.0926      2.955      4.286    17.9480 0.0000e+00
      3.023      0.061     0.1488      1.539     47.472  40.305873     1.2059     10.143    -4.9480 2.5660e+00     4.0061      2.962      4.296    17.7400 0.0000e+00
      3.036      0.061     0.1505      1.540     47.996  40.638280     1.2024     10.143    -7.7017 2.5416e+00     4.0140      2.974      4.314    17.6615 0.0000e+00
      3.053      0.061     0.1474      1.550     48.796  41.215351     1.2324     10.143   -10.1692 2.5126e+00     4.0777      2.994      4.342    17.6316 0.0000e+00
      3.071      0.062     0.1480      1.557     49.715  41.917435     1.2821     10.142   -12.4138 2.4871e+00     4.0974      3.015      4.373    17.5830 0.0000e+00
      3.086      0.063     0.1466      1.557     50.486  42.517868     1.3182     10.142   -14.5837 2.4646e+00     4.0527      3.028      4.392    17.4688 0.0000e+00
      3.101      0.062     0.1467      1.552     50.932  42.853849     1.3283     10.141   -16.7323 2.4375e+00     4.0139      3.039      4.407    17.3115 0.0000e+00
      3.118      0.058     0.1499      1.544     51.200  43.040095     1.3306     10.140   -18.6058 2.4072e+00     4.0044      3.058      4.436    17.2104 0.0000e+00
      3.136      0.054     0.1511      1.536     51.758  43.465005     1.3451     10.139   -19.8933 2.3833e+00     3.9819      3.079      4.467    17.1311 0.0000e+00
      3.150      0.052     0.1499      1.533     52.947  44.394716     1.3677     10.139   -20.6735 2.3692e+00     3.9219      3.092      4.486    17.0965 0.0000e+00
      3.160      0.051     0.1498      1.534     54.646  45.702806     1.3795     10.139   -21.2552 2.3578e+00     3.8371      3.101      4.497    17.0797 0.0000e+00
      3.170      0.050     0.1500      1.534     56.303  46.939592     1.3789     10.138   -21.7771 2.3398e+00     3.7717      3.104      4.502    17.0166 0.0000e+00
      3.182      0.050     0.1474      1.531     57.458  47.768357     1.3820     10.137   -22.2113 2.3149e+00     3.7705      3.114      4.517    16.9942 0.0000e+00
      3.197      0.051     0.1480      1.524     58.340  48.417645     1.3942     10.135   -22.5358 2.2908e+00     3.8124      3.135      4.547    16.9715 0.0000e+00
      3.213      0.054     0.1486      1.514     59.412  49.263080     1.4034     10.134   -22.8229 2.2750e+00     3.8271      3.155      4.576    16.8505 0.0000e+00
      3.226      0.058     0.1492      1.504     60.572  50.172108     1.4063     10.133   -23.1559 2.2646e+00     3.7807      3.166      4.592    16.6722 0.0000e+00
      3.237      0.061     0.1501      1.498     61.443  50.807412     1.4217     10.130   -23.5061 2.2472e+00     3.7000      3.171      4.601    16.5187 0.0000e+00
      3.252      0.063     0.1493      1.500     62.023  51.188600     1.4576     10.127   -23.8509 2.2180e+00     3.6448      3.182      4.617    16.4513 0.0000e+00
      3.272      0.067     0.1482      1.510     62.677  51.640540     1.4942     10.123   -24.3427 2.1817e+00     3.6308      3.207      4.651    16.4680 0.0000e+00
      3.292      0.073     0.1465      1.520     63.787  52.452857     1.5191     10.120   -25.2074 2.1439e+00     3.5748      3.233      4.689    16.4556 0.0000e+00
      3.309      0.079     0.1465      1.526     65.303  53.546892     1.5457     10.115   -26.3758 2.1097e+00     3.4082      3.248      4.711    16.3472 0.0000e+00
      3.326      0.081     0.1461      1.529     66.670  54.467892     1.5819     10.111   -27.5045 2.0811e+00     3.2022      3.257      4.724    16.2367 0.0000e+00
      3.348      0.080     0.1485      1.534     67.564  55.001644     1.6139     10.107   -28.6173 2.0551e+00     3.0873      3.278      4.752    16.1919 0.0000e+00
      3.374      0.077     0.1504      1.536     68.250  55.415500     1.6281     10.103   -30.1379 2.0322e+00     3.0876      3.310      4.800    16.1582 0.0000e+00
      3.399      0.075     0.1500      1.531     68.769  55.748056     1.6192     10.098   -32.1294 2.0191e+00     3.1138      3.340      4.845    16.0418 0.0000e+00
      3.417      0.072     0.1517      1.523     68.734  55.653915     1.5921     10.094   -34.1301 2.0116e+00     3.1011      3.356      4.869    15.8421 0.0000e+00
      3.429      0.069     0.1519      1.522     68.199  55.140064     1.5667     10.090   -35.8229 1.9922e+00     3.0829      3.361      4.875    15.6593 0.0000e+00
      3.441      0.068     0.1539      1.528     67.586  54.534630     1.5552     10.087   -37.4162 1.9568e+00     3.1414      3.368      4.884    15.5585 0.0000e+00
      3.458      0.070     0.1538      1.527     66.889  53.842648     1.5427     10.084   -39.2371 1.9178e+00     3.3043      3.388      4.914    15.5176 0.0000e+00
      3.478      0.075     0.1505      1.514     65.937  52.931538     1.5154     10.080   -41.3467 1.8823e+00     3.4844      3.415      4.953    15.4939 0.0000e+00
      3.497      0.081     0.1508      1.504     65.026  52.040168     1.4832     10.075   -43.5573 1.8495e+00     3.5694      3.432      4.980    15.4474 0.0000e+00
      3.517      0.083     0.1538      1.506     64.501  51.462909     1.4611     10.071   -45.6122 1.8172e+00     3.5735      3.443      4.995    15.3466 0.0000e+00
      3.541      0.081     0.1554      1.516     64.130  51.045988     1.4515     10.068   -47.5452 1.7852e+00     3.6297      3.468      5.030    15.2431 0.0000e+00
      3.568      0.078     0.1512      1.521     63.723  50.648669     1.4375     10.063   -49.6175 1.7602e+00     3.8203      3.504      5.083    15.1513 0.0000e+00
      3.590      0.075     0.1499      1.516     63.886  50.725559     1.4048     10.057   -51.7869 1.7473e+00     4.0579      3.529      5.118    15.0135 0.0000e+00
      3.605      0.072     0.1522      1.509     65.060  51.579023     1.3672     10.052   -53.7564 1.7367e+00     4.2022      3.536      5.129    14.8617 0.0000e+00
      3.617      0.069     0.1531      1.510     66.565  52.648588     1.3395     10.048   -55.4798 1.7161e+00     4.3122      3.541      5.137    14.7614 0.0000e+00
      3.633      0.068     0.1566      1.515     67.609  53.327512     1.3187     10.046   -57.2199 1.6888e+00     4.5914      3.558      5.160    14.7178 0.0000e+00
      3.653      0.068     0.1544      1.520     68.079  53.552766     1.3031     10.043   -59.1650 1.6651e+00     5.0302      3.583      5.197    14.7152 0.0000e+00
      3.673      0.071     0.1505      1.525     68.094  53.415226     1.2915     10.040   -61.2495 1.6487e+00     5.4446      3.608      5.231    14.6848 0.0000e+00
      3.690      0.074     0.1545      1.526     67.879  53.084156     1.2710     10.038   -63.3165 1.6357e+00     6.0882      3.619      5.248    14.5564 0.0000e+00
      3.707      0.074     0.1553      1.519     67.747  52.819931     1.2324     10.036   -65.1930 1.6207e+00     7.5890      3.629      5.264    14.4178 0.0000e+00
      3.727      0.074     0.1543      1.504     67.642  52.596273     1.1904     10.035   -66.7580 1.6030e+00     9.7077      3.654      5.299    14.3333 0.0000e+00
      3.747      0.075     0.1574      1.491     66.979  51.955501     1.1651     10.034   -68.0632 1.5835e+00    11.4387      3.678      5.335    14.2329 0.0000e+00
      3.765      0.077     0.1573      1.489     65.270  50.502960     1.1465     10.033   -69.2189 1.5638e+00    13.2027      3.695      5.359    14.0969 0.0000e+00
      3.782      0.078     0.1572      1.491     62.888  48.518008     1.1036     10.033   -70.3167 1.5459e+00    16.6735      3.707      5.376    13.9644 0.0000e+00
      3.802      0.077     0.1563      1.484     60.689  46.672507     1.0404     10.032   -71.4476 1.5261e+00    21.3748      3.725      5.403    13.8615 0.0000e+00
      3.826      0.076     0.1521      1.475     58.806  45.087217     0.9942     10.030   -72.5919 1.5026e+00    24.8063      3.753      5.442    13.7850 0.0000e+00
      3.848      0.075     0.1535      1.476     56.713  43.364444     0.9753     10.027   -73.6663 1.4814e+00    26.5403      3.777      5.478    13.6965 0.0000e+00
      3.867      0.074     0.1580      1.484     54.539  41.592025     0.9640     10.025   -74.6484 1.4649e+00    28.2865      3.796      5.505    13.5738 0.0000e+00
      3.882      0.072     0.1549      1.494     53.048  40.343965     0.9503     10.024   -75.5492 1.4474e+00    30.4417      3.807      5.521    13.4345 0.0000e+00
      3.898      0.068     0.1514      1.511     52.447  39.782296     0.9383     10.023   -76.3967 1.4279e+00    31.9373      3.819      5.538    13.3112 0.0000e+00
      3.917      0.065     0.1556      1.561     52.297  39.580892     0.9288     10.022   -77.2135 1.4107e+00    32.4509      3.842      5.572    13.2215 0.0000e+00
      3.936      0.065     0.1561      1.707     52.233  39.460213     0.9123     10.019   -77.9930 1.3986e+00    32.5996      3.863      5.603    13.1307 0.0000e+00
      3.951      0.065     0.1560      2.036     52.179  39.355892     0.8812     10.016   -78.7509 1.3921e+00    32.8296      3.877      5.624    13.0172 0.0000e+00
      3.966      0.065     0.1598      2.626     52.159  39.280097     0.8423     10.014   -79.5207 1.3864e+00    33.1279      3.887      5.637    12.9091 0.0000e+00
      3.981      0.064     0.1594      3.552     52.158  39.222527     0.8135     10.013   -80.3048 1.3725e+00    33.3304      3.900      5.656    12.8266 0.0000e+00
      3.999      0.063     0.1652      4.879     52.158  39.169863     0.7986     10.011   -81.0524 1.3520e+00    33.4381      3.922      5.688    12.7667 0.0000e+00
      4.016      0.061     0.1976      6.633     52.194  39.150968     0.7874     10.008   -81.6413 1.3335e+00    33.5954      3.941      5.717    12.7091 0.0000e+00
      4.032      0.057     0.2550      8.811     52.324  39.210700     0.7767     10.005   -82.0041 1.3181e+00    33.7963      3.954      5.736    12.6471 0.0000e+00
