Data/DataNotYetUploadedToEDI/Raw_CTD/RawDownloads/070126_ccr30_S8188004.cnv
* Sea-Bird SBE19plus  Data File:
* FileName = C:\R\Reservoirs\Data\DataNotYetUploadedToEDI\Raw_CTD\RawDownloads\070126_ccr10_S8188_0004.hex
* Software version 2.8.0.119
* Temperature SN = 8188
* Conductivity SN = 8188
* System UpLoad Time = Jul 02 2026 16:07:23
* <ApplicationData>
* <Seaterm232>
# nquan = 16
# nvalues = 2057                        
# units = specified
# name 0 = depFM: Depth [fresh water, m]
# name 1 = dz/dtM: Descent Rate [m/s]
# name 2 = sbeox0Mg/L: Oxygen, SBE 43 [mg/l]
# name 3 = sbeox0PS: Oxygen, SBE 43 [% saturation]
# name 4 = specc: Specific Conductance [uS/cm]
# name 5 = c0uS/cm: Conductivity [uS/cm]
# name 6 = wetCDOM: Fluorescence, WET Labs CDOM [mg/m^3]
# name 7 = flECO-AFL: Fluorescence, WET Labs ECO-AFL/FL [mg/m^3]
# name 8 = flECO-AFL1: Fluorescence, WET Labs ECO-AFL/FL, 2 [mg/m^3]
# name 9 = flECO-AFL2: Fluorescence, WET Labs ECO-AFL/FL, 3 [mg/m^3]
# name 10 = par/sat/log: PAR/Logarithmic, Satlantic
# name 11 = turbWETntu0: Turbidity, WET Labs ECO [NTU]
# name 12 = prdM: Pressure, Strain Gauge [db]
# name 13 = prdE: Pressure, Strain Gauge [psi]
# name 14 = tv290C: Temperature [ITS-90, deg C]
# name 15 = flag:  0.000e+00
# span 0 =     -0.419,      9.067       
# span 1 =     -0.192,      0.207       
# span 2 =     3.8498,    11.3729       
# span 3 =     49.740,    114.008       
# span 4 =   -610.446,    164.799       
# span 5 =-470.613943, 164.392903       
# span 6 =    -4.5000,    40.1400       
# span 7 =    -1.7075,     5.8534       
# span 8 =    -2.1300,     1.1502       
# span 9 =    -6.3450,     5.2452       
# span 10 = 7.2945e+00, 2.3058e+03      
# span 11 =    -6.8204,    77.5037      
# span 12 =     -0.411,      8.892      
# span 13 =     -0.597,     12.897      
# span 14 =    13.4493,    28.9400      
# span 15 = 0.0000e+00, 0.0000e+00      
# interval = seconds: 0.25
# start_time = Jul 02 2026 11:54:36 [Instrument's time stamp, header]
# bad_flag = -9.990e-29
*END*
[from data line 543]
      0.644      0.000     4.2940     59.276    152.280 163.341754     6.5700     0.0244     0.0426     0.0846 9.8681e+01     0.1286      0.632      0.916    28.6216 0.0000e+00
      0.644      0.000     4.3673     60.056    152.278 163.340656     6.5700     0.0206     0.0426     0.1269 1.0061e+02     0.0832      0.632      0.916    28.6228 0.0000e+00
      0.644      0.000     4.4430     60.688    152.273 163.335407     6.5700     0.0397     0.0426     0.1269 9.8082e+01     0.1437      0.632      0.916    28.6238 0.0000e+00
      0.644      0.000     4.5178     61.158    152.270 163.332626     6.5700     0.0282     0.0426     0.1269 9.9391e+01     0.0983      0.632      0.917    28.6246 0.0000e+00
      0.645      0.000     4.5872     61.473    152.269 163.331571     6.5700     0.0206     0.0426     0.1269 9.8488e+01     0.1286      0.632      0.917    28.6251 0.0000e+00
      0.645      0.000     4.6475     61.649    152.263 163.323942     6.5700     0.0244     0.0852     0.0423 9.7170e+01     0.1134      0.632      0.917    28.6254 0.0000e+00
      0.644      0.000     4.6964     61.712    152.256 163.315725     6.5700     0.0244     0.0852     0.0423 9.6685e+01     0.1286      0.632      0.916    28.6255 0.0000e+00
      0.644      0.000     4.7328     61.707    152.256 163.314748     6.5700     0.0054     0.0852     0.0423 9.5870e+01     0.0530      0.631      0.916    28.6256 0.0000e+00
      0.644      0.000     4.7572     61.673    152.254 163.310731     6.5700     0.0435     0.0852     0.0423 9.6959e+01     0.1286      0.631      0.915    28.6256 0.0000e+00
      0.644      0.000     4.7709     61.611    152.245 163.298591     6.5700     0.0015     0.0426     0.0846 9.5599e+01     0.1588      0.631      0.916    28.6254 0.0000e+00
      0.644      0.000     4.7757     61.521    152.239 163.291127     6.5700     0.0168     0.0426     0.0846 9.6329e+01     0.0983      0.632      0.916    28.6251 0.0000e+00
      0.645      0.000     4.7754     61.404    152.242 163.292364     6.5700     0.0435     0.0426     0.0846 9.5185e+01     0.1286      0.632      0.917    28.6247 0.0000e+00
      0.644      0.000     4.7728     61.250    152.243 163.292607     6.5700     0.0206     0.0426     0.0846 9.5870e+01     0.0983      0.632      0.917    28.6241 0.0000e+00
      0.644     -0.001     4.7681     61.055    152.237 163.285908     6.5700     0.0435     0.0426     0.0846 9.4258e+01     0.1739      0.631      0.916    28.6234 0.0000e+00
      0.644     -0.001     4.7611     60.814    152.232 163.280504     6.5700     0.0359     0.0426     0.0846 9.3972e+01     0.1286      0.631      0.915    28.6228 0.0000e+00
      0.643     -0.001     4.7521     60.520    152.237 163.284975     6.5700     0.0359     0.0426     0.0846 9.4238e+01     0.1588      0.631      0.915    28.6223 0.0000e+00
      0.643     -0.001     4.7402     60.170    152.244 163.292496     6.5700     0.0588     0.0426     0.0846 9.2614e+01     0.0681      0.631      0.915    28.6220 0.0000e+00
      0.643     -0.001     4.7251     59.780    152.248 163.297055     6.5700     0.0473     0.0426     0.0846 9.3829e+01     0.1437      0.631      0.915    28.6218 0.0000e+00
      0.643     -0.001     4.7065     59.365    152.251 163.299867     6.5700     0.0168     0.0426     0.0846 9.1792e+01     0.0681      0.631      0.915    28.6218 0.0000e+00
      0.643     -0.001     4.6837     58.930    152.251 163.299677     6.5700     0.0435     0.0426     0.0846 9.1932e+01     0.1286      0.630      0.914    28.6218 0.0000e+00
      0.642     -0.001     4.6566     58.488    152.247 163.294431     6.5700     0.0282     0.0426     0.0846 9.0840e+01     0.1588      0.630      0.913    28.6218 0.0000e+00
      0.642     -0.001     4.6264     58.059    152.233 163.278721     6.5700     0.0130     0.0426     0.0846 9.0643e+01     0.1437      0.629      0.913    28.6217 0.0000e+00
      0.641     -0.001     4.5943     57.672    152.212 163.256374     6.6600     0.0130     0.1278     0.0846 9.1196e+01     0.1286      0.629      0.913    28.6216 0.0000e+00
      0.642     -0.001     4.5607     57.353    152.208 163.251500     6.6600     0.0473     0.1278     0.0846 9.1216e+01     0.0530      0.629      0.913    28.6215 0.0000e+00
      0.642     -0.002     4.5265     57.112    152.219 163.262798     6.6600     0.0511     0.1278     0.0846 9.0152e+01     0.0228      0.629      0.913    28.6213 0.0000e+00
      0.641     -0.003     4.4933     56.929    152.224 163.267223     6.6600     0.0397     0.1278     0.0846 9.0466e+01     0.0681      0.629      0.912    28.6212 0.0000e+00
      0.640     -0.004     4.4634     56.777    152.221 163.263950     6.6600     0.0321     0.1278     0.0846 9.1474e+01     0.1588      0.628      0.911    28.6210 0.0000e+00
      0.639     -0.004     4.4387     56.644    152.216 163.258120     6.6600     0.0359     0.0852     0.0846 8.8559e+01    -0.0225      0.627      0.909    28.6209 0.0000e+00
      0.637     -0.004     4.4200     56.521    152.211 163.252188     6.6600     0.0206     0.0852     0.0846 8.9917e+01     0.0228      0.625      0.907    28.6208 0.0000e+00
      0.636     -0.003     4.4058     56.398    152.208 163.248580     6.6600     0.0359     0.0852     0.0846 8.9663e+01     0.1286      0.624      0.905    28.6206 0.0000e+00
      0.635     -0.002     4.3941     56.274    152.203 163.242325     6.6600     0.0397     0.0852     0.0846 9.0643e+01     0.0530      0.623      0.903    28.6205 0.0000e+00
      0.635     -0.002     4.3839     56.152    152.193 163.231755     6.6600     0.0321     0.0852     0.0423 9.2192e+01     0.1286      0.623      0.903    28.6203 0.0000e+00
      0.635     -0.001     4.3744     56.043    152.188 163.226080     6.6600     0.0359     0.0852     0.0423 8.9819e+01     0.1890      0.623      0.903    28.6202 0.0000e+00
      0.635     -0.001     4.3649     55.962    152.189 163.227793     6.6600     0.0359     0.0852     0.0423 9.0978e+01     0.0530      0.623      0.904    28.6200 0.0000e+00
      0.635     -0.001     4.3553     55.895    152.191 163.229335     6.6600     0.0206     0.0852     0.0423 8.8271e+01    -0.0225      0.623      0.903    28.6199 0.0000e+00
      0.634     -0.001     4.3458     55.804    152.184 163.223099     6.6600     0.0359     0.0426     0.1692 9.0171e+01     0.0228      0.622      0.902    28.6198 0.0000e+00
      0.634     -0.000     4.3374     55.676    152.169 163.207421     6.6600     0.0282     0.0426     0.1692 8.7545e+01     0.1286      0.621      0.901    28.6198 0.0000e+00
      0.633     -0.000     4.3312     55.527    152.144 163.182129     6.6600     0.0282     0.0426     0.1692 8.8579e+01     0.0530      0.621      0.901    28.6198 0.0000e+00
      0.634     -0.000     4.3260     55.390    152.111 163.148496     6.6600     0.0244     0.0426     0.1692 8.7279e+01    -0.0074      0.622      0.902    28.6198 0.0000e+00
      0.635      0.000     4.3189     55.307    152.092 163.129627     6.6600     0.0435     0.0426     0.1692 8.7185e+01     0.0983      0.623      0.903    28.6199 0.0000e+00
      0.635      0.000     4.3090     55.297    152.097 163.136526     6.5700     0.0435     0.1278     0.0846 8.7927e+01     0.1286      0.623      0.903    28.6201 0.0000e+00
      0.635      0.000     4.2974     55.369    152.109 163.150987     6.5700     0.0435     0.1278     0.0846 8.7984e+01     0.0379      0.622      0.903    28.6205 0.0000e+00
      0.634      0.000     4.2868     55.561    152.121 163.164840     6.5700     0.0282     0.1278     0.0846 8.7469e+01     0.0681      0.622      0.902    28.6211 0.0000e+00
      0.634      0.000     4.2803     55.931    152.129 163.173761     6.5700     0.0359     0.1278     0.0846 8.7223e+01     0.1588      0.622      0.902    28.6218 0.0000e+00
      0.634      0.000     4.2794     56.506    152.126 163.172111     6.5700     0.0359     0.0426     0.0846 8.9197e+01     0.0983      0.622      0.902    28.6224 0.0000e+00
      0.635      0.000     4.2850     57.281    152.120 163.167468     6.5700     0.0130     0.0426     0.0846 8.7507e+01     0.0379      0.623      0.903    28.6227 0.0000e+00
      0.635      0.001     4.2998     58.269    152.116 163.166612     6.5700     0.0321     0.0426     0.0846 8.7109e+01     0.1286      0.623      0.904    28.6230 0.0000e+00
      0.635      0.001     4.3285     59.492    152.112 163.165305     6.5700     0.0435     0.0426     0.0846 8.9081e+01     0.1588      0.623      0.904    28.6232 0.0000e+00
      0.635      0.001     4.3729     60.938    152.107 163.163200     6.6600     0.0473     0.0426     0.1692 8.6599e+01     0.0681      0.623      0.903    28.6236 0.0000e+00
      0.635      0.001     4.4328     62.541    152.109 163.167754     6.6600     0.0168     0.0426     0.1692 8.7014e+01     0.0983      0.623      0.903    28.6243 0.0000e+00
      0.635      0.001     4.5092     64.158    152.115 163.176171     6.6600     0.0092     0.0426     0.1692 8.4756e+01     0.2192      0.623      0.904    28.6253 0.0000e+00
      0.636      0.001     4.6038     65.609    152.116 163.178670     6.6600     0.0549     0.0426     0.1692 8.7355e+01     0.1588      0.623      0.904    28.6264 0.0000e+00
      0.636      0.000     4.7156     66.751    152.112 163.175918     6.6600     0.0168     0.0852     0.1269 8.5403e+01     0.0832      0.624      0.905    28.6274 0.0000e+00
      0.636      0.000     4.8395     67.505    152.108 163.171188     6.6600     0.0397     0.0852     0.1269 8.5775e+01     0.0228      0.624      0.905    28.6283 0.0000e+00
      0.636      0.000     4.9646     67.841    152.104 163.167229     6.6600     0.0359     0.0852     0.1269 8.5348e+01     0.0983      0.624      0.905    28.6290 0.0000e+00
      0.636      0.000     5.0769     67.782    152.108 163.171003     6.6600     0.0397     0.0852     0.1269 8.5943e+01     0.1890      0.624      0.905    28.6295 0.0000e+00
      0.636      0.000     5.1652     67.409    152.117 163.179508     6.6600     0.0168     0.0852     0.1269 8.7109e+01     0.2041      0.623      0.904    28.6298 0.0000e+00
      0.636      0.000     5.2235     66.838    152.118 163.178975     6.5700     0.0282     0.0426     0.0423 8.5255e+01     0.1890      0.624      0.905    28.6299 0.0000e+00
      0.636      0.000     5.2495     66.185    152.106 163.165254     6.5700     0.0244     0.0426     0.0423 8.6336e+01     0.0983      0.624      0.905    28.6298 0.0000e+00
      0.636      0.000     5.2450     65.528    152.090 163.146711     6.5700     0.0054     0.0426     0.0423 8.5906e+01     0.0681      0.624      0.905    28.6296 0.0000e+00
      0.636      0.000     5.2162     64.905    152.075 163.130430     6.5700     0.0054     0.0426     0.0423 8.5571e+01     0.1286      0.624      0.905    28.6293 0.0000e+00
      0.636      0.000     5.1720     64.329    152.066 163.120087     6.5700     0.0206     0.0852     0.1269 8.5682e+01     0.0983      0.624      0.905    28.6289 0.0000e+00
      0.636      0.000     5.1215     63.798    152.064 163.116931     6.5700     0.0206     0.0852     0.1269 8.6487e+01     0.0681      0.624      0.904    28.6285 0.0000e+00
      0.636      0.000     5.0707     63.296    152.060 163.112104     6.5700     0.0359     0.0852     0.1269 8.4572e+01     0.2192      0.624      0.905    28.6282 0.0000e+00
      0.636      0.000     5.0225     62.808    152.045 163.096301     6.5700     0.0092     0.0852     0.1269 8.6882e+01     0.1588      0.624      0.905    28.6279 0.0000e+00
      0.636      0.000     4.9780     62.330    152.025 163.073325     6.6600     0.0397     0.0426     0.0846 8.5255e+01     0.1286      0.624      0.905    28.6277 0.0000e+00
      0.636      0.000     4.9369     61.863    152.010 163.057094     6.6600     0.0168     0.0426     0.0846 8.5850e+01     0.0983      0.624      0.905    28.6275 0.0000e+00
      0.636     -0.001     4.8981     61.413    152.016 163.063325     6.6600     0.0473     0.0426     0.0846 8.5199e+01     0.1739      0.623      0.905    28.6273 0.0000e+00
      0.635     -0.001     4.8604     60.981    152.049 163.097688     6.6600     0.0282     0.0426     0.0846 8.6731e+01     0.1437      0.623      0.904    28.6272 0.0000e+00
      0.635      0.000     4.8234     60.569    152.093 163.145293     6.6600     0.0282     0.0426     0.0846 8.5162e+01     0.1134      0.623      0.904    28.6270 0.0000e+00
      0.635      0.000     4.7873     60.188    152.125 163.178745     6.6600     0.0359     0.0426     0.1269 8.5925e+01     0.1134      0.623      0.904    28.6268 0.0000e+00
      0.635      0.000     4.7524     59.848    152.133 163.186919     6.6600     0.0244     0.0426     0.1269 8.6168e+01     0.1437      0.623      0.904    28.6266 0.0000e+00
      0.636      0.000     4.7191     59.541    152.127 163.180014     6.6600     0.0206     0.0426     0.1269 8.5571e+01     0.0832      0.624      0.905    28.6265 0.0000e+00
      0.636      0.000     4.6872     59.249    152.113 163.164205     6.6600     0.0321     0.0426     0.1269 8.4480e+01     0.2041      0.624      0.905    28.6264 0.0000e+00
      0.636      0.000     4.6577     58.968    152.091 163.139287     6.5700     0.0435     0.0426     0.0000 8.6411e+01     0.1134      0.624      0.904    28.6263 0.0000e+00
      0.636      0.000     4.6314     58.708    152.069 163.114650     6.5700     0.0435     0.0426     0.0000 8.6243e+01     0.0983      0.624      0.904    28.6261 0.0000e+00
      0.636      0.001     4.6076     58.483    152.060 163.103770     6.5700     0.0435     0.0426     0.0000 8.5962e+01     0.1286      0.624      0.905    28.6259 0.0000e+00
      0.636      0.001     4.5851     58.307    152.057 163.099735     6.5700     0.0626     0.0426     0.0000 8.5981e+01     0.0983      0.624      0.905    28.6257 0.0000e+00
      0.637      0.001     4.5633     58.180    152.045 163.085433     6.6600     0.0855     0.0426     0.0423 8.5775e+01     0.1588      0.625      0.906    28.6254 0.0000e+00
      0.637      0.001     4.5433     58.094    152.024 163.061060     6.6600     0.1122     0.0426     0.0423 8.5496e+01     0.1588      0.625      0.906    28.6250 0.0000e+00
      0.637      0.001     4.5259     58.064    151.995 163.028135     6.6600     0.1007     0.0426     0.0423 8.5329e+01     0.1588      0.625      0.906    28.6246 0.0000e+00
      0.637      0.001     4.5123     58.099    151.968 162.997921     6.6600     0.0893     0.0426     0.0423 8.6018e+01     0.0983      0.625      0.906    28.6242 0.0000e+00
      0.637      0.000     4.5025     58.209    151.966 162.994433     6.6600     0.0168     0.0852     0.1269 8.6374e+01     0.4005      0.625      0.906    28.6236 0.0000e+00
      0.637      0.000     4.4959     58.429    151.979 163.008723     6.6600     0.0321     0.0852     0.1269 8.5608e+01     0.4609      0.625      0.906    28.6230 0.0000e+00
      0.637      0.000     4.4936     58.800    151.989 163.020548     6.6600     0.0282     0.0852     0.1269 8.5051e+01     0.3854      0.625      0.906    28.6225 0.0000e+00
      0.637      0.001     4.4964     59.368    151.998 163.033062     6.6600     0.0282     0.0852     0.1269 8.5107e+01     0.4156      0.625      0.906    28.6221 0.0000e+00
      0.637      0.001     4.5049     60.216    152.006 163.045592     6.6600     0.0206     0.0852     0.1269 8.5794e+01     0.1286      0.625      0.906    28.6219 0.0000e+00
      0.638      0.001     4.5219     61.436    152.014 163.057472     6.6600     0.0206     0.0426     0.0846 8.5794e+01    -0.0074      0.625      0.907    28.6219 0.0000e+00
      0.638      0.001     4.5506     63.087    152.026 163.075879     6.6600     0.0206     0.0426     0.0846 8.5162e+01     0.1739      0.626      0.907    28.6224 0.0000e+00
