Data/DataNotYetUploadedToEDI/Raw_CTD/RawDownloads/070124_bvr50_S8188004.cnv
* Sea-Bird SBE19plus  Data File:
* FileName = C:\R\Reservoirs\Data\DataNotYetUploadedToEDI\Raw_CTD\RawDownloads\062424_bvr50_S8188_0004.hex
* Software version 2.8.0.119
* Temperature SN = 8188
* Conductivity SN = 8188
* System UpLoad Time = Jul 02 2024 12:04:51
* <ApplicationData>
* <Seaterm232>
# nquan = 16
# nvalues = 3617                        
# units = specified
# name 0 = depFM: Depth [fresh water, m]
# name 1 = dz/dtM: Descent Rate [m/s]
# name 2 = sbeox0Mg/L: Oxygen, SBE 43 [mg/l]
# name 3 = sbeox0PS: Oxygen, SBE 43 [% saturation]
# name 4 = specc: Specific Conductance [uS/cm]
# name 5 = c0uS/cm: Conductivity [uS/cm]
# name 6 = wetCDOM: Fluorescence, WET Labs CDOM [mg/m^3]
# name 7 = flECO-AFL: Fluorescence, WET Labs ECO-AFL/FL [mg/m^3]
# name 8 = flECO-AFL1: Fluorescence, WET Labs ECO-AFL/FL, 2 [mg/m^3]
# name 9 = flECO-AFL2: Fluorescence, WET Labs ECO-AFL/FL, 3 [mg/m^3]
# name 10 = par/sat/log: PAR/Logarithmic, Satlantic
# name 11 = turbWETntu0: Turbidity, WET Labs ECO [NTU]
# name 12 = prdM: Pressure, Strain Gauge [db]
# name 13 = prdE: Pressure, Strain Gauge [psi]
# name 14 = tv290C: Temperature [ITS-90, deg C]
# name 15 = flag:  0.000e+00
# span 0 =     -0.705,      9.646       
# span 1 =     -0.200,      0.172       
# span 2 =    -0.2074,     8.2112       
# span 3 =     -2.434,    102.399       
# span 4 =     -0.061,    114.563       
# span 5 =  -0.058096,  80.507702       
# span 6 =    -4.6800,    49.7700       
# span 7 =    -2.5658,   245.1682       
# span 8 =    -3.4080,     5.6658       
# span 9 =    -6.8949,     8.2062       
# span 10 = 1.1582e-01, 2.6326e+03      
# span 11 =   -12.3796,   971.0793      
# span 12 =     -0.691,      9.460      
# span 13 =     -1.002,     13.720      
# span 14 =    10.1167,    27.2463      
# span 15 = 0.0000e+00, 0.0000e+00      
# interval = seconds: 0.25
# start_time = Jul 01 2024 10:07:41 [Instrument's time stamp, header]
# bad_flag = -9.990e-29
*END*
[from data line 2170]
      1.955      0.043     0.2298      3.304     28.413  27.003135    29.1600     1.3863     0.1278     1.1421 3.8105e+01     1.8356      1.917      2.781    22.7041 0.0000e+00
      1.966      0.043     0.2429      3.473     28.302  26.874085    29.1600     1.2299     0.1278     1.1421 3.8262e+01     2.0018      1.928      2.797    22.6521 0.0000e+00
      1.977      0.044     0.2568      3.632     28.197  26.750324    29.1600     1.2375     0.1278     1.1421 3.7799e+01     1.8960      1.939      2.812    22.6028 0.0000e+00
      1.988      0.044     0.2712      3.771     28.104  26.638673    29.1600     1.2604     0.1278     1.1421 3.7342e+01     1.8658      1.950      2.828    22.5569 0.0000e+00
      2.000      0.045     0.2861      3.885     28.016  26.531259    28.2600     1.2642     0.0852     1.4805 3.7205e+01     1.9413      1.961      2.844    22.5134 0.0000e+00
      2.011      0.045     0.3010      3.986     27.934  26.429306    28.2600     1.3062     0.0852     1.4805 3.6444e+01     1.7449      1.972      2.861    22.4710 0.0000e+00
      2.023      0.045     0.3150      4.090     27.900  26.373325    28.2600     1.3138     0.0852     1.4805 3.6357e+01     1.6543      1.984      2.877    22.4288 0.0000e+00
      2.035      0.045     0.3273      4.215     27.915  26.364317    28.2600     1.2909     0.0852     1.4805 3.5809e+01     1.7449      1.995      2.894    22.3864 0.0000e+00
      2.046      0.044     0.3375      4.380     27.959  26.381958    28.2600     1.2947     0.0852     1.4805 3.5777e+01     1.7147      2.006      2.910    22.3438 0.0000e+00
      2.057      0.043     0.3465      4.600     28.024  26.419004    27.9000     1.8517     0.0852     1.6074 3.5138e+01     1.8507      2.017      2.926    22.3011 0.0000e+00
      2.068      0.043     0.3559      4.881     28.083  26.447500    27.9000     1.8517     0.0852     1.6074 3.5437e+01     1.9111      2.028      2.941    22.2586 0.0000e+00
      2.078      0.042     0.3671      5.210     28.166  26.494958    27.9000     1.8746     0.0852     1.6074 3.4963e+01     1.8507      2.038      2.956    22.2169 0.0000e+00
      2.089      0.042     0.3817      5.554     28.338  26.621819    27.9000     1.8746     0.0852     1.6074 3.4925e+01     1.9262      2.048      2.971    22.1755 0.0000e+00
      2.099      0.041     0.4013      5.875     28.585  26.816114    27.9000     1.9089     0.0852     1.5228 3.4405e+01     2.5607      2.059      2.986    22.1325 0.0000e+00
      2.110      0.041     0.4262      6.144     28.846  27.022129    27.9000     2.6566     0.0852     1.5228 3.4263e+01     2.4549      2.069      3.001    22.0852 0.0000e+00
      2.120      0.040     0.4555      6.337     29.080  27.201212    27.9000     2.6795     0.0852     1.5228 3.4048e+01     2.4701      2.079      3.016    22.0315 0.0000e+00
      2.131      0.039     0.4861      6.438     29.266  27.337396    27.9000     2.6757     0.0852     1.5228 3.3871e+01     2.6513      2.089      3.030    21.9711 0.0000e+00
      2.140      0.039     0.5148      6.431     29.423  27.447082    27.6300     2.6719     0.0852     1.6497 3.3709e+01     2.5758      2.099      3.044    21.9054 0.0000e+00
      2.150      0.038     0.5390      6.305     29.574  27.553545    27.6300     3.6446     0.0852     1.6497 3.3571e+01     3.5124      2.109      3.058    21.8369 0.0000e+00
      2.160      0.038     0.5566      6.051     29.701  27.639374    27.6300     3.6675     0.0852     1.6497 3.3164e+01     3.4671      2.118      3.072    21.7685 0.0000e+00
      2.169      0.037     0.5661      5.670     29.786  27.687628    27.6300     3.6408     0.0852     1.6497 3.3150e+01     3.5426      2.127      3.085    21.7024 0.0000e+00
      2.179      0.036     0.5661      5.175     29.834  27.703209    27.7200     3.6523     0.1278     1.6074 3.2806e+01     3.5124      2.137      3.099    21.6398 0.0000e+00
      2.188      0.036     0.5556      4.595     29.869  27.706203    27.7200     3.9346     0.1278     1.6074 3.2699e+01     4.2224      2.146      3.112    21.5812 0.0000e+00
      2.197      0.035     0.5337      3.966     29.916  27.721300    27.7200     3.9803     0.1278     1.6074 3.2579e+01     4.1771      2.155      3.125    21.5265 0.0000e+00
      2.206      0.035     0.5005      3.327     29.989  27.762484    27.7200     3.9422     0.1278     1.6074 3.2185e+01     4.3584      2.163      3.137    21.4747 0.0000e+00
      2.214      0.034     0.4572      2.720     30.109  27.848700    27.7200     3.9651     0.1278     1.6074 3.2241e+01     4.2224      2.172      3.150    21.4247 0.0000e+00
      2.223      0.034     0.4062      2.182     30.266  27.969086    27.3600     3.6027     0.1278     1.9881 3.1513e+01     3.7994      2.180      3.162    21.3758 0.0000e+00
      2.231      0.033     0.3509      1.732     30.430  28.096004    27.3600     3.5912     0.1278     1.9881 3.1527e+01     3.6937      2.188      3.174    21.3284 0.0000e+00
      2.240      0.033     0.2946      1.371     30.615  28.241394    27.3600     3.5874     0.1278     1.9881 3.1315e+01     3.7692      2.196      3.185    21.2839 0.0000e+00
      2.248      0.033     0.2410      1.094     30.844  28.426103    27.3600     3.5798     0.1278     1.9881 3.0883e+01     3.7692      2.204      3.197    21.2424 0.0000e+00
      2.256      0.033     0.1935      0.896     31.101  28.635662    27.1800     2.5651     0.0852     1.9881 3.0910e+01     3.7390      2.213      3.209    21.2023 0.0000e+00
      2.264      0.033     0.1537      0.765     31.358  28.842314    27.1800     2.5116     0.0852     1.9881 3.0662e+01     3.8296      2.221      3.221    21.1618 0.0000e+00
      2.273      0.033     0.1217      0.688     31.630  29.057355    27.1800     2.5231     0.0852     1.9881 3.0483e+01     3.7692      2.229      3.233    21.1201 0.0000e+00
      2.281      0.033     0.0972      0.656     31.948  29.308256    27.1800     2.5345     0.0852     1.9881 3.0252e+01     3.7088      2.237      3.245    21.0780 0.0000e+00
      2.290      0.033     0.0797      0.664     32.299  29.584256    27.2700     1.9700     0.0852     2.1996 2.9964e+01     4.2073      2.246      3.257    21.0348 0.0000e+00
      2.298      0.033     0.0682      0.707     32.661  29.867345    27.2700     1.9776     0.0852     2.1996 2.9990e+01     4.1620      2.254      3.269    20.9878 0.0000e+00
      2.307      0.033     0.0614      0.781     33.038  30.161317    27.2700     1.9928     0.0852     2.1996 2.9512e+01     4.2224      2.263      3.281    20.9333 0.0000e+00
      2.316      0.033     0.0587      0.871     33.435  30.474858    27.2700     1.9814     0.0852     2.1996 2.9035e+01     4.1167      2.271      3.294    20.8699 0.0000e+00
      2.324      0.033     0.0595      0.959     33.878  30.829839    27.2700     1.4473     0.0852     2.1996 2.8435e+01     4.4792      2.279      3.306    20.7995 0.0000e+00
      2.333      0.034     0.0634      1.029     34.375  31.233290    27.2700     1.4206     0.0852     2.1996 2.7933e+01     4.5094      2.288      3.318    20.7250 0.0000e+00
      2.341      0.034     0.0702      1.069     34.931  31.685249    27.2700     1.4283     0.0852     2.1996 2.7673e+01     4.4188      2.296      3.330    20.6494 0.0000e+00
      2.349      0.034     0.0784      1.070     35.601  32.234536    27.2700     1.4244     0.0852     2.1996 2.6949e+01     4.4037      2.304      3.342    20.5758 0.0000e+00
      2.358      0.034     0.0864      1.031     36.431  32.920073    27.2700     1.0849     0.0852     2.1996 2.6142e+01     4.9626      2.313      3.354    20.5053 0.0000e+00
      2.367      0.034     0.0928      0.962     37.371  33.693623    27.2700     1.0315     0.0852     2.1573 2.5359e+01     4.9626      2.321      3.367    20.4350 0.0000e+00
      2.376      0.035     0.0965      0.881     38.323  34.468661    27.2700     1.0926     0.0852     2.1573 2.4275e+01     4.9928      2.330      3.379    20.3614 0.0000e+00
      2.385      0.035     0.0967      0.804     39.261  35.224781    27.2700     1.0697     0.0852     2.1573 2.3212e+01     4.9173      2.339      3.392    20.2822 0.0000e+00
      2.394      0.036     0.0933      0.740     40.208  35.986319    27.2700     0.9285     0.0852     2.1573 2.2177e+01     5.1741      2.348      3.405    20.1938 0.0000e+00
      2.403      0.036     0.0872      0.693     41.174  36.765109    27.3600     0.9400     0.0852     2.1150 2.1197e+01     5.1590      2.356      3.418    20.0941 0.0000e+00
      2.412      0.036     0.0800      0.665     42.110  37.517807    27.3600     0.9323     0.0852     2.1150 2.0300e+01     5.2194      2.365      3.431    19.9858 0.0000e+00
      2.421      0.037     0.0732      0.653     42.883  38.126365    27.3600     0.9285     0.0852     2.1150 1.9872e+01     5.1288      2.374      3.444    19.8739 0.0000e+00
      2.431      0.037     0.0675      0.655     43.439  38.541875    27.3600     0.8827     0.0852     2.1150 1.9941e+01     5.3252      2.384      3.457    19.7633 0.0000e+00
      2.440      0.037     0.0634      0.663     43.844  38.825326    27.4500     0.8713     0.1278     4.0608 2.0656e+01     5.3856      2.393      3.471    19.6577 0.0000e+00
      2.450      0.037     0.0609      0.672     44.156  39.030387    27.4500     0.8713     0.1278     4.0608 2.1634e+01     5.4460      2.403      3.485    19.5574 0.0000e+00
      2.460      0.037     0.0600      0.679     44.429  39.205758    27.4500     0.8789     0.1278     4.0608 2.2512e+01     5.4762      2.412      3.499    19.4606 0.0000e+00
      2.469      0.037     0.0603      0.687     44.718  39.398204    27.4500     0.8637     0.1278     4.0608 2.3410e+01     5.6273      2.422      3.512    19.3674 0.0000e+00
      2.478      0.037     0.0612      0.690     45.013  39.597274    27.4500     0.8942     0.1278     4.0608 2.4354e+01     5.6122      2.431      3.525    19.2793 0.0000e+00
      2.488      0.037     0.0621      0.688     45.280  39.768383    27.8100     0.8675     0.0852     5.1606 2.4700e+01     5.6726      2.440      3.538    19.1976 0.0000e+00
      2.497      0.037     0.0629      0.683     45.490  39.885429    27.8100     0.8789     0.0852     5.1606 2.5205e+01     5.7481      2.449      3.551    19.1224 0.0000e+00
      2.506      0.037     0.0636      0.678     45.650  39.953718    27.8100     0.7607     0.0852     5.1606 2.5381e+01     5.9747      2.458      3.564    19.0518 0.0000e+00
      2.515      0.037     0.0640      0.672     45.792  40.007396    27.8100     0.7607     0.0852     5.1606 2.5502e+01     5.9899      2.467      3.578    18.9830 0.0000e+00
      2.525      0.037     0.0639      0.670     45.923  40.060774    27.6300     0.7492     0.1704     5.1606 2.5254e+01     5.8388      2.476      3.592    18.9128 0.0000e+00
      2.535      0.036     0.0636      0.671     46.030  40.106165    27.6300     0.7645     0.1704     5.1606 2.5079e+01     5.8841      2.486      3.606    18.8382 0.0000e+00
      2.544      0.035     0.0632      0.675     46.117  40.145709    27.6300     0.8179     0.1704     5.1606 2.4894e+01     6.1107      2.495      3.619    18.7591 0.0000e+00
      2.553      0.033     0.0628      0.683     46.217  40.203900    27.6300     0.8217     0.1704     5.1606 2.4878e+01     6.0956      2.504      3.631    18.6817 0.0000e+00
      2.561      0.031     0.0626      0.693     46.332  40.276327    27.9000     0.8065     0.1278     6.9372 2.4749e+01     6.1107      2.512      3.643    18.6145 0.0000e+00
      2.568      0.030     0.0628      0.699     46.432  40.334484    27.9000     0.8370     0.1278     6.9372 2.4727e+01     6.1409      2.519      3.654    18.5619 0.0000e+00
      2.576      0.028     0.0632      0.699     46.493  40.356019    27.9000     0.8713     0.1278     6.9372 2.4434e+01     6.0352      2.526      3.664    18.5224 0.0000e+00
      2.583      0.027     0.0640      0.694     46.507  40.334718    27.9000     0.8751     0.1278     6.9372 2.4301e+01     6.1258      2.533      3.674    18.4909 0.0000e+00
      2.590      0.026     0.0650      0.685     46.525  40.314713    27.9900     0.8827     0.1278     8.1639 2.4243e+01     6.1107      2.540      3.683    18.4615 0.0000e+00
      2.596      0.025     0.0656      0.675     46.566  40.312588    27.9900     0.8866     0.1278     8.1639 2.4122e+01     6.1258      2.546      3.693    18.4302 0.0000e+00
      2.602      0.025     0.0656      0.664     46.591  40.293899    27.9900     0.9133     0.1278     8.1639 2.4044e+01     6.3977      2.552      3.701    18.3964 0.0000e+00
      2.608      0.024     0.0652      0.653     46.589  40.251669    27.9900     0.9590     0.1278     8.1639 2.3913e+01     6.3222      2.558      3.710    18.3607 0.0000e+00
      2.614      0.024     0.0645      0.645     46.578  40.204524    27.9900     0.9514     0.1278     8.1639 2.3696e+01     6.3373      2.564      3.718    18.3225 0.0000e+00
      2.620      0.025     0.0636      0.640     46.578  40.171770    28.0800     0.9247     0.1278     7.3602 2.3655e+01     6.3675      2.570      3.727    18.2814 0.0000e+00
      2.627      0.025     0.0626      0.635     46.591  40.154636    28.0800     0.9590     0.1278     7.3602 2.3686e+01     6.1711      2.576      3.736    18.2379 0.0000e+00
      2.633      0.026     0.0616      0.634     46.607  40.144564    28.0800     0.9323     0.1278     7.3602 2.3455e+01     6.1711      2.582      3.745    18.1947 0.0000e+00
      2.639      0.026     0.0609      0.634     46.622  40.138870    28.0800     0.9400     0.1278     7.3602 2.3152e+01     6.0956      2.589      3.755    18.1548 0.0000e+00
      2.646      0.027     0.0604      0.633     46.625  40.126070    28.0800     0.9514     0.1278     6.2604 2.3011e+01     6.0654      2.595      3.764    18.1192 0.0000e+00
      2.653      0.027     0.0600      0.631     46.602  40.092788    28.0800     0.8065     0.1278     6.2604 2.2590e+01     6.3524      2.602      3.774    18.0885 0.0000e+00
      2.660      0.028     0.0599      0.630     46.562  40.044098    28.0800     0.8217     0.1278     6.2604 2.1691e+01     6.3977      2.609      3.784    18.0632 0.0000e+00
      2.667      0.028     0.0600      0.626     46.507  39.980963    28.0800     0.8217     0.1278     6.2604 2.0606e+01     6.3675      2.616      3.795    18.0430 0.0000e+00
      2.675      0.029     0.0599      0.622     46.457  39.920418    28.2600     0.8026     0.1704     6.1335 1.9500e+01     6.3675      2.624      3.805    18.0267 0.0000e+00
      2.682      0.029     0.0598      0.621     46.447  39.896131    28.2600     0.8217     0.1704     6.1335 1.8707e+01     6.5639      2.631      3.816    18.0121 0.0000e+00
      2.690      0.029     0.0596      0.622     46.458  39.895646    28.2600     0.8332     0.1704     6.1335 1.8079e+01     6.5639      2.638      3.826    17.9966 0.0000e+00
      2.697      0.030     0.0593      0.624     46.455  39.888946    28.2600     0.8065     0.1704     6.1335 1.7911e+01     6.5790      2.645      3.837    17.9789 0.0000e+00
      2.705      0.030     0.0590      0.627     46.447  39.874246    28.8900     0.8255     0.1278     4.9068 1.7982e+01     6.6092      2.653      3.848    17.9601 0.0000e+00
      2.713      0.031     0.0589      0.627     46.451  39.855597    28.8900     0.8141     0.1278     4.9068 1.8119e+01     6.5488      2.660      3.859    17.9436 0.0000e+00
      2.721      0.032     0.0590      0.626     46.437  39.804115    28.8900     0.8293     0.1278     4.9068 1.8253e+01     6.6243      2.668      3.870    17.9334 0.0000e+00
      2.729      0.033     0.0592      0.623     46.377  39.700091    28.8900     0.8217     0.1278     4.9068 1.8182e+01     6.7150      2.676      3.881    17.9284 0.0000e+00
