Data/DataNotYetUploadedToEDI/Raw_CTD/RawDownloads/070126_ccr10_S8188005.cnv
* Sea-Bird SBE19plus  Data File:
* FileName = C:\R\Reservoirs\Data\DataNotYetUploadedToEDI\Raw_CTD\RawDownloads\070126_ccr10_S8188_0005.hex
* Software version 2.8.0.119
* Temperature SN = 8188
* Conductivity SN = 8188
* System UpLoad Time = Jul 02 2026 16:07:37
* <ApplicationData>
* <Seaterm232>
# nquan = 16
# nvalues = 794                         
# units = specified
# name 0 = depFM: Depth [fresh water, m]
# name 1 = dz/dtM: Descent Rate [m/s]
# name 2 = sbeox0Mg/L: Oxygen, SBE 43 [mg/l]
# name 3 = sbeox0PS: Oxygen, SBE 43 [% saturation]
# name 4 = specc: Specific Conductance [uS/cm]
# name 5 = c0uS/cm: Conductivity [uS/cm]
# name 6 = wetCDOM: Fluorescence, WET Labs CDOM [mg/m^3]
# name 7 = flECO-AFL: Fluorescence, WET Labs ECO-AFL/FL [mg/m^3]
# name 8 = flECO-AFL1: Fluorescence, WET Labs ECO-AFL/FL, 2 [mg/m^3]
# name 9 = flECO-AFL2: Fluorescence, WET Labs ECO-AFL/FL, 3 [mg/m^3]
# name 10 = par/sat/log: PAR/Logarithmic, Satlantic
# name 11 = turbWETntu0: Turbidity, WET Labs ECO [NTU]
# name 12 = prdM: Pressure, Strain Gauge [db]
# name 13 = prdE: Pressure, Strain Gauge [psi]
# name 14 = tv290C: Temperature [ITS-90, deg C]
# name 15 = flag:  0.000e+00
# span 0 =     -0.430,      0.373       
# span 1 =     -0.163,      0.211       
# span 2 =     4.2423,     7.4736       
# span 3 =     54.649,     97.740       
# span 4 =   -393.850,    156.257       
# span 5 =-421.158274, 167.022743       
# span 6 =    -5.3100,    16.0200       
# span 7 =    -2.7489,   245.1606       
# span 8 =    -2.1300,     1.4058       
# span 9 =    -9.0099,     1.5651       
# span 10 = 5.3307e+01, 2.1877e+03      
# span 11 =   -12.4551,   971.0945      
# span 12 =     -0.421,      0.366      
# span 13 =     -0.611,      0.531      
# span 14 =    26.4543,    29.3296      
# span 15 = 0.0000e+00, 0.0000e+00      
# interval = seconds: 0.25
# start_time = Jul 02 2026 12:17:56 [Instrument's time stamp, header]
# bad_flag = -9.990e-29
*END*
[from data line 91]
      0.322     -0.001     7.2426     93.375    155.443 166.418558    12.5100     0.9743     0.1278     0.3807 1.1824e+02    10.4160      0.316      0.458    28.5209 0.0000e+00
      0.321      0.000     7.2420     93.368    155.444 166.415360    12.5100     1.0659     0.1278     0.3807 1.1544e+02     9.4039      0.315      0.457    28.5214 0.0000e+00
      0.321      0.000     7.2409     93.363    155.415 166.381954    12.4200     1.0735     0.1704     0.2961 1.1562e+02     9.4643      0.315      0.457    28.5226 0.0000e+00
      0.322      0.001     7.2396     93.362    155.401 166.363560    12.4200     1.0735     0.1704     0.2961 1.1539e+02     9.3435      0.316      0.457    28.5238 0.0000e+00
      0.322      0.001     7.2388     93.366    155.409 166.363293    12.4200     1.0926     0.1704     0.2961 1.1286e+02     9.4492      0.316      0.458    28.5236 0.0000e+00
      0.322      0.002     7.2384     93.375    155.403 166.344996    12.4200     1.2680     0.1704     0.2961 1.1492e+02    10.2952      0.316      0.458    28.5223 0.0000e+00
      0.323      0.002     7.2382     93.385    155.354 166.279729    12.4200     1.2757     0.1704     0.2961 1.1220e+02    10.3556      0.317      0.459    28.5214 0.0000e+00
      0.323      0.002     7.2382     93.390    155.264 166.178154    12.6000     1.2795     0.1278     0.4230 1.1189e+02    10.3405      0.317      0.460    28.5202 0.0000e+00
      0.324      0.002     7.2389     93.393    155.161 166.075332    12.6000     1.2566     0.1278     0.4230 1.1203e+02    10.2952      0.318      0.461    28.5176 0.0000e+00
      0.324      0.003     7.2402     93.395    155.065 165.991959    12.6000     1.4511     0.1278     0.4230 1.1034e+02    11.1109      0.318      0.462    28.5135 0.0000e+00
      0.325      0.003     7.2414     93.398    154.975 165.923845    12.6000     1.4359     0.1278     0.4230 1.0948e+02    11.1109      0.319      0.462    28.5095 0.0000e+00
      0.326      0.003     7.2420     93.408    154.891 165.864857    12.3300     1.4511     0.1278     0.3807 1.0806e+02    11.0505      0.320      0.463    28.5078 0.0000e+00
      0.326      0.003     7.2419     93.425    154.815 165.815307    12.3300     1.4588     0.1278     0.3807 1.0627e+02    11.1411      0.320      0.465    28.5101 0.0000e+00
      0.327      0.004     7.2413     93.449    154.748 165.774010    12.3300     1.5732     0.1278     0.3807 1.0697e+02    12.5007      0.321      0.466    28.5166 0.0000e+00
      0.328      0.004     7.2404     93.477    154.685 165.737975    12.3300     1.5541     0.1278     0.3807 1.0387e+02    12.4554      0.322      0.467    28.5257 0.0000e+00
      0.330      0.005     7.2398     93.510    154.634 165.713630    12.5100     1.5694     0.1704     0.4230 1.0494e+02    12.4856      0.323      0.469    28.5357 0.0000e+00
      0.331      0.005     7.2399     93.544    154.601 165.710524    12.5100     1.5618     0.1704     0.4230 1.0410e+02    12.5914      0.325      0.471    28.5459 0.0000e+00
      0.333      0.005     7.2405     93.574    154.590 165.727830    12.5100     1.9051     0.1704     0.4230 1.0424e+02    15.2048      0.326      0.473    28.5559 0.0000e+00
      0.334      0.005     7.2414     93.598    154.592 165.754126    12.5100     1.9432     0.1704     0.4230 1.0736e+02    15.1292      0.328      0.475    28.5658 0.0000e+00
      0.336      0.005     7.2427     93.617    154.589 165.768361    12.6000     1.9356     0.1278     0.3807 1.0720e+02    15.0990      0.329      0.477    28.5758 0.0000e+00
      0.337      0.005     7.2440     93.629    154.572 165.762302    12.6000     1.9204     0.1278     0.3807 1.0590e+02    15.1595      0.331      0.480    28.5860 0.0000e+00
      0.339      0.005     7.2451     93.635    154.550 165.750370    12.6000     2.2866     0.1278     0.3807 1.0830e+02    17.2139      0.332      0.482    28.5955 0.0000e+00
      0.340      0.004     7.2460     93.636    154.526 165.741414    12.6000     2.2942     0.1278     0.3807 1.0597e+02    17.3348      0.333      0.483    28.6033 0.0000e+00
      0.341      0.004     7.2468     93.634    154.503 165.737054    12.6000     2.3056     0.1278     0.3807 1.0451e+02    17.2139      0.334      0.485    28.6088 0.0000e+00
      0.342      0.004     7.2472     93.632    154.492 165.744149    12.5100     2.2866     0.2130     0.2961 1.0547e+02    17.2895      0.335      0.486    28.6127 0.0000e+00
      0.343      0.003     7.2471     93.631    154.495 165.764591    12.5100     2.3171     0.2130     0.2961 1.0324e+02    17.1233      0.336      0.487    28.6169 0.0000e+00
      0.344      0.003     7.2465     93.630    154.514 165.795816    12.5100     2.3591     0.2130     0.2961 1.0197e+02    16.9722      0.337      0.488    28.6222 0.0000e+00
      0.344      0.003     7.2456     93.629    154.546 165.834120    12.5100     2.3858     0.2130     0.2961 1.0268e+02    17.0478      0.337      0.489    28.6286 0.0000e+00
      0.345      0.002     7.2447     93.628    154.579 165.867667    12.5100     2.3781     0.1704     0.1692 1.0208e+02    17.0629      0.338      0.490    28.6350 0.0000e+00
      0.345      0.002     7.2439     93.627    154.596 165.881345    12.5100     2.3552     0.1704     0.1692 1.0414e+02    16.5644      0.339      0.491    28.6403 0.0000e+00
      0.346      0.002     7.2433     93.625    154.596 165.878800    12.5100     2.3591     0.1704     0.1692 1.0153e+02    16.5341      0.339      0.492    28.6438 0.0000e+00
      0.346      0.002     7.2431     93.623    154.591 165.875392    12.5100     2.3629     0.1704     0.1692 1.0048e+02    16.6097      0.340      0.492    28.6452 0.0000e+00
      0.347      0.001     7.2431     93.623    154.583 165.872215    12.4200     2.3934     0.0852     0.3807 9.9889e+01    16.6097      0.340      0.493    28.6447 0.0000e+00
      0.347      0.001     7.2432     93.625    154.572 165.868425    12.4200     2.2370     0.0852     0.3807 9.7763e+01    15.5522      0.340      0.493    28.6433 0.0000e+00
      0.347      0.001     7.2431     93.628    154.568 165.871029    12.4200     2.2675     0.0852     0.3807 9.7170e+01    15.5522      0.340      0.494    28.6424 0.0000e+00
      0.347      0.001     7.2429     93.630    154.577 165.884733    12.4200     2.2294     0.0852     0.3807 9.6434e+01    15.6580      0.341      0.494    28.6429 0.0000e+00
      0.347      0.000     7.2427     93.628    154.595 165.905171    12.4200     2.2179     0.0852     0.3807 9.5226e+01    15.5220      0.341      0.494    28.6448 0.0000e+00
      0.348      0.000     7.2425     93.626    154.612 165.921756    12.5100     2.1912     0.2130     0.5499 9.7360e+01    15.0235      0.341      0.494    28.6473 0.0000e+00
      0.348      0.000     7.2425     93.624    154.628 165.934902    12.5100     2.1607     0.2130     0.5499 9.3301e+01    14.8724      0.341      0.494    28.6496 0.0000e+00
      0.348     -0.001     7.2424     93.617    154.648 165.952123    12.5100     2.1874     0.2130     0.5499 9.6392e+01    14.8875      0.341      0.494    28.6509 0.0000e+00
      0.347     -0.001     7.2422     93.604    154.673 165.974002    12.5100     2.1798     0.2130     0.5499 9.2553e+01    14.9480      0.341      0.494    28.6512 0.0000e+00
      0.347     -0.002     7.2421     93.593    154.698 165.996348    12.5100     1.8555     0.1278     0.3384 9.2694e+01    13.0446      0.340      0.493    28.6506 0.0000e+00
      0.346     -0.002     7.2421     93.583    154.721 166.013092    12.5100     1.8708     0.1278     0.3384 9.2714e+01    12.9690      0.340      0.492    28.6493 0.0000e+00
      0.346     -0.002     7.2418     93.575    154.739 166.022685    12.5100     1.8746     0.1278     0.3384 9.2092e+01    12.9841      0.339      0.492    28.6479 0.0000e+00
      0.345     -0.002     7.2410     93.566    154.747 166.019665    12.5100     1.8593     0.1278     0.3384 9.0702e+01    12.9690      0.339      0.491    28.6465 0.0000e+00
      0.345     -0.002     7.2404     93.555    154.737 165.999216    12.5100     1.5427     0.1704     0.4230 9.0603e+01    11.5792      0.338      0.490    28.6448 0.0000e+00
      0.344     -0.002     7.2399     93.542    154.716 165.973927    12.5100     1.5770     0.1704     0.4230 9.0879e+01    11.5943      0.338      0.490    28.6424 0.0000e+00
      0.343     -0.002     7.2397     93.530    154.700 165.961110    12.5100     1.5503     0.1704     0.4230 9.1315e+01    11.5037      0.337      0.489    28.6390 0.0000e+00
      0.343     -0.002     7.2395     93.523    154.698 165.967373    12.5100     1.5618     0.1704     0.4230 9.0210e+01    11.5037      0.337      0.488    28.6353 0.0000e+00
      0.342     -0.002     7.2390     93.522    154.709 165.984364    12.5100     1.4435     0.1704     0.2115 8.8945e+01    11.4131      0.336      0.487    28.6323 0.0000e+00
      0.342     -0.001     7.2381     93.524    154.726 166.000576    12.5100     1.4168     0.1704     0.2115 8.8271e+01    11.3677      0.336      0.487    28.6314 0.0000e+00
      0.342     -0.001     7.2369     93.528    154.742 166.010309    12.5100     1.4206     0.1704     0.2115 8.8810e+01    11.3073      0.336      0.486    28.6329 0.0000e+00
      0.342     -0.001     7.2360     93.534    154.747 166.008137    12.5100     1.4359     0.1704     0.2115 8.7128e+01    11.3526      0.335      0.486    28.6356 0.0000e+00
      0.342     -0.001     7.2357     93.544    154.737 165.993480    12.5100     1.4206     0.1704     0.2115 8.6393e+01    11.3073      0.335      0.486    28.6373 0.0000e+00
      0.341     -0.001     7.2360     93.554    154.718 165.976463    12.5100     1.4397     0.1278     0.4230 8.6261e+01    11.3224      0.335      0.486    28.6368 0.0000e+00
      0.341     -0.001     7.2366     93.559    154.697 165.964576    12.5100     1.4244     0.1278     0.4230 8.6336e+01    11.3375      0.335      0.485    28.6343 0.0000e+00
      0.341     -0.001     7.2374     93.556    154.675 165.954650    12.5100     1.4359     0.1278     0.4230 8.4922e+01    11.3980      0.334      0.485    28.6316 0.0000e+00
      0.341     -0.001     7.2383     93.550    154.652 165.942035    12.5100     1.4473     0.1278     0.4230 8.6018e+01    11.1109      0.334      0.484    28.6304 0.0000e+00
      0.340     -0.001     7.2389     93.542    154.630 165.929382    12.5100     1.4435     0.1704     0.3807 8.5496e+01    11.0807      0.334      0.484    28.6317 0.0000e+00
      0.340     -0.001     7.2389     93.535    154.616 165.923342    12.5100     1.4359     0.1704     0.3807 8.5403e+01    11.1714      0.334      0.484    28.6351 0.0000e+00
      0.340     -0.001     7.2382     93.530    154.605 165.920298    12.5100     1.4473     0.1704     0.3807 8.4756e+01    11.1260      0.333      0.483    28.6394 0.0000e+00
      0.340     -0.001     7.2372     93.527    154.589 165.913426    12.5100     1.4321     0.1704     0.3807 8.2413e+01    11.3375      0.333      0.483    28.6435 0.0000e+00
      0.340     -0.001     7.2362     93.526    154.567 165.902897    12.5100     1.4397     0.1278     0.2961 8.2898e+01    11.3980      0.333      0.482    28.6467 0.0000e+00
      0.339     -0.001     7.2353     93.525    154.544 165.891919    12.5100     1.4473     0.1278     0.2961 8.2288e+01    11.3375      0.333      0.482    28.6495 0.0000e+00
      0.339     -0.001     7.2345     93.528    154.528 165.889594    12.5100     1.4283     0.1278     0.2961 8.3604e+01    11.3526      0.332      0.482    28.6525 0.0000e+00
      0.339     -0.001     7.2339     93.534    154.524 165.899313    12.5100     1.5007     0.1278     0.2961 8.3622e+01    10.8390      0.332      0.482    28.6560 0.0000e+00
      0.339     -0.000     7.2332     93.538    154.528 165.915648    12.5100     1.4588     0.1278     0.2961 8.2629e+01    10.8088      0.332      0.482    28.6600 0.0000e+00
      0.339     -0.000     7.2326     93.542    154.538 165.934937    12.5100     1.5313     0.1278     0.4230 8.1771e+01    10.8239      0.332      0.482    28.6645 0.0000e+00
      0.339      0.000     7.2323     93.548    154.551 165.952302    12.5100     1.4817     0.1278     0.4230 8.2342e+01    10.7786      0.332      0.481    28.6692 0.0000e+00
      0.339      0.000     7.2321     93.552    154.561 165.964353    12.5100     1.5274     0.1278     0.4230 8.1931e+01    11.6094      0.332      0.481    28.6737 0.0000e+00
      0.338      0.000     7.2319     93.554    154.568 165.972299    12.5100     1.5541     0.1278     0.4230 8.1275e+01    11.5490      0.332      0.481    28.6776 0.0000e+00
      0.338      0.000     7.2319     93.556    154.574 165.980264    12.5100     1.5389     0.1278     0.2115 8.2844e+01    11.5490      0.332      0.481    28.6805 0.0000e+00
      0.338      0.000     7.2322     93.558    154.584 165.992377    12.5100     1.5503     0.1278     0.2115 8.1487e+01    11.5943      0.332      0.481    28.6818 0.0000e+00
      0.338      0.000     7.2325     93.563    154.607 166.015877    12.5100     1.6304     0.1278     0.2115 8.0765e+01    12.5763      0.332      0.481    28.6821 0.0000e+00
      0.338      0.001     7.2326     93.569    154.652 166.057032    12.5100     1.5923     0.1278     0.2115 8.1860e+01    12.4705      0.332      0.481    28.6821 0.0000e+00
      0.339      0.001     7.2327     93.575    154.718 166.112783    12.5100     1.6343     0.1278     0.3384 8.1789e+01    12.5460      0.332      0.481    28.6825 0.0000e+00
      0.339      0.001     7.2328     93.580    154.801 166.175945    12.5100     1.6075     0.1278     0.3384 8.1452e+01    12.6518      0.332      0.482    28.6829 0.0000e+00
      0.339      0.001     7.2332     93.584    154.892 166.239301    12.5100     1.5999     0.1278     0.3384 8.1452e+01    13.0446      0.332      0.482    28.6826 0.0000e+00
      0.339      0.001     7.2340     93.588    154.981 166.295687    12.5100     1.8479     0.1278     0.3384 8.1896e+01    13.7092      0.333      0.483    28.6805 0.0000e+00
      0.340      0.002     7.2351     93.590    155.052 166.332071    12.6000     1.9013     0.2130     0.3807 8.3332e+01    13.7092      0.333      0.483    28.6755 0.0000e+00
      0.340      0.002     7.2365     93.592    155.101 166.350132    12.6000     1.8593     0.2130     0.3807 8.2790e+01    13.7092      0.333      0.484    28.6671 0.0000e+00
      0.341      0.001     7.2382     93.595    155.144 166.366714    12.6000     1.8708     0.2130     0.3807 8.1967e+01    13.6790      0.334      0.484    28.6560 0.0000e+00
      0.341      0.001     7.2401     93.601    155.184 166.386236    12.6000     1.9890     0.2130     0.3807 8.2808e+01    16.1112      0.334      0.485    28.6434 0.0000e+00
      0.341      0.001     7.2419     93.609    155.228 166.413905    12.6000     1.9928     0.2130     0.3807 8.3115e+01    16.1414      0.334      0.485    28.6308 0.0000e+00
      0.342      0.001     7.2435     93.617    155.281 166.453088    12.6000     1.9700     0.1278     0.3807 8.3859e+01    16.0205      0.335      0.485    28.6194 0.0000e+00
      0.342      0.001     7.2449     93.621    155.335 166.494186    12.6000     1.9852     0.1278     0.3807 8.4572e+01    16.1112      0.335      0.486    28.6100 0.0000e+00
      0.342      0.001     7.2463     93.621    155.385 166.532118    12.6000     2.1683     0.1278     0.3807 8.4480e+01    15.7939      0.335      0.486    28.6025 0.0000e+00
      0.342      0.001     7.2478     93.621    155.429 166.566975    12.6000     2.1836     0.1278     0.3807 8.5181e+01    15.8846      0.335      0.486    28.5962 0.0000e+00
      0.342      0.000     7.2491     93.621    155.467 166.596023    12.5100     2.1798     0.1278     0.3807 8.5981e+01    15.8695      0.335      0.486    28.5906 0.0000e+00
