Data/DataNotYetUploadedToEDI/Raw_CTD/RawDownloads/070124_fcr50_S7809001.cnv
* Sea-Bird SBE19plus  Data File:
* FileName = C:\R\Reservoirs\Data\DataNotYetUploadedToEDI\Raw_CTD\RawDownloads\070124_fcr50_S7809_0001.hex
* Software version 2.8.0.119
* Temperature SN = 7809
* Conductivity SN = 7809
* System UpLoad Time = Jul 01 2024 15:46:22
* <ApplicationData>
* <Seaterm232>
# nquan = 15
# nvalues = 2112                        
# units = specified
# name 0 = depFM: Depth [fresh water, m]
# name 1 = dz/dtM: Descent Rate [m/s]
# name 2 = sbeox0Mg/L: Oxygen, SBE 43 [mg/l]
# name 3 = sbeox0PS: Oxygen, SBE 43 [% saturation]
# name 4 = specc: Specific Conductance [uS/cm]
# name 5 = c0uS/cm: Conductivity [uS/cm]
# name 6 = flECO-AFL: Fluorescence, WET Labs ECO-AFL/FL [mg/m^3]
# name 7 = ph: pH
# name 8 = orp: Oxidation Reduction Potential [mV]
# name 9 = par/sat/log: PAR/Logarithmic, Satlantic
# name 10 = turbWETntu0: Turbidity, WET Labs ECO [NTU]
# name 11 = prdM: Pressure, Strain Gauge [db]
# name 12 = prdE: Pressure, Strain Gauge [psi]
# name 13 = tv290C: Temperature [ITS-90, deg C]
# name 14 = flag:  0.000e+00
# span 0 =     -0.623,      9.594       
# span 1 =     -0.305,      0.128       
# span 2 =     0.0113,    11.8737       
# span 3 =      0.405,    148.628       
# span 4 =      0.407,    602.317       
# span 5 =   0.431070, 444.008633       
# span 6 =    -0.4734,   233.6936       
# span 7 =      2.243,     10.570       
# span 8 =  -665.1752,  1238.1713       
# span 9 = 1.2347e-01, 2.5822e+03       
# span 10 =   -11.0855,   851.3504      
# span 11 =     -0.611,      9.409      
# span 12 =     -0.886,     13.646      
# span 13 =    11.6861,    28.0559      
# span 14 = 0.0000e+00, 0.0000e+00      
# interval = seconds: 0.25
# start_time = Jul 01 2024 11:35:39 [Instrument's time stamp, header]
# bad_flag = -9.990e-29
*END*
[from data line 772]
      1.436      0.020     6.1165     75.176     41.830  42.006459     1.2778     10.204   106.1983 1.0008e+01     7.7503      1.407      2.040    25.2027 0.0000e+00
      1.441      0.019     6.1396     75.516     41.855  42.024385     1.2718     10.200   105.7248 9.8348e+00     7.7003      1.415      2.052    25.2265 0.0000e+00
      1.445      0.019     6.1408     75.794     41.901  42.047064     1.2478     10.196   105.2025 9.7128e+00     7.6068      1.419      2.059    25.2163 0.0000e+00
      1.449      0.021     6.1512     75.942     41.956  42.052863     1.2200     10.192   105.3373 9.6218e+00     7.5496      1.420      2.061    25.2030 0.0000e+00
      1.454      0.026     6.1858     75.933     42.027  42.051686     1.1929     10.188   106.4861 9.5211e+00     7.5369      1.426      2.067    25.2081 0.0000e+00
      1.459      0.031     6.2201     75.777     42.129  42.075016     1.1510     10.183   108.1113 9.3630e+00     7.4895      1.429      2.072    25.2088 0.0000e+00
      1.468      0.036     6.2482     75.517     42.245  42.125481     1.0959     10.177   109.2716 9.1166e+00     7.3935      1.437      2.085    25.1923 0.0000e+00
      1.480      0.041     6.2681     75.223     42.344  42.172873     1.0516     10.170   109.7103 8.8262e+00     7.3126      1.453      2.107    25.1402 0.0000e+00
      1.493      0.044     6.2787     74.945     42.419  42.195199     1.0169     10.163   110.0064 8.5567e+00     7.2471      1.466      2.126    25.0306 0.0000e+00
      1.505      0.045     6.2791     74.671     42.470  42.190297     0.9625     10.158   110.4824 8.3117e+00     7.1364      1.476      2.141    24.9064 0.0000e+00
      1.517      0.044     6.2600     74.339     42.498  42.167166     0.8893     10.153   110.7857 8.0702e+00     6.9904      1.487      2.158    24.8337 0.0000e+00
      1.530      0.041     6.2339     73.900     42.516  42.138531     0.8352     10.147   110.4825 7.8467e+00     6.8901      1.501      2.177    24.8023 0.0000e+00
      1.541      0.039     6.2203     73.380     42.522  42.100738     0.8156     10.141   109.5415 7.6684e+00     6.8746      1.513      2.195    24.7418 0.0000e+00
      1.549      0.037     6.2121     72.852     42.487  42.026615     0.8121     10.136   108.3870 7.5244e+00     6.9300      1.519      2.205    24.6531 0.0000e+00
      1.556      0.037     6.1970     72.340     42.390  41.898948     0.8112     10.132   107.5280 7.3766e+00     7.0099      1.525      2.211    24.5962 0.0000e+00
      1.564      0.037     6.1627     71.811     42.271  41.754122     0.8094     10.127   107.2338 7.2022e+00     7.0468      1.533      2.223    24.5581 0.0000e+00
      1.574      0.038     6.1171     71.235     42.189  41.643762     0.8056     10.122   107.5345 7.0062e+00     7.0313      1.544      2.239    24.4961 0.0000e+00
      1.585      0.039     6.0789     70.605     42.141  41.560767     0.8016     10.117   108.0495 6.8129e+00     6.9847      1.555      2.255    24.4374 0.0000e+00
      1.597      0.041     6.0432     69.898     42.116  41.488045     0.7993     10.113   108.2959 6.6513e+00     6.9152      1.567      2.273    24.4137 0.0000e+00
      1.607      0.041     6.0059     69.053     42.132  41.456304     0.8001     10.109   108.5529 6.5238e+00     6.8581      1.577      2.288    24.3846 0.0000e+00
      1.617      0.041     5.9584     67.989     42.188  41.477961     0.7994     10.105   109.6320 6.3996e+00     6.8267      1.583      2.296    24.3505 0.0000e+00
      1.627      0.040     5.9093     66.629     42.239  41.511962     0.7888     10.100   111.8680 6.2627e+00     6.8014      1.594      2.312    24.3246 0.0000e+00
      1.638      0.038     5.8644     64.984     42.263  41.524308     0.7703     10.095   114.5514 6.1315e+00     6.7980      1.609      2.333    24.2546 0.0000e+00
      1.649      0.038     5.8042     63.229     42.273  41.521982     0.7561     10.090   116.5099 6.0235e+00     6.8320      1.619      2.347    24.1711 0.0000e+00
      1.658      0.037     5.7273     61.597     42.287  41.525076     0.7504     10.086   117.4605 5.9340e+00     6.8641      1.628      2.361    24.1329 0.0000e+00
      1.666      0.037     5.6172     60.221     42.322  41.547579     0.7447     10.083   117.9995 5.8450e+00     6.8518      1.634      2.369    24.1329 0.0000e+00
      1.674      0.037     5.4646     59.096     42.395  41.596100     0.7363     10.078   118.5572 5.7478e+00     6.8103      1.639      2.378    24.1272 0.0000e+00
      1.684      0.039     5.3008     58.162     42.511  41.661393     0.7312     10.073   119.0424 5.6552e+00     6.7827      1.652      2.396    24.0980 0.0000e+00
      1.693      0.042     5.1563     57.364     42.655  41.723541     0.7321     10.067   119.1953 5.5695e+00     6.7828      1.661      2.411    24.0885 0.0000e+00
      1.703      0.044     5.0455     56.628     42.793  41.764111     0.7330     10.062   119.1369 5.4695e+00     6.7752      1.667      2.418    24.0880 0.0000e+00
      1.715      0.045     4.9572     55.844     42.895  41.777289     0.7253     10.057   119.2924 5.3540e+00     6.7122      1.679      2.437    24.0745 0.0000e+00
      1.730      0.043     4.8834     54.944     42.959  41.774305     0.7097     10.053   119.8480 5.2521e+00     6.6187      1.698      2.464    24.0317 0.0000e+00
      1.744      0.039     4.8304     53.986     42.994  41.765225     0.6981     10.049   120.6657 5.1844e+00     6.5715      1.713      2.484    23.9193 0.0000e+00
      1.754      0.033     4.7885     53.118     43.011  41.756566     0.7001     10.046   121.5452 5.1483e+00     6.5903      1.722      2.497    23.7798 0.0000e+00
      1.760      0.028     4.7415     52.444     43.023  41.755426     0.7108     10.043   122.3903 5.1293e+00     6.6229      1.727      2.506    23.6701 0.0000e+00
      1.764      0.023     4.6669     51.991     43.028  41.748997     0.7138     10.039   123.0702 5.1173e+00     6.6083      1.731      2.511    23.5965 0.0000e+00
      1.768      0.023     4.5735     51.750     43.013  41.710268     0.7062     10.035   123.3573 5.1100e+00     6.5453      1.735      2.516    23.5525 0.0000e+00
      1.771      0.026     4.4973     51.692     42.985  41.638287     0.7021     10.032   123.4170 5.0923e+00     6.5131      1.736      2.518    23.5234 0.0000e+00
      1.776      0.031     4.4416     51.760     42.970  41.568486     0.7065     10.027   123.8170 5.0369e+00     6.5650      1.739      2.522    23.5144 0.0000e+00
      1.786      0.035     4.4023     51.886     42.980  41.531109     0.7118     10.023   124.6629 4.9391e+00     6.6385      1.747      2.534    23.5222 0.0000e+00
      1.799      0.037     4.3847     52.049     43.000  41.523839     0.7112     10.018   125.3502 4.8357e+00     6.6437      1.765      2.559    23.5074 0.0000e+00
      1.812      0.037     4.3880     52.278     43.015  41.530164     0.7022     10.013   125.3957 4.7685e+00     6.5844      1.783      2.585    23.4421 0.0000e+00
      1.822      0.035     4.4083     52.586     43.010  41.531927     0.6883     10.008   125.1500 4.7340e+00     6.5190      1.790      2.596    23.3502 0.0000e+00
      1.828      0.032     4.4266     52.948     42.995  41.521973     0.6774     10.004   125.2747 4.6981e+00     6.4671      1.792      2.600    23.2885 0.0000e+00
      1.834      0.028     4.4365     53.337     42.995  41.516713     0.6716     10.000   125.8458 4.6446e+00     6.4201      1.797      2.607    23.2634 0.0000e+00
      1.841      0.026     4.4560     53.741     43.009  41.523197     0.6643      9.997   126.4138 4.5876e+00     6.3657      1.806      2.620    23.2520 0.0000e+00
      1.848      0.026     4.4837     54.143     43.006  41.525069     0.6560      9.993   126.5521 4.5451e+00     6.3024      1.813      2.630    23.2771 0.0000e+00
      1.854      0.027     4.5143     54.492     42.981  41.514945     0.6600      9.989   126.3144 4.5110e+00     6.2719      1.817      2.636    23.3041 0.0000e+00
      1.862      0.027     4.5501     54.732     42.951  41.493922     0.6803      9.986   126.1353 4.4684e+00     6.3031      1.824      2.646    23.2762 0.0000e+00
      1.869      0.027     4.5860     54.855     42.934  41.462493     0.7021      9.983   126.2196 4.4202e+00     6.3416      1.835      2.661    23.2464 0.0000e+00
      1.876      0.027     4.6227     54.876     42.953  41.435923     0.7062      9.979   126.4996 4.3778e+00     6.3363      1.840      2.669    23.2657 0.0000e+00
      1.882      0.026     4.6567     54.788     43.018  41.434458     0.6878      9.977   126.8363 4.3367e+00     6.3265      1.843      2.674    23.2971 0.0000e+00
      1.889      0.023     4.6742     54.572     43.092  41.451509     0.6633      9.974   126.9715 4.2932e+00     6.3452      1.852      2.687    23.3121 0.0000e+00
      1.896      0.020     4.6808     54.212     43.122  41.455939     0.6525      9.971   126.8590 4.2614e+00     6.3546      1.862      2.700    23.3129 0.0000e+00
      1.901      0.019     4.6913     53.719     43.096  41.436840     0.6543      9.967   126.7672 4.2512e+00     6.3349      1.866      2.706    23.2538 0.0000e+00
      1.904      0.020     4.6935     53.145     43.063  41.416371     0.6563      9.964   126.7972 4.2510e+00     6.3210      1.867      2.708    23.1429 0.0000e+00
      1.905      0.022     4.6840     52.523     43.078  41.411612     0.6559      9.962   126.9170 4.2440e+00     6.3414      1.868      2.709    23.0557 0.0000e+00
      1.909      0.025     4.6579     51.810     43.158  41.417120     0.6560      9.960   127.2256 4.2217e+00     6.3754      1.869      2.711    23.0317 0.0000e+00
      1.917      0.028     4.6053     50.906     43.258  41.410921     0.6560      9.958   127.6716 4.1838e+00     6.3834      1.875      2.720    23.0614 0.0000e+00
      1.927      0.031     4.5489     49.690     43.310  41.366273     0.6543      9.957   128.0133 4.1385e+00     6.3559      1.889      2.740    23.1057 0.0000e+00
      1.938      0.036     4.4993     48.095     43.296  41.279183     0.6527      9.955   128.2163 4.0997e+00     6.3235      1.905      2.762    23.1209 0.0000e+00
      1.947      0.041     4.4521     46.199     43.273  41.180815     0.6557      9.952   128.5417 4.0673e+00     6.3247      1.912      2.773    23.0228 0.0000e+00
      1.954      0.045     4.3989     44.160     43.300  41.113530     0.6562      9.949   129.2411 4.0227e+00     6.3571      1.914      2.777    22.8318 0.0000e+00
      1.964      0.048     4.3134     42.057     43.374  41.088529     0.6425      9.945   130.1456 3.9586e+00     6.3900      1.920      2.785    22.7112 0.0000e+00
      1.978      0.049     4.1722     39.868     43.454  41.081833     0.6203      9.941   130.7999 3.8902e+00     6.3914      1.937      2.809    22.6820 0.0000e+00
      1.996      0.051     3.9958     37.589     43.526  41.079128     0.6050      9.937   131.1174 3.8327e+00     6.3596      1.961      2.844    22.6069 0.0000e+00
      2.012      0.051     3.8256     35.305     43.598  41.081488     0.6016      9.935   131.4592 3.7920e+00     6.3385      1.979      2.869    22.4660 0.0000e+00
      2.024      0.050     3.6593     33.133     43.642  41.060778     0.6019      9.934   132.1205 3.7622e+00     6.3461      1.985      2.879    22.3412 0.0000e+00
      2.034      0.049     3.4780     31.117     43.612  40.975106     0.5986      9.931   132.9460 3.7298e+00     6.3561      1.991      2.889    22.2529 0.0000e+00
      2.045      0.048     3.2755     29.203     43.546  40.854207     0.5917      9.928   133.5443 3.6933e+00     6.3468      2.006      2.909    22.1850 0.0000e+00
      2.056      0.048     3.0710     27.335     43.529  40.776341     0.5847      9.924   133.8161 3.6573e+00     6.3315      2.017      2.925    22.1085 0.0000e+00
      2.069      0.048     2.8820     25.543     43.549  40.744313     0.5851      9.921   133.9393 3.6176e+00     6.3479      2.026      2.937    22.0238 0.0000e+00
      2.084      0.047     2.7143     23.906     43.518  40.681735     0.5942      9.917   134.1114 3.5782e+00     6.3890      2.045      2.966    21.9726 0.0000e+00
      2.098      0.046     2.5603     22.501     43.392  40.537835     0.5996      9.913   134.4123 3.5538e+00     6.3989      2.062      2.992    21.9183 0.0000e+00
      2.108      0.046     2.3930     21.391     43.237  40.353549     0.5921      9.910   134.7367 3.5417e+00     6.3550      2.068      3.001    21.8216 0.0000e+00
      2.116      0.048     2.2329     20.557     43.149  40.205814     0.5809      9.907   135.0038 3.5198e+00     6.2938      2.073      3.007    21.7511 0.0000e+00
      2.126      0.052     2.0897     19.897     43.138  40.105682     0.5809      9.905   135.2302 3.4743e+00     6.2550      2.081      3.019    21.7256 0.0000e+00
      2.139      0.058     1.9555     19.280     43.142  40.005225     0.5895      9.903   135.4472 3.4117e+00     6.2341      2.096      3.041    21.7192 0.0000e+00
      2.156      0.066     1.8618     18.589     43.085  39.846589     0.5922      9.901   135.7522 3.3473e+00     6.2063      2.113      3.065    21.6924 0.0000e+00
      2.175      0.072     1.8008     17.753     42.932  39.601922     0.5822      9.899   136.1825 3.2891e+00     6.1567      2.131      3.092    21.6008 0.0000e+00
      2.196      0.077     1.7533     16.767     42.762  39.330541     0.5628      9.896   136.6279 3.2327e+00     6.0994      2.154      3.124    21.4921 0.0000e+00
      2.217      0.079     1.7131     15.681     42.696  39.132838     0.5448      9.893   137.0059 3.1734e+00     6.0778      2.175      3.154    21.3645 0.0000e+00
      2.238      0.077     1.6605     14.546     42.740  39.030300     0.5365      9.889   137.2779 3.1152e+00     6.1000      2.193      3.181    21.2183 0.0000e+00
      2.260      0.074     1.5897     13.391     42.801  38.966340     0.5333      9.887   137.3875 3.0689e+00     6.1245      2.217      3.216    21.1227 0.0000e+00
      2.279      0.069     1.5004     12.251     42.821  38.897932     0.5266      9.884   137.4141 3.0380e+00     6.1235      2.240      3.249    21.0221 0.0000e+00
      2.295      0.063     1.4028     11.206     42.806  38.829658     0.5216      9.881   137.5817 3.0093e+00     6.1125      2.251      3.264    20.8313 0.0000e+00
      2.309      0.055     1.3080     10.344     42.786  38.782669     0.5287      9.877   137.9772 2.9744e+00     6.1237      2.262      3.281    20.6239 0.0000e+00
      2.323      0.048     1.2072      9.707     42.782  38.764839     0.5404      9.875   138.3997 2.9441e+00     6.1485      2.280      3.307    20.4848 0.0000e+00
      2.335      0.043     1.0993      9.284     42.790  38.759223     0.5401      9.874   138.5953 2.9261e+00     6.1454      2.294      3.327    20.3905 0.0000e+00
      2.344      0.039     0.9996      9.044     42.779  38.735829     0.5291      9.871   138.6173 2.9127e+00     6.1098      2.300      3.335    20.3256 0.0000e+00
      2.352      0.035     0.9186      8.977     42.773  38.714890     0.5237      9.869   138.6847 2.8938e+00     6.0852      2.305      3.342    20.3037 0.0000e+00
      2.360      0.033     0.8630      9.066     42.840  38.760684     0.5314      9.867   138.7981 2.8678e+00     6.0952      2.314      3.356    20.3056 0.0000e+00
      2.369      0.033     0.8292      9.261     42.945  38.852133     0.5437      9.864   138.8495 2.8443e+00     6.1077      2.325      3.372    20.2882 0.0000e+00
      2.378      0.032     0.8069      9.496     42.985  38.897758     0.5466      9.860   138.8333 2.8275e+00     6.1001      2.331      3.382    20.2670 0.0000e+00
      2.386      0.029     0.8007      9.731     42.961  38.889433     0.5359      9.858   138.8023 2.8105e+00     6.0988      2.337      3.390    20.2605 0.0000e+00
