Data/DataNotYetUploadedToEDI/Raw_CTD/RawDownloads/070126_ccr88_S8188002.cnv
* Sea-Bird SBE19plus  Data File:
* FileName = C:\R\Reservoirs\Data\DataNotYetUploadedToEDI\Raw_CTD\RawDownloads\070126_ccr10_S8188_0002.hex
* Software version 2.8.0.119
* Temperature SN = 8188
* Conductivity SN = 8188
* System UpLoad Time = Jul 02 2026 16:06:17
* <ApplicationData>
* <Seaterm232>
# nquan = 16
# nvalues = 1405                        
# units = specified
# name 0 = depFM: Depth [fresh water, m]
# name 1 = dz/dtM: Descent Rate [m/s]
# name 2 = sbeox0Mg/L: Oxygen, SBE 43 [mg/l]
# name 3 = sbeox0PS: Oxygen, SBE 43 [% saturation]
# name 4 = specc: Specific Conductance [uS/cm]
# name 5 = c0uS/cm: Conductivity [uS/cm]
# name 6 = wetCDOM: Fluorescence, WET Labs CDOM [mg/m^3]
# name 7 = flECO-AFL: Fluorescence, WET Labs ECO-AFL/FL [mg/m^3]
# name 8 = flECO-AFL1: Fluorescence, WET Labs ECO-AFL/FL, 2 [mg/m^3]
# name 9 = flECO-AFL2: Fluorescence, WET Labs ECO-AFL/FL, 3 [mg/m^3]
# name 10 = par/sat/log: PAR/Logarithmic, Satlantic
# name 11 = turbWETntu0: Turbidity, WET Labs ECO [NTU]
# name 12 = prdM: Pressure, Strain Gauge [db]
# name 13 = prdE: Pressure, Strain Gauge [psi]
# name 14 = tv290C: Temperature [ITS-90, deg C]
# name 15 = flag:  0.000e+00
# span 0 =     -0.373,      7.694       
# span 1 =     -0.259,      0.164       
# span 2 =     4.9973,    10.1056       
# span 3 =     53.906,     98.735       
# span 4 =   -497.972,    161.323       
# span 5 =-456.218223, 164.826842       
# span 6 =    -0.0900,    36.8100       
# span 7 =    -0.8568,    25.0759       
# span 8 =    -3.5358,     1.8744       
# span 9 =    -3.7647,     6.0489       
# span 10 = 7.3790e+00, 3.1929e+03      
# span 11 =    -1.3217,   461.0409      
# span 12 =     -0.365,      7.545      
# span 13 =     -0.530,     10.943      
# span 14 =    13.6371,    30.0300      
# span 15 = 0.0000e+00, 0.0000e+00      
# interval = seconds: 0.25
# start_time = Jul 02 2026 10:51:11 [Instrument's time stamp, header]
# bad_flag = -9.990e-29
*END*
[from data line 724]
      2.480      0.060     5.8157     77.978    152.217 163.794366     6.2100     0.2533     0.0426     0.2115 4.8717e+02     0.6724      2.432      3.527    28.8088 0.0000e+00
      2.495      0.062     5.8928     77.878    152.212 163.781040     6.3900     0.2304     0.0852     0.0846 3.8745e+02     0.6875      2.447      3.549    28.8069 0.0000e+00
      2.511      0.062     5.9573     77.509    152.210 163.770767     6.3900     0.2762     0.0852     0.0846 3.8044e+02     1.2766      2.462      3.572    28.8036 0.0000e+00
      2.528      0.062     5.9998     76.907    152.214 163.764815     6.3900     0.2533     0.0852     0.0846 4.1553e+02     1.2011      2.479      3.595    28.7995 0.0000e+00
      2.545      0.061     6.0164     76.125    152.219 163.761596     6.3900     0.2495     0.0852     0.0846 4.0881e+02     1.1860      2.495      3.619    28.7960 0.0000e+00
      2.561      0.059     6.0089     75.243    152.212 163.748224     6.4800     0.2724     0.0426     0.1692 3.7608e+02     1.2313      2.511      3.642    28.7935 0.0000e+00
      2.576      0.056     5.9808     74.324    152.206 163.737169     6.4800     0.2342     0.0426     0.1692 3.9578e+02     0.9141      2.526      3.664    28.7907 0.0000e+00
      2.590      0.053     5.9346     73.387    152.211 163.737510     6.4800     0.2381     0.0426     0.1692 3.8201e+02     0.9443      2.540      3.684    28.7874 0.0000e+00
      2.603      0.049     5.8746     72.426    152.215 163.733303     6.4800     0.2266     0.0426     0.1692 3.9933e+02     0.9443      2.552      3.702    28.7846 0.0000e+00
      2.614      0.046     5.8067     71.439    152.217 163.723426     6.4800     0.2342     0.0426     0.1269 3.7616e+02     0.9443      2.564      3.718    28.7826 0.0000e+00
      2.625      0.042     5.7359     70.450    152.233 163.721280     6.4800     0.2571     0.0426     0.1269 4.0133e+02     0.6422      2.574      3.734    28.7811 0.0000e+00
      2.635      0.039     5.6638     69.515    152.265 163.726293     6.4800     0.2457     0.0426     0.1269 4.1059e+02     0.7630      2.584      3.749    28.7794 0.0000e+00
      2.645      0.036     5.5899     68.696    152.299 163.727773     6.4800     0.2342     0.0426     0.1269 3.9967e+02     0.6724      2.594      3.762    28.7768 0.0000e+00
      2.654      0.034     5.5141     68.026    152.319 163.722101     6.4800     0.2228     0.0852     0.1692 3.7396e+02     0.6875      2.603      3.775    28.7727 0.0000e+00
      2.662      0.032     5.4384     67.513    152.328 163.719789     6.4800     0.3143     0.0852     0.1692 4.3107e+02     0.6875      2.610      3.786    28.7663 0.0000e+00
      2.670      0.031     5.3671     67.160    152.343 163.732249     6.4800     0.2762     0.0852     0.1692 4.3521e+02     0.7026      2.618      3.797    28.7569 0.0000e+00
      2.677      0.030     5.3049     66.947    152.357 163.742759     6.4800     0.3143     0.0852     0.1692 3.6752e+02     0.7177      2.625      3.807    28.7454 0.0000e+00
      2.684      0.031     5.2540     66.829    152.366 163.742095     6.4800     0.2800     0.0852     0.1692 4.4856e+02     0.7177      2.632      3.817    28.7363 0.0000e+00
      2.692      0.033     5.2148     66.745    152.371 163.734088     6.6600     0.2304     0.0852     0.1692 4.2660e+02     0.7177      2.639      3.828    28.7324 0.0000e+00
      2.700      0.036     5.1876     66.640    152.366 163.712593     6.6600     0.2304     0.0852     0.1692 4.1697e+02     0.6875      2.647      3.839    28.7313 0.0000e+00
      2.709      0.040     5.1713     66.473    152.365 163.691923     6.6600     0.2495     0.0852     0.1692 3.7936e+02     0.6271      2.656      3.853    28.7295 0.0000e+00
      2.720      0.044     5.1625     66.220    152.375 163.678592     6.6600     0.2533     0.0852     0.1692 3.8376e+02     0.6724      2.667      3.868    28.7263 0.0000e+00
      2.732      0.046     5.1564     65.877    152.380 163.657017     6.5700     0.3067     0.0426     0.0846 4.6041e+02     0.7026      2.679      3.885    28.7219 0.0000e+00
      2.745      0.048     5.1488     65.476    152.382 163.629461     6.5700     0.3029     0.0426     0.0846 4.3238e+02     0.7781      2.692      3.904    28.7165 0.0000e+00
      2.758      0.049     5.1365     65.090    152.399 163.616638     6.5700     0.2762     0.0426     0.0846 4.0633e+02     0.6724      2.705      3.923    28.7101 0.0000e+00
      2.771      0.048     5.1176     64.810    152.445 163.631163     6.5700     0.3105     0.0426     0.0846 4.1274e+02     0.6724      2.717      3.941    28.7024 0.0000e+00
      2.784      0.047     5.0919     64.725    152.506 163.652854     6.7500     0.2876     0.0000     0.1269 4.2199e+02     0.4458      2.730      3.959    28.6934 0.0000e+00
      2.795      0.045     5.0618     64.889    152.554 163.651413     6.7500     0.3143     0.0000     0.1269 4.8086e+02     0.4458      2.741      3.975    28.6837 0.0000e+00
      2.806      0.044     5.0328     65.316    152.605 163.642489     6.7500     0.3029     0.0000     0.1269 3.8110e+02     0.4156      2.751      3.991    28.6735 0.0000e+00
      2.817      0.042     5.0122     65.967    152.675 163.647752     6.7500     0.3067     0.0000     0.1269 5.1347e+02     0.3400      2.762      4.006    28.6620 0.0000e+00
      2.827      0.042     5.0069     66.743    152.726 163.644545     6.7500     0.2991     0.0000     0.1269 5.7740e+02     0.5515      2.772      4.021    28.6479 0.0000e+00
      2.838      0.041     5.0212     67.509    152.741 163.632008     6.8400     0.2876     0.0852     0.0846 4.0916e+02     0.5213      2.783      4.036    28.6304 0.0000e+00
      2.848      0.040     5.0561     68.163    152.749 163.634860     6.8400     0.3029     0.0852     0.0846 4.8600e+02     0.5515      2.793      4.051    28.6095 0.0000e+00
      2.858      0.038     5.1085     68.653    152.762 163.649856     6.8400     0.2876     0.0852     0.0846 4.4429e+02     0.3854      2.803      4.065    28.5866 0.0000e+00
      2.868      0.036     5.1703     68.949    152.772 163.656942     6.8400     0.2991     0.0852     0.0846 4.0810e+02     0.2192      2.813      4.080    28.5677 0.0000e+00
      2.877      0.034     5.2305     69.032    152.773 163.649989     6.8400     0.2991     0.0426     0.2115 3.8745e+02     0.1286      2.822      4.093    28.5583 0.0000e+00
      2.886      0.032     5.2813     68.919    152.781 163.643180     6.8400     0.3296     0.0426     0.2115 4.4121e+02     0.1286      2.830      4.104    28.5565 0.0000e+00
      2.893      0.030     5.3192     68.677    152.799 163.638707     6.8400     0.3029     0.0426     0.2115 5.5561e+02     0.2041      2.837      4.115    28.5567 0.0000e+00
      2.900      0.028     5.3422     68.395    152.818 163.623351     6.8400     0.3563     0.0426     0.2115 4.1014e+02     0.1437      2.844      4.125    28.5557 0.0000e+00
      2.907      0.027     5.3489     68.133    152.845 163.605040     6.8400     0.3525     0.0000     0.0846 3.8998e+02     0.2192      2.851      4.135    28.5530 0.0000e+00
      2.914      0.026     5.3406     67.897    152.882 163.594926     6.8400     0.3754     0.0000     0.0846 4.0819e+02     0.1134      2.858      4.144    28.5481 0.0000e+00
      2.920      0.026     5.3226     67.664    152.918 163.586298     6.8400     0.3563     0.0000     0.0846 4.8918e+02     0.1134      2.863      4.153    28.5403 0.0000e+00
      2.926      0.026     5.3019     67.430    152.947 163.576853     6.8400     0.3716     0.0000     0.0846 3.6307e+02     0.1588      2.869      4.161    28.5283 0.0000e+00
      2.932      0.028     5.2830     67.206    152.973 163.572088     6.8400     0.3754     0.0000     0.0846 3.6848e+02     0.1739      2.875      4.170    28.5129 0.0000e+00
      2.939      0.031     5.2662     66.983    152.992 163.566722     6.8400     0.3411     0.0426     0.2115 4.4467e+02     0.2041      2.882      4.180    28.4966 0.0000e+00
      2.947      0.035     5.2495     66.724    153.002 163.551306     6.8400     0.3639     0.0426     0.2115 4.7836e+02     0.1437      2.890      4.191    28.4814 0.0000e+00
      2.956      0.041     5.2326     66.406    153.004 163.521728     6.8400     0.3601     0.0426     0.2115 3.5938e+02     0.4911      2.898      4.204    28.4683 0.0000e+00
      2.966      0.046     5.2162     66.049    152.997 163.474110     6.8400     0.3639     0.0426     0.2115 4.0881e+02     0.4458      2.909      4.219    28.4577 0.0000e+00
      2.979      0.051     5.1997     65.710    152.999 163.425818     6.8400     0.3868     0.0426     0.1269 3.9561e+02     0.4760      2.922      4.237    28.4490 0.0000e+00
      2.994      0.057     5.1804     65.437    153.031 163.400055     6.8400     0.3563     0.0426     0.1269 3.4763e+02     0.3552      2.936      4.258    28.4405 0.0000e+00
      3.009      0.061     5.1565     65.244    153.092 163.397965     6.8400     0.3945     0.0426     0.1269 4.0404e+02     0.4609      2.951      4.280    28.4303 0.0000e+00
      3.025      0.066     5.1300     65.131    153.162 163.398943     6.8400     0.3754     0.0426     0.1269 3.8234e+02     0.4156      2.967      4.303    28.4171 0.0000e+00
      3.042      0.070     5.1051     65.080    153.221 163.385203     6.9300     0.3639     0.0000     0.1269 3.5985e+02     0.4156      2.983      4.327    28.4007 0.0000e+00
      3.061      0.073     5.0857     65.059    153.270 163.361097     6.9300     0.3487     0.0000     0.1269 3.7121e+02     0.4156      3.001      4.353    28.3813 0.0000e+00
      3.080      0.075     5.0727     65.059    153.323 163.338233     6.9300     0.3525     0.0000     0.1269 4.7011e+02     0.4609      3.020      4.381    28.3593 0.0000e+00
      3.101      0.076     5.0660     65.112    153.394 163.330555     6.9300     0.3525     0.0000     0.1269 3.6032e+02     0.4156      3.041      4.410    28.3351 0.0000e+00
      3.122      0.074     5.0643     65.263    153.484 163.338016     6.9300     0.3449     0.0426     0.1692 3.4060e+02     0.4458      3.061      4.440    28.3102 0.0000e+00
      3.141      0.072     5.0650     65.551    153.582 163.348572     6.9300     0.3716     0.0426     0.1692 3.5265e+02     0.4307      3.081      4.468    28.2852 0.0000e+00
      3.160      0.068     5.0673     65.989    153.670 163.348995     6.9300     0.3792     0.0426     0.1692 3.5643e+02     0.4458      3.098      4.494    28.2593 0.0000e+00
      3.176      0.064     5.0738     66.554    153.735 163.335383     6.9300     0.4440     0.0426     0.1692 3.3241e+02     0.4458      3.114      4.517    28.2320 0.0000e+00
      3.191      0.061     5.0882     67.199    153.773 163.314124     6.9300     0.4288     0.0426     0.1692 3.8568e+02     0.5062      3.129      4.538    28.2033 0.0000e+00
      3.205      0.059     5.1134     67.877    153.779 163.281549     6.7500     0.4135     0.0426     0.0846 3.4680e+02     0.5213      3.143      4.558    28.1731 0.0000e+00
      3.219      0.058     5.1504     68.540    153.760 163.236989     6.7500     0.4288     0.0426     0.0846 3.4432e+02     0.5062      3.157      4.578    28.1425 0.0000e+00
      3.233      0.059     5.1969     69.159    153.743 163.196626     6.7500     0.5242     0.0426     0.0846 3.3176e+02     0.8083      3.171      4.599    28.1157 0.0000e+00
      3.248      0.060     5.2491     69.713    153.745 163.171746     6.7500     0.4936     0.0426     0.0846 3.4567e+02     0.7177      3.185      4.620    28.0957 0.0000e+00
      3.263      0.062     5.3032     70.163    153.755 163.141682     6.8400     0.4822     0.0426     0.1269 3.1959e+02     0.7630      3.200      4.642    28.0831 0.0000e+00
      3.279      0.064     5.3558     70.478    153.757 163.084386     6.8400     0.4708     0.0426     0.1269 3.1669e+02     0.6875      3.216      4.665    28.0749 0.0000e+00
      3.296      0.066     5.4048     70.683    153.773 163.026669     6.8400     0.5165     0.0426     0.1269 3.4952e+02     1.1558      3.232      4.688    28.0677 0.0000e+00
      3.313      0.069     5.4489     70.858    153.807 162.995227     6.8400     0.5165     0.0426     0.1269 3.1436e+02     1.1709      3.249      4.713    28.0591 0.0000e+00
      3.331      0.071     5.4854     71.046    153.812 162.969639     7.2000     0.5356     0.0426     0.1692 3.1110e+02     1.2918      3.267      4.738    28.0460 0.0000e+00
      3.350      0.073     5.5119     71.228    153.774 162.939071     7.2000     0.5280     0.0426     0.1692 3.4854e+02     1.2313      3.285      4.764    28.0265 0.0000e+00
      3.369      0.073     5.5303     71.391    153.731 162.919430     7.2000     0.5966     0.0426     0.1692 3.0587e+02     1.0954      3.304      4.792    28.0022 0.0000e+00
      3.389      0.072     5.5461     71.558    153.692 162.901475     7.2000     0.5699     0.0426     0.1692 2.9793e+02     1.2162      3.323      4.820    27.9803 0.0000e+00
      3.408      0.070     5.5618     71.732    153.636 162.856364     7.2000     0.5738     0.0426     0.1692 3.0700e+02     1.2918      3.342      4.848    27.9703 0.0000e+00
      3.426      0.068     5.5757     71.887    153.582 162.802136     7.1100     0.5928     0.0426     0.2115 3.0713e+02     1.1709      3.360      4.873    27.9734 0.0000e+00
      3.442      0.065     5.5876     71.988    153.558 162.770434     7.1100     0.6958     0.0426     0.2115 3.0256e+02     1.1256      3.376      4.896    27.9820 0.0000e+00
      3.458      0.062     5.5999     72.012    153.544 162.738772     7.1100     0.7225     0.0426     0.2115 2.9115e+02     1.1105      3.391      4.918    27.9894 0.0000e+00
      3.472      0.060     5.6131     71.973    153.521 162.690688     7.1100     0.7340     0.0426     0.2115 2.9548e+02     1.1709      3.405      4.939    27.9939 0.0000e+00
      3.487      0.059     5.6251     71.913    153.501 162.641420     7.2000     0.7149     0.0426     0.0846 2.9877e+02     1.1860      3.420      4.960    27.9952 0.0000e+00
      3.501      0.059     5.6333     71.841    153.498 162.599877     7.2000     0.7073     0.0426     0.0846 2.9638e+02     1.1558      3.434      4.980    27.9930 0.0000e+00
      3.516      0.060     5.6357     71.718    153.534 162.579036     7.2000     0.7149     0.0426     0.0846 2.9471e+02     1.2313      3.448      5.001    27.9876 0.0000e+00
      3.531      0.062     5.6334     71.507    153.602 162.567323     7.2000     0.6806     0.0426     0.0846 2.9254e+02     1.2011      3.463      5.022    27.9800 0.0000e+00
      3.547      0.064     5.6296     71.209    153.675 162.539561     7.3800     0.7492     0.0852     0.1269 2.9554e+02     1.1407      3.478      5.045    27.9706 0.0000e+00
      3.564      0.066     5.6252     70.870    153.747 162.502372     7.3800     0.7912     0.0852     0.1269 2.9690e+02     1.1407      3.495      5.069    27.9580 0.0000e+00
      3.581      0.067     5.6175     70.557    153.796 162.447834     7.3800     0.7988     0.0852     0.1269 2.8863e+02     1.0954      3.512      5.093    27.9390 0.0000e+00
      3.599      0.068     5.6036     70.328    153.817 162.381442     7.3800     0.7988     0.0852     0.1269 2.8458e+02     1.2313      3.529      5.119    27.9118 0.0000e+00
      3.617      0.068     5.5836     70.254    153.845 162.337602     7.5600     0.7874     0.0426     0.1269 2.8126e+02     1.1256      3.546      5.144    27.8777 0.0000e+00
      3.634      0.067     5.5607     70.391    153.875 162.304621     7.5600     0.8332     0.0426     0.1269 2.8919e+02     0.8386      3.564      5.169    27.8407 0.0000e+00
      3.651      0.067     5.5396     70.708    153.889 162.261676     7.5600     0.8484     0.0426     0.1269 2.9007e+02     0.9594      3.580      5.193    27.8060 0.0000e+00
