Data/DataNotYetUploadedToEDI/Raw_CTD/RawDownloads/070124_fcr40_S7809005.cnv
* Sea-Bird SBE19plus  Data File:
* FileName = C:\R\Reservoirs\Data\DataNotYetUploadedToEDI\Raw_CTD\RawDownloads\070124_fcr50_S7809_0005.hex
* Software version 2.8.0.119
* Temperature SN = 7809
* Conductivity SN = 7809
* System UpLoad Time = Jul 01 2024 15:48:41
* <ApplicationData>
* <Seaterm232>
# nquan = 15
# nvalues = 1528                        
# units = specified
# name 0 = depFM: Depth [fresh water, m]
# name 1 = dz/dtM: Descent Rate [m/s]
# name 2 = sbeox0Mg/L: Oxygen, SBE 43 [mg/l]
# name 3 = sbeox0PS: Oxygen, SBE 43 [% saturation]
# name 4 = specc: Specific Conductance [uS/cm]
# name 5 = c0uS/cm: Conductivity [uS/cm]
# name 6 = flECO-AFL: Fluorescence, WET Labs ECO-AFL/FL [mg/m^3]
# name 7 = ph: pH
# name 8 = orp: Oxidation Reduction Potential [mV]
# name 9 = par/sat/log: PAR/Logarithmic, Satlantic
# name 10 = turbWETntu0: Turbidity, WET Labs ECO [NTU]
# name 11 = prdM: Pressure, Strain Gauge [db]
# name 12 = prdE: Pressure, Strain Gauge [psi]
# name 13 = tv290C: Temperature [ITS-90, deg C]
# name 14 = flag:  0.000e+00
# span 0 =     -0.632,      6.043       
# span 1 =     -0.381,      0.174       
# span 2 =     0.1132,    12.5424       
# span 3 =      1.338,    156.592       
# span 4 =      1.441,     64.322       
# span 5 =   1.344578,  52.568842       
# span 6 =    -1.3655,     4.5884       
# span 7 =      9.605,     10.951       
# span 8 =   -81.3328,   120.9334       
# span 9 = 1.2362e-01, 2.7074e+03       
# span 10 =    -0.3488,   230.4896      
# span 11 =     -0.622,      5.926      
# span 12 =     -0.899,      8.595      
# span 13 =    11.6816,    27.3176      
# span 14 = 0.0000e+00, 0.0000e+00      
# interval = seconds: 0.25
# start_time = Jul 01 2024 12:50:56 [Instrument's time stamp, header]
# bad_flag = -9.990e-29
*END*
[from data line 1350]
      4.881     -0.191     7.2655     65.489     51.883  38.526138     0.6064      9.894    87.9939 1.6787e-01    24.6598      4.776      6.929    12.0947 0.0000e+00
      4.836     -0.171     7.2029     65.054     51.878  38.521041     0.6318      9.894    88.4452 1.9213e-01    24.4499      4.736      6.870    12.1096 0.0000e+00
      4.799     -0.150     7.1414     64.634     51.877  38.518371     0.6760      9.893    88.9590 2.1911e-01    24.2191      4.705      6.822    12.1202 0.0000e+00
      4.766     -0.133     7.0805     64.239     51.865  38.507463     0.7135      9.892    89.6581 2.4808e-01    24.1053      4.671      6.775    12.1259 0.0000e+00
      4.736     -0.126     7.0345     63.891     51.860  38.500186     0.7237      9.892    90.5621 2.7928e-01    24.1400      4.641      6.731    12.1268 0.0000e+00
      4.710     -0.130     6.9908     63.614     51.858  38.494364     0.7028      9.891    91.4649 3.0961e-01    24.2906      4.617      6.696    12.1243 0.0000e+00
      4.683     -0.142     6.9433     63.420     51.818  38.458779     0.6688      9.890    92.0797 3.4246e-01    24.4984      4.598      6.669    12.1219 0.0000e+00
      4.650     -0.159     6.8996     63.301     51.736  38.390968     0.6529      9.889    92.3929 3.9352e-01    24.6653      4.572      6.631    12.1200 0.0000e+00
      4.606     -0.178     6.8615     63.244     51.666  38.328818     0.6607      9.888    92.6479 4.7351e-01    24.7273      4.526      6.565    12.1174 0.0000e+00
      4.551     -0.193     6.8296     63.250     51.641  38.297781     0.6676      9.886    92.9980 5.7620e-01    24.6802      4.466      6.478    12.1119 0.0000e+00
      4.493     -0.201     6.8103     63.323     51.641  38.285172     0.6599      9.886    93.4196 6.8738e-01    24.5740      4.404      6.386    12.1074 0.0000e+00
      4.436     -0.200     6.8027     63.445     51.633  38.267185     0.6487      9.886    93.8751 7.9786e-01    24.4969      4.348      6.305    12.1031 0.0000e+00
      4.383     -0.189     6.7955     63.608     51.613  38.241207     0.6482      9.885    94.3696 8.9850e-01    24.4730      4.295      6.228    12.0927 0.0000e+00
      4.333     -0.170     6.7964     63.820     51.603  38.222723     0.6595      9.885    94.9470 9.7313e-01    24.4464      4.245      6.156    12.0781 0.0000e+00
      4.291     -0.146     6.8110     64.084     51.619  38.222059     0.6704      9.884    95.6991 1.0141e+00    24.3785      4.203      6.095    12.0637 0.0000e+00
      4.256     -0.121     6.8263     64.384     51.644  38.229152     0.6690      9.883    96.6753 1.0332e+00    24.2842      4.168      6.046    12.0526 0.0000e+00
      4.231     -0.101     6.8430     64.706     51.654  38.229774     0.6596      9.882    97.8278 1.0464e+00    24.2061      4.144      6.010    12.0441 0.0000e+00
      4.212     -0.094     6.8666     65.037     51.649  38.226087     0.6581      9.881    99.0053 1.0575e+00    24.1671      4.127      5.986    12.0351 0.0000e+00
      4.200     -0.102     6.8995     65.341     51.641  38.224614     0.6642      9.879    99.9177 1.0678e+00    24.1383      4.115      5.968    12.0214 0.0000e+00
      4.187     -0.124     6.9365     65.579     51.632  38.226908     0.6610      9.878   100.4034 1.0902e+00    24.0934      4.111      5.963    12.0037 0.0000e+00
      4.162     -0.153     6.9701     65.733     51.626  38.235202     0.6481      9.877   100.6934 1.1341e+00    24.0419      4.103      5.952    11.9972 0.0000e+00
      4.115     -0.180     7.0091     65.801     51.623  38.247554     0.6400      9.875   101.0663 1.1942e+00    23.9632      4.054      5.880    12.0025 0.0000e+00
      4.047     -0.196     7.0469     65.779     51.616  38.258047     0.6358      9.873   101.5151 1.2627e+00    23.8007      3.970      5.759    12.0048 0.0000e+00
      3.975     -0.201     7.0713     65.679     51.626  38.282069     0.6264      9.872   101.8999 1.3277e+00    23.5800      3.889      5.642    12.0104 0.0000e+00
      3.914     -0.193     7.0849     65.517     51.682  38.345532     0.6134      9.870   102.0078 1.3723e+00    23.4043      3.823      5.546    12.0265 0.0000e+00
      3.871     -0.177     7.0906     65.267     51.735  38.412862     0.6089      9.868   101.6694 1.3919e+00    23.3042      3.782      5.485    12.0447 0.0000e+00
      3.842     -0.156     7.0861     64.866     51.691  38.408386     0.6286      9.866   101.0789 1.4050e+00    23.2522      3.769      5.466    12.0558 0.0000e+00
      3.814     -0.136     7.0687     64.242     51.583  38.342824     0.6682      9.865   100.6062 1.4379e+00    23.2636      3.754      5.445    12.0686 0.0000e+00
      3.778     -0.122     7.0494     63.353     51.530  38.300815     0.6998      9.864   100.4040 1.4882e+00    23.3795      3.707      5.378    12.0909 0.0000e+00
      3.739     -0.117     7.0266     62.218     51.579  38.330963     0.7114      9.864   100.3970 1.5271e+00    23.8597      3.655      5.302    12.1161 0.0000e+00
      3.709     -0.119     6.9811     60.945     51.771  38.474686     0.7155      9.864   100.3786 1.5417e+00    25.1450      3.629      5.263    12.1586 0.0000e+00
      3.688     -0.125     6.9140     59.692     52.135  38.758379     0.7223      9.863   100.1598 1.5474e+00    26.9329      3.617      5.246    12.1877 0.0000e+00
      3.667     -0.133     6.8246     58.594     52.479  39.045193     0.7347      9.862    99.7953 1.5691e+00    28.1675      3.606      5.231    12.1595 0.0000e+00
      3.635     -0.142     6.6949     57.724     52.631  39.206726     0.7488      9.859    99.5023 1.6191e+00    28.2377      3.579      5.190    12.1398 0.0000e+00
      3.590     -0.147     6.5407     57.046     52.930  39.478477     0.7523      9.856    99.3262 1.6825e+00    27.1761      3.526      5.114    12.1574 0.0000e+00
      3.538     -0.145     6.3964     56.393     53.816  40.189319     0.7441      9.851    99.1472 1.7360e+00    25.5789      3.465      5.025    12.1554 0.0000e+00
      3.490     -0.135     6.2692     55.550     54.991  41.148064     0.7390      9.845    98.9382 1.7712e+00    24.4276      3.412      4.948    12.1713 0.0000e+00
      3.454     -0.117     6.1655     54.410     55.606  41.731766     0.7537      9.840    98.7738 1.7923e+00    24.0197      3.377      4.899    12.2502 0.0000e+00
      3.433     -0.097     6.0978     52.930     55.301  41.629419     0.7933      9.836    98.6987 1.8028e+00    23.9049      3.360      4.873    12.3100 0.0000e+00
      3.421     -0.082     6.0540     50.893     54.611  41.182107     0.8371      9.832    98.6547 1.8087e+00    23.7991      3.354      4.865    12.3093 0.0000e+00
      3.411     -0.075     5.9676     47.929     54.235  40.894847     0.8579      9.829    98.5499 1.8240e+00    23.7191      3.350      4.861    12.3547 0.0000e+00
      3.396     -0.075     5.8096     43.923     54.237  40.849276     0.8556      9.826    98.4604 1.8555e+00    23.6327      3.338      4.841    12.5134 0.0000e+00
      3.372     -0.084     5.6449     39.354     54.271  40.829393     0.8451      9.823    98.4961 1.8921e+00    23.4318      3.311      4.802    12.6894 0.0000e+00
      3.347     -0.100     5.4656     35.100     54.375  40.882155     0.8320      9.821    98.4228 1.9241e+00    23.1413      3.277      4.755    12.7689 0.0000e+00
      3.322     -0.123     5.1820     31.884     54.812  41.218565     0.8174      9.820    97.8923 1.9550e+00    22.8956      3.256      4.723    12.7299 0.0000e+00
      3.297     -0.150     4.7256     30.008     55.347  41.690142     0.8067      9.819    96.9496 2.0000e+00    22.6827      3.243      4.702    12.6391 0.0000e+00
      3.261     -0.178     4.1491     29.505     55.582  42.011600     0.8087      9.817    95.9111 2.0727e+00    22.0102      3.213      4.658    12.5943 0.0000e+00
      3.211     -0.204     3.6364     30.265     55.540  42.172190     0.8281      9.814    94.9532 2.1653e+00    20.1669      3.160      4.582    12.5857 0.0000e+00
      3.147     -0.223     3.2887     31.934     55.326  42.213623     0.8536      9.810    93.9694 2.2621e+00    17.5698      3.092      4.484    12.5537 0.0000e+00
      3.076     -0.233     3.0898     33.853     54.933  42.120094     0.8686      9.806    92.7528 2.3601e+00    15.5974      3.014      4.372    12.5871 0.0000e+00
      3.006     -0.228     3.0245     35.269     54.486  41.999459     0.8844      9.801    91.2979 2.4565e+00    14.2291      2.940      4.264    12.7615 0.0000e+00
      2.946     -0.209     3.1100     35.651     54.111  41.962610     0.9332      9.795    89.7432 2.5415e+00    12.1031      2.881      4.179    12.9701 0.0000e+00
      2.895     -0.179     3.3316     34.863     53.767  41.990129     1.0124      9.788    88.1332 2.6097e+00     9.2838      2.836      4.114    13.1502 0.0000e+00
      2.852     -0.149     3.5856     33.093     53.396  42.025327     1.0781      9.781    86.4445 2.6604e+00     7.2894      2.790      4.047    13.3255 0.0000e+00
      2.819     -0.127     3.7607     30.585     52.986  41.983936     1.1111      9.776    84.6418 2.6942e+00     6.6654      2.752      3.991    13.5217 0.0000e+00
      2.799     -0.119     3.7914     27.470     52.520  41.781193     1.1370      9.772    82.7737 2.7177e+00     6.8187      2.737      3.970    13.7485 0.0000e+00
      2.785     -0.124     3.6632     23.867     52.030  41.477332     1.1681      9.768    81.0559 2.7462e+00     7.2045      2.737      3.970    13.9954 0.0000e+00
      2.764     -0.140     3.4274     20.075     51.610  41.239766     1.1917      9.763    79.5965 2.7966e+00     7.5052      2.726      3.954    14.3619 0.0000e+00
      2.726     -0.164     3.1409     16.535     51.242  41.081754     1.2003      9.758    78.2066 2.8768e+00     7.6303      2.687      3.898    14.7495 0.0000e+00
      2.672     -0.191     2.8209     13.586     50.741  40.829893     1.1910      9.753    76.6389 2.9791e+00     7.6877      2.624      3.807    14.8601 0.0000e+00
      2.610     -0.212     2.4389     11.338     50.105  40.508397     1.1709      9.748    74.8778 3.0871e+00     7.7527      2.555      3.706    14.8004 0.0000e+00
      2.548     -0.218     2.0044      9.732     49.655  40.389378     1.1595      9.740    73.1530 3.1970e+00     7.8305      2.496      3.621    14.8893 0.0000e+00
      2.487     -0.207     1.6125      8.627     49.526  40.486753     1.1685      9.733    71.6892 3.3131e+00     8.0095      2.442      3.543    15.1213 0.0000e+00
      2.427     -0.183     1.3114      7.849     49.517  40.545607     1.1993      9.728    70.4835 3.4234e+00     8.4569      2.374      3.443    15.2224 0.0000e+00
      2.376     -0.157     1.0891      7.244     49.469  40.482975     1.2390      9.725    69.3725 3.5012e+00     9.0807      2.311      3.353    15.2955 0.0000e+00
      2.344     -0.135     0.9319      6.753     49.333  40.361289     1.2666      9.723    68.3026 3.5389e+00     9.5430      2.283      3.314    15.6935 0.0000e+00
      2.326     -0.122     0.8276      6.429     49.079  40.209312     1.2776      9.722    67.2495 3.5644e+00     9.7123      2.281      3.310    16.0601 0.0000e+00
      2.310     -0.118     0.7654      6.353     48.756  40.072521     1.2811      9.721    66.0039 3.6100e+00     9.6706      2.276      3.302    16.0036 0.0000e+00
      2.285     -0.123     0.7147      6.531     48.432  39.985289     1.2829      9.718    64.4924 3.6832e+00     9.4752      2.252      3.266    15.8646 0.0000e+00
      2.250     -0.135     0.6574      6.882     48.111  39.927729     1.2820      9.716    62.9052 3.7747e+00     9.2274      2.210      3.206    15.8573 0.0000e+00
      2.207     -0.150     0.6155      7.281     47.790  39.892049     1.2818      9.713    61.3980 3.8781e+00     9.0498      2.164      3.138    15.8986 0.0000e+00
      2.163     -0.159     0.6065      7.617     47.481  39.880177     1.2878      9.708    60.1445 3.9952e+00     8.8054      2.120      3.075    16.0467 0.0000e+00
      2.119     -0.159     0.6272      7.830     47.192  39.855895     1.2932      9.704    59.3628 4.1284e+00     8.1843      2.078      3.014    16.2799 0.0000e+00
      2.076     -0.151     0.6699      7.909     46.915  39.776216     1.2882      9.700    58.9434 4.2726e+00     7.2873      2.036      2.952    16.4705 0.0000e+00
      2.034     -0.136     0.7146      7.878     46.646  39.660143     1.2753      9.696    58.4831 4.4162e+00     6.6173      1.991      2.887    16.7044 0.0000e+00
      1.998     -0.120     0.7451      7.793     46.414  39.594217     1.2565      9.694    57.8272 4.5457e+00     6.3470      1.951      2.831    17.0145 0.0000e+00
      1.972     -0.107     0.7619      7.707     46.298  39.647396     1.2213      9.692    57.1072 4.6571e+00     6.2322      1.927      2.795    17.2896 0.0000e+00
      1.954     -0.100     0.7654      7.632     46.365  39.792889     1.1695      9.691    56.4291 4.7647e+00     6.1071      1.914      2.774    17.4616 0.0000e+00
      1.937     -0.100     0.7580      7.548     46.538  39.928016     1.1195      9.691    55.9116 4.9026e+00     5.9831      1.904      2.761    17.4638 0.0000e+00
      1.917     -0.110     0.7420      7.455     46.621  39.972616     1.0771      9.691    55.6059 5.0985e+00     5.8912      1.887      2.735    17.5669 0.0000e+00
      1.890     -0.127     0.7291      7.396     46.482  39.937031     1.0313      9.691    55.3951 5.3576e+00     5.8293      1.858      2.695    17.8947 0.0000e+00
      1.854     -0.147     0.7237      7.444     46.147  39.886382     0.9841      9.690    55.2574 5.6857e+00     5.7810      1.826      2.648    18.0566 0.0000e+00
      1.810     -0.164     0.7172      7.687     45.737  39.881956     0.9480      9.687    55.2799 6.0945e+00     5.7270      1.779      2.580    17.9094 0.0000e+00
      1.760     -0.178     0.7087      8.202     45.345  39.941780     0.9100      9.682    55.5162 6.5955e+00     5.5525      1.725      2.503    17.7412 0.0000e+00
      1.710     -0.186     0.6957      9.051     44.937  40.008689     0.8394      9.676    56.0878 7.1969e+00     5.0978      1.675      2.429    17.8114 0.0000e+00
      1.662     -0.186     0.6900     10.313     44.483  40.019773     0.7502      9.668    57.0719 7.9258e+00     4.4903      1.628      2.360    18.1160 0.0000e+00
      1.615     -0.178     0.7006     12.137     44.127  40.006731     0.6913      9.659    58.2317 8.8421e+00     4.0559      1.587      2.303    18.5944 0.0000e+00
      1.566     -0.166     0.7387     14.697     44.006  40.039361     0.6689      9.652    59.2157 9.8942e+00     3.8620      1.537      2.230    19.0278 0.0000e+00
      1.520     -0.155     0.8079     17.973     44.051  40.116634     0.6613      9.646    59.9812 1.0853e+01     3.8149      1.481      2.146    19.4573 0.0000e+00
      1.484     -0.145     0.9032     21.558     44.114  40.190138     0.6728      9.641    60.6270 1.1598e+01     3.9214      1.444      2.095    20.0943 0.0000e+00
      1.456     -0.137     1.0433     24.873     44.149  40.253395     0.7070      9.637    60.9397 1.2354e+01     4.1255      1.429      2.073    20.5328 0.0000e+00
      1.428     -0.134     1.2605     27.589     44.188  40.351481     0.7405      9.635    60.6208 1.3398e+01     4.2571      1.408      2.044    20.5684 0.0000e+00
      1.395     -0.138     1.5891     29.699     44.176  40.499400     0.7564      9.633    59.8875 1.4675e+01     4.2591      1.368      1.985    20.5085 0.0000e+00
      1.360     -0.148     1.9700     31.332     43.961  40.636749     0.7663      9.628    59.2721 1.6065e+01     4.2297      1.331      1.928    20.5285 0.0000e+00
      1.323     -0.157     2.2842     32.771     43.532  40.717065     0.7842      9.621    58.7246 1.7823e+01     4.2531      1.304      1.890    20.5837 0.0000e+00
